12.9984397888,80.2570495605,11,1202,1191
12.9981098175,80.2571334839,1202,1243,41
12.998290062,80.2570800781,1243,19008,17765
12.9982995987,80.2569503784,19008,19188,180
12.9982795715,80.256980896,19188,19543,355
12.9982795715,80.256980896,19543,19553,10
12.9983701706,80.2567214966,19553,19563,10
12.9982795715,80.2564620972,19563,19573,10
12.9979801178,80.2564163208,19573,19583,10
12.9977397919,80.2562713623,19583,19634,51
12.9977397919,80.2562713623,19634,19644,10
12.9976396561,80.2559661865,19644,19997,353
12.9976396561,80.2559661865,19997,20007,10
12.997420311,80.2559127808,20007,20017,10
12.9972000122,80.2558898926,20017,20027,10
12.9968299866,80.2558898926,20027,20037,10
12.9963998795,80.2559204102,20037,20047,10
12.9956197739,80.2559127808,20047,20058,11
12.9947900772,80.2559280396,20058,20068,10
12.9940395355,80.2560119629,20068,20078,10
12.9931201935,80.2560806274,20078,20088,10
12.9920301437,80.2560806274,20088,20098,10
12.9909801483,80.2560424805,20098,20108,10
12.9899301529,80.2559967041,20108,20118,10
12.9888601303,80.2559432983,20118,20128,10
12.9878902435,80.2558135986,20128,20138,10
12.9873399734,80.2557067871,20138,20148,10
12.986530304,80.255569458,20148,20158,10
12.9856500626,80.2553863525,20158,20169,11
12.9844903946,80.2551422119,20169,20179,10
12.9835300446,80.2548828125,20179,20189,10
12.9826698303,80.2546463013,20189,20199,10
12.982000351,80.2540588379,20199,20209,10
12.981760025,80.2531509399,20209,20219,10
12.981089592,80.2527923584,20219,20229,10
12.9802503586,80.2527694702,20229,20239,10
12.9793596268,80.2526931763,20239,20249,10
12.9786300659,80.252532959,20249,20259,10
12.9778003693,80.2519302368,20259,20270,11
12.9765396118,80.2512283325,20270,20280,10
12.9751701355,80.250831604,20280,20290,10
12.9737796783,80.2504425049,20290,20300,10
12.9723501205,80.2500610352,20300,20310,10
12.9709501266,80.2496795654,20310,20320,10
12.9695396423,80.2491836548,20320,20330,10
12.9681501389,80.2486190796,20330,20340,10
12.9668397903,80.2480392456,20340,20350,10
12.9656095505,80.2474975586,20350,20360,10
12.9643096924,80.2470397949,20360,20370,10
12.9630498886,80.2464675903,20370,20381,11
12.9615802765,80.2457580566,20381,20391,10
12.9602003098,80.2451324463,20391,20401,10
12.958820343,80.2445068359,20401,20411,10
12.9577903748,80.2440872192,20411,20421,10
12.9569997787,80.2437362671,20421,20431,10
12.9564399719,80.2435302734,20431,20441,10
12.9561595917,80.2433929443,20441,20451,10
12.9554195404,80.2431030273,20451,20461,10
12.9544296265,80.2426986694,20461,20471,10
12.9532403946,80.2422103882,20471,20481,10
12.9519500732,80.2417297363,20481,20492,11
12.9505500793,80.2412490845,20492,20502,10
12.9492301941,80.2408599854,20502,20512,10
12.9485902786,80.2406082153,20512,20522,10
12.9479598999,80.2403488159,20522,20532,10
12.9472103119,80.2400512695,20532,20542,10
12.9469604492,80.2399520874,20542,20552,10
12.9463100433,80.2396697998,20552,20562,10
12.9454202652,80.2392425537,20562,20572,10
12.9445104599,80.2383804321,20572,20582,10
12.9435596466,80.2373733521,20582,20593,11
12.9422197342,80.2364501953,20593,20603,10
12.9407300949,80.2360687256,20603,20613,10
12.9395799637,80.2356796265,20613,20623,10
12.9384498596,80.2351226807,20623,20633,10
12.9371995926,80.2345123291,20633,20643,10
12.9358997345,80.2338867188,20643,20653,10
12.9346599579,80.2333221436,20653,20663,10
12.9339103699,80.2329864502,20663,20673,10
12.9337797165,80.2329330444,20673,20683,10
12.9331798553,80.2326583862,20683,20694,11
12.9321899414,80.2322769165,20694,20704,10
12.9309797287,80.2318878174,20704,20714,10
12.929690361,80.2315063477,20714,20724,10
12.9283103943,80.2312393188,20724,20734,10
12.9268398285,80.2310714722,20734,20744,10
12.9253702164,80.2308883667,20744,20754,10
12.9238996506,80.2307434082,20754,20764,10
12.922419548,80.2305221558,20764,20774,10
12.9209804535,80.2302932739,20774,20784,10
12.9195404053,80.2301101685,20784,20794,10
12.9181098938,80.2299194336,20794,20805,11
12.916560173,80.2297134399,20805,20815,10
12.915140152,80.2295074463,20815,20825,10
12.9138898849,80.229347229,20825,20835,10
12.912730217,80.2292022705,20835,20845,10
12.9113397598,80.2289962769,20845,20855,10
12.9098796844,80.228767395,20855,20865,10
12.9084501266,80.2285308838,20865,20875,10
12.9072904587,80.2283630371,20875,20885,10
12.9064998627,80.2282791138,20885,20895,10
12.9054803848,80.2282104492,20895,20905,10
12.904299736,80.2281570435,20905,20916,11
12.9031400681,80.2280807495,20916,20926,10
12.9018096924,80.228012085,20926,20936,10
12.9006099701,80.2279434204,20936,20946,10
12.8998603821,80.2279205322,20946,20966,20
12.8998603821,80.2279205322,20966,20976,10
12.8997802734,80.2279205322,20976,20986,10
12.8996801376,80.2279129028,20986,20996,10
12.8996496201,80.227897644,20996,21006,10
12.8992099762,80.2278671265,21006,21017,11
12.8985595703,80.2278213501,21017,21027,10
12.8977298737,80.2277832031,21027,21037,10
12.8966703415,80.2277297974,21037,21047,10
12.8954896927,80.2276763916,21047,21057,10
12.8942804337,80.2276306152,21057,21067,10
12.8931703568,80.2275009155,21067,21077,10
12.8925800323,80.2274475098,21077,21087,10
12.8921604156,80.2274093628,21087,21097,10
12.8913602829,80.2273864746,21097,21107,10
12.8902997971,80.2273864746,21107,21117,10
12.8890399933,80.2273864746,21117,21128,11
12.8877000809,80.2273025513,21128,21138,10
12.8865499496,80.2270812988,21138,21148,10
12.8853902817,80.2268218994,21148,21158,10
12.8848304749,80.2267532349,21158,21168,10
12.8846702576,80.2267532349,21168,21178,10
12.8840703964,80.2267379761,21178,21188,10
12.8831701279,80.2267532349,21188,21198,10
12.882060051,80.2267532349,21198,21208,10
12.8809299469,80.2267608643,21208,21218,10
12.8796701431,80.2267684937,21218,21229,11
12.8782300949,80.2268371582,21229,21239,10
12.8770999908,80.2269363403,21239,21249,10
12.8764896393,80.2269897461,21249,21259,10
12.8763904572,80.2269897461,21259,21269,10
12.8758497238,80.2269973755,21269,21279,10
12.8749904633,80.2268981934,21279,21289,10
12.8739299774,80.2267684937,21289,21299,10
12.8728599548,80.2267074585,21299,21309,10
12.8725004196,80.2267227173,21309,21319,10
12.8722200394,80.2267227173,21319,21330,11
12.8714399338,80.2266769409,21330,21340,10
12.870470047,80.2266235352,21340,21350,10
12.8693199158,80.2264862061,21350,21360,10
12.8680295944,80.2264022827,21360,21370,10
12.8667497635,80.2265167236,21370,21380,10
12.8655004501,80.2266082764,21380,21390,10
12.8641300201,80.2265625,21390,21400,10
12.8627099991,80.2265396118,21400,21410,10
12.861240387,80.226600647,21410,21420,10
12.8597402573,80.2264404297,21420,21430,10
12.8586797714,80.22631073,21430,21441,11
12.8577203751,80.226272583,21441,21451,10
12.8565702438,80.2263717651,21451,21461,10
12.8552398682,80.2265014648,21461,21471,10
12.8538103104,80.2266616821,21471,21481,10
12.8523101807,80.2266921997,21481,21491,10
12.8509101868,80.2266311646,21491,21501,10
12.8500204086,80.2266235352,21501,21511,10
12.8497800827,80.2266235352,21511,21521,10
12.8491601944,80.2266082764,21521,21531,10
12.8482103348,80.2266082764,21531,21541,10
12.8470201492,80.2266082764,21541,21552,11
12.8458404541,80.2266082764,21552,21562,10
12.8453598022,80.2266235352,21562,21572,10
12.8452596664,80.2266235352,21572,21582,10
12.8447303772,80.2266387939,21582,21592,10
12.8439302444,80.2267227173,21592,21602,10
12.8429098129,80.2268829346,21602,21612,10
12.8416795731,80.2271575928,21612,21622,10
12.8404903412,80.2274780273,21622,21632,10
12.8397798538,80.2276687622,21632,21642,10
12.8396997452,80.2276992798,21642,21653,11
12.839220047,80.2278366089,21653,21663,10
12.8384504318,80.2280502319,21663,21673,10
12.837389946,80.2282562256,21673,21683,10
12.8362398148,80.2284317017,21683,21693,10
12.8350000381,80.2286071777,21693,21703,10
12.8338403702,80.2288208008,21703,21713,10
12.8327503204,80.2290267944,21713,21723,10
12.8319702148,80.2292022705,21723,21733,10
12.8311595917,80.2294006348,21733,21743,10
12.8301401138,80.2297821045,21743,21752,9
12.8291597366,80.2301483154,21752,21764,12
12.8280200958,80.230758667,21764,21774,10
12.827050209,80.231262207,21774,21784,10
12.8258695602,80.2313995361,21784,21794,10
12.8245801926,80.2313690186,21794,21804,10
12.8235397339,80.2310714722,21804,21814,10
12.8227796555,80.2308425903,21814,21824,10
12.8218603134,80.2305679321,21824,21834,10
12.8206996918,80.2304611206,21834,21844,10
12.819560051,80.2304992676,21844,21854,10
12.8185300827,80.2303237915,21854,21865,11
12.8174200058,80.2297973633,21865,21875,10
12.8163204193,80.2294921875,21875,21885,10
12.8150196075,80.2292861938,21885,21895,10
12.8136501312,80.2289962769,21895,21905,10
12.8122701645,80.2285385132,21905,21915,10
12.8108701706,80.2280197144,21915,21925,10
12.8097600937,80.2275390625,21925,21935,10
12.8087100983,80.2268676758,21935,21945,10
12.8076496124,80.2259979248,21945,21955,10
12.8067798615,80.2252426147,21955,21965,10
12.8060703278,80.2245864868,21965,21976,11
12.8053197861,80.2240905762,21976,21986,10
12.8048000336,80.2239837646,21986,21996,10
12.8047399521,80.2239685059,21996,22006,10
12.8042297363,80.2239227295,22006,22016,10
12.8034200668,80.2238388062,22016,22026,10
12.8023195267,80.2237167358,22026,22036,10
12.801030159,80.2235794067,22036,22046,10
12.7997303009,80.2234573364,22046,22056,10
12.7984104156,80.2232894897,22056,22066,10
12.7969903946,80.2230987549,22066,22077,11
12.7958297729,80.2229309082,22077,22087,10
12.7956495285,80.2229003906,22087,22097,10
12.7950801849,80.2227935791,22097,22107,10
12.7942304611,80.22265625,22107,22117,10
12.7931900024,80.2224807739,22117,22127,10
12.7919597626,80.2222595215,22127,22137,10
12.7906398773,80.2219314575,22137,22147,10
12.7895498276,80.2216186523,22147,22156,9
12.7888002396,80.2213363647,22156,22167,11
12.7878398895,80.2209701538,22167,22177,10
12.7871198654,80.220703125,22177,22188,11
12.78647995,80.2204589844,22188,22218,30
12.78647995,80.2204589844,22218,22228,10
12.7861499786,80.2203216553,22228,22238,10
12.7860898972,80.2202987671,22238,22248,10
12.7859296799,80.2202301025,22248,22258,10
12.7853803635,80.2199707031,22258,22268,10
12.7847204208,80.2196273804,22268,22278,10
12.7841100693,80.219291687,22278,22289,11
12.783080101,80.218711853,22289,22299,10
12.7819004059,80.2180633545,22299,22309,10
12.7806301117,80.2173690796,22309,22319,10
12.7793302536,80.2166671753,22319,22329,10
12.7779598236,80.2159805298,22329,22339,10
12.7765102386,80.2153778076,22339,22349,10
12.7750396729,80.2147827148,22349,22359,10
12.7735595703,80.2141876221,22359,22369,10
12.7721700668,80.2136535645,22369,22379,10
12.7709598541,80.2132263184,22379,22389,10
12.7707996368,80.2129135132,22389,22400,11
12.7709999084,80.2121810913,22400,22410,10
12.7713098526,80.2112426758,22410,22420,10
12.771900177,80.2101287842,22420,22430,10
12.7723703384,80.2089004517,22430,22440,10
12.7727499008,80.2076721191,22440,22450,10
12.7729797363,80.20677948,22450,22460,10
12.7731199265,80.2063293457,22460,22470,10
12.7732200623,80.2059936523,22470,22480,10
12.7733802795,80.2052230835,22480,22490,10
12.7735004425,80.2041625977,22490,22501,11
12.7737102509,80.2029876709,22501,22511,10
12.7738599777,80.201789856,22511,22521,10
12.7739400864,80.2007522583,22521,22531,10
12.7740297318,80.1996612549,22531,22541,10
12.774140358,80.1984405518,22541,22551,10
12.7741804123,80.197303772,22551,22561,10
12.7742395401,80.1960601807,22561,22571,10
12.7744398117,80.1947021484,22571,22581,10
12.7746801376,80.1936416626,22581,22591,10
12.7750396729,80.1928787231,22591,22601,10
12.7753200531,80.1919937134,22601,22612,11
12.7750701904,80.1909637451,22612,22622,10
12.774310112,80.1900482178,22622,22632,10
12.7732400894,80.1894226074,22632,22642,10
12.7719898224,80.1889190674,22642,22652,10
12.7709598541,80.1874771118,22652,22662,10
12.7709598541,80.1874771118,22662,22672,10
12.7709102631,80.186920166,22672,22681,9
12.7708997726,80.1868133545,22681,22700,19
12.7707901001,80.1856231689,22700,22710,10
12.7706899643,80.1847991943,22710,22721,11
12.77023983,80.1845932007,22721,22731,10
12.7698001862,80.184463501,22731,22741,10
12.7693195343,80.1842575073,22741,22751,10
12.7689695358,80.1840591431,22751,22761,10
12.7685604095,80.1836700439,22761,22771,10
12.768119812,80.1834030151,22771,22781,10
12.7676000595,80.1832199097,22781,22791,10
12.7671403885,80.183052063,22791,22801,10
12.7664899826,80.182762146,22801,22811,10
12.7658004761,80.1826400757,22811,22822,11
12.765130043,80.1825637817,22822,22832,10
12.7643003464,80.1824417114,22832,22842,10
12.7637195587,80.1823577881,22842,22852,10
12.7634496689,80.1827926636,22852,22862,10
12.7632598877,80.1834182739,22862,22872,10
12.7631196976,80.183807373,22872,22882,10
12.7630701065,80.1842193604,22882,22892,10
12.7630996704,80.1845169067,22892,22902,10
12.7629804611,80.1849594116,22902,22912,10
12.7625102997,80.1849365234,22912,22922,10
12.7618398666,80.1849136353,22922,22933,11
12.7615404129,80.1847000122,22933,22943,10
12.7615098953,80.1848373413,22943,23478,535
12.7615098953,80.1848373413,23478,23488,10
12.761590004,80.1848831177,23488,23498,10
12.7619695663,80.184928894,23498,23508,10
12.7624998093,80.1849365234,23508,23518,10
12.7629098892,80.1849594116,23518,23528,10
12.7630395889,80.1845932007,23528,23538,10
12.7630195618,80.1842498779,23538,23548,10
12.7630500793,80.183921814,23548,23558,10
12.7631998062,80.1835327148,23558,23569,11
12.7631998062,80.1835174561,23569,23579,10
12.7632703781,80.1832733154,23579,23589,10
12.7634401321,80.1826782227,23589,23599,10
12.7637996674,80.1824493408,23599,23609,10
12.7643098831,80.1825027466,23609,23619,10
12.7650403976,80.1826019287,23619,23629,10
12.7657899857,80.1826782227,23629,23639,10
12.7663698196,80.1827774048,23639,23649,10
12.7670497894,80.183052063,23649,23659,10
12.7677297592,80.1832962036,23659,23670,11
12.7684402466,80.1835784912,23670,23680,10
12.7687997818,80.1839294434,23680,23690,10
12.7691497803,80.1841888428,23690,23700,10
12.7692403793,80.1842422485,23700,23710,10
12.7695999146,80.184387207,23710,23720,10
12.7702198029,80.1846008301,23720,23730,10
12.7706298828,80.1847076416,23730,23740,10
12.7707195282,80.1848068237,23740,23750,10
12.7707901001,80.1853790283,23750,23760,10
12.770819664,80.1862411499,23760,23770,10
12.7709102631,80.1868591309,23770,23781,11
12.7709503174,80.1870574951,23781,23791,10
12.7709798813,80.1874084473,23791,23801,10
12.7710800171,80.1881027222,23801,23811,10
12.7715597153,80.1887893677,23811,23821,10
12.7726402283,80.1891784668,23821,23831,10
12.7738399506,80.1896514893,23831,23841,10
12.7748003006,80.1905822754,23841,23851,10
12.7753000259,80.19165802,23851,23861,10
12.7753601074,80.1925582886,23861,23871,10
12.7748098373,80.1933822632,23871,23882,11
12.7746896744,80.1937713623,23882,23892,10
12.7746496201,80.193939209,23892,23902,10
12.7744998932,80.1946182251,23902,23912,10
12.7742900848,80.1955718994,23912,23922,10
12.7742204666,80.1969985962,23922,23952,30
12.7742204666,80.1969985962,23952,23962,10
12.7741804123,80.1974563599,23962,23972,10
12.7741603851,80.1983184814,23972,23982,10
12.7740602493,80.1994628906,23982,23993,11
12.7739496231,80.2008132935,23993,24003,10
12.7739200592,80.2012176514,24003,24013,10
12.7738895416,80.2015686035,24013,24023,10
12.7738304138,80.2023010254,24023,24033,10
12.7736597061,80.2032775879,24033,24043,10
12.7734899521,80.204498291,24043,24053,10
12.7732896805,80.2056732178,24053,24063,10
12.7730903625,80.2064437866,24063,24073,10
12.773059845,80.2065429688,24073,24083,10
12.7728900909,80.2070770264,24083,24094,11
12.7726402283,80.2079772949,24094,24104,10
12.772359848,80.2090377808,24104,24114,10
12.7718896866,80.2102432251,24114,24124,10
12.7713003159,80.2113494873,24124,24134,10
12.7708702087,80.2131271362,24134,24164,30
12.7708702087,80.2131271362,24164,24174,10
12.7709503174,80.2132492065,24174,24184,10
12.7715101242,80.2134170532,24184,24194,10
12.7723302841,80.2136917114,24194,24205,11
12.7734603882,80.2141113281,24205,24215,10
12.7746801376,80.21459198,24215,24225,10
12.7760000229,80.2151107788,24225,24235,10
12.7773599625,80.2156600952,24235,24245,10
12.7787303925,80.2162780762,24245,24255,10
12.7800598145,80.2170028687,24255,24265,10
12.7814397812,80.2177429199,24265,24275,10
12.782790184,80.21849823,24275,24285,10
12.7839202881,80.2191390991,24285,24295,10
12.7847499847,80.2195968628,24295,24306,11
12.7855195999,80.2200012207,24306,24316,10
12.7864398956,80.220413208,24316,24346,30
12.7864398956,80.220413208,24346,24356,10
12.7865104675,80.220489502,24356,24366,10
12.7869596481,80.2206726074,24366,24376,10
12.7877197266,80.220916748,24376,24386,10
12.7886600494,80.2212905884,24386,24396,10
12.7896299362,80.2216415405,24396,24406,10
12.7906398773,80.2219085693,24406,24417,11
12.7920198441,80.2222518921,24417,24427,10
12.7934598923,80.2225112915,24427,24437,10
12.794960022,80.2227401733,24437,24447,10
12.7962198257,80.2229385376,24447,24457,10
12.7964401245,80.2229690552,24457,24467,10
12.7965497971,80.2229919434,24467,24477,10
12.7971096039,80.2230911255,24477,24487,10
12.797949791,80.2232437134,24487,24497,10
12.7989797592,80.2233581543,24497,24507,10
12.8001899719,80.2234573364,24507,24518,11
12.8014202118,80.2235565186,24518,24528,10
12.8015403748,80.2235794067,24528,24538,10
12.8019504547,80.2236328125,24538,24548,10
12.802740097,80.2237472534,24548,24558,10
12.8037700653,80.2238464355,24558,24568,10
12.8048000336,80.2239379883,24568,24578,10
12.8054800034,80.2240982056,24578,24588,10
12.8055400848,80.2241210938,24588,24598,10
12.8058099747,80.2242965698,24598,24608,10
12.8063802719,80.2247772217,24608,24618,10
12.8071899414,80.2255020142,24618,24629,11
12.8082895279,80.2264328003,24629,24639,10
12.809419632,80.2273178101,24639,24649,10
12.810790062,80.2279434204,24649,24659,10
12.8122396469,80.228477478,24659,24669,10
12.8137197495,80.2289810181,24669,24679,10
12.8152704239,80.2292861938,24679,24689,10
12.8168401718,80.2295379639,24689,24699,10
12.8182897568,80.2301330566,24699,24709,10
12.8195896149,80.2304611206,24709,24718,9
12.819849968,80.2304382324,24718,24730,12
12.8203296661,80.230430603,24730,24740,10
12.8212203979,80.2304077148,24740,24750,10
12.8223600388,80.2306365967,24750,24760,10
12.823679924,80.2310409546,24760,24770,10
12.8248500824,80.231300354,24770,24780,10
12.826210022,80.2313308716,24780,24790,10
12.8275899887,80.23097229,24790,24800,10
12.8289203644,80.2302398682,24800,24810,10
12.8302402496,80.2296981812,24810,24820,10
12.8310499191,80.2293624878,24820,24830,10
12.8310804367,80.2293624878,24830,24841,11
12.8315496445,80.2292175293,24841,24851,10
12.8320703506,80.2290802002,24851,24861,10
12.8328895569,80.2289123535,24861,24871,10
12.8339796066,80.2287216187,24871,24881,10
12.8352804184,80.2284927368,24881,24891,10
12.8367004395,80.2282714844,24891,24901,10
12.8380403519,80.2280502319,24901,24911,10
12.8389902115,80.2277984619,24911,24921,10
12.8394498825,80.2276687622,24921,24972,51
12.8394498825,80.2276687622,24972,24982,10
12.839679718,80.2275619507,24982,24992,10
12.840180397,80.2274475098,24992,25002,10
12.8409795761,80.2272491455,25002,25012,10
12.8420495987,80.2269973755,25012,25022,10
12.8433303833,80.2267379761,25022,25032,10
12.8454704285,80.2265167236,25032,25053,21
12.8454704285,80.2265167236,25053,25063,10
12.8455295563,80.2265396118,25063,25073,10
12.8459997177,80.2265319824,25073,25083,10
12.8468103409,80.2265396118,25083,25093,10
12.8478603363,80.2265319824,25093,25103,10
12.8491096497,80.2265319824,25103,25113,10
12.850279808,80.2265319824,25113,25123,10
12.8515195847,80.2265701294,25123,25133,10
12.8528900146,80.2266311646,25133,25143,10
12.85435009,80.2265167236,25143,25154,11
12.856010437,80.226348877,25154,25164,10
12.8575601578,80.2261886597,25164,25174,10
12.8590602875,80.226272583,25174,25184,10
12.8603601456,80.2264633179,25184,25194,10
12.8607997894,80.2265014648,25194,25204,10
12.861000061,80.2265167236,25204,25214,10
12.8615703583,80.2265014648,25214,25224,10
12.8625297546,80.2264633179,25224,25234,10
12.8637199402,80.2264633179,25234,25244,10
12.8651103973,80.2265167236,25244,25254,10
12.8665504456,80.2264785767,25254,25265,11
12.868229866,80.2263336182,25265,25275,10
12.869799614,80.2264709473,25275,25285,10
12.8712997437,80.2266082764,25285,25295,10
12.8725700378,80.2266311646,25295,25305,10
12.8729896545,80.2266235352,25305,25315,10
12.8734397888,80.2266464233,25315,25325,10
12.8742904663,80.2267303467,25325,25335,10
12.8753499985,80.2268676758,25335,25345,10
12.8764095306,80.226890564,25345,25355,10
12.8766498566,80.2268829346,25355,25365,10
12.8768701553,80.2268829346,25365,25376,11
12.8776502609,80.2267990112,25376,25386,10
12.8786401749,80.2267074585,25386,25396,10
12.8798904419,80.2266616821,25396,25406,10
12.8812599182,80.2266464233,25406,25416,10
12.8827199936,80.2266464233,25416,25426,10
12.8840904236,80.2266387939,25426,25436,10
12.885020256,80.2266464233,25436,25446,10
12.8852396011,80.2266464233,25446,25456,10
12.8854198456,80.2266921997,25456,25466,10
12.8860301971,80.2268371582,25466,25477,11
12.8870296478,80.2270812988,25477,25487,10
12.8881902695,80.2272415161,25487,25497,10
12.8894195557,80.2273101807,25497,25507,10
12.8907699585,80.2273025513,25507,25517,10
12.8919696808,80.2273178101,25517,25527,10
12.8924398422,80.2273483276,25527,25537,10
12.8929395676,80.2273864746,25537,25547,10
12.8937597275,80.2275009155,25547,25557,10
12.8948097229,80.2275772095,25557,25567,10
12.8960895538,80.2276306152,25567,25578,11
12.8976202011,80.2277069092,25578,25588,10
12.8990402222,80.2277984619,25588,25598,10
12.9005203247,80.2278137207,25598,25638,40
12.9005203247,80.2278137207,25638,25648,10
12.9011096954,80.2278671265,25648,25658,10
12.9018001556,80.2279205322,25658,25668,10
12.9023399353,80.2279510498,25668,25678,10
12.9025497437,80.2279281616,25678,25689,11
12.9026203156,80.2279434204,25689,25699,10
12.9027500153,80.2279281616,25699,25709,10
12.9032402039,80.2279205322,25709,25719,10
12.9040899277,80.2280197144,25719,25729,10
12.9052200317,80.2280883789,25729,25739,10
12.9064102173,80.2281570435,25739,25749,10
12.9069004059,80.2282104492,25749,25759,10
12.9071702957,80.228302002,25759,25769,10
12.9078502655,80.2284011841,25769,25779,10
12.9088697433,80.228553772,25779,25788,9
12.9100103378,80.2287368774,25788,25800,12
12.9117097855,80.2289886475,25800,25810,10
12.9131202698,80.2291793823,25810,25820,10
12.9139795303,80.2292861938,25820,25830,10
12.9140300751,80.2293014526,25830,25840,10
12.9143104553,80.2293624878,25840,25850,10
12.9149904251,80.2294387817,25850,25860,10
12.9159698486,80.2295837402,25860,25870,10
12.9171695709,80.2297286987,25870,25880,10
12.9184999466,80.229927063,25880,25890,10
12.9199199677,80.2301025391,25890,25901,11
12.9215497971,80.2303085327,25901,25911,10
12.92304039,80.2305374146,25911,25921,10
12.9245595932,80.2307510376,25921,25931,10
12.9259796143,80.2308883667,25931,25941,10
12.9271497726,80.2310180664,25941,25951,10
12.9284000397,80.2311706543,25951,25961,10
12.9296102524,80.2314224243,25961,25971,10
12.9308996201,80.2317581177,25971,25981,10
12.9322395325,80.2321395874,25981,25991,10
12.9335203171,80.2326278687,25991,26001,10
12.9336900711,80.2327194214,26001,26012,11
12.9341096878,80.2329177856,26012,26022,10
12.9349002838,80.2332763672,26022,26032,10
12.9357795715,80.2337036133,26032,26042,10
12.9368000031,80.2341766357,26042,26052,10
12.9379501343,80.2347412109,26052,26062,10
12.9390201569,80.2352523804,26062,26072,10
12.9395904541,80.2355270386,26072,26082,10
12.9395999908,80.2355270386,26082,26092,10
12.9398698807,80.2356719971,26092,26102,10
12.9405603409,80.2359237671,26102,26113,11
12.9416303635,80.2361907959,26113,26123,10
12.9427204132,80.2365722656,26123,26133,10
12.9436798096,80.237487793,26133,26143,10
12.9447002411,80.2385787964,26143,26153,10
12.9458303452,80.239402771,26153,26163,10
12.9469203949,80.2398300171,26163,26173,10
12.9471902847,80.2399291992,26173,26183,10
12.9473199844,80.2399597168,26183,26193,10
12.947810173,80.2401580811,26193,26203,10
12.9485197067,80.2404632568,26203,26213,10
12.9489498138,80.2406311035,26213,26224,11
12.9496297836,80.2408828735,26224,26234,10
12.9504203796,80.2411270142,26234,26244,10
12.9509897232,80.2413024902,26244,26254,10
12.9510402679,80.2413330078,26254,26264,10
12.9514303207,80.2415008545,26264,26274,10
12.9521503448,80.2417678833,26274,26284,10
12.9530897141,80.2421188354,26284,26294,10
12.9539899826,80.2424621582,26294,26304,10
12.9548997879,80.2428283691,26304,26314,10
12.955789566,80.2431716919,26314,26324,10
12.9563798904,80.2434387207,26324,26335,11
12.9567699432,80.243598938,26335,26345,10
12.9575195313,80.243888855,26345,26355,10
12.9584798813,80.2442626953,26355,26365,10
12.9589595795,80.244430542,26365,26375,10
12.9590902328,80.2445297241,26375,26385,10
12.9596004486,80.2447662354,26385,26395,10
12.9603796005,80.2451171875,26395,26405,10
12.961400032,80.2455978394,26405,26415,10
12.9625396729,80.2461624146,26415,26424,9
12.9633798599,80.2465362549,26424,26466,42
12.9633798599,80.2465362549,26466,26476,10
12.9635295868,80.2466812134,26476,26486,10
12.9641103745,80.2469024658,26486,26496,10
12.9648895264,80.2471923828,26496,26506,10
12.9657697678,80.247467041,26506,26516,10
12.9665298462,80.2477722168,26516,26526,10
12.9666700363,80.247833252,26526,26537,11
12.9669504166,80.2479782104,26537,26547,10
12.9675397873,80.2482833862,26547,26557,10
12.9684200287,80.248626709,26557,26567,10
12.9696102142,80.2490692139,26567,26577,10
12.9708099365,80.2495422363,26577,26587,10
12.9720096588,80.2498779297,26587,26597,10
12.9732503891,80.2501983643,26597,26607,10
12.9744701385,80.250541687,26607,26617,10
12.9757699966,80.2509384155,26617,26627,10
12.9770498276,80.2513198853,26627,26637,10
12.9780597687,80.2520217896,26637,26648,11
12.9785699844,80.2523422241,26648,26658,10
12.9787197113,80.2524185181,26658,26668,10
12.9792699814,80.2525482178,26668,26678,10
12.9798603058,80.2526397705,26678,26688,10
12.980389595,80.2526702881,26688,26698,10
12.981180191,80.2526321411,26698,26708,10
12.982170105,80.2525863647,26708,26718,10
12.9831600189,80.252532959,26718,26728,10
12.984290123,80.2522964478,26728,26738,10
12.9855499268,80.2519378662,26738,26748,10
12.9865598679,80.251701355,26748,26759,11
12.9875802994,80.251411438,26759,26819,60
12.9875802994,80.251411438,26819,26829,10
12.9877796173,80.2514266968,26829,26839,10
12.9879999161,80.2518463135,26839,26849,10
12.9880104065,80.2526702881,26849,26860,11
12.9878797531,80.2539215088,26860,26870,10
12.9877796173,80.2549591064,26870,26880,10
12.9878101349,80.2557525635,26880,26890,10
12.9882698059,80.2558288574,26890,26900,10
12.9887895584,80.2558670044,26900,26909,9
12.9889698029,80.2558898926,26909,26920,11
12.989569664,80.2559585571,26920,26930,10
12.9902801514,80.2560119629,26930,26940,10
12.9907598495,80.2560195923,26940,26950,10
12.9913597107,80.2560577393,26950,26959,9
12.9921703339,80.2560577393,26959,26971,12
12.9934797287,80.2559661865,26971,26981,10
12.9944400787,80.2559280396,26981,26991,10
12.9949998856,80.255897522,26991,27001,10
12.9955101013,80.255897522,27001,27011,10
12.9960098267,80.2559127808,27011,27021,10
12.9967603683,80.2559127808,27021,27072,51
12.9967603683,80.2559127808,27072,27082,10
12.9970703125,80.255859375,27082,27092,10
12.9976196289,80.2558898926,27092,27102,10
12.9982204437,80.2559509277,27102,27112,10
12.9989099503,80.2560195923,27112,27132,20
12.9989099503,80.2560195923,27132,27142,10
12.9993200302,80.2560806274,27142,27152,10
12.9999198914,80.2562332153,27152,27162,10
13.0006799698,80.2563705444,27162,27172,10
13.0015296936,80.2565307617,27172,27183,11
13.0022497177,80.2566375732,27183,27193,10
13.0026397705,80.2567214966,27193,27203,10
13.0032196045,80.2568435669,27203,27213,10
13.0039100647,80.2569732666,27213,27223,10
13.0046796799,80.2571105957,27223,27233,10
13.0055704117,80.2573013306,27233,27243,10
13.0064601898,80.2574310303,27243,27253,10
13.0065097809,80.2567214966,27253,27263,10
13.0065097809,80.2557983398,27263,27273,10
13.0065603256,80.2549133301,27273,27284,11
13.0065402985,80.2539367676,27284,27294,10
13.0065498352,80.2531890869,27294,27304,10
13.0065603256,80.2526626587,27304,27314,10
13.0067396164,80.2525634766,27314,27324,10
13.0067300797,80.2527923584,27324,27334,10
13.0067100525,80.2530822754,27334,27374,40
13.0067100525,80.2530822754,27374,27384,10
13.0066604614,80.2533798218,27384,28333,949
13.0066604614,80.2533798218,28333,28343,10
13.006649971,80.2533111572,28343,29010,667
13.006649971,80.2533111572,29010,29020,10
13.0065803528,80.2533493042,29020,29121,101
13.0065803528,80.2533493042,29121,29131,10
13.0065202713,80.2534103394,29131,29141,10
13.0065898895,80.253692627,29141,29151,10
13.0066099167,80.2541503906,29151,29161,10
13.0065898895,80.2546310425,29161,29171,10
13.0065803528,80.2553100586,29171,29181,10
13.0066003799,80.256111145,29181,29191,10
13.0066204071,80.2568206787,29191,29201,10
13.0067195892,80.2571563721,29201,29212,11
13.0066003799,80.2574996948,29212,29222,10
13.0061798096,80.2575302124,29222,29232,10
13.0058097839,80.2573776245,29232,29242,10
13.0051403046,80.2571487427,29242,29252,10
13.0044898987,80.2570800781,29252,29262,10
13.0038204193,80.2569503784,29262,29272,10
13.0032100677,80.2568283081,29272,29282,10
13.0025596619,80.2566986084,29282,29292,10
13.001999855,80.2566223145,29292,29302,10
13.0012903214,80.2565078735,29302,29312,10
13.0005302429,80.2563781738,29312,29323,11
12.9997501373,80.2562103271,29323,29333,10
12.9993400574,80.2561798096,29333,29343,10
12.9987602234,80.256072998,29343,29353,10
12.9983701706,80.2559890747,29353,29363,10
12.9983501434,80.2559814453,29363,29373,10
12.9980897903,80.2559280396,29373,29383,10
12.9978303909,80.2559204102,29383,29403,20
12.9978303909,80.2559204102,29403,29413,10
12.9974098206,80.2559204102,29413,29423,10
12.997010231,80.2559204102,29423,29434,11
12.996509552,80.2558898926,29434,29444,10
12.9960899353,80.2558364868,29444,29454,10
12.9956197739,80.255859375,29454,29464,10
12.9950199127,80.255821228,29464,29474,10
12.9943304062,80.2559204102,29474,29484,10
12.9935398102,80.2560195923,29484,29494,10
12.9925203323,80.256111145,29494,29545,51
12.9925203323,80.256111145,29545,29555,10
12.9921598434,80.256072998,29555,29565,10
12.991900444,80.2561035156,29565,29575,10
12.9916601181,80.2561035156,29575,29585,10
12.9912595749,80.2560501099,29585,29595,10
12.9907398224,80.2560195923,29595,29605,10
12.9901695251,80.2559661865,29605,29615,10
12.9896602631,80.2559585571,29615,29666,51
12.9892997742,80.2558822632,29666,29716,50
12.9892997742,80.2558822632,29716,29726,10
12.9888801575,80.2558822632,29726,29736,10
12.9884195328,80.255859375,29736,29746,10
12.9879302979,80.2558135986,29746,29757,11
12.9874095917,80.2557373047,29757,29767,10
12.986989975,80.2556991577,29767,29817,50
12.986989975,80.2556991577,29817,29827,10
12.9869098663,80.2554397583,29827,29837,10
12.986869812,80.2555007935,29837,29847,10
12.9867200851,80.2555465698,29847,29857,10
12.9864997864,80.2555465698,29857,29868,11
12.9861097336,80.2554397583,29868,29958,90
12.9861097336,80.2554397583,29958,29969,11
12.9857501984,80.2553710938,29969,29979,10
12.9854803085,80.2553100586,29979,29989,10
12.9851198196,80.2552337646,29989,29999,10
12.9845600128,80.2550811768,29999,30009,10
12.9839496613,80.254989624,30009,30019,10
12.9833402634,80.2548828125,30019,30029,10
12.9827404022,80.2546386719,30029,30039,10
12.9822597504,80.2543716431,30039,30049,10
12.9819898605,80.253868103,30049,30059,10
12.9818296432,80.2532501221,30059,30069,10
12.9815101624,80.2528305054,30069,30080,11
12.9806604385,80.252822876,30080,30090,10
12.9798202515,80.2527236938,30090,30100,10
12.9789600372,80.2526168823,30100,30110,10
12.9788503647,80.2525787354,30110,30120,10
12.9783201218,80.2523498535,30120,30130,10
12.9775600433,80.2517166138,30130,30140,10
12.9764204025,80.2511825562,30140,30150,10
12.9750900269,80.2508010864,30150,30160,10
12.9736795425,80.2503967285,30160,30170,10
12.9724197388,80.2500762939,30170,30180,10
12.9711799622,80.2497406006,30180,30191,11
12.9697198868,80.2492218018,30191,30201,10
12.9683599472,80.2486572266,30201,30211,10
12.9672203064,80.2482070923,30211,30221,10
12.9663600922,80.2477874756,30221,30231,10
12.9655799866,80.247467041,30231,30241,10
12.9648799896,80.2472381592,30241,30251,10
12.9638204575,80.2468414307,30251,30281,30
12.9638204575,80.2468414307,30281,30291,10
12.9634199142,80.2466583252,30291,30302,11
12.9625997543,80.2462768555,30302,30312,10
12.9616603851,80.2458190918,30312,30322,10
12.9605998993,80.2453231812,30322,30332,10
12.959569931,80.2448883057,30332,30342,10
12.9593095779,80.2447814941,30342,30352,10
12.9592599869,80.2447509766,30352,30362,10
12.9588003159,80.2445297241,30362,30372,10
12.9580001831,80.2441864014,30372,30382,10
12.9571800232,80.243850708,30382,30392,10
12.9565200806,80.2437515259,30392,30403,11
12.9562501907,80.2436599731,30403,30413,10
12.9556598663,80.2432937622,30413,30423,10
12.9548101425,80.2428817749,30423,30433,10
12.9538497925,80.2424697876,30433,30443,10
12.9529600143,80.2421112061,30443,30453,10
12.95195961,80.2417602539,30453,30463,10
12.9518003464,80.2417068481,30463,30473,10
12.9515600204,80.241607666,30473,30483,10
12.9509000778,80.2413711548,30483,30493,10
12.9499797821,80.2411117554,30493,30584,91
12.9499797821,80.2411117554,30584,30594,10
12.949839592,80.2411575317,30594,30604,10
12.9495897293,80.2410583496,30604,30614,10
12.949259758,80.2409667969,30614,30625,11
12.948679924,80.2407226563,30625,30635,10
12.9480199814,80.2404098511,30635,30645,10
12.9472303391,80.2400817871,30645,30665,20
12.9472303391,80.2400817871,30665,30675,10
12.9469099045,80.2399215698,30675,30685,10
12.9462795258,80.2396469116,30685,30695,10
12.9454698563,80.2392578125,30695,30705,10
12.9446601868,80.2385406494,30705,30715,10
12.9438295364,80.2376327515,30715,30726,11
12.9427995682,80.2367172241,30726,30736,10
12.9415903091,80.236289978,30736,30746,10
12.9398403168,80.2358398438,30746,30766,20
12.9398403168,80.2358398438,30766,30776,10
12.9394798279,80.2356109619,30776,30786,10
12.9388103485,80.2352676392,30786,30796,10
12.9379501343,80.2348327637,30796,30806,10
12.936920166,80.2343292236,30806,30816,10
12.9360103607,80.2338867188,30816,30826,10
12.935839653,80.233833313,30826,30837,11
12.9355096817,80.2337036133,30837,30847,10
12.9348497391,80.2333984375,30847,30857,10
12.9338903427,80.2330093384,30857,30877,20
12.9338903427,80.2330093384,30877,30887,10
12.9337100983,80.2328796387,30887,30897,10
12.9332103729,80.232673645,30897,30907,10
12.9324398041,80.2323684692,30907,30917,10
12.9315004349,80.2320480347,30917,30927,10
12.9303598404,80.2316970825,30927,30937,10
12.9293403625,80.2314605713,30937,30948,11
12.928899765,80.2313537598,30948,30958,10
12.9283504486,80.2312698364,30958,30968,10
12.9275102615,80.2311630249,30968,30978,10
12.9265604019,80.2310714722,30978,30988,10
12.9260902405,80.2310333252,30988,30998,10
12.9260101318,80.2310180664,30998,31008,10
12.9255504608,80.2309570313,31008,31018,10
12.9248800278,80.2308883667,31018,31028,10
12.9245195389,80.2308578491,31028,31037,9
12.9244804382,80.2308502197,31037,31049,12
12.9240198135,80.2307815552,31049,31200,151
12.9240198135,80.2307815552,31200,31210,10
12.9238901138,80.2307281494,31210,31220,10
12.9233999252,80.230682373,31220,31230,10
12.9226102829,80.2305831909,31230,31240,10
12.9216995239,80.2304382324,31240,31250,10
12.9206800461,80.2303085327,31250,31260,10
12.9196395874,80.2301635742,31260,31271,11
12.9186601639,80.2300415039,31271,31281,10
12.9176502228,80.229927063,31281,31291,10
12.9167499542,80.2297821045,31291,31301,10
12.9159002304,80.2296524048,31301,31311,10
12.9150800705,80.2295303345,31311,31321,10
12.9142103195,80.2294311523,31321,31331,10
12.913310051,80.2292861938,31331,31382,51
12.913310051,80.2292861938,31382,31392,10
12.9131402969,80.2292022705,31392,31402,10
12.9126300812,80.2291717529,31402,31412,10
12.9118995667,80.2290496826,31412,31422,10
12.9109296799,80.2289505005,31422,31432,10
12.9098997116,80.2287979126,31432,31442,10
12.9089403152,80.2286834717,31442,31452,10
12.9083299637,80.2285614014,31452,31462,10
12.9078998566,80.2284927368,31462,31472,10
12.9073696136,80.2284393311,31472,31483,11
12.9069099426,80.2283706665,31483,31493,10
12.9065904617,80.228302002,31493,31503,10
12.9064102173,80.2282562256,31503,31513,10
12.9055595398,80.2282409668,31513,31614,101
12.9055595398,80.2282409668,31614,31624,10
12.9054298401,80.2282409668,31624,31634,10
12.9049701691,80.2282028198,31634,31644,10
12.9048299789,80.2282180786,31644,31654,10
12.9046697617,80.2282028198,31654,31664,10
12.9044504166,80.2282028198,31664,31674,10
12.904250145,80.228187561,31674,31684,10
12.9041700363,80.2282028198,31684,31695,11
12.9037904739,80.2281570435,31695,31705,10
12.9034404755,80.2281265259,31705,31715,10
12.9031200409,80.2281112671,31715,31725,10
12.9027996063,80.2280883789,31725,31735,10
12.9026498795,80.2281036377,31735,31745,10
12.9024400711,80.2280731201,31745,31755,10
12.9019804001,80.2280502319,31755,31987,232
12.9019804001,80.2280502319,31987,31997,10
12.901720047,80.2280502319,31997,32007,10
12.9015302658,80.2280197144,32007,32016,9
12.9013299942,80.2279968262,32016,32028,12
12.900970459,80.2279586792,32028,32038,10
12.9006204605,80.2279586792,32038,32048,10
12.9001598358,80.2279663086,32048,32058,10
12.8997097015,80.2279281616,32058,32068,10
12.8993902206,80.2279129028,32068,32078,10
12.899140358,80.2278823853,32078,32088,10
12.8987998962,80.2278900146,32088,32129,41
12.8987998962,80.2278900146,32129,32139,10
12.8985395432,80.2278594971,32139,32149,10
12.8980503082,80.2277984619,32149,32159,10
12.8973999023,80.2277526855,32159,32169,10
12.8966703415,80.227722168,32169,32179,10
12.8959598541,80.2276992798,32179,32189,10
12.8953800201,80.2276535034,32189,32199,10
12.8948602676,80.2276382446,32199,32209,10
12.8947296143,80.2276382446,32209,32219,10
12.8943901062,80.2276306152,32219,32229,10
12.8936004639,80.2275390625,32229,32290,61
12.8936004639,80.2275390625,32290,32300,10
12.8933696747,80.2275009155,32300,32310,10
12.8932199478,80.2274703979,32310,32320,10
12.892999649,80.2274398804,32320,32381,61
12.892999649,80.2274398804,32381,32391,10
12.8925800323,80.2273712158,32391,32401,10
12.8921604156,80.2273483276,32401,32411,10
12.8914604187,80.2273406982,32411,32421,10
12.8906402588,80.2273406982,32421,32431,10
12.8900299072,80.2273483276,32431,32441,10
12.8898496628,80.2273483276,32441,32451,10
12.8897695541,80.2273483276,32451,32462,11
12.8896503448,80.2273712158,32462,32472,10
12.8893499374,80.2273635864,32472,32482,10
12.8891296387,80.2273635864,32482,32492,10
12.888879776,80.2273635864,32492,32502,10
12.8885602951,80.2273483276,32502,32512,10
12.8883399963,80.2273635864,32512,32522,10
12.8880996704,80.2273330688,32522,32532,10
12.8880395889,80.2273178101,32532,32542,10
12.8879299164,80.2273025513,32542,32552,10
12.8877696991,80.2272796631,32552,32562,10
12.8874998093,80.2272415161,32562,32573,11
12.8868904114,80.2271270752,32573,32583,10
12.8861198425,80.2269515991,32583,32593,10
12.8852901459,80.2267837524,32593,32603,10
12.8851699829,80.2267684937,32603,32613,10
12.8850498199,80.2267379761,32613,32623,10
12.8846302032,80.2266998291,32623,32633,10
12.883939743,80.2266769409,32633,32643,10
12.8831100464,80.2266921997,32643,32653,10
12.8821697235,80.2266998291,32653,32663,10
12.8810796738,80.2267074585,32663,32674,11
12.8797302246,80.2267227173,32674,32684,10
12.8784704208,80.2267913818,32684,32694,10
12.8774900436,80.2268600464,32694,32704,10
12.8770999908,80.2268981934,32704,32714,10
12.876950264,80.2269210815,32714,32724,10
12.8767700195,80.2269363403,32724,32734,10
12.876660347,80.2269515991,32734,32744,10
12.8765001297,80.2269973755,32744,32754,10
12.8764896393,80.2269973755,32754,32764,10
12.8763599396,80.2269973755,32764,32774,10
12.8759403229,80.2269973755,32774,32785,11
12.8751602173,80.2269287109,32785,32795,10
12.8742704391,80.2268218994,32795,32805,10
12.8732700348,80.2267227173,32805,32815,10
12.8726196289,80.2267074585,32815,32825,10
12.8725996017,80.2267074585,32825,32835,10
12.8725404739,80.2267074585,32835,32845,10
12.8721103668,80.2266998291,32845,32855,10
12.8713798523,80.2266616821,32855,32865,10
12.8704996109,80.2266082764,32865,32875,10
12.8694801331,80.2265014648,32875,32885,10
12.8683204651,80.2263870239,32885,32896,11
12.8670101166,80.2264862061,32896,32906,10
12.8657598495,80.2266235352,32906,32916,10
12.8644399643,80.2265777588,32916,32926,10
12.8631601334,80.2265319824,32926,32936,10
12.861989975,80.2265625,32936,32946,10
12.8609895706,80.2266235352,32946,32956,10
12.8597698212,80.2264404297,32956,32966,10
12.8586101532,80.2263031006,32966,32976,10
12.8574199677,80.2262573242,32976,32986,10
12.8561601639,80.2263793945,32986,32997,11
12.8547000885,80.2265472412,32997,33007,10
12.8533201218,80.2266769409,33007,33017,10
12.8519601822,80.2266235352,33017,33027,10
12.8503198624,80.2265777588,33027,33047,20
12.8503198624,80.2265777588,33047,33057,10
12.8500499725,80.2265777588,33057,33067,10
12.8495101929,80.2265472412,33067,33077,10
12.8486700058,80.2265625,33077,33087,10
12.8476600647,80.2265701294,33087,33096,9
12.8466701508,80.2265701294,33096,33108,12
12.8459997177,80.2266235352,33108,33128,20
12.8459997177,80.2266235352,33128,33138,10
12.8458995819,80.2266311646,33138,33148,10
12.8455495834,80.2265930176,33148,33158,10
12.8449602127,80.2266311646,33158,33168,10
12.8442897797,80.2266693115,33168,33178,10
12.8436203003,80.2266769409,33178,33188,10
12.842880249,80.2267227173,33188,33198,10
12.841750145,80.2268218994,33198,33208,10
12.8405895233,80.2273864746,33208,33219,11
12.8398599625,80.2276611328,33219,33259,40
12.8398599625,80.2276611328,33259,33269,10
12.8395795822,80.2277526855,33269,33279,10
12.8389902115,80.2278900146,33279,33289,10
12.8381900787,80.2281036377,33289,33299,10
12.8371896744,80.2282714844,33299,33308,9
12.8361701965,80.2284393311,33308,33320,12
12.834690094,80.2286834717,33320,33330,10
12.8334798813,80.2288970947,33330,33340,10
12.8321695328,80.2291412354,33340,33380,40
12.8321695328,80.2291412354,33380,33390,10
12.8318996429,80.2291717529,33390,33400,10
12.8313999176,80.2293014526,33400,33410,10
12.8305702209,80.2295837402,33410,33419,9
12.8296403885,80.2299423218,33419,33431,12
12.8282499313,80.2306213379,33431,33441,10
12.827050209,80.2312393188,33441,33451,10
12.825750351,80.2313995361,33451,33461,10
12.8243904114,80.2313079834,33461,33471,10
12.8230199814,80.2309036255,33471,33481,10
12.8216104507,80.230506897,33481,33491,10
12.8201999664,80.23046875,33491,33501,10
12.8190803528,80.2304992676,33501,33511,10
12.8188400269,80.2304611206,33511,33521,10
12.8186397552,80.2303695679,33521,33531,10
12.8180103302,80.2300720215,33531,33542,11
12.8170003891,80.229637146,33542,33552,10
12.8158197403,80.2294006348,33552,33562,10
12.8144903183,80.2291870117,33562,33572,10
12.8131198883,80.2288208008,33572,33582,10
12.8117399216,80.2283325195,33582,33592,10
12.8103599548,80.2277908325,33592,33602,10
12.8091201782,80.2271881104,33602,33612,10
12.8079900742,80.2262802124,33612,33622,10
12.8069400787,80.2253723145,33622,33632,10
12.8060798645,80.2245864868,33632,33642,10
12.8052301407,80.2240371704,33642,33653,11
12.8047800064,80.2239608765,33653,33663,10
12.8045797348,80.2239227295,33663,33673,10
12.8039798737,80.2238769531,33673,33683,10
12.803150177,80.2238006592,33683,33693,10
12.802069664,80.2236633301,33693,33703,10
12.8008403778,80.2235870361,33703,33723,20
12.8008403778,80.2235870361,33723,33733,10
12.8006601334,80.2235794067,33733,33743,10
12.8000802994,80.2235107422,33743,33754,11
12.7991600037,80.2233963013,33754,33764,10
12.7980003357,80.223197937,33764,33774,10
12.7968101501,80.2230529785,33774,33784,10
12.7959804535,80.2229385376,33784,33794,10
12.7959003448,80.2229232788,33794,33804,10
12.7955303192,80.222869873,33804,33814,10
12.7947797775,80.2227172852,33814,33824,10
12.7937498093,80.2225723267,33824,33834,10
12.7925300598,80.222366333,33834,33844,10
12.7912197113,80.2220611572,33844,33854,10
12.7899703979,80.2217407227,33854,33865,11
12.7889900208,80.2213973999,33865,33875,10
12.7882204056,80.2211074829,33875,33885,10
12.7876796722,80.2208709717,33885,33895,10
12.7872896194,80.220741272,33895,33905,10
12.7871799469,80.2206802368,33905,33915,10
12.7868795395,80.2205734253,33915,33925,10
12.7865400314,80.2204284668,33925,33935,10
12.7863101959,80.2203369141,33935,33945,10
12.7859096527,80.2201690674,33945,33955,10
12.7852602005,80.2199020386,33955,33965,10
12.7848596573,80.2197265625,33965,34490,525
12.7848596573,80.2197265625,34490,34500,10
12.7847604752,80.2196807861,34500,34511,11
12.7841796875,80.2193374634,34511,34521,10
12.7833900452,80.2188873291,34521,34531,10
12.782409668,80.2183380127,34531,34541,10
12.78125,80.2176971436,34541,34551,10
12.7800703049,80.2170562744,34551,34561,10
12.778840065,80.2164001465,34561,34571,10
12.7775697708,80.2157974243,34571,34581,10
12.7763996124,80.2153167725,34581,34591,10
12.7755498886,80.2149734497,34591,34601,10
12.7745704651,80.2145690918,34601,34610,9
12.7736701965,80.2142105103,34610,34622,12
12.772359848,80.2137069702,34622,34632,10
12.7712402344,80.2133102417,34632,34642,10
12.7707500458,80.2130737305,34642,34652,10
12.7708301544,80.2128677368,34652,34662,10
12.7709302902,80.212600708,34662,34672,10
12.7709598541,80.2119522095,34672,34682,10
12.771320343,80.2110824585,34682,34692,10
12.771900177,80.2100372314,34692,34702,10
12.772359848,80.2088165283,34702,34712,10
12.7726297379,80.2078018188,34712,34722,10
12.7728395462,80.2070465088,34722,34733,11
12.7730503082,80.2063598633,34733,34743,10
12.7730798721,80.2063522339,34743,34753,10
12.7731800079,80.2059020996,34753,34763,10
12.773349762,80.2051010132,34763,34773,10
12.7734699249,80.2040786743,34773,34783,10
12.773730278,80.202796936,34783,34793,10
12.7738704681,80.201461792,34793,34803,10
12.7739801407,80.2001037598,34803,34813,10
12.7741003036,80.1987304688,34813,34822,9
12.7741699219,80.1975631714,34822,34834,12
12.7742204666,80.1966094971,34834,34844,10
12.7742300034,80.1964797974,34844,34854,10
12.7742500305,80.1958618164,34854,34864,10
12.7743396759,80.1950531006,34864,34874,10
12.7745599747,80.1939926147,34874,34884,10
12.7749595642,80.1929397583,34884,34894,10
12.7753200531,80.1920318604,34894,34904,10
12.7751903534,80.1912994385,34904,34914,10
12.7747297287,80.1904830933,34914,34924,10
12.7739295959,80.1896362305,34924,34934,10
12.7727298737,80.1891784668,34934,34945,11
12.7714595795,80.1886978149,34945,34955,10
12.7710103989,80.1877975464,34955,34965,10
12.7707796097,80.1855926514,34965,34975,10
12.7707796097,80.1855926514,34975,34985,10
12.77064991,80.184677124,34985,34993,8
12.7702598572,80.1845626831,34993,35041,48
12.7672996521,80.1830978394,35041,35053,12
12.7663002014,80.1826934814,35053,35063,10
12.7656698227,80.1826095581,35063,35073,10
12.7649297714,80.182510376,35073,35083,10
12.7640695572,80.1823883057,35083,35093,10
12.7635002136,80.1824798584,35093,35103,10
12.7632904053,80.1831970215,35103,35113,10
12.7630901337,80.1838226318,35113,35123,10
12.7630901337,80.1842803955,35123,35133,10
12.7630500793,80.1847076416,35133,35143,10
12.762720108,80.1849365234,35143,35153,10
12.762169838,80.1849136353,35153,35164,11
12.7616100311,80.1848602295,35164,35174,10
12.7615499496,80.1846618652,35174,35184,10
12.7615003586,80.1847915649,35184,35244,60
12.7615003586,80.1847915649,35244,35254,10
12.7615804672,80.1848373413,35254,35264,10
12.7619304657,80.1848907471,35264,35374,110
12.7619304657,80.1848907471,35374,35386,12
12.7623596191,80.1849136353,35386,35396,10
12.762840271,80.1849822998,35396,35406,10
12.7630500793,80.1845397949,35406,35416,10
12.763010025,80.1841506958,35416,35426,10
12.7630701065,80.1837615967,35426,35436,10
12.7632398605,80.1831665039,35436,35446,10
12.7634000778,80.1825408936,35446,35456,10
12.7639102936,80.1824493408,35456,35466,10
12.7646198273,80.182510376,35466,35476,10
12.7654399872,80.1826019287,35476,35487,11
12.7663097382,80.1827163696,35487,35497,10
12.7671298981,80.1830596924,35497,35507,10
12.7680101395,80.1833724976,35507,35517,10
12.7686195374,80.1837387085,35517,35527,10
12.7691202164,80.1841506958,35527,35537,10
12.7705001831,80.1846389771,35537,35547,10
12.7705001831,80.1846389771,35547,35557,10
12.7707004547,80.1848297119,35557,35566,9
12.7707099915,80.1849212646,35566,35586,20
12.770819664,80.1862411499,35586,35596,10
12.7709598541,80.1873168945,35596,35606,10
12.7711696625,80.1885604858,35606,35616,10
12.7722101212,80.1890411377,35616,35626,10
12.7734203339,80.1895217896,35626,35636,10
12.7743797302,80.1901321411,35636,35646,10
12.7751703262,80.191116333,35646,35656,10
12.7754001617,80.1922225952,35656,35666,10
12.7751502991,80.1928405762,35666,35676,10
12.7748098373,80.1933364868,35676,35686,10
12.7746801376,80.1937484741,35686,35696,10
12.7746601105,80.1938018799,35696,35707,11
12.7745599747,80.1941680908,35707,35717,10
12.7744398117,80.194732666,35717,35727,10
12.7742700577,80.1956176758,35727,35737,10
12.7742300034,80.1963272095,35737,35747,10
12.7742204666,80.1968917847,35747,35757,10
12.7741699219,80.1977386475,35757,35767,10
12.7741203308,80.1987533569,35767,35777,10
12.774020195,80.1998901367,35777,35787,10
12.7739295959,80.2009277344,35787,35797,10
12.7739095688,80.2012786865,35797,35807,10
12.7738800049,80.201751709,35807,35818,11
12.7737998962,80.2026901245,35818,35828,10
12.7735300064,80.2038116455,35828,35838,10
12.7733802795,80.2050628662,35838,35848,10
12.7731704712,80.2060928345,35848,35858,10
12.7728996277,80.2069778442,35858,35868,10
12.7727298737,80.2076187134,35868,35878,10
12.7725400925,80.2082977295,35878,35888,10
12.7722597122,80.2092590332,35888,35898,10
12.7718296051,80.2102813721,35898,35908,10
12.7713403702,80.2111816406,35908,35919,11
12.7710504532,80.2119369507,35919,35929,10
12.7708797455,80.2127532959,35929,35939,10
12.7708501816,80.2130966187,35939,35949,10
12.7709999084,80.2131500244,35949,35959,10
12.7710895538,80.2131729126,35959,35969,10
12.7714595795,80.2133102417,35969,35979,10
12.7719297409,80.2134933472,35979,35989,10
12.7724304199,80.2136688232,35989,35999,10
12.7731704712,80.2139511108,35999,36009,10
12.7741804123,80.2143630981,36009,36019,10
12.7753601074,80.21484375,36019,36030,11
12.7767295837,80.2154006958,36030,36040,10
12.7780704498,80.2159500122,36040,36050,10
12.7793798447,80.2166213989,36050,36060,10
12.7807102203,80.2173233032,36060,36070,10
12.7820196152,80.2180328369,36070,36080,10
12.7830696106,80.2185974121,36080,36090,10
12.7840595245,80.2191925049,36090,36100,10
12.7848300934,80.2196273804,36100,36110,10
12.7857904434,80.220123291,36110,36130,20
12.7860202789,80.2202529907,36130,36181,51
12.7860202789,80.2202529907,36181,36191,10
12.7862300873,80.2203598022,36191,36201,10
12.7862901688,80.2203826904,36201,36211,10
12.7864398956,80.2204284668,36211,36221,10
12.786529541,80.2204666138,36221,36231,10
12.7866201401,80.2205200195,36231,36241,10
12.7869501114,80.2206420898,36241,36252,11
12.7877397537,80.2209014893,36252,36262,10
12.7886295319,80.2212295532,36262,36272,10
12.789560318,80.2215423584,36272,36282,10
12.7901601791,80.2217178345,36282,36292,10
12.7910804749,80.2219619751,36292,36302,10
12.7922697067,80.2222595215,36302,36312,10
12.7936697006,80.2225036621,36312,36322,10
12.7950801849,80.2227325439,36322,36332,10
12.7962903976,80.2229232788,36332,36342,10
12.7968902588,80.2230300903,36342,36353,11
12.7971897125,80.2231216431,36353,36363,10
12.7979001999,80.2232437134,36363,36373,10
12.7987699509,80.2233276367,36373,36383,10
12.7998895645,80.2234115601,36383,36393,10
12.8011102676,80.2235107422,36393,36403,10
12.80148983,80.2235565186,36403,36413,10
12.8019104004,80.2236022949,36413,36423,10
12.8026895523,80.2236862183,36423,36433,10
12.8036403656,80.2238006592,36433,36443,10
12.8045301437,80.2238693237,36443,36453,10
12.8052501678,80.2239608765,36453,36464,11
12.8055400848,80.224067688,36464,36474,10
12.8057203293,80.2241973877,36474,36484,10
12.8062295914,80.224647522,36484,36494,10
12.8070001602,80.2253417969,36494,36504,10
12.8079299927,80.2261276245,36504,36514,10
12.8089799881,80.2269973755,36514,36524,10
12.8102197647,80.2276916504,36524,36534,10
12.8115997314,80.2282409668,36534,36544,10
12.8130502701,80.2287521362,36544,36554,10
12.8145303726,80.2291793823,36554,36564,10
12.816069603,80.2294006348,36564,36575,11
12.8176898956,80.2298278809,36575,36585,10
12.8190202713,80.2304229736,36585,36595,10
12.8198404312,80.2304077148,36595,36605,10
12.8200101852,80.2304000854,36605,36615,10
12.820690155,80.2303771973,36615,36625,10
12.821680069,80.2304382324,36625,36635,10
12.8229103088,80.2307662964,36635,36645,10
12.8242797852,80.2311401367,36645,36655,10
12.8257398605,80.2313079834,36655,36665,10
12.8271799088,80.2311325073,36665,36676,11
12.8285799026,80.2303924561,36676,36686,10
12.8297595978,80.229850769,36686,36696,10
12.831029892,80.2293624878,36696,36766,70
12.831029892,80.2293624878,36766,36776,10
12.8311595917,80.2293395996,36776,36787,11
12.8313102722,80.2293014526,36787,36797,10
12.8314695358,80.2292327881,36797,36807,10
12.8320398331,80.2290802002,36807,36817,10
12.8328304291,80.2289199829,36817,36827,10
12.8338899612,80.228729248,36827,36837,10
12.8350801468,80.2285232544,36837,36847,10
12.8363895416,80.2283096313,36847,36857,10
12.8377199173,80.2281112671,36857,36867,10
12.8388395309,80.2278366089,36867,36877,10
12.8394498825,80.2275695801,36877,36908,31
12.8394498825,80.2275695801,36908,36918,10
12.8397397995,80.2275009155,36918,36928,10
12.8404502869,80.2273788452,36928,36938,10
12.8413600922,80.227142334,36938,36948,10
12.8425102234,80.226890564,36948,36958,10
12.8438196182,80.2266693115,36958,36968,10
12.8449401855,80.2265396118,36968,36978,10
12.845410347,80.2265090942,36978,36988,10
12.8454198837,80.2265090942,36988,36997,9
12.8458003998,80.2265167236,36997,37009,12
12.8465595245,80.2265014648,37009,37019,10
12.8475103378,80.2264862061,37019,37029,10
12.8484296799,80.2264709473,37029,37039,10
12.8492498398,80.2264633179,37039,37049,10
12.8499202728,80.2264633179,37049,37059,10
12.8504896164,80.2264709473,37059,37069,10
12.851149559,80.2265090942,37069,37079,10
12.8520698547,80.2265701294,37079,37089,10
12.8531999588,80.2266235352,37089,37099,10
12.8545198441,80.2264862061,37099,37110,11
12.856089592,80.2263183594,37110,37120,10
12.8574495316,80.2261810303,37120,37130,10
12.858300209,80.2261505127,37130,37140,10
12.859000206,80.2262191772,37140,37150,10
12.8599796295,80.2263793945,37150,37160,10
12.8607196808,80.2264633179,37160,37170,10
12.8609104156,80.2264709473,37170,37180,10
12.8614902496,80.2265014648,37180,37190,10
12.8624296188,80.2264404297,37190,37200,10
12.8635797501,80.2264175415,37200,37210,10
12.8649501801,80.2265014648,37210,37221,11
12.8665504456,80.2264404297,37221,37231,10
12.8679895401,80.2263031006,37231,37241,10
12.8694000244,80.2263717651,37241,37251,10
12.8707504272,80.2265090942,37251,37261,10
12.8719100952,80.2265777588,37261,37271,10
12.872710228,80.2266235352,37271,37281,10
12.8730201721,80.2266387939,37281,37291,10
12.8737297058,80.2266616821,37291,37301,10
12.8746995926,80.2267837524,37301,37311,10
12.8758802414,80.2268829346,37311,37320,9
12.8765096664,80.2268371582,37320,37332,12
12.8765497208,80.226852417,37332,37342,10
12.8770103455,80.2268218994,37342,37352,10
12.8777599335,80.2267608643,37352,37362,10
12.878780365,80.2266769409,37362,37372,10
12.8800296783,80.2266387939,37372,37382,10
12.8814296722,80.2266311646,37382,37392,10
12.8828897476,80.2266235352,37392,37402,10
12.8842401505,80.2266082764,37402,37412,10
12.8851299286,80.2265930176,37412,37422,10
12.8851699829,80.226600647,37422,37432,10
12.8855800629,80.2266693115,37432,37443,11
12.8864002228,80.226890564,37443,37453,10
12.8874397278,80.2271270752,37453,37463,10
12.8886699677,80.2272567749,37463,37473,10
12.8900299072,80.2272720337,37473,37483,10
12.8914203644,80.2272720337,37483,37493,10
12.8921298981,80.2273025513,37493,37503,10
12.8924198151,80.2273178101,37503,37513,10
12.8929195404,80.2273635864,37513,37523,10
12.8937702179,80.2274703979,37523,37533,10
12.8946399689,80.2275390625,37533,37544,11
12.8957099915,80.2275772095,37544,37554,10
12.8968296051,80.2276306152,37554,37564,10
12.8979301453,80.2276763916,37564,37574,10
12.8990001678,80.2277603149,37574,37655,81
12.8990001678,80.2277603149,37655,37665,10
12.8993597031,80.2278137207,37665,37705,40
12.8993597031,80.2278137207,37705,37715,10
12.8995399475,80.2278366089,37715,37725,10
12.9000301361,80.2278518677,37725,37735,10
12.9004898071,80.2278518677,37735,37745,10
12.9007196426,80.2278823853,37745,37754,9
12.9009799957,80.2279129028,37754,37766,12
12.9015703201,80.2279510498,37766,37776,10
12.9019098282,80.2279586792,37776,37786,10
12.9022598267,80.2279815674,37786,37796,10
12.9024000168,80.2279815674,37796,37806,10
12.9027900696,80.2279510498,37806,37816,10
12.9029197693,80.2279434204,37816,37826,10
12.9034099579,80.2279586792,37826,37836,10
12.9041900635,80.2280197144,37836,37846,10
12.9051599503,80.2280883789,37846,37856,10
12.9056301117,80.2281570435,37856,37887,31
12.9056301117,80.2281570435,37887,37897,10
12.9057102203,80.2282562256,37897,37907,10
12.905960083,80.2282562256,37907,37917,10
12.9062900543,80.2282180786,37917,37927,10
12.9064798355,80.2282180786,37927,37937,10
12.9068603516,80.2282791138,37937,37947,10
12.9076404572,80.2283706665,37947,37957,10
12.9086999893,80.2285232544,37957,37967,10
12.9100103378,80.228729248,37967,37978,11
12.911529541,80.2289276123,37978,37988,10
12.9129295349,80.2291183472,37988,37998,10
12.9137897491,80.2292327881,37998,38008,10
12.9138298035,80.2292327881,38008,38018,10
12.9139604568,80.2292480469,38018,38028,10
12.9145097733,80.2293624878,38028,38038,10
12.9154500961,80.2294998169,38038,38048,10
12.9166097641,80.2296600342,38048,38058,10
12.9179096222,80.2298126221,38058,38068,10
12.9191303253,80.2299880981,38068,38078,10
12.920539856,80.2301483154,38078,38089,11
12.9219999313,80.2303390503,38089,38099,10
12.9233398438,80.2305526733,38099,38109,10
12.9246397018,80.23072052,38109,38119,10
12.9259595871,80.2309036255,38119,38129,10
12.9270601273,80.2310028076,38129,38139,10
12.9273796082,80.2310180664,38139,38149,10
12.927740097,80.231086731,38149,38159,10
12.9284200668,80.2311782837,38159,38169,10
12.9289903641,80.2312698364,38169,38179,10
12.9296598434,80.2314224243,38179,38189,10
12.9304504395,80.2316207886,38189,38200,11
12.9316396713,80.2319793701,38200,38210,10
12.9328699112,80.2323989868,38210,38220,10
12.9335899353,80.2326889038,38220,38230,10
12.9336900711,80.2327575684,38230,38240,10
12.9341697693,80.2329711914,38240,38250,10
12.9349603653,80.2333297729,38250,38260,10
12.9356203079,80.2336425781,38260,38270,10
12.9356803894,80.2336730957,38270,38280,10
12.9359502792,80.2338027954,38280,38290,10
12.9366197586,80.23412323,38290,38300,10
12.9375400543,80.2345581055,38300,38311,11
12.9387998581,80.2351837158,38311,38321,10
12.9396495819,80.2355804443,38321,38331,10
12.9397697449,80.2356414795,38331,38341,10
12.9403095245,80.2358398438,38341,38351,10
12.9412002563,80.2360916138,38351,38361,10
12.94231987,80.2363586426,38361,38371,10
12.9434099197,80.2370071411,38371,38381,10
12.9442901611,80.2380065918,38381,38391,10
12.9451599121,80.2389373779,38391,38401,10
12.946100235,80.2395095825,38401,38412,11
12.9471302032,80.239906311,38412,38421,9
12.9472999573,80.239982605,38421,38432,11
12.9476804733,80.2401428223,38432,38442,10
12.9483203888,80.2404098511,38442,38452,10
12.9490499496,80.2407226563,38452,38462,10
12.9497995377,80.2409591675,38462,38472,10
12.9502696991,80.2410888672,38472,38482,10
12.9508495331,80.2412872314,38482,38492,10
12.9511604309,80.2413787842,38492,38502,10
12.9516801834,80.2415618896,38502,38512,10
12.9524402618,80.2418365479,38512,38523,11
12.9533395767,80.2422027588,38523,38533,10
12.9535703659,80.2422790527,38533,38543,10
12.9539804459,80.2424621582,38543,38553,10
12.9546604156,80.2427215576,38553,38563,10
12.9551801682,80.2428970337,38563,38573,10
12.9556903839,80.243057251,38573,38583,10
12.9560499191,80.2431564331,38583,38613,30
12.9560499191,80.2431564331,38613,38623,10
12.9562196732,80.243270874,38623,38634,11
12.9563903809,80.2433319092,38634,38644,10
12.9565200806,80.2433700562,38644,38654,10
12.9570999146,80.2436523438,38654,38664,10
12.9579401016,80.2440185547,38664,38674,10
12.9588699341,80.2444534302,38674,38684,10
12.9596300125,80.2447891235,38684,38694,10
12.959859848,80.2449035645,38694,38704,10
12.9603996277,80.2451477051,38704,38714,10
12.9612503052,80.2455368042,38714,38724,10
12.9622402191,80.2460174561,38724,38735,11
12.9631795883,80.2464981079,38735,38745,10
12.9635400772,80.2466812134,38745,38755,10
12.9639997482,80.2468490601,38755,38765,10
12.9647102356,80.2471084595,38765,38775,10
12.9656295776,80.2473831177,38775,38785,10
12.9663200378,80.2477035522,38785,38795,10
12.9665603638,80.2477874756,38795,38805,10
12.9667100906,80.2478637695,38805,38815,10
12.9667396545,80.2478790283,38815,38825,10
12.9669704437,80.2480316162,38825,38835,10
12.9675798416,80.2482528687,38835,38846,11
12.9685602188,80.2486495972,38846,38856,10
12.9697504044,80.2491226196,38856,38866,10
12.9710502625,80.2496185303,38866,38876,10
12.9724502563,80.2500228882,38876,38886,10
12.973859787,80.2503890991,38886,38896,10
12.9752998352,80.250793457,38896,38906,10
12.9767303467,80.2511825562,38906,38916,10
12.9778995514,80.2518692017,38916,38926,10
12.9783802032,80.2522201538,38926,38936,10
12.9785203934,80.2523193359,38936,38946,10
12.9787502289,80.2524337769,38946,38957,11
12.979590416,80.2525863647,38957,38967,10
12.9805698395,80.2526321411,38967,38977,10
12.9818096161,80.2526016235,38977,38987,10
12.9832296371,80.2525024414,38987,38997,10
12.9845104218,80.2522201538,38997,39007,10
12.9852199554,80.2520217896,39007,39249,242
12.9852199554,80.2520217896,39249,39259,10
12.9853096008,80.2519989014,39259,39269,10
12.9855899811,80.2519073486,39269,39280,11
12.9856100082,80.2518920898,39280,39290,10
12.9856901169,80.2518920898,39290,39300,10
12.9860401154,80.2517929077,39300,39310,10
12.9865703583,80.2516479492,39310,39320,10
12.9870500565,80.2514724731,39320,39582,262
12.9870500565,80.2514724731,39582,39592,10
12.9872398376,80.2514190674,39592,39603,11
12.9877099991,80.2513198853,39603,39613,10
12.9879198074,80.251739502,39613,39623,10
12.9879999161,80.252281189,39623,39633,10
12.9879102707,80.253112793,39633,39643,10
12.9878702164,80.2537994385,39643,39653,10
12.987830162,80.2542724609,39653,39673,20
12.987830162,80.2542724609,39673,39683,10
12.9877996445,80.2544708252,39683,39693,10
12.9877796173,80.2548980713,39693,39703,10
12.9877195358,80.2553787231,39703,39714,11
12.9876899719,80.255607605,39714,39724,10
12.987830162,80.2557983398,39724,39734,10
12.9883298874,80.2558288574,39734,39744,10
12.988820076,80.2558364868,39744,39754,10
12.9888601303,80.2558364868,39754,39764,10
12.989109993,80.255897522,39764,39774,10
12.9897603989,80.255897522,39774,39784,10
12.9905700684,80.2559432983,39784,39794,10
12.991350174,80.2559814453,39794,39804,10
12.9924001694,80.2559890747,39804,39815,11
12.9934196472,80.2559585571,39815,39825,10
12.9942598343,80.2559204102,39825,39835,10
12.9952096939,80.2558364868,39835,39845,10
12.996509552,80.2558288574,39845,39885,40
12.996509552,80.2558288574,39885,39895,10
12.9968900681,80.2557983398,39895,39905,10
12.9973802567,80.2557983398,39905,39915,10
12.9975500107,80.255821228,39915,39926,11
12.9976797104,80.2559585571,39926,39936,10
12.9976797104,80.256187439,39936,39946,10
12.9977302551,80.2565231323,39946,39956,10
12.997759819,80.256942749,39956,39976,20
12.997759819,80.256942749,39976,39986,10
12.9975204468,80.2570495605,39986,40026,40
12.9975204468,80.2570495605,40026,40037,11
12.9975004196,80.256942749,40037,40168,131
12.9975004196,80.256942749,40168,40178,10
12.9975004196,80.2566223145,40178,40188,10
12.9976301193,80.2561416626,40188,40198,10
12.9976701736,80.2559509277,40198,40208,10
12.9978199005,80.255859375,40208,40218,10
12.9981603622,80.255859375,40218,40228,10
12.9984903336,80.2559432983,40228,40238,10
12.9986400604,80.2559967041,40238,40249,11
12.9990501404,80.2560806274,40249,40299,50
12.9990501404,80.2560806274,40299,40309,10
12.9993801117,80.2561416626,40309,40319,10
12.9999599457,80.2562713623,40319,40329,10
13.0006303787,80.256362915,40329,40339,10
13.001250267,80.2564697266,40339,40349,10
13.0017900467,80.2565689087,40349,40360,11
13.0023403168,80.2566375732,40360,40370,10
13.0027599335,80.2567214966,40370,40380,10
13.0032901764,80.2568130493,40380,40390,10
13.0038795471,80.2569274902,40390,40400,10
13.0044698715,80.257019043,40400,40410,10
13.0047702789,80.2571029663,40410,40420,10
13.0048799515,80.2571411133,40420,40430,10
13.00522995,80.2571716309,40430,40440,10
13.0056695938,80.2572784424,40440,40450,10
13.0062599182,80.2574081421,40450,40501,51
13.0062599182,80.2574081421,40501,40511,10
13.0065097809,80.2572784424,40511,40521,10
13.0064897537,80.2566833496,40521,40531,10
13.0065002441,80.2559280396,40531,40541,10
13.0065002441,80.2552566528,40541,40551,10
13.0065402985,80.2547073364,40551,40561,10
13.0065202713,80.2538375854,40561,40571,10
13.0065202713,80.2528915405,40571,40582,11
13.0066204071,80.2525177002,40582,40592,10
13.0067195892,80.2528305054,40592,40602,10
13.0066995621,80.2533187866,40602,40662,60
13.006529808,80.2536010742,40662,41086,424
13.006529808,80.2536010742,41086,41096,10
13.0066204071,80.2538909912,41096,41106,10
13.0066404343,80.2543029785,41106,41116,10
13.0066099167,80.2546920776,41116,41127,11
13.0065898895,80.2550430298,41127,41137,10
13.0065803528,80.2552871704,41137,41147,10
13.0065698624,80.2559127808,41147,41157,10
13.0066099167,80.2565765381,41157,41167,10
13.0066204071,80.2570571899,41167,41217,50
13.0066204071,80.2570571899,41217,41227,10
13.0067195892,80.2573165894,41227,41238,11
13.0064897537,80.2575302124,41238,41248,10
13.0060300827,80.2574462891,41248,41258,10
13.0053396225,80.25730896,41258,41268,10
13.0048904419,80.2572097778,41268,41278,10
13.0042695999,80.2571105957,41278,41288,10
13.0037899017,80.2570037842,41288,41298,10
13.0033502579,80.2569122314,41298,41308,10
13.0028495789,80.2568283081,41308,41318,10
13.0022296906,80.2567367554,41318,41328,10
13.0016498566,80.2566604614,41328,41379,51
13.0016498566,80.2566604614,41379,41389,10
13.0012598038,80.2565536499,41389,41399,10
13.0007295609,80.2564926147,41399,41409,10
13.000120163,80.256401062,41409,41419,10
12.9996995926,80.2563476563,41419,41429,10
12.9996595383,80.2563323975,41429,41439,10
12.9995498657,80.2562713623,41439,41450,11
12.999130249,80.2561721802,41450,41460,10
12.9986400604,80.2561035156,41460,41470,10
12.998550415,80.2560806274,41470,41480,10
12.9984502792,80.256072998,41480,41490,10
12.9982004166,80.2560119629,41490,41500,10
12.9978103638,80.2559814453,41500,41510,10
12.9974403381,80.2559509277,41510,41520,10
12.9970502853,80.2559585571,41520,41530,10
12.9967498779,80.2559204102,41530,41540,10
12.9960298538,80.255897522,41540,41561,21
12.9960298538,80.255897522,41561,41571,10
12.9956197739,80.2558898926,41571,41601,30
12.9956197739,80.2558898926,41601,41611,10
12.9951496124,80.2558898926,41611,41621,10
12.9945201874,80.2559127808,41621,41631,10
12.9937601089,80.2559814453,41631,41641,10
12.9927196503,80.2560272217,41641,41651,10
12.9917001724,80.2560577393,41651,41661,10
12.9908599854,80.2560424805,41661,41672,11
12.9905195236,80.2559890747,41672,41682,10
12.9899702072,80.2559814453,41682,41692,10
12.9891796112,80.2559585571,41692,41702,10
12.9885902405,80.2559204102,41702,41793,91
12.9885902405,80.2559204102,41793,41803,10
12.9882802963,80.2558898926,41803,41813,10
12.9879398346,80.2558517456,41813,41823,10
12.9874801636,80.2557830811,41823,41833,10
12.9870004654,80.2556915283,41833,41843,10
12.9864597321,80.2555999756,41843,41853,10
12.9861402512,80.2555618286,41853,41873,20
12.9861402512,80.2555618286,41873,41884,11
12.985710144,80.2554702759,41884,41894,10
12.9852304459,80.2553634644,41894,41904,10
12.9846496582,80.2552032471,41904,41914,10
12.9843397141,80.2550964355,41914,41924,10
12.9839296341,80.2550201416,41924,41934,10
12.9834899902,80.2549209595,41934,41944,10
12.9830999374,80.2547988892,41944,41954,10
12.9826202393,80.2546463013,41954,41964,10
12.9820804596,80.2541275024,41964,41974,10
12.9818201065,80.2533035278,41974,41984,10
12.9813604355,80.252822876,41984,41995,11
12.9807300568,80.2527999878,41995,42005,10
12.9803695679,80.2527923584,42005,42015,10
12.9800195694,80.2527618408,42015,42025,10
12.9794301987,80.2526931763,42025,42035,10
12.9788103104,80.2526168823,42035,42045,10
12.9787797928,80.2526168823,42045,42055,10
12.9786396027,80.2525787354,42055,42065,10
12.9781999588,80.2523498535,42065,42075,10
12.9776000977,80.2518005371,42075,42085,10
12.9767303467,80.2513122559,42085,42095,10
12.9757699966,80.2510070801,42095,42106,11
12.9745397568,80.2506484985,42106,42116,10
12.973279953,80.2502975464,42116,42126,10
12.9719896317,80.2499694824,42126,42136,10
12.9707603455,80.2497024536,42136,42146,10
12.9696702957,80.2492828369,42146,42156,10
12.9686203003,80.2489013672,42156,42166,10
12.9675397873,80.2484436035,42166,42176,10
12.9665002823,80.2479476929,42176,42186,10
12.9655303955,80.2475585938,42186,42196,10
12.9650602341,80.2473831177,42196,42207,11
12.9648704529,80.2472915649,42207,42217,10
12.9642801285,80.2470703125,42217,42227,10
12.9634799957,80.2467575073,42227,42237,10
12.9626398087,80.2463378906,42237,42247,10
12.9615402222,80.2458114624,42247,42257,10
12.9603204727,80.2452163696,42257,42267,10
12.9594497681,80.2448501587,42267,42277,10
12.959280014,80.2447814941,42277,42287,10
12.9588003159,80.2445602417,42287,42297,10
12.9580402374,80.2442169189,42297,42307,10
12.957400322,80.243927002,42307,42318,11
12.9569301605,80.2436523438,42318,42328,10
12.9566297531,80.243560791,42328,42338,10
12.9565200806,80.243522644,42338,42348,10
12.9562501907,80.2434082031,42348,42358,10
12.955789566,80.2433013916,42358,42368,10
12.9551200867,80.243019104,42368,42378,10
12.9543504715,80.2426986694,42378,42388,10
12.9537801743,80.2424621582,42388,42398,10
12.9532203674,80.2421875,42398,42408,10
12.9526996613,80.2419967651,42408,42418,10
12.9520597458,80.2418136597,42418,42429,11
12.9517002106,80.2416915894,42429,42439,10
12.9513502121,80.2415618896,42439,42449,10
12.950630188,80.2413330078,42449,42459,10
12.9500398636,80.2411499023,42459,42469,10
12.9499197006,80.2411117554,42469,42479,10
12.9497299194,80.2410430908,42479,42489,10
12.9494199753,80.2409362793,42489,42499,10
12.9492301941,80.2408828735,42499,42509,10
12.9490995407,80.2408370972,42509,42519,10
12.9485702515,80.2406311035,42519,42528,9
12.9478902817,80.2403411865,42528,42540,12
12.9472303391,80.2400970459,42540,42550,10
12.94713974,80.2400817871,42550,42560,10
12.9466896057,80.2398986816,42560,42570,10
12.945980072,80.2395782471,42570,42580,10
12.9451198578,80.2390975952,42580,42590,10
12.944319725,80.2382507324,42590,42600,10
12.9435596466,80.237411499,42600,42610,10
12.9427204132,80.2367019653,42610,42620,10
12.9416303635,80.2363204956,42620,42630,10
12.9405698776,80.236076355,42630,42640,10
12.9399499893,80.2359008789,42640,42651,11
12.939909935,80.2359008789,42651,42661,10
12.9396800995,80.2357788086,42661,42671,10
12.939040184,80.2354507446,42671,42681,10
12.9381504059,80.2350234985,42681,42691,10
12.9370803833,80.2344970703,42691,42701,10
12.9361696243,80.2340393066,42701,42711,10
12.935500145,80.2337417603,42711,42721,10
12.9346103668,80.2333526611,42721,42731,10
12.9340000153,80.2330932617,42731,42741,10
12.9338798523,80.2330093384,42741,42752,11
12.9336204529,80.2328720093,42752,42762,10
12.9329795837,80.2325820923,42762,42772,10
12.9320802689,80.2322463989,42772,42782,10
12.9309597015,80.2318725586,42782,42792,10
12.9298601151,80.2315368652,42792,42802,10
12.9292097092,80.2313766479,42802,42812,10
12.9286603928,80.231300354,42812,42822,10
12.9279203415,80.2311935425,42822,42832,10
12.9269104004,80.2310562134,42832,42842,10
12.9262895584,80.2310028076,42842,42852,10
12.9258499146,80.2309494019,42852,42863,11
12.9257001877,80.2309417725,42863,42873,10
12.9254398346,80.2308883667,42873,42883,10
12.9246997833,80.2308120728,42883,42893,10
12.9237003326,80.2306900024,42893,42903,10
12.9224796295,80.2304992676,42903,42913,10
12.9211196899,80.2303237915,42913,42923,10
12.919670105,80.230140686,42923,42933,10
12.9181604385,80.2299575806,42933,42943,10
12.9172401428,80.2298278809,42943,42953,10
12.9170503616,80.2297897339,42953,42963,10
12.9163999557,80.2296981812,42963,42974,11
12.9153604507,80.2295608521,42974,42984,10
12.9141397476,80.2294006348,42984,42994,10
12.9131498337,80.2292709351,42994,43004,10
12.9122495651,80.2290802002,43004,43014,10
12.9109897614,80.2288970947,43014,43024,10
12.9096002579,80.2286987305,43024,43034,10
12.9082899094,80.2284698486,43034,43044,10
12.9077701569,80.2284088135,43044,43054,10
12.9072599411,80.2283401489,43054,43105,51
12.9072599411,80.2283401489,43105,43115,10
12.90721035,80.2283401489,43115,43125,10
12.9068803787,80.228302002,43125,43135,10
12.9062795639,80.2282562256,43135,43145,10
12.905380249,80.2282028198,43145,43155,10
12.9041795731,80.2281417847,43155,43165,10
12.9028596878,80.2280807495,43165,43175,10
12.9019002914,80.2280502319,43175,43185,10
12.9013795853,80.2279129028,43185,43216,31
12.9014196396,80.2276687622,43216,43236,20
12.9014196396,80.2276687622,43236,43246,10
12.9012298584,80.2276535034,43246,43256,10
12.9007301331,80.2277069092,43256,43266,10
12.9000396729,80.2277679443,43266,43276,10
12.8993301392,80.2278366089,43276,43307,31
12.8993301392,80.2278366089,43307,43317,10
12.8988704681,80.2278900146,43317,43327,10
12.8981800079,80.2278366089,43327,43337,10
12.8972997665,80.2277679443,43337,43347,10
12.8961400986,80.2277069092,43347,43357,10
12.8948602676,80.2276535034,43357,43367,10
12.8935899734,80.2275390625,43367,43377,10
12.8929300308,80.2274475098,43377,43387,10
12.8927402496,80.2274169922,43387,43397,10
12.8921699524,80.2273864746,43397,43408,11
12.8912000656,80.2273712158,43408,43418,10
12.8900995255,80.2273788452,43418,43428,10
12.8890600204,80.2273864746,43428,43438,10
12.8882198334,80.2273712158,43438,43448,10
12.887169838,80.2272415161,43448,43458,10
12.8859996796,80.2269515991,43458,43468,10
12.8849897385,80.2267532349,43468,43478,10
12.8838996887,80.2267227173,43478,43488,10
12.882610321,80.2267379761,43488,43498,10
12.8813896179,80.2267608643,43498,43508,10
12.880279541,80.2267608643,43508,43519,11
12.8789901733,80.2267913818,43519,43529,10
12.8779001236,80.2268600464,43529,43539,10
12.8771295547,80.2269363403,43539,43549,10
12.8769598007,80.2269668579,43549,43559,10
12.8767499924,80.2269897461,43559,43569,10
12.8765201569,80.2270126343,43569,43579,10
12.8761196136,80.2270278931,43579,43589,10
12.8753595352,80.2269897461,43589,43599,10
12.8743495941,80.2268676758,43599,43609,10
12.8733701706,80.2267837524,43609,43619,10
12.8727703094,80.2267684937,43619,43630,11
12.8720998764,80.2267532349,43630,43640,10
12.8718900681,80.2267303467,43640,43650,10
12.8713302612,80.2266998291,43650,43660,10
12.8704996109,80.2266616821,43660,43670,10
12.8694295883,80.2265319824,43670,43680,10
12.8682804108,80.2264099121,43680,43690,10
12.8671197891,80.2264709473,43690,43700,10
12.8662099838,80.226600647,43700,43710,10
12.8650302887,80.2266311646,43710,43720,10
12.863699913,80.2265625,43720,43729,9
12.8625001907,80.2265777588,43729,43741,12
12.8611898422,80.2266387939,43741,43751,10
12.8610496521,80.2266082764,43751,43761,10
12.86054039,80.2265701294,43761,43771,10
12.8596897125,80.2264633179,43771,43781,10
12.8591098785,80.2264022827,43781,43791,10
12.8589496613,80.2263565063,43791,43801,10
12.8588104248,80.2263336182,43801,43811,10
12.8585395813,80.2263183594,43811,43821,10
12.8578596115,80.2262878418,43821,43831,10
12.8569602966,80.2263717651,43831,43841,10
12.855799675,80.2265014648,43841,43852,11
12.8543195724,80.2266464233,43852,43862,10
12.8528795242,80.2267379761,43862,43872,10
12.8513803482,80.2266769409,43872,43882,10
12.8502502441,80.2265930176,43882,43892,10
12.8498601913,80.2266311646,43892,43902,10
12.8493099213,80.2266311646,43902,43912,10
12.8484601974,80.2266311646,43912,43922,10
12.8472700119,80.2266311646,43922,43932,10
12.8462200165,80.2266387939,43932,43942,10
12.8456001282,80.2266387939,43942,43953,11
12.8454999924,80.2266387939,43953,43963,10
12.8452396393,80.2266311646,43963,43973,10
12.8445301056,80.2266693115,43973,43983,10
12.8435497284,80.2267532349,43983,43993,10
12.8423099518,80.2269592285,43993,44003,10
12.8409795761,80.2272491455,44003,44013,10
12.8397798538,80.2276687622,44013,44043,30
12.8397798538,80.2276687622,44043,44052,9
12.8395900726,80.2277832031,44052,44064,12
12.8387203217,80.2279815674,44064,44074,10
12.8377103806,80.2282028198,44074,44084,10
12.8364295959,80.2284088135,44084,44094,10
12.8350296021,80.2285995483,44094,44104,10
12.8336000443,80.2288208008,44104,44114,10
12.8324804306,80.229019165,44114,44124,10
12.8318099976,80.2292327881,44124,44134,10
12.8317899704,80.2292327881,44134,44144,10
12.831580162,80.2292785645,44144,44154,10
12.8309202194,80.2294769287,44154,44163,9
12.8300199509,80.2298126221,44163,44175,12
12.8286800385,80.2303390503,44175,44185,10
12.8275003433,80.2310409546,44185,44195,10
12.8261899948,80.2313766479,44195,44205,10
12.8247499466,80.2313919067,44205,44215,10
12.8232898712,80.2310180664,44215,44225,10
12.8218097687,80.2305831909,44225,44235,10
12.8203201294,80.23046875,44235,44245,10
12.8190097809,80.2304763794,44245,44255,10
12.8180503845,80.2301177979,44255,44265,10
12.8168201447,80.229598999,44265,44275,10
12.8153896332,80.2293624878,44275,44286,11
12.8137598038,80.229057312,44286,44296,10
12.8122997284,80.2285614014,44296,44306,10
12.8108301163,80.228012085,44306,44316,10
12.8094596863,80.2274169922,44316,44326,10
12.8082895279,80.2265701294,44326,44336,10
12.8071899414,80.2256393433,44336,44346,10
12.8063898087,80.2249069214,44346,44356,10
12.8056201935,80.2242507935,44356,44366,10
12.8049602509,80.224029541,44366,44376,10
12.8047399521,80.223991394,44376,44385,9
12.8044900894,80.2239532471,44385,44397,12
12.803730011,80.2238693237,44397,44407,10
12.8028097153,80.2237930298,44407,44417,10
12.8016796112,80.2236480713,44417,44427,10
12.800860405,80.2236175537,44427,44437,10
12.8006896973,80.2236099243,44437,44447,10
12.8000898361,80.2235412598,44447,44457,10
12.7990102768,80.2234420776,44457,44467,10
12.7977399826,80.2231826782,44467,44477,10
12.7964296341,80.2229995728,44477,44486,9
12.7958803177,80.2229232788,44486,44498,12
12.7958498001,80.2229232788,44498,44508,10
12.7954702377,80.2228622437,44508,44518,10
12.794719696,80.2227401733,44518,44528,10
12.7937297821,80.2226104736,44528,44538,10
12.7925100327,80.2224121094,44538,44548,10
12.7912197113,80.2220993042,44548,44558,10
12.7900800705,80.2218170166,44558,44568,10
12.7894096375,80.2216033936,44568,44578,10
12.7889499664,80.2214202881,44578,44588,10
12.7886104584,80.2212982178,44588,44598,10
12.7881498337,80.2210998535,44598,44609,11
12.7874202728,80.2208328247,44609,44649,40
12.7871799469,80.220703125,44649,44699,50
12.7870903015,80.2206726074,44699,44730,31
12.7870903015,80.2206726074,44730,44740,10
12.7870101929,80.2206192017,44740,44750,10
12.786740303,80.2205276489,44750,44760,10
12.7865400314,80.2204589844,44760,44770,10
12.7863502502,80.2203826904,44770,44780,10
12.7861099243,80.2202911377,44780,44790,10
12.7856197357,80.2201309204,44790,44800,10
12.7846097946,80.2196121216,44800,44831,31
12.7846097946,80.2196121216,44831,44841,10
12.7843904495,80.2194900513,44841,44851,10
12.7838497162,80.2191696167,44851,44861,10
12.7830295563,80.2186965942,44861,44871,10
12.7819499969,80.2181015015,44871,44881,10
12.7807502747,80.2174530029,44881,44891,10
12.7794799805,80.2167663574,44891,44901,10
12.7781600952,80.2160797119,44901,44910,9
12.776889801,80.2155380249,44910,44920,10
12.7754402161,80.2149429321,44920,44931,11
12.7739801407,80.2143478394,44931,44942,11
12.7725696564,80.2137985229,44942,44952,10
12.7714099884,80.2133789063,44952,44962,10
12.7707395554,80.2131195068,44962,44972,10
12.7707996368,80.2129211426,44972,44982,10
12.7708797455,80.2128219604,44982,44992,10
12.7709798813,80.212348938,44992,45002,10
12.7712097168,80.211479187,45002,45012,10
12.7717103958,80.2104568481,45012,45022,10
12.7722597122,80.2092285156,45022,45032,10
12.7726402283,80.2078781128,45032,45043,11
12.7729797363,80.2066421509,45043,45053,10
12.7730998993,80.2063064575,45053,45063,10
12.7731800079,80.2059936523,45063,45073,10
12.7733402252,80.2052383423,45073,45083,10
12.7734699249,80.204208374,45083,45093,10
12.7736701965,80.2030410767,45093,45103,10
12.7738304138,80.2018432617,45103,45113,10
12.773900032,80.2010269165,45113,45123,10
12.7739095688,80.2008514404,45123,45133,10
12.7739696503,80.2002105713,45133,45143,10
12.7740402222,80.1992874146,45143,45154,11
12.7741603851,80.1979827881,45154,45164,10
12.7742099762,80.1966629028,45164,45174,10
12.7742795944,80.1953811646,45174,45184,10
12.7745199203,80.1943435669,45184,45194,10
12.7746801376,80.1936035156,45194,45204,10
12.7746801376,80.1935882568,45204,45214,10
12.7747402191,80.193397522,45214,45224,10
12.7750196457,80.1928863525,45224,45234,10
12.775349617,80.1921234131,45234,45244,10
12.7752199173,80.1914520264,45244,45253,9
12.7748699188,80.1906814575,45253,45265,12
12.7738895416,80.1896362305,45265,45275,10
12.7727098465,80.1891937256,45275,45285,10
12.7715396881,80.1887512207,45285,45295,10
12.771030426,80.1880111694,45295,45305,10
12.7709102631,80.186958313,45305,45315,10
12.7708797455,80.1867599487,45315,45325,10
12.7708501816,80.186630249,45325,45335,10
12.7707796097,80.1861190796,45335,45345,10
12.7707500458,80.1853408813,45345,45355,10
12.7705202103,80.1846618652,45355,45365,10
12.7699203491,80.1845092773,45365,45376,11
12.7692298889,80.1842269897,45376,45386,10
12.7691698074,80.1841964722,45386,45396,10
12.7688999176,80.1840209961,45396,45406,10
12.7684698105,80.1836013794,45406,45416,10
12.7678604126,80.1833190918,45416,45426,10
12.7670402527,80.1830215454,45426,45436,10
12.766119957,80.1826629639,45436,45446,10
12.7656002045,80.1826095581,45446,45456,10
12.7655000687,80.1825866699,45456,45466,10
12.7649898529,80.1825408936,45466,45476,10
12.7641801834,80.1824188232,45476,45487,11
12.7635498047,80.1824111938,45487,45497,10
12.7631902695,80.1834487915,45497,45517,20
12.7631902695,80.1834487915,45517,45527,10
12.7630701065,80.1837692261,45527,45537,10
12.7629899979,80.1841964722,45537,45547,10
12.7629995346,80.1845703125,45547,45557,10
12.7628202438,80.1849822998,45557,45567,10
12.7622995377,80.1849365234,45567,45577,10
12.7617301941,80.1849212646,45577,45587,10
12.7615003586,80.1847000122,45587,45598,11
12.7614803314,80.1848373413,45598,45739,141
12.7614803314,80.1848373413,45739,45749,10
12.7617502213,80.1849212646,45749,45951,202
12.7617502213,80.1849212646,45951,45961,10
12.7621097565,80.1849594116,45961,45971,10
12.7625198364,80.184967041,45971,45981,10
12.7627897263,80.1849899292,45981,45991,10
12.7629804611,80.1847229004,45991,46001,10
12.7630195618,80.1844177246,46001,46011,10
12.7629899979,80.1841430664,46011,46021,10
12.7630596161,80.1838302612,46021,46032,11
12.7631597519,80.1835021973,46032,46042,10
12.7632102966,80.183380127,46042,46052,10
12.7633199692,80.1829681396,46052,46062,10
12.7634296417,80.1825332642,46062,46072,10
12.7638597488,80.1824417114,46072,46082,10
12.7645397186,80.1825180054,46082,46092,10
12.7652196884,80.1825866699,46092,46102,10
12.7659196854,80.1826782227,46102,46112,10
12.7665996552,80.1828308105,46112,46122,10
12.7673101425,80.1831588745,46122,46132,10
12.7679796219,80.1833877563,46132,46143,11
12.7685804367,80.1837387085,46143,46153,10
12.7690200806,80.1841278076,46153,46163,10
12.7691297531,80.1841964722,46163,46173,10
12.7691802979,80.1842498779,46173,46183,10
12.7694997787,80.1844024658,46183,46193,10
12.7700500488,80.1845703125,46193,46203,10
12.7705802917,80.1847076416,46203,46213,10
12.7706899643,80.1850585938,46213,46223,10
12.7707300186,80.185760498,46223,46233,10
12.7708301544,80.1865997314,46233,46242,9
12.7709102631,80.1871109009,46242,46254,12
12.770939827,80.1874694824,46254,46264,10
12.7710504532,80.1881790161,46264,46274,10
12.7715396881,80.1887969971,46274,46284,10
12.7725095749,80.1891403198,46284,46294,10
12.7735204697,80.1895599365,46294,46304,10
12.774430275,80.1902389526,46304,46314,10
12.7750997543,80.191078186,46314,46324,10
12.7753400803,80.1920776367,46324,46334,10
12.7753000259,80.1925964355,46334,46344,10
12.7746400833,80.1937789917,46344,46365,21
12.7746400833,80.1937789917,46365,46375,10
12.7745304108,80.1942214966,46375,46385,10
12.7743701935,80.1949615479,46385,46395,10
12.7742300034,80.1958999634,46395,46405,10
12.7741699219,80.1969299316,46405,46415,10
12.7741298676,80.1979904175,46415,46425,10
12.7740602493,80.1989212036,46425,46435,10
12.7739696503,80.1999893188,46435,46445,10
12.7738704681,80.2010421753,46445,46455,10
12.7737903595,80.2021636963,46455,46465,10
12.7735996246,80.2033004761,46465,46476,11
12.7734098434,80.2045822144,46476,46486,10
12.7732200623,80.2056808472,46486,46496,10
12.7730197906,80.2065124512,46496,46506,10
12.7729902267,80.2065887451,46506,46516,10
12.7729101181,80.2068405151,46516,46526,10
12.7728004456,80.2072219849,46526,46536,10
12.7726898193,80.2076263428,46536,46546,10
12.7725696564,80.2080993652,46546,46556,10
12.7724304199,80.2085571289,46556,46566,10
12.7722501755,80.2091598511,46566,46577,11
12.7720098495,80.2098464966,46577,46587,10
12.7715997696,80.210647583,46587,46597,10
12.7711801529,80.2115707397,46597,46607,10
12.770939827,80.2123565674,46607,46617,10
12.7707996368,80.2130889893,46617,46637,20
12.7707996368,80.2130889893,46637,46647,10
12.7711496353,80.2132720947,46647,46657,10
12.7717599869,80.2134780884,46657,46667,10
12.7725400925,80.2137527466,46667,46676,9
12.7734203339,80.2140884399,46676,46688,12
12.7748098373,80.2146377563,46688,46698,10
12.7760295868,80.2151412964,46698,46708,10
12.7772197723,80.2156295776,46708,46718,10
12.7784900665,80.2161865234,46718,46728,10
12.7796802521,80.2168197632,46728,46738,10
12.7808103561,80.2174301147,46738,46748,10
12.7819595337,80.2180633545,46748,46758,10
12.7830200195,80.2186431885,46758,46768,10
12.7838802338,80.2191390991,46768,46778,10
12.7844104767,80.2194519043,46778,46788,10
12.7849798203,80.2197494507,46788,46799,11
12.7856302261,80.2200469971,46799,46809,10
12.7860298157,80.2202072144,46809,46819,10
12.7862596512,80.2203216553,46819,46839,20
12.7862596512,80.2203216553,46839,46849,10
12.786359787,80.2204437256,46849,46859,10
12.7866601944,80.2205734253,46859,46869,10
12.787229538,80.220741272,46869,46879,10
12.7878799438,80.2209396362,46879,46889,10
12.7886400223,80.2212219238,46889,46899,10
12.7895402908,80.2215576172,46899,46910,11
12.7904100418,80.2218170166,46910,46920,10
12.7915296555,80.2221069336,46920,46930,10
12.7928199768,80.2223968506,46930,46940,10
12.7941198349,80.2225799561,46940,46950,10
12.7953195572,80.2227783203,46950,46960,10
12.7963199615,80.2229385376,46960,46970,10
12.7964096069,80.2229690552,46970,46980,10
12.7967500687,80.2230300903,46980,46990,10
12.797419548,80.22315979,46990,47000,10
12.7982397079,80.2232284546,47000,47010,10
12.7992801666,80.2233123779,47010,47021,11
12.8006000519,80.223449707,47021,47031,10
12.8014202118,80.2235412598,47031,47041,10
12.8015804291,80.2235794067,47041,47051,10
12.8021001816,80.2236404419,47051,47061,10
12.8027896881,80.223739624,47061,47071,10
12.803560257,80.2238082886,47071,47081,10
12.8044500351,80.2238769531,47081,47091,10
12.8051595688,80.2239990234,47091,47101,10
12.8054800034,80.2240829468,47101,47110,9
12.8055696487,80.2241287231,47110,47122,12
12.8060598373,80.2244873047,47122,47132,10
12.8067703247,80.2251281738,47132,47142,10
12.8076896667,80.2259292603,47142,47152,10
12.8087100983,80.2268066406,47152,47162,10
12.8097200394,80.2274780273,47162,47172,10
12.8107995987,80.227897644,47172,47182,10
12.8120603561,80.2284088135,47182,47192,10
12.8134298325,80.2288894653,47192,47202,10
12.8148803711,80.2292327881,47202,47212,10
12.8163700104,80.2294464111,47212,47222,10
12.8176698685,80.2298431396,47222,47233,11
12.8185997009,80.2302703857,47233,47243,10
12.8193302155,80.2304000854,47243,47253,10
12.8197698593,80.2304000854,47253,47263,10
12.8200502396,80.2304077148,47263,47273,10
12.8207702637,80.2303771973,47273,47283,10
12.8217802048,80.2304763794,47283,47293,10
12.8230199814,80.2308502197,47293,47303,10
12.8241596222,80.2311172485,47303,47313,10
12.8254404068,80.231338501,47313,47323,10
12.8268499374,80.2312393188,47323,47333,10
12.8281698227,80.2306213379,47333,47344,11
12.8296604156,80.2298965454,47344,47354,10
12.8310003281,80.2293777466,47354,47374,20
12.8310003281,80.2293777466,47374,47384,10
12.8311500549,80.2293701172,47384,47394,10
12.8314504623,80.2292098999,47394,47404,10
12.8320598602,80.229057312,47404,47414,10
12.8329401016,80.2288894653,47414,47424,10
12.8340797424,80.2286911011,47424,47434,10
12.8352603912,80.2284927368,47434,47444,10
12.8365297318,80.2283096313,47444,47455,11
12.8379802704,80.2280578613,47455,47465,10
12.8387098312,80.2278518677,47465,47475,10
12.8391504288,80.2276763916,47475,47505,30
12.8391504288,80.2276763916,47505,47515,10
12.839630127,80.2275238037,47515,47525,10
12.8402996063,80.2274169922,47525,47535,10
12.8412303925,80.2271881104,47535,47544,9
12.8422603607,80.2270202637,47544,47556,12
12.8438396454,80.2267303467,47556,47566,10
12.8450498581,80.2265930176,47566,47576,10
12.8453598022,80.2265396118,47576,47586,10
12.8456096649,80.2265396118,47586,47596,10
12.8462600708,80.2265167236,47596,47606,10
12.8472499847,80.2265090942,47606,47616,10
12.8484296799,80.2265319824,47616,47626,10
12.8496398926,80.2264862061,47626,47636,10
12.8499403,80.2264785767,47636,47646,10
12.850110054,80.2265090942,47646,47656,10
12.8507003784,80.2265167236,47656,47667,11
12.8516397476,80.2265472412,47667,47677,10
12.8528499603,80.2266387939,47677,47687,10
12.854180336,80.2265396118,47687,47697,10
12.8555402756,80.2263793945,47697,47707,10
12.8569698334,80.2262191772,47707,47717,10
12.8582000732,80.2261505127,47717,47727,10
12.8594703674,80.2263031006,47727,47737,10
12.8606395721,80.2264709473,47737,47747,10
12.8608703613,80.2264709473,47747,47757,10
12.8610696793,80.2264785767,47757,47767,10
12.8617401123,80.2264785767,47767,47778,11
12.8627796173,80.2264328003,47778,47788,10
12.8639297485,80.2264633179,47788,47798,10
12.8653097153,80.2265396118,47798,47808,10
12.8667802811,80.2264480591,47808,47818,10
12.8682699203,80.2263031006,47818,47828,10
12.869799614,80.2264633179,47828,47838,10
12.871219635,80.2265930176,47838,47848,10
12.8724803925,80.226600647,47848,47858,10
12.872879982,80.226600647,47858,47868,10
12.8729095459,80.2266235352,47868,47879,11
12.873339653,80.2266235352,47879,47889,10
12.87403965,80.2266921997,47889,47899,10
12.8749799728,80.2268218994,47899,47909,10
12.8768100739,80.2268371582,47909,47929,20
12.8768100739,80.2268371582,47929,47939,10
12.8772001266,80.2268218994,47939,47949,10
12.8780002594,80.2267608643,47949,47959,10
12.8790102005,80.2266998291,47959,47969,10
12.8802404404,80.2266616821,47969,47979,10
12.8816404343,80.2266235352,47979,47990,11
12.8832597733,80.2266235352,47990,48000,10
12.8846597672,80.226600647,48000,48010,10
12.8851804733,80.2266082764,48010,48020,10
12.8854198456,80.2266616821,48020,48030,10
12.886059761,80.2268218994,48030,48040,10
12.8869695663,80.2270584106,48040,48050,10
12.888130188,80.2272186279,48050,48060,10
12.8894796371,80.2272720337,48060,48070,10
12.8908100128,80.2272720337,48070,48080,10
12.8920001984,80.2272796631,48080,48090,10
12.892490387,80.2273178101,48090,48101,11
12.8928699493,80.2273712158,48101,48111,10
12.8936300278,80.2274780273,48111,48121,10
12.8946504593,80.2275695801,48121,48131,10
12.8957700729,80.2276000977,48131,48141,10
12.8970603943,80.2276611328,48141,48151,10
12.8983898163,80.2277297974,48151,48161,10
12.8996400833,80.2277984619,48161,48171,10
12.9005098343,80.2277908325,48171,48272,101
12.9005098343,80.2277908325,48272,48282,10
12.9006299973,80.2278289795,48282,48292,10
12.9008998871,80.2278594971,48292,48302,10
12.9013795853,80.2279205322,48302,48313,11
12.9020795822,80.2279586792,48313,48323,10
12.9027004242,80.2279968262,48323,48333,10
12.9029798508,80.2279586792,48333,48343,10
12.9033203125,80.2279891968,48343,48353,10
12.9041004181,80.2280426025,48353,48363,10
12.9050703049,80.2281036377,48363,48373,10
12.9057598114,80.2281417847,48373,48383,10
12.905960083,80.2281417847,48383,48393,10
12.9062995911,80.2281265259,48393,48403,10
12.9066801071,80.2281494141,48403,48413,10
12.9075202942,80.2282867432,48413,48424,11
12.908780098,80.2284927368,48424,48434,10
12.9100103378,80.2287063599,48434,48444,10
12.9112596512,80.2288970947,48444,48454,10
12.9124698639,80.2290802002,48454,48464,10
12.9135799408,80.2292327881,48464,48474,10
12.9139003754,80.2292633057,48474,48484,10
12.914270401,80.2293319702,48484,48494,10
12.9149303436,80.2294006348,48494,48504,10
12.9159603119,80.2295684814,48504,48514,10
12.9171600342,80.2297515869,48514,48524,10
12.9184103012,80.229927063,48524,48535,11
12.9197301865,80.2300720215,48535,48545,10
12.9210195541,80.2302093506,48545,48555,10
12.9222898483,80.2303924561,48555,48565,10
12.9236097336,80.2306213379,48565,48575,10
12.9250297546,80.2307662964,48575,48585,10
12.926199913,80.2309417725,48585,48595,10
12.9266500473,80.2309494019,48595,48605,10
12.9271297455,80.231010437,48605,48615,10
12.9279699326,80.2311019897,48615,48625,10
12.9287099838,80.2312088013,48625,48634,9
12.9289999008,80.2312698364,48634,48646,12
12.9298400879,80.2314376831,48646,48656,10
12.930850029,80.2317199707,48656,48666,10
12.9320602417,80.2321166992,48666,48676,10
12.9332304001,80.2325515747,48676,48686,10
12.9336700439,80.2327423096,48686,48696,10
12.9338502884,80.2328186035,48696,48706,10
12.9344997406,80.2331237793,48706,48716,10
12.9353704453,80.233543396,48716,48726,10
12.9364404678,80.234046936,48726,48736,10
12.9376497269,80.23462677,48736,48746,10
12.9389400482,80.2352828979,48746,48757,11
12.939740181,80.2356567383,48757,48767,10
12.9397697449,80.2357025146,48767,48777,10
12.9401702881,80.2358474731,48777,48787,10
12.9409799576,80.2360610962,48787,48797,10
12.942029953,80.2363128662,48797,48807,10
12.9431800842,80.2368469238,48807,48817,10
12.9441099167,80.2378692627,48817,48827,10
12.9449901581,80.2388381958,48827,48837,10
12.9461297989,80.2395629883,48837,48847,10
12.9469804764,80.2398834229,48847,48858,11
12.9469995499,80.2398834229,48858,48868,10
12.9472904205,80.240020752,48868,48878,10
12.9479799271,80.2402877808,48878,48888,10
12.9484901428,80.2404403687,48888,48898,10
12.9487400055,80.240562439,48898,48908,10
12.9492397308,80.2407684326,48908,48918,10
12.9499797821,80.2410125732,48918,48928,10
12.9506397247,80.2412261963,48928,48938,10
12.950799942,80.2413101196,48938,48948,10
12.9510803223,80.2413635254,48948,48957,9
12.9513502121,80.2414932251,48957,48969,12
12.9520101547,80.2417068481,48969,48979,10
12.952870369,80.2420425415,48979,48989,10
12.953909874,80.24243927,48989,48999,10
12.9548397064,80.2427978516,48999,49009,10
12.9556598663,80.2431335449,49009,49019,10
12.9561004639,80.2432403564,49019,49029,10
12.956199646,80.2432785034,49029,49069,40
12.956199646,80.2432785034,49069,49080,11
12.9564695358,80.2433929443,49080,49090,10
12.9569301605,80.2436218262,49090,49100,10
12.9576501846,80.2439804077,49100,49110,10
12.958530426,80.2443618774,49110,49120,10
12.9590396881,80.2445602417,49120,49130,10
12.9595603943,80.2448120117,49130,49140,10
12.9603996277,80.2451934814,49140,49150,10
12.9614696503,80.2456665039,49150,49160,10
12.9626102448,80.2462234497,49160,49170,10
12.9634199142,80.2466506958,49170,49180,10
12.9641199112,80.2469100952,49180,49191,11
12.9649000168,80.2471694946,49191,49251,60
12.9649000168,80.2471694946,49251,49261,10
12.9651899338,80.2472991943,49261,49271,10
12.9654102325,80.2473678589,49271,49280,9
12.9655303955,80.247428894,49280,49292,12
12.9656200409,80.2474975586,49292,49302,10
12.965760231,80.2475814819,49302,49312,10
12.9659004211,80.2476425171,49312,49322,10
12.9661397934,80.2477416992,49322,49332,10
12.9666595459,80.2479782104,49332,49342,10
12.9672698975,80.2481994629,49342,49352,10
12.9676504135,80.2483901978,49352,49362,10
12.9680995941,80.2486114502,49362,49372,10
12.9691095352,80.2489013672,49372,49382,10
12.9702596664,80.2493133545,49382,49392,10
12.971619606,80.2497329712,49392,49403,11
12.9730501175,80.2501220703,49403,49413,10
12.9742097855,80.2504730225,49413,49423,10
12.9754896164,80.2508392334,49423,49433,10
12.9767198563,80.2511901855,49433,49443,10
12.9777698517,80.2517700195,49443,49453,10
12.9785995483,80.2523269653,49453,49463,10
12.9786701202,80.2523727417,49463,49473,10
12.9790802002,80.2525405884,49473,49483,10
12.9796495438,80.2526321411,49483,49534,51
12.9796495438,80.2526321411,49534,49544,10
12.9800100327,80.2527618408,49544,49554,10
12.9805297852,80.2527236938,49554,49564,10
12.9813899994,80.2526626587,49564,49574,10
12.9825496674,80.2526016235,49574,49584,10
12.9837703705,80.2523880005,49584,49594,10
12.9846000671,80.2521286011,49594,49604,10
12.9852304459,80.2519607544,49604,49615,11
12.9856796265,80.2518005371,49615,49625,10
12.9861297607,80.2517089844,49625,49635,10
12.9868402481,80.2515182495,49635,49645,10
12.9873800278,80.2513580322,49645,49655,10
12.9878196716,80.2514419556,49655,49665,10
12.987950325,80.2518920898,49665,49675,10
12.9879903793,80.2520828247,49675,49685,10
12.9879703522,80.2525863647,49685,49695,10
12.9879102707,80.2534713745,49695,49705,10
12.9878501892,80.2542419434,49705,49715,10
12.9880504608,80.2544326782,49715,49726,11
12.9882001877,80.2546691895,49726,49736,10
12.9882202148,80.255279541,49736,49746,10
12.9881896973,80.255607605,49746,49756,10
12.9883203506,80.2557678223,49756,49766,10
12.9885997772,80.2558517456,49766,49776,10
12.9886102676,80.255859375,49776,49786,10
12.988820076,80.2559204102,49786,49796,10
12.9892597198,80.2560424805,49796,49806,10
12.9900903702,80.256072998,49806,49816,10
12.9903697968,80.2560272217,49816,49826,10
12.9907903671,80.2560424805,49826,49837,11
12.9912395477,80.2560272217,49837,49847,10
12.991979599,80.2560119629,49847,49857,10
12.9930200577,80.2559280396,49857,49867,10
12.9936704636,80.2559204102,49867,49877,10
12.9940395355,80.2559280396,49877,49887,10
12.9946498871,80.255897522,49887,49897,10
12.9953203201,80.2558822632,49897,49907,10
12.9958896637,80.255897522,49907,49917,10
12.9963598251,80.2558822632,49917,49927,10
12.9968700409,80.2558517456,49927,49937,10
12.9975595474,80.2559127808,49937,49968,31
12.9975595474,80.2559127808,49968,49978,10
12.9976902008,80.2561416626,49978,49988,10
12.9976501465,80.2565231323,49988,49998,10
12.9974098206,80.2567062378,49998,51421,1423
12.9974098206,80.2567062378,51421,51431,10
12.9975099564,80.2566833496,51431,51441,10
12.9976701736,80.256072998,51441,51472,31
12.9976701736,80.256072998,51472,51482,10
12.9979896545,80.2559280396,51482,51492,10
12.9983701706,80.2559661865,51492,51502,10
12.9988698959,80.256072998,51502,51522,20
12.9988698959,80.256072998,51522,51532,10
12.9990997314,80.2561035156,51532,51542,10
12.9995203018,80.2562103271,51542,51552,10
12.9998998642,80.2563018799,51552,51562,10
13.0003404617,80.256362915,51562,51572,10
13.0008296967,80.2564697266,51572,51583,11
13.0012102127,80.2564926147,51583,51593,10
13.0015497208,80.2565383911,51593,51603,10
13.0019197464,80.2566223145,51603,51613,10
13.0028400421,80.2567901611,51613,51623,10
13.0028400421,80.2567901611,51623,51633,10
13.0031499863,80.2568511963,51633,51643,10
13.0034399033,80.2569274902,51643,51654,11
13.0040903091,80.2570571899,51654,51664,10
13.0047702789,80.2571182251,51664,51674,10
13.005610466,80.2573013306,51674,51705,31
13.005610466,80.2573013306,51705,51715,10
13.0060100555,80.2574005127,51715,51725,10
13.0063199997,80.2575302124,51725,51735,10
13.0064296722,80.2571487427,51735,51745,10
13.0064296722,80.2564315796,51745,51755,10
13.0064697266,80.2556381226,51755,51765,10
13.0065498352,80.2549972534,51765,51775,10
13.0065202713,80.2542800903,51775,51785,10
13.006529808,80.2535400391,51785,51796,11
13.0065498352,80.2532501221,51796,51806,10
13.0065498352,80.2530822754,51806,51816,10
13.0065698624,80.2526397705,51816,51826,10
13.0066995621,80.2526397705,51826,51836,10
13.0066299438,80.2531814575,51836,52098,262
13.0066299438,80.2531814575,52098,52109,11
13.0066003799,80.2534637451,52109,52119,10
13.0066003799,80.253868103,52119,52130,11
13.0066003799,80.2544174194,52130,52140,10
13.0065898895,80.2549591064,52140,52150,10
13.0065898895,80.2558364868,52150,52160,10
13.0066204071,80.257232666,52160,52231,71
13.0066204071,80.257232666,52231,52241,10
13.006529808,80.2575683594,52241,52251,10
13.0060501099,80.2575073242,52251,52261,10
13.0054197311,80.2573776245,52261,52271,10
13.0046796799,80.2571716309,52271,52281,10
13.0038604736,80.2570114136,52281,52291,10
13.0026397705,80.2567367554,52291,52331,40
13.0026397705,80.2567367554,52331,52342,11
13.0022201538,80.2566604614,52342,52352,10
13.0016899109,80.2565917969,52352,52362,10
13.0010499954,80.256477356,52362,52372,10
13.0003900528,80.2563781738,52372,52382,10
12.9999799728,80.2563095093,52382,52392,10
12.9994602203,80.2561798096,52392,52402,10
12.99903965,80.2560882568,52402,52412,10
12.9988203049,80.2560501099,52412,52422,10
12.9985303879,80.2560272217,52422,52442,20
12.9985303879,80.2560272217,52442,52453,11
12.9983997345,80.2560272217,52453,52463,10
12.9980297089,80.2559814453,52463,52473,10
12.9972496033,80.2559204102,52473,52503,30
12.9972496033,80.2559204102,52503,52513,10
12.9969301224,80.2559127808,52513,52523,10
12.996430397,80.2559204102,52523,52533,10
12.9957799911,80.2558898926,52533,52543,10
12.9951400757,80.2559127808,52543,52552,9
12.9944801331,80.255897522,52552,52564,12
12.9935102463,80.2559814453,52564,52574,10
12.9925298691,80.2560272217,52574,52584,10
12.9916696548,80.2560119629,52584,52594,10
12.9908800125,80.2559661865,52594,52604,10
12.9901800156,80.2559509277,52604,52614,10
12.9892902374,80.2558898926,52614,52624,10
12.9882297516,80.255821228,52624,52705,81
12.9882297516,80.255821228,52705,52715,10
12.9878396988,80.2557983398,52715,52725,10
12.9875001907,80.2557373047,52725,52735,10
12.9871902466,80.2556762695,52735,52745,10
12.9866399765,80.2555770874,52745,52755,10
12.9861402512,80.2554931641,52755,52765,10
12.9861297607,80.2554931641,52765,52776,11
12.9859399796,80.2554626465,52776,52786,10
12.9854202271,80.255317688,52786,52796,10
12.9847602844,80.2551574707,52796,52806,10
12.9841899872,80.2550125122,52806,52816,10
12.9835100174,80.2548065186,52816,52826,10
12.9827604294,80.2546081543,52826,52836,10
12.9820604324,80.2540969849,52836,52846,10
12.9818096161,80.2532730103,52846,52856,10
12.9812402725,80.2527694702,52856,52866,10
12.9805898666,80.2527770996,52866,52875,9
12.9804000854,80.2527618408,52875,52887,12
12.9803695679,80.2527618408,52887,52897,10
12.9801397324,80.2527770996,52897,52907,10
12.9795503616,80.2527008057,52907,52917,10
12.9788198471,80.2526321411,52917,52927,10
12.9786500931,80.2525863647,52927,52937,10
12.9784603119,80.2524795532,52937,52947,10
12.9779701233,80.2520904541,52947,52957,10
12.9773797989,80.2515563965,52957,52967,10
12.9764404297,80.2511978149,52967,52977,10
12.9752397537,80.2508773804,52977,52987,10
12.9739599228,80.25050354,52987,52998,11
12.9724597931,80.2501068115,52998,53008,10
12.9711503983,80.2497177124,53008,53018,10
12.9699497223,80.2493133545,53018,53028,10
12.9687595367,80.248878479,53028,53038,10
12.9675998688,80.2484207153,53038,53048,10
12.9666700363,80.2479705811,53048,53058,10
12.9657402039,80.2475814819,53058,53068,10
12.9650402069,80.2473678589,53068,53078,10
12.9650297165,80.2473678589,53078,53088,10
12.9647598267,80.247253418,53088,53099,11
12.964099884,80.2470016479,53099,53109,10
12.9635801315,80.2467727661,53109,53119,10
12.9628896713,80.2464065552,53119,53129,10
12.9619703293,80.2459487915,53129,53139,10
12.9608697891,80.2453918457,53139,53149,10
12.9593696594,80.2447509766,53149,53169,20
12.9593696594,80.2447509766,53169,53179,10
12.9591398239,80.2446212769,53179,53189,10
12.958530426,80.2443313599,53189,53199,10
12.9573297501,80.243888855,53199,53220,21
12.9573297501,80.243888855,53220,53230,10
12.957159996,80.2438735962,53230,53240,10
12.9568395615,80.2438201904,53240,53341,101
12.9564800262,80.2437286377,53341,53381,40
12.9564800262,80.2437286377,53381,53391,10
12.9559803009,80.2435073853,53391,53401,10
12.9553203583,80.2431335449,53401,53411,10
12.9544897079,80.2427215576,53411,53421,10
12.9536304474,80.2423629761,53421,53432,11
12.9525499344,80.2419128418,53432,53442,10
12.9517803192,80.2416305542,53442,53452,10
12.9517602921,80.2416229248,53452,53462,10
12.9513397217,80.2414703369,53462,53482,20
12.9513397217,80.2414703369,53482,53492,10
12.9512300491,80.2414093018,53492,53502,10
12.9511404037,80.2413864136,53502,53512,10
12.9507198334,80.2412719727,53512,53522,10
12.9499902725,80.2410583496,53522,53532,10
12.9491996765,80.2408218384,53532,53543,11
12.9485902786,80.240562439,53543,53553,10
12.947259903,80.2400283813,53553,53573,20
12.947259903,80.2400283813,53573,53583,10
12.9469804764,80.239906311,53583,53593,10
12.9463396072,80.2396469116,53593,53603,10
12.9455404282,80.2392883301,53603,53613,10
12.9447898865,80.2386703491,53613,53623,10
12.9440498352,80.2378768921,53623,53633,10
12.9432201385,80.2369918823,53633,53644,11
12.9420204163,80.2363510132,53644,53654,10
12.940779686,80.2360229492,53654,53664,10
12.9397697449,80.2357406616,53664,53674,10
12.939620018,80.2356567383,53674,53684,10
12.9392595291,80.235458374,53684,53694,10
12.9385900497,80.2351303101,53694,53704,10
12.937669754,80.2346801758,53704,53714,10
12.9366703033,80.2342071533,53714,53724,10
12.9360399246,80.2339019775,53724,53734,10
12.935790062,80.2338027954,53734,53744,10
12.9351997375,80.233543396,53744,53755,11
12.9343700409,80.2331619263,53755,53765,10
12.9338998795,80.2329483032,53765,53775,10
12.9338302612,80.2329330444,53775,53785,10
12.933429718,80.2327270508,53785,53795,10
12.9327297211,80.2324295044,53795,53805,10
12.9317798615,80.2321014404,53805,53815,10
12.9306201935,80.2317123413,53815,53825,10
12.929479599,80.2313995361,53825,53835,10
12.9287500381,80.231262207,53835,53845,10
12.9279499054,80.2311325073,53845,53855,10
12.92689991,80.2310180664,53855,53866,11
12.9261302948,80.2309570313,53866,53876,10
12.9259595871,80.2309265137,53876,53886,10
12.9254198074,80.2308731079,53886,53896,10
12.9246196747,80.2308120728,53896,53906,10
12.9236402512,80.2306976318,53906,53916,10
12.9224100113,80.2304992676,53916,53926,10
12.9210300446,80.2303009033,53926,53936,10
12.9195604324,80.2301101685,53936,53946,10
12.9181995392,80.2299194336,53946,53956,10
12.9168901443,80.2297515869,53956,53966,10
12.9156503677,80.2295684814,53966,53977,11
12.9143896103,80.2294006348,53977,53987,10
12.9134597778,80.2293167114,53987,53997,10
12.9133300781,80.2292785645,53997,54007,10
12.9130802155,80.2292098999,54007,54017,10
12.9124498367,80.2290878296,54017,54027,10
12.911529541,80.2289505005,54027,54037,10
12.9103803635,80.2287902832,54037,54047,10
12.9090995789,80.2285919189,54047,54057,10
12.9080495834,80.2284011841,54057,54066,9
12.9068202972,80.2282562256,54066,54118,52
12.9068202972,80.2282562256,54118,54128,10
12.9066896439,80.2282485962,54128,54138,10
12.9061203003,80.2282028198,54138,54148,10
12.9052095413,80.2282028198,54148,54158,10
12.9041004181,80.2281188965,54158,54168,10
12.9029397964,80.2280426025,54168,54178,10
12.9016504288,80.2279891968,54178,54189,11
12.9006099701,80.227897644,54189,54199,10
12.8999300003,80.2278823853,54199,54209,10
12.8992795944,80.2278671265,54209,54249,40
12.8992795944,80.2278671265,54249,54259,10
12.8988399506,80.2278289795,54259,54269,10
12.8981399536,80.2277832031,54269,54279,10
12.8972396851,80.227722168,54279,54289,10
12.8962001801,80.2276763916,54289,54300,11
12.8948097229,80.2276077271,54300,54310,10
12.8934497833,80.2275314331,54310,54320,10
12.8926401138,80.2274169922,54320,54330,10
12.892080307,80.2273788452,54330,54340,10
12.8912296295,80.2273635864,54340,54350,10
12.8901596069,80.2273635864,54350,54360,10
12.888879776,80.2273483276,54360,54370,10
12.8875303268,80.2272415161,54370,54380,10
12.8861703873,80.2269668579,54380,54390,10
12.8849802017,80.2267074585,54390,54401,11
12.8847103119,80.2267227173,54401,54411,10
12.8846302032,80.2267379761,54411,54421,10
12.8841199875,80.2267303467,54421,54431,10
12.8832902908,80.2267379761,54431,54441,10
12.8822402954,80.2267532349,54441,54451,10
12.880979538,80.2267684937,54451,54461,10
12.8796195984,80.2267913818,54461,54471,10
12.8781604767,80.2268600464,54471,54481,10
12.8769598007,80.2269592285,54481,54491,10
12.8764400482,80.2269973755,54491,54501,10
12.8763599396,80.2270126343,54501,54512,11
12.8758201599,80.2269973755,54512,54522,10
12.875,80.2269287109,54522,54532,10
12.8739500046,80.2267913818,54532,54542,10
12.8726997375,80.2267227173,54542,54562,20
12.8726997375,80.2267227173,54562,54572,10
12.872300148,80.2266921997,54572,54582,10
12.8715496063,80.2266387939,54582,54592,10
12.8705797195,80.2265777588,54592,54602,10
12.8694200516,80.2264633179,54602,54612,10
12.8681497574,80.2263717651,54612,54623,11
12.8667201996,80.2265090942,54623,54633,10
12.8653697968,80.2265930176,54633,54643,10
12.8639698029,80.2265167236,54643,54653,10
12.8625297546,80.2265319824,54653,54663,10
12.8612604141,80.226600647,54663,54673,10
12.8609399796,80.2266235352,54673,54683,10
12.8606300354,80.226600647,54683,54693,10
12.8599100113,80.2264709473,54693,54703,10
12.8589897156,80.2263336182,54703,54713,10
12.8579902649,80.2262573242,54713,54723,10
12.8567895889,80.2263412476,54723,54734,11
12.855340004,80.2265014648,54734,54744,10
12.8539304733,80.2266464233,54744,54754,10
12.8524503708,80.2266921997,54754,54764,10
12.8509702682,80.2266387939,54764,54774,10
12.850110054,80.2266235352,54774,54784,10
12.8500404358,80.2266311646,54784,54794,10
12.8496198654,80.2266464233,54794,54804,10
12.8488702774,80.2266387939,54804,54814,10
12.847869873,80.2266387939,54814,54824,10
12.8466396332,80.2266464233,54824,54834,10
12.8457098007,80.2266311646,54834,54845,11
12.8451700211,80.2266616821,54845,54855,10
12.8451595306,80.2266464233,54855,54865,10
12.84512043,80.2266235352,54865,54875,10
12.8446702957,80.2266616821,54875,54885,10
12.8440799713,80.2266693115,54885,54895,10
12.843000412,80.2268371582,54895,54905,10
12.8416996002,80.2270889282,54905,54915,10
12.8404598236,80.2274627686,54915,54925,10
12.8398103714,80.2276763916,54925,54935,10
12.8393497467,80.2278289795,54935,54946,11
12.8385801315,80.2280273438,54946,54956,10
12.8376598358,80.2282409668,54956,54966,10
12.8364896774,80.2284164429,54966,54976,10
12.8351602554,80.2285995483,54976,54986,10
12.8337802887,80.228843689,54986,54996,10
12.8326597214,80.229057312,54996,55006,10
12.8323497772,80.229133606,55006,55016,10
12.8323402405,80.229133606,55016,55026,10
12.8319396973,80.2292175293,55026,55036,10
12.831489563,80.2293167114,55036,55046,10
12.8306999207,80.2295837402,55046,55057,11
12.8295402527,80.2299880981,55057,55067,10
12.8283596039,80.2305374146,55067,55077,10
12.8271799088,80.2311935425,55077,55087,10
12.8259897232,80.2313766479,55087,55097,10
12.8248100281,80.2313919067,55097,55107,10
12.8236598969,80.2311172485,55107,55117,10
12.8229999542,80.2309417725,55117,55127,10
12.8226203918,80.2308120728,55127,55137,10
12.8218698502,80.2305908203,55137,55147,10
12.8209199905,80.23046875,55147,55156,9
12.8199100494,80.2304763794,55156,55168,12
12.8188800812,80.2304763794,55168,55178,10
12.8188295364,80.2304611206,55178,55188,10
12.8184900284,80.2303009033,55188,55198,10
12.8177900314,80.2299575806,55198,55208,10
12.8167896271,80.2295837402,55208,55218,10
12.8155298233,80.2293624878,55218,55228,10
12.8142204285,80.2291717529,55228,55238,10
12.8131599426,80.2288665771,55238,55248,10
12.8119802475,80.2284393311,55248,55258,10
12.8106899261,80.2279510498,55258,55268,10
12.8093595505,80.2273635864,55268,55279,11
12.8080501556,80.226348877,55279,55289,10
12.8069601059,80.2254104614,55289,55299,10
12.8061199188,80.2246627808,55299,55309,10
12.8049602509,80.2239990234,55309,55329,20
12.8049602509,80.2239990234,55329,55339,10
12.8047599792,80.2239608765,55339,55349,10
12.8041095734,80.2238998413,55349,55359,10
12.8032398224,80.2238311768,55359,55369,10
12.8021001816,80.2236862183,55369,55378,9
12.8010396957,80.2236022949,55378,55390,12
12.8007097244,80.2235488892,55390,55400,10
12.8002700806,80.2235031128,55400,55410,10
12.7995300293,80.223449707,55410,55420,10
12.7985200882,80.2232437134,55420,55430,10
12.7972402573,80.2230987549,55430,55440,10
12.7960996628,80.2229232788,55440,55450,10
12.7958202362,80.2228775024,55450,55460,10
12.7954397202,80.2228164673,55460,55470,10
12.7947101593,80.2226867676,55470,55480,10
12.7937202454,80.2225494385,55480,55491,11
12.7923898697,80.222328186,55491,55501,10
12.7911195755,80.222038269,55501,55511,10
12.7898797989,80.2217330933,55511,55521,10
12.7889003754,80.2213821411,55521,55531,10
12.787899971,80.2209777832,55531,55541,10
12.7871198654,80.2206878662,55541,55551,10
12.7868099213,80.2205734253,55551,55561,10
12.7864103317,80.2204208374,55561,55581,20
12.7864103317,80.2204208374,55581,55591,10
12.7862596512,80.2203521729,55591,55632,41
12.7862596512,80.2203521729,55632,55642,10
12.7858400345,80.220199585,55642,55652,10
12.7852897644,80.2199172974,55652,55662,10
12.7845497131,80.2195663452,55662,55692,30
12.7845497131,80.2195663452,55692,55702,10
12.7843599319,80.2194366455,55702,55712,10
12.7842302322,80.2193603516,55712,55723,11
12.783659935,80.219039917,55723,55734,11
12.7828397751,80.2185897827,55734,55744,10
12.7818498611,80.2180404663,55744,55754,10
12.7806997299,80.2174224854,55754,55764,10
12.7794704437,80.2167663574,55764,55774,10
12.778169632,80.2161102295,55774,55784,10
12.7769203186,80.2155532837,55784,55794,10
12.7755699158,80.2149963379,55794,55804,10
12.7741603851,80.2144165039,55804,55814,10
12.7727403641,80.2138595581,55814,55825,11
12.7712697983,80.2133331299,55825,55835,10
12.7706899643,80.2130737305,55835,55845,10
12.7707996368,80.2128829956,55845,55855,10
12.7708396912,80.2127914429,55855,55865,10
12.7709703445,80.2124023438,55865,55875,10
12.7711400986,80.2115936279,55875,55885,10
12.7715797424,80.2106933594,55885,55895,10
12.7721004486,80.2096405029,55895,55905,10
12.7724895477,80.2083892822,55905,55915,10
12.7728395462,80.2071762085,55915,55926,11
12.773059845,80.2063598633,55926,55936,10
12.7730703354,80.2063522339,55936,55946,10
12.7731895447,80.2059707642,55946,55956,10
12.7733602524,80.2052230835,55956,55966,10
12.7734804153,80.2042007446,55966,55976,10
12.7737102509,80.2029266357,55976,55986,10
12.773850441,80.2016601563,55986,55996,10
12.773900032,80.2009277344,55996,56006,10
12.7739095688,80.2007980347,56006,56016,10
12.7739601135,80.2002334595,56016,56026,10
12.7740297318,80.1993713379,56026,56037,11
12.774140358,80.1981201172,56037,56047,10
12.774189949,80.197052002,56047,56057,10
12.7742500305,80.1959228516,56057,56067,10
12.7744398117,80.1946868896,56067,56077,10
12.7746601105,80.193687439,56077,56087,10
12.7746896744,80.1935882568,56087,56097,10
12.7747602463,80.1933364868,56097,56107,10
12.7751197815,80.192741394,56107,56117,10
12.7753200531,80.1919784546,56117,56127,10
12.7751903534,80.1912994385,56127,56137,10
12.7747497559,80.1905136108,56137,56148,11
12.7738304138,80.1895980835,56148,56158,10
12.7725801468,80.1891098022,56158,56168,10
12.7713403702,80.1886672974,56168,56178,10
12.7709999084,80.187789917,56178,56188,10
12.7708997726,80.186882019,56188,56198,10
12.7708902359,80.1867523193,56198,56208,10
12.770819664,80.1862182617,56208,56218,10
12.7707796097,80.1854019165,56218,56228,10
12.7705898285,80.1846618652,56228,56238,10
12.7700500488,80.1845321655,56238,56248,10
12.7693595886,80.1842803955,56248,56258,10
12.769080162,80.1841506958,56258,56269,11
12.7688999176,80.1840133667,56269,56279,10
12.7684602737,80.1836166382,56279,56289,10
12.767829895,80.1832962036,56289,56299,10
12.7670097351,80.1829986572,56299,56309,10
12.7660598755,80.1826629639,56309,56319,10
12.765540123,80.1826171875,56319,56329,10
12.7648696899,80.1825408936,56329,56339,10
12.7642297745,80.1824493408,56339,56349,10
12.7635803223,80.1823806763,56349,56360,11
12.7633600235,80.1829071045,56360,56370,10
12.7631797791,80.1835098267,56370,56380,10
12.7631397247,80.183631897,56380,56390,10
12.7630300522,80.1840286255,56390,56400,10
12.7630596161,80.1844329834,56400,56410,10
12.762960434,80.1849136353,56410,56420,10
12.7625102997,80.1849212646,56420,56430,10
12.7619104385,80.1849136353,56430,56440,10
12.7614803314,80.1847763062,56440,56450,10
12.7615203857,80.1846466064,56450,56460,10
12.7614603043,80.1848220825,56460,56551,91
12.7614603043,80.1848220825,56551,56561,10
12.7616195679,80.1848907471,56561,56773,212
12.7616195679,80.1848907471,56773,56783,10
12.7614297867,80.1848526001,56783,56794,11
12.7616701126,80.1849212646,56794,56804,10
12.7620201111,80.1849365234,56804,56814,10
12.7625303268,80.1849594116,56814,56824,10
12.762960434,80.1848907471,56824,56834,10
12.7630300522,80.1844024658,56834,56844,10
12.763010025,80.1839981079,56844,56854,10
12.7631502151,80.1835784912,56854,56864,10
12.7631902695,80.1834716797,56864,56874,10
12.7632799149,80.1831130981,56874,56884,10
12.7634601593,80.1825332642,56884,56894,10
12.7639598846,80.1823883057,56894,56905,11
12.764840126,80.182510376,56905,56915,10
12.7657203674,80.1826324463,56915,56925,10
12.7665395737,80.1827926636,56925,56935,10
12.7673501968,80.1831512451,56935,56945,10
12.7680196762,80.183380127,56945,56955,10
12.7685203552,80.1836624146,56955,56965,10
12.7688102722,80.183921814,56965,56975,10
12.7691497803,80.1841812134,56975,56985,10
12.7696800232,80.1844177246,56985,56995,10
12.7703504562,80.1846237183,56995,57005,10
12.7707195282,80.1848526001,57005,57016,11
12.7707796097,80.1856536865,57016,57026,10
12.7708597183,80.1865234375,57026,57036,10
12.770939827,80.1871109009,57036,57046,10
12.7709703445,80.1873168945,57046,57056,10
12.7710504532,80.1879806519,57056,57066,10
12.7713804245,80.1887207031,57066,57076,10
12.772359848,80.1890716553,57076,57086,10
12.7735204697,80.1895370483,57086,57096,10
12.7744998932,80.1902770996,57096,57106,10
12.7752103806,80.1913070679,57106,57116,10
12.7753896713,80.1922836304,57116,57127,11
12.7749595642,80.1930618286,57127,57137,10
12.7746601105,80.1937866211,57137,57147,10
12.7746200562,80.1939163208,57147,57157,10
12.7744903564,80.1945266724,57157,57167,10
12.7742996216,80.1953964233,57167,57177,10
12.7742300034,80.1962585449,57177,57187,10
12.7741804123,80.1973571777,57187,57197,10
12.774140358,80.1985702515,57197,57207,10
12.774020195,80.199798584,57207,57217,10
12.7739295959,80.200843811,57217,57227,10
12.773900032,80.2012176514,57227,57238,11
12.7738599777,80.2016220093,57238,57248,10
12.7737998962,80.2024230957,57248,57258,10
12.7736196518,80.2033233643,57258,57268,10
12.7734899521,80.2042388916,57268,57278,10
12.7733402252,80.2053375244,57278,57288,10
12.7731304169,80.2062835693,57288,57298,10
12.7729902267,80.2066802979,57298,57308,10
12.7728796005,80.2071304321,57308,57318,10
12.7726697922,80.2078399658,57318,57328,10
12.7724399567,80.2087173462,57328,57339,11
12.77202034,80.2099685669,57339,57349,10
12.7714500427,80.2110900879,57349,57359,10
12.7710599899,80.212059021,57359,57369,10
12.7708501816,80.2129898071,57369,57379,10
12.7708702087,80.213142395,57379,57389,10
12.7712402344,80.2132797241,57389,57399,10
12.7719898224,80.2135314941,57399,57409,10
12.7729997635,80.2139205933,57409,57419,10
12.7742099762,80.2144088745,57419,57429,10
12.7755403519,80.2149581909,57429,57439,10
12.776889801,80.2155075073,57439,57450,11
12.7784099579,80.2161712646,57450,57460,10
12.7797603607,80.2168807983,57460,57470,10
12.7810001373,80.2175521851,57470,57480,10
12.7822599411,80.2182388306,57480,57490,10
12.7834701538,80.2189102173,57490,57500,10
12.7845001221,80.2194824219,57500,57530,30
12.7845001221,80.2194824219,57530,57540,10
12.7845802307,80.219581604,57540,57571,31
12.7845802307,80.219581604,57571,57581,10
12.7846899033,80.2196121216,57581,57591,10
12.7850503922,80.2197570801,57591,57662,71
12.7850503922,80.2197570801,57662,57672,10
12.785369873,80.2199783325,57672,57682,10
12.7855596542,80.2200469971,57682,57762,80
12.7855596542,80.2200469971,57762,57773,11
12.7858695984,80.2202529907,57773,57783,10
12.7860898972,80.2203598022,57783,57823,40
12.7860898972,80.2203598022,57823,57833,10
12.7864198685,80.2204437256,57833,57843,10
12.7868099213,80.2205810547,57843,57853,10
12.7872495651,80.2207336426,57853,57863,10
12.7875995636,80.2208709717,57863,57872,9
12.7880096436,80.2210464478,57872,57884,12
12.7887496948,80.2213363647,57884,57894,10
12.7894001007,80.2215881348,57894,57904,10
12.7898597717,80.2217407227,57904,57914,10
12.7904901505,80.2218933105,57914,57924,10
12.7914400101,80.2221069336,57924,57934,10
12.7927103043,80.2223815918,57934,57944,10
12.7941503525,80.2226028442,57944,57954,10
12.7954998016,80.2228317261,57954,57964,10
12.7962198257,80.2229232788,57964,57974,10
12.7962799072,80.2229385376,57974,57984,10
12.796330452,80.2229614258,57984,57995,11
12.7968797684,80.2230606079,57995,58005,10
12.7976999283,80.2232208252,58005,58015,10
12.7987003326,80.2233428955,58015,58025,10
12.7998600006,80.2234191895,58025,58035,10
12.8010196686,80.2235183716,58035,58045,10
12.8019199371,80.2236175537,58045,58055,10
12.8024501801,80.2236862183,58055,58065,10
12.8026504517,80.223739624,58065,58075,10
12.8032798767,80.2238388062,58075,58085,10
12.8039903641,80.2239074707,58085,58095,10
12.8046598434,80.2239837646,58095,58106,11
12.8051795959,80.2240829468,58106,58116,10
12.8054504395,80.2241668701,58116,58126,10
12.8059597015,80.2245025635,58126,58136,10
12.8066396713,80.2250595093,58136,58146,10
12.8075504303,80.2258224487,58146,58156,10
12.8085699081,80.2267074585,58156,58166,10
12.8097496033,80.2275238037,58166,58176,10
12.81112957,80.2280731201,58176,58186,10
12.8125801086,80.2285995483,58186,58196,10
12.8140497208,80.229057312,58196,58207,11
12.8155002594,80.2293395996,58207,58217,10
12.8163099289,80.2294311523,58217,58227,10
12.8173503876,80.2297210693,58227,58237,10
12.8185100555,80.2302703857,58237,58247,10
12.8195104599,80.2304763794,58247,58257,10
12.8197498322,80.2304611206,58257,58267,10
12.8203802109,80.2304534912,58267,58277,10
12.8213596344,80.2304382324,58277,58287,10
12.8225603104,80.2306976318,58287,58297,10
12.8238601685,80.2310791016,58297,58307,10
12.8251495361,80.2313690186,58307,58318,11
12.8266801834,80.2313079834,58318,58328,10
12.8280000687,80.2307662964,58328,58338,10
12.8292798996,80.2300720215,58338,58348,10
12.8304796219,80.2296218872,58348,58358,10
12.8309898376,80.2294311523,58358,58378,20
12.8309898376,80.2294311523,58378,58388,10
12.8312501907,80.2293777466,58388,58398,10
12.8317203522,80.2292327881,58398,58408,10
12.8323001862,80.2290725708,58408,58417,9
12.8330097198,80.2289733887,58417,58429,12
12.8342399597,80.2287597656,58429,58439,10
12.8354501724,80.2285385132,58439,58449,10
12.8367300034,80.228302002,58449,58459,10
12.8377799988,80.2281494141,58459,58469,10
12.8381500244,80.2280883789,58469,58479,10
12.8383102417,80.2280426025,58479,58489,10
12.8384895325,80.228012085,58489,58519,30
12.8389101028,80.227897644,58519,58620,101
12.8392801285,80.2277832031,58620,58681,61
12.8392801285,80.2277832031,58681,58691,10
12.8399000168,80.2275924683,58691,58701,10
12.8406496048,80.2273864746,58701,58711,10
12.8416099548,80.2271575928,58711,58721,10
12.8427400589,80.2269592285,58721,58731,10
12.8439702988,80.2266921997,58731,58741,10
12.8449296951,80.2266311646,58741,58752,11
12.8453798294,80.2266235352,58752,58762,10
12.8454504013,80.2266235352,58762,58772,10
12.8458995819,80.2266387939,58772,58782,10
12.8467102051,80.2266082764,58782,58792,10
12.8477602005,80.2265777588,58792,58802,10
12.84897995,80.2265472412,58802,58812,10
12.8500299454,80.2264709473,58812,58822,10
12.8500995636,80.2264785767,58822,58832,10
12.8504295349,80.2265319824,58832,58842,10
12.851099968,80.2265396118,58842,58852,10
12.8520202637,80.2266235352,58852,58863,11
12.8532600403,80.2266464233,58863,58873,10
12.8545303345,80.2265090942,58873,58883,10
12.8558998108,80.2263717651,58883,58893,10
12.8572998047,80.2262420654,58893,58903,10
12.8583297729,80.2262191772,58903,58913,10
12.8586397171,80.2262496948,58913,58923,10
12.8591299057,80.2263183594,58923,58933,10
12.8599395752,80.2264328003,58933,58943,10
12.8607397079,80.2265319824,58943,58953,10
12.8607997894,80.2265319824,58953,58964,11
12.8608398438,80.2265319824,58964,58974,10
12.8612098694,80.2265090942,58974,58984,10
12.8620100021,80.2265167236,58984,58994,10
12.862950325,80.2264633179,58994,59004,10
12.8640804291,80.2264862061,59004,59014,10
12.8653297424,80.2265396118,59014,59024,10
12.8666095734,80.2264785767,59024,59034,10
12.8679895401,80.2263717651,59034,59044,10
12.8694200516,80.2264480591,59044,59054,10
12.8708696365,80.2266082764,59054,59063,9
12.872010231,80.2266387939,59063,59075,12
12.8728399277,80.2266387939,59075,59085,10
12.872879982,80.2266311646,59085,59095,10
12.8732299805,80.2266387939,59095,59105,10
12.8737401962,80.2266769409,59105,59115,10
12.8740301132,80.2266998291,59115,59125,10
12.8742303848,80.2267303467,59125,59135,10
12.8744497299,80.2267684937,59135,59155,20
12.8744497299,80.2267684937,59155,59165,10
12.8748598099,80.226852417,59165,59175,10
12.8751497269,80.2268829346,59175,59186,11
12.8753595352,80.226890564,59186,59206,20
12.8753595352,80.226890564,59206,59216,10
12.8757400513,80.2269134521,59216,59236,20
12.8757400513,80.2269134521,59236,59246,10
12.8760404587,80.2269287109,59246,59256,10
12.8763599396,80.226890564,59256,59266,10
12.8766899109,80.2268676758,59266,59276,10
12.8768596649,80.2268218994,59276,59287,11
12.8775596619,80.2267608643,59287,59297,10
12.8784704208,80.2267227173,59297,59307,10
12.8795604706,80.2267074585,59307,59317,10
12.88078022,80.2266921997,59317,59327,10
12.8821001053,80.2266616821,59327,59337,10
12.8834896088,80.2266311646,59337,59347,10
12.8846797943,80.2266235352,59347,59357,10
12.8852701187,80.2266616821,59357,59367,10
12.8852701187,80.2266693115,59367,59377,10
12.8855695724,80.2267379761,59377,59387,10
12.8861703873,80.2269134521,59387,59398,11
12.8871202469,80.227142334,59398,59408,10
12.8882102966,80.2273025513,59408,59418,10
12.88945961,80.2273178101,59418,59428,10
12.8907499313,80.2273101807,59428,59438,10
12.8920202255,80.2273178101,59438,59448,10
12.8931798935,80.2274169922,59448,59458,10
12.8941898346,80.2275695801,59458,59468,10
12.8952703476,80.2276382446,59468,59478,10
12.8964595795,80.2276763916,59478,59488,10
12.8976202011,80.2277374268,59488,59498,10
12.898639679,80.2277984619,59498,59509,11
12.8999900818,80.2278671265,59509,59559,50
12.8999900818,80.2278671265,59559,59569,10
12.9002199173,80.2279281616,59569,59579,10
12.9005804062,80.2279434204,59579,59589,10
12.9009199142,80.2279281616,59589,59599,10
12.9011802673,80.2279586792,59599,59610,11
12.901550293,80.2279891968,59610,59620,10
12.9021997452,80.2280197144,59620,59630,10
12.9028501511,80.2279891968,59630,59640,10
12.9029998779,80.2279815674,59640,59650,10
12.9035596848,80.2280502319,59650,59660,10
12.9043998718,80.2281112671,59660,59670,10
12.9050197601,80.2281494141,59670,59741,71
12.9050197601,80.2281494141,59741,59751,10
12.9053602219,80.2281570435,59751,59761,10
12.9056901932,80.2281570435,59761,59771,10
12.9060201645,80.228187561,59771,59781,10
12.9063596725,80.2282333374,59781,59791,10
12.9066400528,80.2282562256,59791,59801,10
12.9069099426,80.2283096313,59801,59811,10
12.9070396423,80.2283325195,59811,59820,9
12.9074602127,80.2283630371,59820,59832,12
12.9084396362,80.2285308838,59832,59842,10
12.9095602036,80.2287063599,59842,59852,10
12.9108495712,80.2288970947,59852,59862,10
12.9121799469,80.2290878296,59862,59872,10
12.9134502411,80.2292480469,59872,59882,10
12.9139299393,80.229309082,59882,59892,10
12.9140100479,80.2292480469,59892,59902,10
12.9144897461,80.2293167114,59902,59912,10
12.9152898788,80.2294921875,59912,59922,10
12.9163999557,80.2296676636,59922,59932,10
12.917550087,80.2298583984,59932,59943,11
12.9188995361,80.2300415039,59943,59953,10
12.9199800491,80.2301712036,59953,59963,10
12.9212303162,80.2303085327,59963,59973,10
12.9225702286,80.2304992676,59973,59983,10
12.9239902496,80.2306976318,59983,59993,10
12.9252700806,80.2308578491,59993,60003,10
12.926320076,80.23097229,60003,60013,10
12.9266300201,80.2309799194,60013,60023,10
12.9268302917,80.231010437,60023,60033,10
12.9274196625,80.2310791016,60033,60044,11
12.9281396866,80.2311630249,60044,60054,10
12.9283599854,80.2311935425,60054,60064,10
12.9284496307,80.2312011719,60064,60074,10
12.9286003113,80.2312393188,60074,60084,10
12.9290504456,80.231338501,60084,60094,10
12.9297103882,80.2314529419,60094,60104,10
12.9306297302,80.2316818237,60104,60114,10
12.9317598343,80.2320327759,60114,60124,10
12.9329500198,80.232460022,60124,60134,10
12.933719635,80.2328033447,60134,60144,10
12.9337596893,80.2328262329,60144,60155,11
12.9341201782,80.2329788208,60155,60165,10
12.9348297119,80.2332992554,60165,60175,10
12.9356899261,80.2337036133,60175,60185,10
12.9367103577,80.2341995239,60185,60195,10
12.9378700256,80.2347488403,60195,60205,10
12.9389400482,80.2352828979,60205,60215,10
12.9394598007,80.2355194092,60215,60225,10
12.9395599365,80.2355804443,60225,60235,10
12.9397802353,80.2357025146,60235,60245,10
12.940369606,80.2359237671,60245,60255,10
12.9411497116,80.2361297607,60255,60266,11
12.9422397614,80.2364120483,60266,60276,10
12.94328022,80.2369918823,60276,60286,10
12.9440803528,80.2378234863,60286,60296,10
12.9449701309,80.2387619019,60296,60306,10
12.9460000992,80.2395019531,60306,60316,10
12.9470100403,80.239906311,60316,60326,10
12.9474897385,80.2400665283,60326,60336,10
12.9476203918,80.2401275635,60336,60346,10
12.9480104446,80.2402801514,60346,60356,10
12.9484195709,80.2404632568,60356,60367,11
12.949090004,80.2407226563,60367,60377,10
12.9496803284,80.2409362793,60377,60387,10
12.950460434,80.2411880493,60387,60397,10
12.9511299133,80.2413864136,60397,60407,10
12.9512300491,80.2414169312,60407,60417,10
12.9517097473,80.2416000366,60417,60427,10
12.9524002075,80.2418670654,60427,60437,10
12.9532299042,80.2421875,60437,60447,10
12.9534397125,80.2422409058,60447,60457,10
12.9535999298,80.2423019409,60457,60467,10
12.9539699554,80.2424316406,60467,60478,11
12.9547595978,80.242767334,60478,60488,10
12.9555501938,80.2430725098,60488,60498,10
12.9563102722,80.2432785034,60498,60508,10
12.9563703537,80.2433013916,60508,60518,10
12.9568195343,80.2435302734,60518,60528,10
12.9575395584,80.2438812256,60528,60538,10
12.9583501816,80.2442626953,60538,60548,10
12.9589395523,80.2445068359,60548,60558,10
12.9591398239,80.2446136475,60558,60568,10
12.9596796036,80.2448730469,60568,60579,11
12.960559845,80.2452697754,60579,60589,10
12.9615898132,80.2457504272,60589,60599,10
12.9626598358,80.2462921143,60599,60609,10
12.9633903503,80.2466430664,60609,60659,50
12.9633903503,80.2466430664,60659,60669,10
12.96352005,80.246673584,60669,60678,9
12.9638299942,80.2468109131,60678,60690,12
12.964630127,80.2470779419,60690,60700,10
12.9654598236,80.2473602295,60700,60710,10
12.9662799835,80.2477035522,60710,60720,10
12.966919899,80.2479782104,60720,60730,10
12.9670000076,80.2480316162,60730,60740,10
12.9673404694,80.2481689453,60740,60750,10
12.9680995941,80.2485275269,60750,60760,10
12.9690799713,80.248916626,60760,60770,10
12.9702501297,80.2494125366,60770,60780,10
12.9714403152,80.2498016357,60780,60789,9
12.9723796844,80.2500534058,60789,60801,12
12.9737501144,80.2504119873,60801,60811,10
12.9749403,80.2507324219,60811,60821,10
12.9759197235,80.2509765625,60821,60831,10
12.9767398834,80.2512435913,60831,60841,10
12.9776802063,80.251701355,60841,60851,10
12.9784803391,80.2522964478,60851,60871,20
12.9784803391,80.2522964478,60871,60881,10
12.978770256,80.2525024414,60881,60891,10
12.9794101715,80.2525634766,60891,60922,31
12.9794101715,80.2525634766,60922,60932,10
12.9795999527,80.2526168823,60932,60942,10
12.9799699783,80.2526397705,60942,60952,10
12.9805202484,80.2526473999,60952,60962,10
12.9812602997,80.2526473999,60962,60972,10
12.982219696,80.2526321411,60972,60982,10
12.9834003448,80.2525482178,60982,60992,10
12.9845304489,80.2522735596,60992,61002,10
12.9854898453,80.2519989014,61002,61013,11
12.9861001968,80.2518310547,61013,61164,151
12.9861001968,80.2518310547,61164,61174,10
12.9863100052,80.2517776489,61174,61184,10
12.9868001938,80.2516708374,61184,61194,10
12.9872598648,80.2515411377,61194,61204,10
12.9876403809,80.2514190674,61204,61214,10
12.9879398346,80.2516098022,61214,61225,11
12.9880399704,80.2521591187,61225,61235,10
12.9880104065,80.2528991699,61235,61245,10
12.987950325,80.2537002563,61245,61376,131
12.987950325,80.2537002563,61376,61386,10
12.9879102707,80.25390625,61386,61396,10
12.9878797531,80.2542114258,61396,61406,10
12.9878501892,80.2545471191,61406,61416,10
12.9877996445,80.2552337646,61416,61426,10
12.987739563,80.2557601929,61426,61436,10
12.9882097244,80.2558517456,61436,61447,11
12.9887199402,80.2558898926,61447,61457,10
12.9887399673,80.2558898926,61457,61467,10
12.9891700745,80.2559509277,61467,61477,10
12.9898996353,80.2560501099,61477,61487,10
12.990480423,80.2560119629,61487,61497,10
12.9911603928,80.256072998,61497,61507,10
12.9920797348,80.2561187744,61507,61517,10
12.9930095673,80.256072998,61517,61527,10
12.9943399429,80.2559814453,61527,61546,19
12.9943399429,80.2559814453,61546,61558,12
12.9946098328,80.2559814453,61558,61568,10
12.9951200485,80.2558822632,61568,61578,10
12.9955797195,80.2558898926,61578,61588,10
12.9959096909,80.2558822632,61588,61598,10
12.9964103699,80.2558135986,61598,61608,10
12.9968700409,80.2557907104,61608,61618,10
12.9973201752,80.2557983398,61618,61628,10
12.9976596832,80.2558822632,61628,61638,10
12.9981298447,80.2559509277,61638,61659,21
12.9981298447,80.2559509277,61659,61669,10
12.9983501434,80.2560195923,61669,61679,10
12.9985704422,80.2560501099,61679,61689,10
12.9990997314,80.2561264038,61689,61739,50
12.9990997314,80.2561264038,61739,61749,10
12.9992303848,80.2562026978,61749,61759,10
12.99958992,80.2562637329,61759,61770,11
13.0002603531,80.2563400269,61770,61780,10
13.0009202957,80.256477356,61780,61790,10
13.0011901855,80.2565231323,61790,61800,10
13.0013904572,80.2565383911,61800,61810,10
13.0017204285,80.2565994263,61810,61820,10
13.0023603439,80.2566986084,61820,61830,10
13.0029201508,80.2568130493,61830,61840,10
13.0034399033,80.2568969727,61840,61850,10
13.0041103363,80.257019043,61850,61860,10
13.0047798157,80.2571487427,61860,61871,11
13.0057296753,80.2573471069,61871,61941,70
13.0057296753,80.2573471069,61941,61951,10
13.0061302185,80.2574081421,61951,61961,10
13.0065097809,80.2574234009,61961,61971,10
13.0064897537,80.256942749,61971,61982,11
13.006480217,80.2559967041,61982,61992,10
13.0065202713,80.2553024292,61992,62002,10
13.0065402985,80.2547836304,62002,62012,10
13.0065097809,80.2542572021,62012,62022,10
13.0065202713,80.2537765503,62022,62032,10
13.0065202713,80.2532730103,62032,62042,10
13.0065202713,80.2530670166,62042,62133,91
13.0066003799,80.2527389526,62133,62163,30
13.0066003799,80.2527389526,62163,62173,10
13.0067195892,80.2527389526,62173,62183,10
13.0066404343,80.2531204224,62183,63213,1030
13.0066204071,80.2533874512,63213,63233,20
13.0066204071,80.2533874512,63233,63243,10
13.0065898895,80.2535705566,63243,63253,10
13.0066204071,80.2540893555,63253,63263,10
13.0066204071,80.2545089722,63263,63273,10
13.0066204071,80.2549285889,63273,63284,11
13.0066099167,80.2556991577,63284,63294,10
13.0066099167,80.2564086914,63294,63304,10
13.0066299438,80.2570419312,63304,63334,30
13.0066299438,80.2570419312,63334,63344,10
13.0066604614,80.2571411133,63344,63354,10
13.0066003799,80.2575378418,63354,63364,10
13.0060997009,80.2574768066,63364,63374,10
13.0054597855,80.25730896,63374,63384,10
13.0048599243,80.2571868896,63384,63395,11
13.0044403076,80.2571411133,63395,63405,10
13.0042896271,80.2571029663,63405,63415,10
13.0041399002,80.2570495605,63415,63425,10
13.0038995743,80.256980896,63425,63475,50
13.0038995743,80.256980896,63475,63485,10
13.003490448,80.256942749,63485,63496,11
13.0032997131,80.2568969727,63496,63506,10
13.0030403137,80.2568283081,63506,63516,10
13.002699852,80.2567520142,63516,63526,10
13.0022497177,80.2566986084,63526,63586,60
13.0022497177,80.2566986084,63586,63596,10
13.0016098022,80.2565765381,63596,63607,11
13.0009202957,80.2564620972,63607,63617,10
12.9998703003,80.2563400269,63617,63637,20
12.9998703003,80.2563400269,63637,63647,10
12.9995203018,80.2562866211,63647,63657,10
12.9991102219,80.2561798096,63657,63667,10
12.9986801147,80.2561264038,63667,63677,10
12.9986095428,80.2561035156,63677,63687,10
12.9983100891,80.2560272217,63687,63697,10
12.9980401993,80.2559890747,63697,63707,10
12.9975500107,80.2559509277,63707,63718,11
12.9967298508,80.255897522,63718,63728,10
12.9961795807,80.2558822632,63728,63738,10
12.9956798553,80.255897522,63738,63748,10
12.9952497482,80.2558898926,63748,63758,10
12.9946699142,80.255897522,63758,63768,10
12.9940595627,80.2559967041,63768,63778,10
12.9932699203,80.2560577393,63778,63788,10
12.9922704697,80.2560806274,63788,63798,10
12.9915800095,80.2560882568,63798,63807,9
12.991109848,80.2560806274,63807,63819,12
12.9903097153,80.2560272217,63819,63829,10
12.9896697998,80.2559814453,63829,63839,10
12.9892501831,80.2559509277,63839,63849,10
12.9888000488,80.2559432983,63849,63859,10
12.988360405,80.255897522,63859,63869,10
12.9878997803,80.2558364868,63869,63879,10
12.9874000549,80.2557373047,63879,63889,10
12.9870595932,80.2556686401,63889,63899,10
12.9867801666,80.2556304932,63899,63909,10
12.9865999222,80.2555999756,63909,63919,10
12.986410141,80.2555465698,63919,63940,21
12.986410141,80.2555465698,63940,63950,10
12.9861602783,80.2554779053,63950,63960,10
12.9857997894,80.2554397583,63960,63970,10
12.985329628,80.2553405762,63970,63980,10
12.9846696854,80.2551803589,63980,63990,10
12.9841299057,80.2550125122,63990,64000,10
12.9836196899,80.2548980713,64000,64010,10
12.983130455,80.2547912598,64010,64020,10
12.9828596115,80.254699707,64020,64029,9
12.9825601578,80.2546081543,64029,64041,12
12.982219696,80.2543563843,64041,64051,10
12.9819803238,80.2539672852,64051,64061,10
12.9818096161,80.2532577515,64061,64071,10
12.9812898636,80.2527770996,64071,64081,10
12.9809904099,80.2528076172,64081,64091,10
12.9808702469,80.2527999878,64091,64152,61
12.9808702469,80.2527999878,64152,64162,10
12.9804201126,80.2527389526,64162,64172,10
12.9801101685,80.2527313232,64172,64182,10
12.9793996811,80.2526016235,64182,64192,10
12.9786500931,80.2525100708,64192,64202,10
12.9785699844,80.2525024414,64202,64212,10
12.9785404205,80.2525100708,64212,64222,10
12.9781703949,80.2522583008,64222,64232,10
12.9774904251,80.251663208,64232,64242,10
12.9765195847,80.2511901855,64242,64253,11
12.9751501083,80.2508010864,64253,64263,10
12.9737997055,80.2504119873,64263,64273,10
12.9725198746,80.2500686646,64273,64283,10
12.9711904526,80.2497329712,64283,64293,10
12.9698400497,80.2492980957,64293,64303,10
12.9685001373,80.2487869263,64303,64313,10
12.9672603607,80.2482833862,64313,64323,10
12.9664201736,80.2478485107,64323,64333,10
12.9655399323,80.2474975586,64333,64343,10
12.9652099609,80.2473983765,64343,64354,11
12.9651098251,80.2473678589,64354,64364,10
12.9646501541,80.2471923828,64364,64374,10
12.9642896652,80.2470321655,64374,64384,10
12.9638996124,80.2469024658,64384,64394,10
12.9635601044,80.2467498779,64394,64404,10
12.9628696442,80.246383667,64404,64414,10
12.9619102478,80.2459106445,64414,64424,10
12.9608402252,80.2453765869,64424,64434,10
12.9599199295,80.244972229,64434,64444,10
12.9593496323,80.244720459,64444,64454,10
12.9586200714,80.244392395,64454,64465,11
12.9576797485,80.2440032959,64465,64475,10
12.9564599991,80.2436523438,64475,64495,20
12.9564599991,80.2436523438,64495,64505,10
12.9562997818,80.243598938,64505,64515,10
12.9557695389,80.2433319092,64515,64525,10
12.954990387,80.2429428101,64525,64535,10
12.9541397095,80.2425689697,64535,64545,10
12.9533500671,80.2422409058,64545,64555,10
12.9524002075,80.2418823242,64555,64565,10
12.9517698288,80.2416687012,64565,64576,11
12.9516296387,80.2416305542,64576,64586,10
12.9511203766,80.2414474487,64586,64596,10
12.9503202438,80.2412033081,64596,64606,10
12.9493999481,80.2409210205,64606,64616,10
12.9485502243,80.240562439,64616,64626,10
12.9477500916,80.2402267456,64626,64636,10
12.9474496841,80.2401123047,64636,64646,10
12.9471998215,80.2400283813,64646,64656,10
12.9470996857,80.2399902344,64656,64666,10
12.9469900131,80.2399368286,64666,64677,11
12.9464302063,80.2397079468,64677,64687,10
12.9456701279,80.2393722534,64687,64697,10
12.9448404312,80.2387466431,64697,64707,10
12.9440002441,80.2378234863,64707,64717,10
12.9431400299,80.2369308472,64717,64727,10
12.9420995712,80.2363891602,64727,64737,10
12.9412097931,80.2361679077,64737,64747,10
12.9404802322,80.2359695435,64747,64757,10
12.940199852,80.2358932495,64757,64767,10
12.9397001266,80.2357025146,64767,64776,9
12.9396095276,80.2356567383,64776,64788,12
12.9391403198,80.2354278564,64788,64798,10
12.938369751,80.2350616455,64798,64808,10
12.9374198914,80.234588623,64808,64818,10
12.9363603592,80.2340774536,64818,64828,10
12.9358701706,80.2338790894,64828,64838,10
12.9358596802,80.23387146,64838,64848,10
12.9356203079,80.233757019,64848,64858,10
12.9350299835,80.2334823608,64858,64868,10
12.9339103699,80.2329788208,64868,64888,20
12.9339103699,80.2329788208,64888,64899,11
12.9336996078,80.2328262329,64899,64909,10
12.9331197739,80.2325668335,64909,64919,10
12.9322795868,80.2322692871,64919,64929,10
12.9312200546,80.2319030762,64929,64939,10
12.9300203323,80.2315368652,64939,64949,10
12.9291400909,80.231338501,64949,64959,10
12.9287595749,80.2312774658,64959,64969,10
12.9280500412,80.2311477661,64969,64979,10
12.9271097183,80.2310409546,64979,64989,10
12.9262599945,80.2309494019,64989,65000,11
12.9260101318,80.2309417725,65000,65010,10
12.925620079,80.2309036255,65010,65020,10
12.9249200821,80.2308120728,65020,65030,10
12.9240703583,80.23072052,65030,65040,10
12.9229803085,80.2305603027,65040,65050,10
12.9216804504,80.2303619385,65050,65060,10
12.9202699661,80.2301712036,65060,65070,10
12.9191703796,80.2300109863,65070,65080,10
12.9180803299,80.2298583984,65080,65090,10
12.9168195724,80.2296981812,65090,65100,10
12.9154396057,80.2294998169,65100,65111,11
12.9139604568,80.2293014526,65111,65121,10
12.913359642,80.2292633057,65121,65131,10
12.9133396149,80.2292480469,65131,65141,10
12.912899971,80.2291793823,65141,65151,10
12.9121599197,80.2290725708,65151,65161,10
12.911190033,80.2289276123,65161,65171,10
12.9099998474,80.2287521362,65171,65181,10
12.908829689,80.2285690308,65181,65191,10
12.9072799683,80.2283401489,65191,65211,20
12.9072799683,80.2283401489,65211,65222,11
12.907119751,80.228302002,65222,65232,10
12.9065799713,80.2282409668,65232,65242,10
12.9057598114,80.2281799316,65242,65252,10
12.9048404694,80.2281265259,65252,65262,10
12.9039096832,80.2280731201,65262,65272,10
12.902879715,80.228012085,65272,65282,10
12.9022703171,80.2279815674,65282,65292,10
12.9019298553,80.2279815674,65292,65302,10
12.9015398026,80.2279586792,65302,65312,10
12.9011802673,80.2279586792,65312,65323,11
12.9008197784,80.2279205322,65323,65333,10
12.9003000259,80.227897644,65333,65343,10
12.8993396759,80.2278594971,65343,65363,20
12.8993396759,80.2278594971,65363,65373,10
12.8991699219,80.2278366089,65373,65383,10
12.8986101151,80.2277832031,65383,65393,10
12.8977804184,80.2277374268,65393,65403,10
12.8967103958,80.2276916504,65403,65413,10
12.8954496384,80.2276306152,65413,65423,10
12.8941802979,80.2275619507,65423,65434,11
12.8934297562,80.2274932861,65434,65444,10
12.8932504654,80.2274398804,65444,65454,10
12.8930997849,80.2274169922,65454,65464,10
12.8928699493,80.2274093628,65464,65474,10
12.8925600052,80.2273864746,65474,65484,10
12.8919296265,80.2273483276,65484,65494,10
12.890999794,80.2273330688,65494,65504,10
12.8898200989,80.2273178101,65504,65514,10
12.8887901306,80.2273178101,65514,65524,10
12.8877601624,80.2272186279,65524,65535,11
12.8865098953,80.2269897461,65535,65545,10
12.8848495483,80.2266998291,65545,65565,20
12.8848495483,80.2266998291,65565,65575,10
12.8845596313,80.2266769409,65575,65585,10
12.8838100433,80.2266693115,65585,65595,10
12.8827800751,80.2266693115,65595,65605,10
12.8815202713,80.2266921997,65605,65615,10
12.8801298141,80.2266921997,65615,65625,10
12.878660202,80.2267379761,65625,65635,10
12.8772497177,80.226852417,65635,65646,11
12.8764600754,80.2269592285,65646,65656,10
12.8764400482,80.2269592285,65656,65666,10
12.8762702942,80.2269515991,65666,65676,10
12.8756399155,80.2269363403,65676,65686,10
12.874710083,80.2268371582,65686,65696,10
12.8735303879,80.2267074585,65696,65706,10
12.8724603653,80.2266769409,65706,65716,10
12.8722696304,80.2266769409,65716,65726,10
12.8717603683,80.2266616821,65726,65736,10
12.8709001541,80.2266311646,65736,65745,9
12.8699197769,80.2265396118,65745,65757,12
12.8683595657,80.2263793945,65757,65767,10
12.8669300079,80.2264709473,65767,65777,10
12.8654603958,80.2265625,65777,65787,10
12.8639698029,80.2265090942,65787,65797,10
12.8624601364,80.2265090942,65797,65807,10
12.8610801697,80.2265396118,65807,65817,10
12.8597002029,80.2263793945,65817,65827,10
12.8586397171,80.2262573242,65827,65837,10
12.8575696945,80.2262420654,65837,65847,10
12.8562898636,80.2263565063,65847,65858,11
12.8547401428,80.2265014648,65858,65868,10
12.8532495499,80.2266387939,65868,65878,10
12.8518104553,80.2266311646,65878,65888,10
12.8504800797,80.2265930176,65888,65898,10
12.8500404358,80.2265777588,65898,65908,10
12.8496398926,80.2265777588,65908,65918,10
12.8488397598,80.2265701294,65918,65928,10
12.8477296829,80.2265472412,65928,65938,10
12.8464603424,80.2265472412,65938,65948,10
12.8454999924,80.2265777588,65948,65969,21
12.8454999924,80.2265777588,65969,65979,10
12.8453502655,80.2265777588,65979,65989,10
12.8449001312,80.226600647,65989,65999,10
12.8440904617,80.2266387939,65999,66009,10
12.8430204391,80.2267913818,66009,66019,10
12.8417797089,80.2270736694,66019,66029,10
12.8406400681,80.2273788452,66029,66039,10
12.8400201797,80.2275695801,66039,66049,10
12.8395900726,80.227722168,66049,66059,10
12.83893013,80.227897644,66059,66069,10
12.8380002975,80.2281112671,66069,66080,11
12.8366699219,80.2283401489,66080,66090,10
12.8353004456,80.2285385132,66090,66100,10
12.8338699341,80.2287597656,66100,66110,10
12.8322696686,80.2290878296,66110,66130,20
12.8322696686,80.2290878296,66130,66140,10
12.8321504593,80.2291107178,66140,66150,10
12.8318099976,80.2291564941,66150,66160,10
12.8311100006,80.2293624878,66160,66170,10
12.8301496506,80.2296905518,66170,66181,11
12.8288898468,80.23021698,66181,66191,10
12.8276901245,80.2308807373,66191,66201,10
12.8263502121,80.2313079834,66201,66211,10
12.8249397278,80.2313690186,66211,66221,10
12.823679924,80.2310791016,66221,66231,10
12.8224096298,80.23072052,66231,66241,10
12.8212604523,80.2304534912,66241,66251,10
12.8200798035,80.2304611206,66251,66261,10
12.8190202713,80.2304916382,66261,66271,10
12.8188695908,80.23046875,66271,66281,10
12.8185796738,80.2303466797,66281,66292,11
12.8177995682,80.2299499512,66292,66302,10
12.8168096542,80.2295532227,66302,66312,10
12.8155698776,80.229347229,66312,66322,10
12.8142004013,80.229133606,66322,66332,10
12.8128595352,80.2287063599,66332,66342,10
12.811630249,80.2282714844,66342,66352,10
12.8103599548,80.2277832031,66352,66362,10
12.8092002869,80.2272186279,66362,66372,10
12.8081598282,80.2264175415,66372,66382,10
12.8073701859,80.2257385254,66382,66393,11
12.806520462,80.2250137329,66393,66403,10
12.8056697845,80.2242736816,66403,66413,10
12.8048400879,80.2239532471,66413,66423,10
12.804690361,80.2239074707,66423,66433,10
12.8044595718,80.2238769531,66433,66443,10
12.8038396835,80.2238388062,66443,66453,10
12.8030700684,80.2237701416,66453,66463,10
12.8025102615,80.2237014771,66463,66473,10
12.8017396927,80.2236099243,66473,66483,10
12.8009700775,80.2235488892,66483,66493,10
12.8008098602,80.2235336304,66493,66504,11
12.800160408,80.223449707,66504,66513,9
12.7993898392,80.2234115601,66513,66524,11
12.7981595993,80.2231903076,66524,66534,10
12.796959877,80.2230682373,66534,66544,10
12.7960100174,80.22290802,66544,66554,10
12.795800209,80.2228775024,66554,66564,10
12.795419693,80.2228088379,66564,66574,10
12.7946500778,80.2226867676,66574,66584,10
12.7936401367,80.2225418091,66584,66593,9
12.7925701141,80.222366333,66593,66605,12
12.7912797928,80.2220687866,66605,66615,10
12.7903003693,80.2218399048,66615,66625,10
12.7899303436,80.2217178345,66625,66635,10
12.7897396088,80.2216720581,66635,66645,10
12.789440155,80.2215576172,66645,66655,10
12.7889795303,80.2213897705,66655,66665,10
12.788479805,80.2211990356,66665,66675,10
12.788069725,80.2210388184,66675,66685,10
12.7878303528,80.2209396362,66685,66705,20
12.7878303528,80.2209396362,66705,66716,11
12.7875003815,80.2208099365,66716,66736,20
12.7875003815,80.2208099365,66736,66746,10
12.7873401642,80.2207489014,66746,66756,10
12.7871303558,80.2206802368,66756,66766,10
12.7868700027,80.2205734253,66766,66837,71
12.7868700027,80.2205734253,66837,66847,10
12.7863397598,80.2203521729,66847,66857,10
12.7862596512,80.2203216553,66857,66867,10
12.7860603333,80.2202529907,66867,66917,50
12.7860603333,80.2202529907,66917,66928,11
12.7856903076,80.2200698853,66928,66938,10
12.7853002548,80.2198562622,66938,66948,10
12.7846298218,80.2195281982,66948,66968,20
12.7846298218,80.2195281982,66968,66978,10
12.7845897675,80.2194900513,66978,66988,10
12.7843198776,80.2193603516,66988,66998,10
12.783659935,80.2189865112,66998,67008,10
12.7828197479,80.2185287476,67008,67018,10
12.7818202972,80.2179794312,67018,67028,10
12.7807502747,80.2173995972,67028,67039,11
12.7796001434,80.2167663574,67039,67049,10
12.7784099579,80.2161483765,67049,67059,10
12.7771997452,80.2156219482,67059,67069,10
12.7760400772,80.2151412964,67069,67079,10
12.7749595642,80.2146987915,67079,67089,10
12.7738800049,80.2142715454,67089,67099,10
12.7727899551,80.2138366699,67099,67109,10
12.7717599869,80.2134628296,67109,67119,10
12.7708902359,80.2131500244,67119,67129,10
12.7707901001,80.2128295898,67129,67138,9
12.7708101273,80.2128067017,67138,67150,12
12.7709102631,80.2126083374,67150,67160,10
12.7709503174,80.212059021,67160,67170,10
12.7712402344,80.2112426758,67170,67180,10
12.7715797424,80.210609436,67180,67190,10
12.7719402313,80.2099380493,67190,67200,10
12.7722902298,80.2089767456,67200,67210,10
12.772600174,80.2078399658,67210,67220,10
12.7728595734,80.2068634033,67220,67230,10
12.7730503082,80.2062606812,67230,67240,10
12.7731199265,80.2060089111,67240,67251,11
12.7732696533,80.2052764893,67251,67261,10
12.7734003067,80.2044525146,67261,67271,10
12.7735300064,80.2033996582,67271,67281,10
12.7737398148,80.2024230957,67281,67291,10
12.7738599777,80.2009963989,67291,67311,20
12.7738599777,80.2009963989,67311,67321,10
12.7738895416,80.2006988525,67321,67331,10
12.7739496231,80.2000579834,67331,67341,10
12.774020195,80.1993331909,67341,67350,9
12.7740802765,80.1985397339,67350,67362,12
12.774140358,80.1973419189,67362,67372,10
12.7741804123,80.1964111328,67372,67382,10
12.7742395401,80.1955337524,67382,67392,10
12.7744398117,80.1945419312,67392,67402,10
12.7745304108,80.1940383911,67402,67412,10
12.7745800018,80.1938018799,67412,67422,10
12.7745895386,80.1937866211,67422,67432,10
12.7746496201,80.1936569214,67432,67442,10
12.7747001648,80.1934432983,67442,67451,9
12.7747402191,80.1932830811,67451,67463,12
12.7750902176,80.1927719116,67463,67473,10
12.7753000259,80.1920623779,67473,67483,10
12.7751398087,80.1912384033,67483,67493,10
12.7745504379,80.1903305054,67493,67503,10
12.7736997604,80.1895294189,67503,67513,10
12.772649765,80.1891403198,67513,67523,10
12.7715196609,80.1887130737,67523,67533,10
12.7709903717,80.188041687,67533,67543,10
12.7708997726,80.1873321533,67543,67553,10
12.7708597183,80.1868896484,67553,67563,10
12.7708396912,80.1866989136,67563,67574,11
12.7707595825,80.1860733032,67574,67584,10
12.7705802917,80.1846237183,67584,67594,10
12.7705802917,80.1846237183,67594,67604,10
12.7702198029,80.1845397949,67604,67612,8
12.7672595978,80.1830596924,67612,67683,71
12.7672595978,80.1830596924,67683,67703,20
12.7661104202,80.1826171875,67703,67713,10
12.7656002045,80.1825714111,67713,67723,10
12.7649898529,80.1824874878,67723,67733,10
12.7643203735,80.1823883057,67733,67743,10
12.7636604309,80.1822814941,67743,67753,10
12.7634000778,80.1826934814,67753,67763,10
12.7632303238,80.1832733154,67763,67772,9
12.7631797791,80.1834487915,67772,67783,11
12.7631597519,80.1835098267,67783,67794,11
12.7629995346,80.1840896606,67794,67814,20
12.7629995346,80.1840896606,67814,67824,10
12.7630195618,80.1843032837,67824,67834,10
12.7630300522,80.1846389771,67834,67844,10
12.7628803253,80.1849822998,67844,67854,10
12.7625198364,80.1849212646,67854,67864,10
12.7621202469,80.1848983765,67864,67874,10
12.7617301941,80.1848602295,67874,67884,10
12.7615003586,80.1846084595,67884,68682,798
12.7615003586,80.1846084595,68682,68692,10
12.7615299225,80.1848297119,68692,68702,10
12.7616796494,80.1848678589,68702,68712,10
12.761759758,80.1848678589,68712,68722,10
12.7620401382,80.1848983765,68722,68732,10
12.7623500824,80.1848907471,68732,68741,9
12.7626199722,80.184928894,68741,68753,12
12.7629404068,80.1848297119,68753,68763,10
12.7629804611,80.1845626831,68763,68773,10
12.7629804611,80.1842727661,68773,68783,10
12.7629499435,80.1840209961,68783,68793,10
12.7630195618,80.1837463379,68793,68803,10
12.763130188,80.1834411621,68803,68813,10
12.7631702423,80.1833724976,68813,68823,10
12.7632598877,80.183052063,68823,68833,10
12.7634000778,80.1825714111,68833,68843,10
12.7636699677,80.1823425293,68843,68854,11
12.7641601563,80.1824111938,68854,68864,10
12.7647104263,80.1825027466,68864,68874,10
12.7652997971,80.1825637817,68874,68884,10
12.7659301758,80.1826477051,68884,68894,10
12.766500473,80.182762146,68894,68904,10
12.7670698166,80.1830215454,68904,68914,10
12.767660141,80.1832427979,68914,68924,10
12.768239975,80.1834487915,68924,68934,10
12.7686004639,80.1837310791,68934,68944,10
12.7688999176,80.1840133667,68944,68954,10
12.7693099976,80.1842269897,68954,68965,11
12.7697095871,80.1844100952,68965,68975,10
12.7701396942,80.1845321655,68975,68985,10
12.7705097198,80.1846389771,68985,68995,10
12.7706003189,80.184677124,68995,69003,8
12.7706804276,80.1848983765,69003,69025,22
12.7707996368,80.1863098145,69025,69035,10
12.7708797455,80.1868591309,69035,69045,10
12.7708797455,80.1868972778,69045,69055,10
12.7709197998,80.1870422363,69055,69065,10
12.770939827,80.1874237061,69065,69076,11
12.7710504532,80.188117981,69076,69086,10
12.7712898254,80.188659668,69086,69096,10
12.7719697952,80.1889190674,69096,69106,10
12.772769928,80.189201355,69106,69116,10
12.773639679,80.1895294189,69116,69126,10
12.774310112,80.1900787354,69126,69136,10
12.7749300003,80.1907730103,69136,69146,10
12.7751998901,80.1913604736,69146,69156,10
12.7752799988,80.1918487549,69156,69166,10
12.7753000259,80.1924972534,69166,69177,11
12.7746496201,80.193687439,69177,69197,20
12.7746496201,80.193687439,69197,69207,10
12.7745895386,80.193939209,69207,69217,10
12.7744598389,80.1945724487,69217,69227,10
12.7742900848,80.1952972412,69227,69237,10
12.7742099762,80.1961135864,69237,69247,10
12.7741699219,80.1969528198,69247,69257,10
12.7741699219,80.1970062256,69257,69267,10
12.774140358,80.1973571777,69267,69277,10
12.7741298676,80.1980819702,69277,69288,11
12.7740402222,80.1991577148,69288,69298,10
12.7739400864,80.2002410889,69298,69308,10
12.7738704681,80.2010879517,69308,69318,10
12.773850441,80.2013778687,69318,69328,10
12.7737998962,80.202003479,69328,69338,10
12.7737102509,80.2028427124,69338,69348,10
12.7735204697,80.2035598755,69348,69358,10
12.773440361,80.2043914795,69358,69368,10
12.773349762,80.2050170898,69368,69378,10
12.7731895447,80.2057495117,69378,69389,11
12.7729797363,80.2064819336,69389,69399,10
12.7727804184,80.2071685791,69399,69409,10
12.772600174,80.2077636719,69409,69419,10
12.7724704742,80.2083511353,69419,69429,10
12.7723197937,80.2088470459,69429,69439,10
12.7721300125,80.2094268799,69439,69449,10
12.7720499039,80.2096633911,69449,69459,10
12.7717504501,80.2102813721,69459,69469,10
12.7714004517,80.2109603882,69469,69479,10
12.7711200714,80.2116165161,69479,69489,10
12.7709598541,80.2122573853,69489,69500,11
12.7707901001,80.2129516602,69500,69510,10
12.7707796097,80.2130203247,69510,69520,10
12.7709999084,80.213180542,69520,69530,10
12.7715797424,80.2133789063,69530,69540,10
12.7723903656,80.2136611938,69540,69550,10
12.7733001709,80.214012146,69550,69560,10
12.7740402222,80.214302063,69560,69570,10
12.7747802734,80.21459198,69570,69580,10
12.7757301331,80.2149810791,69580,69590,10
12.7766599655,80.2153625488,69590,69601,11
12.7777795792,80.2158279419,69601,69611,10
12.778840065,80.2163314819,69611,69621,10
12.7797803879,80.2168273926,69621,69631,10
12.7808599472,80.2174224854,69631,69641,10
12.7818803787,80.2179794312,69641,69651,10
12.7828598022,80.2185134888,69651,69661,10
12.7837495804,80.21900177,69661,69671,10
12.7845697403,80.2194671631,69671,69681,10
12.7851104736,80.2197418213,69681,69691,10
12.78565979,80.2200317383,69691,69700,9
12.785949707,80.220161438,69700,69712,12
12.7861499786,80.2202606201,69712,69722,10
12.7865495682,80.2204208374,69722,69762,40
12.7865495682,80.2204208374,69762,69772,10
12.786740303,80.2205429077,69772,69782,10
12.7870998383,80.2206497192,69782,69792,10
12.7875299454,80.2208023071,69792,69802,10
12.7880496979,80.2210083008,69802,69812,10
12.7886896133,80.2212524414,69812,69823,11
12.7894001007,80.2215194702,69823,69833,10
12.7898597717,80.2216720581,69833,69843,10
12.7905197144,80.2218399048,69843,69853,10
12.7914400101,80.2220687866,69853,69863,10
12.7924203873,80.2222976685,69863,69873,10
12.7934398651,80.2224578857,69873,69883,10
12.7944002151,80.2226028442,69883,69893,10
12.7953195572,80.2227630615,69893,69903,10
12.7962198257,80.2229003906,69903,69913,10
12.796380043,80.2229232788,69913,69924,11
12.7966299057,80.2229766846,69924,69934,10
12.7972097397,80.2230911255,69934,69944,10
12.7980298996,80.2232208252,69944,69954,10
12.7989397049,80.2233276367,69954,69964,10
12.7999095917,80.2234115601,69964,69974,10
12.8008899689,80.2235031128,69974,69984,10
12.8018102646,80.2235870361,69984,69994,10
12.8027200699,80.2237091064,69994,70004,10
12.8035097122,80.2237930298,70004,70014,10
12.8043403625,80.2238616943,70014,70024,10
12.8049697876,80.2239379883,70024,70035,11
12.8054800034,80.2240982056,70035,70045,10
12.8056602478,80.2241897583,70045,70055,10
12.8061199188,80.2245788574,70055,70065,10
12.8067398071,80.2251205444,70065,70075,10
12.807390213,80.225692749,70075,70085,10
12.8080997467,80.2262802124,70085,70095,10
12.808930397,80.2269668579,70095,70105,10
12.8098497391,80.2275009155,70105,70115,10
12.8108501434,80.2279281616,70115,70125,10
12.8120298386,80.2283706665,70125,70136,11
12.8131504059,80.228767395,70136,70146,10
12.814209938,80.2290802002,70146,70156,10
12.8154096603,80.2292709351,70156,70166,10
12.8167104721,80.2294769287,70166,70176,10
12.817779541,80.2298812866,70176,70186,10
12.8186998367,80.2303009033,70186,70196,10
12.8194303513,80.2304077148,70196,70206,10
12.8202400208,80.2303924561,70206,70216,10
12.8212099075,80.2304000854,70216,70226,10
12.8221998215,80.2305526733,70226,70236,10
12.8233604431,80.2309112549,70236,70247,11
12.8247203827,80.231262207,70247,70257,10
12.8260698318,80.2312774658,70257,70267,10
12.8273801804,80.2310180664,70267,70277,10
12.8285102844,80.2303695679,70277,70287,10
12.8297100067,80.2298202515,70287,70297,10
12.8306398392,80.2294387817,70297,70337,40
12.830789566,80.2293701172,70337,70368,31
12.830789566,80.2293701172,70368,70378,10
12.8311004639,80.2292861938,70378,70388,10
12.8312301636,80.2292785645,70388,70398,10
12.8316202164,80.2291412354,70398,70408,10
12.8319597244,80.2290725708,70408,70418,10
12.8325395584,80.2289581299,70418,70428,10
12.8334197998,80.2287902832,70428,70438,10
12.8344802856,80.2285995483,70438,70448,10
12.8355903625,80.2284164429,70448,70459,11
12.8368396759,80.2282409668,70459,70469,10
12.8379001617,80.2280578613,70469,70479,10
12.8388299942,80.2278289795,70479,70489,10
12.8393497467,80.2275772095,70489,70499,10
12.8396501541,80.2275085449,70499,70509,10
12.8400201797,80.2274932861,70509,70519,10
12.8404502869,80.2273788452,70519,70529,10
12.8411903381,80.2271881104,70529,70539,10
12.8421096802,80.2269515991,70539,70549,10
12.8430595398,80.2267608643,70549,70559,10
12.8439798355,80.2266235352,70559,70570,11
12.8451900482,80.2265014648,70570,70590,20
12.8451900482,80.2265014648,70590,70600,10
12.8452997208,80.2265090942,70600,70610,10
12.8457698822,80.2265014648,70610,70620,10
12.8464002609,80.2265014648,70620,70630,10
12.8472604752,80.2265014648,70630,70640,10
12.8482904434,80.2265014648,70640,70650,10
12.8499898911,80.2264785767,70650,70671,21
12.8499898911,80.2264785767,70671,70681,10
12.8502101898,80.2264709473,70681,70691,10
12.8507299423,80.2265014648,70691,70701,10
12.8514404297,80.2265319824,70701,70711,10
12.8522901535,80.2265701294,70711,70721,10
12.853099823,80.2265930176,70721,70731,10
12.8538398743,80.2265319824,70731,70741,10
12.8545103073,80.2264633179,70741,70751,10
12.8552703857,80.2263717651,70751,70852,101
12.8552703857,80.2263717651,70852,70862,10
12.8553495407,80.2263565063,70862,70872,10
12.8558101654,80.2263183594,70872,70883,11
12.8565597534,80.2262420654,70883,70893,10
12.8574199677,80.2261734009,70893,70903,10
12.8583698273,80.2261810303,70903,70913,10
12.859459877,80.2263031006,70913,70923,10
12.86054039,80.2264480591,70923,70933,10
12.8616600037,80.2265014648,70933,70943,10
12.8628797531,80.2264328003,70943,70953,10
12.8641004562,80.2264633179,70953,70963,10
12.8654098511,80.2265090942,70963,70973,10
12.8665704727,80.2264404297,70973,70983,10
12.867650032,80.2263336182,70983,70994,11
12.8688402176,80.2263183594,70994,71004,10
12.8700199127,80.2264404297,71004,71014,10
12.8711500168,80.2265319824,71014,71024,10
12.8722496033,80.2265701294,71024,71034,10
12.873000145,80.226600647,71034,71044,10
12.8736801147,80.2266387939,71044,71054,10
12.8745498657,80.2267303467,71054,71064,10
12.8754796982,80.2268295288,71064,71074,10
12.8759403229,80.2268371582,71074,71084,10
12.8762102127,80.2268371582,71084,71094,10
12.8763999939,80.2268218994,71094,71115,21
12.8763999939,80.2268218994,71115,71125,10
12.8766098022,80.2268295288,71125,71135,10
12.876660347,80.2268371582,71135,71145,10
12.8770198822,80.2268066406,71145,71155,10
12.8777103424,80.2267608643,71155,71165,10
12.8785800934,80.2266998291,71165,71175,10
12.8795995712,80.2266387939,71175,71185,10
12.8807697296,80.2266387939,71185,71195,10
12.8819198608,80.2266235352,71195,71206,11
12.8830795288,80.2266082764,71206,71216,10
12.8840799332,80.226600647,71216,71226,10
12.884929657,80.2266082764,71226,71236,10
12.8851499557,80.2266235352,71236,71246,10
12.8852500916,80.2266311646,71246,71256,10
12.8856801987,80.2267227173,71256,71266,10
12.8864002228,80.2269210815,71266,71276,10
12.8873300552,80.2271194458,71276,71286,10
12.888469696,80.2272415161,71286,71296,10
12.8897695541,80.2272567749,71296,71305,9
12.8909502029,80.2272567749,71305,71317,12
12.8922796249,80.2272872925,71317,71327,10
12.8932800293,80.2274093628,71327,71337,10
12.8944702148,80.2275314331,71337,71347,10
12.8956699371,80.2275924683,71347,71357,10
12.8969402313,80.2276382446,71357,71367,10
12.8982400894,80.2277069092,71367,71377,10
12.8991298676,80.227722168,71377,71387,10
12.8995103836,80.2277526855,71387,71397,10
12.8999795914,80.2277832031,71397,71407,10
12.9004297256,80.2278137207,71407,71418,11
12.9010000229,80.2278518677,71418,71428,10
12.901309967,80.2278823853,71428,71438,10
12.9017295837,80.227897644,71438,71448,10
12.9020004272,80.2279205322,71448,71458,10
12.9023704529,80.2279510498,71458,71468,10
12.9028501511,80.2279586792,71468,71478,10
12.902879715,80.2279510498,71478,71488,10
12.9029798508,80.2279281616,71488,71498,10
12.9034500122,80.2279663086,71498,71508,10
12.9039697647,80.2280197144,71508,71518,10
12.9041204453,80.2280197144,71518,71529,11
12.9046897888,80.2280578613,71529,71599,70
12.9046897888,80.2280578613,71599,71609,10
12.9050102234,80.2280731201,71609,71618,9
12.9053297043,80.2280883789,71618,71629,11
12.9058303833,80.2281112671,71629,71700,71
12.9060602188,80.2281723022,71700,71729,29
12.9060602188,80.2281723022,71729,71741,12
12.9061803818,80.2281799316,71741,71751,10
12.9064397812,80.228187561,71751,71761,10
12.9069299698,80.2282409668,71761,71771,10
12.9077396393,80.2283477783,71771,71781,10
12.9087400436,80.2285003662,71781,71791,10
12.909819603,80.2286834717,71791,71801,10
12.9110498428,80.2288665771,71801,71811,10
12.9122600555,80.2290420532,71811,71821,10
12.9133796692,80.2291793823,71821,71831,10
12.9138803482,80.2292404175,71831,71841,10
12.9138898849,80.2292404175,71841,71852,11
12.9142303467,80.2292861938,71852,71862,10
12.9148797989,80.2293777466,71862,71872,10
12.9157495499,80.2295074463,71872,71882,10
12.9168395996,80.2296524048,71882,71892,10
12.9179801941,80.2298202515,71892,71902,10
12.9191904068,80.2299804688,71902,71912,10
12.9204998016,80.230140686,71912,71922,10
12.9217300415,80.2303009033,71922,71932,10
12.9229402542,80.2304992676,71932,71941,9
12.9239501953,80.2306365967,71941,71953,12
12.9253196716,80.2308807373,71953,71963,10
12.9262399673,80.231010437,71963,71973,10
12.9265899658,80.2309875488,71973,71983,10
12.9268503189,80.231010437,71983,71993,10
12.9274997711,80.2310791016,71993,72003,10
12.9283399582,80.2311782837,72003,72013,10
12.9291400909,80.231338501,72013,72023,10
12.9300603867,80.231552124,72023,72033,10
12.9309902191,80.2318115234,72033,72043,10
12.9318704605,80.232093811,72043,72053,10
12.9326400757,80.2323226929,72053,72064,11
12.9333295822,80.2325820923,72064,72074,10
12.9335403442,80.2326812744,72074,72084,10
12.9335699081,80.2326889038,72084,72094,10
12.9336795807,80.2327423096,72094,72104,10
12.9341096878,80.2329330444,72104,72114,10
12.9348697662,80.233291626,72114,72124,10
12.9357795715,80.2337036133,72124,72134,10
12.9367399216,80.2341918945,72134,72144,10
12.9378204346,80.2347106934,72144,72154,10
12.9386901855,80.2351303101,72154,72164,10
12.9392595291,80.2354431152,72164,72175,11
12.9397497177,80.2356414795,72175,72185,10
12.9397802353,80.2356491089,72185,72195,10
12.9399995804,80.235748291,72195,72205,10
12.9406604767,80.2359619141,72205,72215,10
12.941570282,80.2361907959,72215,72225,10
12.9426898956,80.236541748,72225,72235,10
12.9436101913,80.2372894287,72235,72245,10
12.9444303513,80.2381973267,72245,72255,10
12.945400238,80.2391433716,72255,72265,10
12.9464998245,80.2396469116,72265,72276,11
12.9472904205,80.2399597168,72276,72286,10
12.9474000931,80.2399978638,72286,72296,10
12.9477996826,80.2401809692,72296,72306,10
12.9487495422,80.2405166626,72306,72346,40
12.9487495422,80.2405166626,72346,72356,10
12.9487895966,80.240562439,72356,72366,10
12.9491796494,80.2407226563,72366,72376,10
12.9498701096,80.2409515381,72376,72387,11
12.950750351,80.2412185669,72387,72397,10
12.950920105,80.2412796021,72397,72407,10
12.951259613,80.2414093018,72407,72417,10
12.9518499374,80.2416534424,72417,72427,10
12.9525995255,80.2419204712,72427,72437,10
12.9535198212,80.2422866821,72437,72447,10
12.95429039,80.2425994873,72447,72457,10
12.955039978,80.2428970337,72457,72467,10
12.9558200836,80.2432022095,72467,72477,10
12.9562797546,80.2433929443,72477,72488,11
12.9565601349,80.243522644,72488,72498,10
12.9572296143,80.2437820435,72498,72508,10
12.9581003189,80.244140625,72508,72518,10
12.9587202072,80.2443618774,72518,72528,10
12.9588603973,80.2444229126,72528,72538,10
12.9594202042,80.2446899414,72538,72548,10
12.9602203369,80.2450637817,72548,72558,10
12.9612798691,80.245552063,72558,72568,10
12.9623003006,80.2460479736,72568,72578,10
12.963060379,80.2464599609,72578,72588,10
12.9634799957,80.2466812134,72588,72599,11
12.9641799927,80.2469329834,72599,72609,10
12.9649496078,80.2472000122,72609,72619,10
12.9657096863,80.2474594116,72619,72629,10
12.9660396576,80.2475662231,72629,72639,10
12.9661397934,80.2476272583,72639,72649,10
12.9662904739,80.2476806641,72649,72659,10
12.9665899277,80.2478103638,72659,72669,10
12.9668598175,80.2479629517,72669,72679,10
12.9674196243,80.2482299805,72679,72689,10
12.9682397842,80.2485733032,72689,72700,11
12.9688196182,80.2487869263,72700,72710,10
12.969420433,80.2490386963,72710,72720,10
12.9702396393,80.2493591309,72720,72730,10
12.9712600708,80.2497024536,72730,72740,10
12.9724798203,80.2500305176,72740,72750,10
12.9736003876,80.2503204346,72750,72760,10
12.9745702744,80.2506027222,72760,72770,10
12.9757404327,80.2509307861,72770,72780,10
12.9768600464,80.2512588501,72780,72790,10
12.9777202606,80.2517471313,72790,72799,9
12.9782400131,80.2521514893,72799,72811,12
12.9783096313,80.2521896362,72811,72821,10
12.9785499573,80.2523498535,72821,72831,10
12.9791603088,80.2525405884,72831,72841,10
12.9798202515,80.2525863647,72841,72851,10
12.9805698395,80.2525863647,72851,72861,10
12.9814901352,80.252571106,72861,72871,10
12.9825696945,80.2525482178,72871,72881,10
12.9832801819,80.2524719238,72881,72972,91
12.9832801819,80.2524719238,72972,72982,10
12.9834604263,80.2524032593,72982,72992,10
12.9840297699,80.2522735596,72992,73002,10
12.9846401215,80.2521133423,73002,73012,10
12.9852895737,80.251953125,73012,73023,11
12.9859600067,80.251739502,73023,73033,10
12.9864397049,80.2516326904,73033,73043,10
12.9869298935,80.2515106201,73043,73053,10
12.9875001907,80.2513275146,73053,73063,10
12.9878501892,80.251373291,73063,73073,10
12.9879198074,80.2516403198,73073,73083,10
12.9879798889,80.2520980835,73083,73093,10
12.9879903793,80.2522735596,73093,73103,10
12.9879398346,80.2526016235,73103,73113,10
12.9878902435,80.2531204224,73113,73123,10
12.9878396988,80.2539367676,73123,73214,91
12.9878396988,80.2539367676,73214,73223,9
12.9878501892,80.2543563843,73223,73235,12
12.9877901077,80.2547988892,73235,73245,10
12.9877595901,80.2552108765,73245,73255,10
12.9877195358,80.2555999756,73255,73265,10
12.987830162,80.2557373047,73265,73275,10
12.9882802963,80.2557983398,73275,73285,10
12.9886903763,80.2558364868,73285,73295,10
12.9889097214,80.2558670044,73295,73305,10
12.9895000458,80.255897522,73305,73315,10
12.9902095795,80.2559509277,73315,73325,10
12.9905996323,80.2559432983,73325,73335,10
12.9907999039,80.2559509277,73335,73346,11
12.9914398193,80.2559509277,73346,73356,10
12.992480278,80.2559661865,73356,73366,10
12.9934902191,80.2558822632,73366,73376,10
12.9941902161,80.255859375,73376,73386,10
12.9949302673,80.2557678223,73386,73396,10
12.9960403442,80.2557830811,73396,73416,20
12.9960403442,80.2557830811,73416,73426,10
12.9961299896,80.2557983398,73426,73436,10
12.9965295792,80.2557983398,73436,73447,11
12.9969701767,80.2557830811,73447,73457,10
12.9974403381,80.255821228,73457,73487,30
12.9974403381,80.255821228,73487,73497,10
12.9976596832,80.2559280396,73497,73507,10
12.9978599548,80.2563400269,73507,74456,949
12.9978599548,80.2563400269,74456,74466,10
12.9980401993,80.2564620972,74466,74476,10
12.9979600906,80.2566223145,74476,74486,10
12.9977998734,80.2566986084,74486,74496,10
12.9978504181,80.2568817139,74496,74506,10
12.998049736,80.2568588257,74506,74930,424
12.9983901978,80.2569122314,74930,76838,1908
12.9984397888,80.2569122314,76838,82642,5804
