13.0508403778,80.2059402466,11,2615,2604
13.0508804321,80.2061309814,2615,3271,656
13.0510196686,80.2061309814,3271,4401,1130
13.0506801605,80.2060012817,4401,7158,2757
13.0506696701,80.2060775757,7158,7612,454
13.0507097244,80.2060394287,7612,8995,1383
13.0506601334,80.2060089111,8995,9307,312
13.050740242,80.2060089111,9307,12072,2765
13.050740242,80.206237793,12072,12335,263
13.0508098602,80.2061386108,12335,14232,1897
13.0507898331,80.2061920166,14232,14928,696
13.0508003235,80.2061004639,14928,20227,5299
13.0508003235,80.2061004639,20227,20238,11
13.0507602692,80.2060089111,20238,20601,363
13.0507097244,80.2060394287,20601,20783,182
13.0507097244,80.2060394287,20783,20793,10
13.0508098602,80.2060317993,20793,20803,10
13.0508003235,80.2063903809,20803,20813,10
13.0506801605,80.2068862915,20813,20823,10
13.0502996445,80.2068481445,20823,20833,10
13.050160408,80.2068405151,20833,20843,10
13.0498600006,80.206817627,20843,20883,40
13.0494604111,80.2068328857,20883,20904,21
13.0494604111,80.2068328857,20904,20914,10
13.0491104126,80.2069702148,20914,20924,10
13.0491399765,80.2071075439,20924,20934,10
13.0490999222,80.2073287964,20934,20944,10
13.049079895,80.2075424194,20944,20954,10
13.0492095947,80.2079391479,20954,20964,10
13.0493602753,80.2085037231,20964,20974,10
13.049489975,80.2092285156,20974,20984,10
13.0495996475,80.2100219727,20984,20994,10
13.0496997833,80.2108001709,20994,21005,11
13.0498600006,80.2116394043,21005,21015,10
13.050330162,80.2119827271,21015,21025,10
13.0510797501,80.212020874,21025,21035,10
13.0522003174,80.2119903564,21035,21045,10
13.053319931,80.211730957,21045,21055,10
13.0544395447,80.2114868164,21055,21065,10
13.0555896759,80.2114562988,21065,21075,10
13.0567598343,80.211479187,21075,21085,10
13.0578804016,80.2115097046,21085,21095,10
13.0590200424,80.2115402222,21095,21105,10
13.0601797104,80.2115783691,21105,21116,11
13.0614404678,80.2116317749,21116,21126,10
13.0625295639,80.2116470337,21126,21136,10
13.0635900497,80.2116012573,21136,21146,10
13.0643596649,80.211479187,21146,21156,10
13.0652503967,80.2110290527,21156,21166,10
13.0661201477,80.210319519,21166,21176,10
13.0669403076,80.2095413208,21176,21186,10
13.0675001144,80.2086486816,21186,21196,10
13.0678796768,80.2080383301,21196,21206,10
13.0682001114,80.2075424194,21206,21216,10
13.0683498383,80.207359314,21216,21237,21
13.0683498383,80.207359314,21237,21247,10
13.068570137,80.2070922852,21247,21257,10
13.0686702728,80.2069168091,21257,21267,10
13.0687303543,80.206817627,21267,21277,10
13.068860054,80.2066192627,21277,21287,10
13.0688800812,80.2065429688,21287,21297,10
13.0689697266,80.2064285278,21297,21307,10
13.0691099167,80.206199646,21307,21317,10
13.0692796707,80.2059326172,21317,21327,10
13.0693597794,80.2058105469,21327,21338,11
13.0695400238,80.2054595947,21338,21348,10
13.0696697235,80.2052307129,21348,21358,10
13.0697898865,80.2050018311,21358,21368,10
13.0694503784,80.2048187256,21368,21378,10
13.0690803528,80.2052001953,21378,21388,10
13.0688199997,80.2053375244,21388,21398,10
13.0686798096,80.2052078247,21398,21408,10
13.0681295395,80.2051773071,21408,21681,273
13.0681295395,80.2051773071,21681,21691,10
13.0686798096,80.2048110962,21691,21741,50
13.0686798096,80.2048110962,21741,21751,10
13.0689697266,80.2047271729,21751,21761,10
13.069149971,80.2047271729,21761,21772,11
13.0691995621,80.2047424316,21772,21782,10
13.0692796707,80.2047729492,21782,21792,10
13.069560051,80.2048110962,21792,21812,20
13.069560051,80.2048110962,21812,21822,10
13.0698099136,80.2049331665,21822,21832,10
13.0698299408,80.2051773071,21832,21842,10
13.0695800781,80.205581665,21842,21852,10
13.0691995621,80.2061920166,21852,21862,10
13.0687599182,80.2069015503,21862,21872,10
13.0682401657,80.2077407837,21872,21883,11
13.0676002502,80.2087631226,21883,21893,10
13.0669403076,80.2097091675,21893,21894,1
13.066860199,80.2097930908,21894,21933,39
13.0637598038,80.2116394043,21933,21943,10
13.0628595352,80.2117080688,21943,21953,10
13.062040329,80.2116699219,21953,21963,10
13.0609502792,80.2116775513,21963,21973,10
13.0598402023,80.2116622925,21973,21983,10
13.0587997437,80.2116088867,21983,21993,10
13.0580196381,80.2116012573,21993,22004,11
13.057100296,80.2116165161,22004,22014,10
13.0561199188,80.2115936279,22014,22030,16
13.0543804169,80.2115707397,22030,22040,10
13.053319931,80.2118301392,22040,22050,10
13.0523004532,80.2121200562,22050,22060,10
13.0518798828,80.2121810913,22060,22070,10
13.0512599945,80.2121505737,22070,22080,10
13.0502996445,80.2121582031,22080,22121,41
13.0502996445,80.2121582031,22121,22131,10
13.0499000549,80.2122192383,22131,22141,10
13.0495901108,80.2121887207,22141,22151,10
13.0494203568,80.2121963501,22151,22162,11
13.0490999222,80.2121810913,22162,22171,9
13.0484800339,80.2121963501,22171,22182,11
13.0476703644,80.212272644,22182,22192,10
13.0465297699,80.2123184204,22192,22202,10
13.0455198288,80.2123413086,22202,22213,11
13.0444498062,80.2123718262,22213,22223,10
13.0437202454,80.2123794556,22223,22233,10
13.0427799225,80.2123794556,22233,22243,10
13.0417098999,80.2123718262,22243,22253,10
13.0406198502,80.2124633789,22253,22263,10
13.0394201279,80.2124176025,22263,22273,10
13.0382499695,80.2124099731,22273,22283,10
13.0374202728,80.2124023438,22283,22293,10
13.0372800827,80.2123718262,22293,22303,10
13.0367603302,80.2123413086,22303,22313,10
13.0360202789,80.2123184204,22313,22323,10
13.0350999832,80.212272644,22323,22334,11
13.0343904495,80.2121429443,22334,22344,10
13.0341796875,80.2121200562,22344,22354,10
13.0338401794,80.2120666504,22354,22370,16
13.0326795578,80.211807251,22370,22382,12
13.0319795609,80.2115020752,22382,22390,8
13.0320501328,80.2109527588,22390,22402,12
13.0321798325,80.2099990845,22402,22413,11
13.0319795609,80.2096176147,22413,22423,10
13.0313100815,80.2094192505,22423,22433,10
13.0304899216,80.2091827393,22433,22444,11
13.0298995972,80.209022522,22444,22454,10
13.0293998718,80.2089233398,22454,22464,10
13.0286798477,80.208732605,22464,22474,10
13.0277795792,80.2084121704,22474,22484,10
13.0269002914,80.2078781128,22484,22494,10
13.0259504318,80.207321167,22494,22504,10
13.0248203278,80.2070007324,22504,22514,10
13.0240497589,80.2068481445,22514,22524,10
13.0239095688,80.2068023682,22524,22534,10
13.023440361,80.2067184448,22534,22545,11
13.0227003098,80.2065811157,22545,22555,10
13.0218200684,80.2064590454,22555,22565,10
13.0209102631,80.2064437866,22565,22575,10
13.019900322,80.2064437866,22575,22585,10
13.0191001892,80.2063369751,22585,22595,10
13.0190601349,80.2062835693,22595,22605,10
13.0188999176,80.2062301636,22605,22615,10
13.0185604095,80.2061386108,22615,22625,10
13.0177402496,80.2059020996,22625,22635,10
13.0170602798,80.2055892944,22635,22645,10
13.0163602829,80.2052536011,22645,22656,11
13.0154895782,80.2049407959,22656,22666,10
13.014550209,80.2046432495,22666,22676,10
13.013759613,80.2044219971,22676,22685,9
13.0136604309,80.2044830322,22685,22696,11
13.0134801865,80.2049026489,22696,22706,10
13.0132598877,80.2056121826,22706,22716,10
13.0130701065,80.2065429688,22716,22726,10
13.0129804611,80.2075576782,22726,22736,10
13.0129203796,80.2083969116,22736,22746,10
13.0129299164,80.2087936401,22746,22756,10
13.0130901337,80.2094421387,22756,22767,11
13.0131998062,80.2100830078,22767,22777,10
13.0130395889,80.2109375,22777,22787,10
13.0125799179,80.211807251,22787,22797,10
13.0120401382,80.212600708,22797,22807,10
13.011759758,80.2127838135,22807,22817,10
13.0114402771,80.2125701904,22817,22827,10
13.0109100342,80.2121582031,22827,22837,10
13.0102996826,80.2116775513,22837,22847,10
13.009469986,80.2110595703,22847,22878,31
13.009469986,80.2110595703,22878,22888,10
13.0092401505,80.2111282349,22888,22898,10
13.0089998245,80.2115097046,22898,22908,10
13.0091495514,80.2120666504,22908,22918,10
13.0093803406,80.2127380371,22918,22928,10
13.0096101761,80.2133331299,22928,22938,10
13.0098800659,80.214012146,22938,22948,10
13.0101299286,80.2147064209,22948,22958,10
13.0102596283,80.2155990601,22958,22968,10
13.0106601715,80.2165603638,22968,22978,10
13.0111503601,80.2176513672,22978,22989,11
13.0115804672,80.2189865112,22989,22999,10
13.0120000839,80.2202529907,22999,23009,10
13.0123596191,80.221321106,23009,23018,9
13.0128002167,80.2220916748,23018,23029,11
13.0135202408,80.2228469849,23029,23039,10
13.0141096115,80.2235794067,23039,23049,10
13.0145702362,80.2241668701,23049,23058,9
13.0149698257,80.2247390747,23058,23069,11
13.01541996,80.2254180908,23069,23079,10
13.015080452,80.2258682251,23079,23089,10
13.0144701004,80.2261276245,23089,23100,11
13.0136098862,80.2265014648,23100,23110,10
13.0126800537,80.226852417,23110,23120,10
13.0116796494,80.2272262573,23120,23130,10
13.0106697083,80.2276382446,23130,23140,10
13.0098104477,80.2279205322,23140,23150,10
13.009929657,80.2267990112,23150,23160,10
13.009929657,80.2267990112,23160,23170,10
13.0102100372,80.226020813,23170,23180,10
13.0106496811,80.2250595093,23180,23190,10
13.0110502243,80.2240371704,23190,23200,10
13.0113096237,80.2233581543,23200,23211,11
13.0109996796,80.2230377197,23211,23221,10
13.0105695724,80.222869873,23221,23231,10
13.0104398727,80.2227630615,23231,23241,10
13.0100603104,80.2225418091,23241,23251,10
13.0095396042,80.2222213745,23251,23267,16
13.0083999634,80.2216033936,23267,23279,12
13.0073204041,80.221031189,23279,23287,8
13.006649971,80.220703125,23287,23299,12
13.0056600571,80.220451355,23299,23309,10
13.0047302246,80.2202529907,23309,23320,11
13.0037603378,80.2200393677,23320,23330,10
13.0030002594,80.2198181152,23330,23340,10
13.0022602081,80.2192993164,23340,23349,9
13.0017595291,80.2187271118,23349,23360,11
13.0010795593,80.218208313,23360,23370,10
13.0004901886,80.2178192139,23370,23380,10
12.9998397827,80.217376709,23380,23389,9
12.9990701675,80.2169723511,23389,23400,11
12.998000145,80.2165679932,23400,23410,10
12.9975099564,80.2165298462,23410,23420,10
12.9975004196,80.2165298462,23420,23430,10
12.9971199036,80.2165374756,23430,23440,10
12.9964799881,80.2165985107,23440,23451,11
12.9956598282,80.2167892456,23451,23461,10
12.9950504303,80.2171096802,23461,23470,9
12.9944200516,80.2175521851,23470,23481,11
12.9937601089,80.2180175781,23481,23491,10
12.9930200577,80.2185134888,23491,23501,10
12.9922895432,80.2190628052,23501,23511,10
12.9915800095,80.2195587158,23511,23521,10
12.9908800125,80.2193832397,23521,23532,11
12.9899902344,80.2190704346,23532,23542,10
12.9889497757,80.2186813354,23542,23552,10
12.987739563,80.2183837891,23552,23562,10
12.9870700836,80.2182617188,23562,23572,10
12.9870595932,80.2182617188,23572,23582,10
12.9868097305,80.2182006836,23582,23592,10
12.9862604141,80.2180633545,23592,23602,10
12.9853801727,80.2179107666,23602,23612,10
12.9844799042,80.217918396,23612,23622,10
12.9839801788,80.217956543,23622,23632,10
12.9838399887,80.2179412842,23632,23642,10
12.9833297729,80.2179489136,23642,23653,11
12.9825000763,80.2179412842,23653,23663,10
12.981590271,80.2180023193,23663,23673,10
12.9806699753,80.2182693481,23673,23683,10
12.9798803329,80.2185592651,23683,23693,10
12.9791402817,80.2188796997,23693,23702,9
12.9785699844,80.219078064,23702,23713,11
12.9778795242,80.2193832397,23713,23723,10
12.9769001007,80.2197799683,23723,23733,10
12.9759397507,80.2202072144,23733,23743,10
12.9755496979,80.2206268311,23743,23753,10
12.975810051,80.2210464478,23753,23764,11
12.9761695862,80.2215270996,23764,23774,10
12.9763803482,80.2217788696,23774,23794,20
12.9763803482,80.2217788696,23794,23804,10
12.9764003754,80.2219314575,23804,23814,10
12.9766101837,80.2222366333,23814,23824,10
12.9769897461,80.2228469849,23824,23834,10
12.9774904251,80.2236480713,23834,23844,10
12.9780197144,80.2244567871,23844,23854,10
12.978509903,80.2252807617,23854,23864,10
12.9790697098,80.2262115479,23864,23875,11
12.9796600342,80.2272033691,23875,23885,10
12.9802303314,80.2281494141,23885,23895,10
12.9806003571,80.2287979126,23895,23905,10
12.980799675,80.2290878296,23905,23915,10
12.9811000824,80.229598999,23915,23925,10
12.9815502167,80.2302703857,23925,23935,10
12.9816904068,80.2304992676,23935,23945,10
12.9818296432,80.2308578491,23945,23955,10
12.9819402695,80.2314529419,23955,23965,10
12.982000351,80.2322311401,23965,23976,11
12.9816398621,80.2334823608,23976,23996,20
12.9816398621,80.2334823608,23996,24006,10
12.9814395905,80.2338790894,24006,24016,10
12.9812402725,80.2345581055,24016,24026,10
12.9812402725,80.2355194092,24026,24036,10
12.9812803268,80.2366485596,24036,24046,10
12.981300354,80.2377166748,24046,24056,10
12.9813203812,80.2385864258,24056,24066,10
12.9813299179,80.2386779785,24066,24076,10
12.9813203812,80.2389602661,24076,24087,11
12.9813203812,80.2396392822,24087,24097,10
12.9813299179,80.2404708862,24097,24107,10
12.9813299179,80.2413482666,24107,24117,10
12.9813404083,80.2423324585,24117,24127,10
12.9813404083,80.2428207397,24127,24137,10
12.9813203812,80.2429275513,24137,24147,10
12.9813404083,80.2433395386,24147,24157,10
12.981300354,80.2440414429,24157,24167,10
12.981180191,80.244972229,24167,24177,10
12.9810600281,80.2460632324,24177,24187,10
12.9809503555,80.2472229004,24187,24198,11
12.9808397293,80.2485198975,24198,24208,10
12.9807395935,80.2497024536,24208,24218,10
12.9804601669,80.2508163452,24218,24228,10
12.9802103043,80.2518081665,24228,24238,10
12.9801502228,80.2521972656,24238,24248,10
12.9801197052,80.2522583008,24248,24258,10
12.9801597595,80.2524795532,24258,24268,10
12.9806003571,80.2526473999,24268,24278,10
12.9813699722,80.2526168823,24278,24288,10
12.9823598862,80.2525863647,24288,24298,10
12.9835195541,80.2524719238,24298,24309,11
12.9847698212,80.2521514893,24309,24319,10
12.9858798981,80.2518463135,24319,24329,10
12.9869604111,80.2515792847,24329,24339,10
12.987660408,80.251373291,24339,24409,70
12.987660408,80.251373291,24409,24420,11
12.9878501892,80.251411438,24420,24430,10
12.9879798889,80.2517776489,24430,24440,10
12.9880304337,80.2524032593,24440,24450,10
12.9879398346,80.2533187866,24450,24460,10
12.9878396988,80.2542495728,24460,24470,10
12.9876899719,80.2554779053,24470,24510,40
12.9876899719,80.2554779053,24510,24520,10
12.9876499176,80.2556381226,24520,24531,11
12.9876003265,80.2561035156,24531,24541,10
12.9875802994,80.2568206787,24541,24551,10
12.9874897003,80.2576675415,24551,24561,10
12.987449646,80.2583999634,24561,24571,10
12.9874000549,80.2587890625,24571,24581,10
12.9873104095,80.2591781616,24581,24591,10
12.9872703552,80.2594985962,24591,24662,71
12.9872703552,80.2594985962,24662,24672,10
12.9868803024,80.2594909668,24672,24682,10
12.9866800308,80.2594223022,24682,24692,10
12.9866600037,80.2591323853,24692,24864,172
12.987039566,80.2591323853,24864,24904,40
12.987039566,80.2591323853,24904,24914,10
12.9873104095,80.2591171265,24914,25782,868
12.9873104095,80.2591171265,25782,25792,10
12.9874095917,80.2589111328,25792,25802,10
12.9874296188,80.2585220337,25802,25812,10
12.987449646,80.2582778931,25812,25822,10
12.9874801636,80.2578887939,25822,25832,10
12.9875497818,80.2572097778,25832,25842,10
12.9876203537,80.256401062,25842,25853,11
12.9877195358,80.2556304932,25853,25863,10
12.9877595901,80.2549362183,25863,25873,10
12.987830162,80.2543029785,25873,25883,10
12.9878902435,80.2534179688,25883,25893,10
12.9879703522,80.2523574829,25893,25903,10
12.9877901077,80.2516784668,25903,25913,10
12.9876403809,80.2516326904,25913,25923,10
12.9871101379,80.2516403198,25923,25933,10
12.9863100052,80.2518310547,25933,25943,10
12.9852800369,80.2520980835,25943,25953,10
12.9841499329,80.2523880005,25953,25964,11
12.9828996658,80.2526397705,25964,25974,10
12.9817304611,80.2526702881,25974,25984,10
12.9806003571,80.2527084351,25984,25994,10
12.9801197052,80.2527389526,25994,26004,10
12.9799098969,80.252243042,26004,26024,20
12.9799098969,80.252243042,26024,26034,10
12.9799804688,80.2520217896,26034,26044,10
12.9801702499,80.2515029907,26044,26054,10
12.9804000854,80.2507171631,26054,26064,10
12.980629921,80.2497634888,26064,26075,11
12.9807500839,80.2485809326,26075,26085,10
12.9808197021,80.247428894,26085,26095,10
12.9809503555,80.2462463379,26095,26105,10
12.9810800552,80.2450866699,26105,26115,10
12.9811897278,80.2440338135,26115,26125,10
12.9812803268,80.2436828613,26125,26135,10
12.9813699722,80.2434234619,26135,26145,10
12.9813699722,80.2429122925,26145,26155,10
12.9813699722,80.2428512573,26155,26165,10
12.9813899994,80.2426681519,26165,26175,10
12.9813804626,80.2422637939,26175,26186,11
12.9813804626,80.2414398193,26186,26196,10
12.9813804626,80.2404785156,26196,26206,10
12.9813404083,80.2394638062,26206,26216,10
12.9813203812,80.2384262085,26216,26226,10
12.9812898636,80.2379074097,26226,26236,10
12.9812898636,80.2378387451,26236,26246,10
12.9812698364,80.2374191284,26246,26256,10
12.9812602997,80.2366867065,26256,26266,10
12.9812402725,80.2357406616,26266,26276,10
12.9812097549,80.2346878052,26276,26286,10
12.981470108,80.2337265015,26286,26297,11
12.9816503525,80.2333526611,26297,26307,10
12.981710434,80.2332382202,26307,26317,10
12.981880188,80.2328414917,26317,26327,10
12.982000351,80.232208252,26327,26337,10
12.9819898605,80.2316818237,26337,26347,10
12.9819297791,80.2311706543,26347,26357,10
12.9817495346,80.23072052,26357,26367,10
12.9814195633,80.2301712036,26367,26377,10
12.9809999466,80.2294769287,26377,26387,10
12.9807701111,80.2291183472,26387,26397,10
12.9806804657,80.2289810181,26397,26408,11
12.9804601669,80.2286224365,26408,26418,10
12.9802904129,80.2282028198,26418,26428,10
12.9799404144,80.2276382446,26428,26438,10
12.9794797897,80.2268981934,26438,26448,10
12.9789600372,80.2259902954,26448,26458,10
12.9784202576,80.2250900269,26458,26468,10
12.978099823,80.224571228,26468,26478,10
12.9778003693,80.2241363525,26478,26487,9
12.9774703979,80.2235794067,26487,26497,10
12.9770097733,80.2228164673,26497,26508,11
12.9764604568,80.2219619751,26508,26519,11
12.9759597778,80.2212905884,26519,26529,10
12.975569725,80.2209472656,26529,26539,10
12.9755601883,80.2209396362,26539,26549,10
12.9753799438,80.2207183838,26549,26559,10
12.9755296707,80.2204284668,26559,26569,10
12.9756498337,80.2202835083,26569,26579,10
12.976099968,80.2200469971,26579,26589,10
12.9768104553,80.2197418213,26589,26605,16
12.978269577,80.2191619873,26605,26617,12
12.9789896011,80.2188873291,26617,26627,10
12.9797801971,80.2185897827,26627,26637,10
12.9806900024,80.2182312012,26637,26648,11
12.9816102982,80.217918396,26648,26658,10
12.982460022,80.2178421021,26658,26668,10
12.9838600159,80.2178268433,26668,26688,20
12.9838600159,80.2178268433,26688,26698,10
12.9842596054,80.2178573608,26698,26708,10
12.9847002029,80.2178497314,26708,26718,10
12.9854202271,80.2178573608,26718,26728,10
12.9863100052,80.2180404663,26728,26739,11
12.9872598648,80.2182388306,26739,26749,10
12.9879198074,80.2183837891,26749,26759,10
12.9888000488,80.2185897827,26759,26769,10
12.989859581,80.2189407349,26769,26779,10
12.9909496307,80.219291687,26779,26789,10
12.9918603897,80.219329834,26789,26799,10
12.9925203323,80.2188568115,26799,26809,10
12.9935998917,80.2180480957,26809,26819,10
12.9944400787,80.2174530029,26819,26829,10
12.9951400757,80.2169570923,26829,26839,10
12.9961700439,80.216583252,26839,26850,11
12.9970998764,80.2164611816,26850,26860,10
12.9975404739,80.2161178589,26860,26870,10
12.997590065,80.2160797119,26870,26880,10
12.9981803894,80.2155532837,26880,26890,10
12.9981803894,80.2155532837,26890,26900,10
12.9986801147,80.2151031494,26900,26910,10
12.9989995956,80.2148513794,26910,26920,10
12.9991703033,80.2147216797,26920,26930,10
12.9994401932,80.2144775391,26930,26940,10
12.9998903275,80.2140808105,26940,26950,10
13.0003900528,80.2136383057,26950,26963,13
13.0010595322,80.2130737305,26963,26972,9
13.0013303757,80.2128829956,26972,26982,10
13.0016298294,80.212638855,26982,26992,10
13.0020198822,80.2123718262,26992,27003,11
13.0029602051,80.2120895386,27003,27023,20
13.0029602051,80.2120895386,27023,27033,10
13.0033397675,80.2120513916,27033,27043,10
13.0036697388,80.2119216919,27043,27053,10
13.0037202835,80.2118606567,27053,27063,10
13.0037603378,80.2114486694,27063,27074,11
13.0036802292,80.2106781006,27074,27084,10
13.0035800934,80.2099609375,27084,27094,10
13.0036001205,80.2093582153,27094,27104,10
13.0037698746,80.2087173462,27104,27114,10
13.0044202805,80.2087936401,27114,27124,10
13.0052700043,80.2091827393,27124,27134,10
13.0061502457,80.2095108032,27134,27144,10
13.0069599152,80.2097625732,27144,27154,10
13.0073604584,80.2098083496,27154,27164,10
13.0073699951,80.2098083496,27164,27174,10
13.0074996948,80.2098693848,27174,27185,11
13.0078201294,80.2099304199,27185,27195,10
13.0080499649,80.2099685669,27195,27205,10
13.0082197189,80.2099075317,27205,27215,10
13.0081195831,80.2095031738,27215,27225,10
13.0079803467,80.2087783813,27225,27235,10
13.0078401566,80.2078399658,27235,27245,10
13.0076704025,80.2068099976,27245,27255,10
13.0075397491,80.2056274414,27255,27265,10
13.0075502396,80.2045593262,27265,27275,10
13.0074701309,80.2035827637,27275,27285,10
13.0072898865,80.2026901245,27285,27296,11
13.0065803528,80.2027435303,27296,27306,10
13.0067396164,80.203338623,27306,27316,10
13.0074195862,80.2036514282,27316,27326,10
13.0082798004,80.2037277222,27326,27336,10
13.0094299316,80.2036590576,27336,27346,10
13.0107498169,80.2036437988,27346,27356,10
13.0121097565,80.2037963867,27356,27366,10
13.0133695602,80.2040710449,27366,27376,10
13.014380455,80.2044525146,27376,27386,10
13.0150203705,80.2046737671,27386,27402,16
13.0152397156,80.2047119141,27402,27415,13
13.0159702301,80.205078125,27415,27425,10
13.0165195465,80.2052536011,27425,27435,10
13.0174503326,80.2054214478,27435,27444,9
13.0181503296,80.2057495117,27444,27455,11
13.0186901093,80.2059707642,27455,27465,10
13.0189199448,80.2060623169,27465,27475,10
13.0194501877,80.2062225342,27475,27485,10
13.0201301575,80.2062911987,27485,27495,10
13.0211496353,80.2062683105,27495,27505,10
13.02202034,80.2062988281,27505,27516,11
13.0230197906,80.206451416,27516,27525,9
13.0237798691,80.2065582275,27525,27536,11
13.0242300034,80.2066574097,27536,27548,12
13.0246200562,80.2067718506,27548,27558,10
13.0253601074,80.2069168091,27558,27567,9
13.0261497498,80.2072982788,27567,27578,11
13.0270700455,80.207862854,27578,27588,10
13.0281295776,80.2084732056,27588,27598,10
13.0290603638,80.2087020874,27598,27608,10
13.0298500061,80.2088775635,27608,27618,10
13.0298700333,80.2088928223,27618,27629,11
13.0300998688,80.2089691162,27629,27639,10
13.0306301117,80.2091598511,27639,27649,10
13.0313901901,80.2093429565,27649,27659,10
13.0321302414,80.2095413208,27659,27669,10
13.033080101,80.2097167969,27669,27679,10
13.0341100693,80.2098999023,27679,27689,10
13.0349702835,80.2101211548,27689,27699,10
13.0349998474,80.2106933594,27699,27709,10
13.0350503922,80.2111816406,27709,27719,10
13.0350103378,80.2113418579,27719,27729,10
13.0349302292,80.2117919922,27729,27740,11
13.0350399017,80.2121734619,27740,27750,10
13.0355997086,80.2122573853,27750,27760,10
13.0363397598,80.2122573853,27760,27770,10
13.0372600555,80.2123031616,27770,27780,10
13.0383796692,80.212310791,27780,27790,10
13.0394897461,80.212310791,27790,27800,10
13.0406303406,80.2122802734,27800,27810,10
13.0417604446,80.2122802734,27810,27820,10
13.0426301956,80.2122802734,27820,27830,10
13.043510437,80.2122573853,27830,27840,10
13.0440196991,80.2122268677,27840,27871,31
13.0440196991,80.2122268677,27871,27881,10
13.0441999435,80.2121810913,27881,27891,10
13.044719696,80.2121887207,27891,27901,10
13.0454902649,80.2121887207,27901,27911,10
13.0464496613,80.2121582031,27911,27921,10
13.0474596024,80.212097168,27921,27931,10
13.0483999252,80.212020874,27931,27941,10
13.0485801697,80.2120132446,27941,27951,10
13.048740387,80.2119903564,27951,27962,11
13.0495796204,80.2119522095,27962,28002,40
13.0495796204,80.2119522095,28002,28012,10
13.0500001907,80.2118988037,28012,28022,10
13.0501403809,80.2118988037,28022,28032,10
13.0503902435,80.2119522095,28032,28042,10
13.0509300232,80.2120437622,28042,28052,10
13.0518102646,80.2120285034,28052,28062,10
13.0529003143,80.2118225098,28062,28073,11
13.054479599,80.2114181519,28073,28103,30
13.054479599,80.2114181519,28103,28113,10
13.0548601151,80.2114105225,28113,28123,10
13.0556001663,80.21144104,28123,28133,10
13.0565395355,80.21144104,28133,28143,10
13.0576696396,80.2114486694,28143,28153,10
13.058839798,80.211479187,28153,28163,10
13.0599803925,80.2115402222,28163,28174,11
13.0612697601,80.2115936279,28174,28184,10
13.0622997284,80.2115783691,28184,28194,10
13.0632801056,80.211517334,28194,28204,10
13.0636301041,80.211479187,28204,28214,10
13.0642499924,80.2114105225,28214,28224,10
13.0650100708,80.2110671997,28224,28233,9
13.0657501221,80.2105331421,28233,28244,11
13.0665903091,80.2098312378,28244,28254,10
13.0673303604,80.2088623047,28254,28264,10
13.0679597855,80.2079086304,28264,28274,10
13.0686702728,80.2068405151,28274,28295,21
13.0686702728,80.2068405151,28295,28305,10
13.0688695908,80.2065505981,28305,28315,10
13.069029808,80.2062988281,28315,28325,10
13.0692195892,80.2059707642,28325,28335,10
13.0693998337,80.2057113647,28335,28345,10
13.0695896149,80.2052612305,28345,28355,10
13.0697202682,80.2049636841,28355,28365,10
13.0695199966,80.2048187256,28365,28375,10
13.0692501068,80.205078125,28375,28396,21
13.0692501068,80.205078125,28396,28406,10
13.0690402985,80.2054367065,28406,28436,30
13.0690402985,80.2054367065,28436,28446,10
13.0689601898,80.2054595947,28446,28456,10
13.0687999725,80.2054595947,28456,28466,10
13.0684995651,80.2054367065,28466,28476,10
13.0681400299,80.2054290771,28476,28486,10
13.0680303574,80.2053604126,28486,28496,10
13.0680704117,80.2050018311,28496,28698,202
13.0680704117,80.2050018311,28698,28708,10
13.0679798126,80.2050170898,28708,28718,10
13.0681600571,80.2049484253,28718,28728,10
13.0688400269,80.204750061,28728,28749,21
13.0688400269,80.204750061,28749,28759,10
13.0690202713,80.2047195435,28759,28769,10
13.069319725,80.204750061,28769,28779,10
13.0696496964,80.2048034668,28779,28809,30
13.0696496964,80.2048034668,28809,28819,10
13.069849968,80.2049407959,28819,28829,10
13.0698795319,80.2052001953,28829,28840,11
13.0695199966,80.2057189941,28840,28850,10
13.0690402985,80.2064285278,28850,28860,10
13.0684604645,80.2073287964,28860,28870,10
13.0678796768,80.2082595825,28870,28880,10
13.0674695969,80.2089385986,28880,28889,9
13.0670404434,80.2096176147,28889,28900,11
13.0661401749,80.2104415894,28900,28910,10
13.0653400421,80.2111282349,28910,28920,10
13.0650396347,80.2113113403,28920,28930,10
13.064740181,80.2114486694,28930,28940,10
13.0641098022,80.2116928101,28940,28950,10
13.0633897781,80.2117004395,28950,28961,11
13.0624904633,80.2117462158,28961,28971,10
13.0616903305,80.2117614746,28971,28981,10
13.060210228,80.2116470337,28981,28990,9
13.0591802597,80.2116165161,28990,29001,11
13.0586595535,80.2116165161,29001,29011,10
13.0580797195,80.2116088867,29011,29021,10
13.0578203201,80.2116088867,29021,29031,10
13.0576000214,80.2115936279,29031,29041,10
13.0570802689,80.2115783691,29041,29051,10
13.0563201904,80.2115478516,29051,29062,11
13.0552396774,80.2115097046,29062,29072,10
13.0543498993,80.211517334,29072,29082,10
13.0535001755,80.2117385864,29082,29092,10
13.0525598526,80.2120132446,29092,29102,10
13.0522499084,80.2121200562,29102,29112,10
13.0521802902,80.2121734619,29112,29122,10
13.0518598557,80.2122268677,29122,29132,10
13.0514602661,80.2122192383,29132,29142,10
13.0512695313,80.2121887207,29142,29152,10
13.0510396957,80.2122192383,29152,29193,41
13.0510396957,80.2122192383,29193,29203,10
13.050740242,80.2122268677,29203,29213,10
13.0505199432,80.2122192383,29213,29223,10
13.0500602722,80.2121887207,29223,29233,10
13.0496797562,80.2121505737,29233,29243,10
13.0496196747,80.2121582031,29243,29253,10
13.0494804382,80.2121582031,29253,29263,10
13.0494098663,80.2121429443,29263,29273,10
13.0490198135,80.2121734619,29273,29284,11
13.0482797623,80.2122192383,29284,29294,10
13.0473804474,80.2122879028,29294,29304,10
13.0462799072,80.2123336792,29304,29314,10
13.0452299118,80.2123794556,29314,29324,10
13.0442800522,80.2124481201,29324,29334,10
13.0431003571,80.2123718262,29334,29344,10
13.0419797897,80.2123718262,29344,29354,10
13.0408401489,80.2123413086,29354,29364,10
13.0399198532,80.212387085,29364,29374,10
13.0390996933,80.2124023438,29374,29384,10
13.0381603241,80.2123565674,29384,29394,10
13.0372800827,80.2123718262,29394,29405,11
13.0366001129,80.2122802734,29405,29415,10
13.0357103348,80.212310791,29415,29435,20
13.0357103348,80.212310791,29435,29445,10
13.0354700089,80.2123565674,29445,29454,9
13.0351800919,80.2123031616,29454,29465,11
13.0349998474,80.2122421265,29465,29475,10
13.0347204208,80.2122192383,29475,29485,10
13.0345201492,80.2121810913,29485,29495,10
13.0344896317,80.2121810913,29495,29506,11
13.0343999863,80.2121887207,29506,29516,10
13.0341396332,80.2121505737,29516,29526,10
13.034119606,80.2121429443,29526,29536,10
13.0339698792,80.2121200562,29536,29546,10
13.0337696075,80.2120666504,29546,29556,10
13.0336799622,80.2119827271,29556,29566,10
13.0333499908,80.2119216919,29566,29575,9
13.0328197479,80.2118377686,29575,29586,11
13.0320796967,80.2116775513,29586,29596,10
13.0320596695,80.2110519409,29596,29606,10
13.0321102142,80.2103424072,29606,29616,10
13.0321502686,80.2097702026,29616,29627,11
13.031829834,80.209602356,29627,29637,10
13.0311203003,80.2094116211,29637,29667,30
13.0311203003,80.2094116211,29667,29677,10
13.03083992,80.2093429565,29677,29687,10
13.0304698944,80.2092514038,29687,29697,10
13.0300197601,80.2091217041,29697,29713,16
13.0296697617,80.209022522,29713,29725,12
13.029299736,80.2089233398,29725,29736,11
13.0285396576,80.2086868286,29736,29744,8
13.0279302597,80.2084732056,29744,29755,11
13.0272197723,80.2080764771,29755,29766,11
13.0264196396,80.207572937,29766,29778,12
13.0253801346,80.2070999146,29778,29790,12
13.0244398117,80.2069396973,29790,29800,10
13.0239496231,80.2068405151,29800,29810,10
13.0230798721,80.2066497803,29810,29820,10
13.0222597122,80.2064971924,29820,29830,10
13.0216999054,80.2064819336,29830,29840,10
13.0211200714,80.206489563,29840,29851,11
13.0202102661,80.2064819336,29851,29861,10
13.0193195343,80.2064208984,29861,29871,10
13.0190000534,80.2063293457,29871,29881,10
13.0188398361,80.2062606812,29881,29891,10
13.0183696747,80.2061233521,29891,29901,10
13.0179595947,80.2059783936,29901,29911,10
13.0177497864,80.2058868408,29911,29921,10
13.0176696777,80.2058486938,29921,29931,10
13.0173597336,80.2057189941,29931,29941,10
13.0171003342,80.205619812,29941,29951,10
13.0161600113,80.2053604126,29951,29962,11
13.0152702332,80.2049636841,29962,29972,10
13.0143604279,80.2046432495,29972,29982,10
13.0137300491,80.204460144,29982,29992,10
13.0135803223,80.2046813965,29992,30002,10
13.0135698318,80.2047119141,30002,30012,10
13.0134401321,80.205078125,30012,30022,10
13.0132398605,80.2057037354,30022,30032,10
13.0130596161,80.2064819336,30032,30042,10
13.0129995346,80.2073135376,30042,30052,10
13.0129003525,80.2079772949,30052,30062,10
13.0129003525,80.208480835,30062,30073,11
13.0129404068,80.2089004517,30073,30083,10
13.0131101608,80.2094726563,30083,30093,10
13.0132102966,80.2099380493,30093,30103,10
13.0131196976,80.2106018066,30103,30113,10
13.012840271,80.2113571167,30113,30123,10
13.0124397278,80.212097168,30123,30133,10
13.0119895935,80.2127227783,30133,30143,10
13.0117998123,80.2128372192,30143,30153,10
13.0114898682,80.212600708,30153,30163,10
13.0109596252,80.2121810913,30163,30224,61
13.0109596252,80.2121810913,30224,30234,10
13.0108098984,80.2120895386,30234,30305,71
13.010720253,80.2120132446,30305,30375,70
13.010720253,80.2120132446,30375,30385,10
13.0103902817,80.2117233276,30385,30395,10
13.0101804733,80.2115631104,30395,30406,11
13.0099401474,80.2113876343,30406,30446,40
13.0096597672,80.2111663818,30446,30507,61
13.0095701218,80.2111129761,30507,30567,60
13.0094099045,80.2109985352,30567,30618,51
13.0094099045,80.2109985352,30618,30628,10
13.0091295242,80.21144104,30628,30678,50
13.0091295242,80.21144104,30678,30688,10
13.0090198517,80.2116928101,30688,30698,10
13.0091199875,80.2119216919,30698,30708,10
13.009180069,80.2121200562,30708,30718,10
13.0092496872,80.2123718262,30718,30729,11
13.0094003677,80.2127990723,30729,30739,10
13.0095796585,80.2132263184,30739,30749,10
13.0097503662,80.2136306763,30749,30759,10
13.0099096298,80.2140197754,30759,30769,10
13.0101003647,80.2144699097,30769,30779,10
13.010219574,80.2151565552,30779,30789,10
13.0104103088,80.2159500122,30789,30799,10
13.0107803345,80.2167816162,30799,30809,10
13.0111503601,80.2176589966,30809,30819,10
13.0115499496,80.2187728882,30819,30829,10
13.0119400024,80.2199325562,30829,30839,10
13.0123300552,80.2210083008,30839,30856,17
13.0130195618,80.2221298218,30856,30868,12
13.0137500763,80.2229614258,30868,30878,10
13.0140600204,80.2235031128,30878,30888,10
13.0143003464,80.2238464355,30888,30898,10
13.0147199631,80.2244415283,30898,30908,10
13.0152301788,80.2249603271,30908,30918,10
13.0154695511,80.2252807617,30918,30928,10
13.0154104233,80.2255096436,30928,30948,20
13.0154104233,80.2255096436,30948,30959,11
13.0153799057,80.2257003784,30959,30969,10
13.0151500702,80.2258834839,30969,30989,20
13.0141601563,80.2262191772,30989,31001,12
13.0135202408,80.2265014648,31001,31011,10
13.0129995346,80.2266921997,31011,31021,10
13.0121097565,80.2270202637,31021,31031,10
13.0111598969,80.2274017334,31031,31041,10
13.0101804733,80.2277984619,31041,31051,10
13.009519577,80.227722168,31051,31061,10
13.0096302032,80.2273635864,31061,31072,11
13.0099201202,80.2267608643,31072,31082,10
13.0102500916,80.226020813,31082,31092,10
13.0105400085,80.2252807617,31092,31102,10
13.0107698441,80.2247467041,31102,31112,10
13.0110197067,80.2241363525,31112,31122,10
13.0112895966,80.2235107422,31122,31132,10
13.0112895966,80.2231674194,31132,31142,10
13.0109500885,80.2229995728,31142,31152,10
13.0105600357,80.2227935791,31152,31162,10
13.0104503632,80.2227172852,31162,31173,11
13.010020256,80.2224884033,31173,31183,10
13.0094499588,80.2221984863,31183,31193,10
13.0087900162,80.221862793,31193,31203,10
13.0080699921,80.2214736938,31203,31213,10
13.0072803497,80.2210388184,31213,31223,10
13.0065002441,80.2206726074,31223,31233,10
13.0055704117,80.220451355,31233,31243,10
13.0047302246,80.2202606201,31243,31253,10
13.0042295456,80.2201690674,31253,31263,10
13.0033597946,80.2199783325,31263,31273,10
13.0025501251,80.219581604,31273,31283,10
13.0018701553,80.218963623,31283,31294,11
13.0011396408,80.2183227539,31294,31304,10
13.000459671,80.2178726196,31304,31313,9
12.9997797012,80.2174301147,31313,31323,10
12.9989299774,80.2169723511,31323,31334,11
12.9974002838,80.2165374756,31334,31354,20
12.9974002838,80.2165374756,31354,31364,10
12.9972295761,80.2165679932,31364,31374,10
12.9968395233,80.2165679932,31374,31384,10
12.9961795807,80.2166976929,31384,31395,11
12.9953603745,80.2169189453,31395,31415,20
12.9953603745,80.2169189453,31415,31425,10
12.9950504303,80.2170791626,31425,31435,10
12.9947900772,80.2172470093,31435,31445,10
12.9944000244,80.2175369263,31445,31455,10
12.9938497543,80.217956543,31455,31465,10
12.9932003021,80.2183990479,31465,31475,10
12.9925403595,80.218963623,31475,31485,10
12.9918603897,80.2194290161,31485,31495,10
12.9914398193,80.2196121216,31495,31505,10
12.9909601212,80.2194366455,31505,31516,11
12.9901895523,80.2191696167,31516,31526,10
12.9893398285,80.2188262939,31526,31536,10
12.988360405,80.2185134888,31536,31546,10
12.9874897003,80.2183685303,31546,31556,10
12.9869203568,80.2182693481,31556,31566,10
12.986869812,80.21824646,31566,31576,10
12.9866104126,80.218170166,31576,31586,10
12.9860801697,80.2180175781,31586,31596,10
12.9852800369,80.217918396,31596,31606,10
12.9839496613,80.2179794312,31606,31627,21
12.9839496613,80.2179794312,31627,31637,10
12.9837999344,80.2179412842,31637,31646,9
12.9833803177,80.217956543,31646,31657,11
12.9826698303,80.217956543,31657,31667,10
12.9818897247,80.2179794312,31667,31677,10
12.9811401367,80.2181472778,31677,31687,10
12.9803800583,80.2184066772,31687,31697,10
12.9797201157,80.2186889648,31697,31707,10
12.9791202545,80.218963623,31707,31717,10
12.9785003662,80.2192230225,31717,31728,11
12.9777002335,80.2195205688,31728,31738,10
12.9768199921,80.2198867798,31738,31748,10
12.9756803513,80.2204284668,31748,31838,90
12.9756803513,80.2204284668,31838,31855,17
12.9757299423,80.2209777832,31855,31867,12
12.9760503769,80.2213897705,31867,31877,10
12.9763298035,80.2218399048,31877,31916,39
12.9763298035,80.2218399048,31916,31927,11
12.9764204025,80.2221298218,31927,31937,10
12.9766597748,80.2223968506,31937,31947,10
12.9769802094,80.2228622437,31947,31958,11
12.9774198532,80.2235565186,31958,31968,10
12.9778604507,80.2242202759,31968,31978,10
12.9781103134,80.2246170044,31978,31988,10
12.9783802032,80.2250595093,31988,31998,10
12.9787502289,80.2256774902,31998,32008,10
12.9792003632,80.2264175415,32008,32018,10
12.9796600342,80.2271881104,32018,32028,10
12.9800901413,80.227897644,32028,32038,10
12.9806404114,80.2288665771,32038,32077,39
12.9806404114,80.2288665771,32077,32087,10
12.9808197021,80.2291564941,32087,32097,10
12.9809703827,80.2293777466,32097,32106,9
12.9811096191,80.2296524048,32106,32117,11
12.9814100266,80.2300796509,32117,32127,10
12.9816799164,80.2304763794,32127,32137,10
12.9816904068,80.2304992676,32137,32147,10
12.9818201065,80.2308425903,32147,32157,10
12.982000351,80.2313537598,32157,32167,10
12.9820995331,80.2319717407,32167,32178,11
12.982049942,80.2323608398,32178,32198,20
12.982049942,80.2323608398,32198,32208,10
12.9819698334,80.2328033447,32208,32218,10
12.9817695618,80.2332382202,32218,32228,10
12.9816303253,80.2335510254,32228,32238,10
12.9815797806,80.2335891724,32238,32248,10
12.9814195633,80.2339172363,32248,32258,10
12.9812803268,80.2342681885,32258,32268,10
12.9812402725,80.2350387573,32268,32278,10
12.9812498093,80.2357788086,32278,32289,11
12.9812698364,80.2366485596,32289,32299,10
12.9812898636,80.2374191284,32299,32309,10
12.9812803268,80.2377471924,32309,32319,10
12.9812898636,80.2379379272,32319,32329,10
12.9813098907,80.2381820679,32329,32339,10
12.9813299179,80.2386169434,32339,32349,10
12.9813299179,80.2386474609,32349,32359,10
12.9812898636,80.238899231,32359,32369,10
12.981300354,80.2392807007,32369,32379,10
12.9813098907,80.2394714355,32379,32389,10
12.9813203812,80.239616394,32389,32406,17
12.9813299179,80.240196228,32406,32417,11
12.9813404083,80.2409210205,32417,32428,11
12.9813404083,80.2415771484,32428,32436,8
12.9813604355,80.2419128418,32436,32449,13
12.9813699722,80.2422103882,32449,32459,10
12.9813699722,80.2423019409,32459,32469,10
12.9813899994,80.24243927,32469,32479,10
12.9813804626,80.2428207397,32479,32499,20
12.9813804626,80.2428207397,32499,32510,11
12.9813804626,80.2430801392,32510,32520,10
12.9813699722,80.2434921265,32520,32530,10
12.981300354,80.2441329956,32530,32540,10
12.9812002182,80.2449569702,32540,32550,10
12.981089592,80.2458496094,32550,32560,10
12.9809799194,80.2468795776,32560,32570,10
12.980890274,80.2479629517,32570,32580,10
12.980799675,80.2490692139,32580,32590,10
12.9806203842,80.2501296997,32590,32600,10
12.9803495407,80.2511520386,32600,32610,10
12.9801197052,80.2522201538,32610,32631,21
12.9801197052,80.2522201538,32631,32641,10
12.9800901413,80.2523193359,32641,32651,10
12.9801597595,80.2525405884,32651,32661,10
12.9805202484,80.2526321411,32661,32671,10
12.9811601639,80.2526168823,32671,32681,10
12.9819602966,80.2525787354,32681,32691,10
12.9828195572,80.2525405884,32691,32701,10
12.9836196899,80.2524185181,32701,32994,293
12.9836196899,80.2524185181,32994,33004,10
12.9838399887,80.2524108887,33004,33014,10
12.9843301773,80.2522888184,33014,33024,10
12.984919548,80.2521362305,33024,33034,10
12.9855604172,80.2519378662,33034,33044,10
12.9860601425,80.2518005371,33044,33054,10
12.9863796234,80.2517318726,33054,33064,10
12.9868497849,80.2516174316,33064,33074,10
12.9871797562,80.2515182495,33074,33085,11
12.9875297546,80.2513885498,33085,33095,10
12.9878797531,80.2514190674,33095,33105,10
12.9880104065,80.2518463135,33105,33115,10
12.9879999161,80.2518920898,33115,33125,10
12.9880399704,80.2522201538,33125,33135,10
12.9879999161,80.252822876,33135,33145,10
12.9879302979,80.2535171509,33145,33175,30
12.9879302979,80.2535171509,33175,33186,11
12.9878797531,80.2539520264,33186,33196,10
12.9878501892,80.2544021606,33196,33206,10
12.9878196716,80.2551116943,33206,33216,10
12.9877500534,80.2556610107,33216,33226,10
12.9876699448,80.2561416626,33226,33236,10
12.9876499176,80.256439209,33236,33246,10
12.9876699448,80.2565689087,33246,33256,10
12.9876203537,80.2568664551,33256,33266,10
12.9875802994,80.2571792603,33266,33276,10
12.9875602722,80.2574615479,33276,33286,10
12.9875402451,80.2579498291,33286,33297,11
12.9874200821,80.2586364746,33297,33307,10
12.9873600006,80.2591629028,33307,33317,10
12.9873199463,80.2593612671,33317,33347,30
12.9873199463,80.2593612671,33347,33357,10
12.9871702194,80.2595825195,33357,33367,10
12.9869403839,80.2595291138,33367,33377,10
12.986700058,80.2591934204,33377,34578,1201
12.986700058,80.2591934204,34578,34588,10
12.9869604111,80.2590637207,34588,34598,10
12.9870996475,80.2591094971,34598,34608,10
12.9872303009,80.2591171265,34608,34618,10
12.9873199463,80.2589797974,34618,34628,10
12.9873600006,80.2587432861,34628,34639,11
12.9874095917,80.2582168579,34639,34649,10
12.9874095917,80.257850647,34649,34659,10
12.9874601364,80.2573471069,34659,34669,10
12.9874801636,80.2569198608,34669,34679,10
12.9875202179,80.2565231323,34679,34848,169
12.9875202179,80.2565231323,34848,34859,11
12.9875602722,80.2562637329,34859,34869,10
12.9875602722,80.2559432983,34869,34879,10
12.9876804352,80.2554626465,34879,34889,10
12.9877195358,80.2548980713,34889,34899,10
12.9877195358,80.2547836304,34899,34909,10
12.9877595901,80.2543792725,34909,34919,10
12.9877500534,80.25415802,34919,34929,10
12.9877700806,80.2537078857,34929,34939,10
12.9878196716,80.2531204224,34939,34949,10
12.9878902435,80.2525405884,34949,34959,10
12.9879102707,80.251991272,34959,34970,11
12.9877300262,80.2515792847,34970,34980,10
12.9875202179,80.2515716553,34980,34990,10
12.9868402481,80.2516708374,34990,35000,10
12.9859600067,80.2518386841,35000,35010,10
12.9848604202,80.252166748,35010,35020,10
12.9836597443,80.2525024414,35020,35030,10
12.9824695587,80.2526473999,35030,35040,10
12.981300354,80.2526779175,35040,35050,10
12.9804897308,80.2527618408,35050,35060,10
12.9804801941,80.2527770996,35060,35070,10
12.9802398682,80.2527923584,35070,35080,10
12.9800701141,80.2527618408,35080,35091,11
12.9798898697,80.2524795532,35091,35121,30
12.9798898697,80.2524795532,35121,35131,10
12.979929924,80.252281189,35131,35141,10
12.9799404144,80.2522506714,35141,35151,10
12.9800195694,80.2519683838,35151,35161,10
12.9801397324,80.2515029907,35161,35171,10
12.9803600311,80.2507171631,35171,35181,10
12.9806003571,80.2497787476,35181,35191,10
12.9807500839,80.2486572266,35191,35201,10
12.9808397293,80.2474975586,35201,35210,9
12.9809303284,80.2464370728,35210,35222,12
12.9810400009,80.245262146,35222,35231,9
12.9811897278,80.2441482544,35231,35242,11
12.9812202454,80.2438278198,35242,35252,10
12.9812498093,80.2437210083,35252,35262,10
12.9813499451,80.2435379028,35262,35272,10
12.9813604355,80.2435073853,35272,35282,10
12.9813604355,80.2434005737,35282,35302,20
12.9813604355,80.2434005737,35302,35312,10
12.9813404083,80.2431793213,35312,35323,11
12.9813499451,80.2431106567,35323,35333,10
12.9813699722,80.2430419922,35333,35343,10
12.9813699722,80.2428436279,35343,35353,10
12.9813899994,80.2427215576,35353,35363,10
12.9813804626,80.2423171997,35363,35373,10
12.9813899994,80.2418518066,35373,35383,10
12.9813995361,80.2411117554,35383,35393,10
12.9813804626,80.2403106689,35393,35403,10
12.9813899994,80.2398834229,35403,35413,10
12.9813899994,80.2398681641,35413,35424,11
12.9813699722,80.2395172119,35424,35434,10
12.9813699722,80.2390289307,35434,35444,10
12.9813299179,80.2381210327,35444,35464,20
12.9813299179,80.2381210327,35464,35474,10
12.9813203812,80.2378234863,35474,35484,10
12.981300354,80.2373123169,35484,35500,16
12.9812803268,80.2360534668,35500,35512,12
12.9812402725,80.2349319458,35512,35522,10
12.9813203812,80.2340087891,35522,35532,10
12.981470108,80.2337188721,35532,35553,21
12.981470108,80.2337188721,35553,35563,10
12.9816503525,80.2333679199,35563,35582,19
12.9816503525,80.2333679199,35582,35593,11
12.981760025,80.2331237793,35593,35602,9
12.9819002151,80.2327270508,35602,35612,10
12.982000351,80.2323226929,35612,35623,11
12.9819898605,80.231880188,35623,35633,10
12.9819803238,80.2314376831,35633,35643,10
12.981880188,80.2309188843,35643,35654,11
12.9815702438,80.2303619385,35654,35664,10
12.9811401367,80.2296676636,35664,35674,10
12.9808797836,80.2292480469,35674,35684,10
12.9807901382,80.2290725708,35684,35694,10
12.9807300568,80.2289581299,35694,35704,10
12.9806404114,80.2288131714,35704,35714,10
12.9804401398,80.2285385132,35714,35724,10
12.9803104401,80.2282485962,35724,35734,10
12.9800701141,80.2278213501,35734,35744,10
12.9797096252,80.2272491455,35744,35754,10
12.9793395996,80.2266235352,35754,35765,11
12.9789304733,80.2258987427,35765,35775,10
12.9786996841,80.2255020142,35775,35785,10
12.9784603119,80.2250900269,35785,35795,10
12.978269577,80.2248077393,35795,35805,10
12.9781198502,80.2245635986,35805,35815,10
12.9778604507,80.2242279053,35815,35825,10
12.9775695801,80.2237167358,35825,35835,10
12.9772195816,80.2231369019,35835,35845,10
12.976940155,80.2226486206,35845,35855,10
12.9766597748,80.2221832275,35855,35865,10
12.976269722,80.2216567993,35865,35876,11
12.9759197235,80.221282959,35876,35886,10
12.9757003784,80.221031189,35886,35896,10
12.9756603241,80.2210006714,35896,35906,10
12.9754695892,80.2208480835,35906,35916,10
12.9753904343,80.2207794189,35916,35926,10
12.9755001068,80.2205581665,35926,35936,10
12.9757099152,80.2203216553,35936,35946,10
12.9761400223,80.2200775146,35946,35956,10
12.9768104553,80.2197799683,35956,35966,10
12.9776096344,80.2194366455,35966,35976,10
12.9784097672,80.2191162109,35976,35986,10
12.9789199829,80.2189178467,35986,35997,11
12.9796600342,80.2186279297,35997,36007,10
12.9803600311,80.2183532715,36007,36017,10
12.981180191,80.2180786133,36017,36027,10
12.9820804596,80.2178878784,36027,36037,10
12.9827203751,80.2178421021,36037,36053,16
12.9837799072,80.2178268433,36053,36065,12
12.9839496613,80.2178726196,36065,36073,8
12.9842700958,80.217880249,36073,36085,12
12.9850702286,80.2178497314,36085,36095,10
12.9859399796,80.217918396,36095,36106,11
12.9868001938,80.2181167603,36106,36116,10
12.9873399734,80.2182006836,36116,36126,10
12.9874000549,80.218208313,36126,36136,10
12.9876003265,80.2182693481,36136,36146,10
12.9880199432,80.2183837891,36146,36156,10
12.9888000488,80.2185821533,36156,36166,10
12.9896202087,80.2188720703,36166,36176,10
12.9905395508,80.2191772461,36176,36186,10
12.9914999008,80.2194366455,36186,36196,10
12.9919700623,80.2192382813,36196,36206,10
12.9925203323,80.2188110352,36206,36217,11
12.9932498932,80.2182693481,36217,36227,10
12.9939403534,80.2177581787,36227,36237,10
12.9944295883,80.2173995972,36237,36267,30
12.9944295883,80.2173995972,36267,36277,10
12.9946899414,80.2172012329,36277,36287,10
12.9950199127,80.2170028687,36287,36297,10
12.995759964,80.2166366577,36297,36317,20
12.995759964,80.2166366577,36317,36328,11
12.9963903427,80.2165374756,36328,36407,79
12.9963903427,80.2165374756,36407,36417,10
12.9967603683,80.2164764404,36417,36458,41
12.9967603683,80.2164764404,36458,36468,10
12.9970798492,80.2164535522,36468,36478,10
12.9975404739,80.2160797119,36478,36498,20
12.9975404739,80.2160797119,36498,36508,10
12.9976701736,80.216003418,36508,36518,10
12.9980297089,80.2156829834,36518,36528,10
12.9985303879,80.2152481079,36528,36538,10
12.9990797043,80.2147827148,36538,36549,11
12.9994096756,80.2144927979,36549,36559,10
12.9998598099,80.2141189575,36559,36569,10
13.0003299713,80.2137069702,36569,36579,10
13.000869751,80.2132034302,36579,36589,10
13.0013599396,80.2128372192,36589,36599,10
13.001950264,80.2124099731,36599,36609,10
13.0025196075,80.2121429443,36609,36619,10
13.0036497116,80.2119064331,36619,36649,30
13.0036497116,80.2119064331,36649,36660,11
13.0037603378,80.2115325928,36660,36670,10
13.0037202835,80.2109527588,36670,36680,10
13.0036497116,80.2103271484,36680,36690,10
13.003569603,80.2096862793,36690,36700,10
13.0036401749,80.2091522217,36700,36710,10
13.0040798187,80.2086029053,36710,36720,10
13.0048503876,80.2089614868,36720,36730,10
13.0057401657,80.2093429565,36730,36740,10
13.0066299438,80.2096481323,36740,36750,10
13.0072202682,80.209777832,36750,36760,10
13.0074100494,80.2097930908,36760,36781,21
13.0074100494,80.2097930908,36781,36791,10
13.0075597763,80.2098770142,36791,36801,10
13.0079097748,80.2099380493,36801,36811,10
13.0082101822,80.2098312378,36811,36821,10
13.0081100464,80.2093505859,36821,36831,10
13.0079402924,80.2086486816,36831,36841,10
13.0078201294,80.2077713013,36841,36851,10
13.0076799393,80.2068710327,36851,36861,10
13.0075502396,80.2059631348,36861,36871,10
13.0075397491,80.2052764893,36871,36881,10
13.0075397491,80.2046966553,36881,36892,11
13.0075397491,80.2040634155,36892,36901,9
13.0074796677,80.2034301758,36901,36912,11
13.0071697235,80.2025604248,36912,36922,10
13.0065603256,80.2027587891,36922,36932,10
13.0067996979,80.2033233643,36932,36942,10
13.0074596405,80.2036209106,36942,36952,10
13.0082597733,80.2036895752,36952,36962,10
13.0093603134,80.2036132813,36962,36972,10
13.0106601715,80.2035903931,36972,36982,10
13.0120201111,80.203742981,36982,36992,10
13.0131797791,80.2039794922,36992,37003,11
13.0137395859,80.2041473389,37003,37013,10
13.0140304565,80.2042770386,37013,37023,10
13.0145797729,80.2044525146,37023,37033,10
13.0150699615,80.2045898438,37033,37043,10
13.015080452,80.2045898438,37043,37053,10
13.015250206,80.2046127319,37053,37063,10
13.0158195496,80.2048110962,37063,37073,10
13.0164604187,80.2051010132,37073,37083,10
13.0169696808,80.2051925659,37083,37093,10
13.0177097321,80.2054977417,37093,37103,10
13.017780304,80.2055435181,37103,37114,11
13.0182800293,80.2057189941,37114,37124,10
13.0185403824,80.2058029175,37124,37134,10
13.0187196732,80.2058792114,37134,37144,10
13.0192899704,80.2060623169,37144,37154,10
13.0200395584,80.2062301636,37154,37164,10
13.0210199356,80.2062225342,37164,37174,10
13.0219497681,80.2062606812,37174,37184,10
13.0228204727,80.2063980103,37184,37194,10
13.023730278,80.2065582275,37194,37204,10
13.0243597031,80.2066574097,37204,37214,10
13.024479866,80.206703186,37214,37225,11
13.0249795914,80.2068710327,37225,37235,10
13.025759697,80.2071228027,37235,37245,10
13.026599884,80.2075881958,37245,37255,10
13.0275096893,80.2081298828,37255,37265,10
13.028459549,80.2085494995,37265,37281,16
13.0298404694,80.2088775635,37281,37312,31
13.0298404694,80.2088775635,37312,37323,11
13.0302000046,80.2089691162,37323,37333,10
13.0307302475,80.2091369629,37333,37344,11
13.0315303802,80.2092590332,37344,37354,10
13.0316696167,80.2092819214,37354,37364,10
13.0317802429,80.209312439,37364,37374,10
13.0320596695,80.2093963623,37374,37384,10
13.0322999954,80.2094802856,37384,37394,10
13.0328798294,80.2095794678,37394,37404,10
13.0335702896,80.2097473145,37404,37414,10
13.0343999863,80.2099304199,37414,37424,10
13.0350103378,80.2101593018,37424,37434,10
13.0349702835,80.2107086182,37434,37452,18
13.0349798203,80.2113037109,37452,37465,13
13.0349502563,80.2115402222,37465,37475,10
13.0349197388,80.2118606567,37475,37485,10
13.034910202,80.2120666504,37485,37495,10
13.0350999832,80.2122268677,37495,37505,10
13.0353803635,80.2122802734,37505,37515,10
13.0354604721,80.212272644,37515,37525,10
13.0358295441,80.2122268677,37525,37535,10
13.0362596512,80.2122421265,37535,37546,11
13.0364904404,80.212272644,37546,37556,10
13.0366601944,80.212310791,37556,37567,11
13.0370101929,80.2122879028,37567,37577,10
13.0374202728,80.2122802734,37577,37586,9
13.0379400253,80.2122802734,37586,37597,11
13.0387096405,80.2122421265,37597,37607,10
13.0396900177,80.212272644,37607,37617,10
13.0406904221,80.212348938,37617,37627,10
13.0419301987,80.2123031616,37627,37637,10
13.0429496765,80.2122573853,37637,37647,10
13.0441303253,80.2122421265,37647,37869,222
13.0441303253,80.2122421265,37869,37879,10
13.0442495346,80.2122268677,37879,37889,10
13.044549942,80.2122268677,37889,37900,11
13.0452299118,80.2121963501,37900,37910,10
13.046090126,80.2121810913,37910,37920,10
13.0470399857,80.2121429443,37920,37930,10
13.04804039,80.212059021,37930,37940,10
13.0486297607,80.2119903564,37940,37949,9
13.0486402512,80.2119903564,37949,37960,11
13.048740387,80.2119598389,37960,37970,10
13.0489797592,80.2119827271,37970,37980,10
13.0494804382,80.2119598389,37980,37989,9
13.0501499176,80.2119293213,37989,37999,10
13.050860405,80.2120132446,37999,38011,12
13.0520896912,80.2119827271,38011,38021,10
13.0530900955,80.211769104,38021,38031,10
13.054479599,80.2114028931,38031,38051,20
13.054479599,80.2114028931,38051,38061,10
13.0549001694,80.2114181519,38061,38071,10
13.055560112,80.2114334106,38071,38081,10
13.0563898087,80.2114181519,38081,38091,10
13.0572900772,80.2114105225,38091,38101,10
13.0575799942,80.2114028931,38101,38111,10
13.0578098297,80.2114105225,38111,38122,11
13.0583000183,80.2114562988,38122,38132,10
13.0589199066,80.2114715576,38132,38142,10
13.0597295761,80.2115097046,38142,38152,10
13.0606899261,80.2115478516,38152,38162,10
13.0615901947,80.2115783691,38162,38172,10
13.0622797012,80.2116394043,38172,38182,10
13.0631399155,80.2115402222,38182,38191,9
13.0633296967,80.211479187,38191,38201,10
13.0636196136,80.2114334106,38201,38212,11
13.0642499924,80.2113571167,38212,38222,10
13.0649995804,80.2110595703,38222,38233,11
13.0658102036,80.2104568481,38233,38243,10
13.0665903091,80.2098007202,38243,38252,9
13.0673704147,80.2086105347,38252,38273,21
13.0673704147,80.2086105347,38273,38283,10
13.0674200058,80.2085800171,38283,38293,10
13.0676403046,80.2082901001,38293,38303,10
13.0680103302,80.2076797485,38303,38313,10
13.0685300827,80.2069396973,38313,38322,9
13.0690498352,80.2061462402,38322,38333,11
13.0695295334,80.2053833008,38333,38344,11
13.0696296692,80.2048187256,38344,38354,10
13.0691404343,80.2050628662,38354,38364,10
13.0687799454,80.2052993774,38364,38374,10
13.0680704117,80.2051315308,38374,38535,161
13.0680704117,80.2051315308,38535,38545,10
13.0683403015,80.2049636841,38545,38555,10
13.068860054,80.2047805786,38555,38565,10
13.0693397522,80.2047195435,38565,38586,21
13.0693397522,80.2047195435,38586,38596,10
13.0696201324,80.2047729492,38596,38606,10
13.0697898865,80.2048721313,38606,38616,10
13.0698204041,80.2051620483,38616,38626,10
13.0695400238,80.2055892944,38626,38636,10
13.0691299438,80.206237793,38636,38646,10
13.0687398911,80.2068481445,38646,38656,10
13.068110466,80.207862854,38656,38666,10
13.0677099228,80.2085037231,38666,38676,10
13.0676498413,80.2086334229,38676,38686,10
13.0674600601,80.2089233398,38686,38697,11
13.067029953,80.2095718384,38697,38707,10
13.0663995743,80.2101898193,38707,38717,10
13.0657196045,80.2107620239,38717,38727,10
13.0653896332,80.2110519409,38727,38737,10
13.0653896332,80.2110595703,38737,38747,10
13.0651397705,80.2112197876,38747,38757,10
13.0650901794,80.2112731934,38757,38767,10
13.0649003983,80.2113876343,38767,38777,10
13.0644197464,80.2115783691,38777,38787,10
13.0637598038,80.2116775513,38787,38798,11
13.0631504059,80.2117080688,38798,38808,10
13.062379837,80.2117462158,38808,38818,10
13.0615901947,80.2117385864,38818,38828,10
13.0607404709,80.2116928101,38828,38838,10
13.0598697662,80.2116470337,38838,38848,10
13.0589599609,80.2116012573,38848,38858,10
13.0584402084,80.2116088867,38858,38868,10
13.0580596924,80.2116088867,38868,38878,10
13.0575895309,80.2116012573,38878,38888,10
13.0569095612,80.2115936279,38888,38898,10
13.0561599731,80.2115325928,38898,38909,11
13.0552997589,80.211479187,38909,38919,10
13.0547199249,80.2114715576,38919,38929,10
13.0541000366,80.2115936279,38929,38939,10
13.0534000397,80.2117462158,38939,38949,10
13.0529003143,80.2118911743,38949,38979,30
13.0529003143,80.2118911743,38979,38989,10
13.0528402328,80.2119827271,38989,39080,91
13.0528402328,80.2119827271,39080,39090,10
13.0525798798,80.212059021,39090,39100,10
13.0524196625,80.2120437622,39100,39110,10
13.0521202087,80.2121429443,39110,39120,10
13.0515604019,80.2121429443,39120,39211,91
13.0515604019,80.2121429443,39211,39221,10
13.051199913,80.2121276855,39221,39231,10
13.0509796143,80.2121124268,39231,39242,11
13.0504798889,80.2121429443,39242,39292,50
13.0504798889,80.2121429443,39292,39302,10
13.0501499176,80.2121200562,39302,39312,10
13.0499801636,80.2121200562,39312,39322,10
13.0494699478,80.2121429443,39322,39342,20
13.0494699478,80.2121429443,39342,39353,11
13.0493497849,80.2121429443,39353,39363,10
13.0490102768,80.2121429443,39363,39373,10
13.0483999252,80.2121887207,39373,39383,10
13.0476102829,80.2122879028,39383,39393,10
13.0466499329,80.2123336792,39393,39403,10
13.045630455,80.2123718262,39403,39413,10
13.0449199677,80.2124099731,39413,39423,10
13.0444698334,80.2124023438,39423,39439,16
13.0434799194,80.2124023438,39439,39451,12
13.042719841,80.212387085,39451,39461,10
13.0423202515,80.2124099731,39461,39472,11
13.0415802002,80.2124633789,39472,39482,10
13.0408201218,80.2124023438,39482,39492,10
13.0397396088,80.2124023438,39492,39501,9
13.0388202667,80.2124099731,39501,39512,11
13.0382003784,80.2124023438,39512,39523,11
13.0381402969,80.2125015259,39523,39563,40
13.0381402969,80.2125015259,39563,39573,10
13.0378303528,80.2124481201,39573,39584,11
13.0373296738,80.2124023438,39584,39594,10
13.0367202759,80.2123565674,39594,39604,10
13.0360298157,80.2123565674,39604,39614,10
13.0354099274,80.2123184204,39614,39624,10
13.0349597931,80.2122573853,39624,39644,20
13.0349597931,80.2122573853,39644,39654,10
13.0345697403,80.2122268677,39654,39664,10
13.0342998505,80.2121810913,39664,39684,20
13.0342998505,80.2121810913,39684,39695,11
13.0339002609,80.2120895386,39695,39723,28
13.0339002609,80.2120895386,39723,39733,10
13.0337200165,80.212059021,39733,39743,10
13.0331602097,80.2119598389,39743,39752,9
13.032409668,80.2118530273,39752,39763,11
13.0319595337,80.2116928101,39763,39773,10
13.031999588,80.2111129761,39773,39783,10
13.0320396423,80.2104263306,39783,39793,10
13.0321102142,80.2098388672,39793,39804,11
13.0317201614,80.2095794678,39804,39813,9
13.03083992,80.2093505859,39813,39834,21
13.03083992,80.2093505859,39834,39844,10
13.0306301117,80.2092971802,39844,39854,10
13.0302200317,80.2091522217,39854,39864,10
13.0297698975,80.2090072632,39864,39874,10
13.0294303894,80.2089080811,39874,39894,20
13.0294303894,80.2089080811,39894,39904,10
13.0288295746,80.2087402344,39904,39914,10
13.0282497406,80.2085494995,39914,39931,17
13.0270996094,80.2079772949,39931,39943,12
13.0261497498,80.2074203491,39943,39953,10
13.0252103806,80.207069397,39953,39963,10
13.0242595673,80.2068786621,39963,39973,10
13.0234804153,80.2066879272,39973,39983,10
13.0227499008,80.2065582275,39983,39993,10
13.0221395493,80.2064971924,39993,40003,10
13.0218200684,80.2064666748,40003,40013,10
13.0215101242,80.2064666748,40013,40023,10
13.0207595825,80.2064819336,40023,40034,11
13.0198698044,80.206451416,40034,40043,9
13.0192298889,80.2063674927,40043,40064,21
13.0192298889,80.2063674927,40064,40074,10
13.0189695358,80.206237793,40074,40084,10
13.0184297562,80.2060775757,40084,40094,10
13.0177402496,80.2058410645,40094,40104,10
13.0172595978,80.205657959,40104,40114,10
13.0171298981,80.2056274414,40114,40124,10
13.0162496567,80.2052612305,40124,40134,10
13.0153999329,80.2049865723,40134,40145,11
13.0144300461,80.2046127319,40145,40155,10
13.0139198303,80.2044830322,40155,40164,9
13.013879776,80.2044677734,40164,40175,11
13.0137796402,80.2044525146,40175,40186,11
13.0136098862,80.204460144,40186,40196,10
13.0135202408,80.204750061,40196,40206,10
13.013469696,80.2049713135,40206,40216,10
13.0133304596,80.2053833008,40216,40226,10
13.0131397247,80.2060089111,40226,40236,10
13.0130596161,80.206741333,40236,40246,10
13.0130395889,80.2073822021,40246,40257,11
13.0129003525,80.2082214355,40257,40267,10
13.0128898621,80.2086410522,40267,40277,10
13.0129404068,80.2090835571,40277,40287,10
13.0131998062,80.2096481323,40287,40297,10
13.0131597519,80.2102203369,40297,40307,10
13.0130195618,80.2108612061,40307,40317,10
13.0126800537,80.2115783691,40317,40327,10
13.012260437,80.2123184204,40327,40337,10
13.0119199753,80.2127990723,40337,40347,10
13.0116796494,80.2128067017,40347,40357,10
13.0113601685,80.2125320435,40357,40368,11
13.0108098984,80.2121124268,40368,40377,9
13.0102996826,80.2117462158,40377,40388,11
13.009929657,80.2114181519,40388,40398,10
13.0097503662,80.2112884521,40398,40408,10
13.0095796585,80.211151123,40408,40479,71
13.0095796585,80.211151123,40479,40489,10
13.0092000961,80.21118927,40489,40499,10
13.009059906,80.2113571167,40499,40509,10
13.0089998245,80.2115936279,40509,40519,10
13.0091295242,80.2119674683,40519,40528,9
13.0092697144,80.2124404907,40528,40539,11
13.0094499588,80.2129669189,40539,40549,10
13.0096998215,80.2136001587,40549,40559,10
13.0099802017,80.2142791748,40559,40569,10
13.0101604462,80.2150115967,40569,40579,10
13.0102596283,80.2156906128,40579,40590,11
13.0105400085,80.2163619995,40590,40600,10
13.0108604431,80.217048645,40600,40610,10
13.0112199783,80.2178192139,40610,40620,10
13.0115203857,80.2185974121,40620,40630,10
13.0118398666,80.2195205688,40630,40640,10
13.0121498108,80.2204971313,40640,40649,9
13.0123195648,80.2211608887,40649,40660,11
13.0124101639,80.2216033936,40660,40670,10
13.0129098892,80.2221908569,40670,40680,10
13.0131797791,80.2225418091,40680,40690,10
13.0136003494,80.2229919434,40690,40700,10
13.0139904022,80.2234725952,40700,40711,11
13.0145397186,80.2239532471,40711,40721,10
13.0150203705,80.2245788574,40721,40731,10
13.0152797699,80.2249908447,40731,40741,10
13.01541996,80.2252731323,40741,40751,10
13.01541996,80.2254333496,40751,40761,10
13.0153198242,80.2257614136,40761,40771,10
13.0148801804,80.225982666,40771,40781,10
13.0142202377,80.2262496948,40781,40791,10
13.013469696,80.2265396118,40791,40801,10
13.0125398636,80.2268829346,40801,40811,10
13.0115499496,80.2272415161,40811,40822,11
13.010430336,80.2277069092,40822,40832,10
13.0096597672,80.2279129028,40832,40842,10
13.0095901489,80.2273864746,40842,40852,10
13.0099201202,80.2266998291,40852,40862,10
13.0102901459,80.2258987427,40862,40871,9
13.0106401443,80.2250976563,40871,40882,11
13.0109596252,80.2242736816,40882,40892,10
13.0112800598,80.2233886719,40892,40902,10
13.01101017,80.2230300903,40902,40912,10
13.0103998184,80.2227630615,40912,40922,10
13.0096998215,80.2224121094,40922,40932,10
13.008939743,80.2219772339,40932,40943,11
13.008020401,80.2214813232,40943,40953,10
13.0071201324,80.2210388184,40953,40963,10
13.0062103271,80.2206268311,40963,40973,10
13.0052499771,80.220413208,40973,40983,10
13.0044898987,80.2202301025,40983,40993,10
13.0039701462,80.2200927734,40993,41003,10
13.0031404495,80.2198867798,41003,41013,10
13.0023202896,80.2194290161,41013,41023,10
13.001709938,80.2187805176,41023,41033,10
13.0011701584,80.2183609009,41033,41044,11
13.0004997253,80.2179031372,41044,41054,10
12.9997501373,80.2174301147,41054,41064,10
12.9989299774,80.2170028687,41064,41073,9
12.9975996017,80.2165374756,41073,41094,21
12.9975996017,80.2165374756,41094,41104,10
12.9974002838,80.2165298462,41104,41114,10
12.9970598221,80.2165374756,41114,41124,10
12.996919632,80.2165527344,41124,41134,10
12.9967603683,80.2165679932,41134,41144,10
12.9965200424,80.2165679932,41144,41155,11
12.9962501526,80.2166366577,41155,41165,10
12.9959201813,80.2167129517,41165,41175,10
12.995880127,80.2167205811,41175,41185,10
12.9957504272,80.2167434692,41185,41195,10
12.9955797195,80.2167892456,41195,41205,10
12.995470047,80.2168197632,41205,41215,10
12.9952602386,80.2169189453,41215,41225,10
12.9950895309,80.2170028687,41225,41235,10
12.9948396683,80.2171630859,41235,41245,10
12.9944295883,80.2174530029,41245,41255,10
12.9939403534,80.2178573608,41255,41266,11
12.9932603836,80.2183227539,41266,41276,10
12.9925699234,80.2188034058,41276,41286,10
12.9917898178,80.2193527222,41286,41296,10
12.9912004471,80.2194671631,41296,41305,9
12.9905796051,80.2192993164,41305,41316,11
12.9897298813,80.2190093994,41316,41326,10
12.9888801575,80.2186965942,41326,41336,10
12.9877595901,80.2183990479,41336,41346,10
12.9871101379,80.2182998657,41346,41356,10
12.9870595932,80.2182769775,41356,41366,10
12.9868803024,80.2182388306,41366,41376,10
12.9864997864,80.218132019,41376,41387,11
12.9858102798,80.2179794312,41387,41397,10
12.9849500656,80.2179489136,41397,41407,10
12.98416996,80.2179794312,41407,41417,10
12.9839401245,80.2179870605,41417,41427,10
12.9837999344,80.2179718018,41427,41437,10
12.9833602905,80.2179794312,41437,41447,10
12.9827404022,80.2179794312,41447,41457,10
12.9819898605,80.2180023193,41457,41467,10
12.9811601639,80.2181472778,41467,41477,10
12.9803199768,80.2184066772,41477,41487,10
12.9795303345,80.2187271118,41487,41498,11
12.9787597656,80.219039917,41498,41507,9
12.9782304764,80.2192306519,41507,41518,11
12.9774904251,80.2195281982,41518,41528,10
12.9765501022,80.2199172974,41528,41538,10
12.9757604599,80.2202529907,41538,41548,10
12.9755401611,80.2207336426,41548,41558,10
12.9758396149,80.2210235596,41558,41568,10
12.976099968,80.2213668823,41568,41578,10
12.9763698578,80.2216567993,41578,41598,20
12.9763698578,80.2216567993,41598,41609,11
12.9763402939,80.2219619751,41609,41619,10
12.9765396118,80.2222595215,41619,41629,10
12.9768600464,80.2227783203,41629,41639,10
12.9772396088,80.2233123779,41639,41649,10
12.9776296616,80.223991394,41649,41659,10
12.9780902863,80.2246932983,41659,41669,10
12.9785203934,80.2253799438,41669,41679,10
12.9789199829,80.226020813,41679,41689,10
12.9792299271,80.2265625,41689,41699,10
12.9795398712,80.2270278931,41699,41709,10
12.9799404144,80.2276306152,41709,41719,10
12.9803104401,80.2282791138,41719,41736,17
12.9807195663,80.2290267944,41736,41748,12
12.9810800552,80.2295227051,41748,41756,8
12.9814395905,80.2300720215,41756,41768,12
12.981760025,80.2306137085,41768,41778,10
12.9817895889,80.2308120728,41778,41788,10
12.9819602966,80.2312469482,41788,41798,10
12.9820404053,80.2319107056,41798,41808,10
12.9819498062,80.2326812744,41808,41818,10
12.9816904068,80.2332992554,41818,41829,11
12.9815502167,80.233581543,41829,41839,10
12.9814596176,80.2337417603,41839,41849,10
12.9812297821,80.2342681885,41849,41859,10
12.9811897278,80.2350387573,41859,41869,10
12.9812097549,80.2359390259,41869,41879,10
12.9812297821,80.2369537354,41879,41889,10
12.9812698364,80.2378921509,41889,41899,10
12.981300354,80.2386169434,41899,41909,10
12.9813098907,80.2387466431,41909,41919,10
12.9813098907,80.2391662598,41919,41929,10
12.9813098907,80.239692688,41929,41939,10
12.9813404083,80.2401123047,41939,41950,11
12.9813499451,80.2408676147,41950,41960,10
12.9813404083,80.2416305542,41960,41970,10
12.9813404083,80.2427597046,41970,41990,20
12.9813404083,80.2427597046,41990,42000,10
12.9813804626,80.243019104,42000,42010,10
12.9813699722,80.2434005737,42010,42020,10
12.9813098907,80.2438430786,42020,42030,10
12.9811897278,80.2445068359,42030,42040,10
12.9810800552,80.2453308105,42040,42050,10
12.9809999466,80.2463226318,42050,42061,11
12.9808998108,80.2475891113,42061,42071,10
12.9807901382,80.2487716675,42071,42081,10
12.980629921,80.2499313354,42081,42091,10
12.980340004,80.2510681152,42091,42101,10
12.9800796509,80.252243042,42101,42121,20
12.9800796509,80.252243042,42121,42131,10
12.9800395966,80.2524795532,42131,42141,10
12.9802503586,80.2526016235,42141,42151,10
12.9806499481,80.2526168823,42151,42161,10
12.9812002182,80.2526092529,42161,42172,11
12.9820299149,80.2525787354,42172,42202,30
12.9820299149,80.2525787354,42202,42212,10
12.9822902679,80.252571106,42212,42222,10
12.9827899933,80.2525634766,42222,42232,10
12.9833097458,80.2525100708,42232,42242,10
12.9838399887,80.2523727417,42242,42252,10
12.9845399857,80.252166748,42252,42313,61
12.9847698212,80.252243042,42313,42484,171
12.9847698212,80.252243042,42484,42494,10
12.9849395752,80.2521362305,42494,42504,10
12.9853696823,80.2520217896,42504,42515,11
12.9858102798,80.2518768311,42515,42525,10
12.9862203598,80.2517623901,42525,42535,10
12.9867601395,80.251663208,42535,42545,10
12.9873199463,80.2515029907,42545,42555,10
12.9877004623,80.251411438,42555,42565,10
12.9879198074,80.2515869141,42565,42575,10
12.9879703522,80.2519073486,42575,42585,10
12.9879903793,80.251991272,42585,42595,10
12.9880104065,80.2523574829,42595,42605,10
12.9879598618,80.2529373169,42605,42615,10
12.9878902435,80.2536468506,42615,42626,11
12.9878997803,80.2538223267,42626,42636,10
12.9878501892,80.2542266846,42636,42646,10
12.9878396988,80.2548980713,42646,42656,10
12.9877901077,80.2553863525,42656,42666,10
12.9876804352,80.2558822632,42666,42676,10
12.9876003265,80.2562789917,42676,42686,10
12.9875898361,80.2562866211,42686,42696,10
12.9875802994,80.2565994263,42696,42706,10
12.9875097275,80.2568817139,42706,42716,10
12.9874696732,80.2574081421,42716,42726,10
12.9874000549,80.2581481934,42726,42737,11
12.9873800278,80.2590103149,42737,42767,30
12.987279892,80.2594070435,42767,42807,40
12.9871997833,80.2596511841,42807,42827,20
12.9871997833,80.2596511841,42827,42837,10
12.9868803024,80.2596511841,42837,42848,11
12.9866399765,80.2595901489,42848,42858,10
12.9866104126,80.2595672607,42858,42868,10
12.986579895,80.2592926025,42868,42878,10
12.9866695404,80.2590789795,42878,43332,454
12.9866695404,80.2590789795,43332,43342,10
12.9867897034,80.2591629028,43342,43352,10
12.9870500565,80.2591629028,43352,43423,71
12.9870500565,80.2591629028,43423,43433,10
12.9873199463,80.258972168,43433,43443,10
12.9873800278,80.2585830688,43443,43452,9
12.9874200821,80.2581787109,43452,43463,11
12.9875202179,80.2573013306,43463,43473,10
12.9875898361,80.2563171387,43473,43483,10
12.9876403809,80.2557983398,43483,43493,10
12.9877300262,80.2552337646,43493,43503,10
12.987739563,80.254989624,43503,43513,10
12.9877595901,80.2548294067,43513,43524,11
12.987830162,80.2542572021,43524,43534,10
12.9878797531,80.2535171509,43534,43544,10
12.9879598618,80.2523803711,43544,43634,90
12.9879598618,80.2523803711,43634,43645,11
12.9879302979,80.2521209717,43645,43655,10
12.9878396988,80.2518005371,43655,43665,10
12.987660408,80.2516174316,43665,43675,10
12.9872598648,80.251663208,43675,43685,10
12.9866104126,80.2517623901,43685,43695,10
12.9857797623,80.2519607544,43695,43705,10
12.9848098755,80.2522125244,43705,43715,10
12.9837703705,80.2524871826,43715,43725,10
12.9827404022,80.2526626587,43725,43735,10
12.9816799164,80.2527008057,43735,43745,10
12.980629921,80.2527313232,43745,43756,11
12.9799203873,80.252746582,43756,43766,10
12.9798803329,80.2525177002,43766,43776,10
12.9799203873,80.252281189,43776,43786,10
12.9799404144,80.2521820068,43786,43796,10
12.9799995422,80.2519073486,43796,43806,10
12.9801597595,80.251411438,43806,43816,10
12.980389595,80.2506866455,43816,43826,10
12.9805898666,80.2498626709,43826,43836,10
12.9807195663,80.248916626,43836,43846,10
12.9807901382,80.2479171753,43846,43856,10
12.9808797836,80.2468795776,43856,43867,11
12.981010437,80.2456283569,43867,43877,10
12.9811201096,80.2444992065,43877,43887,10
12.9811897278,80.2437362671,43887,43897,10
12.9812498093,80.2436599731,43897,43907,10
12.9813404083,80.2434005737,43907,43917,10
12.9813499451,80.2428970337,43917,43927,10
12.9813604355,80.242767334,43927,43937,10
12.9813699722,80.2423706055,43937,43988,51
12.9813699722,80.2423706055,43988,43998,10
12.9813804626,80.2419204712,43998,44008,10
12.9813604355,80.2415008545,44008,44028,20
12.9813604355,80.2415008545,44028,44038,10
12.9813499451,80.2412414551,44038,44048,10
12.9813499451,80.2409896851,44048,44058,10
12.9813404083,80.2406921387,44058,44068,10
12.9813499451,80.2404174805,44068,44078,10
12.9813604355,80.2401428223,44078,44089,11
12.9813499451,80.2397918701,44089,44099,10
12.9813604355,80.2396469116,44099,44109,10
12.9813404083,80.2393569946,44109,44119,10
12.9813404083,80.2389831543,44119,44129,10
12.9813404083,80.2387390137,44129,44139,10
12.9813203812,80.2385025024,44139,44155,16
12.9813098907,80.2379989624,44155,44167,12
12.981300354,80.2377166748,44167,44175,8
12.9812898636,80.2372817993,44175,44186,11
12.9812602997,80.2365264893,44186,44197,11
12.9812498093,80.2357711792,44197,44208,11
12.9812097549,80.2350082397,44208,44218,10
12.9812402725,80.234336853,44218,44228,10
12.9814796448,80.2337265015,44228,44238,10
12.9815797806,80.2334823608,44238,44248,10
12.9816999435,80.2332382202,44248,44258,10
12.9818696976,80.2328414917,44258,44268,10
12.982000351,80.2323608398,44268,44278,10
12.9819898605,80.2319488525,44278,44288,10
12.9819297791,80.2314300537,44288,44298,10
12.9817800522,80.2310409546,44298,44307,9
12.9816198349,80.2307434082,44307,44319,12
12.9812402725,80.2301101685,44319,44329,10
12.9809303284,80.229598999,44329,44339,10
12.980890274,80.2294998169,44339,44349,10
12.9807796478,80.2292480469,44349,44359,10
12.9806404114,80.2290496826,44359,44369,10
12.9805803299,80.2289581299,44369,44379,10
12.980389595,80.2286529541,44379,44389,10
12.9802103043,80.2282791138,44389,44399,10
12.9799098969,80.2277526855,44399,44409,10
12.9795303345,80.227142334,44409,44419,10
12.9792203903,80.2266235352,44419,44430,11
12.9787902832,80.2258987427,44430,44440,10
12.9783802032,80.2251968384,44440,44450,10
12.9779596329,80.2246170044,44450,44460,10
12.977640152,80.2240982056,44460,44470,10
12.9773101807,80.2235412598,44470,44480,10
12.9770402908,80.2230987549,44480,44490,10
12.9769001007,80.222869873,44490,44500,10
12.976770401,80.2225570679,44500,44510,10
12.9765100479,80.22215271,44510,44520,10
12.9761896133,80.2216567993,44520,44530,10
12.975859642,80.2212600708,44530,44541,11
12.9756202698,80.2210769653,44541,44551,10
12.9755401611,80.2210235596,44551,44561,10
12.9753704071,80.2206420898,44561,44581,20
12.9753704071,80.2206420898,44581,44591,10
12.9755897522,80.220413208,44591,44601,10
12.975979805,80.2201766968,44601,44611,10
12.9767103195,80.2198867798,44611,44621,10
12.9775400162,80.2195968628,44621,44637,16
12.978679657,80.2191162109,44637,44649,12
12.9793796539,80.2188415527,44649,44660,11
12.9800195694,80.2185974121,44660,44668,8
12.9805297852,80.2183837891,44668,44680,12
12.981300354,80.2180786133,44680,44690,10
12.9820404053,80.2179336548,44690,44700,10
12.9825801849,80.2179336548,44700,44710,10
12.9831600189,80.217918396,44710,44720,10
12.9837198257,80.217880249,44720,44729,9
12.9837799072,80.2179031372,44729,44740,11
12.9840202332,80.2179489136,44740,44750,10
12.9846000671,80.217918396,44750,44760,10
12.9853801727,80.2179031372,44760,44771,11
12.9863004684,80.2180480957,44771,44781,10
12.9870996475,80.2182235718,44781,44791,10
12.9873504639,80.21824646,44791,44801,10
12.9875602722,80.2183227539,44801,44811,10
12.9881496429,80.2184524536,44811,44821,10
12.9888696671,80.2186431885,44821,44831,10
12.9897003174,80.2189178467,44831,44841,10
12.9906396866,80.2192001343,44841,44851,10
12.9915504456,80.2194137573,44851,44861,10
12.9922199249,80.2189788818,44861,44871,10
12.9929199219,80.218460083,44871,44882,11
12.9936800003,80.2179031372,44882,44892,10
12.9942798615,80.2174682617,44892,44902,10
12.9946498871,80.2172088623,44902,44912,10
12.9946804047,80.2171936035,44912,44922,10
12.9948101044,80.2171401978,44922,44932,10
12.9951200485,80.2169189453,44932,44942,10
12.9956102371,80.2167129517,44942,44952,10
12.9962997437,80.2165527344,44952,44963,11
12.9975004196,80.2161026001,44963,44984,21
12.9975004196,80.2161026001,44984,44995,11
12.9976596832,80.2159729004,44995,45004,9
12.9979496002,80.215713501,45004,45015,11
12.9985103607,80.2151870728,45015,45025,10
12.99903965,80.2147521973,45025,45035,10
12.9992799759,80.2145004272,45035,45045,10
12.9996700287,80.2141494751,45045,45055,10
13.0000696182,80.2138519287,45055,45065,10
13.0007295609,80.2132492065,45065,45075,10
13.0013799667,80.2127380371,45075,45085,10
13.0020799637,80.2122573853,45085,45094,9
13.0026903152,80.212097168,45094,45106,12
13.0034399033,80.212020874,45106,45116,10
13.0036001205,80.2119293213,45116,45126,10
13.0036802292,80.2117996216,45126,45136,10
13.0036897659,80.2114028931,45136,45146,10
13.0036201477,80.210647583,45146,45156,10
13.0035200119,80.2098999023,45156,45166,10
13.0036001205,80.2091369629,45166,45176,10
13.0039997101,80.2086410522,45176,45186,10
13.00481987,80.2089996338,45186,45196,10
13.0057897568,80.2093963623,45196,45206,10
13.0066099167,80.2096633911,45206,45217,11
13.0069599152,80.2097625732,45217,45227,10
13.0072202682,80.2098236084,45227,45257,30
13.0072202682,80.2098236084,45257,45267,10
13.0075597763,80.2099227905,45267,45277,10
13.0079402924,80.2099761963,45277,45287,10
13.0081701279,80.2098693848,45287,45297,10
13.0080699921,80.2093734741,45297,45307,10
13.0079698563,80.2086486816,45307,45317,10
13.0078296661,80.2078475952,45317,45328,11
13.0076904297,80.2068405151,45328,45338,10
13.0075798035,80.2060012817,45338,45348,10
13.0075302124,80.2053222656,45348,45358,10
13.0075302124,80.2045288086,45358,45368,10
13.0074701309,80.2037887573,45368,45378,10
13.0073204041,80.2030487061,45378,45388,10
13.0068597794,80.2025375366,45388,45398,10
13.0064897537,80.2030029297,45398,45408,10
13.0068397522,80.2033920288,45408,45418,10
13.0074396133,80.2036437988,45418,45428,10
13.0082302094,80.2036972046,45428,45439,11
13.0094299316,80.2036514282,45439,45449,10
13.0107603073,80.2036437988,45449,45459,10
13.0121498108,80.2037963867,45459,45469,10
13.0133695602,80.2041015625,45469,45479,10
13.0142402649,80.2043991089,45479,45489,10
13.0149097443,80.2046203613,45489,45499,10
13.0150003433,80.2046737671,45499,45509,10
13.0152597427,80.2047729492,45509,45519,10
13.0158195496,80.2049179077,45519,45529,10
13.0163803101,80.2051925659,45529,45539,10
13.0168800354,80.2052230835,45539,45549,10
13.0174398422,80.2054901123,45549,45560,11
13.0181398392,80.2057495117,45560,45570,10
13.0187397003,80.2059631348,45570,45580,10
13.0188798904,80.2060317993,45580,45590,10
13.0192298889,80.206161499,45590,45600,10
13.0198097229,80.2062835693,45600,45610,10
13.0205898285,80.2062835693,45610,45620,10
13.0214004517,80.2062835693,45620,45630,10
13.0215597153,80.2062606812,45630,45646,16
13.0221004486,80.2062835693,45646,45658,12
13.0228595734,80.2065124512,45658,45669,11
13.023850441,80.2066574097,45669,45679,10
13.0248804092,80.2069015503,45679,45689,10
13.02602005,80.207321167,45689,45699,10
13.0267601013,80.2077484131,45699,45709,10
13.0277996063,80.2083587646,45709,45718,9
13.0288000107,80.2086868286,45718,45729,11
13.0295600891,80.2088623047,45729,45738,9
13.0299396515,80.2089920044,45738,45760,22
13.0299396515,80.2089920044,45760,45769,9
13.0300703049,80.2090072632,45769,45781,12
13.0305204391,80.2091369629,45781,45791,10
13.0311203003,80.209312439,45791,45801,10
13.0315303802,80.2093963623,45801,45811,10
13.0315799713,80.2094192505,45811,45821,10
13.0317001343,80.2093811035,45821,45831,10
13.0320701599,80.209487915,45831,45841,10
13.0327100754,80.2096176147,45841,45851,10
13.0334796906,80.2097930908,45851,45861,10
13.0342597961,80.2099533081,45861,45871,10
13.0348796844,80.2101211548,45871,45881,10
13.0349397659,80.2106018066,45881,45892,11
13.0349302292,80.2112579346,45892,45912,20
13.0349302292,80.2112579346,45912,45922,10
13.0348796844,80.211517334,45922,45932,10
13.0348396301,80.2119293213,45932,45942,10
13.0350799561,80.2121429443,45942,45952,10
13.0356302261,80.2121963501,45952,45962,10
13.0360498428,80.2122192383,45962,45972,10
13.0364303589,80.2122802734,45972,45992,20
13.0364303589,80.2122802734,45992,46003,11
13.036649704,80.2123184204,46003,46013,10
13.0368499756,80.2122879028,46013,46023,10
13.0372400284,80.2122802734,46023,46033,10
13.0378799438,80.2122802734,46033,46043,10
13.0387001038,80.2122573853,46043,46053,10
13.0397195816,80.2122573853,46053,46063,10
13.0409002304,80.2122497559,46063,46073,10
13.0420398712,80.2122421265,46073,46083,10
13.0431604385,80.2122421265,46083,46093,10
13.0441999435,80.2123031616,46093,46184,91
13.0441999435,80.2123031616,46184,46194,10
13.0442895889,80.212348938,46194,46204,10
13.0446796417,80.2123413086,46204,46214,10
13.0453395844,80.2123184204,46214,46224,10
13.0461196899,80.2122879028,46224,46235,11
13.0470504761,80.2122268677,46235,46244,9
13.0477800369,80.2121734619,46244,46255,11
13.0484600067,80.212059021,46255,46265,10
13.0485601425,80.212020874,46265,46275,10
13.0486803055,80.2119979858,46275,46285,10
13.0489902496,80.2119827271,46285,46295,10
13.0493497849,80.2119598389,46295,46315,20
13.0493497849,80.2119598389,46315,46325,10
13.0497303009,80.2119369507,46325,46335,10
13.0499801636,80.2119293213,46335,46346,11
13.0503196716,80.2119674683,46346,46356,10
13.050620079,80.2119674683,46356,46366,10
13.0510196686,80.2118911743,46366,46376,10
13.0516395569,80.2118606567,46376,46386,10
13.0527200699,80.2117462158,46386,46396,10
13.0536603928,80.2115936279,46396,46406,10
13.0543203354,80.2114486694,46406,46436,30
13.0543203354,80.2114486694,46436,46447,11
13.0546798706,80.2115020752,46447,46457,10
13.0550403595,80.2115097046,46457,46467,10
13.0557098389,80.211479187,46467,46477,10
13.0565299988,80.2114715576,46477,46487,10
13.0572795868,80.2114334106,46487,46497,10
13.0577201843,80.2114028931,46497,46507,10
13.0577297211,80.2114028931,46507,46517,10
13.0580797195,80.2114105225,46517,46527,10
13.0585803986,80.21144104,46527,46537,10
13.0592699051,80.2114868164,46537,46547,10
13.0600404739,80.2115478516,46547,46557,10
13.0608701706,80.2115478516,46557,46567,10
13.0617799759,80.2116165161,46567,46578,11
13.0626602173,80.2116088867,46578,46588,10
13.0632400513,80.2115402222,46588,46598,10
13.0633001328,80.2115402222,46598,46608,10
13.0636501312,80.2115097046,46608,46618,10
13.064160347,80.2114486694,46618,46628,10
13.0648202896,80.21118927,46628,46638,10
13.065489769,80.2107162476,46638,46648,10
13.0661001205,80.2101593018,46648,46658,10
13.0667896271,80.2095184326,46658,46668,10
13.0672702789,80.2087783813,46668,46679,11
13.0678596497,80.2079162598,46679,46689,10
13.0684099197,80.2070770264,46689,46699,10
13.0690097809,80.206161499,46699,46709,10
13.0694799423,80.205406189,46709,46719,10
13.0696697235,80.2049026489,46719,46729,10
13.0692901611,80.2049636841,46729,46745,16
13.0688199997,80.205329895,46745,46757,12
13.0685195923,80.2051620483,46757,46767,10
13.0681495667,80.2051620483,46767,47363,596
13.0679302216,80.2051086426,47363,47595,232
13.0679302216,80.2051086426,47595,47605,10
13.0682001114,80.2049484253,47605,47615,10
13.0686702728,80.2048034668,47615,47625,10
13.0691404343,80.2047119141,47625,47635,10
13.069439888,80.204750061,47635,47645,10
13.0695800781,80.2048034668,47645,47655,10
13.0698099136,80.2049636841,47655,47665,10
13.0697097778,80.2053222656,47665,47675,10
13.0693597794,80.2058563232,47675,47686,11
13.0687599182,80.20677948,47686,47696,10
13.068189621,80.2077102661,47696,47706,10
13.0675497055,80.2086791992,47706,47716,10
13.06690979,80.2096633911,47716,47726,10
13.0660495758,80.2104492188,47726,47736,10
13.0652303696,80.2111434937,47736,47746,10
13.0649595261,80.2113037109,47746,47756,10
13.0646600723,80.2115783691,47756,47766,10
13.0639801025,80.211730957,47766,47776,10
13.0632801056,80.211730957,47776,47786,10
13.0625696182,80.2117614746,47786,47797,11
13.0618801117,80.211730957,47797,47807,10
13.0611801147,80.2117004395,47807,47817,10
13.0603103638,80.2116622925,47817,47827,10
13.0593099594,80.2116165161,47827,47837,10
13.0584201813,80.2116317749,47837,47847,10
13.0578804016,80.2116165161,47847,47857,10
13.0577096939,80.2116165161,47857,47867,10
13.0573396683,80.2116012573,47867,47883,16
13.0562601089,80.2115936279,47883,47895,12
13.0551099777,80.2115478516,47895,47905,10
13.054599762,80.2115402222,47905,47926,21
13.054599762,80.2115402222,47926,47936,10
13.0541200638,80.2115783691,47936,47946,10
13.0535497665,80.2117385864,47946,47956,10
13.0528898239,80.2119216919,47956,47966,10
13.0521097183,80.212097168,47966,47976,10
13.0514802933,80.2121505737,47976,47986,10
13.0508098602,80.2121963501,47986,47996,10
13.0500297546,80.2121734619,47996,48027,31
13.0500297546,80.2121734619,48027,48037,10
13.0497398376,80.2121276855,48037,48046,9
13.0496196747,80.2121276855,48046,48057,11
13.0495004654,80.2121200562,48057,48067,10
13.0491695404,80.2121200562,48067,48077,10
13.0486497879,80.2121429443,48077,48087,10
13.047949791,80.2122192383,48087,48097,10
13.0471096039,80.2122879028,48097,48107,10
13.046090126,80.212310791,48107,48117,10
13.0453300476,80.212348938,48117,48127,10
13.0450000763,80.2124023438,48127,48138,11
13.0445995331,80.2124023438,48138,48148,10
13.0439996719,80.2124176025,48148,48158,10
13.043129921,80.2124023438,48158,48174,16
13.0417995453,80.2123718262,48174,48186,12
13.0406904221,80.2124099731,48186,48194,8
13.0398597717,80.2124404907,48194,48206,12
13.038860321,80.2124099731,48206,48216,10
13.0374898911,80.2123794556,48216,48297,81
13.0374898911,80.2123794556,48297,48307,10
13.0372104645,80.2122802734,48307,48317,10
13.036740303,80.2122802734,48317,48327,10
13.0360403061,80.212310791,48327,48337,10
13.0351600647,80.2123031616,48337,48347,10
13.0342102051,80.2121124268,48347,48368,21
13.0342102051,80.2121124268,48368,48378,10
13.0339202881,80.2119903564,48378,48388,10
13.0335597992,80.2119827271,48388,48398,10
13.032959938,80.2118682861,48398,48408,10
13.03221035,80.211769104,48408,48418,10
13.0318803787,80.2114181519,48418,48428,10
13.0319900513,80.2107009888,48428,48438,10
13.0321102142,80.2099380493,48438,48448,10
13.0318498611,80.2095794678,48448,48458,10
13.0313100815,80.2093963623,48458,48468,10
13.0307502747,80.2092971802,48468,48479,11
13.0305595398,80.2092590332,48479,48489,10
13.0301103592,80.2091217041,48489,48499,10
13.0295600891,80.2089385986,48499,48509,10
13.0294799805,80.2089233398,48509,48519,10
13.0291595459,80.2088165283,48519,48529,10
13.0284700394,80.2086410522,48529,48539,10
13.0276699066,80.2083587646,48539,48549,10
13.02684021,80.207862854,48549,48559,10
13.0259103775,80.2073135376,48559,48569,10
13.024889946,80.2070236206,48569,48585,16
13.0240001678,80.2068405151,48585,48598,13
13.0232200623,80.2067108154,48598,48608,10
13.0226097107,80.2065734863,48608,48616,8
13.0220403671,80.206489563,48616,48627,11
13.0212602615,80.2064590454,48627,48639,12
13.0202302933,80.2064437866,48639,48649,10
13.0192604065,80.2063674927,48649,48659,10
13.0191297531,80.2063369751,48659,48669,10
13.0187997818,80.2062225342,48669,48679,10
13.0182800293,80.2060699463,48679,48689,10
13.0179796219,80.2060012817,48689,48699,10
13.017660141,80.2058868408,48699,48710,11
13.0171604156,80.2056503296,48710,48720,10
13.0165100098,80.2053833008,48720,48730,10
13.0156202316,80.2050323486,48730,48740,10
13.0145998001,80.2046966553,48740,48750,10
13.0138101578,80.204460144,48750,48760,10
13.0135602951,80.2045898438,48760,48770,10
13.0133695602,80.2051391602,48770,48780,10
13.0131502151,80.2059020996,48780,48790,10
13.013010025,80.2068481445,48790,48800,10
13.0129699707,80.2077178955,48800,48817,17
13.0128602982,80.2087097168,48817,48829,12
13.0129995346,80.2094573975,48829,48837,8
13.0130395889,80.2099227905,48837,48849,12
13.0129098892,80.2109222412,48849,48859,10
13.0126800537,80.2114868164,48859,48869,10
13.0125198364,80.2117614746,48869,48879,10
13.0121297836,80.212387085,48879,48889,10
13.0118398666,80.2127685547,48889,48899,10
13.0115299225,80.2126235962,48899,48909,10
13.0110502243,80.2122802734,48909,48918,9
13.0107002258,80.2120132446,48918,48930,12
13.0104398727,80.2118225098,48930,48940,10
13.0100297928,80.211479187,48940,48990,50
13.0097398758,80.2112884521,48990,49041,51
13.009469986,80.2110366821,49041,49061,20
13.009469986,80.2110366821,49061,49071,10
13.009180069,80.2110900879,49071,49091,20
13.009180069,80.2110900879,49091,49101,10
13.0090103149,80.2114181519,49101,49111,10
13.0090398788,80.2117614746,49111,49121,10
13.0092401505,80.2124481201,49121,49131,10
13.0094900131,80.2131576538,49131,49141,10
13.0097703934,80.2138595581,49141,49151,10
13.0100603104,80.2145767212,49151,49162,11
13.0101995468,80.2155075073,49162,49172,10
13.0105695724,80.2164916992,49172,49182,10
13.0110797882,80.2176208496,49182,49192,10
13.0115499496,80.2188796997,49192,49202,10
13.0119695663,80.220199585,49202,49211,9
13.0122299194,80.2211532593,49211,49221,10
13.0124502182,80.2219772339,49221,49232,11
13.0132598877,80.2227096558,49232,49242,10
13.0138702393,80.2233581543,49242,49252,10
13.0142402649,80.2236480713,49252,49262,10
13.0148897171,80.2244415283,49262,49273,11
13.0153598785,80.2251205444,49273,49283,10
13.0153903961,80.2254562378,49283,49293,10
13.0153398514,80.2256698608,49293,49303,10
13.0149402618,80.2259597778,49303,49313,10
13.0142402649,80.2262191772,49313,49323,10
13.0134000778,80.2265701294,49323,49333,10
13.0123996735,80.2269821167,49333,49343,10
13.0113401413,80.2274017334,49343,49353,10
13.0102701187,80.2278137207,49353,49363,10
13.0095100403,80.2277832031,49363,49373,10
13.0096702576,80.2272109985,49373,49384,11
13.0100603104,80.2263793945,49384,49394,10
13.0104799271,80.225479126,49394,49404,10
13.0106496811,80.2250595093,49404,49414,10
13.0108604431,80.2245101929,49414,49424,10
13.0111398697,80.2237701416,49424,49434,10
13.0112600327,80.2231674194,49434,49444,10
13.010720253,80.2229385376,49444,49454,10
13.0099802017,80.2225265503,49454,49464,10
13.0091600418,80.2220535278,49464,49474,10
13.0083398819,80.2216415405,49474,49484,10
13.0073604584,80.2210998535,49484,49495,11
13.0063400269,80.2206268311,49495,49505,10
13.0053195953,80.2203979492,49505,49515,10
13.0044698715,80.2201766968,49515,49525,10
13.0037498474,80.2200317383,49525,49535,10
13.0030298233,80.2198562622,49535,49545,10
13.002240181,80.219329834,49545,49555,10
13.0016202927,80.2186965942,49555,49565,10
13.0009098053,80.2181625366,49565,49581,16
12.9996995926,80.2173919678,49581,49593,12
12.9987297058,80.2168731689,49593,49602,9
12.9979896545,80.2165908813,49602,49614,12
12.9972600937,80.2164916992,49614,49624,10
12.9968299866,80.2165298462,49624,49634,10
12.9963302612,80.2165908813,49634,49644,10
12.995880127,80.2166976929,49644,49654,10
12.9954299927,80.2168197632,49654,49662,8
12.9953098297,80.2168884277,49662,49674,12
12.9952001572,80.2169265747,49674,49684,10
12.9949398041,80.2171173096,49684,49694,10
12.9944496155,80.2174987793,49694,49704,10
12.9939203262,80.2178726196,49704,49714,10
12.9932899475,80.2182998657,49714,49725,11
12.9925699234,80.2188034058,49725,49735,10
12.9918899536,80.2193374634,49735,49745,10
12.9914302826,80.2195968628,49745,49755,10
12.9908399582,80.2193908691,49755,49765,10
12.9899997711,80.2191085815,49765,49775,10
12.9890003204,80.2187194824,49775,49785,10
12.9880199432,80.2184371948,49785,49795,10
12.9875402451,80.2183609009,49795,49805,10
12.9869003296,80.2182235718,49805,49821,16
12.9853401184,80.2179107666,49821,49834,13
12.9841804504,80.217956543,49834,49844,10
12.9839696884,80.2179412842,49844,49854,10
12.9836997986,80.2179489136,49854,49864,10
12.9830904007,80.2179412842,49864,49874,10
12.982460022,80.217918396,49874,49884,10
12.9821395874,80.217918396,49884,49894,10
12.9814100266,80.2180328369,49894,49904,10
12.9805402756,80.2183074951,49904,49914,10
12.979929924,80.2185592651,49914,49924,10
12.9793195724,80.2188034058,49924,49934,10
12.9787597656,80.2190170288,49934,49945,11
12.9783601761,80.2191925049,49945,49955,10
12.9776802063,80.2194595337,49955,49965,10
12.9767904282,80.2198028564,49965,49975,10
12.9758501053,80.2202224731,49975,49985,10
12.9755001068,80.2206573486,49985,49995,10
12.9758396149,80.2210998535,49995,50014,19
12.9758396149,80.2210998535,50014,50024,10
12.9759101868,80.2212219238,50024,50035,11
12.9762401581,80.2215881348,50035,50055,20
12.9762401581,80.2215881348,50055,50066,11
12.9763202667,80.2216720581,50066,50076,10
12.9764795303,80.2219772339,50076,50086,10
12.9766302109,80.2222824097,50086,50096,10
12.9768400192,80.2226409912,50096,50106,10
12.9771699905,80.2231674194,50106,50116,10
12.9776096344,80.2239074707,50116,50126,10
12.9780502319,80.2246170044,50126,50136,10
12.9784097672,80.2251968384,50136,50146,10
12.9787797928,80.2258377075,50146,50156,10
12.9792804718,80.2266082764,50156,50166,10
12.97976017,80.2273864746,50166,50177,11
12.9801597595,80.2280197144,50177,50187,10
12.9803600311,80.2284011841,50187,50197,10
12.9806804657,80.2289810181,50197,50207,10
12.9810199738,80.229637146,50207,50217,10
12.9815702438,80.2303771973,50217,50227,10
12.9816598892,80.230506897,50227,50237,10
12.9817695618,80.230758667,50237,50247,10
12.9819297791,80.231262207,50247,50257,10
12.9820098877,80.2319488525,50257,50273,16
12.9819297791,80.2326889038,50273,50285,12
12.9816999435,80.2332382202,50285,50296,11
12.9816102982,80.2334671021,50296,50306,10
12.9815597534,80.2335891724,50306,50316,10
12.9813404083,80.2340393066,50316,50326,10
12.9811897278,80.2347564697,50326,50336,10
12.9812202454,80.2356491089,50336,50346,10
12.9812602997,80.2366333008,50346,50356,10
12.9812602997,80.237487793,50356,50366,10
12.981300354,80.2384567261,50366,50376,10
12.981300354,80.2387237549,50376,50385,9
12.981300354,80.238822937,50385,50397,12
12.9813098907,80.2392730713,50397,50407,10
12.9813098907,80.2394790649,50407,50416,9
12.9813299179,80.2396774292,50416,50427,11
12.9813404083,80.240196228,50427,50437,10
12.9813699722,80.2410430908,50437,50447,10
12.9813699722,80.241859436,50447,50457,10
12.9813995361,80.2425384521,50457,50467,10
12.9813995361,80.2425613403,50467,50477,10
12.9813699722,80.242729187,50477,50487,10
12.9813604355,80.2432022095,50487,50497,10
12.981300354,80.2439193726,50497,50507,10
12.9811897278,80.2448196411,50507,50518,11
12.9810495377,80.2460098267,50518,50528,10
12.9809303284,80.2471923828,50528,50538,10
12.9808197021,80.2483673096,50538,50548,10
12.9807195663,80.2495422363,50548,50564,16
12.9802904129,80.2513275146,50564,50576,12
12.9800901413,80.2524185181,50576,50594,18
12.9800901413,80.2524185181,50594,50606,12
12.9803800583,80.2526092529,50606,50616,10
12.9810304642,80.2526016235,50616,50626,10
12.9819402695,80.2525787354,50626,50637,11
12.9832000732,80.2525024414,50637,50647,10
12.9843101501,80.252243042,50647,50657,10
12.9850702286,80.2520294189,50657,50667,10
12.985619545,80.2518768311,50667,50677,10
12.9860801697,80.2517623901,50677,50687,10
12.986579895,80.2516174316,50687,50697,10
12.9871902466,80.2514877319,50697,50707,10
12.9876804352,80.251373291,50707,50717,10
12.9879903793,80.2516937256,50717,50727,10
12.9880695343,80.2522201538,50727,50738,11
12.9880399704,80.252456665,50738,50748,10
12.9879703522,80.2531509399,50748,50758,10
12.987950325,80.2534866333,50758,50768,10
12.9878797531,80.2540664673,50768,50778,10
12.9878101349,80.2548217773,50778,50788,10
12.987739563,80.2553405762,50788,50980,192
12.987739563,80.2553405762,50980,50990,10
12.9876699448,80.2556304932,50990,51000,10
12.9876098633,80.2559585571,51000,51010,10
12.9875802994,80.2564315796,51010,51020,10
12.9875402451,80.2569198608,51020,51030,10
12.9874801636,80.2576065063,51030,51040,10
12.9874200821,80.2584381104,51040,51050,10
12.9873504639,80.2590179443,51050,51060,10
12.987279892,80.2593765259,51060,51081,21
12.987279892,80.2593765259,51081,51091,10
12.9872102737,80.2596588135,51091,51121,30
12.9872102737,80.2596588135,51121,51131,10
12.986989975,80.2595291138,51131,51192,61
12.986989975,80.2593002319,51192,51696,504
12.9870195389,80.2590408325,51696,53442,1746
12.9870195389,80.2590408325,53442,53452,10
12.9872999191,80.2589035034,53452,53462,10
12.9873399734,80.2584228516,53462,53482,20
12.9873399734,80.2584228516,53482,53492,10
12.9873800278,80.2581481934,53492,53502,10
12.9874200821,80.2576980591,53502,53512,10
12.9874696732,80.2571105957,53512,53522,10
12.9875297546,80.2563095093,53522,53563,41
12.9875297546,80.2563095093,53563,53573,10
12.9875802994,80.2559509277,53573,53583,10
12.9876499176,80.2556381226,53583,53593,10
12.9877099991,80.2552185059,53593,53603,10
12.9877195358,80.2548370361,53603,53613,10
12.9877500534,80.2546386719,53613,53623,10
12.9877996445,80.2541122437,53623,53633,10
12.9878196716,80.2535400391,53633,53643,10
12.9878902435,80.2527694702,53643,53653,10
12.9878797531,80.2520294189,53653,53663,10
12.987859726,80.2519226074,53663,53674,11
12.9878396988,80.2517471313,53674,53684,10
12.9876203537,80.2516021729,53684,53694,10
12.9870300293,80.2516479492,53694,53704,10
12.986240387,80.2518386841,53704,53714,10
12.9852600098,80.2520828247,53714,53724,10
12.9842596054,80.2523498535,53724,53734,10
12.9832801819,80.2525787354,53734,53750,16
12.9816598892,80.2526779175,53750,53762,12
12.9804601669,80.2527236938,53762,53770,8
12.9799003601,80.2522735596,53770,53794,24
12.9799003601,80.2522735596,53794,53804,10
12.9799499512,80.2520904541,53804,53814,10
12.980050087,80.2517166138,53814,53824,10
12.9802303314,80.2511291504,53824,53834,10
12.9804496765,80.2503662109,53834,53844,10
12.9806203842,80.2495422363,53844,53854,10
12.9806995392,80.2488479614,53854,53863,9
12.9807500839,80.2478103638,53863,53873,10
12.9808301926,80.2468338013,53873,53884,11
12.9809503555,80.2457199097,53884,53895,11
12.9811000824,80.2446136475,53895,53905,10
12.9811897278,80.2437362671,53905,53915,10
12.9813299179,80.2434005737,53915,53925,10
12.9813499451,80.2427978516,53925,53945,20
12.9813499451,80.2427978516,53945,53955,10
12.9813604355,80.2426376343,53955,53965,10
12.9813499451,80.2422103882,53965,53975,10
12.9813499451,80.2415618896,53975,53985,10
12.9813404083,80.2407913208,53985,53995,10
12.9813203812,80.2399978638,53995,54005,10
12.981300354,80.2393112183,54005,54016,11
12.9812803268,80.2384490967,54016,54026,10
12.9812602997,80.2379074097,54026,54036,10
12.9812498093,80.2378082275,54036,54046,10
12.9812402725,80.2374420166,54046,54056,10
12.9812297821,80.2368164063,54056,54066,10
12.9812002182,80.2360076904,54066,54076,10
12.981180191,80.2351531982,54076,54086,10
12.9812002182,80.2342834473,54086,54096,10
12.9815196991,80.2334976196,54096,54106,10
12.9816398621,80.2332611084,54106,54116,10
12.9817199707,80.2331085205,54116,54127,11
12.9819002151,80.2326583862,54127,54137,10
12.9819803238,80.2321777344,54137,54147,10
12.9819698334,80.2317504883,54147,54157,10
12.9819002151,80.2312469482,54157,54167,10
12.9816703796,80.230682373,54167,54177,10
12.981300354,80.2300415039,54177,54187,10
12.9808702469,80.2293167114,54187,54197,10
12.9806604385,80.2289962769,54197,54207,10
12.9806203842,80.2289199829,54207,54217,10
12.9805603027,80.2288208008,54217,54227,10
12.9804096222,80.2285766602,54227,54238,11
12.9802598953,80.2282562256,54238,54248,10
12.9800596237,80.227897644,54248,54258,10
12.9797401428,80.2273712158,54258,54268,10
12.9794797897,80.2269515991,54268,54278,10
12.9793395996,80.2267227173,54278,54288,10
12.9790697098,80.226272583,54288,54298,10
12.9786996841,80.2256393433,54298,54308,10
12.9782600403,80.2249221802,54308,54318,10
12.9779701233,80.2245025635,54318,54328,10
12.9777498245,80.2241821289,54328,54338,10
12.9776201248,80.2239837646,54338,54349,11
12.977399826,80.2235565186,54349,54359,10
12.977060318,80.2229995728,54359,54369,10
12.9767198563,80.2224502563,54369,54379,10
12.9763202667,80.2218017578,54379,54389,10
12.9759197235,80.2212600708,54389,54399,10
12.9755401611,80.2209014893,54399,54480,81
12.9755401611,80.2209014893,54480,54490,10
12.9753704071,80.2205123901,54490,54500,10
12.9756803513,80.2202224731,54500,54510,10
12.976269722,80.2199325562,54510,54520,10
12.977060318,80.2195968628,54520,54530,10
12.9779500961,80.2192382813,54530,54540,10
12.9786500931,80.218963623,54540,54550,10
12.9793195724,80.2186965942,54550,54560,10
12.980099678,80.2183914185,54560,54570,10
12.9810304642,80.2180404663,54570,54581,11
12.9821300507,80.2178115845,54581,54591,10
12.98279953,80.2178192139,54591,54601,10
12.9834804535,80.2178192139,54601,54611,10
12.9837703705,80.2177886963,54611,54621,10
12.9839601517,80.2177886963,54621,54631,10
12.9844999313,80.2177886963,54631,54641,10
12.9853000641,80.2177963257,54641,54651,10
12.9861803055,80.2179412842,54651,54661,10
12.9867401123,80.2180786133,54661,54671,10
12.9873304367,80.2181777954,54671,54681,10
12.9873504639,80.2181930542,54681,54692,11
12.9877300262,80.2182769775,54692,54702,10
12.9882802963,80.2184371948,54702,54712,10
12.9890203476,80.2186584473,54712,54722,10
12.9898195267,80.2189331055,54722,54732,10
12.9907102585,80.2192306519,54732,54742,10
12.9915399551,80.2194366455,54742,54752,10
12.9921703339,80.2190475464,54752,54762,10
12.9927797318,80.2186126709,54762,54772,10
12.9934902191,80.2180328369,54772,54782,10
12.9941396713,80.2175979614,54782,54792,10
12.9945201874,80.217300415,54792,54803,11
12.9949903488,80.2170028687,54803,54813,10
12.9955596924,80.2167129517,54813,54823,10
12.9962301254,80.216583252,54823,54833,10
12.9969797134,80.216468811,54833,54843,10
12.9973602295,80.216178894,54843,54853,10
12.9974098206,80.2161331177,54853,54863,10
12.9975996017,80.216003418,54863,54873,10
12.9978904724,80.2157287598,54873,54883,10
12.9983596802,80.2153015137,54883,54893,10
12.9989404678,80.2148132324,54893,54903,10
12.9991998672,80.2146072388,54903,54914,11
12.9996099472,80.2142486572,54914,54924,10
13.0000495911,80.2138824463,54924,54933,9
13.0004796982,80.2134933472,54933,54944,11
13.0010004044,80.2129898071,54944,54954,10
13.0016403198,80.2125320435,54954,54964,10
13.0020799637,80.2122573853,54964,54974,10
13.0023603439,80.2121429443,54974,54984,10
13.0027999878,80.212059021,54984,54994,10
13.0033502579,80.2119979858,54994,55004,10
13.0036096573,80.2117233276,55004,55014,10
13.0036201477,80.2110977173,55014,55025,11
13.0035495758,80.2102966309,55025,55035,10
13.0034999847,80.2095413208,55035,55045,10
13.003660202,80.2088165283,55045,55055,10
13.0042600632,80.208732605,55055,55065,10
13.0050697327,80.2090988159,55065,55075,10
13.0055904388,80.2093276978,55075,55085,10
13.005610466,80.2093276978,55085,55095,10
13.0057601929,80.2093734741,55095,55105,10
13.0060396194,80.2094726563,55105,55115,10
13.0063400269,80.2095794678,55115,55125,10
13.0068397522,80.2097167969,55125,55135,10
13.0072603226,80.2097702026,55135,55146,11
13.0072803497,80.2097702026,55146,55156,10
13.0075702667,80.2098617554,55156,55166,10
13.0079898834,80.2099609375,55166,55176,10
13.0081300735,80.209777832,55176,55186,10
13.008020401,80.2093200684,55186,55196,10
13.0079202652,80.2086029053,55196,55206,10
13.0077800751,80.2077026367,55206,55216,10
13.0075998306,80.2066574097,55216,55226,10
13.0074996948,80.2055206299,55226,55236,10
13.0075101852,80.2044525146,55236,55246,10
13.0074100494,80.2034301758,55246,55257,11
13.0068998337,80.202507019,55257,55267,10
13.0065698624,80.2031478882,55267,55277,10
13.0071601868,80.2035217285,55277,55287,10
13.007900238,80.2036972046,55287,55296,9
13.0087604523,80.2036590576,55296,55306,10
13.0100097656,80.2035903931,55306,55317,11
13.0113697052,80.2036590576,55317,55327,10
13.012840271,80.2039413452,55327,55337,10
13.0135698318,80.2041473389,55337,55347,10
13.0140600204,80.2043228149,55347,55357,10
13.014749527,80.2045211792,55357,55368,11
13.014960289,80.2046279907,55368,55378,10
13.0154600143,80.204788208,55378,55388,10
13.0160598755,80.2050628662,55388,55398,10
13.0165996552,80.2052307129,55398,55408,10
13.0170698166,80.2053833008,55408,55418,10
13.0179195404,80.2057571411,55418,55428,10
13.0186300278,80.2059402466,55428,55438,10
13.0187797546,80.205947876,55438,55448,10
13.0192403793,80.2061004639,55448,55458,10
13.0200195313,80.2062530518,55458,55468,10
13.0206804276,80.2062530518,55468,55479,11
13.0215597153,80.2062911987,55479,55489,10
13.0227203369,80.2064666748,55489,55499,10
13.0236997604,80.2065582275,55499,55509,10
13.024189949,80.2066497803,55509,55519,10
13.0244398117,80.2067337036,55519,55529,10
13.0250101089,80.2068634033,55529,55539,10
13.0258302689,80.2071609497,55539,55549,10
13.0266304016,80.207611084,55549,55559,10
13.0274496078,80.2080993652,55559,55569,10
13.0283298492,80.2085037231,55569,55579,10
13.029250145,80.2087173462,55579,55589,10
13.0299501419,80.2089309692,55589,55600,11
13.0306797028,80.2091598511,55600,55610,10
13.0314798355,80.2093963623,55610,55630,20
13.0314798355,80.2093963623,55630,55640,10
13.0318403244,80.209487915,55640,55650,10
13.0323696136,80.209602356,55650,55660,10
13.0331401825,80.2097473145,55660,55670,10
13.0339202881,80.2098617554,55670,55680,10
13.0349998474,80.2103805542,55680,55690,10
13.0349998474,80.2103805542,55690,55700,10
13.0349197388,80.2109603882,55700,55711,11
13.0349502563,80.211227417,55711,55721,10
13.0349397659,80.2113037109,55721,55731,10
13.0348796844,80.2116165161,55731,55741,10
13.0348796844,80.212020874,55741,55752,11
13.0352401733,80.2121734619,55752,55764,12
13.0358400345,80.2121887207,55764,55774,10
13.0364704132,80.2122421265,55774,55783,9
13.0370101929,80.2122116089,55783,55794,11
13.0378303528,80.2122268677,55794,55804,10
13.0386295319,80.2122192383,55804,55814,10
13.0396003723,80.2121963501,55814,55825,11
13.0408802032,80.2121887207,55825,55835,10
13.0420799255,80.2122192383,55835,55845,10
13.0432395935,80.2122192383,55845,55855,10
13.0440797806,80.2122497559,55855,55936,81
13.0440797806,80.2122497559,55936,55946,10
13.0443601608,80.2122573853,55946,55956,10
13.0447502136,80.212272644,55956,55966,10
13.0453500748,80.2121963501,55966,55976,10
13.0461397171,80.2121887207,55976,55986,10
13.0470600128,80.2121200562,55986,55996,10
13.0485200882,80.2119903564,55996,56016,20
13.0485200882,80.2119903564,56016,56026,10
13.0486803055,80.2119674683,56026,56036,10
13.0491399765,80.2119369507,56036,56047,11
13.0498504639,80.2119216919,56047,56057,10
13.0505800247,80.2119827271,56057,56073,16
13.0511798859,80.212020874,56073,56085,12
13.0518798828,80.2119369507,56085,56095,10
13.0521297455,80.2118988037,56095,56105,10
13.0524597168,80.211807251,56105,56114,9
13.0530796051,80.2117385864,56114,56125,11
13.0543498993,80.2114715576,56125,56165,40
13.0543498993,80.2114715576,56165,56176,11
13.0552597046,80.2113265991,56176,56186,10
13.0562496185,80.2114334106,56186,56196,10
13.0572299957,80.2114181519,56196,56206,10
13.0582504272,80.21144104,56206,56216,10
13.0592403412,80.2115097046,56216,56226,10
13.0602798462,80.2115783691,56226,56236,10
13.0613899231,80.2116088867,56236,56246,10
13.0623998642,80.2115783691,56246,56256,10
13.063369751,80.2115097046,56256,56266,10
13.0635099411,80.211479187,56266,56284,18
13.0643396378,80.2114181519,56284,56296,12
13.0651597977,80.2109680176,56296,56306,10
13.0657196045,80.2105178833,56306,56316,10
13.0664396286,80.2098999023,56316,56326,10
13.0670995712,80.209197998,56326,56336,10
13.0675897598,80.208366394,56336,56346,10
13.0681295395,80.2075119019,56346,56355,9
13.0685195923,80.2068405151,56355,56366,11
13.0690002441,80.2061004639,56366,56376,10
13.069319725,80.205619812,56376,56387,11
13.0694704056,80.2053375244,56387,56397,10
13.0696401596,80.2051010132,56397,56407,10
13.0695104599,80.2048416138,56407,56417,10
13.069149971,80.2049713135,56417,56427,10
13.0689201355,80.2053222656,56427,56437,10
13.0686998367,80.2051773071,56437,56447,10
13.0684404373,80.2051696777,56447,56901,454
13.0680599213,80.2051467896,56901,57416,515
13.0680599213,80.2051467896,57416,57426,10
13.0681295395,80.2049484253,57426,57446,20
13.0681295395,80.2049484253,57446,57456,10
13.0684604645,80.2049331665,57456,57466,10
13.0686998367,80.2048110962,57466,57476,10
13.069029808,80.2047195435,57476,57496,20
13.069029808,80.2047195435,57496,57506,10
13.0691404343,80.2047271729,57506,57517,11
13.0694303513,80.2047576904,57517,57547,30
13.0694303513,80.2047576904,57547,57557,10
13.0698299408,80.2049789429,57557,57567,10
13.0698003769,80.205291748,57567,57577,10
13.069319725,80.2060012817,57577,57587,10
13.0688199997,80.20677948,57587,57597,10
13.0683097839,80.2076187134,57597,57607,10
13.0677700043,80.2085189819,57607,57617,10
13.0674600601,80.2091217041,57617,57628,11
13.0670099258,80.2099304199,57628,57638,10
13.0662698746,80.2104415894,57638,57648,10
13.065489769,80.2109603882,57648,57658,10
13.065030098,80.2113723755,57658,57668,10
13.0649795532,80.2114181519,57668,57678,10
13.064620018,80.2115783691,57678,57688,10
13.063949585,80.211730957,57688,57698,10
13.0632400513,80.2117767334,57698,57708,10
13.0622797012,80.2118377686,57708,57718,10
13.0614004135,80.2119216919,57718,57728,10
13.0604295731,80.2117385864,57728,57739,11
13.0593795776,80.2117080688,57739,57749,10
13.0587701797,80.2116775513,57749,57759,10
13.0583400726,80.2116622925,57759,57769,10
13.0577802658,80.2116317749,57769,57779,10
13.0569896698,80.2116394043,57779,57789,10
13.0559597015,80.2116012573,57789,57799,10
13.0549001694,80.2115707397,57799,57809,10
13.0539703369,80.2117004395,57809,57819,10
13.0530900955,80.2119598389,57819,57829,10
13.0524997711,80.212097168,57829,57839,10
13.0521297455,80.2122421265,57839,57849,10
13.051320076,80.2122802734,57849,57878,29
13.051320076,80.2122802734,57878,57887,9
13.050860405,80.2122573853,57887,57899,12
13.0499696732,80.2122497559,57899,57909,10
13.049779892,80.2122573853,57909,57919,10
13.0495901108,80.2122116089,57919,57929,10
13.0491104126,80.2122116089,57929,57939,10
13.0484104156,80.2122421265,57939,57949,10
13.047419548,80.2123413086,57949,57959,10
13.0464296341,80.2123565674,57959,57970,11
13.0451898575,80.212387085,57970,58010,40
13.0451898575,80.212387085,58010,58020,10
13.0450696945,80.212387085,58020,58030,10
13.0447702408,80.2124099731,58030,58040,10
13.0445699692,80.2124404907,58040,58050,10
13.0440502167,80.2124404907,58050,58070,20
13.0426197052,80.2124099731,58070,58083,13
13.0415802002,80.2123794556,58083,58093,10
13.0409402847,80.2123794556,58093,58103,10
13.0398101807,80.2124328613,58103,58113,10
13.0389404297,80.2124099731,58113,58123,10
13.0376901627,80.2124099731,58123,58203,80
13.0376901627,80.2124099731,58203,58214,11
13.0372600555,80.2123718262,58214,58224,10
13.0366802216,80.2123413086,58224,58234,10
13.0358800888,80.2123413086,58234,58244,10
13.0350198746,80.2122802734,58244,58254,10
13.0344800949,80.2121810913,58254,58264,10
13.034239769,80.2121276855,58264,58274,10
13.0341596603,80.212097168,58274,58284,10
13.0338401794,80.2120437622,58284,58294,10
13.0334701538,80.2119598389,58294,58305,11
13.0328798294,80.2118606567,58305,58315,10
13.0322999954,80.2117767334,58315,58325,10
13.0319795609,80.2114028931,58325,58335,10
13.0320596695,80.2107391357,58335,58345,10
13.032119751,80.2100601196,58345,58355,10
13.0319900513,80.2096786499,58355,58365,10
13.0314502716,80.2095108032,58365,58375,10
13.0306301117,80.2092971802,58375,58385,10
13.0300197601,80.2091064453,58385,58395,10
13.0298595428,80.2090835571,58395,58405,10
13.0296401978,80.2089767456,58405,58416,11
13.029250145,80.2088394165,58416,58426,10
13.0284900665,80.208656311,58426,58436,10
13.0276403427,80.2083206177,58436,58446,10
13.0268201828,80.2078399658,58446,58456,10
13.0261602402,80.2074432373,58456,58466,10
13.025270462,80.2070465088,58466,58482,16
13.0241699219,80.2068786621,58482,58494,12
13.0239496231,80.2068634033,58494,58503,9
13.0235795975,80.2067565918,58503,58514,11
13.0228500366,80.2066192627,58514,58524,10
13.0221500397,80.2065200806,58524,58535,11
13.0216903687,80.2065124512,58535,58545,10
13.0215196609,80.206489563,58545,58555,10
13.021109581,80.2064971924,58555,58565,10
13.0204896927,80.206489563,58565,58575,10
13.0196800232,80.2064819336,58575,58585,10
13.0191402435,80.2063903809,58585,58594,9
13.0190496445,80.2063293457,58594,58605,11
13.0186004639,80.2061920166,58605,58615,10
13.0180101395,80.2060165405,58615,58625,10
13.0177001953,80.2059173584,58625,58635,10
13.0173101425,80.2057571411,58635,58646,11
13.0168895721,80.2055664063,58646,58656,10
13.0164403915,80.2053222656,58656,58666,10
13.0155801773,80.205039978,58666,58676,10
13.0146198273,80.2047424316,58676,58686,10
13.0137996674,80.2044830322,58686,58696,10
13.0135402679,80.2046432495,58696,58706,10
13.0135002136,80.204826355,58706,58716,10
13.0134000778,80.205291748,58716,58726,10
13.0132198334,80.2060089111,58726,58736,10
13.0130395889,80.2068481445,58736,58746,10
13.0129499435,80.2076568604,58746,58757,11
13.0128803253,80.208190918,58757,58767,10
13.0128297806,80.2085494995,58767,58777,10
13.012960434,80.2090682983,58777,58787,10
13.0131998062,80.2096099854,58787,58797,10
13.0132398605,80.2101669312,58797,58807,10
13.0130395889,80.2109985352,58807,58817,10
13.0126104355,80.211769104,58817,58827,10
13.012140274,80.2124786377,58827,58837,10
13.0118703842,80.2128219604,58837,58847,10
13.011590004,80.2127075195,58847,58857,10
13.0112600327,80.2124710083,58857,58868,11
13.0105695724,80.2119522095,58868,58878,10
13.0101299286,80.2116012573,58878,58888,10
13.0098600388,80.2113800049,58888,58898,10
13.0097398758,80.2112731934,58898,58938,40
13.0097398758,80.2112731934,58938,58948,10
13.0094604492,80.2110671997,58948,58989,41
13.0094604492,80.2110671997,58989,58999,10
13.0093002319,80.2111129761,58999,59009,10
13.0092697144,80.211151123,59009,59019,10
13.009059906,80.2115020752,59019,59029,10
13.0091295242,80.2119216919,59029,59039,10
13.0093603134,80.2126235962,59039,59049,10
13.0096197128,80.2133331299,59049,59059,10
13.0098400116,80.2138900757,59059,59068,9
13.0101299286,80.2146072388,59068,59079,11
13.0102396011,80.215461731,59079,59090,11
13.0105695724,80.2164001465,59090,59100,10
13.0109796524,80.2172622681,59100,59110,10
13.0114002228,80.2182693481,59110,59120,10
13.0117502213,80.21925354,59120,59130,10
13.0120897293,80.2203063965,59130,59140,10
13.012339592,80.2211990356,59140,59150,10
13.0123500824,80.2214202881,59150,59160,10
13.0124797821,80.2217025757,59160,59170,10
13.0128202438,80.2221603394,59170,59180,10
13.0133600235,80.2227783203,59180,59190,10
13.0138301849,80.2233734131,59190,59201,11
13.0144796371,80.2240905762,59201,59211,10
13.0149402618,80.2246398926,59211,59221,10
13.0150403976,80.2247085571,59221,59231,10
13.0152902603,80.2250366211,59231,59241,10
13.0154304504,80.2255783081,59241,59251,10
13.0151195526,80.2259063721,59251,59261,10
13.0146198273,80.2260818481,59261,59271,10
13.0138998032,80.2263565063,59271,59281,10
13.0120897293,80.2270507813,59281,59291,10
13.0120897293,80.2270507813,59291,59301,10
13.0110397339,80.2274780273,59301,59312,11
13.0099697113,80.227897644,59312,59322,10
13.0094995499,80.2276000977,59322,59332,10
13.0097799301,80.2269668579,59332,59342,10
13.0101299286,80.2261886597,59342,59352,10
13.0105400085,80.2253417969,59352,59363,11
13.0109596252,80.2243423462,59363,59371,8
13.0111904144,80.2237319946,59371,59383,12
13.0112895966,80.2231826782,59383,59392,9
13.0109100342,80.2229690552,59392,59403,11
13.0101604462,80.2226028442,59403,59413,10
13.0094203949,80.2222213745,59413,59424,11
13.0084600449,80.2217025757,59424,59434,10
13.0074796677,80.2211914063,59434,59444,10
13.0064401627,80.2206726074,59444,59454,10
13.0053501129,80.2204208374,59454,59464,10
13.0044803619,80.2202224731,59464,59474,10
13.0037899017,80.2200698853,59474,59484,10
13.0030603409,80.219871521,59484,59494,10
13.0024595261,80.219543457,59494,59504,10
13.0017995834,80.2188186646,59504,59514,10
13.001159668,80.2183303833,59514,59524,10
13.0006103516,80.217918396,59524,59535,11
12.9999599457,80.2175292969,59535,59545,10
12.9991998672,80.2171096802,59545,59555,10
12.9983997345,80.2167205811,59555,59565,10
12.9975795746,80.2165527344,59565,59625,60
12.9975795746,80.2165527344,59625,59635,10
12.9971704483,80.216506958,59635,59646,11
12.9969301224,80.2165374756,59646,59666,20
12.9969301224,80.2165374756,59666,59676,10
12.9966096878,80.216583252,59676,59686,10
12.9965896606,80.216583252,59686,59696,10
12.9963903427,80.2166137695,59696,59706,10
12.995880127,80.2167205811,59706,59746,40
12.995880127,80.2167205811,59746,59757,11
12.9955196381,80.2167892456,59757,59767,10
12.9954595566,80.2168121338,59767,59777,10
12.9952497482,80.2169189453,59777,59787,10
12.9950399399,80.2170562744,59787,59797,10
12.9948196411,80.2172012329,59797,59807,10
12.9944496155,80.2174835205,59807,59817,10
12.9939899445,80.2178421021,59817,59827,10
12.9933700562,80.2182769775,59827,59837,10
12.9927196503,80.2187576294,59837,59847,10
12.9920797348,80.21925354,59847,59857,10
12.9915704727,80.2195968628,59857,59867,10
12.9910097122,80.2194824219,59867,59878,11
12.9901399612,80.2191619873,59878,59888,10
12.9891796112,80.2188110352,59888,59898,10
12.9882497787,80.2185211182,59898,59908,10
12.9875001907,80.2183685303,59908,59918,10
12.9869098663,80.2182617188,59918,59928,10
12.9868602753,80.21824646,59928,59938,10
12.9864997864,80.2181472778,59938,59948,10
12.9858398438,80.2180023193,59948,59958,10
12.9849901199,80.217918396,59958,59968,10
12.9841499329,80.2179718018,59968,59978,10
12.9833602905,80.2179794312,59978,59989,11
12.9831800461,80.2180023193,59989,59999,10
12.9828100204,80.2179794312,59999,60009,10
12.982170105,80.2179794312,60009,60019,10
12.9813699722,80.2180633545,60019,60029,10
12.9804401398,80.2183685303,60029,60039,10
12.9797401428,80.2186584473,60039,60049,10
12.9791202545,80.2189102173,60049,60059,10
12.9784803391,80.2191619873,60059,60069,10
12.9777603149,80.2194671631,60069,60079,10
12.9768800735,80.219833374,60079,60089,10
12.9759998322,80.2202072144,60089,60100,11
12.9755401611,80.2206192017,60100,60130,30
12.9755401611,80.2206192017,60130,60140,10
12.9756298065,80.2209777832,60140,60150,10
12.9758396149,80.2211837769,60150,60160,10
12.975859642,80.2211990356,60160,60170,10
12.9761199951,80.2215118408,60170,60180,10
12.976269722,80.2217025757,60180,60200,20
12.976269722,80.2217025757,60200,60211,11
12.9764003754,80.2218322754,60211,60221,10
12.9765396118,80.2221679688,60221,60231,10
12.976849556,80.22265625,60231,60241,10
12.9771995544,80.2232437134,60241,60251,10
12.977519989,80.2238006592,60251,60261,10
12.977930069,80.2244720459,60261,60271,10
12.97838974,80.225189209,60271,60281,10
12.9788599014,80.2259597778,60281,60291,10
12.9793195724,80.2267227173,60291,60301,10
12.9797296524,80.2273864746,60301,60311,10
12.9801502228,80.2281036377,60311,60322,11
12.9806203842,80.2288970947,60322,60332,10
12.9809398651,80.2294311523,60332,60342,10
12.9812602997,80.229927063,60342,60352,10
12.9816303253,80.2304763794,60352,60362,10
12.981710434,80.2305984497,60362,60372,10
12.9818496704,80.2309188843,60372,60382,10
12.9820098877,80.2314605713,60382,60392,10
12.9820404053,80.232170105,60392,60402,10
12.9819202423,80.2328872681,60402,60412,10
12.981760025,80.2332763672,60412,60422,10
12.9817199707,80.2333984375,60422,60433,11
12.9814996719,80.233833313,60433,60443,10
12.9812602997,80.2344818115,60443,60453,10
12.9812402725,80.2352828979,60453,60463,10
12.9812602997,80.2360916138,60463,60473,10
12.9812803268,80.2369613647,60473,60483,10
12.981300354,80.2377090454,60483,60493,10
12.981300354,80.238243103,60493,60503,10
12.9813098907,80.2384567261,60503,60513,10
12.9813098907,80.2386779785,60513,60523,10
12.9813299179,80.2391815186,60523,60533,10
12.9813604355,80.2398529053,60533,60544,11
12.9813699722,80.2406692505,60544,60554,10
12.9813804626,80.2414398193,60554,60564,10
12.9814100266,80.2426986694,60564,60584,20
12.9814100266,80.2426986694,60584,60594,10
12.9814100266,80.2428436279,60594,60604,10
12.9813995361,80.243270874,60604,60614,10
12.9813203812,80.2439193726,60614,60624,10
12.9811897278,80.2447967529,60624,60634,10
12.9810600281,80.2458724976,60634,60644,10
12.9809303284,80.2470169067,60644,60654,10
12.9808397293,80.2481994629,60654,60665,11
12.9807395935,80.2494888306,60665,60681,16
12.9803304672,80.2512969971,60681,60693,12
12.980099678,80.2523498535,60693,60712,19
12.980099678,80.2523498535,60712,60724,12
12.9800796509,80.2525100708,60724,60733,9
12.9802398682,80.2526473999,60733,60744,11
12.980799675,80.2526931763,60744,60754,10
12.9815397263,80.2526473999,60754,60764,10
12.9823598862,80.2526092529,60764,60774,10
12.9832601547,80.2525405884,60774,60785,11
12.9842500687,80.2522964478,60785,60795,10
12.985449791,80.251991272,60795,60845,50
12.985449791,80.251991272,60845,60855,10
12.985619545,80.2519378662,60855,60865,10
12.9861402512,80.2518234253,60865,60875,10
12.9868402481,80.2516403198,60875,60886,11
12.9875402451,80.2514190674,60886,60896,10
12.9879398346,80.2515792847,60896,60906,10
12.9880800247,80.2521591187,60906,60916,10
12.9880800247,80.2523193359,60916,60926,10
12.9880199432,80.2528076172,60926,60936,10
12.987950325,80.2534866333,60936,60946,10
12.9878702164,80.25415802,60946,60956,10
12.987830162,80.2547073364,60956,60966,10
12.9877901077,80.2551727295,60966,60976,10
12.987739563,80.255531311,60976,60986,10
12.9876804352,80.2559890747,60986,60997,11
12.9876098633,80.2565078735,60997,61007,10
12.9876203537,80.2565536499,61007,61017,10
12.9875898361,80.2567214966,61017,61027,10
12.9875802994,80.2570724487,61027,61037,10
12.9875402451,80.2576599121,61037,61047,10
12.9874897003,80.2583694458,61047,61057,10
12.9874000549,80.2590484619,61057,61067,10
12.9872102737,80.2596282959,61067,61108,41
12.9872102737,80.2596282959,61108,61118,10
12.9870300293,80.2596282959,61118,61128,10
12.9868402481,80.2595596313,61128,61138,10
12.9865598679,80.2595214844,61138,62076,938
12.9865598679,80.2595214844,62076,62086,10
12.9865398407,80.2594223022,62086,62096,10
12.9866800308,80.2591094971,62096,62147,51
12.9870595932,80.2591629028,62147,62177,30
12.9870595932,80.2591629028,62177,62187,10
12.9873399734,80.2592163086,62187,62197,10
12.9874000549,80.2589874268,62197,62207,10
12.9874296188,80.2584915161,62207,62218,11
12.9874696732,80.2580718994,62218,62228,10
12.9875097275,80.2577133179,62228,62238,10
12.9875202179,80.2573013306,62238,62329,91
12.9875202179,80.2573013306,62329,62339,10
12.9875497818,80.2569198608,62339,62349,10
12.9876003265,80.256401062,62349,62359,10
12.9876203537,80.2557983398,62359,62369,10
12.9877099991,80.2551803589,62369,62379,10
12.9877195358,80.2549819946,62379,62389,10
12.9877500534,80.2547912598,62389,62399,10
12.987830162,80.2541885376,62399,62409,10
12.9878797531,80.2533416748,62409,62419,10
12.9879398346,80.2520904541,62419,62621,202
12.9879398346,80.2520904541,62621,62631,10
12.9878702164,80.2518997192,62631,62641,10
12.9878196716,80.2517089844,62641,62651,10
12.9877700806,80.2515869141,62651,62662,11
12.9873399734,80.2515563965,62662,62672,10
12.986579895,80.251739502,62672,62682,10
12.9856300354,80.251991272,62682,62692,10
12.9845399857,80.2522964478,62692,62702,10
12.983420372,80.2526092529,62702,62712,10
12.9822597504,80.2527008057,62712,62722,10
12.9811201096,80.2527084351,62722,62732,10
12.9801797867,80.2527389526,62732,62742,10
12.9799098969,80.2522735596,62742,62762,20
12.9799098969,80.2522735596,62762,62773,11
12.9800195694,80.2519226074,62773,62783,10
12.9801797867,80.2514419556,62783,62793,10
12.9804000854,80.2507019043,62793,62803,10
12.980629921,80.2497634888,62803,62813,10
12.9807500839,80.2486419678,62813,62823,10
12.9808301926,80.2474822998,62823,62833,10
12.9809598923,80.2462692261,62833,62843,10
12.9810800552,80.245262146,62843,62853,10
12.9811897278,80.2439575195,62853,62863,10
12.9812803268,80.2436904907,62863,62873,10
12.9813499451,80.2435379028,62873,62884,11
12.9813404083,80.2433395386,62884,62894,10
12.9813499451,80.2430419922,62894,62903,9
12.9813604355,80.2430267334,62903,62914,11
12.9813499451,80.2429504395,62914,62924,10
12.9813804626,80.2425765991,62924,62934,10
12.9813699722,80.2420272827,62934,62944,10
12.9813699722,80.2413024902,62944,62954,10
12.9813604355,80.2405776978,62954,62964,10
12.9813604355,80.2400131226,62964,62974,10
12.9813404083,80.2395401001,62974,62984,10
12.9813203812,80.238861084,62984,62995,11
12.9813299179,80.2383880615,62995,63005,10
12.981300354,80.2380218506,63005,63015,10
12.9812898636,80.2378692627,63015,63025,10
12.9812803268,80.2376403809,63025,63035,10
12.9812803268,80.2370834351,63035,63045,10
12.9812602997,80.2362594604,63045,63055,10
12.9812297821,80.2354278564,63055,63065,10
12.9812002182,80.2349700928,63065,63075,10
12.9812202454,80.2345428467,63075,63085,10
12.9812898636,80.2341766357,63085,63095,10
12.981300354,80.2341537476,63095,63105,10
12.9813699722,80.2339172363,63105,63116,11
12.9814796448,80.2337112427,63116,63126,10
12.9815101624,80.2336425781,63126,63136,10
12.9816398621,80.2333831787,63136,63156,20
12.9816398621,80.2333831787,63156,63166,10
12.9817895889,80.2331008911,63166,63176,10
12.9819602966,80.2326278687,63176,63186,10
12.9820203781,80.2323379517,63186,63196,10
12.982000351,80.2321395874,63196,63206,10
12.9819898605,80.2317810059,63206,63216,10
12.9819097519,80.2313079834,63216,63227,11
12.9817399979,80.2308502197,63227,63237,10
12.9815101624,80.2303619385,63237,63247,10
12.9811000824,80.2296676636,63247,63257,10
12.980799675,80.2291717529,63257,63267,10
12.9806604385,80.2289962769,63267,63277,10
12.9806404114,80.2289428711,63277,63287,10
12.9804201126,80.2285995483,63287,63297,10
12.9802398682,80.2281799316,63297,63307,10
12.9799203873,80.2276382446,63307,63317,10
12.9795198441,80.2269668579,63317,63327,10
12.9791498184,80.226348877,63327,63338,11
12.9787502289,80.2256622314,63338,63348,10
12.9783802032,80.2250366211,63348,63358,10
12.9781799316,80.2247161865,63358,63368,10
12.9779596329,80.2244491577,63368,63378,10
12.9777202606,80.224067688,63378,63388,10
12.9773597717,80.2234802246,63388,63398,10
12.9769802094,80.2228622437,63398,63408,10
12.9766597748,80.2223510742,63408,63418,10
12.9763803482,80.2219085693,63418,63428,10
12.9761600494,80.2216033936,63428,63438,10
12.9757900238,80.2211380005,63438,63459,21
12.9757900238,80.2211380005,63459,63469,10
12.9755802155,80.2209777832,63469,63479,10
12.9753799438,80.2208099365,63479,63489,10
12.9755001068,80.2205734253,63489,63499,10
12.9756803513,80.2203598022,63499,63509,10
12.9760904312,80.2201385498,63509,63519,10
12.9767503738,80.2198486328,63519,63529,10
12.9775104523,80.2195510864,63529,63539,10
12.9783601761,80.2192230225,63539,63549,10
12.9789104462,80.21900177,63549,63560,11
12.9796600342,80.2186965942,63560,63570,10
12.9803695679,80.218421936,63570,63580,10
12.9812002182,80.218132019,63580,63590,10
12.9821195602,80.2179107666,63590,63600,10
12.9826602936,80.2179031372,63600,63610,10
12.9832496643,80.2178878784,63610,63620,10
12.9837598801,80.217880249,63620,63630,10
12.9837799072,80.217880249,63630,63640,10
12.9841804504,80.217880249,63640,63650,10
12.9847698212,80.217880249,63650,63660,10
12.9855604172,80.2179107666,63660,63671,11
12.9865598679,80.218132019,63671,63681,10
12.9874000549,80.2182693481,63681,63701,20
12.9874000549,80.2182693481,63701,63711,10
12.9876203537,80.2183532715,63711,63727,16
12.988530159,80.2185821533,63727,63739,12
12.9894800186,80.2188873291,63739,63747,8
12.9902000427,80.2191390991,63747,63759,12
12.9913797379,80.2194824219,63759,63769,10
12.9921503067,80.2192230225,63769,63779,10
12.9928998947,80.2186431885,63779,63790,11
12.9936504364,80.2180175781,63790,63799,9
12.9942598343,80.217590332,63799,63810,11
12.9948997498,80.2171173096,63810,63820,10
12.995639801,80.2167434692,63820,63830,10
12.9964799881,80.2165374756,63830,63840,10
12.996919632,80.2164916992,63840,63850,10
12.9971504211,80.216468811,63850,63860,10
12.9972696304,80.2164382935,63860,63870,10
12.9975404739,80.2161331177,63870,63891,21
12.9975404739,80.2161331177,63891,63901,10
12.9977302551,80.2160263062,63901,63911,10
12.998000145,80.2157669067,63911,63921,10
12.9984302521,80.2153701782,63921,63931,10
12.9989995956,80.2148590088,63931,63941,10
12.9992704391,80.2146224976,63941,63951,10
12.9996404648,80.214302063,63951,63961,10
13.0001001358,80.2139434814,63961,63971,10
13.0004901886,80.2135696411,63971,63981,10
13.0009698868,80.2131118774,63981,63991,10
13.0014896393,80.2127380371,63991,64002,11
13.0022201538,80.2123184204,64002,64012,10
13.0029001236,80.2121276855,64012,64022,10
13.0036001205,80.2119903564,64022,64042,20
13.0036001205,80.2119903564,64042,64052,10
13.0037202835,80.2118682861,64052,64062,10
13.0037202835,80.211517334,64062,64072,10
13.0036697388,80.2109680176,64072,64082,10
13.0036001205,80.2104187012,64082,64092,10
13.0035400391,80.2098617554,64092,64102,10
13.0036001205,80.2092895508,64102,64113,11
13.0038404465,80.2086791992,64113,64123,10
13.0045404434,80.2089004517,64123,64133,10
13.0051803589,80.2091903687,64133,64143,10
13.0055999756,80.2093887329,64143,64183,40
13.0055999756,80.2093887329,64183,64193,10
13.0059604645,80.2095108032,64193,64203,10
13.0062303543,80.2095870972,64203,64223,20
13.0062303543,80.2095870972,64223,64234,11
13.0065002441,80.2096633911,64234,64244,10
13.0068702698,80.2097625732,64244,64254,10
13.0074396133,80.2098388672,64254,64274,20
13.0074396133,80.2098388672,64274,64284,10
13.0075302124,80.2098617554,64284,64294,10
13.0078496933,80.2099380493,64294,64304,10
13.0082197189,80.2099075317,64304,64314,10
13.0080900192,80.2093963623,64314,64324,10
13.0079698563,80.2087478638,64324,64334,10
13.0078496933,80.2079772949,64334,64345,11
13.0077199936,80.2072372437,64345,64355,10
13.0076198578,80.206703186,64355,64365,10
13.0075597763,80.2060394287,64365,64375,10
13.007519722,80.2052993774,64375,64385,10
13.007519722,80.2045669556,64385,64395,10
13.0074701309,80.2038269043,64395,64405,10
13.0072898865,80.2028808594,64405,64415,10
13.0066003799,80.2027587891,64415,64425,10
13.0067396164,80.203338623,64425,64435,10
13.0072803497,80.2036209106,64435,64452,17
13.0086202621,80.2037200928,64452,64464,12
13.0099802017,80.20362854,64464,64474,10
13.0112400055,80.2036819458,64474,64484,10
13.0125398636,80.2038879395,64484,64494,10
13.0133495331,80.2040634155,64494,64504,10
13.0137796402,80.2042236328,64504,64513,9
13.0142803192,80.2043609619,64513,64524,11
13.0148801804,80.2045593262,64524,64533,9
13.0149497986,80.2046737671,64533,64545,12
13.0150499344,80.2047119141,64545,64555,10
13.0154399872,80.2047195435,64555,64565,10
13.0158996582,80.2049331665,64565,64576,11
13.0161600113,80.2050476074,64576,64586,10
13.0164604187,80.2051010132,64586,64596,10
13.0166597366,80.2052001953,64596,64606,10
13.0167798996,80.2052307129,64606,64616,10
13.0173301697,80.2054595947,64616,64626,10
13.0178003311,80.2056274414,64626,64636,10
13.0185804367,80.205871582,64636,64656,20
13.0185804367,80.205871582,64656,64666,10
13.0188598633,80.2060012817,64666,64677,11
13.0194301605,80.2061691284,64677,64687,10
13.0201997757,80.2062683105,64687,64697,10
13.0210199356,80.2062835693,64697,64707,10
13.0219602585,80.2062683105,64707,64717,10
13.0227603912,80.2064819336,64717,64727,10
13.0235004425,80.2066192627,64727,64737,10
13.0240898132,80.2066574097,64737,64747,10
13.0242795944,80.206703186,64747,64757,10
13.0244197845,80.206703186,64757,64767,10
13.0248403549,80.2068023682,64767,64777,10
13.0257501602,80.2071685791,64777,64798,21
13.0257501602,80.2071685791,64798,64808,10
13.0260400772,80.2073516846,64808,64818,10
13.0263204575,80.2075119019,64818,64828,10
13.0267801285,80.2077713013,64828,64838,10
13.0271997452,80.2080230713,64838,64848,10
13.0275497437,80.2082214355,64848,64858,10
13.0279397964,80.208442688,64858,64868,10
13.028169632,80.2085189819,64868,64878,10
13.0286502838,80.2086791992,64878,64939,61
13.0286502838,80.2086791992,64939,64949,10
13.0289001465,80.2087020874,64949,64959,10
13.0291099548,80.2087402344,64959,64969,10
13.0293703079,80.2088088989,64969,64979,10
13.029589653,80.2088623047,64979,64989,10
13.0297498703,80.2089004517,64989,64999,10
13.0300598145,80.2089767456,64999,65010,11
13.0306196213,80.2091674805,65010,65020,10
13.0313396454,80.2093505859,65020,65030,10
13.0315999985,80.2093887329,65030,65040,10
13.0316696167,80.2093887329,65040,65050,10
13.0320301056,80.2095108032,65050,65060,10
13.0326499939,80.2096328735,65060,65070,10
13.0333900452,80.2098007202,65070,65080,10
13.0342998505,80.2099533081,65080,65090,10
13.0350103378,80.2101211548,65090,65100,10
13.0350198746,80.2105865479,65100,65110,10
13.0349798203,80.2113800049,65110,65141,31
13.0349798203,80.2113800049,65141,65151,10
13.0349502563,80.2114715576,65151,65161,10
13.0348901749,80.2118835449,65161,65171,10
13.0350999832,80.2122192383,65171,65181,10
13.0356702805,80.2122802734,65181,65191,10
13.0364103317,80.2123031616,65191,65201,10
13.0370397568,80.2122879028,65201,65211,10
13.0377597809,80.2123184204,65211,65221,10
13.0386199951,80.2122879028,65221,65232,11
13.0396003723,80.2122573853,65232,65242,10
13.0407600403,80.2122421265,65242,65252,10
13.0418395996,80.2122573853,65252,65262,10
13.0424499512,80.2122802734,65262,65373,111
13.0424499512,80.2122802734,65373,65383,10
13.042719841,80.212272644,65383,65393,10
13.043129921,80.2122573853,65393,65403,10
13.0435199738,80.2122421265,65403,65413,10
13.043970108,80.2122497559,65413,65423,10
13.0444202423,80.2122421265,65423,65433,10
13.0449199677,80.2122573853,65433,65443,10
13.0455703735,80.2122268677,65443,65454,11
13.0462799072,80.2122192383,65454,65463,9
13.0468997955,80.2122192383,65463,65474,11
13.047539711,80.2121582031,65474,65484,10
13.0480203629,80.2121124268,65484,65494,10
13.0483598709,80.2120895386,65494,65504,10
13.048740387,80.2119979858,65504,65514,10
13.0487604141,80.2119979858,65514,65524,10
13.0489397049,80.2119827271,65524,65534,10
13.0494804382,80.2119369507,65534,65544,10
13.0498600006,80.2118835449,65544,65554,10
13.0500497818,80.2118835449,65554,65565,11
13.0502300262,80.2119064331,65565,65575,10
13.0505104065,80.2119827271,65575,65585,10
13.050909996,80.2119598389,65585,65594,9
13.0518398285,80.2119216919,65594,65605,11
13.0529899597,80.2117385864,65605,65615,10
13.0540895462,80.2114868164,65615,65635,20
13.0540895462,80.2114868164,65635,65645,10
13.054309845,80.2115020752,65645,65655,10
13.0545797348,80.2114562988,65655,65665,10
13.054980278,80.2114868164,65665,65676,11
13.055729866,80.2115020752,65676,65686,10
13.0565500259,80.2114715576,65686,65696,10
13.0575895309,80.2114181519,65696,65716,20
13.0575895309,80.2114181519,65716,65726,10
13.0577297211,80.21144104,65726,65736,10
13.0582103729,80.2114181519,65736,65746,10
13.0589599609,80.2114486694,65746,65756,10
13.059800148,80.211517334,65756,65766,10
13.0607700348,80.2115707397,65766,65776,10
13.0618000031,80.2115936279,65776,65786,10
13.0627803802,80.2116012573,65786,65803,17
13.0631999969,80.2115325928,65803,65815,12
13.0635099411,80.2115402222,65815,65825,10
13.0638999939,80.2115020752,65825,65835,10
13.0646896362,80.2112808228,65835,65844,9
13.0654497147,80.2108230591,65844,65854,10
13.0662498474,80.2101821899,65854,65865,11
13.0670499802,80.2093811035,65865,65877,12
13.0673398972,80.2088165283,65877,65887,10
13.0673704147,80.208732605,65887,65897,10
13.0675802231,80.2084121704,65897,65908,11
13.0679998398,80.2077407837,65908,65918,10
13.0684700012,80.2070617676,65918,65928,10
13.0689601898,80.2063064575,65928,65938,10
13.0694198608,80.2055892944,65938,65948,10
13.0696496964,80.2051391602,65948,65958,10
13.0696697235,80.2049331665,65958,65967,9
13.0693998337,80.2048797607,65967,65978,11
13.0691604614,80.2052307129,65978,65988,10
13.0688199997,80.2053985596,65988,65998,10
13.0685997009,80.2052001953,65998,66008,10
13.0683898926,80.2052230835,66008,66019,11
13.0680999756,80.2052230835,66019,66767,748
13.0680999756,80.2052230835,66767,66777,10
13.0680799484,80.2050094604,66777,66787,10
13.0683603287,80.2050018311,66787,66798,11
13.0688295364,80.2048187256,66798,66808,10
13.069319725,80.2048110962,66808,66818,10
13.0697803497,80.2049713135,66818,66868,50
13.0697803497,80.2049713135,66868,66878,10
13.0698604584,80.2050704956,66878,66888,10
13.0697603226,80.2053985596,66888,66898,10
13.069439888,80.2058792114,66898,66909,11
13.068980217,80.2065963745,66909,66919,10
13.0685195923,80.2073287964,66919,66929,10
13.0680704117,80.2080383301,66929,66939,10
13.067700386,80.2086715698,66939,66949,10
13.0673303604,80.2092590332,66949,66959,10
13.0668401718,80.2098999023,66959,66969,10
13.0661296844,80.2104721069,66969,66979,10
13.0654401779,80.2110366821,66979,66989,10
13.0650396347,80.2113189697,66989,66999,10
13.065030098,80.2113418579,66999,67009,10
13.0649003983,80.2114181519,67009,67020,11
13.0644197464,80.2116317749,67020,67030,10
13.0638399124,80.2117462158,67030,67040,10
13.0632400513,80.2117919922,67040,67050,10
13.0625696182,80.2118377686,67050,67060,10
13.0619297028,80.2118377686,67060,67070,10
13.0610799789,80.2118301392,67070,67080,10
13.0601596832,80.211769104,67080,67090,10
13.0592403412,80.2117233276,67090,67100,10
13.0584402084,80.2117004395,67100,67110,10
13.0577001572,80.2116622925,67110,67120,10
13.056810379,80.2116394043,67120,67131,11
13.0557203293,80.2116394043,67131,67141,10
13.0547800064,80.2116317749,67141,67151,10
13.0540800095,80.2117004395,67151,67161,10
13.0533504486,80.2118606567,67161,67171,10
13.0529003143,80.2119674683,67171,67181,10
13.0526399612,80.2120513916,67181,67190,9
13.0525302887,80.2120666504,67190,67201,11
13.052359581,80.2121124268,67201,67211,10
13.052189827,80.2121582031,67211,67221,10
13.0519800186,80.2122192383,67221,67231,10
13.0516796112,80.2122573853,67231,67242,11
13.0510597229,80.2122268677,67242,67252,10
13.0501003265,80.2122421265,67252,67373,121
13.0501003265,80.2122421265,67373,67383,10
13.049779892,80.2121887207,67383,67393,10
13.0495100021,80.2122421265,67393,67423,30
13.0495100021,80.2122421265,67423,67433,10
13.0492200851,80.2121963501,67433,67443,10
13.0488901138,80.2122192383,67443,67453,10
13.0484199524,80.2122573853,67453,67464,11
13.0476903915,80.2123336792,67464,67474,10
13.0468797684,80.2123718262,67474,67484,10
13.0460395813,80.2124023438,67484,67494,10
13.0451202393,80.2124633789,67494,67645,151
13.0451202393,80.2124633789,67645,67655,10
13.0448799133,80.2124633789,67655,67665,10
13.0445604324,80.2124710083,67665,67675,10
13.0441198349,80.2124786377,67675,67686,11
13.0431900024,80.2124023438,67686,67696,10
13.0423002243,80.2123718262,67696,67706,10
13.0413799286,80.2124328613,67706,67716,10
13.0402498245,80.2124786377,67716,67726,10
13.0391302109,80.2124176025,67726,67736,10
13.0382404327,80.2124633789,67736,67746,10
13.0377998352,80.2125091553,67746,67833,87
13.0377998352,80.2125091553,67833,67845,12
13.0373497009,80.2125091553,67845,67853,8
13.0368795395,80.2124786377,67853,67865,12
13.0360898972,80.2124404907,67865,67875,10
13.0354604721,80.212387085,67875,67885,10
13.034910202,80.2123184204,67885,67895,10
13.0342702866,80.2121963501,67895,67926,31
13.0342702866,80.2121963501,67926,67936,10
13.0338802338,80.2121200562,67936,67946,10
13.0334796906,80.2120513916,67946,67957,11
13.0328197479,80.2119293213,67957,67967,10
13.0321397781,80.211807251,67967,67977,10
13.0319595337,80.2113418579,67977,67987,10
13.0319900513,80.2107162476,67987,67997,10
13.0320796967,80.210067749,67997,68007,10
13.0320396423,80.2097320557,68007,68018,11
13.0316095352,80.209602356,68018,68028,10
13.0307502747,80.2093582153,68028,68048,20
13.0307502747,80.2093582153,68048,68058,10
13.0304298401,80.2092514038,68058,68068,10
13.0297298431,80.2090377808,68068,68088,20
13.0297298431,80.2090377808,68088,68098,10
13.0293998718,80.2089233398,68098,68108,10
13.0287799835,80.2087936401,68108,68118,10
13.0279598236,80.2085418701,68118,68129,11
13.0270795822,80.2080688477,68129,68139,10
13.0261697769,80.2075195313,68139,68148,9
13.0252199173,80.2071533203,68148,68159,11
13.0242595673,80.2069778442,68159,68169,10
13.0241804123,80.2069625854,68169,68179,10
13.0238399506,80.206817627,68179,68189,10
13.0234298706,80.2067108154,68189,68199,10
13.0226402283,80.2065505981,68199,68209,10
13.0220003128,80.2064819336,68209,68219,10
13.0213699341,80.2064819336,68219,68229,10
13.0205602646,80.2064819336,68229,68240,11
13.0195198059,80.2064590454,68240,68250,10
13.0190401077,80.2063827515,68250,68260,10
13.0189695358,80.2063522339,68260,68270,10
13.0185604095,80.2062225342,68270,68280,10
13.0179004669,80.2060165405,68280,68290,10
13.0174198151,80.2058105469,68290,68299,9
13.0170602798,80.2056503296,68299,68310,11
13.0168504715,80.2054595947,68310,68320,10
13.0161304474,80.2052230835,68320,68330,10
13.0154304504,80.2050323486,68330,68340,10
13.0147199631,80.2048187256,68340,68350,10
13.0143299103,80.2046737671,68350,68361,11
13.0141897202,80.2046432495,68361,68371,10
13.013879776,80.204536438,68371,68381,10
13.0135698318,80.204536438,68381,68391,10
13.013469696,80.2048416138,68391,68401,10
13.0133495331,80.2053375244,68401,68411,10
13.0131998062,80.2059020996,68411,68421,10
13.0130500793,80.2067184448,68421,68431,10
13.012960434,80.2074584961,68431,68441,10
13.0128898621,80.2079086304,68441,68451,10
13.0128602982,80.2082977295,68451,68461,10
13.0128602982,80.2086486816,68461,68472,11
13.0129203796,80.2092132568,68472,68482,10
13.0131502151,80.2097167969,68482,68492,10
13.0131797791,80.2100524902,68492,68502,10
13.0130796432,80.2107086182,68502,68512,10
13.0129203796,80.2111968994,68512,68522,10
13.0126495361,80.2116775513,68522,68532,10
13.0122699738,80.212310791,68532,68542,10
13.0119495392,80.2127304077,68542,68552,10
13.0117197037,80.2128067017,68552,68562,10
13.0114097595,80.2125930786,68562,68572,10
13.0109195709,80.2122192383,68572,68583,11
13.01060009,80.2119674683,68583,68593,10
13.0102396011,80.2117080688,68593,68633,40
13.0099601746,80.2114562988,68633,68694,61
13.0096197128,80.2112503052,68694,68734,40
13.0096197128,80.2112503052,68734,68744,10
13.0092401505,80.2112503052,68744,68754,10
13.0091104507,80.2114105225,68754,68764,10
13.0090198517,80.2116317749,68764,68774,10
13.0091400146,80.2121124268,68774,68784,10
13.0093402863,80.2127304077,68784,68794,10
13.0095796585,80.2133407593,68794,68805,11
13.0098800659,80.2141036987,68805,68815,10
13.0101203918,80.2147979736,68815,68825,10
13.0102300644,80.2155990601,68825,68835,10
13.0105400085,80.2164001465,68835,68845,10
13.0109300613,80.2172470093,68845,68855,10
13.011300087,80.218132019,68855,68865,10
13.0116100311,80.2190475464,68865,68875,10
13.0119495392,80.2200317383,68875,68885,10
13.0122995377,80.2210235596,68885,68895,10
13.0126199722,80.2216491699,68895,68905,10
13.0129003525,80.222038269,68905,68916,11
13.0133399963,80.2225799561,68916,68926,10
13.0137500763,80.2230606079,68926,68936,10
13.0140104294,80.223487854,68936,68946,10
13.0143203735,80.2238922119,68946,68956,10
13.0147895813,80.2244262695,68956,68966,10
13.015250206,80.2249832153,68966,68976,10
13.0154695511,80.2253875732,68976,68986,10
13.0154600143,80.2255630493,68986,68996,10
13.0153198242,80.2258377075,68996,69006,10
13.0148601532,80.2260665894,69006,69016,10
13.0141801834,80.2263183594,69016,69027,11
13.013299942,80.2266387939,69027,69036,9
13.0125598907,80.2269592285,69036,69047,11
13.0115699768,80.2273101807,69047,69057,10
13.0105495453,80.2276611328,69057,69067,10
13.0096597672,80.2279434204,69067,69077,10
13.0095500946,80.2274703979,69077,69087,10
13.0097904205,80.2269515991,69087,69097,10
13.0100698471,80.2263412476,69097,69107,10
13.0102500916,80.2259521484,69107,69117,10
13.0102701187,80.2258987427,69117,69127,10
13.0103998184,80.2256164551,69127,69138,11
13.0105895996,80.2252426147,69138,69218,80
13.0105895996,80.2252426147,69218,69228,10
13.0106801987,80.2248687744,69228,69238,10
13.0107402802,80.2246627808,69238,69249,11
13.010890007,80.2241897583,69249,69259,10
13.0111198425,80.2236862183,69259,69269,10
13.0112104416,80.2234115601,69269,69279,10
13.011059761,80.2231826782,69279,69289,10
13.0107603073,80.2230224609,69289,69299,10
13.0103902817,80.2228317261,69299,69309,10
13.0098695755,80.2225418091,69309,69319,10
13.0092201233,80.2221679688,69319,69329,10
13.0085296631,80.2218017578,69329,69339,10
13.0077600479,80.2213973999,69339,69349,10
13.0070199966,80.220993042,69349,69360,11
13.0060997009,80.2206420898,69360,69370,10
13.0053596497,80.2204818726,69370,69380,10
13.0047502518,80.2203369141,69380,69390,10
13.0041999817,80.220199585,69390,69400,10
13.0036001205,80.2200317383,69400,69410,10
13.0032100677,80.2199478149,69410,69460,50
13.0028400421,80.219833374,69460,69501,41
13.0028400421,80.219833374,69501,69511,10
13.0025596619,80.2196731567,69511,69521,10
13.0022602081,80.2193984985,69521,69531,10
13.0019598007,80.2190628052,69531,69541,10
13.0017700195,80.2188110352,69541,69582,41
13.0016403198,80.2186965942,69582,69632,50
13.0016403198,80.2186965942,69632,69642,10
13.0012998581,80.218460083,69642,69672,30
13.0012998581,80.218460083,69672,69682,10
13.0010404587,80.2182769775,69682,69693,11
13.0009403229,80.218208313,69693,69703,10
13.0007095337,80.2180633545,69703,69713,10
13.00041008,80.217880249,69713,69723,10
13.0002202988,80.2177734375,69723,69804,81
12.999879837,80.2175598145,69804,69834,30
12.999540329,80.2173309326,69834,69854,20
12.999540329,80.2173309326,69854,69864,10
12.9993000031,80.2172012329,69864,69874,10
12.9989204407,80.2170333862,69874,69884,10
12.9987697601,80.2169570923,69884,69894,10
12.998550415,80.2168579102,69894,69904,10
12.9982595444,80.2167510986,69904,69945,41
12.9982595444,80.2167510986,69945,69955,10
12.9979600906,80.2166290283,69955,69985,30
12.9979600906,80.2166290283,69985,69995,10
12.9975996017,80.2165908813,69995,70005,10
12.9975404739,80.2165374756,70005,70015,10
12.9974002838,80.2165374756,70015,70026,11
12.9971504211,80.2165679932,70026,70036,10
12.9968299866,80.216583252,70036,70046,10
12.9966096878,80.2165908813,70046,70056,10
12.9964199066,80.2165985107,70056,70066,10
12.9961204529,80.2166366577,70066,70086,20
12.9961204529,80.2166366577,70086,70096,10
12.9957304001,80.2167282104,70096,70106,10
12.9957103729,80.2167434692,70106,70116,10
12.9954099655,80.2168579102,70116,70126,10
12.9952602386,80.2169418335,70126,70136,10
12.9951295853,80.2170181274,70136,70147,11
12.9948797226,80.2171936035,70147,70157,10
12.9947004318,80.2173233032,70157,70167,10
12.9944896698,80.2174606323,70167,70177,10
12.9942903519,80.2176132202,70177,70187,10
12.9942798615,80.2176132202,70187,70197,10
12.9939603806,80.2178268433,70197,70207,10
12.993639946,80.2180709839,70207,70217,10
12.9930095673,80.2185211182,70217,70219,2
12.9930095673,80.2185211182,70219,70266,47
12.9904603958,80.2193069458,70266,70276,10
12.9896402359,80.2190170288,70276,70286,10
12.9887599945,80.2186965942,70286,70296,10
12.9878396988,80.2184829712,70296,70306,10
12.9870595932,80.2183380127,70306,70316,10
12.9868202209,80.2182769775,70316,70326,10
12.9866695404,80.2182388306,70326,70336,10
12.9862003326,80.2181396484,70336,70347,11
12.9853401184,80.2179794312,70347,70359,12
12.984290123,80.2179794312,70359,70370,11
12.9839000702,80.2180023193,70370,70380,10
12.9837703705,80.2180023193,70380,70390,10
12.9833498001,80.2180023193,70390,70396,6
12.9830198288,80.2180023193,70396,70410,14
12.982339859,80.2180328369,70410,70420,10
12.9821500778,80.2180099487,70420,70430,10
12.9818601608,80.2180023193,70430,70440,10
12.981300354,80.2181472778,70440,70450,10
12.9805402756,80.2183609009,70450,70460,10
12.9797496796,80.2186508179,70460,70470,10
12.9789800644,80.218963623,70470,70481,11
12.9784803391,80.2191390991,70481,70504,23
12.976849556,80.2198104858,70504,70516,12
12.975810051,80.2202987671,70516,70526,10
12.9755001068,80.2206726074,70526,70545,19
12.9755001068,80.2206726074,70545,70556,11
12.9755802155,80.2209701538,70556,70566,10
12.9757995605,80.2211837769,70566,70608,42
12.9757995605,80.2211837769,70608,70618,10
12.9758901596,80.2212905884,70618,70628,10
12.9760398865,80.2214889526,70628,70638,10
12.9761896133,80.2216796875,70638,70648,10
12.9763402939,80.221862793,70648,70688,40
12.9763402939,80.221862793,70688,70699,11
12.9763803482,80.2220535278,70699,70709,10
12.976559639,80.2223434448,70709,70719,10
12.9768104553,80.2227172852,70719,70729,10
12.9770097733,80.2230606079,70729,70739,10
12.9773597717,80.2236099243,70739,70749,10
12.9777898788,80.2242965698,70749,70759,10
12.9781999588,80.2249603271,70759,70769,10
12.9785804749,80.2255706787,70769,70779,10
12.978969574,80.2262115479,70779,70789,10
12.9793901443,80.2269134521,70789,70799,10
12.9798202515,80.2276229858,70799,70810,11
12.9802103043,80.2282562256,70810,70820,10
12.9805603027,80.2288894653,70820,70830,10
12.9808397293,80.2293624878,70830,70840,10
12.9811296463,80.2298431396,70840,70850,10
12.9814996719,80.2303619385,70850,70860,10
12.9816102982,80.2305297852,70860,70870,10
12.9816303253,80.2305603027,70870,70880,10
12.9817895889,80.2309112549,70880,70890,10
12.9819498062,80.2314605713,70890,70900,10
12.982000351,80.2321014404,70900,70910,10
12.9819898605,80.2323684692,70910,70920,10
12.9819498062,80.2325515747,70920,70931,11
12.9819002151,80.2327804565,70931,70941,10
12.9818096161,80.2330322266,70941,70951,10
12.9818000793,80.2330627441,70951,70961,10
12.9817199707,80.2332611084,70961,70971,10
12.9816598892,80.2333831787,70971,70981,10
12.9816198349,80.2334671021,70981,70991,10
12.9815797806,80.2335586548,70991,71001,10
12.9814100266,80.2338867188,71001,71011,10
12.9811897278,80.2344589233,71011,71020,9
12.9811601639,80.2351913452,71020,71031,11
12.9811897278,80.2360229492,71031,71042,11
12.9812097549,80.2369613647,71042,71051,9
12.9812402725,80.2377166748,71051,71062,11
12.9812602997,80.2387008667,71062,71082,20
12.9812602997,80.2387008667,71082,71092,10
12.9812498093,80.2389984131,71092,71102,10
12.9812498093,80.2392578125,71102,71112,10
12.9812402725,80.2393798828,71112,71122,10
12.9812498093,80.2395629883,71122,71132,10
12.9812602997,80.2399215698,71132,71142,10
12.9812803268,80.2404403687,71142,71153,11
12.9812898636,80.2409667969,71153,71163,10
12.9812803268,80.2415466309,71163,71173,10
12.9812898636,80.2421188354,71173,71183,10
12.981300354,80.2423171997,71183,71193,10
12.9813098907,80.2425613403,71193,71203,10
12.981300354,80.2427597046,71203,71213,10
12.981300354,80.2428283691,71213,71223,10
12.981300354,80.2429428101,71223,71233,10
12.981300354,80.2433624268,71233,71243,10
12.9812297821,80.2440490723,71243,71253,10
12.9811296463,80.2449417114,71253,71264,11
12.9810199738,80.2460708618,71264,71280,16
12.9808502197,80.2479019165,71280,71292,12
12.9807195663,80.2492370605,71292,71302,10
12.9805898666,80.2500762939,71302,71312,10
12.9802999496,80.2512283325,71312,71322,10
12.9800796509,80.2521209717,71322,71332,10
12.9800395966,80.2524032593,71332,71351,19
12.9800395966,80.2524032593,71351,71362,11
12.9801797867,80.2526016235,71362,71373,11
12.9805898666,80.2526779175,71373,71382,9
12.9811296463,80.2526626587,71382,71393,11
12.9820299149,80.2526397705,71393,71403,10
12.9829702377,80.2526016235,71403,71413,10
12.9839096069,80.2524185181,71413,71423,10
12.9847898483,80.2521820068,71423,71433,10
12.9853096008,80.2519989014,71433,71514,81
12.9853096008,80.2519989014,71514,71524,10
12.9857797623,80.2518386841,71524,71675,151
12.9857797623,80.2518386841,71675,71685,10
12.9858798981,80.2516937256,71685,71695,10
12.986289978,80.2516403198,71695,71706,11
12.9868202209,80.2515411377,71706,71715,9
12.9872102737,80.2514419556,71715,71726,11
12.9876203537,80.2513809204,71726,71736,10
12.9878501892,80.2515106201,71736,71746,10
12.9879102707,80.2517776489,71746,71756,10
12.9879398346,80.2519378662,71756,71766,10
12.9879598618,80.2521209717,71766,71776,10
12.9879598618,80.252532959,71776,71786,10
12.9878997803,80.2531661987,71786,71796,10
12.9878196716,80.2538604736,71796,71806,10
12.9877500534,80.2545623779,71806,71817,11
12.9876699448,80.2552566528,71817,71907,90
12.9875802994,80.2552719116,71907,71948,41
12.9875802994,80.2552719116,71948,71958,10
12.9876003265,80.2554779053,71958,71968,10
12.9875602722,80.255859375,71968,71978,10
12.9874897003,80.2563476563,71978,71988,10
12.9874401093,80.2567596436,71988,71998,10
12.9874095917,80.2573776245,71998,72008,10
12.9873399734,80.258140564,72008,72018,10
12.9872903824,80.2588195801,72018,72028,10
12.9871997833,80.2593917847,72028,72069,41
12.9871997833,80.2593917847,72069,72079,10
12.9871101379,80.2596664429,72079,72089,10
12.9869604111,80.2596206665,72089,72099,10
12.986700058,80.2595672607,72099,72109,10
12.986579895,80.2593383789,72109,72331,222
12.9866104126,80.2591323853,72331,72392,61
12.9866104126,80.2591323853,72392,72402,10
12.9868602753,80.2591018677,72402,72462,60
12.987039566,80.2591934204,72462,72876,414
12.987039566,80.2591934204,72876,72886,10
12.9872703552,80.2588882446,72886,72896,10
12.9872703552,80.2588119507,72896,72906,10
12.9872999191,80.2585601807,72906,72916,10
12.9872999191,80.258392334,72916,72926,10
12.9873199463,80.2581787109,72926,72937,11
12.9873600006,80.2579498291,72937,72947,10
12.9874095917,80.2573623657,72947,72957,10
12.9874897003,80.256690979,72957,73108,151
12.9874897003,80.256690979,73108,73118,10
12.9875001907,80.2563018799,73118,73128,10
12.9875202179,80.2559967041,73128,73138,10
12.9875802994,80.2557220459,73138,73148,10
12.9876403809,80.2551879883,73148,73159,11
12.9876499176,80.2548904419,73159,73169,10
12.9876804352,80.2545471191,73169,73179,10
12.987739563,80.2539291382,73179,73189,10
12.9878196716,80.2531280518,73189,73199,10
12.9878902435,80.252281189,73199,73209,10
12.9877796173,80.2518463135,73209,73229,20
12.9877796173,80.2518463135,73229,73239,10
12.9876203537,80.2516174316,73239,73249,10
12.9871196747,80.251663208,73249,73259,10
12.9865598679,80.2517929077,73259,73270,11
12.9857902527,80.251953125,73270,73280,10
12.9848203659,80.2521972656,73280,73290,10
12.9838695526,80.2524795532,73290,73300,10
12.98279953,80.2526779175,73300,73310,10
12.9817199707,80.2527236938,73310,73320,10
12.980799675,80.2527389526,73320,73330,10
12.9798603058,80.2527618408,73330,73370,40
12.9798603058,80.2527618408,73370,73381,11
12.9797697067,80.2526321411,73381,73391,10
12.9798402786,80.2523498535,73391,73421,30
12.9798402786,80.2523498535,73421,73431,10
12.9799404144,80.2521362305,73431,73441,10
12.979929924,80.2519226074,73441,73451,10
12.9800701141,80.2515563965,73451,73461,10
12.9802503586,80.2509384155,73461,73471,10
12.9804601669,80.2501373291,73471,73481,10
12.9806604385,80.249168396,73481,73492,11
12.9807500839,80.2479324341,73492,73502,10
12.9808397293,80.2467727661,73502,73512,10
12.9809703827,80.24559021,73512,73522,10
12.9811000824,80.244468689,73522,73532,10
12.9811496735,80.2437973022,73532,73542,10
12.9812698364,80.2435302734,73542,73552,10
12.9812698364,80.2434005737,73552,73562,10
12.9812803268,80.242980957,73562,73582,20
12.9812803268,80.242980957,73582,73592,10
12.981300354,80.2428436279,73592,73603,11
12.981300354,80.2426605225,73603,73613,10
12.981300354,80.24243927,73613,73623,10
12.9812898636,80.2421188354,73623,73633,10
12.9812898636,80.2415618896,73633,73643,10
12.9812898636,80.2408294678,73643,73653,10
12.9812803268,80.2400894165,73653,73663,10
12.9812602997,80.2394714355,73663,73673,10
12.9812402725,80.2390365601,73673,73683,10
12.9812002182,80.2382583618,73683,73693,10
12.9812002182,80.2382583618,73693,73703,10
12.9811897278,80.2378234863,73703,73714,11
12.9811897278,80.237739563,73714,73724,10
12.981180191,80.2374191284,73724,73734,10
12.9811697006,80.2368469238,73734,73744,10
12.9811601639,80.236076355,73744,73754,10
12.9811296463,80.2352294922,73754,73765,11
12.981180191,80.2342605591,73765,73774,9
12.9815797806,80.2333297729,73774,73795,21
12.9815797806,80.2333297729,73795,73805,10
12.9816904068,80.2331619263,73805,73815,10
12.9818601608,80.2327575684,73815,73826,11
12.9819402695,80.232421875,73826,73836,10
12.9819602966,80.2322769165,73836,73846,10
12.9819297791,80.2320022583,73846,73856,10
12.9819202423,80.2316436768,73856,73866,10
12.9819002151,80.2313995361,73866,73876,10
12.9817695618,80.2309799194,73876,73886,10
12.9816198349,80.2306213379,73886,73896,10
12.9813203812,80.230140686,73896,73906,10
12.9809799194,80.229598999,73906,73916,10
12.9807901382,80.2293167114,73916,73926,10
12.9806604385,80.2291183472,73926,73947,21
12.9806604385,80.2291183472,73947,73957,10
12.9805498123,80.2288970947,73957,73967,10
12.9803304672,80.2285690308,73967,73977,10
12.9801502228,80.2281570435,73977,73986,9
12.9799003601,80.2276992798,73986,73997,11
12.9794998169,80.2270507813,73997,74007,10
12.9790802002,80.2263565063,74007,74017,10
12.9786596298,80.2256774902,74017,74027,10
12.9783802032,80.2252120972,74027,74037,10
12.9781103134,80.2247695923,74037,74048,11
12.9779596329,80.2245788574,74048,74058,10
12.9778003693,80.2243499756,74058,74068,10
12.9775800705,80.2240066528,74068,74078,10
12.977350235,80.2236785889,74078,74088,10
12.9771499634,80.2233581543,74088,74098,10
12.9770402908,80.2231521606,74098,74108,10
12.9769296646,80.2229614258,74108,74118,10
12.9767999649,80.2227478027,74118,74128,10
12.9766197205,80.2224502563,74128,74138,10
12.9764204025,80.2221221924,74138,74148,10
12.9762296677,80.2218322754,74148,74159,11
12.9760398865,80.2215194702,74159,74169,10
12.9757995605,80.2212371826,74169,74219,50
12.9757995605,80.2212371826,74219,74229,10
12.975520134,80.2209472656,74229,74239,10
12.9753704071,80.2208023071,74239,74249,10
12.9753103256,80.2205963135,74249,74270,21
12.9753103256,80.2205963135,74270,74280,10
12.9754695892,80.2204818726,74280,74290,10
12.9756402969,80.2203292847,74290,74300,10
12.9760904312,80.220123291,74300,74310,10
12.9767198563,80.2198410034,74310,74320,10
12.9774799347,80.2195510864,74320,74330,10
12.9782600403,80.2192382813,74330,74340,10
12.9786996841,80.2190628052,74340,74350,10
12.9792003632,80.2188796997,74350,74360,10
12.9796199799,80.2187194824,74360,74370,10
12.97976017,80.2186584473,74370,74381,11
12.9799499512,80.2185592651,74381,74391,10
12.9800901413,80.21849823,74391,74401,10
12.9804897308,80.2183532715,74401,74411,10
12.9811000824,80.2181472778,74411,74421,10
12.9818401337,80.217956543,74421,74431,10
12.9822597504,80.2179336548,74431,74441,10
12.9826202393,80.217918396,74441,74451,10
12.98320961,80.2179031372,74451,74461,10
12.9837398529,80.217880249,74461,74471,10
12.9837598801,80.217880249,74471,74482,11
12.9840202332,80.217880249,74482,74492,10
12.9844799042,80.217880249,74492,74502,10
12.9851398468,80.2178878784,74502,74512,10
12.9859399796,80.2179794312,74512,74522,10
12.9867601395,80.2181625366,74522,74532,10
12.9873695374,80.2182693481,74532,74542,10
12.9875602722,80.2182769775,74542,74552,10
12.9876699448,80.2183380127,74552,74562,10
12.9881000519,80.2184371948,74562,74572,10
12.9887399673,80.2186279297,74572,74582,10
12.9895401001,80.2189025879,74582,74592,10
12.9904298782,80.2192001343,74592,74603,11
12.9914398193,80.2195205688,74603,74613,10
12.9918899536,80.2193527222,74613,74623,10
12.992480278,80.2189025879,74623,74633,10
12.9931697845,80.218421936,74633,74643,10
12.9938898087,80.217880249,74643,74653,10
12.9944400787,80.2174224854,74653,74662,9
12.99477005,80.2172012329,74662,74673,11
12.9950895309,80.2169418335,74673,74683,10
12.9954299927,80.2167510986,74683,74693,10
12.9957103729,80.2166366577,74693,74703,10
12.996219635,80.216468811,74703,74714,11
12.9970998764,80.2164535522,74714,74724,10
12.9974603653,80.2161483765,74724,74744,20
12.9974603653,80.2161483765,74744,74754,10
12.9978399277,80.2158203125,74754,74764,10
12.9982795715,80.2154312134,74764,74774,10
12.998840332,80.2149581909,74774,74784,10
12.9991502762,80.2147216797,74784,74794,10
12.9995298386,80.2144012451,74794,74804,10
12.9999904633,80.2140274048,74804,74814,10
13.0004196167,80.2136688232,74814,74825,11
13.0010995865,80.2130584717,74825,74835,10
13.0017595291,80.2125930786,74835,74845,10
13.0021600723,80.2122879028,74845,74855,10
13.0024595261,80.2121276855,74855,74865,10
13.0030202866,80.2120819092,74865,74875,10
13.0036096573,80.2119674683,74875,74885,10
13.0036697388,80.2118988037,74885,74895,10
13.0036897659,80.2117614746,74895,74905,10
13.0036697388,80.2113418579,74905,74915,10
13.0036096573,80.2107772827,74915,74925,10
13.0035200119,80.2101898193,74925,74936,11
13.0034999847,80.209487915,74936,74946,10
13.003660202,80.2087783813,74946,74956,10
13.0043096542,80.2088088989,74956,74966,10
13.005200386,80.2092208862,74966,74976,10
13.0060195923,80.2095413208,74976,74986,10
13.0067100525,80.2097702026,74986,74996,10
13.0070695877,80.2098083496,74996,75075,79
13.0070695877,80.2098083496,75075,75085,10
13.0074596405,80.2098922729,75085,75095,10
13.0075397491,80.2099075317,75095,75105,10
13.0077199936,80.2099609375,75105,75115,10
13.007900238,80.2099914551,75115,75125,10
13.0081195831,80.2098617554,75125,75135,10
13.0079898834,80.2092437744,75135,75145,10
13.0078697205,80.2084884644,75145,75156,11
13.0077400208,80.2075576782,75156,75166,10
13.0076398849,80.206817627,75166,75176,10
13.0075302124,80.2060317993,75176,75186,10
13.0074796677,80.2053222656,75186,75196,10
13.0074701309,80.204788208,75196,75206,10
13.0074701309,80.2043609619,75206,75216,10
13.0074195862,80.2038879395,75216,75226,10
13.0073003769,80.2031707764,75226,75236,10
13.0069599152,80.2025527954,75236,75246,10
13.0065202713,80.2027816772,75246,75256,10
13.006649971,80.2033004761,75256,75267,11
13.0071401596,80.2035903931,75267,75277,10
13.0077600479,80.203742981,75277,75287,10
13.0085897446,80.2037200928,75287,75297,10
13.0096597672,80.2036590576,75297,75307,10
13.010840416,80.203666687,75307,75317,10
13.0120801926,80.2038421631,75317,75327,10
13.0131397247,80.2040863037,75327,75337,10
13.0137500763,80.2042388916,75337,75347,10
13.0141801834,80.2043685913,75347,75357,10
13.0150003433,80.2046279907,75357,75378,21
13.0150003433,80.2046279907,75378,75388,10
13.0152702332,80.2046203613,75388,75398,10
13.0158700943,80.2048721313,75398,75408,10
13.016409874,80.2050018311,75408,75418,10
13.016960144,80.2051620483,75418,75434,16
13.0177602768,80.2056427002,75434,75446,12
13.0186195374,80.2059173584,75446,75467,21
13.0186195374,80.2059173584,75467,75477,10
13.0188302994,80.2059326172,75477,75488,11
13.0191602707,80.2060699463,75488,75498,10
13.0197095871,80.2062225342,75498,75508,10
13.0203504562,80.2062835693,75508,75518,10
13.0211000443,80.2062988281,75518,75528,10
13.021900177,80.2063217163,75528,75537,9
13.022649765,80.206451416,75537,75548,11
13.0236597061,80.2066116333,75548,75558,10
13.0242595673,80.2066726685,75558,75568,10
13.0242700577,80.2066726685,75568,75578,10
13.0245599747,80.2067184448,75578,75588,10
13.0252399445,80.2069320679,75588,75599,11
13.0261497498,80.207359314,75599,75609,10
13.0269804001,80.207862854,75609,75619,10
13.0278100967,80.208366394,75619,75629,10
13.0287399292,80.2086715698,75629,75639,10
13.0295200348,80.2088394165,75639,75649,10
13.0297899246,80.2089004517,75649,75659,10
13.0300598145,80.2089767456,75659,75669,10
13.0305404663,80.2091369629,75669,75679,10
13.03125,80.2093582153,75679,75689,10
13.0317201614,80.2094726563,75689,75710,21
13.0317201614,80.2094726563,75710,75720,10
13.0323200226,80.2095870972,75720,75730,10
13.0330400467,80.2097320557,75730,75740,10
13.0338401794,80.2098770142,75740,75750,10
13.0347204208,80.2100219727,75750,75760,10
13.0349903107,80.2104492188,75760,75769,9
13.0349597931,80.2109985352,75769,75780,11
13.0349397659,80.2113189697,75780,75790,10
13.034910202,80.2114028931,75790,75800,10
13.0348501205,80.2117767334,75800,75810,10
13.0348901749,80.2121582031,75810,75821,11
13.0354299545,80.2122802734,75821,75831,10
13.0360002518,80.2123031616,75831,75841,10
13.0364599228,80.2123184204,75841,75851,10
13.0367202759,80.2123031616,75851,75861,10
13.0368204117,80.212310791,75861,75871,10
13.0370502472,80.2123413086,75871,75881,10
13.0375995636,80.2123184204,75881,75891,10
13.0383300781,80.212310791,75891,75901,10
13.0391998291,80.212310791,75901,75911,10
13.0402202606,80.212310791,75911,75921,10
13.0413703918,80.2123031616,75921,75931,10
13.0424203873,80.2123031616,75931,75942,11
13.0438404083,80.2122573853,75942,76032,90
13.0438404083,80.2122573853,76032,76043,11
13.0442399979,80.2122268677,76043,76053,10
13.0447502136,80.2122573853,76053,76063,10
13.0454397202,80.2122573853,76063,76073,10
13.0462398529,80.2122268677,76073,76083,10
13.0469799042,80.2122116089,76083,76093,10
13.047249794,80.2121582031,76093,76103,10
13.047750473,80.2121200562,76103,76113,10
13.0484304428,80.2120819092,76113,76133,20
13.0484304428,80.2120819092,76133,76143,10
13.0488004684,80.2120819092,76143,76153,10
13.0494203568,80.2120437622,76153,76164,11
13.0500402451,80.212020874,76164,76174,10
13.0505304337,80.2120513916,76174,76184,10
13.0510997772,80.2119903564,76184,76194,10
13.0520095825,80.2120132446,76194,76204,10
13.0530500412,80.2117919922,76204,76214,10
13.0542602539,80.2114715576,76214,76234,20
13.0542602539,80.2114715576,76234,76244,10
13.054309845,80.2114868164,76244,76254,10
13.0547103882,80.211479187,76254,76264,10
13.0554599762,80.2115020752,76264,76275,11
13.0564603806,80.211517334,76275,76285,10
13.0573596954,80.211479187,76285,76295,10
13.0575399399,80.2114486694,76295,76305,10
13.0579099655,80.2114181519,76305,76315,10
13.0585002899,80.2114562988,76315,76325,10
13.0591697693,80.2115020752,76325,76335,10
13.0599403381,80.2115631104,76335,76345,10
13.0608701706,80.2116012573,76345,76354,9
13.0614995956,80.2116317749,76354,76364,10
13.0620803833,80.2116317749,76364,76375,11
13.0629196167,80.2115936279,76375,76385,10
13.0630598068,80.2115707397,76385,76396,11
13.0633001328,80.2115783691,76396,76406,10
13.0638399124,80.2115631104,76406,76416,10
13.0646095276,80.2113189697,76416,76426,10
13.0653896332,80.2108306885,76426,76436,10
13.0662002563,80.2101821899,76436,76446,10
13.0668201447,80.2095718384,76446,76456,10
13.0674495697,80.2086029053,76456,76466,10
13.0680303574,80.2076568604,76466,76476,10
13.0686597824,80.2066726685,76476,76485,9
13.0691003799,80.2059631348,76485,76496,11
13.0695400238,80.2051773071,76496,76537,41
13.0695400238,80.2051773071,76537,76547,10
13.0696296692,80.2049865723,76547,76557,10
13.0694503784,80.2048416138,76557,76567,10
13.0691299438,80.2049026489,76567,76577,10
13.0687303543,80.2051391602,76577,76586,9
13.0684604645,80.2051086426,76586,76596,10
13.0680999756,80.2051391602,76596,76880,284
13.0680999756,80.2051391602,76880,76890,10
13.0680503845,80.2050476074,76890,76900,10
13.0682201385,80.2049789429,76900,76910,10
13.0685997009,80.2048721313,76910,76920,10
13.0690402985,80.2047576904,76920,76930,10
13.0694599152,80.204826355,76930,76941,11
13.0697097778,80.2049484253,76941,76951,10
13.0697402954,80.2050018311,76951,76961,10
13.0697698593,80.2052078247,76961,76971,10
13.0696001053,80.2055206299,76971,76981,10
13.0692396164,80.2060699463,76981,76991,10
13.0687799454,80.2068023682,76991,77001,10
13.0682201385,80.2076873779,77001,77011,10
13.0676403046,80.2085800171,77011,77021,10
13.0674600601,80.2088699341,77021,77031,10
13.0672197342,80.2092666626,77031,77040,9
13.0668497086,80.2098464966,77040,77052,12
13.0659704208,80.2105789185,77052,77062,10
13.0652303696,80.2111816406,77062,77072,10
13.0645503998,80.2116012573,77072,77082,10
13.0638399124,80.211769104,77082,77092,10
13.0636501312,80.2117919922,77092,77102,10
13.0632600784,80.2117919922,77102,77111,9
13.0626497269,80.2118225098,77111,77122,11
13.0625600815,80.2116928101,77122,77132,10
13.0606203079,80.211807251,77132,77142,10
13.0594596863,80.2117385864,77142,77151,9
13.0586500168,80.2116928101,77151,77162,11
13.0577201843,80.2116394043,77162,77173,11
13.0566196442,80.2116165161,77173,77183,10
13.0555295944,80.2116012573,77183,77193,10
13.0546398163,80.2116470337,77193,77213,20
13.0546398163,80.2116470337,77213,77223,10
13.0543699265,80.2116622925,77223,77233,10
13.0537796021,80.211769104,77233,77243,10
13.0530700684,80.2119369507,77243,77253,10
13.0523996353,80.2121200562,77253,77263,10
13.0518198013,80.212272644,77263,77274,11
13.0511302948,80.212272644,77274,77284,10
13.050740242,80.2122268677,77284,77304,20
13.050740242,80.2122268677,77304,77314,10
13.0505304337,80.2122573853,77314,77324,10
13.0504198074,80.2122802734,77324,77334,10
13.0501499176,80.2122421265,77334,77344,10
13.0497303009,80.2121963501,77344,77355,11
13.0491695404,80.2122268677,77355,77366,11
13.048620224,80.2122573853,77366,77376,10
13.0480298996,80.2123031616,77376,77387,11
13.0471401215,80.2123718262,77387,77397,10
13.0462398529,80.2123794556,77397,77407,10
13.0453596115,80.2124176025,77407,77416,9
13.0446100235,80.2124786377,77416,77427,11
13.0443496704,80.2124786377,77427,77437,10
13.0443601608,80.2123413086,77437,77447,10
13.0448303223,80.2123031616,77447,77457,10
13.0454797745,80.212272644,77457,77467,10
13.0462503433,80.2122268677,77467,77477,10
13.0469198227,80.2121887207,77477,77487,10
13.0470304489,80.2121124268,77487,77498,11
13.0470199585,80.2118606567,77498,77508,10
13.0469903946,80.2114562988,77508,77518,10
13.0469703674,80.2114028931,77518,77528,10
13.0469503403,80.2113037109,77528,77538,10
13.0469198227,80.2109603882,77538,77548,10
13.0472202301,80.2108535767,77548,77558,10
13.0478801727,80.2108917236,77558,77568,10
13.0485401154,80.2109298706,77568,77578,10
13.0491800308,80.2109222412,77578,77588,10
13.0496101379,80.2108306885,77588,77598,10
13.0496301651,80.2104568481,77598,77609,11
13.0495195389,80.2099761963,77609,77619,10
13.0495004654,80.2095184326,77619,77629,10
13.049489975,80.2090606689,77629,77639,10
13.0493402481,80.2086029053,77639,77649,10
13.0491199493,80.2080001831,77649,77659,10
13.0489196777,80.2073822021,77659,77669,10
13.0488100052,80.2071304321,77669,77679,10
13.0488300323,80.2069015503,77679,77689,10
13.0489902496,80.2068862915,77689,77699,10
13.0493001938,80.2068862915,77699,77740,41
13.0493001938,80.2068862915,77740,77750,10
13.0500202179,80.2069091797,77750,77760,10
13.0506000519,80.2069168091,77760,77770,10
13.0508699417,80.2070999146,77770,77899,129
13.0506401062,80.2069625854,77899,77991,92
13.0506401062,80.2069625854,77991,78001,10
13.0505199432,80.2070999146,78001,78011,10
13.0502099991,80.206993103,78011,78021,10
13.0499696732,80.2072601318,78021,78163,142
