13.0757198334,80.2751998901,18,69,51
13.0757198334,80.2751998901,69,79,10
13.0757102966,80.2752380371,79,89,10
13.0756998062,80.2750701904,89,109,20
13.0756998062,80.2750701904,109,119,10
13.0757703781,80.2750167847,119,129,10
13.0758495331,80.2748413086,129,351,222
13.0758895874,80.2747421265,351,2623,2272
13.0758895874,80.2747421265,2623,2633,10
13.075920105,80.2749023438,2633,2643,10
13.0757198334,80.2749099731,2643,2673,30
13.0757198334,80.2749099731,2673,2684,11
13.0759601593,80.2747192383,2684,5734,3050
13.0762395859,80.2745819092,5734,5956,222
13.0761604309,80.2746200562,5956,8430,2474
13.0761604309,80.2746200562,8430,8440,10
13.0762500763,80.2747116089,8440,10257,1817
13.0760297775,80.2746429443,10257,10298,41
13.0761003494,80.274559021,10298,14086,3788
13.0761003494,80.274559021,14086,14096,10
13.0759296417,80.2748794556,14096,14106,10
13.075920105,80.2748794556,14106,14116,10
13.0759000778,80.275100708,14116,14126,10
13.0759000778,80.2751464844,14126,14136,10
13.0759296417,80.2753295898,14136,14147,11
13.0759496689,80.275680542,14147,14157,10
13.0759601593,80.2757034302,14157,14947,790
13.0759601593,80.2757034302,14947,14957,10
13.0760202408,80.2759475708,14957,14967,10
13.0759296417,80.2761306763,14967,14978,11
13.0759801865,80.2762374878,14978,14988,10
13.0762901306,80.2762374878,14988,14998,10
13.0767002106,80.2762374878,14998,15008,10
13.0771503448,80.2761993408,15008,15018,10
13.0778503418,80.2761535645,15018,15028,10
13.0782403946,80.2755584717,15028,15038,10
13.0787801743,80.2751083374,15038,15048,10
13.0795202255,80.2752380371,15048,15058,10
13.0804595947,80.2752227783,15058,15068,10
13.0812501907,80.275138855,15068,15078,10
13.0817203522,80.2751464844,15078,15089,11
13.0820598602,80.2753601074,15089,15342,253
13.0820703506,80.2757110596,15342,16028,686
13.0820703506,80.2757110596,16028,16038,10
13.0819196701,80.2759628296,16038,16049,11
13.0818901062,80.275970459,16049,16059,10
13.0817804337,80.2761306763,16059,16069,10
13.0818004608,80.2766418457,16069,16079,10
13.0819301605,80.2776107788,16079,16089,10
13.0820999146,80.2783889771,16089,16099,10
13.0819301605,80.2781677246,16099,16109,10
13.0818595886,80.2773895264,16109,16119,10
13.0818004608,80.2766189575,16119,16129,10
13.0817699432,80.2763824463,16129,16139,10
13.0816497803,80.2758026123,16139,16150,11
13.081609726,80.2755279541,16150,16160,10
13.0816001892,80.2754135132,16160,16171,11
13.0814504623,80.2752075195,16171,16181,10
13.0809698105,80.2752304077,16181,16192,11
13.0803203583,80.2752990723,16192,16202,10
13.079580307,80.2753219604,16202,16213,11
13.0784902573,80.2752990723,16213,16223,10
13.0780601501,80.2761535645,16223,16234,11
13.0770196915,80.2762680054,16234,16244,10
13.0760202408,80.2763290405,16244,16255,11
13.0749502182,80.2763595581,16255,16265,10
13.0741996765,80.2764434814,16265,16275,10
13.074259758,80.2770004272,16275,16285,10
13.0747203827,80.2774276733,16285,16295,10
13.0748300552,80.2776107788,16295,16305,10
13.0746097565,80.2774963379,16305,16315,10
13.0740804672,80.2769088745,16315,16325,10
13.0732498169,80.2760467529,16325,16335,10
13.072429657,80.2751464844,16335,16345,10
13.0707101822,80.2740402222,16345,16366,21
13.0707101822,80.2740402222,16366,16376,10
13.0704898834,80.27368927,16376,16386,10
13.0700397491,80.2730636597,16386,16396,10
13.0693597794,80.2723388672,16396,16406,10
13.0685796738,80.2719116211,16406,16416,10
13.0680799484,80.2714233398,16416,16426,10
13.067440033,80.2706069946,16426,16436,10
13.0666704178,80.26978302,16436,16446,10
13.0664596558,80.2689208984,16446,16456,10
13.0662002563,80.2682037354,16456,16467,11
13.0654401779,80.2676391602,16467,16477,10
13.065079689,80.2675704956,16477,16487,10
13.0647201538,80.2675170898,16487,16496,9
13.0640296936,80.2673721313,16496,16507,11
13.0630197525,80.2671813965,16507,16517,10
13.0621995926,80.2664718628,16517,16527,10
13.0615301132,80.2656097412,16527,16537,10
13.060839653,80.2651824951,16537,16547,10
13.0599603653,80.2655487061,16547,16557,10
13.0589199066,80.2654571533,16557,16567,10
13.0581197739,80.2650604248,16567,16578,11
13.0579595566,80.2638778687,16578,16588,10
13.0578098297,80.2626190186,16588,16598,10
13.0576000214,80.2613067627,16598,16608,10
13.05727005,80.2600631714,16608,16618,10
13.0568799973,80.2588577271,16618,16628,10
13.0566301346,80.2577819824,16628,16638,10
13.0565395355,80.257270813,16638,16648,10
13.056520462,80.2570571899,16648,16658,10
13.0562400818,80.2563400269,16658,16668,10
13.0556097031,80.2554702759,16668,16679,11
13.0548095703,80.2543792725,16679,16689,10
13.0539703369,80.2532806396,16689,16699,10
13.0531396866,80.2520980835,16699,16709,10
13.0523195267,80.2510223389,16709,16719,10
13.051440239,80.2501831055,16719,16729,10
13.0506095886,80.249961853,16729,16739,10
13.0496101379,80.2498016357,16739,16749,10
13.048620224,80.2496566772,16749,16759,10
13.0478496552,80.2491836548,16759,16769,10
13.047129631,80.2486572266,16769,16779,10
13.0468797684,80.248626709,16779,16796,17
13.0460796356,80.2485198975,16796,16808,12
13.0450401306,80.2481536865,16808,16818,10
13.0439996719,80.2479400635,16818,16828,10
13.0430898666,80.247756958,16828,16838,10
13.042090416,80.2474975586,16838,16846,8
13.0411100388,80.2473068237,16846,16858,12
13.0396900177,80.2470626831,16858,16868,10
13.0385198593,80.2467803955,16868,16878,10
13.0372104645,80.2465591431,16878,16888,10
13.0361795425,80.2463378906,16888,16899,11
13.0352401733,80.2460708618,16899,16909,10
13.0351896286,80.2460479736,16909,16918,9
13.0348796844,80.2457885742,16918,16929,11
13.0343599319,80.2450180054,16929,16939,10
13.0336198807,80.2441177368,16939,16949,10
13.0327997208,80.2430267334,16949,16959,10
13.0321397781,80.2421264648,16959,16969,10
13.0317201614,80.241317749,16969,16978,9
13.0312795639,80.2404022217,16978,16989,11
13.0307598114,80.2392578125,16989,17000,11
13.029999733,80.2379379272,17000,17010,10
13.0290603638,80.236656189,17010,17020,10
13.0280303955,80.2355422974,17020,17030,10
13.0272703171,80.2342376709,17030,17040,10
13.0264701843,80.2329025269,17040,17050,10
13.0260601044,80.2316970825,17050,17059,9
13.0257501602,80.2306365967,17059,17069,10
13.0250301361,80.2294998169,17069,17080,11
13.0242595673,80.228553772,17080,17090,10
13.0239496231,80.2282028198,17090,17100,10
13.0234804153,80.2276763916,17100,17111,11
13.0232200623,80.2274475098,17111,17121,10
13.0231800079,80.2274017334,17121,17131,10
13.0228700638,80.2271194458,17131,17141,10
13.0224704742,80.2267227173,17141,17151,10
13.0223197937,80.2265777588,17151,17161,10
13.0218200684,80.2261428833,17161,17171,10
13.0210599899,80.2255630493,17171,17181,10
13.020190239,80.2249526978,17181,17191,10
13.0191001892,80.2244567871,17191,17201,10
13.017780304,80.2248764038,17201,17212,11
13.016579628,80.2253417969,17212,17222,10
13.0159902573,80.2255172729,17222,17232,10
13.0152301788,80.2258911133,17232,17248,16
13.0142402649,80.2262878418,17248,17260,12
13.0140895844,80.226348877,17260,17268,8
13.0136299133,80.2265319824,17268,17278,10
13.0127296448,80.2268829346,17278,17290,12
13.0115003586,80.2273635864,17290,17300,10
13.0102300644,80.2278671265,17300,17310,10
13.0092697144,80.2283630371,17310,17321,11
13.0089702606,80.2295684814,17321,17331,10
13.0087203979,80.2308731079,17331,17341,10
13.0084695816,80.2322311401,17341,17351,10
13.0082798004,80.2333984375,17351,17361,10
13.0081996918,80.2337722778,17361,17371,10
13.0081796646,80.2338027954,17371,17381,10
13.0080795288,80.2342834473,17381,17391,10
13.0079097748,80.2351379395,17391,17401,10
13.0076799393,80.2362823486,17401,17410,9
13.0074501038,80.2374801636,17410,17420,10
13.0072603226,80.2385864258,17420,17431,11
13.0070104599,80.2397384644,17431,17442,11
13.006819725,80.2407226563,17442,17452,10
13.0067300797,80.2418289185,17452,17462,10
13.0067195892,80.2428665161,17462,17472,10
13.0067100525,80.2444763184,17472,17482,10
13.0067195892,80.2459106445,17482,17492,10
13.0067596436,80.2469787598,17492,17502,10
13.0067300797,80.2473373413,17502,17512,10
13.0065498352,80.2474136353,17512,17522,10
13.0061597824,80.2473983765,17522,17533,11
13.0060997009,80.2473907471,17533,17543,10
13.0059299469,80.2473678589,17543,17553,10
13.0052700043,80.2473526001,17553,17563,10
13.0041999817,80.2474517822,17563,17573,10
13.002869606,80.2476501465,17573,17583,10
13.0013904572,80.2479934692,17583,17593,10
12.9997997284,80.2483978271,17593,17603,10
12.9981603622,80.2488098145,17603,17613,10
12.9964704514,80.2492294312,17613,17623,10
12.9948101044,80.249671936,17623,17633,10
12.9931898117,80.2500762939,17633,17644,11
12.9915800095,80.2504806519,17644,17654,10
12.9902801514,80.2508010864,17654,17664,10
12.9889698029,80.2511291504,17664,17674,10
12.9881401062,80.2513504028,17674,17683,9
12.9877595901,80.2514572144,17683,17694,11
12.9869403839,80.251663208,17694,17704,10
12.9858398438,80.2519226074,17704,17714,10
12.9846000671,80.2522506714,17714,17724,10
12.9831800461,80.2526016235,17724,17734,10
12.9816198349,80.2526779175,17734,17745,11
12.9801397324,80.2527389526,17745,17755,10
12.9789600372,80.2526473999,17755,17765,10
12.9779701233,80.2520828247,17765,17775,10
12.9767398834,80.2512893677,17775,17785,10
12.9751996994,80.2508163452,17785,17795,10
12.9736204147,80.2503814697,17795,17805,10
12.9720802307,80.2499771118,17805,17815,10
12.9705295563,80.2495269775,17815,17825,10
12.9690303802,80.2489471436,17825,17835,10
12.9676599503,80.2484130859,17835,17845,10
12.9666795731,80.2479705811,17845,17856,11
12.9657297134,80.2475662231,17856,17866,10
12.9650497437,80.2473526001,17866,17876,10
12.9649896622,80.2473220825,17876,17886,10
12.9644699097,80.2471313477,17886,17896,10
12.963549614,80.2467498779,17896,17906,10
12.9624099731,80.2461700439,17906,17916,10
12.9611101151,80.2455368042,17916,17926,10
12.959859848,80.2449874878,17926,17942,16
12.9593000412,80.2447509766,17942,17954,12
12.9588098526,80.2445220947,17954,17965,11
12.9579000473,80.2441329956,17965,17975,10
12.9570102692,80.2437820435,17975,17985,10
12.9564599991,80.2435684204,17985,17995,10
12.9559402466,80.2433319092,17995,18005,10
12.9548196793,80.2428588867,18005,18015,10
12.9538097382,80.24243927,18015,18025,10
12.9528503418,80.2420425415,18025,18035,10
12.9518499374,80.2417221069,18035,18045,10
12.9517602921,80.2416763306,18045,18055,10
12.9516201019,80.2416000366,18055,18066,11
12.9508695602,80.2413482666,18066,18076,10
12.9497804642,80.241027832,18076,18086,10
12.9486303329,80.2406234741,18086,18096,10
12.9470796585,80.2399902344,18096,18116,20
12.9470796585,80.2399902344,18116,18126,10
12.9468402863,80.2398834229,18126,18136,10
12.9460601807,80.2395477295,18136,18146,10
12.9450397491,80.2389221191,18146,18156,10
12.9440603256,80.2378768921,18156,18166,10
12.9430503845,80.2368087769,18166,18177,11
12.9414100647,80.2361907959,18177,18187,10
12.9402198792,80.2359085083,18187,18197,10
12.9398298264,80.2358016968,18197,18206,9
12.9397001266,80.235748291,18206,18217,11
12.9390001297,80.2353973389,18217,18227,10
12.937789917,80.2347793579,18227,18237,10
12.93653965,80.234161377,18237,18247,10
12.9351997375,80.2335510254,18247,18257,10
12.9341001511,80.2330627441,18257,18267,10
12.9338302612,80.2329406738,18267,18278,11
12.9337797165,80.2329177856,18278,18288,10
12.933259964,80.232673645,18288,18297,9
12.9324102402,80.2323379517,18297,18308,11
12.9310102463,80.231880188,18308,18318,10
12.9295501709,80.2314987183,18318,18328,10
12.9281301498,80.2312393188,18328,18338,10
12.9267196655,80.2310791016,18338,18348,10
12.9261598587,80.2310180664,18348,18358,10
12.9259500504,80.2310028076,18358,18368,10
12.9252195358,80.2308883667,18368,18378,10
12.924079895,80.2307510376,18378,18389,11
12.9225797653,80.2305297852,18389,18399,10
12.9210796356,80.2303085327,18399,18409,10
12.919500351,80.2301025391,18409,18419,10
12.9179697037,80.2298965454,18419,18429,10
12.9165000916,80.2296981812,18429,18439,10
12.9150600433,80.2294998169,18439,18449,10
12.9138202667,80.2293395996,18449,18459,10
12.913359642,80.229309082,18459,18469,10
12.9132204056,80.2292785645,18469,18479,10
12.9125003815,80.2291564941,18479,18490,11
12.911190033,80.2289810181,18490,18500,10
12.9097003937,80.2287521362,18500,18510,10
12.9080896378,80.2284698486,18510,18520,10
12.9068098068,80.2283172607,18520,18530,10
12.9062795639,80.2282791138,18530,18540,10
12.9060201645,80.2282562256,18540,18550,10
12.9051599503,80.2282028198,18550,18560,10
12.9038896561,80.2281265259,18560,18570,10
12.9023704529,80.2280426025,18570,18580,10
12.9010801315,80.2279663086,18580,18590,10
12.8996896744,80.227897644,18590,18631,41
12.8996896744,80.227897644,18631,18641,10
12.8995504379,80.2278823853,18641,18651,10
12.899140358,80.2278594971,18651,18661,10
12.8985795975,80.2278289795,18661,18671,10
12.897939682,80.2277984619,18671,18681,10
12.8971996307,80.2277526855,18681,18691,10
12.8964395523,80.227722168,18691,18702,11
12.8956604004,80.2276916504,18702,18712,10
12.8948497772,80.2276611328,18712,18722,10
12.8938598633,80.2275772095,18722,18732,10
12.8928003311,80.2274475098,18732,18742,10
12.891699791,80.2273788452,18742,18752,10
12.8906698227,80.2273788452,18752,18762,10
12.8897600174,80.2273712158,18762,18772,10
12.8888502121,80.2273712158,18772,18782,10
12.8879899979,80.2273178101,18782,18792,10
12.8869800568,80.2271728516,18792,18802,10
12.8858203888,80.226890564,18802,18813,11
12.8849601746,80.2267379761,18813,18823,10
12.8849201202,80.2267379761,18823,18833,10
12.8848695755,80.2267532349,18833,18843,10
12.8844604492,80.2267379761,18843,18853,10
12.8836603165,80.2267379761,18853,18863,10
12.8825998306,80.2267532349,18863,18873,10
12.881360054,80.2267532349,18873,18883,10
12.8800497055,80.2267532349,18883,18892,9
12.8787298203,80.2268066406,18892,18903,11
12.8764801025,80.2269973755,18903,18924,21
12.8764801025,80.2269973755,18924,18934,10
12.8762397766,80.2270126343,18934,18944,10
12.875579834,80.2269821167,18944,18954,10
12.8746004105,80.2268676758,18954,18964,10
12.8734102249,80.2267303467,18964,18974,10
12.8725404739,80.2267303467,18974,18984,10
12.8723897934,80.2267227173,18984,18994,10
12.8718204498,80.2266998291,18994,19004,10
12.8709001541,80.2266387939,19004,19014,10
12.86977005,80.2265396118,19014,19025,11
12.8683300018,80.2264099121,19025,19035,10
12.8668603897,80.2265319824,19035,19045,10
12.8653097153,80.2266082764,19045,19055,10
12.8637199402,80.2265472412,19055,19065,10
12.8621997833,80.2265777588,19065,19075,10
12.8611402512,80.2266311646,19075,19085,10
12.86095047,80.2266082764,19085,19095,10
12.8605604172,80.2265777588,19095,19105,10
12.8597602844,80.2264633179,19105,19115,10
12.8589200974,80.2263183594,19115,19126,11
12.8582696915,80.2262802124,19126,19136,10
12.8573503494,80.2263031006,19136,19146,10
12.8562297821,80.2264099121,19146,19156,10
12.854929924,80.2265396118,19156,19166,10
12.8534698486,80.2266998291,19166,19176,10
12.8518800735,80.2266693115,19176,19186,10
12.8502597809,80.2266082764,19186,19196,10
12.8486003876,80.2265930176,19196,19206,10
12.8469495773,80.226600647,19206,19216,10
12.8453502655,80.2266311646,19216,19237,21
12.8453502655,80.2266311646,19237,19247,10
12.8450698853,80.2266387939,19247,19257,10
12.8443403244,80.2266998291,19257,19267,10
12.843290329,80.2268295288,19267,19277,10
12.8420495987,80.2270812988,19277,19287,10
12.8407201767,80.227432251,19287,19297,10
12.839969635,80.2276611328,19297,19307,10
12.8396596909,80.2277832031,19307,19317,10
12.8393096924,80.2278594971,19317,19327,10
12.83852005,80.2280502319,19327,19337,10
12.8374204636,80.2282791138,19337,19348,11
12.8359804153,80.2284927368,19348,19358,10
12.8345098495,80.2287216187,19358,19368,10
12.8331699371,80.2289581299,19368,19378,10
12.8324804306,80.2291107178,19378,19388,10
12.8324203491,80.2291107178,19388,19406,18
12.831319809,80.2293624878,19406,19418,12
12.8300600052,80.2298126221,19418,19428,10
12.8289499283,80.2302627563,19428,19438,10
12.8278398514,80.2308731079,19438,19448,10
12.8266801834,80.2313308716,19448,19459,11
12.8253602982,80.2314224243,19459,19469,10
12.8243398666,80.2313232422,19469,19479,10
12.8230199814,80.2309494019,19479,19489,10
12.8217802048,80.2305679321,19489,19499,10
12.8205003738,80.2304763794,19499,19509,10
12.819270134,80.2305221558,19509,19519,10
12.8188800812,80.2304916382,19519,19529,10
12.8185100555,80.2303314209,19529,19539,10
12.8177204132,80.2299423218,19539,19549,10
12.8166399002,80.2295532227,19549,19560,11
12.8151903152,80.2293319702,19560,19570,10
12.8138303757,80.2290725708,19570,19580,10
12.8125,80.2286300659,19580,19590,10
12.8111495972,80.2281417847,19590,19600,10
12.8098697662,80.2276000977,19600,19610,10
12.8087100983,80.226890564,19610,19620,10
12.8077402115,80.2260818481,19620,19630,10
12.8067703247,80.2252426147,19630,19640,10
12.805970192,80.2245178223,19640,19650,10
12.8051700592,80.2240524292,19650,19661,11
12.8050003052,80.2240219116,19661,19671,10
12.8047800064,80.2239685059,19671,19681,10
12.8040800095,80.2238998413,19681,19691,10
12.8030996323,80.2238006592,19691,19701,10
12.8019800186,80.2236709595,19701,19711,10
12.8006601334,80.2235412598,19711,19721,10
12.7992200851,80.2234191895,19721,19731,10
12.7976799011,80.2232437134,19731,19741,10
12.7962903976,80.2229919434,19741,19757,16
12.7944002151,80.2226715088,19757,19769,12
12.7930402756,80.2224578857,19769,19780,11
12.7917699814,80.2221984863,19780,19790,10
12.7906398773,80.2219314575,19790,19809,19
12.7889204025,80.2213973999,19809,19820,11
12.7879495621,80.2210235596,19820,19830,10
12.7872896194,80.2207717896,19830,19840,10
12.7862997055,80.2203826904,19840,19871,31
12.7862997055,80.2203826904,19871,19881,10
12.786239624,80.2203369141,19881,19891,10
12.7861795425,80.2206192017,19891,19901,10
12.7861995697,80.2212677002,19901,19911,10
12.7862596512,80.2218399048,19911,19921,10
12.7862997055,80.2221679688,19921,20476,555
12.7862997055,80.2221679688,20476,20486,10
12.7862596512,80.2215499878,20486,20496,10
12.7862195969,80.2211685181,20496,20507,11
12.7861995697,80.2203598022,20507,20527,20
12.7861995697,80.2203598022,20527,20537,10
12.7863903046,80.2203826904,20537,20567,30
12.7863903046,80.2203826904,20567,20577,10
12.7865800858,80.2204437256,20577,20648,71
12.7865800858,80.2204437256,20648,20658,10
12.7867898941,80.2205963135,20658,20668,10
12.7870502472,80.2206802368,20668,20678,10
12.7875900269,80.2208633423,20678,20688,10
12.7883300781,80.2211380005,20688,20698,10
12.7892599106,80.221496582,20698,20708,10
12.7900600433,80.2217712402,20708,20719,11
12.7911701202,80.222038269,20719,20729,10
12.7923603058,80.2223434448,20729,20739,10
12.7936296463,80.2225189209,20739,20749,10
12.7948598862,80.2227096558,20749,20759,10
12.7959899902,80.2229003906,20759,20769,10
12.7964296341,80.2229690552,20769,20779,10
12.7968101501,80.2230606079,20779,20789,10
12.797750473,80.2232437134,20789,20799,10
12.7988595963,80.2233428955,20799,20809,10
12.8000402451,80.2234191895,20809,20820,11
12.801320076,80.2235565186,20820,20830,10
12.8020601273,80.2236175537,20830,20840,10
12.8022003174,80.2236480713,20840,20850,10
12.8028402328,80.2237701416,20850,20860,10
12.8036499023,80.2238464355,20860,20870,10
12.804479599,80.2239074707,20870,20880,10
12.8052597046,80.2240524292,20880,20890,10
12.8055400848,80.2241287231,20890,20900,10
12.805680275,80.2241897583,20900,20910,10
12.8062496185,80.2246627808,20910,20920,10
12.8070602417,80.2253799438,20920,20931,11
12.8081302643,80.2263031006,20931,20941,10
12.8092803955,80.2272186279,20941,20951,10
12.8105201721,80.2278213501,20951,20961,10
12.811920166,80.2283401489,20961,20971,10
12.8134098053,80.2288665771,20971,20981,10
12.8149700165,80.2292785645,20981,20991,10
12.8166103363,80.2295074463,20991,21001,10
12.818110466,80.2300567627,21001,21011,10
12.8194198608,80.2304916382,21011,21021,10
12.8199396133,80.2304382324,21021,21032,11
12.8200101852,80.2304611206,21032,21041,9
12.8205604553,80.2304382324,21041,21052,11
12.8218002319,80.2305221558,21052,21062,10
12.8230895996,80.2308807373,21062,21072,10
12.8244400024,80.2312393188,21072,21082,10
12.825920105,80.2313613892,21082,21092,10
12.8273897171,80.2311019897,21092,21102,10
12.8286895752,80.2303695679,21102,21112,10
12.8300895691,80.2297592163,21112,21122,10
12.8310403824,80.2293701172,21122,21132,10
12.8311004639,80.2293395996,21132,21143,11
12.8313903809,80.2292480469,21143,21153,10
12.8322200775,80.2290420532,21153,21163,10
12.8334102631,80.2288513184,21163,21173,10
12.8347997665,80.2285995483,21173,21183,10
12.8362903595,80.2283706665,21183,21193,10
12.8378000259,80.2281417847,21193,21203,10
12.8389902115,80.2278289795,21203,21213,10
12.8395395279,80.2276611328,21213,21233,20
12.8395395279,80.2276611328,21233,21244,11
12.8400802612,80.2275085449,21244,21253,9
12.840959549,80.2272796631,21253,21264,11
12.8423099518,80.2269592285,21264,21274,10
12.8433704376,80.2267532349,21274,21284,10
12.8454198837,80.2265396118,21284,21304,20
12.8454198837,80.2265396118,21304,21314,10
12.8454704285,80.2265396118,21314,21324,10
12.8458995819,80.2265472412,21324,21334,10
12.8467702866,80.2265396118,21334,21345,11
12.8480396271,80.2265396118,21345,21355,10
12.8493299484,80.2265396118,21355,21365,10
12.8505897522,80.2265625,21365,21375,10
12.8520498276,80.2266235352,21375,21385,10
12.8535995483,80.2266235352,21385,21395,10
12.8552103043,80.2264480591,21395,21405,10
12.8568096161,80.2262802124,21405,21415,10
12.8582296371,80.2261962891,21415,21425,10
12.859629631,80.226348877,21425,21435,10
12.8607196808,80.2264785767,21435,21445,10
12.8608102798,80.2265014648,21445,21456,11
12.8612804413,80.2265090942,21456,21466,10
12.8615598679,80.2265167236,21466,21476,10
12.8623199463,80.2265014648,21476,21486,10
12.863530159,80.2264709473,21486,21496,10
12.8651103973,80.2265396118,21496,21506,10
12.8666696548,80.2265014648,21506,21516,10
12.8682804108,80.226348877,21516,21526,10
12.86977005,80.2264633179,21526,21536,10
12.8713798523,80.2266082764,21536,21546,10
12.8726797104,80.2266311646,21546,21556,10
12.8729801178,80.2266387939,21556,21567,11
12.8736095428,80.2266693115,21567,21576,9
12.87458992,80.2267837524,21576,21587,11
12.8760404587,80.2269210815,21587,21597,10
12.8766803741,80.226890564,21597,21617,20
12.8766803741,80.226890564,21617,21627,10
12.8768396378,80.2268829346,21627,21637,10
12.8775501251,80.2268371582,21637,21647,10
12.8787002563,80.2267608643,21647,21657,10
12.8800697327,80.2267074585,21657,21668,11
12.8817300797,80.2266998291,21668,21678,10
12.8831195831,80.2266693115,21678,21688,10
12.8845701218,80.2266387939,21688,21698,10
12.885219574,80.2266464233,21698,21708,10
12.885219574,80.2266616821,21708,21718,10
12.8853502274,80.2266769409,21718,21728,10
12.8860502243,80.226852417,21728,21738,10
12.8872098923,80.227142334,21738,21748,10
12.8885498047,80.2273025513,21748,21758,10
12.8899803162,80.2273101807,21758,21768,10
12.891579628,80.2273101807,21768,21779,11
12.8931503296,80.2274093628,21779,21789,10
12.8945302963,80.2275695801,21789,21799,10
12.8959102631,80.2276229858,21799,21809,10
12.8972196579,80.2276916504,21809,21819,10
12.8985300064,80.2277603149,21819,21829,10
12.8997001648,80.2278137207,21829,21839,10
12.9005403519,80.2278594971,21839,21849,10
12.9011697769,80.2279205322,21849,21859,10
12.9019804001,80.2279510498,21859,21868,9
12.9026098251,80.2279815674,21868,21880,12
12.9026899338,80.2279815674,21880,21890,10
12.9027204514,80.228012085,21890,21900,10
12.9032001495,80.2280426025,21900,21910,10
12.9041404724,80.2280807495,21910,21920,10
12.9052000046,80.2281417847,21920,21930,10
12.9061803818,80.2281799316,21930,21940,10
12.9066095352,80.2282028198,21940,21950,10
12.9068899155,80.2282409668,21950,21960,10
12.9073801041,80.2283172607,21960,21970,10
12.9083995819,80.2284698486,21970,21980,10
12.9098300934,80.2287063599,21980,21991,11
12.9116601944,80.2289810181,21991,22001,10
12.9132699966,80.2292022705,22001,22011,10
12.9141397476,80.2293014526,22011,22021,10
12.9141397476,80.2292861938,22021,22031,10
12.9145498276,80.2293395996,22031,22041,10
12.9155197144,80.2294921875,22041,22051,10
12.9169301987,80.2296981812,22051,22061,10
12.9184799194,80.2299194336,22061,22071,10
12.9200000763,80.2301177979,22071,22081,10
12.921380043,80.2302780151,22081,22092,11
12.9228897095,80.2305221558,22092,22102,10
12.9242401123,80.23072052,22102,22112,10
12.9254999161,80.2308578491,22112,22122,10
12.926440239,80.2309799194,22122,22132,10
12.9267501831,80.2309799194,22132,22142,10
12.9273395538,80.2310562134,22142,22152,10
12.928440094,80.2312011719,22152,22162,10
12.9298400879,80.2314910889,22162,22172,10
12.9313297272,80.231918335,22172,22182,10
12.9327898026,80.2323989868,22182,22192,10
12.9334697723,80.2326583862,22192,22213,21
12.9334697723,80.2326583862,22213,22223,10
12.9337997437,80.2328414917,22223,22233,10
12.9345998764,80.2332000732,22233,22243,10
12.9357204437,80.2337112427,22243,22253,10
12.9370002747,80.234336853,22253,22263,10
12.9383897781,80.2350234985,22263,22273,10
12.9395103455,80.2355575562,22273,22283,10
12.9397697449,80.2356719971,22283,22292,9
12.9399204254,80.2357406616,22292,22304,12
12.9408798218,80.2360610962,22304,22314,10
12.942150116,80.236366272,22314,22324,10
12.9434499741,80.2371063232,22324,22334,10
12.9445104599,80.2382736206,22334,22344,10
12.9456796646,80.2393417358,22344,22354,10
12.9469203949,80.2398376465,22354,22364,10
12.9473400116,80.2400131226,22364,22374,10
12.9475603104,80.2400970459,22374,22384,10
12.9482603073,80.2403869629,22384,22394,10
12.9489297867,80.2406921387,22394,22405,11
12.9498596191,80.2409973145,22405,22415,10
12.9507703781,80.2412414551,22415,22425,10
12.9509496689,80.2412872314,22425,22435,10
12.9511804581,80.2413864136,22435,22445,10
12.9519395828,80.2416915894,22445,22455,10
12.9529495239,80.2420578003,22455,22465,10
12.9539804459,80.242477417,22465,22475,10
12.9547796249,80.2427902222,22475,22485,10
12.9557800293,80.2431716919,22485,22495,10
12.9563398361,80.2433395386,22495,22505,10
12.9566202164,80.2434616089,22505,22516,11
12.9576101303,80.2439422607,22516,22526,10
12.9589395523,80.2444610596,22526,22546,20
12.9589395523,80.2444610596,22546,22556,10
12.9591302872,80.2445602417,22556,22566,10
12.9598197937,80.2449111938,22566,22576,10
12.9609203339,80.2454223633,22576,22586,10
12.9622602463,80.2460784912,22586,22596,10
12.9633903503,80.2466430664,22596,22606,10
12.9644002914,80.2470474243,22606,22617,11
12.9658098221,80.247543335,22617,22626,9
12.9666004181,80.2478179932,22626,22637,11
12.9666595459,80.2478485107,22637,22647,10
12.9666996002,80.2479019165,22647,22657,10
12.967089653,80.2481231689,22657,22667,10
12.9679298401,80.2484970093,22667,22677,10
12.9691200256,80.2489776611,22677,22687,10
12.9705696106,80.2495269775,22687,22697,10
12.9721403122,80.2499694824,22697,22707,10
12.973739624,80.2503967285,22707,22717,10
12.9753503799,80.2508468628,22717,22728,11
12.9770002365,80.2513275146,22728,22738,10
12.9781599045,80.2520904541,22738,22748,10
12.9786195755,80.2523880005,22748,22758,10
12.9786996841,80.2524414063,22758,22768,10
12.9797296524,80.2526321411,22768,22788,20
12.9797296524,80.2526321411,22788,22798,10
12.9799699783,80.2526702881,22798,22808,10
12.9805603027,80.2526626587,22808,22818,10
12.9814596176,80.2526626587,22818,22829,11
12.982749939,80.2526168823,22829,22839,10
12.9840898514,80.2523727417,22839,22849,10
12.9853200912,80.2520370483,22849,22859,10
12.9863700867,80.2517623901,22859,22869,10
12.9874801636,80.2513885498,22869,22909,40
12.9874801636,80.2513885498,22909,22919,10
12.9876003265,80.2513809204,22919,22929,10
12.9879598618,80.2512969971,22929,22940,11
12.9888095856,80.2510910034,22940,22950,10
12.9895601273,80.250869751,22950,22960,10
12.9897499084,80.250831604,22960,22970,10
12.9903001785,80.2506866455,22970,22980,10
12.9912099838,80.2504806519,22980,22990,10
12.9923000336,80.2501983643,22990,23000,10
12.9936103821,80.2498779297,23000,23009,9
12.9948596954,80.2495574951,23009,23019,10
12.9964599609,80.249168396,23019,23030,11
12.9982099533,80.2487411499,23030,23041,11
13.0000200272,80.2482910156,23041,23051,10
13.0016202927,80.2478866577,23051,23061,10
13.0030202866,80.2475662231,23061,23071,10
13.004529953,80.2473526001,23071,23081,10
13.0059404373,80.2470626831,23081,23091,10
13.0065202713,80.2465209961,23091,23101,10
13.0065202713,80.2464828491,23101,23111,10
13.0065803528,80.2462081909,23111,23121,10
13.0066204071,80.2455368042,23121,23131,10
13.0066204071,80.2445907593,23131,23141,10
13.0066204071,80.2436294556,23141,23152,11
13.0065803528,80.2425308228,23152,23162,10
13.0066099167,80.2414169312,23162,23172,10
13.0067501068,80.240447998,23172,23182,10
13.0069198608,80.2394332886,23182,23192,10
13.0071401596,80.2382965088,23192,23202,10
13.0073404312,80.2374191284,23202,23212,10
13.0074100494,80.2368164063,23212,23222,10
13.0074501038,80.2366867065,23222,23232,10
13.0075798035,80.2362518311,23232,23242,10
13.0077400208,80.2355575562,23242,23253,11
13.0079603195,80.2344818115,23253,23263,10
13.0081796646,80.2332763672,23263,23273,10
13.0084600449,80.2318191528,23273,23283,10
13.0087604523,80.2302627563,23283,23293,10
13.009059906,80.228729248,23293,23303,10
13.0095500946,80.2273330688,23303,23313,10
13.0101604462,80.2260131836,23313,23323,10
13.0106096268,80.2250289917,23323,23331,8
13.0109796524,80.2242889404,23331,23343,12
13.0113801956,80.2234115601,23343,23354,11
13.0114002228,80.2232513428,23354,23366,12
13.011469841,80.2230987549,23366,23376,10
13.0115699768,80.2226715088,23376,23386,10
13.0119199753,80.2218322754,23386,23396,10
13.0123500824,80.2215118408,23396,23406,10
13.0125904083,80.2219161987,23406,23416,10
13.0131502151,80.2226028442,23416,23426,10
13.013879776,80.223449707,23426,23436,10
13.0146799088,80.2243118286,23436,23446,10
13.0153598785,80.2249221802,23446,23456,10
13.0155496597,80.2250518799,23456,23467,11
13.0156698227,80.225189209,23467,23477,10
13.0160598755,80.2253723145,23477,23487,10
13.0169000626,80.2252120972,23487,23504,17
13.018699646,80.2244796753,23504,23516,12
13.0194997787,80.2244186401,23516,23526,10
13.0197000504,80.2245178223,23526,23536,10
13.0199604034,80.2247161865,23536,23546,10
13.0205602646,80.225151062,23546,23556,10
13.0211801529,80.2256011963,23556,23566,10
13.0217695236,80.2260665894,23566,23577,11
13.0220899582,80.2263183594,23577,23587,10
13.0224399567,80.2265625,23587,23597,10
13.0224895477,80.2266082764,23597,23607,10
13.0226802826,80.2267608643,23607,23617,10
13.0231199265,80.2271881104,23617,23627,10
13.0236196518,80.2276763916,23627,23637,10
13.0241003036,80.2281723022,23637,23647,10
13.024479866,80.2286987305,23647,23657,10
13.0249595642,80.2293624878,23657,23667,10
13.0255403519,80.230140686,23667,23678,11
13.02602005,80.231262207,23678,23688,10
13.026260376,80.2322235107,23688,23698,10
13.0264797211,80.232711792,23698,23708,10
13.0266599655,80.2330627441,23708,23718,10
13.0270395279,80.2336578369,23718,23728,10
13.0274600983,80.2344207764,23728,23737,9
13.0278902054,80.2352294922,23737,23748,11
13.0286798477,80.2362136841,23748,23758,10
13.0294904709,80.2371063232,23758,23768,10
13.0300598145,80.2379989624,23768,23779,11
13.0305099487,80.2387695313,23779,23789,10
13.0308599472,80.2393188477,23789,23799,10
13.0311603546,80.2398376465,23799,23809,10
13.0314397812,80.2405929565,23809,23819,10
13.0317697525,80.2414169312,23819,23829,10
13.0322799683,80.2423019409,23829,23839,10
13.0327997208,80.2429733276,23839,23849,10
13.0337095261,80.2441711426,23849,23859,10
13.0343503952,80.2450790405,23859,23869,10
13.0350503922,80.245880127,23869,23879,10
13.0357599258,80.2461624146,23879,23890,11
13.0358104706,80.2462768555,23890,23900,10
13.0361604691,80.2464370728,23900,23910,10
13.0369701385,80.2465820313,23910,23920,10
13.037610054,80.2464828491,23920,23930,10
13.0384597778,80.2466964722,23930,23940,10
13.0393600464,80.2469177246,23940,23950,10
13.0402803421,80.2470932007,23950,23960,10
13.0415000916,80.2473297119,23960,23970,10
13.0426597595,80.2476501465,23970,23980,10
13.0437602997,80.2478790283,23980,23990,10
13.0442304611,80.2478408813,23990,24001,11
13.0448503494,80.2479476929,24001,24011,10
13.0455303192,80.2483215332,24011,24021,10
13.0464496613,80.2485122681,24021,24031,10
13.0471601486,80.2484817505,24031,24041,10
13.047659874,80.2488632202,24041,24051,10
13.0481700897,80.2493591309,24051,24061,10
13.0487003326,80.2496795654,24061,24071,10
13.0494604111,80.2497711182,24071,24081,10
13.0504302979,80.2499465942,24081,24091,10
13.051440239,80.2502212524,24091,24102,11
13.0523796082,80.2510375977,24102,24112,10
13.0531797409,80.2520980835,24112,24122,10
13.0539197922,80.253112793,24122,24132,10
13.0545396805,80.2539596558,24132,24142,10
13.0550804138,80.2546615601,24142,24152,10
13.0558395386,80.2557296753,24152,24162,10
13.0563802719,80.2564620972,24162,24172,10
13.0571403503,80.2571182251,24172,24182,10
13.0579395294,80.2578811646,24182,24192,10
13.0585403442,80.258682251,24192,24202,10
13.0591201782,80.2594223022,24202,24213,11
13.0596199036,80.2601165771,24213,24223,10
13.0601997375,80.2606506348,24223,24233,10
13.0606002808,80.261138916,24233,24243,10
13.0606899261,80.2612228394,24243,24253,10
13.060959816,80.2615585327,24253,24263,10
13.0614795685,80.2621383667,24263,24273,10
13.0618400574,80.2626037598,24273,24291,18
13.06291008,80.2639923096,24291,24303,12
13.0636997223,80.2651977539,24303,24314,11
13.0644598007,80.2662277222,24314,24324,10
13.0651102066,80.2669830322,24324,24334,10
13.0657596588,80.2674713135,24334,24344,10
13.0658397675,80.2675628662,24344,24354,10
13.0660200119,80.267791748,24354,24364,10
13.0664100647,80.2682723999,24364,24374,10
13.0669002533,80.2686233521,24374,24384,10
13.0675601959,80.2690429688,24384,24394,10
13.0681600571,80.2694168091,24394,24404,10
13.0682601929,80.2699966431,24404,24414,10
13.0681200027,80.2708129883,24414,24424,10
13.0682401657,80.2714996338,24424,24434,10
13.0687904358,80.2719192505,24434,24444,10
13.0695400238,80.2724609375,24444,24455,11
13.0703001022,80.2733078003,24455,24465,10
13.0709695816,80.2740402222,24465,24475,10
13.0710897446,80.2740707397,24475,24485,10
13.0714797974,80.2741928101,24485,24495,10
13.0718297958,80.2744064331,24495,24505,10
13.0723600388,80.2749710083,24505,24515,10
13.0731201172,80.2757797241,24515,24526,11
13.074139595,80.2763519287,24526,24536,10
13.0753202438,80.2762908936,24536,24546,10
13.0762395859,80.2762680054,24546,24556,10
13.0770101547,80.2762298584,24556,24566,10
13.0778398514,80.2761764526,24566,24576,10
13.0782604218,80.275642395,24576,24586,10
13.078669548,80.2751617432,24586,24596,10
13.0795097351,80.2752685547,24596,24606,10
13.0806598663,80.2752380371,24606,24616,10
13.081489563,80.2751312256,24616,24647,31
13.081489563,80.2751312256,24647,24657,10
13.0816898346,80.2751693726,24657,24667,10
13.0819396973,80.2752990723,24667,24677,10
13.0820503235,80.2754516602,24677,24687,10
13.0820798874,80.2757110596,24687,25121,434
13.0820798874,80.2757110596,25121,25131,10
13.0818195343,80.2761306763,25131,25141,10
13.0818195343,80.2765731812,25141,25151,10
13.0818004608,80.2770385742,25151,25162,11
13.0818195343,80.277633667,25162,25172,10
13.0820302963,80.2780685425,25172,25182,10
13.0826702118,80.2780532837,25182,25242,60
13.0826702118,80.2780532837,25242,25252,10
13.0830802917,80.2780838013,25252,25263,11
13.0832996368,80.2781066895,25263,25273,10
13.0834999084,80.2783889771,25273,25283,10
13.0836000443,80.2788925171,25283,25293,10
13.0830802917,80.2788391113,25293,25303,10
13.0824298859,80.2786026001,25303,25333,30
13.0824298859,80.2786026001,25333,25343,10
13.0823898315,80.2785186768,25343,25353,10
13.0820598602,80.2783432007,25353,25363,10
13.0819301605,80.2777862549,25363,25374,11
13.0818595886,80.2772979736,25374,25384,10
13.0818004608,80.2767028809,25384,25394,10
13.0816698074,80.2761001587,25394,25404,10
13.081609726,80.2758407593,25404,25455,51
13.081609726,80.2758407593,25455,25465,10
13.0815200806,80.2754516602,25465,25496,31
13.0815200806,80.2754516602,25496,25506,10
13.0813398361,80.2751998901,25506,25516,10
13.0809497833,80.2752380371,25516,25526,10
13.0803899765,80.2752990723,25526,25536,10
13.0799198151,80.275352478,25536,25546,10
13.0795202255,80.2753219604,25546,25556,10
13.0789604187,80.2751998901,25556,25566,10
13.0782804489,80.2757034302,25566,25576,10
13.0776395798,80.2762374878,25576,25587,11
13.076499939,80.2763137817,25587,25597,10
13.0759000778,80.2763595581,25597,25607,10
13.0756101608,80.2763595581,25607,25617,10
13.0751800537,80.2763595581,25617,25627,10
13.0746097565,80.2763824463,25627,25637,10
13.0741300583,80.2763977051,25637,25647,10
13.0736303329,80.2764205933,25647,25657,10
13.0730695724,80.2758789063,25657,25667,10
13.0725002289,80.2752227783,25667,25677,10
13.0718603134,80.274597168,25677,25688,11
13.0712003708,80.2744827271,25688,25698,10
13.0710296631,80.2744674683,25698,25708,10
13.0708999634,80.2743682861,25708,25718,10
13.0707101822,80.2741775513,25718,25728,10
13.0704603195,80.2736206055,25728,25738,10
13.0699701309,80.2729492188,25738,25748,10
13.0692796707,80.2722167969,25748,25758,10
13.068479538,80.2718200684,25758,25768,10
13.067990303,80.2711791992,25768,25778,10
13.0676603317,80.2706298828,25778,25788,10
13.067029953,80.2700576782,25788,25799,11
13.0664901733,80.269241333,25799,25809,10
13.0663795471,80.2684707642,25809,25819,10
13.0658998489,80.2678527832,25819,25829,10
13.0654201508,80.2676086426,25829,25839,10
13.0651102066,80.2675704956,25839,25849,10
13.0645303726,80.2674636841,25849,25859,10
13.0636701584,80.2673187256,25859,25869,10
13.0627298355,80.2671279907,25869,25879,10
13.0621204376,80.2663497925,25879,25889,10
13.0615797043,80.2656402588,25889,25900,11
13.0612697601,80.2653121948,25900,25910,10
13.0607500076,80.2652435303,25910,25920,10
13.0601902008,80.2654800415,25920,25930,10
13.0595703125,80.2655410767,25930,25940,10
13.0588598251,80.2654037476,25940,25950,10
13.0581598282,80.2650375366,25950,25960,10
13.0579900742,80.2640304565,25960,25970,10
13.0579004288,80.2629013062,25970,25980,10
13.0577602386,80.2619628906,25980,25990,10
13.0575399399,80.2609634399,25990,26000,10
13.057220459,80.2599029541,26000,26011,11
13.0568304062,80.2586135864,26011,26021,10
13.0566196442,80.2576828003,26021,26037,16
13.0564699173,80.2571792603,26037,26049,12
13.0563802719,80.2566070557,26049,26059,10
13.0560102463,80.2559432983,26059,26069,10
13.0555000305,80.2552337646,26069,26078,9
13.0548000336,80.2543182373,26078,26089,11
13.0539302826,80.2531890869,26089,26099,10
13.0532903671,80.252281189,26099,26108,9
13.0526895523,80.2514572144,26108,26119,11
13.0519399643,80.2505264282,26119,26131,12
13.0505800247,80.2499389648,26131,26141,10
13.0492095947,80.2497634888,26141,26151,10
13.0480604172,80.2493515015,26151,26161,10
13.0470399857,80.2486114502,26161,26181,20
13.0470399857,80.2486114502,26181,26191,10
13.0466499329,80.2485427856,26191,26201,10
13.0459604263,80.2484207153,26201,26211,10
13.0452098846,80.2481002808,26211,26222,11
13.0443696976,80.2479629517,26222,26232,10
13.043510437,80.247833252,26232,26242,10
13.0426197052,80.2476272583,26242,26252,10
13.0416603088,80.247428894,26252,26262,10
13.0405797958,80.2472000122,26262,26272,10
13.0396299362,80.2470321655,26272,26282,10
13.0386199951,80.2467498779,26282,26292,10
13.0376901627,80.2466430664,26292,26302,10
13.0368204117,80.2465133667,26302,26312,10
13.0361995697,80.2463989258,26312,26329,17
13.0357198715,80.2462615967,26329,26341,12
13.0353603363,80.2460403442,26341,26351,10
13.0353603363,80.2460327148,26351,26360,9
13.0350999832,80.2457809448,26360,26371,11
13.0345602036,80.2452011108,26371,26381,10
13.0340499878,80.2444992065,26381,26390,9
13.033370018,80.2436599731,26390,26401,11
13.0325098038,80.2425765991,26401,26411,10
13.0318403244,80.241569519,26411,26421,10
13.031370163,80.2406005859,26421,26432,11
13.0311002731,80.239982605,26432,26462,30
13.0311002731,80.239982605,26462,26472,10
13.0310201645,80.2398223877,26472,26502,30
13.0310201645,80.2398223877,26502,26512,10
13.0309696198,80.2397384644,26512,26522,10
13.0307798386,80.2393569946,26522,26532,10
13.0304203033,80.2386779785,26532,26542,10
13.0299196243,80.2377700806,26542,26553,11
13.0291004181,80.2367095947,26553,26563,10
13.0282201767,80.2357330322,26563,26573,10
13.027469635,80.2345733643,26573,26583,10
13.0268297195,80.233581543,26583,26593,10
13.0266304016,80.2332687378,26593,26602,9
13.0265398026,80.2331085205,26602,26613,11
13.0262699127,80.2324829102,26613,26623,10
13.0259895325,80.2316665649,26623,26633,10
13.0256700516,80.2305297852,26633,26644,11
13.0249004364,80.2293701172,26644,26654,10
13.0242395401,80.2285614014,26654,26664,10
13.0233898163,80.2275924683,26664,26694,30
13.0233898163,80.2275924683,26694,26704,10
13.0233097076,80.2274780273,26704,26714,10
13.0230398178,80.2272109985,26714,26724,10
13.0225400925,80.2267608643,26724,26734,10
13.0218801498,80.2261581421,26734,26744,10
13.0201997757,80.224937439,26744,26755,11
13.0201997757,80.224937439,26755,26756,1
13.0201597214,80.2249069214,26756,26795,39
13.0184497833,80.2246398926,26795,26805,10
13.0174503326,80.2250366211,26805,26815,10
13.0163803101,80.2254867554,26815,26825,10
13.0154495239,80.2257766724,26825,26835,10
13.0145101547,80.2261734009,26835,26845,10
13.0142202377,80.22631073,26845,26855,10
13.014169693,80.2263336182,26855,26866,11
13.0137395859,80.2264709473,26866,26876,10
13.0130996704,80.2267227173,26876,26893,17
13.0116796494,80.2272720337,26893,26903,10
13.0106801987,80.2276763916,26903,26913,10
13.0096998215,80.2281112671,26913,26923,10
13.0091495514,80.2285995483,26923,26933,10
13.009059906,80.2292633057,26933,26953,20
13.009059906,80.2292633057,26953,26963,10
13.0089597702,80.2298202515,26963,26974,11
13.0088300705,80.2305526733,26974,26984,10
13.008649826,80.2314834595,26984,26993,9
13.0084600449,80.2324829102,26993,27002,9
13.0083198547,80.2333984375,27002,27014,12
13.0082702637,80.2336425781,27014,27024,10
13.0082302094,80.2337112427,27024,27034,10
13.0081501007,80.2339630127,27034,27044,10
13.0080404282,80.2344970703,27044,27054,10
13.007900238,80.2352218628,27054,27064,10
13.0077400208,80.2361373901,27064,27074,10
13.007519722,80.237197876,27074,27085,11
13.0073099136,80.2382965088,27085,27095,10
13.007229805,80.2386703491,27095,27105,10
13.0072002411,80.238861084,27105,27115,10
13.0071001053,80.2392807007,27115,27125,10
13.006939888,80.2398986816,27125,27176,51
13.006939888,80.2398986816,27176,27186,10
13.006939888,80.2403030396,27186,27196,10
13.0068302155,80.2407989502,27196,27206,10
13.0067501068,80.241569519,27206,27216,10
13.0067501068,80.2425994873,27216,27226,10
13.0067300797,80.2434616089,27226,27236,10
13.0067501068,80.244102478,27236,27246,10
13.0066995621,80.2447662354,27246,27256,10
13.0067300797,80.2453079224,27256,27266,10
13.0067901611,80.2459182739,27266,27275,9
13.0067996979,80.2465896606,27275,27297,22
13.0067996979,80.2465896606,27297,27307,10
13.0067901611,80.2470397949,27307,27317,10
13.0067501068,80.2472763062,27317,27327,10
13.0059499741,80.2473983765,27327,27357,30
13.0059499741,80.2473983765,27357,27367,10
13.0056400299,80.2473907471,27367,27377,10
13.0051002502,80.2474136353,27377,27388,11
13.0042104721,80.2474594116,27388,27398,10
13.0032196045,80.2476196289,27398,27408,10
13.0020999908,80.247833252,27408,27418,10
13.0009298325,80.2481307983,27418,27428,10
12.9996795654,80.2484512329,27428,27438,10
12.9983501434,80.2487869263,27438,27454,16
12.9974098206,80.2490081787,27454,27466,12
12.9972600937,80.2490005493,27466,27474,8
12.9968795776,80.2490692139,27474,27486,12
12.996049881,80.2493362427,27486,27497,11
12.9950304031,80.2496414185,27497,27507,10
12.9939603806,80.2499237061,27507,27517,10
12.992770195,80.250213623,27517,27527,10
12.9909801483,80.2506713867,27527,27545,18
12.9909801483,80.2506713867,27545,27556,11
12.9908599854,80.2506790161,27556,27568,12
12.9902601242,80.2508087158,27568,27578,10
12.9894399643,80.2510223389,27578,27587,9
12.9881601334,80.251373291,27587,27699,112
12.9881601334,80.251373291,27699,27710,11
12.9880199432,80.251411438,27710,27720,10
12.9875802994,80.2515106201,27720,27730,10
12.9868497849,80.251701355,27730,27740,10
12.9859304428,80.2519302368,27740,27750,10
12.9849500656,80.2521820068,27750,27760,10
12.9838895798,80.2524490356,27760,27770,10
12.9827203751,80.2526702881,27770,27780,10
12.9814395905,80.2526931763,27780,27790,10
12.9803304672,80.2527389526,27790,27800,10
12.9797697067,80.252746582,27800,27811,11
12.9790496826,80.2526626587,27811,27821,10
12.9786596298,80.2526016235,27821,27831,10
12.9786396027,80.2525787354,27831,27841,10
12.9783096313,80.2523574829,27841,27851,10
12.9777803421,80.2518997192,27851,27861,10
12.9769601822,80.2513580322,27861,27871,10
12.9759197235,80.2510528564,27871,27881,10
12.9747695923,80.2507095337,27881,27891,10
12.9735002518,80.2503585815,27891,27901,10
12.9721498489,80.25,27901,27911,10
12.9707098007,80.2496185303,27911,27921,10
12.9692602158,80.2490692139,27921,27932,11
12.9677095413,80.2484436035,27932,27942,10
12.9665603638,80.2479171753,27942,27952,10
12.9656400681,80.2475509644,27952,27962,10
12.9651498795,80.2473831177,27962,27972,10
12.9651403427,80.2473831177,27972,27982,10
12.9649600983,80.2473220825,27982,27992,10
12.9644498825,80.2471008301,27992,28002,10
12.9639501572,80.2469100952,28002,28012,10
12.9635295868,80.2467498779,28012,28022,10
12.9629096985,80.2464370728,28022,28039,17
12.9613704681,80.2456970215,28039,28051,12
12.9600896835,80.2451095581,28051,28060,9
12.959569931,80.2448883057,28060,28071,11
12.9594202042,80.2448272705,28071,28082,11
12.9591703415,80.2446975708,28082,28092,10
12.9586200714,80.244430542,28092,28102,10
12.9578800201,80.2441101074,28102,28112,10
12.9570198059,80.2437591553,28112,28122,10
12.9565000534,80.2435531616,28122,28133,11
12.9563503265,80.2434768677,28133,28143,10
12.9558095932,80.243270874,28143,28153,10
12.9550504684,80.2429733276,28153,28163,10
12.9541301727,80.2425918579,28163,28173,10
12.9532403946,80.2422027588,28173,28183,10
12.9522199631,80.2418289185,28183,28193,10
12.9516801834,80.2416534424,28193,28203,10
12.9515695572,80.2416305542,28203,28213,10
12.9513597488,80.2415466309,28213,28223,10
12.950799942,80.2413711548,28223,28234,11
12.9499397278,80.2411117554,28234,28244,10
12.9491901398,80.2408676147,28244,28274,30
12.9491901398,80.2408676147,28274,28284,10
12.9491195679,80.2408294678,28284,28294,10
12.9487304688,80.2406692505,28294,28304,10
12.9480600357,80.2403869629,28304,28314,10
12.9471597672,80.2400436401,28314,28334,20
12.9471597672,80.2400436401,28334,28345,11
12.9468002319,80.2398986816,28345,28355,10
12.9462003708,80.2396392822,28355,28365,10
12.9454402924,80.2392730713,28365,28375,10
12.9446897507,80.2385635376,28375,28385,10
12.9439201355,80.2377090454,28385,28395,10
12.9430599213,80.2368164063,28395,28405,10
12.9418201447,80.2363128662,28405,28415,10
12.940489769,80.236000061,28415,28425,10
12.9398097992,80.2358169556,28425,28446,21
12.9398097992,80.2358169556,28446,28456,10
12.9395799637,80.2356796265,28456,28466,10
12.9390201569,80.2353973389,28466,28476,10
12.9382095337,80.2350006104,28476,28486,10
12.9372701645,80.2345275879,28486,28496,10
12.9362802505,80.2340621948,28496,28506,10
12.9358901978,80.2338867188,28506,28516,10
12.9358797073,80.2338790894,28516,28526,10
12.9355401993,80.2337265015,28526,28536,10
12.9349098206,80.2334365845,28536,28546,10
12.9340600967,80.2330703735,28546,28557,11
12.9338798523,80.233001709,28557,28567,10
12.9335699081,80.2328720093,28567,28577,10
12.9329795837,80.2325592041,28577,28587,10
12.9321498871,80.2322463989,28587,28597,10
12.9311304092,80.2319030762,28597,28607,10
12.9300203323,80.2315673828,28607,28617,10
12.9291696548,80.2313995361,28617,28627,10
12.9289798737,80.2313690186,28627,28637,10
12.9285097122,80.2312927246,28637,28647,10
12.927740097,80.2311782837,28647,28658,11
12.9266300201,80.2310791016,28658,28667,9
12.9260797501,80.2310180664,28667,28678,11
12.9259595871,80.231010437,28678,28688,10
12.9254999161,80.2309494019,28688,28698,10
12.9247999191,80.2308425903,28698,28708,10
12.9238996506,80.23072052,28708,28718,10
12.922829628,80.2305679321,28718,28728,10
12.9216098785,80.2303771973,28728,28738,10
12.9202604294,80.2302017212,28738,28748,10
12.9188098907,80.2300186157,28748,28758,10
12.9174003601,80.2298431396,28758,28779,21
12.9174003601,80.2298431396,28779,28789,10
12.917090416,80.2297897339,28789,28799,10
12.9164400101,80.2296981812,28799,28809,10
12.9155502319,80.2295837402,28809,28819,10
12.9144802094,80.2294235229,28819,28829,10
12.9134197235,80.229309082,28829,28839,10
12.913189888,80.2293014526,28839,28849,10
12.9131498337,80.2292861938,28849,28859,10
12.9126996994,80.2292175293,28859,28870,11
12.911860466,80.2290802002,28870,28880,10
12.9108695984,80.2289428711,28880,28890,10
12.9097499847,80.228767395,28890,28900,10
12.908539772,80.2285766602,28900,28910,10
12.9074697495,80.2284164429,28910,28926,16
12.9063997269,80.228302002,28926,28938,12
12.9062595367,80.2282867432,28938,28946,8
12.906129837,80.2282791138,28946,28958,12
12.9054203033,80.2282333374,28958,28968,10
12.9045000076,80.2281723022,28968,28979,11
12.9032802582,80.2281036377,28979,28989,10
12.9020395279,80.2280426025,28989,28999,10
12.9011898041,80.2280197144,28999,29009,10
12.9005002975,80.2279586792,29009,29019,10
12.8997001648,80.2279281616,29019,29029,10
12.8990802765,80.227897644,29029,29059,30
12.8990802765,80.227897644,29059,29069,10
12.8990697861,80.2278900146,29069,29080,11
12.8986597061,80.2278366089,29080,29090,10
12.897939682,80.2277984619,29090,29100,10
12.8969898224,80.2277526855,29100,29110,10
12.8958797455,80.2276992798,29110,29120,10
12.8946199417,80.2276535034,29120,29130,10
12.8933897018,80.2275390625,29130,29140,10
12.8927602768,80.2274932861,29140,29180,40
12.8927602768,80.2274932861,29180,29191,11
12.892490387,80.2274627686,29191,29201,10
12.8919200897,80.2274169922,29201,29211,10
12.8910503387,80.2274017334,29211,29221,10
12.8899698257,80.2273788452,29221,29231,10
12.8887395859,80.2273712158,29231,29241,10
12.8874502182,80.2272720337,29241,29251,10
12.8861103058,80.2269668579,29251,29261,10
12.8850402832,80.2267608643,29261,29271,10
12.8848199844,80.2267532349,29271,29281,10
12.8845500946,80.2267379761,29281,29292,11
12.8837995529,80.2267379761,29292,29302,10
12.8828001022,80.2267608643,29302,29312,10
12.8816699982,80.2267608643,29312,29322,10
12.8804502487,80.2267837524,29322,29332,10
12.8793401718,80.2267913818,29332,29342,10
12.8782300949,80.2268600464,29342,29352,10
12.8771896362,80.2269363403,29352,29362,10
12.876540184,80.2269973755,29362,29372,10
12.8764200211,80.2269973755,29372,29382,10
12.8761997223,80.2269973755,29382,29392,10
12.8755998611,80.2269821167,29392,29403,11
12.8746299744,80.2268829346,29403,29413,10
12.8735303879,80.2267608643,29413,29423,10
12.8726701736,80.2267379761,29423,29433,10
12.8725996017,80.2267379761,29433,29443,10
12.8723201752,80.2267303467,29443,29460,17
12.8710203171,80.2266693115,29460,29472,12
12.8697299957,80.2265625,29472,29482,10
12.8684997559,80.2264328003,29482,29492,10
12.8671503067,80.2265014648,29492,29502,10
12.8657197952,80.2266235352,29502,29512,10
12.8642196655,80.2265777588,29512,29522,10
12.8626699448,80.2265625,29522,29533,11
12.8612298965,80.2266387939,29533,29543,10
12.8608903885,80.2266387939,29543,29553,10
12.8607797623,80.2266235352,29553,29563,10
12.8602199554,80.2265396118,29563,29573,10
12.8594198227,80.2264328003,29573,29583,10
12.8590202332,80.2263717651,29583,29593,10
12.8584899902,80.2263031006,29593,29603,10
12.8576698303,80.2262878418,29603,29613,10
12.8566303253,80.2263793945,29613,29624,11
12.855340004,80.2265090942,29624,29634,10
12.8540000916,80.2266387939,29634,29644,10
12.8525495529,80.2266998291,29644,29654,10
12.8510103226,80.2266311646,29654,29664,10
12.8498497009,80.2266311646,29664,29674,10
12.8496799469,80.2266387939,29674,29684,10
12.8494100571,80.2266311646,29684,29694,10
12.848739624,80.2266235352,29694,29704,10
12.8477697372,80.2266311646,29704,29714,10
12.846619606,80.2266235352,29714,29724,10
12.845749855,80.2266235352,29724,29741,17
12.8455495834,80.2266387939,29741,29753,12
12.8453798294,80.2266082764,29753,29763,10
12.8449802399,80.2266387939,29763,29773,10
12.8440904617,80.2267379761,29773,29783,10
12.8430204391,80.2269134521,29783,29792,9
12.8418598175,80.227142334,29792,29803,11
12.8412599564,80.2273330688,29803,29823,20
12.8412599564,80.2273330688,29823,29834,11
12.8411903381,80.2273406982,29834,29844,10
12.8411302567,80.2273635864,29844,29854,10
12.8409700394,80.2274093628,29854,29874,20
12.8408498764,80.2274475098,29874,29935,61
12.8408498764,80.2274475098,29935,29945,10
12.8406000137,80.2275314331,29945,29955,10
12.8403997421,80.2276000977,29955,30005,50
12.8403997421,80.2276000977,30005,30015,10
12.8400096893,80.227722168,30015,30056,41
12.8400096893,80.227722168,30056,30066,10
12.8397903442,80.2277984619,30066,30076,10
12.8397798538,80.2277984619,30076,30086,10
12.8394804001,80.227897644,30086,30096,10
12.8388395309,80.2279815674,30096,30106,10
12.8379402161,80.2281799316,30106,30116,10
12.8368501663,80.2283782959,30116,30126,10
12.8355798721,80.2285614014,30126,30136,10
12.8341798782,80.2287826538,30136,30147,11
12.8325300217,80.229133606,30147,30167,20
12.8325300217,80.229133606,30167,30177,10
12.8324699402,80.2291412354,30177,30187,10
12.832280159,80.2291564941,30187,30197,10
12.832159996,80.2291793823,30197,30207,10
12.8316202164,80.2293014526,30207,30217,10
12.8307600021,80.2295684814,30217,30227,10
12.8296804428,80.2299728394,30227,30237,10
12.8284702301,80.2305297852,30237,30253,16
12.8263597488,80.2313766479,30253,30266,13
12.824760437,80.2314071655,30266,30276,10
12.823390007,80.2310562134,30276,30286,10
12.8221797943,80.2306900024,30286,30296,10
12.8214101791,80.2305297852,30296,30304,8
12.820690155,80.230506897,30304,30316,12
12.8193397522,80.2305297852,30316,30325,9
12.818860054,80.2304992676,30325,30336,11
12.8186302185,80.2303466797,30336,30346,10
12.8179798126,80.2300415039,30346,30356,10
12.8170204163,80.229637146,30356,30367,11
12.8156995773,80.2294006348,30367,30377,10
12.814330101,80.2292022705,30377,30387,10
12.8128795624,80.228767395,30387,30397,10
12.8113803864,80.2282409668,30397,30407,10
12.8099603653,80.2276535034,30407,30417,10
12.8086795807,80.2268829346,30417,30427,10
12.8075199127,80.2258987427,30427,30437,10
12.8065795898,80.2250671387,30437,30447,10
12.8057603836,80.2243423462,30447,30457,10
12.8053302765,80.2240982056,30457,30468,11
12.8051700592,80.2240524292,30468,30478,10
12.8050203323,80.2240066528,30478,30488,10
12.804980278,80.2240219116,30488,30498,10
12.8045797348,80.2239532471,30498,30508,10
12.8037700653,80.2238998413,30508,30518,10
12.8027000427,80.223777771,30518,30528,10
12.8014497757,80.2236404419,30528,30538,10
12.800860405,80.2236175537,30538,30548,10
12.8007497787,80.2235794067,30548,30558,10
12.8002195358,80.2235107422,30558,30568,10
12.7993602753,80.2234573364,30568,30579,11
12.7981100082,80.2233200073,30579,30589,10
12.7967300415,80.2231216431,30589,30599,10
12.7958402634,80.2229766846,30599,30608,9
12.7957897186,80.2229919434,30608,30619,11
12.795630455,80.2229690552,30619,30629,10
12.7950000763,80.2228393555,30629,30639,10
12.7940196991,80.2226715088,30639,30649,10
12.792840004,80.2225036621,30649,30659,10
12.7915401459,80.2222137451,30659,30669,10
12.7902002335,80.221862793,30669,30680,11
12.7891902924,80.2215423584,30680,30690,10
12.7881202698,80.2211227417,30690,30700,10
12.7875900269,80.2209014893,30700,30710,10
12.7871398926,80.2207183838,30710,30720,10
12.7867202759,80.2205429077,30720,30750,30
12.7867202759,80.2205429077,30750,30760,10
12.7866201401,80.2204971313,30760,30770,10
12.7862300873,80.2203598022,30770,30780,10
12.786190033,80.2204971313,30780,30791,11
12.7861795425,80.2209320068,30791,30801,10
12.7862300873,80.2215194702,30801,30811,10
12.7862997055,80.2220001221,30811,32093,1282
12.7862997055,80.2220001221,32093,32103,10
12.7863502502,80.2216567993,32103,32113,10
12.7862701416,80.2211837769,32113,32123,10
12.786239624,80.2207870483,32123,32133,10
12.7862195969,80.2205886841,32133,32143,10
12.786239624,80.220489502,32143,32153,10
12.7862701416,80.2203292847,32153,32163,10
12.7863798141,80.2203369141,32163,32174,11
12.7866001129,80.2204437256,32174,32194,20
12.7866001129,80.2204437256,32194,32204,10
12.7867202759,80.2205429077,32204,32214,10
12.7868299484,80.2205810547,32214,32224,10
12.7871303558,80.220703125,32224,32234,10
12.787560463,80.2208633423,32234,32244,10
12.7882099152,80.2211074829,32244,32254,10
12.7890195847,80.2214202881,32254,32264,10
12.7896404266,80.2216415405,32264,32275,11
12.7902202606,80.221786499,32275,32285,10
12.7910203934,80.2219619751,32285,32426,141
12.7910203934,80.2219619751,32426,32436,10
12.7913703918,80.2220611572,32436,32446,10
12.7922000885,80.2222824097,32446,32456,10
12.793419838,80.2225036621,32456,32466,10
12.7947597504,80.2227020264,32466,32476,10
12.7959003448,80.2229003906,32476,32487,11
12.7965898514,80.2229995728,32487,32497,10
12.7968101501,80.2230377197,32497,32507,10
12.7974996567,80.22315979,32507,32517,10
12.798500061,80.2232818604,32517,32527,10
12.7997303009,80.2234191895,32527,32537,10
12.8010597229,80.2235412598,32537,32547,10
12.8018102646,80.2236022949,32547,32557,10
12.8018598557,80.2236022949,32557,32567,10
12.8023195267,80.2236633301,32567,32577,10
12.8031396866,80.2237930298,32577,32587,10
12.8040103912,80.2237930298,32587,32597,10
12.8049497604,80.2239532471,32597,32614,17
12.8055896759,80.2241287231,32614,32626,12
12.8057699203,80.2242736816,32626,32636,10
12.8063097,80.2247314453,32636,32644,8
12.8068799973,80.2252502441,32644,32656,12
12.8079099655,80.2261123657,32656,32666,10
12.8086996078,80.2267608643,32666,32676,10
12.8094797134,80.2273635864,32676,32686,10
12.8104801178,80.2278289795,32686,32696,10
12.8115196228,80.2282409668,32696,32707,11
12.812789917,80.2286987305,32707,32717,10
12.8140802383,80.2291030884,32717,32727,10
12.815489769,80.2293395996,32727,32737,10
12.8169698715,80.2295913696,32737,32747,10
12.81828022,80.230140686,32747,32757,10
12.8197498322,80.2304382324,32757,32787,30
12.8197498322,80.2304382324,32787,32797,10
12.8201303482,80.2304382324,32797,32807,10
12.8207597733,80.2304229736,32807,32818,11
12.8214797974,80.2304382324,32818,32828,10
12.8220996857,80.2305526733,32828,32838,10
12.8226203918,80.2307128906,32838,32848,10
12.8232603073,80.2309112549,32848,32858,10
12.8236703873,80.231010437,32858,32868,10
12.8239803314,80.2310562134,32868,32898,30
12.8239803314,80.2310562134,32898,32908,10
12.824139595,80.2311172485,32908,32919,11
12.8247098923,80.2312774658,32919,32929,10
12.8255395889,80.231338501,32929,32939,10
12.8265895844,80.2312774658,32939,32949,10
12.8276596069,80.2309188843,32949,32959,10
12.8287696838,80.2303009033,32959,32969,10
12.830039978,80.2297592163,32969,32979,10
12.8309497833,80.2293624878,32979,33009,30
12.8309497833,80.2293624878,33009,33019,10
12.8313598633,80.2292480469,33019,33030,11
12.8317203522,80.2291183472,33030,33040,10
12.8319597244,80.2290802002,33040,33050,10
12.8324604034,80.2289886475,33050,33060,10
12.8332395554,80.2288589478,33060,33070,10
12.834230423,80.2286834717,33070,33080,10
12.8353595734,80.2284927368,33080,33090,10
12.8366003036,80.2283096313,33090,33100,10
12.8378400803,80.2281188965,33100,33110,10
12.8388395309,80.2278823853,33110,33120,10
12.83934021,80.2277526855,33120,33191,71
12.83934021,80.2277526855,33191,33207,16
12.8396501541,80.2276992798,33207,33219,12
12.8401699066,80.2275238037,33219,33227,8
12.8407297134,80.2273635864,33227,33239,12
12.8418703079,80.2270507813,33239,33250,11
12.8430595398,80.2267684937,33250,33260,10
12.8442401886,80.2265777588,33260,33270,10
12.8455295563,80.2265090942,33270,33290,20
12.8455295563,80.2265090942,33290,33301,11
12.8456497192,80.2265319824,33301,33311,10
12.8458795547,80.2265090942,33311,33321,10
12.846159935,80.2265396118,33321,33331,10
12.8467998505,80.2265625,33331,33341,10
12.8476400375,80.2265625,33341,33352,11
12.8486995697,80.2265396118,33352,33362,10
12.849729538,80.2265396118,33362,33372,10
12.8507699966,80.2265396118,33372,33382,10
12.8517799377,80.2265701294,33382,33392,10
12.8530397415,80.2266082764,33392,33449,57
12.8530397415,80.2266082764,33449,33461,12
12.8538198471,80.2265625,33461,33471,10
12.8544902802,80.2265014648,33471,33481,10
12.855389595,80.2264022827,33481,33490,9
12.8563499451,80.2263031006,33490,33501,11
12.8576698303,80.2261886597,33501,33510,9
12.8586597443,80.2261962891,33510,33521,11
12.8602104187,80.2264175415,33521,33531,10
12.8606996536,80.2264709473,33531,33541,10
12.8607902527,80.2265014648,33541,33551,10
12.8611402512,80.2265167236,33551,33561,10
12.8618097305,80.2265167236,33561,33572,11
12.8628101349,80.2264633179,33572,33582,10
12.8638801575,80.2264785767,33582,33592,10
12.8651399612,80.2265396118,33592,33602,10
12.8665399551,80.2264785767,33602,33612,10
12.8680095673,80.2263412476,33612,33622,10
12.8695402145,80.2264099121,33622,33632,10
12.8711900711,80.2265777588,33632,33642,10
12.8724002838,80.2266082764,33642,33652,10
12.8729496002,80.2265777588,33652,33662,10
12.8730602264,80.226600647,33662,33673,11
12.8735704422,80.2266387939,33673,33683,10
12.8743400574,80.2267303467,33683,33693,10
12.8753299713,80.2268600464,33693,33703,10
12.876250267,80.226890564,33703,33713,10
12.8765497208,80.2268600464,33713,33723,10
12.8767499924,80.226852417,33723,33733,10
12.8768701553,80.2268371582,33733,33743,10
12.877240181,80.2268295288,33743,33753,10
12.8779401779,80.2267684937,33753,33763,10
12.8788604736,80.2266998291,33763,33773,10
12.8799200058,80.2266693115,33773,33784,11
12.8813199997,80.2266464233,33784,33794,10
12.8827199936,80.2266311646,33794,33804,10
12.884180069,80.2266235352,33804,33814,10
12.8850498199,80.2266235352,33814,33824,10
12.8851995468,80.2266235352,33824,33834,10
12.8854398727,80.2266693115,33834,33844,10
12.8860301971,80.2268295288,33844,33854,10
12.8868904114,80.2270584106,33854,33864,10
12.8879203796,80.2272262573,33864,33874,10
12.8890895844,80.2273101807,33874,33885,11
12.890540123,80.2273025513,33885,33895,10
12.8921098709,80.2272720337,33895,33915,20
12.8921098709,80.2272720337,33915,33925,10
12.8922901154,80.2273025513,33925,33935,10
12.8928003311,80.2273712158,33935,33945,10
12.8935403824,80.2274627686,33945,33955,10
12.8944797516,80.2275619507,33955,33965,10
12.8955202103,80.2276306152,33965,33975,10
12.8966503143,80.2276687622,33975,33985,10
12.8976602554,80.227722168,33985,33996,11
12.898850441,80.2277297974,33996,34056,60
12.898850441,80.2277297974,34056,34066,10
12.899020195,80.2277374268,34066,34076,10
12.8991603851,80.2277526855,34076,34086,10
12.8995599747,80.2277984619,34086,34097,11
12.9001598358,80.2278366089,34097,34107,10
12.9006099701,80.2278594971,34107,34117,10
12.9011201859,80.2278823853,34117,34127,10
12.9014596939,80.2279434204,34127,34137,10
12.901889801,80.2279434204,34137,34147,10
12.9022197723,80.2279510498,34147,34157,10
12.902680397,80.2279815674,34157,34167,10
12.9031295776,80.2279586792,34167,34177,10
12.9033002853,80.2279663086,34177,34187,10
12.9036598206,80.2280273438,34187,34197,10
12.9039802551,80.2280578613,34197,34208,11
12.9047203064,80.2281036377,34208,34218,10
12.9050703049,80.2281036377,34218,34238,20
12.9051799774,80.2281036377,34238,34258,20
12.9051799774,80.2281036377,34258,34268,10
12.9056396484,80.2281265259,34268,34278,10
12.9058599472,80.2281494141,34278,34288,10
12.9059495926,80.2281570435,34288,34298,10
12.9063997269,80.2281799316,34298,34329,31
12.9063997269,80.2281799316,34329,34339,10
12.9065799713,80.2282028198,34339,34349,10
12.9070701599,80.2282791138,34349,34359,10
12.9078598022,80.2284011841,34359,34369,10
12.9089202881,80.2285385132,34369,34379,10
12.910030365,80.228729248,34379,34389,10
12.9115495682,80.2289810181,34389,34399,10
12.912899971,80.2291564941,34399,34409,10
12.9138202667,80.2292404175,34409,34420,11
12.9140100479,80.2292709351,34420,34430,10
12.9141702652,80.2293014526,34430,34440,10
12.9146604538,80.2293624878,34440,34450,10
12.9153795242,80.2294692993,34450,34460,10
12.9163999557,80.2296218872,34460,34470,10
12.9169797897,80.2297134399,34470,34480,10
12.9174003601,80.2297668457,34480,34490,10
12.9178800583,80.229850769,34490,34500,10
12.9186296463,80.2299499512,34500,34510,10
12.9196395874,80.2300796509,34510,34521,11
12.920920372,80.2302398682,34521,34531,10
12.9222202301,80.2304229736,34531,34541,10
12.9236602783,80.2306518555,34541,34551,10
12.9251499176,80.2308273315,34551,34561,10
12.9262504578,80.2309417725,34561,34571,10
12.9265003204,80.2309494019,34571,34581,10
12.9267702103,80.2309875488,34581,34591,10
12.9273996353,80.2310562134,34591,34601,10
12.9288396835,80.2312393188,34601,34621,20
12.9288396835,80.2312393188,34621,34632,11
12.9292802811,80.2313537598,34632,34642,10
12.9300003052,80.2315216064,34642,34652,10
12.9309301376,80.2317810059,34652,34662,10
12.9319896698,80.2321166992,34662,34672,10
12.9336299896,80.2327270508,34672,34692,20
12.9336299896,80.2327270508,34692,34708,16
12.9342002869,80.2329788208,34708,34720,12
12.9351902008,80.2333908081,34720,34728,8
12.9359197617,80.2337112427,34728,34741,13
12.9372797012,80.234413147,34741,34751,10
12.93846035,80.2350006104,34751,34760,9
12.9391803741,80.2353515625,34760,34771,11
12.9394397736,80.2354736328,34771,34781,10
12.9397497177,80.2356185913,34781,34791,10
12.9397802353,80.2356414795,34791,34800,9
12.9399995804,80.2357330322,34800,34811,11
12.940580368,80.2359390259,34811,34821,10
12.9412899017,80.2361221313,34821,34831,10
12.9422397614,80.2363586426,34831,34841,10
12.9432401657,80.236869812,34841,34852,11
12.9441604614,80.2378616333,34852,34862,10
12.9449796677,80.2387619019,34862,34872,10
12.9457197189,80.2393417358,34872,34882,10
12.9464302063,80.2395935059,34882,34912,30
12.9465303421,80.2396316528,34912,35064,152
12.9465303421,80.2396316528,35064,35074,10
12.9467201233,80.2397003174,35074,35084,10
12.9470100403,80.2398376465,35084,35094,10
12.9474697113,80.2400512695,35094,35104,10
12.9480695724,80.2402877808,35104,35114,10
12.9486503601,80.2405319214,35114,35124,10
12.9491500854,80.240737915,35124,35134,10
12.9497900009,80.2409667969,35134,35144,10
12.9503803253,80.2411499023,35144,35154,10
12.9508399963,80.2413330078,35154,35165,11
12.9513301849,80.2414474487,35165,35175,10
12.9516401291,80.2415618896,35175,35185,10
12.9522304535,80.2417984009,35185,35195,10
12.953040123,80.2420883179,35195,35205,10
12.9535903931,80.2422714233,35205,35225,20
12.9535903931,80.2422714233,35225,35235,10
12.9537801743,80.2423629761,35235,35245,10
12.954079628,80.2424926758,35245,35255,10
12.9546003342,80.242729187,35255,35265,10
12.9553003311,80.242980957,35265,35276,11
12.9560403824,80.2431716919,35276,35296,20
12.9560403824,80.2431716919,35296,35306,10
12.9562196732,80.2432327271,35306,35316,10
12.956319809,80.243270874,35316,35326,10
12.9564399719,80.2433166504,35326,35336,10
12.9569797516,80.2435913086,35336,35346,10
12.9577903748,80.2439804077,35346,35356,10
12.9586400986,80.2443237305,35356,35366,10
12.9589796066,80.244468689,35366,35376,10
12.959400177,80.2446670532,35376,35387,11
12.9601802826,80.2450180054,35387,35397,10
12.9611501694,80.2454681396,35397,35407,10
12.9621400833,80.2459793091,35407,35417,10
12.9625902176,80.2462005615,35417,35427,10
12.9630002975,80.2464370728,35427,35437,10
12.9635601044,80.2467193604,35437,35447,10
12.964220047,80.2469787598,35447,35457,10
12.9650497437,80.2472610474,35457,35467,10
12.965880394,80.2475280762,35467,35477,10
12.9664802551,80.2477798462,35477,35488,11
12.9669399261,80.2479782104,35488,35508,20
12.9669399261,80.2479782104,35508,35518,10
12.9671497345,80.2480773926,35518,35528,10
12.9677000046,80.2483291626,35528,35538,10
12.9685401917,80.2486801147,35538,35548,10
12.9695997238,80.2491226196,35548,35558,10
12.9708003998,80.2495803833,35558,35568,10
12.9721698761,80.249961853,35568,35578,10
12.97356987,80.250328064,35578,35588,10
12.9749603271,80.2507171631,35588,35599,11
12.9765195847,80.251159668,35599,35609,10
12.9776096344,80.2516174316,35609,35619,10
12.9780502319,80.2519607544,35619,35649,30
12.9780502319,80.2519607544,35649,35659,10
12.9781303406,80.2520370483,35659,35669,10
12.9784002304,80.2522277832,35669,35679,10
12.9785804749,80.2523422241,35679,35841,162
12.9785804749,80.2523422241,35841,35851,10
12.9786701202,80.2523803711,35851,35861,10
12.9787197113,80.2524032593,35861,35871,10
12.9789896011,80.2525100708,35871,35881,10
12.9792804718,80.2525482178,35881,35891,10
12.9795799255,80.2525787354,35891,35901,10
12.9799003601,80.2526168823,35901,35911,10
12.9801397324,80.2526321411,35911,35922,11
12.9805498123,80.2526321411,35922,35932,10
12.9812402725,80.2526092529,35932,35942,10
12.982170105,80.252571106,35942,35952,10
12.9829998016,80.2524795532,35952,36315,363
12.9829998016,80.2524795532,36315,36325,10
12.9832401276,80.252456665,36325,36335,10
12.9836196899,80.2524108887,36335,36346,11
12.9842700958,80.2522506714,36346,36356,10
12.9847803116,80.2521209717,36356,36366,10
12.9853000641,80.2519836426,36366,36376,10
12.985619545,80.2518768311,36376,36386,10
12.9858102798,80.2518386841,36386,36396,10
12.9861402512,80.2517471313,36396,36406,10
12.9863901138,80.251701355,36406,36416,10
12.9868297577,80.2515792847,36416,36426,10
12.9873199463,80.2514266968,36426,36436,10
12.9877099991,80.2513198853,36436,36446,10
12.9884796143,80.2511367798,36446,36457,11
12.9894800186,80.250869751,36457,36467,10
12.9895801544,80.2508468628,36467,36477,10
12.9899997711,80.2507781982,36477,36487,10
12.9909200668,80.2505569458,36487,36497,10
12.9921197891,80.2502593994,36497,36507,10
12.9936199188,80.2498779297,36507,36517,10
12.9952001572,80.249458313,36517,36527,10
12.9967498779,80.2490921021,36527,36537,10
12.9982404709,80.2487030029,36537,36547,10
12.9999103546,80.2482910156,36547,36558,11
13.0015296936,80.2478866577,36558,36568,10
13.0024900436,80.2476501465,36568,36577,9
13.0034399033,80.2474899292,36577,36588,11
13.00481987,80.2473373413,36588,36598,10
13.0059204102,80.2471008301,36598,36638,40
13.0059204102,80.2471008301,36638,36647,9
13.0060501099,80.2470321655,36647,36739,92
13.0060501099,80.2470321655,36739,36749,10
13.0062799454,80.2467422485,36749,36800,51
13.0062799454,80.2467422485,36800,36810,10
13.0065097809,80.2464523315,36810,36820,10
13.0065803528,80.2462615967,36820,36830,10
13.0066003799,80.2459030151,36830,36850,20
13.0066003799,80.2459030151,36850,36860,10
13.0066204071,80.2457199097,36860,36870,10
13.0066404343,80.2454833984,36870,36881,11
13.0066299438,80.2452392578,36881,36891,10
13.0066404343,80.2452392578,36891,36901,10
13.0066404343,80.2450027466,36901,36911,10
13.0065803528,80.2446899414,36911,36921,10
13.0066099167,80.2445373535,36921,36931,10
13.0066404343,80.2444381714,36931,36941,10
13.0066604614,80.2443466187,36941,36951,10
13.006649971,80.2441635132,36951,36971,20
13.0066404343,80.243927002,36971,37072,101
13.0066404343,80.243927002,37072,37082,10
13.006649971,80.2436904907,37082,37093,11
13.006649971,80.2434005737,37093,37103,10
13.0066204071,80.2429428101,37103,37113,10
13.0065603256,80.2421798706,37113,37123,10
13.0065402985,80.2415618896,37123,37133,10
13.0066003799,80.2410125732,37133,37143,10
13.0066404343,80.2403182983,37143,37153,10
13.0068597794,80.2393188477,37153,37163,10
13.0071201324,80.2381362915,37163,37173,10
13.0073604584,80.2370529175,37173,37183,10
13.0074396133,80.2365875244,37183,37193,10
13.0074396133,80.2366027832,37193,37204,11
13.0075702667,80.236289978,37204,37214,10
13.0076704025,80.2357330322,37214,37224,10
13.0078496933,80.23487854,37224,37234,10
13.0080499649,80.2338180542,37234,37244,10
13.0082902908,80.2325820923,37244,37254,10
13.0085296631,80.2311630249,37254,37264,10
13.0088100433,80.2297668457,37264,37274,10
13.0090904236,80.2283782959,37274,37284,10
13.009469986,80.2273712158,37284,37294,10
13.0101099014,80.22605896,37294,37304,10
13.0106201172,80.2250366211,37304,37315,11
13.0111999512,80.2237930298,37315,37355,40
13.0111999512,80.2237930298,37355,37365,10
13.0114002228,80.2233810425,37365,37375,10
13.011639595,80.2227783203,37375,37385,10
13.0120000839,80.2219467163,37385,37395,10
13.0122900009,80.221496582,37395,37405,10
13.0125303268,80.2216873169,37405,37417,12
13.0129804611,80.2223815918,37417,37427,10
13.013469696,80.2229003906,37427,37437,10
13.0137195587,80.2232208252,37437,37447,10
13.0140399933,80.2236633301,37447,37457,10
13.0145196915,80.2240829468,37457,37467,10
13.0149002075,80.2244110107,37467,37477,10
13.0151901245,80.2247695923,37477,37487,10
13.0155200958,80.2249984741,37487,37507,20
13.0155200958,80.2249984741,37507,37517,10
13.0158700943,80.2253265381,37517,37528,11
13.016169548,80.2253799438,37528,37538,10
13.0165395737,80.2253189087,37538,37548,10
13.01720047,80.2250671387,37548,37558,10
13.0180397034,80.2247009277,37558,37568,10
13.0188903809,80.2243499756,37568,37578,10
13.0193996429,80.2243423462,37578,37608,30
13.0193996429,80.2243423462,37608,37618,10
13.0197095871,80.2245483398,37618,37629,11
13.0199604034,80.2247619629,37629,37639,10
13.0204801559,80.2251434326,37639,37649,10
13.0211400986,80.2255935669,37649,37659,10
13.0214996338,80.2258834839,37659,37669,10
13.0218000412,80.2260894775,37669,37679,10
13.022359848,80.2265014648,37679,37689,10
13.0223999023,80.2265701294,37689,37729,40
13.0223999023,80.2265701294,37729,37740,11
13.0227003098,80.2268600464,37740,37762,22
13.0227003098,80.2268600464,37762,37772,10
13.022769928,80.2269210815,37772,37781,9
13.0228700638,80.2270431519,37781,37792,11
13.022939682,80.2271194458,37792,37802,10
13.0230903625,80.2272567749,37802,37812,10
13.0232400894,80.2274093628,37812,37822,10
13.0234203339,80.2275390625,37822,37832,10
13.023440361,80.2275619507,37832,37842,10
13.0237598419,80.2277832031,37842,37863,21
13.0237598419,80.2277832031,37863,37873,10
13.0240097046,80.2280273438,37873,37883,10
13.0242795944,80.2283172607,37883,37893,10
13.024479866,80.2285919189,37893,37903,10
13.0245304108,80.2287216187,37903,37913,10
13.0246400833,80.2289199829,37913,37923,10
13.0247402191,80.229133606,37923,37933,10
13.0250701904,80.2294769287,37933,37943,10
13.02546978,80.2299575806,37943,37954,11
13.0256795883,80.2302627563,37954,37964,10
13.0257396698,80.2304077148,37964,37974,10
13.0258398056,80.2306137085,37974,37984,10
13.0258903503,80.2308883667,37984,37994,10
13.0260095596,80.2313079834,37994,38044,50
13.0260095596,80.2313079834,38044,38054,10
13.0259599686,80.2315368652,38054,38065,11
13.0261001587,80.2319412231,38065,38074,9
13.0264196396,80.2326202393,38074,38095,21
13.0264196396,80.2326202393,38095,38105,10
13.0265197754,80.2328262329,38105,38115,10
13.026720047,80.2332305908,38115,38125,10
13.0270700455,80.2337799072,38125,38135,10
13.0275001526,80.2345581055,38135,38145,10
13.0278596878,80.2352294922,38145,38155,10
13.0283098221,80.2358093262,38155,38165,10
13.0289802551,80.2365493774,38165,38176,11
13.0295801163,80.2371520996,38176,38196,20
13.0295801163,80.2371520996,38196,38206,10
13.0296401978,80.2373504639,38206,38216,10
13.0299396515,80.2378463745,38216,38226,10
13.030380249,80.2385406494,38226,38236,10
13.0308704376,80.2392578125,38236,38256,20
13.0308704376,80.2392578125,38256,38266,10
13.0310001373,80.2395172119,38266,38317,51
13.0310001373,80.2395172119,38317,38327,10
13.0311203003,80.2397613525,38327,38337,10
13.0311603546,80.2398376465,38337,38347,10
13.0313301086,80.2400817871,38347,38357,10
13.0314102173,80.2405471802,38357,38367,10
13.0315599442,80.2409973145,38367,38377,10
13.0317602158,80.2414398193,38377,38388,11
13.0320596695,80.2420425415,38388,38398,10
13.0325403214,80.2426300049,38398,38408,10
13.0331096649,80.2433776855,38408,38418,10
13.0337495804,80.2442321777,38418,38428,10
13.0343599319,80.2450408936,38428,38438,10
13.0349798203,80.2457809448,38438,38448,10
13.0356798172,80.2461471558,38448,38478,30
13.0356798172,80.2461471558,38478,38489,11
13.0361404419,80.246421814,38489,38499,10
13.0368900299,80.2465362549,38499,38509,10
13.0375900269,80.246421814,38509,38519,10
13.0382204056,80.2465591431,38519,38529,10
13.038860321,80.2467575073,38529,38539,10
13.0392999649,80.2468795776,38539,38549,10
13.0396795273,80.2469711304,38549,38559,10
13.0402297974,80.2470932007,38559,38569,10
13.0409603119,80.2472229004,38569,38579,10
13.0417699814,80.2473526001,38579,38589,10
13.0422801971,80.2474975586,38589,38600,11
13.0426797867,80.2476882935,38600,38610,10
13.0431404114,80.2478485107,38610,38620,10
13.0436296463,80.2479019165,38620,38630,10
13.0441799164,80.2478179932,38630,38640,10
13.0447597504,80.2479019165,38640,38650,10
13.0451402664,80.2481613159,38650,38660,10
13.0457000732,80.2484130859,38660,38670,10
13.0470600128,80.2483978271,38670,38698,28
13.0470600128,80.2483978271,38698,38709,11
13.0471801758,80.2484588623,38709,38718,9
13.0474700928,80.2486572266,38718,38729,11
13.047750473,80.2489395142,38729,38749,20
13.047750473,80.2489395142,38749,38759,10
13.0478601456,80.2491989136,38759,38769,10
13.0481300354,80.2494277954,38769,38779,10
13.0488300323,80.2497177124,38779,38789,10
13.0494003296,80.249786377,38789,38799,10
13.0500898361,80.2499008179,38799,38809,10
13.0509395599,80.2500610352,38809,38820,11
13.0518198013,80.2504577637,38820,38830,10
13.0524597168,80.2511978149,38830,38840,10
13.0527000427,80.2515029907,38840,38850,10
13.0528202057,80.2516784668,38850,38860,10
13.0529003143,80.2518234253,38860,38870,10
13.0530195236,80.251991272,38870,38880,10
13.0530900955,80.2520904541,38880,38890,10
13.053319931,80.2524185181,38890,38900,10
13.0535202026,80.2526626587,38900,38910,10
13.0537099838,80.2528762817,38910,38921,11
13.0539398193,80.2532119751,38921,38931,10
13.0541200638,80.2534637451,38931,38941,10
13.0542201996,80.253578186,38941,38951,10
13.0543298721,80.2537384033,38951,38961,10
13.054479599,80.2539367676,38961,38971,10
13.0546398163,80.25415802,38971,38981,10
13.0548200607,80.2544326782,38981,38991,10
13.0550699234,80.254699707,38991,39001,10
13.0553302765,80.2550582886,39001,39011,10
13.0554199219,80.2551803589,39011,39021,10
13.0556001663,80.2554016113,39021,39032,11
13.0559196472,80.2558288574,39032,39042,10
13.0561800003,80.2561416626,39042,39052,10
13.0564403534,80.2564697266,39052,39062,10
13.0568799973,80.2569198608,39062,39072,10
13.0574703217,80.2574234009,39072,39081,9
13.0577602386,80.2577209473,39081,39091,10
13.0580997467,80.258140564,39091,39101,10
13.0584897995,80.2585220337,39101,39112,11
13.0588598251,80.2590026855,39112,39122,10
13.0591802597,80.2595596313,39122,39132,10
13.0595197678,80.2600631714,39132,39143,11
13.0601301193,80.2605209351,39143,39153,10
13.0604801178,80.2609710693,39153,39163,10
13.0607299805,80.2614135742,39163,39182,19
13.0607299805,80.2614135742,39182,39193,11
13.0608701706,80.2616729736,39193,39203,10
13.0613203049,80.2620773315,39203,39213,10
13.0616903305,80.2624588013,39213,39223,10
13.0621204376,80.2630462646,39223,39233,10
13.0626802444,80.2637481689,39233,39243,10
13.0631799698,80.2642364502,39243,39254,11
13.0635900497,80.2649307251,39254,39264,10
13.0637903214,80.2652664185,39264,39294,30
13.0637903214,80.2652664185,39294,39304,10
13.0640001297,80.2656784058,39304,39314,10
13.0641803741,80.2659912109,39314,39324,10
13.0648403168,80.2666702271,39324,39334,10
13.0656204224,80.2671890259,39334,39344,10
13.0657596588,80.2674179077,39344,39355,11
13.0659303665,80.2678070068,39355,39365,10
13.0662698746,80.2682418823,39365,39375,10
13.0664901733,80.2683792114,39375,39385,10
13.0668096542,80.2685089111,39385,39395,10
13.0672998428,80.2688369751,39395,39405,10
13.0678796768,80.2691879272,39405,39415,10
13.0682401657,80.2694320679,39415,39425,10
13.0682001114,80.2698822021,39425,39435,10
13.0681400299,80.2704162598,39435,39445,10
13.0680704117,80.2710494995,39445,39456,11
13.0682401657,80.2714691162,39456,39466,10
13.0684499741,80.2717514038,39466,39476,10
13.0689897537,80.271987915,39476,39486,10
13.0694904327,80.2724380493,39486,39496,10
13.0700302124,80.2731018066,39496,39506,10
13.0705003738,80.2737197876,39506,39516,10
13.0709104538,80.2740783691,39516,39526,10
13.0712099075,80.2743377686,39526,39587,61
13.0712099075,80.2743377686,39587,39597,10
13.0716295242,80.2743530273,39597,39607,10
13.0719099045,80.274520874,39607,39617,10
13.0723800659,80.2749786377,39617,39627,10
13.0729598999,80.2756271362,39627,39637,10
13.073559761,80.276260376,39637,39647,10
13.0743503571,80.2763519287,39647,39657,10
13.0754098892,80.276260376,39657,39668,11
13.076089859,80.275970459,39668,39859,191
13.0762701035,80.2759628296,39859,39900,41
13.0762701035,80.2759628296,39900,39910,10
13.0764904022,80.2759628296,39910,39960,50
13.0763702393,80.2759170532,39960,40001,41
13.0763702393,80.2759170532,40001,40011,10
13.076259613,80.2757797241,40011,40021,10
13.0759801865,80.2760314941,40021,40031,10
13.0761203766,80.2762069702,40031,40041,10
13.0766000748,80.2761993408,40041,40051,10
13.0771303177,80.2761230469,40051,40061,10
13.0779695511,80.2760314941,40061,40071,10
13.0784196854,80.2753219604,40071,40081,10
13.0792703629,80.2751922607,40081,40091,10
13.0804796219,80.2752075195,40091,40142,51
13.0804796219,80.2752075195,40142,40152,10
13.0808897018,80.2751922607,40152,40162,10
13.0813302994,80.275138855,40162,40172,10
13.0817804337,80.275177002,40172,40182,10
13.0820398331,80.2754135132,40182,40213,31
13.0820398331,80.2754135132,40213,40223,10
13.0820198059,80.2757034302,40223,40653,430
13.0820198059,80.2757034302,40653,40663,10
13.0817804337,80.276222229,40663,40673,10
13.0818500519,80.2766265869,40673,40683,10
13.0819301605,80.277381897,40683,40693,10
13.0819597244,80.2776184082,40693,40703,10
13.081990242,80.2777862549,40703,40713,10
13.081990242,80.2780532837,40713,40723,10
13.0822896957,80.2781982422,40723,40733,10
13.0830898285,80.2781600952,40733,40754,21
13.0830898285,80.2781600952,40754,40764,10
13.0834197998,80.278503418,40764,40774,10
13.0834197998,80.2789535522,40774,40784,10
13.0828504562,80.2787475586,40784,40794,10
13.082280159,80.2785263062,40794,40804,10
13.0819396973,80.2781829834,40804,40814,10
13.0819101334,80.2775726318,40814,40824,10
13.0818595886,80.2768630981,40824,40834,10
13.0818195343,80.2766723633,40834,40844,10
13.0818595886,80.2763977051,40844,40855,11
13.0816898346,80.2758789063,40855,40865,10
13.081580162,80.2756500244,40865,40945,80
13.081580162,80.2756500244,40945,40955,10
13.0815401077,80.2752838135,40955,40966,11
13.0812196732,80.2752075195,40966,40976,10
13.080619812,80.2752685547,40976,40986,10
13.0796203613,80.2753219604,40986,40996,10
13.0786104202,80.2751922607,40996,41006,10
13.0781402588,80.2759780884,41006,41016,10
13.0774002075,80.2762298584,41016,41026,10
13.0764398575,80.2762832642,41026,41036,10
13.075799942,80.2763366699,41036,41046,10
13.0753698349,80.2763290405,41046,41056,10
13.0745801926,80.2763290405,41056,41066,10
13.0740499496,80.2763900757,41066,41077,11
13.0740299225,80.2763977051,41077,41087,10
13.0738401413,80.2764816284,41087,41097,10
13.0733995438,80.2764205933,41097,41107,10
13.0729503632,80.2758712769,41107,41117,10
13.0724000931,80.2752075195,41117,41127,10
13.0719404221,80.2746963501,41127,41147,20
13.0719404221,80.2746963501,41147,41157,10
13.0719203949,80.2746429443,41157,41167,10
13.0714702606,80.2744522095,41167,41178,11
13.0707702637,80.2742919922,41178,41188,10
13.070690155,80.2742004395,41188,41198,10
13.0705499649,80.2739562988,41198,41208,10
13.0703296661,80.2735671997,41208,41218,10
13.0699596405,80.2730789185,41218,41228,10
13.0694999695,80.2725524902,41228,41238,10
13.0690603256,80.2721099854,41238,41248,10
13.0683403015,80.2718200684,41248,41258,10
13.0679197311,80.2712020874,41258,41268,10
13.0675401688,80.2706604004,41268,41278,10
13.0664196014,80.2691268921,41278,41289,11
13.0664196014,80.2691268921,41289,41299,10
13.0664100647,80.2685317993,41299,41309,10
13.0660400391,80.2680282593,41309,41319,10
13.0653600693,80.2676391602,41319,41339,20
13.0653600693,80.2676391602,41339,41350,11
13.0651903152,80.267578125,41350,41361,11
13.0646800995,80.2675018311,41361,41371,10
13.064160347,80.2674026489,41371,41381,10
13.0635299683,80.267288208,41381,41392,11
13.0628700256,80.2671279907,41392,41401,9
13.0625696182,80.2667770386,41401,41412,11
13.0619697571,80.2660903931,41412,41422,10
13.0614595413,80.2654876709,41422,41432,10
13.0610103607,80.2650985718,41432,41442,10
13.0604896545,80.2653808594,41442,41452,10
13.0604600906,80.2654037476,41452,41462,10
13.0602703094,80.2655029297,41462,41472,10
13.059800148,80.2655792236,41472,41482,10
13.0593595505,80.2655410767,41482,41492,10
13.0588998795,80.265411377,41492,41503,11
13.0587997437,80.2654190063,41503,41513,10
13.0587100983,80.2654266357,41513,41523,10
13.0583000183,80.2652511597,41523,41533,10
13.0580701828,80.2646713257,41533,41543,10
13.0579395294,80.2638168335,41543,41553,10
13.0578699112,80.2630004883,41553,41563,10
13.057800293,80.2622833252,41563,41573,10
13.0575895309,80.2616271973,41573,41583,10
13.0574998856,80.2611999512,41583,41593,10
13.0573797226,80.260559082,41593,41603,10
13.0571298599,80.2597427368,41603,41613,10
13.0568599701,80.2590026855,41613,41624,11
13.0566596985,80.258140564,41624,41634,10
13.0565004349,80.2574386597,41634,41654,20
13.0565004349,80.2574386597,41654,41664,10
13.0565395355,80.2572097778,41664,41674,10
13.0563201904,80.2567367554,41674,41684,10
13.0558795929,80.2560272217,41684,41693,9
13.0553197861,80.2552185059,41693,41703,10
13.054599762,80.2542037964,41703,41714,11
13.0537996292,80.2532119751,41714,41725,11
13.0531196594,80.252243042,41725,41735,10
13.0524997711,80.251411438,41735,41745,10
13.0519104004,80.2507705688,41745,41755,10
13.0511798859,80.2501831055,41755,41765,10
13.0501499176,80.2499237061,41765,41775,10
13.0489902496,80.2497406006,41775,41785,10
13.0482597351,80.2495193481,41785,41795,10
13.0477695465,80.249130249,41795,41805,10
13.0471696854,80.2486801147,41805,41815,10
13.0469503403,80.248626709,41815,41826,11
13.0467796326,80.248588562,41826,41836,10
13.0465202332,80.2485427856,41836,41846,10
13.0462198257,80.2484588623,41846,41856,10
13.0460500717,80.2483673096,41856,41866,10
13.0459299088,80.2482070923,41866,41876,10
13.0459098816,80.2481689453,41876,41886,10
13.0457696915,80.2481002808,41886,41896,10
13.0455503464,80.2480773926,41896,41906,10
13.0453901291,80.2481231689,41906,41916,10
13.045249939,80.2481002808,41916,41926,10
13.0451402664,80.2480773926,41926,41937,11
13.0448198318,80.2480697632,41937,41947,10
13.0445098877,80.2480773926,41947,41957,10
13.0441999435,80.2480316162,41957,41967,10
13.0440597534,80.2479705811,41967,41977,10
13.0438699722,80.2479400635,41977,41987,10
13.043589592,80.2479095459,41987,41997,10
13.0431995392,80.2478790283,41997,42007,10
13.0430297852,80.2477798462,42007,42017,10
13.0425701141,80.2476425171,42017,42027,10
13.0419301987,80.2475204468,42027,42037,10
13.0412197113,80.2473678589,42037,42048,11
13.0398397446,80.2471923828,42048,42108,60
13.0398397446,80.2471923828,42108,42118,10
13.0395402908,80.2470397949,42118,42128,10
13.0389995575,80.2469329834,42128,42138,10
13.0384197235,80.2467803955,42138,42149,11
13.0375795364,80.2466506958,42149,42159,10
13.0367803574,80.2464981079,42159,42169,10
13.0360898972,80.246383667,42169,42179,10
13.0357198715,80.2462387085,42179,42189,10
13.0354204178,80.2461166382,42189,42199,10
13.0354003906,80.2460403442,42199,42209,10
13.0352401733,80.2459182739,42209,42219,10
13.0348796844,80.2456436157,42219,42229,10
13.0343999863,80.2449798584,42229,42239,10
13.0337200165,80.2442932129,42239,42249,10
13.0330200195,80.2434005737,42249,42260,11
13.0324401855,80.2425994873,42260,42270,10
13.0323600769,80.2424697876,42270,42280,10
13.0322198868,80.2422790527,42280,42290,10
13.0321302414,80.242149353,42290,42300,10
13.031999588,80.2419586182,42300,42310,10
13.0316295624,80.2412719727,42310,42350,40
13.0316495895,80.2409973145,42350,42381,31
13.0316495895,80.2409973145,42381,42391,10
13.0315704346,80.2408676147,42391,42401,10
13.0312795639,80.2404022217,42401,42411,10
13.0310201645,80.2398605347,42411,42421,10
13.0306501389,80.2391433716,42421,42431,10
13.0302295685,80.2383880615,42431,42441,10
13.0297803879,80.2376022339,42441,42451,10
13.0292797089,80.2369613647,42451,42461,10
13.0290603638,80.2367172241,42461,42472,11
13.0287599564,80.2363510132,42472,42482,10
13.0282201767,80.2357711792,42482,42492,10
13.0276298523,80.2349472046,42492,42502,10
13.0270900726,80.2340698242,42502,42512,10
13.0268001556,80.2336578369,42512,42522,10
13.0268001556,80.2336425781,42522,42532,10
13.0267801285,80.2334899902,42532,42542,10
13.026550293,80.2331390381,42542,42552,10
13.0262899399,80.2325820923,42552,42562,10
13.0262002945,80.232421875,42562,42572,10
13.0261697769,80.2321624756,42572,42583,11
13.0260696411,80.2317581177,42583,42599,16
13.0257797241,80.2309188843,42599,42611,12
13.0251998901,80.2298812866,42611,42621,10
13.0247001648,80.2291870117,42621,42631,10
13.0242795944,80.2285995483,42631,42640,9
13.0240097046,80.2282791138,42640,42651,11
13.0233802795,80.2275619507,42651,42681,30
13.0233802795,80.2275619507,42681,42692,11
13.023229599,80.2274093628,42692,42702,10
13.0228796005,80.2270736694,42702,42711,9
13.0226602554,80.2268600464,42711,42722,11
13.0222997665,80.2265396118,42722,42732,10
13.0216798782,80.2260818481,42732,42742,10
13.0210695267,80.2256622314,42742,42752,10
13.0207595825,80.2253570557,42752,42762,10
13.0203895569,80.2251205444,42762,42772,10
13.0199604034,80.224822998,42772,42782,10
13.0195798874,80.2245483398,42782,42792,10
13.0185098648,80.2246170044,42792,42803,11
13.0174798965,80.2249984741,42803,42813,10
13.0168199539,80.2253036499,42813,42823,10
13.0164699554,80.2254486084,42823,42833,10
13.0160398483,80.2255706787,42833,42843,10
13.0154304504,80.2257537842,42843,42853,10
13.0147895813,80.226020813,42853,42863,10
13.0142202377,80.2262420654,42863,42873,10
13.0140399933,80.2263412476,42873,42883,10
13.0139102936,80.2263870239,42883,42893,10
13.0136098862,80.2265014648,42893,42904,11
13.0131397247,80.2267227173,42904,42914,10
13.0123901367,80.2269973755,42914,42924,10
13.011639595,80.2273025513,42924,42934,10
13.0107603073,80.2276306152,42934,42944,10
13.0098896027,80.2279510498,42944,42954,10
13.0093297958,80.2283630371,42954,42964,10
13.0090703964,80.2293014526,42964,43045,81
13.0090703964,80.2293014526,43045,43055,10
13.0089902878,80.2296600342,43055,43065,10
13.0089302063,80.2300415039,43065,43075,10
13.0088396072,80.2307128906,43075,43085,10
13.0086202621,80.231590271,43085,43095,10
13.0083503723,80.2325973511,43095,43105,10
13.0082302094,80.2334594727,43105,43116,11
13.0081796646,80.2336578369,43116,43126,10
13.0081501007,80.2338180542,43126,43136,10
13.0081300735,80.2341766357,43136,43146,10
13.0079603195,80.2347717285,43146,43156,10
13.0078401566,80.2354202271,43156,43166,10
13.0076999664,80.2361297607,43166,43176,10
13.007610321,80.2365188599,43176,43186,10
13.0075597763,80.2367477417,43186,43196,10
13.007519722,80.2369537354,43196,43206,10
13.0074796677,80.2372131348,43206,43216,10
13.0074796677,80.2372283936,43216,43227,11
13.007399559,80.237411499,43227,43237,10
13.0073699951,80.2376403809,43237,43247,10
13.0073204041,80.2379608154,43247,43257,10
13.0072898865,80.2382202148,43257,43277,20
13.0072898865,80.2382202148,43277,43287,10
13.0071802139,80.2383728027,43287,43297,10
13.0071001053,80.2390594482,43297,43338,41
13.0071001053,80.2390594482,43338,43348,10
13.007060051,80.2392196655,43348,43358,10
13.0069198608,80.2399368286,43358,43428,70
13.0069198608,80.2399368286,43428,43439,11
13.0068502426,80.2402496338,43439,43449,10
13.0067596436,80.2407226563,43449,43459,10
13.0066795349,80.2414627075,43459,43469,10
13.0066699982,80.2423171997,43469,43479,10
13.0066795349,80.2430267334,43479,43489,10
13.0066604614,80.2434387207,43489,43499,10
13.0066003799,80.2437515259,43499,43509,10
13.0065603256,80.2442779541,43509,43519,10
13.0065898895,80.2445602417,43519,43529,10
13.0065803528,80.2448501587,43529,43539,10
13.0065803528,80.2449798584,43539,43550,11
13.0066404343,80.2451782227,43550,43560,10
13.006649971,80.2452087402,43560,43570,10
13.0066699982,80.2454376221,43570,43580,10
13.0066604614,80.2456436157,43580,43590,10
13.0066795349,80.2459564209,43590,43600,10
13.0066900253,80.2462921143,43600,43610,10
13.0066995621,80.2466812134,43610,43620,10
13.0066404343,80.2472915649,43620,43630,10
13.0061397552,80.247428894,43630,43640,10
13.0060901642,80.2474136353,43640,43656,16
13.0060596466,80.2473068237,43656,43669,13
13.0053300858,80.2473602295,43669,43677,8
13.0047197342,80.2473297119,43677,43689,12
13.0035200119,80.247543335,43689,43699,10
13.0028400421,80.2476730347,43699,43709,10
13.002530098,80.247718811,43709,43718,9
13.0023403168,80.2477798462,43718,43729,11
13.0017700195,80.2479171753,43729,43738,9
13.0011901855,80.2480773926,43738,43749,11
13.000289917,80.2482833862,43749,43758,9
12.9993600845,80.2484970093,43758,43770,12
12.9982204437,80.2488174438,43770,43779,9
12.9980401993,80.2488708496,43779,43790,11
12.9978103638,80.2489318848,43790,43800,10
12.9976701736,80.2489776611,43800,43810,10
12.997300148,80.2490615845,43810,43820,10
12.9966402054,80.249206543,43820,43830,10
12.9959096909,80.2493362427,43830,43840,10
12.9947795868,80.2496414185,43840,43850,10
12.9935703278,80.2499465942,43850,43860,10
12.9922704697,80.25025177,43860,43870,10
12.9913797379,80.250541687,43870,43881,11
12.9912796021,80.250617981,43881,43891,10
12.9911298752,80.2507019043,43891,43901,10
12.9905996323,80.2508010864,43901,43911,10
12.9898996353,80.2509307861,43911,43921,10
12.9888095856,80.2511672974,43921,44121,200
12.9888095856,80.2511672974,44121,44131,10
12.9884595871,80.2512969971,44131,44141,10
12.9881401062,80.2514038086,44141,44151,10
12.9877099991,80.2514801025,44151,44161,10
12.9873304367,80.2515563965,44161,44171,10
12.9869804382,80.2516708374,44171,44181,10
12.9866504669,80.2517623901,44181,44191,10
12.9861803055,80.2518692017,44191,44202,11
12.9853601456,80.2520294189,44202,44212,10
12.9843196869,80.2523117065,44212,44222,10
12.9831495285,80.2525787354,44222,44232,10
12.9819202423,80.2526626587,44232,44242,10
12.9808397293,80.2526931763,44242,44252,10
12.980340004,80.2527236938,44252,44262,10
12.9800796509,80.2527084351,44262,44272,10
12.9794902802,80.2526626587,44272,44282,10
12.9787797928,80.2526321411,44282,44292,10
12.9786195755,80.252571106,44292,44302,10
12.9784402847,80.2525177002,44302,44313,11
12.9779500961,80.252166748,44313,44323,10
12.9774103165,80.2516784668,44323,44333,10
12.9766302109,80.2512435913,44333,44343,10
12.9756298065,80.2509231567,44343,44353,10
12.9744596481,80.2506027222,44353,44363,10
12.9734401703,80.2503662109,44363,44373,10
12.9729003906,80.2502593994,44373,44383,10
12.9721403122,80.250038147,44383,44393,10
12.9710798264,80.249786377,44393,44403,10
12.9699602127,80.2494506836,44403,44413,10
12.9689102173,80.2490005493,44413,44424,11
12.9675397873,80.2484588623,44424,44434,10
12.9664402008,80.2479324341,44434,44444,10
12.9649095535,80.2473373413,44444,44464,20
12.9649095535,80.2473373413,44464,44474,10
12.9647302628,80.2472610474,44474,44484,10
12.964220047,80.2470397949,44484,44494,10
12.9633798599,80.2467422485,44494,44504,10
12.9624795914,80.2462463379,44504,44514,10
12.9614095688,80.2457427979,44514,44531,17
12.9593801498,80.2448272705,44531,44553,22
12.9593801498,80.2448272705,44553,44563,10
12.9591503143,80.2446517944,44563,44573,10
12.9584999084,80.2443771362,44573,44583,10
12.9578800201,80.2441482544,44583,44593,10
12.9570999146,80.243888855,44593,44603,10
12.9567499161,80.243850708,44603,44635,32
12.9567499161,80.243850708,44635,44645,10
12.9564695358,80.2437362671,44645,44655,10
12.9564199448,80.2437133789,44655,44665,10
12.9562797546,80.2436828613,44665,44675,10
12.9558296204,80.2434005737,44675,44685,10
12.9551000595,80.2430114746,44685,44695,10
12.9545602798,80.2427825928,44695,44705,10
12.9539403915,80.2425384521,44705,44715,10
12.9532299042,80.2421875,44715,44725,10
12.9523496628,80.241859436,44725,44735,10
12.9515895844,80.2416381836,44735,44746,11
12.9515800476,80.2416381836,44746,44756,10
12.9513301849,80.2415618896,44756,44766,10
12.9506998062,80.241317749,44766,44776,10
12.9498100281,80.2410430908,44776,44786,10
12.9494400024,80.2409210205,44786,44796,10
12.9489297867,80.2407608032,44796,44806,10
12.9481601715,80.2404403687,44806,44816,10
12.9474000931,80.2401809692,44816,44826,10
12.9469995499,80.2400131226,44826,44846,20
12.9469995499,80.2400131226,44846,44857,11
12.9468002319,80.2398834229,44857,44867,10
12.9461402893,80.2396621704,44867,44877,10
12.9452695847,80.2391967773,44877,44887,10
12.9444599152,80.2384033203,44887,44897,10
12.9435195923,80.237411499,44897,44906,9
12.9426498413,80.236656189,44906,44917,11
12.9411401749,80.2361831665,44917,44927,10
12.9398803711,80.2358474731,44927,44937,10
12.9396600723,80.2357635498,44937,44946,9
12.9393901825,80.2356491089,44946,44958,12
12.9386301041,80.2352905273,44958,44968,10
12.9377098083,80.2348327637,44968,44978,10
12.9366798401,80.2343063354,44978,44988,10
12.9360599518,80.2340393066,44988,44998,10
12.9357500076,80.233833313,44998,45008,10
12.9350595474,80.233543396,45008,45018,10
12.9341497421,80.2331237793,45018,45028,10
12.9338102341,80.2329483032,45028,45038,10
12.9337100983,80.2328720093,45038,45048,10
12.9332504272,80.2326583862,45048,45058,10
12.9324598312,80.2323532104,45058,45069,11
12.9313001633,80.2319717407,45069,45079,10
12.930150032,80.2316131592,45079,45089,10
12.9293899536,80.2314376831,45089,45099,10
12.9288797379,80.231338501,45099,45109,10
12.9282503128,80.2312469482,45109,45118,9
12.9274101257,80.2311401367,45118,45129,11
12.9263401031,80.2310409546,45129,45139,10
12.925909996,80.2310028076,45139,45149,10
12.9255895615,80.2309494019,45149,45159,10
12.9249897003,80.2308273315,45159,45170,11
12.9240598679,80.2307128906,45170,45180,10
12.9229602814,80.2305603027,45180,45190,10
12.9216604233,80.2303390503,45190,45200,10
12.9202299118,80.230178833,45200,45210,10
12.9186897278,80.2299880981,45210,45220,10
12.9174203873,80.2298431396,45220,45230,10
12.9161100388,80.2296600342,45230,45240,10
12.9146995544,80.2294921875,45240,45250,10
12.9135799408,80.2293395996,45250,45260,10
12.9132699966,80.2293319702,45260,45270,10
12.9130001068,80.2292327881,45270,45281,11
12.9123001099,80.229133606,45281,45291,10
12.9113101959,80.2289810181,45291,45301,10
12.9101696014,80.2288208008,45301,45311,10
12.9089603424,80.2286300659,45311,45321,10
12.9082698822,80.2285308838,45321,45331,10
12.9075098038,80.2284088135,45331,45392,61
12.9075098038,80.2284088135,45392,45402,10
12.9074802399,80.2283477783,45402,45412,10
12.9070301056,80.2282791138,45412,45422,10
12.9065103531,80.2282562256,45422,45432,10
12.9057798386,80.2282562256,45432,45442,10
12.9046802521,80.2281570435,45442,45452,10
12.903459549,80.2280883789,45452,45462,10
12.9010601044,80.2279891968,45462,45571,109
12.9010601044,80.2279891968,45571,45581,10
12.9008197784,80.227897644,45581,45591,10
12.9003801346,80.2279434204,45591,45601,10
12.899600029,80.2278823853,45601,45612,11
12.8992300034,80.2278823853,45612,45622,10
12.8990697861,80.2278594971,45622,45632,10
12.8985395432,80.2278213501,45632,45642,10
12.8976697922,80.2277603149,45642,45652,10
12.8965797424,80.2277069092,45652,45662,10
12.895359993,80.2276535034,45662,45672,10
12.894200325,80.2275085449,45672,45682,10
12.8932504654,80.2274703979,45682,45692,10
12.8924798965,80.2274093628,45692,45702,10
12.8916797638,80.2273864746,45702,45713,11
12.8905200958,80.2273635864,45713,45723,10
12.8893699646,80.2273635864,45723,45733,10
12.8886995316,80.2273635864,45733,45743,10
12.8880195618,80.2273406982,45743,45753,10
12.8870601654,80.2272109985,45753,45763,10
12.8858804703,80.2269210815,45763,45773,10
12.8849000931,80.2267532349,45773,45783,10
12.8844995499,80.2267608643,45783,45793,10
12.8843297958,80.2268371582,45793,45803,10
12.8837203979,80.2267684937,45803,45813,10
12.8827104568,80.2267379761,45813,45824,11
12.8814401627,80.2267379761,45824,45834,10
12.8802404404,80.2267608643,45834,45844,10
12.8789796829,80.2268218994,45844,45854,10
12.877869606,80.2268981934,45854,45864,10
12.8768997192,80.2269668579,45864,45874,10
12.876540184,80.2269821167,45874,45884,10
12.8762798309,80.2269973755,45884,45894,10
12.8755998611,80.2269668579,45894,45904,10
12.8746099472,80.226852417,45904,45914,10
12.8734197617,80.2267227173,45914,45924,10
12.872179985,80.2266921997,45924,45935,11
12.870639801,80.2266311646,45935,45945,10
12.8691396713,80.2264709473,45945,45955,10
12.8677101135,80.2264328003,45955,45965,10
12.8664798737,80.2265319824,45965,45975,10
12.8651399612,80.2265777588,45975,45985,10
12.863650322,80.2265319824,45985,45995,10
12.8620996475,80.2265777588,45995,46005,10
12.861120224,80.2266082764,46005,46015,10
12.8610401154,80.2266235352,46015,46025,10
12.8606004715,80.2265396118,46025,46036,11
12.8597402573,80.2264175415,46036,46046,10
12.8587999344,80.2263183594,46046,46056,10
12.8578596115,80.2263565063,46056,46066,10
12.8568000793,80.2264785767,46066,46076,10
12.8554801941,80.2266082764,46076,46086,10
12.8540096283,80.2267227173,46086,46096,10
12.8524503708,80.2267608643,46096,46106,10
12.8507995605,80.2266616821,46106,46116,10
12.849149704,80.2266235352,46116,46126,10
12.8476800919,80.2266235352,46126,46136,10
12.8464298248,80.2266387939,46136,46147,11
12.8455696106,80.2266693115,46147,46157,10
12.8454999924,80.2266464233,46157,46167,10
12.8453397751,80.226600647,46167,46177,10
12.8447999954,80.2266235352,46177,46187,10
12.8447504044,80.2266235352,46187,46197,10
12.8443002701,80.2266387939,46197,46207,10
12.8435697556,80.2266693115,46207,46217,10
12.8427495956,80.2268295288,46217,46227,10
12.8416204453,80.2270584106,46227,46237,10
12.8404998779,80.2274398804,46237,46247,10
12.8399000168,80.2276992798,46247,46264,17
12.8396997452,80.2277832031,46264,46276,12
12.8393697739,80.2278594971,46276,46286,10
12.8388004303,80.2279815674,46286,46295,9
12.8378295898,80.2282180786,46295,46306,11
12.8363895416,80.2284164429,46306,46318,12
12.8348798752,80.2286376953,46318,46328,10
12.8332300186,80.2289428711,46328,46338,10
12.8319997787,80.2291564941,46338,46359,21
12.8319997787,80.2291564941,46359,46369,10
12.8318195343,80.229309082,46369,46379,10
12.830499649,80.2295913696,46379,46389,10
12.8294095993,80.2300415039,46389,46399,10
12.8282804489,80.2306213379,46399,46409,10
12.8272199631,80.2312469482,46409,46419,10
12.8256397247,80.2314682007,46419,46429,10
12.8241996765,80.2313308716,46429,46439,10
12.8231296539,80.231010437,46439,46449,10
12.8213701248,80.230506897,46449,46459,10
12.8198204041,80.2305221558,46459,46470,11
12.8182497025,80.23021698,46470,46480,10
12.8168697357,80.2296218872,46480,46490,10
12.8152799606,80.2293395996,46490,46500,10
12.8136997223,80.2290420532,46500,46510,10
12.8121900558,80.2285308838,46510,46520,10
12.8106403351,80.2279510498,46520,46530,10
12.8093500137,80.2273712158,46530,46540,10
12.8085203171,80.2267608643,46540,46550,10
12.8075799942,80.2259521484,46550,46560,10
12.8065795898,80.2250671387,46560,46570,10
12.8055801392,80.2242279053,46570,46581,11
12.8049001694,80.223991394,46581,46591,10
12.8048601151,80.2239837646,46591,46601,10
12.8046798706,80.2239608765,46601,46611,10
12.8040895462,80.2239227295,46611,46621,10
12.8031396866,80.2238311768,46621,46631,10
12.8020000458,80.2236785889,46631,46641,10
12.8010702133,80.2236328125,46641,46651,10
12.8009195328,80.2236175537,46651,46661,10
12.8004598618,80.2235717773,46661,46671,10
12.7996196747,80.2234802246,46671,46682,11
12.7983102798,80.2233886719,46682,46692,10
12.796959877,80.2231826782,46692,46702,10
12.7959003448,80.2229690552,46702,46712,10
12.7957201004,80.2229232788,46712,46721,9
12.7953395844,80.2228775024,46721,46732,11
12.7943897247,80.2227096558,46732,46742,10
12.7932395935,80.2225570679,46742,46752,10
12.791970253,80.222328186,46752,46762,10
12.7906303406,80.2219696045,46762,46772,10
12.7896003723,80.2216567993,46772,46782,10
12.7890300751,80.2214126587,46782,46793,11
12.7883501053,80.2211380005,46793,46803,10
12.7878398895,80.2210006714,46803,46813,10
12.7874202728,80.2208786011,46813,46823,10
12.7871799469,80.2207870483,46823,46833,10
12.7869100571,80.2206420898,46833,46843,10
12.7868204117,80.2205200195,46843,46853,10
12.78647995,80.2204589844,46853,46863,10
12.7861700058,80.2203292847,46863,46873,10
12.7859296799,80.2202301025,46873,46883,10
12.785369873,80.2200164795,46883,46893,10
12.785030365,80.219833374,46893,46904,11
12.7848396301,80.2197036743,46904,46914,10
12.7844200134,80.2194824219,46914,46924,10
12.7837600708,80.219078064,46924,46934,10
12.7829999924,80.2186508179,46934,46944,10
12.7820196152,80.218132019,46944,46954,10
12.7809696198,80.2175521851,46954,46964,10
12.7797603607,80.2169036865,46964,46974,10
12.7784404755,80.2162094116,46974,46984,10
12.7769298553,80.2155532837,46984,46994,10
12.7753601074,80.2148971558,46994,47005,11
12.7735795975,80.2142028809,47005,47015,10
12.77202034,80.2136077881,47015,47025,10
12.7707996368,80.2131881714,47025,47035,10
12.7701997757,80.2129898071,47035,47045,10
12.7698202133,80.2128219604,47045,47055,10
12.769080162,80.212562561,47055,47065,10
12.7680397034,80.2121810913,47065,47075,10
12.7668199539,80.2117385864,47075,47085,10
12.7654304504,80.211227417,47085,47095,10
12.7639303207,80.2106933594,47095,47105,10
12.7624197006,80.2101211548,47105,47116,11
12.7607603073,80.2093582153,47116,47126,10
12.7593297958,80.2085876465,47126,47136,10
12.7578697205,80.2077789307,47136,47146,10
12.7564001083,80.2069625854,47146,47156,10
12.7548999786,80.2061309814,47156,47166,10
12.7533798218,80.2052993774,47166,47176,10
12.7518596649,80.2045135498,47176,47186,10
12.7503299713,80.2037200928,47186,47196,10
12.7488203049,80.2029418945,47196,47206,10
12.7472801208,80.2021636963,47206,47216,10
12.7457895279,80.2013778687,47216,47227,11
12.7442798615,80.2003631592,47227,47237,10
12.7431602478,80.1990890503,47237,47247,10
12.7420701981,80.1977996826,47247,47257,10
12.7410898209,80.1964492798,47257,47267,10
12.7400798798,80.1950836182,47267,47277,10
12.7391500473,80.1937789917,47277,47287,10
12.738240242,80.1925430298,47287,47297,10
12.7371101379,80.19140625,47297,47307,10
12.7360401154,80.1903381348,47307,47317,10
12.7347202301,80.1895523071,47317,47328,11
12.7329797745,80.1893920898,47328,47338,10
12.731590271,80.1891174316,47338,47348,10
12.7307195663,80.1890792847,47348,47358,10
12.7301998138,80.1890182495,47358,47368,10
12.72976017,80.188949585,47368,47378,10
12.7297000885,80.188911438,47378,47388,10
12.7296695709,80.188911438,47388,47398,10
12.7295398712,80.1888809204,47398,47408,10
12.7290401459,80.188911438,47408,47418,10
12.7281398773,80.1886901855,47418,47428,10
12.7270202637,80.1883621216,47428,47439,11
12.7259101868,80.1881103516,47439,47449,10
12.7256402969,80.1881027222,47449,47459,10
12.7249898911,80.1879730225,47459,47469,10
12.7242603302,80.1878204346,47469,47479,10
12.7235403061,80.1876602173,47479,47489,10
12.7229604721,80.1874771118,47489,47499,10
12.7223501205,80.1874084473,47499,47529,30
12.7223501205,80.1874084473,47529,47539,10
12.7219600677,80.1876373291,47539,48923,1384
12.7219696045,80.1875305176,48923,49034,111
12.7221002579,80.1874084473,49034,49055,21
12.7221002579,80.1874084473,49055,49065,10
12.7221803665,80.1872787476,49065,49075,10
12.722319603,80.1872787476,49075,49085,10
12.7227401733,80.1874008179,49085,49095,10
12.7232904434,80.1875762939,49095,49105,10
12.7240600586,80.1877975464,49105,49115,10
12.7249603271,80.1879425049,49115,49125,10
12.7255001068,80.1880569458,49125,49135,10
12.7263402939,80.1882171631,49135,49145,10
12.727399826,80.1884765625,49145,49156,11
12.7283000946,80.1887207031,49156,49166,10
12.7294101715,80.188911438,49166,49176,10
12.7301301956,80.1889801025,49176,49186,10
12.7306404114,80.1890563965,49186,49196,10
12.7310600281,80.1890792847,49196,49206,10
12.7315597534,80.189163208,49206,49216,10
12.7327299118,80.1893463135,49216,49226,10
12.7337703705,80.1894607544,49226,49236,10
12.734919548,80.1895828247,49236,49246,10
12.7359304428,80.1901016235,49246,49257,11
12.7368803024,80.1910705566,49257,49267,10
12.7380399704,80.1922531128,49267,49277,10
12.7391996384,80.1936798096,49277,49287,10
12.7402896881,80.1951980591,49287,49297,10
12.7413597107,80.1966781616,49297,49307,10
12.7419900894,80.197517395,49307,49317,10
12.7421197891,80.1976928711,49317,49327,10
12.7426700592,80.198348999,49327,49337,10
12.7435503006,80.1993789673,49337,49347,10
12.7446603775,80.2006225586,49347,49357,10
12.7461500168,80.2015228271,49357,49368,11
12.7479801178,80.2024536133,49368,49378,10
12.7496204376,80.2033004761,49378,49388,10
12.7510900497,80.2040405273,49388,49398,10
12.7525396347,80.2047805786,49398,49408,10
12.7541599274,80.205619812,49408,49418,10
12.755490303,80.2063522339,49418,49428,10
12.757399559,80.2074203491,49428,49438,10
12.7589998245,80.2083435059,49438,49448,10
12.7604398727,80.2091217041,49448,49458,10
12.7623701096,80.2100219727,49458,49468,10
12.7641496658,80.2106933594,49468,49479,11
12.7660999298,80.2113876343,49479,49489,10
12.7675695419,80.2119598389,49489,49499,10
12.769200325,80.2125396729,49499,49509,10
12.7710199356,80.213180542,49509,49529,20
12.7710199356,80.213180542,49529,49539,10
12.7714004517,80.2133178711,49539,49549,10
12.7722702026,80.2136535645,49549,49559,10
12.7735700607,80.2141265869,49559,49569,10
12.7751598358,80.2147521973,49569,49580,11
12.7768096924,80.215461731,49580,49590,10
12.778459549,80.2161712646,49590,49600,10
12.7801399231,80.217048645,49600,49610,10
12.7817697525,80.2179412842,49610,49620,10
12.783370018,80.2188186646,49620,49630,10
12.7845802307,80.2195205688,49630,49640,10
12.7853403091,80.219909668,49640,49650,10
12.7857198715,80.2201309204,49650,49660,10
12.7859296799,80.2202377319,49660,49680,20
12.7859296799,80.2202377319,49680,49691,11
12.7860898972,80.2203216553,49691,49701,10
12.7861404419,80.2203369141,49701,49711,10
12.7863998413,80.2204284668,49711,49721,10
12.7867002487,80.2205429077,49721,49731,10
12.786939621,80.2206268311,49731,49741,10
12.7875404358,80.2208328247,49741,49751,10
12.7881202698,80.221031189,49751,49761,10
12.7886800766,80.2212600708,49761,49771,10
12.7893400192,80.221496582,49771,49781,10
12.7897996902,80.2216491699,49781,49791,10
12.7904396057,80.2218399048,49791,49802,11
12.7915000916,80.2220916748,49802,49812,10
12.7927303314,80.2223587036,49812,49822,10
12.7939996719,80.2225723267,49822,49832,10
12.7952299118,80.2227630615,49832,49842,10
12.7962799072,80.2229385376,49842,49852,10
12.7965602875,80.2229919434,49852,49862,10
12.7968301773,80.2230606079,49862,49872,10
12.7975196838,80.2231826782,49872,49882,10
12.7984695435,80.2232971191,49882,49892,10
12.7995004654,80.2234268188,49892,49902,10
12.8007497787,80.2235031128,49902,49913,11
12.8017902374,80.2236022949,49913,49922,9
12.8024702072,80.2236785889,49922,49933,11
12.8032102585,80.223777771,49933,49943,10
12.8038597107,80.2238311768,49943,49953,10
12.8044595718,80.2238769531,49953,49963,10
12.8049201965,80.2239379883,49963,49973,10
12.8051795959,80.2240066528,49973,49983,10
12.8053302765,80.2240600586,49983,49993,10
12.8055801392,80.2241363525,49993,50003,10
12.8056297302,80.2241592407,50003,50014,11
12.8057804108,80.224281311,50014,50024,10
12.8062896729,80.2246780396,50024,50034,10
12.8070802689,80.2253265381,50034,50044,10
12.8079595566,80.2260971069,50044,50054,10
12.8087100983,80.2267684937,50054,50064,10
12.8095703125,80.2274017334,50064,50074,10
12.8107204437,80.227897644,50074,50084,10
12.8120498657,80.2284088135,50084,50094,10
12.8135004044,80.2289199829,50094,50104,10
12.8150501251,80.2292480469,50104,50114,10
12.8166399002,80.2294921875,50114,50125,11
12.8182897568,80.2301177979,50125,50135,10
12.8195104599,80.2304382324,50135,50145,10
12.8196897507,80.230430603,50145,50155,10
12.8201704025,80.2304229736,50155,50165,10
12.8210201263,80.2304229736,50165,50175,10
12.8220996857,80.2305374146,50175,50185,10
12.8233203888,80.2309188843,50185,50195,10
12.8247404099,80.2312774658,50195,50205,10
12.8263301849,80.2313079834,50205,50215,10
12.8277597427,80.2309036255,50215,50225,10
12.828669548,80.2303466797,50225,50236,11
12.8300199509,80.2297668457,50236,50247,11
12.8311195374,80.2293319702,50247,50257,10
12.8312101364,80.2293014526,50257,50267,10
12.831489563,80.2292327881,50267,50277,10
12.8319196701,80.2291030884,50277,50287,10
12.8326797485,80.2289581299,50287,50297,10
12.8336801529,80.2287979126,50297,50307,10
12.834859848,80.2285995483,50307,50317,10
12.8361597061,80.2284011841,50317,50327,10
12.8375797272,80.2281799316,50327,50338,11
12.8389596939,80.2278518677,50338,50348,10
12.839509964,80.2276611328,50348,50358,10
12.840089798,80.2275390625,50358,50368,10
12.8408603668,80.2273178101,50368,50378,10
12.8419704437,80.2270507813,50378,50388,10
12.8432798386,80.226852417,50388,50398,10
12.8446397781,80.2266082764,50398,50408,10
12.8452501297,80.2265396118,50408,50418,10
12.8452596664,80.2265396118,50418,50428,10
12.8453197479,80.2265319824,50428,50438,10
12.8454399109,80.2265319824,50438,50449,11
12.845990181,80.2265396118,50449,50459,10
12.8469104767,80.2265396118,50459,50469,10
12.8480195999,80.2265396118,50469,50479,10
12.8492803574,80.2265396118,50479,50489,10
12.8506698608,80.2265396118,50489,50499,10
12.8521604538,80.2266235352,50499,50509,10
12.8536195755,80.2266235352,50509,50519,10
12.855099678,80.2264633179,50519,50529,10
12.8566598892,80.2262878418,50529,50539,10
12.8582296371,80.2261810303,50539,50549,10
12.8597898483,80.2263717651,50549,50560,11
12.8608398438,80.2264862061,50560,50570,10
12.8609399796,80.2265090942,50570,50580,10
12.8613700867,80.2265472412,50580,50590,10
12.8622903824,80.2264785767,50590,50600,10
12.8633804321,80.2264404297,50600,50610,10
12.8646297455,80.2265014648,50610,50620,10
12.8659496307,80.2265167236,50620,50630,10
12.8673200607,80.2264175415,50630,50640,10
12.8687496185,80.2263412476,50640,50650,10
12.8702497482,80.2265014648,50650,50661,11
12.8718595505,80.2266082764,50661,50671,10
12.8728399277,80.2266082764,50671,50681,10
12.8729496002,80.2266235352,50681,50691,10
12.8732299805,80.2266235352,50691,50701,10
12.8738803864,80.2266921997,50701,50711,10
12.8747997284,80.2268371582,50711,50721,10
12.8759002686,80.2269134521,50721,50731,10
12.8766498566,80.2268600464,50731,50741,10
12.8766899109,80.2268600464,50741,50751,10
12.8770303726,80.2268829346,50751,50761,10
12.8777999878,80.2267990112,50761,50772,11
12.8789300919,80.2267532349,50772,50782,10
12.8801202774,80.2267227173,50782,50792,10
12.8814601898,80.2267303467,50792,50802,10
12.882900238,80.2266693115,50802,50812,10
12.8843297958,80.2266387939,50812,50822,10
12.8851499557,80.2266235352,50822,50832,10
12.8852300644,80.2266387939,50832,50842,10
12.8856601715,80.2267303467,50842,50852,10
12.8864097595,80.2269363403,50852,50862,10
12.8873901367,80.2271728516,50862,50872,10
12.8885602951,80.2273025513,50872,50883,11
12.8899803162,80.2273330688,50883,50893,10
12.8913898468,80.2273178101,50893,50903,10
12.8920202255,80.2273025513,50903,50913,10
12.8922595978,80.2273025513,50913,50929,16
12.8933000565,80.2274398804,50929,50941,12
12.8945102692,80.2275695801,50941,50951,10
12.89564991,80.2276535034,50951,50961,10
12.8969697952,80.2277374268,50961,50971,10
12.8985004425,80.2277832031,50971,50982,11
12.8998203278,80.2278671265,50982,50991,9
12.9007396698,80.2278213501,50991,51062,71
12.9007396698,80.2278213501,51062,51072,10
12.9011602402,80.2278671265,51072,51082,10
12.9016895294,80.2279205322,51082,51093,11
12.9026603699,80.2279815674,51093,51103,10
12.9033603668,80.2279891968,51103,51113,10
12.9038896561,80.2280197144,51113,51123,10
12.9047203064,80.2280807495,51123,51133,10
12.9055595398,80.2281036377,51133,51143,10
12.9059696198,80.2281265259,51143,51153,10
12.9064798355,80.228187561,51153,51163,10
12.9070196152,80.2282562256,51163,51173,10
12.9073696136,80.2282867432,51173,51183,10
12.9079799652,80.2283782959,51183,51193,10
12.9089097977,80.2285308838,51193,51204,11
12.9100704193,80.2287597656,51204,51220,16
12.9121999741,80.229057312,51220,51232,12
12.9136400223,80.2292175293,51232,51242,10
12.9139900208,80.2292709351,51242,51252,10
12.9141902924,80.2293014526,51252,51262,10
12.9146795273,80.2293777466,51262,51270,8
12.9149303436,80.2295608521,51270,51282,12
12.9164400101,80.2298126221,51282,51292,10
12.9180202484,80.2299118042,51292,51302,10
12.9194498062,80.2300567627,51302,51313,11
12.9211196899,80.2302627563,51313,51323,10
12.9226999283,80.2304763794,51323,51333,10
12.9243001938,80.2306976318,51333,51343,10
12.9258298874,80.2309265137,51343,51353,10
12.9273996353,80.2311019897,51353,51363,10
12.9287500381,80.2312393188,51363,51373,10
12.9298696518,80.2314987183,51373,51383,10
12.931019783,80.2319335938,51383,51393,10
12.9321098328,80.232208252,51393,51403,10
12.9331197739,80.2325515747,51403,51414,11
12.9336996078,80.2327194214,51414,51424,10
12.9339599609,80.2328186035,51424,51434,10
12.9345798492,80.2331466675,51434,51444,10
12.9354600906,80.2335281372,51444,51454,10
12.9363498688,80.2339782715,51454,51464,10
12.9373197556,80.2344970703,51464,51474,10
12.9386796951,80.2351379395,51474,51484,10
12.9395704269,80.2354736328,51484,51504,20
12.9395704269,80.2354736328,51504,51514,10
12.9404201508,80.2358779907,51514,51525,11
12.9412899017,80.2361297607,51525,51535,10
12.9422903061,80.2363967896,51535,51545,10
12.9432296753,80.2369613647,51545,51555,10
12.9441003799,80.2379302979,51555,51565,10
12.9450998306,80.2389526367,51565,51575,10
12.9462795258,80.239616394,51575,51585,10
12.9476203918,80.2400817871,51585,51605,20
12.9476203918,80.2400817871,51605,51615,10
12.9478797913,80.2401504517,51615,51625,10
12.9484796524,80.2404098511,51625,51636,11
12.948969841,80.2406234741,51636,51646,10
12.9496898651,80.240852356,51646,51656,10
12.9504203796,80.2412261963,51656,51666,10
12.9511404037,80.2413864136,51666,51686,20
12.9511404037,80.2413864136,51686,51696,10
12.9513902664,80.2414474487,51696,51706,10
12.9518499374,80.2416000366,51706,51716,10
12.9524202347,80.2419433594,51716,51726,10
12.9534597397,80.2422485352,51726,51737,11
12.9546003342,80.2426681519,51737,51747,10
12.9553604126,80.2429580688,51747,51757,10
12.9561004639,80.2433166504,51757,51767,10
12.9562501907,80.2433929443,51767,51777,10
12.9564599991,80.2434692383,51777,51787,10
12.9569702148,80.2436599731,51787,51797,10
12.9577598572,80.2439804077,51797,51807,10
12.9582595825,80.2443008423,51807,51817,10
12.9586496353,80.2444000244,51817,51827,10
12.9587497711,80.2444381714,51827,51837,10
12.9591598511,80.2446212769,51837,51848,11
12.9598302841,80.2449035645,51848,51858,10
12.960729599,80.245300293,51858,51868,10
12.9617004395,80.2457504272,51868,51878,10
12.963060379,80.2465133667,51878,51898,20
12.963060379,80.2465133667,51898,51908,10
12.9632701874,80.24659729,51908,51918,10
12.9635696411,80.246711731,51918,51928,10
12.9642601013,80.2469024658,51928,51938,10
12.9651403427,80.2472000122,51938,51949,11
12.9662704468,80.2476425171,51949,51959,10
12.9668703079,80.2478637695,51959,51969,10
12.9668903351,80.2478790283,51969,51979,10
12.9669904709,80.2480773926,51979,51989,10
12.9672603607,80.2482299805,51989,51999,10
12.9680995941,80.2486190796,51999,52009,10
12.9689798355,80.2489700317,52009,52019,10
12.9697999954,80.249382019,52019,52029,10
12.9709396362,80.2497406006,52029,52039,10
12.9722003937,80.2500228882,52039,52049,10
12.9733400345,80.2502975464,52049,52060,11
12.9744796753,80.2506027222,52060,52070,10
12.9756298065,80.2509078979,52070,52080,10
12.9766597748,80.2512512207,52080,52090,10
12.9775495529,80.2516937256,52090,52100,10
12.9783697128,80.2523193359,52100,52110,10
12.9786596298,80.252456665,52110,52120,10
12.9787197113,80.2524719238,52120,52130,10
12.9795303345,80.2525863647,52130,52161,31
12.9795303345,80.2525863647,52161,52171,10
12.9796199799,80.2525405884,52171,52181,10
12.9799995422,80.2525787354,52181,52191,10
12.9806499481,80.2526168823,52191,52201,10
12.9815702438,80.2526092529,52201,52211,10
12.982629776,80.2525787354,52211,52221,10
12.9836797714,80.2524032593,52221,52231,10
12.9847402573,80.2521133423,52231,52241,10
12.9857301712,80.2518386841,52241,52251,10
12.9866104126,80.2516021729,52251,52332,81
12.9866104126,80.2516021729,52332,52342,10
12.9868297577,80.2515792847,52342,52352,10
12.9872198105,80.2514572144,52352,52362,10
12.9877700806,80.2513198853,52362,52372,10
12.9884996414,80.251159668,52372,52383,11
12.9896001816,80.250831604,52383,52402,19
12.9896001816,80.250831604,52402,52413,11
12.9900503159,80.2507171631,52413,52423,10
12.9907598495,80.2505722046,52423,52433,10
12.9916296005,80.2503509521,52433,52443,10
12.9926395416,80.2501220703,52443,52453,10
12.9937200546,80.2498626709,52453,52463,10
12.9948797226,80.2495880127,52463,52473,10
12.996339798,80.2492523193,52473,52484,11
12.9979295731,80.2488479614,52484,52494,10
12.9993495941,80.2484970093,52494,52504,10
13.0006599426,80.2482070923,52504,52514,10
13.001830101,80.2478485107,52514,52524,10
13.0027503967,80.2476196289,52524,52534,10
13.0037899017,80.2474365234,52534,52544,10
13.0048599243,80.2473602295,52544,52554,10
13.0057897568,80.2471237183,52554,52564,10
13.0064601898,80.2464599609,52564,52584,20
13.0064601898,80.2464599609,52584,52595,11
13.0066003799,80.2461471558,52595,52605,10
13.0066299438,80.2456283569,52605,52615,10
13.0066204071,80.2448577881,52615,52625,10
13.0066204071,80.2440185547,52625,52635,10
13.0065698624,80.2432022095,52635,52645,10
13.0065202713,80.2422027588,52645,52655,10
13.0065202713,80.2412567139,52655,52665,10
13.0065898895,80.240562439,52665,52675,10
13.0067195892,80.2398986816,52675,52685,10
13.0068597794,80.2390975952,52685,52695,10
13.0071296692,80.2379074097,52695,52706,11
13.0073404312,80.2370986938,52706,52716,10
13.0073795319,80.2368774414,52716,52726,10
13.0074596405,80.2366333008,52726,52736,10
13.0075998306,80.236076355,52736,52746,10
13.0077400208,80.2353973389,52746,52756,10
13.0079202652,80.2344665527,52756,52766,10
13.0081501007,80.2333068848,52766,52776,10
13.0083703995,80.2321395874,52776,52786,10
13.0085697174,80.2310333252,52786,52796,10
13.0088195801,80.229850769,52796,52807,11
13.0090799332,80.2284927368,52807,52817,10
13.0094995499,80.2274093628,52817,52827,10
13.0099496841,80.2264328003,52827,52837,10
13.0103998184,80.2255172729,52837,52847,10
13.0105695724,80.2252197266,52847,52857,10
13.0106801987,80.2250366211,52857,52867,10
13.010840416,80.2246704102,52867,52877,10
13.011300087,80.2235412598,52877,52907,30
13.011300087,80.2235412598,52907,52924,17
13.0115299225,80.2228469849,52924,52936,12
13.0117101669,80.2222290039,52936,52946,10
13.0121803284,80.2217407227,52946,52956,10
13.0124998093,80.2219390869,52956,52966,10
13.0129299164,80.2224197388,52966,52976,10
13.0134000778,80.2229309082,52976,52986,10
13.0139303207,80.2236480713,52986,52996,10
13.0142002106,80.2236404419,52996,53006,10
13.0146303177,80.224319458,53006,53016,10
13.0150203705,80.2246170044,53016,53027,11
13.015130043,80.2246704102,53027,53037,10
13.01541996,80.2248916626,53037,53046,9
13.0156402588,80.225151062,53046,53057,11
13.016169548,80.2253112793,53057,53067,10
13.0168504715,80.225151062,53067,53077,10
13.0177097321,80.2248001099,53077,53087,10
13.0185604095,80.2244873047,53087,53097,10
13.0192899704,80.2243728638,53097,53107,10
13.0194196701,80.2244110107,53107,53117,10
13.0195703506,80.2244873047,53117,53128,11
13.0198898315,80.2246627808,53128,53138,10
13.0204000473,80.2250518799,53138,53148,10
13.0209102631,80.225479126,53148,53158,10
13.0215597153,80.2259597778,53158,53168,10
13.0223798752,80.2265167236,53168,53188,20
13.0223798752,80.2265167236,53188,53198,10
13.0226898193,80.2267990112,53198,53208,10
13.0230903625,80.2272033691,53208,53218,10
13.023639679,80.2278289795,53218,53228,10
13.0241203308,80.2282028198,53228,53239,11
13.0243396759,80.2284164429,53239,53249,10
13.0245895386,80.2288208008,53249,53259,10
13.0251398087,80.2295608521,53259,53269,10
13.025639534,80.2304382324,53269,53279,10
13.0259399414,80.231338501,53279,53289,10
13.0263395309,80.2323532104,53289,53319,30
13.0263395309,80.2323532104,53319,53329,10
13.0264396667,80.2325973511,53329,53339,10
13.026550293,80.2329483032,53339,53350,11
13.0267095566,80.2333068848,53350,53360,10
13.027009964,80.2337265015,53360,53376,16
13.0277004242,80.2349090576,53376,53388,12
13.0282897949,80.235786438,53388,53398,10
13.0287904739,80.2363586426,53398,53408,10
13.0295600891,80.237121582,53408,53418,10
13.0296697617,80.2372436523,53418,53428,10
13.0299100876,80.237663269,53428,53438,10
13.0302696228,80.2382965088,53438,53448,10
13.030579567,80.2387313843,53448,53459,11
13.0308904648,80.239402771,53459,53469,10
13.0312004089,80.2399215698,53469,53479,10
13.0313596725,80.2402420044,53479,53489,10
13.0314502716,80.2407836914,53489,53499,10
13.0316801071,80.2412567139,53499,53509,10
13.0319404602,80.2418289185,53509,53519,10
13.0323095322,80.2423477173,53519,53529,10
13.0325803757,80.2426300049,53529,53539,10
13.0330400467,80.2426681519,53539,53549,10
13.0336198807,80.2437591553,53549,53560,11
13.0340499878,80.2445373535,53560,53570,10
13.0343198776,80.2449569702,53570,53580,10
13.0345001221,80.2454681396,53580,53590,10
13.0347795486,80.2459182739,53590,53600,10
13.0349197388,80.2460021973,53600,53610,10
13.0352802277,80.24609375,53610,53620,10
13.0355396271,80.2462387085,53620,53630,10
13.0358896255,80.2463989258,53630,53640,10
13.0366802216,80.2465362549,53640,53650,10
13.0373401642,80.2464828491,53650,53660,10
13.0379695892,80.2465591431,53660,53671,11
13.0384302139,80.2468490601,53671,53681,10
13.0388803482,80.2469787598,53681,53691,10
13.0391798019,80.2469863892,53691,53701,10
13.0392103195,80.2469711304,53701,53711,10
13.0394496918,80.2470016479,53711,53721,10
13.0399799347,80.2470932007,53721,53731,10
13.0404996872,80.2471923828,53731,53741,10
13.0412101746,80.2472915649,53741,53751,10
13.0418395996,80.2473526001,53751,53761,10
13.0423603058,80.2474899292,53761,53772,11
13.0429601669,80.247756958,53772,53782,10
13.0434598923,80.2479705811,53782,53792,10
13.0439596176,80.2478713989,53792,53802,10
13.0444803238,80.2478103638,53802,53812,10
13.044960022,80.2478866577,53812,53822,10
13.0454101563,80.2481307983,53822,53832,10
13.0461397171,80.2484588623,53832,53842,10
13.0466995239,80.2484436035,53842,53852,10
13.0467796326,80.2484207153,53852,53862,10
13.047129631,80.2484970093,53862,53872,10
13.0474796295,80.2487182617,53872,53883,11
13.0479803085,80.2492599487,53883,53893,10
13.0483398438,80.2496032715,53893,53903,10
13.0486698151,80.249710083,53903,53913,10
13.0492401123,80.2497711182,53913,53923,10
13.0501003265,80.2499237061,53923,53933,10
13.0510797501,80.2501373291,53933,53943,10
13.0519800186,80.250617981,53943,53953,10
13.0526304245,80.2514419556,53953,53963,10
13.0532197952,80.2522277832,53963,53973,10
13.0536499023,80.2529907227,53973,53983,10
13.0542001724,80.2537231445,53983,53994,11
13.0546598434,80.254119873,53994,54004,10
13.0549497604,80.2544403076,54004,54014,10
13.0552301407,80.2548599243,54014,54024,10
13.0554504395,80.2551803589,54024,54034,10
13.0555696487,80.2554016113,54034,54044,10
13.0557098389,80.255607605,54044,54054,10
13.0558996201,80.255859375,54054,54064,10
13.0560903549,80.2560882568,54064,54074,10
13.0562601089,80.2562484741,54074,54084,10
13.056520462,80.2565765381,54084,54095,11
13.0571403503,80.2571716309,54095,54105,10
13.0576896667,80.2575683594,54105,54115,10
13.0580101013,80.2579803467,54115,54125,10
13.0584201813,80.2586212158,54125,54135,10
13.0588197708,80.2589187622,54135,54145,10
13.0591201782,80.259437561,54145,54155,10
13.0594902039,80.2599487305,54155,54165,10
13.0598697662,80.2601089478,54165,54175,10
13.0602998734,80.2606201172,54175,54185,10
13.0605096817,80.2609710693,54185,54195,10
13.0606603622,80.2612380981,54195,54206,11
13.0608901978,80.2617034912,54206,54216,10
13.0612602234,80.2618484497,54216,54226,10
13.0615501404,80.2622299194,54226,54236,10
13.061829567,80.2627182007,54236,54246,10
13.0623703003,80.2634277344,54246,54256,10
13.0627498627,80.2639007568,54256,54266,10
13.0631599426,80.2643203735,54266,54276,10
13.0635995865,80.2651672363,54276,54286,10
13.0638999939,80.2655105591,54286,54296,10
13.0641298294,80.2658615112,54296,54307,11
13.0643100739,80.2660980225,54307,54317,10
13.0644302368,80.2662200928,54317,54327,10
13.0645399094,80.2663803101,54327,54337,10
13.0646095276,80.2664489746,54337,54347,10
13.0648002625,80.2667007446,54347,54357,10
13.0651903152,80.2670135498,54357,54367,10
13.0656499863,80.2674179077,54367,54377,10
13.0657300949,80.2675094604,54377,54387,10
13.0659704208,80.2678604126,54387,54397,10
13.0661296844,80.2682037354,54397,54407,10
13.0661802292,80.2682571411,54407,54418,11
13.0664396286,80.2684783936,54418,54428,10
13.0666503906,80.2684631348,54428,54438,10
13.0669803619,80.2687530518,54438,54448,10
13.0674695969,80.2690963745,54448,54458,10
13.0679798126,80.2693023682,54458,54468,10
13.0681800842,80.2694625854,54468,54478,10
13.0681495667,80.2698974609,54478,54488,10
13.0681200027,80.2704162598,54488,54504,16
13.0680599213,80.2708129883,54504,54516,12
13.0680999756,80.2714004517,54516,54527,11
13.0686397552,80.2718276978,54527,54536,9
13.0691299438,80.2720184326,54536,54546,10
13.0696697235,80.2726364136,54546,54558,12
13.0702199936,80.2732925415,54558,54568,10
13.0706596375,80.2738876343,54568,54578,10
13.0709600449,80.2740631104,54578,54588,10
13.0712203979,80.2742004395,54588,54598,10
13.0717000961,80.2744369507,54598,54608,10
13.0718698502,80.2745895386,54608,54618,10
13.0722703934,80.2750091553,54618,54628,10
13.0728702545,80.2756271362,54628,54639,11
13.0733995438,80.2761001587,54639,54648,9
13.0736198425,80.2762908936,54648,54659,11
13.0740003586,80.2763824463,54659,54669,10
13.0743198395,80.2763214111,54669,54679,10
13.0749197006,80.2762985229,54679,54689,10
13.0754995346,80.276260376,54689,54699,10
13.0760803223,80.2762374878,54699,54709,10
13.0767002106,80.2761688232,54709,54719,10
13.0774297714,80.2760620117,54719,54729,10
13.0781602859,80.2755813599,54729,54740,11
13.0787801743,80.2750778198,54740,54750,10
13.0794696808,80.2752304077,54750,54760,10
13.0802001953,80.2752380371,54760,54770,10
13.080909729,80.2751693726,54770,54871,101
13.080909729,80.2751693726,54871,54881,10
13.081199646,80.275138855,54881,54891,10
13.0816001892,80.2751235962,54891,54901,10
13.0819501877,80.2752838135,54901,54911,10
13.0820798874,80.2755432129,54911,55194,283
13.0820398331,80.2758789063,55194,55921,727
13.0820398331,80.2758789063,55921,55931,10
13.0817804337,80.2760162354,55931,55941,10
13.0818195343,80.2763824463,55941,55951,10
13.0818796158,80.2770462036,55951,55961,10
13.0818996429,80.2776412964,55961,55971,10
13.0819997787,80.2780075073,55971,55981,10
13.0824403763,80.2779388428,55981,55991,10
13.0827903748,80.277961731,55991,56001,10
13.0829801559,80.2780990601,56001,56011,10
13.0833501816,80.2784194946,56011,56022,11
13.0832195282,80.2788391113,56022,56032,10
13.082690239,80.2786178589,56032,56052,20
13.082690239,80.2786178589,56052,56062,10
13.0824403763,80.2785415649,56062,56072,10
13.0819997787,80.2782897949,56072,56082,10
13.0818796158,80.2777709961,56082,56092,10
13.0818004608,80.2770004272,56092,56102,10
13.0816698074,80.2761383057,56102,56111,9
13.081580162,80.275718689,56111,56122,11
13.081489563,80.2753219604,56122,56133,11
13.0814399719,80.2752304077,56133,56143,10
13.0810899734,80.2751998901,56143,56153,10
13.0804595947,80.2752685547,56153,56163,10
13.0798196793,80.2753295898,56163,56173,10
13.0790500641,80.2752075195,56173,56183,10
13.0782899857,80.2755203247,56183,56193,10
13.0778598785,80.2762069702,56193,56203,10
13.0770101547,80.276260376,56203,56213,10
13.0763196945,80.2763290405,56213,56223,10
13.0754404068,80.2763824463,56223,56234,11
13.0745897293,80.2764434814,56234,56244,10
13.0740098953,80.2764205933,56244,56274,30
13.0740098953,80.2764205933,56274,56284,10
13.0738401413,80.2763977051,56284,56294,10
13.073679924,80.2764205933,56294,56304,10
13.0732898712,80.2761611938,56304,56314,10
13.0727996826,80.2755584717,56314,56324,10
13.0719499588,80.2747421265,56324,56355,31
13.0719499588,80.2747421265,56355,56365,10
13.0718603134,80.2746887207,56365,56375,10
13.0713500977,80.2744903564,56375,56385,10
13.0707502365,80.2742767334,56385,56395,10
13.0705900192,80.2740631104,56395,56405,10
13.0704603195,80.273727417,56405,56415,10
13.0702199936,80.2733306885,56415,56425,10
13.0697803497,80.2727966309,56425,56435,10
13.0692901611,80.272277832,56435,56446,11
13.0689296722,80.2719573975,56446,56456,10
13.0688896179,80.2719268799,56456,56466,10
13.0686597824,80.2718963623,56466,56476,10
13.0682697296,80.2717590332,56476,56486,10
13.0679798126,80.2712936401,56486,56496,10
13.0678195953,80.2709274292,56496,56506,10
13.0673599243,80.2704772949,56506,56516,10
13.0669803619,80.270111084,56516,56526,10
13.0665597916,80.2695922852,56526,56536,10
13.0664100647,80.26902771,56536,56546,10
13.0664396286,80.2686233521,56546,56557,11
13.0661096573,80.2681503296,56557,56567,10
13.0656299591,80.2677078247,56567,56577,10
13.0655298233,80.2677078247,56577,56587,10
13.0653600693,80.2676773071,56587,56597,10
13.0650196075,80.2675933838,56597,56607,10
13.064450264,80.2674789429,56607,56617,10
13.0638799667,80.2673797607,56617,56627,10
13.0632200241,80.2672195435,56627,56637,10
13.0627202988,80.2670593262,56637,56647,10
13.0622301102,80.2665328979,56647,56658,11
13.0617399216,80.2659072876,56658,56668,10
13.0611801147,80.2652816772,56668,56678,10
13.0606298447,80.2652282715,56678,56688,10
13.0605201721,80.2653274536,56688,56698,10
13.0603303909,80.2654800415,56698,56708,10
13.0598096848,80.2655792236,56708,56718,10
13.0593595505,80.2655487061,56718,56728,10
13.0588998795,80.2654800415,56728,56738,10
13.0584497452,80.26537323,56738,56748,10
13.0580701828,80.2651290894,56748,56758,10
13.0579996109,80.2645568848,56758,56769,11
13.0579795837,80.2641067505,56769,56779,10
13.0579299927,80.2635421753,56779,56789,10
13.0578603745,80.2627563477,56789,56799,10
13.0577297211,80.2621536255,56799,56809,10
13.0576200485,80.2615432739,56809,56819,10
13.0574798584,80.2609176636,56819,56829,10
13.0572595596,80.2602005005,56829,56839,10
13.0570602417,80.2596511841,56839,56849,10
13.0569496155,80.2593231201,56849,56859,10
13.0567798615,80.2587509155,56859,56880,21
13.0567798615,80.2587509155,56880,56890,10
13.0566997528,80.2583236694,56890,56900,10
13.0566501617,80.2579879761,56900,56910,10
13.0565900803,80.2575836182,56910,56920,10
13.0565500259,80.2573699951,56920,56930,10
13.0564403534,80.2571105957,56930,56940,10
13.0563497543,80.2567596436,56940,56950,10
13.0561800003,80.2562866211,56950,56960,10
13.0558996201,80.2558898926,56960,56970,10
13.055439949,80.2552490234,56970,56981,11
13.0548496246,80.2544021606,56981,56991,10
13.0543403625,80.2537612915,56991,57001,10
13.053899765,80.2531967163,57001,57011,10
13.0535497665,80.2526931763,57011,57021,10
13.0530395508,80.2520294189,57021,57031,10
13.0525197983,80.2513427734,57031,57041,10
13.0519895554,80.2506637573,57041,57051,10
13.0514602661,80.2502975464,57051,57061,10
13.0503396988,80.2499313354,57061,57070,9
13.0495195389,80.249786377,57070,57081,11
13.0486803055,80.2497329712,57081,57092,11
13.04804039,80.2493591309,57092,57102,10
13.047419548,80.2488174438,57102,57112,10
13.0470199585,80.2486190796,57112,57122,10
13.0470104218,80.2486114502,57122,57132,10
13.0468397141,80.248588562,57132,57142,10
13.0463600159,80.248550415,57142,57152,10
13.0456199646,80.2483901978,57152,57162,10
13.0449199677,80.2481231689,57162,57172,10
13.044500351,80.2480621338,57172,57182,10
13.0442495346,80.2480316162,57182,57193,11
13.0440196991,80.2479934692,57193,57203,10
13.0437498093,80.2479629517,57203,57213,10
13.0433597565,80.2478179932,57213,57223,10
13.042889595,80.2477264404,57223,57233,10
13.0422897339,80.2475891113,57233,57243,10
13.0414199829,80.2474212646,57243,57253,10
13.0403995514,80.2472610474,57253,57273,20
13.0403995514,80.2472610474,57273,57283,10
13.0401000977,80.2471313477,57283,57293,10
13.0396003723,80.2470474243,57293,57304,11
13.0391397476,80.2469100952,57304,57314,10
13.0386400223,80.2467498779,57314,57324,10
13.0382795334,80.2467193604,57324,57334,10
13.0378103256,80.2466812134,57334,57344,10
13.0371704102,80.2465896606,57344,57354,10
13.0364599228,80.2464370728,57354,57364,10
13.0360803604,80.2463302612,57364,57374,10
13.0359802246,80.2462921143,57374,57384,10
13.035900116,80.2462081909,57384,57394,10
13.0355501175,80.2461090088,57394,57405,11
13.0353298187,80.2459564209,57405,57415,10
13.0353403091,80.2459564209,57415,57425,10
13.035320282,80.2459182739,57425,57435,10
13.0352602005,80.2459335327,57435,57445,10
13.0349502563,80.2458114624,57445,57455,10
13.0346603394,80.2454299927,57455,57465,10
13.0342998505,80.244972229,57465,57475,10
13.0339002609,80.2445373535,57475,57485,10
13.0334396362,80.2439422607,57485,57495,10
13.032699585,80.242980957,57495,57556,61
13.0326700211,80.2428817749,57556,57616,60
13.0326700211,80.2428817749,57616,57627,11
13.0323600769,80.2425308228,57627,57697,70
13.0323600769,80.2425308228,57697,57707,10
13.032119751,80.2422409058,57707,57717,10
13.0319795609,80.2420272827,57717,57728,11
13.0317602158,80.2415390015,57728,57738,10
13.0314903259,80.2409286499,57738,57748,10
13.0313596725,80.2405395508,57748,57818,70
13.0313596725,80.2405395508,57818,57828,10
13.0314302444,80.2404632568,57828,57839,11
13.0311803818,80.2400436401,57839,57849,10
13.0308599472,80.239440918,57849,57859,10
13.0303697586,80.2386322021,57859,57868,9
13.0298500061,80.2377166748,57868,57879,11
13.0289802551,80.236618042,57879,57889,10
13.0282201767,80.235786438,57889,57899,10
13.0276203156,80.234916687,57899,57909,10
13.0268802643,80.2336807251,57909,57919,10
13.0262804031,80.2325820923,57919,57929,10
13.0260801315,80.2319030762,57929,57939,10
13.0260601044,80.2316818237,57939,57950,11
13.0260400772,80.2314300537,57950,57960,10
13.0258703232,80.2308273315,57960,57970,10
13.0254096985,80.2300415039,57970,57980,10
13.0248298645,80.2293167114,57980,57990,10
13.0246601105,80.2291412354,57990,58000,10
13.0245895386,80.2290267944,58000,58010,10
13.0242795944,80.2286224365,58010,58020,10
13.0238399506,80.2280807495,58020,58030,10
13.0234603882,80.2276763916,58030,58040,10
13.0234098434,80.2276382446,58040,58051,11
13.0231199265,80.2273712158,58051,58061,10
13.0226202011,80.2268829346,58061,58071,10
13.0219802856,80.2262802124,58071,58081,10
13.0212001801,80.2256774902,58081,58091,10
13.0204696655,80.2251281738,58091,58101,10
13.0196399689,80.2245788574,58101,58111,10
13.0185604095,80.2245788574,58111,58121,10
13.0175199509,80.2249984741,58121,58131,10
13.0167398453,80.2253417969,58131,58147,16
13.0162296295,80.2255630493,58147,58159,12
13.0157604218,80.2256393433,58159,58170,11
13.0153398514,80.2258071899,58170,58179,9
13.0145196915,80.2261428833,58179,58190,11
13.0141096115,80.2262878418,58190,58200,10
13.0138301849,80.2264022827,58200,58210,10
13.0132102966,80.2266082764,58210,58219,9
13.0125102997,80.2268676758,58219,58230,11
13.0113201141,80.2273635864,58230,58239,9
13.0104198456,80.2277526855,58239,58249,10
13.0094900131,80.2281417847,58249,58261,12
13.0089797974,80.2291793823,58261,58271,10
13.0087404251,80.2303237915,58271,58281,10
13.0085096359,80.2314910889,58281,58291,10
13.008310318,80.2326812744,58291,58301,10
13.0081596375,80.2337036133,58301,58310,9
13.0081396103,80.2338180542,58310,58321,11
13.0080604553,80.234161377,58321,58331,10
13.0078897476,80.2347869873,58331,58341,10
13.0078601837,80.234916687,58341,58351,10
13.0078001022,80.2352218628,58351,58361,10
13.0076704025,80.2358398438,58361,58372,11
13.007519722,80.2367935181,58372,58382,10
13.0073003769,80.2376708984,58382,58392,10
13.0071001053,80.2385025024,58392,58402,10
13.006939888,80.2393417358,58402,58412,10
13.0067796707,80.2400970459,58412,58422,10
13.0066404343,80.2409362793,58422,58432,10
13.0065898895,80.2420806885,58432,58442,10
13.0066604614,80.2431564331,58442,58452,10
13.0067996979,80.2443313599,58452,58462,10
13.0066795349,80.2455673218,58462,58472,10
13.0067596436,80.2462463379,58472,58483,11
13.0067996979,80.2466812134,58483,58493,10
13.006770134,80.2472610474,58493,58503,10
13.0063400269,80.2474136353,58503,58513,10
13.006070137,80.2473907471,58513,58523,10
13.0058603287,80.2473831177,58523,58533,10
13.005279541,80.2473602295,58533,58543,10
13.0044403076,80.2473907471,58543,58553,10
13.0034503937,80.247543335,58553,58563,10
13.0024499893,80.247718811,58563,58573,10
13.0015802383,80.2479400635,58573,58583,10
13.000579834,80.2482223511,58583,58594,11
12.9993095398,80.248550415,58594,58604,10
12.9980297089,80.248878479,58604,58614,10
12.9966096878,80.249206543,58614,58624,10
12.9951601028,80.2495803833,58624,58634,10
12.9938001633,80.2499389648,58634,58644,10
12.9925298691,80.2502593994,58644,58654,10
12.991350174,80.2505569458,58654,58664,10
12.9903097153,80.250831604,58664,58674,10
12.9900197983,80.2509002686,58674,58684,10
12.9897298813,80.2509613037,58684,58694,10
12.9888601303,80.2511901855,58694,58876,182
12.9888601303,80.2511901855,58876,58886,10
12.9884796143,80.2512512207,58886,58896,10
12.9880599976,80.251373291,58896,58907,11
12.9875602722,80.2514724731,58907,58917,10
12.9870004654,80.2516174316,58917,58927,10
12.986579895,80.251739502,58927,58937,10
12.9860401154,80.2518997192,58937,58947,10
12.9852199554,80.2520904541,58947,58957,10
12.9841804504,80.2523574829,58957,58967,10
12.9830598831,80.2526016235,58967,58977,10
12.9819402695,80.2526779175,58977,58987,10
12.9809703827,80.2527084351,58987,58997,10
12.9804601669,80.252746582,58997,59007,10
12.9802799225,80.2527770996,59007,59018,11
12.9801197052,80.2527694702,59018,59028,10
12.9796199799,80.2526931763,59028,59038,10
12.9789199829,80.2526321411,59038,59048,10
12.9785404205,80.2525482178,59048,59058,10
12.9785003662,80.2525405884,59058,59068,10
12.9782104492,80.2523269653,59068,59078,10
12.9776802063,80.2518386841,59078,59088,10
12.9768104553,80.2513122559,59088,59098,10
12.9757003784,80.2509918213,59098,59108,10
12.9744997025,80.2506484985,59108,59118,10
12.9731903076,80.2502975464,59118,59129,11
12.9719200134,80.249961853,59129,59139,10
12.9707803726,80.2496414185,59139,59149,10
12.9696102142,80.2492370605,59149,59159,10
12.9684696198,80.2487792969,59159,59169,10
12.9674797058,80.2483596802,59169,59179,10
12.9667301178,80.2480316162,59179,59189,10
12.9660797119,80.2477416992,59189,59199,10
12.9651603699,80.2473907471,59199,59219,20
12.9651603699,80.2473907471,59219,59230,11
12.9650497437,80.2472915649,59230,59240,10
12.9646196365,80.2471466064,59240,59250,10
12.9639196396,80.2469177246,59250,59260,10
12.9632797241,80.2466201782,59260,59270,10
12.9623699188,80.2461700439,59270,59280,10
12.960149765,80.2451095581,59280,59290,10
12.960149765,80.2451095581,59290,59300,10
12.9594097137,80.2448806763,59300,59310,10
12.9593801498,80.2448501587,59310,59320,10
12.9592199326,80.244758606,59320,59330,10
12.9587001801,80.2445068359,59330,59341,11
12.957909584,80.244178772,59341,59351,10
12.9566698074,80.2437362671,59351,59423,72
12.9566698074,80.2437362671,59423,59433,10
12.9560098648,80.2434463501,59433,59444,11
12.9552698135,80.2431030273,59444,59454,10
12.9543600082,80.2427062988,59454,59464,10
12.9539003372,80.2425003052,59464,59474,10
12.9536800385,80.2424087524,59474,59484,10
12.9531202316,80.2421875,59484,59494,10
12.9523200989,80.241897583,59494,59504,10
12.9516897202,80.2416992188,59504,59514,10
12.9515199661,80.2416305542,59514,59524,10
12.9510202408,80.2414627075,59524,59534,10
12.9502096176,80.2412033081,59534,59544,10
12.949640274,80.2410507202,59544,59555,11
12.9495801926,80.241027832,59555,59565,10
12.9495000839,80.2410125732,59565,59575,10
12.9493398666,80.2409286499,59575,59585,10
12.9489002228,80.2407684326,59585,59595,10
12.9481601715,80.2404632568,59595,59605,10
12.9472799301,80.2400970459,59605,59615,10
12.9469203949,80.2399673462,59615,59625,10
12.9469099045,80.2399673462,59625,59635,10
12.9465198517,80.2397918701,59635,59645,10
12.9458999634,80.2395172119,59645,59655,10
12.9450998306,80.2390365601,59655,59666,11
12.9442796707,80.2380981445,59666,59676,10
12.9434099197,80.2371520996,59676,59686,10
12.942199707,80.2364196777,59686,59696,10
12.9407596588,80.2360610962,59696,59706,10
12.9398202896,80.2358322144,59706,59716,10
12.9397602081,80.2358016968,59716,59725,9
12.9395704269,80.2357177734,59725,59736,11
12.9388599396,80.2353515625,59736,59746,10
12.9380197525,80.2349090576,59746,59756,10
12.9369802475,80.2343978882,59756,59767,11
12.935959816,80.2339477539,59767,59777,10
12.9350204468,80.2334823608,59777,59787,10
12.9340200424,80.2330703735,59787,59797,10
12.9338998795,80.2330093384,59797,59807,10
12.9337596893,80.2329483032,59807,59817,10
12.9332799911,80.232711792,59817,59827,10
12.9324998856,80.2323989868,59827,59837,10
12.931520462,80.2320709229,59837,59847,10
12.9303798676,80.2317581177,59847,59857,10
12.9290399551,80.2314376831,59857,59867,10
12.9275999069,80.2312011719,59867,59878,11
12.9259395599,80.2310028076,59878,59888,10
12.9244699478,80.2308120728,59888,59897,9
12.9233798981,80.2306671143,59897,59908,11
12.9220104218,80.2304611206,59908,59918,10
12.9204101563,80.2302627563,59918,59928,10
12.9196596146,80.230140686,59928,59938,10
12.9194602966,80.2301177979,59938,59948,10
12.9191904068,80.2300796509,59948,59958,10
12.9188699722,80.2300415039,59958,59968,10
12.9186401367,80.2300186157,59968,59979,11
12.9182701111,80.2299575806,59979,60059,80
12.9182701111,80.2299575806,60059,60069,10
12.9177503586,80.2298965454,60069,60079,10
12.9173603058,80.2298583984,60079,60090,11
12.9165401459,80.2297286987,60090,60100,10
12.9156703949,80.2296218872,60100,60110,10
12.914730072,80.2294998169,60110,60120,10
12.9139499664,80.2294006348,60120,60130,10
12.9135103226,80.2293624878,60130,60140,10
12.9134902954,80.2293624878,60140,60150,10
12.9131002426,80.2292785645,60150,60160,10
12.9123601913,80.2291412354,60160,60170,10
12.9114398956,80.2290115356,60170,60180,10
12.9103403091,80.2288589478,60180,60191,11
12.9089803696,80.2286529541,60191,60201,10
12.9079399109,80.2284927368,60201,60211,10
12.9074497223,80.2284317017,60211,60271,60
12.9074497223,80.2284317017,60271,60281,10
12.9070796967,80.2283401489,60281,60291,10
12.9066495895,80.2282867432,60291,60302,11
12.9059696198,80.2282333374,60302,60312,10
12.9050502777,80.2281799316,60312,60322,10
12.9039897919,80.2281265259,60322,60332,10
12.9031095505,80.2281036377,60332,60342,10
12.9027395248,80.2281036377,60342,60352,10
12.9023599625,80.2280807495,60352,60361,9
12.9017496109,80.2280502319,60361,60372,11
12.9010400772,80.228012085,60372,60382,10
12.9006795883,80.2279663086,60382,60392,10
12.900349617,80.2279586792,60392,60402,10
12.9000597,80.2279510498,60402,60413,11
12.9000301361,80.2279510498,60413,60423,10
12.8997802734,80.2279129028,60423,60433,10
12.899769783,80.2279129028,60433,60443,10
12.8994102478,80.2278671265,60443,60453,10
12.8988599777,80.2278289795,60453,60463,10
12.8980197906,80.2277832031,60463,60473,10
12.8969697952,80.2277069092,60473,60483,10
12.8957700729,80.2276611328,60483,60493,10
12.8944997787,80.2276306152,60493,60503,10
12.8933601379,80.2275390625,60503,60513,10
12.8928403854,80.2274780273,60513,60524,11
12.8926095963,80.2274475098,60524,60534,10
12.8921499252,80.2273864746,60534,60550,16
12.8907499313,80.2273712158,60550,60562,12
12.889380455,80.2273712158,60562,60571,9
12.8883304596,80.2273406982,60571,60582,11
12.8870801926,80.2271881104,60582,60592,10
12.8858203888,80.2268981934,60592,60602,10
12.8847503662,80.2267227173,60602,60612,10
12.8840703964,80.2264022827,60612,60622,10
12.8838396072,80.2264785767,60622,60633,11
12.8834199905,80.2267303467,60633,60643,10
12.882399559,80.2267532349,60643,60653,10
12.8811798096,80.2267379761,60653,60664,11
12.8798599243,80.2267379761,60664,60674,10
12.8783102036,80.2268218994,60674,60684,10
12.8771495819,80.2269287109,60684,60694,10
12.8764801025,80.2270202637,60694,60704,10
12.8763599396,80.2270126343,60704,60714,10
12.8760004044,80.2270126343,60714,60724,10
12.8752298355,80.2269515991,60724,60735,11
12.8740501404,80.2267990112,60735,60745,10
12.8725099564,80.2267303467,60745,60765,20
12.8725099564,80.2267303467,60765,60775,10
12.8723201752,80.2267303467,60775,60785,10
12.8717002869,80.2266998291,60785,60795,10
12.8707399368,80.2266464233,60795,60805,10
12.869600296,80.2265396118,60805,60815,10
12.8682804108,80.2264175415,60815,60825,10
12.8668498993,80.2265396118,60825,60835,10
12.8653402328,80.226600647,60835,60846,11
12.8636598587,80.2265396118,60846,60856,10
12.8621196747,80.2265777588,60856,60866,10
12.8606996536,80.2266082764,60866,60876,10
12.8593997955,80.2264175415,60876,60886,10
12.858590126,80.22631073,60886,60896,10
12.8576498032,80.2262802124,60896,60906,10
12.8565301895,80.2263793945,60906,60916,10
12.8552503586,80.2265090942,60916,60926,10
12.8538303375,80.2266616821,60926,60936,10
12.8524703979,80.2266998291,60936,60947,11
12.8509998322,80.2266082764,60947,60957,10
12.8496198654,80.2265777588,60957,60967,10
12.8484401703,80.2265930176,60967,60977,10
12.8472499847,80.226600647,60977,60987,10
12.8462095261,80.2266082764,60987,60997,10
12.8456201553,80.2266235352,60997,61007,10
12.8452396393,80.2266616821,61007,61017,10
12.8452100754,80.2266464233,61017,61027,10
12.8451099396,80.2266235352,61027,61037,10
12.8447599411,80.2266998291,61037,61047,10
12.8438997269,80.2267608643,61047,61058,11
12.8427600861,80.2269210815,61058,61068,10
12.8414802551,80.2272262573,61068,61078,10
12.8403196335,80.2275695801,61078,61088,10
12.8399200439,80.2276916504,61088,61098,10
12.839799881,80.2277374268,61098,61108,10
12.8396701813,80.2277832031,61108,61118,10
12.8391399384,80.227897644,61118,61128,10
12.8382797241,80.2281036377,61128,61138,10
12.8371801376,80.2283096313,61138,61148,10
12.835849762,80.2285003662,61148,61158,10
12.834569931,80.2286911011,61158,61169,11
12.8332300186,80.2289428711,61169,61179,10
12.832280159,80.2291412354,61179,61197,18
12.8319997787,80.2292175293,61197,61209,12
12.8312597275,80.2293930054,61209,61217,8
12.830450058,80.2296600342,61217,61229,12
12.8293304443,80.2300491333,61229,61239,10
12.8282403946,80.2306137085,61239,61249,10
12.8270702362,80.2312393188,61249,61259,10
12.8257303238,80.2314376831,61259,61270,11
12.8240299225,80.2312469482,61270,61280,10
12.8224697113,80.2307434082,61280,61289,9
12.8210601807,80.2304916382,61289,61300,11
12.8194904327,80.2305221558,61300,61310,10
12.8189001083,80.2304992676,61310,61320,10
12.818860054,80.2304763794,61320,61330,10
12.8184204102,80.2302703857,61330,61340,10
12.8176002502,80.2298812866,61340,61350,10
12.8164997101,80.2295227051,61350,61360,10
12.815199852,80.2293319702,61360,61370,10
12.813750267,80.229057312,61370,61381,11
12.8121299744,80.2285003662,61381,61391,10
12.8106403351,80.2279434204,61391,61401,10
12.8092298508,80.2272872925,61401,61411,10
12.8079795837,80.2262878418,61411,61421,10
12.8068504333,80.2253036499,61421,61431,10
12.8059101105,80.2244415283,61431,61441,10
12.8050899506,80.224029541,61441,61451,10
12.804889679,80.2239990234,61451,61461,10
12.8046197891,80.2239608765,61461,61471,10
12.803899765,80.2238922119,61471,61482,11
12.8027601242,80.2237701416,61482,61492,10
12.8015699387,80.2236328125,61492,61502,10
12.8004703522,80.2235336304,61502,61512,10
12.799200058,80.2234191895,61512,61522,10
12.7977399826,80.2232437134,61522,61532,10
12.7964000702,80.2230224609,61532,61542,10
12.7959003448,80.2229385376,61542,61552,10
12.7958803177,80.2229385376,61552,61562,10
12.795539856,80.222869873,61562,61572,10
12.7947797775,80.2227172852,61572,61582,10
12.7937297821,80.2225570679,61582,61593,11
12.7924003601,80.2223587036,61593,61603,10
12.7910604477,80.2220611572,61603,61613,10
12.7898597717,80.2217407227,61613,61623,10
12.7889204025,80.2213897705,61623,61633,10
12.788020134,80.2210388184,61633,61649,16
12.7872800827,80.2207565308,61649,61669,20
12.7872800827,80.2207565308,61669,61681,12
12.7869997025,80.2206497192,61681,61702,21
12.7869997025,80.2206497192,61702,61711,9
12.7868900299,80.2206573486,61711,61722,11
12.7864599228,80.2204971313,61722,61732,10
12.7862195969,80.2203674316,61732,61741,9
12.7860298157,80.2202682495,61741,61752,11
12.7855796814,80.2200698853,61752,61762,10
12.7850799561,80.2198181152,61762,61792,30
12.7850799561,80.2198181152,61792,61802,10
12.7847204208,80.2196121216,61802,61813,11
12.7839698792,80.2192001343,61813,61823,10
12.7830600739,80.2186813354,61823,61833,10
12.7819595337,80.2180862427,61833,61843,10
12.7807197571,80.2174301147,61843,61853,10
12.7793798447,80.2166900635,61853,61863,10
12.7779598236,80.2159576416,61863,61873,10
12.7764196396,80.2153320313,61873,61883,10
12.7748298645,80.2146987915,61883,61893,10
12.7734603882,80.2141494751,61893,61903,10
12.7721500397,80.2136383057,61903,61914,11
12.7708797455,80.2132034302,61914,61924,10
12.7704896927,80.2130813599,61924,61934,10
12.7702198029,80.2129898071,61934,61944,10
12.7695398331,80.2127304077,61944,61954,10
12.7685604095,80.2123794556,61954,61964,10
12.7673997879,80.2119293213,61964,61973,9
12.7662200928,80.2115020752,61973,61984,11
12.7647800446,80.2109832764,61984,61994,10
12.763130188,80.2103500366,61994,62004,10
12.7616100311,80.2097473145,62004,62014,10
12.760140419,80.2090377808,62014,62025,11
12.7593603134,80.2086334229,62025,62035,10
12.7592000961,80.2085266113,62035,62045,10
12.7586097717,80.2082214355,62045,62055,10
12.7577495575,80.2077484131,62055,62065,10
12.7567300797,80.2071609497,62065,62075,10
12.7555398941,80.206489563,62075,62085,10
12.7541799545,80.2057723999,62085,62095,10
12.7527704239,80.2050170898,62095,62105,10
12.751540184,80.2043914795,62105,62115,10
12.7512302399,80.2042312622,62115,62126,11
12.7508296967,80.2040176392,62126,62136,10
12.7500896454,80.2036132813,62136,62146,10
12.7490596771,80.2030792236,62146,62156,10
12.7479400635,80.2024765015,62156,62166,10
12.7466802597,80.2018280029,62166,62176,10
12.7453203201,80.201133728,62176,62186,10
12.7440900803,80.2001419067,62186,62196,10
12.7431001663,80.19896698,62196,62206,10
12.7422599792,80.1979827881,62206,62216,10
12.7416200638,80.1971282959,62216,62226,10
12.740940094,80.1962127686,62226,62237,11
12.7400903702,80.1950073242,62237,62247,10
12.7392301559,80.1937866211,62247,62256,9
12.7383804321,80.1926727295,62256,62267,11
12.7371797562,80.1914672852,62267,62277,10
12.7362003326,80.1904907227,62277,62287,10
12.7357501984,80.1900863647,62287,62297,10
12.7356395721,80.1899795532,62297,62307,10
12.7351303101,80.1896896362,62307,62317,10
12.7344303131,80.1895370483,62317,62327,10
12.7334003448,80.1894683838,62327,62338,11
12.7321996689,80.1892700195,62338,62348,10
12.7311296463,80.1891098022,62348,62358,10
12.7306699753,80.1890792847,62358,62368,10
12.7301197052,80.1890106201,62368,62398,30
12.7301197052,80.1890106201,62398,62408,10
12.7299804688,80.1889801025,62408,62418,10
12.72935009,80.188949585,62418,62428,10
12.7283096313,80.1887435913,62428,62438,10
12.7273101807,80.1884536743,62438,62449,11
12.7261800766,80.1882019043,62449,62459,10
12.7253503799,80.1880493164,62459,62469,10
12.7246103287,80.1879196167,62469,62479,10
12.7239999771,80.1877822876,62479,62489,10
12.7235498428,80.1876373291,62489,62499,10
12.7228803635,80.187461853,62499,62509,10
12.7223396301,80.1874008179,62509,62519,10
12.7222003937,80.1877822876,62519,62529,10
12.7220201492,80.1876907349,62529,63267,738
12.7221899033,80.1876068115,63267,63328,61
12.7221899033,80.1876068115,63328,63338,10
12.7227096558,80.1874313354,63338,63348,10
12.7232103348,80.1875686646,63348,63358,10
12.7236003876,80.1876831055,63358,63368,10
12.7238998413,80.1877670288,63368,63378,10
12.7243499756,80.1878662109,63378,63388,10
12.7244901657,80.1879119873,63388,63398,10
12.7247200012,80.1879806519,63398,63409,11
12.725060463,80.1880111694,63409,63419,10
12.7254695892,80.188079834,63419,63429,10
12.7259597778,80.1881637573,63429,63439,10
12.726559639,80.188293457,63439,63449,10
12.7270002365,80.1883926392,63449,63459,10
12.7274398804,80.1884994507,63459,63469,10
12.7278499603,80.188621521,63469,63479,10
12.7282600403,80.1887512207,63479,63489,10
12.7287397385,80.188911438,63489,63499,10
12.7291603088,80.1889724731,63499,63510,11
12.7294998169,80.1889801025,63510,63520,10
12.7296600342,80.1889801025,63520,63530,10
12.7299003601,80.1889877319,63530,63540,10
12.7300796509,80.1890106201,63540,63550,10
12.7302598953,80.1890411377,63550,63560,10
12.7307500839,80.1891174316,63560,63570,10
12.7315502167,80.1891708374,63570,63580,10
12.7326498032,80.1893615723,63580,63590,10
12.7338895798,80.189491272,63590,63600,10
12.7352695465,80.1896972656,63600,63610,10
12.7362699509,80.1904602051,63610,63621,11
12.737279892,80.1914978027,63621,63631,10
12.738360405,80.1925811768,63631,63641,10
12.7393503189,80.1938781738,63641,63651,10
12.7403402328,80.1952590942,63651,63661,10
12.7412700653,80.1965637207,63661,63671,10
12.741900444,80.1974334717,63671,63681,10
12.7419900894,80.1975479126,63681,63691,10
12.7421798706,80.197807312,63691,63701,10
12.7426700592,80.1984176636,63701,63711,10
12.7433900833,80.1992492676,63711,63722,11
12.7443399429,80.2003326416,63722,63732,10
12.7455501556,80.2012481689,63732,63742,10
12.7469797134,80.2019805908,63742,63752,10
12.748459816,80.2027435303,63752,63762,10
12.7499704361,80.2034912109,63762,63772,10
12.7511997223,80.2041091919,63772,63782,10
12.7515296936,80.2042694092,63782,63792,10
12.7517404556,80.2043914795,63792,63802,10
12.7523403168,80.2047119141,63802,63812,10
12.7531900406,80.2051620483,63812,63822,10
12.7541799545,80.2057037354,63822,63833,11
12.7554302216,80.2063827515,63833,63843,10
12.7566795349,80.2070922852,63843,63853,10
12.7579803467,80.2078094482,63853,63869,16
12.7602100372,80.2089996338,63869,63881,12
12.7619104385,80.2098693848,63881,63889,8
12.7630901337,80.2103500366,63889,63901,12
12.7647399902,80.2109680176,63901,63911,10
12.766409874,80.2115631104,63911,63921,10
12.767950058,80.2121124268,63921,63931,10
12.7694501877,80.2126617432,63931,63942,11
12.7709999084,80.2132415771,63942,63952,10
12.7722396851,80.2136611938,63952,63962,10
12.7734203339,80.2141189575,63962,63972,10
12.7746601105,80.21459198,63972,63982,10
12.776049614,80.2151489258,63982,63992,10
12.7774896622,80.2157287598,63992,64003,11
12.7789201736,80.2164230347,64003,64013,10
12.7804803848,80.2172470093,64013,64023,10
12.7818803787,80.2180023193,64023,64032,9
12.7828798294,80.2185592651,64032,64044,12
12.7837600708,80.2190628052,64044,64054,10
12.7842998505,80.2193374634,64054,64064,10
12.7845602036,80.2194824219,64064,64074,10
12.7847995758,80.2195892334,64074,64084,10
12.7849998474,80.2197036743,64084,64094,10
12.7852602005,80.2198486328,64094,64134,40
12.7852602005,80.2198486328,64134,64144,10
12.7856397629,80.2200698853,64144,64195,51
12.7856397629,80.2200698853,64195,64205,10
12.7861299515,80.2202835083,64205,64215,10
12.7865400314,80.220451355,64215,64245,30
12.7865400314,80.220451355,64245,64256,11
12.7870502472,80.2206802368,64256,64266,10
12.787779808,80.220916748,64266,64275,9
12.7884998322,80.2211303711,64275,64286,11
12.7893695831,80.2214431763,64286,64296,10
12.7898797989,80.2216567993,64296,64306,10
12.7907495499,80.2219085693,64306,64316,10
12.7918395996,80.2221908569,64316,64326,10
12.7931499481,80.2224502563,64326,64336,10
12.794500351,80.2226791382,64336,64346,10
12.7957201004,80.2228927612,64346,64356,10
12.796959877,80.2231216431,64356,64366,10
12.7983102798,80.2233200073,64366,64377,11
12.7998695374,80.2234573364,64377,64387,10
12.8010396957,80.2235717773,64387,64397,10
12.8016300201,80.2236175537,64397,64407,10
12.801779747,80.2236480713,64407,64417,10
12.8023796082,80.2237167358,64417,64427,10
12.803030014,80.2238082886,64427,64437,10
12.803560257,80.2238693237,64437,64447,10
12.8041496277,80.2239074707,64447,64457,10
12.8050003052,80.2239837646,64457,64478,21
12.8050003052,80.2239837646,64478,64488,10
12.8050899506,80.2240219116,64488,64498,10
12.8053598404,80.2240982056,64498,64508,10
12.8057498932,80.2242889404,64508,64518,10
12.8063602448,80.2248001099,64518,64528,10
12.8070602417,80.2254180908,64528,64537,9
12.8077497482,80.2260131836,64537,64548,11
12.808719635,80.2268295288,64548,64557,9
12.8097400665,80.2275085449,64557,64568,11
12.8110303879,80.2280731201,64568,64579,11
12.8124399185,80.2285919189,64579,64589,10
12.8138799667,80.2290267944,64589,64599,10
12.8154001236,80.2293167114,64599,64609,10
12.8169498444,80.2295684814,64609,64619,10
12.8180704117,80.2300567627,64619,64629,10
12.8190498352,80.23046875,64629,64639,10
12.8197603226,80.2304763794,64639,64649,10
12.8198404312,80.23046875,64649,64659,10
12.8199501038,80.2304611206,64659,64669,10
12.8205604553,80.2304382324,64669,64680,11
12.8215799332,80.23046875,64680,64690,10
12.822719574,80.230758667,64690,64700,10
12.8240299225,80.2311325073,64700,64710,10
12.8254699707,80.2313690186,64710,64720,10
12.8269701004,80.2312393188,64720,64730,10
12.8281698227,80.2306289673,64730,64740,10
12.829460144,80.2299804688,64740,64750,10
12.8306999207,80.2294921875,64750,64770,20
12.8306999207,80.2294921875,64770,64780,10
12.8307800293,80.2294921875,64780,64791,11
12.8312196732,80.2293319702,64791,64801,10
12.8316202164,80.2292175293,64801,64811,10
12.8322095871,80.2290420532,64811,64821,10
12.8332004547,80.2289199829,64821,64831,10
12.8343000412,80.2287368774,64831,64841,10
12.8355302811,80.2285232544,64841,64851,10
12.8367996216,80.2282867432,64851,64861,10
12.8381004333,80.2280578613,64861,64871,10
12.8388004303,80.2278823853,64871,64881,10
12.8388299942,80.2278671265,64881,64892,11
12.8394002914,80.2277603149,64892,64932,40
12.8394002914,80.2277603149,64932,64941,9
12.8397502899,80.2276763916,64941,64952,11
12.8404397964,80.2274398804,64952,64962,10
12.8413496017,80.227180481,64962,64972,10
12.8423900604,80.2268981934,64972,64982,10
12.8431596756,80.2265472412,64982,64992,10
12.8443899155,80.2265319824,64992,65003,11
12.8454504013,80.2265701294,65003,65033,30
12.8454504013,80.2265701294,65033,65043,10
12.845580101,80.2265701294,65043,65053,10
12.8458204269,80.2265625,65053,65063,10
12.8463001251,80.2265701294,65063,65073,10
12.8470697403,80.2265701294,65073,65083,10
12.847990036,80.2265625,65083,65093,10
12.8489904404,80.2265625,65093,65104,11
12.8500795364,80.2265472412,65104,65114,10
12.851099968,80.2265625,65114,65124,10
12.8519802094,80.2266387939,65124,65134,10
12.8526601791,80.2266693115,65134,65144,10
12.8532304764,80.2266616821,65144,65154,10
12.8537597656,80.2266082764,65154,65164,10
12.8541002274,80.2265625,65164,65174,10
12.8543996811,80.2265167236,65174,65184,10
12.8546104431,80.2264862061,65184,65245,61
12.8546104431,80.2264862061,65245,65255,10
12.8548603058,80.2264785767,65255,65265,10
12.8550300598,80.2264785767,65265,65275,10
12.8553600311,80.2264633179,65275,65285,10
12.8559598923,80.2264022827,65285,65295,10
12.8569002151,80.2263183594,65295,65305,10
12.8578195572,80.2262191772,65305,65316,11
12.85820961,80.2261962891,65316,65326,10
12.8586397171,80.2262268066,65326,65336,10
12.8594198227,80.226348877,65336,65346,10
12.8603601456,80.2264785767,65346,65356,10
12.8606100082,80.2264862061,65356,65366,10
12.8608703613,80.2265167236,65366,65376,10
12.8613395691,80.2265319824,65376,65386,10
12.8621397018,80.2265014648,65386,65396,10
12.8632698059,80.2264785767,65396,65406,10
12.8644599915,80.2265625,65406,65416,10
12.8656902313,80.226600647,65416,65427,11
12.8667697906,80.2265319824,65427,65437,10
12.8677396774,80.2264175415,65437,65447,10
12.8688201904,80.2263793945,65447,65457,10
12.869720459,80.2264633179,65457,65467,10
12.8706102371,80.2265625,65467,65477,10
12.8715000153,80.2266082764,65477,65487,10
12.8721704483,80.2266387939,65487,65497,10
12.8726797104,80.2266387939,65497,65507,10
12.8729801178,80.2266464233,65507,65517,10
12.8736400604,80.2266769409,65517,65527,10
12.8744897842,80.2267684937,65527,65538,11
12.8756303787,80.2268981934,65538,65548,10
12.8766698837,80.2268829346,65548,65568,20
12.8766698837,80.2268829346,65568,65578,10
12.8767995834,80.226852417,65578,65588,10
12.877240181,80.2268218994,65588,65598,10
12.8780603409,80.2267684937,65598,65607,9
12.8789396286,80.2267227173,65607,65618,11
12.8801498413,80.2266616821,65618,65628,10
12.8814001083,80.2266693115,65628,65639,11
12.8827199936,80.2266235352,65639,65649,10
12.8840703964,80.2266082764,65649,65659,10
12.8848199844,80.2266235352,65659,65669,10
12.8851099014,80.2266387939,65669,65679,10
12.8852996826,80.2266769409,65679,65689,10
12.8858995438,80.2268218994,65689,65699,10
12.886759758,80.2270431519,65699,65709,10
12.8878002167,80.2272186279,65709,65719,10
12.888999939,80.2273025513,65719,65729,10
12.8903198242,80.2272796631,65729,65739,10
12.8915300369,80.2272720337,65739,65750,11
12.8921699524,80.2272720337,65750,65760,10
12.89220047,80.2272720337,65760,65770,10
12.892370224,80.2273025513,65770,65780,10
12.8929195404,80.2273712158,65780,65790,10
12.8937397003,80.2274780273,65790,65800,10
12.8947601318,80.2275695801,65800,65810,10
12.8958597183,80.2276229858,65810,65820,10
12.8971300125,80.2276611328,65820,65830,10
12.8982000351,80.227722168,65830,65840,10
12.899189949,80.2278137207,65840,65851,11
12.8998603821,80.2278366089,65851,65861,10
12.9003295898,80.2278594971,65861,65871,10
12.9008598328,80.2278900146,65871,65881,10
12.9012298584,80.227897644,65881,65891,10
12.9016704559,80.2279205322,65891,65901,10
12.9023704529,80.2279510498,65901,65911,10
12.9026002884,80.2279586792,65911,65921,10
12.9027099609,80.2279815674,65921,65931,10
12.9031600952,80.2279586792,65931,65941,10
12.9038801193,80.2280502319,65941,65951,10
12.9046497345,80.2281188965,65951,66002,51
12.9046497345,80.2281188965,66002,66012,10
12.9050102234,80.2281494141,66012,66022,10
12.9054298401,80.2281570435,66022,66032,10
12.9056797028,80.2281799316,66032,66042,10
12.9058904648,80.228187561,66042,66052,10
12.9061498642,80.2282104492,66052,66063,11
12.9062795639,80.2282180786,66063,66073,10
12.9065799713,80.2282409668,66073,66083,10
12.9070701599,80.2282791138,66083,66093,10
12.9071702957,80.2282791138,66093,66103,10
12.9073801041,80.2283172607,66103,66113,10
12.9080400467,80.2284317017,66113,66123,10
12.9090099335,80.2285766602,66123,66133,10
12.9098501205,80.2287216187,66133,66143,10
12.9113702774,80.2289581299,66143,66153,10
12.912320137,80.2291030884,66153,66163,10
12.9131002426,80.2291793823,66163,66174,11
12.9138097763,80.2292480469,66174,66194,20
12.9138097763,80.2292480469,66194,66204,10
12.9139404297,80.2292861938,66204,66214,10
12.9143104553,80.2293624878,66214,66224,10
12.9150295258,80.2294616699,66224,66234,10
12.916009903,80.2296066284,66234,66244,10
12.9169197083,80.2297286987,66244,66254,10
12.9178695679,80.2298736572,66254,66264,10
12.9188299179,80.2300109863,66264,66275,11
12.9199304581,80.230178833,66275,66285,10
12.9210796356,80.2303314209,66285,66295,10
12.9223203659,80.2304916382,66295,66305,10
12.9235401154,80.230682373,66305,66315,10
12.9247903824,80.2308425903,66315,66325,10
12.9259901047,80.2309570313,66325,66335,10
12.926779747,80.2310409546,66335,66345,10
12.9276399612,80.2311477661,66345,66355,10
12.9286203384,80.2312698364,66355,66365,10
12.9294595718,80.2313766479,66365,66375,10
12.9301099777,80.2315368652,66375,66386,11
12.9310102463,80.2318191528,66386,66396,10
12.9321098328,80.2321472168,66396,66406,10
12.9329996109,80.2324295044,66406,66416,10
12.9334497452,80.2326278687,66416,66426,10
12.9334802628,80.2326507568,66426,66436,10
12.9335699081,80.2327194214,66436,66446,10
12.9339103699,80.2328796387,66446,66456,10
12.9346399307,80.2332077026,66456,66466,10
12.9354295731,80.2335586548,66466,66476,10
12.9362697601,80.2339477539,66476,66492,16
12.9377803802,80.2347106934,66492,66505,13
12.938949585,80.2352828979,66505,66515,10
12.939330101,80.2354278564,66515,66535,20
12.939330101,80.2354278564,66535,66545,10
12.9394102097,80.235496521,66545,66555,10
12.9397602081,80.2356796265,66555,66565,10
12.940369606,80.2358932495,66565,66575,10
12.9410600662,80.2360687256,66575,66585,10
12.9419403076,80.236289978,66585,66595,10
12.9427700043,80.2365570068,66595,66606,11
12.9433603287,80.2369918823,66606,66616,10
12.9435901642,80.2372589111,66616,66625,9
12.9439401627,80.2376937866,66625,66637,12
12.9445295334,80.2382583618,66637,66647,10
12.9450397491,80.2388763428,66647,66657,10
12.945400238,80.2392120361,66657,66667,10
12.9458398819,80.239402771,66667,66677,10
12.9460201263,80.2394485474,66677,66738,61
12.9460201263,80.2394485474,66738,66748,10
12.9461803436,80.2394790649,66748,66764,16
12.9466400146,80.2396621704,66764,66776,12
12.9468097687,80.239730835,66776,66786,10
12.9469299316,80.2397994995,66786,66796,10
12.9471597672,80.2398986816,66796,66806,10
12.9477100372,80.2401199341,66806,66817,11
12.94810009,80.2402801514,66817,66837,20
12.948220253,80.2403411865,66837,66928,91
12.948220253,80.2403411865,66928,66938,10
12.9483098984,80.2403335571,66938,66948,10
12.9486303329,80.2404632568,66948,66958,10
12.9490804672,80.2406768799,66958,66968,10
12.9495000839,80.240852356,66968,66978,10
12.9500799179,80.241027832,66978,66988,10
12.9506998062,80.2412414551,66988,66998,10
12.9508104324,80.2412490845,66998,67008,10
12.9508695602,80.2412719727,67008,67019,11
12.951259613,80.2413864136,67019,67029,10
12.9517803192,80.2415771484,67029,67039,10
12.9525003433,80.2418365479,67039,67049,10
12.9533004761,80.2421722412,67049,67059,10
12.9539003372,80.242401123,67059,67069,10
12.9543104172,80.2425918579,67069,67079,10
12.9549598694,80.2428436279,67079,67089,10
12.955739975,80.2431335449,67089,67099,10
12.9562301636,80.2432327271,67099,67119,20
12.9562301636,80.2432327271,67119,67130,11
12.9567804337,80.2434921265,67130,67140,10
12.9574899673,80.2438583374,67140,67150,10
12.9583597183,80.2442169189,67150,67160,10
12.9588298798,80.2443695068,67160,67170,10
12.9588499069,80.2443618774,67170,67180,10
12.95911026,80.2445220947,67180,67190,10
12.9596204758,80.2447891235,67190,67200,10
12.9604101181,80.2451400757,67200,67210,10
12.9613599777,80.2455673218,67210,67220,10
12.9623498917,80.2460479736,67220,67241,21
12.9623498917,80.2460479736,67241,67251,10
12.9624204636,80.2460708618,67251,67261,10
12.9627304077,80.2462310791,67261,67271,10
12.9631996155,80.2465133667,67271,67281,10
12.9636001587,80.2466964722,67281,67291,10
12.9640102386,80.2468795776,67291,67301,10
12.9646196365,80.2471008301,67301,67311,10
12.9653196335,80.2473297119,67311,67321,10
12.9659795761,80.2475509644,67321,67331,10
12.9664001465,80.2477264404,67331,67352,21
12.9664001465,80.2477264404,67352,67362,10
12.9667100906,80.2478637695,67362,67392,30
12.9667100906,80.2478637695,67392,67402,10
12.9668798447,80.2479934692,67402,67412,10
12.9672498703,80.2481994629,67412,67422,10
12.9678497314,80.2484970093,67422,67432,10
12.9688396454,80.248840332,67432,67442,10
12.9698696136,80.2491989136,67442,67453,11
12.9711399078,80.2496109009,67453,67463,10
12.9723701477,80.2499008179,67463,67473,10
12.9735298157,80.25025177,67473,67483,10
12.9745903015,80.2505569458,67483,67493,10
12.9755802155,80.2508621216,67493,67503,10
12.9765501022,80.251121521,67503,67513,10
12.9774303436,80.2514801025,67513,67523,10
12.9780797958,80.2520294189,67523,67533,10
12.9783496857,80.2522125244,67533,67543,10
12.9785699844,80.2523422241,67543,67564,21
12.9785699844,80.2523422241,67564,67574,10
12.9787597656,80.2524490356,67574,67584,10
12.9791402817,80.2525405884,67584,67594,10
12.9797496796,80.2525863647,67594,67604,10
12.9803800583,80.2526321411,67604,67614,10
12.9811601639,80.2526016235,67614,67624,10
12.9820804596,80.2525863647,67624,67634,10
12.9831399918,80.2525177002,67634,67644,10
12.9841499329,80.252281189,67644,67654,10
12.9849004745,80.2520294189,67654,67675,21
12.9849004745,80.2520294189,67675,67685,10
12.9849500656,80.2520217896,67685,67695,10
12.9852895737,80.2519226074,67695,67705,10
12.9857196808,80.2518005371,67705,67715,10
12.9860696793,80.2517089844,67715,68018,303
12.9860696793,80.2517089844,68018,68028,10
12.9861803055,80.2516708374,68028,68038,10
12.9865503311,80.2515869141,68038,68048,10
12.9868803024,80.2515106201,68048,68058,10
12.9871997833,80.2514190674,68058,68068,10
12.9877004623,80.2512893677,68068,68078,10
12.988360405,80.251159668,68078,68089,11
12.9889297485,80.2509994507,68089,68099,10
12.9893598557,80.2508773804,68099,68109,10
12.9893703461,80.2508773804,68109,68119,10
12.9895401001,80.2508392334,68119,68129,10
12.9900798798,80.2507324219,68129,68139,10
12.9909200668,80.2505264282,68139,68149,10
12.9919204712,80.2502822876,68149,68159,10
12.9930696487,80.2499923706,68159,68169,10
12.9941997528,80.2497024536,68169,68179,10
12.9954395294,80.2493972778,68179,68189,10
12.9963798523,80.2491836548,68189,68200,11
12.9979496002,80.2487716675,68200,68210,10
12.9993095398,80.2484207153,68210,68220,10
13.0007200241,80.2480621338,68220,68230,10
13.0017995834,80.2477798462,68230,68240,10
13.0027799606,80.2475585938,68240,68250,10
13.0038995743,80.2473907471,68250,68260,10
13.0050497055,80.2472381592,68260,68270,10
13.0059404373,80.2470016479,68270,68280,10
13.0064296722,80.2464828491,68280,68301,21
13.0064296722,80.2464828491,68301,68311,10
13.0065803528,80.2462615967,68311,68327,16
13.0066204071,80.2454299927,68327,68339,12
13.0065603256,80.2449188232,68339,68349,10
13.0065498352,80.2446517944,68349,68359,10
13.0065603256,80.2445983887,68359,68368,9
13.0065898895,80.2442321777,68368,68379,11
13.0065202713,80.2438430786,68379,68389,10
13.0064601898,80.2434692383,68389,68399,10
13.0064601898,80.2429733276,68399,68409,10
13.0064201355,80.2422180176,68409,68420,11
13.0064401627,80.2415924072,68420,68430,10
13.006480217,80.2408218384,68430,68450,20
13.006480217,80.2408218384,68450,68460,10
13.0066299438,80.2400436401,68460,68470,10
13.0067996979,80.2393417358,68470,68480,10
13.0070295334,80.23853302,68480,68490,10
13.0071401596,80.2379608154,68490,68500,10
13.0073003769,80.2373809814,68500,68510,10
13.0073900223,80.2367172241,68510,68531,21
13.0073900223,80.2367172241,68531,68541,10
13.0075397491,80.2363586426,68541,68551,10
13.0076503754,80.2357406616,68551,68561,10
13.0077800751,80.234992981,68561,68571,10
13.0078802109,80.2340698242,68571,68581,10
13.0081300735,80.2328872681,68581,68591,10
13.0083398819,80.2316665649,68591,68601,10
13.0085201263,80.2307128906,68601,68611,10
13.0087203979,80.2297897339,68611,68622,11
13.0089998245,80.2288894653,68622,68632,10
13.0091495514,80.2282562256,68632,68642,10
13.0094499588,80.2275314331,68642,68652,10
13.0096797943,80.2270431519,68652,68662,10
13.0098199844,80.2267074585,68662,68672,10
13.0099802017,80.2263793945,68672,68682,10
13.0101299286,80.22605896,68682,68692,10
13.0102796555,80.2258377075,68692,68702,10
13.0103998184,80.2256011963,68702,68712,10
13.0105695724,80.2252197266,68712,68783,71
13.0105695724,80.2252197266,68783,68793,10
13.0107803345,80.2247619629,68793,68803,10
13.010840416,80.2244873047,68803,68813,10
13.0110197067,80.2240219116,68813,68823,10
13.0111999512,80.2236099243,68823,68834,11
13.0113601685,80.2231826782,68834,68844,10
13.0112400055,80.2226409912,68844,68854,10
13.0112495422,80.2221832275,68854,68864,10
13.0116500854,80.2220230103,68864,68874,10
13.012169838,80.2224273682,68874,68884,10
13.0131597519,80.2227630615,68884,68894,10
13.013759613,80.2233200073,68894,68904,10
13.0142602921,80.2238235474,68904,68914,10
13.0147800446,80.2243118286,68914,68924,10
13.0150203705,80.2245864868,68924,68934,10
13.0150203705,80.2246017456,68934,68945,11
13.0155696869,80.2249984741,68945,68965,20
13.0155696869,80.2249984741,68965,68975,10
13.0157003403,80.2251281738,68975,68985,10
13.0160903931,80.2253417969,68985,68995,10
13.0168800354,80.2251586914,68995,69005,10
13.0178604126,80.2247619629,69005,69015,10
13.0187997818,80.2243804932,69015,69025,10
13.0195903778,80.2244033813,69025,69046,21
13.0195903778,80.2244033813,69046,69056,10
13.0198202133,80.2246322632,69056,69066,10
13.02023983,80.2249526978,69066,69076,10
13.0208101273,80.2253494263,69076,69086,10
13.0214099884,80.2258071899,69086,69096,10
13.0224399567,80.226600647,69096,69126,30
13.0224399567,80.226600647,69126,69136,10
13.0225200653,80.2266998291,69136,69146,10
13.0228996277,80.2270812988,69146,69157,11
13.0234498978,80.2275619507,69157,69167,10
13.0238199234,80.2278671265,69167,69177,10
13.0242500305,80.2283325195,69177,69187,10
13.0245800018,80.2288513184,69187,69197,10
13.0248203278,80.2292098999,69197,69207,10
13.0249900818,80.2293930054,69207,69217,10
13.025179863,80.229637146,69217,69227,10
13.0253696442,80.2298736572,69227,69237,10
13.025560379,80.2301864624,69237,69247,10
13.0256996155,80.2303771973,69247,69264,17
13.0258903503,80.2309265137,69264,69357,93
13.0258903503,80.2309265137,69357,69368,11
13.0259799957,80.2311782837,69368,69378,10
13.0260896683,80.2315979004,69378,69388,10
13.0262498856,80.2322006226,69388,69398,10
13.0265102386,80.2327880859,69398,69408,10
13.0267496109,80.2332305908,69408,69418,10
13.0271501541,80.2339019775,69418,69428,10
13.0274600983,80.2344970703,69428,69438,10
13.0278501511,80.2352294922,69438,69448,10
13.0284204483,80.2359390259,69448,69458,10
13.0290603638,80.2366027832,69458,69469,11
13.0295295715,80.2370910645,69469,69479,10
13.029540062,80.2371292114,69479,69489,10
13.0297403336,80.2375411987,69489,69498,9
13.029999733,80.237991333,69498,69509,11
13.0303897858,80.238609314,69509,69519,10
13.0308198929,80.2393264771,69519,69529,10
13.0309200287,80.2394638062,69529,69539,10
13.0310602188,80.2396697998,69539,69549,10
13.0312795639,80.2400436401,69549,69559,10
13.0313997269,80.2405929565,69559,69569,10
13.0316801071,80.2412414551,69569,69580,11
13.0318498611,80.2416305542,69580,69590,10
13.0321302414,80.2421417236,69590,69600,10
13.0326499939,80.2427520752,69600,69610,10
13.0331897736,80.2434997559,69610,69620,10
13.0337896347,80.2443084717,69620,69630,10
13.0343799591,80.2450180054,69630,69640,10
13.0349798203,80.2457580566,69640,69650,10
13.0356998444,80.2461166382,69650,69670,20
13.0356998444,80.2461166382,69670,69681,11
13.0360202789,80.246383667,69681,69691,10
13.0366401672,80.2464599609,69691,69701,10
13.037229538,80.2464981079,69701,69711,10
13.0377597809,80.2464370728,69711,69721,10
13.0382404327,80.2465515137,69721,69731,10
13.0388202667,80.2467727661,69731,69741,10
13.0391902924,80.2468566895,69741,69751,10
13.0395402908,80.2469100952,69751,69761,10
13.0400104523,80.2470016479,69761,69771,10
13.0406398773,80.2471313477,69771,69781,10
13.0414104462,80.2472610474,69781,69792,11
13.0419998169,80.2473831177,69792,69802,10
13.0424604416,80.2475509644,69802,69812,10
13.0427799225,80.2477493286,69812,69822,10
13.0432500839,80.2479171753,69822,69832,10
13.0438098907,80.2479400635,69832,69842,10
13.0443201065,80.2479019165,69842,69851,9
13.044839859,80.2479705811,69851,69862,11
13.0452299118,80.2482223511,69862,69872,10
13.0457401276,80.2484436035,69872,69882,10
13.0468597412,80.2484283447,69882,69903,21
13.0468597412,80.2484283447,69903,69912,9
13.0469799042,80.2484588623,69912,69923,11
13.0473203659,80.2485733032,69923,69933,10
13.0479097366,80.2491073608,69933,69943,10
13.0485296249,80.2496566772,69943,69953,10
13.0489997864,80.249671936,69953,69963,10
13.0495195389,80.2497634888,69963,69973,10
13.050239563,80.2498626709,69973,69983,10
13.0510501862,80.2500534058,69983,69993,10
13.0517902374,80.2504196167,69993,70004,11
13.0524196625,80.2511367798,70004,70014,10
13.0530500412,80.2519989014,70014,70024,10
13.0537004471,80.2528686523,70024,70034,10
13.0543498993,80.2537384033,70034,70044,10
13.0548801422,80.254447937,70044,70053,9
13.0552501678,80.2548980713,70053,70064,11
13.0555000305,80.2552719116,70064,70074,10
13.0558004379,80.2557220459,70074,70084,10
13.0560998917,80.2561264038,70084,70094,10
13.0564002991,80.256439209,70094,70104,10
13.0569095612,80.2569198608,70104,70115,11
13.0575199127,80.2574691772,70115,70125,10
13.0578804016,80.2578430176,70125,70135,10
13.0582399368,80.2582778931,70135,70145,10
13.0585803986,80.2587203979,70145,70155,10
13.0589704514,80.2591629028,70155,70166,11
13.0593004227,80.2598495483,70166,70176,10
13.0597696304,80.2602081299,70176,70186,10
13.0601301193,80.2605819702,70186,70196,10
13.0606403351,80.2611694336,70196,70227,31
13.0606403351,80.2611694336,70227,70237,10
13.0608596802,80.2616271973,70237,70247,10
13.0612297058,80.26197052,70247,70257,10
13.06153965,80.262336731,70257,70267,10
13.0618801117,80.2628097534,70267,70277,10
13.062379837,80.2633666992,70277,70287,10
13.0628204346,80.263923645,70287,70297,10
13.0632801056,80.2644577026,70297,70307,10
13.0636997223,80.2651367188,70307,70317,10
13.064040184,80.2656478882,70317,70328,11
13.0644798279,80.2661209106,70328,70338,10
13.0646600723,80.2664108276,70338,70348,10
13.0648002625,80.2665863037,70348,70358,10
13.0649900436,80.2667999268,70358,70368,10
13.0654096603,80.2671203613,70368,70378,10
13.0657196045,80.2674331665,70378,70388,10
13.0657396317,80.2674713135,70388,70398,10
13.0658798218,80.2677230835,70398,70408,10
13.0661401749,80.2680511475,70408,70418,10
13.0663604736,80.2682495117,70418,70435,17
13.066740036,80.2684173584,70435,70447,12
13.0671796799,80.268737793,70447,70457,10
13.0678300858,80.2691574097,70457,70467,10
13.0681695938,80.2694015503,70467,70477,10
13.0681600571,80.269821167,70477,70487,10
13.0680999756,80.2704925537,70487,70497,10
13.0680999756,80.2711868286,70497,70507,10
13.06828022,80.2715301514,70507,70517,10
13.0683603287,80.2716217041,70517,70527,10
13.0686903,80.2718887329,70527,70538,11
13.0692300797,80.2721633911,70538,70548,10
13.0698003769,80.2727584839,70548,70558,10
13.0704402924,80.2735595703,70558,70568,10
13.0709199905,80.2740097046,70568,70588,20
13.0709199905,80.2740097046,70588,70598,10
13.071439743,80.2741928101,70598,70659,61
13.071439743,80.2741928101,70659,70669,10
13.0717697144,80.2743682861,70669,70679,10
13.0721998215,80.2747879028,70679,70689,10
13.0727300644,80.2753677368,70689,70699,10
13.0732803345,80.2759399414,70699,70709,10
13.073679924,80.2762832642,70709,70719,10
13.0743198395,80.2762832642,70719,70729,10
13.0752000809,80.276260376,70729,70739,10
13.0759401321,80.276222229,70739,70750,11
13.0764904022,80.2761993408,70750,70760,10
13.0767297745,80.2761688232,70760,70770,10
13.077050209,80.2760467529,70770,70780,10
13.0778598785,80.2759475708,70780,70790,10
13.0782604218,80.2753601074,70790,70800,10
13.078789711,80.2750167847,70800,70810,10
13.079460144,80.2751922607,70810,70820,10
13.0804300308,80.275177002,70820,70830,10
13.0811595917,80.275100708,70830,70840,10
13.081319809,80.2750930786,70840,70850,10
13.081609726,80.2751235962,70850,70861,11
13.0819396973,80.2753829956,70861,70871,10
13.0819997787,80.2758102417,70871,70921,50
13.0819997787,80.2758102417,70921,70931,10
13.0818796158,80.2760467529,70931,70941,10
13.0817899704,80.2761764526,70941,70951,10
13.0818004608,80.2766799927,70951,70961,10
13.0819101334,80.2776412964,70961,70972,11
13.0821695328,80.278137207,70972,70982,10
13.0825996399,80.2780838013,70982,70992,10
13.08314991,80.2780609131,70992,71002,10
13.0833501816,80.2781219482,71002,71012,10
13.0834197998,80.2783432007,71012,71022,10
13.0835199356,80.2788696289,71022,71032,10
13.0832099915,80.2789001465,71032,71042,10
13.08273983,80.278678894,71042,71052,10
13.082449913,80.2785797119,71052,71093,41
13.082449913,80.2785797119,71093,71103,10
13.0821399689,80.2784500122,71103,71113,10
13.081990242,80.2783889771,71113,71123,10
13.0818996429,80.2781600952,71123,71133,10
13.0818796158,80.2778778076,71133,71143,10
13.0818395615,80.2777175903,71143,71153,10
13.0818300247,80.2774200439,71153,71174,21
13.0818300247,80.2774200439,71174,71184,10
13.0818099976,80.2772216797,71184,71194,10
13.0818004608,80.2768630981,71194,71204,10
13.0817499161,80.276550293,71204,71214,10
13.0817203522,80.2763671875,71214,71224,10
13.0816802979,80.2761077881,71224,71234,10
13.0816001892,80.275932312,71234,71274,40
13.0816001892,80.275932312,71274,71285,11
13.0815296173,80.2756271362,71285,71295,10
13.0814599991,80.2752304077,71295,71305,10
13.0811195374,80.275177002,71305,71315,10
13.0806303024,80.2752380371,71315,71325,10
13.0801000595,80.2753067017,71325,71335,10
13.0794200897,80.2752609253,71335,71345,10
13.0785799026,80.2751998901,71345,71355,10
13.0781202316,80.275970459,71355,71364,9
13.0776100159,80.2762069702,71364,71375,11
13.0766801834,80.2762527466,71375,71385,10
13.0760498047,80.276260376,71385,71396,11
13.0758600235,80.2762298584,71396,71406,10
13.0758399963,80.2760162354,71406,71416,10
13.0758800507,80.2757492065,71416,71426,10
13.0758695602,80.2753067017,71426,71436,10
13.0756797791,80.2748031616,71436,71446,10
13.0753002167,80.2747573853,71446,75060,3614
13.0752096176,80.2748336792,75060,75111,51
13.0751600266,80.274887085,75111,75232,121
13.0752000809,80.2749023438,75232,75434,202
13.075220108,80.2748565674,75434,75525,91
13.0751399994,80.2749023438,75525,75585,60
13.0751800537,80.2748718262,75585,76494,909
13.075220108,80.2747879028,76494,76595,101
13.0752296448,80.2748794556,76595,76756,161
13.0752296448,80.2748794556,76756,76767,11
13.0750598907,80.2751922607,76767,76908,141
13.0751600266,80.274848938,76908,77049,141
13.0750398636,80.2750015259,77049,77090,41
13.0751895905,80.2749176025,77090,77566,476
13.0751199722,80.2748413086,77566,77930,364
13.0752000809,80.274848938,77930,78132,202
13.0750799179,80.2749633789,78132,83846,5714
13.0752801895,80.2748413086,83846,84047,201
13.0751199722,80.2750473022,84047,84209,162
13.0752401352,80.2747879028,84209,85319,1110
