12.9870004654,80.2591400146,20,293,273
12.9869203568,80.2591171265,293,3332,3039
12.9870595932,80.2589492798,3332,3878,546
12.9871902466,80.2590179443,3878,3979,101
12.9871902466,80.2590179443,3979,3989,10
12.9870195389,80.2590713501,3989,5454,1465
12.9869403839,80.2591629028,5454,5615,161
12.9870996475,80.2590484619,5615,14330,8715
12.9870300293,80.2589797974,14330,14543,213
12.9871301651,80.2590637207,14543,19423,4880
12.9870500565,80.2590332031,19423,19917,494
12.9871797562,80.2590789795,19917,19958,41
12.9871797562,80.2590789795,19958,19968,10
12.9873800278,80.2586364746,19968,19978,10
12.9874401093,80.2579727173,19978,19988,10
12.9874897003,80.2570724487,19988,19998,10
12.9875602722,80.2560424805,19998,20008,10
12.9876899719,80.2553482056,20008,20018,10
12.9877796173,80.2543411255,20018,20028,10
12.9878997803,80.253112793,20028,20039,11
12.9879102707,80.2519226074,20039,20049,10
12.9875898361,80.2515563965,20049,20059,10
12.9867801666,80.2516784668,20059,20069,10
12.9856300354,80.2519836426,20069,20079,10
12.9843101501,80.2523498535,20079,20089,10
12.9828996658,80.2526626587,20089,20099,10
12.9816102982,80.2527008057,20099,20109,10
12.9804697037,80.252746582,20109,20119,10
12.97976017,80.2527618408,20119,20129,10
12.9788703918,80.2526092529,20129,20140,11
12.9776802063,80.2518386841,20140,20150,10
12.9763202667,80.2511672974,20150,20160,10
12.9747800827,80.2507171631,20160,20170,10
12.97315979,80.2502670288,20170,20180,10
12.9716596603,80.2498703003,20180,20190,10
12.9701900482,80.249420166,20190,20200,10
12.9687204361,80.248840332,20200,20210,10
12.9672403336,80.2482376099,20210,20220,10
12.9659996033,80.2476730347,20220,20230,10
12.9650802612,80.2473678589,20230,20240,10
12.9650201797,80.2473068237,20240,20251,11
12.964389801,80.2470626831,20251,20261,10
12.963470459,80.2466964722,20261,20271,10
12.9623603821,80.2461700439,20271,20281,10
12.961139679,80.2455673218,20281,20291,10
12.9599599838,80.2450408936,20291,20301,10
12.9593296051,80.2447662354,20301,20311,10
12.9591903687,80.244720459,20311,20321,10
12.958729744,80.2445068359,20321,20331,10
12.9577703476,80.2441177368,20331,20341,10
12.9568796158,80.2437820435,20341,20352,11
12.9562301636,80.2435073853,20352,20362,10
12.9554796219,80.2431793213,20362,20372,10
12.9544401169,80.242729187,20372,20382,10
12.9533996582,80.2422866821,20382,20392,10
12.9522304535,80.2418365479,20392,20402,10
12.9516296387,80.2416305542,20402,20412,10
12.9515399933,80.2415771484,20412,20422,10
12.950969696,80.2413787842,20422,20432,10
12.9500198364,80.2410583496,20432,20442,10
12.9491796494,80.2408065796,20442,20452,10
12.9488801956,80.2404708862,20452,20463,11
12.9490804672,80.2395935059,20463,20473,10
12.9491500854,80.2393569946,20473,20483,10
12.9492197037,80.2391967773,20483,20493,10
12.9493904114,80.2385787964,20493,20503,10
12.949549675,80.2376022339,20503,20513,10
12.949669838,80.236656189,20513,20523,10
12.9497499466,80.2359771729,20523,20533,10
12.9497804642,80.2358398438,20533,20543,10
12.9498701096,80.2352981567,20543,20553,10
12.9499998093,80.2343902588,20553,20564,11
12.9500198364,80.2339096069,20564,20574,10
12.9500303268,80.2338027954,20574,20584,10
12.9499998093,80.2331390381,20584,20594,10
12.949930191,80.2320632935,20594,20604,10
12.9498500824,80.230758667,20604,20614,10
12.949760437,80.2294769287,20614,20623,9
12.9496803284,80.228012085,20623,20634,11
12.9496002197,80.2263565063,20634,20644,10
12.9495296478,80.2250137329,20644,20653,9
12.9494600296,80.2235031128,20653,20664,11
12.949379921,80.2221221924,20664,20675,11
12.9492197037,80.2201080322,20675,20685,10
12.9490499496,80.218536377,20685,20695,10
12.9489002228,80.2169723511,20695,20705,10
12.9487400055,80.2153701782,20705,20715,10
12.9485797882,80.2137680054,20715,20725,10
12.9484596252,80.2123184204,20725,20735,10
12.9483995438,80.2109298706,20735,20745,10
12.9483804703,80.2100906372,20745,20755,10
12.9483995438,80.2096862793,20755,20765,10
12.9484701157,80.2088317871,20765,20776,11
12.9484996796,80.2086791992,20776,20786,10
12.9485502243,80.2081832886,20786,20796,10
12.9486303329,80.2072677612,20796,20806,10
12.9486999512,80.2060470581,20806,20816,10
12.948679924,80.2046737671,20816,20826,10
12.9486398697,80.2033996582,20826,20836,10
12.9485998154,80.2021026611,20836,20846,10
12.9485502243,80.2008209229,20846,20856,10
12.94851017,80.1996994019,20856,20866,10
12.9484701157,80.1988830566,20866,20876,10
12.9484796524,80.1987762451,20876,20887,11
12.9484596252,80.1981201172,20887,20897,10
12.9484796524,80.1971588135,20897,20907,10
12.9484901428,80.1960983276,20907,20917,10
12.9484901428,80.1955108643,20917,20927,10
12.9484996796,80.1954421997,20927,20937,10
12.9484996796,80.1948776245,20937,20947,10
12.94851017,80.1940002441,20947,20957,10
12.94851017,80.1935501099,20957,20967,10
12.9485702515,80.1929168701,20967,20977,10
12.9485998154,80.1919403076,20977,20988,11
12.948679924,80.1905822754,20988,20998,10
12.9487695694,80.1893615723,20998,21008,10
12.9488697052,80.188079834,21008,21018,10
12.9490203857,80.1867370605,21018,21028,10
12.9490499496,80.1856613159,21028,21038,10
12.9490699768,80.1849975586,21038,21048,10
12.9491596222,80.1841964722,21048,21058,10
12.9491996765,80.1838684082,21058,21068,10
12.9492197037,80.1837768555,21068,21078,10
12.9493198395,80.1831893921,21078,21089,11
12.9495000839,80.1821365356,21089,21099,10
12.949669838,80.1811828613,21099,21109,10
12.9497995377,80.180519104,21109,21119,10
12.9499797821,80.1795272827,21119,21129,10
12.9503002167,80.1783218384,21129,21139,10
12.950630188,80.1770401001,21139,21149,10
12.9509000778,80.1759185791,21149,21159,10
12.9511604309,80.1747665405,21159,21169,10
12.951379776,80.1737518311,21169,21179,10
12.9516296387,80.1725234985,21179,21189,10
12.9518604279,80.1712036133,21189,21200,11
12.9521198273,80.1696929932,21200,21210,10
12.9523801804,80.1682815552,21210,21220,10
12.9527597427,80.166847229,21220,21230,10
12.9531002045,80.1654510498,21230,21240,10
12.9533996582,80.1640930176,21240,21250,10
12.9537000656,80.162689209,21250,21260,10
12.954000473,80.1611862183,21260,21270,10
12.9542798996,80.159828186,21270,21280,10
12.9545001984,80.1586685181,21280,21290,10
12.9547395706,80.1575622559,21290,21301,11
12.9550695419,80.1561126709,21301,21311,10
12.9553604126,80.1547317505,21311,21321,10
12.9556999207,80.1533737183,21321,21331,10
12.9563398361,80.1521224976,21331,21341,10
12.9572696686,80.1512832642,21341,21351,10
12.9580497742,80.1506271362,21351,21361,10
12.9586400986,80.1501617432,21361,21371,10
12.9587602615,80.1500778198,21371,21381,10
12.959230423,80.1497192383,21381,21391,10
12.9596395493,80.1488571167,21391,21401,10
12.9598798752,80.1477584839,21401,21412,11
12.9601402283,80.1464691162,21412,21422,10
12.9603204727,80.1456375122,21422,21432,10
12.9602804184,80.1453018188,21432,21442,10
12.9608201981,80.145401001,21442,21452,10
12.9617300034,80.1459197998,21452,21462,10
12.9627799988,80.1464920044,21462,21472,10
12.963809967,80.1471176147,21472,21482,10
12.9648103714,80.1477508545,21482,21492,10
12.965880394,80.1483383179,21492,21502,10
12.9673595428,80.1490402222,21502,21523,21
12.9673595428,80.1490402222,21523,21533,10
12.9677295685,80.1492614746,21533,21543,10
12.968170166,80.1494369507,21543,21553,10
12.9682598114,80.1494674683,21553,21563,10
12.9683599472,80.1495132446,21563,21573,10
12.9687595367,80.1497497559,21573,21583,10
12.9696397781,80.1501617432,21583,21593,10
12.9706096649,80.1506195068,21593,21603,10
12.9717102051,80.1511077881,21603,21613,10
12.9725103378,80.1516799927,21613,21624,11
12.9731702805,80.1526565552,21624,21634,10
12.973400116,80.1530303955,21634,21654,20
12.973400116,80.1530303955,21654,21664,10
12.973400116,80.153137207,21664,21674,10
12.9731302261,80.1529388428,21674,21684,10
12.9726295471,80.1521835327,21684,21694,10
12.9718399048,80.1513214111,21694,21704,10
12.9707899094,80.1507797241,21704,21714,10
12.9699497223,80.1503982544,21714,21725,11
12.969420433,80.1502380371,21725,21745,20
12.969420433,80.1502380371,21745,21755,10
12.9691801071,80.1500778198,21755,21765,10
12.9686403275,80.1497497559,21765,21775,10
12.9678697586,80.1493988037,21775,21785,10
12.9672403336,80.1491088867,21785,21795,10
12.9666404724,80.1488189697,21795,21805,10
12.9659700394,80.1484832764,21805,21815,10
12.965180397,80.1480712891,21815,21826,11
12.9641895294,80.1475372314,21826,21836,10
12.9631595612,80.1470794678,21836,21846,10
12.9621200562,80.1464996338,21846,21856,10
12.9611196518,80.1459579468,21856,21866,10
12.9603300095,80.1456375122,21866,21876,10
12.9601297379,80.1462936401,21876,21886,10
12.9599199295,80.1473388672,21886,21896,10
12.9597396851,80.1483306885,21896,21906,10
12.9593200684,80.1497268677,21906,21916,10
12.9586296082,80.150352478,21916,21926,10
12.9586000443,80.1503829956,21926,21937,11
12.9582195282,80.1506729126,21937,21947,10
12.9575195313,80.1512374878,21947,21957,10
12.9566297531,80.1519470215,21957,21967,10
12.9558801651,80.1529464722,21967,21977,10
12.9554796219,80.154258728,21977,21987,10
12.9552001953,80.1556472778,21987,21997,10
12.9548997879,80.1570205688,21997,22007,10
12.9546499252,80.158241272,22007,22017,10
12.9544401169,80.1593017578,22017,22027,10
12.9541702271,80.1605377197,22027,22038,11
12.9538602829,80.1620178223,22038,22048,10
12.9535398483,80.1635131836,22048,22058,10
12.9532299042,80.1650238037,22058,22068,10
12.9528903961,80.1665496826,22068,22078,10
12.9525003433,80.1680603027,22078,22088,10
12.9522199631,80.1694488525,22088,22098,10
12.9520101547,80.1706771851,22098,22108,10
12.9517803192,80.1720428467,22108,22119,11
12.9515104294,80.173500061,22119,22129,10
12.9512796402,80.1745910645,22129,22139,10
12.9509401321,80.1761169434,22139,22150,11
12.9505596161,80.1776275635,22150,22160,10
12.9501895905,80.1790618896,22160,22170,10
12.9499101639,80.1803894043,22170,22180,10
12.9496898651,80.181602478,22180,22190,10
12.9494895935,80.1828308105,22190,22200,10
12.9493398666,80.1838302612,22200,22210,10
12.9493303299,80.1839370728,22210,22219,9
12.9493103027,80.1840591431,22219,22230,11
12.9492902756,80.1843185425,22230,22240,10
12.9492397308,80.1851730347,22240,22281,41
12.9492397308,80.1851730347,22281,22291,10
12.9492101669,80.1855010986,22291,22301,10
12.9491596222,80.1862030029,22301,22311,10
12.9490699768,80.1871795654,22311,22321,10
12.9489603043,80.1883163452,22321,22331,10
12.948849678,80.1895675659,22331,22341,10
12.9487104416,80.1909713745,22341,22351,10
12.9486398697,80.1923522949,22351,22362,11
12.9486103058,80.1937789917,22362,22372,10
12.9485998154,80.1949920654,22372,22382,10
12.9486103058,80.1954498291,22382,22392,10
12.9485998154,80.1956710815,22392,22402,10
12.9485797882,80.1964416504,22402,22412,10
12.9485702515,80.1975402832,22412,22422,10
12.9485797882,80.198677063,22422,22432,10
12.9486198425,80.1994781494,22432,22442,10
12.9486198425,80.1995620728,22442,22452,10
12.9486503601,80.1999969482,22452,22463,11
12.948679924,80.2009735107,22463,22473,10
12.9486999512,80.2020187378,22473,22483,10
12.9487199783,80.2031478882,22483,22493,10
12.9487495422,80.2044677734,22493,22503,10
12.9487695694,80.2058868408,22503,22513,10
12.9487304688,80.2070465088,22513,22523,10
12.9486598969,80.2082138062,22523,22533,10
12.9485702515,80.2091903687,22533,22543,10
12.9485397339,80.2092971802,22543,22553,10
12.9485397339,80.2094497681,22553,22564,11
12.9485197067,80.2100982666,22564,22574,10
12.9484701157,80.2108612061,22574,22584,10
12.9484796524,80.2119674683,22584,22594,10
12.948559761,80.2132873535,22594,22604,10
12.9486999512,80.2145996094,22604,22614,10
12.9488401413,80.2159423828,22614,22624,10
12.9489603043,80.2173614502,22624,22634,10
12.9490995407,80.2188110352,22634,22644,10
12.9492397308,80.2202911377,22644,22654,10
12.9493703842,80.2216262817,22654,22664,10
12.9494695663,80.2232894897,22664,22675,11
12.949549675,80.2249679565,22675,22685,10
12.9496202469,80.2265090942,22685,22695,10
12.9497003555,80.2280578613,22695,22705,10
12.949760437,80.2293014526,22705,22715,10
12.9499101639,80.2311630249,22715,22725,10
12.9500102997,80.2324523926,22725,22735,10
12.9500598907,80.2331924438,22735,22745,10
12.9500598907,80.2332000732,22745,22755,10
12.9500904083,80.2335510254,22755,22765,10
12.9500904083,80.2343215942,22765,22776,11
12.9499597549,80.2356262207,22776,22856,80
12.9499597549,80.2356262207,22856,22866,10
12.9498796463,80.2362136841,22866,22876,10
12.949760437,80.2369995117,22876,22887,11
12.9495897293,80.2382202148,22887,22897,10
12.9493598938,80.239402771,22897,22907,10
12.9491796494,80.2403106689,22907,22917,10
12.9491796494,80.240447998,22917,22927,10
12.9495000839,80.2408828735,22927,22937,10
12.9503803253,80.2411422729,22937,22947,10
12.9511299133,80.2413635254,22947,22957,10
12.9512195587,80.2413864136,22957,22967,10
12.9518404007,80.2416229248,22967,22977,10
12.9527797699,80.2419891357,22977,22988,11
12.9539899826,80.2424697876,22988,22998,10
12.9549598694,80.2428588867,22998,23008,10
12.9558296204,80.2432022095,23008,23018,10
12.956410408,80.2434387207,23018,23028,10
12.9564399719,80.2434463501,23028,23038,10
12.9567604065,80.2435913086,23038,23048,10
12.9575500488,80.2439193726,23048,23058,10
12.9584798813,80.2443008423,23058,23068,10
12.9589796066,80.2444763184,23068,23078,10
12.9591999054,80.2445907593,23078,23088,10
12.9599704742,80.2449493408,23088,23099,11
12.9610099792,80.2454376221,23099,23109,10
12.962220192,80.2460403442,23109,23119,10
12.9632797241,80.2465591431,23119,23129,10
12.9641199112,80.2469406128,23129,23139,10
12.9651899338,80.2473220825,23139,23149,10
12.9662599564,80.2477035522,23149,23159,10
12.9666500092,80.2478637695,23159,23169,10
12.9666795731,80.2478637695,23169,23179,10
12.9671401978,80.2481384277,23179,23189,10
12.9680204391,80.2485122681,23189,23200,11
12.9693098068,80.2490234375,23200,23210,10
12.9706096649,80.2495193481,23210,23220,10
12.9719896317,80.2499313354,23220,23230,10
12.9734096527,80.2503204346,23230,23240,10
12.9747200012,80.2506790161,23240,23250,10
12.976099968,80.251083374,23250,23260,10
12.9773397446,80.2515029907,23260,23270,10
12.9783401489,80.2522506714,23270,23280,10
12.9787597656,80.2524795532,23280,23290,10
12.9787597656,80.2524795532,23290,23301,11
12.9794998169,80.2526779175,23301,23311,10
12.9803304672,80.2527008057,23311,23321,10
12.9812002182,80.2526626587,23321,23331,10
12.9823799133,80.2526321411,23331,23341,10
12.9835395813,80.2525100708,23341,23352,11
12.9846096039,80.2522201538,23352,23362,10
12.9857902527,80.2518920898,23362,23372,10
12.9867801666,80.2516403198,23372,23382,10
12.9873600006,80.2514724731,23382,23392,10
12.9875297546,80.251411438,23392,23402,10
12.9879198074,80.2514572144,23402,23413,11
12.9879999161,80.2518005371,23413,23423,10
12.9880104065,80.2519226074,23423,23433,10
12.9880399704,80.252571106,23433,23443,10
12.987950325,80.2534408569,23443,23453,10
12.987859726,80.2544937134,23453,23463,10
12.9877796173,80.2553863525,23463,23503,40
12.9877796173,80.2553863525,23503,23514,11
12.9877004623,80.2557983398,23514,23524,10
12.9876203537,80.2563400269,23524,23534,10
12.9875602722,80.2570495605,23534,23544,10
12.9874801636,80.2578887939,23544,23554,10
12.9874200821,80.2585983276,23554,23564,10
12.9873895645,80.2589569092,23564,23685,121
12.9872903824,80.2593002319,23685,23726,41
12.9871702194,80.2595977783,23726,23756,30
12.9871702194,80.2595977783,23756,23766,10
12.9869098663,80.2595367432,23766,23776,10
12.9867401123,80.2593307495,23776,24341,565
12.9867401123,80.2591934204,24341,25260,919
12.9867401123,80.2591934204,25260,25270,10
12.987159729,80.2590866089,25270,25311,41
12.987159729,80.2590866089,25311,25321,10
12.9873800278,80.2590026855,25321,25331,10
12.9874000549,80.2587814331,25331,25341,10
12.9874000549,80.2585601807,25341,25351,10
12.9874000549,80.2581100464,25351,25361,10
12.9874696732,80.2573776245,25361,25371,10
12.9875802994,80.2563781738,25371,25381,10
12.9876003265,80.2558822632,25381,25392,11
12.9877099991,80.2554626465,25392,25402,10
12.987739563,80.2548065186,25402,25412,10
12.987739563,80.2546691895,25412,25422,10
12.9877700806,80.2540817261,25422,25432,10
12.987859726,80.2530822754,25432,25442,10
12.9878797531,80.2520217896,25442,25452,10
12.9877700806,80.251663208,25452,25462,10
12.987660408,80.2515869141,25462,25472,10
12.9874696732,80.2515792847,25472,25482,10
12.9868202209,80.2516708374,25482,25493,11
12.9857196808,80.2519607544,25493,25503,10
12.9843997955,80.2523269653,25503,25513,10
12.9829597473,80.2526397705,25513,25523,10
12.981590271,80.2526931763,25523,25532,9
12.9803600311,80.2527389526,25532,25543,11
12.9793395996,80.2526931763,25543,25553,10
12.9786300659,80.2525863647,25553,25563,10
12.9785804749,80.2525634766,25563,25573,10
12.9781198502,80.2522506714,25573,25583,10
12.977350235,80.2515792847,25583,25594,11
12.9760398865,80.2510681152,25594,25604,10
12.9747495651,80.2506866455,25604,25614,10
12.973400116,80.2503204346,25614,25624,10
12.9722204208,80.2500076294,25624,25634,10
12.9709701538,80.249671936,25634,25644,10
12.9696302414,80.2491836548,25644,25654,10
12.9684400558,80.2487106323,25654,25664,10
12.9673204422,80.248260498,25664,25674,10
12.9664201736,80.247833252,25674,25684,10
12.9654903412,80.247467041,25684,25694,10
12.9652204514,80.2473678589,25694,25705,11
12.9651203156,80.2473297119,25705,25715,10
12.9645700455,80.2471008301,25715,25725,10
12.9639596939,80.2468566895,25725,25735,10
12.9635601044,80.2466812134,25735,25745,10
12.9628095627,80.246307373,25745,25755,10
12.9617595673,80.2457885742,25755,25765,10
12.9605998993,80.2452468872,25765,25775,10
12.9595499039,80.2448272705,25775,25785,10
12.9593801498,80.2447509766,25785,25795,10
12.9591197968,80.2446136475,25795,25806,11
12.9583902359,80.2442932129,25806,25816,10
12.9578800201,80.244102478,25816,25826,10
12.9574203491,80.2439498901,25826,25836,10
12.9565896988,80.2436294556,25836,25906,70
12.9565896988,80.2436294556,25906,25917,11
12.9562702179,80.243522644,25917,25927,10
12.9556398392,80.2432327271,25927,25937,10
12.9549503326,80.2429122925,25937,25947,10
12.9540700912,80.2425537109,25947,25957,10
12.9530601501,80.2421264648,25957,25967,10
12.9521102905,80.2417907715,25967,25977,10
12.9519195557,80.2417221069,25977,25987,10
12.9516601563,80.2415771484,25987,25997,10
12.950920105,80.2413024902,25997,26007,10
12.9498596191,80.2409820557,26007,26018,11
12.9491100311,80.2407608032,26018,26028,10
12.9489803314,80.2406997681,26028,26058,30
12.9489803314,80.2406997681,26058,26068,10
12.9489402771,80.2403411865,26068,26078,10
12.9491100311,80.2395782471,26078,26088,10
12.9491701126,80.2392807007,26088,26098,10
12.9492197037,80.2391433716,26098,26108,10
12.949379921,80.2384796143,26108,26118,10
12.9495401382,80.2375335693,26118,26129,11
12.9496498108,80.2364883423,26129,26139,10
12.9497003555,80.2359008789,26139,26149,10
12.9497299194,80.2357177734,26149,26159,10
12.9498901367,80.2350769043,26159,26169,10
12.9499797821,80.2342224121,26169,26179,10
12.9499998093,80.2337799072,26179,26189,10
12.9499902725,80.2334823608,26189,26199,10
12.9499397278,80.2326965332,26199,26209,10
12.9498701096,80.2316589355,26209,26219,10
12.9497900009,80.2303771973,26219,26230,11
12.9497003555,80.2287826538,26230,26240,10
12.9496097565,80.2272109985,26240,26250,10
12.9495296478,80.2255706787,26250,26260,10
12.9494495392,80.2238769531,26260,26270,10
12.9493703842,80.2222900391,26270,26280,10
12.9492502213,80.2206878662,26280,26290,10
12.9490804672,80.219078064,26290,26300,10
12.9489202499,80.2174377441,26300,26310,10
12.9487600327,80.2157821655,26310,26320,10
12.9485902786,80.2141113281,26320,26330,10
12.9484395981,80.2124328613,26330,26341,11
12.9483995438,80.2106781006,26341,26351,10
12.9483699799,80.2098922729,26351,26361,10
12.9484596252,80.2093429565,26361,26371,10
12.94851017,80.2086715698,26371,26381,10
12.9485502243,80.2085266113,26381,26391,10
12.9485902786,80.2078323364,26391,26401,10
12.9486703873,80.2070617676,26401,26411,10
12.9487104416,80.2056121826,26411,26421,10
12.9486703873,80.2041473389,26421,26431,10
12.9486198425,80.2026596069,26431,26441,10
12.9485702515,80.2011032104,26441,26452,11
12.9484996796,80.1996307373,26452,26462,10
12.9484500885,80.1985702515,26462,26482,20
12.9484500885,80.1985702515,26482,26492,10
12.9484500885,80.1982421875,26492,26502,10
12.9484395981,80.1975021362,26502,26512,10
12.9484596252,80.1965103149,26512,26522,10
12.9484701157,80.195640564,26522,26532,10
12.9484701157,80.1954574585,26532,26543,11
12.9484996796,80.1949386597,26543,26553,10
12.94851017,80.1940612793,26553,26563,10
12.9485502243,80.1929168701,26563,26573,10
12.9485902786,80.1915969849,26573,26583,10
12.9486703873,80.1902084351,26583,26593,10
12.9487895966,80.1890563965,26593,26603,10
12.9489002228,80.1877365112,26603,26613,10
12.9490098953,80.1864776611,26613,26623,10
12.9489803314,80.185508728,26623,26633,10
12.9489803314,80.1853408813,26633,26643,10
12.9490499496,80.1849365234,26643,26654,11
12.9491596222,80.1838531494,26654,26674,20
12.9491596222,80.1838531494,26674,26684,10
12.9492301941,80.1834869385,26684,26694,10
12.9493598938,80.1827316284,26694,26704,10
12.9494895935,80.181930542,26704,26714,10
12.9496603012,80.1809921265,26714,26724,10
12.9497900009,80.1802825928,26724,26734,10
12.9499797821,80.1793365479,26734,26744,10
12.9503097534,80.1781234741,26744,26755,11
12.9507102966,80.1765823364,26755,26765,10
12.9510202408,80.1751480103,26765,26775,10
12.9511899948,80.1742477417,26775,26785,10
12.9512701035,80.1739501953,26785,26795,10
12.9514198303,80.1732635498,26795,26805,10
12.9516000748,80.1723098755,26805,26815,10
12.9517297745,80.1714782715,26815,26825,10
12.9517498016,80.171333313,26825,26835,10
12.9518699646,80.170753479,26835,26845,10
12.9520196915,80.1698913574,26845,26855,10
12.9522104263,80.1687774658,26855,26866,11
12.952580452,80.167350769,26866,26876,10
12.9529304504,80.1659469604,26876,26886,10
12.9532604218,80.1644821167,26886,26896,10
12.9535799026,80.1629714966,26896,26906,10
12.953909874,80.1614303589,26906,26916,10
12.954199791,80.1599197388,26916,26926,10
12.9544095993,80.158821106,26926,26936,10
12.9544801712,80.1584625244,26936,26946,10
12.9546003342,80.1579284668,26946,26956,10
12.9547901154,80.157043457,26956,26967,11
12.9550504684,80.1558380127,26967,26977,10
12.9553098679,80.1547164917,26977,26987,10
12.9556503296,80.1534118652,26987,26997,10
12.9562702179,80.1521530151,26997,27007,10
12.9573402405,80.1512298584,27007,27017,10
12.9583396912,80.1504135132,27017,27027,10
12.9588003159,80.1500167847,27027,27037,10
12.9590301514,80.1498718262,27037,27047,10
12.9594802856,80.1493225098,27047,27057,10
12.9596796036,80.1485595703,27057,27067,10
12.9598302841,80.1477737427,27067,27078,11
12.9600200653,80.1468734741,27078,27088,10
12.9602499008,80.1458969116,27088,27098,10
12.9602403641,80.1454772949,27098,27108,10
12.9597101212,80.1451416016,27108,27118,10
12.9588098526,80.1446609497,27118,27128,10
12.9578399658,80.1440963745,27128,27138,10
12.9566898346,80.1434707642,27138,27148,10
12.9557504654,80.1429672241,27148,27158,10
12.9551401138,80.1426696777,27158,27168,10
12.9548597336,80.1425170898,27168,27179,11
12.954750061,80.1424865723,27179,27189,10
12.9543399811,80.1422729492,27189,27209,20
12.9543399811,80.1422729492,27209,27219,10
12.9541397095,80.1421432495,27219,27229,10
12.9538297653,80.1419525146,27229,27239,10
12.9534101486,80.1417236328,27239,27249,10
12.9528999329,80.1414337158,27249,27269,20
12.9528999329,80.1414337158,27269,27279,10
12.9528503418,80.1414031982,27279,27290,11
12.9525003433,80.1411437988,27290,27300,10
12.9520597458,80.140838623,27300,27310,10
12.9517498016,80.1406173706,27310,27330,20
12.9517498016,80.1406173706,27330,27340,10
12.9516897202,80.1405563354,27340,27350,10
12.951379776,80.1403198242,27350,27360,10
12.9510097504,80.140007019,27360,27370,10
12.9507703781,80.1398773193,27370,27380,10
12.9504804611,80.1396408081,27380,27391,11
12.9501600266,80.1393814087,27391,27401,10
12.9497804642,80.1390686035,27401,27411,10
12.949259758,80.1386184692,27411,27421,10
12.9486198425,80.1380996704,27421,27431,10
12.9478197098,80.1375427246,27431,27441,10
12.947259903,80.1371383667,27441,27451,10
12.9469003677,80.1368637085,27451,27461,10
12.9462003708,80.1362991333,27461,27471,10
12.9452400208,80.1355819702,27471,27481,10
12.9441795349,80.1347503662,27481,27492,11
12.9431295395,80.1338272095,27492,27502,10
12.9423599243,80.1330718994,27502,27512,10
12.9415397644,80.1322174072,27512,27522,10
12.9407901764,80.1314163208,27522,27532,10
12.9400701523,80.1306762695,27532,27542,10
12.9393701553,80.1300506592,27542,27552,10
12.9387903214,80.1295928955,27552,27603,51
12.9387903214,80.1295928955,27603,27613,10
12.9385004044,80.1293411255,27613,27623,10
12.938170433,80.1290817261,27623,27633,10
12.9377603531,80.1287384033,27633,27643,10
12.9375495911,80.128578186,27643,27704,61
12.9375495911,80.128578186,27704,27714,10
12.9371404648,80.1281433105,27714,27724,10
12.9368200302,80.1278533936,27724,27734,10
12.9367599487,80.1277999878,27734,27744,10
12.9364404678,80.1275405884,27744,27754,10
12.9358301163,80.126991272,27754,27764,10
12.9350700378,80.1262664795,27764,27774,10
12.9343795776,80.1256103516,27774,27784,10
12.9331903458,80.1244277954,27784,27794,10
12.9323997498,80.1236419678,27794,27803,9
12.9316701889,80.1229324341,27803,27815,12
12.9308004379,80.1220397949,27815,27825,10
12.9303503036,80.1216506958,27825,27835,10
12.9303197861,80.1216201782,27835,27845,10
12.9301204681,80.1214370728,27845,27855,10
12.929980278,80.1213226318,27855,27865,10
12.9299402237,80.1212615967,27865,27875,10
12.9297103882,80.1210479736,27875,27885,10
12.9296302795,80.1209564209,27885,27895,10
12.929400444,80.1207199097,27895,27976,81
12.929400444,80.1207199097,27976,27986,10
12.9291496277,80.1204528809,27986,27996,10
12.9290304184,80.1203384399,27996,28006,10
12.9289398193,80.120262146,28006,28017,11
12.9287996292,80.1201171875,28017,28027,10
12.9286804199,80.120010376,28027,28037,10
12.9285297394,80.1198577881,28037,28097,60
12.9285297394,80.1198577881,28097,28107,10
12.9282102585,80.1195297241,28107,28117,10
12.9280796051,80.1193771362,28117,28128,11
12.9277896881,80.1190795898,28128,28138,10
12.9276504517,80.118927002,28138,28148,10
12.9275197983,80.1187820435,28148,28158,10
12.9273796082,80.118637085,28158,28208,50
12.9273796082,80.118637085,28208,28218,10
12.927189827,80.1184234619,28218,28229,11
12.9269800186,80.1182098389,28229,28239,10
12.9267902374,80.1180114746,28239,28249,10
12.9262599945,80.1175613403,28249,28279,30
12.9262599945,80.1175613403,28279,28289,10
12.926030159,80.1173629761,28289,28299,10
12.9255800247,80.1169815063,28299,28309,10
12.9250202179,80.1164169312,28309,28319,10
12.9243898392,80.1157608032,28319,28329,10
12.9241399765,80.1155166626,28329,28340,11
12.9239797592,80.1150512695,28340,28350,10
12.9242897034,80.1151733398,28350,28360,10
12.9247903824,80.1156921387,28360,28370,10
12.9254798889,80.1163864136,28370,28380,10
12.9260797501,80.1170196533,28380,28390,10
12.9263801575,80.1174468994,28390,28430,40
12.9263801575,80.1174468994,28430,28441,11
12.9265499115,80.1176376343,28441,28451,10
12.9269599915,80.1179199219,28451,28542,91
12.9272603989,80.1181030273,28542,28673,131
12.9272603989,80.1181030273,28673,28683,10
12.9273500443,80.1183624268,28683,28693,10
12.9273700714,80.1184005737,28693,28703,10
12.9274597168,80.118522644,28703,28713,10
12.9277801514,80.1188430786,28713,28723,10
12.9283399582,80.1193771362,28723,28732,9
12.9287796021,80.1197891235,28732,28855,123
12.9287796021,80.1197891235,28855,28865,10
12.928899765,80.1198196411,28865,28915,50
12.928899765,80.1198196411,28915,28925,10
12.929019928,80.120010376,28925,28935,10
12.9292201996,80.1202011108,28935,28945,10
12.9294300079,80.1204223633,28945,28956,11
12.9297599792,80.1207580566,28956,28966,10
12.9300403595,80.1210632324,28966,28976,10
12.9303302765,80.1213378906,28976,28986,10
12.9307603836,80.1218338013,28986,28996,10
12.9313097,80.1223831177,28996,29006,10
12.9316701889,80.122756958,29006,29016,10
12.9320001602,80.1231002808,29016,29026,10
12.9324798584,80.1235198975,29026,29036,10
12.9329395294,80.1239776611,29036,29046,10
12.933380127,80.124382019,29046,29056,10
12.9337596893,80.1247406006,29056,29178,122
12.9337596893,80.1247406006,29178,29188,10
12.9339199066,80.1250534058,29188,29198,10
12.9343004227,80.1254119873,29198,29208,10
12.934800148,80.1259002686,29208,29218,10
12.9354000092,80.126411438,29218,29228,10
12.9361600876,80.1269607544,29228,29248,20
12.9361600876,80.1269607544,29248,29258,10
12.9363002777,80.1270675659,29258,29268,10
12.9366197586,80.1274185181,29268,29279,11
12.9368896484,80.1272125244,29279,29289,10
12.9373397827,80.1268997192,29289,29299,10
12.9377202988,80.1274108887,29299,29309,10
12.9374399185,80.1279067993,29309,29329,20
12.9374399185,80.1279067993,29329,29339,10
12.9373598099,80.1279907227,29339,29349,10
12.9374704361,80.1281814575,29349,29359,10
12.9378900528,80.1285324097,29359,29369,10
12.9385204315,80.1291275024,29369,29380,11
12.9394598007,80.1299667358,29380,29390,10
12.9405002594,80.1309890747,29390,29400,10
12.9414796829,80.1320037842,29400,29410,10
12.942150116,80.1326828003,29410,29420,10
12.9424200058,80.1330032349,29420,29430,10
12.9427995682,80.133392334,29430,29440,10
12.9434299469,80.1340332031,29440,29450,10
12.9441995621,80.1346817017,29450,29460,10
12.9451198578,80.135383606,29460,29470,10
12.9461803436,80.1362075806,29470,29480,10
12.9473304749,80.137046814,29480,29491,11
12.9484395981,80.1378631592,29491,29501,10
12.9495201111,80.1386489868,29501,29511,10
12.9501895905,80.1391525269,29511,29521,10
12.9505596161,80.1393814087,29521,29551,30
12.9505596161,80.1393814087,29551,29561,10
12.9509296417,80.1396636963,29561,29571,10
12.9514503479,80.1401062012,29571,29622,51
12.9514503479,80.1401062012,29622,29632,10
12.9516897202,80.1403198242,29632,29642,10
12.9518604279,80.1404495239,29642,29652,10
12.9520998001,80.1408004761,29652,29662,10
12.9525203705,80.1411437988,29662,29672,10
12.9528903961,80.1414108276,29672,29682,10
12.9534397125,80.1417312622,29682,29692,10
12.9540901184,80.142036438,29692,29703,11
12.9549598694,80.1424636841,29703,29713,10
12.9558601379,80.1428985596,29713,29723,10
12.9567804337,80.1433563232,29723,29733,10
12.9576597214,80.1438293457,29733,29743,10
12.9584102631,80.1441879272,29743,29753,10
12.9591798782,80.1445617676,29753,29763,10
12.9598999023,80.1449432373,29763,29773,10
12.9604797363,80.1452407837,29773,29783,10
12.9605197906,80.1456222534,29783,29793,10
12.9603099823,80.1460494995,29793,29804,11
12.960149765,80.1467971802,29804,29814,10
12.9599599838,80.1476211548,29814,29824,10
12.9597301483,80.1487197876,29824,29834,10
12.9592695236,80.1498413086,29834,29844,10
12.9578504562,80.151008606,29844,29915,71
12.9578504562,80.151008606,29915,29925,10
12.9575195313,80.151222229,29925,29935,10
12.9569501877,80.1516723633,29935,29945,10
12.9562397003,80.15234375,29945,29955,10
12.9556903839,80.1533966064,29955,29965,10
12.955329895,80.1547622681,29965,29975,10
12.9549999237,80.1563110352,29975,29985,10
12.95470047,80.1577835083,29985,29995,10
12.9544897079,80.1588973999,29995,30005,10
12.9543600082,80.1596374512,30005,30026,21
12.9543600082,80.1596374512,30026,30036,10
12.9542999268,80.1599273682,30036,30046,10
12.9541597366,80.1606521606,30046,30056,10
12.9539699554,80.1615371704,30056,30066,10
12.9537696838,80.1625518799,30066,30076,10
12.9535303116,80.1636276245,30076,30086,10
12.9532804489,80.1648101807,30086,30096,10
12.9529800415,80.1661376953,30096,30106,10
12.9526500702,80.167427063,30106,30116,10
12.9522800446,80.168838501,30116,30127,11
12.9520902634,80.1700286865,30127,30137,10
12.9520196915,80.1706314087,30137,30147,10
12.9520101547,80.1706619263,30147,30157,10
12.95195961,80.1709823608,30157,30167,10
12.9518404007,80.1717071533,30167,30177,10
12.9516601563,80.1726989746,30177,30187,10
12.9514598846,80.1736221313,30187,30197,10
12.9512701035,80.1745300293,30197,30207,10
12.9510202408,80.1755981445,30207,30217,10
12.950799942,80.1766281128,30217,30228,11
12.9504995346,80.1777191162,30228,30238,10
12.9502000809,80.1788864136,30238,30248,10
12.9499197006,80.1800994873,30248,30258,10
12.949760437,80.181098938,30258,30268,10
12.9496097565,80.1819381714,30268,30278,10
12.9494304657,80.1829528809,30278,30288,10
12.949259758,80.1843414307,30288,30318,30
12.949259758,80.1843414307,30318,30329,11
12.9492301941,80.1847000122,30329,30339,10
12.9491796494,80.1854095459,30339,30349,10
12.9491100311,80.1863021851,30349,30359,10
12.9490499496,80.1870727539,30359,30369,10
12.9489898682,80.1877670288,30369,30379,10
12.9489202499,80.1885223389,30379,30389,10
12.9488697052,80.1890869141,30389,30399,10
12.9488401413,80.1893920898,30399,30409,10
12.9487695694,80.1900405884,30409,30419,10
12.9486904144,80.1909408569,30419,30429,10
12.9486303329,80.1920623779,30429,30440,11
12.9486103058,80.1932983398,30440,30450,10
12.9485702515,80.1943435669,30450,30460,10
12.9485797882,80.1952896118,30460,30470,10
12.9485998154,80.1958389282,30470,30500,30
12.9485998154,80.1958389282,30500,30510,10
12.948559761,80.1963119507,30510,30520,10
12.9485397339,80.1970214844,30520,30530,10
12.9485397339,80.1979827881,30530,30541,11
12.9485797882,80.1990203857,30541,30553,12
12.9485998154,80.1996536255,30553,30574,21
12.9485998154,80.1996536255,30574,30584,10
12.9485998154,80.199836731,30584,30594,10
12.9486198425,80.2004623413,30594,30603,9
12.9486398697,80.2013015747,30603,30614,11
12.9486503601,80.202331543,30614,30624,10
12.948679924,80.2032394409,30624,30634,10
12.9487104416,80.2043991089,30634,30645,11
12.9487495422,80.2058181763,30645,30655,10
12.9487104416,80.20703125,30655,30665,10
12.9486398697,80.2080688477,30665,30675,10
12.948559761,80.2095031738,30675,30715,40
12.948559761,80.2095031738,30715,30725,10
12.9485702515,80.2095565796,30725,30735,10
12.9485502243,80.2098083496,30735,30745,10
12.9485397339,80.2101669312,30745,30756,11
12.9484796524,80.210899353,30756,30766,10
12.9484796524,80.2117767334,30766,30776,10
12.9485301971,80.2129211426,30776,30786,10
12.9486503601,80.2142181396,30786,30796,10
12.9487800598,80.215637207,30796,30806,10
12.9489297867,80.2171325684,30806,30816,10
12.9490804672,80.2185211182,30816,30826,10
12.9491996765,80.2197570801,30826,30836,10
12.9493398666,80.2210617065,30836,30846,10
12.9494400024,80.222442627,30846,30857,11
12.9495096207,80.2241287231,30857,30867,10
12.9495801926,80.2256774902,30867,30877,10
12.949669838,80.2273406982,30877,30887,10
12.9497404099,80.2288970947,30887,30897,10
12.9498300552,80.2303237915,30897,30907,10
12.9499197006,80.2315673828,30907,30917,10
12.9500799179,80.233253479,30917,30947,30
12.9500799179,80.233253479,30947,30957,10
12.9500598907,80.2335281372,30957,30968,11
12.950050354,80.2341766357,30968,30978,10
12.9499902725,80.2349395752,30978,30988,10
12.9499797821,80.235496521,30988,30998,10
12.9499797821,80.2355422974,30998,31008,10
12.9499797821,80.2356491089,31008,31028,20
12.9499797821,80.2357406616,31028,31058,30
12.9499797821,80.2357406616,31058,31069,11
12.9499702454,80.2358932495,31069,31079,10
12.9498796463,80.2362823486,31079,31089,10
12.9497404099,80.2369766235,31089,31099,10
12.9496202469,80.2378692627,31099,31109,10
12.9494800568,80.2387466431,31109,31119,10
12.9493303299,80.2395324707,31119,31129,10
12.949259758,80.2398300171,31129,31250,121
12.949259758,80.2398300171,31250,31260,10
12.9491701126,80.2402572632,31260,31281,21
12.9491701126,80.2402572632,31281,31291,10
12.949139595,80.2406005859,31291,31301,10
12.9495697021,80.2409133911,31301,31311,10
12.9503898621,80.2411499023,31311,31321,10
12.9511499405,80.2413711548,31321,31331,10
12.951210022,80.2414016724,31331,31341,10
12.9512796402,80.2414474487,31341,31351,10
12.9517097473,80.241607666,31351,31361,10
12.9523897171,80.2418823242,31361,31371,10
12.9533500671,80.2422180176,31371,31381,10
12.9542303085,80.2425689697,31381,31392,11
12.9549198151,80.2428512573,31392,31402,10
12.9553804398,80.2429885864,31402,31412,10
12.9557304382,80.2431182861,31412,31523,111
12.9560804367,80.2432479858,31523,31594,71
12.9563703537,80.2433624268,31594,31624,30
12.9563703537,80.2433624268,31624,31634,10
12.9568099976,80.243522644,31634,31644,10
12.9574604034,80.2438430786,31644,31654,10
12.9582195282,80.244178772,31654,31664,10
12.9590797424,80.2445068359,31664,31684,20
12.9590797424,80.2445068359,31684,31694,10
12.95911026,80.2445297241,31694,31705,11
12.95952034,80.2447433472,31705,31715,10
12.9602098465,80.2450790405,31715,31725,10
12.9611301422,80.2455215454,31725,31735,10
12.9621801376,80.2460327148,31735,31745,10
12.9628696442,80.2463912964,31745,31755,10
12.9629402161,80.2464294434,31755,31765,10
12.9630498886,80.2464981079,31765,31775,10
12.9633798599,80.2466583252,31775,31785,10
12.9640398026,80.2469329834,31785,31795,10
12.9648704529,80.2472229004,31795,31806,11
12.9657497406,80.2474975586,31806,31816,10
12.9666099548,80.247833252,31816,31856,40
12.9666099548,80.247833252,31856,31866,10
12.9666996002,80.2478866577,31866,31876,10
12.9671201706,80.2481231689,31876,31886,10
12.9678401947,80.2484436035,31886,31896,10
12.9687995911,80.2488021851,31896,31906,10
12.9698696136,80.2492218018,31906,31917,11
12.9711198807,80.2496795654,31917,31927,10
12.9723596573,80.2500076294,31927,31937,10
12.9735498428,80.2503204346,31937,31947,10
12.9747104645,80.2506408691,31947,31957,10
12.975810051,80.2509536743,31957,31967,10
12.9768600464,80.2512283325,31967,31977,10
12.9778404236,80.2518234253,31977,31987,10
12.9785995483,80.2523880005,31987,32018,31
12.9785995483,80.2523880005,32018,32028,10
12.9787597656,80.2524719238,32028,32038,10
12.979180336,80.252571106,32038,32048,10
12.9793701172,80.2525787354,32048,32058,10
12.9795999527,80.2526016235,32058,32068,10
12.9799203873,80.2526397705,32068,32078,10
12.9806098938,80.2526473999,32078,32088,10
12.9815597534,80.2526321411,32088,32098,10
12.982629776,80.2525863647,32098,32108,10
12.9836997986,80.252456665,32108,32118,10
12.9849500656,80.2520980835,32118,32411,293
12.9849500656,80.2520980835,32411,32421,10
12.9852895737,80.251991272,32421,32431,10
12.9857797623,80.2518386841,32431,32442,11
12.9863595963,80.2516784668,32442,32452,10
12.9868402481,80.2515869141,32452,32462,10
12.9873895645,80.251411438,32462,32472,10
12.987859726,80.2513580322,32472,32482,10
12.9879798889,80.2516403198,32482,32492,10
12.9880695343,80.2520904541,32492,32502,10
12.9880695343,80.2521209717,32502,32512,10
12.9880599976,80.252243042,32512,32522,10
12.9879798889,80.2528533936,32522,32532,10
12.9878997803,80.2536087036,32532,32543,11
12.9877996445,80.2544326782,32543,32553,10
12.987739563,80.2555007935,32553,32613,60
12.9876499176,80.2556686401,32613,32835,222
12.9876499176,80.2556686401,32835,32845,10
12.987660408,80.2558364868,32845,32856,11
12.9876003265,80.2562179565,32856,32866,10
12.9875602722,80.2568969727,32866,32876,10
12.9875802994,80.2570800781,32876,32886,10
12.9875602722,80.25756073,32886,32896,10
12.9874801636,80.2583694458,32896,32906,10
12.9874000549,80.2591400146,32906,32916,10
12.9871997833,80.2595977783,32916,32946,30
12.9871997833,80.2595977783,32946,32957,11
12.9867401123,80.2596206665,32957,32967,10
12.9866800308,80.2591018677,32967,32977,10
12.9867601395,80.2585983276,32977,33310,333
12.9870004654,80.2584991455,33310,33482,172
12.9870004654,80.2584991455,33482,33492,10
12.9869604111,80.2588882446,33492,33896,404
12.9869604111,80.2590637207,33896,34310,414
12.9869604111,80.2590637207,34310,34320,10
12.9868402481,80.259147644,34320,34350,30
12.9868402481,80.259147644,34350,34360,10
12.9871101379,80.2591705322,34360,34370,10
12.9873800278,80.2590637207,34370,34380,10
12.9874200821,80.2582168579,34380,34441,61
12.9874200821,80.2582168579,34441,34451,10
12.9875202179,80.2579193115,34451,34461,10
12.9875202179,80.2575912476,34461,34471,10
12.9875297546,80.256980896,34471,34481,10
12.9875497818,80.256652832,34481,34532,51
12.9877195358,80.2564697266,34532,34562,30
12.9877195358,80.2564697266,34562,34572,10
12.9877195358,80.2563171387,34572,34582,10
12.9877099991,80.2560272217,34582,34592,10
12.9877700806,80.2556381226,34592,34602,10
12.9878101349,80.2550125122,34602,34612,10
12.9878101349,80.2548675537,34612,34623,11
12.9878101349,80.2546081543,34623,34633,10
12.9878501892,80.2538528442,34633,34643,10
12.9879102707,80.2527084351,34643,34875,232
12.9879102707,80.2527084351,34875,34885,10
12.9879598618,80.252456665,34885,34895,10
12.9879398346,80.2520980835,34895,34905,10
12.9877500534,80.2515869141,34905,34925,20
12.9877500534,80.2515869141,34925,34936,11
12.9875001907,80.2516021729,34936,34946,10
12.9868297577,80.2516784668,34946,34956,10
12.9859199524,80.2519302368,34956,34966,10
12.9848499298,80.2522125244,34966,34976,10
12.9838600159,80.2524795532,34976,34986,10
12.9828796387,80.2526397705,34986,34996,10
12.9818496704,80.2526779175,34996,35006,10
12.9808397293,80.2526931763,35006,35016,10
12.9801197052,80.2527999878,35016,35037,21
12.9801197052,80.2527999878,35037,35047,10
12.9798803329,80.2527389526,35047,35057,10
12.9797000885,80.2527236938,35057,35067,10
12.9792699814,80.2526626587,35067,35077,10
12.9786195755,80.252571106,35077,35087,10
12.9785995483,80.2525634766,35087,35097,10
12.9785604477,80.2525405884,35097,35107,10
12.978099823,80.2521972656,35107,35117,10
12.9773302078,80.2515563965,35117,35127,10
12.9761104584,80.2511291504,35127,35137,10
12.9747200012,80.2507324219,35137,35148,11
12.9733400345,80.250328064,35148,35158,10
12.9719800949,80.2499771118,35158,35168,10
12.9706802368,80.2496185303,35168,35178,10
12.9692802429,80.2491073608,35178,35188,10
12.9677801132,80.2484970093,35188,35198,10
12.9665603638,80.2479019165,35198,35208,10
12.9649896622,80.2473373413,35208,35228,20
12.9649896622,80.2473373413,35228,35238,10
12.9647598267,80.2472381592,35238,35249,11
12.9638900757,80.2468719482,35249,35269,20
12.9638900757,80.2468719482,35269,35279,10
12.9634799957,80.2466812134,35279,35289,10
12.9627799988,80.2463531494,35289,35299,10
12.9618301392,80.2458724976,35299,35309,10
12.9607696533,80.2453689575,35309,35319,10
12.9598398209,80.2449798584,35319,35329,10
12.9594202042,80.2447891235,35329,35339,10
12.9593801498,80.244758606,35339,35350,11
12.9588603973,80.2444992065,35350,35360,10
12.9580898285,80.244178772,35360,35370,10
12.9572896957,80.243888855,35370,35380,10
12.9564695358,80.243637085,35380,35410,30
12.9564695358,80.243637085,35410,35420,10
12.9563102722,80.2435836792,35420,35430,10
12.9557800293,80.243309021,35430,35440,10
12.9549598694,80.2428970337,35440,35450,10
12.9539804459,80.2425079346,35450,35461,11
12.9528598785,80.2420272827,35461,35471,10
12.9518299103,80.2416992188,35471,35481,10
12.9517097473,80.2416534424,35481,35491,10
12.9515695572,80.2416000366,35491,35501,10
12.9509801865,80.2413711548,35501,35511,10
12.9495096207,80.2409133911,35511,35582,71
12.9495096207,80.2409133911,35582,35592,10
12.9494104385,80.2408981323,35592,35602,10
12.9491901398,80.2408065796,35602,35612,10
12.9490003586,80.2404785156,35612,35622,10
12.9492797852,80.2392501831,35622,35642,20
12.9492797852,80.2392501831,35642,35652,10
12.9492902756,80.2391967773,35652,35662,10
12.9494104385,80.2387695313,35662,35673,11
12.9495401382,80.2379074097,35673,35683,10
12.9496603012,80.2370376587,35683,35693,10
12.9496803284,80.2368774414,35693,35723,30
12.9496803284,80.2368774414,35723,35733,10
12.9497003555,80.2366790771,35733,35743,10
12.9497098923,80.2364578247,35743,35834,91
12.9497003555,80.2360916138,35834,35885,51
12.9497003555,80.2360916138,35885,35895,10
12.9497804642,80.2357406616,35895,35905,10
12.9498596191,80.235458374,35905,35915,10
12.9499797821,80.2348327637,35915,35925,10
12.9499998093,80.2337722778,35925,35955,30
12.9499998093,80.2337722778,35955,35965,10
12.9499702454,80.2332992554,35965,35975,10
12.9499197006,80.2324371338,35975,35986,11
12.9498300552,80.2311630249,35986,35996,10
12.9497299194,80.2297897339,35996,36006,10
12.9496498108,80.2282180786,36006,36016,10
12.9495697021,80.2266998291,36016,36026,10
12.9495000839,80.2254180908,36026,36036,10
12.9494400024,80.2242736816,36036,36046,10
12.9493398666,80.222038269,36046,36056,10
12.9493398666,80.222038269,36056,36066,10
12.9492301941,80.2207183838,36066,36076,10
12.9491195679,80.2194824219,36076,36087,11
12.9489898682,80.2179870605,36087,36097,10
12.9488401413,80.2165908813,36097,36107,10
12.948679924,80.2150878906,36107,36117,10
12.9485197067,80.2134017944,36117,36127,10
12.9484195709,80.211807251,36127,36137,10
12.9483995438,80.2103424072,36137,36147,10
12.9484500885,80.2095870972,36147,36159,12
12.94851017,80.2088012695,36159,36169,10
12.9485301971,80.2085723877,36169,36179,10
12.948559761,80.208366394,36179,36189,10
12.9485998154,80.2076034546,36189,36200,11
12.9487104416,80.2063674927,36200,36210,10
12.9486999512,80.2049407959,36210,36220,10
12.9486503601,80.2034072876,36220,36230,10
12.9486198425,80.2022171021,36230,36240,10
12.948559761,80.2007827759,36240,36250,10
12.9485397339,80.1998977661,36250,36260,10
12.9484996796,80.1989822388,36260,36271,11
12.9484996796,80.1988372803,36271,36281,10
12.9484996796,80.1983566284,36281,36291,10
12.9484701157,80.1975021362,36291,36302,11
12.9484796524,80.1962585449,36302,36312,10
12.9484701157,80.1955032349,36312,36322,10
12.9484701157,80.1954879761,36322,36332,10
12.9484901428,80.1952133179,36332,36342,10
12.9484996796,80.1944732666,36342,36352,10
12.9485397339,80.1934509277,36352,36362,10
12.9485702515,80.1921691895,36362,36372,10
12.9486398697,80.1908416748,36372,36382,10
12.9487104416,80.1896820068,36382,36392,10
12.9488201141,80.1885375977,36392,36403,11
12.9489402771,80.187171936,36403,36413,10
12.9490098953,80.1860427856,36413,36423,10
12.9489402771,80.1853790283,36423,36433,10
12.9489297867,80.1852416992,36433,36443,10
12.9489898682,80.1850585938,36443,36453,10
12.9490804672,80.1845321655,36453,36463,10
12.9491500854,80.1839370728,36463,36473,10
12.9491796494,80.1837692261,36473,36483,10
12.9491701126,80.1837310791,36483,36493,10
12.949259758,80.1832962036,36493,36503,10
12.9494104385,80.1824569702,36503,36514,11
12.9495401382,80.181678772,36514,36524,10
12.9495697021,80.1815185547,36524,36534,10
12.9496202469,80.1811218262,36534,36544,10
12.9497499466,80.1804962158,36544,36554,10
12.9499397278,80.1795425415,36554,36564,10
12.9502496719,80.1782989502,36564,36574,10
12.9506397247,80.1768875122,36574,36584,10
12.9510202408,80.1753616333,36584,36594,10
12.9511995316,80.1743392944,36594,36604,10
12.9512195587,80.1741409302,36604,36615,11
12.9512796402,80.1739196777,36615,36625,10
12.9514398575,80.1732177734,36625,36635,10
12.9516296387,80.1722183228,36635,36645,10
12.9517602921,80.1713104248,36645,36655,10
12.9517803192,80.1711425781,36655,36665,10
12.9519100189,80.170539856,36665,36675,10
12.9520902634,80.1695709229,36675,36685,10
12.9523200989,80.1683197021,36685,36695,10
12.9527196884,80.1668624878,36695,36705,10
12.9530897141,80.1652679443,36705,36715,10
12.9533996582,80.1637802124,36715,36726,11
12.9537200928,80.1622390747,36726,36736,10
12.9540700912,80.1606826782,36736,36746,10
12.9543399811,80.1592636108,36746,36756,10
12.9544897079,80.1584014893,36756,36766,10
12.9545297623,80.1582489014,36766,36776,10
12.9546804428,80.1575698853,36776,36786,10
12.9548997879,80.156578064,36786,36796,10
12.9552001953,80.1552886963,36796,36806,10
12.9554796219,80.1539764404,36806,36815,9
12.9560003281,80.1524810791,36815,36827,12
12.9573402405,80.1511688232,36827,36837,10
12.958319664,80.1503601074,36837,36847,10
12.9586801529,80.1500473022,36847,36857,10
12.9589500427,80.1498565674,36857,36867,10
12.9594802856,80.149269104,36867,36877,10
12.9597396851,80.1483535767,36877,36887,10
12.9599399567,80.1473388672,36887,36897,10
12.9601697922,80.1461868286,36897,36907,10
12.9602804184,80.1454467773,36907,36917,10
12.9605197906,80.1451263428,36917,36927,10
12.9612503052,80.1455917358,36927,36938,11
12.9623699188,80.1462020874,36938,36948,10
12.9634199142,80.1467819214,36948,36958,10
12.9642601013,80.1473464966,36958,36968,10
12.9649600983,80.1477584839,36968,36978,10
12.9656896591,80.148147583,36978,36988,10
12.9665403366,80.1485824585,36988,36998,10
12.9670000076,80.1488189697,36998,37008,10
12.9671001434,80.1488571167,37008,37018,10
12.9673299789,80.1490097046,37018,37028,10
12.9679803848,80.1493225098,37028,37069,41
12.9679803848,80.1493225098,37069,37079,10
12.9681396484,80.1494369507,37079,37089,10
12.9683904648,80.1495666504,37089,37099,10
12.9689302444,80.1497573853,37099,37271,172
12.9689302444,80.1497573853,37271,37281,10
12.9694004059,80.1500015259,37281,37291,10
12.9698400497,80.1502075195,37291,37301,10
12.970410347,80.1504974365,37301,37311,10
12.971039772,80.1508102417,37311,37321,10
12.971739769,80.1511306763,37321,37331,10
12.9724798203,80.1516876221,37331,37341,10
12.9731702805,80.1526794434,37341,37372,31
12.9731702805,80.1526794434,37372,37382,10
12.9733600616,80.152961731,37382,37452,70
12.9733600616,80.152961731,37452,37463,11
12.973279953,80.153137207,37463,37473,10
12.9729995728,80.1527786255,37473,37483,10
12.9725399017,80.1520767212,37483,37493,10
12.9719800949,80.1514129639,37493,37503,10
12.9710798264,80.1509017944,37503,37513,10
12.9702100754,80.1505126953,37513,37523,10
12.9695596695,80.1502990723,37523,37594,71
12.9695596695,80.1502990723,37594,37604,10
12.9692602158,80.150062561,37604,37614,10
12.9690799713,80.1499710083,37614,37624,10
12.9688301086,80.1498413086,37624,37634,10
12.9687204361,80.1498031616,37634,37644,10
12.9685201645,80.1496963501,37644,37654,10
12.9683303833,80.1496200562,37654,37665,11
12.968079567,80.149520874,37665,37675,10
12.9677000046,80.1493530273,37675,37685,10
12.9673995972,80.1492004395,37685,37695,10
12.9671201706,80.1490707397,37695,37705,10
12.966919899,80.148979187,37705,37715,10
12.9666795731,80.1488571167,37715,37725,10
12.9665298462,80.1488037109,37725,37735,10
12.9662799835,80.1486587524,37735,37745,10
12.9657897949,80.1483917236,37745,37755,10
12.965180397,80.1480789185,37755,37765,10
12.964509964,80.1476898193,37765,37776,11
12.963640213,80.1472320557,37776,37786,10
12.9627399445,80.1468200684,37786,37796,10
12.9618997574,80.1463470459,37796,37806,10
12.9610900879,80.1459274292,37806,37816,10
12.9604501724,80.1456298828,37816,37826,10
12.9602298737,80.145980835,37826,37836,10
12.9601202011,80.1465911865,37836,37846,10
12.9600095749,80.1472320557,37846,37947,101
12.9600095749,80.1472320557,37947,37957,10
12.9599399567,80.1475982666,37957,37967,10
12.9597902298,80.1483230591,37967,37977,10
12.9595603943,80.1493606567,37977,37988,11
12.9589796066,80.1500930786,37988,37998,10
12.9585103989,80.1504821777,37998,38008,10
12.9584999084,80.1504821777,38008,38018,10
12.9582004547,80.150718689,38018,38028,10
12.9575595856,80.1511993408,38028,38038,10
12.9567203522,80.1518707275,38038,38048,10
12.9559001923,80.1528701782,38048,38058,10
12.955450058,80.1542816162,38058,38068,10
12.9551200867,80.1558227539,38068,38078,10
12.9548196793,80.1572799683,38078,38089,11
12.9545402527,80.1586990356,38089,38099,10
12.9544200897,80.1594009399,38099,38109,10
12.9544000626,80.1594924927,38109,38119,10
12.95429039,80.1600494385,38119,38129,10
12.954079628,80.160987854,38129,38139,10
12.9538202286,80.1622009277,38139,38149,10
12.9535198212,80.1636276245,38149,38159,10
12.9531803131,80.1651763916,38159,38169,10
12.9528398514,80.1666870117,38169,38179,10
12.952460289,80.1681289673,38179,38189,10
12.9521903992,80.1694564819,38189,38200,11
12.9520101547,80.1705627441,38200,38210,10
12.9519796371,80.1706924438,38210,38220,10
12.9518995285,80.1711730957,38220,38230,10
12.9517202377,80.1720733643,38230,38240,10
12.9514904022,80.1732788086,38240,38250,10
12.9512796402,80.1744308472,38250,38260,10
12.9512300491,80.1746902466,38260,38270,10
12.9511699677,80.1749191284,38270,38280,10
12.9510097504,80.1756210327,38280,38290,10
12.9507703781,80.1766204834,38290,38301,11
12.9504098892,80.1779937744,38301,38311,10
12.950050354,80.1794281006,38311,38321,10
12.9497804642,80.1808166504,38321,38331,10
12.9496097565,80.181678772,38331,38341,10
12.9494199753,80.1826324463,38341,38351,10
12.9492702484,80.1837310791,38351,38361,10
12.9492301941,80.1839599609,38361,38371,10
12.9492101669,80.1840896606,38371,38381,10
12.9491996765,80.1842803955,38381,38391,10
12.9491996765,80.1849212646,38391,38402,11
12.9491195679,80.185546875,38402,38412,10
12.9490604401,80.1863479614,38412,38422,10
12.9489898682,80.1872024536,38422,38432,10
12.9489002228,80.1880187988,38432,38442,10
12.9488201141,80.1889419556,38442,38452,10
12.9487304688,80.1898117065,38452,38462,10
12.9486503601,80.1907272339,38462,38472,10
12.9485797882,80.1923065186,38472,38482,10
12.948559761,80.1935272217,38482,38492,10
12.9485301971,80.1947402954,38492,38502,10
12.948559761,80.1954879761,38502,38513,11
12.9485502243,80.195640564,38513,38523,10
12.9485197067,80.1961975098,38523,38533,10
12.9484996796,80.1971206665,38533,38543,10
12.9484901428,80.1982879639,38543,38553,10
12.9485397339,80.19921875,38553,38563,10
12.9485502243,80.1995773315,38563,38573,10
12.9485397339,80.1998291016,38573,38583,10
12.9485502243,80.2005767822,38583,38593,10
12.9485702515,80.2015686035,38593,38603,10
12.9486103058,80.2027816772,38603,38614,11
12.9486703873,80.2043304443,38614,38624,10
12.9487199783,80.205909729,38624,38634,10
12.9486598969,80.2073974609,38634,38643,9
12.948559761,80.2085494995,38643,38654,11
12.9485197067,80.2093429565,38654,38664,10
12.9485197067,80.2093505859,38664,38674,10
12.9484996796,80.2095108032,38674,38684,10
12.9484901428,80.209777832,38684,38694,10
12.9484796524,80.2099380493,38694,38704,10
12.9484100342,80.2105484009,38704,38714,10
12.9484100342,80.2114562988,38714,38725,11
12.9484796524,80.2127609253,38725,38735,10
12.9486303329,80.2140579224,38735,38745,10
12.9487800598,80.2155838013,38745,38755,10
12.9489297867,80.2172393799,38755,38765,10
12.949090004,80.2188873291,38765,38775,10
12.9492502213,80.2205581665,38775,38785,10
12.9493904114,80.2221679688,38785,38795,10
12.9494695663,80.2237167358,38795,38805,10
12.9495401382,80.2253494263,38805,38815,10
12.9496202469,80.2269668579,38815,38825,10
12.9497003555,80.2285308838,38825,38836,11
12.9497804642,80.2295913696,38836,38846,10
12.949839592,80.2303771973,38846,38856,10
12.9498796463,80.230758667,38856,38866,10
12.9498901367,80.2308883667,38866,38876,10
12.9498996735,80.231048584,38876,38886,10
12.9499101639,80.2312164307,38886,38896,10
12.9499101639,80.231300354,38896,38906,10
12.949930191,80.2315292358,38906,38937,31
12.949930191,80.2315292358,38937,38947,10
12.9499502182,80.231880188,38947,38957,10
12.9499597549,80.2320022583,38957,38967,10
12.9499702454,80.2322006226,38967,39017,50
12.9499702454,80.2322006226,39017,39027,10
12.9499998093,80.2325973511,39027,39048,21
12.9499998093,80.2325973511,39048,39058,10
12.9500303268,80.2328567505,39058,39078,20
12.9500303268,80.2328567505,39078,39088,10
12.950050354,80.2330474854,39088,39098,10
12.9500598907,80.2333984375,39098,39108,10
12.9500799179,80.2336425781,39108,39118,10
12.9500799179,80.2337799072,39118,39128,10
12.9500799179,80.2340087891,39128,39139,11
12.9500799179,80.2342300415,39139,39149,10
12.9500598907,80.234413147,39149,39159,10
12.950050354,80.2345123291,39159,39169,10
12.9500303268,80.2346725464,39169,39209,40
12.9500303268,80.2346725464,39209,39219,10
12.9499797821,80.2351989746,39219,39280,61
12.9499397278,80.2355575562,39280,39330,50
12.9499397278,80.2355575562,39330,39340,10
12.9499397278,80.2358322144,39340,39351,11
12.9498100281,80.2362976074,39351,39361,10
12.9496603012,80.2371292114,39361,39371,10
12.9495897293,80.2378387451,39371,39381,10
12.9495201111,80.2382125854,39381,39391,10
12.9493999481,80.2389373779,39391,39401,10
12.9492797852,80.2395324707,39401,39411,10
12.9491796494,80.2398986816,39411,39421,10
12.9491300583,80.2402191162,39421,39451,30
12.9491300583,80.2402191162,39451,39462,11
12.9490995407,80.2404022217,39462,39472,10
12.9491996765,80.2407073975,39472,39482,10
12.9497900009,80.2409362793,39482,39492,10
12.9506597519,80.2411804199,39492,39502,10
12.9509601593,80.2412719727,39502,39512,10
12.9511299133,80.2413330078,39512,39522,10
12.9517498016,80.2415618896,39522,39532,10
12.9526796341,80.241897583,39532,39542,10
12.9535999298,80.2422485352,39542,39552,10
12.9542198181,80.2425003052,39552,39563,11
12.9549999237,80.2427825928,39563,39573,10
12.9555902481,80.2429962158,39573,39583,10
12.9561595917,80.2432022095,39583,39653,70
12.9561595917,80.2432022095,39653,39663,10
12.9565095901,80.2433929443,39663,39674,11
12.9572601318,80.2436981201,39674,39684,10
12.9582004547,80.2441101074,39684,39694,10
12.9589796066,80.2444229126,39694,39704,10
12.958990097,80.244430542,39704,39714,10
12.959280014,80.2446289063,39714,39724,10
12.9600296021,80.2449569702,39724,39734,10
12.9610700607,80.2454376221,39734,39744,10
12.9621801376,80.2459564209,39744,39754,10
12.9633197784,80.2464981079,39754,39795,41
12.9633197784,80.2464981079,39795,39805,10
12.9636297226,80.2466812134,39805,39815,10
12.9642400742,80.2469406128,39815,39825,10
12.9651298523,80.247253418,39825,39835,10
12.9660997391,80.2475814819,39835,39845,10
12.967040062,80.2479934692,39845,39865,20
12.967040062,80.2479934692,39865,39875,10
12.9674196243,80.2482223511,39875,39886,11
12.9683799744,80.2485961914,39886,39896,10
12.96971035,80.2490692139,39896,39906,10
12.9710302353,80.2495727539,39906,39916,10
12.9724502563,80.2499923706,39916,39926,10
12.9738397598,80.2503585815,39926,39936,10
12.9752101898,80.2507629395,39936,39946,10
12.9765195847,80.251121521,39946,39956,10
12.9777202606,80.2516403198,39956,39966,10
12.9786195755,80.2523269653,39966,39976,10
12.9787597656,80.2524032593,39976,39987,11
12.9798002243,80.2526016235,39987,40037,50
12.9798002243,80.2526016235,40037,40047,10
12.9798202515,80.2526397705,40047,40057,10
12.9803304672,80.2526397705,40057,40067,10
12.9811897278,80.2526321411,40067,40077,10
12.9820604324,80.2525863647,40077,40088,11
12.9828500748,80.2524871826,40088,40279,191
12.9828500748,80.2524871826,40279,40289,10
12.9832401276,80.252456665,40289,40310,21
12.9832401276,80.252456665,40310,40320,10
12.9836397171,80.2524032593,40320,40330,10
12.9843502045,80.2522125244,40330,40340,10
12.9851303101,80.251991272,40340,40350,10
12.9858102798,80.2518005371,40350,40360,10
12.986000061,80.251739502,40360,40370,10
12.9861803055,80.2516784668,40370,40380,10
12.9863901138,80.2516403198,40380,40390,10
12.9868602753,80.2515487671,40390,40400,10
12.9874200821,80.2513885498,40400,40673,273
12.9874200821,80.2513885498,40673,40683,10
12.9875202179,80.2513580322,40683,40693,10
12.9878396988,80.2513122559,40693,40703,10
12.9880199432,80.2517318726,40703,40714,11
12.9879999161,80.2527236938,40714,40724,10
12.9878797531,80.2537918091,40724,40734,10
12.9877796173,80.2549362183,40734,40825,91
12.9877796173,80.2549362183,40825,40835,10
12.9876804352,80.255279541,40835,40845,10
12.9877004623,80.2555618286,40845,40855,10
12.9876298904,80.2559585571,40855,40865,10
12.9875802994,80.2562789917,40865,40875,10
12.9875402451,80.2565536499,40875,40885,10
12.9875202179,80.257019043,40885,40895,10
12.9874696732,80.2577514648,40895,40905,10
12.9874000549,80.2585220337,40905,40915,10
12.9873399734,80.2590866089,40915,40926,11
12.9871301651,80.2595977783,40926,40966,40
12.9871301651,80.2595977783,40966,40976,10
12.9867801666,80.2596893311,40976,40986,10
12.9866800308,80.2593231201,40986,41279,293
12.9866800308,80.2593231201,41279,41289,10
12.9868297577,80.2589797974,41289,41299,10
12.9872198105,80.2590332031,41299,41309,10
12.9873104095,80.2587509155,41309,41319,10
12.9873800278,80.2579574585,41319,41329,10
12.9875001907,80.2567977905,41329,41360,31
12.9875001907,80.2567977905,41360,41370,10
12.9875402451,80.2565612793,41370,41380,10
12.987569809,80.2562866211,41380,41390,10
12.987569809,80.2559509277,41390,41400,10
12.9876804352,80.2554397583,41400,41410,10
12.987739563,80.2547225952,41410,41420,10
12.9877901077,80.253868103,41420,41430,10
12.987859726,80.2529373169,41430,41440,10
12.9879102707,80.252243042,41440,41451,11
12.9878997803,80.2521514893,41451,41461,10
12.987830162,80.2518234253,41461,41491,30
12.987830162,80.2518234253,41491,41501,10
12.9877595901,80.2516784668,41501,41511,10
12.9871702194,80.2516326904,41511,41521,10
12.9866399765,80.251739502,41521,41531,10
12.9859304428,80.2519302368,41531,41541,10
12.9848003387,80.252243042,41541,41552,11
12.9835100174,80.2525634766,41552,41562,10
12.9823598862,80.2527084351,41562,41572,10
12.9814996719,80.2527236938,41572,41582,10
12.9812402725,80.2527313232,41582,41592,10
12.9811401367,80.2527389526,41592,41602,10
12.9809799194,80.2527389526,41602,41612,10
12.9808797836,80.252746582,41612,41622,10
12.9806404114,80.2527618408,41622,41632,10
12.9804601669,80.2527618408,41632,41642,10
12.980219841,80.2527770996,41642,41652,10
12.9798402786,80.252746582,41652,41663,11
12.9791698456,80.2526779175,41663,41673,10
12.9784803391,80.2525405884,41673,41683,10
12.9783601761,80.2524871826,41683,41693,10
12.9782495499,80.2524108887,41693,41703,10
12.9776802063,80.2518997192,41703,41713,10
12.9766302109,80.2512817383,41713,41723,10
12.9752197266,80.2508773804,41723,41733,10
12.9741296768,80.250579834,41733,41743,10
12.9731798172,80.2503128052,41743,41753,10
12.9724197388,80.2501373291,41753,41764,11
12.9714202881,80.2498626709,41764,41774,10
12.9702596664,80.2495498657,41774,41784,10
12.9690303802,80.2490997314,41784,41794,10
12.9678602219,80.2486572266,41794,41804,10
12.967040062,80.2482833862,41804,41814,10
12.9666500092,80.2480621338,41814,41824,10
12.9661502838,80.2478179932,41824,41834,10
12.9651203156,80.2474594116,41834,41864,30
12.9651203156,80.2474594116,41864,41875,11
12.9648704529,80.2472991943,41875,41885,10
12.9637403488,80.2468719482,41885,41905,20
12.9637403488,80.2468719482,41905,41915,10
12.9635896683,80.2468185425,41915,41925,10
12.9631595612,80.2466125488,41925,41935,10
12.9622802734,80.2461700439,41935,41945,10
12.9610500336,80.24559021,41945,41955,10
12.9597396851,80.245010376,41955,41965,10
12.9592599869,80.2448272705,41965,41976,11
12.9590301514,80.244720459,41976,41986,10
12.9582996368,80.2444000244,41986,41996,10
12.9574804306,80.2440872192,41996,42006,10
12.9571504593,80.2439880371,42006,42016,10
12.9570903778,80.2439575195,42016,42026,10
12.9569797516,80.2439193726,42026,42036,10
12.9567298889,80.243850708,42036,42066,30
12.9567298889,80.243850708,42066,42077,11
12.9565601349,80.2437973022,42077,42087,10
12.9563798904,80.2437210083,42087,42097,10
12.9561796188,80.243637085,42097,42107,10
12.9555196762,80.2432403564,42107,42117,10
12.9544696808,80.2427597046,42117,42127,10
12.9531698227,80.2422180176,42127,42137,10
12.9519300461,80.2417602539,42137,42147,10
12.9516296387,80.2416687012,42147,42157,10
12.951259613,80.2415084839,42157,42167,10
12.9503898621,80.2412414551,42167,42177,10
12.9495801926,80.2409973145,42177,42188,11
12.9492197037,80.2408599854,42188,42238,50
12.9492197037,80.2408599854,42238,42248,10
12.9490299225,80.2407989502,42248,42258,10
12.9489002228,80.2402801514,42258,42268,10
12.9491300583,80.2393798828,42268,42278,10
12.9491596222,80.2392730713,42278,42289,11
12.9492301941,80.2391204834,42289,42299,10
12.9494104385,80.2384719849,42299,42309,10
12.9494695663,80.237953186,42309,42319,10
12.9494800568,80.2378463745,42319,42329,10
12.949549675,80.2374572754,42329,42339,10
12.9496803284,80.2366104126,42339,42349,10
12.949760437,80.2359008789,42349,42359,10
12.9497699738,80.235786438,42359,42369,10
12.9498596191,80.235168457,42369,42379,10
12.9499797821,80.234161377,42379,42389,10
12.9499797821,80.2337493896,42389,42400,11
12.9499797821,80.2334823608,42400,42410,10
12.9499502182,80.2326965332,42410,42420,10
12.9498596191,80.2315216064,42420,42430,10
12.949760437,80.2300872803,42430,42440,10
12.949640274,80.2283630371,42440,42450,10
12.9495601654,80.2264022827,42450,42460,10
12.9494695663,80.2244415283,42460,42470,10
12.949379921,80.2224807739,42470,42480,10
12.9492301941,80.2205429077,42480,42490,10
12.9490404129,80.2186431885,42490,42501,11
12.9488296509,80.2165374756,42501,42511,10
12.9486398697,80.2146377563,42511,42521,10
12.9484596252,80.2127609253,42521,42531,10
12.9483995438,80.2111816406,42531,42541,10
12.9483699799,80.2099761963,42541,42551,10
12.9484500885,80.2093429565,42551,42561,10
12.9484996796,80.2086791992,42561,42571,10
12.9484996796,80.2086715698,42571,42581,10
12.9485502243,80.2083587646,42581,42591,10
12.9486103058,80.2075576782,42591,42602,11
12.9486999512,80.2062835693,42602,42612,10
12.948679924,80.2048721313,42612,42622,10
12.9486503601,80.20337677,42622,42632,10
12.9485797882,80.2018127441,42632,42642,10
12.9485301971,80.2002182007,42642,42652,10
12.9484796524,80.1989898682,42652,42662,10
12.9484701157,80.1987533569,42662,42672,10
12.9484596252,80.1982269287,42672,42682,10
12.9484701157,80.1973190308,42682,42692,10
12.9484901428,80.1960983276,42692,42702,10
12.9484796524,80.1955032349,42702,42713,11
12.9484901428,80.1952209473,42713,42723,10
12.9484996796,80.194442749,42723,42733,10
12.9485197067,80.193359375,42733,42743,10
12.9485702515,80.1920089722,42743,42753,10
12.9486398697,80.1904907227,42753,42763,10
12.9487495422,80.189239502,42763,42773,10
12.9488697052,80.1879425049,42773,42783,10
12.948969841,80.1867370605,42783,42793,10
12.9489402771,80.185256958,42793,42864,71
12.9489402771,80.185256958,42864,42874,10
12.9490098953,80.1850814819,42874,42884,10
12.9491100311,80.1844787598,42884,42894,10
12.9491500854,80.1840209961,42894,42904,10
12.9491596222,80.1839523315,42904,42914,10
12.9492502213,80.1834182739,42914,42925,11
12.9494104385,80.1824188232,42925,42935,10
12.9495801926,80.1814727783,42935,42945,10
12.9496803284,80.1809387207,42945,42955,10
12.9498195648,80.1801681519,42955,42965,10
12.9500398636,80.179107666,42965,42975,10
12.9503602982,80.1779403687,42975,42985,10
12.9506998062,80.1766433716,42985,42995,10
12.9510002136,80.175239563,42995,43005,10
12.9511804581,80.1743087769,43005,43015,10
12.9512300491,80.1741333008,43015,43026,11
12.9513902664,80.1734008789,43026,43036,10
12.9515800476,80.1723327637,43036,43046,10
12.9518299103,80.1710510254,43046,43056,10
12.9520902634,80.1695327759,43056,43066,10
12.9524297714,80.1678314209,43066,43076,10
12.952870369,80.1661682129,43076,43086,10
12.953209877,80.1645965576,43086,43096,10
12.9535198212,80.1632385254,43096,43106,10
12.9539403915,80.1611480713,43106,43116,10
12.9543399811,80.1590881348,43116,43137,21
12.9543399811,80.1590881348,43137,43147,10
12.9544200897,80.1587219238,43147,43157,10
12.954460144,80.1585006714,43157,43167,10
12.9545898438,80.157913208,43167,43177,10
12.9547996521,80.1569366455,43177,43187,10
12.9550695419,80.1557006836,43187,43197,10
12.9553699493,80.1543731689,43197,43207,10
12.9557199478,80.1531295776,43207,43217,10
12.9563798904,80.1520080566,43217,43227,10
12.9571399689,80.1513519287,43227,43238,11
12.9578800201,80.1507415771,43238,43248,10
12.9584999084,80.1502380371,43248,43258,10
12.9587402344,80.1500320435,43258,43268,10
12.9590597153,80.1498184204,43268,43278,10
12.9595098495,80.1491470337,43278,43288,10
12.9597101212,80.1482620239,43288,43298,10
12.9598999023,80.1473236084,43298,43308,10
12.9601402283,80.1462402344,43308,43318,10
12.9602603912,80.1456375122,43318,43328,10
12.9601097107,80.145362854,43328,43339,11
12.9593400955,80.1449737549,43339,43349,10
12.9582901001,80.1444091797,43349,43359,10
12.9572401047,80.1438369751,43359,43369,10
12.9563398361,80.1433410645,43369,43379,10
12.9558401108,80.1430206299,43379,43389,10
12.9549198151,80.142539978,43389,43399,10
12.953909874,80.1420211792,43399,43409,10
12.9534797668,80.1417770386,43409,43419,10
12.9533395767,80.141708374,43419,43429,10
12.9529600143,80.1415176392,43429,43439,10
12.952580452,80.1412734985,43439,43450,11
12.9520998001,80.1409072876,43450,43460,10
12.951669693,80.1406097412,43460,43470,10
12.9516201019,80.1405792236,43470,43480,10
12.9512796402,80.1403198242,43480,43490,10
12.950920105,80.1400299072,43490,43500,10
12.9507102966,80.1398620605,43500,43510,10
12.9502401352,80.1395187378,43510,43520,10
12.9495801926,80.138961792,43520,43530,10
12.9487600327,80.1382522583,43530,43540,10
12.9479398727,80.1376800537,43540,43551,11
12.9473896027,80.1372909546,43551,43561,10
12.9467401505,80.136756897,43561,43571,10
12.945810318,80.1360397339,43571,43581,10
12.9448699951,80.135307312,43581,43591,10
12.9440002441,80.1346206665,43591,43601,10
12.9430799484,80.1339187622,43601,43611,10
12.9425697327,80.1334609985,43611,43621,10
12.9424200058,80.1333084106,43621,43631,10
12.9421195984,80.1329498291,43631,43641,10
12.9415597916,80.1324005127,43641,43651,10
12.9409103394,80.1317214966,43651,43662,11
12.9400997162,80.1308670044,43662,43672,10
12.9393196106,80.1300811768,43672,43682,10
12.9385004044,80.1293792725,43682,43692,10
12.9379901886,80.1290206909,43692,43702,10
12.9375896454,80.1286468506,43702,43712,10
12.9374198914,80.1285018921,43712,43722,10
12.9371995926,80.1282806396,43722,43732,10
12.9370002747,80.1280975342,43732,43752,20
12.9370002747,80.1280975342,43752,43763,11
12.9367799759,80.1279525757,43763,43773,10
12.9362897873,80.1275177002,43773,43783,10
12.9357795715,80.1270599365,43783,43793,10
12.9351902008,80.1264801025,43793,43803,10
12.9342603683,80.1256103516,43803,43813,10
12.9331502914,80.1245269775,43813,43822,9
12.9322900772,80.1236724854,43822,43833,11
12.9318704605,80.1232910156,43833,43843,10
12.9317798615,80.1232070923,43843,43853,10
12.9314403534,80.1228027344,43853,43864,11
12.9308395386,80.1221618652,43864,43874,10
12.9302501678,80.1215896606,43874,43884,10
12.9295196533,80.1208572388,43884,43894,10
12.9287996292,80.1201019287,43894,43944,50
12.9287996292,80.1201019287,43944,43954,10
12.9286499023,80.1200332642,43954,43964,10
12.9284000397,80.1197814941,43964,43995,31
12.9284000397,80.1197814941,43995,44005,10
12.9282598495,80.1196517944,44005,44015,10
12.9281997681,80.1195907593,44015,44025,10
12.9280500412,80.119468689,44025,44035,10
12.9278898239,80.1193084717,44035,44045,10
12.9277095795,80.1191177368,44045,44076,31
12.9277095795,80.1191177368,44076,44086,10
12.9275102615,80.1188583374,44086,44096,10
12.9274501801,80.1187896729,44096,44106,10
12.9272699356,80.1186294556,44106,44116,10
12.9271202087,80.1184768677,44116,44156,40
12.9271202087,80.1184768677,44156,44166,10
12.92689991,80.1181793213,44166,44176,10
12.926659584,80.1179504395,44176,44187,11
12.926609993,80.1179122925,44187,44197,10
12.9265003204,80.117767334,44197,44207,10
12.9262304306,80.1175079346,44207,44217,10
12.9258298874,80.1173019409,44217,44227,10
12.9257698059,80.1172409058,44227,44237,10
12.9257001877,80.1171875,44237,44247,10
12.9253797531,80.116859436,44247,44257,10
12.9248800278,80.1163406372,44257,44267,10
12.9243402481,80.1157913208,44267,44277,10
12.924079895,80.1155395508,44277,44288,11
12.9239597321,80.1150588989,44288,44298,10
12.9243202209,80.115272522,44298,44308,10
12.9248695374,80.1158370972,44308,44318,10
12.925620079,80.116607666,44318,44328,10
12.9261598587,80.1172637939,44328,44368,40
12.9261598587,80.1172637939,44368,44378,10
12.9264297485,80.1175765991,44378,44388,10
12.9266395569,80.1177902222,44388,44439,51
12.9270000458,80.1179580688,44439,44500,61
12.9272298813,80.1182632446,44500,44530,30
12.9272899628,80.1184234619,44530,44550,20
12.9272899628,80.1184234619,44550,44560,10
12.9274597168,80.1186294556,44560,44570,10
12.9280195236,80.1192016602,44570,44580,10
12.9286499023,80.1197814941,44580,44621,41
12.9286499023,80.1197814941,44621,44631,10
12.9288902283,80.1200332642,44631,44641,10
12.9292697906,80.1204223633,44641,44651,10
12.9296503067,80.1208114624,44651,44661,10
12.9298095703,80.1209564209,44661,44671,10
12.9300699234,80.1212310791,44671,44681,10
12.9305000305,80.1216201782,44681,44691,10
12.9308900833,80.1219482422,44691,44701,10
12.9311599731,80.1221923828,44701,44712,11
12.9312601089,80.1223068237,44712,44722,10
12.9314203262,80.1224365234,44722,44732,10
12.9316501617,80.1226806641,44732,44742,10
12.9318504333,80.1229705811,44742,44752,10
12.9323997498,80.1235427856,44752,44762,10
12.9331798553,80.1243286133,44762,44772,10
12.9340896606,80.1252365112,44772,44782,10
12.9356803894,80.1265182495,44782,44802,20
12.9356803894,80.1265182495,44802,44813,11
12.9357595444,80.1266174316,44813,44823,10
12.9360303879,80.1268920898,44823,44833,10
12.9364099503,80.127281189,44833,44843,10
12.936829567,80.1276321411,44843,44853,10
12.9373397827,80.1280593872,44853,44863,10
12.9379501343,80.128578186,44863,44873,10
12.9388504028,80.1293563843,44873,44883,10
12.939740181,80.1301803589,44883,44893,10
12.9406099319,80.1310806274,44893,44903,10
12.9414997101,80.1320571899,44903,44913,10
12.9424200058,80.1329879761,44913,44924,11
12.943400383,80.1340026855,44924,44934,10
12.9441299438,80.1346130371,44934,44944,10
12.9448003769,80.1351623535,44944,44954,10
12.9457597733,80.1359100342,44954,44964,10
12.9467601776,80.136680603,44964,44974,10
12.9474496841,80.1371612549,44974,44985,11
12.9479398727,80.1375427246,44985,44995,10
12.948800087,80.1381530762,44995,45005,10
12.9498195648,80.138923645,45005,45015,10
12.9503803253,80.1393203735,45015,45026,11
12.9510402679,80.1397628784,45026,45046,20
12.9510402679,80.1397628784,45046,45056,10
12.9512500763,80.1399230957,45056,45076,20
12.9512500763,80.1399230957,45076,45086,10
12.9513196945,80.1399993896,45086,45096,10
12.951669693,80.1402206421,45096,45106,10
12.9518404007,80.1403274536,45106,45116,10
12.9520797729,80.1406936646,45116,45127,11
12.952750206,80.1412506104,45127,45137,10
12.9534797668,80.1417236328,45137,45147,10
12.9543104172,80.1421432495,45147,45157,10
12.9552898407,80.1426010132,45157,45167,10
12.9559698105,80.1429595947,45167,45177,10
12.9565601349,80.1432876587,45177,45187,10
12.9572896957,80.1436920166,45187,45197,10
12.9581003189,80.1440963745,45197,45207,10
12.9589395523,80.1445083618,45207,45217,10
12.9595403671,80.144821167,45217,45227,10
12.9600696564,80.1451187134,45227,45238,11
12.9605798721,80.1454620361,45238,45248,10
12.9603204727,80.1459121704,45248,45258,10
12.9601202011,80.1467590332,45258,45268,10
12.9598503113,80.1478881836,45268,45278,10
12.9595499039,80.149269104,45278,45287,9
12.958990097,80.1500778198,45287,45298,11
12.9585800171,80.1504211426,45298,45308,10
12.9585103989,80.1504821777,45308,45318,10
12.9580497742,80.1508178711,45318,45328,10
12.9573001862,80.1514129639,45328,45339,11
12.9562702179,80.1522979736,45339,45349,10
12.9555902481,80.1536407471,45349,45359,10
12.9552402496,80.1551132202,45359,45369,10
12.954990387,80.1564331055,45369,45379,10
12.9546604156,80.1579437256,45379,45389,10
12.9544897079,80.1588821411,45389,45419,30
12.9544897079,80.1588821411,45419,45429,10
12.9545001984,80.1589813232,45429,45439,10
12.9543600082,80.1595611572,45439,45450,11
12.9541501999,80.1605834961,45450,45460,10
12.9538803101,80.1617965698,45460,45470,10
12.9535598755,80.163269043,45470,45480,10
12.9531898499,80.1649169922,45480,45490,10
12.9527997971,80.1666717529,45490,45500,10
12.9523096085,80.1685333252,45500,45510,10
12.9520597458,80.169921875,45510,45520,10
12.95195961,80.1707077026,45520,45530,10
12.951880455,80.1710586548,45530,45540,10
12.9517402649,80.1718826294,45540,45551,11
12.9515104294,80.1731185913,45551,45561,10
12.9512796402,80.174369812,45561,45571,10
12.9511604309,80.1750488281,45571,45581,10
12.950920105,80.1760101318,45581,45591,10
12.9506196976,80.1772003174,45591,45601,10
12.9502496719,80.1785888672,45601,45611,10
12.9498996735,80.1801605225,45611,45621,10
12.949669838,80.1814575195,45621,45631,10
12.9494695663,80.1825714111,45631,45641,10
12.9492902756,80.1837615967,45641,45651,10
12.949259758,80.1839904785,45651,45662,11
12.9492702484,80.1840286255,45662,45672,10
12.9492197037,80.1845092773,45672,45682,10
12.9492301941,80.185218811,45682,45692,10
12.9491701126,80.1854019165,45692,45702,10
12.9490995407,80.1859588623,45702,45712,10
12.9490499496,80.1867980957,45712,45722,10
12.9489603043,80.1877365112,45722,45732,10
12.9488697052,80.1888427734,45732,45742,10
12.9487400055,80.1901397705,45742,45752,10
12.9486398697,80.1914291382,45752,45763,11
12.9485797882,80.1932678223,45763,45773,10
12.948559761,80.194480896,45773,45783,10
12.948559761,80.1953125,45783,45793,10
12.948559761,80.1955032349,45793,45803,10
12.9485502243,80.1955566406,45803,45813,10
12.9485197067,80.1960678101,45813,45823,10
12.9484996796,80.1969528198,45823,45833,10
12.9484996796,80.1980895996,45833,45843,10
12.948559761,80.1991882324,45843,45853,10
12.9485702515,80.1995773315,45853,45863,10
12.9485797882,80.1996078491,45863,45874,11
12.9485998154,80.2000579834,45874,45884,10
12.9486198425,80.200881958,45884,45894,10
12.9486398697,80.2019424438,45894,45904,10
12.9486703873,80.2032012939,45904,45914,10
12.9487104416,80.2046203613,45914,45924,10
12.9487304688,80.206161499,45924,45934,10
12.9486904144,80.2074432373,45934,45944,10
12.9485797882,80.2085266113,45944,45954,10
12.9485397339,80.2093887329,45954,45975,21
12.9485397339,80.2093887329,45975,45985,10
12.9485397339,80.209487915,45985,45995,10
12.9484996796,80.2098922729,45995,46005,10
12.9484395981,80.2102127075,46005,46015,10
12.9483995438,80.2108764648,46015,46025,10
12.9484100342,80.2118301392,46025,46034,9
12.9484701157,80.2129211426,46034,46045,11
12.9486103058,80.2144012451,46045,46055,10
12.9487495422,80.2158584595,46055,46065,10
12.9489097595,80.217376709,46065,46075,10
12.9490699768,80.2189788818,46075,46086,11
12.949259758,80.2208404541,46086,46096,10
12.9493904114,80.2225570679,46096,46106,10
12.9494800568,80.224281311,46106,46116,10
12.9495601654,80.226020813,46116,46126,10
12.9496498108,80.2277526855,46126,46136,10
12.9497203827,80.2291412354,46136,46146,10
12.9498701096,80.2312011719,46146,46156,10
12.9500198364,80.2331390381,46156,46176,20
12.9500198364,80.2331390381,46176,46187,11
12.9500198364,80.2331924438,46187,46197,10
12.9500303268,80.2336883545,46197,46207,10
12.9500102997,80.2344970703,46207,46217,10
12.949930191,80.2357406616,46217,46257,40
12.949930191,80.2357406616,46257,46267,10
12.9499101639,80.236000061,46267,46277,10
12.9497995377,80.2366409302,46277,46287,10
12.949669838,80.237487793,46287,46298,11
12.9496002197,80.237991333,46298,46308,10
12.9494800568,80.2386703491,46308,46318,10
12.949259758,80.239616394,46318,46328,10
12.9491100311,80.2403564453,46328,46358,30
12.9491100311,80.2403564453,46358,46368,10
12.9491901398,80.2406768799,46368,46378,10
12.9497499466,80.2409591675,46378,46388,10
12.9506196976,80.2412185669,46388,46399,11
12.9511098862,80.2413635254,46399,46409,10
12.9511604309,80.2413864136,46409,46419,10
12.9516096115,80.2415771484,46419,46429,10
12.9523200989,80.2418289185,46429,46439,10
12.9528598785,80.2420425415,46439,46449,10
12.9536800385,80.2423477173,46449,46459,10
12.9543600082,80.2426223755,46459,46469,10
12.9551401138,80.2428970337,46469,46479,10
12.9559602737,80.2431793213,46479,46489,10
12.9563798904,80.2433166504,46489,46500,11
12.956489563,80.243347168,46500,46510,10
12.9570398331,80.2436294556,46510,46520,10
12.9578800201,80.2440185547,46520,46530,10
12.958729744,80.2443466187,46530,46540,10
12.9588298798,80.2444000244,46540,46550,10
12.9591598511,80.2446136475,46550,46560,10
12.9598197937,80.2449035645,46560,46570,10
12.9607200623,80.2453308105,46570,46580,10
12.9617595673,80.2458190918,46580,46590,10
12.9626502991,80.2462768555,46590,46600,10
12.9631004333,80.2465591431,46600,46631,31
12.9631004333,80.2465591431,46631,46641,10
12.9635696411,80.2467575073,46641,46651,10
12.9641199112,80.2469787598,46651,46661,10
12.9648399353,80.2472229004,46661,46671,10
12.9656896591,80.2475204468,46671,46681,10
12.9668102264,80.2479629517,46681,46701,20
12.9668102264,80.2479629517,46701,46712,11
12.9670600891,80.2480926514,46712,46722,10
12.9676198959,80.2483825684,46722,46732,10
12.9686098099,80.2487564087,46732,46742,10
12.9698495865,80.2492294312,46742,46752,10
12.9710998535,80.2496795654,46752,46762,10
12.9724197388,80.2500305176,46762,46772,10
12.9738101959,80.2503890991,46772,46782,10
12.9752397537,80.2508087158,46782,46792,10
12.9766302109,80.2511901855,46792,46802,10
12.9778699875,80.2518386841,46802,46812,10
12.9785900116,80.2523727417,46812,46823,11
12.9787302017,80.2524414063,46823,46833,10
12.9793996811,80.2526092529,46833,46843,10
12.9803695679,80.2526626587,46843,46853,10
12.9812402725,80.2526397705,46853,46863,10
12.9822597504,80.2526016235,46863,46873,10
12.9834098816,80.2524871826,46873,46883,10
12.9843597412,80.252243042,46883,46893,10
12.9853696823,80.251953125,46893,46974,81
12.9853696823,80.251953125,46974,46984,10
12.9855203629,80.2518997192,46984,46994,10
12.9856901169,80.2518463135,46994,47004,10
12.9860401154,80.2517471313,47004,47014,10
12.9864301682,80.251663208,47014,47024,10
12.9872903824,80.2514190674,47024,47156,132
12.9872903824,80.2514190674,47156,47166,10
12.9875202179,80.251411438,47166,47176,10
12.9878702164,80.2514572144,47176,47186,10
12.9879903793,80.251953125,47186,47196,10
12.9880399704,80.2521820068,47196,47206,10
12.9879903793,80.2526092529,47206,47216,10
12.9878902435,80.25340271,47216,47226,10
12.9877996445,80.2544403076,47226,47237,11
12.9876899719,80.2557067871,47237,47378,141
12.9876899719,80.2557067871,47378,47388,10
12.9875898361,80.2558364868,47388,47398,10
12.9875297546,80.2562179565,47398,47408,10
12.9875001907,80.2567367554,47408,47418,10
12.9873800278,80.2574081421,47418,47428,10
12.9872903824,80.2583084106,47428,47438,10
12.9871902466,80.2585372925,47438,47499,61
12.9871902466,80.2585372925,47499,47509,10
12.9869003296,80.2585296631,47509,47650,141
12.9869003296,80.2585296631,47650,47661,11
12.9868001938,80.2588577271,47661,48246,585
12.986989975,80.2591705322,48246,48297,51
12.986989975,80.2591705322,48297,48307,10
12.9873104095,80.2590789795,48307,48317,10
12.9873304367,80.258972168,48317,48327,10
12.9873504639,80.2585678101,48327,48337,10
12.9873504639,80.2581863403,48337,48347,10
12.9873600006,80.2580566406,48347,48357,10
12.9873695374,80.2578201294,48357,48367,10
12.9874200821,80.2574234009,48367,48377,10
12.9874401093,80.2567596436,48377,48388,11
12.9875202179,80.2559204102,48388,48478,90
12.9875202179,80.2559204102,48478,48488,10
12.9877195358,80.2555236816,48488,48499,11
12.987739563,80.2548370361,48499,48519,20
12.987739563,80.2548370361,48519,48529,10
12.9877300262,80.2544021606,48529,48539,10
12.9878101349,80.2537536621,48539,48549,10
12.9878702164,80.2529296875,48549,48559,10
12.9878797531,80.2520523071,48559,48569,10
12.987660408,80.2515869141,48569,48600,31
12.987660408,80.2515869141,48600,48610,10
12.9874601364,80.2515792847,48610,48620,10
12.9871797562,80.2516021729,48620,48630,10
12.9869403839,80.2516174316,48630,48640,10
12.9865102768,80.251739502,48640,48650,10
12.9859800339,80.2518920898,48650,48660,10
12.9853696823,80.2520599365,48660,48670,10
12.9847002029,80.2522277832,48670,48680,10
12.9840297699,80.2524185181,48680,48690,10
12.983499527,80.2525634766,48690,48741,51
12.983499527,80.2525634766,48741,48751,10
12.983130455,80.2526321411,48751,48761,10
12.9826402664,80.2526779175,48761,48771,10
12.982049942,80.2526931763,48771,48781,10
12.9812602997,80.2526931763,48781,48791,10
12.980340004,80.2527389526,48791,48802,11
12.9792804718,80.2527008057,48802,48812,10
12.9785604477,80.2526016235,48812,48822,10
12.9785003662,80.2525634766,48822,48832,10
12.9783401489,80.2524490356,48832,48842,10
12.9778795242,80.2520675659,48842,48852,10
12.9771499634,80.2514801025,48852,48862,10
12.976099968,80.2510986328,48862,48872,10
12.9748802185,80.2507476807,48872,48882,10
12.97356987,80.2503814697,48882,48892,10
12.9722003937,80.2500228882,48892,48902,10
12.9708003998,80.2496337891,48902,48913,11
12.9693002701,80.2490921021,48913,48923,10
12.9680099487,80.248588562,48923,48933,10
12.9670600891,80.2481765747,48933,48943,10
12.9663200378,80.2478179932,48943,48953,10
12.9650497437,80.2473831177,48953,48973,20
12.9650497437,80.2473831177,48973,48983,10
12.9649801254,80.2473373413,48983,48993,10
12.9646196365,80.2471923828,48993,49003,10
12.9640102386,80.2469482422,49003,49014,11
12.9631795883,80.2465820313,49014,49024,10
12.9623003006,80.2461395264,49024,49034,10
12.9613800049,80.2456893921,49034,49044,10
12.9604301453,80.2452392578,49044,49054,10
12.9596595764,80.2449264526,49054,49064,10
12.9593801498,80.2447967529,49064,49074,10
12.9593095779,80.2447662354,49074,49084,10
12.9588899612,80.2445526123,49084,49094,10
12.9582004547,80.2442398071,49094,49104,10
12.9575595856,80.2439880371,49104,49114,10
12.9565095901,80.2435836792,49114,49165,51
12.9565095901,80.2435836792,49165,49175,10
12.9560403824,80.2434234619,49175,49185,10
12.9553499222,80.2431106567,49185,49195,10
12.9546699524,80.2428207397,49195,49205,10
12.9538202286,80.242477417,49205,49215,10
12.953209877,80.2422332764,49215,49226,11
12.9525203705,80.2419586182,49226,49236,10
12.9516496658,80.2416610718,49236,49266,30
12.9516496658,80.2416610718,49266,49276,10
12.951499939,80.241569519,49276,49286,10
12.9510202408,80.2414016724,49286,49296,10
12.950340271,80.2411727905,49296,49306,10
12.9496603012,80.2409591675,49306,49316,10
12.9490604401,80.2407608032,49316,49367,51
12.9490604401,80.2407608032,49367,49377,10
12.9490003586,80.2407073975,49377,49387,10
12.9489002228,80.2404632568,49387,49397,10
12.9490699768,80.2398605347,49397,49407,10
12.9491901398,80.2393188477,49407,49417,10
12.9491996765,80.2393112183,49417,49427,10
12.9492397308,80.2392578125,49427,49438,11
12.9493999481,80.2388000488,49438,49448,10
12.9495201111,80.238067627,49448,49458,10
12.9496297836,80.2373199463,49458,49468,10
12.9497203827,80.2365570068,49468,49478,10
12.9497804642,80.2359771729,49478,49488,10
12.9497804642,80.2358398438,49488,49498,10
12.9498596191,80.2353134155,49498,49508,10
12.9499797821,80.2345428467,49508,49518,10
12.9499702454,80.2338409424,49518,49528,10
12.9499597549,80.2338180542,49528,49538,10
12.9499502182,80.2337188721,49538,49549,11
12.9499597549,80.2330780029,49549,49559,10
12.9499197006,80.2321777344,49559,49569,10
12.9498596191,80.2311096191,49569,49579,10
12.9497900009,80.2298965454,49579,49589,10
12.9497203827,80.2285690308,49589,49599,10
12.9496498108,80.2271728516,49599,49609,10
12.9495801926,80.2257232666,49609,49619,10
12.9495000839,80.2241973877,49619,49629,10
12.9494304657,80.22265625,49629,49639,10
12.9493398666,80.2212600708,49639,49650,11
12.9491701126,80.2193908691,49650,49660,10
12.9490098953,80.2177963257,49660,49670,10
12.948849678,80.2161712646,49670,49680,10
12.948679924,80.2145385742,49680,49690,10
12.9485301971,80.2128829956,49690,49700,10
12.9484500885,80.2113418579,49700,49710,10
12.9484100342,80.2101974487,49710,49720,10
12.9484195709,80.2095336914,49720,49730,10
12.9484996796,80.2086105347,49730,49751,21
12.9484996796,80.2086105347,49751,49761,10
12.9485197067,80.2085723877,49761,49771,10
12.9485397339,80.2081832886,49771,49781,10
12.9486103058,80.2074203491,49781,49791,10
12.948679924,80.2065124512,49791,49801,10
12.9487199783,80.2054519653,49801,49811,10
12.9486904144,80.2042617798,49811,49821,10
12.9486398697,80.2030410767,49821,49831,10
12.9486103058,80.2017822266,49831,49840,9
12.9485797882,80.2005996704,49840,49851,11
12.9485301971,80.1994781494,49851,49862,11
12.9484996796,80.1988983154,49862,49872,10
12.9484996796,80.1988830566,49872,49882,10
12.9484901428,80.1985702515,49882,49892,10
12.9484796524,80.1979598999,49892,49902,10
12.9484796524,80.1971206665,49902,49912,10
12.9484901428,80.195602417,49912,49932,20
12.9484901428,80.195602417,49932,49942,10
12.9484901428,80.1954269409,49942,49952,10
12.94851017,80.1949005127,49952,49963,11
12.9485397339,80.1941680908,49963,49973,10
12.9485702515,80.1929473877,49973,49983,10
12.9486198425,80.1917572021,49983,49993,10
12.948679924,80.1904830933,49993,50003,10
12.9488096237,80.1891784668,50003,50013,10
12.9488897324,80.1879730225,50013,50023,10
12.9489898682,80.1870574951,50023,50033,10
12.9490003586,80.1853179932,50033,50134,101
12.9490003586,80.1853179932,50134,50144,10
12.9490098953,80.1852035522,50144,50154,10
12.9490804672,80.1847305298,50154,50164,10
12.9491796494,80.1838531494,50164,50185,21
12.9491796494,80.1838531494,50185,50195,10
12.9492301941,80.18359375,50195,50205,10
12.9493198395,80.1828765869,50205,50215,10
12.9495000839,80.1818695068,50215,50225,10
12.9496898651,80.1807785034,50225,50235,10
12.9498796463,80.1798400879,50235,50245,10
12.9502401352,80.1782913208,50245,50255,10
12.9505901337,80.1770095825,50255,50265,10
12.9509401321,80.1755828857,50265,50275,10
12.9511804581,80.1743392944,50275,50286,11
12.9512195587,80.1741027832,50286,50296,10
12.9512996674,80.1737823486,50296,50306,10
12.9514598846,80.1730804443,50306,50316,10
12.9516296387,80.17212677,50316,50326,10
12.9517602921,80.1713409424,50326,50336,10
12.9518299103,80.1709976196,50336,50346,10
12.9519901276,80.1702270508,50346,50356,10
12.952170372,80.1691970825,50356,50366,10
12.9524297714,80.168006897,50366,50376,10
12.9527702332,80.1667022705,50376,50387,11
12.9531402588,80.1651077271,50387,50397,10
12.9534797668,80.1635894775,50397,50407,10
12.9538202286,80.1620025635,50407,50417,10
12.9541397095,80.1603775024,50417,50427,10
12.9544000626,80.1590194702,50427,50437,10
12.9544696808,80.1585922241,50437,50447,10
12.9544801712,80.1585388184,50447,50457,10
12.9545698166,80.1581420898,50457,50467,10
12.954750061,80.1573867798,50467,50477,10
12.9549598694,80.1564178467,50477,50488,11
12.9552297592,80.1551437378,50488,50498,10
12.9554796219,80.153968811,50498,50508,10
12.9559202194,80.1526412964,50508,50518,10
12.956990242,80.1514587402,50518,50528,10
12.9579000473,80.150718689,50528,50538,10
12.958609581,80.1501235962,50538,50548,10
12.9587402344,80.1500091553,50548,50558,10
12.958990097,80.149848938,50558,50568,10
12.9594202042,80.1493911743,50568,50578,10
12.9596395493,80.1486282349,50578,50588,10
12.9598197937,80.1477813721,50588,50599,11
12.9600200653,80.1468582153,50599,50609,10
12.9602003098,80.1459884644,50609,50619,10
12.9602804184,80.1455383301,50619,50629,10
12.9602603912,80.1452026367,50629,50639,10
12.9607200623,80.1453170776,50639,50649,10
12.9613895416,80.1456985474,50649,50659,10
12.9621496201,80.1461410522,50659,50669,10
12.9630002975,80.1466217041,50669,50679,10
12.9638595581,80.1471862793,50679,50688,9
12.9647197723,80.1477127075,50688,50700,12
12.9659099579,80.1483612061,50700,50710,10
12.9667301178,80.1487808228,50710,50720,10
12.9672403336,80.149017334,50720,50730,10
12.9672803879,80.1490402222,50730,50740,10
12.96737957,80.1490936279,50740,50750,10
12.9677696228,80.1492919922,50750,50760,10
12.9682502747,80.1494979858,50760,50790,30
12.9682502747,80.1494979858,50790,50800,10
12.9685096741,80.1496200562,50800,50811,11
12.9689502716,80.1498413086,50811,50821,10
12.9694700241,80.1500778198,50821,50831,10
12.9697504044,80.1502227783,50831,50841,10
12.9703502655,80.1505126953,50841,50851,10
12.9710998535,80.1508789063,50851,50861,10
12.9719104767,80.1512832642,50861,50871,10
12.9725399017,80.1518478394,50871,50881,10
12.9729700089,80.1524429321,50881,50891,10
12.9733200073,80.1529388428,50891,50912,21
12.9733200073,80.1529388428,50912,50922,10
12.9731798172,80.1530838013,50922,50932,10
12.9729204178,80.1526412964,50932,50942,10
12.9724998474,80.1520004272,50942,50952,10
12.9719104767,80.1513595581,50952,50962,10
12.9711303711,80.1509475708,50962,50972,10
12.9703798294,80.1505966187,50972,50982,10
12.9697303772,80.1503067017,50982,50992,10
12.9692602158,80.150138855,50992,51012,20
12.9692602158,80.150138855,51012,51023,11
12.96916008,80.1500091553,51023,51033,10
12.9688997269,80.1498718262,51033,51043,10
12.96833992,80.1495895386,51043,51053,10
12.9679899216,80.1494522095,51053,51063,10
12.9676504135,80.1493377686,51063,51073,10
12.9675703049,80.1492996216,51073,51083,10
12.9672899246,80.1491622925,51083,51093,10
12.9669103622,80.1489715576,51093,51103,10
12.9664402008,80.148727417,51103,51113,10
12.9659700394,80.1484680176,51113,51124,11
12.965180397,80.1480636597,51124,51134,10
12.9643001556,80.1475601196,51134,51144,10
12.9632902145,80.1471099854,51144,51154,10
12.9623003006,80.1465911865,51154,51164,10
12.9613704681,80.1461029053,51164,51174,10
12.9605503082,80.1456680298,51174,51184,10
12.9602203369,80.1458587646,51184,51194,10
12.9600601196,80.1466674805,51194,51204,10
12.9598703384,80.1476593018,51204,51214,10
12.9596700668,80.1486282349,51214,51224,10
12.9592695236,80.1497802734,51224,51235,11
12.958609581,80.1503601074,51235,51245,10
12.9585895538,80.1503829956,51245,51255,10
12.9584999084,80.1504364014,51255,51265,10
12.9580602646,80.1508102417,51265,51275,10
12.9573602676,80.1513519287,51275,51285,10
12.956489563,80.1520614624,51285,51295,10
12.9557800293,80.1530914307,51295,51305,10
12.9554004669,80.1544189453,51305,51315,10
12.9550895691,80.1558227539,51315,51325,10
12.9547996521,80.1572570801,51325,51336,11
12.9544897079,80.1588516235,51336,51376,40
12.9544897079,80.1588516235,51376,51386,10
12.9544801712,80.158996582,51386,51396,10
12.9544000626,80.1594696045,51396,51406,10
12.9543600082,80.1596221924,51406,51416,10
12.9542703629,80.1600265503,51416,51426,10
12.9540596008,80.1609573364,51426,51437,11
12.9538097382,80.1621398926,51437,51447,10
12.9535503387,80.1633682251,51447,51457,10
12.9532604218,80.1646881104,51457,51467,10
12.9529695511,80.1660385132,51467,51477,10
12.9526500702,80.1673812866,51477,51487,10
12.9523096085,80.1687393188,51487,51497,10
12.9520998001,80.169883728,51497,51507,10
12.951880455,80.1711273193,51507,51517,10
12.9516601563,80.1723632813,51517,51526,9
12.9514303207,80.1737213135,51526,51537,11
12.951259613,80.1746063232,51537,51548,11
12.951210022,80.1747894287,51548,51558,10
12.9511003494,80.1752929688,51558,51568,10
12.9509096146,80.1761322021,51568,51578,10
12.9506397247,80.1771469116,51578,51588,10
12.9503602982,80.1781997681,51588,51598,10
12.9500598907,80.1793212891,51598,51608,10
12.949839592,80.1804962158,51608,51618,10
12.9496603012,80.1815185547,51618,51628,10
12.9494800568,80.182510376,51628,51638,10
12.9493103027,80.1836166382,51638,51649,11
12.9492797852,80.183921814,51649,51659,10
12.9492301941,80.1843185425,51659,51669,10
12.9491996765,80.1848220825,51669,51739,70
12.9491996765,80.1848220825,51739,51749,10
12.9491796494,80.1853713989,51749,51760,11
12.9491195679,80.1860198975,51760,51770,10
12.9490604401,80.1868133545,51770,51780,10
12.9489603043,80.187713623,51780,51790,10
12.9488697052,80.1886672974,51790,51800,10
12.9487695694,80.1896972656,51800,51810,10
12.948679924,80.1906280518,51810,51820,10
12.9486103058,80.1921310425,51820,51830,10
12.9485797882,80.1932983398,51830,51840,10
12.948559761,80.1944580078,51840,51850,10
12.9485797882,80.1953811646,51850,51861,11
12.9485902786,80.1955184937,51861,51871,10
12.9485702515,80.1956176758,51871,51881,10
12.9485397339,80.1960983276,51881,51891,10
12.9484996796,80.1968383789,51891,51901,10
12.9484796524,80.197593689,51901,51911,10
12.9484996796,80.1983184814,51911,51921,10
12.9485797882,80.199432373,51921,51941,20
12.9485797882,80.199432373,51941,51951,10
12.9485902786,80.1995697021,51951,51961,10
12.9486103058,80.2002105713,51961,51972,11
12.9486198425,80.2011184692,51972,51982,10
12.9486503601,80.2021484375,51982,51992,10
12.948679924,80.2032165527,51992,52002,10
12.9487104416,80.2044067383,52002,52012,10
12.9487400055,80.205581665,52012,52022,10
12.9487199783,80.2066192627,52022,52032,10
12.948679924,80.2075119019,52032,52042,10
12.9485902786,80.2085113525,52042,52052,10
12.9485797882,80.2091522217,52052,52062,10
12.9485797882,80.209197998,52062,52073,11
12.9485702515,80.2092971802,52073,52083,10
12.9485397339,80.2097473145,52083,52093,10
12.9484901428,80.2103424072,52093,52103,10
12.9484500885,80.2111816406,52103,52113,10
12.9484596252,80.2121963501,52113,52123,10
12.9485397339,80.2133789063,52123,52133,10
12.9486598969,80.2146224976,52133,52143,10
12.9487895966,80.2158813477,52143,52153,10
12.9489202499,80.2171401978,52153,52163,10
12.9490604401,80.2183685303,52163,52174,11
12.9491996765,80.219833374,52174,52184,10
12.9493303299,80.2211990356,52184,52194,10
12.9494400024,80.2226333618,52194,52204,10
12.9495296478,80.2241210938,52204,52214,10
12.9495801926,80.2256622314,52214,52224,10
12.9496603012,80.227180481,52224,52234,10
12.9497299194,80.2286605835,52234,52244,10
12.9497995377,80.2299423218,52244,52254,10
12.9498996735,80.2312698364,52254,52264,10
12.9499998093,80.2325210571,52264,52274,10
12.9500703812,80.2331619263,52274,52285,11
12.9500703812,80.2331695557,52285,52295,10
12.9500904083,80.2333374023,52295,52305,10
12.9500904083,80.2338180542,52305,52315,10
12.9500598907,80.2344894409,52315,52325,10
12.9499998093,80.2350769043,52325,52335,10
12.9499797821,80.2357177734,52335,52345,10
12.9499597549,80.2358169556,52345,52355,10
12.9498796463,80.2362289429,52355,52365,10
12.9497299194,80.2369232178,52365,52375,10
12.9496097565,80.2378234863,52375,52386,11
12.9494199753,80.2389221191,52386,52396,10
12.9490995407,80.2403869629,52396,52416,20
12.9490995407,80.2403869629,52416,52426,10
12.949139595,80.2406616211,52426,52436,10
12.9495897293,80.2408905029,52436,52446,10
12.9502601624,80.2411804199,52446,52456,10
12.9509401321,80.2413482666,52456,52466,10
12.9510602951,80.2413635254,52466,52476,10
12.9512996674,80.2414169312,52476,52486,10
12.951880455,80.2416381836,52486,52497,11
12.9528102875,80.2419586182,52497,52507,10
12.9536504745,80.2422866821,52507,52517,10
12.9540500641,80.24243927,52517,52527,10
12.9545602798,80.2426605225,52527,52537,10
12.9551401138,80.2429122925,52537,52547,10
12.9559402466,80.2431793213,52547,52557,10
12.9564399719,80.2434310913,52557,52567,10
12.9569702148,80.2436599731,52567,52577,10
12.9577302933,80.2440032959,52577,52587,10
12.958530426,80.2443237305,52587,52598,11
12.9589395523,80.2444610596,52598,52608,10
12.9589996338,80.2444610596,52608,52618,10
12.9593801498,80.2446517944,52618,52628,10
12.9600801468,80.2449798584,52628,52638,10
12.9610099792,80.2453994751,52638,52648,10
12.962100029,80.2459335327,52648,52658,10
12.9631299973,80.2464599609,52658,52668,10
12.9639797211,80.2468795776,52668,52678,10
12.9649600983,80.2472076416,52678,52688,10
12.9657497406,80.2474822998,52688,52698,10
12.9665603638,80.2477874756,52698,52709,11
12.9669599533,80.2479782104,52709,52719,10
12.9670000076,80.2480163574,52719,52729,10
12.9672403336,80.2481918335,52729,52739,10
12.9679498672,80.2484970093,52739,52749,10
12.9687099457,80.2489013672,52749,52759,10
12.9698400497,80.2493133545,52759,52769,10
12.9709701538,80.2496871948,52769,52779,10
12.9721298218,80.2499694824,52779,52789,10
12.9732904434,80.2502593994,52789,52799,10
12.9744796753,80.2505722046,52799,52810,11
12.9757699966,80.2509384155,52810,52820,10
12.9768104553,80.2512283325,52820,52830,10
12.9776601791,80.2516708374,52830,52840,10
12.9783000946,80.2521820068,52840,52850,10
12.978509903,80.2523269653,52850,52860,10
12.9785604477,80.2523574829,52860,52870,10
12.9789400101,80.2525100708,52870,52880,10
12.97976017,80.2526473999,52880,52911,31
12.97976017,80.2526473999,52911,52921,10
12.9799604416,80.2526702881,52921,52931,10
12.9805402756,80.2526779175,52931,52941,10
12.9814100266,80.2526626587,52941,52951,10
12.9824895859,80.2526168823,52951,52961,10
12.9837198257,80.252456665,52961,52971,10
12.9849796295,80.2521209717,52971,52981,10
12.9860200882,80.2518234253,52981,52991,10
12.9870796204,80.2515411377,52991,53102,111
12.9870796204,80.2515411377,53102,53112,10
12.9873199463,80.251411438,53112,53123,11
12.987739563,80.2513198853,53123,53133,10
12.987950325,80.2516174316,53133,53143,10
12.9880304337,80.2521896362,53143,53153,10
12.9879703522,80.2529907227,53153,53163,10
12.9879102707,80.2538299561,53163,53173,10
12.987830162,80.2547683716,53173,53223,50
12.987830162,80.2547683716,53223,53234,11
12.9877700806,80.2549972534,53234,53244,10
12.9877300262,80.2554168701,53244,53254,10
12.9876699448,80.2558364868,53254,53264,10
12.9876298904,80.2562789917,53264,53274,10
12.9876203537,80.2566223145,53274,53284,10
12.9876298904,80.2568206787,53284,53294,10
12.9875898361,80.2572097778,53294,53304,10
12.9875097275,80.2579269409,53304,53314,10
12.9874200821,80.2587127686,53314,53324,10
12.9873199463,80.2591705322,53324,53345,21
12.9873199463,80.2591705322,53345,53355,10
12.987279892,80.259437561,53355,53365,10
12.9872198105,80.2595214844,53365,53375,10
12.9870500565,80.2595596313,53375,53385,10
12.9869203568,80.2595062256,53385,53395,10
12.9867296219,80.2594833374,53395,53405,10
12.9866399765,80.2593002319,53405,53415,10
12.9866695404,80.2590866089,53415,53436,21
12.9866695404,80.2590866089,53436,53446,10
12.9868402481,80.2590637207,53446,53456,10
12.9870700836,80.2591171265,53456,54021,565
12.9870700836,80.2591171265,54021,54031,10
12.9872903824,80.2588195801,54031,54041,10
12.9873399734,80.2586593628,54041,54051,10
12.9873800278,80.2583236694,54051,54062,11
12.9874401093,80.2579574585,54062,54072,10
12.9874801636,80.2574615479,54072,54082,10
12.9875602722,80.2569503784,54082,54092,10
12.9876098633,80.2563400269,54092,54102,10
12.9876298904,80.255897522,54102,54112,10
12.9877300262,80.2553863525,54112,54122,10
12.9877300262,80.2548904419,54122,54132,10
12.9877195358,80.2547683716,54132,54142,10
12.9877796173,80.2542495728,54142,54152,10
12.9878702164,80.2533111572,54152,54162,10
12.9879198074,80.252166748,54162,54173,11
12.9876804352,80.2515869141,54173,54183,10
12.987660408,80.2515792847,54183,54193,10
12.9875001907,80.2515487671,54193,54203,10
12.9870996475,80.2515792847,54203,54213,10
12.9865903854,80.2517089844,54213,54223,10
12.9858398438,80.2518463135,54223,54233,10
12.9848899841,80.2521133423,54233,54243,10
12.9839000702,80.2524032593,54243,54253,10
12.9829397202,80.2526092529,54253,54263,10
12.9818696976,80.2526779175,54263,54274,11
12.980890274,80.2527313232,54274,54284,10
12.9802398682,80.2527694702,54284,54294,10
12.979590416,80.2527084351,54294,54304,10
12.9789199829,80.2526473999,54304,54314,10
12.9785499573,80.252571106,54314,54324,10
12.9784803391,80.252532959,54324,54334,10
12.9780597687,80.2521972656,54334,54344,10
12.9773597717,80.2515869141,54344,54354,10
12.9762601852,80.2511367798,54354,54364,10
12.9749498367,80.2507629395,54364,54374,10
12.9736499786,80.2503967285,54374,54385,11
12.9724998474,80.2500991821,54385,54395,10
12.9714403152,80.2498168945,54395,54405,10
12.970199585,80.249458313,54405,54415,10
12.9690799713,80.2490234375,54415,54425,10
12.968170166,80.2487106323,54425,54435,10
12.9672603607,80.2483062744,54435,54445,10
12.9662599564,80.2478408813,54445,54455,10
12.9651203156,80.2474212646,54455,54475,20
12.9651203156,80.2474212646,54475,54486,11
12.9649295807,80.2472991943,54486,54496,10
12.9643602371,80.2470474243,54496,54506,10
12.9638299942,80.2468566895,54506,54516,10
12.9637403488,80.2468032837,54516,54526,10
12.9635295868,80.2466964722,54526,54536,10
12.9629096985,80.2464065552,54536,54546,10
12.9618797302,80.2459030151,54546,54556,10
12.9606895447,80.2453308105,54556,54566,10
12.9595499039,80.2448730469,54566,54576,10
12.9592695236,80.2447509766,54576,54586,10
12.9592399597,80.2447280884,54586,54597,11
12.9588003159,80.2444915771,54597,54607,10
12.9580698013,80.244178772,54607,54617,10
12.9575099945,80.2439804077,54617,54627,10
12.9566602707,80.2437515259,54627,54687,60
12.9566602707,80.2437515259,54687,54698,11
12.9559698105,80.2434616089,54698,54708,10
12.9552698135,80.2430725098,54708,54718,10
12.9543800354,80.2426834106,54718,54728,10
12.9536304474,80.2423782349,54728,54738,10
12.9527196884,80.2419967651,54738,54748,10
12.9516401291,80.2416229248,54748,54768,20
12.9516401291,80.2416229248,54768,54778,10
12.9514398575,80.2415237427,54778,54788,10
12.9508399963,80.2412796021,54788,54798,10
12.9501104355,80.2410507202,54798,54809,11
12.9494400024,80.2408981323,54809,54819,10
12.949090004,80.2407989502,54819,54839,20
12.949090004,80.2407989502,54839,54849,10
12.9489097595,80.2403717041,54849,54859,10
12.9490499496,80.239616394,54859,54869,10
12.9491195679,80.2393188477,54869,54879,10
12.9491500854,80.2392730713,54879,54889,10
12.9492797852,80.238861084,54889,54899,10
12.9494199753,80.2381362915,54899,54910,11
12.9495401382,80.2374725342,54910,54920,10
12.949640274,80.2367019653,54920,54930,10
12.949640274,80.2359924316,54930,54940,10
12.9497003555,80.2357635498,54940,54950,10
12.9497203827,80.2356262207,54950,54960,10
12.9498500824,80.2351379395,54960,54970,10
12.9499502182,80.2343826294,54970,54980,10
12.9499702454,80.233833313,54980,54990,10
12.9499702454,80.2338027954,54990,55000,10
12.9500398636,80.2335205078,55000,55011,11
12.9499998093,80.2326965332,55011,55021,10
12.9498901367,80.2317199707,55021,55031,10
12.9498100281,80.2306518555,55031,55041,10
12.9497299194,80.2294769287,55041,55051,10
12.9496603012,80.2281799316,55051,55061,10
12.9495897293,80.2267913818,55061,55071,10
12.9495096207,80.2253112793,55071,55081,10
12.9494600296,80.2241134644,55081,55091,10
12.9493598938,80.2222518921,55091,55101,10
12.9492397308,80.2207183838,55101,55111,10
12.949090004,80.2191696167,55111,55122,11
12.9489202499,80.2174530029,55122,55132,10
12.9487495422,80.2158966064,55132,55142,10
12.9485998154,80.2143325806,55142,55152,10
12.9484395981,80.2127380371,55152,55162,10
12.9483804703,80.2112731934,55162,55172,10
12.948340416,80.2101821899,55172,55182,10
12.9484100342,80.2095718384,55182,55192,10
12.9485197067,80.2089080811,55192,55202,10
12.948559761,80.2087783813,55202,55212,10
12.9485797882,80.2085876465,55212,55223,11
12.9486103058,80.2079162598,55223,55233,10
12.9486904144,80.2070465088,55233,55243,10
12.9487199783,80.2060317993,55243,55253,10
12.9486999512,80.2048721313,55253,55263,10
12.9486703873,80.2036209106,55263,55272,9
12.9486198425,80.2024230957,55272,55283,11
12.9485702515,80.200920105,55283,55293,10
12.9485197067,80.1996994019,55293,55303,10
12.9484500885,80.1988830566,55303,55313,10
12.9484500885,80.1988220215,55313,55323,10
12.9484596252,80.198677063,55323,55334,11
12.9484395981,80.1981277466,55334,55344,10
12.9484395981,80.1973419189,55344,55354,10
12.9484701157,80.1964263916,55354,55364,10
12.9484596252,80.1956710815,55364,55374,10
12.9484596252,80.1955490112,55374,55384,10
12.9484701157,80.1952362061,55384,55394,10
12.9484701157,80.1946182251,55394,55404,10
12.9484901428,80.1937789917,55404,55414,10
12.9485397339,80.1927566528,55414,55424,10
12.9485702515,80.191619873,55424,55435,11
12.9486398697,80.1902923584,55435,55445,10
12.9487400055,80.1891403198,55445,55455,10
12.948849678,80.1878967285,55455,55465,10
12.9489498138,80.1867370605,55465,55475,10
12.9489297867,80.1853713989,55475,55525,50
12.9489297867,80.1853713989,55525,55535,10
12.9489297867,80.185043335,55535,55546,11
12.9490299225,80.1844024658,55546,55556,10
12.9490804672,80.1839904785,55556,55566,10
12.9491195679,80.1838378906,55566,55576,10
12.9492301941,80.1832962036,55576,55586,10
12.949379921,80.1825408936,55586,55596,10
12.9495096207,80.1816864014,55596,55606,10
12.9496603012,80.1808395386,55606,55616,10
12.9498300552,80.1799087524,55616,55626,10
12.9500904083,80.178817749,55626,55636,10
12.9503898621,80.1776580811,55636,55647,11
12.9507398605,80.176322937,55647,55657,10
12.9509801865,80.175163269,55657,55667,10
12.9511499405,80.1743927002,55667,55677,10
12.9512901306,80.173866272,55677,55687,10
12.9514703751,80.1730422974,55687,55697,10
12.9516201019,80.1720428467,55697,55707,10
12.9517202377,80.1713485718,55707,55717,10
12.9517498016,80.1712036133,55717,55727,10
12.9518604279,80.1706619263,55727,55737,10
12.9520101547,80.1698303223,55737,55747,10
12.9521999359,80.1688308716,55747,55758,11
12.952460289,80.1677017212,55758,55768,10
12.9528198242,80.1663284302,55768,55778,10
12.9531202316,80.1650085449,55778,55788,10
12.9534196854,80.1636276245,55788,55798,10
12.9537296295,80.1622161865,55798,55808,10
12.9540300369,80.1607666016,55808,55818,10
12.9542798996,80.1594085693,55818,55828,10
12.954369545,80.1589508057,55828,55848,20
12.954369545,80.1589508057,55848,55859,11
12.9543895721,80.1588897705,55859,55869,10
12.954460144,80.1585388184,55869,55879,10
12.9546203613,80.1578292847,55879,55889,10
12.9548397064,80.1569213867,55889,55899,10
12.9550600052,80.1558380127,55899,55909,10
12.9553098679,80.1546478271,55909,55919,10
12.9556303024,80.1533966064,55919,55929,10
12.9561901093,80.1522064209,55929,55939,10
12.9571304321,80.1513519287,55939,55949,10
12.9579601288,80.1506729126,55949,55960,11
12.9586696625,80.150062561,55960,55970,10
12.9587497711,80.1499786377,55970,55980,10
12.9590396881,80.1497879028,55980,55990,10
12.9594697952,80.1492614746,55990,56000,10
12.9596796036,80.1484603882,56000,56010,10
12.959859848,80.1475830078,56010,56020,10
12.9600400925,80.1466827393,56020,56030,10
12.9602298737,80.1457901001,56030,56040,10
12.9602499008,80.1454925537,56040,56050,10
12.9599304199,80.1452407837,56050,56060,10
12.9592504501,80.1448898315,56060,56071,11
12.9583797455,80.1444320679,56071,56081,10
12.9577703476,80.1440429688,56081,56091,10
12.9569797516,80.1436004639,56091,56101,10
12.9560403824,80.143119812,56101,56111,10
12.9550304413,80.142578125,56111,56121,10
12.9540596008,80.1420822144,56121,56131,10
12.9527301788,80.1413269043,56131,56161,30
12.9527301788,80.1413269043,56161,56172,11
12.9525499344,80.1411972046,56172,56182,10
12.9521303177,80.1408691406,56182,56192,10
12.9516401291,80.1405334473,56192,56202,10
12.951499939,80.1404190063,56202,56212,10
12.9513998032,80.1403427124,56212,56222,10
12.9513502121,80.1402893066,56222,56232,10
12.9511604309,80.1401367188,56232,56242,10
12.9507703781,80.1398620605,56242,56252,10
12.9503498077,80.139541626,56252,56262,10
12.9497804642,80.1390686035,56262,56272,10
12.949139595,80.1384887695,56272,56283,11
12.9482297897,80.137802124,56283,56293,10
12.947520256,80.1372909546,56293,56303,10
12.9467201233,80.136680603,56303,56313,10
12.9457597733,80.1359405518,56313,56323,10
12.9447803497,80.1351699829,56323,56333,10
12.9439401627,80.1345214844,56333,56343,10
12.9433002472,80.133972168,56343,56353,10
12.9428501129,80.1335296631,56353,56363,10
12.9425802231,80.1332473755,56363,56373,10
12.9425497055,80.1332015991,56373,56384,11
12.9423398972,80.1329803467,56384,56394,10
12.9418096542,80.1324310303,56394,56404,10
12.9411201477,80.1317214966,56404,56414,10
12.940320015,80.130897522,56414,56424,10
12.9394397736,80.1300506592,56424,56434,10
12.9385700226,80.1293029785,56434,56444,10
12.9378595352,80.1287231445,56444,56454,10
12.9373397827,80.1282806396,56454,56464,10
12.9368000031,80.127822876,56464,56484,20
12.9368000031,80.127822876,56484,56495,11
12.9365997314,80.1276321411,56495,56505,10
12.9364204407,80.127456665,56505,56515,10
12.9360599518,80.1271514893,56515,56525,10
12.935549736,80.1266784668,56525,56535,10
12.9349603653,80.126159668,56535,56545,10
12.9345598221,80.125793457,56545,56555,10
12.9337501526,80.1250228882,56555,56565,10
12.9330196381,80.1242828369,56565,56575,10
12.9323396683,80.123588562,56575,56585,10
12.931599617,80.1229095459,56585,56596,11
12.9309501648,80.1222000122,56596,56606,10
12.9302902222,80.1215591431,56606,56616,10
12.9296197891,80.12084198,56616,56626,10
12.928850174,80.1200408936,56626,56636,10
12.9280395508,80.1192474365,56636,56646,10
12.9275197983,80.1187210083,56646,56656,10
12.9272298813,80.1184082031,56656,56666,10
12.9269104004,80.1180877686,56666,56676,10
12.9263095856,80.1175613403,56676,56707,31
12.9263095856,80.1175613403,56707,56717,10
12.9261598587,80.1174316406,56717,56727,10
12.9258499146,80.1172180176,56727,56737,10
12.9254598618,80.1168365479,56737,56747,10
12.925069809,80.1164398193,56747,56757,10
12.9246902466,80.1160507202,56757,56767,10
12.9243497849,80.1157073975,56767,56777,10
12.9241800308,80.115562439,56777,56787,10
12.9238996506,80.115272522,56787,56797,10
12.9240198135,80.1150131226,56797,56808,11
12.9243297577,80.115196228,56808,56818,10
12.9247198105,80.1156311035,56818,56828,10
12.925160408,80.1160888672,56828,56838,10
12.925620079,80.1165618896,56838,56848,10
12.9260501862,80.1170730591,56848,56858,10
12.9263801575,80.1175231934,56858,56868,10
12.926779747,80.1178512573,56868,57030,162
12.9271001816,80.1180419922,57030,57373,343
12.9272098541,80.1182403564,57373,57403,30
12.9272098541,80.1182403564,57403,57413,10
12.9274396896,80.1186218262,57413,57423,10
12.9277601242,80.1189804077,57423,57434,11
12.9282302856,80.119430542,57434,57444,10
12.9285802841,80.1197662354,57444,57454,10
12.9289197922,80.1200485229,57454,57474,20
12.9289197922,80.1200485229,57474,57484,10
12.9291601181,80.120262146,57484,57615,131
12.9291601181,80.120262146,57615,57625,10
12.9293699265,80.1205215454,57625,57635,10
12.9297199249,80.1208724976,57635,57646,11
12.9302797318,80.1214370728,57646,57656,10
12.9308395386,80.1219787598,57656,57666,10
12.9312496185,80.1223678589,57666,57686,20
12.9312496185,80.1223678589,57686,57696,10
12.9313497543,80.1224822998,57696,57706,10
12.9316196442,80.1227722168,57706,57716,10
12.9319896698,80.1231536865,57716,57726,10
12.9324197769,80.1235961914,57726,57736,10
12.9329395294,80.1241378784,57736,57746,10
12.9335803986,80.1247787476,57746,57757,11
12.9343299866,80.1255111694,57757,57767,10
12.9348602295,80.1260223389,57767,57777,10
12.9353504181,80.1264038086,57777,57787,10
12.9358596802,80.1267623901,57787,57797,10
12.936249733,80.1271820068,57797,57807,10
12.9365997314,80.1274490356,57807,57817,10
12.9368000031,80.127243042,57817,57827,10
12.9371795654,80.1268768311,57827,57837,10
12.9376401901,80.1271591187,57837,57847,10
12.9375896454,80.1276016235,57847,57858,11
12.9374704361,80.1278076172,57858,57868,10
12.9374399185,80.1278686523,57868,57878,10
12.9373598099,80.1280670166,57878,57888,10
12.9375801086,80.1282501221,57888,57898,10
12.9380302429,80.1287002563,57898,57908,10
12.9386901855,80.1293411255,57908,57918,10
12.9394798279,80.1300506592,57918,57928,10
12.940580368,80.1311264038,57928,57938,10
12.9415197372,80.1320571899,57938,57948,10
12.9419403076,80.1324615479,57948,57958,10
12.9420995712,80.1326599121,57958,57969,11
12.9424800873,80.133102417,57969,57979,10
12.9430999756,80.1337509155,57979,57989,10
12.9437303543,80.1343688965,57989,57999,10
12.9443597794,80.1348571777,57999,58009,10
12.9451599121,80.1354675293,58009,58019,10
12.9460897446,80.1361999512,58019,58029,10
12.9469499588,80.1368408203,58029,58039,10
12.947520256,80.137260437,58039,58049,10
12.9480895996,80.1376571655,58049,58059,10
12.948849678,80.1382293701,58059,58070,11
12.9497900009,80.1389465332,58070,58080,10
12.9503002167,80.1393127441,58080,58100,20
12.9503002167,80.1393127441,58100,58110,10
12.9505195618,80.139503479,58110,58120,10
12.950799942,80.1396636963,58120,58160,40
12.950799942,80.1396636963,58160,58171,11
12.9510498047,80.1397705078,58171,58211,40
12.9510498047,80.1397705078,58211,58221,10
12.9512796402,80.1399383545,58221,58261,40
12.9512796402,80.1399383545,58261,58271,10
12.9516801834,80.1402435303,58271,58282,11
12.9518203735,80.1403198242,58282,58292,10
12.9519796371,80.1405410767,58292,58302,10
12.9520902634,80.1407318115,58302,58312,10
12.9526596069,80.1411590576,58312,58342,30
12.9526596069,80.1411590576,58342,58352,10
12.9529895782,80.1414108276,58352,58362,10
12.9535398483,80.1417388916,58362,58372,10
12.9542798996,80.1421432495,58372,58383,11
12.9552497864,80.1426391602,58383,58393,10
12.9562501907,80.1431503296,58393,58403,10
12.9573001862,80.1436920166,58403,58413,10
12.9581203461,80.1440963745,58413,58423,10
12.9586496353,80.1443481445,58423,58433,10
12.9592695236,80.1446762085,58433,58443,10
12.9599199295,80.1450119019,58443,58453,10
12.960439682,80.1452636719,58453,58463,10
12.960559845,80.1455612183,58463,58473,10
12.9603595734,80.1457901001,58473,58484,11
12.9602603912,80.1460571289,58484,58494,10
12.960149765,80.1465835571,58494,58504,10
12.959980011,80.1473617554,58504,58514,10
12.9597997665,80.1482467651,58514,58524,10
12.9596395493,80.148979187,58524,58534,10
12.959230423,80.149887085,58534,58544,10
12.9587097168,80.1503601074,58544,58554,10
12.9585599899,80.1504669189,58554,58564,10
12.9582595825,80.1506881714,58564,58574,10
12.9576797485,80.1511306763,58574,58584,10
12.9569301605,80.1517333984,58584,58595,11
12.9560403824,80.1526565552,58595,58605,10
12.9555702209,80.1539077759,58605,58615,10
12.9552402496,80.1553421021,58615,58625,10
12.9549398422,80.1568527222,58625,58635,10
12.95470047,80.1580505371,58635,58645,10
12.9545497894,80.158821106,58645,58655,10
12.9544401169,80.1593475342,58655,58665,10
12.9544200897,80.1595535278,58665,58675,10
12.9543504715,80.159828186,58675,58685,10
12.9541797638,80.1606063843,58685,58696,11
12.9539299011,80.1617507935,58696,58706,10
12.9536600113,80.1629714966,58706,58716,10
12.9533700943,80.1643218994,58716,58726,10
12.9530696869,80.165687561,58726,58736,10
12.9528198242,80.1668014526,58736,58746,10
12.9525203705,80.16796875,58746,58756,10
12.952249527,80.1691665649,58756,58766,10
12.9520797729,80.170173645,58766,58776,10
12.9519996643,80.1707382202,58776,58786,10
12.9519901276,80.1708297729,58786,58796,10
12.9518899918,80.1713562012,58796,58807,11
12.9517097473,80.1723403931,58807,58817,10
12.951499939,80.1734619141,58817,58827,10
12.9512395859,80.1746292114,58827,58837,10
12.9509601593,80.1758880615,58837,58847,10
12.9506597519,80.1771392822,58847,58857,10
12.9503498077,80.1784133911,58857,58867,10
12.9499998093,80.1797485352,58867,58877,10
12.949760437,80.181060791,58877,58887,10
12.949549675,80.1821517944,58887,58897,10
12.9492797852,80.1840209961,58897,58918,21
12.9492797852,80.1840209961,58918,58928,10
12.9492397308,80.1841201782,58928,58938,10
12.9491796494,80.1847763062,58938,58948,10
12.9491100311,80.1857223511,58948,58958,10
12.9490499496,80.1867599487,58958,58968,10
12.9489603043,80.187713623,58968,58978,10
12.9488897324,80.1886825562,58978,58988,10
12.9488401413,80.1894683838,58988,58998,10
12.9487600327,80.1901397705,58998,59008,10
12.9486598969,80.1912536621,59008,59019,11
12.9485998154,80.1926116943,59019,59029,10
12.9485797882,80.1935806274,59029,59039,10
12.9485702515,80.1945419312,59039,59049,10
12.9485797882,80.1954879761,59049,59059,10
12.9485797882,80.1956634521,59059,59069,10
12.9485797882,80.1957473755,59069,59079,10
12.948559761,80.1962814331,59079,59089,10
12.9485301971,80.1971588135,59089,59099,10
12.9485197067,80.1982498169,59099,59109,10
12.9485797882,80.199180603,59109,59120,11
12.9486103058,80.1996383667,59120,59130,10
12.9486103058,80.1996612549,59130,59140,10
12.9486103058,80.2000579834,59140,59150,10
12.9486303329,80.2008132935,59150,59160,10
12.9486398697,80.2017669678,59160,59170,10
12.948679924,80.2028808594,59170,59180,10
12.9487199783,80.2041320801,59180,59190,10
12.9487600327,80.2054977417,59190,59200,10
12.9487400055,80.2068481445,59200,59210,10
12.9486398697,80.2080307007,59210,59220,10
12.9485797882,80.2088012695,59220,59231,11
12.9485797882,80.2093734741,59231,59241,10
12.9485797882,80.2093963623,59241,59251,10
12.9485998154,80.2094497681,59251,59261,10
12.9485797882,80.2098236084,59261,59271,10
12.948559761,80.2102279663,59271,59281,10
12.9484701157,80.2116928101,59281,59291,10
12.9484701157,80.2116928101,59291,59301,10
12.9485197067,80.2127990723,59301,59311,10
12.9486398697,80.2140579224,59311,59321,10
12.9487895966,80.2154312134,59321,59332,11
12.9489202499,80.2170333862,59332,59342,10
12.9490604401,80.2185211182,59342,59355,13
12.9492197037,80.2200317383,59355,59365,10
12.9493904114,80.2218933105,59365,59375,10
12.9494800568,80.2233428955,59375,59385,10
12.949549675,80.224822998,59385,59395,10
12.9496002197,80.2260437012,59395,59405,10
12.9497098923,80.2278671265,59405,59415,10
12.9497804642,80.2290496826,59415,59425,10
12.9498500824,80.2302093506,59425,59436,11
12.9499502182,80.2316513062,59436,59446,10
12.9500398636,80.232711792,59446,59456,10
12.9500799179,80.2331390381,59456,59466,10
12.9500904083,80.2333602905,59466,59476,10
12.9501104355,80.2339172363,59476,59486,10
12.9500598907,80.2346801758,59486,59496,10
12.9499797821,80.2354202271,59496,59506,10
12.9499197006,80.2358474731,59506,59516,10
12.9499101639,80.2360305786,59516,59526,10
12.9498100281,80.2365570068,59526,59536,10
12.949669838,80.2374420166,59536,59547,11
12.9495296478,80.2384033203,59547,59557,10
12.9493398666,80.239402771,59557,59567,10
12.9491596222,80.2402572632,59567,59577,10
12.9491100311,80.2405014038,59577,59587,10
12.9491100311,80.2406082153,59587,59597,10
12.949379921,80.2409362793,59597,59607,10
12.9500904083,80.2411270142,59607,59617,10
12.9508800507,80.2413406372,59617,59627,10
12.9511203766,80.2414093018,59627,59637,10
12.9512195587,80.2414474487,59637,59648,11
12.9517402649,80.2416305542,59648,59658,10
12.952249527,80.2418365479,59658,59668,10
12.9529800415,80.2421112061,59668,59678,10
12.9538097382,80.2424316406,59678,59688,10
12.9545001984,80.2426986694,59688,59698,10
12.955280304,80.2429885864,59698,59708,10
12.9563703537,80.2433319092,59708,59728,20
12.9564504623,80.2433929443,59728,59759,31
12.9564504623,80.2433929443,59759,59769,10
12.9568004608,80.2434921265,59769,59779,10
12.9574899673,80.2438735962,59779,59789,10
12.958319664,80.2442398071,59789,59799,10
12.9589195251,80.244468689,59799,59809,10
12.9589395523,80.2444763184,59809,59819,10
12.9591398239,80.2446136475,59819,59829,10
12.9596700668,80.2448806763,59829,59839,10
12.9603900909,80.2452011108,59839,59849,10
12.9610996246,80.2455062866,59849,59860,11
12.9612503052,80.2455673218,59860,59870,10
12.9618501663,80.2458877563,59870,59880,10
12.9626598358,80.2463226318,59880,59890,10
12.9632997513,80.2466430664,59890,59940,50
12.9632997513,80.2466430664,59940,59950,10
12.9633798599,80.2466812134,59950,59961,11
12.9637699127,80.2468795776,59961,59971,10
12.9644699097,80.2471466064,59971,59981,10
12.9654197693,80.2474822998,59981,59991,10
12.9664402008,80.2478637695,59991,60001,10
12.9669599533,80.2480773926,60001,60021,20
12.9669599533,80.2480773926,60021,60031,10
12.9672002792,80.2482223511,60031,60041,10
12.9677400589,80.2484664917,60041,60051,10
12.9685201645,80.2487792969,60051,60061,10
12.9694404602,80.249168396,60061,60072,11
12.9705400467,80.2495880127,60072,60082,10
12.9716100693,80.2499008179,60082,60092,10
12.9727296829,80.2501983643,60092,60102,10
12.9738397598,80.25050354,60102,60112,10
12.9749898911,80.2508163452,60112,60122,10
12.9761199951,80.2511291504,60122,60132,10
12.977230072,80.2514801025,60132,60142,10
12.9781198502,80.2520904541,60142,60152,10
12.9785604477,80.2523727417,60152,60173,21
12.9785604477,80.2523727417,60173,60183,10
12.9786996841,80.2524490356,60183,60193,10
12.9792299271,80.2526397705,60193,60203,10
12.9800901413,80.2527008057,60203,60213,10
12.9808797836,80.2527084351,60213,60223,10
12.9818696976,80.2526779175,60223,60233,10
12.9829502106,80.2526397705,60233,60243,10
12.9839200974,80.2524414063,60243,60253,10
12.984919548,80.2521209717,60253,60304,51
12.984919548,80.2521209717,60304,60314,10
12.985039711,80.2520523071,60314,60324,10
12.9855804443,80.2519073486,60324,60334,10
12.9862604141,80.2517700195,60334,60344,10
12.9870595932,80.2515487671,60344,60354,10
12.9876403809,80.251411438,60354,60364,10
12.9879703522,80.2516326904,60364,60374,10
12.9880399704,80.2519378662,60374,60385,11
12.9880399704,80.2520523071,60385,60395,10
12.9880599976,80.2525024414,60395,60405,10
12.9879903793,80.253036499,60405,60415,10
12.9879198074,80.2535171509,60415,60425,10
12.987859726,80.2542495728,60425,60435,10
12.9877901077,80.255027771,60435,60445,10
12.987739563,80.2555236816,60445,60607,162
12.9877099991,80.2557220459,60607,60637,30
12.9877099991,80.2557220459,60637,60647,10
12.9876499176,80.2559661865,60647,60657,10
12.9875802994,80.256439209,60657,60667,10
12.987569809,80.2571182251,60667,60677,10
12.9875202179,80.2578811646,60677,60687,10
12.9874601364,80.2585601807,60687,60698,11
12.9873800278,80.2591934204,60698,60708,10
12.9872903824,80.2595214844,60708,60728,20
12.9872903824,80.2595214844,60728,60738,10
12.9871702194,80.2597122192,60738,60748,10
12.9869804382,80.2596664429,60748,60758,10
12.9867801666,80.2596435547,60758,60768,10
12.986700058,80.259437561,60768,61313,545
12.986700058,80.259437561,61313,61324,11
12.9867801666,80.2590789795,61324,62454,1130
12.987159729,80.2591171265,62454,62505,51
12.987159729,80.2591171265,62505,62515,10
12.9873895645,80.2588195801,62515,62525,10
12.9874000549,80.2585220337,62525,62535,10
12.9874401093,80.2581100464,62535,62545,10
12.9874601364,80.2573471069,62545,62586,41
12.9874601364,80.2573471069,62586,62596,10
12.9874801636,80.2571868896,62596,62606,10
12.9875001907,80.256980896,62606,62616,10
12.9875297546,80.2563705444,62616,62626,10
12.9875802994,80.2557830811,62626,62636,10
12.9877004623,80.2552871704,62636,62646,10
12.9877099991,80.2548599243,62646,62656,10
12.9877099991,80.2548522949,62656,62666,10
12.9877500534,80.2545089722,62666,62677,11
12.987830162,80.2536697388,62677,62687,10
12.9879102707,80.2526702881,62687,62697,10
12.9878702164,80.2519226074,62697,62727,30
12.9878702164,80.2519226074,62727,62737,10
12.9878196716,80.251739502,62737,62747,10
12.9875202179,80.2515792847,62747,62757,10
12.9871997833,80.2516174316,62757,62767,10
12.986989975,80.2516479492,62767,62778,11
12.9865198135,80.2517700195,62778,62788,10
12.986000061,80.2519073486,62788,62798,10
12.9854297638,80.2520828247,62798,62808,10
12.984919548,80.2522125244,62808,62818,10
12.9844703674,80.2523269653,62818,62828,10
12.9839401245,80.252456665,62828,62838,10
12.9831399918,80.2526321411,62838,62848,10
12.9824199677,80.2526397705,62848,62858,10
12.9816102982,80.2526626587,62858,62868,10
12.9807701111,80.2527236938,62868,62878,10
12.9804401398,80.2527618408,62878,62889,11
12.9802904129,80.2527770996,62889,62899,10
12.9800195694,80.2527618408,62899,62909,10
12.9795103073,80.2526931763,62909,62919,10
12.9787998199,80.2526016235,62919,62929,10
12.9785203934,80.2525405884,62929,62938,9
12.9784803391,80.2525100708,62938,62949,11
12.9780902863,80.252243042,62949,62959,10
12.9775295258,80.251739502,62959,62969,10
12.9767398834,80.2513198853,62969,62979,10
12.9757795334,80.2510070801,62979,62990,11
12.9747800827,80.2507171631,62990,63000,10
12.9737300873,80.2504272461,63000,63010,10
12.9726200104,80.2501373291,63010,63020,10
12.9715003967,80.2498474121,63020,63030,10
12.9704303741,80.2495269775,63030,63040,10
12.9693603516,80.2491226196,63040,63050,10
12.9683198929,80.2487106323,63050,63060,10
12.96737957,80.248336792,63060,63070,10
12.9666004181,80.2479782104,63070,63080,10
12.9659004211,80.2476806641,63080,63090,10
12.9653596878,80.2474594116,63090,63101,11
12.9652500153,80.2474365234,63101,63111,10
12.9651699066,80.2474212646,63111,63121,10
12.9647798538,80.2472915649,63121,63131,10
12.9645700455,80.2472000122,63131,63141,10
12.9639797211,80.2469787598,63141,63161,20
12.9639797211,80.2469787598,63161,63171,10
12.9637899399,80.2469482422,63171,63181,10
12.9633102417,80.2467498779,63181,63191,10
12.9626998901,80.2464370728,63191,63202,11
12.9618301392,80.2460327148,63202,63212,10
12.9610004425,80.2456283569,63212,63222,10
12.9602298737,80.2452774048,63222,63232,10
12.9597196579,80.2450714111,63232,63242,10
12.9595804214,80.2450027466,63242,63252,10
12.959569931,80.2449874878,63252,63262,10
12.9592599869,80.2448272705,63262,63272,10
12.9586801529,80.2445526123,63272,63282,10
12.9579696655,80.2442474365,63282,63292,10
12.9573097229,80.2440032959,63292,63303,11
12.9565401077,80.2437210083,63303,63313,10
12.956410408,80.243637085,63313,63323,10
12.9563102722,80.2436294556,63323,63333,10
12.9558401108,80.2434005737,63333,63343,10
12.9551200867,80.2430725098,63343,63353,10
12.9542198181,80.2427062988,63353,63363,10
12.9532604218,80.2423171997,63363,63373,10
12.9523496628,80.2419815063,63373,63383,10
12.9517002106,80.2417602539,63383,63393,10
12.9515600204,80.2417221069,63393,63404,11
12.951210022,80.2415771484,63404,63414,10
12.9505195618,80.241317749,63414,63424,10
12.9498195648,80.2410812378,63424,63434,10
12.949259758,80.2409133911,63434,63464,30
12.949259758,80.2409133911,63464,63474,10
12.9492397308,80.2409210205,63474,63484,10
12.9490604401,80.240852356,63484,63494,10
12.9488897324,80.2406005859,63494,63504,10
12.9490203857,80.2400588989,63504,63515,11
12.949139595,80.2394180298,63515,63525,10
12.9491701126,80.2393798828,63525,63535,10
12.9492902756,80.2390289307,63535,63545,10
12.9494400024,80.2384033203,63545,63555,10
12.9495401382,80.2378234863,63555,63565,10
12.9496202469,80.2371826172,63565,63575,10
12.9496803284,80.2366027832,63575,63585,10
12.9497003555,80.2360534668,63585,63626,41
12.9497003555,80.2360534668,63626,63636,10
12.9497995377,80.235496521,63636,63646,10
12.9499197006,80.2349090576,63646,63656,10
12.9499998093,80.2342224121,63656,63666,10
12.9499998093,80.2338562012,63666,63676,10
12.9499902725,80.2337417603,63676,63686,10
12.9499902725,80.2335128784,63686,63696,10
12.9499797821,80.2332611084,63696,63706,10
12.9499702454,80.2326889038,63706,63716,10
12.9498996735,80.2319869995,63716,63727,11
12.949839592,80.2309799194,63727,63737,10
12.949760437,80.229888916,63737,63747,10
12.9496898651,80.2286911011,63747,63757,10
12.9496297836,80.2274093628,63757,63767,10
12.9495601654,80.22605896,63767,63777,10
12.9494895935,80.2246627808,63777,63787,10
12.9494400024,80.2237091064,63787,63797,10
12.9493398666,80.2220001221,63797,63806,9
12.9492397308,80.220741272,63806,63817,11
12.9491195679,80.2194290161,63817,63828,11
12.9489297867,80.2174911499,63828,63838,10
12.9487695694,80.2159729004,63838,63848,10
12.9486198425,80.2144470215,63848,63858,10
12.9484796524,80.2129516602,63858,63868,10
12.9484100342,80.2117233276,63868,63878,10
12.9483804703,80.2105636597,63878,63888,10
12.948340416,80.2099075317,63888,63898,10
12.9484195709,80.2092895508,63898,63908,10
12.9484596252,80.208732605,63908,63918,10
12.9484596252,80.2086791992,63918,63929,11
12.9484996796,80.2086105347,63929,63939,10
12.9485397339,80.2081604004,63939,63949,10
12.9486303329,80.2073898315,63949,63959,10
12.9486999512,80.2064590454,63959,63969,10
12.9487199783,80.205406189,63969,63979,10
12.948679924,80.2042999268,63979,63989,10
12.9486503601,80.2033996582,63989,63999,10
12.9485998154,80.2020187378,63999,64009,10
12.948559761,80.2008666992,64009,64019,10
12.94851017,80.1997299194,64019,64029,10
12.9484596252,80.19896698,64029,64040,11
12.9484596252,80.1988525391,64040,64050,10
12.9484500885,80.1985168457,64050,64060,10
12.9484395981,80.1979064941,64060,64070,10
12.9484596252,80.1970901489,64070,64080,10
12.9484796524,80.1961593628,64080,64090,10
12.9484596252,80.1955413818,64090,64100,10
12.9484596252,80.1954879761,64100,64110,10
12.9484596252,80.1951980591,64110,64120,10
12.9484796524,80.1945724487,64120,64130,10
12.9484996796,80.1937026978,64130,64141,11
12.9485502243,80.1925735474,64141,64151,10
12.9485902786,80.1914367676,64151,64161,10
12.9486598969,80.1902770996,64161,64171,10
12.9487400055,80.189453125,64171,64181,10
12.948849678,80.1885299683,64181,64191,10
12.9489297867,80.1873931885,64191,64201,10
12.9490098953,80.1863632202,64201,64211,10
12.9489803314,80.1854171753,64211,64241,30
12.9489803314,80.1854171753,64241,64252,11
12.9489803314,80.1854019165,64252,64262,10
12.9490203857,80.1850128174,64262,64272,10
12.9490995407,80.1844024658,64272,64282,10
12.9491596222,80.183921814,64282,64292,10
12.9491796494,80.1838531494,64292,64302,10
12.9492197037,80.1836776733,64302,64311,9
12.9493198395,80.1831436157,64311,64322,11
12.9494695663,80.182258606,64322,64332,10
12.9496297836,80.1813964844,64332,64342,10
12.9497098923,80.1809616089,64342,64353,11
12.9498796463,80.1801834106,64353,64363,10
12.9500703812,80.1792526245,64363,64373,10
12.9503602982,80.1781234741,64373,64383,10
12.9506797791,80.1769104004,64383,64393,10
12.9509801865,80.1756591797,64393,64403,10
12.9511995316,80.1745071411,64403,64413,10
12.9514102936,80.1735076904,64413,64423,10
12.9516296387,80.172416687,64423,64433,10
12.9517803192,80.1715087891,64433,64443,10
12.9518299103,80.1711578369,64443,64453,10
12.9519500732,80.1705780029,64453,64464,11
12.9520397186,80.1701202393,64464,64474,10
12.952050209,80.1700820923,64474,64484,10
12.9520702362,80.1699981689,64484,64494,10
12.9521503448,80.1695098877,64494,64504,10
12.9522895813,80.1687011719,64504,64514,10
12.9524698257,80.1679382324,64514,64524,10
12.9528198242,80.166633606,64524,64534,10
12.9531002045,80.165397644,64534,64544,10
12.953379631,80.1641082764,64544,64554,10
12.9536504745,80.1628723145,64554,64565,11
12.953909874,80.1616363525,64565,64575,10
12.9541501999,80.1605377197,64575,64585,10
12.9542999268,80.1597824097,64585,64595,10
12.9544200897,80.1591567993,64595,64605,10
12.9544696808,80.1588363647,64605,64615,10
12.9545202255,80.1585388184,64615,64625,10
12.9545297623,80.1584320068,64625,64635,10
12.9546298981,80.1580123901,64635,64645,10
12.9547996521,80.1572723389,64645,64655,10
12.9550104141,80.1563720703,64655,64665,10
12.9552402496,80.1553192139,64665,64676,11
12.955499649,80.1540908813,64676,64686,10
12.9558601379,80.1529388428,64686,64696,10
12.9565496445,80.1519470215,64696,64706,10
12.9574699402,80.1511764526,64706,64716,10
12.9582099915,80.1505737305,64716,64726,10
12.9589004517,80.1500320435,64726,64736,10
12.9595098495,80.1493835449,64736,64746,10
12.9597101212,80.1485671997,64746,64756,10
12.9598798752,80.1477432251,64756,64766,10
12.9600601196,80.1469116211,64766,64777,11
12.9602499008,80.1459884644,64777,64787,10
12.9603099823,80.1455993652,64787,64797,10
12.9602804184,80.1452789307,64797,64806,9
12.9606103897,80.1453018188,64806,64817,11
12.9612998962,80.1456985474,64817,64827,10
12.9621801376,80.1461868286,64827,64837,10
12.9631099701,80.1466903687,64837,64847,10
12.9639196396,80.1472167969,64847,64857,10
12.9645395279,80.1475906372,64857,64867,10
12.9649200439,80.1478424072,64867,64877,10
12.9656000137,80.1482162476,64877,64888,11
12.9664096832,80.148651123,64888,64898,10
12.9672203064,80.1490402222,64898,64928,30
12.9672203064,80.1490402222,64928,64938,10
12.9673595428,80.1491088867,64938,64948,10
12.9677600861,80.1493301392,64948,64958,10
12.9683103561,80.149559021,64958,64978,20
12.9683103561,80.149559021,64978,64989,11
12.9683904648,80.1495895386,64989,64999,10
12.9686002731,80.1496963501,64999,65009,10
12.9689302444,80.1498336792,65009,65231,222
12.9689302444,80.1498336792,65231,65241,10
12.9693403244,80.1500778198,65241,65251,10
12.9697303772,80.1502838135,65251,65261,10
12.9697904587,80.1502914429,65261,65271,10
12.9698896408,80.1503295898,65271,65281,10
12.9702997208,80.1505432129,65281,65291,10
12.9709796906,80.1508789063,65291,65302,11
12.9718198776,80.151260376,65302,65312,10
12.9724397659,80.1517410278,65312,65322,10
12.9728298187,80.1522674561,65322,65332,10
12.9730501175,80.1525726318,65332,65352,20
12.9730501175,80.1525726318,65352,65362,10
12.9731197357,80.152633667,65362,65372,10
12.9732503891,80.1528701782,65372,65382,10
12.9733800888,80.1530685425,65382,65423,41
12.9733800888,80.1530685425,65423,65433,10
12.9732198715,80.153137207,65433,65443,10
12.972990036,80.1527633667,65443,65453,10
12.9726200104,80.1521987915,65453,65463,10
12.9721899033,80.1516113281,65463,65473,10
12.9715995789,80.1511993408,65473,65483,10
12.9710102081,80.1509170532,65483,65493,10
12.9703502655,80.1505966187,65493,65503,10
12.9696903229,80.1503372192,65503,65514,11
12.9693202972,80.1501998901,65514,65544,30
12.9693202972,80.1501998901,65544,65554,10
12.9690999985,80.1500701904,65554,65564,10
12.9689102173,80.1499786377,65564,65574,10
12.9688196182,80.1499404907,65574,65584,10
12.9685497284,80.1498031616,65584,65594,10
12.9681901932,80.1496200562,65594,65604,10
12.9680099487,80.1495437622,65604,65615,11
12.9676399231,80.1493606567,65615,65625,10
12.9671897888,80.1491394043,65625,65635,10
12.9667901993,80.1489486694,65635,65645,10
12.9664802551,80.1488113403,65645,65655,10
12.9661798477,80.1486434937,65655,65665,10
12.9659204483,80.1485137939,65665,65675,10
12.9657402039,80.1484222412,65675,65685,10
12.9651699066,80.148109436,65685,65695,10
12.9642801285,80.1476211548,65695,65705,10
12.9635295868,80.1472625732,65705,65716,11
12.9627103806,80.1468811035,65716,65726,10
12.9619398117,80.1464614868,65726,65736,10
12.9611501694,80.1460418701,65736,65746,10
12.9604701996,80.1456985474,65746,65756,10
12.9602003098,80.1460571289,65756,65766,10
12.9600200653,80.1469421387,65766,65776,10
12.959810257,80.1480026245,65776,65786,10
12.9596300125,80.1489181519,65786,65796,10
12.9585599899,80.1504516602,65796,65816,20
12.9585599899,80.1504516602,65816,65827,11
12.9582300186,80.1507034302,65827,65837,10
12.9576196671,80.1511611938,65837,65847,10
12.9568195343,80.151802063,65847,65857,10
12.9560098648,80.1526870728,65857,65867,10
12.9555397034,80.1539535522,65867,65877,10
12.9552202225,80.1553726196,65877,65887,10
12.9549398422,80.1567230225,65887,65897,10
12.9547100067,80.1578598022,65897,65907,10
12.9545202255,80.1588363647,65907,65917,10
12.9543199539,80.1597290039,65917,65928,11
12.9540901184,80.1608581543,65928,65938,10
12.9538497925,80.1620178223,65938,65948,10
12.9535999298,80.1632003784,65948,65958,10
12.9533195496,80.1644821167,65958,65968,10
12.953040123,80.1657867432,65968,65978,10
12.9527196884,80.1671295166,65978,65988,10
12.9523496628,80.168548584,65988,65998,10
12.9520998001,80.1699981689,65998,66008,10
12.9519996643,80.1707382202,66008,66018,10
12.9519195557,80.1712493896,66018,66028,10
12.9517297745,80.1722717285,66028,66039,11
12.9514703751,80.1736602783,66039,66049,10
12.951259613,80.174621582,66049,66059,10
12.9510402679,80.1755599976,66059,66072,13
12.9507904053,80.1767196655,66072,66082,10
12.9503602982,80.178352356,66082,66092,10
12.9500303268,80.1796875,66092,66102,10
12.9498100281,80.1809082031,66102,66112,10
12.949640274,80.1818313599,66112,66122,10
12.9494400024,80.1828994751,66122,66132,10
12.9493198395,80.1837692261,66132,66143,11
12.9492998123,80.1839981079,66143,66153,10
12.949259758,80.1842422485,66153,66163,10
12.9492397308,80.1851196289,66163,66233,70
12.9492397308,80.1851196289,66233,66244,11
12.9492301941,80.1853637695,66244,66254,10
12.9491596222,80.1859970093,66254,66264,10
12.9490995407,80.1868362427,66264,66274,10
12.9490203857,80.1876296997,66274,66284,10
12.9489402771,80.1884765625,66284,66294,10
12.9489002228,80.1891326904,66294,66304,10
12.9487895966,80.1899795532,66304,66314,10
12.9486904144,80.1911621094,66314,66324,10
12.9486303329,80.192489624,66324,66334,10
12.9486103058,80.1936187744,66334,66344,10
12.9485797882,80.1947937012,66344,66355,11
12.9485797882,80.1953811646,66355,66365,10
12.9485998154,80.1956329346,66365,66375,10
12.9486103058,80.1957626343,66375,66385,10
12.9486103058,80.1958389282,66385,66395,10
12.9485797882,80.1964111328,66395,66405,10
12.948559761,80.1973724365,66405,66415,10
12.9485702515,80.1982574463,66415,66425,10
12.948559761,80.1984634399,66425,66435,10
12.948559761,80.198638916,66435,66445,10
12.9485797882,80.198928833,66445,66456,11
12.948559761,80.1993713379,66456,66466,10
12.9485998154,80.2001113892,66466,66476,10
12.9486198425,80.2011032104,66476,66486,10
12.9486598969,80.2020721436,66486,66496,10
12.9486999512,80.2030563354,66496,66506,10
12.9486999512,80.2038421631,66506,66516,10
12.9487304688,80.2046737671,66516,66526,10
12.9487600327,80.2062225342,66526,66536,10
12.9486999512,80.2073974609,66536,66546,10
12.9486198425,80.2083587646,66546,66557,11
12.9486103058,80.2087783813,66557,66567,10
12.9486103058,80.2089691162,66567,66617,50
12.9486103058,80.2089691162,66617,66627,10
12.9486999512,80.2091064453,66627,66637,10
12.9486503601,80.2093887329,66637,66647,10
12.9486303329,80.2098007202,66647,66890,243
12.9486598969,80.2100067139,66890,66910,20
12.9486598969,80.2100067139,66910,66920,10
12.9485197067,80.2102966309,66920,66930,10
12.9484500885,80.210899353,66930,66940,10
12.9484500885,80.2117919922,66940,66950,10
12.9484796524,80.212677002,66950,66960,10
12.9486103058,80.2140274048,66960,66970,10
12.9487104416,80.2151412964,66970,66981,11
12.9488401413,80.2163772583,66981,66991,10
12.9489603043,80.2175827026,66991,67001,10
12.9490804672,80.2187728882,67001,67011,10
12.9491996765,80.2199935913,67011,67021,10
12.9493503571,80.221321106,67021,67031,10
12.9494400024,80.2227325439,67031,67041,10
12.9495000839,80.2241210938,67041,67051,10
12.9495601654,80.2254562378,67051,67061,10
12.949640274,80.2268218994,67061,67071,10
12.9497003555,80.2280807495,67071,67081,10
12.9497804642,80.229637146,67081,67092,11
12.9498796463,80.2309875488,67092,67102,10
12.9499797821,80.2320175171,67102,67112,10
12.9500703812,80.2330322266,67112,67132,20
12.9500703812,80.2330322266,67132,67142,10
12.9500904083,80.2333831787,67142,67152,10
12.9501199722,80.2339782715,67152,67162,10
12.9500703812,80.2347183228,67162,67172,10
12.9499998093,80.2356033325,67172,67233,61
12.9499998093,80.2356033325,67233,67243,10
12.9499197006,80.236000061,67243,67253,10
12.9498195648,80.2365036011,67253,67263,10
12.9496803284,80.2372283936,67263,67273,10
12.9495601654,80.2381362915,67273,67283,10
12.9493904114,80.2390670776,67283,67294,11
12.9492101669,80.239906311,67294,67304,10
12.9490995407,80.2404327393,67304,67314,10
12.9490995407,80.2404632568,67314,67324,10
12.9490995407,80.240562439,67324,67334,10
12.9491996765,80.240852356,67334,67344,10
12.9497299194,80.2410583496,67344,67354,10
12.950969696,80.2413864136,67354,67374,20
12.950969696,80.2413864136,67374,67384,10
12.9511003494,80.2414398193,67384,67394,10
12.9516000748,80.2416229248,67394,67405,11
12.9524297714,80.2419128418,67405,67415,10
12.9533500671,80.2422637939,67415,67425,10
12.9540700912,80.2425231934,67425,67435,10
12.954750061,80.2427978516,67435,67445,10
12.9554700851,80.243057251,67445,67455,10
12.9562397003,80.2432937622,67455,67465,10
12.9564800262,80.2433929443,67465,67475,10
12.9567699432,80.2435073853,67475,67485,10
12.9573898315,80.243850708,67485,67495,10
12.9580202103,80.2441482544,67495,67506,11
12.9587097168,80.2444229126,67506,67516,10
12.9589195251,80.2444915771,67516,67526,10
12.95911026,80.2445907593,67526,67536,10
12.9596595764,80.2448806763,67536,67546,10
12.9604701996,80.2452392578,67546,67556,10
12.9614095688,80.2456893921,67556,67566,10
12.9623098373,80.2461471558,67566,67576,10
12.9628896713,80.2463989258,67576,67657,81
12.9628896713,80.2463989258,67657,67667,10
12.9629402161,80.2465362549,67667,67677,10
12.9632396698,80.2466812134,67677,67687,10
12.963549614,80.2468338013,67687,67697,10
12.9639902115,80.2470092773,67697,67707,10
12.9646997452,80.2472610474,67707,67718,11
12.9654397964,80.2474899292,67718,67728,10
12.9660902023,80.2477111816,67728,67738,10
12.9665603638,80.2479019165,67738,67768,30
12.9665603638,80.2479019165,67768,67778,10
12.9666700363,80.2479476929,67778,67788,10
12.9669103622,80.2480773926,67788,67798,10
12.9673995972,80.2483291626,67798,67808,10
12.9682197571,80.2486724854,67808,67819,11
12.9692802429,80.2490921021,67819,67829,10
12.9703197479,80.24949646,67829,67839,10
12.9714403152,80.2498626709,67839,67849,10
12.9725599289,80.2501373291,67849,67859,10
12.9735298157,80.2503890991,67859,67869,10
12.9742803574,80.2505874634,67869,67879,10
12.9752502441,80.2508621216,67879,67889,10
12.976360321,80.2511672974,67889,67899,10
12.9773597717,80.2515411377,67899,67909,10
12.9779996872,80.2520294189,67909,67919,10
12.9783000946,80.2522735596,67919,67930,11
12.9784402847,80.2524032593,67930,67940,10
12.9789600372,80.2526321411,67940,67950,10
12.9795598984,80.2527236938,67950,67960,10
12.9800100327,80.252746582,67960,67970,10
12.9806404114,80.2527389526,67970,67980,10
12.9814395905,80.2527084351,67980,67990,10
12.9821395874,80.2526779175,67990,68000,10
12.9826602936,80.2526397705,68000,68111,111
12.9826602936,80.2526397705,68111,68121,10
12.9827003479,80.2526321411,68121,68132,11
12.9830198288,80.2526092529,68132,68142,10
12.9833498001,80.252571106,68142,68152,10
12.9838104248,80.2524795532,68152,68162,10
12.9843597412,80.2523193359,68162,68172,10
12.9848299026,80.2521972656,68172,68182,10
12.9853401184,80.2520523071,68182,68192,10
12.9857902527,80.2519226074,68192,68202,10
12.9862499237,80.2518081665,68202,68212,10
12.9867296219,80.2516784668,68212,68222,10
12.9872398376,80.2515182495,68222,68475,253
12.9872398376,80.2515182495,68475,68485,10
12.9874296188,80.2514801025,68485,68495,10
12.9877195358,80.2514419556,68495,68505,10
12.9879102707,80.2516937256,68505,68515,10
12.9879598618,80.2518920898,68515,68525,10
12.9880104065,80.2521972656,68525,68535,10
12.9879798889,80.2528076172,68535,68545,10
12.9879102707,80.2535171509,68545,68556,11
12.987830162,80.2543716431,68556,68566,10
12.9877195358,80.2554397583,68566,68798,232
12.9877195358,80.2554397583,68798,68808,10
12.9876298904,80.2554702759,68808,68818,10
12.9876098633,80.2557220459,68818,68828,10
12.9875497818,80.256111145,68828,68838,10
12.9875097275,80.2567596436,68838,68848,10
12.987449646,80.2574386597,68848,68858,10
12.9874000549,80.2582702637,68858,68869,11
12.9873399734,80.2590408325,68869,68879,10
12.9872198105,80.2594909668,68879,68939,60
12.9872198105,80.2594909668,68939,68949,10
12.9869003296,80.2596817017,68949,68959,10
12.9869298935,80.2593307495,68959,69919,960
12.9869298935,80.2593307495,69919,69929,10
12.9870004654,80.2590713501,69929,69939,10
12.9871997833,80.2591018677,69939,69949,10
12.987279892,80.2587966919,69949,69959,10
12.9873399734,80.2581634521,69959,69969,10
12.9874000549,80.2572784424,69969,69999,30
12.9874000549,80.2572784424,69999,70010,11
12.9874296188,80.2570419312,70010,70020,10
12.9874696732,80.2566223145,70020,70030,10
12.9875001907,80.2560424805,70030,70050,20
12.9875001907,80.2560424805,70050,70060,10
12.9876098633,80.2557296753,70060,70070,10
12.987660408,80.2552719116,70070,70080,10
12.9876699448,80.2550506592,70080,70090,10
12.9876699448,80.2548980713,70090,70100,10
12.9877099991,80.2543792725,70100,70111,11
12.987739563,80.2538833618,70111,70120,9
12.9877996445,80.2534637451,70120,70131,11
12.987859726,80.2527923584,70131,70141,10
12.9878902435,80.2525177002,70141,70151,10
12.9879102707,80.2523117065,70151,70161,10
12.9878702164,80.2519989014,70161,70171,10
12.9877195358,80.2516021729,70171,70181,10
12.9874801636,80.2516479492,70181,70191,10
12.9874000549,80.2516708374,70191,70201,10
12.9872198105,80.2516784668,70201,70211,10
12.987039566,80.2516784668,70211,70222,11
12.9866504669,80.2517776489,70222,70232,10
12.9861698151,80.2519226074,70232,70242,10
12.9855604172,80.2520980835,70242,70252,10
12.9849996567,80.2522506714,70252,70262,10
12.98458004,80.2523574829,70262,70272,10
12.9841499329,80.2524719238,70272,70282,10
12.9834299088,80.2526473999,70282,70292,10
12.9825496674,80.2527389526,70292,70302,10
12.9815597534,80.2527618408,70302,70312,10
12.9806098938,80.2527999878,70312,70323,11
12.9799995422,80.2528610229,70323,70333,10
12.9792900085,80.252746582,70333,70343,10
12.9785404205,80.2526168823,70343,70363,20
12.9785404205,80.2526168823,70363,70373,10
12.9783096313,80.252456665,70373,70383,10
12.977809906,80.2520370483,70383,70393,10
12.9771299362,80.2515029907,70393,70403,10
12.9761695862,80.2511672974,70403,70413,10
12.9751396179,80.250869751,70413,70423,10
12.9739999771,80.2505493164,70423,70434,11
12.9729604721,80.2502670288,70434,70444,10
12.972029686,80.2500305176,70444,70454,10
12.9709100723,80.2497406006,70454,70464,10
12.969619751,80.2492904663,70464,70474,10
12.9683904648,80.2488021851,70474,70484,10
12.967300415,80.248336792,70484,70494,10
12.9664096832,80.2479095459,70494,70504,10
12.9656496048,80.2475662231,70504,70514,10
12.9651699066,80.247428894,70514,70524,10
12.9651203156,80.2474212646,70524,70535,11
12.9649801254,80.2473678589,70535,70545,10
12.9646596909,80.247253418,70545,70555,10
12.9645595551,80.2472000122,70555,70565,10
12.9641504288,80.2470397949,70565,70575,10
12.9637298584,80.246887207,70575,70585,10
12.9632396698,80.2466506958,70585,70595,10
12.9624500275,80.2462615967,70595,70605,10
12.9615097046,80.2457885742,70605,70615,10
12.9604997635,80.2453079224,70615,70625,10
12.959400177,80.2448806763,70625,70646,21
12.959400177,80.2448806763,70646,70656,10
12.9593000412,80.2448196411,70656,70666,10
12.9589099884,80.2446212769,70666,70676,10
12.9582700729,80.2443389893,70676,70686,10
12.9576396942,80.244102478,70686,70696,10
12.9569396973,80.243888855,70696,70706,10
12.9564304352,80.2437591553,70706,70747,41
12.9564304352,80.2437591553,70747,70757,10
12.956319809,80.2437362671,70757,70767,10
12.9559698105,80.243560791,70767,70777,10
12.9553699493,80.2432327271,70777,70787,10
12.9546098709,80.2428665161,70787,70797,10
12.9539299011,80.2425689697,70797,70807,10
12.9533700943,80.2423324585,70807,70817,10
12.9528598785,80.2421417236,70817,70827,10
12.9521999359,80.241897583,70827,70837,10
12.9516897202,80.2417221069,70837,70858,21
12.9516897202,80.2417221069,70858,70868,10
12.9515304565,80.2416687012,70868,70878,10
12.9511003494,80.2415008545,70878,70888,10
12.9503498077,80.2412490845,70888,70898,10
12.9492502213,80.2409210205,70898,70938,40
12.9492502213,80.2409210205,70938,70948,10
12.9490499496,80.2408370972,70948,70959,11
12.9488601685,80.2404632568,70959,70969,10
12.9491100311,80.2394104004,70969,70989,20
12.9491100311,80.2394104004,70989,70999,10
12.9491701126,80.2392272949,70999,71009,10
12.9493103027,80.2387313843,71009,71019,10
12.9494199753,80.2380599976,71019,71029,10
12.9495401382,80.2373275757,71029,71039,10
12.9496097565,80.236618042,71039,71049,10
12.949669838,80.2361373901,71049,71080,31
12.949669838,80.2361373901,71080,71090,10
12.9497203827,80.235786438,71090,71100,10
12.9498195648,80.2351913452,71100,71110,10
12.9498996735,80.2344970703,71110,71120,10
12.9499197006,80.2339401245,71120,71150,30
12.9499197006,80.2339401245,71150,71161,11
12.9499197006,80.2337188721,71161,71171,10
12.9499397278,80.233291626,71171,71181,10
12.9499197006,80.2327880859,71181,71191,10
12.9499197006,80.2324523926,71191,71201,10
12.9498996735,80.2320785522,71201,71211,10
12.9498596191,80.2317581177,71211,71221,10
12.949839592,80.2313919067,71221,71231,10
12.9498195648,80.2311172485,71231,71241,10
12.9498100281,80.2307434082,71241,71251,10
12.949760437,80.2300567627,71251,71261,10
12.9497003555,80.2291870117,71261,71272,11
12.949640274,80.2280731201,71272,71282,10
12.9495897293,80.2269668579,71282,71292,10
12.9495296478,80.2257995605,71292,71302,10
12.9494695663,80.2245635986,71302,71312,10
12.9494104385,80.2232971191,71312,71322,10
12.9493398666,80.2220001221,71322,71332,10
12.9492301941,80.2206573486,71332,71342,10
12.9490804672,80.2192764282,71342,71352,10
12.9489402771,80.217880249,71352,71362,10
12.948800087,80.2164535522,71362,71372,10
12.9486398697,80.2148666382,71372,71383,11
12.9484996796,80.2134780884,71383,71393,10
12.9483995438,80.2122802734,71393,71403,10
12.9483604431,80.2111434937,71403,71413,10
12.9483299255,80.2105331421,71413,71423,10
12.9483203888,80.2103271484,71423,71433,10
12.9483098984,80.210067749,71433,71443,10
12.9483699799,80.209777832,71443,71453,10
12.9484195709,80.2092590332,71453,71463,10
12.9484500885,80.2088165283,71463,71494,31
12.9484500885,80.2088165283,71494,71504,10
12.9484796524,80.2084274292,71504,71514,10
12.9485397339,80.2078018188,71514,71524,10
12.9486198425,80.2069473267,71524,71534,10
12.9486598969,80.2060089111,71534,71544,10
12.9486598969,80.2049407959,71544,71554,10
12.9486103058,80.2037963867,71554,71564,10
12.9485797882,80.202796936,71564,71574,10
12.9485397339,80.201499939,71574,71585,11
12.9484996796,80.2006072998,71585,71595,10
12.9484796524,80.2002716064,71595,71605,10
12.9484596252,80.1999206543,71605,71655,50
12.9484596252,80.1999206543,71655,71665,10
12.9484395981,80.1995162964,71665,71716,51
12.9484395981,80.1995162964,71716,71726,10
12.9484596252,80.1991424561,71726,71736,10
12.9484300613,80.1989517212,71736,71746,10
12.9484300613,80.1985015869,71746,71756,10
12.9484100342,80.1977996826,71756,71766,10
12.9484300613,80.1969909668,71766,71776,10
12.9484395981,80.196182251,71776,71786,10
12.9484300613,80.1955871582,71786,71807,21
12.9484300613,80.1955871582,71807,71817,10
12.9484395981,80.1953125,71817,71827,10
12.9484395981,80.1948013306,71827,71837,10
12.9484500885,80.1940383911,71837,71847,10
12.9484796524,80.1931381226,71847,71857,10
12.94851017,80.1921310425,71857,71867,10
12.948559761,80.1910324097,71867,71877,10
12.9486198425,80.1900634766,71877,71886,9
12.9486999512,80.1893997192,71886,71898,12
12.9487895966,80.188369751,71898,71908,10
12.9488897324,80.187286377,71908,71918,10
12.9489803314,80.1862030029,71918,71928,10
12.9489297867,80.1853866577,71928,71988,60
12.9489297867,80.1853866577,71988,71998,10
12.948969841,80.185333252,71998,72009,11
12.9490299225,80.1848068237,72009,72019,10
12.9491195679,80.1838607788,72019,72039,20
12.9491195679,80.1838607788,72039,72049,10
12.9491701126,80.1835784912,72049,72059,10
12.9492797852,80.1830215454,72059,72069,10
12.9494104385,80.1823120117,72069,72079,10
12.9495401382,80.1815567017,72079,72089,10
12.9496498108,80.1809692383,72089,72099,10
12.9497804642,80.1803207397,72099,72110,11
12.9499597549,80.1793823242,72110,72120,10
12.9502096176,80.1783905029,72120,72130,10
12.9504995346,80.1772766113,72130,72140,10
12.950799942,80.176071167,72140,72150,10
12.9510498047,80.1748123169,72150,72160,10
12.9512796402,80.1737976074,72160,72170,10
12.951499939,80.1727371216,72170,72180,10
12.9516801834,80.1716384888,72180,72190,10
12.951880455,80.1705627441,72190,72200,10
12.9520797729,80.1693878174,72200,72211,11
12.9523601532,80.1680526733,72211,72221,10
12.9526996613,80.1668014526,72221,72231,10
12.9530000687,80.1654968262,72231,72241,10
12.9532804489,80.1641921997,72241,72251,10
12.9535799026,80.1628265381,72251,72261,10
12.9538602829,80.1614837646,72261,72271,10
12.9541196823,80.1602020264,72271,72281,10
12.9542999268,80.1592407227,72281,72291,10
12.9544000626,80.1586532593,72291,72301,10
12.9544200897,80.1585235596,72301,72311,10
12.9544401169,80.1584701538,72311,72322,11
12.9545497894,80.1579971313,72322,72332,10
12.95470047,80.1572799683,72332,72342,10
12.9548797607,80.1564331055,72342,72352,10
12.9551000595,80.155418396,72352,72362,10
12.9553499222,80.154296875,72362,72372,10
12.9556903839,80.153137207,72372,72382,10
12.9562501907,80.1521606445,72382,72392,10
12.9570503235,80.1514511108,72392,72402,10
12.957909584,80.1507415771,72402,72412,10
12.9585800171,80.150177002,72412,72433,21
12.9585800171,80.150177002,72433,72443,10
12.9587602615,80.1500930786,72443,72453,10
12.9591798782,80.1497573853,72453,72463,10
12.9595298767,80.1491012573,72463,72473,10
12.959690094,80.1483383179,72473,72483,10
12.9598398209,80.1475830078,72483,72493,10
12.9600000381,80.1468200684,72493,72503,10
12.9601697922,80.1459579468,72503,72513,10
12.9602003098,80.1455612183,72513,72523,10
12.9599103928,80.1453170776,72523,72534,11
12.9591798782,80.1449279785,72534,72544,10
12.9583301544,80.1444702148,72544,72554,10
12.9575796127,80.1439819336,72554,72564,10
12.9568395615,80.1436004639,72564,72574,10
12.9563302994,80.1433563232,72574,72584,10
12.9562997818,80.1433410645,72584,72594,10
12.9561901093,80.1432876587,72594,72604,10
12.9558095932,80.1430206299,72604,72614,10
12.9550800323,80.1426315308,72614,72624,10
12.9541597366,80.1421279907,72624,72635,11
12.953209877,80.1416397095,72635,72645,10
12.9527397156,80.1413574219,72645,72655,10
12.9523000717,80.1410064697,72655,72665,10
12.951880455,80.1407089233,72665,72675,10
12.951499939,80.1404876709,72675,72705,30
12.951499939,80.1404876709,72705,72715,10
12.9513597488,80.1403503418,72715,72725,10
12.9510002136,80.1400680542,72725,72735,10
12.9505500793,80.1397705078,72735,72756,21
12.9505500793,80.1397705078,72756,72766,10
12.9504804611,80.1397628784,72766,72776,10
12.9502496719,80.1395492554,72776,72786,10
12.9497699738,80.1391677856,72786,72796,10
12.9493303299,80.1387786865,72796,72806,10
12.9486904144,80.1382522583,72806,72816,10
12.9479198456,80.1376800537,72816,72826,10
12.9473199844,80.1372375488,72826,72836,10
12.9465904236,80.136680603,72836,72847,11
12.9456796646,80.1359710693,72847,72857,10
12.9447898865,80.1352996826,72857,72867,10
12.9439496994,80.1346588135,72867,72877,10
12.9433097839,80.1341171265,72877,72887,10
12.9427700043,80.1335830688,72887,72897,10
12.942199707,80.1330337524,72897,72907,10
12.941570282,80.1323776245,72907,72917,10
12.9409399033,80.131690979,72917,72927,10
12.9402799606,80.1309890747,72927,72937,10
12.9395704269,80.1302871704,72937,72948,11
12.9387397766,80.1295471191,72948,72958,10
12.9379196167,80.1288604736,72958,72968,10
12.9372396469,80.128288269,72968,72978,10
12.936750412,80.1278991699,72978,72988,10
12.9367103577,80.1278610229,72988,72998,10
12.9366703033,80.127822876,72998,73008,10
12.9363603592,80.1275634766,73008,73018,10
12.9357404709,80.1269836426,73018,73028,10
12.9350404739,80.1263275146,73028,73038,10
12.9340400696,80.1253890991,73038,73048,10
12.933139801,80.1245193481,73048,73059,11
12.9322500229,80.1236495972,73059,73069,10
12.9317398071,80.1232223511,73069,73079,10
12.9315500259,80.1230163574,73079,73089,10
12.9311599731,80.1225509644,73089,73099,10
12.9305801392,80.1219482422,73099,73109,10
12.9298601151,80.1212615967,73109,73119,10
12.9290599823,80.1204299927,73119,73129,10
12.9282302856,80.1195678711,73129,73139,10
12.927740097,80.1190795898,73139,73149,10
12.9275302887,80.1188583374,73149,73160,11
12.9274196625,80.1187591553,73160,73170,10
12.9273004532,80.118637085,73170,73210,40
12.9273004532,80.118637085,73210,73220,10
12.9272403717,80.118560791,73220,73230,10
12.9270896912,80.1183929443,73230,73281,51
12.9270896912,80.1183929443,73281,73291,10
12.9268102646,80.1181182861,73291,73301,10
12.9262199402,80.1175918579,73301,73321,20
12.9262199402,80.1175918579,73321,73331,10
12.9261398315,80.1175003052,73331,73341,10
12.9259195328,80.1173477173,73341,73351,10
12.9255199432,80.1170120239,73351,73361,10
12.9250402451,80.1165390015,73361,73372,11
12.9245300293,80.1160202026,73372,73382,10
12.9242401123,80.1157226563,73382,73392,10
12.9240198135,80.1155090332,73392,73402,10
12.9238100052,80.1151733398,73402,73412,10
12.9239997864,80.1150436401,73412,73422,10
12.924249649,80.1152191162,73422,73432,10
12.9245300293,80.1155319214,73432,73442,10
12.9250602722,80.1160812378,73442,73452,10
12.925620079,80.1166534424,73452,73462,10
12.9259395599,80.1170120239,73462,73472,10
12.9260597229,80.1171722412,73472,73483,11
12.9261903763,80.1173706055,73483,73493,10
12.9263000488,80.1175003052,73493,73503,10
12.9266796112,80.1178665161,73503,73584,81
12.9266796112,80.1178665161,73584,73594,10
12.9269895554,80.1180877686,73594,73634,40
12.9272298813,80.1183700562,73634,73654,20
12.9272298813,80.1183700562,73654,73664,10
12.927359581,80.1185913086,73664,73674,10
12.9276504517,80.1188964844,73674,73685,11
12.9285297394,80.119758606,73685,73695,10
12.9285297394,80.119758606,73695,73705,10
12.928730011,80.1199569702,73705,73715,10
12.9288702011,80.1201019287,73715,73877,162
12.9288702011,80.1201019287,73877,73887,10
12.9292297363,80.1204376221,73887,73898,11
12.9295902252,80.1207962036,73898,73918,20
12.9295902252,80.1207962036,73918,73928,10
12.9298601151,80.1210632324,73928,73938,10
12.9301795959,80.121383667,73938,73948,10
12.9306497574,80.1218719482,73948,73958,10
12.9311103821,80.1223373413,73958,73968,10
12.9313297272,80.1225509644,73968,73988,20
12.9313297272,80.1225509644,73988,73998,10
12.9314899445,80.1227264404,73998,74009,11
12.931810379,80.1230773926,74009,74019,10
12.9322900772,80.123588562,74019,74029,10
12.9329204559,80.1242218018,74029,74039,10
12.9336099625,80.1249084473,74039,74049,10
12.9343595505,80.1256332397,74049,74059,10
12.9350795746,80.1262969971,74059,74069,10
12.9355697632,80.1266326904,74069,74079,10
12.9357995987,80.1267929077,74079,74089,10
12.9359302521,80.1269378662,74089,74099,10
12.9362602234,80.127281189,74099,74110,11
12.9365501404,80.1275024414,74110,74120,10
12.9367599487,80.1273193359,74120,74130,10
12.9370803833,80.1269073486,74130,74140,10
12.9375200272,80.1271362305,74140,74150,10
12.9374904633,80.1277008057,74150,74200,50
12.9374904633,80.1277008057,74200,74210,10
12.9373598099,80.1278686523,74210,74221,11
12.9372701645,80.1280517578,74221,74231,10
12.9373998642,80.1281890869,74231,74241,10
12.9376802444,80.1284103394,74241,74251,10
12.9380998611,80.1288604736,74251,74261,10
12.9386997223,80.12940979,74261,74271,10
12.9392795563,80.1299285889,74271,74281,10
12.9401502609,80.1307830811,74281,74291,10
12.9408597946,80.131477356,74291,74301,10
12.9415302277,80.1321487427,74301,74311,10
12.9420404434,80.1326599121,74311,74322,11
12.9424200058,80.1330566406,74322,74332,10
12.9429197311,80.1335983276,74332,74342,10
12.9435100555,80.1341781616,74342,74352,10
12.9440202713,80.1346206665,74352,74362,10
12.944319725,80.1348571777,74362,74372,10
12.9448003769,80.1352005005,74372,74382,10
12.9452295303,80.135559082,74382,74392,10
12.9456300735,80.1358566284,74392,74402,10
12.9460296631,80.1361923218,74402,74412,10
12.9465303421,80.1365814209,74412,74423,11
12.9470701218,80.136932373,74423,74433,10
12.9473800659,80.1371383667,74433,74534,101
12.9473800659,80.1371383667,74534,74544,10
12.9476604462,80.1373977661,74544,74554,10
12.9481096268,80.1377182007,74554,74564,10
12.9486904144,80.138130188,74564,74574,10
12.9492998123,80.1386108398,74574,74584,10
12.9499702454,80.1391372681,74584,74594,10
12.9506196976,80.1396026611,74594,74604,10
12.9510803223,80.1398620605,74604,74655,51
12.9510803223,80.1398620605,74655,74665,10
12.9513597488,80.140083313,74665,74675,10
12.9517202377,80.1403579712,74675,74685,10
12.9519901276,80.1407318115,74685,74695,10
12.9524297714,80.1410675049,74695,74715,20
12.9524297714,80.1410675049,74715,74725,10
12.9526996613,80.1412811279,74725,74735,10
12.953040123,80.1415176392,74735,74746,11
12.9533596039,80.1417236328,74746,74756,10
12.9537601471,80.1419525146,74756,74766,10
12.9543399811,80.1422576904,74766,74776,10
12.955039978,80.142616272,74776,74786,10
12.9557600021,80.1429672241,74786,74796,10
12.9565000534,80.1433410645,74796,74806,10
12.9572401047,80.1437301636,74806,74816,10
12.9578895569,80.1440582275,74816,74826,10
12.9584102631,80.1442871094,74826,74836,10
12.9589700699,80.144569397,74836,74847,11
12.95952034,80.144859314,74847,74857,10
12.959980011,80.145111084,74857,74867,10
12.9603796005,80.1453018188,74867,74877,10
12.9604997635,80.1455612183,74877,74887,10
12.9602499008,80.1459121704,74887,74897,10
12.960100174,80.1465530396,74897,74907,10
12.9599399567,80.1473083496,74907,74917,10
12.9597597122,80.148147583,74917,74927,10
12.9595804214,80.1490097046,74927,74937,10
12.9591703415,80.1499176025,74937,74948,11
12.9584999084,80.1504898071,74948,74968,20
12.9584999084,80.1504898071,74968,74978,10
12.9582996368,80.1506195068,74978,74988,10
12.9579000473,80.150932312,74988,74998,10
12.9573297501,80.1513900757,74998,75008,10
12.9566497803,80.1519393921,75008,75018,10
12.9559898376,80.1526870728,75018,75028,10
12.9555997849,80.153678894,75028,75038,10
12.9553203583,80.1547088623,75038,75048,10
12.9550800323,80.1558532715,75048,75059,11
12.9547996521,80.1572036743,75059,75069,10
12.9545602798,80.1583480835,75069,75079,10
12.9544696808,80.1588897705,75079,75099,20
12.9544696808,80.1588897705,75099,75109,10
12.9544200897,80.1591491699,75109,75119,10
12.9543399811,80.1596298218,75119,75129,10
12.9542398453,80.1600723267,75129,75139,10
12.954079628,80.1608963013,75139,75149,10
12.9538803101,80.1617965698,75149,75160,11
12.9536304474,80.1629180908,75160,75170,10
12.953379631,80.1640167236,75170,75180,10
12.9531297684,80.1651611328,75180,75190,10
12.952870369,80.1663513184,75190,75200,10
12.9525899887,80.1674575806,75200,75210,10
12.9522895813,80.1686172485,75210,75220,10
12.9520702362,80.1697998047,75220,75230,10
12.9518699646,80.1709213257,75230,75240,10
12.9516801834,80.1720428467,75240,75250,10
12.9514799118,80.1731567383,75250,75260,10
12.9512996674,80.174118042,75260,75271,11
12.9511699677,80.1748504639,75271,75281,10
12.9511003494,80.1751785278,75281,75291,10
12.9509496689,80.1758117676,75291,75301,10
12.9507703781,80.1765975952,75301,75311,10
12.9505195618,80.1774902344,75311,75321,10
12.9502696991,80.1784591675,75321,75331,10
12.9500102997,80.1794891357,75331,75341,10
12.9498195648,80.180519104,75341,75351,10
12.9496603012,80.1813735962,75351,75361,10
12.9495000839,80.1821365356,75361,75372,11
12.9493303299,80.18309021,75372,75382,10
12.9492197037,80.1839981079,75382,75432,50
12.9492197037,80.1839981079,75432,75442,10
12.9491596222,80.1840591431,75442,75452,10
12.9491300583,80.1844024658,75452,75462,10
12.9491300583,80.1847763062,75462,75473,11
12.9491596222,80.1850967407,75473,75493,20
12.9491596222,80.1850967407,75493,75503,10
12.9491596222,80.1851425171,75503,75513,10
12.9491195679,80.1854934692,75513,75523,10
12.9490604401,80.1860427856,75523,75533,10
12.9490203857,80.1866989136,75533,75543,10
12.9489498138,80.1874237061,75543,75553,10
12.9488697052,80.1881637573,75553,75563,10
12.948800087,80.1889038086,75563,75573,10
12.9486999512,80.1897583008,75573,75584,11
12.9486103058,80.1908721924,75584,75594,10
12.9485397339,80.1919403076,75594,75604,10
12.9485197067,80.1929702759,75604,75614,10
12.94851017,80.193901062,75614,75624,10
12.9484996796,80.1948928833,75624,75634,10
12.9485397339,80.1955413818,75634,75664,30
12.9485397339,80.1955413818,75664,75674,10
12.9485197067,80.1957626343,75674,75685,11
12.9484796524,80.1964492798,75685,75695,10
12.9484596252,80.197303772,75695,75705,10
12.9484500885,80.1982421875,75705,75715,10
12.9484901428,80.1990890503,75715,75725,10
12.9485301971,80.199546814,75725,75735,10
12.9485301971,80.1995620728,75735,75745,10
12.9485397339,80.1998062134,75745,75755,10
12.9485502243,80.2004089355,75755,75765,10
12.9485797882,80.2012481689,75765,75775,10
12.9486103058,80.2021789551,75775,75785,10
12.9486398697,80.2032775879,75785,75796,11
12.9486598969,80.2043685913,75796,75806,10
12.948679924,80.2054977417,75806,75816,10
12.9486503601,80.2066116333,75816,75826,10
12.9486198425,80.2075576782,75826,75836,10
12.9485397339,80.2085037231,75836,75846,10
12.9484996796,80.2092971802,75846,75876,30
12.9484996796,80.2092971802,75876,75886,10
12.9484500885,80.2093887329,75886,75897,11
12.9484395981,80.2098388672,75897,75907,10
12.9483995438,80.2102813721,75907,75917,10
12.9483604431,80.2109375,75917,75927,10
12.9483604431,80.2117614746,75927,75937,10
12.9484195709,80.2127838135,75937,75947,10
12.9485197067,80.2139129639,75947,75957,10
12.9486303329,80.2151031494,75957,75967,10
12.9487600327,80.2163391113,75967,75977,10
12.9488801956,80.2176132202,75977,75987,10
12.9490203857,80.2188873291,75987,75998,11
12.9491596222,80.2203216553,75998,76008,10
12.9492902756,80.2216567993,76008,76018,10
12.9493703842,80.2228469849,76018,76028,10
12.9494199753,80.2240371704,76028,76038,10
12.9494895935,80.2252883911,76038,76048,10
12.9495601654,80.2265930176,76048,76058,10
12.9496202469,80.2279129028,76058,76068,10
12.9497003555,80.2292404175,76068,76078,10
12.9497804642,80.2305297852,76078,76088,10
12.9498596191,80.2316970825,76088,76098,10
12.9500198364,80.2331619263,76098,76119,21
12.9500198364,80.2331619263,76119,76129,10
12.9500303268,80.2334213257,76129,76139,10
12.9500598907,80.2339630127,76139,76149,10
12.9499998093,80.2346878052,76149,76159,10
12.9499597549,80.2353515625,76159,76169,10
12.9498996735,80.235786438,76169,76179,10
12.9498596191,80.2359237671,76179,76189,10
12.9498100281,80.2362289429,76189,76199,10
12.9497003555,80.2368164063,76199,76210,11
12.9495897293,80.2376480103,76210,76220,10
12.9494800568,80.2384109497,76220,76230,10
12.9493198395,80.2392807007,76230,76240,10
12.9490804672,80.2404403687,76240,76270,30
12.9490804672,80.2404403687,76270,76280,10
12.9491100311,80.2405471802,76280,76290,10
12.949259758,80.2408905029,76290,76300,10
12.9497995377,80.2410736084,76300,76310,10
12.9511203766,80.2414398193,76310,76331,21
12.9511203766,80.2414398193,76331,76341,10
12.9512500763,80.2414779663,76341,76351,10
12.9517602921,80.2416763306,76351,76361,10
12.9524402618,80.2419128418,76361,76371,10
12.9532804489,80.2422409058,76371,76381,10
12.9537601471,80.2424316406,76381,76391,10
12.9543895721,80.24269104,76391,76401,10
12.9549102783,80.2429122925,76401,76411,10
12.9555997849,80.2431716919,76411,76422,11
12.9563102722,80.2434387207,76422,76442,20
12.9563102722,80.2434387207,76442,76452,10
12.956489563,80.2435379028,76452,76462,10
12.9570398331,80.2437591553,76462,76472,10
12.9577798843,80.2440795898,76472,76482,10
12.9584903717,80.2443466187,76482,76492,10
12.9587602615,80.2444381714,76492,76502,10
12.9588603973,80.2444992065,76502,76512,10
12.9592895508,80.2447128296,76512,76523,11
12.9599895477,80.2450408936,76523,76533,10
12.9608297348,80.2454299927,76533,76543,10
12.9618797302,80.2459411621,76543,76553,10
12.9633302689,80.2466583252,76553,76623,70
12.9633302689,80.2466583252,76623,76634,11
12.96352005,80.2467803955,76634,76644,10
12.9640598297,80.2469863892,76644,76654,10
12.9648504257,80.2472686768,76654,76664,10
12.965760231,80.2475891113,76664,76674,10
12.9668798447,80.2480621338,76674,76694,20
12.9668798447,80.2480621338,76694,76704,10
12.9669799805,80.2481231689,76704,76714,10
12.9675502777,80.2483825684,76714,76724,10
12.9683799744,80.2487335205,76724,76735,11
12.9694595337,80.2491912842,76735,76745,10
12.9704799652,80.2495880127,76745,76755,10
12.9715795517,80.2499237061,76755,76765,10
12.9727096558,80.2502212524,76765,76775,10
12.9738302231,80.25050354,76775,76785,10
12.9749898911,80.250831604,76785,76795,10
12.9761600494,80.251159668,76795,76805,10
12.9772901535,80.2515487671,76805,76815,10
12.9781503677,80.2521896362,76815,76825,10
12.9783802032,80.2523422241,76825,76836,11
12.9787197113,80.252532959,76836,76846,10
12.9796895981,80.2526931763,76846,76916,70
12.9796895981,80.2526931763,76916,76926,10
12.9799900055,80.2527008057,76926,76936,10
12.9806203842,80.2526931763,76936,76947,11
12.9815196991,80.2526779175,76947,76957,10
12.9825696945,80.2526397705,76957,76967,10
12.983710289,80.2524795532,76967,76977,10
12.9848403931,80.252166748,76977,76987,10
12.9858503342,80.2518768311,76987,76997,10
12.9868001938,80.2516326904,76997,77048,51
12.9868001938,80.2516326904,77048,77058,10
12.9868803024,80.2515869141,77058,77068,10
12.9872903824,80.2514724731,77068,77078,10
12.9876899719,80.2513809204,77078,77088,10
12.9879302979,80.2516784668,77088,77098,10
12.9880199432,80.2521133423,77098,77108,10
12.9880104065,80.2522888184,77108,77118,10
12.9879398346,80.2528381348,77118,77128,10
12.9878997803,80.253326416,77128,77138,10
12.9878396988,80.2537612915,77138,77148,10
12.9877700806,80.2543411255,77148,77159,11
12.9877099991,80.2549285889,77159,77179,20
12.9877099991,80.2549285889,77179,77189,10
12.9876499176,80.2552871704,77189,77199,10
12.9876203537,80.2556610107,77199,77209,10
12.9875497818,80.256111145,77209,77219,10
12.9874897003,80.2567596436,77219,77229,10
12.9873895645,80.2574081421,77229,77239,10
12.9873199463,80.2581481934,77239,77249,10
12.987279892,80.2586593628,77249,77260,11
12.9871702194,80.2593078613,77260,77290,30
12.9871702194,80.2593078613,77290,77300,10
12.9871797562,80.2595596313,77300,77310,10
12.9870901108,80.2596893311,77310,77320,10
