13.075920105,80.2755126953,12,234,222
13.0759496689,80.2755508423,234,3285,3051
13.0757398605,80.2755203247,3285,3740,455
13.0759401321,80.2754898071,3740,7043,3303
13.0759401321,80.2754898071,7043,7053,10
13.0757198334,80.2752227783,7053,8154,1101
13.0755901337,80.2752075195,8154,8295,141
13.0755195618,80.2752990723,8295,8800,505
13.0755195618,80.2752838135,8800,9327,527
13.0755596161,80.2751922607,9327,12368,3041
13.0754203796,80.2753829956,12368,12611,243
13.0754203796,80.2753829956,12611,12621,10
13.0757799149,80.2752227783,12621,12631,10
13.0758104324,80.2750778198,12631,12692,61
13.0758104324,80.2750778198,12692,12702,10
13.075799942,80.2752304077,12702,12712,10
13.0759000778,80.2751998901,12712,19250,6538
13.0757102966,80.2751312256,19250,19332,82
13.0758695602,80.2751235962,19332,20817,1485
13.0758199692,80.275138855,20817,22323,1506
13.0758199692,80.275138855,22323,24633,2310
13.0754899979,80.2750701904,24633,24848,215
13.0754899979,80.2750701904,24848,24858,10
13.0755500793,80.2749099731,24858,24868,10
13.0757598877,80.2750015259,24868,24878,10
13.0759096146,80.2754211426,24878,24888,10
13.075969696,80.2759170532,24888,24939,51
13.075969696,80.2759170532,24939,24948,9
13.0760002136,80.2760620117,24948,24959,11
13.0760202408,80.2762832642,24959,24969,10
13.0761804581,80.2762985229,24969,24979,10
13.0762996674,80.2762832642,24979,24989,10
13.076499939,80.2762298584,24989,25237,248
13.076499939,80.2762298584,25237,25247,10
13.0766897202,80.2762298584,25247,25256,9
13.0769395828,80.276222229,25256,25267,11
13.077460289,80.2761688232,25267,25277,10
13.0780601501,80.2760696411,25277,25287,10
13.0783100128,80.2754211426,25287,25297,10
13.0789403915,80.275138855,25297,25307,10
13.0796699524,80.2752838135,25307,25318,11
13.0805196762,80.2752304077,25318,25328,10
13.0812301636,80.2751464844,25328,25338,10
13.0819196701,80.2752685547,25338,25388,50
13.0821199417,80.2755279541,25388,25419,31
13.0821304321,80.2757797241,25419,25469,50
13.0821304321,80.2757797241,25469,25479,10
13.081990242,80.2759628296,25479,25499,20
13.081990242,80.2759628296,25499,25510,11
13.0818595886,80.2763214111,25510,25520,10
13.0818595886,80.2768630981,25520,25530,10
13.0819301605,80.2776031494,25530,25539,9
13.0820798874,80.278213501,25539,25550,11
13.0819702148,80.2783279419,25550,25560,10
13.0819196701,80.2781600952,25560,25570,10
13.0818395615,80.2776489258,25570,25580,10
13.0817499161,80.2771911621,25580,25590,10
13.0817499161,80.2771835327,25590,25600,10
13.0817899704,80.2769165039,25600,25611,11
13.0816297531,80.2759933472,25611,25641,30
13.0816297531,80.2759933472,25641,25651,10
13.081580162,80.2756195068,25651,25691,40
13.081580162,80.2756195068,25691,25701,10
13.0815095901,80.2753295898,25701,25712,11
13.0814800262,80.2752685547,25712,25722,10
13.0813703537,80.2751693726,25722,25732,10
13.0809698105,80.2752304077,25732,25742,10
13.080280304,80.2752990723,25742,25752,10
13.0795497894,80.2753295898,25752,25762,10
13.0788803101,80.2752075195,25762,25772,10
13.0783195496,80.2755584717,25772,25782,10
13.0779695511,80.276222229,25782,25792,10
13.0771303177,80.2762832642,25792,25803,11
13.0763301849,80.2763214111,25803,25813,10
13.0754404068,80.2763366699,25813,25823,10
13.0749998093,80.2763290405,25823,25839,16
13.0739803314,80.2764129639,25839,25851,12
13.0730695724,80.2758712769,25851,25861,10
13.0723495483,80.2750930786,25861,25870,9
13.0709600449,80.2744369507,25870,25891,21
13.0709600449,80.2744369507,25891,25902,11
13.0708599091,80.2743988037,25902,25912,10
13.0705795288,80.2741165161,25912,25922,10
13.0705299377,80.2739334106,25922,25932,10
13.0701799393,80.2733230591,25932,25942,10
13.0695199966,80.2725601196,25942,25952,10
13.0687398911,80.2719802856,25952,25962,10
13.0680599213,80.2713699341,25962,25972,10
13.0672597885,80.2704696655,25972,25981,9
13.0665397644,80.2697372437,25981,25991,10
13.0664196014,80.2688369751,25991,26002,11
13.0659799576,80.2679672241,26002,26013,11
13.0654697418,80.2677230835,26013,26023,10
13.0652999878,80.2676925659,26023,26033,10
13.0646600723,80.2675323486,26033,26043,10
13.0635004044,80.2673187256,26043,26053,10
13.0624704361,80.2668609619,26053,26063,10
13.061750412,80.2659683228,26063,26073,10
13.0612802505,80.2653884888,26073,26083,10
13.0606899261,80.2653503418,26083,26093,10
13.0602998734,80.2655105591,26093,26104,11
13.0592699051,80.2655792236,26104,26114,10
13.0584697723,80.2654266357,26114,26124,10
13.0581197739,80.265083313,26124,26134,10
13.0579996109,80.2643737793,26134,26144,10
13.0578603745,80.263458252,26144,26154,10
13.0577402115,80.2624588013,26154,26164,10
13.0575704575,80.2613830566,26164,26174,10
13.0573501587,80.2604522705,26174,26184,10
13.0569496155,80.259437561,26184,26194,10
13.0566797256,80.2583389282,26194,26204,10
13.0565500259,80.257522583,26204,26215,11
13.0564403534,80.2571334839,26215,26225,10
13.0562801361,80.2565231323,26225,26235,10
13.0559196472,80.2558822632,26235,26245,10
13.0555095673,80.2553024292,26245,26255,10
13.0551099777,80.2547607422,26255,26265,10
13.0546302795,80.25415802,26265,26275,10
13.0541400909,80.2535018921,26275,26285,10
13.053730011,80.2529220581,26285,26295,10
13.0532903671,80.2523193359,26295,26305,10
13.0527696609,80.2516326904,26305,26316,11
13.0522403717,80.2509384155,26316,26326,10
13.0516500473,80.2503585815,26326,26336,10
13.0508699417,80.2500305176,26336,26346,10
13.0499601364,80.2498474121,26346,26356,10
13.049079895,80.2497406006,26356,26366,10
13.04845047,80.2495727539,26366,26376,10
13.0478801727,80.2492370605,26376,26386,10
13.0472602844,80.2487564087,26386,26396,10
13.0470399857,80.2486801147,26396,26406,10
13.046790123,80.248626709,26406,26416,10
13.0461597443,80.2484817505,26416,26427,11
13.0453796387,80.2481994629,26427,26437,10
13.0445404053,80.2480392456,26437,26447,10
13.0436401367,80.2478790283,26447,26457,10
13.0427398682,80.2477416992,26457,26467,10
13.041970253,80.2475814819,26467,26477,10
13.041179657,80.2473831177,26477,26487,10
13.0402402878,80.2472305298,26487,26507,20
13.0402402878,80.2472305298,26507,26518,11
13.0400896072,80.247253418,26518,26528,10
13.0398197174,80.2471618652,26528,26538,10
13.0394096375,80.2470397949,26538,26548,10
13.0388202667,80.2469177246,26548,26558,10
13.0383901596,80.2468109131,26558,26568,10
13.0377998352,80.2467193604,26568,26578,10
13.0371103287,80.2465820313,26578,26588,10
13.0364904404,80.246421814,26588,26598,10
13.0361995697,80.246383667,26598,26608,10
13.0356302261,80.2462081909,26608,26629,21
13.0356302261,80.2462081909,26629,26639,10
13.0354604721,80.2461090088,26639,26649,10
13.0353002548,80.2460632324,26649,26659,10
13.0348701477,80.2458572388,26659,26669,10
13.0346899033,80.2455673218,26669,26679,10
13.0342998505,80.245010376,26679,26689,10
13.0337295532,80.2443313599,26689,26699,10
13.032959938,80.243347168,26699,26709,10
13.0322599411,80.2423706055,26709,26720,11
13.0317802429,80.2415618896,26720,26729,9
13.0314397812,80.2407913208,26729,26739,10
13.03125,80.2404022217,26739,26750,11
13.03125,80.2403869629,26750,26760,10
13.0311803818,80.2402191162,26760,26770,10
13.031129837,80.2400665283,26770,26780,10
13.0311203003,80.2400665283,26780,26790,10
13.0310401917,80.2399215698,26790,26800,10
13.0308198929,80.2394485474,26800,26810,10
13.0303602219,80.238571167,26810,26820,10
13.0297899246,80.2375793457,26820,26831,11
13.0290603638,80.2366790771,26831,26841,10
13.0282297134,80.2357635498,26841,26851,10
13.0275201797,80.2346420288,26851,26861,10
13.0267801285,80.2334899902,26861,26871,10
13.0263700485,80.2327804565,26871,26881,10
13.0262098312,80.2321395874,26881,26891,10
13.0259895325,80.2313308716,26891,26901,10
13.0256500244,80.2304077148,26901,26911,10
13.0250501633,80.2295684814,26911,26922,11
13.0244503021,80.2287979126,26922,26931,9
13.0241498947,80.2283935547,26931,26942,11
13.0234498978,80.2276382446,26942,26962,20
13.0234498978,80.2276382446,26962,26972,10
13.0233201981,80.2275466919,26972,26982,10
13.023059845,80.2273483276,26982,26992,10
13.022480011,80.2268295288,26992,27002,10
13.0219898224,80.2264175415,27002,27012,10
13.0217399597,80.2261962891,27012,27022,10
13.0212097168,80.2257766724,27022,27033,11
13.0204496384,80.2252120972,27033,27043,10
13.0196199417,80.2246932983,27043,27053,10
13.0186300278,80.2246170044,27053,27063,10
13.0177202225,80.2249908447,27063,27073,10
13.0169401169,80.2253189087,27073,27083,10
13.0165596008,80.2254714966,27083,27093,10
13.0164003372,80.2255401611,27093,27103,10
13.0160999298,80.2256393433,27103,27113,10
13.0154800415,80.2258682251,27113,27123,10
13.0150499344,80.2260437012,27123,27134,11
13.01445961,80.2262496948,27134,27144,10
13.0142297745,80.2263412476,27144,27160,16
13.0130395889,80.2267990112,27160,27172,12
13.0119800568,80.2272109985,27172,27182,10
13.0112104416,80.2275314331,27182,27192,10
13.0101804733,80.2279510498,27192,27201,9
13.0095500946,80.2282028198,27201,27212,11
13.0091104507,80.2289123535,27212,27222,10
13.008939743,80.2298812866,27222,27233,11
13.0087404251,80.2308731079,27233,27243,10
13.0085401535,80.2316436768,27243,27253,10
13.0084104538,80.2325363159,27253,27263,10
13.0083198547,80.2332077026,27263,27273,10
13.0082702637,80.2335205078,27273,27283,10
13.0081996918,80.2337265015,27283,27293,10
13.0080604553,80.2342376709,27293,27303,10
13.0078601837,80.2351379395,27303,27313,10
13.0076704025,80.2361602783,27313,27323,10
13.0074996948,80.2370529175,27323,27333,10
13.0073404312,80.2378387451,27333,27344,11
13.0071601868,80.2386474609,27344,27354,10
13.0069999695,80.2395477295,27354,27364,10
13.0068502426,80.2403793335,27364,27374,10
13.0067195892,80.2410964966,27374,27384,10
13.0066795349,80.2419433594,27384,27394,10
13.0066900253,80.2428512573,27394,27404,10
13.0066795349,80.2435836792,27404,27414,10
13.0066995621,80.245010376,27414,27445,31
13.0066995621,80.245010376,27445,27455,10
13.0067195892,80.2452011108,27455,27465,10
13.0067195892,80.245300293,27465,27481,16
13.0067195892,80.2457962036,27481,27493,12
13.0066995621,80.2463531494,27493,27501,8
13.0066900253,80.2469482422,27501,27513,12
13.0062999725,80.2473602295,27513,27523,10
13.0061502457,80.2473831177,27523,27533,10
13.0058898926,80.2474212646,27533,27543,10
13.0051298141,80.247428894,27543,27554,11
13.0038099289,80.2475585938,27554,27564,10
13.0024003983,80.2478027344,27564,27573,9
13.0010995865,80.2481307983,27573,27584,11
12.9994697571,80.2485275269,27584,27595,11
12.9980602264,80.248878479,27595,27605,10
12.996629715,80.2492218018,27605,27615,10
12.9952402115,80.2496032715,27615,27625,10
12.9938201904,80.2499771118,27625,27635,10
12.9924297333,80.2503204346,27635,27645,10
12.9911804199,80.2506408691,27645,27655,10
12.9901399612,80.2509002686,27655,27666,11
12.9891300201,80.251159668,27666,27716,50
12.9891300201,80.251159668,27716,27726,10
12.9888696671,80.2512435913,27726,27736,10
12.9881401062,80.251449585,27736,27746,10
12.987569809,80.2515182495,27746,27757,11
12.9870796204,80.2516403198,27757,27767,10
12.9864997864,80.2517776489,27767,27777,10
12.9858598709,80.2519378662,27777,27787,10
12.9849796295,80.252166748,27787,27797,10
12.9839296341,80.2524795532,27797,27807,10
12.9826602936,80.2526931763,27807,27817,10
12.9814100266,80.2527236938,27817,27827,10
12.9804801941,80.2527694702,27827,27837,10
12.9798202515,80.2527923584,27837,27848,11
12.9789199829,80.2526626587,27848,27858,10
12.9787302017,80.2526168823,27858,27868,10
12.9785604477,80.2525405884,27868,27878,10
12.9778995514,80.2520294189,27878,27888,10
12.9769496918,80.2513809204,27888,27898,10
12.9757003784,80.2510070801,27898,27908,10
12.9742603302,80.2506103516,27908,27918,10
12.9727401733,80.250213623,27918,27928,10
12.9713802338,80.2498321533,27928,27938,10
12.9698600769,80.2493209839,27938,27949,11
12.9681901932,80.2486572266,27949,27959,10
12.967040062,80.2481689453,27959,27969,10
12.9660902023,80.2477416992,27969,27979,10
12.9653997421,80.2474899292,27979,27989,10
12.9653501511,80.2474594116,27989,27999,10
12.9650802612,80.2473831177,27999,28009,10
12.9643697739,80.2471237183,28009,28019,10
12.9638299942,80.2469024658,28019,28029,10
12.9631700516,80.24659729,28029,28039,10
12.9624595642,80.2462387085,28039,28050,11
12.9614095688,80.2457199097,28050,28060,10
12.9603204727,80.2452011108,28060,28070,10
12.9593200684,80.2447509766,28070,28080,10
12.9588603973,80.2445831299,28080,28090,10
12.9585399628,80.244430542,28090,28100,10
12.9578304291,80.2441177368,28100,28110,10
12.9570503235,80.2438583374,28110,28120,10
12.9564504623,80.2436599731,28120,28130,10
12.9564399719,80.2436599731,28130,28140,10
12.9562597275,80.2436294556,28140,28151,11
12.9554901123,80.2432174683,28151,28161,10
12.9544496536,80.242767334,28161,28171,10
12.9536104202,80.242401123,28171,28181,10
12.9526796341,80.2420196533,28181,28191,10
12.9520597458,80.2418212891,28191,28201,10
12.9518899918,80.2417602539,28201,28211,10
12.9516801834,80.2417221069,28211,28221,10
12.9512395859,80.2415390015,28221,28231,10
12.9505796432,80.2413101196,28231,28241,10
12.949259758,80.2408828735,28241,28272,31
12.949259758,80.2408828735,28272,28282,10
12.9490995407,80.2408218384,28282,28292,10
12.9483699799,80.2405166626,28292,28302,10
12.9473495483,80.2401123047,28302,28312,10
12.9471197128,80.2400283813,28312,28322,10
12.9467697144,80.2398834229,28322,28332,10
12.9459400177,80.2395324707,28332,28342,10
12.9449396133,80.2388763428,28342,28353,11
12.9439296722,80.2377929688,28353,28362,9
12.9430904388,80.2369232178,28362,28373,11
12.9416303635,80.2362823486,28373,28383,10
12.9402704239,80.2359390259,28383,28393,10
12.9397096634,80.2357635498,28393,28403,10
12.9397096634,80.2357711792,28403,28413,10
12.9392900467,80.2355880737,28413,28423,10
12.9384298325,80.2351379395,28423,28433,10
12.9372997284,80.2345809937,28433,28443,10
12.9361200333,80.2340011597,28443,28454,11
12.9352798462,80.2336196899,28454,28464,10
12.9343204498,80.2331771851,28464,28474,10
12.9337396622,80.2329177856,28474,28484,10
12.9336395264,80.2328720093,28484,28494,10
12.9330101013,80.2325973511,28494,28504,10
12.9319200516,80.2322006226,28504,28514,10
12.9305200577,80.2317428589,28514,28524,10
12.9291496277,80.2314224243,28524,28534,10
12.9278402328,80.2312164307,28534,28544,10
12.9264802933,80.2310714722,28544,28554,10
12.9261598587,80.2310409546,28554,28565,11
12.9258899689,80.231010437,28565,28575,10
12.9250602722,80.2308883667,28575,28585,10
12.9239902496,80.230758667,28585,28595,10
12.9226398468,80.2305831909,28595,28605,10
12.9210395813,80.2303390503,28605,28615,10
12.919500351,80.2301330566,28615,28625,10
12.9180202484,80.2299423218,28625,28635,10
12.9167604446,80.2297821045,28635,28645,10
12.9153900146,80.2295837402,28645,28656,11
12.9138097763,80.2293701172,28656,28666,10
12.9132204056,80.2293167114,28666,28676,10
12.9132099152,80.2293167114,28676,28686,10
12.9126996994,80.2292404175,28686,28696,10
12.9116897583,80.2290878296,28696,28706,10
12.9103603363,80.2288894653,28706,28716,10
12.9091596603,80.2286834717,28716,28726,10
12.9085102081,80.2285614014,28726,28736,10
12.9082403183,80.2285308838,28736,28746,10
12.907790184,80.2284393311,28746,28757,11
12.9070796967,80.2283401489,28757,28767,10
12.9068403244,80.2283325195,28767,28777,10
12.9064598083,80.2282791138,28777,28787,10
12.9056596756,80.2282409668,28787,28797,10
12.9046802521,80.228187561,28797,28807,10
12.9036598206,80.2281417847,28807,28817,10
12.9025602341,80.2281036377,28817,28827,10
12.9013004303,80.2280273438,28827,28837,10
12.9006996155,80.2279891968,28837,28847,10
12.9003000259,80.2279815674,28847,28857,10
12.8998003006,80.2279510498,28857,28888,31
12.8998003006,80.2279510498,28888,28898,10
12.8996496201,80.227897644,28898,28908,10
12.8992300034,80.2278823853,28908,28918,10
12.8984003067,80.2278289795,28918,28928,10
12.8972997665,80.2277679443,28928,28938,10
12.8959703445,80.2276992798,28938,28948,10
12.8945798874,80.2276382446,28948,28958,10
12.8937301636,80.2275695801,28958,28969,11
12.8936796188,80.2275619507,28969,28979,10
12.8935203552,80.2275619507,28979,28989,10
12.8931703568,80.2275238037,28989,28999,10
12.8927001953,80.2274475098,28999,29009,10
12.8920202255,80.2274017334,29009,29019,10
12.891119957,80.2273864746,29019,29029,10
12.890130043,80.2273788452,29029,29039,10
12.8890695572,80.2273788452,29039,29049,10
12.8880796432,80.2273406982,29049,29060,11
12.8870897293,80.2272109985,29060,29070,10
12.886059761,80.2269821167,29070,29080,10
12.8850698471,80.2267837524,29080,29100,20
12.8850698471,80.2267837524,29100,29110,10
12.8847999573,80.2267379761,29110,29120,10
12.8841495514,80.2267532349,29120,29130,10
12.8830404282,80.2267608643,29130,29140,10
12.8816604614,80.2267532349,29140,29150,10
12.8803195953,80.2267608643,29150,29160,10
12.8790597916,80.2267913818,29160,29171,11
12.8778600693,80.2268600464,29171,29181,10
12.8773803711,80.2268981934,29181,29191,10
12.8770503998,80.2269210815,29191,29201,10
12.8767795563,80.2269592285,29201,29211,10
12.8767204285,80.2269668579,29211,29221,10
12.8764801025,80.2269973755,29221,29231,10
12.8758602142,80.2270126343,29231,29241,10
12.8747997284,80.2269210815,29241,29251,10
12.872879982,80.2267532349,29251,29272,21
12.872879982,80.2267532349,29272,29282,10
12.8727197647,80.2267303467,29282,29292,10
12.8721704483,80.2267074585,29292,29302,10
12.8713903427,80.2266693115,29302,29312,10
12.8705596924,80.2266311646,29312,29322,10
12.8695802689,80.2265625,29322,29332,10
12.8682699203,80.2264404297,29332,29342,10
12.8667697906,80.2265625,29342,29352,10
12.8651895523,80.2266387939,29352,29362,10
12.8635196686,80.2265625,29362,29373,11
12.8617601395,80.2266235352,29373,29383,10
12.8602800369,80.2265472412,29383,29393,10
12.8593101501,80.2264175415,29393,29403,10
12.8589401245,80.2263565063,29403,29413,10
12.8583602905,80.2263031006,29413,29423,10
12.8573198318,80.2263183594,29423,29433,10
12.8559904099,80.2264404297,29433,29443,10
12.8544797897,80.226600647,29443,29453,10
12.8529996872,80.2267303467,29453,29463,10
12.8515100479,80.2266693115,29463,29473,10
12.8503198624,80.2266082764,29473,29484,11
12.8491802216,80.226600647,29484,29494,10
12.8478803635,80.2266082764,29494,29504,10
12.8465099335,80.2266235352,29504,29514,10
12.8459701538,80.226600647,29514,29524,10
12.8458595276,80.226600647,29524,29534,10
12.8453998566,80.2266387939,29534,29554,20
12.8453998566,80.2266387939,29554,29564,10
12.845290184,80.2266387939,29564,29574,10
12.8447198868,80.2266387939,29574,29584,10
12.8436899185,80.2267379761,29584,29595,11
12.8422603607,80.2270202637,29595,29605,10
12.8410196304,80.2273635864,29605,29614,9
12.8406295776,80.2274932861,29614,29625,11
12.8403596878,80.2275390625,29625,29685,60
12.8399801254,80.2276535034,29685,29746,61
12.8399801254,80.2276535034,29746,29756,10
12.8396997452,80.227722168,29756,29766,10
12.839389801,80.2277832031,29766,29776,10
12.8385400772,80.2280197144,29776,29786,10
12.8373498917,80.2282791138,29786,29797,11
12.8358201981,80.2285003662,29797,29807,10
12.8343601227,80.228729248,29807,29817,10
12.8330602646,80.2289581299,29817,29827,10
12.8320798874,80.2291717529,29827,29837,10
12.8315296173,80.2293395996,29837,29857,20
12.8315296173,80.2293395996,29857,29867,10
12.8312597275,80.2294311523,29867,29877,10
12.830450058,80.2296981812,29877,29887,10
12.8293399811,80.2301177979,29887,29904,17
12.8273096085,80.2311706543,29904,29916,12
12.8261299133,80.2314071655,29916,29926,10
12.8251895905,80.2314529419,29926,29936,10
12.8238201141,80.2312011719,29936,29946,10
12.8222999573,80.2307281494,29946,29956,10
12.8211297989,80.2304992676,29956,29966,10
12.8200397491,80.2305221558,29966,29975,9
12.818980217,80.2305374146,29975,29986,11
12.8188800812,80.2305297852,29986,29997,11
12.8184995651,80.2303771973,29997,30007,10
12.8175802231,80.2299575806,30007,30017,10
12.8163204193,80.2295379639,30017,30027,10
12.8148403168,80.2293167114,30027,30037,10
12.8133201599,80.2289505005,30037,30047,10
12.811829567,80.2284164429,30047,30057,10
12.8102798462,80.2278289795,30057,30067,10
12.8090000153,80.2271728516,30067,30077,10
12.8078804016,80.2262573242,30077,30087,10
12.8070201874,80.2255020142,30087,30098,11
12.8063898087,80.2249069214,30098,30108,10
12.8058204651,80.2244033813,30108,30118,10
12.8055696487,80.2242507935,30118,30128,10
12.8050203323,80.2240829468,30128,30148,20
12.8050203323,80.2240829468,30148,30158,10
12.8045902252,80.2239837646,30158,30168,10
12.8038301468,80.2239303589,30168,30178,10
12.8028697968,80.2238311768,30178,30188,10
12.8016901016,80.2236785889,30188,30199,11
12.8009004593,80.2236480713,30199,30209,10
12.800620079,80.2236099243,30209,30219,10
12.7997999191,80.2235412598,30219,30229,10
12.798740387,80.2234725952,30229,30239,10
12.7975301743,80.2233200073,30239,30249,10
12.7963600159,80.2230987549,30249,30259,10
12.7958498001,80.2229919434,30259,30269,10
12.7957000732,80.2229385376,30269,30279,10
12.7950296402,80.2228088379,30279,30289,10
12.7939100266,80.2226486206,30289,30300,11
12.7924404144,80.2224197388,30300,30310,10
12.7910404205,80.2220916748,30310,30320,10
12.789899826,80.2217788696,30320,30330,10
12.7894697189,80.2216491699,30330,30340,10
12.7888402939,80.2214202881,30340,30350,10
12.7881498337,80.2211532593,30350,30360,10
12.7878799438,80.2210388184,30360,30370,10
12.7871799469,80.2207794189,30370,30400,30
12.7871799469,80.2207794189,30400,30411,11
12.7869901657,80.2206878662,30411,30421,10
12.7867298126,80.2205886841,30421,30431,10
12.7865104675,80.2204971313,30431,30441,10
12.7863302231,80.2203979492,30441,30451,10
12.7860803604,80.2203063965,30451,30461,10
12.7856197357,80.220123291,30461,30471,10
12.7853097916,80.2199783325,30471,30481,10
12.7849798203,80.2198028564,30481,30491,10
12.7848300934,80.2197113037,30491,30502,11
12.7843799591,80.2194595337,30502,30512,10
12.7834196091,80.2189407349,30512,30522,10
12.78221035,80.2182617188,30522,30532,10
12.7807798386,80.2174987793,30532,30542,10
12.7792301178,80.2166671753,30542,30553,11
12.7774000168,80.2157669067,30553,30563,10
12.7756204605,80.2150497437,30563,30573,10
12.7738199234,80.2143325806,30573,30585,12
12.7718696594,80.2135925293,30585,30595,10
12.770190239,80.2129898071,30595,30606,11
12.7682800293,80.212310791,30606,30616,10
12.7665395737,80.2116699219,30616,30625,9
12.7649297714,80.2110900879,30625,30636,11
12.7632303238,80.2104492188,30636,30645,9
12.7616996765,80.2098388672,30645,30656,11
12.7604198456,80.2092437744,30656,30666,10
12.7597799301,80.2089233398,30666,30676,10
12.7593402863,80.2086715698,30676,30686,10
12.7584104538,80.208152771,30686,30696,10
12.757229805,80.2074890137,30696,30707,11
12.7556400299,80.2066116333,30707,30717,10
12.754070282,80.2057113647,30717,30727,10
12.7524995804,80.2048721313,30727,30737,10
12.7509098053,80.2040634155,30737,30747,10
12.7493200302,80.2032394409,30747,30757,10
12.7476797104,80.2024002075,30757,30767,10
12.7460403442,80.2015609741,30767,30777,10
12.7445802689,80.2006988525,30777,30787,10
12.743929863,80.2000198364,30787,30797,10
12.7431898117,80.1991500854,30797,30808,11
12.742190361,80.1979598999,30808,30818,10
12.741689682,80.197303772,30818,30828,10
12.7414703369,80.1969604492,30828,30838,10
12.7409095764,80.1961593628,30838,30848,10
12.7401599884,80.1951293945,30848,30858,10
12.7393398285,80.1940002441,30858,30868,10
12.7385597229,80.1929168701,30868,30878,10
12.7376298904,80.1919326782,30878,30888,10
12.736700058,80.1909790039,30888,30904,16
12.7353801727,80.1897964478,30904,30917,13
12.7337999344,80.1895065308,30917,30927,10
12.7328596115,80.1894226074,30927,30936,9
12.7312498093,80.1891403198,30936,30947,11
12.7303199768,80.1890563965,30947,30956,9
12.730050087,80.1890411377,30956,30967,11
12.7300395966,80.1890411377,30967,30976,9
12.7299003601,80.1890182495,30976,30987,11
12.7293701172,80.1889877319,30987,30996,9
12.7287597656,80.1889266968,30996,31006,10
12.7279901505,80.1886978149,31006,31018,12
12.7272996902,80.1885070801,31018,31028,10
12.7268800735,80.1883773804,31028,31038,10
12.726149559,80.1882705688,31038,31048,10
12.7254400253,80.1881484985,31048,31058,10
12.7250995636,80.188079834,31058,31068,10
12.7250204086,80.1880569458,31068,31078,10
12.7245998383,80.1879806519,31078,31088,10
12.7240800858,80.1878662109,31088,31098,10
12.7237300873,80.1877822876,31098,31108,10
12.7230596542,80.1875991821,31108,31119,11
12.7227296829,80.1875,31119,31129,10
12.7223596573,80.1875762939,31129,31139,10
12.7220697403,80.1875991821,31139,31775,636
12.7221498489,80.1873321533,31775,32401,626
12.7221498489,80.1873321533,32401,32411,10
12.7223596573,80.1872711182,32411,32421,10
12.7227897644,80.1874008179,32421,32432,11
12.7233896255,80.1875762939,32432,32442,10
12.7239198685,80.1877212524,32442,32452,10
12.7243499756,80.1878433228,32452,32462,10
12.7247200012,80.1879196167,32462,32472,10
12.7247400284,80.1879196167,32472,32482,10
12.7249403,80.1879577637,32482,32492,10
12.7253599167,80.188041687,32492,32502,10
12.7259101868,80.1881484985,32502,32512,10
12.7266302109,80.1882781982,32512,32522,10
12.7273597717,80.1884384155,32522,32532,10
12.7281703949,80.1886825562,32532,32542,10
12.7289896011,80.188911438,32542,32553,11
12.7296800613,80.1889572144,32553,32563,10
12.7297897339,80.1889572144,32563,32573,10
12.7299499512,80.1889877319,32573,32583,10
12.7303304672,80.1890182495,32583,32593,10
12.7308397293,80.1890869141,32593,32603,10
12.7316703796,80.189163208,32603,32613,10
12.7327003479,80.1893463135,32613,32623,10
12.7337999344,80.1894683838,32623,32633,10
12.7349596024,80.1895980835,32633,32644,11
12.7360401154,80.1901931763,32644,32654,10
12.7364301682,80.1905670166,32654,32664,10
12.7368097305,80.1909713745,32664,32674,10
12.7374897003,80.1916503906,32674,32684,10
12.7383403778,80.192489624,32684,32694,10
12.7391500473,80.1935272217,32694,32704,10
12.7399702072,80.1946716309,32704,32714,10
12.7408103943,80.1958312988,32714,32724,10
12.7415800095,80.1969070435,32724,32734,10
12.7422103882,80.1978225708,32734,32745,11
12.7430696487,80.1988220215,32745,32755,10
12.743929863,80.1998214722,32755,32765,10
12.7449197769,80.2008285522,32765,32775,10
12.7461500168,80.2015228271,32775,32785,10
12.7474098206,80.2021636963,32785,32795,10
12.7487201691,80.2028198242,32795,32805,10
12.7500295639,80.2034835815,32805,32815,10
12.7513303757,80.2041473389,32815,32825,10
12.7526397705,80.204826355,32825,32835,10
12.7539596558,80.2055282593,32835,32846,11
12.7554502487,80.2063293457,32846,32856,10
12.7568101883,80.2070922852,32856,32866,10
12.7581596375,80.2078323364,32866,32876,10
12.7594995499,80.2085571289,32876,32886,10
12.7602500916,80.208946228,32886,32896,10
12.7604198456,80.2090530396,32896,32906,10
12.7610197067,80.2093582153,32906,32916,10
12.7619600296,80.2098007202,32916,32926,10
12.7630996704,80.2102813721,32926,32936,10
12.7643604279,80.2107772827,32936,32946,10
12.765709877,80.2112579346,32946,32957,11
12.7672395706,80.2118225098,32957,32967,10
12.7686700821,80.2123336792,32967,32977,10
12.7700796127,80.2128295898,32977,32987,10
12.7710895538,80.2131576538,32987,32997,10
12.7712202072,80.213218689,32997,33007,10
12.7718000412,80.213432312,33007,33017,10
12.7726802826,80.213760376,33017,33027,10
12.7737197876,80.2141723633,33027,33037,10
12.7749204636,80.2146377563,33037,33048,11
12.776260376,80.2151870728,33048,33058,10
12.7775497437,80.2157287598,33058,33068,10
12.7788200378,80.2163085938,33068,33078,10
12.7800397873,80.2169570923,33078,33088,10
12.7812900543,80.2176437378,33088,33098,10
12.782500267,80.2183074951,33098,33108,10
12.7835502625,80.2189025879,33108,33118,10
12.7845697403,80.2194671631,33118,33128,10
12.7853603363,80.2198791504,33128,33138,10
12.7860498428,80.2202224731,33138,33179,41
12.7860498428,80.2202224731,33179,33189,10
12.7862997055,80.2203292847,33189,33199,10
12.7865200043,80.2204208374,33199,33209,10
12.7865800858,80.220451355,33209,33219,10
12.7867002487,80.220489502,33219,33229,10
12.7871398926,80.2206726074,33229,33239,10
12.787730217,80.2208786011,33239,33249,10
12.7884397507,80.2211532593,33249,33260,11
12.7892599106,80.2214431763,33260,33270,10
12.7895698547,80.2215576172,33270,33280,10
12.7896900177,80.2216186523,33280,33290,10
12.7900600433,80.2217178345,33290,33300,10
12.7907304764,80.2218780518,33300,33310,10
12.7916202545,80.2221069336,33310,33320,10
12.7926902771,80.222366333,33320,33330,10
12.7939195633,80.2225570679,33330,33340,10
12.7951498032,80.2227401733,33340,33350,10
12.7962503433,80.22290802,33350,33361,11
12.7967596054,80.2229919434,33361,33370,9
12.7971000671,80.2230377197,33370,33381,11
12.7979202271,80.2231826782,33381,33391,10
12.7989702225,80.2232971191,33391,33401,10
12.8000497818,80.2233963013,33401,33411,10
12.8010797501,80.2235107422,33411,33421,10
12.801440239,80.2235412598,33421,33431,10
12.8015804291,80.2235565186,33431,33441,10
12.8021297455,80.2236175537,33441,33451,10
12.8027000427,80.2237014771,33451,33462,11
12.8034095764,80.223777771,33462,33472,10
12.8041801453,80.2238464355,33472,33482,10
12.8052396774,80.2239990234,33482,33502,20
12.8052396774,80.2239990234,33502,33512,10
12.805560112,80.2240982056,33512,33522,10
12.8060998917,80.2245025635,33522,33532,10
12.8067798615,80.2251205444,33532,33542,10
12.8075304031,80.225769043,33542,33552,10
12.8084497452,80.2265472412,33552,33563,11
12.8096199036,80.227432251,33563,33573,10
12.8107995987,80.2279510498,33573,33583,10
12.8120698929,80.2284164429,33583,33593,10
12.8133802414,80.2288818359,33593,33603,10
12.8146400452,80.2292175293,33603,33613,10
12.8158302307,80.2293701172,33613,33623,10
12.8170795441,80.2295913696,33623,33633,10
12.8182601929,80.2301101685,33633,33643,10
12.8195199966,80.2304229736,33643,33664,21
12.8195199966,80.2304229736,33664,33673,9
12.8197898865,80.2304000854,33673,33684,11
12.8205795288,80.2303771973,33684,33694,10
12.8216199875,80.2304382324,33694,33704,10
12.8226995468,80.23072052,33704,33714,10
12.8238296509,80.231048584,33714,33724,10
12.8249998093,80.2313079834,33724,33734,10
12.8261299133,80.2313079834,33734,33744,10
12.8270597458,80.2311935425,33744,33754,10
12.8281002045,80.2306671143,33754,33764,10
12.8292503357,80.2300567627,33764,33775,11
12.8305101395,80.2295684814,33775,33785,10
12.8311595917,80.2293395996,33785,33795,10
12.8314800262,80.2291717529,33795,33805,10
12.831489563,80.2291717529,33805,33815,10
12.8317298889,80.2291107178,33815,33825,10
12.8322601318,80.2289886475,33825,33835,10
12.8330602646,80.228843689,33835,33845,10
12.8340396881,80.2286682129,33845,33855,10
12.835100174,80.2285003662,33855,33866,11
12.8364095688,80.2283172607,33866,33876,10
12.8376302719,80.2281265259,33876,33886,10
12.8388595581,80.2278823853,33886,34007,121
12.8392400742,80.2277679443,34007,34067,60
12.8392400742,80.2277679443,34067,34077,10
12.8395395279,80.2276992798,34077,34088,11
12.8397798538,80.2276229858,34088,34098,10
12.8404397964,80.2274398804,34098,34108,10
12.8413600922,80.2271881104,34108,34118,10
12.8424596786,80.2269134521,34118,34128,10
12.8434400558,80.2267227173,34128,34138,10
12.8443098068,80.226600647,34138,34148,10
12.8452596664,80.2265167236,34148,34168,20
12.8452596664,80.2265167236,34168,34179,11
12.845700264,80.2265014648,34179,34189,10
12.8464698792,80.2265014648,34189,34198,9
12.8473596573,80.2265090942,34198,34209,11
12.8485002518,80.2265014648,34209,34219,10
12.8495998383,80.2264785767,34219,34229,10
12.8503904343,80.2264862061,34229,34239,10
12.8514204025,80.2265319824,34239,34249,10
12.8526802063,80.2265930176,34249,34259,10
12.8539800644,80.2265396118,34259,34269,10
12.8552999496,80.2264022827,34269,34280,11
12.8568401337,80.2262496948,34280,34290,10
12.8581199646,80.2261581421,34290,34300,10
12.8592395782,80.226272583,34300,34310,10
12.8604402542,80.2264175415,34310,34320,10
12.8606700897,80.2264404297,34320,34330,10
12.8609600067,80.2264633179,34330,34340,10
12.8616695404,80.2264862061,34340,34350,10
12.8627300262,80.2264480591,34350,34360,10
12.8639097214,80.2264633179,34360,34370,10
12.8652000427,80.2265167236,34370,34381,11
12.8666095734,80.2264633179,34381,34391,10
12.867939949,80.2263336182,34391,34401,10
12.8692903519,80.2263793945,34401,34411,10
12.8706598282,80.2265319824,34411,34421,10
12.8719501495,80.2265930176,34421,34431,10
12.8727302551,80.2265930176,34431,34441,10
12.8729496002,80.2265777588,34441,34451,10
12.8734798431,80.2266082764,34451,34461,10
12.8744001389,80.2266998291,34461,34471,10
12.8755302429,80.2268371582,34471,34481,10
12.8764896393,80.226852417,34481,34492,11
12.8767404556,80.2268218994,34492,34502,10
12.8768901825,80.2268218994,34502,34512,10
12.8774995804,80.2267837524,34512,34522,10
12.878490448,80.2266998291,34522,34532,10
12.879650116,80.2266616821,34532,34542,10
12.8809499741,80.2266387939,34542,34552,10
12.8823204041,80.2266387939,34552,34562,10
12.8836803436,80.2266311646,34562,34572,10
12.8848400116,80.226600647,34572,34583,11
12.8851604462,80.2266082764,34583,34592,9
12.8853397369,80.2266387939,34592,34603,11
12.8860197067,80.2267990112,34603,34613,10
12.8869495392,80.2270431519,34613,34623,10
12.8879899979,80.2272033691,34623,34633,10
12.8892002106,80.2272567749,34633,34643,10
12.8903903961,80.2272567749,34643,34653,10
12.8916902542,80.2272567749,34653,34663,10
12.8926401138,80.2273025513,34663,34673,10
12.8933897018,80.2274398804,34673,34683,10
12.8941202164,80.2275238037,34683,34694,11
12.8948898315,80.2275466919,34694,34704,10
12.8957395554,80.2275695801,34704,34714,10
12.8966999054,80.2276229858,34714,34724,10
12.8976802826,80.2276611328,34724,34734,10
12.898639679,80.227722168,34734,34744,10
12.8995199203,80.2277679443,34744,34754,10
12.9000997543,80.2277832031,34754,34936,182
12.9003295898,80.2276992798,34936,35007,71
12.9003295898,80.2276992798,35007,35017,10
12.9004201889,80.2276687622,35017,35027,10
12.9006795883,80.227722168,35027,35037,10
12.9009504318,80.2277679443,35037,35047,10
12.9012098312,80.2278213501,35047,35057,10
12.901550293,80.2278671265,35057,35067,10
12.9020395279,80.2278823853,35067,35098,31
12.9020395279,80.2278823853,35098,35108,10
12.9023103714,80.2279129028,35108,35118,10
12.9025402069,80.2279281616,35118,35128,10
12.9025497437,80.2279281616,35128,35138,10
12.9026403427,80.2279281616,35138,35148,10
12.9027795792,80.2279586792,35148,35158,10
12.9030599594,80.2279205322,35158,35168,10
12.903550148,80.2279663086,35168,35178,10
12.9042100906,80.2280197144,35178,35188,10
12.9055204391,80.2281036377,35188,35229,41
12.9055204391,80.2281036377,35229,35239,10
12.9056797028,80.2281799316,35239,35249,10
12.9058198929,80.228187561,35249,35259,10
12.90625,80.2281799316,35259,35269,10
12.9066400528,80.2282028198,35269,35279,10
12.9069795609,80.2282791138,35279,35289,10
12.9077196121,80.2283706665,35289,35299,10
12.9088096619,80.2285079956,35299,35310,11
12.9100799561,80.2287063599,35310,35320,10
12.9112701416,80.2288894653,35320,35330,10
12.9123497009,80.2290115356,35330,35340,10
12.9132204056,80.229133606,35340,35350,10
12.9138202667,80.2292175293,35350,35370,20
12.9138202667,80.2292175293,35370,35380,10
12.9142198563,80.229309082,35380,35390,10
12.9151096344,80.2294387817,35390,35400,10
12.9163503647,80.2296066284,35400,35411,11
12.9177598953,80.2298202515,35411,35421,10
12.9189100266,80.2299575806,35421,35431,10
12.9198703766,80.2300796509,35431,35441,10
12.9210596085,80.23021698,35441,35451,10
12.922369957,80.2304000854,35451,35461,10
12.923789978,80.2306137085,35461,35471,10
12.9252004623,80.2307891846,35471,35481,10
12.926320076,80.2309188843,35481,35491,10
12.9264602661,80.2309188843,35491,35502,11
12.9269599915,80.23097229,35502,35511,9
12.9277696609,80.2310562134,35511,35522,11
12.9286899567,80.2312088013,35522,35532,10
12.9293498993,80.231338501,35532,35542,10
12.9299497604,80.2314834595,35542,35552,10
12.9307403564,80.2316818237,35552,35562,10
12.9315795898,80.2319412231,35562,35572,10
12.932390213,80.232208252,35572,35582,10
12.933549881,80.2326507568,35582,35602,20
12.933549881,80.2326507568,35602,35613,11
12.9338102341,80.2328033447,35613,35623,10
12.9344797134,80.2331237793,35623,35633,10
12.9353399277,80.2335281372,35633,35643,10
12.9357995987,80.2337493896,35643,35653,10
12.9363899231,80.2340011597,35653,35663,10
12.9372301102,80.2343826294,35663,35673,10
12.9382095337,80.2348403931,35673,35683,10
12.9392204285,80.2353363037,35683,35693,10
12.9397096634,80.2355804443,35693,35703,10
12.9397201538,80.2355804443,35703,35714,11
12.9401397705,80.2357711792,35714,35724,10
12.9409399033,80.236000061,35724,35734,10
12.9419803619,80.2362594604,35734,35744,10
12.9430599213,80.2367401123,35744,35754,10
12.9439897537,80.2376403809,35754,35764,10
12.9447202682,80.2384719849,35764,35774,10
12.9458904266,80.2394180298,35774,35784,10
12.9469404221,80.2398300171,35784,35794,10
12.94713974,80.2398910522,35794,35804,10
12.9472799301,80.2399368286,35804,35815,11
12.9478702545,80.2401580811,35815,35905,90
12.9478702545,80.2401580811,35905,35915,10
12.9479598999,80.2401885986,35915,35926,11
12.9482498169,80.2403335571,35926,35936,10
12.9485797882,80.2404785156,35936,35946,10
12.9490203857,80.2406463623,35946,35956,10
12.9495096207,80.2408370972,35956,35966,10
12.9501304626,80.2410202026,35966,35976,10
12.9506196976,80.2411575317,35976,35986,10
12.9511003494,80.2413024902,35986,36006,20
12.9511003494,80.2413024902,36006,36017,11
12.951499939,80.2414703369,36017,36027,10
12.9519100189,80.2416000366,36027,36037,10
12.952249527,80.2417297363,36037,36047,10
12.9529495239,80.2419815063,36047,36057,10
12.9536895752,80.2422332764,36057,36067,10
12.9539003372,80.2423324585,36067,36077,10
12.9543600082,80.2425231934,36077,36087,10
12.9549798965,80.242767334,36087,36097,10
12.9557199478,80.243057251,36097,36107,10
12.9562397003,80.2432403564,36107,36138,31
12.9562397003,80.2432403564,36138,36148,10
12.9565000534,80.2433776855,36148,36158,10
12.9570903778,80.2436294556,36158,36168,10
12.9579401016,80.2440109253,36168,36178,10
12.9587097168,80.2443084717,36178,36188,10
12.9589500427,80.2444000244,36188,36198,10
12.9593801498,80.2446289063,36198,36208,10
12.9601402283,80.2449798584,36208,36219,11
12.9611597061,80.2454528809,36219,36229,10
12.9622001648,80.2459564209,36229,36239,10
12.9630403519,80.246383667,36239,36299,60
12.9631299973,80.2464828491,36299,36330,31
12.9631299973,80.2464828491,36330,36340,10
12.9634399414,80.2466583252,36340,36350,10
12.9637804031,80.2467880249,36350,36360,10
12.9644804001,80.2470321655,36360,36370,10
12.9653596878,80.2473220825,36370,36380,10
12.9667396545,80.2478637695,36380,36400,20
12.9667396545,80.2478637695,36400,36410,10
12.9668197632,80.2478790283,36410,36421,11
12.9672203064,80.2480773926,36421,36431,10
12.9679403305,80.2483901978,36431,36441,10
12.9689302444,80.2487792969,36441,36451,10
12.9700202942,80.2492218018,36451,36461,10
12.9712600708,80.2496566772,36461,36471,10
12.9725799561,80.2500228882,36471,36481,10
12.9738798141,80.2503585815,36481,36491,10
12.9752397537,80.2507629395,36491,36501,10
12.9766197205,80.251159668,36501,36511,10
12.9777402878,80.251701355,36511,36521,10
12.9784002304,80.2521972656,36521,36532,11
12.9784698486,80.2522583008,36532,36542,10
12.9789495468,80.2524795532,36542,36552,10
12.9794101715,80.2525405884,36552,36592,40
12.9794101715,80.2525405884,36592,36602,10
12.9797496796,80.2525634766,36602,36612,10
12.9802598953,80.2525787354,36612,36622,10
12.9810304642,80.2525634766,36622,36633,11
12.9820995331,80.2525405884,36633,36643,10
12.9829397202,80.2524871826,36643,36976,333
12.9829397202,80.2524871826,36976,36986,10
12.9829998016,80.2524719238,36986,36996,10
12.9831199646,80.252456665,36996,37006,10
12.983300209,80.2524414063,37006,37016,10
12.9837598801,80.2523498535,37016,37026,10
12.9844903946,80.2521514893,37026,37037,11
12.985039711,80.251991272,37037,37047,10
12.9853801727,80.2518920898,37047,37057,10
12.9856595993,80.2518234253,37057,37067,10
12.9860095978,80.2517166138,37067,37077,10
12.9864597321,80.2516174316,37077,37087,10
12.9868297577,80.2515182495,37087,37440,353
12.9868297577,80.2515182495,37440,37451,11
12.9869699478,80.2514419556,37451,37461,10
12.9871797562,80.2513809204,37461,37471,10
12.9874696732,80.2512969971,37471,37481,10
12.9878702164,80.2512130737,37481,37491,10
12.9885597229,80.2510528564,37491,37501,10
12.98939991,80.2508163452,37501,37511,10
12.9895095825,80.2507781982,37511,37521,10
12.989979744,80.2506790161,37521,37531,10
12.990819931,80.2504577637,37531,37541,10
12.9919099808,80.2501831055,37541,37552,11
12.9932804108,80.2498474121,37552,37562,10
12.9946098328,80.2495422363,37562,37572,10
12.9958600998,80.2492675781,37572,37582,10
12.9967699051,80.2489624023,37582,37592,10
12.9969501495,80.2489089966,37592,37602,10
12.9976196289,80.2487487793,37602,37612,10
12.9986495972,80.2484970093,37612,37622,10
12.9998703003,80.2482070923,37622,37632,10
13.0011796951,80.2478790283,37632,37642,10
13.0020599365,80.2476806641,37642,37653,11
13.0028800964,80.2474975586,37653,37663,10
13.0038795471,80.2473373413,37663,37673,10
13.004940033,80.2472076416,37673,37683,10
13.0058698654,80.2469863892,37683,37693,10
13.0063695908,80.24659729,37693,37703,10
13.0063896179,80.2465667725,37703,37713,10
13.0064897537,80.2464065552,37713,37723,10
13.0065603256,80.2459564209,37723,37733,10
13.0065803528,80.2457275391,37733,37749,16
13.0065898895,80.2455596924,37749,37761,12
13.0066099167,80.2453231812,37761,37772,11
13.0066404343,80.245010376,37772,37782,10
13.0066404343,80.2449417114,37782,37791,9
13.0066299438,80.2446289063,37791,37801,10
13.0066404343,80.244468689,37801,37812,11
13.0066099167,80.2440795898,37812,37822,10
13.0066299438,80.2437667847,37822,37832,10
13.0066404343,80.2433624268,37832,37842,10
13.0066404343,80.2428588867,37842,37854,12
13.0066404343,80.2418899536,37854,37864,10
13.0066900253,80.2410964966,37864,37874,10
13.006819725,80.2403335571,37874,37884,10
13.0069503784,80.2395172119,37884,37894,10
13.0070896149,80.2386779785,37894,37904,10
13.0072202682,80.2378616333,37904,37914,10
13.0073604584,80.2369995117,37914,37924,10
13.007399559,80.2367324829,37924,37934,10
13.0074100494,80.2366027832,37934,37944,10
13.0075397491,80.2361831665,37944,37955,11
13.0076799393,80.2353897095,37955,37965,10
13.0076904297,80.2353515625,37965,37975,10
13.0077600479,80.2350769043,37975,37985,10
13.0078802109,80.2344284058,37985,37995,10
13.0080604553,80.2334976196,37995,38005,10
13.0082502365,80.2324295044,38005,38015,10
13.0084495544,80.231338501,38015,38025,10
13.008649826,80.2303237915,38025,38035,10
13.0088701248,80.2292709351,38035,38045,10
13.0090999603,80.2282562256,38045,38056,11
13.0095396042,80.2272796631,38056,38066,10
13.0099802017,80.226348877,38066,38076,10
13.0103902817,80.2254867554,38076,38086,10
13.0105400085,80.2251815796,38086,38095,9
13.0105695724,80.2250900269,38095,38106,11
13.0107498169,80.2247161865,38106,38116,10
13.01101017,80.2241134644,38116,38126,10
13.0113201141,80.2233505249,38126,38136,10
13.0115804672,80.2226409912,38136,38146,10
13.0119199753,80.2217178345,38146,38156,10
13.0123100281,80.2213592529,38156,38167,11
13.0125398636,80.2218093872,38167,38177,10
13.0130300522,80.222366333,38177,38187,10
13.0134801865,80.2228164673,38187,38197,10
13.0138998032,80.2233505249,38197,38207,10
13.0142803192,80.2238311768,38207,38217,10
13.0149002075,80.2243804932,38217,38227,10
13.0154600143,80.2248916626,38227,38237,10
13.0155000687,80.2249298096,38237,38247,10
13.0156202316,80.2250137329,38247,38257,10
13.0160303116,80.2252883911,38257,38268,11
13.0168600082,80.225151062,38268,38278,10
13.017780304,80.2247924805,38278,38288,10
13.0187397003,80.2244110107,38288,38298,10
13.0195198059,80.2243423462,38298,38328,30
13.0195198059,80.2243423462,38328,38338,10
13.0197200775,80.2244873047,38338,38348,10
13.020070076,80.2247619629,38348,38358,10
13.0206203461,80.225151062,38358,38369,11
13.0211696625,80.2255706787,38369,38379,10
13.0217399597,80.2259979248,38379,38389,10
13.021900177,80.2261199951,38389,38399,10
13.0220298767,80.2262420654,38399,38409,10
13.022190094,80.2263336182,38409,38419,10
13.0224199295,80.2265319824,38419,38429,10
13.0224199295,80.2265396118,38429,38439,10
13.022480011,80.2266082764,38439,38449,10
13.0229196548,80.2270431519,38449,38470,21
13.0229196548,80.2270431519,38470,38480,10
13.0231599808,80.2272796631,38480,38490,10
13.0232801437,80.2273712158,38490,38500,10
13.0234899521,80.2275466919,38500,38510,10
13.0237503052,80.2277832031,38510,38520,10
13.0239095688,80.227897644,38520,38530,10
13.0240497589,80.2280578613,38530,38540,10
13.024140358,80.2281570435,38540,38550,10
13.0242996216,80.2283477783,38550,38611,61
13.0242996216,80.2283477783,38611,38621,10
13.0245103836,80.2286300659,38621,38631,10
13.0246200562,80.2287902832,38631,38641,10
13.024769783,80.2290420532,38641,38651,10
13.024939537,80.2292861938,38651,38661,10
13.0253000259,80.2297286987,38661,38672,11
13.0257196426,80.2303466797,38672,38682,10
13.0258398056,80.2306365967,38682,38692,10
13.0259199142,80.2308502197,38692,38702,10
13.0259599686,80.2310714722,38702,38712,10
13.0260095596,80.231262207,38712,38722,10
13.026140213,80.2317581177,38722,38732,10
13.0264101028,80.2325820923,38732,38742,10
13.0267801285,80.2332763672,38742,38752,10
13.0273103714,80.2341384888,38752,38762,10
13.0278301239,80.2350921631,38762,38773,11
13.0283899307,80.2358322144,38773,38783,10
13.0287303925,80.2362136841,38783,38793,10
13.0290203094,80.236541748,38793,38803,10
13.0293703079,80.2369003296,38803,38813,10
13.0295000076,80.2370376587,38813,38823,10
13.0296001434,80.2370986938,38823,38833,10
13.0298099518,80.2374801636,38833,38843,10
13.0302095413,80.2381973267,38843,38853,10
13.030579567,80.2387466431,38853,38863,10
13.0309295654,80.2393875122,38863,38884,21
13.0311203003,80.2396697998,38884,38932,48
13.0311203003,80.2396697998,38932,38942,10
13.0311803818,80.2398223877,38942,38952,10
13.0313596725,80.2401428223,38952,38962,10
13.0314502716,80.2407684326,38962,38972,10
13.0317401886,80.2414093018,38972,38983,11
13.0321798325,80.2421875,38983,38993,10
13.0327196121,80.2428207397,38993,39003,10
13.0332202911,80.2435684204,39003,39013,10
13.0338096619,80.2442474365,39013,39022,9
13.0341796875,80.2449188232,39022,39033,11
13.0347795486,80.2455596924,39033,39043,10
13.035610199,80.2460098267,39043,39053,10
13.0357503891,80.24609375,39053,39063,10
13.0358800888,80.2462387085,39063,39073,10
13.0362796783,80.246383667,39073,39084,11
13.0371303558,80.2464981079,39084,39094,10
13.0378198624,80.2464370728,39094,39104,10
13.038359642,80.2465667725,39104,39114,10
13.0387096405,80.2467422485,39114,39124,10
13.0390195847,80.2468414307,39124,39134,10
13.0393295288,80.2469024658,39134,39144,10
13.0396900177,80.2469787598,39144,39154,10
13.0402603149,80.2470703125,39154,39164,10
13.0409402847,80.247177124,39164,39174,10
13.0418100357,80.2473220825,39174,39185,11
13.0424995422,80.2474594116,39185,39195,10
13.0428199768,80.2476272583,39195,39205,10
13.0432300568,80.247756958,39205,39215,10
13.0437602997,80.2477798462,39215,39225,10
13.0442895889,80.2477874756,39225,39235,10
13.0449104309,80.2479171753,39235,39244,9
13.0452899933,80.2481231689,39244,39255,11
13.0459299088,80.2484436035,39255,39265,10
13.0466003418,80.2484436035,39265,39275,10
13.0468997955,80.2483978271,39275,39286,11
13.0469799042,80.2484130859,39286,39296,10
13.0473499298,80.2486190796,39296,39306,10
13.0477104187,80.2490386963,39306,39316,10
13.0481796265,80.2495193481,39316,39326,10
13.0487203598,80.249710083,39326,39336,10
13.0498695374,80.2498016357,39336,39346,10
13.0509996414,80.2500076294,39346,39356,10
13.0517196655,80.2503433228,39356,39366,10
13.0518598557,80.2504425049,39366,39376,10
13.0520000458,80.250541687,39376,39387,11
13.0522203445,80.250831604,39387,39397,10
13.052570343,80.2512969971,39397,39407,10
13.0527896881,80.2515792847,39407,39417,10
13.0528402328,80.2516174316,39417,39427,10
13.0530500412,80.2519226074,39427,39437,10
13.0530996323,80.2519989014,39437,39447,10
13.0531997681,80.2521133423,39447,39463,16
13.0535001755,80.252532959,39463,39475,12
13.053730011,80.2528610229,39475,39485,10
13.0538196564,80.2529907227,39485,39496,11
13.0539102554,80.2531433105,39496,39506,10
13.0541000366,80.25340271,39506,39516,10
13.0542201996,80.2535476685,39516,39526,10
13.0542697906,80.2536315918,39526,39536,10
13.0543603897,80.2537536621,39536,39546,10
13.0545396805,80.2539825439,39546,39556,10
13.054690361,80.2541809082,39556,39566,10
13.0548601151,80.2544326782,39566,39576,10
13.0551204681,80.2547607422,39576,39586,10
13.0554800034,80.2552566528,39586,39597,11
13.055850029,80.2557983398,39597,39607,10
13.0560598373,80.256072998,39607,39617,10
13.0563001633,80.2563705444,39617,39626,9
13.0565700531,80.2566680908,39626,39637,11
13.0570402145,80.2570114136,39637,39647,10
13.0575704575,80.2574691772,39647,39657,10
13.0578298569,80.2577819824,39657,39667,10
13.0580501556,80.2580795288,39667,39677,10
13.0583200455,80.258430481,39677,39687,10
13.0587100983,80.2587966919,39687,39698,11
13.0591201782,80.259437561,39698,39708,10
13.0595998764,80.2600402832,39708,39718,10
13.0601997375,80.2605514526,39718,39728,10
13.0605697632,80.2610092163,39728,39738,10
13.0606298447,80.2611236572,39738,39747,9
13.0606603622,80.2611999512,39747,39757,10
13.0609798431,80.2616424561,39757,39767,10
13.0614204407,80.2621002197,39767,39778,11
13.0618495941,80.2626266479,39778,39788,10
13.0624103546,80.2632980347,39788,39799,11
13.0629396439,80.2639389038,39799,39809,10
13.0633001328,80.2644119263,39809,39819,10
13.0636396408,80.2649765015,39819,39829,10
13.0638303757,80.2653427124,39829,39839,10
13.0639200211,80.2655181885,39839,39849,10
13.064040184,80.2657928467,39849,39859,10
13.0642004013,80.2659225464,39859,39869,10
13.0643796921,80.2660980225,39869,39879,10
13.0646696091,80.2663269043,39879,39889,10
13.064789772,80.2664871216,39889,39900,11
13.0649900436,80.2667388916,39900,39910,10
13.0653800964,80.2670593262,39910,39920,10
13.0657300949,80.2674026489,39920,39930,10
13.0657501221,80.2674636841,39930,39940,10
13.0658798218,80.2677383423,39940,39950,10
13.0662603378,80.2682113647,39950,39960,10
13.0666399002,80.2684631348,39960,39970,10
13.0671100616,80.2686767578,39970,39980,10
13.0676898956,80.26902771,39980,39996,16
13.0682897568,80.2694015503,39996,40009,13
13.0682096481,80.2699203491,40009,40019,10
13.0681400299,80.2704086304,40019,40027,8
13.0680904388,80.2708969116,40027,40038,11
13.0680704117,80.2713012695,40038,40069,31
13.0680704117,80.2713012695,40069,40079,10
13.0682897568,80.2715301514,40079,40089,10
13.068570137,80.2718429565,40089,40099,10
13.0687799454,80.2719116211,40099,40110,11
13.0691204071,80.2721176147,40110,40120,10
13.0695896149,80.2726211548,40120,40130,10
13.0701503754,80.2731933594,40130,40140,10
13.0705499649,80.2737884521,40140,40150,10
13.0710601807,80.2741775513,40150,40170,20
13.0713195801,80.2741775513,40170,40190,20
13.0713195801,80.2741775513,40190,40200,10
13.071680069,80.2742767334,40200,40211,11
13.0721702576,80.2747192383,40211,40221,10
13.0726900101,80.2752685547,40221,40231,10
13.0732498169,80.2758865356,40231,40241,10
13.0736198425,80.2762374878,40241,40251,10
13.0738401413,80.276260376,40251,40261,10
13.0741701126,80.276260376,40261,40271,10
13.0749397278,80.276222229,40271,40281,10
13.0756998062,80.2761993408,40281,40301,20
13.0756998062,80.2761993408,40301,40312,11
13.0761003494,80.2759399414,40312,40372,60
13.0762300491,80.2759094238,40372,40625,253
13.0762300491,80.2759094238,40625,40635,10
13.0760402679,80.2758178711,40635,40645,10
13.0759096146,80.2761306763,40645,40655,10
13.0761003494,80.2762374878,40655,40665,10
13.0767002106,80.276222229,40665,40675,10
13.0774202347,80.2761535645,40675,40685,10
13.0781097412,80.2759933472,40685,40695,10
13.0784101486,80.2752838135,40695,40705,10
13.0791902542,80.2751464844,40705,40715,10
13.0803604126,80.2752380371,40715,40736,21
13.0803604126,80.2752380371,40736,40746,10
13.0804100037,80.2752304077,40746,40756,10
13.0808496475,80.275177002,40756,40766,10
13.0813598633,80.2751235962,40766,40776,10
13.0818195343,80.275177002,40776,40917,141
13.0820598602,80.2754821777,40917,41919,1002
13.0820598602,80.2754821777,41919,41929,10
13.0820703506,80.275932312,41929,41939,10
13.0818395615,80.2760696411,41939,41950,11
13.0818500519,80.2763824463,41950,41960,10
13.0818595886,80.2768630981,41960,41970,10
13.0819597244,80.2774887085,41970,41980,10
13.0820198059,80.2778167725,41980,41989,9
13.0822401047,80.2780075073,41989,42000,11
13.0826196671,80.2779998779,42000,42010,10
13.0830497742,80.2780609131,42010,42020,10
13.0832700729,80.2780685425,42020,42030,10
13.0833902359,80.2782592773,42030,42040,10
13.083530426,80.2787475586,42040,42050,10
13.0832901001,80.2789764404,42050,42061,11
13.0825099945,80.2787017822,42061,42071,10
13.0819597244,80.2783126831,42071,42081,10
13.0818996429,80.2777633667,42081,42091,10
13.0817499161,80.2769393921,42091,42101,10
13.0815200806,80.2759780884,42101,42121,20
13.0815000534,80.2756881714,42121,42162,41
13.0815000534,80.2756881714,42162,42172,10
13.0814399719,80.2752990723,42172,42182,10
13.0811004639,80.2752304077,42182,42192,10
13.0804195404,80.2753067017,42192,42202,10
13.0796403885,80.2753601074,42202,42212,10
13.0788602829,80.2752304077,42212,42222,10
13.0782804489,80.2756576538,42222,42232,10
13.0777702332,80.2762374878,42232,42242,10
13.0768404007,80.2762985229,42242,42244,2
13.0768404007,80.2762985229,42244,42291,47
13.0742301941,80.2763824463,42291,42301,10
13.0735998154,80.2764434814,42301,42311,10
13.0730495453,80.2758865356,42311,42321,10
13.0725002289,80.2752990723,42321,42331,10
13.0720396042,80.2748565674,42331,42351,20
13.0720396042,80.2748565674,42351,42361,10
13.0718698502,80.2746887207,42361,42372,11
13.0712795258,80.2744979858,42372,42383,11
13.0708599091,80.2744216919,42383,42393,10
13.0708398819,80.2743988037,42393,42403,10
13.0707302094,80.2742614746,42403,42413,10
13.0705795288,80.2740402222,42413,42423,10
13.0703496933,80.2737884521,42423,42433,10
13.0700502396,80.2733612061,42433,42443,10
13.069609642,80.2728424072,42443,42453,10
13.0690803528,80.2722625732,42453,42464,11
13.0683603287,80.2719421387,42464,42475,11
13.0680198669,80.2714691162,42475,42485,10
13.0679798126,80.2713775635,42485,42495,10
13.0679302216,80.2712173462,42495,42505,10
13.0678901672,80.2710037231,42505,42515,10
13.0674295425,80.2706298828,42515,42525,10
13.0667104721,80.2698516846,42525,42535,10
13.0663404465,80.2689971924,42535,42545,10
13.0661697388,80.2684173584,42545,42555,10
13.0657501221,80.2678833008,42555,42565,10
13.0656003952,80.2677001953,42565,42576,11
13.0653896332,80.2676696777,42576,42586,10
13.0652599335,80.2676391602,42586,42596,10
13.0646295547,80.267578125,42596,42606,10
13.0639295578,80.2674484253,42606,42616,10
13.0633001328,80.2673110962,42616,42626,10
13.0628700256,80.2672119141,42626,42636,10
13.0625,80.266998291,42636,42646,10
13.0623703003,80.2667617798,42646,42656,10
13.0619401932,80.2662506104,42656,42666,10
13.0614995956,80.2657089233,42666,42677,11
13.0611400604,80.2652587891,42677,42687,10
13.0606002808,80.2654190063,42687,42697,10
13.0605297089,80.2654418945,42697,42707,10
13.0602502823,80.2655334473,42707,42717,10
13.0595502853,80.2656097412,42717,42727,10
13.0588998795,80.2655181885,42727,42737,10
13.0583095551,80.2653121948,42737,42753,16
13.0579395294,80.2641830444,42753,42765,12
13.0578899384,80.2632217407,42765,42775,10
13.0577898026,80.2626800537,42775,42786,11
13.0577201843,80.2621536255,42786,42795,9
13.0576496124,80.26171875,42795,42807,12
13.057559967,80.2612915039,42807,42817,10
13.0574598312,80.2608032227,42817,42826,9
13.0571603775,80.259979248,42826,42837,11
13.0569400787,80.259262085,42837,42847,10
13.0566797256,80.2586288452,42847,42857,10
13.0565795898,80.2580718994,42857,42867,10
13.0565700531,80.2574920654,42867,42878,11
13.0564403534,80.2571105957,42878,42888,10
13.0563201904,80.2566680908,42888,42898,10
13.0560598373,80.2561721802,42898,42908,10
13.0556097031,80.2555618286,42908,42918,10
13.0550403595,80.2547683716,42918,42928,10
13.0544595718,80.2539672852,42928,42938,10
13.0537900925,80.2531204224,42938,42948,10
13.05327034,80.2524337769,42948,42958,10
13.0529298782,80.251991272,42958,42968,10
13.0526399612,80.2515792847,42968,42978,10
13.0523004532,80.2510986328,42978,42989,11
13.0516796112,80.2504425049,42989,42999,10
13.0506696701,80.250038147,42999,43009,10
13.0494403839,80.2498321533,43009,43019,10
13.0484304428,80.2496566772,43019,43029,10
13.0477600098,80.2492599487,43029,43039,10
13.0469398499,80.2486877441,43039,43059,20
13.0469398499,80.2486877441,43059,43069,10
13.0468301773,80.2486572266,43069,43079,10
13.0465602875,80.2485961914,43079,43090,11
13.0464496613,80.2485275269,43090,43100,10
13.0462703705,80.2485275269,43100,43110,10
13.0460596085,80.2484512329,43110,43120,10
13.0459403992,80.2483291626,43120,43130,10
13.0457601547,80.2482528687,43130,43140,10
13.0454998016,80.2482376099,43140,43160,20
13.0454998016,80.2482376099,43160,43170,10
13.0451097488,80.2481765747,43170,43180,10
13.0447101593,80.2481307983,43180,43191,11
13.0443096161,80.2480621338,43191,43201,10
13.0440196991,80.248008728,43201,43211,10
13.0438404083,80.2479782104,43211,43221,10
13.0435400009,80.2479705811,43221,43231,10
13.0431203842,80.2479019165,43231,43241,10
13.0424995422,80.2477722168,43241,43251,10
13.0417804718,80.2475891113,43251,43261,10
13.0408401489,80.2473831177,43261,43271,10
13.0401000977,80.2472686768,43271,43312,41
13.0401000977,80.2472686768,43312,43322,10
13.0398597717,80.2472229004,43322,43332,10
13.0394296646,80.2470321655,43332,43342,10
13.0387601852,80.2468566895,43342,43352,10
13.0382299423,80.2467498779,43352,43362,10
13.0375995636,80.2466812134,43362,43379,17
13.0373802185,80.2466506958,43379,43391,12
13.0370597839,80.2465820313,43391,43402,11
13.0366601944,80.2464904785,43402,43411,9
13.0360202789,80.2463531494,43411,43422,11
13.0358800888,80.2462997437,43422,43432,10
13.035779953,80.2462463379,43432,43442,10
13.0354795456,80.2461166382,43442,43452,10
13.0353899002,80.2460479736,43452,43462,10
13.0352201462,80.2459030151,43462,43472,10
13.0347003937,80.2454681396,43472,43482,10
13.0342302322,80.2449035645,43482,43492,10
13.0336799622,80.2443008423,43492,43504,12
13.0328397751,80.243270874,43504,43514,10
13.0322904587,80.2425537109,43514,43554,40
13.0322904587,80.2425537109,43554,43564,10
13.0320796967,80.2423171997,43564,43574,10
13.031999588,80.2422027588,43574,43584,10
13.0319595337,80.2420883179,43584,43594,10
13.0318698883,80.2419128418,43594,43605,11
13.0316295624,80.2414474487,43605,43625,20
13.0316295624,80.2414474487,43625,43635,10
13.0316801071,80.2411193848,43635,43675,40
13.0316801071,80.2411193848,43675,43685,10
13.0316896439,80.2409820557,43685,43695,10
13.0313901901,80.2405929565,43695,43706,11
13.0311002731,80.2400283813,43706,43716,10
13.0306596756,80.2393035889,43716,43726,10
13.0301399231,80.2384414673,43726,43736,10
13.0296497345,80.2376403809,43736,43746,10
13.0291996002,80.2369918823,43746,43756,10
13.0286598206,80.2363891602,43756,43766,10
13.0278501511,80.2354431152,43766,43775,9
13.0272703171,80.2343978882,43775,43786,11
13.0265903473,80.2333221436,43786,43796,10
13.0264997482,80.2331695557,43796,43807,11
13.0263204575,80.2328186035,43807,43817,10
13.0261201859,80.232093811,43817,43827,10
13.0259599686,80.2315597534,43827,43837,10
13.0258398056,80.2310409546,43837,43847,10
13.0254802704,80.2303237915,43847,43857,10
13.0247097015,80.2292175293,43857,43877,20
13.0247097015,80.2292175293,43877,43887,10
13.0245504379,80.2290420532,43887,43897,10
13.0242900848,80.2287063599,43897,43907,10
13.0233602524,80.2276306152,43907,43928,21
13.0233602524,80.2276306152,43928,43938,10
13.0232696533,80.2275619507,43938,43954,16
13.0226402283,80.2269897461,43954,43966,12
13.0218801498,80.2263183594,43966,43976,10
13.02161026,80.2260894775,43976,43986,10
13.0211801529,80.2257232666,43986,43995,9
13.0204801559,80.2252120972,43995,44006,11
13.0197401047,80.2247009277,44006,44017,11
13.0188598633,80.2245025635,44017,44027,10
13.0180397034,80.2248077393,44027,44037,10
13.0170602798,80.2251815796,44037,44047,10
13.016289711,80.2255020142,44047,44057,10
13.0155601501,80.2257537842,44057,44067,10
13.014840126,80.22605896,44067,44077,10
13.0142803192,80.2262878418,44077,44096,19
13.0142803192,80.2262878418,44096,44107,11
13.0140695572,80.2264022827,44107,44118,11
13.0134000778,80.2266311646,44118,44128,10
13.0124397278,80.2269592285,44128,44138,10
13.0112895966,80.2273635864,44138,44148,10
13.0101604462,80.2278137207,44148,44158,10
13.0092601776,80.2283477783,44158,44168,10
13.0089797974,80.2292404175,44168,44218,50
13.0089797974,80.2292404175,44218,44229,11
13.0088996887,80.2296676636,44229,44239,10
13.0087099075,80.2302017212,44239,44249,10
13.0086097717,80.2310791016,44249,44259,10
13.0083303452,80.2322769165,44259,44269,10
13.0081796646,80.2335281372,44269,44289,20
13.0081796646,80.2335281372,44289,44299,10
13.0081300735,80.2337875366,44299,44309,10
13.0079298019,80.2342071533,44309,44319,10
13.0077495575,80.2349777222,44319,44330,11
13.007519722,80.2359466553,44330,44340,10
13.007349968,80.2369995117,44340,44350,10
13.0072603226,80.2378463745,44350,44360,10
13.0071401596,80.2382965088,44360,44370,10
13.0069904327,80.2387771606,44370,44380,10
13.0068798065,80.2397079468,44380,44441,61
13.0068798065,80.2397079468,44441,44451,10
13.0068302155,80.2403030396,44451,44461,10
13.0067195892,80.2410125732,44461,44471,10
13.0066604614,80.2417831421,44471,44481,10
13.0066299438,80.2427368164,44481,44511,30
13.0066699982,80.2430267334,44511,44562,51
13.0066699982,80.2430267334,44562,44572,10
13.0066404343,80.2434387207,44572,44582,10
13.0066003799,80.2436218262,44582,44592,10
13.0065202713,80.2439193726,44592,44602,10
13.0064296722,80.2443313599,44602,44612,10
13.0064201355,80.2447662354,44612,44622,10
13.0064296722,80.2451629639,44622,44632,10
13.0064601898,80.2457427979,44632,44643,11
13.0064897537,80.2460403442,44643,44653,10
13.0066003799,80.2464981079,44653,44663,10
13.0066604614,80.2468109131,44663,44673,10
13.0066604614,80.2468338013,44673,44683,10
13.0066995621,80.2470397949,44683,44693,10
13.0065603256,80.2473373413,44693,44703,10
13.0061998367,80.2473831177,44703,44733,30
13.0061998367,80.2473831177,44733,44744,11
13.0059099197,80.2474212646,44744,44754,10
13.0053396225,80.2473907471,44754,44764,10
13.0044898987,80.2474365234,44764,44774,10
13.0034799576,80.2475814819,44774,44784,10
13.0024595261,80.2477874756,44784,44794,10
13.0015296936,80.2479934692,44794,44804,10
13.000459671,80.248260498,44804,44814,10
12.9993000031,80.2485275269,44814,44824,10
12.9977397919,80.2489624023,44824,44845,21
12.9977397919,80.2489624023,44845,44855,10
12.9974899292,80.2490234375,44855,44865,10
12.9968595505,80.2491607666,44865,44875,10
12.9959497452,80.2493972778,44875,44885,10
12.9949398041,80.249710083,44885,44895,10
12.9937400818,80.2499771118,44895,44905,10
12.9925003052,80.2502670288,44905,44921,16
12.9912395477,80.250617981,44921,44933,12
12.9911298752,80.2506484985,44933,44943,10
12.9905996323,80.2507781982,44943,44954,11
12.9895601273,80.2510375977,44954,44964,10
12.9888401031,80.2512130737,44964,44972,8
12.9882802963,80.2513580322,44972,44984,12
12.9874095917,80.2515411377,44984,44994,10
12.9864797592,80.2517776489,44994,45004,10
12.9855699539,80.2520065308,45004,45013,9
12.9845600128,80.252281189,45013,45024,11
12.9831600189,80.2526092529,45024,45034,10
12.982000351,80.2527008057,45034,45044,10
12.9809303284,80.2527389526,45044,45055,11
12.9802103043,80.2527923584,45055,45065,10
12.9795703888,80.2527313232,45065,45075,10
12.9785699844,80.2526016235,45075,45095,20
12.9785699844,80.2526016235,45095,45105,10
12.9781999588,80.2523269653,45105,45115,10
12.9775400162,80.2517471313,45115,45125,10
12.9765796661,80.2512817383,45125,45135,10
12.9754896164,80.2509536743,45135,45145,10
12.9745597839,80.2506866455,45145,45156,11
12.9733495712,80.2503509521,45156,45166,10
12.972120285,80.250038147,45166,45176,10
12.9708595276,80.2497024536,45176,45186,10
12.9696397781,80.2493133545,45186,45196,10
12.968460083,80.2488632202,45196,45206,10
12.9673595428,80.2484207153,45206,45216,10
12.9665403366,80.2480316162,45216,45226,10
12.9657402039,80.2476730347,45226,45236,10
12.965180397,80.2474365234,45236,45246,10
12.9651603699,80.2474365234,45246,45257,11
12.9647502899,80.2472610474,45257,45267,10
12.964099884,80.2470169067,45267,45277,10
12.9639997482,80.2469787598,45277,45287,10
12.9637699127,80.2469024658,45287,45297,10
12.9632997513,80.2466964722,45297,45307,10
12.9624204636,80.2462768555,45307,45317,10
12.9614400864,80.2458190918,45317,45327,10
12.9604997635,80.2453918457,45327,45337,10
12.9595499039,80.2449798584,45337,45347,10
12.9593696594,80.2448883057,45347,45358,11
12.9590101242,80.2447128296,45358,45368,10
12.9582796097,80.2443771362,45368,45378,10
12.9575595856,80.2441101074,45378,45388,10
12.9568996429,80.2438583374,45388,45397,9
12.956489563,80.2436904907,45397,45469,72
12.956489563,80.2436904907,45469,45479,10
12.9561595917,80.2436065674,45479,45489,10
12.9555196762,80.2433013916,45489,45499,10
12.95470047,80.2429199219,45499,45509,10
12.9538803101,80.2425765991,45509,45519,10
12.95291996,80.2421875,45519,45529,10
12.9519796371,80.2418365479,45529,45539,10
12.9516401291,80.2417373657,45539,45549,10
12.9515104294,80.2416915894,45549,45559,10
12.950920105,80.2414703369,45559,45570,11
12.9492902756,80.2409591675,45570,45600,30
12.9492902756,80.2409591675,45600,45610,10
12.9491901398,80.2409362793,45610,45620,10
12.9488697052,80.2408065796,45620,45630,10
12.9482002258,80.2405319214,45630,45640,10
12.9470100403,80.2400588989,45640,45660,20
12.9470100403,80.2400588989,45660,45671,11
12.9466695786,80.2398986816,45671,45681,10
12.9459104538,80.2395629883,45681,45691,10
12.9450597763,80.2390213013,45691,45701,10
12.9442396164,80.2381362915,45701,45711,10
12.9432697296,80.237159729,45711,45721,10
12.9420499802,80.2364273071,45721,45731,10
12.9406003952,80.2360687256,45731,45741,10
12.9397802353,80.2358322144,45741,45751,10
12.9396600723,80.2357788086,45751,45761,10
12.9395704269,80.235786438,45761,45772,11
12.9389896393,80.235496521,45772,45782,10
12.9381599426,80.2350769043,45782,45792,10
12.9369096756,80.2344589233,45792,45802,10
12.9358997345,80.2339782715,45802,45812,10
12.9350700378,80.2335968018,45812,45822,10
12.9339103699,80.2330474854,45822,45842,20
12.9339103699,80.2330474854,45842,45852,10
12.9334897995,80.2328567505,45852,45862,10
12.9326000214,80.2324905396,45862,45873,11
12.9312400818,80.2320022583,45873,45883,10
12.9298200607,80.2315979004,45883,45893,10
12.9285097122,80.2313232422,45893,45903,10
12.9271097183,80.2311401367,45903,45913,10
12.9261198044,80.2310562134,45913,45923,10
12.9259500504,80.2310409546,45923,45933,10
12.925330162,80.2309417725,45933,45943,10
12.9244699478,80.2308502197,45943,45953,10
12.9232797623,80.230682373,45953,45963,10
12.9218397141,80.2304534912,45963,45973,10
12.9202899933,80.2302322388,45973,45984,11
12.9188804626,80.2300567627,45984,45994,10
12.9178199768,80.229927063,45994,46004,10
12.9165802002,80.2297363281,46004,46014,10
12.9151601791,80.2295379639,46014,46024,10
12.913769722,80.2293624878,46024,46034,10
12.9133396149,80.2293319702,46034,46044,10
12.9131402969,80.2292785645,46044,46054,10
12.9123296738,80.2291793823,46054,46064,10
12.9111995697,80.2290115356,46064,46074,10
12.9099302292,80.2288131714,46074,46085,11
12.9089202881,80.2286376953,46085,46095,10
12.9083595276,80.2285385132,46095,46105,10
12.9081802368,80.2285385132,46105,46115,10
12.9078502655,80.228553772,46115,46135,20
12.9078502655,80.228553772,46135,46145,10
12.9075698853,80.2285003662,46145,46155,10
12.9073400497,80.228477478,46155,46165,10
12.9068698883,80.2284164429,46165,46175,10
12.9064598083,80.2283401489,46175,46186,11
12.9060201645,80.2282791138,46186,46196,10
12.9050502777,80.2282409668,46196,46206,10
12.9039697647,80.2281799316,46206,46216,10
12.9026899338,80.2281265259,46216,46246,30
12.9026899338,80.2281265259,46246,46256,10
12.9026403427,80.2281188965,46256,46266,10
12.9022102356,80.2281036377,46266,46276,10
12.9016304016,80.2280578613,46276,46287,11
12.9009895325,80.2280197144,46287,46297,10
12.9003295898,80.2279663086,46297,46307,10
12.8996896744,80.2279205322,46307,46317,10
12.899479866,80.2279434204,46317,46327,10
12.8993997574,80.2279129028,46327,46337,10
12.899140358,80.227897644,46337,46347,10
12.8985300064,80.2278518677,46347,46357,10
12.8976602554,80.2277679443,46357,46367,10
12.8965301514,80.2276992798,46367,46377,10
12.8953199387,80.2276611328,46377,46388,11
12.8939399719,80.2276000977,46388,46398,10
12.8928899765,80.2274932861,46398,46408,10
12.8922996521,80.2274398804,46408,46418,10
12.8914299011,80.2273864746,46418,46428,10
12.890370369,80.2273788452,46428,46438,10
12.8893003464,80.2273788452,46438,46448,10
12.8884000778,80.2273635864,46448,46458,10
12.8874101639,80.2272567749,46458,46468,10
12.8864002228,80.2270584106,46468,46478,10
12.8854703903,80.2268295288,46478,46488,10
12.8849601746,80.2267837524,46488,46505,17
12.8846101761,80.2267608643,46505,46517,12
12.8835802078,80.2267608643,46517,46527,10
12.8825998306,80.2267532349,46527,46537,10
12.881649971,80.2267837524,46537,46547,10
12.8804597855,80.2267684937,46547,46557,10
12.8788795471,80.2267990112,46557,46567,10
12.877579689,80.2269210815,46567,46576,9
12.8769102097,80.2269897461,46576,46587,11
12.8767995834,80.2270126343,46587,46597,10
12.8767004013,80.2269973755,46597,46608,11
12.876250267,80.2270126343,46608,46618,10
12.8752803802,80.2269363403,46618,46628,10
12.8741998672,80.2268218994,46628,46638,10
12.8728303909,80.2267379761,46638,46648,10
12.8724403381,80.2267608643,46648,46658,10
12.8720798492,80.2267532349,46658,46667,9
12.8712596893,80.2267074585,46667,46678,11
12.8698997498,80.226600647,46678,46688,10
12.8684396744,80.2264328003,46688,46699,11
12.8666696548,80.2265701294,46699,46709,10
12.8650798798,80.2266235352,46709,46719,10
12.8634500504,80.2265625,46719,46729,10
12.8617200851,80.2266235352,46729,46739,10
12.8609304428,80.2266235352,46739,46749,10
12.8604202271,80.2265625,46749,46759,10
12.8593397141,80.2264099121,46759,46769,10
12.858300209,80.2262802124,46769,46779,10
12.8570203781,80.2263183594,46779,46789,10
12.8554601669,80.2264709473,46789,46799,10
12.8538198471,80.2266387939,46799,46810,11
12.852060318,80.2266693115,46810,46820,10
12.8504600525,80.2266311646,46820,46830,10
12.8498001099,80.2266387939,46830,46840,10
12.8495903015,80.2266387939,46840,46850,10
12.8487997055,80.2266311646,46850,46860,10
12.8475799561,80.2266311646,46860,46870,10
12.8462095261,80.2266235352,46870,46880,10
12.8455095291,80.2266387939,46880,46890,10
12.845410347,80.2266387939,46890,46900,10
12.8450803757,80.2266464233,46900,46911,11
12.844039917,80.2267227173,46911,46921,10
12.8427600861,80.2269210815,46921,46931,10
12.8412399292,80.2272415161,46931,46941,10
12.8402500153,80.2275695801,46941,46951,10
12.8398504257,80.2276916504,46951,46961,10
12.8396997452,80.2277526855,46961,47012,51
12.8396997452,80.2277526855,47012,47022,10
12.8394098282,80.2278823853,47022,47032,10
12.8386802673,80.2280197144,47032,47042,10
12.8374795914,80.2282714844,47042,47052,10
12.8359804153,80.2285003662,47052,47062,10
12.8346595764,80.2286987305,47062,47072,10
12.8333702087,80.2289276123,47072,47082,10
12.8322401047,80.2291717529,47082,47092,10
12.8321399689,80.2291793823,47092,47102,10
12.8319501877,80.2292175293,47102,47113,11
12.8311195374,80.2294311523,47113,47123,10
12.8298597336,80.2298965454,47123,47133,10
12.8283700943,80.2305984497,47133,47143,10
12.8270101547,80.2312698364,47143,47159,16
12.8251895905,80.2314224243,47159,47171,12
12.8237695694,80.2311630249,47171,47180,9
12.8227996826,80.2308578491,47180,47191,11
12.8217697144,80.2305603027,47191,47201,10
12.8204803467,80.23046875,47201,47211,10
12.8193998337,80.2305221558,47211,47222,11
12.8189201355,80.2304992676,47222,47230,8
12.8187799454,80.2304611206,47230,47242,12
12.8179798126,80.2300796509,47242,47252,10
12.8169898987,80.2296600342,47252,47262,10
12.8156499863,80.2294235229,47262,47272,10
12.8142700195,80.2291870117,47272,47282,10
12.8128795624,80.2287826538,47282,47292,10
12.8113603592,80.2282333374,47292,47302,10
12.8098602295,80.2276306152,47302,47312,10
12.8086299896,80.2268676758,47312,47323,11
12.807299614,80.225730896,47323,47333,10
12.8063602448,80.2248916626,47333,47343,10
12.8055696487,80.2242279053,47343,47353,10
12.8052196503,80.2240905762,47353,47363,10
12.8051300049,80.224067688,47363,47373,10
12.8050203323,80.224029541,47373,47383,10
12.8044500351,80.2239303589,47383,47393,10
12.8036403656,80.2238693237,47393,47403,10
12.8030004501,80.2238006592,47403,47413,10
12.8021202087,80.2236862183,47413,47424,11
12.8010902405,80.2236175537,47424,47434,10
12.8009996414,80.2236022949,47434,47444,10
12.8004999161,80.2235412598,47444,47454,10
12.7995796204,80.2234725952,47454,47464,10
12.7984104156,80.2233200073,47464,47474,10
12.7969398499,80.2231216431,47474,47484,10
12.7957401276,80.2229309082,47484,47496,12
12.7957401276,80.2229309082,47496,47543,47
12.7917804718,80.2222137451,47543,47553,10
12.7909402847,80.2220230103,47553,47563,10
12.7901496887,80.2218170166,47563,47573,10
12.7895402908,80.2216491699,47573,47583,10
12.7891597748,80.2215118408,47583,47593,10
12.7885398865,80.2212982178,47593,47603,10
12.7880401611,80.2210769653,47603,47613,10
12.7876396179,80.2209472656,47613,47623,10
12.7871704102,80.2207565308,47623,47635,12
12.7866697311,80.2205810547,47635,47655,20
12.7866697311,80.2205810547,47655,47665,10
12.7864599228,80.220451355,47665,47675,10
12.7863397598,80.220413208,47675,47685,10
12.7860898972,80.2203063965,47685,47695,10
12.7857999802,80.220199585,47695,47705,10
12.7853899002,80.2200088501,47705,47715,10
12.7848796844,80.2197570801,47715,47725,10
12.7847204208,80.2196807861,47725,47736,11
12.7844800949,80.2195281982,47736,47746,10
12.7838001251,80.2191390991,47746,47756,10
12.782910347,80.2186431885,47756,47766,10
12.7818403244,80.2180709839,47766,47776,10
12.7806501389,80.2174301147,47776,47786,10
12.7793798447,80.2167282104,47786,47796,10
12.7779998779,80.2160263062,47796,47806,10
12.7763996124,80.2153625488,47806,47816,10
12.7747402191,80.2146835327,47816,47826,10
12.7730102539,80.2139663696,47826,47837,11
12.7713403702,80.2133407593,47837,47847,10
12.7698402405,80.2128295898,47847,47857,10
12.7681598663,80.2122192383,47857,47867,10
12.7664804459,80.2116088867,47867,47877,10
12.7648601532,80.2110214233,47877,47887,10
12.7631502151,80.2103805542,47887,47897,10
12.7614803314,80.2097015381,47897,47907,10
12.7598695755,80.2088928223,47907,47917,10
12.7593202591,80.2086181641,47917,47927,10
12.7586402893,80.2082366943,47927,47938,11
12.7574396133,80.207572937,47938,47948,10
12.7564401627,80.2070236206,47948,47958,10
12.7554702759,80.2064819336,47958,47968,10
12.7543096542,80.2058410645,47968,47978,10
12.7528600693,80.2050704956,47978,47988,10
12.751449585,80.2043380737,47988,47998,10
12.7510595322,80.2041397095,47998,48008,10
12.7503900528,80.2037887573,48008,48018,10
12.7492904663,80.2032318115,48018,48028,10
12.7479496002,80.2025375366,48028,48039,11
12.7463798523,80.2017364502,48039,48049,10
12.7449398041,80.2009735107,48049,48059,10
12.7437496185,80.1998214722,48059,48069,10
12.7425804138,80.1984481812,48069,48079,10
12.741689682,80.1973114014,48079,48089,10
12.7407999039,80.1960220337,48089,48099,10
12.7397499084,80.1945724487,48099,48109,10
12.738650322,80.1930618286,48109,48119,10
12.7374401093,80.1917419434,48119,48129,10
12.7363700867,80.1906814575,48129,48140,11
12.7349700928,80.1896591187,48140,48150,10
12.7334804535,80.1894836426,48150,48160,10
12.7323799133,80.1892929077,48160,48170,10
12.7314500809,80.1891098022,48170,48180,10
12.7307395935,80.1890563965,48180,48190,10
12.7304801941,80.1890182495,48190,48200,10
12.7300701141,80.1889801025,48200,48210,10
12.7298898697,80.1889572144,48210,48220,10
12.7292604446,80.1889190674,48220,48230,10
12.7284402847,80.1887817383,48230,48240,10
12.7276096344,80.1885299683,48240,48251,11
12.7266798019,80.1883163452,48251,48261,10
12.7261896133,80.1882171631,48261,48271,10
12.7259597778,80.1881866455,48271,48281,10
12.7256603241,80.1881408691,48281,48291,10
12.7253303528,80.1880722046,48291,48301,10
12.7250699997,80.1880187988,48301,48311,10
12.7249002457,80.1879806519,48311,48321,10
12.7244195938,80.1878814697,48321,48331,10
12.72397995,80.1877365112,48331,48341,10
12.7234096527,80.1876068115,48341,48352,11
12.7228002548,80.1874465942,48352,48362,10
12.7223300934,80.1874084473,48362,48392,30
12.7223300934,80.1874084473,48392,48402,10
12.7222204208,80.187713623,48402,48412,10
12.7221403122,80.1879196167,48412,48422,10
12.7220001221,80.1877822876,48422,48787,365
12.7219400406,80.1876373291,48787,49039,252
12.7220001221,80.187713623,49039,49443,404
12.7219495773,80.1876220703,49443,49837,394
12.7220201492,80.1875762939,49837,49867,30
12.7220201492,80.1875762939,49867,49877,10
12.7221899033,80.1872787476,49877,49888,11
12.7225399017,80.1873703003,49888,49898,10
12.7229299545,80.1874771118,49898,49908,10
12.7233600616,80.1875991821,49908,49918,10
12.7237901688,80.187713623,49918,49928,10
12.7243204117,80.1878433228,49928,49938,10
12.725060463,80.1879806519,49938,49948,10
12.7257900238,80.1881027222,49948,49958,10
12.7265396118,80.1882476807,49958,49968,10
12.7274599075,80.1884307861,49968,49978,10
12.7283601761,80.1886978149,49978,49989,11
12.729470253,80.1889190674,49989,49999,10
12.7302398682,80.1889877319,49999,50009,10
12.730890274,80.1890563965,50009,50019,10
12.7318496704,80.1891708374,50019,50029,10
12.7329797745,80.1893463135,50029,50039,10
12.7341499329,80.1894607544,50039,50049,10
12.7354097366,80.1897277832,50049,50059,10
12.7364397049,80.1905975342,50059,50069,10
12.7374801636,80.19165802,50069,50079,10
12.7385797501,80.1927871704,50079,50090,11
12.7396402359,80.1942520142,50090,50100,10
12.7406101227,80.195602417,50100,50110,10
12.7415103912,80.1968612671,50110,50120,10
12.7420396805,80.1975784302,50120,50130,10
12.7422800064,80.197883606,50130,50140,10
12.7429103851,80.1986312866,50140,50150,10
12.7437496185,80.1996383667,50150,50160,10
12.7447795868,80.2007293701,50160,50170,10
12.7461595535,80.2015380859,50170,50186,16
12.7486095428,80.2027816772,50186,50199,13
12.7505998611,80.2037887573,50199,50209,10
12.7519903183,80.2045211792,50209,50219,10
12.7533502579,80.2052230835,50219,50229,10
12.7546901703,80.205947876,50229,50238,9
12.7558403015,80.2065811157,50238,50249,11
12.7575798035,80.2075500488,50249,50259,10
12.7588701248,80.2082519531,50259,50269,10
12.7604598999,80.2091293335,50269,50278,9
12.7618398666,80.2098083496,50278,50289,11
12.763469696,80.2104568481,50289,50299,10
12.7649202347,80.2109985352,50299,50310,11
12.7665596008,80.2116012573,50310,50320,10
12.7681903839,80.2121810913,50320,50330,10
12.7697496414,80.2127380371,50330,50340,10
12.7709197998,80.213142395,50340,50349,9
12.7711801529,80.2132034302,50349,50360,11
12.7718801498,80.2134628296,50360,50370,10
12.7729301453,80.2138519287,50370,50380,10
12.7742300034,80.2143707275,50380,50390,10
12.7756500244,80.2149429321,50390,50401,11
12.7773103714,80.2156066895,50401,50411,10
12.7788200378,80.2163085938,50411,50421,10
12.7803001404,80.2171325684,50421,50431,10
12.7817897797,80.2179412842,50431,50441,10
12.7832603455,80.2187423706,50441,50451,10
12.7844200134,80.2194290161,50451,50461,10
12.7852201462,80.2198562622,50461,50471,10
12.7859201431,80.2202377319,50471,50481,10
12.7864704132,80.220451355,50481,50502,21
12.7864704132,80.220451355,50502,50512,10
12.7868099213,80.2206268311,50512,50522,10
12.7875299454,80.2208786011,50522,50532,10
12.788359642,80.2211380005,50532,50542,10
12.7891902924,80.2214584351,50542,50552,10
12.7900600433,80.2217407227,50552,50562,10
12.7910699844,80.2219924927,50562,50572,10
12.7920999527,80.2222518921,50572,50582,10
12.7930297852,80.222442627,50582,50592,10
12.7943201065,80.2226333618,50592,50602,10
12.7956600189,80.2228469849,50602,50613,11
12.7964601517,80.2229614258,50613,50623,10
12.7967796326,80.2230072021,50623,50633,10
12.7976703644,80.2231674194,50633,50643,10
12.7988796234,80.2232971191,50643,50653,10
12.8002796173,80.2234420776,50653,50663,10
12.8013000488,80.2235336304,50663,50673,10
12.8014602661,80.2235794067,50673,50683,10
12.8020601273,80.2236480713,50683,50693,10
12.8028402328,80.223739624,50693,50703,10
12.8035898209,80.2238235474,50703,50714,11
12.8044996262,80.2238998413,50714,50724,10
12.8054199219,80.2240600586,50724,50734,10
12.8055295944,80.2240905762,50734,50744,10
12.8057203293,80.2242202759,50744,50754,10
12.8063001633,80.2247161865,50754,50764,10
12.8070802689,80.225402832,50764,50774,10
12.8079900742,80.2261886597,50774,50784,10
12.8091201782,80.2271270752,50784,50794,10
12.810379982,80.2277679443,50794,50804,10
12.811829567,80.2283401489,50804,50815,11
12.8134202957,80.2288970947,50815,50825,10
12.814740181,80.2292327881,50825,50835,10
12.816160202,80.2294235229,50835,50845,10
12.8176002502,80.2298202515,50845,50855,10
12.8188495636,80.2304000854,50855,50865,10
12.8197898865,80.2304382324,50865,50875,10
12.8202800751,80.2304534912,50875,50885,10
12.8214101791,80.2304534912,50885,50895,10
12.8228302002,80.230796814,50895,50905,10
12.824379921,80.2312011719,50905,50916,11
12.8260498047,80.231338501,50916,50926,10
12.8274297714,80.2310562134,50926,50936,10
12.8287601471,80.2303237915,50936,50946,10
12.829990387,80.2297821045,50946,50956,10
12.8310003281,80.2293395996,50956,50966,10
12.8312597275,80.2292404175,50966,50976,10
12.8314800262,80.2291564941,50976,50986,10
12.8320398331,80.2290267944,50986,50996,10
12.8330402374,80.2288284302,50996,51006,10
12.8342399597,80.2286376953,51006,51017,11
12.8357200623,80.2284164429,51017,51027,10
12.8371896744,80.2282028198,51027,51037,10
12.8384199142,80.2279586792,51037,51047,10
12.8392000198,80.2276916504,51047,51057,10
12.8398399353,80.2275238037,51057,51067,10
12.8407897949,80.2273178101,51067,51077,10
12.8421001434,80.2269668579,51077,51087,10
12.8436203003,80.2266769409,51087,51097,10
12.8450803757,80.2265167236,51097,51107,10
12.8454303741,80.2264785767,51107,51118,11
12.845749855,80.2264709473,51118,51128,10
12.8464899063,80.2264862061,51128,51137,9
12.8473596573,80.2265090942,51137,51148,11
12.848739624,80.2265090942,51148,51158,10
12.8502998352,80.2265090942,51158,51168,10
12.8519601822,80.2265777588,51168,51178,10
12.8536701202,80.226600647,51178,51188,10
12.8553695679,80.2264175415,51188,51198,10
12.8570604324,80.2262496948,51198,51208,10
12.8586196899,80.2261886597,51208,51218,10
12.8600997925,80.2263870239,51218,51228,10
12.8606901169,80.2264633179,51228,51239,11
12.8610200882,80.2265090942,51239,51249,10
12.8617296219,80.2265167236,51249,51259,10
12.8628101349,80.2264785767,51259,51269,10
12.8641500473,80.2264785767,51269,51279,10
12.8654403687,80.2265167236,51279,51289,10
12.8664598465,80.2264785767,51289,51299,10
12.867600441,80.2263565063,51299,51309,10
12.8688602448,80.2263183594,51309,51319,10
12.8702898026,80.2265167236,51319,51330,11
12.8718395233,80.2266082764,51330,51340,10
12.8727998734,80.2266387939,51340,51350,10
12.8734798431,80.2266464233,51350,51360,10
12.8746004105,80.2267837524,51360,51370,10
12.8759698868,80.2269134521,51370,51380,10
12.8765697479,80.226890564,51380,51390,10
12.8765802383,80.226890564,51390,51400,10
12.8769397736,80.2268829346,51400,51410,10
12.8779296875,80.2267990112,51410,51420,10
12.8793201447,80.2267074585,51420,51431,11
12.8810501099,80.2266769409,51431,51441,10
12.8826599121,80.2266693115,51441,51451,10
12.8841600418,80.2266387939,51451,51461,10
12.8851995468,80.2266387939,51461,51471,10
12.8854398727,80.2266693115,51471,51481,10
12.8860797882,80.2268218994,51481,51491,10
12.8863801956,80.2268981934,51491,51501,10
12.8867998123,80.2270202637,51501,51511,10
12.8877401352,80.2272109985,51511,51521,10
12.8889799118,80.2272872925,51521,51532,11
12.8907003403,80.2273025513,51532,51542,10
12.8920202255,80.2273178101,51542,51552,10
12.8927898407,80.2273788452,51552,51562,10
12.8937397003,80.2274780273,51562,51572,10
12.8949899673,80.2275466919,51572,51582,10
12.8964595795,80.2276229858,51582,51592,10
12.8981199265,80.227722168,51592,51602,10
12.8995800018,80.2277984619,51602,51612,10
12.9002895355,80.2278213501,51612,51622,10
12.9007701874,80.2278518677,51622,51633,11
12.9013395309,80.2279129028,51633,51643,10
12.9020299911,80.2279205322,51643,51653,10
12.9026298523,80.2279434204,51653,51663,10
12.9026699066,80.2279434204,51663,51672,9
12.9031200409,80.2279663086,51672,51683,11
12.9041500092,80.2280273438,51683,51693,10
12.9052000046,80.2281417847,51693,51703,10
12.9056997299,80.2281417847,51703,51713,10
12.9059495926,80.2281799316,51713,51723,10
12.9064798355,80.2282104492,51723,51774,51
12.9064798355,80.2282104492,51774,51784,10
12.9065599442,80.2282333374,51784,51794,10
12.9070396423,80.2282791138,51794,51804,10
12.9080200195,80.2284088135,51804,51814,10
12.9092702866,80.2285995483,51814,51824,10
12.9105501175,80.2287979126,51824,51835,11
12.9124403,80.2290878296,51835,51845,10
12.9136600494,80.2292404175,51845,51855,10
12.9140796661,80.2292785645,51855,51865,10
12.9141702652,80.2292785645,51865,51875,10
12.9148101807,80.229347229,51875,51885,10
12.9159097672,80.2295303345,51885,51895,10
12.9173002243,80.2297210693,51895,51905,10
12.9186697006,80.2299423218,51905,51915,10
12.9200201035,80.2301101685,51915,51925,10
12.9216804504,80.2303085327,51925,51936,11
12.9236097336,80.2305984497,51936,51946,10
12.9252901077,80.2308273315,51946,51956,10
12.9263696671,80.2309188843,51956,51966,10
12.9263896942,80.2309188843,51966,51976,10
12.9267997742,80.2309799194,51976,51986,10
12.9276895523,80.2310791016,51986,51996,10
12.9287700653,80.2312393188,51996,52006,10
12.9296398163,80.2314224243,52006,52016,10
12.9306697845,80.2316970825,52016,52026,10
12.931810379,80.2320480347,52026,52036,10
12.9330997467,80.2324829102,52036,52047,11
12.9336900711,80.2327423096,52047,52057,10
12.9340600967,80.2329101563,52057,52067,10
12.9349803925,80.2333297729,52067,52077,10
12.9361600876,80.2339019775,52077,52087,10
12.9374198914,80.2345123291,52087,52103,16
12.9394102097,80.2354812622,52103,52115,12
12.9396400452,80.2355880737,52115,52124,9
12.9399595261,80.2357406616,52124,52135,11
12.9410104752,80.2360534668,52135,52145,10
12.9423103333,80.2363891602,52145,52155,10
12.9435501099,80.2372207642,52155,52166,11
12.944729805,80.2385025024,52166,52175,9
12.9456396103,80.2392883301,52175,52186,11
12.9469003677,80.2398376465,52186,52196,10
12.9478998184,80.2402191162,52196,52206,10
12.9488401413,80.2405700684,52206,52237,31
12.9488401413,80.2405700684,52237,52248,11
12.9489603043,80.2406463623,52248,52258,10
12.9495000839,80.2408370972,52258,52268,10
12.9503698349,80.2411270142,52268,52278,10
12.951089859,80.2413330078,52278,52288,10
12.9512701035,80.2413864136,52288,52298,10
12.9519395828,80.2416534424,52298,52308,10
12.9528198242,80.2419891357,52308,52318,10
12.9537000656,80.2422714233,52318,52328,10
12.9542798996,80.2425231934,52328,52338,10
12.9551696777,80.2428588867,52338,52348,10
12.9560699463,80.2432022095,52348,52359,11
12.9563598633,80.2433166504,52359,52369,10
12.9567403793,80.2434997559,52369,52379,10
12.9575901031,80.243888855,52379,52389,10
12.9584798813,80.2442703247,52389,52399,10
12.9587001801,80.2443389893,52399,52409,10
12.9591798782,80.2445602417,52409,52419,10
12.959980011,80.2449188232,52419,52429,10
12.9610204697,80.2453765869,52429,52439,10
12.9621601105,80.2459335327,52439,52449,10
12.9632902145,80.2464599609,52449,52500,51
12.9632902145,80.2464599609,52500,52510,10
12.9634504318,80.2465133667,52510,52520,10
12.9638900757,80.2467727661,52520,52530,10
12.964630127,80.2470703125,52530,52540,10
12.9655504227,80.2473526001,52540,52550,10
12.966460228,80.247718811,52550,52561,11
12.9667701721,80.2478713989,52561,52571,10
12.9668397903,80.2479171753,52571,52581,10
12.9671201706,80.2481231689,52581,52591,10
12.9679298401,80.2484512329,52591,52601,10
12.9689998627,80.2488327026,52601,52611,10
12.9701795578,80.2493209839,52611,52621,10
12.9714698792,80.2497177124,52621,52631,10
12.9727602005,80.2500686646,52631,52641,10
12.9740104675,80.2504119873,52641,52651,10
12.9752702713,80.2507629395,52651,52662,11
12.9768695831,80.2512207031,52662,52672,10
12.9780902863,80.2519989014,52672,52682,10
12.9785604477,80.2523269653,52682,52692,10
12.9787302017,80.2524337769,52692,52702,10
12.9794902802,80.2526016235,52702,52712,10
12.9804296494,80.2526626587,52712,52722,10
12.9813604355,80.2526473999,52722,52732,10
12.9824495316,80.2526168823,52732,52742,10
12.9835996628,80.2524719238,52742,52752,10
12.9845199585,80.2522201538,52752,52763,11
12.9854898453,80.2519226074,52763,52783,20
12.9854898453,80.2519226074,52783,52793,10
12.9856500626,80.2518768311,52793,52822,29
12.9856500626,80.2518768311,52822,52832,10
12.9857902527,80.2518005371,52832,52843,11
12.9859399796,80.2517471313,52843,52853,10
12.9861698151,80.2517089844,52853,52864,11
12.9866895676,80.2515792847,52864,52874,10
12.9871301651,80.251449585,52874,52884,10
12.9874897003,80.2513427734,52884,52894,10
12.9879798889,80.2512283325,52894,52904,10
12.9889202118,80.2509765625,52904,52914,10
12.9894599915,80.2508392334,52914,52924,10
12.9895401001,80.2508468628,52924,52934,10
12.9900903702,80.2507629395,52934,52944,10
12.9910402298,80.2505111694,52944,52954,10
12.9922199249,80.2502212524,52954,52965,11
12.9937601089,80.2498168945,52965,52974,9
12.9951696396,80.2494735718,52974,52984,10
12.9968996048,80.2490386963,52984,52995,11
12.9986000061,80.2486190796,52995,53005,10
12.999879837,80.248298645,53005,53015,10
13.0011997223,80.2479476929,53015,53025,10
13.0022001266,80.2477035522,53025,53035,10
13.0032300949,80.2475128174,53035,53045,10
13.0044603348,80.2473373413,53045,53055,10
13.0055999756,80.2471389771,53055,53066,11
13.0064001083,80.2465820313,53066,53076,10
13.006480217,80.246421814,53076,53086,10
13.0065698624,80.2458724976,53086,53096,10
13.0065803528,80.2454376221,53096,53106,10
13.0065402985,80.2451629639,53106,53116,10
13.0065402985,80.244720459,53116,53126,10
13.0065402985,80.2442092896,53126,53136,10
13.0065402985,80.2437973022,53136,53146,10
13.0065202713,80.2432937622,53146,53156,10
13.0065498352,80.2428207397,53156,53166,10
13.0065498352,80.2424163818,53166,53177,11
13.0065498352,80.2415313721,53177,53187,10
13.0066900253,80.2405471802,53187,53197,10
13.0069103241,80.2394638062,53197,53207,10
13.0071296692,80.2384490967,53207,53217,10
13.007229805,80.23777771,53217,53227,10
13.0073404312,80.2371826172,53227,53237,10
13.0073604584,80.236907959,53237,53247,10
13.0073795319,80.2367782593,53247,53257,10
13.007519722,80.2363204956,53257,53267,10
13.0076799393,80.2355117798,53267,53278,11
13.007900238,80.2343826294,53278,53288,10
13.0081796646,80.233001709,53288,53298,10
13.0085000992,80.2314987183,53298,53308,10
13.0087995529,80.2300491333,53308,53318,10
13.0090999603,80.2285385132,53318,53328,10
13.0094499588,80.2275695801,53328,53338,10
13.0099201202,80.2265396118,53338,53348,10
13.0103998184,80.2255706787,53348,53358,10
13.0107603073,80.2247695923,53358,53368,10
13.0110797882,80.2240524292,53368,53379,11
13.0114297867,80.2231063843,53379,53389,10
13.0117502213,80.2222518921,53389,53399,10
13.0122404099,80.221496582,53399,53409,10
13.0124397278,80.2218399048,53409,53419,10
13.0129899979,80.2223892212,53419,53429,10
13.0136299133,80.2231063843,53429,53439,10
13.0140600204,80.2234268188,53439,53449,10
13.0142498016,80.2236404419,53449,53459,10
13.0144701004,80.2239379883,53459,53469,10
13.0148601532,80.2244186401,53469,53480,11
13.0153598785,80.2248382568,53480,53490,10
13.0153799057,80.224861145,53490,53500,10
13.0156402588,80.225112915,53500,53510,10
13.0163202286,80.2252578735,53510,53520,10
13.0172395706,80.2249679565,53520,53530,10
13.0180397034,80.2246704102,53530,53540,10
13.0186595917,80.2244415283,53540,53550,10
13.0192203522,80.2243270874,53550,53560,10
13.0196199417,80.2244720459,53560,53570,10
13.0200395584,80.2247619629,53570,53581,11
13.0205001831,80.225112915,53581,53591,10
13.0209798813,80.2254562378,53591,53601,10
13.0215597153,80.2258987427,53601,53611,10
13.0221004486,80.2263031006,53611,53621,10
13.0222501755,80.2264175415,53621,53631,10
13.0222997665,80.2264709473,53631,53640,9
13.0226202011,80.2267837524,53640,53650,10
13.0233201981,80.2274169922,53650,53661,11
13.0239696503,80.2280197144,53661,53671,10
13.0242395401,80.2283401489,53671,53682,11
13.0245800018,80.2288208008,53682,53692,10
13.0250396729,80.2294464111,53692,53702,10
13.0255699158,80.2301483154,53702,53712,10
13.0257902145,80.2305221558,53712,53722,10
13.0259103775,80.2307662964,53722,53732,10
13.0259599686,80.2311019897,53732,53742,10
13.0259799957,80.2311401367,53742,53752,10
13.0260601044,80.2313537598,53752,53762,10
13.0262203217,80.2318496704,53762,53772,10
13.0265197754,80.2327423096,53772,53793,21
13.0265197754,80.2327423096,53793,53803,10
13.0265903473,80.2329788208,53803,53813,10
13.0269002914,80.2335205078,53813,53823,10
13.0274496078,80.2344589233,53823,53833,10
13.0280303955,80.2354812622,53833,53843,10
13.0289096832,80.2364578247,53843,53853,10
13.0296297073,80.237159729,53853,53863,10
13.030500412,80.2386169434,53863,53873,10
13.0309801102,80.2394790649,53873,53883,10
13.0311403275,80.2397689819,53883,53894,11
13.0313196182,80.2400665283,53894,53904,10
13.0313796997,80.2404327393,53904,53914,10
13.0314302444,80.2406768799,53914,53924,10
13.0315904617,80.2409210205,53924,53934,10
13.0317497253,80.2412490845,53934,53944,10
13.0319595337,80.2417831421,53944,53954,10
13.0325202942,80.2425231934,53954,53964,10
13.0330400467,80.2432632446,53964,53974,10
13.0336303711,80.2440567017,53974,53984,10
13.0339202881,80.2444000244,53984,53995,11
13.034239769,80.2448272705,53995,54005,10
13.0346002579,80.245300293,54005,54015,10
13.0349502563,80.2456207275,54015,54025,10
13.035320282,80.2458496094,54025,54035,10
13.0356197357,80.2460021973,54035,54045,10
13.0358200073,80.2461929321,54045,54061,16
13.0370197296,80.2465133667,54061,54073,12
13.0378398895,80.2464828491,54073,54081,8
13.0385398865,80.2467498779,54081,54104,23
13.0385398865,80.2467498779,54104,54114,10
13.0388097763,80.2468490601,54114,54123,9
13.0391798019,80.2469177246,54123,54134,11
13.0394096375,80.2469482422,54134,54144,10
13.0397996902,80.2470092773,54144,54154,10
13.0403995514,80.2470932007,54154,54163,9
13.0413103104,80.247253418,54163,54174,11
13.0420598984,80.2474365234,54174,54184,10
13.0424900055,80.2476119995,54184,54195,11
13.0429201126,80.2478027344,54195,54205,10
13.0434999466,80.2479400635,54205,54215,10
13.0440196991,80.247833252,54215,54225,10
13.0445699692,80.2479095459,54225,54235,10
13.0450801849,80.2480697632,54235,54245,10
13.0458202362,80.2484130859,54245,54255,10
13.0466003418,80.2483978271,54255,54265,10
13.0468797684,80.2483825684,54265,54275,10
13.0472202301,80.2485198975,54275,54285,10
13.0474796295,80.2487411499,54285,54295,10
13.0475702286,80.2489013672,54295,54306,11
13.0479297638,80.2491989136,54306,54316,10
13.0483999252,80.2495727539,54316,54326,10
13.0488395691,80.2497406006,54326,54336,10
13.049659729,80.2498168945,54336,54346,10
13.0507202148,80.25,54346,54356,10
13.0516700745,80.2503585815,54356,54366,10
13.0523500443,80.2510604858,54366,54376,10
13.0529298782,80.2517929077,54376,54386,10
13.0534601212,80.2525405884,54386,54396,10
13.0538902283,80.253112793,54396,54407,11
13.0544700623,80.2538986206,54407,54417,10
13.0547704697,80.2542190552,54417,54427,10
13.0549497604,80.2544937134,54427,54437,10
13.055150032,80.2547225952,54437,54447,10
13.0554599762,80.2552032471,54447,54457,10
13.0558204651,80.2557525635,54457,54467,10
13.0560798645,80.2560882568,54467,54477,10
13.0564603806,80.2565002441,54477,54487,10
13.0571603775,80.2570419312,54487,54497,10
13.0575399399,80.2574386597,54497,54508,11
13.057849884,80.2578430176,54508,54527,19
13.057849884,80.2578430176,54527,54538,11
13.0581798553,80.2583236694,54538,54548,10
13.0584802628,80.2586975098,54548,54558,10
13.0589199066,80.2591400146,54558,54568,10
13.0592603683,80.2596893311,54568,54578,10
13.0597696304,80.2602005005,54578,54588,10
13.0602703094,80.2606964111,54588,54598,10
13.0605602264,80.261100769,54598,54609,11
13.0605602264,80.2611236572,54609,54619,10
13.0607500076,80.2615432739,54619,54629,10
13.0610799789,80.2618789673,54629,54639,10
13.061750412,80.2625732422,54639,54659,20
13.061750412,80.2625732422,54659,54669,10
13.061920166,80.2627868652,54669,54679,10
13.0622997284,80.2632675171,54679,54689,10
13.0628404617,80.2638397217,54689,54699,10
13.0633001328,80.2644577026,54699,54710,11
13.063750267,80.2652206421,54710,54720,10
13.0641002655,80.2657318115,54720,54730,10
13.0644397736,80.2661209106,54730,54740,10
13.0646600723,80.2663879395,54740,54750,10
13.0647802353,80.2665634155,54750,54760,10
13.0650596619,80.2668762207,54760,54770,10
13.0655498505,80.267250061,54770,54780,10
13.0657396317,80.2674865723,54780,54790,10
13.0658998489,80.2677307129,54790,54800,10
13.0663795471,80.2682571411,54800,54811,11
13.066740036,80.2684707642,54811,54821,10
13.0672998428,80.2688369751,54821,54831,10
13.067990303,80.2692565918,54831,54841,10
13.0682296753,80.2693710327,54841,54851,10
13.0682601929,80.26953125,54851,54861,10
13.068189621,80.2701034546,54861,54870,9
13.0681400299,80.2706298828,54870,54881,11
13.0680599213,80.2712478638,54881,54900,19
13.0680599213,80.2712478638,54900,54912,12
13.0682296753,80.2714920044,54912,54922,10
13.068400383,80.2716598511,54922,54932,10
13.068570137,80.2717590332,54932,54942,10
13.0688695908,80.2718276978,54942,54952,10
13.0691604614,80.272102356,54952,54962,10
13.0695800781,80.2725601196,54962,54972,10
13.070019722,80.2730636597,54972,54982,10
13.0704298019,80.2735595703,54982,54992,10
13.0713996887,80.2740631104,54992,55023,31
13.0713996887,80.2740631104,55023,55033,10
13.0718898773,80.2744369507,55033,55043,10
13.0723800659,80.2750091553,55043,55053,10
13.07310009,80.2758026123,55053,55063,10
13.0739097595,80.2762908936,55063,55073,10
13.0741300583,80.2762908936,55073,55083,10
13.0748996735,80.2762908936,55083,55093,10
13.0758304596,80.276260376,55093,55103,10
13.0767202377,80.2762298584,55103,55113,10
13.0776796341,80.2761611938,55113,55124,11
13.0782299042,80.2755432129,55124,55134,10
13.078909874,80.2751083374,55134,55144,10
13.0798797607,80.2752838135,55144,55154,10
13.0814599991,80.2750930786,55154,55285,131
13.0817098618,80.2751617432,55285,55305,20
13.0817098618,80.2751617432,55305,55315,10
13.0820198059,80.2755889893,55315,55366,51
13.0820198059,80.2755889893,55366,55376,10
13.0820598602,80.2758789063,55376,55386,10
13.0820302963,80.2759017944,55386,55396,10
13.0818395615,80.2760391235,55396,55406,10
13.0818395615,80.2763519287,55406,55416,10
13.0818901062,80.2769393921,55416,55427,11
13.0819597244,80.2777786255,55427,55437,10
13.0820598602,80.2782897949,55437,55447,10
13.0820198059,80.2783966064,55447,55457,10
13.0819597244,80.2783203125,55457,55467,10
13.0818996429,80.27784729,55467,55477,10
13.0817804337,80.2767562866,55477,55497,20
13.0817804337,80.2767562866,55497,55507,10
13.0817298889,80.2764129639,55507,55517,10
13.0815200806,80.2756576538,55517,55568,51
13.0815200806,80.2756576538,55568,55578,10
13.081489563,80.2754364014,55578,55588,10
13.0813302994,80.2751922607,55588,55598,10
13.0807199478,80.2752609253,55598,55608,10
13.0799303055,80.2753372192,55608,55618,10
13.0790596008,80.2752304077,55618,55629,11
13.0782499313,80.275718689,55629,55639,10
13.0775604248,80.2762527466,55639,55649,10
13.0763301849,80.2763214111,55649,55659,10
13.0755596161,80.2763977051,55659,55669,10
13.0754699707,80.2763977051,55669,55679,10
13.0751800537,80.2763977051,55679,55689,10
13.073969841,80.2764663696,55689,55717,28
13.073969841,80.2764663696,55717,55727,10
13.0736999512,80.2764968872,55727,55738,11
13.0732002258,80.2761230469,55738,55746,8
13.072810173,80.275680542,55746,55757,11
13.071969986,80.2747879028,55757,55788,31
13.071969986,80.2747879028,55788,55797,9
13.0718603134,80.2746887207,55797,55808,11
13.0713596344,80.2744827271,55808,55818,10
13.0706996918,80.2742385864,55818,55828,10
13.0705900192,80.2741088867,55828,55839,11
13.0704698563,80.2738265991,55839,55849,10
13.0702600479,80.2733764648,55849,55859,10
13.069849968,80.2728805542,55859,55869,10
13.069319725,80.2723236084,55869,55879,10
13.0687704086,80.2719726563,55879,55889,10
13.0685300827,80.2719573975,55889,55899,10
13.0683202744,80.2718200684,55899,55909,10
13.0680198669,80.2713623047,55909,55919,10
13.0676498413,80.2708206177,55919,55929,10
13.0672101974,80.2703781128,55929,55940,11
13.0666599274,80.2698516846,55940,55950,10
13.066450119,80.2694320679,55950,55960,10
13.0663499832,80.2688598633,55960,55970,10
13.0662002563,80.2683334351,55970,55979,9
13.0658597946,80.267868042,55979,55990,11
13.065580368,80.2676696777,55990,56000,10
13.0652599335,80.2676696777,56000,56020,20
13.0652599335,80.2676696777,56020,56030,10
13.0648603439,80.2675704956,56030,56041,11
13.064330101,80.2674713135,56041,56051,10
13.0639400482,80.2673797607,56051,56061,10
13.0634498596,80.2672805786,56061,56071,10
13.0628995895,80.2671813965,56071,56081,10
13.0623197556,80.2666931152,56081,56091,10
13.0618801117,80.2661514282,56091,56101,10
13.0614204407,80.2655715942,56101,56111,10
13.0609397888,80.2651519775,56111,56121,10
13.0604896545,80.2653808594,56121,56131,10
13.0604095459,80.2654495239,56131,56142,11
13.0601196289,80.2655792236,56142,56152,10
13.059630394,80.2656021118,56152,56162,10
13.0590801239,80.2654876709,56162,56172,10
13.0584497452,80.2653579712,56172,56202,30
13.0584497452,80.2653579712,56202,56212,10
13.0579996109,80.26512146,56212,56222,10
13.0579099655,80.2646179199,56222,56232,10
13.057849884,80.263999939,56232,56243,11
13.057800293,80.2632827759,56243,56253,10
13.0577402115,80.2626190186,56253,56263,10
13.0576400757,80.2619628906,56263,56273,10
13.0575199127,80.2612686157,56273,56283,10
13.0574102402,80.2606430054,56283,56293,10
13.057220459,80.2600479126,56293,56303,10
13.0569601059,80.2593765259,56303,56313,10
13.05671978,80.2585830688,56313,56323,10
13.0566101074,80.2579421997,56323,56333,10
13.0564804077,80.2573623657,56333,56354,21
13.0564804077,80.2573623657,56354,56364,10
13.056429863,80.2570037842,56364,56374,10
13.0563497543,80.256652832,56374,56384,10
13.056139946,80.256187439,56384,56394,10
13.0556497574,80.2555389404,56394,56404,10
13.0550804138,80.2547607422,56404,56414,10
13.0545396805,80.2540664673,56414,56424,10
13.0541400909,80.2535629272,56424,56434,10
13.0537900925,80.2530822754,56434,56444,10
13.053440094,80.2525863647,56444,56455,11
13.0529899597,80.2519836426,56455,56465,10
13.0525398254,80.2513885498,56465,56475,10
13.0520496368,80.2507705688,56475,56485,10
13.0515899658,80.2503585815,56485,56495,10
13.0508203506,80.250038147,56495,56505,10
13.0499401093,80.2498474121,56505,56515,10
13.0489797592,80.2497406006,56515,56525,10
13.0481595993,80.2494812012,56525,56535,10
13.047419548,80.248840332,56535,56545,10
13.0469398499,80.248626709,56545,56556,11
13.0466995239,80.2486190796,56556,56566,10
13.0460500717,80.2484893799,56566,56576,10
13.0453395844,80.2482070923,56576,56586,10
13.0447902679,80.2480697632,56586,56596,10
13.0445995331,80.2480621338,56596,56606,10
13.044260025,80.2480163574,56606,56616,10
13.0440397263,80.2479782104,56616,56626,10
13.0436897278,80.2479629517,56626,56636,10
13.0434503555,80.2478713989,56636,56646,10
13.0430202484,80.2478027344,56646,56657,11
13.0425100327,80.2476806641,56657,56667,10
13.0418100357,80.2474975586,56667,56677,10
13.04088974,80.2473373413,56677,56687,10
13.0400400162,80.2471923828,56687,56697,10
13.0393695831,80.2470397949,56697,56707,10
13.0386896133,80.2468566895,56707,56717,10
13.0383701324,80.2467803955,56717,56727,10
13.0381002426,80.2467727661,56727,56737,10
13.0374898911,80.2466583252,56737,56747,10
13.0370101929,80.2465667725,56747,56758,11
13.0367002487,80.2464981079,56758,56768,10
13.0365800858,80.2464370728,56768,56778,10
13.0361003876,80.2462921143,56778,56788,10
13.0354795456,80.2461166382,56788,56798,10
13.0350904465,80.2460098267,56798,56828,30
13.0350904465,80.2460098267,56828,56838,10
13.0348396301,80.2458877563,56838,56848,10
13.0343999863,80.2458190918,56848,56859,11
13.0337095261,80.2458724976,56859,56869,10
13.0331497192,80.2459564209,56869,56879,10
13.032790184,80.2459564209,56879,56889,10
13.0323600769,80.2459564209,56889,56899,10
13.0317602158,80.2459182739,56899,56909,10
13.0308904648,80.2458724976,56909,56919,10
13.0303201675,80.24584198,56919,56929,10
13.0298404694,80.2457885742,56929,56939,10
13.0295600891,80.2457199097,56939,56949,10
13.0295696259,80.2450714111,56949,56960,11
13.029540062,80.2441329956,56960,56970,10
13.0296201706,80.2433929443,56970,56980,10
13.0298204422,80.2425537109,56980,56990,10
13.0301599503,80.2416915894,56990,57000,10
13.030579567,80.2407531738,57000,57010,10
13.0308103561,80.239982605,57010,57020,10
13.030670166,80.239440918,57020,57030,10
13.0303697586,80.2387924194,57030,57040,10
13.0298404694,80.2378463745,57040,57050,10
13.0291900635,80.2369613647,57050,57061,11
13.029129982,80.2368927002,57061,57071,10
13.0288200378,80.2365570068,57071,57081,10
13.0281600952,80.2358322144,57081,57091,10
13.0274896622,80.2347564697,57091,57101,10
13.0267896652,80.2335586548,57101,57111,10
13.0262699127,80.2326812744,57111,57121,10
13.0262098312,80.232460022,57121,57131,10
13.0261802673,80.2322387695,57131,57141,10
13.0260601044,80.2317581177,57141,57157,16
13.0256900787,80.2306518555,57157,57170,13
13.0251197815,80.2297592163,57170,57180,10
13.0249300003,80.2295227051,57180,57190,10
13.0245800018,80.2290725708,57190,57199,9
13.0242204666,80.2285919189,57199,57211,12
13.0233201981,80.2276229858,57211,57230,19
13.0233201981,80.2276229858,57230,57241,11
13.023229599,80.2275085449,57241,57251,10
13.0229301453,80.227180481,57251,57260,9
13.0224199295,80.2267303467,57260,57272,12
13.0218400955,80.2262191772,57272,57282,10
13.0211801529,80.2257080078,57282,57292,10
13.0205402374,80.2252502441,57292,57302,10
13.020070076,80.2249526978,57302,57312,10
13.0199699402,80.224899292,57312,57322,10
13.0197095871,80.2246932983,57322,57332,10
13.0190095901,80.2244567871,57332,57342,10
13.0182199478,80.2247009277,57342,57352,10
13.0173597336,80.2250518799,57352,57362,10
13.016500473,80.2254104614,57362,57373,11
13.0156097412,80.2257232666,57373,57383,10
13.0148000717,80.2260665894,57383,57393,10
13.0143995285,80.2262191772,57393,57403,10
13.0144100189,80.2262191772,57403,57413,10
13.0140104294,80.2263793945,57413,57423,10
13.0132799149,80.2266464233,57423,57433,10
13.0123300552,80.2270202637,57433,57443,10
13.0113401413,80.2274169922,57443,57453,10
13.010310173,80.2278366089,57453,57463,10
13.0093698502,80.2282562256,57463,57474,11
13.0089998245,80.229309082,57474,57484,10
13.008769989,80.23046875,57484,57494,10
13.0085296631,80.2314605713,57494,57504,10
13.0083999634,80.232460022,57504,57514,10
13.0082502365,80.2336196899,57514,57534,20
13.0082502365,80.2336196899,57534,57544,10
13.008099556,80.2340393066,57544,57554,10
13.0079498291,80.2347412109,57554,57564,10
13.0079097748,80.2350692749,57564,57575,11
13.0077896118,80.2356414795,57575,57585,10
13.007610321,80.2364578247,57585,57595,10
13.0073900223,80.2374420166,57595,57605,10
13.0071601868,80.2383880615,57605,57615,10
13.0069904327,80.2392730713,57615,57625,10
13.0068397522,80.2400970459,57625,57635,10
13.0066900253,80.2409591675,57635,57645,10
13.0066404343,80.2418670654,57645,57655,10
13.0066995621,80.242729187,57655,57665,10
13.0068397522,80.2435684204,57665,57676,11
13.0068397522,80.2445907593,57676,57686,10
13.0068397522,80.2456970215,57686,57696,10
13.0068397522,80.2467422485,57696,57706,10
13.0067300797,80.2473831177,57706,57746,40
13.0067300797,80.2473831177,57746,57756,10
13.0066699982,80.2475128174,57756,57766,10
13.0062303543,80.2474975586,57766,57777,11
13.0061502457,80.2474822998,57777,57787,10
13.006070137,80.2474594116,57787,57797,10
13.0055198669,80.247428894,57797,57807,10
13.0045204163,80.2474594116,57807,57817,10
13.0032596588,80.2476196289,57817,57827,10
13.002289772,80.2478179932,57827,57837,10
13.0013904572,80.248008728,57837,57847,10
13.0001802444,80.248298645,57847,57857,10
12.9987401962,80.2486572266,57857,57867,10
12.9972000122,80.2490310669,57867,57877,10
12.9956903458,80.2494277954,57877,57888,11
12.9940795898,80.2498703003,57888,57898,10
12.9927396774,80.2501831055,57898,57908,10
12.9914503098,80.2505111694,57908,57918,10
12.9910697937,80.2506408691,57918,57928,10
12.9908304214,80.2507019043,57928,57938,10
12.9901599884,80.250869751,57938,57948,10
12.9891500473,80.2511291504,57948,57958,10
12.9884700775,80.2513427734,57958,57989,31
12.9884700775,80.2513427734,57989,57999,10
12.9883003235,80.2513580322,57999,58009,10
12.9879198074,80.2514419556,58009,58019,10
12.9875402451,80.2515182495,58019,58029,10
12.9869298935,80.251701355,58029,58039,10
12.9863300323,80.2518463135,58039,58049,10
12.9856796265,80.251991272,58049,58059,10
12.9846200943,80.2522888184,58059,58069,10
12.9836196899,80.2525482178,58069,58079,10
12.9826602936,80.2526931763,58079,58090,11
12.9816703796,80.2527236938,58090,58100,10
12.9808101654,80.2527389526,58100,58110,10
12.9802598953,80.2527770996,58110,58120,10
12.9800701141,80.2528305054,58120,58140,20
12.9800701141,80.2528305054,58140,58150,10
12.9797496796,80.2527770996,58150,58166,16
12.9785699844,80.2525863647,58166,58178,12
12.9784698486,80.252532959,58178,58187,9
12.9780902863,80.252243042,58187,58199,12
12.9772195816,80.2515335083,58199,58209,10
12.9762401581,80.2511825562,58209,58219,10
12.9752998352,80.2509078979,58219,58229,10
12.9742202759,80.250617981,58229,58239,10
12.9732599258,80.2503509521,58239,58249,10
12.9723901749,80.2500991821,58249,58253,4
12.9718399048,80.2499465942,58253,58262,9
12.9718399048,80.2499465942,58262,58330,68
12.9653196335,80.2474594116,58330,58340,10
12.9651403427,80.2473983765,58340,58350,10
12.9650497437,80.2473831177,58350,58360,10
12.964509964,80.247177124,58360,58370,10
12.9639196396,80.2469177246,58370,58380,10
12.9634504318,80.2467193604,58380,58390,10
12.9629201889,80.2464599609,58390,58401,11
12.9620599747,80.2460403442,58401,58411,10
12.961139679,80.2455978394,58411,58421,10
12.960100174,80.2451324463,58421,58431,10
12.959400177,80.2448425293,58431,58441,10
12.959400177,80.2448272705,58441,58451,10
12.959230423,80.244758606,58451,58461,10
12.9586200714,80.2444610596,58461,58471,10
12.957909584,80.2441635132,58471,58481,10
12.9574098587,80.2439575195,58481,58491,10
12.9566402435,80.2436065674,58491,58512,21
12.9565696716,80.2435913086,58512,58552,40
12.9565696716,80.2435913086,58552,58562,10
12.9561100006,80.2434387207,58562,58572,10
12.9552898407,80.2431335449,58572,58582,10
12.9542102814,80.2426834106,58582,58592,10
12.9531002045,80.2422180176,58592,58603,11
12.9519395828,80.2417984009,58603,58613,10
12.951669693,80.2416992188,58613,58623,10
12.9513902664,80.2416000366,58623,58633,10
12.9506502151,80.2413482666,58633,58643,10
12.9497003555,80.2410583496,58643,58653,10
12.949139595,80.2408828735,58653,58663,10
12.9485301971,80.2406234741,58663,58673,10
12.9476499557,80.2402496338,58673,58683,10
12.9473199844,80.2401199341,58683,58693,10
12.9471998215,80.2400665283,58693,58703,10
12.9466295242,80.2397994995,58703,58714,11
12.9455404282,80.2393264771,58714,58724,10
12.9445199966,80.2384262085,58724,58734,10
12.9434700012,80.2373428345,58734,58744,10
12.9423398972,80.2365264893,58744,58760,16
12.9404401779,80.2360229492,58760,58772,12
12.9397497177,80.2358016968,58772,58781,9
12.9397602081,80.2358093262,58781,58792,11
12.9393997192,80.2356414795,58792,58802,10
12.9385099411,80.2351913452,58802,58813,11
12.937210083,80.2345275879,58813,58823,10
12.935959816,80.2339401245,58823,58853,30
12.935959816,80.2339401245,58853,58862,9
12.9358797073,80.2339172363,58862,58872,10
12.9354200363,80.2337417603,58872,58893,21
12.9354200363,80.2337417603,58893,58903,10
12.9351797104,80.2336273193,58903,58914,11
12.9344100952,80.2332763672,58914,58924,10
12.9337997437,80.2329864502,58924,58934,10
12.9337301254,80.2329483032,58934,58944,10
12.9332199097,80.2327194214,58944,58954,10
12.932299614,80.2323684692,58954,58964,10
12.9311599731,80.2319793701,58964,58974,10
12.929980278,80.2316207886,58974,58984,10
12.9288396835,80.2313995361,58984,58994,10
12.9278802872,80.2312393188,58994,59004,10
12.9267501831,80.2311019897,59004,59015,11
12.9259796143,80.2310409546,59015,59025,10
12.9257297516,80.231010437,59025,59035,10
12.9251203537,80.2309188843,59035,59045,10
12.9242200851,80.2307891846,59045,59055,10
12.92304039,80.2306289673,59055,59065,10
12.9216995239,80.2304229736,59065,59075,10
12.9203596115,80.2302627563,59075,59085,10
12.9191398621,80.2301025391,59085,59095,10
12.9180002213,80.2299423218,59095,59105,10
12.9169197083,80.2297973633,59105,59116,11
12.9157304764,80.2296218872,59116,59126,10
12.9145898819,80.2294616699,59126,59136,10
12.9136695862,80.2293624878,59136,59146,10
12.9135799408,80.2293624878,59146,59156,10
12.9133195877,80.2293167114,59156,59166,10
12.9126501083,80.2292175293,59166,59176,10
12.9117898941,80.2290878296,59176,59186,10
12.9107103348,80.2289505005,59186,59196,10
12.9094104767,80.2287368774,59196,59206,10
12.9081697464,80.2285308838,59206,59217,11
12.9075202942,80.2284011841,59217,59227,10
12.9074401855,80.2283782959,59227,59237,10
12.9069900513,80.2283172607,59237,59247,10
12.906419754,80.2282714844,59247,59257,10
12.9055204391,80.2282180786,59257,59267,10
12.9043998718,80.2281723022,59267,59277,10
12.9032201767,80.2281112671,59277,59287,10
12.9020795822,80.2280578613,59287,59297,10
12.9015302658,80.2280426025,59297,59313,16
12.9013004303,80.2280502319,59313,59326,13
12.9007196426,80.2279815674,59326,59336,10
12.9003295898,80.2279510498,59336,59346,10
12.899310112,80.2279129028,59346,59366,20
12.899310112,80.2279129028,59366,59376,10
12.899020195,80.2278823853,59376,59386,10
12.8982000351,80.2278289795,59386,59396,10
12.8971204758,80.2277679443,59396,59406,10
12.8958301544,80.2276992798,59406,59416,10
12.8945302963,80.2276382446,59416,59426,10
12.8932600021,80.2275314331,59426,59437,11
12.8924303055,80.2274169922,59437,59447,10
12.8917102814,80.2273788452,59447,59457,10
12.8906898499,80.2273788452,59457,59467,10
12.8895301819,80.2273712158,59467,59477,10
12.8883304596,80.2273635864,59477,59487,10
12.8870401382,80.227180481,59487,59497,10
12.8856801987,80.2268600464,59497,59507,10
12.8847999573,80.2267532349,59507,59517,10
12.8847398758,80.2267532349,59517,59528,11
12.8840904236,80.2267379761,59528,59538,10
12.8830499649,80.2267532349,59538,59548,10
12.8817396164,80.2267532349,59548,59558,10
12.8802700043,80.2267608643,59558,59568,10
12.8787498474,80.2267913818,59568,59578,10
12.877240181,80.2269210815,59578,59588,10
12.8764696121,80.2270126343,59588,59598,10
12.8762998581,80.2270126343,59598,59608,10
12.8756799698,80.2269973755,59608,59618,10
12.8746700287,80.226890564,59618,59629,11
12.8732004166,80.2267303467,59629,59639,10
12.8716802597,80.2266769409,59639,59649,10
12.8700399399,80.2265777588,59649,59659,10
12.8684196472,80.2264022827,59659,59669,10
12.8667697906,80.2265319824,59669,59679,10
12.8650798798,80.2266082764,59679,59689,10
12.8632898331,80.2265396118,59689,59699,10
12.861579895,80.2266235352,59699,59709,10
12.861000061,80.2266387939,59709,59719,10
12.8608798981,80.2266387939,59719,59730,11
12.8600997925,80.2265396118,59730,59740,10
12.8589496613,80.2263565063,59740,59756,16
12.8575496674,80.2262878418,59756,59768,12
12.8560199738,80.2264404297,59768,59778,10
12.8548297882,80.2265625,59778,59788,10
12.8528699875,80.2267379761,59788,59798,10
12.8512201309,80.2266769409,59798,59808,10
12.850060463,80.2266464233,59808,59818,10
12.8496904373,80.2266387939,59818,59828,10
12.8488903046,80.2266235352,59828,59839,11
12.8476104736,80.2266082764,59839,59848,9
12.846329689,80.2266235352,59848,59859,11
12.8454704285,80.2266464233,59859,59869,10
12.8453998566,80.2266464233,59869,59879,10
12.8448095322,80.2266769409,59879,59889,10
12.8438100815,80.2267608643,59889,59899,10
12.8427000046,80.2269592285,59899,59909,10
12.8414497375,80.2272567749,59909,59919,10
12.8403100967,80.2275695801,59919,59929,10
12.8398103714,80.2276916504,59929,59940,11
12.839509964,80.2277908325,59940,59950,10
12.8387098312,80.2279968262,59950,59960,10
12.8375597,80.2282562256,59960,59970,10
12.8361301422,80.228477478,59970,59980,10
12.8345098495,80.2287216187,59980,59990,10
12.8330202103,80.2289810181,59990,60000,10
12.8322601318,80.2291717529,60000,60010,10
12.8319797516,80.2292327881,60010,60020,10
12.8312397003,80.2293930054,60020,60030,10
12.8300800323,80.2298202515,60030,60041,11
12.8287601471,80.2303466797,60041,60051,10
12.8273897171,80.2311096191,60051,60061,10
12.8260002136,80.2314224243,60061,60071,10
12.8244800568,80.2313766479,60071,60081,10
12.8229103088,80.2309188843,60081,60091,10
12.8213300705,80.2305221558,60091,60101,10
12.8197898865,80.2305221558,60101,60111,10
12.8191299438,80.2305374146,60111,60121,10
12.8186502457,80.2304077148,60121,60131,10
12.8176803589,80.2299575806,60131,60142,11
12.8161897659,80.2294921875,60142,60152,10
12.8146600723,80.2292709351,60152,60162,10
12.8131399155,80.2288818359,60162,60172,10
12.8117198944,80.2283706665,60172,60182,10
12.810259819,80.2277984619,60182,60192,10
12.808839798,80.2270278931,60192,60202,10
12.8079900742,80.2263412476,60202,60212,10
12.8070697784,80.2255401611,60212,60222,10
12.8061199188,80.2246704102,60222,60232,10
12.8052597046,80.2240905762,60232,60243,11
12.8049497604,80.2240219116,60243,60253,10
12.8042898178,80.2239303589,60253,60263,10
12.8032598495,80.2238464355,60263,60273,10
12.8018798828,80.2236785889,60273,60289,16
12.8011398315,80.2236099243,60289,60301,12
12.8005304337,80.2235412598,60301,60311,10
12.7996702194,80.2234725952,60311,60321,10
12.7981595993,80.2233276367,60321,60331,10
12.7964897156,80.2230606079,60331,60341,10
12.7957496643,80.2229537964,60341,60351,10
12.7955904007,80.2229232788,60351,60362,11
12.794719696,80.2227706909,60362,60373,11
12.793419838,80.2225570679,60373,60383,10
12.7919397354,80.2222824097,60383,60393,10
12.7905702591,80.2219390869,60393,60403,10
12.7894802094,80.2216262817,60403,60413,10
12.7885799408,80.2212982178,60413,60423,10
12.7876501083,80.2209396362,60423,60433,10
12.7870597839,80.2207336426,60433,60444,11
12.7869901657,80.2207107544,60444,60454,10
12.7869195938,80.2206726074,60454,60464,10
12.7865600586,80.2205276489,60464,60484,20
12.7865600586,80.2205276489,60484,60494,10
12.7862596512,80.2203979492,60494,60504,10
12.7862195969,80.220413208,60504,60514,10
12.7861700058,80.2206726074,60514,60524,10
12.7861700058,80.2211914063,60524,60534,10
12.7861995697,80.2216415405,60534,60544,10
12.7861795425,80.2219696045,60544,60706,162
12.7862501144,80.2219161987,60706,61191,485
12.7863702774,80.2219085693,61191,61393,202
12.7862501144,80.2219467163,61393,61504,111
12.7862501144,80.2219467163,61504,61514,10
12.786239624,80.2216567993,61514,61524,10
12.7861795425,80.2214202881,61524,61534,10
12.7861700058,80.2211608887,61534,61544,10
12.7861700058,80.2209472656,61544,61554,10
12.7861604691,80.2207489014,61554,61565,11
12.7862997055,80.2203979492,61565,61575,10
12.7865104675,80.2204666138,61575,61605,30
12.7865104675,80.2204666138,61605,61615,10
12.7868404388,80.2205886841,61615,61625,10
12.7872800827,80.2207565308,61625,61635,10
12.7877197266,80.2209320068,61635,61645,10
12.7881498337,80.2210769653,61645,61655,10
12.7888803482,80.2213668823,61655,61666,11
12.7896604538,80.2216491699,61666,61676,10
12.7904100418,80.221862793,61676,61686,10
12.7913198471,80.2220916748,61686,61696,10
12.792309761,80.222328186,61696,61706,10
12.7933597565,80.2225189209,61706,61716,10
12.7943601608,80.2226715088,61716,61726,10
12.7953300476,80.2228317261,61726,61736,10
12.7961597443,80.2229614258,61736,61746,10
12.7962198257,80.2229690552,61746,61756,10
12.7963600159,80.2229919434,61756,61767,11
12.797129631,80.2231369019,61767,61777,10
12.7982501984,80.2233200073,61777,61787,10
12.7995595932,80.2234573364,61787,61797,10
12.800909996,80.2235794067,61797,61807,10
12.802069664,80.2236862183,61807,61817,10
12.802980423,80.2238235474,61817,61827,10
12.8038301468,80.2238998413,61827,61837,10
12.8046503067,80.2239685059,61837,61847,10
12.8052597046,80.2240905762,61847,61857,10
12.8053598404,80.2241134644,61857,61867,10
12.805560112,80.2241897583,61867,61878,11
12.8060398102,80.2245407104,61878,61888,10
12.8066596985,80.2250823975,61888,61904,16
12.8079204559,80.2261734009,61904,61916,12
12.8091402054,80.2271728516,61916,61924,8
12.8100404739,80.2276687622,61924,61935,11
12.8115100861,80.2282714844,61935,61946,11
12.8131198883,80.2288513184,61946,61956,10
12.8146095276,80.2292785645,61956,61966,10
12.8160800934,80.2294921875,61966,61977,11
12.8176698685,80.2299118042,61977,61987,10
12.8189697266,80.2304763794,61987,61997,10
12.8197803497,80.2304992676,61997,62007,10
12.8199901581,80.2304916382,62007,62016,9
12.8206796646,80.2304611206,62016,62027,11
12.821680069,80.2305221558,62027,62036,9
12.8227596283,80.230796814,62036,62046,10
12.8240995407,80.2311630249,62046,62057,11
12.8255996704,80.2314224243,62057,62067,10
12.8271598816,80.2312469482,62067,62078,11
12.828669548,80.230430603,62078,62088,10
12.8299598694,80.2298583984,62088,62098,10
12.8309297562,80.2294387817,62098,62108,10
12.8310604095,80.2293624878,62108,62118,10
12.831410408,80.2292785645,62118,62209,91
12.831410408,80.2292785645,62209,62219,10
12.8316802979,80.2291870117,62219,62229,10
12.8322095871,80.229057312,62229,62239,10
12.8330898285,80.2288970947,62239,62249,10
12.8341302872,80.2287063599,62249,62259,10
12.8353595734,80.2285003662,62259,62269,10
12.8366003036,80.2283096313,62269,62280,11
12.8379297256,80.2281036377,62280,62290,10
12.8388996124,80.2278823853,62290,62300,10
12.8390703201,80.2278137207,62300,62310,10
12.8392496109,80.2277374268,62310,62350,40
12.8392496109,80.2277374268,62350,62360,10
12.8395996094,80.2276611328,62360,62370,10
12.8400602341,80.2275619507,62370,62381,11
12.8409795761,80.2273178101,62381,62391,10
12.8418798447,80.2270889282,62391,62401,10
12.8429203033,80.226852417,62401,62411,10
12.8439798355,80.2266769409,62411,62421,10
12.8449897766,80.2265930176,62421,62431,10
12.8454399109,80.2265472412,62431,62441,10
12.8457603455,80.2265396118,62441,62451,10
12.8466100693,80.2265396118,62451,62461,10
12.8479003906,80.2265396118,62461,62471,10
12.8493995667,80.2265625,62471,62481,10
12.8510198593,80.2265777588,62481,62492,11
12.8528003693,80.2266616821,62492,62502,10
12.8541898727,80.2265777588,62502,62512,10
12.8555297852,80.2264404297,62512,62522,10
12.8568601608,80.2262878418,62522,62532,10
12.8580503464,80.2261962891,62532,62542,10
12.8586597443,80.2262268066,62542,62552,10
12.8596696854,80.2263793945,62552,62562,10
12.8606004715,80.2265319824,62562,62572,10
12.8611602783,80.2265701294,62572,62582,10
12.8623104095,80.2265625,62582,62593,11
12.8639097214,80.2265396118,62593,62603,10
12.865480423,80.226600647,62603,62613,10
12.866979599,80.2265090942,62613,62623,10
12.868639946,80.2264099121,62623,62633,10
12.8702802658,80.2265777588,62633,62643,10
12.8717098236,80.2266693115,62643,62653,10
12.872879982,80.2266616821,62653,62673,20
12.872879982,80.2266616821,62673,62683,10
12.8733797073,80.2266769409,62683,62694,11
12.8744697571,80.2267990112,62694,62704,10
12.8756198883,80.2269363403,62704,62714,10
12.8763999939,80.2269287109,62714,62724,10
12.8765802383,80.2269287109,62724,62733,9
12.8767404556,80.2269210815,62733,62744,11
12.8773803711,80.2268676758,62744,62754,10
12.8786401749,80.2267990112,62754,62764,10
12.8797597885,80.2267532349,62764,62774,10
12.8807296753,80.2267303467,62774,62784,10
12.8818101883,80.2267303467,62784,62795,11
12.8830900192,80.2267074585,62795,62805,10
12.8840303421,80.2266921997,62805,62815,10
12.8848104477,80.2266769409,62815,62825,10
12.8851804733,80.2266921997,62825,62835,10
12.885310173,80.2267379761,62835,62845,10
12.8859901428,80.2268829346,62845,62855,10
12.8870897293,80.2271575928,62855,62865,10
12.8884496689,80.2273406982,62865,62875,10
12.8898496628,80.2273635864,62875,62885,10
12.8918399811,80.2273330688,62885,62906,21
12.8918399811,80.2273330688,62906,62916,10
12.8921499252,80.2273406982,62916,62926,10
12.8927602768,80.2274093628,62926,62936,10
12.8935604095,80.2275238037,62936,62946,10
12.8938102722,80.2275619507,62946,62956,10
12.894080162,80.2275924683,62956,62966,10
12.894780159,80.2276382446,62966,62976,10
12.8957595825,80.2276763916,62976,62986,10
12.8969297409,80.2277297974,62986,62997,11
12.8981704712,80.2277984619,62997,63007,10
12.8992395401,80.2278518677,63007,63017,10
12.9002895355,80.2278823853,63017,63047,30
12.9002895355,80.2278823853,63047,63057,10
12.9005002975,80.2278594971,63057,63067,10
12.9008903503,80.2278900146,63067,63077,10
12.9012498856,80.2279434204,63077,63087,10
12.9017496109,80.2279663086,63087,63104,17
12.9024200439,80.2279968262,63104,63116,12
12.902469635,80.2280197144,63116,63126,10
12.9026603699,80.2280197144,63126,63136,10
12.9028301239,80.2280426025,63136,63146,10
12.9029397964,80.2280426025,63146,63156,10
12.9035396576,80.2280883789,63156,63166,10
12.9046096802,80.2281417847,63166,63176,10
12.9055900574,80.2281723022,63176,63186,10
12.9060497284,80.2282180786,63186,63196,10
12.9065198898,80.2282562256,63196,63206,10
12.9071302414,80.2283325195,63206,63217,11
12.9082202911,80.2284927368,63217,63227,10
12.9093799591,80.2286682129,63227,63237,10
12.9106702805,80.2288894653,63237,63247,10
12.9120397568,80.2290802002,63247,63257,10
12.9132099152,80.2292327881,63257,63267,10
12.9138002396,80.2292785645,63267,63277,10
12.9138202667,80.2292785645,63277,63287,10
12.913860321,80.2293014526,63287,63297,10
12.9142303467,80.2293701172,63297,63308,11
12.9151096344,80.2295227051,63308,63318,10
12.9161901474,80.2296676636,63318,63328,10
12.9172000885,80.2297973633,63328,63338,10
12.9182300568,80.2299118042,63338,63348,10
12.9193897247,80.2300796509,63348,63358,10
12.9206399918,80.2302398682,63358,63367,9
12.9219503403,80.2304077148,63367,63377,10
12.9235897064,80.2306594849,63377,63388,11
12.9254398346,80.2308883667,63388,63398,10
12.9264202118,80.2309799194,63398,63409,11
12.9265003204,80.2309799194,63409,63419,10
12.9271402359,80.2310562134,63419,63429,10
12.9281997681,80.2311782837,63429,63439,10
12.9291000366,80.231338501,63439,63449,10
12.930150032,80.2315979004,63449,63459,10
12.9314804077,80.2319869995,63459,63469,10
12.9328804016,80.232460022,63469,63479,10
12.9337596893,80.2327880859,63479,63489,10
12.9338798523,80.2328567505,63489,63499,10
12.9345903397,80.2331924438,63499,63510,11
12.9357595444,80.2337265015,63510,63520,10
12.9370002747,80.2343292236,63520,63530,10
12.9383296967,80.2349700928,63530,63546,16
12.939499855,80.2355270386,63546,63558,12
12.9396095276,80.2355804443,63558,63568,10
12.9398202896,80.235710144,63568,63576,8
12.9406204224,80.2359695435,63576,63588,12
12.9419803619,80.2362976074,63588,63598,10
12.9431295395,80.2368087769,63598,63609,11
12.9440898895,80.2377929688,63609,63617,8
12.9447803497,80.2385635376,63617,63629,12
12.9457302094,80.2393798828,63629,63639,10
12.9467496872,80.2398300171,63639,63649,10
12.9472799301,80.2400436401,63649,63659,10
12.9478998184,80.2402496338,63659,63669,10
12.948679924,80.2405471802,63669,63679,10
12.9492998123,80.2407836914,63679,63689,10
12.9501304626,80.2410430908,63689,63699,10
12.9511299133,80.2413482666,63699,63720,21
12.9511299133,80.2413482666,63720,63730,10
12.9514198303,80.2414474487,63730,63740,10
12.9521503448,80.2417068481,63740,63750,10
12.9531402588,80.2421035767,63750,63760,10
12.9541902542,80.2424926758,63760,63770,10
12.9548597336,80.242767334,63770,63780,10
12.9558401108,80.2432022095,63780,63790,10
12.956319809,80.2434234619,63790,63821,31
12.956319809,80.2434234619,63821,63831,10
12.9565401077,80.2435302734,63831,63841,10
12.9572200775,80.2437820435,63841,63851,10
12.9580001831,80.2440795898,63851,63861,10
12.9584503174,80.2442779541,63861,63871,10
12.9588603973,80.2444229126,63871,63881,10
12.9589595795,80.244468689,63881,63891,10
12.9594802856,80.244720459,63891,63901,10
12.9603004456,80.2450790405,63901,63912,11
12.9613399506,80.2455825806,63912,63922,10
12.9623003006,80.2460632324,63922,63932,10
12.9627599716,80.2462768555,63932,63942,10
12.9633302689,80.2465362549,63942,63952,10
12.9636096954,80.2466888428,63952,63962,10
12.9640703201,80.246887207,63962,63972,10
12.9645204544,80.2470626831,63972,63982,10
12.9653301239,80.2473220825,63982,63992,10
12.966170311,80.2476425171,63992,64002,10
12.9668598175,80.2479324341,64002,64012,10
12.9669303894,80.2479629517,64012,64023,11
12.9670801163,80.2480621338,64023,64033,10
12.9676103592,80.2482681274,64033,64043,10
12.9678297043,80.2483596802,64043,64053,10
12.9681997299,80.2485198975,64053,64063,10
12.9689397812,80.2488708496,64063,64073,10
12.9700202942,80.2493133545,64073,64083,10
12.9713602066,80.2497634888,64083,64093,10
12.972869873,80.2501525879,64093,64103,10
12.9742698669,80.2505264282,64103,64112,9
12.9758501053,80.2509765625,64112,64124,12
12.9774799347,80.2515716553,64124,64134,10
12.9784202576,80.252281189,64134,64235,101
12.9784202576,80.252281189,64235,64245,10
12.9785203934,80.2524032593,64245,64255,10
12.978890419,80.2525634766,64255,64265,10
12.9793796539,80.2526321411,64265,64275,10
12.9798603058,80.2526702881,64275,64285,10
12.9805803299,80.2526702881,64285,64295,10
12.981590271,80.2526397705,64295,64305,10
12.9827098846,80.2525787354,64305,64315,10
12.9840698242,80.2523193359,64315,64346,31
12.9840698242,80.2523193359,64346,64356,10
12.984120369,80.2522735596,64356,64596,240
12.984120369,80.2522735596,64596,64606,10
12.9841804504,80.2522735596,64606,64616,10
12.98458004,80.252166748,64616,64627,11
12.9850702286,80.2520370483,64627,64637,10
12.9855604172,80.2518997192,64637,64647,10
12.9860801697,80.2517623901,64647,64657,10
12.9866399765,80.2516403198,64657,64667,10
12.9871501923,80.2514877319,64667,64677,10
12.9875602722,80.251373291,64677,64687,10
12.9881095886,80.2512588501,64687,64697,10
12.9890003204,80.2510223389,64697,64707,10
12.9894399643,80.2509078979,64707,64717,10
12.9895000458,80.2508926392,64717,64728,11
12.9900903702,80.2507476807,64728,64738,10
12.9909896851,80.2505187988,64738,64748,10
12.9920902252,80.2502593994,64748,64758,10
12.9932804108,80.2499771118,64758,64768,10
12.9944801331,80.2496795654,64768,64778,10
12.99559021,80.2493972778,64778,64787,9
12.9965000153,80.2491378784,64787,64798,11
12.9967403412,80.2490615845,64798,64808,10
12.9971103668,80.2489700317,64808,64819,11
12.9980297089,80.2487487793,64819,64830,11
12.9991998672,80.2484817505,64830,64840,10
13.0003795624,80.2481765747,64840,64850,10
13.0016202927,80.2478790283,64850,64860,10
13.002120018,80.247756958,64860,64870,10
13.0025596619,80.2476501465,64870,64880,10
13.0034303665,80.2474975586,64880,64890,10
13.0045204163,80.2473526001,64890,64900,10
13.0054998398,80.2471923828,64900,64910,10
13.0061702728,80.2469482422,64910,64920,10
13.0064001083,80.2466506958,64920,64931,11
13.0065002441,80.2464370728,64931,64941,10
13.0065002441,80.2463912964,64941,64951,10
13.0065498352,80.2459411621,64951,64971,20
13.0065498352,80.2459411621,64971,64981,10
13.0065898895,80.2454833984,64981,64991,10
13.0066003799,80.245300293,64991,65001,10
13.0066099167,80.2450408936,65001,65011,10
13.0065803528,80.2447814941,65011,65021,10
13.0066003799,80.2445602417,65021,65032,11
13.0065803528,80.2443237305,65032,65042,10
13.0065803528,80.244140625,65042,65052,10
13.0065698624,80.2437973022,65052,65062,10
13.0065803528,80.2433776855,65062,65072,10
13.0065803528,80.2430801392,65072,65082,10
13.0066099167,80.2428207397,65082,65092,10
13.0066099167,80.2422485352,65092,65102,10
13.0066204071,80.2418212891,65102,65112,10
13.006649971,80.2412185669,65112,65122,10
13.0066995621,80.2407989502,65122,65133,11
13.0067796707,80.2403564453,65133,65143,10
13.0068702698,80.2398681641,65143,65153,10
13.0069303513,80.2395324707,65153,65163,10
13.0069799423,80.2393112183,65163,65173,10
13.0070400238,80.2390365601,65173,65183,10
13.0070800781,80.2387695313,65183,65193,10
13.0071401596,80.2384490967,65193,65203,10
13.0071897507,80.23802948,65203,65213,10
13.0073204041,80.2370910645,65213,65233,20
13.0073204041,80.2370910645,65233,65244,11
13.0073900223,80.2368927002,65244,65254,10
13.0074901581,80.2364501953,65254,65264,10
13.0076503754,80.2356033325,65264,65274,10
13.0076999664,80.2352981567,65274,65284,10
13.0077295303,80.2351608276,65284,65294,10
13.0078201294,80.2347335815,65294,65304,10
13.0080003738,80.2337799072,65304,65314,10
13.0081796646,80.2325210571,65314,65324,10
13.0084600449,80.2310714722,65324,65335,11
13.0088396072,80.2293624878,65335,65345,10
13.0092601776,80.2278671265,65345,65355,10
13.0098800659,80.2265014648,65355,65365,10
13.010430336,80.2253799438,65365,65375,10
13.0106897354,80.2248001099,65375,65385,10
13.0108499527,80.2244873047,65385,65395,10
13.0110797882,80.2238616943,65395,65405,10
13.0113201141,80.2232437134,65405,65415,10
13.0116796494,80.2224197388,65415,65425,10
13.0120601654,80.2214736938,65425,65436,11
13.0124597549,80.2217102051,65436,65446,10
13.0128698349,80.2222366333,65446,65456,10
13.0134496689,80.2228012085,65456,65466,10
13.0138301849,80.223197937,65466,65476,10
13.0141401291,80.2234573364,65476,65486,10
13.0143098831,80.2236862183,65486,65502,16
13.0152702332,80.2247924805,65502,65524,22
13.0152702332,80.2247924805,65524,65534,10
13.0155601501,80.2249679565,65534,65544,10
13.015879631,80.2252578735,65544,65556,12
13.0167503357,80.2252120972,65556,65566,10
13.0176801682,80.2248382568,65566,65576,10
13.0185804367,80.2244796753,65576,65586,10
13.0190095901,80.2243118286,65586,65596,10
13.0192699432,80.2242965698,65596,65606,10
13.0195302963,80.2244033813,65606,65616,10
13.0197696686,80.2245407104,65616,65626,10
13.020190239,80.2248535156,65626,65636,10
13.0206604004,80.2251968384,65636,65647,11
13.0211200714,80.2255477905,65647,65665,18
13.0218400955,80.2261199951,65665,65677,12
13.0224103928,80.2265472412,65677,65685,8
13.0224399567,80.2265701294,65685,65697,12
13.022769928,80.2268600464,65697,65706,9
13.0232000351,80.2272796631,65706,65717,11
13.0239295959,80.2279434204,65717,65727,10
13.0243797302,80.2284698486,65727,65737,10
13.0246200562,80.2288208008,65737,65748,11
13.0249099731,80.2292404175,65748,65756,8
13.0252103806,80.2296218872,65756,65768,12
13.0257997513,80.2305603027,65768,65778,10
13.02602005,80.2313079834,65778,65788,10
13.0262298584,80.2321090698,65788,65798,10
13.0266399384,80.233039856,65798,65808,10
13.0271501541,80.2339019775,65808,65818,10
13.0276899338,80.2348175049,65818,65828,10
13.0281000137,80.2355117798,65828,65838,10
13.0286197662,80.2361297607,65838,65849,11
13.0292701721,80.2368011475,65849,65859,10
13.0295696259,80.2371368408,65859,65869,10
13.029709816,80.2373275757,65869,65879,10
13.0300998688,80.2380371094,65879,65889,10
13.0305700302,80.2388305664,65889,65899,10
13.0310096741,80.2396011353,65899,65909,10
13.0311803818,80.2398834229,65909,65919,10
13.0313396454,80.2400970459,65919,65929,10
13.0313997269,80.2404708862,65929,65939,10
13.0314102173,80.2407608032,65939,65950,11
13.0316200256,80.2411499023,65950,65960,10
13.0318098068,80.241569519,65960,65976,16
13.0322999954,80.2423171997,65976,65988,12
13.0327396393,80.2428665161,65988,65998,10
13.0330495834,80.2433013916,65998,66008,10
13.0335798264,80.2440185547,66008,66018,10
13.0339403152,80.2445220947,66018,66028,10
13.0340795517,80.2446975708,66028,66038,10
13.034239769,80.2449035645,66038,66048,10
13.0344600677,80.2451705933,66048,66059,11
13.0344800949,80.2452011108,66059,66068,9
13.0346002579,80.2453765869,66068,66079,11
13.0347995758,80.2456436157,66079,66099,20
13.0347995758,80.2456436157,66099,66109,10
13.0349197388,80.2457427979,66109,66119,10
13.0350103378,80.24584198,66119,66129,10
13.0352096558,80.2460327148,66129,66139,10
13.0355396271,80.246131897,66139,66149,10
13.0356197357,80.2461776733,66149,66160,11
13.03565979,80.2462081909,66160,66170,10
13.0360498428,80.2464065552,66170,66180,10
13.0367698669,80.2465591431,66180,66190,10
13.0373802185,80.2464523315,66190,66200,10
13.0376596451,80.2464828491,66200,66210,10
13.0382604599,80.2466201782,66210,66220,10
13.0387601852,80.2467803955,66220,66261,41
13.0387601852,80.2467803955,66261,66271,10
13.0391302109,80.2469177246,66271,66281,10
13.0396203995,80.2470016479,66281,66291,10
13.0402498245,80.2471084595,66291,66301,10
13.0410003662,80.2472381592,66301,66311,10
13.0418195724,80.2473983765,66311,66321,10
13.042309761,80.2475280762,66321,66331,10
13.0426797867,80.2477111816,66331,66341,10
13.043129921,80.2479095459,66341,66351,10
13.0436401367,80.2479476929,66351,66362,11
13.0439796448,80.2478485107,66362,66372,10
13.0443601608,80.2479019165,66372,66382,10
13.0447502136,80.2479705811,66382,66392,10
13.0451602936,80.2482376099,66392,66402,10
13.0459604263,80.2484970093,66402,66412,10
13.0467996597,80.2484207153,66412,66432,20
13.0467996597,80.2484207153,66432,66442,10
13.0471897125,80.2484817505,66442,66452,10
13.0474996567,80.2487487793,66452,66463,11
13.0479202271,80.2491836548,66463,66473,10
13.0483198166,80.2495803833,66473,66483,10
13.0488996506,80.2496795654,66483,66493,10
13.0495996475,80.2497634888,66493,66503,10
13.0505304337,80.2499389648,66503,66513,10
13.0513601303,80.2501678467,66513,66523,10
13.0520496368,80.2506484985,66523,66533,10
13.0525999069,80.2513427734,66533,66543,10
13.0532398224,80.2521820068,66543,66553,10
13.0538597107,80.2530517578,66553,66565,12
13.054599762,80.2540283203,66565,66575,10
13.0549497604,80.2544937134,66575,66585,10
13.0552597046,80.2548980713,66585,66595,10
13.0556201935,80.2554092407,66595,66605,10
13.0558996201,80.2557373047,66605,66615,10
13.0561800003,80.2561264038,66615,66623,8
13.0564098358,80.2564086914,66623,66634,11
13.0567398071,80.256729126,66634,66645,11
13.0570802689,80.2569885254,66645,66654,9
13.0575704575,80.2574310303,66654,66666,12
13.0578804016,80.2577972412,66666,66676,10
13.058259964,80.2582626343,66676,66686,10
13.0585203171,80.2586593628,66686,66696,10
13.058839798,80.2590179443,66696,66706,10
13.0591402054,80.2594528198,66706,66716,10
13.0593996048,80.2599029541,66716,66726,10
13.0599298477,80.2602996826,66726,66736,10
13.0604295731,80.2608337402,66736,66746,10
13.0605401993,80.2610015869,66746,66756,10
13.0605602264,80.2610397339,66756,66767,11
13.060839653,80.261428833,66767,66777,10
13.0611400604,80.2618179321,66777,66787,10
13.0615196228,80.2622070313,66787,66797,10
13.0618896484,80.2626876831,66797,66807,10
13.0624704361,80.2633895874,66807,66817,10
13.0629701614,80.2640075684,66817,66827,10
13.0634498596,80.2646102905,66827,66837,10
13.0637798309,80.2651367188,66837,66847,10
13.0639200211,80.2653579712,66847,66857,10
13.0641002655,80.2656478882,66857,66868,11
13.0642404556,80.2658691406,66868,66878,10
13.0643596649,80.2660217285,66878,66888,10
13.0645399094,80.2661590576,66888,66898,10
13.0646600723,80.2663574219,66898,66908,10
13.0647602081,80.2665023804,66908,66918,10
13.0648803711,80.2666625977,66918,66928,10
13.0651903152,80.2669525146,66928,66938,10
13.0656099319,80.2672576904,66938,66948,10
13.0656995773,80.2673873901,66948,66958,10
13.065870285,80.2676696777,66958,66968,10
13.0661802292,80.2680664063,66968,66979,11
13.0664701462,80.2683334351,66979,66989,10
13.0667200089,80.2684707642,66989,66999,10
13.0670604706,80.268699646,66999,67009,10
13.0676202774,80.2690429688,67009,67019,10
13.0680704117,80.269317627,67019,67029,10
13.0682296753,80.2695236206,67029,67039,10
13.0681400299,80.2705230713,67039,67067,28
13.0681400299,80.2705230713,67067,67078,11
13.0681200027,80.2709274292,67078,67088,10
13.0681400299,80.2713470459,67088,67098,10
13.068479538,80.271812439,67098,67108,10
13.0687599182,80.2718963623,67108,67118,10
13.0689697266,80.2719573975,67118,67128,10
13.0693397522,80.2723007202,67128,67138,10
13.0697603226,80.2727127075,67138,67147,9
13.0701198578,80.273109436,67147,67157,10
13.0704402924,80.2735137939,67157,67168,11
13.0708303452,80.2739486694,67168,67179,11
13.0709400177,80.273979187,67179,67189,10
13.0710601807,80.2740402222,67189,67199,10
13.071439743,80.2741317749,67199,67209,10
13.0718898773,80.2744216919,67209,67219,10
13.0722198486,80.2747802734,67219,67229,10
13.0726203918,80.2752304077,67229,67239,10
13.0729799271,80.2756195068,67239,67249,10
13.0734596252,80.2761306763,67249,67259,10
13.0739202499,80.2762908936,67259,67269,10
13.0746097565,80.276260376,67269,67280,11
13.0754003525,80.276260376,67280,67290,10
13.0761003494,80.2762298584,67290,67300,10
13.0765399933,80.2761993408,67300,67310,10
13.0767803192,80.2761764526,67310,67320,10
13.0772695541,80.2761383057,67320,67330,10
13.0779495239,80.2760620117,67330,67340,10
13.0782499313,80.2754135132,67340,67350,10
13.0788297653,80.2750701904,67350,67360,10
13.0795297623,80.2751998901,67360,67370,10
13.080329895,80.275177002,67370,67381,11
13.0811195374,80.275100708,67381,67492,111
13.0811195374,80.275100708,67492,67502,10
13.0813102722,80.2750778198,67502,67512,10
13.0816202164,80.2751083374,67512,67522,10
13.081870079,80.2751998901,67522,67532,10
13.0819196701,80.2752075195,67532,67542,10
13.0820598602,80.2755203247,67542,67562,20
13.0820999146,80.2756729126,67562,67744,182
13.0820999146,80.2756729126,67744,67754,10
13.0819597244,80.2759170532,67754,67764,10
13.0818195343,80.2760391235,67764,67774,10
13.0818500519,80.2765274048,67774,67785,11
13.0819396973,80.2775497437,67785,67795,10
13.0820999146,80.2782669067,67795,67825,30
13.0820999146,80.2782669067,67825,67835,10
13.0819501877,80.2783432007,67835,67845,10
13.0818595886,80.2781219482,67845,67904,59
13.0818595886,80.2781219482,67904,67914,10
13.0818395615,80.2776412964,67914,67924,10
13.0818004608,80.2774200439,67924,67934,10
13.0817804337,80.2771911621,67934,67944,10
13.0817499161,80.2770004272,67944,67954,10
13.0816602707,80.2763977051,67954,67995,41
13.0816602707,80.2763977051,67995,68005,10
13.0815296173,80.2758865356,68005,68085,80
13.0815296173,80.2758865356,68085,68096,11
13.0814599991,80.2754135132,68096,68106,10
13.0814504623,80.2753829956,68106,68116,10
13.0814399719,80.2752838135,68116,68126,10
13.0812397003,80.2751464844,68126,68136,10
13.0806798935,80.2752075195,68136,68146,10
13.0798797607,80.2752990723,68146,68156,10
13.078789711,80.2751617432,68156,68186,30
13.078789711,80.2751617432,68186,68197,11
13.0784196854,80.2752990723,68197,68207,10
13.0781202316,80.2760009766,68207,68217,10
13.0773000717,80.2762069702,68217,68227,10
13.0764799118,80.2762527466,68227,68237,10
13.0755300522,80.2762832642,68237,68247,10
13.0745697021,80.2763137817,68247,68257,10
13.0738601685,80.2764129639,68257,68267,10
13.0733499527,80.2762298584,68267,68277,10
13.0727796555,80.2755813599,68277,68287,10
13.0721702576,80.2749404907,68287,68298,11
13.0715398788,80.2744827271,68298,68308,10
13.0711402893,80.2744369507,68308,68318,10
13.0707101822,80.2742233276,68318,68348,30
13.0707101822,80.2742233276,68348,68358,10
13.070520401,80.2739181519,68358,68368,10
13.0702896118,80.2734222412,68368,68378,10
13.0698003769,80.2728729248,68378,68388,10
13.0691299438,80.2721862793,68388,68398,10
13.068400383,80.2718582153,68398,68467,69
13.068400383,80.2718582153,68467,68477,10
13.0681600571,80.2715682983,68477,68487,10
13.067899704,80.2710189819,68487,68497,10
13.0676898956,80.2707214355,68497,68508,11
13.0670003891,80.2701568604,68508,68518,10
13.0664796829,80.26953125,68518,68528,10
13.0663404465,80.2688674927,68528,68537,9
13.0662603378,80.268371582,68537,68548,11
13.0658597946,80.2678604126,68548,68558,10
13.0651197433,80.267578125,68558,68578,20
13.0651197433,80.267578125,68578,68588,10
13.0649995804,80.2675476074,68588,68598,10
13.0645198822,80.2674636841,68598,68609,11
13.0639295578,80.267326355,68609,68619,10
13.0633897781,80.2672424316,68619,68629,10
13.0629396439,80.2671737671,68629,68639,10
13.0625896454,80.2669906616,68639,68649,10
13.0621900558,80.2665481567,68649,68659,10
13.0618600845,80.2660903931,68659,68669,10
13.0614099503,80.2655563354,68669,68679,10
13.0611696243,80.2652816772,68679,68689,10
13.0607995987,80.2651824951,68689,68699,10
13.0604400635,80.2654418945,68699,68720,21
13.0604400635,80.2654418945,68720,68730,10
13.0600299835,80.2655410767,68730,68740,10
13.0596599579,80.2655563354,68740,68750,10
13.0593700409,80.2655029297,68750,68760,10
13.0589799881,80.2654190063,68760,68770,10
13.0586204529,80.26537323,68770,68800,30
13.0586204529,80.26537323,68800,68811,11
13.0581703186,80.2651596069,68811,68821,10
13.0579795837,80.2645568848,68821,68831,10
13.0578899384,80.2638473511,68831,68841,10
13.0577697754,80.2631607056,68841,68851,10
13.0577201843,80.2627182007,68851,68861,10
13.0576696396,80.2624664307,68861,68871,10
13.0576095581,80.2621078491,68871,68881,10
13.0575199127,80.2615509033,68881,68891,10
13.0573997498,80.2609176636,68891,68901,10
13.0572004318,80.2602081299,68901,68912,11
13.0569696426,80.2593612671,68912,68922,10
13.0567102432,80.2584686279,68922,68932,10
13.0565700531,80.2579193115,68932,68942,10
13.0565004349,80.2576522827,68942,68952,10
13.0564403534,80.2572631836,68952,68972,20
13.0564403534,80.2572631836,68972,68982,10
13.0563402176,80.2570037842,68982,68992,10
13.0562496185,80.2565612793,68992,69002,10
13.056139946,80.2562179565,69002,69013,11
13.0557699203,80.2557067871,69013,69023,10
13.0552196503,80.2549362183,69023,69033,10
13.0545196533,80.2540588379,69033,69043,10
13.0538902283,80.2532272339,69043,69052,9
13.0534496307,80.2526016235,69052,69063,11
13.0530195236,80.2520294189,69063,69073,10
13.0526504517,80.2515563965,69073,69083,10
13.052280426,80.2510910034,69083,69093,10
13.0520401001,80.2507705688,69093,69103,10
13.0518102646,80.250541687,69103,69114,11
13.0515804291,80.2503433228,69114,69124,10
13.0514097214,80.2502212524,69124,69134,10
13.0510196686,80.2500686646,69134,69144,10
13.0507698059,80.25,69144,69154,10
13.0504102707,80.2499313354,69154,69164,10
13.0502099991,80.2499008179,69164,69174,10
13.050160408,80.2498931885,69174,69184,10
13.0500402451,80.2498703003,69184,69194,10
13.0495100021,80.2498321533,69194,69215,21
13.0493402481,80.249786377,69215,69265,50
13.0489397049,80.2497787476,69265,69295,30
13.0489397049,80.2497787476,69295,69305,10
13.0486001968,80.249671936,69305,69316,11
13.0484304428,80.2495803833,69316,69326,10
13.0482597351,80.24949646,69326,69336,10
13.0481395721,80.2494125366,69336,69346,10
13.047829628,80.2491378784,69346,69356,10
13.0476303101,80.2489776611,69356,69366,10
13.0474100113,80.2487792969,69366,69427,61
13.0470695496,80.2486190796,69427,69457,30
13.0470695496,80.2486190796,69457,69467,10
13.0467596054,80.248588562,69467,69477,10
13.0466003418,80.2485733032,69477,69487,10
13.0464696884,80.2485122681,69487,69497,10
13.0460700989,80.2484207153,69497,69518,21
13.0459003448,80.2483978271,69518,69538,20
13.0459003448,80.2483978271,69538,69548,10
13.0455703735,80.2482833862,69548,69568,20
13.0455703735,80.2482833862,69568,69578,10
13.0452604294,80.2481994629,69578,69588,10
13.0450201035,80.2481307983,69588,69598,10
13.0446596146,80.2480316162,69598,69608,10
13.0444202423,80.2480010986,69608,69619,11
13.0441799164,80.2479782104,69619,69629,10
13.0439395905,80.2479629517,69629,69639,10
13.0437698364,80.2479019165,69639,69649,10
13.0434799194,80.2478179932,69649,69659,10
13.0431604385,80.2477874756,69659,69668,9
13.0425701141,80.2476730347,69668,69679,11
13.0417098999,80.2474212646,69679,69689,10
13.0407104492,80.247253418,69689,69699,10
13.0400896072,80.2471618652,69699,69709,10
13.0400600433,80.2471466064,69709,69719,10
13.039899826,80.2471084595,69719,69730,11
13.0395402908,80.2470779419,69730,69740,10
13.0392303467,80.2470016479,69740,69750,10
13.0388002396,80.2469024658,69750,69760,10
13.037899971,80.246711731,69760,69770,10
13.0370597839,80.2465286255,69770,69780,10
13.0362796783,80.2463378906,69780,69790,10
13.0352296829,80.2459869385,69790,69810,20
13.0352296829,80.2459869385,69810,69820,10
13.034910202,80.2457962036,69820,69831,11
13.0345201492,80.2452774048,69831,69841,10
13.0340003967,80.2446975708,69841,69851,10
13.0333003998,80.2438430786,69851,69861,10
13.0324296951,80.2426681519,69861,69871,10
13.0317497253,80.241569519,69871,69881,10
13.0310401917,80.2401123047,69881,69911,30
13.0310401917,80.2401123047,69911,69921,10
13.0309896469,80.2399902344,69921,69932,11
13.0307502747,80.2394104004,69932,69942,10
13.0303401947,80.2386016846,69942,69952,10
13.0297498703,80.2375793457,69952,69962,10
13.0289497375,80.236656189,69962,69972,10
13.0281600952,80.2358016968,69972,69982,10
13.0275602341,80.2348709106,69982,69992,10
13.0270900726,80.2340927124,69992,70012,20
13.0270900726,80.2340927124,70012,70022,10
13.0270595551,80.2340698242,70022,70033,11
13.0268697739,80.233757019,70033,70043,10
13.0266399384,80.2333679199,70043,70053,10
13.0263595581,80.2328491211,70053,70063,10
13.0262098312,80.2325134277,70063,70073,10
13.0261001587,80.2320709229,70073,70083,10
13.0258903503,80.2310333252,70083,70093,10
13.0258903503,80.2310333252,70093,70103,10
13.02546978,80.23021698,70103,70113,10
13.0250301361,80.2296600342,70113,70166,53
13.0250301361,80.2296600342,70166,70176,10
13.0248098373,80.229347229,70176,70186,10
13.0247001648,80.2292098999,70186,70196,10
13.0245103836,80.2289505005,70196,70206,10
13.0241804123,80.228477478,70206,70216,10
13.0237798691,80.2279891968,70216,70227,11
13.0234203339,80.2276229858,70227,70237,10
13.0234098434,80.2276229858,70237,70247,10
13.0233402252,80.2275466919,70247,70257,10
13.0229501724,80.2271881104,70257,70267,10
13.0224599838,80.2267608643,70267,70277,10
13.0219402313,80.2262802124,70277,70287,10
13.0213804245,80.2258300781,70287,70297,10
13.0209598541,80.2254714966,70297,70307,10
13.0205402374,80.2251815796,70307,70317,10
13.0202598572,80.2250366211,70317,70328,11
13.0196800232,80.2246398926,70328,70338,10
13.0188999176,80.2244415283,70338,70348,10
13.0181598663,80.2247009277,70348,70358,10
13.017250061,80.2250671387,70358,70368,10
13.016579628,80.2253570557,70368,70378,10
13.0163202286,80.225440979,70378,70388,10
13.015879631,80.2255783081,70388,70398,10
13.0153598785,80.2258071899,70398,70408,10
13.0149202347,80.2259902954,70408,70418,10
13.0144100189,80.2261581421,70418,70449,31
13.0144100189,80.2261581421,70449,70459,10
13.0141096115,80.2262573242,70459,70469,10
13.0135803223,80.2264785767,70469,70479,10
13.0126495361,80.2268371582,70479,70489,10
13.0116100311,80.2272567749,70489,70499,10
13.0105695724,80.2276611328,70499,70509,10
13.0097303391,80.228012085,70509,70519,10
13.0091199875,80.2284622192,70519,70529,10
13.0089502335,80.2292709351,70529,70540,11
13.0087604523,80.2302322388,70540,70550,10
13.0085697174,80.2311935425,70550,70560,10
13.0083599091,80.2323303223,70560,70570,10
13.0082397461,80.233291626,70570,70580,10
13.0081996918,80.2334899902,70580,70590,10
13.0080604553,80.2339401245,70590,70600,10
13.0079202652,80.234703064,70600,70610,10
13.0078802109,80.2349319458,70610,70620,10
13.0078201294,80.2351837158,70620,70630,10
13.007809639,80.2352828979,70630,70641,11
13.0077695847,80.2355422974,70641,70651,10
13.0076799393,80.2359695435,70651,70661,10
13.007610321,80.2363128662,70661,70671,10
13.0075397491,80.2367019653,70671,70681,10
13.0074596405,80.2370376587,70681,70691,10
13.007399559,80.2372665405,70691,70701,10
13.007349968,80.2375183105,70701,70711,10
13.007349968,80.2375335693,70711,70721,10
13.0072898865,80.2379074097,70721,70731,10
13.0071802139,80.2384414673,70731,70742,11
13.0070199966,80.2394714355,70742,70762,20
13.0070199966,80.2394714355,70762,70772,10
13.006939888,80.2398071289,70772,70782,10
13.0068397522,80.2403182983,70782,70792,10
13.0068101883,80.2406005859,70792,70802,10
13.0067396164,80.2409362793,70802,70818,16
13.0067100525,80.2420883179,70818,70830,12
13.0066604614,80.2429428101,70830,70838,8
13.006649971,80.2436065674,70838,70849,11
13.006649971,80.244682312,70849,70861,12
13.0066299438,80.2455291748,70861,70871,10
13.0066699982,80.2460632324,70871,70931,60
13.0066699982,80.2460632324,70931,70942,11
13.0066900253,80.2465667725,70942,70952,10
13.0066900253,80.246963501,70952,70962,10
13.0061197281,80.2473678589,70962,70982,20
13.0061197281,80.2473678589,70982,70992,10
13.0057601929,80.2473831177,70992,71002,10
13.0049600601,80.2473907471,71002,71012,10
13.0038995743,80.2474899292,71012,71022,10
13.0026502609,80.2477111816,71022,71032,10
13.0017595291,80.2479324341,71032,71043,11
13.0006303787,80.2481994629,71043,71053,10
12.9993801117,80.2485198975,71053,71063,10
12.9979200363,80.248878479,71063,71073,10
12.9963598251,80.2492675781,71073,71083,10
12.9947500229,80.2496871948,71083,71093,10
12.9933004379,80.250038147,71093,71103,10
12.9918298721,80.2504119873,71103,71113,10
12.9907999039,80.2506790161,71113,71123,10
12.9904203415,80.2507705688,71123,71133,10
12.9895200729,80.2509918213,71133,71143,10
12.9887599945,80.2511672974,71143,71154,11
12.9881801605,80.251373291,71154,71467,313
12.9881801605,80.251373291,71467,71477,10
12.9880304337,80.251411438,71477,71487,10
12.9877300262,80.251449585,71487,71497,10
12.9873600006,80.2515335083,71497,71507,10
12.9868297577,80.2516937256,71507,71517,10
12.9864902496,80.2517776489,71517,71527,10
12.9861803055,80.2518310547,71527,71537,10
12.9853000641,80.2520523071,71537,71547,10
12.9842996597,80.2523193359,71547,71558,11
12.9831199646,80.2525863647,71558,71568,10
12.9819097519,80.2526779175,71568,71578,10
12.9807500839,80.2527236938,71578,71588,10
12.9800796509,80.2527999878,71588,71598,10
12.9797000885,80.252746582,71598,71608,10
12.979180336,80.2526931763,71608,71618,10
12.9788103104,80.2526397705,71618,71628,10
12.978770256,80.2525863647,71628,71638,10
12.9782800674,80.2523422241,71638,71648,10
12.9775295258,80.251701355,71648,71659,11
12.9762897491,80.2511367798,71659,71669,10
12.9749403,80.2507476807,71669,71679,10
12.9736499786,80.2503890991,71679,71689,10
12.9724702835,80.2500762939,71689,71699,10
12.9711198807,80.249710083,71699,71709,10
12.9696702957,80.2491989136,71709,71719,10
12.9684400558,80.2487335205,71719,71729,10
12.9673500061,80.248298645,71729,71739,10
12.9666900635,80.2479934692,71739,71755,16
12.965379715,80.2474517822,71755,71778,23
12.965379715,80.2474517822,71778,71788,10
12.9649600983,80.2472763062,71788,71798,10
12.964220047,80.2470169067,71798,71808,10
12.9637403488,80.2468414307,71808,71818,10
12.9633598328,80.2466583252,71818,71828,10
12.9625501633,80.2462768555,71828,71838,10
12.9617595673,80.2459030151,71838,71848,10
12.9607601166,80.2453994751,71848,71860,12
12.9596204758,80.2449264526,71860,71869,9
12.9594297409,80.2448425293,71869,71880,11
12.9592504501,80.2447509766,71880,71890,10
12.9587697983,80.2445068359,71890,71900,10
12.958029747,80.244178772,71900,71910,10
12.9571800232,80.2438583374,71910,71920,10
12.9564504623,80.2436065674,71920,71930,10
12.9564199448,80.2435913086,71930,71940,10
12.9562997818,80.2435913086,71940,71950,10
12.9557800293,80.243309021,71950,71961,11
12.9548797607,80.2428970337,71961,71971,10
12.9539499283,80.2425231934,71971,71981,10
12.9528598785,80.2420730591,71981,71991,10
12.9518203735,80.2416915894,71991,72011,20
12.9518203735,80.2416915894,72011,72021,10
12.9514799118,80.2415771484,72021,72031,10
12.9507398605,80.2413101196,72031,72041,10
12.9497804642,80.2410202026,72041,72051,10
12.9494800568,80.2409210205,72051,72062,11
12.9493598938,80.2408905029,72062,72072,10
12.9490098953,80.2407608032,72072,72082,10
12.9482498169,80.2404403687,72082,72092,10
12.9472799301,80.2400588989,72092,72102,10
12.9470796585,80.2399902344,72102,72112,10
12.9469404221,80.2399368286,72112,72122,10
12.9462795258,80.2396697998,72122,72132,10
12.9454097748,80.2392578125,72132,72142,10
12.944560051,80.2385025024,72142,72152,10
12.9437398911,80.2375869751,72152,72162,10
12.9429197311,80.2368011475,72162,72173,11
12.9416799545,80.2362594604,72173,72183,10
12.9405002594,80.2359771729,72183,72193,10
12.9397497177,80.2357177734,72193,72203,10
12.9397296906,80.2357177734,72203,72213,10
12.9392595291,80.2355422974,72213,72223,10
12.9384298325,80.2351226807,72223,72233,10
12.9373903275,80.2346191406,72233,72243,10
12.9363603592,80.23412323,72243,72253,10
12.935839653,80.2338562012,72253,72263,10
12.9356298447,80.233757019,72263,72274,11
12.9348297119,80.2334136963,72274,72284,10
12.9337797165,80.2329330444,72284,72304,20
12.9337797165,80.2329330444,72304,72314,10
12.9337396622,80.2329177856,72314,72324,10
12.9332504272,80.2326889038,72324,72334,10
12.9322900772,80.2323303223,72334,72344,10
12.9311800003,80.2319717407,72344,72354,10
12.9300098419,80.2316131592,72354,72365,11
12.9288196564,80.2313613892,72365,72375,10
12.9276199341,80.2311782837,72375,72385,10
12.9263801575,80.2310333252,72385,72395,10
12.925740242,80.2309799194,72395,72405,10
12.9254598618,80.2309417725,72405,72415,10
12.9246397018,80.2308578491,72415,72425,10
12.9234895706,80.2306900024,72425,72435,10
12.9221200943,80.2304763794,72435,72445,10
12.9205102921,80.2302474976,72445,72455,10
12.9189195633,80.2300415039,72455,72465,10
12.917429924,80.2298431396,72465,72476,11
12.9160804749,80.2296676636,72476,72486,10
12.9150495529,80.2295227051,72486,72496,10
12.9141902924,80.2293701172,72496,72506,10
12.9135599136,80.2293167114,72506,72516,10
12.9133300781,80.2293014526,72516,72566,50
12.9133300781,80.2293014526,72566,72577,11
12.9129295349,80.2292480469,72577,72587,10
12.9120502472,80.2291412354,72587,72597,10
12.9108800888,80.2289428711,72597,72607,10
12.9095201492,80.2287063599,72607,72617,10
12.9080696106,80.228477478,72617,72627,10
12.9071903229,80.2283935547,72627,72637,10
12.9071102142,80.2283782959,72637,72647,10
12.9070997238,80.2283706665,72647,72657,10
12.9067201614,80.2283401489,72657,72667,10
12.9059896469,80.2282714844,72667,72678,11
12.9051198959,80.2282028198,72678,72688,10
12.9042100906,80.2281265259,72688,72698,10
12.9030103683,80.2280578613,72698,72708,10
12.9017801285,80.2279891968,72708,72718,10
12.901049614,80.2279968262,72718,72839,121
12.901049614,80.2279968262,72839,72849,10
12.9008703232,80.2279586792,72849,72859,10
12.9004201889,80.2279205322,72859,72869,10
12.8993597031,80.2278823853,72869,72890,21
12.8993597031,80.2278823853,72890,72900,10
12.8989095688,80.2278518677,72900,72910,10
12.8980503082,80.2277908325,72910,72920,10
12.8969602585,80.2277069092,72920,72930,10
12.8957099915,80.2276611328,72930,72940,10
12.894490242,80.2276229858,72940,72950,10
12.8933897018,80.2275314331,72950,72960,10
12.892490387,80.2274169922,72960,72970,10
12.8917703629,80.2273635864,72970,72981,11
12.8907403946,80.2273483276,72981,72991,10
12.8895597458,80.2273406982,72991,73001,10
12.8884401321,80.2273406982,73001,73011,10
12.8873100281,80.2272186279,73011,73021,10
12.8860197067,80.2269210815,73021,73031,10
12.8849201202,80.2267303467,73031,73041,10
12.8847398758,80.2267379761,73041,73051,10
12.8844099045,80.2267379761,73051,73061,10
12.8835496902,80.2267303467,73061,73071,10
12.8823795319,80.2267227173,73071,73081,10
12.8809995651,80.2267303467,73081,73098,17
12.8783998489,80.2267990112,73098,73110,12
12.876950264,80.2269363403,73110,73120,10
12.8764801025,80.2269821167,73120,73130,10
12.8761901855,80.2269897461,73130,73140,10
12.8753499985,80.2269515991,73140,73150,10
12.8742799759,80.2268066406,73150,73160,10
12.8729600906,80.2267227173,73160,73170,10
12.8726196289,80.2267074585,73170,73180,10
12.8718595505,80.2266616821,73180,73191,11
12.8705396652,80.2265930176,73191,73201,10
12.8691902161,80.2264328003,73201,73211,10
12.867650032,80.2263870239,73211,73221,10
12.8661804199,80.2265396118,73221,73232,11
12.8645896912,80.2265396118,73232,73242,10
12.8628196716,80.2264862061,73242,73252,10
12.8616104126,80.2265625,73252,73262,10
12.8611698151,80.226600647,73262,73272,10
12.8610095978,80.2265472412,73272,73283,11
12.8600797653,80.2264785767,73283,73293,10
12.8589401245,80.2263183594,73293,73303,10
12.8578100204,80.2262268066,73303,73313,10
12.8564300537,80.226348877,73313,73323,10
12.8548202515,80.2265090942,73323,73333,10
12.853099823,80.2266693115,73333,73343,10
12.8513202667,80.2266235352,73343,73353,10
12.8495597839,80.2265777588,73353,73363,10
12.8479099274,80.2265625,73363,73373,10
12.8465995789,80.2265777588,73373,73384,11
12.8454999924,80.2266235352,73384,73414,30
12.8454999924,80.2266235352,73414,73424,10
12.845199585,80.2266082764,73424,73434,10
12.8443899155,80.2266769409,73434,73444,10
12.8431997299,80.2268295288,73444,73454,10
12.841799736,80.2271118164,73454,73464,10
12.8403596878,80.2275238037,73464,73474,10
12.8397598267,80.2277526855,73474,73485,11
12.8394098282,80.2278518677,73485,73495,10
12.8386201859,80.2279891968,73495,73505,10
12.8375902176,80.2282104492,73505,73515,10
12.8362503052,80.2284088135,73515,73525,10
12.8347597122,80.2286224365,73525,73535,10
12.8334598541,80.2288818359,73535,73545,10
12.832449913,80.2290802002,73545,73555,10
12.8322696686,80.2291183472,73555,73565,10
12.8322000504,80.2291107178,73565,73575,10
12.8318996429,80.2291564941,73575,73585,10
12.8313598633,80.2292785645,73585,73596,11
12.8308801651,80.2294235229,73596,73606,10
12.8302001953,80.2296829224,73606,73622,16
12.8302001953,80.2296829224,73622,73634,12
12.8293600082,80.2300033569,73634,73644,10
12.8287200928,80.2302932739,73644,73654,10
12.8277196884,80.2308578491,73654,73664,10
12.8265695572,80.2312774658,73664,73674,10
12.8253602982,80.2313690186,73674,73684,10
12.824379921,80.231300354,73684,73695,11
12.8230800629,80.2309188843,73695,73705,10
12.822019577,80.2305908203,73705,73715,10
12.8209295273,80.2304382324,73715,73725,10
12.8198604584,80.23046875,73725,73735,10
12.818860054,80.2304382324,73735,73745,10
12.8186302185,80.2304000854,73745,73754,9
12.8185100555,80.2303314209,73754,73765,11
12.8179101944,80.2300415039,73765,73775,10
12.8167600632,80.2295913696,73775,73785,10
12.8154401779,80.2293624878,73785,73796,11
12.8138399124,80.2290725708,73796,73806,10
12.8124904633,80.2286300659,73806,73816,10
12.8112401962,80.2281723022,73816,73826,10
12.8100700378,80.2277069092,73826,73836,10
12.8089799881,80.2270889282,73836,73846,10
12.8079204559,80.2262191772,73846,73856,10
12.8069601059,80.2253799438,73856,73866,10
12.8062400818,80.2247467041,73866,73876,10
12.8050203323,80.2240066528,73876,73897,21
12.8050203323,80.2240066528,73897,73907,10
12.8045396805,80.2239379883,73907,73917,10
12.8036603928,80.2238922119,73917,73927,10
12.8026504517,80.2237701416,73927,73937,10
12.8015098572,80.2236480713,73937,73947,10
12.8009595871,80.2236175537,73947,73957,10
12.800740242,80.2235870361,73957,73967,10
12.8000001907,80.2235183716,73967,73977,10
12.7989997864,80.2234191895,73977,73987,10
12.7976799011,80.2232818604,73987,73998,11
12.7962799072,80.2230300903,73998,74008,10
12.7959098816,80.2229766846,74008,74018,10
12.79529953,80.222869873,74018,74028,10
12.7942800522,80.2227020264,74028,74038,10
12.793129921,80.2225189209,74038,74048,10
12.79185009,80.2222671509,74048,74058,10
12.7906398773,80.2219619751,74058,74068,10
12.789730072,80.2217102051,74068,74078,10
12.7892198563,80.2215194702,74078,74088,10
12.7888402939,80.2213897705,74088,74099,11
12.7886104584,80.2212905884,74099,74109,10
12.7883396149,80.2211685181,74109,74119,10
12.7878398895,80.2209777832,74119,74129,10
12.7872600555,80.2207794189,74129,74139,10
12.78703022,80.2206802368,74139,74149,10
12.7865695953,80.220489502,74149,74179,30
12.7861795425,80.220413208,74179,74210,31
12.7861795425,80.220413208,74210,74220,10
12.7861404419,80.2206115723,74220,74230,10
12.7861700058,80.2211227417,74230,74240,10
12.7862796783,80.221786499,74240,74270,30
12.7862796783,80.221786499,74270,74280,10
12.7862796783,80.2221603394,74280,74735,455
12.786239624,80.2219161987,74735,74816,81
12.786239624,80.2219161987,74816,74826,10
12.7862596512,80.2216262817,74826,74836,10
12.7862300873,80.2213897705,74836,74846,10
12.7861995697,80.2211608887,74846,74856,10
12.786190033,80.2207794189,74856,74896,40
12.786239624,80.2204437256,74896,74937,41
12.786239624,80.2204437256,74937,74947,10
12.7863903046,80.2202835083,74947,74957,10
12.7866601944,80.220413208,74957,74967,10
12.7871999741,80.2206268311,74967,74977,10
12.7879104614,80.2209014893,74977,74987,10
12.7885103226,80.2211380005,74987,74997,10
12.7892303467,80.2214126587,74997,75008,11
12.7896099091,80.2215576172,75008,75018,10
12.7901697159,80.2217330933,75018,75028,10
12.7910404205,80.2219390869,75028,75038,10
12.7921600342,80.2221984863,75038,75048,10
12.7936000824,80.2224731445,75048,75058,10
12.7947902679,80.2226486206,75058,75068,10
12.7959003448,80.2228164673,75068,75078,10
12.7968502045,80.2229995728,75078,75094,16
12.7984104156,80.2232437134,75094,75106,12
12.7996301651,80.2233734131,75106,75117,11
12.800860405,80.223487854,75117,75127,10
12.8015098572,80.2235412598,75127,75136,9
12.8021202087,80.2236022949,75136,75147,11
12.8027496338,80.2236862183,75147,75157,10
12.8032398224,80.2237625122,75157,75167,10
12.8039798737,80.2238082886,75167,75177,10
12.8046598434,80.2238693237,75177,75186,9
12.8051700592,80.2239608765,75186,75196,10
12.805439949,80.224029541,75196,75208,12
12.8055696487,80.2240829468,75208,75218,10
12.8058700562,80.2243118286,75218,75228,10
12.8063297272,80.2247085571,75228,75238,10
12.8068504333,80.2251815796,75238,75248,10
12.807390213,80.2256469727,75248,75258,10
12.8080596924,80.2262115479,75258,75268,10
12.8088598251,80.2268829346,75268,75278,10
12.809800148,80.2274780273,75278,75288,10
12.8108701706,80.2279281616,75288,75298,10
12.8119602203,80.2283401489,75298,75309,11
12.8132801056,80.2287979126,75309,75319,10
12.8145999908,80.2291564941,75319,75329,10
12.8159399033,80.2293624878,75329,75339,10
12.8172798157,80.229637146,75339,75349,10
12.8183298111,80.2301177979,75349,75359,10
12.8192396164,80.230430603,75359,75369,10
12.8196201324,80.2304077148,75369,75379,10
12.8199596405,80.2304000854,75379,75389,10
12.8204202652,80.2303771973,75389,75399,10
12.8210802078,80.2303771973,75399,75410,11
12.8218698502,80.23046875,75410,75420,10
12.8226604462,80.230682373,75420,75430,10
12.823559761,80.2309494019,75430,75440,10
12.8245000839,80.2311630249,75440,75450,10
12.8254003525,80.231300354,75450,75460,10
12.8263902664,80.2312774658,75460,75470,10
12.8271598816,80.2311325073,75470,75480,10
12.8276395798,80.2308731079,75480,75490,10
12.8280801773,80.2305908203,75490,75500,10
12.8286104202,80.2302627563,75500,75510,10
12.8291501999,80.2300033569,75510,75521,11
12.8297901154,80.2297515869,75521,75531,10
12.8303604126,80.2295303345,75531,75541,10
12.8308601379,80.2293319702,75541,75551,10
12.8309001923,80.229309082,75551,75567,16
12.8314304352,80.2291412354,75567,75579,12
12.8316602707,80.2290878296,75579,75587,8
12.8320598602,80.2289886475,75587,75599,12
12.8331403732,80.2287979126,75599,75609,10
12.8341598511,80.2286529541,75609,75620,11
12.8353300095,80.2284622192,75620,75630,10
12.8364696503,80.2282867432,75630,75640,10
12.8375701904,80.2281188965,75640,75650,10
12.8386001587,80.2279205322,75650,75659,9
12.839050293,80.2277908325,75659,75670,11
12.839220047,80.2277297974,75670,75679,9
12.8395004272,80.2276992798,75679,75741,62
12.8395004272,80.2276992798,75741,75751,10
12.8399801254,80.2275238037,75751,75761,10
12.8407697678,80.2272872925,75761,75771,10
12.8419704437,80.2269821167,75771,75781,10
12.8433103561,80.2267227173,75781,75791,10
12.8445701599,80.2265396118,75791,75801,10
12.845290184,80.2264785767,75801,75811,10
12.8453702927,80.2264709473,75811,75822,11
12.8459196091,80.2264785767,75822,75832,10
12.8466701508,80.2264785767,75832,75842,10
12.8475999832,80.2264785767,75842,75852,10
12.8486404419,80.2264709473,75852,75862,10
12.8498001099,80.2264633179,75862,75872,10
12.8511199951,80.2264862061,75872,75882,10
12.8524703979,80.2265396118,75882,75892,10
12.8535203934,80.2265396118,75892,75902,10
12.8547801971,80.2264328003,75902,75912,10
12.856300354,80.2262878418,75912,75923,11
12.8579101563,80.2261581421,75923,75933,10
12.8590297699,80.2262191772,75933,75949,16
12.8607301712,80.2264404297,75949,75961,12
12.861289978,80.2264709473,75961,75971,10
12.8622999191,80.2264633179,75971,75981,10
12.8634500504,80.2264022827,75981,75991,10
12.8648700714,80.2264709473,75991,76001,10
12.8665599823,80.2264404297,76001,76011,10
12.8681402206,80.2263031006,76011,76021,10
12.8696899414,80.2264328003,76021,76032,11
12.8714599609,80.2265625,76032,76042,10
12.8729696274,80.2265930176,76042,76052,10
12.8736696243,80.2265777588,76052,76061,9
12.8739299774,80.2266082764,76061,76072,11
12.8749103546,80.2267379761,76072,76082,10
12.8760995865,80.2268600464,76082,76092,10
12.8764896393,80.226852417,76092,76102,10
12.8766202927,80.2268371582,76102,76112,10
12.8769302368,80.2267913818,76112,76123,11
12.8779296875,80.2267227173,76123,76133,10
12.8790903091,80.2266616821,76133,76143,10
12.8804197311,80.2266387939,76143,76152,9
12.8816995621,80.2266311646,76152,76163,11
12.8832798004,80.2266082764,76163,76173,10
12.8848304749,80.2265777588,76173,76183,10
12.8851900101,80.226600647,76183,76193,10
12.8855400085,80.2266387939,76193,76203,10
12.8864603043,80.2269210815,76203,76213,10
12.8877401352,80.227180481,76213,76223,10
12.889289856,80.2272796631,76223,76234,11
12.8911399841,80.2272796631,76234,76244,10
12.8922595978,80.2272567749,76244,76254,10
12.8925600052,80.2272796631,76254,76264,10
12.8931303024,80.2273712158,76264,76274,10
12.8942203522,80.2275085449,76274,76284,10
12.8955602646,80.2275924683,76284,76294,10
12.8968095779,80.2276306152,76294,76304,10
12.8981800079,80.227722168,76304,76314,10
12.8994398117,80.2277374268,76314,76375,61
12.8994398117,80.2277374268,76375,76385,10
12.8995800018,80.2277374268,76385,76395,10
12.9000501633,80.2277832031,76395,76405,10
12.9004096985,80.2278137207,76405,76415,10
12.9007396698,80.2278213501,76415,76425,10
12.901049614,80.2278518677,76425,76435,10
12.9013004303,80.2278594971,76435,76446,11
12.9017496109,80.2278823853,76446,76456,10
12.9019804001,80.2278900146,76456,76466,10
12.9023599625,80.2279129028,76466,76476,10
12.9024200439,80.2279205322,76476,76486,10
12.9026403427,80.2279281616,76486,76496,10
12.9031295776,80.2279663086,76496,76506,10
12.9037599564,80.2279891968,76506,76516,10
12.9043598175,80.2280197144,76516,76526,10
12.9050998688,80.2280502319,76526,76537,11
12.9052200317,80.2280426025,76537,76547,10
12.9053096771,80.2280197144,76547,76557,10
12.9057598114,80.2280197144,76557,76567,10
12.9061803818,80.2280502319,76567,76577,10
12.9065599442,80.2281036377,76577,76587,10
12.9068603516,80.2282028198,76587,76597,10
12.9074897766,80.2282562256,76597,76607,10
12.908539772,80.2284622192,76607,76617,10
12.9098997116,80.2286987305,76617,76627,10
12.9113397598,80.2289199829,76627,76638,11
12.9126996994,80.229133606,76638,76648,10
12.9135503769,80.2292404175,76648,76658,10
12.9138402939,80.2292480469,76658,76668,10
12.9140100479,80.2292633057,76668,76678,10
12.9144496918,80.2293395996,76678,76688,10
12.9153699875,80.2294311523,76688,76698,10
12.9165401459,80.2296218872,76698,76708,10
12.917719841,80.2297973633,76708,76718,10
12.9188098907,80.2299575806,76718,76728,10
12.919960022,80.2301177979,76728,76739,11
12.9214696884,80.2302932739,76739,76749,10
12.92304039,80.2305374146,76749,76759,10
12.9245996475,80.2307510376,76759,76769,10
12.9259300232,80.2309188843,76769,76779,10
12.9271402359,80.2310714722,76779,76789,10
12.9284296036,80.2312393188,76789,76799,10
12.9290599823,80.2313308716,76799,76809,10
12.929599762,80.2314605713,76809,76819,10
12.9304800034,80.2316894531,76819,76829,10
12.9315795898,80.2320327759,76829,76840,11
12.9328203201,80.2324295044,76840,76856,16
12.9337301254,80.2328109741,76856,76868,12
12.9340801239,80.232963562,76868,76878,10
12.9347200394,80.2332687378,76878,76888,10
12.9356603622,80.2337493896,76888,76898,10
12.9362001419,80.2339782715,76898,76908,10
12.9372396469,80.2344818115,76908,76918,10
12.938369751,80.2350387573,76918,76928,10
12.9394702911,80.2355804443,76928,76938,10
12.9396696091,80.2356719971,76938,76948,10
12.9401197433,80.2358627319,76948,76959,11
12.9412097931,80.2361373901,76959,76969,10
12.942489624,80.2365188599,76969,76978,9
12.9434700012,80.2372207642,76978,76987,9
12.9441795349,80.237991333,76987,76999,12
12.9452400208,80.239112854,76999,77009,10
12.946390152,80.2397003174,77009,77019,10
12.9472999573,80.2400436401,77019,77029,10
12.9473199844,80.2400436401,77029,77040,11
12.9478502274,80.2402572632,77040,77050,10
12.9488201141,80.2406616211,77050,77060,10
12.949930191,80.2410507202,77060,77070,10
12.950799942,80.2413101196,77070,77080,10
12.9511003494,80.2414016724,77080,77090,10
12.9515199661,80.2415771484,77090,77100,10
12.9522304535,80.2418365479,77100,77110,10
12.9533901215,80.2422637939,77110,77120,10
12.9544200897,80.2426986694,77120,77130,10
12.9551296234,80.2429580688,77130,77141,11
12.9562797546,80.2434082031,77141,77171,30
12.9562797546,80.2434082031,77171,77181,10
12.9566602707,80.2435684204,77181,77191,10
12.9575395584,80.2439575195,77191,77201,10
12.9584999084,80.2443389893,77201,77211,10
12.9587402344,80.244430542,77211,77221,10
12.9589195251,80.2445220947,77221,77231,10
12.9595298767,80.2448120117,77231,77242,11
12.9607200623,80.2453765869,77242,77252,10
12.9619903564,80.2459869385,77252,77262,10
12.9629602432,80.2464904785,77262,77272,10
12.9635801315,80.2467880249,77272,77282,10
12.9642295837,80.2470397949,77282,77292,10
12.9650802612,80.2473297119,77292,77302,10
12.9655704498,80.2474899292,77302,77312,10
12.9659004211,80.2476119995,77312,77322,10
12.9662599564,80.2477493286,77322,77332,10
12.9667396545,80.2480010986,77332,77343,11
12.9671096802,80.2481307983,77343,77353,10
12.9673595428,80.2482376099,77353,77363,10
12.9680900574,80.2485427856,77363,77373,10
12.9690904617,80.2489471436,77373,77383,10
12.9702501297,80.249420166,77383,77393,10
12.9715995789,80.2498397827,77393,77403,10
12.9729003906,80.2501831055,77403,77413,10
12.9741601944,80.2505111694,77413,77423,10
12.9753198624,80.2508392334,77423,77433,10
12.9764604568,80.2511672974,77433,77443,10
12.9774303436,80.2515792847,77443,77454,11
12.9781904221,80.2521820068,77454,77464,10
12.9782495499,80.2522201538,77464,77474,10
12.9786100388,80.2524871826,77474,77484,10
12.9798002243,80.2526779175,77484,77522,38
12.9798002243,80.2526779175,77522,77532,10
12.9804000854,80.2526626587,77532,77542,10
12.9814796448,80.2526321411,77542,77552,10
12.9828500748,80.2525863647,77552,77563,11
12.9846000671,80.2522125244,77563,77573,10
12.985830307,80.2518768311,77573,77583,10
12.9870195389,80.2515182495,77583,77664,81
12.9870195389,80.2515182495,77664,77674,10
12.9873504639,80.251411438,77674,77683,9
12.9876499176,80.2513427734,77683,77694,11
12.9881801605,80.2512283325,77694,77704,10
12.9894504547,80.2509002686,77704,77724,20
12.9894504547,80.2509002686,77724,77734,10
12.9897499084,80.250831604,77734,77744,10
12.9905700684,80.250617981,77744,77755,11
12.9919300079,80.2502822876,77755,77765,10
12.9932899475,80.2499389648,77765,77775,10
12.9945802689,80.2496414185,77775,77785,10
12.9958000183,80.2493209839,77785,77795,10
12.9971199036,80.2489776611,77795,77805,10
12.9984102249,80.2486495972,77805,77815,10
12.999710083,80.2483062744,77815,77825,10
13.0010204315,80.2480010986,77825,77835,10
13.0019702911,80.2477798462,77835,77845,10
13.002820015,80.2475891113,77845,77856,11
13.0039596558,80.2474136353,77856,77866,10
13.0049800873,80.2472763062,77866,77876,10
13.0058202744,80.2470779419,77876,77886,10
13.0063199997,80.246673584,77886,77896,10
13.0064001083,80.2464904785,77896,77906,10
13.0064697266,80.2461624146,77906,77916,10
13.0065202713,80.2453384399,77916,77926,10
13.0064201355,80.244468689,77926,77936,10
13.0064601898,80.2437820435,77936,77946,10
13.0064897537,80.2430801392,77946,77956,10
13.0064401627,80.2422790527,77956,77967,11
13.0064697266,80.2411422729,77967,77977,10
13.0065698624,80.2405395508,77977,78007,30
13.0065698624,80.2405395508,78007,78017,10
13.0066204071,80.2403793335,78017,78027,10
13.0066699982,80.239982605,78027,78037,10
13.0068101883,80.2393493652,78037,78047,10
13.006939888,80.238571167,78047,78058,11
13.0071201324,80.237739563,78058,78068,10
13.0072803497,80.2368621826,78068,78088,20
13.0072803497,80.2368621826,78088,78098,10
13.0073900223,80.236541748,78098,78108,10
13.0074996948,80.236000061,78108,78118,10
13.0076398849,80.2353668213,78118,78128,10
13.0077400208,80.2346725464,78128,78138,10
13.0079097748,80.2338104248,78138,78148,10
13.008099556,80.2328796387,78148,78159,11
13.0082998276,80.2318191528,78159,78169,10
13.0084695816,80.2308883667,78169,78179,10
13.0086402893,80.2299423218,78179,78189,10
13.0087900162,80.229019165,78189,78199,10
13.0089998245,80.2281036377,78199,78209,10
13.0093002319,80.2272262573,78209,78219,10
13.0098199844,80.2262420654,78219,78229,10
13.0102796555,80.2253036499,78229,78239,10
13.0105800629,80.2246627808,78239,78249,10
13.0108299255,80.2240524292,78249,78260,11
13.0111904144,80.223197937,78260,78270,10
13.0114603043,80.2225418091,78270,78280,10
13.0117702484,80.2218170166,78280,78290,10
13.0122203827,80.2215270996,78290,78300,10
13.0124397278,80.2219085693,78300,78310,10
13.0129203796,80.2224502563,78310,78320,10
13.0135202408,80.2231369019,78320,78330,10
13.0141000748,80.2237091064,78330,78340,10
13.0145702362,80.2241210938,78340,78350,10
13.0150003433,80.224647522,78350,78361,11
13.0153598785,80.2249298096,78361,78371,10
13.015370369,80.224937439,78371,78381,10
13.0156402588,80.2252197266,78381,78391,10
13.0164804459,80.2253189087,78391,78401,10
13.0176897049,80.2248535156,78401,78411,10
13.0187997818,80.2244415283,78411,78421,10
13.0196800232,80.2246017456,78421,78437,16
13.0208301544,80.225402832,78437,78449,12
13.0216398239,80.2260131836,78449,78457,8
13.0221300125,80.2264175415,78457,78470,13
13.0225696564,80.2267379761,78470,78480,10
13.0226297379,80.2268218994,78480,78489,9
13.022939682,80.2271499634,78489,78499,10
13.0235795975,80.2277374268,78499,78510,11
13.0241699219,80.2283325195,78510,78520,10
13.0243196487,80.2285385132,78520,78529,9
13.0245599747,80.2289199829,78529,78539,10
13.0250902176,80.2296524048,78539,78550,11
13.0256204605,80.2304763794,78550,78560,10
13.0258903503,80.2312011719,78560,78571,11
13.0261497498,80.2320632935,78571,78581,10
13.0265398026,80.232963562,78581,78591,10
13.0267696381,80.2333831787,78591,78601,10
13.0273103714,80.2343063354,78601,78611,10
13.0279302597,80.2354278564,78611,78621,10
13.0286798477,80.2363204956,78621,78631,10
13.0294103622,80.2371063232,78631,78641,10
13.0299901962,80.2379989624,78641,78651,10
13.0305500031,80.2389068604,78651,78661,10
13.0309000015,80.2395324707,78661,78672,11
13.0312099457,80.2400131226,78672,78682,10
13.0313501358,80.2403488159,78682,78692,10
13.0313596725,80.2407226563,78692,78702,10
13.0314702988,80.2409820557,78702,78712,10
13.0315999985,80.2412872314,78712,78722,10
13.0317897797,80.2416992188,78722,78732,10
13.0320701599,80.2422027588,78732,78742,10
13.0324401855,80.2425765991,78742,78752,10
13.0329799652,80.2433395386,78752,78762,10
13.0336303711,80.244178772,78762,78773,11
13.0342903137,80.2450637817,78773,78783,10
13.034819603,80.2456970215,78783,78793,10
13.0354204178,80.2460327148,78793,78803,10
13.0355997086,80.2460632324,78803,78813,10
13.0361995697,80.2462997437,78813,78823,10
13.0370998383,80.2464828491,78823,78833,10
13.0378303528,80.2464675903,78833,78843,10
13.0386695862,80.2466812134,78843,78853,10
13.039059639,80.2467803955,78853,78863,10
13.0397396088,80.2469406128,78863,78874,11
13.0408601761,80.2471694946,78874,78884,10
13.041680336,80.2473297119,78884,78894,10
13.042309761,80.2474594116,78894,78904,10
13.0429096222,80.2476806641,78904,78914,10
13.043009758,80.2477035522,78914,78924,10
13.0432195663,80.247756958,78924,78934,10
13.0435695648,80.2478179932,78934,78944,10
13.0441799164,80.2478027344,78944,78954,10
13.0447397232,80.2479019165,78954,78964,10
13.0450601578,80.2481231689,78964,78975,11
13.0458602905,80.2484512329,78975,78991,16
13.0468196869,80.2483901978,78991,79003,12
13.0470104218,80.2484588623,79003,79013,10
13.0474300385,80.2487716675,79013,79023,10
13.0480899811,80.249420166,79023,79033,10
13.0485601425,80.249671936,79033,79043,10
13.0494699478,80.2497634888,79043,79053,10
13.0507802963,80.2500305176,79053,79063,10
13.0517997742,80.25050354,79063,79074,11
13.0526800156,80.2515716553,79074,79084,10
13.0535001755,80.2526702881,79084,79094,10
13.0542297363,80.2536773682,79094,79103,9
13.0549898148,80.2546386719,79103,79114,11
13.0556497574,80.2555618286,79114,79124,10
13.0563097,80.2564163208,79124,79134,10
13.0570297241,80.2570800781,79134,79144,10
13.0577802658,80.2577667236,79144,79154,10
13.0583200455,80.2584609985,79154,79164,10
13.0589895248,80.2592391968,79164,79175,11
13.0595703125,80.2601165771,79175,79184,9
13.0601396561,80.2606201172,79184,79195,11
13.0605297089,80.2610931396,79195,79205,10
13.0606203079,80.2611999512,79205,79215,10
13.060839653,80.2615432739,79215,79225,10
13.0613203049,80.2621383667,79225,79235,10
13.0617399216,80.2626419067,79235,79245,10
13.0619602203,80.2630386353,79245,79255,10
13.0625600815,80.2637481689,79255,79265,10
13.0632200241,80.264503479,79265,79276,11
13.0636796951,80.2652435303,79276,79286,10
13.0641002655,80.265838623,79286,79296,10
13.0646696091,80.2665481567,79296,79306,10
13.0652103424,80.2670822144,79306,79316,10
13.0658597946,80.2676925659,79316,79326,10
13.0660200119,80.2678985596,79326,79336,10
13.0663604736,80.2683029175,79336,79346,10
13.066740036,80.2685165405,79346,79356,10
13.06731987,80.2688980103,79356,79366,10
13.068110466,80.2694015503,79366,79377,11
13.0681600571,80.2700195313,79377,79387,10
13.0680599213,80.2707824707,79387,79397,10
13.0681695938,80.2714767456,79397,79407,10
13.0689201355,80.2719421387,79407,79417,10
13.0696401596,80.2725982666,79417,79427,10
13.0702104568,80.2732391357,79427,79437,10
13.0705299377,80.2737121582,79437,79447,10
13.071100235,80.2740783691,79447,79457,10
13.0714502335,80.2741928101,79457,79467,10
13.07213974,80.2748031616,79467,79478,11
13.0727996826,80.2754974365,79478,79488,10
13.0732498169,80.2760009766,79488,79498,10
13.0737400055,80.2763214111,79498,79508,10
13.0745697021,80.2763137817,79508,79518,10
13.0754899979,80.276260376,79518,79528,10
13.0758800507,80.2762374878,79528,79538,10
13.0762500763,80.2762298584,79538,79548,10
13.0769395828,80.2761993408,79548,79558,10
13.0777797699,80.2761383057,79558,79568,10
13.0782403946,80.2754974365,79568,79585,17
13.0796203613,80.2752609253,79585,79597,12
13.0806503296,80.2751998901,79597,79607,10
13.0814599991,80.2751235962,79607,79678,71
13.0814599991,80.2751235962,79678,79688,10
13.0815296173,80.275100708,79688,79698,10
13.0817804337,80.275177002,79698,79708,10
13.0819301605,80.2755584717,79708,79728,20
13.0819301605,80.2755584717,79728,79738,10
13.0819597244,80.275680542,79738,79748,10
13.0819196701,80.276008606,79748,79758,10
13.0818500519,80.2761306763,79758,79768,10
13.0818996429,80.2766265869,79768,79778,10
13.0819997787,80.2774581909,79778,79789,11
13.0821399689,80.2781677246,79789,79799,10
13.0821399689,80.2783737183,79799,79809,10
13.0820302963,80.2784576416,79809,79819,10
13.0819301605,80.2781677246,79819,79829,10
13.0818395615,80.2774429321,79829,79839,10
13.0816402435,80.2764282227,79839,79849,10
13.081489563,80.275642395,79849,79859,10
13.0814599991,80.2754364014,79859,79869,10
13.0812997818,80.2752304077,79869,79879,10
13.0808401108,80.2752914429,79879,79890,11
13.0800895691,80.2753829956,79890,79900,10
13.0794801712,80.275390625,79900,79910,10
13.0787601471,80.2752532959,79910,79920,10
13.0781698227,80.2759017944,79920,79930,10
13.0774803162,80.2762985229,79930,79940,10
13.0766296387,80.2763290405,79940,79950,10
13.0760097504,80.2763519287,79950,79960,10
13.075920105,80.2763366699,79960,79970,10
13.0758399963,80.2761611938,79970,79980,10
13.0758600235,80.2759399414,79980,79991,11
13.0759096146,80.2756576538,79991,80001,10
13.0761899948,80.2755279541,80001,81667,1666
13.0761899948,80.2755279541,81667,81677,10
13.0761003494,80.2753829956,81677,81687,10
13.0759000778,80.275062561,81687,81698,11
