13.0992002487,80.2407302856,12,20158,20146
13.0993003845,80.2407913208,20158,21177,1019
13.0993003845,80.2407913208,21177,21187,10
13.0991697311,80.2407836914,21187,21197,10
13.0991201401,80.2407913208,21197,21207,10
13.099029541,80.2410812378,21207,21217,10
13.0989303589,80.2413482666,21217,21227,10
13.098859787,80.2416000366,21227,21288,61
13.098859787,80.2416000366,21288,21298,10
13.0988397598,80.2417678833,21298,21328,30
13.0988397598,80.2417678833,21328,21338,10
13.0987796783,80.2419891357,21338,21348,10
13.0986499786,80.2422637939,21348,21359,11
13.098279953,80.2422790527,21359,21369,10
13.0977096558,80.2422180176,21369,21379,10
13.0975103378,80.2421875,21379,21389,10
13.0974702835,80.2418518066,21389,21399,10
13.0975999832,80.2412033081,21399,21409,10
13.0976600647,80.2405319214,21409,21419,10
13.0977201462,80.2397994995,21419,21429,10
13.0977602005,80.2390518188,21429,21439,10
13.0979003906,80.2382278442,21439,21449,10
13.0980701447,80.2372970581,21449,21459,10
13.0982198715,80.2364196777,21459,21470,11
13.0983600616,80.2354736328,21470,21480,10
13.0985202789,80.2344818115,21480,21490,10
13.0986003876,80.2336425781,21490,21500,10
13.0987901688,80.2325668335,21500,21510,10
13.0991201401,80.2315597534,21510,21526,16
13.0996103287,80.2302627563,21526,21538,12
13.0998697281,80.2291183472,21538,21546,8
13.0999803543,80.2284393311,21546,21558,12
13.1000900269,80.2274932861,21558,21568,10
13.1000204086,80.2263412476,21568,21577,9
13.0999202728,80.2253570557,21577,21589,12
13.0996799469,80.2244110107,21589,21599,10
13.0994195938,80.2238006592,21599,21609,10
13.0992298126,80.2235565186,21609,21619,10
13.0990800858,80.2233505249,21619,21629,10
13.0988798141,80.2230911255,21629,21638,9
13.098739624,80.2227020264,21638,21649,11
13.0987701416,80.2217788696,21649,21659,10
13.0989704132,80.2206420898,21659,21669,10
13.0991601944,80.2195968628,21669,21679,10
13.0992097855,80.2192993164,21679,21690,11
13.0993099213,80.2186584473,21690,21700,10
13.0994501114,80.2177734375,21700,21710,10
13.0996999741,80.2167510986,21710,21720,10
13.0999002457,80.2159881592,21720,21730,10
13.1000003815,80.2157287598,21730,21740,10
13.1001701355,80.2153167725,21740,21750,10
13.1002902985,80.2146606445,21750,21811,61
13.100230217,80.2145309448,21811,21841,30
13.100230217,80.2145309448,21841,21851,10
13.1001596451,80.2144699097,21851,21861,10
13.0998897552,80.2144012451,21861,21871,10
13.0993499756,80.2142791748,21871,21881,10
13.0986404419,80.2140274048,21881,21891,10
13.0983295441,80.2144317627,21891,21901,10
13.0979795456,80.2152175903,21901,21912,11
13.0974903107,80.2163696289,21912,21922,10
13.0973300934,80.2167816162,21922,21932,10
13.0972499847,80.2170181274,21932,21942,10
13.0969896317,80.2176971436,21942,21952,10
13.0966501236,80.218711853,21952,21962,10
13.0962600708,80.219833374,21962,21972,10
13.0959501266,80.2207336426,21972,21982,10
13.0955400467,80.2219619751,21982,21992,10
13.0953598022,80.2224578857,21992,22002,10
13.095290184,80.2226104736,22002,22012,10
13.0951099396,80.2230606079,22012,22023,11
13.0945796967,80.2238922119,22023,22033,10
13.0939598083,80.2247390747,22033,22043,10
13.0937099457,80.2250289917,22043,22053,10
13.0934095383,80.2253494263,22053,22063,10
13.09278965,80.2259979248,22063,22073,10
13.0919799805,80.2267990112,22073,22083,10
13.0912904739,80.2275619507,22083,22093,10
13.0912303925,80.2276306152,22093,22103,10
13.0909996033,80.2278823853,22103,22113,10
13.0905599594,80.2283401489,22113,22123,10
13.0898799896,80.2290802002,22123,22134,11
13.0893001556,80.2299423218,22134,22144,10
13.0891599655,80.23021698,22144,22154,10
13.0889596939,80.2306594849,22154,22164,10
13.0888395309,80.2309036255,22164,22174,10
13.0887498856,80.2310409546,22174,22184,10
13.0885095596,80.2316665649,22184,22194,10
13.0882396698,80.2326278687,22194,22204,10
13.0880298615,80.2337875366,22204,22214,10
13.0877199173,80.2344970703,22214,22224,10
13.0868902206,80.2345275879,22224,22234,10
13.0860795975,80.2344284058,22234,22245,11
13.085940361,80.2343978882,22245,22255,10
13.0853796005,80.2342681885,22255,22265,10
13.0846004486,80.2340621948,22265,22275,10
13.0837898254,80.2339019775,22275,22285,10
13.0832195282,80.2338104248,22285,22295,10
13.0825099945,80.2336425781,22295,22305,10
13.0823802948,80.2336196899,22305,22315,10
13.0821695328,80.2335891724,22315,22325,10
13.0815095901,80.2335205078,22325,22335,10
13.0806303024,80.2335281372,22335,22345,10
13.07970047,80.2335205078,22345,22356,11
13.0794897079,80.2335205078,22356,22366,10
13.0790195465,80.233543396,22366,22376,10
13.0782403946,80.2335586548,22376,22386,10
13.0774202347,80.2336273193,22386,22396,10
13.0767602921,80.2337036133,22396,22406,10
13.0759401321,80.2339172363,22406,22416,10
13.075920105,80.2343521118,22416,22426,10
13.076089859,80.2350997925,22426,22436,10
13.0762901306,80.2361679077,22436,22446,10
13.0764598846,80.2370986938,22446,22456,10
13.0764904022,80.2372817993,22456,22467,11
13.0764703751,80.2373733521,22467,22477,10
13.0765695572,80.2378387451,22477,22487,10
13.0767402649,80.2387008667,22487,22497,10
13.0769996643,80.2397079468,22497,22507,10
13.077170372,80.2404632568,22507,22517,10
13.0771398544,80.2406616211,22517,22527,10
13.0767698288,80.2406311035,22527,22537,10
13.0760002136,80.2405090332,22537,22547,10
13.075050354,80.2405166626,22547,22557,10
13.0739898682,80.2405471802,22557,22567,10
13.0728998184,80.240852356,22567,22578,11
13.0717096329,80.2415313721,22578,22588,10
13.0705604553,80.2419662476,22588,22598,10
13.070019722,80.2421188354,22598,22608,10
13.0700101852,80.2421188354,22608,22618,10
13.0696697235,80.2422027588,22618,22628,10
13.0692396164,80.2423629761,22628,22638,10
13.0686302185,80.2425689697,22638,22648,10
13.0677404404,80.2428207397,22648,22658,10
13.0667104721,80.243270874,22658,22674,16
13.0661897659,80.2446365356,22674,22687,13
13.066570282,80.2459716797,22687,22697,10
13.0678701401,80.2466125488,22697,22717,20
13.0678701401,80.2466125488,22717,22727,10
13.0679302216,80.2469177246,22727,22737,10
13.067899704,80.2477264404,22737,22747,10
13.0674800873,80.2479400635,22747,22757,10
13.0662899017,80.2478408813,22757,22767,10
13.0651102066,80.247756958,22767,22777,10
13.0639200211,80.2476730347,22777,22787,10
13.062959671,80.2475967407,22787,22798,11
13.0619001389,80.2475662231,22798,22808,10
13.0613803864,80.2469329834,22808,22818,10
13.0618095398,80.2463607788,22818,22827,9
13.0619897842,80.2454299927,22827,22837,10
13.0627803802,80.2447433472,22837,22848,11
13.0631999969,80.2442474365,22848,22858,10
13.0633096695,80.2440872192,22858,22868,10
13.0634098053,80.243560791,22868,22878,10
13.0627202988,80.2433929443,22878,22888,10
13.0619001389,80.2432327271,22888,22898,10
13.0612802505,80.2431182861,22898,22908,10
13.0605201721,80.2428970337,22908,22919,11
13.0595397949,80.2425384521,22919,22929,10
13.0587902069,80.2425918579,22929,22939,10
13.0586795807,80.2425994873,22939,22949,10
13.0581903458,80.2426834106,22949,22959,10
13.057390213,80.2427825928,22959,22969,10
13.0566997528,80.2426605225,22969,22979,10
13.0559597015,80.2423324585,22979,22989,10
13.0548601151,80.2423706055,22989,22999,10
13.0539703369,80.2423019409,22999,23009,10
13.0536804199,80.2421875,23009,23020,11
13.0532398224,80.2419586182,23020,23030,10
13.0527200699,80.2417984009,23030,23060,30
13.0527200699,80.2417984009,23060,23070,10
13.0526599884,80.2417678833,23070,23080,10
13.0523395538,80.2414169312,23080,23090,10
13.0520601273,80.2409362793,23090,23100,10
13.0517501831,80.2407226563,23100,23110,10
13.0512504578,80.2406311035,23110,23120,10
13.0508203506,80.2405319214,23120,23130,10
13.0506601334,80.2404937744,23130,23141,11
13.0500402451,80.2403564453,23141,23151,10
13.0491600037,80.2401580811,23151,23161,10
13.048119545,80.2399520874,23161,23171,10
13.0471000671,80.2397232056,23171,23181,10
13.0462503433,80.2395324707,23181,23191,10
13.0462999344,80.2391433716,23191,23201,10
13.0464200974,80.2384109497,23201,23211,10
13.0466403961,80.2373504639,23211,23221,10
13.0468797684,80.236366272,23221,23231,10
13.0469703674,80.236000061,23231,23242,11
13.0470600128,80.2356872559,23242,23252,10
13.0471000671,80.2353515625,23252,23262,10
13.0471696854,80.2346496582,23262,23272,10
13.0472402573,80.2338485718,23272,23282,10
13.0473604202,80.2332763672,23282,23292,10
13.047249794,80.233039856,23292,23302,10
13.0469799042,80.2330093384,23302,23312,10
13.0462398529,80.2328720093,23312,23322,10
13.0453300476,80.2326965332,23322,23332,10
13.0451602936,80.2326583862,23332,23342,10
13.0448503494,80.2325668335,23342,23353,11
13.0439996719,80.232421875,23353,23363,10
13.0430698395,80.2323074341,23363,23373,10
13.0421600342,80.2322998047,23373,23383,10
13.0410995483,80.2320785522,23383,23393,10
13.0401201248,80.2317504883,23393,23402,9
13.0389604568,80.2314376831,23402,23413,11
13.0378398895,80.2311019897,23413,23422,9
13.0369701385,80.2308425903,23422,23433,11
13.0365800858,80.2307128906,23433,23442,9
13.0359802246,80.2305221558,23442,23453,11
13.0352802277,80.2303466797,23453,23464,11
13.0352296829,80.2303237915,23464,23474,10
13.0348997116,80.2302703857,23474,23484,10
13.0346603394,80.2302932739,23484,23494,10
13.0343999863,80.2303466797,23494,23504,10
13.0340204239,80.2304229736,23504,23514,10
13.0336303711,80.2304382324,23514,23524,10
13.033539772,80.2304534912,23524,23534,10
13.0331401825,80.2304611206,23534,23544,10
13.0323696136,80.2305374146,23544,23554,10
13.0315103531,80.2306213379,23554,23564,10
13.0309095383,80.2306671143,23564,23581,17
13.0304403305,80.2307281494,23581,23593,12
13.029800415,80.230796814,23593,23603,10
13.0297603607,80.2308120728,23603,23612,9
13.0295495987,80.2308425903,23612,23622,10
13.0291795731,80.2308578491,23622,23633,11
13.0284204483,80.2309265137,23633,23643,10
13.0277795792,80.2310409546,23643,23653,10
13.0277299881,80.2314605713,23653,23663,10
13.0278100967,80.2322235107,23663,23673,10
13.0278396606,80.2328186035,23673,23684,11
13.027179718,80.2329177856,23684,23694,10
13.0267801285,80.2329711914,23694,23754,60
13.0267801285,80.2329711914,23754,23764,10
13.0266504288,80.2329864502,23764,23774,10
13.0263395309,80.2328186035,23774,23784,10
13.0261297226,80.2321090698,23784,23795,11
13.0259199142,80.2312316895,23795,23805,10
13.0255298615,80.2302322388,23805,23815,10
13.0248403549,80.2292785645,23815,23825,10
13.0241298676,80.2284164429,23825,23835,10
13.0239601135,80.2282333374,23835,23845,10
13.0238599777,80.2280502319,23845,23855,10
13.0234603882,80.2276535034,23855,23865,10
13.0229301453,80.2270965576,23865,23875,10
13.0222101212,80.2264480591,23875,23885,10
13.0214099884,80.2258300781,23885,23895,10
13.0204696655,80.225151062,23895,23906,11
13.0194702148,80.2245407104,23906,23916,10
13.0183401108,80.2246398926,23916,23926,10
13.0172300339,80.2250976563,23926,23936,10
13.0161800385,80.2255172729,23936,23946,10
13.0151996613,80.2258911133,23946,23956,10
13.0143699646,80.2262420654,23956,23967,11
13.0142297745,80.2263031006,23967,23977,10
13.014169693,80.2263183594,23977,23987,10
13.013710022,80.2265014648,23987,23997,10
13.012960434,80.2267913818,23997,24008,11
13.0118503571,80.2272033691,24008,24018,10
13.0107698441,80.2276382446,24018,24028,10
13.0096998215,80.2280807495,24028,24038,10
13.0090799332,80.2289581299,24038,24048,10
13.0088996887,80.229927063,24048,24058,10
13.0086898804,80.2310409546,24058,24068,10
13.0084600449,80.232208252,24068,24078,10
13.0082902908,80.2333602905,24078,24088,10
13.0082101822,80.2337188721,24088,24098,10
13.0081996918,80.2337265015,24098,24108,10
13.0080900192,80.2340927124,24108,24119,11
13.0079298019,80.2348937988,24119,24129,10
13.0077199936,80.2359466553,24129,24139,10
13.0074796677,80.237159729,24139,24149,10
13.0072402954,80.2384185791,24149,24159,10
13.0068998337,80.2401199341,24159,24209,50
13.0068998337,80.2401199341,24209,24219,10
13.0068397522,80.2402267456,24219,24229,10
13.0068101883,80.2406082153,24229,24240,11
13.0068101883,80.2407608032,24240,24250,10
13.0067796707,80.2410964966,24250,24260,10
13.0067396164,80.2417602539,24260,24270,10
13.0067100525,80.2426376343,24270,24280,10
13.0066699982,80.2434463501,24280,24290,10
13.0066404343,80.2443618774,24290,24300,10
13.0066299438,80.245262146,24300,24310,10
13.0066900253,80.2461166382,24310,24320,10
13.0066995621,80.2464065552,24320,24330,10
13.0067100525,80.2466888428,24330,24341,11
13.0067396164,80.2472915649,24341,24351,10
13.0067396164,80.248046875,24351,24361,10
13.0068702698,80.2494506836,24361,24381,20
13.0068702698,80.2494506836,24381,24391,10
13.0068998337,80.2495422363,24391,24401,10
13.0068998337,80.2500762939,24401,24411,10
13.0068798065,80.2509078979,24411,24421,10
13.0067396164,80.2519302368,24421,24431,10
13.0066099167,80.2530822754,24431,24441,10
13.0066099167,80.2542572021,24441,24451,10
13.0066204071,80.2551193237,24451,24462,11
13.0066204071,80.2551422119,24462,24472,10
13.0066204071,80.2553100586,24472,24482,10
13.0066204071,80.2559204102,24482,24492,10
13.0065898895,80.2567825317,24492,24502,10
13.0066604614,80.2572021484,24502,24542,40
13.0066604614,80.2572021484,24542,24552,10
13.0067195892,80.2574005127,24552,24562,10
13.0064001083,80.2576370239,24562,24573,11
13.005610466,80.2573928833,24573,24583,10
13.0046796799,80.2571868896,24583,24593,10
13.0037498474,80.2569732666,24593,24603,10
13.002869606,80.2567901611,24603,24619,16
13.001540184,80.2565765381,24619,24631,12
13.0001401901,80.2563705444,24631,24649,18
13.0001401901,80.2563705444,24649,24660,11
12.9999198914,80.2563400269,24660,24671,11
12.9991703033,80.2561569214,24671,24682,11
12.9981403351,80.2560119629,24682,24694,12
12.9975099564,80.2559280396,24694,24704,10
12.9970798492,80.2559432983,24704,24714,10
12.9969100952,80.2563705444,24714,24724,10
12.9968595505,80.2570266724,24724,24733,9
12.9968595505,80.2571105957,24733,24744,11
12.9968395233,80.2574615479,24744,24754,10
12.9967298508,80.2583236694,24754,24764,10
12.9965896606,80.2594223022,24764,24774,10
12.9964599609,80.260597229,24774,24785,11
12.9963598251,80.2616577148,24785,24795,10
12.9962902069,80.2622909546,24795,24805,10
12.9962501526,80.2624435425,24805,24815,10
12.9961795807,80.262802124,24815,24825,10
12.9961500168,80.2632980347,24825,24835,10
12.9960899353,80.2640228271,24835,24845,10
12.9959602356,80.2650604248,24845,24855,10
12.9958400726,80.2662582397,24855,24865,10
12.9957399368,80.2673187256,24865,24875,10
12.9959697723,80.2676925659,24875,24885,10
12.9960899353,80.2677078247,24885,24895,10
12.9966001511,80.2677764893,24895,24906,11
12.9975595474,80.2675704956,24906,24916,10
12.9986600876,80.267250061,24916,24926,10
12.9996099472,80.2669677734,24926,24936,10
13.0000696182,80.2667236328,24936,24946,10
13.0000801086,80.2667236328,24946,24956,10
13.0001802444,80.2664031982,24956,24966,10
13.0002498627,80.2658004761,24966,24976,10
13.0003404617,80.2657165527,24976,24986,10
13.0003900528,80.2659225464,24986,26026,1040
13.0003700256,80.2661209106,26026,26046,20
13.0003700256,80.2661209106,26046,26056,10
13.0003499985,80.2661819458,26056,26066,10
13.0003404617,80.2662734985,26066,26076,10
13.0003499985,80.266418457,26076,26086,10
13.0002498627,80.2667388916,26086,26096,10
13.000120163,80.2668609619,26096,26106,10
12.9996595383,80.266960144,26106,26117,11
12.9988498688,80.2672195435,26117,26127,10
12.9979496002,80.2674636841,26127,26137,10
12.9971199036,80.2676925659,26137,26147,10
12.9962797165,80.2677307129,26147,26157,10
12.9958000183,80.2676925659,26157,26167,10
12.9957103729,80.2672195435,26167,26197,30
12.9957103729,80.2672195435,26197,26207,10
12.995759964,80.2668533325,26207,26217,10
12.9958496094,80.2660903931,26217,26227,10
12.9959602356,80.2650985718,26227,26238,11
12.9960803986,80.2640304565,26238,26248,10
12.9961500168,80.2634429932,26248,26258,10
12.9962100983,80.2627410889,26258,26278,20
12.9962100983,80.2627410889,26278,26288,10
12.9962596893,80.2625427246,26288,26298,10
12.9962797165,80.2621917725,26298,26308,10
12.9962997437,80.26197052,26308,26318,10
12.9963798523,80.261428833,26318,26328,10
12.9964599609,80.2605514526,26328,26339,11
12.9965496063,80.2595901489,26339,26349,10
12.9966402054,80.2587585449,26349,26359,10
12.996720314,80.2578887939,26359,26369,10
12.9968299866,80.2569503784,26369,26379,10
12.9969100952,80.2560272217,26379,26409,30
12.9969100952,80.2560272217,26409,26419,10
12.9969301224,80.2559814453,26419,26429,10
12.997209549,80.2558135986,26429,26439,10
12.9977502823,80.2558670044,26439,26450,11
12.9982500076,80.2559432983,26450,26460,10
12.998840332,80.2560119629,26460,26480,20
12.998840332,80.2560119629,26480,26490,10
12.9991998672,80.2561035156,26490,26500,10
12.9996404648,80.256187439,26500,26510,10
13.0002403259,80.2563095093,26510,26520,10
13.0010900497,80.2564620972,26520,26530,10
13.0019102097,80.2565765381,26530,26540,10
13.0027599335,80.2567367554,26540,26549,9
13.003569603,80.2568969727,26549,26560,11
13.0045995712,80.2571029663,26560,26571,11
13.0055503845,80.2572631836,26571,26572,1
13.005610466,80.257270813,26572,26611,39
13.0064001083,80.2574234009,26611,26621,10
13.0066003799,80.2571792603,26621,26631,10
13.0065402985,80.2564926147,26631,26641,10
13.0065202713,80.2555084229,26641,26651,10
13.0065402985,80.2544784546,26651,26661,10
13.0065402985,80.2533035278,26661,26709,48
13.0065402985,80.2533035278,26709,26719,10
13.0065402985,80.2530593872,26719,26729,10
13.0065603256,80.2528305054,26729,26739,10
13.0066099167,80.2523269653,26739,26769,30
13.0066099167,80.2523269653,26769,26779,10
13.0066404343,80.2521820068,26779,26790,11
13.0067195892,80.2517700195,26790,26800,10
13.0067996979,80.2510986328,26800,26810,10
13.0067996979,80.250213623,26810,26820,10
13.0067796707,80.2495880127,26820,26830,10
13.0067996979,80.2493515015,26830,26840,10
13.0067195892,80.2485580444,26840,26860,20
13.0067195892,80.2485580444,26860,26870,10
13.0067195892,80.2483978271,26870,26880,10
13.0066795349,80.2479324341,26880,26890,10
13.006649971,80.2472686768,26890,26901,11
13.0066099167,80.2467422485,26901,26911,10
13.0065898895,80.2464828491,26911,26921,10
13.0066404343,80.246383667,26921,26931,10
13.0066404343,80.2457962036,26931,26941,10
13.0066404343,80.2448806763,26941,26951,10
13.0066299438,80.2437591553,26951,26964,13
13.0065698624,80.2422790527,26964,26974,10
13.0065498352,80.2417678833,26974,26984,10
13.0065698624,80.2415008545,26984,26995,11
13.006649971,80.2407608032,26995,27005,10
13.006819725,80.239982605,27005,27016,11
13.0070199966,80.238899231,27016,27026,10
13.0072002411,80.2379379272,27026,27036,10
13.007349968,80.2373199463,27036,27046,10
13.0073900223,80.2368621826,27046,27056,10
13.0074100494,80.2367706299,27056,27066,10
13.0075597763,80.2362823486,27066,27076,10
13.0077295303,80.235496521,27076,27086,10
13.0078802109,80.2348022461,27086,27096,10
13.0080604553,80.2338790894,27096,27106,10
13.0082702637,80.2328109741,27106,27117,11
13.0085296631,80.2314834595,27117,27127,10
13.0087499619,80.2303009033,27127,27137,10
13.0089797974,80.2291412354,27137,27147,10
13.0092697144,80.2279815674,27147,27157,10
13.009759903,80.2268981934,27157,27167,10
13.0102396011,80.2259521484,27167,27177,10
13.0106601715,80.225112915,27177,27187,10
13.0110301971,80.2242279053,27187,27197,10
13.0111999512,80.2238464355,27197,27207,10
13.0113601685,80.2233963013,27207,27217,10
13.0116195679,80.2227401733,27217,27227,10
13.0119400024,80.221862793,27227,27238,11
13.0123500824,80.2214508057,27238,27248,10
13.0126304626,80.2218399048,27248,27258,10
13.0131101608,80.2224502563,27258,27268,10
13.0138196945,80.2232208252,27268,27278,10
13.0143604279,80.2237091064,27278,27288,10
13.0148801804,80.2243881226,27288,27298,10
13.0154600143,80.2249603271,27298,27314,16
13.0155801773,80.2249984741,27314,27326,12
13.0161399841,80.2253494263,27326,27335,9
13.0169296265,80.2251815796,27335,27347,12
13.0182304382,80.2247009277,27347,27357,10
13.0193595886,80.2244415283,27357,27367,10
13.0203399658,80.2249984741,27367,27377,10
13.0213003159,80.2256774902,27377,27386,9
13.0219602585,80.2261428833,27386,27398,12
13.0220298767,80.2261962891,27398,27408,10
13.022190094,80.2263565063,27408,27418,10
13.0225095749,80.2266464233,27418,27429,11
13.0231103897,80.2271881104,27429,27439,10
13.0237798691,80.2278366089,27439,27449,10
13.0246801376,80.2289428711,27449,27470,21
13.0246801376,80.2289428711,27470,27480,10
13.0249204636,80.2292633057,27480,27490,10
13.0254001617,80.2298812866,27490,27500,10
13.0258798599,80.230758667,27500,27510,10
13.02602005,80.2311172485,27510,27520,10
13.0261602402,80.2313766479,27520,27530,10
13.0266895294,80.2312393188,27530,27540,10
13.0275402069,80.2310333252,27540,27550,10
13.0284795761,80.2309036255,27550,27566,16
13.0285797119,80.2308883667,27566,27579,13
13.0292797089,80.2308425903,27579,27589,10
13.0297803879,80.230796814,27589,27599,10
13.0305595398,80.2307434082,27599,27608,9
13.0312995911,80.230682373,27608,27619,11
13.0324401855,80.2305908203,27619,27629,10
13.0335597992,80.2304992676,27629,27637,8
13.0344696045,80.2304000854,27637,27669,32
13.0344696045,80.2304000854,27669,27680,11
13.0347003937,80.2304077148,27680,27690,10
13.0349597931,80.2304992676,27690,27699,9
13.0349798203,80.2305908203,27699,27710,11
13.0349397659,80.231010437,27710,27720,10
13.0348901749,80.2315292358,27720,27730,10
13.0347795486,80.2322692871,27730,27740,10
13.0347003937,80.233001709,27740,27750,10
13.0346097946,80.2335891724,27750,27760,10
13.0345201492,80.2344894409,27760,27770,10
13.0343999863,80.2354431152,27770,27780,10
13.0342702866,80.2365570068,27780,27791,11
13.0343704224,80.2373886108,27791,27801,10
13.0343904495,80.2374572754,27801,27811,10
13.0344696045,80.237701416,27811,27821,10
13.0347900391,80.2381820679,27821,27831,10
13.0352497101,80.2389297485,27831,27841,10
13.0358600616,80.2393875122,27841,27851,10
13.0368299484,80.2395019531,27851,27861,10
13.0376195908,80.2396087646,27861,27871,10
13.0389404297,80.2397689819,27871,27881,10
13.0396699905,80.2398376465,27881,27891,10
13.0402803421,80.2399597168,27891,27902,11
13.0406103134,80.2405014038,27902,27912,10
13.0409498215,80.240562439,27912,27922,10
13.0411300659,80.2406082153,27922,27932,10
13.0416402817,80.2406616211,27932,27942,10
13.0424699783,80.2407608032,27942,27952,10
13.0435400009,80.2409210205,27952,27962,10
13.0443000793,80.2408218384,27962,27972,10
13.0445299149,80.2406387329,27972,27982,10
13.0447397232,80.2404708862,27982,27992,10
13.0452899933,80.2401123047,27992,28002,10
13.0459003448,80.239692688,28002,28013,11
13.0463895798,80.2395782471,28013,28023,10
13.0465097427,80.239616394,28023,28033,10
13.0469703674,80.239730835,28033,28043,10
13.0475597382,80.2398529053,28043,28053,10
13.0483102798,80.240020752,28053,28062,9
13.0485496521,80.2400588989,28062,28073,11
13.0488796234,80.2401199341,28073,28082,9
13.0494403839,80.2402114868,28082,28093,11
13.0500602722,80.2403411865,28093,28103,10
13.0508298874,80.2405090332,28103,28113,10
13.0511903763,80.2405929565,28113,28124,11
13.0516195297,80.2406768799,28124,28134,10
13.0522699356,80.240852356,28134,28144,10
13.0525102615,80.2411499023,28144,28154,10
13.0525598526,80.2413406372,28154,28164,10
13.0526103973,80.2415008545,28164,28174,10
13.0528898239,80.2417678833,28174,28184,10
13.053560257,80.2420883179,28184,28194,10
13.0540895462,80.2422485352,28194,28204,10
13.0541000366,80.2422637939,28204,28214,10
13.0542697906,80.2423095703,28214,28224,10
13.0548601151,80.2423324585,28224,28235,11
13.0558395386,80.2423400879,28235,28245,10
13.05671978,80.2426376343,28245,28285,40
13.05671978,80.2426376343,28285,28295,10
13.057100296,80.2427902222,28295,28305,10
13.0577096939,80.2427978516,28305,28315,10
13.0578699112,80.2427902222,28315,28325,10
13.058380127,80.2426834106,28325,28335,10
13.0591201782,80.2425384521,28335,28346,11
13.059920311,80.2426681519,28346,28356,10
13.0607995987,80.2429733276,28356,28366,10
13.0615901947,80.2432022095,28366,28376,10
13.0622997284,80.2433166504,28376,28386,10
13.0625295639,80.2433700562,28386,28396,10
13.0628595352,80.2434387207,28396,28406,10
13.0635595322,80.243522644,28406,28416,10
13.0642299652,80.243560791,28416,28426,10
13.0649404526,80.2435302734,28426,28436,10
13.0656995773,80.2435379028,28436,28497,61
13.0656995773,80.2435379028,28497,28507,10
13.0659704208,80.2434616089,28507,28517,10
13.0664901733,80.243309021,28517,28533,16
13.0675296783,80.2428817749,28533,28545,12
13.0685195923,80.2425765991,28545,28553,8
13.0691795349,80.2423171997,28553,28565,12
13.0699501038,80.2421035767,28565,28576,11
13.0700502396,80.2420883179,28576,28586,10
13.0701599121,80.2420806885,28586,28593,7
13.0704698563,80.2420196533,28593,28606,13
13.0714502335,80.2417068481,28606,28616,10
13.0723695755,80.2411804199,28616,28626,10
13.0733003616,80.2407836914,28626,28636,10
13.0738401413,80.2406234741,28636,28646,10
13.0745601654,80.2405319214,28646,28656,10
13.0755996704,80.2405014038,28656,28666,10
13.0766096115,80.2405471802,28666,28677,11
13.0771903992,80.2404403687,28677,28700,23
13.0767498016,80.2387237549,28700,28712,12
13.0766401291,80.2382888794,28712,28722,10
13.0766000748,80.238067627,28722,28732,10
13.0765104294,80.237739563,28732,28742,10
13.076379776,80.2371826172,28742,28772,30
13.076379776,80.2371826172,28772,28782,10
13.0763597488,80.2367630005,28782,28793,11
13.0762300491,80.2359466553,28793,28803,10
13.0760002136,80.2349395752,28803,28813,10
13.0757799149,80.2341308594,28813,28873,60
13.0757799149,80.2341308594,28873,28883,10
13.075799942,80.2338867188,28883,28893,10
13.0761995316,80.2338027954,28893,28904,11
13.0768404007,80.2336807251,28904,28924,20
13.0768404007,80.2336807251,28924,28934,10
13.0772199631,80.2336502075,28934,28944,10
13.077750206,80.2335891724,28944,28954,10
13.0777997971,80.233581543,28954,28964,10
13.078379631,80.2335586548,28964,28974,10
13.0790395737,80.2335510254,28974,28984,10
13.0796403885,80.233543396,28984,28994,10
13.080329895,80.2335510254,28994,29015,21
13.080329895,80.2335510254,29015,29025,10
13.0808601379,80.2335968018,29025,29035,10
13.0816202164,80.2336273193,29035,29045,10
13.0819597244,80.2332763672,29045,29055,10
13.0821199417,80.2324981689,29055,29065,10
13.0824604034,80.2315216064,29065,29075,10
13.0828399658,80.2307128906,29075,29085,10
13.08314991,80.2308883667,29085,29095,10
13.0831804276,80.2316207886,29095,29105,10
13.0832796097,80.2326507568,29105,29115,10
13.0834903717,80.2336807251,29115,29126,11
13.0838403702,80.2339401245,29126,29142,16
13.08411026,80.2340011597,29142,29154,12
13.0845403671,80.2340927124,29154,29164,10
13.0849399567,80.2341766357,29164,29174,10
13.0855197906,80.2342987061,29174,29184,10
13.0860099792,80.2343978882,29184,29194,10
13.0863599777,80.2344894409,29194,29204,10
13.086979866,80.2345504761,29204,29214,10
13.0877895355,80.2344512939,29214,29224,10
13.0880002975,80.2338027954,29224,29236,12
13.0881204605,80.233001709,29236,29246,10
13.0883398056,80.2320632935,29246,29256,10
13.0886497498,80.2311477661,29256,29266,10
13.0889196396,80.2304763794,29266,29276,10
13.0889396667,80.2304534912,29276,29286,10
13.0889797211,80.2303466797,29286,29296,10
13.089220047,80.229888916,29296,29306,10
13.0896596909,80.2292175293,29306,29316,10
13.090379715,80.2284088135,29316,29326,10
13.0914497375,80.2272415161,29326,29347,21
13.0914497375,80.2272415161,29347,29357,10
13.0916795731,80.2270736694,29357,29367,10
13.0921497345,80.2265701294,29367,29377,10
13.0928001404,80.2259216309,29377,29387,10
13.0933198929,80.2253417969,29387,29397,10
13.0934200287,80.2252426147,29397,29413,16
13.0939998627,80.2245788574,29413,29425,12
13.0946598053,80.2236404419,29425,29433,8
13.0950498581,80.2229385376,29433,29445,12
13.0952501297,80.2224502563,29445,29456,11
13.0953197479,80.2222824097,29456,29466,10
13.0955095291,80.2218322754,29466,29475,9
13.0957202911,80.221206665,29475,29486,11
13.095990181,80.2204818726,29486,29495,9
13.096280098,80.2195510864,29495,29526,31
13.096280098,80.2195510864,29526,29536,10
13.0964002609,80.2192382813,29536,29546,10
13.0965795517,80.2188415527,29546,29556,10
13.0967798233,80.2181930542,29556,29566,10
13.0970497131,80.2174301147,29566,29577,11
13.0971899033,80.2169876099,29577,29587,10
13.0972499847,80.2168731689,29587,29597,10
13.0974597931,80.2163391113,29597,29607,10
13.0978002548,80.2155227661,29607,29617,10
13.0981702805,80.2146377563,29617,29627,10
13.0984601974,80.2140274048,29627,29728,101
13.0984601974,80.2140274048,29728,29738,10
13.0986099243,80.2139587402,29738,29748,10
13.0989599228,80.2141189575,29748,29758,10
13.0993499756,80.2142562866,29758,29768,10
13.0998897552,80.2144012451,29768,29778,10
13.1003503799,80.2145385742,29778,29809,31
13.1003503799,80.2145385742,29809,29819,10
13.1004800797,80.2146530151,29819,29829,10
13.1005296707,80.2149429321,29829,29839,10
13.1002101898,80.2156600952,29839,29849,10
13.1000204086,80.2160720825,29849,29859,10
13.0999803543,80.2157669067,29859,29869,10
13.1001501083,80.2153625488,29869,29879,10
13.1003198624,80.2149200439,29879,30999,1120
13.1003198624,80.2149200439,30999,31009,10
13.1002397537,80.2146072388,31009,31020,11
13.1000003815,80.2144393921,31020,31030,10
13.0999202728,80.2144165039,31030,31040,10
13.0996599197,80.2143478394,31040,31050,10
13.0991401672,80.2142181396,31050,31060,10
13.0985803604,80.2140274048,31060,31070,10
13.0983600616,80.2142868042,31070,31080,10
13.0981197357,80.2148590088,31080,31090,10
13.0978002548,80.2156066895,31090,31099,9
13.0974903107,80.2163696289,31099,31109,10
13.097319603,80.2168884277,31109,31120,11
13.0973100662,80.2168884277,31120,31131,11
13.0972204208,80.2171020508,31131,31141,10
13.0970201492,80.2176513672,31141,31151,10
13.0967597961,80.2183685303,31151,31161,10
13.0965003967,80.2192230225,31161,31171,10
13.0961799622,80.2200698853,31171,31181,10
13.0958795547,80.2209396362,31181,31191,10
13.0956001282,80.221786499,31191,31201,10
13.0953702927,80.2224807739,31201,31211,10
13.0953598022,80.2224807739,31211,31221,10
13.0952396393,80.2227935791,31221,31231,10
13.095000267,80.2232971191,31231,31241,10
13.0945501328,80.2239608765,31241,31252,11
13.0939702988,80.2247314453,31252,31268,16
13.0929803848,80.2257995605,31268,31280,12
13.0924301147,80.2263565063,31280,31290,10
13.0918998718,80.2268981934,31290,31300,10
13.0912599564,80.2275695801,31300,31330,30
13.0912599564,80.2275695801,31330,31340,10
13.090959549,80.227897644,31340,31350,10
13.0906295776,80.2282409668,31350,31360,10
13.0901603699,80.2287521362,31360,31371,11
13.0895395279,80.2294616699,31371,31380,9
13.089220047,80.2300796509,31380,31391,11
13.0891304016,80.2302474976,31391,31401,10
13.0888395309,80.2309036255,31401,31441,40
13.0888395309,80.2309036255,31441,31451,10
13.0886697769,80.2313079834,31451,31461,10
13.0885000229,80.2317504883,31461,31472,11
13.0882902145,80.2324829102,31472,31482,10
13.0881099701,80.2332382202,31482,31492,10
13.0879802704,80.2341003418,31492,31502,10
13.0871801376,80.2345962524,31502,31552,50
13.0871601105,80.2345733643,31552,31734,182
13.0871601105,80.2345733643,31734,31744,10
13.0868797302,80.2345733643,31744,31754,10
13.0867500305,80.2345733643,31754,31764,10
13.0863895416,80.2345123291,31764,31774,10
13.0858402252,80.2343978882,31774,31784,10
13.0852603912,80.2342224121,31784,31794,10
13.0851297379,80.234161377,31794,31805,11
13.0847702026,80.2341003418,31805,31815,10
13.0841798782,80.2339782715,31815,31825,10
13.0837802887,80.2339019775,31825,31835,10
13.0835895538,80.2338562012,31835,31845,10
13.0831003189,80.2337875366,31845,31855,10
13.0825901031,80.2336578369,31855,31865,10
13.0820798874,80.2336120605,31865,31875,10
13.0817203522,80.2335510254,31875,31916,41
13.0817203522,80.2335510254,31916,31926,10
13.0813703537,80.233543396,31926,31936,10
13.0808401108,80.233543396,31936,31945,9
13.0803203583,80.2335510254,31945,31956,11
13.0796298981,80.2335128784,31956,31966,10
13.0788898468,80.2335205078,31966,31976,10
13.0780601501,80.2335510254,31976,31986,10
13.077340126,80.2336273193,31986,31996,10
13.0766296387,80.2337493896,31996,32006,10
13.0761098862,80.23387146,32006,32037,31
13.0761098862,80.23387146,32037,32047,10
13.0758600235,80.2338027954,32047,32057,10
13.075920105,80.2341766357,32057,32067,10
13.0760402679,80.2348022461,32067,32077,10
13.0761604309,80.235496521,32077,32087,10
13.0762796402,80.236076355,32087,32097,10
13.0763597488,80.2366485596,32097,32107,10
13.0764799118,80.2370605469,32107,32148,41
13.0764799118,80.2370605469,32148,32158,10
13.0764904022,80.2371673584,32158,32168,10
13.0765399933,80.2373428345,32168,32178,10
13.0765895844,80.2374725342,32178,32188,10
13.0766601563,80.2378768921,32188,32198,10
13.0767602921,80.2385177612,32198,32208,10
13.0769500732,80.2392807007,32208,32218,10
13.0771102905,80.2398910522,32218,32228,10
13.0773000717,80.2407302856,32228,32238,10
13.0773897171,80.2414093018,32238,32248,10
13.077580452,80.242149353,32248,32259,11
13.0777397156,80.2431335449,32259,32269,10
13.0778303146,80.243927002,32269,32279,10
13.0778303146,80.2446365356,32279,32289,10
13.0778999329,80.2454605103,32289,32299,10
13.0779600143,80.2462615967,32299,32309,10
13.0781002045,80.2470321655,32309,32319,10
13.0782804489,80.2479324341,32319,32329,10
13.0784702301,80.2487030029,32329,32339,10
13.0786104202,80.2491989136,32339,32349,10
13.0787096024,80.2497634888,32349,32359,10
13.0787496567,80.2501373291,32359,32370,11
13.0786600113,80.2503585815,32370,32380,10
13.0785903931,80.2504501343,32380,32390,10
13.0784902573,80.250617981,32390,32400,10
13.0785198212,80.2508468628,32400,32420,20
13.0785198212,80.2508468628,32420,32430,10
13.0785398483,80.2509918213,32430,32440,10
13.0785903931,80.2512969971,32440,32491,51
13.0785903931,80.2512969971,32491,32501,10
13.0784597397,80.2516403198,32501,32511,10
13.07833004,80.2516174316,32511,32521,10
13.0779600143,80.251701355,32521,32531,10
13.0772600174,80.2518310547,32531,32541,10
13.0765399933,80.251991272,32541,32551,10
13.0757799149,80.2521209717,32551,32561,10
13.0751399994,80.252166748,32561,32571,10
13.074549675,80.2521896362,32571,32581,10
13.0740604401,80.2522506714,32581,32592,11
13.0735902786,80.2524108887,32592,32602,10
13.0729398727,80.2523574829,32602,32612,10
13.0725898743,80.2523269653,32612,32622,10
13.0722198486,80.2519836426,32622,32632,10
13.0721101761,80.2512512207,32632,32642,10
13.0718603134,80.2504806519,32642,32652,10
13.0716199875,80.2496414185,32652,32662,10
13.0714302063,80.2486114502,32662,32672,10
13.0710897446,80.2475204468,32672,32682,10
13.0706100464,80.2465362549,32682,32692,10
13.0701198578,80.2455062866,32692,32703,11
13.0696697235,80.2443313599,32703,32713,10
13.0693101883,80.2432632446,32713,32743,30
13.0693101883,80.2432632446,32743,32753,10
13.069270134,80.2432174683,32753,32763,10
13.0690498352,80.2425003052,32763,32783,20
13.0690498352,80.2425003052,32783,32793,10
13.0687999725,80.2424316406,32793,32803,10
13.068570137,80.2425003052,32803,32820,17
13.0676202774,80.2427978516,32820,32832,12
13.0667800903,80.2431564331,32832,32842,10
13.0663099289,80.2434005737,32842,32852,10
13.0661296844,80.2437133789,32852,32860,8
13.066160202,80.2439575195,32860,32872,12
13.0662202835,80.2443618774,32872,32881,9
13.0662403107,80.2445831299,32881,32892,11
13.0663003922,80.2449798584,32892,32902,10
13.0663204193,80.2452774048,32902,32912,10
13.066450119,80.2457809448,32912,32923,11
13.0671195984,80.2461624146,32923,32933,10
13.0678596497,80.2465820313,32933,32953,20
13.0678596497,80.2465820313,32953,32963,10
13.0678796768,80.2466583252,32963,32973,10
13.067899704,80.2471008301,32973,32983,10
13.0679302216,80.2477035522,32983,32993,10
13.0675201416,80.2478866577,32993,33003,10
13.0667200089,80.2478485107,33003,33013,10
13.0660896301,80.2478027344,33013,33023,10
13.065290451,80.2477264404,33023,33033,10
13.0643100739,80.2476577759,33033,33050,17
13.0628004074,80.2475967407,33050,33062,12
13.0617799759,80.247467041,33062,33072,10
13.0614204407,80.2471008301,33072,33082,10
13.0617103577,80.2466278076,33082,33092,10
13.0619401932,80.2459335327,33092,33102,10
13.0622301102,80.2451171875,33102,33112,10
13.0631999969,80.2442398071,33112,33142,30
13.0631999969,80.2442398071,33142,33153,11
13.0633096695,80.2441101074,33153,33163,10
13.0634698868,80.2437286377,33163,33173,10
13.0631799698,80.2434310913,33173,33183,10
13.0625600815,80.2433013916,33183,33193,10
13.0617799759,80.2431564331,33193,33203,10
13.0608701706,80.2429733276,33203,33243,40
13.0608701706,80.2429733276,33243,33253,10
13.0607595444,80.2429275513,33253,33264,11
13.0603704453,80.2427825928,33264,33274,10
13.059800148,80.2425918579,33274,33284,10
13.0593204498,80.2424926758,33284,33294,10
13.0586996078,80.2425918579,33294,33314,20
13.0586996078,80.2425918579,33314,33324,10
13.0584497452,80.2426528931,33324,33334,10
13.0579395294,80.2427597046,33334,33344,10
13.0572395325,80.2428207397,33344,33354,10
13.0564699173,80.2425994873,33354,33364,10
13.0559301376,80.2422866821,33364,33375,11
13.0551996231,80.2422485352,33375,33384,9
13.0546598434,80.2423477173,33384,33394,10
13.0543003082,80.2423400879,33394,33405,11
13.0542001724,80.2423324585,33405,33415,10
13.0536804199,80.2421722412,33415,33455,40
13.0536804199,80.2421722412,33455,33465,10
13.0534095764,80.2419967651,33465,33475,10
13.0529098511,80.2417984009,33475,33486,11
13.0523500443,80.2413787842,33486,33496,10
13.0520801544,80.2409210205,33496,33506,10
13.0517396927,80.2406768799,33506,33516,10
13.0515003204,80.2406234741,33516,33526,10
13.0512599945,80.2405776978,33526,33536,10
13.0509195328,80.2405166626,33536,33556,20
13.0509195328,80.2405166626,33556,33566,10
13.0505599976,80.2404174805,33566,33576,10
13.0499897003,80.2403182983,33576,33586,10
13.0494804382,80.240196228,33586,33597,11
13.048789978,80.2400970459,33597,33607,10
13.0480604172,80.2399368286,33607,33617,10
13.0472602844,80.2397689819,33617,33627,10
13.0464200974,80.2395935059,33627,33637,10
13.0462999344,80.2392578125,33637,33647,10
13.0464401245,80.2386627197,33647,33657,10
13.0465497971,80.2381286621,33657,33667,10
13.0466299057,80.2378005981,33667,33677,10
13.0467300415,80.237197876,33677,33687,10
13.0468902588,80.2363891602,33687,33697,10
13.0469799042,80.2359619141,33697,33707,10
13.0470600128,80.2356185913,33707,33718,11
13.0471000671,80.2351608276,33718,33728,10
13.0471897125,80.2344436646,33728,33738,10
13.0473003387,80.2335205078,33738,33748,10
13.0471696854,80.233001709,33748,33758,10
13.046500206,80.2328872681,33758,33768,10
13.0451602936,80.2326507568,33768,33798,30
13.0451602936,80.2326507568,33798,33808,10
13.0450201035,80.2325820923,33808,33819,11
13.0445098877,80.2324829102,33819,33829,10
13.0437202454,80.2323303223,33829,33839,10
13.0430603027,80.2322921753,33839,33849,10
13.0425100327,80.2322921753,33849,33859,10
13.0418796539,80.2322387695,33859,33869,10
13.0410995483,80.2320632935,33869,33879,10
13.040189743,80.2317123413,33879,33889,10
13.0391902924,80.2314834595,33889,33899,10
13.0383996964,80.2312469482,33899,33909,10
13.0375204086,80.2309417725,33909,33919,10
13.036860466,80.230758667,33919,33929,10
13.03647995,80.2305984497,33929,33940,11
13.03565979,80.2304000854,33940,33950,10
13.0352201462,80.2303314209,33950,34040,90
13.0352201462,80.2303314209,34040,34051,11
13.034819603,80.2302627563,34051,34061,10
13.0342102051,80.2303695679,34061,34071,10
13.0334501266,80.2304611206,34071,34101,30
13.0334501266,80.2304611206,34101,34111,10
13.0333595276,80.2304763794,34111,34121,10
13.0328702927,80.2304916382,34121,34131,10
13.0321903229,80.2305603027,34131,34141,10
13.0313997269,80.2306213379,34141,34151,10
13.0310297012,80.2306594849,34151,34162,11
13.0308504105,80.230682373,34162,34172,10
13.0306301117,80.2306976318,34172,34182,10
13.0299396515,80.2307815552,34182,34212,30
13.0299396515,80.2307815552,34212,34222,10
13.0297403336,80.2308425903,34222,34232,10
13.0297203064,80.2308425903,34232,34242,10
13.029589653,80.2308578491,34242,34252,10
13.0291700363,80.2308807373,34252,34262,10
13.0285196304,80.2309265137,34262,34273,11
13.0278196335,80.2309875488,34273,34283,10
13.0277204514,80.2312774658,34283,34293,10
13.0277500153,80.2318267822,34293,34303,10
13.0278701782,80.2325515747,34303,34313,10
13.0275802612,80.2327804565,34313,34323,10
13.0270595551,80.2328567505,34323,34363,40
13.0270595551,80.2328567505,34363,34373,10
13.0269298553,80.2329406738,34373,34384,11
13.0266199112,80.2329483032,34384,34394,10
13.0263595581,80.2325820923,34394,34404,10
13.0261697769,80.231918335,34404,34414,10
13.0260095596,80.231262207,34414,34424,10
13.0257101059,80.2304763794,34424,34434,10
13.025179863,80.2296981812,34434,34474,40
13.025179863,80.2296981812,34474,34484,10
13.0250997543,80.2295913696,34484,34495,11
13.0246400833,80.229019165,34495,34515,20
13.0246400833,80.229019165,34515,34525,10
13.0245599747,80.2289199829,34525,34535,10
13.0243797302,80.2286987305,34535,34545,10
13.0240602493,80.2283096313,34545,34585,40
13.0240602493,80.2283096313,34585,34595,10
13.0238800049,80.2280426025,34595,34605,10
13.0235395432,80.2276916504,34605,34616,11
13.0230703354,80.2272186279,34616,34626,10
13.0225095749,80.2267227173,34626,34636,10
13.0218601227,80.2261734009,34636,34646,10
13.0212697983,80.2256774902,34646,34656,10
13.0205898285,80.2251968384,34656,34666,10
13.0198497772,80.2246780396,34666,34676,10
13.0188302994,80.2244796753,34676,34686,10
13.0177698135,80.224899292,34686,34696,10
13.0168399811,80.2252807617,34696,34706,10
13.0165395737,80.225402832,34706,34716,10
13.0163297653,80.2255020142,34716,34727,11
13.0158500671,80.2256622314,34727,34737,10
13.0151996613,80.2259216309,34737,34747,10
13.0144300461,80.2262420654,34747,34785,38
13.0144300461,80.2262420654,34785,34793,8
13.0141801834,80.2262878418,34793,34805,12
13.0135097504,80.2265472412,34805,34815,10
13.0127696991,80.2268295288,34815,34825,10
13.011879921,80.2271575928,34825,34836,11
13.0108203888,80.2275924683,34836,34846,10
13.0101699829,80.2278671265,34846,34856,10
13.0097198486,80.2280578613,34856,34866,10
13.0092000961,80.2284622192,34866,34876,10
13.0091400146,80.2288818359,34876,34886,10
13.0091295242,80.2289199829,34886,34896,10
13.0090904236,80.229309082,34896,34957,61
13.0090398788,80.2296829224,34957,35027,70
13.0090398788,80.2296829224,35027,35037,10
13.0089597702,80.2298965454,35037,35047,10
13.0088596344,80.2304382324,35047,35068,21
13.0088596344,80.2304382324,35068,35078,10
13.008769989,80.2309417725,35078,35088,10
13.0087099075,80.2312316895,35088,35098,10
13.008649826,80.2315292358,35098,35108,10
13.0085897446,80.2318496704,35108,35128,20
13.0085897446,80.2318496704,35128,35138,10
13.0085401535,80.2321166992,35138,35148,10
13.008480072,80.2324066162,35148,35169,21
13.008480072,80.2324066162,35169,35179,10
13.0083703995,80.2328872681,35179,35189,10
13.0082998276,80.2334976196,35189,35310,121
13.0082998276,80.2334976196,35310,35320,10
13.0081300735,80.2339782715,35320,35330,10
13.0080499649,80.2344589233,35330,35340,10
13.0079402924,80.2350463867,35340,35360,20
13.0079402924,80.2350463867,35360,35370,10
13.0078201294,80.2356719971,35370,35391,21
13.0078201294,80.2356719971,35391,35401,10
13.0077495575,80.236038208,35401,35411,10
13.0076904297,80.2362823486,35411,35421,10
13.007610321,80.2365875244,35421,35431,10
13.0075597763,80.2368392944,35431,35441,10
13.0074701309,80.2373504639,35441,35451,10
13.007349968,80.2381286621,35451,35481,30
13.007349968,80.2381286621,35481,35491,10
13.0072603226,80.2384796143,35491,35502,11
13.0071697235,80.2390136719,35502,35512,10
13.0069799423,80.239906311,35512,35522,10
13.0068397522,80.2408828735,35522,35552,30
13.0068397522,80.2408828735,35552,35562,10
13.0068397522,80.2409286499,35562,35572,10
13.0068101883,80.2412109375,35572,35582,10
13.0067901611,80.2418899536,35582,35592,10
13.0067501068,80.242729187,35592,35602,10
13.0067195892,80.2434463501,35602,35612,10
13.0067396164,80.2443466187,35612,35623,11
13.0067195892,80.2450866699,35623,35633,10
13.0067300797,80.2453765869,35633,35643,10
13.0067396164,80.2456512451,35643,35653,10
13.006770134,80.2459869385,35653,35663,10
13.0067796707,80.2464065552,35663,35673,10
13.0067996979,80.2471466064,35673,35683,10
13.0067901611,80.2480316162,35683,35693,10
13.0068502426,80.2490081787,35693,35703,10
13.0069198608,80.2496032715,35703,35734,31
13.0069198608,80.2496032715,35734,35744,10
13.006939888,80.2499237061,35744,35754,10
13.0068998337,80.2504577637,35754,35764,10
13.0068902969,80.2510299683,35764,35774,10
13.0067501068,80.2517776489,35774,35784,10
13.0066404343,80.2526626587,35784,35794,10
13.0066404343,80.2536468506,35794,35804,10
13.0066795349,80.254699707,35804,35834,30
13.0066795349,80.254699707,35834,35845,11
13.0066795349,80.2547836304,35845,35855,10
13.0066604614,80.2552032471,35855,35865,10
13.0066604614,80.2560501099,35865,35875,10
13.0066604614,80.2567672729,35875,35925,50
13.0066604614,80.2567672729,35925,35935,10
13.0067796707,80.2571487427,35935,35945,10
13.0067501068,80.2574768066,35945,35956,11
13.0061903,80.2574920654,35956,35966,10
13.0055599213,80.2573623657,35966,35976,10
13.0048999786,80.2572097778,35976,35986,10
13.0041904449,80.2570266724,35986,35996,10
13.0035896301,80.2569198608,35996,36006,10
13.002989769,80.2567901611,36006,36016,10
13.0022201538,80.256652832,36016,36026,10
13.0014801025,80.2565689087,36026,36087,61
13.0014801025,80.2565689087,36087,36097,10
13.001250267,80.2565383911,36097,36107,10
13.0007801056,80.2564620972,36107,36117,10
13.0000896454,80.256362915,36117,36137,20
13.0000896454,80.256362915,36137,36138,1
13.0000801086,80.2563400269,36138,36177,39
12.99903965,80.2561035156,36177,36188,11
12.998749733,80.2560501099,36188,36198,10
12.9985799789,80.2560272217,36198,36208,10
12.9982204437,80.2559661865,36208,36218,10
12.9975500107,80.2559204102,36218,36228,10
12.9969997406,80.2560119629,36228,36238,10
12.9968996048,80.256401062,36238,36248,10
12.9968795776,80.2566986084,36248,36273,25
12.9968795776,80.2566986084,36273,36283,10
12.9968996048,80.2570114136,36283,36293,10
12.9968299866,80.2575378418,36293,36304,11
12.996720314,80.2583465576,36304,36314,10
12.9966001511,80.259262085,36314,36324,10
12.9965696335,80.2595901489,36324,36333,9
12.9965295792,80.2600021362,36333,36344,11
12.9964504242,80.2608108521,36344,36354,10
12.9963598251,80.2615966797,36354,36363,9
12.9962596893,80.262336731,36363,36394,31
12.9962596893,80.262336731,36394,36404,10
12.9962396622,80.2625198364,36404,36415,11
12.9961700439,80.2630386353,36415,36425,10
12.9961204529,80.2636566162,36425,36435,10
12.9960298538,80.264503479,36435,36445,10
12.9959096909,80.265411377,36445,36455,10
12.9959001541,80.2655792236,36455,36465,10
12.9958696365,80.2658996582,36465,36475,10
12.9957895279,80.2665405273,36475,36485,10
12.9956998825,80.2674331665,36485,36495,10
12.9960603714,80.2676315308,36495,36505,10
12.9963598251,80.2677001953,36505,36526,21
12.9963598251,80.2677001953,36526,36536,10
12.9967699051,80.2677764893,36536,36546,10
12.9974899292,80.2676010132,36546,36562,16
12.9989795685,80.2671508789,36562,36574,12
13.0,80.2667617798,36574,36594,20
13.0,80.2667617798,36594,36604,10
13.0000495911,80.2667236328,36604,36614,10
13.0001802444,80.2664794922,36614,36624,10
13.0002098083,80.2661819458,36624,36635,11
13.0002403259,80.2657928467,36635,36645,10
13.0003595352,80.2657623291,36645,36655,10
13.0003795624,80.2660217285,36655,36846,191
13.0003795624,80.2660217285,36846,36857,11
13.0003404617,80.266242981,36857,36867,10
13.0003299713,80.2666931152,36867,36887,20
13.0003299713,80.2666931152,36887,36897,10
13.0001602173,80.2668533325,36897,36907,10
12.9998102188,80.2669525146,36907,36917,10
12.9992704391,80.2671203613,36917,36927,10
12.9987201691,80.2673034668,36927,36937,10
12.9982995987,80.2674102783,36937,36947,10
12.9981298447,80.2674179077,36947,36957,10
12.9976701736,80.2675476074,36957,36967,10
12.9969997406,80.267791748,36967,36978,11
12.9961795807,80.2677536011,36978,36988,10
12.9958000183,80.2676696777,36988,36998,10
12.9957399368,80.2671279907,36998,37018,20
12.9957399368,80.2671279907,37018,37028,10
12.9957304001,80.2670288086,37028,37038,10
12.995759964,80.2665100098,37038,37048,10
12.9958496094,80.2656402588,37048,37058,10
12.9959602356,80.2646789551,37058,37068,10
12.9960899353,80.263633728,37068,37079,11
12.9961595535,80.2629776001,37079,37089,10
12.9961900711,80.2626876831,37089,37099,10
12.9961795807,80.2626190186,37099,37109,10
12.996219635,80.2624588013,37109,37119,10
12.9962997437,80.2619476318,37119,37129,10
12.9963798523,80.2613677979,37129,37139,10
12.9964599609,80.2606277466,37139,37149,10
12.996509552,80.2600326538,37149,37159,10
12.9965295792,80.2596893311,37159,37169,10
12.9965295792,80.2595367432,37169,37179,10
12.9965896606,80.2590866089,37179,37189,10
12.9966402054,80.2585372925,37189,37200,11
12.9967498779,80.2577514648,37200,37210,10
12.9968204498,80.2569885254,37210,37220,10
12.9968595505,80.2562637329,37220,37240,20
12.9968595505,80.2562637329,37240,37250,10
12.9968204498,80.2560806274,37250,37260,10
12.9969997406,80.2557983398,37260,37270,10
12.9975299835,80.255821228,37270,37280,10
12.9981298447,80.255897522,37280,37290,10
12.9985704422,80.2559661865,37290,37311,21
12.9985704422,80.2559661865,37311,37321,10
12.9988002777,80.2560195923,37321,37331,10
12.9989299774,80.2560501099,37331,37341,10
12.9993495941,80.256111145,37341,37351,10
12.9999799728,80.2562332153,37351,37361,10
13.0009098053,80.2564315796,37361,37411,50
13.0009098053,80.2564315796,37411,37422,11
13.0009498596,80.256477356,37422,37432,10
13.0013399124,80.2565383911,37432,37442,10
13.0017995834,80.2566223145,37442,37452,10
13.0024499893,80.2567214966,37452,37462,10
13.003080368,80.2568206787,37462,37472,10
13.0038499832,80.2569503784,37472,37482,10
13.0044298172,80.2570571899,37482,37492,10
13.0049295425,80.2571563721,37492,37502,10
13.0051002502,80.2571716309,37502,37512,10
13.0052700043,80.2571868896,37512,37522,10
13.0054302216,80.257232666,37522,37533,11
13.005900383,80.2573623657,37533,37543,10
13.0062999725,80.2574081421,37543,37573,30
13.0062999725,80.2574081421,37573,37583,10
13.0065002441,80.2573776245,37583,37593,10
13.0065002441,80.2570037842,37593,37603,10
13.0064697266,80.2561264038,37603,37613,10
13.0064897537,80.2553405762,37613,37623,10
13.0065002441,80.2547225952,37623,37633,10
13.0065002441,80.2544631958,37633,37644,11
13.0065402985,80.2540664673,37644,37664,20
13.0065402985,80.2540664673,37664,37674,10
13.0065402985,80.2537689209,37674,37684,10
13.006529808,80.2536392212,37684,37694,10
13.0065402985,80.2535324097,37694,37704,10
13.0065402985,80.253288269,37704,37815,111
13.0065402985,80.253288269,37815,37825,10
13.006480217,80.2531814575,37825,37835,10
13.0064697266,80.2528610229,37835,37845,10
13.0064697266,80.252822876,37845,37855,10
13.0064601898,80.2526473999,37855,37865,10
13.0064897537,80.2523880005,37865,37876,11
13.0066003799,80.251953125,37876,37987,111
13.0066003799,80.251953125,37987,37997,10
13.0067100525,80.2518234253,37997,38007,10
13.0067396164,80.2512435913,38007,38017,10
13.0067396164,80.2507171631,38017,38027,10
13.0067501068,80.250541687,38027,38138,111
13.0067501068,80.250541687,38138,38148,10
13.0067796707,80.2502975464,38148,38158,10
13.0067501068,80.2497406006,38158,38168,10
13.0067195892,80.2493667603,38168,38178,10
13.0066995621,80.2489471436,38178,38188,10
13.0066604614,80.2485961914,38188,38198,10
13.0066404343,80.2484283447,38198,38209,11
13.006649971,80.2483215332,38209,38338,129
13.006649971,80.2483215332,38338,38348,10
13.0067396164,80.2480010986,38348,38358,10
13.0066900253,80.2477035522,38358,38368,10
13.0066795349,80.2471313477,38368,38378,10
13.0066299438,80.246421814,38378,38398,20
13.0066299438,80.246421814,38398,38408,10
13.0066604614,80.2463226318,38408,38418,10
13.0066099167,80.2461090088,38418,38428,10
13.0065898895,80.2458190918,38428,38439,11
13.0066099167,80.2455825806,38439,38449,10
13.0066003799,80.2453308105,38449,38459,10
13.0066003799,80.2451400757,38459,38469,10
13.0066003799,80.2449111938,38469,38479,10
13.0066099167,80.2446670532,38479,38489,10
13.0066204071,80.2443695068,38489,38499,10
13.0066204071,80.2440490723,38499,38509,10
13.0066099167,80.2437973022,38509,38519,10
13.0065898895,80.2434387207,38519,38529,10
13.0065603256,80.2430801392,38529,38540,11
13.0065402985,80.2425689697,38540,38550,10
13.0065202713,80.2423171997,38550,38560,10
13.0065202713,80.2420501709,38560,38570,10
13.0065402985,80.2417526245,38570,38580,10
13.0065402985,80.2416381836,38580,38590,10
13.0065698624,80.2412109375,38590,38600,10
13.0066299438,80.2407226563,38600,38772,172
13.0066299438,80.2407226563,38772,38782,10
13.0066900253,80.2405166626,38782,38792,10
13.0067396164,80.2402877808,38792,38802,10
13.0068798065,80.239692688,38802,38812,10
13.0070400238,80.2387771606,38812,38822,10
13.0072402954,80.2378082275,38822,38832,10
13.0074300766,80.236656189,38832,38852,20
13.0074300766,80.236656189,38852,38862,10
13.0074796677,80.2365722656,38862,38872,10
13.007610321,80.2361526489,38872,38883,11
13.0077600479,80.2353286743,38883,38893,10
13.0079402924,80.2343902588,38893,38903,10
13.0081596375,80.2332687378,38903,38913,10
13.0083799362,80.2321014404,38913,38923,10
13.0085697174,80.2310791016,38923,38933,10
13.0087604523,80.2300415039,38933,38943,10
13.0089797974,80.2290115356,38943,38953,10
13.0092401505,80.2280502319,38953,38963,10
13.00963974,80.2271728516,38963,38973,10
13.0100898743,80.2262268066,38973,38983,10
13.0103797913,80.2256774902,38983,38994,11
13.0104904175,80.2254486084,38994,39004,10
13.0106601715,80.2250671387,39004,39014,10
13.010840416,80.2246627808,39014,39024,10
13.0111398697,80.2239608765,39024,39034,10
13.0115003586,80.2230987549,39034,39044,10
13.011879921,80.222038269,39044,39054,10
13.0122804642,80.2214126587,39054,39064,10
13.0124702454,80.2216186523,39064,39074,10
13.0128602982,80.2221298218,39074,39084,10
13.0133600235,80.2227020264,39084,39094,10
13.0139703751,80.2233963013,39094,39104,10
13.0146303177,80.2242202759,39104,39115,11
13.0151700974,80.2247314453,39115,39125,10
13.0154895782,80.2250137329,39125,39153,28
13.0154895782,80.2250137329,39153,39163,10
13.0156602859,80.2251281738,39163,39171,8
13.0159502029,80.2253112793,39171,39183,12
13.0166196823,80.2252807617,39183,39193,10
13.0174198151,80.2249526978,39193,39203,10
13.0182504654,80.2246170044,39203,39213,10
13.0191202164,80.2243728638,39213,39226,13
13.0198297501,80.2246170044,39226,39236,10
13.0202703476,80.2249221802,39236,39245,9
13.0205802917,80.2251434326,39245,39256,11
13.0207996368,80.2253112793,39256,39266,10
13.0212202072,80.2256393433,39266,39276,10
13.0216302872,80.2259597778,39276,39286,10
13.0218601227,80.2260971069,39286,39306,20
13.0218601227,80.2260971069,39306,39316,10
13.0218801498,80.2261199951,39316,39326,10
13.0219802856,80.2261962891,39326,39337,11
13.0223398209,80.2264709473,39337,39347,10
13.0225496292,80.2266769409,39347,39357,10
13.0227203369,80.2268295288,39357,39367,10
13.0228796005,80.2270126343,39367,39377,10
13.0229797363,80.2271194458,39377,39387,10
13.0230798721,80.2272415161,39387,39448,61
13.0230798721,80.2272415161,39448,39458,10
13.023229599,80.2273635864,39458,39468,10
13.0232896805,80.2274093628,39468,39478,10
13.0233802795,80.2274780273,39478,39488,10
13.0236196518,80.2276687622,39488,39504,16
13.0240697861,80.2280578613,39504,39516,12
13.0242395401,80.228302002,39516,39524,8
13.024479866,80.2286300659,39524,39536,12
13.0248203278,80.2291412354,39536,39546,10
13.0251903534,80.229598999,39546,39557,11
13.0253696442,80.2298278809,39557,39567,10
13.0254402161,80.2299423218,39567,39577,10
13.0256004333,80.2301712036,39577,39587,10
13.0258197784,80.2305374146,39587,39596,9
13.0259199142,80.2308120728,39596,39607,11
13.0259599686,80.2309417725,39607,39617,10
13.0259895325,80.2311477661,39617,39627,10
13.026140213,80.2313537598,39627,39637,10
13.0266199112,80.2312164307,39637,39647,10
13.0274295807,80.2310180664,39647,39657,10
13.0279903412,80.2309494019,39657,39668,11
13.0285396576,80.2308807373,39668,39678,10
13.0286502838,80.2308731079,39678,39688,10
13.0290803909,80.2308502197,39688,39698,10
13.0292196274,80.2308502197,39698,39708,10
13.0296401978,80.230796814,39708,39718,10
13.0302200317,80.2307434082,39718,39728,10
13.0304899216,80.2307281494,39728,39738,10
13.0309400558,80.2306900024,39738,39748,10
13.0315799713,80.2306289673,39748,39758,10
13.032119751,80.2305908203,39758,39768,10
13.0330400467,80.2305221558,39768,39789,21
13.0330400467,80.2305221558,39789,39799,10
13.0330696106,80.2305603027,39799,39809,10
13.0333204269,80.2305221558,39809,39829,20
13.0333204269,80.2305221558,39829,39839,10
13.0334396362,80.2305221558,39839,39849,10
13.0338697433,80.2304916382,39849,39859,10
13.0341396332,80.2304534912,39859,39869,10
13.0344495773,80.2304000854,39869,39978,109
13.0344495773,80.2304000854,39978,39987,9
13.0347995758,80.2303237915,39987,39997,10
13.0348997116,80.23046875,39997,40009,12
13.0349397659,80.2307434082,40009,40019,10
13.034910202,80.2311782837,40019,40029,10
13.0347995758,80.2319030762,40029,40039,10
13.0346803665,80.2328033447,40039,40049,10
13.0345897675,80.2334594727,40049,40058,9
13.0345001221,80.2341079712,40058,40069,11
13.0344200134,80.2348175049,40069,40079,10
13.0343399048,80.2354736328,40079,40089,10
13.034239769,80.2363586426,40089,40099,10
13.0342102051,80.2371826172,40099,40130,31
13.0342102051,80.2371826172,40130,40140,10
13.0343198776,80.2374572754,40140,40150,10
13.0345697403,80.2378997803,40150,40160,10
13.0349197388,80.2384185791,40160,40170,10
13.0351600647,80.2388000488,40170,40180,10
13.0355396271,80.2393035889,40180,40190,10
13.0360097885,80.2393798828,40190,40200,10
13.0367298126,80.2394866943,40200,40210,10
13.0373897552,80.2395629883,40210,40220,10
13.0381202698,80.2396316528,40220,40231,11
13.0388202667,80.2397079468,40231,40241,10
13.0393600464,80.2397994995,40241,40251,10
13.0398101807,80.2398529053,40251,40261,10
13.0400495529,80.2398681641,40261,40271,10
13.0402898788,80.2399520874,40271,40281,10
13.0403404236,80.2403182983,40281,40291,10
13.0405797958,80.2405014038,40291,40301,10
13.0410404205,80.2405776978,40301,40311,10
13.0410604477,80.2405776978,40311,40321,10
13.0413198471,80.2406005859,40321,40331,10
13.0418796539,80.2406692505,40331,40341,10
13.0425195694,80.2407836914,40341,40352,11
13.0431003571,80.2408905029,40352,40362,10
13.043800354,80.2409820557,40362,40372,10
13.0441904068,80.2408370972,40372,40382,10
13.0445804596,80.240562439,40382,40398,16
13.0454597473,80.2399597168,40398,40410,12
13.0458602905,80.2396621704,40410,40418,8
13.0461997986,80.2395172119,40418,40440,22
13.0461997986,80.2395172119,40440,40450,10
13.0462999344,80.2395477295,40450,40460,10
13.0465803146,80.239616394,40460,40471,11
13.0467796326,80.2396697998,40471,40481,10
13.0473604202,80.2397689819,40481,40490,9
13.0481395721,80.2399368286,40490,40501,11
13.0491895676,80.2401428223,40501,40511,10
13.0498800278,80.2402801514,40511,40521,10
13.050450325,80.2403869629,40521,40531,10
13.0511903763,80.2405395508,40531,40541,10
13.0512800217,80.240562439,40541,40551,10
13.0515604019,80.2406311035,40551,40561,10
13.0521802902,80.240737915,40561,40572,11
13.0524702072,80.2409362793,40572,40582,10
13.0525398254,80.2412719727,40582,40608,26
13.0525398254,80.2412719727,40608,40620,12
13.0525999069,80.2414703369,40620,40630,10
13.0527000427,80.2416381836,40630,40640,10
13.0533800125,80.2419815063,40640,40650,10
13.0541200638,80.2422409058,40650,40660,10
13.0541496277,80.2422485352,40660,40670,10
13.0542201996,80.2422866821,40670,40680,10
13.0546197891,80.2423324585,40680,40691,11
13.0554800034,80.2422332764,40691,40701,10
13.0566101074,80.2425918579,40701,40741,40
13.0566101074,80.2425918579,40741,40751,10
13.05671978,80.2426071167,40751,40761,10
13.0570402145,80.242729187,40761,40771,10
13.0575895309,80.2427902222,40771,40781,10
13.0577201843,80.2427902222,40781,40791,10
13.0581197739,80.2426986694,40791,40802,11
13.0588502884,80.2425613403,40802,40812,10
13.0593299866,80.242477417,40812,40822,10
13.0600595474,80.242729187,40822,40832,10
13.0607795715,80.242980957,40832,40842,10
13.0611696243,80.2431030273,40842,40852,10
13.0614995956,80.2431564331,40852,40862,10
13.0625400543,80.2433166504,40862,40882,20
13.0625400543,80.2433166504,40882,40892,10
13.0628404617,80.2433776855,40892,40902,10
13.0633401871,80.2434768677,40902,40913,11
13.0641298294,80.2435302734,40913,40923,10
13.0649795532,80.2435302734,40923,40933,10
13.0656404495,80.2435531616,40933,41034,101
13.0656404495,80.2435531616,41034,41044,10
13.0657196045,80.2434234619,41044,41054,10
13.0668401718,80.2431182861,41054,41064,10
13.0668401718,80.2431182861,41064,41074,10
13.0676498413,80.2427825928,41074,41084,10
13.0686197281,80.2425231934,41084,41094,10
13.0694704056,80.2421875,41094,41104,10
13.0700101852,80.2420425415,41104,41114,10
13.0700397491,80.2420425415,41114,41125,11
13.0703201294,80.2420120239,41125,41139,14
13.0710496902,80.2417221069,41139,41149,10
13.0717697144,80.2414093018,41149,41159,10
13.0725402832,80.2409515381,41159,41169,10
13.0734300613,80.2406616211,41169,41179,10
13.0744695663,80.2404708862,41179,41189,10
13.0756101608,80.240447998,41189,41199,10
13.0766296387,80.2405319214,41199,41209,10
13.0771102905,80.2405014038,41209,41219,10
13.0771303177,80.2402191162,41219,41229,10
13.0770397186,80.2397918701,41229,41239,10
13.0768404007,80.2390365601,41239,41250,11
13.0766296387,80.2384033203,41250,41260,10
13.0765800476,80.2380828857,41260,41270,10
13.076499939,80.2377700806,41270,41280,10
13.0763998032,80.2373123169,41280,41290,10
13.0763998032,80.2372436523,41290,41300,10
13.076379776,80.2370605469,41300,41310,10
13.076259613,80.2365875244,41310,41320,10
13.0761995316,80.2359390259,41320,41330,10
13.0760803223,80.2353668213,41330,41340,10
13.0758800507,80.2345275879,41340,41350,10
13.075750351,80.2340621948,41350,41361,11
13.0759496689,80.233833313,41361,41371,10
13.0764598846,80.2337265015,41371,41381,10
13.0767498016,80.2336730957,41381,41391,10
13.0769796371,80.2336578369,41391,41401,10
13.077630043,80.2335586548,41401,41411,10
13.0784196854,80.2335281372,41411,41421,10
13.0790195465,80.2335128784,41421,41431,10
13.0796804428,80.2334823608,41431,41441,10
13.0802602768,80.2334671021,41441,41451,10
13.0809402466,80.2334671021,41451,41461,10
13.081580162,80.2334899902,41461,41472,11
13.0819396973,80.2332992554,41472,41482,10
13.0820503235,80.2326812744,41482,41492,10
13.0822401047,80.2321090698,41492,41502,10
13.0825099945,80.2313995361,41502,41512,10
13.0825595856,80.231300354,41512,41522,10
13.0827302933,80.2309265137,41522,41532,10
13.0829896927,80.2306900024,41532,41542,10
13.0831604004,80.2312393188,41542,41552,10
13.0832004547,80.2321777344,41552,41562,10
13.0833902359,80.2330322266,41562,41572,10
13.0835103989,80.2336578369,41572,41593,21
13.0835103989,80.2336578369,41593,41603,10
13.0835800171,80.2339172363,41603,41613,10
13.0840301514,80.2340011597,41613,41623,10
13.0841197968,80.2340011597,41623,41633,10
13.0843000412,80.234046936,41633,41643,10
13.0845804214,80.2341003418,41643,41653,10
13.084810257,80.2341537476,41653,41663,10
13.0852603912,80.2342376709,41663,41673,10
13.0859804153,80.2344207764,41673,41683,10
13.0865297318,80.2345199585,41683,41693,10
13.0871400833,80.2345581055,41693,41704,11
13.0879001617,80.2341918945,41704,41714,10
13.088060379,80.2332077026,41714,41724,10
13.0883197784,80.2320480347,41724,41734,10
13.0886802673,80.2309799194,41734,41744,10
13.0888900757,80.2304992676,41744,41754,10
13.0889396667,80.2304229736,41754,41764,10
13.0891799927,80.2299194336,41764,41774,10
13.0896596909,80.2291793823,41774,41784,10
13.0904302597,80.2283401489,41784,41794,10
13.0912103653,80.2275009155,41794,41804,10
13.0914201736,80.2272567749,41804,41815,11
13.091629982,80.2270584106,41815,41825,10
13.0921096802,80.2265625,41825,41835,10
13.0928001404,80.2258605957,41835,41845,10
13.0935096741,80.2251205444,41845,41855,10
13.094039917,80.2245101929,41855,41865,10
13.0946903229,80.2236480713,41865,41875,10
13.095199585,80.222618103,41875,41885,10
13.0952796936,80.2223815918,41885,41895,10
13.0954198837,80.2220306396,41895,41905,10
13.0956697464,80.2213134766,41905,41915,10
13.0960302353,80.2203216553,41915,41926,11
13.0962400436,80.2195968628,41926,41936,10
13.096280098,80.2195205688,41936,41946,10
13.0964403152,80.2191009521,41946,41956,10
13.0966396332,80.218536377,41956,41966,10
13.0969104767,80.2176971436,41966,41976,10
13.0971698761,80.2169494629,41976,41986,10
13.0972003937,80.2168807983,41986,41996,10
13.0974197388,80.2163772583,41996,42006,10
13.0977802277,80.2155609131,42006,42016,10
13.0981903076,80.2145996094,42016,42077,61
13.0981903076,80.2145996094,42077,42087,10
13.0982198715,80.2145233154,42087,42097,10
13.0984697342,80.2139968872,42097,42178,81
13.0984697342,80.2139968872,42178,42188,10
13.09856987,80.2139663696,42188,42198,10
13.0990400314,80.2141799927,42198,42208,10
13.0996303558,80.2143478394,42208,42218,10
13.1002197266,80.2145080566,42218,42228,10
13.1003799438,80.2145614624,42228,42238,10
13.1004104614,80.2145996094,42238,42248,10
13.100569725,80.2148132324,42248,42259,11
13.1002597809,80.2154998779,42259,42269,10
13.1000003815,80.2160720825,42269,42279,10
13.0998802185,80.2159805298,42279,42289,10
13.1000299454,80.2155685425,42289,42299,10
13.1002397537,80.21484375,42299,42612,313
13.1002397537,80.21484375,42612,42622,10
13.1000995636,80.2145309448,42622,42632,10
13.0997800827,80.2144088745,42632,42642,10
13.0992097855,80.2142791748,42642,42652,10
13.0985898972,80.2140579224,42652,42662,10
13.0983400345,80.2143630981,42662,42672,10
13.0980195999,80.215057373,42672,42682,10
13.0976400375,80.2159805298,42682,42692,10
13.0973300934,80.2167816162,42692,42702,10
13.0973300934,80.2167892456,42702,42713,11
13.0972499847,80.2169799805,42713,42723,10
13.0970897675,80.2173919678,42723,42733,10
13.0968399048,80.2181015015,42733,42743,10
13.0965795517,80.2189788818,42743,42753,10
13.096329689,80.219619751,42753,42763,10
13.0960302353,80.2204589844,42763,42773,10
13.0958595276,80.2209320068,42773,42783,10
13.095749855,80.2212371826,42783,42793,10
13.0955400467,80.2218780518,42793,42803,10
13.0952796936,80.2226104736,42803,42813,10
13.0948095322,80.2235107422,42813,42824,11
13.0941896439,80.2244491577,42824,42834,10
13.0936002731,80.2251205444,42834,42844,10
13.0928697586,80.2258987427,42844,42854,10
13.092499733,80.2262802124,42854,42864,10
13.0920000076,80.2267913818,42864,42874,10
13.0912504196,80.2276000977,42874,42894,20
13.0912504196,80.2276000977,42894,42904,10
13.0909204483,80.2279205322,42904,42914,10
13.0904302597,80.2284393311,42914,42924,10
13.0897502899,80.2291793823,42924,42935,11
13.0892696381,80.229927063,42935,42945,10
13.0891199112,80.2302322388,42945,42955,10
13.0888795853,80.2307510376,42955,42965,10
13.088809967,80.2308883667,42965,42975,10
13.088760376,80.2309875488,42975,42985,10
13.0886096954,80.2313232422,42985,42995,10
13.0884799957,80.2317428589,42995,43005,10
13.0882701874,80.2325286865,43005,43015,10
13.0880498886,80.233581543,43015,43025,10
13.0878400803,80.2344589233,43025,43035,10
13.087100029,80.2345428467,43035,43046,11
13.0864095688,80.2345199585,43046,43056,10
13.0859298706,80.2344284058,43056,43066,10
13.0855798721,80.2343292236,43066,43076,10
13.0852603912,80.2342376709,43076,43086,10
13.0847702026,80.234161377,43086,43096,10
13.0838499069,80.2339324951,43096,43126,30
13.0838499069,80.2339324951,43126,43136,10
13.0833597183,80.2338562012,43136,43146,10
13.0823402405,80.2337036133,43146,43167,21
13.0823402405,80.2337036133,43167,43177,10
13.0819101334,80.2336196899,43177,43187,10
13.0812301636,80.2335662842,43187,43197,10
13.0803804398,80.2335510254,43197,43207,10
13.07970047,80.233543396,43207,43217,10
13.0789899826,80.2335662842,43217,43227,10
13.0780496597,80.2336196899,43227,43237,10
13.0769500732,80.2337417603,43237,43247,10
13.0761604309,80.2338562012,43247,43257,10
13.0758895874,80.23412323,43257,43267,10
13.0760202408,80.2347869873,43267,43278,11
13.0761995316,80.2358322144,43278,43288,10
13.0764799118,80.2373123169,43288,43308,20
13.0764799118,80.2373123169,43308,43318,10
13.0765399933,80.2375869751,43318,43328,10
13.0766601563,80.2382888794,43328,43338,10
13.0768699646,80.2392272949,43338,43348,10
13.0771198273,80.2403182983,43348,43358,10
13.0773096085,80.2410888672,43358,43368,10
13.0774202347,80.2416687012,43368,43378,10
13.0775899887,80.242477417,43378,43389,11
13.0777597427,80.2435836792,43389,43399,10
13.0777397156,80.244140625,43399,43409,10
13.0778198242,80.244720459,43409,43419,10
13.0778799057,80.2453765869,43419,43429,10
13.0778999329,80.2460784912,43429,43439,10
13.0780200958,80.2467880249,43439,43449,10
13.0781898499,80.2477416992,43449,43459,10
13.0783996582,80.2486877441,43459,43469,10
13.0785903931,80.249420166,43469,43479,10
13.0786600113,80.2502365112,43479,43489,10
13.0784797668,80.2509307861,43489,43500,11
13.0785598755,80.2515411377,43500,43510,10
13.0783395767,80.2516784668,43510,43520,10
13.0779399872,80.251739502,43520,43530,10
13.0773496628,80.2518615723,43530,43540,10
13.0768995285,80.251953125,43540,43550,10
13.0767002106,80.2518997192,43550,43560,10
13.0760402679,80.2520980835,43560,43570,10
13.0754995346,80.2521820068,43570,43580,10
13.0750598907,80.2521972656,43580,43590,10
13.0745296478,80.252243042,43590,43600,10
13.0741796494,80.2522506714,43600,43611,11
13.0738401413,80.2524032593,43611,43621,10
13.0733003616,80.2524108887,43621,43631,10
13.0726699829,80.2523574829,43631,43641,10
13.0721998215,80.2519226074,43641,43651,10
13.0720796585,80.251411438,43651,43660,9
13.072019577,80.2509613037,43660,43671,11
13.0718698502,80.2505264282,43671,43681,10
13.0716295242,80.2496871948,43681,43691,10
13.0714302063,80.248626709,43691,43701,10
13.0711603165,80.247756958,43701,43711,10
13.0708198547,80.2469787598,43711,43722,11
13.0703296661,80.2459564209,43722,43732,10
13.0699100494,80.245010376,43732,43742,10
13.0695800781,80.2441101074,43742,43752,10
13.0692796707,80.2432937622,43752,43772,20
13.0692796707,80.2432937622,43772,43782,10
13.0692596436,80.2429428101,43782,43792,10
13.069029808,80.242477417,43792,43802,10
13.0683498383,80.2426223755,43802,43812,10
13.0674800873,80.2429122925,43812,43822,10
13.0666704178,80.2432785034,43822,43833,11
13.0661296844,80.243637085,43833,43843,10
13.0661096573,80.2444000244,43843,43853,10
13.066280365,80.245262146,43853,43863,10
13.0666599274,80.2460174561,43863,43873,10
13.0675697327,80.2464065552,43873,43883,10
13.0678195953,80.2466125488,43883,43893,10
13.0678396225,80.246711731,43893,43903,10
13.0678796768,80.2472610474,43903,43913,10
13.0676698685,80.2478713989,43913,43923,10
13.0668697357,80.2478485107,43923,43933,10
13.0658998489,80.247718811,43933,43944,11
13.0648002625,80.2477111816,43944,43954,10
13.0641098022,80.2476730347,43954,43963,9
13.06346035,80.2476196289,43963,43974,11
13.0628299713,80.2476425171,43974,43984,10
13.0620002747,80.2476577759,43984,43994,10
13.0614404678,80.2472686768,43994,44004,10
13.0613203049,80.2470016479,44004,44014,10
13.0616102219,80.246711731,44014,44024,10
13.0618200302,80.2462463379,44024,44034,10
13.0620098114,80.2453994751,44034,44044,10
13.0626602173,80.2448577881,44044,44054,10
13.063079834,80.2444076538,44054,44065,11
13.0631599426,80.2442626953,44065,44075,10
13.0632095337,80.2442169189,44075,44085,10
13.0633497238,80.2439422607,44085,44095,10
13.0633201599,80.243560791,44095,44105,10
13.0627698898,80.2434234619,44105,44115,10
13.0621700287,80.2433013916,44115,44125,10
13.0619602203,80.2432479858,44125,44135,10
13.0617799759,80.2432022095,44135,44145,10
13.0613203049,80.2431030273,44145,44155,10
13.0605897903,80.2428894043,44155,44165,10
13.0601902008,80.2427520752,44165,44176,11
13.0597200394,80.2426223755,44176,44186,10
13.059419632,80.2425613403,44186,44196,10
13.0589199066,80.2426071167,44196,44205,9
13.0588502884,80.2426300049,44205,44216,11
13.0587396622,80.2426605225,44216,44226,10
13.0581998825,80.242767334,44226,44236,10
13.0572395325,80.2428436279,44236,44266,30
13.0572395325,80.2428436279,44266,44276,10
13.0568199158,80.2427368164,44276,44287,11
13.0562496185,80.2425613403,44287,44297,10
13.0558595657,80.2423095703,44297,44307,10
13.0551996231,80.2423324585,44307,44317,10
13.0545301437,80.2423782349,44317,44327,10
13.0537996292,80.2422714233,44327,44346,19
13.0537996292,80.2422714233,44346,44357,11
13.0536403656,80.2421875,44357,44367,10
13.0534095764,80.2420578003,44367,44377,10
13.0531997681,80.2419586182,44377,44387,10
13.0527801514,80.2418289185,44387,44398,11
13.0522403717,80.2412185669,44398,44408,10
13.0519504547,80.2407989502,44408,44418,10
13.0515604019,80.2406768799,44418,44428,10
13.0511598587,80.2406005859,44428,44438,10
13.0507602692,80.2405166626,44438,44448,10
13.0500602722,80.2403793335,44448,44458,10
13.0497503281,80.2402877808,44458,44468,10
13.0493402481,80.2402191162,44468,44478,10
13.0488004684,80.2401733398,44478,44488,10
13.0483703613,80.2400665283,44488,44498,10
13.0479898453,80.2400131226,44498,44508,10
13.0475196838,80.2398605347,44508,44519,11
13.0467500687,80.2397003174,44519,44529,10
13.0462198257,80.2393875122,44529,44539,10
13.0463695526,80.2388763428,44539,44549,10
13.0466003418,80.2381973267,44549,44559,10
13.0466995239,80.2374572754,44559,44569,10
13.0469198227,80.236579895,44569,44579,10
13.0469903946,80.2361602783,44579,44589,10
13.0470399857,80.2357788086,44589,44599,10
13.04708004,80.2354888916,44599,44609,10
13.0472297668,80.2349319458,44609,44619,10
13.0473003387,80.2340164185,44619,44630,11
13.047419548,80.2331619263,44630,44640,10
13.0471000671,80.233001709,44640,44650,10
13.0463600159,80.2328872681,44650,44660,10
13.0452699661,80.2326431274,44660,44680,20
13.0452699661,80.2326431274,44680,44690,10
13.0450801849,80.2325820923,44690,44700,10
13.0446395874,80.2324981689,44700,44716,16
13.0434303284,80.2323532104,44716,44728,12
13.0425300598,80.2323226929,44728,44738,10
13.0417499542,80.2322463989,44738,44749,11
13.040719986,80.2319793701,44749,44759,10
13.0397100449,80.2316436768,44759,44769,10
13.0388298035,80.2314071655,44769,44779,10
13.0375499725,80.2310028076,44779,44789,10
13.0368995667,80.2308197021,44789,44799,10
13.0368003845,80.2307434082,44799,44809,10
13.0361604691,80.2305603027,44809,44819,10
13.0355701447,80.230430603,44819,44891,72
13.0355701447,80.230430603,44891,44901,10
13.0351200104,80.2303237915,44901,44911,10
13.0347204208,80.2303085327,44911,44921,10
13.0342197418,80.2304077148,44921,44931,10
13.0335102081,80.23046875,44931,44951,20
13.0335102081,80.23046875,44951,44963,12
13.0333003998,80.2304992676,44963,44973,10
13.0325899124,80.2305374146,44973,44984,11
13.0318899155,80.2306213379,44984,44994,10
13.0310201645,80.230682373,44994,45004,10
13.0305595398,80.2307128906,45004,45014,10
13.0299301147,80.2307662964,45014,45024,10
13.0295295715,80.2308502197,45024,45034,10
13.0289001465,80.2309036255,45034,45044,10
13.0280399323,80.23097229,45044,45054,10
13.0276203156,80.2310562134,45054,45064,10
13.0276298523,80.2316436768,45064,45075,11
13.0277500153,80.232383728,45075,45085,10
13.027680397,80.2328033447,45085,45095,10
13.0269403458,80.2329177856,45095,45216,121
13.0269403458,80.2329177856,45216,45226,10
13.0268297195,80.2331008911,45226,45236,10
13.0264596939,80.232963562,45236,45246,10
13.0262804031,80.2325286865,45246,45256,10
13.0261898041,80.2320709229,45256,45266,10
13.0261602402,80.2317504883,45266,45276,10
13.0260095596,80.2311477661,45276,45286,10
13.025639534,80.2303237915,45286,45296,10
13.0246496201,80.2290725708,45296,45317,21
13.0246496201,80.2290725708,45317,45327,10
13.0243902206,80.228729248,45327,45337,10
13.0239801407,80.2282562256,45337,45353,16
13.0239295959,80.228187561,45353,45365,12
13.0238199234,80.2279968262,45365,45375,10
13.0236101151,80.2277984619,45375,45383,8
13.0233097076,80.2275085449,45383,45395,12
13.022649765,80.2268981934,45395,45405,10
13.0219202042,80.2262802124,45405,45415,10
13.0216999054,80.2261123657,45415,45426,11
13.0215196609,80.225982666,45426,45436,10
13.0212202072,80.225730896,45436,45446,10
13.0207004547,80.2253570557,45446,45456,10
13.0203304291,80.2250976563,45456,45466,10
13.0202598572,80.2250366211,45466,45476,10
13.0200796127,80.224899292,45476,45486,10
13.019610405,80.2246017456,45486,45496,10
13.018819809,80.2244873047,45496,45506,10
13.0179100037,80.2248306274,45506,45516,10
13.0169401169,80.225227356,45516,45526,10
13.0163002014,80.2254867554,45526,45537,11
13.0156097412,80.2257232666,45537,45547,10
13.0149497986,80.2259902954,45547,45557,10
13.0142297745,80.2262878418,45557,45567,10
13.013999939,80.2264022827,45567,45577,10
13.013759613,80.2265014648,45577,45587,10
13.0131597519,80.2267303467,45587,45597,10
13.0122995377,80.2270584106,45597,45607,10
13.0112495422,80.2274703979,45607,45617,10
13.0101699829,80.227897644,45617,45627,10
13.0092000961,80.2284393311,45627,45637,10
13.0089302063,80.2295303345,45637,45648,11
13.0086898804,80.2308425903,45648,45658,10
13.0084600449,80.2320404053,45658,45668,10
13.0081796646,80.2337036133,45668,45688,20
13.0081796646,80.2337036133,45688,45698,10
13.0081100464,80.2339172363,45698,45708,10
13.0080003738,80.2344665527,45708,45718,10
13.0078401566,80.2352523804,45718,45728,10
13.0076999664,80.2358779907,45728,45738,10
13.0076198578,80.2362518311,45738,45748,10
13.0074701309,80.236869812,45748,45759,11
13.0073204041,80.2378463745,45759,45769,10
13.0072002411,80.2385177612,45769,45779,10
13.0070495605,80.2392807007,45779,45789,10
13.0069103241,80.2399520874,45789,45859,70
13.0069103241,80.2399520874,45859,45870,11
13.006819725,80.2400665283,45870,45880,10
13.0067796707,80.240447998,45880,45890,10
13.0067501068,80.240852356,45890,45900,10
13.0067501068,80.2408828735,45900,45910,10
13.0066900253,80.2413330078,45910,45920,10
13.0066900253,80.2422027588,45920,45930,10
13.0066795349,80.243019104,45930,45940,10
13.0066900253,80.2432098389,45940,45950,10
13.0066604614,80.2434997559,45950,45960,10
13.0066204071,80.2438430786,45960,45970,10
13.0065803528,80.2441635132,45970,46011,41
13.0065803528,80.2441635132,46011,46021,10
13.0066003799,80.2445602417,46021,46031,10
13.0065603256,80.245010376,46031,46041,10
13.0065603256,80.2454986572,46041,46051,10
13.0066404343,80.2461395264,46051,46061,10
13.0066604614,80.2468338013,46061,46071,10
13.0066604614,80.2476272583,46071,46081,10
13.0066795349,80.2485733032,46081,46091,10
13.0068101883,80.2495269775,46091,46102,11
13.0068101883,80.2496414185,46102,46112,10
13.0067796707,80.249961853,46112,46122,10
13.0067501068,80.2504425049,46122,46132,10
13.0067796707,80.250541687,46132,46142,10
13.0067596436,80.2508621216,46142,46152,10
13.0067501068,80.2511367798,46152,46162,10
13.0066995621,80.2514266968,46162,46172,10
13.0066003799,80.2520904541,46172,46182,10
13.0065803528,80.2525787354,46182,46192,10
13.0066604614,80.2529830933,46192,46202,10
13.0066099167,80.2534332275,46202,46303,101
13.0066099167,80.2534332275,46303,46313,10
13.0066299438,80.2535171509,46313,46324,11
13.0066204071,80.2540283203,46324,46334,10
13.0065803528,80.2544784546,46334,46344,10
13.0065803528,80.254989624,46344,46354,10
13.0065803528,80.2558670044,46354,46364,10
13.0065898895,80.2571029663,46364,46435,71
13.0065898895,80.2571029663,46435,46445,10
13.0067195892,80.2574310303,46445,46455,10
13.0069599152,80.2579879761,46455,46465,10
13.0074596405,80.2586669922,46465,46475,10
13.0078001022,80.2588424683,46475,46485,10
13.0080699921,80.2591323853,46485,46495,10
13.0076198578,80.2593231201,46495,46505,10
13.0072498322,80.2587966919,46505,46515,10
13.0071496964,80.2586212158,46515,46525,10
13.0067796707,80.2579574585,46525,46556,31
13.0067796707,80.2579574585,46556,46566,10
13.0066900253,80.2577667236,46566,46576,10
13.0065002441,80.2573623657,46576,46586,10
13.0065402985,80.2570495605,46586,46596,10
13.006480217,80.2565231323,46596,46606,10
13.0065202713,80.2559280396,46606,46616,10
13.0065402985,80.2553863525,46616,46626,10
13.0065803528,80.2547607422,46626,46635,9
13.0065803528,80.2543411255,46635,46646,11
13.0066099167,80.253868103,46646,46656,10
13.0066404343,80.2535629272,46656,46677,21
13.0066404343,80.2535629272,46677,46687,10
13.0066604614,80.2533111572,46687,46697,10
13.0066099167,80.2531280518,46697,46707,10
13.0065803528,80.253036499,46707,46717,10
13.0065803528,80.2525787354,46717,46767,50
13.0065803528,80.2525787354,46767,46778,11
13.0065898895,80.2523574829,46778,46788,10
13.0066604614,80.2520217896,46788,46798,10
13.0067596436,80.2513198853,46798,46814,16
13.0067796707,80.250038147,46814,46826,12
13.0068101883,80.249168396,46826,46836,10
13.0067195892,80.2485122681,46836,46845,9
13.0066699982,80.2479629517,46845,46856,11
13.006649971,80.2472000122,46856,46866,10
13.0065603256,80.2466583252,46866,46876,10
13.0065803528,80.24659729,46876,46886,10
13.0066099167,80.2464981079,46886,46896,10
13.0066404343,80.2459793091,46896,46907,11
13.0066404343,80.2452087402,46907,46917,10
13.0066099167,80.2448120117,46917,46926,9
13.0066003799,80.2446670532,46926,46937,11
13.0066204071,80.2442703247,46937,46947,10
13.0065898895,80.2435073853,46947,46957,10
13.0065898895,80.2426986694,46957,46967,10
13.0065803528,80.2416534424,46967,46977,10
13.0065698624,80.2410888672,46977,46987,10
13.0065498352,80.2409362793,46987,46997,10
13.0065898895,80.2407531738,46997,47008,11
13.0066795349,80.2402572632,47008,47018,10
13.006819725,80.239692688,47018,47028,10
13.006939888,80.2389602661,47028,47038,10
13.0071201324,80.2381591797,47038,47048,10
13.007349968,80.2372283936,47048,47058,10
13.0074100494,80.2366409302,47058,47068,10
13.0074100494,80.236618042,47068,47078,10
13.007519722,80.2362594604,47078,47088,10
13.0076599121,80.2355728149,47088,47098,10
13.0078401566,80.2346572876,47098,47107,9
13.0080404282,80.2336425781,47107,47119,12
13.0083398819,80.2321395874,47119,47129,10
13.008600235,80.2308502197,47129,47139,10
13.0087900162,80.229850769,47139,47148,9
13.0090303421,80.2285995483,47148,47159,11
13.0093698502,80.2276077271,47159,47169,10
13.0098199844,80.2266464233,47169,47179,10
13.0102396011,80.2258911133,47179,47189,10
13.0104703903,80.2254486084,47189,47199,10
13.0105695724,80.2252197266,47199,47209,10
13.0107803345,80.2247619629,47209,47219,10
13.0111103058,80.2238922119,47219,47240,21
13.0111103058,80.2238922119,47240,47250,10
13.0110998154,80.2237701416,47250,47260,10
13.0112304688,80.2234268188,47260,47270,10
13.0114297867,80.2228317261,47270,47280,10
13.0117301941,80.2220077515,47280,47290,10
13.012169838,80.2213821411,47290,47299,9
13.0124197006,80.2216033936,47299,47309,10
13.0128097534,80.2221603394,47309,47320,11
13.013299942,80.2227096558,47320,47330,10
13.0137701035,80.2232666016,47330,47340,10
13.0141496658,80.2237625122,47340,47351,11
13.0145797729,80.2242736816,47351,47361,10
13.0151100159,80.2247924805,47361,47371,10
13.0158004761,80.2252502441,47371,47391,20
13.0158004761,80.2252502441,47391,47401,10
13.0158996582,80.2252578735,47401,47411,10
13.0163803101,80.2253112793,47411,47421,10
13.0171403885,80.2250595093,47421,47431,10
13.0181303024,80.2246932983,47431,47441,10
13.0189695358,80.2244033813,47441,47451,10
13.0194997787,80.2244491577,47451,47461,10
13.0195903778,80.2244873047,47461,47472,11
13.0200195313,80.2248001099,47472,47482,10
13.0206604004,80.2252426147,47482,47492,10
13.0213403702,80.2257614136,47492,47502,10
13.0219497681,80.2261886597,47502,47532,30
13.0219497681,80.2261886597,47532,47542,10
13.0221300125,80.2263565063,47542,47552,10
13.022600174,80.2267608643,47552,47562,10
13.0232400894,80.2273635864,47562,47573,11
13.0240097046,80.2280807495,47573,47583,10
13.0243997574,80.2285614014,47583,47593,10
13.0247001648,80.2289962769,47593,47609,16
13.0253601074,80.2298965454,47609,47621,12
13.0258302689,80.2306213379,47621,47631,10
13.0258798599,80.23072052,47631,47641,10
13.0259399414,80.2308197021,47641,47651,10
13.0260095596,80.2312088013,47651,47661,10
13.0264396667,80.2312469482,47661,47671,10
13.0271997452,80.231048584,47671,47681,10
13.0280103683,80.2309188843,47681,47692,11
13.0288896561,80.2308197021,47692,47702,10
13.0294303894,80.2308120728,47702,47712,10
13.0299501419,80.230758667,47712,47722,10
13.0305700302,80.2307128906,47722,47733,11
13.0311498642,80.2306671143,47733,47742,9
13.0317497253,80.2305984497,47742,47753,11
13.0323696136,80.2305603027,47753,47763,10
13.0328302383,80.2305374146,47763,47773,10
13.0333003998,80.2304992676,47773,47793,20
13.0333003998,80.2304992676,47793,47804,11
13.0336303711,80.23046875,47804,47813,9
13.0338201523,80.2304534912,47813,47824,11
13.0342702866,80.2303695679,47824,47884,60
13.0342702866,80.2303695679,47884,47894,10
13.0344495773,80.2303619385,47894,47904,10
13.0345697403,80.2303390503,47904,47915,11
13.0345802307,80.2303390503,47915,47925,10
13.0348100662,80.2303237915,47925,47955,30
13.0348100662,80.2303237915,47955,47965,10
13.0348596573,80.2305603027,47965,47975,10
13.0348596573,80.2309570313,47975,47985,10
13.0347900391,80.2315673828,47985,47995,10
13.0346899033,80.2321929932,47995,48005,10
13.0346298218,80.2328491211,48005,48015,10
13.0345497131,80.233253479,48015,48046,31
13.0345497131,80.233253479,48046,48056,10
13.0345096588,80.2334976196,48056,48066,10
13.0344200134,80.2339477539,48066,48076,10
13.0343198776,80.2347106934,48076,48086,10
13.0342102051,80.2356033325,48086,48096,10
13.0341396332,80.2364807129,48096,48106,10
13.0341100693,80.2368011475,48106,48116,10
13.0341796875,80.2371826172,48116,48125,9
13.0344200134,80.2375869751,48125,48137,12
13.0347204208,80.2380523682,48137,48147,10
13.0349397659,80.2384185791,48147,48157,10
13.0351200104,80.2387084961,48157,48167,10
13.035320282,80.2390823364,48167,48177,10
13.0355195999,80.2393493652,48177,48187,10
13.0358800888,80.2393798828,48187,48197,10
13.0361499786,80.2394104004,48197,48207,10
13.0365896225,80.2394180298,48207,48217,10
13.037320137,80.2395019531,48217,48227,10
13.0381803513,80.239616394,48227,48237,10
13.0384101868,80.2396774292,48237,48248,11
13.0386695862,80.2396774292,48248,48258,10
13.0388898849,80.2396774292,48258,48268,10
13.0392503738,80.2397384644,48268,48278,10
13.039730072,80.2397994995,48278,48288,10
13.0398101807,80.2398223877,48288,48298,10
13.0400800705,80.2398834229,48298,48318,20
13.0400800705,80.2398834229,48318,48328,10
13.0403404236,80.2400436401,48328,48338,10
13.0403404236,80.2404022217,48338,48348,10
13.0404996872,80.2404937744,48348,48358,10
13.0408296585,80.2405319214,48358,48369,11
13.0408401489,80.2405395508,48369,48379,10
13.0409402847,80.2405700684,48379,48389,10
13.041390419,80.2406082153,48389,48399,10
13.0421104431,80.2406768799,48399,48409,10
13.0430202484,80.2408218384,48409,48419,10
13.0438604355,80.2409133911,48419,48429,10
13.0441503525,80.2407836914,48429,48449,20
13.0441503525,80.2407836914,48449,48459,10
13.044260025,80.2407608032,48459,48469,10
13.0447597504,80.2404174805,48469,48480,11
13.0459699631,80.2395782471,48480,48490,10
13.0459699631,80.2395782471,48490,48500,10
13.0461997986,80.2395172119,48500,48510,10
13.0463895798,80.2395629883,48510,48520,10
13.0465202332,80.2396011353,48520,48530,10
13.0466403961,80.2396469116,48530,48540,10
13.04708004,80.2397003174,48540,48550,10
13.047829628,80.2398605347,48550,48561,11
13.0488300323,80.2400817871,48561,48571,10
13.0495100021,80.2402114868,48571,48581,10
13.0500297546,80.2403335571,48581,48592,11
13.0507602692,80.2404785156,48592,48602,10
13.0511798859,80.2405471802,48602,48612,10
13.0515203476,80.2406234741,48612,48622,10
13.0520601273,80.2407684326,48622,48632,10
13.0524902344,80.2412719727,48632,48642,10
13.0526399612,80.2416305542,48642,48652,10
13.0532903671,80.2419204712,48652,48662,10
13.0540304184,80.2422027588,48662,48692,30
13.0540304184,80.2422027588,48692,48703,11
13.0541601181,80.2422485352,48703,48713,10
13.0546798706,80.2422790527,48713,48723,10
13.055390358,80.2421798706,48723,48733,10
13.0561304092,80.2424087524,48733,48743,10
13.0566396713,80.2425689697,48743,48753,10
13.0568199158,80.2425765991,48753,48763,10
13.0572795868,80.2427902222,48763,48773,10
13.0579395294,80.2427062988,48773,48783,10
13.0585803986,80.2425689697,48783,48793,10
13.0591096878,80.2425079346,48793,48803,10
13.0594396591,80.2425079346,48803,48814,11
13.059969902,80.2427215576,48814,48824,10
13.0603504181,80.2428436279,48824,48834,10
13.0607700348,80.242980957,48834,48844,10
13.0610599518,80.2430419922,48844,48854,10
13.0613098145,80.2431106567,48854,48864,10
13.0616102219,80.2431411743,48864,48874,10
13.0623397827,80.2432785034,48874,48894,20
13.0623397827,80.2432785034,48894,48904,10
13.0625801086,80.2433395386,48904,48914,10
13.0631198883,80.2434616089,48914,48924,10
13.0636796951,80.2434921265,48924,48935,11
13.0642595291,80.2435379028,48935,48945,10
13.0649795532,80.2435379028,48945,48955,10
13.0654401779,80.243560791,48955,48975,20
13.0654401779,80.243560791,48975,48991,16
13.0656604767,80.2436065674,48991,49003,12
13.0661897659,80.2434921265,49003,49011,8
13.0665197372,80.243347168,49011,49023,12
13.0670795441,80.2430725098,49023,49033,10
13.0677995682,80.242767334,49033,49044,11
13.0686798096,80.2425231934,49044,49054,10
13.0691604614,80.2423019409,49054,49064,10
13.0696601868,80.2421569824,49064,49074,10
13.0700397491,80.2421035767,49074,49104,30
13.0700397491,80.2421035767,49104,49114,10
13.0704402924,80.2420501709,49114,49124,10
13.0709695816,80.2418289185,49124,49134,10
13.0714998245,80.2415924072,49134,49144,10
13.0721302032,80.2412109375,49144,49155,11
13.0728397369,80.2408218384,49155,49165,10
13.0734996796,80.2406311035,49165,49174,9
13.0741796494,80.2404937744,49174,49185,11
13.0753803253,80.2404632568,49185,49195,10
13.0765104294,80.2405166626,49195,49205,10
13.0771102905,80.2403488159,49205,49215,10
13.0770397186,80.239730835,49215,49306,91
13.0770397186,80.239730835,49306,49316,10
13.0770196915,80.2393798828,49316,49326,10
13.0768699646,80.2390289307,49326,49336,10
13.0767202377,80.2387237549,49336,49356,20
13.0767202377,80.2387237549,49356,49366,10
13.0766496658,80.2384490967,49366,49377,11
13.0766000748,80.2381591797,49377,49387,10
13.0764904022,80.2377700806,49387,49397,10
13.0763101578,80.2368621826,49397,49437,40
13.0763101578,80.2368621826,49437,49447,10
13.0762996674,80.2366027832,49447,49457,10
13.076210022,80.2360229492,49457,49467,10
13.0760402679,80.235206604,49467,49477,10
13.075750351,80.2341079712,49477,49508,31
13.075750351,80.2341079712,49508,49518,10
13.0757703781,80.2340621948,49518,49528,10
13.0759601593,80.2337875366,49528,49538,10
13.0763101578,80.2337493896,49538,49548,10
13.0767498016,80.2337036133,49548,49558,10
13.0775299072,80.233581543,49558,49568,10
13.0783004761,80.2335586548,49568,49578,10
13.0789604187,80.2335205078,49578,49588,10
13.0797395706,80.2335128784,49588,49598,10
13.0802698135,80.2334823608,49598,49619,21
13.0802698135,80.2334823608,49619,49629,10
13.0806703568,80.2335205078,49629,49639,10
13.0813598633,80.2335510254,49639,49649,10
13.0818996429,80.2334976196,49649,49659,10
13.0819797516,80.2330627441,49659,49669,10
13.082110405,80.2324523926,49669,49679,10
13.0823402405,80.2317276001,49679,49689,10
13.0826396942,80.2310180664,49689,49699,10
13.0828399658,80.2306518555,49699,49709,10
13.0831003189,80.2309112549,49709,49720,11
13.0831604004,80.2317428589,49720,49730,10
13.0832300186,80.2325210571,49730,49740,10
13.0833597183,80.2329406738,49740,49750,10
13.0834703445,80.2335891724,49750,49760,10
13.083990097,80.2339401245,49760,49780,20
13.083990097,80.2339401245,49780,49790,10
13.0840797424,80.2339630127,49790,49800,10
13.0847702026,80.234161377,49800,49810,10
13.0847702026,80.234161377,49810,49820,10
13.0852603912,80.2342376709,49820,49831,11
13.0858802795,80.2344207764,49831,49841,10
13.0864601135,80.2345275879,49841,49851,10
13.0870304108,80.2345733643,49851,49861,10
13.0877599716,80.2344512939,49861,49872,11
13.0879497528,80.2337417603,49872,49883,11
13.088139534,80.232749939,49883,49893,10
13.0883998871,80.2317276001,49893,49903,10
13.0886001587,80.2311325073,49903,49913,10
13.0888795853,80.2304992676,49913,49923,10
13.0888900757,80.2304916382,49923,49933,10
13.0889396667,80.2303695679,49933,49944,11
13.0891895294,80.229888916,49944,49952,8
13.0894804001,80.2294006348,49952,49964,12
13.0902395248,80.228553772,49964,49974,10
13.0910396576,80.2276992798,49974,49982,8
13.091460228,80.2272186279,49982,50005,23
13.091460228,80.2272186279,50005,50015,10
13.0916700363,80.2270278931,50015,50025,10
13.0921201706,80.2265472412,50025,50035,10
13.0927696228,80.2259216309,50035,50045,10
13.0935001373,80.2251281738,50045,50056,11
13.0941295624,80.224357605,50056,50066,10
13.0947999954,80.2234268188,50066,50076,10
13.0953102112,80.2223205566,50076,50086,10
13.0956602097,80.2212524414,50086,50106,20
13.0956602097,80.2212524414,50106,50116,10
13.0957803726,80.2209777832,50116,50126,10
13.0960102081,80.2203369141,50126,50136,10
13.096329689,80.2194519043,50136,50146,10
13.096540451,80.2188568115,50146,50156,10
13.096739769,80.2182235718,50156,50166,10
13.0970201492,80.2174072266,50166,50177,11
13.0972795486,80.2166595459,50177,50187,10
13.0973901749,80.2164077759,50187,50197,10
13.0976495743,80.2157974243,50197,50207,10
13.0980195999,80.2149429321,50207,50217,10
13.098400116,80.2141036987,50217,50227,10
13.0984296799,80.2140426636,50227,50237,10
13.0985298157,80.2139434814,50237,50247,10
13.0991201401,80.2142028809,50247,50257,10
13.0999002457,80.2144317627,50257,50267,10
13.1003303528,80.2145385742,50267,50318,51
13.1003303528,80.2145385742,50318,50328,10
13.1004295349,80.2146224976,50328,50338,10
13.100569725,80.2147521973,50338,50354,16
13.1001501083,80.2157211304,50354,50366,12
13.1000003815,80.2160415649,50366,50376,10
13.0999002457,80.2158508301,50376,50386,10
13.100110054,80.2154388428,50386,50396,10
13.1002902985,80.2149200439,50396,53575,3179
13.1002902985,80.2149200439,53575,53585,10
13.100230217,80.2147598267,53585,53595,10
13.1000995636,80.2145004272,53595,53605,10
13.0998497009,80.2144088745,53605,53615,10
13.099439621,80.2143173218,53615,53625,10
13.0990400314,80.2142028809,53625,53635,10
13.0985803604,80.2140426636,53635,53645,10
13.0983400345,80.2143173218,53645,53655,10
13.0980501175,80.2149429321,53655,53665,10
13.0977897644,80.2156677246,53665,53676,11
13.0974397659,80.2165222168,53676,53686,10
13.0973701477,80.2167205811,53686,53696,10
13.0973100662,80.2168502808,53696,53706,10
13.0971403122,80.217300415,53706,53716,10
13.0968704224,80.2180328369,53716,53726,10
13.0966396332,80.2187728882,53726,53736,10
13.0965099335,80.2191314697,53736,53746,10
13.0963497162,80.2195587158,53746,53756,10
13.0960597992,80.2203826904,53756,53766,10
13.0958204269,80.2211074829,53766,53776,10
13.0955896378,80.2217712402,53776,53787,11
13.0952596664,80.2226867676,53787,53797,10
13.0948495865,80.2235412598,53797,53807,10
13.0942401886,80.2243499756,53807,53817,10
13.0937795639,80.2249298096,53817,53827,10
13.0937204361,80.2249984741,53827,53837,10
13.093460083,80.2253036499,53837,53847,10
13.0929002762,80.2258377075,53847,53856,9
13.0924196243,80.2263565063,53856,53866,10
13.0917701721,80.2270126343,53866,53877,11
13.0912799835,80.2275619507,53877,53887,10
13.0912399292,80.2276000977,53887,53898,11
13.0909996033,80.2278366089,53898,53908,10
13.0905599594,80.2283096313,53908,53918,10
13.0899896622,80.2289199829,53918,53928,10
13.0894403458,80.229598999,53928,53938,10
13.0891599655,80.2301177979,53938,53948,10
13.0890302658,80.2304611206,53948,53958,10
13.0888395309,80.2308731079,53958,53968,10
13.0888395309,80.2308807373,53968,53978,10
13.0887804031,80.2309799194,53978,53988,10
13.0886802673,80.2312469482,53988,53998,10
13.08852005,80.2316513062,53998,54009,11
13.0882797241,80.2324676514,54009,54019,10
13.0880899429,80.2332611084,54019,54029,10
13.0880203247,80.2340621948,54029,54039,10
13.0874996185,80.2344818115,54039,54049,10
13.0867595673,80.2344589233,54049,54059,10
13.0861501694,80.2343902588,54059,54069,10
13.085559845,80.2342834473,54069,54079,10
13.0849504471,80.2341384888,54079,54089,10
13.0843200684,80.2340011597,54089,54099,10
13.0837898254,80.2339172363,54099,54109,10
13.0837097168,80.2339096069,54109,54120,11
13.0835199356,80.2338485718,54120,54130,10
13.0830698013,80.2338027954,54130,54140,10
13.0825300217,80.2337417603,54140,54150,10
13.0823497772,80.2336807251,54150,54160,10
13.0822896957,80.2336502075,54160,54170,10
13.0819997787,80.2336273193,54170,54180,10
13.0815896988,80.2335968018,54180,54190,10
13.0809698105,80.2335891724,54190,54200,10
13.0803403854,80.2335891724,54200,54210,10
13.0796899796,80.233581543,54210,54220,10
13.0794696808,80.233581543,54220,54230,10
13.0793399811,80.2335586548,54230,54241,11
13.0788202286,80.2335891724,54241,54251,10
13.0781097412,80.2336120605,54251,54260,9
13.0775499344,80.2336807251,54260,54270,10
13.0768499374,80.2337265015,54270,54281,11
13.0759496689,80.233833313,54281,54301,20
13.0759496689,80.233833313,54301,54311,10
13.0757799149,80.233757019,54311,54321,10
13.0757398605,80.23387146,54321,54331,10
13.0758399963,80.2342681885,54331,54341,10
13.0759496689,80.234916687,54341,54352,11
13.0761404037,80.2357788086,54352,54362,10
13.0762500763,80.2365722656,54362,54372,10
13.0763998032,80.2371292114,54372,54412,40
13.0763998032,80.2371292114,54412,54422,10
13.0764799118,80.2374420166,54422,54432,10
13.07654953,80.2378234863,54432,54442,10
13.0767002106,80.2384872437,54442,54452,10
13.0768299103,80.2391433716,54452,54463,11
13.0769796371,80.2397689819,54463,54473,10
13.0771903992,80.2404937744,54473,54483,10
13.0773000717,80.2408828735,54483,54523,40
13.0773496628,80.2411499023,54523,54553,30
13.0773496628,80.2411499023,54553,54563,10
13.0773696899,80.2415924072,54563,54574,11
13.0775699615,80.2423782349,54574,54584,10
13.0776796341,80.2430801392,54584,54594,10
13.077750206,80.2435073853,54594,54604,10
13.0777797699,80.2439498901,54604,54634,30
13.0777797699,80.2439498901,54634,54644,10
13.077750206,80.2443008423,54644,54654,10
13.0777902603,80.244758606,54654,54664,10
13.0778799057,80.2455215454,54664,54674,10
13.0779304504,80.246307373,54674,54685,11
13.0781497955,80.2473907471,54685,54695,10
13.0783500671,80.248336792,54695,54705,10
13.0785198212,80.2489776611,54705,54715,10
13.0786304474,80.2496490479,54715,54725,10
13.0785198212,80.2503585815,54725,54735,10
13.0784797668,80.2510375977,54735,54745,10
13.0785198212,80.2515411377,54745,54755,10
13.0782499313,80.2516403198,54755,54771,16
13.0774297714,80.2518005371,54771,54783,12
13.0767202377,80.2519378662,54783,54793,10
13.075920105,80.2521362305,54793,54804,11
13.0750398636,80.2521972656,54804,54814,10
13.0743303299,80.252243042,54814,54824,10
13.073969841,80.2522964478,54824,54834,10
13.0735197067,80.2524414063,54834,54844,10
13.0728397369,80.2524032593,54844,54854,10
13.072259903,80.2520904541,54854,54864,10
13.0720796585,80.2513580322,54864,54874,10
13.0718803406,80.25050354,54874,54884,10
13.0716104507,80.249671936,54884,54894,10
13.0714597702,80.2488479614,54894,54904,10
13.0712604523,80.2480621338,54904,54915,11
13.070980072,80.2473526001,54915,54925,10
13.070599556,80.2465667725,54925,54935,10
13.0701398849,80.2455978394,54935,54945,10
13.069729805,80.2445602417,54945,54955,10
13.0692996979,80.2433624268,54955,54975,20
13.0692996979,80.2433624268,54975,54985,10
13.0692396164,80.2431182861,54985,54995,10
13.0691699982,80.2426376343,54995,55005,10
13.0687103271,80.2425079346,55005,55015,10
13.0681400299,80.2426605225,55015,55026,11
13.067489624,80.2428970337,55026,55036,10
13.0670404434,80.2431335449,55036,55046,10
13.0666103363,80.2433013916,55046,55056,10
13.0661296844,80.243637085,55056,55066,10
13.0661296844,80.2442626953,55066,55076,10
13.0662002563,80.2447967529,55076,55086,10
13.066280365,80.2452774048,55086,55096,10
13.0665102005,80.24584198,55096,55106,10
13.0672101974,80.2462081909,55106,55116,10
13.067779541,80.2464981079,55116,55126,10
13.0678195953,80.2465667725,55126,55137,11
13.0678901672,80.2468566895,55137,55147,10
13.0678596497,80.2476196289,55147,55157,10
13.0673103333,80.2479019165,55157,55166,9
13.0665397644,80.2478790283,55166,55177,11
13.0657997131,80.2478637695,55177,55187,10
13.0648097992,80.2477874756,55187,55197,10
13.0639600754,80.247718811,55197,55207,10
13.0632600784,80.2476425171,55207,55217,10
13.0625200272,80.2476119995,55217,55227,10
13.0617799759,80.2475509644,55227,55237,10
13.0613203049,80.2470474243,55237,55248,11
13.0616102219,80.24659729,55248,55258,10
13.0619001389,80.24609375,55258,55268,10
13.0620698929,80.2453689575,55268,55278,10
13.0625295639,80.2449417114,55278,55288,10
13.0630197525,80.2444915771,55288,55298,10
13.063079834,80.2443771362,55298,55308,10
13.0632400513,80.244102478,55308,55318,10
13.0634002686,80.243522644,55318,55328,10
13.0629901886,80.2434387207,55328,55338,10
13.0627298355,80.2433776855,55338,55348,10
13.0623397827,80.2433166504,55348,55359,11
13.0616998672,80.2432022095,55359,55369,10
13.0611896515,80.2431182861,55369,55379,10
13.0606603622,80.2429275513,55379,55389,10
13.0600795746,80.2427368164,55389,55399,10
13.0593900681,80.2425613403,55399,55409,10
13.0590295792,80.2425765991,55409,55419,10
13.0587797165,80.2426071167,55419,55429,10
13.0586004257,80.2426376343,55429,55439,10
13.0580596924,80.2427368164,55439,55449,10
13.0574998856,80.2428207397,55449,55459,10
13.0572299957,80.2428207397,55459,55470,11
13.056889534,80.2427368164,55470,55480,10
13.056429863,80.2425613403,55480,55490,10
13.0559797287,80.2423324585,55490,55500,10
13.0553398132,80.2422714233,55500,55510,10
13.0546598434,80.2423934937,55510,55520,10
13.0539598465,80.2423019409,55520,55530,10
13.0536899567,80.2421875,55530,55540,10
13.0536203384,80.2421417236,55540,55550,10
13.053319931,80.2419815063,55550,55560,10
13.0526895523,80.2417602539,55560,55576,16
13.0520401001,80.2409286499,55576,55680,104
13.0517396927,80.2406997681,55680,55731,51
13.0517396927,80.2406997681,55731,55741,10
13.0513896942,80.2406387329,55741,55751,10
13.0512399673,80.2406234741,55751,55763,12
13.0511302948,80.2405929565,55763,55773,10
13.050909996,80.2405471802,55773,55783,10
13.0509004593,80.2405471802,55783,55793,10
13.0506801605,80.2405014038,55793,55803,10
13.050450325,80.2404632568,55803,55814,11
13.0501403809,80.2404022217,55814,55914,100
13.0501403809,80.2404022217,55914,55925,11
13.0495100021,80.240196228,55925,55935,10
13.0491800308,80.2401275635,55935,55945,10
13.0490398407,80.2400970459,55945,55955,10
13.0488100052,80.2400894165,55955,55965,10
13.0486497879,80.2400665283,55965,55975,10
13.0482196808,80.2399902344,55975,55985,10
13.0475502014,80.2398300171,55985,55995,10
13.0467796326,80.2396774292,55995,56005,10
13.0462198257,80.2395401001,56005,56015,10
13.0462703705,80.2391967773,56015,56025,10
13.0464296341,80.2386169434,56025,56036,11
13.0465898514,80.2378997803,56036,56046,10
13.0467700958,80.2371368408,56046,56056,10
13.0468997955,80.2363586426,56056,56066,10
13.0469903946,80.2359619141,56066,56076,10
13.0470399857,80.2356796265,56076,56086,10
13.047129631,80.2352905273,56086,56096,10
13.0472202301,80.2345504761,56096,56106,10
13.0473299026,80.233757019,56106,56116,10
13.0473299026,80.2332077026,56116,56126,10
13.0471000671,80.2330093384,56126,56136,10
13.0464801788,80.2329025269,56136,56147,11
13.0451097488,80.2326583862,56147,56167,20
13.0451097488,80.2326583862,56167,56177,10
13.0450296402,80.2326278687,56177,56187,10
13.0446195602,80.2325363159,56187,56197,10
13.0438995361,80.2323989868,56197,56207,10
13.0431699753,80.2323379517,56207,56217,10
13.0424995422,80.2323303223,56217,56227,10
13.0417699814,80.2322616577,56227,56237,10
13.0409202576,80.2320480347,56237,56247,10
13.040140152,80.2317733765,56247,56258,11
13.0391998291,80.2314910889,56258,56268,10
13.0382900238,80.2312393188,56268,56278,10
13.0375299454,80.2309875488,56278,56288,10
13.0368499756,80.230758667,56288,56297,9
13.0367002487,80.230682373,56297,56308,11
13.0362796783,80.2305526733,56308,56318,10
13.0351896286,80.2302627563,56318,56399,81
13.0351896286,80.2302627563,56399,56409,10
13.0351104736,80.2302780151,56409,56419,10
13.034740448,80.2303009033,56419,56429,10
13.0342597961,80.2304077148,56429,56439,10
13.0339803696,80.2304382324,56439,56449,10
13.0334596634,80.230506897,56449,56469,20
13.0334596634,80.230506897,56469,56479,10
13.0333595276,80.2304916382,56479,56490,11
13.0328998566,80.2305526733,56490,56500,10
13.0323896408,80.2306137085,56500,56510,10
13.0317897797,80.230682373,56510,56520,10
13.0311203003,80.23072052,56520,56530,10
13.0308904648,80.230758667,56530,56540,10
13.0306596756,80.2307662964,56540,56550,10
13.0303297043,80.230796814,56550,56560,10
13.0298299789,80.2308578491,56560,56580,20
13.0298299789,80.2308578491,56580,56590,10
13.0296201706,80.2308578491,56590,56601,11
13.0290699005,80.2309188843,56601,56611,10
13.0283403397,80.2309875488,56611,56621,10
13.0277204514,80.231048584,56621,56631,10
13.0276603699,80.2313690186,56631,56641,10
13.0277795792,80.231918335,56641,56651,10
13.0278501511,80.2324905396,56651,56661,10
13.027589798,80.2328262329,56661,56671,10
13.0269403458,80.2329788208,56671,56742,71
13.0269403458,80.2329788208,56742,56752,10
13.02684021,80.2330093384,56752,56762,10
13.026599884,80.233039856,56762,56772,10
13.0263395309,80.2327804565,56772,56782,10
13.0261602402,80.2321624756,56782,56792,10
13.0260000229,80.2314910889,56792,56802,10
13.025759697,80.2306671143,56802,56812,10
13.0252399445,80.2298431396,56812,56823,11
13.0247097015,80.2291793823,56823,56833,10
13.0246400833,80.2291030884,56833,56843,10
13.0244598389,80.2288589478,56843,56853,10
13.0240802765,80.2284164429,56853,56863,10
13.0239696503,80.2282867432,56863,56873,10
13.0239200592,80.2282485962,56873,56883,10
13.0237102509,80.2279586792,56883,56893,10
13.0235204697,80.2277526855,56893,56903,10
13.0232496262,80.2274932861,56903,56913,10
13.0228300095,80.2270736694,56913,56923,10
13.0224304199,80.2267227173,56923,56934,11
13.0219202042,80.2262496948,56934,56944,10
13.0213603973,80.2258224487,56944,56954,10
13.0208101273,80.2253570557,56954,56964,10
13.0201797485,80.2249526978,56964,56974,10
13.019900322,80.2247467041,56974,56984,10
13.019900322,80.2247390747,56984,56994,10
13.0197896957,80.2246627808,56994,57004,10
13.0193500519,80.2244491577,57004,57014,10
13.0185499191,80.2245178223,57014,57024,10
13.0177202225,80.2248764038,57024,57034,10
13.0168504715,80.2252426147,57034,57045,11
13.0161104202,80.2255401611,57045,57055,10
13.01541996,80.2257919312,57055,57065,10
13.014749527,80.2260818481,57065,57075,10
13.0143404007,80.2262420654,57075,57085,10
13.0143203735,80.2262496948,57085,57095,10
13.0139598846,80.2264099121,57095,57105,10
13.0133399963,80.2266387939,57105,57115,10
13.0126199722,80.2269210815,57115,57125,10
13.011879921,80.2272186279,57125,57135,10
13.0110797882,80.2275390625,57135,57145,10
13.0102396011,80.2278823853,57145,57156,11
13.0093297958,80.2282562256,57156,57166,10
13.0090303421,80.2290420532,57166,57176,10
13.0088500977,80.2299880981,57176,57186,10
13.0086698532,80.23097229,57186,57196,10
13.008480072,80.2319107056,57196,57206,10
13.0083303452,80.2328262329,57206,57216,10
13.008310318,80.2332382202,57216,57226,10
13.0082902908,80.2334365845,57226,57236,10
13.0082397461,80.233581543,57236,57246,10
13.0082302094,80.2336578369,57246,57256,10
13.0081195831,80.2339935303,57256,57266,10
13.0080003738,80.2346191406,57266,57277,11
13.0078601837,80.2353363037,57277,57287,10
13.0076799393,80.2361907959,57287,57297,10
13.0074901581,80.2371368408,57297,57307,10
13.0072898865,80.2381515503,57307,57315,8
13.0071697235,80.238861084,57315,57327,12
13.006939888,80.2399215698,57327,57357,30
13.006939888,80.2399215698,57357,57367,10
13.0068702698,80.2406692505,57367,57388,21
13.0068702698,80.2406692505,57388,57398,10
13.0068101883,80.240852356,57398,57408,10
13.0067596436,80.2412796021,57408,57417,9
13.0067396164,80.2418823242,57417,57428,11
13.0067396164,80.2426834106,57428,57438,10
13.0067195892,80.2434234619,57438,57448,10
13.0067195892,80.2442321777,57448,57458,10
13.0066995621,80.2450637817,57458,57468,10
13.0067300797,80.245880127,57468,57478,10
13.0067501068,80.2464599609,57478,57488,10
13.0067596436,80.2468566895,57488,57499,11
13.0066995621,80.2473602295,57499,57509,10
13.0067195892,80.2480926514,57509,57519,10
13.006770134,80.2488632202,57519,57529,10
13.0068702698,80.24949646,57529,57539,10
13.0068597794,80.2495803833,57539,57549,10
13.0068502426,80.2497024536,57549,57559,10
13.006819725,80.2502365112,57559,57569,10
13.0068397522,80.2509384155,57569,57579,10
13.0067901611,80.2515716553,57579,57589,10
13.0065898895,80.2523727417,57589,57599,10
13.0065498352,80.2533416748,57599,57610,11
13.0065803528,80.2543182373,57610,57620,10
13.0066204071,80.2547836304,57620,57630,10
13.0066204071,80.2548599243,57630,57640,10
13.0066099167,80.2551422119,57640,57650,10
13.0066099167,80.2557830811,57650,57660,10
13.0066299438,80.2563705444,57660,57670,10
13.0066604614,80.256980896,57670,57741,71
13.0066604614,80.256980896,57741,57751,10
13.0066204071,80.2572021484,57751,57761,10
13.006529808,80.2574996948,57761,57771,10
13.0062198639,80.2575531006,57771,57781,10
13.0057601929,80.2574615479,57781,57791,10
13.0051803589,80.2573013306,57791,57801,10
13.0045099258,80.2571563721,57801,57811,10
13.0038604736,80.2570037842,57811,57821,10
13.0032701492,80.2568969727,57821,57831,10
13.0027599335,80.2568130493,57831,57842,11
13.0023002625,80.256729126,57842,57852,10
13.0019302368,80.2566833496,57852,57912,60
13.0019302368,80.2566833496,57912,57922,10
13.0016202927,80.2565536499,57922,57932,10
13.0010595322,80.2565002441,57932,57942,10
13.000120163,80.256401062,57942,57963,21
13.000120163,80.256401062,57963,57973,10
12.9999599457,80.2563476563,57973,57983,10
12.9996299744,80.2562789917,57983,57993,10
12.9991798401,80.2561798096,57993,58003,10
12.99862957,80.2560882568,58003,58013,10
12.9980602264,80.2560272217,58013,58023,10
12.9975500107,80.2559890747,58023,58033,10
12.9972000122,80.2559661865,58033,58043,10
12.9969301224,80.2561264038,58043,58053,10
12.9968595505,80.2566299438,58053,58064,11
12.9968595505,80.2569885254,58064,58074,10
12.9968500137,80.2570495605,58074,58090,16
12.9967498779,80.2578811646,58090,58102,12
12.9966802597,80.2587127686,58102,58112,10
12.9966096878,80.2593231201,58112,58122,10
12.9965496063,80.260017395,58122,58132,10
12.9964599609,80.2607727051,58132,58142,10
12.9963798523,80.2614898682,58142,58152,10
12.9963502884,80.2620162964,58152,58162,10
12.9962797165,80.2624588013,58162,58173,11
12.9962701797,80.2624664307,58173,58183,10
12.9962396622,80.2626800537,58183,58193,10
12.9961996078,80.2632217407,58193,58203,10
12.9961204529,80.2639389038,58203,58213,10
12.9960403442,80.2647323608,58213,58223,10
12.9959897995,80.2652816772,58223,58233,10
12.9959497452,80.2654876709,58233,58243,10
12.995880127,80.2660980225,58243,58253,10
12.9957895279,80.2668075562,58253,58263,10
12.9957199097,80.2675170898,58263,58273,10
12.9961004257,80.2677230835,58273,58284,11
12.9962501526,80.2677307129,58284,58294,10
12.9967403412,80.2677612305,58294,58304,10
12.9974803925,80.267578125,58304,58314,10
12.9982404709,80.2673797607,58314,58324,10
12.9990501404,80.2671737671,58324,58334,10
13.0000696182,80.2666778564,58334,58354,20
13.0000696182,80.2666778564,58354,58364,10
13.0001401901,80.2664489746,58364,58374,10
13.0002002716,80.2658996582,58374,58384,10
13.0003404617,80.2657775879,58384,58395,11
13.0003299713,80.2661972046,58395,58879,484
13.0004997253,80.2664794922,58879,59010,131
13.0003595352,80.2663497925,59010,59272,262
13.0003595352,80.2663497925,59272,59282,10
13.0003204346,80.2664108276,59282,59293,11
13.0003004074,80.2667007446,59293,59303,10
13.000169754,80.2669219971,59303,59313,10
12.9996995926,80.2670288086,59313,59323,10
12.999130249,80.2671890259,59323,59333,10
12.9982795715,80.2674102783,59333,59353,20
12.9982795715,80.2674102783,59353,59364,11
12.9981203079,80.2674407959,59364,59374,10
12.9976196289,80.267578125,59374,59384,10
12.9970598221,80.2677383423,59384,59394,10
12.9962396622,80.2677764893,59394,59405,11
12.9957103729,80.2677383423,59405,59415,10
12.9956502914,80.2675170898,59415,59425,10
12.9956798553,80.2674102783,59425,59435,10
12.9957199097,80.266960144,59435,59445,10
12.9957895279,80.2662506104,59445,59455,10
12.995880127,80.2654571533,59455,59465,10
12.9960002899,80.2646484375,59465,59475,10
12.9960603714,80.2638626099,59475,59485,10
12.9961299896,80.2631607056,59485,59495,10
12.9961795807,80.2626724243,59495,59505,10
12.9961996078,80.2625808716,59505,59516,11
12.9962501526,80.2621383667,59516,59526,10
12.9963197708,80.2616119385,59526,59536,10
12.9963903427,80.260887146,59536,59546,10
12.9965000153,80.2600784302,59546,59556,10
12.9965200424,80.2595672607,59556,59566,10
12.9965200424,80.2594070435,59566,59576,10
12.9965896606,80.2588577271,59576,59586,10
12.9966497421,80.2581863403,59586,59596,10
12.9967603683,80.2574386597,59596,59606,10
12.9968099594,80.2567825317,59606,59616,10
12.9968395233,80.2562789917,59616,59627,11
12.9968500137,80.2562179565,59627,59637,10
12.9968595505,80.2560806274,59637,59647,10
12.9969501495,80.2559127808,59647,59657,10
12.997300148,80.2559204102,59657,59667,10
12.9979095459,80.2559814453,59667,59677,10
12.9986400604,80.2560577393,59677,59697,20
12.9986400604,80.2560577393,59697,59707,10
12.9987201691,80.2560806274,59707,59717,10
12.999130249,80.2561416626,59717,59727,10
12.9996995926,80.2562713623,59727,59738,11
13.0003900528,80.256401062,59738,59748,10
13.0008602142,80.2565231323,59748,59788,40
13.0008602142,80.2565231323,59788,59798,10
13.0010004044,80.2565917969,59798,59808,10
13.0014200211,80.2566375732,59808,59818,10
13.0019197464,80.256690979,59818,59828,10
13.0024995804,80.2567672729,59828,59838,10
13.0031003952,80.2568664551,59838,59848,10
13.0037002563,80.2569732666,59848,59859,11
13.0043096542,80.2570800781,59859,59869,10
13.0049295425,80.2572021484,59869,59879,10
13.0053396225,80.2572479248,59879,59889,10
13.0055904388,80.2573318481,59889,59899,10
13.006070137,80.2574234009,59899,59909,10
13.0065002441,80.2573623657,59909,59919,10
13.0064697266,80.256729126,59919,59929,10
13.0064697266,80.2558670044,59929,59939,10
13.0065202713,80.2549972534,59939,59949,10
13.0064897537,80.25415802,59949,59959,10
13.0064897537,80.25340271,59959,59970,11
13.006480217,80.2532806396,59970,59980,10
13.0064601898,80.253036499,59980,59990,10
13.0065002441,80.252532959,59990,60010,20
13.0065002441,80.252532959,60010,60020,10
13.0065402985,80.2523803711,60020,60030,10
13.0066204071,80.2519302368,60030,60040,10
13.0067195892,80.2512512207,60040,60050,10
13.0067195892,80.250289917,60050,60060,10
13.0067100525,80.2497634888,60060,60070,10
13.0067100525,80.2495422363,60070,60081,11
13.0066795349,80.2488327026,60081,60091,10
13.006649971,80.2481765747,60091,60111,20
13.006649971,80.2481765747,60111,60121,10
13.0066404343,80.248046875,60121,60131,10
13.0066404343,80.2476425171,60131,60141,10
13.0065803528,80.2467803955,60141,60161,20
13.0065803528,80.2467803955,60161,60171,10
13.0065402985,80.2466430664,60171,60181,10
13.0066299438,80.2461471558,60181,60192,11
13.0066299438,80.2454605103,60192,60202,10
13.0066099167,80.2449188232,60202,60212,10
13.0066299438,80.2443771362,60212,60222,10
13.0066099167,80.2438201904,60222,60232,10
13.0065698624,80.2431182861,60232,60242,10
13.0065498352,80.2423171997,60242,60252,10
13.0065498352,80.2414932251,60252,60262,10
13.0065803528,80.2409820557,60262,60272,10
13.0066099167,80.2407989502,60272,60282,10
13.006649971,80.240562439,60282,60292,10
13.0067396164,80.2401885986,60292,60303,11
13.0069103241,80.2394790649,60303,60313,10
13.007060051,80.2386703491,60313,60323,10
13.007229805,80.2378616333,60323,60333,10
13.0073699951,80.2371520996,60333,60349,16
13.0073900223,80.2368164063,60349,60361,12
13.0074300766,80.2367401123,60361,60371,10
13.0074996948,80.236541748,60371,60381,10
13.0076303482,80.2359390259,60381,60391,10
13.0077695847,80.2352371216,60391,60401,10
13.0077896118,80.235168457,60401,60411,10
13.0077896118,80.2351379395,60411,60422,11
13.0078601837,80.2347183228,60422,60432,10
13.0080003738,80.2340698242,60432,60441,9
13.0081501007,80.2333221436,60441,60452,11
13.0083503723,80.2323226929,60452,60462,10
13.0085201263,80.2313919067,60462,60472,10
13.0087099075,80.2303771973,60472,60480,8
13.0088701248,80.2295684814,60480,60491,11
13.009059906,80.2285995483,60491,60502,11
13.0094499588,80.2275009155,60502,60512,10
13.0099601746,80.2263793945,60512,60522,10
13.0103302002,80.2255783081,60522,60533,11
13.0106401443,80.2249679565,60533,60543,10
13.0108604431,80.2244873047,60543,60553,10
13.0111398697,80.2238693237,60553,60563,10
13.0114097595,80.2232437134,60563,60573,10
13.0116996765,80.2225570679,60573,60583,10
13.0120096207,80.2217712402,60583,60593,10
13.0123901367,80.2216567993,60593,60603,10
13.0127496719,80.2220993042,60603,60613,10
13.0132198334,80.2226104736,60613,60623,10
13.0136899948,80.2231826782,60623,60633,10
13.0142097473,80.223777771,60633,60644,11
13.0148000717,80.2244796753,60644,60660,16
13.0150995255,80.2247085571,60660,60672,12
13.0154304504,80.2249984741,60672,60682,10
13.0155000687,80.2250518799,60682,60692,10
13.0155601501,80.2250595093,60692,60702,10
13.0159101486,80.2253494263,60702,60712,10
13.0165996552,80.2253112793,60712,60722,10
13.0173301697,80.2250289917,60722,60732,10
13.0180997849,80.2247161865,60732,60742,10
13.0188102722,80.2244415283,60742,60753,11
13.0194597244,80.2244033813,60753,60763,10
13.0196695328,80.2244873047,60763,60773,10
13.0199699402,80.2247085571,60773,60782,9
13.0203800201,80.2250289917,60782,60793,11
13.0208597183,80.2253799438,60793,60803,10
13.0214004517,80.2257995605,60803,60813,10
13.0220003128,80.2262115479,60813,60833,20
13.0220003128,80.2262115479,60833,60843,10
13.0221300125,80.2263336182,60843,60853,10
13.0224304199,80.2266311646,60853,60864,11
13.0227098465,80.2268981934,60864,60874,10
13.022939682,80.2270965576,60874,60884,10
13.0232400894,80.2274017334,60884,60894,10
13.0235996246,80.2277374268,60894,60904,10
13.0239095688,80.2280502319,60904,60914,10
13.0242500305,80.2283401489,60914,60924,10
13.0244197845,80.2285919189,60924,60934,10
13.0246601105,80.2289428711,60934,60975,41
13.0246601105,80.2289428711,60975,60985,10
13.0247497559,80.2290420532,60985,60995,10
13.0250797272,80.2294998169,60995,61005,10
13.0255498886,80.2301101685,61005,61015,10
13.0259599686,80.2309036255,61015,61065,50
13.0259599686,80.2309036255,61065,61075,10
13.0259799957,80.2310791016,61075,61086,11
13.0261297226,80.2313995361,61086,61096,10
13.026599884,80.2312774658,61096,61106,10
13.0273103714,80.2311019897,61106,61116,10
13.0284996033,80.2309494019,61116,61135,19
13.0284996033,80.2309494019,61135,61146,11
13.0288600922,80.2309112549,61146,61156,10
13.0293397903,80.2308807373,61156,61197,41
13.0293397903,80.2308807373,61197,61207,10
13.0295696259,80.2309188843,61207,61217,10
13.0301198959,80.2308578491,61217,61227,10
13.0306196213,80.2307815552,61227,61237,10
13.0311603546,80.2307434082,61237,61247,10
13.0318603516,80.230682373,61247,61257,10
13.0325403214,80.2306137085,61257,61267,10
13.0331897736,80.2305679321,61267,61277,10
13.0338201523,80.2305221558,61277,61287,10
13.0342597961,80.2304382324,61287,61297,10
13.0343904495,80.2304000854,61297,61328,31
13.0343904495,80.2304000854,61328,61344,16
13.0346002579,80.2303619385,61344,61406,62
13.0346002579,80.2303619385,61406,61416,10
13.0347995758,80.2304382324,61416,61427,11
13.0349903107,80.2305908203,61427,61437,10
13.0349502563,80.2309570313,61437,61447,10
13.0348701477,80.2314834595,61447,61457,10
13.0347795486,80.2320709229,61457,61467,10
13.0347003937,80.2327423096,61467,61476,9
13.0346403122,80.2332305908,61476,61487,11
13.0346002579,80.2335662842,61487,61497,10
13.0345201492,80.2341918945,61497,61507,10
13.0344400406,80.2349090576,61507,61517,10
13.0343399048,80.2356109619,61517,61527,10
13.034239769,80.2364120483,61527,61538,11
13.0342197418,80.237159729,61538,61548,10
13.0342502594,80.2372817993,61548,61558,10
13.0343503952,80.2374725342,61558,61638,80
13.0343503952,80.2374725342,61638,61649,11
13.0343999863,80.2375869751,61649,61659,10
13.0346498489,80.2379837036,61659,61669,10
13.0349798203,80.2385482788,61669,61679,10
13.035320282,80.2390670776,61679,61689,10
13.0356798172,80.2394104004,61689,61699,10
13.0363302231,80.2394714355,61699,61709,10
13.0369796753,80.2395172119,61709,61719,10
13.0372600555,80.2395629883,61719,61729,10
13.037899971,80.2396316528,61729,61739,10
13.0385599136,80.2397384644,61739,61749,10
13.0392103195,80.2398071289,61749,61760,11
13.0402402878,80.2399597168,61760,61780,20
13.0402402878,80.2399597168,61780,61790,10
13.0403900146,80.2400588989,61790,61800,10
13.0403995514,80.2404022217,61800,61810,10
13.0406999588,80.2405776978,61810,61820,10
13.0410203934,80.2406005859,61820,61830,10
13.0410699844,80.2406082153,61830,61840,10
13.0414199829,80.2406311035,61840,61850,10
13.0420198441,80.2407073975,61850,61860,10
13.0427103043,80.2408370972,61860,61871,11
13.0434904099,80.2409591675,61871,61881,10
13.0440301895,80.2409667969,61881,61891,10
13.0444297791,80.2406997681,61891,61931,40
13.0444297791,80.2406997681,61931,61941,10
13.0447702408,80.2404022217,61941,61951,10
13.0452299118,80.2401123047,61951,61961,10
13.0457201004,80.2397994995,61961,61971,10
13.0461997986,80.2395401001,61971,61981,10
13.0465497971,80.2396316528,61981,61992,11
13.0466499329,80.2396316528,61992,62002,10
13.04708004,80.2397384644,62002,62018,16
13.0481996536,80.239982605,62018,62030,12
13.0488996506,80.2401199341,62030,62040,10
13.0492801666,80.240196228,62040,62050,10
13.0499601364,80.2403411865,62050,62060,10
13.050620079,80.2404937744,62060,62070,10
13.0511703491,80.2406005859,62070,62080,10
13.0512104034,80.2406082153,62080,62090,10
13.05148983,80.2406692505,62090,62101,11
13.0523195267,80.240852356,62101,62131,30
13.0523195267,80.240852356,62131,62141,10
13.0524597168,80.2409667969,62141,62151,10
13.0525999069,80.2414474487,62151,62201,50
13.0525999069,80.2414474487,62201,62212,11
13.0526103973,80.2415008545,62212,62222,10
13.0529003143,80.2417984009,62222,62232,10
13.0535202026,80.2420730591,62232,62242,10
13.0541000366,80.2422790527,62242,62262,20
13.0541000366,80.2422790527,62262,62272,10
13.0544204712,80.2423706055,62272,62282,10
13.0550403595,80.2423171997,62282,62292,10
13.0558099747,80.2423095703,62292,62302,10
13.056599617,80.2426376343,62302,62343,41
13.056599617,80.2426376343,62343,62353,10
13.0569200516,80.2426376343,62353,62363,10
13.0577001572,80.2427978516,62363,62383,20
13.0577001572,80.2427978516,62383,62393,10
13.0578804016,80.2427825928,62393,62403,10
13.058380127,80.2426834106,62403,62413,10
13.0589704514,80.2425765991,62413,62423,10
13.0594596863,80.2425231934,62423,62434,11
13.0601100922,80.2427597046,62434,62444,10
13.0606002808,80.2429428101,62444,62454,10
13.0610399246,80.2431030273,62454,62464,10
13.0614204407,80.2431716919,62464,62474,10
13.0617799759,80.2432327271,62474,62484,10
13.0622596741,80.2433319092,62484,62494,10
13.0625,80.2433700562,62494,62504,10
13.0625801086,80.2433700562,62504,62514,10
13.0629501343,80.2434463501,62514,62524,10
13.0635004044,80.2435302734,62524,62534,10
13.0639200211,80.2435302734,62534,62545,11
13.0642204285,80.243560791,62545,62555,10
13.0645799637,80.243522644,62555,62575,20
13.0645799637,80.243522644,62575,62585,10
13.0648403168,80.243522644,62585,62595,10
13.0652399063,80.2435302734,62595,62605,10
13.0655603409,80.2434768677,62605,62615,10
13.0658798218,80.2434463501,62615,62631,16
13.0658903122,80.2434463501,62631,62643,12
13.0661497116,80.2434310913,62643,62652,9
13.066280365,80.2433929443,62652,62662,10
13.0666103363,80.2432785034,62662,62674,12
13.0671396255,80.2430801392,62674,62684,10
13.0676803589,80.2428588867,62684,62694,10
13.0682096481,80.2426834106,62694,62704,10
13.0686397552,80.2425537109,62704,62714,10
13.0691795349,80.2423324585,62714,62723,9
13.0697898865,80.2421722412,62723,62765,42
13.0697898865,80.2421722412,62765,62775,10
13.0700702667,80.2421264648,62775,62785,10
13.0704698563,80.2420196533,62785,62795,10
13.0710296631,80.241859436,62795,62805,10
13.0716400146,80.241607666,62805,62815,10
13.0722398758,80.2412414551,62815,62825,10
13.0728397369,80.2408828735,62825,62835,10
13.0732603073,80.2407608032,62835,62845,10
13.0736103058,80.2406616211,62845,62855,10
13.0740499496,80.2405395508,62855,62865,10
13.0746803284,80.2405166626,62865,62875,10
13.075460434,80.2405090332,62875,62886,11
13.0763196945,80.2405166626,62886,62896,10
13.076880455,80.2406463623,62896,62906,10
13.0771198273,80.2405471802,62906,62916,10
13.0770797729,80.2400817871,62916,62926,10
13.0768995285,80.2393493652,62926,62936,10
13.0767202377,80.2387008667,62936,62946,10
13.0766201019,80.2382965088,62946,62956,10
13.0766096115,80.238243103,62956,62966,10
13.07654953,80.2379608154,62966,62976,10
13.0764598846,80.2375869751,62976,62986,10
13.0763902664,80.2372512817,62986,62997,11
13.0763902664,80.2372436523,62997,63007,10
13.0763902664,80.237159729,63007,63017,10
13.0763196945,80.2368011475,63017,63027,10
13.0762395859,80.2361907959,63027,63037,10
13.0761299133,80.2355575562,63037,63047,10
13.0759801865,80.2348937988,63047,63057,10
13.0758695602,80.2345199585,63057,63067,10
13.075799942,80.2342376709,63067,63077,10
13.0759096146,80.2338485718,63077,63087,10
13.0761804581,80.2338180542,63087,63097,10
13.0764598846,80.2337799072,63097,63108,11
13.0768098831,80.2337188721,63108,63118,10
13.0769195557,80.2337265015,63118,63128,10
13.077340126,80.2336578369,63128,63138,10
13.0778799057,80.2335968018,63138,63148,10
13.0784301758,80.2335662842,63148,63158,10
13.0787601471,80.2335662842,63158,63168,10
13.079199791,80.233543396,63168,63178,10
13.07970047,80.233543396,63178,63188,10
13.0799999237,80.2335586548,63188,63198,10
13.0802898407,80.2335281372,63198,63208,10
13.0803003311,80.2335281372,63208,63219,11
13.0805797577,80.233543396,63219,63229,10
13.0810699463,80.2335205078,63229,63239,10
13.0816898346,80.2335586548,63239,63249,10
13.0819702148,80.2332611084,63249,63259,10
13.0820598602,80.2326889038,63259,63269,10
13.0822000504,80.2322692871,63269,63285,16
13.0824604034,80.2314376831,63285,63297,12
13.0824699402,80.2314300537,63297,63305,8
13.0826101303,80.2311706543,63305,63317,12
13.0828895569,80.230682373,63317,63327,10
13.0831298828,80.2311019897,63327,63338,11
13.0832004547,80.2319717407,63338,63347,9
13.0832700729,80.2326126099,63347,63358,11
13.0833997726,80.2331771851,63358,63368,10
13.0835199356,80.2336807251,63368,63378,10
13.0840797424,80.2339935303,63378,63398,20
13.0840797424,80.2339935303,63398,63408,10
13.0842695236,80.2340621948,63408,63417,9
13.0845003128,80.2341003418,63417,63428,11
13.0850296021,80.2342224121,63428,63439,11
13.085729599,80.2343978882,63439,63449,10
13.0862798691,80.2344970703,63449,63459,10
13.0867500305,80.2345581055,63459,63469,10
13.0873603821,80.2345962524,63469,63479,10
13.0879096985,80.2341995239,63479,63489,10
13.08796978,80.233581543,63489,63499,10
13.0881500244,80.232673645,63499,63509,10
13.0883798599,80.2317886353,63509,63519,10
13.0886001587,80.2311935425,63519,63529,10
13.0888595581,80.2305374146,63529,63550,21
13.0888595581,80.2305374146,63550,63560,10
13.0890398026,80.2302474976,63560,63570,10
13.08934021,80.2296829224,63570,63580,10
13.0898704529,80.2290115356,63580,63590,10
13.0905103683,80.2283096313,63590,63600,10
13.0914096832,80.2273025513,63600,63620,20
13.0914096832,80.2273025513,63620,63630,10
13.091509819,80.2272186279,63630,63640,10
13.0918798447,80.226852417,63640,63650,10
13.0923700333,80.2263412476,63650,63660,10
13.0929098129,80.2258224487,63660,63671,11
13.0931901932,80.2255172729,63671,63681,10
13.0931901932,80.2255096436,63681,63691,10
13.0934095383,80.2252731323,63691,63701,10
13.0937299728,80.224899292,63701,63711,10
13.09416008,80.2243804932,63711,63721,10
13.0946798325,80.2236785889,63721,63731,10
13.0951099396,80.2228927612,63731,63741,10
13.0953197479,80.2222976685,63741,63751,10
13.0953702927,80.2221832275,63751,63761,10
13.0954704285,80.2219085693,63761,63771,10
13.0956296921,80.2214736938,63771,63782,11
13.095749855,80.2210998535,63782,63792,10
13.0959701538,80.2205505371,63792,63802,10
13.0960998535,80.2200775146,63802,63812,10
13.0961198807,80.2200164795,63812,63822,10
13.0962400436,80.2197113037,63822,63832,10
13.0963201523,80.2194595337,63832,63842,10
13.0964298248,80.2191772461,63842,63852,10
13.0965499878,80.2189102173,63852,63862,10
13.0967197418,80.2183990479,63862,63872,10
13.0969495773,80.2177276611,63872,63883,11
13.0971603394,80.2171020508,63883,63893,10
13.0971803665,80.217048645,63893,63903,10
13.0973300934,80.2167205811,63903,63913,10
13.0975599289,80.2161636353,63913,63923,10
13.097820282,80.2155380249,63923,63933,10
13.0980396271,80.2150268555,63933,63943,10
13.0981798172,80.2146606445,63943,63993,50
13.0981798172,80.2146606445,63993,64004,11
13.0983695984,80.2142181396,64004,64014,10
13.0985498428,80.214012146,64014,64024,10
13.0988702774,80.2141494751,64024,64034,10
13.0993099213,80.2143096924,64034,64044,10
13.0997695923,80.2144165039,64044,64054,10
13.1001996994,80.2145614624,64054,64094,40
13.1001996994,80.2145614624,64094,64104,10
13.1004600525,80.2146682739,64104,64115,11
13.1005601883,80.2149810791,64115,64125,10
13.100279808,80.2155914307,64125,64135,10
13.100060463,80.2160873413,64135,64145,10
13.1000204086,80.2161331177,64145,64155,10
13.0999603271,80.2158203125,64155,64165,10
13.1001195908,80.2154769897,64165,64175,10
13.1003198624,80.2149429321,64175,64902,727
13.1003198624,80.2149429321,64902,64912,10
13.1002597809,80.2146530151,64912,64922,10
13.100060463,80.2145004272,64922,64932,10
13.0998001099,80.2144393921,64932,64942,10
13.0993404388,80.2143173218,64942,64952,10
13.0985898972,80.2140579224,64952,65002,50
13.0985898972,80.2140579224,65002,65013,11
13.0984802246,80.2140808105,65013,65023,10
13.0983200073,80.2144088745,65023,65033,10
13.0980997086,80.2149429321,65033,65043,10
13.097869873,80.215461731,65043,65053,10
13.0975999832,80.2161026001,65053,65063,10
13.0973796844,80.2167205811,65063,65073,10
13.0973100662,80.2168731689,65073,65083,10
13.0971603394,80.2172470093,65083,65093,10
13.0969495773,80.2178421021,65093,65103,10
13.0968399048,80.2181930542,65103,65113,10
13.0966796875,80.2187194824,65113,65124,11
13.096540451,80.2191467285,65124,65134,10
13.0963201523,80.2197036743,65134,65144,10
13.0960597992,80.2204437256,65144,65154,10
13.0958499908,80.2210617065,65154,65164,10
13.0956697464,80.2216186523,65164,65174,10
13.0954303741,80.2222976685,65174,65184,10
13.0951795578,80.2229232788,65184,65194,10
13.094619751,80.2238693237,65194,65204,10
13.0940904617,80.2246017456,65204,65214,10
13.0936203003,80.2251663208,65214,65224,10
13.093079567,80.2257537842,65224,65235,11
13.0924596786,80.2263793945,65235,65245,10
13.0918998718,80.2269363403,65245,65255,10
13.0914001465,80.2275009155,65255,65265,10
13.0912504196,80.2276611328,65265,65275,10
13.0911502838,80.2277526855,65275,65285,10
13.0907897949,80.2281112671,65285,65295,10
13.0902700424,80.2286682129,65295,65305,10
13.0896701813,80.2293319702,65305,65315,10
13.0892496109,80.2300567627,65315,65325,10
13.0891199112,80.2303390503,65325,65335,10
13.0888996124,80.2308273315,65335,65346,11
13.0888299942,80.2309570313,65346,65356,10
13.0887098312,80.2311935425,65356,65366,10
13.0886497498,80.2313537598,65366,65376,10
13.0885801315,80.2314987183,65376,65386,10
13.0884304047,80.2319412231,65386,65396,10
13.0882396698,80.2326583862,65396,65406,10
13.0880699158,80.2334594727,65406,65416,10
13.0880002975,80.2342529297,65416,65426,10
13.0875196457,80.2345809937,65426,65436,10
13.0870399475,80.2345962524,65436,65446,10
13.0864400864,80.2345428467,65446,65457,11
13.0860395432,80.2344589233,65457,65467,10
13.0858001709,80.2343978882,65467,65477,10
13.0853204727,80.2342834473,65477,65487,10
13.0847597122,80.2341308594,65487,65497,10
13.0842504501,80.2340164185,65497,65507,10
13.0836801529,80.2339096069,65507,65537,30
13.0836801529,80.2339096069,65537,65547,10
13.0833902359,80.2339019775,65547,65557,10
13.0828895569,80.233833313,65557,65567,10
13.0825195313,80.2337036133,65567,65578,11
13.0824403763,80.2336807251,65578,65588,10
13.0822496414,80.2336273193,65588,65598,10
13.0818595886,80.233581543,65598,65608,10
13.0813999176,80.233581543,65608,65618,10
13.0810203552,80.2335586548,65618,65628,10
13.0808601379,80.233581543,65628,65638,10
13.0804595947,80.233581543,65638,65648,10
13.0795202255,80.2335510254,65648,65668,20
13.0795202255,80.2335510254,65668,65679,11
13.0790596008,80.2335968018,65679,65689,10
13.0786104202,80.2336196899,65689,65699,10
13.0781202316,80.2336425781,65699,65709,10
13.0774698257,80.2337036133,65709,65719,10
13.0766601563,80.233833313,65719,65729,10
13.076210022,80.2339477539,65729,65739,10
13.0760602951,80.2339706421,65739,65749,10
13.0759401321,80.2343826294,65749,65758,9
13.0760498047,80.2349777222,65758,65769,11
13.0761899948,80.2357635498,65769,65779,10
13.0763196945,80.2366027832,65779,65790,11
13.076499939,80.2373504639,65790,65800,10
13.076499939,80.2373733521,65800,65810,10
13.0765199661,80.2374725342,65810,65820,10
13.0765199661,80.2375030518,65820,65830,10
13.0765895844,80.2377929688,65830,65840,10
13.0766296387,80.2381286621,65840,65850,10
13.0767202377,80.2385406494,65850,65860,10
13.0768203735,80.2389907837,65860,65870,10
13.0769195557,80.2394332886,65870,65880,10
13.0770597458,80.2398834229,65880,65890,10
13.0771398544,80.2402267456,65890,65930,40
13.0771398544,80.2402267456,65930,65941,11
13.0771903992,80.2403106689,65941,65951,10
13.0772800446,80.2406997681,65951,65961,10
13.0773801804,80.2410888672,65961,65971,10
13.0774097443,80.2414779663,65971,65981,10
13.0775499344,80.2420120239,65981,65991,10
13.0776796341,80.2426376343,65991,66001,10
13.0777702332,80.2433624268,66001,66012,11
13.0777997971,80.244140625,66012,66022,10
13.0778398514,80.244720459,66022,66032,10
13.07791996,80.2454681396,66032,66042,10
13.0779695511,80.2462005615,66042,66052,10
13.0781097412,80.246963501,66052,66062,10
13.0782604218,80.2477416992,66062,66072,10
13.0784301758,80.2485198975,66072,66082,10
13.0785598755,80.2490386963,66082,66092,10
13.0786600113,80.2495269775,66092,66102,10
13.0787200928,80.2502212524,66102,66112,10
13.0784902573,80.2508163452,66112,66123,11
13.0786104202,80.2515182495,66123,66133,10
13.0784101486,80.2517089844,66133,66143,10
13.078040123,80.2517776489,66143,66153,10
13.0774497986,80.2518997192,66153,66163,10
13.0767803192,80.2520217896,66163,66173,10
13.0760402679,80.252166748,66173,66183,10
13.0753803253,80.2522583008,66183,66193,10
13.0747404099,80.252281189,66193,66203,10
13.0741996765,80.2522964478,66203,66213,10
13.0738697052,80.2524490356,66213,66223,10
13.0733299255,80.2524719238,66223,66234,11
13.0727901459,80.2524032593,66234,66244,10
13.0723400116,80.2521896362,66244,66254,10
13.07213974,80.2516784668,66254,66264,10
13.0720396042,80.2509994507,66264,66274,10
13.0718202591,80.2502822876,66274,66284,10
13.0716199875,80.2496185303,66284,66294,10
13.0714998245,80.2489471436,66294,66304,10
13.0713596344,80.2482681274,66304,66314,10
13.0711202621,80.2477035522,66314,66324,10
13.0707702637,80.2469787598,66324,66334,10
13.0704298019,80.2462768555,66334,66345,11
13.0699701309,80.2452697754,66345,66355,10
13.0696697235,80.244430542,66355,66365,10
13.0694303513,80.2437210083,66365,66375,10
13.0692996979,80.2433776855,66375,66385,10
13.0693101883,80.2433776855,66385,66395,10
13.0692796707,80.243270874,66395,66405,10
13.0692300797,80.2428207397,66405,66415,10
13.0688295364,80.2425613403,66415,66425,10
13.0682001114,80.2427520752,66425,66435,10
13.0677995682,80.2428817749,66435,66526,91
13.0677995682,80.2428817749,66526,66536,10
13.0675497055,80.2429199219,66536,66546,10
13.0673503876,80.2429885864,66546,66556,10
13.0670003891,80.2431564331,66556,66566,10
13.0667695999,80.2432632446,66566,66577,11
13.0663499832,80.2434310913,66577,66587,10
13.0661296844,80.2439422607,66587,66597,10
13.0662202835,80.244682312,66597,66607,10
13.0663299561,80.2454986572,66607,66617,10
13.0667600632,80.2460784912,66617,66627,10
13.0677499771,80.2465209961,66627,66647,20
13.0677499771,80.2465209961,66647,66657,10
13.0678195953,80.2467193604,66657,66667,10
13.067899704,80.247253418,66667,66677,10
13.0678300858,80.2478713989,66677,66687,10
13.0672798157,80.2479324341,66687,66698,11
13.066450119,80.2478790283,66698,66708,10
13.0656404495,80.2478103638,66708,66718,10
13.0648698807,80.2477722168,66718,66728,10
13.0640802383,80.247718811,66728,66738,10
13.0634202957,80.2476577759,66738,66748,10
13.0628795624,80.2476272583,66748,66758,10
13.062210083,80.2476119995,66758,66768,10
13.0617399216,80.2474899292,66768,66778,10
13.0614700317,80.2472763062,66778,66788,10
13.0614299774,80.2469406128,66788,66799,11
13.0617303848,80.2465667725,66799,66809,10
13.0618801117,80.2459564209,66809,66819,10
13.0620603561,80.2453536987,66819,66835,16
13.0631198883,80.244430542,66835,66857,22
13.0631198883,80.244430542,66857,66866,9
13.0632200241,80.2442779541,66866,66877,11
13.0633401871,80.2440185547,66877,66888,11
13.0634098053,80.243598938,66888,66898,10
13.063079834,80.2435073853,66898,66909,11
13.0625801086,80.2434005737,66909,66919,10
13.062330246,80.2433624268,66919,66928,9
13.0619001389,80.243270874,66928,66939,11
13.0615196228,80.2431793213,66939,66949,10
13.0611095428,80.2431182861,66949,66959,10
13.0607795715,80.2430114746,66959,66969,10
13.0602998734,80.2428665161,66969,66979,10
13.0597696304,80.2427215576,66979,66989,10
13.0593500137,80.2426071167,66989,66999,10
13.0588798523,80.2426605225,66999,67009,10
13.0587596893,80.2426986694,67009,67020,11
13.0583696365,80.2427597046,67020,67030,10
13.0578203201,80.2428436279,67030,67046,16
13.0571603775,80.2428588867,67046,67058,12
13.057009697,80.2428207397,67058,67066,8
13.05671978,80.242729187,67066,67078,12
13.0562801361,80.2425689697,67078,67088,10
13.0559797287,80.24243927,67088,67098,10
13.0553998947,80.2423629761,67098,67108,10
13.0548095703,80.2424621582,67108,67118,10
13.0542898178,80.2424087524,67118,67129,11
13.0537796021,80.2423095703,67129,67149,20
13.0537796021,80.2423095703,67149,67159,10
13.0535497665,80.2421569824,67159,67169,10
13.0529098511,80.241897583,67169,67229,60
13.0529098511,80.241897583,67229,67240,11
13.0526504517,80.2418212891,67240,67250,10
13.0523195267,80.2414779663,67250,67260,10
13.0521202087,80.2410736084,67260,67270,10
13.0519199371,80.2408065796,67270,67280,10
13.0516700745,80.2407608032,67280,67290,10
13.0514097214,80.2407073975,67290,67300,10
13.0511302948,80.2406463623,67300,67310,10
13.0509395599,80.2406005859,67310,67320,10
13.0507602692,80.2405471802,67320,67330,10
13.050330162,80.2404632568,67330,67340,10
13.0498800278,80.2403564453,67340,67351,11
13.0493402481,80.2402572632,67351,67361,10
13.0488395691,80.2401504517,67361,67371,10
13.0484399796,80.2400665283,67371,67381,10
13.0480499268,80.240020752,67381,67401,20
13.0480499268,80.240020752,67401,67411,10
13.0478601456,80.2399520874,67411,67421,10
13.0474901199,80.2398605347,67421,67431,10
13.0470504761,80.2397689819,67431,67441,10
13.0464801788,80.2396621704,67441,67451,10
13.046210289,80.2395401001,67451,67462,11
13.0462598801,80.2393798828,67462,67472,10
13.0462999344,80.2392196655,67472,67482,10
13.0464096069,80.2387924194,67482,67492,10
13.0465698242,80.2381515503,67492,67502,10
13.0466499329,80.2375793457,67502,67512,10
13.0467395782,80.2370071411,67512,67522,10
13.0468997955,80.2363891602,67522,67532,10
13.0469799042,80.236000061,67532,67542,10
13.0470199585,80.235748291,67542,67552,10
13.0470600128,80.2353286743,67552,67562,10
13.0471200943,80.2347106934,67562,67573,11
13.0471897125,80.2339477539,67573,67583,10
13.0472602844,80.2336807251,67583,67593,10
13.0472602844,80.2335205078,67593,67603,10
13.0472698212,80.2332229614,67603,67613,10
13.0469799042,80.2331085205,67613,67623,10
13.0464296341,80.2329864502,67623,67633,10
13.0457696915,80.2328414917,67633,67643,10
13.0452203751,80.2327423096,67643,67653,10
13.0452003479,80.2327423096,67653,67663,10
13.0450401306,80.2326889038,67663,67673,10
13.0449399948,80.2326812744,67673,67684,11
13.0444498062,80.2325515747,67684,67694,10
13.0437602997,80.2324523926,67694,67704,10
13.0430698395,80.2324066162,67704,67714,10
13.0424404144,80.2323989868,67714,67724,10
13.0417203903,80.2323074341,67724,67734,10
13.0409202576,80.2321166992,67734,67744,10
13.0401201248,80.2318191528,67744,67754,10
13.039349556,80.2316131592,67754,67764,10
13.0385704041,80.2314300537,67764,67774,10
13.0378198624,80.2311935425,67774,67784,10
13.0371398926,80.2309494019,67784,67795,11
13.0368204117,80.2308425903,67795,67805,10
13.0364704132,80.2307281494,67805,67815,10
13.0357398987,80.230506897,67815,67875,60
13.0357398987,80.230506897,67875,67885,10
13.0355396271,80.23046875,67885,67895,10
13.0354499817,80.2304382324,67895,67906,11
13.035200119,80.2304000854,67906,67916,10
13.0347995758,80.2304000854,67916,67926,10
13.0344295502,80.2304763794,67926,67936,10
13.034070015,80.2305221558,67936,67946,10
13.0334196091,80.2305679321,67946,67976,30
13.0334196091,80.2305679321,67976,67986,10
13.0331401825,80.2305831909,67986,67996,10
13.0326099396,80.2306213379,67996,68006,10
13.0321302414,80.2306594849,68006,68017,11
13.0319004059,80.2307128906,68017,68027,10
13.0315799713,80.2307281494,68027,68037,10
13.0310297012,80.2307815552,68037,68047,10
13.0307397842,80.230796814,68047,68057,10
13.0303201675,80.2308197021,68057,68067,10
13.0298900604,80.2308731079,68067,68096,29
13.0298900604,80.2308731079,68096,68107,11
13.0292901993,80.2309265137,68107,68117,10
13.028719902,80.2309799194,68117,68128,11
13.0281095505,80.2310409546,68128,68138,10
13.0277004242,80.2311019897,68138,68148,10
13.0277004242,80.231590271,68148,68158,10
13.027759552,80.232093811,68158,68168,10
13.0278701782,80.2326126099,68168,68178,10
13.0276699066,80.2328872681,68178,68188,10
13.027009964,80.2330093384,68188,68279,91
13.027009964,80.2330093384,68279,68289,10
13.0268697739,80.2330932617,68289,68329,40
13.0268697739,80.2330932617,68329,68339,10
13.0267801285,80.2330780029,68339,68350,11
13.0265102386,80.2331237793,68350,68360,10
13.0263795853,80.2330093384,68360,68370,10
13.0262298584,80.2325973511,68370,68380,10
13.0261602402,80.2322769165,68380,68390,10
13.0261297226,80.232131958,68390,68400,10
13.0261096954,80.2319793701,68400,68410,10
13.0260601044,80.2317962646,68410,68420,10
13.0259599686,80.2313613892,68420,68430,10
13.0257396698,80.2306976318,68430,68439,9
13.0254402161,80.2302017212,68439,68450,11
13.025179863,80.2298736572,68450,68461,11
13.0251502991,80.2298431396,68461,68471,10
13.0249996185,80.2296295166,68471,68511,40
13.0249996185,80.2296295166,68511,68521,10
13.0249099731,80.2295532227,68521,68531,10
13.0247602463,80.2293624878,68531,68541,10
13.0245704651,80.2291183472,68541,68551,10
13.0242996216,80.2287368774,68551,68561,10
13.0240402222,80.2284622192,68561,68571,10
13.0240297318,80.2284622192,68571,68582,11
13.0239295959,80.2282867432,68582,68592,10
13.0236597061,80.2279663086,68592,68602,10
13.0233402252,80.2276535034,68602,68612,10
13.0230503082,80.2273406982,68612,68622,10
13.0227899551,80.2270584106,68622,68632,10
13.0226602554,80.2269363403,68632,68642,10
13.0223999023,80.2266998291,68642,68652,10
13.021900177,80.2262802124,68652,68662,10
13.0212802887,80.2258071899,68662,68672,10
13.0207099915,80.2253799438,68672,68682,10
13.0200395584,80.2249298096,68682,68693,11
13.0191602707,80.2245178223,68693,68709,16
13.0177097321,80.2249679565,68709,68721,12
13.0167999268,80.2253723145,68721,68730,9
13.016500473,80.225479126,68730,68741,11
13.0163898468,80.2255325317,68741,68751,10
13.0161895752,80.2256088257,68751,68761,10
13.0157203674,80.2257766724,68761,68771,10
13.0152397156,80.2259674072,68771,68780,9
13.0146903992,80.2261810303,68780,68792,12
13.0142803192,80.226348877,68792,68803,11
13.0142002106,80.226348877,68803,68813,10
13.0137796402,80.2265090942,68813,68823,10
13.0131797791,80.2267379761,68823,68833,10
13.0124902725,80.2270126343,68833,68843,10
13.011759758,80.2273025513,68843,68853,10
13.0109901428,80.2276229858,68853,68863,10
13.0102300644,80.2279205322,68863,68886,23
13.0089797974,80.2293624878,68886,68899,13
13.0087404251,80.2306137085,68899,68909,10
13.0086097717,80.2313079834,68909,68920,11
13.0083398819,80.2327194214,68920,68930,10
13.0082597733,80.2335281372,68930,68940,10
13.0082302094,80.2336273193,68940,68950,10
13.0081300735,80.2339172363,68950,68960,10
13.0080299377,80.2344207764,68960,68970,10
13.007900238,80.2350692749,68970,68980,10
13.0078401566,80.2353591919,68980,68990,10
13.0077495575,80.2358093262,68990,69000,10
13.0076398849,80.236366272,69000,69010,10
13.0075597763,80.2367782593,69010,69020,10
13.0074901581,80.2371368408,69020,69031,11
13.0073900223,80.2376403809,69031,69041,10
13.0073003769,80.2381668091,69041,69051,10
13.0071401596,80.2389373779,69051,69152,101
13.0071401596,80.2389373779,69152,69162,10
13.0070896149,80.239151001,69162,69172,10
13.0069799423,80.2399215698,69172,69353,181
13.0069799423,80.2399215698,69353,69364,11
13.0068998337,80.2402801514,69364,69374,10
13.0068302155,80.2407608032,69374,69383,9
13.0068101883,80.240852356,69383,69394,11
13.0067796707,80.2409896851,69394,69404,10
13.0067300797,80.2415771484,69404,69414,10
13.0066995621,80.2422332764,69414,69424,10
13.0066995621,80.2426300049,69424,69444,20
13.0066995621,80.2426300049,69444,69454,10
13.0066795349,80.2428894043,69454,69465,11
13.0066795349,80.2431564331,69465,69475,10
13.0066795349,80.2433776855,69475,69485,10
13.0066795349,80.2437133789,69485,69495,10
13.0066795349,80.2441864014,69495,69505,10
13.0066900253,80.2444992065,69505,69545,40
13.0066900253,80.2444992065,69545,69555,10
13.0066699982,80.244972229,69555,69565,10
13.0066795349,80.2454528809,69565,69575,10
13.0066995621,80.2459793091,69575,69585,10
13.0067195892,80.2465591431,69585,69596,11
13.0067195892,80.2473983765,69596,69605,9
13.0067100525,80.2481689453,69605,69616,11
13.0068397522,80.2496414185,69616,69636,20
13.0068397522,80.2496414185,69636,69646,10
13.0068397522,80.249710083,69646,69656,10
13.0068101883,80.2501373291,69656,69666,10
13.0068101883,80.2507629395,69666,69676,10
13.0068101883,80.251159668,69676,69697,21
13.0068101883,80.251159668,69697,69707,10
13.0067901611,80.2513809204,69707,69717,10
13.0066795349,80.2518615723,69717,69727,10
13.0065498352,80.2525482178,69727,69737,10
13.0066604614,80.2530136108,69737,69747,10
13.0066299438,80.2535018921,69747,69757,10
13.0065898895,80.2539825439,69757,70574,817
13.0065898895,80.2539825439,70574,70585,11
13.0065803528,80.2542572021,70585,70595,10
13.0065603256,80.2545623779,70595,70605,10
13.0065498352,80.2550125122,70605,70615,10
13.0065698624,80.2555770874,70615,70625,10
13.0065803528,80.2562026978,70625,70635,10
13.0065803528,80.2567062378,70635,70645,10
13.0065898895,80.256980896,70645,70696,51
13.0065898895,80.256980896,70696,70706,10
13.0066204071,80.2571487427,70706,70716,10
13.0066604614,80.2574081421,70716,70726,10
13.0068302155,80.2579193115,70726,70736,10
13.0071401596,80.2584075928,70736,70746,10
13.007519722,80.2587738037,70746,70756,10
13.0080003738,80.2590026855,70756,70766,10
13.007809639,80.2593078613,70766,70776,10
13.0073604584,80.2592086792,70776,70786,10
13.0071401596,80.2586212158,70786,70796,10
13.0068702698,80.2582015991,70796,70807,11
13.0065603256,80.2577819824,70807,70827,20
13.0065603256,80.2577819824,70827,70837,10
13.006480217,80.2575836182,70837,70847,10
13.0064601898,80.2573013306,70847,70857,10
13.0064401627,80.2568435669,70857,70867,10
13.0064496994,80.2562637329,70867,70877,10
13.0064601898,80.2557373047,70877,70887,10
13.006480217,80.255317688,70887,70897,10
13.0065002441,80.2547836304,70897,70907,10
13.006480217,80.2540817261,70907,70918,11
13.006480217,80.25340271,70918,70938,20
13.006480217,80.25340271,70938,70948,10
13.0065002441,80.2531890869,70948,70958,10
13.0064897537,80.2526397705,70958,70968,10
13.0065402985,80.2521362305,70968,71039,71
13.0065402985,80.2521362305,71039,71049,10
13.0065803528,80.2520828247,71049,71059,10
13.006649971,80.2517166138,71059,71069,10
13.0067396164,80.2510528564,71069,71079,10
13.0067195892,80.2505111694,71079,71089,10
13.0067195892,80.2502975464,71089,71099,10
13.0067195892,80.2498168945,71099,71109,10
13.0066900253,80.2492523193,71109,71119,10
13.0066604614,80.2487182617,71119,71129,10
13.0066299438,80.2483291626,71129,71140,11
13.0066099167,80.2479400635,71140,71150,10
13.0066099167,80.247467041,71150,71160,10
13.0065803528,80.2469177246,71160,71170,10
13.006529808,80.2466201782,71170,71180,10
13.006529808,80.2466125488,71180,71190,10
13.0065803528,80.2463226318,71190,71200,10
13.0065097809,80.2459564209,71200,71210,10
13.0065202713,80.2457199097,71210,71220,10
13.0065402985,80.24559021,71220,71230,10
13.0065603256,80.2454605103,71230,71240,10
13.0065698624,80.2452774048,71240,71251,11
13.0065498352,80.2449798584,71251,71261,10
13.0065603256,80.2446975708,71261,71271,10
13.0065803528,80.2443771362,71271,71281,10
13.0066003799,80.2440795898,71281,71291,10
13.0065898895,80.2437515259,71291,71301,10
13.0065803528,80.2435379028,71301,71311,10
13.0065603256,80.2431182861,71311,71321,10
13.0065498352,80.2424163818,71321,71331,10
13.0065498352,80.2415237427,71331,71341,10
13.0066404343,80.2406921387,71341,71351,10
13.0066795349,80.2403411865,71351,71362,11
13.0067195892,80.240020752,71362,71372,10
13.0068902969,80.2393264771,71372,71382,10
13.007060051,80.2384719849,71382,71392,10
13.0072002411,80.2378005981,71392,71402,10
13.0073404312,80.2369003296,71402,71422,20
13.0073404312,80.2369003296,71422,71432,10
13.0074501038,80.2365722656,71432,71442,10
13.0075798035,80.2360076904,71442,71452,10
13.0076999664,80.2353973389,71452,71462,10
13.0078496933,80.2346725464,71462,71473,11
13.0080699921,80.2336730957,71473,71483,10
13.0082798004,80.2326278687,71483,71493,10
13.0084896088,80.2315292358,71493,71502,9
13.0086603165,80.2306518555,71502,71513,11
13.0088596344,80.2296295166,71513,71523,10
13.0090103149,80.2288894653,71523,71533,10
13.009180069,80.2282028198,71533,71543,10
13.0094604492,80.2275085449,71543,71553,10
13.0097799301,80.2267990112,71553,71563,10
13.0101003647,80.2261428833,71563,71573,10
13.0103998184,80.2255325317,71573,71584,11
13.0105695724,80.2252120972,71584,71594,10
13.0107498169,80.2247924805,71594,71604,10
13.0109596252,80.2242584229,71604,71614,10
13.0110397339,80.2240600586,71614,71624,10
13.0110502243,80.2240371704,71624,71634,10
13.0110797882,80.2239379883,71634,71644,10
13.0112104416,80.2235488892,71644,71654,10
13.0114402771,80.2229690552,71654,71664,10
13.0116796494,80.2223587036,71664,71674,10
13.0119600296,80.2216491699,71674,71684,10
13.0122995377,80.2215805054,71684,71695,11
13.0126695633,80.222038269,71695,71705,10
13.0131397247,80.2225799561,71705,71715,10
13.0136499405,80.2231674194,71715,71725,10
13.0140895844,80.2237014771,71725,71735,10
13.0145397186,80.224319458,71735,71745,10
13.0150604248,80.2247772217,71745,71755,10
13.0151195526,80.2248382568,71755,71765,10
13.0152902603,80.2250213623,71765,71775,10
13.0157499313,80.2253570557,71775,71785,10
13.0164403915,80.2253875732,71785,71795,10
13.0171604156,80.2250976563,71795,71806,11
13.0180196762,80.2247390747,71806,71816,10
13.0187597275,80.2244491577,71816,71826,10
13.0194101334,80.2245025635,71826,71836,10
13.019949913,80.224822998,71836,71846,10
13.0205402374,80.2252426147,71846,71856,10
13.0209999084,80.2255630493,71856,71866,10
13.0215196609,80.2259597778,71866,71876,10
13.0219297409,80.226272583,71876,71886,10
13.0221300125,80.2264099121,71886,71896,10
13.0224704742,80.2267227173,71896,71906,10
13.0230798721,80.2272720337,71906,71917,11
13.0236997604,80.2278137207,71917,71927,10
13.0239801407,80.2281723022,71927,71937,10
13.0240898132,80.2283172607,71937,71947,10
13.0244102478,80.2287368774,71947,71957,10
13.0248403549,80.229309082,71957,71967,10
13.0253601074,80.2300033569,71967,71977,10
13.0258703232,80.2308273315,71977,72078,101
13.0258703232,80.2308273315,72078,72088,10
13.025850296,80.2309799194,72088,72098,10
13.0259103775,80.2312469482,72098,72108,10
13.0261802673,80.2313308716,72108,72118,10
13.02684021,80.2311706543,72118,72128,10
13.0276603699,80.2309875488,72128,72189,61
13.0276603699,80.2309875488,72189,72199,10
13.0278396606,80.2309570313,72199,72209,10
13.0281295776,80.2309494019,72209,72219,10
13.0283603668,80.2309265137,72219,72229,10
13.0287303925,80.2308883667,72229,72270,41
13.0287303925,80.2308883667,72270,72280,10
13.0291004181,80.2308578491,72280,72290,10
13.029299736,80.2308502197,72290,72300,10
13.0297298431,80.230796814,72300,72310,10
13.0303001404,80.230758667,72310,72320,10
13.0304603577,80.2307434082,72320,72330,10
13.0308103561,80.23072052,72330,72340,10
13.0312795639,80.230682373,72340,72350,10
13.0319099426,80.2306289673,72350,72361,11
13.0327501297,80.2305679321,72361,72371,10
13.0334796906,80.2305221558,72371,72381,10
13.0339603424,80.2304763794,72381,72391,10
13.0343704224,80.230430603,72391,72431,40
13.0343704224,80.230430603,72431,72441,10
13.0344600677,80.2304229736,72441,72451,10
13.0348596573,80.230430603,72451,72461,10
13.0348701477,80.2306289673,72461,72472,11
13.0348396301,80.2310562134,72472,72482,10
13.0347499847,80.2315597534,72482,72492,10
13.0346603394,80.2322235107,72492,72502,10
13.0345697403,80.2329330444,72502,72512,10
13.0345001221,80.2335205078,72512,72522,10
13.0344200134,80.234161377,72522,72532,10
13.0343599319,80.2347717285,72532,72542,10
13.0342597961,80.2354736328,72542,72552,10
13.0341596603,80.2362670898,72552,72562,10
13.0340995789,80.2370834351,72562,72603,41
13.0340995789,80.2370834351,72603,72613,10
13.0340995789,80.237159729,72613,72623,10
13.0342102051,80.2374420166,72623,72633,10
13.0344600677,80.2378234863,72633,72643,10
13.0347795486,80.2383499146,72643,72653,10
13.0351200104,80.238899231,72653,72663,10
13.0354404449,80.2393569946,72663,72673,10
13.0358600616,80.239402771,72673,72683,10
13.0365104675,80.2394638062,72683,72693,10
13.0372104645,80.2395401001,72693,72703,10
13.0378904343,80.239616394,72703,72714,11
13.0385398865,80.2397232056,72714,72724,10
13.0389995575,80.2397994995,72724,72734,10
13.0394296646,80.2398376465,72734,72744,10
13.0399303436,80.2399215698,72744,72754,10
13.0402202606,80.2399902344,72754,72764,10
13.0403299332,80.2401199341,72764,72774,10
13.0403499603,80.2404937744,72774,72784,10
13.0407400131,80.2405700684,72784,72794,10
13.0409402847,80.2406082153,72794,72804,10
13.0412101746,80.2406387329,72804,72815,11
13.04185009,80.2407226563,72815,72825,10
13.0425395966,80.2408218384,72825,72835,10
13.0432701111,80.2409133911,72835,72845,10
13.0439195633,80.2409591675,72845,72855,10
13.0440397263,80.2409133911,72855,72865,10
13.0443601608,80.2406692505,72865,72875,10
13.0448999405,80.2403030396,72875,72885,10
13.0453300476,80.240020752,72885,72895,10
13.0457201004,80.2397613525,72895,72905,10
13.046090126,80.2395477295,72905,72916,11
13.0464401245,80.2396316528,72916,72926,10
13.0465803146,80.2396621704,72926,72936,10
13.0470304489,80.2397537231,72936,72946,10
13.0476703644,80.2398834229,72946,72956,10
13.0483598709,80.240020752,72956,72966,10
13.0490598679,80.2401504517,72966,72976,10
13.0496397018,80.2402801514,72976,72986,10
13.0501403809,80.2403793335,72986,72996,10
13.0507202148,80.2405014038,72996,73006,10
13.0513000488,80.2406387329,73006,73016,10
13.0518903732,80.2407836914,73016,73026,10
13.052280426,80.2408294678,73026,73037,11
13.0524301529,80.2410583496,73037,73047,10
13.0524902344,80.2414016724,73047,73057,10
13.0528001785,80.2418289185,73057,73067,10
13.0534200668,80.2420730591,73067,73077,10
13.0539903641,80.2423019409,73077,73086,9
13.0540504456,80.2423019409,73086,73097,11
13.0542697906,80.2423477173,73097,73107,10
13.0547704697,80.2423706055,73107,73117,10
13.0554800034,80.2422790527,73117,73127,10
13.0560903549,80.24243927,73127,73137,10
13.0566396713,80.2426223755,73137,73148,11
13.0571098328,80.2428207397,73148,73158,10
13.0577201843,80.2427902222,73158,73168,10
13.0581197739,80.2426986694,73168,73178,10
13.0587501526,80.2425689697,73178,73187,9
13.0591697693,80.2425003052,73187,73198,11
13.0596704483,80.2426223755,73198,73208,10
13.0601997375,80.2428207397,73208,73218,10
13.0607004166,80.242980957,73218,73228,10
13.0609302521,80.2430496216,73228,73238,10
13.0612401962,80.2431335449,73238,73248,10
13.0613298416,80.2431488037,73248,73259,11
13.061750412,80.2432327271,73259,73269,10
13.062210083,80.2433319092,73269,73279,10
13.0623502731,80.243347168,73279,73289,10
13.0624799728,80.2433776855,73289,73299,10
13.0627698898,80.2434387207,73299,73309,10
13.0633296967,80.2435073853,73309,73319,10
13.0638399124,80.2435302734,73319,73329,10
13.0642900467,80.2435684204,73329,73339,10
13.0647497177,80.2435836792,73339,73349,10
13.065079689,80.243560791,73349,73359,10
13.0650997162,80.2435684204,73359,73370,11
13.0654401779,80.2435684204,73370,73380,10
13.0658302307,80.2435379028,73380,73390,10
13.0660600662,80.2434768677,73390,73400,10
13.0662097931,80.2434387207,73400,73410,10
13.0664796829,80.2433319092,73410,73420,10
13.0668201447,80.2431716919,73420,73430,10
13.0672597885,80.242980957,73430,73440,10
13.0677604675,80.2427978516,73440,73450,10
13.0682697296,80.2426681519,73450,73460,10
13.0687904358,80.242477417,73460,73470,10
13.0692396164,80.2422790527,73470,73481,11
13.0693902969,80.2422180176,73481,73491,10
13.0698795319,80.2420806885,73491,73511,20
13.0698795319,80.2420806885,73511,73521,10
13.0700998306,80.2420425415,73521,73531,10
13.0704898834,80.2419128418,73531,73541,10
13.0710000992,80.2417602539,73541,73551,10
13.0715703964,80.2415313721,73551,73561,10
13.0720500946,80.2412796021,73561,73571,10
13.0725603104,80.2409591675,73571,73582,11
13.0731601715,80.2407608032,73582,73592,10
13.0735797882,80.2406387329,73592,73602,10
13.0741300583,80.2405166626,73602,73612,10
13.0748100281,80.2405090332,73612,73622,10
13.0755796432,80.2404937744,73622,73632,10
13.0763196945,80.2405166626,73632,73642,10
13.0767402649,80.2406005859,73642,73652,10
13.0770397186,80.2405166626,73652,73662,10
13.0770101547,80.240020752,73662,73672,10
13.0768003464,80.2393035889,73672,73682,10
13.0765895844,80.2385406494,73682,73693,11
13.0764799118,80.2380599976,73693,73703,10
13.0763397217,80.2373886108,73703,73723,20
13.0763397217,80.2373886108,73723,73733,10
13.0762996674,80.2372894287,73733,73743,10
13.0762195587,80.236869812,73743,73753,10
13.0761299133,80.2362670898,73753,73763,10
13.0760297775,80.2356719971,73763,73773,10
13.0758895874,80.2350006104,73773,73783,10
13.0756797791,80.2342987061,73783,73793,10
13.0758199692,80.2338562012,73793,73803,10
13.0762300491,80.2337875366,73803,73814,11
13.0766601563,80.2337188721,73814,73824,10
13.0767498016,80.2337036133,73824,73834,10
13.0771303177,80.2336425781,73834,73844,10
13.0776996613,80.233581543,73844,73853,9
13.0783004761,80.2335586548,73853,73864,11
13.0789203644,80.2335281372,73864,73874,10
13.0795497894,80.2335128784,73874,73884,10
13.0802202225,80.2334976196,73884,73904,20
13.0802202225,80.2334976196,73904,73914,10
13.0805501938,80.2334823608,73914,73924,10
13.0810203552,80.2335128784,73924,73935,11
13.0815696716,80.2335586548,73935,73945,10
13.0819301605,80.2333984375,73945,73955,10
13.081990242,80.2328186035,73955,73965,10
13.0821695328,80.2321777344,73965,73975,10
13.0823802948,80.2315597534,73975,73985,10
13.0824699402,80.2313308716,73985,73995,10
13.0825395584,80.2312316895,73995,74005,10
13.0827302933,80.2308273315,74005,74015,10
13.0829801559,80.2306671143,74015,74026,11
13.0830898285,80.2311325073,74026,74036,10
13.0831203461,80.2318267822,74036,74046,10
13.0831899643,80.2325286865,74046,74056,10
13.0833101273,80.2330474854,74056,74066,10
13.0834102631,80.233581543,74066,74076,10
13.0834798813,80.2337799072,74076,74086,10
13.0839700699,80.2339782715,74086,74116,30
13.0839700699,80.2339782715,74116,74126,10
13.0842895508,80.2340774536,74126,74136,10
13.0845403671,80.23412323,74136,74147,11
13.0850296021,80.2342376709,74147,74157,10
13.0855102539,80.2343292236,74157,74167,10
13.0860204697,80.2344589233,74167,74177,10
13.0865097046,80.2345428467,74177,74187,10
13.086979866,80.2346115112,74187,74197,10
13.0875797272,80.2345581055,74197,74207,10
13.0878896713,80.2340774536,74207,74217,10
13.08796978,80.2334136963,74217,74227,10
13.0881004333,80.2327575684,74227,74237,10
13.088259697,80.2321395874,74237,74247,10
13.0884504318,80.2314300537,74247,74258,11
13.0888299942,80.2305374146,74258,74278,20
13.0888299942,80.2305374146,74278,74288,10
13.0889101028,80.230430603,74288,74298,10
13.0891199112,80.2299880981,74298,74308,10
13.0894804001,80.2293777466,74308,74318,10
13.0900602341,80.2287521362,74318,74328,10
13.0906600952,80.2281112671,74328,74338,10
13.0913295746,80.2273330688,74338,74358,20
13.0913295746,80.2273330688,74358,74369,11
13.0914897919,80.227180481,74369,74379,10
13.0918703079,80.2267913818,74379,74389,10
13.0923204422,80.2263031006,74389,74399,10
13.0928497314,80.2257995605,74399,74409,10
13.0933599472,80.2252807617,74409,74419,10
13.0936803818,80.2249069214,74419,74429,10
13.0941095352,80.224357605,74429,74439,10
13.094619751,80.2236404419,74439,74449,10
13.0950498581,80.222869873,74449,74459,10
13.0952196121,80.2223968506,74459,74469,10
13.095290184,80.2222366333,74469,74480,11
13.0954904556,80.2217407227,74480,74490,10
13.0957098007,80.2211227417,74490,74500,10
13.0959501266,80.2204818726,74500,74510,10
13.0961399078,80.2198181152,74510,74520,10
13.0961904526,80.2197036743,74520,74530,10
13.0962600708,80.2195205688,74530,74540,10
13.0963001251,80.2193984985,74540,74556,16
13.0964803696,80.218963623,74556,74568,12
13.0966796875,80.2183074951,74568,74576,8
13.0968503952,80.2178115845,74576,74589,13
13.0971002579,80.217048645,74589,74599,10
13.0971403122,80.2169418335,74599,74609,10
13.0973100662,80.216583252,74609,74619,10
13.0975503922,80.2160263062,74619,74629,10
13.0978002548,80.2154388428,74629,74639,10
13.0979700089,80.2150115967,74639,74689,50
13.0979700089,80.2150115967,74689,74699,10
13.0980997086,80.2147216797,74699,74710,11
13.0982999802,80.2142562866,74710,74720,10
13.0985202789,80.2139892578,74720,74729,9
13.0988397598,80.2141571045,74729,74740,11
13.0993003845,80.2143173218,74740,74750,10
13.099820137,80.2144470215,74750,74760,10
13.1002101898,80.2145614624,74760,74861,101
13.1002101898,80.2145614624,74861,74871,10
13.1004695892,80.2146835327,74871,74881,10
13.1004600525,80.2149429321,74881,74891,10
13.1002597809,80.2154083252,74891,74901,10
13.1000404358,80.215927124,74901,74911,10
13.0998802185,80.2160568237,74911,74922,11
13.0999403,80.2157363892,74922,74932,10
13.1000995636,80.2154006958,74932,74942,10
13.1001996994,80.2148590088,74942,75335,393
13.1001996994,80.2148590088,75335,75345,10
13.1002197266,80.2146835327,75345,75355,10
13.1000499725,80.2145309448,75355,75366,11
13.0998296738,80.2144470215,75366,75376,10
13.0995197296,80.2143783569,75376,75386,10
13.0991296768,80.2142715454,75386,75396,10
13.0987796783,80.2141494751,75396,75406,10
13.0984401703,80.2140579224,75406,75416,10
13.0982503891,80.2144317627,75416,75426,10
13.0981197357,80.2147521973,75426,75436,10
13.0979299545,80.2151870728,75436,75446,10
13.0977602005,80.2155838013,75446,75456,10
13.0975599289,80.2160491943,75456,75466,10
13.0973901749,80.2164764404,75466,75477,11
13.097319603,80.2167129517,75477,75487,10
13.0972700119,80.2167892456,75487,75497,10
13.0971603394,80.2170791626,75497,75507,10
13.0970001221,80.2175216675,75507,75517,10
13.0967998505,80.2180862427,75517,75527,10
13.0966100693,80.2186737061,75527,75537,10
13.0964002609,80.2192764282,75537,75547,10
13.096159935,80.2199707031,75547,75557,10
13.0959100723,80.2206878662,75557,75567,10
13.0957202911,80.2212600708,75567,75577,10
13.0954999924,80.2219085693,75577,75587,10
13.0952501297,80.222618103,75587,75598,11
13.0947999954,80.2235107422,75598,75608,10
13.094209671,80.224319458,75608,75618,10
13.093629837,80.2250289917,75618,75628,10
13.0929899216,80.225730896,75628,75638,10
13.0923299789,80.2264099121,75638,75648,10
13.0916996002,80.2270584106,75648,75658,10
13.0912303925,80.2275924683,75658,75674,16
13.0909500122,80.2278823853,75674,75686,12
13.0903902054,80.2284622192,75686,75694,8
13.0898704529,80.2290115356,75694,75707,13
13.0892601013,80.2298278809,75707,75717,10
13.0890798569,80.230178833,75717,75727,10
13.0888900757,80.2305908203,75727,75737,10
13.0886497498,80.2311325073,75737,75747,10
13.0885400772,80.2314605713,75747,75757,10
13.088470459,80.2316513062,75757,75767,10
13.0883398056,80.2321777344,75767,75776,9
13.0881204605,80.2329788208,75776,75786,10
13.0879602432,80.2338180542,75786,75797,11
13.0876502991,80.2345123291,75797,75807,10
13.0869998932,80.2345581055,75807,75818,11
13.0863199234,80.2345199585,75818,75828,10
13.0856599808,80.2343902588,75828,75838,10
13.0850496292,80.2342376709,75838,75848,10
13.0846796036,80.2341537476,75848,75858,10
13.0842895508,80.2340621948,75858,75868,10
13.0840702057,80.2340164185,75868,75878,10
13.0836400986,80.2339401245,75878,75888,10
13.0831804276,80.2338562012,75888,75898,10
13.0826396942,80.2337417603,75898,75908,10
13.0823001862,80.2336730957,75908,75918,10
13.0822095871,80.2336578369,75918,75929,11
13.0816898346,80.2336120605,75929,75939,10
13.0811595917,80.233581543,75939,75949,10
13.0806503296,80.2335510254,75949,75959,10
13.0800695419,80.2335586548,75959,75969,10
13.0796098709,80.2335510254,75969,75979,10
13.0794401169,80.2335510254,75979,75989,10
13.0789804459,80.2335586548,75989,75999,10
13.0784597397,80.2336120605,75999,76015,16
13.0774698257,80.2336578369,76015,76027,12
13.0768098831,80.2337722778,76027,76036,9
13.0763196945,80.2338409424,76036,76048,12
13.0758199692,80.2341766357,76048,76058,10
13.0759401321,80.2348480225,76058,76067,9
13.076089859,80.2355422974,76067,76078,11
13.0762395859,80.2363128662,76078,76088,10
13.0763597488,80.2369232178,76088,76127,39
13.0763597488,80.2369232178,76127,76137,10
13.0764598846,80.2372283936,76137,76149,12
13.0765304565,80.2375335693,76149,76159,10
13.0766096115,80.238067627,76159,76169,10
13.0767297745,80.2387084961,76169,76179,10
13.076880455,80.239402771,76179,76189,10
13.0770797729,80.2401580811,76189,76199,10
13.0772695541,80.2409210205,76199,76209,10
13.0773801804,80.2416305542,76209,76219,10
13.077580452,80.2424087524,76219,76229,10
13.0777196884,80.243347168,76229,76239,10
13.0777301788,80.2441482544,76239,76249,10
13.0778102875,80.2449111938,76249,76260,11
13.077870369,80.2458572388,76260,76270,10
13.0780000687,80.2468032837,76270,76280,10
13.0781898499,80.247718811,76280,76290,10
13.078379631,80.2485122681,76290,76300,10
13.0785198212,80.249130249,76300,76310,10
13.0786399841,80.2498474121,76310,76320,10
13.0784702301,80.250541687,76320,76330,10
13.078499794,80.2513275146,76330,76340,10
13.0784196854,80.2516708374,76340,76350,10
13.0780296326,80.2517471313,76350,76360,10
13.0775499344,80.2518463135,76360,76371,11
13.0766401291,80.2520294189,76371,76381,10
13.0756797791,80.2521820068,76381,76391,10
13.0748300552,80.252243042,76391,76401,10
13.0741596222,80.2522735596,76401,76411,10
13.0738201141,80.2523803711,76411,76421,10
13.0732603073,80.252456665,76421,76431,10
13.0726003647,80.2523803711,76431,76441,10
13.0721302032,80.2519607544,76441,76451,10
13.072019577,80.2513885498,76451,76461,10
13.0717802048,80.2505569458,76461,76471,10
13.0715703964,80.2498092651,76471,76482,11
13.0713796616,80.2489471436,76482,76492,10
13.0712003708,80.2481231689,76492,76502,10
13.0708999634,80.2473220825,76502,76512,10
13.0705299377,80.24659729,76512,76522,10
13.0701398849,80.2457427979,76522,76532,10
13.0697803497,80.2449264526,76532,76542,10
13.0695104599,80.244140625,76542,76552,10
13.0692501068,80.2434616089,76552,76572,20
13.0692501068,80.2434616089,76572,76582,10
13.0691795349,80.2429504395,76582,76613,31
13.0691795349,80.2429504395,76613,76623,10
13.0691699982,80.2426834106,76623,76633,10
13.0687198639,80.2425308228,76633,76643,10
13.0679798126,80.2427368164,76643,76653,10
13.067199707,80.2430267334,76653,76663,10
13.0664396286,80.2433700562,76663,76673,10
13.0660200119,80.2439727783,76673,76683,10
13.066160202,80.2449264526,76683,76693,10
13.0664300919,80.2459411621,76693,76704,11
13.0674600601,80.246421814,76704,76714,10
13.0677604675,80.2465896606,76714,76724,10
13.0677995682,80.2466583252,76724,76734,10
13.0678596497,80.2471923828,76734,76744,10
13.06772995,80.2478790283,76744,76754,10
13.0671396255,80.2479171753,76754,76764,10
13.0663700104,80.2478713989,76764,76774,10
13.0654802322,80.2478103638,76774,76784,10
13.0645198822,80.2477493286,76784,76794,10
13.0636301041,80.2477035522,76794,76804,10
13.0627202988,80.2476577759,76804,76814,10
13.0618400574,80.2476119995,76814,76825,11
13.0612802505,80.2471237183,76825,76835,10
13.0615797043,80.2467269897,76835,76845,10
13.0617904663,80.2461395264,76845,76855,10
13.0619602203,80.2454299927,76855,76864,9
13.0621500015,80.2451171875,76864,76875,11
13.062620163,80.2448272705,76875,76885,10
13.0630397797,80.2443771362,76885,76895,10
13.063079834,80.2443389893,76895,76905,10
13.0632400513,80.2440414429,76905,76915,10
13.0633296967,80.2435684204,76915,76926,11
13.0627698898,80.2434463501,76926,76936,10
13.0624504089,80.2433776855,76936,76946,10
13.0619297028,80.2432632446,76946,76956,10
13.0614299774,80.2431564331,76956,76966,10
13.060839653,80.243019104,76966,76976,10
13.060500145,80.2429122925,76976,76986,10
13.0601196289,80.2427597046,76986,76996,10
13.0596103668,80.2425689697,76996,77006,10
13.0591201782,80.2425613403,77006,77016,10
13.0587596893,80.2425994873,77016,77026,10
13.0586204529,80.2426223755,77026,77036,10
13.0582103729,80.2427215576,77036,77053,17
13.0570497513,80.2428283691,77053,77065,12
13.0563297272,80.2426071167,77065,77075,10
13.0557403564,80.2423171997,77075,77085,10
13.054889679,80.242401123,77085,77095,10
13.0536899567,80.2422637939,77095,77115,20
13.0536899567,80.2422637939,77115,77125,10
13.0534200668,80.2421035767,77125,77135,10
13.0527601242,80.2418518066,77135,77145,10
13.052189827,80.2412414551,77145,77156,11
13.0519304276,80.2408370972,77156,77166,10
13.0516300201,80.2406997681,77166,77176,10
13.0511703491,80.2406082153,77176,77186,10
13.0510196686,80.2406005859,77186,77195,9
13.0506896973,80.2405319214,77195,77206,11
13.0500097275,80.2404022217,77206,77216,10
13.0493803024,80.2402572632,77216,77226,10
13.0490102768,80.2401885986,77226,77236,10
13.0484600067,80.2400665283,77236,77246,10
13.0478096008,80.2399368286,77246,77256,10
13.0471401215,80.2398071289,77256,77267,11
13.0463895798,80.2396316528,77267,77277,10
13.0462703705,80.2393493652,77277,77287,10
13.0463399887,80.2388076782,77287,77297,10
13.0464401245,80.2381591797,77297,77307,10
13.0465602875,80.237449646,77307,77317,10
13.0466499329,80.2367706299,77317,77327,10
13.0468301773,80.2362136841,77327,77337,10
13.0469102859,80.2357635498,77337,77347,10
13.0469703674,80.2353591919,77347,77363,16
13.04708004,80.2343215942,77363,77375,12
13.0471601486,80.2335205078,77375,77386,11
13.0470695496,80.2331008911,77386,77396,10
13.0464601517,80.2330093384,77396,77405,9
13.0459098816,80.2328567505,77405,77416,11
13.0452404022,80.2327575684,77416,77426,10
13.0451698303,80.2327423096,77426,77436,10
13.0448102951,80.2325973511,77436,77446,10
13.0441198349,80.2324676514,77446,77456,10
13.0432596207,80.2323684692,77456,77466,10
13.0424995422,80.2323608398,77466,77477,11
13.0416698456,80.2322769165,77477,77487,10
13.0408201218,80.2320709229,77487,77497,10
13.0400400162,80.2317886353,77497,77507,10
13.0392503738,80.2315826416,77507,77517,10
13.0384597778,80.2313613892,77517,77527,10
13.037610054,80.2311096191,77527,77537,10
13.0369195938,80.2308883667,77537,77547,10
13.0366697311,80.2307891846,77547,77557,10
13.0362796783,80.230682373,77557,77567,10
13.0354995728,80.2304534912,77567,77598,31
13.0354995728,80.2304534912,77598,77608,10
13.0354299545,80.23046875,77608,77618,10
13.0351600647,80.2303771973,77618,77628,10
13.0347700119,80.2304000854,77628,77638,10
13.034529686,80.2304382324,77638,77648,10
13.0343503952,80.2304763794,77648,77658,10
13.0341501236,80.2304992676,77658,77668,10
13.0339298248,80.2305221558,77668,77678,10
13.0335302353,80.2305603027,77678,77688,10
13.0333995819,80.2305679321,77688,77698,10
13.0333299637,80.2305831909,77698,77709,11
13.0328798294,80.2305908203,77709,77719,10
13.0322704315,80.2306289673,77719,77729,10
13.0316896439,80.2306900024,77729,77739,10
13.031080246,80.2307434082,77739,77749,10
13.0306196213,80.2307815552,77749,77759,10
13.0300998688,80.2308197021,77759,77769,10
13.0297403336,80.2308731079,77769,77779,10
13.0295200348,80.2308883667,77779,77789,10
13.0290203094,80.2309417725,77789,77799,10
13.028429985,80.2310028076,77799,77809,10
13.0278396606,80.2310562134,77809,77821,12
13.0276098251,80.2313690186,77821,77831,10
13.0276298523,80.2318572998,77831,77841,10
13.0277099609,80.232383728,77841,77851,10
13.0274600983,80.2329101563,77851,77881,30
13.0274600983,80.2329101563,77881,77891,10
13.0272397995,80.232963562,77891,77901,10
13.0268602371,80.2330169678,77901,77911,10
13.0265398026,80.2330474854,77911,77921,10
13.0262403488,80.2326202393,77921,77932,11
13.0260801315,80.2320022583,77932,77942,10
13.0259895325,80.2316131592,77942,77952,10
13.0258703232,80.2311019897,77952,77962,10
13.0256204605,80.2304534912,77962,77972,10
13.0251998901,80.229850769,77972,77982,10
13.0247898102,80.2293395996,77982,77992,10
13.0243797302,80.2287979126,77992,78002,10
13.024020195,80.2284011841,78002,78012,10
13.0240001678,80.2283782959,78012,78022,10
13.0239400864,80.2282867432,78022,78032,10
13.0237102509,80.2279968262,78032,78043,11
13.0233097076,80.2276000977,78043,78053,10
13.0229797363,80.2272567749,78053,78063,10
13.0224599838,80.2267913818,78063,78073,10
13.0218896866,80.2263183594,78073,78083,10
13.0213403702,80.2258987427,78083,78093,10
13.0210103989,80.2256164551,78093,78109,16
13.0202703476,80.2251205444,78109,78121,12
13.0195198059,80.2246398926,78121,78131,10
13.0188903809,80.2245178223,78131,78140,9
13.0180597305,80.224822998,78140,78151,11
13.0171804428,80.2251815796,78151,78162,11
13.0164203644,80.225479126,78162,78172,10
13.0159301758,80.2256393433,78172,78182,10
13.0153598785,80.2258377075,78182,78192,10
13.0143899918,80.2262573242,78192,78222,30
13.0143899918,80.2262573242,78222,78232,10
13.0140695572,80.2263793945,78232,78242,10
13.0135498047,80.2265777588,78242,78252,10
13.0129203796,80.2268295288,78252,78262,10
13.012260437,80.2270812988,78262,78273,11
13.0114803314,80.2273864746,78273,78283,10
13.0107002258,80.2276992798,78283,78303,20
13.009180069,80.2284011841,78303,78315,12
13.0088996887,80.2293930054,78315,78325,10
13.0087099075,80.2303009033,78325,78335,10
13.0085296631,80.2311325073,78335,78345,10
13.0083703995,80.2320404053,78345,78355,10
13.0082101822,80.2329406738,78355,78365,10
13.0081796646,80.2335205078,78365,78386,21
13.0081796646,80.2335205078,78386,78396,10
13.008099556,80.2338562012,78396,78405,9
13.0079898834,80.2343292236,78405,78416,11
13.0078201294,80.2351226807,78416,78426,10
13.0076599121,80.2358779907,78426,78436,10
13.0074796677,80.2367706299,78436,78445,9
13.0073003769,80.237663269,78445,78456,11
13.0071296692,80.2385482788,78456,78466,10
13.0069799423,80.2392883301,78466,78476,10
13.0068597794,80.2398681641,78476,78487,11
13.0068302155,80.2400588989,78487,78497,10
13.006819725,80.2403488159,78497,78507,10
13.0067396164,80.2408065796,78507,78517,10
13.0067396164,80.2408370972,78517,78527,10
13.0066900253,80.2411727905,78527,78537,10
13.0066299438,80.2417984009,78537,78547,10
13.0066204071,80.2426223755,78547,78557,10
13.0065803528,80.2433395386,78557,78567,10
13.0065698624,80.2440567017,78567,78577,10
13.0065698624,80.2444076538,78577,78587,10
13.0065698624,80.2447814941,78587,78598,11
13.0065898895,80.2452774048,78598,78608,10
13.0066099167,80.2455368042,78608,78648,40
13.0066099167,80.2455368042,78648,78658,10
13.0066404343,80.2460403442,78658,78674,16
13.0066404343,80.2464981079,78674,78686,12
13.006649971,80.2469863892,78686,78695,9
13.006649971,80.2473831177,78695,78706,11
13.0066404343,80.2480621338,78706,78717,11
13.0066995621,80.2489089966,78717,78727,10
13.0067796707,80.2493133545,78727,78737,10
13.0067796707,80.2494125366,78737,78747,10
13.0067796707,80.2498474121,78747,78756,9
13.0067501068,80.2503509521,78756,78767,11
13.0067396164,80.251159668,78767,78777,10
13.0066099167,80.2518081665,78777,78787,10
13.0064296722,80.2525787354,78787,78797,10
13.0064401627,80.2533874512,78797,78807,10
13.0064496994,80.2542037964,78807,78817,10
13.0065202713,80.2547607422,78817,78828,11
13.0065202713,80.2549209595,78828,78838,10
13.0065202713,80.2550964355,78838,78848,10
13.0065202713,80.2556533813,78848,78858,10
13.0065202713,80.2563705444,78858,78868,10
13.0065402985,80.2571487427,78868,78878,10
13.0063199997,80.2576065063,78878,78888,10
13.0056600571,80.2574234009,78888,78898,10
13.0049295425,80.2572402954,78898,78908,10
13.004240036,80.2570800781,78908,78918,10
13.0035200119,80.2569503784,78918,78928,10
13.0028400421,80.2568206787,78928,78939,11
13.0021095276,80.2566833496,78939,78949,10
13.0014400482,80.2565917969,78949,78959,10
13.0007600784,80.2565002441,78959,78969,10
13.000169754,80.2564315796,78969,78999,30
13.000169754,80.2564315796,78999,79009,10
12.999879837,80.2563323975,79009,79019,10
12.9994401932,80.2562179565,79019,79035,16
12.9984502792,80.2560577393,79035,79048,13
12.9978199005,80.2559661865,79048,79058,10
12.9975404739,80.2559814453,79058,79068,10
12.9971599579,80.2559585571,79068,79078,10
12.9968795776,80.256111145,79078,79087,9
12.9968204498,80.2564468384,79087,79097,10
12.9967699051,80.256942749,79097,79108,11
12.9967699051,80.2569580078,79108,79117,9
12.9967403412,80.257232666,79117,79128,11
12.9966697693,80.2578582764,79128,79138,10
12.9966001511,80.2585296631,79138,79147,9
12.9965400696,80.2591400146,79147,79159,12
12.996430397,80.2598724365,79159,79169,10
12.9963598251,80.2606506348,79169,79179,10
12.9962797165,80.2614593506,79179,79189,10
12.9961795807,80.2624435425,79189,79209,20
12.9961795807,80.2624435425,79209,79219,10
12.9961299896,80.2627716064,79219,79229,10
12.9960803986,80.2632904053,79229,79239,10
12.9960203171,80.2639389038,79239,79249,10
12.9959402084,80.2645568848,79249,79259,10
12.995880127,80.2651901245,79259,79270,11
12.9958600998,80.2654037476,79270,79280,10
12.9957895279,80.2659378052,79280,79290,10
12.9956903458,80.2667617798,79290,79300,10
12.9956502914,80.2673492432,79300,79310,10
12.9959802628,80.2677001953,79310,79329,19
12.9959802628,80.2677001953,79329,79340,11
12.9960899353,80.2677001953,79340,79350,10
12.996629715,80.2677536011,79350,79360,10
12.9971504211,80.2676391602,79360,79370,10
12.9976501465,80.2675018311,79370,79381,11
12.9982995987,80.2673034668,79381,79391,10
12.9989900589,80.2671127319,79391,79401,10
12.9997196198,80.2668685913,79401,79411,10
13.0000200272,80.2665786743,79411,79421,10
13.0000295639,80.2665786743,79421,79431,10
13.0001001358,80.2664337158,79431,79441,10
13.0001602173,80.2659225464,79441,79451,10
13.0002698898,80.2657394409,79451,79461,10
13.0001602173,80.2664031982,79461,80662,1201
13.0001602173,80.2664031982,80662,80672,10
13.0002603531,80.2666625977,80672,80682,10
13.0002498627,80.2667388916,80682,80692,10
13.0000696182,80.2668991089,80692,80702,10
12.9997997284,80.2669677734,80702,80713,11
12.9996795654,80.266998291,80713,80723,10
12.999420166,80.2670593262,80723,80733,10
12.9989795685,80.2671508789,80733,80743,10
12.9983797073,80.267326355,80743,80753,10
12.9977197647,80.2675170898,80753,80763,10
12.9970598221,80.2677230835,80763,80772,9
12.9964599609,80.2677612305,80772,80782,10
12.9957799911,80.2677307129,80782,80793,11
12.995639801,80.2674865723,80793,80803,10
12.995639801,80.2674407959,80803,80813,10
12.9956998825,80.2670288086,80813,80824,11
12.9957895279,80.2662582397,80824,80834,10
12.9958600998,80.2655029297,80834,80844,10
12.9959602356,80.264831543,80844,80854,10
12.9960603714,80.2639694214,80854,80864,10
12.9961204529,80.2631835938,80864,80874,10
12.9961795807,80.2626190186,80874,80884,10
12.9962596893,80.2619934082,80884,80894,10
12.9962596893,80.2619934082,80894,80904,10
12.9963197708,80.261390686,80904,80914,10
12.9964199066,80.2605514526,80914,80924,10
12.996509552,80.2597427368,80924,80935,11
12.9965896606,80.2589569092,80935,80945,10
12.9966602325,80.2581329346,80945,80956,11
12.9967498779,80.2572021484,80956,80966,10
12.9968099594,80.256401062,80966,80978,12
12.9969701767,80.2558822632,80978,81089,111
12.9969701767,80.2558822632,81089,81099,10
12.9970798492,80.2558364868,81099,81109,10
12.997179985,80.2558364868,81109,81119,10
12.997420311,80.2558517456,81119,81129,10
12.9975204468,80.255859375,81129,81139,10
12.9977302551,80.255897522,81139,81149,10
12.9980401993,80.2559509277,81149,81160,11
12.9986801147,80.2560119629,81160,81180,20
12.9986801147,80.2560119629,81180,81190,10
12.998840332,80.2560577393,81190,81200,10
12.9992799759,80.256149292,81200,81210,10
12.9998598099,80.2562637329,81210,81220,10
13.000579834,80.2564086914,81220,81230,10
13.0012702942,80.2565383911,81230,81240,10
13.0017995834,80.2566299438,81240,81250,10
13.0023603439,80.2566986084,81250,81261,11
13.0029802322,80.2568283081,81261,81271,10
13.0036096573,80.256942749,81271,81281,10
13.0043897629,80.2570877075,81281,81291,10
13.0052900314,80.257270813,81291,81301,10
13.0060901642,80.2574386597,81301,81311,10
13.0063896179,80.2574691772,81311,81331,20
13.0063896179,80.2574691772,81331,81347,16
13.0065097809,80.2567367554,81347,81359,12
13.0065002441,80.2556762695,81359,81369,10
13.0065402985,80.2549591064,81369,81380,11
13.0065002441,80.2539367676,81380,81389,9
13.0064897537,80.2533035278,81389,81400,11
13.0064897537,80.253288269,81400,81410,10
13.0065002441,80.2528610229,81410,81420,10
13.0066404343,80.2518920898,81420,81440,20
13.0066404343,80.2518920898,81440,81450,10
13.0066995621,80.2516937256,81450,81460,10
13.0067596436,80.2511825562,81460,81470,10
13.0067796707,80.2503890991,81470,81480,10
13.0067596436,80.249382019,81480,81491,11
13.0066795349,80.2482681274,81491,81501,10
13.0066003799,80.2475509644,81501,81551,50
13.0066003799,80.2475509644,81551,81561,10
13.0066604614,80.2472763062,81561,81571,10
13.0066099167,80.24659729,81571,81591,20
13.0066099167,80.24659729,81591,81602,11
13.0066604614,80.2461929321,81602,81612,10
13.0066404343,80.2455368042,81612,81622,10
13.0066299438,80.2448806763,81622,81632,10
13.0066404343,80.2442932129,81632,81642,10
13.0066299438,80.2435836792,81642,81652,10
13.0066003799,80.2428283691,81652,81662,10
13.0065803528,80.2419433594,81662,81672,10
13.0066404343,80.2410964966,81672,81682,10
13.0067195892,80.2404708862,81682,81692,10
13.0068597794,80.2396469116,81692,81702,10
13.0070199966,80.2387619019,81702,81713,11
13.007229805,80.23777771,81713,81723,10
13.007349968,80.2370376587,81723,81733,10
13.0073900223,80.2367706299,81733,81743,10
13.0074195862,80.2366790771,81743,81753,10
13.0075302124,80.2362594604,81753,81763,10
13.0076799393,80.2355575562,81763,81773,10
13.0078697205,80.2347717285,81773,81783,10
13.0080604553,80.23387146,81783,81793,10
13.0082302094,80.2330093384,81793,81803,10
13.0084199905,80.2320632935,81803,81813,10
13.0086097717,80.2310791016,81813,81824,11
13.0088195801,80.2299880981,81824,81834,10
13.0090198517,80.2289962769,81834,81844,10
13.0092496872,80.2280578613,81844,81854,10
13.00963974,80.2271499634,81854,81864,10
13.0100698471,80.2262268066,81864,81874,10
13.0104799271,80.2253265381,81874,81884,10
13.0108203888,80.2245178223,81884,81894,10
13.0111303329,80.2237167358,81894,81904,10
13.011349678,80.2231521606,81904,81914,10
13.0116500854,80.2225112915,81914,81924,10
13.0119400024,80.2216796875,81924,81935,11
13.0123300552,80.2214889526,81935,81945,10
13.012720108,80.222038269,81945,81955,10
13.0132398605,80.2226486206,81955,81965,10
13.0138597488,80.2233428955,81965,81975,10
13.0143699646,80.2240066528,81975,81985,10
13.0153903961,80.224937439,81985,82005,20
13.0153903961,80.224937439,82005,82015,10
13.0157003403,80.2251815796,82015,82031,16
13.0168304443,80.225189209,82031,82044,13
13.0179700851,80.2247314453,82044,82054,10
13.0188798904,80.2244110107,82054,82064,10
13.0198602676,80.224647522,82064,82074,10
13.0207796097,80.2252883911,82074,82084,10
13.0215501785,80.2258605957,82084,82094,10
13.0219602585,80.2261581421,82094,82104,10
13.02202034,80.2262268066,82104,82114,10
13.0223798752,80.2265701294,82114,82124,10
13.0229501724,80.2270584106,82124,82134,10
13.0234804153,80.2275695801,82134,82144,10
13.0239496231,80.2280197144,82144,82154,10
13.0244398117,80.2286682129,82154,82165,11
13.0248603821,80.2292175293,82165,82175,10
13.025349617,80.2298736572,82175,82185,10
13.0257997513,80.2306594849,82185,82195,10
13.0260295868,80.2313079834,82195,82204,9
13.0264596939,80.2312774658,82204,82215,11
13.0272397995,80.2310791016,82215,82225,10
13.0279798508,80.2309417725,82225,82235,10
13.0287303925,80.2308425903,82235,82245,10
13.0289096832,80.2308578491,82245,82255,10
13.0291595459,80.2308883667,82255,82265,10
13.0296001434,80.2308502197,82265,82276,11
13.0302400589,80.2307815552,82276,82286,10
13.0306396484,80.2307434082,82286,82296,10
13.0308904648,80.2307128906,82296,82306,10
13.0313396454,80.2306594849,82306,82316,10
13.0319404602,80.2306213379,82316,82326,10
13.0326299667,80.2305603027,82326,82336,10
13.0333595276,80.2305374146,82336,82346,10
13.0340499878,80.2304992676,82346,82356,10
13.0342798233,80.2304611206,82356,82366,10
13.0343799591,80.2304382324,82366,82376,10
13.034740448,80.2303924561,82376,82387,11
13.0349197388,80.2305603027,82387,82397,10
13.0348701477,80.2310180664,82397,82407,10
13.0347900391,80.2316589355,82407,82417,10
13.0347204208,80.2323532104,82417,82427,10
13.0346298218,80.2330093384,82427,82437,10
13.0345697403,80.2333831787,82437,82447,10
13.0345602036,80.2336730957,82447,82457,10
13.0345001221,80.2340927124,82457,82467,10
13.0344495773,80.2344589233,82467,82477,10
13.0343904495,80.2349090576,82477,82487,10
13.0343399048,80.2352981567,82487,82498,11
13.0342798233,80.2357635498,82498,82508,10
13.0341997147,80.2364501953,82508,82518,10
13.0342197418,80.237197876,82518,82528,10
13.0345497131,80.2378082275,82528,82538,10
13.0349197388,80.2384185791,82538,82548,10
13.0353403091,80.239112854,82548,82558,10
13.0359296799,80.2393875122,82558,82568,10
13.0367603302,80.2395095825,82568,82578,10
13.037560463,80.2395706177,82578,82588,10
13.0383195877,80.2396697998,82588,82598,10
13.0391902924,80.2397766113,82598,82609,11
13.0399198532,80.2398834229,82609,82619,10
13.040309906,80.239982605,82619,82629,10
13.0403604507,80.2404327393,82629,82639,10
13.0409603119,80.2405700684,82639,82649,10
13.0417098999,80.2406768799,82649,82659,10
13.0424203873,80.2407913208,82659,82669,10
13.0431995392,80.2408828735,82669,82679,10
13.0439796448,80.2409286499,82679,82689,10
13.0445699692,80.2405090332,82689,82699,10
13.0452003479,80.2401275635,82699,82709,10
13.0458698273,80.239692688,82709,82720,11
13.046330452,80.2395935059,82720,82730,10
13.0466604233,80.2396469116,82730,82740,10
13.0472202301,80.2397689819,82740,82750,10
13.0478696823,80.239906311,82750,82760,10
13.0485296249,80.2400436401,82760,82770,10
13.0492696762,80.2401733398,82770,82780,10
13.0499801636,80.2403411865,82780,82790,10
13.0506496429,80.2404632568,82790,82800,10
13.0510902405,80.240562439,82800,82810,10
13.0514001846,80.2406387329,82810,82820,10
13.0519304276,80.2407608032,82820,82831,11
13.052479744,80.2410888672,82831,82841,10
13.0526695251,80.2416763306,82841,82851,10
13.0531702042,80.2419204712,82851,82861,10
13.0533895493,80.2420120239,82861,82871,10
13.0538797379,80.2422180176,82871,82881,10
13.0541095734,80.2422714233,82881,82891,10
13.0546398163,80.2423629761,82891,82901,10
13.0552997589,80.2422409058,82901,82911,10
13.0559997559,80.242401123,82911,82921,10
13.0565795898,80.2426300049,82921,82931,10
13.0569696426,80.2427215576,82931,82942,11
13.0576200485,80.2427978516,82942,82952,10
13.0582304001,80.2426681519,82952,82962,10
13.0589399338,80.2425613403,82962,82972,10
13.059510231,80.2425918579,82972,82982,10
13.0601501465,80.2428207397,82982,82992,10
13.060790062,80.243019104,82992,83002,10
13.0614595413,80.2431869507,83002,83012,10
13.0621795654,80.2433166504,83012,83022,10
13.0624599457,80.2433700562,83022,83032,10
13.0628299713,80.2434310913,83032,83048,16
13.0637798309,80.243522644,83048,83061,13
13.0646295547,80.2435684204,83061,83071,10
13.0651397705,80.2435684204,83071,83081,10
13.0656795502,80.2435836792,83081,83091,10
13.0661897659,80.2434234619,83091,83101,10
13.0668897629,80.2431564331,83101,83110,9
13.067440033,80.2429199219,83110,83121,11
13.068400383,80.2426376343,83121,83131,10
13.0690402985,80.2423782349,83131,83141,10
13.0696401596,80.2421264648,83141,83151,10
13.0699195862,80.2420806885,83151,83162,11
13.0701799393,80.2420501709,83162,83172,10
13.0706996918,80.241859436,83172,83182,10
13.0713396072,80.2416000366,83182,83192,10
13.0720901489,80.2411804199,83192,83202,10
13.0728397369,80.2408218384,83202,83212,10
13.0735902786,80.2406082153,83212,83222,10
13.0743198395,80.2404937744,83222,83232,10
13.0751399994,80.2404785156,83232,83242,10
13.0760002136,80.2404632568,83242,83252,10
13.0766401291,80.240562439,83252,83262,10
13.076880455,80.2406005859,83262,83273,11
13.0770998001,80.2402877808,83273,83283,10
13.07695961,80.2395629883,83283,83293,10
13.0767498016,80.2386779785,83293,83303,10
13.0765800476,80.2379608154,83303,83313,10
13.0764398575,80.237487793,83313,83323,10
13.0763998032,80.2374267578,83323,83333,10
13.0763101578,80.2370223999,83333,83343,10
13.076210022,80.2363204956,83343,83353,10
13.0761203766,80.2356185913,83353,83363,10
13.0759601593,80.23487854,83363,83373,10
13.0758199692,80.2341766357,83373,83384,11
13.0760297775,80.2338180542,83384,83394,10
13.0765304565,80.2337265015,83394,83404,10
13.0770797729,80.2336425781,83404,83414,10
13.0776796341,80.233581543,83414,83424,10
13.0783195496,80.233543396,83424,83434,10
13.0789604187,80.2335128784,83434,83444,10
13.079580307,80.2334899902,83444,83460,16
13.0804004669,80.2335205078,83460,83472,12
13.0810203552,80.233543396,83472,83480,8
13.0814695358,80.2335662842,83480,83492,12
13.0818901062,80.2334823608,83492,83503,11
13.0820302963,80.2327804565,83503,83513,10
13.0822696686,80.232093811,83513,83523,10
13.0824699402,80.2314605713,83523,83532,9
13.0825500488,80.2313079834,83532,83543,11
13.0827503204,80.2308807373,83543,83552,9
13.0829601288,80.2306900024,83552,83562,10
13.0831298828,80.2311019897,83562,83572,10
13.0831804276,80.2317886353,83572,83583,11
13.0832500458,80.2325668335,83583,83593,10
13.0834197998,80.2332382202,83593,83603,10
13.0835199356,80.2337722778,83603,83614,11
13.0838899612,80.2339172363,83614,83624,10
13.0839595795,80.2339172363,83624,83634,10
13.0842895508,80.2340164185,83634,83644,10
13.084980011,80.2341918945,83644,83654,10
13.0857095718,80.2343521118,83654,83664,10
13.0864095688,80.2344970703,83664,83674,10
13.0871601105,80.2345809937,83674,83684,10
13.0878400803,80.2343063354,83684,83694,10
13.0879802704,80.2335968018,83694,83704,10
13.0881595612,80.2327423096,83704,83715,11
13.0883903503,80.231842041,83715,83725,10
13.0886497498,80.2311096191,83725,83735,10
13.0889101028,80.230506897,83735,83744,9
13.0889997482,80.2303314209,83744,83755,11
13.0893096924,80.2297286987,83755,83765,10
13.0897798538,80.2291030884,83765,83775,10
13.0903501511,80.228477478,83775,83785,10
13.090959549,80.2278213501,83785,83795,10
13.0913200378,80.2273864746,83795,83805,10
13.0913600922,80.2273406982,83805,83815,10
13.0916500092,80.2270584106,83815,83826,11
13.0922002792,80.2264785767,83826,83836,10
13.0927801132,80.2258987427,83836,83846,10
13.0932598114,80.2253723145,83846,83856,10
13.0934000015,80.225189209,83856,83866,10
13.09375,80.2248535156,83866,83876,10
13.0942201614,80.2242431641,83876,83886,10
13.0947504044,80.2235183716,83886,83896,10
13.0951700211,80.2227020264,83896,83906,10
13.0955200195,80.2218322754,83906,83916,10
13.0957803726,80.2210769653,83916,83926,10
13.0960302353,80.2203826904,83926,83937,11
13.0963401794,80.2194671631,83937,83947,10
13.096570015,80.218788147,83947,83957,10
13.0968103409,80.2180633545,83957,83967,10
13.0970602036,80.217338562,83967,83977,10
13.0971603394,80.2170028687,83977,83987,10
13.0973596573,80.2165679932,83987,83997,10
13.0976295471,80.2159500122,83997,84007,10
13.0979204178,80.2152786255,84007,84017,10
13.0982198715,80.2145690918,84017,84027,10
13.0985202789,80.2140274048,84027,84037,10
13.0988798141,80.2141494751,84037,84048,11
13.0994300842,80.2143173218,84048,84058,10
13.1001195908,80.2144927979,84058,84088,30
13.1001195908,80.2144927979,84088,84098,10
13.1002101898,80.2145767212,84098,84108,10
13.1002101898,80.2152099609,84108,84804,696
13.1002101898,80.2152099609,84804,84814,10
13.1001796722,80.2153701782,84814,84824,10
13.1000299454,80.2156219482,84824,84835,11
13.0998897552,80.2158737183,84835,84845,10
13.0999002457,80.2161483765,84845,84855,10
13.0998601913,80.2164382935,84855,84865,10
13.0996398926,80.2170181274,84865,84875,10
13.0994796753,80.2176895142,84875,84885,10
13.099360466,80.2183990479,84885,84894,9
13.0992603302,80.2190475464,84894,84904,10
13.0992097855,80.2193832397,84904,84914,10
13.0991201401,80.219871521,84914,84925,11
13.0990400314,80.2203598022,84925,84935,10
13.0989198685,80.2209777832,84935,84946,11
13.0987701416,80.2218475342,84946,84956,10
13.098739624,80.2226104736,84956,84966,10
13.0990200043,80.2232818604,84966,84976,10
13.0994701385,80.2238616943,84976,84986,10
13.099729538,80.2245635986,84986,84996,10
13.0998897552,80.2252807617,84996,85006,10
13.1000003815,80.2259674072,85006,85016,10
13.100060463,80.2266387939,85016,85026,10
13.100060463,80.2273025513,85026,85036,10
13.1000299454,80.2279815674,85036,85046,10
13.0999403,80.2286224365,85046,85057,11
13.0998401642,80.2292480469,85057,85067,10
13.0997104645,80.229850769,85067,85077,10
13.0995702744,80.2303771973,85077,85087,10
13.0994100571,80.2308273315,85087,85097,10
13.0991802216,80.2313690186,85097,85107,10
13.0989303589,80.2319793701,85107,85117,10
13.098739624,80.2326507568,85117,85127,10
13.0986299515,80.2332687378,85127,85137,10
13.0985403061,80.2340164185,85137,85147,10
13.0984697342,80.234703064,85147,85157,10
13.0983800888,80.2353591919,85157,85168,11
13.098279953,80.2360076904,85168,85178,10
13.09815979,80.2367324829,85178,85188,10
13.0980396271,80.2374191284,85188,85198,10
13.0979003906,80.2381210327,85198,85208,10
13.0977802277,80.238822937,85208,85218,10
13.0977296829,80.2395095825,85218,85228,10
13.0976896286,80.2401885986,85228,85238,10
13.0976495743,80.2406387329,85238,85248,10
13.0975799561,80.2411804199,85248,85258,10
13.0974798203,80.2417678833,85258,85268,10
13.0975799561,80.2421417236,85268,85279,11
13.09815979,80.2422790527,85279,85289,10
13.0986204147,80.2423019409,85289,85299,10
13.0987300873,80.2421112061,85299,85309,10
13.0987796783,80.2418136597,85309,85319,10
13.0988502502,80.2415313721,85319,85329,10
13.09897995,80.2413406372,85329,85511,182
13.09897995,80.2413406372,85511,85521,10
13.0990495682,80.2411499023,85521,85531,10
13.0989999771,80.2408218384,85531,85541,10
13.0988798141,80.2403411865,85541,85743,202
13.0988798141,80.2403411865,85743,85753,10
13.098859787,80.2401123047,85753,85763,10
13.0986404419,80.2401275635,85763,85773,10
