13.0988798141,80.2404937744,11,11,0
13.0988397598,80.2404327393,11,162,151
13.0988397598,80.2404327393,162,172,10
13.0988798141,80.2402191162,172,183,11
13.0990800858,80.2404632568,183,193,10
13.0990600586,80.2408599854,193,203,10
13.0990600586,80.2411804199,203,213,10
13.0987997055,80.2413711548,213,1818,1605
13.0987997055,80.2413711548,1818,1828,10
13.0988903046,80.2414169312,1828,1839,11
13.0988197327,80.2415390015,1839,1849,10
13.0985898972,80.2414779663,1849,1859,10
13.0986099243,80.2412185669,1859,1869,10
13.0983695984,80.2409973145,1869,19796,17927
13.0983695984,80.2409973145,19796,19800,4
13.0983695984,80.2409973145,19800,21472,1672
13.0983695984,80.2409973145,21472,21482,10
13.0983495712,80.240737915,21482,21745,263
13.0983495712,80.240737915,21745,21755,10
13.098449707,80.2407913208,21755,21765,10
13.0985097885,80.2413787842,21765,21977,212
13.0985097885,80.2413787842,21977,21987,10
13.0986795425,80.2415390015,21987,21997,10
13.098859787,80.2417068481,21997,22038,41
13.098859787,80.2417068481,22038,22048,10
13.0988502502,80.2417678833,22048,22058,10
13.0988197327,80.2419509888,22058,22068,10
13.0987596512,80.2421875,22068,22078,10
13.0985603333,80.2423171997,22078,22088,10
13.098110199,80.2422790527,22088,22098,10
13.0976200104,80.2422180176,22098,22108,10
13.0974397659,80.242149353,22108,22118,10
13.0974702835,80.2417984009,22118,22129,11
13.0975704193,80.2412796021,22129,22139,10
13.0976200104,80.2406997681,22139,22149,10
13.0976800919,80.2401199341,22149,22159,10
13.0977201462,80.2396316528,22159,22169,10
13.0977602005,80.2390823364,22169,22179,10
13.0978298187,80.2384719849,22179,22189,10
13.0979604721,80.2378387451,22189,22199,10
13.0980596542,80.2372894287,22199,22209,10
13.0981502533,80.2367172241,22209,22219,10
13.0982503891,80.2360916138,22219,22230,11
13.0983400345,80.2354278564,22230,22240,10
13.0984296799,80.2348632813,22240,22250,10
13.0985097885,80.2342834473,22250,22260,10
13.09856987,80.2337417603,22260,22270,10
13.0986404419,80.2331466675,22270,22280,10
13.0987501144,80.2325820923,22280,22290,10
13.0989198685,80.2319793701,22290,22300,10
13.0991401672,80.2314376831,22300,22310,10
13.0993404388,80.231010437,22310,22328,18
13.0996198654,80.2301864624,22328,22341,13
13.0998096466,80.2293624878,22341,22351,10
13.0999202728,80.2287826538,22351,22361,10
13.1000204086,80.2282028198,22361,22371,10
13.100060463,80.2275619507,22371,22381,10
13.1000404358,80.2268600464,22381,22391,10
13.0999898911,80.2261810303,22391,22401,10
13.0999403,80.2255096436,22401,22411,10
13.0997800827,80.2247619629,22411,22421,10
13.0995998383,80.2240982056,22421,22431,10
13.099360466,80.2237167358,22431,22442,11
13.0991296768,80.2234191895,22442,22452,10
13.0989599228,80.2232131958,22452,22462,10
13.0987997055,80.2229919434,22462,22472,10
13.0987300873,80.2225723267,22472,22482,10
13.098739624,80.2219467163,22482,22492,10
13.0988502502,80.2212295532,22492,22502,10
13.09897995,80.2205276489,22502,22512,10
13.0991001129,80.2198867798,22512,22522,10
13.0991802216,80.2193832397,22522,22532,10
13.0992298126,80.2190704346,22532,22543,11
13.0993204117,80.2183609009,22543,22553,10
13.099439621,80.2176589966,22553,22563,10
13.0995998383,80.217010498,22563,22572,9
13.099820137,80.2164230347,22572,22583,11
13.0999002457,80.215927124,22583,22593,10
13.1000299454,80.2155914307,22593,22603,10
13.1002197266,80.2152023315,22603,22613,10
13.1002702713,80.2146377563,22613,22643,30
13.1002702713,80.2146377563,22643,22654,11
13.1000995636,80.2144775391,22654,22664,10
13.1000099182,80.2144622803,22664,22674,10
13.0997400284,80.2143936157,22674,22690,16
13.0988798141,80.2141494751,22690,22702,12
13.0984096527,80.2142562866,22702,22710,8
13.0981903076,80.2147521973,22710,22722,12
13.0978002548,80.2156829834,22722,22732,10
13.0974502563,80.2165374756,22732,22742,10
13.0971002579,80.2174530029,22742,22752,10
13.0967197418,80.218536377,22752,22763,11
13.0963096619,80.2197723389,22763,22773,10
13.0959196091,80.2208709717,22773,22783,10
13.0955600739,80.2219161987,22783,22793,10
13.0951499939,80.2229919434,22793,22803,10
13.094619751,80.2238693237,22803,22813,10
13.093870163,80.2248535156,22813,22823,10
13.0931196213,80.2257003784,22823,22832,9
13.0924100876,80.2264099121,22832,22843,11
13.0912504196,80.2276535034,22843,22864,21
13.0912504196,80.2276535034,22864,22874,10
13.0911197662,80.2277832031,22874,22884,10
13.0907497406,80.2281799316,22884,22894,10
13.0902004242,80.2287521362,22894,22904,10
13.089630127,80.2294235229,22904,22914,10
13.089220047,80.2301101685,22914,22924,10
13.089099884,80.2303619385,22924,22934,10
13.0888900757,80.2308578491,22934,22944,10
13.0888595581,80.2309188843,22944,22955,11
13.0888204575,80.2310028076,22955,22965,10
13.0886802673,80.2313537598,22965,22975,10
13.0884399414,80.2320709229,22975,22985,10
13.0881900787,80.2330322266,22985,22995,10
13.0880298615,80.2340621948,22995,23005,10
13.0876598358,80.2345581055,23005,23015,10
13.0868597031,80.2345581055,23015,23025,10
13.085940361,80.2343978882,23025,23035,10
13.084980011,80.2341766357,23035,23045,10
13.0840396881,80.2339706421,23045,23056,11
13.0833997726,80.2338485718,23056,23066,10
13.0826997757,80.2337188721,23066,23076,10
13.0823202133,80.2336425781,23076,23086,10
13.0822296143,80.2336196899,23086,23096,10
13.0817499161,80.2335662842,23096,23106,10
13.081029892,80.2335510254,23106,23116,10
13.0802097321,80.233543396,23116,23126,10
13.079580307,80.2335281372,23126,23142,16
13.0794000626,80.2335205078,23142,23154,12
13.0788297653,80.2335281372,23154,23163,9
13.0781402588,80.2335662842,23163,23173,10
13.0772600174,80.2336502075,23173,23185,12
13.0761995316,80.2338562012,23185,23195,10
13.0759496689,80.2338867188,23195,23204,9
13.0758104324,80.2339096069,23204,23215,11
13.075920105,80.2344818115,23215,23225,10
13.076089859,80.2352676392,23225,23235,10
13.076259613,80.236076355,23235,23245,10
13.0764398575,80.2370376587,23245,23255,10
13.076499939,80.2372970581,23255,23266,11
13.0764904022,80.2374267578,23266,23276,10
13.0765695572,80.2376174927,23276,23286,10
13.0766601563,80.2380218506,23286,23296,10
13.0767602921,80.2385177612,23296,23306,10
13.0769395828,80.2391891479,23306,23316,10
13.0770998001,80.2398986816,23316,23326,10
13.0772104263,80.2404022217,23326,23335,9
13.0769195557,80.2406921387,23335,23346,11
13.0761499405,80.2405471802,23346,23356,10
13.0752801895,80.2405471802,23356,23366,10
13.074379921,80.2405471802,23366,23377,11
13.0733995438,80.2407302856,23377,23387,10
13.0723896027,80.2411193848,23387,23397,10
13.0714101791,80.2416915894,23397,23407,10
13.0704898834,80.2419891357,23407,23417,10
13.0702104568,80.2420730591,23417,23427,10
13.0700998306,80.2420806885,23427,23437,10
13.0696802139,80.2421798706,23437,23447,10
13.0692596436,80.2423477173,23447,23457,10
13.0686302185,80.2425613403,23457,23467,10
13.0677604675,80.2428207397,23467,23478,11
13.0666399002,80.2432937622,23478,23488,10
13.0661497116,80.2441101074,23488,23498,10
13.0663204193,80.2452774048,23498,23514,16
13.0674800873,80.2463302612,23514,23526,12
13.0678300858,80.2465362549,23526,23534,8
13.0678901672,80.2466506958,23534,23545,11
13.0679597855,80.2472610474,23545,23556,11
13.0676403046,80.2479324341,23556,23565,9
13.0668001175,80.2478713989,23565,23577,12
13.0656299591,80.2477722168,23577,23587,10
13.064499855,80.2477111816,23587,23597,10
13.0633897781,80.2476272583,23597,23607,10
13.0622997284,80.2476425171,23607,23617,10
13.0614595413,80.2472305298,23617,23627,10
13.0616397858,80.2466125488,23627,23637,10
13.061920166,80.2456970215,23637,23647,10
13.0625600815,80.2448120117,23647,23657,10
13.0631103516,80.2443313599,23657,23667,10
13.0631103516,80.2443237305,23667,23678,11
13.0633001328,80.2439727783,23678,23688,10
13.0634202957,80.2435302734,23688,23698,10
13.0629396439,80.2434082031,23698,23708,10
13.0622901917,80.2432785034,23708,23718,10
13.0618400574,80.2432098389,23718,23728,10
13.0615596771,80.2431716919,23728,23738,10
13.0610599518,80.243057251,23738,23748,10
13.0605602264,80.2428894043,23748,23758,10
13.0599098206,80.2426681519,23758,23768,10
13.0592699051,80.2425384521,23768,23779,11
13.0587100983,80.2426071167,23779,23789,10
13.0581903458,80.2427368164,23789,23799,10
13.0576095581,80.2427978516,23799,23809,10
13.057009697,80.242767334,23809,23819,10
13.0564498901,80.2425918579,23819,23829,10
13.0558595657,80.2423171997,23829,23839,10
13.0551996231,80.2422866821,23839,23849,10
13.0544900894,80.242401123,23849,23859,10
13.0539197922,80.2423171997,23859,23869,10
13.0538797379,80.2423095703,23869,23879,10
13.0536804199,80.2422103882,23879,23890,11
13.0532197952,80.2419662476,23890,23900,10
13.0525903702,80.2417068481,23900,23910,10
13.0522003174,80.2411575317,23910,23920,10
13.0520401001,80.2409210205,23920,23930,10
13.0519304276,80.2407989502,23930,23940,10
13.0516796112,80.2407073975,23940,23950,10
13.0513000488,80.2406387329,23950,23960,10
13.0509395599,80.2405700684,23960,23970,10
13.0503797531,80.240447998,23970,23980,10
13.049659729,80.2403030396,23980,23991,11
13.0489301682,80.2401428223,23991,24001,10
13.0485897064,80.2400665283,24001,24011,10
13.0480298996,80.2399520874,24011,24021,10
13.047249794,80.2397766113,24021,24031,10
13.0464496613,80.239616394,24031,24041,10
13.0462398529,80.2393722534,24041,24051,10
13.0464200974,80.2387924194,24051,24061,10
13.0465602875,80.2379989624,24061,24071,10
13.0467100143,80.2370910645,24071,24081,10
13.0468902588,80.2362976074,24081,24092,11
13.0469903946,80.236000061,24092,24102,10
13.0470399857,80.2358169556,24102,24112,10
13.04708004,80.2356033325,24112,24122,10
13.0471496582,80.2351074219,24122,24132,10
13.0471801758,80.2343215942,24132,24142,10
13.0472698212,80.2335205078,24142,24152,10
13.0473403931,80.2331771851,24152,24162,10
13.0472602844,80.2330474854,24162,24172,10
13.046959877,80.2329788208,24172,24182,10
13.0464200974,80.2329177856,24182,24193,11
13.0457801819,80.2328033447,24193,24203,10
13.0452404022,80.2326812744,24203,24213,10
13.0451602936,80.2326507568,24213,24223,10
13.0447597504,80.2325668335,24223,24233,10
13.0439996719,80.2324295044,24233,24243,10
13.0432100296,80.2323226929,24243,24253,10
13.0424804688,80.2323074341,24253,24263,10
13.0417404175,80.2322235107,24263,24273,10
13.0407800674,80.2319564819,24273,24284,11
13.0396003723,80.231590271,24284,24294,10
13.038479805,80.2312774658,24294,24304,10
13.0374498367,80.2309570313,24304,24314,10
13.0369501114,80.2308502197,24314,24324,10
13.036649704,80.2307434082,24324,24334,10
13.0360803604,80.2305221558,24334,24344,10
13.0352401733,80.2303085327,24344,24395,51
13.0352401733,80.2303085327,24395,24405,10
13.0349798203,80.2302093506,24405,24415,10
13.034819603,80.23021698,24415,24425,10
13.0340499878,80.2304000854,24425,24445,20
13.0340499878,80.2304000854,24445,24455,10
13.0337295532,80.2304229736,24455,24465,10
13.0334196091,80.23046875,24465,24475,10
13.0329704285,80.230506897,24475,24485,10
13.0321397781,80.2305908203,24485,24495,10
13.0311899185,80.230682373,24495,24506,11
13.0305595398,80.2307434082,24506,24516,10
13.0299396515,80.2308273315,24516,24525,9
13.0298500061,80.2308425903,24525,24536,11
13.0294504166,80.2308883667,24536,24546,10
13.0287904739,80.2309265137,24546,24556,10
13.0280103683,80.2310333252,24556,24566,10
13.027680397,80.2311706543,24566,24576,10
13.0277204514,80.2316894531,24576,24586,10
13.0278501511,80.232421875,24586,24596,10
13.0276699066,80.2328109741,24596,24607,11
13.0269098282,80.232963562,24607,24657,50
13.0269098282,80.232963562,24657,24667,10
13.0264196396,80.2329101563,24667,24677,10
13.0262403488,80.2323303223,24677,24687,10
13.026049614,80.2315979004,24687,24697,10
13.0260000229,80.2313919067,24697,24708,11
13.0258598328,80.2309036255,24708,24718,10
13.0255002975,80.230178833,24718,24728,10
13.0249099731,80.2293777466,24728,24738,10
13.0242996216,80.2285919189,24738,24748,10
13.024020195,80.2282791138,24748,24758,10
13.0239601135,80.2281723022,24758,24768,10
13.0236196518,80.2277908325,24768,24778,10
13.0231199265,80.2272872925,24778,24788,10
13.0224895477,80.2267227173,24788,24798,10
13.0217504501,80.2260665894,24798,24809,11
13.0208597183,80.2253799438,24809,24819,10
13.020070076,80.2248535156,24819,24829,10
13.019109726,80.2244415283,24829,24839,10
13.0180597305,80.2247772217,24839,24849,10
13.0171203613,80.2251586914,24849,24859,10
13.016500473,80.2254333496,24859,24869,10
13.0160703659,80.2255935669,24869,24879,10
13.0155200958,80.2257614136,24879,24889,10
13.0146999359,80.2261276245,24889,24909,20
13.0146999359,80.2261276245,24909,24920,11
13.0144796371,80.2261962891,24920,24930,10
13.0142803192,80.22631073,24930,24950,20
13.0142803192,80.22631073,24950,24960,10
13.0141296387,80.2263565063,24960,24970,10
13.0136003494,80.2265625,24970,24980,10
13.0128297806,80.2268600464,24980,24990,10
13.0118703842,80.2272491455,24990,25000,10
13.0108098984,80.2276763916,25000,25010,10
13.0097799301,80.2281036377,25010,25021,11
13.0091400146,80.2288208008,25021,25031,10
13.0089502335,80.2298431396,25031,25041,10
13.0087499619,80.2309570313,25041,25051,10
13.0085096359,80.232131958,25051,25061,10
13.0083198547,80.2332382202,25061,25071,10
13.0082798004,80.2336196899,25071,25081,10
13.008190155,80.2338409424,25081,25091,10
13.0080699921,80.2344284058,25091,25101,10
13.0078897476,80.2352828979,25101,25111,10
13.0076599121,80.2363891602,25111,25122,11
13.0074100494,80.2376708984,25122,25132,10
13.0072002411,80.238861084,25132,25142,10
13.0069303513,80.2401580811,25142,25192,50
13.0069303513,80.2401580811,25192,25202,10
13.0069799423,80.2403182983,25202,25213,11
13.0069103241,80.2408218384,25213,25223,10
13.0068101883,80.2414703369,25223,25233,10
13.0067596436,80.2423934937,25233,25243,10
13.0067300797,80.2434768677,25243,25253,10
13.0066995621,80.2446899414,25253,25263,10
13.0066995621,80.2457427979,25263,25273,10
13.0067396164,80.2462768555,25273,25283,10
13.0067501068,80.2472076416,25283,25293,10
13.0067501068,80.2482070923,25293,25303,10
13.0068502426,80.2490768433,25303,25314,11
13.0068798065,80.2495498657,25314,25324,10
13.0068798065,80.2498474121,25324,25334,10
13.0068597794,80.2505187988,25334,25344,10
13.006819725,80.2513427734,25344,25354,10
13.0066204071,80.2523574829,25354,25364,10
13.0066003799,80.2535400391,25364,25374,10
13.006649971,80.254699707,25374,25384,10
13.006649971,80.2549819946,25384,25394,10
13.0066404343,80.2553482056,25394,25404,10
13.0066404343,80.2560424805,25404,25414,10
13.006649971,80.2566986084,25414,25424,10
13.0067195892,80.2573165894,25424,25435,11
13.0060997009,80.2574386597,25435,25445,10
13.0053396225,80.2572784424,25445,25455,10
13.0045204163,80.2571029663,25455,25465,10
13.0036001205,80.2569122314,25465,25475,10
13.0027303696,80.256729126,25475,25485,10
13.0018796921,80.2565994263,25485,25495,10
13.0013904572,80.2565612793,25495,25505,10
13.001159668,80.2565536499,25505,25515,10
13.0006198883,80.256439209,25515,25526,11
12.9996099472,80.2562484741,25526,25536,10
12.9994096756,80.2562103271,25536,25546,10
12.9991197586,80.256149292,25546,25556,10
12.9984798431,80.2560195923,25556,25566,10
12.997179985,80.2559509277,25566,25606,40
12.997179985,80.2559509277,25606,25616,10
12.9970703125,80.2559814453,25616,25626,10
12.9969396591,80.2562866211,25626,25637,11
12.9968795776,80.2570800781,25637,25647,10
12.9968700409,80.25730896,25647,25657,10
12.9968004227,80.2577896118,25657,25667,10
12.9967298508,80.2584915161,25667,25677,10
12.9966402054,80.2593231201,25677,25687,10
12.9965200424,80.2602081299,25687,25697,10
12.9963998795,80.2612380981,25697,25707,10
12.996339798,80.26171875,25707,25717,10
12.996339798,80.2618408203,25717,25728,11
12.9962997437,80.262298584,25728,25738,10
12.9962396622,80.2624664307,25738,25748,10
12.9961700439,80.2629928589,25748,25758,10
12.9961004257,80.2638015747,25758,25768,10
12.9959897995,80.2648162842,25768,25778,10
12.9958696365,80.2659378052,25778,25788,10
12.9957399368,80.267578125,25788,25808,20
12.9957399368,80.267578125,25808,25818,10
12.9959602356,80.2676925659,25818,25829,11
12.9966602325,80.2677536011,25829,25839,10
12.9975404739,80.267539978,25839,25849,10
12.9985799789,80.2672424316,25849,25859,10
12.9996404648,80.2669067383,25859,25869,10
12.9999599457,80.2667770386,25869,25879,10
13.0000696182,80.2666473389,25879,25889,10
13.000169754,80.2661132813,25889,25899,10
13.0002098083,80.2657318115,25899,25909,10
13.0003595352,80.2658233643,25909,25919,10
13.0003299713,80.2660293579,25919,27082,1163
13.0004501343,80.2660217285,27082,27142,60
13.0003595352,80.2660217285,27142,27183,41
13.0003595352,80.2660217285,27183,27193,10
13.0003099442,80.2663803101,27193,27203,10
13.0003099442,80.2665328979,27203,27213,10
13.0002298355,80.2667999268,27213,27223,10
12.9997301102,80.2669830322,27223,27233,10
12.9989404678,80.2671966553,27233,27243,10
12.9979295731,80.2674789429,27243,27253,10
12.9968595505,80.267791748,27253,27263,10
12.9956798553,80.2674407959,27263,27283,20
12.9956798553,80.2674407959,27283,27294,11
12.9957304001,80.266960144,27294,27304,10
12.9958000183,80.2662124634,27304,27314,10
12.9959001541,80.2652816772,27314,27324,10
12.9960403442,80.264289856,27324,27334,10
12.9961395264,80.2632522583,27334,27350,16
12.996219635,80.2624969482,27350,27362,12
12.9962596893,80.2622680664,27362,27372,10
12.9962997437,80.2618865967,27372,27381,9
12.9963903427,80.2610321045,27381,27393,12
12.9965295792,80.2597503662,27393,27403,10
12.9965600967,80.2593688965,27403,27413,10
12.9965896606,80.2590866089,27413,27423,10
12.9966497421,80.2584381104,27423,27433,10
12.9967403412,80.25756073,27433,27443,10
12.9968299866,80.2566680908,27443,27453,10
12.9968595505,80.2561416626,27453,27463,10
12.9969501495,80.255859375,27463,27473,10
12.9973897934,80.2558364868,27473,27483,10
12.998049736,80.255897522,27483,27494,11
12.9987297058,80.2559585571,27494,27504,10
12.9987802505,80.2559814453,27504,27514,10
12.9991703033,80.256072998,27514,27524,10
12.999710083,80.2561569214,27524,27544,20
12.999710083,80.2561569214,27544,27554,10
13.0000600815,80.2562713623,27554,27564,10
13.0007095337,80.2563934326,27564,27574,10
13.0010700226,80.2564468384,27574,27584,10
13.0014400482,80.2565231323,27584,27595,11
13.0020198822,80.2566299438,27595,27605,10
13.0027399063,80.2567596436,27605,27615,10
13.0034799576,80.2568893433,27615,27625,10
13.0042800903,80.2570419312,27625,27635,10
13.0051403046,80.2572097778,27635,27645,10
13.0059204102,80.2573623657,27645,27655,10
13.006529808,80.2574234009,27655,27665,10
13.0065603256,80.256980896,27665,27675,10
13.0065402985,80.2562026978,27675,27685,10
13.0065402985,80.2554016113,27685,27695,10
13.0065498352,80.2545623779,27695,27706,11
13.0065202713,80.2536621094,27706,27716,10
13.0065402985,80.2533798218,27716,27726,10
13.0065402985,80.2533493042,27726,27736,10
13.0065498352,80.2529373169,27736,27746,10
13.0065603256,80.2526168823,27746,27786,40
13.0065603256,80.2526168823,27786,27797,11
13.0065402985,80.2524032593,27797,27807,10
13.006649971,80.2518997192,27807,27817,10
13.0067596436,80.2512283325,27817,27827,10
13.0067796707,80.2503890991,27827,27837,10
13.0067501068,80.2497024536,27837,27847,10
13.0067501068,80.2495269775,27847,27857,10
13.0066995621,80.248878479,27857,27877,20
13.0066995621,80.248878479,27877,27887,10
13.0066795349,80.248840332,27887,27898,11
13.0066795349,80.2488021851,27898,27908,10
13.0066900253,80.2486190796,27908,27918,10
13.0066795349,80.2481765747,27918,27928,10
13.0066699982,80.2474899292,27928,27938,10
13.0066003799,80.2466964722,27938,27948,10
13.0066003799,80.2465286255,27948,27958,10
13.006649971,80.2462463379,27958,27968,10
13.0066404343,80.2455673218,27968,27978,10
13.0066204071,80.2447967529,27978,27988,10
13.0066299438,80.2440414429,27988,27998,10
13.0066099167,80.2432479858,27998,28009,11
13.0065698624,80.2422637939,28009,28019,10
13.0065498352,80.2416915894,28019,28029,10
13.0065803528,80.2414016724,28029,28039,10
13.0066604614,80.2407608032,28039,28049,10
13.0067396164,80.2403717041,28049,28059,10
13.0067796707,80.240196228,28059,28069,10
13.0068902969,80.2397384644,28069,28079,10
13.0070199966,80.2389831543,28079,28089,10
13.0072002411,80.2380523682,28089,28099,10
13.0073795319,80.2372283936,28099,28110,11
13.0074195862,80.2367935181,28110,28120,10
13.0074501038,80.236656189,28120,28130,10
13.0075702667,80.2361526489,28130,28140,10
13.0077295303,80.2353820801,28140,28150,10
13.0079202652,80.2344589233,28150,28160,10
13.0081396103,80.2333374023,28160,28170,10
13.0083799362,80.2321166992,28170,28180,10
13.0086202621,80.2308731079,28180,28190,10
13.0088701248,80.229637146,28190,28200,10
13.0091199875,80.2284622192,28200,28211,11
13.0095996857,80.2272491455,28211,28221,10
13.0100898743,80.2262115479,28221,28231,10
13.0104904175,80.2254180908,28231,28241,10
13.0107603073,80.224861145,28241,28251,10
13.0109500885,80.2243728638,28251,28261,10
13.0112400055,80.2236785889,28261,28271,10
13.0115604401,80.2229003906,28271,28281,10
13.0118503571,80.222038269,28281,28291,10
13.0120601654,80.2214736938,28291,28301,10
13.0122203827,80.2213973999,28301,28312,11
13.0124397278,80.2215499878,28312,28322,10
13.0128002167,80.2220687866,28322,28332,10
13.0133104324,80.2226104736,28332,28342,10
13.0138301849,80.2231826782,28342,28352,10
13.0141801834,80.2236328125,28352,28362,10
13.0144996643,80.2239608765,28362,28372,10
13.0150203705,80.2244873047,28372,28382,10
13.0153398514,80.2248382568,28382,28392,10
13.0155496597,80.224937439,28392,28402,10
13.0155696869,80.2249603271,28402,28413,11
13.0159397125,80.2252426147,28413,28423,10
13.0165996552,80.2252502441,28423,28433,10
13.0174102783,80.2249526978,28433,28443,10
13.0182800293,80.2246017456,28443,28453,10
13.018989563,80.224319458,28453,28463,10
13.0194702148,80.2242965698,28463,28473,10
13.0195999146,80.2243804932,28473,28483,10
13.0198802948,80.2245864868,28483,28493,10
13.020409584,80.2249908447,28493,28503,10
13.0210199356,80.225440979,28503,28513,10
13.0215797424,80.2258834839,28513,28524,11
13.0221300125,80.2262802124,28524,28534,10
13.022190094,80.2263183594,28534,28544,10
13.0224504471,80.2265930176,28544,28554,10
13.0229501724,80.2269973755,28554,28564,10
13.0236101151,80.2276306152,28564,28574,10
13.0244102478,80.2284393311,28574,28594,20
13.0244102478,80.2284393311,28594,28604,10
13.0246095657,80.2287368774,28604,28614,10
13.0250301361,80.2293624878,28614,28631,17
13.0258903503,80.2307510376,28631,28643,12
13.0261602402,80.2313537598,28643,28653,10
13.0266399384,80.2312316895,28653,28663,10
13.0274295807,80.2310562134,28663,28673,10
13.028380394,80.2309417725,28673,28683,10
13.0286102295,80.2309036255,28683,28693,10
13.0287303925,80.2308807373,28693,28703,10
13.029299736,80.2308273315,28703,28714,11
13.0299701691,80.2307662964,28714,28724,10
13.030790329,80.2306976318,28724,28734,10
13.0317201614,80.2306289673,28734,28744,10
13.0323200226,80.2305908203,28744,28754,10
13.0327596664,80.2305374146,28754,28764,10
13.0333900452,80.2304992676,28764,28774,10
13.0339403152,80.2304534912,28774,28784,10
13.0343904495,80.2304077148,28784,28814,30
13.0343904495,80.2304077148,28814,28825,11
13.0345602036,80.2303924561,28825,28835,10
13.0349597931,80.2303924561,28835,28845,10
13.0349998474,80.2306289673,28845,28855,10
13.0349597931,80.2309570313,28855,28865,10
13.0348901749,80.2315216064,28865,28875,10
13.0347995758,80.2321624756,28875,28885,10
13.0346698761,80.2329788208,28885,28894,9
13.0345697403,80.2336883545,28894,28904,10
13.0344495773,80.2346420288,28904,28915,11
13.034330368,80.2356262207,28915,28925,10
13.034239769,80.2364120483,28925,28935,10
13.0342102051,80.2368774414,28935,28946,11
13.0342798233,80.2372436523,28946,28956,10
13.0345802307,80.2377624512,28956,28966,10
13.0349397659,80.2383880615,28966,28976,10
13.0353603363,80.2390518188,28976,28986,10
13.0359601974,80.239402771,28986,28996,10
13.0367603302,80.2394790649,28996,29006,10
13.037560463,80.2395706177,29006,29016,10
13.0383901596,80.2396774292,29016,29026,10
13.0392303467,80.2397766113,29026,29037,11
13.0400600433,80.2398681641,29037,29047,10
13.0403795242,80.239982605,29047,29057,10
13.040430069,80.2403793335,29057,29067,10
13.0408401489,80.2405471802,29067,29077,10
13.0409803391,80.2405776978,29077,29087,10
13.0410699844,80.2406082153,29087,29097,10
13.041469574,80.2406387329,29097,29107,10
13.0420999527,80.2407531738,29107,29117,10
13.0429897308,80.240852356,29117,29127,10
13.0438604355,80.2409591675,29127,29138,11
13.0444402695,80.2406692505,29138,29168,30
13.0444402695,80.2406692505,29168,29178,10
13.044670105,80.2404708862,29178,29188,10
13.0450201035,80.2402191162,29188,29198,10
13.0454301834,80.2399291992,29198,29208,10
13.045999527,80.2395477295,29208,29218,10
13.0462198257,80.2395019531,29218,29228,10
13.0466098785,80.2396011353,29228,29249,21
13.0466098785,80.2396011353,29249,29259,10
13.0468101501,80.2396469116,29259,29269,10
13.0472202301,80.2397689819,29269,29279,10
13.0476999283,80.2398681641,29279,29289,10
13.0481700897,80.2399520874,29289,29299,10
13.0484600067,80.2400131226,29299,29309,10
13.048740387,80.2400588989,29309,29319,10
13.0488195419,80.2400665283,29319,29329,10
13.0489597321,80.2400894165,29329,29339,10
13.0493001938,80.2401580811,29339,29350,11
13.0497398376,80.2402496338,29350,29360,10
13.0502996445,80.2403488159,29360,29370,10
13.0509595871,80.2405014038,29370,29380,10
13.0512504578,80.2405700684,29380,29390,10
13.0512599945,80.2405700684,29390,29400,10
13.0514001846,80.2406082153,29400,29410,10
13.0518703461,80.2407302856,29410,29420,10
13.0522499084,80.240852356,29420,29430,10
13.0522603989,80.2408599854,29430,29440,10
13.0523996353,80.2408981323,29440,29451,11
13.0525999069,80.2412490845,29451,29461,10
13.0526304245,80.2414169312,29461,29471,10
13.0526695251,80.2415390015,29471,29481,10
13.0530195236,80.2418136597,29481,29491,10
13.0536403656,80.2421112061,29491,29501,10
13.0540399551,80.2422485352,29501,29511,10
13.0540504456,80.2422485352,29511,29521,10
13.0541601181,80.2422790527,29521,29531,10
13.0545701981,80.2423629761,29531,29541,10
13.0552101135,80.2422485352,29541,29551,10
13.0560102463,80.2423706055,29551,29562,11
13.0567302704,80.2426300049,29562,29630,68
13.0567302704,80.2426300049,29630,29640,10
13.0571298599,80.2427597046,29640,29650,10
13.0576200485,80.2427902222,29650,29661,11
13.0577802658,80.2427902222,29661,29671,10
13.0581798553,80.24269104,29671,29681,10
13.0588302612,80.2425689697,29681,29691,10
13.0593996048,80.242477417,29691,29701,10
13.0600404739,80.2426986694,29701,29711,10
13.060500145,80.2428894043,29711,29721,10
13.0610904694,80.2430801392,29721,29731,10
13.0616502762,80.2432022095,29731,29741,10
13.0625200272,80.243347168,29741,29762,21
13.0625200272,80.243347168,29762,29772,10
13.0628004074,80.2434234619,29772,29782,10
13.0634202957,80.2435073853,29782,29792,10
13.0641403198,80.2435302734,29792,29802,10
13.0649595261,80.2435379028,29802,29812,10
13.0655202866,80.243560791,29812,29842,30
13.0655202866,80.243560791,29842,29852,10
13.0657596588,80.2435073853,29852,29863,11
13.0662002563,80.2434463501,29863,29873,10
13.0665903091,80.2433166504,29873,29883,10
13.0670795441,80.2430877686,29883,29893,10
13.0676498413,80.2428436279,29893,29903,10
13.0683097839,80.2426605225,29903,29913,10
13.0689601898,80.2424316406,29913,29923,10
13.0699396133,80.2421112061,29923,29953,30
13.0699396133,80.2421112061,29953,29964,11
13.0703601837,80.2420196533,29964,29974,10
13.070980072,80.2418365479,29974,29984,10
13.0717802048,80.2415237427,29984,29994,10
13.0725603104,80.2410202026,29994,30004,10
13.0733804703,80.2407073975,30004,30014,10
13.0742197037,80.2405014038,30014,30024,10
13.0751399994,80.2404785156,30024,30034,10
13.0761203766,80.2404632568,30034,30044,10
13.07695961,80.2405700684,30044,30054,10
13.0771198273,80.240272522,30054,30095,41
13.0771198273,80.240272522,30095,30105,10
13.0770797729,80.2399520874,30105,30115,10
13.0769901276,80.2396774292,30115,30125,10
13.0769195557,80.2394485474,30125,30135,10
13.0768098831,80.2391586304,30135,30165,30
13.0768098831,80.2391586304,30165,30176,11
13.0767002106,80.2387466431,30176,30186,10
13.0765695572,80.2382507324,30186,30277,91
13.0765695572,80.2382507324,30277,30287,10
13.0765399933,80.23802948,30287,30297,10
13.0764904022,80.2378005981,30297,30307,10
13.076379776,80.2372817993,30307,30327,20
13.076379776,80.2372817993,30327,30337,10
13.0763397217,80.2370605469,30337,30347,10
13.0762395859,80.2365570068,30347,30357,10
13.0761499405,80.2358627319,30357,30367,10
13.0759897232,80.2351608276,30367,30377,10
13.075799942,80.2343902588,30377,30388,11
13.0760402679,80.2338027954,30388,30398,10
13.0766296387,80.2337112427,30398,30408,10
13.0767698288,80.2336807251,30408,30418,10
13.0769996643,80.2336502075,30418,30428,10
13.0775699615,80.2335586548,30428,30438,10
13.0783596039,80.2335205078,30438,30448,10
13.0793104172,80.2334976196,30448,30458,10
13.0804004669,80.2335128784,30458,30478,20
13.0807504654,80.2335510254,30478,30489,11
13.0807504654,80.2335510254,30489,30499,10
13.0813798904,80.233543396,30499,30509,10
13.0819597244,80.2335281372,30509,30519,10
13.0820302963,80.2329864502,30519,30529,10
13.0822200775,80.2322463989,30529,30539,10
13.0824804306,80.2314834595,30539,30549,10
13.082690239,80.2309875488,30549,30560,11
13.0828304291,80.2306976318,30560,30571,11
13.0831403732,80.2308807373,30571,30581,10
13.0831699371,80.2313537598,30581,30592,11
13.0832300186,80.2323379517,30592,30602,10
13.0833597183,80.2329788208,30602,30613,11
13.0834999084,80.2336120605,30613,30623,10
13.083990097,80.2339324951,30623,30653,30
13.083990097,80.2339324951,30653,30663,10
13.0841302872,80.2339706421,30663,30673,10
13.0843601227,80.2340393066,30673,30683,10
13.0845403671,80.2341003418,30683,30694,11
13.0851202011,80.2342071533,30694,30704,10
13.0858697891,80.2343902588,30704,30714,10
13.0867004395,80.2345581055,30714,30724,10
13.0876903534,80.2345199585,30724,30734,10
13.0879898071,80.2337493896,30734,30744,10
13.0881595612,80.232749939,30744,30754,10
13.0884199142,80.2317428589,30754,30764,10
13.088640213,80.2311019897,30764,30774,10
13.0888795853,80.2305221558,30774,30795,21
13.0888795853,80.2305221558,30795,30805,10
13.0890302658,80.2302398682,30805,30815,10
13.0892496109,80.2298126221,30815,30825,10
13.0895996094,80.2292709351,30825,30835,10
13.0901498795,80.2286529541,30835,30845,10
13.0907897949,80.2279434204,30845,30855,10
13.0913000107,80.2273635864,30855,30871,16
13.0914201736,80.2272415161,30871,30883,12
13.0914802551,80.227180481,30883,30891,8
13.0917100906,80.2269668579,30891,30904,13
13.0923299789,80.2263183594,30904,30914,10
13.0929203033,80.2257385254,30914,30924,10
13.0933504105,80.2252731323,30924,30933,9
13.0936098099,80.2249603271,30933,30944,11
13.0940504074,80.2244491577,30944,30953,9
13.0944404602,80.2239532471,30953,30964,11
13.0950498581,80.2229919434,30964,30974,10
13.0952501297,80.2224273682,30974,30984,10
13.0952796936,80.2223815918,30984,30995,11
13.0954399109,80.2219619751,30995,31006,11
13.0956802368,80.2212677002,31006,31016,10
13.0958900452,80.2207183838,31016,31026,10
13.0962400436,80.2196578979,31026,31046,20
13.0962400436,80.2196578979,31046,31056,10
13.0963001251,80.2194824219,31056,31066,10
13.0963401794,80.2193603516,31066,31076,10
13.0964403152,80.2191009521,31076,31086,10
13.0965595245,80.2187805176,31086,31096,10
13.096739769,80.2182312012,31096,31107,11
13.0970001221,80.2174911499,31107,31117,10
13.0971603394,80.2169799805,31117,31137,20
13.0971603394,80.2169799805,31137,31147,10
13.0973396301,80.2165527344,31147,31157,10
13.0975799561,80.2159729004,31157,31167,10
13.0979003906,80.2152175903,31167,31197,30
13.0979003906,80.2152175903,31197,31208,11
13.0979604721,80.2151031494,31208,31218,10
13.0981798172,80.21459198,31218,31258,40
13.0982103348,80.2144622803,31258,31309,51
13.0982103348,80.2144622803,31309,31319,10
13.0983495712,80.2141723633,31319,31329,10
13.0986099243,80.2138900757,31329,31339,10
13.099029541,80.2141189575,31339,31349,10
13.0994796753,80.2142791748,31349,31359,10
13.1000795364,80.2144393921,31359,31399,40
13.1000795364,80.2144393921,31399,31409,10
13.1005401611,80.2146530151,31409,31490,81
13.1005401611,80.2146530151,31490,31500,10
13.1005802155,80.21484375,31500,31510,10
13.1003398895,80.2154083252,31510,31521,11
13.100060463,80.2160491943,31521,31531,10
13.0999498367,80.2158279419,31531,31541,10
13.1000900269,80.2154998779,31541,31551,10
13.1003303528,80.2148971558,31551,31813,262
13.1003303528,80.2148971558,31813,31823,10
13.100279808,80.2146377563,31823,31834,11
13.0999298096,80.2144165039,31834,31844,10
13.0995597839,80.21434021,31844,31854,10
13.099029541,80.2141799927,31854,31864,10
13.0986499786,80.2140579224,31864,31924,60
13.0986499786,80.2140579224,31924,31935,11
13.0983400345,80.2143096924,31935,31945,10
13.0980997086,80.2148895264,31945,31955,10
13.097820282,80.2155532837,31955,31965,10
13.0975503922,80.216217041,31965,31975,10
13.0973796844,80.2166671753,31975,31995,20
13.0973796844,80.2166671753,31995,32005,10
13.0972299576,80.217086792,32005,32015,10
13.0970096588,80.2176971436,32015,32025,10
13.096739769,80.2185211182,32025,32035,10
13.0965003967,80.2192687988,32035,32046,11
13.0961999893,80.2200469971,32046,32056,10
13.0959501266,80.2207717896,32056,32066,10
13.0957803726,80.221282959,32066,32076,10
13.095580101,80.221862793,32076,32086,10
13.0953903198,80.2224197388,32086,32096,10
13.0953798294,80.222442627,32096,32106,10
13.0952701569,80.2227478027,32106,32116,10
13.0950098038,80.2232971191,32116,32126,10
13.0945501328,80.2239990234,32126,32136,10
13.0940103531,80.2247314453,32136,32153,17
13.0929203033,80.2259216309,32153,32165,12
13.0920000076,80.2268371582,32165,32175,10
13.0914897919,80.2273712158,32175,32184,9
13.0912303925,80.2276687622,32184,32214,30
13.0912303925,80.2276687622,32214,32225,11
13.0910797119,80.2277984619,32225,32235,10
13.0908002853,80.2281036377,32235,32247,12
13.0902996063,80.2286376953,32247,32256,9
13.0899295807,80.2290420532,32256,32267,11
13.0894098282,80.2297210693,32267,32277,10
13.089220047,80.2301177979,32277,32287,10
13.0891103745,80.2303237915,32287,32297,10
13.0888395309,80.2309265137,32297,32337,40
13.0888395309,80.2309265137,32337,32347,10
13.0886802673,80.2312469482,32347,32368,21
13.0886802673,80.2312469482,32368,32378,10
13.0886001587,80.2314529419,32378,32388,10
13.0884895325,80.2318115234,32388,32398,10
13.0883302689,80.2323684692,32398,32408,10
13.0882196426,80.2328567505,32408,32620,212
13.0882196426,80.2328567505,32620,32630,10
13.088139534,80.2331619263,32630,32640,10
13.0880804062,80.2336273193,32640,32650,10
13.08796978,80.2343063354,32650,32661,11
13.0874004364,80.234588623,32661,32671,10
13.0868797302,80.2345581055,32671,32681,10
13.0864896774,80.2345123291,32681,32691,10
13.0861196518,80.2344894409,32691,32701,10
13.0857000351,80.2343673706,32701,32711,10
13.0851802826,80.2342224121,32711,32721,10
13.0847101212,80.2340927124,32721,32731,10
13.0842399597,80.2339782715,32731,32741,10
13.0836601257,80.2338562012,32741,32751,10
13.0832195282,80.2338180542,32751,32762,11
13.0826797485,80.2337036133,32762,32772,10
13.082159996,80.2336196899,32772,32792,20
13.082159996,80.2336196899,32792,32802,10
13.0818595886,80.2335968018,32802,32812,10
13.0813598633,80.2335510254,32812,32822,10
13.0807104111,80.2335205078,32822,32832,10
13.0798597336,80.233543396,32832,32842,10
13.0791797638,80.2335510254,32842,32852,10
13.0789804459,80.2335586548,32852,32862,10
13.0785999298,80.2335510254,32862,32873,11
13.0779399872,80.2335891724,32873,32883,10
13.0772600174,80.2336730957,32883,32893,10
13.0765199661,80.2338180542,32893,32903,10
13.0759296417,80.2340621948,32903,32913,10
13.0760202408,80.2347335815,32913,32923,10
13.0761604309,80.235496521,32923,32933,10
13.0763301849,80.2364120483,32933,32943,10
13.0765304565,80.2373123169,32943,32963,20
13.0765304565,80.2373123169,32963,32974,11
13.0766601563,80.2379226685,32974,32994,20
13.0766601563,80.2379226685,32994,33004,10
13.0767602921,80.23828125,33004,33014,10
13.0768699646,80.238861084,33014,33024,10
13.0770397186,80.2395935059,33024,33034,10
13.077170372,80.2402267456,33034,33044,10
13.077340126,80.2409896851,33044,33054,10
13.0774497986,80.241569519,33054,33064,10
13.0776100159,80.2422485352,33064,33075,11
13.0777702332,80.2431793213,33075,33085,10
13.0778398514,80.2440032959,33085,33095,10
13.0777997971,80.2443084717,33095,33105,10
13.0778398514,80.244392395,33105,33115,10
13.0778999329,80.2447891235,33115,33125,10
13.0779495239,80.2454223633,33125,33135,10
13.0780200958,80.2461624146,33135,33145,10
13.0781602859,80.2469329834,33145,33155,10
13.0783195496,80.2478027344,33155,33165,10
13.0785102844,80.2486572266,33165,33175,10
13.078669548,80.2493362427,33175,33186,11
13.078789711,80.25,33186,33196,10
13.0788202286,80.2501068115,33196,33206,10
13.0788698196,80.2502593994,33206,33216,10
13.0788698196,80.2506866455,33216,33226,10
13.0788803101,80.251159668,33226,33236,10
13.0788097382,80.251663208,33236,33246,10
13.0785598755,80.2517166138,33246,33276,30
13.0785598755,80.2517166138,33276,33287,11
13.0781002045,80.2516784668,33287,33297,10
13.0775203705,80.2518005371,33297,33307,10
13.0768299103,80.251953125,33307,33323,16
13.0755701065,80.2521362305,33323,33335,12
13.0747900009,80.2521820068,33335,33345,10
13.0742702484,80.2522125244,33345,33355,10
13.0736503601,80.2524414063,33355,33365,10
13.0729598999,80.2523803711,33365,33375,10
13.0723495483,80.252243042,33375,33385,10
13.0721197128,80.2515182495,33385,33395,10
13.0719499588,80.2507781982,33395,33407,12
13.0716400146,80.2498474121,33407,33417,10
13.0714502335,80.248916626,33417,33427,10
13.0712003708,80.2478713989,33427,33437,10
13.0709400177,80.2472229004,33437,33447,10
13.0705299377,80.2463607788,33447,33456,9
13.0701904297,80.2456207275,33456,33466,10
13.0698099136,80.2447433472,33466,33477,11
13.0694904327,80.2438735962,33477,33487,10
13.0693101883,80.2433929443,33487,33518,31
13.0693101883,80.2433929443,33518,33528,10
13.0692396164,80.2431030273,33528,33538,10
13.0690002441,80.2424621582,33538,33558,20
13.0690002441,80.2424621582,33558,33568,10
13.0687398911,80.2424087524,33568,33578,10
13.0684900284,80.2425231934,33578,33588,10
13.0679798126,80.2426986694,33588,33599,11
13.0672798157,80.242980957,33599,33609,10
13.0667104721,80.243270874,33609,33619,10
13.0662698746,80.2435379028,33619,33629,10
13.0661897659,80.2437591553,33629,33639,10
13.0662002563,80.2439880371,33639,33649,10
13.0662498474,80.2443313599,33649,33659,10
13.0662698746,80.2445678711,33659,33669,10
13.0663003922,80.2448501587,33669,33679,10
13.0663204193,80.2451934814,33679,33689,10
13.0663795471,80.2455368042,33689,33700,11
13.0666904449,80.2459564209,33700,33710,10
13.0673904419,80.2462768555,33710,33720,10
13.0677900314,80.2464981079,33720,33750,30
13.0677900314,80.2464981079,33750,33760,10
13.0678796768,80.2466125488,33760,33770,10
13.0679798126,80.2470092773,33770,33780,10
13.0679798126,80.2472991943,33780,33790,10
13.0679302216,80.2477722168,33790,33800,10
13.0674295425,80.2478866577,33800,33811,11
13.066619873,80.2479019165,33811,33821,10
13.0658302307,80.247833252,33821,33831,10
13.0650396347,80.247756958,33831,33841,10
13.0642204285,80.2476806641,33841,33851,10
13.0633602142,80.2476425171,33851,33861,10
13.0625295639,80.2476196289,33861,33871,10
13.0617904663,80.2475814819,33871,33881,10
13.0614299774,80.2470169067,33881,33891,10
13.0617704391,80.2465362549,33891,33901,10
13.0619602203,80.2458190918,33901,33911,10
13.0622997284,80.2450637817,33911,33922,11
13.0632095337,80.2442016602,33922,33942,20
13.0632095337,80.2442016602,33942,33952,10
13.0632600784,80.2440414429,33952,33962,10
13.0634098053,80.2436599731,33962,33972,10
13.0630397797,80.2434005737,33972,33982,10
13.0623598099,80.2432785034,33982,33992,10
13.0618000031,80.2431716919,33992,34002,10
13.0613203049,80.2430877686,34002,34013,11
13.0609102249,80.242980957,34013,34023,10
13.0603504181,80.2427978516,34023,34033,10
13.0596704483,80.2425765991,34033,34043,10
13.0590000153,80.2425689697,34043,34052,9
13.0583496094,80.2426605225,34052,34063,11
13.0575504303,80.2427902222,34063,34074,11
13.0571699142,80.2428207397,34074,34104,30
13.0571699142,80.2428207397,34104,34114,10
13.05671978,80.24269104,34114,34124,10
13.0563097,80.2425613403,34124,34135,11
13.0561103821,80.2424621582,34135,34145,10
13.0560998917,80.2424621582,34145,34155,10
13.055850029,80.2423019409,34155,34165,10
13.0553798676,80.2422714233,34165,34175,10
13.0547304153,80.2423782349,34175,34185,10
13.0537395477,80.2422027588,34185,34215,30
13.0537395477,80.2422027588,34215,34226,11
13.0535802841,80.2421264648,34226,34236,10
13.0530195236,80.241897583,34236,34286,50
13.0530195236,80.241897583,34286,34296,10
13.0526504517,80.2418136597,34296,34306,10
13.0522899628,80.2414169312,34306,34316,10
13.0520496368,80.2409820557,34316,34327,11
13.0517902374,80.2406997681,34327,34337,10
13.0514602661,80.2406616211,34337,34347,10
13.0509395599,80.2405471802,34347,34357,10
13.0502595901,80.2404174805,34357,34367,10
13.0497198105,80.240272522,34367,34377,10
13.0491600037,80.2401504517,34377,34387,10
13.0484600067,80.240020752,34387,34397,10
13.0475597382,80.2398376465,34397,34407,10
13.0469198227,80.2397079468,34407,34417,10
13.046380043,80.2396011353,34417,34427,10
13.0462398529,80.2394638062,34427,34438,11
13.0463895798,80.2389602661,34438,34448,10
13.0465202332,80.238243103,34448,34458,10
13.0466604233,80.237411499,34458,34468,10
13.0468597412,80.2365188599,34468,34478,10
13.0469703674,80.236076355,34478,34488,10
13.0470399857,80.2357025146,34488,34498,10
13.0470600128,80.2354812622,34498,34508,10
13.0471200943,80.2349624634,34508,34518,10
13.0472202301,80.2342224121,34518,34528,10
13.0473203659,80.2334213257,34528,34539,11
13.0471601486,80.2330169678,34539,34549,10
13.0465898514,80.2329406738,34549,34559,10
13.0458803177,80.2328109741,34559,34569,10
13.0452203751,80.2326278687,34569,34589,20
13.0452203751,80.2326278687,34589,34599,10
13.0449399948,80.2325973511,34599,34609,10
13.0444202423,80.2324905396,34609,34619,10
13.0437202454,80.232383728,34619,34629,10
13.0430202484,80.2323303223,34629,34640,11
13.0422296524,80.2323226929,34640,34650,10
13.0414600372,80.2321777344,34650,34660,10
13.040599823,80.2318878174,34660,34670,10
13.0395803452,80.231628418,34670,34680,10
13.0385704041,80.2313690186,34680,34690,10
13.037560463,80.231048584,34690,34700,10
13.036939621,80.2308273315,34700,34710,10
13.0366802216,80.2307128906,34710,34720,10
13.0361003876,80.2305603027,34720,34730,10
13.0354404449,80.2303619385,34730,34779,49
13.0354404449,80.2303619385,34779,34789,10
13.0352802277,80.2302474976,34789,34799,10
13.0348997116,80.2302703857,34799,34809,10
13.0344696045,80.2303695679,34809,34819,10
13.0341701508,80.230430603,34819,34829,10
13.0336399078,80.2304763794,34829,34850,21
13.0336399078,80.2304763794,34850,34859,9
13.0335197449,80.2304916382,34859,34870,11
13.0328798294,80.2305221558,34870,34879,9
13.0322399139,80.2305984497,34879,34890,11
13.0314302444,80.2306671143,34890,34899,9
13.03083992,80.2307281494,34899,34910,11
13.0302400589,80.2307662964,34910,34920,10
13.0298595428,80.230796814,34920,34930,10
13.0297603607,80.2308120728,34930,34940,10
13.0296497345,80.2308197021,34940,34951,11
13.0291004181,80.2308807373,34951,34961,10
13.0283603668,80.2309494019,34961,34971,10
13.0277795792,80.2310180664,34971,34981,10
13.0277500153,80.2313079834,34981,34991,10
13.0277900696,80.2319869995,34991,35007,16
13.0276203156,80.2328109741,35007,35019,12
13.0272197723,80.2328872681,35019,35029,10
13.0268697739,80.2329177856,35029,35162,133
13.0268697739,80.2329177856,35162,35172,10
13.0266799927,80.2330627441,35172,35182,10
13.0264196396,80.2328720093,35182,35192,10
13.0262298584,80.2322998047,35192,35202,10
13.0261096954,80.2317428589,35202,35212,10
13.0260295868,80.2312469482,35212,35222,10
13.0257997513,80.2305221558,35222,35232,10
13.0250396729,80.2294998169,35232,35252,20
13.0250396729,80.2294998169,35252,35262,10
13.0248498917,80.2292633057,35262,35273,11
13.0245399475,80.2288970947,35273,35283,10
13.0244102478,80.2287216187,35283,35293,10
13.0239896774,80.2282333374,35293,35313,20
13.0239896774,80.2282333374,35313,35323,10
13.0239601135,80.2281723022,35323,35333,10
13.0236997604,80.2278594971,35333,35343,10
13.023229599,80.2273788452,35343,35353,10
13.0226697922,80.2268600464,35353,35363,10
13.0219802856,80.2262420654,35363,35374,11
13.021109581,80.2255706787,35374,35384,10
13.0204200745,80.2251205444,35384,35394,10
13.0196895599,80.224647522,35394,35404,10
13.0187397003,80.2245330811,35404,35413,9
13.0178203583,80.2249069214,35413,35423,10
13.0169401169,80.2252731323,35423,35434,11
13.016289711,80.2255325317,35434,35444,10
13.0157003403,80.2257080078,35444,35454,10
13.0149803162,80.2260131836,35454,35464,10
13.0142202377,80.2263412476,35464,35485,21
13.0142202377,80.2263412476,35485,35495,10
13.0139799118,80.2264328003,35495,35505,10
13.0134401321,80.2266311646,35505,35515,10
13.0127096176,80.2268981934,35515,35525,10
13.0118303299,80.2272415161,35525,35535,10
13.0108203888,80.2276382446,35535,35545,10
13.0098495483,80.2280502319,35545,35555,10
13.0093002319,80.2283706665,35555,35565,10
13.0092201233,80.2284698486,35565,35575,10
13.0092096329,80.2285385132,35575,35586,11
13.0090999603,80.2290802002,35586,35626,40
13.0090999603,80.2290802002,35626,35636,10
13.0090799332,80.2294082642,35636,35646,10
13.0090703964,80.2294998169,35646,35656,10
13.0090303421,80.2296829224,35656,35666,10
13.0089702606,80.2299118042,35666,35676,10
13.0089302063,80.2301330566,35676,35687,11
13.0088701248,80.2304382324,35687,35697,10
13.0088100433,80.230682373,35697,35707,10
13.0087499619,80.2309494019,35707,35717,10
13.0087299347,80.2310791016,35717,35727,10
13.0086698532,80.2313690186,35727,35737,10
13.0086202621,80.2316207886,35737,35747,10
13.0085601807,80.2319107056,35747,35757,10
13.0085401535,80.2319869995,35757,35767,10
13.0084695816,80.2323379517,35767,35777,10
13.0083703995,80.2327575684,35777,35788,11
13.0083198547,80.233291626,35788,35808,20
13.0083198547,80.233291626,35808,35818,10
13.0082702637,80.2335586548,35818,35828,10
13.0082397461,80.2336578369,35828,35838,10
13.0081796646,80.2338409424,35838,35848,10
13.0080499649,80.2344818115,35848,35868,20
13.0080499649,80.2344818115,35868,35878,10
13.0079698563,80.2349014282,35878,35889,11
13.0078296661,80.2355499268,35889,35899,10
13.0076599121,80.2363815308,35899,35909,10
13.0075397491,80.2369689941,35909,35919,10
13.0074501038,80.2374191284,35919,35959,40
13.0074501038,80.2374191284,35959,35969,10
13.0073404312,80.2379608154,35969,35979,10
13.0072803497,80.2383117676,35979,35989,10
13.0071802139,80.2388076782,35989,36040,51
13.0071802139,80.2388076782,36040,36050,10
13.0071296692,80.2392730713,36050,36060,10
13.0070695877,80.2395706177,36060,36090,30
13.0070695877,80.2395706177,36090,36101,11
13.0070295334,80.2397384644,36101,36111,10
13.0069799423,80.2401275635,36111,36121,10
13.0068998337,80.2406082153,36121,36131,10
13.0068902969,80.2406234741,36131,36141,10
13.0068302155,80.2408370972,36141,36151,10
13.0067796707,80.241317749,36151,36161,10
13.0067796707,80.2421035767,36161,36171,10
13.0067796707,80.2429122925,36171,36181,10
13.0067596436,80.2434005737,36181,36191,10
13.0067396164,80.2437286377,36191,36202,11
13.0067396164,80.2443771362,36202,36212,10
13.0067300797,80.2449874878,36212,36222,10
13.0067596436,80.2455673218,36222,36232,10
13.0067796707,80.2462387085,36232,36272,40
13.0067796707,80.2462387085,36272,36282,10
13.0067901611,80.24659729,36282,36292,10
13.0067996979,80.2470397949,36292,36302,10
13.0067596436,80.2477722168,36302,36313,11
13.0068101883,80.2486801147,36313,36323,10
13.0068998337,80.2494125366,36323,36343,20
13.0068998337,80.2494125366,36343,36353,10
13.0068998337,80.2497406006,36353,36363,10
13.0068702698,80.2502822876,36363,36373,10
13.0068798065,80.2510681152,36373,36414,41
13.0068798065,80.2510681152,36414,36424,10
13.0068397522,80.251373291,36424,36434,10
13.0067501068,80.2518310547,36434,36444,10
13.0066299438,80.2523880005,36444,36454,10
13.0067195892,80.2528076172,36454,36464,10
13.0066995621,80.253288269,36464,36474,10
13.0066795349,80.2538299561,36474,36848,374
13.0066795349,80.2538299561,36848,36858,10
13.0066404343,80.2540664673,36858,36868,10
13.006649971,80.2543334961,36868,36878,10
13.0066299438,80.2545471191,36878,36888,10
13.0066299438,80.2548828125,36888,36898,10
13.0066404343,80.2552719116,36898,36908,10
13.0066404343,80.2557525635,36908,36918,10
13.0066404343,80.2562026978,36918,36928,10
13.0066699982,80.2568435669,36928,36999,71
13.0066699982,80.2568435669,36999,37009,10
13.0066995621,80.2571411133,37009,37019,10
13.0067396164,80.2573699951,37019,37029,10
13.0068902969,80.2578964233,37029,37040,11
13.0072603226,80.258430481,37040,37050,10
13.0076704025,80.2587509155,37050,37060,10
13.0081195831,80.2589797974,37060,37070,10
13.0079698563,80.2592391968,37070,37080,10
13.0075302124,80.2593383789,37080,37090,10
13.0073204041,80.2590103149,37090,37100,10
13.0071697235,80.2585830688,37100,37110,10
13.0066299438,80.2577362061,37110,37140,30
13.0066299438,80.2577362061,37140,37151,11
13.0064897537,80.2573318481,37151,37161,10
13.0065002441,80.2570877075,37161,37171,10
13.0065202713,80.2567367554,37171,37181,10
13.0065002441,80.2562484741,37181,37197,16
13.0065002441,80.255317688,37197,37209,12
13.0065002441,80.2546234131,37209,37219,10
13.0064897537,80.2542800903,37219,37239,20
13.0064897537,80.2542800903,37239,37250,11
13.0065002441,80.2540969849,37250,37301,51
13.0066003799,80.2538604736,37301,37322,21
13.0066003799,80.2538604736,37322,37332,10
13.0065498352,80.2535934448,37332,37342,10
13.0065498352,80.2533798218,37342,37353,11
13.006529808,80.2531661987,37353,37433,80
13.006529808,80.2531661987,37433,37443,10
13.0065002441,80.2527770996,37443,37453,10
13.0065002441,80.2526092529,37453,37464,11
13.006529808,80.252281189,37464,37565,101
13.006529808,80.252281189,37565,37575,10
13.0065402985,80.2522125244,37575,37585,10
13.0066299438,80.2517929077,37585,37595,10
13.0067796707,80.2509994507,37595,37625,30
13.0067901611,80.2508621216,37625,37655,30
13.0067596436,80.2506637573,37655,37777,122
13.0067596436,80.2506637573,37777,37787,10
13.0067195892,80.2503585815,37787,37797,10
13.0066995621,80.2498092651,37797,37807,10
13.0066995621,80.2493362427,37807,37928,121
13.0066995621,80.2493362427,37928,37938,10
13.0066900253,80.2491531372,37938,37948,10
13.0066699982,80.2487030029,37948,37958,10
13.0066604614,80.2483901978,37958,37968,10
13.006649971,80.2481002808,37968,38079,111
13.006649971,80.2481002808,38079,38090,11
13.0066795349,80.2479095459,38090,38100,10
13.0066604614,80.2474365234,38100,38110,10
13.0066003799,80.2464370728,38110,38140,30
13.0066003799,80.2464370728,38140,38150,10
13.0066204071,80.2460632324,38150,38160,10
13.0065898895,80.2457580566,38160,38170,10
13.0066003799,80.2456588745,38170,38180,10
13.0066099167,80.2454681396,38180,38190,10
13.0066003799,80.2453308105,38190,38201,11
13.0066003799,80.2449188232,38201,38211,10
13.0066099167,80.2446517944,38211,38221,10
13.0066099167,80.2443695068,38221,38231,10
13.0066099167,80.2440872192,38231,38241,10
13.0065898895,80.2436218262,38241,38251,10
13.0065603256,80.2428894043,38251,38261,10
13.0065698624,80.2418823242,38261,38271,10
13.0065898895,80.2410583496,38271,38302,31
13.0065898895,80.2410583496,38302,38312,10
13.0066204071,80.2408599854,38312,38322,10
13.0066604614,80.2406997681,38322,38332,10
13.0067100525,80.2404098511,38332,38352,20
13.0067100525,80.2404098511,38352,38368,16
13.0067796707,80.2401428223,38368,38380,12
13.0069103241,80.2394714355,38380,38388,8
13.007060051,80.2387237549,38388,38400,12
13.0073299408,80.2374267578,38400,38411,11
13.0074195862,80.2367172241,38411,38421,10
13.0074596405,80.236618042,38421,38431,10
13.0075798035,80.2361526489,38431,38441,10
13.0077400208,80.2354202271,38441,38451,10
13.0079298019,80.2345123291,38451,38462,11
13.0081501007,80.2333908081,38462,38472,10
13.0084104538,80.2320175171,38472,38482,10
13.0086603165,80.2307434082,38482,38492,10
13.0089197159,80.2294464111,38492,38502,10
13.0092000961,80.2281799316,38502,38512,10
13.0096902847,80.2270278931,38512,38522,10
13.0101995468,80.2258987427,38522,38533,11
13.0104904175,80.2251968384,38533,38543,10
13.0107002258,80.2248001099,38543,38553,10
13.0109996796,80.2241973877,38553,38563,10
13.0112600327,80.2236328125,38563,38573,10
13.011300087,80.2235183716,38573,38583,10
13.011300087,80.2233200073,38583,38593,10
13.0114297867,80.2230377197,38593,38603,10
13.0116796494,80.2223815918,38603,38614,11
13.0120697021,80.2214202881,38614,38624,10
13.0124797821,80.2216491699,38624,38634,10
13.0129804611,80.2222824097,38634,38644,10
13.013589859,80.2229995728,38644,38654,10
13.0141296387,80.2234191895,38654,38664,10
13.014380455,80.223739624,38664,38674,10
13.0147600174,80.2241210938,38674,38684,10
13.0150003433,80.2244491577,38684,38694,10
13.0151700974,80.224647522,38694,38704,10
13.0152397156,80.2247390747,38704,38714,10
13.0154399872,80.2249069214,38714,38735,21
13.0154399872,80.2249069214,38735,38745,10
13.0157403946,80.2251815796,38745,38755,10
13.0163602829,80.2253265381,38755,38765,10
13.0171403885,80.2250366211,38765,38775,10
13.0179796219,80.2247085571,38775,38785,10
13.0188703537,80.2243728638,38785,38795,10
13.0195503235,80.2244262695,38795,38805,10
13.0200395584,80.2247085571,38805,38814,9
13.0204496384,80.2249908447,38814,38826,12
13.0208597183,80.2253036499,38826,38836,10
13.0211601257,80.2255477905,38836,38846,10
13.0214500427,80.2258529663,38846,38856,10
13.0217504501,80.2260513306,38856,38866,10
13.0219802856,80.2261810303,38866,38906,40
13.0219802856,80.2261810303,38906,38916,10
13.0221595764,80.226348877,38916,38927,11
13.0223197937,80.2264633179,38927,38937,10
13.0223999023,80.2265167236,38937,38947,10
13.0225601196,80.2266387939,38947,38957,10
13.0227003098,80.2267837524,38957,38967,10
13.0228099823,80.2268829346,38967,38977,10
13.0230102539,80.2270965576,38977,38987,10
13.0232000351,80.2273025513,38987,38997,10
13.0234498978,80.2275314331,38997,39007,10
13.0236597061,80.2276992798,39007,39017,10
13.0239696503,80.2279968262,39017,39027,10
13.0242700577,80.2283401489,39027,39068,41
13.0242700577,80.2283401489,39068,39078,10
13.0242996216,80.2284164429,39078,39088,10
13.0244598389,80.2286224365,39088,39098,10
13.0245399475,80.2287368774,39098,39108,10
13.0247297287,80.2289962769,39108,39118,10
13.0249900818,80.2293395996,39118,39128,10
13.0253601074,80.2297515869,39128,39139,11
13.0254297256,80.2298202515,39139,39149,10
13.0254898071,80.2299194336,39149,39159,10
13.0255899429,80.2300720215,39159,39169,10
13.0257196426,80.2303009033,39169,39179,10
13.0257797241,80.2304229736,39179,39189,10
13.0259304047,80.230758667,39189,39199,10
13.02602005,80.2311325073,39199,39209,10
13.0263299942,80.2312774658,39209,39219,10
13.0270395279,80.2311096191,39219,39229,10
13.0278100967,80.2309494019,39229,39240,11
13.0285396576,80.2308502197,39240,39260,20
13.0285396576,80.2308502197,39260,39270,10
13.0291900635,80.2308120728,39270,39290,20
13.0291900635,80.2308120728,39290,39300,10
13.0293703079,80.2307662964,39300,39310,10
13.0297498703,80.2307434082,39310,39320,10
13.0301599503,80.2307128906,39320,39330,10
13.0305595398,80.2306900024,39330,39340,10
13.0310497284,80.2306518555,39340,39351,11
13.0315599442,80.2306137085,39351,39361,10
13.0320796967,80.2305679321,39361,39371,10
13.0324201584,80.2305603027,39371,39381,10
13.0327501297,80.2305297852,39381,39391,10
13.0329799652,80.2305221558,39391,39401,10
13.0333995819,80.2304992676,39401,39502,101
13.0333995819,80.2304992676,39502,39512,10
13.0335798264,80.2304611206,39512,39522,10
13.0337600708,80.2304534912,39522,39532,10
13.034040451,80.2304382324,39532,39593,61
13.034040451,80.2304382324,39593,39603,10
13.034330368,80.2304000854,39603,39613,10
13.0343704224,80.2303924561,39613,39623,10
13.0344600677,80.2303771973,39623,39633,10
13.0348796844,80.2303390503,39633,39643,10
13.0349502563,80.2308807373,39643,39653,10
13.034819603,80.2315292358,39653,39664,11
13.0346603394,80.2325134277,39664,39674,10
13.0345697403,80.2331924438,39674,39684,10
13.0344896317,80.233833313,39684,39694,10
13.0344104767,80.2344970703,39694,39704,10
13.0343198776,80.2352905273,39704,39714,10
13.0342197418,80.2360610962,39714,39724,10
13.0342102051,80.2365570068,39724,39734,10
13.0341596603,80.2369766235,39734,39805,71
13.0341596603,80.2369766235,39805,39815,10
13.0342798233,80.2374267578,39815,39825,10
13.0345096588,80.2377700806,39825,39835,10
13.034819603,80.238243103,39835,39845,10
13.0351896286,80.238822937,39845,39855,10
13.035490036,80.2392883301,39855,39866,11
13.0355997086,80.2393493652,39866,39876,10
13.035779953,80.2393722534,39876,39886,10
13.0362997055,80.2394104004,39886,39896,10
13.0369997025,80.2394866943,39896,39906,10
13.0377502441,80.2395629883,39906,39915,9
13.0384302139,80.2396392822,39915,39926,11
13.0391597748,80.239730835,39926,39936,10
13.0397500992,80.2398071289,39936,39946,10
13.0400896072,80.2398529053,39946,39956,10
13.0403900146,80.2400588989,39956,39966,10
13.0404596329,80.240447998,39966,39977,11
13.0408496857,80.2405014038,39977,39987,10
13.0410404205,80.2405471802,39987,39997,10
13.0410804749,80.240562439,39997,40007,10
13.0413198471,80.240562439,40007,40017,10
13.0418796539,80.2406387329,40017,40027,10
13.0424900055,80.240737915,40027,40037,10
13.0429897308,80.2408065796,40037,40047,10
13.0438995361,80.2409210205,40047,40067,20
13.0438995361,80.2409210205,40067,40078,11
13.0441703796,80.2408370972,40078,40088,10
13.044500351,80.2405929565,40088,40097,9
13.0447301865,80.2404174805,40097,40168,71
13.0447301865,80.2404174805,40168,40178,10
13.0448799133,80.2403182983,40178,40189,11
13.0450000763,80.2402496338,40189,40199,10
13.0453596115,80.240020752,40199,40209,10
13.045920372,80.2396621704,40209,40219,10
13.0465202332,80.239616394,40219,40229,10
13.0465803146,80.2396316528,40229,40239,10
13.0467395782,80.2396392822,40239,40249,10
13.0472297668,80.2397232056,40249,40259,10
13.0480098724,80.2398834229,40259,40269,10
13.0488004684,80.2400436401,40269,40279,10
13.0495901108,80.240196228,40279,40290,11
13.0496797562,80.2402191162,40290,40300,10
13.0501003265,80.2402877808,40300,40310,10
13.0507602692,80.2404174805,40310,40320,10
13.0514602661,80.240562439,40320,40330,10
13.0522403717,80.2407684326,40330,40340,10
13.0525798798,80.2413711548,40340,40350,10
13.0530595779,80.2417984009,40350,40360,10
13.0540399551,80.2422027588,40360,40380,20
13.0540399551,80.2422027588,40380,40390,10
13.0542001724,80.2422180176,40390,40401,11
13.0547399521,80.2422790527,40401,40411,10
13.0554599762,80.2421875,40411,40421,10
13.0561800003,80.2423934937,40421,40431,10
13.056810379,80.2425384521,40431,40461,30
13.056810379,80.2425384521,40461,40471,10
13.0571498871,80.2427368164,40471,40481,10
13.0577697754,80.2427368164,40481,40491,10
13.0585298538,80.2425918579,40491,40501,10
13.058839798,80.2425765991,40501,40512,11
13.0593004227,80.2425003052,40512,40522,10
13.0599498749,80.2426834106,40522,40532,10
13.060500145,80.2428588867,40532,40542,10
13.0609998703,80.243019104,40542,40552,10
13.0613899231,80.2431106567,40552,40562,10
13.0618200302,80.2431793213,40562,40572,10
13.0624198914,80.2433013916,40572,40592,20
13.0624198914,80.2433013916,40592,40603,11
13.0628995895,80.2433776855,40603,40613,10
13.0635700226,80.2434463501,40613,40623,10
13.0642004013,80.2434997559,40623,40633,10
13.0650701523,80.2434692383,40633,40673,40
13.0650701523,80.2434692383,40673,40683,10
13.0654802322,80.2434768677,40683,40693,10
13.0658798218,80.2434387207,40693,40703,10
13.066160202,80.2434234619,40703,40720,17
13.0666103363,80.2432785034,40720,40732,12
13.0671100616,80.243057251,40732,40741,9
13.0675201416,80.2428436279,40741,40753,12
13.0682001114,80.2426605225,40753,40763,10
13.0683498383,80.2426223755,40763,40773,10
13.0684995651,80.2425918579,40773,40783,10
13.0688800812,80.24243927,40783,40793,10
13.0693702698,80.2422103882,40793,40803,10
13.0699501038,80.2420730591,40803,40834,31
13.0699501038,80.2420730591,40834,40844,10
13.0701398849,80.2420578003,40844,40854,10
13.0705795288,80.2418899536,40854,40864,10
13.0712099075,80.2416534424,40864,40874,10
13.0719499588,80.2413101196,40874,40884,10
13.0726299286,80.2408981323,40884,40894,10
13.0732803345,80.2406921387,40894,40904,10
13.0739097595,80.2405090332,40904,40914,10
13.0747404099,80.2404632568,40914,40925,11
13.0757598877,80.240447998,40925,40935,10
13.0766401291,80.2405166626,40935,40945,10
13.0771398544,80.2404174805,40945,40955,10
13.0769996643,80.2397994995,40955,40965,10
13.0768003464,80.2390594482,40965,40975,10
13.0766401291,80.2384567261,40975,40985,10
13.0765600204,80.2382583618,40985,40995,10
13.0765399933,80.2382125854,40995,41005,10
13.0765104294,80.2379684448,41005,41015,10
13.0764398575,80.2375717163,41015,41026,11
13.0763301849,80.2370223999,41026,41046,20
13.0763301849,80.2370223999,41046,41056,10
13.0762796402,80.236618042,41056,41066,10
13.0761995316,80.2360305786,41066,41076,10
13.0760698318,80.2353515625,41076,41086,10
13.0759000778,80.2346801758,41086,41096,10
13.0757598877,80.2342376709,41096,41147,51
13.0757598877,80.2342376709,41147,41157,10
13.075750351,80.2341384888,41157,41167,10
13.0759000778,80.2338180542,41167,41177,10
13.076379776,80.2337417603,41177,41187,10
13.0765895844,80.2337036133,41187,41197,10
13.0766296387,80.2337036133,41197,41207,10
13.0769701004,80.2336578369,41207,41217,10
13.0776596069,80.233581543,41217,41227,10
13.078499794,80.2335205078,41227,41238,11
13.0795297623,80.2334671021,41238,41248,10
13.0801496506,80.2334365845,41248,41258,10
13.0802898407,80.2334671021,41258,41268,10
13.0804004669,80.2335128784,41268,41278,10
13.0807695389,80.2334823608,41278,41288,10
13.0814695358,80.2334671021,41288,41298,10
13.0818996429,80.2334594727,41298,41307,9
13.0819597244,80.2331085205,41307,41318,11
13.082110405,80.2324829102,41318,41327,9
13.0823402405,80.231842041,41327,41338,11
13.0826301575,80.2311019897,41338,41349,11
13.0826797485,80.2309570313,41349,41359,10
13.0827703476,80.2307510376,41359,41369,10
13.0831098557,80.2306976318,41369,41379,10
13.0831804276,80.2312469482,41379,41389,10
13.0832300186,80.2320709229,41389,41399,10
13.0833597183,80.2328796387,41399,41409,10
13.0834598541,80.2334594727,41409,41419,10
13.083609581,80.2338485718,41419,41429,10
13.0839996338,80.2339401245,41429,41440,11
13.0840597153,80.2339477539,41440,41450,10
13.0841302872,80.2339782715,41450,41460,10
13.0844802856,80.2340316772,41460,41470,10
13.0847797394,80.2340774536,41470,41480,10
13.0851402283,80.2341308594,41480,41490,10
13.0856199265,80.2342681885,41490,41500,10
13.0859804153,80.2343673706,41500,41510,10
13.0865697861,80.2345123291,41510,41520,10
13.0872097015,80.2345809937,41520,41530,10
13.0878200531,80.2344207764,41530,41540,10
13.0879602432,80.2337188721,41540,41551,11
13.0881099701,80.2327804565,41551,41561,10
13.088350296,80.2317886353,41561,41571,10
13.088640213,80.2310028076,41571,41581,10
13.0888795853,80.2304763794,41581,41591,10
13.0888795853,80.2304611206,41591,41601,10
13.0889396667,80.2303314209,41601,41611,10
13.0891704559,80.2298812866,41611,41621,10
13.0895996094,80.2292175293,41621,41631,10
13.0902795792,80.228477478,41631,41641,10
13.0913801193,80.2272796631,41641,41662,21
13.0913801193,80.2272796631,41662,41672,10
13.0914297104,80.2272415161,41672,41682,10
13.0917396545,80.2269287109,41682,41692,10
13.0922498703,80.2264022827,41692,41702,10
13.0929002762,80.2257537842,41702,41712,10
13.0935001373,80.2251281738,41712,41722,10
13.0940303802,80.2245178223,41722,41732,10
13.0946598053,80.2236709595,41732,41742,10
13.0951499939,80.2227630615,41742,41752,10
13.0952501297,80.2224273682,41752,41763,11
13.0954303741,80.2220077515,41763,41773,10
13.0956497192,80.2213668823,41773,41783,10
13.0958795547,80.220703125,41783,41793,10
13.0961399078,80.2200012207,41793,41803,10
13.0963001251,80.2194519043,41803,41813,10
13.0964603424,80.219039917,41813,41823,10
13.0965995789,80.2186584473,41823,41833,10
13.0967998505,80.2180328369,41833,41843,10
13.0970602036,80.217300415,41843,41853,10
13.0971803665,80.2169418335,41853,41864,11
13.0972795486,80.2167129517,41864,41874,10
13.0975198746,80.2161178589,41874,41884,10
13.0978403091,80.2153701782,41884,41894,10
13.09815979,80.2146377563,41894,41924,30
13.09815979,80.2146377563,41924,41934,10
13.0982398987,80.2144699097,41934,41965,31
13.0982398987,80.2144699097,41965,41975,10
13.0983495712,80.2142181396,41975,41985,10
13.0987100601,80.214012146,41985,41995,10
13.0991401672,80.2142181396,41995,42005,10
13.0995597839,80.2143173218,42005,42015,10
13.0997800827,80.2143707275,42015,42025,10
13.100230217,80.2145080566,42025,42055,30
13.100230217,80.2145080566,42055,42065,10
13.1005001068,80.2146224976,42065,42126,61
13.1005001068,80.2146224976,42126,42136,10
13.1006402969,80.2147369385,42136,42146,10
13.1004199982,80.2151870728,42146,42156,10
13.1002197266,80.2156600952,42156,42166,10
13.100060463,80.2160186768,42166,42177,11
13.1000404358,80.2160491943,42177,42187,10
13.0998802185,80.2159423828,42187,42197,10
13.1000003815,80.2156295776,42197,42207,10
13.1001701355,80.2152481079,42207,42217,10
13.1002902985,80.2149200439,42217,42651,434
13.1002902985,80.2149200439,42651,42661,10
13.1001596451,80.2146606445,42661,42671,10
13.0999603271,80.2145004272,42671,42681,10
13.0998401642,80.2144622803,42681,42691,10
13.0996398926,80.2144012451,42691,42702,11
13.0992698669,80.2143173218,42702,42712,10
13.0985498428,80.2140731812,42712,42732,20
13.0985498428,80.2140731812,42732,42742,10
13.0984697342,80.2141036987,42742,42752,10
13.098279953,80.2145004272,42752,42762,10
13.0980195999,80.2151107788,42762,42772,10
13.0977602005,80.2157287598,42772,42782,10
13.0974798203,80.2163772583,42782,42792,10
13.097319603,80.2168121338,42792,42803,11
13.0970802307,80.2174835205,42803,42813,10
13.0967798233,80.2183227539,42813,42823,10
13.0965900421,80.2189407349,42823,42833,10
13.0964002609,80.2194671631,42833,42843,10
13.0961503983,80.2201766968,42843,42853,10
13.0959196091,80.2208023071,42853,42863,10
13.0957202911,80.2213821411,42863,42873,10
13.0954999924,80.2220916748,42873,42883,10
13.0954198837,80.2222976685,42883,42893,10
13.0952997208,80.2225265503,42893,42903,10
13.0950603485,80.2231216431,42903,42914,11
13.0945301056,80.2239379883,42914,42924,10
13.0939102173,80.2247695923,42924,42940,16
13.0927000046,80.2260665894,42940,42952,12
13.0918903351,80.2269134521,42952,42962,10
13.0914096832,80.2274169922,42962,42972,10
13.0911998749,80.2276382446,42972,42981,9
13.0910902023,80.2277526855,42981,42992,11
13.0906095505,80.2282714844,42992,43002,10
13.0900001526,80.2288970947,43002,43013,11
13.08934021,80.2297668457,43013,43023,10
13.0891103745,80.2302093506,43023,43032,9
13.0889797211,80.2305221558,43032,43043,11
13.0887804031,80.2309417725,43043,43053,10
13.0887203217,80.231048584,43053,43063,10
13.088640213,80.2312774658,43063,43073,10
13.0885601044,80.2314987183,43073,43083,10
13.0883598328,80.2321090698,43083,43093,10
13.088139534,80.2329483032,43093,43103,10
13.0880098343,80.2339401245,43103,43113,10
13.0875597,80.234588623,43113,43124,11
13.0868597031,80.2345733643,43124,43134,10
13.0863800049,80.2344970703,43134,43144,10
13.086139679,80.2344589233,43144,43154,10
13.0859298706,80.2344207764,43154,43164,10
13.0855102539,80.2343063354,43164,43174,10
13.0852403641,80.2342300415,43174,43184,10
13.084859848,80.2341384888,43184,43194,10
13.0844402313,80.2340164185,43194,43204,10
13.0838298798,80.2339401245,43204,43214,10
13.0836801529,80.2339172363,43214,43225,11
13.0833902359,80.2339172363,43225,43235,10
13.082859993,80.233833313,43235,43245,10
13.0824604034,80.2337417603,43245,43255,10
13.0823898315,80.2337188721,43255,43265,10
13.0820798874,80.2336730957,43265,43275,10
13.081489563,80.2335968018,43275,43285,10
13.0807695389,80.2335662842,43285,43295,10
13.0801200867,80.2335662842,43295,43305,10
13.0798597336,80.233581543,43305,43315,10
13.0795898438,80.2335510254,43315,43326,11
13.0794401169,80.2335586548,43326,43336,10
13.0788803101,80.233581543,43336,43346,10
13.0782804489,80.2335968018,43346,43356,10
13.0774002075,80.2337112427,43356,43366,10
13.0768404007,80.2337417603,43366,43376,10
13.0765199661,80.2338180542,43376,43386,10
13.0762300491,80.23387146,43386,43396,10
13.0759496689,80.2340011597,43396,43406,10
13.0759801865,80.2343521118,43406,43416,10
13.0760097504,80.2345962524,43416,43426,10
13.0760602951,80.2349624634,43426,43437,11
13.0761203766,80.2353286743,43437,43447,10
13.0762796402,80.2361221313,43447,43457,10
13.0764198303,80.2369766235,43457,43467,10
13.0764799118,80.2372207642,43467,43477,10
13.0765600204,80.2375411987,43477,43527,50
13.0765600204,80.2375411987,43527,43538,11
13.0766000748,80.2376403809,43538,43548,10
13.0766601563,80.2380981445,43548,43558,10
13.0768098831,80.238822937,43558,43568,10
13.0769500732,80.2394485474,43568,43578,10
13.0770998001,80.2400665283,43578,43588,10
13.0772800446,80.2407913208,43588,43598,10
13.0773696899,80.2414093018,43598,43608,10
13.0775604248,80.242149353,43608,43618,10
13.0777301788,80.2431030273,43618,43628,10
13.0777702332,80.2440719604,43628,43638,10
13.0777301788,80.2442016602,43638,43649,11
13.0777301788,80.2442626953,43649,43659,10
13.0777902603,80.2446517944,43659,43669,10
13.0778503418,80.2452163696,43669,43679,10
13.0779304504,80.2459564209,43679,43689,10
13.0780696869,80.2468109131,43689,43699,10
13.0782699585,80.247756958,43699,43708,9
13.0784397125,80.2485733032,43708,43719,11
13.078619957,80.2493362427,43719,43729,10
13.0787296295,80.2501068115,43729,43739,10
13.0784902573,80.2508621216,43739,43750,11
13.0785799026,80.2516021729,43750,43760,10
13.0783395767,80.2517166138,43760,43770,10
13.077750206,80.2518463135,43770,43780,10
13.076789856,80.2520217896,43780,43790,10
13.0758304596,80.2521820068,43790,43800,10
13.0752000809,80.2522277832,43800,43810,10
13.0747003555,80.2523117065,43810,43820,10
13.0741300583,80.2524032593,43820,43830,10
13.0738201141,80.252571106,43830,43840,10
13.0733203888,80.2524795532,43840,43850,10
13.072640419,80.2524032593,43850,43861,11
13.0721101761,80.251701355,43861,43877,16
13.0718402863,80.2504730225,43877,43889,12
13.0715103149,80.249206543,43889,43899,10
13.0712995529,80.2481765747,43899,43909,10
13.0709400177,80.2473068237,43909,43919,10
13.070520401,80.2464370728,43919,43929,10
13.0700397491,80.2454071045,43929,43939,10
13.0695800781,80.2442779541,43939,43949,10
13.0692996979,80.2434463501,43949,43970,21
13.0692996979,80.2434463501,43970,43980,10
13.0692596436,80.2433166504,43980,43990,10
13.0691604614,80.2427825928,43990,44000,10
13.0685997009,80.2425918579,44000,44010,10
13.0677604675,80.2428512573,44010,44020,10
13.0670003891,80.2431716919,44020,44030,10
13.0666599274,80.2433319092,44030,44040,10
13.0661897659,80.2436676025,44040,44050,10
13.0662002563,80.2445297241,44050,44061,11
13.0663404465,80.2454605103,44061,44071,10
13.0669403076,80.2461166382,44071,44081,10
13.06772995,80.2464675903,44081,44091,10
13.0677995682,80.2465286255,44091,44101,10
13.067899704,80.2468032837,44101,44111,10
13.0678901672,80.2475128174,44111,44121,10
13.0673999786,80.2479400635,44121,44131,10
13.0664796829,80.2479019165,44131,44141,10
13.0655403137,80.2479019165,44141,44151,10
13.0645103455,80.2478103638,44151,44161,10
13.0635700226,80.2476882935,44161,44172,11
13.0627603531,80.2476501465,44172,44182,10
13.0620002747,80.2476425171,44182,44192,10
13.0614099503,80.247253418,44192,44202,10
13.0614299774,80.2468414307,44202,44212,10
13.0617599487,80.2463531494,44212,44222,10
13.0619096756,80.2455978394,44222,44232,10
13.0623703003,80.2450027466,44232,44242,10
13.063079834,80.2443084717,44242,44262,20
13.063079834,80.2443084717,44262,44273,11
13.0633401871,80.2439117432,44273,44283,10
13.0633001328,80.2435379028,44283,44293,10
13.0627098083,80.2434234619,44293,44303,10
13.0623502731,80.2433319092,44303,44313,10
13.0620002747,80.2432479858,44313,44323,10
13.0614995956,80.2431564331,44323,44333,10
13.0614299774,80.2431411743,44333,44343,10
13.0611095428,80.2430801392,44343,44353,10
13.0606403351,80.2429428101,44353,44363,10
13.0602197647,80.2428207397,44363,44373,10
13.0595598221,80.2425994873,44373,44384,11
13.059009552,80.2425994873,44384,44394,10
13.0588903427,80.2426071167,44394,44404,10
13.058719635,80.2426376343,44404,44414,10
13.0580997467,80.2427825928,44414,44424,10
13.0572595596,80.2428131104,44424,44454,30
13.0572595596,80.2428131104,44454,44464,10
13.0566501617,80.2426986694,44464,44474,10
13.0561704636,80.2424926758,44474,44485,11
13.0560598373,80.2424316406,44485,44495,10
13.0555801392,80.2423400879,44495,44505,10
13.0549602509,80.24243927,44505,44521,16
13.054019928,80.2423706055,44521,44533,12
13.0537700653,80.2423019409,44533,44543,10
13.0536403656,80.2422637939,44543,44553,10
13.053150177,80.2419586182,44553,44594,41
13.053150177,80.2419586182,44594,44604,10
13.0529003143,80.241897583,44604,44614,10
13.0525798798,80.2417831421,44614,44624,10
13.0521697998,80.2411880493,44624,44634,10
13.05189991,80.2408218384,44634,44644,10
13.0515499115,80.240737915,44644,44654,10
13.0510997772,80.2406616211,44654,44664,10
13.0509996414,80.2406387329,44664,44674,10
13.0508403778,80.2405700684,44674,44684,10
13.050330162,80.2404632568,44684,44695,11
13.0495004654,80.2402420044,44695,44705,10
13.0485897064,80.2400817871,44705,44715,10
13.0478496552,80.2399520874,44715,44725,10
13.0469198227,80.2397384644,44725,44745,20
13.0469198227,80.2397384644,44745,44755,10
13.0466403961,80.2396774292,44755,44765,10
13.0462503433,80.2396011353,44765,44775,10
13.0462799072,80.2392425537,44775,44785,10
13.0464000702,80.2387237549,44785,44795,10
13.0464601517,80.2384796143,44795,44806,11
13.0465602875,80.2380371094,44806,44816,10
13.0467195511,80.2373580933,44816,44826,10
13.0468397141,80.2367172241,44826,44836,10
13.0469398499,80.2362594604,44836,44846,10
13.0469999313,80.2359390259,44846,44856,10
13.0470199585,80.2357177734,44856,44866,10
13.0470399857,80.2353973389,44866,44876,10
13.0471096039,80.2347564697,44876,44886,10
13.0471601486,80.2340316772,44886,44896,10
13.0473098755,80.233543396,44896,44907,11
13.0473804474,80.2331771851,44907,44917,10
13.0470504761,80.233039856,44917,44927,10
13.0465898514,80.2329864502,44927,44937,10
13.0453996658,80.2327270508,44937,44957,20
13.0453996658,80.2327270508,44957,44967,10
13.0452003479,80.2326583862,44967,44977,10
13.0446500778,80.2325592041,44977,44987,10
13.0438203812,80.2323913574,44987,44997,10
13.0431003571,80.2323303223,44997,45007,10
13.0424604416,80.2323303223,45007,45018,11
13.0416297913,80.2322235107,45018,45034,16
13.0401201248,80.2318267822,45034,45046,12
13.038769722,80.2314605713,45046,45055,9
13.0377101898,80.2311172485,45055,45066,11
13.0368900299,80.2308425903,45066,45076,10
13.0367002487,80.23072052,45076,45085,9
13.0361404419,80.2305603027,45085,45096,11
13.035320282,80.2303390503,45096,45106,10
13.0348997116,80.2303466797,45106,45117,11
13.0344600677,80.230430603,45117,45127,10
13.0342998505,80.2304534912,45127,45137,10
13.0341100693,80.2304611206,45137,45147,10
13.0336399078,80.2304763794,45147,45187,40
13.0336399078,80.2304763794,45187,45197,10
13.0331497192,80.2304763794,45197,45207,10
13.0325098038,80.2305831909,45207,45218,11
13.0316400528,80.2306594849,45218,45228,10
13.0308704376,80.2306976318,45228,45238,10
13.0298900604,80.2308273315,45238,45268,30
13.0298900604,80.2308273315,45268,45278,10
13.029589653,80.2309112549,45278,45298,20
13.029589653,80.2309112549,45298,45308,10
13.0291595459,80.2309265137,45308,45318,10
13.0285797119,80.2309494019,45318,45329,11
13.0278902054,80.2310180664,45329,45338,9
13.0277004242,80.2312164307,45338,45349,11
13.0277500153,80.231880188,45349,45359,10
13.0278701782,80.2325820923,45359,45369,10
13.0275802612,80.2328567505,45369,45379,10
13.0268697739,80.2329483032,45379,45450,71
13.0268697739,80.2329483032,45450,45460,10
13.0264902115,80.2330169678,45460,45470,10
13.026260376,80.2325973511,45470,45480,10
13.0260896683,80.2319717407,45480,45490,10
13.0259895325,80.2315368652,45490,45500,10
13.0258197784,80.2309188843,45500,45510,10
13.0254297256,80.2301330566,45510,45520,10
13.0248403549,80.2293624878,45520,45531,11
13.0242395401,80.2285919189,45531,45541,10
13.0239400864,80.2282791138,45541,45561,20
13.0239400864,80.2282791138,45561,45571,10
13.0237398148,80.2280273438,45571,45581,10
13.0234603882,80.2277526855,45581,45591,10
13.023059845,80.2273483276,45591,45601,10
13.0225400925,80.226852417,45601,45611,10
13.0218095779,80.2262496948,45611,45621,10
13.0210199356,80.2256164551,45621,45631,10
13.0201702118,80.2250595093,45631,45648,17
13.0185699463,80.2245864868,45648,45660,12
13.0172796249,80.2251205444,45660,45670,10
13.0166501999,80.225402832,45670,45680,10
13.0160903931,80.2256164551,45680,45690,10
13.0155200958,80.2258071899,45690,45700,10
13.0150003433,80.2260437012,45700,45710,10
13.0145196915,80.2262268066,45710,45740,30
13.0145196915,80.2262268066,45740,45751,11
13.0143203735,80.226348877,45751,45761,10
13.0137701035,80.2265625,45761,45771,10
13.0130395889,80.2268295288,45771,45781,10
13.0122003555,80.2271499634,45781,45791,10
13.0112495422,80.2275085449,45791,45811,20
13.0095100403,80.2282333374,45811,45823,12
13.009059906,80.2291107178,45823,45834,11
13.008890152,80.2299575806,45834,45843,9
13.0086698532,80.2310180664,45843,45854,11
13.0084695816,80.2320327759,45854,45864,10
13.0082902908,80.2328567505,45864,45874,10
13.0081796646,80.2336196899,45874,45893,19
13.0081796646,80.2336196899,45893,45904,11
13.0081195831,80.2338485718,45904,45914,10
13.008020401,80.2343215942,45914,45924,10
13.0078897476,80.234992981,45924,45934,10
13.0077199936,80.235786438,45934,45944,10
13.0075397491,80.2366714478,45944,45955,11
13.0074100494,80.2373809814,45955,45965,10
13.0072803497,80.238067627,45965,45975,10
13.0070495605,80.2391967773,45975,45995,20
13.0070495605,80.2391967773,45995,46005,10
13.0070400238,80.239402771,46005,46015,10
13.0069198608,80.2399597168,46015,46084,69
13.0069198608,80.2399597168,46084,46094,10
13.0068902969,80.2401275635,46094,46103,9
13.0068502426,80.2404937744,46103,46114,11
13.006819725,80.2406463623,46114,46124,10
13.0067996979,80.2407836914,46124,46134,10
13.0066995621,80.2413635254,46134,46144,10
13.0066604614,80.2421188354,46144,46154,10
13.0066604614,80.2428207397,46154,46164,10
13.0066299438,80.2430801392,46164,46175,11
13.0066299438,80.2432632446,46175,46185,10
13.0066404343,80.2433624268,46185,46195,10
13.0066299438,80.2437591553,46195,46205,10
13.0066204071,80.2440338135,46205,46215,10
13.0066204071,80.2443237305,46215,46245,30
13.0066204071,80.2443237305,46245,46255,10
13.0066404343,80.2446365356,46255,46265,10
13.0066404343,80.2450332642,46265,46276,11
13.0066699982,80.2455596924,46276,46286,10
13.0066795349,80.2461929321,46286,46296,10
13.0066900253,80.2468490601,46296,46306,10
13.0066900253,80.2475814819,46306,46316,10
13.0066900253,80.2484436035,46316,46326,10
13.0067996979,80.2492828369,46326,46336,10
13.0068302155,80.2494812012,46336,46346,10
13.0068502426,80.2495498657,46346,46356,10
13.0068397522,80.2499771118,46356,46366,10
13.0068302155,80.2506713867,46366,46377,11
13.006819725,80.2512512207,46377,46397,20
13.006819725,80.2512512207,46397,46407,10
13.0067100525,80.2517623901,46407,46417,10
13.0065803528,80.2523803711,46417,46427,10
13.0065402985,80.2529830933,46427,46437,10
13.0065603256,80.253578186,46437,46447,10
13.0066299438,80.2547988892,46447,46467,20
13.0066299438,80.2547988892,46467,46477,10
13.0066204071,80.2548828125,46477,46488,11
13.0066003799,80.2550582886,46488,46498,10
13.0066003799,80.2555465698,46498,46508,10
13.0065698624,80.2562637329,46508,46518,10
13.0065898895,80.2570419312,46518,46578,60
13.0065898895,80.2570419312,46578,46589,11
13.0066404343,80.2575531006,46589,46599,10
13.0061597824,80.2574768066,46599,46609,10
13.0055799484,80.2573623657,46609,46619,10
13.0048103333,80.2572097778,46619,46629,10
13.0040302277,80.2570266724,46629,46639,10
13.0033397675,80.2568969727,46639,46649,10
13.002869606,80.2567977905,46649,46659,10
13.002530098,80.2567214966,46659,46669,10
13.0023002625,80.2566986084,46669,46700,31
13.0023002625,80.2566986084,46700,46710,10
13.0022001266,80.2566604614,46710,46720,10
13.0020399094,80.2566070557,46720,46730,10
13.0015497208,80.2565689087,46730,46740,10
13.0008802414,80.2564926147,46740,46750,10
13.0003204346,80.2564315796,46750,46760,10
13.0002098083,80.256401062,46760,46770,10
13.0000896454,80.256362915,46770,46780,10
12.9997396469,80.2563095093,46780,46790,10
12.9993696213,80.2562179565,46790,46801,11
12.9988803864,80.256111145,46801,46811,10
12.9984798431,80.256072998,46811,46821,10
12.9976596832,80.2559585571,46821,46841,20
12.9976596832,80.2559585571,46841,46851,10
12.9972801208,80.2559509277,46851,46861,10
12.9970598221,80.2559814453,46861,46871,10
12.9969701767,80.2561035156,46871,46881,10
12.9968900681,80.2566299438,46881,46891,10
12.9968595505,80.257019043,46891,46902,11
12.9968595505,80.2570266724,46902,46912,10
12.9968500137,80.2571716309,46912,46922,10
12.9967899323,80.2576599121,46922,46932,10
12.9966802597,80.2583389282,46932,46942,10
12.9965801239,80.2591629028,46942,46952,10
12.9964799881,80.2596282959,46952,46962,10
12.9963998795,80.2601089478,46962,46972,10
12.9963703156,80.260887146,46972,46982,10
12.9962902069,80.2616882324,46982,46992,10
12.9961900711,80.2623977661,46992,47013,21
12.9961900711,80.2623977661,47013,47023,10
12.9961004257,80.2627182007,47023,47033,10
12.9960803986,80.2634124756,47033,47043,10
12.9960002899,80.2643127441,47043,47053,10
12.9958896637,80.2651519775,47053,47063,10
12.9958600998,80.2652893066,47063,47073,10
12.9958200455,80.2657165527,47073,47083,10
12.9956903458,80.266418457,47083,47093,10
12.995639801,80.2673034668,47093,47103,10
12.9960298538,80.2676467896,47103,47124,21
12.9960298538,80.2676467896,47124,47134,10
12.9962797165,80.2677230835,47134,47144,10
12.9968299866,80.2677078247,47144,47154,10
12.9975404739,80.2675094604,47154,47164,10
12.9982995987,80.2673110962,47164,47174,10
12.9990797043,80.2670593262,47174,47184,10
12.9999704361,80.2666625977,47184,47214,30
12.9999704361,80.2666625977,47214,47225,11
13.0001001358,80.2663879395,47225,47235,10
13.0001802444,80.2657775879,47235,47245,10
13.0002698898,80.2656784058,47245,47255,10
13.0003004074,80.2659606934,47255,47265,10
13.0002603531,80.2663574219,47265,47608,343
13.0002603531,80.2663574219,47608,47618,10
13.0003004074,80.2666397095,47618,47628,10
13.0002098083,80.2668685913,47628,47639,11
12.9996900558,80.2670211792,47639,47649,10
12.9989595413,80.2671966553,47649,47659,10
12.9982404709,80.2673721313,47659,47669,10
12.9975099564,80.2675704956,47669,47679,10
12.9968299866,80.2677230835,47679,47689,10
12.9963197708,80.2677230835,47689,47699,10
12.9959001541,80.2677001953,47699,47709,10
12.9956703186,80.2673416138,47709,47729,20
12.9956703186,80.2673416138,47729,47739,10
12.9956598282,80.2670974731,47739,47750,11
12.9957304001,80.2665023804,47750,47760,10
12.9958095551,80.2657394409,47760,47770,10
12.9959096909,80.2648162842,47770,47780,10
12.9960403442,80.2637023926,47780,47790,10
12.9961500168,80.2625198364,47790,47810,20
12.9961500168,80.2625198364,47810,47820,10
12.9961996078,80.2621765137,47820,47830,10
12.9962997437,80.2616119385,47830,47840,10
12.9963598251,80.2609710693,47840,47851,11
12.9964504242,80.2602386475,47851,47861,10
12.9964895248,80.2596511841,47861,47871,10
12.996509552,80.2593994141,47871,47881,10
12.9965295792,80.2590866089,47881,47891,10
12.9965896606,80.2584686279,47891,47901,10
12.9966697693,80.2576980591,47901,47911,10
12.9967403412,80.2570114136,47911,47921,10
12.9968099594,80.2560806274,47921,48002,81
12.9968099594,80.2560806274,48002,48012,10
12.996919632,80.2558135986,48012,48022,10
12.9974803925,80.2557983398,48022,48032,10
12.9982595444,80.2558898926,48032,48042,10
12.9987697601,80.2559432983,48042,48063,21
12.9987697601,80.2559432983,48063,48073,10
12.99903965,80.2560119629,48073,48093,20
12.99903965,80.2560119629,48093,48103,10
12.9991798401,80.2560424805,48103,48113,10
12.9996595383,80.2561416626,48113,48123,10
13.000169754,80.2562408447,48123,48132,9
13.0010099411,80.2563934326,48132,48164,32
13.0010099411,80.2563934326,48164,48174,10
13.0012102127,80.256477356,48174,48184,10
13.001660347,80.2565612793,48184,48194,10
13.0022697449,80.2566299438,48194,48204,10
13.002869606,80.2567367554,48204,48214,10
13.0034999847,80.2568664551,48214,48224,10
13.0041399002,80.2570037842,48224,48234,10
13.0048904419,80.2571716309,48234,48244,10
13.005689621,80.2572631836,48244,48254,10
13.0064496994,80.2572784424,48254,48264,10
13.0064601898,80.2567214966,48264,48275,11
13.0064601898,80.2558517456,48275,48285,10
13.0064897537,80.2548904419,48285,48295,10
13.0064601898,80.2538223267,48295,48305,10
13.0064496994,80.2531814575,48305,48315,10
13.0064401627,80.2531585693,48315,48325,10
13.0064496994,80.2527923584,48325,48335,10
13.0065603256,80.2519989014,48335,48406,71
13.0065603256,80.2519989014,48406,48416,10
13.0066099167,80.2516784668,48416,48426,10
13.0066900253,80.251121521,48426,48436,10
13.0067195892,80.250289917,48436,48446,10
13.0066995621,80.2496337891,48446,48456,10
13.0066995621,80.2494277954,48456,48466,10
13.0066604614,80.2488174438,48466,48476,10
13.0066003799,80.2480773926,48476,48487,11
13.0065603256,80.2475280762,48487,48628,141
13.0065603256,80.2475280762,48628,48638,10
13.0065603256,80.2473831177,48638,48648,10
13.0065898895,80.246963501,48648,48658,10
13.0065498352,80.2464675903,48658,48668,10
13.0065803528,80.246383667,48668,48678,10
13.0066099167,80.2459182739,48678,48689,11
13.0066003799,80.245262146,48689,48699,10
13.0065803528,80.2446289063,48699,48709,10
13.0065803528,80.2440795898,48709,48719,10
13.0065803528,80.2437286377,48719,48729,10
13.0065698624,80.2435379028,48729,48739,10
13.0065402985,80.2430419922,48739,48749,10
13.0065202713,80.2423171997,48749,48759,10
13.0065202713,80.2416992188,48759,48769,10
13.0065202713,80.2416763306,48769,48779,10
13.0065202713,80.2413330078,48779,48789,10
13.0065803528,80.2408599854,48789,48800,11
13.0066699982,80.2404022217,48800,48810,10
13.0067996979,80.2398834229,48810,48820,10
13.006939888,80.2390899658,48820,48830,10
13.007109642,80.2382278442,48830,48840,10
13.0073099136,80.2373580933,48840,48850,10
13.007349968,80.2369537354,48850,48870,20
13.007349968,80.2369537354,48870,48880,10
13.007349968,80.2368011475,48880,48890,10
13.0073699951,80.2367401123,48890,48901,11
13.0074195862,80.2366333008,48901,48911,10
13.0075302124,80.2363128662,48911,48921,10
13.0076503754,80.2357406616,48921,48931,10
13.0077104568,80.2353515625,48931,48941,10
13.0077800751,80.2349777222,48941,48942,1
13.0077896118,80.2349319458,48942,48981,39
13.008480072,80.2312774658,48981,48991,10
13.008769989,80.230140686,48991,49001,10
13.0089998245,80.2289810181,49001,49012,11
13.0093402863,80.2277603149,49012,49022,10
13.0098199844,80.2266998291,49022,49032,10
13.0102796555,80.2256774902,49032,49042,10
13.0107498169,80.2246704102,49042,49052,10
13.0111303329,80.2238082886,49052,49062,10
13.0114803314,80.2228469849,49062,49077,15
13.0119895935,80.2214813232,49077,49087,10
13.0122203827,80.2212982178,49087,49097,10
13.012339592,80.2214813232,49097,49105,8
13.0125799179,80.2218170166,49105,49118,13
13.0132703781,80.2226028442,49118,49127,9
13.0137996674,80.223197937,49127,49138,11
13.0143098831,80.2238311768,49138,49148,10
13.0147695541,80.224281311,49148,49158,10
13.0152702332,80.2248001099,49158,49168,10
13.0155801773,80.2250518799,49168,49179,11
13.0155801773,80.2250595093,49179,49189,10
13.0158004761,80.225227356,49189,49198,9
13.0163602829,80.2253036499,49198,49209,11
13.0171499252,80.2250366211,49209,49220,11
13.0180101395,80.2246932983,49220,49230,10
13.0188903809,80.224357605,49230,49240,10
13.0195598602,80.2244033813,49240,49249,9
13.0199403763,80.2246398926,49249,49260,11
13.0204696655,80.2250595093,49260,49270,10
13.0212001801,80.2256011963,49270,49280,10
13.0218200684,80.226020813,49280,49290,10
13.0219497681,80.2261199951,49290,49300,10
13.0219898224,80.2261734009,49300,49310,10
13.0221300125,80.2263031006,49310,49321,11
13.0226297379,80.2267379761,49321,49331,10
13.0232200623,80.2272872925,49331,49341,10
13.0237703323,80.2278137207,49341,49351,10
13.0242996216,80.2284164429,49351,49361,10
13.0247898102,80.229133606,49361,49371,10
13.0253801346,80.2298965454,49371,49381,10
13.0258598328,80.2307510376,49381,49391,10
13.0260400772,80.2312774658,49391,49401,10
13.0262498856,80.2313232422,49401,49411,10
13.0267400742,80.2311706543,49411,49421,10
13.0273895264,80.231010437,49421,49432,11
13.0284204483,80.2308807373,49432,49452,20
13.0285596848,80.2308731079,49452,49490,38
13.0285596848,80.2308731079,49490,49498,8
13.0287103653,80.2308273315,49498,49510,12
13.028960228,80.2308273315,49510,49520,10
13.0293798447,80.2307662964,49520,49581,61
13.0293798447,80.2307662964,49581,49591,10
13.0296401978,80.230796814,49591,49601,10
13.0300397873,80.2307662964,49601,49611,10
13.0307197571,80.2306976318,49611,49621,10
13.0314998627,80.2306365967,49621,49631,10
13.0322999954,80.2305603027,49631,49642,11
13.033249855,80.2304992676,49642,49652,10
13.0340995789,80.2304229736,49652,49753,101
13.0340995789,80.2304229736,49753,49763,10
13.0343599319,80.2303085327,49763,49773,10
13.0345201492,80.2302780151,49773,49783,10
13.0349197388,80.2303619385,49783,49793,10
13.0349397659,80.2304763794,49793,49803,10
13.034910202,80.2307815552,49803,49812,9
13.0348300934,80.2313690186,49812,49823,11
13.0347499847,80.2321472168,49823,49833,10
13.0346603394,80.2329483032,49833,49843,10
13.0345897675,80.2333984375,49843,49854,11
13.0344800949,80.2341766357,49854,49864,10
13.0343704224,80.2350997925,49864,49874,10
13.0342702866,80.236038208,49874,49884,10
13.034239769,80.2367019653,49884,49894,10
13.0341997147,80.2369003296,49894,49904,10
13.0342102051,80.2371673584,49904,49914,10
13.0344600677,80.2376403809,49914,49924,10
13.034740448,80.2381210327,49924,49934,10
13.0350399017,80.2385864258,49934,49944,10
13.0353403091,80.2390823364,49944,49955,11
13.0357999802,80.2393569946,49955,49965,10
13.0364599228,80.2394485474,49965,49981,16
13.0375299454,80.2395324707,49981,49993,12
13.0383396149,80.2396316528,49993,50003,10
13.038599968,80.2396774292,50003,50013,10
13.039150238,80.2397384644,50013,50023,10
13.0398302078,80.2398300171,50023,50033,10
13.0402603149,80.2398986816,50033,50043,10
13.0403995514,80.2401580811,50043,50053,10
13.040430069,80.2404632568,50053,50064,11
13.0408802032,80.2405319214,50064,50073,9
13.04088974,80.2405319214,50073,50084,11
13.0413198471,80.2406234741,50084,50094,10
13.0419902802,80.2407226563,50094,50104,10
13.042719841,80.2408218384,50104,50114,10
13.043510437,80.2409133911,50114,50124,10
13.0441904068,80.2407913208,50124,50185,61
13.0441904068,80.2407913208,50185,50195,10
13.0444097519,80.2405700684,50195,50205,10
13.0448198318,80.2402877808,50205,50214,9
13.0452203751,80.2400588989,50214,50225,11
13.045800209,80.2397003174,50225,50235,10
13.0461997986,80.2395324707,50235,50245,10
13.0464401245,80.2396011353,50245,50255,10
13.0465602875,80.2396316528,50255,50266,11
13.0470104218,80.239730835,50266,50276,10
13.0476503372,80.2398529053,50276,50286,10
13.0483798981,80.2399902344,50286,50296,10
13.0490198135,80.2401199341,50296,50306,10
13.0494203568,80.2401885986,50306,50316,10
13.0494203568,80.240196228,50316,50326,10
13.0495796204,80.2402496338,50326,50336,10
13.0499095917,80.2403182983,50336,50346,10
13.0504999161,80.2404327393,50346,50356,10
13.0510597229,80.2405319214,50356,50367,11
13.051150322,80.2405776978,50367,50377,10
13.0514602661,80.2406463623,50377,50387,10
13.0522899628,80.2407913208,50387,50437,50
13.0522899628,80.2407913208,50437,50447,10
13.0524301529,80.2408599854,50447,50457,10
13.0525598526,80.2411499023,50457,50467,10
13.0525798798,80.2413482666,50467,50478,11
13.0527296066,80.2416610718,50478,50488,10
13.0533599854,80.2419662476,50488,50498,10
13.0539102554,80.2422027588,50498,50508,10
13.054019928,80.2422180176,50508,50518,10
13.0541801453,80.2423019409,50518,50528,10
13.054690361,80.2423629761,50528,50538,10
13.0554504395,80.2422332764,50538,50548,10
13.0563898087,80.2425613403,50548,50558,10
13.0568704605,80.2425994873,50558,50568,10
13.0573701859,80.2427825928,50568,50579,11
13.0580396652,80.242729187,50579,50589,10
13.0588102341,80.2425765991,50589,50599,10
13.059419632,80.2425384521,50599,50609,10
13.0599899292,80.242729187,50609,50619,10
13.0601701736,80.2427597046,50619,50629,10
13.0603504181,80.2428283691,50629,50639,10
13.0605802536,80.2428894043,50639,50649,10
13.0609197617,80.2430267334,50649,50659,10
13.0612897873,80.2431411743,50659,50669,10
13.0616197586,80.2432098389,50669,50690,21
13.0616197586,80.2432098389,50690,50700,10
13.0620603561,80.2432785034,50700,50710,10
13.0624198914,80.243347168,50710,50730,20
13.0624198914,80.243347168,50730,50740,10
13.0629701614,80.2434387207,50740,50750,10
13.0636301041,80.2434997559,50750,50760,10
13.0640296936,80.2435302734,50760,50770,10
13.0644903183,80.2435531616,50770,50780,10
13.0650501251,80.243560791,50780,50791,11
13.0659999847,80.2434997559,50791,50811,20
13.0659999847,80.2434997559,50811,50821,10
13.0662498474,80.2434387207,50821,50831,10
13.0664997101,80.2433319092,50831,50841,10
13.0668401718,80.2432022095,50841,50851,10
13.0674104691,80.2429275513,50851,50861,10
13.0681295395,80.2426834106,50861,50871,10
13.0685796738,80.2425613403,50871,50881,10
13.0686397552,80.2425384521,50881,50892,11
13.0689601898,80.242401123,50892,50902,10
13.0694799423,80.2421875,50902,50912,10
13.0699195862,80.2420730591,50912,50922,10
13.0699596405,80.2420883179,50922,50932,10
13.0702495575,80.2420578003,50932,50942,10
13.0707902908,80.241897583,50942,50952,10
13.0715503693,80.241569519,50952,50962,10
13.0722799301,80.2411193848,50962,50972,10
13.0728397369,80.2408218384,50972,50982,10
13.07310009,80.240737915,50982,50993,11
13.0734701157,80.2406387329,50993,51003,10
13.0740203857,80.2404785156,51003,51013,10
13.074760437,80.240447998,51013,51023,10
13.0755395889,80.2404403687,51023,51033,10
13.0762195587,80.240447998,51033,51043,10
13.0766897202,80.2405395508,51043,51053,10
13.0769395828,80.2405700684,51053,51063,10
13.0770998001,80.2404327393,51063,51073,10
13.0770101547,80.2398910522,51073,51083,10
13.0768098831,80.2391433716,51083,51093,10
13.0766801834,80.2387084961,51093,51134,41
13.0766801834,80.2387084961,51134,51144,10
13.0766401291,80.2385864258,51144,51154,10
13.0765600204,80.2382507324,51154,51164,10
13.0764904022,80.2378768921,51164,51174,10
13.0764102936,80.2374420166,51174,51184,10
13.0763301849,80.2370986938,51184,51194,10
13.0763301849,80.2370910645,51194,51205,11
13.0762796402,80.2367782593,51205,51215,10
13.0762701035,80.2367706299,51215,51225,10
13.0762395859,80.236618042,51225,51235,10
13.0761995316,80.2362976074,51235,51245,10
13.0761604309,80.2359237671,51245,51255,10
13.0760698318,80.2353515625,51255,51265,10
13.075920105,80.234703064,51265,51275,10
13.0757703781,80.23412323,51275,51316,41
13.0757703781,80.23412323,51316,51326,10
13.0757598877,80.2339782715,51326,51336,10
13.0760602951,80.233757019,51336,51346,10
13.0766000748,80.2337036133,51346,51356,10
13.0768098831,80.2336807251,51356,51366,10
13.0771999359,80.2336425781,51366,51376,10
13.0777397156,80.2335586548,51376,51386,10
13.0783100128,80.233543396,51386,51396,10
13.0789899826,80.2335128784,51396,51406,10
13.0796403885,80.2334976196,51406,51417,11
13.0801401138,80.2334899902,51417,51427,10
13.0802602768,80.2335128784,51427,51437,10
13.0805397034,80.233543396,51437,51447,10
13.0811796188,80.2335281372,51447,51457,10
13.0818195343,80.2335662842,51457,51467,10
13.081990242,80.2332382202,51467,51477,10
13.0820798874,80.2325897217,51477,51487,10
13.0823402405,80.231842041,51487,51497,10
13.0826196671,80.2311325073,51497,51507,10
13.0828504562,80.2306518555,51507,51518,11
13.0831403732,80.2309112549,51518,51528,10
13.0831804276,80.2315826416,51528,51538,10
13.0832300186,80.2322387695,51538,51548,10
13.0833702087,80.2328796387,51548,51558,10
13.083439827,80.2334594727,51558,51568,10
13.0840101242,80.2339401245,51568,51598,30
13.0840101242,80.2339401245,51598,51608,10
13.0843200684,80.2340316772,51608,51619,11
13.0847101212,80.23412323,51619,51629,10
13.085269928,80.2342376709,51629,51639,10
13.0859003067,80.2343826294,51639,51649,10
13.0865497589,80.2345199585,51649,51659,10
13.0872802734,80.2345581055,51659,51669,10
13.0879201889,80.2341995239,51669,51679,10
13.0880002975,80.2333908081,51679,51689,10
13.0881996155,80.2325134277,51689,51699,10
13.0884304047,80.2316589355,51699,51709,10
13.0887403488,80.2308502197,51709,51719,10
13.0889596939,80.2303390503,51719,51730,11
13.0891399384,80.2299880981,51730,51740,10
13.0894002914,80.2294998169,51740,51750,10
13.0899496078,80.2288513184,51750,51760,10
13.0905103683,80.2282409668,51760,51770,10
13.0910301208,80.2276916504,51770,51780,10
13.0913801193,80.2272872925,51780,51790,10
13.0914001465,80.2272796631,51790,51800,10
13.0916404724,80.2270736694,51800,51810,10
13.0921001434,80.2265777588,51810,51820,10
13.0927000046,80.2259902954,51820,51831,11
13.0933198929,80.2253112793,51831,51841,10
13.0933904648,80.2252426147,51841,51851,10
13.0936803818,80.2249221802,51851,51861,10
13.0941495895,80.2243270874,51861,51871,10
13.0946998596,80.2235565186,51871,51881,10
13.0951499939,80.2227401733,51881,51891,10
13.0954904556,80.2218475342,51891,51901,10
13.0958299637,80.2209014893,51901,51911,10
13.0961503983,80.2200012207,51911,51921,10
13.0963401794,80.2193832397,51921,51942,21
13.0963401794,80.2193832397,51942,51952,10
13.0964202881,80.2191772461,51952,51962,10
13.0965795517,80.2187576294,51962,51972,10
13.096739769,80.2182693481,51972,51982,10
13.0969295502,80.2176971436,51982,51992,10
13.0971698761,80.2170028687,51992,52002,10
13.0973901749,80.2164306641,52002,52012,10
13.0975999832,80.2159500122,52012,52022,10
13.097869873,80.2153167725,52022,52032,10
13.0981998444,80.21459198,52032,52043,11
13.0984401703,80.2140579224,52043,52053,10
13.0984897614,80.2139663696,52053,52073,20
13.0984897614,80.2139663696,52073,52083,10
13.0988397598,80.2140579224,52083,52099,16
13.0997400284,80.2143630981,52099,52111,12
13.1000900269,80.2144699097,52111,52119,8
13.1003704071,80.2145690918,52119,52131,12
13.1003799438,80.2145767212,52131,52141,10
13.1004695892,80.2146224976,52141,52152,11
13.1005601883,80.2148590088,52152,52162,10
13.1003503799,80.21534729,52162,52172,10
13.100110054,80.2158889771,52172,52181,9
13.1000404358,80.2160568237,52181,52192,11
13.0999002457,80.2160186768,52192,52202,10
13.0999698639,80.2156600952,52202,52212,10
13.1001501083,80.2153015137,52212,52222,10
13.1002397537,80.21484375,52222,52889,667
13.1002397537,80.21484375,52889,52899,10
13.100279808,80.2147293091,52899,52909,10
13.1002101898,80.2145309448,52909,52919,10
13.0999403,80.2144470215,52919,52929,10
13.0995502472,80.2143478394,52929,52939,10
13.098739624,80.2140884399,52939,52969,30
13.098739624,80.2140884399,52969,52979,10
13.0986604691,80.2140426636,52979,52990,11
13.098400116,80.2142333984,52990,53000,10
13.0981502533,80.2148284912,53000,53010,10
13.0978097916,80.2156600952,53010,53020,10
13.0974397659,80.216583252,53020,53030,10
13.0973901749,80.2167205811,53030,53040,10
13.0972900391,80.2169265747,53040,53050,10
13.0970697403,80.2175369263,53050,53060,10
13.0967702866,80.218421936,53060,53070,10
13.0964002609,80.2194976807,53070,53080,10
13.0960798264,80.2204208374,53080,53091,11
13.0958795547,80.2209396362,53091,53101,10
13.0956802368,80.221496582,53101,53111,10
13.0954198837,80.2222366333,53111,53121,10
13.0949897766,80.2232208252,53121,53131,10
13.094329834,80.2241973877,53131,53141,10
13.093629837,80.2250823975,53141,53151,10
13.0928401947,80.2259063721,53151,53161,10
13.0911998749,80.2276077271,53161,53189,28
13.0911998749,80.2276077271,53189,53198,9
13.0910701752,80.2277603149,53198,53209,11
13.0906095505,80.2282409668,53209,53220,11
13.0899400711,80.2289581299,53220,53230,10
13.0893001556,80.2298583984,53230,53240,10
13.089099884,80.2302627563,53240,53250,10
13.0888700485,80.2307281494,53250,53260,10
13.0887498856,80.231010437,53260,53270,10
13.0886602402,80.2312011719,53270,53280,10
13.0885801315,80.2313766479,53280,53290,10
13.0884199142,80.231918335,53290,53301,11
13.0881795883,80.2328414917,53301,53311,10
13.0880298615,80.2338409424,53311,53321,10
13.0877504349,80.2344818115,53321,53331,10
13.0869398117,80.2344970703,53331,53341,10
13.0862197876,80.2344207764,53341,53351,10
13.0861196518,80.2343978882,53351,53361,10
13.0857095718,80.2343063354,53361,53371,10
13.0850400925,80.2341766357,53371,53381,10
13.0844497681,80.2340393066,53381,53391,10
13.0836400986,80.2339019775,53391,53412,21
13.0836400986,80.2339019775,53412,53422,10
13.0833797455,80.2338562012,53422,53432,10
13.0827999115,80.2338180542,53432,53442,10
13.0824203491,80.2337265015,53442,53452,10
13.082280159,80.2336807251,53452,53462,10
13.0818195343,80.2336425781,53462,53472,10
13.0810804367,80.2335586548,53472,53482,10
13.0804195404,80.2335281372,53482,53492,10
13.0797996521,80.2335510254,53492,53502,10
13.0795898438,80.2335205078,53502,53512,10
13.0795602798,80.2335205078,53512,53523,11
13.0791902542,80.2335586548,53523,53533,10
13.0785303116,80.233581543,53533,53543,10
13.0777101517,80.2336196899,53543,53553,10
13.077050209,80.2337417603,53553,53563,10
13.076379776,80.2338180542,53563,53573,10
13.0758600235,80.2339706421,53573,53583,10
13.075920105,80.2342987061,53583,53593,10
13.0760803223,80.2349624634,53593,53603,10
13.0762500763,80.2358627319,53603,53613,10
13.0764799118,80.2371520996,53613,53672,59
13.0764799118,80.2371520996,53672,53682,10
13.0765600204,80.2375564575,53682,53692,10
13.076669693,80.2380599976,53692,53702,10
13.076789856,80.2386398315,53702,53722,20
13.076789856,80.2386398315,53722,53733,11
13.0768699646,80.238822937,53733,53793,60
13.0769395828,80.2391967773,53793,53813,20
13.0769395828,80.2391967773,53813,53823,10
13.0769796371,80.2393875122,53823,53834,11
13.0770397186,80.2395401001,53834,53844,10
13.0770597458,80.239616394,53844,53854,10
13.0771303177,80.2398605347,53854,53893,39
13.0771903992,80.2403411865,53893,53913,20
13.0771903992,80.2403411865,53913,53924,11
13.0771999359,80.2405319214,53924,53935,11
13.0772199631,80.2408828735,53935,54025,90
13.0772199631,80.2408828735,54025,54035,10
13.077340126,80.241317749,54035,54046,11
13.0774297714,80.2415390015,54046,54056,10
13.0774497986,80.2416610718,54056,54066,10
13.0775203705,80.2419509888,54066,54076,10
13.0775403976,80.2420806885,54076,54086,10
13.0775604248,80.2422027588,54086,54096,10
13.0775699615,80.2422637939,54096,54106,10
13.0776395798,80.2424926758,54106,54116,10
13.0776996613,80.2428817749,54116,54126,10
13.0777397156,80.2431411743,54126,54136,10
13.0777797699,80.243270874,54136,54147,11
13.0778102875,80.2434005737,54147,54157,10
13.0778102875,80.2435302734,54157,54167,10
13.0778398514,80.2437591553,54167,54177,10
13.0777997971,80.2440719604,54177,54187,10
13.0778198242,80.244468689,54187,54197,10
13.077870369,80.2451019287,54197,54207,10
13.0779600143,80.2457962036,54207,54217,10
13.0780801773,80.2466506958,54217,54227,10
13.0782403946,80.2475814819,54227,54237,10
13.0784597397,80.2484970093,54237,54248,11
13.0786399841,80.249420166,54248,54258,10
13.0786504745,80.2503128052,54258,54268,10
13.0785198212,80.2510528564,54268,54278,10
13.078499794,80.2516174316,54278,54288,10
13.0779895782,80.2517166138,54288,54298,10
13.077170372,80.2518920898,54298,54308,10
13.0761604309,80.2521133423,54308,54318,10
13.075220108,80.2522125244,54318,54328,10
13.0746603012,80.2522583008,54328,54338,10
13.0740604401,80.2522964478,54338,54348,10
13.0736999512,80.252456665,54348,54359,11
13.0729598999,80.2524032593,54359,54369,10
13.0722198486,80.2520828247,54369,54379,10
13.0720300674,80.2513198853,54379,54389,10
13.0718898773,80.2506637573,54389,54405,16
13.0715198517,80.2493896484,54405,54417,12
13.0713796616,80.2484970093,54417,54427,10
13.0713396072,80.248298645,54427,54437,10
13.071269989,80.2480926514,54437,54447,10
13.0710897446,80.2476730347,54447,54459,12
13.0707197189,80.2468185425,54459,54469,10
13.0702800751,80.2458877563,54469,54479,10
13.0698204041,80.2448196411,54479,54488,9
13.0694904327,80.2438583374,54488,54499,11
13.0692901611,80.243309021,54499,54519,20
13.0692901611,80.243309021,54519,54529,10
13.0692501068,80.2429428101,54529,54539,10
13.0690202713,80.2425537109,54539,54549,10
13.0683403015,80.2426605225,54549,54560,11
13.067489624,80.2429275513,54560,54570,10
13.0667104721,80.2432937622,54570,54580,10
13.0661001205,80.2438430786,54580,54590,10
13.0662097931,80.2447967529,54590,54600,10
13.0663700104,80.2456970215,54600,54610,10
13.067199707,80.2462005615,54610,54620,10
13.0677900314,80.2465209961,54620,54650,30
13.0677900314,80.2465209961,54650,54660,10
13.0679101944,80.2468566895,54660,54671,11
13.0679197311,80.2476119995,54671,54681,10
13.0675601959,80.2479629517,54681,54697,16
13.066450119,80.2479019165,54697,54709,12
13.0655202866,80.2478485107,54709,54719,10
13.0645999908,80.2478027344,54719,54729,10
13.0636196136,80.247718811,54729,54739,10
13.0628499985,80.2476425171,54739,54749,10
13.0617704391,80.2475585938,54749,54759,10
13.0612897873,80.246887207,54759,54770,11
13.0617198944,80.2463226318,54770,54780,10
13.0618801117,80.2454986572,54780,54790,10
13.0622396469,80.2448883057,54790,54800,10
13.0627698898,80.2446517944,54800,54810,10
13.0630702972,80.2442169189,54810,54820,10
13.063079834,80.2442169189,54820,54830,10
13.0632095337,80.2440719604,54830,54840,10
13.0634098053,80.243560791,54840,54850,10
13.0629396439,80.2434310913,54850,54860,10
13.0624399185,80.2433319092,54860,54870,10
13.0619697571,80.2432479858,54870,54881,11
13.061920166,80.2432403564,54881,54891,10
13.0615100861,80.2431793213,54891,54901,10
13.0614004135,80.2431716919,54901,54911,10
13.0610599518,80.2431030273,54911,54921,10
13.0606498718,80.2429580688,54921,54931,10
13.0602302551,80.2427825928,54931,54941,10
13.0596399307,80.2425994873,54941,54951,10
13.0591802597,80.2425613403,54951,54961,10
13.0587797165,80.2426376343,54961,54971,10
13.0586395264,80.2426681519,54971,54982,11
13.0581502914,80.242767334,54982,54992,10
13.057559967,80.2428207397,54992,55002,10
13.057299614,80.2428283691,55002,55012,10
13.0571403503,80.2427978516,55012,55022,10
13.0567998886,80.2426986694,55022,55038,16
13.0562200546,80.2425231934,55038,55050,12
13.0558004379,80.2423400879,55050,55059,9
13.0552196503,80.2423400879,55059,55070,11
13.0546503067,80.24243927,55070,55081,11
13.0539398193,80.2423629761,55081,55092,11
13.0537595749,80.2422790527,55092,55102,10
13.0536403656,80.2422180176,55102,55112,10
13.0532903671,80.2420272827,55112,55132,20
13.0532903671,80.2420272827,55132,55142,10
13.0532398224,80.2419891357,55142,55152,10
13.05286026,80.241859436,55152,55162,10
13.052359581,80.2414474487,55162,55172,10
13.0519504547,80.2408218384,55172,55193,21
13.0519504547,80.2408218384,55193,55203,10
13.0516195297,80.240737915,55203,55213,10
13.0514698029,80.2406997681,55213,55223,10
13.0512399673,80.2406616211,55223,55233,10
13.0509395599,80.2406005859,55233,55243,10
13.050740242,80.240562439,55243,55253,10
13.0505399704,80.2405319214,55253,55263,10
13.0504703522,80.2405319214,55263,55273,10
13.0503101349,80.2405166626,55273,55294,21
13.0503101349,80.2405166626,55294,55304,10
13.050069809,80.2404785156,55304,55314,10
13.0498504639,80.2403717041,55314,55334,20
13.0498504639,80.2403717041,55334,55344,10
13.049659729,80.2403182983,55344,55354,10
13.0494003296,80.2402420044,55354,55364,10
13.0490703583,80.2401580811,55364,55374,10
13.0488004684,80.2401428223,55374,55384,10
13.0483102798,80.240020752,55384,55395,11
13.0478601456,80.2398910522,55395,55405,10
13.0477399826,80.2398605347,55405,55415,10
13.0473403931,80.2397689819,55415,55425,10
13.0466403961,80.2395935059,55425,55435,10
13.0462503433,80.2395401001,55435,55445,10
13.046210289,80.2393798828,55445,55455,10
13.0463399887,80.2389831543,55455,55465,10
13.0464801788,80.2384185791,55465,55475,10
13.0466499329,80.2376174927,55475,55485,10
13.0467596054,80.2366867065,55485,55495,10
13.0469198227,80.2361526489,55495,55506,11
13.0470104218,80.2357635498,55506,55516,10
13.0470504761,80.2355270386,55516,55526,10
13.0471000671,80.2349395752,55526,55536,10
13.0472202301,80.2341690063,55536,55546,10
13.0473098755,80.2334213257,55546,55556,10
13.0471000671,80.2330780029,55556,55566,10
13.0464801788,80.233001709,55566,55576,10
13.0457296371,80.2328033447,55576,55586,10
13.0452098846,80.2326812744,55586,55596,10
13.0451698303,80.232673645,55596,55607,11
13.0449199677,80.2326202393,55607,55617,10
13.0443296432,80.2324829102,55617,55627,10
13.0435600281,80.2323608398,55627,55637,10
13.0429000854,80.2323532104,55637,55647,10
13.0423603058,80.2323532104,55647,55657,10
13.0417900085,80.2322769165,55657,55667,10
13.0410003662,80.232093811,55667,55677,10
13.0401096344,80.2317581177,55677,55687,10
13.0392303467,80.2314987183,55687,55697,10
13.0384597778,80.2313308716,55697,55707,10
13.0375995636,80.2310028076,55707,55717,10
13.0369901657,80.2306976318,55717,55728,11
13.036740303,80.2307128906,55728,55738,10
13.0362300873,80.2305603027,55738,55748,10
13.0357103348,80.2303466797,55748,55758,10
13.0354604721,80.2303237915,55758,55768,10
13.035320282,80.2303009033,55768,55778,10
13.0349302292,80.2302932739,55778,55788,10
13.0344495773,80.2304000854,55788,55798,10
13.0342102051,80.2304534912,55798,55808,10
13.0340595245,80.2304763794,55808,55819,11
13.0335102081,80.230506897,55819,55849,30
13.0335102081,80.230506897,55849,55859,10
13.0331296921,80.23046875,55859,55869,10
13.0325403214,80.2305374146,55869,55879,10
13.0317001343,80.2306365967,55879,55889,10
13.0309801102,80.2306976318,55889,55899,10
13.0305204391,80.230758667,55899,55909,10
13.0299596786,80.2308120728,55909,55920,11
13.029540062,80.2308502197,55920,55930,10
13.0291004181,80.2309188843,55930,55940,10
13.0283699036,80.2309799194,55940,55950,10
13.0277299881,80.2310562134,55950,55960,10
13.0276403427,80.231338501,55960,55970,10
13.0277099609,80.231880188,55970,55980,10
13.0278301239,80.2325286865,55980,55990,10
13.0276203156,80.2327804565,55990,56000,10
13.0270395279,80.2329330444,56000,56029,29
13.0270395279,80.2329330444,56029,56039,10
13.0269403458,80.232963562,56039,56049,10
13.0266599655,80.2330093384,56049,56059,10
13.0263900757,80.2328567505,56059,56069,10
13.0262098312,80.2323608398,56069,56079,10
13.0261201859,80.2319869995,56079,56089,10
13.0260696411,80.231842041,56089,56099,10
13.0260000229,80.2314224243,56099,56108,9
13.0257701874,80.2307434082,56108,56119,11
13.025179863,80.2297897339,56119,56130,11
13.0249595642,80.2294998169,56130,56140,10
13.0247402191,80.2292404175,56140,56150,10
13.0244998932,80.2289199829,56150,56160,10
13.0241003036,80.2284469604,56160,56170,10
13.0239295959,80.2282562256,56170,56180,10
13.0239295959,80.2282409668,56180,56190,10
13.0237598419,80.2279815674,56190,56200,10
13.0236196518,80.2278366089,56200,56210,10
13.0232000351,80.2274398804,56210,56220,10
13.0226602554,80.2269210815,56220,56230,10
13.0220804214,80.2263412476,56230,56241,11
13.0212097168,80.2256622314,56241,56251,10
13.0205097198,80.2251586914,56251,56261,10
13.0202198029,80.2249908447,56261,56271,10
13.0201196671,80.2249221802,56271,56287,16
13.0192804337,80.2244415283,56287,56299,12
13.0182199478,80.2246780396,56299,56309,10
13.0174598694,80.2249984741,56309,56318,9
13.0167398453,80.2253112793,56318,56329,11
13.0160999298,80.2255630493,56329,56339,10
13.0155200958,80.2257919312,56339,56350,11
13.0149803162,80.2260437012,56350,56359,9
13.0147199631,80.2261428833,56359,56371,12
13.0145301819,80.2262420654,56371,56381,10
13.0144195557,80.2262802124,56381,56391,10
13.0143299103,80.2263336182,56391,56401,10
13.0139198303,80.2265014648,56401,56411,10
13.013250351,80.2267608643,56411,56421,10
13.0123996735,80.2270812988,56421,56431,10
13.0113697052,80.2274780273,56431,56441,10
13.0103998184,80.2278518677,56441,56465,24
13.0090503693,80.2290496826,56465,56477,12
13.0088300705,80.2301635742,56477,56487,10
13.0086402893,80.2311477661,56487,56495,8
13.0084495544,80.2321395874,56495,56507,12
13.0082101822,80.2337265015,56507,56527,20
13.0082101822,80.2337265015,56527,56537,10
13.0081501007,80.2338409424,56537,56547,10
13.0080795288,80.2342071533,56547,56557,10
13.0079402924,80.2349014282,56557,56568,11
13.0077896118,80.2357025146,56568,56578,10
13.007610321,80.2365722656,56578,56588,10
13.0074300766,80.237487793,56588,56598,10
13.0072803497,80.23828125,56598,56608,10
13.0071201324,80.2390518188,56608,56618,10
13.006939888,80.2400436401,56618,56689,71
13.006939888,80.2400436401,56689,56699,10
13.0070199966,80.2402191162,56699,56709,10
13.006939888,80.2406387329,56709,56719,10
13.0068798065,80.2409362793,56719,56729,10
13.0067996979,80.2415390015,56729,56739,10
13.0067501068,80.2424163818,56739,56749,10
13.0066995621,80.243347168,56749,56760,11
13.0066795349,80.2443618774,56760,56770,10
13.0066795349,80.245300293,56770,56780,10
13.0066995621,80.2462463379,56780,56790,10
13.0067396164,80.2469177246,56790,56800,10
13.0067501068,80.2474899292,56800,56810,10
13.0067195892,80.2482070923,56810,56820,10
13.0068702698,80.2495574951,56820,56840,20
13.0068702698,80.2495574951,56840,56850,10
13.0068702698,80.2496795654,56850,56861,11
13.0068302155,80.25025177,56861,56871,10
13.0068101883,80.2509613037,56871,56911,40
13.0068101883,80.2509613037,56911,56921,10
13.0066995621,80.2512588501,56921,56931,10
13.0066699982,80.251739502,56931,56941,10
13.0065603256,80.2524337769,56941,56951,10
13.0066604614,80.2527389526,56951,56962,11
13.0066404343,80.2532196045,56962,56972,10
13.0066099167,80.2535705566,56972,57244,272
13.0066099167,80.2535705566,57244,57254,10
13.0066204071,80.2539367676,57254,57264,10
13.0066299438,80.2543411255,57264,57274,10
13.0065803528,80.2546920776,57274,57285,11
13.0065803528,80.255241394,57285,57295,10
13.0065898895,80.2560424805,57295,57305,10
13.0066299438,80.2568588257,57305,57315,10
13.0066604614,80.2571792603,57315,57325,10
13.0067396164,80.2575683594,57325,57335,10
13.0070400238,80.2581176758,57335,57345,10
13.0073795319,80.2585372925,57345,57355,10
13.0079202652,80.2588729858,57355,57365,10
13.0079803467,80.2592315674,57365,57375,10
13.0074596405,80.2593231201,57375,57386,11
13.0071897507,80.2587509155,57386,57396,10
13.0071601868,80.2586975098,57396,57406,10
13.0069904327,80.2583694458,57406,57416,10
13.0066900253,80.2578430176,57416,57426,10
13.0065898895,80.2576828003,57426,57436,10
13.0065097809,80.25756073,57436,57446,10
13.0064401627,80.2571487427,57446,57456,10
13.0064401627,80.2566833496,57456,57466,10
13.0064601898,80.2560119629,57466,57476,10
13.0064897537,80.2554092407,57476,57487,11
13.006529808,80.2547302246,57487,57497,10
13.0065202713,80.2539215088,57497,57507,10
13.0065097809,80.253288269,57507,57517,10
13.0065002441,80.2532577515,57517,57527,10
13.0065097809,80.253036499,57527,57537,10
13.006529808,80.252571106,57537,57567,30
13.006529808,80.252571106,57567,57577,10
13.0066099167,80.2524032593,57577,57587,10
13.006649971,80.2518463135,57587,57598,11
13.0067596436,80.2511062622,57598,57608,10
13.0067796707,80.2503967285,57608,57618,10
13.0067396164,80.2496032715,57618,57628,10
13.0066995621,80.2489318848,57628,57638,10
13.0066604614,80.2484436035,57638,57648,10
13.0066299438,80.2481231689,57648,57699,51
13.0066299438,80.2481231689,57699,57709,10
13.0066099167,80.2479400635,57709,57719,10
13.0066003799,80.2474365234,57719,57729,10
13.0066099167,80.2469177246,57729,57739,10
13.0065402985,80.2465591431,57739,57749,10
13.0065498352,80.2465362549,57749,57759,10
13.0065803528,80.2464904785,57759,57769,10
13.0066204071,80.246307373,57769,57779,10
13.0066204071,80.2457199097,57779,57789,10
13.0066099167,80.2450637817,57789,57800,11
13.0066099167,80.2447891235,57800,57810,10
13.0066299438,80.2445220947,57810,57820,10
13.0066299438,80.2442474365,57820,57830,10
13.0066299438,80.2439804077,57830,57840,10
13.0066099167,80.2435379028,57840,57850,10
13.0065803528,80.2429199219,57850,57860,10
13.0065498352,80.2420578003,57860,57870,10
13.0065698624,80.2412414551,57870,57880,10
13.0066404343,80.2406997681,57880,57911,31
13.0066404343,80.2406997681,57911,57921,10
13.0067195892,80.2402572632,57921,57931,10
13.0068702698,80.239616394,57931,57941,10
13.0070199966,80.238861084,57941,57951,10
13.0071897507,80.2380371094,57951,57961,10
13.007399559,80.2367706299,57961,57981,20
13.007399559,80.2367706299,57981,57991,10
13.0074300766,80.2366409302,57991,58001,10
13.0075397491,80.236328125,58001,58012,11
13.0076904297,80.2356491089,58012,58022,10
13.0078496933,80.2348632813,58022,58032,10
13.0080499649,80.2339019775,58032,58042,10
13.0082597733,80.2327270508,58042,58052,10
13.0085000992,80.2314834595,58052,58062,10
13.0087499619,80.23021698,58062,58072,10
13.0089797974,80.2290725708,58072,58082,10
13.0093202591,80.2278366089,58082,58092,10
13.0097703934,80.2267837524,58092,58102,10
13.0102500916,80.2257232666,58102,58113,11
13.0107498169,80.2247314453,58113,58123,10
13.0110797882,80.2240371704,58123,58133,10
13.0113601685,80.2233581543,58133,58163,30
13.0113601685,80.2233581543,58163,58173,10
13.011469841,80.2230377197,58173,58183,10
13.0117301941,80.222442627,58183,58193,10
13.0120401382,80.2215881348,58193,58203,10
13.0124197006,80.2215805054,58203,58213,10
13.0128602982,80.2221374512,58213,58224,11
13.0134801865,80.22290802,58224,58234,10
13.0141000748,80.2236480713,58234,58244,10
13.0146503448,80.2242584229,58244,58254,10
13.0148601532,80.2244796753,58254,58264,10
13.0149202347,80.2245635986,58264,58274,10
13.0151901245,80.224822998,58274,58284,10
13.015540123,80.2250366211,58284,58300,16
13.0155496597,80.2250366211,58300,58312,12
13.0157699585,80.2251968384,58312,58323,11
13.016500473,80.2252807617,58323,58331,8
13.01720047,80.2250289917,58331,58343,12
13.0184402466,80.2245407104,58343,58353,10
13.0193300247,80.224357605,58353,58362,9
13.0195503235,80.2244110107,58362,58373,11
13.0197896957,80.2245635986,58373,58383,10
13.0202302933,80.224899292,58383,58393,10
13.0208101273,80.2253265381,58393,58403,10
13.0213499069,80.2257232666,58403,58413,10
13.0219402313,80.2261428833,58413,58423,10
13.0220003128,80.2261810303,58423,58434,11
13.022069931,80.226272583,58434,58444,10
13.0223999023,80.2265777588,58444,58454,10
13.0229597092,80.2270736694,58454,58464,10
13.0234699249,80.2275466919,58464,58474,10
13.0239696503,80.228012085,58474,58483,9
13.0242395401,80.2282409668,58483,58494,11
13.0243301392,80.2283401489,58494,58504,10
13.0244503021,80.2285308838,58504,58514,10
13.0247001648,80.2289428711,58514,58524,10
13.0249595642,80.2293167114,58524,58535,11
13.0253400803,80.2298126221,58535,58545,10
13.0257797241,80.230430603,58545,58564,19
13.0257797241,80.230430603,58564,58575,11
13.0258903503,80.2306976318,58575,58585,10
13.0259799957,80.2310180664,58585,58595,10
13.0261602402,80.2313995361,58595,58605,10
13.0266599655,80.2312774658,58605,58615,10
13.0274600983,80.2310562134,58615,58625,10
13.0282201767,80.2309265137,58625,58636,11
13.028840065,80.2308807373,58636,58646,10
13.0291700363,80.2308807373,58646,58686,40
13.0291700363,80.2308807373,58686,58696,10
13.0293703079,80.2309036255,58696,58706,10
13.0297298431,80.2308578491,58706,58716,10
13.0302200317,80.2308273315,58716,58726,10
13.0304698944,80.230796814,58726,58737,11
13.0306997299,80.2307662964,58737,58747,10
13.0309000015,80.23072052,58747,58757,10
13.0314598083,80.230682373,58757,58767,10
13.0321998596,80.2306289673,58767,58777,10
13.0330400467,80.2305831909,58777,58787,10
13.0335998535,80.2305297852,58787,58797,10
13.0339002609,80.2304992676,58797,58807,10
13.0340795517,80.2304763794,58807,58817,10
13.0343799591,80.2304077148,58817,58858,41
13.0345497131,80.2303619385,58858,58918,60
13.0345497131,80.2303619385,58918,58928,10
13.0349903107,80.23046875,58928,58938,10
13.0350103378,80.230758667,58938,58949,11
13.0349397659,80.2312393188,58949,58959,10
13.0348796844,80.2317581177,58959,58969,10
13.0348100662,80.2323074341,58969,58979,10
13.0347099304,80.2330093384,58979,58989,10
13.0346403122,80.2335891724,58989,58999,10
13.0345802307,80.2340011597,58999,59009,10
13.0345201492,80.234588623,59009,59019,10
13.0344104767,80.2353820801,59019,59029,10
13.034330368,80.2361221313,59029,59039,10
13.034239769,80.2369308472,59039,59050,11
13.0343198776,80.2374572754,59050,59100,50
13.0343198776,80.2374572754,59100,59110,10
13.0342197418,80.2375869751,59110,59161,51
13.0342197418,80.2375869751,59161,59171,10
13.0344800949,80.2378921509,59171,59181,10
13.034620285,80.23802948,59181,59191,10
13.0349302292,80.2384567261,59191,59201,10
13.0352096558,80.2389068604,59201,59211,10
13.0355195999,80.2393798828,59211,59221,10
13.0358600616,80.239440918,59221,59231,10
13.0365200043,80.2395095825,59231,59241,10
13.0370998383,80.2395706177,59241,59250,9
13.0373802185,80.2395935059,59250,59262,12
13.0376996994,80.2396316528,59262,59272,10
13.0382404327,80.2397003174,59272,59282,10
13.0389404297,80.2397766113,59282,59292,10
13.0396203995,80.2398834229,59292,59302,10
13.040140152,80.2399291992,59302,59332,30
13.040140152,80.2399291992,59332,59342,10
13.0404100418,80.2402801514,59342,59352,10
13.0406398773,80.2405929565,59352,59364,12
13.0411100388,80.2406311035,59364,59374,10
13.0413799286,80.2406692505,59374,59384,10
13.0419502258,80.240737915,59384,59394,10
13.042719841,80.2408370972,59394,59403,9
13.0435199738,80.2409591675,59403,59414,11
13.0440797806,80.2409820557,59414,59424,10
13.0443897247,80.240737915,59424,59465,41
13.0443897247,80.240737915,59465,59475,10
13.0445699692,80.2406387329,59475,59485,10
13.0449895859,80.2403411865,59485,59495,10
13.0455799103,80.239906311,59495,59505,10
13.0461902618,80.2395782471,59505,59515,10
13.0465602875,80.2396621704,59515,59525,10
13.0465803146,80.2396774292,59525,59535,10
13.0467395782,80.2397079468,59535,59545,10
13.0472202301,80.2397994995,59545,59555,10
13.0478801727,80.2399520874,59555,59565,10
13.0485296249,80.2400970459,59565,59576,11
13.0491895676,80.2402114868,59576,59586,10
13.0497102737,80.2403030396,59586,59596,10
13.0502996445,80.2404174805,59596,59606,10
13.0508804321,80.2405471802,59606,59616,10
13.0514001846,80.2406463623,59616,59626,10
13.052280426,80.2408370972,59626,59656,30
13.052280426,80.2408370972,59656,59672,16
13.0523796082,80.2408370972,59672,59685,13
13.0525798798,80.2412490845,59685,59695,10
13.0527000427,80.2416305542,59695,59705,10
13.0532398224,80.2419281006,59705,59715,10
13.0540895462,80.2422714233,59715,59734,19
13.0540895462,80.2422714233,59734,59745,11
13.0542497635,80.2423019409,59745,59755,10
13.0547704697,80.2423629761,59755,59765,10
13.0555200577,80.2422637939,59765,59776,11
13.0561704636,80.242477417,59776,59786,10
13.0563497543,80.2425613403,59786,59796,10
13.0566902161,80.2426376343,59796,59806,10
13.0571498871,80.2427978516,59806,59816,10
13.0577602386,80.2428131104,59816,59826,10
13.0583896637,80.2426681519,59826,59836,10
13.0590801239,80.2425308228,59836,59846,10
13.0597696304,80.2426376343,59846,59856,10
13.0603599548,80.2428283691,59856,59866,10
13.0607700348,80.2429733276,59866,59876,10
13.0610198975,80.243057251,59876,59887,11
13.0613298416,80.2431411743,59887,59897,10
13.0618400574,80.2432632446,59897,59907,10
13.0625295639,80.2433624268,59907,59927,20
13.0625295639,80.2433624268,59927,59937,10
13.0627403259,80.243347168,59937,59947,10
13.0632600784,80.2434616089,59947,59957,10
13.0638504028,80.2434997559,59957,59967,10
13.064450264,80.2435684204,59967,59977,10
13.0652799606,80.243598938,59977,60018,41
13.0652799606,80.243598938,60018,60028,10
13.0654802322,80.243560791,60028,60038,10
13.0659399033,80.2435379028,60038,60048,10
13.0662202835,80.2434768677,60048,60058,10
13.0665302277,80.2433624268,60058,60068,10
13.0670003891,80.2431793213,60068,60078,10
13.0675697327,80.2429199219,60078,60089,11
13.0683202744,80.2426834106,60089,60099,10
13.0688896179,80.242477417,60099,60109,10
13.0694799423,80.2422485352,60109,60119,10
13.0697898865,80.2421798706,60119,60129,10
13.0700998306,80.2420806885,60129,60159,30
13.0700998306,80.2420806885,60159,60169,10
13.0701799393,80.2421188354,60169,60179,10
13.0704898834,80.2420196533,60179,60189,10
13.0708799362,80.2418823242,60189,60200,11
13.0715198517,80.2416000366,60200,60210,10
13.0720996857,80.2413024902,60210,60220,10
13.0726900101,80.2409362793,60220,60230,10
13.0733299255,80.240737915,60230,60240,10
13.0738401413,80.2406005859,60240,60250,10
13.0745401382,80.2405166626,60250,60260,10
13.0754804611,80.2405014038,60260,60270,10
13.0763902664,80.2405166626,60270,60280,10
13.0768404007,80.2406082153,60280,60290,10
13.077050209,80.240562439,60290,60301,11
13.0771198273,80.2403869629,60301,60311,10
13.0770196915,80.239906311,60311,60321,10
13.0768299103,80.2392120361,60321,60331,10
13.0767202377,80.2388305664,60331,60341,10
13.0766201019,80.2385025024,60341,60361,20
13.0766201019,80.2385025024,60361,60371,10
13.0765600204,80.2381973267,60371,60391,20
13.0765600204,80.2381973267,60391,60402,11
13.0765304565,80.2379837036,60402,60412,10
13.0764799118,80.23777771,60412,60422,10
13.0763998032,80.2373809814,60422,60432,10
13.0763998032,80.2373580933,60432,60442,10
13.0763998032,80.2372665405,60442,60452,10
13.0763196945,80.2369384766,60452,60462,10
13.0762195587,80.2363433838,60462,60472,10
13.0761003494,80.2355575562,60472,60482,10
13.0759000778,80.2347564697,60482,60492,10
13.0757303238,80.2342224121,60492,60502,10
13.0758600235,80.2338180542,60502,60513,11
13.0761995316,80.2337799072,60513,60523,10
13.0763397217,80.2337722778,60523,60533,10
13.0765399933,80.233757019,60533,60543,10
13.0769996643,80.2337036133,60543,60553,10
13.0776395798,80.2336196899,60553,60563,10
13.0782499313,80.233581543,60563,60579,16
13.0792398453,80.2335586548,60579,60591,12
13.0801696777,80.2335510254,60591,60622,31
13.0801696777,80.2335510254,60622,60632,10
13.080619812,80.2335586548,60632,60641,9
13.0812196732,80.233581543,60641,60652,11
13.0818300247,80.233581543,60652,60662,10
13.0819396973,80.2332992554,60662,60671,9
13.0820598602,80.2326507568,60671,60682,11
13.0823001862,80.2319564819,60682,60692,10
13.0826101303,80.2312011719,60692,60702,10
13.0828199387,80.230682373,60702,60712,10
13.0831098557,80.230796814,60712,60722,10
13.0831699371,80.2313995361,60722,60733,11
13.0832300186,80.2322769165,60733,60743,10
13.0833597183,80.2328567505,60743,60753,10
13.0834903717,80.2333602905,60753,60773,20
13.0834903717,80.2333602905,60773,60783,10
13.0835199356,80.2335586548,60783,60793,10
13.0835800171,80.2338562012,60793,60803,10
13.0840902328,80.2340011597,60803,60824,21
13.0840902328,80.2340011597,60824,60834,10
13.0842695236,80.234046936,60834,60844,10
13.0844898224,80.2340927124,60844,60854,10
13.0848197937,80.234161377,60854,60864,10
13.0853700638,80.2343063354,60864,60874,10
13.0860204697,80.2344818115,60874,60884,10
13.0865402222,80.2345962524,60884,60894,10
13.087100029,80.2346496582,60894,60904,10
13.0878000259,80.2344818115,60904,60914,10
13.0879602432,80.233757019,60914,60924,10
13.0881099701,80.2328720093,60924,60935,11
13.0883903503,80.2317581177,60935,60945,10
13.0886497498,80.2310409546,60945,60955,10
13.0888900757,80.2304916382,60955,60975,20
13.0888900757,80.2304916382,60975,60985,10
13.0890598297,80.2301635742,60985,60995,10
13.0893497467,80.229598999,60995,61005,10
13.0898599625,80.2289505005,61005,61015,10
13.0905599594,80.2281799316,61015,61025,10
13.0911998749,80.2274932861,61025,61036,11
13.0913896561,80.2272720337,61036,61046,10
13.0914201736,80.2272415161,61046,61056,10
13.0916996002,80.2269668579,61056,61066,10
13.0921096802,80.2265472412,61066,61076,10
13.0923900604,80.226272583,61076,61086,10
13.0926904678,80.2259979248,61086,61096,10
13.0931797028,80.2255020142,61096,61106,10
13.0937099457,80.224899292,61106,61116,10
13.0941801071,80.2242965698,61116,61126,10
13.0947399139,80.2235183716,61126,61137,11
13.0951795578,80.2226104736,61137,61157,20
13.0951795578,80.2226104736,61157,61167,10
13.0952701569,80.2223205566,61167,61177,10
13.0954999924,80.221786499,61177,61187,10
13.0957403183,80.2210693359,61187,61197,10
13.0960197449,80.2203216553,61197,61207,10
13.0963201523,80.2194137573,61207,61217,10
13.0964803696,80.2189788818,61217,61227,10
13.096619606,80.2185821533,61227,61238,11
13.0968599319,80.2178421021,61238,61248,10
13.0970802307,80.2171478271,61248,61258,10
13.0971097946,80.2170791626,61258,61268,10
13.0971603394,80.2169570923,61268,61278,10
13.0972003937,80.2168731689,61278,61288,10
13.0972795486,80.2166671753,61288,61298,10
13.0974903107,80.216178894,61298,61308,10
13.097820282,80.2154083252,61308,61318,10
13.0981903076,80.2145309448,61318,61349,31
13.0981903076,80.2145309448,61349,61359,10
13.0982599258,80.2143936157,61359,61369,10
13.0982599258,80.2143783569,61369,61379,10
13.0983695984,80.2141418457,61379,61389,10
13.0986499786,80.2139511108,61389,61399,10
13.0988998413,80.2141113281,61399,61409,10
13.0993404388,80.2142791748,61409,61419,10
13.0998697281,80.2144317627,61419,61429,10
13.1003303528,80.2145614624,61429,61470,41
13.1004495621,80.2145996094,61470,61561,91
13.1004495621,80.2145996094,61561,61571,10
13.1006002426,80.2147216797,61571,61581,10
13.1006002426,80.2149734497,61581,61591,10
13.1003198624,80.2155609131,61591,61601,10
13.1000699997,80.2161331177,61601,61611,10
13.0999403,80.2161483765,61611,61621,10
13.0999603271,80.2158508301,61621,61631,10
13.100110054,80.2154769897,61631,61641,10
13.1002502441,80.2147674561,61641,62096,455
13.1002502441,80.2147674561,62096,62106,10
13.1002397537,80.2146224976,62106,62116,10
13.1000995636,80.2144699097,62116,62126,10
13.0998497009,80.2144088745,62126,62136,10
13.0993995667,80.2143096924,62136,62146,10
13.0987195969,80.2140808105,62146,62197,51
13.0987195969,80.2140808105,62197,62207,10
13.0984296799,80.2141571045,62207,62217,10
13.0982198715,80.2146606445,62217,62227,10
13.0979204178,80.2153778076,62227,62237,10
13.0975503922,80.2162628174,62237,62247,10
13.0973596573,80.216758728,62247,62257,10
13.097319603,80.2168807983,62257,62267,10
13.0971498489,80.2173233032,62267,62278,11
13.0968704224,80.2181167603,62278,62288,10
13.0965795517,80.219039917,62288,62298,10
13.0962095261,80.2200775146,62298,62308,10
13.0958900452,80.220993042,62308,62318,10
13.0956401825,80.2217330933,62318,62328,10
13.0953397751,80.2225418091,62328,62338,10
13.0948801041,80.2235031128,62338,62348,10
13.0942201614,80.2244262695,62348,62358,10
13.0936403275,80.225151062,62358,62368,10
13.0931301117,80.2256698608,62368,62378,10
13.0923900604,80.2264175415,62378,62389,11
13.0915803909,80.2272415161,62389,62399,10
13.0912103653,80.2276611328,62399,62419,20
13.0912103653,80.2276611328,62419,62429,10
13.0909700394,80.2279129028,62429,62439,10
13.0905303955,80.2283630371,62439,62449,10
13.0899400711,80.2290115356,62449,62459,10
13.0893697739,80.2297821045,62459,62469,10
13.0891704559,80.2301712036,62469,62479,10
13.0890197754,80.2304992676,62479,62490,11
13.0888204575,80.2309494019,62490,62510,20
13.0888204575,80.2309494019,62510,62520,10
13.0886898041,80.2312393188,62520,62530,10
13.0885601044,80.2315826416,62530,62540,10
13.0883703232,80.2322311401,62540,62556,16
13.088060379,80.2337036133,62556,62568,12
13.0876903534,80.2345581055,62568,62576,8
13.0870895386,80.2345809937,62576,62588,12
13.0867795944,80.2345428467,62588,62599,11
13.0863399506,80.2344818115,62599,62609,10
13.0856800079,80.234336853,62609,62618,9
13.0855197906,80.2342987061,62618,62629,11
13.0851402283,80.2341995239,62629,62639,10
13.0847396851,80.2341003418,62639,62649,10
13.0841503143,80.2339477539,62649,62659,10
13.0837097168,80.23387146,62659,62669,10
13.0834102631,80.2338180542,62669,62679,10
13.0830202103,80.2337799072,62679,62689,10
13.0824098587,80.2336425781,62689,62710,21
13.0824098587,80.2336425781,62710,62720,10
13.0822200775,80.2335891724,62720,62730,10
13.0817604065,80.233543396,62730,62740,10
13.0810403824,80.2335128784,62740,62750,10
13.0804700851,80.2335128784,62750,62760,10
13.0798597336,80.2334976196,62760,62770,10
13.0795898438,80.2334976196,62770,62780,10
13.0795297623,80.2335128784,62780,62790,10
13.0791397095,80.2335205078,62790,62801,11
13.0783996582,80.2335586548,62801,62811,10
13.0776796341,80.2336196899,62811,62821,10
13.0769100189,80.2337265015,62821,62831,10
13.0761299133,80.2339019775,62831,62841,10
13.0760202408,80.2339172363,62841,62851,10
13.0758600235,80.2339096069,62851,62867,16
13.0759801865,80.2346801758,62867,62879,12
13.0761899948,80.2356491089,62879,62889,10
13.0763597488,80.236618042,62889,62899,10
13.0765199661,80.2372894287,62899,62910,11
13.0765399933,80.2373199463,62910,62920,10
13.0765800476,80.2374801636,62920,62930,10
13.0766801834,80.2379989624,62930,62940,10
13.0768203735,80.2386627197,62940,62950,10
13.0770196915,80.2395172119,62950,62959,9
13.0773000717,80.2405090332,62959,63002,43
13.0773000717,80.2405090332,63002,63013,11
13.0773601532,80.2409210205,63013,63023,10
13.0774297714,80.2413635254,63023,63033,10
13.0774803162,80.2417602539,63033,63043,10
13.0776596069,80.2424163818,63043,63053,10
13.0777797699,80.2432632446,63053,63063,10
13.0778398514,80.244102478,63063,63073,10
13.0778999329,80.2448883057,63073,63083,10
13.0779800415,80.2458114624,63083,63093,10
13.0780801773,80.2466430664,63093,63103,10
13.0782499313,80.247467041,63103,63114,11
13.0784397125,80.2484970093,63114,63124,10
13.0786504745,80.2492904663,63124,63134,10
13.0787801743,80.2501525879,63134,63144,10
13.0785198212,80.2507781982,63144,63154,10
13.0786399841,80.2515029907,63154,63164,10
13.0783500671,80.251739502,63164,63174,10
13.0778303146,80.2518386841,63174,63184,10
13.0769701004,80.251991272,63184,63194,10
13.0761404037,80.2521362305,63194,63204,10
13.0751800537,80.2522125244,63204,63215,11
13.0744600296,80.2522964478,63215,63225,10
13.0740804672,80.2524337769,63225,63235,10
13.0736999512,80.2525405884,63235,63245,10
13.0731401443,80.2524414063,63245,63255,10
13.0726299286,80.2523269653,63255,63265,10
13.0722198486,80.2520370483,63265,63275,10
13.0720996857,80.2514038086,63275,63285,10
13.071969986,80.2507705688,63285,63295,10
13.0717697144,80.2501068115,63295,63305,10
13.071559906,80.2491989136,63305,63315,10
13.071390152,80.2482910156,63315,63326,11
13.0712003708,80.2478637695,63326,63336,10
13.0709600449,80.247253418,63336,63346,10
13.070599556,80.2465209961,63346,63356,10
13.0701999664,80.2456512451,63356,63366,10
13.0698204041,80.2447662354,63366,63375,9
13.0695495605,80.2439804077,63375,63386,11
13.0692796707,80.2432479858,63386,63406,20
13.0692796707,80.2432479858,63406,63416,10
13.0692300797,80.2429580688,63416,63427,11
13.0690097809,80.2425079346,63427,63437,10
13.0685396194,80.2425918579,63437,63447,10
13.0678596497,80.2427902222,63447,63457,10
13.0672903061,80.2429962158,63457,63467,10
13.0668401718,80.2432174683,63467,63477,10
13.0665798187,80.243347168,63477,63487,10
13.0663900375,80.2434463501,63487,63497,10
13.0661497116,80.2438201904,63497,63507,10
13.0662298203,80.244468689,63507,63517,10
13.0663099289,80.2451324463,63517,63528,11
13.0664596558,80.2458190918,63528,63538,10
13.0671195984,80.2462005615,63538,63548,10
13.0678596497,80.2465667725,63548,63568,20
13.0678596497,80.2465667725,63568,63578,10
13.0679302216,80.246711731,63578,63588,10
13.067990303,80.2472381592,63588,63598,10
13.0678596497,80.2479095459,63598,63608,10
13.0672397614,80.2479629517,63608,63618,10
13.0666399002,80.2478866577,63618,63628,10
13.0661001205,80.2478485107,63628,63639,11
13.0653800964,80.2478179932,63639,63655,16
13.0641002655,80.247718811,63655,63667,12
13.063079834,80.2476806641,63667,63677,10
13.0624303818,80.2476425171,63677,63687,10
13.0617599487,80.2475509644,63687,63697,10
13.0614795685,80.2473068237,63697,63707,10
13.061340332,80.2471084595,63707,63717,10
13.0614500046,80.2468032837,63717,63727,10
13.0616598129,80.2466201782,63727,63737,10
13.061829567,80.2463531494,63737,63748,11
13.0619001389,80.2459793091,63748,63758,10
13.0619497299,80.2457199097,63758,63768,10
13.0620498657,80.2453613281,63768,63778,10
13.0623397827,80.245010376,63778,63798,20
13.0631799698,80.2442932129,63798,63818,20
13.0631799698,80.2442932129,63818,63830,12
13.0633001328,80.244102478,63830,63840,10
13.0634698868,80.243637085,63840,63850,10
13.0630102158,80.2434768677,63850,63861,11
13.0624103546,80.243309021,63861,63871,10
13.0619096756,80.2432174683,63871,63881,10
13.0614404678,80.2431411743,63881,63890,9
13.0608997345,80.2430114746,63890,63901,11
13.0604295731,80.2428512573,63901,63912,11
13.0597696304,80.2426223755,63912,63932,20
13.0597696304,80.2426223755,63932,63942,10
13.0595798492,80.2425994873,63942,63953,11
13.0592403412,80.2425384521,63953,63963,10
13.0588598251,80.2425994873,63963,63973,10
13.0587797165,80.2425994873,63973,63983,10
13.0586500168,80.2425918579,63983,63993,10
13.0583496094,80.2426605225,63993,64003,10
13.0578098297,80.2427825928,64003,64013,10
13.057299614,80.2428131104,64013,64023,10
13.0572900772,80.2428131104,64023,64033,10
13.0571899414,80.2428588867,64033,64043,10
13.0568599701,80.2427597046,64043,64054,11
13.0563802719,80.2425994873,64054,64064,10
13.0560703278,80.2424468994,64064,64074,10
13.0558204651,80.2423324585,64074,64084,10
13.0552902222,80.2422866821,64084,64094,10
13.0548000336,80.2424163818,64094,64104,10
13.0542402267,80.2423782349,64104,64114,10
13.0537004471,80.2422409058,64114,64165,51
13.0537004471,80.2422409058,64165,64175,10
13.0534601212,80.2420806885,64175,64185,10
13.053150177,80.2419509888,64185,64195,10
13.0527696609,80.2418365479,64195,64205,10
13.0523395538,80.2414474487,64205,64215,10
13.052069664,80.2409896851,64215,64225,10
13.0518198013,80.2407608032,64225,64235,10
13.05148983,80.2406692505,64235,64245,10
13.0508804321,80.2405319214,64245,64266,21
13.0508804321,80.2405319214,64266,64276,10
13.0506000519,80.2405090332,64276,64286,10
13.0501203537,80.2404022217,64286,64296,10
13.0496196747,80.2402420044,64296,64306,10
13.049079895,80.2401275635,64306,64316,10
13.0484199524,80.239982605,64316,64326,10
13.047659874,80.2398300171,64326,64336,10
13.0469799042,80.2397003174,64336,64346,10
13.046380043,80.2395935059,64346,64356,10
13.0462598801,80.2393722534,64356,64367,11
13.0463495255,80.2389602661,64367,64383,16
13.0465402603,80.2381286621,64383,64395,12
13.0466604233,80.2373428345,64395,64405,10
13.0468196869,80.2366409302,64405,64415,10
13.0469198227,80.2361831665,64415,64425,10
13.0469799042,80.2358703613,64425,64435,10
13.0470199585,80.2356185913,64435,64445,10
13.0471000671,80.2351531982,64445,64455,10
13.0471801758,80.2345199585,64455,64464,9
13.0472202301,80.2337722778,64464,64476,12
13.0472803116,80.2333068848,64476,64486,10
13.0472297668,80.2331466675,64486,64496,10
13.0468797684,80.2330627441,64496,64506,10
13.0465402603,80.2329483032,64506,64516,10
13.046090126,80.2328186035,64516,64526,10
13.045539856,80.2326965332,64526,64536,10
13.0451202393,80.2326583862,64536,64556,20
13.0451202393,80.2326583862,64556,64567,11
13.0447998047,80.2326431274,64567,64577,10
13.044260025,80.2325210571,64577,64587,10
13.0435400009,80.2323989868,64587,64597,10
13.0428600311,80.232383728,64597,64607,10
13.0422096252,80.2323684692,64607,64617,10
13.0415000916,80.2322387695,64617,64627,10
13.0406799316,80.2319869995,64627,64637,10
13.039730072,80.2316818237,64637,64647,10
13.0387401581,80.2314300537,64647,64657,10
13.0377597809,80.2311401367,64657,64667,10
13.0369997025,80.2308807373,64667,64678,11
13.0365896225,80.2307662964,64678,64694,16
13.0357999802,80.2304611206,64694,64736,42
13.0357999802,80.2304611206,64736,64746,10
13.0355997086,80.2303237915,64746,64756,10
13.0353298187,80.2302627563,64756,64766,10
13.0349397659,80.2302932739,64766,64777,11
13.0345497131,80.2303390503,64777,64787,10
13.0343599319,80.2304000854,64787,64797,10
13.0342102051,80.2304534912,64797,64807,10
13.0340995789,80.23046875,64807,64817,10
13.0339202881,80.23046875,64817,64827,10
13.0337400436,80.2304534912,64827,64837,10
13.0334396362,80.2304916382,64837,64867,30
13.0334396362,80.2304916382,64867,64878,11
13.0333404541,80.2304992676,64878,64888,10
13.0329999924,80.2305221558,64888,64898,10
13.0324802399,80.2305603027,64898,64908,10
13.0317802429,80.2306518555,64908,64918,10
13.0308504105,80.2307510376,64918,64958,40
13.0308504105,80.2307510376,64958,64968,10
13.0305500031,80.2307815552,64968,64978,10
13.0302295685,80.230796814,64978,64988,10
13.0297603607,80.2308578491,64988,65039,51
13.0297603607,80.2308578491,65039,65049,10
13.0295200348,80.2309188843,65049,65059,10
13.0294504166,80.2309188843,65059,65069,10
13.0290899277,80.2309265137,65069,65079,10
13.0285797119,80.2309799194,65079,65090,11
13.027879715,80.2310180664,65090,65100,10
13.0276699066,80.2312011719,65100,65110,10
13.0277299881,80.2317123413,65110,65120,10
13.0278396606,80.2323379517,65120,65130,10
13.0278701782,80.2328414917,65130,65140,10
13.0274496078,80.2329330444,65140,65150,10
13.0270004272,80.2330169678,65150,65211,61
13.0270004272,80.2330169678,65211,65221,10
13.0267095566,80.2331314087,65221,65231,10
13.0264997482,80.2331466675,65231,65241,10
13.0264196396,80.2330474854,65241,65251,10
13.026309967,80.2328262329,65251,65261,10
13.0262403488,80.2325973511,65261,65271,10
13.0262002945,80.2323989868,65271,65281,10
13.0261096954,80.2320632935,65281,65291,10
13.0259799957,80.2315826416,65291,65302,11
13.0258598328,80.231086731,65302,65312,10
13.025560379,80.2304077148,65312,65322,10
13.0251398087,80.2298126221,65322,65332,10
13.0248804092,80.2294769287,65332,65352,20
13.0248804092,80.2294769287,65352,65362,10
13.0248403549,80.2294311523,65362,65372,10
13.0246295929,80.2291412354,65372,65382,10
13.0243501663,80.2287521362,65382,65392,10
13.0239200592,80.2282562256,65392,65423,31
13.0239200592,80.2282562256,65423,65433,10
13.0238704681,80.2281723022,65433,65443,10
13.0235795975,80.2278594971,65443,65453,10
13.0231800079,80.2274475098,65453,65463,10
13.0226697922,80.2269973755,65463,65473,10
13.0220499039,80.2264785767,65473,65483,10
13.0214004517,80.2259368896,65483,65493,10
13.0208101273,80.2254714966,65493,65504,11
13.0202198029,80.2250976563,65504,65514,10
13.019659996,80.2247085571,65514,65524,10
13.0189304352,80.2245483398,65524,65534,10
13.0181798935,80.224822998,65534,65544,10
13.0173997879,80.2251586914,65544,65560,16
13.0165700912,80.2254867554,65560,65572,12
13.0162801743,80.2255783081,65572,65582,10
13.0159502029,80.2257080078,65582,65592,10
13.0152597427,80.2259521484,65592,65602,10
13.0146102905,80.2262115479,65602,65613,11
13.0143098831,80.226348877,65613,65643,30
13.0143098831,80.226348877,65643,65653,10
13.0140399933,80.2264633179,65653,65662,9
13.0135297775,80.2266616821,65662,65673,11
13.0128498077,80.2269210815,65673,65683,10
13.0119600296,80.2272567749,65683,65693,10
13.0109996796,80.2276382446,65693,65703,10
13.0099697113,80.2280502319,65703,65714,11
13.0091199875,80.2287063599,65714,65724,10
13.0089197159,80.2297515869,65724,65734,10
13.0087299347,80.2307815552,65734,65744,10
13.0086202621,80.2314529419,65744,65754,10
13.008480072,80.232208252,65754,65764,10
13.0082902908,80.233581543,65764,65784,20
13.0082902908,80.233581543,65784,65794,10
13.0082798004,80.2336425781,65794,65804,10
13.0081596375,80.2339630127,65804,65815,11
13.0080604553,80.2344512939,65815,65825,10
13.0080499649,80.2345123291,65825,65835,10
13.0079898834,80.2348022461,65835,65865,30
13.0079898834,80.2348022461,65865,65875,10
13.0079402924,80.2351074219,65875,65885,10
13.0078697205,80.2354736328,65885,65895,10
13.0078201294,80.235748291,65895,65905,10
13.0076704025,80.2364807129,65905,65936,31
13.0076704025,80.2364807129,65936,65946,10
13.0075998306,80.2368621826,65946,65956,10
13.0074901581,80.2373580933,65956,65966,10
13.0073900223,80.2378616333,65966,65976,10
13.0072603226,80.2385177612,65976,65986,10
13.0071201324,80.2392425537,65986,66218,232
13.0071201324,80.2392425537,66218,66229,11
13.0070695877,80.2396316528,66229,66239,10
13.0069503784,80.240196228,66239,66249,10
13.006939888,80.2405776978,66249,66259,10
13.0068998337,80.2407608032,66259,66269,10
13.0068798065,80.2407913208,66269,66279,10
13.006819725,80.2411575317,66279,66289,10
13.0067796707,80.2418365479,66289,66299,10
13.0067596436,80.2426528931,66299,66309,10
13.0067300797,80.2433776855,66309,66360,51
13.0067300797,80.2433776855,66360,66370,10
13.0066795349,80.243850708,66370,66380,10
13.0066995621,80.2443466187,66380,66390,10
13.0067300797,80.244720459,66390,66400,10
13.0067300797,80.2452697754,66400,66410,10
13.0067396164,80.2457580566,66410,66420,10
13.0067501068,80.2464065552,66420,66431,11
13.0067596436,80.2471008301,66431,66441,10
13.0067501068,80.2478027344,66441,66451,10
13.0067796707,80.248626709,66451,66461,10
13.0068597794,80.2491989136,66461,66471,10
13.0068702698,80.2492828369,66471,66481,10
13.0068902969,80.2494812012,66481,66491,10
13.0068902969,80.2494812012,66491,66501,10
13.0068798065,80.2499389648,66501,66511,10
13.0068597794,80.2503585815,66511,66521,10
13.0068702698,80.2508926392,66521,66531,10
13.0068702698,80.2513580322,66531,66542,11
13.0067396164,80.251953125,66542,66552,10
13.0066099167,80.2526397705,66552,66563,11
13.0066003799,80.2533416748,66563,66573,10
13.0066003799,80.2538909912,66573,66583,10
13.0066404343,80.2546081543,66583,66603,20
13.0066404343,80.2546081543,66603,66613,10
13.006649971,80.2548522949,66613,66633,20
13.006649971,80.2548522949,66633,66644,11
13.0066404343,80.2551727295,66644,66654,10
13.0066404343,80.2557983398,66654,66664,10
13.0066604614,80.2565612793,66664,66755,91
13.0066604614,80.2565612793,66755,66765,10
13.0067300797,80.2568511963,66765,66775,10
13.0067596436,80.2573394775,66775,66785,10
13.0065202713,80.2576293945,66785,66795,10
13.0060997009,80.257522583,66795,66805,10
13.0057201385,80.2574234009,66805,66815,10
13.0054397583,80.2573776245,66815,66825,10
13.0049495697,80.2572402954,66825,66835,10
13.0042695999,80.2571105957,66835,66846,11
13.0036096573,80.2569885254,66846,66856,10
13.0030498505,80.2568893433,66856,66866,10
13.0025396347,80.2567977905,66866,66876,10
13.0021295547,80.256729126,66876,66886,10
13.001660347,80.2566680908,66886,66896,10
13.0010700226,80.2565994263,66896,66906,10
13.0001401901,80.2564620972,66906,66936,30
13.0001401901,80.2564620972,66936,66946,10
12.9996795654,80.256362915,66946,66977,31
12.9996795654,80.256362915,66977,66987,10
12.9994497299,80.2562789917,66987,66997,10
12.9989795685,80.256187439,66997,67007,10
12.9978103638,80.2560272217,67007,67055,48
12.9978103638,80.2560272217,67055,67065,10
12.9976997375,80.2561035156,67065,67075,10
12.9973297119,80.2560501099,67075,67086,11
12.9969501495,80.2561721802,67086,67096,10
12.9968900681,80.2566223145,67096,67106,10
12.9968595505,80.2572174072,67106,67147,41
12.9968595505,80.2572174072,67147,67158,11
12.9968795776,80.2573928833,67158,67168,10
12.9968299866,80.2578582764,67168,67178,10
12.9967603683,80.2583999634,67178,67248,70
12.9967603683,80.2583999634,67248,67258,10
12.9966402054,80.258972168,67258,67269,11
12.9965696335,80.2595214844,67269,67279,10
12.996509552,80.2601623535,67279,67289,10
12.9964504242,80.2608566284,67289,67306,17
12.9963703156,80.2616195679,67306,67318,12
12.9963197708,80.2621307373,67318,67326,8
12.9962596893,80.2624816895,67326,67358,32
12.9962596893,80.2624816895,67358,67369,11
12.996219635,80.2627563477,67369,67379,10
12.9961900711,80.2630386353,67379,67388,9
12.9961595535,80.2634506226,67388,67399,11
12.9960899353,80.2641601563,67399,67408,9
12.9960002899,80.2649002075,67408,67419,11
12.9959697723,80.2652664185,67419,67429,10
12.995929718,80.2654724121,67429,67439,10
12.995880127,80.2660217285,67439,67449,10
12.9957895279,80.2667694092,67449,67459,10
12.9957199097,80.2674865723,67459,67470,11
12.996219635,80.2677612305,67470,67500,30
12.996219635,80.2677612305,67500,67510,10
12.9963102341,80.267829895,67510,67520,10
12.9967098236,80.267868042,67520,67530,10
12.9973602295,80.2677001953,67530,67540,10
12.9979696274,80.2675170898,67540,67550,10
12.998550415,80.2673416138,67550,67560,10
12.9991903305,80.2671585083,67560,67570,10
13.0000495911,80.2667388916,67570,67591,21
13.0000495911,80.2667388916,67591,67601,10
13.0001401901,80.2665023804,67601,67611,10
13.0001802444,80.2660217285,67611,67621,10
13.0002002716,80.2657623291,67621,67631,10
13.0003404617,80.2659225464,67631,67641,10
13.0003404617,80.2662734985,67641,67873,232
13.0003404617,80.2662734985,67873,67884,11
13.000289917,80.2665176392,67884,67894,10
13.0003099442,80.2667388916,67894,67904,10
13.0001602173,80.2669296265,67904,67914,10
12.9997596741,80.2670593262,67914,67924,10
12.9991798401,80.2671890259,67924,67934,10
12.9986495972,80.2673416138,67934,67944,10
12.9983501434,80.2674179077,67944,67953,9
12.9980802536,80.2675018311,67953,67964,11
12.9977302551,80.2676086426,67964,67974,10
12.9972696304,80.2677307129,67974,67985,11
12.9966697693,80.2678527832,67985,67995,10
12.996219635,80.2678222656,67995,68005,10
12.9959201813,80.2677993774,68005,68015,10
12.9956598282,80.2677078247,68015,68045,30
12.9956502914,80.2674789429,68045,68065,20
12.9956502914,80.2674789429,68065,68075,10
12.9956998825,80.2671279907,68075,68085,10
12.9957199097,80.2665863037,68085,68126,41
12.9957199097,80.2665863037,68126,68136,10
12.9957704544,80.266456604,68136,68146,10
12.9958200455,80.2660293579,68146,68156,10
12.995880127,80.2653427124,68156,68166,10
12.995929718,80.2647781372,68166,68176,10
12.9959802628,80.2641983032,68176,68186,10
12.9960699081,80.2634124756,68186,68197,11
12.9961299896,80.2629013062,68197,68207,10
12.9961700439,80.2625579834,68207,68227,20
12.9961700439,80.2625579834,68227,68237,10
12.9962100983,80.262260437,68237,68247,10
12.9962396622,80.26197052,68247,68257,10
12.9962902069,80.2615432739,68257,68267,10
12.996339798,80.2609710693,68267,68277,10
12.9963903427,80.260559082,68277,68399,122
12.9963903427,80.260559082,68399,68409,10
12.9964799881,80.2603530884,68409,68419,10
12.996509552,80.2598876953,68419,68429,10
12.996509552,80.2596969604,68429,68439,10
12.9965295792,80.2592010498,68439,68449,10
12.9966001511,80.2585830688,68449,68459,10
12.9966602325,80.2578964233,68459,68469,10
12.9967403412,80.2572937012,68469,68479,10
12.9968204498,80.2565231323,68479,68520,41
12.9968204498,80.2565231323,68520,68530,10
12.9968204498,80.2562866211,68530,68540,10
12.9969301224,80.2558898926,68540,68550,10
12.9973297119,80.255897522,68550,68560,10
12.9978199005,80.2559509277,68560,68570,10
12.9984502792,80.2559967041,68570,68600,30
12.9984502792,80.2559967041,68600,68611,11
12.9987897873,80.2560577393,68611,68621,10
12.9989500046,80.2560882568,68621,68631,10
12.9993000031,80.2561416626,68631,68641,10
12.9996900558,80.2562408447,68641,68651,10
13.0000495911,80.2563095093,68651,68661,10
13.0003900528,80.2563705444,68661,68671,10
13.0006599426,80.2564697266,68671,68681,10
13.0009899139,80.2565383911,68681,68691,10
13.001250267,80.2565765381,68691,68701,10
13.0014095306,80.2566223145,68701,68712,11
13.0017995834,80.2566833496,68712,68722,10
13.002240181,80.2567367554,68722,68732,10
13.0025596619,80.2567977905,68732,68742,10
13.0027799606,80.2568511963,68742,68752,10
13.0030202866,80.2568817139,68752,68762,10
13.0032997131,80.2569274902,68762,68772,10
13.0035104752,80.2569732666,68772,68782,10
13.0038003922,80.257019043,68782,68792,10
13.0039796829,80.2570724487,68792,68802,10
13.0042295456,80.2571182251,68802,68813,11
13.0046796799,80.2571868896,68813,68823,10
13.00522995,80.257270813,68823,68883,60
13.00522995,80.257270813,68883,68893,10
13.0053596497,80.2573394775,68893,68903,10
13.005689621,80.2574234009,68903,68913,10
13.0061397552,80.2574920654,68913,68924,11
13.0065402985,80.2574081421,68924,68934,10
13.006480217,80.2568588257,68934,68944,10
13.0064697266,80.256439209,68944,68954,10
13.0064601898,80.2560882568,68954,68964,10
13.0064897537,80.255821228,68964,68974,10
13.006480217,80.255569458,68974,68984,10
13.0065002441,80.2551879883,68984,68994,10
13.0065002441,80.2546463013,68994,69004,10
13.0064897537,80.2538986206,69004,69014,10
13.006480217,80.253326416,69014,69025,11
13.0064897537,80.2532806396,69025,69035,10
13.006480217,80.2530822754,69035,69045,10
13.0065002441,80.2529602051,69045,69055,10
13.0064897537,80.252532959,69055,69075,20
13.0064897537,80.252532959,69075,69085,10
13.0065498352,80.252281189,69085,69095,10
13.0066604614,80.2517623901,69095,69105,10
13.0067300797,80.2510299683,69105,69115,10
13.0066995621,80.2501602173,69115,69126,11
13.0066795349,80.2492370605,69126,69136,10
13.0066604614,80.248916626,69136,69224,88
13.0066604614,80.248916626,69224,69235,11
13.0065803528,80.2487716675,69235,69245,10
13.0065603256,80.248588562,69245,69255,10
13.0065498352,80.2484207153,69255,69265,10
13.0065498352,80.2482681274,69265,69275,10
13.0065402985,80.2480010986,69275,69285,10
13.0065498352,80.2476119995,69285,69295,10
13.0065202713,80.2467193604,69295,69315,20
13.0065202713,80.2467193604,69315,69325,10
13.0065603256,80.2464599609,69325,69336,11
13.0065803528,80.2459182739,69336,69346,10
13.0065803528,80.2455825806,69346,69356,10
13.0065698624,80.2452163696,69356,69366,10
13.0065402985,80.2448730469,69366,69376,10
13.0065803528,80.2444992065,69376,69386,10
13.0065803528,80.2441177368,69386,69396,10
13.0065803528,80.2437133789,69396,69406,10
13.0065498352,80.2434692383,69406,69416,10
13.006529808,80.2431335449,69416,69426,10
13.0065202713,80.2425613403,69426,69437,11
13.0065097809,80.2417221069,69437,69447,10
13.0065402985,80.2411193848,69447,69457,10
13.0065698624,80.2408676147,69457,69467,10
13.0066099167,80.2406005859,69467,69477,10
13.0067501068,80.2400817871,69477,69487,10
13.0069198608,80.2393417358,69487,69497,10
13.0070695877,80.2385177612,69497,69507,10
13.0072202682,80.23777771,69507,69517,10
13.0073699951,80.236869812,69517,69537,20
13.0073699951,80.236869812,69537,69548,11
13.007399559,80.2367706299,69548,69558,10
13.0074996948,80.2364120483,69558,69568,10
13.0076198578,80.2359237671,69568,69578,10
13.0077800751,80.2352600098,69578,69594,16
13.0080404282,80.2339706421,69594,69606,12
13.0082798004,80.232711792,69606,69615,9
13.0084600449,80.2317199707,69615,69627,12
13.008649826,80.2306594849,69627,69636,9
13.0088300705,80.2296905518,69636,69647,11
13.0089902878,80.2288284302,69647,69656,9
13.0091600418,80.2281570435,69656,69668,12
13.0094003677,80.2275466919,69668,69678,10
13.0095996857,80.2271118164,69678,69707,29
13.0096797943,80.2269973755,69707,69738,31
13.0096797943,80.2269973755,69738,69749,11
13.0097703934,80.2267913818,69749,69759,10
13.0098800659,80.2265014648,69759,69769,10
13.0100002289,80.2262268066,69769,69779,10
13.0101099014,80.225982666,69779,69789,10
13.0102996826,80.2255783081,69789,69799,10
13.0105304718,80.2251205444,69799,69839,40
13.0105304718,80.2251205444,69839,69850,11
13.0107002258,80.2249526978,69850,69860,10
13.010840416,80.224571228,69860,69870,10
13.0110797882,80.224067688,69870,69879,9
13.0112800598,80.2235107422,69879,69890,11
13.0115699768,80.2227630615,69890,69900,10
13.0118598938,80.2218475342,69900,69910,10
13.0122003555,80.2214431763,69910,69919,9
13.0123500824,80.221572876,69919,69929,10
13.0126600266,80.2219772339,69929,69940,11
13.0131797791,80.2225799561,69940,69951,11
13.0137996674,80.2232971191,69951,69961,10
13.0143203735,80.2239685059,69961,69971,10
13.0147695541,80.2243804932,69971,69981,10
13.0151395798,80.2247467041,69981,70011,30
13.0151395798,80.2247467041,70011,70021,10
13.0153102875,80.2249221802,70021,70031,10
13.0154104233,80.2249832153,70031,70041,10
13.0154600143,80.2249908447,70041,70051,10
13.0156898499,80.2252426147,70051,70062,11
13.0162000656,80.2254104614,70062,70072,10
13.016699791,80.2253112793,70072,70082,10
13.0173597336,80.2250518799,70082,70092,10
13.017999649,80.2247695923,70092,70102,10
13.0186796188,80.2244796753,70102,70112,10
13.0191297531,80.2244033813,70112,70122,10
13.0195198059,80.2244873047,70122,70131,9
13.0197200775,80.224609375,70131,70141,10
13.0201101303,80.224899292,70141,70152,11
13.0206604004,80.2252807617,70152,70163,11
13.0211400986,80.2256469727,70163,70173,10
13.0215702057,80.2259674072,70173,70183,10
13.0219402313,80.2262420654,70183,70213,30
13.0219402313,80.2262420654,70213,70223,10
13.0221300125,80.2264022827,70223,70233,10
13.0222597122,80.2265090942,70233,70243,10
13.0224399567,80.2266464233,70243,70253,10
13.022600174,80.2267913818,70253,70263,10
13.0227203369,80.2269134521,70263,70274,11
13.0228900909,80.2270965576,70274,70290,16
13.0231895447,80.2274169922,70290,70332,42
13.0231895447,80.2274169922,70332,70342,10
13.0235500336,80.2277069092,70342,70352,10
13.023639679,80.2277908325,70352,70362,10
13.0238800049,80.2280197144,70362,70393,31
13.0238800049,80.2280197144,70393,70402,9
13.0239896774,80.2281036377,70402,70433,31
13.0239896774,80.2281036377,70433,70443,10
13.0242395401,80.2284393311,70443,70453,10
13.0244197845,80.2286987305,70453,70463,10
13.0245704651,80.2289199829,70463,70474,11
13.0247602463,80.2291793823,70474,70484,10
13.0250196457,80.2294998169,70484,70493,9
13.0252399445,80.2298126221,70493,70504,11
13.0256795883,80.2304382324,70504,70514,10
13.0259304047,80.2310180664,70514,70524,10
13.02602005,80.2313537598,70524,70534,10
13.0264196396,80.2313079834,70534,70544,10
13.0267400742,80.2312011719,70544,70585,41
13.0267400742,80.2312011719,70585,70595,10
13.0270996094,80.2311325073,70595,70605,10
13.0271701813,80.2311172485,70605,70615,10
13.0273103714,80.2310714722,70615,70625,10
13.0274295807,80.2310409546,70625,70635,10
13.0275602341,80.2310333252,70635,70645,10
13.0279302597,80.231010437,70645,70665,20
13.0279302597,80.231010437,70665,70676,11
13.0282001495,80.2309875488,70676,70686,10
13.0282297134,80.2309875488,70686,70696,10
13.0283603668,80.2309799194,70696,70776,80
13.0283603668,80.2309799194,70776,70787,11
13.0284996033,80.2309265137,70787,70797,10
13.0287303925,80.2309112549,70797,70807,10
13.0290603638,80.2308883667,70807,70817,10
13.0294399261,80.2308578491,70817,70827,10
13.0298995972,80.2308197021,70827,70837,10
13.0303697586,80.2307815552,70837,70847,10
13.0307502747,80.230758667,70847,70857,10
13.0312099457,80.2307128906,70857,70867,10
13.031829834,80.2306671143,70867,70877,10
13.0323095322,80.2306289673,70877,70888,11
13.0331602097,80.2305603027,70888,70898,10
13.0337600708,80.2305221558,70898,70928,30
13.0337600708,80.2305221558,70928,70938,10
13.033949852,80.2304916382,70938,70948,10
13.0340299606,80.2304763794,70948,70958,10
13.0341901779,80.2304382324,70958,70989,31
13.0341901779,80.2304382324,70989,70999,10
13.0344400406,80.2304000854,70999,71009,10
13.0345802307,80.2303695679,71009,71019,10
13.0348997116,80.2304611206,71019,71029,10
13.034910202,80.2308425903,71029,71039,10
13.0348901749,80.2309570313,71039,71049,10
13.0348396301,80.2313690186,71049,71059,10
13.034740448,80.2320404053,71059,71069,10
13.0346403122,80.2328033447,71069,71079,10
13.0346002579,80.2331924438,71079,71090,11
13.0345602036,80.2334823608,71090,71100,10
13.0345001221,80.2340164185,71100,71110,10
13.0344295502,80.2346191406,71110,71120,10
13.0343103409,80.235458374,71120,71130,10
13.0342102051,80.2363586426,71130,71140,10
13.0341796875,80.2368774414,71140,71150,10
13.0341596603,80.2369232178,71150,71160,10
13.0341396332,80.2371902466,71160,71170,10
13.0342197418,80.2373886108,71170,71180,10
13.0344495773,80.237701416,71180,71190,10
13.0346002579,80.2379379272,71190,71201,11
13.034910202,80.2384490967,71201,71211,10
13.0352401733,80.2389831543,71211,71220,9
13.0354099274,80.2392883301,71220,71231,11
13.0358400345,80.2394180298,71231,71241,10
13.0366001129,80.2395172119,71241,71251,10
13.0369901657,80.2395324707,71251,71261,10
13.0372896194,80.2395629883,71261,71271,10
13.037779808,80.2396469116,71271,71281,10
13.0380802155,80.2396774292,71281,71291,10
13.0385103226,80.2397613525,71291,71302,11
13.0392799377,80.2398376465,71302,71312,10
13.0397596359,80.2398986816,71312,71322,10
13.0402297974,80.2399673462,71322,71331,9
13.0403604507,80.2401580811,71331,71342,11
13.0405597687,80.240562439,71342,71352,10
13.0408401489,80.2406082153,71352,71362,10
13.0409097672,80.2406234741,71362,71372,10
13.0412902832,80.2406692505,71372,71382,10
13.0419397354,80.240737915,71382,71392,10
13.0426101685,80.2408294678,71392,71403,11
13.0433397293,80.2409210205,71403,71413,10
13.0435695648,80.2409515381,71413,71423,10
13.0437202454,80.2409591675,71423,71433,10
13.0438499451,80.2409820557,71433,71443,10
13.0440101624,80.2409286499,71443,71453,10
13.0443897247,80.2406616211,71453,71534,81
13.0443897247,80.2406616211,71534,71544,10
13.0445203781,80.2405319214,71544,71554,10
13.0447597504,80.2403488159,71554,71564,10
13.0451698303,80.2400970459,71564,71574,10
13.0457201004,80.2397384644,71574,71584,10
13.0462799072,80.2395629883,71584,71594,10
13.0463895798,80.2396011353,71594,71604,10
13.0465602875,80.2396469116,71604,71615,11
13.047129631,80.2397689819,71615,71625,10
13.0478401184,80.2399291992,71625,71635,10
13.0486097336,80.2400817871,71635,71645,10
13.0493202209,80.2402420044,71645,71655,10
13.049779892,80.2403488159,71655,71665,10
13.050239563,80.2404327393,71665,71675,10
13.0512399673,80.2406387329,71675,71695,20
13.0512399673,80.2406387329,71695,71705,10
13.0514297485,80.2406768799,71705,71716,11
13.0519800186,80.2407989502,71716,71726,10
13.0523195267,80.2408676147,71726,71736,10
13.0524997711,80.2412109375,71736,71746,10
13.0526599884,80.2416992188,71746,71756,10
13.0532999039,80.2420120239,71756,71766,10
13.0538597107,80.2422637939,71766,71786,20
13.0538597107,80.2422637939,71786,71796,10
13.0540800095,80.2423171997,71796,71806,10
13.0546102524,80.242401123,71806,71816,10
13.0553703308,80.2422790527,71816,71827,11
13.0563898087,80.2426300049,71827,71867,40
13.0563898087,80.2426300049,71867,71877,10
13.0565299988,80.2426605225,71877,71887,10
13.056889534,80.2426681519,71887,71897,10
13.0573501587,80.2428436279,71897,71907,10
13.0579099655,80.242767334,71907,71917,10
13.0584697723,80.2426376343,71917,71928,11
13.0587997437,80.2425613403,71928,71938,10
13.0590400696,80.2425231934,71938,71948,10
13.0595197678,80.2425689697,71948,71958,10
13.0600795746,80.242767334,71958,71968,10
13.0605201721,80.2429199219,71968,71978,10
13.0609102249,80.2430496216,71978,71988,10
13.0611400604,80.2431106567,71988,71998,10
13.06153965,80.2432022095,71998,72008,10
13.0619297028,80.243270874,72008,72018,10
13.0622797012,80.2433395386,72018,72029,11
13.0622997284,80.243347168,72029,72039,10
13.0624198914,80.2433929443,72039,72049,10
13.0628595352,80.2434692383,72049,72059,10
13.0635299683,80.2435379028,72059,72069,10
13.0642004013,80.2435684204,72069,72079,10
13.0648298264,80.2435836792,72079,72089,10
13.0652799606,80.2435913086,72089,72109,20
13.0652799606,80.2435913086,72109,72119,10
13.065580368,80.243598938,72119,72130,11
13.0659999847,80.2435531616,72130,72140,10
13.0661497116,80.2434921265,72140,72150,10
13.0664396286,80.2433776855,72150,72160,10
13.0668497086,80.2432022095,72160,72170,10
13.0673999786,80.2429428101,72170,72180,10
13.0679197311,80.2427597046,72180,72190,10
13.0684604645,80.2425918579,72190,72200,10
13.0687198639,80.2424697876,72200,72210,10
13.0692396164,80.2422714233,72210,72220,10
13.0698204041,80.2421035767,72220,72251,31
13.0698204041,80.2421035767,72251,72261,10
13.070110321,80.2420501709,72261,72271,10
13.0705795288,80.2418823242,72271,72281,10
13.0713100433,80.2416381836,72281,72291,10
13.0721197128,80.2412185669,72291,72301,10
13.0728797913,80.2408218384,72301,72311,10
13.0735998154,80.2406082153,72311,72321,10
13.0744104385,80.2405014038,72321,72331,10
13.0753097534,80.2404937744,72331,72348,17
13.0765600204,80.240562439,72348,72360,12
13.0769796371,80.2405929565,72360,72370,10
13.0770702362,80.2403411865,72370,72380,10
13.0770301819,80.2401275635,72380,72390,10
13.0768699646,80.2396316528,72390,72400,10
13.0767202377,80.2390518188,72400,72408,8
13.0765304565,80.2383270264,72408,72420,12
13.0763902664,80.2378234863,72420,72430,10
13.0763902664,80.2376785278,72430,72451,21
13.0763902664,80.2376785278,72451,72461,10
13.0763502121,80.2373809814,72461,72481,20
13.0763502121,80.2373809814,72481,72491,10
13.0763196945,80.237121582,72491,72501,10
13.0762195587,80.2366333008,72501,72511,10
13.0761299133,80.2359313965,72511,72521,10
13.0759496689,80.2351379395,72521,72531,10
13.0757398605,80.2344436646,72531,72542,11
13.0757102966,80.2339401245,72542,72552,10
13.0761995316,80.2338027954,72552,72562,10
13.0766897202,80.2337188721,72562,72582,20
13.0766897202,80.2337188721,72582,72592,10
13.0770998001,80.2336807251,72592,72602,10
13.0776700974,80.233581543,72602,72612,10
13.0778598785,80.2335510254,72612,72622,10
13.0783996582,80.2335281372,72622,72632,10
13.0789699554,80.2335281372,72632,72642,10
13.0796003342,80.233543396,72642,72653,11
13.0802698135,80.2335205078,72653,72673,20
13.0802698135,80.2335205078,72673,72683,10
13.080329895,80.2335205078,72683,72693,10
13.0807199478,80.2335205078,72693,72703,10
13.0813999176,80.2335586548,72703,72713,10
13.0818595886,80.233581543,72713,72723,10
13.0819196701,80.2332305908,72723,72733,10
13.081990242,80.2326889038,72733,72749,16
13.082280159,80.2317276001,72749,72762,13
13.0824899673,80.2312316895,72762,72772,10
13.082690239,80.230796814,72772,72782,10
13.0830001831,80.230682373,72782,72792,10
13.0830898285,80.2311401367,72792,72801,9
13.0831403732,80.2316818237,72801,72812,11
13.0831804276,80.2325897217,72812,72822,10
13.0833501816,80.2332305908,72822,72832,10
13.0834197998,80.233543396,72832,72842,10
13.0834798813,80.2338027954,72842,72853,11
13.0840501785,80.2340164185,72853,72873,20
13.0840501785,80.2340164185,72873,72882,9
13.0843200684,80.2340927124,72882,72893,11
13.0848798752,80.2342071533,72893,72903,10
13.0854997635,80.2343521118,72903,72913,10
13.0860700607,80.2344894409,72913,72923,10
13.0864896774,80.2345428467,72923,72933,10
13.0866098404,80.2345581055,72933,72943,10
13.086810112,80.2345809937,72943,72953,10
13.086979866,80.2345962524,72953,72964,11
13.0874700546,80.2345733643,72964,72974,10
13.0878696442,80.2341918945,72974,72984,10
13.0879497528,80.2334289551,72984,72994,10
13.0881299973,80.2325286865,72994,73004,10
13.0883302689,80.2317276001,73004,73014,10
13.0885000229,80.2312164307,73014,73024,10
13.088760376,80.2306365967,73024,73034,10
13.088809967,80.2305297852,73034,73043,9
13.0888204575,80.230506897,73043,73053,10
13.0889997482,80.230140686,73053,73065,12
13.0894098282,80.2294082642,73065,73075,10
13.0900001526,80.2287368774,73075,73085,10
13.0907297134,80.2279586792,73085,73095,10
13.0912799835,80.2273406982,73095,73115,20
13.0912799835,80.2273406982,73115,73125,10
13.0913200378,80.2273025513,73125,73135,10
13.0916099548,80.2269973755,73135,73145,10
13.0921001434,80.2265014648,73145,73155,10
13.0926904678,80.2258987427,73155,73166,11
13.0931901932,80.2253723145,73166,73176,10
13.0932798386,80.2252883911,73176,73186,10
13.0935697556,80.2249679565,73186,73196,10
13.094039917,80.2244262695,73196,73206,10
13.0945796967,80.2236785889,73206,73216,10
13.0950498581,80.2227706909,73216,73226,10
13.0951404572,80.2225418091,73226,73236,10
13.0952396393,80.2222824097,73236,73246,10
13.0954799652,80.2217025757,73246,73256,10
13.0957202911,80.2210235596,73256,73267,11
13.0960102081,80.2201766968,73267,73277,10
13.0961303711,80.2198028564,73277,73293,16
13.0963096619,80.2192764282,73293,73305,12
13.0964803696,80.2188568115,73305,73315,10
13.0965995789,80.2184524536,73315,73325,10
13.0968999863,80.2175979614,73325,73335,10
13.0970802307,80.2170333862,73335,73345,10
13.0970802307,80.2170181274,73345,73355,10
13.0972204208,80.2167205811,73355,73365,10
13.0973901749,80.216293335,73365,73376,11
13.0976295471,80.2156982422,73376,73396,20
13.0976295471,80.2156982422,73396,73406,10
13.0976800919,80.2155685425,73406,73446,40
13.0976800919,80.2155685425,73446,73456,10
13.0978097916,80.2152633667,73456,73466,10
13.0980901718,80.214630127,73466,73547,81
13.0980901718,80.214630127,73547,73557,10
13.0981998444,80.2143478394,73557,73567,10
13.0983600616,80.2140426636,73567,73578,11
13.098690033,80.2140426636,73578,73588,10
13.0991897583,80.2142562866,73588,73598,10
13.0997600555,80.2144088745,73598,73608,10
13.1001501083,80.2145385742,73608,73638,30
13.1001501083,80.2145385742,73638,73648,10
13.1003398895,80.2146072388,73648,73749,101
13.1003398895,80.2146072388,73749,73759,10
13.1005296707,80.2147064209,73759,73769,10
13.1004199982,80.2150497437,73769,73779,10
13.1001701355,80.215637207,73779,73790,11
13.0999498367,80.2161026001,73790,73800,10
13.099820137,80.2159423828,73800,73810,10
13.0999498367,80.2156906128,73810,73820,10
13.1001195908,80.2152786255,73820,73830,10
13.1001796722,80.2148208618,73830,74688,858
13.1001596451,80.2146606445,74688,75234,546
13.1001596451,80.2146377563,75234,75708,474
13.1001596451,80.2146377563,75708,75718,10
13.1000795364,80.2144775391,75718,75728,10
13.0998401642,80.2144393921,75728,75738,10
13.0995597839,80.2143783569,75738,75749,11
13.0989999771,80.2142333984,75749,75759,10
13.0985803604,80.2140884399,75759,75769,10
13.0984201431,80.2141418457,75769,75779,10
13.0982103348,80.2146224976,75779,75789,10
13.0978803635,80.2153396606,75789,75799,10
13.0974998474,80.2162399292,75799,75809,10
13.0972795486,80.216796875,75809,75819,10
13.0972499847,80.2168884277,75819,75829,10
13.0971603394,80.2170715332,75829,75839,10
13.0969696045,80.2175979614,75839,75849,10
13.0966997147,80.2183914185,75849,75860,11
13.0964899063,80.2191009521,75860,75870,10
13.0964603424,80.2191772461,75870,75880,10
13.096280098,80.219619751,75880,75890,10
13.0960302353,80.2203292847,75890,75900,10
13.0957803726,80.2210998535,75900,75910,10
13.0955495834,80.2217788696,75910,75920,10
13.0952196121,80.2226409912,75920,75929,9
13.0947799683,80.2235107422,75929,75940,11
13.0941095352,80.2244415283,75940,75950,10
13.0936603546,80.2249679565,75950,75961,11
13.0931301117,80.2255325317,75961,75971,10
13.0924701691,80.2262115479,75971,75981,10
13.0917396545,80.2269592285,75981,75991,10
13.0912504196,80.2275009155,75991,76001,10
13.091170311,80.2276000977,76001,76011,10
13.0910596848,80.227722168,76011,76021,10
13.0906896591,80.2281188965,76021,76031,10
13.0901498795,80.2287063599,76031,76041,10
13.0894899368,80.2294769287,76041,76051,10
13.089099884,80.2301635742,76051,76062,11
13.08893013,80.2305297852,76062,76072,10
13.0887498856,80.2309417725,76072,76082,10
13.0887403488,80.2309417725,76082,76092,10
13.0886602402,80.2311401367,76092,76102,10
13.0884599686,80.2316665649,76102,76112,10
13.0882196426,80.2324829102,76112,76122,10
13.0880298615,80.2334289551,76122,76132,10
13.0879201889,80.2342376709,76132,76142,10
13.0875501633,80.2345733643,76142,76152,10
13.0869398117,80.234588623,76152,76163,11
13.086350441,80.2345428467,76163,76173,10
13.0857601166,80.2344512939,76173,76183,10
13.0850400925,80.2342376709,76183,76193,10
13.0844202042,80.23412323,76193,76203,10
13.0839395523,80.2340011597,76203,76213,10
13.083609581,80.2339324951,76213,76223,10
13.0833997726,80.2339324951,76223,76233,10
13.0829896927,80.2338562012,76233,76243,10
13.082449913,80.2337265015,76243,76253,10
13.0823402405,80.2337036133,76253,76263,10
13.082280159,80.2336730957,76263,76274,11
13.0817699432,80.2336196899,76274,76284,10
13.0810804367,80.233581543,76284,76294,10
13.0805196762,80.2335662842,76294,76304,10
13.0798997879,80.233581543,76304,76314,10
13.0796098709,80.2335891724,76314,76324,10
13.0794496536,80.233581543,76324,76334,10
13.0790195465,80.2335968018,76334,76344,10
13.0785303116,80.2336425781,76344,76354,10
13.0778398514,80.2336807251,76354,76364,10
13.0771799088,80.2337265015,76364,76375,11
13.076259613,80.2339096069,76375,76385,10
13.0760202408,80.2339477539,76385,76395,10
13.0757799149,80.234046936,76395,76405,10
13.0758695602,80.2345199585,76405,76415,10
13.0760202408,80.2352600098,76415,76425,10
13.0761899948,80.2361068726,76425,76435,10
13.0763502121,80.2369918823,76435,76445,10
13.0764398575,80.2373123169,76445,76455,10
13.0764703751,80.2374572754,76455,76465,10
13.0765695572,80.2378997803,76465,76476,11
13.0766000748,80.2380828857,76476,76486,10
13.0767002106,80.2386016846,76486,76496,10
13.076880455,80.2393493652,76496,76506,10
13.0770797729,80.2401809692,76506,76516,10
13.0772399902,80.2408370972,76516,76526,10
13.0773200989,80.2414627075,76526,76536,10
13.0774698257,80.2420578003,76536,76546,10
13.077630043,80.2428970337,76546,76556,10
13.077750206,80.2438735962,76556,76566,10
13.0777702332,80.244720459,76566,76577,11
13.0778598785,80.2458572388,76577,76587,10
13.078040123,80.2470016479,76587,76597,10
13.0782699585,80.2481384277,76597,76607,10
13.0784902573,80.2490692139,76607,76617,10
13.0786504745,80.2499389648,76617,76627,10
13.0784196854,80.2507019043,76627,76637,10
13.0785198212,80.2514419556,76637,76647,10
13.0785303116,80.2516174316,76647,76657,10
13.0782403946,80.2517623901,76657,76667,10
13.0776500702,80.2518692017,76667,76677,10
13.0767202377,80.2520370483,76677,76688,11
13.0755996704,80.2521820068,76688,76698,10
13.0748701096,80.252243042,76698,76714,16
13.0740203857,80.2522964478,76714,76726,12
13.073559761,80.2525024414,76726,76736,10
13.0730104446,80.2524490356,76736,76746,10
13.0723695755,80.2523574829,76746,76755,9
13.0720996857,80.2519989014,76755,76766,11
13.0719203949,80.2509384155,76766,76776,10
13.0717601776,80.2505111694,76776,76786,10
13.0715503693,80.2497634888,76786,76796,10
13.0713796616,80.2488708496,76796,76807,11
13.0711402893,80.2479095459,76807,76817,10
13.0707902908,80.2471008301,76817,76827,10
13.0704202652,80.2463226318,76827,76837,10
13.0701198578,80.2456893921,76837,76847,10
13.0697202682,80.2447433472,76847,76857,10
13.069439888,80.2438583374,76857,76867,10
13.0692996979,80.2434997559,76867,76877,10
13.0692501068,80.2433700562,76877,76887,10
13.0692195892,80.2432022095,76887,76898,11
13.0691795349,80.2429504395,76898,76908,10
13.0691699982,80.2428436279,76908,76918,10
13.0690498352,80.2425537109,76918,76928,10
13.068479538,80.2426071167,76928,76938,10
13.067700386,80.2428436279,76938,76948,10
13.0669698715,80.2431716919,76948,76958,10
13.0662403107,80.2434997559,76958,76968,10
13.0660495758,80.2439117432,76968,76978,10
13.0661201477,80.2444915771,76978,76988,10
13.0662298203,80.2452392578,76988,76998,10
13.0663900375,80.2458267212,76998,77009,11
13.0670404434,80.2462310791,77009,77019,10
13.0677404404,80.2465362549,77019,77029,10
13.0678501129,80.2467422485,77029,77039,10
13.0678796768,80.2473602295,77039,77049,10
13.0676698685,80.2479400635,77049,77059,10
13.0669202805,80.2479171753,77059,77069,10
13.0659799576,80.2478637695,77069,77079,10
13.0648803711,80.2477874756,77079,77089,10
13.0637903214,80.2477111816,77089,77100,11
13.0628795624,80.2476806641,77100,77110,10
13.0618000031,80.2476425171,77110,77120,10
13.0612602234,80.2472305298,77120,77130,10
13.0614995956,80.2467422485,77130,77140,10
13.0618000031,80.2460632324,77140,77150,10
13.0620803833,80.2451934814,77150,77160,10
13.0628099442,80.2446365356,77160,77170,10
13.0630903244,80.2442932129,77170,77180,10
13.0632600784,80.2439498901,77180,77190,10
13.0632200241,80.2435073853,77190,77201,11
13.0627603531,80.2434463501,77201,77211,10
13.0626401901,80.2434234619,77211,77221,10
13.0625400543,80.2434005737,77221,77231,10
13.0621595383,80.243347168,77231,77241,10
13.0616502762,80.2432479858,77241,77251,10
13.0613203049,80.2432022095,77251,77261,10
13.0610599518,80.2431488037,77261,77271,10
13.0606803894,80.243019104,77271,77281,10
13.0600299835,80.2427978516,77281,77291,10
13.0593595505,80.2425765991,77291,77301,10
13.0591201782,80.2425918579,77301,77312,11
13.0587797165,80.2426376343,77312,77322,10
13.0586900711,80.2426376343,77322,77332,10
13.0583200455,80.2427368164,77332,77342,10
13.0578098297,80.2428817749,77342,77352,10
13.0571699142,80.2429275513,77352,77362,10
13.0568199158,80.2428436279,77362,77372,10
13.0562400818,80.2426223755,77372,77382,10
13.0555400848,80.2423629761,77382,77392,10
13.0549697876,80.2424316406,77392,77402,10
13.0546398163,80.2424697876,77402,77413,11
13.0536699295,80.2423095703,77413,77433,20
13.0536699295,80.2423095703,77433,77443,10
13.0534696579,80.2421798706,77443,77453,10
13.0527601242,80.2419204712,77453,77473,20
13.0527601242,80.2419204712,77473,77483,10
13.0527095795,80.2419204712,77483,77493,10
13.0523996353,80.2417221069,77493,77503,10
13.0520801544,80.2412109375,77503,77514,11
13.0518703461,80.2408599854,77514,77524,10
13.0516004562,80.2407608032,77524,77534,10
13.0510997772,80.2406616211,77534,77544,10
13.0506401062,80.240562439,77544,77554,10
13.0500097275,80.2404403687,77554,77564,10
13.0494203568,80.2403411865,77564,77574,10
13.0488500595,80.240196228,77574,77615,41
13.0488500595,80.240196228,77615,77625,10
13.0487003326,80.2401580811,77625,77635,10
13.0483598709,80.2400970459,77635,77645,10
13.0478200912,80.2399978638,77645,77655,10
13.0471897125,80.2398834229,77655,77665,10
13.0465202332,80.2397384644,77665,77675,10
13.0461301804,80.2395324707,77675,77685,10
13.0462198257,80.2391433716,77685,77695,10
13.0463495255,80.2384109497,77695,77705,10
13.0465202332,80.2375183105,77705,77716,11
13.0466899872,80.2366027832,77716,77726,10
13.046790123,80.2362594604,77726,77736,10
13.0468797684,80.2360229492,77736,77746,10
13.0469398499,80.2356719971,77746,77756,10
13.0469799042,80.2352981567,77756,77766,10
13.0470695496,80.2345809937,77766,77776,10
13.0471496582,80.2337036133,77776,77786,10
13.0472097397,80.2331008911,77786,77796,10
13.0467700958,80.2330093384,77796,77806,10
13.0462503433,80.2329101563,77806,77816,10
13.045630455,80.2328186035,77816,77827,11
13.0451202393,80.2327194214,77827,77837,10
13.0450401306,80.2326889038,77837,77847,10
13.0446395874,80.2326278687,77847,77857,10
13.0439195633,80.2324905396,77857,77873,16
13.0427503586,80.2323989868,77873,77885,12
13.0420198441,80.232383728,77885,77895,10
13.0414304733,80.2322616577,77895,77905,10
13.0403795242,80.2319030762,77905,77915,10
13.0394697189,80.2316436768,77915,77925,10
13.0385904312,80.2314224243,77925,77937,12
13.0373802185,80.231048584,77937,77946,9
13.0367298126,80.2308425903,77946,77957,11
13.0363197327,80.230682373,77957,77967,10
13.035490036,80.2304534912,77967,77997,30
13.035490036,80.2304534912,77997,78007,10
13.0352802277,80.2303771973,78007,78017,10
13.0348596573,80.2303237915,78017,78027,10
13.0344495773,80.2303771973,78027,78038,11
13.0341300964,80.2304763794,78038,78048,10
13.0336503983,80.230506897,78048,78078,30
13.0336503983,80.230506897,78078,78088,10
13.0333995819,80.2305221558,78088,78104,16
13.0330896378,80.2305526733,78104,78116,12
13.0323696136,80.2305984497,78116,78124,8
13.031829834,80.2306594849,78124,78137,13
13.0308599472,80.230758667,78137,78147,10
13.0304803848,80.230796814,78147,78157,10
13.0300197601,80.2308425903,78157,78167,10
13.0295600891,80.2309112549,78167,78177,10
13.0292196274,80.2309494019,78177,78187,10
13.0287504196,80.2309875488,78187,78197,10
13.0279598236,80.2310562134,78197,78207,10
13.0276002884,80.2311630249,78207,78217,10
13.0276403427,80.2316513062,78217,78227,10
13.0277099609,80.2322235107,78227,78238,11
13.0278100967,80.2327880859,78238,78248,10
13.0273399353,80.2329177856,78248,78258,10
13.0267896652,80.233001709,78258,78268,10
13.0264396667,80.2330322266,78268,78278,10
13.0261898041,80.2325134277,78278,78288,10
13.025970459,80.2316894531,78288,78298,10
13.0257396698,80.2307891846,78298,78308,10
13.0251398087,80.2297973633,78308,78318,10
13.0245103836,80.2289733887,78318,78328,10
13.0240402222,80.2284317017,78328,78339,11
13.0239896774,80.2283706665,78339,78349,10
13.0238103867,80.2281265259,78349,78350,1
13.0237798691,80.2280883789,78350,78351,1
13.0237398148,80.2280502319,78351,78360,9
13.0233201981,80.2276382446,78360,78430,70
13.0182800293,80.2247009277,78430,78440,10
13.0171298981,80.2251815796,78440,78451,11
13.0162496567,80.2255477905,78451,78461,10
13.0155496597,80.2257919312,78461,78471,10
13.0151500702,80.2259674072,78471,78481,10
13.0146398544,80.2261581421,78481,78491,10
13.0144195557,80.2262191772,78491,78501,10
13.0143299103,80.226272583,78501,78511,10
13.0138998032,80.2264175415,78511,78521,10
13.0132799149,80.2266387939,78521,78531,10
13.0124902725,80.2269592285,78531,78541,10
13.0114898682,80.2273712158,78541,78552,11
13.0103302002,80.2278518677,78552,78562,10
13.0093097687,80.2282791138,78562,78572,10
13.008939743,80.2291412354,78572,78582,10
13.0087099075,80.2302703857,78582,78592,10
13.0085000992,80.2314376831,78592,78602,10
13.0082798004,80.2325973511,78602,78612,10
13.0081596375,80.2333679199,78612,78622,10
13.0080404282,80.2340164185,78622,78642,20
13.0080404282,80.2340164185,78642,78653,11
13.0079402924,80.2344818115,78653,78663,10
13.0077896118,80.2351989746,78663,78673,10
13.007610321,80.2360076904,78673,78683,10
13.0073900223,80.2371368408,78683,78693,10
13.0071897507,80.2381973267,78693,78703,10
13.0069799423,80.2392196655,78703,78713,10
13.006819725,80.2401275635,78713,78804,91
13.006819725,80.2401275635,78804,78814,10
13.0068798065,80.2404327393,78814,78824,10
13.0067796707,80.2408828735,78824,78834,10
13.0066795349,80.2415466309,78834,78844,10
13.0066404343,80.2425613403,78844,78854,10
13.0066299438,80.243522644,78854,78865,11
13.0066204071,80.2446212769,78865,78875,10
13.0066404343,80.2455978394,78875,78885,10
13.0066699982,80.2461166382,78885,78895,10
13.0066795349,80.2464828491,78895,78905,10
13.0066900253,80.2466812134,78905,78915,10
13.0067195892,80.2471008301,78915,78925,10
13.0066795349,80.2475814819,78925,78935,10
13.0066995621,80.248336792,78935,78945,10
13.0067796707,80.2491531372,78945,78955,10
13.0068302155,80.2496185303,78955,78966,11
13.006819725,80.2498931885,78966,78976,10
13.0067901611,80.250541687,78976,78985,9
13.0067796707,80.2511978149,78985,78996,11
13.0066699982,80.2518768311,78996,79006,10
13.0065202713,80.2526168823,79006,79016,10
13.0065202713,80.2533721924,79016,79026,10
13.0065202713,80.2542114258,79026,79036,10
13.0065698624,80.2548294067,79036,79046,10
13.0065698624,80.2548370361,79046,79056,10
13.0065603256,80.2549285889,79056,79067,11
13.0065498352,80.2554702759,79067,79077,10
13.0065803528,80.256072998,79077,79087,10
13.0065698624,80.256690979,79087,79097,10
13.0066099167,80.2572479248,79097,79127,30
13.0066099167,80.2572479248,79127,79137,10
13.0066404343,80.2574081421,79137,79168,31
13.0066404343,80.2574081421,79168,79178,10
13.0066204071,80.257522583,79178,79188,10
13.006480217,80.257270813,79188,79198,10
13.006480217,80.2566299438,79198,79207,9
13.006480217,80.255821228,79207,79217,10
13.0065202713,80.2549514771,79217,79228,11
13.0064601898,80.2539978027,79228,79238,10
13.0064601898,80.2531814575,79238,79258,20
13.0064601898,80.2531814575,79258,79268,10
13.0064601898,80.2529296875,79268,79279,11
13.006480217,80.2524337769,79279,79289,10
13.0065498352,80.2518005371,79289,79299,10
13.0066795349,80.2510375977,79299,79309,10
13.0066795349,80.2501983643,79309,79319,10
13.0066795349,80.2494430542,79319,79329,10
13.0066404343,80.2486419678,79329,79339,10
13.0065803528,80.2481994629,79339,79349,10
13.0065698624,80.2480316162,79349,79359,10
13.0065803528,80.247756958,79359,79369,10
13.0065898895,80.2472305298,79369,79380,11
13.0065202713,80.2466430664,79380,79400,20
13.0065202713,80.2466430664,79400,79410,10
13.0065803528,80.2463226318,79410,79420,10
13.0065898895,80.2456970215,79420,79430,10
13.0065898895,80.2449188232,79430,79440,10
13.0065898895,80.2443237305,79440,79450,10
13.0065698624,80.243850708,79450,79460,10
13.0065402985,80.2433166504,79460,79470,10
13.0065097809,80.2426834106,79470,79481,11
13.0064897537,80.2417907715,79481,79491,10
13.0065603256,80.2409133911,79491,79501,10
13.0066299438,80.2404785156,79501,79521,20
13.0066299438,80.2404785156,79521,79531,10
13.0066404343,80.2403793335,79531,79541,10
13.0067396164,80.2400436401,79541,79551,10
13.0068702698,80.2393493652,79551,79561,10
13.0070295334,80.23853302,79561,79577,16
13.0072898865,80.2373275757,79577,79590,13
13.0073404312,80.2367401123,79590,79600,10
13.007399559,80.2365570068,79600,79610,10
13.0075397491,80.2360229492,79610,79620,10
13.0076999664,80.2352676392,79620,79630,10
13.0078802109,80.2344436646,79630,79640,10
13.0080604553,80.2335968018,79640,79650,10
13.0082798004,80.2325210571,79650,79660,10
13.0084695816,80.2314529419,79660,79670,10
13.0086803436,80.2303085327,79670,79680,10
13.008890152,80.2292633057,79680,79691,11
13.0092601776,80.2278823853,79691,79701,10
13.0097503662,80.2268066406,79701,79711,10
13.010219574,80.2257766724,79711,79721,10
13.0106496811,80.224861145,79721,79731,10
13.0109996796,80.2240905762,79731,79741,10
13.0112199783,80.2236175537,79741,79751,10
13.0113601685,80.2231292725,79751,79761,10
13.011639595,80.2224578857,79761,79771,10
13.0118999481,80.2216262817,79771,79781,10
13.0123195648,80.2215270996,79781,79792,11
13.0127601624,80.22215271,79792,79802,10
13.0133304596,80.2228088379,79802,79812,10
13.0139398575,80.2234802246,79812,79822,10
13.0143995285,80.2240371704,79822,79832,10
13.0149002075,80.2245178223,79832,79842,10
13.0153198242,80.2248764038,79842,79852,10
13.01541996,80.224937439,79852,79862,10
13.0155496597,80.2250823975,79862,79872,10
13.0159902573,80.2253417969,79872,79882,10
13.0167303085,80.2252197266,79882,79892,10
13.0175695419,80.2248916626,79892,79903,11
13.0185203552,80.2245025635,79903,79913,10
13.0193500519,80.2243804932,79913,79923,10
13.0200300217,80.2247695923,79923,79933,10
13.0206403732,80.2251968384,79933,79943,10
13.0212001801,80.2256393433,79943,79953,10
13.0217895508,80.2260665894,79953,79963,10
13.0219297409,80.2261810303,79963,79973,10
13.0221595764,80.2263793945,79973,79983,10
13.0226297379,80.2267990112,79983,79993,10
13.0231599808,80.2273025513,79993,80004,11
13.0234899521,80.2276077271,80004,80014,10
13.0239295959,80.2280426025,80014,80024,10
13.0243196487,80.2284317017,80024,80034,10
13.0243501663,80.2284622192,80034,80044,10
13.024479866,80.2286605835,80044,80054,10
13.0248203278,80.2291793823,80054,80064,10
13.0253200531,80.2298431396,80064,80074,10
13.0257902145,80.2306289673,80074,80084,10
13.0260095596,80.2312927246,80084,80094,10
13.0263700485,80.231300354,80094,80105,11
13.0271902084,80.231086731,80105,80115,10
13.0279798508,80.2309494019,80115,80125,10
13.0284996033,80.2308883667,80125,80135,10
13.0286397934,80.2308731079,80135,80145,10
13.0291500092,80.2308197021,80145,80155,10
13.0296001434,80.2307662964,80155,80165,10
13.0302000046,80.2307128906,80165,80175,10
13.0307703018,80.2306594849,80175,80185,10
13.0314102173,80.2306213379,80185,80195,10
13.0319795609,80.2305831909,80195,80206,11
13.0328197479,80.230506897,80206,80216,10
13.0335998535,80.2304534912,80216,80225,9
13.0339097977,80.230430603,80225,80236,11
13.0340204239,80.2304382324,80236,80246,10
13.034239769,80.2303924561,80246,80286,40
13.034239769,80.2303924561,80286,80296,10
13.034620285,80.2303237915,80296,80307,11
13.0346803665,80.2303009033,80307,80317,10
13.0349397659,80.2304000854,80317,80327,10
13.0348997116,80.2308120728,80327,80337,10
13.0348396301,80.2314605713,80337,80347,10
13.034740448,80.2321166992,80347,80357,10
13.0346403122,80.2329101563,80357,80367,10
13.0345602036,80.2334594727,80367,80377,10
13.0344800949,80.2337493896,80377,80387,10
13.0344400406,80.2342529297,80387,80397,10
13.0343599319,80.2349777222,80397,80407,10
13.0342597961,80.2358169556,80407,80418,11
13.0341596603,80.2368469238,80418,80428,10
13.0342597961,80.2373428345,80428,80444,16
13.034819603,80.2382965088,80444,80456,12
13.0352802277,80.2390670776,80456,80466,10
13.0357904434,80.2394104004,80466,80476,10
13.0364599228,80.2394790649,80476,80486,10
13.0373802185,80.2395782471,80486,80496,10
13.0380802155,80.2396621704,80496,80506,10
13.0387601852,80.239730835,80506,80517,11
13.0394001007,80.2398223877,80517,80527,10
13.0400600433,80.2398986816,80527,80537,10
13.0403604507,80.2400665283,80537,80547,10
13.0404195786,80.2404708862,80547,80557,10
13.0409002304,80.2405395508,80557,80567,10
13.0410299301,80.2405700684,80567,80577,10
13.0414600372,80.2406387329,80577,80587,10
13.0419998169,80.2406997681,80587,80597,10
13.0426998138,80.2407989502,80597,80607,10
13.0434103012,80.2408981323,80607,80618,11
13.0441598892,80.2408218384,80618,80628,10
13.044719696,80.2404022217,80628,80638,10
13.045129776,80.2401123047,80638,80648,10
13.0457296371,80.2397003174,80648,80658,10
13.0464601517,80.2395935059,80658,80678,20
13.0464601517,80.2395935059,80678,80688,10
13.0465803146,80.2397079468,80688,80698,10
13.0470504761,80.2397613525,80698,80708,10
13.0477695465,80.2398910522,80708,80718,10
13.0485801697,80.2400436401,80718,80729,11
13.0494003296,80.240196228,80729,80739,10
13.0500802994,80.2403411865,80739,80749,10
13.0508003235,80.2404937744,80749,80759,10
13.0512504578,80.2405929565,80759,80769,10
13.0516004562,80.2406616211,80769,80778,9
13.0521097183,80.2407913208,80778,80789,11
13.052479744,80.2411804199,80789,80799,10
13.0527896881,80.2417602539,80799,80809,10
13.0534801483,80.2420578003,80809,80819,10
13.0539598465,80.2422332764,80819,80830,11
13.0540399551,80.2422637939,80830,80840,10
13.0544500351,80.2423477173,80840,80850,10
13.0550899506,80.2422637939,80850,80860,10
13.0558395386,80.2423095703,80860,80870,10
13.0563201904,80.2425384521,80870,80880,10
13.0566301346,80.2426376343,80880,80890,10
13.0566797256,80.2426376343,80890,80900,10
13.0568199158,80.2426071167,80900,80910,10
13.0572099686,80.2428131104,80910,80920,10
13.057849884,80.2427368164,80920,80931,11
13.0586795807,80.2425689697,80931,80941,10
13.0594301224,80.2425079346,80941,80951,10
13.0601797104,80.2427597046,80951,80961,10
13.0608797073,80.2430114746,80961,80971,10
13.06153965,80.2431793213,80971,80981,10
13.06208992,80.243270874,80981,80991,10
13.0625295639,80.2433624268,80991,81001,10
13.0627603531,80.2434005737,81001,81011,10
13.0632801056,80.2434997559,81011,81021,10
13.063949585,80.2435302734,81021,81032,11
13.0647802353,80.243560791,81032,81042,10
13.0656995773,80.2435302734,81042,81092,50
13.0656995773,80.2435302734,81092,81102,10
13.0658903122,80.2434234619,81102,81112,10
13.0662202835,80.2433700562,81112,81122,10
13.066740036,80.2431793213,81122,81133,11
13.0674600601,80.2428512573,81133,81143,10
13.0682601929,80.2425994873,81143,81153,10
13.0690498352,80.2423171997,81153,81163,10
13.0696697235,80.2421264648,81163,81173,10
13.0699501038,80.2420578003,81173,81183,10
13.0700998306,80.2420425415,81183,81193,10
13.0706100464,80.2418899536,81193,81202,9
13.0712099075,80.2416915894,81202,81213,11
13.0721302032,80.2412033081,81213,81223,10
13.0725898743,80.2409210205,81223,81233,10
13.0731801987,80.2407302856,81233,81244,11
13.0738601685,80.2405319214,81244,81254,10
13.0746603012,80.2404708862,81254,81264,10
13.0755901337,80.2404632568,81264,81274,10
13.0765304565,80.2405090332,81274,81284,10
13.0771198273,80.2404403687,81284,81294,10
13.0770101547,80.2398529053,81294,81304,10
13.0768098831,80.2390518188,81304,81314,10
13.0765800476,80.2381973267,81314,81324,10
13.0764102936,80.2375488281,81324,81334,10
13.076379776,80.2373886108,81334,81345,11
13.076379776,80.2372665405,81345,81355,10
13.076259613,80.2368087769,81355,81365,10
13.0761604309,80.2361221313,81365,81375,10
13.0760402679,80.2354278564,81375,81385,10
13.0758800507,80.2347183228,81385,81395,10
13.0757598877,80.2341766357,81395,81405,10
13.075750351,80.2339630127,81405,81415,10
13.0761499405,80.2337722778,81415,81425,10
13.0765695572,80.2337112427,81425,81435,10
13.0767803192,80.2336883545,81435,81446,11
13.077460289,80.2335891724,81446,81456,10
13.0781297684,80.2335586548,81456,81466,10
13.0788297653,80.233543396,81466,81476,10
13.0794496536,80.2335510254,81476,81486,10
13.0801095963,80.233543396,81486,81496,10
13.0806999207,80.2335586548,81496,81506,10
13.0813703537,80.2335586548,81506,81516,10
13.0818099976,80.233581543,81516,81526,10
13.0819797516,80.2331314087,81526,81536,10
13.0821199417,80.2324371338,81536,81547,11
13.0824203491,80.2316131592,81547,81557,10
13.0827503204,80.2309265137,81557,81567,10
13.0830402374,80.230682373,81567,81577,10
13.0831604004,80.2311782837,81577,81587,10
13.0832004547,80.2319488525,81587,81597,10
13.0833101273,80.2327423096,81597,81607,10
13.0834302902,80.2333679199,81607,81617,10
13.0836000443,80.2338104248,81617,81627,10
13.0840597153,80.2339401245,81627,81637,10
13.0843000412,80.2340316772,81637,81647,10
13.0847902298,80.2341308594,81647,81658,11
13.0854797363,80.2342987061,81658,81668,10
13.0861196518,80.2344512939,81668,81678,10
13.0867004395,80.2345428467,81678,81688,10
13.087389946,80.2345581055,81688,81698,10
13.0879001617,80.2341537476,81698,81708,10
13.0879802704,80.2334365845,81708,81718,10
13.0881595612,80.2325668335,81718,81728,10
13.0884199142,80.231628418,81728,81738,10
13.0887098312,80.2308731079,81738,81748,10
13.0890102386,80.2302093506,81748,81759,11
13.0894002914,80.2294464111,81759,81769,10
13.0900096893,80.2287597656,81769,81779,10
13.090669632,80.2280578613,81779,81789,10
13.0912399292,80.2274398804,81789,81799,10
13.0913896561,80.2272720337,81799,81809,10
13.0914402008,80.2272033691,81809,81819,10
13.0917901993,80.2268676758,81819,81829,10
13.0923204422,80.2263183594,81829,81839,10
13.0929899216,80.2256698608,81839,81849,10
13.0935297012,80.2250976563,81849,81860,11
13.0940198898,80.2245407104,81860,81870,10
13.0944900513,80.2238769531,81870,81880,10
13.0949802399,80.2230834961,81880,81890,10
13.0951700211,80.2225189209,81890,81900,10
13.0952596664,80.2223129272,81900,81910,10
13.0954999924,80.2217330933,81910,81920,10
13.0957803726,80.2209472656,81920,81930,10
13.0960597992,80.2201690674,81930,81940,10
13.0963001251,80.2193832397,81940,81950,10
13.0965204239,80.218788147,81950,81961,11
13.0967597961,80.2180175781,81961,81971,10
13.0970401764,80.2172164917,81971,81981,10
13.0973300934,80.216468811,81981,81991,10
13.0975399017,80.2159194946,81991,82001,10
13.097820282,80.2152786255,82001,82011,10
13.0980701447,80.2146911621,82011,82021,10
13.0982999802,80.2141876221,82021,82031,10
13.0985298157,80.2139511108,82031,82041,10
13.0989904404,80.2141723633,82041,82051,10
13.0995397568,80.21434021,82051,82062,11
13.0999698639,80.2144393921,82062,82072,10
13.1002101898,80.2146224976,82072,82082,10
13.100230217,80.2146911621,82082,82092,10
13.1001996994,80.2149429321,82092,83091,999
13.1001996994,80.2149429321,83091,83102,11
13.1001701355,80.2152633667,83102,83112,10
13.1000003815,80.2156219482,83112,83122,10
13.0999002457,80.2158432007,83122,83132,10
13.0998497009,80.2160720825,83132,83142,10
13.0999002457,80.216178894,83142,83152,10
13.0997800827,80.2165298462,83152,83162,10
13.0995998383,80.2170791626,83162,83172,10
13.099439621,80.2177505493,83172,83182,10
13.0993204117,80.2185287476,83182,83192,10
13.0992202759,80.2191390991,83192,83203,11
13.0991601944,80.2195129395,83203,83213,10
13.0990600586,80.2200775146,83213,83223,10
13.0989599228,80.2207183838,83223,83233,10
13.0987997055,80.221496582,83233,83243,10
13.0987300873,80.2223510742,83243,83253,10
13.0988998413,80.2231903076,83253,83263,10
13.0993995667,80.2238311768,83263,83273,10
13.099729538,80.2246398926,83273,83283,10
13.0999002457,80.2254867554,83283,83293,10
13.1000204086,80.2262878418,83293,83304,11
13.100060463,80.2271270752,83304,83314,10
13.1000499725,80.2277679443,83314,83324,10
13.0999698639,80.2284088135,83324,83334,10
13.0998697281,80.2289810181,83334,83344,10
13.0997695923,80.2295532227,83344,83354,10
13.0996198654,80.2301635742,83354,83364,10
13.0994100571,80.2308578491,83364,83374,10
13.0992097855,80.2313537598,83374,83384,10
13.0989599228,80.2319564819,83384,83394,10
13.0987501144,80.2326583862,83394,83405,11
13.0986204147,80.2334136963,83405,83415,10
13.09856987,80.23387146,83415,83425,10
13.0985202789,80.2343597412,83425,83435,10
13.0984401703,80.2350769043,83435,83445,10
13.0983400345,80.235748291,83445,83455,10
13.0982398987,80.2363586426,83455,83465,10
13.098110199,80.2371063232,83465,83475,10
13.097990036,80.2377929688,83475,83485,10
13.0978603363,80.2383728027,83485,83495,10
13.0977697372,80.2389984131,83495,83505,10
13.0977096558,80.2397232056,83505,83516,11
13.0976400375,80.2405166626,83516,83526,10
13.0975704193,80.2411880493,83526,83536,10
13.0974798203,80.2417678833,83536,83552,16
13.0974397659,80.2420272827,83552,83564,12
13.0975904465,80.2421875,83564,83574,10
13.0979604721,80.2422790527,83574,83584,10
13.0985403061,80.2422485352,83584,83604,20
13.0985403061,80.2422485352,83604,83615,11
13.0987596512,80.2420730591,83615,83625,10
13.0987997055,80.2417068481,83625,83635,10
13.0988397598,80.2415618896,83635,83645,10
13.098859787,80.241317749,83645,83655,10
13.09897995,80.2411499023,83655,83665,10
13.0990104675,80.2409591675,83665,84503,838
13.0990104675,80.2409591675,84503,84513,10
13.0990695953,80.2409133911,84513,84523,10
13.0989103317,80.2403106689,84523,84677,154
13.0989103317,80.2403106689,84677,84687,10
13.0988903046,80.2402572632,84687,84697,10
13.0991296768,80.2402801514,84697,84707,10
13.0990200043,80.2406997681,84707,84717,10
13.0989904404,80.2410812378,84717,84727,10
