13.0857601166,80.2851104736,40737,41081,344
13.0856103897,80.2851486206,41081,41110,29
13.0853004456,80.2860412598,41110,41150,40
13.1354103088,80.254447937,41150,43102,1952
13.1362895966,80.2551879883,43102,43135,33
13.1362895966,80.2551879883,43135,43166,31
13.1365098953,80.255607605,43166,43176,10
13.1365299225,80.2559127808,43176,43186,10
13.1365098953,80.256477356,43186,43196,10
13.1364498138,80.2570266724,43196,43206,10
13.1362695694,80.2572631836,43206,43216,10
13.1360702515,80.2570571899,43216,43771,555
13.1360702515,80.2570571899,43771,43781,10
13.136179924,80.2568817139,43781,43791,10
13.1364402771,80.256942749,43791,43801,10
13.1364898682,80.2567825317,43801,43811,10
13.1365003586,80.2566604614,43811,43821,10
13.1365203857,80.2561721802,43821,43831,10
13.1365098953,80.2556533813,43831,43841,10
13.1363401413,80.255241394,43841,43851,10
13.1360797882,80.2550125122,43851,43862,11
13.1355695724,80.2545700073,43862,43872,10
13.1352701187,80.2543716431,43872,43882,10
13.1349802017,80.2541809082,43882,43892,10
13.1346597672,80.2539367676,43892,43902,10
13.1342201233,80.2537231445,43902,43932,30
13.1342201233,80.2537231445,43932,43942,10
13.1337099075,80.2535705566,43942,43952,10
13.1330795288,80.2535476685,43952,43962,10
13.1324300766,80.2533874512,43962,43972,10
13.1320104599,80.2531433105,43972,43983,11
13.1317596436,80.252822876,43983,43993,10
13.1315603256,80.252746582,43993,44003,10
13.1315097809,80.253036499,44003,44013,10
13.1315002441,80.2530670166,44013,44023,10
13.1315002441,80.253326416,44023,44033,10
13.1314697266,80.25390625,44033,44043,10
13.1314401627,80.2546691895,44043,44053,10
13.1314096451,80.2553482056,44053,44063,10
13.1314096451,80.2560806274,44063,44073,10
13.1313896179,80.2567214966,44073,44082,9
13.1313896179,80.2571487427,44082,44093,11
13.1313896179,80.2578430176,44093,44104,11
13.1313800812,80.2584228516,44104,44124,20
13.1313800812,80.2584228516,44124,44134,10
13.1313896179,80.258682251,44134,44144,10
13.1312398911,80.2588500977,44144,44154,10
13.1310300827,80.2588272095,44154,44164,10
13.1305303574,80.2588500977,44164,44174,10
13.1299295425,80.2588882446,44174,44184,10
13.1294298172,80.2589187622,44184,44194,10
13.1290597916,80.2589416504,44194,44203,9
13.1284799576,80.2589874268,44203,44214,11
13.1276597977,80.2590484619,44214,44225,11
13.1269702911,80.2590789795,44225,44235,10
13.1264600754,80.2591094971,44235,44245,10
13.1258096695,80.2591323853,44245,44255,10
13.1251001358,80.2591705322,44255,44265,10
13.1244401932,80.2592010498,44265,44275,10
13.1241102219,80.2592163086,44275,44285,10
13.1236600876,80.2592391968,44285,44305,20
13.1236600876,80.2592391968,44305,44315,10
13.1234302521,80.2592315674,44315,44325,10
13.1229400635,80.2594299316,44325,44346,21
13.1229400635,80.2594299316,44346,44356,10
13.1228504181,80.2595596313,44356,44366,10
13.1228704453,80.2599487305,44366,44376,10
13.1228704453,80.2606811523,44376,44386,10
13.122879982,80.2613983154,44386,44396,10
13.1229000092,80.2617034912,44396,44406,10
13.1229000092,80.2620620728,44406,44416,10
13.1229000092,80.2626571655,44416,44426,10
13.122879982,80.263381958,44426,44436,10
13.1228599548,80.2641525269,44436,44445,9
13.1228199005,80.2649383545,44445,44457,12
13.1228199005,80.2656173706,44457,44467,10
13.1226396561,80.2658233643,44467,44477,10
13.1221704483,80.2658233643,44477,44487,10
13.1221399307,80.2658081055,44487,44497,10
13.1218099594,80.2657928467,44497,44507,10
13.1211900711,80.2657775879,44507,44517,10
13.1204099655,80.2657775879,44517,44527,10
13.1198596954,80.2657775879,44527,44537,10
13.1191997528,80.2657699585,44537,44567,30
13.1191997528,80.2657699585,44567,44578,11
13.1190299988,80.2657623291,44578,44588,10
13.1186103821,80.2657470703,44588,44598,10
13.1179199219,80.2657470703,44598,44608,10
13.1171197891,80.2657623291,44608,44618,10
13.1162700653,80.2657394409,44618,44628,10
13.1156301498,80.2657394409,44628,44638,10
13.1154298782,80.2657394409,44638,44648,10
13.115240097,80.2657165527,44648,44658,10
13.1150302887,80.2657165527,44658,44668,10
13.1143703461,80.2657165527,44668,44688,20
13.1143703461,80.2657165527,44688,44699,11
13.1142997742,80.2657089233,44699,44709,10
13.1141004562,80.2657318115,44709,44719,10
13.113699913,80.2657623291,44719,44729,10
13.1130199432,80.2657623291,44729,44739,10
13.1122102737,80.2657470703,44739,44749,10
13.1117801666,80.2657470703,44749,44759,10
13.1115198135,80.2657394409,44759,44769,10
13.1110801697,80.2657394409,44769,44779,10
13.1108999252,80.2657470703,44779,44789,10
13.1107301712,80.2657623291,44789,44798,9
13.1104297638,80.2659606934,44798,44810,12
13.1097202301,80.2664718628,44810,44820,10
13.1092395782,80.2668991089,44820,44830,10
13.1088695526,80.2672424316,44830,44840,10
13.1084003448,80.2676773071,44840,44850,10
13.1078500748,80.2682495117,44850,44860,10
13.107339859,80.2687911987,44860,44870,10
13.1068696976,80.2693481445,44870,44880,10
13.1057195663,80.2706604004,44880,44890,10
13.1057195663,80.2706604004,44890,44900,10
13.1049900055,80.2711410522,44900,44909,9
13.1046600342,80.2713012695,44909,44920,11
13.1044902802,80.2713928223,44920,44931,11
13.1043596268,80.2715988159,44931,44941,10
13.1041603088,80.2720794678,44941,44951,10
13.1037797928,80.2726516724,44951,44961,10
13.1039400101,80.2733764648,44961,44991,30
13.1039400101,80.2733764648,44991,45001,10
13.1040000916,80.2737731934,45001,45011,10
13.104060173,80.274230957,45011,45021,10
13.1041202545,80.274597168,45021,45031,10
13.1042003632,80.2749633789,45031,45041,10
13.1043701172,80.2755966187,45041,45062,21
13.1043701172,80.2755966187,45062,45072,10
13.1044101715,80.2757034302,45072,45082,10
13.1045703888,80.2760772705,45082,45112,30
13.1045703888,80.2760772705,45112,45122,10
13.1045799255,80.2761688232,45122,45132,10
13.1045799255,80.2763366699,45132,45142,10
13.1047401428,80.2767410278,45142,45152,10
13.1049404144,80.2773971558,45152,45161,9
13.1051197052,80.2780532837,45161,45173,12
13.1053695679,80.2788772583,45173,45183,10
13.1054801941,80.2795791626,45183,45193,10
13.1055002213,80.2803421021,45193,45203,10
13.1054601669,80.2811737061,45203,45213,10
13.1053695679,80.2820892334,45213,45223,10
13.105219841,80.282913208,45223,45233,10
13.105099678,80.283821106,45233,45253,20
13.105099678,80.283821106,45253,45263,10
13.1050395966,80.2840423584,45263,45284,21
13.1050395966,80.2840423584,45284,45294,10
13.1050100327,80.2842025757,45294,45304,10
13.1049098969,80.2845077515,45304,45314,10
13.1048898697,80.2846679688,45314,45324,10
13.1048698425,80.2847976685,45324,45334,10
13.10476017,80.2851715088,45334,45344,10
13.104590416,80.2858734131,45344,45354,10
13.1044101715,80.286529541,45354,45364,10
13.1042604446,80.2870101929,45364,45374,10
13.1041002274,80.2873535156,45374,45384,10
13.1041002274,80.2873687744,45384,45394,10
13.1041202545,80.287437439,45394,45405,11
13.1039199829,80.2878417969,45405,45415,10
13.1036396027,80.288482666,45415,45425,10
13.1032800674,80.2892913818,45425,45435,10
13.1028995514,80.2901611328,45435,45455,20
13.1028995514,80.2901611328,45455,45465,10
13.1027698517,80.2904891968,45465,45475,10
13.1032896042,80.2907180786,45475,45485,10
13.1040496826,80.2908782959,45485,45495,10
13.1047801971,80.2909088135,45495,45505,10
13.1055202484,80.2910232544,45505,45514,9
13.1058502197,80.2912826538,45514,45526,12
13.1059398651,80.2922668457,45526,45536,10
13.1060400009,80.2929763794,45536,45546,10
13.1058702469,80.2934799194,45546,45556,10
13.1056003571,80.2941894531,45556,45566,10
13.1053199768,80.2948989868,45566,45576,10
13.1047897339,80.2953414917,45576,45586,10
13.1040401459,80.2951812744,45586,45596,10
13.1031198502,80.294921875,45596,45606,10
13.1020498276,80.2946395874,45606,45616,10
13.1010599136,80.294380188,45616,45626,10
13.1002902985,80.2942276001,45626,45636,10
13.0999403,80.2941513062,45636,45647,11
13.0997600555,80.294090271,45647,45657,10
13.0992498398,80.2939300537,45657,45667,10
13.0985202789,80.2937164307,45667,45677,10
13.0975599289,80.2934188843,45677,45687,10
13.096449852,80.2930374146,45687,45697,10
13.0955400467,80.2927398682,45697,45707,10
13.0953798294,80.2927093506,45707,45717,10
13.0952997208,80.2927017212,45717,45727,10
13.0950098038,80.2925796509,45727,45737,10
13.094420433,80.2923965454,45737,45778,41
13.094420433,80.2923965454,45778,45788,10
13.0941295624,80.2922973633,45788,45798,10
13.0938396454,80.2921981812,45798,45808,10
13.0934095383,80.2920608521,45808,45818,10
13.0928001404,80.2918701172,45818,45828,10
13.0921201706,80.2916107178,45828,45838,10
13.0915002823,80.2913970947,45838,45848,10
13.0908002853,80.2911682129,45848,45858,10
13.0900497437,80.2909088135,45858,45868,10
13.0893497467,80.2907028198,45868,45879,11
13.0889997482,80.2906188965,45879,45889,10
13.088809967,80.2905578613,45889,45899,10
13.0883197784,80.2902679443,45899,45909,10
13.0876502991,80.2899627686,45909,45919,10
13.0870304108,80.2897720337,45919,45929,10
13.0864400864,80.2895965576,45929,45939,10
13.0858097076,80.2894515991,45939,45949,10
13.0854997635,80.2890014648,45949,45959,10
13.0851898193,80.2883529663,45959,45969,10
13.085100174,80.2876968384,45969,45979,10
13.0851602554,80.2869415283,45979,45989,10
13.0852499008,80.2859725952,45989,46000,11
13.0853500366,80.2850036621,46000,46010,10
13.0852499008,80.2841720581,46010,46060,50
13.0852499008,80.2841720581,46060,46070,10
13.085439682,80.2845611572,46070,46080,10
13.085439682,80.28465271,46080,46099,19
13.0857200623,80.2852401733,46099,46239,140
13.085729599,80.2890777588,46239,46310,71
13.085729599,80.2890777588,46310,46330,20
13.0873003006,80.2896194458,46330,46340,10
13.0880804062,80.2900390625,46340,46349,9
13.0886297226,80.2902297974,46349,46371,22
13.0886297226,80.2902297974,46371,46381,10
13.0887403488,80.2903213501,46381,46391,10
13.0890398026,80.2904968262,46391,46401,10
13.0896501541,80.2907333374,46401,46411,10
13.0903501511,80.2909698486,46411,46421,10
13.0910100937,80.2912216187,46421,46431,10
13.0914297104,80.2913589478,46431,46451,20
13.0914297104,80.2913589478,46451,46461,10
13.0916795731,80.2913970947,46461,46471,10
13.0919103622,80.2914810181,46471,46482,11
13.0922002792,80.2915725708,46482,46492,10
13.0926799774,80.2917480469,46492,46502,10
13.093170166,80.2919082642,46502,46512,10
13.0937099457,80.2920913696,46512,46522,10
13.0942602158,80.2922668457,46522,46562,40
13.0942602158,80.2922668457,46562,46572,10
13.0945596695,80.292388916,46572,46582,10
13.0947599411,80.292427063,46582,46592,10
13.0952396393,80.2925796509,46592,46603,11
13.095700264,80.29271698,46603,46613,10
13.0962200165,80.2928695679,46613,46623,10
13.0968399048,80.2931518555,46623,46633,10
13.0975198746,80.2933502197,46633,46643,10
13.0982398987,80.2936096191,46643,46653,10
13.0993404388,80.2939682007,46653,46673,20
13.0993404388,80.2939682007,46673,46683,10
13.0996398926,80.2940597534,46683,46693,10
13.1000699997,80.2941665649,46693,46703,10
13.1006698608,80.2942733765,46703,46713,10
13.1012401581,80.294380188,46713,46724,11
13.1016702652,80.2937469482,46724,46734,10
13.1019201279,80.29322052,46734,46744,10
13.1020898819,80.2924499512,46744,46754,10
13.102230072,80.2918167114,46754,46764,10
13.1024198532,80.2911605835,46764,46774,10
13.1027097702,80.2904815674,46774,46784,10
13.10297966,80.2898483276,46784,46794,10
13.1031904221,80.2893295288,46794,46804,10
13.1031999588,80.2893218994,46804,46814,10
13.1033802032,80.2889785767,46814,46824,10
13.1036396027,80.2883529663,46824,46835,11
13.1041898727,80.2871322632,46835,46885,50
13.1041898727,80.2871322632,46885,46895,10
13.1042699814,80.2868270874,46895,46905,10
13.1044597626,80.2864837646,46905,46915,10
13.1045999527,80.2859115601,46915,46925,10
13.1048803329,80.2849121094,46925,46945,20
13.1048803329,80.2849121094,46945,46956,11
13.1048898697,80.2844161987,46956,46996,40
13.1048898697,80.2844161987,46996,47006,10
13.1050195694,80.2840805054,47006,47016,10
13.1050796509,80.2836990356,47016,47026,10
13.1051502228,80.2832107544,47026,47036,10
13.1052503586,80.2824325562,47036,47066,30
13.1052503586,80.2824325562,47066,47077,11
13.105389595,80.282043457,47077,47087,10
13.1054601669,80.2814025879,47087,47097,10
13.105509758,80.2806777954,47097,47107,10
13.1055202484,80.2800369263,47107,47117,10
13.1054601669,80.2792663574,47117,47127,10
13.1052398682,80.2783966064,47127,47137,10
13.1049404144,80.2773666382,47137,47147,10
13.1045598984,80.2763977051,47147,47157,10
13.1042995453,80.2757720947,47157,47167,10
13.1042699814,80.275718689,47167,47177,10
13.1042604446,80.2756576538,47177,47187,10
13.1041698456,80.2752914429,47187,47198,11
13.1040496826,80.2747192383,47198,47218,20
13.1040496826,80.2747192383,47218,47228,10
13.1040296555,80.2744827271,47228,47238,10
13.103969574,80.2741394043,47238,47248,10
13.1039600372,80.274017334,47248,47258,10
13.1039304733,80.2737197876,47258,47268,10
13.1038799286,80.2733917236,47268,47278,10
13.1038198471,80.2729263306,47278,47288,10
13.1037998199,80.2724380493,47288,47298,10
13.1042995453,80.2717514038,47298,47319,21
13.1042995453,80.2717514038,47319,47329,10
13.10435009,80.2715377808,47329,47339,10
13.1046600342,80.2711791992,47339,47349,10
13.1053800583,80.2708587646,47349,47359,10
13.1060600281,80.2702026367,47359,47369,10
13.1066503525,80.2695236206,47369,47379,10
13.1071100235,80.2690124512,47379,47389,10
13.1075897217,80.2685012817,47389,47399,10
13.1081199646,80.2679824829,47399,47409,10
13.1086196899,80.2674865723,47409,47419,10
13.109000206,80.2670822144,47419,47429,10
13.1090402603,80.2670288086,47429,47440,11
13.1092395782,80.2667999268,47440,47450,10
13.109629631,80.266456604,47450,47460,10
13.110159874,80.2660369873,47460,47470,10
13.1105899811,80.2656936646,47470,47480,10
13.1111497879,80.265586853,47480,47490,10
13.1113004684,80.2655792236,47490,47500,10
13.1114196777,80.2655792236,47500,47510,10
13.111869812,80.265586853,47510,47520,10
13.1125602722,80.265586853,47520,47530,10
13.1132497787,80.2655792236,47530,47540,10
13.1142396927,80.2656402588,47540,47581,41
13.1142396927,80.2656402588,47581,47591,10
13.1143398285,80.2656784058,47591,47601,10
13.1147203445,80.2656784058,47601,47611,10
13.1151504517,80.2656936646,47611,47621,10
13.1153202057,80.2656936646,47621,47631,10
13.1156597137,80.2656936646,47631,47641,10
13.1162099838,80.2657012939,47641,47651,10
13.1168899536,80.2657089233,47651,47661,10
13.1175804138,80.2657012939,47661,47672,11
13.1183996201,80.2657165527,47672,47682,10
13.1194200516,80.2657165527,47682,47702,20
13.1194200516,80.2657165527,47702,47712,10
13.1194801331,80.2657165527,47712,47722,10
13.1197595596,80.2657318115,47722,47732,10
13.120059967,80.2657318115,47732,47742,10
13.1205997467,80.2657165527,47742,47752,10
13.1212797165,80.2657318115,47752,47762,10
13.1219902039,80.2657318115,47762,47772,10
13.1226100922,80.2657318115,47772,47793,21
13.1226100922,80.2657318115,47793,47803,10
13.122710228,80.2657470703,47803,47813,10
13.1228399277,80.2656402588,47813,47823,10
13.1228399277,80.2653503418,47823,47833,10
13.1228504181,80.2647705078,47833,47843,10
13.1228599548,80.2640228271,47843,47853,10
13.1228904724,80.2631988525,47853,47863,10
13.1228904724,80.2624435425,47863,47873,10
13.1228704453,80.2618865967,47873,47893,20
13.1228704453,80.2618865967,47893,47903,10
13.122879982,80.26171875,47903,47914,11
13.1229000092,80.2615127563,47914,47924,10
13.1229000092,80.2610626221,47924,47934,10
13.1229095459,80.2602767944,47934,47944,10
13.1229095459,80.2594985962,47944,47954,10
13.1229400635,80.2592697144,47954,47964,10
13.1232995987,80.2592468262,47964,47974,10
13.1238203049,80.2592086792,47974,47984,10
13.1241798401,80.2592010498,47984,47994,10
13.1247501373,80.2591094971,47994,48024,30
13.1247501373,80.2591094971,48024,48035,11
13.1249198914,80.2590866089,48035,48045,10
13.1254501343,80.2590789795,48045,48055,10
13.1261501312,80.2590484619,48055,48065,10
13.1267995834,80.2590179443,48065,48075,10
13.1273803711,80.2589874268,48075,48085,10
13.1281099319,80.2589111328,48085,48095,10
13.1287603378,80.2588882446,48095,48105,10
13.1291904449,80.2588882446,48105,48115,10
13.1296596527,80.2588729858,48115,48125,10
13.1303501129,80.2588119507,48125,48135,10
13.1310997009,80.2587966919,48135,48156,21
13.1310997009,80.2587966919,48156,48166,10
13.1313199997,80.2586593628,48166,48176,10
13.1313495636,80.2582397461,48176,48186,10
13.1313896179,80.2574768066,48186,48196,10
13.1314096451,80.2566299438,48196,48206,10
13.1314401627,80.256111145,48206,48216,10
13.1314601898,80.2553787231,48216,48226,10
13.131480217,80.2547683716,48226,48236,10
13.1315002441,80.2543334961,48236,48246,10
13.1315002441,80.2540283203,48246,48256,10
13.1314897537,80.2534103394,48256,48267,11
13.1314897537,80.2530288696,48267,48277,10
13.1315097809,80.2529830933,48277,48287,10
13.131529808,80.2526168823,48287,48297,10
13.131649971,80.2525405884,48297,48307,10
13.1318397522,80.2528076172,48307,48317,10
13.1319599152,80.2529907227,48317,48327,10
13.1321897507,80.2532272339,48327,48337,10
13.1324901581,80.25340271,48337,48347,10
13.1331796646,80.2535018921,48347,48357,10
13.1340198517,80.2535705566,48357,48388,31
13.1340198517,80.2535705566,48388,48398,10
13.1344003677,80.2537231445,48398,48408,10
13.1349096298,80.2540512085,48408,48418,10
13.1351900101,80.2542419434,48418,48428,10
13.1354703903,80.2544403076,48428,48438,10
13.1358499527,80.2547607422,48438,48448,10
13.1362600327,80.2550888062,48448,48458,10
13.1362800598,80.2551116943,48458,48468,10
13.1364202499,80.2553024292,48468,48478,10
13.1365499496,80.2560577393,48478,48488,10
13.1365499496,80.2560577393,48488,48498,10
13.1365098953,80.2567825317,48498,48507,9
13.1364402771,80.2571716309,48507,48519,12
13.1364297867,80.2571716309,48519,48529,10
13.1362495422,80.2569885254,48529,51070,2541
13.1362495422,80.2569885254,51070,51080,10
13.1364498138,80.2568969727,51080,51090,10
13.1365003586,80.2567367554,51090,51100,10
13.1365203857,80.2564163208,51100,51110,10
13.1365404129,80.2559967041,51110,51120,10
13.1365404129,80.2557601929,51120,51130,10
13.1365404129,80.2557373047,51130,51140,10
13.1365203857,80.2555007935,51140,51151,11
13.1363296509,80.2552108765,51151,51161,10
13.1361398697,80.2550201416,51161,51171,10
13.1358299255,80.2547607422,51171,51181,10
13.1354398727,80.254447937,51181,51191,10
13.1351900101,80.2542724609,51191,51201,10
13.1349401474,80.2541122437,51201,51211,10
13.1347303391,80.2539291382,51211,51221,10
13.13422966,80.2536773682,51221,51248,27
13.13422966,80.2536773682,51248,51272,24
13.1319704056,80.2530593872,51272,51312,40
13.1038599014,80.2734603882,51312,54796,3484
13.1038599014,80.2734603882,54796,54815,19
13.1038703918,80.2733001709,54815,54825,10
13.1038303375,80.2730178833,54825,54835,10
13.1037597656,80.2725830078,54835,54846,11
13.1039800644,80.2721481323,54846,54856,10
13.1042699814,80.2717895508,54856,54866,10
13.1043901443,80.2713699341,54866,54876,10
13.1047697067,80.2711181641,54876,54886,10
13.1054697037,80.2707901001,54886,54896,10
13.1060800552,80.2701797485,54896,54906,10
13.1066598892,80.2695236206,54906,54916,10
13.1071796417,80.2689285278,54916,54926,10
13.1077404022,80.2683410645,54926,54936,10
13.1083202362,80.2677536011,54936,54946,10
13.1088600159,80.2672119141,54946,54957,11
13.1089801788,80.2670822144,54957,54967,10
13.1090402603,80.266998291,54967,54977,10
13.1093597412,80.2667007446,54977,54987,10
13.1097898483,80.2663421631,54987,54997,10
13.1101398468,80.2660903931,54997,55007,10
13.1104297638,80.2658233643,55007,55017,10
13.1108798981,80.2656173706,55017,55027,10
13.1111698151,80.265586853,55027,55037,10
13.1112604141,80.265586853,55037,55047,10
13.1115503311,80.265586853,55047,55057,10
13.1120300293,80.265586853,55057,55066,9
13.1125898361,80.2655715942,55066,55078,12
13.113240242,80.2655487061,55078,55088,10
13.1138896942,80.2655563354,55088,55098,10
13.1142396927,80.2656402588,55098,55118,20
13.1142396927,80.2656402588,55118,55128,10
13.1145296097,80.2656402588,55128,55138,10
13.1150302887,80.2656478882,55138,55148,10
13.1152896881,80.265663147,55148,55158,10
13.1156396866,80.2656478882,55158,55168,10
13.1162099838,80.2656707764,55168,55178,10
13.1168804169,80.2656936646,55178,55188,10
13.1175899506,80.2657012939,55188,55199,11
13.1183099747,80.2657012939,55199,55209,10
13.118929863,80.2657165527,55209,55219,10
13.1193704605,80.2657165527,55219,55229,10
13.1193799973,80.2657165527,55229,55239,10
13.1194496155,80.2657165527,55239,55249,10
13.1198301315,80.2657318115,55249,55259,10
13.1201696396,80.2657318115,55259,55269,10
13.1207304001,80.2657165527,55269,55279,10
13.1214399338,80.2657318115,55279,55289,10
13.1221704483,80.2657318115,55289,55299,10
13.1226701736,80.2657165527,55299,55309,10
13.1226902008,80.2657165527,55309,55320,11
13.1227998734,80.2657012939,55320,55330,10
13.1228399277,80.2654876709,55330,55340,10
13.1228504181,80.2650527954,55340,55350,10
13.1228504181,80.2643508911,55350,55360,10
13.1228504181,80.2635803223,55360,55370,10
13.1228599548,80.2628173828,55370,55380,10
13.122879982,80.2620315552,55380,55390,10
13.1228704453,80.2617111206,55390,55400,10
13.1228599548,80.2615203857,55400,55410,10
13.1228704453,80.2610321045,55410,55419,9
13.1228904724,80.260383606,55419,55430,11
13.1228904724,80.2595825195,55430,55441,11
13.1229000092,80.2593536377,55441,55451,10
13.1230401993,80.2592010498,55451,55461,10
13.1233797073,80.2592010498,55461,55471,10
13.1238203049,80.2591629028,55471,55481,10
13.1242399216,80.2591629028,55481,55491,10
13.1247901917,80.2591323853,55491,55511,20
13.1247901917,80.2591323853,55511,55521,10
13.1249198914,80.2591400146,55521,55531,10
13.1253299713,80.2591094971,55531,55541,10
13.1258497238,80.2590713501,55541,55552,11
13.1265497208,80.2590408325,55552,55562,10
13.1271400452,80.2590026855,55562,55572,10
13.1277599335,80.2589569092,55572,55582,10
13.1283502579,80.2589187622,55582,55592,10
13.1287298203,80.2589035034,55592,55602,10
13.1291599274,80.2588577271,55602,55612,10
13.1294403076,80.2588500977,55612,55622,10
13.1299600601,80.2588500977,55622,55632,10
13.1305999756,80.2588272095,55632,55642,10
13.131070137,80.2587890625,55642,55652,10
13.1310901642,80.2587966919,55652,55661,9
13.1312503815,80.2587890625,55661,55673,12
13.1312704086,80.2587890625,55673,55683,10
13.131360054,80.2584762573,55683,55693,10
13.1313800812,80.2579421997,55693,55703,10
13.1313695908,80.2573013306,55703,55712,9
13.1313800812,80.2567367554,55712,55722,10
13.1313896179,80.2563400269,55722,55733,11
13.1314201355,80.2557601929,55733,55743,10
13.1314401627,80.2550735474,55743,55753,10
13.1314697266,80.2542877197,55753,55763,10
13.1314697266,80.2535629272,55763,55773,10
13.1315097809,80.2528762817,55773,55804,31
13.1315097809,80.2528762817,55804,55814,10
13.1316604614,80.2526397705,55814,55824,10
13.1318101883,80.2527770996,55824,55834,10
13.132109642,80.2531280518,55834,55844,10
13.1326303482,80.2534103394,55844,55854,10
13.1333303452,80.2534866333,55854,55864,10
13.1339902878,80.2535476685,55864,55884,20
13.1339902878,80.2535476685,55884,55894,10
13.1341400146,80.253616333,55894,55904,10
13.1344900131,80.2537612915,55904,55915,11
13.1349496841,80.2540817261,55915,55925,10
13.1352396011,80.2542877197,55925,55935,10
13.1355400085,80.2545089722,55935,55945,10
13.1359701157,80.2548675537,55945,55955,10
13.1362800598,80.2551422119,55955,55965,10
13.1363801956,80.2552490234,55965,55975,10
13.1365499496,80.2556991577,55975,55985,10
13.1365604401,80.2561798096,55985,55995,10
13.1365299225,80.2567901611,55995,56005,10
13.1364603043,80.2570724487,56005,56014,9
13.1363296509,80.2572174072,56014,56025,11
13.1361999512,80.257232666,56025,56036,11
13.1360902786,80.2572479248,56036,56046,10
13.1359796524,80.2571411133,56046,56338,292
13.1359796524,80.2571411133,56338,56348,10
13.1361503601,80.2569274902,56348,56358,10
13.1362199783,80.2569274902,56358,56368,10
13.1362600327,80.256942749,56368,56377,9
13.136349678,80.256942749,56377,56389,12
13.1364803314,80.2567520142,56389,56399,10
13.1365203857,80.2563323975,56399,56409,10
13.1365299225,80.255821228,56409,56419,10
13.1364803314,80.2554321289,56419,56429,10
13.1362104416,80.2551116943,56429,56439,10
13.136059761,80.2549667358,56439,56449,10
13.1358499527,80.2547912598,56449,56459,10
13.1355304718,80.2545089722,56459,56469,10
13.1352500916,80.2543182373,56469,56479,10
13.1349697113,80.254119873,56479,56489,10
13.1347103119,80.2539291382,56489,56498,9
13.1343002319,80.2537078857,56498,56510,12
13.134180069,80.2536621094,56510,56520,10
13.1340503693,80.253616333,56520,56530,10
13.1336402893,80.2535705566,56530,56540,10
13.133020401,80.2535324097,56540,56550,10
13.1323795319,80.2533721924,56550,56560,10
13.1318798065,80.2529525757,56560,56570,10
13.1316604614,80.2527236938,56570,56580,10
13.1315097809,80.2529983521,56580,56590,10
13.1315202713,80.2530212402,56590,56600,10
13.1315002441,80.2534332275,56600,56610,10
13.131480217,80.2540893555,56610,56620,10
13.1314601898,80.2548828125,56620,56631,11
13.1314401627,80.2556915283,56631,56641,10
13.1314201355,80.2564163208,56641,56651,10
13.1314296722,80.2570571899,56651,56661,10
13.1314001083,80.2577896118,56661,56671,10
13.1314001083,80.2583312988,56671,56681,10
13.1314001083,80.2583389282,56681,56691,10
13.1313896179,80.2584991455,56691,56701,10
13.1313295364,80.2587585449,56701,56711,10
13.1310796738,80.2588500977,56711,56721,10
13.1309204102,80.2588500977,56721,56731,10
13.1304302216,80.2588729858,56731,56742,11
13.1297798157,80.2589111328,56742,56752,10
13.1293001175,80.2589263916,56752,56762,10
13.1288700104,80.2589492798,56762,56772,10
13.1282701492,80.2589797974,56772,56782,10
13.1276702881,80.2590179443,56782,56792,10
13.1271696091,80.2590408325,56792,56802,10
13.1266803741,80.2590789795,56802,56812,10
13.1261196136,80.2591094971,56812,56822,10
13.1255102158,80.2591400146,56822,56832,10
13.1248903275,80.2591629028,56832,56842,10
13.1244401932,80.2591705322,56842,56852,10
13.1242103577,80.2592010498,56852,56863,11
13.1234703064,80.2592391968,56863,56893,30
13.1234703064,80.2592391968,56893,56903,10
13.1232099533,80.2592391968,56903,56913,10
13.1229600906,80.2592926025,56913,56923,10
13.1229295731,80.2593765259,56923,56933,10
13.1229200363,80.2594223022,56933,56943,10
13.1228904724,80.2596511841,56943,56953,10
13.1229000092,80.2601470947,56953,56963,10
13.1229000092,80.2606964111,56963,56973,10
13.1229200363,80.2613067627,56973,56984,11
13.1229200363,80.2617111206,56984,56994,10
13.1229295731,80.2621536255,56994,57004,10
13.1229000092,80.2626495361,57004,57014,10
13.1229000092,80.2631607056,57014,57024,10
13.1228904724,80.2638015747,57024,57034,10
13.122879982,80.2645111084,57034,57044,10
13.1228599548,80.2651977539,57044,57054,10
13.1228504181,80.2656402588,57054,57064,10
13.1225595474,80.2658004761,57064,57074,10
13.122179985,80.2658004761,57074,57083,9
13.122179985,80.2657928467,57083,57095,12
13.1218204498,80.2657775879,57095,57105,10
13.1213998795,80.2657928467,57105,57115,10
13.1208295822,80.2657699585,57115,57125,10
13.1202697754,80.2657775879,57125,57135,10
13.1198396683,80.2657775879,57135,57145,10
13.1192102432,80.2657623291,57145,57175,30
13.1192102432,80.2657623291,57175,57185,10
13.1190900803,80.2657470703,57185,57195,10
13.1189403534,80.2657394409,57195,57205,10
13.118470192,80.2657394409,57205,57216,11
13.1177501678,80.2657318115,57216,57226,10
13.1171197891,80.2657318115,57226,57236,10
13.1167001724,80.2657165527,57236,57246,10
13.1161603928,80.2657165527,57246,57256,10
13.115530014,80.2657089233,57256,57266,10
13.1153001785,80.2657165527,57266,57276,10
13.115070343,80.2657165527,57276,57286,10
13.1144199371,80.2657012939,57286,57306,20
13.1144199371,80.2657012939,57306,57316,10
13.114159584,80.2657089233,57316,57325,9
13.1138896942,80.2657470703,57325,57337,12
13.1132202148,80.2657470703,57337,57347,10
13.1124897003,80.2657394409,57347,57357,10
13.1119098663,80.2657394409,57357,57367,10
13.1116399765,80.2657623291,57367,57377,10
13.1110897064,80.2657623291,57377,57397,20
13.1110897064,80.2657623291,57397,57407,10
13.1107797623,80.2657623291,57407,57417,10
13.1105298996,80.2658462524,57417,57427,10
13.1102399826,80.2660827637,57427,57437,10
13.1098804474,80.2663726807,57437,57447,10
13.1094703674,80.266708374,57447,57458,11
13.1090602875,80.2671203613,57458,57468,10
13.1089601517,80.2671890259,57468,57478,10
13.1087398529,80.2674179077,57478,57488,10
13.1083097458,80.2678375244,57488,57498,10
13.107749939,80.2683868408,57498,57508,10
13.1071796417,80.2690200806,57508,57518,10
13.1066303253,80.2696685791,57518,57528,10
13.1061296463,80.2702407837,57528,57538,10
13.1056203842,80.2707901001,57538,57548,10
13.105050087,80.2711181641,57548,57558,10
13.1046104431,80.2713394165,57558,57569,11
13.1045503616,80.2713699341,57569,57579,10
13.1044301987,80.2714767456,57579,57589,10
13.10435009,80.2717895508,57589,57599,10
13.1039800644,80.2722930908,57599,57609,10
13.1038799286,80.2729568481,57609,57619,10
13.1039800644,80.2735671997,57619,57629,10
13.1040496826,80.2741622925,57629,57639,10
13.1041097641,80.2744064331,57639,57649,10
13.104180336,80.2748031616,57649,57659,10
13.1042804718,80.2752075195,57659,57669,10
13.1044597626,80.2757263184,57669,57679,10
13.1046199799,80.2761230469,57679,57730,51
13.1046199799,80.2761230469,57730,57740,10
13.1045703888,80.2763214111,57740,57750,10
13.1047000885,80.2766494751,57750,57760,10
13.1049203873,80.2772369385,57760,57770,10
13.1051301956,80.2779769897,57770,57780,10
13.105340004,80.278678894,57780,57790,10
13.1055002213,80.2793884277,57790,57800,10
13.1055603027,80.2801132202,57800,57811,11
13.1055402756,80.2808609009,57811,57821,10
13.1054697037,80.2816390991,57821,57831,10
13.1053695679,80.282371521,57831,57841,10
13.1052303314,80.2830200195,57841,57851,10
13.105099678,80.2840423584,57851,57901,50
13.105099678,80.2840423584,57901,57911,10
13.1050796509,80.2843017578,57911,57921,10
13.1050195694,80.2846832275,57921,57932,11
13.1049003601,80.2852172852,57932,57942,10
13.10476017,80.2857131958,57942,57952,10
13.1047000885,80.2858963013,57952,57962,10
13.1046304703,80.2862167358,57962,57972,10
13.1045598984,80.2864379883,57972,57982,10
13.1044998169,80.2866516113,57982,57992,10
13.1044502258,80.286819458,57992,58002,10
13.1041898727,80.287361145,58002,58022,20
13.1041898727,80.287361145,58022,58032,10
13.1041202545,80.2874984741,58032,58043,11
13.1039104462,80.2880020142,58043,58053,10
13.1036195755,80.2886428833,58053,58063,10
13.1033000946,80.2893295288,58063,58073,10
13.1030197144,80.2900009155,58073,58083,10
13.1029596329,80.2901916504,58083,58093,10
13.1028795242,80.2903518677,58093,58103,10
13.1030902863,80.2907104492,58103,58113,10
13.1036901474,80.2908782959,58113,58123,10
13.1043996811,80.2909622192,58123,58133,10
13.1051502228,80.2909698486,58133,58143,10
13.1058397293,80.2911834717,58143,58153,10
13.1059398651,80.2918701172,58153,58164,11
13.1060304642,80.2925415039,58164,58174,10
13.1060800552,80.2930374146,58174,58184,10
13.105919838,80.293548584,58184,58194,10
13.1056604385,80.2942428589,58194,58204,10
13.1053800583,80.2949371338,58204,58214,10
13.1048297882,80.2953796387,58214,58224,10
13.104060173,80.2952194214,58224,58234,10
13.1032400131,80.2949905396,58234,58244,10
13.1024703979,80.2947692871,58244,58254,10
13.101650238,80.2945480347,58254,58264,10
13.1008796692,80.2943572998,58264,58274,10
13.1002502441,80.2942276001,58274,58285,11
13.1000099182,80.2941818237,58285,58295,10
13.0999403,80.294128418,58295,58305,10
13.0996303558,80.2940216064,58305,58315,10
13.0991296768,80.293838501,58315,58325,10
13.0984096527,80.2936172485,58325,58335,10
13.0976800919,80.2933731079,58335,58345,10
13.0969200134,80.2931213379,58345,58355,10
13.0961999893,80.2928924561,58355,58365,10
13.0954999924,80.2926635742,58365,58375,10
13.095000267,80.2925262451,58375,58385,10
13.0944299698,80.2923202515,58385,58416,31
13.0944299698,80.2923202515,58416,58426,10
13.0942802429,80.2922592163,58426,58436,10
13.0939102173,80.2921524048,58436,58446,10
13.0933904648,80.2919921875,58446,58456,10
13.0927600861,80.2917861938,58456,58466,10
13.0921001434,80.2916030884,58466,58476,10
13.0914697647,80.2913818359,58476,58486,10
13.0907802582,80.2911529541,58486,58496,10
13.0900297165,80.2909011841,58496,58506,10
13.0889396667,80.2905426025,58506,58547,41
13.0889396667,80.2905426025,58547,58557,10
13.0887899399,80.2905731201,58557,58567,10
13.0885400772,80.2904281616,58567,58577,10
13.0881099701,80.2902069092,58577,58587,10
13.0875196457,80.2899627686,58587,58597,10
13.086810112,80.2897415161,58597,58607,10
13.0860996246,80.2895431519,58607,58617,10
13.0857496262,80.2894287109,58617,58627,10
13.0854902267,80.2889785767,58627,58638,11
13.085149765,80.288230896,58638,58648,10
13.0851697922,80.2866821289,58648,58658,10
13.0851697922,80.2866821289,58658,58668,10
13.0852403641,80.2858505249,58668,58677,9
13.0854196548,80.2848968506,58677,58745,68
13.0856399536,80.285118103,58745,58776,31
13.0858697891,80.2852706909,58776,58980,204
13.0855197906,80.2851333618,58980,59081,101
13.0855197906,80.2851333618,59081,59091,10
13.0853099823,80.2855606079,59091,59100,9
13.085269928,80.2859573364,59100,59112,12
13.0852003098,80.2866897583,59112,59122,10
13.0851602554,80.287437439,59122,59132,10
13.0851898193,80.2878265381,59132,59142,10
13.0852203369,80.2880020142,59142,59152,10
13.0853004456,80.2884368896,59152,59162,10
13.0856103897,80.2889862061,59162,59172,10
13.0862598419,80.2892684937,59172,59182,10
13.0870103836,80.2895126343,59182,59192,10
13.0876598358,80.2898025513,59192,59202,10
13.0881595612,80.2901000977,59202,59212,10
13.0886096954,80.2902832031,59212,59222,10
13.0886602402,80.2902984619,59222,59233,11
13.0887002945,80.2903366089,59233,59243,10
13.0889596939,80.2904968262,59243,59253,10
13.0893697739,80.2906570435,59253,59263,10
13.0899000168,80.2908477783,59263,59273,10
13.0904903412,80.291053772,59273,59283,10
13.0911598206,80.2912902832,59283,59293,10
13.0918598175,80.291519165,59293,59303,10
13.0924501419,80.2917175293,59303,59311,8
13.0929403305,80.2918777466,59311,59323,12
13.0936098099,80.2921066284,59323,59332,9
13.0941801071,80.2922668457,59332,59343,11
13.0942697525,80.2922897339,59343,59354,11
13.0943002701,80.2922973633,59354,59364,10
13.0948495865,80.2924423218,59364,59394,30
13.0948495865,80.2924423218,59394,59404,10
13.0950202942,80.2925186157,59404,59414,10
13.0953998566,80.2926712036,59414,59424,10
13.0960798264,80.2928771973,59424,59505,81
13.0960798264,80.2928771973,59505,59515,10
13.0962200165,80.2929382324,59515,59525,10
13.0966396332,80.2930984497,59525,59535,10
13.0972499847,80.2933197021,59535,59545,10
13.0979299545,80.2935562134,59545,59555,10
13.0986404419,80.2937774658,59555,59565,10
13.0992898941,80.2939529419,59565,59575,10
13.099360466,80.2939682007,59575,59586,11
13.0995903015,80.294052124,59586,59596,10
13.1000404358,80.2941894531,59596,59606,10
13.1006002426,80.2942886353,59606,59616,10
13.1011600494,80.2944030762,59616,59626,10
13.1016101837,80.2939682007,59626,59636,10
13.101849556,80.2934417725,59636,59646,10
13.1020698547,80.2927627563,59646,59656,10
13.102230072,80.2920837402,59656,59666,10
13.1022996902,80.2916488647,59666,59676,10
13.1024999619,80.2910690308,59676,59686,10
13.1027698517,80.2904586792,59686,59696,10
13.10297966,80.2900085449,59696,59707,11
13.1031999588,80.2895202637,59707,59717,10
13.1032495499,80.2893981934,59717,59727,10
13.1032800674,80.2893371582,59727,59737,10
13.1034202576,80.2890319824,59737,59747,10
13.1036596298,80.2884902954,59747,59757,10
13.103969574,80.2878189087,59757,59767,10
13.1042203903,80.2872009277,59767,59787,20
13.1042203903,80.2872009277,59787,59797,10
13.1042804718,80.2869796753,59797,59806,9
13.1044197083,80.2866821289,59806,59818,12
13.1045999527,80.2861099243,59818,59828,10
13.1047801971,80.2855911255,59828,59838,10
13.1049404144,80.2849273682,59838,59848,10
13.1049900055,80.2845001221,59848,59888,40
13.1049900055,80.2845001221,59888,59898,10
13.1049900055,80.2843399048,59898,59908,10
13.1050195694,80.2840576172,59908,59918,10
13.1050701141,80.283706665,59918,59928,10
13.1051397324,80.2831802368,59928,59939,11
13.1051998138,80.2827224731,59939,59949,10
13.1052398682,80.2825012207,59949,59999,50
13.1052398682,80.2825012207,59999,60009,10
13.1053199768,80.282409668,60009,60019,10
13.1054000854,80.282081604,60019,60029,10
13.1054697037,80.2815475464,60029,60039,10
13.105509758,80.2810211182,60039,60049,10
13.1055297852,80.2805480957,60049,60060,11
13.1055402756,80.2800369263,60060,60070,10
13.105509758,80.2794876099,60070,60080,10
13.1053495407,80.2787094116,60080,60090,10
13.1051101685,80.2778701782,60090,60100,10
13.104809761,80.2770080566,60100,60110,10
13.1045398712,80.2762908936,60110,60120,10
13.1043395996,80.2757873535,60120,60160,40
13.1043395996,80.2757873535,60160,60171,11
13.1043195724,80.2757415771,60171,60181,10
13.1042203903,80.2753601074,60181,60191,10
13.1041202545,80.2749023438,60191,60201,10
13.1040000916,80.2743606567,60201,60211,10
13.1039800644,80.2742233276,60211,60221,10
13.103969574,80.2740631104,60221,60231,10
13.1039400101,80.273727417,60231,60292,61
13.1039400101,80.273727417,60292,60302,10
13.1039600372,80.2733764648,60302,60312,10
13.103890419,80.2729873657,60312,60322,10
13.1037902832,80.2725372314,60322,60332,10
13.1040201187,80.2721633911,60332,60342,10
13.1042995453,80.2717971802,60342,60352,10
13.1044397354,80.2713470459,60352,60362,10
13.1048603058,80.2711105347,60362,60372,10
13.1055002213,80.2708129883,60372,60382,10
13.1060495377,80.2702713013,60382,60392,10
13.1065597534,80.2696685791,60392,60402,10
13.1070098877,80.2691879272,60402,60413,11
13.1074399948,80.268699646,60413,60423,10
13.1078901291,80.2682266235,60423,60433,10
13.1084003448,80.2677307129,60433,60443,10
13.1086797714,80.2674636841,60443,60453,10
13.1087398529,80.2674026489,60453,60463,10
13.1089801788,80.2671585083,60463,60483,20
13.1089801788,80.2671585083,60483,60493,10
13.1092395782,80.2668991089,60493,60503,10
13.1095504761,80.2666320801,60503,60513,10
13.109919548,80.2663116455,60513,60523,10
13.1103000641,80.2659835815,60523,60534,11
13.1111602783,80.2656173706,60534,60554,20
13.1111602783,80.2656173706,60554,60564,10
13.1115398407,80.2656097412,60564,60574,10
13.1120595932,80.2656173706,60574,60584,10
13.1126899719,80.2656478882,60584,60594,10
13.1134195328,80.2656478882,60594,60604,10
13.1140699387,80.265663147,60604,60614,10
13.1143798828,80.2657012939,60614,60634,20
13.1143798828,80.2657012939,60634,60645,11
13.1146802902,80.2657394409,60645,60655,10
13.1151399612,80.2657318115,60655,60665,10
13.1154003143,80.2657394409,60665,60675,10
13.1157798767,80.2657394409,60675,60685,10
13.1163702011,80.2657623291,60685,60695,10
13.1170902252,80.2657699585,60695,60705,10
13.1177797318,80.2657775879,60705,60715,10
13.1185398102,80.2657928467,60715,60725,10
13.1195402145,80.2658004761,60725,60755,30
13.1195402145,80.2658004761,60755,60766,11
13.119890213,80.2658004761,60766,60776,10
13.1201095581,80.2657775879,60776,60786,10
13.1205301285,80.2657928467,60786,60796,10
13.1211204529,80.2658004761,60796,60806,10
13.1217803955,80.2658233643,60806,60816,10
13.1227798462,80.2658004761,60816,60846,30
13.1227798462,80.2658004761,60846,60856,10
13.1228504181,80.2657089233,60856,60866,10
13.1228504181,80.2655029297,60866,60875,9
13.1228599548,80.2650985718,60875,60887,12
13.1229000092,80.2643280029,60887,60897,10
13.1228904724,80.2636413574,60897,60907,10
13.122879982,80.2630233765,60907,60917,10
13.1228904724,80.262298584,60917,60927,10
13.1228704453,80.2618408203,60927,60937,10
13.1228704453,80.2618103027,60937,60947,10
13.122879982,80.2616271973,60947,60957,10
13.122879982,80.2612762451,60957,60967,10
13.1228904724,80.2606735229,60967,60977,10
13.1228904724,80.2600479126,60977,60987,10
13.1229000092,80.259437561,60987,61008,21
13.1229000092,80.259437561,61008,61018,10
13.1229496002,80.259262085,61018,61028,10
13.1230897903,80.2592163086,61028,61038,10
13.1234502792,80.2592086792,61038,61048,10
13.1239004135,80.2592086792,61048,61058,10
13.1242704391,80.2591934204,61058,61068,10
13.1247501373,80.2591781616,61068,61119,51
13.1247501373,80.2591781616,61119,61129,10
13.1248397827,80.2591934204,61129,61139,10
13.1251802444,80.2591781616,61139,61149,10
13.1256504059,80.2591629028,61149,61159,10
13.1261196136,80.2591400146,61159,61169,10
13.1266298294,80.2591094971,61169,61179,10
13.1270303726,80.2590789795,61179,61189,10
13.1274700165,80.2590484619,61189,61199,10
13.1275396347,80.2590408325,61199,61209,10
13.127699852,80.2590332031,61209,61219,10
13.1281995773,80.2590026855,61219,61228,9
13.1285800934,80.2589569092,61228,61240,12
13.1290903091,80.2589416504,61240,61250,10
13.1292600632,80.2589416504,61250,61260,10
13.1295900345,80.2589263916,61260,61270,10
13.1300897598,80.2589187622,61270,61280,10
13.1308603287,80.2588577271,61280,61310,30
13.1308603287,80.2588577271,61310,61320,10
13.1310596466,80.2588500977,61320,61330,10
13.1312599182,80.2588195801,61330,61340,10
13.1313400269,80.2587432861,61340,61350,10
13.1313695908,80.2584533691,61350,61361,11
13.1313800812,80.2579727173,61361,61371,10
13.1313896179,80.2574386597,61371,61381,10
13.1314001083,80.2568511963,61381,61391,10
13.1314296722,80.256187439,61391,61401,10
13.1314401627,80.255569458,61401,61411,10
13.1314601898,80.2548980713,61411,61421,10
13.131480217,80.2544021606,61421,61431,10
13.1314897537,80.2538604736,61431,61441,10
13.1315002441,80.2528991699,61441,61461,20
13.1315002441,80.2528991699,61461,61472,11
13.1316003799,80.2526702881,61472,61482,10
13.1318101883,80.2527084351,61482,61492,10
13.1319904327,80.2529983521,61492,61502,10
13.1322698593,80.253288269,61502,61512,10
13.1327400208,80.2534790039,61512,61522,10
13.1329298019,80.2535171509,61522,61532,10
13.1333198547,80.2535400391,61532,61542,10
13.1339797974,80.2536010742,61542,61572,30
13.1339797974,80.2536010742,61572,61582,10
13.1343002319,80.2537307739,61582,61593,11
13.1348104477,80.2540130615,61593,61603,10
13.1351299286,80.2542266846,61603,61613,10
13.1354503632,80.254447937,61613,61623,10
13.1356801987,80.2546386719,61623,61633,10
13.1359100342,80.2548217773,61633,61643,10
13.1363401413,80.2551879883,61643,61663,20
13.1363401413,80.2551879883,61663,61673,10
13.1363897324,80.2552566528,61673,61683,10
13.1365299225,80.2554626465,61683,61693,10
13.1365804672,80.2556610107,61693,61703,10
13.1365995407,80.2559280396,61703,61714,11
13.1365804672,80.2564315796,61714,61724,10
13.1365404129,80.2569274902,61724,61734,10
13.1364803314,80.2572097778,61734,61744,10
13.1362600327,80.2570419312,61744,62480,736
13.1362600327,80.2570419312,62480,62490,10
13.1364097595,80.2569274902,62490,62500,10
13.1365203857,80.2569122314,62500,62510,10
13.1365499496,80.2566986084,62510,62520,10
13.1365699768,80.2563781738,62520,62530,10
13.1365804672,80.2559585571,62530,62541,11
13.1365604401,80.2556304932,62541,62551,10
13.1364603043,80.2553634644,62551,62561,10
13.1362304688,80.2551193237,62561,62571,10
13.1359901428,80.2549133301,62571,62581,10
13.1356801987,80.2546386719,62581,62591,10
13.1354999542,80.2544937134,62591,62601,10
13.1353397369,80.2543792725,62601,62611,10
13.135020256,80.2541732788,62611,62621,10
13.134759903,80.2539596558,62621,62631,10
13.1342000961,80.2536621094,62631,62652,21
13.1342000961,80.2536621094,62652,62662,10
13.1339797974,80.2536087036,62662,62672,10
13.1336898804,80.2535705566,62672,62682,10
13.1332302094,80.2535324097,62682,62692,10
13.1326198578,80.2534484863,62692,62702,10
13.132060051,80.2531280518,62702,62712,10
13.1317796707,80.2527923584,62712,62722,10
13.1315402985,80.2530212402,62722,62742,20
13.1315402985,80.2530212402,62742,62752,10
13.1315498352,80.2532577515,62752,62761,9
13.1315202713,80.253692627,62761,62773,12
13.1315097809,80.254447937,62773,62783,10
13.1314697266,80.2550582886,62783,62793,10
13.1314601898,80.2556228638,62793,62803,10
13.1314401627,80.256187439,62803,62813,10
13.1314296722,80.2567977905,62813,62823,10
13.1314296722,80.2572631836,62823,62833,10
13.1314201355,80.2576522827,62833,62843,10
13.1314001083,80.2584533691,62843,62863,20
13.1314001083,80.2584533691,62863,62873,10
13.1313800812,80.2585678101,62873,62882,9
13.1313400269,80.2587966919,62882,62894,12
13.1310596466,80.2588424683,62894,62904,10
13.130610466,80.2588729858,62904,62914,10
13.1300497055,80.2589035034,62914,62954,40
13.1281995773,80.2590179443,62954,62965,11
13.1274204254,80.2590866089,62965,62975,10
13.1267700195,80.2591171265,62975,62985,10
13.1261396408,80.259147644,62985,62995,10
13.1257095337,80.2591781616,62995,63016,21
13.1257095337,80.2591781616,63016,63026,10
13.1253700256,80.2591934204,63026,63036,10
13.1248397827,80.2592086792,63036,63046,10
13.124420166,80.2592391968,63046,63056,10
13.1240701675,80.2592468262,63056,63066,10
13.1235704422,80.2592773438,63066,63086,20
13.1235704422,80.2592773438,63086,63096,10
13.123459816,80.2592697144,63096,63106,10
13.1230602264,80.2592926025,63106,63115,9
13.1229600906,80.2594070435,63115,63127,12
13.1229400635,80.2598190308,63127,63137,10
13.1229400635,80.2603912354,63137,63147,10
13.1229400635,80.2611312866,63147,63157,10
13.1229295731,80.261680603,63157,63167,10
13.1229200363,80.2619781494,63167,63177,10
13.1229095459,80.262512207,63177,63187,10
13.1229095459,80.2631530762,63187,63197,10
13.1228904724,80.2638702393,63197,63207,10
13.1229000092,80.2645874023,63207,63217,10
13.1228904724,80.2648620605,63217,63227,10
13.1228904724,80.2652282715,63227,63236,9
13.1228704453,80.2655410767,63236,63248,12
13.1228199005,80.2658004761,63248,63258,10
13.122420311,80.2658081055,63258,63268,10
13.1222000122,80.2658233643,63268,63278,10
13.1221599579,80.2658081055,63278,63288,10
13.1217803955,80.2658004761,63288,63298,10
13.1211996078,80.2657928467,63298,63308,10
13.1205997467,80.2658004761,63308,63318,10
13.1200399399,80.2658004761,63318,63328,10
13.1197299957,80.2658081055,63328,63338,10
13.1192998886,80.2658081055,63338,63348,10
13.1191997528,80.2658081055,63348,63358,10
13.1188297272,80.2657928467,63358,63369,11
13.1182603836,80.2658004761,63369,63379,10
13.117650032,80.2657928467,63379,63389,10
13.1169700623,80.2657775879,63389,63399,10
13.1163797379,80.2657775879,63399,63409,10
13.1158599854,80.2657699585,63409,63419,10
13.1154499054,80.2657699585,63419,63429,10
13.1153202057,80.2657699585,63429,63439,10
13.1151304245,80.2657699585,63439,63449,10
13.1148395538,80.2657699585,63449,63459,10
13.1143798828,80.2657470703,63459,63480,21
13.1143798828,80.2657470703,63480,63490,10
13.114159584,80.2657699585,63490,63500,10
13.1138601303,80.2657928467,63500,63510,10
13.1133899689,80.2657928467,63510,63520,10
13.112830162,80.2657775879,63520,63530,10
13.1121902466,80.2657775879,63530,63540,10
13.1118001938,80.2657928467,63540,63550,10
13.111530304,80.2658004761,63550,63560,10
13.1111001968,80.2657775879,63560,63570,10
13.1108503342,80.2657623291,63570,63601,31
13.1108503342,80.2657623291,63601,63611,10
13.110619545,80.2658309937,63611,63621,10
13.1104402542,80.2659378052,63621,63631,10
13.1100702286,80.2662506104,63631,63641,10
13.1095895767,80.2666320801,63641,63651,10
13.1091098785,80.2670593262,63651,63661,10
13.1089801788,80.2671585083,63661,63671,10
13.1088399887,80.2672424316,63671,63681,10
13.1084699631,80.2676315308,63681,63691,10
13.1079702377,80.2681427002,63691,63701,10
13.107509613,80.2686309814,63701,63712,11
13.1069602966,80.2692718506,63712,63722,10
13.1065101624,80.2697906494,63722,63732,10
13.106010437,80.2703704834,63732,63742,10
13.1054801941,80.2709121704,63742,63752,10
13.104809761,80.2712402344,63752,63762,10
13.1044597626,80.271446228,63762,63772,10
13.1042995453,80.2719192505,63772,63782,10
13.1038703918,80.2724533081,63782,63792,10
13.103890419,80.2730789185,63792,63802,10
13.1039896011,80.2737121582,63802,63812,10
13.1040897369,80.2743301392,63812,63821,9
13.1041698456,80.2747573853,63821,63833,12
13.1042900085,80.2753067017,63833,63843,10
13.1044797897,80.2758178711,63843,63853,10
13.1046104431,80.2761001587,63853,63883,30
13.1046104431,80.2761001587,63883,63893,10
13.1046199799,80.2761917114,63893,63903,10
13.1046695709,80.2764129639,63903,63913,10
13.1047296524,80.2765731812,63913,63923,10
13.10476017,80.2766418457,63923,63933,10
13.1048603058,80.2769393921,63933,63942,9
13.1049604416,80.2773513794,63942,63954,12
13.1051998138,80.2781600952,63954,63964,10
13.1054000854,80.2788619995,63964,63974,10
13.1055402756,80.279548645,63974,63984,10
13.1055698395,80.2802734375,63984,63994,10
13.1055297852,80.2810974121,63994,64004,10
13.1054496765,80.2819519043,64004,64014,10
13.1052904129,80.2827682495,64014,64024,10
13.1051902771,80.2835235596,64024,64034,10
13.1051197052,80.2840576172,64034,64044,10
13.1051101685,80.2840576172,64044,64054,10
13.1050596237,80.2842636108,64054,64065,11
13.1050100327,80.2846374512,64065,64075,10
13.1049098969,80.2852020264,64075,64085,10
13.1048002243,80.28565979,64085,64095,10
13.1046304703,80.2860870361,64095,64105,10
13.1045303345,80.2865371704,64105,64115,10
13.1045303345,80.2865829468,64115,64125,10
13.1044998169,80.2867889404,64125,64135,10
13.1043596268,80.2870407104,64135,64145,10
13.1042203903,80.2873535156,64145,64155,10
13.1042098999,80.287361145,64155,64165,10
13.1041402817,80.2875671387,64165,64175,10
13.1039304733,80.2880172729,64175,64186,11
13.1036100388,80.2886886597,64186,64196,10
13.1033201218,80.2893295288,64196,64206,10
13.102930069,80.2902374268,64206,64226,20
13.102930069,80.2902374268,64226,64236,10
13.1028499603,80.2905731201,64236,64246,10
13.1032495499,80.2907485962,64246,64256,10
13.1038103104,80.2908630371,64256,64266,10
13.1044197083,80.2909469604,64266,64276,10
13.1051197052,80.2909698486,64276,64286,10
13.1057901382,80.2911376953,64286,64296,10
13.1059398651,80.2918395996,64296,64307,11
13.1060304642,80.2926330566,64307,64317,10
13.1060600281,80.2930526733,64317,64327,10
13.1059303284,80.2935028076,64327,64337,10
13.1056900024,80.2941970825,64337,64347,10
13.1054201126,80.2949066162,64347,64357,10
13.1049203873,80.2954101563,64357,64367,10
13.1042699814,80.2953033447,64367,64377,10
13.1036195755,80.2950973511,64377,64387,10
13.1029901505,80.294921875,64387,64397,10
13.1023397446,80.2947311401,64397,64407,10
13.1016101837,80.2945404053,64407,64418,11
13.1008901596,80.2943572998,64418,64428,10
13.0999202728,80.2941894531,64428,64448,20
13.0999202728,80.2941894531,64448,64458,10
13.0995998383,80.2941131592,64458,64468,10
13.0991096497,80.2939376831,64468,64478,10
13.0984296799,80.2936935425,64478,64488,10
13.0977096558,80.2934570313,64488,64498,10
13.0969800949,80.2932434082,64498,64508,10
13.0962200165,80.2929763794,64508,64518,10
13.0956401825,80.2927932739,64518,64527,9
13.0955600739,80.2927703857,64527,64539,12
13.0952997208,80.2927093506,64539,64549,10
13.0950403214,80.2926177979,64549,64559,10
13.094909668,80.2925567627,64559,64569,10
13.0946998596,80.2924880981,64569,64579,10
13.0944795609,80.2924118042,64579,64619,40
13.0944795609,80.2924118042,64619,64629,10
13.0941801071,80.2922363281,64629,64639,10
13.0938596725,80.2921676636,64639,64649,10
13.0934696198,80.2920379639,64649,64660,11
13.0930099487,80.2919387817,64660,64670,10
13.0924100876,80.2917633057,64670,64680,10
13.0919799805,80.291633606,64680,64690,10
13.0915203094,80.2914505005,64690,64700,10
13.0911197662,80.2913131714,64700,64710,10
13.0907802582,80.2911834717,64710,64720,10
13.0902700424,80.2910003662,64720,64730,10
13.0896902084,80.2908096313,64730,64740,10
13.0893001556,80.2907028198,64740,64750,10
13.0892295837,80.2906799316,64750,64760,10
13.0888795853,80.2905426025,64760,64771,11
13.088350296,80.2902679443,64771,64781,10
13.0878400803,80.2900390625,64781,64791,10
13.0872001648,80.2898178101,64791,64801,10
13.0865697861,80.289642334,64801,64811,10
13.0858898163,80.2894821167,64811,64821,10
13.0854597092,80.2889175415,64821,64831,10
13.0851802826,80.2882080078,64831,64841,10
13.085149765,80.2879562378,64841,64851,10
13.085149765,80.2876586914,64851,64861,10
13.0851802826,80.287071228,64861,64871,10
13.0852403641,80.2863235474,64871,64881,10
13.0853099823,80.2854614258,64881,64892,11
13.0852603912,80.2843170166,64892,64922,30
13.0852603912,80.2843170166,64922,64932,10
13.0852499008,80.2843017578,64932,64942,10
13.0853595734,80.2841873169,64942,64952,10
13.085439682,80.2844390869,64952,64962,10
13.0854196548,80.284866333,64962,64972,10
13.0854597092,80.2851715088,64972,64982,10
13.0856399536,80.2852478027,64982,64992,10
13.0857496262,80.2851486206,64992,65174,182
13.0857496262,80.2851486206,65174,65184,10
13.085439682,80.2852020264,65184,65194,10
13.0853700638,80.2854232788,65194,65204,10
13.0853204727,80.2858581543,65204,65214,10
13.085269928,80.2864685059,65214,65224,10
13.0852098465,80.2872314453,65224,65234,10
13.0851898193,80.2878189087,65234,65245,11
13.0852499008,80.2883300781,65245,65255,10
13.0854797363,80.2889022827,65255,65265,10
13.0860395432,80.2892379761,65265,65275,10
13.0867700577,80.2894668579,65275,65285,10
13.0874595642,80.2897262573,65285,65295,10
13.0879001617,80.2900238037,65295,65305,10
13.0880298615,80.2900772095,65305,65315,10
13.0881900787,80.2901611328,65315,65325,10
13.0884599686,80.2902526855,65325,65335,10
13.0887804031,80.2903823853,65335,65345,10
13.0891199112,80.2905502319,65345,65356,11
13.0895595551,80.2907028198,65356,65366,10
13.0900697708,80.2909011841,65366,65376,10
13.0903100967,80.2910003662,65376,65386,10
13.0906200409,80.2911300659,65386,65396,10
13.0910902023,80.2912979126,65396,65406,10
13.0916500092,80.2914886475,65406,65426,20
13.0916500092,80.2914886475,65426,65436,10
13.0918102264,80.2915267944,65436,65446,10
13.0921401978,80.291633606,65446,65456,10
13.0924701691,80.2917480469,65456,65466,10
13.0927400589,80.2918395996,65466,65477,11
13.0930500031,80.2919464111,65477,65487,10
13.0934000015,80.2920532227,65487,65497,10
13.0942201614,80.2923126221,65497,65517,20
13.0942201614,80.2923126221,65517,65527,10
13.0942802429,80.292350769,65527,65537,10
13.094619751,80.2924575806,65537,65547,10
13.0948495865,80.2925262451,65547,65567,20
13.0948495865,80.2925262451,65567,65577,10
13.0950603485,80.2926025391,65577,65587,10
13.0954504013,80.2927703857,65587,65598,11
13.0960302353,80.2929534912,65598,65608,10
13.0966100693,80.2931289673,65608,65618,10
13.0971403122,80.293296814,65618,65628,10
13.0975198746,80.2934036255,65628,65638,10
13.0975904465,80.2934494019,65638,65648,10
13.097869873,80.2935714722,65648,65658,10
13.0983104706,80.2937393188,65658,65668,10
13.0988798141,80.2938919067,65668,65678,10
13.0993204117,80.2940216064,65678,65708,30
13.0993204117,80.2940216064,65708,65719,11
13.0998401642,80.2941818237,65719,65729,10
13.1003198624,80.2942810059,65729,65739,10
13.1009397507,80.294380188,65739,65749,10
13.101360321,80.2942962646,65749,65759,10
13.1016998291,80.2937469482,65759,65769,10
13.1019201279,80.293296814,65769,65779,10
13.1021003723,80.2926635742,65779,65789,10
13.1022500992,80.2920608521,65789,65799,10
13.1023702621,80.291557312,65799,65809,10
13.1025600433,80.2909622192,65809,65818,9
13.1027603149,80.2905502319,65818,65830,12
13.1030197144,80.2900009155,65830,65840,10
13.1032400131,80.2895126343,65840,65850,10
13.103269577,80.2894515991,65850,65860,10
13.1034297943,80.2891769409,65860,65870,10
13.1036396027,80.2886505127,65870,65880,10
13.1039600372,80.2879562378,65880,65890,10
13.1042299271,80.2872695923,65890,65951,61
13.1042299271,80.2872695923,65951,65961,10
13.1043100357,80.2869110107,65961,65971,10
13.1044902802,80.2865524292,65971,65981,10
13.104640007,80.2860794067,65981,65991,10
13.1048002243,80.2855987549,65991,66001,10
13.1049404144,80.2850189209,66001,66011,10
13.1050300598,80.2844161987,66011,66051,40
13.1050300598,80.2844161987,66051,66061,10
13.1050395966,80.2842025757,66061,66072,11
13.105099678,80.2838134766,66072,66082,10
13.1051797867,80.2832336426,66082,66092,10
13.1052999496,80.2825393677,66092,66102,10
13.1054201126,80.2817687988,66102,66112,10
13.1055002213,80.2810974121,66112,66122,10
13.1055297852,80.2805175781,66122,66132,10
13.1055402756,80.2799377441,66132,66142,10
13.1054697037,80.2792816162,66142,66152,10
13.1052703857,80.2785110474,66152,66162,10
13.1050300598,80.2776870728,66162,66172,10
13.10476017,80.2769012451,66172,66181,9
13.1044101715,80.2760314941,66181,66213,32
13.1044101715,80.2760314941,66213,66223,10
13.1043796539,80.2759170532,66223,66233,10
13.1042404175,80.2754974365,66233,66243,10
13.1041297913,80.2750701904,66243,66253,10
13.1041202545,80.2750015259,66253,66263,10
13.1041202545,80.2749023438,66263,66273,10
13.104060173,80.2745437622,66273,66283,10
13.1040000916,80.2741470337,66283,66293,10
13.1040000916,80.2741012573,66293,66304,11
13.103969574,80.2737808228,66304,66314,10
13.1039304733,80.2735214233,66314,66324,10
13.103890419,80.2732696533,66324,66334,10
13.1038398743,80.2729568481,66334,66344,10
13.1038103104,80.2725296021,66344,66354,10
13.1041002274,80.2721710205,66354,66364,10
13.1043395996,80.2717666626,66364,66374,10
13.1045303345,80.2713394165,66374,66384,10
13.1051101685,80.2710800171,66384,66394,10
13.105799675,80.2705993652,66394,66404,10
13.1063804626,80.2699432373,66404,66414,10
13.1069097519,80.2693405151,66414,66425,11
13.1074304581,80.2687606812,66425,66435,10
13.107919693,80.2682723999,66435,66445,10
13.1084403992,80.2677536011,66445,66455,10
13.1088495255,80.2673492432,66455,66465,10
13.1089601517,80.2672424316,66465,66475,10
13.1090898514,80.2670898438,66475,66485,10
13.1093196869,80.2668762207,66485,66495,10
13.1097097397,80.2665023804,66495,66505,10
13.110039711,80.2662506104,66505,66515,10
13.1102304459,80.2661209106,66515,66525,10
13.1103696823,80.2660064697,66525,66535,10
13.1105003357,80.2658691406,66535,66546,11
13.1109199524,80.2656936646,66546,66556,10
13.111240387,80.265663147,66556,66566,10
13.1113595963,80.265663147,66566,66576,10
13.1117801666,80.2656707764,66576,66586,10
13.1123104095,80.265663147,66586,66596,10
13.1129198074,80.2656478882,66596,66606,10
13.1134996414,80.2656478882,66606,66616,10
13.113820076,80.2656478882,66616,66677,61
13.113820076,80.2656478882,66677,66687,10
13.1141500473,80.2657699585,66687,66697,10
13.1143798828,80.2657775879,66697,66707,10
13.11439991,80.2657775879,66707,66717,10
13.1145401001,80.2657928467,66717,66727,10
13.1149101257,80.2657928467,66727,66737,10
13.1152801514,80.2658004761,66737,66747,10
13.115480423,80.2658004761,66747,66757,10
13.1158895493,80.2658081055,66757,66767,10
13.1163301468,80.2658233643,66767,66778,11
13.1168699265,80.2658233643,66778,66788,10
13.1173295975,80.2658309937,66788,66798,10
13.1177997589,80.2658233643,66798,66808,10
13.1182603836,80.2658309937,66808,66818,10
13.1189098358,80.265838623,66818,66828,10
13.1194200516,80.2658462524,66828,66838,10
13.1194601059,80.2658462524,66838,66848,10
13.1196899414,80.2658462524,66848,66858,10
13.1199903488,80.2658462524,66858,66868,10
13.120349884,80.2658462524,66868,66878,10
13.1209096909,80.2658462524,66878,66888,10
13.1214599609,80.2658691406,66888,66899,11
13.1219902039,80.2658691406,66899,66909,10
13.1224403381,80.2658615112,66909,66919,10
13.1225795746,80.2658615112,66919,66929,10
13.1226301193,80.2658691406,66929,66939,10
13.1228303909,80.265838623,66939,66949,10
13.1228704453,80.2656936646,66949,66959,10
13.1228599548,80.2654418945,66959,66969,10
13.1228599548,80.265411377,66969,66979,10
13.1228599548,80.2651672363,66979,66989,10
13.122879982,80.2647476196,66989,66999,10
13.1228904724,80.2641220093,66999,67010,11
13.1228904724,80.2634506226,67010,67020,10
13.1228904724,80.2628326416,67020,67030,10
13.1228704453,80.2620697021,67030,67040,10
13.1228599548,80.2619171143,67040,67050,10
13.1228704453,80.2617111206,67050,67060,10
13.1228599548,80.2613677979,67060,67070,10
13.1228704453,80.2608032227,67070,67080,10
13.1229000092,80.2602767944,67080,67090,10
13.122879982,80.2594299316,67090,67110,20
13.122879982,80.2594299316,67110,67120,10
13.1230201721,80.2592773438,67120,67131,11
13.1232995987,80.2593078613,67131,67141,10
13.1237897873,80.2593078613,67141,67151,10
13.1241903305,80.2593078613,67151,67161,10
13.1247596741,80.2592926025,67161,67181,20
13.1247596741,80.2592926025,67181,67191,10
13.1249198914,80.259262085,67191,67201,10
13.1253700256,80.2592391968,67201,67211,10
13.1259098053,80.2592086792,67211,67221,10
13.1264696121,80.2591781616,67221,67231,10
13.1271095276,80.259147644,67231,67242,11
13.127699852,80.2591171265,67242,67252,10
13.1283197403,80.2590637207,67252,67262,10
13.128780365,80.2590484619,67262,67272,10
13.1291904449,80.2590408325,67272,67282,10
13.1294202805,80.2590408325,67282,67292,10
13.1298303604,80.2590179443,67292,67302,10
13.1303396225,80.2589874268,67302,67312,10
13.1308898926,80.2589569092,67312,67322,10
13.1310300827,80.2589569092,67322,67332,10
13.1312103271,80.2589492798,67332,67342,10
13.1313800812,80.2587890625,67342,67351,9
13.1313800812,80.2584381104,67351,67363,12
13.1314001083,80.2578201294,67363,67373,10
13.1314001083,80.2573394775,67373,67383,10
13.1314096451,80.2569122314,67383,67393,10
13.1314201355,80.2565536499,67393,67403,10
13.1314401627,80.2562103271,67403,67413,10
13.1314496994,80.2557067871,67413,67423,10
13.1314697266,80.2552871704,67423,67433,10
13.131480217,80.2548370361,67433,67443,10
13.1315002441,80.2543029785,67443,67453,10
13.1315002441,80.2537002563,67453,67463,10
13.1315002441,80.2533035278,67463,67473,10
13.1315002441,80.2529602051,67473,67484,11
13.1315002441,80.2529525757,67484,67494,10
13.1316699982,80.2527236938,67494,67504,10
13.1318597794,80.2529067993,67504,67514,10
13.1320800781,80.2532119751,67514,67524,10
13.1324796677,80.2534713745,67524,67534,10
13.133020401,80.253578186,67534,67544,10
13.1334400177,80.253616333,67544,67554,10
13.1338996887,80.2536468506,67554,67574,20
13.1338996887,80.2536468506,67574,67584,10
13.1340303421,80.253692627,67584,67595,11
13.1342802048,80.2537918091,67595,67605,10
13.1346702576,80.2539825439,67605,67615,10
13.1350097656,80.2542266846,67615,67625,10
13.1352500916,80.2544021606,67625,67635,10
13.1354999542,80.2545700073,67635,67645,10
13.1358003616,80.2548065186,67645,67655,10
13.1361598969,80.2551116943,67655,67665,10
13.136300087,80.2552337646,67665,67675,10
13.1363401413,80.2552719116,67675,67685,10
13.1365003586,80.2555007935,67685,67695,10
13.1365499496,80.2556610107,67695,67705,10
13.1365699768,80.2558517456,67705,67716,11
13.1365804672,80.2562484741,67716,67726,10
13.1365499496,80.2567214966,67726,67736,10
13.1364898682,80.2570800781,67736,67746,10
13.1364297867,80.257270813,67746,67756,10
13.1362600327,80.257270813,67756,67766,10
13.1362600327,80.2570800781,67766,68482,716
13.1362600327,80.2570800781,68482,68492,10
13.1362895966,80.2570419312,68492,68502,10
13.1364002228,80.2570266724,68502,68512,10
13.1364803314,80.2569503784,68512,68522,10
13.1365098953,80.2566680908,68522,68531,9
13.1365404129,80.2563705444,68531,68543,12
13.1365499496,80.2561187744,68543,68553,10
13.1365499496,80.2558898926,68553,68563,10
13.1365203857,80.2555999756,68563,68573,10
13.1363697052,80.255317688,68573,68583,10
13.1361703873,80.2551193237,68583,68593,10
13.135890007,80.2548828125,68593,68603,10
13.1355695724,80.2546310425,68603,68613,10
13.1353197098,80.2544403076,68613,68623,10
13.135020256,80.2542495728,68623,68633,10
13.1348400116,80.2540969849,68633,68643,10
13.1346702576,80.2539825439,68643,68653,10
13.1342096329,80.2537612915,68653,68674,21
13.1342096329,80.2537612915,68674,68684,10
13.1338796616,80.2536468506,68684,68694,10
13.1335096359,80.253616333,68694,68704,10
13.1329603195,80.2535934448,68704,68714,10
13.1324300766,80.2534637451,68714,68724,10
13.1319599152,80.253112793,68724,68734,10
13.1317195892,80.252822876,68734,68744,10
13.131529808,80.2528533936,68744,68754,10
13.1315402985,80.2530822754,68754,68764,10
13.1315202713,80.2532730103,68764,68775,11
13.1315097809,80.2537765503,68775,68785,10
13.1314897537,80.2543411255,68785,68795,10
13.1314697266,80.2549209595,68795,68805,10
13.1314601898,80.2554779053,68805,68815,10
13.1314296722,80.2560501099,68815,68825,10
13.1314201355,80.2566223145,68825,68835,10
13.1314201355,80.2571487427,68835,68845,10
13.1314096451,80.2577819824,68845,68855,10
13.1314001083,80.2583389282,68855,68865,10
13.1313695908,80.2587890625,68865,68875,10
13.1312398911,80.2589111328,68875,68885,10
13.1310596466,80.2589111328,68885,68896,11
13.1306600571,80.2589187622,68896,68906,10
13.1302404404,80.2589416504,68906,68916,10
13.12981987,80.2589416504,68916,68926,10
13.1294002533,80.2589874268,68926,68936,10
13.1293296814,80.2589874268,68936,68946,10
13.1290998459,80.2590332031,68946,68956,10
13.1288700104,80.2590332031,68956,68966,10
13.1284704208,80.2590484619,68966,68976,10
13.1280097961,80.2590713501,68976,68986,10
13.1278095245,80.2590789795,68986,68996,10
13.127409935,80.2591018677,68996,69006,10
13.1269397736,80.2591323853,69006,69017,11
13.1264095306,80.259147644,69017,69027,10
13.1257896423,80.2591781616,69027,69037,10
13.1252498627,80.2592010498,69037,69047,10
13.1249399185,80.2592163086,69047,69057,10
13.1245603561,80.2592468262,69057,69067,10
13.1245498657,80.2592391968,69067,69077,10
13.1243400574,80.2592391968,69077,69087,10
13.1240596771,80.259262085,69087,69097,10
13.1236896515,80.2592773438,69097,69107,10
13.1234703064,80.2593002319,69107,69117,10
13.1233501434,80.2593002319,69117,69128,11
13.1229400635,80.2593383789,69128,69158,30
13.1229400635,80.2593383789,69158,69168,10
13.1229000092,80.2596893311,69168,69178,10
13.1228904724,80.2602081299,69178,69188,10
13.1228904724,80.2608718872,69188,69198,10
13.1229000092,80.2614212036,69198,69208,10
13.1229000092,80.2620925903,69208,69218,10
13.1229000092,80.2620925903,69218,69228,10
13.1229000092,80.2626495361,69228,69237,9
13.122469902,80.26587677,69237,69307,70
13.1216697693,80.2658615112,69307,69337,30
13.1216697693,80.2658615112,69337,69367,30
13.1202802658,80.2658309937,69367,69378,11
13.1198701859,80.2658309937,69378,69388,10
13.1195802689,80.2658309937,69388,69398,10
13.1192598343,80.2658309937,69398,69408,10
13.1191396713,80.2658309937,69408,69418,10
13.1187200546,80.2658233643,69418,69428,10
13.1182098389,80.2658233643,69428,69438,10
13.1176996231,80.2658081055,69438,69448,10
13.117190361,80.2658004761,69448,69458,10
13.1167201996,80.2657928467,69458,69468,10
13.1163101196,80.2658004761,69468,69478,10
13.1156902313,80.2657928467,69478,69529,51
13.1156902313,80.2657928467,69529,69539,10
13.1152200699,80.2657928467,69539,69549,10
13.114979744,80.2657775879,69549,69559,10
13.1142997742,80.2657623291,69559,69579,20
13.1142997742,80.2657623291,69579,69589,10
13.1142101288,80.2657699585,69589,69600,11
13.1139802933,80.2658081055,69600,69610,10
13.1136598587,80.2658081055,69610,69620,10
13.1131601334,80.2658233643,69620,69630,10
13.112569809,80.2658309937,69630,69640,10
13.1119499207,80.2658233643,69640,69650,10
13.1116800308,80.2658233643,69650,69660,10
13.1113796234,80.2658081055,69660,69670,10
13.1110801697,80.2658004761,69670,69680,10
13.11095047,80.2657775879,69680,69690,10
13.1106796265,80.2658004761,69690,69731,41
13.1106796265,80.2658004761,69731,69741,10
13.1104001999,80.2660217285,69741,69751,10
13.1102600098,80.2661514282,69751,69761,10
13.1100902557,80.2663116455,69761,69771,10
13.1098403931,80.2664871216,69771,69781,10
13.1094999313,80.2667007446,69781,69801,20
13.1094999313,80.2667007446,69801,69811,10
13.1093301773,80.2668075562,69811,69820,9
13.1092100143,80.2669372559,69820,69832,12
13.1089200974,80.2671813965,69832,69872,40
13.1089200974,80.2671813965,69872,69882,10
13.1086397171,80.2674636841,69882,69892,10
13.108499527,80.267616272,69892,69902,10
13.1083097458,80.2677993774,69902,69912,10
13.1080999374,80.2680435181,69912,69922,10
13.1078500748,80.2683029175,69922,69932,10
13.1075000763,80.2686386108,69932,69942,10
13.1070995331,80.2690963745,69942,69953,11
13.1065998077,80.2696990967,69953,69963,10
13.1061296463,80.2702407837,69963,69973,10
13.1056404114,80.2707977295,69973,69983,10
13.1050100327,80.2711868286,69983,69993,10
13.1046104431,80.2713775635,69993,70033,40
13.1046104431,80.2713775635,70033,70043,10
13.1044797897,80.2714233398,70043,70053,10
13.1043395996,80.2716598511,70053,70062,9
13.104180336,80.2720718384,70062,70074,12
13.103770256,80.2726364136,70074,70084,10
13.1038599014,80.2732391357,70084,70094,10
13.1039400101,80.2735671997,70094,70104,10
13.1039800644,80.2739868164,70104,70113,9
13.104060173,80.2744369507,70113,70124,11
13.1041603088,80.2749404907,70124,70134,10
13.1042604446,80.2753829956,70134,70144,10
13.1044101715,80.2758102417,70144,70195,51
13.1044101715,80.2758102417,70195,70205,10
13.1045799255,80.2761917114,70205,70235,30
13.1045799255,80.2761917114,70235,70245,10
13.1045799255,80.2763977051,70245,70255,10
13.1047401428,80.2767333984,70255,70265,10
13.1048002243,80.2769470215,70265,70275,10
13.1049499512,80.2774505615,70275,70285,10
13.1051397324,80.2781066895,70285,70295,10
13.105340004,80.278793335,70295,70306,11
13.105509758,80.279548645,70306,70316,10
13.1055498123,80.2802810669,70316,70326,10
13.105509758,80.2810516357,70326,70336,10
13.1054296494,80.2818603516,70336,70346,10
13.1052999496,80.2826538086,70346,70356,10
13.1051797867,80.2833404541,70356,70366,10
13.1050796509,80.2840194702,70366,70386,20
13.1050796509,80.2840194702,70386,70396,10
13.1050195694,80.2843093872,70396,70406,10
13.1049804688,80.2844924927,70406,70417,11
13.1049604416,80.2845993042,70417,70427,10
13.1049499512,80.2846069336,70427,70437,10
13.1048803329,80.2848815918,70437,70447,10
13.1048002243,80.2853088379,70447,70457,10
13.1047201157,80.2856903076,70457,70467,10
13.1046104431,80.285987854,70467,70477,10
13.1044902802,80.2863769531,70477,70487,10
13.1044397354,80.2866134644,70487,70497,10
13.1043796539,80.2868881226,70497,70507,10
13.1042404175,80.2871704102,70507,70517,10
13.1041402817,80.2874069214,70517,70527,10
13.1040897369,80.2875595093,70527,70538,11
13.1038703918,80.2880477905,70538,70548,10
13.1036500931,80.2885818481,70548,70558,10
13.1034202576,80.2891082764,70558,70568,10
13.1031303406,80.2897262573,70568,70578,10
13.1028995514,80.2902984619,70578,70588,10
13.1028299332,80.2904510498,70588,70598,10
13.1031303406,80.2907485962,70598,70608,10
13.1036396027,80.2908706665,70608,70618,10
13.1038503647,80.2909011841,70618,70628,10
13.1038599014,80.2909011841,70628,70638,10
13.1042604446,80.2909469604,70638,70659,21
13.1042604446,80.2909469604,70659,70669,10
13.1044797897,80.2909622192,70669,70679,10
13.1047401428,80.2909698486,70679,70689,10
13.1050100327,80.2909927368,70689,70699,10
13.1051998138,80.2910079956,70699,70709,10
13.1054601669,80.2910614014,70709,70719,10
13.1057901382,80.2912063599,70719,70729,10
13.1058998108,80.2918319702,70729,70739,10
13.1059999466,80.2925491333,70739,70749,10
13.1060400009,80.2930831909,70749,70759,10
13.1058797836,80.2935562134,70759,70770,11
13.1056003571,80.2943267822,70770,70780,10
13.1052999496,80.2950210571,70780,70790,10
13.10476017,80.2954330444,70790,70800,10
13.1040096283,80.2952575684,70800,70810,10
13.103219986,80.2950210571,70810,70820,10
13.1024503708,80.2948226929,70820,70830,10
13.1016302109,80.2946014404,70830,70840,10
13.1008195877,80.2944030762,70840,70850,10
13.1002101898,80.2942886353,70850,70860,10
13.0997600555,80.2941665649,70860,70870,10
13.0990896225,80.2939300537,70870,70880,10
13.0983695984,80.2937316895,70880,70891,11
13.0974798203,80.2934188843,70891,70901,10
13.096739769,80.2931900024,70901,70911,10
13.096039772,80.29296875,70911,70921,10
13.0955295563,80.2928009033,70921,70931,10
13.0952196121,80.29271698,70931,70941,10
13.0946502686,80.2925033569,70941,70961,20
13.0946502686,80.2925033569,70961,70971,10
13.0945396423,80.2924575806,70971,70981,10
13.0942401886,80.2923812866,70981,70991,10
13.0938596725,80.2922592163,70991,71000,9
13.0934495926,80.2921066284,71000,71012,12
13.0928201675,80.2918930054,71012,71022,10
13.0923404694,80.2917404175,71022,71032,10
13.0922498703,80.2917175293,71032,71042,10
13.0920600891,80.2916564941,71042,71052,10
13.0917100906,80.2915267944,71052,71062,10
13.0912599564,80.2913818359,71062,71072,10
13.0907697678,80.2912063599,71072,71082,10
13.0902099609,80.2910308838,71082,71092,10
13.0895500183,80.2908325195,71092,71102,10
13.0890197754,80.2906570435,71102,71112,10
13.0889101028,80.2906494141,71112,71123,11
13.08852005,80.2904510498,71123,71133,10
13.0881204605,80.2902374268,71133,71143,10
13.0876398087,80.2900314331,71143,71153,10
13.0869998932,80.2898178101,71153,71163,10
13.0864400864,80.2896575928,71163,71173,10
13.0858402252,80.2895278931,71173,71183,10
13.085559845,80.2892303467,71183,71193,10
13.0852603912,80.2887268066,71193,71203,10
13.0850801468,80.2880401611,71203,71213,10
13.0850801468,80.2874526978,71213,71223,10
13.085149765,80.2866821289,71223,71233,10
13.0852298737,80.2858505249,71233,71244,11
13.0853099823,80.2849731445,71244,71254,10
13.0852499008,80.2844696045,71254,71264,10
13.0851898193,80.2842788696,71264,71274,10
13.0853395462,80.2842407227,71274,71284,10
13.0853796005,80.2845001221,71284,71294,10
13.0853796005,80.2847976685,71294,71304,10
13.0853796005,80.2849502563,71304,71314,10
13.0853796005,80.2851028442,71314,71324,10
13.0855102539,80.2852478027,71324,71607,283
13.0855102539,80.2852478027,71607,71617,10
13.0853500366,80.2853164673,71617,71627,10
13.0853099823,80.2855834961,71627,71637,10
13.0852603912,80.2860031128,71637,71647,10
13.0852003098,80.286567688,71647,71657,10
13.085149765,80.2872085571,71657,71667,10
13.0851297379,80.2879180908,71667,71677,10
13.0852899551,80.2886581421,71677,71687,10
13.0856895447,80.2891235352,71687,71696,9
13.0862598419,80.2893218994,71696,71708,12
13.0870504379,80.2895812988,71708,71718,10
13.0875997543,80.2898406982,71718,71728,10
13.0881004333,80.2901382446,71728,71738,10
13.0885696411,80.2903213501,71738,71758,20
13.0885696411,80.2903213501,71758,71768,10
13.0886001587,80.2903289795,71768,71778,10
13.0888996124,80.2905273438,71778,71788,10
13.0893602371,80.290687561,71788,71798,10
13.0899000168,80.2908935547,71798,71808,10
13.0904302597,80.2910919189,71808,71817,9
13.0909500122,80.2912979126,71817,71829,12
13.0917100906,80.2915420532,71829,71839,10
13.092089653,80.2916412354,71839,71849,10
13.0925703049,80.2917861938,71849,71859,10
13.0931797028,80.2919692993,71859,71869,10
13.0937700272,80.2921905518,71869,71879,10
13.0942497253,80.2923736572,71879,71909,30
13.0942497253,80.2923736572,71909,71919,10
13.0944299698,80.2924804688,71919,71928,9
13.0946397781,80.2925109863,71928,71940,12
13.0947198868,80.2925262451,71940,71950,10
13.0948600769,80.2925796509,71950,71960,10
13.0951595306,80.2926483154,71960,71970,10
13.0955495834,80.2927932739,71970,71980,10
13.0960502625,80.2929229736,71980,72192,212
13.0960502625,80.2929229736,72192,72202,10
13.0962600708,80.2929992676,72202,72212,10
13.0964899063,80.2930984497,72212,72222,10
13.0967702866,80.29322052,72222,72232,10
13.0971298218,80.2933502197,72232,72242,10
13.0976295471,80.2935028076,72242,72252,10
13.0981502533,80.2936935425,72252,72262,10
13.0986995697,80.293838501,72262,72272,10
13.0991897583,80.2940063477,72272,72282,10
13.0993003845,80.294052124,72282,72293,11
13.0994796753,80.2940979004,72293,72303,10
13.099820137,80.2941970825,72303,72313,10
13.1001996994,80.2943115234,72313,72323,10
13.1007604599,80.2944030762,72323,72333,10
13.1011896133,80.2944335938,72333,72343,10
13.1015501022,80.2939910889,72343,72353,10
13.1017198563,80.2935562134,72353,72363,10
13.1018695831,80.2932434082,72363,72373,10
13.1019897461,80.2927398682,72373,72383,10
13.1021499634,80.2921676636,72383,72393,10
13.1022596359,80.2917098999,72393,72403,10
13.1024503708,80.2910690308,72403,72414,11
13.1027297974,80.2904434204,72414,72424,10
13.1029901505,80.2899475098,72424,72434,10
13.1031799316,80.2895202637,72434,72444,10
13.103219986,80.2894515991,72444,72454,10
13.1032896042,80.2893829346,72454,72464,10
13.1033496857,80.2892227173,72464,72474,10
13.1034898758,80.2888793945,72474,72484,10
13.1037302017,80.2883071899,72484,72494,10
13.1039896011,80.2876663208,72494,72504,10
13.1041297913,80.2872924805,72504,72514,10
13.1041402817,80.2872772217,72514,72524,10
13.1041698456,80.2871398926,72524,72535,11
13.1043395996,80.2867507935,72535,72545,10
13.1044797897,80.2863388062,72545,72555,10
13.1046104431,80.2859191895,72555,72565,10
13.1047401428,80.2855606079,72565,72575,10
13.1048603058,80.2850799561,72575,72585,10
13.1049003601,80.284576416,72585,72605,20
13.1049003601,80.284576416,72605,72615,10
13.1049098969,80.2844009399,72615,72625,10
13.1049499512,80.2842407227,72625,72635,10
13.1049995422,80.2838668823,72635,72646,11
13.1050901413,80.2832489014,72646,72656,10
13.1051998138,80.2825469971,72656,72666,10
13.1053304672,80.2818374634,72666,72676,10
13.1054096222,80.2811584473,72676,72686,10
13.1054496765,80.2805404663,72686,72696,10
13.1054601669,80.2799682617,72696,72706,10
13.1054000854,80.2793273926,72706,72716,10
13.1052303314,80.2785873413,72716,72726,10
13.1050100327,80.2778320313,72726,72736,10
13.1047697067,80.2771224976,72736,72746,10
13.1045103073,80.2764434814,72746,72756,10
13.1042995453,80.2759399414,72756,72777,21
13.1042995453,80.2759399414,72777,72787,10
13.1042604446,80.2758178711,72787,72797,10
13.1041603088,80.2754974365,72797,72807,10
13.1041603088,80.2754898071,72807,72817,10
13.1041002274,80.2751998901,72817,72827,10
13.1040496826,80.2749786377,72827,72837,10
13.1040401459,80.2749023438,72837,72847,10
13.1040000916,80.2746124268,72847,72857,10
13.1039304733,80.2741622925,72857,72867,10
13.1038799286,80.2738189697,72867,72928,61
13.1038799286,80.2738189697,72928,72938,10
13.1038999557,80.2737731934,72938,72948,10
13.1038503647,80.2735366821,72948,72958,10
13.1038303375,80.2734069824,72958,72968,10
13.1037797928,80.2731170654,72968,72978,10
13.1037197113,80.2727432251,72978,72988,10
13.1038398743,80.2723312378,72988,72999,11
13.104180336,80.2719421387,72999,73009,10
13.1042900085,80.2715835571,73009,73019,10
13.1042995453,80.2715682983,73019,73028,9
13.1043300629,80.2714691162,73028,73039,11
13.1045999527,80.2712478638,73039,73049,10
13.105219841,80.2709884644,73049,73059,10
13.105799675,80.2705230713,73059,73069,10
13.1089401245,80.2671508789,73069,73129,60
13.1089401245,80.2671508789,73129,73159,30
13.1096601486,80.2664413452,73159,73169,10
13.1101102829,80.2660980225,73169,73179,10
13.1104402542,80.2657928467,73179,73189,10
13.1111602783,80.2656097412,73189,73209,20
13.1111602783,80.2656097412,73209,73219,10
13.1115198135,80.2656478882,73219,73229,10
13.1119098663,80.265663147,73229,73240,11
13.112569809,80.2656326294,73240,73250,10
13.1132202148,80.2656402588,73250,73260,10
13.1136903763,80.2656402588,73260,73270,10
13.1138696671,80.2656478882,73270,73280,10
13.1141195297,80.2657089233,73280,73300,20
13.1141195297,80.2657089233,73300,73310,10
13.1143703461,80.2657318115,73310,73320,10
13.114780426,80.2657318115,73320,73330,10
13.1151695251,80.2657394409,73330,73340,10
13.1153697968,80.2657394409,73340,73351,11
13.1157903671,80.2657470703,73351,73361,10
13.1161403656,80.2657470703,73361,73371,10
13.1166000366,80.2657623291,73371,73381,10
13.1171398163,80.2657775879,73381,73391,10
13.1175203323,80.2657699585,73391,73401,10
13.1180496216,80.2657699585,73401,73411,10
13.1186599731,80.2657699585,73411,73421,10
13.1192302704,80.2657928467,73421,73431,10
13.1193304062,80.2657928467,73431,73441,10
13.119389534,80.2657928467,73441,73451,10
13.1197004318,80.2657928467,73451,73461,10
13.1198997498,80.2657928467,73461,73472,11
13.1203098297,80.2658004761,73472,73482,10
13.120880127,80.2658004761,73482,73492,10
13.1215400696,80.2658081055,73492,73502,10
13.1222200394,80.2658233643,73502,73512,10
13.1226701736,80.2658004761,73512,73522,10
13.1227197647,80.2657928467,73522,73532,10
13.1227798462,80.2657318115,73532,73542,10
13.1227798462,80.2655105591,73542,73552,10
13.1227998734,80.2650909424,73552,73562,10
13.1227998734,80.2644805908,73562,73572,10
13.1227998734,80.2638015747,73572,73583,11
13.1227998734,80.2630386353,73583,73593,10
13.1228199005,80.2625274658,73593,73603,10
13.1228103638,80.2620010376,73603,73613,10
13.1228103638,80.2618331909,73613,73623,10
13.1228199005,80.2615432739,73623,73633,10
13.1228303909,80.2610168457,73633,73643,10
13.1228399277,80.2603530884,73643,73653,10
13.1228399277,80.2594985962,73653,73673,20
13.1228399277,80.2594985962,73673,73683,10
13.1228599548,80.2593078613,73683,73693,10
13.1229801178,80.2592391968,73693,73704,11
13.1233196259,80.2592163086,73704,73713,9
13.1237602234,80.2592163086,73713,73723,10
13.1241197586,80.2592010498,73723,73734,11
13.1243801117,80.2591934204,73734,73744,10
13.1246700287,80.259147644,73744,73754,10
13.1246795654,80.259147644,73754,73764,10
13.1247901917,80.2591705322,73764,73774,10
13.125169754,80.2591629028,73774,73784,10
13.125749588,80.2591323853,73784,73794,10
13.12637043,80.2591018677,73794,73804,10
13.1269102097,80.2590789795,73804,73814,10
13.1274003983,80.2590408325,73814,73825,11
13.1279296875,80.2590103149,73825,73835,10
13.1282701492,80.2589797974,73835,73845,10
13.1287202835,80.2589492798,73845,73855,10
13.1291599274,80.2589416504,73855,73865,10
13.1294803619,80.2589035034,73865,73875,10
13.1298103333,80.2588882446,73875,73885,10
13.130279541,80.2588729858,73885,73895,10
13.1309604645,80.2588424683,73895,73915,20
13.1309604645,80.2588424683,73915,73924,9
13.1310901642,80.2588500977,73924,73936,12
13.131310463,80.2586898804,73936,73946,10
13.1313295364,80.2583770752,73946,73956,10
13.1313400269,80.2578964233,73956,73966,10
13.1313295364,80.2574615479,73966,73976,10
13.1313495636,80.2570266724,73976,73986,10
13.1313695908,80.2564315796,73986,73996,10
13.1313800812,80.2558135986,73996,74006,10
13.1314001083,80.255317688,74006,74016,10
13.1314201355,80.254699707,74016,74026,10
13.1314401627,80.2540130615,74026,74036,10
13.1314496994,80.2533416748,74036,74045,9
13.1314601898,80.2529525757,74045,74057,12
13.1314601898,80.2529067993,74057,74067,10
13.1315402985,80.2527008057,74067,74077,10
13.1317596436,80.252746582,74077,74087,10
13.1319704056,80.2530975342,74087,74097,10
13.1323604584,80.2534103394,74097,74107,10
13.1329298019,80.2535400391,74107,74117,10
13.1335201263,80.253578186,74117,74127,10
13.1339902878,80.2536315918,74127,74137,10
13.1340198517,80.2536392212,74137,74147,10
13.1342000961,80.2537078857,74147,74157,10
13.1348600388,80.2541122437,74157,74178,21
13.1348600388,80.2541122437,74178,74188,10
13.1350402832,80.2542724609,74188,74198,10
13.1353502274,80.2544708252,74198,74208,10
13.1355695724,80.2546386719,74208,74218,10
13.1358604431,80.2548828125,74218,74228,10
13.1361999512,80.2551727295,74228,74238,10
13.1362600327,80.2552185059,74238,74248,10
13.1364402771,80.2554626465,74248,74258,10
13.1365098953,80.2556381226,74258,74268,10
13.1365098953,80.2558517456,74268,74278,10
13.1365098953,80.2562866211,74278,74289,11
13.1364498138,80.2568435669,74289,74299,10
13.1363801956,80.2572402954,74299,74309,10
13.1361703873,80.2572937012,74309,74319,10
13.1359500885,80.2572631836,74319,74329,10
13.1359300613,80.2570571899,74329,74833,504
13.1359300613,80.2570571899,74833,74843,10
13.1360998154,80.256942749,74843,74853,10
13.1362800598,80.256980896,74853,74863,10
13.136300087,80.256980896,74863,74874,11
13.1364297867,80.2568969727,74874,74884,10
13.1364603043,80.2566375732,74884,74894,10
13.1364898682,80.2563018799,74894,74904,10
13.1364803314,80.2559204102,74904,74914,10
13.1364803314,80.2556533813,74914,74924,10
13.1363801956,80.2553634644,74924,74934,10
13.1361703873,80.2551422119,74934,74944,10
13.1359996796,80.254989624,74944,74954,10
13.135720253,80.2547531128,74954,74964,10
13.1354198456,80.2545166016,74964,74974,10
13.1351804733,80.2543411255,74974,74984,10
13.1348896027,80.2541503906,74984,74995,11
13.1345596313,80.2538833618,74995,75005,10
13.1341495514,80.2537078857,75005,75015,10
13.1340703964,80.2536621094,75015,75025,10
13.1338100433,80.2536010742,75025,75035,10
13.1334199905,80.2535629272,75035,75045,10
13.1329097748,80.2535476685,75045,75055,10
13.1323404312,80.25340271,75055,75065,10
13.1318597794,80.2530212402,75065,75075,10
13.1316699982,80.2527618408,75075,75085,10
13.131480217,80.2528381348,75085,75094,9
13.1314697266,80.2530212402,75094,75105,11
13.1314601898,80.2532272339,75105,75116,11
13.1314296722,80.2537994385,75116,75126,10
13.1314296722,80.2543792725,75126,75136,10
13.1314201355,80.2546920776,75136,75146,10
13.1314096451,80.2551193237,75146,75156,10
13.1313896179,80.2556762695,75156,75166,10
13.1313695908,80.2562332153,75166,75176,10
13.1313800812,80.2567214966,75176,75186,10
13.1313695908,80.2570266724,75186,75196,10
13.1313495636,80.2574081421,75196,75206,10
13.131360054,80.2578582764,75206,75216,10
13.1313295364,80.2584228516,75216,75227,11
13.1313400269,80.2584991455,75227,75237,10
13.1313400269,80.2586517334,75237,75247,10
13.1312799454,80.2588272095,75247,75257,10
13.1311101913,80.2588729858,75257,75267,10
13.1310901642,80.2588729858,75267,75277,10
13.1308603287,80.2588729858,75277,75287,10
13.130610466,80.2588806152,75287,75297,10
13.1302700043,80.2588882446,75297,75307,10
13.1298503876,80.2589111328,75307,75317,10
13.1293497086,80.2589416504,75317,75327,10
13.1290302277,80.2589492798,75327,75337,10
13.1288795471,80.2589492798,75337,75348,11
13.1287403107,80.2589569092,75348,75358,10
13.1284999847,80.2589797974,75358,75368,10
13.1281995773,80.2589874268,75368,75378,10
13.1278295517,80.2590179443,75378,75388,10
13.1272802353,80.2590637207,75388,75398,10
13.1266698837,80.2590866089,75398,75408,10
13.1260404587,80.2591171265,75408,75418,10
13.1254701614,80.259147644,75418,75428,10
13.1248998642,80.2591934204,75428,75438,10
13.1244802475,80.2591934204,75438,75448,10
13.1241102219,80.2592086792,75448,75459,11
13.1236696243,80.2592315674,75459,75469,10
13.1234798431,80.2592391968,75469,75479,10
13.1233701706,80.2592468262,75479,75489,10
13.123049736,80.259262085,75489,75499,10
13.1229000092,80.2592926025,75499,75509,10
13.1228904724,80.2594680786,75509,75519,10
13.1228704453,80.2597732544,75519,75529,10
13.1228904724,80.2602615356,75529,75539,10
13.1228599548,80.2607879639,75539,75549,10
13.1228599548,80.2613830566,75549,75559,10
13.1228399277,80.2616882324,75559,75568,9
13.1228303909,80.26197052,75568,75580,12
13.1228303909,80.262588501,75580,75590,10
13.1228199005,80.263130188,75590,75600,10
13.1228103638,80.2637405396,75600,75610,10
13.1228199005,80.2644424438,75610,75620,10
13.1228103638,80.2650299072,75620,75630,10
13.1228199005,80.2654724121,75630,75640,10
13.1227998734,80.2657394409,75640,75650,10
13.1225299835,80.2658309937,75650,75660,10
13.1222600937,80.2658309937,75660,75670,10
13.1222200394,80.265838623,75670,75680,10
13.1218595505,80.2658233643,75680,75690,10
13.1214103699,80.2658081055,75690,75701,11
13.1208400726,80.2658004761,75701,75711,10
13.1205501556,80.2657928467,75711,75721,10
13.12018013,80.2657928467,75721,75731,10
13.1198596954,80.2657928467,75731,75741,10
13.1196603775,80.2657928467,75741,75751,10
13.1194000244,80.2657928467,75751,75761,10
13.1191301346,80.2657928467,75761,75771,10
13.1186704636,80.2657775879,75771,75781,10
13.1182098389,80.2657775879,75781,75791,10
13.1177196503,80.2657699585,75791,75801,10
13.1172504425,80.2657623291,75801,75812,11
13.1167201996,80.2657394409,75812,75822,10
13.1162004471,80.2657318115,75822,75832,10
13.115650177,80.2657318115,75832,75842,10
13.11536026,80.2657165527,75842,75852,10
13.1151895523,80.2657165527,75852,75862,10
13.1149597168,80.2657165527,75862,75872,10
13.1144304276,80.2657165527,75872,75902,30
13.1144304276,80.2657165527,75902,75912,10
13.1141500473,80.2657394409,75912,75922,10
13.1138896942,80.2657775879,75922,75933,11
13.1133298874,80.2657699585,75933,75943,10
13.112660408,80.2657623291,75943,75953,10
13.112039566,80.2657928467,75953,75963,10
13.1117095947,80.2658004761,75963,75973,10
13.1114397049,80.2658233643,75973,75983,10
13.1110401154,80.2657928467,75983,75993,10
13.111000061,80.2657775879,75993,76003,10
13.1107997894,80.2657928467,76003,76013,10
13.1105298996,80.2658462524,76013,76023,10
13.1102895737,80.2660217285,76023,76033,10
13.109919548,80.2663269043,76033,76044,11
13.1094999313,80.2666397095,76044,76054,10
13.1091899872,80.2669219971,76054,76064,10
13.1089696884,80.2671127319,76064,76074,10
13.1088199615,80.2672271729,76074,76084,10
13.108499527,80.2675170898,76084,76094,10
13.108130455,80.267906189,76094,76104,10
13.1076898575,80.2683868408,76104,76114,10
13.1072597504,80.2688598633,76114,76124,10
13.1068296432,80.2693634033,76124,76134,10
13.1063203812,80.2699584961,76134,76144,10
13.1057796478,80.2705917358,76144,76154,10
13.1051397324,80.2710876465,76154,76165,11
13.1044397354,80.2714080811,76165,76175,10
13.1042203903,80.2719268799,76175,76185,10
13.1037902832,80.2724609375,76185,76195,10
13.1038103104,80.2731323242,76195,76205,10
13.1039104462,80.2737197876,76205,76215,10
13.1040000916,80.2742919922,76215,76225,10
13.1040802002,80.2746887207,76225,76235,10
13.1041603088,80.2750778198,76235,76245,10
13.1043195724,80.2756195068,76245,76255,10
13.1045503616,80.2761688232,76255,76286,31
13.1045503616,80.2761688232,76286,76296,10
13.1046495438,80.2766723633,76296,76306,10
13.1048803329,80.2772979736,76306,76316,10
13.1051197052,80.2781219482,76316,76326,10
13.1053495407,80.2789306641,76326,76336,10
13.1054897308,80.2796478271,76336,76346,10
13.105509758,80.2802810669,76346,76356,10
13.1054697037,80.2810821533,76356,76366,10
13.105389595,80.2818984985,76366,76376,10
13.1052398682,80.282699585,76376,76386,10
13.1051197052,80.2834396362,76386,76397,11
13.1050300598,80.2840423584,76397,76407,10
13.1050300598,80.2840576172,76407,76417,10
13.1049995422,80.2842330933,76417,76427,10
13.1049604416,80.2844924927,76427,76437,10
13.1048898697,80.2847671509,76437,76447,10
13.1048002243,80.2852325439,76447,76457,10
13.1047096252,80.2856369019,76457,76467,10
13.1045303345,80.2861633301,76467,76477,10
13.1043796539,80.2867965698,76477,76487,10
13.1041402817,80.2873077393,76487,76497,10
13.1040897369,80.2874221802,76497,76506,9
13.1039400101,80.2877197266,76506,76518,12
13.1036596298,80.2884063721,76518,76528,10
13.1034002304,80.2890625,76528,76538,10
13.103219986,80.2894821167,76538,76548,10
13.1031198502,80.2896499634,76548,76558,10
13.1029396057,80.2900924683,76558,76568,10
13.1028499603,80.2902984619,76568,76578,10
13.1027803421,80.290397644,76578,76588,10
13.1028900146,80.2907180786,76588,76598,10
13.10338974,80.2908401489,76598,76608,10
13.1040401459,80.2909698486,76608,76618,10
13.1047000885,80.290977478,76618,76629,11
13.105509758,80.2910919189,76629,76639,10
13.1058197021,80.2916183472,76639,76649,10
13.1058797836,80.2922210693,76649,76659,10
13.1059799194,80.2928771973,76659,76669,10
13.1059598923,80.293258667,76669,76679,10
13.1057596207,80.2938079834,76679,76689,10
13.1054897308,80.2945175171,76689,76699,10
13.1051597595,80.2951965332,76699,76709,10
13.1045103073,80.2954101563,76709,76719,10
13.1037302017,80.2951812744,76719,76729,10
13.1028900146,80.2949295044,76729,76738,9
13.1022195816,80.2947387695,76738,76750,12
13.1012496948,80.2944793701,76750,76760,10
13.1005496979,80.2943191528,76760,76770,10
13.100060463,80.2942428589,76770,76780,10
13.0998601913,80.2941970825,76780,76790,10
13.0995397568,80.294090271,76790,76800,10
13.0989599228,80.2938766479,76800,76810,10
13.0982398987,80.2936630249,76810,76820,10
13.0974597931,80.2934112549,76820,76830,10
13.096619606,80.2931289673,76830,76840,10
13.0957603455,80.2928466797,76840,76850,10
13.0950698853,80.2926330566,76850,76860,10
13.0945796967,80.2924423218,76860,76871,11
13.0943002701,80.2923812866,76871,76881,10
13.0942201614,80.2923583984,76881,76891,10
13.0938501358,80.2922286987,76891,76901,10
13.0933303833,80.2920608521,76901,76911,10
13.0928096771,80.2918777466,76911,76921,10
13.0922603607,80.2917098999,76921,76931,10
13.0920295715,80.291633606,76931,76941,10
13.0917196274,80.2914962769,76941,76951,10
13.0912399292,80.291343689,76951,76961,10
13.0906496048,80.2911376953,76961,76970,9
13.0900697708,80.2909393311,76970,76982,12
13.0889797211,80.2906112671,76982,77002,20
13.0889797211,80.2906112671,77002,77012,10
13.0889101028,80.2906112671,77012,77022,10
13.0886497498,80.2905426025,77022,77032,10
13.0882701874,80.2903366089,77032,77042,10
13.0880002975,80.2901763916,77042,77052,10
13.0876502991,80.2900238037,77052,77062,10
13.0871496201,80.2898406982,77062,77072,10
13.0865898132,80.289680481,77072,77083,11
13.0859899521,80.2895202637,77083,77092,9
13.0856304169,80.2893829346,77092,77103,11
13.0853395462,80.2888565063,77103,77113,10
13.0850896835,80.2881622314,77113,77123,10
13.0850696564,80.2873687744,77123,77133,10
13.0851297379,80.2864990234,77133,77143,10
13.0852098465,80.2856521606,77143,77153,10
13.0852804184,80.2848129272,77153,77163,10
13.0851697922,80.2842636108,77163,77173,10
13.0852499008,80.2841567993,77173,77183,10
13.0853595734,80.2843475342,77183,77193,10
13.0853796005,80.2846603394,77193,77203,10
13.0853595734,80.2849731445,77203,77214,11
13.0853796005,80.2851028442,77214,77224,10
13.0855503082,80.2852630615,77224,77395,171
13.0855503082,80.2852630615,77395,77405,10
13.0853796005,80.28515625,77405,77415,10
13.0853099823,80.2853622437,77415,77425,10
13.0852499008,80.2858886719,77425,77435,10
13.0851898193,80.2866363525,77435,77444,9
13.0851402283,80.2873382568,77444,77456,12
13.0851602554,80.2882385254,77456,77466,10
13.0854597092,80.2889633179,77466,77476,10
13.0861501694,80.2892990112,77476,77486,10
13.0869998932,80.2895812988,77486,77496,10
13.0876302719,80.2898788452,77496,77506,10
13.0881900787,80.2901992798,77506,77516,10
13.0885601044,80.2903213501,77516,77526,10
13.08893013,80.2905578613,77526,77536,10
13.0895700455,80.2908096313,77536,77546,10
13.0902500153,80.2910308838,77546,77556,10
13.090880394,80.2912368774,77556,77567,11
13.0915803909,80.2914581299,77567,77577,10
13.0921401978,80.2916412354,77577,77587,10
13.0927696228,80.2918395996,77587,77597,10
13.09333992,80.2920303345,77597,77607,10
13.0939998627,80.2922592163,77607,77647,40
13.0939998627,80.2922592163,77647,77657,10
13.0941801071,80.2923583984,77657,77667,10
13.0945501328,80.2924499512,77667,77677,10
13.095000267,80.2925872803,77677,77688,11
13.0959701538,80.2928924561,77688,77788,100
13.0959701538,80.2928924561,77788,77799,11
13.0960502625,80.2928619385,77799,77809,10
13.0963602066,80.293006897,77809,77819,10
13.0968599319,80.2931976318,77819,77829,10
13.0974702835,80.2934188843,77829,77839,10
13.0981397629,80.2936630249,77839,77849,10
13.0986995697,80.2938232422,77849,77859,10
13.0993003845,80.2939910889,77859,77869,10
13.099439621,80.294052124,77869,77879,10
13.0997600555,80.2941436768,77879,77889,10
13.1001501083,80.2942428589,77889,77899,10
13.1006498337,80.2943191528,77899,77909,10
13.1010904312,80.294418335,77909,77920,11
13.1014404297,80.2940979004,77920,77930,10
13.1016702652,80.2936325073,77930,77940,10
13.1019001007,80.2930908203,77940,77950,10
13.1020803452,80.2923736572,77950,77960,10
13.1021900177,80.2918701172,77960,77970,10
13.1023597717,80.2912597656,77970,77980,10
13.1026201248,80.2906417847,77980,77990,10
13.1028795242,80.2900390625,77990,78000,10
13.1031198502,80.2894897461,78000,78010,10
13.1031904221,80.2893600464,78010,78020,10
13.1033096313,80.2891235352,78020,78029,9
13.103509903,80.2886886597,78029,78041,12
13.1038503647,80.287940979,78041,78051,10
13.1041202545,80.287322998,78051,78061,10
13.104180336,80.287109375,78061,78071,10
13.1042804718,80.2867584229,78071,78081,10
13.1044597626,80.2863235474,78081,78091,10
13.1046800613,80.2857131958,78091,78101,10
13.1048297882,80.2851791382,78101,78111,10
13.1049003601,80.2845916748,78111,78141,30
13.1049003601,80.2845916748,78141,78152,11
13.1049499512,80.2842407227,78152,78162,10
13.1049699783,80.2840118408,78162,78172,10
13.1050300598,80.2835006714,78172,78182,10
13.1051301956,80.2828216553,78182,78192,10
13.1052999496,80.2820510864,78192,78202,10
13.1054000854,80.28125,78202,78212,10
13.1054496765,80.280632019,78212,78222,10
13.1054601669,80.2800827026,78222,78232,10
13.1054401398,80.2794570923,78232,78242,10
13.1052904129,80.2787475586,78242,78252,10
13.105050087,80.2779083252,78252,78262,10
13.1048002243,80.2771377563,78262,78273,11
13.1044797897,80.2762985229,78273,78283,10
13.1042995453,80.2758636475,78283,78303,20
13.1042995453,80.2758636475,78303,78313,10
13.1042299271,80.2756500244,78313,78323,10
13.1041498184,80.2753601074,78323,78333,10
13.104060173,80.2749328613,78333,78343,10
13.1039896011,80.2744827271,78343,78353,10
13.1039104462,80.2740936279,78353,78363,10
13.1038503647,80.2736816406,78363,78373,10
13.1038198471,80.2735290527,78373,78383,10
13.1038103104,80.2733764648,78383,78394,11
13.1037597656,80.2730636597,78394,78404,10
13.1037197113,80.2725830078,78404,78414,10
13.1038799286,80.272277832,78414,78424,10
13.1039800644,80.2721710205,78424,78434,10
13.104180336,80.2719192505,78434,78444,10
13.1042995453,80.2715530396,78444,78454,10
13.1045703888,80.271232605,78454,78464,10
13.1058101654,80.2704772949,78464,78474,10
13.1058101654,80.2704772949,78474,78484,10
13.1063404083,80.2698669434,78484,78494,10
13.1068201065,80.269317627,78494,78513,19
13.1077404022,80.2683410645,78513,78533,20
13.1087703705,80.2673110962,78533,78543,10
13.1088695526,80.2671966553,78543,78553,10
13.109000206,80.2670516968,78553,78563,10
13.1093101501,80.2667388916,78563,78573,10
13.1097097397,80.2663726807,78573,78583,10
13.110159874,80.2660293579,78583,78593,10
13.1104402542,80.2657928467,78593,78603,10
13.1107397079,80.2656326294,78603,78612,9
13.1110897064,80.2656097412,78612,78624,12
13.1112499237,80.2656173706,78624,78634,10
13.1116695404,80.2656326294,78634,78644,10
13.1121997833,80.2656402588,78644,78654,10
13.112830162,80.2656402588,78654,78664,10
13.1134796143,80.2656326294,78664,78674,10
13.1138696671,80.2656402588,78674,78684,10
13.1140403748,80.2656707764,78684,78704,20
13.1140403748,80.2656707764,78704,78714,10
13.114279747,80.2657165527,78714,78724,10
13.1145801544,80.2657165527,78724,78734,10
13.1149396896,80.2657165527,78734,78745,11
13.1151599884,80.2657318115,78745,78755,10
13.1153697968,80.2657318115,78755,78765,10
13.1155004501,80.2657165527,78765,78775,10
13.1157197952,80.2657318115,78775,78785,10
13.1161603928,80.2657165527,78785,78795,10
13.1167001724,80.2657394409,78795,78805,10
13.1172199249,80.2657394409,78805,78815,10
13.1178798676,80.2657394409,78815,78825,10
13.1184997559,80.2657394409,78825,78834,9
13.1194400787,80.2657470703,78834,78856,22
13.1194400787,80.2657470703,78856,78866,10
13.1197395325,80.2657699585,78866,78876,10
13.1199998856,80.2657623291,78876,78886,10
13.1204595566,80.2657623291,78886,78896,10
13.1209697723,80.2657470703,78896,78906,10
13.1214399338,80.2657623291,78906,78916,10
13.122010231,80.2657699585,78916,78926,10
13.1226100922,80.2657623291,78926,78946,20
13.1226100922,80.2657623291,78946,78956,10
13.1227397919,80.2657623291,78956,78966,10
13.1228103638,80.2656021118,78966,78977,11
13.1227998734,80.2652435303,78977,78987,10
13.1227798462,80.2647628784,78987,78997,10
13.1227798462,80.2641906738,78997,79007,10
13.1227798462,80.2635421753,79007,79017,10
13.1227798462,80.2629699707,79017,79027,10
13.1227903366,80.2626419067,79027,79037,10
13.1227998734,80.2620773315,79037,79047,10
13.1228103638,80.2616271973,79047,79057,10
13.1228103638,80.2613525391,79057,79067,10
13.1228103638,80.2607879639,79067,79077,10
13.1228103638,80.2601013184,79077,79088,11
13.1228199005,80.2596893311,79088,79098,10
13.1228303909,80.2595977783,79098,79108,10
13.1228399277,80.2593612671,79108,79118,10
13.1228399277,80.2593307495,79118,79128,10
13.123000145,80.2592315674,79128,79138,10
13.1233301163,80.2592391968,79138,79148,10
13.1237297058,80.2592163086,79148,79158,10
13.1240100861,80.2592163086,79158,79168,10
13.1246404648,80.2591781616,79168,79188,20
13.1246404648,80.2591781616,79188,79198,10
13.1248197556,80.2591705322,79198,79209,11
13.1253499985,80.2591400146,79209,79219,10
13.1258602142,80.2591094971,79219,79229,10
13.1263799667,80.2590789795,79229,79239,10
13.1269397736,80.2590637207,79239,79249,10
13.1275396347,80.2590179443,79249,79259,10
13.1281795502,80.2590026855,79259,79269,10
13.1287403107,80.2589569092,79269,79279,10
13.1292104721,80.2589416504,79279,79289,10
13.1295995712,80.2589187622,79289,79299,10
13.1300601959,80.2588882446,79299,79309,10
13.1308498383,80.2588500977,79309,79330,21
13.1308498383,80.2588500977,79330,79340,10
13.131070137,80.2588272095,79340,79350,10
13.1312799454,80.2587585449,79350,79360,10
13.1313295364,80.2585067749,79360,79370,10
13.1313295364,80.258140564,79370,79380,10
13.1313400269,80.2580490112,79380,79390,10
13.1313295364,80.2576904297,79390,79400,10
13.1313400269,80.2572784424,79400,79410,10
13.131360054,80.2566986084,79410,79420,10
13.1313695908,80.2560272217,79420,79430,10
13.1313896179,80.2554702759,79430,79441,11
13.1314001083,80.2547607422,79441,79451,10
13.1314296722,80.2540512085,79451,79461,10
13.1314401627,80.2533874512,79461,79471,10
13.1314601898,80.2528915405,79471,79481,10
13.1314897537,80.252822876,79481,79491,10
13.131649971,80.2526473999,79491,79501,10
13.1318597794,80.2528991699,79501,79511,10
13.1322097778,80.2532806396,79511,79521,10
13.1327400208,80.2534866333,79521,79531,10
13.1333198547,80.2535400391,79531,79541,10
13.1338596344,80.2535934448,79541,79552,11
13.1339998245,80.2536087036,79552,79562,10
13.1342000961,80.253692627,79562,79572,10
13.1345396042,80.2538528442,79572,79582,10
13.1348199844,80.2540435791,79582,79592,10
13.1350698471,80.2542266846,79592,79602,10
13.1353797913,80.2544631958,79602,79612,10
13.1356601715,80.2546768188,79612,79622,10
13.1359395981,80.2548980713,79622,79632,10
13.1362199783,80.2551498413,79632,79642,10
13.1362400055,80.2551574707,79642,79652,10
13.1363296509,80.2552871704,79652,79662,10
13.1364803314,80.2555389404,79662,79673,11
13.1365098953,80.255859375,79673,79683,10
13.1365098953,80.2563705444,79683,79693,10
13.1364402771,80.2569885254,79693,79703,10
13.1363697052,80.2573165894,79703,79713,10
13.1363296509,80.2576522827,79713,79723,10
13.1362400055,80.2579269409,79723,79733,10
13.1361103058,80.258392334,79733,79743,10
13.1359701157,80.2586364746,79743,79753,10
13.1357002258,80.2586593628,79753,79763,10
13.1352100372,80.2586669922,79763,79773,10
13.1346702576,80.2586898804,79773,79783,10
13.1341896057,80.2587203979,79783,79794,11
13.1336297989,80.2587509155,79794,79804,10
13.1331195831,80.2587738037,79804,79814,10
13.1326704025,80.2587966919,79814,79824,10
13.1323003769,80.2588119507,79824,79834,10
13.1320295334,80.2588272095,79834,79844,10
13.1315402985,80.2588500977,79844,79854,10
13.1312599182,80.2588195801,79854,79864,10
13.1309995651,80.2588577271,79864,79874,10
13.1307897568,80.2588577271,79874,79884,10
13.1303195953,80.2588806152,79884,79894,10
13.1297702789,80.2589035034,79894,79905,11
13.1292800903,80.2589263916,79905,79915,10
13.1290798187,80.2589569092,79915,79925,10
13.128780365,80.258972168,79925,79935,10
13.1283798218,80.2590026855,79935,79945,10
13.1278495789,80.2590179443,79945,79955,10
13.1272096634,80.2590713501,79955,79965,10
13.1265697479,80.2591018677,79965,79975,10
13.1260404587,80.2591400146,79975,79985,10
13.1254396439,80.2591629028,79985,79995,10
13.124830246,80.2591934204,79995,80005,10
13.1243495941,80.2592086792,80005,80015,10
13.1241197586,80.2592086792,80015,80026,11
13.1237897873,80.2592391968,80026,80036,10
13.1236495972,80.2592391968,80036,80046,10
13.1232004166,80.2592697144,80046,80056,10
13.1228399277,80.2592697144,80056,80066,10
13.1226396561,80.2592697144,80066,80076,10
13.122209549,80.2592926025,80076,80086,10
13.1216697693,80.2593231201,80086,80096,10
13.1210803986,80.2593383789,80096,80106,10
13.1207199097,80.2593612671,80106,80116,10
13.1207103729,80.2593688965,80116,80126,10
13.1205396652,80.2593536377,80126,80136,10
13.1203403473,80.2590637207,80136,80520,384
13.1203403473,80.2590637207,80520,80530,10
13.1200895309,80.2588577271,80530,80540,10
13.1198596954,80.2587432861,80540,80560,20
13.1198596954,80.2587432861,80560,80570,10
13.1199798584,80.2587738037,80570,80722,152
13.1199798584,80.2587738037,80722,80732,10
13.1202497482,80.2586669922,80732,80742,10
13.12059021,80.2586288452,80742,85835,5093
13.12059021,80.2586288452,85835,85845,10
13.1204996109,80.2585983276,85845,85855,10
13.1203804016,80.2583312988,85855,85865,10
13.1201696396,80.2582015991,85865,85875,10
13.1200304031,80.2581634521,85875,85885,10
13.1198196411,80.2581176758,85885,85895,10
