12.9952201843,80.2345123291,13,13,0
12.9956798553,80.2350463867,13,23,10
12.9962501526,80.2358016968,23,33,10
12.9967803955,80.2364883423,33,44,11
12.9969396591,80.2366333008,44,54,10
12.9972696304,80.2370834351,54,64,10
12.997710228,80.2375564575,64,74,10
12.9982795715,80.2381820679,74,94,20
12.9982795715,80.2381820679,94,104,10
12.9984998703,80.2382965088,104,114,10
12.998840332,80.238243103,114,124,10
12.9994297028,80.2379837036,124,135,11
13.0002002716,80.238243103,135,145,10
13.0010004044,80.2385101318,145,155,10
13.0018997192,80.2388916016,155,165,10
13.0024404526,80.2391967773,165,458,293
13.0023899078,80.2393569946,458,640,182
13.0023899078,80.2393569946,640,650,10
13.0024003983,80.2393875122,650,731,81
13.0024003983,80.2393875122,731,741,10
13.0023603439,80.2395629883,741,751,10
13.0022697449,80.2398071289,751,760,9
13.002409935,80.2400131226,760,771,11
13.0030097961,80.2402114868,771,782,11
13.003569603,80.2406463623,782,792,10
13.0038404465,80.2412872314,792,802,10
13.0042896271,80.241859436,802,811,9
13.0050601959,80.2418365479,811,822,11
13.0057601929,80.2418365479,822,832,10
13.0059099197,80.242401123,832,913,81
13.0059099197,80.242401123,913,923,10
13.0056800842,80.2423706055,923,933,10
13.0054101944,80.2420578003,933,943,10
13.004940033,80.2419204712,943,953,10
13.004360199,80.2419281006,953,963,10
13.0039596558,80.2417068481,963,974,11
13.003660202,80.2408599854,974,984,10
13.0032396317,80.2404098511,984,994,10
13.0024795532,80.2401428223,994,1004,10
13.0020103455,80.2399902344,1004,1014,10
13.0012397766,80.2397689819,1014,1024,10
13.000579834,80.2396469116,1024,1034,10
12.999710083,80.2395172119,1034,1044,10
12.9990501404,80.2393798828,1044,1054,10
12.9984703064,80.2392120361,1054,1065,11
12.9978303909,80.2388687134,1065,1075,10
12.9973802567,80.2383270264,1075,1085,10
12.9969797134,80.2377166748,1085,1095,10
12.9967403412,80.2372436523,1095,1105,10
12.9963703156,80.2366027832,1105,1115,10
12.9959897995,80.2359771729,1115,1125,10
12.9954395294,80.235496521,1125,1135,10
12.9949903488,80.2351608276,1135,1145,10
12.9942998886,80.2347488403,1145,1156,11
12.9936800003,80.2342910767,1156,1166,10
12.9932203293,80.2340393066,1166,1176,10
12.9924697876,80.2338485718,1176,1186,10
12.9918498993,80.2338409424,1186,1196,10
12.9913396835,80.233757019,1196,1206,10
12.990940094,80.2335662842,1206,1226,20
12.990940094,80.2335662842,1226,1236,10
12.9909000397,80.2332000732,1236,1307,71
12.9910001755,80.2331390381,1307,1499,192
12.9910001755,80.2331390381,1499,1509,10
12.9910202026,80.2333984375,1509,1519,10
12.9911203384,80.2335968018,1519,1530,11
12.9916400909,80.2336730957,1530,1540,10
12.9921197891,80.233757019,1540,1550,10
12.9928398132,80.2338790894,1550,1560,10
12.9933595657,80.2340927124,1560,1570,10
12.9938402176,80.2343902588,1570,1580,10
12.9945201874,80.2348327637,1580,1590,10
12.9952297211,80.2352828979,1590,1600,10
12.9958400726,80.2357406616,1600,1610,10
12.9964199066,80.2366104126,1610,1621,11
12.9969596863,80.2375564575,1621,1631,10
12.9972200394,80.2379608154,1631,1641,10
12.9974603653,80.2377929688,1641,1651,10
12.9978303909,80.2378082275,1651,1661,10
12.9982995987,80.2381515503,1661,1824,163
12.9982995987,80.2381515503,1824,1834,10
12.998459816,80.238243103,1834,2007,173
12.9983501434,80.2381896973,2007,2128,121
12.9984197617,80.2382278442,2128,2229,101
12.9983301163,80.2382507324,2229,2745,516
12.9983301163,80.2382507324,2745,2755,10
12.9980401993,80.2379226685,2755,2765,10
12.9976501465,80.2376174927,2765,2775,10
12.9974002838,80.2379837036,2775,2785,10
12.9970502853,80.2376937866,2785,2795,10
12.9966697693,80.2370834351,2795,2805,10
12.9962797165,80.236366272,2805,2815,10
12.9958200455,80.2357406616,2815,2826,11
12.99518013,80.2352600098,2826,2836,10
12.9945602417,80.2348632813,2836,2846,10
12.9937696457,80.2343521118,2846,2856,10
12.9933099747,80.2340393066,2856,2866,10
12.9926996231,80.2338409424,2866,2876,10
12.9919900894,80.233757019,2876,2886,10
12.9914102554,80.2337417603,2886,2896,10
12.991060257,80.233581543,2896,2906,10
12.9909696579,80.2335128784,2906,2917,11
12.9909601212,80.2330932617,2917,3311,394
12.9909601212,80.2330932617,3311,3321,10
12.9910297394,80.2333679199,3321,3331,10
12.9911899567,80.2335281372,3331,3341,10
12.9913396835,80.2332305908,3341,3351,10
12.9912004471,80.2328262329,3351,3361,10
12.9910697937,80.2322921753,3361,3371,10
12.9910202026,80.2315368652,3371,3382,11
12.9909801483,80.2309112549,3382,3392,10
12.9909000397,80.2301635742,3392,3402,10
12.9908704758,80.2294311523,3402,3422,20
12.9908704758,80.2294311523,3422,3432,10
12.9908504486,80.2295684814,3432,3442,10
12.9908399582,80.229637146,3442,3452,10
12.9909095764,80.2302017212,3452,3462,10
12.9909496307,80.2309494019,3462,3473,11
12.9910297394,80.2315673828,3473,3483,10
12.9912204742,80.2317810059,3483,3493,10
12.9918203354,80.231552124,3493,3503,10
12.9922103882,80.2315673828,3503,3513,10
12.9927902222,80.2318191528,3513,3523,10
12.9934597015,80.2320785522,3523,3533,10
12.993639946,80.2326583862,3533,3543,10
12.9936599731,80.2332305908,3543,3553,10
12.9942598343,80.2334365845,3553,3564,11
12.9949102402,80.2339172363,3564,3574,10
12.9953298569,80.2346420288,3574,3584,10
12.9959402084,80.2353591919,3584,3594,10
12.996509552,80.2360534668,3594,3604,10
12.9969997406,80.2367630005,3604,3614,10
12.9975996017,80.2374801636,3614,3624,10
12.9983701706,80.2380981445,3624,3887,263
12.9983701706,80.2380981445,3887,3897,10
12.9981603622,80.2379989624,3897,3907,10
12.9977703094,80.2376708984,3907,3917,10
12.9973096848,80.2372131348,3917,3927,10
12.9968996048,80.2366104126,3927,3938,11
12.9963302612,80.2358779907,3938,3948,10
12.9958400726,80.2352600098,3948,3958,10
12.9954004288,80.234703064,3958,3968,10
12.9951000214,80.23412323,3968,3978,10
12.9946298599,80.2335662842,3978,3988,10
12.9939603806,80.2334213257,3988,3998,10
12.9937295914,80.2331924438,3998,4008,10
12.9937601089,80.2327270508,4008,4018,10
12.9935703278,80.2322463989,4018,4029,11
12.9930000305,80.2319717407,4029,4039,10
12.9923200607,80.2316131592,4039,4049,10
12.9917898178,80.2316894531,4049,4059,10
12.9911603928,80.2319030762,4059,4069,10
12.9910202026,80.2314834595,4069,4079,10
12.9909601212,80.2308502197,4079,4089,10
12.9908704758,80.2299880981,4089,4099,10
12.9905996323,80.2289962769,4099,4109,10
12.9904603958,80.2284469604,4109,4120,11
12.9902000427,80.2274932861,4120,4130,10
12.9900999069,80.2267532349,4130,4140,10
12.9900999069,80.2261962891,4140,4150,10
12.9899396896,80.225479126,4150,4160,10
12.9895601273,80.2247772217,4160,4170,10
12.9895401001,80.2242584229,4170,4180,10
12.9894895554,80.2237319946,4180,4191,11
12.9890403748,80.2233886719,4191,4201,10
12.9883804321,80.2233505249,4201,4444,243
12.9883403778,80.2233276367,4444,4727,283
12.9883403778,80.2233276367,4727,4737,10
12.9883403778,80.2232666016,4737,4747,10
12.9886302948,80.2232971191,4747,4757,10
12.9890899658,80.2233810425,4757,4768,11
12.9894399643,80.2238693237,4768,4778,10
12.9894895554,80.2243881226,4778,4788,10
12.9896402359,80.2249221802,4788,4798,10
12.9900503159,80.2255630493,4798,4808,10
12.9900398254,80.2262802124,4808,4818,10
12.9901199341,80.2268295288,4818,4828,10
12.9901199341,80.2276229858,4828,4848,20
12.9901199341,80.2276229858,4848,4858,10
12.9899597168,80.2277603149,4858,4869,11
12.9898004532,80.2278518677,4869,4879,10
12.9893598557,80.2281036377,4879,4889,10
12.9888801575,80.2286224365,4889,4899,10
12.9885702133,80.2294998169,4899,4909,10
12.9883298874,80.2299804688,4909,4919,10
12.9880399704,80.2308197021,4919,4929,10
12.9877004623,80.2315979004,4929,4939,10
12.9875001907,80.2326202393,4939,4949,10
12.9875602722,80.2331085205,4949,4960,11
12.9880695343,80.2329483032,4960,4970,10
12.9889097214,80.2328872681,4970,4980,10
12.9896697998,80.2330322266,4980,4990,10
12.9904003143,80.233291626,4990,5020,30
12.9904003143,80.233291626,5020,5030,10
12.9906196594,80.2333984375,5030,5040,10
12.9908599854,80.2334365845,5040,5051,11
12.9909000397,80.2330322266,5051,5101,50
12.9909000397,80.2330322266,5101,5111,10
12.9910097122,80.2330932617,5111,5506,395
12.9909601212,80.2330169678,5506,5556,50
12.9910802841,80.2330780029,5556,5677,121
12.9910697937,80.2331085205,5677,6062,385
12.9910202026,80.2331314087,6062,6163,101
12.9909095764,80.2330780029,6163,6597,434
12.9909095764,80.2330780029,6597,6607,10
12.9909801483,80.2334213257,6607,6618,11
12.9913597107,80.2334976196,6618,6628,10
12.9918003082,80.2336578369,6628,6638,10
12.9921998978,80.2337036133,6638,6648,10
12.9928197861,80.2338104248,6648,6658,10
12.9933099747,80.2340087891,6658,6668,10
12.9937601089,80.2342834473,6668,6678,10
12.9942703247,80.2346420288,6678,6688,10
12.9949703217,80.2350006104,6688,6698,10
12.9954795837,80.2353820801,6698,6709,11
12.9961099625,80.2359924316,6709,6719,10
12.9965400696,80.2366867065,6719,6729,10
12.9968900681,80.2374191284,6729,6739,10
12.997179985,80.2378921509,6739,6749,10
12.9974098206,80.2378463745,6749,6759,10
12.9976596832,80.2376098633,6759,6769,10
12.9982995987,80.2380828857,6769,6789,20
12.9982995987,80.2380828857,6789,6800,11
12.9982995987,80.2380981445,6800,6810,10
12.9981203079,80.2380065918,6810,6820,10
12.9978199005,80.2376937866,6820,6830,10
12.9975299835,80.2377624512,6830,6840,10
12.9972696304,80.237991333,6840,6850,10
12.997010231,80.2376403809,6850,6860,10
12.9966602325,80.2371063232,6860,6870,10
12.9963302612,80.2364578247,6870,6880,10
12.9959697723,80.2358627319,6880,6890,10
12.9953203201,80.2353210449,6890,6901,11
12.9948997498,80.2350387573,6901,6911,10
12.9942302704,80.234703064,6911,6921,10
12.9936599731,80.2342834473,6921,6931,10
12.9932403564,80.2340164185,6931,6941,10
12.9926395416,80.233833313,6941,6951,10
12.9919595718,80.233757019,6951,6961,10
12.9913597107,80.2337265015,6961,6971,10
12.9909601212,80.2334594727,6971,7032,61
12.9909601212,80.2334594727,7032,7042,10
12.9909496307,80.2330474854,7042,7194,152
12.9909496307,80.2330474854,7194,7204,10
12.9909696579,80.2332229614,7204,7214,10
12.991060257,80.2334899902,7214,7224,10
12.9913597107,80.2332763672,7224,7234,10
12.9912204742,80.2328567505,7234,7244,10
12.9909896851,80.232131958,7244,7254,10
12.9908800125,80.231262207,7254,7265,11
12.990819931,80.2305526733,7265,7275,10
12.9907197952,80.2297134399,7275,7285,10
12.9905004501,80.2288208008,7285,7295,10
12.99036026,80.2282485962,7295,7305,10
12.9901800156,80.2273635864,7305,7315,10
12.9900503159,80.2265319824,7315,7325,10
12.9900798798,80.2259216309,7325,7335,10
12.9897403717,80.2251815796,7335,7345,10
12.9895496368,80.2246398926,7345,7355,10
12.9894800186,80.2238998413,7355,7366,11
12.9892101288,80.2234191895,7366,7376,10
12.988820076,80.2233276367,7376,7386,10
12.9884004593,80.2237701416,7386,9216,1830
12.9884395599,80.2238922119,9216,9367,151
12.9885797501,80.2238082886,9367,9489,122
12.9883203506,80.2238616943,9489,10894,1405
12.9883403778,80.2238464355,10894,17304,6410
12.9883403778,80.2238464355,17304,17314,10
12.9883804321,80.2236709595,17314,19457,2143
12.9883899689,80.2238006592,19457,19794,337
12.9883899689,80.2238006592,19794,19801,7
12.9883899689,80.2238006592,19801,28108,8307
12.9883403778,80.2238311768,28108,28179,71
12.9884195328,80.2238235474,28179,28715,536
12.9884195328,80.2238235474,28715,28725,10
12.988409996,80.2237625122,28725,29250,525
12.988360405,80.2238388062,29250,29645,395
12.9885101318,80.2237625122,29645,29695,50
12.9885101318,80.2237625122,29695,29705,10
12.9884500504,80.2237472534,29705,29715,10
12.9882898331,80.2236785889,29715,29736,21
12.9882898331,80.2236785889,29736,29746,10
12.9884996414,80.2233963013,29746,29756,10
12.9887399673,80.2232971191,29756,29766,10
12.9892597198,80.223449707,29766,29776,10
12.9894599915,80.2240600586,29776,29786,10
12.9895601273,80.2248077393,29786,29796,10
12.9899196625,80.2254486084,29796,29806,10
12.9900398254,80.2261810303,29806,29817,11
12.9900798798,80.2268066406,29817,29827,10
12.9901504517,80.2275390625,29827,29837,10
12.9897098541,80.2279205322,29837,29847,10
12.9890403748,80.2283401489,29847,29857,10
12.9886302948,80.2292480469,29857,29867,10
12.9883899689,80.2298583984,29867,29877,10
12.9880599976,80.2307434082,29877,29887,10
12.9876499176,80.2316970825,29887,29897,10
12.9874401093,80.2327270508,29897,29908,11
12.9874601364,80.2331619263,29908,29918,10
12.9869298935,80.2332763672,29918,29928,10
12.9864397049,80.2332992554,29928,29938,10
12.9861803055,80.2338409424,29938,29948,10
12.9862203598,80.2344589233,29948,29958,10
12.9865598679,80.2354278564,29958,29968,10
12.9866104126,80.236076355,29968,29978,10
12.9866399765,80.2368774414,29978,29988,10
12.9866504669,80.237663269,29988,29998,10
12.9866504669,80.2385025024,29998,30009,11
12.9866399765,80.2387619019,30009,30019,10
12.9866600037,80.2392425537,30019,30029,10
12.9870300293,80.239440918,30029,30039,10
12.9870195389,80.2403106689,30039,30049,10
12.9871397018,80.2408370972,30049,30059,10
12.9881601334,80.2409973145,30059,30069,10
12.9889602661,80.2413101196,30069,30079,10
12.9894599915,80.2414779663,30079,30089,10
12.9899501801,80.2415237427,30089,30231,142
12.9899196625,80.2416534424,30231,30605,374
12.990070343,80.2416305542,30605,31323,718
12.990070343,80.2416305542,31323,31333,10
12.9898700714,80.241607666,31333,31343,10
12.9893398285,80.2414779663,31343,31353,10
12.9887399673,80.2412719727,31353,31363,10
12.9878902435,80.2409667969,31363,31372,9
12.9871501923,80.2408828735,31372,31383,11
12.9870004654,80.240562439,31383,31394,11
12.987039566,80.2397766113,31394,31404,10
12.986749649,80.2394790649,31404,31414,10
12.9866399765,80.2390975952,31414,31424,10
12.9866304398,80.2384567261,31424,31434,10
12.9866199493,80.237663269,31434,31444,10
12.9865999222,80.2370223999,31444,31454,10
12.986579895,80.2364807129,31454,31464,10
12.9865598679,80.2358474731,31464,31474,10
12.9864597321,80.2352371216,31474,31485,11
12.986120224,80.2343215942,31485,31495,10
12.9860801697,80.2336425781,31495,31505,10
12.9864997864,80.2333526611,31505,31515,10
12.9872303009,80.2332763672,31515,31525,10
12.9879198074,80.233039856,31525,31535,10
12.9888401031,80.2328796387,31535,31545,10
12.9896602631,80.233039856,31545,31555,10
12.9904298782,80.2333374023,31555,31565,10
12.9911403656,80.2334976196,31565,31576,11
12.9916400909,80.2338027954,31576,31586,10
12.9918699265,80.2342834473,31586,31596,10
12.9917697906,80.2344894409,31596,31636,40
12.9917697906,80.2344894409,31636,31646,10
12.991689682,80.2343826294,31646,31656,10
12.9917297363,80.234161377,31656,31667,11
12.9914197922,80.2336578369,31667,31677,10
12.9912395477,80.233039856,31677,31687,10
12.9910001755,80.2322463989,31687,31697,10
12.9909000397,80.2312774658,31697,31707,10
12.9908599854,80.2306137085,31707,31717,10
12.9907197952,80.2295837402,31717,31727,10
12.990480423,80.2287368774,31727,31737,10
12.990240097,80.2279663086,31737,31747,10
12.9901199341,80.2269973755,31747,31758,11
12.9900503159,80.226272583,31758,31768,10
12.9898796082,80.2253875732,31768,31778,10
12.9895801544,80.2247772217,31778,31788,10
12.9894800186,80.2243270874,31788,31798,10
12.98939991,80.2236709595,31798,31808,10
12.9888801575,80.2233581543,31808,31818,10
12.988360405,80.2237625122,31818,31848,30
12.9882097244,80.223777771,31848,32506,658
12.9882097244,80.223777771,32506,32516,10
12.9882602692,80.2238235474,32516,32617,101
12.9885396957,80.2236022949,32617,32991,374
12.9885396957,80.2236022949,32991,33001,10
12.9884500504,80.2236480713,33001,33011,10
12.9881801605,80.2237472534,33011,33527,516
12.9881801605,80.2237472534,33527,33537,10
12.9880504608,80.2237625122,33537,33658,121
12.9880504608,80.2237625122,33658,33668,10
12.9881000519,80.2236862183,33668,38190,4522
12.9882297516,80.2235412598,38190,38220,30
12.9881296158,80.2235412598,38220,38574,354
12.9879598618,80.2237701416,38574,38635,61
12.9879903793,80.2236862183,38635,38908,273
12.9879999161,80.2235107422,38908,38959,51
12.9881296158,80.2236480713,38959,39231,272
12.9880599976,80.223739624,39231,39413,182
12.988120079,80.2236175537,39413,39626,213
12.988120079,80.2236175537,39626,39636,10
12.9880800247,80.223739624,39636,39646,10
12.9880800247,80.2237472534,39646,39656,10
12.9880304337,80.2238464355,39656,39727,71
12.9880304337,80.2237472534,39727,39878,151
12.9880399704,80.2238998413,39878,39959,81
12.9879999161,80.2237701416,39959,40333,374
12.9879999161,80.2237701416,40333,40344,11
12.9879703522,80.2236022949,40344,40495,151
12.9880800247,80.2237319946,40495,40768,273
12.9879398346,80.2237167358,40768,41031,263
12.9880895615,80.2237625122,41031,41233,202
12.9881296158,80.2235336304,41233,41365,132
12.9879798889,80.2237472534,41365,41435,70
12.9881095886,80.2238998413,41435,41466,31
12.9880199432,80.2237625122,41466,41789,323
12.9879703522,80.2237091064,41789,42163,374
12.9879999161,80.2237091064,42163,42658,495
12.9877195358,80.2238388062,42658,42679,21
12.9879102707,80.2238693237,42679,43063,384
12.9879102707,80.2238693237,43063,43073,10
12.9883403778,80.2235412598,43073,43083,10
12.9885396957,80.2233581543,43083,43093,10
12.98898983,80.2233734131,43093,43103,10
12.9893398285,80.2238082886,43103,43113,10
12.9893903732,80.2244415283,43113,43124,11
12.9897603989,80.2252578735,43124,43134,10
12.9900197983,80.2259674072,43134,43144,10
12.9899997711,80.2265090942,43144,43154,10
12.9901895523,80.2274780273,43154,43174,20
12.9901895523,80.2274780273,43174,43184,10
12.9902095795,80.2277832031,43184,43194,10
12.9903802872,80.2284698486,43194,43204,10
12.9906101227,80.229133606,43204,43215,11
12.990819931,80.2300186157,43215,43225,10
12.990819931,80.2307510376,43225,43235,10
12.990819931,80.2312469482,43235,43245,10
12.9908304214,80.2317886353,43245,43255,10
12.9909000397,80.2321395874,43255,43265,10
12.9910697937,80.232673645,43265,43274,9
12.9913396835,80.2332992554,43274,43285,11
12.9914503098,80.2337188721,43285,43295,10
12.9909296036,80.2334823608,43295,43305,10
12.990240097,80.2333374023,43305,43316,11
12.9899902344,80.2332763672,43316,43326,10
12.9894399643,80.2331008911,43326,43336,10
12.9887695313,80.232963562,43336,43346,10
12.9880104065,80.233039856,43346,43356,10
12.9875497818,80.2332000732,43356,43366,10
12.9874095917,80.2331314087,43366,43376,10
12.9874095917,80.2326812744,43376,43386,10
12.9875097275,80.2319717407,43386,43396,10
12.987739563,80.2314682007,43396,43407,11
12.9879598618,80.2309036255,43407,43417,10
12.9881000519,80.2303390503,43417,43427,10
12.9882097244,80.2300415039,43427,43437,10
12.9884195328,80.2296066284,43437,43447,10
12.988699913,80.2289428711,43447,43457,10
12.9890699387,80.2283172607,43457,43467,10
12.9896402359,80.228012085,43467,43477,10
12.9901103973,80.2277603149,43477,43488,11
12.9902896881,80.2284698486,43488,43498,10
12.9905500412,80.229133606,43498,43508,10
12.9907903671,80.2299575806,43508,43518,10
12.9908399582,80.23021698,43518,43528,10
12.990819931,80.2307662964,43528,43538,10
12.9908103943,80.2312469482,43538,43548,10
12.9908704758,80.2318191528,43548,43558,10
12.9909496307,80.2320327759,43558,43568,10
12.9910497665,80.2325592041,43568,43579,11
12.9913902283,80.2333831787,43579,43589,10
12.991979599,80.2336425781,43589,43599,10
12.992650032,80.2337799072,43599,43609,10
12.9932498932,80.2339935303,43609,43619,10
12.9937801361,80.2342834473,43619,43629,10
12.9945497513,80.2347793579,43629,43639,10
12.9951696396,80.2351989746,43639,43649,10
12.9960002899,80.2358779907,43649,43659,10
12.9965600967,80.236907959,43659,43669,10
12.9969501495,80.2376327515,43669,43680,11
12.9972896576,80.2378311157,43680,43690,10
12.9976701736,80.2376174927,43690,43700,10
12.9982500076,80.238067627,43700,43740,40
12.9982500076,80.238067627,43740,43750,10
12.9980802536,80.2380599976,43750,44337,587
12.9980802536,80.2380599976,44337,44347,10
12.9979000092,80.238243103,44347,44357,10
12.9976997375,80.2379379272,44357,44367,10
12.9974603653,80.2378616333,44367,44377,10
12.9972600937,80.2380523682,44377,44387,10
12.997010231,80.2378234863,44387,44397,10
12.9967002869,80.2372665405,44397,44407,10
12.9962596893,80.2363815308,44407,44417,10
12.9956998825,80.2356491089,44417,44428,11
12.9950504303,80.2351608276,44428,44438,10
12.9943399429,80.2347488403,44438,44448,10
12.9937295914,80.2343521118,44448,44458,10
12.9932098389,80.2340621948,44458,44468,10
12.9925899506,80.2338409424,44468,44478,10
12.9920301437,80.2337875366,44478,44488,10
12.9914999008,80.233757019,44488,44498,10
12.9909801483,80.2335205078,44498,44509,11
12.9901895523,80.2333221436,44509,44519,10
12.9894800186,80.2330780029,44519,44529,10
12.9886903763,80.2329406738,44529,44539,10
12.9878396988,80.2330780029,44539,44549,10
12.9874801636,80.2332229614,44549,44559,10
12.9873895645,80.2330627441,44559,44569,10
12.9874296188,80.2323684692,44569,44579,10
12.9877099991,80.231552124,44579,44589,10
12.9880504608,80.2307434082,44589,44599,10
12.988240242,80.2301177979,44599,44610,11
12.9882497787,80.2300186157,44610,44620,10
12.9884700775,80.2295074463,44620,44630,10
12.9887599945,80.2287597656,44630,44640,10
12.9892702103,80.2281417847,44640,44650,10
12.9898500443,80.2278289795,44650,44660,10
12.9902095795,80.2278823853,44660,44670,10
12.9904203415,80.2286682129,44670,44680,10
12.9906702042,80.2293701172,44680,44690,10
12.9908304214,80.230140686,44690,44701,11
12.9907999039,80.2303924561,44701,44711,10
12.9907598495,80.2309799194,44711,44721,10
12.9908304214,80.2316665649,44721,44731,10
12.9910001755,80.2324981689,44731,44741,10
12.9912900925,80.2332305908,44741,44751,10
12.9917602539,80.2336502075,44751,44761,10
12.9917802811,80.2336578369,44761,44771,10
12.9920902252,80.2337036133,44771,44781,10
12.9927797318,80.2338180542,44781,44791,10
12.9933595657,80.2340774536,44791,44802,11
12.993929863,80.2344665527,44802,44812,10
12.9946098328,80.2349319458,44812,44822,10
12.9952802658,80.2353286743,44822,44832,10
12.9959697723,80.2358627319,44832,44842,10
12.996430397,80.236656189,44842,44852,10
12.9968595505,80.2374191284,44852,44862,10
12.9971599579,80.2378616333,44862,44872,10
12.9974098206,80.2376174927,44872,44882,10
12.9982204437,80.2380218506,44882,44943,61
12.9981298447,80.2379837036,44943,45472,529
12.9981298447,80.2379837036,45472,45482,10
12.9977998734,80.2378311157,45482,45502,20
12.9977998734,80.2378311157,45502,45512,10
12.997420311,80.2378311157,45512,45522,10
12.9971199036,80.2379226685,45522,45532,10
12.9968700409,80.2375030518,45532,45543,11
12.9963798523,80.2368011475,45543,45553,10
12.9960603714,80.2360992432,45553,45563,10
12.9955596924,80.2355422974,45563,45573,10
12.9949598312,80.2350616455,45573,45583,10
12.9942102432,80.2347335815,45583,45593,10
12.993639946,80.2343521118,45593,45603,10
12.9931898117,80.2340621948,45603,45613,10
12.992600441,80.2338485718,45613,45623,10
12.9920196533,80.2337493896,45623,45634,11
12.9913597107,80.2337036133,45634,45644,10
12.9908399582,80.2335205078,45644,45654,10
12.9903697968,80.2333831787,45654,45664,10
12.9897499084,80.2331619263,45664,45674,10
12.9892301559,80.2330093384,45674,45684,10
12.9884004593,80.2329025269,45684,45694,10
12.9877004623,80.2331237793,45694,45704,10
12.9869699478,80.2332382202,45704,45715,11
12.9863195419,80.2332687378,45715,45725,10
12.9860897064,80.2336196899,45725,45735,10
12.9861097336,80.2342300415,45735,45745,10
12.9863996506,80.2350616455,45745,45755,10
12.9865598679,80.2357406616,45755,45765,10
12.9866104126,80.2364120483,45765,45775,10
12.9866104126,80.2370071411,45775,45785,10
12.9866199493,80.2376480103,45785,45795,10
12.9866504669,80.2382583618,45795,45805,10
12.9866199493,80.2386398315,45805,45815,10
12.9865703583,80.2386627197,45815,45826,11
12.9865598679,80.238319397,45826,45836,10
12.986579895,80.2377166748,45836,45846,10
12.9865598679,80.2371368408,45846,45856,10
12.986530304,80.2366104126,45856,45866,10
12.9865503311,80.2358627319,45866,45876,10
12.9863996506,80.2352371216,45876,45886,10
12.9861001968,80.2344436646,45886,45896,10
12.9860801697,80.2337188721,45896,45907,11
12.9864397049,80.2333297729,45907,45917,10
12.9870004654,80.2333068848,45917,45927,10
12.9873600006,80.2330474854,45927,45937,10
12.987449646,80.2323226929,45937,45947,10
12.9876499176,80.2314910889,45947,45957,10
12.9879999161,80.2307434082,45957,45967,10
12.9882602692,80.2300796509,45967,45977,10
12.9883298874,80.229850769,45977,45987,10
12.9885501862,80.2292861938,45987,45998,11
12.9888401031,80.228477478,45998,46008,10
12.9894695282,80.2281036377,46008,46018,10
12.989859581,80.227722168,46018,46028,10
12.9899396896,80.2276916504,46028,46038,10
12.9902000427,80.2277679443,46038,46048,10
12.9903297424,80.2283782959,46048,46058,10
12.9905195236,80.2290267944,46058,46068,10
12.9907398224,80.229888916,46068,46078,10
12.9908103943,80.2302932739,46078,46088,10
12.9908103943,80.23072052,46088,46099,11
12.9909000397,80.2314224243,46099,46109,10
12.9910202026,80.2320404053,46109,46119,10
12.9910497665,80.2322006226,46119,46129,10
12.9912004471,80.2327804565,46129,46139,10
12.9913597107,80.2333602905,46139,46149,10
12.9917097092,80.2336196899,46149,46159,10
12.9918899536,80.2336807251,46159,46169,10
12.9923801422,80.2337417603,46169,46179,10
12.9930095673,80.2339096069,46179,46190,11
12.9935998917,80.2342376709,46190,46200,10
12.994099617,80.2345962524,46200,46210,10
12.9949197769,80.2351379395,46210,46220,10
12.9955396652,80.235496521,46220,46230,10
12.9961299896,80.236076355,46230,46240,10
12.9966201782,80.2369918823,46240,46250,10
12.9970397949,80.2377090454,46250,46260,10
12.9973297119,80.2378692627,46260,46270,10
12.9975795746,80.2376174927,46270,46281,11
12.9981803894,80.2380371094,46281,46321,40
12.9981803894,80.2380371094,46321,46331,10
12.9982204437,80.2380218506,46331,46634,303
12.9982204437,80.2380218506,46634,46644,10
12.9979801178,80.2378921509,46644,46655,11
12.9976396561,80.2377090454,46655,46665,10
12.9973096848,80.2379608154,46665,46675,10
12.9970598221,80.23777771,46675,46685,10
12.9967098236,80.237159729,46685,46695,10
12.9962902069,80.2364120483,46695,46705,10
12.995759964,80.2356872559,46705,46715,10
12.9952201843,80.2352981567,46715,46725,10
12.994600296,80.2349319458,46725,46735,10
12.9938697815,80.2345504761,46735,46746,11
12.9933996201,80.2341537476,46746,46756,10
12.9928197861,80.2339019775,46756,46766,10
12.9921598434,80.2337875366,46766,46776,10
12.9916601181,80.233833313,46776,46786,10
12.9910497665,80.2335891724,46786,46796,10
12.9904603958,80.2333679199,46796,46806,10
12.9897699356,80.2331085205,46806,46816,10
12.9891300201,80.2329330444,46816,46827,11
12.9883298874,80.232963562,46827,46837,10
12.9876699448,80.2332000732,46837,46847,10
12.9874801636,80.2331695557,46847,46857,10
12.9874601364,80.2328491211,46857,46867,10
12.9874897003,80.2323303223,46867,46877,10
12.9875602722,80.2318878174,46877,46887,10
12.9877901077,80.2314682007,46887,46897,10
12.9880399704,80.2308807373,46897,46907,10
12.9882001877,80.2304077148,46907,46918,11
12.9882698059,80.2301025391,46918,46928,10
12.9881896973,80.2299728394,46928,46938,10
12.9884395599,80.2295227051,46938,46948,10
12.989279747,80.2281188965,46948,46958,10
12.989279747,80.2281188965,46958,46968,10
12.9899396896,80.2276229858,46968,46998,30
12.9899396896,80.2276229858,46998,47008,10
12.9901800156,80.2278213501,47008,47019,11
12.9903001785,80.228553772,47019,47029,10
12.9905595779,80.2292785645,47029,47039,10
12.9907197952,80.2300567627,47039,47049,10
12.9907398224,80.2301177979,47049,47059,10
12.9907798767,80.2306289673,47059,47069,10
12.9907798767,80.2312088013,47069,47079,10
12.9908704758,80.2318878174,47079,47089,10
12.9909000397,80.2319564819,47089,47099,10
12.9909601212,80.2323684692,47099,47109,10
12.9912004471,80.233001709,47109,47120,11
12.9916200638,80.233581543,47120,47130,10
12.9918403625,80.2336807251,47130,47140,10
12.991979599,80.2336883545,47140,47150,10
12.9924402237,80.2337722778,47150,47160,10
12.993060112,80.2339324951,47160,47170,10
12.9936304092,80.2342681885,47170,47180,10
12.9940795898,80.2345733643,47180,47190,10
12.9946603775,80.2349319458,47190,47201,11
12.9952697754,80.2352981567,47201,47212,11
12.9959001541,80.2359008789,47212,47222,10
12.9965801239,80.2370529175,47222,47232,10
12.9969797134,80.2377090454,47232,47242,10
12.9972295761,80.2379684448,47242,47252,10
12.9974002838,80.237701416,47252,47262,10
12.9978399277,80.2378311157,47262,47272,10
12.9982299805,80.2380828857,47272,47323,51
12.9982299805,80.2380828857,47323,47333,10
12.9981002808,80.2379608154,47333,47444,111
12.9980697632,80.2378311157,47444,47495,51
12.998049736,80.2378311157,47495,47545,50
12.9979696274,80.2378463745,47545,47646,101
12.9980297089,80.2378768921,47646,47889,243
12.9980297089,80.2378768921,47889,47899,10
12.9978303909,80.2377471924,47899,47909,10
12.9975404739,80.2378082275,47909,47919,10
12.9973096848,80.237991333,47919,47929,10
12.997010231,80.2376403809,47929,47940,11
12.9966001511,80.2369003296,47940,47950,10
12.9961299896,80.2361068726,47950,47960,10
12.9954996109,80.2355194092,47960,47970,10
12.9949398041,80.2351608276,47970,47980,10
12.9942798615,80.2347793579,47980,47990,10
12.9937000275,80.2343826294,47990,48000,10
12.993229866,80.2340621948,48000,48010,10
12.992600441,80.2338180542,48010,48020,10
12.9920101166,80.2337493896,48020,48031,11
12.9918699265,80.233757019,48031,48041,10
12.9917802811,80.2337265015,48041,48051,10
12.9912395477,80.2336425781,48051,48061,10
12.9906797409,80.233543396,48061,48071,10
12.990070343,80.233253479,48071,48081,10
12.9897603989,80.2331390381,48081,48091,10
12.9891901016,80.232963562,48091,48101,10
12.988409996,80.232963562,48101,48111,10
12.987739563,80.2331619263,48111,48121,10
12.987039566,80.2332992554,48121,48132,11
12.9863901138,80.2333068848,48132,48142,10
12.9861297607,80.233757019,48142,48152,10
12.9861602783,80.2342910767,48152,48162,10
12.986410141,80.234992981,48162,48172,10
12.9865903854,80.2357177734,48172,48182,10
12.9865999222,80.2364578247,48182,48192,10
12.9866104126,80.2371063232,48192,48202,10
12.9866304398,80.2378234863,48202,48212,10
12.9866600037,80.2385025024,48212,48223,11
12.9865503311,80.2386322021,48223,48233,10
12.986530304,80.2385635376,48233,48243,10
12.9865999222,80.2381973267,48243,48253,10
12.9865999222,80.237411499,48253,48263,10
12.9865598679,80.2367477417,48263,48273,10
12.9865102768,80.2359008789,48273,48283,10
12.9864301682,80.2352371216,48283,48293,10
12.9861898422,80.2343902588,48293,48303,10
12.9860696793,80.2336425781,48303,48314,11
12.9865703583,80.2332992554,48314,48324,10
12.9872398376,80.233253479,48324,48334,10
12.9873800278,80.2327804565,48334,48344,10
12.9875097275,80.2320022583,48344,48354,10
12.9878101349,80.231300354,48354,48364,10
12.9881496429,80.2305526733,48364,48374,10
12.9882898331,80.2301177979,48374,48384,10
12.9883499146,80.229850769,48384,48394,10
12.9885997772,80.2292480469,48394,48405,11
12.9889297485,80.2284011841,48405,48415,10
12.9895601273,80.2279281616,48415,48425,10
12.9899597168,80.2276000977,48425,48455,30
12.9899597168,80.2276000977,48455,48465,10
12.9901800156,80.2276000977,48465,48475,10
12.99036026,80.2282180786,48475,48485,10
12.9905796051,80.2289428711,48485,48496,11
12.9908103943,80.2299804688,48496,48506,10
12.9908800125,80.2308120728,48506,48516,10
12.9909496307,80.2314910889,48516,48526,10
12.9909801483,80.2322463989,48526,48536,10
12.9912595749,80.2329483032,48536,48546,10
12.9915504456,80.2334976196,48546,48556,10
12.9917697906,80.2336196899,48556,48566,10
12.9920301437,80.2336730957,48566,48576,10
12.9927196503,80.2337799072,48576,48586,10
12.9933700562,80.2340393066,48586,48597,11
12.9939403534,80.2344512939,48597,48607,10
12.9946603775,80.2349624634,48607,48617,10
12.9953899384,80.2353515625,48617,48627,10
12.9958295822,80.2357406616,48627,48636,9
12.9961099625,80.2360610962,48636,48647,11
12.9965896606,80.2368621826,48647,48657,10
12.9970598221,80.2376785278,48657,48667,10
12.9974403381,80.2377929688,48667,48677,10
12.9977798462,80.2376480103,48677,48688,11
12.9982700348,80.2380371094,48688,48738,50
12.9982004166,80.238067627,48738,48859,121
12.9980401993,80.2378005981,48859,48940,81
12.9980602264,80.2378921509,48940,49062,122
12.9980602264,80.2378921509,49062,49072,10
12.997879982,80.2378616333,49072,49082,10
12.9975996017,80.237739563,49082,49092,10
12.9973402023,80.2379837036,49092,49102,10
12.9971199036,80.2378387451,49102,49112,10
12.9967403412,80.2372131348,49112,49122,10
12.9963102341,80.2364196777,49122,49132,10
12.9958000183,80.2357177734,49132,49142,10
12.9951400757,80.2352828979,49142,49153,11
12.9944801331,80.2348632813,49153,49163,10
12.993689537,80.234336853,49163,49173,10
12.9931602478,80.2339782715,49173,49183,10
12.9923496246,80.2337799072,49183,49193,10
12.9917802811,80.2337722778,49193,49203,10
12.9911003113,80.2335968018,49203,49213,10
12.9904603958,80.2334213257,49213,49223,10
12.9896802902,80.2331466675,49223,49233,10
12.9894399643,80.233039856,49233,49244,11
12.9887399673,80.2329101563,49244,49254,10
12.9880399704,80.2330093384,49254,49264,10
12.9876003265,80.2332000732,49264,49274,10
12.9874200821,80.2329788208,49274,49284,10
12.9875001907,80.2321624756,49284,49294,10
12.9875297546,80.2318572998,49294,49304,10
12.9877996445,80.2313537598,49304,49314,10
12.9881000519,80.2305679321,49314,49324,10
12.9883403778,80.2300720215,49324,49335,11
12.9884996414,80.229637146,49335,49345,10
12.9887599945,80.2288970947,49345,49355,10
12.9891395569,80.2282028198,49355,49365,10
12.9897003174,80.2278366089,49365,49375,10
12.9899301529,80.2276687622,49375,49385,10
12.9900999069,80.2276000977,49385,49395,10
12.9903297424,80.2281570435,49395,49405,10
12.9905395508,80.2288513184,49405,49415,10
12.9907302856,80.2295837402,49415,49426,11
12.9908399582,80.230140686,49426,49436,10
12.9908599854,80.2305221558,49436,49446,10
12.9909095764,80.2311325073,49446,49456,10
12.9909801483,80.2318496704,49456,49466,10
12.9910001755,80.2321014404,49466,49476,10
12.9911804199,80.2327575684,49476,49486,10
12.9914398193,80.2334136963,49486,49496,10
12.9919395447,80.2336730957,49496,49506,10
12.9925098419,80.2337417603,49506,49516,10
12.9932003021,80.2339324951,49516,49527,11
12.9937000275,80.2342681885,49527,49537,10
12.9942598343,80.2346878052,49537,49547,10
12.9951000214,80.235168457,49547,49557,10
12.9955997467,80.2355270386,49557,49566,9
12.9962301254,80.2362594604,49566,49577,11
12.9967098236,80.237159729,49577,49587,10
12.9970998764,80.2378234863,49587,49597,10
12.9974098206,80.2378692627,49597,49607,10
12.9976902008,80.2376174927,49607,49618,11
12.9981803894,80.2379837036,49618,49688,70
12.9981603622,80.2380218506,49688,49971,283
12.9981603622,80.2380218506,49971,49982,11
12.9980096817,80.2380065918,49982,50285,303
12.9980096817,80.2380065918,50285,50295,10
12.9978504181,80.2378082275,50295,50305,10
12.9976396561,80.237663269,50305,50315,10
12.9975404739,80.237701416,50315,50325,10
12.9974098206,80.2378921509,50325,50335,10
12.9971599579,80.2378692627,50335,50345,10
12.9969396591,80.2375106812,50345,50356,11
12.9966802597,80.2370223999,50356,50366,10
12.9962701797,80.2362976074,50366,50376,10
12.9956502914,80.2356185913,50376,50386,10
12.9950895309,80.2352218628,50386,50396,10
12.9944000244,80.2348175049,50396,50406,10
12.9937400818,80.2343826294,50406,50416,10
12.9932603836,80.2340316772,50416,50426,10
12.9926700592,80.233833313,50426,50436,10
12.9920101166,80.2337493896,50436,50447,11
12.9916400909,80.2338104248,50447,50457,10
12.9913902283,80.2334213257,50457,50467,10
12.9912395477,80.233039856,50467,50477,10
12.9910402298,80.2324981689,50477,50487,10
12.9909200668,80.2317276001,50487,50507,20
12.9909200668,80.2317276001,50507,50517,10
12.9909000397,80.2312011719,50517,50527,10
12.9908304214,80.2304534912,50527,50537,10
12.9907903671,80.2299880981,50537,50548,11
12.9907903671,80.2298812866,50548,50558,10
12.9906101227,80.2292404175,50558,50568,10
12.9904003143,80.2285614014,50568,50578,10
12.9901103973,80.2273788452,50578,50598,20
12.9901103973,80.2273788452,50598,50608,10
12.9900798798,80.2272796631,50608,50618,10
12.9900197983,80.2266769409,50618,50628,10
12.9900598526,80.2258605957,50628,50639,11
12.989569664,80.2249069214,50639,50649,10
12.9894800186,80.2242202759,50649,50659,10
12.9892902374,80.2235870361,50659,50669,10
12.9887199402,80.2233734131,50669,50679,10
12.9884395599,80.2235183716,50679,50689,10
12.9884004593,80.2235870361,50689,50699,10
12.9881896973,80.2237930298,50699,55290,4591
12.9882001877,80.2240524292,55290,56012,722
12.9882097244,80.2238616943,56012,56588,576
12.9882097244,80.2238616943,56588,56598,10
12.9882602692,80.2240066528,56598,59995,3397
12.9882602692,80.2240066528,59995,60005,10
12.9882602692,80.223777771,60005,60015,10
12.9883003235,80.223777771,60015,60025,10
12.9883203506,80.2237319946,60025,60035,10
12.9884700775,80.2234268188,60035,60045,10
12.9888601303,80.2233886719,60045,60055,10
12.989279747,80.2235565186,60055,60066,11
12.9894199371,80.224029541,60066,60076,10
12.9895200729,80.2246398926,60076,60086,10
12.9897298813,80.2251434326,60086,60096,10
12.9900798798,80.2257385254,60096,60106,10
12.9900503159,80.2263336182,60106,60116,10
12.9901399612,80.2268981934,60116,60126,10
12.9903001785,80.2277069092,60126,60136,10
12.9905099869,80.2285308838,60136,60146,10
12.9906396866,80.2290802002,60146,60157,11
12.990819931,80.2299499512,60157,60167,10
12.9909000397,80.2307815552,60167,60177,10
12.9909696579,80.231300354,60177,60187,10
12.9910001755,80.2317504883,60187,60197,10
12.9910001755,80.2321014404,60197,60207,10
12.9911899567,80.2327804565,60207,60217,10
12.9913797379,80.2333221436,60217,60227,10
12.9916696548,80.2338790894,60227,60237,10
12.9918804169,80.2344818115,60237,60349,112
12.9917201996,80.2343597412,60349,60490,141
12.9916801453,80.2343597412,60490,60581,91
12.9916496277,80.2343902588,60581,61208,627
12.9917697906,80.2344512939,61208,61299,91
12.9917201996,80.2344436646,61299,61400,101
12.9917201996,80.2344436646,61400,61410,10
12.9917898178,80.2344207764,61410,61552,142
12.9916601181,80.234336853,61552,61602,50
12.9916601181,80.234336853,61602,61612,10
12.9917097092,80.2343597412,61612,62118,506
12.9917097092,80.2343597412,62118,62128,10
12.9916400909,80.234336853,62128,62279,151
12.9916696548,80.2344284058,62279,62472,193
12.9916696548,80.2342071533,62472,62502,30
12.9917402267,80.2343978882,62502,62573,71
12.991689682,80.2342987061,62573,62674,101
12.9917497635,80.234336853,62674,62866,192
12.9918804169,80.2344589233,62866,62977,111
12.9918804169,80.2344589233,62977,62987,10
12.9917001724,80.2342910767,62987,63149,162
12.9917097092,80.2343826294,63149,63553,404
12.9917402267,80.2342910767,63553,65242,1689
12.991809845,80.2344665527,65242,65373,131
12.991809845,80.2344665527,65373,65383,10
12.9917201996,80.2343521118,65383,66941,1558
12.9916000366,80.2342834473,66941,66981,40
12.9917697906,80.2344436646,66981,67224,243
12.9917402267,80.2344207764,67224,67406,182
12.9916296005,80.2343902588,67406,67740,334
12.9916296005,80.2343902588,67740,67750,10
12.9915304184,80.234046936,67750,67760,10
12.991109848,80.2337265015,67760,67770,10
12.9906702042,80.2335662842,67770,67780,10
12.9899597168,80.2332611084,67780,67790,10
12.9895095825,80.2331008911,67790,67800,10
12.988940239,80.2329864502,67800,67810,10
12.9882297516,80.233001709,67810,67820,10
12.9877300262,80.2331924438,67820,67831,11
12.9871301651,80.2333374023,67831,67841,10
12.9867200851,80.2333679199,67841,67851,10
12.9862203598,80.2334823608,67851,67861,10
12.9861602783,80.2339477539,67861,67871,10
12.9862003326,80.2344512939,67871,67881,10
12.9864597321,80.2351303101,67881,67891,10
12.9865598679,80.235786438,67891,67901,10
12.9865598679,80.2363510132,67901,67911,10
12.986579895,80.2369766235,67911,67922,11
12.9866104126,80.2375564575,67922,67932,10
12.9866199493,80.238243103,67932,67942,10
12.9866399765,80.2389068604,67942,67952,10
12.9866695404,80.2394638062,67952,67962,10
12.9870300293,80.2395706177,67962,67972,10
12.9870195389,80.2402877808,67972,67982,10
12.9870300293,80.2407608032,67982,67992,10
12.9876003265,80.2409820557,67992,68002,10
12.9884595871,80.2411499023,68002,68012,10
12.9890003204,80.2414016724,68012,68023,11
12.9900302887,80.2416229248,68023,68103,80
12.9900302887,80.2416229248,68103,68114,11
12.9895095825,80.2416000366,68114,68124,10
12.9888896942,80.2414016724,68124,68134,10
12.9882001877,80.2411117554,68134,68144,10
12.9873399734,80.2409667969,68144,68154,10
12.9869804382,80.2405471802,68154,68164,10
12.986989975,80.2396469116,68164,68174,10
12.9866695404,80.2394790649,68174,68184,10
12.9866199493,80.2390289307,68184,68194,10
12.9865903854,80.2385864258,68194,68366,172
12.9865903854,80.2385864258,68366,68376,10
12.9865999222,80.2381896973,68376,68690,314
12.9865999222,80.2381896973,68690,68700,10
12.9865999222,80.2379837036,68700,68710,10
12.9865598679,80.2373275757,68710,68720,10
12.9865198135,80.2367401123,68720,68730,10
12.9864797592,80.2359695435,68730,68740,10
12.9864301682,80.2354202271,68740,68750,10
12.9862098694,80.2349014282,68750,68761,11
12.9860601425,80.2341003418,68761,68771,10
12.986000061,80.2335968018,68771,68781,10
12.9863796234,80.2333679199,68781,68791,10
12.9868803024,80.2333374023,68791,68801,10
12.9874696732,80.233253479,68801,68811,10
12.9879703522,80.233039856,68811,68821,10
12.9886598587,80.2329330444,68821,68831,10
12.9892301559,80.2329864502,68831,68841,10
12.989780426,80.2331390381,68841,68852,11
12.9904603958,80.2333831787,68852,68862,10
12.9908800125,80.2333984375,68862,68872,10
12.9907398224,80.2332382202,68872,69549,677
12.9907598495,80.2334976196,69549,70085,536
12.9907598495,80.2334976196,70085,70095,10
12.9908895493,80.233543396,70095,70105,10
12.9911403656,80.2336120605,70105,70115,10
12.9912700653,80.2332992554,70115,70125,10
12.9911003113,80.2328109741,70125,70135,10
12.9909296036,80.232208252,70135,70145,10
12.9909000397,80.2320098877,70145,70159,14
12.9908504486,80.2316665649,70159,70169,10
12.9907598495,80.2310409546,70169,70180,11
12.9907102585,80.2303390503,70180,70190,10
12.9906101227,80.2295608521,70190,70200,10
12.9904499054,80.2289199829,70200,70210,10
12.9903202057,80.2284698486,70210,70220,10
12.9901895523,80.227722168,70220,70230,10
12.9900798798,80.2270736694,70230,70241,11
12.9899501801,80.2264404297,70241,70251,10
12.9898395538,80.2263565063,70251,70281,30
12.9898395538,80.2263565063,70281,70291,10
12.9900197983,80.226348877,70291,70301,10
12.9900903702,80.2268218994,70301,70311,10
12.9901695251,80.2273788452,70311,70321,10
12.9902801514,80.2280197144,70321,70331,10
12.9904699326,80.2286987305,70331,70342,11
12.9906797409,80.2294006348,70342,70352,10
12.9908399582,80.2303009033,70352,70362,10
12.9908800125,80.2310562134,70362,70372,10
12.990940094,80.2317886353,70372,70382,10
12.9910898209,80.2326202393,70382,70392,10
12.9913196564,80.233253479,70392,70403,11
12.9915895462,80.2336807251,70403,70413,10
12.9912700653,80.2337417603,70413,70423,10
12.9908895493,80.2331924438,70423,71647,1224
12.9909200668,80.233253479,71647,71808,161
12.9908704758,80.2331924438,71808,71849,41
12.9908704758,80.2331924438,71849,71859,10
12.990940094,80.2334976196,71859,71869,10
12.9913396835,80.2335891724,71869,71879,10
12.9918403625,80.2337265015,71879,71889,10
12.9920301437,80.2337417603,71889,71899,10
12.9927597046,80.2338409424,71899,71910,11
12.9934597015,80.2341384888,71910,71920,10
12.9939203262,80.2345123291,71920,71930,10
12.9946403503,80.2350234985,71930,71940,10
12.9953203201,80.2353820801,71940,71950,10
12.9959897995,80.236000061,71950,71960,10
12.9964799881,80.2368392944,71960,71970,10
12.9969301224,80.2375793457,71970,71980,10
12.997179985,80.237991333,71980,71990,10
12.9976501465,80.2386703491,71990,72001,11
12.998169899,80.2390289307,72001,72011,10
12.9989795685,80.2392730713,72011,72021,10
12.9996900558,80.2394180298,72021,72031,10
13.0007600784,80.2395935059,72031,72041,10
13.00137043,80.2397232056,72041,72051,10
13.0020904541,80.2399291992,72051,72061,10
13.0021896362,80.2397232056,72061,72081,20
13.0021896362,80.2397232056,72081,72091,10
13.0022602081,80.2395324707,72091,72102,11
13.0023603439,80.2392425537,72102,72112,10
13.0020999908,80.239112854,72112,72122,10
13.0013999939,80.2387237549,72122,72132,10
13.0005302429,80.2383422852,72132,72142,10
12.9999399185,80.2380981445,72142,72152,10
12.9994401932,80.2379684448,72152,72162,10
12.9989204407,80.23828125,72162,72172,10
12.9983100891,80.2381896973,72172,72203,31
12.9983100891,80.2381896973,72203,72213,10
12.9980802536,80.238067627,72213,72223,10
12.9978199005,80.2378234863,72223,72233,10
12.9975204468,80.2376785278,72233,72243,10
12.9973402023,80.2379302979,72243,72253,10
12.9971904755,80.238067627,72253,72263,10
12.9968795776,80.2376174927,72263,72273,10
12.9965000153,80.2369537354,72273,72284,11
12.9960203171,80.2360916138,72284,72294,10
12.9954204559,80.2354888916,72294,72304,10
12.9949197769,80.2351608276,72304,72314,10
12.9944200516,80.2348937988,72314,72324,10
12.9938802719,80.2345733643,72324,72334,10
12.9934101105,80.2341995239,72334,72344,10
12.9928503036,80.2339630127,72344,72354,10
12.992099762,80.2338409424,72354,72364,10
12.9916801453,80.2338790894,72364,72375,11
12.9910802841,80.2336578369,72375,72385,10
12.9905700684,80.2335205078,72385,72395,10
12.9899101257,80.233253479,72395,72405,10
12.9893398285,80.2330703735,72405,72415,10
12.9886903763,80.232963562,72415,72425,10
12.9881401062,80.2330169678,72425,72435,10
12.9876298904,80.2332305908,72435,72445,10
12.9874000549,80.233001709,72445,72455,10
12.987449646,80.2322311401,72455,72465,10
12.987739563,80.2314605713,72465,72476,11
12.9881000519,80.2305374146,72476,72486,10
12.9882097244,80.230178833,72486,72496,10
12.988360405,80.2297515869,72496,72506,10
12.9886102676,80.2291030884,72506,72516,10
12.9889802933,80.2283172607,72516,72526,10
12.9894800186,80.2279586792,72526,72536,10
12.9896297455,80.2278213501,72536,72546,10
12.9899997711,80.2275772095,72546,72617,71
12.9899997711,80.2275772095,72617,72627,10
12.9901895523,80.2277526855,72627,72637,10
12.99036026,80.2283782959,72637,72647,10
12.9905099869,80.2289505005,72647,72658,11
12.9906797409,80.2296600342,72658,72668,10
12.9907798767,80.2301177979,72668,72678,10
12.9908103943,80.2304000854,72678,72688,10
12.9908599854,80.23097229,72688,72698,10
12.9909200668,80.2315979004,72698,72708,10
12.9909801483,80.2322998047,72708,72718,10
12.9911699295,80.2329788208,72718,72729,11
12.9913902283,80.2334518433,72729,72739,10
12.9917802811,80.2337417603,72739,72750,11
12.992389679,80.2337722778,72750,72760,10
12.9930400848,80.2339706421,72760,72770,10
12.9935903549,80.2342529297,72770,72780,10
12.9941501617,80.2346801758,72780,72790,10
12.9949398041,80.2351608276,72790,72800,10
12.9955101013,80.2355270386,72800,72810,10
12.9960403442,80.2361221313,72810,72819,9
12.996509552,80.2369308472,72819,72830,11
12.9968900681,80.2376098633,72830,72841,11
12.9972801208,80.2380371094,72841,72851,10
12.9975099564,80.2376403809,72851,72861,10
12.9979295731,80.2378692627,72861,72871,10
12.9982099533,80.2381210327,72871,72881,10
12.9982700348,80.2381973267,72881,72891,10
12.9984197617,80.2382965088,72891,72901,10
12.9987297058,80.238319397,72901,72911,10
12.9992704391,80.2379608154,72911,72921,10
12.9998502731,80.238067627,72921,72932,11
13.0005998611,80.2383880615,72932,72942,10
13.00137043,80.2387008667,72942,72952,10
13.0020599365,80.2389831543,72952,72962,10
13.0024900436,80.2391586304,72962,72972,10
13.0030498505,80.2393722534,72972,72982,10
13.0033397675,80.2398834229,72982,72992,10
13.0034503937,80.2404022217,72992,73002,10
13.003780365,80.2412261963,73002,73012,10
13.0043201447,80.2418365479,73012,73022,10
13.0051298141,80.2417984009,73022,73033,11
13.0058803558,80.2413330078,73033,73528,495
13.0058803558,80.2413330078,73528,73538,10
13.0059204102,80.2412414551,73538,73589,51
13.0059404373,80.2412796021,73589,73831,242
13.0059404373,80.2412796021,73831,73841,10
13.0060100555,80.241317749,73841,73851,10
13.0060195923,80.2413482666,73851,73862,11
13.0059995651,80.2413787842,73862,73872,10
13.0056800842,80.2414703369,73872,73882,10
13.0053901672,80.2417221069,73882,73892,10
13.0047197342,80.2418670654,73892,73902,10
13.0039997101,80.2417373657,73902,73912,10
13.003660202,80.2409973145,73912,73922,10
13.0032196045,80.2403564453,73922,73932,10
13.0024404526,80.2401123047,73932,73942,10
13.0021896362,80.2400131226,73942,73953,11
13.0022201538,80.2397003174,73953,73973,20
13.0022201538,80.2397003174,73973,73983,10
13.0023202896,80.2393035889,73983,73993,10
13.0022697449,80.2391433716,73993,74003,10
13.0017595291,80.238899231,74003,74013,10
13.0010004044,80.238571167,74013,74023,10
13.0002202988,80.2382507324,74023,74033,10
12.999710083,80.23802948,74033,74043,10
12.9992904663,80.2380065918,74043,74054,11
12.9987897873,80.2383422852,74054,74064,10
12.9983196259,80.2381515503,74064,74165,101
12.998169899,80.2381668091,74165,74306,141
12.9981403351,80.2380523682,74306,74357,51
12.9980802536,80.2380065918,74357,74670,313
12.9980697632,80.2379837036,74670,74872,202
12.9980697632,80.2379837036,74872,74883,11
12.9977197647,80.2377090454,74883,74893,10
12.9974403381,80.2378387451,74893,74903,10
12.997300148,80.2381896973,74903,74913,10
12.9977998734,80.2387695313,74913,74923,10
12.9983596802,80.2390594482,74923,74933,10
12.9990196228,80.2392501831,74933,74943,10
13.0000495911,80.2394790649,74943,74953,10
13.0010795593,80.2396316528,74953,74963,10
13.0021400452,80.2398605347,74963,74994,31
13.0021400452,80.2398605347,74994,75004,10
13.0017995834,80.2398681641,75004,75014,10
13.0010995865,80.239692688,75014,75024,10
13.0002603531,80.2395782471,75024,75034,10
12.9991598129,80.2393798828,75034,75044,10
12.9984998703,80.2392425537,75044,75054,10
12.9978399277,80.2389068604,75054,75065,11
12.9972496033,80.2381515503,75065,75075,10
12.9968395233,80.2374572754,75075,75085,10
12.9963197708,80.2364883423,75085,75095,10
12.9955797195,80.2355804443,75095,75105,10
12.9949703217,80.2351989746,75105,75115,10
12.9941396713,80.2347793579,75115,75124,9
12.9935703278,80.2342834473,75124,75135,11
12.9929800034,80.2339477539,75135,75145,10
12.9922103882,80.2338180542,75145,75156,11
12.991809845,80.2338409424,75156,75166,10
12.9913797379,80.2335510254,75166,75176,10
12.9912395477,80.2330780029,75176,75186,10
12.9910097122,80.2324981689,75186,75196,10
12.9909296036,80.2317199707,75196,75206,10
12.9908304214,80.2309265137,75206,75216,10
12.9907398224,80.2301101685,75216,75226,10
12.9906597137,80.2296524048,75226,75236,10
12.9906396866,80.2295074463,75236,75246,10
12.990480423,80.2289810181,75246,75257,11
12.9902801514,80.2282562256,75257,75267,10
12.9901103973,80.2277603149,75267,75277,10
12.9898796082,80.2278289795,75277,75287,10
12.9894695282,80.2280502319,75287,75297,10
12.9888601303,80.2285919189,75297,75307,10
12.9885196686,80.2294311523,75307,75317,10
12.9883203506,80.229927063,75317,75327,10
12.9881896973,80.2302780151,75327,75337,10
12.9881401062,80.2304534912,75337,75348,11
12.9878902435,80.2311325073,75348,75358,10
12.9875898361,80.231918335,75358,75368,10
12.9874200821,80.2328872681,75368,75378,10
12.9875602722,80.2331619263,75378,75388,10
12.9881401062,80.2329330444,75388,75398,10
12.9892501831,80.232963562,75398,75408,10
12.9898004532,80.2331390381,75408,75418,10
12.9904899597,80.2333908081,75418,75428,10
12.9911003113,80.233543396,75428,75439,11
12.9917697906,80.2337112427,75439,75449,10
12.9922895432,80.2337493896,75449,75459,10
12.9930696487,80.2339477539,75459,75469,10
12.9933300018,80.2340774536,75469,75479,10
12.9936800003,80.2343826294,75479,75489,10
12.99477005,80.2350387573,75489,75499,10
12.9953804016,80.2354202271,75499,75509,10
12.9960699081,80.2361831665,75509,75519,10
12.9967899323,80.2373428345,75519,75530,11
12.997179985,80.237953186,75530,75540,10
12.9974002838,80.2378311157,75540,75550,10
12.9976997375,80.2377624512,75550,75560,10
12.9982404709,80.2380371094,75560,75590,30
12.9982404709,80.2380371094,75590,75600,10
12.9979896545,80.2378921509,75600,75610,10
12.9976196289,80.2376403809,75610,75620,10
12.997420311,80.2378616333,75620,75631,11
12.9972801208,80.2380218506,75631,75641,10
12.9971103668,80.2379989624,75641,75651,10
12.9968595505,80.2375869751,75651,75661,10
12.9964799881,80.2368927002,75661,75671,10
12.995880127,80.2359390259,75671,75681,10
12.9952497482,80.2353820801,75681,75691,10
12.9946699142,80.234992981,75691,75701,10
12.9938402176,80.2345581055,75701,75711,10
12.9934997559,80.2342681885,75711,75722,11
12.9930496216,80.2340011597,75722,75732,10
12.9923000336,80.233833313,75732,75742,10
12.9917402267,80.2338409424,75742,75752,10
12.9911003113,80.2337036133,75752,75762,10
12.9908504486,80.2334976196,75762,75772,10
12.9908399582,80.2332229614,75772,76106,334
12.9908399582,80.2332229614,76106,76116,10
12.9908800125,80.2334518433,76116,76126,10
12.9908895493,80.2335205078,76126,76136,10
12.9912996292,80.2336196899,76136,76146,10
12.9918403625,80.2337417603,76146,76156,10
12.9923496246,80.2337799072,76156,76166,10
12.992939949,80.2339324951,76166,76177,11
12.9936103821,80.2342834473,76177,76187,10
12.9940900803,80.23462677,76187,76197,10
12.9947299957,80.2350006104,76197,76207,10
12.9954004288,80.2354278564,76207,76216,9
12.9959402084,80.2359237671,76216,76227,11
12.9965896606,80.2369613647,76227,76237,10
12.9970197678,80.2377319336,76237,76247,10
12.9972696304,80.2379989624,76247,76257,10
12.9974803925,80.2376708984,76257,76267,10
12.9982204437,80.2380523682,76267,76298,31
12.9982500076,80.2378921509,76298,76348,50
12.9982500076,80.2378921509,76348,76358,10
12.9979000092,80.2378311157,76358,76369,11
12.9974803925,80.2376937866,76369,76379,10
12.9972000122,80.2380065918,76379,76389,10
12.9968900681,80.2376327515,76389,76399,10
12.9964599609,80.2368621826,76399,76409,10
12.9959802628,80.2360076904,76409,76419,10
12.9952402115,80.2353591919,76419,76429,10
12.9946804047,80.2350616455,76429,76439,10
12.9939203262,80.2345504761,76439,76449,10
12.9933996201,80.234161377,76449,76460,11
12.9928197861,80.2339401245,76460,76470,10
12.9920797348,80.2338180542,76470,76480,10
12.9917497635,80.233833313,76480,76490,10
12.9915399551,80.23387146,76490,76500,10
12.9911298752,80.2337036133,76500,76510,10
12.9908399582,80.2331771851,76510,76642,132
12.9908399582,80.2331771851,76642,76652,10
12.9908800125,80.2334365845,76652,76662,10
12.9907398224,80.2335128784,76662,76672,10
12.9907302856,80.2334976196,76672,76682,10
12.9907798767,80.233581543,76682,76692,10
12.9910697937,80.2335662842,76692,76702,10
12.9912500381,80.2333984375,76702,76712,10
12.9912395477,80.2332687378,76712,76722,10
12.9910697937,80.2328567505,76722,76732,10
12.9909000397,80.2320709229,76732,76743,11
12.9908103943,80.231552124,76743,76753,10
12.9907302856,80.2308807373,76753,76763,10
12.9907197952,80.2301864624,76763,76773,10
12.9906196594,80.2296218872,76773,76783,10
12.9904499054,80.2290420532,76783,76844,61
12.9904499054,80.2290420532,76844,76854,10
12.9906797409,80.2294235229,76854,76864,10
12.9908103943,80.2302322388,76864,76874,10
12.9908704758,80.231010437,76874,76884,10
12.9909200668,80.2317123413,76884,76894,10
12.9910497665,80.2325363159,76894,76904,10
12.9912900925,80.2331771851,76904,76914,10
12.991519928,80.2336120605,76914,76925,11
12.9913396835,80.233757019,76925,76935,10
12.990940094,80.2335662842,76935,76945,10
12.9908504486,80.2331314087,76945,77218,273
12.9908504486,80.2331314087,77218,77228,10
12.9908599854,80.233291626,77228,77238,10
12.9906702042,80.2334823608,77238,77248,10
12.9898700714,80.2331924438,77248,77258,10
12.9891996384,80.233001709,77258,77268,10
12.9884004593,80.2329406738,77268,77278,10
12.9877700806,80.2331237793,77278,77288,10
12.9868803024,80.2333068848,77288,77299,11
12.9862604141,80.2333679199,77299,77309,10
12.9860801697,80.2339401245,77309,77319,10
12.9861898422,80.2347412109,77319,77329,10
12.9864702225,80.2354202271,77329,77339,10
12.9864902496,80.236038208,77339,77349,10
12.9865102768,80.2367477417,77349,77359,10
12.9865503311,80.2373809814,77359,77369,10
12.9865503311,80.2380218506,77369,77379,10
12.9864997864,80.2386779785,77379,77390,11
12.9865198135,80.2381896973,77390,78572,1182
12.9865503311,80.2378234863,78572,79118,546
12.9865703583,80.2381210327,79118,79310,192
12.9865703583,80.2381210327,79310,79320,10
12.9865903854,80.2378082275,79320,79331,11
12.9865398407,80.2369995117,79331,79341,10
12.9865102768,80.2362976074,79341,79351,10
12.9864597321,80.2355422974,79351,79361,10
12.9861297607,80.2347183228,79361,79371,10
12.9860801697,80.2338790894,79371,79381,10
12.9862003326,80.2333374023,79381,79391,10
12.9867601395,80.2333068848,79391,79401,10
12.9875297546,80.2331771851,79401,79411,10
12.9881601334,80.2329406738,79411,79421,10
12.9890203476,80.2329177856,79421,79432,11
12.9896802902,80.2331237793,79432,79442,10
12.9904298782,80.2333602905,79442,79452,10
12.9908399582,80.2330780029,79452,79785,333
12.9908399582,80.2330780029,79785,79796,11
12.990940094,80.2332763672,79796,79806,10
12.9910202026,80.2335281372,79806,79816,10
12.9915103912,80.2336196899,79816,79826,10
12.9920501709,80.2337265015,79826,79836,10
12.992890358,80.2338409424,79836,79846,10
12.9935503006,80.2341384888,79846,79856,10
12.9940395355,80.2345275879,79856,79866,10
12.994890213,80.234992981,79866,79876,10
12.9954795837,80.2353820801,79876,79887,11
12.9961395264,80.2361373901,79887,79897,10
12.9966602325,80.2371368408,79897,79907,10
12.9970598221,80.2378005981,79907,79917,10
12.9975795746,80.238609314,79917,79927,10
12.9981298447,80.2390136719,79927,79937,10
12.9989299774,80.2392730713,79937,79947,10
12.9996995926,80.239402771,79947,79957,10
13.0008602142,80.2395629883,79957,79967,10
13.0014696121,80.2396697998,79967,79978,11
13.0022201538,80.239616394,79978,79998,20
13.0022201538,80.239616394,79998,80008,10
13.002240181,80.2393264771,80008,80018,10
13.0023002625,80.2391433716,80018,80028,10
13.0019702911,80.2390670776,80028,80038,10
13.0011196136,80.2386703491,80038,80048,10
13.0002002716,80.238243103,80048,80058,10
12.9996404648,80.2379989624,80058,80069,11
12.9990701675,80.2381591797,80069,80079,10
12.99862957,80.2383880615,80079,80089,10
12.9982795715,80.2381515503,80089,80109,20
12.9982795715,80.2381515503,80109,80119,10
12.9980401993,80.237991333,80119,80129,10
12.9975795746,80.2375488281,80129,80139,10
12.9970703125,80.2369384766,80139,80149,10
12.9965600967,80.2362518311,80149,80160,11
12.9959096909,80.2354736328,80160,80170,10
12.9954099655,80.2349014282,80170,80180,10
12.9949903488,80.2340011597,80180,80190,10
12.9945802689,80.2336120605,80190,80199,9
12.9939002991,80.2334671021,80199,80210,11
12.9936103821,80.2332763672,80210,80220,10
12.9937295914,80.2326278687,80220,80230,10
12.9933996201,80.2321777344,80230,80240,10
12.9927501678,80.2318191528,80240,80250,10
12.992099762,80.2315673828,80250,80261,11
12.9913597107,80.2317810059,80261,80271,10
12.9909601212,80.2317199707,80271,80281,10
12.9908599854,80.2309799194,80281,80291,10
12.9907598495,80.23021698,80291,80301,10
12.9905796051,80.2292404175,80301,80311,10
12.9904003143,80.2286224365,80311,80321,10
12.9902696609,80.2279205322,80321,80331,10
12.9898700714,80.2277679443,80331,80341,10
12.989780426,80.2278366089,80341,80352,11
12.9893598557,80.2281265259,80352,80362,10
12.9888401031,80.2286224365,80362,80372,10
12.9885101318,80.2295227051,80372,80382,10
12.9883098602,80.2300415039,80382,80392,10
12.9881896973,80.2302322388,80392,80402,10
12.9879798889,80.2308425903,80402,80412,10
12.987569809,80.231842041,80412,80422,10
12.9874200821,80.2328414917,80422,80432,10
12.9875898361,80.2331619263,80432,80443,11
12.9881601334,80.2329406738,80443,80453,10
12.9891996384,80.2329483032,80453,80463,10
12.9898004532,80.2331619263,80463,80473,10
12.9906196594,80.2334365845,80473,80483,10
12.9908599854,80.2331237793,80483,80604,121
12.9908599854,80.2331237793,80604,80614,10
12.9909200668,80.2333221436,80614,80625,11
12.9909601212,80.2335128784,80625,80635,10
12.9912500381,80.2334976196,80635,80645,10
12.991230011,80.2331771851,80645,80655,10
12.9910802841,80.2326812744,80655,80665,10
12.9909801483,80.232170105,80665,80675,10
12.9909000397,80.2315368652,80675,80685,10
12.9908599854,80.2310028076,80685,80695,10
12.990819931,80.2305908203,80695,80705,10
12.9907798767,80.2300415039,80705,80715,10
12.9906597137,80.2294616699,80715,80726,11
12.9904403687,80.2287826538,80726,80736,10
12.9902896881,80.2282562256,80736,80746,10
12.9902296066,80.2276077271,80746,80756,10
12.9901199341,80.2269973755,80756,80766,10
12.9900302887,80.2264785767,80766,80776,10
12.9900798798,80.225982666,80776,80786,10
12.9898500443,80.2254867554,80786,80796,10
12.989569664,80.2249298096,80796,80806,10
12.9894304276,80.2244186401,80806,80817,11
12.9894304276,80.2238388062,80817,80827,10
12.9891195297,80.2235031128,80827,80837,10
12.9887104034,80.2233886719,80837,80847,10
12.9883804321,80.223449707,80847,80857,10
12.9883499146,80.2233963013,80857,80867,10
12.988409996,80.2233581543,80867,80878,11
12.9887800217,80.2233505249,80878,80888,10
12.9893102646,80.2235794067,80888,80898,10
12.9894199371,80.2240066528,80898,80910,12
12.9895095825,80.2247314453,80910,80920,10
12.989859581,80.2254180908,80920,80930,10
12.9900197983,80.2261581421,80930,80940,10
12.9900798798,80.2267074585,80940,80950,10
12.9902000427,80.2275085449,80950,80960,10
12.99036026,80.2283935547,80960,80970,10
12.9905500412,80.2290267944,80970,80980,10
12.9907503128,80.2297592163,80980,80990,10
12.9908599854,80.230682373,80990,81001,11
12.9908895493,80.231300354,81001,81011,10
12.9909601212,80.2320632935,81011,81021,10
12.9911899567,80.2329483032,81021,81031,10
12.991399765,80.2333984375,81031,81071,40
12.991399765,80.2333984375,81071,81081,10
12.9916801453,80.2336196899,81081,81092,11
12.9919595718,80.2337036133,81092,81103,11
12.9923200607,80.2337722778,81103,81113,10
12.9930000305,80.2339477539,81113,81122,9
12.9933204651,80.2340011597,81122,81133,11
12.9934501648,80.2335891724,81133,81143,10
12.9937801361,80.2334899902,81143,81153,10
12.9943704605,80.2335586548,81153,81163,10
12.9948797226,80.2339172363,81163,81173,10
12.9951601028,80.2345428467,81173,81184,11
12.9955701828,80.2350387573,81184,81194,10
12.9959497452,80.235496521,81194,81204,10
12.9963903427,80.2360229492,81204,81214,10
12.9967803955,80.2365875244,81214,81224,10
12.9971399307,80.2370986938,81224,81234,10
12.9975099564,80.2375030518,81234,81244,10
12.9978303909,80.23777771,81244,81254,10
12.9984502792,80.238243103,81254,82387,1133
12.9984502792,80.238243103,82387,82397,10
12.9979896545,80.2379684448,82397,82407,10
12.9975795746,80.2375488281,82407,82417,10
12.997130394,80.2370605469,82417,82427,10
12.9967298508,80.2364501953,82427,82437,10
12.9963102341,80.2358932495,82437,82447,10
12.9959096909,80.2354431152,82447,82457,10
12.9954395294,80.2348403931,82457,82467,10
12.9951000214,80.2341766357,82467,82477,10
12.9945898056,80.233581543,82477,82488,11
12.993929863,80.2334594727,82488,82498,10
12.9935102463,80.2335205078,82498,82508,10
12.9933900833,80.2340316772,82508,82518,10
12.9929304123,80.2339172363,82518,82528,10
12.9921302795,80.2337417603,82528,82538,10
12.9917402267,80.233757019,82538,82548,10
12.9913797379,80.2336578369,82548,82558,10
12.991350174,80.2335281372,82558,82568,10
12.9912204742,80.2330780029,82568,82579,11
12.9909801483,80.2322921753,82579,82589,10
12.9909000397,80.2314605713,82589,82599,10
12.9907999039,80.230758667,82599,82609,10
12.9907302856,80.2298812866,82609,82619,10
12.9904899597,80.2289505005,82619,82629,10
12.99036026,80.2284317017,82629,82639,10
12.9899597168,80.2277297974,82639,82659,20
12.9899597168,80.2277297974,82659,82670,11
12.9895601273,80.2279815674,82670,82680,10
12.9889001846,80.2284622192,82680,82690,10
12.9886198044,80.2291564941,82690,82700,10
12.988360405,80.2298126221,82700,82710,10
12.9881496429,80.2303924561,82710,82720,10
12.9877700806,80.2313079834,82720,82730,10
12.9874696732,80.232460022,82730,82740,10
12.9874801636,80.2330780029,82740,82750,10
12.987859726,80.2330322266,82750,82761,11
12.988699913,80.2329025269,82761,82771,10
12.9895200729,80.2330322266,82771,82781,10
12.9900503159,80.233253479,82781,82791,10
12.9905004501,80.2333984375,82791,82811,20
12.9905004501,80.2333984375,82811,82821,10
12.9908399582,80.2334823608,82821,82831,10
12.9913396835,80.2335586548,82831,82841,10
12.9919595718,80.2336883545,82841,82851,10
12.992600441,80.2337799072,82851,82862,11
12.9932498932,80.2340316772,82862,82872,10
12.9937801361,80.2343597412,82872,82882,10
12.994600296,80.2349700928,82882,82892,10
12.9952297211,80.2352905273,82892,82902,10
12.9958896637,80.2358627319,82902,82912,10
12.9964799881,80.2367935181,82912,82922,10
12.9969501495,80.2376480103,82922,82932,10
12.9972400665,80.2379989624,82932,82942,10
12.9974803925,80.237701416,82942,82953,11
12.9981899261,80.23802948,82953,83003,50
12.9981899261,80.23802948,83003,83013,10
12.9979801178,80.2379302979,83013,83023,10
12.9975595474,80.2377090454,83023,83033,10
12.9973297119,80.2379684448,83033,83044,11
12.9969596863,80.2376022339,83044,83054,10
12.9965600967,80.2368392944,83054,83064,10
12.9960203171,80.236000061,83064,83074,10
12.995349884,80.2353820801,83074,83084,10
12.9950704575,80.2351989746,83084,83094,10
12.9946603775,80.2349395752,83094,83104,10
12.9939203262,80.2345504761,83104,83114,10
12.9935398102,80.2342224121,83114,83124,10
12.9930801392,80.2339706421,83124,83135,11
12.992389679,80.2338104248,83135,83145,10
12.9919500351,80.2337722778,83145,83155,10
12.9916095734,80.2338485718,83155,83165,10
12.9911403656,80.2336578369,83165,83175,10
12.990940094,80.2334594727,83175,83185,10
12.9909200668,80.2331924438,83185,83357,172
12.9909095764,80.2333374023,83357,83377,20
12.9909095764,80.2333374023,83377,83387,10
12.9909601212,80.2336196899,83387,83397,10
12.991230011,80.233581543,83397,83407,10
12.9912996292,80.2332000732,83407,83418,11
12.9910202026,80.2325363159,83418,83458,40
12.9910202026,80.2325363159,83458,83468,10
12.9909696579,80.2322463989,83468,83478,10
12.9909200668,80.2315826416,83478,83488,10
12.9908800125,80.2308807373,83488,83498,10
12.9907102585,80.2295684814,83498,83519,21
12.9907102585,80.2295684814,83519,83529,10
12.9906396866,80.2293319702,83529,83539,10
12.9904603958,80.2287063599,83539,83549,10
12.990240097,80.2279815674,83549,83559,10
12.989979744,80.2277374268,83559,83569,10
12.9895801544,80.2280502319,83569,83579,10
12.9889802933,80.2284164429,83579,83589,10
12.9886302948,80.2291183472,83589,83600,11
12.988360405,80.2298126221,83600,83610,10
12.9882202148,80.230178833,83610,83620,10
12.9881801605,80.2303390503,83620,83630,10
12.987950325,80.2309494019,83630,83640,10
12.9876003265,80.231880188,83640,83650,10
12.987449646,80.2329177856,83650,83660,10
12.987660408,80.2331237793,83660,83670,10
12.9881696701,80.232963562,83670,83680,10
12.9889602661,80.2328720093,83680,83691,11
12.9896602631,80.2330703735,83691,83701,10
12.9903297424,80.2332763672,83701,83711,10
12.9908895493,80.2334823608,83711,83721,10
12.9913396835,80.2335662842,83721,83731,10
12.9918804169,80.2337188721,83731,83741,10
12.9923496246,80.2338180542,83741,83751,10
12.9930896759,80.2340011597,83751,83761,10
12.9935398102,80.2342376709,83761,83771,10
12.9941902161,80.2346878052,83771,83781,10
12.9950199127,80.2351531982,83781,83792,11
12.9956798553,80.2356109619,83792,83802,10
12.9962797165,80.2364273071,83802,83812,10
12.996720314,80.2373123169,83812,83822,10
12.9970798492,80.2378387451,83822,83832,10
12.9973402023,80.2378234863,83832,83842,10
12.9976196289,80.2376480103,83842,83852,10
12.9982004166,80.2380371094,83852,83933,81
12.9982004166,80.2380371094,83933,83943,10
12.9981298447,80.2380905151,83943,83953,10
12.9976902008,80.237701416,83953,83963,10
12.997300148,80.2372665405,83963,83974,11
12.9967002869,80.2364578247,83974,83984,10
12.9960899353,80.235748291,83984,83994,10
12.9955501556,80.2350463867,83994,84004,10
12.9950704575,80.2342376709,84004,84014,10
12.9944601059,80.2335586548,84014,84024,10
12.9937200546,80.2334594727,84024,84034,10
12.9936199188,80.2331390381,84034,84044,10
12.9937295914,80.2323989868,84044,84053,9
12.9933595657,80.2321014404,84053,84065,12
12.9925699234,80.2317886353,84065,84075,10
12.991979599,80.2315826416,84075,84085,10
12.9912796021,80.2318572998,84085,84095,10
12.9909801483,80.2317886353,84095,84105,10
12.9909000397,80.2310562134,84105,84115,10
12.9908504486,80.2303314209,84115,84125,10
12.9906797409,80.2294006348,84125,84135,10
12.9905004501,80.228767395,84135,84145,10
12.9903097153,80.2280426025,84145,84155,10
12.9900197983,80.2277603149,84155,84166,11
12.989689827,80.2280197144,84166,84176,10
12.9895095825,80.2281188965,84176,84186,10
12.9889802933,80.2284011841,84186,84196,10
12.9887104034,80.2290725708,84196,84206,10
12.9884395599,80.2297515869,84206,84216,10
12.988240242,80.23021698,84216,84226,10
12.9879598618,80.2309036255,84226,84236,10
12.9876203537,80.2317810059,84236,84246,10
12.9874897003,80.2328262329,84246,84257,11
12.9876804352,80.2331008911,84257,84267,10
12.9882297516,80.2329406738,84267,84277,10
12.9891300201,80.2328872681,84277,84287,10
12.9897203445,80.233039856,84287,84297,10
12.9902801514,80.2332763672,84297,84307,10
12.9908103943,80.2334671021,84307,84449,142
12.9908103943,80.2334671021,84449,84459,10
12.9910202026,80.2335968018,84459,84469,10
12.9914398193,80.2336196899,84469,84479,10
12.9919900894,80.2337265015,84479,84489,10
12.9924201965,80.233757019,84489,84499,10
12.9932498932,80.2340087891,84499,84509,10
12.9936800003,80.2342376709,84509,84519,10
12.9943199158,80.2349319458,84519,84530,11
12.9951200485,80.2352294922,84530,84540,10
12.9957199097,80.2356567383,84540,84550,10
12.9964199066,80.2365493774,84550,84560,10
12.9968795776,80.2374572754,84560,84570,10
12.9971704483,80.2379226685,84570,84580,10
12.9973402023,80.2378692627,84580,84590,10
12.9975996017,80.2377090454,84590,84600,10
12.9982404709,80.2380828857,84600,84631,31
12.9982404709,80.2380828857,84631,84641,10
12.9980897903,80.2380828857,84641,85227,586
12.9980897903,80.2380828857,85227,85237,10
12.998000145,80.2378921509,85237,85247,10
12.9975996017,80.2375411987,85247,85257,10
12.9970998764,80.2369918823,85257,85268,11
12.9964799881,80.2361679077,85268,85278,10
12.9959001541,80.2354431152,85278,85288,10
12.9953699112,80.2348175049,85288,85298,10
12.995010376,80.2340393066,85298,85308,10
12.9943399429,80.233543396,85308,85318,10
12.9935998917,80.2334823608,85318,85328,10
12.9936199188,80.2331237793,85328,85338,10
12.9937295914,80.2323913574,85338,85348,10
12.9931297302,80.232093811,85348,85358,10
12.9925298691,80.2317962646,85358,85369,11
12.9919500351,80.2317123413,85369,85379,10
12.9912004471,80.2319335938,85379,85389,10
12.990940094,80.2317810059,85389,85399,10
12.9909000397,80.2313690186,85399,85409,10
12.9908504486,80.2311782837,85409,85419,10
12.9908399582,80.2308807373,85419,85429,10
12.9908504486,80.2308425903,85429,85439,10
12.9909200668,80.2308731079,85439,85449,10
12.9909801483,80.2313690186,85449,85460,11
12.9910402298,80.2322769165,85460,85470,10
12.9912500381,80.2330322266,85470,85480,10
12.9915399551,80.2335510254,85480,85490,10
12.9920902252,80.2336883545,85490,85500,10
12.9927597046,80.2337722778,85500,85510,10
12.9933395386,80.2340011597,85510,85520,10
12.9938201904,80.234336853,85520,85530,10
12.9943799973,80.2346801758,85530,85540,10
12.99518013,80.2351913452,85540,85551,11
12.9958295822,80.2357635498,85551,85561,10
12.9963903427,80.2366867065,85561,85571,10
12.9968795776,80.2375488281,85571,85581,10
12.9971199036,80.2378616333,85581,85591,10
12.9973497391,80.2378463745,85591,85601,10
12.9976501465,80.2376022339,85601,85611,10
12.9982404709,80.2380371094,85611,85652,41
12.9982404709,80.2380371094,85652,85662,10
12.9981803894,80.2381286621,85662,85672,10
12.9977197647,80.2377090454,85672,85682,10
12.9974403381,80.2378692627,85682,85692,10
12.9971704483,80.2378616333,85692,85702,10
12.9968595505,80.2373580933,85702,85712,10
12.9963998795,80.2365188599,85712,85722,10
12.995759964,80.235710144,85722,85732,10
12.9951095581,80.2351989746,85732,85743,11
12.9944295883,80.2348480225,85743,85753,10
12.9937000275,80.2343597412,85753,85763,10
12.9932098389,80.234046936,85763,85773,10
12.9925804138,80.2338790894,85773,85783,10
12.9919900894,80.2338027954,85783,85793,10
12.9913702011,80.233757019,85793,85803,10
12.9908800125,80.2335968018,85803,85823,20
12.9908800125,80.2335968018,85823,85834,11
12.9901504517,80.2334289551,85834,85844,10
12.9894800186,80.2331924438,85844,85854,10
12.9888095856,80.2330474854,85854,85864,10
12.9879102707,80.2331695557,85864,85874,10
12.9875001907,80.2332611084,85874,85884,10
12.9874200821,80.2328186035,85884,85894,10
12.9876003265,80.2319564819,85894,85904,10
12.9878997803,80.2311401367,85904,85914,10
12.9881601334,80.2304077148,85914,85925,11
12.9881801605,80.2303771973,85925,85935,10
12.9882602692,80.2300796509,85935,85945,10
12.9884195328,80.229637146,85945,85955,10
12.9886703491,80.2289581299,85955,85965,10
12.9891395569,80.2282791138,85965,85975,10
12.9897003174,80.2279663086,85975,85985,10
12.9900503159,80.2277603149,85985,85995,10
12.9902696609,80.2280197144,85995,86005,10
12.9905004501,80.2287597656,86005,86016,11
12.9906797409,80.2294387817,86016,86026,10
12.9908599854,80.2303924561,86026,86036,10
12.9908800125,80.2310333252,86036,86046,10
12.9909296036,80.2315979004,86046,86056,10
12.9911499023,80.2318191528,86056,86066,10
12.9915599823,80.2316436768,86066,86076,10
12.9922704697,80.2316589355,86076,86086,10
12.9930400848,80.2319412231,86086,86096,10
12.9936304092,80.232208252,86096,86106,10
12.9935998917,80.2329177856,86106,86117,11
12.9938001633,80.2333221436,86117,86127,10
12.9945297241,80.2334594727,86127,86137,10
12.9950304031,80.23412323,86137,86147,10
12.9953804016,80.2348022461,86147,86157,10
12.9959201813,80.2353668213,86157,86167,10
12.9966201782,80.236328125,86167,86177,10
12.9969797134,80.2368011475,86177,86187,10
12.997209549,80.237121582,86187,86197,10
12.9977397919,80.2376480103,86197,86208,11
12.9982795715,80.2379837036,86208,86228,20
12.9982795715,80.2379837036,86228,86238,10
12.9984998703,80.2381973267,86238,86248,10
12.9988298416,80.2382888794,86248,86258,10
12.9993896484,80.2380218506,86258,86268,10
13.0,80.238067627,86268,86278,10
13.0008201599,80.2384185791,86278,86288,10
13.0017700195,80.238822937,86288,86299,11
13.0023498535,80.2390899658,86299,86309,10
13.0023603439,80.2393112183,86309,86319,10
13.002289772,80.2395629883,86319,86329,10
13.0022096634,80.2398300171,86329,86339,10
13.001950264,80.2398605347,86339,86349,10
13.001660347,80.2397766113,86349,86359,10
13.0010900497,80.2396697998,86359,86369,10
13.0003995895,80.2395935059,86369,86379,10
