12.9982700348,80.2568130493,14,4038,4024
12.9984798431,80.2567596436,4038,4219,181
12.998459816,80.2567825317,4219,5278,1059
12.9982995987,80.2568206787,5278,18581,13303
12.9982995987,80.2568206787,18581,18591,10
12.9983797073,80.2566833496,18591,18601,10
12.9982995987,80.256439209,18601,18611,10
12.9978199005,80.2563781738,18611,18671,60
12.9978199005,80.2563781738,18671,18681,10
12.9976701736,80.2559967041,18681,18692,11
12.9974298477,80.2559509277,18692,18702,10
12.9970798492,80.2559432983,18702,18712,10
12.9967699051,80.2559280396,18712,18722,10
12.9962596893,80.2559204102,18722,18732,10
12.9956102371,80.2559280396,18732,18742,10
12.9949798584,80.2559432983,18742,18752,10
12.9943199158,80.2559814453,18752,18762,10
12.9935798645,80.2560272217,18762,18772,10
12.992770195,80.2560882568,18772,18782,10
12.9918899536,80.2560882568,18782,18792,10
12.991060257,80.2560577393,18792,18802,10
12.9902896881,80.2560424805,18802,18813,11
12.9893798828,80.2560119629,18813,18823,10
12.9885196686,80.2559280396,18823,18833,10
12.9878501892,80.2558364868,18833,18843,10
12.9876499176,80.2558135986,18843,18853,10
12.9871902466,80.2557220459,18853,18863,10
12.9864797592,80.2555999756,18863,18873,10
12.9857196808,80.2554397583,18873,18883,10
12.984919548,80.255241394,18883,18893,10
12.984120369,80.2550582886,18893,18903,10
12.9833803177,80.2548599243,18903,18913,10
12.9826202393,80.2546310425,18913,18924,11
12.9820203781,80.2540969849,18924,18934,10
12.9818096161,80.2533493042,18934,18944,10
12.9813804626,80.2527999878,18944,18954,10
12.9809303284,80.2527999878,18954,18964,10
12.980389595,80.2527770996,18964,18974,10
12.9797000885,80.2527313232,18974,18984,10
12.9789600372,80.2526473999,18984,18994,10
12.9787197113,80.2526092529,18994,19004,10
12.97838974,80.2524414063,19004,19014,10
12.9778795242,80.2519989014,19014,19024,10
12.9771795273,80.251449585,19024,19034,10
12.9762496948,80.2511520386,19034,19045,11
12.9751796722,80.2508468628,19045,19055,10
12.9742498398,80.2506027222,19055,19065,10
12.9733104706,80.250328064,19065,19075,10
12.9723501205,80.2500915527,19075,19085,10
12.9714202881,80.2498474121,19085,19095,10
12.9704904556,80.2495727539,19095,19105,10
12.9695796967,80.2492294312,19105,19115,10
12.9686498642,80.248878479,19115,19125,10
12.9676904678,80.2484817505,19125,19135,10
12.9667396545,80.2480392456,19135,19145,10
12.9658298492,80.2476196289,19145,19155,10
12.9649496078,80.2473068237,19155,19166,11
12.9639596939,80.2469406128,19166,19176,10
12.963060379,80.2465286255,19176,19186,10
12.9621200562,80.2460632324,19186,19196,10
12.9611797333,80.2455978394,19196,19206,10
12.9602499008,80.2451782227,19206,19216,10
12.9594802856,80.2448425293,19216,19226,10
12.9592103958,80.244720459,19226,19236,10
12.9587097168,80.2444915771,19236,19246,10
12.9580402374,80.2442321777,19246,19256,10
12.957449913,80.2440338135,19256,19266,10
12.9567604065,80.2437973022,19266,19277,11
12.9563503265,80.243637085,19277,19287,10
12.9560604095,80.2435073853,19287,19297,10
12.9554595947,80.2432174683,19297,19307,10
12.9547300339,80.2428817749,19307,19317,10
12.9539203644,80.2425231934,19317,19327,10
12.9530897141,80.2421722412,19327,19337,10
12.9522304535,80.2418518066,19337,19347,10
12.9514398575,80.241569519,19347,19357,10
12.9505901337,80.2413024902,19357,19367,10
12.949669838,80.2410202026,19367,19377,10
12.948800087,80.2407073975,19377,19387,10
12.9479503632,80.2403488159,19387,19398,11
12.9472503662,80.2400665283,19398,19408,10
12.9471597672,80.2400436401,19408,19418,10
12.9467802048,80.2398910522,19418,19428,10
12.946149826,80.239616394,19428,19438,10
12.9453697205,80.2392196655,19438,19448,10
12.944609642,80.2385025024,19448,19458,10
12.943860054,80.2377090454,19458,19468,10
12.9431400299,80.2369613647,19468,19478,10
12.9422197342,80.2364578247,19478,19488,10
12.9412298203,80.2362136841,19488,19497,9
12.9403896332,80.2359924316,19497,19508,11
12.9394598007,80.2356491089,19508,19519,11
12.9385204315,80.235168457,19519,19529,10
12.9376401901,80.2347183228,19529,19539,10
12.9366903305,80.2342605591,19539,19549,10
12.9359197617,80.2339019775,19549,19559,10
12.9357500076,80.2338180542,19559,19569,10
12.9352502823,80.233581543,19569,19579,10
12.9345703125,80.2332382202,19579,19589,10
12.9338302612,80.2329177856,19589,19599,10
12.9328804016,80.2325210571,19599,19609,10
12.931810379,80.2321472168,19609,19618,9
12.9308700562,80.2318496704,19618,19630,12
12.9296302795,80.2315063477,19630,19640,10
12.9286003113,80.2313232422,19640,19650,10
12.9275503159,80.2311706543,19650,19660,10
12.9265604019,80.2310562134,19660,19670,10
12.9262199402,80.2310333252,19670,19680,10
12.9255199432,80.2309417725,19680,19690,10
12.9255199432,80.2309417725,19690,19700,10
12.9248104095,80.2308502197,19700,19708,8
12.9241695404,80.2307662964,19708,19720,12
12.9230499268,80.2306213379,19720,19730,10
12.9220399857,80.23046875,19730,19740,10
12.9209899902,80.2303314209,19740,19751,11
12.9198198318,80.230178833,19751,19761,10
12.9191999435,80.2301177979,19761,19771,10
12.9188404083,80.2300567627,19771,19781,10
12.9181404114,80.2299575806,19781,19791,10
12.9172496796,80.2298278809,19791,19801,10
12.9162998199,80.2296981812,19801,19811,10
12.9153003693,80.2295608521,19811,19821,10
12.9143295288,80.2294311523,19821,19831,10
12.913479805,80.2293395996,19831,19841,10
12.9132995605,80.2293167114,19841,19851,10
12.9128904343,80.2292327881,19851,19862,11
12.9120998383,80.229133606,19862,19872,10
12.9112195969,80.2290115356,19872,19882,10
12.9102401733,80.2288589478,19882,19892,10
12.9092102051,80.2286911011,19892,19902,10
12.9081897736,80.2285232544,19902,19912,10
12.9072399139,80.2283782959,19912,19922,10
12.9064397812,80.2283096313,19922,19932,10
12.9055299759,80.2282409668,19932,19942,10
12.9044799805,80.2281799316,19942,19952,10
12.9034099579,80.2281188965,19952,19962,10
12.9023399353,80.2280578613,19962,19972,10
12.9014797211,80.2280197144,19972,19983,11
12.9009199142,80.2279663086,19983,19993,10
12.9003095627,80.2279434204,19993,20003,10
12.8997602463,80.2279129028,20003,20023,20
12.8997602463,80.2279129028,20023,20033,10
12.899600029,80.2278900146,20033,20043,10
12.8990602493,80.2278594971,20043,20053,10
12.8983297348,80.2278213501,20053,20063,10
12.8974504471,80.2277679443,20063,20073,10
12.8964500427,80.227722168,20073,20083,10
12.895409584,80.2276916504,20083,20093,10
12.8943595886,80.2276382446,20093,20104,11
12.893409729,80.2275695801,20104,20114,10
12.893289566,80.2275619507,20114,20124,10
12.8927898407,80.2274780273,20124,20134,10
12.8924198151,80.227432251,20134,20144,10
12.8919200897,80.2274169922,20144,20154,10
12.8910799026,80.2274017334,20154,20164,10
12.8899898529,80.2274017334,20164,20174,10
12.8888196945,80.2273864746,20174,20184,10
12.8877000809,80.2273101807,20184,20194,10
12.8865995407,80.2271118164,20194,20204,10
12.8855104446,80.2268371582,20204,20215,11
12.8848400116,80.2267608643,20215,20225,10
12.8847198486,80.2267608643,20225,20235,10
12.8842401505,80.2267532349,20235,20245,10
12.8834896088,80.2267532349,20245,20255,10
12.8826599121,80.2267608643,20255,20265,10
12.8816795349,80.2267608643,20265,20275,10
12.8805999756,80.2267684937,20275,20285,10
12.8794603348,80.2267913818,20285,20295,10
12.8782596588,80.226852417,20295,20305,10
12.8771295547,80.2269363403,20305,20315,10
12.8764896393,80.2269210815,20315,20325,10
12.8764295578,80.2266921997,20325,20336,11
12.8764295578,80.2265396118,20336,20346,10
12.8764896393,80.2260131836,20346,20356,10
12.8765697479,80.2252502441,20356,20366,10
12.8766698837,80.2243270874,20366,20376,10
12.8768796921,80.2233505249,20376,20386,10
12.877120018,80.2222976685,20386,20396,10
12.8773803711,80.2212219238,20396,20406,10
12.8776302338,80.2201385498,20406,20416,10
12.877869606,80.2190628052,20416,20426,10
12.8781099319,80.217956543,20426,20436,10
12.8783397675,80.2168426514,20436,20445,9
12.8785200119,80.2159576416,20445,20457,12
12.878780365,80.2147903442,20457,20467,10
12.8789701462,80.2137832642,20467,20477,10
12.8791599274,80.2127914429,20477,20487,10
12.8793401718,80.2118377686,20487,20497,10
12.8794298172,80.2110900879,20497,20507,10
12.8790397644,80.2109298706,20507,20517,10
12.8785495758,80.2108535767,20517,20527,10
12.8778800964,80.2107162476,20527,20537,10
12.8772001266,80.2105789185,20537,20547,10
12.876540184,80.2104492188,20547,20557,10
12.8759002686,80.2103271484,20557,20568,11
12.8751296997,80.2102127075,20568,20578,10
12.8744697571,80.2100830078,20578,20598,20
12.8744697571,80.2100830078,20598,20608,10
12.8744096756,80.2098770142,20608,20618,10
12.874540329,80.2095794678,20618,20628,10
12.8747901917,80.2098312378,20628,20729,101
12.8747901917,80.2098312378,20729,20739,10
12.8747196198,80.2100982666,20739,20749,10
12.8749303818,80.2101821899,20749,20759,10
12.8749704361,80.2101898193,20759,20769,10
12.8750095367,80.2102127075,20769,20779,10
12.8753499985,80.2102813721,20779,20789,10
12.8754997253,80.2103118896,20789,20799,10
12.8759698868,80.2103881836,20799,20810,11
12.8766899109,80.2105407715,20810,20820,10
12.8774204254,80.2106781006,20820,20830,10
12.8781995773,80.2108230591,20830,20840,10
12.879240036,80.2110214233,20840,20870,30
12.879240036,80.2110214233,20870,20880,10
12.8794202805,80.2110977173,20880,20890,10
12.8794603348,80.2115097046,20890,20900,10
12.8793401718,80.2121429443,20900,20910,10
12.8792104721,80.2128601074,20910,20920,10
12.8790597916,80.2136383057,20920,20931,11
12.8788995743,80.2145004272,20931,20941,10
12.8787498474,80.2152175903,20941,20951,10
12.8786001205,80.2159194946,20951,20961,10
12.8784503937,80.2166213989,20961,20971,10
12.8783102036,80.2173461914,20971,20981,10
12.8781795502,80.2180404663,20981,20991,10
12.8780498505,80.2186889648,20991,21001,10
12.8779201508,80.21925354,21001,21011,10
12.8777799606,80.2198104858,21011,21021,10
12.8776397705,80.220413208,21021,21030,9
12.8775100708,80.2209701538,21030,21042,12
12.8773298264,80.2217636108,21042,21052,10
12.8771800995,80.2224197388,21052,21062,10
12.8770198822,80.2230987549,21062,21072,10
12.8768396378,80.2238388062,21072,21082,10
12.876709938,80.2247390747,21082,21092,10
12.8766098022,80.225730896,21092,21102,10
12.8764801025,80.2268676758,21102,21122,20
12.8764801025,80.2268676758,21122,21132,10
12.8766698837,80.2268981934,21132,21142,10
12.877240181,80.226852417,21142,21152,10
12.8780698776,80.2267684937,21152,21163,11
12.8791599274,80.2266998291,21163,21173,10
12.8802204132,80.2266921997,21173,21183,10
12.881360054,80.2266921997,21183,21193,10
12.8825101852,80.2266616821,21193,21203,10
12.8836698532,80.2266464233,21203,21213,10
12.8847398758,80.2266387939,21213,21223,10
12.8852500916,80.2266616821,21223,21233,10
12.8852596283,80.2266616821,21233,21243,10
12.8855400085,80.2266998291,21243,21253,10
12.8861598969,80.2268676758,21253,21263,10
12.8870201111,80.2270889282,21263,21273,10
12.8879995346,80.2272415161,21273,21284,11
12.888589859,80.2272796631,21284,21294,10
12.8887500763,80.2272872925,21294,21304,10
12.8893299103,80.2273025513,21304,21314,10
12.8901596069,80.2273025513,21314,21324,10
12.8911600113,80.2273025513,21324,21334,10
12.8921003342,80.2273101807,21334,21344,10
12.8929395676,80.2273788452,21344,21354,10
12.8938903809,80.2275009155,21354,21364,10
12.8942403793,80.2275314331,21364,21374,10
12.8943300247,80.2275390625,21374,21384,10
12.8948202133,80.2275695801,21384,21395,11
12.8956203461,80.2276077271,21395,21405,10
12.8965702057,80.2276535034,21405,21415,10
12.8975496292,80.2276992798,21415,21425,10
12.8985500336,80.2277679443,21425,21435,10
12.8995599747,80.2278366089,21435,21445,10
12.9005203247,80.2278900146,21445,21455,10
12.9010801315,80.2279281616,21455,21465,10
12.9016199112,80.2279586792,21465,21475,10
12.9021196365,80.2279586792,21475,21485,10
12.9028100967,80.2279815674,21485,21504,19
12.9028100967,80.2279815674,21504,21516,12
12.903169632,80.2280197144,21516,21526,10
12.9037904739,80.2280731201,21526,21536,10
12.9046001434,80.2281036377,21536,21546,10
12.9055404663,80.2281494141,21546,21556,10
12.906920433,80.2282333374,21556,21576,20
12.906920433,80.2282333374,21576,21586,10
12.9070501328,80.2282562256,21586,21596,10
12.9075403214,80.2283172607,21596,21606,10
12.9083299637,80.2284393311,21606,21616,10
12.9093198776,80.2286071777,21616,21626,10
12.9104404449,80.2287902832,21626,21637,11
12.9117097855,80.2289733887,21637,21647,10
12.9128398895,80.229133606,21647,21657,10
12.9140501022,80.2292785645,21657,21677,20
12.9140501022,80.2292785645,21677,21687,10
12.9141998291,80.229309082,21687,21697,10
12.9143600464,80.2293167114,21697,21707,10
12.9149103165,80.2293624878,21707,21717,10
12.9156999588,80.2295074463,21717,21727,10
12.9166498184,80.2296600342,21727,21737,10
12.9171800613,80.2297210693,21737,21747,10
12.9177904129,80.2298202515,21747,21758,11
12.9187097549,80.2299423218,21758,21768,10
12.9193201065,80.2300109863,21768,21778,10
12.9194002151,80.2300109863,21778,21788,10
12.9198503494,80.2300796509,21788,21798,10
12.9205999374,80.230178833,21798,21808,10
12.9215602875,80.2303009033,21808,21818,10
12.9226503372,80.2304763794,21818,21828,10
12.9238004684,80.2306365967,21828,21838,10
12.9249401093,80.2307891846,21838,21848,10
12.9260196686,80.2309112549,21848,21858,10
12.9264097214,80.2309494019,21858,21869,11
12.926659584,80.23097229,21869,21879,10
12.9273004532,80.231048584,21879,21889,10
12.9281396866,80.2311630249,21889,21899,10
12.929019928,80.231300354,21899,21909,10
12.9299898148,80.2315216064,21909,21919,10
12.9310302734,80.2318191528,21919,21929,10
12.9321098328,80.2321624756,21929,21939,10
12.933139801,80.2325286865,21939,21949,10
12.9336299896,80.2327423096,21949,21959,10
12.9336299896,80.232749939,21959,21969,10
12.933930397,80.2329025269,21969,21979,10
12.934220314,80.2330169678,21979,21990,11
12.9346103668,80.2332000732,21990,22000,10
12.9352703094,80.2334976196,22000,22010,10
12.9361600876,80.2339096069,22010,22020,10
12.9371995926,80.234413147,22020,22030,10
12.9382801056,80.2349319458,22030,22040,10
12.9393196106,80.2354507446,22040,22050,10
12.9397697449,80.2356719971,22050,22060,10
12.9398202896,80.235710144,22060,22070,10
12.9402303696,80.2358627319,22070,22080,10
12.9409503937,80.2360534668,22080,22090,10
12.9418497086,80.2362670898,22090,22100,10
12.9428300858,80.236618042,22100,22111,11
12.9437503815,80.2373962402,22111,22121,10
12.9444999695,80.238243103,22121,22131,10
12.9452600479,80.2390365601,22131,22141,10
12.946149826,80.2395477295,22141,22151,10
12.9470701218,80.2398986816,22151,22161,10
12.9473495483,80.2400131226,22161,22171,10
12.9475698471,80.2400970459,22171,22181,10
12.9481201172,80.2403182983,22181,22191,10
12.9489297867,80.2406463623,22191,22211,20
12.9489297867,80.2406463623,22211,22220,9
12.949139595,80.2407531738,22220,22232,12
12.9498300552,80.2409820557,22232,22242,10
12.9506101608,80.2412109375,22242,22252,10
12.9511299133,80.2413711548,22252,22262,10
12.9511899948,80.2413864136,22262,22272,10
12.9516000748,80.2415390015,22272,22282,10
12.9522199631,80.2417373657,22282,22292,10
12.9531002045,80.2420883179,22292,22302,10
12.954000473,80.2424621582,22302,22312,10
12.9548196793,80.2427825928,22312,22322,10
12.9553604126,80.2429885864,22322,22332,10
12.9560604095,80.2432327271,22332,22343,11
12.9563398361,80.2433319092,22343,22353,10
12.9568004608,80.2435302734,22353,22363,10
12.9574899673,80.2438583374,22363,22373,10
12.958319664,80.2442169189,22373,22383,10
12.9589395523,80.2444610596,22383,22393,10
12.9590196609,80.2444992065,22393,22403,10
12.9594402313,80.2447128296,22403,22413,10
12.960149765,80.2450332642,22413,22423,10
12.9608898163,80.2453689575,22423,22433,10
12.9617795944,80.2457962036,22433,22443,10
12.9626598358,80.2462387085,22443,22452,9
12.963350296,80.2465896606,22452,22464,12
12.9639902115,80.2468719482,22464,22474,10
12.9647197723,80.2471237183,22474,22484,10
12.9656000137,80.2474212646,22484,22494,10
12.9666595459,80.2478485107,22494,22514,20
12.9666595459,80.2478485107,22514,22524,10
12.9667100906,80.2479171753,22524,22534,10
12.9670801163,80.2480926514,22534,22544,10
12.9677295685,80.248336792,22544,22554,10
12.968629837,80.2487106323,22554,22564,10
12.9696598053,80.249130249,22564,22574,10
12.9707603455,80.2495193481,22574,22585,11
12.9720096588,80.2498779297,22585,22595,10
12.9731397629,80.2501907349,22595,22605,10
12.9741096497,80.2504425049,22605,22615,10
12.9743204117,80.2504806519,22615,22625,10
12.9746799469,80.2506103516,22625,22635,10
12.9753904343,80.250831604,22635,22645,10
12.976269722,80.251083374,22645,22655,10
12.9772996902,80.2514266968,22655,22665,10
12.9781703949,80.2521209717,22665,22675,10
12.9790496826,80.2525482178,22675,22685,10
12.9799499512,80.2522964478,22685,22706,21
12.9799499512,80.2522964478,22706,22716,10
12.9799804688,80.2520675659,22716,22726,10
12.9801397324,80.2516021729,22726,22736,10
12.9803600311,80.2508621216,22736,22746,10
12.9805898666,80.249961853,22746,22756,10
12.9807300568,80.2489776611,22756,22766,10
12.9807796478,80.2479782104,22766,22776,10
12.9808702469,80.2470016479,22776,22786,10
12.9809799194,80.2459793091,22786,22796,10
12.9811096191,80.2449417114,22796,22806,10
12.9811897278,80.2440567017,22806,22817,11
12.9813299179,80.243598938,22817,22827,10
12.9813604355,80.2432479858,22827,22837,10
12.9813699722,80.2428436279,22837,22847,10
12.9813699722,80.2428283691,22847,22857,10
12.9813299179,80.2428131104,22857,22867,10
12.9813604355,80.2424697876,22867,22877,10
12.9813404083,80.2420120239,22877,22887,10
12.9813499451,80.241317749,22887,22897,10
12.9813604355,80.2405471802,22897,22907,10
12.9813404083,80.2398071289,22907,22917,10
12.9813299179,80.239112854,22917,22927,10
12.981300354,80.2383880615,22927,22938,11
12.9812803268,80.2378997803,22938,22948,10
12.9812698364,80.2378005981,22948,22958,10
12.9812698364,80.2374267578,22958,22968,10
12.9812698364,80.236869812,22968,22978,10
12.9812498093,80.2361373901,22978,22988,10
12.9812202454,80.2353973389,22988,22998,10
12.9811897278,80.2345581055,22998,23008,10
12.9813899994,80.2338409424,23008,23018,10
12.9816102982,80.2333984375,23018,23028,10
12.9816303253,80.2333374023,23028,23038,10
12.9818096161,80.2329864502,23038,23049,11
12.9819698334,80.2325210571,23049,23059,10
12.9819898605,80.2321090698,23059,23069,10
12.9819803238,80.2315597534,23069,23079,10
12.9818897247,80.231086731,23079,23089,10
12.9817199707,80.2307434082,23089,23099,10
12.9814195633,80.2302322388,23099,23109,10
12.9810400009,80.2296295166,23109,23119,10
12.9806699753,80.2290115356,23119,23139,20
12.9806699753,80.2290115356,23139,23149,10
12.980509758,80.2287826538,23149,23159,10
12.9802999496,80.2284088135,23159,23170,11
12.9800701141,80.2279586792,23170,23180,10
12.9797201157,80.2273788452,23180,23190,10
12.9793395996,80.2267379761,23190,23200,10
12.9789199829,80.2260284424,23200,23210,10
12.9784803391,80.2252502441,23210,23220,10
12.9780902863,80.2246170044,23220,23230,10
12.9777898788,80.2242202759,23230,23240,10
12.9774703979,80.2236785889,23240,23250,10
12.9770698547,80.2230224609,23250,23260,10
12.9769802094,80.2227783203,23260,23270,10
12.9772195816,80.2226867676,23270,23280,10
12.9772596359,80.2226791382,23280,23291,11
12.9773197174,80.2227020264,23291,23301,10
12.9774999619,80.2226486206,23301,23310,9
12.9774999619,80.2224578857,23310,23321,11
12.9774599075,80.2219467163,23321,23331,10
12.9774703979,80.2214813232,23331,23341,10
12.9774703979,80.221321106,23341,23351,10
12.9778404236,80.2212219238,23351,23361,10
12.9783802032,80.2211380005,23361,23371,10
12.9791002274,80.2210998535,23371,23381,10
12.9798698425,80.2210464478,23381,23391,10
12.9805898666,80.2209701538,23391,23402,11
12.9813699722,80.2211532593,23402,23412,10
12.9818601608,80.2214813232,23412,23422,10
12.9820995331,80.2216491699,23422,23432,10
12.9825401306,80.2218093872,23432,23442,10
12.9829397202,80.2219619751,23442,23452,10
12.9829597473,80.2219696045,23452,23462,10
12.9831695557,80.2220993042,23462,23472,10
12.9835395813,80.222366333,23472,23482,10
12.9839801788,80.2226104736,23482,23492,10
12.9845199585,80.2229537964,23492,23502,10
12.9851303101,80.2232513428,23502,23512,10
12.9856395721,80.2230987549,23512,23523,11
12.9863195419,80.2229690552,23523,23533,10
12.9865102768,80.2229614258,23533,23543,10
12.9865703583,80.2229919434,23543,23553,10
12.9869098663,80.2230224609,23553,23563,10
12.9873399734,80.2230606079,23563,23573,10
12.9876003265,80.2230606079,23573,23583,10
12.9879703522,80.2228775024,23583,23593,10
12.9883098602,80.2226409912,23593,23603,10
12.9886598587,80.2223434448,23603,23613,10
12.98898983,80.2219772339,23613,23623,10
12.9894104004,80.2214889526,23623,23633,10
12.9899101257,80.2208633423,23633,23644,11
12.9904003143,80.220413208,23644,23654,10
12.9904899597,80.2203292847,23654,23664,10
12.990819931,80.2200927734,23664,23674,10
12.9912500381,80.2197418213,23674,23684,10
12.9917201996,80.2194213867,23684,23694,10
12.9923095703,80.2189865112,23694,23704,10
12.9930496216,80.2184295654,23704,23714,10
12.9938097,80.2178726196,23714,23724,10
12.9944400787,80.2174072266,23724,23734,10
12.9950304031,80.2170181274,23734,23744,10
12.9956703186,80.2167129517,23744,23755,11
12.9965400696,80.216506958,23755,23765,10
12.9971599579,80.2163772583,23765,23775,10
12.9974603653,80.2161407471,23775,23785,10
12.997469902,80.2161331177,23785,23795,10
12.9976701736,80.216003418,23795,23805,10
12.9980096817,80.2156982422,23805,23815,10
12.9984998703,80.2153091431,23815,23825,10
12.99903965,80.2148590088,23825,23835,10
12.999250412,80.2146835327,23835,23845,10
12.9996404648,80.2143478394,23845,23855,10
13.0000095367,80.214012146,23855,23865,10
13.0005197525,80.2135620117,23865,23876,11
13.0011196136,80.2130508423,23876,23886,10
13.0014801025,80.2127532959,23886,23896,10
13.0020503998,80.2123794556,23896,23906,10
13.002530098,80.2121582031,23906,23916,10
13.0030498505,80.2120819092,23916,23926,10
13.0036001205,80.2119903564,23926,23936,10
13.003660202,80.2119598389,23936,23946,10
13.0037698746,80.211807251,23946,23956,10
13.0037498474,80.2112579346,23956,23966,10
13.003660202,80.2106170654,23966,23976,10
13.0035800934,80.2100524902,23976,23986,10
13.003569603,80.2094802856,23986,23997,11
13.0037097931,80.2088088989,23997,24007,10
13.0042695999,80.208732605,24007,24017,10
13.0050897598,80.2091064453,24017,24027,10
13.0060195923,80.2094802856,24027,24037,10
13.0069198608,80.2097167969,24037,24106,69
13.0069198608,80.2097167969,24106,24118,12
13.0074300766,80.2098464966,24118,24128,10
13.0079698563,80.2099380493,24128,24138,10
13.0081396103,80.2097473145,24138,24148,10
13.0080003738,80.2090988159,24148,24158,10
13.0078802109,80.2082366943,24158,24168,10
13.0077400208,80.20728302,24168,24178,10
13.007610321,80.2063293457,24178,24188,10
13.0075397491,80.2053833008,24188,24198,10
13.0075397491,80.2045135498,24198,24208,10
13.0074596405,80.203666687,24208,24218,10
13.0073204041,80.20287323,24218,24229,11
13.0067300797,80.2025909424,24229,24239,10
13.0065698624,80.2030792236,24239,24249,10
13.0069198608,80.2034072876,24249,24259,10
13.007519722,80.2036514282,24259,24269,10
13.008310318,80.2037277222,24269,24279,10
13.0094099045,80.2036590576,24279,24289,10
13.0106801987,80.2036437988,24289,24299,10
13.0119800568,80.2037734985,24299,24309,10
13.0130996704,80.2039794922,24309,24319,10
13.0136299133,80.204208374,24319,24329,10
13.0136804581,80.204498291,24329,24339,10
13.0136299133,80.2046279907,24339,24350,11
13.0135097504,80.2048873901,24350,24360,10
13.0132703781,80.2055282593,24360,24370,10
13.0130596161,80.2063522339,24370,24380,10
13.0129899979,80.2072372437,24380,24390,10
13.0128898621,80.2077713013,24390,24400,10
13.0128602982,80.2078475952,24400,24410,10
13.0128498077,80.208152771,24410,24420,10
13.0128498077,80.2084274292,24420,24430,10
13.0129203796,80.2088317871,24430,24440,10
13.0130901337,80.2093963623,24440,24450,10
13.0132102966,80.2098999023,24450,24460,10
13.0131196976,80.2106018066,24460,24471,11
13.0127601624,80.2114486694,24471,24481,10
13.0123100281,80.2121963501,24481,24491,10
13.0119600296,80.2127304077,24491,24501,10
13.0117998123,80.2127914429,24501,24511,10
13.0114097595,80.2125015259,24511,24521,10
13.0107898712,80.2120513916,24521,24531,10
13.010219574,80.2115936279,24531,24541,10
13.0097904205,80.2113037109,24541,24582,41
13.0094804764,80.2110900879,24582,24692,110
13.0094804764,80.2110900879,24692,24703,11
13.0093402863,80.2109069824,24703,25407,704
13.0093402863,80.2109069824,25407,25419,12
13.0093002319,80.2110671997,25419,25429,10
13.0091295242,80.2113494873,25429,25439,10
13.0090703964,80.2116928101,25439,25449,10
13.0092201233,80.2121734619,25449,25459,10
13.0094003677,80.2127304077,25459,25469,10
13.0096302032,80.2133407593,25469,25479,10
13.0099000931,80.2139968872,25479,25489,10
13.0101604462,80.2146911621,25489,25499,10
13.0102596283,80.2154693604,25499,25509,10
13.0105495453,80.216293335,25509,25519,10
13.0109596252,80.2171707153,25519,25528,9
13.0113201141,80.2180328369,25528,25540,12
13.0117702484,80.2192993164,25540,25550,10
13.0121097565,80.2204208374,25550,25560,10
13.0123500824,80.221321106,25560,25570,10
13.0125102997,80.2217636108,25570,25580,10
13.0128803253,80.222328186,25580,25590,10
13.0134296417,80.2228622437,25590,25600,10
13.0140304565,80.2235565186,25600,25610,10
13.0145998001,80.2240829468,25610,25620,10
13.0152397156,80.224899292,25620,25630,10
13.0153999329,80.2256164551,25630,25640,10
13.0149097443,80.2259902954,25640,25649,9
13.014289856,80.2262268066,25649,25661,12
13.0132799149,80.2266387939,25661,25671,10
13.0123596191,80.2270431519,25671,25681,10
13.0114002228,80.2274398804,25681,25691,10
13.0103702545,80.2278137207,25691,25701,10
13.0096101761,80.2278213501,25701,25711,10
13.0097103119,80.2272415161,25711,25721,10
13.010020256,80.2265472412,25721,25731,10
13.0103702545,80.2257232666,25731,25741,10
13.0107402802,80.224899292,25741,25751,10
13.0109996796,80.2241821289,25751,25761,10
13.0112695694,80.2235031128,25761,25771,10
13.0111303329,80.2231369019,25771,25782,11
13.0106096268,80.2229232788,25782,25792,10
13.0103902817,80.2227935791,25792,25802,10
13.0101203918,80.222618103,25802,25812,10
13.00963974,80.2223815918,25812,25822,10
13.0089797974,80.2220077515,25822,25832,10
13.0082597733,80.2216262817,25832,25842,10
13.0075502396,80.2212905884,25842,25852,10
13.0069904327,80.2209701538,25852,25862,10
13.0064001083,80.220703125,25862,25872,10
13.0060501099,80.2205963135,25872,26003,131
13.0060501099,80.2205963135,26003,26014,11
13.0058202744,80.2205429077,26014,26024,10
13.0052604675,80.2203979492,26024,26034,10
13.004650116,80.2202224731,26034,26044,10
13.004529953,80.2202224731,26044,26054,10
13.0041799545,80.2201309204,26054,26064,10
13.0035400391,80.2199707031,26064,26074,10
13.0027198792,80.2196578979,26074,26084,10
13.001999855,80.2189788818,26084,26094,10
13.0012102127,80.2183380127,26094,26104,10
13.0003700256,80.2177886963,26104,26114,10
12.9995203018,80.2172927856,26114,26124,10
12.9986000061,80.2168273926,26124,26135,11
12.9973897934,80.2165527344,26135,26155,20
12.9973897934,80.2165527344,26155,26165,10
12.9970598221,80.2165679932,26165,26175,10
12.9964103699,80.2165985107,26175,26185,10
12.9957504272,80.2167434692,26185,26194,9
12.9950199127,80.2171020508,26194,26205,11
12.9942598343,80.2176818848,26205,26215,10
12.9934902191,80.2182235718,26215,26225,10
12.992650032,80.2188186646,26225,26235,10
12.9918804169,80.2194213867,26235,26246,11
12.9912099838,80.2199020386,26246,26256,10
12.9907999039,80.2202224731,26256,26266,10
12.9907903671,80.2202301025,26266,26276,10
12.9905004501,80.2204437256,26276,26286,10
12.9900598526,80.2208633423,26286,26296,10
12.9894695282,80.2215118408,26296,26306,10
12.9889802933,80.2221069336,26306,26316,10
12.9884595871,80.2226028442,26316,26326,10
12.9878501892,80.2230834961,26326,26336,10
12.9876203537,80.2231216431,26336,26346,10
12.9874601364,80.2230987549,26346,26355,9
12.9871397018,80.2230606079,26355,26367,12
12.986700058,80.2229919434,26367,26377,10
12.9860801697,80.2229614258,26377,26387,10
12.9856100082,80.2232208252,26387,26397,10
12.9851398468,80.2232437134,26397,26407,10
12.984459877,80.2229003906,26407,26417,10
12.9838600159,80.2225570679,26417,26427,10
12.9836301804,80.222442627,26427,26437,10
12.9831600189,80.2221069336,26437,26457,20
12.9831600189,80.2221069336,26457,26467,10
12.9828701019,80.2219696045,26467,26477,10
12.9822902679,80.2218017578,26477,26488,11
12.9816703796,80.2214126587,26488,26498,10
12.9809598923,80.2210693359,26498,26508,10
12.9801902771,80.2210769653,26508,26518,10
12.9792499542,80.2211608887,26518,26528,10
12.9783000946,80.2211532593,26528,26538,10
12.9776201248,80.2212524414,26538,26548,10
12.9769001007,80.2213363647,26548,26558,10
12.9762897491,80.2213897705,26558,26568,10
12.9764499664,80.2219467163,26568,26598,30
12.9764499664,80.2219467163,26598,26609,11
12.9765100479,80.2222824097,26609,26619,10
12.9768400192,80.2227096558,26619,26629,10
12.9772701263,80.2233276367,26629,26639,10
12.9777803421,80.2241210938,26639,26649,10
12.9783201218,80.2249603271,26649,26659,10
12.9787197113,80.2256088257,26659,26669,10
12.9787998199,80.2257080078,26669,26679,10
12.978969574,80.2259674072,26679,26689,10
12.9792804718,80.2264862061,26689,26699,10
12.9796800613,80.2271728516,26699,26709,10
12.9801597595,80.2279586792,26709,26719,10
12.9806404114,80.2287826538,26719,26730,11
12.9809303284,80.2292633057,26730,26740,10
12.9811000824,80.2295684814,26740,26750,10
12.9817199707,80.2304992676,26750,26770,20
12.9817199707,80.2304992676,26770,26780,10
12.9818496704,80.2308197021,26780,26790,10
12.9820203781,80.2313919067,26790,26800,10
12.9820604324,80.2319793701,26800,26810,10
12.9819803238,80.2326202393,26810,26820,10
12.9817399979,80.2332611084,26820,26830,10
12.9816398621,80.2334594727,26830,26841,11
12.9815196991,80.2336502075,26841,26851,10
12.9812803268,80.2341766357,26851,26861,10
12.9812097549,80.234992981,26861,26871,10
12.9812402725,80.236000061,26871,26881,10
12.9812698364,80.2371368408,26881,26891,10
12.981300354,80.2380599976,26891,26901,10
12.9813098907,80.2385864258,26901,26909,8
12.9813098907,80.2386322021,26909,26921,12
12.981300354,80.2390975952,26921,26931,10
12.9813203812,80.2395172119,26931,26941,10
12.9813404083,80.2401275635,26941,26951,10
12.9813499451,80.2409210205,26951,26962,11
12.9813604355,80.2418670654,26962,26972,10
12.9813899994,80.2426528931,26972,27002,30
12.9813899994,80.2426528931,27002,27012,10
12.9813699722,80.2428512573,27012,27022,10
12.9813699722,80.2433166504,27022,27032,10
12.981300354,80.2440490723,27032,27042,10
12.9811697006,80.244972229,27042,27052,10
12.9810304642,80.2460708618,27052,27062,10
12.980919838,80.2472381592,27062,27072,10
12.9808502197,80.2484130859,27072,27083,11
12.9807195663,80.2496566772,27083,27093,10
12.9804897308,80.2507019043,27093,27103,10
12.980219841,80.2517623901,27103,27113,10
12.9800100327,80.2523193359,27113,27123,10
12.9798698425,80.2527389526,27123,27133,10
12.9793796539,80.2527313232,27133,27143,10
12.9787302017,80.2526397705,27143,27153,10
12.9786500931,80.2526016235,27153,27163,10
12.9783496857,80.2524185181,27163,27173,10
12.9778699875,80.2520065308,27173,27183,10
12.9772100449,80.2515106201,27183,27194,11
12.9762001038,80.251159668,27194,27204,10
12.9751901627,80.2508773804,27204,27214,10
12.9740896225,80.2505722046,27214,27224,10
12.9730300903,80.250289917,27224,27234,10
12.9725503922,80.2501831055,27234,27244,10
12.9724798203,80.2501678467,27244,27254,10
12.9720401764,80.2500305176,27254,27264,10
12.9713201523,80.2498321533,27264,27274,10
12.9704399109,80.2495498657,27274,27284,10
12.9694299698,80.2491531372,27284,27294,10
12.96833992,80.2487564087,27294,27304,10
12.9672803879,80.248298645,27304,27315,11
12.966340065,80.2478179932,27315,27325,10
12.9654903412,80.2475128174,27325,27335,10
12.9649801254,80.2473602295,27335,27345,10
12.9649295807,80.2473373413,27345,27355,10
12.9645795822,80.2472000122,27355,27365,10
12.9639596939,80.2469482422,27365,27375,10
12.9637002945,80.2468566895,27375,27385,10
12.9635601044,80.2468032837,27385,27395,10
12.963060379,80.2465515137,27395,27405,10
12.9623003006,80.2461929321,27405,27415,10
12.961350441,80.2456970215,27415,27425,10
12.9603099823,80.2452316284,27425,27436,11
12.9594402313,80.2448730469,27436,27446,10
12.9593801498,80.2448501587,27446,27456,10
12.9591703415,80.2447433472,27456,27466,10
12.9586400986,80.2445220947,27466,27476,10
12.9579696655,80.2442321777,27476,27486,10
12.9573698044,80.2440185547,27486,27496,10
12.956489563,80.2437210083,27496,27516,20
12.956489563,80.2437210083,27516,27526,10
12.9562597275,80.2436218262,27526,27535,9
12.955789566,80.2433929443,27535,27546,11
12.9549798965,80.2429885864,27546,27557,11
12.954199791,80.2426528931,27557,27567,10
12.9533700943,80.2423095703,27567,27577,10
12.952460289,80.2419509888,27577,27587,10
12.9518098831,80.2417373657,27587,27597,10
12.9516801834,80.2416992188,27597,27607,10
12.9512701035,80.2415390015,27607,27617,10
12.9505701065,80.2413101196,27617,27627,10
12.9493398666,80.2409362793,27627,27647,20
12.9493398666,80.2409362793,27647,27657,10
12.949259758,80.2408676147,27657,27668,11
12.948849678,80.2406997681,27668,27678,10
12.9481496811,80.2404327393,27678,27688,10
12.9473400116,80.2400970459,27688,27698,10
12.9470396042,80.2399978638,27698,27708,10
12.9469604492,80.2399597168,27708,27718,10
12.9465503693,80.2397918701,27718,27728,10
12.9458904266,80.2395095825,27728,27738,10
12.9451599121,80.2390899658,27738,27748,10
12.944439888,80.2383422852,27748,27758,10
12.9436798096,80.2375183105,27758,27768,10
12.9434204102,80.2372589111,27768,27778,10
12.9432401657,80.2370681763,27778,27789,11
12.9426403046,80.236656189,27789,27799,10
12.9417800903,80.236366272,27799,27809,10
12.9406900406,80.236076355,27809,27819,10
12.9398202896,80.2358093262,27819,27829,10
12.9396800995,80.2357711792,27829,27839,10
12.9394798279,80.2356567383,27839,27849,10
12.9389295578,80.2354125977,27849,27859,10
12.9381799698,80.2350387573,27859,27869,10
12.9372501373,80.2345809937,27869,27879,10
12.9362802505,80.2341079712,27879,27889,10
12.9354896545,80.2337417603,27889,27899,10
12.933930397,80.2330474854,27899,27920,21
12.933930397,80.2330474854,27920,27930,10
12.9336500168,80.2328872681,27930,27940,10
12.9330596924,80.2326202393,27940,27950,10
12.9322500229,80.2323226929,27950,27960,10
12.9312400818,80.2319793701,27960,27970,10
12.9301395416,80.2316589355,27970,27980,10
12.9292097092,80.2314529419,27980,27990,10
12.9283704758,80.2312927246,27990,28000,10
12.9273099899,80.2311477661,28000,28010,10
12.9265098572,80.231048584,28010,28021,11
12.926440239,80.2310409546,28021,28031,10
12.9261703491,80.231010437,28031,28041,10
12.9255599976,80.2309265137,28041,28051,10
12.9247999191,80.2308273315,28051,28061,10
12.9238700867,80.2307128906,28061,28071,10
12.9227600098,80.2305679321,28071,28081,10
12.9215898514,80.2303924561,28081,28091,10
12.9204101563,80.2302322388,28091,28101,10
12.9194498062,80.2301483154,28101,28111,10
12.9193296432,80.2301330566,28111,28121,10
12.9193000793,80.2301330566,28121,28130,9
12.918970108,80.2300720215,28130,28142,12
12.9181404114,80.2299499512,28142,28152,10
12.91726017,80.2298202515,28152,28162,10
12.9162797928,80.2296829224,28162,28172,10
12.9152002335,80.2295227051,28172,28182,10
12.9141397476,80.2293701172,28182,28192,10
12.9134197235,80.2293167114,28192,28202,10
12.9133901596,80.2293167114,28202,28212,10
12.9132795334,80.2292633057,28212,28222,10
12.9127702713,80.2291717529,28222,28232,10
12.9119596481,80.229057312,28232,28242,10
12.9109096527,80.2289199829,28242,28252,10
12.9097700119,80.2287521362,28252,28263,11
12.908490181,80.228553772,28263,28273,10
12.9070100784,80.2283935547,28273,28323,50
12.9070100784,80.2283935547,28323,28333,10
12.9068899155,80.2283706665,28333,28343,10
12.9065599442,80.2283172607,28343,28353,10
12.9061603546,80.228302002,28353,28363,10
12.9060297012,80.2282791138,28363,28374,11
12.9054298401,80.2282485962,28374,28384,10
12.9045600891,80.2282028198,28384,28394,10
12.9036502838,80.2281265259,28394,28404,10
12.9025602341,80.2280731201,28404,28414,10
12.901720047,80.2280197144,28414,28424,10
12.901140213,80.2280197144,28424,28434,10
12.9007997513,80.2279815674,28434,28444,10
12.9004201889,80.2279586792,28444,28454,10
12.8999700546,80.2279510498,28454,28495,41
12.8999700546,80.2279510498,28495,28505,10
12.8999004364,80.2279205322,28505,28515,10
12.8995599747,80.227897644,28515,28525,10
12.8991003036,80.227897644,28525,28535,10
12.8984298706,80.2278671265,28535,28545,10
12.8976697922,80.2277984619,28545,28555,10
12.8967399597,80.2277526855,28555,28565,10
12.8957796097,80.227722168,28565,28575,10
12.8952598572,80.2276916504,28575,28585,10
12.8946199417,80.2276763916,28585,28595,10
12.8938598633,80.2276229858,28595,28646,51
12.8938598633,80.2276229858,28646,28656,10
12.8935403824,80.2276077271,28656,28666,10
12.8931303024,80.2275390625,28666,28676,10
12.8928899765,80.2275085449,28676,28686,10
12.8925895691,80.2274627686,28686,28737,51
12.8925895691,80.2274627686,28737,28747,10
12.8923196793,80.2274398804,28747,28757,10
12.8917999268,80.2274093628,28757,28767,10
12.8909397125,80.2274017334,28767,28777,10
12.8898897171,80.2274017334,28777,28787,10
12.8891496658,80.2274017334,28787,28797,10
12.8884096146,80.2273864746,28797,28807,10
12.8882303238,80.2273712158,28807,28817,10
12.8878498077,80.2273330688,28817,28827,10
12.8875303268,80.2272872925,28827,28837,10
12.8868598938,80.2271728516,28837,28848,11
12.8858203888,80.2268981934,28848,28858,10
12.8848695755,80.2267379761,28858,28868,10
12.8846302032,80.2267532349,28868,28878,10
12.8840703964,80.2267379761,28878,28888,10
12.883190155,80.2267532349,28888,28898,10
12.8820800781,80.2267608643,28898,28908,10
12.8808898926,80.2267608643,28908,28918,10
12.8796796799,80.2267684937,28918,28928,10
12.8785295486,80.2268066406,28928,28938,10
12.8777198792,80.226890564,28938,28948,10
12.8774900436,80.2269134521,28948,28958,10
12.877409935,80.2269210815,28958,28969,11
12.8770799637,80.2269363403,28969,28999,30
12.876830101,80.2269592285,28999,29029,30
12.876830101,80.2269592285,29029,29039,10
12.876540184,80.2269363403,29039,29049,10
12.8764295578,80.2267303467,29049,29059,10
12.876449585,80.2264785767,29059,29069,10
12.8764696121,80.2262573242,29069,29079,10
12.8765497208,80.2256088257,29079,29090,11
12.876660347,80.224571228,29090,29100,10
12.8768596649,80.2235107422,29100,29110,10
12.877120018,80.2223815918,29110,29120,10
12.8773899078,80.2211837769,29120,29130,10
12.8776702881,80.2199478149,29130,29140,10
12.8779697418,80.2186965942,29140,29150,10
12.8782300949,80.2174530029,29150,29160,10
12.8784599304,80.2162704468,29160,29170,10
12.8787097931,80.2151412964,29170,29180,10
12.8789396286,80.2139587402,29180,29190,10
12.8791599274,80.2127380371,29190,29201,11
12.8794002533,80.2114486694,29201,29211,10
12.8792695999,80.2109832764,29211,29221,10
12.8790597916,80.2109603882,29221,29231,10
12.8789396286,80.2109527588,29231,29241,10
12.8784999847,80.2108612061,29241,29251,10
12.8778896332,80.2107391357,29251,29261,10
12.8772497177,80.2106170654,29261,29271,10
12.8765001297,80.2104797363,29271,29281,10
12.8757400513,80.2103424072,29281,29291,10
12.8750200272,80.2102203369,29291,29301,10
12.8744897842,80.2101211548,29301,29332,31
12.8744897842,80.2101211548,29332,29342,10
12.8744001389,80.2099533081,29342,29352,10
12.8744802475,80.2096099854,29352,29362,10
12.8746700287,80.2098236084,29362,29795,433
12.8746700287,80.2098236084,29795,29806,11
12.8746995926,80.2100296021,29806,29816,10
12.8746995926,80.2101287842,29816,29826,10
12.8748703003,80.2101821899,29826,29836,10
12.8749399185,80.2101898193,29836,29846,10
12.8753204346,80.2102584839,29846,29856,10
12.8758401871,80.210357666,29856,29866,10
12.8764295578,80.2104568481,29866,29876,10
12.8770198822,80.2105636597,29876,29886,10
12.8774299622,80.210647583,29886,29896,10
12.8780002594,80.2107620239,29896,29906,10
12.8786401749,80.2108764648,29906,29917,11
12.8792896271,80.2110137939,29917,29937,20
12.8792896271,80.2110137939,29937,29947,10
12.8793697357,80.2110366821,29947,29957,10
12.879529953,80.2112579346,29957,29967,10
12.8794403076,80.2117004395,29967,29977,10
12.8793296814,80.2122573853,29977,29987,10
12.8792104721,80.2128982544,29987,29997,10
12.8790903091,80.2135925293,29997,30007,10
12.8789396286,80.2143173218,30007,30017,10
12.8788003922,80.2150497437,30017,30027,10
12.8786201477,80.2158203125,30027,30038,11
12.8784399033,80.2166900635,30038,30048,10
12.8782997131,80.2174987793,30048,30229,181
12.8782997131,80.2174987793,30229,30239,10
12.8782997131,80.2175216675,30239,30249,10
12.8782196045,80.2178268433,30249,30259,10
12.8780899048,80.2183990479,30259,30269,10
12.8779201508,80.2191085815,30269,30280,11
12.8777103424,80.2200012207,30280,30290,10
12.8774995804,80.220916748,30290,30300,10
12.8772802353,80.221862793,30300,30310,10
12.8770599365,80.2228164673,30310,30320,10
12.8768396378,80.2238006592,30320,30330,10
12.8766803741,80.2248001099,30330,30340,10
12.8765802383,80.225769043,30340,30350,10
12.8764801025,80.2268829346,30350,30389,39
12.8764801025,80.2268829346,30389,30401,12
12.8767299652,80.2268981934,30401,30411,10
12.8771896362,80.2268829346,30411,30421,10
12.8779602051,80.2268066406,30421,30431,10
12.8788995743,80.2267379761,30431,30441,10
12.8800001144,80.2267074585,30441,30451,10
12.8811397552,80.2266998291,30451,30461,10
12.8822698593,80.2266921997,30461,30471,10
12.8834104538,80.2266769409,30471,30481,10
12.8844203949,80.2266464233,30481,30491,10
12.8853197098,80.2266769409,30491,30501,10
12.8855800629,80.2266998291,30501,30511,10
12.8856801987,80.2267303467,30511,30521,10
12.8860502243,80.2268371582,30521,30532,11
12.886759758,80.2270278931,30532,30542,10
12.8875799179,80.2271881104,30542,30552,10
12.8885297775,80.2272796631,30552,30562,10
12.8895397186,80.2272872925,30562,30572,10
12.8905696869,80.2273025513,30572,30582,10
12.8915901184,80.2273025513,30582,30592,10
12.8926200867,80.2273483276,30592,30602,10
12.8936100006,80.2274703979,30602,30612,10
12.8942699432,80.2275238037,30612,30633,21
12.8942699432,80.2275238037,30633,30643,10
12.894490242,80.2275390625,30643,30653,10
12.8950004578,80.2275772095,30653,30663,10
12.8957395554,80.2276229858,30663,30673,10
12.8966503143,80.2276611328,30673,30683,10
12.8976402283,80.227722168,30683,30693,10
12.8986101151,80.2277908325,30693,30703,10
12.8995199203,80.2277984619,30703,30885,182
12.8995199203,80.2277984619,30885,30895,10
12.8998403549,80.2278137207,30895,30905,10
12.9001102448,80.2278289795,30905,30915,10
12.9005098343,80.2278366089,30915,30925,10
12.9008798599,80.2278823853,30925,30935,10
12.9011898041,80.227897644,30935,30945,10
12.9015197754,80.2278823853,30945,30955,10
12.9018201828,80.2279434204,30955,30965,10
12.9020795822,80.2279663086,30965,30975,10
12.9022598267,80.2279968262,30975,30985,10
12.902469635,80.2280197144,30985,30996,11
12.9027204514,80.2280197144,30996,31006,10
12.9028701782,80.228012085,31006,31026,20
12.9028701782,80.228012085,31026,31036,10
12.9029302597,80.2279968262,31036,31046,10
12.9032297134,80.2279815674,31046,31056,10
12.9035797119,80.2280197144,31056,31096,40
12.9035797119,80.2280197144,31096,31106,10
12.9039096832,80.2280578613,31106,31117,11
12.9041500092,80.2280731201,31117,31127,10
12.9043903351,80.2280807495,31127,31147,20
12.9043903351,80.2280807495,31147,31157,10
12.9047298431,80.2281188965,31157,31228,71
12.9047298431,80.2281188965,31228,31238,10
12.9053001404,80.2281265259,31238,31258,20
12.9053001404,80.2281265259,31258,31268,10
12.9054603577,80.2281188965,31268,31298,30
12.9054603577,80.2281188965,31298,31308,10
12.9057197571,80.2282104492,31308,31338,30
12.9057197571,80.2282104492,31338,31348,10
12.9060401917,80.2281723022,31348,31379,31
12.9060401917,80.2281723022,31379,31389,10
12.9064598083,80.2281799316,31389,31399,10
12.9065704346,80.2282104492,31399,31409,10
12.9069595337,80.2282562256,31409,31419,10
12.907500267,80.2282791138,31419,31429,10
12.9075403214,80.2282867432,31429,31439,10
12.9077997208,80.2283477783,31439,31449,10
12.9082899094,80.2284393311,31449,31459,10
12.9090003967,80.228553772,31459,31470,11
12.9099397659,80.2287063599,31470,31480,10
12.9109201431,80.2288589478,31480,31490,10
12.911860466,80.229019165,31490,31500,10
12.9125795364,80.2291183472,31500,31510,10
12.913359642,80.2292175293,31510,31520,10
12.9143695831,80.2293395996,31520,31560,40
12.9143695831,80.2293395996,31560,31570,10
12.9146203995,80.2293930054,31570,31580,10
12.9150400162,80.2294387817,31580,31591,11
12.9158496857,80.2295684814,31591,31601,10
12.9167003632,80.2296829224,31601,31611,10
12.9176197052,80.2298126221,31611,31621,10
12.9185695648,80.2299423218,31621,31631,10
12.9200296402,80.2301025391,31631,31651,20
12.9200296402,80.2301025391,31651,31661,10
12.9203500748,80.2301483154,31661,31671,10
12.9209098816,80.23021698,31671,31681,10
12.9216604233,80.2303237915,31681,31691,10
12.922539711,80.2304611206,31691,31700,9
12.9234104156,80.2305908203,31700,31712,12
12.9246397018,80.230758667,31712,31722,10
12.9258499146,80.2308425903,31722,31742,20
12.9258499146,80.2308425903,31742,31752,10
12.9260396957,80.2309036255,31752,31762,10
12.926440239,80.2309799194,31762,31772,10
12.927069664,80.2310409546,31772,31782,10
12.9278402328,80.2311325073,31782,31792,10
12.9287099838,80.231262207,31792,31802,10
12.9296598434,80.2314529419,31802,31812,10
12.930729866,80.2317123413,31812,31822,10
12.9317903519,80.2320480347,31822,31833,11
12.9330501556,80.2324371338,31833,31853,20
12.9330501556,80.2324371338,31853,31863,10
12.9331903458,80.2325134277,31863,31873,10
12.9335699081,80.2326965332,31873,31883,10
12.9341497421,80.232963562,31883,31893,10
12.9348897934,80.233291626,31893,31903,10
12.9356899261,80.2336502075,31903,31913,10
12.9364595413,80.2340316772,31913,31923,10
12.9372997284,80.2344284058,31923,31933,10
12.9382200241,80.23487854,31933,31942,9
12.9392404556,80.2353591919,31942,31974,32
12.9392404556,80.2353591919,31974,31984,10
12.9393196106,80.2354202271,31984,31994,10
12.9396495819,80.2356109619,31994,32004,10
12.9401302338,80.2358016968,32004,32014,10
12.9408597946,80.236000061,32014,32024,10
12.9416799545,80.2361984253,32024,32034,10
12.942609787,80.2365036011,32034,32044,10
12.9434299469,80.2370605469,32044,32054,10
12.943860054,80.2375183105,32054,32064,10
12.943860054,80.2375335693,32064,32075,11
12.9439897537,80.2376937866,32075,32085,10
12.9443397522,80.2380905151,32085,32095,10
12.9448604584,80.2386703491,32095,32105,10
12.9455604553,80.2392578125,32105,32115,10
12.9465198517,80.2396774292,32115,32125,10
12.9472503662,80.2399597168,32125,32175,50
12.9472503662,80.2399597168,32175,32185,10
12.947429657,80.2400436401,32185,32196,11
12.9478797913,80.2402191162,32196,32206,10
12.9482002258,80.2403717041,32206,32216,10
12.9485397339,80.2405014038,32216,32226,10
12.948969841,80.2406768799,32226,32236,10
12.9494800568,80.2408828735,32236,32246,10
12.9501199722,80.2410736084,32246,32256,10
12.9507703781,80.2412796021,32256,32266,10
12.9512395859,80.2414093018,32266,32296,30
12.9512395859,80.2414093018,32296,32306,10
12.9515600204,80.2415390015,32306,32317,11
12.9521102905,80.2417297363,32317,32327,10
12.9527702332,80.2419891357,32327,32337,10
12.9534902573,80.2422637939,32337,32347,10
12.9538698196,80.2424087524,32347,32357,10
12.95429039,80.2425765991,32357,32367,10
12.9547595978,80.2427597046,32367,32377,10
12.9552097321,80.2429122925,32377,32438,61
12.9552097321,80.2429122925,32438,32448,10
12.9554700851,80.2430114746,32448,32458,10
12.9556398392,80.2430725098,32458,32528,70
12.9559803009,80.2431869507,32528,32569,41
12.9559803009,80.2431869507,32569,32579,10
12.9563102722,80.2433319092,32579,32599,20
12.9563102722,80.2433319092,32599,32609,10
12.9564599991,80.2433624268,32609,32619,10
12.9568996429,80.243560791,32619,32629,10
12.9575595856,80.2438735962,32629,32639,10
12.9583396912,80.2442016602,32639,32649,10
12.9590501785,80.2444915771,32649,32680,31
12.9590501785,80.2444915771,32680,32690,10
12.9591703415,80.2445526123,32690,32700,10
12.9594602585,80.2447128296,32700,32710,10
12.9600095749,80.2449493408,32710,32720,10
12.9607400894,80.2452774048,32720,32730,10
12.9616003036,80.2456817627,32730,32740,10
12.9625101089,80.246131897,32740,32750,10
12.9634504318,80.2465896606,32750,32821,71
12.9634504318,80.2465896606,32821,32831,10
12.9636001587,80.2466430664,32831,32841,10
12.9640598297,80.2468490601,32841,32851,10
12.9647302628,80.2471008301,32851,32861,10
12.9655303955,80.2473907471,32861,32871,10
12.9663600922,80.2477264404,32871,32881,10
12.9669303894,80.2479705811,32881,32912,31
12.9669303894,80.2479705811,32912,32922,10
12.9672002792,80.2481384277,32922,32932,10
12.9677696228,80.2483596802,32932,32942,10
12.9685096741,80.2486724854,32942,32952,10
12.9693899155,80.2490310669,32952,32962,10
12.9703702927,80.249420166,32962,32972,10
12.9714403152,80.2497634888,32972,32982,10
12.9725503922,80.250038147,32982,32992,10
12.9735898972,80.2503128052,32992,33002,10
12.9743299484,80.25050354,33002,33022,20
12.9743299484,80.25050354,33022,33033,11
12.9745798111,80.2506484985,33033,33043,10
12.9751796722,80.2508163452,33043,33053,10
12.9758701324,80.2510223389,33053,33063,10
12.9768400192,80.2512893677,33063,33073,10
12.9778003693,80.2518310547,33073,33083,10
12.9784898758,80.2523498535,33083,33093,10
12.9791202545,80.2525482178,33093,33103,10
12.9794301987,80.2525100708,33103,33113,10
12.9799098969,80.2523880005,33113,33133,20
12.9799098969,80.2523880005,33133,33143,10
12.9799699783,80.252243042,33143,33154,11
12.9800300598,80.2518920898,33154,33164,10
12.9801998138,80.251373291,33164,33174,10
12.9804096222,80.2506027222,33174,33184,10
12.980629921,80.2496795654,33184,33194,10
12.9807395935,80.2486572266,33194,33204,10
12.9808502197,80.2476119995,33204,33214,10
12.9809503555,80.2464675903,33214,33224,10
12.981089592,80.2452926636,33224,33234,10
12.9811697006,80.2442703247,33234,33244,10
12.9812002182,80.2438735962,33244,33254,10
12.9812602997,80.2436676025,33254,33264,10
12.9813499451,80.2433776855,33264,33275,11
12.9813499451,80.2429199219,33275,33295,20
12.9813499451,80.2429199219,33295,33305,10
12.9813699722,80.2428207397,33305,33315,10
12.9813699722,80.2426223755,33315,33325,10
12.9813499451,80.2422637939,33325,33335,10
12.9813299179,80.2416381836,33335,33345,10
12.9813404083,80.2408294678,33345,33355,10
12.9813299179,80.239906311,33355,33365,10
12.9813203812,80.2395095825,33365,33375,10
12.981300354,80.2389602661,33375,33386,11
12.9812898636,80.2379302979,33386,33406,20
12.9812898636,80.2379302979,33406,33416,10
12.981300354,80.2376785278,33416,33426,10
12.9812498093,80.2371673584,33426,33436,10
12.9812498093,80.2363967896,33436,33446,10
12.9812202454,80.2355804443,33446,33456,10
12.9811897278,80.2348709106,33456,33466,10
12.9812602997,80.2341384888,33466,33476,10
12.9816198349,80.2333679199,33476,33496,20
12.9816198349,80.2333679199,33496,33506,10
12.9816598892,80.2332992554,33506,33517,11
12.9818296432,80.2329406738,33517,33527,10
12.9819803238,80.232460022,33527,33537,10
12.9819898605,80.2320175171,33537,33547,10
12.9819602966,80.2315292358,33547,33557,10
12.981880188,80.2309417725,33557,33567,10
12.9815101624,80.2303085327,33567,33577,10
12.9811096191,80.2296829224,33577,33587,10
12.9808797836,80.2292785645,33587,33597,10
12.9806604385,80.2288894653,33597,33617,20
12.9806604385,80.2288894653,33617,33628,11
12.9804601669,80.2285995483,33628,33638,10
12.9802999496,80.2282409668,33638,33648,10
12.9799900055,80.2277526855,33648,33658,10
12.9797096252,80.2273101807,33658,33668,10
12.9795799255,80.2271118164,33668,33678,10
12.9794301987,80.2268676758,33678,33688,10
12.9791898727,80.2264785767,33688,33698,10
12.978890419,80.225982666,33698,33708,10
12.9785699844,80.225440979,33708,33718,10
12.9782600403,80.224937439,33718,33728,10
12.9780702591,80.2246170044,33728,33738,10
12.9778604507,80.2243423462,33738,33749,11
12.9778404236,80.2242584229,33749,33759,10
12.977640152,80.2239303589,33759,33769,10
12.977350235,80.2234420776,33769,33779,10
12.9770002365,80.2228164673,33779,33809,30
12.9770002365,80.2228164673,33809,33819,10
12.9773101807,80.2227096558,33819,33849,30
12.9773101807,80.2227096558,33849,33859,10
12.9775600433,80.2226104736,33859,33870,11
12.9774999619,80.2222137451,33870,33880,10
12.9774599075,80.2216567993,33880,33890,10
12.9774599075,80.2213973999,33890,33900,10
12.977689743,80.2212600708,33900,33910,10
12.9782304764,80.2211914063,33910,33920,10
12.9789600372,80.2211303711,33920,33930,10
12.9796695709,80.2210769653,33930,33940,10
12.980389595,80.2210388184,33940,33950,10
12.9811096191,80.221031189,33950,33960,10
12.9816102982,80.2212982178,33960,33970,10
12.9821596146,80.2216491699,33970,33980,10
12.9826202393,80.2218322754,33980,33991,11
12.9829902649,80.2219772339,33991,34021,30
12.9829902649,80.2219772339,34021,34031,10
12.9833898544,80.2222213745,34031,34041,10
12.9837398529,80.222442627,34041,34051,10
12.9843101501,80.2227630615,34051,34061,10
12.9849796295,80.2231369019,34061,34071,10
12.9854803085,80.2232284546,34071,34081,10
12.9857797623,80.2229766846,34081,34091,10
12.9863796234,80.2229385376,34091,34101,10
12.9865503311,80.2229385376,34101,34111,10
12.9867095947,80.2229537964,34111,34121,10
12.9870796204,80.2230377197,34121,34132,11
12.9876003265,80.2230682373,34132,34142,10
12.9880399704,80.222869873,34142,34152,10
12.9885997772,80.2223968506,34152,34162,10
12.9891300201,80.2218170166,34162,34172,10
12.9896697998,80.2211227417,34172,34182,10
12.9905004501,80.2203216553,34182,34202,20
12.9905004501,80.2203216553,34202,34212,10
12.9906597137,80.2202224731,34212,34222,10
12.9910697937,80.2199020386,34222,34233,11
12.9916601181,80.2194519043,34233,34243,10
12.9922599792,80.2190170288,34243,34253,10
12.9929895401,80.21849823,34253,34263,10
12.9937696457,80.2179336548,34263,34273,10
12.9944601059,80.2174224854,34273,34283,10
12.9949197769,80.2170791626,34283,34293,10
12.9951400757,80.2169265747,34293,34303,10
12.9953699112,80.2168121338,34303,34313,10
12.9955501556,80.2167205811,34313,34323,10
12.9957103729,80.2166671753,34323,34333,10
12.9959001541,80.2166137695,34333,34344,11
12.9959201813,80.2165985107,34344,34354,10
12.996219635,80.2165527344,34354,34364,10
12.9965295792,80.2164916992,34364,34374,10
12.9968900681,80.2164611816,34374,34384,10
12.9971599579,80.2164230347,34384,34394,10
12.9975299835,80.2160797119,34394,34414,20
12.9975299835,80.2160797119,34414,34424,10
12.9976701736,80.2159576416,34424,34434,10
12.9980297089,80.2156677246,34434,34444,10
12.9985704422,80.2152023315,34444,34454,10
12.9990997314,80.2147521973,34454,34465,11
12.9994297028,80.2144393921,34465,34475,10
12.9997997284,80.2141265869,34475,34485,10
13.0003004074,80.2136917114,34485,34495,10
13.0008897781,80.213180542,34495,34505,10
13.0015201569,80.2126998901,34505,34515,10
13.0020999908,80.212310791,34515,34525,10
13.0026302338,80.2121124268,34525,34535,10
13.0032596588,80.2120513916,34535,34545,10
13.0036497116,80.2119522095,34545,34555,10
13.0037002563,80.2118988037,34555,34565,10
13.0037202835,80.2115020752,34565,34574,9
13.0036897659,80.2109222412,34574,34586,12
13.003569603,80.2100372314,34586,34596,10
13.0035896301,80.2092971802,34596,34606,10
13.0038995743,80.2086181641,34606,34616,10
13.0047597885,80.208946228,34616,34626,10
13.0057497025,80.2093811035,34626,34636,10
13.0066099167,80.2096710205,34636,34646,10
13.0072402954,80.2098007202,34646,34656,10
13.0075702667,80.2098617554,34656,34686,30
13.0075702667,80.2098617554,34686,34696,10
13.0077295303,80.2098922729,34696,34707,11
13.0081796646,80.2099609375,34707,34717,10
13.0081396103,80.2094421387,34717,34727,10
13.0080003738,80.2086105347,34727,34737,10
13.0078401566,80.2075576782,34737,34747,10
13.0076704025,80.2065734863,34747,34757,10
13.0075597763,80.2057113647,34757,34767,10
13.0075397491,80.2050476074,34767,34777,10
13.0075397491,80.2043075562,34777,34787,10
13.0074300766,80.2035598755,34787,34797,10
13.0072202682,80.2026824951,34797,34807,10
13.0065603256,80.2027816772,34807,34817,10
13.0067996979,80.203338623,34817,34828,11
13.007519722,80.203666687,34828,34838,10
13.0082998276,80.2037200928,34838,34848,10
13.0093698502,80.2036514282,34848,34858,10
13.0106697083,80.2036437988,34858,34868,10
13.0118999481,80.203742981,34868,34878,10
13.0129003525,80.2039413452,34878,34888,10
13.0136203766,80.2041931152,34888,34898,10
13.0136499405,80.2046279907,34898,34918,20
13.0136499405,80.2046279907,34918,34928,10
13.0135698318,80.2047424316,34928,34938,10
13.0134496689,80.2052307129,34938,34949,11
13.0132198334,80.2059631348,34949,34959,10
13.0131196976,80.2069168091,34959,34969,10
13.0130395889,80.207649231,34969,34979,10
13.0129404068,80.2079467773,34979,34989,10
13.0128698349,80.2079620361,34989,34999,10
13.0128803253,80.2083435059,34999,35009,10
13.0129203796,80.2087936401,35009,35019,10
13.0130596161,80.2093582153,35019,35029,10
13.0132102966,80.2099609375,35029,35039,10
13.0131597519,80.2105789185,35039,35049,10
13.0129404068,80.2112121582,35049,35058,9
13.0125703812,80.2119293213,35058,35070,12
13.012140274,80.2125167847,35070,35080,10
13.0121202469,80.2125320435,35080,35090,10
13.0119104385,80.2127685547,35090,35100,10
13.0116100311,80.2125778198,35100,35110,10
13.0110197067,80.2121505737,35110,35120,10
13.0104398727,80.2117385864,35120,35130,10
13.010140419,80.2115020752,35130,35140,10
13.0098600388,80.2113418579,35140,35201,61
13.0095701218,80.2111206055,35201,35241,40
13.0094299316,80.2109222412,35241,35564,323
13.0094299316,80.2109222412,35564,35574,10
13.0092000961,80.2112731934,35574,35584,10
13.0090999603,80.2114562988,35584,35594,10
13.0091199875,80.2117004395,35594,35604,10
13.0091896057,80.2119522095,35604,35614,10
13.0092601776,80.2122268677,35614,35624,10
13.0093803406,80.2126235962,35624,35634,10
13.009519577,80.2130126953,35634,35644,10
13.0096902847,80.213432312,35644,35654,10
13.0098695755,80.2138824463,35654,35665,11
13.0100603104,80.2143630981,35665,35675,10
13.0101900101,80.2149124146,35675,35685,10
13.0102901459,80.2155914307,35685,35695,10
13.0105600357,80.2162780762,35695,35705,10
13.0108499527,80.2169418335,35705,35715,10
13.0111598969,80.2176589966,35715,35725,10
13.0114603043,80.218460083,35725,35735,10
13.0117397308,80.2193222046,35735,35745,10
13.0120401382,80.2202377319,35745,35755,10
13.0123195648,80.2210388184,35755,35765,10
13.0124702454,80.2215270996,35765,35775,10
13.0127000809,80.2219772339,35775,35786,11
13.0131902695,80.2225189209,35786,35796,10
13.0136804581,80.2230377197,35796,35806,10
13.0141201019,80.2235031128,35806,35816,10
13.014380455,80.2238616943,35816,35826,10
13.014960289,80.2245788574,35826,35836,10
13.0153598785,80.2250823975,35836,35856,20
13.0153598785,80.2250823975,35856,35866,10
13.0154495239,80.2253875732,35866,35876,10
13.015370369,80.2257003784,35876,35886,10
13.0150499344,80.2258834839,35886,35896,10
13.0145797729,80.2260818481,35896,35907,11
13.0139703751,80.2263183594,35907,35917,10
13.0133304596,80.2265777588,35917,35927,10
13.0126495361,80.2268600464,35927,35937,10
13.0119199753,80.2271575928,35937,35947,10
13.0110797882,80.2275085449,35947,35957,10
13.0101995468,80.2278518677,35957,35967,10
13.0095701218,80.2277297974,35967,35977,10
13.0096902847,80.2271881104,35977,35987,10
13.0099697113,80.2265090942,35987,35997,10
13.0102901459,80.2257766724,35997,36007,10
13.0105800629,80.2251205444,36007,36017,10
13.0108203888,80.224571228,36017,36028,11
13.0110998154,80.2238006592,36028,36038,10
13.0112495422,80.2231826782,36038,36048,10
13.0108699799,80.2230224609,36048,36058,10
13.0103502274,80.2227630615,36058,36068,10
13.0102500916,80.2226715088,36068,36078,10
13.0099802017,80.2225494385,36078,36088,10
13.0094900131,80.2222900391,36088,36098,10
13.0088500977,80.2219009399,36098,36108,10
13.0081996918,80.2215270996,36108,36118,10
13.0074701309,80.2211914063,36118,36127,9
13.0068101883,80.2208709717,36127,36138,11
13.0059499741,80.2205810547,36138,36239,101
13.0059499741,80.2205810547,36239,36248,9
13.00578022,80.2203979492,36248,36259,11
13.0052995682,80.2203292847,36259,36270,11
13.0045995712,80.2201766968,36270,36280,10
13.0040302277,80.2200469971,36280,36290,10
13.0033197403,80.2198867798,36290,36300,10
13.0025596619,80.2195205688,36300,36310,10
13.0020103455,80.2189865112,36310,36320,10
13.0014200211,80.2184906006,36320,36330,10
13.0007801056,80.2180099487,36330,36340,10
13.0001602173,80.2176132202,36340,36350,10
12.9995098114,80.2172393799,36350,36360,10
12.9987602234,80.2168579102,36360,36471,111
12.9987602234,80.2168579102,36471,36481,10
12.9984197617,80.2167434692,36481,36491,10
12.9981603622,80.2166366577,36491,36542,51
12.9981603622,80.2166366577,36542,36552,10
12.9978103638,80.2165603638,36552,36562,10
12.9974002838,80.2165298462,36562,36592,30
12.9974002838,80.2165298462,36592,36602,10
12.9972295761,80.2164764404,36602,36612,10
12.9970197678,80.2164916992,36612,36623,11
12.9968004227,80.2165298462,36623,36633,10
12.9966001511,80.2165679932,36633,36643,10
12.9964199066,80.2166595459,36643,36663,20
12.9964199066,80.2166595459,36663,36673,10
12.996049881,80.2166519165,36673,36683,10
12.9958095551,80.2167282104,36683,36693,10
12.99559021,80.2168121338,36693,36703,10
12.9955596924,80.2168197632,36703,36713,10
12.9952497482,80.2169876099,36713,36723,10
12.9950304031,80.2171020508,36723,36733,10
12.9945898056,80.2173995972,36733,36744,11
12.9941596985,80.2177886963,36744,36754,10
12.9938097,80.2180404663,36754,36764,10
12.9932699203,80.2183837891,36764,36774,10
12.9927301407,80.2187728882,36774,36784,10
12.9920101166,80.2193374634,36784,36794,10
12.9912900925,80.2198410034,36794,36804,10
12.9906196594,80.2203903198,36804,36824,20
12.9906196594,80.2203903198,36824,36834,10
12.9904499054,80.2204971313,36834,36844,10
12.9901800156,80.220741272,36844,36855,11
12.9896402359,80.2212371826,36855,36865,10
12.9893703461,80.2216796875,36865,36875,10
12.9888896942,80.2223129272,36875,36885,10
12.9883003235,80.2229309082,36885,36895,10
12.9878196716,80.2231216431,36895,36905,10
12.9877901077,80.2231063843,36905,36915,10
12.9875297546,80.2230834961,36915,36925,10
12.9871397018,80.2230300903,36925,36935,10
12.9866800308,80.2229614258,36935,36945,10
12.9859695435,80.2229614258,36945,36955,10
12.9854898453,80.2232284546,36955,36965,10
12.984919548,80.2230911255,36965,36976,11
12.9842796326,80.2227706909,36976,36986,10
12.9838104248,80.2225265503,36986,36996,10
12.9836397171,80.2224502563,36996,37006,10
12.9833202362,80.2222671509,37006,37056,50
12.9833202362,80.2222671509,37056,37066,10
12.9829702377,80.2220535278,37066,37076,10
12.9824895859,80.221862793,37076,37086,10
12.9820098877,80.2216262817,37086,37096,10
12.9817399979,80.2214584351,37096,37107,11
12.9813899994,80.2213363647,37107,37117,10
12.9809999466,80.2211608887,37117,37127,10
12.980340004,80.2211074829,37127,37137,10
12.9794797897,80.2211227417,37137,37147,10
12.9787797928,80.2211532593,37147,37157,10
12.9780397415,80.2211685181,37157,37167,10
12.977230072,80.2211990356,37167,37177,10
12.9764795303,80.2212600708,37177,37187,10
12.9761600494,80.2213363647,37187,37197,10
12.976269722,80.221572876,37197,37258,61
12.976269722,80.221572876,37258,37268,10
12.9764699936,80.2219467163,37268,37278,10
12.9766597748,80.2222976685,37278,37288,10
12.9768896103,80.2226867676,37288,37298,10
12.9771699905,80.2231216431,37298,37308,10
12.9774799347,80.2236175537,37308,37318,10
12.9778404236,80.2241973877,37318,37328,10
12.9781398773,80.2246780396,37328,37338,10
12.9784498215,80.225189209,37338,37349,11
12.9787902832,80.2257385254,37349,37359,10
12.9789199829,80.2259292603,37359,37369,10
12.9789495468,80.225982666,37369,37379,10
12.9789600372,80.2260131836,37379,37389,10
12.9790296555,80.2261505127,37389,37399,10
12.9792003632,80.2264633179,37399,37409,10
12.9794397354,80.2268600464,37409,37419,10
12.9797897339,80.227432251,37419,37429,10
12.9801397324,80.228012085,37429,37439,10
12.9804496765,80.2285308838,37439,37449,10
12.9808197021,80.2291488647,37449,37459,10
12.9812097549,80.2297668457,37459,37470,11
12.9817304611,80.2305831909,37470,37500,30
12.9817304611,80.2305831909,37500,37510,10
12.9818296432,80.2308731079,37510,37520,10
12.9819602966,80.2312774658,37520,37530,10
12.9820203781,80.231842041,37530,37540,10
12.9820404053,80.2321777344,37540,37550,10
12.982000351,80.2324981689,37550,37560,10
12.9818201065,80.2331008911,37560,37570,10
12.981470108,80.23387146,37570,37591,21
12.981470108,80.23387146,37591,37601,10
12.9814500809,80.2339324951,37601,37611,10
12.9813499451,80.2341384888,37611,37621,10
12.9812402725,80.2346420288,37621,37631,10
12.9812402725,80.2354202271,37631,37641,10
12.9812698364,80.2362594604,37641,37651,10
12.9812803268,80.2370834351,37651,37661,10
12.981300354,80.2375793457,37661,37671,10
12.981300354,80.2376327515,37671,37681,10
12.981300354,80.237953186,37681,37691,10
12.9813203812,80.2387695313,37691,37720,29
12.9813203812,80.2387695313,37720,37732,12
12.9813098907,80.2389678955,37732,37742,10
12.9813098907,80.2391586304,37742,37752,10
12.9813098907,80.239402771,37752,37762,10
12.9813203812,80.2394866943,37762,37772,10
12.9813203812,80.2398300171,37772,37782,10
12.9813404083,80.2403869629,37782,37792,10
12.9813499451,80.2410736084,37792,37802,10
12.9813604355,80.2417068481,37802,37812,10
12.9813604355,80.2419204712,37812,37823,11
12.9813604355,80.2420501709,37823,37833,10
12.9813699722,80.2423934937,37833,37843,10
12.9813699722,80.2429199219,37843,37873,30
12.9813699722,80.2429199219,37873,37883,10
12.9813699722,80.2431869507,37883,37893,10
12.9813499451,80.2436599731,37893,37903,10
12.9812602997,80.2443618774,37903,37913,10
12.9811496735,80.2452316284,37913,37923,10
12.9810304642,80.2462081909,37923,37933,10
12.9809303284,80.2473220825,37933,37944,11
12.9808301926,80.2485733032,37944,37954,10
12.9806995392,80.2496566772,37954,37964,10
12.9804401398,80.2507629395,37964,37974,10
12.9801702499,80.2518081665,37974,37984,10
12.979929924,80.2525405884,37984,38044,60
12.979929924,80.2525405884,38044,38054,10
12.9797697067,80.2528076172,38054,38065,11
12.9792699814,80.2527236938,38065,38075,10
12.9785299301,80.252571106,38075,38095,20
12.9785299301,80.252571106,38095,38105,10
12.9784097672,80.2524795532,38105,38115,10
12.9780502319,80.2521972656,38115,38125,10
12.9774904251,80.251701355,38125,38135,10
12.9766597748,80.2513427734,38135,38145,10
12.9756603241,80.2510375977,38145,38155,10
12.974650383,80.2507400513,38155,38165,10
12.9736499786,80.2504577637,38165,38175,10
12.9725799561,80.2501602173,38175,38196,21
12.9725799561,80.2501602173,38196,38206,10
12.9721899033,80.25,38206,38216,10
12.9716396332,80.2498474121,38216,38226,10
12.9708995819,80.2496795654,38226,38236,10
12.9699497223,80.249382019,38236,38246,10
12.9688997269,80.2489624023,38246,38256,10
12.967880249,80.2485809326,38256,38266,10
12.966919899,80.2481765747,38266,38276,10
12.9659996033,80.2477416992,38276,38286,10
12.9652795792,80.2474365234,38286,38307,21
12.9652795792,80.2474365234,38307,38317,10
12.9649295807,80.2473220825,38317,38327,10
12.9645900726,80.2472076416,38327,38337,10
12.9642295837,80.2470626831,38337,38347,10
12.9638595581,80.2469329834,38347,38357,10
12.9633598328,80.246711731,38357,38367,10
12.9626502991,80.2463607788,38367,38377,10
12.9618301392,80.2459487915,38377,38387,10
12.9610996246,80.2455673218,38387,38397,10
12.9604196548,80.2452697754,38397,38407,10
12.9598798752,80.2450637817,38407,38417,10
12.9597702026,80.2450027466,38417,38428,11
12.9595899582,80.2449111938,38428,38438,10
12.9591798782,80.244720459,38438,38448,10
12.9586200714,80.244468689,38448,38458,10
12.9579601288,80.2441864014,38458,38468,10
12.9573001862,80.2439193726,38468,38478,10
12.9565696716,80.2436828613,38478,38488,10
12.9564800262,80.2436599731,38488,38498,10
12.9560899734,80.2434921265,38498,38508,10
12.9554595947,80.2431793213,38508,38518,10
12.9547595978,80.2428512573,38518,38528,10
12.9541397095,80.2425765991,38528,38539,11
12.9533901215,80.2422409058,38539,38549,10
12.9525995255,80.2419586182,38549,38559,10
12.9518299103,80.2417068481,38559,38569,10
12.9516496658,80.2416381836,38569,38579,10
12.951259613,80.2414932251,38579,38589,10
12.9505701065,80.2412796021,38589,38599,10
12.949669838,80.241027832,38599,38609,10
12.9492197037,80.2408905029,38609,38619,10
12.9487895966,80.2407073975,38619,38629,10
12.9480695724,80.2404022217,38629,38639,10
12.9473304749,80.2400970459,38639,38649,10
12.9470996857,80.240020752,38649,38659,10
12.9470701218,80.2400131226,38659,38670,11
12.9466600418,80.2398376465,38670,38680,10
12.9459896088,80.2395477295,38680,38690,10
12.9452104568,80.2391281128,38690,38700,10
12.944439888,80.238319397,38700,38710,10
12.9436502457,80.2374801636,38710,38720,10
12.9433097839,80.2371292114,38720,38730,10
12.9430999756,80.2369232178,38730,38740,10
12.9425001144,80.2365722656,38740,38750,10
12.9415998459,80.2362976074,38750,38760,10
12.9406099319,80.236038208,38760,38770,10
12.9398698807,80.2358016968,38770,38781,11
12.9397001266,80.2357406616,38781,38791,10
12.9393997192,80.2355804443,38791,38801,10
12.9387702942,80.2352523804,38801,38811,10
12.9379701614,80.2349014282,38811,38821,10
12.9370498657,80.2344512939,38821,38831,10
12.9362602234,80.2340621948,38831,38841,10
12.9359397888,80.2339019775,38841,38851,10
12.9353599548,80.2336425781,38851,38861,10
12.9345903397,80.2333221436,38861,38871,10
12.9339599609,80.2330474854,38871,38881,10
12.9339399338,80.233039856,38881,38891,10
12.9338598251,80.2329711914,38891,38902,11
12.9332895279,80.2326965332,38902,38912,10
12.9325199127,80.2323989868,38912,38922,10
12.9316701889,80.2321166992,38922,38932,10
12.9307098389,80.2317962646,38932,38942,10
12.9297704697,80.231552124,38942,38952,10
12.9294395447,80.2314605713,38952,38962,10
12.9292697906,80.2314300537,38962,38972,10
12.9290895462,80.2314224243,38972,38982,10
12.9286804199,80.2313308716,38982,38992,10
12.9279203415,80.2312164307,38992,39002,10
12.9269304276,80.2311019897,39002,39012,10
12.9261302948,80.2310409546,39012,39023,11
12.9259796143,80.2310333252,39023,39033,10
12.925740242,80.2309799194,39033,39043,10
12.9252996445,80.2309265137,39043,39053,10
12.9245700836,80.2308578491,39053,39063,10
12.9236097336,80.2307434082,39063,39073,10
12.9224596024,80.2305679321,39073,39083,10
12.9212598801,80.2303771973,39083,39093,10
12.9200496674,80.2302398682,39093,39103,10
12.9192399979,80.2301330566,39103,39113,10
12.9191799164,80.2301177979,39113,39123,10
12.9187602997,80.2300567627,39123,39133,10
12.9180002213,80.2299575806,39133,39144,11
12.9169998169,80.2298202515,39144,39154,10
12.9159097672,80.2296524048,39154,39164,10
12.9147396088,80.2294921875,39164,39174,10
12.9131803513,80.2293167114,39174,39194,20
12.9131803513,80.2293167114,39194,39204,10
12.9130401611,80.2293014526,39204,39214,10
12.9125003815,80.2292022705,39214,39224,10
12.9116697311,80.2290802002,39224,39234,10
12.910610199,80.2289199829,39234,39244,10
12.9095897675,80.2287597656,39244,39254,10
12.9086198807,80.2286224365,39254,39265,11
12.9081401825,80.2285614014,39265,39275,10
12.9076004028,80.2284622192,39275,39285,10
12.9070796967,80.2284011841,39285,39375,90
12.9070796967,80.2284011841,39375,39386,11
12.9066400528,80.2283706665,39386,39396,10
12.9058904648,80.228302002,39396,39406,10
12.9048900604,80.2282409668,39406,39416,10
12.9037704468,80.2281723022,39416,39426,10
12.9026699066,80.2281112671,39426,39436,10
12.9017095566,80.2280502319,39436,39446,10
12.9011297226,80.2280426025,39446,39517,71
12.9011297226,80.2280426025,39517,39527,10
12.9009199142,80.228012085,39527,39537,10
12.9004898071,80.2279663086,39537,39547,10
12.899720192,80.2279281616,39547,39557,10
12.8987903595,80.2279281616,39557,39577,20
12.8987903595,80.2279281616,39577,39587,10
12.898639679,80.227897644,39587,39597,10
12.8981399536,80.2278289795,39597,39607,10
12.8973903656,80.2277679443,39607,39617,10
12.8964395523,80.227722168,39617,39628,11
12.8953304291,80.2276687622,39628,39638,10
12.8943300247,80.2276306152,39638,39648,10
12.8934001923,80.2275772095,39648,39658,10
12.8931903839,80.2275466919,39658,39668,10
12.892660141,80.2274780273,39668,39678,10
12.8921003342,80.2274093628,39678,39688,10
12.891289711,80.2273864746,39688,39698,10
12.8902397156,80.2273864746,39698,39708,10
12.8893699646,80.2273864746,39708,39718,10
12.8887300491,80.2273864746,39718,39728,10
12.888010025,80.2273406982,39728,39738,10
12.8873596191,80.2272567749,39738,39749,11
12.8864803314,80.2270736694,39749,39759,10
12.8855400085,80.226852417,39759,39769,10
12.8851804733,80.2267913818,39769,39779,10
12.8851299286,80.2267837524,39779,39789,10
12.8850097656,80.2267684937,39789,39799,10
12.8845500946,80.2267608643,39799,39809,10
12.8837604523,80.2267227173,39809,39819,10
12.8827896118,80.2267227173,39819,39829,10
12.8816699982,80.2267227173,39829,39839,10
12.8804798126,80.2267227173,39839,39849,10
12.879240036,80.2267379761,39849,39858,9
12.878080368,80.2268218994,39858,39870,12
12.876950264,80.2269287109,39870,39880,10
12.8766803741,80.2269668579,39880,39890,10
12.8764200211,80.2266998291,39890,39910,20
12.8764200211,80.2266998291,39910,39920,10
12.876449585,80.2264328003,39920,39930,10
12.8765201569,80.2258071899,39930,39940,10
12.8766098022,80.2249679565,39940,39950,10
12.8767204285,80.2241210938,39950,39960,10
12.8769397736,80.2230987549,39960,39970,10
12.8771896362,80.2219772339,39970,39980,10
12.8774700165,80.2207870483,39980,39991,11
12.8777704239,80.2194900513,39991,40001,10
12.8780403137,80.2182998657,40001,40011,10
12.8782901764,80.217048645,40011,40021,10
12.8785495758,80.2157974243,40021,40031,10
12.8788204193,80.2145309448,40031,40041,10
12.8790502548,80.2132492065,40041,40051,10
12.8793001175,80.2120132446,40051,40061,10
12.8794403076,80.2111434937,40061,40071,10
12.8792600632,80.2109832764,40071,40081,10
12.8791904449,80.2109832764,40081,40091,10
12.8788795471,80.2109222412,40091,40101,10
12.8783502579,80.2108230591,40101,40112,11
12.877530098,80.2106704712,40112,40122,10
12.8768701553,80.2105484009,40122,40132,10
12.8766498566,80.2105102539,40132,40142,10
12.8761196136,80.2104110718,40142,40152,10
12.8753900528,80.2102813721,40152,40162,10
12.8745203018,80.2101287842,40162,40182,20
12.8745203018,80.2101287842,40182,40192,10
12.874329567,80.2099609375,40192,40202,10
12.8744897842,80.2095718384,40202,40212,10
12.8746500015,80.2098007202,40212,40525,313
12.8746500015,80.2098007202,40525,40535,10
12.8746700287,80.2100372314,40535,40545,10
12.874710083,80.2101287842,40545,40555,10
12.8751001358,80.2101669312,40555,40565,10
12.8756303787,80.2102890015,40565,40575,10
12.8758201599,80.210319519,40575,40586,11
12.8762197495,80.2104034424,40586,40596,10
12.8767900467,80.2105178833,40596,40606,10
12.8774299622,80.2106170654,40606,40616,10
12.8781604767,80.2107696533,40616,40626,10
12.8788995743,80.210899353,40626,40636,10
12.879240036,80.2109909058,40636,40646,10
12.8792495728,80.2109909058,40646,40656,10
12.8794298172,80.2110595703,40656,40666,10
12.8794603348,80.2114486694,40666,40676,10
12.8793201447,80.2121124268,40676,40686,10
12.8791599274,80.2128982544,40686,40696,10
12.8789701462,80.2138595581,40696,40705,9
12.8787899017,80.2147903442,40705,40717,12
12.8785200119,80.2160186768,40717,40727,10
12.8783397675,80.2169723511,40727,40737,10
12.8781604767,80.2179031372,40737,40747,10
12.8779602051,80.2188491821,40747,40757,10
12.8777399063,80.2198181152,40757,40767,10
12.8774995804,80.2208099365,40767,40777,10
12.8773097992,80.2217025757,40777,40787,10
12.8771095276,80.2225723267,40787,40797,10
12.8768997192,80.2235031128,40797,40807,10
12.876709938,80.2244415283,40807,40817,10
12.8766002655,80.225402832,40817,40827,10
12.8764400482,80.2267608643,40827,40868,41
12.8764400482,80.2267608643,40868,40878,10
12.8767204285,80.2268676758,40878,40888,10
12.8773202896,80.2267990112,40888,40898,10
12.8781499863,80.2267379761,40898,40908,10
12.8791303635,80.2266769409,40908,40918,10
12.8801698685,80.2266616821,40918,40928,10
12.8812103271,80.2266464233,40928,40938,10
12.8822402954,80.2266387939,40938,40947,9
12.8832101822,80.2266311646,40947,40959,12
12.8844404221,80.2266235352,40959,40969,10
12.8851203918,80.2266311646,40969,40979,10
12.8851299286,80.2266311646,40979,40989,10
12.885430336,80.2266769409,40989,40999,10
12.8859901428,80.2268066406,40999,41009,10
12.8866996765,80.2269973755,41009,41019,10
12.8875102997,80.2271728516,41019,41029,10
12.8883199692,80.2272415161,41029,41039,10
12.888469696,80.2272567749,41039,41049,10
12.888879776,80.2272720337,41049,41059,10
12.8895998001,80.2272796631,41059,41069,10
12.8905200958,80.2272796631,41069,41080,11
12.8916397095,80.2272720337,41080,41090,10
12.8921604156,80.2272720337,41090,41110,20
12.8921604156,80.2272720337,41110,41120,10
12.8923301697,80.2273025513,41120,41130,10
12.8928499222,80.2273635864,41130,41140,10
12.8935699463,80.2274627686,41140,41150,10
12.8941898346,80.2275085449,41150,41160,10
12.894200325,80.2275085449,41160,41170,10
12.894490242,80.2275466919,41170,41180,10
12.8951196671,80.2275772095,41180,41190,10
12.8960399628,80.2276000977,41190,41201,11
12.8972597122,80.2276916504,41201,41211,10
12.8983402252,80.2277526855,41211,41221,10
12.8993997574,80.2277984619,41221,41231,10
12.9004096985,80.2278594971,41231,41241,10
12.9009504318,80.2278900146,41241,41251,10
12.9012804031,80.2278823853,41251,41261,10
12.901720047,80.2278594971,41261,41271,10
12.9023799896,80.2278823853,41271,41281,10
12.902879715,80.227897644,41281,41291,10
12.9028997421,80.2279129028,41291,41301,10
12.9029798508,80.2279510498,41301,41311,10
12.9034099579,80.2279891968,41311,41321,10
12.9040403366,80.2280807495,41321,41332,11
12.9050798416,80.2281188965,41332,41352,20
12.9051599503,80.2281265259,41352,41402,50
12.9051599503,80.2281265259,41402,41412,10
12.9055099487,80.2281112671,41412,41422,10
12.9057397842,80.2281188965,41422,41432,10
12.9062595367,80.2281570435,41432,41443,11
12.9066495895,80.2282028198,41443,41453,10
12.9070596695,80.2282333374,41453,41463,10
12.9072303772,80.2282714844,41463,41473,10
12.907790184,80.2283630371,41473,41483,10
12.9086399078,80.2284927368,41483,41493,10
12.909740448,80.2286834717,41493,41503,10
12.9108896255,80.2288665771,41503,41513,10
12.9120798111,80.2290496826,41513,41523,10
12.9132299423,80.2292175293,41523,41533,10
12.9138803482,80.2293014526,41533,41543,10
12.9139699936,80.2293014526,41543,41553,10
12.9141798019,80.2293395996,41553,41564,11
12.9147901535,80.2294082642,41564,41574,10
12.915599823,80.2295379639,41574,41584,10
12.9166898727,80.2296829224,41584,41594,10
12.9177799225,80.2298431396,41594,41604,10
12.9185304642,80.2299194336,41604,41614,10
12.9193000793,80.2299880981,41614,41624,10
12.9194002151,80.2300186157,41624,41634,10
12.9198303223,80.2300567627,41634,41644,10
12.9205904007,80.2301712036,41644,41654,10
12.9215898514,80.2303009033,41654,41664,10
12.9227399826,80.23046875,41664,41674,10
12.9238996506,80.2306365967,41674,41685,11
12.9250202179,80.2307891846,41685,41695,10
12.9259195328,80.2309036255,41695,41705,10
12.9263801575,80.2309494019,41705,41715,10
12.9265604019,80.23097229,41715,41725,10
12.9271402359,80.231048584,41725,41735,10
12.9279603958,80.2311477661,41735,41745,10
12.9285297394,80.2312011719,41745,41755,10
12.9285802841,80.2312164307,41755,41765,10
12.9289798737,80.231300354,41765,41775,10
12.9294900894,80.2314071655,41775,41785,10
12.9300203323,80.2315292358,41785,41795,10
12.9308300018,80.2317428589,41795,41806,11
12.9319000244,80.2320785522,41806,41816,10
12.9328899384,80.2324066162,41816,41826,10
12.9336795807,80.2327423096,41826,41836,10
12.9337997437,80.2328033447,41836,41846,10
12.9342002869,80.2329788208,41846,41856,10
12.9349498749,80.2333221436,41856,41866,10
12.9355096817,80.2335662842,41866,41876,10
12.9355897903,80.2336196899,41876,41886,10
12.9359197617,80.2337875366,41886,41896,10
12.9365301132,80.2340698242,41896,41906,10
12.9371404648,80.2343521118,41906,41916,10
12.9379396439,80.2347412109,41916,41927,11
12.9388399124,80.2351837158,41927,41937,10
12.9396696091,80.2355880737,41937,41947,10
12.9398002625,80.2356491089,41947,41957,10
12.9399700165,80.235710144,41957,41967,10
12.9403095245,80.2358627319,41967,41977,10
12.9408502579,80.2360305786,41977,41987,10
12.9416599274,80.2362289429,41987,41997,10
12.9426403046,80.2365264893,41997,42007,10
12.9435195923,80.2371673584,42007,42017,10
12.9437503815,80.2374420166,42017,42027,10
12.9441003799,80.2378616333,42027,42037,10
12.9446697235,80.2385101318,42037,42048,11
12.945599556,80.2393035889,42048,42058,10
12.946680069,80.2397384644,42058,42068,10
12.9472999573,80.239982605,42068,42078,10
12.9473695755,80.2400131226,42078,42088,10
12.9478197098,80.2401885986,42088,42098,10
12.9488601685,80.2406005859,42098,42148,50
12.9488601685,80.2406005859,42148,42158,10
12.9491100311,80.2407684326,42158,42169,11
12.9494800568,80.2409133911,42169,42179,10
12.9501304626,80.2410888672,42179,42189,10
12.9509496689,80.241317749,42189,42199,10
12.9511604309,80.2414016724,42199,42209,10
12.9512701035,80.2414474487,42209,42219,10
12.951789856,80.2416381836,42219,42229,10
12.9525499344,80.2419204712,42229,42239,10
12.9534301758,80.2422714233,42239,42249,10
12.9538402557,80.2424163818,42249,42259,10
12.9539299011,80.24243927,42259,42269,10
12.9543199539,80.2425918579,42269,42278,9
12.9548902512,80.2428207397,42278,42290,12
12.9557199478,80.2431030273,42290,42300,10
12.9560804367,80.2432098389,42300,42320,20
12.9563102722,80.2432937622,42320,42380,60
12.9563102722,80.2432937622,42380,42390,10
12.9568195343,80.2434463501,42390,42400,10
12.957400322,80.2437591553,42400,42411,11
12.9581298828,80.2441101074,42411,42421,10
12.9588098526,80.244392395,42421,42431,10
12.9589099884,80.2444610596,42431,42441,10
12.9590501785,80.2445678711,42441,42451,10
12.9595098495,80.2448120117,42451,42461,10
12.9601697922,80.2451095581,42461,42471,10
12.9609899521,80.2454681396,42471,42481,10
12.9619398117,80.2459335327,42481,42491,10
12.9628896713,80.2463989258,42491,42501,10
12.9633197784,80.2465896606,42501,42542,41
12.9633197784,80.2465896606,42542,42552,10
12.9633903503,80.2466583252,42552,42562,10
12.9637804031,80.2468490601,42562,42572,10
12.964389801,80.2470474243,42572,42582,10
12.9651203156,80.2472915649,42582,42592,10
12.9660196304,80.2476119995,42592,42602,10
12.967040062,80.2480621338,42602,42622,20
12.967040062,80.2480621338,42622,42632,10
12.9673204422,80.2481765747,42632,42643,11
12.9679603577,80.2484436035,42643,42653,10
12.9688301086,80.2487182617,42653,42663,10
12.9697198868,80.2490692139,42663,42673,10
12.970700264,80.2494888306,42673,42683,10
12.9715299606,80.2497711182,42683,42693,10
12.9723501205,80.2500305176,42693,42703,10
12.9732198715,80.25025177,42703,42713,10
12.974029541,80.2504577637,42713,42723,10
12.9743995667,80.2505874634,42723,42733,10
12.9746904373,80.2506866455,42733,42743,10
12.9753103256,80.2508621216,42743,42753,10
12.9761600494,80.2510986328,42753,42764,11
12.9772396088,80.2514724731,42764,42774,10
12.9781303406,80.2521362305,42774,42784,10
12.9789104462,80.2525405884,42784,42794,10
12.9793395996,80.2525482178,42794,42804,10
12.9799098969,80.252281189,42804,42824,20
12.9799098969,80.252281189,42824,42834,10
12.9799699783,80.2519226074,42834,42844,10
12.9801597595,80.251373291,42844,42854,10
12.980389595,80.250579834,42854,42864,10
12.9806098938,80.2496185303,42864,42874,10
12.9807100296,80.248588562,42874,42885,11
12.980799675,80.2473983765,42885,42894,9
12.9808998108,80.2463531494,42894,42905,11
12.9810600281,80.245010376,42905,42915,10
12.9811697006,80.2438812256,42915,42925,10
12.9813203812,80.2434463501,42925,42935,10
12.9813203812,80.2429885864,42935,42945,10
12.9813299179,80.2427825928,42945,42955,10
12.9813299179,80.2426681519,42955,42965,10
12.9813203812,80.2422332764,42965,42975,10
12.9813203812,80.2415237427,42975,42984,9
12.9813203812,80.2407608032,42984,42995,11
12.9813098907,80.2398223877,42995,43006,11
12.9813098907,80.2393798828,43006,43016,10
12.9812898636,80.2387390137,43016,43026,10
12.9812602997,80.2380828857,43026,43036,10
12.9812602997,80.237953186,43036,43046,10
12.9812602997,80.2377929688,43046,43056,10
12.9812402725,80.2372817993,43056,43066,10
12.9812097549,80.236541748,43066,43076,10
12.9811897278,80.2357177734,43076,43086,10
12.9811697006,80.2347869873,43086,43096,10
12.9813499451,80.2339019775,43096,43106,10
12.9815998077,80.2333679199,43106,43116,10
12.9816303253,80.2333221436,43116,43127,11
12.9816398621,80.233291626,43127,43137,10
12.9817895889,80.2329864502,43137,43147,10
12.9819498062,80.2324829102,43147,43157,10
12.9819498062,80.2319488525,43157,43167,10
12.9818897247,80.231338501,43167,43177,10
12.9816198349,80.2306594849,43177,43187,10
12.981180191,80.2299423218,43187,43197,10
12.9808301926,80.2293395996,43197,43207,10
12.9806203842,80.2289962769,43207,43227,20
12.9806203842,80.2289962769,43227,43237,10
12.9804601669,80.2287902832,43237,43248,11
12.9802799225,80.2284164429,43248,43258,10
12.9800796509,80.2280197144,43258,43268,10
12.9797401428,80.2274093628,43268,43278,10
12.9793901443,80.2268371582,43278,43288,10
12.9790897369,80.2263183594,43288,43298,10
12.9787397385,80.2257614136,43298,43308,10
12.9783697128,80.2251281738,43308,43318,10
12.9781599045,80.224861145,43318,43328,10
12.9779500961,80.2246170044,43328,43338,10
12.9777603149,80.2243499756,43338,43348,10
12.9776601791,80.2241668701,43348,43358,10
12.977399826,80.2237014771,43358,43369,11
12.9770002365,80.2230224609,43369,43379,10
12.9769697189,80.2228012085,43379,43389,10
12.9772596359,80.2227401733,43389,43399,10
12.9772701263,80.2227401733,43399,43409,10
12.9773597717,80.2226791382,43409,43419,10
12.9775104523,80.2225265503,43419,43429,10
12.9774904251,80.222076416,43429,43439,10
12.9774799347,80.2216491699,43439,43449,10
12.9774503708,80.2213897705,43449,43459,10
12.9775600433,80.2212905884,43459,43469,10
12.9779901505,80.2212524414,43469,43478,9
12.9786100388,80.2211685181,43478,43490,12
12.9794797897,80.2210922241,43490,43500,10
12.980219841,80.2210464478,43500,43510,10
12.9807796478,80.2210006714,43510,43520,10
12.9812698364,80.2211380005,43520,43530,10
12.9817304611,80.2213821411,43530,43540,10
12.9821395874,80.2215881348,43540,43550,10
12.9826097488,80.2217712402,43550,43560,10
12.9829502106,80.2219314575,43560,43570,10
12.9829597473,80.2219390869,43570,43580,10
12.9831199646,80.2220687866,43580,43591,11
12.9834804535,80.2222671509,43591,43600,9
12.9839296341,80.2225189209,43600,43611,11
12.9844303131,80.2228469849,43611,43621,10
12.9849300385,80.2231216431,43621,43631,10
12.9853696823,80.2231521606,43631,43641,10
12.9858903885,80.2229309082,43641,43651,10
12.9864196777,80.2229232788,43651,43661,10
12.9866104126,80.2229385376,43661,43671,10
12.986989975,80.2230224609,43671,43681,10
12.9874401093,80.2230606079,43681,43691,10
12.9880399704,80.2228012085,43691,43701,10
12.9886598587,80.2222366333,43701,43711,10
12.9891004562,80.2217025757,43711,43722,11
12.9895601273,80.2210922241,43722,43732,10
12.9901800156,80.2204818726,43732,43742,10
12.9904003143,80.2203292847,43742,43752,10
12.9905395508,80.2202529907,43752,43762,10
12.9909296036,80.2199630737,43762,43772,10
12.991350174,80.219619751,43772,43782,10
12.9917097092,80.2193603516,43782,43792,10
12.9923295975,80.2189178467,43792,43802,10
12.993060112,80.2183685303,43802,43812,10
12.9938097,80.2178573608,43812,43822,10
12.9943304062,80.2175064087,43822,43832,10
12.9947395325,80.2172088623,43832,43841,9
12.9951696396,80.2169189453,43841,43853,12
12.9958896637,80.2166519165,43853,43863,10
12.9966001511,80.2164916992,43863,43873,10
12.9971599579,80.2163772583,43873,43883,10
12.997469902,80.2161026001,43883,43893,10
12.9974803925,80.2160873413,43893,43903,10
12.9975795746,80.2160110474,43903,43913,10
12.9979000092,80.2157287598,43913,43923,10
12.9984197617,80.2152709961,43923,43933,10
12.9989595413,80.2147979736,43933,43943,10
12.999250412,80.2145462036,43943,43953,10
12.9997196198,80.2141723633,43953,43964,11
13.000289917,80.2136383057,43964,43974,10
13.0008897781,80.2131271362,43974,43984,10
13.0014400482,80.2127304077,43984,43994,10
13.0019598007,80.2123565674,43994,44004,10
13.0025196075,80.2121276855,44004,44014,10
13.0029697418,80.212097168,44014,44024,10
13.0034198761,80.212059021,44024,44034,10
13.0035800934,80.2119903564,44034,44044,10
13.0036897659,80.2118606567,44044,44054,10
13.0036802292,80.2113418579,44054,44064,10
13.0036201477,80.210647583,44064,44074,10
13.0035200119,80.2098999023,44074,44085,11
13.0036096573,80.2090835571,44085,44095,10
13.0040998459,80.2086868286,44095,44105,10
13.0049800873,80.2090835571,44105,44115,10
13.0058298111,80.2094192505,44115,44125,10
13.0064897537,80.2096328735,44125,44135,10
13.0073604584,80.2098312378,44135,44165,30
13.0073604584,80.2098312378,44165,44175,10
13.0075101852,80.2098693848,44175,44185,10
13.007900238,80.2099533081,44185,44196,11
13.0080795288,80.2095794678,44196,44226,30
13.0080795288,80.2095794678,44226,44236,10
13.0081300735,80.2095565796,44236,44246,10
13.0080499649,80.2091522217,44246,44256,10
13.0079097748,80.208366394,44256,44266,10
13.0077600479,80.2074432373,44266,44276,10
13.007610321,80.2064666748,44276,44286,10
13.0075101852,80.2054824829,44286,44296,10
13.0074901581,80.2045898438,44296,44306,10
13.0074300766,80.2037506104,44306,44316,10
13.0072603226,80.2028503418,44316,44327,11
13.0065803528,80.2027206421,44327,44337,10
13.0067195892,80.2033081055,44337,44347,10
13.0073699951,80.2036209106,44347,44357,10
13.008190155,80.2036972046,44357,44367,10
13.0092401505,80.2036437988,44367,44377,10
13.0104398727,80.2036132813,44377,44387,10
13.0117397308,80.203742981,44387,44397,10
13.0129404068,80.2039794922,44397,44407,10
13.0136203766,80.2042312622,44407,44417,10
13.0136899948,80.2042999268,44417,44427,10
13.0136604309,80.2044296265,44427,44437,10
13.0135803223,80.2047424316,44437,44448,11
13.0134401321,80.2050704956,44448,44458,10
13.0131797791,80.2057571411,44458,44468,10
13.0129995346,80.2065505981,44468,44478,10
13.0129098892,80.2073516846,44478,44488,10
13.0128498077,80.2078094482,44488,44498,10
13.0127801895,80.2082901001,44498,44508,10
13.0127801895,80.2084503174,44508,44518,10
13.0128097534,80.2089004517,44518,44528,10
13.0129804611,80.2095031738,44528,44538,10
13.0130901337,80.2101211548,44538,44547,9
13.0129699707,80.2108688354,44547,44559,12
13.0125102997,80.2117614746,44559,44569,10
13.0120601654,80.2124710083,44569,44579,10
13.011879921,80.2127380371,44579,44589,10
13.0114898682,80.212600708,44589,44599,10
13.0109195709,80.2121810913,44599,44609,10
13.0102901459,80.2117385864,44609,44619,10
13.0099201202,80.2114562988,44619,44629,10
13.0095701218,80.2112426758,44629,44730,101
13.0092697144,80.2110671997,44730,45012,282
13.0092697144,80.2110671997,45012,45022,10
13.0090999603,80.2113800049,45022,45032,10
13.0089998245,80.2116165161,45032,45042,10
13.0090398788,80.2119064331,45042,45053,11
13.009180069,80.2122879028,45053,45063,10
13.0093202591,80.2127227783,45063,45073,10
13.0094900131,80.213142395,45073,45083,10
13.0096702576,80.2135925293,45083,45093,10
13.0099201202,80.2141571045,45093,45103,10
13.0101203918,80.21484375,45103,45113,10
13.0102500916,80.2156219482,45113,45123,10
13.0105695724,80.2163772583,45123,45133,10
13.0109395981,80.2171936035,45133,45143,10
13.0113296509,80.2180862427,45143,45153,10
13.0115499496,80.2188415527,45153,45163,10
13.0118303299,80.2197265625,45163,45174,11
13.0122003555,80.2208709717,45174,45184,10
13.0124101639,80.2214736938,45184,45194,10
13.0127401352,80.2219619751,45194,45204,10
13.0131397247,80.2224884033,45204,45214,10
13.0136499405,80.2229919434,45214,45224,10
13.0141000748,80.2235107422,45224,45234,10
13.0144796371,80.2240600586,45234,45244,10
13.0150604248,80.2247161865,45244,45264,20
13.0150604248,80.2247161865,45264,45274,10
13.0152196884,80.2249069214,45274,45285,11
13.0154600143,80.2253494263,45285,45295,10
13.0152997971,80.2258224487,45295,45305,10
13.0146999359,80.2260437012,45305,45315,10
13.0139703751,80.2263412476,45315,45325,10
13.0130901337,80.2266769409,45325,45335,10
13.0121898651,80.2270431519,45335,45345,10
13.0112600327,80.2273635864,45345,45355,10
13.0103302002,80.2277069092,45355,45365,10
13.0095796585,80.2277984619,45365,45375,10
13.0096101761,80.2272720337,45375,45385,10
13.0098896027,80.2266082764,45385,45395,10
13.0102701187,80.2257766724,45395,45405,10
13.0104999542,80.2252197266,45405,45416,11
13.0105104446,80.2252197266,45416,45426,10
13.0105800629,80.2250289917,45426,45436,10
13.0107803345,80.2246170044,45436,45446,10
13.0110397339,80.2238693237,45446,45456,10
13.0111598969,80.2232208252,45456,45466,10
13.0106201172,80.2229690552,45466,45476,10
13.010310173,80.2227783203,45476,45486,10
13.0101299286,80.22265625,45486,45496,10
13.0096797943,80.2224197388,45496,45506,10
13.0090703964,80.2220687866,45506,45516,10
13.0083303452,80.2217025757,45516,45526,10
13.0074996948,80.2212371826,45526,45537,11
13.0066204071,80.2208099365,45537,45547,10
13.0056495667,80.2205200195,45547,45557,10
13.0047101974,80.2203216553,45557,45567,10
13.0045900345,80.2202835083,45567,45577,10
13.0044202805,80.2202072144,45577,45587,10
13.0038404465,80.2200775146,45587,45597,10
13.0030202866,80.2198562622,45597,45607,10
13.0022296906,80.2193374634,45607,45617,10
13.001660347,80.2186889648,45617,45627,10
13.0008401871,80.218170166,45627,45637,10
13.0001897812,80.2176818848,45637,45648,11
12.9994096756,80.2172622681,45648,45658,10
12.9986400604,80.2168579102,45658,45668,10
12.9977798462,80.2165908813,45668,45678,10
12.9973201752,80.2165374756,45678,45688,10
12.9973096848,80.2165374756,45688,45698,10
12.997179985,80.2165527344,45698,45708,10
12.9969902039,80.2165603638,45708,45718,10
12.9967603683,80.2165679932,45718,45728,10
12.9966001511,80.216583252,45728,45738,10
12.9964799881,80.2165908813,45738,45748,10
12.9961204529,80.2166595459,45748,45757,9
12.9959201813,80.2166976929,45757,45769,12
12.9957399368,80.216758728,45769,45779,10
12.9954395294,80.2168731689,45779,45809,30
12.9954395294,80.2168731689,45809,45819,10
12.9950895309,80.2170562744,45819,45829,10
12.9948797226,80.2171936035,45829,45839,10
12.9944801331,80.2174987793,45839,45849,10
12.9940500259,80.2178878784,45849,45859,10
12.9933700562,80.2183074951,45859,45869,10
12.9926700592,80.2187728882,45869,45879,10
12.991900444,80.2193603516,45879,45890,11
12.9911403656,80.2199325562,45890,45900,10
12.9906997681,80.2202224731,45900,45920,20
12.9906997681,80.2202224731,45920,45930,10
12.9905500412,80.2202835083,45930,45940,10
12.9902896881,80.2204971313,45940,45950,10
12.9900903702,80.2207183838,45950,45960,10
12.9897003174,80.2211380005,45960,45970,10
12.9891996384,80.2217407227,45970,45980,10
12.9886703491,80.2223205566,45980,45990,10
12.9879703522,80.2228927612,45990,46000,10
12.9875297546,80.2230834961,46000,46011,11
12.9875097275,80.2230834961,46011,46021,10
12.9874601364,80.2230911255,46021,46031,10
12.9871797562,80.2230529785,46031,46041,10
12.986749649,80.2229919434,46041,46051,10
12.986120224,80.2229614258,46051,46061,10
12.9855499268,80.2232131958,46061,46071,10
12.9851999283,80.2232208252,46071,46081,10
12.9847097397,80.2230911255,46081,46142,61
12.9847097397,80.2230911255,46142,46152,10
12.9845504761,80.2229995728,46152,46162,10
12.9842100143,80.2228393555,46162,46172,10
12.9837398529,80.2225494385,46172,46182,10
12.9832201004,80.2222671509,46182,46212,30
12.9832201004,80.2222671509,46212,46222,10
12.9828996658,80.2220077515,46222,46253,31
12.9828996658,80.2220077515,46253,46263,10
12.9823703766,80.2218170166,46263,46273,10
12.9819202423,80.2215805054,46273,46283,10
12.9813995361,80.2212677002,46283,46293,10
12.9806098938,80.2210922241,46293,46303,10
12.9798603058,80.2210998535,46303,46313,10
12.9791297913,80.2211227417,46313,46323,10
12.9785203934,80.2211303711,46323,46333,10
12.9778604507,80.2211303711,46333,46343,10
12.9771604538,80.2211837769,46343,46353,10
12.9761295319,80.2213363647,46353,46374,21
12.9761800766,80.2215423584,46374,46404,30
12.9761800766,80.2215423584,46404,46414,10
12.9763202667,80.2217407227,46414,46424,10
12.9764795303,80.2221069336,46424,46434,10
12.9768600464,80.2226867676,46434,46444,10
12.9771203995,80.2231216431,46444,46454,10
12.9774904251,80.2237091064,46454,46464,10
12.9778900146,80.2243881226,46464,46474,10
12.9782600403,80.225112915,46474,46484,10
12.9785299301,80.2254104614,46484,46495,11
12.9787101746,80.2256393433,46495,46505,10
12.9789896011,80.2260971069,46505,46515,10
12.97935009,80.2267074585,46515,46525,10
12.97976017,80.2273788452,46525,46535,10
12.9801502228,80.2280197144,46535,46545,10
12.980389595,80.2284469604,46545,46555,10
12.9804801941,80.2286224365,46555,46565,10
12.980629921,80.2288970947,46565,46575,10
12.980799675,80.2291564941,46575,46585,10
12.9808998108,80.2293319702,46585,46595,10
12.9811096191,80.2296676636,46595,46605,10
12.9814596176,80.2302017212,46605,46616,11
12.9816703796,80.2305297852,46616,46626,10
12.981760025,80.23072052,46626,46636,10
12.9819402695,80.2312316895,46636,46646,10
12.9820098877,80.231918335,46646,46656,10
12.9819898605,80.2323913574,46656,46666,10
12.9819002151,80.2327423096,46666,46676,10
12.9818296432,80.232963562,46676,46686,10
12.981760025,80.2331619263,46686,46716,30
12.981760025,80.2331619263,46716,46727,11
12.9816703796,80.2333831787,46727,46737,10
12.9815597534,80.2336273193,46737,46747,10
12.9814996719,80.2337265015,46747,46757,10
12.9813203812,80.2341308594,46757,46767,10
12.9812297821,80.2344589233,46767,46777,10
12.9812097549,80.2349624634,46777,46787,10
12.9811897278,80.2353973389,46787,46797,10
12.9812097549,80.2359924316,46797,46807,10
12.9812297821,80.2367935181,46807,46817,10
12.9812602997,80.2377090454,46817,46827,10
12.9812498093,80.23853302,46827,46837,10
12.9812402725,80.2387008667,46837,46848,11
12.9812498093,80.2388381958,46848,46858,10
12.9812202454,80.2393188477,46858,46868,10
12.9812698364,80.2400817871,46868,46878,10
12.9812602997,80.2409210205,46878,46888,10
12.9813098907,80.2422714233,46888,46918,30
12.9813098907,80.2422714233,46918,46928,10
12.9813299179,80.2424163818,46928,46938,10
12.9812898636,80.2427368164,46938,46948,10
12.981300354,80.2427978516,46948,46958,10
12.9813499451,80.2429428101,46958,46968,10
12.9813404083,80.2433319092,46968,46979,11
12.9812602997,80.244102478,46979,46989,10
12.9811496735,80.2449798584,46989,46999,10
12.9810400009,80.2460174561,46999,47009,10
12.9809303284,80.2471618652,47009,47019,10
12.9808301926,80.2482681274,47019,47029,10
12.9807395935,80.2493362427,47029,47039,10
12.9805402756,80.2503509521,47039,47049,10
12.9802703857,80.2513885498,47049,47059,10
12.980050087,80.2521820068,47059,47069,10
12.9798898697,80.2525787354,47069,47089,20
12.9798898697,80.2525787354,47089,47100,11
12.979929924,80.2527084351,47100,47110,10
12.9797201157,80.252822876,47110,47120,10
12.9791698456,80.2527313232,47120,47130,10
12.9785995483,80.2526092529,47130,47140,10
12.9785604477,80.2525863647,47140,47150,10
12.9782800674,80.2524032593,47150,47160,10
12.9777803421,80.2519607544,47160,47170,10
12.9770698547,80.2514801025,47170,47180,10
12.9760904312,80.251159668,47180,47190,10
12.975110054,80.250869751,47190,47200,10
12.9741096497,80.250579834,47200,47211,11
12.9730100632,80.250289917,47211,47221,10
12.972530365,80.2501678467,47221,47231,10
12.9723997116,80.2501296997,47231,47241,10
12.9719104767,80.2499771118,47241,47251,10
12.9711799622,80.2497787476,47251,47261,10
12.970290184,80.2495117188,47261,47271,10
12.9693002701,80.2491378784,47271,47281,10
12.9682998657,80.2487487793,47281,47291,10
12.9673595428,80.2483596802,47291,47301,10
12.9667196274,80.2480392456,47301,47311,10
12.9661502838,80.2477722168,47311,47322,11
12.9653902054,80.2474899292,47322,47331,9
12.9650297165,80.2473907471,47331,47342,11
12.9650201797,80.2473831177,47342,47352,10
12.9648704529,80.2473068237,47352,47362,10
12.9643802643,80.2471313477,47362,47372,10
12.9637098312,80.2468566895,47372,47382,10
12.9630699158,80.2465591431,47382,47392,10
12.9623298645,80.2462234497,47392,47402,10
12.9614496231,80.2457809448,47402,47412,10
12.9605302811,80.2453384399,47412,47422,10
12.9597396851,80.2450027466,47422,47432,10
12.959400177,80.2448425293,47432,47442,10
12.959280014,80.2447891235,47442,47453,11
12.9587497711,80.2445297241,47453,47463,10
12.9580497742,80.2442169189,47463,47473,10
12.9570102692,80.2438278198,47473,47493,20
12.9570102692,80.2438278198,47493,47503,10
12.9568500519,80.2437973022,47503,47513,10
12.9566698074,80.2437286377,47513,47584,71
12.9566698074,80.2437286377,47584,47594,10
12.9559803009,80.2434692383,47594,47604,10
12.9553699493,80.2431488037,47604,47614,10
12.9546604156,80.2428436279,47614,47624,10
12.954000473,80.2425765991,47624,47634,10
12.9537296295,80.242477417,47634,47644,10
12.9532003403,80.2422485352,47644,47654,10
12.9524402618,80.2419509888,47654,47664,10
12.9516897202,80.2416915894,47664,47674,10
12.9516201019,80.2416687012,47674,47685,11
12.9514904022,80.241607666,47685,47694,9
12.9511003494,80.2414474487,47694,47705,11
12.950340271,80.2412414551,47705,47715,10
12.9496202469,80.2410430908,47715,47725,10
12.9491701126,80.2408905029,47725,47735,10
12.9486398697,80.2406616211,47735,47745,10
12.9480304718,80.2404098511,47745,47755,10
12.9472503662,80.2400894165,47755,47775,20
12.9472503662,80.2400894165,47775,47785,10
12.9470996857,80.2400283813,47785,47795,10
12.9467201233,80.2398681641,47795,47806,11
12.9460000992,80.2395629883,47806,47816,10
12.9452199936,80.2391433716,47816,47826,10
12.944439888,80.2384109497,47826,47836,10
12.9437904358,80.2376327515,47836,47846,10
12.9432601929,80.2371520996,47846,47856,10
12.9431400299,80.2370223999,47856,47866,10
12.9426803589,80.2366867065,47866,47876,10
12.9419603348,80.2364120483,47876,47886,10
12.9411802292,80.2361907959,47886,47896,10
12.9402799606,80.2359390259,47896,47906,10
12.9396696091,80.2357177734,47906,47937,31
12.9396696091,80.2357177734,47937,47947,10
12.9395198822,80.2356491089,47947,47957,10
12.939040184,80.2354202271,47957,47967,10
12.9383296967,80.2350616455,47967,47977,10
12.9374103546,80.2346115112,47977,47987,10
12.9364099503,80.2341384888,47987,47997,10
12.9359397888,80.2339172363,47997,48007,10
12.935549736,80.2337493896,48007,48017,10
12.9348602295,80.2334518433,48017,48027,10
12.9340496063,80.2331008911,48027,48037,10
12.9338903427,80.2330093384,48037,48048,11
12.9337501526,80.2329330444,48048,48058,10
12.9332895279,80.2327270508,48058,48068,10
12.932559967,80.2324371338,48068,48078,10
12.9315900803,80.2321014404,48078,48088,10
12.9304800034,80.2317428589,48088,48098,10
12.929309845,80.2314605713,48098,48108,10
12.9280996323,80.231262207,48108,48118,10
12.9270601273,80.2311325073,48118,48128,10
12.9262895584,80.2310409546,48128,48138,10
12.9262104034,80.2310333252,48138,48148,10
12.9260196686,80.231010437,48148,48158,10
12.9254598618,80.2309188843,48158,48169,11
12.9246101379,80.2308197021,48169,48179,10
12.9236297607,80.2307128906,48179,48189,10
12.9225101471,80.2305526733,48189,48199,10
12.9213199615,80.2303695679,48199,48209,10
12.9202098846,80.2302322388,48209,48219,10
12.9193601608,80.2301483154,48219,48229,10
12.9191904068,80.2301177979,48229,48239,10
12.9188203812,80.2300415039,48239,48249,10
12.9181604385,80.2299499512,48249,48259,10
12.9174003601,80.229850769,48259,48269,10
12.9168796539,80.2297668457,48269,48279,10
12.9161596298,80.2296829224,48279,48289,10
12.9152202606,80.2295379639,48289,48300,11
12.9141902924,80.2293930054,48300,48310,10
12.9131603241,80.2292785645,48310,48340,30
12.9131603241,80.2292785645,48340,48350,10
12.9128704071,80.2292175293,48350,48360,10
12.9123401642,80.2291564941,48360,48370,10
12.9115200043,80.2290496826,48370,48380,10
12.9105701447,80.2289123535,48380,48390,10
12.9094800949,80.228729248,48390,48400,10
12.9083795547,80.2285385132,48400,48411,11
12.9071502686,80.2283706665,48411,48431,20
12.9071502686,80.2283706665,48431,48441,10
12.9070100784,80.2283172607,48441,48451,10
12.9060897827,80.2282714844,48451,48471,20
12.9060897827,80.2282714844,48471,48481,10
12.905790329,80.2282409668,48481,48491,10
12.9051198959,80.2282104492,48491,48501,10
12.9042701721,80.2281417847,48501,48510,9
12.903380394,80.2281036377,48510,48521,11
12.902179718,80.2280273438,48521,48532,11
12.9013996124,80.2280197144,48532,48572,40
12.9012804031,80.2279891968,48572,48592,20
12.9012804031,80.2279891968,48592,48602,10
12.901049614,80.2279815674,48602,48612,10
12.9006004333,80.2279281616,48612,48622,10
12.9000196457,80.2278900146,48622,48632,10
12.8996400833,80.2278823853,48632,48642,10
12.8990697861,80.2278366089,48642,48683,41
12.8990697861,80.2278366089,48683,48693,10
12.8989601135,80.2278289795,48693,48703,10
12.8985595703,80.2278289795,48703,48713,10
12.8978796005,80.2277832031,48713,48723,10
12.8970403671,80.2277297974,48723,48733,10
12.8960399628,80.2276992798,48733,48743,10
12.8950004578,80.2276611328,48743,48753,10
12.893989563,80.2275924683,48753,48763,10
12.8932199478,80.2275314331,48763,48784,21
12.8932199478,80.2275314331,48784,48794,10
12.893119812,80.2275085449,48794,48804,10
12.8926801682,80.2274627686,48804,48814,10
12.8922395706,80.227432251,48814,48824,10
12.8918800354,80.2274169922,48824,48884,60
12.8918800354,80.2274169922,48884,48895,11
12.8916702271,80.227432251,48895,48905,10
12.8911304474,80.2274093628,48905,48915,10
12.8903598785,80.2274017334,48915,48925,10
12.8893995285,80.2273864746,48925,48935,10
12.8883304596,80.2273712158,48935,48955,20
12.8883304596,80.2273712158,48955,48965,10
12.8879699707,80.2273483276,48965,48975,10
12.8872900009,80.2272567749,48975,48985,10
12.8864297867,80.2270812988,48985,48995,10
12.8853998184,80.2268066406,48995,49005,10
12.8848304749,80.2267532349,49005,49016,11
12.8847103119,80.2267379761,49016,49026,10
12.8842000961,80.2267227173,49026,49036,10
12.8834199905,80.2266998291,49036,49046,10
12.8824396133,80.2266998291,49046,49056,10
12.8812999725,80.2266998291,49056,49066,10
12.8801498413,80.2266998291,49066,49076,10
12.8789997101,80.2267303467,49076,49086,10
12.8778295517,80.2268295288,49086,49096,10
12.8768100739,80.2269287109,49096,49106,10
12.8764400482,80.2268829346,49106,49116,10
12.8764400482,80.226348877,49116,49137,21
12.8764400482,80.226348877,49137,49147,10
12.8764696121,80.2261734009,49147,49157,10
12.8765296936,80.2255706787,49157,49167,10
12.8766202927,80.2247390747,49167,49177,10
12.8767795563,80.2237319946,49177,49187,10
12.8770303726,80.2225799561,49187,49197,10
12.8773097992,80.2213821411,49197,49207,10
12.8775901794,80.220161438,49207,49217,10
12.877869606,80.2189331055,49217,49227,10
12.8781299591,80.2176895142,49227,49237,10
12.878370285,80.2164382935,49237,49247,10
12.8786401749,80.2151794434,49247,49258,11
12.8789100647,80.2137985229,49258,49268,10
12.8791399002,80.2125473022,49268,49278,10
12.879360199,80.2114028931,49278,49288,10
12.8790903091,80.2109603882,49288,49308,20
12.8790903091,80.2109603882,49308,49318,10
12.8790502548,80.2109680176,49318,49328,10
12.8786802292,80.210899353,49328,49338,10
12.8780298233,80.2107772827,49338,49348,10
12.877240181,80.2106170654,49348,49358,10
12.8763999939,80.2104568481,49358,49368,10
12.8755502701,80.2102966309,49368,49379,11
12.8745203018,80.2101287842,49379,49409,30
12.8745203018,80.2101287842,49409,49419,10
12.8745203018,80.2101135254,49419,49429,10
12.8743600845,80.2098693848,49429,49439,10
12.8748197556,80.2096633911,49439,49530,91
12.8749399185,80.2097473145,49530,49558,28
12.8749399185,80.2097473145,49558,49929,371
12.8749599457,80.2097167969,49929,50433,504
12.8750295639,80.2096633911,50433,50494,61
12.8748598099,80.2096405029,50494,50625,131
12.8748703003,80.2096176147,50625,50816,191
12.8748703003,80.2096633911,50816,51159,343
12.8749799728,80.2097320557,51159,51381,222
12.8749799728,80.2097320557,51381,51391,10
12.874710083,80.2098999023,51391,51411,20
12.874710083,80.2098999023,51411,51421,10
12.8747396469,80.2101287842,51421,51430,9
12.8750295639,80.2101974487,51430,51441,11
12.8756198883,80.2102966309,51441,51452,11
12.8762798309,80.2104415894,51452,51462,10
12.8768196106,80.2105407715,51462,51472,10
12.8774499893,80.2106628418,51472,51482,10
12.8781003952,80.2107772827,51482,51492,10
12.8787603378,80.2109069824,51492,51502,10
12.8792200089,80.2110137939,51502,51522,20
12.8792200089,80.2110137939,51522,51532,10
12.8794002533,80.2110824585,51532,51542,10
12.8794202805,80.2114715576,51542,51552,10
12.8793096542,80.2120666504,51552,51562,10
12.8791599274,80.212852478,51562,51573,11
12.8789701462,80.2138824463,51573,51583,10
12.8787698746,80.2149276733,51583,51593,10
12.8785295486,80.2160720825,51593,51603,10
12.8782997131,80.2172012329,51603,51613,10
12.8780698776,80.2183532715,51613,51623,10
12.8778095245,80.2194900513,51623,51633,10
12.8775501251,80.2206192017,51633,51643,10
12.877289772,80.2217636108,51643,51653,10
12.8770303726,80.2228927612,51653,51663,10
12.8767700195,80.2240371704,51663,51673,10
12.8766098022,80.225189209,51673,51683,10
12.8765001297,80.2261428833,51683,51694,11
12.8764295578,80.2266387939,51694,51704,10
12.8764400482,80.2267608643,51704,51714,10
12.8764600754,80.2268600464,51714,51724,10
12.8764600754,80.2268676758,51724,51734,10
12.8766498566,80.2269287109,51734,51744,10
12.8771696091,80.2268676758,51744,51754,10
12.877989769,80.2267913818,51754,51764,10
12.8790302277,80.2267227173,51764,51774,10
12.8801803589,80.2266921997,51774,51784,10
12.8813495636,80.2266769409,51784,51794,10
12.882519722,80.2266769409,51794,51804,10
12.8836698532,80.2266616821,51804,51815,11
12.8848400116,80.2266387939,51815,51825,10
12.8852396011,80.2266616821,51825,51835,10
12.8853502274,80.2266616821,51835,51845,10
12.8858203888,80.2267837524,51845,51855,10
12.8865699768,80.2269821167,51855,51865,10
12.8874597549,80.2271728516,51865,51875,10
12.8883695602,80.2272567749,51875,51885,10
12.8885698318,80.2272567749,51885,51895,10
12.8889198303,80.2272720337,51895,51905,10
12.8895797729,80.2272720337,51905,51915,10
12.8904495239,80.2272796631,51915,51925,10
12.8914899826,80.2272796631,51925,51936,11
12.892539978,80.2273178101,51936,51946,10
12.8941402435,80.2275085449,51946,51966,20
12.8941402435,80.2275085449,51966,51976,10
12.894200325,80.2275009155,51976,51986,10
12.894610405,80.2275619507,51986,51996,10
12.8953695297,80.2276077271,51996,52006,10
12.8963403702,80.2276535034,52006,52016,10
12.8974304199,80.2277069092,52016,52026,10
12.8985900879,80.2277832031,52026,52036,10
12.8997001648,80.2278518677,52036,52046,10
12.9004096985,80.2278289795,52046,52077,31
12.9004096985,80.2278289795,52077,52087,10
12.900639534,80.2278137207,52087,52097,10
12.90102005,80.2278518677,52097,52107,10
12.9016895294,80.227897644,52107,52116,9
12.9022397995,80.227897644,52116,52127,11
12.9025201797,80.2279281616,52127,52137,10
12.9026203156,80.2279205322,52137,52147,10
12.9030399323,80.2279663086,52147,52157,10
12.9037399292,80.2280273438,52157,52167,10
12.9045696259,80.2280883789,52167,52178,11
12.9055204391,80.2281112671,52178,52188,10
12.90583992,80.2281417847,52188,52198,10
12.9062004089,80.228187561,52198,52208,10
12.9064502716,80.228187561,52208,52218,10
12.9071397781,80.2282867432,52218,52238,20
12.9071397781,80.2282867432,52238,52248,10
12.907409668,80.2283172607,52248,52258,10
12.9080295563,80.2284164429,52258,52268,10
12.9088802338,80.2285308838,52268,52278,10
12.9098796844,80.2286911011,52278,52288,10
12.9109601974,80.2288513184,52288,52299,11
12.9121704102,80.229019165,52299,52309,10
12.9132404327,80.2292022705,52309,52319,10
12.9139499664,80.2292785645,52319,52329,10
12.9139604568,80.2292785645,52329,52339,10
12.9141998291,80.2293167114,52339,52349,10
12.9147996902,80.2293930054,52349,52359,10
12.9155902863,80.2294921875,52359,52369,10
12.9165697098,80.2296295166,52369,52379,10
12.9176301956,80.2297592163,52379,52389,10
12.9193696976,80.2299880981,52389,52409,20
12.9193696976,80.2299880981,52409,52420,11
12.919670105,80.2299804688,52420,52430,10
12.9202699661,80.2300796509,52430,52440,10
12.9210796356,80.2301864624,52440,52450,10
12.9220695496,80.2303314209,52450,52460,10
12.9231300354,80.230506897,52460,52470,10
12.9242801666,80.2306594849,52470,52480,10
12.9252901077,80.2308425903,52480,52490,10
12.9262399673,80.2309188843,52490,52510,20
12.9262399673,80.2309188843,52510,52520,10
12.9263601303,80.2308807373,52520,52529,9
12.9267501831,80.2309265137,52529,52541,12
12.9275999069,80.2310409546,52541,52551,10
12.9283704758,80.2311630249,52551,52561,10
12.9291296005,80.2313079834,52561,52571,10
12.9299602509,80.2315063477,52571,52581,10
12.9308900833,80.2317810059,52581,52591,10
12.9318799973,80.232093811,52591,52601,10
12.9328298569,80.2323684692,52601,52611,10
12.9334802628,80.2326583862,52611,52621,10
12.9335403442,80.2326889038,52621,52631,10
12.9336500168,80.2327423096,52631,52641,10
12.9340896606,80.232963562,52641,52651,10
12.9347400665,80.2332382202,52651,52662,11
12.9355201721,80.2335586548,52662,52672,10
12.9357299805,80.2336578369,52672,52682,10
12.9358100891,80.2337036133,52682,52692,10
12.9361600876,80.2338867188,52692,52702,10
12.9367303848,80.2341690063,52702,52712,10
12.9374599457,80.2344894409,52712,52722,10
12.9383401871,80.2349319458,52722,52732,10
12.9392499924,80.2353668213,52732,52742,10
12.9395399094,80.2355194092,52742,52752,10
12.9395999908,80.2355499268,52752,52762,10
12.9397602081,80.2356719971,52762,52773,11
12.940199852,80.2358322144,52773,52783,10
12.940870285,80.2360229492,52783,52793,10
12.9417200089,80.2362136841,52793,52803,10
12.9426803589,80.2365188599,52803,52813,10
12.9434995651,80.2371292114,52813,52823,10
12.9437704086,80.2374191284,52823,52833,10
12.943860054,80.2375793457,52833,52843,10
12.9442501068,80.2380065918,52843,52853,10
12.9448099136,80.2386169434,52853,52863,10
12.9456300735,80.2392730713,52863,52873,10
12.9467000961,80.2397079468,52873,52883,10
12.9475402832,80.2400512695,52883,52894,11
12.947640419,80.2400970459,52894,52904,10
12.9480695724,80.2402801514,52904,52914,10
12.9488897324,80.2406082153,52914,52964,50
12.9488897324,80.2406082153,52964,52974,10
12.9490203857,80.2406768799,52974,52984,10
12.949379921,80.2408294678,52984,52994,10
12.9500303268,80.2410430908,52994,53004,10
12.9508104324,80.2412872314,53004,53015,11
12.9511899948,80.2414321899,53015,53025,10
12.9513597488,80.2414932251,53025,53035,10
12.9518699646,80.2416610718,53035,53045,10
12.9525499344,80.2419433594,53045,53055,10
12.9534196854,80.2422332764,53055,53065,10
12.9542798996,80.2425689697,53065,53075,10
12.9550199509,80.2428512573,53075,53085,10
12.9557304382,80.2431030273,53085,53095,10
12.956319809,80.2433013916,53095,53115,20
12.956319809,80.2433013916,53115,53125,10
12.9567203522,80.2434387207,53125,53136,11
12.9573802948,80.2437820435,53136,53146,10
12.9578800201,80.2440109253,53146,53156,10
12.9584798813,80.2442703247,53156,53166,10
12.9587697983,80.2443771362,53166,53176,10
12.9588699341,80.2444229126,53176,53186,10
12.9590997696,80.2445297241,53186,53196,10
12.9595298767,80.2447433472,53196,53206,10
12.9602403641,80.2450714111,53206,53216,10
12.9611301422,80.2454833984,53216,53226,10
12.9620399475,80.2459182739,53226,53236,10
12.9626998901,80.2462615967,53236,53246,10
12.9629201889,80.2463684082,53246,53257,11
12.9633302689,80.2465515137,53257,53267,10
12.9638500214,80.2467803955,53267,53277,10
12.9645900726,80.2470474243,53277,53287,10
12.9654502869,80.2473678589,53287,53297,10
12.9666795731,80.2478408813,53297,53317,20
12.9666795731,80.2478408813,53317,53327,10
12.9669303894,80.2479934692,53327,53337,10
12.9674701691,80.248260498,53337,53347,10
12.9682502747,80.2485733032,53347,53357,10
12.9692401886,80.2489089966,53357,53367,10
12.9703397751,80.2492675781,53367,53378,11
12.9715499878,80.2497329712,53378,53388,10
12.9726600647,80.2500915527,53388,53398,10
12.9737596512,80.2503662109,53398,53408,10
12.9745101929,80.2505493164,53408,53418,10
12.9745597839,80.2505569458,53418,53428,10
12.9749603271,80.2506866455,53428,53438,10
12.9756698608,80.2509002686,53438,53448,10
12.9765996933,80.2511520386,53448,53458,10
12.9775600433,80.2515716553,53458,53468,10
12.9783802032,80.2522201538,53468,53477,9
12.9792404175,80.2525405884,53477,53488,11
12.9799098969,80.2523727417,53488,53499,11
12.9799404144,80.252243042,53499,53509,10
12.9799804688,80.2520294189,53509,53519,10
12.980099678,80.2516021729,53519,53529,10
12.9803199768,80.2508392334,53529,53539,10
12.9805698395,80.2498931885,53539,53549,10
12.9807100296,80.2488327026,53549,53559,10
12.9807901382,80.247718811,53559,53569,10
12.980890274,80.2465667725,53569,53579,10
12.9810400009,80.2453689575,53579,53589,10
12.9811601639,80.2442626953,53589,53599,10
12.9811897278,80.2437286377,53599,53609,10
12.9812898636,80.2435684204,53609,53620,11
12.9813299179,80.2430801392,53620,53630,10
12.9813499451,80.2427597046,53630,53640,10
12.9813804626,80.2426376343,53640,53650,10
12.9813699722,80.2421112061,53650,53660,10
12.9813699722,80.2413482666,53660,53670,10
12.9813499451,80.2405090332,53670,53680,10
12.9813299179,80.2397003174,53680,53690,10
12.9813098907,80.2392120361,53690,53700,10
12.9812898636,80.2385025024,53700,53710,10
12.9812803268,80.2381134033,53710,53720,10
12.9812698364,80.2379074097,53720,53729,9
12.9812803268,80.2378387451,53729,53741,12
12.9812602997,80.2373504639,53741,53751,10
12.9812402725,80.236579895,53751,53761,10
12.9812097549,80.2356109619,53761,53771,10
12.9811897278,80.2346115112,53771,53781,10
12.9814500809,80.2336807251,53781,53791,10
12.9816102982,80.2333831787,53791,53801,10
12.981710434,80.2331924438,53801,53811,10
12.9819202423,80.2326965332,53811,53821,10
12.9819698334,80.2321014404,53821,53831,10
12.9819402695,80.2314834595,53831,53841,10
12.981760025,80.230758667,53841,53851,10
12.981470108,80.2302474976,53851,53862,11
12.9809799194,80.2294769287,53862,53872,10
12.9807100296,80.2290725708,53872,53882,10
12.9806499481,80.2289733887,53882,53892,10
12.9805002213,80.2286834717,53892,53902,10
12.9803104401,80.2283096313,53902,53912,10
12.9800300598,80.2278289795,53912,53922,10
12.979640007,80.227180481,53922,53932,10
12.9792404175,80.2265167236,53932,53942,10
12.9788799286,80.2259292603,53942,53952,10
12.9785404205,80.2253494263,53952,53962,10
12.9781999588,80.2247924805,53962,53973,11
12.9778203964,80.2242584229,53973,53983,10
12.9775495529,80.2238311768,53983,53993,10
12.9772701263,80.2233276367,53993,54003,10
12.9769897461,80.2228469849,54003,54013,10
12.9769802094,80.2227325439,54013,54023,10
12.9771900177,80.2226104736,54023,54033,10
12.9772701263,80.2226486206,54033,54043,10
12.9774904251,80.2225265503,54043,54053,10
12.9774703979,80.2221221924,54053,54063,10
12.9774398804,80.2215499878,54063,54073,10
12.9774303436,80.2212982178,54073,54083,10
12.9776000977,80.2211914063,54083,54094,11
12.9780197144,80.2211074829,54094,54104,10
12.9788103104,80.2210769653,54104,54114,10
12.9795103073,80.2210769653,54114,54124,10
12.9797897339,80.2210693359,54124,54134,10
12.9804201126,80.2210083008,54134,54144,10
12.9811697006,80.2211380005,54144,54154,10
12.981880188,80.2215194702,54154,54164,10
12.9826698303,80.2218399048,54164,54184,20
12.9826698303,80.2218399048,54184,54194,10
12.9828796387,80.2219161987,54194,54204,10
12.9830503464,80.2219924927,54204,54215,11
12.9832296371,80.2221298218,54215,54225,10
12.9833803177,80.2222518921,54225,54235,10
12.9836797714,80.2224273682,54235,54245,10
12.9840602875,80.222618103,54245,54255,10
12.9845895767,80.2229614258,54255,54265,10
12.9851398468,80.223197937,54265,54275,10
12.9855699539,80.2230377197,54275,54285,10
12.9861803055,80.2229232788,54285,54295,10
12.9864301682,80.2229537964,54295,54305,10
12.9868202209,80.2230224609,54305,54315,10
12.9873199463,80.2230987549,54315,54325,10
12.9878902435,80.2228164673,54325,54336,11
12.9885997772,80.2222366333,54336,54346,10
12.9891004562,80.2217102051,54346,54356,10
12.9895095825,80.2212905884,54356,54366,10
12.9898395538,80.2208099365,54366,54376,10
12.9901599884,80.2205581665,54376,54386,10
12.9901800156,80.2205505371,54386,54396,10
12.9905796051,80.2202301025,54396,54406,10
12.9908895493,80.2199630737,54406,54416,10
12.9912900925,80.2196578979,54416,54426,10
12.991900444,80.2192382813,54426,54436,10
12.9926099777,80.2186965942,54436,54446,10
12.9932203293,80.2182388306,54446,54457,11
12.9939002991,80.2177276611,54457,54467,10
12.9942703247,80.2174606323,54467,54477,10
12.9944801331,80.217338562,54477,54487,10
12.99477005,80.2171325684,54487,54497,10
12.9951696396,80.2168731689,54497,54507,10
12.9954795837,80.2167129517,54507,54517,10
12.9958200455,80.2165908813,54517,54527,10
12.9965295792,80.2164611816,54527,54537,10
12.9970397949,80.2164077759,54537,54547,10
12.9974403381,80.2160797119,54547,54557,10
12.9975299835,80.2160263062,54557,54567,10
12.9978103638,80.2157821655,54567,54578,11
12.9983596802,80.2152862549,54578,54588,10
12.9989404678,80.2147903442,54588,54598,10
12.9992399216,80.2145767212,54598,54608,10
12.9997301102,80.2141723633,54608,54618,10
13.0002202988,80.2137374878,54618,54628,10
13.0008401871,80.213180542,54628,54638,10
13.0012702942,80.2128067017,54638,54648,10
13.001830101,80.2124023438,54648,54658,10
13.0023698807,80.2121124268,54658,54668,10
13.0030498505,80.2120285034,54668,54678,10
13.0035200119,80.2119598389,54678,54689,11
13.0036201477,80.2118606567,54689,54699,10
13.0036401749,80.2114334106,54699,54709,10
13.0036096573,80.2108917236,54709,54719,10
13.0035495758,80.2103424072,54719,54729,10
13.003490448,80.209777832,54729,54739,10
13.003569603,80.2091674805,54739,54749,10
13.0038604736,80.2086181641,54749,54759,10
13.0045604706,80.2088775635,54759,54769,10
13.0053300858,80.2092132568,54769,54779,10
13.0060396194,80.2094726563,54779,54789,10
13.0065202713,80.2096405029,54789,54799,10
13.0071697235,80.209777832,54799,54830,31
13.0071697235,80.209777832,54830,54840,10
13.0073404312,80.2098236084,54840,54850,10
13.0076999664,80.2099075317,54850,54860,10
13.0081195831,80.2099609375,54860,54870,10
13.0080900192,80.2095108032,54870,54880,10
13.0079603195,80.2088317871,54880,54890,10
13.0078296661,80.2080383301,54890,54900,10
13.0076904297,80.2071914673,54900,54910,10
13.0075702667,80.2063674927,54910,54920,10
13.0074996948,80.2055130005,54920,54930,10
13.0074996948,80.2046966553,54930,54941,11
13.0074501038,80.2038269043,54941,54951,10
13.0072803497,80.2029266357,54951,54961,10
13.0066604614,80.20262146,54961,54971,10
13.0066604614,80.2032470703,54971,54981,10
13.0072898865,80.2035827637,54981,54991,10
13.0081195831,80.2036895752,54991,55001,10
13.0091695786,80.2036514282,55001,55011,10
13.010430336,80.20362854,55011,55021,10
13.0117902756,80.2037582397,55021,55031,10
13.012960434,80.2039794922,55031,55041,10
13.0136003494,80.2042388916,55041,55052,11
13.0136299133,80.2045135498,55052,55062,10
13.0135803223,80.2046585083,55062,55072,10
13.0134801865,80.2049407959,55072,55082,10
13.0132598877,80.2054824829,55082,55092,10
13.0130701065,80.2061691284,55092,55102,10
13.0129899979,80.2069320679,55102,55112,10
13.0129404068,80.2074966431,55112,55122,10
13.0128803253,80.2078704834,55122,55132,10
13.0129098892,80.2083969116,55132,55142,10
13.0129299164,80.208770752,55142,55152,10
13.0130596161,80.2092819214,55152,55162,10
13.0132398605,80.2098083496,55162,55173,11
13.0131101608,80.2105712891,55173,55183,10
13.0128097534,80.2113494873,55183,55193,10
13.0124702454,80.2119979858,55193,55203,10
13.0120401382,80.2126312256,55203,55213,10
13.0118198395,80.2128067017,55213,55223,10
13.0115003586,80.212600708,55223,55233,10
13.010890007,80.2121582031,55233,55243,10
13.0102596283,80.2116622925,55243,55253,10
13.0098800659,80.2114028931,55253,55515,262
13.0095996857,80.2111663818,55515,55596,81
13.0093202591,80.2109298706,55596,55878,282
13.0093202591,80.2109298706,55878,55888,10
13.009180069,80.2109909058,55888,55899,11
13.0090103149,80.2112808228,55899,55909,10
13.0089998245,80.2116622925,55909,55919,10
13.0091896057,80.2122268677,55919,55929,10
13.0094499588,80.2129821777,55929,55939,10
13.0097103119,80.2136688232,55939,55949,10
13.0099802017,80.2143325806,55949,55959,10
13.0101299286,80.2150802612,55959,55969,10
13.0103397369,80.2159500122,55969,55979,10
13.0107698441,80.2168579102,55979,55989,10
13.0112400055,80.2177810669,55989,55999,10
13.0115804672,80.2187271118,55999,56009,10
13.0118598938,80.2197418213,56009,56019,10
13.012169838,80.2207489014,56019,56030,11
13.0123195648,80.2213897705,56030,56040,10
13.0123901367,80.2216110229,56040,56050,10
13.0128202438,80.2221603394,56050,56060,10
13.0133399963,80.2227020264,56060,56070,10
13.0137901306,80.2232437134,56070,56080,10
13.0142002106,80.2237319946,56080,56090,10
13.0147399902,80.2244033813,56090,56100,10
13.0150003433,80.2246322632,56100,56110,10
13.0153102875,80.2250137329,56110,56120,10
13.0153999329,80.2256317139,56120,56130,10
13.0150203705,80.2259292603,56130,56141,11
13.0142803192,80.2262191772,56141,56151,10
13.0136003494,80.2264785767,56151,56161,10
13.0134096146,80.2265625,56161,56171,10
13.0129404068,80.2267913818,56171,56181,10
13.0122098923,80.2270736694,56181,56191,10
13.0113697052,80.2273788452,56191,56201,10
13.010430336,80.2277526855,56201,56211,10
13.00963974,80.2279129028,56211,56221,10
13.0095901489,80.227432251,56221,56231,10
13.0099000931,80.2267532349,56231,56241,10
13.0102596283,80.2258529663,56241,56251,10
13.0106601715,80.224937439,56251,56262,11
13.0111198425,80.224029541,56262,56272,10
13.0113296509,80.2234420776,56272,56282,10
13.0111303329,80.2230987549,56282,56292,10
13.0105304718,80.2227935791,56292,56302,10
13.0103302002,80.2227096558,56302,56312,10
13.0100402832,80.2225418091,56312,56322,10
13.0094499588,80.2222137451,56322,56332,10
13.008769989,80.2218399048,56332,56342,10
13.0080003738,80.2214431763,56342,56352,10
13.0071897507,80.220993042,56352,56362,10
13.0063695908,80.2206192017,56362,56372,10
13.0054597855,80.220413208,56372,56383,11
13.0045204163,80.2202224731,56383,56393,10
13.003660202,80.2200164795,56393,56403,10
13.0027999878,80.2197570801,56403,56413,10
13.0020503998,80.2191009521,56413,56423,10
13.0013799667,80.2184906006,56423,56433,10
13.0007400513,80.2180633545,56433,56443,10
13.0000495911,80.217628479,56443,56453,10
12.9992599487,80.2171707153,56453,56463,10
12.9984798431,80.2167663574,56463,56473,10
12.997590065,80.2165527344,56473,56483,10
12.997420311,80.2165374756,56483,56493,10
12.9969396591,80.216583252,56493,56504,11
12.9961004257,80.2166824341,56504,56514,10
12.9956798553,80.2168197632,56514,56524,10
12.9954099655,80.2169418335,56524,56534,10
12.9951200485,80.2170715332,56534,56544,10
12.9948797226,80.2172393799,56544,56554,10
12.9943799973,80.2175827026,56554,56564,10
12.993929863,80.217918396,56564,56574,10
12.9933204651,80.2183303833,56574,56584,10
12.9926795959,80.218788147,56584,56594,10
12.9918804169,80.2193984985,56594,56604,10
12.9912595749,80.2198867798,56604,56614,10
12.9909000397,80.2201385498,56614,56625,11
12.9907503128,80.2202606201,56625,56635,10
12.9906797409,80.2203216553,56635,56645,10
12.9904203415,80.2205200195,56645,56655,10
12.9901895523,80.2207107544,56655,56665,10
12.9897003174,80.2212219238,56665,56675,10
12.9891796112,80.2218399048,56675,56685,10
12.9885597229,80.2225418091,56685,56695,10
12.9878501892,80.2230834961,56695,56705,10
12.9876098633,80.2231292725,56705,56715,10
12.9874696732,80.2231216431,56715,56724,9
12.9871301651,80.2230987549,56724,56736,12
12.9865999222,80.2230072021,56736,56746,10
12.9859199524,80.2230377197,56746,56756,10
12.9853801727,80.2233276367,56756,56766,10
12.9847297668,80.2230911255,56766,56776,10
12.98416996,80.2227172852,56776,56786,10
12.9836301804,80.2224197388,56786,56796,10
12.9832000732,80.2221298218,56796,56816,20
12.9832000732,80.2221298218,56816,56826,10
12.9829597473,80.2219772339,56826,56836,10
12.9828300476,80.2219085693,56836,56846,10
12.9824304581,80.221786499,56846,56857,11
12.9818601608,80.221496582,56857,56867,10
12.9813699722,80.2212219238,56867,56877,10
12.9805402756,80.2210769653,56877,56887,10
12.9796800613,80.2211380005,56887,56897,10
12.9788198471,80.2211914063,56897,56907,10
12.9781799316,80.2212219238,56907,56917,10
12.9775104523,80.2212677002,56917,56927,10
12.9766798019,80.221282959,56927,56937,10
12.9762201309,80.2216033936,56937,56967,30
12.9762201309,80.2216033936,56967,56978,11
12.9763298035,80.2219619751,56978,56988,10
12.9766998291,80.2225265503,56988,56998,10
12.9771299362,80.2231826782,56998,57008,10
12.9776296616,80.2239379883,57008,57018,10
12.9781303406,80.2247085571,57018,57028,10
12.9785499573,80.2253723145,57028,57038,10
12.9785804749,80.2254180908,57038,57048,10
12.9786396027,80.2255325317,57048,57058,10
12.9788103104,80.2258300781,57058,57068,10
12.9791297913,80.226348877,57068,57078,10
12.9794797897,80.2269210815,57078,57087,9
12.9798297882,80.2274932861,57087,57099,12
12.980340004,80.2283630371,57099,57109,10
12.9808101654,80.2291030884,57109,57119,10
12.9811601639,80.2297592163,57119,57129,10
12.9816102982,80.2304229736,57129,57139,10
12.9816703796,80.2305221558,57139,57149,10
12.9818096161,80.2308807373,57149,57159,10
12.9819097519,80.2314224243,57159,57169,10
12.9819402695,80.2322998047,57169,57179,10
12.9815502167,80.2335968018,57179,57199,20
12.9815502167,80.2335968018,57199,57209,10
12.9815502167,80.2336425781,57209,57220,11
12.9813203812,80.2340698242,57220,57230,10
12.9812002182,80.2348175049,57230,57240,10
12.9812097549,80.2356109619,57240,57250,10
12.9812297821,80.2362594604,57250,57260,10
12.9812498093,80.2366409302,57260,57270,10
12.9812698364,80.2373580933,57270,57280,10
12.9812698364,80.2380905151,57280,57290,10
12.9813203812,80.2386932373,57290,57300,10
12.981300354,80.238822937,57300,57310,10
12.981300354,80.2392807007,57310,57320,10
12.981300354,80.2397003174,57320,57330,10
12.9813203812,80.2403411865,57330,57341,11
12.9813299179,80.2410736084,57341,57351,10
12.9813404083,80.2419204712,57351,57361,10
12.9813804626,80.2426223755,57361,57371,10
12.9813699722,80.2428436279,57371,57381,10
12.9813604355,80.2429885864,57381,57391,10
12.9813604355,80.2433929443,57391,57401,10
12.9812803268,80.2439880371,57401,57411,10
12.9811697006,80.2448501587,57411,57421,10
12.9810400009,80.2459182739,57421,57431,10
12.9809103012,80.2470932007,57431,57441,10
12.9808197021,80.248298645,57441,57451,10
12.9807195663,80.2494888306,57451,57462,11
12.9804697037,80.2506637573,57462,57472,10
12.9801902771,80.2517166138,57472,57482,10
12.9799804688,80.2523193359,57482,57492,10
12.9798603058,80.2527084351,57492,57502,10
12.9794797897,80.2527770996,57502,57512,10
12.9788103104,80.2526931763,57512,57522,10
12.9786195755,80.2526321411,57522,57532,10
12.9784603119,80.252532959,57532,57542,10
12.9779701233,80.2521286011,57542,57552,10
12.9772701263,80.2515563965,57552,57561,9
12.9763803482,80.2512207031,57561,57572,11
12.9751396179,80.2508621216,57572,57583,11
12.9739198685,80.2505187988,57583,57593,10
12.9728603363,80.2502670288,57593,57603,10
12.9725399017,80.2501907349,57603,57613,10
12.9721298218,80.2500686646,57613,57623,10
12.9713697433,80.2498703003,57623,57633,10
12.9704198837,80.2495880127,57633,57643,10
12.9693698883,80.2491836548,57643,57653,10
12.968290329,80.2487182617,57653,57663,10
12.9672803879,80.248298645,57663,57673,10
12.966340065,80.2478485107,57673,57683,10
12.9654397964,80.2474975586,57683,57692,9
12.9651098251,80.2473983765,57692,57704,12
12.9649200439,80.2473297119,57704,57714,10
12.96434021,80.2471084595,57714,57724,10
12.9636297226,80.2468490601,57724,57754,30
12.9636297226,80.2468490601,57754,57764,10
12.9632997513,80.2466812134,57764,57774,10
12.9628295898,80.2463912964,57774,57784,10
12.9620895386,80.2460327148,57784,57794,10
12.961139679,80.2455596924,57794,57804,10
12.9600801468,80.2451095581,57804,57815,11
12.9593896866,80.2448272705,57815,57825,10
12.9593296051,80.2448196411,57825,57835,10
12.9589195251,80.2446212769,57835,57845,10
12.9582195282,80.2443313599,57845,57855,10
12.9575996399,80.2440872192,57855,57865,10
12.9563999176,80.2437362671,57865,57895,30
12.9563999176,80.2437362671,57895,57905,10
12.956199646,80.2436904907,57905,57915,10
12.955789566,80.2434310913,57915,57925,10
12.9551296234,80.243057251,57925,57936,11
12.9543199539,80.242729187,57936,57946,10
12.9537496567,80.242477417,57946,57956,10
12.9529600143,80.2421569824,57956,57966,10
12.9520797729,80.2418365479,57966,57976,10
12.9516201019,80.2416763306,57976,57986,10
12.9513597488,80.2415771484,57986,57996,10
12.9506998062,80.2413482666,57996,58006,10
12.9498996735,80.2410964966,58006,58016,10
12.9494304657,80.2409591675,58016,58026,10
12.9490804672,80.2408599854,58026,58036,10
12.9486103058,80.2406463623,58036,58045,9
12.9478998184,80.2403488159,58045,58057,12
12.9471502304,80.2400588989,58057,58067,10
12.9471197128,80.2400512695,58067,58077,10
12.9467697144,80.239906311,58077,58087,10
12.9461297989,80.2396392822,58087,58097,10
12.9453201294,80.2392272949,58097,58107,10
12.9445495605,80.2384796143,58107,58117,10
12.9437799454,80.2376403809,58117,58127,10
12.9429702759,80.2368469238,58127,58137,10
12.9418697357,80.236366272,58137,58147,10
12.9407300949,80.2360992432,58147,58157,10
12.939740181,80.2358016968,58157,58167,10
12.939620018,80.2357635498,58167,58178,11
12.9392900467,80.2355880737,58178,58188,10
12.9386301041,80.2352523804,58188,58198,10
12.9377698898,80.2348175049,58198,58208,10
12.9368200302,80.2343597412,58208,58218,10
12.9359502792,80.2339401245,58218,58228,10
12.9350996017,80.2335510254,58228,58238,10
12.9338703156,80.2330093384,58238,58268,30
12.9338703156,80.2330093384,58268,58278,10
12.9336204529,80.2328872681,58278,58288,10
12.9330101013,80.2326126099,58288,58299,11
12.9320602417,80.2322616577,58299,58309,10
12.9309797287,80.2319107056,58309,58319,10
12.929889679,80.2315979004,58319,58329,10
12.9287996292,80.2313690186,58329,58339,10
12.9277000427,80.2312011719,58339,58349,10
12.926609993,80.2310791016,58349,58359,10
12.9260597229,80.2310409546,58359,58369,10
12.9259195328,80.231010437,58369,58379,10
12.9253902435,80.2309417725,58379,58389,10
12.9246101379,80.2308273315,58389,58399,10
12.9236297607,80.23072052,58399,58409,10
12.9225101471,80.2305603027,58409,58420,11
12.9211997986,80.2303695679,58420,58430,10
12.9200201035,80.2302322388,58430,58440,10
12.9191598892,80.2301330566,58440,58450,10
12.9190397263,80.2301177979,58450,58460,10
12.9185199738,80.2300415039,58460,58470,10
12.9177103043,80.229927063,58470,58480,10
12.9166698456,80.2297821045,58480,58490,10
12.9155397415,80.2296218872,58490,58500,10
12.9144496918,80.2294616699,58500,58510,10
12.9133796692,80.229347229,58510,58529,19
12.9133796692,80.229347229,58529,58541,12
12.9129400253,80.2292709351,58541,58551,10
12.9122200012,80.2291564941,58551,58561,10
12.9112501144,80.2290267944,58561,58571,10
12.9101200104,80.2288589478,58571,58581,10
12.908949852,80.2286682129,58581,58591,10
12.907910347,80.2285003662,58591,58601,10
12.9072999954,80.2284164429,58601,58611,10
12.9072904587,80.2284164429,58611,58621,10
12.9070596695,80.2283782959,58621,58631,10
12.9066801071,80.2283325195,58631,58641,10
12.9062299728,80.228302002,58641,58650,9
12.9061698914,80.2282867432,58650,58662,12
12.9055700302,80.2282562256,58662,58672,10
12.9047403336,80.2282028198,58672,58682,10
12.9037504196,80.2281417847,58682,58692,10
12.9027204514,80.2280883789,58692,58702,10
12.9018297195,80.2280502319,58702,58712,10
12.9013700485,80.2280426025,58712,58793,81
12.9013700485,80.2280426025,58793,58803,10
12.9011602402,80.2279815674,58803,58813,10
12.9009504318,80.2279663086,58813,58823,10
12.9005298615,80.2279205322,58823,58833,10
12.8994998932,80.227897644,58833,58853,20
12.8994998932,80.227897644,58853,58863,10
12.8992004395,80.2278823853,58863,58873,10
12.8985500336,80.2278366089,58873,58883,10
12.8976898193,80.2277908325,58883,58894,11
12.8965301514,80.2277297974,58894,58904,10
12.8953895569,80.2276763916,58904,58914,10
12.8942499161,80.2276306152,58914,58924,10
12.8931598663,80.2275238037,58924,58934,10
12.8929796219,80.2275009155,58934,58944,10
12.8925504684,80.2274475098,58944,58954,10
12.8922796249,80.2274169922,58954,58964,10
12.8916902542,80.2274093628,58964,58974,10
12.8908100128,80.2274017334,58974,58984,10
12.8896903992,80.2274017334,58984,58994,10
12.8887300491,80.2274017334,58994,59003,9
12.8883800507,80.2273864746,59003,59015,12
12.8883104324,80.2273864746,59015,59025,10
12.8878002167,80.2273406982,59025,59035,10
12.8870096207,80.2272109985,59035,59045,10
12.88601017,80.2269668579,59045,59055,10
12.8849697113,80.2267684937,59055,59065,10
12.8847799301,80.2267684937,59065,59075,10
12.8846998215,80.2267684937,59075,59085,10
12.88422966,80.2267684937,59085,59095,10
12.8834400177,80.2267608643,59095,59105,10
12.8824300766,80.2267684937,59105,59115,10
12.8812904358,80.2267837524,59115,59125,10
12.880109787,80.2267913818,59125,59136,11
12.8787603378,80.2268218994,59136,59146,10
12.8775100708,80.2268981934,59146,59156,10
12.8765697479,80.2269592285,59156,59186,30
12.8765697479,80.2269592285,59186,59196,10
12.8764295578,80.2268218994,59196,59206,10
12.8764295578,80.2265167236,59206,59216,10
12.876449585,80.2264022827,59216,59226,10
12.8765096664,80.2258300781,59226,59236,10
12.8766002655,80.2249832153,59236,59246,10
12.8767499924,80.2239532471,59246,59257,11
12.8770303726,80.2226867676,59257,59267,10
12.8773097992,80.2214889526,59267,59277,10
12.8775901794,80.2202529907,59277,59287,10
12.8778800964,80.21900177,59287,59297,10
12.8781499863,80.2177276611,59297,59307,10
12.8784103394,80.2164535522,59307,59317,10
12.8786802292,80.2151870728,59317,59327,10
12.8789300919,80.2139129639,59327,59337,10
12.8791704178,80.2126235962,59337,59347,10
12.8794002533,80.2114105225,59347,59357,10
12.8791399002,80.2109375,59357,59367,10
12.8789997101,80.2109375,59367,59378,11
12.8789196014,80.2109375,59378,59388,10
12.8785800934,80.2108764648,59388,59398,10
12.8779296875,80.2107620239,59398,59408,10
12.8772296906,80.2106399536,59408,59418,10
12.8766298294,80.2105102539,59418,59428,10
12.8759698868,80.2103881836,59428,59438,10
12.8752098083,80.2102584839,59438,59448,10
12.874540329,80.2101364136,59448,59468,20
12.874540329,80.2101364136,59468,59478,10
12.8743801117,80.2100524902,59478,59489,11
12.874420166,80.2096786499,59489,59499,10
12.8747196198,80.209602356,59499,59509,10
12.8746500015,80.2098007202,59509,59880,371
12.8746500015,80.2098007202,59880,59890,10
12.874710083,80.2100219727,59890,59900,10
12.8747501373,80.2101821899,59900,59910,10
12.8750095367,80.2102127075,59910,59920,10
12.8753499985,80.2102890015,59920,59930,10
12.8757801056,80.2103729248,59930,59940,10
12.876250267,80.2104568481,59940,59950,10
12.8767404556,80.2105484009,59950,59959,9
12.8792495728,80.2110671997,59959,60026,67
12.8792495728,80.2110671997,60026,60055,29
12.8793296814,80.2121734619,60055,60066,11
12.8791704178,80.2129974365,60066,60076,10
12.8789997101,80.2138366699,60076,60086,10
12.8788299561,80.2147216797,60086,60097,11
12.8786201477,80.215713501,60097,60107,10
12.8784198761,80.2166366577,60107,60117,10
12.8782396317,80.2175521851,60117,60127,10
12.8780498505,80.2184829712,60127,60137,10
12.8778295517,80.2194290161,60137,60147,10
12.8775997162,80.220413208,60147,60157,10
12.8774003983,80.2213363647,60157,60167,10
12.8771896362,80.2222290039,60167,60177,10
12.8769798279,80.2231369019,60177,60187,10
12.8767900467,80.224029541,60187,60197,10
12.8766498566,80.224937439,60197,60207,10
12.8765697479,80.2257995605,60207,60218,11
12.8764600754,80.2267074585,60218,60268,50
12.8764600754,80.2267074585,60268,60278,10
12.8766403198,80.2269210815,60278,60288,10
12.8770704269,80.2268676758,60288,60298,10
12.8777999878,80.2268066406,60298,60308,10
12.8786802292,80.2267379761,60308,60318,10
12.8796396255,80.2266921997,60318,60328,10
12.8806600571,80.2266616821,60328,60339,11
12.8818597794,80.2266464233,60339,60349,10
12.8829402924,80.2266464233,60349,60359,10
12.8840398788,80.2266387939,60359,60369,10
12.8849000931,80.2266311646,60369,60379,10
12.8851995468,80.2266464233,60379,60389,10
12.8853998184,80.2266921997,60389,60399,10
12.8859901428,80.2268371582,60399,60409,10
12.8868398666,80.2270736694,60409,60419,10
12.8877801895,80.2272415161,60419,60429,10
12.888589859,80.2273025513,60429,60439,10
12.8886804581,80.2273101807,60439,60449,10
12.8890800476,80.2273101807,60449,60460,11
12.8898801804,80.2273101807,60460,60470,10
12.8908395767,80.2273101807,60470,60480,10
12.8918600082,80.2273101807,60480,60490,10
12.8928003311,80.2273712158,60490,60500,10
12.8936796188,80.2274932861,60500,60510,10
12.8941602707,80.2275390625,60510,60520,10
12.8944301605,80.2275466919,60520,60530,10
12.8950500488,80.2276000977,60530,60540,10
12.8957004547,80.2276229858,60540,60550,10
12.8966302872,80.2276687622,60550,60559,9
12.8976297379,80.227722168,60559,60570,11
12.8988399506,80.2277908325,60570,60581,11
12.9002399445,80.2278594971,60581,60621,40
12.9002399445,80.2278594971,60621,60631,10
12.9004297256,80.2279281616,60631,60641,10
12.9006204605,80.2279205322,60641,60651,10
12.9007101059,80.2279205322,60651,60661,10
12.9007501602,80.2278823853,60661,60671,10
12.9011602402,80.2279510498,60671,60681,10
12.90184021,80.2279815674,60681,60690,9
12.9025201797,80.228012085,60690,60702,12
12.9028301239,80.2280197144,60702,60712,10
12.902970314,80.2279891968,60712,60722,10
12.9034900665,80.2280197144,60722,60732,10
12.9039497375,80.2281036377,60732,60742,10
12.9047002792,80.2281417847,60742,60752,10
12.9054698944,80.2281188965,60752,60782,30
12.9054698944,80.2281188965,60782,60792,10
12.9058504105,80.2281417847,60792,60801,9
12.9061498642,80.2281723022,60801,60812,11
12.9065504074,80.228187561,60812,60823,11
12.906829834,80.2282333374,60823,60833,10
12.9069795609,80.2282867432,60833,60843,10
12.9073295593,80.2283401489,60843,60853,10
12.9079399109,80.2284622192,60853,60863,10
12.9087200165,80.2285995483,60863,60873,10
12.9096899033,80.2287521362,60873,60883,10
12.9107198715,80.2289123535,60883,60893,10
12.9118204117,80.2290496826,60893,60903,10
12.9128904343,80.2292175293,60903,60913,10
12.9136896133,80.2292785645,60913,60934,21
12.9136896133,80.2292785645,60934,60944,10
12.9139003754,80.229347229,60944,60954,10
12.914440155,80.2294235229,60954,60964,10
12.9152402878,80.2295227051,60964,60974,10
12.9162302017,80.2296676636,60974,60984,10
12.9173402786,80.2298202515,60984,60994,10
12.9184598923,80.2299880981,60994,61004,10
12.919380188,80.2300796509,61004,61014,10
12.9195098877,80.2300872803,61014,61024,10
12.9198598862,80.2301330566,61024,61034,10
12.9205503464,80.2302322388,61034,61043,9
12.9213695526,80.2303314209,61043,61055,12
12.9226198196,80.2305221558,61055,61065,10
12.9237604141,80.230682373,61065,61075,10
12.9248695374,80.2308197021,61075,61085,10
12.9257497787,80.2309188843,61085,61095,10
12.9264297485,80.2309875488,61095,61105,10
12.9265203476,80.2309875488,61105,61115,10
12.9269895554,80.231048584,61115,61125,10
12.927740097,80.2311401367,61125,61135,10
12.9286804199,80.2312774658,61135,61145,10
12.9296703339,80.2314834595,61145,61155,10
12.9307498932,80.2317733765,61155,61165,10
12.9318399429,80.2321166992,61165,61176,11
12.9329996109,80.2325134277,61176,61186,10
12.933719635,80.2328262329,61186,61196,10
12.9337797165,80.2328567505,61196,61206,10
12.9339103699,80.2329025269,61206,61216,10
12.9344596863,80.2331619263,61216,61226,10
12.9352197647,80.2335205078,61226,61236,10
12.9357500076,80.2338027954,61236,61246,10
12.935959816,80.2339019775,61246,61256,10
12.9364995956,80.234161377,61256,61266,10
12.9372701645,80.2345199585,61266,61276,10
12.9382095337,80.2349395752,61276,61286,10
12.9392299652,80.2354431152,61286,61297,11
12.9396600723,80.2356491089,61297,61307,10
12.9397201538,80.2357025146,61307,61317,10
12.9399404526,80.2357635498,61317,61327,10
12.9403295517,80.2359085083,61327,61337,10
12.9410104752,80.2360992432,61337,61347,10
12.9418497086,80.236328125,61347,61357,10
12.9427995682,80.2366485596,61357,61367,10
12.9435997009,80.2372512817,61367,61377,10
12.9436903,80.2373580933,61377,61387,10
12.9439401627,80.2376480103,61387,61397,10
12.9444198608,80.2381896973,61397,61407,10
12.9450702667,80.238899231,61407,61418,11
12.9460496902,80.2395324707,61418,61428,10
12.9473104477,80.2400436401,61428,61448,20
12.9473104477,80.2400436401,61448,61458,10
12.9475898743,80.2401733398,61458,61468,10
12.9483604431,80.2404632568,61468,61488,20
12.9483604431,80.2404632568,61488,61498,10
12.9485702515,80.2405395508,61498,61508,10
12.9490804672,80.2407531738,61508,61518,10
12.9496898651,80.2409667969,61518,61528,10
12.9503297806,80.2411727905,61528,61539,11
12.9510097504,80.2413864136,61539,61549,10
12.951210022,80.2414398193,61549,61559,10
12.9514598846,80.2415390015,61559,61569,10
12.9520196915,80.2417602539,61569,61579,10
12.9527301788,80.2420120239,61579,61589,10
12.9535799026,80.2423171997,61589,61599,10
12.9542798996,80.2426223755,61599,61609,10
12.9549102783,80.2428588867,61609,61619,10
12.9555196762,80.2431030273,61619,61629,10
12.956199646,80.2432937622,61629,61639,10
12.9563398361,80.2433395386,61639,61650,11
12.9565296173,80.2433929443,61650,61660,10
12.9570398331,80.2436599731,61660,61670,10
12.9577798843,80.2440109253,61670,61680,10
12.958530426,80.2443237305,61680,61690,10
12.9586496353,80.2443695068,61690,61700,10
12.9587802887,80.2444534302,61700,61710,10
12.9592199326,80.2446517944,61710,61720,10
12.9599103928,80.2449798584,61720,61730,10
12.9607601166,80.2453613281,61730,61740,10
12.9617595673,80.24584198,61740,61750,10
12.9625301361,80.2462463379,61750,61760,10
12.9626598358,80.246307373,61760,61771,11
12.9629096985,80.2464370728,61771,61781,10
12.9633398056,80.2466430664,61781,61791,10
12.9638500214,80.2468795776,61791,61801,10
12.9645500183,80.2471389771,61801,61811,10
12.9653396606,80.2473983765,61811,61821,10
12.9665298462,80.2478485107,61821,61841,20
12.9665298462,80.2478485107,61841,61851,10
12.9667196274,80.2479705811,61851,61861,10
12.9671096802,80.2481536865,61861,61871,10
12.9677801132,80.2484512329,61871,61880,9
12.9685497284,80.2487716675,61880,61892,12
12.96971035,80.2492523193,61892,61902,10
12.9707603455,80.2496490479,61902,61912,10
12.9718799591,80.2499389648,61912,61922,10
12.9729795456,80.2502212524,61922,61932,10
12.9739904404,80.2504577637,61932,61942,10
12.9744100571,80.250541687,61942,61952,10
12.9744596481,80.2505493164,61952,61962,10
12.9748497009,80.2506790161,61962,61972,10
12.9755001068,80.2508773804,61972,61982,10
12.9763803482,80.2511367798,61982,61992,10
12.9773197174,80.2515029907,61992,62002,10
12.9780702591,80.2520828247,62002,62013,11
12.9790000916,80.2525634766,62013,62023,10
12.9796304703,80.252571106,62023,62033,10
12.9799203873,80.2524108887,62033,62043,10
12.979929924,80.2523422241,62043,62053,10
12.9799499512,80.2522277832,62053,62063,10
12.9799699783,80.2520370483,62063,62073,10
12.9800796509,80.2517471313,62073,62083,10
12.980219841,80.2512664795,62083,62093,10
12.9804496765,80.2505187988,62093,62103,10
12.9806604385,80.2495803833,62103,62113,10
12.9807701111,80.2485580444,62113,62123,10
12.9808397293,80.2475967407,62123,62134,11
12.9809398651,80.24659729,62134,62144,10
12.9810400009,80.2456512451,62144,62154,10
12.9811496735,80.2446975708,62154,62164,10
12.9812002182,80.2440338135,62164,62174,10
12.9812002182,80.243888855,62174,62184,10
12.9812498093,80.2437286377,62184,62194,10
12.9813604355,80.2434463501,62194,62204,10
12.9813499451,80.2430419922,62204,62214,10
12.9813604355,80.2429962158,62214,62224,10
12.9813804626,80.2428436279,62224,62234,10
12.9813899994,80.2426834106,62234,62243,9
12.9813899994,80.2424697876,62243,62255,12
12.9813699722,80.2419281006,62255,62265,10
12.9813804626,80.2412109375,62265,62275,10
12.9813699722,80.2404327393,62275,62285,10
12.9813604355,80.2398376465,62285,62295,10
12.9813499451,80.239616394,62295,62305,10
12.9813299179,80.2390823364,62305,62315,10
12.981300354,80.2379608154,62315,62335,20
12.981300354,80.2379608154,62335,62345,10
12.981300354,80.237701416,62345,62355,10
12.9812803268,80.237121582,62355,62366,11
12.9812602997,80.2361984253,62366,62376,10
12.9812202454,80.2352600098,62376,62386,10
12.9812602997,80.2342834473,62386,62396,10
12.981590271,80.2334823608,62396,62406,10
12.9816703796,80.233291626,62406,62416,10
12.9817800522,80.2330703735,62416,62426,10
12.9819602966,80.2325820923,62426,62436,10
12.982000351,80.2322311401,62436,62446,10
12.9819698334,80.2317886353,62446,62456,10
12.9818696976,80.2311706543,62456,62466,10
12.9815797806,80.2305374146,62466,62476,10
12.9811496735,80.2298431396,62476,62487,11
12.9808597565,80.2293624878,62487,62497,10
12.9807195663,80.2291412354,62497,62507,10
12.9806995392,80.2291107178,62507,62517,10
12.9806003571,80.2289123535,62517,62527,10
12.9803600311,80.2285079956,62527,62537,10
12.9802398682,80.2282409668,62537,62547,10
12.9799404144,80.2277297974,62547,62557,10
12.9795398712,80.2270812988,62557,62567,10
12.9792404175,80.2265625,62567,62577,10
12.9788999557,80.2259902954,62577,62587,10
12.9785499573,80.2253875732,62587,62597,10
12.9783201218,80.2249984741,62597,62608,11
12.9781303406,80.2247009277,62608,62618,10
12.9779195786,80.2244567871,62618,62628,10
12.9778003693,80.2242889404,62628,62638,10
12.9776802063,80.2240905762,62638,62648,10
12.9774198532,80.2236175537,62648,62658,10
12.9770498276,80.2229995728,62658,62668,10
12.9771699905,80.2227172852,62668,62688,20
12.9771699905,80.2227172852,62688,62698,10
12.9774703979,80.2226028442,62698,62708,10
12.9774999619,80.2223205566,62708,62718,10
12.9774703979,80.2217788696,62718,62729,11
12.9774599075,80.2214508057,62729,62739,10
12.9776000977,80.2212677002,62739,62749,10
12.9779500961,80.221206665,62749,62759,10
12.9786300659,80.2211914063,62759,62769,10
12.9792699814,80.2211532593,62769,62779,10
12.9798002243,80.2211303711,62779,62789,10
12.9799995422,80.2211074829,62789,62799,10
12.9804601669,80.2210464478,62799,62809,10
12.9809103012,80.2210235596,62809,62819,10
12.9813804626,80.2211990356,62819,62829,10
12.9819402695,80.2215805054,62829,62838,9
12.9824199677,80.2217788696,62838,62850,12
12.9828796387,80.2219390869,62850,62860,10
12.9828996658,80.2219467163,62860,62870,10
12.9831104279,80.2220611572,62870,62880,10
12.9833602905,80.2222366333,62880,62890,10
12.9837398529,80.2224884033,62890,62900,10
12.9841003418,80.2226867676,62900,62910,10
12.9844703674,80.2229232788,62910,62920,10
12.9849500656,80.2232131958,62920,62930,10
12.9853000641,80.2232971191,62930,62940,10
12.9856100082,80.2230987549,62940,62950,10
12.9861001968,80.2229766846,62950,62960,10
12.9863996506,80.2229766846,62960,62971,11
12.9865598679,80.2230072021,62971,62981,10
12.9868803024,80.2229995728,62981,62991,10
12.9874000549,80.2230834961,62991,63001,10
12.9880104065,80.22290802,63001,63011,10
12.9886198044,80.2223968506,63011,63021,10
12.989159584,80.221786499,63021,63031,10
12.9895296097,80.2212905884,63031,63041,10
12.989979744,80.220703125,63041,63051,10
12.9903497696,80.220413208,63051,63061,10
12.990480423,80.2203369141,63061,63071,10
12.9908704758,80.2200775146,63071,63081,10
12.9914197922,80.2196731567,63081,63092,11
12.9920597076,80.2191696167,63092,63102,10
12.9927101135,80.2186965942,63102,63112,10
12.9933395386,80.2182617188,63112,63122,10
12.9938697815,80.2179107666,63122,63132,10
12.9942998886,80.2175598145,63132,63142,10
12.9946699142,80.2172927856,63142,63152,10
12.9950304031,80.217048645,63152,63162,10
12.9955301285,80.2167663574,63162,63172,10
12.9962100983,80.2165985107,63172,63182,10
12.996919632,80.2165222168,63182,63191,9
12.9972200394,80.2164382935,63191,63203,12
12.9973497391,80.2163009644,63203,63213,10
12.9974803925,80.216217041,63213,63223,10
12.997759819,80.2159881592,63223,63233,10
12.9982299805,80.2155227661,63233,63243,10
12.9987897873,80.2149810791,63243,63253,10
12.9991197586,80.2147369385,63253,63263,10
12.9994802475,80.2144317627,63263,63273,10
13.0,80.2140274048,63273,63283,10
13.0005702972,80.2135162354,63283,63293,10
13.0011396408,80.2130432129,63293,63303,10
13.001449585,80.2127914429,63303,63312,9
13.0019197464,80.2124710083,63312,63324,12
13.002579689,80.2121276855,63324,63334,10
13.0030698776,80.2120819092,63334,63344,10
13.003490448,80.2120437622,63344,63354,10
13.0034999847,80.2120437622,63354,63364,10
13.003660202,80.2119293213,63364,63374,10
13.0036897659,80.2116775513,63374,63384,10
13.0036802292,80.2111129761,63384,63394,10
13.0036096573,80.2104263306,63394,63404,10
13.0035295486,80.2098083496,63404,63414,10
13.0036096573,80.2091522217,63414,63424,10
13.0038604736,80.2086486816,63424,63433,9
13.0043497086,80.2087936401,63433,63445,12
13.0051002502,80.2091369629,63445,63455,10
13.0057296753,80.2093963623,63455,63465,10
13.0061397552,80.2095413208,63465,63475,10
13.0064697266,80.2096633911,63475,63485,10
13.0068597794,80.2097473145,63485,63495,10
13.0072202682,80.2098007202,63495,63505,10
13.0075902939,80.2098617554,63505,63525,20
13.0075902939,80.2098617554,63525,63535,10
13.0079202652,80.2099609375,63535,63545,10
13.0081701279,80.2099533081,63545,63555,10
13.0081195831,80.2095489502,63555,63566,11
13.0080003738,80.2088928223,63566,63576,10
13.0078897476,80.2080535889,63576,63586,10
13.0077400208,80.2070922852,63586,63596,10
13.0075902939,80.2060699463,63596,63606,10
13.0075302124,80.2050628662,63606,63616,10
13.007519722,80.2041625977,63616,63626,10
13.007399559,80.2032928467,63626,63636,10
13.0069599152,80.2025375366,63636,63646,10
13.0065498352,80.2030334473,63646,63656,10
13.006939888,80.2034225464,63656,63666,10
13.0076398849,80.203666687,63666,63676,10
13.0085096359,80.2036895752,63676,63687,11
13.0096998215,80.20362854,63687,63697,10
13.0109100342,80.2036590576,63697,63707,10
13.0121202469,80.2038192749,63707,63717,10
13.0130300522,80.2040100098,63717,63727,10
13.0135498047,80.2042236328,63727,63767,40
13.0135498047,80.2042236328,63767,63777,10
13.0136604309,80.2043685913,63777,63787,10
13.0136203766,80.2046966553,63787,63818,31
13.0136203766,80.2046966553,63818,63828,10
13.0136003494,80.2047576904,63828,63838,10
13.0134401321,80.2051925659,63838,63848,10
13.0132303238,80.2058181763,63848,63858,10
13.0130796432,80.206451416,63858,63868,10
13.0130195618,80.2070083618,63868,63878,10
13.0129699707,80.2074127197,63878,63888,10
13.0129499435,80.2077484131,63888,63898,10
13.0128898621,80.2082214355,63898,63908,10
13.0128803253,80.2086410522,63908,63919,11
13.0129804611,80.2092514038,63919,63929,10
13.0132303238,80.2097625732,63929,63939,10
13.0131797791,80.2104187012,63939,63949,10
13.012960434,80.2111282349,63949,63959,10
13.0125904083,80.2117767334,63959,63969,10
13.0122003555,80.212387085,63969,63979,10
13.0119304657,80.2127609253,63979,63989,10
13.0117902756,80.2127609253,63989,63999,10
13.0114402771,80.2125167847,63999,64009,10
13.010890007,80.2121124268,64009,64019,10
13.0104398727,80.2117462158,64019,64029,10
13.010140419,80.2115020752,64029,64040,11
13.0097703934,80.2112426758,64040,64090,50
13.0094299316,80.2110824585,64090,64645,555
13.0094299316,80.2110824585,64645,64655,10
13.0091104507,80.2113723755,64655,64665,10
13.0090303421,80.2115020752,64665,64675,10
13.0090799332,80.2118301392,64675,64685,10
13.0092201233,80.212310791,64685,64695,10
13.0094203949,80.2128829956,64695,64705,10
13.00963974,80.2134628296,64705,64715,10
13.0098896027,80.2140579224,64715,64725,10
13.0101203918,80.2146987915,64725,64735,10
13.010219574,80.215423584,64735,64745,10
13.0104703903,80.216178894,64745,64755,10
13.0108098984,80.2169418335,64755,64766,11
13.0112304688,80.217880249,64766,64776,10
13.0115404129,80.21875,64776,64786,10
13.0118398666,80.2197036743,64786,64795,9
13.0121202469,80.220489502,64795,64806,11
13.0123100281,80.2210769653,64806,64816,10
13.012339592,80.2213668823,64816,64826,10
13.0124797821,80.2217102051,64826,64836,10
13.0128097534,80.2221679688,64836,64846,10
13.013250351,80.2226104736,64846,64856,10
13.0136995316,80.2230911255,64856,64866,10
13.0139799118,80.2234191895,64866,64877,11
13.0141897202,80.2236785889,64877,64887,10
13.0144796371,80.2240219116,64887,64897,10
13.0149698257,80.224609375,64897,64907,10
13.0154104233,80.2251815796,64907,64917,10
13.0153903961,80.2256393433,64917,64927,10
13.0149002075,80.2259597778,64927,64947,20
13.0149002075,80.2259597778,64947,64957,10
13.0145902634,80.2260818481,64957,64967,10
13.013999939,80.2263183594,64967,64977,10
13.0132799149,80.2266235352,64977,64987,10
13.0124597549,80.2269515991,64987,64998,11
13.0115098953,80.2273101807,64998,65008,10
13.0106096268,80.2276687622,65008,65018,10
13.0098600388,80.2279205322,65018,65028,10
13.0095396042,80.2275314331,65028,65038,10
13.0098104477,80.2269668579,65038,65048,10
13.0100603104,80.2263031006,65048,65058,10
13.0102701187,80.2258377075,65058,65068,10
13.0103902817,80.2256011963,65068,65078,10
13.0104398727,80.225479126,65078,65088,10
13.0105695724,80.225189209,65088,65098,10
13.0107498169,80.224822998,65098,65108,10
13.0109300613,80.224357605,65108,65119,11
13.0110397339,80.2240219116,65119,65129,10
13.0111198425,80.2237472534,65129,65139,10
13.0112695694,80.2234191895,65139,65149,10
13.01101017,80.2231369019,65149,65159,10
13.0103998184,80.2228164673,65159,65169,10
13.0102996826,80.2227401733,65169,65179,10
13.0100402832,80.2225494385,65179,65189,10
13.0095901489,80.2222976685,65189,65199,10
13.0089597702,80.2219619751,65199,65209,10
13.0082302094,80.2216110229,65209,65219,10
13.0073900223,80.2211227417,65219,65229,10
13.0065402985,80.220703125,65229,65240,11
13.0055503845,80.2204666138,65240,65250,10
13.004940033,80.2203369141,65250,65260,10
13.0047397614,80.2202911377,65260,65270,10
13.0046901703,80.2202835083,65270,65280,10
13.0044002533,80.2202224731,65280,65290,10
13.0038604736,80.2200775146,65290,65300,10
13.0032100677,80.2198867798,65300,65310,10
13.002820015,80.2197418213,65310,65320,10
13.0026397705,80.2196578979,65320,65330,10
13.0023899078,80.2194595337,65330,65361,31
13.0023899078,80.2194595337,65361,65371,10
13.0022201538,80.2193069458,65371,65401,30
13.0022201538,80.2193069458,65401,65411,10
13.0020599365,80.2191009521,65411,65441,30
13.0017795563,80.2188110352,65441,65522,81
13.0014696121,80.2185134888,65522,65582,60
13.0011301041,80.2183303833,65582,65633,51
13.0011301041,80.2183303833,65633,65643,10
13.0007295609,80.2180023193,65643,65663,20
13.0007295609,80.2180023193,65663,65673,10
13.0005702972,80.2179107666,65673,65683,10
13.0003700256,80.2177734375,65683,65693,10
13.0002202988,80.2176971436,65693,65703,10
13.000120163,80.2176437378,65703,65724,21
13.000120163,80.2176437378,65724,65734,10
12.9999198914,80.2175292969,65734,65784,50
12.9999198914,80.2175292969,65784,65794,10
12.99958992,80.217300415,65794,65804,10
12.9993696213,80.2171783447,65804,65814,10
12.999329567,80.2171630859,65814,65824,10
12.9991998672,80.2170791626,65824,65835,11
12.9989299774,80.2169723511,65835,65925,90
12.9989299774,80.2169723511,65925,65935,10
12.9987897873,80.2168579102,65935,65956,21
12.9987897873,80.2168579102,65956,65966,10
12.9984502792,80.2167282104,65966,66006,40
12.9980697632,80.216583252,66006,66056,50
12.9980697632,80.216583252,66056,66065,9
12.9976701736,80.2165374756,66065,66077,12
12.9973602295,80.216506958,66077,66087,10
12.9972400665,80.2165222168,66087,66097,10
12.9970397949,80.2165222168,66097,66107,10
12.9967803955,80.2165374756,66107,66137,30
12.9967803955,80.2165374756,66137,66147,10
12.996339798,80.2166213989,66147,66157,10
12.9961204529,80.2166671753,66157,66167,10
12.9956998825,80.2167816162,66167,66177,10
12.9952402115,80.2169723511,66177,66187,10
12.9949302673,80.2171478271,66187,66198,11
12.9944601059,80.2174606323,66198,66208,10
12.994099617,80.2177276611,66208,66218,10
12.9936199188,80.2180480957,66218,66228,10
12.9930400848,80.2184371948,66228,66238,10
12.9928302765,80.2186126709,66238,66248,10
12.9924201965,80.2189178467,66248,66258,10
12.9917802811,80.2194213867,66258,66268,10
12.9912099838,80.2198562622,66268,66278,10
12.9907999039,80.220161438,66278,66288,10
12.9907398224,80.2202072144,66288,66298,10
12.9903802872,80.2204589844,66298,66308,10
12.9898395538,80.220916748,66308,66319,11
12.9894104004,80.2214584351,66319,66329,10
12.9891004562,80.2219009399,66329,66339,10
12.9885597229,80.2224578857,66339,66349,10
12.9879798889,80.2229385376,66349,66359,10
12.9875297546,80.2230606079,66359,66379,20
12.9875297546,80.2230606079,66379,66389,10
12.9872598648,80.2230529785,66389,66399,10
12.9869298935,80.2229614258,66399,66409,10
12.986749649,80.2229614258,66409,66419,10
12.9865903854,80.2229309082,66419,66429,10
12.9862098694,80.2229232788,66429,66440,11
12.9857702255,80.2229766846,66440,66450,10
12.9853601456,80.2232437134,66450,66460,10
12.9848804474,80.2230987549,66460,66470,10
12.9843797684,80.2228164673,66470,66480,10
12.9840202332,80.2226333618,66480,66490,10
12.9835395813,80.2223510742,66490,66500,10
12.9832201004,80.2221298218,66500,66520,20
12.9832201004,80.2221298218,66520,66530,10
12.9830999374,80.2220535278,66530,66539,9
12.9827899933,80.2219161987,66539,66551,12
12.9821596146,80.2217178345,66551,66561,10
12.9815301895,80.221321106,66561,66571,10
12.980890274,80.2210617065,66571,66581,10
12.9803104401,80.2210922241,66581,66591,10
12.9796895981,80.2211227417,66591,66601,10
12.978969574,80.2211608887,66601,66611,10
12.9782304764,80.2211990356,66611,66621,10
12.9775695801,80.2212295532,66621,66631,10
12.9767999649,80.221206665,66631,66641,10
12.9761695862,80.221282959,66641,66651,10
12.9763402939,80.2217102051,66651,66682,31
12.9763402939,80.2217102051,66682,66692,10
12.9764003754,80.221862793,66692,66702,10
12.9765796661,80.2221984863,66702,66712,10
12.9768896103,80.2227172852,66712,66722,10
12.9771604538,80.2231826782,66722,66732,10
12.9775800705,80.2238464355,66732,66742,10
12.9780302048,80.2245483398,66742,66752,10
12.9783000946,80.2249603271,66752,66762,10
12.9784498215,80.2252197266,66762,66772,10
12.9787397385,80.2257003784,66772,66782,10
12.9791202545,80.2263412476,66782,66793,11
12.9794902802,80.2269973755,66793,66803,10
12.979809761,80.2275238037,66803,66813,10
12.9802103043,80.2281494141,66813,66823,10
12.9805603027,80.2287902832,66823,66833,10
12.9807195663,80.229019165,66833,66843,10
12.9808197021,80.2291793823,66843,66853,10
12.9809799194,80.2294769287,66853,66863,10
12.9812602997,80.229927063,66863,66873,10
12.9816703796,80.2304992676,66873,66893,20
12.9816703796,80.2304992676,66893,66903,10
12.9817495346,80.2306976318,66903,66914,11
12.9819202423,80.2311935425,66914,66924,10
12.9820203781,80.2318496704,66924,66934,10
12.9819698334,80.2325592041,66934,66944,10
12.9818601608,80.2329101563,66944,66954,10
12.9818601608,80.2329177856,66954,66964,10
12.9818296432,80.233001709,66964,66974,10
12.9816999435,80.2332763672,66974,66984,10
12.981590271,80.2335205078,66984,66994,10
12.9815597534,80.233581543,66994,67004,10
12.9813804626,80.2339477539,67004,67013,9
12.9812402725,80.2343597412,67013,67025,12
12.9812202454,80.2351074219,67025,67035,10
12.9812202454,80.2357711792,67035,67045,10
12.9812402725,80.2363510132,67045,67055,10
12.9812498093,80.2369003296,67055,67065,10
12.9812803268,80.2376403809,67065,67075,10
12.981300354,80.2381134033,67075,67085,10
12.981300354,80.2384490967,67085,67105,20
12.981300354,80.2384490967,67105,67115,10
12.981300354,80.2386932373,67115,67125,10
12.9813203812,80.2391967773,67125,67135,10
12.9813404083,80.2395935059,67135,67146,11
12.9813404083,80.2398605347,67146,67156,10
12.9813604355,80.2403335571,67156,67166,10
12.9813499451,80.2408828735,67166,67176,10
12.9813499451,80.241569519,67176,67186,10
12.9813604355,80.2421112061,67186,67196,10
12.9813604355,80.2421417236,67196,67206,10
12.9813699722,80.2422866821,67206,67216,10
12.9813804626,80.2423934937,67216,67226,10
12.9813804626,80.2426986694,67226,67236,10
12.9813699722,80.2428207397,67236,67246,10
12.9813699722,80.2431793213,67246,67256,10
12.9813499451,80.2434082031,67256,67267,11
12.9812698364,80.2439880371,67267,67277,10
12.981180191,80.2447814941,67277,67287,10
12.9810600281,80.2457427979,67287,67297,10
12.9809303284,80.2468719482,67297,67307,10
12.9808502197,80.2480163574,67307,67317,10
12.9807500839,80.2491378784,67317,67327,10
12.9805898666,80.2501525879,67327,67337,10
12.9803199768,80.2511825562,67337,67347,10
12.980099678,80.2520294189,67347,67357,10
12.9799203873,80.2524108887,67357,67367,10
12.9797000885,80.2527389526,67367,67378,11
12.9787101746,80.2525787354,67378,67408,30
12.9787101746,80.2525787354,67408,67418,10
12.9785003662,80.2524795532,67418,67428,10
12.9780597687,80.2521820068,67428,67438,10
12.9774398804,80.2516403198,67438,67448,10
12.9765501022,80.2512435913,67448,67458,10
12.9756402969,80.2509765625,67458,67468,10
12.9748897552,80.2507476807,67468,67478,10
12.9741296768,80.250541687,67478,67488,10
12.9733600616,80.2503433228,67488,67499,11
12.9727296829,80.2501983643,67499,67509,10
12.9726600647,80.2501678467,67509,67519,10
12.972240448,80.250038147,67519,67529,10
12.9715795517,80.2498397827,67529,67539,10
12.9707899094,80.2496337891,67539,67549,10
12.9699897766,80.2493591309,67549,67559,10
12.9690599442,80.2489776611,67559,67569,10
12.9680995941,80.248626709,67569,67579,10
12.9671602249,80.2482528687,67579,67589,10
12.9665298462,80.2479324341,67589,67599,10
12.9659700394,80.2476577759,67599,67609,10
12.9651699066,80.2473602295,67609,67630,21
12.9651699066,80.2473602295,67630,67640,10
12.9649200439,80.2472763062,67640,67650,10
12.9645204544,80.2471389771,67650,67660,10
12.9641895294,80.2470169067,67660,67670,10
12.9639701843,80.2469406128,67670,67680,10
12.9637298584,80.2468566895,67680,67690,10
12.9636001587,80.2468032837,67690,67700,10
12.9631900787,80.24659729,67700,67710,10
12.9624700546,80.2462387085,67710,67720,10
12.9616098404,80.2458190918,67720,67730,10
12.9608097076,80.2454376221,67730,67741,11
12.9599199295,80.2450408936,67741,67751,10
12.9593801498,80.2447967529,67751,67761,10
12.959280014,80.2447662354,67761,67771,10
12.9592399597,80.2447509766,67771,67781,10
12.958990097,80.2446212769,67781,67791,10
12.9584598541,80.244392395,67791,67801,10
12.9578199387,80.2441177368,67801,67811,10
12.9571800232,80.2438964844,67811,67821,10
12.9563798904,80.243637085,67821,67841,20
12.9563798904,80.243637085,67841,67851,10
12.9560499191,80.2434997559,67851,67862,11
12.9554300308,80.2431716919,67862,67872,10
12.954750061,80.2428665161,67872,67882,10
12.9541196823,80.2426071167,67882,67892,10
12.9537601471,80.2424468994,67892,67902,10
12.9532604218,80.2422332764,67902,67912,10
12.9525699615,80.2419509888,67912,67922,10
12.9519300461,80.2417221069,67922,67942,20
12.9519300461,80.2417221069,67942,67952,10
12.9518404007,80.2416992188,67952,67962,10
12.9514799118,80.2415924072,67962,67972,10
12.9508895874,80.2413787842,67972,67983,11
12.9501304626,80.2411193848,67983,67993,10
12.9497699738,80.2410202026,67993,68023,30
12.9497699738,80.2410202026,68023,68033,10
12.9496603012,80.2409515381,68033,68043,10
12.9493398666,80.2408599854,68043,68053,10
12.9488697052,80.2406921387,68053,68063,10
12.9481801987,80.2404022217,68063,68073,10
12.9471502304,80.2399978638,68073,68094,21
12.9471502304,80.2399978638,68094,68104,10
12.9469404221,80.2399291992,68104,68114,10
12.9465103149,80.2397384644,68114,68124,10
12.9458703995,80.2394790649,68124,68134,10
12.9451704025,80.2390670776,68134,68144,10
12.9445295334,80.2384185791,68144,68154,10
12.9438800812,80.237739563,68154,68164,10
12.9433002472,80.237159729,68164,68174,10
12.9432001114,80.2370605469,68174,68184,10
12.9431295395,80.2369613647,68184,68194,10
12.9427700043,80.2366714478,68194,68203,9
12.9421396255,80.2364120483,68203,68215,12
12.9410800934,80.2361297607,68215,68225,10
12.9401597977,80.2358932495,68225,68235,10
12.9395999908,80.2357025146,68235,68255,20
12.9395999908,80.2357025146,68255,68265,10
12.9394598007,80.2356185913,68265,68275,10
12.9393901825,80.2355728149,68275,68285,10
12.9391298294,80.2354278564,68285,68295,10
12.9385995865,80.2351608276,68295,68305,10
12.9378900528,80.2348175049,68305,68315,10
12.937040329,80.234413147,68315,68324,9
12.9361696243,80.2340011597,68324,68336,12
12.9350595474,80.2334899902,68336,68346,10
12.9339199066,80.233001709,68346,68376,30
12.9339199066,80.233001709,68376,68386,10
12.9336996078,80.2328491211,68386,68396,10
12.9330501556,80.2325668335,68396,68406,10
12.932220459,80.2322769165,68406,68416,10
12.9312400818,80.2319412231,68416,68426,10
12.9301996231,80.2316207886,68426,68436,10
12.9291696548,80.2313690186,68436,68447,11
12.9280500412,80.2311782837,68447,68457,10
12.9270095825,80.231048584,68457,68467,10
12.9260797501,80.2309570313,68467,68477,10
12.9259796143,80.2309494019,68477,68487,10
12.9256601334,80.2309036255,68487,68497,10
12.9250802994,80.2308425903,68497,68507,10
12.9243202209,80.2307815552,68507,68517,10
12.9233999252,80.2306671143,68517,68527,10
12.9223604202,80.230506897,68527,68537,10
12.9212303162,80.2303390503,68537,68547,10
12.9201002121,80.2302017212,68547,68557,10
12.9192399979,80.2301025391,68557,68568,11
12.9190797806,80.2300796509,68568,68578,10
12.9186000824,80.2300033569,68578,68588,10
12.9178495407,80.229888916,68588,68598,10
12.9171199799,80.2297973633,68598,68608,10
12.9164104462,80.2297134399,68608,68618,10
12.9155397415,80.2295684814,68618,68628,10
12.9145898819,80.2294387817,68628,68638,10
12.9135599136,80.2293014526,68638,68658,20
12.9135599136,80.2293014526,68658,68668,10
12.9132404327,80.2292175293,68668,68678,10
12.9126501083,80.229133606,68678,68689,11
12.9118499756,80.2290115356,68689,68699,10
12.9109401703,80.2288894653,68699,68709,10
12.9099397659,80.2287216187,68709,68719,10
12.9088897705,80.2285690308,68719,68729,10
12.9078798294,80.2284011841,68729,68739,10
12.9072904587,80.2283325195,68739,68810,71
12.9072904587,80.2283325195,68810,68820,10
12.9072399139,80.2283401489,68820,68830,10
12.906920433,80.228302002,68830,68840,10
12.9065198898,80.2282485962,68840,68850,10
12.906370163,80.2282104492,68850,68860,10
12.9062004089,80.2281723022,68860,68870,10
12.9057703018,80.2281723022,68870,68880,10
12.9051198959,80.2281417847,68880,68890,10
12.9044399261,80.2281112671,68890,68900,10
12.9036197662,80.2281036377,68900,68961,61
12.9036197662,80.2281036377,68961,68971,10
12.9033098221,80.2280807495,68971,68981,10
12.9030799866,80.2280426025,68981,68991,10
12.9025297165,80.2280197144,68991,69001,10
12.9018096924,80.2279586792,69001,69011,10
12.9012899399,80.2279586792,69011,69021,10
12.90102005,80.2279586792,69021,69031,10
12.9008903503,80.2279281616,69031,69041,10
12.900639534,80.2278823853,69041,69052,11
12.9004201889,80.2278823853,69052,69062,10
12.9002799988,80.2278671265,69062,69072,10
12.9000101089,80.2278594971,69072,69082,10
12.8995504379,80.2278366089,69082,69092,10
12.899140358,80.2278366089,69092,69102,10
12.8991203308,80.2278366089,69102,69112,10
12.8990402222,80.2278289795,69112,69122,10
12.8985996246,80.2277832031,69122,69132,10
12.8978700638,80.2277297974,69132,69142,10
12.8969497681,80.2276916504,69142,69152,10
12.8959102631,80.2276382446,69152,69163,11
12.8947496414,80.2276000977,69163,69173,10
12.893699646,80.2275390625,69173,69183,10
12.8931999207,80.2274932861,69183,69193,10
12.8931598663,80.2274780273,69193,69203,10
12.8928403854,80.227432251,69203,69213,10
12.8925600052,80.2273864746,69213,69223,10
12.8922195435,80.2273406982,69223,69233,10
12.8915395737,80.2273178101,69233,69243,10
12.8906402588,80.2273178101,69243,69253,10
12.8895902634,80.2272872925,69253,69263,10
12.8885803223,80.2273178101,69263,69273,10
12.888299942,80.2273101807,69273,69284,11
12.8882102966,80.2272872925,69284,69294,10
12.887720108,80.2272491455,69294,69304,10
12.8869495392,80.2271270752,69304,69314,10
12.8859596252,80.2268676758,69314,69324,10
12.8849401474,80.2266998291,69324,69334,10
12.8846998215,80.2266769409,69334,69344,10
12.8845300674,80.2266616821,69344,69354,10
12.8839302063,80.2266616821,69354,69364,10
12.8830604553,80.2266693115,69364,69374,10
12.8820400238,80.2266693115,69374,69384,10
12.8809404373,80.2266921997,69384,69395,11
12.8797197342,80.2267074585,69395,69405,10
12.8786096573,80.2267532349,69405,69415,10
12.8775501251,80.2268295288,69415,69425,10
12.8764696121,80.2269134521,69425,69445,20
12.8764696121,80.2269134521,69445,69455,10
12.8763799667,80.2266921997,69455,69465,10
12.8763799667,80.2264328003,69465,69475,10
12.8764400482,80.2259368896,69475,69485,10
12.8765201569,80.2251281738,69485,69495,10
12.8766403198,80.2241287231,69495,69505,10
12.8768501282,80.2231369019,69505,69515,10
12.8771095276,80.2220611572,69515,69526,11
12.8773899078,80.2208633423,69526,69536,10
12.8776397705,80.2197875977,69536,69546,10
12.877869606,80.2187728882,69546,69556,10
12.8780899048,80.2177276611,69556,69566,10
12.8782997131,80.2166824341,69566,69576,10
12.8785104752,80.2156906128,69576,69586,10
12.8787202835,80.2146835327,69586,69596,10
12.8789196014,80.2136230469,69596,69606,10
12.879119873,80.212562561,69606,69616,10
12.8792800903,80.2117462158,69616,69626,10
12.8793201447,80.2114868164,69626,69637,11
12.879360199,80.2110671997,69637,69647,10
12.8791103363,80.2109069824,69647,69657,10
12.8790302277,80.210899353,69657,69667,10
12.8789300919,80.210899353,69667,69677,10
12.8785800934,80.2108230591,69677,69687,10
12.8780498505,80.2107162476,69687,69697,10
12.8775396347,80.210609436,69697,69707,10
12.8770103455,80.2105102539,69707,69717,10
12.8760004044,80.2103271484,69717,69727,10
12.8760004044,80.2103271484,69727,69737,10
12.8755502701,80.2102279663,69737,69746,9
12.8744802475,80.2095108032,69746,69836,90
12.8744802475,80.2095108032,69836,69846,10
12.8745298386,80.2095870972,69846,70203,357
12.8747501373,80.209602356,70203,70233,30
12.8746595383,80.2099761963,70233,70264,31
12.8753595352,80.2102203369,70264,70294,30
12.8769102097,80.2105102539,70294,70324,30
12.8776702881,80.210647583,70324,70354,30
12.8788700104,80.2108688354,70354,70385,31
12.8792104721,80.2109375,70385,70414,29
12.8792896271,80.2119598389,70414,70446,32
12.8792896271,80.2119598389,70446,70464,18
12.8790597916,80.2131271362,70464,70476,12
12.8789100647,80.2139663696,70476,70486,10
12.8787698746,80.2147216797,70486,70496,10
12.8786201477,80.2154769897,70496,70506,10
12.8784704208,80.2162017822,70506,70516,10
12.8783397675,80.2168273926,70516,70526,10
12.8782396317,80.2174377441,70526,70597,71
12.8782396317,80.2174377441,70597,70607,10
12.8781900406,80.2175598145,70607,70617,10
12.8781003952,80.2180175781,70617,70627,10
12.8779697418,80.2186508179,70627,70637,10
12.8777999878,80.219367981,70637,70647,10
12.8775997162,80.2201766968,70647,70657,10
12.8774204254,80.2210388184,70657,70667,10
12.8772201538,80.2219085693,70667,70677,10
12.876999855,80.2228088379,70677,70687,10
12.8767995834,80.2237091064,70687,70697,10
12.8766498566,80.2245788574,70697,70708,11
12.876540184,80.2255477905,70708,70718,10
12.8764200211,80.226272583,70718,70728,10
12.8764200211,80.2268218994,70728,70758,30
12.8764200211,80.2268218994,70758,70768,10
12.8765096664,80.2268371582,70768,70778,10
12.8767700195,80.2268066406,70778,70788,10
12.8773202896,80.2267684937,70788,70798,10
12.878080368,80.2266998291,70798,70808,10
12.878950119,80.2266387939,70808,70818,10
12.8799104691,80.2266082764,70818,70829,11
12.8809604645,80.2266082764,70829,70839,10
12.8819198608,80.226600647,70839,70849,10
12.8828802109,80.2265930176,70849,70859,10
12.8838500977,80.2265777588,70859,70869,10
12.8848104477,80.2265777588,70869,70879,10
12.8852596283,80.226600647,70879,70889,10
12.8853702545,80.2266311646,70889,70899,10
12.8858299255,80.2267379761,70899,70909,10
12.8864898682,80.2269210815,70909,70919,10
12.8872900009,80.2270965576,70919,70929,10
12.8884496689,80.2272109985,70929,70950,21
12.8884496689,80.2272109985,70950,70960,10
12.8886299133,80.2272186279,70960,70970,10
12.8890399933,80.2272262573,70970,70980,10
12.8896799088,80.2272186279,70980,70990,10
12.8904304504,80.2272186279,70990,71000,10
12.8913002014,80.2272262573,71000,71010,10
12.8922195435,80.2272491455,71010,71020,10
12.8929300308,80.2273178101,71020,71030,10
12.8940496445,80.2274475098,71030,71060,30
12.8940496445,80.2274475098,71060,71071,11
12.894109726,80.2274627686,71071,71081,10
12.8943996429,80.2274703979,71081,71091,10
12.8947200775,80.2274703979,71091,71101,10
12.8950300217,80.2274780273,71101,71202,101
12.8950300217,80.2274780273,71202,71212,10
12.8951101303,80.2275390625,71212,71222,10
12.8954801559,80.2275466919,71222,71232,10
12.8961200714,80.2275695801,71232,71242,10
12.8969202042,80.2276077271,71242,71252,10
12.8978204727,80.2276611328,71252,71262,10
12.8987798691,80.2277069092,71262,71272,10
12.8996496201,80.2277603149,71272,71282,10
12.9001302719,80.2277679443,71282,71343,61
12.9001302719,80.2277679443,71343,71353,10
12.9004001617,80.2277832031,71353,71363,10
12.9006500244,80.2277984619,71363,71373,10
12.9010095596,80.2278366089,71373,71383,10
12.9015102386,80.2278900146,71383,71393,10
12.9020500183,80.227897644,71393,71403,10
12.9025297165,80.2279281616,71403,71413,10
12.9028902054,80.2279205322,71413,71424,11
12.9029598236,80.2279205322,71424,71434,10
12.9031095505,80.227897644,71434,71444,10
12.9034795761,80.2279510498,71444,71454,10
12.9040298462,80.2279968262,71454,71464,10
12.9042901993,80.228012085,71464,71474,10
12.9045600891,80.2280197144,71474,71484,10
12.9049596786,80.2280426025,71484,71494,10
12.9054498672,80.2280883789,71494,71575,81
12.9054498672,80.2280883789,71575,71585,10
12.9056396484,80.2281417847,71585,71595,10
12.9058504105,80.2281417847,71595,71605,10
12.9060897827,80.2281417847,71605,71615,10
12.906370163,80.2281570435,71615,71625,10
12.90666008,80.2281799316,71625,71635,10
12.9068498611,80.2282028198,71635,71645,10
12.9071502686,80.2282104492,71645,71654,9
12.9072904587,80.2282180786,71654,71666,12
12.9076404572,80.2282714844,71666,71676,10
12.9083099365,80.2283935547,71676,71686,10
12.9091796875,80.2285385132,71686,71696,10
12.9101600647,80.2287063599,71696,71706,10
12.9111099243,80.2288589478,71706,71716,10
12.9119100571,80.2289733887,71716,71726,10
12.9126396179,80.2290420532,71726,71736,10
12.9132204056,80.2291183472,71736,71746,10
12.9135503769,80.2291793823,71746,71756,10
12.9135799408,80.2291793823,71756,71766,10
12.9136104584,80.2291793823,71766,71776,10
12.9138002396,80.2292327881,71776,71787,11
12.9142503738,80.2292861938,71787,71797,10
12.9148597717,80.2293701172,71797,71807,10
12.9155302048,80.2294692993,71807,71817,10
12.9162302017,80.2295684814,71817,71827,10
12.9168996811,80.2296524048,71827,71837,10
12.9175796509,80.2297515869,71837,71847,10
12.9182500839,80.2298431396,71847,71857,10
12.9187898636,80.2298965454,71857,71867,10
12.9188203812,80.2299118042,71867,71877,10
12.9191102982,80.2299499512,71877,71887,10
12.9196395874,80.2300186157,71887,71898,11
12.9203796387,80.2301177979,71898,71908,10
12.9211702347,80.23021698,71908,71918,10
12.9220199585,80.2303314209,71918,71928,10
12.9228601456,80.2304611206,71928,71938,10
12.923740387,80.2305831909,71938,71948,10
12.9246196747,80.230682373,71948,71958,10
12.925450325,80.2307891846,71958,71968,10
12.9260396957,80.2308578491,71968,71978,10
12.9260997772,80.2308731079,71978,71988,10
12.9261598587,80.2308731079,71988,71998,10
12.9265499115,80.2309188843,71998,72007,9
12.9270801544,80.2309799194,72007,72019,12
12.9279403687,80.2311019897,72019,72029,10
12.928730011,80.2312088013,72029,72039,10
12.9294996262,80.2313613892,72039,72049,10
12.9303598404,80.2315673828,72049,72059,10
12.9312496185,80.2318496704,72059,72069,10
12.932100296,80.2321090698,72069,72079,10
12.9328699112,80.2323608398,72079,72089,10
12.9332304001,80.2324981689,72089,72099,10
12.933259964,80.2325210571,72099,72109,10
12.9333600998,80.2325592041,72109,72119,10
12.9336700439,80.2326965332,72119,72129,10
12.9341802597,80.2329406738,72129,72140,11
12.934920311,80.2332687378,72140,72150,10
12.9356298447,80.2335968018,72150,72160,10
12.9363899231,80.2339782715,72160,72170,10
12.9372301102,80.2343826294,72170,72180,10
12.938079834,80.2348022461,72180,72190,10
12.93887043,80.2351913452,72190,72200,10
12.939330101,80.2354125977,72200,72210,10
12.9393396378,80.2354202271,72210,72220,10
12.9395399094,80.2355270386,72220,72230,10
12.9399700165,80.235710144,72230,72240,10
12.940580368,80.2359008789,72240,72250,10
12.9413299561,80.236076355,72250,72261,11
12.9422702789,80.2363204956,72261,72271,10
12.9430799484,80.2367401123,72271,72281,10
12.943570137,80.2371902466,72281,72291,10
12.9436903,80.2373199463,72291,72301,10
12.9437198639,80.237411499,72301,72311,10
12.9440402985,80.23777771,72311,72321,10
12.9445400238,80.2383575439,72321,72331,10
12.9451799393,80.2390136719,72331,72341,10
12.9460096359,80.2394714355,72341,72351,10
12.9468803406,80.2398223877,72351,72360,9
12.9472503662,80.2399597168,72360,72371,11
12.9473800659,80.2400131226,72371,72382,11
12.9478597641,80.2402267456,72382,72392,10
12.9482297897,80.2403869629,72392,72402,10
12.9486999512,80.2405776978,72402,72412,10
12.9493398666,80.2408065796,72412,72422,10
12.9499998093,80.2410125732,72422,72432,10
12.9505996704,80.2411804199,72432,72442,10
12.9508895874,80.2412490845,72442,72452,10
12.950920105,80.2412567139,72452,72462,10
12.951210022,80.2413482666,72462,72472,10
12.9517002106,80.2415390015,72472,72482,10
12.9523200989,80.2417831421,72482,72493,11
12.9531402588,80.2420883179,72493,72503,10
12.9537296295,80.2423324585,72503,72513,10
12.9542503357,80.2425537109,72513,72523,10
12.9548597336,80.2427902222,72523,72533,10
12.9554901123,80.242980957,72533,72543,10
12.9561395645,80.2431716919,72543,72553,10
12.9564304352,80.2432937622,72553,72563,10
12.9568595886,80.2434921265,72563,72573,10
12.9575099945,80.2438201904,72573,72583,10
12.9581804276,80.2441101074,72583,72593,10
12.9585895538,80.2442626953,72593,72603,10
12.9588003159,80.2443389893,72603,72614,11
12.9588899612,80.2443771362,72614,72624,10
12.9591903687,80.2445373535,72624,72634,10
12.9597101212,80.2447662354,72634,72644,10
12.9603996277,80.2450866699,72644,72654,10
12.9612102509,80.2454910278,72654,72664,10
12.9620800018,80.2459030151,72664,72674,10
12.9626703262,80.2461624146,72674,72684,10
12.9628295898,80.2462615967,72684,72694,10
12.9631004333,80.2463989258,72694,72704,10
12.9634504318,80.2465896606,72704,72714,10
12.9638595581,80.2467803955,72714,72724,10
12.9643697739,80.2469711304,72724,72735,11
12.9650602341,80.2472229004,72735,72745,10
12.9656095505,80.2473983765,72745,72755,10
12.9659404755,80.2475204468,72755,72765,10
12.9662399292,80.2476425171,72765,72795,30
12.9662399292,80.2476425171,72795,72805,10
12.966340065,80.2476806641,72805,72815,10
12.9666795731,80.2478485107,72815,72825,10
12.9672002792,80.2481002808,72825,72835,10
12.967880249,80.2483901978,72835,72845,10
12.968629837,80.2487106323,72845,72856,11
12.9695301056,80.2490692139,72856,72866,10
12.9703702927,80.2493972778,72866,72876,10
12.9711399078,80.2496337891,72876,72886,10
12.9718704224,80.2498092651,72886,72896,10
12.9725799561,80.2499923706,72896,72906,10
12.9731998444,80.2501525879,72906,72916,10
12.9738197327,80.2503204346,72916,72926,10
12.9744100571,80.2504730225,72926,72946,20
12.9744100571,80.2504730225,72946,72956,10
12.9746704102,80.2505722046,72956,72967,11
12.975110054,80.2506866455,72967,72977,10
12.9754695892,80.2508010864,72977,72987,10
12.9760103226,80.2509613037,72987,72997,10
12.9766902924,80.2511672974,72997,73007,10
12.9774103165,80.2515029907,73007,73017,10
12.9780502319,80.2520370483,73017,73027,10
12.9786996841,80.2524414063,73027,73037,10
12.9791402817,80.2525100708,73037,73047,10
12.9793395996,80.2525024414,73047,73057,10
12.9798498154,80.2524108887,73057,73077,20
12.9798498154,80.2524108887,73077,73088,11
12.9799499512,80.2522506714,73088,73098,10
12.9799699783,80.2519073486,73098,73108,10
12.9801101685,80.2515029907,73108,73118,10
12.9802999496,80.250869751,73118,73128,10
12.9804897308,80.2501220703,73128,73138,10
12.9806604385,80.2492828369,73138,73148,10
12.9807195663,80.2484283447,73148,73158,10
12.9807796478,80.2475662231,73158,73168,10
12.9808597565,80.2466278076,73168,73178,10
12.9809799194,80.2456283569,73178,73188,10
12.9811000824,80.2446136475,73188,73198,10
12.9811601639,80.243850708,73198,73209,11
12.9812698364,80.2435531616,73209,73219,10
12.981300354,80.2431869507,73219,73229,10
12.981300354,80.2429885864,73229,73239,10
12.9813098907,80.242729187,73239,73269,30
12.9813098907,80.242729187,73269,73279,10
12.9813203812,80.2425384521,73279,73289,10
12.9813098907,80.2420883179,73289,73299,10
12.981300354,80.2414169312,73299,73308,9
12.981300354,80.2407302856,73308,73320,12
12.9812803268,80.2399291992,73320,73340,20
12.9812803268,80.2399291992,73340,73350,10
12.9812698364,80.239692688,73350,73360,10
12.9812698364,80.2395324707,73360,73370,10
12.9812498093,80.2391815186,73370,73380,10
12.9812402725,80.238571167,73380,73390,10
12.9812202454,80.2379226685,73390,73400,10
12.9812202454,80.2378311157,73400,73410,10
12.9812202454,80.237739563,73410,73420,10
12.9812002182,80.2372970581,73420,73429,9
12.9811897278,80.2366714478,73429,73441,12
12.9811601639,80.2357330322,73441,73451,10
12.9811296463,80.2348709106,73451,73461,10
12.9812297821,80.2340698242,73461,73471,10
12.9813699722,80.2337493896,73471,73481,10
12.9815101624,80.2334518433,73481,73501,20
12.9815101624,80.2334518433,73501,73511,10
12.9815702438,80.2333526611,73511,73521,10
12.9817304611,80.2330322266,73521,73531,10
12.9818897247,80.2325973511,73531,73541,10
12.9819498062,80.2323379517,73541,73551,10
12.9819297791,80.2321014404,73551,73562,11
12.9819297791,80.2316513062,73562,73572,10
12.9819002151,80.2313613892,73572,73582,10
12.9818000793,80.2309494019,73582,73592,10
12.9816799164,80.2306671143,73592,73602,10
12.9814500809,80.2303009033,73602,73612,10
12.9811897278,80.2298812866,73612,73622,10
12.9809904099,80.2295608521,73622,73632,10
12.9808797836,80.2293701172,73632,73642,10
12.9805498123,80.2288665771,73642,73662,20
12.9805498123,80.2288665771,73662,73673,11
12.9804496765,80.2286834717,73673,73683,10
12.9802703857,80.2282791138,73683,73693,10
12.9799995422,80.2277679443,73693,73703,10
12.9796600342,80.2272567749,73703,73713,10
12.9792804718,80.2266387939,73713,73723,10
12.9788703918,80.2259368896,73723,73733,10
12.9784297943,80.2252120972,73733,73743,10
12.9780797958,80.2246322632,73743,73753,10
12.9778003693,80.2242736816,73753,73763,10
12.9775104523,80.2237930298,73763,73773,10
12.9771795273,80.2232513428,73773,73783,10
12.9770402908,80.2229919434,73783,73794,11
12.9769496918,80.222869873,73794,73804,10
12.9769201279,80.2228088379,73804,73814,10
12.9772396088,80.2226409912,73814,73834,20
12.9772396088,80.2226409912,73834,73844,10
12.9774398804,80.2225799561,73844,73854,10
12.9774599075,80.2225418091,73854,73864,10
12.9774703979,80.2223510742,73864,73874,10
12.9774599075,80.2217712402,73874,73884,10
12.9774503708,80.221282959,73884,73894,10
12.9774599075,80.221206665,73894,73904,10
12.9777698517,80.2211227417,73904,73915,11
12.9781503677,80.2210769653,73915,73925,10
12.9788503647,80.221031189,73925,73935,10
12.979640007,80.220993042,73935,73945,10
12.9804296494,80.2209091187,73945,73955,10
12.9808797836,80.2208862305,73955,73965,10
12.9815196991,80.2212371826,73965,73975,10
12.9820604324,80.2216033936,73975,73985,10
12.9824104309,80.2217407227,73985,73995,10
12.982749939,80.2218475342,73995,74015,20
12.982749939,80.2218475342,74015,74024,9
12.9829702377,80.2219696045,74024,74036,12
12.983300209,80.2221832275,74036,74046,10
12.9834499359,80.2222824097,74046,74056,10
12.9837398529,80.2224578857,74056,74126,70
12.9840898514,80.2226486206,74126,74146,20
12.9840898514,80.2226486206,74146,74157,11
12.9842996597,80.2228012085,74157,74167,10
12.9847297668,80.2230529785,74167,74177,10
12.9851999283,80.2232284546,74177,74187,10
12.9854803085,80.22315979,74187,74197,10
12.985710144,80.2229614258,74197,74207,10
12.986120224,80.2229232788,74207,74217,10
12.9863004684,80.22290802,74217,74227,10
12.9864397049,80.22290802,74227,74237,10
12.9867401123,80.22290802,74237,74247,10
12.986989975,80.2229766846,74247,74257,10
12.9874000549,80.2229995728,74257,74268,11
12.9880399704,80.2227630615,74268,74278,10
12.9885396957,80.2223205566,74278,74288,10
12.9890604019,80.2217636108,74288,74298,10
12.9894599915,80.2211914063,74298,74308,10
12.99036026,80.2203369141,74308,74328,20
12.99036026,80.2203369141,74328,74338,10
12.9906597137,80.2201385498,74338,74348,10
12.9910697937,80.2197875977,74348,74358,10
12.9915800095,80.2193984985,74358,74368,10
12.9921598434,80.2189865112,74368,74378,10
12.9928598404,80.21849823,74378,74389,11
12.9937496185,80.2178421021,74389,74399,10
12.9944000244,80.2173614502,74399,74409,10
12.9948101044,80.2170410156,74409,74419,10
12.9952898026,80.2167892456,74419,74429,10
12.9959897995,80.2165603638,74429,74439,10
12.9965496063,80.2164382935,74439,74449,10
12.9968996048,80.2164230347,74449,74459,10
12.9971103668,80.2163772583,74459,74469,10
12.9974002838,80.2161178589,74469,74510,41
12.9974002838,80.2161178589,74510,74520,10
12.9975595474,80.2160415649,74520,74530,10
12.9978599548,80.2157287598,74530,74540,10
12.9982500076,80.2153778076,74540,74550,10
12.9988002777,80.2148666382,74550,74560,10
12.9990997314,80.214630127,74560,74570,10
12.9993896484,80.2143936157,74570,74580,10
12.9998102188,80.2140579224,74580,74590,10
13.0002298355,80.2137069702,74590,74600,10
13.0006599426,80.2133483887,74600,74610,10
13.0011196136,80.2129516602,74610,74620,10
13.0016002655,80.2125930786,74620,74631,11
13.0020303726,80.2123031616,74631,74641,10
13.0026302338,80.212059021,74641,74651,10
13.0035495758,80.2118911743,74651,74681,30
13.0035495758,80.2118911743,74681,74691,10
13.0036897659,80.2114562988,74691,74701,10
13.003660202,80.2108764648,74701,74711,10
13.0035800934,80.2102584839,74711,74721,10
13.0035200119,80.2097625732,74721,74731,10
13.0035800934,80.209197998,74731,74741,10
13.0037899017,80.2086029053,74741,74752,11
13.0045499802,80.2088165283,74752,74762,10
13.0053195953,80.2091827393,74762,74772,10
13.005979538,80.2094421387,74772,74782,10
13.0065498352,80.2096176147,74782,74802,20
13.0065498352,80.2096176147,74802,74812,10
13.0066795349,80.2097015381,74812,74822,10
13.0070896149,80.2097930908,74822,74863,41
13.0070896149,80.2097930908,74863,74873,10
13.007399559,80.2098083496,74873,74913,40
13.007399559,80.2098083496,74913,74923,10
13.0076799393,80.2098922729,74923,74933,10
13.0078201294,80.2099075317,74933,74943,10
13.008020401,80.2099380493,74943,74953,10
13.0081701279,80.2099075317,74953,74963,10
13.0081195831,80.2095413208,74963,74973,10
13.0079803467,80.2088775635,74973,74984,11
13.0078401566,80.2079696655,74984,74994,10
13.0077199936,80.2071914673,74994,75004,10
13.007610321,80.2064285278,75004,75014,10
13.0075502396,80.2058105469,75014,75024,10
13.0075397491,80.2053985596,75024,75034,10
13.0075397491,80.2048721313,75034,75044,10
13.0075302124,80.2041778564,75044,75054,10
13.0074195862,80.2034378052,75054,75064,10
13.0071897507,80.2025909424,75064,75074,10
13.0065698624,80.2027206421,75074,75084,10
13.0067501068,80.2032623291,75084,75094,10
13.007399559,80.2035827637,75094,75105,11
13.008310318,80.2036819458,75105,75115,10
13.0092601776,80.20362854,75115,75125,10
13.0103902817,80.2035980225,75125,75135,10
13.0116300583,80.2037124634,75135,75145,10
13.0127401352,80.203918457,75145,75155,10
13.0136604309,80.2042236328,75155,75175,20
13.0136604309,80.2042236328,75175,75185,10
13.0136804581,80.2043228149,75185,75195,10
13.0136299133,80.2045898438,75195,75204,9
13.0134601593,80.2050476074,75204,75215,11
13.0132398605,80.2058029175,75215,75226,11
13.0130701065,80.2067489624,75226,75236,10
13.0129899979,80.2074432373,75236,75246,10
13.0129299164,80.2078704834,75246,75256,10
13.0129404068,80.2083435059,75256,75266,10
13.0129499435,80.2087478638,75266,75276,10
13.0130395889,80.209312439,75276,75286,10
13.0131397247,80.2097396851,75286,75296,10
13.0131196976,80.210319519,75296,75306,10
13.0129499435,80.2109909058,75306,75316,10
13.0126800537,80.2116012573,75316,75326,10
13.0120697021,80.2125473022,75326,75347,21
13.0120697021,80.2125473022,75347,75357,10
13.0117502213,80.2127304077,75357,75367,10
13.0114402771,80.2125091553,75367,75377,10
13.010890007,80.212059021,75377,75387,10
13.0103998184,80.2117233276,75387,75397,10
13.0101099014,80.211479187,75397,75407,10
13.0097198486,80.2112579346,75407,75508,101
13.0094499588,80.2110214233,75508,75720,212
13.0094499588,80.2110214233,75720,75730,10
13.0092496872,80.2111282349,75730,75740,10
13.0090703964,80.2114334106,75740,75750,10
13.0091199875,80.2117919922,75750,75760,10
13.0092697144,80.2123794556,75760,75770,10
13.0095100403,80.2130508423,75770,75780,10
13.0097703934,80.2136917114,75780,75790,10
13.0100297928,80.2143096924,75790,75800,10
13.0101900101,80.2150115967,75800,75811,11
13.0103797913,80.2159118652,75811,75821,10
13.0107603073,80.2167510986,75821,75831,10
13.011179924,80.2176589966,75831,75841,10
13.0115499496,80.2186584473,75841,75851,10
13.0118703842,80.2197265625,75851,75861,10
13.0122003555,80.2207717896,75861,75871,10
13.0123500824,80.2214736938,75871,75881,10
13.012720108,80.2220535278,75881,75891,10
13.0133304596,80.2226867676,75891,75901,10
13.0139703751,80.2234115601,75901,75911,10
13.0144500732,80.2240219116,75911,75921,10
13.0150203705,80.2246704102,75921,75932,11
13.0154304504,80.225227356,75932,75942,10
13.01541996,80.225479126,75942,75952,10
13.0150899887,80.2258377075,75952,75962,10
13.0144100189,80.2261199951,75962,75972,10
13.0137395859,80.2263870239,75972,75982,10
13.0131702423,80.2266235352,75982,75992,10
13.0124502182,80.2269210815,75992,76002,10
13.0116500854,80.2272720337,76002,76012,10
13.0107498169,80.2276229858,76012,76022,10
13.0099401474,80.2279586792,76022,76032,10
13.0095500946,80.2275772095,76032,76042,10
13.0097503662,80.2270507813,76042,76053,11
13.0100603104,80.2262573242,76053,76063,10
13.0103998184,80.2255401611,76063,76073,10
13.0107297897,80.2248077393,76073,76083,10
13.01101017,80.2240829468,76083,76093,10
13.0113096237,80.2233505249,76093,76103,10
13.0110397339,80.2230529785,76103,76113,10
13.0103902817,80.2227020264,76113,76123,10
13.0095996857,80.2222366333,76123,76133,10
13.0088300705,80.2218017578,76133,76143,10
13.0080299377,80.2213897705,76143,76153,10
13.0072402954,80.2209701538,76153,76163,10
13.0065097809,80.2206497192,76163,76174,11
13.0055704117,80.2204437256,76174,76184,10
13.0048398972,80.2203292847,76184,76194,10
13.004699707,80.2202835083,76194,76204,10
13.0043201447,80.2202224731,76204,76214,10
13.0036497116,80.2200622559,76214,76224,10
13.0029497147,80.219833374,76224,76234,10
13.002240181,80.21925354,76234,76244,10
13.0017004013,80.2186584473,76244,76254,10
13.0010404587,80.2181625366,76254,76264,10
13.0004901886,80.2177886963,76264,76274,10
12.9998998642,80.2174530029,76274,76285,11
12.9990997314,80.2170028687,76285,76295,10
12.9982404709,80.2165985107,76295,76305,10
12.9975004196,80.2165298462,76305,76315,10
12.9973201752,80.2165374756,76315,76325,10
12.9971199036,80.2165603638,76325,76335,10
12.9967098236,80.2165985107,76335,76345,10
12.9959897995,80.2167892456,76345,76375,30
12.9959897995,80.2167892456,76375,76385,10
12.9955196381,80.2169036865,76385,76395,10
12.9953298569,80.2169723511,76395,76406,11
12.9950895309,80.2171096802,76406,76416,10
12.9948596954,80.2172317505,76416,76426,10
12.9943399429,80.2176132202,76426,76436,10
12.9938297272,80.2180023193,76436,76446,10
12.9931602478,80.2184524536,76446,76456,10
12.9924402237,80.21900177,76456,76466,10
12.9917297363,80.2194900513,76466,76476,10
12.9912395477,80.2198028564,76476,76486,10
12.9909601212,80.2200012207,76486,76516,30
12.9909601212,80.2200012207,76516,76527,11
12.9907302856,80.2201919556,76527,76537,10
12.9902696609,80.2205810547,76537,76547,10
12.9897203445,80.2211380005,76547,76557,10
12.9891796112,80.2218093872,76557,76567,10
12.9885702133,80.2224578857,76567,76577,10
12.9880800247,80.2228469849,76577,76587,10
12.9876203537,80.2230529785,76587,76658,71
12.9876203537,80.2230529785,76658,76668,10
12.9872999191,80.2230682373,76668,76779,111
12.9872999191,80.2230682373,76779,76789,10
12.9869003296,80.2230834961,76789,76799,10
12.9866895676,80.2230529785,76799,76809,10
12.9862499237,80.2230377197,76809,76819,10
12.9856595993,80.2231216431,76819,76829,10
12.9851903915,80.2233200073,76829,76839,10
12.9845399857,80.2230224609,76839,76849,10
12.9838695526,80.222618103,76849,76859,10
12.9834499359,80.2223587036,76859,76868,9
12.9831399918,80.2221679688,76868,76880,12
12.9831199646,80.2221603394,76880,76890,10
12.983039856,80.2220993042,76890,76900,10
12.9828300476,80.2220077515,76900,76910,10
12.9824399948,80.2219085693,76910,76920,10
12.982000351,80.2216873169,76920,76930,10
12.9812898636,80.2212524414,76930,76940,10
12.9806604385,80.221206665,76940,76950,10
12.9797401428,80.2212600708,76950,76960,10
12.9792098999,80.2212905884,76960,76970,10
12.9786100388,80.2212982178,76970,76980,10
12.9778604507,80.221321106,76980,76990,10
12.9769802094,80.2213516235,76990,77001,11
12.9762201309,80.2213897705,77001,77011,10
12.9761104584,80.2216262817,77011,77021,10
12.9763298035,80.2219390869,77021,77031,10
12.9763402939,80.2219619751,77031,77041,10
12.9763803482,80.2221603394,77041,77051,10
12.9766702652,80.2226104736,77051,77061,10
12.9771099091,80.2232971191,77061,77071,10
12.9776000977,80.2240600586,77071,77081,10
12.9780597687,80.2247924805,77081,77091,10
12.9782800674,80.2251586914,77091,77101,10
12.9785604477,80.2256317139,77101,77111,10
12.9788198471,80.22605896,77111,77122,11
12.9791402817,80.2265777588,77122,77132,10
12.9794902802,80.2271575928,77132,77142,10
12.9799003601,80.2278213501,77142,77152,10
12.9803199768,80.2285308838,77152,77162,10
12.9806404114,80.2290496826,77162,77172,10
12.9807901382,80.2293167114,77172,77182,10
12.9810304642,80.2297592163,77182,77192,10
12.9814596176,80.2303924561,77192,77202,10
12.9816398621,80.2306594849,77202,77212,10
12.9817399979,80.2309188843,77212,77222,10
12.9818601608,80.2314071655,77222,77233,11
12.9819402695,80.2321624756,77233,77243,10
12.9819002151,80.2326126099,77243,77253,10
12.9818296432,80.2328796387,77253,77263,10
12.9818000793,80.2329788208,77263,77273,10
12.9817199707,80.2331619263,77273,77283,10
12.9816303253,80.2333908081,77283,77293,10
12.9816102982,80.2334518433,77293,77303,10
12.9814596176,80.233757019,77303,77313,10
12.9812002182,80.234413147,77313,77323,10
12.9811697006,80.2352981567,77323,77333,10
12.981180191,80.2361984253,77333,77342,9
12.9812402725,80.237159729,77342,77354,12
12.9812602997,80.2378997803,77354,77364,10
12.9812602997,80.2383270264,77364,77374,10
12.9812803268,80.2386398315,77374,77384,10
12.9812803268,80.2386703491,77384,77394,10
12.9812698364,80.2390823364,77394,77404,10
12.9812803268,80.2396087646,77404,77414,10
12.9812803268,80.2397766113,77414,77424,10
12.9813098907,80.2402572632,77424,77434,10
12.9812698364,80.2409820557,77434,77444,10
12.9812803268,80.2418212891,77444,77454,10
12.981300354,80.2429580688,77454,77475,21
12.981300354,80.2429580688,77475,77485,10
12.9813098907,80.243270874,77485,77495,10
12.9812698364,80.243888855,77495,77505,10
12.9811296463,80.2447814941,77505,77515,10
12.9809999466,80.2459030151,77515,77525,10
12.9808797836,80.2470626831,77525,77535,10
12.9807701111,80.2482299805,77535,77545,10
12.9806804657,80.2493896484,77545,77555,10
12.9804601669,80.2505111694,77555,77565,10
12.9801797867,80.2515869141,77565,77575,10
12.9800300598,80.2523269653,77575,77606,31
12.9800300598,80.2523269653,77606,77616,10
12.9801197052,80.2525787354,77616,77626,10
12.9804601669,80.2526779175,77626,77636,10
12.9811897278,80.2526626587,77636,77646,10
12.9822301865,80.2526321411,77646,77656,10
12.9834098816,80.2525177002,77656,77666,10
12.9845504761,80.2522201538,77666,77676,10
12.9854898453,80.251953125,77676,77707,31
12.9854898453,80.251953125,77707,77717,10
12.9856300354,80.2519226074,77717,77727,10
12.9859399796,80.2518081665,77727,77737,10
12.9864797592,80.251701355,77737,77817,80
12.9864797592,80.251701355,77817,77828,11
12.9866399765,80.2517166138,77828,77838,10
12.9870595932,80.2515869141,77838,77848,10
12.9876899719,80.251411438,77848,77938,90
12.9876899719,80.251411438,77938,77949,11
12.987830162,80.2514419556,77949,77959,10
12.9879302979,80.2519607544,77959,77969,10
12.9879198074,80.2527923584,77969,77979,10
12.987830162,80.2537384033,77979,77989,10
12.987739563,80.2547683716,77989,77999,10
12.9876699448,80.2554016113,77999,78009,10
12.9876699448,80.255821228,78009,78019,10
12.9880504608,80.2558898926,78019,78029,10
12.9887695313,80.2559585571,78029,78039,10
12.9895896912,80.2560195923,78039,78049,10
12.9903297424,80.2560119629,78049,78059,10
12.9908599854,80.2560195923,78059,78070,11
12.9917001724,80.2560577393,78070,78080,10
12.9927501678,80.2560424805,78080,78090,10
12.9938201904,80.2559814453,78090,78100,10
12.9948797226,80.2559204102,78100,78110,10
12.9958600998,80.2559127808,78110,78120,10
12.9966402054,80.255897522,78120,78130,10
12.9973497391,80.255897522,78130,78150,20
12.9973497391,80.255897522,78150,78160,10
12.9974899292,80.2559204102,78160,78191,31
12.9974899292,80.2559204102,78191,78201,10
12.9976501465,80.256149292,78201,78211,10
12.9976596832,80.2562637329,78211,78221,10
12.9976797104,80.2565383911,78221,78302,81
12.9976797104,80.2565383911,78302,78312,10
12.9976396561,80.256729126,78312,78614,302
12.9976396561,80.256729126,78614,78624,10
12.9977302551,80.2571716309,78624,78634,10
