12.9984502792,80.2568206787,22911,23274,363
12.9984502792,80.2568206787,23274,23284,10
12.9982204437,80.2568283081,23284,23294,10
12.9980297089,80.2567520142,23294,23304,10
12.9976997375,80.2564926147,23304,23446,142
12.9976997375,80.2564926147,23446,23456,10
12.9977798462,80.2561187744,23456,23476,20
12.9977798462,80.2561187744,23476,23486,10
12.9974603653,80.2559814453,23486,23577,91
12.9974603653,80.2559814453,23577,23587,10
12.9972000122,80.2559280396,23587,23597,10
12.9967603683,80.2559204102,23597,23607,10
12.9959802628,80.2558898926,23607,23617,10
12.99518013,80.2558898926,23617,23627,10
12.9942598343,80.2559585571,23627,23637,10
12.993180275,80.2560195923,23637,23647,10
12.991979599,80.2560424805,23647,23657,10
12.9909696579,80.2560119629,23657,23667,10
12.9900503159,80.2559967041,23667,23677,10
12.9887599945,80.2559204102,23677,23718,41
12.9887599945,80.2559204102,23718,23728,10
12.9884500504,80.2558670044,23728,23738,10
12.9879398346,80.2558288574,23738,23748,10
12.9876203537,80.2561035156,23748,23758,10
12.9876003265,80.2568283081,23758,23768,10
12.9875097275,80.2578125,23768,23778,10
12.9874200821,80.2587966919,23778,23788,10
12.9873304367,80.2594528198,23788,23798,10
12.9871301651,80.2595672607,23798,23809,11
12.9869499207,80.2595214844,23809,23819,10
12.9866104126,80.2594223022,23819,23869,50
12.9866104126,80.2594223022,23869,23879,10
12.9866800308,80.2590484619,23879,23889,10
12.9869804382,80.2591323853,23889,24000,111
12.9869804382,80.2591323853,24000,24010,10
12.9873504639,80.2591171265,24010,24020,10
12.9874095917,80.2590789795,24020,24030,10
12.9873800278,80.2589187622,24030,24041,11
12.9874095917,80.2586517334,24041,24051,10
12.9874095917,80.2584381104,24051,24061,10
12.9874601364,80.2580032349,24061,24071,10
12.9875202179,80.2574005127,24071,24081,10
12.9876003265,80.256652832,24081,24091,10
12.9876203537,80.255859375,24091,24172,81
12.9876203537,80.255859375,24172,24182,10
12.987739563,80.2556686401,24182,24192,10
12.9882001877,80.2557373047,24192,24202,10
12.9885396957,80.255821228,24202,24212,10
12.9889297485,80.2558670044,24212,24222,10
12.9894800186,80.2559280396,24222,24232,10
12.9901695251,80.2559432983,24232,24242,10
12.990940094,80.2559814453,24242,24252,10
12.9918498993,80.2560119629,24252,24262,10
12.9929199219,80.2560119629,24262,24272,10
12.9939002991,80.2559585571,24272,24283,11
12.9950895309,80.2558822632,24283,24293,10
12.9960603714,80.2558288574,24293,24303,10
12.9968395233,80.2558288574,24303,24313,10
12.9973297119,80.255859375,24313,24323,10
12.9980297089,80.2559204102,24323,24333,10
12.9985904694,80.2559509277,24333,24343,10
12.9987201691,80.2559814453,24343,24353,10
12.9988698959,80.2560272217,24353,24363,10
12.9994497299,80.2561264038,24363,24373,10
13.0002698898,80.2562866211,24373,24383,10
13.0010795593,80.2564163208,24383,24394,11
13.0019302368,80.2565612793,24394,24404,10
13.0027799606,80.2566833496,24404,24414,10
13.0036296844,80.2568817139,24414,24424,10
13.0045604706,80.2570266724,24424,24434,10
13.0055303574,80.2572097778,24434,24444,10
13.0061903,80.2573471069,24444,24454,10
13.0065402985,80.2572937012,24454,24464,10
13.0065002441,80.2566680908,24464,24474,10
13.0065097809,80.2556762695,24474,24484,10
13.0065498352,80.254699707,24484,24494,10
13.0065498352,80.2539596558,24494,24503,9
13.0065498352,80.2532806396,24503,24515,12
13.0065803528,80.253036499,24515,24525,10
13.0065698624,80.252746582,24525,24535,10
13.0065498352,80.2525787354,24535,24545,10
13.0066404343,80.2518768311,24545,24605,60
13.0066404343,80.2518768311,24605,24615,10
13.0067596436,80.2514572144,24615,24625,10
13.0067796707,80.2506484985,24625,24636,11
13.0067596436,80.2492523193,24636,24646,10
13.0066995621,80.2482376099,24646,24656,10
13.0066795349,80.2480010986,24656,24666,10
13.0066604614,80.2473907471,24666,24676,10
13.0066299438,80.2467269897,24676,24686,10
13.006649971,80.2464523315,24686,24696,10
13.0066699982,80.2459106445,24696,24706,10
13.0066404343,80.2451171875,24706,24716,10
13.0066404343,80.2444534302,24716,24726,10
13.0066204071,80.2435684204,24726,24736,10
13.0066099167,80.2427215576,24736,24746,10
13.0065898895,80.2416687012,24746,24757,11
13.0066995621,80.2408905029,24757,24767,10
13.0067396164,80.2404708862,24767,24777,10
13.0068597794,80.2399215698,24777,24787,10
13.0069704056,80.239151001,24787,24797,10
13.0071401596,80.2383575439,24797,24807,10
13.0073404312,80.2375335693,24807,24817,10
13.0074300766,80.2369918823,24817,24827,10
13.007519722,80.2367172241,24827,24837,10
13.0076503754,80.2360687256,24837,24847,10
13.0077800751,80.2354278564,24847,24857,10
13.0079202652,80.2345962524,24857,24868,11
13.0081796646,80.2334289551,24868,24878,10
13.0084400177,80.2320632935,24878,24888,10
13.0086603165,80.2307510376,24888,24898,10
13.0089101791,80.2294921875,24898,24908,10
13.009180069,80.2283172607,24908,24918,10
13.0095901489,80.2273178101,24918,24928,10
13.010140419,80.2260818481,24928,24938,10
13.0106801987,80.2249298096,24938,24948,10
13.0109901428,80.2242126465,24948,24958,10
13.0111703873,80.2236480713,24958,24968,10
13.0113897324,80.2230300903,24968,24977,9
13.0116500854,80.2223434448,24977,24988,11
13.0120897293,80.2214431763,24988,24999,11
13.0125198364,80.2217330933,24999,25009,10
13.0128803253,80.2221832275,25009,25019,10
13.0131998062,80.2225112915,25019,25029,10
13.0136699677,80.2230529785,25029,25039,10
13.0142202377,80.2236633301,25039,25049,10
13.0147695541,80.2242126465,25049,25059,10
13.0154304504,80.2249298096,25059,25069,10
13.0163602829,80.2253036499,25069,25079,10
13.0174102783,80.2249832153,25079,25089,10
13.0186100006,80.2245025635,25089,25099,10
13.0193500519,80.2242965698,25099,25110,11
13.0196199417,80.2244415283,25110,25120,10
13.0201501846,80.224822998,25120,25130,10
13.0207796097,80.2253036499,25130,25140,10
13.0214300156,80.225769043,25140,25150,10
13.0221204758,80.2263031006,25150,25160,10
13.0229301453,80.2270202637,25160,25170,10
13.0239095688,80.2279205322,25170,25180,10
13.0245599747,80.228729248,25180,25190,10
13.0251703262,80.2295608521,25190,25200,10
13.0257396698,80.2304077148,25200,25210,10
13.026049614,80.2313232422,25210,25220,10
13.0263395309,80.2323303223,25220,25231,11
13.026889801,80.2334594727,25231,25241,10
13.0275697708,80.2345581055,25241,25251,10
13.0282001495,80.2355880737,25251,25261,10
13.0289897919,80.2365188599,25261,25271,10
13.029709816,80.2373123169,25271,25281,10
13.0301799774,80.238067627,25281,25291,10
13.0306100845,80.2387619019,25291,25301,10
13.0310096741,80.239402771,25301,25311,10
13.0311498642,80.2397613525,25311,25321,10
13.0313997269,80.2401580811,25321,25331,10
13.0315599442,80.2408676147,25331,25341,10
13.0319099426,80.2416381836,25341,25352,11
13.0323801041,80.2423782349,25352,25362,10
13.0330295563,80.2432174683,25362,25372,10
13.0336103439,80.2440032959,25372,25382,10
13.0339803696,80.2445983887,25382,25392,10
13.0345096588,80.2452087402,25392,25402,10
13.0351896286,80.2459182739,25402,25412,10
13.0357999802,80.2461166382,25412,25422,10
13.035900116,80.2462005615,25422,25432,10
13.0364704132,80.2463531494,25432,25442,10
13.0372600555,80.2464675903,25442,25452,10
13.0378103256,80.2464523315,25452,25462,10
13.0385398865,80.2466812134,25462,25473,11
13.0392799377,80.2469024658,25473,25483,10
13.0399703979,80.2470016479,25483,25493,10
13.0408496857,80.2471466064,25493,25503,10
13.0418796539,80.2473602295,25503,25513,10
13.0428199768,80.2476730347,25513,25523,10
13.0437202454,80.2478485107,25523,25533,10
13.0444402695,80.2478637695,25533,25543,10
13.0451097488,80.2480926514,25543,25553,10
13.0457801819,80.2483596802,25553,25563,10
13.0466299057,80.2483825684,25563,25573,10
13.046959877,80.248336792,25573,25583,10
13.0473098755,80.2484817505,25583,25594,11
13.0478496552,80.2489776611,25594,25604,10
13.0484600067,80.2495727539,25604,25614,10
13.049249649,80.2497024536,25614,25624,10
13.0501298904,80.2498779297,25624,25634,10
13.051150322,80.2500762939,25634,25644,10
13.0521001816,80.2506408691,25644,25654,10
13.0528497696,80.2516326904,25654,25664,10
13.0536403656,80.2527084351,25664,25674,10
13.054400444,80.2537384033,25674,25684,10
13.0551395416,80.2547302246,25684,25694,10
13.0559101105,80.2557678223,25694,25705,11
13.0566301346,80.256652832,25705,25715,10
13.0571699142,80.2571105957,25715,25725,10
13.0579004288,80.2577362061,25725,25735,10
13.0585803986,80.2586135864,25735,25745,10
13.0591697693,80.259437561,25745,25755,10
13.0597600937,80.2601165771,25755,25765,10
13.0603904724,80.2607421875,25765,25775,10
13.0607204437,80.261138916,25775,25785,10
13.0607700348,80.2612304688,25785,25795,10
13.0610599518,80.2616424561,25795,25805,10
13.0615196228,80.2621612549,25805,25815,10
13.0620298386,80.2628097534,25815,25826,11
13.0626897812,80.2635879517,25826,25836,10
13.0631799698,80.2641296387,25836,25846,10
13.063249588,80.264251709,25846,25856,10
13.0635004044,80.2646484375,25856,25866,10
13.0638799667,80.2652282715,25866,25876,10
13.0643100739,80.2658233643,25876,25886,10
13.0648298264,80.2664489746,25886,25896,10
13.0653896332,80.2670288086,25896,25906,10
13.0659704208,80.2676696777,25906,25916,10
13.066619873,80.2683410645,25916,25926,10
13.0670204163,80.2685165405,25926,25936,10
13.0673599243,80.2687530518,25936,25947,11
13.0679998398,80.2692337036,25947,25957,10
13.0683403015,80.2691268921,25957,25967,10
13.0684995651,80.2686004639,25967,25977,10
13.0687503815,80.267906189,25977,25987,10
13.0690898895,80.2671203613,25987,25997,10
13.0697002411,80.2665710449,25997,26007,10
13.0702495575,80.2660293579,26007,26017,10
13.0703601837,80.2658996582,26017,26027,10
13.0706195831,80.2656021118,26027,26037,10
13.0711202621,80.2651062012,26037,26047,10
13.0716199875,80.2645568848,26047,26057,10
13.0722103119,80.2638397217,26057,26068,11
13.0725402832,80.2629776001,26068,26078,10
13.0726995468,80.2624893188,26078,26088,10
13.0728197098,80.2621994019,26088,26098,10
13.0729503632,80.261932373,26098,26108,10
13.0730304718,80.2614212036,26108,26118,10
13.0732097626,80.2611465454,26118,26128,10
13.0736598969,80.2615127563,26128,26138,10
13.074139595,80.2620697021,26138,26148,10
13.0746202469,80.2626495361,26148,26158,10
13.0751399994,80.263343811,26158,26168,10
13.0756397247,80.2640304565,26168,26178,10
13.0762395859,80.2641906738,26178,26189,11
13.0770101547,80.2641220093,26189,26199,10
13.0775604248,80.2638702393,26199,26209,10
13.0778999329,80.2635803223,26209,26219,10
13.0780296326,80.2634887695,26219,26229,10
13.078040123,80.263130188,26229,26239,10
13.077870369,80.2625579834,26239,26249,10
13.0776395798,80.2618789673,26249,26259,10
13.0773601532,80.2611236572,26259,26279,20
13.0773601532,80.2611236572,26279,26289,10
13.0773096085,80.2610015869,26289,26299,10
13.0771598816,80.2606964111,26299,26310,11
13.0768404007,80.2604293823,26310,26320,10
13.0763397217,80.260017395,26320,26330,10
13.0757799149,80.2594833374,26330,26340,10
13.0754804611,80.2585220337,26340,26370,30
13.0754804611,80.2585220337,26370,26380,10
13.0754299164,80.2582321167,26380,26390,10
13.075750351,80.2579269409,26390,26400,10
13.0763196945,80.2574386597,26400,26410,10
13.0770101547,80.2568893433,26410,26421,11
13.0778799057,80.2566604614,26421,26431,10
13.0788297653,80.2565994263,26431,26441,10
13.079079628,80.2563476563,26441,26451,10
13.0790500641,80.2557525635,26451,26461,10
13.0789804459,80.2548980713,26461,26471,10
13.0793304443,80.2545394897,26471,26481,10
13.0801296234,80.2546386719,26481,26491,10
13.0809698105,80.2547607422,26491,26501,10
13.0815200806,80.2547988892,26501,26511,10
13.0818195343,80.2543411255,26511,26521,10
13.0819101334,80.2538223267,26521,26531,10
13.0819396973,80.2531509399,26531,26542,11
13.0815296173,80.2524185181,26542,26552,10
13.081410408,80.2515716553,26552,26562,10
13.0813903809,80.2509307861,26562,26572,10
13.0813798904,80.250289917,26572,26582,10
13.0814504623,80.2496032715,26582,26592,10
13.0819997787,80.249671936,26592,26602,10
13.0828199387,80.2498092651,26602,26612,10
13.0836601257,80.2499389648,26612,26622,10
13.0844602585,80.2500915527,26622,26632,10
13.0847997665,80.2501602173,26632,26642,10
13.0851802826,80.2502365112,26642,26652,10
13.0857400894,80.2502975464,26652,26663,11
13.0859298706,80.2499771118,26663,26673,10
13.0859003067,80.249168396,26673,26683,10
13.0858297348,80.2481994629,26683,26693,10
13.0858001709,80.2471923828,26693,26703,10
13.0857496262,80.2463607788,26703,26713,10
13.0857400894,80.24609375,26713,26723,10
13.0857200623,80.2456970215,26723,26733,10
13.0856800079,80.2452774048,26733,26763,30
13.0856800079,80.2452774048,26763,26773,10
13.0857095718,80.2450637817,26773,26784,11
13.0861597061,80.244720459,26784,26794,10
13.0868196487,80.2442169189,26794,26804,10
13.0875301361,80.2436523438,26804,26814,10
13.0878696442,80.2430114746,26814,26824,10
13.0880498886,80.2421875,26824,26834,10
13.0887203217,80.2416534424,26834,26844,10
13.0895004272,80.2411193848,26844,26854,10
13.0904798508,80.2407989502,26854,26864,10
13.0915403366,80.2408828735,26864,26874,10
13.0924396515,80.2409286499,26874,26884,10
13.0933799744,80.2410430908,26884,26894,10
13.0942497253,80.2411727905,26894,26905,11
13.0943498611,80.2411880493,26905,26915,10
13.0946598053,80.2412261963,26915,26925,10
13.0952796936,80.2413787842,26925,26935,10
13.0960102081,80.2416610718,26935,26945,10
13.0966997147,80.2419281006,26945,26955,10
13.0972700119,80.2420806885,26955,26965,10
13.0973100662,80.2420806885,26965,26975,10
13.0976495743,80.2421569824,26975,26985,10
13.0981702805,80.2422790527,26985,26995,10
13.0986003876,80.2423171997,26995,27005,10
13.0987100601,80.2422714233,27005,27015,10
13.0987796783,80.2419128418,27015,27026,11
13.0984802246,80.242149353,27026,27530,504
13.0985298157,80.2423782349,27530,27812,282
13.0987100601,80.2423400879,27812,28064,252
13.0987100601,80.2423400879,28064,28074,10
13.0984802246,80.2422332764,28074,28286,212
13.0984802246,80.2422332764,28286,28296,10
13.0983600616,80.2424087524,28296,28306,10
13.0979404449,80.2423324585,28306,28316,10
13.0975198746,80.2422409058,28316,28326,10
13.0971002579,80.2420806885,28326,28335,9
13.0965099335,80.2418518066,28335,28347,12
13.0958003998,80.2415924072,28347,28357,10
13.0953302383,80.2414474487,28357,28367,10
13.0949401855,80.2413330078,28367,28377,10
13.0945100784,80.2412490845,28377,28387,10
13.0935497284,80.2410964966,28387,28407,20
13.0935497284,80.2410964966,28407,28417,10
13.0933704376,80.2410583496,28417,28427,10
13.0929298401,80.2409973145,28427,28437,10
13.0923700333,80.2409591675,28437,28447,10
13.091750145,80.2409210205,28447,28457,10
13.0909996033,80.2408828735,28457,28468,11
13.0901298523,80.2409133911,28468,28478,10
13.0894603729,80.2412033081,28478,28488,10
13.0889101028,80.2416000366,28488,28498,10
13.0883598328,80.2420196533,28498,28508,10
13.0879602432,80.2425994873,28508,28518,10
13.0878696442,80.2431793213,28518,28528,10
13.0877599716,80.2434387207,28528,28538,10
13.0874300003,80.2438430786,28538,28548,10
13.0869903564,80.2441864014,28548,28558,10
13.0865602493,80.2445831299,28558,28568,10
13.0861597061,80.2448883057,28568,28577,9
13.0858201981,80.2452011108,28577,28589,12
13.0857000351,80.2455673218,28589,28599,10
13.0857095718,80.2459335327,28599,28609,10
13.0857400894,80.246383667,28609,28619,10
13.0857801437,80.2467727661,28619,28629,10
13.0857801437,80.2467880249,28629,28639,10
13.0858297348,80.2472229004,28639,28649,10
13.0858697891,80.2480621338,28649,28659,10
13.0859298706,80.2490310669,28659,28669,10
13.0859699249,80.2500534058,28669,28679,10
13.0859298706,80.2507400513,28679,28689,10
13.0858097076,80.2513580322,28689,28699,10
13.0856800079,80.2520217896,28699,28710,11
13.0856199265,80.2527008057,28710,28720,10
13.085559845,80.2532806396,28720,28730,10
13.0855903625,80.2537689209,28730,28740,10
13.085650444,80.2544631958,28740,28750,10
13.0855197906,80.2547225952,28750,28760,10
13.0850896835,80.2547073364,28760,28770,10
13.0844402313,80.2546081543,28770,28780,10
13.0839004517,80.2545471191,28780,28800,20
13.0839004517,80.2545471191,28800,28810,10
13.0834703445,80.2545013428,28810,28820,10
13.0828104019,80.2545013428,28820,28831,11
13.0821800232,80.2545166016,28831,28841,10
13.0815000534,80.2548370361,28841,28851,10
13.0809803009,80.2548294067,28851,28861,10
13.080789566,80.2548370361,28861,28871,10
13.0806798935,80.2548217773,28871,28881,10
13.0802202225,80.2547225952,28881,28891,10
13.0793800354,80.2546234131,28891,28901,10
13.0790300369,80.2550582886,28901,28911,10
13.0791101456,80.2558898926,28911,28921,10
13.0790700912,80.2566070557,28921,28931,10
13.0786104202,80.2566680908,28931,28942,11
13.0781698227,80.2566680908,28942,28952,10
13.077580452,80.256729126,28952,28962,10
13.0769500732,80.2569732666,28962,28972,10
13.0762796402,80.257522583,28972,28982,10
13.0756196976,80.2581481934,28982,28992,10
13.0755500793,80.2586288452,28992,29002,10
13.0757198334,80.2592163086,29002,29012,10
13.0762796402,80.2598266602,29012,29022,10
13.0767803192,80.2602920532,29022,29032,10
13.0769500732,80.2604217529,29032,29042,10
13.0772199631,80.2606964111,29042,29052,10
13.0775003433,80.2612915039,29052,29063,11
13.0778303146,80.2621383667,29063,29093,30
13.0778303146,80.2621383667,29093,29103,10
13.0778799057,80.2623062134,29103,29113,10
13.0779304504,80.2626495361,29113,29123,10
13.0781402588,80.2631607056,29123,29133,10
13.0781097412,80.2634811401,29133,29143,10
13.0775899887,80.2639007568,29143,29153,10
13.0770301819,80.2641067505,29153,29163,10
13.0762500763,80.2642364502,29163,29173,10
13.0756797791,80.2641906738,29173,29184,11
13.0752000809,80.2635269165,29184,29194,10
13.074669838,80.2628479004,29194,29204,10
13.074090004,80.2621383667,29204,29214,10
13.0736598969,80.2616271973,29214,29224,10
13.0736303329,80.2616119385,29224,29234,10
13.073340416,80.261428833,29234,29244,10
13.0730304718,80.2618637085,29244,29254,10
13.0727701187,80.2625808716,29254,29264,10
13.0725603104,80.2631912231,29264,29274,10
13.0722703934,80.2637405396,29274,29284,10
13.0718603134,80.2643127441,29284,29294,10
13.0715303421,80.2646789551,29294,29305,11
13.0714702606,80.2647399902,29305,29315,10
13.0711898804,80.2650375366,29315,29325,10
13.0707197189,80.2655563354,29325,29335,10
13.0701799393,80.2661132813,29335,29345,10
13.0696201324,80.2666625977,29345,29355,10
13.0690202713,80.2673034668,29355,29365,10
13.0686502457,80.2683029175,29365,29375,10
13.0684204102,80.2691116333,29375,29385,10
13.06828022,80.2697601318,29385,29395,10
13.0681695938,80.2704467773,29395,29405,10
13.0679597855,80.2710571289,29405,29415,10
13.067440033,80.2707138062,29415,29426,11
13.0672903061,80.2705535889,29426,29436,10
13.067199707,80.2704391479,29436,29446,10
13.0669298172,80.270149231,29446,29456,10
13.0665397644,80.2696228027,29456,29466,10
13.0664196014,80.2687606812,29466,29476,10
13.0659704208,80.2679672241,29476,29486,10
13.065580368,80.2676925659,29486,29496,10
13.0655097961,80.2676925659,29496,29506,10
13.0653495789,80.2676391602,29506,29516,10
13.0648202896,80.267539978,29516,29526,10
13.0640802383,80.2674407959,29526,29536,10
13.0633401871,80.267288208,29536,29547,11
13.0625495911,80.2669296265,29547,29557,10
13.0619297028,80.2661972046,29557,29567,10
13.061340332,80.2654266357,29567,29577,10
13.0607204437,80.2653198242,29577,29597,20
13.0607204437,80.2653198242,29597,29607,10
13.0604496002,80.2654266357,29607,29617,10
13.0599403381,80.2655792236,29617,29627,10
13.0592699051,80.2655029297,29627,29637,10
13.0584201813,80.2653427124,29637,29647,10
13.0580396652,80.2645797729,29647,29657,10
13.0578899384,80.2634887695,29657,29668,11
13.0577602386,80.2624130249,29668,29678,10
13.0576095581,80.2615203857,29678,29688,10
13.0574398041,80.2607421875,29688,29698,10
13.0571498871,80.2598571777,29698,29708,10
13.0568599701,80.2589416504,29708,29718,10
13.0565500259,80.2574691772,29718,29738,20
13.0565500259,80.2574691772,29738,29748,10
13.0564899445,80.2572021484,29748,29758,10
13.0563097,80.2566070557,29758,29768,10
13.0559902191,80.2560501099,29768,29778,10
13.0554304123,80.2552871704,29778,29789,11
13.0547103882,80.2543182373,29789,29799,10
13.0542402267,80.2537384033,29799,29809,10
13.0541601181,80.2536315918,29809,29819,10
13.0539703369,80.2533493042,29819,29829,10
13.0535898209,80.252746582,29829,29839,10
13.0530099869,80.251953125,29839,29849,10
13.052359581,80.251083374,29849,29859,10
13.0515604019,80.2502975464,29859,29869,10
13.0504798889,80.2499465942,29869,29879,10
13.0493202209,80.2497711182,29879,29889,10
13.0482702255,80.2495269775,29889,29899,10
13.0471897125,80.2486801147,29899,29920,21
13.0471897125,80.2486801147,29920,29930,10
13.0468902588,80.248588562,29930,29940,10
13.0461997986,80.2485275269,29940,29950,10
13.0454998016,80.2483062744,29950,29960,10
13.0447902679,80.2480926514,29960,29970,10
13.0439195633,80.2479400635,29970,29980,10
13.0430202484,80.2477874756,29980,29990,10
13.0425901413,80.2476501465,29990,30000,10
13.0424995422,80.2477111816,30000,30010,10
13.042090416,80.2477111816,30010,30020,10
13.0415496826,80.2475662231,30020,30031,11
13.0415096283,80.2475585938,30031,30041,10
13.0411500931,80.2474365234,30041,30051,10
13.0403995514,80.247253418,30051,30061,10
13.0397100449,80.2471237183,30061,30081,20
13.0397100449,80.2471237183,30081,30091,10
13.0396404266,80.2468566895,30091,30111,20
13.0396404266,80.2468566895,30111,30121,10
13.0393295288,80.2468185425,30121,30131,10
13.0388803482,80.2468338013,30131,30141,10
13.0382299423,80.2467193604,30141,30152,11
13.0376195908,80.2466506958,30152,30162,10
13.0368795395,80.2465209961,30162,30172,10
13.0361795425,80.2464065552,30172,30182,10
13.0357999802,80.2462921143,30182,30192,10
13.0352497101,80.24609375,30192,30212,20
13.0352497101,80.24609375,30212,30222,10
13.0349903107,80.2459106445,30222,30232,10
13.0346002579,80.2454071045,30232,30242,10
13.0340595245,80.2447814941,30242,30252,10
13.033490181,80.2440872192,30252,30262,10
13.0327997208,80.2431869507,30262,30273,11
13.0319004059,80.241859436,30273,30303,30
13.0319004059,80.241859436,30303,30313,10
13.0317802429,80.2415924072,30313,30323,10
13.0316200256,80.2411575317,30323,30333,10
13.0312099457,80.2403488159,30333,30444,111
13.0312099457,80.2403488159,30444,30454,10
13.0311698914,80.2401199341,30454,30464,10
13.0310096741,80.2397613525,30464,30474,10
13.0306301117,80.2390670776,30474,30484,10
13.030090332,80.2381515503,30484,30494,10
13.0296201706,80.2373962402,30494,30504,10
13.029129982,80.2368774414,30504,30515,11
13.0290498734,80.2367630005,30515,30525,10
13.0287303925,80.2364196777,30525,30535,10
13.0282297134,80.2358627319,30535,30545,10
13.0277204514,80.2351379395,30545,30555,10
13.0272197723,80.2342681885,30555,30565,10
13.0267696381,80.2335586548,30565,30595,30
13.0267696381,80.2335586548,30595,30605,10
13.0266599655,80.2333602905,30605,30615,10
13.0263996124,80.2328720093,30615,30624,9
13.0261802673,80.2322998047,30624,30636,12
13.0260601044,80.2317733765,30636,30656,20
13.0260601044,80.2317733765,30656,30666,10
13.0259799957,80.2315063477,30666,30676,10
13.0258398056,80.2309570313,30676,30686,10
13.0254602432,80.2302093506,30686,30696,10
13.0245800018,80.229057312,30696,30716,20
13.0245800018,80.229057312,30716,30726,10
13.0245399475,80.2289962769,30726,30736,10
13.0244102478,80.2288208008,30736,30746,10
13.0240097046,80.228302002,30746,30767,21
13.0240097046,80.228302002,30767,30777,10
13.0238103867,80.2280426025,30777,30787,10
13.0235500336,80.2277526855,30787,30797,10
13.0231704712,80.2273864746,30797,30807,10
13.0226802826,80.2269134521,30807,30817,10
13.0220098495,80.2263183594,30817,30827,10
13.021229744,80.2257003784,30827,30837,10
13.0204496384,80.2251663208,30837,30846,9
13.0200796127,80.2249069214,30846,30857,11
13.0200004578,80.224899292,30857,30867,10
13.0196399689,80.2246398926,30867,30878,11
13.0187501907,80.2245330811,30878,30888,10
13.0178098679,80.2248764038,30888,30898,10
13.0168800354,80.2252731323,30898,30908,10
13.0162801743,80.2255096436,30908,30918,10
13.0157003403,80.2257003784,30918,30928,10
13.0152797699,80.2259063721,30928,30938,10
13.014960289,80.2260513306,30938,30948,10
13.0144300461,80.2262420654,30948,30958,10
13.0143299103,80.2262802124,30958,30968,10
13.0142297745,80.2263031006,30968,30978,10
13.013759613,80.2264785767,30978,30988,10
13.013010025,80.2267684937,30988,30999,11
13.012140274,80.2271270752,30999,31009,10
13.0112600327,80.2274780273,31009,31019,10
13.010310173,80.2278671265,31019,31029,10
13.0094003677,80.2282485962,31029,31039,10
13.0090398788,80.2290878296,31039,31049,10
13.0088300705,80.2301712036,31049,31059,10
13.0086402893,80.2312698364,31059,31069,10
13.0084896088,80.232170105,31069,31079,10
13.0083703995,80.2328872681,31079,31089,10
13.0083198547,80.2333526611,31089,31099,10
13.008310318,80.2333602905,31099,31108,9
13.0082502365,80.2333908081,31108,31120,12
13.0081501007,80.2338027954,31120,31130,10
13.0080404282,80.2343978882,31130,31140,10
13.0079097748,80.2350921631,31140,31150,10
13.0078697205,80.2352828979,31150,31160,10
13.0078601837,80.2354278564,31160,31170,10
13.0077896118,80.2358093262,31170,31180,10
13.0076704025,80.2364196777,31180,31200,20
13.0076704025,80.2364196777,31200,31210,10
13.0075798035,80.2368087769,31210,31220,10
13.0074996948,80.2372436523,31220,31230,10
13.0074195862,80.2377090454,31230,31241,11
13.0073404312,80.2381515503,31241,31251,10
13.0072498322,80.2386398315,31251,31261,10
13.0071802139,80.2389221191,31261,31392,131
13.0071802139,80.2389221191,31392,31402,10
13.007060051,80.2394866943,31402,31412,10
13.0069503784,80.2401428223,31412,31422,10
13.0068798065,80.2406768799,31422,31432,10
13.0068702698,80.2407302856,31432,31442,10
13.0068302155,80.2409286499,31442,31452,10
13.0067596436,80.2416000366,31452,31462,10
13.0067596436,80.2422866821,31462,31472,10
13.0067596436,80.2426681519,31472,31483,11
13.0067396164,80.2430114746,31483,31493,10
13.0067300797,80.243270874,31493,31503,10
13.0066900253,80.2437133789,31503,31573,70
13.0066900253,80.2437133789,31573,31583,10
13.0066699982,80.244392395,31583,31593,10
13.0066995621,80.245010376,31593,31604,11
13.0067396164,80.2456665039,31604,31614,10
13.0067596436,80.2462387085,31614,31624,10
13.0067901611,80.246711731,31624,31634,10
13.0067796707,80.2473220825,31634,31644,10
13.0067396164,80.2480163574,31644,31654,10
13.0067901611,80.2489624023,31654,31664,10
13.0067901611,80.2501907349,31664,31674,10
13.0067996979,80.2513427734,31674,31684,10
13.0066099167,80.252281189,31684,31694,10
13.0065803528,80.2532806396,31694,31704,10
13.0065803528,80.2543029785,31704,31714,10
13.0066099167,80.255027771,31714,31735,21
13.0066099167,80.255027771,31735,31745,10
13.0066099167,80.2552566528,31745,31755,10
13.0066099167,80.2559967041,31755,31765,10
13.006649971,80.2567977905,31765,31775,10
13.0066900253,80.2572631836,31775,31785,10
13.0063400269,80.2575683594,31785,31795,10
13.0057201385,80.2574081421,31795,31805,10
13.0050201416,80.257232666,31805,31815,10
13.0041704178,80.2570114136,31815,31825,10
13.0037002563,80.256980896,31825,31866,41
13.0037002563,80.256980896,31866,31876,10
13.0035200119,80.2570266724,31876,31886,10
13.0032100677,80.2569122314,31886,31896,10
13.002869606,80.2568130493,31896,31906,10
13.0021400452,80.256690979,31906,31967,61
13.0021400452,80.256690979,31967,31977,10
13.0015201569,80.2565231323,31977,31987,10
13.0009698868,80.2564620972,31987,31997,10
13.000120163,80.2563476563,31997,32047,50
13.000120163,80.2563476563,32047,32056,9
12.999830246,80.2563171387,32056,32067,11
12.9996204376,80.2562789917,32067,32077,10
12.9992198944,80.256187439,32077,32087,10
12.9987001419,80.2561035156,32087,32098,11
12.9986400604,80.2560577393,32098,32108,10
12.9985599518,80.2560424805,32108,32118,10
12.998290062,80.2559967041,32118,32128,10
12.9979896545,80.2559661865,32128,32138,10
12.9975099564,80.2559967041,32138,32148,10
12.9971599579,80.2559814453,32148,32158,10
12.9968795776,80.2559585571,32158,32168,10
12.996629715,80.2559432983,32168,32177,9
12.996339798,80.2559127808,32177,32188,11
12.9959697723,80.255897522,32188,32198,10
12.9956798553,80.2558898926,32198,32208,10
12.9954004288,80.2558898926,32208,32219,11
12.9949398041,80.2558898926,32219,32229,10
12.9944801331,80.2559280396,32229,32239,10
12.9939699173,80.2560119629,32239,32249,10
12.9931201935,80.2560272217,32249,32259,10
12.9920396805,80.256072998,32259,32269,10
12.9910001755,80.2560577393,32269,32289,20
12.9910001755,80.2560577393,32289,32298,9
12.9907999039,80.2560272217,32298,32309,11
12.9902095795,80.2559967041,32309,32319,10
12.9895401001,80.2559814453,32319,32329,10
12.9885501862,80.2559432983,32329,32350,21
12.9885501862,80.2559432983,32350,32360,10
12.9881000519,80.2558670044,32360,32370,10
12.9876804352,80.255897522,32370,32380,10
12.9876003265,80.2566375732,32380,32390,10
12.9875202179,80.2574462891,32390,32400,10
12.987449646,80.2583694458,32400,32410,10
12.9873895645,80.2591018677,32410,32419,9
12.9872198105,80.2595825195,32419,32451,32
12.9872198105,80.2595825195,32451,32461,10
12.9871397018,80.2596206665,32461,32471,10
12.9869804382,80.2595596313,32471,32481,10
12.9869098663,80.2592010498,32481,32571,90
12.9872598648,80.2591018677,32571,32813,242
12.9872598648,80.2591018677,32813,32824,11
12.9873895645,80.2589492798,32824,32834,10
12.9874200821,80.2584609985,32834,32844,10
12.9874696732,80.2578887939,32844,32854,10
12.9875202179,80.2572631836,32854,32864,10
12.987569809,80.2565917969,32864,32874,10
12.987569809,80.256149292,32874,33024,150
12.987569809,80.256149292,33024,33035,11
12.9878101349,80.2557525635,33035,33045,10
12.9882202148,80.2558288574,33045,33055,10
12.9885902405,80.2558670044,33055,33066,11
12.9886798859,80.2558898926,33066,33076,10
12.9887695313,80.2559127808,33076,33086,10
12.9891700745,80.2559585571,33086,33096,10
12.9897899628,80.2559890747,33096,33106,10
12.9903402328,80.2559585571,33106,33116,10
12.9908800125,80.2559814453,33116,33126,10
12.9916801453,80.2560272217,33126,33136,10
12.9924697876,80.2560424805,33136,33146,10
12.9934101105,80.2559890747,33146,33156,10
12.9943504333,80.2559432983,33156,33166,10
12.9947900772,80.2558822632,33166,33175,9
12.9951696396,80.2558822632,33175,33187,12
12.9959201813,80.2558670044,33187,33197,10
12.9965000153,80.255859375,33197,33207,10
12.9966602325,80.255859375,33207,33217,10
12.9969501495,80.255859375,33217,33227,10
12.9974298477,80.2558822632,33227,33237,10
12.9980602264,80.2559204102,33237,33247,10
12.9986495972,80.2559661865,33247,33257,10
12.9988498688,80.2559967041,33257,33267,10
12.9989004135,80.2560424805,33267,33277,10
12.9992198944,80.2560806274,33277,33318,41
12.9992198944,80.2560806274,33318,33328,10
12.999329567,80.2560424805,33328,33338,10
12.9997596741,80.2561569214,33338,33348,10
13.0004901886,80.2563171387,33348,33358,10
13.0010299683,80.2564163208,33358,33388,30
13.0010299683,80.2564163208,33388,33398,10
13.0011100769,80.2564620972,33398,33408,10
13.001540184,80.2565536499,33408,33418,10
13.0021800995,80.2566375732,33418,33427,9
13.002820015,80.2567520142,33427,33439,12
13.003660202,80.2569198608,33439,33449,10
13.0043401718,80.2570419312,33449,33459,10
13.0049200058,80.2571563721,33459,33469,10
13.0052499771,80.2571792603,33469,33479,10
13.0056295395,80.257270813,33479,33489,10
13.0061798096,80.2573928833,33489,33499,10
13.0065603256,80.257232666,33499,33509,10
13.0065603256,80.256401062,33509,33519,10
13.006529808,80.2554397583,33519,33529,10
13.0065202713,80.2544174194,33529,33539,10
13.0065097809,80.2534332275,33539,33549,10
13.0065202713,80.2532196045,33549,33560,11
13.0065202713,80.2527999878,33560,33570,10
13.0066003799,80.2521362305,33570,33630,60
13.0067596436,80.2519683838,33630,33669,39
13.0067596436,80.2519683838,33669,33681,12
13.0067396164,80.2515563965,33681,33691,10
13.006770134,80.2514266968,33691,33701,10
13.0067996979,80.2510910034,33701,33711,10
13.0067996979,80.2505264282,33711,33721,10
13.0067901611,80.2498397827,33721,33771,50
13.0067901611,80.2498397827,33771,33781,10
13.0067796707,80.2496032715,33781,33862,81
13.0067796707,80.2496032715,33862,33872,10
13.0069799423,80.2495803833,33872,33963,91
13.0069799423,80.2495803833,33963,33973,10
13.0068597794,80.2493362427,33973,33983,10
13.0068101883,80.2489395142,33983,33993,10
13.0067300797,80.248588562,33993,34074,81
13.0067300797,80.248588562,34074,34084,10
13.0067501068,80.248298645,34084,34094,10
13.0066995621,80.2479400635,34094,34104,10
13.0066795349,80.2472915649,34104,34114,10
13.006649971,80.2468185425,34114,34124,10
13.0066299438,80.2466888428,34124,34134,10
13.0066795349,80.2462387085,34134,34144,10
13.0066795349,80.245880127,34144,34154,10
13.0066699982,80.2456436157,34154,34165,11
13.0066604614,80.2455368042,34165,34175,10
13.006649971,80.2451324463,34175,34185,10
13.006649971,80.2451324463,34185,34195,10
13.0066099167,80.2449493408,34195,34203,8
13.0066099167,80.244758606,34203,34223,20
13.0065803528,80.2443008423,34223,34233,10
13.0065803528,80.2442474365,34233,34243,10
13.0065603256,80.2439117432,34243,34253,10
13.0065498352,80.2436523438,34253,34263,10
13.0065498352,80.2432479858,34263,34273,10
13.0065803528,80.2428970337,34273,34284,11
13.0066003799,80.2425918579,34284,34294,10
13.0066204071,80.2423171997,34294,34304,10
13.0066204071,80.2419815063,34304,34314,10
13.0066299438,80.2414703369,34314,34324,10
13.0067100525,80.2408065796,34324,34364,40
13.0067100525,80.2408065796,34364,34374,10
13.0067796707,80.2405014038,34374,34384,10
13.0068702698,80.2400970459,34384,34393,9
13.0069599152,80.2396621704,34393,34405,12
13.0070800781,80.2389984131,34405,34415,10
13.0071601868,80.2384567261,34415,34425,10
13.007229805,80.2379684448,34425,34435,10
13.0073404312,80.2374191284,34435,34445,10
13.007399559,80.236869812,34445,34455,10
13.0074195862,80.2367324829,34455,34465,10
13.0074796677,80.2365493774,34465,34475,10
13.0076198578,80.2359924316,34475,34485,10
13.0078001022,80.2351226807,34485,34495,10
13.0080003738,80.2341003418,34495,34505,10
13.0082597733,80.2329177856,34505,34515,10
13.0085296631,80.231552124,34515,34526,11
13.0087995529,80.230178833,34526,34536,10
13.0090799332,80.2288208008,34536,34546,10
13.0094299316,80.2276306152,34546,34556,10
13.0099697113,80.2264328003,34556,34566,10
13.0105400085,80.2252883911,34566,34576,10
13.0108098984,80.2246322632,34576,34586,10
13.0109100342,80.2243118286,34586,34596,10
13.0109901428,80.2240600586,34596,34606,10
13.0111999512,80.2235488892,34606,34616,10
13.0114803314,80.2228927612,34616,34626,10
13.011639595,80.2221298218,34626,34636,10
13.011879921,80.2215423584,34636,34647,11
13.0122404099,80.2215423584,34647,34657,10
13.012550354,80.2219696045,34657,34667,10
13.0129404068,80.2224807739,34667,34677,10
13.013589859,80.2229766846,34677,34687,10
13.0140304565,80.223449707,34687,34697,10
13.0142402649,80.223777771,34697,34707,10
13.0146598816,80.224357605,34707,34717,10
13.0152902603,80.224861145,34717,34727,10
13.0159397125,80.2253189087,34727,34737,10
13.0167598724,80.2252502441,34737,34747,10
13.0174303055,80.2249526978,34747,34757,10
13.0177001953,80.2248077393,34757,34768,11
13.0178699493,80.2247314453,34768,34778,10
13.0180196762,80.2246704102,34778,34788,10
13.0183200836,80.2245407104,34788,34798,10
13.0184803009,80.2244796753,34798,34808,10
13.0187797546,80.224357605,34808,34818,10
13.0193395615,80.2242965698,34818,34838,20
13.0193395615,80.2242965698,34838,34848,10
13.0195198059,80.2244033813,34848,34889,41
13.0195198059,80.2244033813,34889,34899,10
13.0196695328,80.2245101929,34899,34909,10
13.0199203491,80.2246780396,34909,34919,10
13.0199804306,80.2247161865,34919,34929,10
13.0201597214,80.2248687744,34929,34939,10
13.0203199387,80.2249832153,34939,34949,10
13.0204896927,80.2250900269,34949,34959,10
13.0207395554,80.2252807617,34959,34969,10
13.0209903717,80.225479126,34969,34979,10
13.0212402344,80.2257080078,34979,34989,10
13.021490097,80.2258605957,34989,35020,31
13.021490097,80.2258605957,35020,35030,10
13.0216798782,80.2259292603,35030,35040,10
13.0217599869,80.2260131836,35040,35050,10
13.0218400955,80.2260894775,35050,35060,10
13.0220403671,80.2261962891,35060,35070,10
13.022190094,80.2262878418,35070,35080,10
13.0223903656,80.2265167236,35080,35090,10
13.022600174,80.2267074585,35090,35141,51
13.022600174,80.2267074585,35141,35151,10
13.0228595734,80.2270889282,35151,35161,10
13.0229902267,80.2272415161,35161,35171,10
13.0231199265,80.2273635864,35171,35181,10
13.0232601166,80.2275390625,35181,35191,10
13.0236501694,80.2278213501,35191,35201,10
13.024020195,80.2281036377,35201,35251,50
13.024020195,80.2281036377,35251,35262,11
13.0243196487,80.2284317017,35262,35272,10
13.024479866,80.2286529541,35272,35282,10
13.0246200562,80.2288513184,35282,35292,10
13.0247602463,80.229057312,35292,35302,10
13.0249996185,80.2293930054,35302,35312,10
13.0254402161,80.2299118042,35312,35342,30
13.0254402161,80.2299118042,35342,35352,10
13.0255098343,80.2300033569,35352,35362,10
13.0256700516,80.2303237915,35362,35372,10
13.0258102417,80.2305984497,35372,35383,11
13.0259399414,80.2309265137,35383,35393,10
13.0260400772,80.2312164307,35393,35403,10
13.0261802673,80.2317428589,35403,35413,10
13.0263595581,80.2324295044,35413,35423,10
13.0267000198,80.2332305908,35423,35433,10
13.027179718,80.2339782715,35433,35443,10
13.027680397,80.2348175049,35443,35453,10
13.0281095505,80.2355499268,35453,35463,10
13.0286798477,80.2362213135,35463,35472,9
13.0292596817,80.2368392944,35472,35483,11
13.0295600891,80.2371826172,35483,35493,10
13.0295600891,80.2371902466,35493,35504,11
13.0297899246,80.2375106812,35504,35514,10
13.0300798416,80.2379684448,35514,35524,10
13.0304899216,80.2386398315,35524,35534,10
13.0308904648,80.2393493652,35534,35544,10
13.0311603546,80.2397994995,35544,35554,10
13.0313100815,80.2400665283,35554,35564,10
13.0313997269,80.2404098511,35564,35574,10
13.0314798355,80.2407226563,35574,35584,10
13.0315704346,80.2408676147,35584,35594,10
13.0317001343,80.2412109375,35594,35604,10
13.0318698883,80.2416381836,35604,35614,10
13.0321397781,80.2421264648,35614,35625,11
13.0325803757,80.2426681519,35625,35635,10
13.0329999924,80.2432174683,35635,35645,10
13.0334100723,80.2437820435,35645,35655,10
13.0338001251,80.2444076538,35655,35665,10
13.034239769,80.2449417114,35665,35675,10
13.0347499847,80.2454299927,35675,35685,10
13.0349798203,80.2457427979,35685,35695,10
13.0351400375,80.2459030151,35695,35705,10
13.0357904434,80.2461624146,35705,35725,20
13.0357904434,80.2461624146,35725,35735,10
13.0359201431,80.246131897,35735,35746,11
13.0363101959,80.2463378906,35746,35756,10
13.0370397568,80.2464981079,35756,35766,10
13.0375795364,80.2463989258,35766,35776,10
13.0380496979,80.2465133667,35776,35786,10
13.0385904312,80.2467193604,35786,35816,30
13.0385904312,80.2467193604,35816,35826,10
13.0388202667,80.2468566895,35826,35836,10
13.0392198563,80.2469406128,35836,35846,10
13.0397195816,80.2470397949,35846,35856,10
13.0402498245,80.2471313477,35856,35867,11
13.0408000946,80.2472076416,35867,35877,10
13.0409002304,80.247253418,35877,35887,10
13.0415201187,80.2473526001,35887,35897,10
13.042140007,80.2474899292,35897,35907,10
13.0425796509,80.2476425171,35907,35917,10
13.0429096222,80.2477493286,35917,35927,10
13.0433301926,80.247833252,35927,35937,10
13.0437402725,80.2478408813,35937,35947,10
13.0440702438,80.2477798462,35947,35957,10
13.0444202423,80.2478637695,35957,35967,10
13.045009613,80.2480773926,35967,35977,10
13.0456104279,80.2483062744,35977,35988,11
13.0469999313,80.2483825684,35988,36008,20
13.0469999313,80.2483825684,36008,36018,10
13.0472402573,80.2484817505,36018,36028,10
13.0476903915,80.2489089966,36028,36038,10
13.0479898453,80.2491912842,36038,36048,10
13.0482597351,80.2494277954,36048,36058,10
13.048620224,80.2496414185,36058,36068,10
13.0492801666,80.2497177124,36068,36077,9
13.0497198105,80.2498016357,36077,36088,11
13.0498399734,80.2498397827,36088,36098,10
13.0499296188,80.2498931885,36098,36109,11
13.0502099991,80.2499465942,36109,36119,10
13.0505199432,80.2499771118,36119,36169,50
13.0505199432,80.2499771118,36169,36179,10
13.0511398315,80.2500305176,36179,36198,19
13.0511398315,80.2500305176,36198,36209,11
13.0513496399,80.2501068115,36209,36219,10
13.0515298843,80.2501983643,36219,36229,10
13.0516796112,80.2502670288,36229,36240,11
13.0517702103,80.2503204346,36240,36250,10
13.0519599915,80.2504730225,36250,36270,20
13.0519599915,80.2504730225,36270,36280,10
13.0521402359,80.2506484985,36280,36290,10
13.0522699356,80.250831604,36290,36300,10
13.0524702072,80.251121521,36300,36310,10
13.0524997711,80.251159668,36310,36320,10
13.0526304245,80.2513427734,36320,36330,10
13.05286026,80.251663208,36330,36340,10
13.0530595779,80.2519302368,36340,36350,10
13.0531902313,80.2521133423,36350,36361,11
13.0533504486,80.2523193359,36361,36371,10
13.0535297394,80.2525863647,36371,36381,10
13.0536699295,80.2528076172,36381,36391,10
13.0538396835,80.2530593872,36391,36401,10
13.0538396835,80.2530670166,36401,36411,10
13.0539798737,80.2531967163,36411,36421,10
13.0542201996,80.2534866333,36421,36431,10
13.0543603897,80.2537002563,36431,36441,10
13.054479599,80.2538833618,36441,36451,10
13.0545701981,80.2539978027,36451,36461,10
13.054690361,80.2541732788,36461,36471,10
13.0548400879,80.2543792725,36471,36482,11
13.0550403595,80.2546463013,36482,36492,10
13.0553398132,80.2550506592,36492,36502,10
13.0556697845,80.2554931641,36502,36512,10
13.0558700562,80.2557373047,36512,36522,10
13.0560598373,80.2559967041,36522,36532,10
13.0562295914,80.2562484741,36532,36542,10
13.0565004349,80.2565765381,36542,36552,10
13.0568504333,80.2569122314,36552,36562,10
13.0569000244,80.2569580078,36562,36572,10
13.0573101044,80.2572479248,36572,36582,10
13.0576200485,80.2575378418,36582,36592,10
13.0578403473,80.2576980591,36592,36603,11
13.0581502914,80.2581481934,36603,36613,10
13.0584602356,80.2586517334,36613,36623,10
13.058839798,80.2590484619,36623,36633,10
13.0591201782,80.2594680786,36633,36643,10
13.0594596863,80.259979248,36643,36653,10
13.0599899292,80.2604293823,36653,36663,10
13.0604600906,80.2609100342,36663,36673,10
13.0606603622,80.2612075806,36673,36683,10
13.060790062,80.2614593506,36683,36693,10
13.0612096786,80.2619476318,36693,36703,10
13.0616798401,80.2624435425,36703,36713,10
13.061920166,80.2627105713,36713,36744,31
13.061920166,80.2627105713,36744,36754,10
13.0621700287,80.263092041,36754,36764,10
13.062620163,80.2636413574,36764,36774,10
13.0630702972,80.2641601563,36774,36784,10
13.0631504059,80.2642211914,36784,36794,10
13.0633802414,80.2646026611,36794,36804,10
13.0637903214,80.2652587891,36804,36814,10
13.0641899109,80.2657775879,36814,36824,10
13.0645599365,80.2662277222,36824,36834,10
13.0647602081,80.2664871216,36834,36845,11
13.0649499893,80.2667617798,36845,36855,10
13.0653295517,80.2670822144,36855,36865,10
13.0657300949,80.2674331665,36865,36875,10
13.0661497116,80.2679977417,36875,36885,10
13.0666503906,80.2684020996,36885,36895,10
13.0670003891,80.2685317993,36895,36905,10
13.0671396255,80.2686309814,36905,36915,10
13.0676002502,80.2689666748,36915,36924,9
13.0679302216,80.269203186,36924,36935,11
13.0682201385,80.2693023682,36935,36945,10
13.0683803558,80.2690200806,36945,36955,10
13.0684700012,80.2685394287,36955,36966,11
13.0685997009,80.2681732178,36966,36976,10
13.0688400269,80.2675170898,36976,36986,10
13.069270134,80.2668991089,36986,36996,10
13.0699596405,80.2662734985,36996,37006,10
13.070520401,80.2657012939,37006,37016,10
13.0709104538,80.2653274536,37016,37026,10
13.0713195801,80.2649002075,37026,37036,10
13.0718202591,80.2643432617,37036,37046,10
13.0721998215,80.2638473511,37046,37056,10
13.0724802017,80.2632217407,37056,37066,10
13.0726804733,80.2626266479,37066,37076,10
13.0728597641,80.2620391846,37076,37086,10
13.0728998184,80.2618865967,37086,37097,11
13.0729999542,80.2614898682,37097,37107,10
13.0730800629,80.2610321045,37107,37117,10
13.0731601715,80.2606506348,37117,37127,10
13.0734300613,80.2603225708,37127,37137,10
13.0735902786,80.2599334717,37137,37147,10
13.0739202499,80.2594833374,37147,37157,10
13.0744600296,80.2590103149,37157,37167,10
13.0750904083,80.2584686279,37167,37177,10
13.0754804611,80.258102417,37177,37187,10
13.075510025,80.2580795288,37187,37197,10
13.0756502151,80.2579803467,37197,37207,10
13.0760498047,80.2576599121,37207,37218,11
13.0766296387,80.2571487427,37218,37228,10
13.0773601532,80.256729126,37228,37238,10
13.0781497955,80.2565994263,37238,37248,10
13.0790100098,80.2565002441,37248,37258,10
13.0790596008,80.2558364868,37258,37268,10
13.078909874,80.2547683716,37268,37359,91
13.078909874,80.2547683716,37359,37369,10
13.0789203644,80.2544937134,37369,37379,10
13.07929039,80.2544631958,37379,37389,10
13.0797195435,80.2545318604,37389,37399,10
13.0798597336,80.2545776367,37399,37409,10
13.0803604126,80.254699707,37409,37419,10
13.0810203552,80.2547912598,37419,37429,10
13.0815200806,80.2547836304,37429,37439,10
13.0817298889,80.254447937,37439,37449,10
13.0818099976,80.2539901733,37449,37460,11
13.081870079,80.2534408569,37460,37470,10
13.0818195343,80.2529296875,37470,37480,10
13.0814800262,80.2524337769,37480,37490,10
13.0813903809,80.251739502,37490,37500,10
13.0813703537,80.2511672974,37500,37510,10
13.0813703537,80.2509613037,37510,37520,10
13.0813798904,80.250579834,37520,37530,10
13.0813302994,80.2500228882,37530,37540,10
13.0815401077,80.2495574951,37540,37550,10
13.0820798874,80.2497024536,37550,37560,10
13.0827798843,80.2498016357,37560,37570,10
13.083439827,80.2499008179,37570,37581,11
13.0840196609,80.2500228882,37581,37591,10
13.0844697952,80.2501068115,37591,37601,10
13.0847702026,80.2501831055,37601,37611,10
13.0848999023,80.2502212524,37611,37621,10
13.0853996277,80.2502975464,37621,37631,10
13.0858697891,80.2502670288,37631,37641,10
13.0859003067,80.2501296997,37641,37651,10
13.0858898163,80.2496032715,37651,37661,10
13.0858402252,80.2487869263,37661,37671,10
13.0858201981,80.2479629517,37671,37681,10
13.0858097076,80.2470779419,37681,37782,101
13.0858097076,80.2470779419,37782,37792,10
13.0857801437,80.2467498779,37792,37802,10
13.0857400894,80.2463607788,37802,37974,172
13.0857400894,80.2463607788,37974,37984,10
13.085729599,80.2459182739,37984,37994,10
13.0856895447,80.245552063,37994,38004,10
13.0857496262,80.2451019287,38004,38014,10
13.0862102509,80.2447509766,38014,38024,10
13.0867900848,80.2442779541,38024,38034,10
13.0873203278,80.243850708,38034,38044,10
13.0876998901,80.2434310913,38044,38054,10
13.0878000259,80.2431869507,38054,38064,10
13.0879001617,80.2426986694,38064,38075,11
13.0882101059,80.2420196533,38075,38085,10
13.0888700485,80.2415466309,38085,38095,10
13.0894603729,80.2411727905,38095,38105,10
13.0899200439,80.2409210205,38105,38115,10
13.0906295776,80.2408218384,38115,38125,10
13.0915203094,80.2408370972,38125,38135,10
13.0922698975,80.2408828735,38135,38145,10
13.0930099487,80.2409362793,38145,38155,10
13.0937299728,80.2410430908,38155,38165,10
13.094420433,80.2411804199,38165,38185,20
13.094420433,80.2411804199,38185,38196,11
13.0946397781,80.2412414551,38196,38206,10
13.0952301025,80.2413864136,38206,38216,10
13.0959501266,80.2416229248,38216,38226,10
13.0972995758,80.2420578003,38226,38306,80
13.0972995758,80.2420578003,38306,38317,11
13.0977201462,80.2421417236,38317,38327,10
13.0982398987,80.2422637939,38327,38337,10
13.0984296799,80.2422790527,38337,38347,10
13.0985603333,80.2422409058,38347,38357,10
13.0986003876,80.2419281006,38357,38367,10
13.09856987,80.2417373657,38367,38377,10
13.0985298157,80.2417373657,38377,38387,10
13.0984697342,80.2417984009,38387,38397,10
13.0984802246,80.2420578003,38397,38559,162
13.0984802246,80.2420578003,38559,38569,10
13.0983200073,80.2423400879,38569,38579,10
13.0978097916,80.2422790527,38579,38589,10
13.0974502563,80.2421875,38589,38599,10
13.0973300934,80.2421417236,38599,38609,10
13.0970897675,80.2420425415,38609,38619,10
13.0968198776,80.2419433594,38619,38629,10
13.0963697433,80.2418212891,38629,38639,10
13.096039772,80.2416915894,38639,38649,10
13.0958204269,80.2416229248,38649,38659,10
13.0955896378,80.2415466309,38659,38669,10
13.0953302383,80.2414474487,38669,38680,11
13.0950603485,80.2413635254,38680,38690,10
13.0948600769,80.2413024902,38690,38700,10
13.0946998596,80.2412872314,38700,38710,10
13.0944404602,80.2412414551,38710,38720,10
13.0938997269,80.2411270142,38720,38730,10
13.0934696198,80.2410430908,38730,38740,10
13.0932502747,80.2410430908,38740,38750,10
13.0928897858,80.2409973145,38750,38760,10
13.0921897888,80.2409515381,38760,38770,10
13.0913200378,80.2408981323,38770,38780,10
13.090379715,80.2408676147,38780,38790,10
13.0896100998,80.2410736084,38790,38800,10
13.0889101028,80.2415466309,38800,38811,11
13.0881900787,80.2420806885,38811,38821,10
13.0878896713,80.2428207397,38821,38831,10
13.0878400803,80.2431716919,38831,38841,10
13.0876598358,80.2434997559,38841,38851,10
13.0871400833,80.2439880371,38851,38861,10
13.0863399506,80.2446899414,38861,38921,60
13.0863399506,80.2446899414,38921,38932,11
13.0860795975,80.2449188232,38932,38942,10
13.0857000351,80.2452392578,38942,38952,10
13.0856399536,80.2457809448,38952,38962,10
13.0857400894,80.2463684082,38962,38972,10
13.0857801437,80.2467727661,38972,38982,10
13.0857801437,80.2468414307,38982,38992,10
13.0858097076,80.2473220825,38992,39002,10
13.0858898163,80.2481307983,39002,39012,10
13.0859098434,80.2491378784,39012,39022,10
13.0859603882,80.2501525879,39022,39032,10
13.085940361,80.2504577637,39032,39041,9
13.0858201981,80.2507400513,39041,39053,12
13.085729599,80.2516098022,39053,39063,10
13.0856304169,80.2521820068,39063,39073,10
13.0855998993,80.2526779175,39073,39083,10
13.0855903625,80.2529830933,39083,39093,10
13.0855703354,80.253112793,39093,39103,10
13.0855703354,80.2533035278,39103,39113,10
13.0855503082,80.2535400391,39113,39123,10
13.0855703354,80.2537307739,39123,39133,10
13.0856103897,80.2540283203,39133,39143,10
13.0856304169,80.2545166016,39143,39153,10
13.0855998993,80.2545776367,39153,39162,9
13.0852403641,80.2546920776,39162,39174,12
13.0845899582,80.2546615601,39174,39184,10
13.0842695236,80.2546310425,39184,39194,10
13.0838804245,80.2546005249,39194,39204,10
13.083820343,80.2545776367,39204,39214,10
13.0834302902,80.2545089722,39214,39224,10
13.0826997757,80.2544784546,39224,39234,10
13.0823001862,80.254447937,39234,39244,10
13.0818099976,80.2546463013,39244,39254,10
13.0815696716,80.2548065186,39254,39264,10
13.0815000534,80.2548675537,39264,39274,10
13.0812597275,80.2548522949,39274,39284,10
13.0808296204,80.2548217773,39284,39295,11
13.0805997849,80.2548217773,39295,39305,10
13.0800504684,80.2547683716,39305,39315,10
13.0794496536,80.2546386719,39315,39325,10
13.079079628,80.2546691895,39325,39335,10
13.0790100098,80.2550811768,39335,39345,10
13.0790996552,80.2559432983,39345,39355,10
13.0791597366,80.2564468384,39355,39365,10
13.0791597366,80.256477356,39365,39375,10
13.0789003372,80.2566833496,39375,39385,10
13.078379631,80.2566833496,39385,39395,10
13.0778398514,80.2567062378,39395,39405,10
13.0772104263,80.2568283081,39405,39416,11
13.0765800476,80.2572021484,39416,39426,10
13.0759096146,80.2578201294,39426,39436,10
13.0754499435,80.2583770752,39436,39446,10
13.0756101608,80.2588806152,39446,39456,10
13.0759401321,80.2594833374,39456,39466,10
13.0765199661,80.2600021362,39466,39476,10
13.0770597458,80.2604904175,39476,39486,10
13.077460289,80.2612228394,39486,39496,10
13.0776500702,80.2617874146,39496,39506,10
13.0777997971,80.2620773315,39506,39525,19
13.0777997971,80.2620773315,39525,39537,12
13.0778903961,80.2625427246,39537,39547,10
13.0779304504,80.2627716064,39547,39557,10
13.0781002045,80.2632064819,39557,39567,10
13.0778999329,80.2635498047,39567,39577,10
13.0774297714,80.2638702393,39577,39587,10
13.0768404007,80.2640762329,39587,39597,10
13.0761203766,80.2641830444,39597,39607,10
13.0757598877,80.2642288208,39607,39617,10
13.0754203796,80.2638092041,39617,39627,10
13.0749797821,80.263168335,39627,39637,10
13.0745897293,80.2626876831,39637,39646,9
13.0744695663,80.2625427246,39646,39658,12
13.074259758,80.262298584,39658,39668,10
13.0739603043,80.2619934082,39668,39678,10
13.0738201141,80.2618026733,39678,39688,10
13.0737304688,80.2617034912,39688,39698,10
13.0734395981,80.2614364624,39698,39708,10
13.0730400085,80.2616271973,39708,39718,10
13.072810173,80.2622833252,39718,39728,10
13.0726299286,80.2628479004,39728,39738,10
13.0724201202,80.2634429932,39738,39748,10
13.0721797943,80.2639083862,39748,39758,10
13.071969986,80.2642364502,39758,39768,10
13.0716600418,80.264541626,39768,39779,11
13.071559906,80.2645874023,39779,39789,10
13.071390152,80.2647705078,39789,39799,10
13.0710697174,80.2651367188,39799,39809,10
13.0706796646,80.2655181885,39809,39819,10
13.0702495575,80.2659606934,39819,39829,10
13.069729805,80.2664871216,39829,39839,10
13.0692501068,80.2669906616,39839,39849,10
13.0689001083,80.2674865723,39849,39859,10
13.0686397552,80.268157959,39859,39869,10
13.0684604645,80.2688217163,39869,39879,10
13.0683298111,80.2694396973,39879,39889,10
13.0682201385,80.2699203491,39889,39900,11
13.0681695938,80.2703399658,39900,39910,10
13.0680704117,80.2709197998,39910,39920,10
13.0675201416,80.2706680298,39920,39930,10
13.0672397614,80.2704620361,39930,39940,10
13.0670204163,80.2702636719,39940,39950,10
13.0665597916,80.2697677612,39950,39960,10
13.0663404465,80.2688293457,39960,39970,10
13.0660104752,80.2681274414,39970,39980,10
13.0656099319,80.2677383423,39980,39990,10
13.0653600693,80.2677078247,39990,40000,10
13.065320015,80.2677078247,40000,40010,10
13.0652303696,80.2676773071,40010,40021,11
13.0648097992,80.2675933838,40021,40031,10
13.0641803741,80.2675170898,40031,40041,10
13.0634202957,80.2673492432,40041,40051,10
13.0627403259,80.2672195435,40051,40061,10
13.062379837,80.2668685913,40061,40071,10
13.0620203018,80.2663574219,40071,40081,10
13.0615997314,80.2658233643,40081,40091,10
13.0611896515,80.2653274536,40091,40101,10
13.0607795715,80.2652664185,40101,40111,10
13.0605096817,80.265411377,40111,40121,10
13.0602998734,80.2654800415,40121,40131,10
13.0597200394,80.2656097412,40131,40141,10
13.059009552,80.2655334473,40141,40152,11
13.0582504272,80.2653579712,40152,40162,10
13.0580101013,80.2648162842,40162,40172,10
13.0578899384,80.2639770508,40172,40182,10
13.0577802658,80.2631530762,40182,40192,10
13.0577201843,80.2626037598,40192,40202,10
13.0576295853,80.2619476318,40202,40212,10
13.0575199127,80.2612609863,40212,40222,10
13.0573797226,80.2606582642,40222,40232,10
13.0571298599,80.2597503662,40232,40242,10
13.0568399429,80.2587585449,40242,40252,10
13.0566701889,80.2581176758,40252,40262,10
13.0565700531,80.2577819824,40262,40273,11
13.0564699173,80.2573318481,40273,40283,10
13.0564699173,80.2572631836,40283,40293,10
13.0564002991,80.2569122314,40293,40303,10
13.0561599731,80.2563018799,40303,40313,10
13.055729866,80.2556762695,40313,40323,10
13.0551595688,80.2548828125,40323,40333,10
13.0545101166,80.2540664673,40333,40343,10
13.0540895462,80.2535705566,40343,40353,10
13.0540504456,80.2534866333,40353,40363,10
13.0537996292,80.2531433105,40363,40373,10
13.0533895493,80.2525100708,40373,40383,10
13.0527801514,80.2517089844,40383,40394,11
13.0520801544,80.2507781982,40394,40404,10
13.0512800217,80.2501983643,40404,40414,10
13.050359726,80.2499389648,40414,40424,10
13.0493803024,80.2498016357,40424,40434,10
13.0486402512,80.2497329712,40434,40444,10
13.0481004715,80.249458313,40444,40454,10
13.0475101471,80.2489624023,40454,40464,10
13.0468702316,80.2486419678,40464,40535,71
13.0468702316,80.2486419678,40535,40545,10
13.0468101501,80.2486495972,40545,40555,10
13.0464401245,80.2485809326,40555,40565,10
13.046090126,80.2485198975,40565,40575,10
13.0456600189,80.2483978271,40575,40595,20
13.0453796387,80.2482681274,40595,40636,41
13.0453796387,80.2482681274,40636,40646,10
13.0450801849,80.2481613159,40646,40656,10
13.0447301865,80.2481536865,40656,40666,10
13.0443696976,80.2481002808,40666,40676,10
13.044090271,80.2480316162,40676,40686,10
13.0438604355,80.2479476929,40686,40696,10
13.0436496735,80.2479324341,40696,40706,10
13.0433301926,80.2479476929,40706,40716,10
13.042889595,80.2479400635,40716,40726,10
13.0424203873,80.2479019165,40726,40736,10
13.0416698456,80.2476882935,40736,40745,9
13.0415296555,80.2475967407,40745,40756,11
13.0412597656,80.247467041,40756,40767,11
13.0405101776,80.2473297119,40767,40777,10
13.0401697159,80.247253418,40777,40787,10
13.0398101807,80.2471466064,40787,40797,10
13.0393400192,80.2470474243,40797,40807,10
13.0387897491,80.2469100952,40807,40817,10
13.0382795334,80.2467575073,40817,40827,10
13.037779808,80.2467193604,40827,40837,10
13.0371704102,80.2466125488,40837,40847,10
13.0365896225,80.2464904785,40847,40857,10
13.0359096527,80.2463684082,40857,40867,10
13.0353803635,80.2461700439,40867,40877,10
13.0352497101,80.2461090088,40877,40888,11
13.0349998474,80.2459411621,40888,40898,10
13.0348396301,80.2457962036,40898,40908,10
13.0345001221,80.2453231812,40908,40918,10
13.0339097977,80.2446136475,40918,40928,10
13.0332298279,80.2437210083,40928,40938,10
13.0324697495,80.2426834106,40938,40948,10
13.0319004059,80.2418670654,40948,40958,10
13.0318403244,80.2417678833,40958,40968,10
13.0317697525,80.2415771484,40968,40988,20
13.0317697525,80.2415771484,40988,40998,10
13.0317201614,80.2414474487,40998,41009,11
13.0315799713,80.2410583496,41009,41019,10
13.0312700272,80.2404785156,41019,41029,10
13.0309801102,80.2397994995,41029,41039,10
13.0305595398,80.2389984131,41039,41049,10
13.029999733,80.2379989624,41049,41059,10
13.029419899,80.2371520996,41059,41069,10
13.0291996002,80.236907959,41069,41079,10
13.029009819,80.2366867065,41079,41089,10
13.0284996033,80.2361602783,41089,41099,10
13.0278501511,80.2353820801,41099,41109,10
13.0272598267,80.2343292236,41109,41119,10
13.0266704559,80.2334136963,41119,41130,11
13.0263900757,80.2329711914,41130,41140,10
13.0262804031,80.2327194214,41140,41150,10
13.0262403488,80.2325973511,41150,41160,10
13.0261802673,80.2323608398,41160,41170,10
13.0261201859,80.2320022583,41170,41180,10
13.02602005,80.2316513062,41180,41190,10
13.0258598328,80.2310180664,41190,41200,10
13.0255098343,80.2302780151,41200,41210,10
13.0249900818,80.2295608521,41210,41220,10
13.0245895386,80.229057312,41220,41230,10
13.0239496231,80.2282867432,41230,41251,21
13.0239496231,80.2282867432,41251,41261,10
13.0237398148,80.2280197144,41261,41271,10
13.0232896805,80.2275924683,41271,41281,10
13.0227804184,80.2270507813,41281,41291,10
13.0221300125,80.2265014648,41291,41301,10
13.0215501785,80.2260513306,41301,41310,9
13.0210199356,80.2256317139,41310,41321,11
13.0202798843,80.2251205444,41321,41331,10
13.0194797516,80.2245864868,41331,41341,10
13.0184202194,80.2246322632,41341,41351,10
13.0174198151,80.2250366211,41351,41361,10
13.0167798996,80.2253112793,41361,41372,11
13.0164699554,80.225440979,41372,41382,10
13.0161800385,80.2255630493,41382,41392,10
13.0156497955,80.2257385254,41392,41402,10
13.014960289,80.226020813,41402,41412,10
13.0143098831,80.226272583,41412,41432,20
13.0143098831,80.226272583,41432,41442,10
13.0138998032,80.2264099121,41442,41452,10
13.0131702423,80.2266693115,41452,41462,10
13.0122299194,80.2270584106,41462,41472,10
13.0111503601,80.2274780273,41472,41482,10
13.0100097656,80.2279510498,41482,41492,10
13.0091199875,80.2286071777,41492,41503,11
13.0088701248,80.229888916,41503,41513,10
13.0086803436,80.2310028076,41513,41523,10
13.0084896088,80.2319564819,41523,41533,10
13.0083398819,80.2328186035,41533,41543,10
13.0082702637,80.2333831787,41543,41553,10
13.0082702637,80.2334213257,41553,41563,10
13.0082101822,80.2335510254,41563,41573,10
13.008099556,80.2339630127,41573,41583,10
13.0079603195,80.2346878052,41583,41593,10
13.007809639,80.2355194092,41593,41603,10
13.0076999664,80.2361373901,41603,41613,10
13.0075998306,80.236579895,41613,41624,11
13.0075101852,80.2370223999,41624,41634,10
13.0074701309,80.2372817993,41634,41644,10
13.0073404312,80.2378463745,41644,41654,10
13.0072603226,80.2384033203,41654,41664,10
13.007109642,80.2391967773,41664,41745,81
13.007109642,80.2391967773,41745,41755,10
13.0070199966,80.2396469116,41755,41765,10
13.0069599152,80.2400817871,41765,41876,111
13.0069599152,80.2400817871,41876,41886,10
13.006939888,80.2404098511,41886,41896,10
13.0068702698,80.2407302856,41896,41906,10
13.0068397522,80.2408905029,41906,41916,10
13.0067596436,80.2414703369,41916,41926,10
13.0067796707,80.2422866821,41926,41936,10
13.0067300797,80.2431030273,41936,41976,40
13.0067300797,80.2431030273,41976,41987,11
13.0066699982,80.2433624268,41987,41997,10
13.0066699982,80.243598938,41997,42007,10
13.0066900253,80.243927002,42007,42017,10
13.0066995621,80.2443618774,42017,42027,10
13.0067100525,80.244758606,42027,42037,10
13.0067100525,80.2451629639,42037,42047,10
13.0067195892,80.2455215454,42047,42057,10
13.0067300797,80.2457809448,42057,42067,10
13.0067396164,80.2460327148,42067,42077,10
13.0067396164,80.2461090088,42077,42087,10
13.0067501068,80.2464370728,42087,42118,31
13.0067501068,80.2464370728,42118,42128,10
13.0067501068,80.2468032837,42128,42138,10
13.0067300797,80.2473526001,42138,42148,10
13.0067100525,80.2481536865,42148,42158,10
13.006770134,80.2492294312,42158,42168,10
13.006819725,80.2504501343,42168,42178,10
13.0068502426,80.2513275146,42178,42208,30
13.0068502426,80.2513275146,42208,42218,10
13.0067100525,80.2517623901,42218,42228,10
13.0066099167,80.2523574829,42228,42239,11
13.0065698624,80.2533035278,42239,42249,10
13.0066003799,80.2543334961,42249,42259,10
13.006649971,80.2550735474,42259,42269,10
13.0066404343,80.2551803589,42269,42279,10
13.0066204071,80.2557067871,42279,42289,10
13.0066204071,80.2565917969,42289,42299,10
13.0066795349,80.2572174072,42299,42370,71
13.0066795349,80.2572174072,42370,42380,10
13.0067100525,80.2575073242,42380,42390,10
13.006310463,80.2574920654,42390,42400,10
13.0058403015,80.2573776245,42400,42410,10
13.0051403046,80.257232666,42410,42420,10
13.004360199,80.2571182251,42420,42430,10
13.0035800934,80.2570037842,42430,42440,10
13.0029401779,80.2568511963,42440,42450,10
13.0027503967,80.2568435669,42450,42460,10
13.0026597977,80.2567977905,42460,42470,10
13.0024995804,80.2567367554,42470,42481,11
13.0020503998,80.2566833496,42481,42491,10
13.0014600754,80.2566299438,42491,42501,10
13.0007295609,80.2565078735,42501,42511,10
13.0001897812,80.2564315796,42511,42521,10
12.9997997284,80.2563171387,42521,42531,10
12.9994802475,80.2562637329,42531,42541,10
12.9989595413,80.2561264038,42541,42551,10
12.9988002777,80.2560882568,42551,42561,10
12.998550415,80.2560424805,42561,42571,10
12.9980401993,80.2559967041,42571,42581,10
12.9978704453,80.2560195923,42581,42590,9
12.9977302551,80.256072998,42590,42602,12
12.9977798462,80.2564163208,42602,42612,10
12.9976196289,80.2569885254,42612,42934,322
12.997300148,80.2568283081,42934,42964,30
12.997300148,80.2568283081,42964,42975,11
12.9973697662,80.2565307617,42975,42985,10
12.9975004196,80.2561721802,42985,42995,10
12.9975204468,80.2560272217,42995,43005,10
12.9972696304,80.2559585571,43005,43015,10
12.9968595505,80.2559585571,43015,43025,10
12.9966402054,80.2559280396,43025,43035,10
12.9963998795,80.255897522,43035,43045,10
12.9958000183,80.2559127808,43045,43055,10
12.9952697754,80.2559204102,43055,43065,10
12.9947500229,80.255897522,43065,43075,10
12.9942502975,80.2559661865,43075,43085,10
12.9936599731,80.2560272217,43085,43096,11
12.9927597046,80.256111145,43096,43106,10
12.9917697906,80.256111145,43106,43116,10
12.9910001755,80.2560577393,43116,43126,10
12.9905004501,80.2560424805,43126,43136,10
12.9899997711,80.2560272217,43136,43146,10
12.9894399643,80.2559967041,43146,43156,10
12.9890003204,80.2560119629,43156,43176,20
12.9890003204,80.2560119629,43176,43186,10
12.9886798859,80.2559967041,43186,43196,10
12.9883098602,80.2559204102,43196,43205,9
12.9878997803,80.2558288574,43205,43217,12
12.9876499176,80.2564620972,43217,43227,10
12.9875802994,80.2568817139,43227,43237,10
12.9875097275,80.2574386597,43237,43247,10
12.9874401093,80.2582626343,43247,43257,10
12.9873800278,80.2590637207,43257,43267,10
12.9872598648,80.2595825195,43267,43307,40
12.9872598648,80.2595825195,43307,43317,10
12.9869298935,80.2596969604,43317,43327,10
12.9866800308,80.2596817017,43327,43336,9
12.9866695404,80.2596664429,43336,43348,12
12.986579895,80.259262085,43348,43358,10
12.9866895676,80.259147644,43358,43398,40
12.9866895676,80.259147644,43398,43622,224
12.9864397049,80.2591400146,43622,43632,10
12.9867696762,80.2590637207,43632,43642,10
12.9870100021,80.2591400146,43642,43662,20
12.9870100021,80.2591400146,43662,43672,10
12.9872598648,80.2590866089,43672,43683,11
12.9872999191,80.2588500977,43683,43693,10
12.9872598648,80.2587814331,43693,43703,10
12.9873199463,80.2584381104,43703,43713,10
12.9874200821,80.2578887939,43713,43723,10
12.9874897003,80.2571792603,43723,43733,10
12.9875602722,80.2565002441,43733,43743,10
12.9875497818,80.256187439,43743,43773,30
12.9875497818,80.256187439,43773,43783,10
12.9875001907,80.2560577393,43783,43793,10
12.9876098633,80.255821228,43793,43804,11
12.9880695343,80.255821228,43804,43814,10
12.9885396957,80.2558898926,43814,43834,20
12.9885396957,80.2558898926,43834,43844,10
12.9887599945,80.255897522,43844,43854,10
12.989279747,80.2559585571,43854,43864,10
12.9899702072,80.2560272217,43864,43874,10
12.9902896881,80.2559967041,43874,43884,10
12.9906101227,80.2559967041,43884,43894,10
12.9911298752,80.2560424805,43894,43904,10
12.9918804169,80.2560501099,43904,43914,10
12.9928798676,80.2560119629,43914,43925,11
12.9939203262,80.2559661865,43925,43935,10
12.9946603775,80.255897522,43935,43945,10
12.9952201843,80.2558822632,43945,43975,30
12.9952201843,80.2558822632,43975,43985,10
12.9955596924,80.255897522,43985,43995,10
12.9959697723,80.255897522,43995,44005,10
12.9964199066,80.2559127808,44005,44015,10
12.9969797134,80.2558898926,44015,44025,10
12.997179985,80.2558898926,44025,44035,10
12.9974603653,80.2559204102,44035,44046,11
12.9977197647,80.2559280396,44046,44056,10
12.9979600906,80.2559432983,44056,44066,10
12.9988002777,80.2560501099,44066,44086,20
12.9989700317,80.2560882568,44086,44106,20
12.9989700317,80.2560882568,44106,44116,10
12.9990901947,80.2561264038,44116,44126,10
12.9994697571,80.256187439,44126,44136,10
12.9997396469,80.2562637329,44136,44146,10
13.0000801086,80.2563400269,44146,44155,9
13.000579834,80.2564315796,44155,44166,11
13.0011100769,80.2565231323,44166,44177,11
13.0013904572,80.2566070557,44177,44187,10
13.001709938,80.256652832,44187,44197,10
13.0021600723,80.2566986084,44197,44207,10
13.0024795532,80.256729126,44207,44217,10
13.0029802322,80.2568206787,44217,44227,10
13.0032596588,80.2568817139,44227,44237,10
13.0036401749,80.2569503784,44237,44247,10
13.0042104721,80.2570419312,44247,44257,10
13.0047903061,80.2571716309,44257,44267,10
13.0054998398,80.2572784424,44267,44277,10
13.0060796738,80.2573928833,44277,44308,31
13.0060796738,80.2573928833,44308,44318,10
13.0064496994,80.2574768066,44318,44328,10
13.0064697266,80.2568588257,44328,44338,10
13.0064601898,80.2559967041,44338,44348,10
13.006480217,80.2550506592,44348,44358,10
13.0065002441,80.2539978027,44358,44368,10
13.0065002441,80.2532730103,44368,44378,10
13.0065002441,80.2532501221,44378,44388,10
13.0065097809,80.2530670166,44388,44398,10
13.0065498352,80.2527389526,44398,44408,10
13.0065498352,80.2521591187,44408,44419,11
13.0066900253,80.251121521,44419,44429,10
13.0067100525,80.25050354,44429,44439,10
13.0067100525,80.2504425049,44439,44449,10
13.0067501068,80.2500991821,44449,44459,10
13.0067596436,80.249382019,44459,44469,10
13.0067100525,80.2486877441,44469,44479,10
13.0066795349,80.2483291626,44479,44489,10
13.0066404343,80.2479934692,44489,44600,111
13.0066404343,80.2479934692,44600,44610,10
13.0065202713,80.2474365234,44610,44620,10
13.0065498352,80.2468566895,44620,44630,10
13.0065603256,80.2464904785,44630,44640,10
13.0065803528,80.2463912964,44640,44650,10
13.0066003799,80.24584198,44650,44661,11
13.0066099167,80.2451095581,44661,44671,10
13.0066099167,80.2444610596,44671,44681,10
13.0065898895,80.2438430786,44681,44691,10
13.0065603256,80.2431182861,44691,44701,10
13.0065498352,80.2421798706,44701,44711,10
13.0066003799,80.2411804199,44711,44721,10
13.0067396164,80.2405090332,44721,44761,40
13.0067396164,80.2405090332,44761,44771,10
13.006770134,80.2401885986,44771,44781,10
13.0069103241,80.239692688,44781,44792,11
13.0071201324,80.2386703491,44792,44802,10
13.0072898865,80.2377624512,44802,44812,10
13.007399559,80.2369995117,44812,44822,10
13.0074300766,80.2367706299,44822,44832,10
13.0074596405,80.2366409302,44832,44842,10
13.0075101852,80.2365112305,44842,44852,10
13.0075902939,80.2360992432,44852,44862,10
13.0077295303,80.2353591919,44862,44872,10
13.0078697205,80.2344894409,44872,44882,10
13.008099556,80.2334671021,44882,44892,10
13.0082998276,80.2323379517,44892,44902,10
13.0085296631,80.2313308716,44902,44912,10
13.0086097717,80.2304763794,44912,44931,19
13.0090703964,80.2286911011,44931,44941,10
13.0093698502,80.2278366089,44941,44951,10
13.0097398758,80.2269668579,44951,44961,10
13.010140419,80.2260665894,44961,44971,10
13.0104703903,80.2252578735,44971,44981,10
13.0106897354,80.2247619629,44981,44991,10
13.0109901428,80.2241287231,44991,45001,10
13.011179924,80.2234802246,45001,45011,10
13.0114603043,80.2228469849,45011,45021,10
13.0118103027,80.2220001221,45021,45032,11
13.012339592,80.2214813232,45032,45042,10
13.0125598907,80.2218017578,45042,45052,10
13.012960434,80.222328186,45052,45062,10
13.0134801865,80.2229003906,45062,45072,10
13.0140199661,80.2233505249,45072,45082,10
13.0143699646,80.2237472534,45082,45092,10
13.0149002075,80.2245101929,45092,45102,10
13.0156002045,80.2252120972,45102,45112,10
13.0164203644,80.2253494263,45112,45122,10
13.0172595978,80.2250289917,45122,45132,10
13.0181999207,80.2246170044,45132,45142,10
13.0190601349,80.2242965698,45142,45153,11
13.019200325,80.2242965698,45153,45163,10
13.0194797516,80.2244415283,45163,45173,10
13.0197095871,80.2245788574,45173,45183,10
13.0199804306,80.2247772217,45183,45193,10
13.0204200745,80.2251205444,45193,45203,10
13.021030426,80.2255706787,45203,45213,10
13.0216598511,80.2260513306,45213,45223,10
13.022359848,80.2266235352,45223,45233,10
13.0230798721,80.2272491455,45233,45243,10
13.0236997604,80.2278137207,45243,45253,10
13.0242099762,80.2283401489,45253,45263,10
13.0245304108,80.2287902832,45263,45273,10
13.0249300003,80.2293319702,45273,45284,11
13.0253896713,80.2299194336,45284,45294,10
13.0255899429,80.2302474976,45294,45304,10
13.0257101059,80.230506897,45304,45314,10
13.0258197784,80.230758667,45314,45324,10
13.0259399414,80.2311477661,45324,45334,10
13.0260896683,80.231628418,45334,45344,10
13.0261096954,80.2319564819,45344,45354,10
13.0263795853,80.2325973511,45354,45384,30
13.0263795853,80.2325973511,45384,45394,10
13.0263595581,80.2327575684,45394,45405,11
13.026720047,80.2333297729,45405,45415,10
13.0271997452,80.2340774536,45415,45425,10
13.0277395248,80.2350387573,45425,45435,10
13.0284700394,80.236038208,45435,45445,10
13.0292396545,80.2368621826,45445,45455,10
13.0296001434,80.2372436523,45455,45465,10
13.0296602249,80.2373275757,45465,45475,10
13.0299196243,80.2378005981,45475,45485,10
13.03028965,80.2384262085,45485,45495,10
13.0304803848,80.238822937,45495,45514,19
13.0304803848,80.238822937,45514,45526,12
13.0307197571,80.239151001,45526,45536,10
13.0310001373,80.2396392822,45536,45546,10
13.0312204361,80.2400131226,45546,45556,10
13.0313901901,80.2404022217,45556,45566,10
13.0314903259,80.2409210205,45566,45576,10
13.0317296982,80.2413482666,45576,45586,10
13.0319900513,80.241897583,45586,45596,10
13.0324497223,80.2424697876,45596,45606,10
13.0327701569,80.2429428101,45606,45616,10
13.0331497192,80.243560791,45616,45626,10
13.0337295532,80.244392395,45626,45636,10
13.0343198776,80.2451095581,45636,45647,11
13.0348901749,80.2457809448,45647,45657,10
13.0357398987,80.2462005615,45657,45677,20
13.0357398987,80.2462005615,45677,45687,10
13.0358600616,80.2462615967,45687,45697,10
13.0362195969,80.2463989258,45697,45707,10
13.0368795395,80.2465209961,45707,45717,10
13.0374898911,80.246421814,45717,45727,10
13.0380001068,80.2465515137,45727,45737,10
13.0386800766,80.2467727661,45737,45747,10
13.0394201279,80.246963501,45747,45756,9
13.0400495529,80.2470703125,45756,45768,12
13.0406904221,80.247177124,45768,45778,10
13.0407800674,80.2472229004,45778,45788,10
13.0409603119,80.2472610474,45788,45798,10
13.0414896011,80.2473602295,45798,45808,10
13.0421495438,80.2475128174,45808,45818,10
13.0427799225,80.2477874756,45818,45828,10
13.0434303284,80.2480163574,45828,45838,10
13.0439996719,80.2479400635,45838,45848,10
13.0445899963,80.2480392456,45848,45858,10
13.0450000763,80.2481765747,45858,45868,10
13.0453100204,80.2482833862,45868,45877,9
13.0457696915,80.2484664917,45877,45889,12
13.0465602875,80.2484512329,45889,45899,10
13.0469503403,80.2484207153,45899,45909,10
13.0470695496,80.2484588623,45909,45919,10
13.0473203659,80.2485733032,45919,45929,10
13.0475997925,80.2488327026,45929,45939,10
13.0479297638,80.2491912842,45939,45949,10
13.0482196808,80.2494506836,45949,45959,10
13.0486698151,80.2497329712,45959,45969,10
13.0492696762,80.249786377,45969,45979,10
13.0499897003,80.2499313354,45979,45989,10
13.0507898331,80.2500610352,45989,45998,9
13.0514001846,80.2502365112,45998,46010,12
13.0521402359,80.2508010864,46010,46020,10
13.0526199341,80.2514419556,46020,46030,10
13.0532102585,80.252243042,46030,46040,10
13.0537395477,80.2529907227,46040,46050,10
13.0543699265,80.2538375854,46050,46060,10
13.054980278,80.2546310425,46060,46070,10
13.0554504395,80.2552566528,46070,46080,10
13.0558395386,80.2557983398,46080,46090,10
13.056139946,80.256187439,46090,46100,10
13.0563602448,80.256439209,46100,46110,10
13.0566997528,80.2567367554,46110,46119,9
13.0567798615,80.2568130493,46119,46131,12
13.057220459,80.2572479248,46131,46141,10
13.0577297211,80.2577362061,46141,46151,10
13.0580301285,80.258102417,46151,46161,10
13.058429718,80.2586135864,46161,46171,10
13.0587997437,80.2590484619,46171,46181,10
13.0591497421,80.2596282959,46181,46191,10
13.0595703125,80.2601165771,46191,46201,10
13.059969902,80.2604370117,46201,46211,10
13.0602798462,80.2607421875,46211,46221,10
13.060549736,80.261100769,46221,46231,10
13.0606203079,80.261177063,46231,46241,10
13.0607595444,80.2613983154,46241,46252,11
13.0611696243,80.2619171143,46252,46262,10
13.0614795685,80.2622528076,46262,46272,10
13.0618200302,80.2627410889,46272,46292,20
13.0618200302,80.2627410889,46292,46302,10
13.0619297028,80.262840271,46302,46312,10
13.0622901917,80.2632904053,46312,46322,10
13.0627202988,80.2637786865,46322,46332,10
13.0630302429,80.2641220093,46332,46342,10
13.0631198883,80.2642364502,46342,46352,10
13.0634202957,80.2646789551,46352,46362,10
13.0637798309,80.2652511597,46362,46372,10
13.063949585,80.2655410767,46372,46383,11
13.0643396378,80.2659988403,46383,46393,10
13.0646400452,80.2663574219,46393,46403,10
13.0648202896,80.2665710449,46403,46413,10
13.0649499893,80.266746521,46413,46423,10
13.0653400421,80.2670516968,46423,46433,10
13.0658502579,80.2676010132,46433,46443,10
13.0663995743,80.2682571411,46443,46473,30
13.0663995743,80.2682571411,46473,46483,10
13.06690979,80.2684631348,46483,46504,21
13.06690979,80.2684631348,46504,46514,10
13.0670204163,80.2685394287,46514,46524,10
13.0673999786,80.2688293457,46524,46534,10
13.0678100586,80.2691268921,46534,46544,10
13.0682401657,80.2693328857,46544,46554,10
13.0683403015,80.2690200806,46554,46564,10
13.0684604645,80.2685699463,46564,46574,10
13.0686302185,80.268081665,46574,46584,10
13.0687599182,80.2677230835,46584,46594,10
13.0688495636,80.2674026489,46594,46604,10
13.0692195892,80.2669525146,46604,46614,10
13.0695199966,80.2666091919,46614,46625,11
13.0701904297,80.2659606934,46625,46645,20
13.0701904297,80.2659606934,46645,46655,10
13.070400238,80.2657699585,46655,46665,10
13.0707101822,80.2654037476,46665,46675,10
13.0709400177,80.2651596069,46675,46685,10
13.0713500977,80.2647323608,46685,46695,10
13.0718698502,80.2641983032,46695,46705,10
13.0722198486,80.263710022,46705,46715,10
13.0723800659,80.2631530762,46715,46725,10
13.0725898743,80.2626419067,46725,46735,10
13.0727796555,80.2621307373,46735,46746,11
13.0728502274,80.261932373,46746,46756,10
13.0729103088,80.2617034912,46756,46766,10
13.0729904175,80.2613830566,46766,46776,10
13.0730495453,80.2612304688,46776,46786,10
13.073340416,80.2611694336,46786,46796,10
13.0737495422,80.2616577148,46796,46806,10
13.0741901398,80.2621994019,46806,46816,10
13.0746603012,80.262802124,46816,46826,10
13.0751399994,80.2634735107,46826,46836,10
13.0755395889,80.2640380859,46836,46846,10
13.0758895874,80.2642364502,46846,46856,10
13.0764198303,80.2641830444,46856,46867,11
13.0771398544,80.2640686035,46867,46877,10
13.0777797699,80.2636413574,46877,46887,10
13.0779800415,80.2630996704,46887,46897,10
13.0778102875,80.2624206543,46897,46907,10
13.0775403976,80.2616119385,46907,46917,10
13.0773601532,80.2609786987,46917,46927,10
13.0773496628,80.2609786987,46927,46937,10
13.0771903992,80.2606964111,46937,46947,10
13.0767498016,80.2602615356,46947,46957,10
13.0761404037,80.2597732544,46957,46967,10
13.0754899979,80.2586288452,46967,47018,51
13.0754899979,80.2586288452,47018,47028,10
13.0753498077,80.2581863403,47028,47038,10
13.0756998062,80.2579193115,47038,47048,10
13.0761699677,80.257522583,47048,47058,10
13.0767097473,80.2570419312,47058,47068,10
13.0773601532,80.2567214966,47068,47078,10
13.0782003403,80.2565994263,47078,47088,10
13.0788803101,80.2565536499,47088,47098,10
13.078909874,80.2565307617,47098,47109,11
13.0790195465,80.256401062,47109,47119,10
13.0790195465,80.2560577393,47119,47129,10
13.0789899826,80.2555618286,47129,47139,10
13.0789604187,80.2554397583,47139,47149,10
13.0789299011,80.2552871704,47149,47159,10
13.0789299011,80.2548599243,47159,47169,10
13.0790300369,80.2545623779,47169,47179,10
13.0794401169,80.2545318604,47179,47189,10
13.0796003342,80.2545623779,47189,47199,10
13.079750061,80.2546234131,47199,47209,10
13.0797996521,80.2546310425,47209,47219,10
13.0800104141,80.2546463013,47219,47229,10
13.0802297592,80.2546920776,47229,47240,11
13.080450058,80.254737854,47240,47250,10
13.0807695389,80.2547683716,47250,47260,10
13.0811595917,80.2547988892,47260,47270,10
13.0815200806,80.2547302246,47270,47280,10
13.0816497803,80.2543029785,47280,47290,10
13.0817499161,80.2538909912,47290,47300,10
13.0817899704,80.2533569336,47300,47310,10
13.0817499161,80.2528991699,47310,47320,10
13.0815601349,80.2525100708,47320,47330,10
13.0814199448,80.2518692017,47330,47340,10
13.0813798904,80.2512664795,47340,47349,9
13.0813598633,80.2509689331,47349,47361,12
13.0813102722,80.2503433228,47361,47371,10
13.0812902451,80.2499084473,47371,47381,10
13.0814199448,80.2496032715,47381,47391,10
13.0816698074,80.2496185303,47391,47401,10
13.0822296143,80.249710083,47401,47411,10
13.0829296112,80.2498397827,47411,47421,10
13.0835199356,80.2499237061,47421,47431,10
13.0837202072,80.249961853,47431,47441,10
13.0839500427,80.2499923706,47441,47451,10
13.0843601227,80.2500534058,47451,47461,10
13.0846700668,80.2501373291,47461,47471,10
13.0848398209,80.2501831055,47471,47482,11
13.0854301453,80.2502975464,47482,47492,10
13.0858402252,80.2502365112,47492,47502,10
13.0858402252,80.2497406006,47502,47512,10
13.0858201981,80.2489089966,47512,47522,10
13.0857696533,80.2480316162,47522,47532,10
13.0857000351,80.2470703125,47532,47542,10
13.0856800079,80.2466583252,47542,47552,10
13.0856704712,80.2464904785,47552,47562,10
13.0856199265,80.2459564209,47562,47572,10
13.0855703354,80.2453079224,47572,47582,10
13.0860204697,80.2448806763,47582,47592,10
13.0866203308,80.2443695068,47592,47603,11
13.0871496201,80.2439422607,47603,47613,10
13.0875196457,80.2436065674,47613,47623,10
13.0877199173,80.2433013916,47623,47633,10
13.0878295898,80.2427368164,47633,47643,10
13.0881500244,80.2419967651,47643,47663,20
13.0881500244,80.2419967651,47663,47673,10
13.0884103775,80.2418365479,47673,47683,10
13.0888004303,80.2415466309,47683,47693,10
13.0893096924,80.2412414551,47693,47703,10
13.0898103714,80.2409362793,47703,47713,10
13.0906095505,80.2408218384,47713,47724,11
13.0916204453,80.2408599854,47724,47734,10
13.0924100876,80.2408981323,47734,47744,10
13.0929899216,80.2409362793,47744,47754,10
13.0936698914,80.2410583496,47754,47764,10
13.0939302444,80.2410964966,47764,47774,10
13.0940303802,80.2411193848,47774,47784,10
13.0944004059,80.2411804199,47784,47794,10
13.0948095322,80.2412872314,47794,47804,10
13.0952796936,80.2413864136,47804,47814,10
13.095459938,80.2414627075,47814,47824,10
13.0955696106,80.2415237427,47824,47833,9
13.0959501266,80.2416763306,47833,47845,12
13.0970697403,80.2420501709,47845,47915,70
13.0970697403,80.2420501709,47915,47925,10
13.0975704193,80.2421722412,47925,47935,10
13.098449707,80.2423019409,47935,47966,31
13.098449707,80.2423019409,47966,47976,10
13.0985298157,80.2422866821,47976,47986,10
13.0986995697,80.2421798706,47986,47996,10
13.098739624,80.2419204712,47996,48006,10
13.0986003876,80.2417831421,48006,48016,10
13.0984802246,80.2420806885,48016,48278,262
13.0984802246,80.2420806885,48278,48288,10
13.098449707,80.2423019409,48288,48298,10
13.0978097916,80.2422485352,48298,48359,61
13.0978097916,80.2422485352,48359,48369,10
13.0976104736,80.2422180176,48369,48379,10
13.0972299576,80.2421035767,48379,48389,10
13.0967798233,80.2419967651,48389,48399,10
13.0961999893,80.2417678833,48399,48409,10
13.0958003998,80.2416305542,48409,48419,10
13.0956001282,80.241569519,48419,48429,10
13.0952796936,80.2414779663,48429,48439,10
13.0949401855,80.2413406372,48439,48449,10
13.0946102142,80.2412719727,48449,48460,11
13.0942296982,80.2412033081,48460,48470,10
13.0936203003,80.2410888672,48470,48480,10
13.0929803848,80.2410125732,48480,48490,10
13.0924301147,80.2409591675,48490,48500,10
13.091919899,80.2409210205,48500,48510,10
13.0911798477,80.2408676147,48510,48520,10
13.0902500153,80.2408676147,48520,48530,10
13.0894098282,80.2411880493,48530,48540,10
13.088640213,80.2417373657,48540,48550,10
13.0879898071,80.2423324585,48550,48560,10
13.0878200531,80.2431030273,48560,48569,9
13.087770462,80.2433013916,48569,48581,12
13.0874004364,80.2437591553,48581,48591,10
13.0867996216,80.2442932129,48591,48601,10
13.0860900879,80.2448730469,48601,48611,10
13.0857601166,80.2451324463,48611,48621,10
13.0856199265,80.2454071045,48621,48631,10
13.0856399536,80.2459487915,48631,48641,10
13.0856704712,80.2461471558,48641,48651,10
13.0856895447,80.2464675903,48651,48661,10
13.0856895447,80.246673584,48661,48671,10
13.0856599808,80.2467727661,48671,48681,10
13.0857200623,80.2472686768,48681,48691,10
13.0858097076,80.2481613159,48691,48702,11
13.0858402252,80.2491989136,48702,48712,10
13.0858898163,80.249961853,48712,48722,10
13.0859003067,80.2501296997,48722,48732,10
13.0858802795,80.2502212524,48732,48742,10
13.0858001709,80.250541687,48742,48752,10
13.0856895447,80.251083374,48752,48762,10
13.0856399536,80.2517623901,48762,48772,10
13.0855998993,80.2520980835,48772,48782,10
13.0855703354,80.2521820068,48782,48792,10
13.0855302811,80.252456665,48792,48802,10
13.0854997635,80.2526626587,48802,48812,10
13.0854997635,80.2528381348,48812,48823,11
13.0854797363,80.2530288696,48823,48833,10
13.0854902267,80.2532196045,48833,48843,10
13.0854902267,80.2533035278,48843,48853,10
13.0854797363,80.2535934448,48853,48863,10
13.085559845,80.2539596558,48863,48873,10
13.0855798721,80.2542495728,48873,48883,10
13.0856199265,80.2545700073,48883,48893,10
13.0855503082,80.2546615601,48893,48903,10
13.0852403641,80.2547225952,48903,48913,10
13.0847902298,80.2546920776,48913,48923,10
13.0843200684,80.2546463013,48923,48933,10
13.0839395523,80.2546234131,48933,48944,11
13.0839099884,80.2546234131,48944,48954,10
13.0836801529,80.2545623779,48954,48964,10
13.083319664,80.2545471191,48964,48974,10
13.0829801559,80.2545394897,48974,48984,10
13.0827798843,80.2545318604,48984,48994,10
13.0824899673,80.2545089722,48994,49004,10
13.0821399689,80.2545318604,49004,49014,10
13.0816602707,80.2547683716,49014,49024,10
13.0815696716,80.2548217773,49024,49034,10
13.0811901093,80.2548828125,49034,49053,19
13.0811901093,80.2548828125,49053,49065,12
13.0810003281,80.2548522949,49065,49075,10
13.0807199478,80.2548217773,49075,49085,10
13.0803699493,80.2547836304,49085,49095,10
13.079870224,80.254699707,49095,49105,10
13.0794000626,80.2546234131,49105,49115,10
13.0793504715,80.2546081543,49115,49125,10
13.0790700912,80.2546768188,49125,49135,10
13.0789604187,80.2549285889,49135,49145,10
13.0790195465,80.2556304932,49145,49155,10
13.0790500641,80.2565307617,49155,49165,10
13.0783195496,80.2566375732,49165,49175,10
13.0777301788,80.256690979,49175,49186,11
13.0772800446,80.2567672729,49186,49196,10
13.0768299103,80.2570037842,49196,49206,10
13.0762796402,80.2574768066,49206,49216,10
13.0756597519,80.2580718994,49216,49236,20
13.0756597519,80.2580718994,49236,49246,10
13.0755500793,80.258140564,49246,49256,10
13.0754995346,80.2584381104,49256,49266,10
13.0756196976,80.2590332031,49266,49276,10
13.0757598877,80.2592926025,49276,49286,10
13.0760698318,80.2596588135,49286,49295,9
13.0764703751,80.2600021362,49295,49307,12
13.077050209,80.2605819702,49307,49317,10
13.0773200989,80.2610092163,49317,49327,10
13.0774698257,80.261428833,49327,49337,10
13.0776796341,80.2618865967,49337,49377,40
13.0776796341,80.2618865967,49377,49387,10
13.0778102875,80.26222229,49387,49397,10
13.0778598785,80.2624893188,49397,49407,10
13.0780096054,80.2630310059,49407,49417,10
13.0781202316,80.2634735107,49417,49427,10
13.0775995255,80.2638397217,49427,49438,11
13.0768098831,80.2641296387,49438,49448,10
13.0761003494,80.264213562,49448,49458,10
13.0756797791,80.2642288208,49458,49468,10
13.0754404068,80.2639083862,49468,49478,10
13.0750398636,80.2633514404,49478,49488,10
13.0747404099,80.2629470825,49488,49498,10
13.0745201111,80.2626495361,49498,49508,10
13.0741300583,80.2621536255,49508,49518,10
13.0737695694,80.2617111206,49518,49528,10
13.0737400055,80.261680603,49528,49537,9
13.0735702515,80.2614974976,49537,49549,12
13.0730895996,80.2614974976,49549,49559,10
13.072810173,80.2621536255,49559,49569,10
13.0726203918,80.2627868652,49569,49579,10
13.0724802017,80.2632522583,49579,49589,10
13.0722103119,80.2638473511,49589,49599,10
13.0719203949,80.264213562,49599,49609,10
13.0715999603,80.2645111084,49609,49619,10
13.0715398788,80.2645874023,49619,49629,10
13.0713996887,80.2647705078,49629,49639,10
13.0711297989,80.265007019,49639,49649,10
13.0707998276,80.2653808594,49649,49659,10
13.0703697205,80.2658081055,49659,49669,10
13.0699901581,80.2662124634,49669,49680,11
13.0697002411,80.2665328979,49680,49690,10
13.0693798065,80.2668380737,49690,49700,10
13.0690097809,80.2672119141,49700,49710,10
13.0687198639,80.267868042,49710,49720,10
13.068570137,80.2684020996,49720,49730,10
13.0683603287,80.2691116333,49730,49740,10
13.0683603287,80.2691116333,49740,49750,10
13.0681200027,80.2701416016,49750,49760,10
13.0681200027,80.2701416016,49760,49779,19
13.0679597855,80.2709732056,49779,49788,9
13.0676498413,80.2708435059,49788,49809,21
13.0671195984,80.2702636719,49809,49819,10
13.0667800903,80.2698669434,49819,49829,10
13.0665102005,80.2693481445,49829,49839,10
13.0663900375,80.268661499,49839,49849,10
13.0660104752,80.2679977417,49849,49859,10
13.0654697418,80.2676086426,49859,49879,20
13.0654697418,80.2676086426,49879,49889,10
13.065079689,80.2675628662,49889,49899,10
13.0644598007,80.2674865723,49899,49909,10
13.0637302399,80.2673492432,49909,49920,11
13.062959671,80.2672195435,49920,49930,10
13.0625600815,80.2670288086,49930,49940,10
13.0622596741,80.2666168213,49940,49950,10
13.0619602203,80.2662200928,49950,49960,10
13.0615501404,80.2658004761,49960,49970,10
13.0611400604,80.2652664185,49970,49980,10
13.0606498718,80.265296936,49980,49990,10
13.0606203079,80.2653198242,49990,50000,10
13.0604496002,80.2654037476,50000,50010,10
13.0599603653,80.265586853,50010,50020,10
13.0593795776,80.2655563354,50020,50030,10
13.0587501526,80.2654724121,50030,50041,11
13.0580501556,80.2649612427,50041,50051,10
13.0579299927,80.2641067505,50051,50061,10
13.0578298569,80.2633132935,50061,50071,10
13.0577602386,80.2625274658,50071,50081,10
13.0576696396,80.2618789673,50081,50091,10
13.0575704575,80.2612609863,50091,50101,10
13.0573701859,80.2605819702,50101,50111,10
13.0571098328,80.259727478,50111,50121,10
13.0568799973,80.2589111328,50121,50131,10
13.0566902161,80.2582015991,50131,50141,10
13.056599617,80.2576599121,50141,50150,9
13.0565099716,80.2573623657,50150,50162,12
13.0565004349,80.2571182251,50162,50172,10
13.0563697815,80.2566375732,50172,50182,10
13.0560102463,80.2560424805,50182,50192,10
13.0555095673,80.255317688,50192,50202,10
13.0549001694,80.2544708252,50202,50212,10
13.0543498993,80.2537994385,50212,50222,10
13.0541801453,80.2535934448,50222,50232,10
13.0540800095,80.2534713745,50232,50242,10
13.0537395477,80.2529907227,50242,50252,10
13.0533103943,80.2523803711,50252,50262,10
13.0528202057,80.251701355,50262,50272,10
13.0522699356,80.2509536743,50272,50283,11
13.0515804291,80.250289917,50283,50293,10
13.0505895615,80.249961853,50293,50303,10
13.0495300293,80.249786377,50303,50313,10
13.0486097336,80.249671936,50313,50323,10
13.0480604172,80.2493591309,50323,50333,10
13.0474901199,80.2488327026,50333,50343,10
13.047249794,80.2486190796,50343,50353,10
13.047129631,80.248588562,50353,50363,10
13.0470199585,80.2485961914,50363,50373,10
13.0469198227,80.2485961914,50373,50383,10
13.0467300415,80.2485809326,50383,50393,10
13.046500206,80.2485198975,50393,50404,11
13.0462598801,80.2484817505,50404,50414,10
13.0459899902,80.2483673096,50414,50424,10
13.0456104279,80.2482681274,50424,50434,10
13.0453500748,80.2481765747,50434,50454,20
13.0453500748,80.2481765747,50454,50464,10
13.0450201035,80.2481918335,50464,50474,10
13.0447797775,80.2481689453,50474,50484,10
13.0445995331,80.2481689453,50484,50494,10
13.0442495346,80.2480773926,50494,50504,10
13.0439300537,80.2480010986,50504,50514,10
13.0436496735,80.2479324341,50514,50523,9
13.0434103012,80.2478713989,50523,50535,12
13.0428199768,80.2478103638,50535,50545,10
13.0420999527,80.2477035522,50545,50555,10
13.0414800644,80.2475509644,50555,50565,10
13.0414199829,80.2474899292,50565,50575,10
13.0409202576,80.2473602295,50575,50585,10
13.0396003723,80.2470932007,50585,50645,60
13.0396003723,80.2470932007,50645,50656,11
13.0395402908,80.2470016479,50656,50666,10
13.0391302109,80.2469177246,50666,50676,10
13.0387001038,80.2468414307,50676,50686,10
13.0382099152,80.2467422485,50686,50696,10
13.0376996994,80.2466812134,50696,50797,101
13.0376996994,80.2466812134,50797,50807,10
13.0375900269,80.2466888428,50807,50817,10
13.0374803543,80.2466583252,50817,50827,10
13.037320137,80.2466125488,50827,50837,10
13.0368299484,80.2465286255,50837,50847,10
13.0361204147,80.2463684082,50847,50857,10
13.035320282,80.2460479736,50857,50867,10
13.0351896286,80.2459793091,50867,50877,10
13.0350999832,80.2459335327,50877,50887,10
13.0347700119,80.2456130981,50887,50898,11
13.0342702866,80.2449417114,50898,50908,10
13.0337495804,80.2443389893,50908,50918,10
13.0331001282,80.2434921265,50918,50928,10
13.0323600769,80.2425079346,50928,50938,10
13.0318002701,80.2416381836,50938,50948,10
13.0315799713,80.2411422729,50948,50988,40
13.0315799713,80.2411422729,50988,50998,10
13.0314302444,80.2407913208,50998,51008,10
13.0311803818,80.240272522,51008,51018,10
13.0309896469,80.2398223877,51018,51029,11
13.0306100845,80.2390899658,51029,51039,10
13.0301103592,80.2382125854,51039,51049,10
13.0296096802,80.2373962402,51049,51059,10
13.0291099548,80.2368392944,51059,51069,10
13.0290603638,80.2367782593,51069,51079,10
13.0289402008,80.2366027832,51079,51089,10
13.0285100937,80.2360992432,51089,51099,10
13.0279197693,80.2353973389,51099,51109,10
13.0273895264,80.2344818115,51109,51119,10
13.02684021,80.2336120605,51119,51128,9
13.0266199112,80.2332687378,51128,51160,32
13.0266199112,80.2332687378,51160,51170,10
13.0265398026,80.2331237793,51170,51180,10
13.0263004303,80.2325973511,51180,51190,10
13.0260801315,80.231880188,51190,51200,10
13.0259399414,80.2312774658,51200,51210,10
13.025639534,80.2304534912,51210,51220,10
13.0250396729,80.2295684814,51220,51230,10
13.0246601105,80.229133606,51230,51240,10
13.024600029,80.2290496826,51240,51250,10
13.024310112,80.2286834717,51250,51260,10
13.0239295959,80.2282180786,51260,51271,11
13.023900032,80.2281799316,51271,51281,10
13.0237503052,80.2279586792,51281,51291,10
13.0233602524,80.2275466919,51291,51301,10
13.0228395462,80.2270126343,51301,51311,10
13.0221796036,80.2264404297,51311,51321,10
13.0215101242,80.2258911133,51321,51331,10
13.0210504532,80.2255401611,51331,51341,10
13.0205602646,80.2251968384,51341,51351,10
13.0203104019,80.2250137329,51351,51361,10
13.0199403763,80.2247467041,51361,51371,10
13.0192804337,80.2244186401,51371,51381,10
13.0184202194,80.2245788574,51381,51392,11
13.0174598694,80.2249908447,51392,51402,10
13.0167198181,80.2253265381,51402,51412,10
13.0163803101,80.225479126,51412,51422,10
13.0159702301,80.2256317139,51422,51432,10
13.0153198242,80.2258682251,51432,51442,10
13.0145597458,80.2261962891,51442,51462,20
13.0145597458,80.2261962891,51462,51472,10
13.0145101547,80.2262573242,51472,51482,10
13.0141897202,80.2263717651,51482,51492,10
13.0135498047,80.2265930176,51492,51502,10
13.0127096176,80.226890564,51502,51513,11
13.011759758,80.2272567749,51513,51523,10
13.010840416,80.2276229858,51523,51533,10
13.0101099014,80.2279281616,51533,51543,10
13.0094804764,80.2282028198,51543,51553,10
13.0090503693,80.2289276123,51553,51563,10
13.0088596344,80.2299728394,51563,51573,10
13.0086698532,80.2309799194,51573,51583,10
13.0085201263,80.2318267822,51583,51593,10
13.0083799362,80.2326965332,51593,51603,10
13.0082702637,80.2334213257,51603,51613,10
13.0081396103,80.2340621948,51613,51623,10
13.0079898834,80.2347488403,51623,51634,11
13.007809639,80.2356491089,51634,51643,9
13.0074300766,80.2375030518,51643,51654,11
13.0074300766,80.2375030518,51654,51664,10
13.0072803497,80.2384185791,51664,51673,9
13.0071802139,80.2390365601,51673,51684,11
13.0069904327,80.2398605347,51684,51755,71
13.0069904327,80.2398605347,51755,51785,30
13.0068798065,80.2406311035,51785,51795,10
13.0067901611,80.2414627075,51795,51805,10
13.0067501068,80.2425537109,51805,51815,10
13.0067195892,80.2437515259,51815,51825,10
13.0067396164,80.2445297241,51825,51835,10
13.0067195892,80.2448196411,51835,51845,10
13.0067195892,80.2450714111,51845,51855,10
13.0067195892,80.2454681396,51855,51886,31
13.0067195892,80.2454681396,51886,51896,10
13.0067195892,80.2456665039,51896,51906,10
13.0067501068,80.2461013794,51906,51916,10
13.0067596436,80.2465209961,51916,51926,10
13.0067996979,80.2470932007,51926,51936,10
13.0067396164,80.247718811,51936,51946,10
13.0067596436,80.2485427856,51946,51956,10
13.0067796707,80.249382019,51956,51966,10
13.0068101883,80.2501525879,51966,51976,10
13.0068502426,80.2510223389,51976,51986,10
13.0067195892,80.2518005371,51986,51995,9
13.0065803528,80.2525634766,51995,52007,12
13.0065603256,80.2537078857,52007,52017,10
13.0066204071,80.2546386719,52017,52027,10
13.0066299438,80.2551116943,52027,52037,10
13.0066204071,80.2553863525,52037,52047,10
13.0066003799,80.2560501099,52047,52057,10
13.006649971,80.2569580078,52057,52087,30
13.006649971,80.2569580078,52087,52097,10
13.0066699982,80.2570877075,52097,52107,10
13.0066003799,80.2574920654,52107,52116,9
13.0061903,80.2574920654,52116,52127,11
13.0055999756,80.2573623657,52127,52138,11
13.0048999786,80.2571868896,52138,52148,10
13.004119873,80.257019043,52148,52158,10
13.0034103394,80.2568588257,52158,52188,30
13.0034103394,80.2568588257,52188,52198,10
13.0032396317,80.2567901611,52198,52208,10
13.0029201508,80.2567596436,52208,52218,10
13.0025196075,80.2566833496,52218,52228,10
13.0019702911,80.2565994263,52228,52299,71
13.0019702911,80.2565994263,52299,52309,10
13.0016899109,80.2565689087,52309,52319,10
13.0010795593,80.2564926147,52319,52329,10
12.9999303818,80.2563018799,52329,52358,29
12.9999303818,80.2563018799,52358,52370,12
12.9996204376,80.2562179565,52370,52380,10
12.9991998672,80.256149292,52380,52390,10
12.9987897873,80.2561035156,52390,52400,10
12.998749733,80.2560806274,52400,52410,10
12.9986896515,80.256072998,52410,52420,10
12.9984197617,80.2560577393,52420,52430,10
12.9979095459,80.2559814453,52430,52440,10
12.997469902,80.2559509277,52440,52450,10
12.9969501495,80.2559432983,52450,52460,10
12.9964504242,80.2559204102,52460,52470,10
12.9958200455,80.255897522,52470,52480,10
12.9954595566,80.2559280396,52480,52491,11
12.9949502945,80.2558898926,52491,52501,10
12.9943599701,80.2559204102,52501,52511,10
12.9937801361,80.2559585571,52511,52521,10
12.9929304123,80.2560195923,52521,52531,10
12.9918804169,80.2560577393,52531,52541,10
12.9908800125,80.2559967041,52541,52551,10
12.9904003143,80.2559814453,52551,52561,10
12.9898500443,80.2559814453,52561,52571,10
12.9890604019,80.2559432983,52571,52581,10
12.9887399673,80.2559280396,52581,52591,10
12.9886903763,80.2559280396,52591,52601,10
12.9882802963,80.255859375,52601,52612,11
12.987859726,80.2558288574,52612,52622,10
12.9876804352,80.2559509277,52622,52632,10
12.9876203537,80.2564926147,52632,52642,10
12.9875602722,80.2569885254,52642,52652,10
12.9875001907,80.2576065063,52652,52662,10
12.9874296188,80.2583236694,52662,52672,10
12.9873504639,80.258972168,52672,52682,10
12.9872503281,80.2594909668,52682,52692,10
12.9871797562,80.2595596313,52692,52702,10
12.9871397018,80.2596206665,52702,52712,10
12.986869812,80.2596206665,52712,52842,130
12.9866800308,80.2590332031,52842,52992,150
12.9867296219,80.2590332031,52992,53062,70
12.9871101379,80.2591400146,53062,53163,101
12.9871101379,80.2591400146,53163,53173,10
12.9873399734,80.2589416504,53173,53183,10
12.9873895645,80.2585678101,53183,53193,10
12.9874200821,80.2580032349,53193,53203,10
12.9874897003,80.2571792603,53203,53213,10
12.987569809,80.2560195923,53213,53343,130
12.987569809,80.2560195923,53343,53355,12
12.9875898361,80.2559127808,53355,53365,10
12.9878501892,80.2557525635,53365,53375,10
12.9884395599,80.255859375,53375,53395,20
12.9884395599,80.255859375,53395,53405,10
12.9886903763,80.2558364868,53405,53415,10
12.9887599945,80.2558364868,53415,53425,10
12.9891901016,80.255897522,53425,53435,10
12.9897298813,80.2559890747,53435,53445,10
12.9903001785,80.2560424805,53445,53455,10
12.9906301498,80.2560272217,53455,53465,10
12.9912595749,80.2560501099,53465,53476,11
12.9923696518,80.2560424805,53476,53486,10
12.9934196472,80.2559585571,53486,53496,10
12.9943704605,80.255897522,53496,53506,10
12.9954299927,80.2558364868,53506,53516,10
12.9964704514,80.2558288574,53516,53536,20
12.9964704514,80.2558288574,53536,53546,10
12.9966497421,80.2558364868,53546,53556,10
12.9969997406,80.255859375,53556,53566,10
12.9974403381,80.2558670044,53566,53576,10
12.9977798462,80.255897522,53576,53586,10
12.9987001419,80.2559967041,53586,53617,31
12.9987001419,80.2559967041,53617,53627,10
12.9989700317,80.2560424805,53627,53637,10
12.9995498657,80.256149292,53637,53647,10
13.0000495911,80.2562637329,53647,53657,10
13.0006399155,80.2563781738,53657,53667,10
13.0012102127,80.2564697266,53667,53677,10
13.0015697479,80.2565307617,53677,53687,10
13.0018997192,80.2565994263,53687,53697,10
13.0023403168,80.256652832,53697,53707,10
13.0026197433,80.2566986084,53707,53716,9
13.0028400421,80.2567520142,53716,53728,12
13.0033197403,80.2568511963,53728,53738,10
13.0038795471,80.2569503784,53738,53748,10
13.0043401718,80.257019043,53748,53758,10
13.0048503876,80.2570495605,53758,53768,10
13.0055599213,80.257232666,53768,53778,10
13.0058698654,80.2573394775,53778,53788,10
13.0062704086,80.2573623657,53788,53798,10
13.0064897537,80.2571411133,53798,53808,10
13.0064401627,80.2565917969,53808,53818,10
13.0064496994,80.2557296753,53818,53828,10
13.0065002441,80.2548370361,53828,53837,9
13.0065002441,80.2539291382,53837,53849,12
13.0065097809,80.2531661987,53849,53859,10
13.0065202713,80.2531509399,53859,53869,10
13.006529808,80.2530975342,53869,53879,10
13.0065202713,80.2529067993,53879,53889,10
13.0065698624,80.2523117065,53889,53959,70
13.0065698624,80.2523117065,53959,53970,11
13.0066099167,80.2520523071,53970,53980,10
13.0067195892,80.2514419556,53980,53990,10
13.0067300797,80.2507019043,53990,54000,10
13.0066900253,80.2498092651,54000,54010,10
13.0066995621,80.248916626,54010,54020,10
13.006649971,80.2481536865,54020,54091,71
13.006649971,80.2481536865,54091,54101,10
13.006649971,80.2478790283,54101,54111,10
13.0066404343,80.2474975586,54111,54121,10
13.006649971,80.2470397949,54121,54131,10
13.0065698624,80.24659729,54131,54141,10
13.0065803528,80.2464904785,54141,54151,10
13.0066003799,80.246421814,54151,54161,10
13.0066299438,80.2460098267,54161,54171,10
13.0066003799,80.2453994751,54171,54181,10
13.0066099167,80.2447128296,54181,54191,10
13.0066404343,80.2443389893,54191,54201,10
13.0066099167,80.243927002,54201,54212,11
13.0065898895,80.2436981201,54212,54222,10
13.0065698624,80.2434234619,54222,54232,10
13.0065498352,80.2427825928,54232,54242,10
13.0065498352,80.2418365479,54242,54252,10
13.0065803528,80.2409820557,54252,54262,10
13.0066604614,80.2404937744,54262,54272,10
13.0066604614,80.2404708862,54272,54282,10
13.0066795349,80.2403869629,54282,54292,10
13.006819725,80.2400588989,54292,54302,10
13.0069599152,80.2393569946,54302,54312,10
13.0071001053,80.2384719849,54312,54322,10
13.0072898865,80.2375335693,54322,54332,10
13.0073795319,80.2368621826,54332,54343,11
13.0073795319,80.2368164063,54343,54353,10
13.007519722,80.2364273071,54353,54363,10
13.0076398849,80.235786438,54363,54373,10
13.0077896118,80.2350082397,54373,54383,10
13.0079603195,80.23412323,54383,54393,10
13.0081796646,80.2331314087,54393,54403,10
13.0083904266,80.2320785522,54403,54413,10
13.0085897446,80.2311096191,54413,54423,10
13.0087795258,80.2301330566,54423,54433,10
13.0089797974,80.2291107178,54433,54443,10
13.0092000961,80.2282028198,54443,54453,10
13.0095701218,80.2272872925,54453,54464,11
13.0100402832,80.2263412476,54464,54474,10
13.010430336,80.2255477905,54474,54484,10
13.0108098984,80.2247695923,54484,54494,10
13.0111598969,80.2239837646,54494,54504,10
13.0113401413,80.2232284546,54504,54514,10
13.0116701126,80.2225036621,54514,54524,10
13.0120201111,80.2216491699,54524,54534,10
13.0123596191,80.2215499878,54534,54544,10
13.012550354,80.2218704224,54544,54554,10
13.0130300522,80.2224273682,54554,54564,10
13.0136203766,80.2230606079,54564,54574,10
13.0139904022,80.2235336304,54574,54585,11
13.0143995285,80.2239608765,54585,54595,10
13.015130043,80.2246932983,54595,54605,10
13.0152902603,80.2247924805,54605,54615,10
13.0154495239,80.224899292,54615,54625,10
13.0158195496,80.2252197266,54625,54635,10
13.0164003372,80.2252426147,54635,54645,10
13.0172395706,80.2249679565,54645,54655,10
13.0181398392,80.2246170044,54655,54665,10
13.0189399719,80.2242965698,54665,54675,10
13.0192604065,80.2242507935,54675,54685,10
13.0194396973,80.2243118286,54685,54695,10
13.0195798874,80.2244110107,54695,54706,11
13.0197296143,80.2245407104,54706,54716,10
13.0202598572,80.2249298096,54716,54726,10
13.020939827,80.2254486084,54726,54736,10
13.0215797424,80.2259521484,54736,54746,10
13.0223302841,80.2265472412,54746,54756,10
13.0232200623,80.2273178101,54756,54766,10
13.0241098404,80.2282333374,54766,54776,10
13.0247402191,80.2290802002,54776,54786,10
13.0253095627,80.2298278809,54786,54796,10
13.0257797241,80.2305831909,54796,54806,10
13.025970459,80.2311019897,54806,54816,10
13.0260896683,80.2316436768,54816,54827,11
13.0264701843,80.2326965332,54827,54877,50
13.0264701843,80.2326965332,54877,54887,10
13.0265197754,80.2329864502,54887,54897,10
13.0267295837,80.2333526611,54897,54907,10
13.0271196365,80.2339324951,54907,54917,10
13.0275201797,80.2345962524,54917,54927,10
13.0279197693,80.2353286743,54927,54937,10
13.0284900665,80.2360076904,54937,54948,11
13.0291595459,80.2367172241,54948,54958,10
13.0295295715,80.2371368408,54958,54978,20
13.0295295715,80.2371368408,54978,54988,10
13.0297002792,80.2374191284,54988,54998,10
13.0300703049,80.2379989624,54998,55008,10
13.0304403305,80.2386703491,55008,55018,10
13.0307798386,80.2391967773,55018,55028,10
13.0310096741,80.2395324707,55028,55109,81
13.0310096741,80.2395324707,55109,55119,10
13.0312004089,80.2398300171,55119,55129,10
13.0312404633,80.2398910522,55129,55139,10
13.0313301086,80.2402496338,55139,55149,10
13.0314702988,80.2407989502,55149,55159,10
13.0317401886,80.2413635254,55159,55169,10
13.0320196152,80.2419815063,55169,55179,10
13.0324497223,80.2425079346,55179,55190,11
13.032959938,80.2432022095,55190,55200,10
13.0335597992,80.2439193726,55200,55210,10
13.0340595245,80.244682312,55210,55220,10
13.0343198776,80.2450027466,55220,55230,10
13.0345897675,80.2453384399,55230,55240,10
13.0356197357,80.2460098267,55240,55260,20
13.0356197357,80.2460098267,55260,55270,10
13.03565979,80.2460174561,55270,55280,10
13.0360603333,80.2462234497,55280,55290,10
13.0367498398,80.2463684082,55290,55300,10
13.0374403,80.2463226318,55300,55310,10
13.0381498337,80.2465133667,55310,55321,11
13.0388402939,80.2467498779,55321,55331,10
13.039349556,80.2468795776,55331,55341,10
13.0398902893,80.246963501,55341,55351,10
13.0407104492,80.2471313477,55351,55371,20
13.0407104492,80.2471313477,55371,55381,10
13.0409803391,80.247177124,55381,55391,10
13.0416402817,80.2472915649,55391,55401,10
13.0422401428,80.2474822998,55401,55411,10
13.0430603027,80.2478485107,55411,55421,10
13.0438499451,80.2478179932,55421,55431,10
13.0440397263,80.2478179932,55431,55442,11
13.044380188,80.2478866577,55442,55452,10
13.0448799133,80.2480163574,55452,55462,10
13.0454998016,80.2481994629,55462,55472,10
13.0462703705,80.2483596802,55472,55482,10
13.0468196869,80.248298645,55482,55492,10
13.0468301773,80.2483062744,55492,55502,10
13.0469303131,80.248298645,55502,55512,10
13.0473604202,80.2486190796,55512,55522,10
13.047750473,80.2490463257,55522,55532,10
13.0479097366,80.249168396,55532,55542,10
13.048210144,80.2494735718,55542,55552,10
13.0487604141,80.2496490479,55552,55563,11
13.049489975,80.24974823,55563,55573,10
13.050450325,80.2499237061,55573,55583,10
13.0513296127,80.2501296997,55583,55593,10
13.0520801544,80.2506866455,55593,55603,10
13.0527496338,80.2515563965,55603,55613,10
13.0534000397,80.2524414063,55613,55623,10
13.0538702011,80.2530899048,55623,55633,10
13.0543804169,80.2537689209,55633,55643,10
13.0547599792,80.2542800903,55643,55653,10
13.0549697876,80.2545700073,55653,55663,10
13.0553102493,80.2550201416,55663,55673,10
13.0557098389,80.255569458,55673,55684,11
13.0560703278,80.2560577393,55684,55694,10
13.0562601089,80.2562408447,55694,55704,10
13.0566501617,80.2566833496,55704,55714,10
13.0566997528,80.2567214966,55714,55724,10
13.0567398071,80.2567520142,55724,55734,10
13.0570898056,80.2570266724,55734,55744,10
13.057510376,80.2573776245,55744,55754,10
13.0576696396,80.2575531006,55754,55764,10
13.0579595566,80.2579421997,55764,55774,10
13.0583400726,80.2584762573,55774,55784,10
13.0586700439,80.2588500977,55784,55793,9
13.0589704514,80.2592010498,55793,55805,12
13.0593395233,80.2598114014,55805,55815,10
13.0597696304,80.2602310181,55815,55825,10
13.0602903366,80.2607192993,55825,55835,10
13.0605602264,80.2610931396,55835,55845,10
13.0605697632,80.261138916,55845,55855,10
13.0607595444,80.2614822388,55855,55865,10
13.0610799789,80.2618331909,55865,55875,10
13.0614900589,80.262298584,55875,55885,10
13.0620002747,80.2629165649,55885,55895,10
13.0625400543,80.2636108398,55895,55905,10
13.0629396439,80.2640228271,55905,55915,10
13.0630702972,80.2641601563,55915,55926,11
13.0631599426,80.2643203735,55926,55936,10
13.0634899139,80.2649002075,55936,55946,10
13.063949585,80.2655410767,55946,55956,10
13.0642299652,80.2658691406,55956,55966,10
13.0644702911,80.2660980225,55966,55976,10
13.0646495819,80.2663269043,55976,55986,10
13.0648002625,80.2665405273,55986,55996,10
13.0650997162,80.2668380737,55996,56006,10
13.0655403137,80.2671966553,56006,56016,10
13.0660200119,80.2678375244,56016,56026,10
13.0661497116,80.2679672241,56026,56035,9
13.0663700104,80.2682113647,56035,56047,12
13.0669403076,80.2684783936,56047,56067,20
13.0669403076,80.2684783936,56067,56077,10
13.0671396255,80.2686004639,56077,56087,10
13.0675201416,80.2689208984,56087,56097,10
13.0679798126,80.269203186,56097,56107,10
13.06828022,80.2690811157,56107,56117,10
13.0683898926,80.2686920166,56117,56127,10
13.068570137,80.268371582,56127,56137,10
13.068810463,80.2678222656,56137,56147,10
13.0689697266,80.2671966553,56147,56157,10
13.0694303513,80.2668075562,56157,56168,11
13.0696496964,80.2665634155,56168,56178,10
13.0699701309,80.2662200928,56178,56188,10
13.0702600479,80.2659378052,56188,56198,10
13.0702800751,80.2659225464,56198,56208,10
13.0703897476,80.2658309937,56208,56218,10
13.0707397461,80.26537323,56218,56228,10
13.0709600449,80.2651290894,56228,56238,10
13.0712404251,80.2648925781,56238,56248,10
13.0716695786,80.2644577026,56248,56258,10
13.0720500946,80.2640075684,56258,56268,10
13.0724401474,80.2633590698,56268,56278,10
13.0726299286,80.2627410889,56278,56289,11
13.0728998184,80.2619476318,56289,56309,20
13.0728998184,80.2619476318,56309,56319,10
13.0729999542,80.2616500854,56319,56329,10
13.0730800629,80.2613296509,56329,56339,10
13.0733098984,80.2611999512,56339,56349,10
13.0736598969,80.2615966797,56349,56359,10
13.0740804672,80.2620925903,56359,56369,10
13.0744304657,80.2625808716,56369,56379,10
13.074839592,80.2630691528,56379,56389,10
13.075340271,80.2637176514,56389,56399,10
13.0757904053,80.2641906738,56399,56410,11
13.0764799118,80.2641296387,56410,56420,10
13.0772199631,80.2639923096,56420,56430,10
13.077870369,80.2635879517,56430,56440,10
13.0780096054,80.2631378174,56440,56450,10
13.0778303146,80.2625274658,56450,56460,10
13.0776195526,80.2619094849,56460,56470,10
13.0774402618,80.2613296509,56470,56480,10
13.0772695541,80.2608566284,56480,56520,40
13.0772695541,80.2608566284,56520,56530,10
13.077170372,80.2606964111,56530,56541,11
13.076880455,80.260383606,56541,56551,10
13.0766096115,80.2601318359,56551,56561,10
13.0760803223,80.2597198486,56561,56571,10
13.0755796432,80.2589416504,56571,56581,10
13.0754499435,80.2584228516,56581,56712,131
13.0754499435,80.2584228516,56712,56722,10
13.0754699707,80.2579803467,56722,56732,10
13.0760002136,80.2576065063,56732,56742,10
13.0765895844,80.2570877075,56742,56752,10
13.0772695541,80.2567062378,56752,56762,10
13.0781402588,80.2565765381,56762,56772,10
13.0789499283,80.256477356,56772,56783,11
13.0790100098,80.2560501099,56783,56793,10
13.0789699554,80.2553863525,56793,56803,10
13.0789499283,80.255027771,56803,56883,80
13.0789499283,80.255027771,56883,56893,10
13.0789403915,80.2546463013,56893,56904,11
13.0793800354,80.2545700073,56904,56914,10
13.0795602798,80.2545623779,56914,56924,10
13.0796604156,80.2545700073,56924,56934,10
13.0801496506,80.2546234131,56934,56944,10
13.0807199478,80.2546920776,56944,56954,10
13.0813398361,80.2547302246,56954,56964,10
13.0816297531,80.2545166016,56964,56974,10
13.0817298889,80.254119873,56974,56984,10
13.0818395615,80.2536697388,56984,56994,10
13.0819101334,80.2532272339,56994,57004,10
13.0817499161,80.2527999878,57004,57014,10
13.081489563,80.2523803711,57014,57025,11
13.0814304352,80.2518997192,57025,57065,40
13.0814304352,80.2518997192,57065,57075,10
13.0813503265,80.2513427734,57075,57135,60
13.0813503265,80.2509613037,57135,57176,41
13.0813703537,80.2505874634,57176,57226,50
13.0813798904,80.2501831055,57226,57277,51
13.0812997818,80.2497787476,57277,57307,30
13.0812997818,80.2497787476,57307,57317,10
13.081700325,80.2496414185,57317,57327,10
13.0822296143,80.2497177124,57327,57337,10
13.0827598572,80.2498168945,57337,57347,10
13.0832300186,80.2498703003,57347,57357,10
13.0838003159,80.25,57357,57367,10
13.0846595764,80.2501068115,57367,57387,20
13.0846595764,80.2501068115,57387,57398,11
13.0850095749,80.2501602173,57398,57408,10
13.0855903625,80.2503204346,57408,57418,10
13.085849762,80.2501220703,57418,57427,9
13.0858602524,80.2494735718,57427,57438,11
13.0858297348,80.2485198975,57438,57448,10
13.0858001709,80.2475662231,57448,57458,10
13.0857896805,80.2468185425,57458,57468,10
13.0857496262,80.2466430664,57468,57478,10
13.0857496262,80.2464294434,57478,57488,10
13.0856800079,80.2457962036,57488,57498,10
13.0857200623,80.2452011108,57498,57508,10
13.0862102509,80.2448272705,57508,57519,11
13.0868597031,80.2442626953,57519,57529,10
13.0873003006,80.243888855,57529,57539,10
13.0876197815,80.2435836792,57539,57549,10
13.0878095627,80.2432022095,57549,57559,10
13.0879001617,80.2427215576,57559,57569,10
13.0880804062,80.2422027588,57569,57579,10
13.0882101059,80.2420730591,57579,57589,10
13.088470459,80.2418899536,57589,57599,10
13.0888996124,80.241569519,57599,57609,10
13.0894403458,80.2412033081,57609,57619,10
13.0900096893,80.2408981323,57619,57629,10
13.0907897949,80.2408294678,57629,57640,11
13.091750145,80.2408905029,57640,57650,10
13.0924701691,80.2409286499,57650,57660,10
13.0930404663,80.2409667969,57660,57670,10
13.0936098099,80.241027832,57670,57680,10
13.0938100815,80.2410507202,57680,57690,10
13.093870163,80.2410583496,57690,57700,10
13.0943002701,80.2411270142,57700,57710,10
13.0947504044,80.2412109375,57710,57720,10
13.0953102112,80.2414016724,57720,57730,10
13.0960998535,80.2416381836,57730,57740,10
13.096739769,80.2418899536,57740,57811,71
13.096739769,80.2418899536,57811,57821,10
13.0969495773,80.2419662476,57821,57831,10
13.097319603,80.2420425415,57831,57841,10
13.0978298187,80.2421417236,57841,57851,10
13.0984096527,80.2422637939,57851,57881,30
13.0984096527,80.2422637939,57881,57892,11
13.0986795425,80.2422409058,57892,57902,10
13.0986995697,80.2418823242,57902,57932,30
13.0986995697,80.2418823242,57932,57942,10
13.0985498428,80.2419128418,57942,57952,10
13.0985202789,80.2421417236,57952,58587,635
13.0985202789,80.2421417236,58587,58597,10
13.09815979,80.2423400879,58597,58607,10
13.0974502563,80.2422332764,58607,58618,11
13.0968503952,80.2420196533,58618,58628,10
13.0960903168,80.2417831421,58628,58638,10
13.0954198837,80.2415313721,58638,58648,10
13.0951004028,80.2414016724,58648,58658,10
13.0946998596,80.2413024902,58658,58668,10
13.0942401886,80.2412109375,58668,58678,10
13.0936203003,80.2410964966,58678,58688,10
13.093580246,80.2410964966,58688,58698,10
13.0931997299,80.2410430908,58698,58708,10
13.09237957,80.2409362793,58708,58718,10
13.0916795731,80.2408981323,58718,58728,10
13.0908403397,80.2408828735,58728,58739,11
13.0899000168,80.2409667969,58739,58749,10
13.0893802643,80.2412490845,58749,58759,10
13.0886497498,80.2417831421,58759,58769,10
13.0880098343,80.2423629761,58769,58779,10
13.0878400803,80.2431869507,58779,58789,10
13.0877304077,80.243522644,58789,58799,10
13.0872001648,80.2440414429,58799,58809,10
13.0864496231,80.244682312,58809,58819,10
13.0860300064,80.2450180054,58819,58829,10
13.0856895447,80.2454071045,58829,58839,10
13.0856895447,80.2459564209,58839,58849,10
13.0857696533,80.2465591431,58849,58859,10
13.0857601166,80.2466201782,58859,58870,11
13.085729599,80.2469024658,58870,58880,10
13.0857801437,80.2475891113,58880,58890,10
13.0858602524,80.2485198975,58890,58900,10
13.0858697891,80.2491607666,58900,58910,10
13.0858802795,80.2495803833,58910,58920,10
13.0859203339,80.249961853,58920,58930,10
13.085940361,80.2504196167,58930,58940,10
13.0858697891,80.250793457,58940,58950,10
13.0858097076,80.2512207031,58950,58960,10
13.0857400894,80.2516479492,58960,58970,10
13.0856800079,80.2520217896,58970,58980,10
13.0856304169,80.2524032593,58980,58991,11
13.0855703354,80.2531433105,58991,59001,10
13.0855703354,80.2535018921,59001,59010,9
13.0855998993,80.2539367676,59010,59021,11
13.085650444,80.2545623779,59021,59031,10
13.0854997635,80.2547531128,59031,59041,10
13.0850000381,80.2547073364,59041,59051,10
13.0847396851,80.2546768188,59051,59061,10
13.0845003128,80.2546386719,59061,59071,10
13.0839500427,80.2545776367,59071,59101,30
13.0839500427,80.2545776367,59101,59112,11
13.0834999084,80.2545700073,59112,59122,10
13.0828504562,80.2545166016,59122,59132,10
13.0823097229,80.2544937134,59132,59142,10
13.0817804337,80.2548065186,59142,59172,30
13.0817804337,80.2548065186,59172,59182,10
13.081580162,80.2548522949,59182,59192,10
13.081410408,80.2548904419,59192,59202,10
13.080909729,80.2548675537,59202,59222,20
13.080909729,80.2548675537,59222,59233,11
13.0808000565,80.2548675537,59233,59243,10
13.0804195404,80.2548065186,59243,59253,10
13.0793304443,80.2546768188,59253,59313,60
13.0791397095,80.256111145,59313,59354,41
13.0791397095,80.256111145,59354,59374,20
13.0788602829,80.2567214966,59374,59384,10
13.0784702301,80.2567214966,59384,59394,10
13.0781297684,80.2567062378,59394,59404,10
13.0776500702,80.2567596436,59404,59414,10
13.0772304535,80.2568511963,59414,59424,10
13.0767202377,80.2571105957,59424,59434,10
13.0761203766,80.2576599121,59434,59444,10
13.075750351,80.2580108643,59444,59454,10
13.0754804611,80.2583007813,59454,59464,10
13.0756196976,80.2588195801,59464,59475,11
13.075920105,80.2594909668,59475,59485,10
13.0762796402,80.2598419189,59485,59495,10
13.0767698288,80.2602233887,59495,59505,10
13.0771303177,80.2606201172,59505,59515,10
13.077340126,80.2609481812,59515,59525,10
13.0775604248,80.2614822388,59525,59535,10
13.0777702332,80.2619628906,59535,59565,30
13.0777702332,80.2619628906,59565,59575,10
13.0778303146,80.262336731,59575,59585,10
13.07791996,80.2626800537,59585,59596,11
13.078040123,80.2630691528,59596,59606,10
13.0782804489,80.2635192871,59606,59616,10
13.0780897141,80.2635574341,59616,59626,10
13.0779495239,80.2636184692,59626,59636,10
13.0776596069,80.2638473511,59636,59646,10
13.0773601532,80.2640686035,59646,59656,10
13.0770301819,80.2641601563,59656,59666,10
13.0765199661,80.2642364502,59666,59676,10
13.0758600235,80.2643280029,59676,59686,10
13.0754899979,80.2640075684,59686,59696,10
13.0750198364,80.263343811,59696,59706,10
13.0746297836,80.262840271,59706,59716,10
13.0741701126,80.2623291016,59716,59727,11
13.0737800598,80.2618408203,59727,59747,20
13.0737800598,80.2618408203,59747,59757,10
13.07351017,80.2614974976,59757,59767,10
13.0730304718,80.261680603,59767,59777,10
13.0727996826,80.262512207,59777,59787,10
13.0725803375,80.2631835938,59787,59797,10
13.0719499588,80.264251709,59797,59807,10
13.0719499588,80.264251709,59807,59817,10
13.0715799332,80.2646865845,59817,59826,9
13.0715198517,80.2647628784,59826,59845,19
13.071149826,80.2650985718,59845,59855,10
13.0709199905,80.2653274536,59855,59865,10
13.070400238,80.2659072876,59865,59875,10
13.0699396133,80.2663497925,59875,59885,10
13.0694704056,80.2668609619,59885,59895,10
13.0692195892,80.2670974731,59895,59905,10
13.0689096451,80.2675476074,59905,59915,10
13.0686502457,80.2682723999,59915,59925,10
13.0684700012,80.2688217163,59925,59935,10
13.0683403015,80.2693710327,59935,59945,10
13.0682201385,80.2699584961,59945,59955,10
13.0681295395,80.2706222534,59955,59966,11
13.0679702759,80.2710113525,59966,59976,10
13.0675001144,80.2706680298,59976,59986,10
13.0667896271,80.2699584961,59986,59996,10
13.0663700104,80.2690124512,59996,60006,10
13.0663003922,80.268447876,60006,60016,10
13.0658903122,80.2679519653,60016,60026,10
13.0654802322,80.2677536011,60026,60036,10
13.0654697418,80.2677536011,60036,60046,10
13.0651798248,80.2676773071,60046,60056,10
13.0648403168,80.2675933838,60056,60066,10
13.0643796921,80.2675018311,60066,60076,10
13.064040184,80.2674484253,60076,60087,11
13.0635004044,80.2673568726,60087,60097,10
13.06291008,80.267250061,60097,60107,10
13.0624599457,80.2669219971,60107,60117,10
13.0620002747,80.2663574219,60117,60127,10
13.0615596771,80.2658081055,60127,60137,10
13.0612001419,80.2653274536,60137,60147,10
13.0607404709,80.265296936,60147,60157,10
13.0606298447,80.2653579712,60157,60167,10
13.0602798462,80.2655029297,60167,60177,10
13.0596199036,80.2656173706,60177,60187,10
13.0591802597,80.2655487061,60187,60197,10
13.0587902069,80.2655181885,60197,60208,11
13.0585098267,80.2654418945,60208,60218,10
13.0580797195,80.2651367188,60218,60228,10
13.0579500198,80.2644805908,60228,60238,10
13.0578804016,80.2639389038,60238,60248,10
13.0578298569,80.2630996704,60248,60258,10
13.0577201843,80.2623901367,60258,60268,10
13.0576200485,80.26171875,60268,60278,10
13.0574703217,80.2610092163,60278,60288,10
13.0572099686,80.2600631714,60288,60298,10
13.0569095612,80.2590484619,60298,60308,10
13.0566902161,80.2581634521,60308,60318,10
13.0565299988,80.2574920654,60318,60329,11
13.0565099716,80.2574615479,60329,60339,10
13.0564699173,80.2571792603,60339,60349,10
13.0563898087,80.2567977905,60349,60359,10
13.0562200546,80.2563934326,60359,60369,10
13.0558300018,80.2558288574,60369,60379,10
13.0552997589,80.2551193237,60379,60389,10
13.0546398163,80.2543106079,60389,60399,10
13.0542201996,80.2538070679,60399,60409,10
13.054189682,80.2537612915,60409,60419,10
13.0540304184,80.2535400391,60419,60429,10
13.0536699295,80.2530288696,60429,60439,10
13.0532598495,80.2524185181,60439,60450,11
13.0526103973,80.2515716553,60450,60460,10
13.0521497726,80.2509613037,60460,60470,10
13.0515804291,80.2504272461,60470,60480,10
13.0509500504,80.2501296997,60480,60490,10
13.0500898361,80.2499389648,60490,60500,10
13.0489797592,80.2498321533,60500,60510,10
13.0481395721,80.2495498657,60510,60520,10
13.0474796295,80.2489624023,60520,60530,10
13.0469703674,80.2487030029,60530,60540,10
13.046959877,80.2487030029,60540,60550,10
13.046790123,80.2486572266,60550,60559,9
13.0465602875,80.2486801147,60559,60581,22
13.0465602875,80.2486801147,60581,60591,10
13.0462903976,80.2485809326,60591,60601,10
13.0460195541,80.2485275269,60601,60611,10
13.0458698273,80.2484588623,60611,60621,10
13.0456199646,80.2483596802,60621,60631,10
13.0454702377,80.2482910156,60631,60641,10
13.0453195572,80.2482528687,60641,60651,10
13.0451803207,80.2482299805,60651,60661,10
13.0449304581,80.2481689453,60661,60671,10
13.044670105,80.2481384277,60671,60680,9
13.0444602966,80.2481307983,60680,60692,12
13.0441598892,80.2480926514,60692,60702,10
13.0439300537,80.2480316162,60702,60712,10
13.0437002182,80.2479705811,60712,60722,10
13.0434703827,80.2479171753,60722,60732,10
13.0431499481,80.2478790283,60732,60742,10
13.0428304672,80.2477722168,60742,60752,10
13.0424499512,80.2476806641,60752,60762,10
13.0419397354,80.2476272583,60762,60772,10
13.0415096283,80.247543335,60772,60782,10
13.0414896011,80.2475280762,60782,60792,10
13.0414800644,80.2474594116,60792,60802,10
13.0409803391,80.2473297119,60802,60813,11
13.0401802063,80.2472000122,60813,60823,10
13.0397100449,80.2471313477,60823,60853,30
13.0397100449,80.2471313477,60853,60863,10
13.0393104553,80.2469863892,60863,60873,10
13.0387001038,80.2468490601,60873,60883,10
13.038020134,80.2467193604,60883,60893,10
13.0372400284,80.2465820313,60893,60903,10
13.0363798141,80.2463912964,60903,60913,10
13.0357904434,80.2462310791,60913,60923,10
13.0353097916,80.2460784912,60923,60944,21
13.0353097916,80.2460784912,60944,60954,10
13.0351696014,80.2460708618,60954,60964,10
13.0348701477,80.2459030151,60964,60974,10
13.0346298218,80.2455062866,60974,60984,10
13.0340995789,80.2448425293,60984,60994,10
13.0333404541,80.243888855,60994,61004,10
13.0327196121,80.2431182861,61004,61014,10
13.0325698853,80.2428970337,61014,61024,10
13.032409668,80.2426605225,61024,61135,111
13.032409668,80.2426605225,61135,61145,10
13.0322599411,80.2425003052,61145,61155,10
13.0321798325,80.2423782349,61155,61165,10
13.0320596695,80.2422485352,61165,61174,9
13.0319004059,80.2419586182,61174,61186,12
13.03166008,80.2413635254,61186,61196,10
13.0315599442,80.2411117554,61196,61296,100
13.0315599442,80.2411117554,61296,61307,11
13.0315504074,80.2409820557,61307,61317,10
13.0313196182,80.2405700684,61317,61327,10
13.0311403275,80.2401733398,61327,61337,10
13.0308904648,80.2396011353,61337,61347,10
13.0304298401,80.2387695313,61347,61357,10
13.0298900604,80.2378005981,61357,61367,10
13.0294303894,80.2371368408,61367,61377,10
13.0293903351,80.2371063232,61377,61387,10
13.029250145,80.2369995117,61387,61397,10
13.0291700363,80.236907959,61397,61407,10
13.0290002823,80.2367095947,61407,61417,10
13.0285196304,80.2361679077,61417,61428,11
13.0277700424,80.2352294922,61428,61438,10
13.0272502899,80.2342834473,61438,61448,10
13.0268201828,80.2335968018,61448,61488,40
13.0268201828,80.2335968018,61488,61498,10
13.0266304016,80.2332611084,61498,61508,10
13.0263595581,80.232749939,61508,61518,10
13.0262699127,80.2323989868,61518,61528,10
13.026140213,80.2319412231,61528,61538,10
13.0260000229,80.2313766479,61538,61549,11
13.0256795883,80.2304992676,61549,61559,10
13.0250597,80.2296066284,61559,61569,10
13.0246601105,80.2291412354,61569,61579,10
13.0246095657,80.229057312,61579,61589,10
13.0243701935,80.2287368774,61589,61599,10
13.0240097046,80.2283477783,61599,61609,10
13.0240001678,80.2283401489,61609,61619,10
13.023900032,80.2282104492,61619,61629,10
13.0237503052,80.2280197144,61629,61639,10
13.0232801437,80.2275466919,61639,61649,10
13.0226402283,80.2269363403,61649,61659,10
13.021730423,80.2261581421,61659,61670,11
13.0206403732,80.2253494263,61670,61680,10
13.0200099945,80.2249526978,61680,61690,10
13.0199298859,80.224899292,61690,61700,10
13.0198097229,80.224822998,61700,61710,10
13.0193996429,80.2246017456,61710,61720,10
13.0186100006,80.2245864868,61720,61730,10
13.0177602768,80.2249526978,61730,61740,10
13.0167798996,80.2253494263,61740,61750,10
13.0162000656,80.2255783081,61750,61760,10
13.0156698227,80.2257614136,61760,61770,10
13.0146503448,80.2261734009,61770,61791,21
13.0146503448,80.2261734009,61791,61801,10
13.0144300461,80.2262420654,61801,61811,10
13.0142297745,80.22631073,61811,61821,10
13.0135297775,80.2265777588,61821,61831,10
13.0125598907,80.2269515991,61831,61841,10
13.0115804672,80.2273101807,61841,61851,10
13.0105199814,80.2277832031,61851,61861,10
13.0093297958,80.2283096313,61861,61871,10
13.0090303421,80.2293624878,61871,61881,10
13.0088300705,80.2304611206,61881,61891,10
13.0086297989,80.2315368652,61891,61901,10
13.0084199905,80.2326431274,61901,61912,11
13.0083398819,80.2333374023,61912,61922,10
13.008310318,80.2334899902,61922,61932,10
13.0081996918,80.2337722778,61932,61942,10
13.0080499649,80.2345428467,61942,61952,10
13.0078296661,80.2356719971,61952,61962,10
13.0075302124,80.2370071411,61962,61972,10
13.0073299408,80.2381210327,61972,61982,10
13.0071296692,80.2393188477,61982,62002,20
13.0071296692,80.2393188477,62002,62012,10
13.0071201324,80.2394104004,62012,62022,10
13.0070400238,80.2398300171,62022,62033,11
13.006939888,80.2405090332,62033,62043,10
13.006939888,80.2405395508,62043,62053,10
13.0069103241,80.2406234741,62053,62063,10
13.006819725,80.2410430908,62063,62073,10
13.0067396164,80.2420120239,62073,62083,10
13.0067300797,80.2431030273,62083,62093,10
13.0067195892,80.2438964844,62093,62103,10
13.0066795349,80.2449111938,62103,62113,10
13.0067300797,80.2456970215,62113,62123,10
13.006770134,80.2463989258,62123,62133,10
13.0067996979,80.2469024658,62133,62143,10
13.0067796707,80.2475128174,62143,62154,11
13.0067596436,80.2485275269,62154,62164,10
13.006819725,80.2495803833,62164,62174,10
13.0068502426,80.2502365112,62174,62184,10
13.0068597794,80.2502822876,62184,62194,10
13.0068597794,80.250541687,62194,62254,60
13.0068597794,80.250541687,62254,62264,10
13.0068902969,80.2508621216,62264,62275,11
13.0068902969,80.2511520386,62275,62285,10
13.0068702698,80.2514419556,62285,62295,10
13.0067195892,80.2520217896,62295,62305,10
13.0066099167,80.2527313232,62305,62315,10
13.0066003799,80.2535095215,62315,62325,10
13.0066404343,80.2548828125,62325,62345,20
13.0066404343,80.2548828125,62345,62355,10
13.0066099167,80.2552566528,62355,62365,10
13.0066204071,80.2561187744,62365,62375,10
13.0066604614,80.2567672729,62375,62385,10
13.0066795349,80.2571334839,62385,62395,10
13.0066795349,80.2575531006,62395,62406,11
13.0062599182,80.2575836182,62406,62416,10
13.0059204102,80.2574615479,62416,62426,10
13.0055398941,80.2573776245,62426,62436,10
13.0048904419,80.2571792603,62436,62446,10
13.0041399002,80.2570266724,62446,62456,10
13.0036096573,80.256942749,62456,62466,10
13.0031204224,80.2568130493,62466,62476,10
13.0026102066,80.2567214966,62476,62486,10
13.0022802353,80.256690979,62486,62537,51
13.0022802353,80.256690979,62537,62547,10
13.0020799637,80.2565917969,62547,62557,10
13.001709938,80.2565383911,62557,62567,10
13.0010204315,80.256477356,62567,62577,10
13.0002803802,80.2563934326,62577,62587,10
13.0001401901,80.256362915,62587,62597,10
13.0000696182,80.2563476563,62597,62607,10
12.9996404648,80.2562484741,62607,62617,10
12.9990301132,80.2561264038,62617,62627,10
12.9986400604,80.2560577393,62627,62648,21
12.9986400604,80.2560577393,62648,62658,10
12.9983100891,80.2559814453,62658,62668,10
12.9975500107,80.2559432983,62668,62698,30
12.9975500107,80.2559432983,62698,62708,10
12.9972400665,80.2559432983,62708,62718,10
12.9967403412,80.255897522,62718,62728,10
12.9960298538,80.255897522,62728,62738,10
12.9954395294,80.2559432983,62738,62748,10
12.9947299957,80.2559661865,62748,62758,10
12.9941501617,80.2560272217,62758,62769,11
12.9930801392,80.256111145,62769,62779,10
12.9920301437,80.256111145,62779,62789,10
12.9912004471,80.2560806274,62789,62799,10
12.9905700684,80.2560577393,62799,62809,10
12.9900999069,80.2560577393,62809,62839,30
12.9900999069,80.2560577393,62839,62849,10
12.9895401001,80.2560272217,62849,62859,10
12.9892902374,80.2560195923,62859,62869,10
12.9887399673,80.2559967041,62869,62879,10
12.9884996414,80.2559585571,62879,62890,11
12.9882898331,80.2559280396,62890,62900,10
12.9879398346,80.2558898926,62900,62910,10
12.9876203537,80.2561569214,62910,62920,10
12.9875802994,80.2567825317,62920,62930,10
12.9875297546,80.2572097778,62930,62940,10
12.9874801636,80.2580566406,62940,62950,10
12.9873800278,80.2589263916,62950,62960,10
12.9871997833,80.2595977783,62960,62990,30
12.9871997833,80.2595977783,62990,63000,10
12.9870595932,80.2595825195,63000,63011,11
12.9868297577,80.2595367432,63011,63021,10
12.9865903854,80.2592468262,63021,63031,10
12.9867401123,80.2590713501,63031,63061,30
12.9867401123,80.2590713501,63061,63566,505
12.9873800278,80.2587280273,63566,63577,11
12.9874696732,80.2576980591,63577,63617,40
12.9874696732,80.2576980591,63617,63627,10
12.9875402451,80.2575302124,63627,63637,10
12.9875202179,80.2572784424,63637,63647,10
12.9875898361,80.2566070557,63647,63657,10
12.9876203537,80.255859375,63657,63677,20
12.9876203537,80.255859375,63677,63688,11
12.987830162,80.2557525635,63688,63698,10
12.9881801605,80.2557983398,63698,63718,20
12.9881801605,80.2557983398,63718,63728,10
12.9884996414,80.2558822632,63728,63738,10
12.9885902405,80.2558898926,63738,63748,10
12.988699913,80.2559127808,63748,63758,10
12.9887895584,80.2559432983,63758,63768,10
12.9892196655,80.2559890747,63768,63778,10
12.9897699356,80.2560424805,63778,63788,10
12.9903802872,80.2560195923,63788,63798,10
12.9909296036,80.2560424805,63798,63808,10
12.9916801453,80.2560424805,63808,63819,11
12.9927301407,80.2560501099,63819,63829,10
12.9936599731,80.2560119629,63829,63839,10
12.9941997528,80.2559890747,63839,63849,10
12.9947004318,80.2559509277,63849,63859,10
12.99518013,80.2559127808,63859,63869,10
12.9951896667,80.255897522,63869,63879,10
12.9955501556,80.2558822632,63879,63889,10
12.9960699081,80.2558822632,63889,63899,10
12.9967498779,80.2558670044,63899,63909,10
12.9970998764,80.2558898926,63909,63919,10
12.9975996017,80.2559127808,63919,63929,10
12.9980802536,80.2559585571,63929,63940,11
12.998749733,80.2560272217,63940,63960,20
12.9988698959,80.2560272217,63960,63990,30
12.9988698959,80.2560272217,63990,64000,10
12.999130249,80.2561035156,64000,64010,10
12.9995698929,80.2562026978,64010,64020,10
13.000169754,80.2563323975,64020,64030,10
13.0009498596,80.2564620972,64030,64050,20
13.0009498596,80.2564620972,64050,64061,11
13.0012197495,80.2565231323,64061,64071,10
13.0014801025,80.2565689087,64071,64081,10
13.0017204285,80.2566223145,64081,64091,10
13.001950264,80.256652832,64091,64101,10
13.0022296906,80.256690979,64101,64111,10
13.0024404526,80.2567214966,64111,64121,10
13.0026903152,80.2567596436,64121,64131,10
13.0028896332,80.2567977905,64131,64141,10
13.0031003952,80.2568206787,64141,64151,10
13.0033597946,80.2568817139,64151,64161,10
13.0034103394,80.2568893433,64161,64171,10
13.0036697388,80.2569503784,64171,64182,11
13.003950119,80.2570037842,64182,64192,10
13.0040102005,80.2570037842,64192,64202,10
13.0043201447,80.2570571899,64202,64212,10
13.0044803619,80.2570800781,64212,64222,10
13.004650116,80.2571105957,64222,64232,10
13.004940033,80.2571487427,64232,64242,10
13.0055999756,80.2573013306,64242,64252,10
13.0062398911,80.2574234009,64252,64333,81
13.0064401627,80.2574996948,64333,64363,30
13.0064401627,80.2574996948,64363,64373,10
13.0065498352,80.2570724487,64373,64383,10
13.0065402985,80.256439209,64383,64393,10
13.0065202713,80.2556610107,64393,64403,10
13.0065498352,80.2548599243,64403,64412,9
13.006529808,80.2540435791,64412,64424,12
13.0065202713,80.2532272339,64424,64444,20
13.0065202713,80.2532272339,64444,64454,10
13.006529808,80.2530670166,64454,64464,10
13.0065202713,80.2527389526,64464,64474,10
13.0065898895,80.2522201538,64474,64484,10
13.0067100525,80.2513580322,64484,64494,10
13.0067396164,80.2504882813,64494,64504,10
13.0067396164,80.2496185303,64504,64514,10
13.0066795349,80.2489395142,64514,64575,61
13.0066795349,80.2489395142,64575,64585,10
13.006649971,80.2485427856,64585,64595,10
13.0066299438,80.248260498,64595,64605,10
13.0066404343,80.2478027344,64605,64615,10
13.0066404343,80.2473602295,64615,64625,10
13.0066299438,80.2469711304,64625,64635,10
13.0066204071,80.2468490601,64635,64645,10
13.0065803528,80.2467498779,64645,64655,10
13.0066204071,80.2463531494,64655,64666,11
13.0065803528,80.2457962036,64666,64686,20
13.0065803528,80.2457962036,64686,64696,10
13.0065898895,80.2455062866,64696,64706,10
13.0065603256,80.2451095581,64706,64726,20
13.0065603256,80.2451095581,64726,64736,10
13.0065698624,80.244758606,64736,64746,10
13.0065698624,80.2445373535,64746,64756,10
13.0065698624,80.2443237305,64756,64766,10
13.0065803528,80.2440795898,64766,64776,10
13.0065603256,80.2437896729,64776,64786,10
13.006529808,80.2434082031,64786,64797,11
13.0065498352,80.2428894043,64797,64807,10
13.0065402985,80.2417297363,64807,64857,50
13.0065402985,80.2417297363,64857,64867,10
13.0065698624,80.2413406372,64867,64877,10
13.0065898895,80.2411804199,64877,64887,10
13.0066099167,80.2408218384,64887,64897,10
13.0067996979,80.240196228,64897,64908,11
13.0069999695,80.2390823364,64908,64918,10
13.0071802139,80.2382888794,64918,64928,10
13.0073099136,80.2376480103,64928,64938,10
13.0074300766,80.2370300293,64938,64968,30
13.0074300766,80.2370300293,64968,64978,10
13.0074596405,80.2367477417,64978,64988,10
13.0075902939,80.2364730835,64988,64998,10
13.0077199936,80.2357711792,64998,65008,10
13.0077695847,80.2355117798,65008,65018,10
13.0078697205,80.2351379395,65018,65028,10
13.0080003738,80.2343902588,65028,65038,10
13.008190155,80.2332305908,65038,65049,11
13.0084495544,80.2318191528,65049,65059,10
13.0086603165,80.230796814,65059,65069,10
13.0088996887,80.2295532227,65069,65079,10
13.009180069,80.2283325195,65079,65089,10
13.0096902847,80.2270812988,65089,65099,10
13.0102396011,80.2259368896,65099,65109,10
13.0105495453,80.2253799438,65109,65119,10
13.0107402802,80.2249679565,65119,65129,10
13.0108995438,80.2245788574,65129,65139,10
13.0110197067,80.2242584229,65139,65149,10
13.0110902786,80.2241668701,65149,65160,11
13.0112895966,80.2236022949,65160,65170,10
13.0115404129,80.2229995728,65170,65180,10
13.0118999481,80.2219772339,65180,65190,10
13.012339592,80.2214584351,65190,65200,10
13.0127496719,80.222038269,65200,65210,10
13.0134401321,80.2228088379,65210,65220,10
13.0139503479,80.2233200073,65220,65230,10
13.0143699646,80.2239608765,65230,65240,10
13.014840126,80.2244567871,65240,65250,10
13.0151195526,80.2247085571,65250,65260,10
13.0155096054,80.2250213623,65260,65269,9
13.0155296326,80.2250595093,65269,65281,12
13.0159196854,80.2253570557,65281,65291,10
13.0165596008,80.2253417969,65291,65301,10
13.0171403885,80.225112915,65301,65311,10
13.0175600052,80.224937439,65311,65321,10
13.0179300308,80.2248001099,65321,65331,10
13.0184001923,80.2246170044,65331,65341,10
13.0191898346,80.2243881226,65341,65361,20
13.0191898346,80.2243881226,65361,65371,10
13.0193099976,80.2243804932,65371,65381,10
13.0195302963,80.2244796753,65381,65391,10
13.0196895599,80.2245864868,65391,65402,11
13.0199899673,80.2248306274,65402,65412,10
13.0204401016,80.2251586914,65412,65422,10
13.0207901001,80.2254104614,65422,65432,10
13.0210399628,80.2256164551,65432,65442,10
13.0213098526,80.2258377075,65442,65452,10
13.0217103958,80.2261428833,65452,65462,10
13.0220804214,80.2264175415,65462,65472,10
13.0225095749,80.2267913818,65472,65482,10
13.0230903625,80.2273178101,65482,65492,10
13.023730278,80.227897644,65492,65502,10
13.0242996216,80.2285385132,65502,65512,10
13.024720192,80.2291030884,65512,65523,11
13.0253095627,80.2298812866,65523,65533,10
13.0258102417,80.2306976318,65533,65543,10
13.0260095596,80.2313537598,65543,65553,10
13.0262002945,80.2320327759,65553,65563,10
13.0264797211,80.2329025269,65563,65573,10
13.0268802643,80.2335586548,65573,65583,10
13.0274000168,80.2343978882,65583,65593,10
13.0278997421,80.2353134155,65593,65603,10
13.0284996033,80.2360610962,65603,65613,10
13.0294704437,80.2370910645,65613,65632,19
13.0294704437,80.2370910645,65632,65644,12
13.0295600891,80.2371368408,65644,65654,10
13.0298700333,80.2376174927,65654,65664,10
13.0302801132,80.238319397,65664,65674,10
13.0306100845,80.2388534546,65674,65684,10
13.0308799744,80.2392883301,65684,65694,10
13.031129837,80.2397766113,65694,65704,10
13.0313100815,80.2400970459,65704,65714,10
13.0314102173,80.2406997681,65714,65724,10
13.0315704346,80.2411117554,65724,65734,10
13.0318202972,80.2416000366,65734,65744,10
13.032119751,80.2421798706,65744,65754,10
13.0325202942,80.2426376343,65754,65765,11
13.0329904556,80.2433013916,65765,65775,10
13.0334796906,80.2439498901,65775,65785,10
13.0339899063,80.2446670532,65785,65795,10
13.0345897675,80.2454299927,65795,65805,10
13.0349998474,80.245880127,65805,65815,10
13.0352697372,80.2460708618,65815,65825,10
13.0355901718,80.2461700439,65825,65845,20
13.0355901718,80.2461700439,65845,65855,10
13.0358104706,80.246307373,65855,65865,10
13.0361995697,80.2464370728,65865,65874,9
13.0366897583,80.2465286255,65874,65886,12
13.037610054,80.2464904785,65886,65896,10
13.0389204025,80.2468795776,65896,65956,60
13.0389204025,80.2468795776,65956,65966,10
13.0390996933,80.2468795776,65966,65976,10
13.0394096375,80.2469711304,65976,65986,10
13.0398302078,80.2470703125,65986,65996,10
13.0408096313,80.2472763062,65996,66027,31
13.0408096313,80.2472763062,66027,66037,10
13.0410804749,80.2473602295,66037,66047,10
13.0416498184,80.2474517822,66047,66057,10
13.0421199799,80.2475814819,66057,66067,10
13.0426702499,80.2478179932,66067,66077,10
13.0432500839,80.248008728,66077,66087,10
13.0439796448,80.2479095459,66087,66097,10
13.0445203781,80.2480010986,66097,66107,10
13.0450801849,80.248260498,66107,66117,10
13.0455703735,80.2484130859,66117,66128,11
13.0462503433,80.248550415,66128,66138,10
13.0468397141,80.2484512329,66138,66148,10
13.0468902588,80.2484512329,66148,66158,10
13.0469799042,80.2484970093,66158,66168,10
13.047369957,80.2486801147,66168,66178,10
13.0477895737,80.2490692139,66178,66188,10
13.0482196808,80.2495193481,66188,66198,10
13.0488100052,80.2497711182,66198,66208,10
13.0493803024,80.2498626709,66208,66218,10
13.0500802994,80.249961853,66218,66228,10
13.0508899689,80.2501220703,66228,66238,10
13.0515203476,80.2503433228,66238,66249,11
13.0521497726,80.2508468628,66249,66259,10
13.0526695251,80.2515411377,66259,66269,10
13.0532999039,80.2523803711,66269,66279,10
13.0538702011,80.2531890869,66279,66289,10
13.0543804169,80.2538833618,66289,66299,10
13.0547895432,80.2544174194,66299,66309,10
13.0549697876,80.2546386719,66309,66319,10
13.0552196503,80.254989624,66319,66329,10
13.0555095673,80.2553863525,66329,66339,10
13.0556898117,80.2556228638,66339,66349,10
13.0557804108,80.2557220459,66349,66359,10
13.0559196472,80.2558898926,66359,66370,11
13.0560903549,80.2561416626,66370,66380,10
13.0563097,80.2564315796,66380,66390,10
13.0567998886,80.2569274902,66390,66410,20
13.0567998886,80.2569274902,66410,66420,10
13.0570402145,80.2570877075,66420,66430,10
13.0574903488,80.2574768066,66430,66440,10
13.0578699112,80.2578887939,66440,66450,10
13.0583000183,80.2584381104,66450,66460,10
13.0587396622,80.2589797974,66460,66470,10
13.0590896606,80.259437561,66470,66480,10
13.0594501495,80.260017395,66480,66491,11
13.0599403381,80.2602996826,66491,66501,10
13.0601902008,80.2606430054,66501,66511,10
13.0605602264,80.2611312866,66511,66531,20
13.0605602264,80.2611312866,66531,66541,10
13.0607500076,80.2613296509,66541,66551,10
13.0610303879,80.2617874146,66551,66561,10
13.0614404678,80.26222229,66561,66571,10
13.0618000031,80.2626800537,66571,66581,10
13.0626096725,80.2636413574,66581,66612,31
13.0626096725,80.2636413574,66612,66622,10
13.0627603531,80.2638092041,66622,66632,10
13.0630102158,80.2641601563,66632,66642,10
13.0632200241,80.2643814087,66642,66652,10
13.0633401871,80.2646026611,66652,66662,10
13.0636501312,80.2650985718,66662,66672,10
13.0638504028,80.2653427124,66672,66682,10
13.0640296936,80.2656021118,66682,66692,10
13.0643396378,80.2659606934,66692,66702,10
13.0645999908,80.2661895752,66702,66712,10
13.0646495819,80.2663574219,66712,66721,9
13.0647201538,80.2665100098,66721,66733,12
13.0648603439,80.2667007446,66733,66743,10
13.0650901794,80.2669525146,66743,66753,10
13.0655498505,80.2672576904,66753,66763,10
13.0659303665,80.2677688599,66763,66773,10
13.066280365,80.2681884766,66773,66783,10
13.0665502548,80.2684020996,66783,66823,40
13.0665502548,80.2684020996,66823,66833,10
13.0666799545,80.2684173584,66833,66843,10
13.0670003891,80.2685775757,66843,66864,21
13.0670003891,80.2685775757,66864,66874,10
13.0672101974,80.268737793,66874,66884,10
13.0675601959,80.2689971924,66884,66894,10
13.0679798126,80.2692871094,66894,66904,10
13.0683403015,80.2693328857,66904,66914,10
13.0684700012,80.2686767578,66914,66934,20
13.0684700012,80.2686767578,66934,66944,10
13.0685396194,80.2685089111,66944,66954,10
13.0685997009,80.2683486938,66954,66964,10
13.0687704086,80.2678985596,66964,66975,11
13.0689697266,80.2673797607,66975,66985,10
13.0692996979,80.2670288086,66985,66995,10
13.0697002411,80.2666320801,66995,67005,10
13.0700397491,80.2662811279,67005,67015,10
13.0703296661,80.2659683228,67015,67035,20
13.0703296661,80.2659683228,67035,67045,10
13.0703897476,80.2658920288,67045,67055,10
13.0706396103,80.2656173706,67055,67065,10
13.0708999634,80.26537323,67065,67075,10
13.0711097717,80.2651596069,67075,67085,10
13.0714101791,80.2648620605,67085,67096,11
13.0717401505,80.2644805908,67096,67106,10
13.0720396042,80.2641677856,67106,67116,10
13.0723400116,80.2636413574,67116,67126,10
13.0725002289,80.2630462646,67126,67136,10
13.072719574,80.2624893188,67136,67146,10
13.0728597641,80.262046814,67146,67156,10
13.0728597641,80.2620391846,67156,67166,10
13.0728702545,80.2619476318,67166,67176,10
13.0729598999,80.2615585327,67176,67186,10
13.0729904175,80.2611083984,67186,67196,10
13.0730400085,80.2607574463,67196,67205,9
13.0732498169,80.260597229,67205,67217,12
13.0734996796,80.2601089478,67217,67227,10
13.0737800598,80.2597122192,67227,67237,10
13.0742101669,80.2592468262,67237,67247,10
13.0745697021,80.2589797974,67247,67257,10
13.0750102997,80.2585906982,67257,67267,10
13.075510025,80.2581710815,67267,67317,50
13.075510025,80.2581710815,67317,67327,10
13.0758399963,80.2579727173,67327,67338,11
13.0763998032,80.2574691772,67338,67348,10
13.0769500732,80.257019043,67348,67358,10
13.0774297714,80.2568206787,67358,67368,10
13.0781002045,80.2567214966,67368,67378,10
13.0787496567,80.2566833496,67378,67388,10
13.0790596008,80.2562789917,67388,67398,10
13.0789804459,80.2553863525,67398,67408,10
13.0789299011,80.2547912598,67408,67479,71
13.0789299011,80.2547912598,67479,67489,10
13.079000473,80.2546310425,67489,67499,10
13.0797901154,80.2546691895,67499,67529,30
13.0797901154,80.2546691895,67529,67539,10
13.0799999237,80.2547531128,67539,67549,10
13.0803899765,80.2548065186,67549,67559,10
13.0808200836,80.2548675537,67559,67568,9
13.0809602737,80.2548828125,67568,67580,12
13.081199646,80.2549209595,67580,67590,10
13.0815296173,80.2548904419,67590,67600,10
13.081700325,80.2545700073,67600,67610,10
13.0818195343,80.2541122437,67610,67620,10
13.0818395615,80.2536315918,67620,67630,10
13.081870079,80.2531967163,67630,67640,10
13.0817699432,80.2529602051,67640,67650,10
13.0817098618,80.2528076172,67650,67660,10
13.0815601349,80.2525634766,67660,67670,10
13.081410408,80.2518615723,67670,67680,10
13.0813703537,80.2512512207,67680,67690,10
13.0813503265,80.2509078979,67690,67701,11
13.081319809,80.2503967285,67701,67711,10
13.0813102722,80.2498931885,67711,67721,10
13.0815401077,80.2496871948,67721,67731,10
13.0820198059,80.249786377,67731,67741,10
13.0824098587,80.2498474121,67741,67751,10
13.0827999115,80.2499237061,67751,67761,10
13.0831003189,80.2499465942,67761,67771,10
13.0834302902,80.25,67771,67791,20
13.0834302902,80.25,67791,67801,10
13.083820343,80.2500915527,67801,67811,10
13.0840196609,80.2501373291,67811,67820,9
13.0847396851,80.2502593994,67820,67842,22
13.0847396851,80.2502593994,67842,67852,10
13.084980011,80.2503204346,67852,67862,10
13.0853395462,80.2503967285,67862,67872,10
13.0858097076,80.2504196167,67872,67902,30
13.0858097076,80.2504196167,67902,67912,10
13.0859003067,80.2499771118,67912,67922,10
13.0858697891,80.2492675781,67922,67932,10
13.0858201981,80.248626709,67932,67941,9
13.0857896805,80.2480773926,67941,67953,12
13.0857696533,80.2471618652,67953,67963,10
13.0857000351,80.2467193604,67963,67973,10
13.0856800079,80.2465820313,67973,67983,10
13.0856599808,80.2460098267,67983,67993,10
13.0856399536,80.2455978394,67993,68074,81
13.0856399536,80.2455978394,68074,68084,10
13.0857095718,80.2452392578,68084,68094,10
13.0858602524,80.2451324463,68094,68104,10
13.0861501694,80.2448883057,68104,68114,10
13.0866003036,80.2445220947,68114,68124,10
13.0870800018,80.2441101074,68124,68134,10
13.0874996185,80.2437820435,68134,68144,10
13.0876502991,80.243560791,68144,68154,10
13.0876998901,80.2434463501,68154,68164,10
13.087770462,80.2433166504,68164,68174,10
13.0878400803,80.2428970337,68174,68184,10
13.0879898071,80.2422790527,68184,68195,11
13.088549614,80.2418365479,68195,68205,10
13.0891103745,80.2414627075,68205,68215,10
13.0895900726,80.2411422729,68215,68225,10
13.0901203156,80.2409286499,68225,68235,10
13.0910100937,80.2409210205,68235,68245,10
13.0915803909,80.2409591675,68245,68255,10
13.0918598175,80.2409667969,68255,68265,10
13.0919504166,80.2409591675,68265,68275,10
13.0921697617,80.2409820557,68275,68285,10
13.0923299789,80.2409896851,68285,68295,10
13.0924797058,80.2409973145,68295,68306,11
13.0930204391,80.2410430908,68306,68316,10
13.0937204361,80.2411499023,68316,68326,10
13.0941400528,80.2412414551,68326,68336,10
13.09416008,80.2412490845,68336,68346,10
13.0944004059,80.2413024902,68346,68356,10
13.0947504044,80.2413787842,68356,68366,10
13.0951595306,80.2414703369,68366,68376,10
13.0955200195,80.241569519,68376,68386,10
13.0960702896,80.2417602539,68386,68477,91
13.0960702896,80.2417602539,68477,68487,10
13.0963802338,80.2418518066,68487,68497,10
13.0970201492,80.2420806885,68497,68507,10
13.0975799561,80.2422332764,68507,68517,10
13.0980100632,80.2423400879,68517,68527,10
13.0984401703,80.2423706055,68527,68558,31
13.0984401703,80.2423706055,68558,68568,10
13.0986795425,80.2423324585,68568,68578,10
13.0987501144,80.2421722412,68578,68588,10
13.0987100601,80.2419433594,68588,68598,10
13.0985002518,80.2422180176,68598,68991,393
13.0985002518,80.2422180176,68991,69001,10
13.098400116,80.2424621582,69001,69011,10
13.0982999802,80.2424621582,69011,69021,10
13.0980396271,80.2423934937,69021,69031,10
13.0975503922,80.2423019409,69031,69173,142
13.0975503922,80.2423019409,69173,69183,10
13.0973501205,80.2422485352,69183,69193,10
13.0970401764,80.2421417236,69193,69203,10
13.0966901779,80.2420272827,69203,69213,10
13.0962200165,80.241859436,69213,69223,10
13.0957202911,80.2416763306,69223,69233,10
13.0952596664,80.2415313721,69233,69243,10
13.0950803757,80.2414321899,69243,69253,10
13.0946502686,80.2413406372,69253,69263,10
13.0938901901,80.2412185669,69263,69273,10
13.0935897827,80.2411804199,69273,69284,11
13.0933103561,80.2411422729,69284,69294,10
13.0926599503,80.241027832,69294,69304,10
13.0919103622,80.2409667969,69304,69314,10
13.0910997391,80.2409210205,69314,69324,10
13.0899496078,80.2409667969,69324,69334,10
13.0890903473,80.2414474487,69334,69344,10
13.0881500244,80.2421569824,69344,69354,10
13.0878200531,80.243057251,69354,69364,10
13.0877504349,80.2433929443,69364,69374,10
13.0876302719,80.2436065674,69374,69384,10
13.0872898102,80.2439498901,69384,69394,10
13.0867700577,80.2444000244,69394,69405,11
13.0861701965,80.2449111938,69405,69435,30
13.0861701965,80.2449111938,69435,69445,10
13.0861301422,80.2449569702,69445,69455,10
13.0858001709,80.2452011108,69455,69465,10
13.085650444,80.2456436157,69465,69475,10
13.0856704712,80.2461166382,69475,69485,10
13.085729599,80.2466964722,69485,69495,10
13.0857095718,80.2468795776,69495,69505,10
13.0857200623,80.2474212646,69505,69515,10
13.0857601166,80.2481994629,69515,69526,11
13.0858001709,80.2491073608,69526,69536,10
13.0858602524,80.2499465942,69536,69556,20
13.0858402252,80.2501525879,69556,69636,80
13.0858402252,80.2501525879,69636,69647,11
13.0858097076,80.2505569458,69647,69657,10
13.0857496262,80.2508621216,69657,69667,10
13.0856704712,80.2512893677,69667,69677,10
13.0855998993,80.2517929077,69677,69687,10
13.085559845,80.2523803711,69687,69697,10
13.0855102539,80.2529067993,69697,69707,10
13.0854797363,80.2533111572,69707,69717,10
13.0854797363,80.253692627,69717,69727,10
13.0855503082,80.2540969849,69727,69737,10
13.0855197906,80.254699707,69737,69757,20
13.0855197906,80.254699707,69757,69768,11
13.0851202011,80.2547836304,69768,69778,10
13.0847196579,80.2547073364,69778,69788,10
13.0839700699,80.2546386719,69788,69808,20
13.0839700699,80.2546386719,69808,69818,10
13.0836400986,80.2546310425,69818,69828,10
13.0831298828,80.2546005249,69828,69838,10
13.0824804306,80.2545700073,69838,69848,10
13.0819301605,80.254737854,69848,69858,10
13.0812797546,80.2549362183,69858,69868,10
13.0809297562,80.2549285889,69868,69877,9
13.0808095932,80.2549285889,69877,69889,12
13.080160141,80.2547988892,69889,69899,10
13.0793104172,80.254737854,69899,69969,70
13.0793104172,80.254737854,69969,69979,10
13.0791101456,80.254699707,69979,69989,10
13.0789499283,80.254989624,69989,69999,10
13.0790195465,80.2555999756,69999,70010,11
13.0790596008,80.256187439,70010,70020,10
13.0790195465,80.2566604614,70020,70030,10
13.0784101486,80.2567367554,70030,70040,10
13.0776395798,80.2567977905,70040,70050,10
13.0770397186,80.256980896,70050,70060,10
13.0764198303,80.2574234009,70060,70070,10
13.0757102966,80.2580795288,70070,70080,10
13.0754699707,80.2585525513,70080,70090,10
13.0756397247,80.2591629028,70090,70100,10
13.0760297775,80.2597122192,70100,70109,9
13.076379776,80.2600402832,70109,70120,11
13.0768404007,80.2604904175,70120,70131,11
13.0772600174,80.2610321045,70131,70141,10
13.0774002075,80.2612609863,70141,70151,10
13.0775203705,80.2616119385,70151,70161,10
13.0776901245,80.262008667,70161,70171,10
13.0777702332,80.2622070313,70171,70181,10
13.0777997971,80.2623596191,70181,70191,10
13.0778903961,80.2627182007,70191,70201,10
13.0779695511,80.2630233765,70201,70211,10
13.0781497955,80.2633590698,70211,70221,10
13.0782403946,80.2634811401,70221,70231,10
13.0782003403,80.2635498047,70231,70241,10
13.0779800415,80.2636184692,70241,70252,11
13.0777301788,80.2637863159,70252,70262,10
13.0773096085,80.2640609741,70262,70272,10
13.0768899918,80.2641906738,70272,70282,10
13.0764198303,80.2642364502,70282,70292,10
13.0759496689,80.264289856,70292,70302,10
13.0755796432,80.2641296387,70302,70312,10
13.075220108,80.263633728,70312,70322,10
13.0748596191,80.2631225586,70322,70332,10
13.0744495392,80.2626113892,70332,70342,10
13.0740604401,80.26222229,70342,70352,10
13.0736904144,80.261756897,70352,70362,10
13.073559761,80.2616195679,70362,70373,11
13.0731201172,80.2615203857,70373,70383,10
13.0729103088,80.2620315552,70383,70393,10
13.0727100372,80.2627105713,70393,70403,10
13.072520256,80.2633590698,70403,70413,10
13.0722303391,80.263923645,70413,70423,10
13.0718803406,80.2643280029,70423,70433,10
13.0715303421,80.2646636963,70433,70443,10
13.0714502335,80.2647399902,70443,70453,10
13.0712604523,80.2649230957,70453,70463,10
13.0709295273,80.2652664185,70463,70473,10
13.070599556,80.2656173706,70473,70483,10
13.0701904297,80.2660293579,70483,70494,11
13.0698003769,80.2664718628,70494,70504,10
13.0693798065,80.2668991089,70504,70514,10
13.0689601898,80.2673873901,70514,70524,10
13.0687103271,80.2680282593,70524,70534,10
13.0685501099,80.2685165405,70534,70544,10
13.068479538,80.2687835693,70544,70554,10
13.0683298111,80.2692565918,70554,70564,10
13.06828022,80.269493103,70564,70574,10
13.0682096481,80.2696609497,70574,70584,10
13.0681400299,80.270149231,70584,70594,10
13.0681200027,80.2705993652,70594,70604,10
13.0679798126,80.2710418701,70604,70615,11
13.0675096512,80.2707366943,70615,70625,10
13.0673503876,80.2706375122,70625,70635,10
13.067029953,80.270362854,70635,70645,10
13.0665102005,80.2697677612,70645,70655,10
13.0663499832,80.2691116333,70655,70665,10
13.066280365,80.2685775757,70665,70675,10
13.0659503937,80.2681121826,70675,70685,10
13.0656099319,80.2678222656,70685,70695,10
13.0655298233,80.267791748,70695,70705,10
13.0654001236,80.2677612305,70705,70715,10
13.0652399063,80.2677307129,70715,70725,10
13.0650501251,80.2676773071,70725,70736,11
13.064450264,80.2675933838,70736,70746,10
13.0640602112,80.2675094604,70746,70756,10
13.0637998581,80.2674636841,70756,70766,10
13.0637998581,80.2674484253,70766,70776,10
13.0635995865,80.2674179077,70776,70786,10
13.0631904602,80.2673492432,70786,70796,10
13.062789917,80.2672805786,70796,70806,10
13.0624799728,80.2670211792,70806,70816,10
13.0621404648,80.2666015625,70816,70826,10
13.0617303848,80.2660980225,70826,70836,10
13.061340332,80.2656021118,70836,70846,10
13.0609397888,80.2652664185,70846,70857,11
13.0605602264,80.2654190063,70857,70867,10
13.0604896545,80.2654724121,70867,70877,10
13.0601396561,80.2656326294,70877,70887,10
13.0593996048,80.2656402588,70887,70897,10
13.0589599609,80.2655487061,70897,70907,10
13.0586700439,80.2655029297,70907,70917,10
13.058259964,80.2654266357,70917,70927,10
13.0579996109,80.2649765015,70927,70937,10
13.0579099655,80.2643737793,70937,70947,10
13.0578298569,80.2636566162,70947,70957,10
13.0577297211,80.2628631592,70957,70967,10
13.0576496124,80.262260437,70967,70978,11
13.0574998856,80.261428833,70978,70988,10
13.0573797226,80.2608032227,70988,70998,10
13.0571298599,80.2599411011,70998,71008,10
13.0569095612,80.2591934204,71008,71018,10
13.0566997528,80.2585678101,71018,71028,10
13.0565004349,80.2575683594,71028,71048,20
13.0565004349,80.2575683594,71048,71058,10
13.0564498901,80.2574005127,71058,71068,10
13.0564002991,80.2571182251,71068,71078,10
13.0563097,80.2566986084,71078,71088,10
13.0560302734,80.2561721802,71088,71099,11
13.0554103851,80.2553329468,71099,71109,10
13.0547399521,80.2544174194,71109,71119,10
13.0541601181,80.2537612915,71119,71129,10
13.0540504456,80.253616333,71129,71139,10
13.0538396835,80.2532730103,71139,71149,10
13.053319931,80.252532959,71149,71159,10
13.0526504517,80.2516326904,71159,71169,10
13.0520601273,80.2508621216,71169,71179,10
13.0513000488,80.2502670288,71179,71189,10
13.050359726,80.2500076294,71189,71198,9
13.0496301651,80.2499008179,71198,71209,11
13.0493402481,80.2499008179,71209,71220,11
13.0489397049,80.2498703003,71220,71250,30
13.0489397049,80.2498703003,71250,71260,10
13.0485200882,80.2497406006,71260,71270,10
13.0483102798,80.2496337891,71270,71280,10
13.0480003357,80.2494125366,71280,71290,10
13.0477695465,80.249206543,71290,71300,10
13.047539711,80.2490310669,71300,71310,10
13.0474300385,80.2489013672,71310,71319,9
13.0472202301,80.2487182617,71319,71371,52
13.0472202301,80.2487182617,71371,71381,10
13.0468196869,80.2487411499,71381,71391,10
13.0467395782,80.2487335205,71391,71401,10
13.0465402603,80.2487030029,71401,71411,10
13.0463695526,80.2486419678,71411,71421,10
13.046330452,80.2486190796,71421,71431,10
13.0461397171,80.2485580444,71431,71441,10
13.0459899902,80.2484664917,71441,71451,10
13.045800209,80.2484130859,71451,71462,11
13.0455799103,80.2483596802,71462,71482,20
13.0453701019,80.2483520508,71482,71512,30
13.0453701019,80.2483520508,71512,71522,10
13.0450201035,80.2482681274,71522,71532,10
13.0448102951,80.2482070923,71532,71542,10
13.0445604324,80.2481689453,71542,71552,10
13.0445203781,80.2481689453,71552,71562,10
13.0442895889,80.2481384277,71562,71573,11
13.0440301895,80.2480773926,71573,71583,10
13.0439500809,80.248046875,71583,71593,10
13.0437602997,80.248008728,71593,71603,10
13.0434999466,80.2479629517,71603,71613,10
13.0433397293,80.2479324341,71613,71623,10
13.0431900024,80.2479324341,71623,71633,10
13.0431499481,80.2479171753,71633,71643,10
13.0430402756,80.2478790283,71643,71653,10
13.0427703857,80.2478179932,71653,71663,10
13.0421695709,80.2477111816,71663,71673,10
13.0417804718,80.2476196289,71673,71683,10
13.0415496826,80.2475509644,71683,71693,10
13.0409002304,80.2474136353,71693,71704,11
13.0397500992,80.247177124,71704,71714,10
13.0390796661,80.2470321655,71714,71724,10
13.0383901596,80.2468338013,71724,71734,10
13.0378904343,80.2467803955,71734,71744,10
13.0371198654,80.2466430664,71744,71754,10
13.0365200043,80.2465133667,71754,71764,10
13.0355997086,80.2462692261,71764,71794,30
13.0355997086,80.2462692261,71794,71804,10
13.0351896286,80.2461624146,71804,71814,10
13.0349998474,80.2460708618,71814,71825,11
13.0346097946,80.2455825806,71825,71835,10
13.033949852,80.2447891235,71835,71845,10
13.0332603455,80.2438964844,71845,71855,10
13.0325298309,80.2428970337,71855,71865,10
13.0318202972,80.2418518066,71865,71875,10
13.0313196182,80.240737915,71875,71885,10
13.0309295654,80.2398605347,71885,71895,10
13.0304298401,80.2388916016,71895,71905,10
13.0298299789,80.2378616333,71905,71915,10
13.0294504166,80.2373123169,71915,71925,10
13.029250145,80.2370605469,71925,71935,10
13.0290498734,80.2368621826,71935,71946,11
13.0285301208,80.2363204956,71946,71956,10
13.0279502869,80.2356414795,71956,71966,10
13.0274896622,80.2348709106,71966,71986,20
13.0274896622,80.2348709106,71986,71996,10
13.0274095535,80.2347335815,71996,72006,10
13.027299881,80.2345428467,72006,72016,10
13.0271997452,80.2343902588,72016,72097,81
13.0271997452,80.2343902588,72097,72107,10
13.0269403458,80.2339401245,72107,72117,10
13.0268096924,80.233757019,72117,72127,10
13.0266199112,80.2334518433,72127,72137,10
13.0262899399,80.2329025269,72137,72147,10
13.0262098312,80.232749939,72147,72157,10
13.0261898041,80.2324981689,72157,72198,41
13.0261898041,80.2324981689,72198,72208,10
13.0261001587,80.232131958,72208,72218,10
13.02602005,80.2317886353,72218,72228,10
13.0258998871,80.2313079834,72228,72238,10
13.0255899429,80.23046875,72238,72248,10
13.0249996185,80.2296066284,72248,72258,10
13.0245800018,80.2290878296,72258,72268,10
13.024310112,80.2287521362,72268,72278,10
13.0241098404,80.2285385132,72278,72288,10
13.0240402222,80.2284622192,72288,72298,10
13.0239496231,80.2283477783,72298,72309,11
13.0236101151,80.2279586792,72309,72319,10
13.023059845,80.2273864746,72319,72329,10
13.0224895477,80.2268295288,72329,72339,10
13.0218601227,80.2262878418,72339,72349,10
13.0210695267,80.2256698608,72349,72359,10
13.0204000473,80.2251968384,72359,72369,10
13.0197095871,80.2247161865,72369,72379,10
13.0186796188,80.2245330811,72379,72389,10
13.0176801682,80.2249298096,72389,72399,10
13.0168504715,80.2252731323,72399,72409,10
13.016500473,80.2254180908,72409,72420,11
13.0162696838,80.2255401611,72420,72430,10
13.0160398483,80.2256164551,72430,72440,10
13.0155296326,80.2257995605,72440,72450,10
13.0150604248,80.2259979248,72450,72460,10
13.0144996643,80.2262420654,72460,72470,10
13.0143098831,80.22631073,72470,72480,10
13.0141496658,80.2263717651,72480,72490,10
13.0136499405,80.2265625,72490,72500,10
13.0128202438,80.2268981934,72500,72510,10
13.0121002197,80.2271575928,72510,72520,10
13.0115604401,80.2273788452,72520,72530,10
13.0108299255,80.2276763916,72530,72541,11
13.0098600388,80.2280807495,72541,72551,10
13.0090398788,80.228729248,72551,72561,10
13.0087995529,80.2299575806,72561,72571,10
13.0085802078,80.2311782837,72571,72581,10
13.0083599091,80.2323074341,72581,72591,10
13.0082101822,80.2332992554,72591,72601,10
13.008190155,80.2335662842,72601,72611,10
13.0080795288,80.2339172363,72611,72621,10
13.0079097748,80.2347793579,72621,72631,10
13.0077104568,80.2357406616,72631,72641,10
13.0075502396,80.2365264893,72641,72651,10
13.0074100494,80.2373275757,72651,72662,11
13.0073299408,80.2376937866,72662,72672,10
13.0072402954,80.2381591797,72672,72682,10
13.0071496964,80.2387313843,72682,72692,10
13.0070400238,80.2393112183,72692,72702,10
13.0070295334,80.2393417358,72702,72712,10
13.0069599152,80.2396316528,72712,72722,10
13.0068302155,80.2402877808,72722,72732,10
13.0067796707,80.2407913208,72732,72742,10
13.0067396164,80.2411804199,72742,72752,10
13.0066699982,80.2419509888,72752,72762,10
13.006649971,80.2425079346,72762,72771,9
13.0066204071,80.243057251,72771,72783,12
13.0066003799,80.243888855,72783,72793,10
13.0065898895,80.244720459,72793,72803,10
13.0066099167,80.2455062866,72803,72813,10
13.0066795349,80.2465896606,72813,72833,20
13.0066795349,80.2468490601,72833,72853,20
13.0066795349,80.2468490601,72853,72863,10
13.0067100525,80.2472915649,72863,72873,10
13.006649971,80.2479400635,72873,72883,10
13.0066900253,80.2488479614,72883,72893,10
13.0067100525,80.2499465942,72893,72904,11
13.0067100525,80.251121521,72904,72914,10
13.0065803528,80.2520217896,72914,72924,10
13.0064601898,80.2528533936,72924,72934,10
13.0064496994,80.2534790039,72934,72944,10
13.0064496994,80.2542572021,72944,72954,10
13.006529808,80.2548904419,72954,72964,10
13.0065202713,80.2549133301,72964,72974,10
13.0065002441,80.255241394,72974,72984,10
13.0064897537,80.2560806274,72984,72994,10
13.0066299438,80.2574081421,72994,73085,91
13.0066299438,80.2574081421,73085,73095,10
13.0066404343,80.2576293945,73095,73105,10
13.0062398911,80.2576522827,73105,73115,10
13.0056200027,80.2574996948,73115,73125,10
13.0049200058,80.2572784424,73125,73134,9
13.0042695999,80.2571563721,73134,73146,12
13.0036096573,80.2570114136,73146,73156,10
13.0030202866,80.2569122314,73156,73166,10
13.0022697449,80.2567672729,73166,73176,10
13.0014696121,80.2566375732,73176,73186,10
13.0005998611,80.2565307617,73186,73196,10
12.9996004105,80.256362915,73196,73206,10
12.9985198975,80.2561721802,73206,73226,20
12.9985198975,80.2561721802,73226,73236,10
12.9982299805,80.256072998,73236,73246,10
12.9977998734,80.2560501099,73246,73256,10
12.9975404739,80.2560577393,73256,73267,11
12.9972000122,80.2560119629,73267,73277,10
12.9968204498,80.2559585571,73277,73287,10
12.9965200424,80.2560119629,73287,73297,10
12.9962396622,80.2559661865,73297,73307,10
12.9957895279,80.2559585571,73307,73317,10
12.9953203201,80.2559814453,73317,73327,10
12.9947395325,80.2559814453,73327,73337,10
12.9941396713,80.2560424805,73337,73347,10
12.993470192,80.2560882568,73347,73357,10
12.9924602509,80.2561416626,73357,73367,10
12.9915704727,80.256149292,73367,73377,10
12.9909496307,80.256149292,73377,73388,11
12.9904603958,80.2560806274,73388,73398,10
12.9901199341,80.2560806274,73398,73408,10
12.9895496368,80.2560577393,73408,73418,10
12.9889497757,80.2559967041,73418,73438,20
12.9889497757,80.2559967041,73438,73448,10
12.9886302948,80.2559814453,73448,73458,10
12.9880304337,80.2559204102,73458,73468,10
12.9877996445,80.2558898926,73468,73478,10
12.9875602722,80.2560119629,73478,73488,10
12.9875001907,80.2566680908,73488,73498,10
12.9874401093,80.2572402954,73498,73509,11
12.9873800278,80.2580871582,73509,73519,10
12.9873104095,80.2589569092,73519,73529,10
12.9871702194,80.2595672607,73529,73549,20
12.9871702194,80.2595672607,73549,73559,10
12.9871501923,80.2596511841,73559,73569,10
12.9870996475,80.2596588135,73569,73579,10
12.9868202209,80.2595901489,73579,73589,10
12.986530304,80.259437561,73589,73599,10
12.9867095947,80.2590789795,73599,73761,162
12.9872398376,80.2590179443,73761,74174,413
12.9872398376,80.2590179443,74174,74184,10
12.9873399734,80.2587814331,74184,74194,10
12.9873800278,80.258140564,74194,74204,10
12.9874095917,80.2573928833,74204,74214,10
12.9874897003,80.256401062,74214,74295,81
12.9874897003,80.256401062,74295,74305,10
12.9875402451,80.2564163208,74305,74315,10
12.9875602722,80.2561264038,74315,74325,10
12.9876203537,80.255821228,74325,74335,10
12.9878797531,80.2557983398,74335,74345,10
12.9879903793,80.255821228,74345,74355,10
12.9882898331,80.255859375,74355,74385,30
12.9882898331,80.255859375,74385,74396,11
12.9887304306,80.2559509277,74396,74406,10
12.9890403748,80.2559661865,74406,74416,10
12.9894800186,80.2559967041,74416,74426,10
12.9899902344,80.2560119629,74426,74436,10
12.9904403687,80.2559890747,74436,74446,10
12.9909696579,80.2560195923,74446,74456,10
12.9917297363,80.2560501099,74456,74466,10
12.9925699234,80.2560501099,74466,74476,10
12.9934396744,80.2560195923,74476,74486,10
12.9942102432,80.2559814453,74486,74496,10
12.9948797226,80.2558898926,74496,74506,10
12.9953603745,80.2558822632,74506,74517,11
12.9955797195,80.2558822632,74517,74527,10
12.9957103729,80.2558822632,74527,74537,10
12.996049881,80.2558822632,74537,74547,10
12.9965000153,80.2558822632,74547,74557,10
12.9969902039,80.2558898926,74557,74567,10
12.9973297119,80.255897522,74567,74577,10
12.9974603653,80.2559127808,74577,74587,10
12.997710228,80.2559432983,74587,74597,10
12.9979896545,80.2559280396,74597,74607,10
12.9984102249,80.2559814453,74607,74617,10
12.9986095428,80.2560119629,74617,74627,10
12.9987401962,80.2560424805,74627,74638,11
12.9989795685,80.2560806274,74638,74698,60
12.9989795685,80.2560806274,74698,74708,10
12.9993696213,80.2561569214,74708,74718,10
12.9998102188,80.2562484741,74718,74728,10
13.0002698898,80.2563171387,74728,74738,10
13.0007095337,80.256401062,74738,74748,10
13.0010900497,80.2564697266,74748,74759,11
13.00137043,80.2565231323,74759,74769,10
13.001540184,80.2565536499,74769,74779,10
13.0018997192,80.2565994263,74779,74789,10
13.0024595261,80.2567062378,74789,74799,10
13.0030498505,80.2568206787,74799,74809,10
13.0035896301,80.2569198608,74809,74819,10
13.0040998459,80.2570037842,74819,74829,10
13.0047998428,80.2571487427,74829,74839,10
13.0055503845,80.2572631836,74839,74849,10
13.005979538,80.2573318481,74849,74890,41
13.005979538,80.2573318481,74890,74900,10
13.0062198639,80.2574005127,74900,74910,10
13.0064697266,80.2573623657,74910,74920,10
13.0064296722,80.2568511963,74920,74930,10
13.0064201355,80.2559432983,74930,74940,10
13.0064296722,80.2551803589,74940,74950,10
13.0064401627,80.2545623779,74950,74960,10
13.0064296722,80.2540817261,74960,74970,10
13.0064201355,80.2534332275,74970,74980,10
13.0064201355,80.2532730103,74980,74990,10
13.0064296722,80.2526016235,74990,75041,51
13.0064296722,80.2526016235,75041,75051,10
13.0065698624,80.2523727417,75051,75061,10
13.0065698624,80.2523574829,75061,75071,10
13.0065698624,80.2521820068,75071,75081,10
13.0066404343,80.251739502,75081,75091,10
13.0066900253,80.251083374,75091,75101,10
13.0066699982,80.250328064,75101,75111,10
13.0066699982,80.2499237061,75111,75122,11
13.0066699982,80.2494430542,75122,75132,10
13.0066299438,80.2488174438,75132,75142,10
13.0065698624,80.2478790283,75142,75192,50
13.0065698624,80.2478790283,75192,75202,10
13.0066099167,80.2479629517,75202,75212,10
13.0065898895,80.2475204468,75212,75222,10
13.0065803528,80.2470474243,75222,75232,10
13.0065603256,80.2469406128,75232,75243,11
13.006529808,80.2467880249,75243,75253,10
13.0065202713,80.24659729,75253,75263,10
13.0065698624,80.2462310791,75263,75273,10
13.0065803528,80.2455215454,75273,75283,10
13.0065698624,80.2447891235,75283,75293,10
13.0065498352,80.2444076538,75293,75303,10
13.0065498352,80.2442398071,75303,75313,10
13.0065698624,80.2441482544,75313,75323,10
13.0065698624,80.2440719604,75323,75333,10
13.006529808,80.2436981201,75333,75343,10
13.0065202713,80.2429733276,75343,75352,9
13.0065202713,80.2421112061,75352,75364,12
13.0066604614,80.2408905029,75364,75374,10
13.0067996979,80.2398986816,75374,75384,10
13.0069904327,80.2389068604,75384,75394,10
13.0071401596,80.2380828857,75394,75404,10
13.0073404312,80.2370529175,75404,75434,30
13.0073404312,80.2370529175,75434,75444,10
13.0073299408,80.2369689941,75444,75454,10
13.0073404312,80.2368392944,75454,75464,10
13.007399559,80.2366409302,75464,75474,10
13.0075397491,80.236038208,75474,75485,11
13.0076999664,80.2352294922,75485,75495,10
13.0078697205,80.2343978882,75495,75505,10
13.0080900192,80.2333526611,75505,75515,10
13.0082998276,80.2322387695,75515,75525,10
13.0085000992,80.2310409546,75525,75535,10
13.0087499619,80.2296905518,75535,75545,10
13.0090198517,80.2285079956,75545,75555,10
13.0093202591,80.2276000977,75555,75565,10
13.0096902847,80.2268371582,75565,75575,10
13.0100803375,80.22605896,75575,75585,10
13.0104503632,80.2253799438,75585,75595,10
13.0107498169,80.2246780396,75595,75606,11
13.0110397339,80.2239837646,75606,75616,10
13.0112199783,80.2236022949,75616,75626,10
13.0113201141,80.2232971191,75626,75636,10
13.0115299225,80.2227630615,75636,75646,10
13.0116996765,80.2221374512,75646,75656,10
13.0120000839,80.2215881348,75656,75666,10
13.0122995377,80.2215576172,75666,75676,10
13.0126600266,80.2221374512,75676,75686,10
13.0132598877,80.2228012085,75686,75696,10
13.0138702393,80.2234573364,75696,75706,10
13.0142202377,80.2239685059,75706,75716,10
13.0148096085,80.2245635986,75716,75727,11
13.0152597427,80.2249526978,75727,75747,20
13.0152597427,80.2249526978,75747,75757,10
13.0153903961,80.2248916626,75757,75767,10
13.0157699585,80.2252578735,75767,75777,10
13.0165395737,80.2253265381,75777,75787,10
13.0174999237,80.2249526978,75787,75797,10
13.0185499191,80.2245101929,75797,75807,10
13.0192203522,80.2243270874,75807,75817,10
13.0192403793,80.2243270874,75817,75827,10
13.0195398331,80.2245330811,75827,75838,11
13.0201196671,80.224937439,75838,75848,10
13.0207500458,80.2253799438,75848,75858,10
13.0213603973,80.2258682251,75858,75868,10
13.0218496323,80.2262115479,75868,75878,10
13.0221204758,80.2263870239,75878,75888,10
13.0225095749,80.2267684937,75888,75898,10
13.022939682,80.2271881104,75898,75908,10
13.0234003067,80.2276077271,75908,75918,10
13.0239295959,80.2281265259,75918,75928,10
13.024600029,80.2289581299,75928,75948,20
13.024600029,80.2289581299,75948,75957,9
13.0246496201,80.2290267944,75957,75969,12
13.0250597,80.2296066284,75969,75979,10
13.0256500244,80.2304611206,75979,75989,10
13.0259304047,80.2312927246,75989,76009,20
13.0259304047,80.2312927246,76009,76019,10
13.0259399414,80.231338501,76019,76029,10
13.0260601044,80.2317581177,76029,76039,10
13.0263004303,80.2325592041,76039,76049,10
13.026720047,80.2334289551,76049,76059,10
13.0273399353,80.2344589233,76059,76069,10
13.0280399323,80.2356491089,76069,76078,9
13.0288000107,80.2364807129,76078,76090,12
13.0294504166,80.2371292114,76090,76100,10
13.0295600891,80.2372512817,76100,76110,10
13.0298700333,80.237739563,76110,76120,10
13.03028965,80.2384567261,76120,76130,10
13.0307302475,80.2391815186,76130,76140,10
13.0309200287,80.2395172119,76140,76150,10
13.0310001373,80.2396697998,76150,76160,10
13.0310697556,80.2397689819,76160,76170,10
13.0311498642,80.2399902344,76170,76180,10
13.03125,80.2401123047,76180,76190,10
13.0313596725,80.2407302856,76190,76201,11
13.03166008,80.2414016724,76201,76211,10
13.0319299698,80.2419891357,76211,76221,10
13.0324001312,80.2425689697,76221,76231,10
13.0328998566,80.243270874,76231,76241,10
13.0334596634,80.2440032959,76241,76251,10
13.033949852,80.2446365356,76251,76261,10
13.0343399048,80.2451782227,76261,76271,10
13.0348100662,80.2457580566,76271,76281,10
13.0353803635,80.2460784912,76281,76291,10
13.0354604721,80.2461013794,76291,76301,10
13.0356197357,80.2461624146,76301,76332,31
13.0356197357,80.2461624146,76332,76342,10
13.0356798172,80.2461929321,76342,76352,10
13.0360097885,80.2463531494,76352,76362,10
13.0367698669,80.2464981079,76362,76372,10
13.0374803543,80.2464599609,76372,76382,10
13.0382299423,80.2466583252,76382,76392,10
13.0388298035,80.2468719482,76392,76402,10
13.0389499664,80.2469100952,76402,76412,10
13.0390396118,80.2469406128,76412,76422,10
13.0396203995,80.2470397949,76422,76432,10
13.0405397415,80.2472000122,76432,76443,11
13.0408496857,80.2472686768,76443,76453,10
13.0415897369,80.2474212646,76453,76463,10
13.0425395966,80.2476882935,76463,76473,10
13.0433101654,80.2478866577,76473,76483,10
13.0440196991,80.2478408813,76483,76493,10
13.0446596146,80.2479705811,76493,76503,10
13.0451402664,80.2482376099,76503,76513,10
13.0457000732,80.2484817505,76513,76523,10
13.0463600159,80.2485427856,76523,76533,10
13.0465898514,80.2484893799,76533,76543,10
13.0469198227,80.2484970093,76543,76553,10
13.0474395752,80.2488174438,76553,76564,11
13.047659874,80.2490692139,76564,76574,10
13.047949791,80.2493591309,76574,76584,10
13.0483903885,80.2496795654,76584,76594,10
13.0488004684,80.2497406006,76594,76604,10
13.0489797592,80.2497711182,76604,76614,10
13.0494403839,80.2498321533,76614,76624,10
13.0504198074,80.2500305176,76624,76634,10
13.0514001846,80.2503204346,76634,76644,10
13.0521697998,80.2509765625,76644,76654,10
13.0528898239,80.2519302368,76654,76664,10
13.0536603928,80.2529830933,76664,76674,10
13.0542697906,80.2538223267,76674,76685,11
13.0548601151,80.2545700073,76685,76695,10
13.0552797318,80.2551498413,76695,76705,10
13.055680275,80.2556991577,76705,76715,10
13.0560798645,80.2562408447,76715,76725,10
13.0564804077,80.2566833496,76725,76735,10
13.0566196442,80.2567977905,76735,76745,10
13.0571203232,80.2572479248,76745,76755,10
13.0574398041,80.25756073,76755,76765,10
13.0575304031,80.2576370239,76765,76775,10
13.0577898026,80.2579116821,76775,76785,10
13.0581903458,80.2583999634,76785,76795,10
13.0586099625,80.2589416504,76795,76806,11
13.0590696335,80.2596130371,76806,76816,10
13.0594797134,80.2601165771,76816,76826,10
13.0600595474,80.260597229,76826,76836,10
13.0602397919,80.2608108521,76836,76846,10
13.0604696274,80.2611312866,76846,76856,10
13.0606803894,80.261390686,76856,76866,10
13.0609302521,80.26171875,76866,76876,10
13.0614099503,80.262260437,76876,76886,10
13.061750412,80.2626419067,76886,76896,10
13.061920166,80.2628631592,76896,76906,10
13.0623197556,80.2633590698,76906,76916,10
13.0628099442,80.2639465332,76916,76927,11
13.0631303787,80.2643508911,76927,76937,10
13.0633802414,80.2647399902,76937,76947,10
13.0637397766,80.2653503418,76947,76957,10
13.0642004013,80.2659683228,76957,76967,10
13.0647296906,80.2665863037,76967,76977,10
13.0652198792,80.2670898438,76977,76987,10
13.0658197403,80.2677230835,76987,76997,10
13.0663604736,80.2683181763,76997,77007,10
13.0666103363,80.2684326172,77007,77017,10
13.0668001175,80.2685012817,77017,77027,10
13.0669202805,80.2686080933,77027,77037,10
13.0674200058,80.2689819336,77037,77048,11
13.0680198669,80.2693405151,77048,77058,10
13.0682201385,80.269317627,77058,77068,10
13.0683097839,80.2688903809,77068,77078,10
13.0685100555,80.2683792114,77078,77088,10
13.0687704086,80.2677001953,77088,77098,10
13.0690002441,80.2671737671,77098,77108,10
13.0693397522,80.2668304443,77108,77118,10
13.0696802139,80.2664794922,77118,77128,10
13.0700702667,80.2660903931,77128,77138,10
13.0704202652,80.2657012939,77138,77148,10
13.0709295273,80.2651901245,77148,77158,10
13.071390152,80.2647323608,77158,77169,11
13.0716199875,80.2644577026,77169,77179,10
13.0720100403,80.2640533447,77179,77189,10
13.0723600388,80.2632598877,77189,77199,10
13.0725803375,80.2626495361,77199,77209,10
13.0727901459,80.262046814,77209,77219,10
13.0729398727,80.2616119385,77219,77229,10
13.0730895996,80.261177063,77229,77239,10
13.0732402802,80.2611694336,77239,77249,10
13.0735998154,80.2615432739,77249,77259,10
13.0741300583,80.2621688843,77259,77269,10
13.0744495392,80.2625808716,77269,77279,10
13.074839592,80.2630996704,77279,77290,11
13.075340271,80.2638015747,77290,77300,10
13.0757703781,80.2642822266,77300,77310,10
13.0763597488,80.2642288208,77310,77320,10
13.0768203735,80.2641906738,77320,77330,10
13.077340126,80.2640304565,77330,77340,10
13.0775699615,80.2638320923,77340,77350,10
13.0777702332,80.2636489868,77350,77360,10
13.07791996,80.2635116577,77360,77370,10
13.0780296326,80.2633209229,77370,77380,10
13.07791996,80.2628631592,77380,77390,10
13.0777196884,80.2622680664,77390,77399,9
13.0775403976,80.2617492676,77399,77411,12
13.0773601532,80.2611083984,77411,77421,10
13.077340126,80.2610473633,77421,77431,10
13.077249527,80.2608795166,77431,77441,10
13.0770397186,80.2605895996,77441,77451,10
13.0770397186,80.2605819702,77451,77461,10
13.0767498016,80.260383606,77461,77471,10
13.0763397217,80.259979248,77471,77481,10
13.0757398605,80.2594833374,77481,77491,10
13.0754499435,80.2585525513,77491,77532,41
13.0753002167,80.2584381104,77532,77552,20
13.0753002167,80.2584381104,77552,77562,10
13.0753202438,80.2583999634,77562,77572,10
13.0754499435,80.2580718994,77572,77582,10
13.0759897232,80.2576904297,77582,77592,10
13.0766201019,80.2571105957,77592,77602,10
13.077340126,80.256729126,77602,77612,10
13.0783700943,80.2566223145,77612,77622,10
13.0788803101,80.2565612793,77622,77632,10
13.0789003372,80.2565612793,77632,77641,9
13.079000473,80.256439209,77641,77653,12
13.0789604187,80.2558288574,77653,77663,10
13.0789299011,80.2549972534,77663,77703,40
13.0789299011,80.2549972534,77703,77713,10
13.0789299011,80.2548828125,77713,77723,10
13.079000473,80.2546691895,77723,77733,10
13.0792503357,80.2546081543,77733,77743,10
13.0797395706,80.2546386719,77743,77753,10
13.0799703598,80.2546920776,77753,77764,11
13.0802602768,80.2547302246,77764,77774,10
13.0806598663,80.2547912598,77774,77784,10
13.0812702179,80.2548522949,77784,77794,10
13.0816297531,80.2545394897,77794,77804,10
13.0817403793,80.2540588379,77804,77814,10
13.0818195343,80.2533798218,77814,77824,10
13.0816802979,80.2527770996,77824,77834,10
13.0813903809,80.252243042,77834,77844,10
13.0813598633,80.251663208,77844,77854,10
13.0813302994,80.2512588501,77854,77864,10
13.081319809,80.2509002686,77864,77874,10
13.081319809,80.2503433228,77874,77883,9
13.0812997818,80.25,77883,77895,12
13.081700325,80.2497024536,77895,77905,10
13.0823297501,80.2497787476,77905,77915,10
13.0829401016,80.2498779297,77915,77925,10
13.0835504532,80.25,77925,77935,10
13.084280014,80.2501068115,77935,77945,10
13.0845098495,80.2501296997,77945,77955,10
13.0846595764,80.250213623,77955,77964,9
13.0851602554,80.2502670288,77964,77975,11
13.0857696533,80.2503662109,77975,77985,10
13.0858297348,80.2500915527,77985,77995,10
13.0858201981,80.2493972778,77995,78006,11
13.0857801437,80.2485198975,78006,78016,10
13.0857601166,80.2477722168,78016,78026,10
13.0857601166,80.246963501,78026,78036,10
13.0857400894,80.2467498779,78036,78046,10
13.0856895447,80.2463302612,78046,78056,10
13.0856304169,80.245552063,78056,78086,30
13.0856304169,80.245552063,78086,78096,10
13.0855998993,80.245262146,78096,78106,10
13.085940361,80.2449493408,78106,78116,10
13.0864496231,80.2445297241,78116,78127,11
13.0870895386,80.2439880371,78127,78137,10
13.0875902176,80.2434921265,78137,78147,10
13.0877895355,80.2429428101,78147,78157,10
13.0880203247,80.2421417236,78157,78167,10
13.0887804031,80.2415771484,78167,78177,10
13.0894298553,80.2411270142,78177,78187,10
13.0899496078,80.2408905029,78187,78197,10
13.0907201767,80.240852356,78197,78207,10
13.0915699005,80.2408905029,78207,78217,10
13.0921802521,80.2409210205,78217,78227,10
13.0924301147,80.2409362793,78227,78237,10
13.0929603577,80.2409820557,78237,78248,11
13.093629837,80.2410964966,78248,78258,10
13.0940999985,80.2411727905,78258,78278,20
13.0940999985,80.2411727905,78278,78288,10
13.0943002701,80.2412261963,78288,78298,10
13.0946903229,80.2413101196,78298,78308,10
13.0952100754,80.2414474487,78308,78318,10
13.0957098007,80.2416305542,78318,78327,9
13.095990181,80.2417297363,78327,78338,11
13.0961103439,80.2417831421,78338,78419,81
13.0961103439,80.2417831421,78419,78429,10
13.0964097977,80.241859436,78429,78439,10
13.0966396332,80.2419662476,78439,78520,81
13.0966396332,80.2419662476,78520,78530,10
13.0969295502,80.2420883179,78530,78540,10
13.0972099304,80.2421417236,78540,78621,81
13.0972099304,80.2421417236,78621,78631,10
13.0974702835,80.242149353,78631,78641,10
13.0978603363,80.2422714233,78641,78651,10
13.0981798172,80.2423324585,78651,78661,10
13.0984401703,80.2423171997,78661,78671,10
13.098449707,80.2423171997,78671,78681,10
13.0985298157,80.2423019409,78681,78691,10
13.0986995697,80.2421569824,78691,78701,10
13.0986499786,80.2418518066,78701,78711,10
13.0984096527,80.2421722412,78711,78772,61
13.0984096527,80.2421722412,78772,78782,10
13.098400116,80.24243927,78782,78994,212
13.098400116,80.24243927,78994,79004,10
13.098279953,80.2423706055,79004,79014,10
13.0980195999,80.2423171997,79014,79024,10
13.0975799561,80.2422485352,79024,79084,60
13.0975799561,80.2422485352,79084,79094,10
13.0972299576,80.2421875,79094,79105,11
13.0967903137,80.2419967651,79105,79115,10
13.0963602066,80.2418365479,79115,79125,10
13.0959596634,80.2416992188,79125,79135,10
13.0954799652,80.2415237427,79135,79145,10
13.0951004028,80.2413864136,79145,79155,10
13.0947303772,80.2412872314,79155,79165,10
13.0941896439,80.2412109375,79165,79175,10
13.0936803818,80.2411422729,79175,79185,10
13.0936603546,80.2411270142,79185,79195,10
13.0935201645,80.2410964966,79195,79205,10
13.0930404663,80.2410202026,79205,79215,10
13.0925197601,80.2409667969,79215,79226,11
13.0919303894,80.2408981323,79226,79236,10
13.0911197662,80.2408828735,79236,79246,10
13.0902900696,80.240852356,79246,79256,10
13.0895595551,80.2410812378,79256,79266,10
13.0889596939,80.2415008545,79266,79276,10
13.0883903503,80.2418899536,79276,79286,10
13.0878896713,80.2424926758,79286,79295,9
13.0878000259,80.2431335449,79295,79306,11
13.0876703262,80.2434692383,79306,79316,10
13.0876102448,80.2435531616,79316,79326,10
13.0874700546,80.2437515259,79326,79337,11
13.0868597031,80.2442626953,79337,79347,10
13.086230278,80.2447814941,79347,79357,10
13.0857400894,80.2452011108,79357,79367,10
13.0855998993,80.2456130981,79367,79377,10
13.0856599808,80.2465896606,79377,79397,20
13.0856599808,80.2465896606,79397,79407,10
13.0856704712,80.2468185425,79407,79416,9
13.0857000351,80.2474822998,79416,79427,11
13.0857896805,80.248626709,79427,79437,10
13.0858402252,80.2494277954,79437,79447,10
13.0858602524,80.2501525879,79447,79458,11
13.0857696533,80.2507171631,79458,79468,10
13.0856800079,80.2512588501,79468,79478,10
13.0856304169,80.2518768311,79478,79488,10
13.0855998993,80.2525100708,79488,79498,10
13.0855197906,80.2532501221,79498,79508,10
13.0855102539,80.2538299561,79508,79518,10
13.0855703354,80.2543182373,79518,79528,10
13.0855503082,80.2546920776,79528,79538,10
13.0851602554,80.2547302246,79538,79548,10
13.0839300156,80.2546234131,79548,79589,41
13.0839300156,80.2546234131,79589,79599,10
13.0836200714,80.2545700073,79599,79609,10
13.0830402374,80.2545166016,79609,79619,10
13.0823402405,80.2545166016,79619,79629,10
13.0818500519,80.254699707,79629,79639,10
13.0814199448,80.2548828125,79639,79649,10
13.0808496475,80.2548370361,79649,79669,20
13.0808496475,80.2548370361,79669,79679,10
13.0805196762,80.2547836304,79679,79689,10
13.0798797607,80.2546920776,79689,79700,11
13.0793199539,80.2546386719,79700,79710,10
13.0790395737,80.254699707,79710,79720,10
13.0789299011,80.2548675537,79720,79730,10
13.079000473,80.2553710938,79730,79740,10
13.0790700912,80.2559890747,79740,79750,10
13.0790596008,80.2565612793,79750,79760,10
13.0785703659,80.256690979,79760,79770,10
13.0780200958,80.2566986084,79770,79780,10
13.0775299072,80.2567596436,79780,79790,10
13.0771903992,80.2568511963,79790,79800,10
13.0767803192,80.2570495605,79800,79810,10
13.0762996674,80.2574691772,79810,79821,11
13.075750351,80.2579727173,79821,79831,10
13.0754299164,80.2583007813,79831,79841,10
13.0755395889,80.2587509155,79841,79851,10
13.0757398605,80.2592773438,79851,79861,10
13.0761995316,80.2597808838,79861,79871,10
13.0767297745,80.260269165,79871,79881,10
13.0771903992,80.2607803345,79881,79891,10
13.0774698257,80.261428833,79891,79901,10
13.0777797699,80.2621917725,79901,79942,41
13.0777797699,80.2621917725,79942,79952,10
13.0778503418,80.2625808716,79952,79962,10
13.0779600143,80.2629623413,79962,79972,10
13.0781898499,80.2633285522,79972,79982,10
13.0779895782,80.2636108398,79982,79992,10
13.0774803162,80.2639312744,79992,80002,10
13.0770101547,80.2641067505,80002,80012,10
13.0764799118,80.2641983032,80012,80021,9
13.0758800507,80.264289856,80021,80032,11
13.0755300522,80.2641220093,80032,80042,10
13.0751695633,80.2635803223,80042,80052,10
13.0746898651,80.2629470825,80052,80063,11
13.0741300583,80.2623062134,80063,80073,10
13.0736999512,80.2617874146,80073,80083,10
13.0736503601,80.26171875,80083,80093,10
13.0735397339,80.2615585327,80093,80103,10
13.0732402802,80.2614517212,80103,80113,10
13.072930336,80.2618408203,80113,80123,10
13.0726995468,80.2624969482,80123,80133,10
13.0725002289,80.263130188,80133,80143,10
13.0722503662,80.2636795044,80143,80153,10
13.0719003677,80.264213562,80153,80163,10
13.0714998245,80.2646026611,80163,80173,10
13.0714502335,80.2646331787,80173,80184,11
13.0713596344,80.2646789551,80184,80194,10
13.0710802078,80.265007019,80194,80204,10
13.0705299377,80.265586853,80204,80214,10
13.0699796677,80.2662200928,80214,80224,10
13.0694198608,80.2667999268,80224,80234,10
13.0689096451,80.2673187256,80234,80244,10
13.0686302185,80.2680587769,80244,80254,10
13.0685100555,80.2685394287,80254,80264,10
13.0683898926,80.2689666748,80264,80274,10
13.0682201385,80.2696990967,80274,80284,10
13.0680799484,80.2705688477,80284,80293,9
13.0678501129,80.2709732056,80293,80305,12
13.0674104691,80.2706222534,80305,80315,10
13.0673398972,80.2705764771,80315,80325,10
13.0672101974,80.2704620361,80325,80335,10
13.0667600632,80.2699737549,80335,80345,10
13.0663995743,80.26902771,80345,80355,10
13.0662002563,80.2683868408,80355,80365,10
13.0652503967,80.2676773071,80365,80385,20
13.0652503967,80.2676773071,80385,80395,10
13.0649595261,80.2676391602,80395,80405,10
13.0642995834,80.267539978,80405,80415,10
13.0634803772,80.2673721313,80415,80426,11
13.062620163,80.2670974731,80426,80436,10
13.0619401932,80.2662582397,80436,80446,10
13.0613203049,80.2655029297,80446,80456,10
13.0607004166,80.2652816772,80456,80466,10
13.060500145,80.2654037476,80466,80476,10
13.0602903366,80.2654800415,80476,80486,10
13.0597896576,80.2656326294,80486,80496,10
13.059129715,80.2655410767,80496,80506,10
13.0585002899,80.2654571533,80506,80516,10
13.0580596924,80.2650375366,80516,80526,10
13.0579299927,80.2641830444,80526,80536,10
13.0578098297,80.263168335,80536,80547,11
13.0576696396,80.2623214722,80547,80557,10
13.057559967,80.2616577148,80557,80567,10
13.0574502945,80.2610092163,80567,80577,10
13.057220459,80.2602005005,80577,80587,10
13.0569801331,80.2594528198,80587,80597,10
13.05671978,80.2586212158,80597,80607,10
13.0565795898,80.2579574585,80607,80617,10
13.0565004349,80.2575073242,80617,80627,10
13.0565004349,80.2574920654,80627,80637,10
13.0564699173,80.2573928833,80637,80647,10
13.0563802719,80.2568969727,80647,80657,10
13.056189537,80.2563934326,80657,80668,11
13.055680275,80.2556610107,80668,80678,10
13.0550403595,80.2547836304,80678,80688,10
13.054400444,80.2539901733,80688,80698,10
13.0540599823,80.2535171509,80698,80708,10
13.0540504456,80.2535095215,80708,80718,10
13.0538797379,80.2532577515,80718,80728,10
13.0534696579,80.2526397705,80728,80738,10
13.0529603958,80.2519378662,80738,80748,10
13.0524702072,80.2512588501,80748,80758,10
13.0519199371,80.2505874634,80758,80768,10
13.0509300232,80.2500762939,80768,80778,10
13.0496702194,80.2498321533,80778,80789,11
13.04845047,80.2496566772,80789,80799,10
13.0477104187,80.249130249,80799,80809,10
13.0469503403,80.2486724854,80809,80819,10
13.0467700958,80.2486190796,80819,80829,10
13.0463600159,80.2485809326,80829,80839,10
13.0457000732,80.2484207153,80839,80849,10
13.0448904037,80.2481231689,80849,80859,10
13.0438404083,80.2479324341,80859,80869,10
13.042889595,80.2477722168,80869,80879,10
13.0420799255,80.2476196289,80879,80889,10
13.0415296555,80.2474822998,80889,80898,9
13.0414600372,80.2474899292,80898,80910,12
13.040769577,80.2473297119,80910,80920,10
13.0399303436,80.2471694946,80920,80930,10
13.0396099091,80.2471084595,80930,80940,10
13.0396003723,80.2471008301,80940,80950,10
13.0394201279,80.2470092773,80950,80960,10
13.0389795303,80.246887207,80960,80970,10
13.0381097794,80.2466964722,80970,80980,10
13.0369901657,80.2465133667,80980,80990,10
13.0359296799,80.2462921143,80990,81000,10
13.035320282,80.2461090088,81000,81010,10
13.0352201462,80.2460708618,81010,81020,10
13.0347995758,80.2457199097,81020,81031,11
13.0343103409,80.2450408936,81031,81041,10
13.0337400436,80.2444076538,81041,81051,10
13.033080101,80.243560791,81051,81061,10
13.0326595306,80.2430267334,81061,81071,10
13.0324401855,80.2427215576,81071,81152,81
13.0324401855,80.2427215576,81152,81162,10
13.0322999954,80.242477417,81162,81172,10
13.0322303772,80.2423629761,81172,81182,10
13.0320301056,80.2421264648,81182,81192,10
13.0318698883,80.2417526245,81192,81252,60
13.0318698883,80.2417526245,81252,81262,10
13.0318202972,80.2416534424,81262,81273,11
13.0315999985,80.2411804199,81273,81283,10
13.0311498642,80.2402420044,81283,81363,80
13.0311498642,80.2402420044,81363,81372,9
13.0310497284,80.2400817871,81372,81383,11
13.0309200287,80.239730835,81383,81394,11
13.030500412,80.2389831543,81394,81404,10
13.0299901962,80.2380523682,81404,81414,10
13.0293397903,80.2370910645,81414,81424,10
13.0291595459,80.236907959,81424,81434,10
13.0290603638,80.2367782593,81434,81444,10
13.0286302567,80.2363128662,81444,81454,10
13.0279502869,80.235496521,81454,81464,10
13.0273399353,80.2344284058,81464,81474,10
13.0265903473,80.233253479,81474,81494,20
13.0265903473,80.233253479,81494,81504,10
13.0263996124,80.2329101563,81504,81515,11
13.026140213,80.2321014404,81515,81525,10
13.0260095596,80.2315368652,81525,81535,10
13.0258197784,80.230796814,81535,81545,10
13.0252599716,80.2298736572,81545,81555,10
13.024720192,80.2292175293,81555,81565,10
13.0246200562,80.2290878296,81565,81575,10
13.0243797302,80.228767395,81575,81585,10
13.024020195,80.2283477783,81585,81605,20
13.024020195,80.2283477783,81605,81615,10
13.0237197876,80.2279281616,81615,81625,10
13.0231895447,80.2274093628,81625,81636,11
13.0225601196,80.2268066406,81636,81646,10
13.0220899582,80.2264099121,81646,81656,10
13.021320343,80.2258224487,81656,81666,10
13.0204601288,80.2252197266,81666,81676,10
13.0197296143,80.2247390747,81676,81686,10
13.0190296173,80.2245330811,81686,81696,10
13.0182504654,80.2247619629,81696,81706,10
13.017490387,80.2250823975,81706,81715,9
13.0169000626,80.2253112793,81715,81726,11
13.0165596008,80.2254486084,81726,81736,10
13.0162000656,80.2255935669,81736,81747,11
13.0155296326,80.2258224487,81747,81757,10
13.0147800446,80.2260971069,81757,81767,10
13.0143404007,80.2262878418,81767,81777,10
13.0143203735,80.2262878418,81777,81787,10
13.0139303207,80.2264480591,81787,81797,10
13.0132102966,80.2267227173,81797,81807,10
13.012260437,80.2270812988,81807,81817,10
13.0111303329,80.2275466919,81817,81827,10
13.0100498199,80.2279815674,81827,81837,10
13.0092201233,80.2284011841,81837,81847,10
13.0089797974,80.2292480469,81847,81857,10
13.008769989,80.2304611206,81857,81868,11
13.0085401535,80.2316970825,81868,81878,10
13.0083503723,80.2325973511,81878,81888,10
13.0082397461,80.2333831787,81888,81898,10
13.008190155,80.2336730957,81898,81908,10
13.0080900192,80.2340621948,81908,81918,10
13.0079202652,80.2347564697,81918,81928,10
13.0077199936,80.2357635498,81928,81938,10
13.0074701309,80.2370605469,81938,81948,10
13.0072603226,80.2383575439,81948,81958,10
13.0070199966,80.2396087646,81958,81968,10
13.0068902969,80.2404403687,81968,81978,10
13.0067396164,80.2412414551,81978,81989,11
13.0067100525,80.2425308228,81989,81999,10
13.0066699982,80.2434463501,81999,82009,10
13.0066604614,80.2445220947,82009,82019,10
13.0066699982,80.2455825806,82019,82029,10
13.0066995621,80.2464294434,82029,82039,10
13.0066995621,80.2474365234,82039,82049,10
13.0066995621,80.2486724854,82049,82059,10
13.0067596436,80.250038147,82059,82069,10
13.0067596436,80.2514190674,82069,82079,10
13.0065402985,80.2526168823,82079,82089,10
13.006529808,80.2539367676,82089,82099,10
13.0066003799,80.2548370361,82099,82110,11
13.0065898895,80.2549819946,82110,82120,10
13.0065803528,80.2554092407,82120,82130,10
13.0065898895,80.256362915,82130,82140,10
13.0066404343,80.2571868896,82140,82190,50
13.0066404343,80.2571868896,82190,82200,10
13.0066604614,80.2575912476,82200,82210,10
13.006070137,80.2575378418,82210,82219,9
13.0053300858,80.2573699951,82219,82231,12
13.0044298172,80.2571411133,82231,82241,10
13.0036401749,80.2569580078,82241,82251,10
13.0029602051,80.2568206787,82251,82261,10
13.0022096634,80.256690979,82261,82271,10
13.0014696121,80.2565765381,82271,82281,10
13.0006399155,80.256439209,82281,82291,10
12.9996299744,80.2562484741,82291,82301,10
12.9988298416,80.2561187744,82301,82311,10
12.9987602234,80.2561035156,82311,82321,10
12.9985704422,80.2560577393,82321,82331,10
12.9982004166,80.2560195923,82331,82341,10
12.9977703094,80.2559967041,82341,82352,11
12.9974298477,80.2559509277,82352,82362,10
12.9970998764,80.2559432983,82362,82372,10
12.9967298508,80.2559432983,82372,82382,10
12.9961204529,80.2559280396,82382,82392,10
12.9954004288,80.2559509277,82392,82402,10
12.9947299957,80.2559661865,82402,82412,10
12.9940299988,80.2560424805,82412,82422,10
12.9932098389,80.2561035156,82422,82432,10
12.9922504425,80.2561187744,82432,82442,10
12.9913196564,80.2560806274,82442,82452,10
12.9905500412,80.2560577393,82452,82462,10
12.9897699356,80.2560501099,82462,82473,11
12.9886398315,80.2559814453,82473,82493,20
12.9885396957,80.2559509277,82493,82523,30
12.9885396957,80.2559509277,82523,82533,10
12.9881801605,80.2558822632,82533,82543,10
12.9876899719,80.255897522,82543,82553,10
12.987569809,80.2564086914,82553,82563,10
12.9875001907,80.2571182251,82563,82573,10
12.9874296188,80.2580032349,82573,82583,10
12.9873800278,80.2584915161,82583,82594,11
12.9871702194,80.2591323853,82594,82624,30
12.9871702194,80.2591323853,82624,82634,10
12.9873304367,80.2586669922,82634,82664,30
12.9873304367,80.2586669922,82664,82674,10
12.9873695374,80.2584762573,82674,82684,10
12.9874095917,80.258102417,82684,82694,10
12.987449646,80.2573776245,82694,82703,9
12.9875001907,80.2568283081,82703,82715,12
12.9875297546,80.256149292,82715,82725,10
12.9876098633,80.2557678223,82725,82735,10
12.9879798889,80.2557601929,82735,82745,10
12.988360405,80.2558364868,82745,82755,10
12.988820076,80.255897522,82755,82765,10
12.98939991,80.2559509277,82765,82775,10
12.9899902344,80.2560195923,82775,82785,10
12.9904603958,80.2560195923,82785,82795,10
12.9909601212,80.2560195923,82795,82805,10
12.9915599823,80.2560501099,82805,82815,10
12.9923000336,80.2560577393,82815,82825,10
12.9929895401,80.2560195923,82825,82836,11
12.9936304092,80.2559661865,82836,82846,10
12.9941501617,80.2559661865,82846,82856,10
12.9947395325,80.2558898926,82856,82866,10
12.995349884,80.2558670044,82866,82876,10
12.9959697723,80.2558822632,82876,82886,10
12.9965600967,80.2558670044,82886,82896,10
12.9969501495,80.2558670044,82896,82906,10
12.997300148,80.2558822632,82906,82916,10
12.9975204468,80.2558898926,82916,82925,9
12.9976501465,80.2559204102,82925,82936,11
12.9976596832,80.2559204102,82936,82946,10
