13.0345602036,80.2053909302,11,26666,26655
13.0345602036,80.2053909302,26666,26676,10
13.0346498489,80.205368042,26676,26686,10
13.0348300934,80.2052001953,26686,26696,10
13.0350399017,80.2051773071,26696,27221,525
13.0350399017,80.2051773071,27221,27231,10
13.0351104736,80.2051467896,27231,27453,222
13.0351104736,80.2051467896,27453,27463,10
13.0353403091,80.2051467896,27463,27473,10
13.0354995728,80.2052078247,27473,27493,20
13.0354995728,80.2052078247,27493,27503,10
13.0356903076,80.2052383423,27503,27513,10
13.0358104706,80.2051010132,27513,27523,10
13.0358800888,80.2046432495,27523,27533,10
13.0359601974,80.2041015625,27533,27543,10
13.03606987,80.2034072876,27543,27554,11
13.0361700058,80.2025985718,27554,27564,10
13.0362796783,80.2018814087,27564,27574,10
13.0363197327,80.2014770508,27574,27584,10
13.0363197327,80.2014694214,27584,27594,10
13.0363197327,80.2013473511,27594,27604,10
13.0363998413,80.2010574341,27604,27614,10
13.03647995,80.2005691528,27614,27624,10
13.0365800858,80.1999435425,27624,27634,10
13.0366802216,80.19921875,27634,27644,10
13.0367498398,80.1985626221,27644,27654,10
13.0367803574,80.1984024048,27654,27665,11
13.0368099213,80.1983108521,27665,27675,10
13.0368795395,80.1978988647,27675,27691,16
13.03703022,80.1969299316,27691,27703,12
13.0370903015,80.1963195801,27703,27713,10
13.0370998383,80.1962814331,27713,27722,9
13.0371704102,80.1959381104,27722,27732,10
13.0372400284,80.1954269409,27732,27743,11
13.0373897552,80.1944732666,27743,27753,10
13.0375204086,80.1934509277,27753,27763,10
13.0376996994,80.1928024292,27763,27774,11
13.0380296707,80.1927490234,27774,27784,10
13.0385599136,80.192817688,27784,27794,10
13.0387496948,80.1928482056,27794,27804,10
13.0389003754,80.1928710938,27804,27814,10
13.0393800735,80.1929626465,27814,27824,10
13.0400800705,80.1930999756,27824,27834,10
13.0409097672,80.1932373047,27834,27844,10
13.0416097641,80.1933364868,27844,27854,10
13.0417604446,80.1935501099,27854,27864,10
13.0417404175,80.1939620972,27864,27874,10
13.0416498184,80.1945495605,27874,27885,11
13.041560173,80.1954574585,27885,27895,10
13.0414600372,80.1961669922,27895,27905,10
13.0414104462,80.1967010498,27905,27915,10
13.0414104462,80.1967163086,27915,27925,10
13.0413303375,80.1970901489,27925,27941,16
13.0411596298,80.1983413696,27941,27953,12
13.0410404205,80.19921875,27953,27963,10
13.0409898758,80.1995162964,27963,27973,10
13.04088974,80.2001800537,27973,27983,10
13.0407600403,80.2010803223,27983,27994,11
13.0406398773,80.2018585205,27994,28004,10
13.0406198502,80.2021179199,28004,28014,10
13.0405302048,80.2027206421,28014,28024,10
13.0403995514,80.2035903931,28024,28034,10
13.0402698517,80.2044219971,28034,28044,10
13.0402297974,80.2048797607,28044,28054,10
13.04047966,80.205039978,28054,28064,10
13.0408802032,80.2051086426,28064,28074,10
13.0412197113,80.2051620483,28074,28084,10
13.0413799286,80.2051773071,28084,28094,10
13.0418796539,80.2052688599,28094,28105,11
13.0422096252,80.2053375244,28105,28115,10
13.0427103043,80.2055892944,28115,28125,10
13.0431499481,80.2062911987,28125,28135,10
13.0437202454,80.2070617676,28135,28145,10
13.0440597534,80.2077636719,28145,28155,10
13.0441799164,80.2089691162,28155,28175,20
13.0441799164,80.2089691162,28175,28185,10
13.0441799164,80.2091598511,28185,28195,10
13.0439796448,80.2092971802,28195,28205,10
13.0434303284,80.2091903687,28205,28216,11
13.0425195694,80.2090682983,28216,28226,10
13.0417404175,80.2089691162,28226,28236,10
13.0410203934,80.2088623047,28236,28246,10
13.0401096344,80.2087173462,28246,28256,10
13.0393600464,80.2086105347,28256,28266,10
13.0388298035,80.2085266113,28266,28276,10
13.038769722,80.2085266113,28276,28286,10
13.0383796692,80.2084732056,28286,28296,10
13.0376701355,80.2083511353,28296,28306,10
13.0368795395,80.2082290649,28306,28316,10
13.0360603333,80.2081069946,28316,28327,11
13.0354995728,80.2083435059,28327,28347,20
13.0354995728,80.2083435059,28347,28357,10
13.0354003906,80.2085800171,28357,28367,10
13.0353403091,80.2090606689,28367,28377,10
13.0352296829,80.2098007202,28377,28387,10
13.0350799561,80.2104721069,28387,28397,10
13.035030365,80.2112808228,28397,28428,31
13.035030365,80.2112808228,28428,28438,10
13.0349798203,80.2115020752,28438,28448,10
13.0349798203,80.211517334,28448,28458,10
13.0349397659,80.2116088867,28458,28468,10
13.0348596573,80.2119674683,28468,28478,10
13.0350704193,80.2122421265,28478,28488,10
13.0355300903,80.2122879028,28488,28498,10
13.0362997055,80.2123031616,28498,28508,10
13.0370502472,80.212310791,28508,28518,10
13.0374097824,80.2125015259,28518,28528,10
13.0374803543,80.2130203247,28528,28539,11
13.0377902985,80.2132873535,28539,28549,10
13.0383901596,80.2136917114,28549,28559,10
13.0389404297,80.2140426636,28559,28569,10
13.0389499664,80.2140426636,28569,28579,10
13.0392103195,80.2142410278,28579,28589,10
13.0396604538,80.2145462036,28589,28599,10
13.0402498245,80.2149810791,28599,28609,10
13.0407600403,80.2153320313,28609,28619,10
13.0414104462,80.2157897949,28619,28629,10
13.0421304703,80.2162628174,28629,28650,21
13.0421304703,80.2162628174,28650,28660,10
13.0424404144,80.2164611816,28660,28670,10
13.0430202484,80.2168884277,28670,28680,10
13.0433797836,80.2171173096,28680,28710,30
13.0433797836,80.2171173096,28710,28720,10
13.0437202454,80.2172775269,28720,28730,10
13.0440797806,80.2175674438,28730,28740,10
13.0446996689,80.2180328369,28740,28750,10
13.0454702377,80.2184524536,28750,28761,11
13.0464200974,80.2186889648,28761,28771,10
13.0470304489,80.2188568115,28771,28781,10
13.0470695496,80.2188796997,28781,28791,10
13.0471801758,80.218963623,28791,28801,10
13.0473499298,80.2190322876,28801,28811,10
13.0478801727,80.2191696167,28811,28821,10
13.048620224,80.2193374634,28821,28831,10
13.0493202209,80.2195281982,28831,28841,10
13.0501203537,80.2197418213,28841,28851,10
13.0509395599,80.2199630737,28851,28861,10
13.0516500473,80.2201690674,28861,28872,11
13.0521097183,80.2201004028,28872,28912,40
13.0521097183,80.2201004028,28912,28922,10
13.0522403717,80.2200775146,28922,28932,10
13.0523996353,80.220199585,28932,28942,10
13.0524997711,80.2205810547,28942,28952,10
13.0526599884,80.2212219238,28952,28962,10
13.0528697968,80.222038269,28962,28978,16
13.0533304214,80.2236785889,28978,29031,53
13.0533304214,80.2236785889,29031,29041,10
13.0534095764,80.2238693237,29041,29051,10
13.0534696579,80.2242736816,29051,29061,10
13.0535802841,80.2248077393,29061,29071,10
13.053730011,80.2255783081,29071,29081,10
13.0538597107,80.2263183594,29081,29102,21
13.0538597107,80.2263183594,29102,29112,10
13.0538797379,80.2264709473,29112,29122,10
13.0539197922,80.2269592285,29122,29132,10
13.054019928,80.2275619507,29132,29142,10
13.0540399551,80.2278289795,29142,29152,10
13.0540599823,80.2280578613,29152,29162,10
13.0540504456,80.2284317017,29162,29172,10
13.0541095734,80.2289886475,29172,29182,10
13.0541496277,80.2296066284,29182,29192,10
13.0541601181,80.2303390503,29192,29203,11
13.0541296005,80.2306671143,29203,29213,10
13.0538597107,80.2306289673,29213,29223,10
13.0533800125,80.2305831909,29223,29233,10
13.0528001785,80.230506897,29233,29243,10
13.0519895554,80.2303771973,29243,29263,20
13.0519895554,80.2303771973,29263,29273,10
13.051659584,80.2303009033,29273,29283,10
13.0509595871,80.2302017212,29283,29293,10
13.0501899719,80.2301101685,29293,29303,10
13.0494403839,80.2300872803,29303,29314,11
13.048620224,80.2300872803,29314,29324,10
13.0480003357,80.2302398682,29324,29334,10
13.0476903915,80.2308425903,29334,29344,10
13.0475797653,80.2317428589,29344,29360,16
13.047419548,80.2329025269,29360,29372,12
13.0477399826,80.2331237793,29372,29382,10
13.0482301712,80.2332382202,29382,29392,10
13.0489902496,80.2333831787,29392,29402,10
13.0497102737,80.2335586548,29402,29412,10
13.0506296158,80.2337417603,29412,29422,10
13.0516395569,80.2339172363,29422,29433,11
13.0523796082,80.2341308594,29433,29442,9
13.0532102585,80.234336853,29442,29453,11
13.053730011,80.2344970703,29453,29463,10
13.0537900925,80.2346420288,29463,29473,10
13.0536603928,80.2351989746,29473,29483,10
13.0535202026,80.2358932495,29483,29493,10
13.0534200668,80.2364120483,29493,29513,20
13.0534200668,80.2364120483,29513,29523,10
13.0533895493,80.2367324829,29523,29534,11
13.0533599854,80.2369308472,29534,29544,10
13.053319931,80.2371063232,29544,29554,10
13.0532197952,80.2376785278,29554,29564,10
13.0530796051,80.2384796143,29564,29573,9
13.0528802872,80.2393417358,29573,29584,11
13.0526504517,80.2403793335,29584,29605,21
13.0526504517,80.2403793335,29605,29615,10
13.0526199341,80.2404632568,29615,29625,10
13.0525503159,80.2407608032,29625,29635,10
13.0525503159,80.2413787842,29635,29646,11
13.0532598495,80.2419433594,29646,29656,10
13.0539398193,80.2422180176,29656,29666,10
13.0540599823,80.2422485352,29666,29676,10
13.0541496277,80.2422485352,29676,29686,10
13.0545701981,80.2423324585,29686,29696,10
13.0553302765,80.2422409058,29696,29706,10
13.0562095642,80.2424621582,29706,29716,10
13.0566797256,80.2425765991,29716,29725,9
13.0567398071,80.2425765991,29725,29735,10
13.0568399429,80.2425689697,29735,29746,11
13.057299614,80.2427978516,29746,29757,11
13.057559967,80.2427825928,29757,29767,10
13.0577201843,80.2427902222,29767,29777,10
13.0583400726,80.2427062988,29777,29787,10
13.0591096878,80.2425537109,29787,29797,10
13.0598602295,80.2426376343,29797,29807,10
13.0607204437,80.2429199219,29807,29817,10
13.0614004135,80.2431564331,29817,29827,10
13.0619096756,80.243270874,29827,29837,10
13.0620002747,80.243270874,29837,29847,10
13.062379837,80.2433166504,29847,29857,10
13.0631198883,80.2434463501,29857,29868,11
13.064160347,80.2435073853,29868,29878,10
13.0650596619,80.243560791,29878,29888,10
13.0658197403,80.243598938,29888,29898,10
13.0661401749,80.2438583374,29898,29908,10
13.0662403107,80.2445297241,29908,29918,10
13.0663204193,80.2451324463,29918,29928,10
13.0664396286,80.2457427979,29928,29938,10
13.0670900345,80.2461700439,29938,29948,10
13.0678396225,80.24659729,29948,29958,10
13.0679597855,80.2472915649,29958,29968,10
13.0679197311,80.2479934692,29968,29979,11
13.0678796768,80.2484207153,29979,29989,10
13.0678501129,80.2486419678,29989,29999,10
13.06772995,80.2492599487,29999,30009,10
13.0675697327,80.2501983643,30009,30019,10
13.0674200058,80.2510604858,30019,30029,10
13.0673999786,80.2512435913,30029,30039,10
13.0673303604,80.251663208,30039,30049,10
13.06772995,80.2522735596,30049,30059,10
13.0683097839,80.2527999878,30059,30069,10
13.0678300858,80.2533569336,30069,30079,10
13.067440033,80.2536621094,30079,30090,11
13.0673599243,80.2537231445,30090,30100,10
13.0669603348,80.2540206909,30100,30110,10
13.0670795441,80.2544631958,30110,30120,10
13.067609787,80.2549362183,30120,30130,10
13.0677404404,80.2550582886,30130,30140,10
13.0679597855,80.255317688,30140,30150,10
13.068400383,80.2557983398,30150,30160,10
13.0689296722,80.2563323975,30160,30170,10
13.0694503784,80.2568588257,30170,30180,10
13.070110321,80.2575378418,30180,30190,10
13.0708398819,80.2583312988,30190,30201,11
13.0715303421,80.2590866089,30201,30221,20
13.0715303421,80.2590866089,30221,30231,10
13.0715799332,80.2591781616,30231,30241,10
13.0719203949,80.2595062256,30241,30251,10
13.0723400116,80.2599868774,30251,30261,10
13.0728197098,80.260559082,30261,30271,10
13.0732402802,80.2607574463,30271,30281,10
13.0733299255,80.2612075806,30281,30291,10
13.0737695694,80.261680603,30291,30301,10
13.073969841,80.2619171143,30301,30312,11
13.0741701126,80.2621688843,30312,30322,10
13.0745401382,80.2626419067,30322,30332,10
13.0748996735,80.2630996704,30332,30342,10
13.0753002167,80.2636566162,30342,30352,10
13.0757398605,80.264213562,30352,30362,10
13.0762796402,80.2642211914,30362,30372,10
13.0770998001,80.2641067505,30372,30382,10
13.0777196884,80.2637176514,30382,30392,10
13.0780801773,80.2634506226,30392,30402,10
13.0783395767,80.2636413574,30402,30422,20
13.0783395767,80.2636413574,30422,30433,11
13.0783700943,80.2637786865,30433,30443,10
13.0784597397,80.264289856,30443,30453,10
13.0785999298,80.2649765015,30453,30463,10
13.0793504715,80.2652816772,30463,30473,10
13.0793504715,80.2652816772,30473,30483,10
13.0804100037,80.2651519775,30483,30513,30
13.0804100037,80.2651519775,30513,30523,10
13.0806903839,80.2651062012,30523,30534,11
13.0808200836,80.2655487061,30534,30545,11
13.0807800293,80.2661819458,30545,30555,10
13.0807600021,80.2670516968,30555,30565,10
13.0807600021,80.2679824829,30565,30573,8
13.0807695389,80.2687301636,30573,30585,12
13.0807600021,80.2699813843,30585,30595,10
13.0808095932,80.2706985474,30595,30605,10
13.0810403824,80.2711868286,30605,30615,10
13.0813703537,80.2715835571,30615,30625,10
13.0815200806,80.2722625732,30625,30635,10
13.0815000534,80.2729415894,30635,30646,11
13.0815401077,80.273651123,30646,30656,10
13.0819301605,80.2740707397,30656,30666,10
13.0820198059,80.2747421265,30666,30676,10
13.0820598602,80.2750701904,30676,30686,10
13.082110405,80.2754669189,30686,30736,50
13.082110405,80.2754669189,30736,30746,10
13.0821504593,80.2757797241,30746,30817,71
13.0821504593,80.2757797241,30817,30827,10
13.0819396973,80.2760009766,30827,30837,10
13.081870079,80.2760620117,30837,30847,10
13.0818300247,80.2761917114,30847,30857,10
13.0818996429,80.2766036987,30857,30868,11
13.0820198059,80.2775802612,30868,30878,10
13.0821800232,80.2782897949,30878,30908,30
13.0821800232,80.2782897949,30908,30918,10
13.0822000504,80.278427124,30918,30928,10
13.0822000504,80.2787780762,30928,30938,10
13.0821800232,80.2791290283,30938,30948,10
13.0822200775,80.2796401978,30948,30958,10
13.0822896957,80.2805175781,30958,30968,10
13.0823802948,80.2814025879,30968,30978,10
13.082690239,80.2819824219,30978,30989,11
13.0836400986,80.2825622559,30989,30999,10
13.0845298767,80.2831497192,30999,31009,10
13.0851297379,80.2837219238,31009,31019,10
13.0854501724,80.2836837769,31019,31029,10
13.0856800079,80.2835769653,31029,31039,10
13.0860700607,80.2835769653,31039,31049,10
13.0863399506,80.2836074829,31049,31059,10
13.0867204666,80.2837524414,31059,31090,31
13.0867204666,80.2837524414,31090,31100,10
13.0869703293,80.2836914063,31100,31110,10
13.0871896744,80.2836914063,31110,31120,10
13.0873804092,80.2836914063,31120,31130,10
13.087770462,80.2838134766,31130,31804,674
13.087770462,80.2838134766,31804,31814,10
13.0878000259,80.2837371826,31814,31824,10
13.08796978,80.2836837769,31824,31834,10
13.0881996155,80.2835464478,31834,31844,10
13.0882997513,80.2832794189,31844,31854,10
13.0882997513,80.2826919556,31854,31864,10
13.0882396698,80.2821426392,31864,31875,11
13.0879802704,80.2815475464,31875,31885,10
13.0872802734,80.2813034058,31885,31895,10
13.0865802765,80.2810821533,31895,31905,10
13.0858602524,80.2808532715,31905,31915,10
13.0856399536,80.2803421021,31915,31925,10
13.0853900909,80.2796096802,31925,31935,10
13.0846300125,80.2792816162,31935,31945,10
13.0840196609,80.2791900635,31945,31955,10
13.0834598541,80.2790374756,31955,31965,10
13.0825500488,80.2786865234,31965,32016,51
13.0825500488,80.2786865234,32016,32026,10
13.0822896957,80.2786178589,32026,32036,10
13.0819301605,80.2782669067,32036,32046,10
13.0818595886,80.2777328491,32046,32056,10
13.0818004608,80.2773590088,32056,32107,51
13.0818004608,80.2773590088,32107,32117,10
13.0818395615,80.2770996094,32117,32127,10
13.0818004608,80.2768478394,32127,32137,10
13.0817298889,80.2762985229,32137,32157,20
13.0817298889,80.2762985229,32157,32167,10
13.0817203522,80.2761306763,32167,32177,10
13.0816202164,80.275718689,32177,32187,10
13.0815401077,80.2753067017,32187,32228,41
13.0815401077,80.2753067017,32228,32238,10
13.0815401077,80.2751235962,32238,32248,10
13.0815000534,80.2746429443,32248,32258,10
13.0814304352,80.2739486694,32258,32268,10
13.0813503265,80.2733688354,32268,32278,10
13.0812997818,80.2730178833,32278,32308,30
13.0812997818,80.2730178833,32308,32319,11
13.0814199448,80.2727432251,32319,32329,10
13.0813999176,80.2721710205,32329,32339,10
13.081199646,80.2714309692,32339,32349,10
13.0808801651,80.2711105347,32349,32359,10
13.0807504654,80.2705307007,32359,32369,10
13.080739975,80.2696685791,32369,32379,10
13.0807695389,80.2685470581,32379,32389,10
13.0807304382,80.2675323486,32389,32399,10
13.0806999207,80.2664413452,32399,32409,10
13.0806903839,80.26587677,32409,32419,10
13.0806798935,80.265838623,32419,32430,11
13.0807104111,80.2655181885,32430,32440,10
13.0805702209,80.2651672363,32440,32450,10
13.0801000595,80.2652206421,32450,32460,10
13.0796298981,80.2652816772,32460,32470,10
13.0791702271,80.2653503418,32470,32480,10
13.0787000656,80.2654190063,32480,32489,9
13.0785303116,80.2652282715,32489,32499,10
13.0784101486,80.2645568848,32499,32510,11
13.0782403946,80.2637023926,32510,32520,10
13.0778303146,80.263671875,32520,32541,21
13.0778303146,80.263671875,32541,32551,10
13.0777997971,80.2637023926,32551,32561,10
13.0775003433,80.263923645,32561,32571,10
13.0768499374,80.2641372681,32571,32581,10
13.0760202408,80.264251709,32581,32591,10
13.0756597519,80.2641296387,32591,32601,10
13.0753498077,80.2637405396,32601,32611,10
13.0749397278,80.2632064819,32611,32621,10
13.0747299194,80.2629089355,32621,32631,10
13.0744600296,80.2625808716,32631,32641,10
13.0742797852,80.2624130249,32641,32652,11
13.0739898682,80.2620620728,32652,32662,10
13.0736904144,80.2617034912,32662,32682,20
13.0736904144,80.2617034912,32682,32692,10
13.0734996796,80.26146698,32692,32702,10
13.07310009,80.2612991333,32702,32712,10
13.0730495453,80.2608566284,32712,32722,10
13.0726699829,80.2604217529,32722,32732,10
13.0721597672,80.259803772,32732,32742,10
13.071849823,80.2594604492,32742,32752,10
13.0718402863,80.2594299316,32752,32763,11
13.0716104507,80.2591629028,32763,32773,10
13.0712604523,80.2587966919,32773,32783,10
13.070810318,80.2583236694,32783,32793,10
13.0702495575,80.2577209473,32793,32802,9
13.0697898865,80.257232666,32802,32813,11
13.0692596436,80.256690979,32813,32823,10
13.0685396194,80.2559509277,32823,32833,10
13.0678396225,80.255317688,32833,32843,10
13.0675201416,80.255027771,32843,32874,31
13.0675201416,80.255027771,32874,32884,10
13.0674600601,80.2550125122,32884,32894,10
13.0672197342,80.2547607422,32894,32904,10
13.0668802261,80.2544174194,32904,32914,10
13.066740036,80.2540512085,32914,32924,10
13.067199707,80.2536697388,32924,32934,10
13.0672597885,80.2536315918,32934,32944,10
13.067440033,80.2535629272,32944,32954,10
13.0678901672,80.2532196045,32954,32964,10
13.0682296753,80.2527008057,32964,32974,10
13.0676298141,80.2522964478,32974,32985,11
13.0672397614,80.2516784668,32985,32995,10
13.0673704147,80.2510070801,32995,33005,10
13.0674800873,80.2503509521,33005,33015,10
13.0675096512,80.2501678467,33015,33025,10
13.0675401688,80.2500305176,33025,33035,10
13.0676403046,80.24949646,33035,33045,10
13.0677700043,80.2487182617,33045,33055,10
13.0677204132,80.248008728,33055,33065,10
13.067150116,80.2479171753,33065,33075,10
13.0666599274,80.2478866577,33075,33085,10
13.0666399002,80.2478866577,33085,33096,11
13.0662202835,80.2478485107,33096,33106,10
13.0655002594,80.2477722168,33106,33116,10
13.0645399094,80.2477035522,33116,33126,10
13.0635299683,80.2476425171,33126,33136,10
13.0627403259,80.2476196289,33136,33146,10
13.0620002747,80.2476272583,33146,33156,10
13.0615901947,80.2474594116,33156,33166,10
13.0613803864,80.247177124,33166,33182,16
13.061750412,80.2465133667,33182,33194,12
13.0620203018,80.2455215454,33194,33203,9
13.0623703003,80.2450027466,33203,33213,10
13.0629501343,80.2445907593,33213,33225,12
13.063170433,80.2442626953,33225,33234,9
13.0632295609,80.2442016602,33234,33245,11
13.0634202957,80.2437973022,33245,33255,10
13.0633296967,80.2434921265,33255,33265,10
13.062789917,80.2433776855,33265,33274,9
13.0624303818,80.2433166504,33274,33284,10
13.062330246,80.2433013916,33284,33295,11
13.0618801117,80.2432098389,33295,33305,10
13.0613698959,80.2431106567,33305,33315,10
13.0607500076,80.2429428101,33315,33326,11
13.0600004196,80.2426986694,33326,33336,10
13.0592098236,80.2425765991,33336,33346,10
13.0588598251,80.2425765991,33346,33356,10
13.0587701797,80.2425537109,33356,33366,10
13.0584001541,80.2426300049,33366,33376,10
13.0576896667,80.2427597046,33376,33386,10
13.057009697,80.2428436279,33386,33447,61
13.057009697,80.2428436279,33447,33457,10
13.0568199158,80.2426986694,33457,33467,10
13.0564603806,80.2425994873,33467,33477,10
13.0560703278,80.2423706055,33477,33487,10
13.0555801392,80.2422409058,33487,33497,10
13.0549898148,80.2423629761,33497,33507,10
13.0546302795,80.242401123,33507,33517,10
13.0541496277,80.2423400879,33517,33527,10
13.0537204742,80.2422332764,33527,33558,31
13.0537204742,80.2422332764,33558,33568,10
13.0533895493,80.2420501709,33568,33578,10
13.0529899597,80.2418899536,33578,33588,10
13.052479744,80.2415771484,33588,33598,10
13.0521497726,80.241027832,33598,33608,10
13.0518798828,80.240737915,33608,33618,10
13.0515203476,80.2406692505,33618,33628,10
13.0514097214,80.2406463623,33628,33638,10
13.0512199402,80.2406082153,33638,33648,10
13.0509595871,80.2405700684,33648,33659,11
13.0508699417,80.240562439,33659,33669,10
13.0503797531,80.2404403687,33669,33679,10
13.0496196747,80.2402877808,33679,33689,10
13.0490598679,80.2401428223,33689,33699,10
13.0482597351,80.2399902344,33699,33709,10
13.0475196838,80.2398300171,33709,33719,10
13.0469198227,80.239692688,33719,33729,10
13.0465602875,80.2396469116,33729,33739,10
13.0462198257,80.2394485474,33739,33749,10
13.0463600159,80.2390213013,33749,33759,10
13.0465202332,80.2383575439,33759,33770,11
13.0466403961,80.2377471924,33770,33780,10
13.0467300415,80.2369766235,33780,33790,10
13.0469198227,80.2362594604,33790,33800,10
13.0470304489,80.2358169556,33800,33810,10
13.0470600128,80.2355575562,33810,33820,10
13.047129631,80.2350234985,33820,33830,10
13.0471897125,80.2342376709,33830,33840,10
13.0472698212,80.2334823608,33840,33850,10
13.047369957,80.2328720093,33850,33860,10
13.0474996567,80.2321624756,33860,33876,16
13.0475997925,80.231338501,33876,33889,13
13.047659874,80.230758667,33889,33899,10
13.0475902557,80.2303009033,33899,33909,10
13.0472297668,80.2298812866,33909,33919,10
13.0464200974,80.2297592163,33919,33929,10
13.0454998016,80.2296066284,33929,33939,10
13.0446796417,80.2294387817,33939,33948,9
13.0444898605,80.2294006348,33948,33959,11
13.0440397263,80.2292709351,33959,33968,9
13.0439100266,80.2292175293,33968,33978,10
13.043970108,80.228729248,33978,33990,12
13.0442304611,80.2278594971,33990,34000,10
13.0444898605,80.2269592285,34000,34010,10
13.0446996689,80.2261886597,34010,34020,10
13.0448198318,80.2257537842,34020,34030,10
13.0451803207,80.2257766724,34030,34040,10
13.0457496643,80.2259597778,34040,34050,10
13.0458803177,80.2259902954,34050,34060,10
13.0462198257,80.2260971069,34060,34070,10
13.0465202332,80.2261962891,34070,34080,10
13.0467700958,80.2262802124,34080,34090,10
13.047249794,80.2264404297,34090,34101,11
13.0480699539,80.2267227173,34101,34111,10
13.0488796234,80.2269363403,34111,34121,10
13.0498600006,80.2270507813,34121,34131,10
13.0507001877,80.2272262573,34131,34141,10
13.0513896942,80.2273864746,34141,34151,10
13.0518398285,80.2274780273,34151,34161,10
13.0523395538,80.2275695801,34161,34171,10
13.0530004501,80.2276992798,34171,34181,10
13.053730011,80.2277832031,34181,34191,10
13.0539398193,80.2273864746,34191,34211,20
13.0539398193,80.2273864746,34211,34222,11
13.0539903641,80.2272567749,34222,34232,10
13.0539503098,80.2269821167,34232,34242,10
13.0538597107,80.2265930176,34242,34252,10
13.0537500381,80.2259292603,34252,34262,10
13.0535898209,80.2251434326,34262,34272,10
13.0535001755,80.2245178223,34272,34320,48
13.0535001755,80.2245178223,34320,34332,12
13.0535001755,80.2243804932,34332,34343,11
13.0535001755,80.2243118286,34343,34353,10
13.0534601212,80.2240371704,34353,34363,10
13.0533399582,80.2235488892,34363,34373,10
13.0531902313,80.2229232788,34373,34382,9
13.0530700684,80.2226104736,34382,34392,10
13.0529603958,80.2223510742,34392,34403,11
13.052740097,80.2216415405,34403,34413,10
13.0525197983,80.2208404541,34413,34423,10
13.0523300171,80.2203216553,34423,34433,10
13.0518302917,80.220199585,34433,34444,11
13.0518198013,80.220199585,34444,34454,10
13.0515203476,80.2201385498,34454,34464,10
13.0510597229,80.2199783325,34464,34474,10
13.0503396988,80.2198028564,34474,34484,10
13.049539566,80.2195892334,34484,34494,10
13.0488300323,80.2193908691,34494,34504,10
13.0481395721,80.2192077637,34504,34514,10
13.0474596024,80.2190170288,34514,34524,10
13.0467395782,80.2188491821,34524,34534,10
13.046380043,80.2187423706,34534,34544,10
13.0463399887,80.2187423706,34544,34555,11
13.0460100174,80.2186279297,34555,34565,10
13.0453596115,80.2184371948,34565,34575,10
13.0446796417,80.2180328369,34575,34585,10
13.0444202423,80.2178268433,34585,34595,10
13.0440998077,80.2176208496,34595,34605,10
13.0436496735,80.2173233032,34605,34615,10
13.0429801941,80.2168502808,34615,34625,10
13.0424203873,80.2164916992,34625,34635,10
13.0418701172,80.2161331177,34635,34655,20
13.0417804718,80.2160415649,34655,34686,31
13.0417804718,80.2160415649,34686,34696,10
13.0415000916,80.2158432007,34696,34706,10
13.0410604477,80.2155227661,34706,34716,10
13.0405397415,80.2151565552,34716,34726,10
13.0399198532,80.2146987915,34726,34735,9
13.0390300751,80.2141113281,34735,34756,21
13.0390300751,80.2141113281,34756,34766,10
13.0386800766,80.2138595581,34766,34777,11
13.0380096436,80.2134017944,34777,34787,10
13.0373697281,80.2128677368,34787,34797,10
13.0372695923,80.2124099731,34797,34807,10
13.0368900299,80.2123565674,34807,34817,10
13.0364398956,80.2123184204,34817,34827,10
13.0362195969,80.2123413086,34827,34837,10
13.036190033,80.2123413086,34837,34847,10
13.0361299515,80.2123565674,34847,34857,10
13.035900116,80.2123413086,34857,34867,10
13.0356903076,80.2123413086,34867,34877,10
13.0353002548,80.2123184204,34877,34914,37
13.0353002548,80.2123184204,34914,34926,12
13.0348596573,80.2122268677,34926,34936,10
13.0346403122,80.2121810913,34936,34946,10
13.0342302322,80.2121124268,34946,34976,30
13.0342302322,80.2121124268,34976,34986,10
13.0340795517,80.2120437622,34986,34996,10
13.033829689,80.2120132446,34996,35007,11
13.0333995819,80.2118988037,35007,35017,10
13.0327196121,80.2117919922,35017,35027,10
13.0320997238,80.2116775513,35027,35037,10
13.0320301056,80.2112197876,35037,35047,10
13.032119751,80.2104568481,35047,35057,10
13.0322504044,80.2098007202,35057,35066,9
13.0326404572,80.2097625732,35066,35077,11
13.0334100723,80.2098770142,35077,35086,9
13.0339097977,80.2099075317,35086,35097,11
13.0347204208,80.2099914551,35097,35107,10
13.0351400375,80.2096786499,35107,35118,11
13.0352602005,80.208656311,35118,35138,20
13.0352602005,80.208656311,35138,35148,10
13.0353403091,80.2083129883,35148,35158,10
13.0354299545,80.2080001831,35158,35168,10
13.0356702805,80.2079925537,35168,35178,10
13.0361700058,80.2080764771,35178,35188,10
13.0369300842,80.2081985474,35188,35198,10
13.0375699997,80.2082977295,35198,35208,10
13.0383195877,80.2084197998,35208,35218,10
13.0385503769,80.2084579468,35218,35229,11
13.0388402939,80.2085189819,35229,35239,10
13.039440155,80.2085800171,35239,35249,10
13.0401201248,80.2087020874,35249,35259,10
13.0409402847,80.2088088989,35259,35269,10
13.041680336,80.2089309692,35269,35279,10
13.0423898697,80.2090377808,35279,35289,10
13.0431499481,80.2091369629,35289,35299,10
13.0438899994,80.2092208862,35299,35309,10
13.0440998077,80.2090301514,35309,35319,10
13.0441102982,80.2088165283,35319,35329,10
13.0441198349,80.2085876465,35329,35340,11
13.0440797806,80.2078933716,35340,35350,10
13.0437602997,80.2071380615,35350,35360,10
13.0432195663,80.2063674927,35360,35370,10
13.0426197052,80.205619812,35370,35380,10
13.041970253,80.205291748,35380,35390,10
13.0408401489,80.205116272,35390,35410,20
13.0408401489,80.205116272,35410,35420,10
13.0405302048,80.205078125,35420,35430,10
13.0399398804,80.2049789429,35430,35440,10
13.0395402908,80.2049407959,35440,35451,11
13.0392503738,80.2048873901,35451,35461,10
13.0386295319,80.2048034668,35461,35471,10
13.0382204056,80.2047195435,35471,35481,10
13.0381698608,80.2044525146,35481,35491,10
13.0382299423,80.2038803101,35491,35501,10
13.0383396149,80.203086853,35501,35511,10
13.0384502411,80.2023620605,35511,35521,10
13.0385198593,80.201789856,35521,35522,1
13.0385303497,80.2017669678,35522,35562,40
13.0388002396,80.1998596191,35562,35572,10
13.0389099121,80.1991577148,35572,35582,10
13.0389299393,80.1990585327,35582,35592,10
13.0389995575,80.1985778809,35592,35602,10
13.0391101837,80.1978225708,35602,35612,10
13.0392303467,80.1970596313,35612,35622,10
13.0392599106,80.1968307495,35622,35632,10
13.0393104553,80.1965103149,35632,35643,11
13.0393600464,80.1959228516,35643,35659,16
13.0395803452,80.1945800781,35659,35669,10
13.0397195816,80.1936264038,35669,35680,11
13.0397596359,80.1930999756,35680,35690,10
13.039730072,80.1930389404,35690,35700,10
13.039349556,80.1929931641,35700,35710,10
13.0387601852,80.1928710938,35710,35720,10
13.0386600494,80.1928634644,35720,35730,10
13.0385599136,80.1928329468,35730,35740,10
13.0382404327,80.1928024292,35740,35750,10
13.0378103256,80.1928710938,35750,35760,10
13.0376195908,80.1935195923,35760,35770,10
13.0374803543,80.1944274902,35770,35781,11
13.0373096466,80.1955032349,35781,35791,10
13.0372600555,80.1959686279,35791,35811,20
13.0372600555,80.1959686279,35811,35821,10
13.0371904373,80.1964111328,35821,35831,10
13.0370903015,80.1971282959,35831,35841,10
13.036939621,80.1980133057,35841,35851,10
13.036860466,80.1986312866,35851,35881,30
13.036860466,80.1986312866,35881,35892,11
13.0368003845,80.198928833,35892,35902,10
13.0367097855,80.199546814,35902,35912,10
13.0365896225,80.2004165649,35912,35922,10
13.0364599228,80.2012329102,35922,35932,10
13.0363798141,80.2016220093,35932,35942,10
13.0362796783,80.2023086548,35942,35952,10
13.0361299515,80.2033081055,35952,35962,10
13.0360603333,80.2040176392,35962,35972,10
13.0360002518,80.2045211792,35972,35982,10
13.035900116,80.205078125,35982,35992,10
13.0358400345,80.2054595947,35992,36002,10
13.0357599258,80.2059402466,36002,36013,11
13.0355997086,80.2060394287,36013,36023,10
13.0353603363,80.2059783936,36023,36033,10
13.0353002548,80.205947876,36033,36043,10
13.0352697372,80.2056427002,36043,37334,1291
13.0352602005,80.2056503296,37334,37819,485
13.0352697372,80.2055435181,37819,39302,1483
13.035320282,80.205619812,39302,39463,161
13.0353002548,80.2056732178,39463,39746,283
13.0353002548,80.2056732178,39746,39756,10
13.0355396271,80.2056121826,39756,39867,111
13.0353603363,80.2056121826,39867,40321,454
13.0355300903,80.205581665,40321,40361,40
13.0354204178,80.2055511475,40361,40976,615
13.0351800919,80.2055206299,40976,41666,690
13.0352497101,80.2056503296,41666,55501,13835
13.0352497101,80.2056503296,55501,55511,10
13.0353002548,80.205581665,55511,55521,10
13.0353803635,80.2053222656,55521,55541,20
13.0355300903,80.2052612305,55541,55572,31
13.0355300903,80.2052612305,55572,55582,10
13.0357503891,80.2051391602,55582,55592,10
13.0358400345,80.2047805786,55592,55602,10
13.0359201431,80.2042617798,55602,55612,10
13.0360498428,80.2035217285,55612,55622,10
13.0361700058,80.202796936,55622,55632,10
13.036239624,80.2021331787,55632,55642,10
13.0362901688,80.2015762329,55642,55652,10
13.0362901688,80.2015533447,55652,55662,10
13.0363101959,80.2013320923,55662,55672,10
13.0363798141,80.2009506226,55672,55683,11
13.0365200043,80.2002182007,55683,55693,10
13.0366401672,80.1993408203,55693,55703,10
13.0367498398,80.1985473633,55703,55713,10
13.0367698669,80.198387146,55713,55723,10
13.0368404388,80.1981201172,55723,55733,10
13.0368995667,80.1976165771,55733,55743,10
13.0369701385,80.1971435547,55743,55753,10
13.0370597839,80.1964797974,55753,55783,30
13.0370597839,80.1964797974,55783,55793,10
13.0371303558,80.1961364746,55793,55804,11
13.037229538,80.1954803467,55804,55814,10
13.0373497009,80.1946411133,55814,55824,10
13.0374097824,80.1941223145,55824,55834,10
13.0375003815,80.1934967041,55834,55844,10
13.0376195908,80.1928482056,55844,55854,10
13.0380001068,80.1927490234,55854,55864,10
13.0387802124,80.1928787231,55864,55894,30
13.0387802124,80.1928787231,55894,55905,11
13.0392599106,80.1929397583,55905,55915,10
13.0395698547,80.1929779053,55915,55925,10
13.0396900177,80.1929931641,55925,55935,10
13.0400896072,80.1930770874,55935,55945,10
13.0406398773,80.1931762695,55945,55955,10
13.0411500931,80.1932907104,55955,55965,10
13.0415401459,80.1934204102,55965,55975,10
13.0416202545,80.1938705444,55975,55985,10
13.0416498184,80.1939086914,55985,55995,10
13.0416402817,80.1942520142,55995,56005,10
13.0415802002,80.1948776245,56005,56016,11
13.0415296555,80.1954116821,56016,56026,10
13.0414400101,80.1959762573,56026,56036,10
13.0413599014,80.1965179443,56036,56046,10
13.0413198471,80.1967315674,56046,56056,10
13.0413198471,80.1968078613,56056,56066,10
13.0412797928,80.1972198486,56066,56076,10
13.0411596298,80.1979904175,56076,56086,10
13.0410404205,80.1987762451,56086,56096,10
13.0409803391,80.199180603,56096,56106,10
13.0409603119,80.199256897,56106,56116,10
13.0409202576,80.1996383667,56116,56127,11
13.0408296585,80.2004165649,56127,56136,9
13.0407400131,80.2011413574,56136,56147,11
13.0406198502,80.2018432617,56147,56157,10
13.0405502319,80.2022781372,56157,56167,10
13.0404500961,80.2030029297,56167,56177,10
13.0403699875,80.2037811279,56177,56187,10
13.0402498245,80.2045593262,56187,56197,10
13.0402603149,80.2049636841,56197,56207,10
13.0407896042,80.2050704956,56207,56217,10
13.041179657,80.2051391602,56217,56227,10
13.0412797928,80.2051620483,56227,56238,11
13.0417804718,80.2052307129,56238,56248,10
13.0424404144,80.2053604126,56248,56258,10
13.0427398682,80.2056884766,56258,56268,10
13.0431604385,80.2063217163,56268,56278,10
13.043680191,80.2070236206,56278,56288,10
13.0440301895,80.2077178955,56288,56298,10
13.0441598892,80.2089691162,56298,56328,30
13.0441598892,80.2089691162,56328,56338,10
13.0441598892,80.2092132568,56338,56348,10
13.0441198349,80.2092590332,56348,56359,11
13.0439796448,80.2092971802,56359,56369,10
13.0435199738,80.2092208862,56369,56385,16
13.0423002243,80.2090301514,56385,56397,12
13.041560173,80.2089614868,56397,56407,10
13.0415296555,80.208946228,56407,56417,10
13.0410299301,80.2088623047,56417,56426,9
13.0404596329,80.208770752,56426,56437,11
13.0395698547,80.2086410522,56437,56447,10
13.0390996933,80.2085800171,56447,56457,10
13.0388402939,80.2085494995,56457,56467,10
13.0387201309,80.2085113525,56467,56478,11
13.0382204056,80.2084197998,56478,56488,10
13.0375404358,80.2083435059,56488,56498,10
13.0369901657,80.2082519531,56498,56508,10
13.0361995697,80.2081222534,56508,56518,10
13.0356197357,80.2080383301,56518,56528,10
13.0354299545,80.2084503174,56528,56548,20
13.0354299545,80.2084503174,56548,56558,10
13.0353403091,80.2088012695,56558,56568,10
13.0352401733,80.2094268799,56568,56579,11
13.0350999832,80.2102584839,56579,56589,10
13.0349502563,80.2107925415,56589,56599,10
13.0349397659,80.2112731934,56599,56629,30
13.0349397659,80.2112731934,56629,56639,10
13.0348901749,80.2116394043,56639,56649,10
13.0348997116,80.2121429443,56649,56659,10
13.0354995728,80.2122573853,56659,56669,10
13.0362596512,80.2122879028,56669,56679,10
13.0369501114,80.2123031616,56679,56690,11
13.0373802185,80.2124328613,56690,56700,10
13.0374002457,80.2129516602,56700,56710,10
13.0377597809,80.2132034302,56710,56720,10
13.0383300781,80.2136001587,56720,56730,10
13.0389204025,80.2139663696,56730,56740,10
13.0390100479,80.214050293,56740,56750,10
13.0390396118,80.2141265869,56750,56760,10
13.0393695831,80.2143783569,56760,56770,10
13.0398902893,80.2147216797,56770,56780,10
13.0405197144,80.2151489258,56780,56790,10
13.0414199829,80.2157363892,56790,56821,31
13.0414199829,80.2157363892,56821,56831,10
13.0417299271,80.2159729004,56831,56841,10
13.0421304703,80.2162094116,56841,56851,10
13.0421495438,80.2162399292,56851,56861,10
13.0421895981,80.2163009644,56861,56871,10
13.0424804688,80.216506958,56871,56881,10
13.0430002213,80.2168807983,56881,56891,10
13.0433797836,80.2171096802,56891,56912,21
13.0433797836,80.2171096802,56912,56922,10
13.0435199738,80.2171783447,56922,56932,10
13.0438995361,80.2174682617,56932,56942,10
13.0444898605,80.2178878784,56942,56952,10
13.0450801849,80.2182998657,56952,56962,10
13.0457296371,80.21849823,56962,56972,10
13.0464200974,80.2186813354,56972,56982,10
13.0466003418,80.2187423706,56982,56992,10
13.0470104218,80.2188568115,56992,57012,20
13.0470104218,80.2188568115,57012,57023,11
13.0474395752,80.2189712524,57023,57033,10
13.0480899811,80.2191619873,57033,57043,10
13.0488004684,80.2193374634,57043,57053,10
13.0494403839,80.2195205688,57053,57069,16
13.0507497787,80.219871521,57069,57081,12
13.0515298843,80.2201309204,57081,57091,10
13.0521097183,80.2200775146,57091,57120,29
13.0521097183,80.2200775146,57120,57131,11
13.0524101257,80.2202529907,57131,57142,11
13.0525302887,80.2207794189,57142,57152,10
13.0527095795,80.221496582,57152,57162,10
13.0528802872,80.2221679688,57162,57172,10
13.0530996323,80.2229232788,57172,57182,10
13.0532903671,80.2235794067,57182,57192,10
13.0533704758,80.2239074707,57192,57202,10
13.0534095764,80.2242279053,57202,57212,10
13.0535202026,80.2247924805,57212,57222,10
13.0536804199,80.2255630493,57222,57232,10
13.0537996292,80.2261428833,57232,57243,11
13.0538196564,80.2263031006,57243,57253,10
13.0537996292,80.2264404297,57253,57263,10
13.0538597107,80.2268981934,57263,57273,10
13.0539302826,80.2274169922,57273,57283,10
13.054019928,80.2279586792,57283,57293,10
13.0540504456,80.2283782959,57293,57302,9
13.0540895462,80.2287902832,57302,57312,10
13.0541200638,80.2291183472,57312,57322,10
13.0541400909,80.2293395996,57322,57333,11
13.0541601181,80.2297897339,57333,57343,10
13.0541801453,80.2302398682,57343,57353,10
13.0541801453,80.230506897,57353,57364,11
13.0540103912,80.2306365967,57364,57374,10
13.0535802841,80.2306213379,57374,57384,10
13.052980423,80.2305374146,57384,57393,9
13.0522298813,80.2304382324,57393,57414,21
13.0522298813,80.2304382324,57414,57424,10
13.0519895554,80.2303771973,57424,57434,10
13.0519599915,80.2303771973,57434,57444,10
13.0516996384,80.2303314209,57444,57454,10
13.0511798859,80.2302627563,57454,57464,10
13.0510396957,80.2302322388,57464,57475,11
13.0507602692,80.23021698,57475,57485,10
13.0502901077,80.230140686,57485,57495,10
13.0498399734,80.2301101685,57495,57505,10
13.0493602753,80.2301025391,57505,57515,10
13.0488901138,80.2300872803,57515,57525,10
13.0484199524,80.2300720215,57525,57534,9
13.0480298996,80.2301864624,57534,57544,10
13.0476903915,80.2306518555,57544,57555,11
13.0475702286,80.2315979004,57555,57565,10
13.0474700928,80.2323608398,57565,57575,10
13.0474004745,80.2329788208,57575,57586,11
13.0477800369,80.2330932617,57586,57596,10
13.0483798981,80.2332077026,57596,57606,10
13.0488595963,80.2333221436,57606,57616,10
13.0491895676,80.2334213257,57616,57625,9
13.0494699478,80.2334976196,57625,57636,11
13.0498399734,80.2335891724,57636,57646,10
13.050160408,80.2336502075,57646,57656,10
13.0505199432,80.2337417603,57656,57666,10
13.0509004593,80.2338027954,57666,57676,10
13.0515098572,80.2339401245,57676,57686,10
13.0521402359,80.2340774536,57686,57697,11
13.0530195236,80.2343215942,57697,57707,10
13.0536003113,80.2344818115,57707,57717,10
13.0537595749,80.2346420288,57717,57727,10
13.0536603928,80.2351226807,57727,57737,10
13.0536203384,80.2353363037,57737,57747,10
13.0535802841,80.2355804443,57747,57757,10
13.0535297394,80.2358322144,57757,57767,10
13.0534696579,80.2361831665,57767,57777,10
13.0534000397,80.2365570068,57777,57787,10
13.0533504486,80.2368927002,57787,57797,10
13.0533504486,80.2369003296,57797,57808,11
13.0532798767,80.2372283936,57808,57818,10
13.0532302856,80.2375564575,57818,57828,10
13.0531702042,80.2379379272,57828,57837,9
13.0530500412,80.2384872437,57837,57848,11
13.0528898239,80.2392578125,57848,57858,10
13.0526800156,80.2402191162,57858,57868,10
13.0525503159,80.2408065796,57868,57969,101
13.0525503159,80.2408065796,57969,57979,10
13.0525302887,80.2410430908,57979,57989,10
13.0525999069,80.2414779663,57989,57999,10
13.0531396866,80.241859436,57999,58009,10
13.0535697937,80.2420730591,58009,58019,10
13.0535802841,80.2420730591,58019,58030,11
13.0538396835,80.2421875,58030,58040,10
13.0544300079,80.2423095703,58040,58050,10
13.0552196503,80.2422180176,58050,58060,10
13.0559997559,80.2423706055,58060,58070,10
13.0563898087,80.2425537109,58070,58080,10
13.0565004349,80.2425765991,58080,58090,10
13.0565795898,80.2425765991,58090,58100,10
13.0569601059,80.2426681519,58100,58110,10
13.057390213,80.2427978516,58110,58120,10
13.0577001572,80.2427825928,58120,58130,10
13.0578298569,80.242767334,58130,58141,11
13.058380127,80.2426834106,58141,58151,10
13.0590801239,80.2425613403,58151,58161,10
13.0594596863,80.2425613403,58161,58171,10
13.0601196289,80.2427597046,58171,58181,10
13.0606203079,80.2429199219,58181,58191,10
13.0611600876,80.2430496216,58191,58201,10
13.0614595413,80.2431182861,58201,58211,10
13.061630249,80.2431564331,58211,58221,10
13.0619697571,80.2432403564,58221,58231,10
13.0620203018,80.2432403564,58231,58241,10
13.0623998642,80.2433166504,58241,58251,10
13.06291008,80.2434234619,58251,58262,11
13.0634899139,80.2434997559,58262,58272,10
13.0638999939,80.2434997559,58272,58282,10
13.0640602112,80.2435073853,58282,58292,10
13.0642004013,80.2435302734,58292,58302,10
13.0644598007,80.243560791,58302,58312,10
13.0650196075,80.2436065674,58312,58322,10
13.0657997131,80.243637085,58322,58332,10
13.0660800934,80.2440872192,58332,58342,10
13.0662097931,80.2449035645,58342,58352,10
13.0663900375,80.2457504272,58352,58363,11
13.0670604706,80.2461776733,58363,58373,10
13.0678100586,80.2466201782,58373,58383,10
13.0679197311,80.2474365234,58383,58393,10
13.0678596497,80.248260498,58393,58403,10
13.0678596497,80.2483596802,58403,58413,10
13.0678195953,80.2486190796,58413,58423,10
13.0677204132,80.2491989136,58423,58433,10
13.067609787,80.2498931885,58433,58443,10
13.067440033,80.2508010864,58443,58453,10
13.0673999786,80.251121521,58453,58463,10
13.0673503876,80.2514190674,58463,58473,10
13.0674295425,80.2520599365,58473,58484,11
13.0680904388,80.2525024414,58484,58494,10
13.0680799484,80.2531433105,58494,58504,10
13.0675001144,80.2536315918,58504,58514,10
13.0673999786,80.2537002563,58514,58524,10
13.06731987,80.2537612915,58524,58534,10
13.0669202805,80.2540817261,58534,58544,10
13.0669698715,80.2544021606,58544,58554,10
13.06731987,80.254737854,58554,58564,10
13.0676803589,80.2550201416,58564,58574,10
13.0677604675,80.2551116943,58574,58585,11
13.0680999756,80.2554931641,58585,58595,10
13.0685796738,80.2559661865,58595,58605,10
13.0691003799,80.2565002441,58605,58614,9
13.0695800781,80.2569885254,58614,58625,11
13.0702495575,80.2576904297,58625,58635,10
13.0707902908,80.2582778931,58635,58644,9
13.0711803436,80.2586975098,58644,58655,11
13.0715303421,80.2590789795,58655,58675,20
13.0715303421,80.2590789795,58675,58685,10
13.0716600418,80.2592773438,58685,58696,11
13.0720396042,80.2596511841,58696,58706,10
13.0725002289,80.2601699829,58706,58716,10
13.0730104446,80.2607269287,58716,58725,9
13.0733003616,80.2608184814,58725,58736,11
13.0734100342,80.2612991333,58736,58746,10
13.0738601685,80.2617797852,58746,58756,10
13.0739402771,80.2618865967,58756,58766,10
13.0739898682,80.2619476318,58766,58776,10
13.0742797852,80.2623062134,58776,58786,10
13.0747299194,80.2628631592,58786,58796,10
13.0752096176,80.2635116577,58796,58807,11
13.0756902695,80.2641677856,58807,58817,10
13.076259613,80.2642364502,58817,58827,10
13.0769195557,80.2641677856,58827,58837,10
13.0773897171,80.2640533447,58837,58847,10
13.0778903961,80.2636489868,58847,58863,16
13.0783195496,80.2637405396,58863,58885,22
13.0783195496,80.2637405396,58885,58895,10
13.0783596039,80.2640228271,58895,58905,10
13.0784502029,80.2644882202,58905,58915,10
13.0785598755,80.2650375366,58915,58926,11
13.0789203644,80.2653427124,58926,58936,10
13.0796003342,80.2652435303,58936,58946,10
13.0804300308,80.2651062012,58946,58976,30
13.0804300308,80.2651062012,58976,58986,10
13.0805196762,80.2650680542,58986,58996,10
13.0807800293,80.2652664185,58996,59007,11
13.0807504654,80.2659301758,59007,59017,10
13.0807304382,80.2667236328,59017,59028,11
13.0807199478,80.267539978,59028,59038,10
13.080739975,80.2684783936,59038,59068,30
13.080739975,80.2684783936,59068,59078,10
13.0807504654,80.2686462402,59078,59088,10
13.0807504654,80.2689819336,59088,59098,10
13.0807600021,80.26927948,59098,59108,10
13.0807800293,80.2695083618,59108,59118,10
13.0807695389,80.26978302,59118,59179,61
13.0807695389,80.26978302,59179,59189,10
13.080789566,80.2701873779,59189,59199,10
13.0808200836,80.2706069946,59199,59209,10
13.0810003281,80.2711181641,59209,59219,10
13.0813598633,80.2715530396,59219,59229,10
13.0815000534,80.2722015381,59229,59239,10
13.0815896988,80.2726821899,59239,59250,11
13.081580162,80.2727584839,59250,59260,10
13.0815296173,80.272857666,59260,59270,10
13.081489563,80.2729187012,59270,59280,10
13.0814599991,80.2729721069,59280,59290,10
13.0814304352,80.2731323242,59290,59300,10
13.0814504623,80.2732772827,59300,59310,10
13.0815000534,80.2735366821,59310,59340,30
13.0815696716,80.2738037109,59340,59361,21
13.0815696716,80.2738037109,59361,59372,11
13.0816602707,80.2738800049,59372,59382,10
13.0819396973,80.2741165161,59382,59392,10
13.0820503235,80.2749481201,59392,59452,60
13.0820503235,80.2749481201,59452,59462,10
13.0820598602,80.2751617432,59462,59472,10
13.0820903778,80.2753601074,59472,59483,11
13.082159996,80.2757492065,59483,59493,10
13.0819301605,80.2760467529,59493,59503,10
13.081870079,80.2762527466,59503,59513,10
13.0819396973,80.276802063,59513,59523,10
13.0820198059,80.2776412964,59523,59533,10
13.0821304321,80.2781295776,59533,59543,10
13.0821504593,80.2781829834,59543,59553,10
13.0821800232,80.2785873413,59553,59562,9
13.0821800232,80.2790679932,59562,59572,10
13.0822296143,80.2798461914,59572,59583,11
13.0823402405,80.2809295654,59583,59594,11
13.0824298859,80.2818069458,59594,59604,10
13.0831203461,80.2822799683,59604,59614,10
13.0840797424,80.2828598022,59614,59624,10
13.0848503113,80.2834777832,59624,59634,10
13.0853595734,80.2837524414,59634,59664,30
13.0853595734,80.2837524414,59664,59674,10
13.0854597092,80.2836380005,59674,59684,10
13.0857696533,80.2835769653,59684,59694,10
13.0860996246,80.2835922241,59694,59705,11
13.0864295959,80.2836914063,59705,59715,10
13.0866804123,80.2837600708,59715,59725,10
13.0870199203,80.2837295532,59725,59735,10
13.0873003006,80.2837295532,59735,59745,10
13.0874700546,80.2837371826,59745,59755,10
13.0876398087,80.283821106,59755,59876,121
13.0876903534,80.2838516235,59876,60189,313
13.0876903534,80.2837982178,60189,60249,60
13.0876903534,80.2837982178,60249,60260,11
13.0878696442,80.2836380005,60260,60280,20
13.0878696442,80.2836380005,60280,60290,10
13.0882101059,80.2835464478,60290,60320,30
13.0882101059,80.2835464478,60320,60330,10
13.0882997513,80.2832794189,60330,60340,10
13.0882997513,80.2828598022,60340,60350,10
13.0882997513,80.2825012207,60350,60360,10
13.088259697,80.2822036743,60360,60371,11
13.0881795883,80.2818984985,60371,60381,10
13.0879802704,80.281539917,60381,60391,10
13.0875997543,80.2814025879,60391,60401,10
13.0869598389,80.2812194824,60401,60411,10
13.0862798691,80.2810134888,60411,60421,10
13.0858201981,80.2808685303,60421,60431,10
13.0856599808,80.2804870605,60431,60441,10
13.0855102539,80.279876709,60441,60451,10
13.0850696564,80.2794189453,60451,60461,10
13.0844697952,80.279258728,60461,60471,10
13.0840902328,80.2791900635,60471,60482,11
13.0833501816,80.2789916992,60482,60492,10
13.0824203491,80.2786483765,60492,60522,30
13.0824203491,80.2786483765,60522,60532,10
13.0823698044,80.2786636353,60532,60542,10
13.082159996,80.2785568237,60542,60552,10
13.0819101334,80.2781677246,60552,60562,10
13.081870079,80.2776031494,60562,60572,10
13.0818195343,80.2772293091,60572,60582,10
13.0818195343,80.2772216797,60582,60593,11
13.0818195343,80.2769927979,60593,60603,10
13.0818195343,80.2767791748,60603,60613,10
13.0818004608,80.2767562866,60613,60623,10
13.0817604065,80.2765808105,60623,60714,91
13.0817604065,80.2765808105,60714,60724,10
13.0817499161,80.2763977051,60724,60734,10
13.0816602707,80.2760162354,60734,60744,10
13.081609726,80.2757568359,60744,60754,10
13.0815601349,80.2753601074,60754,60764,10
13.0815496445,80.2751235962,60764,60774,10
13.0815200806,80.2749404907,60774,60784,10
13.0815000534,80.274772644,60784,60794,10
13.0814599991,80.2744674683,60794,60804,10
13.0814399719,80.2741928101,60804,60815,11
13.0814304352,80.2740402222,60815,60825,10
13.081410408,80.2736434937,60825,60835,10
13.0812997818,80.273109436,60835,60845,10
13.0812997818,80.2729568481,60845,60855,10
13.081410408,80.2727432251,60855,60865,10
13.0814504623,80.2724304199,60865,60875,10
13.0813302994,80.2718276978,60875,60885,10
13.0811004639,80.2713470459,60885,60895,10
13.0808200836,80.2709503174,60895,60905,10
13.080739975,80.2702865601,60905,60915,10
13.0807304382,80.2694320679,60915,60926,11
13.0807199478,80.2682571411,60926,60936,10
13.0806798935,80.2672576904,60936,60946,10
13.0806798935,80.2662277222,60946,60956,10
13.0806598663,80.2654571533,60956,60996,40
13.0806598663,80.2654571533,60996,61006,10
13.080499649,80.2651901245,61006,61016,10
13.0800800323,80.2652511597,61016,61026,10
13.0796098709,80.265296936,61026,61035,9
13.0787496567,80.2654266357,61035,61057,22
13.0787496567,80.2654266357,61057,61067,10
13.0786895752,80.2654418945,61067,61077,10
13.078499794,80.2650680542,61077,61087,10
13.0783500671,80.2642669678,61087,61097,10
13.0781602859,80.2635803223,61097,61107,10
13.0778398514,80.2636413574,61107,61117,10
13.0778102875,80.263671875,61117,61127,10
13.0776996613,80.2637481689,61127,61137,10
13.077340126,80.2640228271,61137,61148,11
13.0767202377,80.2641677856,61148,61158,10
13.0761604309,80.2642593384,61158,61168,10
13.0757799149,80.264289856,61168,61178,10
13.0757102966,80.2642822266,61178,61188,10
13.0754404068,80.263923645,61188,61198,10
13.0749902725,80.2632827759,61198,61207,9
13.0746097565,80.2627868652,61207,61218,11
13.0742101669,80.2623291016,61218,61228,10
13.0737600327,80.2618408203,61228,61238,10
13.0736303329,80.261680603,61238,61248,10
13.0733098984,80.2614364624,61248,61258,10
13.0730695724,80.2612533569,61258,61269,11
13.0730400085,80.260887146,61269,61279,10
13.0726900101,80.2604522705,61279,61289,10
13.072259903,80.2599563599,61289,61299,10
13.0719003677,80.2595672607,61299,61309,10
13.0718603134,80.2595367432,61309,61319,10
13.0717401505,80.2593994141,61319,61329,10
13.0714101791,80.2590484619,61329,61339,10
13.0709199905,80.2585220337,61339,61349,10
13.0704097748,80.2579803467,61349,61359,10
13.0699195862,80.2574386597,61359,61369,10
13.069439888,80.256942749,61369,61380,11
13.0687303543,80.256187439,61380,61390,10
13.0680999756,80.255531311,61390,61400,10
13.0675001144,80.2549972534,61400,61410,10
13.0670795441,80.2546005249,61410,61420,10
13.0667896271,80.254119873,61420,61430,10
13.0671195984,80.2537994385,61430,61440,10
13.0671596527,80.2537612915,61440,61450,10
13.0672197342,80.2537078857,61450,61460,10
13.0675497055,80.2534637451,61460,61470,10
13.068110466,80.2529678345,61470,61480,10
13.0679597855,80.2525024414,61480,61490,10
13.0673398972,80.2520980835,61490,61501,11
13.0672597885,80.2515487671,61501,61511,10
13.0674104691,80.2508010864,61511,61521,10
13.0675001144,80.2503128052,61521,61531,10
13.0675296783,80.2502212524,61531,61541,10
13.0676002502,80.2497711182,61541,61551,10
13.0676403046,80.2494812012,61551,61561,10
13.0676498413,80.249382019,61561,61571,10
13.0677404404,80.2489395142,61571,61581,10
13.0678100586,80.2482070923,61581,61591,10
13.0673103333,80.2479476929,61591,61602,11
13.0666503906,80.2479171753,61602,61612,10
13.0665998459,80.2479171753,61612,61622,10
13.0662403107,80.2478790283,61622,61632,10
13.0655298233,80.2478179932,61632,61642,10
13.0646800995,80.2477493286,61642,61652,10
13.0637998581,80.2476730347,61652,61661,9
13.0630598068,80.2476501465,61661,61672,11
13.0622396469,80.2476272583,61672,61682,10
13.0615997314,80.2474212646,61682,61692,10
13.0613098145,80.2470321655,61692,61702,10
13.0616102219,80.246673584,61702,61713,11
13.0618600845,80.2461624146,61713,61723,10
13.0619802475,80.2455368042,61723,61733,10
13.062379837,80.2449798584,61733,61743,10
13.0627698898,80.2447433472,61743,61753,10
13.0630702972,80.2444000244,61753,61763,10
13.0630903244,80.2443771362,61763,61773,10
13.0632400513,80.2441635132,61773,61783,10
13.0634498596,80.2436218262,61783,61793,10
13.0629901886,80.2434234619,61793,61803,10
13.0623502731,80.2433166504,61803,61813,10
13.0619001389,80.2432174683,61813,61824,11
13.0614299774,80.2431411743,61824,61834,10
13.0612096786,80.2431030273,61834,61844,10
13.0607204437,80.2429580688,61844,61854,10
13.0602197647,80.242767334,61854,61864,10
13.0597801208,80.2426376343,61864,61874,10
13.0593395233,80.2425231934,61874,61884,10
13.0589199066,80.2425765991,61884,61894,10
13.0587596893,80.2426071167,61894,61904,10
13.0584897995,80.2426834106,61904,61914,10
13.0579795837,80.2427597046,61914,61924,10
13.0572299957,80.2428436279,61924,61935,11
13.0566797256,80.2426986694,61935,61945,10
13.0563297272,80.2425689697,61945,61955,10
13.0559301376,80.2423400879,61955,61965,10
13.0553398132,80.2422790527,61965,61975,10
13.0546302795,80.2424087524,61975,61985,10
13.0540599823,80.2423400879,61985,61995,10
13.0539999008,80.2423400879,61995,62005,10
13.0537900925,80.2423019409,62005,62015,10
13.0537204742,80.2422714233,62015,62025,10
13.0536899567,80.2422866821,62025,62035,10
13.053440094,80.2421188354,62035,62045,10
13.0530004501,80.241897583,62045,62062,17
13.0523300171,80.2414321899,62062,62074,12
13.0520401001,80.2408981323,62074,62084,10
13.0517997742,80.240737915,62084,62094,10
13.0514602661,80.2406387329,62094,62104,10
13.051320076,80.2406234741,62104,62113,9
13.0510396957,80.2405700684,62113,62123,10
13.0509195328,80.240562439,62123,62135,12
13.0502700806,80.2404174805,62135,62145,10
13.049659729,80.2402877808,62145,62155,10
13.0491104126,80.2401504517,62155,62166,11
13.0483198166,80.2399597168,62166,62175,9
13.0476703644,80.2398529053,62175,62186,11
13.046959877,80.2397003174,62186,62195,9
13.0464200974,80.2395935059,62195,62206,11
13.046210289,80.2394104004,62206,62216,10
13.0463600159,80.2390213013,62216,62226,10
13.0464696884,80.2384796143,62226,62236,10
13.0465402603,80.2381210327,62236,62246,10
13.0466499329,80.2376327515,62246,62256,10
13.0467996597,80.236869812,62256,62266,10
13.0469198227,80.2363433838,62266,62277,11
13.0469799042,80.2359695435,62277,62287,10
13.0470104218,80.2358016968,62287,62297,10
13.0470399857,80.2355880737,62297,62307,10
13.0471000671,80.2351303101,62307,62317,10
13.0471897125,80.2344665527,62317,62327,10
13.047249794,80.2339477539,62327,62337,10
13.0472898483,80.2336502075,62337,62347,10
13.0473203659,80.2332763672,62347,62357,10
13.0473804474,80.2328491211,62357,62367,10
13.0474996567,80.2321166992,62367,62377,10
13.0475797653,80.2314605713,62377,62388,11
13.0476503372,80.2308502197,62388,62398,10
13.0476102829,80.2303466797,62398,62408,10
13.0472698212,80.2299118042,62408,62418,10
13.0465402603,80.2297973633,62418,62428,10
13.0458297729,80.2296905518,62428,62438,10
13.0451402664,80.2295532227,62438,62448,10
13.0447597504,80.2294769287,62448,62458,10
13.0445203781,80.2294082642,62458,62468,10
13.0440998077,80.2292785645,62468,62478,10
13.0438804626,80.229133606,62478,62488,10
13.0439996719,80.2286834717,62488,62499,11
13.0442304611,80.2279205322,62499,62509,10
13.0444002151,80.2272796631,62509,62519,10
13.0445995331,80.2265777588,62519,62529,10
13.0447397232,80.2260665894,62529,62559,30
13.0447397232,80.2260665894,62559,62569,10
13.0449304581,80.2257232666,62569,62579,10
13.04529953,80.2258224487,62579,62589,10
13.0458602905,80.2259902954,62589,62599,10
13.0460700989,80.22605896,62599,62616,17
13.0469398499,80.226348877,62616,62628,12
13.0478200912,80.2266387939,62628,62638,10
13.0485200882,80.2268600464,62638,62648,10
13.0492200851,80.2269821167,62648,62658,10
13.0499296188,80.2270889282,62658,62668,10
13.0506696701,80.2272567749,62668,62678,10
13.0512599945,80.2273483276,62678,62688,10
13.0518703461,80.2274932861,62688,62698,10
13.052280426,80.2275695801,62698,62708,10
13.052740097,80.2276687622,62708,62718,10
13.0531797409,80.2277832031,62718,62729,11
13.0537796021,80.2278366089,62729,62739,10
13.0538902283,80.2276000977,62739,62757,18
13.053899765,80.2273406982,62757,62769,12
13.053850174,80.2267379761,62769,62778,9
13.0537796021,80.2261276245,62778,62789,11
13.0535697937,80.225112915,62789,62799,10
13.0534000397,80.224357605,62799,62890,91
13.0534000397,80.224357605,62890,62900,10
13.0534200668,80.2241897583,62900,62910,10
13.0533399582,80.2238006592,62910,62920,10
13.0532302856,80.2232894897,62920,62930,10
13.0530996323,80.2227706909,62930,62941,11
13.0529203415,80.2221679688,62941,62951,10
13.0527000427,80.2214736938,62951,62961,10
13.0524902344,80.2206192017,62961,63011,50
13.0524902344,80.2206192017,63011,63021,10
13.0522403717,80.2203369141,63021,63031,10
13.0518102646,80.2202835083,63031,63051,20
13.0518102646,80.2202835083,63051,63062,11
13.051440239,80.220161438,63062,63072,10
13.0508403778,80.2199630737,63072,63082,10
13.0500602722,80.2197265625,63082,63092,10
13.0492801666,80.2194976807,63092,63102,10
13.0486097336,80.2192993164,63102,63112,10
13.04804039,80.2191467285,63112,63122,10
13.0474596024,80.21900177,63122,63132,10
13.0468301773,80.2188415527,63132,63142,10
13.0465803146,80.21875,63142,63152,10
13.0464897156,80.2187271118,63152,63163,11
13.0460996628,80.2185897827,63163,63173,10
13.0454702377,80.218421936,63173,63183,10
13.0451002121,80.2182998657,63183,63193,10
13.044839859,80.2181472778,63193,63203,10
13.0443000793,80.2178115845,63203,63213,10
13.0438404083,80.2175369263,63213,63223,10
13.0433597565,80.2171783447,63223,63233,10
13.0427598953,80.2167510986,63233,63243,10
13.0420503616,80.216293335,63243,63253,10
13.0416698456,80.2160415649,63253,63304,51
13.0416698456,80.2160415649,63304,63314,10
13.041560173,80.2159805298,63314,63324,10
13.0412502289,80.2157211304,63324,63334,10
13.040719986,80.2153320313,63334,63344,10
13.0402097702,80.2149810791,63344,63354,10
13.0395402908,80.2145233154,63354,63364,10
13.0389204025,80.2141265869,63364,63374,10
13.0388298035,80.2140579224,63374,63391,17
13.0381002426,80.2135314941,63391,63403,12
13.0373802185,80.2129821777,63403,63413,10
13.0372600555,80.2124710083,63413,63453,40
13.0372600555,80.2124710083,63453,63463,10
13.0369100571,80.2123413086,63463,63473,10
13.0363903046,80.2123718262,63473,63484,11
13.0360803604,80.2123794556,63484,63495,11
13.0358600616,80.2123794556,63495,63505,10
13.0356397629,80.212348938,63505,63535,30
13.0356397629,80.212348938,63535,63545,10
13.0354204178,80.2123565674,63545,63555,10
13.0350399017,80.2122879028,63555,63565,10
13.0347499847,80.2122268677,63565,63575,10
13.0343198776,80.2121429443,63575,63595,20
13.0343198776,80.2121429443,63595,63605,10
13.034119606,80.2121124268,63605,63616,11
13.0336799622,80.212020874,63616,63625,9
13.0333204269,80.2119369507,63625,63636,11
13.0325803757,80.211807251,63636,63646,10
13.0321598053,80.211730957,63646,63656,10
13.0319900513,80.2113113403,63656,63666,10
13.0321102142,80.2105636597,63666,63676,10
13.0322704315,80.2097702026,63676,63686,10
13.0328302383,80.2097930908,63686,63696,10
13.0335597992,80.2098999023,63696,63706,10
13.0342597961,80.2099609375,63706,63717,11
13.0350198746,80.2099685669,63717,63727,10
13.0351600647,80.2095413208,63727,63737,10
13.0352296829,80.2088623047,63737,63747,10
13.0352602005,80.2087020874,63747,63757,10
13.0353097916,80.2083816528,63757,63767,10
13.0354604721,80.2080078125,63767,63777,10
13.0357599258,80.2080383301,63777,63787,10
13.0362796783,80.2081069946,63787,63797,10
13.0371103287,80.2082595825,63797,63807,10
13.0379295349,80.2083892822,63807,63817,10
13.0384902954,80.2084884644,63817,63827,10
13.0385198593,80.2084884644,63827,63838,11
13.0388202667,80.2085418701,63838,63848,10
13.0394296646,80.2086334229,63848,63858,10
13.0401201248,80.208732605,63858,63868,10
13.0404195786,80.2087631226,63868,63878,10
13.0407104492,80.2088165283,63878,63888,10
13.0412998199,80.2089080811,63888,63898,10
13.0419797897,80.2089996338,63898,63908,10
13.042599678,80.2090835571,63908,63918,10
13.0433397293,80.209197998,63918,63928,10
13.0439796448,80.2092819214,63928,63969,41
13.0439796448,80.2092819214,63969,63979,10
13.0441102982,80.2092208862,63979,63989,10
13.044090271,80.2088623047,63989,63999,10
13.044090271,80.2088394165,63999,64009,10
13.0440998077,80.2084197998,64009,64019,10
13.0439996719,80.2077789307,64019,64029,10
13.0435400009,80.2069168091,64029,64039,10
13.0428800583,80.2060089111,64039,64049,10
13.0422201157,80.205406189,64049,64060,11
13.0415296555,80.2052536011,64060,64070,10
13.0409202576,80.2051620483,64070,64080,10
13.0408000946,80.2051391602,64080,64090,10
13.0406599045,80.2051315308,64090,64100,10
13.0404996872,80.2051010132,64100,64110,10
13.0400800705,80.2050170898,64110,64120,10
13.0393896103,80.2049026489,64120,64136,16
13.0382604599,80.2047424316,64136,64148,12
13.0381803513,80.2044906616,64148,64156,8
13.0382604599,80.2040634155,64156,64169,13
13.0383996964,80.2029571533,64169,64179,10
13.0384902954,80.2021484375,64179,64188,9
13.0385704041,80.201713562,64188,64199,11
13.0386695862,80.2010116577,64199,64209,10
13.0387601852,80.2001800537,64209,64219,10
13.0388803482,80.19947052,64219,64229,10
13.0389099121,80.1992492676,64229,64238,9
13.0389299393,80.1990890503,64238,64248,10
13.0390195847,80.1986083984,64248,64259,11
13.0391397476,80.1977615356,64259,64268,9
13.0392503738,80.1970672607,64268,64290,22
13.0392503738,80.1970672607,64290,64300,10
13.0393199921,80.1965866089,64300,64310,10
13.0393896103,80.1961975098,64310,64320,10
13.0394697189,80.1955337524,64320,64330,10
13.0395898819,80.194732666,64330,64340,10
13.0396795273,80.1938705444,64340,64350,10
13.0397701263,80.1932525635,64350,64360,10
13.0397396088,80.1931762695,64360,64370,10
13.0396299362,80.193069458,64370,64380,10
13.0393400192,80.1930236816,64380,64391,11
13.0388298035,80.1929321289,64391,64401,10
13.0387001038,80.1929168701,64401,64411,10
13.0385103226,80.1928787231,64411,64421,10
13.0381698608,80.192817688,64421,64431,10
13.0378198624,80.1928787231,64431,64441,10
13.0375995636,80.1934814453,64441,64451,10
13.0374803543,80.1943283081,64451,64461,10
13.0373697281,80.1950683594,64461,64471,10
13.0372800827,80.1957931519,64471,64481,10
13.0372400284,80.1959991455,64481,64491,10
13.037229538,80.1960296631,64491,64501,10
13.0371704102,80.1963806152,64501,64512,11
13.0370502472,80.1971588135,64512,64522,10
13.0369596481,80.1978225708,64522,64532,10
13.036860466,80.1985092163,64532,64542,10
13.0368404388,80.1987228394,64542,64558,16
13.0366897583,80.1995620728,64558,64570,12
13.036529541,80.200630188,64570,64580,10
13.0364599228,80.2012710571,64580,64590,10
13.0364599228,80.2013092041,64590,64600,10
13.0364398956,80.2013702393,64600,64608,8
13.0363798141,80.2015991211,64608,64621,13
13.0362596512,80.2024612427,64621,64631,10
13.0361404419,80.2033691406,64631,64641,10
13.0360202789,80.2041320801,64641,64651,10
13.0360097885,80.2043533325,64651,64661,10
13.0360097885,80.2043991089,64661,64671,10
13.0359802246,80.2046127319,64671,64680,9
13.0358800888,80.2052078247,64680,64690,10
13.0357599258,80.205947876,64690,64701,11
13.0355100632,80.2060775757,64701,64711,10
13.0353298187,80.205947876,64711,64722,11
13.0353803635,80.2056427002,64722,65690,968
13.0354404449,80.2053222656,65690,65751,61
13.0354404449,80.2053222656,65751,65761,10
13.0358400345,80.205039978,65761,65771,10
13.0359096527,80.2046203613,65771,65781,10
13.0359601974,80.2042007446,65781,65791,10
13.0360298157,80.2037277222,65791,65801,10
13.0361003876,80.2032318115,65801,65811,10
13.0361700058,80.2026596069,65811,65821,10
13.0362997055,80.2017364502,65821,65842,21
13.0362997055,80.2017364502,65842,65852,10
13.0363197327,80.2015075684,65852,65862,10
13.0363302231,80.2013778687,65862,65872,10
13.0363998413,80.2010574341,65872,65882,10
13.0364904404,80.2005233765,65882,65892,10
13.0365495682,80.1999969482,65892,65902,10
13.0366697311,80.1991271973,65902,65912,10
13.0367603302,80.1985397339,65912,65922,10
13.0367803574,80.1984100342,65922,65932,10
13.0367898941,80.1983184814,65932,65942,10
13.036860466,80.1979675293,65942,65953,11
13.0369300842,80.1974716187,65953,65963,10
13.0370197296,80.1968231201,65963,65973,10
13.0370798111,80.1964111328,65973,65983,10
13.0370998383,80.1962890625,65983,65993,10
13.0371398926,80.1958770752,65993,66003,10
13.0372600555,80.1951370239,66003,66013,10
13.0374002457,80.194190979,66013,66023,10
13.0375299454,80.1932830811,66023,66033,10
13.0378398895,80.1928024292,66033,66053,20
13.0378398895,80.1928024292,66053,66064,11
13.0381097794,80.1928024292,66064,66074,10
13.0385599136,80.1928863525,66074,66084,10
13.038769722,80.1929168701,66084,66094,10
13.0389499664,80.1929397583,66094,66104,10
13.0393800735,80.1930236816,66104,66114,10
13.0397796631,80.1930999756,66114,66124,10
13.0403699875,80.1932067871,66124,66134,10
13.0408802032,80.1932907104,66134,66144,10
13.041560173,80.193397522,66144,66154,10
13.0417804718,80.1935424805,66154,66164,10
13.0417499542,80.193977356,66164,66174,10
13.0416898727,80.1945037842,66174,66191,17
13.041560173,80.1955795288,66191,66203,12
13.0414400101,80.1961975098,66203,66213,10
13.0413799286,80.1966171265,66213,66223,10
13.0413599014,80.1968078613,66223,66233,10
13.0413503647,80.1970062256,66233,66243,10
13.041270256,80.1975631714,66243,66253,10
13.0411701202,80.1982727051,66253,66263,10
13.0410900116,80.198890686,66263,66272,9
13.0410299301,80.1993331909,66272,66282,10
13.0409803391,80.1996231079,66282,66294,12
13.0408802032,80.2001800537,66294,66304,10
13.0408000946,80.2008132935,66304,66314,10
13.0406904221,80.2015533447,66314,66324,10
13.0406198502,80.202003479,66324,66334,10
13.0405502319,80.202507019,66334,66344,10
13.0404596329,80.2032394409,66344,66354,10
13.0403604507,80.2040405273,66354,66364,10
13.0402803421,80.2044906616,66364,66374,10
13.0402097702,80.2048187256,66374,66384,10
13.0403003693,80.205078125,66384,66394,10
13.0407304764,80.2051467896,66394,66405,11
13.0408697128,80.2051620483,66405,66415,10
13.0411396027,80.2052230835,66415,66425,10
13.0412101746,80.2052307129,66425,66435,10
13.0415401459,80.205291748,66435,66445,10
13.0420799255,80.2053604126,66445,66455,10
13.0425796509,80.2054977417,66455,66465,10
13.0428495407,80.2059020996,66465,66475,10
13.0433101654,80.2065429688,66475,66485,10
13.043800354,80.2071990967,66485,66502,17
13.0441398621,80.2085189819,66502,66514,12
13.0441598892,80.2090072632,66514,66524,10
13.0441503525,80.2093200684,66524,66564,40
13.0441503525,80.2093200684,66564,66574,10
13.0440397263,80.2093429565,66574,66583,9
13.0437402725,80.2092666626,66583,66593,10
13.0432395935,80.2091903687,66593,66604,11
13.0426597595,80.2091217041,66604,66614,10
13.042090416,80.2090377808,66614,66625,11
13.0413799286,80.2089614868,66625,66635,10
13.0407600403,80.2088699341,66635,66645,10
13.0401201248,80.2087936401,66645,66655,10
13.0396099091,80.2087097168,66655,66665,10
13.0390100479,80.2086105347,66665,66675,10
13.0388803482,80.2086029053,66675,66685,10
13.0385704041,80.2085189819,66685,66695,10
13.0379295349,80.208442688,66695,66705,10
13.0373601913,80.2083587646,66705,66715,10
13.0367298126,80.2082595825,66715,66725,10
13.0362997055,80.208190918,66725,66736,11
13.0357198715,80.2081069946,66736,66746,10
13.0354995728,80.2083435059,66746,66756,10
13.0354404449,80.2085037231,66756,66772,16
13.0354099274,80.2085494995,66772,66784,12
13.0353097916,80.2091522217,66784,66794,10
13.0352201462,80.2097625732,66794,66802,8
13.0350999832,80.2104415894,66802,66813,11
13.0349702835,80.210899353,66813,66825,12
13.0349798203,80.2113723755,66825,66845,20
13.0349798203,80.2113723755,66845,66856,11
13.0349502563,80.2116394043,66856,66866,10
13.0349197388,80.2118835449,66866,66946,80
13.0349197388,80.2118835449,66946,66957,11
13.0349302292,80.2121429443,66957,66967,10
13.0351495743,80.2122573853,66967,66977,10
13.0354795456,80.2123336792,66977,66987,10
13.0357599258,80.2123413086,66987,66997,10
13.0360202789,80.212348938,66997,67007,10
13.0364303589,80.2123794556,67007,67017,10
13.036939621,80.2123794556,67017,67027,10
13.0372800827,80.2123794556,67027,67037,10
13.0374002457,80.2127532959,67037,67047,10
13.0375099182,80.2131118774,67047,67057,10
13.0379495621,80.213432312,67057,67067,10
13.0385799408,80.2138671875,67067,67078,11
13.0392303467,80.2143173218,67078,67088,10
13.0397996902,80.2147064209,67088,67098,10
13.0403795242,80.2151031494,67098,67108,10
13.041179657,80.2156829834,67108,67138,30
13.041179657,80.2156829834,67138,67148,10
13.0412397385,80.2157974243,67148,67158,10
13.0414495468,80.2159118652,67158,67168,10
13.0417499542,80.2160797119,67168,67179,11
13.0421600342,80.2163391113,67179,67189,10
13.0421800613,80.2163391113,67189,67199,10
13.0424499512,80.2165222168,67199,67209,10
13.0427799225,80.2167282104,67209,67289,80
13.0427799225,80.2167282104,67289,67300,11
13.0429401398,80.2168884277,67300,67310,10
13.0432901382,80.2171173096,67310,67431,121
13.0432901382,80.2171173096,67431,67441,10
13.0435400009,80.2172470093,67441,67451,10
13.0437202454,80.2173995972,67451,67461,10
13.0439996719,80.217628479,67461,67471,10
13.0444803238,80.2179794312,67471,67481,10
13.0450201035,80.2183532715,67481,67491,10
13.0456399918,80.2185592651,67491,67501,10
13.0461597443,80.2187194824,67501,67511,10
13.0464897156,80.2188110352,67511,67522,11
13.0466804504,80.2188720703,67522,67532,10
13.0470104218,80.218963623,67532,67542,10
13.0471401215,80.219039917,67542,67552,10
13.0476198196,80.2191619873,67552,67562,10
13.0483598709,80.2193527222,67562,67572,10
13.0490198135,80.2195205688,67572,67582,10
13.0496501923,80.2196807861,67582,67592,10
13.0503797531,80.2198562622,67592,67602,10
13.0509395599,80.2200088501,67602,67612,10
13.0513801575,80.2201385498,67612,67622,10
13.0516004562,80.2202224731,67622,67633,11
13.0521297455,80.2201538086,67633,67733,100
13.0521297455,80.2201538086,67733,67744,11
13.0522899628,80.220161438,67744,67754,10
13.0524196625,80.2202682495,67754,67764,10
13.0524997711,80.2206268311,67764,67774,10
13.0526599884,80.2213134766,67774,67784,10
13.0528497696,80.2219772339,67784,67794,10
13.0530195236,80.2226333618,67794,67804,10
13.0531702042,80.2231216431,67804,67834,30
13.0531702042,80.2231216431,67834,67844,10
13.0531997681,80.2232131958,67844,67855,11
13.0532503128,80.2234420776,67855,67865,10
13.0533504486,80.2238006592,67865,67875,10
13.0534200668,80.2241363525,67875,67885,10
13.0535402298,80.2248001099,67885,67895,10
13.0536603928,80.2254562378,67895,67905,10
13.0537395477,80.2259216309,67905,67915,10
13.0537996292,80.2262573242,67915,67925,10
13.0537996292,80.2262878418,67925,67935,10
13.0538196564,80.2265319824,67935,67945,10
13.0538797379,80.2271499634,67945,67955,10
13.0539703369,80.2277908325,67955,67966,11
13.0540304184,80.2282409668,67966,67976,10
13.0540504456,80.2286682129,67976,67986,10
13.0540895462,80.2291793823,67986,67996,10
13.0541000366,80.2294387817,67996,68006,10
13.0541200638,80.2295684814,68006,68016,10
13.0541400909,80.2300872803,68016,68026,10
13.0541400909,80.2306289673,68026,68036,10
13.0539798737,80.2306900024,68036,68046,10
13.0536298752,80.2306594849,68046,68056,10
13.0530700684,80.2305908203,68056,68066,10
13.0528697968,80.2305908203,68066,68077,11
13.052280426,80.2304916382,68077,68087,10
13.0519800186,80.2304534912,68087,68097,10
13.0519599915,80.2304382324,68097,68107,10
13.051659584,80.2303695679,68107,68117,10
13.0510396957,80.2302627563,68117,68127,10
13.050359726,80.2301635742,68127,68137,10
13.0496501923,80.2301101685,68137,68147,10
13.0488996506,80.2301177979,68147,68156,9
13.0482501984,80.2301025391,68156,68167,11
13.047750473,80.2304992676,68167,68177,10
13.0476303101,80.2312164307,68177,68188,11
13.0475101471,80.2321395874,68188,68198,10
13.0474300385,80.232749939,68198,68208,10
13.0474300385,80.2331237793,68208,68218,10
13.0479001999,80.2332229614,68218,68228,10
13.0482797623,80.2332763672,68228,68238,10
13.0487804413,80.2334289551,68238,68248,10
13.0492296219,80.2335510254,68248,68258,10
13.0495996475,80.2336425781,68258,68268,10
13.0501203537,80.233757019,68268,68278,10
13.0504903793,80.2338180542,68278,68288,10
13.0507602692,80.23387146,68288,68299,11
13.0512599945,80.2339630127,68299,68309,10
13.0517396927,80.2340393066,68309,68319,10
13.0522203445,80.2341766357,68319,68329,10
13.0529499054,80.2343826294,68329,68339,10
13.0535202026,80.2345275879,68339,68349,10
13.0537004471,80.2348480225,68349,68359,10
13.0535802841,80.2355194092,68359,68369,10
13.053440094,80.2361907959,68369,68379,10
13.0533504486,80.236618042,68379,68389,10
13.0533399582,80.2366485596,68389,68399,10
13.053319931,80.2368927002,68399,68410,11
13.0532999039,80.2370071411,68410,68420,10
13.0532197952,80.2375030518,68420,68430,10
13.0531396866,80.2380523682,68430,68440,10
13.052980423,80.2387924194,68440,68450,10
13.0528097153,80.2395095825,68450,68460,10
13.0526199341,80.240272522,68460,68470,10
13.0525398254,80.2406082153,68470,68510,40
13.0525398254,80.2406082153,68510,68521,11
13.0525102615,80.2408599854,68521,68531,10
13.0525398254,80.2414398193,68531,68541,10
13.0530796051,80.2419128418,68541,68551,10
13.0536203384,80.242149353,68551,68561,10
13.0537004471,80.2421875,68561,68571,10
13.0539999008,80.2423171997,68571,68581,10
13.0546197891,80.242401123,68581,68591,10
13.0553598404,80.2423019409,68591,68601,10
13.0560598373,80.24243927,68601,68611,10
13.0564203262,80.2426223755,68611,68621,10
13.0564403534,80.2426300049,68621,68632,11
13.0566596985,80.2426681519,68632,68642,10
13.057009697,80.2427062988,68642,68652,10
13.0574197769,80.2428588867,68652,68662,10
13.05768013,80.2428512573,68662,68672,10
13.0577602386,80.2428512573,68672,68682,10
13.0581703186,80.2427825928,68682,68692,10
13.0586395264,80.2426681519,68692,68702,10
13.0591201782,80.2425918579,68702,68712,10
13.0596199036,80.2426376343,68712,68722,10
13.0600996017,80.2428207397,68722,68733,11
13.0604496002,80.2429504395,68733,68743,10
13.0607700348,80.2430267334,68743,68753,10
13.0611696243,80.2431488037,68753,68763,10
13.0620298386,80.2433166504,68763,68783,20
13.0620298386,80.2433166504,68783,68793,10
13.062330246,80.2433776855,68793,68803,10
13.0627803802,80.2434692383,68803,68813,10
13.0629396439,80.2434921265,68813,68823,10
13.0636997223,80.2435836792,68823,68894,71
13.0636997223,80.2435836792,68894,68904,10
13.0640802383,80.2436523438,68904,68914,10
13.064330101,80.2436523438,68914,68924,10
13.0647497177,80.2436676025,68924,68934,10
13.0652198792,80.2436828613,68934,68944,10
13.0658302307,80.2436828613,68944,68954,10
13.0660896301,80.2440872192,68954,68965,11
13.0662202835,80.2449417114,68965,68975,10
13.0663204193,80.24559021,68975,68985,10
13.0666799545,80.2461013794,68985,68995,10
13.0675401688,80.2464981079,68995,69005,10
13.0679101944,80.2471313477,69005,69015,10
13.0678701401,80.2479171753,69015,69025,10
13.0678396225,80.2484512329,69025,69035,10
13.0678300858,80.248550415,69035,69045,10
13.0677404404,80.2490310669,69045,69055,10
13.0676202774,80.249710083,69055,69066,11
13.0674695969,80.2506332397,69066,69076,10
13.0673999786,80.251121521,69076,69086,10
13.0673599243,80.2513580322,69086,69096,10
13.0673599243,80.2519836426,69096,69106,10
13.0679998398,80.2525024414,69106,69116,10
13.06828022,80.2528991699,69116,69126,10
13.0680303574,80.2532501221,69126,69136,10
13.067990303,80.253288269,69136,69146,10
13.0678396225,80.25340271,69146,69237,91
13.0678396225,80.25340271,69237,69247,10
13.0674200058,80.2537078857,69247,69298,51
13.0672702789,80.2538223267,69298,69338,40
13.0672702789,80.2538223267,69338,69348,10
13.0671195984,80.2539520264,69348,69358,10
13.0669698715,80.2540588379,69358,69439,81
13.0669698715,80.2540588379,69439,69449,10
13.0669498444,80.2543869019,69449,69459,10
13.0670700073,80.2545089722,69459,69479,20
13.0670700073,80.2545089722,69479,69489,10
13.0671901703,80.2546386719,69489,69499,10
13.0673303604,80.2547836304,69499,69510,11
13.067609787,80.2550201416,69510,69520,10
13.0676803589,80.2551116943,69520,69530,10
13.067899704,80.255317688,69530,69540,10
13.06828022,80.2557296753,69540,69550,10
13.0687398911,80.2562103271,69550,69560,10
13.0692501068,80.256729126,69560,69570,10
13.0697002411,80.2571868896,69570,69580,10
13.0702199936,80.2577209473,69580,69590,10
13.0707597733,80.2583236694,69590,69600,10
13.0712299347,80.2588195801,69600,69610,10
13.0715103149,80.2591094971,69610,69620,10
13.0716104507,80.2592391968,69620,69631,11
13.0719995499,80.2596511841,69631,69641,10
13.0724401474,80.2601623535,69641,69651,10
13.0728797913,80.2606430054,69651,69661,10
13.0729999542,80.2607498169,69661,69671,10
13.0731601715,80.2607269287,69671,69680,9
13.0733604431,80.2604827881,69680,69691,11
13.0734701157,80.2601623535,69691,69701,10
13.0736904144,80.2597579956,69701,69711,10
13.0740995407,80.2593002319,69711,69721,10
13.0747003555,80.2588272095,69721,69731,10
13.0750999451,80.2584915161,69731,69742,11
13.0753898621,80.2583999634,69742,69752,10
13.0754995346,80.2588729858,69752,69762,10
13.0757303238,80.2594833374,69762,69772,10
13.076259613,80.2599411011,69772,69782,10
13.0767602921,80.260383606,69782,69792,10
13.077170372,80.2608413696,69792,69802,10
13.0774002075,80.2613220215,69802,69812,10
13.0775499344,80.2617416382,69812,69822,10
13.0776195526,80.2619018555,69822,69832,10
13.0776996613,80.2620697021,69832,69853,21
13.0776996613,80.2620697021,69853,69863,10
13.0777997971,80.262260437,69863,69873,10
13.0778503418,80.2625198364,69873,69883,10
13.0778598785,80.2626876831,69883,69893,10
13.0779895782,80.2630996704,69893,69903,10
13.0781002045,80.2632598877,69903,69913,10
13.0781602859,80.2632980347,69913,69923,10
13.0782203674,80.2634811401,69923,69933,10
13.0782604218,80.2637023926,69933,69943,10
13.0783195496,80.2639923096,69943,69953,10
13.0784196854,80.2645797729,69953,69964,11
13.0785903931,80.265296936,69964,69974,10
13.078909874,80.265411377,69974,69984,10
13.079580307,80.2652893066,69984,69994,10
13.0800104141,80.2652282715,69994,70010,16
13.080280304,80.2651901245,70010,70022,12
13.0806798935,80.2651596069,70022,70030,8
13.0807504654,80.2652664185,70030,70042,12
13.080739975,80.265838623,70042,70052,10
13.0807104111,80.2665786743,70052,70062,10
13.0806798935,80.2674789429,70062,70073,11
13.0806798935,80.2684326172,70073,70082,9
13.0806903839,80.2691574097,70082,70093,11
13.0806999207,80.2698364258,70093,70103,10
13.0807199478,80.2705230713,70103,70113,10
13.080909729,80.2711105347,70113,70123,10
13.0813302994,80.2717437744,70123,70133,10
13.081489563,80.2726211548,70133,70143,10
13.0813798904,80.2733230591,70143,70153,10
13.0815296173,80.2738418579,70153,70163,10
13.0819396973,80.2742233276,70163,70173,10
13.0819597244,80.2748413086,70173,70183,10
13.081990242,80.2751464844,70183,70192,9
13.0820198059,80.2754974365,70192,70224,32
13.0820198059,80.2754974365,70224,70234,10
13.0820398331,80.2757492065,70234,70244,10
13.081870079,80.2760009766,70244,70254,10
13.0817804337,80.2761383057,70254,70264,10
13.0818195343,80.2763900757,70264,70274,10
13.0818901062,80.2770080566,70274,70283,9
13.0819501877,80.2776870728,70283,70295,12
13.0820903778,80.2782821655,70295,70305,10
13.0820999146,80.278793335,70305,70315,10
13.0821399689,80.2796020508,70315,70325,10
13.0822296143,80.2804412842,70325,70335,10
13.0822896957,80.2811279297,70335,70345,10
13.0823001862,80.2814407349,70345,70355,10
13.0823802948,80.2818222046,70355,70365,10
13.0830202103,80.2822265625,70365,70375,10
13.083729744,80.2826690674,70375,70385,10
13.0842895508,80.2830429077,70385,70395,10
13.0847101212,80.2833862305,70395,70406,11
13.0850400925,80.2837371826,70406,70416,10
13.0853204727,80.2837600708,70416,70426,10
13.0855197906,80.2836227417,70426,70436,10
13.0858402252,80.2836074829,70436,70446,10
13.0862102509,80.2836303711,70446,70456,10
13.0864601135,80.2838134766,70456,70466,10
13.0864896774,80.2838134766,70466,70476,10
13.0867004395,80.2837982178,70476,70486,10
13.086979866,80.283782959,70486,70496,10
13.0873298645,80.2837677002,70496,70537,41
13.0873298645,80.2837677002,70537,70547,10
13.0877199173,80.2838973999,70547,71092,545
13.0877199173,80.2838973999,71092,71102,10
13.0877895355,80.2839126587,71102,71112,10
13.0878400803,80.2838592529,71112,71122,10
13.0879402161,80.283782959,71122,71132,10
13.0879898071,80.2837524414,71132,71142,10
13.0881996155,80.2836837769,71142,71152,10
13.0882396698,80.2836608887,71152,71162,10
13.0882902145,80.283416748,71162,71172,10
13.0882797241,80.2830581665,71172,71182,10
13.0882701874,80.2827529907,71182,71193,11
13.0882501602,80.2824478149,71193,71203,10
13.0882196426,80.2822494507,71203,71213,10
13.088139534,80.2819213867,71213,71263,50
13.088139534,80.2819213867,71263,71273,10
13.0879201889,80.2816009521,71273,71283,10
13.0877599716,80.28150177,71283,71293,10
13.0875997543,80.2814788818,71293,71304,11
13.0872297287,80.2813720703,71304,71324,20
13.0872297287,80.2813720703,71324,71334,10
13.0870800018,80.2813186646,71334,71344,10
13.0867996216,80.2812271118,71344,71354,10
13.086520195,80.2811431885,71354,71364,10
13.0860996246,80.2810211182,71364,71374,10
13.0858297348,80.2809371948,71374,71384,10
13.0856599808,80.2806472778,71384,71394,10
13.0855102539,80.2800369263,71394,71404,10
13.0851097107,80.2794876099,71404,71415,11
13.0845603943,80.2793197632,71415,71425,10
13.0840797424,80.2792434692,71425,71435,10
13.0835199356,80.2790985107,71435,71445,10
13.0830001831,80.2788619995,71445,71455,10
13.0825195313,80.2787322998,71455,71505,50
13.0825195313,80.2787322998,71505,71516,11
13.0822601318,80.2786331177,71516,71526,10
13.0819597244,80.2784500122,71526,71536,10
13.0818395615,80.2779922485,71536,71546,10
13.0817403793,80.2773666382,71546,71566,20
13.0817403793,80.2773666382,71566,71576,10
13.0817403793,80.277130127,71576,71586,10
13.0817298889,80.2770767212,71586,71596,10
13.0816898346,80.2768325806,71596,71606,10
13.081609726,80.276260376,71606,71626,20
13.081609726,80.276260376,71626,71637,11
13.0815496445,80.2759628296,71637,71657,20
13.0815496445,80.2759628296,71657,71667,10
13.0815000534,80.275680542,71667,71677,10
13.0814599991,80.2754364014,71677,71687,10
13.0814599991,80.2753677368,71687,71697,10
13.0814800262,80.2751617432,71697,71717,20
13.0814800262,80.2751617432,71717,71727,10
13.0814599991,80.2749710083,71727,71737,10
13.0814504623,80.2748184204,71737,71748,11
13.0813999176,80.2745819092,71748,71758,10
13.0813999176,80.2743682861,71758,71768,10
13.0813598633,80.2739486694,71768,71778,10
13.0812797546,80.2733764648,71778,71788,10
13.0812397003,80.2732086182,71788,71798,10
13.0812397003,80.2730636597,71798,71808,10
13.0813903809,80.2725982666,71808,71818,10
13.0812501907,80.2718582153,71818,71828,10
13.0809803009,80.2713165283,71828,71838,10
13.0808496475,80.2712020874,71838,71848,10
13.0807600021,80.2709197998,71848,71859,11
13.0806703568,80.2702865601,71859,71869,10
13.0806798935,80.269569397,71869,71879,10
13.0807104111,80.2688293457,71879,71889,10
13.0806903839,80.2680435181,71889,71899,10
13.0806398392,80.2672805786,71899,71909,10
13.0806398392,80.2664489746,71909,71919,10
13.0806303024,80.2660217285,71919,71939,20
13.0806303024,80.2660217285,71939,71949,10
13.0806398392,80.2659072876,71949,71959,10
13.0806503296,80.2654495239,71959,71970,11
13.0802602768,80.2652435303,71970,71980,10
13.0797796249,80.265296936,71980,71990,10
13.0793199539,80.26537323,71990,72000,10
13.0788402557,80.2654418945,72000,72010,10
13.0785503387,80.2654418945,72010,72020,10
13.0784702301,80.2653427124,72020,72028,8
13.0784101486,80.2649307251,72028,72040,12
13.078209877,80.2638931274,72040,72050,10
13.078040123,80.2635498047,72050,72060,10
13.0780200958,80.2635498047,72060,72070,10
13.0778598785,80.2636032104,72070,72081,11
13.0777797699,80.2636566162,72081,72091,10
13.0776596069,80.2637481689,72091,72101,10
13.0772800446,80.2640075684,72101,72111,10
13.0767602921,80.2641372681,72111,72121,10
13.0760402679,80.2642364502,72121,72131,10
13.0755195618,80.2640762329,72131,72141,10
13.0750904083,80.2635192871,72141,72151,10
13.0745897293,80.2628631592,72151,72161,10
13.0741195679,80.262298584,72161,72171,10
13.0736904144,80.2617874146,72171,72182,11
13.0735797882,80.2616729736,72182,72192,10
13.0733804703,80.2614593506,72192,72202,10
13.0729799271,80.261177063,72202,72212,10
13.0729503632,80.2608566284,72212,72222,10
13.072719574,80.2605819702,72222,72232,10
13.0726604462,80.2604980469,72232,72242,10
13.0724000931,80.2602005005,72242,72251,9
13.07213974,80.2599029541,72251,72303,52
13.07213974,80.2599029541,72303,72313,10
13.0717697144,80.2595367432,72313,72323,10
13.0717601776,80.2595062256,72323,72333,10
13.0715703964,80.2593002319,72333,72343,10
13.0712995529,80.2589874268,72343,72353,10
13.0708799362,80.2585296631,72353,72363,10
13.0703802109,80.2579727173,72363,72373,10
13.0698699951,80.2574234009,72373,72383,10
13.0693502426,80.2568893433,72383,72393,10
13.0687599182,80.2562789917,72393,72403,10
13.0681495667,80.2556610107,72403,72414,11
13.0674200058,80.2550201416,72414,72444,30
13.0674200058,80.2550201416,72444,72454,10
13.067199707,80.2547912598,72454,72464,10
13.0668201447,80.2543869019,72464,72474,10
13.0668096542,80.2539520264,72474,72484,10
13.0671596527,80.2537002563,72484,72494,10
13.0672597885,80.2536468506,72494,72504,10
13.0676898956,80.2533416748,72504,72514,10
13.0681600571,80.2528381348,72514,72525,11
13.067609787,80.2523498535,72525,72535,10
13.067150116,80.2518081665,72535,72545,10
13.06731987,80.2510375977,72545,72555,10
13.0674295425,80.2502975464,72555,72565,10
13.067440033,80.25025177,72565,72575,10
13.0675001144,80.2499694824,72575,72585,10
13.0676202774,80.2493362427,72585,72595,10
13.06772995,80.2485809326,72595,72605,10
13.0676403046,80.2480010986,72605,72615,10
13.0669698715,80.2479171753,72615,72625,10
13.0665597916,80.2479324341,72625,72636,11
13.0663700104,80.2478866577,72636,72646,10
13.0658597946,80.2478485107,72646,72656,10
13.0651197433,80.2478179932,72656,72666,10
13.0642404556,80.2477493286,72666,72676,10
13.0632696152,80.2476882935,72676,72686,10
13.0624704361,80.2476425171,72686,72696,10
13.0617704391,80.2476119995,72696,72706,10
13.0613002777,80.2471923828,72706,72716,10
13.0614700317,80.2467880249,72716,72726,10
13.0617904663,80.2462692261,72726,72736,10
13.0619297028,80.2455291748,72736,72747,11
13.0623197556,80.2449493408,72747,72757,10
13.06291008,80.2445373535,72757,72767,10
13.063079834,80.2443008423,72767,72777,10
13.0631399155,80.2442169189,72777,72787,10
13.0633497238,80.243812561,72787,72797,10
13.0632400513,80.2435073853,72797,72807,10
13.0626802444,80.2434005737,72807,72817,10
13.0621404648,80.2433013916,72817,72827,10
13.0616397858,80.2432098389,72827,72837,10
13.0613603592,80.2431488037,72837,72847,10
13.0612897873,80.2431182861,72847,72858,11
13.0611000061,80.2430877686,72858,72868,10
13.060669899,80.2429580688,72868,72878,10
13.0601501465,80.242767334,72878,72888,10
13.0595703125,80.2425765991,72888,72898,10
13.0591602325,80.2425384521,72898,72908,10
13.0590000153,80.2425689697,72908,72918,10
13.0587396622,80.2426223755,72918,72928,10
13.0585098267,80.2426681519,72928,72938,10
13.0580797195,80.2427368164,72938,72948,10
13.0573501587,80.2428512573,72948,72958,10
13.0569200516,80.2428512573,72958,72969,11
13.0567398071,80.2427520752,72969,72979,10
13.0564098358,80.2426300049,72979,72989,10
13.0559396744,80.2423782349,72989,72999,10
13.0552301407,80.2423019409,72999,73009,10
13.0546798706,80.2424316406,73009,73019,10
13.0540304184,80.2423629761,73019,73029,10
13.053730011,80.2422866821,73029,73039,10
13.0536403656,80.2422485352,73039,73049,10
13.0532197952,80.2420196533,73049,73059,10
13.052740097,80.2418899536,73059,73120,61
13.052740097,80.2418899536,73120,73130,10
13.0524396896,80.2417526245,73130,73140,10
13.0521497726,80.2412872314,73140,73150,10
13.0519800186,80.2409591675,73150,73160,10
13.0516395569,80.2407531738,73160,73170,10
13.0511798859,80.2406311035,73170,73180,10
13.0509901047,80.2406005859,73180,73191,11
13.0507297516,80.240562439,73191,73201,10
13.0501403809,80.2404403687,73201,73211,10
13.0494499207,80.2402801514,73211,73221,10
13.0486402512,80.2401199341,73221,73231,10
13.0478801727,80.2399520874,73231,73241,10
13.047129631,80.2397918701,73241,73251,10
13.046210289,80.239616394,73251,73271,20
13.046210289,80.239616394,73271,73281,10
13.0461902618,80.2393798828,73281,73291,10
13.0463104248,80.2389602661,73291,73302,11
13.0464696884,80.2381973267,73302,73312,10
13.0466003418,80.237487793,73312,73322,10
13.0467300415,80.2367935181,73322,73332,10
13.0468597412,80.2362365723,73332,73342,10
13.0469198227,80.2359313965,73342,73352,10
13.046959877,80.2356567383,73352,73362,10
13.0470104218,80.2353363037,73362,73372,10
13.0471200943,80.2346878052,73372,73382,10
13.0471897125,80.2339324951,73382,73392,10
13.0472402573,80.2334365845,73392,73413,21
13.0472402573,80.2334365845,73413,73423,10
13.0472698212,80.2333374023,73423,73433,10
13.0473203659,80.2329406738,73433,73443,10
13.047419548,80.2323303223,73443,73453,10
13.0474996567,80.2316207886,73453,73463,10
13.0475797653,80.2308807373,73463,73473,10
13.0474700928,80.2302474976,73473,73483,10
13.0470104218,80.2298812866,73483,73493,10
13.0463104248,80.2297821045,73493,73503,10
13.045539856,80.2296524048,73503,73513,10
13.0448198318,80.2294998169,73513,73524,11
13.044500351,80.2294311523,73524,73534,10
13.0440797806,80.229309082,73534,73544,10
13.043800354,80.2291488647,73544,73554,10
13.0439300537,80.2287216187,73554,73564,10
13.044090271,80.228187561,73564,73580,16
13.0443601608,80.2272491455,73580,73592,12
13.0445995331,80.2263717651,73592,73600,8
13.044719696,80.2259292603,73600,73612,12
13.0449304581,80.2257537842,73612,73622,10
13.0453996658,80.2258682251,73622,73633,11
13.0458898544,80.226020813,73633,73643,10
13.0460100174,80.2260513306,73643,73653,10
13.0464801788,80.2261886597,73653,73662,9
13.0468702316,80.2263183594,73662,73673,11
13.0473403931,80.2264862061,73673,73683,10
13.0483102798,80.2267684937,73683,73693,10
13.0483102798,80.2267684937,73693,73703,10
13.0489301682,80.2269592285,73703,73713,10
13.049659729,80.2270202637,73713,73723,10
13.0502300262,80.2271194458,73723,73733,10
13.0507297516,80.2272186279,73733,73744,11
13.0513601303,80.2273635864,73744,73754,10
13.0517301559,80.2274475098,73754,73765,11
13.0522499084,80.2275466919,73765,73775,10
13.0529603958,80.2276992798,73775,73785,10
13.0534896851,80.2277374268,73785,73795,10
13.0538396835,80.2276687622,73795,73804,9
13.0538196564,80.2273788452,73804,73825,21
13.0538196564,80.2273788452,73825,73835,10
13.0537996292,80.2270812988,73835,73845,10
13.053730011,80.2264404297,73845,73856,11
13.0535697937,80.2254867554,73856,73866,10
13.0532903671,80.2243728638,73866,73906,40
13.0532903671,80.2243728638,73906,73916,10
13.0533800125,80.2242202759,73916,73926,10
13.0532798767,80.2238235474,73926,73936,10
13.0531702042,80.2233505249,73936,73946,10
13.052980423,80.2226486206,73946,73956,10
13.0527801514,80.2219924927,73956,73966,10
13.0525598526,80.2211990356,73966,73977,11
13.0523700714,80.2205734253,73977,73987,10
13.0517196655,80.2202606201,73987,74007,20
13.0517196655,80.2202606201,74007,74017,10
13.0514001846,80.2201690674,74017,74026,9
13.0509500504,80.2200164795,74026,74037,11
13.0502996445,80.2198410034,74037,74047,10
13.0497598648,80.2196884155,74047,74057,10
13.0490999222,80.2195205688,74057,74067,10
13.0484304428,80.2193374634,74067,74078,11
13.0475101471,80.219078064,74078,74088,10
13.0464801788,80.2188110352,74088,74108,20
13.0464801788,80.2188110352,74108,74118,10
13.0462799072,80.2187271118,74118,74128,10
13.0458498001,80.2186203003,74128,74138,10
13.0452804565,80.21849823,74138,74148,10
13.0447502136,80.2182006836,74148,74158,10
13.0437602997,80.2175521851,74158,74189,31
13.0437602997,80.2175521851,74189,74199,10
13.043390274,80.2173233032,74199,74209,10
13.042889595,80.2169418335,74209,74219,10
13.0422000885,80.2164535522,74219,74229,10
13.0417404175,80.2161483765,74229,74239,10
13.0415802002,80.2160263062,74239,74287,48
13.0415802002,80.2160263062,74287,74298,11
13.0414400101,80.2159805298,74298,74308,10
13.0411396027,80.2157287598,74308,74310,2
13.0410404205,80.2156524658,74310,74311,1
13.0409898758,80.2156066895,74311,74371,60
13.0380296707,80.2135620117,74371,74381,10
13.0374002457,80.2131195068,74381,74391,10
13.0372800827,80.2129821777,74391,74401,10
13.0371999741,80.2125015259,74401,74411,10
13.0366296768,80.2123718262,74411,74422,11
13.0358104706,80.212387085,74422,74432,10
13.035490036,80.2123794556,74432,74442,10
13.0352897644,80.2123413086,74442,74452,10
13.0349798203,80.2123031616,74452,74462,10
13.0346803665,80.2122497559,74462,74472,10
13.0341997147,80.2121582031,74472,74492,20
13.0341997147,80.2121582031,74492,74502,10
13.0340595245,80.2121505737,74502,74512,10
13.0337696075,80.2120819092,74512,74523,11
13.0329704285,80.2118911743,74523,74533,10
13.0323200226,80.2117767334,74533,74543,10
13.0319404602,80.2115020752,74543,74553,10
13.0320301056,80.2109909058,74553,74560,7
13.0321397781,80.2103118896,74560,74573,13
13.0323295593,80.2097625732,74573,74583,10
13.0328998566,80.2098617554,74583,74592,9
13.0335998535,80.2099304199,74592,74602,10
13.0344600677,80.2099914551,74602,74613,11
13.0350599289,80.2099075317,74613,74622,9
13.0350999832,80.2097167969,74622,74634,12
13.0351600647,80.2091522217,74634,74643,9
13.0351896286,80.2088623047,74643,74654,11
13.035200119,80.2088088989,74654,74664,10
13.0352401733,80.2085723877,74664,74674,10
13.0353002548,80.2081680298,74674,74684,10
13.035369873,80.2080230713,74684,74694,10
13.0356397629,80.2080307007,74694,74704,10
13.0361404419,80.2080993652,74704,74714,10
13.0369195938,80.2082519531,74714,74724,10
13.0374298096,80.2083206177,74724,74734,10
13.038020134,80.2083892822,74734,74745,11
13.0384302139,80.2084503174,74745,74755,10
13.0385599136,80.2084732056,74755,74771,16
13.0395097733,80.2086181641,74771,74783,12
13.0403795242,80.2087631226,74783,74793,10
13.0410604477,80.2088699341,74793,74803,10
13.0417995453,80.2089614868,74803,74813,10
13.0424203873,80.2090377808,74813,74823,10
13.0430297852,80.2091293335,74823,74833,10
13.043510437,80.209197998,74833,74843,10
13.0438404083,80.2092285156,74843,74854,11
13.0439996719,80.2088394165,74854,74873,19
13.0439996719,80.2088394165,74873,74884,11
13.0440101624,80.2087020874,74884,74894,10
13.0439996719,80.2081069946,74894,74904,10
13.043800354,80.2074203491,74904,74914,10
13.0433301926,80.2067184448,74914,74924,10
13.0428304672,80.2060317993,74924,74934,10
13.0421304703,80.2054290771,74934,74944,10
13.0413999557,80.2052612305,74944,74954,10
13.0408697128,80.2051925659,74954,74965,11
13.040719986,80.2051773071,74965,74975,10
13.040430069,80.205116272,74975,74985,10
13.0399703979,80.205039978,74985,74995,10
13.0392904282,80.2049331665,74995,75005,10
13.038599968,80.204826355,75005,75015,10
13.0381498337,80.2047576904,75015,75025,10
13.0381097794,80.2045516968,75025,75035,10
13.038189888,80.2040481567,75035,75045,10
13.038310051,80.2032623291,75045,75055,10
13.038359642,80.2028427124,75055,75065,10
13.0384101868,80.2024688721,75065,75076,11
13.0385103226,80.2017822266,75076,75086,10
13.0385799408,80.2013702393,75086,75096,10
13.038649559,80.2008209229,75096,75106,10
13.0387401581,80.200088501,75106,75116,10
13.0388298035,80.1994476318,75116,75126,10
13.038860321,80.1992492676,75126,75136,10
13.0388898849,80.1990585327,75136,75146,10
13.0389795303,80.1985626221,75146,75156,10
13.0390996933,80.1977920532,75156,75166,10
13.0391798019,80.1971130371,75166,75176,10
13.0391998291,80.196937561,75176,75187,11
13.0392799377,80.1965789795,75187,75197,10
13.0393400192,80.1960830688,75197,75207,10
13.0394496918,80.1953582764,75207,75217,10
13.0395298004,80.1946563721,75217,75227,10
13.0396299362,80.1939086914,75227,75237,10
13.0397195816,80.1932983398,75237,75247,10
13.0397195816,80.1932220459,75247,75257,10
13.0395002365,80.1930618286,75257,75267,10
13.0390901566,80.1930007935,75267,75277,10
13.0387096405,80.1929397583,75277,75294,17
13.0383300781,80.1928787231,75294,75306,12
13.0377502441,80.1929626465,75306,75316,10
13.037560463,80.193572998,75316,75325,9
13.0374603271,80.1942062378,75325,75336,11
13.0372896194,80.1952667236,75336,75346,10
13.0371999741,80.1958999634,75346,75356,10
13.0371799469,80.1959991455,75356,75366,10
13.0370998383,80.1964416504,75366,75376,10
13.0369997025,80.1971893311,75376,75386,10
13.0368795395,80.1980361938,75386,75396,10
13.0367898941,80.198677063,75396,75407,11
13.0367298126,80.1989898682,75407,75416,9
13.0366601944,80.1995010376,75416,75427,11
13.036529541,80.2003707886,75427,75437,10
13.0364198685,80.2012405396,75437,75457,20
13.0364198685,80.2012405396,75457,75467,10
13.0363702774,80.201423645,75467,75477,10
13.0363302231,80.2017364502,75477,75487,10
13.0362596512,80.2022476196,75487,75497,10
13.0361700058,80.2029037476,75497,75507,10
13.03606987,80.2036437988,75507,75518,11
13.0360002518,80.2040634155,75518,75528,10
13.035949707,80.2044830322,75528,75538,10
13.035779953,80.205329895,75538,75558,20
13.035779953,80.205329895,75558,75568,10
13.0356302261,80.205329895,75568,75578,10
13.0354404449,80.205291748,75578,75594,16
13.035320282,80.2052764893,75594,75606,12
13.0352401733,80.2052993774,75606,75614,8
13.0350704193,80.2052612305,75614,75626,12
13.0346899033,80.2052307129,75626,75634,8
13.0344200134,80.2054901123,75634,75635,1
13.0343103409,80.2059326172,75635,80385,4750
13.0343103409,80.2059326172,80385,80395,10
13.0343999863,80.2058334351,80395,80405,10
13.0343999863,80.2058029175,80405,80415,10
13.0345602036,80.2059326172,80415,80426,11
13.034620285,80.2057723999,80426,80436,10
13.0345001221,80.2056427002,80436,80446,10
13.034529686,80.2058181763,80446,80526,80
13.034529686,80.2058181763,80526,80537,11
13.0347995758,80.2057189941,80537,80648,111
13.0347995758,80.2057189941,80648,80658,10
13.0347604752,80.205581665,80658,80668,10
13.0344200134,80.2055130005,80668,80678,10
