13.0348300934,80.2299728394,13,54,41
13.0348300934,80.2299728394,54,64,10
13.0346803665,80.229888916,64,74,10
13.0347003937,80.2298583984,74,84,10
13.0347299576,80.2298278809,84,94,10
13.0347795486,80.2297515869,94,104,10
13.0348396301,80.2298431396,104,114,10
13.0348596573,80.2298202515,114,124,10
13.0348596573,80.2295837402,124,134,10
13.0348796844,80.229850769,134,195,61
13.0347795486,80.2299194336,195,225,30
13.0347795486,80.2299194336,225,235,10
13.0348501205,80.2297821045,235,245,10
13.0348300934,80.2297592163,245,315,70
13.0348300934,80.2297592163,315,326,11
13.0348501205,80.2296905518,326,336,10
13.0348100662,80.2298202515,336,366,30
13.0348300934,80.2296981812,366,396,30
13.0348300934,80.2296981812,396,406,10
13.0348796844,80.2296676636,406,416,10
13.0348901749,80.2298202515,416,446,30
13.0348901749,80.2298202515,446,457,11
13.0349597931,80.2296295166,457,467,10
13.0349702835,80.2297592163,467,487,20
13.0349702835,80.2297592163,487,557,70
13.0348100662,80.2298583984,557,577,20
13.0348100662,80.2298583984,577,586,9
13.0348596573,80.2297592163,586,598,12
13.0348701477,80.229927063,598,608,10
13.0348701477,80.2300491333,608,618,10
13.0348300934,80.2299575806,618,628,10
13.0348100662,80.2298583984,628,638,10
13.034819603,80.2296981812,638,648,10
13.0348300934,80.2299804688,648,668,20
13.0347700119,80.2299880981,668,900,232
13.0348300934,80.2300262451,900,1051,151
13.0348300934,80.2300262451,1051,1061,10
13.0348701477,80.2298965454,1061,1091,30
13.0347900391,80.2299804688,1091,1202,111
13.0347995758,80.2299880981,1202,1222,20
13.0348596573,80.2300415039,1222,1242,20
13.0348596573,80.2300415039,1242,1252,10
13.0348300934,80.2300186157,1252,1343,91
13.0347995758,80.2299880981,1343,1404,61
13.034819603,80.2300262451,1404,1434,30
13.034819603,80.2300262451,1434,1444,10
13.0348396301,80.2298583984,1444,1464,20
13.0348396301,80.2298583984,1464,1474,10
13.0348300934,80.2300872803,1474,1484,10
13.034819603,80.2301025391,1484,1494,10
13.0348396301,80.230140686,1494,1504,10
13.034819603,80.2300796509,1504,1514,10
13.0347604752,80.2297134399,1514,1524,10
13.0347795486,80.2297515869,1524,1533,9
13.0348100662,80.2299423218,1533,1545,12
13.0348100662,80.2300033569,1545,1555,10
13.0348701477,80.2300872803,1555,1575,20
13.0348701477,80.2300872803,1575,1585,10
13.0348997116,80.2301712036,1585,1595,10
13.0348501205,80.2301177979,1595,1635,40
13.0348501205,80.2301177979,1635,1645,10
13.0348300934,80.2300186157,1645,1665,20
13.0348300934,80.2300186157,1665,1676,11
13.034910202,80.2302474976,1676,1776,100
13.034910202,80.2302474976,1776,1786,10
13.034910202,80.2299880981,1786,1806,20
13.034910202,80.2299880981,1806,1817,11
13.0349197388,80.2300720215,1817,1827,10
13.0347299576,80.2299194336,1827,1887,60
13.0349998474,80.2299880981,1887,1958,71
13.0349998474,80.2299880981,1958,1968,10
13.0348596573,80.2298965454,1968,1978,10
13.0348396301,80.2300186157,1978,2159,181
13.0348396301,80.2300186157,2159,2169,10
13.0349197388,80.2300720215,2169,2199,30
13.034819603,80.2299804688,2199,2280,81
13.034819603,80.2299804688,2280,2290,10
13.0347499847,80.2300415039,2290,2401,111
13.034819603,80.2299423218,2401,2492,91
13.0348596573,80.2300186157,2492,2532,40
13.0348396301,80.2300262451,2532,2552,20
13.0348396301,80.2300262451,2552,2562,10
13.0345697403,80.2299499512,2562,2572,10
13.0343704224,80.2300415039,2572,2643,71
13.0346899033,80.2300796509,2643,2653,10
13.034819603,80.2297515869,2653,2683,30
13.0347499847,80.2299804688,2683,2693,10
13.0349597931,80.2296829224,2693,2824,131
13.0350999832,80.2294998169,2824,2834,10
13.0349302292,80.2301177979,2834,2844,10
13.0348596573,80.2297821045,2844,2854,10
13.0347700119,80.2297363281,2854,2864,10
13.0347003937,80.2297592163,2864,2965,101
13.0347795486,80.229637146,2965,2985,20
13.0344800949,80.2293167114,2985,2995,10
13.0348796844,80.229888916,2995,3005,10
13.0347299576,80.2300796509,3005,3015,10
13.0347299576,80.2299804688,3015,3026,11
13.0348396301,80.2302017212,3026,3036,10
13.0348796844,80.2300415039,3036,3046,10
13.0350799561,80.2300033569,3046,3056,10
13.0348396301,80.2300872803,3056,3066,10
13.0349197388,80.2300033569,3066,3086,20
13.0349197388,80.2300033569,3086,3096,10
13.0348501205,80.2300415039,3096,3237,141
13.0348501205,80.2300415039,3237,3247,10
13.0348501205,80.2300186157,3247,3257,10
13.0347795486,80.2300872803,3257,3267,10
13.0350999832,80.2301177979,3267,3277,10
13.0354604721,80.23021698,3277,3308,31
13.0349197388,80.2298736572,3308,3318,10
13.0347604752,80.2299423218,3318,3328,10
13.0348701477,80.2298202515,3328,3388,60
13.0346498489,80.2298202515,3388,3398,10
13.0347900391,80.2299575806,3398,3408,10
13.0347099304,80.2299423218,3408,3418,10
13.034819603,80.2299499512,3418,3429,11
13.0349197388,80.2299728394,3429,3439,10
13.0348501205,80.2299804688,3439,3449,10
13.0347995758,80.2298583984,3449,3499,50
13.0347995758,80.2298583984,3499,3509,10
13.0349197388,80.2300491333,3509,3539,30
13.0350103378,80.2300186157,3539,3570,31
13.0349397659,80.2299423218,3570,3751,181
13.0348796844,80.2300720215,3751,3912,161
13.0348796844,80.2300720215,3912,3922,10
13.0348596573,80.2300109863,3922,4073,151
13.0348596573,80.2300109863,4073,4083,10
13.0350399017,80.2300262451,4083,4234,151
13.0349197388,80.229927063,4234,4275,41
13.0347900391,80.2298965454,4275,4335,60
13.0347900391,80.2298965454,4335,4345,10
13.0347499847,80.2300491333,4345,4386,41
13.0347499847,80.2300491333,4386,4396,10
13.0349197388,80.2300720215,4396,4416,20
13.0348596573,80.2299575806,4416,4466,50
13.034819603,80.2297973633,4466,4486,20
13.034819603,80.2297973633,4486,4496,10
13.034819603,80.2299804688,4496,4506,10
13.0348100662,80.2300262451,4506,4517,11
13.0348300934,80.2296600342,4517,4527,10
13.0348300934,80.2297821045,4527,4537,10
13.0348796844,80.2300796509,4537,4547,10
13.0348901749,80.2300872803,4547,4557,10
13.0347795486,80.2298736572,4557,4577,20
13.0349197388,80.2300491333,4577,4607,30
13.0349197388,80.2300491333,4607,4617,10
13.0348901749,80.2300415039,4617,4839,222
13.0348300934,80.2299423218,4839,4869,30
13.034819603,80.2298202515,4869,4980,111
13.0348501205,80.2299423218,4980,5010,30
13.0348501205,80.2299423218,5010,5020,10
13.0348596573,80.2299423218,5020,5030,10
13.0348300934,80.2298583984,5030,5040,10
13.0348701477,80.2299804688,5040,5061,21
13.034910202,80.2301483154,5061,5121,60
13.0348300934,80.2299728394,5121,5171,50
13.0348396301,80.2299804688,5171,5252,81
13.0348396301,80.2299804688,5252,5262,10
13.0347900391,80.2298202515,5262,5312,50
13.0347900391,80.2298202515,5312,5323,11
13.0348300934,80.229888916,5323,5333,10
13.0349302292,80.2302322388,5333,5373,40
13.0349302292,80.2302322388,5373,5383,10
13.0347499847,80.2298202515,5383,5413,30
13.0347499847,80.2298202515,5413,5423,10
13.0349702835,80.2300491333,5423,5514,91
13.0349702835,80.2300491333,5514,5524,10
13.034819603,80.2299880981,5524,5574,50
13.0349397659,80.2300872803,5574,5595,21
13.0349397659,80.2300872803,5595,5615,20
13.0341396332,80.2297134399,5615,5625,10
13.0353899002,80.2302017212,5625,5635,10
13.0348901749,80.2299575806,5635,5645,10
13.034819603,80.2299499512,5645,5655,10
13.0348997116,80.2301483154,5655,5665,10
13.0348501205,80.2301025391,5665,5675,10
13.0348701477,80.2301635742,5675,5685,10
13.0347995758,80.2299728394,5685,5695,10
13.034819603,80.2296981812,5695,5705,10
13.0346298218,80.2295608521,5705,5937,232
13.0347604752,80.2297515869,5937,5947,10
13.0347700119,80.2297210693,5947,6008,61
13.0347499847,80.2296981812,6008,6018,10
13.0348396301,80.2299499512,6018,6028,10
13.0347499847,80.2300720215,6028,6038,10
13.0349397659,80.2301635742,6038,6048,10
13.0349302292,80.2301330566,6048,6058,10
13.0350198746,80.2300796509,6058,6068,10
13.0351104736,80.2299423218,6068,6078,10
13.0348997116,80.2301101685,6078,6088,10
13.0347499847,80.2300109863,6088,6098,10
13.0346899033,80.2299804688,6098,6108,10
13.0348701477,80.2300491333,6108,6118,10
13.0349998474,80.2301177979,6118,6129,11
13.0348300934,80.2301330566,6129,6139,10
13.0347995758,80.2300491333,6139,6159,20
13.0347795486,80.2299194336,6159,6189,30
13.0347795486,80.2299194336,6189,6401,212
13.0350198746,80.2271499634,6401,6411,10
13.034620285,80.2301177979,6411,6421,10
13.0346097946,80.2298965454,6421,6431,10
13.0350799561,80.2296905518,6431,6824,393
13.0351400375,80.2301025391,6824,6834,10
13.0356998444,80.2297210693,6834,6844,10
13.0350599289,80.2299575806,6844,6854,10
13.0348501205,80.2300872803,6854,6864,10
13.0348300934,80.2300262451,6864,6874,10
13.0348596573,80.2300262451,6874,6884,10
13.0348596573,80.2299728394,6884,6894,10
13.0347995758,80.2299575806,6894,6904,10
13.0349397659,80.2300415039,6904,6914,10
13.0351896286,80.2299728394,6914,6924,10
13.0351295471,80.2300262451,6924,6935,11
13.0350904465,80.2300415039,6935,6945,10
13.0351600647,80.2300796509,6945,6955,10
13.0351600647,80.2300567627,6955,6985,30
13.0351696014,80.2300262451,6985,6995,10
13.0347299576,80.2300186157,6995,7005,10
13.0348396301,80.2300033569,7005,7015,10
13.0349998474,80.2301025391,7015,7025,10
13.0350799561,80.2301177979,7025,7035,10
13.0350704193,80.2300796509,7035,7045,10
13.0350103378,80.2299118042,7045,7055,10
13.0349798203,80.2300109863,7055,7066,11
13.0349903107,80.2300186157,7066,7076,10
13.0348796844,80.229927063,7076,7086,10
13.0348396301,80.2298583984,7086,7096,10
13.0347204208,80.2298202515,7096,7106,10
13.0347995758,80.2299118042,7106,7116,10
13.0347900391,80.2300262451,7116,7126,10
13.0350198746,80.2303695679,7126,7136,10
13.0350103378,80.2307510376,7136,7257,121
13.0348901749,80.2303085327,7257,7267,10
13.0348901749,80.2302780151,7267,7277,10
13.0350399017,80.230140686,7277,7287,10
13.0348501205,80.2300720215,7287,7297,10
13.0347900391,80.2299118042,7297,7307,10
13.0348396301,80.2297973633,7307,7317,10
13.0349798203,80.2299804688,7317,7327,10
13.0349197388,80.2299194336,7327,7338,11
13.0348796844,80.2300186157,7338,7348,10
13.0348100662,80.2300033569,7348,7358,10
13.0348501205,80.2299880981,7358,7368,10
13.0348300934,80.2299880981,7368,7378,10
13.0347900391,80.2299499512,7378,7388,10
13.0348396301,80.2299880981,7388,7398,10
13.0348300934,80.2299804688,7398,7408,10
13.0348300934,80.2299423218,7408,7418,10
13.0349197388,80.2299575806,7418,7428,10
13.034819603,80.2299423218,7428,7438,10
13.0347299576,80.2299194336,7438,7448,10
13.034819603,80.2299728394,7448,7458,10
13.0349197388,80.2300033569,7458,7469,11
13.0349502563,80.2300186157,7469,7479,10
13.0350399017,80.2300262451,7479,7489,10
13.0350599289,80.2299880981,7489,7509,20
13.0350599289,80.2299880981,7509,7519,10
13.0348796844,80.2299880981,7519,7539,20
13.0348796844,80.2299880981,7539,7579,40
13.0351696014,80.229927063,7579,7589,10
13.0348796844,80.2298583984,7589,7600,11
13.034620285,80.2299194336,7600,7610,10
13.0351800919,80.2300415039,7610,7620,10
13.0348300934,80.2300186157,7620,7630,10
13.0350799561,80.2299499512,7630,7640,10
13.0352897644,80.2301025391,7640,7650,10
13.0346097946,80.229888916,7650,7660,10
13.0351104736,80.2299194336,7660,7670,10
13.0348997116,80.2301177979,7670,7680,10
13.034620285,80.229927063,7680,7690,10
13.0349998474,80.2299575806,7690,7700,10
13.034819603,80.2298965454,7700,7710,10
13.0346603394,80.229850769,7710,7720,10
13.0347700119,80.229888916,7720,7781,61
13.0347700119,80.229888916,7781,7791,10
13.0345401764,80.2300186157,7791,7801,10
13.0342197418,80.229888916,7801,7811,10
13.0344104767,80.2299499512,7811,7821,10
13.0345201492,80.2298583984,7821,7831,10
13.0349302292,80.2301864624,7831,7851,20
13.0349302292,80.2301864624,7851,7861,10
13.0351104736,80.23021698,7861,7872,11
13.0350399017,80.2301483154,7872,7882,10
13.0348596573,80.2300491333,7882,7892,10
13.0348796844,80.2302017212,7892,7982,90
13.0350599289,80.2300796509,7982,7992,10
13.0351104736,80.2299880981,7992,8003,11
13.0353603363,80.2301177979,8003,8013,10
13.0351495743,80.2300186157,8013,8023,10
13.0350799561,80.2300262451,8023,8033,10
13.0349597931,80.2299499512,8033,8043,10
13.0348901749,80.2299575806,8043,8053,10
13.0349397659,80.2299880981,8053,8063,10
13.0347995758,80.2299118042,8063,8073,10
13.0346002579,80.2299118042,8073,8083,10
13.034529686,80.2300033569,8083,8093,10
13.0345201492,80.2300720215,8093,8103,10
13.0347299576,80.2300567627,8103,8113,10
13.0350103378,80.2300033569,8113,8123,10
13.0345001221,80.2300033569,8123,8133,10
13.0345697403,80.2299804688,8133,8144,11
13.0347204208,80.229888916,8144,8154,10
13.0349502563,80.2298202515,8154,8164,10
13.034910202,80.2298431396,8164,8174,10
13.0349397659,80.2299499512,8174,8184,10
13.0348596573,80.2299194336,8184,8194,10
13.0346899033,80.2299194336,8194,8204,10
13.0346097946,80.2298736572,8204,8214,10
13.0346097946,80.2298965454,8214,8224,10
13.0342798233,80.229927063,8224,8234,10
13.0342597961,80.2298126221,8234,8244,10
13.034239769,80.2297668457,8244,8254,10
13.0340795517,80.2297210693,8254,8264,10
13.0341501236,80.2297821045,8264,8275,11
13.0344600677,80.229927063,8275,8315,40
13.0344600677,80.229927063,8315,8325,10
13.0344696045,80.2297668457,8325,8335,10
13.0344696045,80.2298202515,8335,8345,10
13.0341300964,80.2295684814,8345,8355,10
13.0343103409,80.2298126221,8355,8365,10
13.0343904495,80.229927063,8365,8375,10
13.0344800949,80.2298812866,8375,8395,20
13.0344800949,80.2298812866,8395,8406,11
13.034620285,80.2299728394,8406,8416,10
13.0344800949,80.2298736572,8416,8426,10
13.0342102051,80.2299575806,8426,8436,10
13.0341701508,80.2297897339,8436,8446,10
13.0348901749,80.229927063,8446,8456,10
13.0347204208,80.2298812866,8456,8466,10
13.034910202,80.2298583984,8466,8476,10
13.0347700119,80.2298812866,8476,8486,10
13.0346698761,80.2298278809,8486,8496,10
13.0350599289,80.2300872803,8496,8506,10
13.0348396301,80.2299804688,8506,8516,10
13.0346403122,80.2299575806,8516,8526,10
13.0348300934,80.2298965454,8526,8536,10
13.0346298218,80.2300720215,8536,8577,41
13.0344495773,80.2298278809,8577,8587,10
13.0351400375,80.2299499512,8587,8597,10
13.0348701477,80.2297821045,8597,8607,10
13.0346803665,80.2299194336,8607,8617,10
13.0342998505,80.2298965454,8617,8627,10
13.0343198776,80.2298736572,8627,8637,10
13.0341901779,80.2297515869,8637,8647,10
13.034119606,80.2296905518,8647,8657,10
13.0342903137,80.2297210693,8657,8667,10
13.0344400406,80.2297592163,8667,8678,11
13.0345201492,80.2298583984,8678,8688,10
13.0343999863,80.2298278809,8688,8698,10
13.0342597961,80.2297515869,8698,8708,10
13.0340995789,80.2297363281,8708,8718,10
13.0342102051,80.2297668457,8718,8728,10
13.0344400406,80.2297973633,8728,8738,10
13.0344600677,80.2297973633,8738,8748,10
13.0345096588,80.2297897339,8748,8758,10
13.0345096588,80.2297973633,8758,8768,10
13.034330368,80.2297668457,8768,8778,10
13.0338802338,80.2296218872,8778,8788,10
13.0337295532,80.2295913696,8788,8889,101
13.0350999832,80.2300415039,8889,8899,10
13.0352897644,80.2301483154,8899,8909,10
13.0361795425,80.2305603027,8909,8919,10
13.0348796844,80.2299728394,8919,8929,10
13.0353899002,80.230140686,8929,8938,9
13.0356302261,80.2303924561,8938,8980,42
13.0349798203,80.2299499512,8980,9060,80
13.0345697403,80.2300033569,9060,9070,10
13.0348396301,80.2297592163,9070,9081,11
13.0344800949,80.2298126221,9081,9091,10
13.0345897675,80.229927063,9091,9191,100
13.0343399048,80.2297668457,9191,9201,10
13.0346097946,80.2298431396,9201,9211,10
13.0344896317,80.2297210693,9211,9222,11
13.0344495773,80.2297515869,9222,9232,10
13.0340900421,80.2298126221,9232,9242,10
13.0344600677,80.2297821045,9242,9252,10
13.034529686,80.229888916,9252,9262,10
13.0346002579,80.2300415039,9262,9282,20
13.0348997116,80.2301101685,9282,9635,353
13.0345697403,80.2300720215,9635,9645,10
13.0345001221,80.2299804688,9645,9655,10
13.0343799591,80.2300033569,9655,9665,10
13.0342197418,80.2300796509,9665,9675,10
13.0342102051,80.2301025391,9675,9685,10
13.034239769,80.2300262451,9685,9715,30
13.0348100662,80.2299804688,9715,9725,10
13.0347795486,80.2299880981,9725,9735,10
13.0348596573,80.2299880981,9735,9756,21
13.0348596573,80.2299880981,9756,9766,10
13.0349302292,80.229927063,9766,9957,191
13.0348501205,80.2300186157,9957,10048,91
13.0348501205,80.2300186157,10048,10058,10
13.0349302292,80.2300491333,10058,10169,111
13.0349302292,80.2300491333,10169,10179,10
13.0347795486,80.2299804688,10179,10259,80
13.0348901749,80.2300186157,10259,10290,31
13.0348901749,80.2300186157,10290,10330,40
13.0347604752,80.2301101685,10330,10350,20
13.0347604752,80.2301101685,10350,10360,10
13.0347099304,80.2301864624,10360,10370,10
13.0346403122,80.2302703857,10370,10400,30
13.0346403122,80.2302703857,10400,10409,9
13.0347995758,80.229888916,10409,10421,12
13.0347795486,80.2299499512,10421,10431,10
13.0348901749,80.2297821045,10431,10441,10
13.0348997116,80.2300796509,10441,10491,50
13.034819603,80.2299194336,10491,10501,10
13.034819603,80.2300109863,10501,10511,10
13.0347995758,80.229927063,10511,10521,10
13.0347995758,80.2299575806,10521,10531,10
13.034819603,80.2298736572,10531,10773,242
13.0347795486,80.2300796509,10773,10803,30
13.0347795486,80.2300796509,10803,10813,10
13.0347604752,80.2301712036,10813,10824,11
13.0347099304,80.2302627563,10824,10834,10
13.0346698761,80.2302932739,10834,10904,70
13.0348596573,80.2299575806,10904,10955,51
13.0348901749,80.2300033569,10955,10995,40
13.0348901749,80.2300033569,10995,11005,10
13.0348396301,80.2300186157,11005,11035,30
13.0348396301,80.2300186157,11035,11045,10
13.0348396301,80.2299804688,11045,11075,30
13.0348396301,80.2299804688,11075,11086,11
13.0348396301,80.2299118042,11086,11116,30
13.0348300934,80.2299499512,11116,11186,70
13.0348796844,80.2298278809,11186,11206,20
13.0348796844,80.2298278809,11206,11216,10
13.0348796844,80.2300033569,11216,11227,11
13.0348701477,80.2299880981,11227,11237,10
13.0348796844,80.2301177979,11237,11247,10
13.0348300934,80.2300415039,11247,11277,30
13.0348300934,80.2300415039,11277,11287,10
13.0348596573,80.2302322388,11287,11307,20
13.0348596573,80.2302322388,11307,11317,10
13.0347700119,80.2292709351,11317,11327,10
13.0348596573,80.2301101685,11327,11337,10
13.0348100662,80.2300415039,11337,11347,10
13.0348300934,80.2301101685,11347,11358,11
13.0347700119,80.2300186157,11358,11368,10
13.0348300934,80.2300720215,11368,11378,10
13.0348501205,80.2301025391,11378,11388,10
13.0348100662,80.2300415039,11388,11398,10
13.0348100662,80.2299804688,11398,11408,10
13.0348300934,80.2300491333,11408,11418,10
13.0349197388,80.2302932739,11418,11428,10
13.0348701477,80.2302017212,11428,11438,10
13.0348100662,80.2301483154,11438,11448,10
13.034819603,80.2300567627,11448,11458,10
13.0347995758,80.2300796509,11458,11468,10
13.0348396301,80.230178833,11468,11478,10
13.0347900391,80.2300567627,11478,11489,11
13.0347700119,80.2299728394,11489,11499,10
13.0347995758,80.2300262451,11499,11509,10
13.0348901749,80.2300720215,11509,11630,121
13.0349397659,80.2298126221,11630,11640,10
13.034819603,80.2300186157,11640,11650,10
13.0347995758,80.2301025391,11650,11660,10
13.0347795486,80.2300796509,11660,11670,10
13.0347900391,80.2299423218,11670,11680,10
13.0347995758,80.2301101685,11680,11690,10
13.0348100662,80.2297973633,11690,11700,10
13.034819603,80.2302017212,11700,11710,10
13.034819603,80.229927063,11710,11720,10
13.0348396301,80.2298202515,11720,11730,10
13.0348396301,80.2297821045,11730,11740,10
13.0348596573,80.2301712036,11740,11750,10
13.0348396301,80.229888916,11750,11761,11
13.034819603,80.229927063,11761,11771,10
13.0347995758,80.2300186157,11771,11781,10
13.0347604752,80.2297973633,11781,11791,10
13.0347003937,80.2296981812,11791,11851,60
13.0348300934,80.2298965454,11851,11932,81
13.0347604752,80.2308425903,11932,11942,10
13.0347604752,80.2300262451,11942,11952,10
13.0347003937,80.2301177979,11952,11962,10
13.0346803665,80.2301101685,11962,12022,60
13.0346899033,80.23021698,12022,12033,11
13.0347299576,80.2300415039,12033,12043,10
13.0347604752,80.2300567627,12043,12053,10
13.0347700119,80.2299880981,12053,12063,10
13.0347499847,80.230140686,12063,12073,10
13.0347795486,80.2300186157,12073,12083,10
13.034740448,80.2299423218,12083,12093,10
13.0347604752,80.2296218872,12093,12103,10
13.0347604752,80.2297286987,12103,12113,10
13.0348596573,80.2300491333,12113,12143,30
13.0347700119,80.2302322388,12143,12152,9
13.0348100662,80.2303695679,12152,12164,12
13.0347700119,80.2305603027,12164,12174,10
13.0349597931,80.2303619385,12174,12184,10
13.0349302292,80.23021698,12184,12194,10
13.0348100662,80.2299499512,12194,12204,10
13.0348300934,80.2302093506,12204,12214,10
13.034819603,80.2299194336,12214,12224,10
13.0348901749,80.2298202515,12224,12234,10
13.034819603,80.2298965454,12234,12244,10
13.0347299576,80.2300033569,12244,12254,10
13.0347099304,80.229309082,12254,12264,10
13.0348300934,80.2303237915,12264,12274,10
13.0347795486,80.2301177979,12274,12284,10
13.0348901749,80.2302017212,12284,12295,11
13.034910202,80.2303237915,12295,12305,10
13.0347995758,80.2301177979,12305,12315,10
13.0348997116,80.2298965454,12315,12325,10
13.0348100662,80.2299575806,12325,12335,10
13.0347795486,80.2300186157,12335,12345,10
13.0347299576,80.2301177979,12345,12355,10
13.0348100662,80.2301712036,12355,12365,10
13.0347604752,80.2299118042,12365,12516,151
13.034740448,80.229927063,12516,12526,10
13.0348300934,80.2297668457,12526,12536,10
13.0347499847,80.229888916,12536,12546,10
13.034740448,80.229927063,12546,12567,21
13.0351696014,80.2302474976,12567,12577,10
13.0347003937,80.2300186157,12577,12587,10
13.0347700119,80.2299804688,12587,12597,10
13.0347900391,80.2299118042,12597,12607,10
13.0348796844,80.2299499512,12607,12647,40
13.0350399017,80.2298583984,12647,12657,10
13.0348796844,80.2298965454,12657,12667,10
13.0349502563,80.23021698,12667,12677,10
13.0349302292,80.2298278809,12677,12687,10
13.0345401764,80.2302703857,12687,12698,11
13.034740448,80.2299880981,12698,12728,30
13.0350704193,80.2297821045,12728,12738,10
13.0350103378,80.2299575806,12738,12748,10
13.0347499847,80.2300796509,12748,12758,10
13.034819603,80.2301177979,12758,12768,10
13.0348701477,80.2302322388,12768,12778,10
13.0350399017,80.2298202515,12778,12788,10
13.0348100662,80.2299804688,12788,12869,81
13.0348997116,80.229888916,12869,12879,10
13.0348396301,80.2299194336,12879,12889,10
13.0347204208,80.2300872803,12889,12899,10
13.0347700119,80.2301177979,12899,13020,121
13.0346403122,80.230140686,13020,13030,10
13.0347003937,80.2300872803,13030,13141,111
13.035200119,80.2297210693,13141,13151,10
13.0345201492,80.2301635742,13151,13161,10
13.0346899033,80.23021698,13161,13171,10
13.0350103378,80.2302017212,13171,13322,151
13.0347795486,80.2301177979,13322,13332,10
13.0349798203,80.2303009033,13332,13342,10
13.034620285,80.2300262451,13342,13351,9
13.034740448,80.2300567627,13351,13363,12
13.0349197388,80.2299575806,13363,13373,10
13.0347700119,80.2299880981,13373,13383,10
13.0348701477,80.2297973633,13383,13393,10
13.034910202,80.2299880981,13393,13403,10
13.0347700119,80.2301330566,13403,13413,10
13.0349397659,80.2299118042,13413,13423,10
13.0346698761,80.230178833,13423,13433,10
13.0343904495,80.2305831909,13433,13443,10
13.0351896286,80.2294616699,13443,13453,10
13.0351295471,80.2296066284,13453,13473,20
13.0347204208,80.2298736572,13473,13483,10
13.0349302292,80.2298278809,13483,13493,10
13.0348396301,80.2301635742,13493,13504,11
13.0345802307,80.2304534912,13504,13514,10
13.0350599289,80.2300415039,13514,13524,10
13.0348396301,80.2301177979,13524,13534,10
13.0347499847,80.2299804688,13534,13544,10
13.0346002579,80.2303924561,13544,13554,10
13.0348997116,80.2300415039,13554,13564,10
13.0348997116,80.2300109863,13564,36586,23022
13.0310096741,80.2307128906,36586,36596,10
13.0316200256,80.2305679321,36596,36606,10
13.0320196152,80.2306671143,36606,36616,10
13.0328197479,80.2304611206,36616,36626,10
13.0333795547,80.2305297852,36626,36636,10
13.0339403152,80.2305221558,36636,36656,20
13.0344600677,80.2302322388,36656,36696,40
13.034330368,80.2305603027,36696,36707,11
13.0348796844,80.2300872803,36707,36727,20
13.0352602005,80.2295532227,36727,36767,40
13.0348701477,80.2296981812,36767,37009,242
13.0341396332,80.2296905518,37009,37019,10
13.0342998505,80.2297668457,37019,37039,20
13.0347099304,80.2297973633,37039,37049,10
13.0341901779,80.2299880981,37049,37059,10
13.0350599289,80.2295608521,37059,37069,10
13.0347499847,80.2296600342,37069,37160,91
13.0340299606,80.2300415039,37160,37301,141
13.0343198776,80.2299499512,37301,37311,10
13.0349502563,80.2294692993,37311,37462,151
13.0346002579,80.2301101685,37462,37593,131
13.0342998505,80.2299575806,37593,37643,50
13.0338497162,80.2299194336,37643,37654,11
13.0341501236,80.2299118042,37654,37664,10
13.0344800949,80.2298126221,37664,37674,10
13.033539772,80.229927063,37674,37734,60
13.0343704224,80.2300491333,37734,37744,10
13.0336904526,80.2299118042,37744,37764,20
13.0341396332,80.2303009033,37764,37795,31
13.0340499878,80.2302093506,37795,37875,80
13.0345001221,80.2303695679,37875,37884,9
13.0341396332,80.2304992676,37884,38107,223
13.0272102356,80.2322692871,38107,38198,91
13.027299881,80.2331314087,38198,38218,20
13.0274295807,80.2329483032,38218,38308,90
13.0272903442,80.2328109741,38308,38318,10
13.0280103683,80.2331314087,38318,38329,11
13.0270595551,80.2328796387,38329,38762,433
13.0107002258,80.2252883911,38762,38772,10
13.0113201141,80.2247161865,38772,39235,463
13.0039796829,80.2088088989,39235,39245,10
13.0054397583,80.2092208862,39245,39255,10
13.0058202744,80.2094116211,39255,39276,21
13.0057697296,80.2094573975,39276,39296,20
13.0072402954,80.209777832,39296,39306,10
13.0077495575,80.2098693848,39306,39316,10
13.007349968,80.2097396851,39316,44162,4846
12.9224395752,80.1134796143,44162,44172,10
12.9233198166,80.1144180298,44172,44182,10
12.9238595963,80.1148376465,44182,44192,10
12.924949646,80.1159896851,44192,44202,10
12.9253797531,80.1165390015,44202,44212,10
12.9258804321,80.116859436,44212,44222,10
12.9259796143,80.1172180176,44222,44232,10
12.9263696671,80.1175537109,44232,44242,10
12.9266500473,80.1178131104,44242,44252,10
12.9268703461,80.1178894043,44252,44262,10
12.9271001816,80.1180267334,44262,44283,21
12.9268102646,80.1180725098,44283,44293,10
12.9266700745,80.1175765991,44293,44303,10
12.9266901016,80.1176834106,44303,44313,10
12.9267396927,80.1176681519,44313,44323,10
12.9270896912,80.1181335449,44323,44333,10
12.9270896912,80.117980957,44333,44343,10
12.927359581,80.1180114746,44343,44353,10
12.9274301529,80.1182174683,44353,44363,10
12.9276504517,80.1186676025,44363,44373,10
12.9279499054,80.1189804077,44373,44383,10
12.928030014,80.1191101074,44383,44393,10
12.928319931,80.1193618774,44393,44404,11
12.9287595749,80.1198577881,44404,44414,10
12.9289903641,80.1201324463,44414,44424,10
12.9294099808,80.1205368042,44424,44434,10
12.9296703339,80.1206893921,44434,44444,10
12.9301099777,80.1212310791,44444,44454,10
12.9304504395,80.1216125488,44454,44464,10
12.9307203293,80.1218795776,44464,44474,10
12.9309396744,80.1220321655,44474,44484,10
12.9310102463,80.1221084595,44484,44494,10
12.9310503006,80.1221389771,44494,44504,10
12.9311103821,80.1220932007,44504,44514,10
12.9311800003,80.1222229004,44514,44524,10
12.9312496185,80.1223068237,44524,44534,10
12.9313201904,80.1224136353,44534,44544,10
12.9313497543,80.1223831177,44544,44555,11
12.9313697815,80.1224212646,44555,44565,10
12.9314203262,80.1224899292,44565,44575,10
12.9315004349,80.1226196289,44575,44585,10
12.9319000244,80.1229705811,44585,44595,10
12.9327297211,80.1237716675,44595,44605,10
12.9336395264,80.1246490479,44605,44615,10
12.934510231,80.12550354,44615,44625,10
12.9353904724,80.1262435913,44625,44635,10
12.9361095428,80.1268615723,44635,44645,10
12.936630249,80.1273574829,44645,44655,10
12.9369497299,80.1278076172,44655,44675,20
12.937620163,80.1270828247,44675,44686,11
12.9374198914,80.1277084351,44686,44696,10
12.9375495911,80.127532959,44696,44706,10
12.9375801086,80.1278381348,44706,44716,10
12.9372701645,80.1277999878,44716,44726,10
12.937620163,80.1281433105,44726,44736,10
12.9379196167,80.1285171509,44736,44746,10
12.9384899139,80.1290588379,44746,44756,10
12.9396400452,80.1300735474,44756,44766,10
12.9400901794,80.1305007935,44766,44776,10
12.9414997101,80.1319580078,44776,44786,10
12.9422397614,80.1327819824,44786,44817,31
12.9430704117,80.1335983276,44817,44837,20
12.9445495605,80.1349487305,44837,44847,10
12.9457597733,80.1358184814,44847,44857,10
12.9466896057,80.1365203857,44857,44887,30
12.9493999481,80.1385574341,44887,44897,10
12.9502696991,80.1391372681,44897,44907,10
12.9504499435,80.1388397217,44907,44927,20
12.9504995346,80.1393432617,44927,44937,10
12.9508199692,80.1393127441,44937,44948,11
12.9514198303,80.1398925781,44948,44978,30
12.9516801834,80.1402130127,44978,44988,10
12.9519195557,80.140296936,44988,44998,10
12.9520101547,80.1403808594,44998,45008,10
12.952249527,80.1405410767,45008,45018,10
12.9526100159,80.1409988403,45018,45028,10
12.9533596039,80.1419830322,45028,45048,20
12.9541101456,80.1421508789,45048,45058,10
12.9546499252,80.1421813965,45058,45068,10
12.9557304382,80.1430587769,45068,45099,31
12.957449913,80.1440124512,45099,45230,131
12.9685401917,80.1497268677,45230,45240,10
12.9685001373,80.149559021,45240,45260,20
12.9683799744,80.1490631104,45260,45270,10
12.9686002731,80.1494369507,45270,45280,10
12.9693403244,80.1493835449,45280,45290,10
12.9697999954,80.1499328613,45290,45300,10
12.9706697464,80.1510314941,45300,45310,10
12.9714899063,80.1510925293,45310,45320,10
12.9720201492,80.1513214111,45320,45330,10
12.9726696014,80.1518936157,45330,45371,41
12.9730997086,80.1526489258,45371,45381,10
12.9737195969,80.1534423828,45381,45391,10
12.9743499756,80.1545562744,45391,45401,10
12.9748497009,80.1552124023,45401,45411,10
12.9754896164,80.1559371948,45411,45421,10
12.9761295319,80.1571578979,45421,45431,10
12.9766702652,80.1577911377,45431,45441,10
12.9774703979,80.1593170166,45441,45451,10
12.9782600403,80.1604995728,45451,45622,171
12.984459877,80.1715164185,45622,45633,11
12.9851503372,80.1724014282,45633,45653,20
12.9863100052,80.1744003296,45653,45663,10
12.9868497849,80.1751785278,45663,45673,10
12.987279892,80.17578125,45673,45683,10
12.9876203537,80.1760864258,45683,45693,10
12.9883003235,80.1770629883,45693,45713,20
12.9893102646,80.1784591675,45713,45733,20
12.9896802902,80.1787109375,45733,45753,20
12.9911003113,80.181098938,45753,45764,11
12.9919300079,80.1819534302,45764,45774,10
12.992480278,80.1829605103,45774,45784,10
12.9931697845,80.1843414307,45784,45794,10
12.9934797287,80.1842803955,45794,45814,20
12.9939603806,80.1850509644,45814,45824,10
12.9940500259,80.1853790283,45824,45834,10
12.994389534,80.1861495972,45834,45844,10
12.9946203232,80.1868972778,45844,45854,10
12.9952602386,80.1877593994,45854,45864,10
12.9956598282,80.188873291,45864,45874,10
12.9962701797,80.1893920898,45874,45884,10
12.9967803955,80.1898803711,45884,45895,11
12.9972801208,80.1905899048,45895,45905,10
12.9976301193,80.1911315918,45905,45915,10
12.9976596832,80.1908874512,45915,45925,10
12.9979095459,80.1915817261,45925,45935,10
12.9984197617,80.1920700073,45935,45945,10
12.9980697632,80.1915435791,45945,46056,111
13.0022001266,80.1974105835,46056,46076,20
13.0016698837,80.1990432739,46076,46156,80
13.0058298111,80.2025222778,46156,46166,10
13.0062303543,80.2027130127,46166,46227,61
13.0075502396,80.2048187256,46227,46237,10
13.0075502396,80.205947876,46237,46247,10
13.0077896118,80.206817627,46247,46277,30
13.0087003708,80.2102432251,46277,46358,81
13.0089998245,80.2115325928,46358,46388,30
13.0097103119,80.2137908936,46388,46398,10
13.0100002289,80.21434021,46398,46408,10
13.0103302002,80.2154006958,46408,46469,61
13.012260437,80.2207794189,46469,46660,191
13.0207300186,80.2253570557,46660,46670,10
13.0209798813,80.2256088257,46670,46680,10
13.0213098526,80.2259902954,46680,46690,10
13.0216197968,80.2262420654,46690,46701,11
13.0214099884,80.2263793945,46701,46710,9
13.0216398239,80.2261581421,46710,46721,11
13.0217103958,80.2261810303,46721,46731,10
13.0223999023,80.2259597778,46731,46761,30
13.0243196487,80.2281188965,46761,46771,10
13.0243701935,80.2284698486,46771,46781,10
13.0246801376,80.2290115356,46781,46791,10
13.0248403549,80.2293395996,46791,46801,10
13.0251102448,80.2295074463,46801,46811,10
13.025349617,80.2295837402,46811,46821,10
13.0254497528,80.2294921875,46821,46831,10
13.0255298615,80.2294006348,46831,50750,3919
12.9372301102,80.1283721924,50750,50771,21
12.9373102188,80.128326416,50771,50781,10
12.9371299744,80.1279983521,50781,50791,10
12.9369001389,80.1279373169,50791,50801,10
12.9368696213,80.1278610229,50801,50811,10
12.9366998672,80.1275482178,50811,50821,10
12.9362802505,80.1269989014,50821,50831,10
12.9352998734,80.1261978149,50831,50841,10
12.9345798492,80.125289917,50841,50851,10
12.9337797165,80.1243972778,50851,50861,10
12.9328403473,80.1235961914,50861,50871,10
12.9319496155,80.1227798462,50871,50881,10
12.9311103821,80.1219711304,50881,50890,9
12.9302902222,80.121307373,50890,50912,22
12.9282999039,80.1196289063,50912,50922,10
12.9275598526,80.1188583374,50922,50932,10
12.927189827,80.1184463501,50932,50942,10
12.9272899628,80.118637085,50942,50952,10
12.9275302887,80.118888855,50952,50992,40
12.9254198074,80.1172485352,50992,51002,10
12.9254598618,80.1171875,51002,51012,10
12.9254198074,80.1172714233,51012,51021,9
12.9254102707,80.1171722412,51021,51073,52
12.924249649,80.1155471802,51073,51113,40
12.9212999344,80.1126327515,51113,51123,10
12.9204101563,80.1116867065,51123,51133,10
12.9196901321,80.1107406616,51133,51143,10
12.9190397263,80.1096496582,51143,51153,10
12.918390274,80.1086807251,51153,51163,10
12.9179201126,80.1080093384,51163,51174,11
12.9174804688,80.1079406738,51174,51184,10
12.9173698425,80.1078414917,51184,51194,10
12.9170398712,80.1073532104,51194,51254,60
12.9126996994,80.1015777588,51254,51315,61
12.9086503983,80.0985336304,51315,51335,20
12.9074802399,80.0972824097,51335,51345,10
12.9065799713,80.0967102051,51345,51355,10
12.9058504105,80.0962219238,51355,51425,70
12.9060096741,80.0960922241,51425,51434,9
12.9060001373,80.0961074829,51434,51446,12
12.9056501389,80.0958023071,51446,51456,10
12.9054403305,80.0956726074,51456,51466,10
12.9054698944,80.0957183838,51466,51476,10
12.9054298401,80.0956878662,51476,51486,10
12.9052400589,80.0955276489,51486,51496,10
12.9047803879,80.0952072144,51496,51506,10
12.9042196274,80.0947570801,51506,51516,10
12.9036102295,80.0943222046,51516,51526,10
12.9027900696,80.0937271118,51526,51536,10
12.9018802643,80.0930099487,51536,51546,10
12.9008798599,80.0923309326,51546,51556,10
12.8999004364,80.0915679932,51556,51566,10
12.8988399506,80.0908126831,51566,51577,11
12.8977899551,80.0899887085,51577,51587,10
12.8969097137,80.0893096924,51587,51597,10
12.8960800171,80.088722229,51597,51607,10
12.895190239,80.0880584717,51607,51617,10
12.8942298889,80.0873565674,51617,51627,10
12.8933095932,80.0866470337,51627,51637,10
12.8926200867,80.0861434937,51637,51647,10
12.8922901154,80.0857925415,51647,51657,10
12.8927297592,80.0850830078,51657,51667,10
12.8928699493,80.0842437744,51667,51677,10
12.8930797577,80.0833435059,51677,51687,10
12.8931999207,80.0826873779,51687,51697,10
12.8931503296,80.0821762085,51697,51706,9
12.893289566,80.0818634033,51706,51718,12
12.8933296204,80.0816726685,51718,51728,10
12.8934803009,80.0812683105,51728,51738,10
12.8935899734,80.080619812,51738,51748,10
12.8937101364,80.0798568726,51748,51758,10
12.8935899734,80.0793533325,51758,51768,10
12.8928499222,80.0792694092,51768,51778,10
12.8924102783,80.0785980225,51778,51788,10
12.8919200897,80.0778579712,51788,51798,10
12.8919095993,80.0765991211,51798,51808,10
12.8918504715,80.0753173828,51808,51818,10
12.8916397095,80.0740127563,51818,51828,10
12.8914003372,80.0726928711,51828,51838,10
12.8912000656,80.0713272095,51838,51849,11
12.8912296295,80.0702362061,51849,51859,10
12.8911399841,80.0699310303,51859,51869,10
12.8909196854,80.0698013306,51869,51879,10
12.8906297684,80.0698776245,51879,51909,30
12.8887395859,80.0700683594,51909,51919,10
12.8879404068,80.0701217651,51919,51929,10
12.8873996735,80.0701904297,51929,51939,10
12.8869104385,80.0701217651,51939,51949,10
12.8862600327,80.06980896,51949,51959,10
12.8857097626,80.0697174072,51959,51969,10
12.885430336,80.0696792603,51969,51979,10
12.8851995468,80.0696029663,51979,51990,11
12.8849601746,80.0699996948,51990,52000,10
12.8848695755,80.070098877,52000,52010,10
12.885020256,80.0701370239,52010,52090,80
12.8854198456,80.0733337402,52090,52100,10
12.8850402832,80.0734100342,52100,52109,9
12.8847904205,80.0735168457,52109,52121,12
12.8842897415,80.0736236572,52121,52131,10
12.8839597702,80.0737380981,52131,52141,10
12.8835096359,80.0738296509,52141,52151,10
12.8829402924,80.073638916,52151,52161,10
12.8823299408,80.0734634399,52161,52171,10
12.8819799423,80.0736236572,52171,52181,10
12.8816003799,80.0739364624,52181,52312,131
12.8805904388,80.0768203735,52312,52322,10
12.8801898956,80.0765991211,52322,52333,11
12.8800601959,80.076499939,52333,52343,10
12.8799495697,80.0765609741,52343,52353,10
12.8800201416,80.0766601563,52353,52363,10
12.8802404404,80.0766525269,52363,52373,10
12.8804502487,80.0766830444,52373,52383,10
12.8804502487,80.0766677856,52383,52394,11
12.8802404404,80.0766830444,52394,52404,10
12.88022995,80.0766983032,52404,52414,10
12.880200386,80.0766601563,52414,52424,10
12.8804597855,80.0766296387,52424,52434,10
12.8803501129,80.0766983032,52434,52454,20
12.8803501129,80.0766983032,52454,52464,10
12.8799495697,80.0768890381,52464,52474,10
12.8799104691,80.0768966675,52474,52484,10
12.8799295425,80.0768814087,52484,52494,10
12.8803596497,80.0766983032,52494,52504,10
12.88022995,80.0767822266,52504,52514,10
12.8801698685,80.0768127441,52514,52523,9
12.8803796768,80.076751709,52523,52545,22
12.8803796768,80.076751709,52545,52555,10
12.8800802231,80.0768890381,52555,52585,30
12.8808002472,80.0764465332,52585,52595,10
12.8813295364,80.076461792,52595,52605,10
12.8807296753,80.0764389038,52605,52615,10
12.8807897568,80.0764923096,52615,52625,10
12.8801603317,80.0765533447,52625,52635,10
12.8800802231,80.0765914917,52635,52666,31
12.8802700043,80.0766220093,52666,52676,10
12.8800601959,80.0766983032,52676,52686,10
12.880279541,80.0766372681,52686,52696,10
12.8802700043,80.0766525269,52696,52706,10
12.8800201416,80.0767364502,52706,52716,10
12.8803396225,80.0766220093,52716,52726,10
12.8805398941,80.0765609741,52726,52736,10
12.8803901672,80.0766296387,52736,52746,10
12.8803300858,80.0766906738,52746,52756,10
12.8804998398,80.0767974854,52756,52776,20
12.880979538,80.0763320923,52776,52786,10
12.8809995651,80.0763320923,52786,52796,10
12.8807601929,80.0765304565,52796,52807,11
12.8808403015,80.076423645,52807,52817,10
12.8808403015,80.0762176514,52817,52827,10
12.8810501099,80.0758514404,52827,52837,10
12.8810997009,80.0755462646,52837,52847,10
12.8811597824,80.0754013062,52847,52857,10
12.8812198639,80.0750808716,52857,52867,10
12.8812398911,80.0751190186,52867,52877,10
12.8812599182,80.0751571655,52877,52887,10
12.8812503815,80.0751113892,52887,52897,10
12.8813199997,80.0748901367,52897,52907,10
12.881480217,80.0744628906,52907,52917,10
12.8814601898,80.0741577148,52917,52927,10
12.8817796707,80.0737915039,52927,52938,11
12.881770134,80.073600769,52938,52948,10
12.8820800781,80.0731430054,52948,52958,10
12.882349968,80.0732727051,52958,53008,50
12.8856601715,80.0733184814,53008,53018,10
12.8854398727,80.073097229,53018,53028,10
12.8852996826,80.0729217529,53028,53038,10
12.8852596283,80.0724411011,53038,53048,10
12.8852396011,80.0718231201,53048,53058,10
12.8851299286,80.0712966919,53058,53068,10
12.8850297928,80.0709609985,53068,53079,11
12.8850002289,80.0707702637,53079,53089,10
12.8849096298,80.0703277588,53089,53099,10
12.8848695755,80.0698394775,53099,53109,10
12.8853702545,80.0698928833,53109,53119,10
12.8860397339,80.0699310303,53119,53129,10
12.8863897324,80.0698318481,53129,53139,10
12.8866796494,80.0698623657,53139,53149,10
12.8870801926,80.0701904297,53149,53159,10
12.887550354,80.0701980591,53159,53169,10
12.8881196976,80.0702285767,53169,53179,10
12.8887300491,80.0701293945,53179,53260,81
12.8913497925,80.0707321167,53260,53270,10
12.8913097382,80.0716018677,53270,53310,40
12.8919200897,80.0762329102,53310,53320,10
12.8918104172,80.0775375366,53320,53330,10
12.8919296265,80.0786209106,53330,53371,41
12.8935604095,80.0804519653,53371,53391,20
12.8933200836,80.0818481445,53391,53401,10
12.8935003281,80.0823516846,53401,53411,10
12.8931903839,80.0831832886,53411,53421,10
12.8931798935,80.0839920044,53421,53431,10
12.8931598663,80.0849075317,53431,53633,202
12.9050598145,80.0953292847,53633,53643,10
12.9054298401,80.0949478149,53643,53663,20
12.9056797028,80.0953292847,53663,53703,40
12.9054203033,80.0961608887,53703,53925,222
12.9125003815,80.1012573242,53925,53935,10
12.9134502411,80.1014709473,53935,53945,10
12.9140796661,80.1018371582,53945,53955,10
12.9156599045,80.1024093628,53955,53965,10
12.9161396027,80.1033325195,53965,53975,10
12.9160699844,80.1044921875,53975,53985,10
12.9160995483,80.105506897,53985,54066,81
12.9209899902,80.1116714478,54066,54096,30
12.9231595993,80.1141662598,54096,54106,10
12.924079895,80.1146316528,54106,54116,10
12.9245500565,80.1155471802,54116,54146,30
12.9259195328,80.1169891357,54146,54157,11
12.9263601303,80.1172866821,54157,54177,20
12.9263601303,80.1172866821,54177,54187,10
12.926440239,80.1174468994,54187,54197,10
12.9266004562,80.11769104,54197,54207,10
12.9270200729,80.118057251,54207,54227,20
12.9270200729,80.118057251,54227,54237,10
12.9272298813,80.1182479858,54237,54247,10
12.9273395538,80.1184921265,54247,54257,10
12.9275197983,80.1184463501,54257,54267,10
12.9278497696,80.1190567017,54267,54277,10
12.9285001755,80.1196289063,54277,54287,10
12.9289302826,80.1204299927,54287,54298,11
12.9294395447,80.1209716797,54298,54308,10
12.9300203323,80.1211929321,54308,54318,10
12.9304895401,80.1215362549,54318,54328,10
12.9308595657,80.121887207,54328,54338,10
12.9311504364,80.1221008301,54338,54348,10
12.9313802719,80.1223068237,54348,54358,10
12.9315299988,80.1226119995,54358,54378,20
12.9315299988,80.1226119995,54378,54388,10
12.9316997528,80.122467041,54388,54398,10
12.9318704605,80.1223068237,54398,54408,10
12.931810379,80.1223526001,54408,54418,10
12.9317502975,80.1223983765,54418,54428,10
12.9318599701,80.122543335,54428,54439,11
12.9324598312,80.1231536865,54439,54449,10
12.9330301285,80.1240692139,54449,54459,10
12.9338903427,80.1248626709,54459,54469,10
12.934800148,80.1256790161,54469,54479,10
12.9354801178,80.1264038086,54479,54489,10
12.9359302521,80.1268081665,54489,54499,10
12.9363603592,80.1271209717,54499,54509,10
12.9366703033,80.1276931763,54509,54519,10
12.9366798401,80.1276779175,54519,54528,9
12.9367599487,80.1275405884,54528,54539,11
12.9373502731,80.127571106,54539,54549,10
12.9375,80.1278076172,54549,54559,10
12.9374504089,80.1282272339,54559,54570,11
12.9368696213,80.1282272339,54570,54580,10
12.9375400543,80.1279373169,54580,54590,10
12.9376897812,80.1283798218,54590,54600,10
12.9381799698,80.1290435791,54600,54610,10
12.9389696121,80.1298217773,54610,54620,10
12.9399995804,80.130607605,54620,54630,10
12.940990448,80.1313705444,54630,54640,10
12.941740036,80.1324081421,54640,54650,10
12.9423799515,80.1334228516,54650,54660,10
12.9431295395,80.1343231201,54660,54670,10
12.9440002441,80.1346206665,54670,54680,10
12.9445896149,80.1352615356,54680,54689,9
12.9453802109,80.1358032227,54689,54700,11
12.946390152,80.1364822388,54700,54711,11
12.9472904205,80.1373596191,54711,54721,10
12.948220253,80.1379089355,54721,54731,10
12.9492902756,80.1383209229,54731,54741,10
12.9500598907,80.1391983032,54741,54751,10
12.9507598877,80.1397171021,54751,54761,10
12.9514398575,80.1398086548,54761,54771,10
12.951499939,80.1399688721,54771,54781,10
12.9515800476,80.1400527954,54781,54791,10
12.9518003464,80.1402130127,54791,54800,9
12.9519500732,80.1403579712,54800,54811,11
12.9520797729,80.1404495239,54811,54821,10
12.9522199631,80.1403884888,54821,54831,10
12.9522104263,80.1406402588,54831,54842,11
12.9525203705,80.1407699585,54842,54852,10
12.9526395798,80.1410980225,54852,54872,20
12.9526395798,80.1410980225,54872,54882,10
12.9525995255,80.1414108276,54882,54892,10
12.9534196854,80.1416625977,54892,54902,10
12.9542102814,80.1421508789,54902,54912,10
12.9552698135,80.1426620483,54912,54922,10
12.9562196732,80.1430435181,54922,54932,10
12.9561500549,80.1430511475,54932,54942,10
12.9561195374,80.1430206299,54942,54952,10
12.9564504623,80.1432495117,54952,54961,9
12.9570598602,80.1437835693,54961,54972,11
12.9581604004,80.1443786621,54972,54983,11
12.959280014,80.144859314,54983,54993,10
12.9601697922,80.1453094482,54993,55003,10
12.9608001709,80.1456604004,55003,55013,10
12.9610500336,80.1455307007,55013,55023,10
12.9611196518,80.1454696655,55023,55033,10
12.961640358,80.1458435059,55033,55043,10
12.962439537,80.1464691162,55043,55053,10
12.9644603729,80.1477890015,55053,55063,10
12.9644603729,80.1477890015,55063,55073,10
12.9654798508,80.1484222412,55073,55083,10
12.9665203094,80.1489334106,55083,55093,10
12.9675598145,80.1493606567,55093,55103,10
12.9683303833,80.1497573853,55103,55114,11
12.9685401917,80.1500778198,55114,55124,10
12.9688196182,80.1497421265,55124,55134,10
12.9687595367,80.149848938,55134,55144,10
12.9691696167,80.1500396729,55144,55154,10
12.9699497223,80.1503295898,55154,55164,10
12.9707098007,80.1509017944,55164,55174,10
12.9715595245,80.1513519287,55174,55184,10
12.9722995758,80.1519393921,55184,55194,10
12.9730195999,80.1525115967,55194,55325,131
12.9799203873,80.1627502441,55325,55335,10
12.9800395966,80.1630706787,55335,55345,10
12.9800901413,80.163772583,55345,55355,10
12.9802904129,80.1644821167,55355,55436,81
12.9847002029,80.1722717285,55436,55446,10
12.9855804443,80.1725997925,55446,55456,10
12.9862003326,80.1731719971,55456,55466,10
12.9869003296,80.1736221313,55466,55527,61
12.9879398346,80.1772079468,55527,55537,10
12.9885501862,80.1782531738,55537,55547,10
12.9891395569,80.1792602539,55547,55557,10
12.9901599884,80.1794433594,55557,55567,10
12.9909896851,80.1799316406,55567,55597,30
12.9929304123,80.1831207275,55597,55607,10
12.9934301376,80.1840820313,55607,55617,10
12.9940595627,80.1853103638,55617,55627,10
12.994600296,80.1863632202,55627,55637,10
12.995010376,80.1872406006,55637,55647,10
12.9953203201,80.1882019043,55647,55658,11
12.9955797195,80.188621521,55658,55668,10
12.9959201813,80.1892318726,55668,55678,10
12.9964199066,80.1898269653,55678,55688,10
12.9970703125,80.1903610229,55688,55697,9
12.9975204468,80.190826416,55697,55708,11
12.9977397919,80.1912994385,55708,55748,40
12.9993801117,80.193687439,55748,55849,101
13.003279686,80.200668335,55849,55889,40
13.0044403076,80.2013473511,55889,55899,10
13.0051202774,80.2015533447,55899,55950,51
13.0075798035,80.2041778564,55950,55960,10
13.0080299377,80.2029495239,55960,55970,10
13.0074996948,80.2022171021,55970,56071,101
13.0096702576,80.2102127075,56071,56081,10
13.0090703964,80.2108535767,56081,56091,10
13.0092496872,80.2106704712,56091,56363,272
13.0164899826,80.2253189087,56363,56373,10
13.0176696777,80.2246627808,56373,56383,10
13.0181503296,80.2246780396,56383,56393,10
13.0190896988,80.2243118286,56393,56403,10
13.0198497772,80.2243423462,56403,56413,10
13.020190239,80.2248001099,56413,56423,10
13.0207195282,80.2251586914,56423,56433,10
13.0211496353,80.2255096436,56433,56443,10
13.0215597153,80.2260284424,56443,56453,10
13.0215997696,80.2261886597,56453,56464,11
13.0217199326,80.2263793945,56464,56474,10
13.0218601227,80.2265396118,56474,56494,20
13.0228300095,80.2263870239,56494,56504,10
13.0231895447,80.2264328003,56504,56564,60
13.0246896744,80.2290878296,56564,56574,10
13.0249099731,80.2294235229,56574,56583,9
13.0252304077,80.2298278809,56583,56594,11
13.025639534,80.2304000854,56594,56846,252
13.0338897705,80.2302093506,56846,56856,10
13.0338897705,80.2304077148,56856,56897,41
13.0349798203,80.2298736572,56897,56907,10
13.0349197388,80.2299194336,56907,56917,10
13.0348300934,80.2299423218,56917,56957,40
13.0347003937,80.2297897339,56957,56977,20
13.0348596573,80.2300033569,56977,56987,10
13.0348300934,80.2302093506,56987,56997,10
13.0347204208,80.2300491333,56997,57008,11
13.034740448,80.2299880981,57008,57018,10
13.0348596573,80.2299880981,57018,57028,10
13.0346899033,80.2298202515,57028,57491,463
13.0342998505,80.2297134399,57491,57501,10
13.0343198776,80.2302398682,57501,57531,30
13.0344400406,80.2295837402,57531,57542,11
13.0344400406,80.2299728394,57542,57552,10
13.0342998505,80.2297592163,57552,57562,10
13.0342302322,80.2297897339,57562,57602,40
13.0342597961,80.23021698,57602,57612,10
13.0341796875,80.2300567627,57612,57622,10
13.0341596603,80.2300491333,57622,57631,9
13.0341901779,80.2299728394,57631,57642,11
13.0342502594,80.2300491333,57642,57652,10
13.0342702866,80.2299118042,57652,57662,10
13.0343198776,80.2302017212,57662,57693,31
13.0341701508,80.2301177979,57693,57703,10
13.034239769,80.2301101685,57703,57723,20
13.0341997147,80.2305908203,57723,57733,10
13.0342197418,80.2303009033,57733,57743,10
13.0341796875,80.230178833,57743,57753,10
13.0340003967,80.2306594849,57753,57763,10
13.0338401794,80.2301177979,57763,57773,10
13.0336904526,80.2306213379,57773,57783,10
13.0335597992,80.232208252,57783,57793,10
13.0333204269,80.2320480347,57793,57803,10
13.0330600739,80.2330093384,57803,57914,111
13.0277299881,80.2319335938,57914,57943,29
13.0274801254,80.2321090698,57943,57975,32
13.0269699097,80.2328186035,57975,58025,50
13.0252399445,80.2297515869,58025,58035,10
13.0248098373,80.2293167114,58035,58045,10
13.0245504379,80.2287979126,58045,58055,10
13.0243501663,80.2286300659,58055,58065,10
13.0242204666,80.2283325195,58065,58075,10
13.0239200592,80.2279434204,58075,58086,11
13.0234203339,80.2273101807,58086,58096,10
13.0229701996,80.2268218994,58096,58106,10
13.0223703384,80.2266616821,58106,58116,10
13.0224199295,80.2265625,58116,58126,10
13.0222501755,80.2263717651,58126,58136,10
13.0220603943,80.2260284424,58136,58146,10
13.0216302872,80.225730896,58146,58156,10
13.0211000443,80.2252578735,58156,58166,10
13.0204801559,80.224899292,58166,58176,10
13.019780159,80.2244491577,58176,58186,10
13.0189695358,80.2239379883,58186,58196,10
13.0184202194,80.2243499756,58196,58206,10
13.0177097321,80.2246780396,58206,58217,11
13.0169696808,80.2249984741,58217,58227,10
13.0158596039,80.2249984741,58227,58237,10
13.0153999329,80.2254486084,58237,58247,10
13.0152397156,80.2259063721,58247,58257,10
13.0144701004,80.2261428833,58257,58317,60
13.0107803345,80.2269897461,58317,58448,131
13.0118198395,80.2194366455,58448,58478,30
13.010720253,80.2162399292,58478,58519,41
13.0098600388,80.2136611938,58519,58529,10
13.0084295273,80.2136688232,58529,58569,40
13.0082502365,80.2135314941,58569,58630,61
13.0080099106,80.2132034302,58630,58640,10
13.0078001022,80.2131729126,58640,58650,10
13.0073900223,80.2128677368,58650,58660,10
13.0068101883,80.2127075195,58660,58669,9
13.0060901642,80.212890625,58669,58680,11
13.0050201416,80.2127380371,58680,58690,10
13.0045003891,80.2121963501,58690,58700,10
13.0039596558,80.2119064331,58700,58730,30
13.0035495758,80.2101287842,58730,58740,10
13.0034599304,80.2097091675,58740,58750,10
13.0036401749,80.2089080811,58750,58761,11
13.0039901733,80.2085418701,58761,58771,10
13.0044002533,80.2081604004,58771,58791,20
13.0063800812,80.2093811035,58791,58932,141
13.0067195892,80.2039794922,58932,58942,10
13.0059995651,80.2030181885,58942,59022,80
13.0034399033,80.200920105,59022,59033,11
13.0029497147,80.2010726929,59033,59194,161
12.9961204529,80.1894226074,59194,59234,40
12.995880127,80.1890869141,59234,59244,10
12.9956302643,80.1885681152,59244,59335,91
12.9932003021,80.1844482422,59335,59345,10
12.9929103851,80.1831207275,59345,59869,524
12.9648399353,80.1479415894,59869,59879,10
12.9638500214,80.1472930908,59879,59889,10
12.9626998901,80.1468276978,59889,59899,10
12.9617795944,80.1461410522,59899,59909,10
12.9608297348,80.1457290649,59909,59969,60
12.9589796066,80.1444320679,59969,59990,21
12.956870079,80.1434020996,59990,60030,40
12.953619957,80.1420211792,60030,60040,10
12.953619957,80.1426467896,60040,60050,10
12.953379631,80.1429367065,60050,60060,10
12.9528503418,80.1424026489,60060,60070,10
12.9525003433,80.1423492432,60070,60080,10
12.951880455,80.1407012939,60080,60332,252
12.937669754,80.1285476685,60332,60342,10
12.9371900558,80.1282577515,60342,60352,10
12.9370603561,80.127822876,60352,60362,10
12.9371004105,80.1275863647,60362,60373,11
12.936829567,80.127746582,60373,60383,10
12.9365701675,80.1272964478,60383,60393,10
12.936249733,80.1267776489,60393,60403,10
12.9358196259,80.1259536743,60403,60413,10
12.9353103638,80.125038147,60413,60423,10
12.9349803925,80.1240997314,60423,60433,10
12.9337100983,80.1237869263,60433,60443,10
12.9326295853,80.1230773926,60443,60453,10
12.9318399429,80.123008728,60453,60463,10
12.9309902191,80.1233520508,60463,60473,10
12.930729866,80.1232833862,60473,60483,10
12.930439949,80.1232376099,60483,60493,10
12.9300098419,80.1226196289,60493,60502,9
12.929309845,80.1221313477,60502,60655,153
12.925860405,80.1172180176,60655,60665,10
12.9260997772,80.1174087524,60665,60675,10
12.926609993,80.117401123,60675,60685,10
12.9268703461,80.1171875,60685,60695,10
12.9268198013,80.1168823242,60695,60705,10
12.9272203445,80.1167984009,60705,60826,121
12.9168100357,80.1071166992,60826,60836,10
12.9163799286,80.1064605713,60836,60846,10
12.9159698486,80.1047897339,60846,60856,10
12.91547966,80.103553772,60856,60866,10
12.9147796631,80.1026611328,60866,60876,10
12.9137401581,80.1019668579,60876,60886,10
12.9126996994,80.1015014648,60886,60896,10
12.911649704,80.1014175415,60896,60906,10
12.9106397629,80.1011734009,60906,60917,11
12.9095802307,80.1007003784,60917,60997,80
12.9062299728,80.0961990356,60997,61007,10
12.9062204361,80.0963592529,61007,61017,10
12.9062299728,80.0963287354,61017,61027,10
12.9061203003,80.0964889526,61027,61037,10
12.9060897827,80.096572876,61037,61048,11
12.9060497284,80.0963592529,61048,61058,10
12.9059696198,80.0964202881,61058,61068,10
12.9059095383,80.096496582,61068,61078,10
12.9059400558,80.0965805054,61078,61088,10
12.9059896469,80.096496582,61088,61098,10
12.9061498642,80.096572876,61098,61108,10
12.9062995911,80.0967178345,61108,61319,211
12.8929395676,80.085319519,61319,61330,11
12.8930101395,80.0845184326,61330,61340,10
12.8929300308,80.0823898315,61340,61350,10
12.8929796219,80.0812911987,61350,61360,10
12.8930397034,80.0802993774,61360,61370,10
12.8930397034,80.0790023804,61370,61884,514
12.8812999725,80.075088501,61884,61894,10
12.8811998367,80.0755081177,61894,61904,10
12.8810501099,80.075920105,61904,61914,10
12.880900383,80.0762634277,61914,61924,10
12.8808403015,80.0766677856,61924,61934,10
12.8807897568,80.0766372681,61934,61944,10
12.8806600571,80.0768203735,61944,61954,10
12.8804197311,80.0767211914,61954,61964,10
12.8802604675,80.0767822266,61964,61974,10
12.8799495697,80.0766677856,61974,61983,9
12.8796901703,80.0765686035,61983,61995,12
12.8801002502,80.0763626099,61995,62005,10
12.8803396225,80.0763778687,62005,62015,10
12.8805904388,80.0761871338,62015,62025,10
12.8804702759,80.0764007568,62025,62035,10
12.880279541,80.0767593384,62035,62045,10
12.8802604675,80.0768508911,62045,62055,10
12.8802404404,80.0769577026,62055,62367,312
12.8803901672,80.0767211914,62367,62377,10
12.8804197311,80.0767211914,62377,62386,9
12.8804397583,80.076713562,62386,62397,11
12.8804798126,80.0766906738,62397,62408,11
12.8804702759,80.0766830444,62408,62418,10
12.8804197311,80.076713562,62418,62428,10
12.8803901672,80.0767288208,62428,62438,10
12.8804197311,80.0767364502,62438,62448,10
12.880399704,80.0767288208,62448,62539,91
12.880399704,80.0767288208,62539,62549,10
12.8804597855,80.0768203735,62549,62559,10
12.8806695938,80.0765609741,62559,62569,10
12.8807497025,80.0760421753,62569,62579,10
12.880979538,80.0760574341,62579,62589,10
12.8810796738,80.0754089355,62589,62599,10
12.8811597824,80.0745773315,62599,62639,40
12.881939888,80.074180603,62639,62659,20
12.8817596436,80.0737075806,62659,62669,10
12.8819198608,80.0735702515,62669,62680,11
12.8821296692,80.073348999,62680,62690,10
12.882399559,80.0732192993,62690,62700,10
12.8831701279,80.0732803345,62700,62710,10
12.883939743,80.0733566284,62710,62720,10
12.884519577,80.0733108521,62720,62730,10
12.8852300644,80.0734329224,62730,62740,10
12.8855304718,80.073387146,62740,62750,10
12.8854198456,80.0732192993,62750,62760,10
12.8852596283,80.0727005005,62760,62831,71
12.8851203918,80.0697479248,62831,62841,10
12.8853998184,80.069732666,62841,62851,10
12.8858604431,80.0697937012,62851,62871,20
12.8858604431,80.0697937012,62871,62881,10
12.8859100342,80.0698471069,62881,62891,10
12.8859395981,80.0698623657,62891,62901,10
12.8859500885,80.0698623657,62901,62911,10
12.8861398697,80.0699615479,62911,62921,10
12.8862400055,80.0699768066,62921,62931,10
12.8861703873,80.0698928833,62931,62941,10
12.8863296509,80.0697937012,62941,62952,11
12.8865995407,80.0698623657,62952,62962,10
12.8869104385,80.0701675415,62962,62972,10
12.887339592,80.0701904297,62972,62982,10
12.8881397247,80.0701522827,62982,62992,10
12.8890399933,80.0701599121,62992,63002,10
12.8896903992,80.0701522827,63002,63012,10
12.8902301788,80.0700912476,63012,63022,10
12.890709877,80.0700302124,63022,63032,10
12.8910303116,80.0699996948,63032,63042,10
12.8913297653,80.0698928833,63042,63062,20
12.8913297653,80.0698928833,63062,63072,10
12.8913097382,80.0699310303,63072,63083,11
12.8913602829,80.0700912476,63083,63093,10
12.8913698196,80.0701675415,63093,63103,10
12.8913097382,80.0704727173,63103,63113,10
12.8913698196,80.0713195801,63113,63123,10
12.8914804459,80.0725021362,63123,63133,10
12.8917598724,80.0738220215,63133,63143,10
12.8918600082,80.0753173828,63143,63153,10
12.8919496536,80.0767364502,63153,63163,10
12.8920202255,80.0780487061,63163,63173,10
12.8924703598,80.0786972046,63173,63183,10
12.8927202225,80.079246521,63183,63193,10
12.8932800293,80.0792388916,63193,63202,9
12.8936395645,80.0795593262,63202,63213,11
12.893699646,80.0802764893,63213,63224,11
12.8936595917,80.0809173584,63224,63234,10
12.8935899734,80.0812530518,63234,63244,10
12.8934803009,80.0819702148,63244,63254,10
12.8933696747,80.0829772949,63254,63264,10
12.893119812,80.0840606689,63264,63274,10
12.8929796219,80.0849533081,63274,63284,10
12.8928403854,80.0856704712,63284,63294,10
12.8928604126,80.0859527588,63294,63304,10
12.8933801651,80.0863265991,63304,63314,10
12.8942604065,80.0869979858,63314,63324,10
12.8951702118,80.0876464844,63324,63334,10
12.8959598541,80.0883483887,63334,63343,9
12.896780014,80.0889968872,63343,63355,12
12.8980197906,80.0899429321,63355,63365,10
12.8992004395,80.0908508301,63365,63375,10
12.900349617,80.0916976929,63375,63385,10
12.9014701843,80.0925521851,63385,63395,10
12.9025497437,80.0933227539,63395,63405,10
12.9034404755,80.0939407349,63405,63415,10
12.9036502838,80.0941696167,63415,63425,10
12.9038095474,80.0942611694,63425,63435,10
12.9039897919,80.0943603516,63435,63445,10
12.9040699005,80.0944137573,63445,63455,10
12.9041996002,80.0944824219,63455,63465,10
12.9043703079,80.0946502686,63465,63474,9
12.9047298431,80.0949630737,63474,63485,11
12.9050998688,80.095161438,63485,63496,11
12.9053401947,80.0952987671,63496,63536,40
12.9053401947,80.0952987671,63536,63546,10
12.9052696228,80.0953979492,63546,63556,10
12.9058198929,80.0958633423,63556,63566,10
12.9063997269,80.0961532593,63566,63616,50
12.9064903259,80.0962371826,63616,63687,71
12.9064903259,80.0962371826,63687,63697,10
12.9068098068,80.0965194702,63697,63707,10
12.9073400497,80.0970230103,63707,63717,10
12.9081697464,80.0976409912,63717,63727,10
12.9088602066,80.0983123779,63727,63746,19
12.9088602066,80.0983123779,63746,63757,11
12.9089803696,80.0983200073,63757,63768,11
12.9093999863,80.0988693237,63768,63778,10
12.9098596573,80.0996627808,63778,63788,10
12.9104604721,80.1007232666,63788,63798,10
12.9113502502,80.1013870239,63798,63808,10
12.9124202728,80.1015396118,63808,63818,10
12.9135503769,80.1016082764,63818,63828,10
12.9146699905,80.1018600464,63828,63838,10
12.9156303406,80.1027984619,63838,63848,10
12.9159002304,80.1042098999,63848,63857,9
12.9160995483,80.1054000854,63857,63868,11
12.9166603088,80.1065063477,63868,63878,10
12.9172296524,80.107421875,63878,63888,10
12.9175395966,80.108001709,63888,63899,11
12.9177598953,80.1083374023,63899,63909,10
12.9181699753,80.1087875366,63909,63919,10
12.918680191,80.1094436646,63919,63929,10
12.9192304611,80.1100692749,63929,63939,10
12.919670105,80.1106109619,63939,63949,10
12.9203901291,80.1113433838,63949,63959,10
12.9211397171,80.1120834351,63959,63969,10
12.9219503403,80.1129684448,63969,63979,10
12.9228401184,80.1138763428,63979,63989,10
12.9236602783,80.114616394,63989,63999,10
12.9242897034,80.1152801514,63999,64009,10
12.9249801636,80.1159973145,64009,64019,10
12.9255895615,80.1166229248,64019,64030,11
12.9259004593,80.1168899536,64030,64040,10
12.9260797501,80.1171722412,64040,64050,10
12.9262895584,80.1173782349,64050,64060,10
12.9265899658,80.1176376343,64060,64080,20
12.9265899658,80.1176376343,64080,64090,10
12.9268302917,80.1178207397,64090,64100,10
12.9270000458,80.1179580688,64100,64110,10
12.9270095825,80.1179428101,64110,64120,10
12.9269695282,80.1179504395,64120,64150,30
12.9269695282,80.1179504395,64150,64160,10
12.9272098541,80.1181793213,64160,64231,71
12.9272098541,80.1181793213,64231,64241,10
12.9273099899,80.1184234619,64241,64251,10
12.9272899628,80.1184234619,64251,64261,10
12.9274101257,80.1185379028,64261,64271,10
12.927740097,80.118850708,64271,64281,10
12.9283103943,80.1194000244,64281,64290,9
12.9289197922,80.1199798584,64290,64301,11
12.9296998978,80.1207504272,64301,64312,11
12.9305400848,80.1214904785,64312,64322,10
12.9312095642,80.1221618652,64322,64332,10
12.9316902161,80.1226196289,64332,64342,10
12.9322099686,80.1231536865,64342,64352,10
12.9327697754,80.1237335205,64352,64362,10
12.9333600998,80.1243972778,64362,64372,10
12.9338903427,80.1249771118,64372,64382,10
12.9344701767,80.1255111694,64382,64392,10
12.9350204468,80.1260223389,64392,64402,10
12.9355602264,80.1264419556,64402,64412,10
12.9358196259,80.1266403198,64412,64422,10
12.9360103607,80.1267776489,64422,64443,21
12.9360103607,80.1267776489,64443,64453,10
12.9361200333,80.1268768311,64453,64463,10
12.9363098145,80.1271209717,64463,64473,10
12.9366102219,80.1273269653,64473,64483,10
12.9367303848,80.1271362305,64483,64493,10
12.9370603561,80.126701355,64493,64503,10
12.9376497269,80.1271514893,64503,64513,10
12.9376602173,80.1276321411,64513,64523,10
12.937379837,80.1277084351,64523,64533,10
12.9373502731,80.127243042,64533,64543,10
12.9373903275,80.127456665,64543,64553,10
12.937379837,80.1279983521,64553,64563,10
12.9375600815,80.1281890869,64563,64574,11
12.9380397797,80.1287384033,64574,64584,10
12.9388999939,80.1294937134,64584,64594,10
12.9398803711,80.1304397583,64594,64604,10
12.9409303665,80.131401062,64604,64614,10
12.9417600632,80.132270813,64614,64624,10
12.9422197342,80.1326675415,64624,64634,10
12.9423303604,80.1328277588,64634,64644,10
12.9425497055,80.1330184937,64644,64654,10
12.9434204102,80.1341323853,64654,64664,10
12.9441404343,80.1345977783,64664,64674,10
12.9450101852,80.135269165,64674,64684,10
12.9459896088,80.1360092163,64684,64693,9
12.9468603134,80.136680603,64693,64704,11
12.9476299286,80.1372375488,64704,64714,10
12.9483995438,80.1377487183,64714,64725,11
12.9493703842,80.1384811401,64725,64735,10
12.9501199722,80.1390380859,64735,64745,10
12.9504899979,80.1393127441,64745,64755,10
12.9504699707,80.1393280029,64755,64765,10
12.9504098892,80.1393203735,64765,64775,10
12.9504003525,80.1393432617,64775,64785,10
12.9506702423,80.1395187378,64785,64795,10
12.9512195587,80.139831543,64795,64805,10
12.9513702393,80.1399230957,64805,64815,10
12.9512395859,80.1396636963,64815,64825,10
12.9514102936,80.1399536133,64825,64835,10
12.9517202377,80.1401824951,64835,64846,11
12.9520998001,80.1406097412,64846,64856,10
12.952249527,80.1408233643,64856,64886,30
12.952249527,80.1408233643,64886,64896,10
12.9526796341,80.1410903931,64896,64906,10
12.95291996,80.1412963867,64906,64916,10
12.9533901215,80.1416091919,64916,64926,10
12.9539699554,80.1419296265,64926,64936,10
12.9547700882,80.142326355,64936,64946,10
12.9558095932,80.1428909302,64946,64956,10
12.9568300247,80.1435089111,64956,64966,10
12.9577598572,80.1439666748,64966,64976,10
12.9587697983,80.1444396973,64976,64987,11
12.9599504471,80.1451187134,64987,64997,10
12.9606895447,80.1454086304,64997,65007,10
12.9605998993,80.145362854,65007,65027,20
12.9605998993,80.145362854,65027,65037,10
12.9608297348,80.1455001831,65037,65047,10
12.9610795975,80.1457214355,65047,65057,10
12.9615402222,80.145980835,65057,65067,10
12.9623298645,80.1463699341,65067,65077,10
12.9631795883,80.1467971802,65077,65087,10
12.9639196396,80.147277832,65087,65097,10
12.9645004272,80.1475906372,65097,65107,10
12.9652204514,80.1479797363,65107,65118,11
12.9660997391,80.1484069824,65118,65128,10
12.9668798447,80.1487426758,65128,65138,10
12.967209816,80.1488723755,65138,65148,10
12.9671602249,80.1488876343,65148,65158,10
12.9673700333,80.148979187,65158,65168,10
12.9676103592,80.1491470337,65168,65178,10
12.968079567,80.1493225098,65178,65188,10
12.9685602188,80.149520874,65188,65208,20
12.9685602188,80.149520874,65208,65218,10
12.9688100815,80.1496963501,65218,65228,10
12.969499588,80.1500778198,65228,65238,10
12.970290184,80.1504821777,65238,65248,10
12.9711399078,80.1509017944,65248,65259,11
12.9717597961,80.1510925293,65259,65269,10
12.9717197418,80.1510772705,65269,65279,10
12.9717597961,80.1511077881,65279,65289,10
12.9721698761,80.1513595581,65289,65299,10
12.9727497101,80.1521377563,65299,65309,10
12.9731502533,80.1527023315,65309,65319,10
12.9731702805,80.152671814,65319,65349,30
12.9731702805,80.152671814,65349,65359,10
12.9732999802,80.1530609131,65359,65369,10
12.9737300873,80.1536178589,65369,65378,9
12.9742803574,80.1543426514,65378,65390,12
12.9749298096,80.1552810669,65390,65400,10
12.9755096436,80.1561737061,65400,65410,10
12.9761104584,80.1570968628,65410,65420,10
12.9767599106,80.1580429077,65420,65430,10
12.977350235,80.1588516235,65430,65440,10
12.9779596329,80.1597518921,65440,65450,10
12.9785499573,80.1606216431,65450,65460,10
12.9791297913,80.1613922119,65460,65470,10
12.9796495438,80.1621170044,65470,65480,10
12.9799804688,80.162651062,65480,65490,10
12.9800901413,80.162902832,65490,65500,10
12.9800901413,80.1629333496,65500,65510,10
12.9802398682,80.1635513306,65510,65521,11
12.9804496765,80.1645584106,65521,65531,10
12.9808397293,80.1654815674,65531,65541,10
12.9813404083,80.1663208008,65541,65551,10
12.9814996719,80.1665420532,65551,65561,10
12.981710434,80.1664810181,65561,65571,10
12.9818000793,80.1669082642,65571,65581,10
12.9821100235,80.1676101685,65581,65591,10
12.9826698303,80.168510437,65591,65601,10
12.9830904007,80.1693191528,65601,65611,10
12.9836997986,80.1702270508,65611,65621,10
12.9842395782,80.1710968018,65621,65631,10
12.9847698212,80.1720733643,65631,65641,10
12.9853897095,80.172958374,65641,65651,10
12.9858999252,80.1737136841,65651,65662,11
12.9862699509,80.1743927002,65662,65672,10
12.9865398407,80.1747207642,65672,65692,20
12.9865398407,80.1747207642,65692,65702,10
12.9866504669,80.174949646,65702,65712,10
12.9870195389,80.175491333,65712,65722,10
12.987449646,80.1761932373,65722,65732,10
12.9880104065,80.1769866943,65732,65742,10
12.9886102676,80.1778717041,65742,65752,10
12.9891796112,80.1786804199,65752,65762,10
12.9898099899,80.1794509888,65762,65772,10
12.9904298782,80.1800689697,65772,65782,10
12.9910001755,80.1807479858,65782,65793,11
12.9916400909,80.1815032959,65793,65803,10
12.9919204712,80.1818618774,65803,65813,10
12.9923295975,80.1825180054,65813,65823,10
12.9928102493,80.1832122803,65823,65833,10
12.9930095673,80.1836776733,65833,65843,10
12.9933204651,80.1841812134,65843,65853,10
12.9936199188,80.1847305298,65853,65863,10
12.9939203262,80.1852798462,65863,65883,20
12.9939203262,80.1852798462,65883,65893,10
12.9941101074,80.185508728,65893,65903,10
12.9944696426,80.1861877441,65903,65913,10
12.994720459,80.1868515015,65913,65923,10
12.9947795868,80.1871109009,65923,65934,11
12.9947795868,80.1871032715,65934,65944,10
12.9948997498,80.1871337891,65944,65954,10
12.9949903488,80.1874389648,65954,65964,10
12.9951696396,80.1878204346,65964,65974,10
12.9954099655,80.1883087158,65974,65984,10
12.9957799911,80.1887969971,65984,66024,40
12.9957799911,80.1887969971,66024,66034,10
12.9958000183,80.1890335083,66034,66044,10
12.9961204529,80.1893386841,66044,66053,9
12.9965801239,80.1898880005,66053,66065,12
12.9974002838,80.1907119751,66065,66075,10
12.9978504181,80.1913070679,66075,66085,10
12.9982299805,80.1919326782,66085,66095,10
12.9986696243,80.1924362183,66095,66105,10
12.9989595413,80.1930770874,66105,66115,10
12.9994697571,80.1937026978,66115,66125,10
13.0001401901,80.1943969727,66125,66135,10
13.0006904602,80.1950378418,66135,66145,10
13.0012197495,80.1958084106,66145,66155,10
13.0017795563,80.196647644,66155,66165,10
13.0020704269,80.1976699829,66165,66175,10
13.0018701553,80.1987609863,66175,66185,10
13.0017995834,80.1997375488,66185,66195,10
13.0023298264,80.2005233765,66195,66206,11
13.0033798218,80.2008209229,66206,66216,10
13.0040502548,80.2007369995,66216,66226,10
13.0038604736,80.2007217407,66226,66236,10
13.0040502548,80.200958252,66236,66246,10
13.00481987,80.201210022,66246,66256,10
13.0055999756,80.2017822266,66256,66266,10
13.0061302185,80.2026367188,66266,66276,10
13.006770134,80.2032394409,66276,66286,10
13.0072402954,80.2036132813,66286,66296,10
13.0077896118,80.2037811279,66296,66306,10
13.0084104538,80.2035369873,66306,66316,10
13.008600235,80.2030715942,66316,66327,11
13.0079698563,80.2030105591,66327,66337,10
13.0075798035,80.2046432495,66337,66347,10
13.0076198578,80.2058029175,66347,66357,10
13.0077800751,80.2067718506,66357,66367,10
13.0078802109,80.2076416016,66367,66377,10
13.0078697205,80.2084732056,66377,66397,20
13.0084495544,80.2104797363,66397,66407,10
13.0092601776,80.2109298706,66407,66417,10
13.0094299316,80.2109985352,66417,66427,10
13.00922966,80.2107925415,66427,66437,10
13.00922966,80.2109069824,66437,66447,10
13.009349823,80.2110900879,66447,66457,10
13.0092201233,80.2114868164,66457,66468,11
13.0091400146,80.2119216919,66468,66478,10
13.00963974,80.2135696411,66478,66488,10
13.00963974,80.2135696411,66488,66498,10
13.0100898743,80.2143630981,66498,66506,8
13.0101995468,80.215057373,66506,66518,12
13.0103197098,80.2161178589,66518,66528,10
13.0104999542,80.217086792,66528,66548,20
13.0117502213,80.2190093994,66548,66558,10
13.0121297836,80.2200012207,66558,66568,10
13.0122995377,80.2210006714,66568,66578,10
13.0124998093,80.2216186523,66578,66588,10
13.0127801895,80.2218399048,66588,66599,11
13.0133104324,80.2223510742,66599,66619,20
13.0136003494,80.2227325439,66619,66629,10
13.0138597488,80.2232971191,66629,66639,10
13.0140695572,80.223487854,66639,66649,10
13.014380455,80.2238311768,66649,66659,10
13.0147600174,80.2242736816,66659,66669,10
13.0150203705,80.2246704102,66669,66679,10
13.0151796341,80.2247467041,66679,66689,10
13.0151996613,80.224861145,66689,66699,10
13.0153303146,80.2248535156,66699,66709,10
13.0155200958,80.2250137329,66709,66719,10
13.0160303116,80.2253189087,66719,66729,10
13.0169000626,80.2252807617,66729,66770,41
13.0201301575,80.2247619629,66770,66780,10
13.0205698013,80.2249221802,66780,66790,10
13.0211400986,80.2255172729,66790,66800,10
13.0215997696,80.225769043,66800,66810,10
13.0221004486,80.2263565063,66810,66820,10
13.0220298767,80.2263565063,66820,66830,10
13.0219297409,80.226272583,66830,66840,10
13.0222597122,80.2264099121,66840,66850,10
13.0227203369,80.2269363403,66850,66860,10
13.0231704712,80.2276077271,66860,66871,11
13.023850441,80.2280731201,66871,66881,10
13.0241603851,80.2282409668,66881,66891,10
13.024189949,80.2282333374,66891,66901,10
13.0243396759,80.2283401489,66901,66911,10
13.0246095657,80.2287979126,66911,66921,10
13.0249595642,80.2293395996,66921,66931,10
13.0253896713,80.2298736572,66931,66941,10
13.0257701874,80.2304077148,66941,66951,10
13.0260295868,80.2308578491,66951,66990,39
13.0260295868,80.2308578491,66990,67002,12
13.0261001587,80.2308578491,67002,67012,10
13.0259399414,80.2308578491,67012,67032,20
13.0259399414,80.2308578491,67032,67052,20
13.0274496078,80.2309036255,67052,67062,10
13.0276298523,80.2306594849,67062,67072,10
13.0276203156,80.2307510376,67072,67082,10
13.0278701782,80.2309188843,67082,67112,30
13.0286502838,80.2308578491,67112,67122,10
13.0292100906,80.2309188843,67122,67132,10
13.0293397903,80.23072052,67132,67173,41
13.0306501389,80.2306976318,67173,67183,10
13.0307397842,80.2306137085,67183,67193,10
13.0305500031,80.230430603,67193,67203,10
13.0306501389,80.2305831909,67203,67213,10
13.0307798386,80.2305526733,67213,67223,10
13.0308103561,80.23072052,67223,67233,10
13.0307302475,80.23072052,67233,67243,10
13.0306797028,80.2307434082,67243,67253,10
13.0307798386,80.2308197021,67253,67263,10
13.0306901932,80.2307662964,67263,67274,11
13.0305099487,80.23072052,67274,67284,10
13.0306100845,80.2306594849,67284,67294,10
13.0311698914,80.2306900024,67294,67304,10
13.0317401886,80.2305679321,67304,67313,9
13.0322799683,80.2304916382,67313,67324,11
13.032910347,80.2303237915,67324,67334,10
13.0333900452,80.2300415039,67334,67344,10
13.0339298248,80.2303314209,67344,67354,10
13.0340795517,80.2303771973,67354,67364,10
13.034119606,80.2303009033,67364,67374,10
13.0342102051,80.2303314209,67374,67384,10
13.0343103409,80.2303466797,67384,67394,10
13.0343904495,80.2303771973,67394,67405,11
13.0344400406,80.2304229736,67405,67415,10
13.0345401764,80.2303695679,67415,67425,10
13.0347099304,80.230178833,67425,67435,10
13.0348701477,80.2300033569,67435,67445,10
13.0346698761,80.2297668457,67445,67455,10
13.0346298218,80.2297668457,67455,67505,50
13.0346298218,80.2297668457,67505,67515,10
13.034529686,80.2298431396,67515,67525,10
13.0344896317,80.2298431396,67525,67535,10
13.0344104767,80.2297592163,67535,67546,11
13.0343503952,80.2296524048,67546,67556,10
13.034239769,80.2294311523,67556,67566,10
13.0342302322,80.2294464111,67566,67576,10
13.0341796875,80.2294082642,67576,67586,10
13.0346097946,80.2299880981,67586,67596,10
13.0343999863,80.2299423218,67596,67606,10
13.034330368,80.2297515869,67606,67636,30
13.034330368,80.2297515869,67636,67687,51
13.0349397659,80.2306671143,67687,67697,10
13.034040451,80.2294311523,67697,67707,10
13.0339403152,80.2295379639,67707,67717,10
13.0341901779,80.2297515869,67717,67727,10
13.0333204269,80.2290496826,67727,67868,141
13.034070015,80.2299804688,67868,67878,10
13.0342597961,80.2296905518,67878,67888,10
13.0341396332,80.2298202515,67888,67898,10
13.034239769,80.2295913696,67898,67908,10
13.0342597961,80.2297134399,67908,67918,10
13.034330368,80.2297210693,67918,67937,19
13.0344400406,80.2301635742,67937,67949,12
13.034119606,80.2297973633,67949,67959,10
13.0342702866,80.2298812866,67959,67969,10
13.034070015,80.2296600342,67969,67979,10
13.0341501236,80.2296218872,67979,67989,10
13.0340795517,80.229347229,67989,68009,20
13.0339298248,80.2294235229,68009,68068,59
13.0342197418,80.2299423218,68068,68090,22
13.0344495773,80.2301483154,68090,68100,10
13.0341100693,80.2295837402,68100,68110,10
13.0341501236,80.229637146,68110,68120,10
13.0342798233,80.2299575806,68120,68130,10
13.0342197418,80.2296524048,68130,68140,10
13.0341997147,80.2296829224,68140,68150,10
13.0347299576,80.2298812866,68150,68160,10
13.0341997147,80.2294082642,68160,68170,10
13.0346097946,80.2300720215,68170,68180,10
13.0341501236,80.2297134399,68180,68241,61
13.0340995789,80.2297363281,68241,68251,10
13.0340499878,80.2296829224,68251,68261,10
13.0340795517,80.229850769,68261,68271,10
13.0341300964,80.2297286987,68271,68281,10
13.0341501236,80.2296829224,68281,68291,10
13.0340299606,80.2296600342,68291,68301,10
13.0340499878,80.2298812866,68301,68311,10
13.0340595245,80.2302017212,68311,68321,10
13.0339803696,80.2303771973,68321,68331,10
13.0338802338,80.2305679321,68331,68341,10
13.0338001251,80.2306976318,68341,68352,11
13.0334100723,80.2307815552,68352,68362,10
13.0326404572,80.2305526733,68362,68372,10
13.0320997238,80.2305221558,68372,68382,10
13.03166008,80.2306137085,68382,68392,10
13.0314903259,80.2305221558,68392,68402,10
13.0313100815,80.2307128906,68402,68412,10
13.0311098099,80.2306518555,68412,68422,10
13.0308303833,80.2303237915,68422,68432,10
13.0306901932,80.2301330566,68432,68442,10
13.0303096771,80.2293395996,68442,68452,10
13.0306396484,80.2304763794,68452,68462,10
13.0305204391,80.2308502197,68462,68472,10
13.0303201675,80.2308807373,68472,68493,21
13.0303201675,80.2308807373,68493,68503,10
13.0302801132,80.2309570313,68503,68513,10
13.0302801132,80.2308883667,68513,68523,10
13.0301103592,80.2308807373,68523,68533,10
13.0301904678,80.2309036255,68533,68543,10
13.0302600861,80.2309875488,68543,68553,10
13.0299501419,80.2309799194,68553,68563,10
13.0297698975,80.2310562134,68563,68573,10
13.0292701721,80.2311019897,68573,68583,10
13.0287103653,80.231086731,68583,68593,10
13.0283699036,80.2310562134,68593,68613,20
13.0285396576,80.2323913574,68613,68634,21
13.0275497437,80.2330780029,68634,68644,10
13.0270996094,80.2327423096,68644,68654,10
13.027130127,80.2328720093,68654,68664,10
13.0272197723,80.2329406738,68664,68674,10
13.0272197723,80.233001709,68674,68684,10
13.0269899368,80.2328872681,68684,68694,10
13.0269804001,80.2329788208,68694,68704,10
13.0270595551,80.2331695557,68704,68714,10
13.0269098282,80.233291626,68714,68724,10
13.0266399384,80.2331314087,68724,68734,10
13.0262098312,80.2328262329,68734,68743,9
13.026049614,80.2325897217,68743,68755,12
13.0258598328,80.2322006226,68755,68805,50
13.0251197815,80.2293167114,68805,68815,10
13.0249595642,80.2290802002,68815,68825,10
13.0250902176,80.2295837402,68825,68845,20
13.0252199173,80.2298812866,68845,68855,10
13.0252599716,80.2298278809,68855,68865,10
13.0253295898,80.2297973633,68865,68875,10
13.0252599716,80.2297210693,68875,68885,10
13.0248498917,80.2291564941,68885,68896,11
13.0244903564,80.2289276123,68896,68906,10
13.0242900848,80.2286300659,68906,68916,10
13.0241498947,80.2284393311,68916,68926,10
13.0239400864,80.2281265259,68926,68936,10
13.0236997604,80.2278671265,68936,68946,10
13.0230197906,80.2274017334,68946,68956,10
13.0224103928,80.2268600464,68956,68966,10
13.0223197937,80.2265396118,68966,68976,10
13.0221796036,80.2261123657,68976,68986,10
13.0223798752,80.2266464233,68986,68996,10
13.0223302841,80.226600647,68996,69006,10
13.0222196579,80.2264633179,69006,69027,21
13.0203695297,80.2247009277,69027,69037,10
13.0207195282,80.2253265381,69037,69047,10
13.0204401016,80.2253189087,69047,69057,10
13.0202798843,80.225227356,69057,69077,20
13.0179300308,80.2248001099,69077,69087,10
13.0168800354,80.2252120972,69087,69097,10
13.0162401199,80.2255172729,69097,69107,10
13.0158500671,80.225692749,69107,69117,10
13.0150604248,80.2259979248,69117,69127,10
13.0145101547,80.2261962891,69127,69137,10
13.013879776,80.22631073,69137,69147,10
13.0137796402,80.2264785767,69147,69158,11
13.0137395859,80.2265319824,69158,69168,10
13.0132198334,80.2266387939,69168,69178,10
13.0122699738,80.2270431519,69178,69188,10
13.0110702515,80.2273635864,69188,69198,10
13.0100402832,80.2277526855,69198,69208,10
13.0093202591,80.2276611328,69208,69218,10
13.0098400116,80.2274169922,69218,69228,10
13.0100698471,80.2269592285,69228,69238,10
13.010219574,80.2264785767,69238,69248,10
13.010219574,80.2262802124,69248,69258,10
13.0101099014,80.2258529663,69258,69268,10
13.0100097656,80.2253570557,69268,69278,10
13.0104598999,80.2264633179,69278,69288,10
13.0104198456,80.2258605957,69288,69299,11
13.0103998184,80.2254104614,69299,69309,10
13.0108995438,80.2260818481,69309,69319,10
13.0107698441,80.2251586914,69319,69329,10
13.01060009,80.2244186401,69329,69339,10
13.0108203888,80.2237167358,69339,69349,10
13.0109996796,80.22315979,69349,69359,10
13.0111303329,80.2235107422,69359,69369,10
13.0111598969,80.2235107422,69369,69379,10
13.0112400055,80.2235336304,69379,69389,10
13.0112600327,80.2235565186,69389,69399,10
13.0112304688,80.2235565186,69399,69409,10
13.0112600327,80.2235488892,69409,69418,9
13.0113601685,80.2236022949,69418,69430,12
13.0111999512,80.2236175537,69430,69440,10
13.0111398697,80.2235565186,69440,69450,10
13.0112104416,80.2230300903,69450,69460,10
13.0113296509,80.2220535278,69460,69470,10
13.0114202499,80.2210464478,69470,69480,10
13.0120296478,80.2214202881,69480,69490,10
13.0121603012,80.2210922241,69490,69500,10
13.0119495392,80.2205734253,69500,69510,10
13.0118398666,80.2201080322,69510,69530,20
13.0111703873,80.2181625366,69530,69540,10
13.0109996796,80.2176513672,69540,69560,20
13.0098800659,80.2157287598,69560,69571,11
13.0097703934,80.2151870728,69571,69581,10
13.0097303391,80.2149810791,69581,69591,10
13.0094604492,80.2148132324,69591,69611,20
13.0089502335,80.2144699097,69611,69621,10
13.0089197159,80.2142562866,69621,69631,10
13.0087900162,80.2140731812,69631,69641,10
13.0089502335,80.2140808105,69641,69651,10
13.0089502335,80.2140731812,69651,69661,10
13.0087604523,80.2138824463,69661,69671,10
13.0086097717,80.2138214111,69671,69681,10
13.0084695816,80.2136688232,69681,69691,10
13.0084600449,80.2136383057,69691,69702,11
13.0085496902,80.2136611938,69702,69712,10
13.0083703995,80.2136383057,69712,69722,10
13.0080604553,80.2136383057,69722,69732,10
13.0082197189,80.2135772705,69732,69742,10
13.0082197189,80.2135314941,69742,69752,10
13.008099556,80.2134933472,69752,69762,10
13.007610321,80.2129974365,69762,69782,20
13.007610321,80.2129974365,69782,69792,10
13.0071601868,80.2129898071,69792,69802,10
13.0068397522,80.2129364014,69802,69812,10
13.0061302185,80.212928772,69812,69822,10
13.0056800842,80.2130584717,69822,69833,11
13.0049695969,80.2125320435,69833,69843,10
13.0043802261,80.2121734619,69843,69853,10
13.0036897659,80.2119598389,69853,69863,10
13.0032701492,80.211479187,69863,69873,10
13.0029497147,80.2108383179,69873,69883,10
13.0035495758,80.2101974487,69883,69893,10
13.0037698746,80.2097473145,69893,69903,10
13.0040998459,80.2092208862,69903,69933,30
13.0051898956,80.2090377808,69933,69952,19
13.0053901672,80.2093582153,69952,69963,11
13.0054597855,80.2094268799,69963,69974,11
13.0057601929,80.2094802856,69974,69984,10
13.005979538,80.2092971802,69984,69994,10
13.0062904358,80.2089614868,69994,70004,10
13.0065202713,80.2089385986,70004,70014,10
13.0066604614,80.2094573975,70014,70024,10
13.0068702698,80.2099227905,70024,70034,10
13.0072202682,80.2104187012,70034,70044,10
13.0075397491,80.2108764648,70044,70054,10
13.0077800751,80.2100830078,70054,70064,10
13.0081195831,80.2100601196,70064,70074,10
13.0082197189,80.2099533081,70074,70084,10
13.0080404282,80.2092514038,70084,70094,10
13.0079698563,80.2087020874,70094,70105,11
13.007399559,80.2072906494,70105,70115,10
13.0074796677,80.2055511475,70115,70155,40
13.0074796677,80.2055511475,70155,70176,21
13.0071697235,80.2045822144,70176,70186,10
13.0069599152,80.2041473389,70186,70196,10
13.0060195923,80.2031097412,70196,70206,10
13.0058403015,80.202796936,70206,70216,10
13.0057601929,80.2026290894,70216,70226,10
13.0057296753,80.2023086548,70226,70237,11
13.0052700043,80.2018203735,70237,70247,10
13.0044603348,80.2014694214,70247,70257,10
13.0041599274,80.2013168335,70257,70267,10
13.004070282,80.2012786865,70267,70277,10
13.0036897659,80.2011108398,70277,70287,10
13.0037899017,80.2012863159,70287,70297,10
13.0038499832,80.2014007568,70297,70307,10
13.0038299561,80.201423645,70307,70317,10
13.0035200119,80.2012634277,70317,70327,10
13.0035400391,80.2012710571,70327,70337,10
13.003370285,80.2011566162,70337,70347,10
13.0024499893,80.2005615234,70347,70356,9
13.001830101,80.2001190186,70356,70367,11
13.0014801025,80.1995620728,70367,70378,11
13.0016403198,80.199256897,70378,70388,10
13.0017499924,80.1985702515,70388,70398,10
13.0018196106,80.1977081299,70398,70408,10
13.002120018,80.1969299316,70408,70418,10
13.0019798279,80.1966323853,70418,70428,10
13.0015497208,80.1961517334,70428,70438,10
13.0012102127,80.1958312988,70438,70448,10
13.0009098053,80.1954803467,70448,70458,10
13.0007200241,80.1951980591,70458,70468,10
13.0005903244,80.1950302124,70468,70478,10
13.0005102158,80.1949005127,70478,70488,10
13.0003404617,80.1947479248,70488,70498,10
13.0002603531,80.1946182251,70498,70509,11
13.0001602173,80.1945114136,70509,70519,10
12.9999103546,80.194229126,70519,70529,10
12.9997997284,80.193939209,70529,70539,10
12.9994802475,80.1935806274,70539,70549,10
12.999420166,80.1936264038,70549,70559,10
12.9992303848,80.1934280396,70559,70569,10
12.9990701675,80.1932678223,70569,70579,10
12.9988298416,80.1928329468,70579,70589,10
12.9984502792,80.1924591064,70589,70599,10
12.998169899,80.1920623779,70599,70609,10
12.9976396561,80.1913299561,70609,70619,10
12.9968395233,80.1903381348,70619,70629,10
12.9959497452,80.1894073486,70629,70640,11
12.9952602386,80.1882781982,70640,70650,10
12.9946098328,80.1872177124,70650,70660,10
12.9942998886,80.1865615845,70660,70670,10
12.9941797256,80.1863021851,70670,70680,10
12.994389534,80.1864089966,70680,70700,20
12.994389534,80.1864089966,70700,70710,10
12.9941596985,80.1861495972,70710,70720,10
12.993929863,80.1857299805,70720,70730,10
12.9937496185,80.185256958,70730,70740,10
12.9934301376,80.1846008301,70740,70750,10
12.9930200577,80.1838531494,70750,70760,10
12.992600441,80.1831665039,70760,70770,10
12.9919700623,80.1823577881,70770,70781,11
12.991399765,80.1816177368,70781,70791,10
12.9908304214,80.1808395386,70791,70801,10
12.9901304245,80.1799926758,70801,70811,10
12.9894800186,80.1791763306,70811,70821,10
12.9890604019,80.1785736084,70821,70831,10
12.9884595871,80.177772522,70831,70841,10
12.9879302979,80.1770401001,70841,70851,10
12.9874601364,80.1763763428,70851,70861,10
12.9869604111,80.1756591797,70861,70871,10
12.986579895,80.1751327515,70871,70881,10
12.986530304,80.1751022339,70881,70891,10
12.9865903854,80.1750488281,70891,70901,10
12.9863996506,80.1747589111,70901,70912,11
12.9860200882,80.1742095947,70912,70922,10
12.9854898453,80.1734695435,70922,70932,10
12.9849300385,80.1726913452,70932,70942,10
12.9843597412,80.1717987061,70942,70952,10
12.9837703705,80.1708374023,70952,70962,10
12.9831600189,80.1697463989,70962,70972,10
12.9825601578,80.1686096191,70972,70982,10
12.9819602966,80.1675491333,70982,70992,10
12.9813995361,80.1665420532,70992,71012,20
12.9804000854,80.163520813,71012,71043,31
12.9790296555,80.1615066528,71043,71053,10
12.9784898758,80.1609191895,71053,71063,10
12.9776697159,80.1597824097,71063,71073,10
12.9769001007,80.1585464478,71073,71083,10
12.9762096405,80.1575012207,71083,71093,10
12.9755897522,80.156578064,71093,71103,10
12.9749202728,80.1556472778,71103,71113,10
12.9743995667,80.1548690796,71113,71123,10
12.9740104675,80.154296875,71123,71133,10
12.9736404419,80.1537704468,71133,71143,10
12.9732503891,80.1531982422,71143,71153,10
12.9729795456,80.1526412964,71153,71163,10
12.9725799561,80.1522598267,71163,71174,11
12.9722995758,80.1519165039,71174,71184,10
12.9721698761,80.1516876221,71184,71194,10
12.9719896317,80.151512146,71194,71204,10
12.9716100693,80.1512985229,71204,71214,10
12.9710197449,80.1509628296,71214,71224,10
12.9703302383,80.1506881714,71224,71234,10
12.9698095322,80.1504364014,71234,71244,10
12.9693803787,80.1501998901,71244,71254,10
12.9689798355,80.1500015259,71254,71264,10
12.9688596725,80.1498794556,71264,71274,10
12.968870163,80.149887085,71274,71284,10
12.9688596725,80.1498718262,71284,71294,10
12.9687204361,80.1498184204,71294,71303,9
12.9685897827,80.1497421265,71303,71315,12
12.9685497284,80.1498794556,71315,71325,10
12.9683904648,80.1497879028,71325,71335,10
12.9682798386,80.1497573853,71335,71345,10
12.9681797028,80.1496582031,71345,71355,10
12.9679899216,80.149559021,71355,71365,10
12.9679803848,80.149559021,71365,71375,10
12.9679098129,80.1495285034,71375,71425,50
12.9679098129,80.1495285034,71425,71435,10
12.9676504135,80.1494293213,71435,71446,11
12.9673204422,80.149230957,71446,71456,10
12.9668302536,80.1490097046,71456,71466,10
12.9663600922,80.1487808228,71466,71476,10
12.9659404755,80.1486434937,71476,71486,10
12.9652299881,80.1482315063,71486,71496,10
12.9643096924,80.1476898193,71496,71506,10
12.9632997513,80.1470794678,71506,71516,10
12.962220192,80.1464614868,71516,71526,10
12.9611997604,80.1458969116,71526,71536,10
12.9602298737,80.145362854,71536,71546,10
12.9592199326,80.1448364258,71546,71556,10
12.9582901001,80.1443710327,71556,71566,10
12.9575996399,80.1439819336,71566,71576,10
12.9568195343,80.1435470581,71576,71587,11
12.9560003281,80.1431427002,71587,71597,10
12.9551801682,80.1427001953,71597,71607,10
12.9546499252,80.1424636841,71607,71617,10
12.9544401169,80.1423416138,71617,71627,10
12.9542303085,80.1422195435,71627,71637,10
12.9539804459,80.1421203613,71637,71647,10
12.9537401199,80.1420135498,71647,71657,10
12.953619957,80.1419296265,71657,71667,10
12.9535198212,80.1418914795,71667,71677,10
12.9534597397,80.1418380737,71677,71687,10
12.9531898499,80.1417236328,71687,71697,10
12.9528398514,80.1414871216,71697,71707,10
12.9525098801,80.1412582397,71707,71718,11
12.9521903992,80.1409912109,71718,71728,10
12.9519701004,80.1408081055,71728,71738,10
12.9518098831,80.1407394409,71738,71748,10
12.9515104294,80.1405563354,71748,71768,20
12.9515104294,80.1405563354,71768,71778,10
12.9511995316,80.1403121948,71778,71788,10
12.9507198334,80.1399230957,71788,71798,10
12.950460434,80.1397399902,71798,71808,10
12.9504499435,80.1397323608,71808,71818,10
12.9503297806,80.1396636963,71818,71828,10
12.9500799179,80.1394271851,71828,71838,10
12.9497404099,80.1390914917,71838,71849,11
12.9492797852,80.1386871338,71849,71859,10
12.9485998154,80.1381835938,71859,71869,10
12.947810173,80.1376266479,71869,71879,10
12.9472103119,80.1371765137,71879,71889,10
12.9463996887,80.1365432739,71889,71899,10
12.9454097748,80.1357879639,71899,71909,10
12.9443702698,80.1350708008,71909,71919,10
12.9435997009,80.1344833374,71919,71929,10
12.9428701401,80.1337509155,71929,71939,10
12.9421901703,80.1330184937,71939,71949,10
12.9414396286,80.1322021484,71949,71959,10
12.9407396317,80.1315383911,71959,71969,10
12.9399900436,80.1307907104,71969,71979,10
12.9390497208,80.1298980713,71979,71990,11
12.9381799698,80.1290969849,71990,72000,10
12.937789917,80.1287918091,72000,72010,10
12.9376802444,80.1286773682,72010,72020,10
12.937379837,80.1284408569,72020,72030,10
12.9371795654,80.1282272339,72030,72040,10
12.9370498657,80.1281204224,72040,72050,10
12.9367198944,80.1278686523,72050,72060,10
12.9367198944,80.1278610229,72060,72070,10
12.9364795685,80.1276397705,72070,72080,10
12.9362201691,80.1274414063,72080,72090,10
12.9362096786,80.1274337769,72090,72100,10
12.9361000061,80.1273727417,72100,72109,9
12.9357995987,80.1270980835,72109,72121,12
12.935259819,80.1265335083,72121,72131,10
12.9346599579,80.1259994507,72131,72141,10
12.9339504242,80.1253967285,72141,72151,10
12.9332199097,80.1245880127,72151,72161,10
12.9324598312,80.1238479614,72161,72171,10
12.931889534,80.1233978271,72171,72181,10
12.931599617,80.1231536865,72181,72191,10
12.9313497543,80.1228027344,72191,72201,10
12.9310102463,80.1223678589,72201,72211,10
12.9304103851,80.1217727661,72211,72221,10
12.9297399521,80.121131897,72221,72231,10
12.9289903641,80.1203384399,72231,72241,10
12.9281997681,80.1195526123,72241,72252,11
12.927570343,80.1188964844,72252,72262,10
12.9272699356,80.1186294556,72262,72272,10
12.9272003174,80.1185302734,72272,72282,10
12.9270801544,80.1183929443,72282,72292,10
12.9269304276,80.1182632446,72292,72302,10
12.9266395569,80.118019104,72302,72312,10
12.9264698029,80.1177978516,72312,72322,10
12.9263401031,80.1176834106,72322,72332,10
12.9262800217,80.1176071167,72332,72342,10
12.9259996414,80.1173934937,72342,72352,10
12.9258899689,80.1173477173,72352,72362,10
12.9257097244,80.1173400879,72362,72393,31
12.9257097244,80.1173400879,72393,72403,10
12.9255304337,80.1170806885,72403,72413,10
12.9252901077,80.1168670654,72413,72423,10
12.9250001907,80.116569519,72423,72433,10
12.9247903824,80.1162185669,72433,72443,10
12.9247703552,80.1160736084,72443,72453,10
12.9244003296,80.115737915,72453,72463,10
12.9238395691,80.1151733398,72463,72473,10
12.9235401154,80.1148681641,72473,72483,10
12.9229602814,80.1142730713,72483,72493,10
12.9221696854,80.1135177612,72493,72503,10
12.9214401245,80.1128616333,72503,72513,10
12.9206695557,80.1121520996,72513,72524,11
12.9191703796,80.1103286743,72524,72534,10
12.9184703827,80.1094207764,72534,72544,10
12.9176902771,80.108543396,72544,72554,10
12.9171800613,80.1079101563,72554,72564,10
12.9171304703,80.1078262329,72564,72574,10
12.9170198441,80.1075973511,72574,72584,10
12.9164800644,80.1067962646,72584,72594,10
12.916179657,80.10572052,72594,72604,10
12.915599823,80.1045837402,72604,72614,10
12.9148797989,80.1034317017,72614,72624,10
12.9143104553,80.1024627686,72624,72634,10
12.913649559,80.1017608643,72634,72643,9
12.9127902985,80.1014404297,72643,72655,12
12.9115695953,80.101348877,72655,72665,10
12.9109897614,80.1012420654,72665,72675,10
12.9100999832,80.1009902954,72675,72685,10
12.9096403122,80.1000366211,72685,72695,10
12.9092102051,80.0990219116,72695,72715,20
12.9079704285,80.0979232788,72715,72725,10
12.9073600769,80.0971908569,72725,72735,10
12.9069595337,80.0968399048,72735,72745,10
12.9067296982,80.0965423584,72745,72755,10
12.9064598083,80.0963821411,72755,72765,10
12.9059896469,80.0961227417,72765,72775,10
12.9058504105,80.0960464478,72775,72786,11
12.9058599472,80.0960388184,72786,72796,10
12.9057397842,80.0959701538,72796,72806,10
12.9054298401,80.0957183838,72806,72816,10
12.9050703049,80.095451355,72816,72826,10
12.9047298431,80.0951690674,72826,72836,10
12.9042701721,80.0948181152,72836,72846,10
12.9038496017,80.0944976807,72846,72856,10
12.9033098221,80.094078064,72856,72866,10
12.9026699066,80.0936813354,72866,72876,10
12.9020500183,80.0931930542,72876,72886,10
12.9015903473,80.0927429199,72886,72896,10
12.9011096954,80.0923309326,72896,72906,10
12.9004802704,80.0918197632,72906,72915,9
12.8998498917,80.0913925171,72915,72927,12
12.8991098404,80.0906677246,72927,72937,10
12.8982400894,80.0899887085,72937,72947,10
12.8973798752,80.0893783569,72947,72957,10
12.896490097,80.0887832642,72957,72967,10
12.8955602646,80.0881729126,72967,72977,10
12.8944396973,80.0875320435,72977,72987,10
12.8934898376,80.0868606567,72987,72997,10
12.8927602768,80.0863265991,72997,73007,10
12.8924703598,80.0860900879,73007,73017,10
12.8925800323,80.0857391357,73017,73027,10
12.8927497864,80.0853118896,73027,73037,10
12.8929395676,80.0844497681,73037,73047,10
12.8930702209,80.0834732056,73047,73058,11
12.893119812,80.082901001,73058,73068,10
12.8931903839,80.0824127197,73068,73078,10
12.8933000565,80.0819702148,73078,73088,10
12.8933496475,80.0817871094,73088,73098,10
12.8933601379,80.0815582275,73098,73108,10
12.8934297562,80.0807495117,73108,73118,10
12.8934297562,80.0800170898,73118,73128,10
12.8934497833,80.0793075562,73128,73138,10
12.8932600021,80.0789413452,73138,73148,10
12.893119812,80.0791931152,73148,73158,10
12.8927001953,80.0790786743,73158,73168,10
12.8921899796,80.0785064697,73168,73177,9
12.8916301727,80.0778579712,73177,73189,12
12.8917703629,80.0765762329,73189,73199,10
12.8917102814,80.0755004883,73199,73209,10
12.8916101456,80.0743026733,73209,73219,10
12.8914899826,80.0731124878,73219,73229,10
12.8913803101,80.0720901489,73229,73239,10
12.8912296295,80.0711135864,73239,73249,10
12.891169548,80.0701980591,73249,73259,10
12.8911304474,80.0699081421,73259,73269,10
12.890999794,80.0699005127,73269,73279,10
12.8908004761,80.0700302124,73279,73289,10
12.8905296326,80.0698013306,73289,73299,10
12.8902702332,80.0697784424,73299,73309,10
12.8899297714,80.0699386597,73309,73320,11
12.889169693,80.0699691772,73320,73330,10
12.8884401321,80.0699768066,73330,73340,10
12.8875999451,80.0699920654,73340,73350,10
12.8868999481,80.0701217651,73350,73360,10
12.8864097595,80.0700531006,73360,73370,10
12.8860301971,80.0699005127,73370,73380,10
12.8857402802,80.0698394775,73380,73390,10
12.8855800629,80.0698165894,73390,73400,10
12.8852796555,80.0699081421,73400,73410,10
12.8848495483,80.0700073242,73410,73420,10
12.8849096298,80.0703201294,73420,73430,10
12.885020256,80.0706329346,73430,73440,10
12.8850002289,80.0710296631,73440,73451,11
12.885020256,80.0710906982,73451,73461,10
12.8852996826,80.0719528198,73461,73471,10
12.8855304718,80.0727615356,73471,73481,10
12.8852996826,80.0732116699,73481,73491,10
12.8852596283,80.0733718872,73491,73501,10
12.8850002289,80.0732498169,73501,73511,10
12.8848104477,80.0734176636,73511,73521,10
12.88463974,80.0735397339,73521,73531,10
12.8843002319,80.073638916,73531,73541,10
12.883649826,80.0735168457,73541,73551,10
12.8822498322,80.0731582642,73551,73561,10
12.8811998367,80.0731124878,73561,73571,10
12.8817996979,80.0735015869,73571,73581,10
12.8817100525,80.0737075806,73581,73592,11
12.8816604614,80.0738830566,73592,73612,20
12.881310463,80.0742797852,73612,73622,10
12.8811597824,80.0752182007,73622,73632,10
12.8809900284,80.0759277344,73632,73642,10
12.8808898926,80.0765762329,73642,73652,10
12.8806695938,80.0767364502,73652,73662,10
12.8807001114,80.0764312744,73662,73672,10
12.8805999756,80.0768432617,73672,73682,10
12.8803796768,80.076789856,73682,73692,10
12.8801898956,80.0765228271,73692,73702,10
12.880109787,80.076461792,73702,73712,10
12.8800802231,80.076461792,73712,73733,21
12.8800802231,80.076461792,73733,73743,10
12.8802900314,80.0765914917,73743,73813,70
12.8802900314,80.0765914917,73813,73823,10
12.8802404404,80.0766067505,73823,73833,10
12.8802700043,80.0766677856,73833,73864,31
12.8802700043,80.0765075684,73864,73884,20
12.8802204132,80.0765762329,73884,73924,40
12.8802204132,80.0765762329,73924,73934,10
12.8801498413,80.076499939,73934,73944,10
12.8801403046,80.0765304565,73944,73954,10
12.8802404404,80.0764694214,73954,73974,20
12.8802404404,80.0764694214,73974,74125,151
12.8804397583,80.0768280029,74125,74136,11
12.8797798157,80.0766525269,74136,74347,211
12.8808298111,80.0764389038,74347,74357,10
12.8808603287,80.0761413574,74357,74367,10
12.8805999756,80.0756072998,74367,74377,10
12.8808698654,80.0754394531,74377,74387,10
12.8809700012,80.0754013062,74387,74398,11
12.8811798096,80.0752792358,74398,74408,10
12.8814201355,80.0749969482,74408,74418,10
12.8815898895,80.07472229,74418,74428,10
12.8817396164,80.0745925903,74428,74518,90
12.8852100372,80.0728530884,74518,74529,11
12.8851499557,80.0723190308,74529,74539,10
12.8850698471,80.0721817017,74539,74549,10
12.8850898743,80.0716781616,74549,74559,10
12.8850402832,80.0711975098,74559,74568,9
12.885020256,80.0707931519,74568,74579,11
12.8850498199,80.0704116821,74579,74589,10
12.8848304749,80.0698318481,74589,74599,10
12.8851604462,80.069732666,74599,74609,10
12.8855304718,80.0695877075,74609,74789,180
12.891409874,80.0702362061,74789,74881,92
12.8919200897,80.0779800415,74881,74901,20
12.8921403885,80.0789794922,74901,74932,31
12.8936901093,80.0803375244,74932,74942,10
12.8935403824,80.0807037354,74942,74952,10
12.8936395645,80.081237793,74952,74962,10
12.8934602737,80.0821914673,74962,74972,10
12.8934497833,80.0830001831,74972,74982,10
12.8932600021,80.0839233398,74982,74992,10
12.8929595947,80.0850372314,74992,75002,10
12.892829895,80.0856018066,75002,75012,10
12.8928499222,80.0860366821,75012,75022,10
12.8932800293,80.0866775513,75022,75032,10
12.8938999176,80.0871582031,75032,75062,30
12.8961496353,80.088432312,75062,75073,11
12.8961400986,80.0883865356,75073,75083,10
12.8961496353,80.0883331299,75083,75093,10
12.8962497711,80.0884475708,75093,75103,10
12.8964796066,80.0887069702,75103,75113,10
12.8965997696,80.0887985229,75113,75123,10
12.8968000412,80.0889205933,75123,75133,10
12.8968496323,80.0891265869,75133,75143,10
12.8971300125,80.0893096924,75143,75153,10
12.8970603943,80.0893630981,75153,75163,10
12.8972597122,80.089302063,75163,75173,10
12.8974399567,80.0891876221,75173,75234,61
12.8984203339,80.09034729,75234,75244,10
12.8985996246,80.0903930664,75244,75254,10
12.8988199234,80.0904922485,75254,75264,10
12.8989896774,80.0907821655,75264,75274,10
12.8992395401,80.0908889771,75274,75284,10
12.8993701935,80.0909118652,75284,75294,10
12.8995504379,80.0909576416,75294,75304,10
12.8996400833,80.0911407471,75304,75313,9
12.8996400833,80.0911636353,75313,75324,11
12.8999099731,80.0914916992,75324,75335,11
12.9000597,80.0918273926,75335,75345,10
12.9003000259,80.0919113159,75345,75355,10
12.9004602432,80.0918273926,75355,75365,10
12.9005699158,80.0919113159,75365,75375,10
12.9006500244,80.092048645,75375,75385,10
12.9008598328,80.0921401978,75385,75395,10
12.9010896683,80.0921936035,75395,75425,30
12.9012002945,80.0925674438,75425,75434,9
12.9012699127,80.0928115845,75434,75445,11
12.9016304016,80.0929107666,75445,75455,10
12.901260376,80.0925674438,75455,75466,11
12.9013395309,80.0926818848,75466,75476,10
12.9017400742,80.0927963257,75476,75486,10
12.901889801,80.0929336548,75486,75496,10
12.9020595551,80.0929718018,75496,75506,10
12.9021701813,80.0931015015,75506,75516,10
12.9023504257,80.0932998657,75516,75526,10
12.9023895264,80.0934295654,75526,75536,10
12.9025497437,80.093536377,75536,75546,10
12.9028396606,80.0936584473,75546,75556,10
12.9029798508,80.0936584473,75556,75566,10
12.9031095505,80.09375,75566,75576,10
12.9031295776,80.09375,75576,75586,10
12.9033002853,80.0939025879,75586,75596,10
12.9034004211,80.0940628052,75596,75607,11
12.9032201767,80.093963623,75607,75617,10
12.903429985,80.0941390991,75617,75627,10
12.9038600922,80.0943527222,75627,75637,10
12.9039802551,80.0944213867,75637,75647,10
12.9041996002,80.0944976807,75647,75657,10
12.9043998718,80.0946884155,75657,75667,10
12.9049396515,80.0950393677,75667,75677,10
12.9048900604,80.0951004028,75677,75687,10
12.9048995972,80.0951004028,75687,75697,10
12.9051103592,80.0952987671,75697,75707,10
12.90528965,80.0953292847,75707,75717,10
12.9053897858,80.0955123901,75717,75727,10
12.9055995941,80.0956878662,75727,75738,11
12.9055900574,80.0958786011,75738,75748,10
12.905960083,80.0960617065,75748,75758,10
12.9062700272,80.096206665,75758,75768,10
12.9065904617,80.0964279175,75768,75869,101
12.9064502716,80.0962600708,75869,75879,10
12.9064702988,80.096572876,75879,75889,10
12.9068202972,80.0966796875,75889,75899,10
12.9071798325,80.0969009399,75899,75909,10
12.9079504013,80.0971298218,75909,75919,10
12.9084501266,80.0980834961,75919,75929,10
12.9090795517,80.0987625122,75929,75939,10
12.9092702866,80.0995864868,75939,75949,10
12.909040451,80.1001663208,75949,75959,10
12.9091396332,80.1008224487,75959,75969,10
12.9113903046,80.1011199951,75969,75979,10
12.913020134,80.1015701294,75979,75989,10
12.914059639,80.1017837524,75989,75999,10
12.9149799347,80.1022567749,75999,76010,11
12.9156503677,80.1035003662,76010,76020,10
12.9156799316,80.1045837402,76020,76030,10
12.9159297943,80.1056594849,76030,76040,10
12.9163999557,80.1062698364,76040,76050,10
12.9170198441,80.1072692871,76050,76060,10
12.91726017,80.107460022,76060,76070,10
12.9170103073,80.1072769165,76070,76080,10
12.9171199799,80.1074676514,76080,76090,10
12.9170198441,80.1075973511,76090,76100,10
12.9170103073,80.1078109741,76100,76110,10
12.9173898697,80.1081008911,76110,76120,10
12.9174804688,80.1084899902,76120,76130,10
12.9177303314,80.1088104248,76130,76141,11
12.9180898666,80.1093215942,76141,76161,20
12.919960022,80.1108398438,76161,76171,10
12.9206600189,80.1116790771,76171,76181,10
12.9212198257,80.1123275757,76181,76191,10
12.9220504761,80.1132583618,76191,76201,10
12.9228601456,80.1140289307,76201,76211,10
12.9234695435,80.1146087646,76211,76221,10
12.9239997864,80.1151123047,76221,76231,10
12.9247198105,80.1157531738,76231,76241,10
12.9253501892,80.1166000366,76241,76251,10
12.9256696701,80.117149353,76251,76261,10
12.9257001877,80.1171188354,76261,76272,11
12.9261198044,80.1173400879,76272,76292,20
12.9261198044,80.1173400879,76292,76302,10
12.9261302948,80.1173324585,76302,76312,10
12.9260997772,80.1173629761,76312,76322,10
12.9263401031,80.1177368164,76322,76332,10
12.9267997742,80.1180877686,76332,76342,10
12.9270896912,80.1183013916,76342,76352,10
12.9271202087,80.118309021,76352,76362,10
12.9270496368,80.1183700562,76362,76372,10
12.9271202087,80.1185913086,76372,76382,10
12.9275302887,80.1189727783,76382,76392,10
12.9282197952,80.1195907593,76392,76402,10
12.9289598465,80.1202774048,76402,76413,11
12.929690361,80.1209411621,76413,76423,10
12.9299201965,80.1211090088,76423,76433,10
12.9298801422,80.12109375,76433,76443,10
12.9299402237,80.1211929321,76443,76453,10
12.9302902222,80.1216583252,76453,76463,10
12.9308900833,80.1222000122,76463,76473,10
12.9315395355,80.1228179932,76473,76483,10
12.932220459,80.1234588623,76483,76493,10
12.9328403473,80.1240921021,76493,76503,10
12.9335203171,80.1247406006,76503,76513,10
12.9342899323,80.1255111694,76513,76522,9
12.9349403381,80.1261062622,76522,76533,11
12.9355802536,80.1266174316,76533,76544,11
12.9357299805,80.1267166138,76544,76554,10
12.9358797073,80.1269378662,76554,76564,10
12.9363002777,80.1272277832,76564,76574,10
12.9364900589,80.1272888184,76574,76584,10
12.9366502762,80.1270370483,76584,76594,10
12.9372701645,80.1270675659,76594,76604,10
12.9375295639,80.1275634766,76604,76614,10
12.9374599457,80.1277389526,76614,76624,10
12.9372997284,80.1279907227,76624,76634,10
12.9374103546,80.1280593872,76634,76644,10
12.937620163,80.1283035278,76644,76654,10
12.9380502701,80.1288223267,76654,76664,10
12.9387397766,80.1295700073,76664,76675,11
12.9399404526,80.1306381226,76675,76685,10
12.9409503937,80.1316986084,76685,76695,10
12.9416303635,80.1324691772,76695,76705,10
12.9425497055,80.1331634521,76705,76715,10
12.9433898926,80.1337966919,76715,76745,30
12.9433202744,80.1341018677,76745,76755,10
12.944270134,80.1347732544,76755,76765,10
12.9449596405,80.135383606,76765,76775,10
12.9458703995,80.136100769,76775,76785,10
12.9466199875,80.1366424561,76785,76795,10
12.9473896027,80.1372070313,76795,76806,11
12.9484100342,80.1379776001,76806,76816,10
12.9494199753,80.138710022,76816,76826,10
12.9500598907,80.1391983032,76826,76836,10
12.9504098892,80.1393814087,76836,76846,10
12.9503202438,80.1393127441,76846,76856,10
12.9503002167,80.1393890381,76856,76866,10
12.9505796432,80.1395721436,76866,76876,10
12.9510698318,80.1398773193,76876,76886,10
12.9514198303,80.1401062012,76886,76896,10
12.9514703751,80.1401672363,76896,76906,10
12.9515104294,80.1402587891,76906,76916,10
12.9515600204,80.1404418945,76916,76926,10
12.9519701004,80.1407318115,76926,76936,10
12.9523696899,80.1410293579,76936,76947,11
12.9526796341,80.1412963867,76947,76957,10
12.9530601501,80.1415634155,76957,76967,10
12.9537801743,80.1419372559,76967,76977,10
12.9546804428,80.1423873901,76977,76987,10
12.9555397034,80.1428527832,76987,76997,10
12.9562797546,80.1432418823,76997,77007,10
12.9571895599,80.1437225342,77007,77017,10
12.9581003189,80.1442108154,77017,77027,10
12.9590797424,80.1447219849,77027,77037,10
12.9599399567,80.145149231,77037,77047,10
12.9606599808,80.1455078125,77047,77057,10
12.9612598419,80.1458587646,77057,77067,10
12.9621801376,80.1463623047,77067,77078,11
12.9632797241,80.146987915,77078,77088,10
12.9639797211,80.1473770142,77088,77098,10
12.9643201828,80.1476135254,77098,77108,10
12.9648199081,80.1478881836,77108,77118,10
12.9654798508,80.1481781006,77118,77128,10
12.9662303925,80.1485900879,77128,77138,10
12.9669599533,80.1489105225,77138,77148,10
12.9672603607,80.1491317749,77148,77158,10
12.9671001434,80.1491012573,77158,77168,10
12.967300415,80.1491775513,77168,77178,10
12.9678602219,80.1494293213,77178,77188,10
12.9682598114,80.1496276855,77188,77198,10
12.9683599472,80.1496200562,77198,77209,11
12.9686603546,80.1497421265,77209,77219,10
12.9689102173,80.1498794556,77219,77229,10
12.9691400528,80.1500167847,77229,77239,10
12.9694900513,80.1501693726,77239,77249,10
12.9697599411,80.1502609253,77249,77259,10
12.9704504013,80.1506118774,77259,77269,10
12.9713096619,80.1510391235,77269,77279,10
12.9717702866,80.151222229,77279,77289,10
12.9717702866,80.1511993408,77289,77299,10
12.9719800949,80.1513595581,77299,77309,10
12.9722299576,80.1516036987,77309,77319,10
12.972700119,80.1522521973,77319,77329,10
12.9730997086,80.1528167725,77329,77339,10
12.9733104706,80.1529388428,77339,77350,11
12.9730997086,80.1528930664,77350,77360,10
12.9733495712,80.1531829834,77360,77370,10
12.9736003876,80.1538696289,77370,77380,10
12.9737701416,80.1547317505,77380,77390,10
12.9745101929,80.1556091309,77390,77400,10
12.9755001068,80.156463623,77400,77410,10
12.9763202667,80.1573410034,77410,77420,10
12.9767599106,80.1582794189,77420,77429,9
12.9771699905,80.1589279175,77429,77440,11
12.9781599045,80.1596832275,77440,77450,10
12.9784297943,80.16040802,77450,77460,10
12.9788398743,80.1610336304,77460,77470,10
12.9793195724,80.1616668701,77470,77481,11
12.9798297882,80.162399292,77481,77491,10
12.9800395966,80.162940979,77491,77501,10
12.9801301956,80.163482666,77501,77511,10
12.9803800583,80.1643371582,77511,77521,10
12.9808197021,80.1652832031,77521,77531,10
12.9815301895,80.1661834717,77531,77541,10
12.9821901321,80.1670532227,77541,77571,30
12.9816398621,80.1667785645,77571,77591,20
12.9826498032,80.1675109863,77591,77601,10
12.9827299118,80.1683578491,77601,77612,11
12.9829797745,80.1691436768,77612,77622,10
12.9833803177,80.1698608398,77622,77632,10
12.9839296341,80.1707077026,77632,77642,10
12.9843997955,80.1714401245,77642,77652,10
12.9847602844,80.1721878052,77652,77662,10
12.985159874,80.1729202271,77662,77672,10
12.9857196808,80.1736526489,77672,77682,10
12.9861602783,80.1742706299,77682,77692,10
12.9863395691,80.1745910645,77692,77702,10
12.9865102768,80.1748199463,77702,77712,10
12.9868297577,80.1753311157,77712,77722,10
12.987279892,80.1758728027,77722,77732,10
12.9876003265,80.1762771606,77732,77742,10
12.9879798889,80.1768722534,77742,77753,11
12.9885101318,80.1776580811,77753,77763,10
12.9889802933,80.1783828735,77763,77773,10
12.9895401001,80.1789779663,77773,77783,10
12.989979744,80.1795806885,77783,77793,10
12.9905700684,80.1803817749,77793,77803,10
12.991060257,80.1812820435,77803,77813,10
12.9917201996,80.1821289063,77813,77823,10
12.992389679,80.1828384399,77823,77833,10
12.9929504395,80.1837615967,77833,77843,10
12.9934597015,80.184677124,77843,77853,10
12.9938497543,80.1852722168,77853,77863,10
12.9939002991,80.185333252,77863,77873,10
12.9938402176,80.1854400635,77873,77884,11
12.9941301346,80.1860733032,77884,77894,10
12.9945201874,80.1868286133,77894,77904,10
12.9949598312,80.1876831055,77904,77914,10
12.9954299927,80.1884689331,77914,77924,10
12.9958200455,80.1891937256,77924,77934,10
12.9959697723,80.1893005371,77934,77944,10
12.9960603714,80.1894226074,77944,77954,10
12.9963197708,80.189743042,77954,77964,10
12.9967498779,80.1902084351,77964,77974,10
12.9972600937,80.1908187866,77974,77984,10
12.9978399277,80.1915283203,77984,77994,10
12.9984197617,80.1922225952,77994,78004,10
12.9989004135,80.1929016113,78004,78015,11
12.9995298386,80.1937637329,78015,78025,10
12.9998598099,80.1941375732,78025,78035,10
13.0000801086,80.1946487427,78035,78045,10
13.0007600784,80.1951980591,78045,78055,10
13.0011901855,80.1957168579,78055,78065,10
13.0012903214,80.1958465576,78065,78075,10
13.0014801025,80.1960830688,78075,78085,10
13.001830101,80.1967086792,78085,78095,10
13.0020198822,80.197593689,78095,78105,10
13.0017595291,80.198600769,78105,78115,10
13.001660347,80.1994628906,78115,78125,10
13.0019197464,80.2002410889,78125,78135,10
13.0025396347,80.2006530762,78135,78146,11
13.0032997131,80.2007217407,78146,78156,10
13.0034599304,80.2007522583,78156,78166,10
13.0036001205,80.2008209229,78166,78176,10
13.0038995743,80.2009735107,78176,78186,10
13.0044698715,80.201133728,78186,78196,10
13.0051498413,80.2015075684,78196,78206,10
13.0058498383,80.2023391724,78206,78216,10
13.0064296722,80.2031326294,78216,78226,10
13.0071697235,80.2035903931,78226,78236,10
13.0080003738,80.2036819458,78236,78246,10
13.0083703995,80.2032318115,78246,78256,10
13.007519722,80.2026367188,78256,78266,10
13.0066003799,80.2021865845,78266,78275,9
13.0074195862,80.2047424316,78275,78287,12
13.0076799393,80.2059783936,78287,78297,10
13.0079603195,80.206993103,78297,78307,10
13.007809639,80.2079162598,78307,78317,10
13.0077199936,80.2087936401,78317,78327,10
13.0075798035,80.2096405029,78327,78337,10
13.0081996918,80.210319519,78337,78347,10
13.0088701248,80.2108764648,78347,78357,10
13.0090799332,80.2109298706,78357,78367,10
13.0089502335,80.2109069824,78367,78377,10
13.0090799332,80.2112426758,78377,78387,10
13.0090999603,80.2116470337,78387,78397,10
13.0089797974,80.2118835449,78397,78407,10
13.009180069,80.212348938,78407,78418,11
13.009349823,80.2128372192,78418,78428,10
13.0096101761,80.2135162354,78428,78438,10
13.0099201202,80.2141418457,78438,78448,10
13.0100002289,80.2146224976,78448,78458,10
13.0100698471,80.215423584,78458,78468,10
13.0102396011,80.2162399292,78468,78478,10
13.010720253,80.2171020508,78478,78488,10
13.0111103058,80.2180633545,78488,78498,10
13.0115404129,80.219039917,78498,78508,10
13.0118904114,80.2202606201,78508,78518,10
13.0123195648,80.2211608887,78518,78528,10
13.0127496719,80.2219161987,78528,78538,10
13.0132799149,80.2226409912,78538,78549,11
13.0138597488,80.2232971191,78549,78559,10
13.0142803192,80.223739624,78559,78569,10
13.0147199631,80.2239837646,78569,78579,10
13.0153398514,80.2245483398,78579,78589,10
13.0155601501,80.2252197266,78589,78599,10
13.0162496567,80.2252807617,78599,78609,10
13.0169200897,80.2251205444,78609,78619,10
13.0177602768,80.2247161865,78619,78629,10
13.0184698105,80.2244033813,78629,78639,10
13.0192499161,80.2244262695,78639,78649,10
13.0197896957,80.2247314453,78649,78659,10
13.0204200745,80.2250900269,78659,78669,10
13.0208797455,80.225479126,78669,78680,11
13.0214099884,80.2259902954,78680,78690,10
13.022069931,80.2264633179,78690,78700,10
13.0225896835,80.2267990112,78700,78710,10
13.0232000351,80.2273330688,78710,78720,10
13.0237102509,80.2278366089,78720,78730,10
13.0241804123,80.2283172607,78730,78740,10
13.0242900848,80.2283630371,78740,78750,10
13.0242900848,80.2284469604,78750,78760,10
13.0243196487,80.2286224365,78760,78770,10
13.024600029,80.229057312,78770,78780,10
13.0249595642,80.2294006348,78780,78790,10
13.0254096985,80.2300491333,78790,78799,9
13.0257701874,80.2307128906,78799,78811,12
13.0259799957,80.2311172485,78811,78821,10
13.0260400772,80.2313079834,78821,78831,10
13.0262203217,80.2313079834,78831,78841,10
13.0267601013,80.2311325073,78841,78851,10
13.0273599625,80.2310409546,78851,78861,10
13.0279397964,80.2309570313,78861,78871,10
13.0286798477,80.2308807373,78871,78881,10
13.029250145,80.2307662964,78881,78891,10
13.0297203064,80.230758667,78891,78901,10
13.0303201675,80.230682373,78901,78911,10
13.0308799744,80.2306137085,78911,78921,10
13.031539917,80.2305908203,78921,78931,10
13.0320901871,80.2304534912,78931,78941,10
13.0324602127,80.2304000854,78941,78952,11
13.0330200195,80.2304077148,78952,78962,10
13.033659935,80.2303390503,78962,78982,20
13.033659935,80.2303390503,78982,78992,10
13.0339202881,80.2303771973,78992,79002,10
13.0339002609,80.23046875,79002,79012,10
13.0339002609,80.2304992676,79012,79022,10
13.0339403152,80.23046875,79022,79032,10
13.0342502594,80.2303619385,79032,79042,10
13.0345697403,80.23021698,79042,79062,20
13.0345697403,80.23021698,79062,79072,10
13.0347003937,80.2303390503,79072,79083,11
13.0348100662,80.2303237915,79083,79093,10
13.0350399017,80.2302780151,79093,79103,10
13.0347995758,80.2301712036,79103,79113,10
13.0347795486,80.2301635742,79113,79123,10
13.0349197388,80.2299880981,79123,79133,10
13.0351200104,80.2299499512,79133,79143,10
13.0352897644,80.2300796509,79143,79153,10
13.0346899033,80.2298965454,79153,79163,10
13.0344104767,80.2296600342,79163,79173,10
13.0342102051,80.229637146,79173,79183,10
13.0341501236,80.2299194336,79183,79193,10
13.0341501236,80.2300033569,79193,79203,10
13.0338001251,80.2302322388,79203,79213,10
13.0337200165,80.230178833,79213,79234,21
13.0337200165,80.230178833,79234,79244,10
13.034119606,80.2300415039,79244,79254,10
13.0342197418,80.2299499512,79254,79264,10
13.0344400406,80.2298965454,79264,79274,10
13.0342798233,80.2299804688,79274,79284,10
13.0340995789,80.2303237915,79284,79294,10
13.0340299606,80.23046875,79294,79304,10
13.0340299606,80.2304916382,79304,79314,10
13.033949852,80.2304000854,79314,79324,10
13.0338897705,80.2303924561,79324,79333,9
13.033949852,80.2302780151,79333,79345,12
13.0339603424,80.2302703857,79345,79355,10
13.0338497162,80.2301712036,79355,79395,40
13.0338497162,80.2301712036,79395,79405,10
13.0338096619,80.2304382324,79405,79425,20
13.0338096619,80.2304382324,79425,79435,10
13.0340995789,80.2303314209,79435,79465,30
13.0340995789,80.2303314209,79465,79474,9
13.0339899063,80.23021698,79474,79506,32
13.0339899063,80.23021698,79506,79516,10
13.0338802338,80.2303237915,79516,79526,10
13.0339899063,80.2303390503,79526,79536,10
13.0339698792,80.2304916382,79536,79596,60
13.0339698792,80.2304916382,79596,79606,10
13.034040451,80.2303695679,79606,79617,11
13.0338602066,80.230430603,79617,79667,50
13.0338602066,80.230430603,79667,79677,10
13.0338897705,80.2304000854,79677,79717,40
13.0339298248,80.230430603,79717,79747,30
13.034040451,80.2306213379,79747,79768,21
13.034040451,80.2306213379,79768,79778,10
13.0340204239,80.2305297852,79778,79818,40
13.0341396332,80.2306213379,79818,79848,30
13.034119606,80.2306289673,79848,79919,71
13.034119606,80.2306289673,79919,79929,10
13.0341701508,80.2304992676,79929,79939,10
13.0341596603,80.2304916382,79939,79949,10
13.0340099335,80.2302627563,79949,79959,10
13.0334196091,80.2304534912,79959,79969,10
13.0328397751,80.231086731,79969,79979,10
13.0320100784,80.2308731079,79979,79989,10
13.0314102173,80.2311325073,79989,79999,10
13.0304603577,80.2305908203,79999,80009,10
13.0301799774,80.2309265137,80009,80020,11
13.0298299789,80.2308197021,80020,80030,10
13.029129982,80.2304000854,80030,80040,10
13.0280199051,80.2300109863,80040,80050,10
13.0269002914,80.2295074463,80050,80060,10
13.0267496109,80.2303085327,80060,80070,10
13.0272598267,80.2316818237,80070,80080,10
13.0278301239,80.2330780029,80080,80090,10
13.0275402069,80.2339019775,80090,80100,10
13.0273199081,80.2343063354,80100,80110,10
13.0269899368,80.2339401245,80110,80120,10
13.0267496109,80.2333984375,80120,80130,10
13.0267000198,80.2331619263,80130,80139,9
13.026720047,80.2331085205,80139,80151,12
13.0265398026,80.2329711914,80151,80161,10
13.0263500214,80.2331008911,80161,80171,10
13.0260400772,80.2324905396,80171,80231,60
13.0241298676,80.2284164429,80231,80241,10
13.0228996277,80.2272720337,80241,80251,10
13.0231895447,80.2275009155,80251,80261,10
13.0225000381,80.2268371582,80261,80271,10
13.0221595764,80.226600647,80271,80281,10
13.0216999054,80.2261810303,80281,80292,11
13.0209999084,80.2256088257,80292,80302,10
13.0199203491,80.2248764038,80302,80322,20
13.0176000595,80.2249984741,80322,80332,10
13.0165195465,80.2254562378,80332,80342,10
13.0155897141,80.2257232666,80342,80352,10
13.0147104263,80.2260971069,80352,80362,10
13.0141296387,80.2263565063,80362,80372,10
13.0139799118,80.2261199951,80372,80382,10
13.0138902664,80.2265319824,80382,80392,10
13.0130996704,80.2268981934,80392,80402,10
13.0121603012,80.2273483276,80402,80412,10
13.0108995438,80.2273788452,80412,80423,11
13.0097103119,80.2274703979,80423,80433,10
13.008769989,80.2267684937,80433,80443,10
13.0080099106,80.2261428833,80443,80463,20
13.0113401413,80.2255783081,80463,80473,10
13.0106296539,80.2233810425,80473,80483,10
13.012169838,80.223777771,80483,80493,10
13.0115804672,80.2221679688,80493,80503,10
13.012140274,80.2216796875,80503,80513,10
13.0120401382,80.2205429077,80513,80584,71
13.0104904175,80.2158432007,80584,80695,111
13.0061998367,80.2127685547,80695,80705,10
13.0058403015,80.2131576538,80705,80715,10
13.0054302216,80.213470459,80715,80725,10
13.0050897598,80.2136611938,80725,80735,10
13.0037698746,80.2125091553,80735,80785,50
13.0039997101,80.2089996338,80785,80795,10
13.0045003891,80.2089004517,80795,80805,10
13.0053501129,80.2092666626,80805,80815,10
13.0059299469,80.2094802856,80815,80826,11
13.0065603256,80.2097320557,80826,80846,20
13.0065603256,80.2097320557,80846,80856,10
13.0068302155,80.2098617554,80856,80866,10
13.0074596405,80.2099609375,80866,80876,10
13.0080404282,80.2100296021,80876,80886,10
13.0080099106,80.209777832,80886,80997,111
13.0058698654,80.2026519775,80997,81007,10
13.0043001175,80.2006072998,81007,81017,10
13.0041799545,80.200958252,81017,81027,10
13.0043897629,80.2013015747,81027,81037,10
13.0039196014,80.2015609741,81037,81047,10
13.0030403137,80.2017593384,81047,81118,71
13.0012302399,80.1957473755,81118,81148,30
12.9991598129,80.1935806274,81148,81158,10
12.9970998764,80.1911697388,81158,81168,10
12.9980602264,80.1915588379,81168,81178,10
12.9967699051,80.1907730103,81178,81188,10
12.9967002869,80.1901092529,81188,81198,10
12.9957895279,80.1891098022,81198,81269,71
12.9942502975,80.1857833862,81269,81279,10
12.9945001602,80.1858291626,81279,81289,10
12.9942703247,80.1852035522,81289,81299,10
12.9934501648,80.1839675903,81299,81309,10
12.9926700592,80.1827774048,81309,81319,10
12.9916801453,80.1816177368,81319,81329,10
12.9902801514,80.1802825928,81329,81339,10
12.9892101288,80.1792984009,81339,81349,10
12.9899196625,80.1799926758,81349,81531,182
12.9804201126,80.1650466919,81531,81541,10
12.9809799194,80.164642334,81541,81551,10
12.9808197021,80.1633911133,81551,81561,10
12.9801998138,80.1636581421,81561,81571,10
12.978969574,80.1616973877,81571,81581,10
12.9793901443,80.1624984741,81581,81692,111
12.9712295532,80.1510162354,81692,81702,10
12.9701900482,80.150100708,81702,81712,10
12.9702196121,80.1502838135,81712,81732,20
12.9688997269,80.1492767334,81732,81742,10
12.9693002701,80.1496810913,81742,81763,21
12.9678697586,80.1497879028,81763,81773,10
12.9676399231,80.1491622925,81773,81783,10
12.9666900635,80.149017334,81783,81793,10
12.9658498764,80.1484832764,81793,81873,80
12.9594697952,80.1455612183,81873,81894,21
12.9572401047,80.1438217163,81894,81904,10
12.9567604065,80.1436004639,81904,81914,10
12.955280304,80.1429214478,81914,81924,10
12.9539699554,80.1413574219,81924,81934,10
12.953499794,80.1417922974,81934,81974,40
12.9517498016,80.1408462524,81974,81984,10
12.9512701035,80.1402435303,81984,81994,10
12.9512195587,80.1403427124,81994,82004,10
12.9511499405,80.1403121948,82004,82014,10
12.9509897232,80.1399230957,82014,82236,222
12.937620163,80.128288269,82236,82246,10
12.9376802444,80.128578186,82246,82256,10
12.9363899231,80.1274414063,82256,82266,10
12.9355096817,80.1274871826,82266,82327,61
12.9323797226,80.1234817505,82327,82337,10
12.9319601059,80.1234970093,82337,82347,10
12.9320898056,80.1224365234,82347,82357,10
12.9308700562,80.1217422485,82357,82367,10
12.930680275,80.1213912964,82367,82377,10
12.9301795959,80.1211776733,82377,82387,10
12.9303598404,80.1213378906,82387,82397,10
12.9296998978,80.1203918457,82397,82438,41
12.9294300079,80.1207962036,82438,82448,10
12.9301204681,80.1209487915,82448,82458,10
12.9296998978,80.1212387085,82458,82468,10
12.9296798706,80.1210479736,82468,82478,10
12.9297504425,80.12084198,82478,82488,10
12.9296302795,80.1207809448,82488,82498,10
12.9292097092,80.1207809448,82498,82508,10
12.9288597107,80.1207962036,82508,82528,20
12.929479599,80.1198577881,82528,82538,10
12.9293203354,80.1196212769,82538,82548,10
12.9287796021,80.1202011108,82548,82559,11
12.9289197922,80.1201629639,82559,82569,10
12.9288101196,80.1200637817,82569,82579,10
12.9286298752,80.1199188232,82579,82589,10
12.9285898209,80.1200790405,82589,82599,10
12.9286699295,80.1200790405,82599,82609,10
12.9286899567,80.1201019287,82609,82619,10
12.9284601212,80.119972229,82619,82629,10
12.9283704758,80.119758606,82629,82710,81
12.9283704758,80.119758606,82710,82720,10
12.9282302856,80.119682312,82720,82730,10
12.9282102585,80.119758606,82730,82740,10
12.9282503128,80.1199111938,82740,82770,30
12.927740097,80.1200332642,82770,82780,10
12.9279603958,80.1190872192,82780,82790,10
12.9277601242,80.1195602417,82790,82800,10
12.9278297424,80.1196136475,82800,82810,10
12.92786026,80.1196517944,82810,82819,9
12.9278697968,80.1196670532,82819,82861,42
12.9275302887,80.119102478,82861,82871,10
12.9277000427,80.1193389893,82871,82881,10
12.9276695251,80.1193237305,82881,82891,10
12.927359581,80.1189117432,82891,82901,10
12.9273395538,80.1188735962,82901,82911,10
12.9272699356,80.1188812256,82911,82950,39
12.9272003174,80.1186523438,82950,82962,12
12.9272899628,80.1182785034,82962,82972,10
12.9271802902,80.1185073853,82972,82982,10
12.9272899628,80.1187210083,82982,82992,10
12.927189827,80.1187286377,82992,83002,10
12.9269895554,80.1181716919,83002,83012,10
12.9268903732,80.1180267334,83012,83022,10
12.9268198013,80.1180877686,83022,83092,70
12.9265403748,80.1182022095,83092,83223,131
12.9181699753,80.1089324951,83223,83234,11
12.9171800613,80.1077804565,83234,83244,10
12.9165496826,80.1069107056,83244,83254,10
12.9157800674,80.1057281494,83254,83264,10
12.9149799347,80.103729248,83264,83274,10
12.9149799347,80.103729248,83274,83284,10
12.9143600464,80.1027603149,83284,83292,8
12.9099998474,80.1006088257,83292,83363,71
12.9099998474,80.1006088257,83363,83383,20
12.909740448,80.1004714966,83383,83393,10
12.9093399048,80.1002197266,83393,83403,10
12.9088001251,80.1000823975,83403,83453,50
12.909330368,80.0994033813,83453,83463,10
12.9090204239,80.0991363525,83463,83473,10
12.9088096619,80.098777771,83473,83483,10
12.9087095261,80.0986785889,83483,83494,11
12.9082803726,80.0982818604,83494,83504,10
12.9075899124,80.0978393555,83504,83514,10
12.9068899155,80.0973968506,83514,83524,10
12.9071998596,80.0972824097,83524,83534,10
12.9073801041,80.0974121094,83534,83544,10
12.9075202942,80.0976028442,83544,83554,10
12.9070501328,80.0974884033,83554,83564,10
12.9070796967,80.0973587036,83564,83574,10
12.9070396423,80.09715271,83574,83584,10
12.9068803787,80.0969161987,83584,83614,30
12.9068803787,80.0969161987,83614,83624,10
12.9067497253,80.0967407227,83624,83655,31
12.9067497253,80.0967407227,83655,83665,10
12.9065103531,80.0967712402,83665,83675,10
12.9062204361,80.0963973999,83675,83685,10
12.9060602188,80.0961227417,83685,83695,10
12.9059200287,80.0959472656,83695,83705,10
12.9057197571,80.0957565308,83705,83715,10
12.9057703018,80.0956192017,83715,83725,10
12.9056100845,80.0954971313,83725,83735,10
12.9052295685,80.0953903198,83735,83745,10
12.90487957,80.0953063965,83745,83754,9
12.9044103622,80.0950164795,83754,83766,12
12.9036197662,80.0944900513,83766,83776,10
12.9025096893,80.0940704346,83776,83786,10
12.9017095566,80.093460083,83786,83796,10
12.9010095596,80.0928726196,83796,83806,10
12.9001502991,80.0920791626,83806,83816,10
12.8992595673,80.0911331177,83816,83826,10
12.898229599,80.0902862549,83826,83836,10
12.8971996307,80.0896530151,83836,83846,10
12.8965797424,80.0890808105,83846,83856,10
12.8961296082,80.0884170532,83856,83866,10
12.8952999115,80.0879211426,83866,83876,10
12.894610405,80.0873794556,83876,83886,10
12.8939599991,80.0868835449,83886,83897,11
12.8932800293,80.0862503052,83897,83907,10
12.892780304,80.0861129761,83907,83917,10
12.8927001953,80.0857009888,83917,83927,10
12.8927497864,80.0853500366,83927,84118,191
12.9105501175,80.1007766724,84118,84148,30
12.9138002396,80.1014022827,84148,84179,31
12.9159002304,80.1043014526,84179,84189,10
12.9160995483,80.1055297852,84189,84199,10
12.9165802002,80.1064300537,84199,84209,10
12.9170703888,80.1073608398,84209,84269,60
12.9201698303,80.1111526489,84269,84279,10
12.9209604263,80.1118774414,84279,84289,10
12.9217195511,80.1129989624,84289,84300,11
12.9226999283,80.1137313843,84300,84350,50
12.9266395569,80.1179275513,84350,85035,685
12.9747200012,80.1550827026,85035,85297,262
12.9849300385,80.1726989746,85297,85307,10
12.9853000641,80.1730575562,85307,85317,10
12.9857501984,80.1736526489,85317,85448,131
12.9933900833,80.1847000122,85448,85458,10
12.9939699173,80.1857910156,85458,85670,212
13.0045700073,80.2008132935,85670,85841,171
13.0093097687,80.2112426758,85841,85851,10
13.0091400146,80.2110671997,85851,85861,10
13.0093603134,80.2118988037,85861,85871,10
13.0095796585,80.2129516602,85871,85880,9
13.0098304749,80.2137908936,85880,85892,12
13.0103597641,80.2149810791,85892,85902,10
13.0103197098,80.2155303955,85902,85912,10
13.0103902817,80.2161636353,85912,85961,49
13.0120401382,80.2211074829,85961,86021,60
13.0141201019,80.2233200073,86021,86033,12
13.0142097473,80.2235412598,86033,86043,10
