12.9971399307,80.191947937,14,427,413
12.9970397949,80.1920471191,427,448,21
12.9970397949,80.1920471191,448,458,10
12.9970903397,80.1919021606,458,609,151
12.997179985,80.1918029785,609,658,49
12.997179985,80.1918029785,658,670,12
12.997300148,80.1914978027,670,680,10
12.9972896576,80.1913986206,680,690,10
12.997130394,80.1912231445,690,2476,1786
12.9969301224,80.1910018921,2476,2738,262
12.9971103668,80.191192627,2738,3102,364
12.9971103668,80.191192627,3102,3112,10
12.9969100952,80.1910705566,3112,3283,171
12.9969100952,80.1910705566,3283,3293,10
12.9971904755,80.1912002563,3293,3404,111
12.9969396591,80.1912918091,3404,3475,71
12.9969396591,80.1912918091,3475,3485,10
12.9970502853,80.191116333,3485,4464,979
12.9968996048,80.1909408569,4464,4575,111
12.9971103668,80.1910934448,4575,4898,323
12.9969701767,80.1910629272,4898,4999,101
12.997130394,80.1911697388,4999,5826,827
12.9970598221,80.1912231445,5826,5907,81
12.9972200394,80.1912612915,5907,7643,1736
12.997179985,80.1910934448,7643,7814,171
12.9971504211,80.1911392212,7814,8924,1110
12.9971504211,80.1911392212,8924,8934,10
12.9970598221,80.1913604736,8934,9086,152
12.9971599579,80.1913528442,9086,11195,2109
12.9971599579,80.1913528442,11195,11205,10
12.9970798492,80.1910171509,11205,11629,424
12.9970798492,80.1910171509,11629,11639,10
12.997179985,80.1912765503,11639,19329,7690
12.9972801208,80.1913223267,19329,19430,101
12.9972801208,80.1913223267,19430,19440,10
12.9973602295,80.1913299561,19440,20207,767
12.997300148,80.1912536621,20207,20550,343
12.997300148,80.1912536621,20550,20560,10
12.9972696304,80.1913604736,20560,23678,3118
12.997179985,80.1913223267,23678,23870,192
12.997209549,80.1912231445,23870,24203,333
12.9972496033,80.1913223267,24203,24808,605
12.9973402023,80.1913375854,24808,25273,465
12.9973402023,80.1913375854,25273,25283,10
12.9971103668,80.1912231445,25283,25293,10
12.996919632,80.1912002563,25293,25303,10
12.997130394,80.1910324097,25303,25313,10
12.9974603653,80.1915664673,25313,25323,10
12.9972000122,80.191619873,25323,25333,10
12.9971599579,80.1915435791,25333,25343,10
12.9972000122,80.1911010742,25343,25404,61
12.9972000122,80.1911010742,25404,25414,10
12.9969501495,80.1911010742,25414,25424,10
12.9966602325,80.191368103,25424,25575,151
12.996509552,80.1913223267,25575,26312,737
12.996509552,80.1913223267,26312,26322,10
12.9965295792,80.1914825439,26322,26352,30
12.9967002869,80.1915130615,26352,26383,31
12.9965496063,80.1914215088,26383,26403,20
12.9965496063,80.1914215088,26403,26413,10
12.9964199066,80.1913604736,26413,26817,404
12.9964199066,80.1913604736,26817,26827,10
12.9964704514,80.1913604736,26827,26837,10
12.9963798523,80.1913909912,26837,26847,10
12.9962997437,80.1912078857,26847,26857,10
12.9961500168,80.1906280518,26857,26867,10
12.995929718,80.1897277832,26867,26938,71
12.995929718,80.1897277832,26938,26948,10
12.9958896637,80.1895217896,26948,26958,10
12.996049881,80.1892700195,26958,26968,10
12.9963502884,80.1895523071,26968,26978,10
12.9967699051,80.1900100708,26978,26988,10
12.9972801208,80.1906280518,26988,26998,10
12.9978704453,80.1913375854,26998,27008,10
12.9985198975,80.1921768188,27008,27018,10
12.9992103577,80.1930618286,27018,27029,11
12.9999504089,80.1940231323,27029,27039,10
13.0006504059,80.1948471069,27039,27049,10
13.0013999939,80.1958007813,27049,27059,10
13.0020704269,80.1967697144,27059,27069,10
13.0020904541,80.1978988647,27069,27079,10
13.0018997192,80.19896698,27079,27089,10
13.0019302368,80.1999130249,27089,27099,10
13.0025396347,80.2005767822,27099,27109,10
13.0037603378,80.2007598877,27109,27160,51
13.0038604736,80.2009887695,27160,27200,40
13.0038604736,80.2009887695,27200,27210,10
13.0039300919,80.200881958,27210,27220,10
13.0042295456,80.200958252,27220,27230,10
13.0048303604,80.2012023926,27230,27241,11
13.0053596497,80.2015304565,27241,27251,10
13.0057201385,80.2019729614,27251,27261,10
13.0060396194,80.2025604248,27261,27271,10
13.0064697266,80.2031326294,27271,27281,10
13.0070896149,80.2035217285,27281,27291,10
13.0078201294,80.2036972046,27291,27301,10
13.0084295273,80.203453064,27301,27311,10
13.0081501007,80.2028427124,27311,27321,10
13.0075597763,80.2032318115,27321,27331,10
13.0076303482,80.2040634155,27331,27341,10
13.0076503754,80.2049407959,27341,27352,11
13.0077104568,80.2060699463,27352,27362,10
13.0078601837,80.2070770264,27362,27372,10
13.0080003738,80.2081298828,27372,27382,10
13.0081300735,80.2090988159,27382,27392,10
13.0083904266,80.2099761963,27392,27402,10
13.0089902878,80.2107391357,27402,27463,61
13.0092401505,80.2108383179,27463,27503,40
13.0092401505,80.2108383179,27503,27513,10
13.0093097687,80.2108078003,27513,27523,10
13.0093603134,80.2109603882,27523,27685,162
13.0094804764,80.2110671997,27685,27755,70
13.0094804764,80.2110671997,27755,27765,10
13.0094404221,80.2111206055,27765,27775,10
13.0094404221,80.2111587524,27775,27785,10
13.0091400146,80.2114486694,27785,27796,11
13.0091495514,80.2118835449,27796,27806,10
13.0093402863,80.2125320435,27806,27816,10
13.0095596313,80.2131500244,27816,27826,10
13.0097904205,80.2137832642,27826,27836,10
13.0100498199,80.2144165039,27836,27846,10
13.0102100372,80.2152175903,27846,27856,10
13.0104703903,80.2161483765,27856,27866,10
13.0109395981,80.2171707153,27866,27876,10
13.0113801956,80.21824646,27876,27886,10
13.0117998123,80.2194213867,27886,27896,10
13.0122203827,80.2206115723,27896,27907,11
13.0125999451,80.2215270996,27907,27917,10
13.0129995346,80.2220993042,27917,27927,10
13.0136003494,80.222869873,27927,27937,10
13.0139503479,80.2233734131,27937,27947,10
13.0141601563,80.2236099243,27947,27957,10
13.0144195557,80.2238006592,27957,27967,10
13.014840126,80.2242431641,27967,27977,10
13.0153799057,80.2248764038,27977,27987,10
13.0156497955,80.2251205444,27987,27996,9
13.0157299042,80.2252120972,27996,28008,12
13.0162696838,80.2253875732,28008,28018,10
13.0171003342,80.2251281738,28018,28028,10
13.0180702209,80.2247314453,28028,28038,10
13.0194702148,80.2243270874,28038,28058,20
13.0194702148,80.2243270874,28058,28068,10
13.0196800232,80.2244720459,28068,28078,10
13.0201597214,80.224822998,28078,28088,10
13.020819664,80.2253036499,28088,28098,10
13.0215501785,80.2258987427,28098,28109,11
13.0225200653,80.2266921997,28109,28119,10
13.0234804153,80.2275390625,28119,28129,10
13.0242900848,80.2284011841,28129,28139,10
13.0247602463,80.2290267944,28139,28149,10
13.0250196457,80.2293624878,28149,28159,10
13.0254402161,80.229927063,28159,28169,10
13.0258703232,80.2307434082,28169,28179,10
13.0261602402,80.2317199707,28179,28189,10
13.0265102386,80.2328033447,28189,28240,51
13.0265102386,80.2328033447,28240,28250,10
13.0266504288,80.2331314087,28250,28260,10
13.0269804001,80.2336807251,28260,28270,10
13.0274400711,80.2344207764,28270,28280,10
13.0279502869,80.2353363037,28280,28290,10
13.0287599564,80.2362670898,28290,28300,10
13.0295295715,80.2370223999,28300,28310,10
13.0296096802,80.237121582,28310,28320,10
13.0297403336,80.2374267578,28320,28331,11
13.0301504135,80.238067627,28331,28341,10
13.0305700302,80.2387466431,28341,28351,10
13.030960083,80.2393569946,28351,28361,10
13.0311403275,80.2396316528,28361,28371,10
13.0311803818,80.2398376465,28371,28381,10
13.0314102173,80.2401580811,28381,28391,10
13.0315103531,80.240852356,28391,28401,10
13.0318803787,80.2416229248,28401,28411,10
13.0324001312,80.2423782349,28411,28421,10
13.0330400467,80.2432403564,28421,28431,10
13.0337400436,80.244178772,28431,28442,11
13.0344696045,80.2451934814,28442,28452,10
13.035030365,80.2458190918,28452,28462,10
13.0356302261,80.2461395264,28462,28502,40
13.0356302261,80.2461395264,28502,28512,10
13.0356397629,80.2463302612,28512,28522,10
13.0355901718,80.2465667725,28522,28532,10
13.0355195999,80.2470397949,28532,28543,11
13.0354299545,80.2481002808,28543,28573,30
13.0354299545,80.2481002808,28573,28583,10
13.0354204178,80.2484817505,28583,28593,10
13.0354003906,80.2490081787,28593,28603,10
13.0353803635,80.2493896484,28603,28613,10
13.0353603363,80.249961853,28613,28623,10
13.035320282,80.2505264282,28623,28633,10
13.0352802277,80.2510070801,28633,28643,10
13.035200119,80.251739502,28643,28653,10
13.0352802277,80.2525482178,28653,28664,11
13.0352401733,80.2531661987,28664,28674,10
13.0352096558,80.2536468506,28674,28684,10
13.0351104736,80.2541732788,28684,28694,10
13.0353603363,80.2545776367,28694,28704,10
13.0357904434,80.2550125122,28704,28714,10
13.0366697311,80.2555770874,28714,28724,10
13.0371198654,80.2559509277,28724,28734,10
13.0371398926,80.2559585571,28734,28744,10
13.0374202728,80.2562026978,28744,28754,10
13.0376501083,80.2564163208,28754,28765,11
13.0378198624,80.2565383911,28765,28775,10
13.0380601883,80.2567062378,28775,28785,10
13.0382604599,80.2568893433,28785,28795,10
13.0387201309,80.2572937012,28795,28805,10
13.0387802124,80.2576980591,28805,28815,10
13.0387601852,80.2583084106,28815,28825,10
13.0387201309,80.2588119507,28825,28835,10
13.0387001038,80.2589263916,28835,28845,10
13.0386695862,80.2592468262,28845,28855,10
13.0387296677,80.2598876953,28855,28865,10
13.039059639,80.2607116699,28865,28875,10
13.0392799377,80.2615203857,28875,28886,11
13.0393695831,80.261932373,28886,28896,10
13.0394802094,80.2622528076,28896,28906,10
13.0396003723,80.262802124,28906,28916,10
13.0396404266,80.2630462646,28916,28926,10
13.0397396088,80.2634963989,28926,28936,10
13.0397195816,80.2639083862,28936,28946,10
13.0397100449,80.2641830444,28946,28956,10
13.0399198532,80.2645263672,28956,28966,10
13.0404596329,80.2646102905,28966,28977,11
13.0408802032,80.2646179199,28977,28987,10
13.041390419,80.2647018433,28987,28997,10
13.0413398743,80.265296936,28997,29007,10
13.0412597656,80.2660293579,29007,29017,10
13.0411596298,80.2668991089,29017,29027,10
13.0410804749,80.267250061,29027,29037,10
13.0410003662,80.267791748,29037,29047,10
13.0410900116,80.268157959,29047,29057,10
13.0439195633,80.2671737671,29057,29127,70
13.0443496704,80.2668991089,29127,29187,60
13.0443496704,80.2668991089,29187,29197,10
13.0445804596,80.266746521,29197,29208,11
13.044670105,80.2671813965,29208,29218,10
13.0446100235,80.2677688599,29218,29228,10
13.0445804596,80.2686462402,29228,29238,10
13.0445203781,80.2691726685,29238,29248,10
13.0445098877,80.2691726685,29248,29258,10
13.0444002151,80.269493103,29258,29268,10
13.0442304611,80.2702407837,29268,29278,10
13.0441102982,80.2708816528,29278,29288,10
13.0439395905,80.2716827393,29288,29298,10
13.0437602997,80.2726364136,29298,29308,10
13.0436601639,80.2732925415,29308,29319,11
13.0436401367,80.2733078003,29319,29329,10
13.0435199738,80.2737197876,29329,29339,10
13.0433998108,80.2743988037,29339,29349,10
13.0433502197,80.2752990723,29349,29359,10
13.0433397293,80.2762374878,29359,29369,10
13.0433597565,80.2776412964,29369,29399,30
13.0433597565,80.2776412964,29399,29409,10
13.0433397293,80.2779388428,29409,29419,10
13.0433597565,80.2785568237,29419,29430,11
13.0433998108,80.2794570923,29430,29440,10
13.0440797806,80.279838562,29440,29450,10
13.0451002121,80.2799987793,29450,29460,10
13.0461797714,80.2801589966,29460,29470,10
13.047249794,80.2803115845,29470,29480,10
13.0484800339,80.2804794312,29480,29490,10
13.0496702194,80.2806396484,29490,29500,10
13.0502500534,80.2805023193,29500,29510,10
13.0505304337,80.279800415,29510,29520,10
13.0505800247,80.2796478271,29520,29531,11
13.0507297516,80.2793121338,29531,29541,10
13.0509395599,80.2788009644,29541,29551,10
13.0510396957,80.278427124,29551,29561,10
13.0511798859,80.2781295776,29561,29571,10
13.0514001846,80.2775421143,29571,29581,10
13.0515298843,80.2771987915,29581,29591,10
13.051659584,80.2769165039,29591,29601,10
13.0518503189,80.2764587402,29601,29611,10
13.0520095825,80.2760009766,29611,29621,10
13.0521697998,80.2755203247,29621,29631,10
13.0523099899,80.2750320435,29631,29641,10
13.0523500443,80.2748794556,29641,29652,11
13.052479744,80.2745285034,29652,29662,10
13.0525503159,80.2743377686,29662,29672,10
13.0526695251,80.274017334,29672,29682,10
13.0528497696,80.2737197876,29682,29692,10
13.0530900955,80.273727417,29692,29702,10
13.0534896851,80.2737426758,29702,29712,10
13.0541000366,80.2737579346,29712,29722,10
13.0544500351,80.2737808228,29722,29732,10
13.0550203323,80.2738113403,29732,29742,10
13.055729866,80.2738418579,29742,29753,11
13.0564203262,80.2739334106,29753,29773,20
13.0564203262,80.2739334106,29773,29783,10
13.0569095612,80.2739486694,29783,29793,10
13.0575199127,80.273979187,29793,29813,20
13.0575199127,80.273979187,29813,29823,10
13.057849884,80.2740402222,29823,29833,10
13.0582399368,80.2740936279,29833,29843,10
13.0586900711,80.2741165161,29843,29853,10
13.058930397,80.2742385864,29853,29864,11
13.0588703156,80.2745513916,29864,29874,10
13.0587902069,80.2750473022,29874,29884,10
13.0587396622,80.2755584717,29884,29894,10
13.0587301254,80.2755813599,29894,29904,10
13.0586395264,80.276008606,29904,29914,10
13.0584001541,80.2766494751,29914,29924,10
13.0581998825,80.2772979736,29924,29934,10
13.058139801,80.2778015137,29934,29944,10
13.0581302643,80.2778091431,29944,29953,9
13.05809021,80.2779922485,29953,29964,11
13.0580301285,80.2785873413,29964,29975,11
13.0579299927,80.2792205811,29975,29985,10
13.0578603745,80.2795333862,29985,29995,10
13.0577802658,80.2800827026,29995,30005,10
13.0577096939,80.2807998657,30005,30015,10
13.0576000214,80.2816619873,30015,30025,10
13.0575704575,80.2819519043,30025,30035,10
13.0576601028,80.282081604,30035,30045,10
13.0581798553,80.2821502686,30045,30055,10
13.0589895248,80.2822875977,30055,30065,10
13.0600004196,80.2825164795,30065,30075,10
13.0612297058,80.2827682495,30075,30086,11
13.0627298355,80.2831192017,30086,30096,10
13.0635404587,80.2832794189,30096,30106,10
13.0635995865,80.2833404541,30106,30116,10
13.0640096664,80.2833633423,30116,30126,10
13.0647802353,80.283531189,30126,30136,10
13.0657901764,80.2837600708,30136,30146,10
13.0668497086,80.2840118408,30146,30156,10
13.0674800873,80.2841110229,30156,30166,10
13.0675401688,80.2841033936,30166,30176,10
13.0679397583,80.2841720581,30176,30187,11
13.0685596466,80.2843017578,30187,30197,10
13.0693597794,80.2845077515,30197,30207,10
13.0702800751,80.2847366333,30207,30217,10
13.0712099075,80.2849578857,30217,30227,10
13.0721597672,80.2851791382,30227,30237,10
13.0731897354,80.2852935791,30237,30247,10
13.073849678,80.2854614258,30247,30257,10
13.0739002228,80.2855072021,30257,30267,10
13.0739603043,80.2856292725,30267,30277,10
13.0737104416,80.2860031128,30277,30287,10
13.0729799271,80.2857513428,30287,30297,10
13.0720500946,80.2853393555,30297,30308,11
13.0707998276,80.2850112915,30308,30318,10
13.0696601868,80.2847213745,30318,30328,10
13.0686302185,80.2845001221,30328,30338,10
13.0681695938,80.2844085693,30338,30348,10
13.0677099228,80.284362793,30348,30358,10
13.0668201447,80.2844085693,30358,30388,30
13.0668201447,80.2844085693,30388,30399,11
13.0666103363,80.2844467163,30399,30409,10
13.0663003922,80.284286499,30409,30580,171
13.0663003922,80.284286499,30580,30590,10
13.0662403107,80.2842102051,30590,30600,10
13.0659704208,80.2840194702,30600,30610,10
13.0653800964,80.2838363647,30610,30621,11
13.0644598007,80.2836380005,30621,30631,10
13.0635795593,80.2834014893,30631,30641,10
13.0627803802,80.2831878662,30641,30651,10
13.062210083,80.2830505371,30651,30661,10
13.0614995956,80.2828979492,30661,30671,10
13.0612297058,80.2828292847,30671,30681,10
13.0609302521,80.2827606201,30681,30691,10
13.0602502823,80.2826080322,30691,30701,10
13.0593395233,80.2824020386,30701,30711,10
13.0585403442,80.2822494507,30711,30721,10
13.0576200485,80.2820587158,30721,30752,31
13.0576200485,80.2820587158,30752,30762,10
13.0575304031,80.2817306519,30762,30772,10
13.0576200485,80.2811508179,30772,30782,10
13.0576696396,80.2808532715,30782,30792,10
13.0577497482,80.2802886963,30792,30802,10
13.0578603745,80.279510498,30802,30812,10
13.0579595566,80.2789382935,30812,30822,10
13.0580396652,80.2782363892,30822,30832,10
13.0581302643,80.2776412964,30832,30842,10
13.0582399368,80.2770767212,30842,30853,11
13.0583496094,80.2767791748,30853,30863,10
13.0583896637,80.2767105103,30863,30873,10
13.0585603714,80.2763137817,30873,30883,10
13.0587100983,80.275718689,30883,30893,10
13.0587501526,80.2754669189,30893,30903,10
13.0587596893,80.2754516602,30903,30913,10
13.0587797165,80.2752914429,30913,30923,10
13.0588197708,80.2749023438,30923,30933,10
13.0588502884,80.2746276855,30933,30943,10
13.0588598251,80.2743911743,30943,30952,9
13.0588302612,80.2742233276,30952,30964,12
13.0585403442,80.2741928101,30964,30974,10
13.058380127,80.2742004395,30974,30984,10
13.0579795837,80.2741317749,30984,31004,20
13.0579795837,80.2741317749,31004,31014,10
13.0574598312,80.2740783691,31014,31024,10
13.057100296,80.274017334,31024,31034,10
13.0565500259,80.273979187,31034,31054,20
13.0565500259,80.273979187,31054,31065,11
13.0562200546,80.27394104,31065,31075,10
13.0559301376,80.2739105225,31075,31085,10
13.0556297302,80.2739181519,31085,31095,10
13.055100441,80.2739028931,31095,31105,10
13.0544500351,80.2739715576,31105,31115,10
13.0537595749,80.2738800049,31115,31125,10
13.0537004471,80.2738571167,31125,31135,10
13.0535497665,80.2737579346,31135,31145,10
13.0532102585,80.2737426758,31145,31155,10
13.0528297424,80.2737426758,31155,31165,10
13.0526895523,80.2738265991,31165,31175,10
13.0525197983,80.2739181519,31175,31186,11
13.0522603989,80.274017334,31186,31196,10
13.0519504547,80.2740631104,31196,31206,10
13.0518302917,80.2740783691,31206,31216,10
13.051609993,80.2740936279,31216,31226,10
13.051320076,80.2741470337,31226,31236,10
13.0508899689,80.274230957,31236,31256,20
13.0508899689,80.274230957,31256,31266,10
13.0504798889,80.2743835449,31266,31276,10
13.0501899719,80.2744216919,31276,31287,11
13.0498600006,80.2744598389,31287,31297,10
13.0494699478,80.2745895386,31297,31307,10
13.0491199493,80.2746734619,31307,31317,10
13.0488395691,80.274597168,31317,31327,10
13.0484399796,80.2746124268,31327,31337,10
13.0480804443,80.2746200562,31337,31347,10
13.0476503372,80.2745666504,31347,31357,10
13.0471696854,80.2745132446,31357,31367,10
13.0469799042,80.274520874,31367,31377,10
13.0466604233,80.2745132446,31377,31408,31
13.0466604233,80.2745132446,31408,31418,10
13.0461397171,80.2744369507,31418,31428,10
13.0454597473,80.2742996216,31428,31458,30
13.0454597473,80.2742996216,31458,31468,10
13.044960022,80.274269104,31468,31478,10
13.0443696976,80.274307251,31478,31488,10
13.0436296463,80.2743301392,31488,31498,10
13.0434799194,80.2739715576,31498,31509,11
13.0435695648,80.2732620239,31509,31519,10
13.0437097549,80.2724685669,31519,31529,10
13.0438604355,80.2717437744,31529,31549,20
13.0438604355,80.2717437744,31549,31559,10
13.0439300537,80.2714614868,31559,31569,10
13.0440196991,80.270942688,31569,31579,10
13.0441503525,80.2702178955,31579,31589,10
13.044380188,80.269317627,31589,31599,10
13.0444803238,80.2686767578,31599,31680,81
13.0444803238,80.2686767578,31680,31690,10
13.0445899963,80.2684020996,31690,31700,10
13.0443296432,80.2683410645,31700,31710,10
13.0439500809,80.2683029175,31710,31719,9
13.0433797836,80.2682723999,31719,31731,12
13.0426502228,80.2681732178,31731,31741,10
13.0422000885,80.268157959,31741,31751,10
13.041680336,80.2682876587,31751,31761,10
13.0411996841,80.2682266235,31761,31832,71
13.0411996841,80.2682266235,31832,31842,10
13.0407104492,80.2681808472,31842,31852,10
13.0404195786,80.2680511475,31852,31892,40
13.0404195786,80.2680511475,31892,31902,10
13.0400495529,80.267906189,31902,31912,10
13.0398797989,80.267868042,31912,31922,10
13.0396795273,80.2678070068,31922,31932,10
13.0395402908,80.2678070068,31932,31943,11
13.0391798019,80.2676773071,31943,31953,10
13.0386104584,80.2676315308,31953,31963,10
13.038020134,80.2676925659,31963,31973,10
13.0376796722,80.2676773071,31973,31983,10
13.0373096466,80.2676010132,31983,31993,10
13.0370597839,80.2673187256,31993,32003,10
13.0370903015,80.2666702271,32003,32013,10
13.0370998383,80.266456604,32013,32023,10
13.0371103287,80.2664108276,32023,32033,10
13.0372200012,80.2660369873,32033,32043,10
13.0373802185,80.265411377,32043,32053,10
13.0375404358,80.2646484375,32053,32064,11
13.0375795364,80.2637786865,32064,32074,10
13.0374698639,80.263343811,32074,32084,10
13.0374202728,80.2630004883,32084,32094,10
13.0373601913,80.2624893188,32094,32104,10
13.0373697281,80.2619400024,32104,32114,10
13.0375204086,80.2613372803,32114,32124,10
13.0377502441,80.2606735229,32124,32134,10
13.0380897522,80.2599029541,32134,32144,10
13.0382404327,80.2595672607,32144,32154,10
13.038479805,80.2590408325,32154,32175,21
13.038479805,80.2590408325,32175,32185,10
13.0386695862,80.2587432861,32185,32195,10
13.0387496948,80.2583084106,32195,32205,10
13.0387401581,80.2575378418,32205,32245,40
13.038649559,80.2571563721,32245,32276,31
13.038649559,80.2571563721,32276,32286,10
13.0384702682,80.257019043,32286,32296,10
13.038189888,80.2568283081,32296,32306,10
13.0380296707,80.2564468384,32306,32346,40
13.0380496979,80.2565231323,32346,32397,51
13.0380496979,80.2565231323,32397,32407,10
13.038020134,80.2562637329,32407,32417,10
13.0380802155,80.2561035156,32417,32427,10
13.0381603241,80.2557601929,32427,32457,30
13.0381603241,80.2557601929,32457,32467,10
13.0382003784,80.2556228638,32467,32477,10
13.0382699966,80.255279541,32477,32486,9
13.0383300781,80.2549285889,32486,32498,12
13.0384302139,80.2541885376,32498,32508,10
13.0385599136,80.2533721924,32508,32518,10
13.0386600494,80.2525634766,32518,32528,10
13.0387496948,80.2517623901,32528,32538,10
13.0388202667,80.2512588501,32538,32548,10
13.038860321,80.2509765625,32548,32558,10
13.0389003754,80.25050354,32558,32568,10
13.0389699936,80.250038147,32568,32578,10
13.0389795303,80.2500228882,32578,32588,10
13.0390100479,80.2498321533,32588,32599,11
13.0390501022,80.2494735718,32599,32609,10
13.0391101837,80.2490234375,32609,32619,10
13.0391702652,80.2485580444,32619,32629,10
13.0392503738,80.2478485107,32629,32639,10
13.0393400192,80.2474975586,32639,32649,10
13.0394601822,80.2471618652,32649,32760,111
13.0394601822,80.2471618652,32760,32770,10
13.0393295288,80.2469177246,32770,32780,10
13.0390195847,80.2469482422,32780,32790,10
13.0384702682,80.2467803955,32790,32800,10
13.0377502441,80.2466430664,32800,32810,10
13.0369501114,80.2465133667,32810,32821,11
13.0359201431,80.2462615967,32821,32861,40
13.0359201431,80.2462615967,32861,32871,10
13.0355997086,80.2461090088,32871,32881,10
13.0350904465,80.2459869385,32881,32901,20
13.0350904465,80.2459869385,32901,32911,10
13.0349502563,80.2458724976,32911,32921,10
13.0346698761,80.2454528809,32921,32932,11
13.034239769,80.2448806763,32932,32942,10
13.0337896347,80.2443313599,32942,32952,10
13.0332899094,80.2437362671,32952,32962,10
13.0326595306,80.2429199219,32962,32972,10
13.0323495865,80.2425003052,32972,32982,10
13.03221035,80.2423629761,32982,32992,10
13.0320596695,80.242149353,32992,33002,10
13.0319404602,80.2419128418,33002,33133,131
13.0319404602,80.2419128418,33133,33143,10
13.031829834,80.2415771484,33143,33154,11
13.0316295624,80.2410964966,33154,33164,10
13.0313596725,80.2404785156,33164,33174,10
13.0311603546,80.2400970459,33174,33265,91
13.0311603546,80.2400970459,33265,33275,10
13.0310897827,80.2400512695,33275,33285,10
13.0309495926,80.2397079468,33285,33295,10
13.0306501389,80.2391204834,33295,33305,10
13.0302095413,80.2383804321,33305,33315,10
13.0296897888,80.2374725342,33315,33325,10
13.0290899277,80.2367935181,33325,33335,10
13.0290803909,80.2367630005,33335,33345,10
13.028960228,80.2366104126,33345,33355,10
13.0286102295,80.2362289429,33355,33365,10
13.0281200409,80.2356796265,33365,33375,10
13.0276403427,80.2349777222,33375,33386,11
13.0270900726,80.2340316772,33386,33396,10
13.0264997482,80.2330627441,33396,33406,10
13.026140213,80.2320785522,33406,33416,10
13.0260601044,80.2317504883,33416,33426,10
13.0261001587,80.2316665649,33426,33436,10
13.0259895325,80.2313613892,33436,33446,10
13.0258102417,80.2306976318,33446,33456,10
13.0253200531,80.2298965454,33456,33466,10
13.0247097015,80.2291793823,33466,33485,19
13.0247097015,80.2291793823,33485,33497,12
13.0246295929,80.2290725708,33497,33507,10
13.0243902206,80.2287597656,33507,33517,10
13.0241804123,80.2284317017,33517,33527,10
13.0237903595,80.2279281616,33527,33537,10
13.0231895447,80.2273712158,33537,33547,10
13.0223903656,80.2266311646,33547,33567,20
13.0223903656,80.2266311646,33567,33577,10
13.0222702026,80.2264175415,33577,33587,10
13.0218400955,80.22605896,33587,33598,11
13.0211296082,80.2255477905,33598,33608,10
13.0203304291,80.2250213623,33608,33618,10
13.0193796158,80.2244491577,33618,33628,10
13.0181703568,80.2246932983,33628,33638,10
13.0169401169,80.2252197266,33638,33648,10
13.0162000656,80.2255401611,33648,33658,10
13.01541996,80.2257766724,33658,33668,10
13.0150299072,80.2259521484,33668,33678,10
13.014840126,80.2260284424,33678,33688,10
13.0143098831,80.2262268066,33688,33699,11
13.0142297745,80.226272583,33699,33708,9
13.0139904022,80.2263565063,33708,33719,11
13.0133399963,80.226600647,33719,33729,10
13.012550354,80.2269134521,33729,33739,10
13.011590004,80.2272720337,33739,33749,10
13.0105695724,80.2276763916,33749,33759,10
13.0096998215,80.2279434204,33759,33769,10
13.0095596313,80.2274703979,33769,33779,10
13.0098400116,80.2268676758,33779,33789,10
13.010219574,80.2260665894,33789,33799,10
13.0106201172,80.2251586914,33799,33810,11
13.0110797882,80.2242126465,33810,33820,10
13.0112199783,80.2238464355,33820,33830,10
13.0113601685,80.2233963013,33830,33840,10
13.0116300583,80.2227630615,33840,33850,10
13.0119895935,80.2218170166,33850,33860,10
13.012169838,80.220993042,33860,33870,10
13.0120601654,80.2202529907,33870,33880,10
13.0117197037,80.2194137573,33880,33890,10
13.0114202499,80.2184829712,33890,33900,10
13.0110397339,80.2175598145,33900,33910,10
13.0106296539,80.2166976929,33910,33921,11
13.010140419,80.2158203125,33921,33931,10
13.0097503662,80.2150726318,33931,33941,10
13.0093097687,80.2144927979,33941,33951,10
13.008600235,80.2135772705,33951,33991,40
13.008600235,80.2135772705,33991,34001,10
13.0083703995,80.2134017944,34001,34072,71
13.0080604553,80.2132034302,34072,34112,40
13.0069599152,80.2127304077,34112,34153,41
13.0069599152,80.2127304077,34153,34174,21
13.0066204071,80.2127304077,34174,34184,10
13.0064001083,80.2127685547,34184,34194,10
13.0061397552,80.212890625,34194,34204,10
13.0055999756,80.2128295898,34204,34214,10
13.0050697327,80.2125091553,34214,34224,10
13.0043096542,80.2121276855,34224,34234,10
13.003780365,80.2119522095,34234,34244,10
13.0037403107,80.2116012573,34244,34255,11
13.0036802292,80.2108764648,34255,34265,10
13.0035800934,80.2102279663,34265,34275,10
13.0035200119,80.2095794678,34275,34285,10
13.0036697388,80.2088623047,34285,34295,10
13.0042495728,80.2087478638,34295,34305,10
13.0051202774,80.2091369629,34305,34315,10
13.0058803558,80.2094497681,34315,34325,10
13.0065402985,80.2096481323,34325,34335,10
13.0072898865,80.209777832,34335,34355,20
13.0072898865,80.209777832,34355,34366,11
13.0075502396,80.2098464966,34366,34376,10
13.0079898834,80.2099380493,34376,34386,10
13.0081996918,80.2097473145,34386,34396,10
13.0080795288,80.2091903687,34396,34406,10
13.0079202652,80.208366394,34406,34436,30
13.0079202652,80.208366394,34436,34446,10
13.0078401566,80.2080612183,34446,34456,10
13.0077600479,80.2074279785,34456,34466,10
13.007610321,80.2065887451,34466,34477,11
13.007519722,80.2059173584,34477,34487,10
13.0075302124,80.2057189941,34487,34497,10
13.0075397491,80.2055587769,34497,34507,10
13.007519722,80.2051773071,34507,34517,10
13.0075302124,80.2046279907,34517,34527,10
13.0074901581,80.2039794922,34527,34537,10
13.007349968,80.2031326294,34537,34547,10
13.0068902969,80.2025222778,34547,34557,10
13.0065803528,80.2031173706,34557,34567,10
13.0071897507,80.2035217285,34567,34577,10
13.0079202652,80.2036895752,34577,34588,11
13.0084695816,80.2031707764,34588,34598,10
13.0077495575,80.2028579712,34598,34608,10
13.0075998306,80.2038192749,34608,34618,10
13.0076398849,80.2048721313,34618,34628,10
13.0076999664,80.2060775757,34628,34638,10
13.0078802109,80.2072372437,34638,34648,10
13.0079803467,80.2078399658,34648,34658,10
13.0080404282,80.2083435059,34658,34668,10
13.0081396103,80.2088088989,34668,34678,10
13.0081796646,80.209022522,34678,34699,21
13.0081796646,80.209022522,34699,34709,10
13.0081996918,80.2091903687,34709,34719,10
13.0082302094,80.2093429565,34719,34729,10
13.0083303452,80.2097473145,34729,34739,10
13.0085697174,80.2102966309,34739,34749,10
13.0090398788,80.2107772827,34749,34810,61
13.0093002319,80.2109680176,34810,34870,60
13.0094404221,80.2110214233,34870,35203,333
13.0093603134,80.2109603882,35203,35355,152
13.0092601776,80.2112808228,35355,35405,50
13.0092601776,80.2112808228,35405,35415,10
13.0090703964,80.2116165161,35415,35425,10
13.0091104507,80.2118682861,35425,35435,10
13.0091695786,80.2120819092,35435,35445,10
13.0092802048,80.2124328613,35445,35455,10
13.0094203949,80.2128677368,35455,35466,11
13.0096197128,80.2134017944,35466,35476,10
13.0098304749,80.2139434814,35476,35486,10
13.0100603104,80.2144775391,35486,35496,10
13.0101699829,80.2151412964,35496,35506,10
13.0103397369,80.2159118652,35506,35516,10
13.0107002258,80.2167129517,35516,35526,10
13.0110998154,80.2175674438,35526,35536,10
13.0114097595,80.2185134888,35536,35546,10
13.011759758,80.2195205688,35546,35556,10
13.0121097565,80.2205429077,35556,35566,10
13.0124597549,80.2213668823,35566,35577,11
13.0128097534,80.2218780518,35577,35587,10
13.0132198334,80.222328186,35587,35597,10
13.0136499405,80.2228317261,35597,35607,10
13.013999939,80.2232666016,35607,35617,10
13.0141897202,80.223487854,35617,35627,10
13.0143499374,80.2236633301,35627,35637,10
13.0145597458,80.2239303589,35637,35647,10
13.0150203705,80.2245483398,35647,35667,20
13.0150203705,80.2245483398,35667,35677,10
13.0152702332,80.2248382568,35677,35688,11
13.0156297684,80.2250823975,35688,35708,20
13.0156297684,80.2250823975,35708,35718,10
13.0157604218,80.2251968384,35718,35728,10
13.0160598755,80.2253417969,35728,35738,10
13.0165500641,80.2253036499,35738,35748,10
13.0170898438,80.2250671387,35748,35758,10
13.01720047,80.2250137329,35758,35768,10
13.0173397064,80.2249526978,35768,35778,10
13.0177097321,80.2248001099,35778,35788,10
13.0180702209,80.2246398926,35788,35798,10
13.0182800293,80.2245635986,35798,35809,11
13.0184402466,80.2244873047,35809,35819,10
13.0186195374,80.2244110107,35819,35829,10
13.0188398361,80.224319458,35829,35839,10
13.0193395615,80.2242584229,35839,35869,30
13.0193395615,80.2242584229,35869,35879,10
13.019490242,80.224319458,35879,35930,51
13.019490242,80.224319458,35930,35940,10
13.0198602676,80.2246398926,35940,35950,10
13.0202302933,80.2249069214,35950,35960,10
13.0206604004,80.2251815796,35960,35970,10
13.0209903717,80.2254104614,35970,35980,10
13.021229744,80.2256393433,35980,35990,10
13.0214500427,80.2258071899,35990,36000,10
13.0216703415,80.2259521484,36000,36010,10
13.0218896866,80.2261123657,36010,36019,9
13.0221395493,80.2262878418,36019,36031,12
13.0225000381,80.226600647,36031,36071,40
13.0225000381,80.226600647,36071,36081,10
13.0227203369,80.2268218994,36081,36091,10
13.0228099823,80.2269363403,36091,36101,10
13.023059845,80.2272033691,36101,36121,20
13.023059845,80.2272033691,36121,36132,11
13.023349762,80.2274169922,36132,36142,10
13.0236196518,80.2276382446,36142,36152,10
13.0239095688,80.227897644,36152,36162,10
13.0241098404,80.2281036377,36162,36172,10
13.0242099762,80.2282180786,36172,36182,10
13.0243196487,80.2284088135,36182,36192,10
13.0244503021,80.2285766602,36192,36202,10
13.0246200562,80.228843689,36202,36242,40
13.0246200562,80.228843689,36242,36253,11
13.0247402191,80.2290115356,36253,36263,10
13.024889946,80.2292404175,36263,36273,10
13.0252399445,80.2296524048,36273,36283,10
13.0254297256,80.2299118042,36283,36293,10
13.02546978,80.2299575806,36293,36303,10
13.0256500244,80.2302093506,36303,36313,10
13.0257902145,80.2304611206,36313,36323,10
13.0258903503,80.2306976318,36323,36333,10
13.0259599686,80.2309036255,36333,36343,10
13.0260000229,80.2311172485,36343,36353,10
13.0260696411,80.2314376831,36353,36364,11
13.0262098312,80.2319793701,36364,36374,10
13.0264501572,80.2326812744,36374,36384,10
13.0268802643,80.2334594727,36384,36394,10
13.0273799896,80.2342681885,36394,36404,10
13.0277795792,80.2350692749,36404,36414,10
13.0283298492,80.2358093262,36414,36424,10
13.028719902,80.2362136841,36424,36434,10
13.028840065,80.236328125,36434,36444,10
13.0290203094,80.236541748,36444,36455,11
13.0293102264,80.2368927002,36455,36464,9
13.0296001434,80.2372207642,36464,36475,11
13.029589653,80.2372512817,36475,36485,10
13.0296401978,80.2373733521,36485,36495,10
13.0299196243,80.2377471924,36495,36505,10
13.0302400589,80.2382507324,36505,36515,10
13.0305995941,80.2388381958,36515,36525,10
13.0308904648,80.2393569946,36525,36535,10
13.0310497284,80.239616394,36535,36545,10
13.0311899185,80.2398834229,36545,36555,10
13.0312404633,80.2399368286,36555,36565,10
13.0313997269,80.240196228,36565,36576,11
13.0314302444,80.2405090332,36576,36586,10
13.0314502716,80.2406692505,36586,36596,10
13.0315198898,80.2408218384,36596,36606,10
13.0316095352,80.241027832,36606,36616,10
13.0317697525,80.2413864136,36616,36626,10
13.0320196152,80.2419204712,36626,36636,10
13.0324802399,80.2424697876,36636,36646,10
13.0330400467,80.2432174683,36646,36656,10
13.0336704254,80.244140625,36656,36666,10
13.0342998505,80.2449264526,36666,36676,10
13.0345401764,80.2452316284,36676,36686,10
13.0345401764,80.2452392578,36686,36697,11
13.0345897675,80.2453079224,36697,36707,10
13.0347099304,80.2454681396,36707,36717,10
13.0349302292,80.2456817627,36717,36737,20
13.0349302292,80.2456817627,36737,36747,10
13.035369873,80.2460327148,36747,36838,91
13.035369873,80.2460327148,36838,36848,10
13.0355701447,80.2461700439,36848,36858,10
13.035610199,80.2462692261,36858,36868,10
13.0355501175,80.2463378906,36868,36878,10
13.0355100632,80.2468338013,36878,36888,10
13.0354499817,80.2479095459,36888,36909,21
13.0354499817,80.2479095459,36909,36919,10
13.0354499817,80.2482223511,36919,36929,10
13.0354499817,80.2482681274,36929,36939,10
13.0354404449,80.2485275269,36939,36949,10
13.0354003906,80.2491531372,36949,36959,10
13.0353899002,80.2496337891,36959,36969,10
13.0353498459,80.2500076294,36969,36979,10
13.0353298187,80.250289917,36979,36989,10
13.0353097916,80.2506866455,36989,36999,10
13.0353002548,80.2511291504,36999,37009,10
13.0352201462,80.2519836426,37009,37020,11
13.0351696014,80.2528610229,37020,37030,10
13.0350999832,80.2539978027,37030,37060,30
13.0350999832,80.2539978027,37060,37070,10
13.0351800919,80.2544174194,37070,37080,10
13.0357599258,80.2549209595,37080,37120,40
13.0357599258,80.2549209595,37120,37131,11
13.0361700058,80.2552032471,37131,37141,10
13.0364999771,80.2554779053,37141,37151,10
13.0368003845,80.2557067871,37151,37161,10
13.0372695923,80.2560424805,37161,37171,10
13.0373497009,80.2560882568,37171,37181,10
13.0374097824,80.2561569214,37181,37191,10
13.0377597809,80.256401062,37191,37201,10
13.0382299423,80.2568283081,37201,37211,10
13.0387096405,80.257232666,37211,37220,9
13.038769722,80.2576522827,37220,37231,11
13.0387296677,80.258972168,37231,37252,21
13.0387296677,80.258972168,37252,37262,10
13.0387201309,80.2592163086,37262,37272,10
13.0387496948,80.2595672607,37272,37282,10
13.0389499664,80.260307312,37282,37292,10
13.0391998291,80.261138916,37292,37302,10
13.0394201279,80.2619400024,37302,37312,10
13.0394897461,80.2622680664,37312,37322,10
13.0396203995,80.262840271,37322,37332,10
13.0396795273,80.2631072998,37332,37342,10
13.0397701263,80.2636566162,37342,37352,10
13.0397701263,80.2641296387,37352,37363,11
13.0397596359,80.2641983032,37363,37373,10
13.0398597717,80.2644882202,37373,37383,10
13.040019989,80.2645187378,37383,37393,10
13.04047966,80.2645568848,37393,37403,10
13.040769577,80.2646026611,37403,37413,10
13.0413303375,80.2646713257,37413,37423,10
13.041390419,80.265083313,37423,37433,10
13.0413503647,80.2654190063,37433,37443,10
13.0412797928,80.265838623,37443,37453,10
13.0412101746,80.266418457,37453,37464,11
13.0411500931,80.2668762207,37464,37474,10
13.0410900116,80.2671890259,37474,37484,10
13.0409603119,80.2677536011,37484,37494,10
13.0411596298,80.2680969238,37494,37502,8
13.0438899994,80.2671585083,37502,37573,71
13.044260025,80.266960144,37573,37604,31
13.044260025,80.266960144,37604,37614,10
13.0444602966,80.2668685913,37614,37624,10
13.0445995331,80.267250061,37624,37634,10
13.0445804596,80.267868042,37634,37644,10
13.0445604324,80.2686767578,37644,37654,10
13.044500351,80.2690505981,37654,37664,10
13.0444402695,80.269203186,37664,37674,10
13.0443496704,80.2697219849,37674,37684,10
13.0441398621,80.2705383301,37684,37695,11
13.0438995361,80.2716293335,37695,37704,9
13.0436096191,80.2732315063,37704,37725,21
13.0436096191,80.2732315063,37725,37735,10
13.0435800552,80.2733535767,37735,37745,10
13.0435199738,80.2736663818,37745,37755,10
13.0434703827,80.2739334106,37755,37765,10
13.043390274,80.2744522095,37765,37774,9
13.0433597565,80.2752075195,37774,37786,12
13.0433502197,80.276008606,37786,37796,10
13.0433502197,80.2769317627,37796,37806,10
13.0433597565,80.277633667,37806,37816,10
13.0433597565,80.277671814,37816,37826,10
13.0433301926,80.2778396606,37826,37836,10
13.0433502197,80.2783966064,37836,37846,10
13.0433597565,80.2791671753,37846,37856,10
13.0435600281,80.2796783447,37856,37866,10
13.0442495346,80.2798461914,37866,37876,10
13.045129776,80.2799606323,37876,37886,10
13.045999527,80.2800979614,37886,37896,10
13.0467700958,80.2801895142,37896,37907,11
13.0478096008,80.2803268433,37907,37917,10
13.0488796234,80.2804794312,37917,37927,10
13.0498504639,80.280632019,37927,37937,10
13.050330162,80.2802429199,37937,37947,10
13.0505895615,80.2796020508,37947,37957,10
13.0506496429,80.2794799805,37957,37967,10
13.0508003235,80.2790603638,37967,37977,10
13.0509500504,80.2786407471,37977,37987,10
13.0511102676,80.2781982422,37987,37997,10
13.0513601303,80.2774963379,37997,38008,11
13.0516004562,80.2769165039,38008,38018,10
13.0518598557,80.2763519287,38018,38028,10
13.052069664,80.2758407593,38028,38038,10
13.0521697998,80.2754669189,38038,38048,10
13.0523900986,80.2748184204,38048,38078,30
13.0523900986,80.2748184204,38078,38088,10
13.0524997711,80.2745513916,38088,38098,10
13.0525903702,80.2742004395,38098,38108,10
13.0527601242,80.2738494873,38108,38118,10
13.0530700684,80.2737503052,38118,38129,11
13.053560257,80.2737579346,38129,38139,10
13.0538702011,80.2737808228,38139,38149,10
13.0544204712,80.2737808228,38149,38159,10
13.0549697876,80.2738037109,38159,38169,10
13.0553998947,80.2738113403,38169,38179,10
13.0558004379,80.2738494873,38179,38189,10
13.0561103821,80.2738800049,38189,38199,10
13.0564603806,80.2739105225,38199,38209,10
13.0569496155,80.27394104,38209,38218,9
13.0574598312,80.273979187,38218,38250,32
13.0574598312,80.273979187,38250,38260,10
13.0578699112,80.2740478516,38260,38280,20
13.0578699112,80.2740478516,38280,38290,10
13.0581302643,80.2740707397,38290,38300,10
13.0582399368,80.2741012573,38300,38310,10
13.0585899353,80.2741470337,38310,38320,10
13.0587902069,80.2741775513,38320,38330,10
13.0588598251,80.2743225098,38330,38340,10
13.0587997437,80.2747116089,38340,38351,11
13.0587596893,80.275352478,38351,38361,10
13.0587501526,80.2754898071,38361,38371,10
13.0587100983,80.2757110596,38371,38381,10
13.0586204529,80.2762069702,38381,38391,10
13.0583600998,80.2767028809,38391,38401,10
13.0581502914,80.2777175903,38401,38431,30
13.0581502914,80.2777175903,38431,38441,10
13.05809021,80.2780075073,38441,38451,10
13.0580501556,80.2784423828,38451,38462,11
13.0579395294,80.2791824341,38462,38472,10
13.0578098297,80.2799606323,38472,38482,10
13.0577201843,80.2807998657,38482,38492,10
13.0576200485,80.2817611694,38492,38502,10
13.0576000214,80.2818832397,38502,38512,10
13.0576000214,80.2820205688,38512,38522,10
13.0579795837,80.2820892334,38522,38532,10
13.0586395264,80.2822189331,38532,38542,10
13.0595397949,80.2824020386,38542,38552,10
13.0606298447,80.2826309204,38552,38562,10
13.0618696213,80.2828903198,38562,38573,11
13.0628995895,80.2831192017,38573,38583,10
13.0629501343,80.2831268311,38583,38593,10
13.0631799698,80.2831802368,38593,38603,10
13.0635499954,80.2832565308,38603,38613,10
13.0637598038,80.2833175659,38613,38623,10
13.0641698837,80.2834396362,38623,38633,10
13.0648002625,80.2835693359,38633,38643,10
13.0656099319,80.2837371826,38643,38653,10
13.0665397644,80.2839431763,38653,38663,10
13.0673103333,80.284072876,38663,38674,11
13.0677099228,80.2841415405,38674,38684,10
13.068189621,80.2842483521,38684,38694,10
13.0688295364,80.2844009399,38694,38704,10
13.0696296692,80.2845916748,38704,38714,10
13.0704803467,80.2847900391,38714,38724,10
13.0713596344,80.2850112915,38724,38734,10
13.0722103119,80.2852172852,38734,38744,10
13.0731096268,80.2852630615,38744,38754,10
13.0739498138,80.2855911255,38754,38774,20
13.0739498138,80.2855911255,38774,38785,11
13.073969841,80.2857284546,38785,38795,10
13.0735797882,80.2859573364,38795,38805,10
13.0728902817,80.2856674194,38805,38815,10
13.071969986,80.2853088379,38815,38825,10
13.0708198547,80.2850189209,38825,38835,10
13.0694599152,80.2846908569,38835,38845,10
13.0683498383,80.2844314575,38845,38855,10
13.0676202774,80.2843322754,38855,38865,10
13.0669002533,80.2843475342,38865,38875,10
13.0665798187,80.2843322754,38875,38936,61
13.0666599274,80.2843780518,38936,39339,403
13.0665302277,80.2842025757,39339,39410,71
13.066450119,80.2843399048,39410,39621,211
13.066450119,80.2843399048,39621,39631,10
13.0662498474,80.2842407227,39631,39641,10
13.065990448,80.2840270996,39641,39651,10
13.0654401779,80.2838821411,39651,39661,10
13.0648698807,80.2837295532,39661,39672,11
13.0644798279,80.2836380005,39672,39681,9
13.0642299652,80.2835769653,39681,39692,11
13.0637798309,80.2834625244,39692,39702,10
13.0632095337,80.2833099365,39702,39712,10
13.0626001358,80.2831573486,39712,39722,10
13.0625200272,80.2831420898,39722,39732,10
13.0620803833,80.2830429077,39732,39742,10
13.0614004135,80.2828826904,39742,39752,10
13.0610904694,80.2828216553,39752,39762,10
13.0606498718,80.2827072144,39762,39772,10
13.0599298477,80.2825393677,39772,39783,11
13.0588598251,80.2823181152,39783,39793,10
13.05768013,80.2820587158,39793,39863,70
13.05768013,80.2820587158,39863,39873,10
13.057510376,80.2818832397,39873,39882,9
13.0575704575,80.2814025879,39882,39894,12
13.0576200485,80.2811431885,39894,39904,10
13.0576601028,80.280708313,39904,39914,10
13.0577201843,80.2801589966,39914,39924,10
13.0578203201,80.2795181274,39924,39934,10
13.0579204559,80.2790298462,39934,39944,10
13.0579900742,80.2784805298,39944,39954,10
13.0580101013,80.278137207,39954,39964,10
13.0580596924,80.2777786255,39964,39974,10
13.0581102371,80.2775192261,39974,39984,10
13.0583095551,80.2768173218,39984,40005,21
13.0583095551,80.2768173218,40005,40014,9
13.0584201813,80.2765808105,40014,40025,11
13.0585699081,80.2761077881,40025,40035,10
13.0587100983,80.2755203247,40035,40065,30
13.0587100983,80.2755203247,40065,40075,10
13.0587797165,80.2751922607,40075,40085,10
13.0587997437,80.2750701904,40085,40095,10
13.0588197708,80.2747268677,40095,40105,10
13.0588703156,80.2744522095,40105,40115,10
13.0588903427,80.2742996216,40115,40126,11
13.0586500168,80.2742080688,40126,40136,10
13.0583896637,80.2741317749,40136,40146,10
13.0580301285,80.2740936279,40146,40156,10
13.05768013,80.2740402222,40156,40166,10
13.0574502945,80.2740020752,40166,40176,10
13.0570402145,80.2739715576,40176,40206,30
13.0570402145,80.2739715576,40206,40216,10
13.0566501617,80.2739334106,40216,40227,11
13.0564603806,80.2739181519,40227,40236,9
13.0563097,80.2739181519,40236,40247,11
13.0559196472,80.2738876343,40247,40257,10
13.0555801392,80.2738494873,40257,40267,10
13.0553302765,80.2738418579,40267,40277,10
13.0550403595,80.2738265991,40277,40287,10
13.0547199249,80.2738189697,40287,40297,10
13.0544395447,80.2738189697,40297,40307,10
13.0539102554,80.2737884521,40307,40317,10
13.0535898209,80.2737426758,40317,40326,9
13.0534601212,80.2737197876,40326,40337,11
13.053150177,80.2737426758,40337,40348,11
13.0528297424,80.2737808228,40348,40358,10
13.0524301529,80.2738494873,40358,40368,10
13.0520095825,80.2739486694,40368,40378,10
13.0516300201,80.2740631104,40378,40388,10
13.0511198044,80.2741699219,40388,40398,10
13.050909996,80.2742004395,40398,40408,10
13.0506801605,80.2742614746,40408,40418,10
13.0503902435,80.2742767334,40418,40428,10
13.0501499176,80.274307251,40428,40438,10
13.0499401093,80.2743530273,40438,40449,11
13.0494403839,80.2743606567,40449,40459,10
13.0487203598,80.2745513916,40459,40479,20
13.0487203598,80.2745513916,40479,40489,10
13.0484800339,80.2745819092,40489,40499,10
13.0481004715,80.2745819092,40499,40509,10
13.0477399826,80.274559021,40509,40519,10
13.0472698212,80.2745513916,40519,40529,10
13.046790123,80.274520874,40529,40539,10
13.0466299057,80.2745132446,40539,40549,10
13.0464096069,80.2744903564,40549,40560,11
13.0458202362,80.2744216919,40560,40570,10
13.0452699661,80.2743606567,40570,40580,10
13.0449104309,80.2743225098,40580,40590,10
13.0441799164,80.2742614746,40590,40600,10
13.0434598923,80.2741928101,40600,40610,10
13.0434999466,80.2736587524,40610,40620,10
13.0436601639,80.2727813721,40620,40630,10
13.0438404083,80.2719192505,40630,40640,10
13.0438604355,80.2717514038,40640,40650,10
13.0439100266,80.2715072632,40650,40660,10
13.0439195633,80.271446228,40660,40671,11
13.0439901352,80.2709884644,40671,40681,10
13.0441398621,80.2703323364,40681,40691,10
13.0443401337,80.2694168091,40691,40701,10
13.0444297791,80.268699646,40701,40711,10
13.0444602966,80.2686386108,40711,40721,10
13.044549942,80.2684173584,40721,40731,10
13.0443201065,80.2683486938,40731,40741,10
13.0437898636,80.2682876587,40741,40751,10
13.0430402756,80.2681884766,40751,40761,10
13.0424098969,80.2681427002,40761,40771,10
13.0417404175,80.2682418823,40771,40780,9
13.038599968,80.2676391602,40780,40850,70
13.038599968,80.2676391602,40850,40870,20
13.0383501053,80.2676620483,40870,40880,10
13.0379199982,80.2677001953,40880,40889,9
13.0376901627,80.2676773071,40889,40901,12
13.0371103287,80.267616272,40901,40911,10
13.0370197296,80.2670974731,40911,40921,10
13.0370502472,80.2666168213,40921,40931,10
13.0370597839,80.2665481567,40931,40941,10
13.0371398926,80.2662277222,40941,40951,10
13.0372800827,80.2655792236,40951,40961,10
13.0374698639,80.2647781372,40961,40971,10
13.0375699997,80.2639465332,40971,40981,10
13.0374498367,80.2631530762,40981,40991,10
13.0373497009,80.2623901367,40991,41000,9
13.0373497009,80.2618713379,41000,41011,11
13.0374298096,80.2614822388,41011,41022,11
13.037560463,80.2610626221,41022,41032,10
13.0377702713,80.2605361938,41032,41042,10
13.0380001068,80.2600402832,41042,41052,10
13.0381603241,80.2597198486,41052,41062,10
13.0382995605,80.2593994141,41062,41072,10
13.0384397507,80.2590713501,41072,41082,10
13.0385503769,80.2589187622,41082,41092,10
13.0386695862,80.2583999634,41092,41102,10
13.0387401581,80.2577972412,41102,41112,10
13.0384998322,80.2571716309,41112,41173,61
13.0384998322,80.2571716309,41173,41183,10
13.0382699966,80.2568817139,41183,41193,10
13.0381298065,80.256362915,41193,41203,10
13.0381803513,80.2559127808,41203,41213,10
13.0382099152,80.2557296753,41213,41223,10
13.0382699966,80.2551269531,41223,41233,10
13.0383501053,80.2544784546,41233,41244,11
13.0383996964,80.2538299561,41244,41254,10
13.0385799408,80.2530212402,41254,41264,10
13.0386896133,80.252243042,41264,41274,10
13.0387802124,80.2516021729,41274,41284,10
13.0388498306,80.2511520386,41284,41294,10
13.0388803482,80.2509078979,41294,41304,10
13.0389099121,80.2503128052,41304,41334,30
13.0389099121,80.2503128052,41334,41345,11
13.0389995575,80.249786377,41345,41355,10
13.0390701294,80.2492523193,41355,41365,10
13.0391597748,80.2487411499,41365,41375,10
13.0391702652,80.2485427856,41375,41385,10
13.0392904282,80.2477416992,41385,41455,70
13.0392904282,80.2477416992,41455,41466,11
13.0393295288,80.2473907471,41466,41476,10
13.0393695831,80.2472076416,41476,41486,10
13.0393896103,80.2470169067,41486,41496,10
13.0389699936,80.2468566895,41496,41506,10
13.0382299423,80.2466888428,41506,41516,10
13.0375099182,80.2466201782,41516,41526,10
13.0370397568,80.2465820313,41526,41536,10
13.0365896225,80.2464981079,41536,41546,10
13.0363998413,80.2464294434,41546,41556,10
13.0362300873,80.2462997437,41556,41566,10
13.0358400345,80.2462005615,41566,41577,11
13.0354003906,80.24609375,41577,41587,10
13.0353403091,80.2460479736,41587,41597,10
13.0350599289,80.2459182739,41597,41607,10
13.0347204208,80.2455673218,41607,41617,10
13.0343399048,80.2450332642,41617,41627,10
13.0337095261,80.2442932129,41627,41637,10
13.0330095291,80.2433624268,41637,41647,10
13.0324802399,80.2426300049,41647,41657,10
13.0319595337,80.2419128418,41657,41667,10
13.0316896439,80.2413482666,41667,41698,31
13.0316896439,80.2413482666,41698,41708,10
13.03166008,80.2411804199,41708,41718,10
13.031419754,80.2407073975,41718,41728,10
13.0311698914,80.240196228,41728,41738,10
13.0309200287,80.2396469116,41738,41748,10
13.0305204391,80.2388916016,41748,41758,10
13.0299901962,80.237953186,41758,41768,10
13.0294799805,80.237197876,41768,41778,10
13.0293102264,80.2369537354,41778,41789,11
13.0292196274,80.2368469238,41789,41799,10
13.0290403366,80.2367019653,41799,41809,10
13.0285997391,80.2362365723,41809,41819,10
13.0280399323,80.2356033325,41819,41829,10
13.0275201797,80.2347335815,41829,41839,10
13.026889801,80.2337036133,41839,41849,10
13.0264797211,80.2330703735,41849,41859,10
13.0263299942,80.2327423096,41859,41869,10
13.0263004303,80.2326583862,41869,41879,10
13.0262403488,80.232421875,41879,41889,10
13.0261497498,80.2321395874,41889,41898,9
13.0260896683,80.2318878174,41898,41910,12
13.02602005,80.2316131592,41910,41920,10
13.0258798599,80.2310562134,41920,41930,10
13.0255002975,80.23021698,41930,41940,10
13.0249204636,80.2294387817,41940,41950,10
13.0246400833,80.2291107178,41950,41960,10
13.0245704651,80.2290115356,41960,41970,10
13.0242700577,80.2285995483,41970,41980,10
13.0238304138,80.2280273438,41980,41990,10
13.0231895447,80.2274017334,41990,42000,10
13.0225200653,80.2267913818,42000,42011,11
13.0224399567,80.2266616821,42011,42021,10
13.0221204758,80.2264175415,42021,42031,10
13.0215396881,80.2259902954,42031,42041,10
13.020939827,80.2255172729,42041,42051,10
13.0201797485,80.2249908447,42051,42061,10
13.0192499161,80.2245178223,42061,42071,10
13.0182504654,80.2247009277,42071,42081,10
13.0173597336,80.2250671387,42081,42091,10
13.0164499283,80.2254562378,42091,42101,10
13.015999794,80.2256164551,42101,42111,10
13.0155200958,80.2257919312,42111,42121,10
13.0150499344,80.2259902954,42121,42132,11
13.0145597458,80.2261810303,42132,42142,10
13.014289856,80.2262802124,42142,42152,10
13.0141496658,80.226348877,42152,42162,10
13.0136203766,80.2265167236,42162,42172,10
13.0128602982,80.2268066406,42172,42182,10
13.0119199753,80.227180481,42182,42192,10
13.0108299255,80.2275924683,42192,42202,10
13.0098600388,80.2279281616,42202,42212,10
13.0094804764,80.2276229858,42212,42222,10
13.0096797943,80.2272033691,42222,42232,10
13.0100097656,80.2265167236,42232,42243,11
13.0104398727,80.2256011963,42243,42253,10
13.0108003616,80.2247924805,42253,42263,10
13.0111598969,80.2239837646,42263,42273,10
13.0113697052,80.2234420776,42273,42293,20
13.0113697052,80.2234420776,42293,42303,10
13.0114297867,80.2232818604,42303,42313,10
13.0115699768,80.2230300903,42313,42323,10
13.0118703842,80.22215271,42323,42334,11
13.0121803284,80.2213897705,42334,42343,9
13.0120801926,80.2207489014,42343,42354,11
13.0117998123,80.2197875977,42354,42364,10
13.0114498138,80.21875,42364,42374,10
13.011059761,80.2177963257,42374,42384,10
13.0106296539,80.2168273926,42384,42394,10
13.0101604462,80.2159729004,42394,42404,10
13.0096597672,80.2149963379,42404,42414,10
13.0090904236,80.2142410278,42414,42424,10
13.008769989,80.2137908936,42424,42434,10
13.008649826,80.2136611938,42434,42444,10
13.0085201263,80.2135162354,42444,42455,11
13.0081796646,80.2133407593,42455,42495,40
13.0081796646,80.2133407593,42495,42505,10
13.0078697205,80.213180542,42505,42515,10
13.0077800751,80.2131195068,42515,42525,10
13.0075998306,80.2129592896,42525,42535,10
13.0072603226,80.2128295898,42535,42545,10
13.0067596436,80.2127609253,42545,42555,10
13.0061397552,80.2128677368,42555,42566,11
13.0055303574,80.2128372192,42566,42576,10
13.0047998428,80.2124404907,42576,42586,10
13.0040502548,80.2121124268,42586,42596,10
13.0036897659,80.2118530273,42596,42606,10
13.0037002563,80.2114334106,42606,42616,10
13.0036401749,80.2107696533,42616,42626,10
13.0035400391,80.210067749,42626,42636,10
13.0035400391,80.2093505859,42636,42646,10
13.0036897659,80.2087631226,42646,42656,10
13.0042896271,80.2087631226,42656,42666,10
13.0050096512,80.2090682983,42666,42677,11
13.0054397583,80.2092437744,42677,42687,10
13.005689621,80.2093200684,42687,42697,10
13.0058603287,80.2093811035,42697,42707,10
13.0060997009,80.2094573975,42707,42717,10
13.0065402985,80.2096099854,42717,42727,10
13.0069198608,80.2097396851,42727,42737,10
13.0073204041,80.2097702026,42737,42767,30
13.0073204041,80.2097702026,42767,42776,9
13.0075902939,80.2098770142,42776,42788,12
13.0079202652,80.2099380493,42788,42798,10
13.0081596375,80.2099075317,42798,42808,10
13.0080604553,80.2093429565,42808,42818,10
13.0079097748,80.2085494995,42818,42828,10
13.0077800751,80.2076568604,42828,42838,10
13.0076799393,80.2068405151,42838,42848,10
13.0075998306,80.206413269,42848,42858,10
13.0075101852,80.2058334351,42858,42868,10
13.0073099136,80.205291748,42868,42878,10
13.007109642,80.2048416138,42878,42889,11
13.006819725,80.2042312622,42889,42898,9
13.0064096451,80.2035598755,42898,42909,11
13.00578022,80.2026596069,42909,42919,10
13.0052204132,80.2017593384,42919,42929,10
13.0043697357,80.2012329102,42929,42939,10
13.0035800934,80.2009277344,42939,42949,10
13.0026397705,80.2006072998,42949,42959,10
13.0018100739,80.1999511719,42959,42969,10
13.0017004013,80.1989898682,42969,42979,10
13.0018701553,80.1979370117,42979,42989,10
13.0018501282,80.1968078613,42989,43000,11
13.0010995865,80.1957321167,43000,43009,9
13.0004396439,80.1949081421,43009,43020,11
12.9997501373,80.1940612793,43020,43030,10
12.9991903305,80.193359375,43030,43040,10
12.9987602234,80.1928024292,43040,43050,10
12.9984197617,80.1923828125,43050,43060,10
12.9980697632,80.1924209595,43060,43070,10
12.9974803925,80.1929168701,43070,43080,10
12.9969902039,80.1932830811,43080,43090,10
12.9968004227,80.1931762695,43090,43100,10
12.9966697693,80.1927108765,43100,43110,10
12.996509552,80.1920166016,43110,43120,10
12.9964199066,80.1914825439,43120,43131,11
12.9965400696,80.1913909912,43131,43141,10
12.9968595505,80.1912002563,43141,43151,10
12.9972200394,80.1914978027,43151,43837,686
12.9972200394,80.1914978027,43837,43847,10
12.997010231,80.1913833618,43847,44331,484
12.997010231,80.1913833618,44331,44341,10
12.9972801208,80.19140625,44341,44594,253
12.9969902039,80.1913909912,44594,44917,323
12.9969902039,80.1913909912,44917,44927,10
12.9973402023,80.1915206909,44927,45653,726
12.9973402023,80.1915206909,45653,45663,10
12.9972200394,80.1914901733,45663,45673,10
12.9973402023,80.1917190552,45673,45683,10
12.9973402023,80.1917572021,45683,45692,9
12.9972200394,80.1917495728,45692,45704,12
12.9971704483,80.1913909912,45704,45764,60
12.9971704483,80.1913909912,45764,45774,10
12.9969797134,80.1912002563,45774,45784,10
12.9966201782,80.1913604736,45784,46178,394
12.9963502884,80.1913909912,46178,46198,20
12.9963502884,80.1913909912,46198,46208,10
12.9962596893,80.191116333,46208,46218,10
12.9961700439,80.190788269,46218,46228,10
12.9960603714,80.1903076172,46228,46238,10
12.9959697723,80.1899414063,46238,46248,10
12.9959602356,80.1899337769,46248,46258,10
12.9959096909,80.1894989014,46258,46329,71
12.9959096909,80.1894989014,46329,46339,10
12.9959602356,80.189453125,46339,46349,10
12.9960899353,80.1893234253,46349,46359,10
12.9962902069,80.189491272,46359,46370,11
12.9967002869,80.1899795532,46370,46380,10
12.9971399307,80.1905212402,46380,46390,10
12.9974498749,80.1909179688,46390,46400,10
12.9976396561,80.1911468506,46400,46410,10
12.9977903366,80.1913375854,46410,46420,10
12.9980602264,80.1916809082,46420,46430,10
12.998290062,80.1919708252,46430,46440,10
12.9985399246,80.1922683716,46440,46450,10
12.9987001419,80.192489624,46450,46460,10
12.9989299774,80.1927871704,46460,46470,10
12.9992704391,80.1932067871,46470,46481,11
12.999710083,80.1938018799,46481,46491,10
13.0001497269,80.1943817139,46491,46501,10
13.0006103516,80.1949768066,46501,46511,10
13.0010900497,80.1955184937,46511,46521,10
13.0013599396,80.1958694458,46521,46531,10
13.001709938,80.1963424683,46531,46541,10
13.0020303726,80.1970062256,46541,46551,10
13.001999855,80.197883606,46551,46561,10
13.0018396378,80.1987609863,46561,46571,10
13.0018100739,80.1996078491,46571,46581,10
13.0022096634,80.200302124,46581,46592,11
13.0030603409,80.2006988525,46592,46602,10
13.0037202835,80.2007904053,46602,46662,60
13.0037202835,80.2007904053,46662,46672,10
13.0038299561,80.2008209229,46672,46682,10
13.0041599274,80.2009735107,46682,46692,10
13.0046100616,80.2011108398,46692,46702,10
13.0051603317,80.2013702393,46702,46713,11
13.0056600571,80.2018737793,46713,46723,10
13.0059604645,80.2024536133,46723,46733,10
13.0063400269,80.2030181885,46733,46743,10
13.0068902969,80.2034225464,46743,46753,10
13.0075502396,80.2036590576,46753,46763,10
13.0081996918,80.2036437988,46763,46773,10
13.0083398819,80.2029800415,46773,46783,10
13.0076198578,80.2029876709,46783,46793,10
13.0075998306,80.2038574219,46793,46802,9
13.0076198578,80.2046585083,46802,46813,11
13.0076599121,80.2056808472,46813,46824,11
13.007809639,80.2068099976,46824,46834,10
13.0079097748,80.2077026367,46834,46844,10
13.0079698563,80.2084579468,46844,46854,10
13.0081396103,80.2092971802,46854,46864,10
13.0083999634,80.2100524902,46864,46874,10
13.0088100433,80.2105102539,46874,46884,10
13.0092802048,80.2108612061,46884,46965,81
13.0092802048,80.2108612061,46965,46975,10
13.0092802048,80.2112731934,46975,47024,49
13.0092802048,80.2112731934,47024,47036,12
13.0090198517,80.2117004395,47036,47046,10
13.0091199875,80.212059021,47046,47056,10
13.0092897415,80.2125778198,47056,47066,10
13.0094900131,80.2130889893,47066,47076,10
13.0097103119,80.2136383057,47076,47086,10
13.0099601746,80.2142181396,47086,47096,10
13.010140419,80.214881897,47096,47106,10
13.0102396011,80.2155838013,47106,47116,10
13.0104999542,80.2162399292,47116,47126,10
13.0108203888,80.2169189453,47126,47136,10
13.0111503601,80.2175979614,47136,47147,11
13.0114603043,80.2184524536,47147,47157,10
13.0117101669,80.2191162109,47157,47167,10
13.0119600296,80.2199630737,47167,47177,10
13.0122098923,80.2208633423,47177,47187,10
13.0123596191,80.2214584351,47187,47197,10
13.0126304626,80.2220230103,47197,47207,10
13.0129699707,80.2223510742,47207,47217,10
13.0133399963,80.2227020264,47217,47227,10
13.0137395859,80.2231826782,47227,47237,10
13.0140800476,80.2235870361,47237,47246,9
13.0142202377,80.2237701416,47246,47257,11
13.0147304535,80.224319458,47257,47268,11
13.0152997971,80.224822998,47268,47278,10
13.015540123,80.2250366211,47278,47308,30
13.015540123,80.2250366211,47308,47318,10
13.0159797668,80.2253265381,47318,47328,10
13.0164604187,80.2253112793,47328,47338,10
13.0169897079,80.225112915,47338,47348,10
13.0175895691,80.2248535156,47348,47358,10
13.0182199478,80.2246017456,47358,47369,11
13.0188999176,80.224357605,47369,47379,10
13.0193395615,80.2242736816,47379,47399,20
13.0193395615,80.2242736816,47399,47409,10
13.0194797516,80.2243728638,47409,47419,10
13.0197896957,80.2246017456,47419,47429,10
13.0201997757,80.2248687744,47429,47439,10
13.0206804276,80.2252197266,47439,47449,10
13.0211296082,80.2255706787,47449,47459,10
13.0216598511,80.2259521484,47459,47469,10
13.022600174,80.2266998291,47469,47490,21
13.022600174,80.2266998291,47490,47500,10
13.0229196548,80.2270507813,47500,47510,10
13.0233602524,80.2274398804,47510,47520,10
13.0238399506,80.2278671265,47520,47530,10
13.0242395401,80.2282485962,47530,47560,30
13.0242395401,80.2282485962,47560,47570,10
13.0244398117,80.2286224365,47570,47580,10
13.0246601105,80.2289276123,47580,47591,11
13.0250597,80.2294692993,47591,47601,10
13.0254602432,80.2300262451,47601,47611,10
13.025850296,80.2307434082,47611,47631,20
13.025850296,80.2307434082,47631,47641,10
13.0259199142,80.231010437,47641,47651,10
13.0259895325,80.2313919067,47651,47661,10
13.0260896683,80.2318191528,47661,47671,10
13.0263395309,80.2324523926,47671,47691,20
13.0263395309,80.2324523926,47691,47701,10
13.0264501572,80.2327194214,47701,47712,11
13.0266399384,80.2331085205,47712,47722,10
13.0269403458,80.2336196899,47722,47732,10
13.0273303986,80.2342605591,47732,47742,10
13.0277004242,80.2349395752,47742,47752,10
13.0281095505,80.2355728149,47752,47762,10
13.0286502838,80.2361679077,47762,47772,10
13.0291795731,80.2367095947,47772,47782,10
13.0296802521,80.2372894287,47782,47802,20
13.0296802521,80.2372894287,47802,47812,10
13.0297403336,80.2374420166,47812,47823,11
13.0298700333,80.2376708984,47823,47833,10
13.0301399231,80.2381134033,47833,47843,10
13.0304498672,80.2386474609,47843,47853,10
13.0307197571,80.2390823364,47853,47859,6
13.0308103561,80.2392425537,47859,47877,18
13.0310401917,80.2396774292,47877,47968,91
13.0310401917,80.2396774292,47968,47978,10
13.0312299728,80.2399520874,47978,47988,10
13.0313596725,80.2402267456,47988,47998,10
13.0314502716,80.2408370972,47998,48008,10
13.0317201614,80.2414093018,48008,48018,10
13.0320196152,80.2420272827,48018,48028,10
13.0324697495,80.2425003052,48028,48038,10
13.0329198837,80.2431335449,48038,48049,11
13.0334796906,80.2438812256,48049,48059,10
13.0340003967,80.2445983887,48059,48069,10
13.0344600677,80.2451400757,48069,48079,10
13.0348100662,80.2455215454,48079,48089,10
13.0352802277,80.2458267212,48089,48099,10
13.0355100632,80.2461013794,48099,48109,10
13.0354795456,80.2464523315,48109,48149,40
13.0354795456,80.2464523315,48149,48159,10
13.0354299545,80.246887207,48159,48170,11
13.0353803635,80.2472000122,48170,48180,10
13.0353498459,80.2477493286,48180,48220,40
13.0353498459,80.2477493286,48220,48230,10
13.0353803635,80.2481613159,48230,48240,10
13.0353298187,80.248588562,48240,48250,10
13.0352897644,80.2490615845,48250,48281,31
13.0352897644,80.2490615845,48281,48291,10
13.0352497101,80.24974823,48291,48301,10
13.0352201462,80.2501602173,48301,48311,10
13.0352201462,80.2501678467,48311,48321,10
13.0352296829,80.2503204346,48321,48331,10
13.035200119,80.2505493164,48331,48341,10
13.0351600647,80.2507781982,48341,48351,10
13.0351295471,80.2512969971,48351,48361,10
13.0350599289,80.2519607544,48361,48371,10
13.0349998474,80.2526321411,48371,48382,11
13.0349903107,80.2533569336,48382,48392,10
13.0348796844,80.2538604736,48392,48402,10
13.034910202,80.2542495728,48402,48412,10
13.0351295471,80.2544631958,48412,48422,10
13.0354299545,80.2547836304,48422,48432,10
13.0358200073,80.2551727295,48432,48442,10
13.0365104675,80.2555999756,48442,48452,10
13.0371303558,80.2559585571,48452,48482,30
13.0371303558,80.2559585571,48482,48493,11
13.037560463,80.2562789917,48493,48503,10
13.0380296707,80.256652832,48503,48512,9
13.0381498337,80.2570114136,48512,48523,11
13.038310051,80.2573471069,48523,48533,10
13.0384902954,80.2580413818,48533,48543,10
13.0385799408,80.2586898804,48543,48553,10
13.038599968,80.2588500977,48553,48563,10
13.0386104584,80.2589263916,48563,48573,10
13.0386104584,80.2592926025,48573,48583,10
13.0387601852,80.2599334717,48583,48593,10
13.0390396118,80.2607192993,48593,48603,10
13.0392398834,80.2615203857,48603,48614,11
13.0393896103,80.2620010376,48614,48624,10
13.0395097733,80.2624282837,48624,48634,10
13.0395803452,80.2629013062,48634,48644,10
13.0396604538,80.2632522583,48644,48654,10
13.0396795273,80.2641983032,48654,48674,20
13.0396795273,80.2641983032,48674,48684,10
13.039899826,80.2645263672,48684,48694,10
13.0403604507,80.2645263672,48694,48704,10
13.0407104492,80.264541626,48704,48714,10
13.0410299301,80.2645874023,48714,48725,11
13.0412597656,80.2650985718,48725,48735,10
13.041179657,80.2655792236,48735,48745,10
13.0410804749,80.2662582397,48745,48755,10
13.0409698486,80.2668685913,48755,48765,10
13.0409402847,80.267250061,48765,48775,10
13.0408697128,80.267906189,48775,48785,10
13.0412197113,80.2681121826,48785,48795,10
13.0431499481,80.2676315308,48795,48856,61
13.0431499481,80.2676315308,48856,48876,20
13.0436096191,80.2674102783,48876,48886,10
13.0437402725,80.2671508789,48886,48896,10
13.0440702438,80.2670288086,48896,48906,10
13.0444602966,80.2668685913,48906,48947,41
13.0444602966,80.2668685913,48947,48957,10
13.0446100235,80.2668304443,48957,48967,10
13.0446100235,80.2671585083,48967,48977,10
13.0445699692,80.267791748,48977,48987,10
13.044500351,80.2682037354,48987,48997,10
13.0444602966,80.2685928345,48997,49007,10
13.0443696976,80.2690734863,49007,49037,30
13.0443696976,80.2690734863,49037,49047,10
13.0443496704,80.2693328857,49047,49057,10
13.0442800522,80.2697525024,49057,49068,11
13.0441598892,80.2704315186,49068,49078,10
13.043970108,80.2712631226,49078,49088,10
13.043800354,80.2722625732,49088,49098,10
13.043510437,80.2733612061,49098,49128,30
13.043510437,80.2733612061,49128,49138,10
13.0433998108,80.2735824585,49138,49158,20
13.0433998108,80.2735824585,49158,49169,11
13.0434103012,80.2739181519,49169,49179,10
13.0433197021,80.2743606567,49179,49189,10
13.043299675,80.2750473022,49189,49199,10
13.0432701111,80.2758407593,49199,49209,10
13.043299675,80.2766799927,49209,49219,10
13.0432701111,80.2774581909,49219,49229,10
13.0433101654,80.2780609131,49229,49269,40
13.0433101654,80.2780609131,49269,49280,11
13.0433301926,80.2784500122,49280,49290,10
13.0433397293,80.2789611816,49290,49300,10
13.0433998108,80.2794723511,49300,49310,10
13.0439195633,80.2797393799,49310,49320,10
13.0446596146,80.2798614502,49320,49330,10
13.0454902649,80.2799911499,49330,49340,10
13.0463600159,80.2801208496,49340,49350,10
13.0473203659,80.2802734375,49350,49360,10
13.0483503342,80.280380249,49360,49370,10
13.0493001938,80.2805633545,49370,49380,10
13.0500097275,80.280632019,49380,49391,11
13.050330162,80.2802124023,49391,49401,10
13.0506696701,80.2795181274,49401,49431,30
13.0506696701,80.2795181274,49431,49441,10
13.0507602692,80.2792510986,49441,49451,10
13.0509195328,80.2788162231,49451,49461,10
13.0510797501,80.2783203125,49461,49471,10
13.0513000488,80.2777481079,49471,49481,10
13.0515804291,80.2771224976,49481,49491,10
13.0517902374,80.2765197754,49491,49502,11
13.0520401001,80.2759475708,49502,49512,10
13.052280426,80.2754516602,49512,49522,10
13.0524501801,80.2747802734,49522,49582,60
13.0524501801,80.2747802734,49582,49592,10
13.0527801514,80.2740020752,49592,49612,20
13.0527801514,80.2740020752,49612,49623,11
13.0529699326,80.2737426758,49623,49633,10
13.0533504486,80.2737503052,49633,49643,10
13.0539903641,80.2737503052,49643,49653,10
13.0545902252,80.2737731934,49653,49663,10
13.054980278,80.2738037109,49663,49673,10
13.0552301407,80.2738113403,49673,49683,10
13.0556201935,80.2738113403,49683,49693,10
13.0558996201,80.2738494873,49693,49703,10
13.0563201904,80.2739181519,49703,49713,10
13.0574598312,80.274017334,49713,49744,31
13.0574598312,80.274017334,49744,49754,10
13.0577402115,80.2740631104,49754,49764,10
13.0579795837,80.2740707397,49764,49774,10
13.0583400726,80.2740936279,49774,49784,10
13.0586996078,80.2741012573,49784,49794,10
13.0588102341,80.274269104,49794,49804,10
13.0587997437,80.2746887207,49804,49814,10
13.0587797165,80.2750396729,49814,49824,10
13.0586996078,80.275428772,49824,49855,31
13.0586996078,80.275428772,49855,49865,10
13.0586395264,80.2757568359,49865,49875,10
13.0585098267,80.2761917114,49875,49885,10
13.0583295822,80.2767333984,49885,49895,10
13.0581798553,80.277130127,49895,49905,10
13.05809021,80.2777633667,49905,49925,20
13.05809021,80.2777633667,49925,49935,10
13.0580301285,80.2781829834,49935,49946,11
13.0579795837,80.2786865234,49946,49956,10
13.0579004288,80.2792434692,49956,49966,10
13.0577697754,80.279876709,49966,49976,10
13.0577297211,80.2804412842,49976,49986,10
13.0576601028,80.2810897827,49986,49996,10
13.0575704575,80.2819366455,49996,50046,50
13.0575704575,80.2819366455,50046,50057,11
13.0578203201,80.282081604,50057,50067,10
13.0584402084,80.2822113037,50067,50077,10
13.0593099594,80.282371521,50077,50087,10
13.0603199005,80.2825698853,50087,50097,10
13.0612802505,80.2827835083,50097,50107,10
13.062210083,80.2828979492,50107,50117,10
13.0628299713,80.2830963135,50117,50137,20
13.0628299713,80.2830963135,50137,50147,10
13.063079834,80.283241272,50147,50157,10
13.0634098053,80.2833404541,50157,50168,11
13.0637598038,80.2834091187,50168,50178,10
13.0644102097,80.2835083008,50178,50187,9
13.0650501251,80.2835998535,50187,50198,11
13.0652303696,80.2836227417,50198,50208,10
13.0652704239,80.2836227417,50208,50218,10
13.0665998459,80.2839279175,50218,50228,10
13.0665998459,80.2839279175,50228,50238,10
13.067440033,80.2841110229,50238,50247,9
13.0734300613,80.2851715088,50247,50317,70
13.0734300613,80.2851715088,50317,50346,29
13.0737495422,80.2853775024,50346,50357,11
13.073849678,80.2854614258,50357,50367,10
13.0739202499,80.2855606079,50367,50377,10
13.0738296509,80.2859573364,50377,50388,11
13.0731897354,80.2858734131,50388,50398,10
13.0724802017,80.2854919434,50398,50408,10
13.0715398788,80.2852401733,50408,50418,10
13.0705003738,80.2849578857,50418,50428,10
13.0695199966,80.2846984863,50428,50438,10
13.067700386,80.2843704224,50438,50448,10
13.067700386,80.2843704224,50448,50458,10
13.0667896271,80.2844161987,50458,50608,150
13.0667896271,80.2844161987,50608,50618,10
13.066570282,80.2843704224,50618,50628,10
13.0662298203,80.2842407227,50628,50638,10
13.0659999847,80.2840576172,50638,50698,60
13.0659999847,80.2840576172,50698,50708,10
13.0656995773,80.2838363647,50708,50718,10
13.0651197433,80.2837524414,50718,50729,11
13.0645399094,80.2836227417,50729,50739,10
13.0640897751,80.2835006714,50739,50749,10
13.0634803772,80.2833480835,50749,50759,10
13.0628299713,80.2831802368,50759,50769,10
13.0621404648,80.2830429077,50769,50779,10
13.0614204407,80.2829208374,50779,50789,10
13.0611495972,80.2828598022,50789,50799,10
13.0610704422,80.2828826904,50799,50809,10
13.0606803894,80.2827529907,50809,50819,10
13.0599603653,80.2825927734,50819,50830,11
13.0589399338,80.2823791504,50830,50840,10
13.0580301285,80.2821807861,50840,50850,10
13.0576295853,80.2820968628,50850,50880,30
13.0576295853,80.2820968628,50880,50890,10
13.057559967,80.2820892334,50890,50900,10
13.0574903488,80.2817230225,50900,50910,10
13.0576000214,80.281211853,50910,50920,10
13.0576000214,80.2811965942,50920,50930,10
13.0576601028,80.280921936,50930,50941,11
13.0577096939,80.2802810669,50941,50951,10
13.0578098297,80.279548645,50951,50961,10
13.0579099655,80.2791290283,50961,50971,10
13.0579795837,80.2786865234,50971,50981,10
13.0580396652,80.2780380249,50981,50991,10
13.0582399368,80.2769165039,50991,51041,50
13.0582399368,80.2769165039,51041,51051,10
13.0584001541,80.2764587402,51051,51062,11
13.0585603714,80.2759628296,51062,51072,10
13.0586900711,80.2755126953,51072,51092,20
13.0586900711,80.2755126953,51092,51102,10
13.0586900711,80.2752990723,51102,51112,10
13.058719635,80.2750473022,51112,51122,10
13.0587797165,80.2748031616,51122,51132,10
13.0588302612,80.2742919922,51132,51163,31
13.0584497452,80.2741394043,51163,51193,30
13.0580596924,80.2740936279,51193,51213,20
13.0580596924,80.2740936279,51213,51223,10
13.0576896667,80.2740325928,51223,51233,10
13.0574102402,80.2740020752,51233,51243,10
13.0566301346,80.2739334106,51243,51274,31
13.0566301346,80.2739334106,51274,51284,10
13.0561304092,80.2738876343,51284,51294,10
13.0556697845,80.2738418579,51294,51304,10
13.0550899506,80.2737808228,51304,51324,20
13.0550899506,80.2737808228,51324,51334,10
13.0546798706,80.2738037109,51334,51344,10
13.0543699265,80.2738037109,51344,51354,10
13.0540704727,80.2737884521,51354,51364,10
13.0536003113,80.2737579346,51364,51395,31
13.0536003113,80.2737579346,51395,51405,10
13.0532903671,80.2737197876,51405,51415,10
13.0529003143,80.2736968994,51415,51425,10
13.0528297424,80.2737197876,51425,51435,10
13.0524902344,80.2738113403,51435,51445,10
13.0521602631,80.2739105225,51445,51455,10
13.0517301559,80.2740325928,51455,51465,10
13.0514802933,80.2740936279,51465,51475,10
13.0505895615,80.2742462158,51475,51496,21
13.0505895615,80.2742462158,51496,51506,10
13.0504198074,80.2742919922,51506,51516,10
13.0500898361,80.2743225098,51516,51526,10
13.049659729,80.2743606567,51526,51536,10
13.0494699478,80.2744522095,51536,51546,10
13.0490999222,80.2745819092,51546,51556,10
13.0487003326,80.2746124268,51556,51586,30
13.0487003326,80.2746124268,51586,51596,10
13.0480699539,80.2746200562,51596,51607,11
13.0474796295,80.2745819092,51607,51617,10
13.0467796326,80.274520874,51617,51637,20
13.0467796326,80.274520874,51637,51647,10
13.0463399887,80.2744522095,51647,51657,10
13.045920372,80.2743911743,51657,51667,10
13.045419693,80.2743377686,51667,51677,10
13.044960022,80.2742767334,51677,51687,10
13.0445804596,80.2742767334,51687,51697,10
13.0443696976,80.274269104,51697,51706,9
13.0437498093,80.2742233276,51706,51778,72
13.0437498093,80.2742233276,51778,51788,10
13.0434303284,80.274230957,51788,51798,10
13.043419838,80.274230957,51798,51808,10
13.0433397293,80.2741165161,51808,51818,10
13.043419838,80.2736206055,51818,51829,11
13.0436201096,80.272857666,51829,51838,9
13.0438203812,80.2717437744,51838,51859,21
13.0438203812,80.2717437744,51859,51869,10
13.0438899994,80.2715072632,51869,51879,10
13.0439500809,80.2711105347,51879,51889,10
13.0441102982,80.2705383301,51889,51899,10
13.0442199707,80.2697677612,51899,51909,10
13.0444803238,80.2684173584,51909,51929,20
13.0444803238,80.2684173584,51929,51940,11
13.0445299149,80.2682418823,51940,51950,10
13.0442495346,80.2682800293,51950,51960,10
13.0438604355,80.2683334351,51960,51970,10
13.0434799194,80.2683410645,51970,51980,10
13.0426397324,80.2683563232,51980,51990,10
13.041270256,80.2682723999,51990,52010,20
13.041270256,80.2682723999,52010,52020,10
13.0409698486,80.2681884766,52020,52029,9
13.0370597839,80.2667007446,52029,52099,70
13.0370903015,80.2664413452,52099,52129,30
13.0370903015,80.2664413452,52129,52139,10
13.037150383,80.2661437988,52139,52149,10
13.0372600555,80.2656478882,52149,52159,10
13.0374298096,80.2649307251,52159,52168,9
13.0375699997,80.2642669678,52168,52180,12
13.0374498367,80.2634124756,52180,52190,10
13.0373601913,80.262840271,52190,52200,10
13.0373401642,80.2623291016,52200,52210,10
13.0373096466,80.26197052,52210,52220,10
13.0373401642,80.2615966797,52220,52230,10
13.0375204086,80.2610626221,52230,52240,10
13.0378303528,80.2602920532,52240,52250,10
13.0381603241,80.259727478,52250,52260,10
13.0384597778,80.2591400146,52260,52291,31
13.0384597778,80.2591400146,52291,52301,10
13.0385799408,80.2588577271,52301,52311,10
13.0386695862,80.2585372925,52311,52321,10
13.0386695862,80.2580032349,52321,52331,10
13.0387201309,80.2572784424,52331,52341,10
13.0382995605,80.2569580078,52341,52381,40
13.0382995605,80.2569580078,52381,52392,11
13.0380096436,80.256401062,52392,52402,10
13.0381498337,80.255821228,52402,52432,30
13.0381498337,80.255821228,52432,52442,10
13.0382003784,80.255531311,52442,52452,10
13.0382499695,80.2550735474,52452,52462,10
13.0382995605,80.2544784546,52462,52472,10
13.0384101868,80.2537536621,52472,52482,10
13.0385198593,80.2529296875,52482,52492,10
13.0386104584,80.2522583008,52492,52503,11
13.0387096405,80.251701355,52503,52513,10
13.0388202667,80.2510528564,52513,52523,10
13.0388898849,80.250579834,52523,52533,10
13.0389499664,80.2500228882,52533,52563,30
13.0389499664,80.2500228882,52563,52573,10
13.0389699936,80.2495574951,52573,52583,10
13.0390796661,80.2490386963,52583,52593,10
13.0391702652,80.2484893799,52593,52603,10
13.0392398834,80.2478637695,52603,52614,11
13.0393400192,80.2470779419,52614,52704,90
13.0393400192,80.2470779419,52704,52713,9
13.039270401,80.2469100952,52713,52725,12
13.0387496948,80.2467803955,52725,52735,10
13.0384302139,80.2467269897,52735,52745,10
13.0381603241,80.2467193604,52745,52755,10
13.0377101898,80.2466430664,52755,52765,10
13.0373401642,80.2465820313,52765,52775,10
13.0365400314,80.2464065552,52775,52795,20
13.0365400314,80.2464065552,52795,52805,10
13.0362997055,80.2463378906,52805,52815,10
13.0358896255,80.2462387085,52815,52825,10
13.0355300903,80.24609375,52825,52836,11
13.0351104736,80.2459411621,52836,52856,20
13.0351104736,80.2459411621,52856,52866,10
13.0349903107,80.2459411621,52866,52876,10
13.034740448,80.2455825806,52876,52886,10
13.0343904495,80.2450866699,52886,52896,10
13.0338602066,80.2445602417,52896,52906,10
13.0332298279,80.2437210083,52906,52916,10
13.0327596664,80.2430419922,52916,53017,101
13.0327596664,80.2430419922,53017,53027,10
13.0325603485,80.2425994873,53027,53057,30
13.0325603485,80.2425994873,53057,53068,11
13.0322999954,80.242401123,53068,53179,111
13.0322999954,80.242401123,53179,53189,10
13.0321998596,80.2422103882,53189,53199,10
13.0320501328,80.2420425415,53199,53209,10
13.0318803787,80.2416992188,53209,53219,10
13.0316095352,80.2411575317,53219,53229,10
13.0313396454,80.2406082153,53229,53290,61
13.0313396454,80.2406082153,53290,53300,10
13.0313997269,80.2404403687,53300,53310,10
13.0312404633,80.2401504517,53310,53320,10
13.0310401917,80.2397079468,53320,53330,10
13.0307197571,80.2390975952,53330,53340,10
13.03028965,80.2383575439,53340,53350,10
13.0297603607,80.2375030518,53350,53360,10
13.0293102264,80.2369995117,53360,53370,10
13.0291004181,80.2368087769,53370,53380,10
13.0290403366,80.2367401123,53380,53391,11
13.0289297104,80.2366027832,53391,53401,10
13.0285997391,80.2361984253,53401,53411,10
13.0281095505,80.2356109619,53411,53421,10
13.0276603699,80.2349319458,53421,53431,10
13.0271997452,80.2341766357,53431,53441,10
13.0269203186,80.2337417603,53441,53451,10
13.0268497467,80.2336120605,53451,53461,10
13.0266704559,80.2333068848,53461,53471,10
13.0263996124,80.2328262329,53471,53481,10
13.0262002945,80.2322998047,53481,53491,10
13.0260696411,80.2317962646,53491,53502,11
13.0259504318,80.2312774658,53502,53512,10
13.0257301331,80.2305908203,53512,53522,10
13.0252599716,80.2298431396,53522,53532,10
13.0246200562,80.2290496826,53532,53552,20
13.0246200562,80.2290496826,53552,53562,10
13.0245304108,80.2289581299,53562,53572,10
13.0242795944,80.2286224365,53572,53582,10
13.0239095688,80.2281570435,53582,53592,10
13.023639679,80.2278289795,53592,53602,10
13.023349762,80.2275314331,53602,53613,11
13.0230503082,80.2273330688,53613,53673,60
13.0230503082,80.2273330688,53673,53683,10
13.0227499008,80.227142334,53683,53693,10
13.022600174,80.2268829346,53693,53703,10
13.0224399567,80.2266921997,53703,53713,10
13.0220403671,80.2263717651,53713,53724,11
13.0214395523,80.2258911133,53724,53734,10
13.0208396912,80.2254104614,53734,53744,10
13.0202999115,80.2250595093,53744,53754,10
13.0200500488,80.2248916626,53754,53764,10
13.0196199417,80.2246170044,53764,53774,10
13.0189199448,80.2244873047,53774,53784,10
13.0182104111,80.2247619629,53784,53794,10
13.017370224,80.2250976563,53794,53804,10
13.0165901184,80.2254104614,53804,53814,10
13.0161399841,80.2255706787,53814,53824,10
13.0155601501,80.225769043,53824,53835,11
13.0144195557,80.2262268066,53835,53865,30
13.0144195557,80.2262268066,53865,53875,10
13.0141296387,80.2263183594,53875,53885,10
13.0136299133,80.2265014648,53885,53895,10
13.012960434,80.2267684937,53895,53905,10
13.0120897293,80.2271118164,53905,53915,10
13.0111703873,80.2274398804,53915,53925,10
13.0102701187,80.2277679443,53925,53935,10
13.0095996857,80.2278366089,53935,53946,11
13.0096597672,80.2272415161,53946,53956,10
13.0099401474,80.226600647,53956,53966,10
13.0102300644,80.2258834839,53966,53976,10
13.0105400085,80.2252502441,53976,53986,10
13.0107603073,80.2247390747,53986,53996,10
13.01101017,80.2241210938,53996,54006,10
13.0113401413,80.2232284546,54006,54016,10
13.0116796494,80.2224578857,54016,54026,10
13.0119695663,80.2216796875,54026,54036,10
13.012169838,80.2210769653,54036,54046,10
13.0119800568,80.2203598022,54046,54057,11
13.0116701126,80.2193984985,54057,54067,10
13.0113697052,80.2184829712,54067,54077,10
13.0110397339,80.2175979614,54077,54087,10
13.0106401443,80.2167205811,54087,54097,10
13.010219574,80.2159805298,54097,54107,10
13.0098896027,80.2153015137,54107,54117,10
13.0095396042,80.2147827148,54117,54127,10
13.009180069,80.214302063,54127,54137,10
13.008769989,80.213760376,54137,54147,10
13.0084295273,80.2134170532,54147,54188,41
13.0084295273,80.2134170532,54188,54198,10
13.008310318,80.2133865356,54198,54208,10
13.0080404282,80.2132492065,54208,54218,10
13.0077896118,80.2130203247,54218,54228,10
13.0072898865,80.2127914429,54228,54238,10
13.0066699982,80.2127609253,54238,54248,10
13.0060596466,80.2129364014,54248,54258,10
13.0055799484,80.2128295898,54258,54268,10
13.0049800873,80.2124786377,54268,54279,11
13.0040502548,80.2121200562,54279,54289,10
13.0036897659,80.2116699219,54289,54299,10
13.003660202,80.2109375,54299,54309,10
13.0035600662,80.2102432251,54309,54319,10
13.0035200119,80.2095718384,54319,54329,10
13.0036401749,80.2088775635,54329,54339,10
13.004240036,80.2087173462,54339,54349,10
13.005109787,80.2091217041,54349,54359,10
13.0058002472,80.2094192505,54359,54369,10
13.0063400269,80.2095870972,54369,54379,10
13.0068502426,80.2097015381,54379,54400,21
13.0068502426,80.2097015381,54400,54410,10
13.0071802139,80.2097396851,54410,54420,10
13.0077199936,80.2098388672,54420,54430,10
13.0080299377,80.2098007202,54430,54440,10
13.0079803467,80.2092437744,54440,54450,10
13.0078601837,80.2085037231,54450,54460,10
13.0077600479,80.2076263428,54460,54470,10
13.0076198578,80.2067565918,54470,54480,10
13.007519722,80.2060775757,54480,54490,10
13.0074396133,80.2058563232,54490,54501,11
13.0072603226,80.2052993774,54501,54511,10
13.0069599152,80.2046203613,54511,54521,10
13.0065603256,80.2038116455,54521,54531,10
13.0059900284,80.2030334473,54531,54541,10
13.0056200027,80.2023391724,54541,54551,10
13.0050802231,80.2016220093,54551,54561,10
13.0039997101,80.2010879517,54561,54581,20
13.0039997101,80.2010879517,54581,54591,10
13.0038900375,80.2010421753,54591,54601,10
13.0034399033,80.2008895874,54601,54612,11
13.0027399063,80.2006912231,54612,54622,10
13.0020303726,80.2002487183,54622,54632,10
13.0016803741,80.1995010376,54632,54642,10
13.0017499924,80.1987609863,54642,54652,10
13.0018596649,80.1979064941,54652,54662,10
13.0018796921,80.196937561,54662,54672,10
13.0013799667,80.1960906982,54672,54682,10
13.0007400513,80.1952209473,54682,54692,10
13.0000801086,80.1942977905,54692,54702,10
12.9993801117,80.1934890747,54702,54712,10
12.9985799789,80.1925582886,54712,54723,11
12.9977397919,80.1915206909,54723,54733,10
12.9969701767,80.190536499,54733,54743,10
12.9961996078,80.1896896362,54743,54753,10
12.9958496094,80.1893310547,54753,54763,10
12.9956502914,80.1890029907,54763,54773,10
12.9953098297,80.1883621216,54773,54783,10
12.9949102402,80.187538147,54783,54793,10
12.9944696426,80.1866531372,54793,54803,10
12.9941596985,80.1860961914,54803,54823,20
12.9941596985,80.1860961914,54823,54834,11
12.9940004349,80.1858062744,54834,54844,10
12.9937000275,80.1854782104,54844,54854,10
12.9931201935,80.1854324341,54854,54864,10
12.9924497604,80.1852722168,54864,54874,10
12.9915800095,80.1850891113,54874,54884,10
12.9907903671,80.1849822998,54884,54894,10
12.9902496338,80.1851119995,54894,54904,10
12.9893398285,80.1852416992,54904,54914,10
12.9883203506,80.1852035522,54914,54924,10
12.987859726,80.1855010986,54924,54945,21
12.987859726,80.1855010986,54945,54955,10
12.9878101349,80.1857681274,54955,54965,10
12.987569809,80.1863098145,54965,54975,10
12.9873304367,80.1873931885,54975,54995,20
12.9873304367,80.1873931885,54995,55005,10
12.9873399734,80.1875,55005,55015,10
12.9872999191,80.18800354,55015,55025,10
12.9867696762,80.1881790161,55025,55035,10
12.9864597321,80.1883163452,55035,55045,10
12.9857501984,80.1884536743,55045,55066,21
12.9857501984,80.1884536743,55066,55076,10
12.9855604172,80.1884994507,55076,55086,10
12.9850902557,80.1884765625,55086,55096,10
12.9843597412,80.1885528564,55096,55106,10
12.9840497971,80.1885223389,55106,55116,10
12.9836301804,80.1884765625,55116,55126,10
12.9827098846,80.1884078979,55126,55146,20
12.9827098846,80.1884078979,55146,55156,10
12.9823503494,80.1884231567,55156,55167,11
12.9815397263,80.188331604,55167,55177,10
12.980799675,80.1882705688,55177,55187,10
12.9806900024,80.1879882813,55187,55207,20
12.9806900024,80.1879882813,55207,55217,10
12.9807100296,80.1875610352,55217,55227,10
12.9807500839,80.1869430542,55227,55237,10
12.9808101654,80.1862411499,55237,55247,10
12.980919838,80.1855163574,55247,55257,10
12.9810304642,80.1851501465,55257,55266,9
12.9808101654,80.1847000122,55266,55278,12
12.9805498123,80.1839523315,55278,55288,10
12.9805498123,80.1832580566,55288,55298,10
12.9804697037,80.1828536987,55298,55308,10
12.9800701141,80.1828613281,55308,55318,10
12.9796800613,80.1828994751,55318,55328,10
12.9795703888,80.1829376221,55328,55338,10
12.97935009,80.1829528809,55338,55348,10
12.9788599014,80.183052063,55348,55358,10
12.97797966,80.1829910278,55358,55389,31
12.97797966,80.1829910278,55389,55399,10
12.9779701233,80.1827011108,55399,55409,10
12.9779396057,80.1821975708,55409,55419,10
12.9778995514,80.1814804077,55419,55429,10
12.9777097702,80.1812973022,55429,55439,10
12.9776697159,80.1815719604,55439,55469,30
12.9776697159,80.1815719604,55469,55479,10
12.9777603149,80.1817474365,55479,55488,9
12.9778995514,80.1817626953,55488,55500,12
12.9779195786,80.1820220947,55500,55510,10
12.97797966,80.1825408936,55510,55520,10
12.9780502319,80.1829223633,55520,55530,10
12.978269577,80.1829986572,55530,55540,10
12.9788999557,80.1829299927,55540,55550,10
12.97935009,80.1829376221,55550,55560,10
12.9798498154,80.1828689575,55560,55570,10
12.9802799225,80.1828384399,55570,55580,10
12.9805202484,80.183052063,55580,55600,20
12.9805202484,80.183052063,55600,55611,11
12.980509758,80.1831970215,55611,55621,10
12.9805002213,80.1835784912,55621,55631,10
12.980629921,80.1842422485,55631,55641,10
12.980919838,80.1850128174,55641,55651,10
12.9813699722,80.1855392456,55651,55661,10
12.9817399979,80.1856231689,55661,55671,10
12.9823999405,80.1857299805,55671,55681,10
12.9838104248,80.1858291626,55681,55691,10
12.9838104248,80.1858291626,55691,55701,10
12.9839296341,80.1860275269,55701,55710,9
12.9839296341,80.1865615845,55710,55722,12
12.9838895798,80.1872329712,55722,55732,10
12.983880043,80.187461853,55732,55742,10
12.9838695526,80.1881027222,55742,55762,20
12.9838695526,80.1881027222,55762,55772,10
12.9836702347,80.1884384155,55772,55782,10
12.9833202362,80.1884689331,55782,55792,10
12.983039856,80.1886367798,55792,55802,10
12.9829597473,80.1892166138,55802,55812,10
12.982919693,80.1900100708,55812,55822,10
12.9828796387,80.1907196045,55822,55833,11
12.9828596115,80.1913833618,55833,55843,10
12.9827899933,80.1918029785,55843,55853,10
12.9829597473,80.1920166016,55853,55863,10
12.9833498001,80.1920623779,55863,55873,10
12.9837999344,80.1921005249,55873,55883,10
12.9843397141,80.1921691895,55883,55893,10
12.9850597382,80.1922607422,55893,55903,10
12.9856595993,80.1924133301,55903,55913,10
12.9860801697,80.1924972534,55913,55923,10
12.9865598679,80.1926193237,55923,55932,9
12.9869003296,80.1927032471,55932,55944,12
12.9873399734,80.1928024292,55944,55954,10
12.9875898361,80.1928482056,55954,55964,10
12.9878702164,80.1929168701,55964,55974,10
12.9882898331,80.1930007935,55974,55984,10
12.9885997772,80.193069458,55984,55994,10
12.9891996384,80.1931381226,55994,56004,10
12.9898996353,80.1932373047,56004,56014,10
12.9904699326,80.1933517456,56014,56024,10
12.990940094,80.1936035156,56024,56034,10
12.9910202026,80.1939926147,56034,56044,10
12.9910202026,80.194229126,56044,56055,11
12.9912204742,80.1942977905,56055,56065,10
12.9914503098,80.1939926147,56065,56075,10
12.9918804169,80.1934432983,56075,56085,10
12.9926595688,80.193359375,56085,56095,10
12.9934902191,80.1933517456,56095,56105,10
12.9943704605,80.193321228,56105,56115,10
12.9951496124,80.1932907104,56115,56125,10
12.9959201813,80.1932601929,56125,56135,10
12.9965600967,80.1932373047,56135,56145,10
12.9967403412,80.1931228638,56145,56155,10
12.9966697693,80.1927108765,56155,56166,11
12.996509552,80.1921005249,56166,56176,10
12.9963798523,80.1915664673,56176,56186,10
12.9965200424,80.1913299561,56186,56226,40
12.9967098236,80.19140625,56226,56246,20
12.9967098236,80.19140625,56246,56256,10
12.9969301224,80.1912994385,56256,56266,10
12.9971704483,80.1913375854,56266,56277,11
12.9967603683,80.1912994385,56277,56287,10
12.9967002869,80.1912231445,56287,56297,10
12.9969501495,80.1908493042,56297,56347,50
12.9969501495,80.1908493042,56347,56357,10
12.996919632,80.1906661987,56357,56761,404
12.996919632,80.1906661987,56761,56771,10
12.9969100952,80.191116333,56771,56781,10
12.9968900681,80.1911315918,56781,56791,10
12.996720314,80.1912689209,56791,56801,10
12.9964504242,80.1914901733,56801,56811,10
12.9963502884,80.1913299561,56811,56821,10
12.9961900711,80.1907577515,56821,56832,11
12.995929718,80.1897964478,56832,56852,20
12.995929718,80.1897964478,56852,56862,10
12.9959001541,80.1896362305,56862,56872,10
12.9960098267,80.1893005371,56872,56882,10
12.9963102341,80.1895217896,56882,56892,10
12.9967603683,80.190032959,56892,56902,10
12.9973602295,80.1907501221,56902,56912,10
12.998049736,80.191619873,56912,56922,10
12.9988002777,80.1925430298,56922,56932,10
12.9994401932,80.1933364868,56932,56943,11
13.0001401901,80.1942672729,56943,56953,10
13.0008001328,80.1950912476,56953,56963,10
13.0013599396,80.1958389282,56963,56973,10
13.0018997192,80.1966094971,56973,56983,10
13.0020399094,80.1976394653,56983,56993,10
13.0018701553,80.1986999512,56993,57003,10
13.0018196106,80.1996536255,57003,57013,10
13.0024700165,80.2004699707,57013,57023,10
13.0033903122,80.2007369995,57023,57033,10
13.003660202,80.2008132935,57033,57042,9
13.0040502548,80.2009735107,57042,57054,12
13.0049695969,80.2013168335,57054,57064,10
13.0057096481,80.2020187378,57064,57074,10
13.0062103271,80.2028884888,57074,57084,10
13.0069599152,80.2034683228,57084,57094,10
13.0076904297,80.2036895752,57094,57104,10
13.0083303452,80.2035827637,57104,57114,10
13.0081100464,80.2028198242,57114,57124,10
13.0075597763,80.2034912109,57124,57134,10
13.0076398849,80.2046585083,57134,57144,10
13.0076799393,80.205947876,57144,57154,10
13.0078601837,80.20703125,57154,57165,11
13.0079898834,80.208152771,57165,57175,10
13.0081100464,80.2089309692,57175,57185,10
13.0083398819,80.2098770142,57185,57195,10
13.0090198517,80.2107467651,57195,57255,60
13.0092897415,80.2109603882,57255,57326,71
13.0094203949,80.2110366821,57326,57346,20
13.0094203949,80.2110366821,57346,57356,10
13.0092496872,80.211227417,57356,57366,10
13.0090503693,80.2115936279,57366,57376,10
13.0092201233,80.2122192383,57376,57387,11
13.0095100403,80.2131118774,57387,57397,10
13.0098400116,80.2139205933,57397,57407,10
13.010140419,80.2148132324,57407,57417,10
13.0102996826,80.2157592773,57417,57427,10
13.0107002258,80.2166824341,57427,57437,10
13.0111303329,80.2176589966,57437,57447,10
13.0115804672,80.2186737061,57447,57457,10
13.0119400024,80.2198791504,57457,57467,10
13.0122995377,80.2209701538,57467,57477,10
13.0124902725,80.2213363647,57477,57486,9
13.0125999451,80.2215881348,57486,57498,12
13.0130701065,80.2220306396,57498,57508,10
13.013589859,80.2227478027,57508,57518,10
13.0139398575,80.2232589722,57518,57528,10
13.0141296387,80.2234802246,57528,57538,10
13.014550209,80.2239227295,57538,57548,10
13.0149402618,80.2243804932,57548,57558,10
13.0153503418,80.2248306274,57558,57568,10
13.0154800415,80.2249603271,57568,57578,10
13.0156602859,80.2250671387,57578,57588,10
13.0161800385,80.2252807617,57588,57598,10
13.0169401169,80.2251205444,57598,57609,11
13.0179395676,80.2247390747,57609,57619,10
13.0189399719,80.2243423462,57619,57629,10
13.0193195343,80.2242965698,57629,57639,10
13.0194702148,80.2243728638,57639,57649,10
13.0197000504,80.2245407104,57649,57659,10
13.0200500488,80.2248001099,57659,57669,10
13.0204896927,80.2251434326,57669,57679,10
13.0208797455,80.225402832,57679,57689,10
13.0213603973,80.2257766724,57689,57699,10
13.0219602585,80.2262191772,57699,57709,10
13.0226297379,80.2267913818,57709,57720,11
13.0233602524,80.2273864746,57720,57730,10
13.023900032,80.2278671265,57730,57740,10
13.0243597031,80.2284164429,57740,57750,10
13.0248498917,80.2291412354,57750,57760,10
13.0253696442,80.2297973633,57760,57770,10
13.0256299973,80.230178833,57770,57780,10
13.025850296,80.2305679321,57780,57790,10
13.0259199142,80.2308578491,57790,57841,51
13.0259199142,80.2308578491,57841,57851,10
13.02602005,80.2311782837,57851,57861,10
13.0261096954,80.2316207886,57861,57871,10
13.0263004303,80.2322463989,57871,57881,10
13.0264596939,80.2325820923,57881,57891,10
13.026599884,80.2329330444,57891,57901,10
13.0268201828,80.2333297729,57901,57911,10
13.0271196365,80.233833313,57911,57921,10
13.0275201797,80.2345199585,57921,57931,10
13.0278997421,80.2352218628,57931,57942,11
13.028429985,80.2359085083,57942,57952,10
13.0291099548,80.2366409302,57952,57962,10
13.0296096802,80.2371063232,57962,57972,10
13.0296497345,80.2372436523,57972,57982,10
13.0299396515,80.2377090454,57982,57992,10
13.0303201675,80.2383728027,57992,58002,10
13.0307798386,80.239151001,58002,58012,10
13.0310096741,80.2394790649,58012,58022,10
13.0311002731,80.2397003174,58022,58083,61
13.0311002731,80.2397003174,58083,58093,10
13.0311002731,80.2397918701,58093,58103,10
13.0311803818,80.2399291992,58103,58113,10
13.0313396454,80.2402114868,58113,58123,10
13.0314702988,80.2409286499,58123,58133,10
13.031829834,80.2416000366,58133,58143,10
13.0323400497,80.2423324585,58143,58153,10
13.0329198837,80.2431182861,58153,58164,11
13.0335702896,80.2440185547,58164,58174,10
13.0341701508,80.2447433472,58174,58184,10
13.0347099304,80.2454528809,58184,58194,10
13.0356502533,80.2461700439,58194,58254,60
13.0356502533,80.2461700439,58254,58263,9
13.0356502533,80.2462615967,58263,58275,12
13.0355997086,80.2466506958,58275,58285,10
13.035490036,80.2473602295,58285,58295,10
13.0354204178,80.248046875,58295,58305,10
13.0354299545,80.2480621338,58305,58315,10
13.0354299545,80.2482833862,58315,58325,10
13.035369873,80.2488632202,58325,58335,10
13.0353097916,80.249710083,58335,58345,10
13.0352897644,80.2505569458,58345,58355,10
13.0352697372,80.2513504028,58355,58365,10
13.0352401733,80.2518997192,58365,58374,9
13.0351600647,80.2524414063,58374,58386,12
13.0350904465,80.2535629272,58386,58396,10
13.0349903107,80.2542495728,58396,58406,10
13.0351896286,80.2544784546,58406,58416,10
13.0356197357,80.2547988892,58416,58426,10
13.036239624,80.2553100586,58426,58436,10
13.0370798111,80.2559890747,58436,58446,10
13.0371904373,80.2560272217,58446,58456,10
13.0373697281,80.256111145,58456,58476,20
13.0373697281,80.256111145,58476,58485,9
13.0379800797,80.256477356,58485,58497,12
13.0385303497,80.2570877075,58497,58507,10
13.0386104584,80.2577285767,58507,58517,10
13.0386800766,80.2583084106,58517,58527,10
13.0386896133,80.2588119507,58527,58537,10
13.0387001038,80.2588272095,58537,58547,10
13.0387096405,80.2592773438,58547,58557,10
13.0387601852,80.2597808838,58557,58567,10
13.0389699936,80.2604370117,58567,58577,10
13.0392398834,80.2613601685,58577,58587,10
13.0393800735,80.2619628906,58587,58597,10
13.0394601822,80.2622299194,58597,58608,11
13.0396299362,80.2629013062,58608,58618,10
13.0396699905,80.2631530762,58618,58628,10
13.0397996902,80.263671875,58628,58638,10
13.0397500992,80.2641906738,58638,58648,10
13.0397500992,80.2644805908,58648,58658,10
13.0399599075,80.2645721436,58658,58668,10
13.0403995514,80.2645721436,58668,58678,10
13.0406599045,80.2646026611,58678,58688,10
13.0410404205,80.2646331787,58688,58698,10
13.0414199829,80.2649230957,58698,58708,10
13.0413503647,80.2653427124,58708,58719,11
13.0412502289,80.2658309937,58719,58729,10
13.041179657,80.2664337158,58729,58739,10
13.0411300659,80.2669906616,58739,58749,10
13.0410804749,80.2673416138,58749,58759,10
13.0409603119,80.2679901123,58759,58769,10
13.0413103104,80.268157959,58769,58778,9
13.043800354,80.2672805786,58778,58849,71
13.043800354,80.2672805786,58849,58869,20
13.0445203781,80.2669677734,58869,58879,10
13.0445899963,80.2674179077,58879,58889,10
13.0445804596,80.2681808472,58889,58899,10
13.0445404053,80.2688827515,58899,58909,10
13.0445203781,80.2691726685,58909,58929,20
13.0445203781,80.2691726685,58929,58940,11
13.0444097519,80.2697219849,58940,58950,10
13.0442199707,80.2705001831,58950,58960,10
13.0439996719,80.2714767456,58960,58970,10
13.0437698364,80.2726364136,58970,58980,10
13.043680191,80.2732620239,58980,58990,10
13.0436496735,80.2734222412,58990,59000,10
13.0436096191,80.2735366821,59000,59010,10
13.043510437,80.2740325928,59010,59051,41
13.043510437,80.2740325928,59051,59061,10
13.0434398651,80.2742233276,59061,59071,10
13.0433797836,80.2746963501,59071,59081,10
13.0433597565,80.2754669189,59081,59091,10
13.0433597565,80.2761993408,59091,59101,10
13.043390274,80.2769775391,59101,59111,10
13.0434703827,80.2777175903,59111,59121,10
13.0434103012,80.2778701782,59121,59131,10
13.0434103012,80.2783737183,59131,59141,10
13.043390274,80.279083252,59141,59150,9
13.0433998108,80.2794113159,59150,59162,12
13.0434103012,80.2794189453,59162,59172,10
13.0435800552,80.2797012329,59172,59182,10
13.0441999435,80.2798614502,59182,59192,10
13.0450401306,80.2799835205,59192,59202,10
13.0456600189,80.2800979614,59202,59212,10
13.0461397171,80.2801513672,59212,59222,10
13.0468101501,80.2802581787,59222,59232,10
13.0476102829,80.280380249,59232,59242,10
13.0484895706,80.2805023193,59242,59252,10
13.0492401123,80.2806091309,59252,59262,10
13.0499000549,80.2806777954,59262,59273,11
13.0502996445,80.2802963257,59273,59283,10
13.0505399704,80.2797317505,59283,59293,10
13.0505695343,80.2796783447,59293,59303,10
13.0507297516,80.2793197632,59303,59311,8
13.050909996,80.2789077759,59311,59323,12
13.0512104034,80.2780609131,59323,59333,10
13.0513496399,80.2777786255,59333,59343,10
13.0515604019,80.2772064209,59343,59353,10
13.0518302917,80.2764282227,59353,59363,10
13.0521097183,80.2757797241,59363,59373,10
13.0523900986,80.2749099731,59373,59394,21
13.0523900986,80.2749099731,59394,59404,10
13.0525197983,80.2745895386,59404,59414,10
13.0526895523,80.2740783691,59414,59424,10
13.0530195236,80.2737579346,59424,59434,10
13.0531997681,80.2737808228,59434,59444,10
13.0534200668,80.2737731934,59444,59454,10
13.0537004471,80.2737808228,59454,59464,10
13.054189682,80.2738037109,59464,59474,10
13.0549201965,80.2737884521,59474,59484,10
13.0559396744,80.2738571167,59484,59505,21
13.0559396744,80.2738571167,59505,59515,10
13.0561800003,80.2739105225,59515,59525,10
13.0565500259,80.273979187,59525,59535,10
13.0573701859,80.2740097046,59535,59555,20
13.0573701859,80.2740097046,59555,59565,10
13.0576000214,80.2740402222,59565,59575,10
13.0576400757,80.2740478516,59575,59585,10
13.0579299927,80.2740936279,59585,59595,10
13.058139801,80.2740936279,59595,59606,11
13.0584001541,80.2741317749,59606,59616,10
13.0587701797,80.2741622925,59616,59636,20
13.0587701797,80.2741622925,59636,59646,10
13.0589199066,80.2743530273,59646,59656,10
13.0588798523,80.2746505737,59656,59666,10
13.0587997437,80.2751464844,59666,59676,10
13.0587596893,80.2755889893,59676,59686,10
13.0587501526,80.2756118774,59686,59696,10
13.0586700439,80.2760925293,59696,59706,10
13.0584602356,80.2766571045,59706,59717,11
13.0582304001,80.2772369385,59717,59727,10
13.0581798553,80.2776184082,59727,59737,10
13.0581598282,80.2777862549,59737,59747,10
13.0581598282,80.2779769897,59747,59757,10
13.0580997467,80.2784500122,59757,59767,10
13.0580396652,80.2790603638,59767,59777,10
13.0579204559,80.2796936035,59777,59787,10
13.0577898026,80.280456543,59787,59797,10
13.05768013,80.2813796997,59797,59807,10
13.0576295853,80.2819137573,59807,59817,10
13.0576200485,80.2820587158,59817,59828,11
13.0580301285,80.2821426392,59828,59838,10
13.0587701797,80.2823028564,59838,59848,10
13.0597496033,80.2824935913,59848,59858,10
13.0607995987,80.2827072144,59858,59868,10
13.0616998672,80.2828979492,59868,59878,10
13.0625,80.2830581665,59878,59888,10
13.0630903244,80.283203125,59888,59898,10
13.063170433,80.283241272,59898,59908,10
13.0635795593,80.2833480835,59908,59918,10
13.0642795563,80.283493042,59918,59928,10
13.0650596619,80.2836685181,59928,59939,11
13.065990448,80.2838897705,59939,59949,10
13.0669898987,80.2841110229,59949,59959,10
13.0679702759,80.2842788696,59959,59969,10
13.0689296722,80.2845077515,59969,59979,10
13.0698299408,80.2847366333,59979,59989,10
13.0708599091,80.2850189209,59989,59999,10
13.0718898773,80.2852172852,59999,60009,10
13.0732898712,80.2852325439,60009,60029,20
13.0732898712,80.2852325439,60029,60039,10
13.0736303329,80.2852783203,60039,60050,11
13.0739297867,80.2856292725,60050,60060,10
13.0736303329,80.2860336304,60060,60070,10
13.0728797913,80.2856903076,60070,60080,10
13.0718898773,80.2853088379,60080,60090,10
13.0706796646,80.2850112915,60090,60100,10
13.0695104599,80.2847213745,60100,60110,10
13.0685901642,80.2845077515,60110,60120,10
13.0678195953,80.284362793,60120,60130,10
13.0668096542,80.2844314575,60130,60383,253
13.0668096542,80.2844314575,60383,60393,10
13.0666503906,80.2843322754,60393,60403,10
13.0663795471,80.2842712402,60403,60413,10
13.0661497116,80.2841720581,60413,60423,10
13.0657901764,80.2839813232,60423,60433,10
13.0651397705,80.2837905884,60433,60443,10
13.0643997192,80.2835998535,60443,60453,10
13.0636796951,80.2834014893,60453,60463,10
13.0628299713,80.2831802368,60463,60472,9
13.0621700287,80.2829971313,60472,60483,11
13.0613603592,80.2828598022,60483,60494,11
13.061249733,80.2828369141,60494,60504,10
13.0610599518,80.2827911377,60504,60514,10
13.0607204437,80.2827224731,60514,60524,10
13.060259819,80.2826080322,60524,60534,10
13.0594997406,80.2824478149,60534,60544,10
13.0585203171,80.2822418213,60544,60554,10
13.057800293,80.2821121216,60554,60564,10
13.0577402115,80.2821121216,60564,60574,10
13.0574703217,80.2819137573,60574,60584,10
13.0575704575,80.2813262939,60584,60593,9
13.0576200485,80.2811965942,60593,60605,12
13.05768013,80.2806091309,60605,60615,10
13.0577697754,80.2798309326,60615,60625,10
13.0578804016,80.2791213989,60625,60635,10
13.0579996109,80.2784118652,60635,60645,10
13.0582399368,80.2770309448,60645,60665,20
13.0582399368,80.2770309448,60665,60675,10
13.058380127,80.2766418457,60675,60685,10
13.0585098267,80.2763519287,60685,60695,10
13.0586900711,80.2758178711,60695,60705,10
13.0587301254,80.2755889893,60705,60716,11
13.0587797165,80.2754135132,60716,60726,10
13.0587902069,80.275062561,60726,60736,10
13.0588998795,80.2742996216,60736,60756,20
13.0588998795,80.2742996216,60756,60766,10
13.0587501526,80.2741775513,60766,60776,10
13.0585002899,80.2741622925,60776,60786,10
13.0579996109,80.2741012573,60786,60796,10
13.05768013,80.2740631104,60796,60806,10
13.0572395325,80.2739868164,60806,60816,10
13.0567903519,80.2739486694,60816,60827,11
13.0562496185,80.2739105225,60827,60837,10
13.056019783,80.2739028931,60837,60847,10
13.0557603836,80.2738723755,60847,60857,10
13.0553503036,80.2738494873,60857,60867,10
13.0551795959,80.2738265991,60867,60877,10
13.0547399521,80.2738113403,60877,60887,10
13.0540599823,80.2738037109,60887,60897,10
13.0535802841,80.2737808228,60897,60907,10
13.0535697937,80.2737808228,60907,60917,10
13.0533800125,80.2737579346,60917,60928,11
13.0530195236,80.2737197876,60928,60938,10
13.0526399612,80.2738113403,60938,60948,10
13.0523700714,80.2738800049,60948,60958,10
13.0519800186,80.2739715576,60958,60968,10
13.0515098572,80.2740936279,60968,60978,10
13.0511798859,80.2741928101,60978,60988,10
13.0509500504,80.274230957,60988,60998,10
13.0508403778,80.2742614746,60998,61008,10
13.0507097244,80.2742919922,61008,61018,10
13.0504999161,80.2743225098,61018,61027,9
13.0504398346,80.2743377686,61027,61039,12
13.0501804352,80.2743682861,61039,61049,10
13.0500001907,80.2743682861,61049,61059,10
13.0497999191,80.2743835449,61059,61069,10
13.0493402481,80.2744674683,61069,61079,10
13.0488996506,80.2746124268,61079,61089,10
13.0485601425,80.274597168,61089,61099,10
13.0480604172,80.274597168,61099,61109,10
13.0477399826,80.2745666504,61109,61119,10
13.0474796295,80.2745666504,61119,61129,10
13.0473403931,80.274559021,61129,61139,10
13.0471401215,80.2745437622,61139,61150,11
13.0467395782,80.2744903564,61150,61160,10
13.0466604233,80.2744827271,61160,61170,10
13.0461597443,80.2744064331,61170,61180,10
13.0454397202,80.2743530273,61180,61190,10
13.0450696945,80.2743225098,61190,61200,10
13.0445699692,80.2742767334,61200,61210,10
13.0434999466,80.274269104,61210,61351,141
13.0434999466,80.274269104,61351,61360,9
13.0433197021,80.2741088867,61360,61372,12
13.0434703827,80.2736206055,61372,61382,10
13.0436000824,80.2730407715,61382,61392,10
13.0437602997,80.2722320557,61392,61402,10
13.0438404083,80.2718429565,61402,61412,10
13.0438899994,80.2716293335,61412,61422,10
13.0440101624,80.2710037231,61422,61432,10
13.0441904068,80.2701568604,61432,61442,10
13.0444698334,80.2686004639,61442,61462,20
13.0444698334,80.2686004639,61462,61472,10
13.0443000793,80.2682876587,61472,61483,11
13.0434904099,80.2682037354,61483,61493,10
13.0426101685,80.268119812,61493,61503,10
13.0419197083,80.2681884766,61503,61513,10
13.0415000916,80.2682723999,61513,61523,10
13.0413999557,80.2682876587,61523,61533,10
13.0412397385,80.2682571411,61533,61604,71
13.0412397385,80.2682571411,61604,61614,10
13.0408697128,80.2682113647,61614,61624,10
13.0407104492,80.268157959,61624,61634,10
13.0404901505,80.268081665,61634,61642,8
13.0397396088,80.2678375244,61642,61713,71
13.0397396088,80.2678375244,61713,61733,20
13.0392904282,80.2677230835,61733,61743,10
13.0389995575,80.2676620483,61743,61753,10
13.0388002396,80.267616272,61753,61763,10
13.0385103226,80.267616272,61763,61783,20
13.0383396149,80.2676315308,61783,61824,41
13.0383396149,80.2676315308,61824,61834,10
13.0378704071,80.2676467896,61834,61844,10
13.0375795364,80.2676315308,61844,61854,10
13.0370702744,80.2675628662,61854,61864,10
13.0369997025,80.2670822144,61864,61874,10
13.03703022,80.2666015625,61874,61884,10
13.0370397568,80.2665710449,61884,61894,10
13.0371599197,80.2661514282,61894,61904,10
13.0373001099,80.2655181885,61904,61914,10
13.0374898911,80.2645874023,61914,61925,11
13.0375499725,80.2637176514,61925,61935,10
13.0373697281,80.2629470825,61935,61945,10
13.0373401642,80.2622299194,61945,61955,10
13.0373802185,80.2617492676,61955,61965,10
13.0374097824,80.26146698,61965,61975,10
13.0375699997,80.2609863281,61975,61985,10
13.0379295349,80.2602462769,61985,61995,10
13.0381603241,80.2596893311,61995,62005,10
13.0382795334,80.2594680786,62005,62015,10
13.0384597778,80.2591018677,62015,62025,10
13.0385398865,80.2589874268,62025,62036,11
13.0386695862,80.2585601807,62036,62046,10
13.0386800766,80.2581481934,62046,62056,10
13.0387001038,80.2579879761,62056,62066,10
13.0387296677,80.2574691772,62066,62187,121
13.038649559,80.2570800781,62187,62318,131
13.038649559,80.2570800781,62318,62328,10
13.038310051,80.2568969727,62328,62338,10
13.0380802155,80.2567062378,62338,62348,10
13.0380496979,80.2563323975,62348,62358,10
13.0381298065,80.2559280396,62358,62369,11
13.0381803513,80.2556304932,62369,62379,10
13.0382299423,80.2550125122,62379,62389,10
13.0383300781,80.2543029785,62389,62399,10
13.0384502411,80.2534790039,62399,62409,10
13.0385503769,80.2526397705,62409,62419,10
13.0386600494,80.2520904541,62419,62429,10
13.0387401581,80.2516708374,62429,62439,10
13.0387897491,80.2513198853,62439,62449,10
13.0388298035,80.2509536743,62449,62459,10
13.0388803482,80.2504425049,62459,62469,10
13.0389099121,80.2500762939,62469,62480,11
13.0389404297,80.2499923706,62480,62490,10
13.0389795303,80.2495574951,62490,62500,10
13.0390396118,80.2490997314,62500,62510,10
13.0390996933,80.2487564087,62510,62520,10
13.0391397476,80.2484436035,62520,62530,10
13.0392198563,80.2478713989,62530,62540,10
13.0393400192,80.2473602295,62540,62591,51
13.0393400192,80.2473602295,62591,62601,10
13.0393800735,80.2472000122,62601,62611,10
13.0394096375,80.2470932007,62611,62621,10
13.0392799377,80.2470092773,62621,62631,10
13.0390501022,80.2469177246,62631,62641,10
13.0385103226,80.2467575073,62641,62651,10
13.0379495621,80.2467193604,62651,62661,10
13.0377597809,80.2466964722,62661,62671,10
13.0374603271,80.2466583252,62671,62681,10
13.0370798111,80.2465896606,62681,62691,10
13.0365600586,80.2464828491,62691,62702,11
13.036239624,80.2463531494,62702,62712,10
13.0357198715,80.2461700439,62712,62722,10
13.0352201462,80.2460632324,62722,62732,10
13.0351104736,80.2460479736,62732,62742,10
13.0347900391,80.2457427979,62742,62752,10
13.0344400406,80.2451705933,62752,62762,10
13.0340299606,80.2446975708,62762,62772,10
13.033539772,80.2440109253,62772,62782,10
13.0328302383,80.2432022095,62782,62792,10
13.0320396423,80.2421188354,62792,62893,101
13.0320396423,80.2421188354,62893,62903,10
13.0320196152,80.2419281006,62903,62912,9
13.0318202972,80.2415313721,62912,62924,12
13.0314397812,80.2407684326,62924,62934,10
13.0311803818,80.2402191162,62934,62944,10
13.0309295654,80.2396621704,62944,62954,10
13.030500412,80.2388916016,62954,62964,10
13.0299501419,80.2379226685,62964,62974,10
13.0294599533,80.237197876,62974,62984,10
13.0293598175,80.2370834351,62984,62994,10
13.0292701721,80.2369995117,62994,63004,10
13.0289802551,80.2366409302,63004,63014,10
13.0284996033,80.2360916138,63014,63024,10
13.0279197693,80.2353897095,63024,63035,11
13.0273599625,80.2344589233,63035,63045,10
13.0269699097,80.2338485718,63045,63085,40
13.0269699097,80.2338485718,63085,63095,10
13.0268201828,80.2335586548,63095,63105,10
13.026599884,80.2332000732,63105,63115,10
13.0263395309,80.2326812744,63115,63125,10
13.0262002945,80.2322387695,63125,63134,9
13.0261001587,80.2318115234,63134,63176,42
13.0261001587,80.2318115234,63176,63186,10
13.026049614,80.2314834595,63186,63196,10
13.0259103775,80.2309036255,63196,63206,10
13.0254802704,80.2300872803,63206,63216,10
13.0250396729,80.2295227051,63216,63226,10
13.0248098373,80.2292098999,63226,63236,10
13.0245895386,80.2289581299,63236,63246,10
13.0242900848,80.2285919189,63246,63257,11
13.0237998962,80.2279968262,63257,63267,10
13.0233097076,80.2275085449,63267,63277,10
13.0225601196,80.2268218994,63277,63297,20
13.0225601196,80.2268218994,63297,63307,10
13.0223703384,80.2266311646,63307,63317,10
13.0218296051,80.2262115479,63317,63327,10
13.021109581,80.2256317139,63327,63337,10
13.0205698013,80.225227356,63337,63347,10
13.0200195313,80.2248382568,63347,63368,21
13.0200195313,80.2248382568,63368,63378,10
13.019900322,80.2247161865,63378,63388,10
13.0193595886,80.2244796753,63388,63398,10
13.0184497833,80.2246170044,63398,63408,10
13.0173797607,80.2250595093,63408,63418,10
13.0164899826,80.2254486084,63418,63428,10
13.0157804489,80.2257080078,63428,63438,10
13.0149402618,80.2260284424,63438,63448,10
13.0142602921,80.2262878418,63448,63457,9
13.0141096115,80.2263793945,63457,63469,12
13.0139398575,80.2264175415,63469,63479,10
13.0133600235,80.2266235352,63479,63489,10
13.0125904083,80.2269134521,63489,63499,10
13.011639595,80.2272796631,63499,63509,10
13.0106201172,80.2276916504,63509,63519,10
13.0096998215,80.2279434204,63519,63529,10
13.0096101761,80.2274169922,63529,63539,10
13.0099201202,80.2267837524,63539,63549,10
13.0102796555,80.2259292603,63549,63559,10
13.0106601715,80.2250595093,63559,63569,10
13.0109796524,80.224281311,63569,63590,21
13.0109796524,80.224281311,63590,63600,10
13.0111598969,80.2239532471,63600,63610,10
13.0112800598,80.2235412598,63610,63620,10
13.0115203857,80.2229995728,63620,63630,10
13.0118198395,80.2220993042,63630,63640,10
13.0120296478,80.2215576172,63640,63650,10
13.0121498108,80.2213897705,63650,63660,10
13.0121498108,80.2209625244,63660,63670,10
13.0119400024,80.2202606201,63670,63680,10
13.0116796494,80.2193984985,63680,63691,11
13.0113897324,80.2184524536,63691,63701,10
13.0111303329,80.2177581787,63701,63710,9
13.0108699799,80.2172088623,63710,63721,11
13.0107097626,80.2168197632,63721,63731,10
13.0104904175,80.2163772583,63731,63741,10
13.0101995468,80.215927124,63741,63751,10
13.0098600388,80.2152633667,63751,63761,10
13.0094804764,80.2147521973,63761,63771,10
13.0090398788,80.2141571045,63771,63781,10
13.0087099075,80.2136993408,63781,63832,51
13.0083703995,80.213432312,63832,63892,60
13.0083703995,80.213432312,63892,63902,10
13.0079402924,80.2132034302,63902,63913,11
13.0076799393,80.2129669189,63913,63923,10
13.0072002411,80.2127990723,63923,63933,10
13.0065803528,80.2127532959,63933,63943,10
13.0059404373,80.2129974365,63943,63953,10
13.00522995,80.2126998901,63953,63963,10
13.0045099258,80.212310791,63963,63973,10
13.0038003922,80.2120666504,63973,63983,10
13.0037097931,80.211769104,63983,63993,10
13.0037202835,80.2113876343,63993,64003,10
13.0036697388,80.2108230591,64003,64013,10
13.0035800934,80.2102813721,64013,64024,11
13.0035295486,80.2096099854,64024,64034,10
13.0036697388,80.2089080811,64034,64044,10
13.0042104721,80.2087173462,64044,64054,10
13.0048999786,80.2090530396,64054,64064,10
13.0051803589,80.2091827393,64064,64074,10
13.0053596497,80.2092666626,64074,64084,10
13.0055904388,80.2093734741,64084,64094,10
13.0060396194,80.2095184326,64094,64104,10
13.0064601898,80.2096481323,64104,64114,10
13.0069503784,80.209777832,64114,64123,9
13.0072603226,80.209777832,64123,64145,22
13.0072603226,80.209777832,64145,64155,10
13.0076303482,80.2098922729,64155,64165,10
13.0079498291,80.2099609375,64165,64175,10
13.0081701279,80.2099304199,64175,64185,10
13.0080699921,80.2093887329,64185,64195,10
13.0079498291,80.2086715698,64195,64205,10
13.0078401566,80.2078399658,64205,64215,10
13.0076904297,80.20703125,64215,64225,10
13.0075798035,80.2062683105,64225,64235,10
13.0075101852,80.2055664063,64235,64246,11
13.0075101852,80.2048797607,64246,64256,10
13.0074996948,80.2042770386,64256,64266,10
13.007399559,80.2035217285,64266,64276,10
13.0072002411,80.2027130127,64276,64286,10
13.0065603256,80.2027816772,64286,64296,10
13.006770134,80.203338623,64296,64306,10
13.0073204041,80.2036209106,64306,64316,10
13.008020401,80.2037124634,64316,64326,10
13.0084600449,80.2032165527,64326,64336,10
13.0078001022,80.2028427124,64336,64346,10
13.0075702667,80.2036590576,64346,64357,11
13.0076398849,80.2047195435,64357,64367,10
13.0076904297,80.2058334351,64367,64377,10
13.0078496933,80.2068481445,64377,64387,10
13.0079698563,80.2078170776,64387,64397,10
13.0081396103,80.2088470459,64397,64407,10
13.0084104538,80.2099304199,64407,64417,10
13.008939743,80.2106781006,64417,64457,40
13.0089302063,80.2106323242,64457,64700,243
13.0089302063,80.2106323242,64700,64710,10
13.0091896057,80.2108688354,64710,65123,413
13.0091896057,80.2108688354,65123,65134,11
13.0093097687,80.2111968994,65134,65144,10
13.0091199875,80.21144104,65144,65154,10
13.0091295242,80.2119064331,65154,65164,10
13.0093297958,80.2125930786,65164,65174,10
13.0095701218,80.2132568359,65174,65184,10
13.0098400116,80.2139434814,65184,65194,10
13.0101099014,80.2146530151,65194,65204,10
13.0102500916,80.2155227661,65204,65214,10
13.0105600357,80.2163772583,65214,65224,10
13.0109701157,80.2172622681,65224,65235,11
13.011349678,80.218208313,65235,65245,10
13.0116300583,80.2190628052,65245,65255,10
13.0119304657,80.2199707031,65255,65265,10
13.0121898651,80.220703125,65265,65275,10
13.0123996735,80.2211380005,65275,65285,10
13.012430191,80.2212600708,65285,65295,10
13.0124998093,80.2214431763,65295,65305,10
13.0126104355,80.2216415405,65305,65315,10
13.0128002167,80.2219467163,65315,65325,10
13.0130996704,80.2222595215,65325,65334,9
13.013420105,80.222618103,65334,65346,12
13.0138397217,80.2231369019,65346,65356,10
13.0140104294,80.2233886719,65356,65366,10
13.014169693,80.2235488892,65366,65376,10
13.0143604279,80.2237625122,65376,65386,10
13.0146198273,80.2240066528,65386,65396,10
13.0150699615,80.2246017456,65396,65406,10
13.0153303146,80.2248764038,65406,65416,10
13.0155096054,80.2250366211,65416,65426,10
13.0156002045,80.225112915,65426,65436,10
13.0159101486,80.2253417969,65436,65446,10
13.0163297653,80.2253723145,65446,65457,11
13.0169200897,80.2251968384,65457,65467,10
13.017660141,80.224899292,65467,65477,10
13.0184497833,80.224571228,65477,65487,10
13.0190696716,80.2243423462,65487,65497,10
13.0192499161,80.2243270874,65497,65507,10
13.0196199417,80.2245178223,65507,65517,10
13.0200500488,80.2248001099,65517,65527,10
13.0204696655,80.2250976563,65527,65537,10
13.0208101273,80.2253570557,65537,65547,10
13.0212001801,80.225692749,65547,65557,10
13.0216903687,80.2260513306,65557,65568,11
13.0222702026,80.2265090942,65568,65578,10
13.0228500366,80.2270202637,65578,65588,10
13.0233602524,80.2275238037,65588,65598,10
13.0237903595,80.2279281616,65598,65608,10
13.024140358,80.2283172607,65608,65618,10
13.0244903564,80.2287902832,65618,65628,10
13.0248098373,80.2292404175,65628,65638,10
13.0252199173,80.2297363281,65638,65648,10
13.0254898071,80.2301025391,65648,65658,10
13.0256204605,80.2302932739,65658,65668,10
13.0256595612,80.2303619385,65668,65679,11
13.0257902145,80.2306289673,65679,65689,10
13.0259103775,80.2309799194,65689,65699,10
13.0260095596,80.2313919067,65699,65709,10
13.026140213,80.2318496704,65709,65719,10
13.0262804031,80.2323608398,65719,65729,10
13.0265302658,80.2329788208,65729,65739,10
13.0268697739,80.2335968018,65739,65749,10
13.0273399353,80.2343902588,65749,65759,10
13.0277900696,80.2351837158,65759,65769,10
13.0283498764,80.2359085083,65769,65779,10
13.0289001465,80.2365036011,65779,65790,11
13.0294103622,80.2370300293,65790,65800,10
13.0295000076,80.2371368408,65800,65810,10
13.0296602249,80.2373809814,65810,65820,10
13.0300502777,80.2380065918,65820,65830,10
13.0303602219,80.23853302,65830,65840,10
13.0305204391,80.2388305664,65840,65850,10
13.0308198929,80.2393569946,65850,65860,10
13.0310201645,80.239730835,65860,65870,10
13.0311603546,80.2399673462,65870,65880,10
13.0313596725,80.2402572632,65880,65890,10
13.0313997269,80.2406921387,65890,65901,11
13.0315198898,80.2410583496,65901,65911,10
13.0317401886,80.2414932251,65911,65921,10
13.0320301056,80.2420806885,65921,65931,10
13.0324602127,80.2425384521,65931,65941,10
13.0326700211,80.2428817749,65941,65951,10
13.0330495834,80.2433776855,65951,65961,10
13.033490181,80.2439498901,65961,65971,10
13.0338897705,80.2444992065,65971,65981,10
13.0341596603,80.2448196411,65981,65991,10
13.0344896317,80.2452392578,65991,66001,10
13.0347003937,80.2455062866,66001,66012,11
13.0347795486,80.2456130981,66012,66022,10
13.0348796844,80.2457504272,66022,66032,10
13.0350599289,80.2459411621,66032,66042,10
13.0351400375,80.2460327148,66042,66052,10
13.0353298187,80.2461395264,66052,66082,30
13.0353298187,80.2461395264,66082,66092,10
13.0356397629,80.2461776733,66092,66102,10
13.0355701447,80.2464370728,66102,66111,9
13.0355300903,80.2469329834,66111,66123,12
13.0354404449,80.2479934692,66123,66143,20
13.0354404449,80.2479934692,66143,66153,10
13.0353899002,80.2482681274,66153,66163,10
13.0353403091,80.2489089966,66163,66173,10
13.0352897644,80.2496185303,66173,66183,10
13.0352802277,80.250038147,66183,66193,10
13.0352697372,80.2504501343,66193,66203,10
13.0352697372,80.2504806519,66203,66213,10
13.0352602005,80.2508621216,66213,66224,11
13.0352201462,80.2515563965,66224,66234,10
13.0351896286,80.2521209717,66234,66244,10
13.0351400375,80.2528305054,66244,66254,10
13.0351200104,80.25340271,66254,66264,10
13.035030365,80.2542266846,66264,66294,30
13.035030365,80.2542266846,66294,66304,10
13.0349798203,80.2543792725,66304,66314,10
13.0351400375,80.2546005249,66314,66324,10
13.0356397629,80.2549514771,66324,66334,10
13.0362796783,80.2553863525,66334,66345,11
13.0370502472,80.2559432983,66345,66355,10
13.0372104645,80.2560501099,66355,66365,10
13.0373601913,80.2561569214,66365,66375,10
13.0376596451,80.2564086914,66375,66405,30
13.0376596451,80.2564086914,66405,66415,10
13.0377902985,80.2565383911,66415,66425,10
13.0381202698,80.256729126,66425,66435,10
13.0384902954,80.2570800781,66435,66445,10
13.0388803482,80.2574996948,66445,66456,11
13.0387601852,80.2581634521,66456,66466,10
13.0387201309,80.2587585449,66466,66476,10
13.0386896133,80.2590484619,66476,66486,10
13.0386800766,80.2591323853,66486,66496,10
13.0386896133,80.2593307495,66496,66506,10
13.0387201309,80.2599182129,66506,66516,10
13.0390396118,80.2606811523,66516,66526,10
13.039270401,80.2616195679,66526,66536,10
13.0394001007,80.2621002197,66536,66546,10
13.0395097733,80.2624664307,66546,66557,11
13.0396404266,80.2630310059,66557,66567,10
13.0396900177,80.2633209229,66567,66577,10
13.0397596359,80.2638473511,66577,66587,10
13.0397396088,80.2642364502,66587,66597,10
13.0397701263,80.2645568848,66597,66607,10
13.0401096344,80.2646179199,66607,66617,10
13.0404195786,80.2646179199,66617,66627,10
13.0406703949,80.2646484375,66627,66637,10
13.0411195755,80.2646865845,66637,66647,10
13.0413999557,80.2650299072,66647,66657,10
13.0413398743,80.2654876709,66657,66668,11
13.0412502289,80.2660522461,66668,66678,10
13.0411996841,80.2665023804,66678,66688,10
13.0411500931,80.2667617798,66688,66698,10
13.0411195755,80.266960144,66698,66708,10
13.0410995483,80.266998291,66708,66718,10
13.0410203934,80.2674636841,66718,66728,10
13.0409603119,80.2678833008,66728,66738,10
13.0409603119,80.2682113647,66738,66747,9
13.0427703857,80.2679214478,66747,66817,70
13.0427703857,80.2679214478,66817,66837,20
13.0433797836,80.2675323486,66837,66847,10
13.0437402725,80.2672805786,66847,66857,10
13.0440397263,80.2670669556,66857,66877,20
13.0440397263,80.2670669556,66877,66888,11
13.0441598892,80.2670288086,66888,66898,10
13.0444803238,80.2669219971,66898,66908,10
13.0446195602,80.2672195435,66908,66918,10
13.0445995331,80.2678222656,66918,66928,10
13.044549942,80.2685165405,66928,66938,10
13.0444898605,80.2691574097,66938,66948,10
13.0444698334,80.269203186,66948,66958,10
13.0443601608,80.2695617676,66958,66968,10
13.0441904068,80.2702789307,66968,66978,10
13.0440502167,80.2711181641,66978,66988,10
13.043800354,80.2723617554,66988,67019,31
13.043800354,80.2723617554,67019,67029,10
13.0437698364,80.2726593018,67029,67039,10
13.0436897278,80.2729110718,67039,67049,10
13.0436401367,80.2731399536,67049,67059,10
13.0435495377,80.2734527588,67059,67069,10
13.0434999466,80.2735519409,67069,67079,10
13.0434598923,80.2737121582,67079,67089,10
13.043419838,80.2738571167,67089,67098,9
13.043390274,80.2741470337,67098,67110,12
13.0433301926,80.2747573853,67110,67120,10
13.0433101654,80.2754821777,67120,67130,10
13.0432901382,80.2761917114,67130,67140,10
13.0433301926,80.2767715454,67140,67150,10
13.0433301926,80.277557373,67150,67160,10
13.0433397293,80.2778015137,67160,67170,10
13.0433397293,80.2780990601,67170,67180,10
13.0433502197,80.2786865234,67180,67190,10
13.0433797836,80.2794189453,67190,67200,10
13.0438098907,80.279838562,67200,67210,10
13.0443601608,80.2799377441,67210,67221,11
13.0450801849,80.2800521851,67221,67231,10
13.0453500748,80.2800979614,67231,67241,10
13.0457401276,80.2801818848,67241,67251,10
13.0463600159,80.2802734375,67251,67261,10
13.0467596054,80.2802963257,67261,67271,10
13.047419548,80.2804031372,67271,67281,10
13.0482702255,80.2805023193,67281,67291,10
13.0491399765,80.2806167603,67291,67301,10
13.0499095917,80.2807388306,67301,67311,10
13.0503196716,80.2803421021,67311,67321,10
13.0505199432,80.2798080444,67321,67332,11
13.0505304337,80.2797927856,67332,67342,10
13.0506296158,80.279510498,67342,67352,10
13.0508298874,80.2790298462,67352,67362,10
13.0509796143,80.2785568237,67362,67372,10
13.0511598587,80.2780914307,67372,67382,10
13.0513601303,80.277633667,67382,67392,10
13.0514698029,80.2772598267,67392,67402,10
13.0516796112,80.2767715454,67402,67412,10
13.0518703461,80.2763137817,67412,67422,10
13.0520296097,80.2759170532,67422,67431,9
13.0521697998,80.2755508423,67431,67443,12
13.0523395538,80.2749404907,67443,67463,20
13.0523395538,80.2749404907,67463,67473,10
13.052479744,80.274597168,67473,67483,10
13.052570343,80.274307251,67483,67493,10
13.0526304245,80.2741012573,67493,67503,10
13.0529098511,80.2738037109,67503,67533,30
13.0529098511,80.2738037109,67533,67543,10
13.053319931,80.2738037109,67543,67554,11
13.053730011,80.2738189697,67554,67564,10
13.0542201996,80.2738113403,67564,67574,10
13.0545501709,80.2738189697,67574,67584,10
13.0550003052,80.2738265991,67584,67594,10
13.0553598404,80.2738723755,67594,67604,10
13.0557098389,80.2738800049,67604,67614,10
13.0559997559,80.2739334106,67614,67624,10
13.0562496185,80.2739486694,67624,67634,10
13.056520462,80.2739868164,67634,67644,10
13.0568199158,80.2740097046,67644,67655,11
13.0573196411,80.2740325928,67655,67675,20
13.0576496124,80.2740783691,67675,67705,30
13.0576496124,80.2740783691,67705,67715,10
13.0580396652,80.2741317749,67715,67725,10
13.0582399368,80.2741622925,67725,67735,10
13.0584697723,80.2741775513,67735,67755,20
13.0584697723,80.2741775513,67755,67766,11
13.0588502884,80.274269104,67766,67776,10
13.058839798,80.2744293213,67776,67786,10
13.0588102341,80.2746505737,67786,67796,10
13.0587797165,80.2749404907,67796,67806,10
13.0587596893,80.2753067017,67806,67816,10
13.0586996078,80.2756881714,67816,67846,30
13.0586996078,80.2756881714,67846,67856,10
13.0586099625,80.2760391235,67856,67866,10
13.0585203171,80.2763214111,67866,67877,11
13.0583896637,80.2766571045,67877,67887,10
13.0583095551,80.2768096924,67887,67897,10
13.0582504272,80.2769927979,67897,67907,10
13.0581798553,80.2771911621,67907,67917,10
13.0581703186,80.2772216797,67917,67927,10
13.058139801,80.2773971558,67927,67937,10
13.0581102371,80.2777175903,67937,67947,10
13.0580997467,80.2777786255,67947,67957,10
13.0580596924,80.2781295776,67957,67967,10
13.0580301285,80.2784881592,67967,67977,10
13.057970047,80.2788619995,67977,67988,11
13.0579099655,80.2793197632,67988,67998,10
13.0578203201,80.2797470093,67998,68008,10
13.0577402115,80.2803268433,68008,68018,10
13.0576896667,80.2810134888,68018,68028,10
13.0575895309,80.2819366455,68028,68109,81
13.0575895309,80.2819366455,68109,68119,10
13.0576295853,80.282119751,68119,68129,10
13.0580501556,80.2821884155,68129,68139,10
13.0587797165,80.2823181152,68139,68149,10
13.0596704483,80.2825088501,68149,68159,10
13.0606603622,80.2827224731,68159,68169,10
13.0614299774,80.2828826904,68169,68179,10
13.0615701675,80.282913208,68179,68189,10
13.0615901947,80.2829208374,68189,68199,10
13.0617799759,80.2829589844,68199,68210,11
13.0621004105,80.2830429077,68210,68220,10
13.0622997284,80.2830886841,68220,68230,10
13.0624704361,80.2831192017,68230,68240,10
13.0626897812,80.2831573486,68240,68250,10
13.0630998611,80.2832565308,68250,68260,10
13.0634803772,80.2833404541,68260,68270,10
13.0636100769,80.2833480835,68270,68280,10
13.0642004013,80.283493042,68280,68290,10
13.0650196075,80.2836685181,68290,68300,10
13.0659599304,80.2838821411,68300,68310,10
13.0668897629,80.284072876,68310,68321,11
13.0675497055,80.2842025757,68321,68331,10
13.0675497055,80.2842102051,68331,68341,10
13.0675802231,80.2842178345,68341,68350,9
13.067899704,80.284286499,68350,68361,11
13.0685300827,80.2844314575,68361,68371,10
13.0693502426,80.2846298218,68371,68381,10
13.0703697205,80.2848968506,68381,68391,10
13.0714197159,80.2851486206,68391,68401,10
13.0723896027,80.2853088379,68401,68411,10
13.0730400085,80.2852478027,68411,68421,10
13.0731801987,80.2852325439,68421,68432,11
13.0734395981,80.2852478027,68432,68442,10
13.0737895966,80.2854766846,68442,68452,10
13.0739002228,80.2859191895,68452,68461,9
13.0733804703,80.2859802246,68461,68472,11
13.0726900101,80.2856216431,68472,68482,10
13.0708503723,80.2851028442,68482,68492,10
13.0708503723,80.2851028442,68492,68502,10
13.0699100494,80.284866333,68502,68512,10
13.0666904449,80.2843780518,68512,69005,493
13.0666904449,80.2843780518,69005,69015,10
13.0664396286,80.2843399048,69015,69025,10
13.0663604736,80.2843170166,69025,69035,10
13.0662002563,80.2842330933,69035,69045,10
13.0658798218,80.2840270996,69045,69055,10
13.065290451,80.2838821411,69055,69065,10
13.0643796921,80.2836685181,69065,69075,10
13.0643796921,80.2836685181,69075,69085,10
13.0640802383,80.2835922241,69085,69095,10
13.0636796951,80.2834701538,69095,69136,41
13.0627803802,80.2832489014,69136,69146,10
13.0623703003,80.2831497192,69146,69156,10
13.0619096756,80.2830581665,69156,69186,30
13.0619096756,80.2830581665,69186,69196,10
13.0614700317,80.2829666138,69196,69227,31
13.0614700317,80.2829666138,69227,69237,10
13.0612697601,80.282913208,69237,69247,10
13.0607595444,80.2828063965,69247,69257,10
13.0601701736,80.2826538086,69257,69267,10
13.0593795776,80.2824783325,69267,69277,10
13.0585298538,80.2823028564,69277,69287,10
13.0579996109,80.2822036743,69287,69307,20
13.0579996109,80.2822036743,69307,69318,11
13.057849884,80.2821731567,69318,69328,10
13.0574998856,80.2819900513,69328,69338,10
13.0575399399,80.2815475464,69338,69348,10
13.0575399399,80.2814865112,69348,69358,10
13.0576095581,80.2811126709,69358,69368,10
13.0577001572,80.2805023193,69368,69378,10
13.0577697754,80.2799072266,69378,69388,10
13.0578403473,80.2794876099,69388,69398,10
13.0579004288,80.2791900635,69398,69408,10
13.0579395294,80.2788085938,69408,69419,11
13.0580101013,80.2783584595,69419,69429,10
13.0580701828,80.2779464722,69429,69439,10
13.0581197739,80.2774963379,69439,69449,10
13.0581798553,80.2771377563,69449,69459,10
13.0582704544,80.2768707275,69459,69469,10
13.0583095551,80.2767028809,69469,69479,10
13.0584697723,80.2763137817,69479,69489,10
13.0586204529,80.2758331299,69489,69519,30
13.0586204529,80.2758331299,69519,69530,11
13.0587396622,80.2749633789,69530,69550,20
13.0587396622,80.2749633789,69550,69560,10
13.0587902069,80.2746200562,69560,69570,10
13.0588302612,80.274307251,69570,69711,141
13.0584802628,80.2741775513,69711,69822,111
13.0581102371,80.2741317749,69822,70014,192
13.0577201843,80.2741317749,70014,70054,40
13.0573301315,80.2740478516,70054,70085,31
13.0573301315,80.2740478516,70085,70095,10
13.0569801331,80.2740402222,70095,70105,10
13.0564498901,80.2739486694,70105,70115,10
13.0543699265,80.2737731934,70115,70155,40
13.0543699265,80.2737731934,70155,70175,20
13.0536003113,80.2737579346,70175,70185,10
13.0533800125,80.2737503052,70185,70196,11
13.05286026,80.2737731934,70196,70226,30
13.05286026,80.2737731934,70226,70236,10
13.052359581,80.2738800049,70236,70246,10
13.0517101288,80.2740631104,70246,70295,49
13.0513401031,80.2741928101,70295,70317,22
13.0513401031,80.2741928101,70317,70327,10
13.0509901047,80.2742385864,70327,70337,10
13.0508003235,80.2742767334,70337,70347,10
13.0507001877,80.2742996216,70347,70357,10
13.0504999161,80.2743606567,70357,70367,10
13.0502300262,80.2743988037,70367,70377,10
13.0498504639,80.2743911743,70377,70387,10
13.0494804382,80.2744598389,70387,70396,9
13.0492296219,80.2745437622,70396,70407,11
13.0489597321,80.2745819092,70407,70418,11
13.0486402512,80.2746124268,70418,70428,10
13.0484895706,80.2746276855,70428,70438,10
13.0482997894,80.2746276855,70438,70448,10
13.0479402542,80.2746200562,70448,70458,10
13.0476799011,80.2746124268,70458,70468,10
13.0473604202,80.274597168,70468,70478,10
13.0470600128,80.2745895386,70478,70498,20
13.0470600128,80.2745895386,70498,70508,10
13.0466499329,80.2745666504,70508,70519,11
13.0465097427,80.2745285034,70519,70529,10
13.0462503433,80.2744903564,70529,70539,10
13.0458297729,80.2743911743,70539,70549,10
13.0454597473,80.2743606567,70549,70559,10
13.044960022,80.2743225098,70559,70569,10
13.0442895889,80.2742767334,70569,70579,10
13.0434503555,80.2742462158,70579,70710,131
13.0434503555,80.2742462158,70710,70720,10
13.0432500839,80.2741394043,70720,70729,9
13.043390274,80.2736968994,70729,70741,12
13.0436296463,80.2727432251,70741,70751,10
13.0437698364,80.2719573975,70751,70761,10
13.043800354,80.2717819214,70761,70771,10
13.0438499451,80.2716903687,70771,70781,10
13.0439395905,80.2711715698,70781,70791,10
13.0440797806,80.270362854,70791,70801,10
13.0443201065,80.2693099976,70801,70811,10
13.0444297791,80.2686309814,70811,70821,10
13.0444602966,80.2685775757,70821,70831,10
13.0444898605,80.2683410645,70831,70841,10
13.044090271,80.2683029175,70841,70852,11
13.0433197021,80.2682571411,70852,70862,10
13.0426101685,80.2682418823,70862,70872,10
13.0419197083,80.2682495117,70872,70882,10
13.0412397385,80.2683105469,70882,70892,10
13.0410900116,80.2682800293,70892,70902,10
13.0408201218,80.2682113647,70902,70912,10
13.0403404236,80.2680587769,70912,70922,10
13.0397500992,80.2678604126,70922,70932,10
13.0392103195,80.2677536011,70932,70942,10
13.0384998322,80.2677230835,70942,70951,9
13.0377702713,80.2677078247,70951,70963,12
13.03703022,80.2676010132,70963,70973,10
13.0369796753,80.2671890259,70973,70983,10
13.0370502472,80.2666320801,70983,71003,20
13.0370502472,80.2666320801,71003,71013,10
13.0370998383,80.2664337158,71013,71023,10
13.0371999741,80.2659072876,71023,71033,10
13.0373802185,80.2651824951,71033,71043,10
13.0375204086,80.2645263672,71043,71053,10
13.0375499725,80.2640609741,71053,71063,10
13.0374898911,80.2636566162,71063,71074,11
13.0374002457,80.2630691528,71074,71084,10
13.0374002457,80.2625427246,71084,71094,10
13.0373497009,80.2620620728,71094,71104,10
13.0374298096,80.2615203857,71104,71114,10
13.0375699997,80.2608795166,71114,71124,10
13.0378799438,80.2601089478,71124,71134,10
13.0381298065,80.2596206665,71134,71144,10
13.0383996964,80.2591323853,71144,71164,20
13.0383996964,80.2591323853,71164,71174,10
13.0385704041,80.2588272095,71174,71185,11
13.038649559,80.2583770752,71185,71195,10
13.0386800766,80.2579269409,71195,71205,10
13.0386800766,80.257270813,71205,71275,70
13.0384302139,80.2570571899,71275,71316,41
13.0384302139,80.2570571899,71316,71326,10
13.0382099152,80.2569274902,71326,71336,10
13.0380001068,80.2565612793,71336,71346,10
13.0380802155,80.2561416626,71346,71366,20
13.0380802155,80.2561416626,71366,71376,10
13.0381298065,80.2557830811,71376,71385,9
13.0382204056,80.2553024292,71385,71397,12
13.0383195877,80.2543792725,71397,71407,10
13.0384302139,80.2535171509,71407,71417,10
13.0385398865,80.2526931763,71417,71427,10
13.0386600494,80.2520599365,71427,71437,10
13.0387601852,80.2515716553,71437,71447,10
13.0388097763,80.2511367798,71447,71457,10
13.0388698578,80.2506790161,71457,71467,10
13.0389003754,80.2503890991,71467,71518,51
13.0389003754,80.2503890991,71518,71528,10
13.0389204025,80.2499237061,71528,71538,10
13.0389699936,80.2495193481,71538,71548,10
13.0390501022,80.249168396,71548,71558,10
13.0391397476,80.248626709,71558,71568,10
13.0392198563,80.2479324341,71568,71578,10
13.0393199921,80.2473907471,71578,71629,51
13.0393199921,80.2473907471,71629,71639,10
13.0393600464,80.2469863892,71639,71649,10
13.0390396118,80.2469100952,71649,71659,10
13.0384597778,80.2467880249,71659,71669,10
13.0376195908,80.2466812134,71669,71679,10
13.0367603302,80.2465362549,71679,71689,10
13.0359897614,80.246421814,71689,71699,10
13.0358200073,80.2463684082,71699,71709,10
13.0355701447,80.2462081909,71709,71719,10
13.0351696014,80.2460784912,71719,71730,11
13.0350599289,80.2460479736,71730,71740,10
13.0349197388,80.2459335327,71740,71750,10
13.0347003937,80.2456588745,71750,71760,10
13.0345001221,80.2453765869,71760,71770,10
13.0340595245,80.2448577881,71770,71780,10
13.0335702896,80.2442092896,71780,71790,10
13.0329399109,80.2433929443,71790,71800,10
13.0322904587,80.2424926758,71800,71810,10
13.0317296982,80.2415618896,71810,71820,10
13.031370163,80.2407913208,71820,71830,10
13.0313196182,80.2406692505,71830,71841,11
13.0312700272,80.2405776978,71841,71851,10
13.0311403275,80.2402801514,71851,71861,10
13.0308799744,80.2397079468,71861,71871,10
13.0305204391,80.2390518188,71871,71881,10
13.0300102234,80.2381668091,71881,71891,10
13.029540062,80.2373886108,71891,71901,10
13.0292901993,80.2370834351,71901,71911,10
13.0291996002,80.2369537354,71911,71921,10
13.0291996002,80.2369384766,71921,71931,10
13.0288496017,80.236656189,71931,71941,10
13.0283298492,80.2360992432,71941,71952,11
13.0277795792,80.2353973389,71952,71962,10
13.0274496078,80.2348403931,71962,71982,20
13.0274496078,80.2348403931,71982,71992,10
13.0273599625,80.2346572876,71992,72002,10
13.0272197723,80.2344207764,72002,72012,10
13.0270996094,80.2342071533,72012,72093,81
13.0270996094,80.2342071533,72093,72103,10
13.026889801,80.2338867188,72103,72113,10
13.026720047,80.2336273193,72113,72123,10
13.0264902115,80.2332229614,72123,72133,10
13.0262298584,80.2326507568,72133,72143,10
13.0261802673,80.2325134277,72143,72153,10
13.0261001587,80.2321395874,72153,72194,41
13.0261001587,80.2321395874,72194,72204,10
13.0259199142,80.2314987183,72204,72214,10
13.0257501602,80.2308731079,72214,72224,10
13.0253200531,80.2301025391,72224,72234,10
13.0249900818,80.229637146,72234,72244,10
13.0247802734,80.2293624878,72244,72254,10
13.0244998932,80.229019165,72254,72264,10
13.0242300034,80.2286300659,72264,72275,11
13.0240297318,80.2283401489,72275,72285,10
13.0236902237,80.2279434204,72285,72295,10
13.0231599808,80.2274398804,72295,72305,10
13.0226602554,80.2270202637,72305,72315,10
13.0225801468,80.2269668579,72315,72325,10
13.0225696564,80.2269363403,72325,72335,10
13.0223798752,80.2267227173,72335,72345,10
13.0219202042,80.22631073,72345,72355,10
13.021229744,80.2257766724,72355,72365,10
13.0203695297,80.2251663208,72365,72375,10
13.0197896957,80.2247695923,72375,72396,21
13.0197896957,80.2247695923,72396,72406,10
13.0194997787,80.2245864868,72406,72416,10
13.0187797546,80.2245025635,72416,72426,10
13.0178899765,80.224861145,72426,72436,10
13.0168800354,80.2252883911,72436,72446,10
13.0160999298,80.2256088257,72446,72456,10
13.0153598785,80.2258834839,72456,72466,10
13.014749527,80.2261123657,72466,72476,10
13.0145702362,80.2261810303,72476,72486,10
13.0144701004,80.2262191772,72486,72497,11
13.0142698288,80.2263031006,72497,72507,10
13.0140600204,80.226348877,72507,72517,10
13.0135498047,80.2265625,72517,72527,10
13.0128097534,80.2268295288,72527,72537,10
13.0120296478,80.2271194458,72537,72547,10
13.0111503601,80.2274703979,72547,72557,10
13.0103302002,80.2277984619,72557,72567,10
13.0096998215,80.2279815674,72567,72577,10
13.0094203949,80.2277069092,72577,72587,10
13.0095996857,80.2272796631,72587,72597,10
13.0099201202,80.2266311646,72597,72608,11
13.0102996826,80.2257995605,72608,72618,10
13.0106296539,80.2250518799,72618,72628,10
13.0108299255,80.2245178223,72628,72638,10
13.0109596252,80.2242279053,72638,72648,10
13.0111198425,80.2238693237,72648,72658,10
13.0113401413,80.2233505249,72658,72668,10
13.0116100311,80.2226333618,72668,72678,10
13.0117797852,80.2219696045,72678,72688,10
13.0120096207,80.221496582,72688,72698,10
13.0121202469,80.2211380005,72698,72708,10
13.0119800568,80.2206802368,72708,72719,11
13.0117502213,80.2199783325,72719,72729,10
13.0115003586,80.2192001343,72729,72739,10
13.0112400055,80.2184371948,72739,72749,10
13.0109996796,80.2177429199,72749,72759,10
13.0106601715,80.2169876099,72759,72769,10
13.0102996826,80.2162704468,72769,72779,10
13.0099496841,80.2156219482,72779,72789,10
13.0096101761,80.2150421143,72789,72799,10
13.0093698502,80.2146987915,72799,72809,10
13.0092601776,80.2145614624,72809,72819,10
13.0091295242,80.2144012451,72819,72870,51
13.0089197159,80.2141113281,72870,72941,71
13.0089197159,80.2141113281,72941,72951,10
13.008649826,80.2137908936,72951,72961,10
13.0085201263,80.2136077881,72961,72971,10
13.0081596375,80.2133712769,72971,73011,40
13.0081596375,80.2133712769,73011,73021,10
13.0078697205,80.2132492065,73021,73031,10
13.0077695847,80.213142395,73031,73042,11
13.0075998306,80.2129821777,73042,73052,10
13.0071802139,80.2128295898,73052,73062,10
13.0065202713,80.2127685547,73062,73072,10
13.0059099197,80.2130279541,73072,73082,10
13.0052700043,80.2127838135,73082,73092,10
13.0046596527,80.2124099731,73092,73102,10
13.0039997101,80.2121505737,73102,73112,10
13.0036497116,80.2119979858,73112,73122,10
13.0036497116,80.2117080688,73122,73132,10
13.0036096573,80.2111129761,73132,73142,10
13.0035200119,80.2104263306,73142,73153,11
13.0034599304,80.2096710205,73153,73163,10
13.0035600662,80.2090301514,73163,73173,10
13.0038700104,80.2086486816,73173,73183,10
13.0045995712,80.2089691162,73183,73193,10
13.0053796768,80.2093276978,73193,73213,20
13.0053796768,80.2093276978,73213,73223,10
13.0055503845,80.2094268799,73223,73233,10
13.0058097839,80.2095108032,73233,73243,10
13.0061197281,80.2095794678,73243,73253,10
13.0069599152,80.2098083496,73253,73274,21
13.0069599152,80.2098083496,73274,73284,10
13.0071201324,80.2098770142,73284,73294,10
13.0074396133,80.2099304199,73294,73304,10
13.0077400208,80.2099685669,73304,73314,10
13.0080404282,80.2099914551,73314,73324,10
13.0081100464,80.209777832,73324,73334,10
13.0079603195,80.2092514038,73334,73344,10
13.0078601837,80.2085113525,73344,73354,10
13.0077400208,80.2077865601,73354,73364,10
13.007610321,80.2070617676,73364,73375,11
13.0074501038,80.2060775757,73375,73385,10
13.0071802139,80.2052993774,73385,73395,10
13.0069799423,80.204788208,73395,73405,10
13.0068101883,80.2043991089,73405,73415,10
13.0065603256,80.203918457,73415,73425,10
13.0061502457,80.2033081055,73425,73435,10
13.0058097839,80.2028274536,73435,73445,10
13.0055999756,80.2024078369,73445,73455,10
13.0051698685,80.2017822266,73455,73465,10
13.004699707,80.2014312744,73465,73475,10
13.0043497086,80.2012863159,73475,73506,31
13.0040502548,80.2011795044,73506,73546,40
13.0040502548,80.2011795044,73546,73556,10
13.0037498474,80.2009887695,73556,73566,10
13.0036201477,80.2009735107,73566,73576,10
13.0034399033,80.2009277344,73576,73586,10
13.0034198761,80.200920105,73586,73597,11
13.0031900406,80.2008285522,73597,73607,10
13.0029401779,80.2007522583,73607,73617,10
13.0026397705,80.200668335,73617,73627,10
13.0023097992,80.2005462646,73627,73637,10
13.0020303726,80.200340271,73637,73647,10
13.0018901825,80.2001495361,73647,73657,10
13.0017004013,80.1998596191,73657,73667,10
13.0016002655,80.1996002197,73667,73677,10
13.0016002655,80.1992263794,73677,73687,10
13.0016899109,80.1987075806,73687,73697,10
13.0017995834,80.1979980469,73697,73708,11
13.0018396378,80.1971435547,73708,73718,10
13.0015096664,80.1963195801,73718,73728,10
13.0011396408,80.1958312988,73728,73738,10
13.0005903244,80.1951599121,73738,73748,10
13.0000200272,80.1943817139,73748,73758,10
12.9995498657,80.1937866211,73758,73768,10
12.9992303848,80.1934280396,73768,73778,10
12.9990901947,80.1932678223,73778,73788,10
12.9988498688,80.1929626465,73788,73798,10
12.9985799789,80.1925964355,73798,73809,11
12.998290062,80.1922836304,73809,73819,10
12.9978199005,80.1925811768,73819,73829,10
12.997179985,80.1930999756,73829,73839,10
12.9968500137,80.1932830811,73839,73849,10
12.9967002869,80.1929779053,73849,73859,10
12.9965600967,80.1924667358,73859,73869,10
12.9963598251,80.1917114258,73869,73879,10
12.996430397,80.1913986206,73879,73889,10
12.9967098236,80.1910324097,73889,73920,31
12.9967098236,80.1910324097,73920,73930,10
12.996919632,80.1913299561,73930,74162,232
12.9968996048,80.1913986206,74162,75141,979
12.9968996048,80.1913986206,75141,75151,10
12.9970502853,80.1912384033,75151,75161,10
12.997209549,80.191368103,75161,75171,10
12.9971103668,80.1916809082,75171,75655,484
12.997010231,80.191619873,75655,75867,212
12.9969301224,80.1918182373,75867,77936,2069
12.9971504211,80.1918487549,77936,78430,494
12.9969701767,80.1917266846,78430,78481,51
12.9968099594,80.1915512085,78481,78572,91
12.9968099594,80.1915512085,78572,78582,10
12.9969596863,80.1916427612,78582,78854,272
12.9971199036,80.1916809082,78854,79651,797
