13.0263795853,80.2656707764,18,2078,2060
13.0263795853,80.2656707764,2078,2088,10
13.0261898041,80.2657623291,2088,2441,353
13.0261898041,80.2657623291,2441,2451,10
13.0263996124,80.2657470703,2451,4956,2505
13.0263299942,80.2659225464,4956,5431,475
13.0263204575,80.2657623291,5431,7198,1767
13.0263595581,80.2658996582,7198,7814,616
13.0264101028,80.2657775879,7814,12652,4838
13.0262098312,80.2657775879,12652,12935,283
13.0263795853,80.2657012939,12935,18055,5120
13.0263795853,80.2657012939,18055,18065,10
13.0263395309,80.2656173706,18065,18076,11
13.0263900757,80.265296936,18076,18086,10
13.0264196396,80.2649612427,18086,18096,10
13.0264797211,80.2645568848,18096,18106,10
13.0264997482,80.2644424438,18106,18116,10
13.0265302658,80.2641830444,18116,18126,10
13.0265703201,80.2638473511,18126,18136,10
13.0266103745,80.2634887695,18136,18146,10
13.02684021,80.263420105,18146,18156,10
13.0272197723,80.2634811401,18156,18166,10
13.0276899338,80.2635726929,18166,18177,11
13.0282402039,80.2637329102,18177,18187,10
13.0286903381,80.2638320923,18187,18197,10
13.0291595459,80.2639770508,18197,18207,10
13.0293703079,80.264213562,18207,18217,10
13.0293502808,80.2646026611,18217,18227,10
13.0293302536,80.2650985718,18227,18237,10
13.029299736,80.2656402588,18237,18247,10
13.0292396545,80.2661895752,18247,18257,10
13.0291404724,80.2664031982,18257,18267,10
13.0288200378,80.2663269043,18267,18277,10
13.0284099579,80.2662887573,18277,18288,11
13.0279302597,80.2662200928,18288,18298,10
13.0274600983,80.26612854,18298,18308,10
13.0269699097,80.2660827637,18308,18318,10
13.0264797211,80.2659988403,18318,18328,10
13.0261602402,80.2658996582,18328,18338,10
13.0257301331,80.2656402588,18338,18348,10
13.025270462,80.2653503418,18348,18358,10
13.0250396729,80.2651596069,18358,18368,10
13.0247001648,80.2648773193,18368,18378,10
13.0242700577,80.2645797729,18378,18389,11
13.023730278,80.2642669678,18389,18399,10
13.0232400894,80.2640075684,18399,18409,10
13.0227003098,80.263710022,18409,18419,10
13.0222196579,80.2634811401,18419,18429,10
13.0220499039,80.2633972168,18429,18439,10
13.0218000412,80.2632598877,18439,18449,10
13.0212898254,80.263092041,18449,18459,10
13.0206804276,80.2630386353,18459,18469,10
13.0201396942,80.2630081177,18469,18479,10
13.0195198059,80.2629470825,18479,18490,11
13.0190200806,80.2628631592,18490,18500,10
13.0188999176,80.2623825073,18500,18510,10
13.0188102722,80.2617492676,18510,18520,10
13.0186595917,80.2612991333,18520,18530,10
13.018239975,80.2610092163,18530,18540,10
13.0177001953,80.2606506348,18540,18550,10
13.0171203613,80.2602615356,18550,18560,10
13.0164899826,80.2598800659,18560,18570,10
13.0161399841,80.2597198486,18570,18580,10
13.0160503387,80.2596817017,18580,18591,11
13.0156497955,80.2595062256,18591,18601,10
13.015080452,80.2593612671,18601,18611,10
13.01445961,80.2593078613,18611,18621,10
13.013759613,80.2592773438,18621,18631,10
13.0129995346,80.2592391968,18631,18641,10
13.0122404099,80.2592163086,18641,18651,10
13.0114898682,80.2592010498,18651,18661,10
13.0107002258,80.2592086792,18661,18671,10
13.0098800659,80.2592315674,18671,18681,10
13.0091600418,80.2592163086,18681,18692,11
13.008769989,80.2592010498,18692,18702,10
13.0084295273,80.2592010498,18702,18712,10
13.0079202652,80.2592773438,18712,18722,10
13.0073900223,80.2591781616,18722,18732,10
13.0071697235,80.2586212158,18732,18742,10
13.0068702698,80.2580718994,18742,18752,10
13.0065603256,80.2576370239,18752,18782,30
13.0065603256,80.2576370239,18782,18793,11
13.006480217,80.2572021484,18793,18803,10
13.0064697266,80.2566604614,18803,18813,10
13.006480217,80.2559585571,18813,18823,10
13.0065002441,80.2552032471,18823,18833,10
13.0065202713,80.2544021606,18833,18843,10
13.0065002441,80.2535400391,18843,18853,10
13.0065202713,80.2527999878,18853,18863,10
13.0066204071,80.2520294189,18863,18873,10
13.006770134,80.2512512207,18873,18883,10
13.006770134,80.2503433228,18883,18894,11
13.0067396164,80.2493591309,18894,18904,10
13.0066900253,80.2484970093,18904,18914,10
13.0066404343,80.2478179932,18914,18924,10
13.0066404343,80.2474365234,18924,18934,10
13.0066604614,80.2470321655,18934,18944,10
13.0066003799,80.2465515137,18944,18954,10
13.0066604614,80.2463531494,18954,18964,10
13.0066604614,80.2459335327,18964,18974,10
13.0066604614,80.245300293,18974,18984,10
13.0066604614,80.2445678711,18984,18995,11
13.0066604614,80.2438201904,18995,19005,10
13.0066404343,80.2431793213,19005,19015,10
13.0066003799,80.2424163818,19015,19025,10
13.0066003799,80.2416000366,19025,19035,10
13.0066699982,80.2409210205,19035,19045,10
13.006770134,80.2403717041,19045,19055,10
13.0068597794,80.239906311,19055,19065,10
13.0069704056,80.2392425537,19065,19075,10
13.0071201324,80.2384719849,19075,19085,10
13.0072803497,80.2376708984,19085,19096,11
13.007399559,80.236907959,19096,19106,10
13.0074701309,80.2366104126,19106,19116,10
13.007610321,80.2361679077,19116,19126,10
13.0077495575,80.2355422974,19126,19136,10
13.0078897476,80.2348327637,19136,19146,10
13.0080404282,80.2340621948,19146,19156,10
13.0081996918,80.2332305908,19156,19166,10
13.0083503723,80.232460022,19166,19176,10
13.0085201263,80.231628418,19176,19186,10
13.0086803436,80.2307815552,19186,19197,11
13.0088596344,80.2297973633,19197,19207,10
13.0090398788,80.2289123535,19207,19217,10
13.0092201233,80.2281417847,19217,19227,10
13.0095796585,80.2273406982,19227,19237,10
13.0099496841,80.2265014648,19237,19247,10
13.0103597641,80.225692749,19247,19257,10
13.0107498169,80.2248535156,19257,19267,10
13.0111198425,80.223991394,19267,19277,10
13.0114202499,80.2232818604,19277,19287,10
13.0116701126,80.2226104736,19287,19298,11
13.0119695663,80.2217636108,19298,19308,10
13.0122203827,80.2213973999,19308,19318,10
13.0124998093,80.2216033936,19318,19328,10
13.012840271,80.2220687866,19328,19338,10
13.0133399963,80.2226715088,19338,19348,10
13.0138101578,80.2232208252,19348,19358,10
13.0142803192,80.2238082886,19358,19368,10
13.0147199631,80.2243423462,19368,19378,10
13.0151996613,80.2247695923,19378,19388,10
13.0155296326,80.2249679565,19388,19399,11
13.0155897141,80.2249984741,19399,19409,10
13.0158596039,80.2252426147,19409,19419,10
13.0163402557,80.2253265381,19419,19429,10
13.0170297623,80.225112915,19429,19439,10
13.017780304,80.2248001099,19439,19449,10
13.0185003281,80.2245101929,19449,19459,10
13.0191698074,80.2243270874,19459,19469,10
13.0197601318,80.2245101929,19469,19479,10
13.0202903748,80.2248764038,19479,19489,10
13.020819664,80.2252807617,19489,19500,11
13.0213403702,80.2256698608,19500,19510,10
13.0218296051,80.2260284424,19510,19520,10
13.0222597122,80.2263793945,19520,19530,10
13.0227804184,80.2268600464,19530,19540,10
13.0233097076,80.2273483276,19540,19550,10
13.0238800049,80.2278823853,19550,19560,10
13.0243501663,80.2284317017,19560,19570,10
13.0247001648,80.2289428711,19570,19580,10
13.0251398087,80.2295227051,19580,19590,10
13.0256004333,80.2301483154,19590,19601,11
13.0259599686,80.2309188843,19601,19611,10
13.0261297226,80.2313537598,19611,19621,10
13.0265102386,80.2312774658,19621,19631,10
13.0270595551,80.2311401367,19631,19641,10
13.0276899338,80.2309875488,19641,19651,10
13.0283403397,80.2309036255,19651,19660,9
13.028960228,80.2308425903,19660,19671,11
13.0295095444,80.2307891846,19671,19681,10
13.029999733,80.230758667,19681,19691,10
13.0305595398,80.2307128906,19691,19702,11
13.0311803818,80.2306518555,19702,19712,10
13.031829834,80.2305908203,19712,19722,10
13.032409668,80.2305526733,19722,19732,10
13.033080101,80.2304992676,19732,19742,10
13.033659935,80.23046875,19742,19752,10
13.0340299606,80.2304382324,19752,19762,10
13.0343103409,80.2304077148,19762,19772,10
13.0343904495,80.2303924561,19772,19782,10
13.0347700119,80.2303009033,19782,19792,10
13.0351295471,80.2302017212,19792,19803,11
13.0349597931,80.2303466797,19803,19813,10
13.0345697403,80.2304077148,19813,19974,161
13.034239769,80.2304763794,19974,20409,435
13.0343799591,80.2303771973,20409,20499,90
13.0343198776,80.2304382324,20499,20893,394
13.0343198776,80.2304382324,20893,20903,10
13.0340995789,80.2304000854,20903,20914,11
13.0339202881,80.230430603,20914,20924,10
13.0338401794,80.230430603,20924,20934,10
13.0335998535,80.2304382324,20934,20944,10
13.0331802368,80.2304763794,20944,20954,10
13.0326900482,80.2305221558,20954,20964,10
13.0321102142,80.2305908203,20964,20974,10
13.0314998627,80.2306594849,20974,20984,10
13.0309495926,80.2307128906,20984,20994,10
13.0304298401,80.2307510376,20994,21004,10
13.0299196243,80.2308120728,21004,21015,11
13.0298204422,80.2308425903,21015,21025,10
13.0295801163,80.2308731079,21025,21035,10
13.0291996002,80.2309112549,21035,21045,10
13.0286502838,80.2309494019,21045,21055,10
13.0281000137,80.231010437,21055,21065,10
13.0277204514,80.231086731,21065,21075,10
13.0277004242,80.2314376831,21075,21085,10
13.027759552,80.231880188,21085,21095,10
13.0278501511,80.2323379517,21095,21105,10
13.0278997421,80.2327804565,21105,21116,11
13.0273704529,80.2329177856,21116,21126,10
13.0268602371,80.2329788208,21126,21156,30
13.0268602371,80.2329788208,21156,21166,10
13.0265798569,80.233039856,21166,21176,10
13.0263395309,80.2328109741,21176,21186,10
13.0261802673,80.2322769165,21186,21196,10
13.02602005,80.2317123413,21196,21206,10
13.0258598328,80.2311019897,21206,21217,11
13.0255804062,80.2303924561,21217,21227,10
13.0252199173,80.2298278809,21227,21237,10
13.0248203278,80.2293167114,21237,21247,10
13.0245895386,80.2289962769,21247,21257,10
13.0243196487,80.2286529541,21257,21267,10
13.0240402222,80.2283477783,21267,21277,10
13.0239801407,80.2282867432,21277,21287,10
13.0237598419,80.2279815674,21287,21297,10
13.0234003067,80.2276306152,21297,21307,10
13.0230398178,80.2272491455,21307,21318,11
13.0225000381,80.2267608643,21318,21328,10
13.0219802856,80.2263031006,21328,21338,10
13.0214195251,80.2258834839,21338,21348,10
13.0208997726,80.2254562378,21348,21358,10
13.0202999115,80.2250671387,21358,21368,10
13.0198497772,80.2247924805,21368,21378,10
13.0197496414,80.2247085571,21378,21388,10
13.0193300247,80.2245178223,21388,21398,10
13.0186796188,80.2245483398,21398,21408,10
13.0180101395,80.224822998,21408,21419,11
13.0172395706,80.2251434326,21419,21429,10
13.0167102814,80.2253417969,21429,21439,10
13.0164604187,80.2253570557,21439,21449,10
13.0161800385,80.225402832,21449,21459,10
13.0158500671,80.2256164551,21459,21469,10
13.0153102875,80.2258605957,21469,21479,10
13.0144300461,80.2262420654,21479,21499,20
13.0144300461,80.2262420654,21499,21509,10
13.0141801834,80.2263412476,21509,21520,11
13.0136404037,80.2265625,21520,21530,10
13.0129804611,80.2267990112,21530,21540,10
13.0122900009,80.2270736694,21540,21550,10
13.0115404129,80.2273712158,21550,21560,10
13.0107803345,80.2276763916,21560,21570,10
13.0100402832,80.2279815674,21570,21580,10
13.0093402863,80.2283325195,21580,21590,10
13.0090999603,80.2290420532,21590,21600,10
13.0089502335,80.2298583984,21600,21610,10
13.0087995529,80.2306289673,21610,21621,11
13.008649826,80.2314224243,21621,21631,10
13.0085000992,80.232170105,21631,21641,10
13.0083599091,80.2329177856,21641,21651,10
13.0082798004,80.2334976196,21651,21661,10
13.0082702637,80.233543396,21661,21671,10
13.0081796646,80.233833313,21671,21681,10
13.0080795288,80.2342910767,21681,21691,10
13.0079698563,80.2348937988,21691,21701,10
13.0078296661,80.2355804443,21701,21711,10
13.0076799393,80.2363204956,21711,21722,11
13.0074996948,80.2371673584,21722,21732,10
13.0073604584,80.2378997803,21732,21742,10
13.0072402954,80.238571167,21742,21752,10
13.0071201324,80.2392578125,21752,21762,10
13.0069599152,80.2401504517,21762,21782,20
13.0069599152,80.2401504517,21782,21792,10
13.006939888,80.2404937744,21792,21802,10
13.0068998337,80.2407073975,21802,21812,10
13.0068397522,80.2409667969,21812,21823,11
13.0067996979,80.241569519,21823,21833,10
13.006770134,80.2422790527,21833,21843,10
13.0067396164,80.242980957,21843,21853,10
13.0067195892,80.243598938,21853,21863,10
13.0067195892,80.2443618774,21863,21873,10
13.0067396164,80.2451400757,21873,21882,9
13.0067596436,80.2457580566,21882,21893,11
13.0067796707,80.2464981079,21893,21903,10
13.0067796707,80.2472305298,21903,21913,10
13.0067596436,80.2479400635,21913,21924,11
13.0068101883,80.2487716675,21924,21934,10
13.0068998337,80.24949646,21934,21944,10
13.0068998337,80.2495803833,21944,21954,10
13.0068798065,80.2499465942,21954,21964,10
13.0068502426,80.2504882813,21964,21974,10
13.0068702698,80.2511367798,21974,21984,10
13.0067796707,80.251739502,21984,21994,10
13.0066299438,80.2524185181,21994,22004,10
13.0066003799,80.2531661987,22004,22014,10
13.0066003799,80.2540206909,22014,22024,10
13.0066404343,80.2549285889,22024,22035,11
13.0066404343,80.2559967041,22035,22045,10
13.0066404343,80.2567825317,22045,22055,10
13.0066900253,80.2572021484,22055,22075,20
13.0066900253,80.2572021484,22075,22085,10
13.0066900253,80.25730896,22085,22095,10
13.0068101883,80.2577362061,22095,22105,10
13.0071401596,80.2583007813,22105,22115,10
13.0076398849,80.2586135864,22115,22126,11
13.0076904297,80.2586364746,22126,22136,10
13.0078802109,80.2587509155,22136,22146,10
13.0083599091,80.2589187622,22146,22156,10
13.0090398788,80.2590637207,22156,22166,10
13.0098304749,80.2590637207,22166,22176,10
13.0106897354,80.2590637207,22176,22186,10
13.0115299225,80.2590408325,22186,22196,10
13.0123796463,80.2590789795,22196,22206,10
13.0132703781,80.2591171265,22206,22216,10
13.0142097473,80.2591629028,22216,22226,10
13.0151596069,80.2592010498,22226,22237,11
13.015879631,80.2593765259,22237,22247,10
13.0163602829,80.2596206665,22247,22257,10
13.016409874,80.2596817017,22257,22267,10
13.0166797638,80.2599029541,22267,22277,10
13.0171403885,80.2601928711,22277,22287,10
13.0176801682,80.260559082,22287,22297,10
13.0181999207,80.2609176636,22297,22307,10
13.0187196732,80.2612915039,22307,22317,10
13.0191402435,80.2616577148,22317,22327,10
13.019610405,80.2621002197,22327,22338,11
13.0201702118,80.2626037598,22338,22348,10
13.020529747,80.262802124,22348,22358,10
13.0211000443,80.2629623413,22358,22368,10
13.0216903687,80.263168335,22368,22378,10
13.0220804214,80.2633590698,22378,22388,10
13.0224199295,80.2635116577,22388,22398,10
13.0228900909,80.2637634277,22398,22408,10
13.0230798721,80.2638397217,22408,22418,10
13.0233001709,80.2640228271,22418,22429,11
13.0237798691,80.264289856,22429,22439,10
13.0243396759,80.2646179199,22439,22449,10
13.0248098373,80.2649917603,22449,22459,10
13.0253295898,80.2653579712,22459,22469,10
13.0258703232,80.2657089233,22469,22479,10
13.0262403488,80.2658691406,22479,22489,10
13.0263299942,80.265586853,22489,22499,10
13.0263795853,80.2651824951,22499,22509,10
13.0264396667,80.2647399902,22509,22519,10
13.0264701843,80.2644195557,22519,22529,10
13.0264997482,80.2640533447,22529,22540,11
13.0265102386,80.263999939,22540,22550,10
13.0265598297,80.2636795044,22550,22560,10
13.0266599655,80.2633972168,22560,22570,10
13.0270500183,80.2634429932,22570,22580,10
13.0274400711,80.2634963989,22580,22590,10
13.0280199051,80.2636566162,22590,22600,10
13.0282201767,80.2637176514,22600,22610,10
13.0284700394,80.2638015747,22610,22620,10
13.0289096832,80.2638931274,22620,22630,10
13.0292797089,80.2640609741,22630,22641,11
13.029299736,80.2645263672,22641,22651,10
13.0293197632,80.2651519775,22651,22661,10
13.0293197632,80.2658004761,22661,22671,10
13.0292901993,80.2660369873,22671,22681,10
13.0292596817,80.2662963867,22681,22691,10
13.0293302536,80.2665481567,22691,22701,10
13.0296802521,80.2665863037,22701,22711,10
13.0301799774,80.2666320801,22711,22721,10
13.0307998657,80.2667312622,22721,22731,10
13.0313596725,80.2668762207,22731,22742,11
13.0320501328,80.2671737671,22742,22752,10
13.0326099396,80.2674865723,22752,22762,10
13.033200264,80.2677307129,22762,22772,10
13.0334100723,80.267791748,22772,22782,10
13.0334501266,80.2678070068,22782,22792,10
13.033949852,80.267906189,22792,22832,40
13.033949852,80.267906189,22832,22843,11
13.034330368,80.2679977417,22843,22863,20
13.034330368,80.2679977417,22863,22873,10
13.0345201492,80.2679977417,22873,22883,10
13.0345497131,80.2679977417,22883,22893,10
13.0345697403,80.2681503296,22893,22903,10
13.0344400406,80.2681427002,22903,22913,10
13.0343198776,80.2680282593,22913,22923,10
13.0339899063,80.2679595947,22923,22933,10
13.0335597992,80.2678985596,22933,22974,41
13.0335597992,80.2678985596,22974,22984,10
13.033490181,80.267868042,22984,22994,10
13.0331897736,80.2677764893,22994,23004,10
13.0327396393,80.2677001953,23004,23014,10
13.0325803757,80.2675476074,23014,23024,10
13.0322504044,80.2673492432,23024,23034,10
13.031709671,80.2671127319,23034,23045,11
13.0311803818,80.2669219971,23045,23055,10
13.0306196213,80.2668075562,23055,23065,10
13.029999733,80.2667007446,23065,23075,10
13.0294904709,80.2666015625,23075,23085,10
13.029299736,80.2665634155,23085,23095,10
13.0289697647,80.2663803101,23095,23105,10
13.0284404755,80.2662811279,23105,23115,10
13.0278396606,80.2662124634,23115,23135,20
13.0278396606,80.2662124634,23135,23146,11
13.0273895264,80.2661590576,23146,23156,10
13.0269203186,80.2660980225,23156,23166,10
13.0265703201,80.2660598755,23166,23287,121
13.026309967,80.2660217285,23287,24287,1000
13.026309967,80.2660217285,24287,24297,10
13.0263299942,80.2659912109,24297,24307,10
13.0260601044,80.2658615112,24307,24317,10
13.0256795883,80.2656173706,24317,24327,10
13.0252599716,80.2653503418,24327,24337,10
13.025179863,80.2652893066,24337,24347,10
13.0251502991,80.2652511597,24347,24358,11
13.0249595642,80.2650985718,24358,24368,10
13.0246496201,80.2648696899,24368,24378,10
13.0242204666,80.264541626,24378,24388,10
13.0237197876,80.2642593384,24388,24398,10
13.0232000351,80.2639770508,24398,24408,10
13.022600174,80.2636871338,24408,24418,10
13.0220499039,80.2633895874,24418,24428,10
13.021780014,80.2632598877,24428,24438,10
13.0212497711,80.2630767822,24438,24448,10
13.0206003189,80.2630310059,24448,24459,11
13.0198802948,80.2629776001,24459,24469,10
13.0192298889,80.2629165649,24469,24479,10
13.0189504623,80.2626876831,24479,24489,10
13.0188703537,80.2621002197,24489,24499,10
13.0187797546,80.2614974976,24499,24509,10
13.0184202194,80.2611236572,24509,24519,10
13.017829895,80.2607421875,24519,24529,10
13.01720047,80.2603225708,24529,24539,10
13.0165996552,80.2599487305,24539,24549,10
13.0161504745,80.259727478,24549,24560,11
13.015999794,80.2596588135,24560,24570,10
13.0155696869,80.2594833374,24570,24580,10
13.0149297714,80.2593383789,24580,24590,10
13.0141801834,80.2593002319,24590,24600,10
13.0133800507,80.2592697144,24600,24610,10
13.0125799179,80.2592391968,24610,24620,10
13.0117902756,80.2592010498,24620,24630,10
13.0109996796,80.2591781616,24630,24640,10
13.0101995468,80.2592163086,24640,24650,10
13.0093603134,80.2592086792,24650,24661,11
13.0087995529,80.2592315674,24661,24671,10
13.008480072,80.2592163086,24671,24681,10
13.0079603195,80.2592773438,24681,24691,10
13.0074596405,80.2592773438,24691,24701,10
13.007229805,80.2587890625,24701,24711,10
13.0072202682,80.2587814331,24711,24721,10
13.0071001053,80.2585525513,24721,24731,10
13.0068702698,80.2581481934,24731,24741,10
13.0065498352,80.2576370239,24741,24802,61
13.0065498352,80.2576370239,24802,24812,10
13.0063896179,80.2574310303,24812,24822,10
13.0064096451,80.2572174072,24822,24832,10
13.0064601898,80.2567901611,24832,24842,10
13.0065002441,80.2561187744,24842,24852,10
13.0065097809,80.2553482056,24852,24863,11
13.006529808,80.2544326782,24863,24873,10
13.0065202713,80.2536621094,24873,24883,10
13.0065402985,80.2527618408,24883,24893,10
13.0066003799,80.2521972656,24893,24903,10
13.0067100525,80.251701355,24903,24913,10
13.0067996979,80.2510986328,24913,24923,10
13.0067996979,80.2504119873,24923,24933,10
13.0067796707,80.2495803833,24933,24943,10
13.0067396164,80.2487487793,24943,24953,10
13.0066699982,80.2480926514,24953,24964,11
13.0066604614,80.2478179932,24964,24974,10
13.0066404343,80.2474975586,24974,25034,60
13.0066404343,80.2474975586,25034,25044,10
13.0066299438,80.2473297119,25044,25054,10
13.0066404343,80.2469329834,25054,25064,10
13.0065898895,80.2465209961,25064,25075,11
13.0066404343,80.2463378906,25075,25085,10
13.006649971,80.2458572388,25085,25095,10
13.0066404343,80.2451782227,25095,25105,10
13.0066404343,80.2444763184,25105,25115,10
13.0066404343,80.2437667847,25115,25125,10
13.0066204071,80.2430725098,25125,25135,10
13.0066003799,80.2423019409,25135,25145,10
13.0065603256,80.2415466309,25145,25155,10
13.0065698624,80.2415237427,25155,25165,10
13.0065803528,80.2414398193,25165,25176,11
13.0066404343,80.2410583496,25176,25186,10
13.0066995621,80.2405319214,25186,25196,10
13.0068302155,80.2399215698,25196,25206,10
13.0069303513,80.2392578125,25206,25216,10
13.0070800781,80.2384872437,25216,25226,10
13.0072603226,80.2376708984,25226,25236,10
13.0073604584,80.2369613647,25236,25246,10
13.0074100494,80.2367019653,25246,25256,10
13.0075397491,80.2363433838,25256,25267,11
13.0076704025,80.2357025146,25267,25277,10
13.0078001022,80.2350234985,25277,25287,10
13.0079498291,80.2342681885,25287,25297,10
13.0081396103,80.2333831787,25297,25307,10
13.0083398819,80.2323379517,25307,25317,10
13.0085496902,80.2312774658,25317,25326,9
13.0087299347,80.2303619385,25326,25337,11
13.0089502335,80.2292785645,25337,25347,10
13.0091400146,80.2283477783,25347,25357,10
13.009469986,80.2275314331,25357,25367,10
13.0098400116,80.2267074585,25367,25378,11
13.0102996826,80.2258071899,25378,25388,10
13.0106897354,80.2249603271,25388,25398,10
13.0110197067,80.2241516113,25398,25408,10
13.0113601685,80.2232818604,25408,25428,20
13.0113601685,80.2232818604,25428,25438,10
13.0114898682,80.2229614258,25438,25448,10
13.0116901398,80.222442627,25448,25458,10
13.0119800568,80.2216567993,25458,25468,10
13.0123901367,80.2214889526,25468,25479,11
13.0127601624,80.2219924927,25479,25489,10
13.0132398605,80.2225494385,25489,25499,10
13.0137300491,80.2231063843,25499,25509,10
13.0140695572,80.2233886719,25509,25519,10
13.0143604279,80.2236862183,25519,25529,10
13.0146598816,80.2240905762,25529,25539,10
13.0151195526,80.2246170044,25539,25549,10
13.0155496597,80.2249832153,25549,25559,10
13.0156402588,80.2250900269,25559,25569,10
13.0160198212,80.2253112793,25569,25580,11
13.0167198181,80.2252426147,25580,25590,10
13.0174598694,80.224937439,25590,25600,10
13.0182199478,80.2246398926,25600,25610,10
13.0189800262,80.2243804932,25610,25620,10
13.0195198059,80.2244415283,25620,25630,10
13.019780159,80.2245635986,25630,25640,10
13.0201301575,80.224822998,25640,25650,10
13.0205802917,80.225151062,25650,25660,10
13.0210895538,80.2255401611,25660,25670,10
13.0216598511,80.2259597778,25670,25681,11
13.0218601227,80.2260818481,25681,25691,10
13.0220403671,80.2262268066,25691,25701,10
13.0223999023,80.2265625,25701,25711,10
13.0228996277,80.2269973755,25711,25721,10
13.0234203339,80.2274627686,25721,25731,10
13.0239496231,80.2279586792,25731,25741,10
13.0244197845,80.2285079956,25741,25751,10
13.0248403549,80.229133606,25751,25761,10
13.0253200531,80.2297210693,25761,25771,10
13.0256996155,80.2303237915,25771,25782,11
13.0260000229,80.2309875488,25782,25792,10
13.0261096954,80.231338501,25792,25802,10
13.0265703201,80.2312469482,25802,25812,10
13.0272302628,80.2310714722,25812,25822,10
13.0279502869,80.2309494019,25822,25832,10
13.0283899307,80.2309036255,25832,25842,10
13.0286502838,80.2308807373,25842,25852,10
13.0291595459,80.2308425903,25852,25862,10
13.0296602249,80.2307815552,25862,25872,10
13.0303001404,80.2307434082,25872,25883,11
13.0308799744,80.230682373,25883,25893,10
13.0314598083,80.2306518555,25893,25903,10
13.0321302414,80.2305908203,25903,25913,10
13.0328598022,80.2305297852,25913,25923,10
13.0336198807,80.23046875,25923,25933,10
13.0342798233,80.2304229736,25933,25943,10
13.0345401764,80.2303619385,25943,25953,10
13.0349397659,80.2302093506,25953,25973,20
13.0349397659,80.2302093506,25973,25984,11
13.0350704193,80.2300262451,25984,25994,10
13.035030365,80.2298278809,25994,26024,30
13.035030365,80.2298278809,26024,26034,10
13.0345602036,80.2297515869,26034,26196,162
13.034239769,80.2298583984,26196,26276,80
13.034239769,80.2298583984,26276,26287,11
13.0342102051,80.2301864624,26287,26317,30
13.0342102051,80.2301864624,26317,26327,10
13.0340099335,80.2304382324,26327,26337,10
13.033780098,80.2304534912,26337,26347,10
13.033490181,80.23046875,26347,26781,434
13.0334100723,80.2302474976,26781,26993,212
13.0334100723,80.2302474976,26993,27004,11
13.0331802368,80.2304534912,27004,27014,10
13.0330896378,80.2304763794,27014,27024,10
13.0329999924,80.2305374146,27024,27034,10
13.0326499939,80.2305679321,27034,27044,10
13.0321302414,80.2306137085,27044,27054,10
13.0315504074,80.2306900024,27054,27064,10
13.0309295654,80.2307434082,27064,27074,10
13.0304298401,80.2307510376,27074,27084,10
13.0298995972,80.2308120728,27084,27094,10
13.0298404694,80.2308197021,27094,27105,11
13.0296697617,80.2308273315,27105,27115,10
13.0293197632,80.2308731079,27115,27125,10
13.0288295746,80.23097229,27125,27135,10
13.0283403397,80.2310333252,27135,27145,10
13.0278501511,80.2310562134,27145,27155,10
13.0277204514,80.2313079834,27155,27165,10
13.0277795792,80.2317504883,27165,27175,10
13.0278396606,80.2322387695,27175,27185,10
13.0279302597,80.2327194214,27185,27195,10
13.0272598267,80.2329788208,27195,27226,31
13.0272598267,80.2329788208,27226,27236,10
13.0269804001,80.2330093384,27236,27246,10
13.0267496109,80.2330322266,27246,27256,10
13.0264196396,80.2329101563,27256,27266,10
13.0262403488,80.2323684692,27266,27276,10
13.0260601044,80.2316665649,27276,27286,10
13.0258798599,80.2309417725,27286,27296,10
13.0255403519,80.2302474976,27296,27307,11
13.0250902176,80.229598999,27307,27317,10
13.0247402191,80.2292175293,27317,27327,10
13.0245199203,80.2289276123,27327,27337,10
13.0240297318,80.2283630371,27337,27367,30
13.0240297318,80.2283630371,27367,27377,10
13.0238599777,80.2280883789,27377,27387,10
13.0236797333,80.2278900146,27387,27397,10
13.0234003067,80.2276306152,27397,27408,11
13.0229501724,80.2272415161,27408,27418,10
13.0225000381,80.2268066406,27418,27428,10
13.0221004486,80.2264328003,27428,27438,10
13.0217103958,80.2261199951,27438,27448,10
13.0212602615,80.225769043,27448,27458,10
13.0207595825,80.2253799438,27458,27468,10
13.0202503204,80.2250366211,27468,27478,10
13.0198402405,80.2247619629,27478,27509,31
13.0198402405,80.2247619629,27509,27519,10
13.0195102692,80.2246170044,27519,27529,10
13.0189599991,80.2245178223,27529,27539,10
13.0183200836,80.2247161865,27539,27549,10
13.0176296234,80.2249908447,27549,27559,10
13.0169296265,80.2252731323,27559,27569,10
13.0163402557,80.2255096436,27569,27579,10
13.0157804489,80.2257080078,27579,27589,10
13.0151700974,80.2259597778,27589,27599,10
13.0142803192,80.22631073,27599,27620,21
13.0142803192,80.22631073,27620,27630,10
13.0140895844,80.2263793945,27630,27640,10
13.0136699677,80.2265396118,27640,27650,10
13.0130901337,80.2267684937,27650,27660,10
13.0124702454,80.2270202637,27660,27670,10
13.0119104385,80.2272567749,27670,27680,10
13.011300087,80.2275238037,27680,27690,10
13.0106096268,80.2277908325,27690,27700,10
13.0099601746,80.2280426025,27700,27711,11
13.0092802048,80.2284698486,27711,27721,10
13.0090904236,80.2291793823,27721,27731,10
13.008939743,80.2299880981,27731,27741,10
13.0087795258,80.2307815552,27741,27751,10
13.008649826,80.2314834595,27751,27761,10
13.0085000992,80.2321777344,27761,27771,10
13.0083703995,80.2328720093,27771,27781,10
13.0083198547,80.2334213257,27781,27791,10
13.008310318,80.2334594727,27791,27801,10
13.0082302094,80.2336425781,27801,27812,11
13.0081300735,80.2340316772,27812,27822,10
13.0080299377,80.2345275879,27822,27832,10
13.0079202652,80.2350997925,27832,27842,10
13.0077800751,80.235786438,27842,27852,10
13.0076398849,80.236541748,27852,27862,10
13.0074901581,80.2373504639,27862,27872,10
13.0073299408,80.2381668091,27872,27882,10
13.0071697235,80.2389602661,27882,27892,10
13.0069904327,80.2399368286,27892,27943,51
13.0069904327,80.2399368286,27943,27953,10
13.0069999695,80.2400588989,27953,27963,10
13.0069704056,80.2403488159,27963,27973,10
13.0068998337,80.2406997681,27973,27983,10
13.0068902969,80.2406997681,27983,27993,10
13.006819725,80.2409362793,27993,28003,10
13.0067901611,80.2413024902,28003,28014,11
13.006770134,80.2419586182,28014,28024,10
13.0067596436,80.2425918579,28024,28054,30
13.0067596436,80.2425918579,28054,28064,10
13.0067396164,80.2428207397,28064,28074,10
13.0067195892,80.2430877686,28074,28084,10
13.0067195892,80.2432174683,28084,28094,10
13.0067195892,80.2435073853,28094,28104,10
13.0067195892,80.2439880371,28104,28115,11
13.0067195892,80.2445373535,28115,28125,10
13.0067396164,80.2450637817,28125,28135,10
13.0067501068,80.2454528809,28135,28145,10
13.006770134,80.2459106445,28145,28155,10
13.0067901611,80.2464599609,28155,28226,71
13.0067901611,80.2464599609,28226,28236,10
13.0067796707,80.2469100952,28236,28246,10
13.0067901611,80.2472610474,28246,28256,10
13.006770134,80.2477416992,28256,28266,10
13.006770134,80.2484130859,28266,28276,10
13.0068998337,80.2495803833,28276,28296,20
13.0068998337,80.2495803833,28296,28306,10
13.0068902969,80.2497711182,28306,28317,11
13.0068597794,80.250289917,28317,28327,10
13.0068597794,80.2509002686,28327,28337,10
13.006819725,80.2515029907,28337,28347,10
13.0066604614,80.252166748,28347,28357,10
13.0065803528,80.2529220581,28357,28367,10
13.0065603256,80.253616333,28367,28377,10
13.0065803528,80.2544174194,28377,28387,10
13.0066404343,80.2552719116,28387,28397,10
13.006649971,80.2561569214,28397,28407,10
13.0066900253,80.2572479248,28407,28458,51
13.0066900253,80.2572479248,28458,28468,10
13.0066900253,80.2574768066,28468,28478,10
13.0068502426,80.2578811646,28478,28488,10
13.0072097778,80.2583999634,28488,28498,10
13.0076799393,80.2586593628,28498,28508,10
13.0077104568,80.2586669922,28508,28519,11
13.007900238,80.2587585449,28519,28529,10
13.0082998276,80.2589263916,28529,28539,10
13.008890152,80.2590789795,28539,28549,10
13.0096197128,80.2590866089,28549,28559,10
13.0104398727,80.2590866089,28559,28569,10
13.0112800598,80.2590789795,28569,28579,10
13.0120697021,80.2590866089,28579,28589,10
13.0129203796,80.2591171265,28589,28599,10
13.0138301849,80.2591629028,28599,28609,10
13.0147800446,80.2591934204,28609,28620,11
13.0157403946,80.2593307495,28620,28630,10
13.0164804459,80.2596969604,28630,28660,30
13.0164804459,80.2596969604,28660,28670,10
13.0165996552,80.259803772,28670,28680,10
13.0167703629,80.2599334717,28680,28690,10
13.0171003342,80.2601470947,28690,28700,10
13.0175800323,80.2604904175,28700,28710,10
13.0181703568,80.2609024048,28710,28721,11
13.0188398361,80.2613677979,28721,28731,10
13.019370079,80.2618484497,28731,28741,10
13.0198402405,80.2623291016,28741,28751,10
13.0202302933,80.2626190186,28751,28761,10
13.02023983,80.2626419067,28761,28771,10
13.020409584,80.2627410889,28771,28781,10
13.0208501816,80.2629013062,28781,28791,10
13.021490097,80.2631072998,28791,28801,10
13.02202034,80.2633590698,28801,28811,10
13.0222702026,80.2634887695,28811,28822,11
13.0229301453,80.2638320923,28822,28842,20
13.0229301453,80.2638320923,28842,28852,10
13.0232801437,80.2640380859,28852,28862,10
13.0237598419,80.2642974854,28862,28872,10
13.0243701935,80.2646636963,28872,28882,10
13.0249004364,80.2650604248,28882,28892,10
13.0254497528,80.2654418945,28892,28902,10
13.0260095596,80.2657928467,28902,28912,10
13.0263299942,80.265838623,28912,28922,10
13.0263900757,80.2653884888,28922,28933,11
13.0264396667,80.2647781372,28933,28943,10
13.0265102386,80.2641372681,28943,28953,10
13.0265197754,80.2640533447,28953,28963,10
13.0265398026,80.263923645,28963,28973,10
13.0265703201,80.263633728,28973,28983,10
13.0267601013,80.263343811,28983,28993,10
13.0272197723,80.2634811401,28993,29003,10
13.0278100967,80.2636413574,29003,29013,10
13.0282402039,80.2637634277,29013,29023,10
13.0284204483,80.2638168335,29023,29034,11
13.0289201736,80.2639770508,29034,29044,10
13.0293197632,80.2641372681,29044,29054,10
13.0293197632,80.2644729614,29054,29064,10
13.0293197632,80.2649383545,29064,29074,10
13.0293302536,80.2655029297,29074,29084,10
13.029299736,80.2659072876,29084,29094,10
13.0292901993,80.2660827637,29094,29104,10
13.0292196274,80.2663269043,29104,29114,10
13.0292797089,80.2665481567,29114,29125,11
13.0296201706,80.2666091919,29125,29135,10
13.030090332,80.2666931152,29135,29145,10
13.0306596756,80.2667694092,29145,29155,10
13.0310697556,80.2668685913,29155,29165,10
13.031370163,80.2669677734,29165,29175,10
13.0318002701,80.2671279907,29175,29185,10
13.0323400497,80.2673721313,29185,29195,10
13.0328502655,80.2676773071,29195,29205,10
13.0335302353,80.267829895,29205,29226,21
13.0335302353,80.267829895,29226,29236,10
13.0337896347,80.2678985596,29236,29246,10
13.0341596603,80.2679824829,29246,29256,10
13.0345001221,80.2680206299,29256,29266,10
13.0345401764,80.2680206299,29266,29276,10
13.0345096588,80.2681732178,29276,29316,40
13.0345096588,80.2681732178,29316,29327,11
13.0340499878,80.2679672241,29327,29337,10
13.0333099365,80.2678604126,29337,29569,232
13.0333099365,80.2678604126,29569,29579,10
13.0332202911,80.2678222656,29579,29589,10
13.0329399109,80.2677536011,29589,29599,10
13.0328197479,80.2677230835,29599,29609,10
13.03262043,80.2676010132,29609,29619,10
13.0323600769,80.2674407959,29619,29629,10
13.0319404602,80.267250061,29629,29640,11
13.031539917,80.2670516968,29640,29650,10
13.0310497284,80.2668609619,29650,29660,10
13.0305099487,80.266746521,29660,29670,10
13.0300703049,80.2666778564,29670,29680,10
13.0298204422,80.2666625977,29680,29690,10
13.0298099518,80.2666625977,29690,29700,10
13.0294504166,80.2666015625,29700,29710,10
13.0291204453,80.2664413452,29710,29720,10
13.0286798477,80.2663421631,29720,29730,10
13.0282001495,80.266242981,29730,29741,11
13.0275402069,80.2661437988,29741,29751,10
13.0269603729,80.2660675049,29751,29761,10
13.0264501572,80.2659988403,29761,29771,10
13.0262203217,80.2659378052,29771,29781,10
13.0258903503,80.2657470703,29781,29791,10
13.0255002975,80.2654800415,29791,29801,10
13.0252799988,80.2653579712,29801,29811,10
13.0252399445,80.265296936,29811,29821,10
13.0250501633,80.2651519775,29821,29831,10
13.024720192,80.2649002075,29831,29842,11
13.0242204666,80.264541626,29842,29852,10
13.0236797333,80.264251709,29852,29862,10
13.023150444,80.263961792,29862,29872,10
13.0226402283,80.2637023926,29872,29892,20
13.0226402283,80.2637023926,29892,29902,10
13.0221204758,80.2634429932,29902,29922,20
13.0221204758,80.2634429932,29922,29932,10
13.0219802856,80.2633209229,29932,29943,11
13.0216503143,80.2631835938,29943,29953,10
13.0211000443,80.2630691528,29953,29963,10
13.0205202103,80.2630386353,29963,29973,10
13.020409584,80.2630386353,29973,29983,10
13.0202703476,80.2630310059,29983,29993,10
13.0200099945,80.2630233765,29993,30003,10
13.0195198059,80.2629699707,30003,30013,10
13.0190296173,80.2628707886,30013,30023,10
13.0188903809,80.2623291016,30023,30033,10
13.0187597275,80.2617797852,30033,30044,11
13.0187397003,80.2616882324,30044,30054,10
13.0187101364,80.2614135742,30054,30064,10
13.0183897018,80.2611312866,30064,30074,10
13.0179004669,80.2607803345,30074,30084,10
13.0173501968,80.2604217529,30084,30094,10
13.0167703629,80.2600479126,30094,30104,10
13.0162000656,80.2597427368,30104,30134,30
13.0162000656,80.2597427368,30134,30144,10
13.0159797668,80.2596130371,30144,30155,11
13.0155296326,80.2594528198,30155,30165,10
13.0150003433,80.2593536377,30165,30175,10
13.0144500732,80.2593002319,30175,30185,10
13.013759613,80.2592926025,30185,30195,10
13.0129995346,80.259262085,30195,30205,10
13.0122499466,80.2592315674,30205,30215,10
13.0115404129,80.2592086792,30215,30225,10
13.0108604431,80.2592086792,30225,30235,10
13.0101699829,80.259262085,30235,30246,11
13.0099000931,80.2592697144,30246,30256,10
13.0098400116,80.259262085,30256,30266,10
13.0096302032,80.259262085,30266,30276,10
13.0092496872,80.2592391968,30276,30286,10
13.0088300705,80.2592163086,30286,30296,10
13.0085296631,80.2592010498,30296,30306,10
13.0080604553,80.2592163086,30306,30316,10
13.0075502396,80.2593002319,30316,30326,10
13.0072803497,80.2588272095,30326,30336,10
13.0072097778,80.258682251,30336,30346,10
13.0071601868,80.2585830688,30346,30357,11
13.006939888,80.2582092285,30357,30367,10
13.0065803528,80.2576599121,30367,30447,80
13.0065803528,80.2576599121,30447,30458,11
13.0064897537,80.2573699951,30458,30468,10
13.0064601898,80.2569274902,30468,30478,10
13.0064697266,80.2562484741,30478,30488,10
13.006480217,80.2555236816,30488,30498,10
13.0065097809,80.2548828125,30498,30508,10
13.006480217,80.2541809082,30508,30518,10
13.006480217,80.2531814575,30518,30537,19
13.006480217,80.2531814575,30537,30548,11
13.0064897537,80.2529373169,30548,30558,10
13.0065097809,80.2524795532,30558,30569,11
13.0066204071,80.2519378662,30569,30619,50
13.0066204071,80.2519378662,30619,30629,10
13.0066900253,80.2517929077,30629,30639,10
13.0067596436,80.251373291,30639,30649,10
13.0067796707,80.2507629395,30649,30660,11
13.0067501068,80.2500915527,30660,30670,10
13.0067396164,80.2499465942,30670,30680,10
13.0067396164,80.2497177124,30680,30690,10
13.0067300797,80.2495880127,30690,30700,10
13.0067300797,80.2493133545,30700,30710,10
13.0066795349,80.2487030029,30710,30730,20
13.0066604614,80.2485275269,30730,30922,192
13.0066604614,80.2485275269,30922,30932,10
13.006649971,80.2484130859,30932,30942,10
13.0066404343,80.2482223511,30942,30952,10
13.0066204071,80.2478866577,30952,30963,11
13.0066299438,80.2473526001,30963,30973,10
13.0065803528,80.2465286255,30973,30993,20
13.0065803528,80.2465286255,30993,31003,10
13.0066099167,80.2463989258,31003,31013,10
13.0066099167,80.2460174561,31013,31023,10
13.0066003799,80.2455215454,31023,31033,10
13.0065803528,80.2450637817,31033,31043,10
13.0065603256,80.2446365356,31043,31053,10
13.0065698624,80.244468689,31053,31064,11
13.0065803528,80.2442398071,31064,31074,10
13.0065603256,80.243927002,31074,31084,10
13.0065402985,80.2435531616,31084,31094,10
13.0065402985,80.2432479858,31094,31104,10
13.006529808,80.2427978516,31104,31114,10
13.0065202713,80.2421722412,31114,31124,10
13.0065202713,80.2416992188,31124,31134,10
13.0065402985,80.2416381836,31134,31144,10
13.0065603256,80.2413711548,31144,31154,10
13.0066099167,80.2409515381,31154,31175,21
13.0066099167,80.2409515381,31175,31185,10
13.006649971,80.2406692505,31185,31195,10
13.0067100525,80.2403488159,31195,31205,10
13.0068101883,80.239906311,31205,31215,10
13.0069303513,80.2393264771,31215,31225,10
13.007060051,80.2386703491,31225,31235,10
13.0072002411,80.2379837036,31235,31245,10
13.0073604584,80.2372894287,31245,31255,10
13.0073900223,80.2368469238,31255,31266,11
13.0073900223,80.2368392944,31266,31276,10
13.0074396133,80.2367019653,31276,31286,10
13.0075502396,80.2363510132,31286,31296,10
13.0076503754,80.2359085083,31296,31306,10
13.0077600479,80.2353591919,31306,31316,10
13.0078897476,80.2347412109,31316,31326,10
13.0080299377,80.2340774536,31326,31336,10
13.008190155,80.2332992554,31336,31346,10
13.0083503723,80.232421875,31346,31356,10
13.0085296631,80.2315063477,31356,31366,10
13.0087003708,80.2306213379,31366,31377,11
13.0088796616,80.2296829224,31377,31387,10
13.0090904236,80.2286376953,31387,31397,10
13.0093603134,80.2277984619,31397,31407,10
13.0097503662,80.2269592285,31407,31417,10
13.0101299286,80.2261505127,31417,31427,10
13.0104398727,80.2255172729,31427,31437,10
13.0106096268,80.2251663208,31437,31447,10
13.0107898712,80.2247924805,31447,31457,10
13.0109996796,80.2242889404,31457,31467,10
13.0111904144,80.2238616943,31467,31478,11
13.0111999512,80.2238311768,31478,31488,10
13.0112895966,80.2235794067,31488,31498,10
13.011469841,80.2231216431,31498,31508,10
13.0116796494,80.2225494385,31508,31518,10
13.0119600296,80.2218093872,31518,31528,10
13.0122804642,80.2214279175,31528,31538,10
13.0124702454,80.2216567993,31538,31548,10
13.0127096176,80.222038269,31548,31558,10
13.0131397247,80.2224807739,31558,31568,10
13.0136203766,80.2229995728,31568,31579,11
13.0139503479,80.2232666016,31579,31589,10
13.0139598846,80.2232818604,31589,31599,10
13.0141000748,80.2234191895,31599,31609,10
13.0142803192,80.2235794067,31609,31619,10
13.0144195557,80.223739624,31619,31629,10
13.0147600174,80.2241516113,31629,31639,10
13.0151996613,80.2247467041,31639,31669,30
13.0151996613,80.2247467041,31669,31680,11
13.0155897141,80.2251434326,31680,31700,20
13.0155897141,80.2251434326,31700,31710,10
13.0158195496,80.2252426147,31710,31720,10
13.0162401199,80.2253417969,31720,31730,10
13.0167798996,80.2252197266,31730,31740,10
13.0174503326,80.2249526978,31740,31750,10
13.0181703568,80.2246627808,31750,31760,10
13.0189399719,80.2243728638,31760,31770,10
13.0197296143,80.2245101929,31770,31791,21
13.0197296143,80.2245101929,31791,31801,10
13.019900322,80.2246704102,31801,31811,10
13.0202198029,80.2249221802,31811,31821,10
13.0206804276,80.2252426147,31821,31831,10
13.0212097168,80.2256393433,31831,31841,10
13.0219802856,80.2261810303,31841,31871,30
13.0219802856,80.2261810303,31871,31882,11
13.0221796036,80.2263565063,31882,31892,10
13.0225000381,80.2266616821,31892,31902,10
13.0228796005,80.2269668579,31902,31912,10
13.023059845,80.227142334,31912,31922,10
13.0231599808,80.2272567749,31922,31932,10
13.0232696533,80.2273712158,31932,31942,10
13.0234804153,80.2275695801,31942,31952,10
13.0238399506,80.2278823853,31952,31962,10
13.0241699219,80.2282333374,31962,31972,10
13.0243797302,80.2285079956,31972,31983,11
13.0246801376,80.2289428711,31983,32023,40
13.0246801376,80.2289428711,32023,32033,10
13.0248699188,80.2292098999,32033,32043,10
13.0251903534,80.229598999,32043,32053,10
13.025560379,80.2301101685,32053,32063,10
13.0259599686,80.2310180664,32063,32114,51
13.0259599686,80.2310180664,32114,32124,10
13.025970459,80.2311706543,32124,32134,10
13.0260696411,80.2314376831,32134,32144,10
13.0264997482,80.2313079834,32144,32154,10
13.0270996094,80.2311325073,32154,32164,10
13.0277900696,80.2309799194,32164,32174,10
13.0284700394,80.2309036255,32174,32195,21
13.0284700394,80.2309036255,32195,32205,10
13.0288000107,80.2308502197,32205,32215,10
13.0293197632,80.2307815552,32215,32225,10
13.0296802521,80.230758667,32225,32235,10
13.0301198959,80.23072052,32235,32245,10
13.0304203033,80.2306976318,32245,32255,10
13.03083992,80.2306671143,32255,32265,10
13.0313596725,80.2306365967,32265,32275,10
13.0319299698,80.2305984497,32275,32285,10
13.0324296951,80.2305374146,32285,32296,11
13.0331096649,80.2304916382,32296,32306,10
13.0333003998,80.23046875,32306,32316,10
13.0335903168,80.2304611206,32316,32326,10
13.0339403152,80.2304382324,32326,32336,10
13.0343103409,80.2304077148,32336,32346,10
13.0347003937,80.2302780151,32346,32417,71
13.0347003937,80.2302780151,32417,32427,10
13.0348901749,80.2302017212,32427,32437,10
13.0350599289,80.2300567627,32437,32447,10
13.0350399017,80.2298126221,32447,32457,10
13.0347204208,80.2297973633,32457,32467,10
13.0344295502,80.2297592163,32467,32498,31
13.0344295502,80.2297592163,32498,32508,10
13.0342197418,80.2297821045,32508,32588,80
13.0342197418,80.2297821045,32588,32599,11
13.0342197418,80.2300415039,32599,32609,10
13.034239769,80.230178833,32609,32619,10
13.0342102051,80.2303466797,32619,32649,30
13.0342102051,80.2303466797,32649,32659,10
13.0338401794,80.2304382324,32659,32689,30
13.0338401794,80.2304382324,32689,32700,11
13.033659935,80.2303924561,32700,32710,10
13.0334596634,80.2304077148,32710,32720,10
13.0334501266,80.2304077148,32720,32730,10
13.0332298279,80.2304229736,32730,32740,10
13.032790184,80.23046875,32740,32750,10
13.0322303772,80.2305526733,32750,32760,10
13.0315704346,80.2306137085,32760,32770,10
13.0309295654,80.230682373,32770,32780,10
13.0304803848,80.2307434082,32780,32790,10
13.0303497314,80.230758667,32790,32801,11
13.0301198959,80.2307662964,32801,32811,10
13.029800415,80.2308425903,32811,32851,40
13.029800415,80.2308425903,32851,32861,10
13.0296096802,80.2307891846,32861,32871,10
13.0292797089,80.2308807373,32871,32881,10
13.0288600922,80.2309417725,32881,32891,10
13.0283603668,80.2310180664,32891,32901,10
13.0278396606,80.2311019897,32901,32912,11
13.0277500153,80.2313995361,32912,32922,10
13.027759552,80.2318267822,32922,32932,10
13.0278596878,80.2325515747,32932,32982,50
13.0278596878,80.2325515747,32982,32992,10
13.0278301239,80.2328567505,32992,33003,11
13.0275402069,80.2328872681,33003,33013,10
13.0272598267,80.2329177856,33013,33023,10
13.027009964,80.2329711914,33023,33114,91
13.027009964,80.2329711914,33114,33124,10
13.0266799927,80.2329788208,33124,33134,10
13.0264501572,80.2329330444,33134,33144,10
13.0262804031,80.2324981689,33144,33154,10
13.0261297226,80.2319869995,33154,33164,10
13.0259599686,80.2313308716,33164,33174,10
13.025759697,80.2306518555,33174,33184,10
13.0253696442,80.2299880981,33184,33194,10
13.0250797272,80.2295913696,33194,33204,10
13.0250396729,80.2295532227,33204,33215,11
13.0249795914,80.2294769287,33215,33225,10
13.0247802734,80.2292404175,33225,33235,10
13.0245304108,80.2288894653,33235,33245,10
13.0242795944,80.2285614014,33245,33255,10
13.0240402222,80.228302002,33255,33285,30
13.0240402222,80.228302002,33285,33295,10
13.0239095688,80.2280807495,33295,33305,10
13.0236196518,80.2277832031,33305,33346,41
13.0236196518,80.2277832031,33346,33356,10
13.0235595703,80.2277526855,33356,33366,10
13.0233602524,80.2275695801,33366,33376,10
13.0230903625,80.2272796631,33376,33386,10
13.0227298737,80.2269592285,33386,33396,10
13.0222997665,80.2265701294,33396,33406,10
13.0217504501,80.2261199951,33406,33417,11
13.021109581,80.2255935669,33417,33427,10
13.0204801559,80.2251586914,33427,33437,10
13.0199899673,80.2248535156,33437,33447,10
13.0199203491,80.2248001099,33447,33457,10
13.0197696686,80.2247009277,33457,33467,10
13.0193996429,80.2245178223,33467,33477,10
13.0187997818,80.2245178223,33477,33487,10
13.0181398392,80.2247695923,33487,33497,10
13.0174398422,80.2250518799,33497,33507,10
13.0167503357,80.2253417969,33507,33517,10
13.016169548,80.2255630493,33517,33528,11
13.0155601501,80.225769043,33528,33538,10
13.0150003433,80.2259979248,33538,33548,10
13.01445961,80.2262268066,33548,33578,30
13.01445961,80.2262268066,33578,33588,10
13.0142402649,80.226272583,33588,33598,10
13.0138702393,80.2264328003,33598,33608,10
13.0133800507,80.2266387939,33608,33618,10
13.0128002167,80.2268600464,33618,33629,11
13.0121097565,80.227142334,33629,33639,10
13.011469841,80.2273864746,33639,33649,10
13.0108098984,80.2276687622,33649,33659,10
13.0101299286,80.2279510498,33659,33669,10
13.0094900131,80.2282333374,33669,33679,10
13.0091495514,80.2287826538,33679,33689,10
13.0089998245,80.2295379639,33689,33699,10
13.0088596344,80.2302703857,33699,33709,10
13.0088100433,80.2307128906,33709,33719,10
13.008769989,80.2308502197,33719,33730,11
13.0087003708,80.2311935425,33730,33740,10
13.0086297989,80.2315216064,33740,33750,10
13.0085697174,80.2318191528,33750,33780,30
13.0085697174,80.2318191528,33780,33790,10
13.0085096359,80.2321472168,33790,33800,10
13.0084600449,80.232460022,33800,33810,10
13.0083904266,80.2327728271,33810,33820,10
13.0083398819,80.2330703735,33820,33831,11
13.0082998276,80.233543396,33831,33932,101
13.0082998276,80.233543396,33932,33942,10
13.0081501007,80.2340621948,33942,33952,10
13.0080404282,80.2346420288,33952,33992,40
13.0080404282,80.2346420288,33992,34002,10
13.0079402924,80.2350616455,34002,34012,10
13.0078802109,80.2354278564,34012,34022,10
13.0077800751,80.2359390259,34022,34033,11
13.0076799393,80.2364501953,34033,34043,10
13.0076303482,80.2366485596,34043,34053,10
13.0075702667,80.2369689941,34053,34063,10
13.0074796677,80.2373962402,34063,34073,10
13.007399559,80.2378997803,34073,34295,222
13.007399559,80.2378997803,34295,34305,10
13.0072803497,80.2382965088,34305,34315,10
13.0072402954,80.2386703491,34315,34325,10
13.0071401596,80.2391662598,34325,34335,10
13.0070104599,80.2397994995,34335,34346,11
13.0069198608,80.2404785156,34346,34356,10
13.0068502426,80.2408218384,34356,34366,10
13.0068397522,80.2408370972,34366,34376,10
13.0068302155,80.2409591675,34376,34386,10
13.0067796707,80.2412414551,34386,34396,10
13.0067300797,80.2418365479,34396,34457,61
13.0067396164,80.2422637939,34457,34477,20
13.0067396164,80.2422637939,34477,34487,10
13.0067501068,80.2426071167,34487,34497,10
13.0067195892,80.2429885864,34497,34507,10
13.0066995621,80.2431793213,34507,34517,10
13.0066900253,80.2438430786,34517,34537,20
13.0066900253,80.2438430786,34537,34548,11
13.0066995621,80.2442626953,34548,34598,50
13.0066995621,80.2442626953,34598,34608,10
13.0067396164,80.244720459,34608,34618,10
13.0067195892,80.2450408936,34618,34628,10
13.0067195892,80.2454833984,34628,34638,10
13.0067396164,80.2461013794,34638,34649,11
13.0067596436,80.2467803955,34649,34659,10
13.0067396164,80.2475204468,34659,34669,10
13.0067596436,80.248298645,34669,34679,10
13.0068101883,80.248916626,34679,34689,10
13.0068998337,80.2495422363,34689,34709,20
13.0068998337,80.2495422363,34709,34718,9
13.0069303513,80.2498168945,34718,34729,11
13.0068998337,80.2503204346,34729,34739,10
13.0068798065,80.2508773804,34739,34750,11
13.0067796707,80.251663208,34750,34760,10
13.0066604614,80.2524108887,34760,34770,10
13.0066404343,80.2532196045,34770,34780,10
13.0066299438,80.2540206909,34780,34790,10
13.0066795349,80.2546081543,34790,34800,10
13.0066795349,80.2551193237,34800,34810,10
13.0066995621,80.2558288574,34810,34820,10
13.0067100525,80.256401062,34820,34830,10
13.0067796707,80.2573394775,34830,34931,101
13.0067796707,80.2573394775,34931,34941,10
13.0068397522,80.2576828003,34941,34951,10
13.0070400238,80.2581329346,34951,34962,11
13.0075302124,80.2585983276,34962,34972,10
13.0077400208,80.258682251,34972,34982,10
13.0077800751,80.258682251,34982,34992,10
13.0080299377,80.2588195801,34992,35002,10
13.0085401535,80.2590026855,35002,35032,30
13.0085401535,80.2590026855,35032,35042,10
13.0088596344,80.2590789795,35042,35052,10
13.0091199875,80.2590713501,35052,35063,11
13.0096597672,80.2590637207,35063,35073,10
13.0103397369,80.2590637207,35073,35083,10
13.011059761,80.2590484619,35083,35093,10
13.0117998123,80.2590408325,35093,35103,10
13.0124597549,80.2590637207,35103,35113,10
13.0127296448,80.2590637207,35113,35123,10
13.0128898621,80.2590637207,35123,35133,10
13.0132198334,80.2590713501,35133,35143,10
13.0135402679,80.2590789795,35143,35153,10
13.0138196945,80.2590866089,35153,35174,21
13.0138196945,80.2590866089,35174,35184,10
13.0141000748,80.2591018677,35184,35194,10
13.0144701004,80.2591094971,35194,35204,10
13.0147304535,80.2591171265,35204,35214,10
13.0150003433,80.2591400146,35214,35224,10
13.0151996613,80.259147644,35224,35234,10
13.0152997971,80.2591629028,35234,35244,10
13.0155296326,80.2592010498,35244,35254,10
13.0157203674,80.2592697144,35254,35265,11
13.0159502029,80.2593688965,35265,35275,10
13.0162000656,80.2594985962,35275,35295,20
13.0162000656,80.2594985962,35295,35305,10
13.0162601471,80.2595596313,35305,35315,10
13.0163602829,80.2596588135,35315,35325,10
13.0165100098,80.2597732544,35325,35335,10
13.0166501999,80.2598724365,35335,35345,10
13.0167503357,80.2599487305,35345,35355,10
13.0170898438,80.2601776123,35355,35366,11
13.0174598694,80.2604370117,35366,35376,10
13.0177001953,80.260597229,35376,35386,10
13.017999649,80.2608108521,35386,35396,10
13.0182800293,80.2610168457,35396,35406,10
13.0185804367,80.2612075806,35406,35416,10
13.0188703537,80.2614593506,35416,35426,10
13.0191497803,80.2616882324,35426,35436,10
13.0195198059,80.262008667,35436,35446,10
13.0199899673,80.2624816895,35446,35456,10
13.0201702118,80.2626190186,35456,35466,10
13.02023983,80.2626571655,35466,35477,11
13.0206003189,80.2628097534,35477,35487,10
13.0211400986,80.2629776001,35487,35497,10
13.0217695236,80.2632217407,35497,35507,10
13.0221204758,80.2633895874,35507,35517,10
13.0223903656,80.2635192871,35517,35527,10
13.0225400925,80.2635879517,35527,35537,10
13.0227899551,80.2637405396,35537,35547,10
13.0228900909,80.2638092041,35547,35557,10
13.023059845,80.2639389038,35557,35567,10
13.0233697891,80.2641067505,35567,35578,11
13.0238599777,80.2643585205,35578,35588,10
13.0243997574,80.2646789551,35588,35598,10
13.0248003006,80.2649765015,35598,35608,10
13.0253400803,80.2653579712,35608,35618,10
13.025970459,80.2657470703,35618,35628,10
13.0263204575,80.2657012939,35628,35638,10
13.0263700485,80.2652435303,35638,35648,10
13.0264196396,80.2646636963,35648,35658,10
13.0264902115,80.2639923096,35658,35679,21
13.0264902115,80.2639923096,35679,35689,10
13.0265903473,80.2636184692,35689,35699,10
13.0267696381,80.2633666992,35699,35709,10
13.0272798538,80.2634735107,35709,35719,10
13.0283203125,80.2637405396,35719,35739,20
13.0283203125,80.2637405396,35739,35749,10
13.0285701752,80.2638168335,35749,35759,10
13.0290002823,80.2639389038,35759,35769,10
13.0293703079,80.2641296387,35769,35780,11
13.0293703079,80.2643890381,35780,35790,10
13.0293798447,80.2648925781,35790,35800,10
13.029299736,80.2657775879,35800,35820,20
13.029299736,80.2657775879,35820,35830,10
13.029250145,80.2661895752,35830,35840,10
13.0293598175,80.266456604,35840,35850,10
13.0297403336,80.2665405273,35850,35860,10
13.0302400589,80.2666168213,35860,35870,10
13.0308599472,80.266708374,35870,35881,11
13.0314598083,80.2669219971,35881,35891,10
13.0320100784,80.2671813965,35891,35901,10
13.0325498581,80.2674331665,35901,35911,10
13.0328998566,80.2676696777,35911,35921,10
13.0333995819,80.2677612305,35921,35961,40
13.0333995819,80.2677612305,35961,35971,10
13.0334501266,80.2678375244,35971,35981,10
13.0337896347,80.267906189,35981,35992,11
13.0342702866,80.2679901123,35992,36002,10
13.0345697403,80.2679901123,36002,36103,101
13.0345697403,80.2679901123,36103,36113,10
13.0342597961,80.2680130005,36113,36123,10
13.0339002609,80.2679367065,36123,36133,10
13.0334196091,80.267829895,36133,36143,10
13.033249855,80.2677993774,36143,36153,10
13.0331802368,80.2678222656,36153,36163,10
13.0328102112,80.2677307129,36163,36173,10
13.0325803757,80.2675476074,36173,36183,10
13.0324296951,80.2674331665,36183,36194,11
13.0319795609,80.2671890259,36194,36204,10
13.0314502716,80.2669906616,36204,36274,70
13.0314502716,80.2669906616,36274,36284,10
13.031129837,80.2668380737,36284,36295,11
13.0309495926,80.2668075562,36295,36305,10
13.0305204391,80.2667388916,36305,36315,10
13.0301198959,80.2666778564,36315,36325,10
13.0297403336,80.2666320801,36325,36335,10
13.0297298431,80.2666320801,36335,36344,9
13.0294399261,80.2666015625,36344,36355,11
13.0290603638,80.266418457,36355,36365,10
13.0284004211,80.2662734985,36365,36375,10
13.0277395248,80.2661819458,36375,36385,10
13.0267095566,80.2660827637,36385,36456,71
13.0267095566,80.2660827637,36456,36466,10
13.0264997482,80.2660293579,36466,36476,10
13.0262699127,80.2659606934,36476,36486,10
13.0260601044,80.2658615112,36486,36496,10
13.0258903503,80.2657623291,36496,36507,11
13.0255403519,80.2655181885,36507,36517,10
13.0252304077,80.2653427124,36517,36537,20
13.0252304077,80.2653427124,36537,36547,10
13.0251102448,80.2652435303,36547,36557,10
13.0248298645,80.2650222778,36557,36567,10
13.0244102478,80.2647094727,36567,36577,10
13.0238800049,80.2643585205,36577,36587,10
13.0233602524,80.2640762329,36587,36597,10
13.0228300095,80.2637710571,36597,36608,11
13.0221204758,80.2634429932,36608,36628,20
13.0221204758,80.2634429932,36628,36638,10
13.0218095779,80.2632675171,36638,36648,10
13.0214700699,80.2631225586,36648,36658,10
13.0211601257,80.2630462646,36658,36668,10
13.0206699371,80.2630233765,36668,36678,10
13.0201797485,80.2630233765,36678,36688,10
13.019659996,80.2629470825,36688,36698,10
13.0191202164,80.2628936768,36698,36709,11
13.0189399719,80.2625274658,36709,36719,10
13.0188503265,80.2619628906,36719,36729,10
13.0187196732,80.2613372803,36729,36739,10
13.0181903839,80.2609786987,36739,36749,10
13.0176000595,80.2605819702,36749,36759,10
13.0169696808,80.2601699829,36759,36769,10
13.0160598755,80.2596664429,36769,36789,20
13.0160598755,80.2596664429,36789,36799,10
13.0159101486,80.2595977783,36799,36810,11
13.0154399872,80.259437561,36810,36820,10
13.0148801804,80.2593231201,36820,36830,10
13.0142402649,80.2592926025,36830,36840,10
13.0135202408,80.259262085,36840,36850,10
13.0127601624,80.2592315674,36850,36860,10
13.0119895935,80.2592010498,36860,36870,10
13.0112304688,80.2591705322,36870,36880,10
13.0105199814,80.2591934204,36880,36890,10
13.0098800659,80.2592163086,36890,36900,10
13.0097999573,80.2592163086,36900,36911,11
13.0094604492,80.2591934204,36911,36921,10
13.0089702606,80.2591705322,36921,36931,10
13.0086698532,80.2591705322,36931,36941,10
13.0082101822,80.2591400146,36941,36951,10
13.0076704025,80.2593536377,36951,36961,10
13.007399559,80.2591094971,36961,36971,10
13.0072002411,80.2586898804,36971,36981,10
13.0071897507,80.258682251,36981,36991,10
13.0071001053,80.2584533691,36991,37001,10
13.0068798065,80.2580795288,37001,37011,10
13.0065803528,80.2576370239,37011,37133,122
13.0065803528,80.2576370239,37133,37143,10
13.0066099167,80.2573623657,37143,37153,10
13.0065603256,80.2570495605,37153,37163,10
13.0065402985,80.2566375732,37163,37173,10
13.0065402985,80.2560195923,37173,37183,10
13.0065202713,80.255279541,37183,37193,10
13.0065002441,80.2542877197,37193,37213,20
13.0065002441,80.2542877197,37213,37224,11
13.0065097809,80.2541809082,37224,37234,10
13.0065202713,80.2541427612,37234,37244,10
13.0065097809,80.2539367676,37244,37294,50
13.0065097809,80.2539367676,37294,37304,10
13.006480217,80.2537994385,37304,37314,10
13.006480217,80.2537078857,37314,37325,11
13.0065002441,80.2535324097,37325,37335,10
13.0065002441,80.2533035278,37335,37345,10
13.0065002441,80.2532196045,37345,37355,10
13.0065097809,80.2529907227,37355,37426,71
13.0065097809,80.2529907227,37426,37436,10
13.0065498352,80.2528610229,37436,37446,10
13.0065402985,80.2526016235,37446,37456,10
13.0065698624,80.2521820068,37456,37567,111
13.0065698624,80.2521820068,37567,37577,10
13.0065898895,80.2519683838,37577,37587,10
13.0066900253,80.2514801025,37587,37597,10
13.0067596436,80.2508621216,37597,37617,20
13.0067596436,80.2508621216,37617,37627,10
13.0067396164,80.2506408691,37627,37648,21
13.0067396164,80.2506408691,37648,37658,10
13.0067396164,80.2504730225,37658,37769,111
13.0067396164,80.2504730225,37769,37779,10
13.0067501068,80.2503662109,37779,37789,10
13.0067396164,80.2499389648,37789,37799,10
13.0067300797,80.24949646,37799,37809,10
13.0067195892,80.249206543,37809,37930,121
13.0067195892,80.249206543,37930,37941,11
13.0066995621,80.2488708496,37941,37951,10
13.0066604614,80.2484970093,37951,37961,10
13.006649971,80.248260498,37961,37971,10
13.0066404343,80.2480697632,37971,38082,111
13.0066404343,80.2480697632,38082,38092,10
13.0066404343,80.2479095459,38092,38102,10
13.0066404343,80.2475204468,38102,38112,10
13.0066003799,80.2465591431,38112,38132,20
13.0066003799,80.2465591431,38132,38142,10
13.0066099167,80.2465209961,38142,38153,11
13.006649971,80.2462005615,38153,38163,10
13.0066099167,80.2459030151,38163,38173,10
13.0066099167,80.2457580566,38173,38183,10
13.0066204071,80.2455978394,38183,38193,10
13.0066299438,80.2454910278,38193,38203,10
13.0066204071,80.2451782227,38203,38213,10
13.0066099167,80.2448120117,38213,38223,10
13.0066204071,80.2445602417,38223,38233,10
13.0066204071,80.2443618774,38233,38243,10
13.0066204071,80.2440414429,38243,38254,11
13.0066204071,80.2436599731,38254,38264,10
13.0066099167,80.2434692383,38264,38274,10
13.0066003799,80.2430801392,38274,38284,10
13.0065803528,80.2425308228,38284,38294,10
13.0065603256,80.2418136597,38294,38304,10
13.0065603256,80.2415313721,38304,38314,10
13.0065603256,80.2412796021,38314,38324,10
13.0065698624,80.2412414551,38324,38334,10
13.0066099167,80.2409591675,38334,38385,51
13.0066099167,80.2409591675,38385,38395,10
13.006649971,80.2408218384,38395,38405,10
13.0066995621,80.2404937744,38405,38415,10
13.0067396164,80.2403030396,38415,38425,10
13.0067996979,80.2399368286,38425,38435,10
13.0069303513,80.2393875122,38435,38445,10
13.007060051,80.2386169434,38445,38456,11
13.0072402954,80.2377166748,38456,38466,10
13.0073604584,80.2369918823,38466,38476,10
13.007399559,80.2367401123,38476,38486,10
13.0074300766,80.2366485596,38486,38496,10
13.0075397491,80.236289978,38496,38506,10
13.0076599121,80.2357711792,38506,38516,10
13.0077600479,80.2352294922,38516,38526,10
13.0078601837,80.2346878052,38526,38536,10
13.0080099106,80.2340011597,38536,38546,10
13.0081701279,80.2332382202,38546,38557,11
13.0083599091,80.2322769165,38557,38567,10
13.0085401535,80.2313537598,38567,38577,10
13.0087003708,80.2304382324,38577,38587,10
13.0088996887,80.2294387817,38587,38597,10
13.0091104507,80.2284393311,38597,38607,10
13.0093603134,80.227722168,38607,38617,10
13.0097103119,80.2269363403,38617,38627,10
13.010020256,80.2262573242,38627,38637,10
13.0103197098,80.2257080078,38637,38647,10
13.0104904175,80.225402832,38647,38657,10
13.0105800629,80.2252120972,38657,38668,11
13.0107803345,80.2247467041,38668,38678,10
13.0109996796,80.2241821289,38678,38688,10
13.0112199783,80.2236480713,38688,38698,10
13.0113801956,80.2232208252,38698,38708,10
13.0115995407,80.2226867676,38708,38718,10
13.0118503571,80.2219696045,38718,38728,10
13.012140274,80.2214126587,38728,38738,10
13.0123901367,80.2215194702,38738,38748,10
13.0126895905,80.2218780518,38748,38758,10
13.0130996704,80.2224197388,38758,38769,11
13.0136604309,80.2230377197,38769,38779,10
13.0141000748,80.2233734131,38779,38789,10
13.0142803192,80.2236328125,38789,38799,10
13.0145101547,80.2238693237,38799,38809,10
13.0148696899,80.2243118286,38809,38819,10
13.0152797699,80.2247695923,38819,38829,10
13.0153598785,80.2248382568,38829,38839,10
13.0153799057,80.2248916626,38839,38849,10
13.0155096054,80.2249832153,38849,38859,10
13.0156497955,80.2250976563,38859,38870,11
13.0161399841,80.2253417969,38870,38880,10
13.0168199539,80.225189209,38880,38890,10
13.017539978,80.224899292,38890,38900,10
13.0182800293,80.2246017456,38900,38910,10
13.0190296173,80.2243423462,38910,38920,10
13.0197401047,80.2245178223,38920,38940,20
13.0197401047,80.2245178223,38940,38950,10
13.0197601318,80.2245788574,38950,38960,10
13.0200500488,80.2248001099,38960,38971,11
13.0205602646,80.225151062,38971,38981,10
13.0211000443,80.2255325317,38981,38991,10
13.0215997696,80.2259368896,38991,39001,10
13.0219802856,80.2261734009,39001,39031,30
13.0219802856,80.2261734009,39031,39041,10
13.022069931,80.226272583,39041,39051,10
13.0223398209,80.2265014648,39051,39061,10
13.0226202011,80.2267303467,39061,39072,11
13.0229196548,80.2270126343,39072,39082,10
13.023059845,80.2271728516,39082,39112,30
13.023059845,80.2271728516,39112,39122,10
13.0232200623,80.2273635864,39122,39132,10
13.0234003067,80.2275238037,39132,39142,10
13.0236597061,80.227722168,39142,39152,10
13.023900032,80.2279205322,39152,39162,10
13.0241203308,80.2281723022,39162,39172,10
13.0243501663,80.228477478,39172,39233,61
13.0243501663,80.228477478,39233,39243,10
13.0244398117,80.2285919189,39243,39253,10
13.0246696472,80.2289505005,39253,39263,10
13.0249204636,80.2293014526,39263,39274,11
13.025349617,80.2298126221,39274,39284,10
13.0257701874,80.2304611206,39284,39344,60
13.0257701874,80.2304611206,39344,39354,10
13.0257797241,80.2305297852,39354,39364,10
13.0258798599,80.2307815552,39364,39374,10
13.0260000229,80.2311019897,39374,39385,11
13.0263004303,80.2313079834,39385,39395,10
13.0268802643,80.2311630249,39395,39405,10
13.0275802612,80.2309875488,39405,39415,10
13.0283298492,80.2309112549,39415,39425,10
13.0285902023,80.2308731079,39425,39435,10
13.0286798477,80.2308731079,39435,39445,10
13.0287799835,80.2308578491,39445,39455,10
13.028960228,80.2308502197,39455,39465,10
13.0293598175,80.2308120728,39465,39475,10
13.0298595428,80.2307662964,39475,39486,11
13.0301198959,80.2307510376,39486,39496,10
13.0305500031,80.23072052,39496,39506,10
13.0311002731,80.230682373,39506,39516,10
13.0321702957,80.2305908203,39516,39536,20
13.0321702957,80.2305908203,39536,39546,10
13.032409668,80.2305831909,39546,39556,10
13.0326795578,80.2305603027,39556,39566,10
13.032959938,80.2305374146,39566,39607,41
13.032959938,80.2305374146,39607,39617,10
13.0331201553,80.2305603027,39617,39627,10
13.033539772,80.2305221558,39627,39637,10
13.0339803696,80.23046875,39637,39647,10
13.0342102051,80.2304382324,39647,39657,10
13.0348100662,80.2302703857,39657,39698,41
13.0350198746,80.2301101685,39698,39748,50
13.0350198746,80.2301101685,39748,39758,10
13.0348796844,80.2298126221,39758,39768,10
13.0345096588,80.2297821045,39768,39900,132
13.0345096588,80.2297821045,39900,39910,10
13.0341901779,80.2302017212,39910,39930,20
13.0341901779,80.2302017212,39930,39940,10
13.0341396332,80.2303924561,39940,39950,10
13.0339803696,80.2304763794,39950,39960,10
13.0335998535,80.2304992676,39960,39980,20
13.0335998535,80.2304992676,39980,39990,10
13.0332698822,80.2305603027,39990,40001,11
13.0326900482,80.2306213379,40001,40011,10
13.0321102142,80.2306671143,40011,40021,10
13.0317401886,80.2306976318,40021,40031,10
13.0313301086,80.23072052,40031,40051,20
13.0313301086,80.23072052,40051,40061,10
13.0311498642,80.2306976318,40061,40071,10
13.0309696198,80.2307128906,40071,40081,10
13.0307397842,80.2307434082,40081,40091,10
13.0302495956,80.230796814,40091,40203,112
13.0302495956,80.230796814,40203,40213,10
13.0298900604,80.2308578491,40213,40223,10
13.0297298431,80.2308731079,40223,40233,10
13.0294504166,80.2309036255,40233,40243,10
13.0289802551,80.2309494019,40243,40253,10
13.028380394,80.2310409546,40253,40263,10
13.0278701782,80.2310714722,40263,40273,10
13.0277004242,80.2312774658,40273,40283,10
13.0277395248,80.2317276001,40283,40293,10
13.0277900696,80.2322006226,40293,40304,11
13.0278196335,80.2324295044,40304,40314,10
13.0278701782,80.2326965332,40314,40324,10
13.0275802612,80.2328262329,40324,40334,10
13.0271701813,80.2329406738,40334,40495,161
13.0271701813,80.2329406738,40495,40505,10
13.0269098282,80.2330780029,40505,40516,11
13.0267000198,80.2330703735,40516,40526,10
13.02643013,80.2330627441,40526,40536,10
13.0262403488,80.2326507568,40536,40546,10
13.0260896683,80.232093811,40546,40556,10
13.0259399414,80.2314987183,40556,40566,10
13.0257501602,80.2308807373,40566,40576,10
13.0254001617,80.2301864624,40576,40586,10
13.0249595642,80.2295684814,40586,40596,10
13.0245304108,80.2290115356,40596,40606,10
13.0239400864,80.2283172607,40606,40637,31
13.0239400864,80.2283172607,40637,40647,10
13.0237998962,80.2281417847,40647,40657,10
13.0234899521,80.2277984619,40657,40667,10
13.0230998993,80.2274093628,40667,40677,10
13.0225801468,80.2269363403,40677,40687,10
13.0220003128,80.2264175415,40687,40697,10
13.0213098526,80.2258682251,40697,40707,10
13.0206203461,80.2253494263,40707,40718,11
13.0199203491,80.2248916626,40718,40728,10
13.0197896957,80.2248001099,40728,40738,10
13.0197496414,80.2247619629,40738,40748,10
13.0194997787,80.2246170044,40748,40758,10
13.0189504623,80.2245330811,40758,40768,10
13.0182600021,80.2247314453,40768,40778,10
13.0175104141,80.2250289917,40778,40788,10
13.0167598724,80.2253417969,40788,40798,10
13.0160999298,80.2256011963,40798,40808,10
13.0154600143,80.2258224487,40808,40818,10
13.0150203705,80.2259979248,40818,40829,11
13.0149803162,80.226020813,40829,40839,10
13.014380455,80.2262573242,40839,40859,20
13.014380455,80.2262573242,40859,40869,10
13.0143499374,80.2262573242,40869,40879,10
13.0140600204,80.2263793945,40879,40889,10
13.013589859,80.2265625,40889,40899,10
13.0130300522,80.2267837524,40899,40909,10
13.0124197006,80.2269973755,40909,40919,10
13.0118503571,80.2272415161,40919,40930,11
13.011179924,80.2275009155,40930,40940,10
13.0105104446,80.2277832031,40940,40950,10
13.0098199844,80.2280578613,40950,40960,10
13.0092096329,80.2284164429,40960,40970,10
13.0090303421,80.2291870117,40970,40980,10
13.0088796616,80.2299575806,40980,40990,10
13.0087404251,80.2307128906,40990,41000,10
13.0086202621,80.2313766479,41000,41010,10
13.0084896088,80.2320632935,41010,41020,10
13.0083599091,80.2327194214,41020,41031,11
13.0082902908,80.2334365845,41031,41051,20
13.0082902908,80.2334365845,41051,41061,10
13.0082197189,80.2335968018,41061,41071,10
13.0081300735,80.2338409424,41071,41081,10
13.0080499649,80.2342376709,41081,41091,10
13.0079498291,80.2347564697,41091,41101,10
13.0078401566,80.2353515625,41101,41111,10
13.0077199936,80.2359390259,41111,41121,10
13.0076398849,80.236366272,41121,41132,11
13.0075798035,80.236656189,41132,41142,10
13.0075397491,80.2368774414,41142,41152,10
13.0074396133,80.2373428345,41152,41162,10
13.0073795319,80.2376708984,41162,41172,10
13.0073204041,80.2379989624,41172,41182,10
13.0072603226,80.238319397,41182,41192,10
13.0071496964,80.2389297485,41192,41263,71
13.0071496964,80.2389297485,41263,41273,10
13.0070896149,80.2391662598,41273,41283,10
13.0070400238,80.2395401001,41283,41293,10
13.0069303513,80.2400817871,41293,41404,111
13.0069303513,80.2400817871,41404,41414,10
13.0069904327,80.2404098511,41414,41424,10
13.0068998337,80.2408218384,41424,41434,10
13.0068998337,80.2408370972,41434,41445,11
13.0068397522,80.2410583496,41445,41455,10
13.0068101883,80.2415466309,41455,41465,10
13.0067796707,80.2421875,41465,41475,10
13.006770134,80.242729187,41475,41485,10
13.0067501068,80.2430801392,41485,41495,10
13.0067195892,80.2433929443,41495,41505,10
13.0067195892,80.2437820435,41505,41515,10
13.0067195892,80.2442169189,41515,41525,10
13.0067501068,80.2445602417,41525,41535,10
13.0067501068,80.2448806763,41535,41546,11
13.0067501068,80.245300293,41546,41556,10
13.0067501068,80.2458190918,41556,41566,10
13.0067596436,80.2464370728,41566,41576,10
13.006770134,80.2471008301,41576,41586,10
13.0067501068,80.2477416992,41586,41596,10
13.0067596436,80.2484512329,41596,41606,10
13.0068798065,80.2495498657,41606,41626,20
13.0068798065,80.2495498657,41626,41636,10
13.0068702698,80.2497787476,41636,41647,11
13.0068397522,80.2502670288,41647,41657,10
13.0068397522,80.2508392334,41657,41667,10
13.0067996979,80.2515182495,41667,41677,10
13.0066604614,80.2521820068,41677,41687,10
13.0066003799,80.2528381348,41687,41697,10
13.0065803528,80.2535476685,41697,41707,10
13.0065803528,80.2542266846,41707,41717,10
13.0066003799,80.2546920776,41717,41727,10
13.0066003799,80.2547607422,41727,41737,10
13.0066204071,80.2550735474,41737,41747,10
13.0066299438,80.2556228638,41747,41758,11
13.0066299438,80.256362915,41758,41768,10
13.0066795349,80.256980896,41768,41798,30
13.0066795349,80.256980896,41798,41808,10
13.0066795349,80.2571792603,41808,41818,10
13.0067996979,80.2576599121,41818,41828,10
13.0071201324,80.2582626343,41828,41838,10
13.0075397491,80.2585220337,41838,41848,10
13.007610321,80.2585525513,41848,41859,11
13.0077104568,80.2586212158,41859,41869,10
13.0080604553,80.2587814331,41869,41879,10
13.0085401535,80.2589569092,41879,41889,10
13.0091199875,80.2590332031,41889,41899,10
13.0098800659,80.2590637207,41899,41909,10
13.0106601715,80.2590713501,41909,41919,10
13.0114402771,80.2590637207,41919,41929,10
13.0122404099,80.2590789795,41929,41939,10
13.0131397247,80.2591171265,41939,41949,10
13.0140800476,80.259147644,41949,41960,11
13.015130043,80.2591934204,41960,41970,10
13.0158996582,80.2593765259,41970,41980,10
13.0164899826,80.2597427368,41980,42000,20
13.0164899826,80.2597427368,42000,42010,10
13.0165700912,80.2598114014,42010,42020,10
13.0168895721,80.2600402832,42020,42030,10
13.0174303055,80.2603988647,42030,42040,10
13.0180597305,80.2608108521,42040,42050,10
13.018699646,80.2612686157,42050,42061,11
13.0192298889,80.2617263794,42061,42071,10
13.0194597244,80.2619171143,42071,42081,10
13.0198297501,80.2623214722,42081,42091,10
13.020190239,80.2626037598,42091,42101,10
13.0202703476,80.2626495361,42101,42111,10
13.02064991,80.2628097534,42111,42121,10
13.0212202072,80.2629928589,42121,42131,10
13.0217199326,80.263168335,42131,42141,10
13.022310257,80.2634506226,42141,42172,31
13.022310257,80.2634506226,42172,42182,10
13.0229797363,80.2638015747,42182,42202,20
13.0229797363,80.2638015747,42202,42212,10
13.0232095718,80.2639007568,42212,42222,10
13.0235795975,80.2640914917,42222,42232,10
13.024140358,80.2644424438,42232,42242,10
13.0246200562,80.264793396,42242,42252,10
13.024939537,80.2650222778,42252,42262,10
13.0252799988,80.2652435303,42262,42273,11
13.0258598328,80.2656326294,42273,42283,10
13.026260376,80.2657318115,42283,42293,10
13.0263204575,80.2653427124,42293,42303,10
13.0263595581,80.2648620605,42303,42313,10
13.0264396667,80.2643203735,42313,42323,10
13.0264701843,80.2640762329,42323,42333,10
13.0264997482,80.2639923096,42333,42343,10
13.026550293,80.2636871338,42343,42353,10
13.0266504288,80.2634735107,42353,42363,10
13.027009964,80.2634735107,42363,42374,11
13.0276098251,80.2635421753,42374,42384,10
13.0281600952,80.2637023926,42384,42394,10
13.0282001495,80.263710022,42394,42404,10
13.028380394,80.2637863159,42404,42414,10
13.0287103653,80.2638473511,42414,42424,10
13.029129982,80.2639465332,42424,42434,10
13.0292596817,80.2641830444,42434,42444,10
13.029299736,80.2645797729,42444,42454,10
13.0293102264,80.2651519775,42454,42464,10
13.0292596817,80.2661972046,42464,42525,61
13.0292596817,80.2661972046,42525,42535,10
13.0292301178,80.2665634155,42535,42545,10
13.0293703079,80.2665863037,42545,42555,10
13.0296497345,80.2665863037,42555,42565,10
13.0299196243,80.2665863037,42565,42576,11
13.03028965,80.2666320801,42576,42586,10
13.0307197571,80.2666931152,42586,42596,10
13.0311002731,80.2667999268,42596,42606,10
13.0315599442,80.2669677734,42606,42616,10
13.0321102142,80.2672271729,42616,42626,10
13.0325803757,80.2675018311,42626,42636,10
13.0330600739,80.2676925659,42636,42646,10
13.0335197449,80.2677688599,42646,42676,30
13.0335197449,80.2677688599,42676,42687,11
13.0337896347,80.267868042,42687,42697,10
13.0344200134,80.2679519653,42697,42727,30
13.034529686,80.2681884766,42727,42767,40
13.034529686,80.2681884766,42767,42777,10
13.0343599319,80.268157959,42777,42788,11
13.033949852,80.2680435181,42788,42798,10
13.0334701538,80.2679519653,42798,42808,10
13.0328502655,80.2678527832,42808,42818,10
13.0324602127,80.2676620483,42818,42828,10
13.03221035,80.2674789429,42828,42838,10
13.0318498611,80.267250061,42838,42848,10
13.0313796997,80.2670822144,42848,42858,10
13.0304403305,80.2668304443,42858,42899,41
13.0304403305,80.2668304443,42899,42909,10
13.0298299789,80.2666625977,42909,42929,20
13.0298299789,80.2666625977,42929,42939,10
13.0295801163,80.2666091919,42939,42949,10
13.0293703079,80.2665786743,42949,42959,10
13.0291204453,80.266456604,42959,42969,10
13.0287599564,80.2664031982,42969,42979,10
13.028380394,80.2662963867,42979,42990,11
13.0277299881,80.2662277222,42990,43000,10
13.0270204544,80.2661209106,43000,43010,10
13.0264501572,80.2660369873,43010,43020,10
13.0259799957,80.2658462524,43020,43030,10
13.0252199173,80.2654037476,43030,43050,20
13.0252199173,80.2654037476,43050,43060,10
13.0250396729,80.2652435303,43060,43070,10
13.0248098373,80.2650680542,43070,43080,10
13.0244998932,80.2648162842,43080,43090,10
13.0241298676,80.2645874023,43090,43101,11
13.0235700607,80.2642593384,43101,43111,10
13.0230703354,80.2640228271,43111,43121,10
13.0225400925,80.2638015747,43121,43131,10
13.0221700668,80.2636184692,43131,43141,10
13.0221595764,80.2635803223,43141,43151,10
13.0219097137,80.2633590698,43151,43161,10
13.0215196609,80.2631912231,43161,43171,10
13.020939827,80.2630767822,43171,43181,10
13.0205001831,80.2630386353,43181,43191,10
13.0201997757,80.2630462646,43191,43202,11
13.0197696686,80.2630081177,43202,43212,10
13.0192298889,80.2629394531,43212,43222,10
13.0189504623,80.2626800537,43222,43232,10
13.0188503265,80.2621078491,43232,43242,10
13.0187397003,80.2615432739,43242,43252,10
13.0184698105,80.261177063,43252,43262,10
13.0180101395,80.2609176636,43262,43272,10
13.0174798965,80.2605514526,43272,43282,10
13.0169095993,80.2601699829,43282,43292,10
13.0160398483,80.2597122192,43292,43313,21
13.0160398483,80.2597122192,43313,43323,10
13.0157804489,80.2595825195,43323,43333,10
13.0152997971,80.2594299316,43333,43343,10
13.0147104263,80.2593536377,43343,43353,10
13.0140399933,80.2593231201,43353,43363,10
13.013299942,80.2592926025,43363,43373,10
13.0125799179,80.259262085,43373,43383,10
13.0118598938,80.2592163086,43383,43393,10
13.0111398697,80.2592086792,43393,43404,11
13.0102796555,80.259262085,43404,43414,10
13.0099000931,80.2592773438,43414,43424,10
13.0097703934,80.2592697144,43424,43434,10
13.0094404221,80.2592697144,43434,43444,10
13.0090198517,80.2592391968,43444,43454,10
13.0087299347,80.2592163086,43454,43464,10
13.0082998276,80.2591934204,43464,43474,10
13.0077600479,80.2593688965,43474,43484,10
13.0074100494,80.2590408325,43484,43494,10
13.0072402954,80.2587814331,43494,43504,10
13.007229805,80.2587585449,43504,43515,11
13.0070295334,80.2584991455,43515,43525,10
13.0067901611,80.2581100464,43525,43535,10
13.0064897537,80.2576980591,43535,43646,111
13.0064897537,80.2576980591,43646,43656,10
13.0063800812,80.2576217651,43656,43666,10
13.0062398911,80.2573699951,43666,43676,10
13.0062799454,80.256942749,43676,43686,10
13.0062599182,80.2563400269,43686,43696,10
13.0063695908,80.255569458,43696,43706,10
13.0064496994,80.2550582886,43706,43717,11
13.0064601898,80.2543869019,43717,43727,10
13.0064897537,80.2537918091,43727,43737,10
13.0065202713,80.2533035278,43737,43757,20
13.0065202713,80.2533035278,43757,43767,10
13.006529808,80.253112793,43767,43777,10
13.006529808,80.2528686523,43777,43787,10
13.0065402985,80.2526626587,43787,43797,10
13.0065803528,80.2523193359,43797,43807,10
13.0066604614,80.2518234253,43807,43818,11
13.0067100525,80.2511672974,43818,43828,10
13.0067396164,80.2503585815,43828,43838,10
13.0067501068,80.249710083,43838,43848,10
13.0067596436,80.2496871948,43848,43858,10
13.0067996979,80.2492370605,43858,43898,40
13.0067996979,80.2492370605,43898,43908,10
13.0067300797,80.2488937378,43908,43979,71
13.0067300797,80.2488937378,43979,43989,10
13.0066604614,80.2485580444,43989,43999,10
13.006649971,80.2483596802,43999,44009,10
13.0066404343,80.2480926514,44009,44020,11
13.0066299438,80.247467041,44020,44161,141
13.0066299438,80.247467041,44161,44171,10
13.0066795349,80.2473602295,44171,44181,10
13.0066795349,80.2470169067,44181,44191,10
13.0066204071,80.2464981079,44191,44201,10
13.0066299438,80.2464370728,44201,44211,10
13.0066204071,80.2463607788,44211,44221,10
13.0066099167,80.2460632324,44221,44232,11
13.0066003799,80.2456436157,44232,44242,10
13.0065803528,80.2452392578,44242,44252,10
13.0065402985,80.2447280884,44252,44262,10
13.0065402985,80.2442398071,44262,44272,10
13.0065803528,80.243888855,44272,44282,10
13.0065498352,80.2435836792,44282,44292,10
13.0065803528,80.2431030273,44292,44302,10
13.0065803528,80.2424163818,44302,44312,10
13.0066003799,80.2417068481,44312,44322,10
13.0066099167,80.2415924072,44322,44333,11
13.0065698624,80.2414169312,44333,44343,10
13.0065402985,80.2411117554,44343,44353,10
13.0065803528,80.2409515381,44353,44363,10
13.0066699982,80.2406387329,44363,44373,10
13.0068397522,80.2401428223,44373,44383,10
13.0069303513,80.2395172119,44383,44393,10
13.0070695877,80.2387313843,44393,44403,10
13.0072202682,80.2379608154,44403,44413,10
13.0073900223,80.2371826172,44413,44423,10
13.0074300766,80.2367630005,44423,44433,10
13.0074300766,80.2367477417,44433,44444,11
13.0075397491,80.2364273071,44444,44454,10
13.0076303482,80.2359771729,44454,44464,10
13.0077199936,80.2354736328,44464,44474,10
13.007809639,80.2350616455,44474,44484,10
13.007900238,80.2345504761,44484,44494,10
13.0080299377,80.2338867188,44494,44504,10
13.0082197189,80.2330703735,44504,44514,10
13.0084104538,80.2321014404,44514,44524,10
13.0086097717,80.2310714722,44524,44534,10
13.0088195801,80.2300720215,44534,44545,11
13.0090398788,80.2289962769,44545,44555,10
13.0092601776,80.2280578613,44555,44565,10
13.00963974,80.2272033691,44565,44575,10
13.010020256,80.226348877,44575,44585,10
13.0103597641,80.2256469727,44585,44595,10
13.0106801987,80.2249832153,44595,44605,10
13.0109901428,80.2242584229,44605,44615,10
13.0112800598,80.223487854,44615,44625,10
13.0115604401,80.22290802,44625,44635,10
13.0119600296,80.2221908569,44635,44646,11
13.0123796463,80.2214813232,44646,44656,10
13.0125398636,80.221572876,44656,44666,10
13.0126895905,80.2219161987,44666,44676,10
13.0129995346,80.222366333,44676,44686,10
13.013469696,80.22290802,44686,44696,10
13.0138998032,80.2232666016,44696,44706,10
13.0140399933,80.2234191895,44706,44716,10
13.0141801834,80.2235717773,44716,44726,10
13.0144395828,80.2238388062,44726,44736,10
13.0145998001,80.2241592407,44736,44747,11
13.0153198242,80.2248382568,44747,44767,20
13.0153198242,80.2248382568,44767,44777,10
13.0155696869,80.2250289917,44777,44787,10
13.015999794,80.2253036499,44787,44797,10
13.016699791,80.2252197266,44797,44807,10
13.0174198151,80.224937439,44807,44817,10
13.0181798935,80.2246170044,44817,44827,10
13.0189199448,80.224357605,44827,44837,10
13.0193099976,80.2243728638,44837,44847,10
13.0195302963,80.2244415283,44847,44858,11
13.0197496414,80.224571228,44858,44868,10
13.0200996399,80.2248306274,44868,44878,10
13.0205097198,80.2251205444,44878,44888,10
13.0207300186,80.2252807617,44888,44898,10
13.0210695267,80.2255401611,44898,44908,10
13.021780014,80.2260665894,44908,44928,20
13.021780014,80.2260665894,44928,44938,10
13.0218000412,80.2260894775,44938,44948,10
13.0220403671,80.2262878418,44948,44959,11
13.0225000381,80.2266921997,44959,44969,10
13.0230102539,80.2271575928,44969,44979,10
13.0235204697,80.2276382446,44979,44989,10
13.0239896774,80.2280883789,44989,44999,10
13.0242004395,80.228302002,44999,45009,10
13.0243997574,80.2285690308,45009,45019,10
13.0246400833,80.2289505005,45019,45029,10
13.0249004364,80.2293014526,45029,45039,10
13.0251998901,80.2296676636,45039,45049,10
13.0255804062,80.2302017212,45049,45060,11
13.0258903503,80.2308578491,45060,45080,20
13.0258903503,80.2308578491,45080,45090,10
13.0259199142,80.2310562134,45090,45120,30
13.0259199142,80.2310562134,45120,45130,10
13.0258903503,80.2311782837,45130,45140,10
13.0260000229,80.2313995361,45140,45150,10
13.0264596939,80.2312774658,45150,45161,11
13.0272302628,80.2311096191,45161,45171,10
13.027759552,80.231010437,45171,45181,10
13.0278902054,80.2310028076,45181,45191,10
13.0280504227,80.23097229,45191,45201,10
13.0283699036,80.2309417725,45201,45231,30
13.0283699036,80.2309417725,45231,45241,10
13.0287399292,80.2308731079,45241,45251,10
13.0290203094,80.2308578491,45251,45262,11
13.0294599533,80.2308197021,45262,45272,10
13.0299396515,80.2307891846,45272,45282,10
13.0305995941,80.23072052,45282,45302,20
13.0305995941,80.23072052,45302,45312,10
13.0308704376,80.2306976318,45312,45322,10
13.0313596725,80.2306594849,45322,45332,10
13.0320100784,80.2305984497,45332,45342,10
13.0326499939,80.2305526733,45342,45352,10
13.033370018,80.230506897,45352,45362,10
13.0337095261,80.2304763794,45362,45373,11
13.0338096619,80.2304992676,45373,45383,10
13.0340995789,80.23046875,45383,45393,10
13.0347604752,80.2302932739,45393,45474,81
13.0347604752,80.2302932739,45474,45484,10
13.0350399017,80.2300796509,45484,45494,10
13.0350399017,80.2298965454,45494,45504,10
13.0344200134,80.2297973633,45504,45585,81
13.0344200134,80.2297973633,45585,45595,10
13.0342102051,80.2301025391,45595,45605,10
13.0342102051,80.2301635742,45605,45615,10
13.0342102051,80.23021698,45615,45625,10
13.0341300964,80.2304229736,45625,45635,10
13.0338697433,80.2304611206,45635,45645,10
13.0332803726,80.2304992676,45645,45655,10
13.0326595306,80.2305679321,45655,45665,10
13.0321102142,80.2306289673,45665,45676,11
13.0315599442,80.230682373,45676,45686,10
13.0312900543,80.2306976318,45686,45696,10
13.030960083,80.23072052,45696,45706,10
13.0306301117,80.230758667,45706,45716,10
13.0303401947,80.2307891846,45716,45726,10
13.0299100876,80.2308425903,45726,45736,10
13.0297403336,80.2308578491,45736,45746,10
13.0293998718,80.2308807373,45746,45756,10
13.0289297104,80.2309417725,45756,45766,10
13.028260231,80.231010437,45766,45777,11
13.0277099609,80.2310791016,45777,45787,10
13.0276699066,80.2314987183,45787,45797,10
13.0276603699,80.2319335938,45797,45807,10
13.0278100967,80.2325897217,45807,45817,10
13.0272903442,80.2328491211,45817,45837,20
13.0272903442,80.2328491211,45837,45847,10
13.0270595551,80.2329177856,45847,45857,10
13.0268602371,80.232963562,45857,45867,10
13.0264797211,80.2329483032,45867,45877,10
13.0263004303,80.2325973511,45877,45888,11
13.0261898041,80.2323226929,45888,45918,30
13.0261898041,80.2323226929,45918,45928,10
13.0261802673,80.2320709229,45928,45938,10
13.0260896683,80.2317581177,45938,45948,10
13.0259599686,80.2312011719,45948,45958,10
13.0256500244,80.2304382324,45958,45968,10
13.0251197815,80.2296981812,45968,45978,10
13.0246400833,80.2290802002,45978,45989,11
13.0241699219,80.2285003662,45989,45999,10
13.0240802765,80.2284011841,45999,46009,10
13.0238399506,80.2280807495,46009,46019,10
13.0233898163,80.2276229858,46019,46029,10
13.0228395462,80.2270889282,46029,46039,10
13.0224504471,80.2267074585,46039,46049,10
13.02202034,80.2263183594,46049,46059,10
13.0215196609,80.2259368896,46059,46069,10
13.0209598541,80.2255020142,46069,46079,10
13.020359993,80.225112915,46079,46090,11
13.0202598572,80.2250595093,46090,46100,10
13.0202102661,80.2250289917,46100,46110,10
13.0199298859,80.2248382568,46110,46120,10
13.0193796158,80.2245635986,46120,46130,10
13.0186004639,80.2246170044,46130,46140,10
13.0178098679,80.224937439,46140,46150,10
13.0169696808,80.2252731323,46150,46160,10
13.0163602829,80.2255172729,46160,46170,10
13.0157804489,80.2257080078,46170,46180,10
13.0151796341,80.2259292603,46180,46190,10
13.0146999359,80.2261199951,46190,46201,11
13.0143699646,80.2262573242,46201,46211,10
13.0138301849,80.2264862061,46211,46221,10
13.0131597519,80.2267608643,46221,46231,10
13.0124797821,80.2270126343,46231,46241,10
13.0117902756,80.2273025513,46241,46251,10
13.0110397339,80.2275924683,46251,46261,10
13.0102796555,80.227897644,46261,46271,10
13.0095396042,80.2282104492,46271,46281,10
13.0091400146,80.2287826538,46281,46291,10
13.0089502335,80.2295837402,46291,46302,11
13.0087299347,80.2306289673,46302,46312,10
13.0085296631,80.2315597534,46312,46322,10
13.0083599091,80.232460022,46322,46332,10
13.0082302094,80.2331771851,46332,46342,10
13.0081195831,80.2338027954,46342,46352,10
13.0080099106,80.2343215942,46352,46362,10
13.0079603195,80.234703064,46362,46372,10
13.0079097748,80.2349700928,46372,46382,10
13.0078001022,80.2354812622,46382,46392,10
13.0076398849,80.2361831665,46392,46403,11
13.0074701309,80.2370605469,46403,46413,10
13.007349968,80.2376785278,46413,46423,10
13.007229805,80.2383575439,46423,46453,30
13.007229805,80.2383575439,46453,46463,10
13.0072097778,80.2385406494,46463,46473,10
13.0071401596,80.2388534546,46473,46483,10
13.0070400238,80.2392196655,46483,46493,10
13.0070295334,80.239440918,46493,46534,41
13.0070295334,80.239440918,46534,46544,10
13.0069904327,80.2397384644,46544,46554,10
13.0068798065,80.2401428223,46554,46564,10
13.0067996979,80.2404708862,46564,46574,10
13.0067796707,80.2405471802,46574,46584,10
13.0067501068,80.240852356,46584,46594,10
13.0066995621,80.2413635254,46594,46605,11
13.0066604614,80.2421875,46605,46615,10
13.0066604614,80.2426223755,46615,46625,10
13.0066604614,80.2428436279,46625,46635,10
13.0066299438,80.2431030273,46635,46645,10
13.0066404343,80.2433319092,46645,46655,10
13.006649971,80.2436294556,46655,46665,10
13.0066404343,80.244102478,46665,46675,10
13.0066204071,80.2444915771,46675,46685,10
13.0066404343,80.2447662354,46685,46705,20
13.0066299438,80.2449798584,46705,46746,41
13.0066299438,80.2449798584,46746,46756,10
13.0066404343,80.2453689575,46756,46766,10
13.006649971,80.2457427979,46766,46776,10
13.0066699982,80.246307373,46776,46786,10
13.0066995621,80.2470703125,46786,46796,10
13.0066900253,80.2478713989,46796,46806,10
13.0067195892,80.2486572266,46806,46817,11
13.0067596436,80.248878479,46817,46827,10
13.0067796707,80.2493515015,46827,46837,10
13.0067996979,80.2500686646,46837,46847,10
13.0068101883,80.2508392334,46847,46867,20
13.0068101883,80.2508392334,46867,46877,10
13.0067596436,80.2510528564,46877,46887,10
13.0066995621,80.2514724731,46887,46897,10
13.0065803528,80.2521133423,46897,46907,10
13.0065202713,80.2529525757,46907,46918,11
13.0065402985,80.2539825439,46918,46928,10
13.0065803528,80.2547988892,46928,46938,10
13.0065803528,80.2556762695,46938,46948,10
13.0065803528,80.2567672729,46948,47008,60
13.0065803528,80.2567672729,47008,47019,11
13.0066003799,80.2569274902,47019,47029,10
13.0066699982,80.2573394775,47029,47039,10
13.0068798065,80.2579193115,47039,47049,10
13.0072202682,80.2583618164,47049,47059,10
13.0077400208,80.258682251,47059,47069,10
13.0084600449,80.2589416504,47069,47079,10
13.0091400146,80.2590408325,47079,47089,10
13.0099201202,80.2590408325,47089,47099,10
13.0106201172,80.2590408325,47099,47109,10
13.0113401413,80.2590408325,47109,47119,10
13.012169838,80.2590484619,47119,47130,11
13.0132198334,80.2590866089,47130,47140,10
13.0142698288,80.2591400146,47140,47150,10
13.015370369,80.2592163086,47150,47160,10
13.0162296295,80.2595977783,47160,47170,10
13.0164003372,80.2596969604,47170,47180,10
13.016579628,80.2598419189,47180,47190,10
13.0169696808,80.2600784302,47190,47200,10
13.0175199509,80.2604598999,47200,47210,10
13.018119812,80.2608566284,47210,47220,10
13.0186300278,80.2612228394,47220,47231,11
13.0186901093,80.2612686157,47231,47241,10
13.0188503265,80.2614135742,47241,47251,10
13.0191698074,80.2616882324,47251,47261,10
13.0195503235,80.262046814,47261,47271,10
13.0200500488,80.2625427246,47271,47281,10
13.0207395554,80.2628326416,47281,47291,10
13.0213899612,80.2630386353,47291,47301,10
13.0218696594,80.2632522583,47301,47311,10
13.0221595764,80.2633972168,47311,47321,10
13.0225296021,80.2635879517,47321,47332,11
13.0229902267,80.2638473511,47332,47342,10
13.023440361,80.2640762329,47342,47352,10
13.0240497589,80.2644195557,47352,47362,10
13.0245704651,80.2648010254,47362,47372,10
13.024889946,80.2650375366,47372,47382,10
13.0250101089,80.2651596069,47382,47392,10
13.0252103806,80.2652893066,47392,47402,10
13.0256099701,80.2655563354,47402,47412,10
13.0260601044,80.2658233643,47412,47422,10
13.0263004303,80.2657165527,47422,47433,11
13.0263900757,80.2653808594,47433,47443,10
13.026550293,80.2654495239,47443,47453,10
13.0267400742,80.2657470703,47453,47463,10
13.0268001556,80.2659225464,47463,48382,919
13.0268001556,80.2659225464,48382,48392,10
13.0263795853,80.2660293579,48392,48432,40
13.0263795853,80.2660293579,48432,48442,10
13.0262899399,80.2658920288,48442,48452,10
13.0261201859,80.2658309937,48452,48463,11
13.0257701874,80.2656478882,48463,48473,10
13.0253896713,80.2654418945,48473,48483,10
13.0252399445,80.2653579712,48483,48493,10
13.0251398087,80.2653121948,48493,48503,10
13.0248203278,80.2650985718,48503,48513,10
13.0243196487,80.2647171021,48513,48523,10
13.0237398148,80.2643508911,48523,48533,10
13.0232601166,80.2640991211,48533,48543,10
13.0227499008,80.2637786865,48543,48553,10
13.0222597122,80.2635269165,48553,48564,11
13.02202034,80.263420105,48564,48574,10
13.0218400955,80.263343811,48574,48584,10
13.0213804245,80.2631607056,48584,48594,10
13.0207004547,80.2630691528,48594,48604,10
13.0201597214,80.2630386353,48604,48614,10
13.0195798874,80.2629776001,48614,48624,10
13.0191202164,80.2629165649,48624,48634,10
13.0189199448,80.2626037598,48634,48644,10
13.0187997818,80.2619628906,48644,48654,10
13.0187101364,80.2614593506,48654,48664,10
13.0186195374,80.2613067627,48664,48675,11
13.0183801651,80.261177063,48675,48685,10
13.018239975,80.2610931396,48685,48695,10
13.0180397034,80.2609634399,48695,48705,10
13.0177202225,80.2607574463,48705,48715,10
13.0174102783,80.2605361938,48715,48725,10
13.0172700882,80.2604370117,48725,48735,10
13.0170698166,80.2602920532,48735,48745,10
13.0166797638,80.2600479126,48745,48755,10
13.0162296295,80.2597808838,48755,48765,10
13.0162000656,80.2597579956,48765,48776,11
13.0160398483,80.2596664429,48776,48786,10
13.0156002045,80.2595214844,48786,48796,10
13.014960289,80.2593688965,48796,48806,10
13.0142498016,80.2593231201,48806,48816,10
13.0134096146,80.2592926025,48816,48826,10
13.0124702454,80.2592468262,48826,48836,10
13.0115404129,80.2592086792,48836,48846,10
13.010720253,80.2592086792,48846,48856,10
13.0098600388,80.2592391968,48856,48866,10
13.0091600418,80.2592010498,48866,48877,11
13.0087604523,80.2591781616,48877,48887,10
13.0084495544,80.2591629028,48887,48897,10
13.0079603195,80.2592163086,48897,48907,10
13.0074396133,80.259262085,48907,48917,10
13.0072002411,80.2587738037,48917,48927,10
13.0069198608,80.2582321167,48927,48937,10
13.0065603256,80.2577209473,48937,49018,81
13.0065603256,80.2577209473,49018,49028,10
13.0064296722,80.2572937012,49028,49038,10
13.0064201355,80.2569503784,49038,49048,10
13.006360054,80.2564926147,49048,49058,10
13.0064096451,80.2557907104,49058,49068,10
13.0064401627,80.2551727295,49068,49079,11
13.0064601898,80.2543411255,49079,49089,10
13.0064401627,80.2531280518,49089,49109,20
13.0064401627,80.2531280518,49109,49119,10
13.0064601898,80.2527999878,49119,49129,10
13.0065002441,80.2521209717,49129,49159,30
13.0065002441,80.2521209717,49159,49169,10
13.0065898895,80.2518234253,49169,49179,10
13.0067100525,80.2513122559,49179,49190,11
13.0067300797,80.2505111694,49190,49200,10
13.0067100525,80.2497634888,49200,49210,10
13.0066900253,80.2494125366,49210,49220,10
13.0066699982,80.2490692139,49220,49280,60
13.0066699982,80.2490692139,49280,49291,11
13.0066699982,80.2487792969,49291,49301,10
13.0066299438,80.2483596802,49301,49311,10
13.0066099167,80.2481613159,49311,49321,10
13.0066099167,80.248046875,49321,49331,10
13.0066003799,80.2477111816,49331,49341,10
13.0066003799,80.2472305298,49341,49351,10
13.0065498352,80.2466430664,49351,49361,10
13.0065498352,80.2465515137,49361,49371,10
13.0065498352,80.2465133667,49371,49381,10
13.0066204071,80.2461471558,49381,49392,11
13.0066099167,80.2454833984,49392,49402,10
13.0065803528,80.2449188232,49402,49412,10
13.0065803528,80.2448501587,49412,49422,10
13.0065898895,80.2445373535,49422,49432,10
13.0065803528,80.2440719604,49432,49442,10
13.0065603256,80.2434616089,49442,49452,10
13.0065402985,80.2428436279,49452,49462,10
13.0065097809,80.2420806885,49462,49472,10
13.0065202713,80.2416000366,49472,49482,10
13.006529808,80.2414779663,49482,49492,10
13.0065698624,80.2410507202,49492,49503,11
13.0066795349,80.2403030396,49503,49543,40
13.0066795349,80.2403030396,49543,49553,10
13.006819725,80.2399902344,49553,49562,9
13.0068998337,80.2394790649,49562,49573,11
13.0070104599,80.2386932373,49573,49583,10
13.0071802139,80.2378692627,49583,49593,10
13.0073404312,80.2370605469,49593,49604,11
13.0073699951,80.2367782593,49604,49614,10
13.0074396133,80.236541748,49614,49624,10
13.0075502396,80.2360687256,49624,49634,10
13.0076999664,80.2353897095,49634,49644,10
13.0078496933,80.23462677,49644,49653,9
13.008020401,80.2338180542,49653,49664,11
13.0082397461,80.2326583862,49664,49674,10
13.0084400177,80.2315979004,49674,49684,10
13.008600235,80.2305374146,49684,49694,10
13.0088195801,80.2294692993,49694,49705,11
13.009059906,80.2283706665,49705,49715,10
13.0094404221,80.2274627686,49715,49725,10
13.0099697113,80.2263565063,49725,49735,10
13.0103902817,80.2255325317,49735,49745,10
13.0105695724,80.2251968384,49745,49755,10
13.0106201172,80.2250823975,49755,49765,10
13.0108098984,80.2246704102,49765,49774,9
13.0110301971,80.2241592407,49774,49785,11
13.0113096237,80.2233581543,49785,49806,21
13.0113096237,80.2233581543,49806,49816,10
13.0112895966,80.223197937,49816,49826,10
13.0114002228,80.2228469849,49826,49836,10
13.0116701126,80.2222518921,49836,49846,10
13.0119800568,80.2215499878,49846,49856,10
13.0123596191,80.2214889526,49856,49866,10
13.0127601624,80.2219390869,49866,49876,10
13.0131902695,80.2224807739,49876,49886,10
13.013710022,80.2230377197,49886,49896,10
13.0142698288,80.2236785889,49896,49907,11
13.0151195526,80.2247009277,49907,49917,10
13.0151195526,80.2247009277,49917,49927,10
13.0151796341,80.2247619629,49927,49937,10
13.0154695511,80.2249679565,49937,49957,20
13.0154695511,80.2249679565,49957,49967,10
13.0156002045,80.2250595093,49967,49977,10
13.0159502029,80.2253036499,49977,49987,10
13.0166101456,80.2252578735,49987,49997,10
13.0173797607,80.2249679565,49997,50007,10
13.0181398392,80.2246627808,50007,50018,11
13.0188999176,80.2243728638,50018,50028,10
13.0194196701,80.2243423462,50028,50038,10
13.0196304321,80.2244567871,50038,50048,10
13.0198802948,80.2246322632,50048,50058,10
13.0202903748,80.2249526978,50058,50067,9
13.0206899643,80.2252426147,50067,50078,11
13.021030426,80.2255096436,50078,50088,10
13.0213499069,80.2257766724,50088,50098,10
13.0218000412,80.2260818481,50098,50108,10
13.0220003128,80.2261962891,50108,50119,11
13.0220499039,80.2262496948,50119,50129,10
13.022359848,80.2265319824,50129,50139,10
13.0228395462,80.2269363403,50139,50149,10
13.0233697891,80.2274398804,50149,50159,10
13.0239400864,80.2279815674,50159,50169,10
13.0246601105,80.2288665771,50169,50188,19
13.0246601105,80.2288665771,50188,50199,11
13.0246801376,80.2289276123,50199,50209,10
13.0249204636,80.2292785645,50209,50220,11
13.0253696442,80.2298583984,50220,50230,10
13.0257501602,80.2304611206,50230,50240,10
13.0259599686,80.23097229,50240,50250,10
13.02602005,80.2312164307,50250,50280,30
13.02602005,80.2312164307,50280,50290,10
13.0262203217,80.2313690186,50290,50300,10
13.0267095566,80.2312164307,50300,50310,10
13.0274095535,80.2310333252,50310,50320,10
13.028169632,80.2309417725,50320,50331,11
13.0284700394,80.2309036255,50331,50341,10
13.0286397934,80.2309036255,50341,50351,10
13.0291204453,80.2308502197,50351,50361,10
13.0296497345,80.2307891846,50361,50371,10
13.0302095413,80.2307510376,50371,50381,10
13.0306797028,80.2306976318,50381,50391,10
13.03125,80.2306289673,50391,50401,10
13.0318803787,80.2305984497,50401,50411,10
13.0325403214,80.2305526733,50411,50421,10
13.033249855,80.2304763794,50421,50432,11
13.0338897705,80.23046875,50432,50472,40
13.0338897705,80.23046875,50472,50482,10
13.0340099335,80.2304916382,50482,50492,10
13.0342798233,80.2304534912,50492,50502,10
13.0347003937,80.2302932739,50502,50533,31
13.0347003937,80.2302932739,50533,50543,10
13.034910202,80.23021698,50543,50553,10
13.0350704193,80.2299804688,50553,50563,10
13.0350103378,80.2298431396,50563,50573,10
13.034620285,80.2297973633,50573,50755,182
13.0342702866,80.2297897339,50755,50795,40
13.0341796875,80.2298965454,50795,50866,71
13.0341796875,80.2298965454,50866,50876,10
13.0341396332,80.2303009033,50876,50886,10
13.034040451,80.2304000854,50886,50896,10
13.0337696075,80.2304077148,50896,50906,10
13.0336198807,80.2304534912,50906,50916,10
13.033539772,80.2304763794,50916,50926,10
13.0331201553,80.2304763794,50926,50936,10
13.0324602127,80.2305526733,50936,50947,11
13.0316200256,80.2306289673,50947,50957,10
13.0308904648,80.2306900024,50957,50967,10
13.0304298401,80.2307281494,50967,50977,10
13.0299901962,80.2307815552,50977,50987,10
13.0297899246,80.2308120728,50987,50997,10
13.0296497345,80.2308273315,50997,51007,10
13.0292196274,80.2308731079,51007,51017,10
13.0286302567,80.2309417725,51017,51027,10
13.0279998779,80.2310028076,51027,51037,10
13.0276403427,80.231086731,51037,51048,11
13.027680397,80.2314376831,51048,51058,10
13.0277395248,80.231918335,51058,51068,10
13.0278596878,80.2325592041,51068,51078,10
13.0275402069,80.2328033447,51078,51088,10
13.0269498825,80.2329406738,51088,51108,20
13.0269498825,80.2329406738,51108,51118,10
13.0267601013,80.233001709,51118,51128,10
13.0264797211,80.2329864502,51128,51138,10
13.0263004303,80.2326583862,51138,51149,11
13.0261001587,80.2320098877,51149,51159,10
13.0259103775,80.2312927246,51159,51169,10
13.0256204605,80.2304534912,51169,51179,10
13.0251502991,80.2297210693,51179,51189,10
13.0247297287,80.2291870117,51189,51199,10
13.0244398117,80.2288208008,51199,51209,10
13.0239295959,80.2282409668,51209,51229,20
13.0239295959,80.2282409668,51229,51239,10
13.0237503052,80.2279891968,51239,51249,10
13.0234098434,80.2276611328,51249,51260,11
13.0229101181,80.227142334,51260,51270,10
13.0223703384,80.2266311646,51270,51280,10
13.0217504501,80.2261199951,51280,51290,10
13.021109581,80.2256317139,51290,51300,10
13.0204601288,80.2251586914,51300,51310,10
13.0198497772,80.2247695923,51310,51330,20
13.0198497772,80.2247695923,51330,51340,10
13.019780159,80.2247390747,51340,51350,10
13.0193901062,80.224571228,51350,51361,11
13.0186500549,80.224571228,51361,51371,10
13.0179004669,80.2248687744,51371,51381,10
13.0170602798,80.2252120972,51381,51391,10
13.0163097382,80.2255020142,51391,51401,10
13.0156297684,80.2257385254,51401,51411,10
13.015080452,80.2259902954,51411,51421,10
13.0146303177,80.2261734009,51421,51431,10
13.0143299103,80.2262802124,51431,51451,20
13.0143299103,80.2262802124,51451,51462,11
13.0141401291,80.2263412476,51462,51472,10
13.0137395859,80.2265014648,51472,51482,10
13.0131797791,80.2267227173,51482,51492,10
13.0124998093,80.2269821167,51492,51502,10
13.011759758,80.2272796631,51502,51512,10
13.0109701157,80.2275924683,51512,51522,10
13.0101203918,80.2279205322,51522,51532,10
13.0093202591,80.2283172607,51532,51542,10
13.009059906,80.2291488647,51542,51552,10
13.0088596344,80.2301101685,51552,51563,11
13.0086803436,80.2311096191,51563,51573,10
13.0085601807,80.2317428589,51573,51583,10
13.0084400177,80.2324295044,51583,51593,10
13.008310318,80.2331237793,51593,51603,10
13.0082302094,80.2336502075,51603,51612,9
13.0082302094,80.2336578369,51612,51623,11
13.0081300735,80.2340164185,51623,51633,10
13.0080299377,80.2344970703,51633,51643,10
13.007900238,80.235168457,51643,51653,10
13.0077295303,80.2359771729,51653,51664,11
13.0075502396,80.2369918823,51664,51674,10
13.0073795319,80.2378463745,51674,51684,10
13.0072498322,80.2385177612,51684,51694,10
13.0071201324,80.2391967773,51694,51704,10
13.0070295334,80.2396011353,51704,51764,60
13.0070295334,80.2396011353,51764,51774,10
13.0069799423,80.239982605,51774,51845,71
13.0069799423,80.239982605,51845,51855,10
13.0069599152,80.2401733398,51855,51865,10
13.0069303513,80.2404098511,51865,51876,11
13.0068397522,80.2409896851,51876,51886,10
13.0067796707,80.2417831421,51886,51896,10
13.0067501068,80.2426605225,51896,51906,10
13.0067195892,80.243637085,51906,51936,30
13.0067195892,80.243637085,51936,51946,10
13.0067195892,80.243888855,51946,51956,10
13.0067300797,80.2443771362,51956,51966,10
13.0067300797,80.2447891235,51966,51977,11
13.0066995621,80.2450485229,51977,51987,10
13.0067195892,80.2452926636,51987,51997,10
13.0067195892,80.2456130981,51997,52007,10
13.0067300797,80.2459411621,52007,52017,10
13.0067396164,80.24609375,52017,52027,10
13.0067396164,80.2464370728,52027,52037,10
13.0067596436,80.2469787598,52037,52047,10
13.0067396164,80.2476425171,52047,52057,10
13.0067596436,80.2484207153,52057,52067,10
13.0068798065,80.2496032715,52067,52088,21
13.0068798065,80.2496032715,52088,52098,10
13.0068798065,80.2498016357,52098,52108,10
13.0068597794,80.2502365112,52108,52118,10
13.0068597794,80.2508010864,52118,52128,10
13.0068597794,80.2512207031,52128,52138,10
13.0067596436,80.2517700195,52138,52148,10
13.0066299438,80.2523803711,52148,52158,10
13.0066003799,80.2529983521,52158,52168,10
13.0066003799,80.2536621094,52168,52178,10
13.0066299438,80.2545318604,52178,52188,10
13.0066404343,80.2552032471,52188,52199,11
13.0066404343,80.2559280396,52199,52209,10
13.0066604614,80.2565231323,52209,52219,10
13.0066900253,80.2568817139,52219,52239,20
13.0066900253,80.2568817139,52239,52249,10
13.0067195892,80.2572097778,52249,52259,10
13.0068597794,80.2577590942,52259,52269,10
13.0072698593,80.2583694458,52269,52279,10
13.0077199936,80.2586288452,52279,52290,11
13.0077400208,80.2586364746,52290,52300,10
13.0079803467,80.2587814331,52300,52310,10
13.0084400177,80.2589569092,52310,52320,10
13.0087099075,80.2590332031,52320,52330,10
13.0089101791,80.2590484619,52330,52340,10
13.0093603134,80.2590408325,52340,52350,10
13.0100402832,80.2590408325,52350,52360,10
13.010840416,80.2590332031,52360,52370,10
13.0117101669,80.2590332031,52370,52380,10
13.0126600266,80.2590637207,52380,52391,11
13.013759613,80.2591171265,52391,52401,10
13.0147600174,80.2591629028,52401,52411,10
13.0156202316,80.2592697144,52411,52421,10
13.0161600113,80.2594909668,52421,52431,10
13.0162096024,80.2595214844,52431,52441,10
13.0164604187,80.2596969604,52441,52451,10
13.0167398453,80.2599105835,52451,52461,10
13.0171098709,80.2601394653,52461,52471,10
13.0176401138,80.2605133057,52471,52481,10
13.018239975,80.2609329224,52481,52492,11
13.0187797546,80.2613525391,52492,52502,10
13.0191898346,80.2617111206,52502,52512,10
13.0194101334,80.2619018555,52512,52522,10
13.0196399689,80.2621231079,52522,52532,10
13.0202598572,80.2626495361,52532,52552,20
13.0202598572,80.2626495361,52552,52562,10
13.0203399658,80.2627105713,52562,52572,10
13.0207195282,80.262840271,52572,52582,10
13.0212898254,80.2630233765,52582,52593,11
13.0218801498,80.2632827759,52593,52603,10
13.0221300125,80.2634429932,52603,52613,10
13.0224704742,80.2636108398,52613,52623,10
13.0228300095,80.2637634277,52623,52633,10
13.0229797363,80.2638626099,52633,52643,10
13.0231704712,80.2639389038,52643,52653,10
13.0235700607,80.2641601563,52653,52663,10
13.0240001678,80.2643814087,52663,52673,10
13.0243196487,80.2645874023,52673,52683,10
13.0247802734,80.2648925781,52683,52693,10
13.0252399445,80.2652587891,52693,52704,11
13.0258197784,80.2656402588,52704,52714,10
13.0262203217,80.265838623,52714,52724,10
13.0263204575,80.2655410767,52724,52734,10
13.0263595581,80.2650222778,52734,52744,10
13.0265102386,80.2640533447,52744,52764,20
13.0265102386,80.2640533447,52764,52774,10
13.0265398026,80.2639465332,52774,52784,10
13.0265903473,80.2636413574,52784,52794,10
13.0266799927,80.2633666992,52794,52805,11
13.0270500183,80.2634811401,52805,52815,10
13.0276403427,80.263633728,52815,52825,10
13.0282402039,80.2638015747,52825,52835,10
13.0284004211,80.2638168335,52835,52845,10
13.0287704468,80.2639389038,52845,52855,10
13.0292196274,80.2640914917,52855,52865,10
13.0291996002,80.2642211914,52865,52875,10
13.029250145,80.2647628784,52875,52885,10
13.0292596817,80.2655029297,52885,52895,10
13.0292396545,80.2660903931,52895,52926,31
13.0292396545,80.2660903931,52926,52936,10
13.0293397903,80.2665176392,52936,52956,20
13.0293397903,80.2665176392,52956,52966,10
13.0295801163,80.2665863037,52966,52996,30
13.0299596786,80.2666625977,52996,53027,31
13.0299596786,80.2666625977,53027,53037,10
13.0302495956,80.266708374,53037,53047,10
13.0306901932,80.2667770386,53047,53057,10
13.0311603546,80.2668991089,53057,53067,10
13.0314903259,80.2670211792,53067,53077,10
13.0320100784,80.267250061,53077,53087,10
13.0325202942,80.2674179077,53087,53097,10
13.0328302383,80.2676010132,53097,53108,11
13.0333795547,80.2677536011,53108,53118,10
13.0339002609,80.2678833008,53118,53138,20
13.0339002609,80.2678833008,53138,53148,10
13.0340299606,80.2679367065,53148,53158,10
13.0344200134,80.2679977417,53158,53188,30
13.0344200134,80.2679977417,53188,53198,10
13.0347003937,80.2679977417,53198,53208,10
13.0351896286,80.2679519653,53208,53218,10
13.0358295441,80.2677612305,53218,53229,11
13.0365400314,80.2676696777,53229,53239,10
13.0368499756,80.2676010132,53239,53249,10
13.0368204117,80.2677612305,53249,53259,10
13.0367202759,80.2677688599,53259,53269,10
13.0363702774,80.2678222656,53269,53279,10
13.0358104706,80.267868042,53279,53289,10
13.0351600647,80.267868042,53289,53299,10
13.0346002579,80.2679824829,53299,53309,10
13.0343503952,80.2679901123,53309,53320,11
13.0339603424,80.2679290771,53320,53330,10
13.0333795547,80.2678527832,53330,54430,1100
13.0333795547,80.2678527832,54430,54440,10
13.033249855,80.2678527832,54440,54451,11
13.0331602097,80.267829895,54451,54461,10
13.0329399109,80.267791748,54461,54471,10
13.03262043,80.2676391602,54471,54481,10
13.0325098038,80.267539978,54481,54491,10
13.0321598053,80.2673416138,54491,54501,10
13.0316801071,80.2671432495,54501,54511,10
13.0310602188,80.2669296265,54511,54521,10
13.0303897858,80.2667999268,54521,54531,10
13.0298595428,80.2667007446,54531,54541,10
13.0297603607,80.2666778564,54541,54552,11
13.0294399261,80.2666168213,54552,54562,10
13.0290899277,80.2664413452,54562,54572,10
13.0284404755,80.2663497925,54572,54582,10
13.0278396606,80.2662277222,54582,54592,10
13.026889801,80.2661132813,54592,54693,101
13.026889801,80.2661132813,54693,54703,10
13.0264596939,80.2660217285,54703,54743,40
13.0264596939,80.2660217285,54743,54754,11
13.0262203217,80.2659378052,54754,54764,10
13.0259399414,80.2657775879,54764,54774,10
13.0254602432,80.2654724121,54774,54784,10
13.0251703262,80.2652816772,54784,54794,10
13.0250997543,80.2652282715,54794,54804,10
13.0247802734,80.2649536133,54804,54814,10
13.0243396759,80.2646102905,54814,54824,10
13.0238399506,80.2642974854,54824,54834,10
13.0233201981,80.2640609741,54834,54844,10
13.0228204727,80.2637710571,54844,54854,10
13.0222101212,80.2634887695,54854,54865,11
13.022069931,80.2634124756,54865,54875,10
13.0218296051,80.2632522583,54875,54885,10
13.0212697983,80.2630615234,54885,54895,10
13.020529747,80.2630004883,54895,54905,10
13.0199298859,80.2629776001,54905,54915,10
13.0192203522,80.2629165649,54915,54925,10
13.018910408,80.2626037598,54925,54935,10
13.0188102722,80.2619094849,54935,54945,10
13.0186500549,80.2613296509,54945,54955,10
13.0183095932,80.2610473633,54955,54966,11
13.0178203583,80.2607269287,54966,54976,10
13.0172195435,80.2603302002,54976,54986,10
13.0160799026,80.2596817017,54986,55006,20
13.0160799026,80.2596817017,55006,55016,10
13.0158100128,80.2595672607,55016,55026,10
13.0153503418,80.2594070435,55026,55036,10
13.0147304535,80.2593307495,55036,55046,10
13.0140104294,80.2593002319,55046,55056,10
13.0131597519,80.2592697144,55056,55067,11
13.0121097565,80.2592315674,55067,55077,10
13.0112104416,80.2591934204,55077,55087,10
13.0103397369,80.2592315674,55087,55097,10
13.0094804764,80.2592163086,55097,55107,10
13.0088596344,80.2592086792,55107,55117,10
13.0085601807,80.2592086792,55117,55127,10
13.0080604553,80.2592391968,55127,55136,9
13.0076799393,80.2594223022,55136,55147,11
13.0074796677,80.2593231201,55147,55157,10
13.0072603226,80.2589187622,55157,55168,11
13.0072002411,80.2587814331,55168,55178,10
13.0070400238,80.258430481,55178,55188,10
13.0066795349,80.2577590942,55188,55248,60
13.0066795349,80.2577590942,55248,55258,10
13.0065603256,80.257522583,55258,55268,10
13.0065202713,80.257232666,55268,55279,11
13.0064601898,80.2567901611,55279,55289,10
13.0065097809,80.2561569214,55289,55299,10
13.0065402985,80.2557067871,55299,55309,10
13.0065603256,80.2551116943,55309,55319,10
13.0065402985,80.2544021606,55319,55329,10
13.0065498352,80.2537536621,55329,55339,10
13.0065803528,80.2532806396,55339,55349,10
13.0065603256,80.2531433105,55349,55359,10
13.0065698624,80.2526931763,55359,55369,10
13.0066404343,80.2519607544,55369,55450,81
13.0066404343,80.2519607544,55450,55460,10
13.0066604614,80.2517776489,55460,55470,10
13.0067300797,80.2513885498,55470,55481,11
13.006770134,80.2507476807,55481,55491,10
13.0067501068,80.2499771118,55491,55501,10
13.0067501068,80.2491531372,55501,55511,10
13.0066795349,80.2483825684,55511,55521,10
13.006649971,80.2480697632,55521,55571,50
13.006649971,80.2480697632,55571,55582,11
13.0065898895,80.2476882935,55582,55592,10
13.0066099167,80.2472381592,55592,55602,10
13.0066003799,80.2468795776,55602,55612,10
13.0065498352,80.246711731,55612,55622,10
13.0065402985,80.2466506958,55622,55632,10
13.0066003799,80.2462921143,55632,55642,10
13.0066003799,80.2457580566,55642,55652,10
13.0066003799,80.2452392578,55652,55662,10
13.0065898895,80.2448120117,55662,55672,10
13.0066795349,80.2444915771,55672,55683,11
13.0066604614,80.2441864014,55683,55693,10
13.0066699982,80.2439727783,55693,55703,10
13.0066604614,80.2438583374,55703,55713,10
13.006649971,80.2435379028,55713,55723,10
13.0065898895,80.2430267334,55723,55733,10
13.0065402985,80.2423171997,55733,55743,10
13.0065402985,80.2417526245,55743,55753,10
13.0065498352,80.2415390015,55753,55763,10
13.0065898895,80.2411193848,55763,55773,10
13.0066995621,80.2404022217,55773,55814,41
13.0066995621,80.2404022217,55814,55824,10
13.0067796707,80.240020752,55824,55834,10
13.0068798065,80.2394485474,55834,55844,10
13.0070199966,80.2387313843,55844,55854,10
13.0071802139,80.2379226685,55854,55864,10
13.007349968,80.2370834351,55864,55874,10
13.0073795319,80.2367782593,55874,55884,10
13.0074501038,80.2365493774,55884,55895,11
13.0075597763,80.2360305786,55895,55905,10
13.0077104568,80.2353668213,55905,55915,10
13.0078401566,80.2346115112,55915,55925,10
13.0080003738,80.2338180542,55925,55935,10
13.008190155,80.2328720093,55935,55945,10
13.0083703995,80.2320098877,55945,55955,10
13.0085401535,80.2311019897,55955,55965,10
13.0087203979,80.2301635742,55965,55975,10
13.0088996887,80.2292861938,55975,55985,10
13.009059906,80.2285079956,55985,55996,11
13.0093603134,80.2276611328,55996,56006,10
13.009759903,80.2267837524,56006,56016,10
13.0101699829,80.2258682251,56016,56026,10
13.0105199814,80.2251434326,56026,56036,10
13.0107803345,80.2245025635,56036,56046,10
13.0111103058,80.2238388062,56046,56056,10
13.011300087,80.2232208252,56056,56086,30
13.011300087,80.2232208252,56086,56097,11
13.0114402771,80.2229003906,56097,56107,10
13.0116500854,80.2224807739,56107,56117,10
13.0119400024,80.2217788696,56117,56127,10
13.0122804642,80.221496582,56127,56137,10
13.0125198364,80.2217636108,56137,56147,10
13.0129203796,80.2221984863,56147,56157,10
13.0134096146,80.2227783203,56157,56167,10
13.0139398575,80.2233963013,56167,56177,10
13.0144500732,80.2239532471,56177,56187,10
13.0151100159,80.224609375,56187,56208,21
13.0151100159,80.224609375,56208,56218,10
13.0152997971,80.2248077393,56218,56228,10
13.0154695511,80.2249298096,56228,56238,10
13.0156097412,80.2250213623,56238,56248,10
13.0160198212,80.2252578735,56248,56258,10
13.0166702271,80.2251663208,56258,56268,10
13.0174198151,80.2248764038,56268,56278,10
13.0182199478,80.2245483398,56278,56288,10
13.0190200806,80.2243118286,56288,56298,10
13.0196695328,80.2244873047,56298,56309,11
13.0202703476,80.2249221802,56309,56319,10
13.0207996368,80.2253036499,56319,56329,10
13.0213499069,80.225730896,56329,56339,10
13.0218801498,80.2260971069,56339,56349,10
13.0219697952,80.2261581421,56349,56359,10
13.0220603943,80.2262496948,56359,56369,10
13.0224103928,80.2265625,56369,56379,10
13.0229196548,80.2269973755,56379,56389,10
13.0234203339,80.2274398804,56389,56399,10
13.0238704681,80.227897644,56399,56410,11
13.0243196487,80.2284088135,56410,56430,20
13.0243196487,80.2284088135,56430,56440,10
13.0243597031,80.228477478,56440,56450,10
13.0245895386,80.2287979126,56450,56460,10
13.0249795914,80.2293167114,56460,56470,10
13.0254497528,80.2299423218,56470,56480,10
13.0258598328,80.2306213379,56480,56490,10
13.02602005,80.2311630249,56490,56500,10
13.0262699127,80.2312469482,56500,56511,11
13.0268697739,80.2311172485,56511,56521,10
13.0275602341,80.2309494019,56521,56531,10
13.0285100937,80.2308120728,56531,56561,30
13.0285100937,80.2308120728,56561,56571,10
13.0287904739,80.2308120728,56571,56581,10
13.0292596817,80.2307815552,56581,56591,10
13.0296297073,80.2307510376,56591,56601,10
13.0301799774,80.2306976318,56601,56612,11
13.0306396484,80.2306594849,56612,56622,10
13.030670166,80.2306594849,56622,56632,10
13.0308904648,80.2306365967,56632,56642,10
13.0313997269,80.2305908203,56642,56652,10
13.0320796967,80.2305297852,56652,56662,10
13.0327796936,80.23046875,56662,56672,10
13.0335597992,80.2304611206,56672,56682,10
13.033949852,80.2304382324,56682,56702,20
13.033949852,80.2304382324,56702,56713,11
13.0341701508,80.2304229736,56713,56723,10
13.0345602036,80.2303390503,56723,56733,10
13.034819603,80.23021698,56733,56753,20
13.034819603,80.23021698,56753,56763,10
13.0348901749,80.2301101685,56763,56773,10
13.034740448,80.2300491333,56773,56783,10
13.0344400406,80.2300415039,56783,57904,1121
13.0344400406,80.2300415039,57904,57914,10
13.0341501236,80.2303390503,57914,57934,20
13.0341501236,80.2303390503,57934,57944,10
13.0340204239,80.2304763794,57944,57955,11
13.033659935,80.2304992676,57955,57965,10
13.0335597992,80.2305221558,57965,57975,10
13.0334596634,80.2305221558,57975,57985,10
13.0330295563,80.2305603027,57985,57995,10
13.0324497223,80.2306213379,57995,58005,10
13.0320501328,80.2306671143,58005,58015,10
13.0318803787,80.2307128906,58015,58025,10
13.0314397812,80.2307434082,58025,58035,10
13.0309000015,80.2307891846,58035,58045,10
13.0307397842,80.230796814,58045,58056,11
13.0303297043,80.2308273315,58056,58066,10
13.0297899246,80.2309036255,58066,58086,20
13.0297899246,80.2309036255,58086,58096,10
13.0294399261,80.2309417725,58096,58106,10
13.0291204453,80.2309570313,58106,58116,10
13.0285997391,80.2309875488,58116,58126,10
13.0279798508,80.2310409546,58126,58136,10
13.0276403427,80.2311477661,58136,58146,10
13.027680397,80.2314910889,58146,58157,11
13.0277795792,80.2320709229,58157,58167,10
13.027879715,80.2325973511,58167,58177,10
13.0276203156,80.2328567505,58177,58187,10
13.027299881,80.2328872681,58187,58197,10
13.0272197723,80.2329177856,58197,58207,10
13.0271596909,80.2329330444,58207,58217,10
13.026889801,80.2329788208,58217,58227,10
13.0266199112,80.233001709,58227,58237,10
13.0263700485,80.2328033447,58237,58247,10
13.0261802673,80.2322769165,58247,58257,10
13.0259799957,80.231552124,58257,58268,11
13.0256996155,80.2306518555,58268,58278,10
13.0252399445,80.2299194336,58278,58288,10
13.0249500275,80.2295379639,58288,58298,10
13.0249004364,80.2294921875,58298,58308,10
13.0248403549,80.2294235229,58308,58318,10
13.0246200562,80.2291564941,58318,58328,10
13.0243597031,80.2287979126,58328,58338,10
13.0240297318,80.2284011841,58338,58358,20
13.0240297318,80.2284011841,58358,58369,11
13.0239400864,80.2282791138,58369,58379,10
13.0238599777,80.2281723022,58379,58389,10
13.0236902237,80.2279663086,58389,58399,10
13.0234298706,80.227722168,58399,58409,10
13.0231199265,80.227432251,58409,58419,10
13.0227298737,80.2270584106,58419,58429,10
13.0222597122,80.2266082764,58429,58439,10
13.0216798782,80.2260971069,58439,58449,10
13.0211400986,80.2256774902,58449,58459,10
13.0206098557,80.2252883911,58459,58470,11
13.0200796127,80.2249832153,58470,58480,10
13.019780159,80.2247467041,58480,58490,10
13.0192804337,80.2245483398,58490,58500,10
13.0185604095,80.2246322632,58500,58510,10
13.0178003311,80.2249298096,58510,58520,10
13.0170297623,80.2252426147,58520,58530,10
13.0163602829,80.2255096436,58530,58540,10
13.0157403946,80.225730896,58540,58550,10
13.015130043,80.2259902954,58550,58560,10
13.0149097443,80.2260894775,58560,58571,11
13.0147304535,80.2261734009,58571,58581,10
13.0143404007,80.22631073,58581,58591,10
13.0143003464,80.2263336182,58591,58601,10
13.0141601563,80.2263793945,58601,58611,10
13.0139102936,80.2264633179,58611,58621,10
13.0134401321,80.2266464233,58621,58631,10
13.0128297806,80.226890564,58631,58641,10
13.012140274,80.2271728516,58641,58651,10
13.0113601685,80.2274780273,58651,58661,10
13.0105600357,80.2277832031,58661,58672,11
13.0096998215,80.2281570435,58672,58682,10
13.0091295242,80.2286987305,58682,58692,10
13.0089797974,80.2295227051,58692,58702,10
13.0088100433,80.2304534912,58702,58712,10
13.008649826,80.231338501,58712,58722,10
13.0085000992,80.2321395874,58722,58732,10
13.0083599091,80.2328720093,58732,58742,10
13.008310318,80.2334823608,58742,58752,10
13.0082902908,80.233581543,58752,58762,10
13.0082302094,80.2337265015,58762,58773,11
13.0081195831,80.2341384888,58773,58783,10
13.0080099106,80.2347183228,58783,58793,10
13.0078496933,80.2354507446,58793,58803,10
13.0077199936,80.2361602783,58803,58813,10
13.0075798035,80.2368774414,58813,58823,10
13.0074396133,80.2375869751,58823,58833,10
13.007349968,80.2381973267,58833,58843,10
13.007229805,80.238861084,58843,58853,10
13.007109642,80.2395019531,58853,58863,10
13.0070104599,80.2398300171,58863,58894,31
13.0070104599,80.2398300171,58894,58904,10
13.0070199966,80.2400436401,58904,58914,10
13.0069503784,80.2403793335,58914,58924,10
13.0068702698,80.2408828735,58924,58934,10
13.0067996979,80.2415390015,58934,58944,10
13.0067796707,80.242149353,58944,58954,10
13.006770134,80.2426986694,58954,58964,10
13.0067596436,80.2432174683,58964,58974,10
13.0067901611,80.2437210083,58974,58985,11
13.0067796707,80.2444229126,58985,58995,10
13.0067796707,80.2449569702,58995,59005,10
13.006770134,80.2454681396,59005,59015,10
13.0067796707,80.245880127,59015,59035,20
13.0067796707,80.245880127,59035,59045,10
13.0067796707,80.2461013794,59045,59055,10
13.0067996979,80.2465133667,59055,59065,10
13.006819725,80.2471008301,59065,59075,10
13.0067901611,80.2477111816,59075,59086,11
13.0068101883,80.2485275269,59086,59096,10
13.0068998337,80.2492980957,59096,59106,10
13.0069103241,80.2495574951,59106,59116,10
13.0068998337,80.2496109009,59116,59126,10
13.0068798065,80.2499923706,59126,59136,10
13.0068702698,80.2505264282,59136,59146,10
13.0068798065,80.2510070801,59146,59156,10
13.0068397522,80.2515335083,59156,59166,10
13.0066699982,80.2522201538,59166,59176,10
13.0065898895,80.2529296875,59176,59187,11
13.0065698624,80.253692627,59187,59197,10
13.0065898895,80.2544403076,59197,59207,10
13.0066299438,80.2550735474,59207,59217,10
13.0066604614,80.2557983398,59217,59227,10
13.0066604614,80.2565307617,59227,59237,10
13.0066995621,80.257232666,59237,59277,40
13.0065898895,80.2573013306,59277,59328,51
13.0065898895,80.2573013306,59328,59338,10
13.0066204071,80.25756073,59338,59348,10
13.006819725,80.2579879761,59348,59358,10
13.0076799393,80.2587203979,59358,59378,20
13.0076799393,80.2587203979,59378,59389,11
13.0079097748,80.2588195801,59389,59399,10
13.0083599091,80.2590026855,59399,59409,10
13.0088796616,80.2591171265,59409,59419,10
13.0093002319,80.2590866089,59419,59429,10
13.0099401474,80.2591018677,59429,59439,10
13.010720253,80.2591171265,59439,59449,10
13.0115699768,80.2591018677,59449,59459,10
13.0124702454,80.2591094971,59459,59469,10
13.0134801865,80.259147644,59469,59479,10
13.0145797729,80.2592010498,59479,59489,10
13.0156002045,80.2593002319,59489,59500,11
13.0163402557,80.2596282959,59500,59510,10
13.0164499283,80.2597198486,59510,59520,10
13.0164699554,80.2597427368,59520,59530,10
13.0167503357,80.2599563599,59530,59540,10
13.0172595978,80.2602996826,59540,59550,10
13.0177202225,80.2606124878,59550,59560,10
13.018119812,80.260887146,59560,59570,10
13.0186595917,80.2612686157,59570,59580,10
13.0190601349,80.2616271973,59580,59590,10
13.019490242,80.2619781494,59590,59601,11
13.02023983,80.2626876831,59601,59631,30
13.02023983,80.2626876831,59631,59641,10
13.0204000473,80.2628097534,59641,59651,10
13.0208797455,80.2629470825,59651,59661,10
13.0215301514,80.2631530762,59661,59671,10
13.0219697952,80.263343811,59671,59681,10
13.0222501755,80.2634735107,59681,59691,10
13.0224895477,80.2635879517,59691,59702,11
13.0229597092,80.2638626099,59702,59722,20
13.0229597092,80.2638626099,59722,59732,10
13.0232696533,80.2640609741,59732,59742,10
13.0236997604,80.264289856,59742,59752,10
13.0243501663,80.2647018433,59752,59762,10
13.0248804092,80.2650985718,59762,59772,10
13.0253000259,80.265411377,59772,59782,10
13.0258102417,80.2657318115,59782,59792,10
13.0262098312,80.2659301758,59792,59803,11
13.0263595581,80.2655792236,59803,59813,10
13.0263700485,80.2650985718,59813,59823,10
13.0264501572,80.264541626,59823,59833,10
13.0264997482,80.263999939,59833,59843,10
13.0265102386,80.2639389038,59843,59853,10
13.0265398026,80.2637786865,59853,59863,10
13.026599884,80.263458252,59863,59873,10
13.0269403458,80.2634735107,59873,59883,10
13.0274400711,80.2635726929,59883,59893,10
13.027970314,80.263710022,59893,59904,11
13.0286397934,80.2638931274,59904,59914,10
13.0291595459,80.2640533447,59914,59924,10
13.0292596817,80.2643203735,59924,59934,10
13.0293197632,80.2645721436,59934,60015,81
13.0293197632,80.2645721436,60015,60025,10
13.0293397903,80.2649612427,60025,60126,101
13.0293598175,80.2653579712,60126,60196,70
13.0293302536,80.2657623291,60196,60378,182
13.0292797089,80.2661514282,60378,60489,111
13.0292100906,80.2662811279,60489,60610,121
13.0292100906,80.2662811279,60610,60621,11
13.0293197632,80.2666168213,60621,60631,10
13.0294704437,80.2666397095,60631,60641,10
13.0296001434,80.2666625977,60641,60651,10
13.0300397873,80.2667007446,60651,60671,20
13.0300397873,80.2667007446,60671,60681,10
13.0301599503,80.2667312622,60681,60691,10
13.0304203033,80.2667617798,60691,60711,20
13.0304203033,80.2667617798,60711,60721,10
13.03083992,80.2668228149,60721,60732,11
13.0310201645,80.2668533325,60732,60742,10
13.0313196182,80.266960144,60742,60752,10
13.0314598083,80.2670211792,60752,60762,10
13.0316400528,80.2670898438,60762,60772,10
13.0318002701,80.2671585083,60772,60782,10
13.0318403244,80.2672119141,60782,60792,10
13.0320901871,80.2673110962,60792,60802,10
13.0322999954,80.2674026489,60802,60812,10
13.0323400497,80.2674179077,60812,60822,10
13.0326099396,80.2675704956,60822,60833,11
13.0327396393,80.2677001953,60833,60843,10
13.0328903198,80.2677612305,60843,60853,10
13.0332298279,80.2678375244,60853,60863,10
13.0336704254,80.2679214478,60863,60873,10
13.0339403152,80.2679672241,60873,60893,20
13.0339403152,80.2679672241,60893,60903,10
13.0340204239,80.2679672241,60903,60913,10
13.0341596603,80.2679977417,60913,60954,41
13.0341596603,80.2679977417,60954,60964,10
13.0347204208,80.2680587769,60964,60974,10
13.0352802277,80.2679672241,60974,60984,10
13.0356302261,80.267906189,60984,60994,10
13.0360403061,80.2678604126,60994,61004,10
13.0366001129,80.2677612305,61004,61024,20
13.0366001129,80.2677612305,61024,61035,11
13.0368204117,80.2676391602,61035,61186,151
13.0368204117,80.2676391602,61186,61196,10
13.0362596512,80.2677993774,61196,61247,51
13.0362596512,80.2677993774,61247,61257,10
13.0360403061,80.267829895,61257,61267,10
13.0358695984,80.2678527832,61267,61277,10
13.0355501175,80.2678604126,61277,61297,20
13.0355501175,80.2678604126,61297,61307,10
13.0351896286,80.2678985596,61307,61327,20
13.0351896286,80.2678985596,61327,61338,11
13.0349397659,80.2679367065,61338,61348,10
13.0344495773,80.2680206299,61348,61368,20
13.0344495773,80.2680206299,61368,61377,9
13.0342903137,80.2679977417,61377,61388,11
13.0338802338,80.2679595947,61388,61398,10
13.0334596634,80.2678604126,61398,61428,30
13.0334596634,80.2678604126,61428,61439,11
13.0333204269,80.2677993774,61439,61469,30
13.0333204269,80.2677993774,61469,61479,10
13.033200264,80.2677993774,61479,61489,10
13.0328397751,80.2677230835,61489,61499,10
13.0325603485,80.267539978,61499,61509,10
13.0323600769,80.2674026489,61509,61519,10
13.0319795609,80.2671966553,61519,61529,10
13.0314302444,80.2669830322,61529,61540,11
13.0309400558,80.2668304443,61540,61550,10
13.0308198929,80.2668075562,61550,61560,10
13.0307397842,80.2667999268,61560,61570,10
13.0302801132,80.2667236328,61570,61590,20
13.0302801132,80.2667236328,61590,61600,10
13.0297403336,80.2666397095,61600,61630,30
13.0297403336,80.2666397095,61630,61640,10
13.0295600891,80.2666168213,61640,61671,31
13.0293598175,80.2666320801,61671,61691,20
13.0293598175,80.2666320801,61691,61701,10
13.0291595459,80.2665100098,61701,61711,10
13.0288600922,80.2663879395,61711,61721,10
13.0283699036,80.2662887573,61721,61731,10
13.0277996063,80.2661819458,61731,61741,10
13.0271396637,80.2661132813,61741,61752,11
13.0265798569,80.2660522461,61752,61762,10
13.026140213,80.2659072876,61762,61772,10
13.0257797241,80.2656784058,61772,61782,10
13.0256004333,80.2655563354,61782,61792,10
13.0253295898,80.2654037476,61792,61812,20
13.0253295898,80.2654037476,61812,61822,10
13.0251502991,80.2652587891,61822,61832,10
13.0248298645,80.2649917603,61832,61842,10
13.0244503021,80.2647018433,61842,61853,11
13.0239696503,80.2644119263,61853,61863,10
13.0234804153,80.2641296387,61863,61873,10
13.0230197906,80.2638702393,61873,61883,10
13.0222597122,80.2634887695,61883,61923,40
13.0222597122,80.2634887695,61923,61933,10
13.0221796036,80.2633895874,61933,61943,10
13.0219602585,80.2632904053,61943,61954,11
13.0215902328,80.2631378174,61954,61964,10
13.0212402344,80.2630615234,61964,61974,10
13.0208101273,80.2630310059,61974,61984,10
13.020359993,80.2630233765,61984,61994,10
13.0200901031,80.2630081177,61994,62004,10
13.0196504593,80.2629699707,62004,62014,10
13.0191297531,80.2629089355,62014,62024,10
13.0189304352,80.2626266479,62024,62034,10
13.0188503265,80.2621078491,62034,62044,10
13.0187501907,80.2615737915,62044,62055,11
13.0184898376,80.2612075806,62055,62065,10
13.0180702209,80.2609405518,62065,62075,10
13.0175199509,80.2605667114,62075,62085,10
13.0168895721,80.2601623535,62085,62095,10
13.0162696838,80.2597808838,62095,62105,10
13.01583004,80.2596130371,62105,62125,20
13.01583004,80.2596130371,62125,62135,10
13.0157403946,80.2595596313,62135,62145,10
13.015370369,80.259437561,62145,62155,10
13.0149097443,80.2593536377,62155,62166,11
13.0143699646,80.2593231201,62166,62176,10
13.013710022,80.2593002319,62176,62186,10
13.012960434,80.2592697144,62186,62196,10
13.012169838,80.2592468262,62196,62206,10
13.0114297867,80.2592163086,62206,62216,10
13.0106801987,80.2592315674,62216,62226,10
13.0100002289,80.2592697144,62226,62236,10
13.0099000931,80.259262085,62236,62246,10
13.0096197128,80.2592391968,62246,62256,10
13.0091199875,80.2592086792,62256,62267,11
13.0087099075,80.2592086792,62267,62277,10
13.0082902908,80.2592010498,62277,62287,10
13.0077896118,80.2593307495,62287,62297,10
13.0073795319,80.2591934204,62297,62307,10
13.007229805,80.2587738037,62307,62317,10
13.0071802139,80.258682251,62317,62327,10
13.0071201324,80.2585678101,62327,62337,10
13.0068998337,80.2582168579,62337,62347,10
13.0067195892,80.2578582764,62347,62357,10
13.0065202713,80.2575683594,62357,62368,11
13.0064697266,80.2570419312,62368,62378,10
13.0064697266,80.2565383911,62378,62388,10
13.0065097809,80.2560272217,62388,62398,10
13.0065202713,80.2556304932,62398,62408,10
13.0065402985,80.2550811768,62408,62418,10
13.0065202713,80.2544784546,62418,62428,10
13.0065097809,80.2542037964,62428,62438,10
13.0065002441,80.2535095215,62438,62509,71
13.0065002441,80.2535095215,62509,62519,10
13.0065498352,80.2533798218,62519,62529,10
13.0065498352,80.2533416748,62529,62539,10
13.006529808,80.2530670166,62539,62549,10
13.006529808,80.2526397705,62549,62559,10
13.0066003799,80.2521209717,62559,62671,112
13.0066003799,80.2521209717,62671,62681,10
13.0066404343,80.2519683838,62681,62691,10
13.0066995621,80.2516326904,62691,62701,10
13.0067501068,80.2510604858,62701,62711,10
13.0067796707,80.2503433228,62711,62721,10
13.0067796707,80.2496871948,62721,62731,10
13.0067501068,80.2491836548,62731,62741,10
13.0066900253,80.2486801147,62741,62751,10
13.0066604614,80.248260498,62751,62862,111
13.0066604614,80.248260498,62862,62873,11
13.0065603256,80.2478713989,62873,62883,10
13.0065698624,80.2474822998,62883,62893,10
13.0065803528,80.2467880249,62893,62923,30
13.0065803528,80.2467880249,62923,62933,10
13.0065698624,80.2464675903,62933,62943,10
13.0065698624,80.2459716797,62943,62953,10
13.0065698624,80.2452926636,62953,62963,10
13.0065803528,80.244720459,62963,62973,10
13.0065803528,80.2441711426,62973,62984,11
13.0066299438,80.243850708,62984,62994,10
13.0066099167,80.2434692383,62994,63004,10
13.0065803528,80.2429733276,63004,63014,10
13.0065603256,80.2424316406,63014,63024,10
13.0065402985,80.2418136597,63024,63034,10
13.0065498352,80.2416687012,63034,63044,10
13.0065603256,80.2414169312,63044,63054,10
13.0066003799,80.2410964966,63054,63064,10
13.0066299438,80.240852356,63064,63075,11
13.0066900253,80.2404632568,63075,63085,10
13.0067796707,80.240020752,63085,63095,10
13.0068702698,80.239402771,63095,63105,10
13.0070104599,80.2387466431,63105,63115,10
13.007109642,80.238319397,63115,63125,10
13.0072097778,80.2378616333,63125,63135,10
13.0073404312,80.2373504639,63135,63165,30
13.0073404312,80.2373504639,63165,63175,10
13.0074195862,80.2370376587,63175,63196,21
13.0074195862,80.2370376587,63196,63206,10
13.0074996948,80.2366790771,63206,63216,10
13.0075502396,80.2363815308,63216,63226,10
13.0076398849,80.2359619141,63226,63236,10
13.0077295303,80.2354736328,63236,63246,10
13.0077800751,80.2351837158,63246,63256,10
13.0078601837,80.2347412109,63256,63266,10
13.0079698563,80.2341766357,63266,63276,10
13.0081195831,80.2334671021,63276,63287,11
13.008310318,80.2324905396,63287,63297,10
13.008480072,80.2315597534,63297,63307,10
13.0086603165,80.2306365967,63307,63317,10
13.0088500977,80.2297286987,63317,63327,10
13.0090198517,80.2288818359,63327,63337,10
13.0092401505,80.2280731201,63337,63347,10
13.0095396042,80.2273101807,63347,63357,10
13.0099096298,80.2265014648,63357,63367,10
13.0102796555,80.225730896,63367,63377,10
13.0105400085,80.2252426147,63377,63388,11
13.0105895996,80.2251434326,63388,63398,10
13.0106601715,80.2250289917,63398,63408,10
13.0108003616,80.2247009277,63408,63418,10
13.0110197067,80.2242126465,63418,63428,10
13.011300087,80.2235107422,63428,63438,10
13.0116300583,80.2227172852,63438,63448,10
13.0119199753,80.2219619751,63448,63458,10
13.012260437,80.2215270996,63458,63468,10
13.0124998093,80.2217712402,63468,63478,10
13.0128202438,80.2221984863,63478,63489,11
13.0132799149,80.2227096558,63489,63499,10
13.0137395859,80.2232131958,63499,63509,10
13.0141096115,80.2236404419,63509,63519,10
13.0144395828,80.2240371704,63519,63529,10
13.0148296356,80.2244033813,63529,63539,10
13.0149402618,80.2245101929,63539,63549,10
13.0150403976,80.2246322632,63549,63559,10
13.0151700974,80.2247619629,63559,63569,10
13.015540123,80.2250137329,63569,63590,21
13.015540123,80.2250137329,63590,63600,10
13.0155897141,80.2250595093,63600,63610,10
13.0158901215,80.2253036499,63610,63620,10
13.0164003372,80.2253570557,63620,63630,10
13.017080307,80.2251281738,63630,63640,10
13.017829895,80.224822998,63640,63650,10
13.0186300278,80.2245025635,63650,63660,10
13.0196695328,80.2245025635,63660,63680,20
13.0196695328,80.2245025635,63680,63690,10
13.0197696686,80.2245864868,63690,63701,11
13.0201396942,80.2248382568,63701,63711,10
13.0205698013,80.2251586914,63711,63721,10
13.0209999084,80.2254562378,63721,63731,10
13.0214595795,80.2258071899,63731,63741,10
13.0218696594,80.2261123657,63741,63751,10
13.0220403671,80.2262191772,63751,63761,10
13.0221500397,80.2263183594,63761,63771,10
13.0225000381,80.2266387939,63771,63781,10
13.0229797363,80.2270736694,63781,63791,10
13.0235395432,80.2276000977,63791,63802,11
13.0240497589,80.2280807495,63802,63812,10
13.0242300034,80.2282485962,63812,63822,10
13.0242595673,80.2282867432,63822,63832,10
13.0244598389,80.2285995483,63832,63842,10
13.0246896744,80.2289428711,63842,63852,10
13.0249795914,80.2293395996,63852,63862,10
13.0253896713,80.2298583984,63862,63872,10
13.0256500244,80.2302322388,63872,63882,10
13.025759697,80.2304382324,63882,63892,10
13.0258903503,80.2307128906,63892,63903,11
13.0259799957,80.2309799194,63903,63913,10
13.0260400772,80.2312469482,63913,63923,10
13.0263595581,80.2313079834,63923,63933,10
13.0269203186,80.2311630249,63933,63943,10
13.0275297165,80.2309799194,63943,63953,10
13.0284099579,80.2308807373,63953,63973,20
13.0284099579,80.2308807373,63973,63983,10
13.0286397934,80.2308731079,63983,63993,10
13.0289497375,80.2308502197,63993,64004,11
13.0293598175,80.2308273315,64004,64014,10
13.0299196243,80.2307662964,64014,64054,40
13.0299196243,80.2307662964,64054,64064,10
13.0303001404,80.230758667,64064,64074,10
13.0307598114,80.23072052,64074,64084,10
13.0313196182,80.230682373,64084,64094,10
13.0318698883,80.2306365967,64094,64105,11
13.0319004059,80.2306365967,64105,64115,10
13.0320997238,80.2306213379,64115,64125,10
13.0325603485,80.2305831909,64125,64135,10
13.0332202911,80.2305297852,64135,64145,10
13.0338697433,80.2304611206,64145,64185,40
13.0338697433,80.2304611206,64185,64195,10
13.0340595245,80.2304763794,64195,64206,11
13.0344600677,80.2304000854,64206,64256,50
13.0344600677,80.2304000854,64256,64266,10
13.0346097946,80.2303466797,64266,64276,10
13.0347900391,80.2302932739,64276,64286,10
13.0349502563,80.230140686,64286,64296,10
13.0347900391,80.2300567627,64296,64367,71
13.0344104767,80.2300491333,64367,65326,959
13.0344104767,80.2300491333,65326,65337,11
13.034119606,80.2302932739,65337,65347,10
13.0339803696,80.2304000854,65347,65357,10
13.0336799622,80.2304229736,65357,65367,10
13.0334796906,80.2304611206,65367,65377,10
13.0333995819,80.23046875,65377,65387,10
13.0330600739,80.2304916382,65387,65397,10
13.0326099396,80.2305297852,65397,65407,10
13.0321397781,80.2305831909,65407,65417,10
13.0318803787,80.2306213379,65417,65428,11
13.0318202972,80.2306213379,65428,65438,10
13.0315198898,80.2306518555,65438,65448,10
13.0314502716,80.2306594849,65448,65458,10
13.0312795639,80.230682373,65458,65468,10
13.0308904648,80.2306976318,65468,65478,10
13.0304403305,80.2307434082,65478,65488,10
13.0300102234,80.2307891846,65488,65498,10
13.0299501419,80.230796814,65498,65508,10
13.0298404694,80.2308120728,65508,65518,10
13.0295696259,80.2308502197,65518,65528,10
13.0291204453,80.2308807373,65528,65539,11
13.0284996033,80.2309417725,65539,65549,10
13.0279397964,80.2309570313,65549,65559,10
13.0276498795,80.2311019897,65559,65569,10
13.0276899338,80.2314987183,65569,65579,10
13.027759552,80.2319717407,65579,65589,10
13.0278902054,80.2326507568,65589,65609,20
13.0278902054,80.2326507568,65609,65619,10
13.0278196335,80.2328262329,65619,65629,10
13.0275201797,80.2328567505,65629,65640,11
13.0272502899,80.2329101563,65640,65650,10
13.0270700455,80.2329483032,65650,65660,10
13.026889801,80.2329788208,65660,65670,10
13.0266199112,80.233001709,65670,65680,10
13.0263700485,80.2328109741,65680,65690,10
13.0262298584,80.2324371338,65690,65700,10
13.0261602402,80.232208252,65700,65710,10
13.0261201859,80.2319564819,65710,65720,10
13.0260295868,80.2316665649,65720,65730,10
13.0259199142,80.2312316895,65730,65741,11
13.0256595612,80.2305221558,65741,65751,10
13.0253095627,80.2299728394,65751,65761,10
13.0250997543,80.2296676636,65761,65771,10
13.024769783,80.2292633057,65771,65801,30
13.024769783,80.2292633057,65801,65811,10
13.0246400833,80.229057312,65811,65821,10
13.0243902206,80.228729248,65821,65831,10
13.0240497589,80.2283477783,65831,65852,21
13.0240497589,80.2283477783,65852,65862,10
13.0239295959,80.2282028198,65862,65872,10
13.0236902237,80.227897644,65872,65882,10
13.0235004425,80.227722168,65882,65892,10
13.0233201981,80.2275390625,65892,65902,10
13.0231895447,80.2274093628,65902,65912,10
13.0229301453,80.2271270752,65912,65922,10
13.022600174,80.2268218994,65922,65932,10
13.0222101212,80.2265090942,65932,65943,11
13.0216197968,80.226020813,65943,65953,10
13.0211496353,80.2256622314,65953,65963,10
13.0207099915,80.2253417969,65963,65973,10
13.0202198029,80.2250366211,65973,65983,10
13.0198802948,80.224822998,65983,66003,20
13.0198802948,80.224822998,66003,66013,10
13.0196304321,80.2246170044,66013,66023,10
13.0191402435,80.2244567871,66023,66033,10
13.0184698105,80.224609375,66033,66044,11
13.0176696777,80.224937439,66044,66054,10
13.016960144,80.2252426147,66054,66064,10
13.0163898468,80.225479126,66064,66074,10
13.015879631,80.2256774902,66074,66084,10
13.0152797699,80.2258911133,66084,66094,10
13.0147800446,80.2261123657,66094,66104,10
13.0145101547,80.2262191772,66104,66124,20
13.0145101547,80.2262191772,66124,66134,10
13.0143699646,80.2262573242,66134,66144,10
13.0143604279,80.2262573242,66144,66155,11
13.0140104294,80.2263565063,66155,66165,10
13.0135402679,80.2265396118,66165,66175,10
13.0129499435,80.2267532349,66175,66185,10
13.0122900009,80.2270126343,66185,66195,10
13.0115804672,80.2273178101,66195,66205,10
13.0108203888,80.2276229858,66205,66215,10
13.0100603104,80.2279510498,66215,66225,10
13.0093803406,80.2282791138,66225,66235,10
13.0091104507,80.2288970947,66235,66245,10
13.0089902878,80.2295227051,66245,66256,11
13.0088796616,80.2301101685,66256,66266,10
13.0087404251,80.2307815552,66266,66276,10
13.0086202621,80.2314300537,66276,66286,10
13.0084600449,80.2322235107,66286,66296,10
13.0083599091,80.2327194214,66296,66306,10
13.0083198547,80.2329177856,66306,66316,10
13.0082998276,80.2331314087,66316,66326,10
13.0082702637,80.2334213257,66326,66357,31
13.0082702637,80.2334213257,66357,66367,10
13.0082302094,80.2336578369,66367,66377,10
13.0081596375,80.233833313,66377,66407,30
13.0081596375,80.233833313,66407,66417,10
13.0080900192,80.2341308594,66417,66427,10
13.0080003738,80.2345428467,66427,66437,10
13.007900238,80.2350616455,66437,66447,10
13.0077800751,80.2356567383,66447,66458,11
13.0076904297,80.2361526489,66458,66468,10
13.0076398849,80.2364196777,66468,66478,10
13.0075502396,80.236831665,66478,66488,10
13.0074901581,80.237121582,66488,66498,10
13.0074100494,80.2375183105,66498,66508,10
13.0073404312,80.2378921509,66508,66517,9
13.0072498322,80.2383728027,66517,66528,11
13.0071296692,80.2390213013,66528,66559,31
13.0071296692,80.2390213013,66559,66569,10
13.0070896149,80.2392730713,66569,66750,181
13.0070896149,80.2392730713,66750,66761,11
13.0070896149,80.239616394,66761,66771,10
13.0069799423,80.2400665283,66771,66781,10
13.0068998337,80.2405014038,66781,66791,10
13.0068397522,80.2409362793,66791,66811,20
13.0068397522,80.2409362793,66811,66821,10
13.0067596436,80.2413101196,66821,66831,10
13.0067396164,80.241859436,66831,66841,10
13.0067195892,80.2424468994,66841,66851,10
13.0066995621,80.2430877686,66851,66862,11
13.0066900253,80.2437973022,66862,66872,10
13.0067195892,80.2445831299,66872,66882,10
13.0067100525,80.2452697754,66882,66892,10
13.0067195892,80.2457809448,66892,66912,20
13.0067195892,80.2457809448,66912,66922,10
13.0067396164,80.2462387085,66922,66932,10
13.0067501068,80.2466812134,66932,66942,10
13.0067501068,80.2472763062,66942,66952,10
13.0067195892,80.2478713989,66952,66962,10
13.0067396164,80.2485275269,66962,66973,11
13.0068702698,80.2496032715,66973,66993,20
13.0068702698,80.2496032715,66993,67003,10
13.0068798065,80.249671936,67003,67013,10
13.0068502426,80.250038147,67013,67023,10
13.0068397522,80.250541687,67023,67033,10
13.0068397522,80.2509002686,67033,67043,10
13.0068302155,80.2513198853,67043,67094,51
13.0068302155,80.2513198853,67094,67104,10
13.0067596436,80.2514801025,67104,67114,10
13.0066699982,80.2518463135,67114,67124,10
13.0065603256,80.2523727417,67124,67134,10
13.0065402985,80.2529067993,67134,67144,10
13.0065402985,80.2536087036,67144,67154,10
13.0065402985,80.2543106079,67154,67164,10
13.0065803528,80.2550125122,67164,67175,11
13.0066003799,80.255859375,67175,67185,10
13.0066099167,80.2564468384,67185,67195,10
13.0066299438,80.256729126,67195,67215,20
13.0066299438,80.256729126,67215,67225,10
13.0066604614,80.2569732666,67225,67235,10
13.0066900253,80.257270813,67235,67245,10
13.0067796707,80.257598877,67245,67255,10
13.0070400238,80.258102417,67255,67265,10
13.0077199936,80.2586364746,67265,67286,21
13.0077199936,80.2586364746,67286,67296,10
13.0079603195,80.2587814331,67296,67306,10
13.0083198547,80.2589111328,67306,67316,10
13.008480072,80.2589797974,67316,67326,10
13.0087003708,80.2590637207,67326,67336,10
13.0090103149,80.2590866089,67336,67346,10
13.0094804764,80.2590713501,67346,67356,10
13.0100698471,80.2590713501,67356,67366,10
13.0107297897,80.2590789795,67366,67377,11
13.011469841,80.2590637207,67377,67387,10
13.012169838,80.2590789795,67387,67397,10
13.0129804611,80.2591094971,67397,67407,10
13.0137901306,80.2591400146,67407,67417,10
13.0146799088,80.2591781616,67417,67427,10
13.015540123,80.2592697144,67427,67437,10
13.0161104202,80.2594833374,67437,67447,10
13.0163602829,80.2596282959,67447,67457,10
13.0163602829,80.2596435547,67457,67467,10
13.0164003372,80.2596817017,67467,67478,11
13.0166501999,80.2598876953,67478,67488,10
13.0169496536,80.2600784302,67488,67498,10
13.0173997879,80.260383606,67498,67508,10
13.0179796219,80.2607803345,67508,67518,10
13.0185203552,80.2611618042,67518,67528,10
13.0188398361,80.2614212036,67528,67538,10
13.0191898346,80.2617416382,67538,67548,10
13.0195903778,80.2621078491,67548,67558,10
13.0201997757,80.2626495361,67558,67579,21
13.0201997757,80.2626495361,67579,67589,10
13.0203504562,80.2627410889,67589,67599,10
13.0207996368,80.262878418,67599,67609,10
13.0214004517,80.2630615234,67609,67619,10
13.021900177,80.2632827759,67619,67629,10
13.0221700668,80.2634277344,67629,67639,10
13.0225400925,80.2636184692,67639,67649,10
13.0229597092,80.2638168335,67649,67659,10
13.0230302811,80.2638702393,67659,67668,9
13.0232601166,80.263999939,67668,67680,12
13.0237398148,80.2642822266,67680,67690,10
13.0241804123,80.2645111084,67690,67700,10
13.0245599747,80.2648086548,67700,67710,10
13.0248298645,80.2650222778,67710,67720,10
13.0250597,80.2652206421,67720,67730,10
13.0254001617,80.2654266357,67730,67740,10
13.0258102417,80.2657012939,67740,67750,10
13.0260400772,80.2658233643,67750,67760,10
13.0262098312,80.26587677,67760,67770,10
13.0263204575,80.2656097412,67770,67781,11
13.0263299942,80.2650604248,67781,67791,10
13.0263595581,80.2646179199,67791,67801,10
13.0263996124,80.264213562,67801,67811,10
13.0264101028,80.2641677856,67811,67821,10
13.0264701843,80.2640304565,67821,67831,10
13.0264997482,80.2637481689,67831,67841,10
13.0265302658,80.2634124756,67841,67851,10
13.0267696381,80.2633972168,67851,67861,10
13.0272197723,80.2634811401,67861,67871,10
13.0274896622,80.2635269165,67871,67882,11
13.0279598236,80.2636795044,67882,67892,10
13.0282001495,80.2637405396,67892,67902,10
13.0283603668,80.2637786865,67902,67912,10
13.0287504196,80.2638778687,67912,67922,10
13.0291795731,80.263999939,67922,67932,10
13.0292797089,80.2642364502,67932,67942,10
13.0292797089,80.2646636963,67942,67952,10
13.0292901993,80.2651824951,67952,67962,10
13.0292596817,80.2657318115,67962,67982,20
13.0292596817,80.2657318115,67982,67993,11
13.0291595459,80.2663192749,67993,68023,30
13.0291595459,80.2663192749,68023,68033,10
13.0295295715,80.2665405273,68033,68043,10
13.0298404694,80.2665786743,68043,68053,10
13.0302000046,80.2666168213,68053,68063,10
13.0306301117,80.266708374,68063,68073,10
13.0310697556,80.2667922974,68073,68083,10
13.0315103531,80.2669677734,68083,68094,11
13.031829834,80.2670974731,68094,68104,10
13.0322704315,80.267326355,68104,68134,30
13.0322704315,80.267326355,68134,68144,10
13.0324802399,80.2673797607,68144,68154,10
13.0327196121,80.2676010132,68154,68164,10
13.033370018,80.2677764893,68164,68225,61
13.033370018,80.2677764893,68225,68235,10
13.0335798264,80.2678222656,68235,68245,10
13.0339002609,80.2678909302,68245,68255,10
13.034119606,80.2679290771,68255,68265,10
13.0344600677,80.2679367065,68265,68316,51
13.0344600677,80.2679367065,68316,68326,10
13.0341596603,80.2679595947,68326,68336,10
13.0336999893,80.2678604126,68336,68346,10
13.0333299637,80.2678070068,68346,69204,858
13.0333299637,80.2678070068,69204,69215,11
13.032910347,80.2677383423,69215,69225,10
13.032790184,80.2677001953,69225,69235,10
13.0324401855,80.2674636841,69235,69265,30
13.0324401855,80.2674636841,69265,69275,10
13.0320796967,80.2672424316,69275,69285,10
13.0317001343,80.2670822144,69285,69295,10
13.031370163,80.2669525146,69295,69305,10
13.0312204361,80.2668762207,69305,69316,11
13.0309095383,80.2667922974,69316,69326,10
13.0303602219,80.2666931152,69326,69346,20
13.0303602219,80.2666931152,69346,69356,10
13.0299797058,80.2666091919,69356,69366,10
13.029800415,80.2666015625,69366,69386,20
13.029800415,80.2666015625,69386,69396,10
13.0295000076,80.2665634155,69396,69406,10
13.0293197632,80.2665405273,69406,69417,11
13.0290899277,80.2664108276,69417,69427,10
13.0288000107,80.2663116455,69427,69436,9
13.0284900665,80.2662582397,69436,69447,11
13.0280504227,80.2661819458,69447,69457,10
13.0276403427,80.2661132813,69457,69467,10
13.0272102356,80.2660675049,69467,69477,10
13.0264997482,80.2659606934,69477,69548,71
13.0264997482,80.2659606934,69548,69558,10
13.0261802673,80.2659225464,69558,69568,10
13.0259504318,80.2658004761,69568,69578,10
13.0255498886,80.2655410767,69578,69598,20
13.0255498886,80.2655410767,69598,69608,10
13.0252799988,80.2653579712,69608,69619,11
13.0251998901,80.265296936,69619,69629,10
13.0251197815,80.2652206421,69629,69639,10
13.0248403549,80.265007019,69639,69649,10
13.0245895386,80.2648162842,69649,69659,10
13.0244598389,80.2647171021,69659,69669,10
13.0241003036,80.2644729614,69669,69679,10
13.023730278,80.2642364502,69679,69689,10
13.0233201981,80.2640609741,69689,69699,10
13.0228996277,80.2638092041,69699,69709,10
13.0225095749,80.2636184692,69709,69720,11
13.0220804214,80.2634124756,69720,69730,10
13.0220804214,80.2633972168,69730,69740,10
13.021780014,80.2632369995,69740,69750,10
13.0212898254,80.2630462646,69750,69760,10
13.0205898285,80.2629776001,69760,69770,10
13.020190239,80.2629699707,69770,69780,10
13.0199098587,80.2629394531,69780,69790,10
13.0194501877,80.2628936768,69790,69800,10
13.0190401077,80.2628326416,69800,69810,10
13.018819809,80.2624816895,69810,69820,10
13.0187597275,80.2620925903,69820,69841,21
13.0187597275,80.2620925903,69841,69851,10
13.0187301636,80.2618713379,69851,69861,10
13.018699646,80.2616271973,69861,69871,10
13.0186595917,80.2613983154,69871,69911,40
13.0186595917,80.2613983154,69911,69921,10
13.0183897018,80.261100769,69921,69932,11
13.0181303024,80.2609176636,69932,69942,10
13.0177698135,80.2606964111,69942,69952,10
13.0172700882,80.2603607178,69952,69962,10
13.0166597366,80.259979248,69962,69972,10
13.0162801743,80.2597579956,69972,69992,20
13.0162801743,80.2597579956,69992,70002,10
13.0160102844,80.2596130371,70002,70012,10
13.0155696869,80.2594299316,70012,70022,10
13.0149803162,80.2593002319,70022,70033,11
13.0142698288,80.2592468262,70033,70043,10
13.0135402679,80.2592163086,70043,70053,10
13.0127401352,80.2591781616,70053,70063,10
13.0118999481,80.259147644,70063,70073,10
13.0111703873,80.2591323853,70073,70083,10
13.0104398727,80.2591705322,70083,70093,10
13.0098495483,80.2592010498,70093,70103,10
13.009759903,80.2591934204,70103,70113,10
13.0093803406,80.2591629028,70113,70123,10
13.008890152,80.2591323853,70123,70134,11
13.0085897446,80.2591171265,70134,70144,10
13.0081300735,80.2591400146,70144,70154,10
13.0075502396,80.2593002319,70154,70164,10
13.0072402954,80.2588806152,70164,70174,10
13.0071496964,80.2586669922,70174,70183,9
13.0071201324,80.2586135864,70183,70194,11
13.0069503784,80.2582931519,70194,70204,10
13.0068798065,80.2581863403,70204,70214,10
13.0066003799,80.2577285767,70214,70285,71
13.0066003799,80.2577285767,70285,70295,10
13.0064296722,80.2573013306,70295,70305,10
13.0064201355,80.2569198608,70305,70315,10
13.0064401627,80.256439209,70315,70325,10
13.0064601898,80.2557907104,70325,70336,11
13.0064697266,80.2551422119,70336,70346,10
13.0064897537,80.2545776367,70346,70356,10
13.006480217,80.2542419434,70356,70366,10
13.0064697266,80.2542114258,70366,70376,10
13.0064897537,80.2540664673,70376,70386,10
13.0064697266,80.2536392212,70386,70396,10
13.0064496994,80.2531585693,70396,70416,20
13.0064496994,80.2531585693,70416,70426,10
13.0064401627,80.2528686523,70426,70437,11
13.006480217,80.2523803711,70437,70447,10
13.0065402985,80.2518615723,70447,70527,80
13.0065402985,80.2518615723,70527,70538,11
13.0066299438,80.251701355,70538,70548,10
13.0067100525,80.2513198853,70548,70558,10
13.0066995621,80.2507629395,70558,70568,10
13.0066795349,80.2500991821,70568,70578,10
13.0066795349,80.2496109009,70578,70598,20
13.0066795349,80.2496109009,70598,70608,10
13.0066795349,80.2493896484,70608,70618,10
13.0066795349,80.2492675781,70618,70628,10
13.0066604614,80.2490997314,70628,70639,11
13.0066604614,80.2490768433,70639,70649,10
13.0066604614,80.248878479,70649,70659,10
13.0066204071,80.2485809326,70659,70841,182
13.0066204071,80.2485809326,70841,70851,10
13.0066099167,80.2484512329,70851,70861,10
13.0066003799,80.2482681274,70861,70871,10
13.0065698624,80.2479782104,70871,70881,10
13.0065603256,80.2476425171,70881,70891,10
13.0065803528,80.2471466064,70891,70901,10
13.0065803528,80.2467498779,70901,70911,10
13.006529808,80.2465515137,70911,70921,10
13.006529808,80.2465362549,70921,70931,10
13.0065498352,80.246421814,70931,70941,10
13.0065803528,80.2460174561,70941,70952,11
13.0065803528,80.2454528809,70952,70962,10
13.0065498352,80.2450332642,70962,70972,10
13.006529808,80.2448272705,70972,70982,10
13.0065402985,80.2445678711,70982,70992,10
13.0065698624,80.2443313599,70992,71002,10
13.0065498352,80.2439498901,71002,71012,10
13.0065498352,80.2436218262,71012,71022,10
13.0065402985,80.243270874,71022,71032,10
13.0065202713,80.2427825928,71032,71042,10
13.0065097809,80.2421188354,71042,71053,11
13.0065002441,80.2416992188,71053,71063,10
13.0065002441,80.2416381836,71063,71073,10
13.0065202713,80.2412872314,71073,71083,10
13.0065402985,80.2408828735,71083,71093,10
13.0065803528,80.2406387329,71093,71103,10
13.0066204071,80.2404327393,71103,71113,10
13.0066299438,80.2403793335,71113,71123,10
13.0067100525,80.2400436401,71123,71133,10
13.006819725,80.2395782471,71133,71143,10
13.0069599152,80.2389373779,71143,71154,11
13.0071001053,80.2381591797,71154,71164,10
13.0072498322,80.2375183105,71164,71174,10
13.0073404312,80.2369918823,71174,71184,10
13.0073604584,80.2367401123,71184,71194,10
13.0073699951,80.2367401123,71194,71204,10
13.0074396133,80.2365188599,71204,71214,10
13.0075302124,80.236076355,71214,71224,10
13.0076398849,80.2355422974,71224,71234,10
13.0077695847,80.23487854,71234,71244,10
13.0079097748,80.2341995239,71244,71255,11
13.0080900192,80.2333297729,71255,71265,10
13.0082597733,80.2324523926,71265,71275,10
13.0084104538,80.2316665649,71275,71285,10
13.0085201263,80.23097229,71285,71295,10
13.0086803436,80.2301712036,71295,71305,10
13.0088396072,80.2294006348,71305,71315,10
13.0089797974,80.2287368774,71315,71325,10
13.0091495514,80.2280578613,71325,71335,10
13.0094404221,80.2273635864,71335,71345,10
13.0097999573,80.226600647,71345,71356,11
13.0101699829,80.2258071899,71356,71366,10
13.010430336,80.2253036499,71366,71376,10
13.0105304718,80.2250900269,71376,71386,10
13.0105400085,80.2250823975,71386,71396,10
13.0106897354,80.2247619629,71396,71406,10
13.0109100342,80.2242584229,71406,71416,10
13.0111598969,80.2236785889,71416,71426,10
13.0112199783,80.2233734131,71426,71457,31
13.0112199783,80.2233734131,71457,71467,10
13.0113296509,80.2229919434,71467,71477,10
13.0115404129,80.2225112915,71477,71487,10
13.0117502213,80.2218322754,71487,71497,10
13.0121002197,80.2213668823,71497,71507,10
13.0123300552,80.2215423584,71507,71517,10
13.0126495361,80.2219467163,71517,71527,10
13.0130500793,80.2224121094,71527,71537,10
13.0135498047,80.2229690552,71537,71547,10
13.0140199661,80.2235107422,71547,71558,11
13.0144395828,80.2240905762,71558,71568,10
13.0148601532,80.2244873047,71568,71578,10
13.0149002075,80.2245178223,71578,71588,10
13.0150098801,80.2246170044,71588,71598,10
13.0152301788,80.224822998,71598,71608,10
13.0154495239,80.2249298096,71608,71618,10
13.0155200958,80.2249832153,71618,71628,10
13.0156402588,80.2250823975,71628,71638,10
13.0159797668,80.2252807617,71638,71648,10
13.0165996552,80.225227356,71648,71659,11
13.0173997879,80.2249221802,71659,71669,10
13.0181999207,80.2245864868,71669,71679,10
13.0189504623,80.2243423462,71679,71689,10
13.0194797516,80.2244186401,71689,71699,10
13.0198802948,80.2246627808,71699,71709,10
13.0203504562,80.2249984741,71709,71719,10
13.020939827,80.225402832,71719,71729,10
13.0215196609,80.2258300781,71729,71739,10
13.0220098495,80.2261810303,71739,71760,21
13.0220098495,80.2261810303,71760,71770,10
13.0222101212,80.2263793945,71770,71780,10
13.0225801468,80.2267074585,71780,71790,10
13.023059845,80.2271499634,71790,71800,10
13.0235795975,80.2276535034,71800,71810,10
13.0240402222,80.2281036377,71810,71820,10
13.0242900848,80.2283706665,71820,71840,20
13.0242900848,80.2283706665,71840,71850,10
13.0244398117,80.2285995483,71850,71861,11
13.0247097015,80.2289886475,71861,71871,10
13.0250597,80.2294387817,71871,71881,10
13.0253200531,80.2297286987,71881,71891,10
13.0254201889,80.2298812866,71891,71901,10
13.0255203247,80.2300415039,71901,71911,10
13.0256595612,80.2302627563,71911,71921,10
13.025759697,80.23046875,71921,71931,10
13.0258703232,80.2307434082,71931,71941,10
13.0259399414,80.2309875488,71941,71951,10
13.0260696411,80.2313232422,71951,71961,10
13.0264501572,80.2312088013,71961,71972,11
13.0272502899,80.2310028076,71972,72022,50
13.0272502899,80.2310028076,72022,72032,10
13.0277204514,80.2309036255,72032,72042,10
13.0278596878,80.2308883667,72042,72052,10
13.0281200409,80.2308807373,72052,72062,10
13.0282297134,80.2308578491,72062,72073,11
13.0285596848,80.2308425903,72073,72163,90
13.0285596848,80.2308425903,72163,72174,11
13.029009819,80.230796814,72174,72184,10
13.029299736,80.2307662964,72184,72194,10
13.0295696259,80.2307434082,72194,72204,10
13.0300102234,80.2306976318,72204,72214,10
13.0304603577,80.2306594849,72214,72224,10
13.0308103561,80.2306365967,72224,72234,10
13.0312995911,80.2305908203,72234,72244,10
13.0318698883,80.2305526733,72244,72254,10
13.0323696136,80.230506897,72254,72264,10
13.032910347,80.23046875,72264,72275,11
13.0334100723,80.2304382324,72275,72285,10
13.0337600708,80.2304077148,72285,72295,10
13.0341396332,80.2303771973,72295,72305,10
13.0344295502,80.2303314209,72305,72345,40
13.0344295502,80.2303314209,72345,72355,10
13.0344800949,80.2303314209,72355,72365,10
13.0347204208,80.2302474976,72365,72376,11
13.0348100662,80.2302017212,72376,72386,10
13.0349502563,80.2300796509,72386,72406,20
13.0349502563,80.2300796509,72406,72416,10
13.0349998474,80.2298202515,72416,72426,10
13.0345697403,80.2297363281,72426,72588,162
13.0345697403,80.2297363281,72588,72598,10
13.0341501236,80.2297592163,72598,72820,222
13.0340900421,80.2300186157,72820,73598,778
13.0340900421,80.2300186157,73598,73608,10
13.0341501236,80.23021698,73608,73648,40
13.0341501236,80.23021698,73648,73658,10
13.0341300964,80.2304000854,73658,73668,10
13.0339803696,80.23046875,73668,73678,10
13.0334997177,80.23046875,73678,73699,21
13.0334997177,80.23046875,73699,73709,10
13.0334196091,80.2304611206,73709,73719,10
13.0330200195,80.2304763794,73719,73729,10
13.0324497223,80.2305297852,73729,73739,10
13.0319004059,80.2305908203,73739,73749,10
13.0312900543,80.2306365967,73749,73759,10
13.0307798386,80.230682373,73759,73769,10
13.0305595398,80.2306976318,73769,73779,10
13.030380249,80.23072052,73779,73800,21
13.030380249,80.23072052,73800,73810,10
13.0302801132,80.23072052,73810,73820,10
13.0300798416,80.2307434082,73820,73830,10
13.0299100876,80.2307662964,73830,73840,10
13.029800415,80.2307815552,73840,73850,10
13.0296697617,80.230796814,73850,73860,10
13.029589653,80.2308120728,73860,73870,10
13.0292196274,80.2308273315,73870,73880,10
13.0286598206,80.2308807373,73880,73890,10
13.0280199051,80.2309494019,73890,73901,11
13.0276403427,80.231048584,73901,73911,10
13.0276603699,80.2314300537,73911,73921,10
13.0277299881,80.2320022583,73921,73931,10
13.0278100967,80.2325134277,73931,73941,10
13.0277996063,80.2327804565,73941,73951,10
13.0276699066,80.2327804565,73951,73961,10
13.0274801254,80.2328033447,73961,73971,10
13.0269203186,80.2329025269,73971,74032,61
13.0269203186,80.2329025269,74032,74042,10
13.0265798569,80.232963562,74042,74052,10
13.0263299942,80.2327423096,74052,74062,10
13.0261497498,80.2321929932,74062,74072,10
13.0259599686,80.2314605713,74072,74082,10
13.0256996155,80.2306137085,74082,74092,10
13.0252103806,80.2297821045,74092,74103,11
13.0248498917,80.2293395996,74103,74113,10
13.0247497559,80.2292175293,74113,74123,10
13.0244903564,80.2288589478,74123,74133,10
13.0241298676,80.2284393311,74133,74143,10
13.0239400864,80.2282333374,74143,74153,10
13.0239200592,80.2282180786,74153,74163,10
13.0237503052,80.2279663086,74163,74173,10
13.0234203339,80.2276306152,74173,74183,10
13.0229997635,80.2272415161,74183,74193,10
13.022649765,80.2269210815,74193,74204,11
13.0223903656,80.2266235352,74204,74214,10
13.0219497681,80.2262496948,74214,74224,10
13.0214796066,80.2258911133,74224,74234,10
13.0211000443,80.2255706787,74234,74244,10
13.0206699371,80.2252502441,74244,74254,10
13.0203399658,80.2250595093,74254,74264,10
13.0203104019,80.2250518799,74264,74274,10
13.0200195313,80.2248687744,74274,74284,10
13.0198698044,80.2247695923,74284,74294,10
13.0198402405,80.2247314453,74294,74305,11
13.0195398331,80.2245407104,74305,74315,10
13.0189399719,80.2244262695,74315,74325,10
13.0181999207,80.2246932983,74325,74335,10
13.017370224,80.2250366211,74335,74345,10
13.0165700912,80.2253570557,74345,74355,10
13.0159702301,80.2255783081,74355,74365,10
13.01541996,80.225769043,74365,74375,10
13.0145597458,80.2261428833,74375,74395,20
13.0145597458,80.2261428833,74395,74405,10
13.0143995285,80.2261810303,74405,74416,11
13.0143299103,80.2261962891,74416,74426,10
13.0142202377,80.2262496948,74426,74436,10
13.0138196945,80.2264175415,74436,74446,10
13.0132198334,80.2266464233,74446,74456,10
13.0125102997,80.2269287109,74456,74466,10
13.0116996765,80.2272567749,74466,74476,10
13.0108098984,80.2276077271,74476,74486,10
13.0098896027,80.2279815674,74486,74496,10
13.0091600418,80.2284622192,74496,74506,10
13.0089902878,80.2292861938,74506,74517,11
13.008769989,80.2303695679,74517,74527,10
13.0085897446,80.2313613892,74527,74537,10
13.0084104538,80.2323379517,74537,74547,10
13.0082702637,80.2331619263,74547,74557,10
13.0082197189,80.2334976196,74557,74567,10
13.0082101822,80.2335281372,74567,74577,10
13.0081396103,80.2338180542,74577,74587,10
13.0080404282,80.2342605591,74587,74597,10
13.0079402924,80.2348022461,74597,74607,10
13.007809639,80.2353668213,74607,74618,11
13.0076503754,80.2361907959,74618,74628,10
13.0074701309,80.2371063232,74628,74638,10
13.0073003769,80.2380828857,74638,74648,10
13.0071401596,80.238899231,74648,74658,10
13.0070104599,80.2395324707,74658,74668,10
13.0069103241,80.2401123047,74668,74678,10
13.0068702698,80.2406311035,74678,74698,20
13.0068702698,80.2406311035,74698,74708,10
13.0067796707,80.2409820557,74708,74719,11
13.0067396164,80.2416305542,74719,74729,10
13.0067396164,80.2424087524,74729,74739,10
13.0067195892,80.2431793213,74739,74749,10
13.0067100525,80.2438583374,74749,74759,10
13.0067100525,80.244720459,74759,74769,10
13.0067300797,80.245552063,74769,74779,10
13.0067596436,80.2463378906,74779,74789,10
13.0067796707,80.2469787598,74789,74799,10
13.006770134,80.2474365234,74799,74809,10
13.0067596436,80.2480392456,74809,74820,11
13.0067996979,80.2488632202,74820,74830,10
13.0068798065,80.2495193481,74830,74840,10
13.0068798065,80.2495574951,74840,74850,10
13.0068702698,80.2495880127,74850,74860,10
13.0068502426,80.2499237061,74860,74870,10
13.006819725,80.2503585815,74870,74880,10
13.0068302155,80.2510223389,74880,74890,10
13.0067396164,80.2517318726,74890,74900,10
13.0065898895,80.2524490356,74900,74910,10
13.0065603256,80.2531814575,74910,74921,11
13.0065498352,80.2539520264,74921,74931,10
13.0066003799,80.2545776367,74931,74941,10
13.0066299438,80.2552337646,74941,74951,10
13.0066404343,80.2559967041,74951,74961,10
13.0066699982,80.2570419312,74961,75001,40
13.0066699982,80.2570419312,75001,75011,10
13.0066299438,80.2571563721,75011,75022,11
13.0067195892,80.2576065063,75022,75032,10
13.0070495605,80.2582168579,75032,75042,10
13.0076198578,80.2586288452,75042,75052,10
13.0076999664,80.2586593628,75052,75062,10
13.0077695847,80.2586898804,75062,75072,10
13.008099556,80.2588195801,75072,75082,10
13.0086803436,80.2590026855,75082,75092,10
13.0093297958,80.2590484619,75092,75102,10
13.010140419,80.2590484619,75102,75112,10
13.0110797882,80.2590408325,75112,75123,11
13.012169838,80.2590408325,75123,75133,10
13.0132303238,80.2590789795,75133,75143,10
13.0143098831,80.2591171265,75143,75153,10
13.0151996613,80.2591629028,75153,75163,10
13.0159702301,80.2593688965,75163,75173,10
13.0164003372,80.2595977783,75173,75183,10
13.0164299011,80.2596206665,75183,75193,10
13.0165195465,80.2597122192,75193,75203,10
13.0168895721,80.259979248,75203,75213,10
13.0174598694,80.2603683472,75213,75224,11
13.0180797577,80.2608032227,75224,75234,10
13.0185899734,80.2611312866,75234,75244,10
13.0188703537,80.2613601685,75244,75254,10
13.0192203522,80.2616729736,75254,75264,10
13.019610405,80.262046814,75264,75274,10
13.0200796127,80.262512207,75274,75284,10
13.0201797485,80.262588501,75284,75294,10
13.0202198029,80.2626113892,75294,75304,10
13.020359993,80.2627029419,75304,75314,10
13.0207300186,80.2628173828,75314,75324,10
13.0213098526,80.2630004883,75324,75335,11
13.0217399597,80.2631607056,75335,75345,10
13.0221099854,80.2633514404,75345,75355,10
13.0224399567,80.2635116577,75355,75365,10
13.0228996277,80.2637634277,75365,75375,10
13.023150444,80.263923645,75375,75385,10
13.0235500336,80.2641372681,75385,75395,10
13.024020195,80.2643814087,75395,75405,10
13.0245399475,80.2647399902,75405,75415,10
13.0249595642,80.2650604248,75415,75425,10
13.0252799988,80.2652816772,75425,75436,11
13.0256795883,80.2655410767,75436,75446,10
13.0260400772,80.2657623291,75446,75456,10
13.026260376,80.265838623,75456,75466,10
13.0263500214,80.2655410767,75466,75476,10
13.0263795853,80.2650604248,75476,75486,10
13.0264596939,80.2643966675,75486,75496,10
13.0265102386,80.2639083862,75496,75506,10
13.0265197754,80.2639007568,75506,75516,10
13.0265703201,80.2637405396,75516,75526,10
13.0266199112,80.263381958,75526,75537,11
13.0269403458,80.263343811,75537,75547,10
13.0274295807,80.2634429932,75547,75557,10
13.0277299881,80.2635192871,75557,75567,10
13.0282402039,80.2636795044,75567,75577,10
13.0283603668,80.2637176514,75577,75587,10
13.0287399292,80.2638168335,75587,75597,10
13.0291996002,80.2639389038,75597,75607,10
13.0293502808,80.2641677856,75607,75617,10
13.0293302536,80.2646102905,75617,75627,10
13.0293397903,80.2652206421,75627,75638,11
13.029299736,80.2658615112,75638,75648,10
13.0292901993,80.2660369873,75648,75658,10
13.0292196274,80.2664031982,75658,75668,10
13.0292396545,80.266456604,75668,75678,10
13.029589653,80.2665634155,75678,75688,10
13.030090332,80.2666168213,75688,75698,10
13.0306901932,80.2667007446,75698,75708,10
13.0310697556,80.2667770386,75708,75718,10
13.0315198898,80.2669372559,75718,75728,10
13.0320196152,80.2671585083,75728,75739,11
13.0323200226,80.2673187256,75739,75749,10
13.032699585,80.267578125,75749,75759,10
13.0331096649,80.2677230835,75759,75769,10
13.0334501266,80.267791748,75769,75779,10
13.0334596634,80.267791748,75779,75789,10
13.0335502625,80.2678070068,75789,75799,10
13.0338201523,80.2678833008,75799,75809,10
13.034070015,80.2679367065,75809,75819,10
13.0344400406,80.2679519653,75819,75910,91
13.0344400406,80.2679519653,75910,75920,10
13.0341396332,80.2680206299,75920,75930,10
13.0337200165,80.2679595947,75930,76789,859
13.0337200165,80.2679595947,76789,76799,10
13.0334396362,80.2678604126,76799,76809,10
13.0333900452,80.2678527832,76809,76819,10
13.0330400467,80.2677764893,76819,76829,10
13.0326700211,80.2676925659,76829,76839,10
13.0325603485,80.2676010132,76839,76849,10
13.0323400497,80.2674636841,76849,76860,11
13.0318603516,80.2672424316,76860,76870,10
13.0313596725,80.2670593262,76870,76880,10
13.0307798386,80.2669067383,76880,76890,10
13.0302400589,80.2668075562,76890,76900,10
13.0298204422,80.2667312622,76900,76930,30
13.0298204422,80.2667312622,76930,76940,10
13.0294103622,80.2666702271,76940,76950,10
13.0292797089,80.2666473389,76950,76961,11
13.0291404724,80.2665405273,76961,76971,10
13.0287904739,80.2664337158,76971,76981,10
13.0283002853,80.2663269043,76981,76991,10
13.0277500153,80.2662582397,76991,77001,10
13.027130127,80.2661895752,77001,77011,10
13.0266304016,80.2661132813,77011,77021,10
13.0262298584,80.2659988403,77021,77031,10
13.0261201859,80.2659606934,77031,77041,10
13.0258598328,80.2657775879,77041,77051,10
13.0256099701,80.265586853,77051,77062,11
13.0252799988,80.2654266357,77062,77072,10
13.0252599716,80.265411377,77072,77082,10
13.0249300003,80.2652206421,77082,77092,10
13.024479866,80.2648925781,77092,77102,10
13.0239496231,80.264503479,77102,77112,10
13.0235004425,80.2642364502,77112,77122,10
13.023059845,80.2639770508,77122,77132,10
13.0224199295,80.2637023926,77132,77142,10
13.0220804214,80.2634887695,77142,77152,10
13.0220003128,80.2634124756,77152,77163,11
13.0217103958,80.2632827759,77163,77173,10
13.0211000443,80.2631072998,77173,77183,10
13.0203895569,80.2630767822,77183,77193,10
13.0197496414,80.2630310059,77193,77203,10
13.0191497803,80.2629699707,77203,77213,10
13.0188798904,80.2627792358,77213,77223,10
13.0187797546,80.2621917725,77223,77233,10
13.0186595917,80.2615432739,77233,77243,10
13.0182800293,80.2611236572,77243,77253,10
13.0179004669,80.2608795166,77253,77264,11
13.0173597336,80.2605209351,77264,77274,10
13.0167198181,80.260093689,77274,77284,10
13.0160303116,80.2597198486,77284,77294,10
13.0160303116,80.2597198486,77294,77304,10
13.0159196854,80.2596817017,77304,77314,10
13.0156297684,80.2595596313,77314,77324,10
13.015130043,80.2594223022,77324,77334,10
13.0145101547,80.2593383789,77334,77344,10
13.0138196945,80.2593231201,77344,77354,10
13.0129804611,80.2593002319,77354,77365,11
13.0119400024,80.2592468262,77365,77375,10
13.0110502243,80.2592163086,77375,77385,10
13.0101995468,80.2592697144,77385,77395,10
13.0094003677,80.2592697144,77395,77405,10
13.0088195801,80.259262085,77405,77415,10
13.0085000992,80.259262085,77415,77425,10
13.0079803467,80.2592773438,77425,77435,10
13.0074596405,80.2593994141,77435,77445,10
13.0072002411,80.2589416504,77445,77455,10
13.0070800781,80.2586593628,77455,77466,11
13.0068302155,80.2582168579,77466,77476,10
13.0065002441,80.2577819824,77476,77516,40
13.0065002441,80.2577819824,77516,77526,10
13.006360054,80.2576904297,77526,77536,10
13.006360054,80.2572937012,77536,77546,10
13.0063695908,80.2567214966,77546,77556,10
13.0063896179,80.2560272217,77556,77567,11
13.0064401627,80.2554626465,77567,77577,10
13.0064897537,80.2549362183,77577,77587,10
13.0064601898,80.2542037964,77587,77597,10
13.006480217,80.253616333,77597,77607,10
13.0065002441,80.2534637451,77607,77617,10
13.006529808,80.2533569336,77617,77647,30
13.006529808,80.2533569336,77647,77657,10
13.0064601898,80.2531890869,77657,77678,21
13.0064601898,80.2531890869,77678,77688,10
13.0064601898,80.2528915405,77688,77769,81
13.0064601898,80.2528915405,77769,77779,10
13.0065698624,80.2525405884,77779,77789,10
13.0066099167,80.2520904541,77789,77799,10
13.0067195892,80.2514266968,77799,77809,10
13.0067501068,80.2505874634,77809,77819,10
13.0067501068,80.2497177124,77819,77829,10
13.0067100525,80.248916626,77829,77839,10
13.0066404343,80.2483596802,77839,77869,30
13.0066404343,80.2483596802,77869,77880,11
13.0066099167,80.2481765747,77880,77890,10
13.0066003799,80.2478866577,77890,77900,10
13.0066003799,80.247467041,77900,77910,10
13.0066099167,80.2470626831,77910,77920,10
13.0065402985,80.2466278076,77920,77930,10
13.0065402985,80.2465667725,77930,77940,10
13.0065898895,80.2465362549,77940,77950,10
13.0066204071,80.2462005615,77950,77960,10
13.0065898895,80.2456283569,77960,77971,11
13.0065402985,80.2448806763,77971,77981,10
13.0065402985,80.2444000244,77981,77991,10
13.006529808,80.2440185547,77991,78001,10
13.0065202713,80.2435684204,78001,78011,10
13.0064897537,80.2430801392,78011,78021,10
13.006480217,80.24243927,78021,78031,10
13.0065002441,80.2416763306,78031,78041,10
13.0065498352,80.2408676147,78041,78051,10
13.0066299438,80.2403793335,78051,78061,10
13.0066995621,80.2400436401,78061,78071,10
13.0068101883,80.2394485474,78071,78082,11
13.0069599152,80.2386474609,78082,78092,10
13.007109642,80.237953186,78092,78102,10
13.0072803497,80.2372817993,78102,78112,10
13.0073204041,80.2368011475,78112,78122,10
13.0073204041,80.2367706299,78122,78132,10
13.0074300766,80.2364501953,78132,78142,10
13.0075397491,80.2359695435,78142,78152,10
13.0076799393,80.2352981567,78152,78162,10
13.0078201294,80.2345504761,78162,78172,10
13.0080003738,80.2336807251,78172,78183,11
13.0081996918,80.2326202393,78183,78193,10
13.0083799362,80.2316436768,78193,78203,10
13.0085802078,80.2306594849,78203,78213,10
13.008769989,80.2296600342,78213,78223,10
13.0089597702,80.2286911011,78223,78233,10
13.0092601776,80.2277832031,78233,78242,9
13.0095996857,80.2269973755,78242,78253,11
13.0100097656,80.2261428833,78253,78263,10
13.0103797913,80.225440979,78263,78273,10
13.0107097626,80.2247619629,78273,78284,11
13.0110197067,80.2240219116,78284,78294,10
13.011179924,80.2236709595,78294,78304,10
13.0112495422,80.2233963013,78304,78314,10
13.011469841,80.2229003906,78314,78324,10
13.0117197037,80.2221984863,78324,78334,10
13.0119695663,80.2215499878,78334,78344,10
13.0122804642,80.2215118408,78344,78354,10
13.0125703812,80.2219161987,78354,78364,10
13.0130195618,80.2224578857,78364,78374,10
13.0135498047,80.2230682373,78374,78385,11
13.0141201019,80.2237091064,78385,78395,10
13.0145101547,80.2242736816,78395,78405,10
13.0149202347,80.2246704102,78405,78415,10
13.0149898529,80.2247161865,78415,78425,10
13.0151796341,80.2248916626,78425,78435,10
13.01541996,80.2250137329,78435,78445,10
13.0154600143,80.2250518799,78445,78455,10
13.0155897141,80.2252120972,78455,78465,10
13.0160102844,80.225402832,78465,78475,10
13.0166501999,80.2252807617,78475,78486,11
13.0174798965,80.2249526978,78486,78496,10
13.0183000565,80.2246170044,78496,78506,10
13.0190200806,80.2244110107,78506,78516,10
13.019610405,80.2245635986,78516,78526,10
13.0200595856,80.224861145,78526,78536,10
13.0205402374,80.2251968384,78536,78546,10
13.0209798813,80.2255096436,78546,78556,10
13.0214500427,80.2258834839,78556,78566,10
13.0218200684,80.2261199951,78566,78576,10
13.0218200684,80.2261276245,78576,78587,11
13.0219497681,80.2262878418,78587,78597,10
13.0223503113,80.2266311646,78597,78607,10
13.0228700638,80.2271118164,78607,78617,10
13.0233802795,80.2276000977,78617,78627,10
13.0239095688,80.2281112671,78627,78637,10
13.0243301392,80.2286071777,78637,78647,10
13.024720192,80.2291488647,78647,78657,10
13.0251998901,80.2297668457,78657,78667,10
13.0256299973,80.230430603,78667,78677,10
13.0258197784,80.2308120728,78677,78688,11
13.0259199142,80.2311172485,78688,78698,10
13.0260400772,80.2314224243,78698,78708,10
13.0265102386,80.2312774658,78708,78718,10
13.027179718,80.2311019897,78718,78728,10
13.0278701782,80.2309799194,78728,78738,10
13.0282802582,80.2309188843,78738,78748,10
13.0283899307,80.2309112549,78748,78758,10
13.0288200378,80.2308807373,78758,78768,10
13.0292901993,80.2308197021,78768,78778,10
13.0297203064,80.2307815552,78778,78789,11
13.0303201675,80.2307281494,78789,78799,10
13.0306501389,80.2306976318,78799,78809,10
13.0310697556,80.2306671143,78809,78819,10
13.0316200256,80.2306213379,78819,78829,10
13.0320796967,80.2305831909,78829,78839,10
13.0325298309,80.2305297852,78839,78849,10
13.0331096649,80.2304763794,78849,78859,10
13.0335998535,80.2304534912,78859,78869,10
13.0339002609,80.2304077148,78869,78890,21
13.0339002609,80.2304077148,78890,78900,10
13.0341501236,80.2304000854,78900,78910,10
13.0346403122,80.2302627563,78910,78950,40
13.0346403122,80.2302627563,78950,78960,10
13.0348901749,80.2300796509,78960,78970,10
13.0349798203,80.2299804688,78970,78980,10
13.0349502563,80.2297973633,78980,78991,11
13.0347003937,80.2297973633,78991,79001,10
13.0343399048,80.2297515869,79001,79011,10
13.0341701508,80.2298583984,79011,79021,10
13.0341396332,80.2301101685,79021,79253,232
13.0341396332,80.2301101685,79253,79263,10
13.0341396332,80.2303390503,79263,79273,10
13.0341300964,80.2304534912,79273,79283,10
13.0339698792,80.2305603027,79283,79293,10
13.0335998535,80.2305374146,79293,79304,11
13.0331401825,80.2305526733,79304,79314,10
13.0327796936,80.2305603027,79314,79324,10
13.0322704315,80.2305984497,79324,79334,10
13.0317401886,80.2306365967,79334,79344,10
13.0311899185,80.2306900024,79344,79354,10
13.0306901932,80.2307434082,79354,79364,10
13.0302295685,80.2307815552,79364,79374,10
13.029800415,80.2308425903,79374,79384,10
13.0297698975,80.2308425903,79384,79395,11
13.029419899,80.2308883667,79395,79405,10
13.0289096832,80.2309417725,79405,79415,10
13.0282897949,80.2309799194,79415,79425,10
13.0277500153,80.2310333252,79425,79435,10
13.0276203156,80.2312393188,79435,79445,10
13.0276403427,80.2316818237,79445,79455,10
13.0277395248,80.2322998047,79455,79465,10
13.027759552,80.2328414917,79465,79475,10
13.0272703171,80.2329177856,79475,79485,10
13.0268096924,80.233001709,79485,79495,10
13.026550293,80.2330322266,79495,79506,11
13.0262899399,80.2327194214,79506,79516,10
13.0261096954,80.2321395874,79516,79526,10
13.0259399414,80.2314682007,79526,79536,10
13.0257196426,80.2307434082,79536,79546,10
13.0253295898,80.2300415039,79546,79556,10
13.0249300003,80.2294998169,79556,79566,10
13.0248403549,80.2293930054,79566,79576,10
13.0247097015,80.2292175293,79576,79586,10
13.0244398117,80.2288665771,79586,79596,10
13.0239095688,80.2282409668,79596,79627,31
13.0239095688,80.2282409668,79627,79637,10
13.0237903595,80.2280578613,79637,79647,10
13.0236797333,80.2279434204,79647,79657,10
13.0234603882,80.2277374268,79657,79667,10
13.0233201981,80.2276000977,79667,79677,10
13.0231704712,80.2274017334,79677,79687,10
13.0229301453,80.2271575928,79687,79697,10
13.0225000381,80.2267990112,79697,79708,11
13.0219202042,80.2262878418,79708,79718,10
13.0213804245,80.2258682251,79718,79728,10
13.0209102631,80.2255096436,79728,79738,10
13.0203895569,80.225151062,79738,79748,10
13.0199298859,80.224861145,79748,79758,10
13.0197601318,80.2247390747,79758,79768,10
13.0193004608,80.2245407104,79768,79778,10
13.0186195374,80.2245635986,79778,79788,10
13.0178604126,80.2248687744,79788,79798,10
13.017080307,80.2251815796,79798,79809,11
13.0163803101,80.225479126,79809,79819,10
13.0158500671,80.2256622314,79819,79829,10
13.0152301788,80.2258911133,79829,79839,10
13.0145397186,80.2261581421,79839,79849,10
13.0142097473,80.2262878418,79849,79859,10
13.0141601563,80.22631073,79859,79869,10
13.0137996674,80.2264633179,79869,79879,10
13.0132398605,80.2266921997,79879,79889,10
13.0125799179,80.2269592285,79889,79899,10
13.011879921,80.2272262573,79899,79910,11
13.0110197067,80.2275924683,79910,79920,10
13.0102100372,80.2279205322,79920,79930,10
13.0094203949,80.2282485962,79930,79940,10
13.009059906,80.2288208008,79940,79950,10
13.0089197159,80.2296218872,79950,79960,10
13.0087404251,80.2305526733,79960,79970,10
13.0085401535,80.2315216064,79970,79980,10
13.0083703995,80.2324829102,79980,79990,10
13.0082302094,80.2332611084,79990,80000,10
13.008190155,80.2335586548,80000,80011,11
13.0080900192,80.2339324951,80011,80021,10
13.0079803467,80.2344665527,80021,80031,10
13.0078401566,80.2351837158,80031,80041,10
13.0076799393,80.236000061,80041,80051,10
13.0074996948,80.2368927002,80051,80061,10
13.0073204041,80.2377929688,80061,80071,10
13.0071802139,80.238571167,80071,80081,10
13.0070295334,80.2393035889,80081,80091,10
13.0069103241,80.240020752,80091,80101,10
13.0068998337,80.2405166626,80101,80112,11
13.0068502426,80.2407608032,80112,80122,10
13.0067596436,80.2411193848,80122,80132,10
13.0067195892,80.2417602539,80132,80142,10
13.0066995621,80.2425918579,80142,80152,10
13.0066795349,80.2433624268,80152,80162,10
13.0066795349,80.244140625,80162,80172,10
13.0066795349,80.2449035645,80172,80182,10
13.0066900253,80.2456893921,80182,80192,10
13.0067100525,80.2463531494,80192,80202,10
13.0067195892,80.2469024658,80202,80213,11
13.0067100525,80.247428894,80213,80223,10
13.0067100525,80.2479629517,80223,80233,10
13.0067300797,80.2486572266,80233,80243,10
13.0068302155,80.2493591309,80243,80253,10
13.0068302155,80.2495422363,80253,80263,10
13.0068302155,80.2498092651,80263,80273,10
13.0067996979,80.2503509521,80273,80283,10
13.0067901611,80.2510604858,80283,80293,10
13.0066900253,80.2517929077,80293,80303,10
13.0065402985,80.2524795532,80303,80314,11
13.0065202713,80.2531890869,80314,80324,10
13.0065202713,80.2539596558,80324,80334,10
13.0065498352,80.2547988892,80334,80344,10
13.0065803528,80.2556228638,80344,80354,10
13.0065898895,80.2563705444,80354,80364,10
13.0066299438,80.2572402954,80364,80425,61
13.0066299438,80.2572402954,80425,80435,10
13.0066604614,80.2573013306,80435,80445,10
13.0067195892,80.2576522827,80445,80455,10
13.0070199966,80.2582092285,80455,80465,10
13.0075798035,80.2586364746,80465,80475,10
13.0076999664,80.2586898804,80475,80485,10
13.008020401,80.2588424683,80485,80495,10
13.0085601807,80.2590332031,80495,80505,10
13.0091896057,80.2591018677,80505,80516,11
13.0100698471,80.2590789795,80516,80526,10
13.0109300613,80.2590713501,80526,80536,10
13.0118303299,80.2590637207,80536,80546,10
13.0127601624,80.2591018677,80546,80556,10
13.0137901306,80.2591323853,80556,80566,10
13.0147895813,80.2591629028,80566,80576,10
13.0156898499,80.2593002319,80576,80586,10
13.0161800385,80.2595214844,80586,80596,10
13.0163402557,80.2596511841,80596,80606,10
13.0167198181,80.2599411011,80606,80617,11
13.0173397064,80.2603683472,80617,80627,10
13.0179796219,80.2608032227,80627,80637,10
13.0186004639,80.2612228394,80637,80647,10
13.019080162,80.2616500854,80647,80657,10
13.019610405,80.2621231079,80657,80667,10
13.020070076,80.2625427246,80667,80677,10
13.0201396942,80.2626037598,80677,80687,10
13.0205202103,80.2627868652,80687,80697,10
13.0211496353,80.2629776001,80697,80707,10
13.0217103958,80.2631988525,80707,80718,11
13.0220899582,80.2633895874,80718,80728,10
13.0224704742,80.2635879517,80728,80738,10
13.0230102539,80.2638778687,80738,80748,10
13.0234804153,80.2641677856,80748,80758,10
13.0239295959,80.2644195557,80758,80768,10
13.0244903564,80.2647781372,80768,80778,10
13.0249595642,80.2651596069,80778,80788,10
13.0254602432,80.2655181885,80788,80798,10
13.0259799957,80.265838623,80798,80808,10
13.0262298584,80.2659378052,80808,80819,11
13.0263204575,80.265663147,80819,80829,10
13.0263595581,80.2652130127,80829,80839,10
13.0263900757,80.2649307251,80839,80849,10
13.0264396667,80.264503479,80849,80859,10
13.0264797211,80.2640380859,80859,80869,10
13.0264997482,80.2639389038,80869,80879,10
13.0265398026,80.2635803223,80879,80889,10
13.0266199112,80.2633972168,80889,80899,10
13.0269002914,80.2634429932,80899,80909,10
13.0272502899,80.2634963989,80909,80920,11
13.0276699066,80.2636108398,80920,80930,10
13.0281400681,80.2637634277,80930,80940,10
13.0285196304,80.2638626099,80940,80950,10
13.0288696289,80.2639465332,80950,80960,10
13.0291795731,80.2640380859,80960,80970,10
13.0292901993,80.264213562,80970,80980,10
13.0292701721,80.2646102905,80980,80990,10
13.0292701721,80.2650375366,80990,81000,10
13.029250145,80.2655181885,81000,81010,10
13.0292196274,80.2659912109,81010,81020,10
13.0292301178,80.2660217285,81020,81031,11
13.0292396545,80.2661437988,81031,81041,10
13.0292100906,80.2665100098,81041,81051,10
13.0295200348,80.2665863037,81051,81061,10
13.0299196243,80.2666397095,81061,81071,10
13.030380249,80.2667007446,81071,81081,10
13.0310401917,80.2668304443,81081,81091,10
13.0316200256,80.2670593262,81091,81101,10
13.0321798325,80.2673187256,81101,81111,10
13.0325403214,80.2675018311,81111,81121,10
13.0328998566,80.2677001953,81121,81132,11
13.0337696075,80.2678909302,81132,81152,20
13.0337696075,80.2678909302,81152,81162,10
13.0338401794,80.2679290771,81162,81172,10
13.0341596603,80.2679824829,81172,81182,10
13.0344896317,80.2679977417,81182,81202,20
13.0344896317,80.2679977417,81202,81212,10
13.0345802307,80.268119812,81212,81222,10
13.0344600677,80.268157959,81222,81233,11
13.0342998505,80.2680435181,81233,81243,10
13.0338897705,80.2679672241,81243,81253,10
13.0333995819,80.2678985596,81253,81647,394
13.0333995819,80.2678985596,81647,81657,10
13.0331602097,80.267829895,81657,81667,10
13.0328598022,80.2677764893,81667,81677,10
13.0325803757,80.2676391602,81677,81687,10
13.0323801041,80.2674179077,81687,81697,10
13.031920433,80.2672119141,81697,81707,10
13.0314302444,80.266998291,81707,81717,10
13.030960083,80.2668609619,81717,81727,10
13.0304698944,80.2667770386,81727,81738,11
13.0299797058,80.2667007446,81738,81748,10
13.0295696259,80.2666397095,81748,81758,10
13.0292196274,80.2665405273,81758,81768,10
13.0289802551,80.2664413452,81768,81778,10
13.028719902,80.2663803101,81778,81788,10
13.028260231,80.2663116455,81788,81798,10
13.0278701782,80.2662277222,81798,81808,10
13.0274400711,80.2661819458,81808,81818,10
13.0270700455,80.2661819458,81818,81980,162
13.0270700455,80.2661819458,81980,81990,10
13.0267801285,80.2660827637,81990,82000,10
13.0264797211,80.2660598755,82000,82687,687
13.0261898041,80.2659835815,82687,83061,374
13.0261898041,80.2659835815,83061,83071,10
13.0260400772,80.2661437988,83071,83121,50
13.0260400772,80.2661437988,83121,83131,10
13.026260376,80.2664718628,83131,83465,334
13.026260376,80.2664718628,83465,83475,10
13.0261201859,80.2660827637,83475,83838,363
13.0263700485,80.265838623,83838,85484,1646
13.0263700485,80.265838623,85484,85494,10
13.0261898041,80.2660522461,85494,85939,445
13.0261898041,80.2660522461,85939,85949,10
