13.0144500732,80.2256011963,21,345,324
13.0144796371,80.2256011963,345,3879,3534
13.014380455,80.2254180908,3879,8325,4446
13.0144996643,80.2255706787,8325,23152,14827
13.0144996643,80.2255706787,23152,23162,10
13.0144901276,80.2257537842,23162,23172,10
13.0144195557,80.2258377075,23172,23182,10
13.0142202377,80.2261810303,23182,23202,20
13.0142202377,80.2261810303,23202,23212,10
13.0139799118,80.226348877,23212,23222,10
13.0135002136,80.2265090942,23222,23233,11
13.012720108,80.2267990112,23233,23243,10
13.0119199753,80.2270889282,23243,23253,10
13.0110197067,80.2274398804,23253,23263,10
13.0101099014,80.2278137207,23263,23273,10
13.0095396042,80.2275924683,23273,23283,10
13.0098695755,80.2268981934,23283,23293,10
13.0102500916,80.2261123657,23293,23303,10
13.0106096268,80.2252883911,23303,23313,10
13.0109596252,80.2244567871,23313,23324,11
13.0113201141,80.2234802246,23324,23334,10
13.0116596222,80.22265625,23334,23344,10
13.0120000839,80.2217712402,23344,23354,10
13.0123300552,80.2214431763,23354,23364,10
13.0125999451,80.221862793,23364,23374,10
13.0130901337,80.2223968506,23374,23384,10
13.0137395859,80.2230682373,23384,23395,11
13.0142602921,80.2236785889,23395,23405,10
13.0148601532,80.2242584229,23405,23415,10
13.0154399872,80.2249221802,23415,23425,10
13.015999794,80.2252883911,23425,23435,10
13.0167999268,80.2252120972,23435,23445,10
13.0177297592,80.2248382568,23445,23455,10
13.0187101364,80.2244415283,23455,23465,10
13.0195598602,80.2244491577,23465,23476,11
13.0202598572,80.2249069214,23476,23486,10
13.0209999084,80.225440979,23486,23496,10
13.0217599869,80.226020813,23496,23506,10
13.0225000381,80.2266311646,23506,23516,10
13.0232200623,80.2272796631,23516,23526,10
13.0238895416,80.227897644,23526,23536,10
13.0242595673,80.2283172607,23536,23546,10
13.0243797302,80.2285919189,23546,23557,11
13.0241203308,80.2284469604,23557,23567,10
13.0238895416,80.2281112671,23567,23577,10
13.0234203339,80.2276306152,23577,23597,20
13.0234203339,80.2276306152,23597,23607,10
13.0233001709,80.2274627686,23607,23617,10
13.0231599808,80.2273025513,23617,23627,10
13.0228395462,80.2270126343,23627,23638,11
13.0224704742,80.2266311646,23638,23648,10
13.0218896866,80.2261581421,23648,23658,10
13.0212202072,80.2256393433,23658,23668,10
13.0204696655,80.225112915,23668,23678,10
13.0197401047,80.2246170044,23678,23688,10
13.0188798904,80.2244415283,23688,23698,10
13.0179195404,80.2248001099,23698,23708,10
13.0169696808,80.2252197266,23708,23719,11
13.0161104202,80.2255630493,23719,23729,10
13.0153999329,80.2257919312,23729,23739,10
13.0147600174,80.22605896,23739,23749,10
13.0144100189,80.2261810303,23749,23759,10
13.0143003464,80.2262191772,23759,23769,10
13.0137901306,80.2264328003,23769,23779,10
13.0130796432,80.2267074585,23779,23789,10
13.0122098923,80.2270584106,23789,23800,11
13.0111103058,80.2274932861,23800,23810,10
13.0100803375,80.227897644,23810,23820,10
13.009180069,80.2283935547,23820,23830,10
13.0089502335,80.2294006348,23830,23840,10
13.0087499619,80.230506897,23840,23850,10
13.0085601807,80.2315826416,23850,23860,10
13.0083503723,80.2326278687,23860,23870,10
13.0082397461,80.2334594727,23870,23881,11
13.0082197189,80.2335586548,23881,23891,10
13.0081701279,80.2337265015,23891,23901,10
13.0080795288,80.2341766357,23901,23911,10
13.0079202652,80.2349014282,23911,23921,10
13.0076999664,80.2358932495,23921,23931,10
13.0074901581,80.2369537354,23931,23941,10
13.0072898865,80.2380981445,23941,23951,10
13.0071401596,80.2389984131,23951,23962,11
13.006939888,80.2399597168,23962,23992,30
13.006939888,80.2399597168,23992,24002,10
13.0068798065,80.2402420044,24002,24012,10
13.0067996979,80.2407684326,24012,24022,10
13.0067195892,80.2416000366,24022,24032,10
13.0067100525,80.2425994873,24032,24043,11
13.0066699982,80.2434234619,24043,24053,10
13.0066099167,80.2446136475,24053,24063,10
13.0066404343,80.2456283569,24063,24073,10
13.0066900253,80.2466506958,24073,24083,10
13.0065498352,80.2474136353,24083,24093,10
13.0061197281,80.2473907471,24093,24103,10
13.0061101913,80.2473831177,24103,24113,10
13.0057201385,80.2472915649,24113,24124,11
13.0049495697,80.2473373413,24124,24134,10
13.0039596558,80.2474594116,24134,24144,10
13.002869606,80.2476272583,24144,24154,10
13.0018396378,80.2478713989,24154,24164,10
13.0006999969,80.2481613159,24164,24174,10
12.9994802475,80.2484664917,24174,24184,10
12.9983997345,80.2487716675,24184,24194,10
12.9981203079,80.248840332,24194,24205,11
12.9977197647,80.248916626,24205,24215,10
12.9969501495,80.2490692139,24215,24225,10
12.995880127,80.2493209839,24225,24235,10
12.9946804047,80.2496185303,24235,24245,10
12.9934997559,80.249961853,24245,24255,10
12.9922399521,80.2502822876,24255,24265,10
12.9912500381,80.2505722046,24265,24275,10
12.9911298752,80.250579834,24275,24286,11
12.99077034,80.2506103516,24286,24296,10
12.9900398254,80.2507781982,24296,24306,10
12.9890699387,80.2509765625,24306,24316,10
12.9882802963,80.2512207031,24316,24356,40
12.9882802963,80.2512207031,24356,24367,11
12.9880504608,80.2513198853,24367,24377,10
12.9876298904,80.2514419556,24377,24387,10
12.9871196747,80.2515869141,24387,24397,10
12.9864397049,80.2517929077,24397,24407,10
12.9856996536,80.251953125,24407,24417,10
12.9847097397,80.2522201538,24417,24427,10
12.9835500717,80.252532959,24427,24437,10
12.9823102951,80.2526702881,24437,24448,11
12.9810199738,80.2527008057,24448,24458,10
12.9803104401,80.2527618408,24458,24468,10
12.9798498154,80.252746582,24468,24478,10
12.9791898727,80.2526702881,24478,24488,10
12.9786195755,80.2525787354,24488,24498,10
12.9784698486,80.2524719238,24498,24508,10
12.97797966,80.2520828247,24508,24518,10
12.9772796631,80.2514801025,24518,24529,11
12.9761400223,80.2510681152,24529,24539,10
12.9749603271,80.2507476807,24539,24549,10
12.9737300873,80.2504196167,24549,24559,10
12.9724798203,80.2500915527,24559,24569,10
12.9712200165,80.2497406006,24569,24579,10
12.9699897766,80.2493362427,24579,24589,10
12.9688100815,80.248840332,24589,24599,10
12.9677000046,80.2483978271,24599,24610,11
12.9666795731,80.2479324341,24610,24620,10
12.9657497406,80.247543335,24620,24630,10
12.9650297165,80.2473068237,24630,24640,10
12.9649000168,80.247253418,24640,24650,10
12.9644002914,80.2470321655,24650,24660,10
12.9636497498,80.2467727661,24660,24670,10
12.9628000259,80.2463226318,24670,24680,10
12.9617204666,80.2457885742,24680,24691,11
12.9604501724,80.2451934814,24691,24701,10
12.9595403671,80.2448272705,24701,24711,10
12.9593601227,80.2447433472,24711,24721,10
12.9589300156,80.2445373535,24721,24731,10
12.9582004547,80.2442321777,24731,24741,10
12.9575500488,80.2440032959,24741,24751,10
12.9564599991,80.2435913086,24751,24771,20
12.9564599991,80.2435913086,24771,24782,11
12.9560499191,80.2434310913,24782,24792,10
12.9553804398,80.2431030273,24792,24802,10
12.9544801712,80.2427215576,24802,24812,10
12.9534502029,80.2422866821,24812,24822,10
12.9524002075,80.2418670654,24822,24832,10
12.9517602921,80.2416381836,24832,24842,10
12.9515304565,80.2415618896,24842,24852,10
12.9508800507,80.2413482666,24852,24863,11
12.9499702454,80.2410888672,24863,24873,10
12.948969841,80.240737915,24873,24883,10
12.9484796524,80.2405166626,24883,24893,10
12.9477396011,80.2402191162,24893,24903,10
12.9471998215,80.2400283813,24903,24913,10
12.9471797943,80.240020752,24913,24923,10
12.9470701218,80.239982605,24923,24933,10
12.9464998245,80.2397384644,24933,24944,11
12.9457998276,80.2394332886,24944,24954,10
12.9449901581,80.2388534546,24954,24964,10
12.9441995621,80.2379989624,24964,24974,10
12.9433698654,80.2370986938,24974,24984,10
12.9423599243,80.2364425659,24984,24994,10
12.9411096573,80.2361221313,24994,25003,9
12.940079689,80.2358703613,25003,25014,11
12.9397802353,80.2357711792,25014,25025,11
12.9397296906,80.235748291,25025,25035,10
12.9392995834,80.2355422974,25035,25045,10
12.9385995865,80.2351531982,25045,25055,10
12.9376497269,80.2346801758,25055,25065,10
12.9367904663,80.2342681885,25065,25075,10
12.9357795715,80.2338027954,25075,25085,10
12.9350099564,80.2334365845,25085,25095,10
12.9341096878,80.233039856,25095,25106,11
12.9338502884,80.2329177856,25106,25116,10
12.9337396622,80.2328720093,25116,25126,10
12.9332304001,80.2326278687,25126,25136,10
12.9324302673,80.2323226929,25136,25146,10
12.9314002991,80.2319717407,25146,25156,10
12.9302597046,80.2316436768,25156,25166,10
12.9291000366,80.2313766479,25166,25176,10
12.9278202057,80.2311706543,25176,25187,11
12.92648983,80.231010437,25187,25197,10
12.9260196686,80.23097229,25197,25207,10
12.9258699417,80.2309494019,25207,25217,10
12.925330162,80.2308731079,25217,25227,10
12.924539566,80.2307815552,25227,25237,10
12.9235401154,80.2306594849,25237,25247,10
12.9223604202,80.2304916382,25247,25257,10
12.9210700989,80.2303085327,25257,25268,11
12.9196100235,80.2301177979,25268,25278,10
12.9184303284,80.2299499512,25278,25288,10
12.9173002243,80.2298126221,25288,25298,10
12.9162101746,80.2296676636,25298,25308,10
12.9151296616,80.2295074463,25308,25318,10
12.9141197205,80.2293777466,25318,25328,10
12.9133996964,80.2293014526,25328,25338,10
12.9133300781,80.2292785645,25338,25349,11
12.9128103256,80.2291793823,25349,25359,10
12.9120197296,80.2290725708,25359,25369,10
12.9110002518,80.2289199829,25369,25379,10
12.9098901749,80.2287521362,25379,25389,10
12.9087600708,80.2285614014,25389,25399,10
12.9077796936,80.2284088135,25399,25409,10
12.9069404602,80.2283172607,25409,25419,10
12.9063100815,80.2282791138,25419,25430,11
12.9060897827,80.2282562256,25430,25440,10
12.905500412,80.2282180786,25440,25450,10
12.9046297073,80.2281417847,25450,25460,10
12.9035997391,80.2280883789,25460,25470,10
12.9024600983,80.2280197144,25470,25480,10
12.9012804031,80.2279510498,25480,25490,10
12.9005002975,80.2279129028,25490,25500,10
12.8998298645,80.227897644,25500,25511,11
12.8997297287,80.2278900146,25511,25521,10
12.8996200562,80.2278823853,25521,25531,10
12.899479866,80.2278823853,25531,25541,10
12.8991603851,80.2278366089,25541,25551,10
12.8985595703,80.2277984619,25551,25561,10
12.8977298737,80.2277374268,25561,25571,10
12.8966703415,80.2276916504,25571,25581,10
12.8955001831,80.2276382446,25581,25592,11
12.8942203522,80.2275772095,25592,25602,10
12.8930702209,80.2274475098,25602,25612,10
12.89220047,80.2273635864,25612,25622,10
12.8911600113,80.2273406982,25622,25632,10
12.8899402618,80.2273406982,25632,25642,10
12.8886804581,80.2273406982,25642,25652,10
12.8874998093,80.2272567749,25652,25662,10
12.8863201141,80.2269973755,25662,25673,11
12.8851099014,80.2267379761,25673,25683,10
12.8847398758,80.2267303467,25683,25693,10
12.8844995499,80.2267227173,25693,25703,10
12.883890152,80.2267227173,25703,25713,10
12.8830499649,80.2267227173,25713,25723,10
12.8819599152,80.2267227173,25723,25733,10
12.8807401657,80.2267379761,25733,25743,10
12.8794898987,80.2267379761,25743,25754,11
12.8780202866,80.2268295288,25754,25764,10
12.8768901825,80.2269363403,25764,25774,10
12.8764696121,80.2269821167,25774,25784,10
12.8762598038,80.2269897461,25784,25794,10
12.8756799698,80.2269821167,25794,25804,10
12.8748502731,80.2268981934,25804,25814,10
12.8737602234,80.2267608643,25814,25824,10
12.872759819,80.2267227173,25824,25835,11
12.8725004196,80.2267074585,25835,25845,10
12.8720998764,80.2266998291,25845,25855,10
12.8713703156,80.2266693115,25855,25865,10
12.8704099655,80.2266082764,25865,25875,10
12.8692502975,80.2264633179,25875,25885,10
12.8680000305,80.2263870239,25885,25895,10
12.8668498993,80.2265014648,25895,25905,10
12.8658304214,80.2265930176,25905,25916,11
12.8645401001,80.2265777588,25916,25926,10
12.8632802963,80.2265396118,25926,25936,10
12.8619804382,80.2265930176,25936,25946,10
12.8608598709,80.226600647,25946,25956,10
12.8598003387,80.2264633179,25956,25966,10
12.8588199615,80.2263183594,25966,25976,10
12.8577604294,80.2262573242,25976,25986,10
12.8565702438,80.2263565063,25986,25997,11
12.8551902771,80.2265090942,25997,26007,10
12.8538799286,80.2266464233,26007,26017,10
12.8525495529,80.2267074585,26017,26027,10
12.8511896133,80.2266464233,26027,26037,10
12.8501195908,80.2266082764,26037,26047,10
12.8499803543,80.2266082764,26047,26057,10
12.8495702744,80.2266082764,26057,26067,10
12.8488197327,80.226600647,26067,26078,11
12.8476896286,80.2266082764,26078,26088,10
12.8465204239,80.2266082764,26088,26098,10
12.8455295563,80.2266082764,26098,26108,10
12.8453302383,80.2266082764,26108,26118,10
12.8450603485,80.2266082764,26118,26128,10
12.844420433,80.2266464233,26128,26138,10
12.8435497284,80.2267608643,26138,26148,10
12.8424596786,80.2269592285,26148,26159,11
12.8411197662,80.2272567749,26159,26169,10
12.8402004242,80.2275238037,26169,26179,10
12.8399000168,80.2275924683,26179,26189,10
12.8398399353,80.2276077271,26189,26199,10
12.8397397995,80.2276535034,26199,26209,10
12.8397197723,80.2276611328,26209,26219,10
12.8396100998,80.2276611328,26219,26229,10
12.8391399384,80.2278213501,26229,26240,11
12.8382797241,80.2280502319,26240,26250,10
12.8372402191,80.2282562256,26250,26260,10
12.8360395432,80.2284393311,26260,26270,10
12.8347501755,80.2286300659,26270,26280,10
12.833439827,80.2288589478,26280,26290,10
12.832280159,80.2290802002,26290,26300,10
12.8317403793,80.2291793823,26300,26310,10
12.831580162,80.2289505005,26310,26321,11
12.831580162,80.2288284302,26321,26331,10
12.8315896988,80.2287826538,26331,26341,10
12.8315296173,80.2284164429,26341,26351,10
12.8313798904,80.2276992798,26351,26361,10
12.8311901093,80.2267837524,26361,26371,10
12.8310899734,80.2256088257,26371,26381,10
12.8310899734,80.2247695923,26381,26391,10
12.8311004639,80.2244262695,26391,26402,11
12.8311195374,80.2236709595,26402,26412,10
12.8311300278,80.2227630615,26412,26422,10
12.8311300278,80.2222213745,26422,26432,10
12.8311300278,80.2217330933,26432,26442,10
12.8311500549,80.220916748,26442,26452,10
12.8311395645,80.2199707031,26452,26462,10
12.8311300278,80.219619751,26462,26472,10
12.8305902481,80.2194900513,26472,26483,11
12.8296403885,80.2194824219,26483,26493,10
12.8285503387,80.2194900513,26493,26503,10
12.8277397156,80.2194976807,26503,26523,20
12.8277397156,80.2194976807,26523,26533,10
12.8276395798,80.2194900513,26533,26543,10
12.827170372,80.2194671631,26543,26553,10
12.8265800476,80.2194824219,26553,26564,11
12.8259801865,80.2194366455,26564,26574,10
12.8257303238,80.2194290161,26574,26584,10
12.8256597519,80.2194137573,26584,26594,10
12.8251495361,80.2193984985,26594,26604,10
12.8242998123,80.2194137573,26604,26614,10
12.8234901428,80.2194137573,26614,26624,10
12.8229398727,80.2194366455,26624,26634,10
12.822810173,80.2194366455,26634,26645,11
12.8226299286,80.2190475464,26645,26655,10
12.8226604462,80.2186126709,26655,26665,10
12.8227500916,80.2169723511,26665,26675,10
12.8227500916,80.2169723511,26675,26685,10
12.8227596283,80.216217041,26685,26695,10
12.8227596283,80.2160873413,26695,26705,10
12.8229103088,80.2159729004,26705,26715,10
12.8231897354,80.2159805298,26715,26726,11
12.8239002228,80.216003418,26726,26736,10
12.8249502182,80.2159881592,26736,27785,1049
12.8249502182,80.2159881592,27785,27795,10
12.8250198364,80.2160110474,27795,27805,10
12.8252601624,80.2160263062,27805,27815,10
12.8256397247,80.2160263062,27815,27825,10
12.8258600235,80.2161026001,27825,27835,10
12.8259296417,80.2165527344,27835,27845,10
12.8259096146,80.2171707153,27845,27856,11
12.8259000778,80.2180023193,27856,27866,10
12.8259000778,80.2188186646,27866,27876,10
12.8259000778,80.219291687,27876,27886,10
12.826210022,80.2193984985,27886,27896,10
12.8268404007,80.2193984985,27896,27906,10
12.8273096085,80.2193984985,27906,27916,10
12.827340126,80.2193984985,27916,27926,10
12.8275499344,80.2193984985,27926,27937,11
12.8281002045,80.2194137573,27937,27947,10
12.8288297653,80.2194213867,27947,27957,10
12.8297700882,80.2194213867,27957,27967,10
12.830499649,80.2194213867,27967,27977,10
12.8309602737,80.2194366455,27977,27987,10
12.8312101364,80.2196807861,27987,27997,10
12.831199646,80.2200775146,27997,28007,10
12.8311796188,80.2206497192,28007,28018,11
12.8311395645,80.2215270996,28018,28028,10
12.8311500549,80.222076416,28028,28038,10
12.8311595917,80.2225570679,28038,28048,10
12.8311700821,80.2233963013,28048,28058,10
12.8311796188,80.2243423462,28058,28068,10
12.8311700821,80.2247314453,28068,28078,10
12.8311595917,80.2253570557,28078,28088,10
12.8311500549,80.2261505127,28088,28099,11
12.831319809,80.2271270752,28099,28109,10
12.8315401077,80.2280807495,28109,28119,10
12.8316898346,80.2288589478,28119,28129,10
12.8317804337,80.2291183472,28129,28139,10
12.8320903778,80.2291030884,28139,28149,10
12.83273983,80.2289581299,28149,28159,10
12.8336400986,80.2288131714,28159,28169,10
12.8346500397,80.2286300659,28169,28180,11
12.8358001709,80.2284698486,28180,28190,10
12.836810112,80.2283096313,28190,28200,10
12.8379001617,80.2281188965,28200,28210,10
12.8388996124,80.2278671265,28210,28220,10
12.8393201828,80.2277526855,28220,28230,10
12.8394699097,80.2277069092,28230,28342,112
12.8394699097,80.2277069092,28342,28352,10
12.8396196365,80.2276611328,28352,28362,10
12.8401098251,80.2275390625,28362,28372,10
12.8408603668,80.2273406982,28372,28382,10
12.8418197632,80.2270812988,28382,28392,10
12.8428602219,80.2268829346,28392,28402,10
12.8439502716,80.2266998291,28402,28412,10
12.8450098038,80.2265777588,28412,28423,11
12.845410347,80.2265625,28423,28433,10
12.845459938,80.2265625,28433,28443,10
12.8459396362,80.2265625,28443,28453,10
12.8466997147,80.2265472412,28453,28463,10
12.847700119,80.2265396118,28463,28473,10
12.8488397598,80.2265319824,28473,28483,10
12.8499603271,80.2265319824,28483,28493,10
12.8502902985,80.2265319824,28493,28504,11
12.8508796692,80.2265472412,28504,28514,10
12.8517198563,80.2265930176,28514,28524,10
12.852809906,80.2266387939,28524,28534,10
12.854060173,80.2265777588,28534,28544,10
12.8553495407,80.2264404297,28544,28554,10
12.8566904068,80.2263031006,28554,28564,10
12.8580198288,80.2261962891,28564,28574,10
12.8592300415,80.2262878418,28574,28585,11
12.8604698181,80.2264709473,28585,28595,10
12.8607597351,80.2265167236,28595,28605,10
12.8611097336,80.2265625,28605,28615,10
12.8617801666,80.2265396118,28615,28625,10
12.8626804352,80.2265014648,28625,28635,10
12.863820076,80.2265014648,28635,28645,10
12.8650999069,80.2265625,28645,28655,10
12.866399765,80.2265319824,28655,28665,10
12.8676996231,80.2264099121,28665,28676,11
12.8691997528,80.2264099121,28676,28686,10
12.8705797195,80.2265625,28686,28696,10
12.8718795776,80.2266311646,28696,28706,10
12.8727798462,80.2266387939,28706,28736,30
12.8727798462,80.2266387939,28736,28746,10
12.8729400635,80.2266387939,28746,28757,11
12.8731002808,80.2266464233,28757,28767,10
12.8736696243,80.2266769409,28767,28777,10
12.8744697571,80.2267608643,28777,28787,10
12.8753995895,80.2268829346,28787,28797,10
12.8761997223,80.2269134521,28797,28807,10
12.8766002655,80.226890564,28807,28817,10
12.876709938,80.226890564,28817,28827,10
12.877120018,80.2268676758,28827,28838,11
12.877869606,80.2267990112,28838,28848,10
12.8788404465,80.2267379761,28848,28858,10
12.8799800873,80.2266998291,28858,28868,10
12.8811903,80.2266769409,28868,28878,10
12.8824596405,80.2266998291,28878,28888,10
12.8835201263,80.2266921997,28888,28898,10
12.8854703903,80.2266998291,28898,28919,21
12.8854703903,80.2266998291,28919,28929,10
12.8856897354,80.2267608643,28929,28939,10
12.886300087,80.2269210815,28939,28949,10
12.8870697021,80.2270965576,28949,28959,10
12.8879003525,80.2272262573,28959,28969,10
12.8889503479,80.2273025513,28969,28979,10
12.8901700974,80.2273025513,28979,28989,10
12.8913202286,80.2273025513,28989,29000,11
12.8920602798,80.2272796631,29000,29030,30
12.8920602798,80.2272796631,29030,29040,10
12.8923301697,80.2273025513,29040,29050,10
12.8928499222,80.2273635864,29050,29060,10
12.8935604095,80.2274627686,29060,29070,10
12.894610405,80.2275695801,29070,29081,11
12.8957195282,80.2276229858,29081,29091,10
12.8969402313,80.2276611328,29091,29101,10
12.8979701996,80.227722168,29101,29111,10
12.8989896774,80.2277832031,29111,29121,10
12.8999996185,80.2278213501,29121,29131,10
12.9007301331,80.2278518677,29131,29192,61
12.9007301331,80.2278518677,29192,29202,10
12.900970459,80.227897644,29202,29212,10
12.9014101028,80.2279815674,29212,29222,10
12.9021100998,80.2279891968,29222,29232,10
12.9028701782,80.2280197144,29232,29243,11
12.9031200409,80.2279891968,29243,29253,10
12.9031801224,80.2279891968,29253,29263,10
12.9036197662,80.2280426025,29263,29273,10
12.9040603638,80.2280807495,29273,29283,10
12.9042797089,80.2280807495,29283,29293,10
12.9046401978,80.2281112671,29293,29303,10
12.9052400589,80.2281265259,29303,29313,10
12.9060201645,80.2281723022,29313,29324,11
12.9065504074,80.2282028198,29324,29334,10
12.9067802429,80.2282180786,29334,29344,10
12.9070701599,80.2282409668,29344,29354,10
12.9074001312,80.2282791138,29354,29364,10
12.9081096649,80.2284011841,29364,29374,10
12.9090995789,80.2285614014,29374,29384,10
12.9102096558,80.2287597656,29384,29394,10
12.9114198685,80.2289505005,29394,29405,11
12.9127597809,80.2291183472,29405,29415,10
12.913769722,80.2292327881,29415,29425,10
12.9139900208,80.2292709351,29425,29435,10
12.9140396118,80.2292785645,29435,29445,10
12.9145298004,80.2293624878,29445,29455,10
12.915309906,80.2294616699,29455,29465,10
12.9162597656,80.229598999,29465,29475,10
12.9172201157,80.2297210693,29475,29486,11
12.9183397293,80.229888916,29486,29496,10
12.9191799164,80.2300109863,29496,29506,10
12.9201602936,80.230140686,29506,29516,10
12.9213104248,80.2302780151,29516,29526,10
12.922539711,80.2304611206,29526,29536,10
12.9238195419,80.2306518555,29536,29546,10
12.9251003265,80.230796814,29546,29556,10
12.9261703491,80.2309036255,29556,29567,11
12.9264602661,80.2309417725,29567,29577,10
12.9265699387,80.2309570313,29577,29587,10
12.9270095825,80.231010437,29587,29597,10
12.9277095795,80.2311019897,29597,29607,10
12.9286003113,80.2312088013,29607,29617,10
12.9296503067,80.2314224243,29617,29627,10
12.9308099747,80.2317199707,29627,29637,10
12.9319095612,80.2320709229,29637,29647,10
12.9328899384,80.2324066162,29647,29658,11
12.9336900711,80.2327575684,29658,29668,10
12.933719635,80.2327804565,29668,29678,10
12.9340295792,80.2329177856,29678,29688,10
12.9347000122,80.2332229614,29688,29698,10
12.9354600906,80.2335510254,29698,29708,10
12.9356899261,80.2336578369,29708,29718,10
12.9357404709,80.2336807251,29718,29728,10
12.9361600876,80.2338790894,29728,29739,11
12.9368896484,80.2342605591,29739,29749,10
12.9377603531,80.2346878052,29749,29759,10
12.9387302399,80.235168457,29759,29769,10
12.9395999908,80.2355880737,29769,29779,10
12.9398403168,80.2356872559,29779,29789,10
12.9399795532,80.2357330322,29789,29799,10
12.9405498505,80.2359237671,29799,29809,10
12.9412603378,80.2360992432,29809,29820,11
12.9421396255,80.2363128662,29820,29830,10
12.9428596497,80.236618042,29830,29840,10
12.9435796738,80.2372131348,29840,29850,10
12.9442796707,80.2379837036,29850,29860,10
12.9450502396,80.238822937,29860,29870,10
12.9459400177,80.2394180298,29870,29880,10
12.9467601776,80.2397384644,29880,29961,81
12.9467601776,80.2397384644,29961,29971,10
12.9470596313,80.2398376465,29971,29982,11
12.9476900101,80.2401123047,29982,29992,10
12.9481401443,80.2403030396,29992,30002,10
12.948340416,80.2403869629,30002,30275,273
12.948340416,80.2403869629,30275,30285,10
12.9484796524,80.2404632568,30285,30295,10
12.9486904144,80.2405395508,30295,30306,11
12.9490499496,80.2406997681,30306,30316,10
12.949549675,80.2408905029,30316,30326,10
12.9502696991,80.2410888672,30326,30336,10
12.9508304596,80.2412719727,30336,30346,10
12.9511203766,80.2413482666,30346,30356,10
12.9511604309,80.2413635254,30356,30366,10
12.9515695572,80.2415313721,30366,30376,10
12.952249527,80.2417678833,30376,30387,11
12.9530801773,80.2420883179,30387,30397,10
12.9535503387,80.2423095703,30397,30407,10
12.9539699554,80.242477417,30407,30417,10
12.9545202255,80.2427062988,30417,30427,10
12.9551801682,80.242980957,30427,30437,10
12.9562702179,80.2434234619,30437,30498,61
12.9562702179,80.2434234619,30498,30508,10
12.9566898346,80.2435913086,30508,30518,10
12.9573497772,80.2438278198,30518,30528,10
12.9581403732,80.2441635132,30528,30538,10
12.9586400986,80.2443389893,30538,30549,11
12.9586696625,80.2443618774,30549,30559,10
12.9587697983,80.2444610596,30559,30569,10
12.9591703415,80.2446365356,30569,30579,10
12.9597702026,80.2449035645,30579,30589,10
12.9605302811,80.2452468872,30589,30599,10
12.9614801407,80.2456970215,30599,30609,10
12.9624900818,80.2461776733,30609,30619,10
12.9633197784,80.2465820313,30619,30670,51
12.9633197784,80.2465820313,30670,30680,10
12.9635696411,80.2467422485,30680,30690,10
12.9640798569,80.2469406128,30690,30700,10
12.9647798538,80.2471923828,30700,30710,10
12.9655799866,80.2474594116,30710,30721,11
12.9664297104,80.2477874756,30721,30731,10
12.9669799805,80.2479934692,30731,30741,10
12.967040062,80.2480316162,30741,30751,10
12.9672002792,80.2481384277,30751,30761,10
12.9677000046,80.2483825684,30761,30771,10
12.9684295654,80.2486877441,30771,30781,10
12.9693698883,80.2490615845,30781,30791,10
12.970459938,80.2494888306,30791,30802,11
12.9717798233,80.2498779297,30802,30812,10
12.9730195999,80.250213623,30812,30822,10
12.9742002487,80.2505111694,30822,30832,10
12.9754104614,80.250869751,30832,30842,10
12.9766597748,80.2512283325,30842,30852,10
12.9777402878,80.251739502,30852,30862,10
12.9784698486,80.2522888184,30862,30872,10
12.9785699844,80.2523498535,30872,30883,11
12.9787197113,80.2524490356,30883,30893,10
12.9792995453,80.2525863647,30893,30923,30
12.9792995453,80.2525863647,30923,30933,10
12.9796104431,80.2526092529,30933,30943,10
12.9801101685,80.2526473999,30943,30953,10
12.9807500839,80.2526473999,30953,30964,11
12.9816904068,80.2526092529,30964,30974,10
12.9826402664,80.252571106,30974,30984,10
12.9834098816,80.2524795532,30984,31065,81
12.9834098816,80.2524795532,31065,31075,10
12.9836597443,80.2524337769,31075,31085,10
12.9842395782,80.252281189,31085,31095,10
12.9849596024,80.2520828247,31095,31105,10
12.9854898453,80.2519378662,31105,31115,10
12.9859695435,80.2518081665,31115,31126,11
12.9865999222,80.2516708374,31126,31136,10
12.9872903824,80.2514724731,31136,31358,222
12.9872903824,80.2514724731,31358,31369,11
12.9874000549,80.2514724731,31369,31379,10
12.9876403809,80.2514038086,31379,31389,10
12.9881000519,80.2512893677,31389,31399,10
12.9888601303,80.251121521,31399,31409,10
12.9894800186,80.2509307861,31409,31419,10
12.9894800186,80.2509231567,31419,31429,10
12.9896802902,80.2508621216,31429,31439,10
12.990240097,80.2507324219,31439,31450,11
12.9910497665,80.2505187988,31450,31460,10
12.9919996262,80.250289917,31460,31470,10
12.9930696487,80.250038147,31470,31480,10
12.9941902161,80.2497406006,31480,31490,10
12.9953203201,80.2494735718,31490,31500,10
12.9964599609,80.2491607666,31500,31510,10
12.9967603683,80.2490463257,31510,31520,10
12.9968700409,80.2490310669,31520,31531,11
12.9974498749,80.2488937378,31531,31541,10
12.9982204437,80.2487030029,31541,31551,10
12.9991798401,80.2484664917,31551,31561,10
13.0003099442,80.2481918335,31561,31571,10
13.0014295578,80.2479171753,31571,31581,10
13.0020599365,80.2477874756,31581,31591,10
13.0024003983,80.2476806641,31591,31601,10
13.0031795502,80.247543335,31601,31612,11
13.0042896271,80.2473831177,31612,31622,10
13.0053195953,80.2472305298,31622,31632,10
13.0061798096,80.2469329834,31632,31642,10
13.0065498352,80.246421814,31642,31652,10
13.0065402985,80.2463989258,31652,31662,10
13.0065898895,80.2460784912,31662,31672,10
13.0066404343,80.2454910278,31672,31682,10
13.0066404343,80.2448272705,31682,31692,10
13.0066604614,80.2440490723,31692,31703,11
13.0066204071,80.2430877686,31703,31713,10
13.0066003799,80.2421722412,31713,31723,10
13.0065803528,80.2416229248,31723,31733,10
13.0065803528,80.2414932251,31733,31743,10
13.0065803528,80.2412185669,31743,31753,10
13.0066003799,80.2409896851,31753,31804,51
13.0066003799,80.2409896851,31804,31814,10
13.0066995621,80.2406234741,31814,31824,10
13.0067100525,80.2405014038,31824,31834,10
13.0068302155,80.2401809692,31834,31844,10
13.0069904327,80.2396011353,31844,31854,10
13.0070896149,80.2386322021,31854,31865,11
13.0072898865,80.2375869751,31865,31875,10
13.007399559,80.236831665,31875,31885,10
13.0074396133,80.236656189,31885,31895,10
13.0074901581,80.2365570068,31895,31905,10
13.0075998306,80.2361221313,31905,31915,10
13.0077295303,80.2354736328,31915,31925,10
13.007900238,80.2346496582,31925,31935,10
13.0081300735,80.2336273193,31935,31946,11
13.0084104538,80.2322998047,31946,31956,10
13.008649826,80.2310714722,31956,31966,10
13.0089197159,80.2298431396,31966,31976,10
13.0091495514,80.2286300659,31976,31986,10
13.0094804764,80.2275924683,31986,31996,10
13.0099496841,80.2265472412,31996,32006,10
13.0103797913,80.2257080078,32006,32016,10
13.0107603073,80.2249832153,32016,32027,11
13.0110397339,80.2243118286,32027,32037,10
13.0111904144,80.2239227295,32037,32047,10
13.0112104416,80.2237625122,32047,32057,10
13.0114002228,80.2233428955,32057,32067,10
13.0116500854,80.2227096558,32067,32077,10
13.0119104385,80.2219085693,32077,32087,10
13.0122299194,80.221496582,32087,32097,10
13.0123901367,80.2215270996,32097,32108,11
13.0126199722,80.2219314575,32108,32118,10
13.0129499435,80.2223815918,32118,32128,10
13.0134000778,80.2228164673,32128,32138,10
13.0138301849,80.2232894897,32138,32148,10
13.0142498016,80.2238388062,32148,32158,10
13.0147104263,80.2243728638,32158,32168,10
13.0151100159,80.2247314453,32168,32178,10
13.0156097412,80.2251663208,32178,32199,21
13.0156097412,80.2251663208,32199,32209,10
13.0159502029,80.2253189087,32209,32219,10
13.0165700912,80.2253189087,32219,32229,10
13.0172996521,80.2250366211,32229,32239,10
13.018119812,80.2247009277,32239,32249,10
13.0189304352,80.2243804932,32249,32259,10
13.0193395615,80.2242965698,32259,32290,31
13.0193395615,80.2242965698,32290,32300,10
13.0195798874,80.2244491577,32300,32310,10
13.0197296143,80.2245635986,32310,32320,10
13.0200195313,80.2247924805,32320,32330,10
13.0205001831,80.2251281738,32330,32340,10
13.0209598541,80.2254486084,32340,32350,10
13.0213603973,80.2257995605,32350,32361,11
13.0220403671,80.2262573242,32361,33029,668
13.0220403671,80.2262573242,33029,33039,10
13.0222301483,80.226600647,33039,33049,10
13.0222997665,80.2266387939,33049,33059,10
13.0223999023,80.2267227173,33059,33090,31
13.0223999023,80.2267227173,33090,33100,10
13.0225400925,80.2267303467,33100,33110,10
13.0227098465,80.2268981934,33110,33120,10
13.0229301453,80.2271499634,33120,33130,10
13.0231895447,80.2274017334,33130,33140,10
13.0234899521,80.2276763916,33140,33150,10
13.0238800049,80.2280197144,33150,33161,11
13.0242395401,80.2284088135,33161,33272,111
13.0242395401,80.2284088135,33272,33282,10
13.0242204666,80.2285079956,33282,33292,10
13.0239295959,80.2281188965,33292,33302,10
13.0235395432,80.227722168,33302,33353,51
13.0235395432,80.227722168,33353,33363,10
13.0233297348,80.2274093628,33363,33373,10
13.0231800079,80.2273025513,33373,33383,10
13.0229301453,80.2270507813,33383,33393,10
13.0226898193,80.2268218994,33393,33403,10
13.0223398209,80.2264862061,33403,33414,11
13.0218696594,80.2261123657,33414,33424,10
13.0214395523,80.2258071899,33424,33434,10
13.0209903717,80.2254333496,33434,33444,10
13.0204496384,80.2250900269,33444,33454,10
13.0201501846,80.2248764038,33454,33464,10
13.0198898315,80.2246932983,33464,33474,10
13.0193901062,80.2244491577,33474,33484,10
13.0186901093,80.2245025635,33484,33495,11
13.0178899765,80.2248306274,33495,33505,10
13.0171003342,80.225151062,33505,33515,10
13.0164699554,80.2254180908,33515,33525,10
13.0160303116,80.2256011963,33525,33535,10
13.0154895782,80.2257537842,33535,33545,10
13.0150203705,80.2259674072,33545,33555,10
13.0145702362,80.2260971069,33555,33565,10
13.0141801834,80.2263183594,33565,33596,31
13.0141801834,80.2263183594,33596,33606,10
13.013879776,80.2264099121,33606,33616,10
13.0134496689,80.2265777588,33616,33626,10
13.0128898621,80.2267837524,33626,33636,10
13.0122804642,80.2269973755,33636,33646,10
13.0116500854,80.2272415161,33646,33657,11
13.0109596252,80.2275390625,33657,33667,10
13.0102996826,80.2278213501,33667,33677,10
13.0096302032,80.2281265259,33677,33687,10
13.009180069,80.2286376953,33687,33697,10
13.0090103149,80.2296295166,33697,33991,294
13.0090103149,80.2296295166,33991,34001,10
13.0089702606,80.2297592163,34001,34011,10
13.0088996887,80.2300796509,34011,34021,10
13.0087995529,80.2305679321,34021,34031,10
13.0086402893,80.2313537598,34031,34041,10
13.0085401535,80.2319717407,34041,34061,20
13.0085401535,80.2319717407,34061,34072,11
13.0084400177,80.2323608398,34072,34082,10
13.0083904266,80.2327423096,34082,34092,10
13.0083198547,80.2333374023,34092,34163,71
13.0083198547,80.2333374023,34163,34173,10
13.0081596375,80.233833313,34173,34183,10
13.0080795288,80.2343063354,34183,34203,20
13.0080795288,80.2343063354,34203,34213,10
13.0079698563,80.2347106934,34213,34254,41
13.0079698563,80.2347106934,34254,34264,10
13.0078697205,80.2351608276,34264,34315,51
13.0078697205,80.2351608276,34315,34325,10
13.0077695847,80.2356567383,34325,34345,20
13.0077695847,80.2356567383,34345,34355,10
13.0077104568,80.2359771729,34355,34365,10
13.0076599121,80.2363815308,34365,34375,10
13.0075702667,80.2368774414,34375,34385,10
13.0074996948,80.2372283936,34385,34396,11
13.0074501038,80.2375030518,34396,34406,10
13.0074300766,80.2375869751,34406,34416,10
13.0073795319,80.2378997803,34416,34426,10
13.007349968,80.2380905151,34426,34436,10
13.0072603226,80.2385482788,34436,34446,10
13.0071802139,80.2390136719,34446,34588,142
13.007060051,80.2393493652,34588,34770,182
13.007060051,80.2393493652,34770,34780,10
13.0070199966,80.2397689819,34780,34790,10
13.006939888,80.2403411865,34790,34800,10
13.006819725,80.2409591675,34800,34821,21
13.006819725,80.2409591675,34821,34831,10
13.006770134,80.2413406372,34831,34841,10
13.0067396164,80.2420806885,34841,34871,30
13.0067396164,80.2420806885,34871,34881,10
13.0067100525,80.2424697876,34881,34892,11
13.0067195892,80.2426986694,34892,34902,10
13.0067100525,80.2432022095,34902,34922,20
13.0067100525,80.2432022095,34922,34932,10
13.0066995621,80.243598938,34932,34942,10
13.0066900253,80.2441101074,34942,34973,31
13.0066699982,80.2444992065,34973,34993,20
13.0066699982,80.2444992065,34993,35003,10
13.0067300797,80.2447128296,35003,35013,10
13.0066995621,80.2450332642,35013,35023,10
13.0067300797,80.2454681396,35023,35033,10
13.0067396164,80.246131897,35033,35043,10
13.006770134,80.2468795776,35043,35054,11
13.0061998367,80.2473983765,35054,35084,30
13.0061998367,80.2473983765,35084,35094,10
13.005900383,80.2473526001,35094,35104,10
13.0054197311,80.2473526001,35104,35114,10
13.0048103333,80.2473678589,35114,35124,10
13.0040397644,80.2474365234,35124,35135,11
13.0031404495,80.2475814819,35135,35145,10
13.0022802353,80.2477722168,35145,35155,10
13.0013103485,80.2480316162,35155,35165,10
13.0002202988,80.248298645,35165,35175,10
12.999130249,80.248588562,35175,35185,10
12.9982204437,80.2488632202,35185,35205,20
12.9982204437,80.2488632202,35205,35216,11
12.9980697632,80.2488937378,35216,35226,10
12.9975795746,80.2489776611,35226,35236,10
12.9968900681,80.2491226196,35236,35246,10
12.9960899353,80.2493209839,35246,35256,10
12.9951601028,80.2495727539,35256,35266,10
12.9941797256,80.2498168945,35266,35276,10
12.993180275,80.2500686646,35276,35286,10
12.9921398163,80.2503204346,35286,35297,11
12.9913396835,80.250541687,35297,35307,10
12.9909696579,80.2506408691,35307,35539,232
12.9909696579,80.2506408691,35539,35550,11
12.9908599854,80.2506484985,35550,35560,10
12.9906597137,80.2506790161,35560,35570,10
12.9901695251,80.250793457,35570,35580,10
12.989569664,80.2509536743,35580,35590,10
12.989159584,80.2510604858,35590,35600,10
12.9888896942,80.251121521,35600,35610,10
12.988360405,80.2512893677,35610,35965,355
12.988360405,80.2512893677,35965,35975,10
12.9881601334,80.2513427734,35975,35985,10
12.9879398346,80.2513885498,35985,35995,10
12.9875802994,80.2514572144,35995,36005,10
12.9869499207,80.2516174316,36005,36015,10
12.9862003326,80.2518081665,36015,36025,10
12.9853401184,80.2520217896,36025,36036,11
12.9841995239,80.2523422241,36036,36046,10
12.9830999374,80.2525863647,36046,36056,10
12.9819602966,80.2526626587,36056,36066,10
12.9808998108,80.2526931763,36066,36076,10
12.9802703857,80.2527618408,36076,36086,10
12.979929924,80.252746582,36086,36096,10
12.979590416,80.2526779175,36096,36106,10
12.9790697098,80.2526397705,36106,36116,10
12.9786195755,80.2525482178,36116,36137,21
12.9786195755,80.2525482178,36137,36147,10
12.9785995483,80.2525634766,36147,36157,10
12.9782896042,80.2523498535,36157,36167,10
12.9778003693,80.2519302368,36167,36177,10
12.9771299362,80.2514266968,36177,36187,10
12.9762201309,80.2511062622,36187,36197,10
12.9751796722,80.2508087158,36197,36208,11
12.9739599228,80.2504577637,36208,36218,10
12.9728298187,80.2501602173,36218,36228,10
12.9716300964,80.2498397827,36228,36238,10
12.9704198837,80.24949646,36238,36248,10
12.9692602158,80.2490234375,36248,36258,10
12.9681501389,80.2485427856,36258,36268,10
12.9671602249,80.2481613159,36268,36278,10
12.9663801193,80.2477798462,36278,36289,11
12.9654903412,80.2474365234,36289,36299,10
12.9650297165,80.2473068237,36299,36319,20
12.9650297165,80.2473068237,36319,36329,10
12.9647197723,80.2471618652,36329,36339,10
12.964220047,80.2469482422,36339,36349,10
12.9637002945,80.2468032837,36349,36359,10
12.9631004333,80.2464599609,36359,36370,11
12.9621696472,80.2460174561,36370,36380,10
12.9611797333,80.2455215454,36380,36390,10
12.9601697922,80.2450714111,36390,36400,10
12.9594802856,80.2447891235,36400,36410,10
12.9593496323,80.244720459,36410,36420,10
12.9592399597,80.2446365356,36420,36430,10
12.9589099884,80.2444915771,36430,36440,10
12.958319664,80.2442626953,36440,36451,11
12.9577598572,80.2440338135,36451,36461,10
12.9570999146,80.243812561,36461,36471,10
12.9565200806,80.2436294556,36471,36481,10
12.9564599991,80.2436218262,36481,36491,10
12.9563302994,80.2435836792,36491,36501,10
12.9559202194,80.2433929443,36501,36511,10
12.9553203583,80.2430725098,36511,36521,10
12.9546003342,80.242767334,36521,36532,11
12.9539699554,80.2425384521,36532,36542,10
12.9534902573,80.2423019409,36542,36552,10
12.9528198242,80.2419891357,36552,36562,10
12.9520397186,80.2417221069,36562,36572,10
12.9516801834,80.2415924072,36572,36582,10
12.9516296387,80.2415618896,36582,36592,10
12.951259613,80.2414093018,36592,36602,10
12.9506797791,80.2412414551,36602,36613,11
12.9499902725,80.2410507202,36613,36623,10
12.9497003555,80.2409591675,36623,36633,10
12.9493303299,80.2408599854,36633,36643,10
12.9487800598,80.2406387329,36643,36653,10
12.9480695724,80.2403411865,36653,36663,10
12.9473600388,80.2400665283,36663,36673,10
12.9470901489,80.2399673462,36673,36683,10
12.9470100403,80.2399215698,36683,36693,10
12.9466400146,80.2397689819,36693,36704,11
12.9460000992,80.2394790649,36704,36714,10
12.9453401566,80.2391204834,36714,36724,10
12.9446802139,80.2385025024,36724,36734,10
12.9440202713,80.2377624512,36734,36744,10
12.9433803558,80.2370681763,36744,36754,10
12.9425601959,80.2365112305,36754,36764,10
12.9414701462,80.2361907959,36764,36774,10
12.9404602051,80.2359390259,36774,36785,11
12.9398002625,80.2357177734,36785,36795,10
12.9397802353,80.235710144,36795,36805,10
12.9397201538,80.2356491089,36805,36815,10
12.9393596649,80.2354736328,36815,36825,10
12.9388599396,80.2352294922,36825,36835,10
12.93791008,80.2347717285,36835,36845,10
12.9369897842,80.2343292236,36845,36855,10
12.9361801147,80.2339706421,36855,36866,11
12.9355201721,80.2336807251,36866,36876,10
12.9347400665,80.2333221436,36876,36886,10
12.9338598251,80.2329406738,36886,36906,20
12.9338598251,80.2329406738,36906,36916,10
12.9336595535,80.2328109741,36916,36926,10
12.9331502914,80.2325897217,36926,36936,10
12.9324998856,80.2323379517,36936,36947,11
12.9315900803,80.2320632935,36947,36957,10
12.9306001663,80.2317123413,36957,36967,10
12.9296598434,80.2314605713,36967,36977,10
12.9287796021,80.2312927246,36977,36987,10
12.9279003143,80.2311172485,36987,36997,10
12.9269800186,80.2310180664,36997,37007,10
12.9261302948,80.2309799194,37007,37028,21
12.9261302948,80.2309799194,37028,37038,10
12.9259300232,80.2309799194,37038,37048,10
12.9254398346,80.2309036255,37048,37058,10
12.9247703552,80.2308273315,37058,37068,10
12.9239597321,80.2307281494,37068,37078,10
12.9229898453,80.2305908203,37078,37088,10
12.9218597412,80.2304077148,37088,37098,10
12.9206495285,80.2302398682,37098,37109,11
12.9193696976,80.2300567627,37109,37119,10
12.9181900024,80.2299194336,37119,37129,10
12.9171800613,80.2297973633,37129,37139,10
12.9162998199,80.2296676636,37139,37149,10
12.9152498245,80.2295227051,37149,37159,10
12.9141597748,80.2293624878,37159,37169,10
12.9132003784,80.2292480469,37169,37190,21
12.9132003784,80.2292480469,37190,37200,10
12.9131298065,80.2291870117,37200,37210,10
12.9126996994,80.2291030884,37210,37220,10
12.9120397568,80.2289810181,37220,37230,10
12.9112195969,80.2288970947,37230,37240,10
12.9102497101,80.228767395,37240,37250,10
12.9091701508,80.2285766602,37250,37260,10
12.9081201553,80.2284088135,37260,37271,11
12.9069099426,80.2282867432,37271,37402,131
12.9069099426,80.2282867432,37402,37412,10
12.9066400528,80.2282791138,37412,37422,10
12.9061203003,80.2282028198,37422,37432,10
12.9055204391,80.2281417847,37432,37443,11
12.9051504135,80.228187561,37443,37453,10
12.9046602249,80.2281570435,37453,37463,10
12.9041500092,80.2281417847,37463,37483,20
12.9041500092,80.2281417847,37483,37493,10
12.903840065,80.2281417847,37493,37503,10
12.9034004211,80.2281265259,37503,37513,10
12.9028701782,80.2281112671,37513,37524,11
12.9024801254,80.2280731201,37524,37534,10
12.9019603729,80.2279815674,37534,37544,10
12.9014701843,80.2279205322,37544,37554,10
12.9011001587,80.2279434204,37554,37564,10
12.9008798599,80.227897644,37564,37574,10
12.9006795883,80.227897644,37574,37584,10
12.9004001617,80.2279205322,37584,37594,10
12.9001598358,80.2278823853,37594,37605,11
12.8996601105,80.2278518677,37605,37615,10
12.8990497589,80.2278518677,37615,37625,10
12.8985500336,80.2278289795,37625,37645,20
12.8985500336,80.2278289795,37645,37655,10
12.898349762,80.2277526855,37655,37665,10
12.8979301453,80.227722168,37665,37675,10
12.8972902298,80.2276992798,37675,37686,11
12.8964004517,80.2276763916,37686,37696,10
12.8956203461,80.2276763916,37696,37716,20
12.8956203461,80.2276763916,37716,37726,10
12.8955202103,80.2276916504,37726,37736,10
12.8951597214,80.2276611328,37736,37746,10
12.8947601318,80.2276306152,37746,37756,10
12.8944997787,80.2276229858,37756,37807,51
12.8944997787,80.2276229858,37807,37817,10
12.8943996429,80.2276229858,37817,37827,10
12.893989563,80.2275772095,37827,37837,10
12.8935604095,80.2275695801,37837,37898,61
12.8935604095,80.2275695801,37898,37908,10
12.8934898376,80.2275695801,37908,37918,10
12.8931303024,80.2275085449,37918,37929,11
12.8927602768,80.2274475098,37929,37979,50
12.8927602768,80.2274475098,37979,37989,10
12.892660141,80.227432251,37989,37999,10
12.8923196793,80.2273788452,37999,38009,10
12.8917703629,80.2273712158,38009,38020,11
12.8909702301,80.2273864746,38020,38030,10
12.8901195526,80.2274093628,38030,38040,10
12.8892602921,80.2273712158,38040,38050,10
12.8885097504,80.2273406982,38050,38060,10
12.8877096176,80.2272796631,38060,38070,10
12.886759758,80.2270965576,38070,38080,10
12.8857002258,80.2268295288,38080,38090,10
12.8848199844,80.2267227173,38090,38101,11
12.8846797943,80.2267227173,38101,38111,10
12.8846197128,80.2266998291,38111,38121,10
12.8841495514,80.2267074585,38121,38131,10
12.8834400177,80.2267303467,38131,38141,10
12.8825502396,80.2267379761,38141,38151,10
12.8815402985,80.2267532349,38151,38161,10
12.8804197311,80.2267608643,38161,38171,10
12.8792200089,80.2267837524,38171,38182,11
12.8779001236,80.2268676758,38182,38192,10
12.8768796921,80.2269821167,38192,38202,10
12.8763399124,80.2270202637,38202,38212,10
12.8762197495,80.2270202637,38212,38222,10
12.875869751,80.2269973755,38222,38232,10
12.8752698898,80.2269592285,38232,38242,10
12.8745002747,80.2268371582,38242,38252,10
12.873550415,80.2267303467,38252,38263,11
12.8724002838,80.2266998291,38263,38273,10
12.8712396622,80.2266464233,38273,38283,10
12.8700399399,80.2265625,38283,38293,10
12.8688001633,80.2264328003,38293,38303,10
12.8675203323,80.2264404297,38303,38313,10
12.8662595749,80.2265777588,38313,38323,10
12.8649997711,80.2266082764,38323,38333,10
12.8637504578,80.2265396118,38333,38344,11
12.8623504639,80.2265472412,38344,38354,10
12.8611297607,80.2265930176,38354,38364,10
12.8599500656,80.2264633179,38364,38374,10
12.8587999344,80.2263031006,38374,38384,10
12.8576602936,80.2262573242,38384,38394,10
12.856470108,80.2263793945,38394,38404,10
12.8552503586,80.2265167236,38404,38414,10
12.8539800644,80.2266464233,38414,38425,11
12.8525600433,80.2267074585,38425,38435,10
12.8512802124,80.2266464233,38435,38445,10
12.8500900269,80.2266082764,38445,38465,20
12.8500900269,80.2266082764,38465,38475,10
12.8498401642,80.2266082764,38475,38485,10
12.8492698669,80.2266082764,38485,38495,10
12.8485298157,80.226600647,38495,38505,10
12.8475799561,80.226600647,38505,38516,11
12.8464202881,80.2266082764,38516,38526,10
12.8456401825,80.226600647,38526,38536,10
12.8451404572,80.2266311646,38536,38546,10
12.8451099396,80.2266311646,38546,38556,10
12.8450603485,80.2266387939,38556,38566,10
12.8446798325,80.2266464233,38566,38576,10
12.8440599442,80.2266693115,38576,38586,10
12.8433103561,80.2267684937,38586,38597,11
12.8423099518,80.2269287109,38597,38607,10
12.8411598206,80.2272415161,38607,38617,10
12.8403196335,80.2275009155,38617,38627,10
12.8399896622,80.2276382446,38627,38678,51
12.8399896622,80.2276382446,38678,38688,10
12.839389801,80.2278213501,38688,38698,10
12.8387498856,80.2279510498,38698,38708,10
12.8379402161,80.2281188965,38708,38718,10
12.8369398117,80.2283096313,38718,38728,10
12.8357801437,80.2284698486,38728,38738,10
12.8345804214,80.2286834717,38738,38748,10
12.8333797455,80.2288894653,38748,38759,11
12.8323802948,80.2291030884,38759,38789,30
12.8323802948,80.2291030884,38789,38799,10
12.8320398331,80.2291717529,38799,38819,20
12.8320398331,80.2291717529,38819,38829,10
12.8317604065,80.2292404175,38829,38840,11
12.8311195374,80.2294006348,38840,38850,10
12.8302898407,80.2296829224,38850,38860,10
12.8293504715,80.2300415039,38860,38870,10
12.8282899857,80.2305603027,38870,38880,10
12.8271799088,80.2311706543,38880,38890,10
12.8259601593,80.2313613892,38890,38900,10
12.8246498108,80.2313613892,38900,38910,10
12.8233995438,80.2310180664,38910,38921,11
12.8219804764,80.2305908203,38921,38931,10
12.8206596375,80.2304382324,38931,38941,10
12.8193998337,80.2304916382,38941,38951,10
12.818860054,80.2304763794,38951,38961,10
12.8186903,80.2304077148,38961,38971,10
12.8181295395,80.2301330566,38971,38981,10
12.8172702789,80.2297363281,38981,38991,10
12.8161401749,80.2294464111,38991,39002,11
12.8147697449,80.2292480469,39002,39012,10
12.8135595322,80.2289810181,39012,39022,10
12.8124599457,80.2285919189,39022,39032,10
12.8112897873,80.2281570435,39032,39042,10
12.8101396561,80.2276992798,39042,39052,10
12.8091497421,80.2272033691,39052,39062,10
12.8082704544,80.2265014648,39062,39072,10
12.8073997498,80.225769043,39072,39083,11
12.8066596985,80.2251205444,39083,39093,10
12.8059797287,80.2245025635,39093,39103,10
12.8052396774,80.2240600586,39103,39113,10
12.8050203323,80.2240066528,39113,39123,10
12.8049297333,80.2239837646,39123,39133,10
12.8044996262,80.2239303589,39133,39143,10
12.8038196564,80.2238693237,39143,39153,10
12.803030014,80.2238006592,39153,39163,10
12.8021001816,80.2236785889,39163,39174,11
12.8012504578,80.2236175537,39174,39184,10
12.8011903763,80.2236175537,39184,39194,10
12.800740242,80.2235488892,39194,39204,10
12.7999897003,80.2234802246,39204,39214,10
12.7991104126,80.2234191895,39214,39224,10
12.7980499268,80.2233123779,39224,39234,10
12.7969799042,80.2231521606,39234,39244,10
12.7961597443,80.2229995728,39244,39255,11
12.7959499359,80.2229690552,39255,39265,10
12.7958803177,80.2229614258,39265,39275,10
12.7953996658,80.2228775024,39275,39285,10
12.7946395874,80.2227401733,39285,39295,10
12.7936897278,80.2225799561,39295,39305,10
12.7926797867,80.2224273682,39305,39315,10
12.7918996811,80.2222595215,39315,39325,10
12.7910699844,80.222038269,39325,39336,11
12.7901697159,80.2218017578,39336,39346,10
12.7896404266,80.2216567993,39346,39356,10
12.7894802094,80.2215881348,39356,39366,10
12.7889995575,80.2214126587,39366,39376,10
12.7883501053,80.2211532593,39376,39386,10
12.7877197266,80.220916748,39386,39396,10
12.786860466,80.2205963135,39396,39427,31
12.786860466,80.2205963135,39427,39437,10
12.7865695953,80.2204818726,39437,39447,10
12.7862796783,80.2203598022,39447,39457,10
12.7861700058,80.2204437256,39457,39467,10
12.7861795425,80.2206878662,39467,39477,10
12.7861795425,80.2211303711,39477,39487,10
12.7861995697,80.2214813232,39487,39498,11
12.7862501144,80.2218093872,39498,39508,10
12.7862195969,80.2220230103,39508,40429,921
12.7862195969,80.2220230103,40429,40439,10
12.7862100601,80.2218093872,40439,40449,10
12.7862195969,80.2215805054,40449,40459,10
12.7861795425,80.221282959,40459,40470,11
12.7861700058,80.220916748,40470,40490,20
12.7861700058,80.2206802368,40490,40520,30
12.7861700058,80.2206802368,40520,40530,10
12.7862901688,80.2203292847,40530,40540,10
12.7862997055,80.2203292847,40540,40551,11
12.7864704132,80.2203979492,40551,40561,10
12.7865695953,80.220451355,40561,40571,10
12.7867698669,80.2205581665,40571,40581,10
12.7871904373,80.2207183838,40581,40591,10
12.7877597809,80.2209091187,40591,40601,10
12.7883996964,80.2211380005,40601,40611,10
12.789150238,80.2214279175,40611,40621,10
12.7898397446,80.2216796875,40621,40632,11
12.790769577,80.2219161987,40632,40642,10
12.7918596268,80.2221984863,40642,40652,10
12.793129921,80.2224502563,40652,40662,10
12.7944498062,80.2226486206,40662,40672,10
12.7955598831,80.2228317261,40672,40682,10
12.7961997986,80.2229385376,40682,40692,10
12.7964801788,80.2229614258,40692,40702,10
12.7966899872,80.2230072021,40702,40712,10
12.7972602844,80.2231063843,40712,40723,11
12.7980899811,80.2232284546,40723,40733,10
12.7989702225,80.2233200073,40733,40743,10
12.7998104095,80.2234191895,40743,40753,10
12.8006696701,80.2235107422,40753,40763,10
12.8014202118,80.2235717773,40763,40773,10
12.8018398285,80.2236022949,40773,40783,10
12.8024997711,80.2236862183,40783,40793,10
12.8031396866,80.2237930298,40793,40804,11
12.8039102554,80.2238616943,40804,40814,10
12.8046197891,80.2239227295,40814,40824,10
12.8051300049,80.223991394,40824,40834,10
12.8053998947,80.2240600586,40834,40844,10
12.805560112,80.2241287231,40844,40854,10
12.805680275,80.2242202759,40854,40864,10
12.8060998917,80.224571228,40864,40874,10
12.8066797256,80.2250900269,40874,40885,11
12.8074598312,80.2257766724,40885,40895,10
12.8083000183,80.2264785767,40895,40905,10
12.8092002869,80.2272033691,40905,40915,10
12.8102397919,80.227722168,40915,40925,10
12.8113899231,80.2282028198,40925,40935,10
12.812620163,80.2286376953,40935,40945,10
12.8138399124,80.2290420532,40945,40955,10
12.8149499893,80.2292785645,40955,40966,11
12.8162202835,80.2294464111,40966,40976,10
12.8174104691,80.2297515869,40976,40986,10
12.818400383,80.2302093506,40986,40996,10
12.8193302155,80.23046875,40996,41006,10
12.8197603226,80.230430603,41006,41016,10
12.8199796677,80.2304382324,41016,41026,10
12.820599556,80.2304077148,41026,41036,10
12.8214702606,80.2304382324,41036,41047,11
12.8225402832,80.230682373,41047,41057,10
12.8235998154,80.2310028076,41057,41067,10
12.8247003555,80.2312698364,41067,41077,10
12.8259000778,80.2313537598,41077,41087,10
12.8271303177,80.2312011719,41087,41097,10
12.8282699585,80.2305908203,41097,41107,10
12.8294200897,80.2300033569,41107,41119,12
12.8305196762,80.2295837402,41119,41129,10
12.8310604095,80.2293395996,41129,41140,11
12.831580162,80.2291793823,41140,41170,30
12.831580162,80.2291793823,41170,41180,10
12.8317604065,80.2291488647,41180,41190,10
12.8321800232,80.2290725708,41190,41200,10
12.8328695297,80.2289581299,41200,41211,11
12.8338899612,80.2287826538,41211,41221,10
12.8350000381,80.2285766602,41221,41231,10
12.8362197876,80.2284011841,41231,41241,10
12.8374700546,80.2282028198,41241,41251,10
12.8386697769,80.2279205322,41251,41261,10
12.83934021,80.227722168,41261,41281,20
12.8394098282,80.2276992798,41281,41312,31
12.8394098282,80.2276992798,41312,41322,10
12.839799881,80.2276229858,41322,41332,10
12.8403596878,80.2274703979,41332,41342,10
12.8410701752,80.2272720337,41342,41354,12
12.8419904709,80.2270278931,41354,41364,10
12.8433599472,80.2268218994,41364,41375,11
12.8446598053,80.2266235352,41375,41385,10
12.8453798294,80.2265625,41385,41395,10
12.8454999924,80.2265777588,41395,41404,9
12.8458499908,80.226600647,41404,41415,11
12.846619606,80.2265701294,41415,41425,10
12.8475503922,80.2265777588,41425,41435,10
12.8485803604,80.2265777588,41435,41445,10
12.849729538,80.2265777588,41445,41456,11
12.8510799408,80.226600647,41456,41466,10
12.8523397446,80.2266464233,41466,41476,10
12.8536596298,80.2266082764,41476,41486,10
12.8549995422,80.2264709473,41486,41496,10
12.8564395905,80.2263336182,41496,41506,10
12.8578996658,80.2262115479,41506,41516,10
12.8592796326,80.2263031006,41516,41526,10
12.8605604172,80.2264785767,41526,41537,11
12.860830307,80.2265014648,41537,41547,10
12.8610200882,80.2265396118,41547,41557,10
12.8615999222,80.2265396118,41557,41567,10
12.862449646,80.2265014648,41567,41577,10
12.8634901047,80.2264709473,41577,41587,10
12.8644304276,80.2265014648,41587,41597,10
12.8660001755,80.2265396118,41597,41607,10
12.8672504425,80.2264404297,41607,41618,11
12.8686304092,80.226348877,41618,41628,10
12.8699502945,80.2265090942,41628,41638,10
12.8712701797,80.2266235352,41638,41648,10
12.8723897934,80.2266311646,41648,41658,10
12.8729496002,80.2266311646,41658,41668,10
12.8731803894,80.2266464233,41668,41678,10
12.8738002777,80.2266769409,41678,41688,10
12.8746404648,80.2267837524,41688,41698,10
12.8757095337,80.2269134521,41698,41709,11
12.8763799667,80.2268981934,41709,41719,10
12.8765602112,80.2268981934,41719,41729,10
12.8770599365,80.2268295288,41729,41739,10
12.877869606,80.2267684937,41739,41749,10
12.8788700104,80.2267074585,41749,41759,10
12.8800497055,80.2266921997,41759,41769,10
12.8812999725,80.2266693115,41769,41779,10
12.882610321,80.2266769409,41779,41790,11
12.8840303421,80.2266464233,41790,41800,10
12.8851900101,80.2266769409,41800,41810,10
12.8863096237,80.2269363403,41810,41820,10
12.8875198364,80.2272033691,41820,41830,10
12.8887996674,80.2273178101,41830,41840,10
12.8901395798,80.2273178101,41840,41850,10
12.8914499283,80.2273025513,41850,41860,10
12.8922700882,80.2273025513,41860,41881,21
12.8922700882,80.2273025513,41881,41891,10
12.8923997879,80.2273025513,41891,41901,10
12.892950058,80.2273788452,41901,41911,10
12.893699646,80.2274780273,41911,41921,10
12.8946399689,80.2275695801,41921,41931,10
12.8957700729,80.2276306152,41931,41941,10
12.8970098495,80.2276687622,41941,41952,11
12.8982801437,80.2277526855,41952,41962,10
12.8992300034,80.2278213501,41962,41972,10
12.900560379,80.2278594971,41972,42053,81
12.900560379,80.2278594971,42053,42063,10
12.9007196426,80.2278823853,42063,42073,10
12.9009895325,80.2279205322,42073,42083,10
12.9013795853,80.2279434204,42083,42093,10
12.9019002914,80.2279815674,42093,42103,10
12.9029598236,80.2279815674,42103,42124,21
12.9029598236,80.2279815674,42124,42134,10
12.9032201767,80.2279663086,42134,42144,10
12.9038200378,80.2280426025,42144,42154,10
12.9045801163,80.2281036377,42154,42164,10
12.9054002762,80.2281417847,42164,42174,10
12.9061002731,80.2281723022,42174,42184,10
12.9067001343,80.2282409668,42184,42195,11
12.9073200226,80.2282791138,42195,42205,10
12.9081201553,80.2284088135,42205,42215,10
12.9090995789,80.2285766602,42215,42225,10
12.9101696014,80.228767395,42225,42235,10
12.9113702774,80.2289428711,42235,42245,10
12.9125699997,80.2291107178,42245,42255,10
12.9135398865,80.2292480469,42255,42265,10
12.9139003754,80.2292785645,42265,42276,11
12.9140100479,80.2293014526,42276,42286,10
12.9144001007,80.2293624878,42286,42296,10
12.9150600433,80.2294311523,42296,42306,10
12.9159202576,80.2295837402,42306,42316,10
12.9169797897,80.2297363281,42316,42326,10
12.918129921,80.2299118042,42326,42336,10
12.9191904068,80.2300415039,42336,42346,10
12.92029953,80.230178833,42346,42356,10
12.921500206,80.2303390503,42356,42367,11
12.9228696823,80.2305526733,42367,42377,10
12.9239902496,80.2306976318,42377,42387,10
12.9251003265,80.2308425903,42387,42397,10
12.9262199402,80.2309570313,42397,42407,10
12.9273004532,80.2310791016,42407,42417,10
12.9283800125,80.2312088013,42417,42427,10
12.9292297363,80.2313690186,42427,42437,10
12.9300699234,80.2315597534,42437,42448,11
12.9313602448,80.231918335,42448,42458,10
12.9322900772,80.2322387695,42458,42468,10
12.9331998825,80.2325668335,42468,42478,10
12.9335803986,80.2327194214,42478,42488,10
12.9336795807,80.2327804565,42488,42498,10
12.9340600967,80.2329483032,42498,42508,10
12.9347295761,80.2332611084,42508,42518,10
12.9353199005,80.2335510254,42518,42529,11
12.935790062,80.2338027954,42529,42539,10
12.9364900589,80.2341308594,42539,42549,10
12.937330246,80.2345275879,42549,42559,10
12.9383401871,80.2350311279,42559,42569,10
12.939160347,80.2354278564,42569,42579,10
12.9402999878,80.2359237671,42579,42589,10
12.9413995743,80.2362136841,42589,42599,10
12.9425401688,80.236541748,42599,42610,11
12.9434995651,80.2371902466,42610,42620,10
12.9441995621,80.2379608154,42620,42630,10
12.9449100494,80.2387313843,42630,42640,10
12.9456701279,80.2393417358,42640,42650,10
12.9464597702,80.2396621704,42650,42660,10
12.9471702576,80.2399291992,42660,42670,10
12.9472904205,80.239982605,42670,42680,10
12.9476099014,80.2401199341,42680,42691,11
12.9480800629,80.2403106689,42691,42701,10
12.9481401443,80.2403335571,42701,42711,10
12.9483995438,80.240447998,42711,42721,10
12.9489202499,80.2406616211,42721,42731,10
12.9494495392,80.2408828735,42731,42741,10
12.9500398636,80.2410507202,42741,42751,10
12.9505300522,80.2412033081,42751,42761,10
12.951089859,80.2413635254,42761,42772,11
12.9512796402,80.2414703369,42772,42782,10
12.9517097473,80.2416534424,42782,42792,10
12.9524002075,80.241897583,42792,42802,10
12.9531698227,80.2422027588,42802,42812,10
12.9537200928,80.2424316406,42812,42822,10
12.954000473,80.2425613403,42822,42832,10
12.9545898438,80.242767334,42832,42842,10
12.9552297592,80.2429962158,42842,42853,11
12.9558200836,80.2431716919,42853,42863,10
12.9558897018,80.2432022095,42863,42873,10
12.9560804367,80.2433013916,42873,42883,10
12.9562702179,80.2433395386,42883,42913,30
12.9562702179,80.2433395386,42913,42923,10
12.9568195343,80.243560791,42923,42934,11
12.9575004578,80.2438964844,42934,42944,10
12.9578304291,80.2440719604,42944,42954,10
12.9579896927,80.244140625,42954,42964,10
12.9584903717,80.2443389893,42964,42974,10
12.9588899612,80.2444915771,42974,42984,10
12.95911026,80.2446365356,42984,42994,10
12.9596204758,80.2448883057,42994,43004,10
12.9603099823,80.2452011108,43004,43015,11
12.9612598419,80.2456436157,43015,43025,10
12.9622898102,80.246131897,43025,43035,10
12.9629201889,80.2463989258,43035,43045,10
12.9632797241,80.24659729,43045,43055,10
12.9636898041,80.2468032837,43055,43065,10
12.9643001556,80.2470169067,43065,43075,10
12.9650497437,80.2473068237,43075,43085,10
12.9658498764,80.2475662231,43085,43096,11
12.966629982,80.2479171753,43096,43106,10
12.9670200348,80.2481231689,43106,43116,10
12.9674797058,80.2483291626,43116,43126,10
12.9681596756,80.2486114502,43126,43136,10
12.9690198898,80.2489318848,43136,43146,10
12.9700298309,80.2493362427,43146,43156,10
12.9710903168,80.2497329712,43156,43166,10
12.9722003937,80.2500076294,43166,43176,10
12.9734601974,80.250328064,43176,43187,11
12.9746303558,80.2506713867,43187,43197,10
12.9757995605,80.2510070801,43197,43207,10
12.9769096375,80.2513198853,43207,43217,10
12.9778995514,80.2518768311,43217,43227,10
12.9785203934,80.2523193359,43227,43237,10
12.9785604477,80.2523574829,43237,43247,10
12.9789199829,80.2525405884,43247,43257,10
12.9796304703,80.2526321411,43257,43288,31
12.9796304703,80.2526321411,43288,43298,10
12.9797000885,80.2526626587,43298,43308,10
12.9800901413,80.2526779175,43308,43318,10
12.9807195663,80.2526702881,43318,43328,10
12.9815196991,80.2526397705,43328,43338,10
12.982509613,80.2526092529,43338,43349,11
12.9835395813,80.2524795532,43349,43359,10
12.9839696884,80.2523803711,43359,43500,141
12.9839696884,80.2523803711,43500,43511,11
12.9840297699,80.2523727417,43511,43521,10
12.9843597412,80.252281189,43521,43531,10
12.9848299026,80.252166748,43531,43541,10
12.9854803085,80.2519836426,43541,43551,10
12.9859895706,80.2518386841,43551,43561,10
12.9865598679,80.251701355,43561,43571,10
12.9872999191,80.2514801025,43571,43581,10
12.9878702164,80.2513504028,43581,43592,11
12.988699913,80.2511367798,43592,43602,10
12.9894504547,80.2509078979,43602,43612,10
12.9894800186,80.2509078979,43612,43622,10
12.9897603989,80.250869751,43622,43632,10
12.9903297424,80.2507476807,43632,43642,10
12.9910697937,80.250579834,43642,43652,10
12.991979599,80.2503585815,43652,43662,10
12.9929304123,80.2501220703,43662,43673,11
12.9940795898,80.2498092651,43673,43683,10
12.9952697754,80.2495269775,43683,43693,10
12.9963998795,80.2491989136,43693,43703,10
12.9968204498,80.2491226196,43703,43713,10
12.9968996048,80.2490997314,43713,43723,10
12.9974002838,80.2489929199,43723,43733,10
12.9981603622,80.2488098145,43733,43743,10
12.9991197586,80.2485733032,43743,43754,11
13.0003795624,80.2482376099,43754,43764,10
13.0015802383,80.2479400635,43764,43774,10
13.0024995804,80.2477111816,43774,43784,10
13.0035200119,80.2475280762,43784,43794,10
13.0046796799,80.2473983765,43794,43804,10
13.0057401657,80.2472305298,43804,43814,10
13.0064096451,80.2468414307,43814,43824,10
13.0065402985,80.2465591431,43824,43835,11
13.0066003799,80.2463531494,43835,43845,10
13.0066404343,80.2458267212,43845,43855,10
13.0066404343,80.2451324463,43855,43865,10
13.0066404343,80.244430542,43865,43875,10
13.0066404343,80.2439727783,43875,43885,10
13.0066604614,80.243560791,43885,43895,10
13.0066299438,80.2429733276,43895,43905,10
13.0066404343,80.2421112061,43905,43915,10
13.0066299438,80.2413635254,43915,43926,11
13.0066299438,80.2410736084,43926,43936,10
13.0067195892,80.2407531738,43936,43946,10
13.006819725,80.2403106689,43946,43956,10
13.0069303513,80.2397689819,43956,43966,10
13.007060051,80.2388916016,43966,43976,10
13.0072002411,80.2380371094,43976,43986,10
13.007349968,80.2373809814,43986,43996,10
13.007399559,80.2369003296,43996,44007,11
13.007399559,80.2368927002,44007,44017,10
13.0074701309,80.2367935181,44017,44027,10
13.007519722,80.2365875244,44027,44037,10
13.007610321,80.2360992432,44037,44047,10
13.0077295303,80.2354736328,44047,44057,10
13.0078697205,80.2347488403,44057,44067,10
13.0080404282,80.2338790894,44067,44077,10
13.0082702637,80.2327423096,44077,44088,11
13.0085697174,80.2313919067,44088,44098,10
13.0088300705,80.2301177979,44098,44108,10
13.0090503693,80.2289199829,44108,44118,10
13.0093202591,80.2279434204,44118,44128,10
13.0097198486,80.2270584106,44128,44138,10
13.0101099014,80.2262191772,44138,44148,10
13.0104598999,80.2254714966,44148,44158,10
13.0107402802,80.2248001099,44158,44169,11
13.0110397339,80.2241210938,44169,44179,10
13.0112695694,80.2235565186,44179,44189,10
13.0115404129,80.2228775024,44189,44199,10
13.0117998123,80.2221298218,44199,44209,10
13.0122098923,80.2215576172,44209,44219,10
13.0123796463,80.2215499878,44219,44229,10
13.0125303268,80.2216873169,44229,44239,10
13.0128202438,80.2221221924,44239,44250,11
13.013130188,80.2225112915,44250,44260,10
13.013589859,80.2229995728,44260,44270,10
13.0139398575,80.2233963013,44270,44280,10
13.0142202377,80.2238006592,44280,44290,10
13.0146503448,80.2242889404,44290,44300,10
13.0150995255,80.2247009277,44300,44320,20
13.0150995255,80.2247009277,44320,44331,11
13.0152597427,80.2248764038,44331,44341,10
13.0155096054,80.2250595093,44341,44351,10
13.0156402588,80.2251815796,44351,44361,10
13.0157299042,80.2252807617,44361,44371,10
13.0161399841,80.2254486084,44371,44381,10
13.0166597366,80.2253417969,44381,44391,10
13.0173301697,80.2250671387,44391,44401,10
13.0181303024,80.2247390747,44401,44412,11
13.0190401077,80.2243728638,44412,44422,10
13.0194501877,80.224357605,44422,44462,40
13.0194501877,80.224357605,44462,44472,10
13.0197496414,80.2245635986,44472,44482,10
13.0202302933,80.2249221802,44482,44493,11
13.0207796097,80.2253189087,44493,44503,10
13.0211400986,80.2256317139,44503,44513,10
13.0215597153,80.2259597778,44513,44523,10
13.02202034,80.2263031006,44523,44533,10
13.0225000381,80.2266769409,44533,44543,10
13.0229902267,80.2271194458,44543,44553,10
13.023440361,80.2275466919,44553,44563,10
13.0239095688,80.2279815674,44563,44574,11
13.0242795944,80.2283706665,44574,44584,10
13.0243396759,80.2284469604,44584,44594,10
13.0243597031,80.2286529541,44594,44604,10
13.0241098404,80.2285308838,44604,44614,10
13.0238304138,80.2281417847,44614,44624,10
13.0234899521,80.2277832031,44624,44634,10
13.0231199265,80.2274475098,44634,44715,81
13.0231199265,80.2274475098,44715,44725,10
13.0228996277,80.2271575928,44725,44735,10
13.0226297379,80.2268676758,44735,44746,11
13.0222902298,80.2265396118,44746,44756,10
13.0218200684,80.2261505127,44756,44766,10
13.0212202072,80.2257003784,44766,44776,10
13.0206403732,80.2252807617,44776,44786,10
13.0200595856,80.2248764038,44786,44796,10
13.0192499161,80.2244796753,44796,44806,10
13.0183095932,80.2246627808,44806,44816,10
13.0174102783,80.2250289917,44816,44827,11
13.0167303085,80.2253265381,44827,44837,10
13.016500473,80.225440979,44837,44847,10
13.0163803101,80.225479126,44847,44857,10
13.0160799026,80.2256011963,44857,44867,10
13.0156202316,80.2257614136,44867,44877,10
13.0150403976,80.225982666,44877,44887,10
13.0144395828,80.2261810303,44887,44897,10
13.0142002106,80.2262802124,44897,44908,11
13.0141401291,80.2262878418,44908,44918,10
13.0137996674,80.2264328003,44918,44928,10
13.0132198334,80.2266616821,44928,44938,10
13.0124197006,80.2269668579,44938,44948,10
13.0115003586,80.2273406982,44948,44958,10
13.0106096268,80.2276916504,44958,44968,10
13.0096998215,80.2280578613,44968,44978,10
13.0090904236,80.2286911011,44978,44989,11
13.0088996887,80.2297821045,44989,44999,10
13.0087003708,80.2307662964,44999,45029,30
13.0087003708,80.2307662964,45029,45039,10
13.0085601807,80.231262207,45039,45049,10
13.0084400177,80.2320022583,45049,45059,10
13.0083198547,80.2327575684,45059,45070,11
13.0081996918,80.2335205078,45070,45100,30
13.0081996918,80.2335205078,45100,45110,10
13.0081300735,80.2338180542,45110,45120,10
13.0080003738,80.2341995239,45120,45130,10
13.0079202652,80.2347106934,45130,45140,10
13.0078201294,80.2351608276,45140,45151,11
13.0076799393,80.2358932495,45151,45161,10
13.0075397491,80.2365570068,45161,45171,10
13.0074701309,80.2370223999,45171,45181,10
13.007349968,80.2376022339,45181,45191,10
13.0072002411,80.2384567261,45191,45211,20
13.0072002411,80.2384567261,45211,45221,10
13.0071601868,80.2385864258,45221,45232,11
13.0071001053,80.2388534546,45232,45242,10
13.0070199966,80.2392272949,45242,45252,10
13.0069198608,80.2398223877,45252,45302,50
13.0069198608,80.2398223877,45302,45313,11
13.0068597794,80.240020752,45313,45323,10
13.0067901611,80.2403717041,45323,45333,10
13.0067501068,80.2407531738,45333,45353,20
13.0067501068,80.2407531738,45353,45363,10
13.0067100525,80.2410125732,45363,45373,10
13.0066604614,80.2415618896,45373,45383,10
13.0066299438,80.2422103882,45383,45394,11
13.0066404343,80.2430725098,45394,45434,40
13.0066604614,80.2434692383,45434,45464,30
13.0066604614,80.2434692383,45464,45474,10
13.0066299438,80.2437515259,45474,45485,11
13.0065803528,80.2441635132,45485,45495,10
13.0065498352,80.2446899414,45495,45505,10
13.0065498352,80.2451019287,45505,45515,10
13.0065803528,80.2453994751,45515,45525,10
13.0066204071,80.2460403442,45525,45535,10
13.0066404343,80.2465362549,45535,45545,10
13.0066604614,80.2466812134,45545,45555,10
13.0067195892,80.2470779419,45555,45576,21
13.0067195892,80.2470779419,45576,45586,10
13.0066099167,80.2473678589,45586,45596,10
13.0063695908,80.2473983765,45596,45606,10
13.005900383,80.2473831177,45606,45626,20
13.005900383,80.2473831177,45626,45636,10
13.0057296753,80.2473220825,45636,45647,11
13.0052204132,80.2473373413,45647,45657,10
13.0045604706,80.2473907471,45657,45667,10
13.0037202835,80.2474975586,45667,45677,10
13.0028400421,80.2476425171,45677,45687,10
13.0022096634,80.2477874756,45687,45697,10
13.0015201569,80.2479782104,45697,45707,10
13.0007095337,80.2481765747,45707,45717,10
12.9997596741,80.2484207153,45717,45728,11
12.9981403351,80.2488708496,45728,45748,20
12.9981403351,80.2488708496,45748,45758,10
12.9980201721,80.248878479,45758,45768,10
12.9975996017,80.2489700317,45768,45778,10
12.9969396591,80.249130249,45778,45788,10
12.9960298538,80.2492599487,45788,45798,10
12.9950504303,80.2495193481,45798,45809,11
12.9939498901,80.2498931885,45809,45819,10
12.9930095673,80.2501220703,45819,45829,10
12.9920301437,80.2503585815,45829,45839,10
12.9912595749,80.250617981,45839,45859,20
12.9912595749,80.250617981,45859,45869,10
12.9911298752,80.2506332397,45869,45879,10
12.9907102585,80.2507171631,45879,45890,11
12.9898900986,80.2507781982,45890,45900,10
12.989109993,80.2509613037,45900,45920,20
12.9890403748,80.2510528564,45920,46001,81
12.9890403748,80.2510528564,46001,46011,10
12.9887599945,80.2510375977,46011,46021,10
12.9884595871,80.251121521,46021,46031,10
12.9879903793,80.2512969971,46031,46041,10
12.9875001907,80.2514419556,46041,46052,11
12.9869203568,80.2516403198,46052,46062,10
12.9863395691,80.2518081665,46062,46072,10
12.9855899811,80.2519683838,46072,46082,10
12.9847002029,80.2522201538,46082,46092,10
12.9836902618,80.2525024414,46092,46102,10
12.9827003479,80.2526626587,46102,46112,10
12.9816598892,80.2526779175,46112,46122,10
12.9807395935,80.2527236938,46122,46132,10
12.9803304672,80.252746582,46132,46143,11
12.9803199768,80.252746582,46143,46153,10
12.9799995422,80.2526779175,46153,46163,10
12.979590416,80.2526702881,46163,46173,10
12.9785499573,80.2525405884,46173,46193,20
12.9785499573,80.2525405884,46193,46203,10
12.9783802032,80.2524414063,46203,46213,10
12.9779396057,80.2520980835,46213,46224,11
12.977230072,80.2515182495,46224,46234,10
12.9763002396,80.2511520386,46234,46244,10
12.9752197266,80.2508392334,46244,46254,10
12.9741096497,80.2505111694,46254,46264,10
12.972990036,80.2501983643,46264,46274,10
12.9719295502,80.2499237061,46274,46284,10
12.9708099365,80.2496414185,46284,46294,10
12.9696502686,80.2491912842,46294,46305,11
12.9683599472,80.2486572266,46305,46315,10
12.9672698975,80.2482223511,46315,46325,10
12.9663600922,80.2477798462,46325,46335,10
12.9654903412,80.2474517822,46335,46345,10
12.965089798,80.2473220825,46345,46355,10
12.9650201797,80.2472763062,46355,46365,10
12.9646596909,80.2471618652,46365,46375,10
12.9641895294,80.2469482422,46375,46386,11
12.9637002945,80.2467803955,46386,46396,10
12.9631795883,80.2465362549,46396,46406,10
12.9624996185,80.2462310791,46406,46416,10
12.9616699219,80.2458114624,46416,46426,10
12.9607400894,80.2453613281,46426,46436,10
12.9598197937,80.2449569702,46436,46446,10
12.9593400955,80.2447814941,46446,46456,10
12.9592399597,80.2446975708,46456,46467,11
12.9587097168,80.2444610596,46467,46477,10
12.9580001831,80.2441482544,46477,46487,10
12.9573001862,80.2438964844,46487,46497,10
12.9566602707,80.2437820435,46497,46558,61
12.9566602707,80.2437820435,46558,46568,10
12.9561004639,80.2435836792,46568,46578,10
12.955619812,80.2433013916,46578,46588,10
12.9550695419,80.242980957,46588,46598,10
12.9544000626,80.2426986694,46598,46608,10
12.9537200928,80.242401123,46608,46618,10
12.9530000687,80.2421035767,46618,46629,11
12.952050209,80.2417526245,46629,46639,10
12.9517097473,80.2416534424,46639,46649,10
12.9515399933,80.2415771484,46649,46659,10
12.9510202408,80.2414093018,46659,46669,10
12.9502696991,80.2411575317,46669,46679,10
12.9493598938,80.2408828735,46679,46689,10
12.9485197067,80.2405395508,46689,46699,10
12.9471797943,80.240020752,46699,46720,21
12.9471797943,80.240020752,46720,46730,10
12.9469203949,80.2399291992,46730,46740,10
12.9463701248,80.2397003174,46740,46750,10
12.9456596375,80.2393798828,46750,46760,10
12.944899559,80.2388381958,46760,46770,10
12.9442195892,80.238067627,46770,46780,10
12.9434700012,80.2372283936,46780,46791,11
12.9423999786,80.2364578247,46791,46801,10
12.9412403107,80.2361526489,46801,46811,10
12.9396600723,80.2357177734,46811,46831,20
12.9396600723,80.2357177734,46831,46841,10
12.9395103455,80.2356262207,46841,46851,10
12.9390201569,80.2353973389,46851,46861,10
12.9383096695,80.2350082397,46861,46872,11
12.9373998642,80.2345581055,46872,46882,10
12.9365196228,80.2341308594,46882,46892,10
12.9358797073,80.233833313,46892,46902,10
12.935839653,80.2338104248,46902,46912,10
12.9355201721,80.2336578369,46912,46922,10
12.9349498749,80.2333908081,46922,46932,10
12.9338197708,80.2329025269,46932,46952,20
12.9338197708,80.2329025269,46952,46963,11
12.9335899353,80.2328033447,46963,46973,10
12.93309021,80.2325820923,46973,46983,10
12.9324302673,80.2323303223,46983,46993,10
12.9315795898,80.2320709229,46993,47003,10
12.9306001663,80.2317581177,47003,47013,10
12.9296598434,80.2314987183,47013,47023,10
12.9290895462,80.2314224243,47023,47033,10
12.928899765,80.2313690186,47033,47044,11
12.9283103943,80.231262207,47044,47054,10
12.9275197983,80.2311630249,47054,47064,10
12.9265699387,80.231048584,47064,47074,10
12.9260396957,80.2310180664,47074,47084,10
12.9259595871,80.2310333252,47084,47094,10
12.9255599976,80.2309570313,47094,47104,10
12.9249401093,80.2308807373,47104,47114,10
12.9241600037,80.2307815552,47114,47125,11
12.923119545,80.2306365967,47125,47135,10
12.9219799042,80.2304611206,47135,47145,10
12.9207201004,80.2303009033,47145,47155,10
12.9194202423,80.2301177979,47155,47165,10
12.9181604385,80.2299423218,47165,47175,10
12.9170103073,80.2297897339,47175,47185,10
12.9159603119,80.229637146,47185,47195,10
12.9148197174,80.2294616699,47195,47206,11
12.9135799408,80.229309082,47206,47216,10
12.9130401611,80.2292404175,47216,47226,10
12.9129600525,80.2291793823,47226,47236,10
12.9125404358,80.2291183472,47236,47246,10
12.9118204117,80.229019165,47246,47256,10
12.9109201431,80.2289123535,47256,47266,10
12.9098901749,80.228767395,47266,47276,10
12.9087495804,80.2285614014,47276,47287,11
12.9076299667,80.2283935547,47287,47297,10
12.9073801041,80.2283706665,47297,47307,10
12.9071998596,80.2283401489,47307,47317,10
12.9069795609,80.2283096313,47317,47327,10
12.9065799713,80.2282791138,47327,47337,10
12.9062700272,80.2282333374,47337,47347,10
12.9061899185,80.228187561,47347,47357,10
12.90583992,80.2281570435,47357,47368,11
12.9051198959,80.2281723022,47368,47378,10
12.9042196274,80.2281112671,47378,47388,10
12.9031295776,80.2280731201,47388,47398,10
12.9019498825,80.2280197144,47398,47408,10
12.9008798599,80.2279586792,47408,47418,10
12.9000301361,80.2278823853,47418,47428,10
12.898850441,80.2278671265,47428,47448,20
12.898850441,80.2278671265,47448,47459,11
12.8984498978,80.2278366089,47459,47469,10
12.8978099823,80.2277832031,47469,47479,10
12.8969898224,80.2277526855,47479,47489,10
12.8959999084,80.2277069092,47489,47499,10
12.8949403763,80.2276763916,47499,47509,10
12.8938398361,80.2276000977,47509,47519,10
12.8928003311,80.2274780273,47519,47540,21
12.8928003311,80.2274780273,47540,47550,10
12.8927402496,80.2275009155,47550,47560,10
12.8923797607,80.2274475098,47560,47570,10
12.891699791,80.2274017334,47570,47580,10
12.8908195496,80.2273864746,47580,47590,10
12.889749527,80.2273864746,47590,47600,10
12.8886499405,80.2273864746,47600,47610,10
12.8874797821,80.2272796631,47610,47621,11
12.8861598969,80.2269973755,47621,47631,10
12.8851604462,80.2267837524,47631,47641,10
12.8847703934,80.2267379761,47641,47651,10
12.8846998215,80.2267227173,47651,47661,10
12.8842601776,80.2267227173,47661,47671,10
12.8835401535,80.2267227173,47671,47681,10
12.8826503754,80.2267227173,47681,47691,10
12.8815498352,80.2267379761,47691,47702,11
12.8802499771,80.2267608643,47702,47712,10
12.8790197372,80.2267913818,47712,47722,10
12.8777999878,80.2268829346,47722,47732,10
12.8765602112,80.2269973755,47732,47762,30
12.8765602112,80.2269973755,47762,47772,10
12.8761701584,80.2269668579,47772,47783,11
12.8754196167,80.2269287109,47783,47793,10
12.8745298386,80.2268295288,47793,47803,10
12.873459816,80.2267303467,47803,47813,10
12.8726701736,80.2267303467,47813,47823,10
12.872590065,80.2267303467,47823,47833,10
12.8722696304,80.2267379761,47833,47843,10
12.8716001511,80.2267074585,47843,47853,10
12.8707399368,80.2266616821,47853,47864,11
12.869600296,80.2265396118,47864,47874,10
12.8684101105,80.2264175415,47874,47884,10
12.8672199249,80.2264862061,47884,47894,10
12.8660202026,80.226600647,47894,47904,10
12.8648004532,80.2266082764,47904,47914,10
12.8635702133,80.2265625,47914,47924,10
12.8624095917,80.2265701294,47924,47934,10
12.861289978,80.2266235352,47934,47945,11
12.8600797653,80.2265319824,47945,47955,10
12.8591098785,80.2263565063,47955,47965,10
12.8584499359,80.2263031006,47965,47975,10
12.8576602936,80.2262802124,47975,47985,10
12.8567199707,80.2263717651,47985,47995,10
12.8556098938,80.2264862061,47995,48005,10
12.8543996811,80.2266311646,48005,48015,10
12.8531198502,80.2267379761,48015,48026,11
12.8516597748,80.2266921997,48026,48036,10
12.8504600525,80.2266464233,48036,48046,10
12.8499002457,80.2266387939,48046,48056,10
12.8497600555,80.2266235352,48056,48066,10
12.8493900299,80.2266082764,48066,48076,10
12.8486795425,80.2266235352,48076,48086,10
12.8478498459,80.2266235352,48086,48096,10
12.8470497131,80.2266387939,48096,48106,10
12.846280098,80.2266387939,48106,48117,11
12.8455896378,80.2266082764,48117,48127,10
12.845199585,80.2266235352,48127,48137,10
12.8451595306,80.2266311646,48137,48147,10
12.8447599411,80.2266616821,48147,48157,10
12.8441095352,80.2266921997,48157,48167,10
12.8433504105,80.2267990112,48167,48177,10
12.8424501419,80.2269668579,48177,48187,10
12.8413896561,80.227180481,48187,48198,11
12.8403396606,80.2275085449,48198,48208,10
12.8397102356,80.2277679443,48208,48228,20
12.8397102356,80.2277679443,48228,48238,10
12.8395500183,80.2278366089,48238,48248,10
12.8391399384,80.2279129028,48248,48258,10
12.83852005,80.2280426025,48258,48268,10
12.8377599716,80.2282028198,48268,48279,11
12.8367395401,80.2283782959,48279,48289,10
12.8357000351,80.2285385132,48289,48299,10
12.8346300125,80.2286987305,48299,48309,10
12.8335103989,80.2288818359,48309,48319,10
12.8324403763,80.2290725708,48319,48329,10
12.831870079,80.2291793823,48329,48349,20
12.831870079,80.2291793823,48349,48360,11
12.8317403793,80.2291870117,48360,48370,10
12.8315000534,80.2287063599,48370,48390,20
12.8315000534,80.2287063599,48390,48400,10
12.8314399719,80.2284317017,48400,48410,10
12.8313703537,80.2279510498,48410,48420,10
12.8312101364,80.2272186279,48420,48430,10
12.8310604095,80.2265090942,48430,48441,11
12.8310203552,80.2263183594,48441,48451,10
12.8310203552,80.2261199951,48451,48461,10
12.8310203552,80.2254867554,48461,48471,10
12.8310203552,80.2247924805,48471,48481,10
12.8310499191,80.2237930298,48481,48491,10
12.8310499191,80.2237930298,48491,48501,10
12.8310403824,80.2229385376,48501,48511,10
12.8310403824,80.2222518921,48511,48522,11
12.8310499191,80.2219009399,48522,48532,10
12.8310604095,80.2212677002,48532,48542,10
12.8310699463,80.2204589844,48542,48553,11
12.8310403824,80.2197494507,48553,48563,10
12.8308601379,80.2194519043,48563,48573,10
12.8302402496,80.2194595337,48573,48583,10
12.8293800354,80.2194519043,48583,48593,10
12.8284196854,80.2194366455,48593,48604,11
12.8275003433,80.2194366455,48604,48634,30
12.8275003433,80.2194366455,48634,48644,10
12.8271398544,80.2193832397,48644,48654,10
12.8264799118,80.2194213867,48654,48664,10
12.8260202408,80.2194137573,48664,48674,10
12.8256502151,80.2193984985,48674,48685,11
12.8255195618,80.2193984985,48685,48695,10
12.825050354,80.2193908691,48695,48705,10
12.8242197037,80.2193603516,48705,48715,10
12.8234300613,80.2193527222,48715,48725,10
12.8228797913,80.2193374634,48725,48735,10
12.8227300644,80.2192993164,48735,48745,10
12.8225402832,80.2189712524,48745,48755,10
12.8225603104,80.2186279297,48755,48766,11
12.8225603104,80.2178192139,48766,48776,10
12.8225698471,80.2168807983,48776,48786,10
12.8226003647,80.2161026001,48786,48796,10
12.8226203918,80.2160186768,48796,48806,10
12.822810173,80.2158966064,48806,48816,10
12.8231801987,80.215927124,48816,48826,10
12.8237199783,80.2159423828,48826,48835,9
12.8242197037,80.2159500122,48835,48846,11
12.8245401382,80.2159576416,48846,48857,11
12.8249197006,80.2159500122,48857,49100,243
12.8249197006,80.2159500122,49100,49110,10
12.8250198364,80.2159423828,49110,49120,10
12.8254003525,80.2159576416,49120,49130,10
12.8256902695,80.2159805298,49130,49140,10
12.8258600235,80.216217041,49140,49150,10
12.8258600235,80.216796875,49150,49160,10
12.8258495331,80.2174911499,49160,49170,10
12.8258399963,80.2182617188,49170,49181,11
12.8258399963,80.2191009521,49181,49191,10
12.8259000778,80.2193603516,49191,49201,10
12.826379776,80.2193603516,49201,49211,10
12.8270597458,80.2193832397,49211,49221,10
12.8273801804,80.2193832397,49221,49232,11
12.8274097443,80.2193832397,49232,49242,10
12.827580452,80.2193984985,49242,49252,10
12.8278503418,80.2193908691,49252,49263,11
12.828379631,80.2193908691,49263,49273,10
12.8291702271,80.2193908691,49273,49283,10
12.8300800323,80.2194137573,49283,49293,10
12.8307695389,80.2194137573,49293,49303,10
12.8310499191,80.2195281982,49303,49313,10
12.8311300278,80.2201080322,49313,49323,10
12.8310804367,80.220916748,49323,49333,10
12.8310804367,80.2218170166,49333,49344,11
12.8310804367,80.2222366333,49344,49354,10
12.8310699463,80.2228317261,49354,49364,10
12.8310699463,80.2238388062,49364,49374,10
12.8311004639,80.2245635986,49374,49384,10
12.8310804367,80.2249832153,49384,49394,10
12.8310699463,80.2255020142,49394,49404,10
12.8310699463,80.2261810303,49404,49414,10
12.8312101364,80.2269668579,49414,49425,11
12.8313999176,80.2278366089,49425,49435,10
12.8315496445,80.2285232544,49435,49446,11
12.8316698074,80.2289505005,49446,49456,10
12.8316898346,80.2290420532,49456,49466,10
12.8318996429,80.229133606,49466,49476,10
12.8324604034,80.2290115356,49476,49486,10
12.833319664,80.2288589478,49486,49496,10
12.8342504501,80.2286834717,49496,49507,11
12.8352499008,80.2285079956,49507,49517,10
12.8362703323,80.2283630371,49517,49527,10
12.8372898102,80.2282028198,49527,49537,10
12.8384304047,80.2279586792,49537,49548,11
12.8394002914,80.2276229858,49548,49620,72
12.8394002914,80.2276229858,49620,49629,9
12.8398599625,80.2274780273,49629,49640,11
12.8404798508,80.2273635864,49640,49650,10
12.8412303925,80.2271575928,49650,49660,10
12.8421497345,80.2269668579,49660,49671,11
12.84333992,80.2267608643,49671,49681,10
12.8444299698,80.2266082764,49681,49691,10
12.8453798294,80.2265167236,49691,49711,20
12.8453798294,80.2265167236,49711,49721,10
12.8454799652,80.2265167236,49721,49731,10
12.8459701538,80.2265319824,49731,49741,10
12.8467998505,80.2265319824,49741,49752,11
12.8479995728,80.2265319824,49752,49762,10
12.8492202759,80.2265319824,49762,49772,10
12.8503103256,80.2265319824,49772,49782,10
12.8514995575,80.2265701294,49782,49792,10
12.8525695801,80.2266311646,49792,49802,10
12.8537197113,80.2265930176,49802,49812,10
12.8549699783,80.2264633179,49812,49822,10
12.8561401367,80.226348877,49822,49833,11
12.8577604294,80.2261886597,49833,49843,10
12.8589200974,80.2262268066,49843,49853,10
12.8601303101,80.2264022827,49853,49863,10
12.8613796234,80.2265167236,49863,49873,10
12.862660408,80.2264633179,49873,49883,10
12.8640003204,80.2264785767,49883,49893,10
12.8653402328,80.2265396118,49893,49903,10
12.8665399551,80.2264785767,49903,49914,11
12.8679504395,80.226348877,49914,49924,10
12.8692398071,80.2264099121,49924,49934,10
12.8705701828,80.2265472412,49934,49944,10
12.8718299866,80.2266082764,49944,49954,10
12.8727302551,80.2266082764,49954,49964,10
12.8728399277,80.2266235352,49964,49974,10
12.8730802536,80.2266235352,49974,49984,10
12.8737401962,80.2266464233,49984,49994,10
12.8747301102,80.2267913818,49994,50005,11
12.8757696152,80.2268829346,50005,50015,10
12.8765602112,80.2268600464,50015,50025,10
12.876709938,80.226852417,50025,50035,10
12.8770704269,80.2268295288,50035,50045,10
12.8777799606,80.2267837524,50045,50055,10
12.8784799576,80.2267303467,50055,50065,10
12.8796300888,80.2266921997,50065,50075,10
12.8808002472,80.2266769409,50075,50086,11
12.8822002411,80.2266693115,50086,50096,10
12.8834600449,80.2266387939,50096,50106,10
12.8846302032,80.2266235352,50106,50116,10
12.8853397369,80.2266464233,50116,50126,10
12.8853502274,80.2266464233,50126,50136,10
12.8856897354,80.2267303467,50136,50146,10
12.8863601685,80.2269210815,50146,50156,10
12.887260437,80.227142334,50156,50167,11
12.8884897232,80.2272720337,50167,50177,10
12.8897399902,80.2272796631,50177,50187,10
12.8909397125,80.2272872925,50187,50197,10
12.8921499252,80.2272796631,50197,50227,30
12.8921499252,80.2272796631,50227,50237,10
12.8924398422,80.2272567749,50237,50248,11
12.8927402496,80.2273025513,50248,50258,10
12.8935499191,80.2274017334,50258,50268,10
12.8944301605,80.2275009155,50268,50278,10
12.8954696655,80.2275390625,50278,50288,10
12.8964004517,80.2275924683,50288,50298,10
12.897480011,80.2276535034,50298,50308,10
12.898440361,80.2277069092,50308,50318,10
12.8991699219,80.2277526855,50318,50329,11
12.8997898102,80.2277908325,50329,50339,10
12.9005699158,80.2278289795,50339,50440,101
12.9005699158,80.2278289795,50440,50450,10
12.900759697,80.2278366089,50450,50460,10
12.9011096954,80.227897644,50460,50470,10
12.9014797211,80.2279510498,50470,50480,10
12.9019498825,80.2279663086,50480,50491,11
12.9026603699,80.2279891968,50491,50521,30
12.9026603699,80.2279891968,50521,50531,10
12.9028196335,80.2279968262,50531,50541,10
12.9032802582,80.2280197144,50541,50551,10
12.9038896561,80.2280426025,50551,50561,10
12.9045495987,80.2280807495,50561,50572,11
12.9049196243,80.2280807495,50572,50582,10
12.9049301147,80.2280807495,50582,50592,10
12.9051303864,80.2281112671,50592,50602,10
12.9053602219,80.2281112671,50602,50612,10
12.9055404663,80.2281112671,50612,50663,51
12.9055404663,80.2281112671,50663,50673,10
12.9056301117,80.228012085,50673,50683,10
12.9057703018,80.228012085,50683,50693,10
12.9059495926,80.2281036377,50693,50754,61
12.9059495926,80.2281036377,50754,50764,10
12.9062004089,80.2281799316,50764,50774,10
12.9066200256,80.2282028198,50774,50784,10
12.906829834,80.2282333374,50784,50794,10
12.9069595337,80.2282562256,50794,50804,10
12.907500267,80.2283630371,50804,50814,10
12.9083003998,80.228477478,50814,50825,11
12.9094400406,80.2286682129,50825,50835,10
12.9106397629,80.2288589478,50835,50845,10
12.9119195938,80.2290420532,50845,50855,10
12.9131498337,80.2292175293,50855,50865,10
12.9141397476,80.229309082,50865,50885,20
12.9141397476,80.229309082,50885,50895,10
12.9142599106,80.2293167114,50895,50906,11
12.9148797989,80.2294235229,50906,50916,10
12.9156599045,80.2295532227,50916,50926,10
12.9166603088,80.2296905518,50926,50936,10
12.917719841,80.2298431396,50936,50946,10
12.9188699722,80.2299880981,50946,50956,10
12.9201097488,80.2301483154,50956,50966,10
12.9214000702,80.2303085327,50966,50976,10
12.9226903915,80.2304992676,50976,50987,11
12.9240598679,80.2306976318,50987,50997,10
12.9252099991,80.2308425903,50997,51007,10
12.9260196686,80.2308578491,51007,51017,10
12.9261302948,80.2309036255,51017,51027,10
12.9266395569,80.2310028076,51027,51037,10
12.9273900986,80.231086731,51037,51047,10
12.928030014,80.2311630249,51047,51057,10
12.9286403656,80.231262207,51057,51068,11
12.929400444,80.2313995361,51068,51078,10
12.9302396774,80.231590271,51078,51088,10
12.9312400818,80.2318878174,51088,51098,10
12.9322299957,80.232208252,51098,51108,10
12.9332103729,80.2325592041,51108,51118,10
12.9337396622,80.2327880859,51118,51128,10
12.9337902069,80.2328186035,51128,51138,10
12.9341802597,80.2330093384,51138,51149,11
12.9349002838,80.2333374023,51149,51159,10
12.9353504181,80.2335510254,51159,51169,10
12.9356899261,80.2337036133,51169,51179,10
12.93612957,80.2339019775,51179,51189,10
12.936630249,80.2341537476,51189,51199,10
12.937210083,80.2344284058,51199,51209,10
12.9379301071,80.2347717285,51209,51219,10
12.9386701584,80.2351379395,51219,51230,11
12.9393997192,80.2355422974,51230,51240,10
12.9399204254,80.2357635498,51240,51250,10
12.9407100677,80.2360076904,51250,51260,10
12.9417200089,80.2362518311,51260,51270,10
12.9427604675,80.2365875244,51270,51280,10
12.9435997009,80.2372817993,51280,51289,9
12.9443397522,80.2381134033,51289,51300,11
12.9451904297,80.2389984131,51300,51311,11
12.9464101791,80.2396392822,51311,51321,10
12.9473600388,80.240020752,51321,51331,10
12.9476003647,80.2401199341,51331,51341,10
12.9477796555,80.2401885986,51341,51351,10
12.9482803345,80.2404022217,51351,51361,10
12.9488201141,80.2405929565,51361,51392,31
12.9488201141,80.2405929565,51392,51402,10
12.9489002228,80.2406005859,51402,51412,10
12.9492397308,80.2407608032,51412,51422,10
12.9498596191,80.2409667969,51422,51432,10
12.9506196976,80.2412109375,51432,51442,10
12.9510698318,80.2413406372,51442,51452,10
12.9510803223,80.2413635254,51452,51462,10
12.9514102936,80.2415008545,51462,51472,10
12.95195961,80.2416992188,51472,51483,11
12.9527397156,80.2419662476,51483,51493,10
12.9535303116,80.2423095703,51493,51503,10
12.9539003372,80.2424621582,51503,51513,10
12.9540195465,80.2425308228,51513,51523,10
12.9545001984,80.2426986694,51523,51533,10
12.9551095963,80.2429122925,51533,51543,10
12.9557800293,80.2431335449,51543,51553,10
12.9563302994,80.2433624268,51553,51574,21
12.9563302994,80.2433624268,51574,51584,10
12.9567804337,80.2435073853,51584,51594,10
12.9573497772,80.2437896729,51594,51604,10
12.9580497742,80.2441101074,51604,51614,10
12.9587202072,80.2443618774,51614,51624,10
12.9587602615,80.244392395,51624,51634,10
12.9588699341,80.2444763184,51634,51644,10
12.9592695236,80.2446899414,51644,51655,11
12.9600000381,80.245010376,51655,51665,10
12.9608297348,80.2453765869,51665,51675,10
12.9618301392,80.2458572388,51675,51685,10
12.9629001617,80.2463989258,51685,51695,10
12.9635896683,80.2467422485,51695,51705,10
12.9639997482,80.2469100952,51705,51715,10
12.964679718,80.2471618652,51715,51726,11
12.9654903412,80.2474365234,51726,51736,10
12.9661502838,80.2476882935,51736,51746,10
12.9665603638,80.2478790283,51746,51756,10
12.9666004181,80.2479019165,51756,51766,10
12.9667396545,80.2479476929,51766,51776,10
12.9668598175,80.2479934692,51776,51786,10
12.9672002792,80.2481765747,51786,51796,10
12.967880249,80.2484817505,51796,51807,11
12.968870163,80.248840332,51807,51817,10
12.9698696136,80.2492218018,51817,51827,10
12.9708595276,80.2495880127,51827,51837,10
12.9719400406,80.2498931885,51837,51847,10
12.9730501175,80.2501831055,51847,51857,10
12.9741601944,80.2504806519,51857,51867,10
12.9752998352,80.2508087158,51867,51877,10
12.9764003754,80.2511291504,51877,51888,11
12.9774799347,80.2515563965,51888,51898,10
12.9783601761,80.252243042,51898,51918,20
12.9783601761,80.252243042,51918,51928,10
12.9786500931,80.2524414063,51928,51938,10
12.9792804718,80.252571106,51938,51948,10
12.9798002243,80.2526168823,51948,51958,10
12.9803199768,80.2526397705,51958,51969,11
12.9810800552,80.2526168823,51969,51979,10
12.9819602966,80.2525863647,51979,51989,10
12.9829797745,80.2525482178,51989,51999,10
12.9839801788,80.2523574829,51999,52009,10
12.9848899841,80.2521133423,52009,52019,10
12.9854803085,80.2519302368,52019,52070,51
12.9854803085,80.2519302368,52070,52080,10
12.9857397079,80.2518692017,52080,52090,10
12.9861402512,80.2517623901,52090,52100,10
12.9867401123,80.2515869141,52100,52110,10
12.9875202179,80.2513580322,52110,52120,10
12.9883203506,80.2511978149,52120,52131,11
12.9896402359,80.2508468628,52131,52151,20
12.9896402359,80.2508468628,52151,52161,10
12.9897403717,80.2509002686,52161,52171,10
12.9901599884,80.250831604,52171,52181,10
12.9907999039,80.2506637573,52181,52191,10
12.9916200638,80.2504501343,52191,52201,10
12.9926204681,80.2501983643,52201,52212,11
12.9938602448,80.2498779297,52212,52222,10
12.9950399399,80.2495803833,52222,52232,10
12.9965896606,80.2491226196,52232,52252,20
12.9965896606,80.2491226196,52252,52262,10
12.9969596863,80.2490386963,52262,52272,10
12.9976100922,80.248878479,52272,52282,10
12.9984197617,80.2486572266,52282,52292,10
12.9993600845,80.2484207153,52292,52303,11
13.0004501343,80.2481384277,52303,52313,10
13.0014295578,80.2479019165,52313,52323,10
13.002120018,80.2477416992,52323,52333,10
13.0025501251,80.2476272583,52333,52343,10
13.0032300949,80.2474975586,52343,52353,10
13.0040397644,80.2473907471,52353,52363,10
13.0049495697,80.2472686768,52363,52373,10
13.0058002472,80.2470932007,52373,52384,11
13.0065402985,80.2463607788,52384,52404,20
13.0065402985,80.2463607788,52404,52414,10
13.0065498352,80.2462615967,52414,52424,10
13.0066003799,80.2459030151,52424,52434,10
13.0066204071,80.2452697754,52434,52444,10
13.0066204071,80.2445602417,52444,52454,10
13.0066003799,80.2439422607,52454,52465,11
13.0065803528,80.2432785034,52465,52475,10
13.0065698624,80.2425765991,52475,52485,10
13.0065603256,80.2418136597,52485,52495,10
13.0066099167,80.2410964966,52495,52505,10
13.0066699982,80.2406997681,52505,52515,10
13.0066699982,80.2406692505,52515,52525,10
13.0067195892,80.2403411865,52525,52535,10
13.0068302155,80.2398910522,52535,52546,11
13.006939888,80.2390823364,52546,52556,10
13.0071201324,80.2382736206,52556,52566,10
13.0073003769,80.2374801636,52566,52576,10
13.0073795319,80.236869812,52576,52586,10
13.0074195862,80.2367324829,52586,52596,10
13.0074596405,80.236618042,52596,52606,10
13.0075798035,80.2361907959,52606,52616,10
13.0076999664,80.2355728149,52616,52627,11
13.0077800751,80.235168457,52627,52637,10
13.0078201294,80.234992981,52637,52647,10
13.0079202652,80.2344894409,52647,52657,10
13.0080795288,80.2337188721,52657,52667,10
13.0082798004,80.2327423096,52667,52677,10
13.0085201263,80.2315292358,52677,52687,10
13.0087795258,80.2302474976,52687,52697,10
13.0090398788,80.2289123535,52697,52708,11
13.009469986,80.2275924683,52708,52718,10
13.0099496841,80.2265167236,52718,52728,10
13.0104398727,80.2256011963,52728,52738,10
13.0107498169,80.2249832153,52738,52748,10
13.0109901428,80.2243423462,52748,52758,10
13.0113096237,80.2235565186,52758,52768,10
13.0116596222,80.2227020264,52768,52778,10
13.0120296478,80.2216567993,52778,52789,11
13.0123500824,80.2214431763,52789,52799,10
13.012550354,80.2217025757,52799,52809,10
13.0129098892,80.2221984863,52809,52819,10
13.0133895874,80.2228088379,52819,52829,10
13.0138502121,80.2233886719,52829,52839,10
13.0142602921,80.2238922119,52839,52849,10
13.0148096085,80.2243881226,52849,52859,10
13.0150403976,80.224571228,52859,52870,11
13.0154695511,80.2249221802,52870,52890,20
13.0154695511,80.2249221802,52890,52900,10
13.0155200958,80.2249984741,52900,52910,10
13.0158004761,80.2252578735,52910,52920,10
13.0163202286,80.2253417969,52920,52930,10
13.0169696808,80.2251205444,52930,52940,10
13.0177202225,80.2248077393,52940,52950,10
13.0184001923,80.2245407104,52950,52961,11
13.0192203522,80.2242965698,52961,52991,30
13.0192203522,80.2242965698,52991,53001,10
13.0193796158,80.2243423462,53001,53011,10
13.019490242,80.2243728638,53011,53021,10
13.019610405,80.2244491577,53021,53031,10
13.0198202133,80.2246170044,53031,53042,11
13.0201101303,80.2248687744,53042,53052,10
13.0204801559,80.225151062,53052,53062,10
13.0208797455,80.225440979,53062,53072,10
13.0213003159,80.2257614136,53072,53082,10
13.0217399597,80.2260971069,53082,53092,10
13.0222702026,80.2265396118,53092,53102,10
13.0228996277,80.2270584106,53102,53112,10
13.0234498978,80.2275466919,53112,53123,11
13.0240297318,80.2281036377,53123,53133,10
13.0243501663,80.2284317017,53133,53143,10
13.0243701935,80.2284622192,53143,53153,10
13.0242099762,80.2285690308,53153,53163,10
13.0239400864,80.2281799316,53163,53173,10
13.0235004425,80.2276916504,53173,53183,10
13.0228796005,80.2271118164,53183,53193,10
13.0222396851,80.2265319824,53193,53204,11
13.0215196609,80.2259292603,53204,53214,10
13.021030426,80.2255020142,53214,53224,10
13.0204601288,80.225112915,53224,53234,10
13.0200796127,80.2248382568,53234,53244,10
13.019490242,80.2244873047,53244,53254,10
13.0187397003,80.2244720459,53254,53264,10
13.0180101395,80.2247619629,53264,53274,10
13.0172395706,80.2250595093,53274,53285,11
13.0164699554,80.2253875732,53285,53295,10
13.0159597397,80.2255630493,53295,53305,10
13.0152196884,80.2258377075,53305,53325,20
13.0152196884,80.2258377075,53325,53335,10
13.0150203705,80.2258987427,53335,53345,10
13.0146198273,80.2260284424,53345,53355,10
13.0142602921,80.2261276245,53355,53366,11
13.0142002106,80.2259597778,53366,53376,10
13.0141201019,80.2254714966,53376,53517,141
13.01404953,80.225151062,53517,53558,41
13.01404953,80.225151062,53558,53568,10
13.0142097473,80.2251815796,53568,53578,10
13.0141897202,80.225692749,53578,53588,10
13.0141801834,80.2260818481,53588,53598,10
13.0141496658,80.2261734009,53598,53609,11
13.0137300491,80.2263565063,53609,53619,10
13.0129995346,80.2266921997,53619,53629,10
13.012140274,80.2270278931,53629,53639,10
13.0112199783,80.2273788452,53639,53649,10
13.0102596283,80.2277603149,53649,53659,10
13.0095396042,80.2276992798,53659,53669,10
13.0096998215,80.227142334,53669,53679,10
13.0100603104,80.2263870239,53679,53690,11
13.0104799271,80.2254714966,53690,53700,10
13.010890007,80.2246932983,53700,53710,10
13.011059761,80.2240982056,53710,53720,10
13.011179924,80.2237167358,53720,53730,10
13.011179924,80.2237091064,53730,53740,10
13.0112199783,80.2236175537,53740,53750,10
13.0113897324,80.2231292725,53750,53760,10
13.0116796494,80.2224578857,53760,53770,10
13.0120201111,80.2216796875,53770,53781,11
13.0123500824,80.2215270996,53781,53791,10
13.0127401352,80.2220077515,53791,53801,10
13.0132904053,80.2226104736,53801,53811,10
13.0138902664,80.2232971191,53811,53821,10
13.0142498016,80.223739624,53821,53831,10
13.0147600174,80.2242965698,53831,53841,10
13.0153198242,80.2248764038,53841,53851,10
13.0161600113,80.2252426147,53851,53862,11
13.0171699524,80.2249603271,53862,53872,10
13.0180797577,80.224609375,53872,53882,10
13.0189504623,80.2243118286,53882,53892,10
13.0197200775,80.2244796753,53892,53902,10
13.020190239,80.2248382568,53902,53912,10
13.0206403732,80.2251586914,53912,53922,10
13.0209503174,80.2253570557,53922,53932,10
13.0213403702,80.225692749,53932,53943,11
13.0217399597,80.2259902954,53943,53953,10
13.0221300125,80.2262802124,53953,53963,10
13.0226297379,80.2267303467,53963,53973,10
13.0231399536,80.2272033691,53973,53983,10
13.0236101151,80.2276382446,53983,53993,10
13.0240602493,80.2280502319,53993,54003,10
13.0242900848,80.2283401489,54003,54013,10
13.0242900848,80.2283477783,54013,54024,11
13.0244197845,80.2285614014,54024,54034,10
13.0242004395,80.2285766602,54034,54044,10
13.0239200592,80.2282180786,54044,54054,10
13.0235500336,80.2277832031,54054,54064,10
13.0231704712,80.2274017334,54064,54115,51
13.0231704712,80.2274017334,54115,54125,10
13.0230302811,80.2271575928,54125,54135,10
13.0227603912,80.226890564,54135,54145,10
13.0226402283,80.2267837524,54145,54155,10
13.0222196579,80.2263793945,54155,54165,10
13.0214996338,80.2258377075,54165,54175,10
13.0206298828,80.2251968384,54175,54186,11
13.019659996,80.2245788574,54186,54196,10
13.0186004639,80.2245178223,54196,54206,10
13.0176401138,80.2249069214,54206,54216,10
13.0167598724,80.2252807617,54216,54226,10
13.0161800385,80.2255096436,54226,54236,10
13.0154695511,80.225769043,54236,54246,10
13.0143604279,80.2261962891,54246,54277,31
13.0143604279,80.2261962891,54277,54287,10
13.0141401291,80.2262496948,54287,54297,10
13.0135698318,80.2264862061,54297,54307,10
13.0127801895,80.2268066406,54307,54317,10
13.011879921,80.2271575928,54317,54327,10
13.0109395981,80.2275466919,54327,54337,10
13.0099802017,80.2279510498,54337,54348,11
13.0091104507,80.2285385132,54348,54358,10
13.0088996887,80.229637146,54358,54368,10
13.0086603165,80.2308807373,54368,54378,10
13.0084199905,80.2321472168,54378,54388,10
13.0082502365,80.2331924438,54388,54398,10
13.0081796646,80.2336730957,54398,54408,10
13.0081396103,80.2337417603,54408,54418,10
13.0080299377,80.2341995239,54418,54429,11
13.0078897476,80.2348709106,54429,54439,10
13.0078496933,80.2350463867,54439,54449,10
13.0077199936,80.2356262207,54449,54459,10
13.0075397491,80.2365570068,54459,54469,10
13.0073299408,80.2377090454,54469,54479,10
13.0071496964,80.2386932373,54479,54489,10
13.0069799423,80.2394485474,54489,54499,10
13.0068902969,80.2399902344,54499,54509,10
13.0068502426,80.2404785156,54509,54520,11
13.0067901611,80.2407989502,54520,54530,10
13.0066900253,80.2414016724,54530,54540,10
13.0066604614,80.2423706055,54540,54550,10
13.006649971,80.2433013916,54550,54560,10
13.0066003799,80.2441711426,54560,54570,10
13.0066003799,80.2448272705,54570,54580,10
13.006649971,80.2457809448,54580,54590,10
13.0066795349,80.2463607788,54590,54601,11
13.0066995621,80.2465286255,54601,54611,10
13.0067100525,80.2466201782,54611,54621,10
13.0066995621,80.2470703125,54621,54631,10
13.0062799454,80.2473678589,54631,54641,10
13.0060901642,80.2473602295,54641,54651,10
13.0057001114,80.2473297119,54651,54661,10
13.0049600601,80.2473373413,54661,54671,10
13.0040102005,80.247428894,54671,54682,11
13.0029001236,80.2475967407,54682,54692,10
13.0023097992,80.2477264404,54692,54702,10
13.0016002655,80.2479019165,54702,54712,10
13.0007095337,80.2481307983,54712,54722,10
12.9997196198,80.2483901978,54722,54732,10
12.998840332,80.2486190796,54732,54741,9
12.9980697632,80.2488327026,54741,54752,11
12.9979400635,80.2488479614,54752,54763,11
12.9972000122,80.2490081787,54763,54773,10
12.9963102341,80.2492294312,54773,54783,10
12.9952697754,80.24949646,54783,54793,10
12.9942302704,80.2497634888,54793,54803,10
12.9932098389,80.2500305176,54803,54813,10
12.9922103882,80.2502822876,54813,54823,10
12.9913196564,80.2504882813,54823,54833,10
12.9907598495,80.2506408691,54833,54844,11
12.9899902344,80.2508163452,54844,54854,10
12.9891004562,80.2510375977,54854,54864,10
12.9882698059,80.2512588501,54864,54874,10
12.987660408,80.251411438,54874,54884,10
12.9872903824,80.2515182495,54884,54894,10
12.9868202209,80.2516708374,54894,54904,10
12.9864397049,80.2517776489,54904,54914,10
12.9863796234,80.2517929077,54914,54925,11
12.9860200882,80.2518386841,54925,54935,10
12.9853096008,80.2520370483,54935,54945,10
12.9842996597,80.2523117065,54945,54955,10
12.9832296371,80.2525634766,54955,54965,10
12.9821395874,80.2526321411,54965,54975,10
12.9811697006,80.2526473999,54975,54985,10
12.9807395935,80.2526626587,54985,55006,21
12.9807395935,80.2526626587,55006,55016,10
12.9804601669,80.2526626587,55016,55026,10
12.9802703857,80.2526702881,55026,55036,10
12.9799804688,80.2526626587,55036,55046,10
12.9793901443,80.2526016235,55046,55056,10
12.9786100388,80.252456665,55056,55066,10
12.9778404236,80.2519378662,55066,55076,10
12.9769802094,80.2513275146,55076,55087,11
12.9758195877,80.2509613037,55087,55097,10
12.9747400284,80.2506484985,55097,55107,10
12.9736795425,80.2503585815,55107,55117,10
12.9726200104,80.2500762939,55117,55127,10
12.9715204239,80.2497787476,55127,55137,10
12.970410347,80.249458313,55137,55147,10
12.969329834,80.2490463257,55147,55157,10
12.9682598114,80.2486419678,55157,55168,11
12.9671297073,80.2481765747,55168,55178,10
12.9662904739,80.2477798462,55178,55188,10
12.9654798508,80.2474594116,55188,55198,10
12.965180397,80.2473526001,55198,55208,10
12.9648704529,80.2472229004,55208,55218,10
12.9644203186,80.2470397949,55218,55228,10
12.9641399384,80.2469177246,55228,55238,10
12.9640302658,80.2468795776,55238,55249,11
12.9636802673,80.2467498779,55249,55259,10
12.9632997513,80.2465362549,55259,55269,10
12.9626398087,80.2462234497,55269,55279,10
12.9617204666,80.2457809448,55279,55289,10
12.9607095718,80.2453079224,55289,55299,10
12.959690094,80.2448501587,55299,55309,10
12.9587097168,80.2444076538,55309,55319,10
12.9578399658,80.2440490723,55319,55329,10
12.9567098618,80.2436828613,55329,55451,122
12.9567098618,80.2436828613,55451,55461,10
12.956319809,80.243560791,55461,55471,10
12.9558095932,80.2433166504,55471,55481,10
12.955039978,80.2429733276,55481,55491,10
12.9540901184,80.2425765991,55491,55502,11
12.9529304504,80.2420806885,55502,55512,10
12.9519395828,80.2417221069,55512,55522,10
12.9516897202,80.2416381836,55522,55532,10
12.9512701035,80.2414627075,55532,55542,10
12.9505701065,80.2412185669,55542,55552,10
12.9499502182,80.241027832,55552,55562,10
12.9491701126,80.2408065796,55562,55583,21
12.9491701126,80.2408065796,55583,55593,10
12.948849678,80.2406997681,55593,55603,10
12.948220253,80.2404327393,55603,55613,10
12.9474096298,80.2400970459,55613,55623,10
12.947019577,80.2399520874,55623,55633,10
12.9468402863,80.2398681641,55633,55643,10
12.9462995529,80.2396469116,55643,55653,10
12.9455604553,80.2393112183,55653,55664,11
12.9446697235,80.238571167,55664,55674,10
12.9438495636,80.2376480103,55674,55684,10
12.9429197311,80.2367401123,55684,55694,10
12.9416799545,80.2362518311,55694,55704,10
12.940489769,80.2359695435,55704,55714,10
12.9397802353,80.2357406616,55714,55724,10
12.9396600723,80.2356719971,55724,55734,10
12.9391899109,80.2354278564,55734,55745,11
12.9383296967,80.2350006104,55745,55757,12
12.9373197556,80.2344970703,55757,55767,10
12.9361696243,80.2339477539,55767,55777,10
12.9355201721,80.2336502075,55777,55787,10
12.934630394,80.2332382202,55787,55797,10
12.9338903427,80.2329177856,55797,55806,9
12.9337797165,80.2328567505,55806,55817,11
12.9333600998,80.2326583862,55817,55828,11
12.9323196411,80.2322387695,55828,55838,10
12.9312400818,80.231880188,55838,55848,10
12.9300298691,80.2315216064,55848,55858,10
12.9288196564,80.2312698364,55858,55868,10
12.9275503159,80.2311019897,55868,55878,10
12.9266395569,80.2310028076,55878,55888,10
12.9262104034,80.2309494019,55888,55898,10
12.9261198044,80.2309494019,55898,55909,11
12.9258403778,80.2309036255,55909,55919,10
12.925239563,80.2308120728,55919,55929,10
12.9244003296,80.23072052,55929,55939,10
12.9233798981,80.2305984497,55939,55949,10
12.9222602844,80.230430603,55949,55959,10
12.9210996628,80.2302627563,55959,55969,10
12.9199104309,80.2301177979,55969,55979,10
12.9187402725,80.2299728394,55979,55990,11
12.9174804688,80.2298126221,55990,56000,10
12.9162998199,80.229637146,56000,56010,10
12.9151000977,80.2294692993,56010,56020,10
12.9139995575,80.2293395996,56020,56030,10
12.913359642,80.2292785645,56030,56040,10
12.9132900238,80.2292480469,56040,56050,10
12.9128103256,80.2291564941,56050,56060,10
12.9119997025,80.2290267944,56060,56071,11
12.9109601974,80.2288894653,56071,56081,10
12.9099597931,80.2287597656,56081,56091,10
12.9089002609,80.2285766602,56091,56101,10
12.9078302383,80.2284088135,56101,56111,10
12.9071998596,80.2283172607,56111,56130,19
12.9071998596,80.2283172607,56130,56141,11
12.9069404602,80.2283096313,56141,56152,11
12.9064102173,80.2282409668,56152,56162,10
12.9055900574,80.2281723022,56162,56172,10
12.9046401978,80.2281036377,56172,56182,10
12.9034996033,80.2280578613,56182,56192,10
12.9023199081,80.2280197144,56192,56202,10
12.9012002945,80.2279815674,56202,56222,20
12.9012002945,80.2279815674,56222,56233,11
12.9009504318,80.2279281616,56233,56243,10
12.9003400803,80.2278823853,56243,56253,10
12.8996400833,80.2278518677,56253,56263,10
12.8993396759,80.2278366089,56263,56273,10
12.8992099762,80.2278289795,56273,56283,10
12.8986997604,80.2278289795,56283,56293,10
12.8980398178,80.2277679443,56293,56303,10
12.8974895477,80.2277374268,56303,56313,10
12.8965997696,80.2276992798,56313,56324,11
12.8956403732,80.2276611328,56324,56334,10
12.8946199417,80.2276229858,56334,56344,10
12.8936100006,80.2275390625,56344,56354,10
12.8926801682,80.227432251,56354,56364,10
12.8919401169,80.2273788452,56364,56374,10
12.8909597397,80.2273635864,56374,56384,10
12.8898096085,80.2273635864,56384,56394,10
12.8886995316,80.2273483276,56394,56405,11
12.8873796463,80.2272186279,56405,56415,10
12.886179924,80.2269592285,56415,56425,10
12.8852596283,80.2267303467,56425,56435,10
12.8848304749,80.2266998291,56435,56445,10
12.8840999603,80.2266921997,56445,56455,10
12.8831195831,80.2266998291,56455,56465,10
12.881939888,80.2267227173,56465,56475,10
12.8806600571,80.2267227173,56475,56486,11
12.8791904449,80.2267532349,56486,56496,10
12.877869606,80.226852417,56496,56506,10
12.8768901825,80.2269363403,56506,56516,10
12.876449585,80.2269897461,56516,56526,10
12.8763399124,80.2269973755,56526,56536,10
12.8758001328,80.2269897461,56536,56546,10
12.875,80.2269134521,56546,56556,10
12.8739500046,80.2267913818,56556,56567,11
12.8729095459,80.2267303467,56567,56577,10
12.8725404739,80.2267303467,56577,56587,10
12.8721599579,80.2267227173,56587,56597,10
12.8714199066,80.2266921997,56597,56607,10
12.8704204559,80.2266235352,56607,56617,10
12.8692398071,80.2264785767,56617,56627,10
12.8679599762,80.2264099121,56627,56637,10
12.8667201996,80.2265319824,56637,56648,11
12.8654298782,80.2266082764,56648,56658,10
12.8642196655,80.2265777588,56658,56668,10
12.8630800247,80.2265396118,56668,56678,10
12.861869812,80.2265777588,56678,56688,10
12.8610200882,80.2266235352,56688,56698,10
12.8608598709,80.226600647,56698,56708,10
12.8603200912,80.2265319824,56708,56718,10
12.8594503403,80.2263870239,56718,56729,11
12.8586196899,80.2262878418,56729,56739,10
12.8577699661,80.2262573242,56739,56749,10
12.8567199707,80.226348877,56749,56759,10
12.8556098938,80.2264480591,56759,56769,10
12.8544101715,80.2265701294,56769,56779,10
12.8531103134,80.2266693115,56779,56789,10
12.8518400192,80.2266311646,56789,56799,10
12.8507499695,80.2266311646,56799,56810,11
12.8501996994,80.2266082764,56810,56820,10
12.8499403,80.2265930176,56820,56830,10
12.8493003845,80.2265930176,56830,56840,10
12.8484296799,80.2265930176,56840,56850,10
12.8474397659,80.2265930176,56850,56860,10
12.8464603424,80.2266235352,56860,56870,10
12.8459796906,80.2266311646,56870,56880,10
12.8459396362,80.2266235352,56880,56891,11
12.8454504013,80.2266082764,56891,56901,10
12.8447198868,80.2266235352,56901,56911,10
12.8437795639,80.2267074585,56911,56921,10
12.8427495956,80.2268600464,56921,56931,10
12.8416595459,80.2271118164,56931,56941,10
12.8406000137,80.2274017334,56941,56951,10
12.8399496078,80.2276229858,56951,56961,10
12.8395795822,80.227722168,56961,56972,11
12.8389997482,80.2278823853,56972,56982,10
12.838139534,80.2281036377,56982,56992,10
12.8370199203,80.2282867432,56992,57002,10
12.8357601166,80.228477478,57002,57012,10
12.8344402313,80.2286987305,57012,57022,10
12.8331003189,80.2289428711,57022,57032,10
12.8320398331,80.2291412354,57032,57042,10
12.8315401077,80.229019165,57042,57053,11
12.8315296173,80.2288894653,57053,57063,10
12.8315200806,80.2286300659,57063,57073,10
12.8313999176,80.228012085,57073,57083,10
12.8312501907,80.2272415161,57083,57093,10
12.8310899734,80.2263565063,57093,57103,10
12.8310699463,80.2252883911,57103,57113,10
12.8310699463,80.2246932983,57113,57123,10
12.8310699463,80.2241668701,57123,57134,11
12.8310804367,80.2232208252,57134,57144,10
12.8310804367,80.2223129272,57144,57154,10
12.8310804367,80.2219161987,57154,57164,10
12.8310804367,80.2212371826,57164,57174,10
12.8311004639,80.2205581665,57174,57184,10
12.8311100006,80.219871521,57184,57194,10
12.8311004639,80.219619751,57194,57204,10
12.8305597305,80.2194595337,57204,57215,11
12.8297796249,80.2194824219,57215,57225,10
12.8290300369,80.2194900513,57225,57235,10
12.8281202316,80.2194824219,57235,57245,10
12.827630043,80.2194824219,57245,57255,10
12.8276395798,80.2194824219,57255,57265,10
12.8275995255,80.2194595337,57265,57275,10
12.8271903992,80.2194213867,57275,57285,10
12.8264503479,80.2194290161,57285,57296,11
12.8260297775,80.2194213867,57296,57306,10
12.825799942,80.2192611694,57306,57316,10
12.8258399963,80.21900177,57316,57326,10
12.8258399963,80.2183380127,57326,57336,10
12.8258600235,80.2174682617,57336,57346,10
12.8258600235,80.2164916992,57346,57356,10
12.8256502151,80.216003418,57356,57366,10
12.8252401352,80.2159729004,57366,57376,10
12.8248596191,80.2159576416,57376,58338,962
12.8248596191,80.2159576416,58338,58349,11
12.8247203827,80.216003418,58349,58359,10
12.8244304657,80.2160186768,58359,58369,10
12.8243999481,80.2160186768,58369,58379,10
12.8240699768,80.2160110474,58379,58389,10
12.8234796524,80.216003418,58389,58400,11
12.822930336,80.2159881592,58400,58410,10
12.8226995468,80.216178894,58410,58420,10
12.8226995468,80.2163009644,58420,58431,11
12.8226900101,80.2168426514,58431,58441,10
12.8226900101,80.2174911499,58441,58451,10
12.8226804733,80.2182388306,58451,58461,10
12.8226804733,80.21900177,58461,58471,10
12.8226995468,80.2193069458,58471,58481,10
12.8229398727,80.2194213867,58481,58491,10
12.8233995438,80.2194824219,58491,58501,10
12.8241996765,80.2195205688,58501,58512,11
12.8251600266,80.2194671631,58512,58522,10
12.8253898621,80.2194824219,58522,58532,10
12.8254404068,80.2194366455,58532,58542,10
12.8258104324,80.2194900513,58542,58552,10
12.8261995316,80.2194595337,58552,58562,10
12.8262701035,80.2194213867,58562,58572,10
12.8270797729,80.2194366455,58572,58593,21
12.8270797729,80.2194366455,58593,58603,10
12.8271903992,80.2194824219,58603,58613,10
12.827249527,80.2194824219,58613,58623,10
12.827460289,80.2194595337,58623,58633,10
12.8275995255,80.2194366455,58633,58643,10
12.8278102875,80.2194366455,58643,58653,10
12.8284101486,80.2194671631,58653,58663,10
12.8292398453,80.2194824219,58663,58674,11
12.8303699493,80.2194900513,58674,58684,10
12.830909729,80.2195205688,58684,58694,10
12.8311901093,80.219909668,58694,58704,10
12.8311700821,80.2206420898,58704,58714,10
12.8311395645,80.2214584351,58714,58724,10
12.8311395645,80.2220230103,58724,58734,10
12.8311500549,80.222328186,58734,58744,10
12.8311595917,80.2227325439,58744,58754,10
12.8311500549,80.2235183716,58754,58765,11
12.8311300278,80.2244186401,58765,58775,10
12.8311300278,80.2247619629,58775,58785,10
12.8311300278,80.2252731323,58785,58795,10
12.8311300278,80.2259902954,58795,58805,10
12.8312196732,80.2268676758,58805,58815,10
12.8314504623,80.2279281616,58815,58825,10
12.8317203522,80.2291030884,58825,58846,21
12.8317203522,80.2291030884,58846,58856,10
12.8317804337,80.2291793823,58856,58866,10
12.8321199417,80.2291030884,58866,58876,10
12.8327198029,80.2289733887,58876,58886,10
12.8335199356,80.228843689,58886,58896,10
12.8344202042,80.2286834717,58896,58906,10
12.8353700638,80.2285079956,58906,58916,10
12.8363704681,80.2283630371,58916,58927,11
12.8374795914,80.2281799316,58927,58937,10
12.8382997513,80.2280197144,58937,58947,10
12.8385400772,80.2279281616,58947,58957,10
12.8387002945,80.2278823853,58957,58997,40
12.8390903473,80.2278137207,58997,59058,61
12.8390903473,80.2278137207,59058,59068,10
12.8394403458,80.2276992798,59068,59078,10
12.8395004272,80.2276916504,59078,59089,11
12.839679718,80.2276000977,59089,59099,10
12.8402299881,80.2275085449,59099,59109,10
12.8409996033,80.2273178101,59109,59119,10
12.8419704437,80.2270812988,59119,59129,10
12.8431100845,80.2268600464,59129,59139,10
12.8442401886,80.2266693115,59139,59149,10
12.8453903198,80.2266235352,59149,59170,21
12.8453903198,80.2266235352,59170,59180,10
12.8457403183,80.2266387939,59180,59200,20
12.8457403183,80.2266387939,59200,59210,10
12.846039772,80.2266616821,59210,59220,10
12.8466701508,80.2266311646,59220,59230,10
12.8474903107,80.226600647,59230,59240,10
12.8484201431,80.2265930176,59240,59251,11
12.8494596481,80.2265777588,59251,59261,10
12.8500204086,80.2265701294,59261,59271,10
12.8500499725,80.2265625,59271,59281,10
12.851099968,80.2266082764,59281,59291,10
12.851099968,80.2266082764,59291,59301,10
12.8517799377,80.2266387939,59301,59311,10
12.8523397446,80.2266693115,59311,59321,10
12.852930069,80.2266769409,59321,59332,11
12.8535404205,80.2266387939,59332,59342,10
12.8540000916,80.226600647,59342,59352,10
12.8543300629,80.2265777588,59352,59362,10
12.8543596268,80.2265701294,59362,59372,10
12.8543796539,80.2265625,59372,59382,10
12.8547897339,80.2265319824,59382,59392,10
12.8555698395,80.2264480591,59392,59403,11
12.8564796448,80.2263565063,59403,59414,11
12.8575401306,80.2262573242,59414,59424,10
12.858420372,80.2262573242,59424,59433,9
12.8593301773,80.226348877,59433,59444,11
12.860329628,80.2265014648,59444,59454,10
12.8608102798,80.2265777588,59454,59464,10
12.8608798981,80.2266464233,59464,59474,10
12.861240387,80.2266082764,59474,59484,10
12.8619403839,80.2265701294,59484,59495,11
12.8628997803,80.2265090942,59495,59505,10
12.8638296127,80.2265319824,59505,59515,10
12.8648195267,80.2265701294,59515,59525,10
12.8657999039,80.2265930176,59525,59535,10
12.866809845,80.2265167236,59535,59545,10
12.8679103851,80.2264099121,59545,59555,10
12.869099617,80.2264480591,59555,59565,10
12.8703403473,80.2265930176,59565,59576,11
12.8715896606,80.2266616821,59576,59586,10
12.8725099564,80.2266616821,59586,59596,10
12.8728303909,80.2266769409,59596,59606,10
12.8729200363,80.2266998291,59606,59616,10
12.8733797073,80.2266998291,59616,59626,10
12.8739595413,80.2267303467,59626,59635,9
12.8748903275,80.2268676758,59635,59646,11
12.8755998611,80.2269515991,59646,59657,11
12.876250267,80.2269668579,59657,59667,10
12.876660347,80.2269287109,59667,59677,10
12.8768997192,80.226890564,59677,59687,10
12.8769702911,80.2268981934,59687,59697,10
12.8774204254,80.2268829346,59697,59707,10
12.8781604767,80.2268218994,59707,59717,10
12.8790903091,80.2267608643,59717,59727,10
12.880200386,80.2267227173,59727,59738,11
12.8815002441,80.2267074585,59738,59748,10
12.8827199936,80.2266921997,59748,59758,10
12.8838996887,80.2266693115,59758,59768,10
12.8848800659,80.2266616821,59768,59778,10
12.8851900101,80.2266693115,59778,59788,10
12.8852500916,80.2266769409,59788,59798,10
12.8857002258,80.2267608643,59798,59808,10
12.8864202499,80.2269592285,59808,59818,10
12.8872404099,80.227142334,59818,59829,11
12.8881597519,80.2272720337,59829,59839,10
12.8890695572,80.2273406982,59839,59849,10
12.890080452,80.2273406982,59849,59859,10
12.8910799026,80.2273406982,59859,59869,10
12.8919401169,80.2273483276,59869,59879,10
12.8923397064,80.2273635864,59879,59889,10
12.892780304,80.2274093628,59889,59899,10
12.8934497833,80.2274780273,59899,59910,11
12.8942499161,80.2276000977,59910,59920,10
12.8951101303,80.2276611328,59920,59930,10
12.8961896896,80.2276763916,59930,59940,10
12.8972501755,80.227722168,59940,59950,10
12.8982095718,80.2277984619,59950,59960,10
12.8991203308,80.2278518677,59960,59970,10
12.9000701904,80.2278671265,59970,60001,31
12.9000701904,80.2278671265,60001,60011,10
12.9002199173,80.2278900146,60011,60021,10
12.9005699158,80.2279434204,60021,60031,10
12.9009895325,80.2280197144,60031,60041,10
12.9014501572,80.2280426025,60041,60051,10
12.9020595551,80.2280502319,60051,60061,10
12.9027500153,80.2280578613,60061,60072,11
12.9032297134,80.2280426025,60072,60082,10
12.903429985,80.2280578613,60082,60092,10
12.904009819,80.2281265259,60092,60102,10
12.9048204422,80.2281799316,60102,60112,10
12.905579567,80.2282104492,60112,60183,71
12.905579567,80.2282104492,60183,60193,10
12.9058904648,80.2282562256,60193,60203,10
12.9063901901,80.2282791138,60203,60213,10
12.9069499969,80.2283477783,60213,60223,10
12.9070596695,80.2283630371,60223,60234,11
12.907119751,80.2283477783,60234,60244,10
12.9075603485,80.2283935547,60244,60254,10
12.9083003998,80.2285079956,60254,60264,10
12.9092798233,80.2286911011,60264,60274,10
12.9104003906,80.2288818359,60274,60284,10
12.9115600586,80.229057312,60284,60294,10
12.9127397537,80.2292098999,60294,60304,10
12.9139099121,80.2293167114,60304,60325,21
12.9139099121,80.2293167114,60325,60335,10
12.914059639,80.2293930054,60335,60345,10
12.9146003723,80.2294769287,60345,60355,10
12.9153699875,80.2295684814,60355,60365,10
12.9162998199,80.2296829224,60365,60375,10
12.9173002243,80.2298126221,60375,60385,10
12.9183397293,80.229927063,60385,60396,11
12.9191598892,80.2300186157,60396,60406,10
12.9192199707,80.2300186157,60406,60416,10
12.9193000793,80.2300262451,60416,60426,10
12.9197797775,80.2301025391,60426,60436,10
12.9205102921,80.2302017212,60436,60446,10
12.9214000702,80.2303237915,60446,60456,10
12.9224596024,80.2304763794,60456,60466,10
12.9235401154,80.2306365967,60466,60477,11
12.9247303009,80.2307891846,60477,60487,10
12.9257802963,80.2309112549,60487,60497,10
12.926440239,80.2309570313,60497,60507,10
12.9264602661,80.2309570313,60507,60517,10
12.9266796112,80.2310028076,60517,60527,10
12.9272403717,80.2310714722,60527,60537,10
12.9279298782,80.2311630249,60537,60547,10
12.9284095764,80.2312393188,60547,60558,11
12.9288797379,80.2313079834,60558,60568,10
12.9295902252,80.2314834595,60568,60578,10
12.9304304123,80.2316589355,60578,60588,10
12.9314203262,80.2319564819,60588,60598,10
12.9324598312,80.2322998047,60598,60608,10
12.9333400726,80.2326278687,60608,60618,10
12.9337501526,80.2328262329,60618,60639,21
12.9337501526,80.2328262329,60639,60649,10
12.9341001511,80.2330169678,60649,60659,10
12.934679985,80.2332687378,60659,60669,10
12.9353599548,80.2335662842,60669,60679,10
12.9356002808,80.2337036133,60679,60689,10
12.9356899261,80.2337417603,60689,60699,10
12.9360799789,80.2339172363,60699,60709,10
12.9367399216,80.2342224121,60709,60719,10
12.9375200272,80.2345962524,60719,60730,11
12.9385499954,80.2350997925,60730,60740,10
12.9394598007,80.2355728149,60740,60750,10
12.9397602081,80.2357025146,60750,60760,10
12.9398298264,80.2357635498,60760,60770,10
12.940199852,80.2359085083,60770,60780,10
12.9408903122,80.2360992432,60780,60790,10
12.9417800903,80.2362976074,60790,60800,10
12.9427604675,80.2366027832,60800,60811,11
12.9436798096,80.2373199463,60811,60821,10
12.9444103241,80.2381362915,60821,60831,10
12.9451704025,80.2389678955,60831,60841,10
12.9461097717,80.2395401001,60841,60851,10
12.9472398758,80.2399978638,60851,60881,30
12.9472398758,80.2399978638,60881,60892,11
12.9475402832,80.2401733398,60892,60902,10
12.9480695724,80.2404174805,60902,60912,10
12.9487304688,80.2406234741,60912,60952,40
12.9487304688,80.2406234741,60952,60962,10
12.9489297867,80.2406616211,60962,60973,11
12.9493999481,80.2408599854,60973,60983,10
12.9499998093,80.2410583496,60983,60993,10
12.9507799149,80.2412872314,60993,61003,10
12.9515800476,80.2415466309,61003,61013,10
12.9517402649,80.2416000366,61013,61023,10
12.951880455,80.2416610718,61023,61033,10
12.9523296356,80.2418823242,61033,61043,10
12.9530096054,80.2421417236,61043,61054,11
12.953909874,80.2424926758,61054,61064,10
12.9547901154,80.2428207397,61064,61074,10
12.9555597305,80.2431030273,61074,61084,10
12.9564199448,80.2433700562,61084,61135,51
12.9564199448,80.2433700562,61135,61145,10
12.9565696716,80.2433166504,61145,61155,10
12.9570198059,80.2435836792,61155,61165,10
12.9576997757,80.2439422607,61165,61175,10
12.9585199356,80.2443008423,61175,61185,10
12.9588899612,80.244468689,61185,61195,10
12.9589004517,80.244468689,61195,61205,10
12.9592399597,80.2446594238,61205,61216,11
12.9598903656,80.2449493408,61216,61226,10
12.9606399536,80.245300293,61226,61236,10
12.9614896774,80.2456970215,61236,61246,10
12.9623498917,80.2461166382,61246,61256,10
12.9629602432,80.2464294434,61256,61266,10
12.963060379,80.2464904785,61266,61276,10
12.963139534,80.2465591431,61276,61286,10
12.963350296,80.2466583252,61286,61297,11
12.9638595581,80.2469177246,61297,61307,10
12.9645795822,80.247177124,61307,61317,10
12.9654302597,80.247467041,61317,61327,10
12.9663200378,80.2478027344,61327,61337,10
12.9670600891,80.2481384277,61337,61357,20
12.9670600891,80.2481384277,61357,61367,10
12.9671201706,80.2481689453,61367,61378,11
12.9678602219,80.2484664917,61378,61438,60
12.9678602219,80.2484664917,61438,61448,10
12.9681301117,80.2485961914,61448,61459,11
12.9687795639,80.248878479,61459,61469,10
12.9695396423,80.249168396,61469,61479,10
12.9704399109,80.2495269775,61479,61489,10
12.9714803696,80.2498474121,61489,61499,10
12.9725103378,80.2501220703,61499,61509,10
12.9734401703,80.2503814697,61509,61519,10
12.9742097855,80.2505874634,61519,61529,10
12.9750795364,80.2508163452,61529,61539,10
12.9760704041,80.251083374,61539,61550,11
12.9771203995,80.251411438,61550,61560,10
12.9779596329,80.251953125,61560,61570,10
12.9785699844,80.2523880005,61570,61762,192
12.9785699844,80.2523880005,61762,61772,10
12.9785699844,80.2523498535,61772,61782,10
12.978890419,80.2525100708,61782,61793,11
12.9792404175,80.2525787354,61793,61803,10
12.9793395996,80.2526016235,61803,61813,10
12.9797401428,80.2526626587,61813,61823,10
12.9802398682,80.2526779175,61823,61833,10
12.9806499481,80.2526779175,61833,61843,10
12.9812803268,80.2526473999,61843,61853,10
12.9821195602,80.2526168823,61853,61863,10
12.9831104279,80.2525634766,61863,61874,11
12.9842300415,80.2523117065,61874,61884,10
12.9851999283,80.2520370483,61884,62005,121
12.9851999283,80.2520370483,62005,62015,10
12.9853696823,80.2519989014,62015,62025,10
12.9857997894,80.2518768311,62025,62036,11
12.9864196777,80.251739502,62036,62046,10
12.9870004654,80.2515792847,62046,62056,10
12.9875202179,80.2514190674,62056,62066,10
12.9880104065,80.2513198853,62066,62076,10
12.9887599945,80.2511367798,62076,62086,10
12.9895000458,80.2509384155,62086,62106,20
12.9895000458,80.2509384155,62106,62117,11
12.989689827,80.2508926392,62117,62127,10
12.9901895523,80.2507705688,62127,62137,10
12.9909200668,80.250579834,62137,62147,10
12.9917898178,80.2503585815,62147,62157,10
12.9927797318,80.2501220703,62157,62167,10
12.9939002991,80.2498397827,62167,62177,10
12.9950895309,80.2495574951,62177,62187,10
12.9963197708,80.2492523193,62187,62198,11
12.997710228,80.2488937378,62198,62208,10
12.9989995956,80.2485809326,62208,62218,10
13.0002698898,80.248260498,62218,62228,10
13.0014696121,80.2479476929,62228,62238,10
13.0024404526,80.2477035522,62238,62248,10
13.0035200119,80.2474975586,62248,62258,10
13.0046796799,80.2473526001,62258,62268,10
13.0057001114,80.2471694946,62268,62279,11
13.0065202713,80.2465133667,62279,62299,20
13.0065202713,80.2465133667,62299,62308,9
13.0065603256,80.2463607788,62308,62319,11
13.0066204071,80.2459030151,62319,62329,10
13.006649971,80.2452316284,62329,62339,10
13.0066699982,80.2443618774,62339,62349,10
13.0066699982,80.2436523438,62349,62360,11
13.0066604614,80.2431182861,62360,62370,10
13.0066299438,80.24243927,62370,62380,10
13.0066003799,80.2416305542,62380,62390,10
13.0066099167,80.2411575317,62390,62400,10
13.0066099167,80.2411270142,62400,62410,10
13.0066299438,80.2410583496,62410,62420,10
13.006649971,80.240852356,62420,62430,10
13.0067195892,80.2405319214,62430,62440,10
13.006819725,80.2400436401,62440,62451,11
13.0069904327,80.2391891479,62451,62461,10
13.0071601868,80.2383117676,62461,62471,10
13.0073604584,80.2373962402,62471,62481,10
13.0074100494,80.2369003296,62481,62491,10
13.0074596405,80.2366714478,62491,62501,10
13.0074796677,80.2366333008,62501,62511,10
13.0074901581,80.2365875244,62511,62521,10
13.0075902939,80.2362213135,62521,62532,11
13.0077104568,80.2356185913,62532,62542,10
13.0078001022,80.2351837158,62542,62552,10
13.0079202652,80.2345428467,62552,62562,10
13.0080900192,80.2337417603,62562,62572,10
13.0082597733,80.2329177856,62572,62582,10
13.0084400177,80.2320404053,62582,62592,10
13.0086603165,80.2310180664,62592,62601,9
13.0088596344,80.2300415039,62601,62613,12
13.0090999603,80.2288208008,62613,62623,10
13.0093402863,80.2278823853,62623,62633,10
13.0097503662,80.2269668579,62633,62643,10
13.0101804733,80.2260665894,62643,62653,10
13.0105895996,80.2253036499,62653,62663,10
13.0108604431,80.2245483398,62663,62673,10
13.0112600327,80.2235488892,62673,62694,21
13.0112600327,80.2235488892,62694,62704,10
13.011300087,80.2233810425,62704,62714,10
13.0115699768,80.2229614258,62714,62724,10
13.0118198395,80.22215271,62724,62734,10
13.012169838,80.2215576172,62734,62744,10
13.0123195648,80.2216186523,62744,62754,10
13.0126399994,80.2219619751,62754,62764,10
13.0130796432,80.2225189209,62764,62775,11
13.0136995316,80.2231826782,62775,62785,10
13.0141401291,80.2236785889,62785,62795,10
13.0144796371,80.2241592407,62795,62805,10
13.0150403976,80.224609375,62805,62825,20
13.0150403976,80.224609375,62825,62835,10
13.0153198242,80.2248764038,62835,62856,21
13.0153198242,80.2248764038,62856,62866,10
13.0155601501,80.2250289917,62866,62926,60
13.0155601501,80.2250289917,62926,62937,11
13.0157299042,80.2251968384,62937,62947,10
13.0161399841,80.2253875732,62947,62957,10
13.0169095993,80.2252197266,62957,62967,10
13.0178499222,80.2248382568,62967,62977,10
13.0188398361,80.2244415283,62977,62987,10
13.0195198059,80.2243881226,62987,63028,41
13.019610405,80.2244873047,63028,63048,20
13.019610405,80.2244873047,63048,63058,10
13.0197200775,80.2245101929,63058,63068,10
13.0199899673,80.2247314453,63068,63078,10
13.020409584,80.2250518799,63078,63088,10
13.0208797455,80.2253799438,63088,63099,11
13.0215396881,80.2258682251,63099,63271,172
13.0215396881,80.2258682251,63271,63281,10
13.0216798782,80.2259979248,63281,63291,10
13.0221595764,80.2264099121,63291,63301,10
13.0228300095,80.2270202637,63301,63311,10
13.0235996246,80.2276763916,63311,63321,10
13.0240097046,80.2280578613,63321,63331,10
13.0244398117,80.2285308838,63331,63382,51
13.0244398117,80.2285308838,63382,63392,10
13.0243597031,80.2286834717,63392,63402,10
13.0240697861,80.2284011841,63402,63412,10
13.0237398148,80.2279815674,63412,63423,11
13.0232000351,80.2275009155,63423,63676,253
13.0232000351,80.2275009155,63676,63686,10
13.0231800079,80.2272262573,63686,63696,10
13.0228996277,80.2269821167,63696,63706,10
13.0226802826,80.2267684937,63706,63716,10
13.0222196579,80.2264175415,63716,63726,10
13.0216598511,80.2259902954,63726,63736,10
13.0209598541,80.2254333496,63736,63747,11
13.0201597214,80.2248916626,63747,63757,10
13.0193500519,80.2244796753,63757,63767,10
13.0183401108,80.2246704102,63767,63777,10
13.0174102783,80.2250595093,63777,63787,10
13.0167798996,80.2253417969,63787,63797,10
13.0165596008,80.225440979,63797,63807,10
13.0163002014,80.2255172729,63807,63817,10
13.016169548,80.2255935669,63817,63828,11
13.0157403946,80.2257232666,63828,63838,10
13.0152797699,80.2259063721,63838,63848,10
13.0147895813,80.2260665894,63848,63858,10
13.0142202377,80.2263183594,63858,63868,10
13.0139904022,80.2264175415,63868,63878,10
13.0136899948,80.2265396118,63878,63888,10
13.0133199692,80.2266616821,63888,63898,10
13.0127296448,80.2268829346,63898,63909,11
13.0118598938,80.2272415161,63909,63919,10
13.0109395981,80.2276000977,63919,63929,10
13.0099802017,80.2279815674,63929,63939,10
13.0092000961,80.2285232544,63939,63949,10
13.0089902878,80.2294616699,63949,63959,10
13.0088100433,80.2303924561,63959,63969,10
13.0086698532,80.2311477661,63969,63979,10
13.0085000992,80.2320175171,63979,63989,10
13.0083503723,80.2328262329,63989,64000,11
13.0082302094,80.2335968018,64000,64010,10
13.0082101822,80.2336578369,64010,64020,10
13.008099556,80.2340316772,64020,64030,10
13.0079698563,80.2346420288,64030,64040,10
13.0078601837,80.2352676392,64040,64050,10
13.0077600479,80.2358016968,64050,64060,10
13.0076198578,80.2364730835,64060,64070,10
13.0074996948,80.2371063232,64070,64081,11
13.0073604584,80.2377471924,64081,64182,101
13.0073604584,80.2377471924,64182,64192,10
13.0072803497,80.238067627,64192,64202,10
13.0072002411,80.2384033203,64202,64212,10
13.0071296692,80.2388305664,64212,64222,10
13.0070199966,80.239402771,64222,64232,10
13.0069198608,80.2399520874,64232,64243,11
13.0067996979,80.2405776978,64243,64253,10
13.0066795349,80.2413330078,64253,64263,10
13.0066604614,80.2421417236,64263,64273,10
13.0066604614,80.2429199219,64273,64283,10
13.0066795349,80.2435913086,64283,64293,10
13.0066795349,80.2437133789,64293,64303,10
13.0066699982,80.2442092896,64303,64313,10
13.0066900253,80.2447891235,64313,64324,11
13.0066995621,80.2453765869,64324,64334,10
13.0067300797,80.2460403442,64334,64344,10
13.0067300797,80.2467803955,64344,64354,10
13.0066003799,80.2473983765,64354,64364,10
13.006070137,80.2474136353,64364,64374,10
13.0060596466,80.2473983765,64374,64384,10
13.0059995651,80.2473297119,64384,64394,10
13.0055904388,80.2472763062,64394,64405,11
13.00481987,80.2473220825,64405,64415,10
13.0039196014,80.2474517822,64415,64425,10
13.0028495789,80.2476425171,64425,64435,10
13.0017299652,80.2479095459,64435,64445,10
13.0005702972,80.2482070923,64445,64455,10
12.9994802475,80.2484893799,64455,64465,10
12.9985103607,80.2487564087,64465,64475,10
12.9982299805,80.248840332,64475,64486,11
12.9978399277,80.248916626,64486,64496,10
12.9971599579,80.2490615845,64496,64506,10
12.9963102341,80.2492675781,64506,64516,10
12.9952802658,80.2495193481,64516,64526,10
12.9941501617,80.2498397827,64526,64536,10
12.9929800034,80.2501220703,64536,64546,10
12.9918403625,80.2503967285,64546,64556,10
12.9911003113,80.2506027222,64556,64567,11
12.9910497665,80.250617981,64567,64577,10
12.9908704758,80.2506637573,64577,64587,10
12.990480423,80.2507629395,64587,64596,9
12.9897203445,80.2509536743,64596,64607,11
12.988820076,80.251159668,64607,64617,10
12.9883403778,80.2513122559,64617,65012,395
12.9883403778,80.2513122559,65012,65022,10
12.9881496429,80.2513427734,65022,65032,10
12.9879198074,80.2513885498,65032,65042,10
12.9875001907,80.2514877319,65042,65052,10
12.9870901108,80.2516098022,65052,65063,11
12.9865398407,80.2517700195,65063,65073,10
12.9857902527,80.2519607544,65073,65083,10
12.9849300385,80.2521896362,65083,65093,10
12.9840097427,80.2524490356,65093,65103,10
12.9831399918,80.2526397705,65103,65113,10
12.9822502136,80.2526931763,65113,65123,10
12.9813203812,80.2527084351,65123,65133,10
12.9805603027,80.2527618408,65133,65144,11
12.9801197052,80.2527770996,65144,65154,10
12.9797897339,80.2527236938,65154,65164,10
12.97935009,80.2526626587,65164,65174,10
12.9788303375,80.2526321411,65174,65184,10
12.9787302017,80.2526092529,65184,65194,10
12.9785699844,80.2525405884,65194,65204,10
12.9781198502,80.252243042,65204,65214,10
12.977519989,80.2516784668,65214,65225,11
12.9765396118,80.2512207031,65225,65235,10
12.9754695892,80.2509231567,65235,65245,10
12.9743700027,80.250617981,65245,65255,10
12.9732599258,80.2503128052,65255,65265,10
12.9723701477,80.2500762939,65265,65275,10
12.9709796906,80.2497024536,65275,65285,10
12.9697999954,80.2492828369,65285,65295,10
12.9686698914,80.2488632202,65295,65306,11
12.9674596786,80.2483901978,65306,65316,10
12.9668197632,80.2480621338,65316,65326,10
12.9661798477,80.247756958,65326,65336,10
12.9655704498,80.2474975586,65336,65346,10
12.9652795792,80.247428894,65346,65356,10
12.9652795792,80.2474212646,65356,65366,10
12.9650602341,80.2473373413,65366,65376,10
12.9645595551,80.2471618652,65376,65387,11
12.9639396667,80.2469406128,65387,65397,10
12.9636201859,80.2468109131,65397,65437,40
12.9636201859,80.2468109131,65437,65447,10
12.9632196426,80.2465896606,65447,65457,10
12.9625797272,80.2462921143,65457,65468,11
12.9616804123,80.2458496094,65468,65478,10
12.9608402252,80.2454528809,65478,65488,10
12.9599895477,80.2450714111,65488,65498,10
12.959400177,80.2448272705,65498,65508,10
12.9593296051,80.2447967529,65508,65518,10
12.9592199326,80.2447433472,65518,65528,10
12.9588098526,80.2445373535,65528,65538,10
12.9582300186,80.2442779541,65538,65549,11
12.9579200745,80.2441711426,65549,65559,10
12.9576702118,80.2440795898,65559,65569,10
12.9571399689,80.2438964844,65569,65579,10
12.9563999176,80.2436981201,65579,65599,20
12.9563999176,80.2436981201,65599,65609,10
12.956199646,80.2436065674,65609,65619,10
12.9556798935,80.2433319092,65619,65630,11
12.9549503326,80.2429733276,65630,65640,10
12.954199791,80.2426605225,65640,65650,10
12.953619957,80.2423934937,65650,65660,10
12.953040123,80.242149353,65660,65670,10
12.9523096085,80.241859436,65670,65680,10
12.9516296387,80.2416610718,65680,65690,10
12.9515800476,80.2416381836,65690,65700,10
12.9514102936,80.2415618896,65700,65711,11
12.9508495331,80.2413711548,65711,65721,10
12.9500904083,80.2411422729,65721,65731,10
12.9492998123,80.2409210205,65731,65741,10
12.9485397339,80.2406005859,65741,65751,10
12.9476995468,80.2402572632,65751,65761,10
12.9470996857,80.2400283813,65761,65781,20
12.9470996857,80.2400283813,65781,65792,11
12.9468202591,80.2398986816,65792,65802,10
12.9462795258,80.2396774292,65802,65812,10
12.9455795288,80.2393569946,65812,65822,10
12.9448795319,80.2388076782,65822,65832,10
12.9441900253,80.238067627,65832,65842,10
12.9435195923,80.2373580933,65842,65852,10
12.94272995,80.2366867065,65852,65862,10
12.9416399002,80.2363204956,65862,65872,10
12.9405202866,80.236038208,65872,65883,11
12.9397096634,80.2357635498,65883,65933,50
12.9397096634,80.2357635498,65933,65943,10
12.9392995834,80.2355575562,65943,65953,10
12.938750267,80.2352828979,65953,65964,11
12.9379901886,80.2349090576,65964,65974,10
12.9371900558,80.2345275879,65974,65984,10
12.9363203049,80.23412323,65984,65994,10
12.9355297089,80.2337417603,65994,66004,10
12.9347000122,80.2333679199,66004,66014,10
12.933930397,80.2330322266,66014,66034,20
12.933930397,80.2330322266,66034,66045,11
12.9337596893,80.2329330444,66045,66055,10
12.9332895279,80.2326889038,66055,66065,10
12.9326000214,80.232421875,66065,66075,10
12.9317798615,80.2321395874,66075,66085,10
12.930850029,80.231842041,66085,66095,10
12.929889679,80.2315673828,66095,66105,10
12.9290399551,80.2313995361,66105,66115,10
12.9283800125,80.2312774658,66115,66126,11
12.9274597168,80.2311630249,66126,66136,10
12.9265003204,80.2310333252,66136,66146,10
12.9257001877,80.2309875488,66146,66156,10
12.9255304337,80.2309570313,66156,66166,10
12.9254398346,80.2309417725,66166,66176,10
12.9250202179,80.2308807373,66176,66186,10
12.9244098663,80.2308197021,66186,66196,10
12.9237098694,80.2307128906,66196,66207,11
12.9227895737,80.2305603027,66207,66217,10
12.9217996597,80.2304077148,66217,66227,10
12.9207401276,80.2302627563,66227,66237,10
12.9196996689,80.2301330566,66237,66247,10
12.9186201096,80.2299880981,66247,66257,10
12.9175395966,80.229850769,66257,66267,10
12.916560173,80.2297134399,66267,66277,10
12.9154901505,80.2295608521,66277,66288,11
12.9143199921,80.2294006348,66288,66298,10
12.9129896164,80.2292480469,66298,66318,20
12.9129896164,80.2292480469,66318,66328,10
12.9127702713,80.2291870117,66328,66338,10
12.9122400284,80.2291412354,66338,66348,10
12.91147995,80.2290267944,66348,66358,10
12.9106302261,80.2289123535,66358,66369,11
12.9095802307,80.2287368774,66369,66379,10
12.9085903168,80.2285766602,66379,66389,10
12.9076404572,80.2284393311,66389,66399,10
12.9070396423,80.2283477783,66399,66409,10
12.9065599442,80.2283096313,66409,66419,10
12.9060602188,80.2283096313,66419,66429,10
12.9059495926,80.228302002,66429,66439,10
12.9058303833,80.228302002,66439,66450,11
12.9053602219,80.2282485962,66450,66460,10
12.9048204422,80.2282104492,66460,66470,10
12.9044399261,80.2282028198,66470,66480,10
12.9038896561,80.2281723022,66480,66490,10
12.9031600952,80.2281417847,66490,66500,10
12.902759552,80.2281265259,66500,66591,91
12.902759552,80.2281265259,66591,66601,10
12.902469635,80.2281036377,66601,66612,11
12.9019804001,80.2280807495,66612,66622,10
12.9015302658,80.2280578613,66622,66632,10
12.9011602402,80.2280426025,66632,66642,10
12.9006500244,80.2279891968,66642,66652,10
12.9000797272,80.2279586792,66652,66662,10
12.8996400833,80.2279205322,66662,66672,10
12.8991804123,80.2279281616,66672,66703,31
12.8991804123,80.2279281616,66703,66713,10
12.898900032,80.2278823853,66713,66723,10
12.8983402252,80.2278366089,66723,66733,10
12.8975801468,80.2277984619,66733,66743,10
12.8967103958,80.2277526855,66743,66753,10
12.8958597183,80.227722168,66753,66763,10
12.8952598572,80.2276916504,66763,66774,11
12.8948402405,80.2276916504,66774,66784,10
12.8941698074,80.2276535034,66784,66794,10
12.8935003281,80.2275924683,66794,66804,10
12.8929100037,80.2275314331,66804,66814,10
12.8923797607,80.2274703979,66814,66824,10
12.8916597366,80.2274169922,66824,66834,10
12.8907899857,80.2274169922,66834,66844,10
12.8897895813,80.2274169922,66844,66854,10
12.8888301849,80.2274093628,66854,66865,11
12.8878898621,80.2273483276,66865,66875,10
12.8869400024,80.2272109985,66875,66885,10
12.8859596252,80.2269821167,66885,66895,10
12.885219574,80.2268218994,66895,66905,10
12.8847999573,80.2267913818,66905,66925,20
12.8847999573,80.2267913818,66925,66935,10
12.8844499588,80.2267990112,66935,66946,11
12.8837404251,80.2267990112,66946,66956,10
12.8828897476,80.2267990112,66956,66966,10
12.8819303513,80.2267990112,66966,66976,10
12.8808898926,80.2268066406,66976,66986,10
12.8797998428,80.2268218994,66986,66996,10
12.8786296844,80.2268371582,66996,67006,10
12.8774900436,80.2269210815,67006,67016,10
12.8761501312,80.2270431519,67016,67037,21
12.8761501312,80.2270431519,67037,67047,10
12.8758296967,80.2270278931,67047,67057,10
12.8752202988,80.2269897461,67057,67067,10
12.8744001389,80.2268829346,67067,67077,10
12.8735198975,80.2267990112,67077,67087,10
12.8728704453,80.2267837524,67087,67097,10
12.8726196289,80.2267684937,67097,67108,11
12.8725204468,80.2267608643,67108,67118,10
12.8720397949,80.2267532349,67118,67128,10
12.8712997437,80.2267074585,67128,67138,10
12.8704395294,80.2266616821,67138,67148,10
12.8694896698,80.2265625,67148,67158,10
12.8684597015,80.2264480591,67158,67168,10
12.8673801422,80.2265090942,67168,67178,10
12.8662700653,80.2266235352,67178,67189,11
12.8650798798,80.2266235352,67189,67199,10
12.8640098572,80.2265777588,67199,67209,10
12.8629703522,80.2265625,67209,67219,10
12.8620796204,80.2266082764,67219,67229,10
12.861700058,80.2266464233,67229,67239,10
12.8614196777,80.2266464233,67239,67249,10
12.8610200882,80.2266464233,67249,67259,10
12.8610200882,80.2266387939,67259,67270,11
12.8606500626,80.226600647,67270,67280,10
12.8600196838,80.2265319824,67280,67290,10
12.8592100143,80.2264099121,67290,67300,10
12.8586196899,80.226348877,67300,67310,10
12.8578796387,80.2263183594,67310,67320,10
12.857000351,80.2263565063,67320,67330,10
12.8559904099,80.2264633179,67330,67340,10
12.8548698425,80.2265777588,67340,67351,11
12.8536100388,80.2267074585,67351,67361,10
12.8525295258,80.2267303467,67361,67371,10
12.8514604568,80.2266921997,67371,67381,10
12.8499898911,80.2266616821,67381,67401,20
12.8499898911,80.2266616821,67401,67411,10
12.8496999741,80.2266387939,67411,67421,10
12.8491201401,80.2266387939,67421,67432,11
12.8483200073,80.2266235352,67432,67442,10
12.8475999832,80.2266311646,67442,67452,10
12.8467903137,80.2266464233,67452,67462,10
12.8458900452,80.2266464233,67462,67472,10
12.8454303741,80.2266693115,67472,67492,20
12.8454303741,80.2266693115,67492,67502,10
12.8450403214,80.2266693115,67502,67513,11
12.844420433,80.2267227173,67513,67523,10
12.8436603546,80.2267837524,67523,67533,10
12.8428096771,80.2268981934,67533,67543,10
12.8417797089,80.227142334,67543,67553,10
12.8407402039,80.2274398804,67553,67563,10
12.8401203156,80.2276382446,67563,67573,10
12.8396902084,80.2277832031,67573,67604,31
12.8396902084,80.2277832031,67604,67614,10
12.8395004272,80.2278518677,67614,67624,10
12.8389196396,80.2279510498,67624,67634,10
12.8381204605,80.2281265259,67634,67644,10
12.8371295929,80.2283096313,67644,67654,10
12.8359804153,80.228477478,67654,67664,10
12.8348503113,80.2286605835,67664,67675,11
12.8336601257,80.2288818359,67675,67685,10
12.8327798843,80.2290420532,67685,67695,10
12.8322496414,80.2291793823,67695,67715,20
12.8322496414,80.2291793823,67715,67725,10
12.831990242,80.2292404175,67725,67735,10
12.8318395615,80.2292785645,67735,67745,10
12.8314399719,80.2293701172,67745,67756,11
12.8308200836,80.2295684814,67756,67766,10
12.8300104141,80.2298583984,67766,67776,10
12.8290700912,80.2302017212,67776,67786,10
12.8281698227,80.2306900024,67786,67796,10
12.8273000717,80.2311706543,67796,67806,10
12.8263502121,80.2313919067,67806,67816,10
12.8254003525,80.2314376831,67816,67826,10
12.8242301941,80.231300354,67826,67837,11
12.8231296539,80.2309799194,67837,67847,10
12.8221197128,80.2306671143,67847,67857,10
12.8210201263,80.2304992676,67857,67867,10
12.8200502396,80.2305221558,67867,67877,10
12.8192901611,80.2305603027,67877,67887,10
12.8189401627,80.2305603027,67887,67897,10
12.8188199997,80.2305297852,67897,67907,10
12.818400383,80.2303237915,67907,67917,10
12.817609787,80.2299423218,67917,67928,11
12.8166799545,80.2296066284,67928,67938,10
12.8156204224,80.2294311523,67938,67948,10
12.8145999908,80.2292785645,67948,67958,10
12.8136701584,80.2290725708,67958,67968,10
12.81291008,80.2288284302,67968,67978,10
12.8120098114,80.2285079956,67978,67988,10
12.8109397888,80.2281417847,67988,67998,10
12.8098497391,80.2276611328,67998,68009,11
12.8087797165,80.2269973755,68009,68019,10
12.8079099655,80.2262573242,68019,68029,10
12.8071899414,80.2256622314,68029,68039,10
12.8066396713,80.2251663208,68039,68049,10
12.8060598373,80.224647522,68049,68059,10
12.8051996231,80.2241210938,68059,68079,20
12.8051996231,80.2241210938,68079,68090,11
12.8049001694,80.2240371704,68090,68100,10
12.8043804169,80.2239685059,68100,68110,10
12.8041296005,80.2239379883,68110,68120,10
12.8037996292,80.2239227295,68120,68130,10
12.8032798767,80.2238693237,68130,68140,10
12.8027601242,80.2238235474,68140,68150,10
12.8020401001,80.2237319946,68150,68160,10
12.8013496399,80.2236709595,68160,68171,11
12.8009395599,80.2236404419,68171,68181,10
12.8007898331,80.2236328125,68181,68191,10
12.8002796173,80.2235565186,68191,68201,10
12.7995195389,80.2234802246,68201,68211,10
12.798620224,80.2233581543,68211,68221,10
12.7975196838,80.2232589722,68221,68231,10
12.7964000702,80.2230529785,68231,68241,10
12.7953796387,80.222869873,68241,68252,11
12.7941303253,80.2226715088,68252,68262,10
12.7929601669,80.2224884033,68262,68272,10
12.7917995453,80.2222595215,68272,68282,10
12.790719986,80.2220077515,68282,68292,10
12.7898397446,80.2217788696,68292,68302,10
12.7894496918,80.2216491699,68302,68312,10
12.7886800766,80.2213516235,68312,68322,10
12.7879800797,80.2210693359,68322,68333,11
12.7872104645,80.2207870483,68333,68343,10
12.78647995,80.2205200195,68343,68383,40
12.78647995,80.2205200195,68383,68393,10
12.7863197327,80.2204208374,68393,68403,10
12.7861700058,80.220451355,68403,68414,11
12.7861604691,80.220703125,68414,68424,10
12.7861700058,80.2211532593,68424,68434,10
12.7861995697,80.221496582,68434,68444,10
12.7862596512,80.2220001221,68444,69153,709
12.7862596512,80.2220001221,69153,69163,10
12.7861995697,80.2217102051,69163,69173,10
12.7861604691,80.2211608887,69173,69193,20
12.7861604691,80.2211608887,69193,69203,10
12.7861404419,80.2209625244,69203,69213,10
12.7861299515,80.2206802368,69213,69224,11
12.7861499786,80.2205200195,69224,69234,10
12.7863302231,80.2204666138,69234,69244,10
12.7866001129,80.2205886841,69244,69264,20
12.7866001129,80.2205886841,69264,69274,10
12.7866897583,80.2206420898,69274,69284,10
12.7870397568,80.2207794189,69284,69294,10
12.7875404358,80.2209625244,69294,69305,11
12.788020134,80.2211532593,69305,69315,10
12.7886600494,80.2213973999,69315,69325,10
12.7893600464,80.2216567993,69325,69335,10
12.7899198532,80.2218399048,69335,69345,10
12.7906999588,80.2220306396,69345,69355,10
12.7915897369,80.2222366333,69355,69365,10
12.792599678,80.2224731445,69365,69375,10
12.7937602997,80.2226409912,69375,69386,11
12.7950496674,80.2228393555,69386,69396,10
12.7960195541,80.2229919434,69396,69406,10
12.7963895798,80.2230529785,69406,69416,10
12.7965602875,80.2230987549,69416,69426,10
12.79708004,80.223197937,69426,69436,10
12.7978401184,80.2233200073,69436,69446,10
12.7986898422,80.2233963013,69446,69456,10
12.7996101379,80.2234802246,69456,69467,11
12.8006496429,80.2235794067,69467,69477,10
12.8012695313,80.2236404419,69477,69487,10
12.8015098572,80.2236862183,69487,69497,10
12.8016996384,80.2237319946,69497,69507,10
12.8022499084,80.2237701416,69507,69517,10
12.8028802872,80.2238616943,69517,69527,10
12.8036403656,80.2239303589,69527,69537,10
12.8044099808,80.223991394,69537,69548,11
12.8051300049,80.2240905762,69548,69558,10
12.8055496216,80.2242126465,69558,69568,10
12.8056602478,80.224281311,69568,69578,10
12.8060798645,80.2246322632,69578,69588,10
12.8066997528,80.2251815796,69588,69598,10
12.8073396683,80.2257537842,69598,69608,10
12.8080797195,80.2263717651,69608,69618,10
12.8088598251,80.2270278931,69618,69629,11
12.8097696304,80.2276077271,69629,69639,10
12.8103704453,80.2278594971,69639,69649,10
12.8111495972,80.2281799316,69649,69659,10
12.8121404648,80.2285385132,69659,69669,10
12.8131799698,80.2289123535,69669,69679,10
12.8142499924,80.2292327881,69679,69689,10
12.8153800964,80.2294006348,69689,69699,10
12.8165397644,80.2295684814,69699,69710,11
12.8177995682,80.2299880981,69710,69720,10
12.8187904358,80.2304382324,69720,69730,10
12.819609642,80.2305221558,69730,69740,10
12.8197898865,80.230506897,69740,69750,10
12.8199195862,80.2305221558,69750,69760,10
12.8204698563,80.2304992676,69760,69770,10
12.8213500977,80.230506897,69770,69780,10
12.8224496841,80.2307434082,69780,69791,11
12.8237800598,80.2311401367,69791,69801,10
12.8249998093,80.2314300537,69801,69811,10
12.8262901306,80.2313995361,69811,69821,10
12.8275003433,80.2310791016,69821,69831,10
12.8286104202,80.2304534912,69831,69841,10
12.8297595978,80.2299423218,69841,69851,10
12.8306798935,80.2295684814,69851,69892,41
12.8306798935,80.2295684814,69892,69902,10
12.8310203552,80.2294998169,69902,69912,10
12.831489563,80.2293167114,69912,69922,10
12.831990242,80.2291717529,69922,69932,10
12.8326501846,80.2290420532,69932,69942,10
12.8334197998,80.2288970947,69942,69953,11
12.8343000412,80.2287368774,69953,69963,10
12.835100174,80.2285995483,69963,69973,10
12.8359699249,80.228477478,69973,69983,10
12.8368797302,80.2283401489,69983,69993,10
12.8377799988,80.228187561,69993,70003,10
12.8384199142,80.2280426025,70003,70013,10
12.8387203217,80.2279510498,70013,70064,51
12.8387203217,80.2279510498,70064,70074,10
12.8388204575,80.2279434204,70074,70084,10
12.8389396667,80.2279205322,70084,70094,10
12.8392295837,80.2277832031,70094,70145,51
12.8392295837,80.2277832031,70145,70157,12
12.8396596909,80.2276229858,70157,70166,9
12.8401699066,80.2275466919,70166,70177,11
12.8409204483,80.2273712158,70177,70187,10
12.8417396545,80.227142334,70187,70197,10
12.8425798416,80.2269668579,70197,70208,11
12.8436899185,80.2267837524,70208,70218,10
12.8452301025,80.2266387939,70218,70238,20
12.8452301025,80.2266387939,70238,70248,10
12.8452796936,80.2266387939,70248,70258,10
12.8456602097,80.2266235352,70258,70268,10
12.8462400436,80.2266311646,70268,70279,11
12.8471298218,80.2266311646,70279,70289,10
12.8480501175,80.2266311646,70289,70299,10
12.8490600586,80.2266235352,70299,70309,10
12.850110054,80.2266235352,70309,70319,10
12.8511600494,80.2266311646,70319,70329,10
12.852230072,80.2266693115,70329,70339,10
12.8533401489,80.2266693115,70339,70349,10
12.8543100357,80.2265701294,70349,70360,11
12.8551702499,80.2264709473,70360,70370,10
12.8558197021,80.2264099121,70370,70380,10
12.8562602997,80.2263565063,70380,70714,334
12.8562602997,80.2263565063,70714,70724,10
12.8563098907,80.2263870239,70724,70734,10
12.8566904068,80.2263565063,70734,70744,10
12.8573198318,80.2263031006,70744,70754,10
12.8580198288,80.226272583,70754,70764,10
12.8585700989,80.2262878418,70764,70775,11
12.8594102859,80.2264022827,70775,70785,10
12.8606796265,80.2265625,70785,70805,20
12.8606796265,80.2265625,70805,70815,10
12.8609800339,80.2266082764,70815,70825,10
12.8615198135,80.2266082764,70825,70835,10
12.862279892,80.2265701294,70835,70845,10
12.8631401062,80.2265396118,70845,70856,11
12.8642501831,80.2265625,70856,70866,10
12.86536026,80.2266082764,70866,70876,10
12.8664703369,80.2265625,70876,70886,10
12.8676099777,80.2264480591,70886,70896,10
12.8688097,80.2264404297,70896,70906,10
12.870059967,80.2265777588,70906,70916,10
12.8712797165,80.2266693115,70916,70926,10
12.8723402023,80.2266769409,70926,70937,11
12.872879982,80.2266769409,70937,70947,10
12.8729801178,80.2266921997,70947,70957,10
12.8734197617,80.2267074585,70957,70967,10
12.8741102219,80.2267684937,70967,70977,10
12.8749303818,80.2268600464,70977,70987,10
12.8757200241,80.2269363403,70987,70997,10
12.8762102127,80.2269363403,70997,71007,10
12.8766403198,80.2269363403,71007,71028,21
12.8766403198,80.2269363403,71028,71038,10
12.8769102097,80.2269210815,71038,71048,10
12.8774700165,80.2268981934,71048,71058,10
12.8782396317,80.2268371582,71058,71068,10
12.8791599274,80.2267837524,71068,71078,10
12.88022995,80.2267608643,71078,71088,10
12.8814001083,80.2267379761,71088,71099,11
12.8827295303,80.2267303467,71099,71109,10
12.8838596344,80.2267074585,71109,71119,10
12.8848600388,80.2266769409,71119,71149,30
12.8848600388,80.2266769409,71149,71159,10
12.885140419,80.2267303467,71159,71169,10
12.8856096268,80.2268295288,71169,71180,11
12.8864803314,80.2270584106,71180,71190,10
12.8873195648,80.2272262573,71190,71200,10
12.8882598877,80.2273406982,71200,71210,10
12.8893499374,80.2273635864,71210,71220,10
12.8905496597,80.2273635864,71220,71230,10
12.8916902542,80.2273635864,71230,71240,10
12.8924703598,80.2273864746,71240,71250,10
12.893119812,80.2274780273,71250,71261,11
12.8940296173,80.2275924683,71261,71271,10
12.8949699402,80.2276535034,71271,71281,10
12.895939827,80.2276916504,71281,71291,10
12.8969802856,80.2277297974,71291,71301,10
12.8981199265,80.2277984619,71301,71311,10
12.8991098404,80.2278366089,71311,71321,10
12.8997802734,80.2278366089,71321,71352,31
12.8997802734,80.2278366089,71352,71362,10
12.9001102448,80.2278594971,71362,71372,10
12.9004297256,80.2278900146,71372,71382,10
12.9008703232,80.2279281616,71382,71392,10
12.9013595581,80.2279891968,71392,71402,10
12.9019804001,80.2280197144,71402,71412,10
12.9027204514,80.2280426025,71412,71433,21
12.9027204514,80.2280426025,71433,71443,10
12.9027395248,80.2280426025,71443,71453,10
12.9030895233,80.2280578613,71453,71463,10
12.9036998749,80.2280807495,71463,71473,10
12.9040699005,80.2281036377,71473,71483,10
12.9043903351,80.2281188965,71483,71493,10
12.9048595428,80.2281265259,71493,71503,10
12.9052095413,80.2281570435,71503,71584,81
12.9052095413,80.2281570435,71584,71595,11
12.9055099487,80.2281570435,71595,71605,10
12.9057598114,80.2281799316,71605,71615,10
12.9060297012,80.2282180786,71615,71625,10
12.9063301086,80.2282409668,71625,71635,10
12.9065303802,80.2282485962,71635,71645,10
12.9068698883,80.2282791138,71645,71655,10
12.9071302414,80.228302002,71655,71665,10
12.90721035,80.2283096313,71665,71676,11
12.9077796936,80.2284088135,71676,71686,10
12.9085597992,80.2285385132,71686,71696,10
12.9095201492,80.2287063599,71696,71706,10
12.9105997086,80.2288894653,71706,71716,10
12.9115800858,80.2290420532,71716,71726,10
12.9125499725,80.2291717529,71726,71736,10
12.9137401581,80.2292785645,71736,71757,21
12.9137401581,80.2292785645,71757,71767,10
12.9137897491,80.2293014526,71767,71777,10
12.9140100479,80.2293395996,71777,71787,10
12.9145498276,80.2294311523,71787,71797,10
12.9152498245,80.2295379639,71797,71807,10
12.9160900116,80.2296676636,71807,71817,10
12.9169998169,80.2297897339,71817,71827,10
12.9178800583,80.2299194336,71827,71838,11
12.9189195633,80.2300567627,71838,71848,10
12.9198904037,80.2302017212,71848,71858,10
12.920920372,80.2303314209,71858,71868,10
12.9219503403,80.23046875,71868,71878,10
12.9230604172,80.2306365967,71878,71888,10
12.9242401123,80.2307815552,71888,71898,10
12.9253196716,80.2309036255,71898,71908,10
12.9265003204,80.2310180664,71908,71929,21
12.9265003204,80.2310180664,71929,71939,10
12.9267597198,80.231048584,71939,71949,10
12.9273395538,80.2311172485,71949,71959,10
12.9281301498,80.2312164307,71959,71969,10
12.9287099838,80.2313079834,71969,71979,10
12.928730011,80.2313079834,71979,71989,10
12.9288301468,80.2313308716,71989,72000,11
12.9293203354,80.2314300537,72000,72010,10
12.9300203323,80.231590271,72010,72020,10
12.9308395386,80.2318191528,72020,72030,10
12.9317598343,80.2321166992,72030,72040,10
12.9327402115,80.2324523926,72040,72050,10
12.9334402084,80.2327423096,72050,72060,10
12.9335403442,80.2327804565,72060,72070,10
12.9336099625,80.2328033447,72070,72081,11
12.9338502884,80.2329406738,72081,72091,10
12.9344100952,80.2331771851,72091,72101,10
12.9351396561,80.2335128784,72101,72111,10
12.9358100891,80.2338180542,72111,72121,10
12.9365501404,80.2341690063,72121,72131,10
12.9374504089,80.2345962524,72131,72141,10
12.9384498596,80.2350769043,72141,72151,10
12.9392595291,80.2355270386,72151,72162,11
12.9398803711,80.2357788086,72162,72172,10
12.9399700165,80.2358398438,72172,72182,10
12.9403600693,80.2359771729,72182,72192,10
12.9410200119,80.2361602783,72192,72202,10
12.941860199,80.2363586426,72202,72212,10
12.9427700043,80.2366867065,72212,72222,10
12.9435396194,80.2373275757,72222,72232,10
12.9442996979,80.2381591797,72232,72243,11
12.9451599121,80.2390823364,72243,72253,10
12.9461898804,80.239616394,72253,72263,10
12.9469900131,80.2399368286,72263,72273,10
12.94713974,80.2399902344,72273,72283,10
12.9472503662,80.2400512695,72283,72293,10
12.9474000931,80.2401123047,72293,72303,10
12.9478397369,80.2403106689,72303,72313,10
12.9486598969,80.2406463623,72313,72354,41
12.9486598969,80.2406463623,72354,72364,10
12.948969841,80.2407684326,72364,72374,10
12.9495801926,80.2409896851,72374,72384,10
12.9504003525,80.2412414551,72384,72394,10
12.9513301849,80.2415084839,72394,72405,11
12.9516096115,80.2416000366,72405,72415,10
12.9518404007,80.2416915894,72415,72425,10
12.9523096085,80.2418670654,72425,72435,10
12.9529895782,80.2421417236,72435,72445,10
12.9537401199,80.2424468994,72445,72455,10
12.9544296265,80.242729187,72455,72465,10
12.955039978,80.2429580688,72465,72475,10
12.955739975,80.2431793213,72475,72486,11
12.956319809,80.2433624268,72486,72496,10
12.9563598633,80.2433700562,72496,72506,10
12.9567699432,80.2435379028,72506,72516,10
12.9574098587,80.2438583374,72516,72526,10
12.9581203461,80.2442092896,72526,72536,10
12.9590797424,80.2445831299,72536,72556,20
12.9590797424,80.2445831299,72556,72567,11
12.9594802856,80.2447967529,72567,72577,10
12.9600801468,80.2450714111,72577,72587,10
12.9608602524,80.2454299927,72587,72597,10
12.9617900848,80.245880127,72597,72607,10
12.962679863,80.2463226318,72607,72617,10
12.9632797241,80.2466201782,72617,72668,51
12.9632797241,80.2466201782,72668,72678,10
12.9633903503,80.2467269897,72678,72688,10
12.963809967,80.2469100952,72688,72698,10
12.9644899368,80.2471618652,72698,72708,10
12.9652795792,80.2474212646,72708,72718,10
12.9663896561,80.247833252,72718,72739,21
12.9663896561,80.247833252,72739,72749,10
12.9666700363,80.2479782104,72749,72759,10
12.9671497345,80.2482070923,72759,72769,10
12.9678602219,80.2485198975,72769,72779,10
12.9686498642,80.2488479614,72779,72789,10
12.9695196152,80.2491989136,72789,72799,10
12.9705600739,80.2496109009,72799,72809,10
12.971739769,80.2499465942,72809,72820,11
12.9730596542,80.2502975464,72820,72830,10
12.9742298126,80.2506027222,72830,72840,10
12.9754600525,80.2509536743,72840,72850,10
12.9766998291,80.2513122559,72850,72860,10
12.9777898788,80.2518920898,72860,72870,10
12.9784698486,80.2523880005,72870,72880,10
12.9785404205,80.2524337769,72880,72890,10
12.9786195755,80.2524795532,72890,72901,11
12.9792699814,80.2526397705,72901,72921,20
12.9792699814,80.2526397705,72921,72931,10
12.9793596268,80.2526321411,72931,72941,10
12.9796895981,80.2526626587,72941,72951,10
12.9802103043,80.2526931763,72951,72961,10
12.9808101654,80.2526702881,72961,72971,10
12.9814996719,80.2526473999,72971,72982,11
12.9821195602,80.2526321411,72982,72992,10
12.982339859,80.2526092529,72992,73002,10
12.9823703766,80.2526092529,73002,73012,10
12.9827404022,80.2526016235,73012,73022,10
12.983300209,80.2525405884,73022,73032,10
12.9839000702,80.2524032593,73032,73042,10
12.9844999313,80.2522201538,73042,73052,10
12.9851198196,80.2520370483,73052,73063,11
12.9857196808,80.2518615723,73063,73073,10
12.9861602783,80.2517471313,73073,73083,10
12.9866695404,80.2516326904,73083,73093,10
12.9871702194,80.2514877319,73093,73103,10
12.9876804352,80.2513580322,73103,73113,10
12.9883899689,80.2511901855,73113,73123,10
12.9891796112,80.2509613037,73123,73144,21
12.9891796112,80.2509613037,73144,73154,10
12.9894504547,80.2509231567,73154,73164,10
12.9899101257,80.2508163452,73164,73174,10
12.9905195236,80.2506637573,73174,73184,10
12.9913196564,80.2504425049,73184,73194,10
12.9922800064,80.2501983643,73194,73204,10
12.9932498932,80.249961853,73204,73214,10
12.9944000244,80.249671936,73214,73225,11
12.9954996109,80.2493972778,73225,73235,10
12.996339798,80.249168396,73235,73245,10
12.9965295792,80.2491073608,73245,73255,10
12.9969797134,80.2490081787,73255,73265,10
12.9976596832,80.2488632202,73265,73275,10
12.9984197617,80.2486801147,73275,73285,10
12.9994001389,80.2484436035,73285,73295,10
13.0004796982,80.2481613159,73295,73306,11
13.0016002655,80.2478866577,73306,73316,10
13.0022201538,80.2477264404,73316,73326,10
13.0029497147,80.2475891113,73326,73336,10
13.0038900375,80.2474365234,73336,73346,10
13.004940033,80.2473297119,73346,73356,10
13.0058202744,80.2471237183,73356,73366,10
13.0062999725,80.2467803955,73366,73376,10
13.0064601898,80.246421814,73376,73387,11
13.0065002441,80.2463226318,73387,73397,10
13.0065498352,80.2458572388,73397,73407,10
13.0065603256,80.2452774048,73407,73417,10
13.0065698624,80.2447814941,73417,73427,10
13.0065803528,80.2444381714,73427,73437,10
13.0065803528,80.2439804077,73437,73447,10
13.0065603256,80.2435913086,73447,73457,10
13.006529808,80.2431716919,73457,73468,11
13.0065202713,80.2424697876,73468,73478,10
13.0065202713,80.2415237427,73478,73488,10
13.006649971,80.2404785156,73488,73538,50
13.006649971,80.2404785156,73538,73549,11
13.0067501068,80.2400436401,73549,73559,10
13.0068902969,80.2394332886,73559,73569,10
13.0070199966,80.2386932373,73569,73579,10
13.0071401596,80.2379989624,73579,73589,10
13.0072603226,80.2375030518,73589,73599,10
13.0073404312,80.2369918823,73599,73609,10
13.0073795319,80.2367401123,73609,73619,10
13.0074195862,80.2365875244,73619,73630,11
13.0075397491,80.2361526489,73630,73640,10
13.007610321,80.2358093262,73640,73650,10
13.0076503754,80.2356414795,73650,73660,10
13.0077495575,80.2351379395,73660,73670,10
13.007900238,80.2343521118,73670,73680,10
13.0080795288,80.2334823608,73680,73690,10
13.0082702637,80.2325363159,73690,73700,10
13.0084400177,80.2316131592,73700,73711,11
13.008649826,80.2306213379,73711,73721,10
13.0088300705,80.2296905518,73721,73731,10
13.0089998245,80.2288589478,73731,73741,10
13.0092000961,80.2280197144,73741,73751,10
13.0095596313,80.2271881104,73751,73761,10
13.0099601746,80.22631073,73761,73771,10
13.0103302002,80.225479126,73771,73781,10
13.0106296539,80.2248535156,73781,73791,10
13.010840416,80.224357605,73791,73802,11
13.0111303329,80.2236328125,73802,73812,10
13.0113201141,80.2231521606,73812,73822,10
13.0115499496,80.2226409912,73822,73832,10
13.0117301941,80.2221298218,73832,73842,10
13.0119600296,80.2217330933,73842,73852,10
13.0122003555,80.221496582,73852,73862,10
13.0123996735,80.2217330933,73862,73872,10
13.0127601624,80.2222671509,73872,73883,11
13.0133495331,80.222869873,73883,73893,10
13.0138301849,80.2234115601,73893,73903,10
13.0141201019,80.2237701416,73903,73913,10
13.0145597458,80.2242889404,73913,73923,10
13.0151395798,80.2248306274,73923,73933,10
13.0155496597,80.2251586914,73933,73943,10
13.0157804489,80.2253036499,73943,73953,10
13.016409874,80.2253417969,73953,73964,11
13.0173501968,80.2249908447,73964,73974,10
13.0182199478,80.2246170044,73974,73984,10
13.019490242,80.2244033813,73984,74004,20
13.019490242,80.2244033813,74004,74014,10
13.0196695328,80.2245635986,74014,74024,10
13.0201301575,80.224899292,74024,74034,10
13.0207099915,80.2253189087,74034,74045,11
13.0212602615,80.2257385254,74045,74055,10
13.0215797424,80.2259216309,74055,74298,243
13.0215797424,80.2259216309,74298,74308,10
13.0216197968,80.2259902954,74308,74318,10
13.0219202042,80.2262802124,74318,74328,10
13.0224103928,80.2267227173,74328,74338,10
13.0228796005,80.2271270752,74338,74348,10
13.0232896805,80.2274780273,74348,74358,10
13.0237998962,80.2279281616,74358,74369,11
13.0242900848,80.2284317017,74369,74379,10
13.0242900848,80.2286834717,74379,74389,10
13.0239801407,80.2284011841,74389,74399,10
13.0236196518,80.2279434204,74399,74409,10
13.0232400894,80.2275772095,74409,74419,10
13.0230798721,80.2274475098,74419,74632,213
13.0230798721,80.2274475098,74632,74642,10
13.0228099823,80.2271194458,74642,74652,10
13.0225200653,80.2267913818,74652,74672,20
13.0225200653,80.2267913818,74672,74682,10
13.0222702026,80.2265625,74682,74693,11
13.0217695236,80.2261276245,74693,74703,10
13.0212001801,80.2257003784,74703,74713,10
13.0205698013,80.2252426147,74713,74723,10
13.0200004578,80.2248535156,74723,74733,10
13.0193796158,80.2244873047,74733,74743,10
13.0185604095,80.2245330811,74743,74753,10
13.0176496506,80.2249069214,74753,74763,10
13.0167703629,80.2252807617,74763,74774,11
13.0161895752,80.2255096436,74774,74784,10
13.0156402588,80.2256698608,74784,74794,10
13.0152797699,80.2258377075,74794,74804,10
13.014840126,80.2260131836,74804,74814,10
13.0141801834,80.2262802124,74814,74834,20
13.0141801834,80.2262802124,74834,74844,10
13.0138196945,80.2264404297,74844,74855,11
13.013130188,80.2267074585,74855,74865,10
13.0123100281,80.2270202637,74865,74875,10
13.011349678,80.2274169922,74875,74885,10
13.0102996826,80.2278594971,74885,74895,10
13.0093002319,80.2283096313,74895,74905,10
13.0089998245,80.2292404175,74905,74915,10
13.0087995529,80.23021698,74915,74925,10
13.0085496902,80.2314224243,74925,74976,51
13.0085496902,80.2314224243,74976,74986,10
13.0084695816,80.2315826416,74986,74996,10
13.0084199905,80.2319869995,74996,75006,10
13.0082998276,80.2326812744,75006,75017,11
13.0082302094,80.2331314087,75017,75027,10
13.008190155,80.2333984375,75027,75047,20
13.008190155,80.2333984375,75047,75057,10
13.0081195831,80.2336730957,75057,75067,10
13.0080404282,80.2339630127,75067,75077,10
13.0079402924,80.2344436646,75077,75087,10
13.0077896118,80.2350387573,75087,75098,11
13.0076503754,80.2357177734,75098,75108,10
13.0075101852,80.2364578247,75108,75118,10
13.007349968,80.2372436523,75118,75128,10
13.0072002411,80.2379989624,75128,75138,10
13.0070896149,80.2387619019,75138,75148,10
13.0069599152,80.2394866943,75148,75158,10
13.006819725,80.2403106689,75158,75168,10
13.0067796707,80.240737915,75168,75179,11
13.0067501068,80.2409286499,75179,75189,10
13.0067300797,80.2410125732,75189,75199,10
13.0066795349,80.2414627075,75199,75209,10
13.0066604614,80.2421798706,75209,75219,10
13.0066404343,80.2429580688,75219,75229,10
13.0066003799,80.2436599731,75229,75239,10
13.0065898895,80.2443618774,75239,75249,10
13.0066299438,80.2450408936,75249,75260,11
13.0066404343,80.2456665039,75260,75270,10
13.0066699982,80.2462997437,75270,75280,10
13.0066699982,80.2466812134,75280,75290,10
13.0066699982,80.2470703125,75290,75300,10
13.0061302185,80.2473907471,75300,75330,30
13.0061302185,80.2473907471,75330,75341,11
13.0058898926,80.2472610474,75341,75351,10
13.0052995682,80.2472763062,75351,75361,10
13.0045995712,80.2473297119,75361,75371,10
13.003780365,80.247428894,75371,75381,10
13.0029602051,80.2475814819,75381,75391,10
13.0023202896,80.2477264404,75391,75401,10
13.0016202927,80.2479095459,75401,75411,10
13.0008296967,80.2481384277,75411,75422,11
12.9998703003,80.2483825684,75422,75432,10
12.9989404678,80.2485961914,75432,75442,10
12.998049736,80.2488327026,75442,75452,10
12.9970903397,80.2490463257,75452,75462,10
12.9960403442,80.2492828369,75462,75472,10
12.9948997498,80.2495574951,75472,75482,10
12.9937400818,80.2498626709,75482,75492,10
12.9927501678,80.2501296997,75492,75503,11
12.9916601181,80.2504272461,75503,75513,10
12.9910202026,80.2506408691,75513,75533,20
12.9910202026,80.2506408691,75533,75543,10
12.9907798767,80.2507171631,75543,75553,10
12.9902296066,80.250831604,75553,75563,10
12.9894304276,80.2510070801,75563,75573,10
12.9884796143,80.2512512207,75573,75583,10
12.9879598618,80.251411438,75583,75705,122
12.9879598618,80.251411438,75705,75715,10
12.9876804352,80.2514419556,75715,75725,10
12.987159729,80.2515716553,75725,75735,10
12.9863796234,80.2517776489,75735,75745,10
12.9854297638,80.2520065308,75745,75756,11
12.9842395782,80.2523193359,75756,75766,10
12.983130455,80.2525863647,75766,75776,10
12.9820299149,80.2526626587,75776,75786,10
12.9811201096,80.2526931763,75786,75796,10
12.9803104401,80.2527389526,75796,75806,10
12.9791202545,80.2526779175,75806,75816,10
12.9785203934,80.2525787354,75816,75826,10
12.978509903,80.252571106,75826,75837,11
12.97838974,80.2524719238,75837,75847,10
12.9779701233,80.2521209717,75847,75857,10
12.977350235,80.2516098022,75857,75867,10
12.9764404297,80.2512207031,75867,75877,10
12.9753599167,80.2509002686,75877,75887,10
12.9742298126,80.2506027222,75887,75897,10
12.9731397629,80.2502975464,75897,75907,10
12.9720001221,80.2499923706,75907,75918,11
12.970700264,80.2496490479,75918,75928,10
12.969499588,80.2492294312,75928,75938,10
12.9683599472,80.2488021851,75938,75948,10
12.9673404694,80.2483825684,75948,75958,10
12.9666004181,80.248008728,75958,75968,10
12.9658603668,80.2476806641,75968,75978,10
12.9651203156,80.2474365234,75978,75988,10
12.9648399353,80.2473526001,75988,75999,11
12.9647703171,80.2473373413,75999,76009,10
12.9643802643,80.2471923828,76009,76019,10
12.9638900757,80.2470016479,76019,76029,10
12.9635896683,80.2468566895,76029,76039,10
12.963060379,80.2465896606,76039,76049,10
12.9623003006,80.2462234497,76049,76059,10
12.9614095688,80.2457809448,76059,76069,10
12.9604501724,80.2453231812,76069,76080,11
12.9593400955,80.2448425293,76080,76100,20
12.9593400955,80.2448425293,76100,76110,10
12.9592504501,80.2447814941,76110,76120,10
12.9588003159,80.2445831299,76120,76130,10
12.9581604004,80.2443237305,76130,76140,10
12.9576301575,80.2441101074,76140,76150,10
12.9568901062,80.243888855,76150,76161,11
12.9563503265,80.2437362671,76161,76171,10
12.9561796188,80.2436981201,76171,76181,10
12.9557104111,80.2434387207,76181,76191,10
12.9551401138,80.2431182861,76191,76201,10
12.9544401169,80.2427902222,76201,76211,10
12.9536895752,80.242477417,76211,76221,10
12.9529304504,80.2421569824,76221,76231,10
12.9522199631,80.2418899536,76231,76242,11
12.9516601563,80.2416992188,76242,76252,10
12.9515895844,80.2416763306,76252,76262,10
12.9513196945,80.2415771484,76262,76272,10
12.9507799149,80.2414016724,76272,76282,10
12.9503602982,80.2412567139,76282,76292,10
12.9501199722,80.2412033081,76292,76302,10
12.9495897293,80.2410202026,76302,76312,10
12.9490299225,80.2408599854,76312,76323,11
12.9484796524,80.2406234741,76323,76333,10
12.9477500916,80.2403106689,76333,76343,10
12.9471702576,80.2400665283,76343,76353,10
12.9470596313,80.240020752,76353,76363,10
12.9467897415,80.2399215698,76363,76373,10
12.946269989,80.2397003174,76373,76383,10
12.945599556,80.2394104004,76383,76393,10
12.9449300766,80.2389373779,76393,76404,11
12.9442596436,80.2381820679,76404,76414,10
12.9436101913,80.2374420166,76414,76424,10
12.9428100586,80.2367172241,76424,76434,10
12.9417104721,80.2363204956,76434,76444,10
12.9406204224,80.2360610962,76444,76454,10
12.9397802353,80.2358322144,76454,76464,10
12.9396896362,80.235786438,76464,76474,10
12.9395999908,80.235710144,76474,76485,11
12.939160347,80.2355194092,76485,76495,10
12.9385004044,80.2351989746,76495,76505,10
12.9377202988,80.2348327637,76505,76515,10
12.9369096756,80.2344207764,76515,76525,10
12.9360599518,80.2340164185,76525,76535,10
12.935259819,80.2336578369,76535,76545,10
12.9343996048,80.233291626,76545,76555,10
12.9338197708,80.233039856,76555,76576,21
12.9338197708,80.233039856,76576,76586,10
12.9334802628,80.2328491211,76586,76596,10
12.9328804016,80.2325820923,76596,76606,10
12.9321098328,80.2322998047,76606,76616,10
12.931189537,80.2319869995,76616,76626,10
12.9301595688,80.2316818237,76626,76636,10
12.9292402267,80.2314682007,76636,76646,10
12.9282598495,80.231300354,76646,76657,11
12.9271097183,80.2311630249,76657,76667,10
12.9262199402,80.2310562134,76667,76677,10
12.9259395599,80.2310409546,76677,76687,10
12.9256896973,80.2309875488,76687,76697,10
12.9251804352,80.2309265137,76697,76707,10
12.9244604111,80.2308273315,76707,76717,10
12.923620224,80.2307128906,76717,76727,10
12.9226303101,80.2305831909,76727,76738,11
12.9213895798,80.2304000854,76738,76748,10
12.9202604294,80.2302398682,76748,76758,10
12.9190502167,80.2300872803,76758,76768,10
12.9179201126,80.229927063,76768,76778,10
12.9168395996,80.2297821045,76778,76788,10
12.9156904221,80.2296218872,76788,76798,10
12.9146299362,80.2294769287,76798,76808,10
12.9136600494,80.2293624878,76808,76819,11
12.9132499695,80.2293319702,76819,76829,10
12.9131402969,80.2293395996,76829,76839,10
12.9126796722,80.2292480469,76839,76849,10
12.9119195938,80.2291488647,76849,76859,10
12.9110202789,80.229019165,76859,76869,10
12.9099903107,80.2288589478,76869,76879,10
12.9089202881,80.2286911011,76879,76889,10
12.9079399109,80.2285308838,76889,76900,11
12.9072399139,80.2284469604,76900,76920,20
12.9072399139,80.2284469604,76920,76930,10
12.9069299698,80.2283782959,76930,76940,10
12.9064998627,80.2283172607,76940,76950,10
12.9061698914,80.2283096313,76950,76960,10
12.906080246,80.2282867432,76960,76970,10
12.9056797028,80.2282562256,76970,76981,11
12.9049196243,80.2282028198,76981,76991,10
12.9041004181,80.2281570435,76991,77001,10
12.9031801224,80.2281188965,77001,77011,10
12.9022102356,80.2280731201,77011,77021,10
12.9014997482,80.2280426025,77021,77143,122
12.9014997482,80.2280426025,77143,77153,10
12.9011096954,80.2279968262,77153,77163,10
12.9007701874,80.2279815674,77163,77173,10
12.900349617,80.2279586792,77173,77183,10
12.899889946,80.2279510498,77183,77193,10
12.8994398117,80.2279205322,77193,77203,10
12.8994102478,80.2279129028,77203,77213,10
12.8992595673,80.2278823853,77213,77224,11
12.8986797333,80.2278289795,77224,77234,10
12.8978996277,80.2277832031,77234,77244,10
12.8970003128,80.2277526855,77244,77254,10
12.8958997726,80.2277069092,77254,77264,10
12.8947000504,80.2276611328,77264,77274,10
12.8935604095,80.2275619507,77274,77284,10
12.8920202255,80.2274093628,77284,77294,10
12.8920202255,80.2274093628,77294,77305,11
12.8911104202,80.2273788452,77305,77315,10
12.8900899887,80.2273864746,77315,77325,10
12.8889904022,80.2273864746,77325,77335,10
12.8878803253,80.2273406982,77335,77345,10
12.886759758,80.2271575928,77345,77356,11
12.8856601715,80.226890564,77356,77366,10
12.8849601746,80.2267913818,77366,77376,10
12.8849401474,80.2267837524,77376,77387,11
12.8848495483,80.2267608643,77387,77397,10
12.8843202591,80.2267608643,77397,77407,10
12.8835401535,80.2267532349,77407,77417,10
12.8825798035,80.2267532349,77417,77427,10
12.8814601898,80.2267608643,77427,77437,10
12.8802995682,80.2267684937,77437,77447,10
12.879119873,80.2267990112,77447,77457,10
12.877989769,80.2268829346,77457,77468,11
12.8768997192,80.2269821167,77468,77478,10
12.8762102127,80.2270278931,77478,77488,10
12.8761796951,80.2270278931,77488,77498,10
12.8759803772,80.2270202637,77498,77508,10
12.8753795624,80.2269821167,77508,77518,10
12.8745298386,80.2268981934,77518,77528,10
12.87362957,80.2267684937,77528,77538,10
12.8727197647,80.2267379761,77538,77549,11
12.8716096878,80.2267379761,77549,77559,10
12.8705301285,80.2266921997,77559,77569,10
12.8694400787,80.2265701294,77569,77579,10
12.8683099747,80.2264480591,77579,77589,10
12.8671398163,80.2265167236,77589,77599,10
12.8661298752,80.2266235352,77599,77608,9
12.865070343,80.2266464233,77608,77619,11
12.8640203476,80.2266235352,77619,77630,11
12.8627700806,80.226600647,77630,77640,10
12.8616695404,80.2266387939,77640,77650,10
12.8609695435,80.2266616821,77650,77660,10
12.8608102798,80.2266082764,77660,77670,10
12.8602695465,80.2265396118,77670,77680,10
12.8594503403,80.2264404297,77680,77690,10
12.8585195541,80.2263183594,77690,77700,10
12.857460022,80.2263183594,77700,77711,11
12.856180191,80.2264480591,77711,77721,10
12.8549499512,80.2265777588,77721,77731,10
12.8537101746,80.2266998291,77731,77741,10
12.8524999619,80.2267532349,77741,77751,10
12.8513898849,80.2266998291,77751,77761,10
12.8504600525,80.2266693115,77761,77771,10
12.8499403,80.2266693115,77771,77781,10
12.8497896194,80.2266464233,77781,77791,10
12.8492498398,80.2266387939,77791,77802,11
12.8483400345,80.2266387939,77802,77812,10
12.8472700119,80.2266387939,77812,77822,10
12.8462400436,80.2266464233,77822,77832,10
12.845870018,80.2266616821,77832,77842,10
12.8453998566,80.2266693115,77842,77862,20
12.8453998566,80.2266693115,77862,77872,10
12.8453903198,80.2266387939,77872,77883,11
12.8449697495,80.2266387939,77883,77893,10
12.8442201614,80.2266998291,77893,77903,10
12.8432798386,80.2268218994,77903,77913,10
12.8421497345,80.2270584106,77913,77923,10
12.8409996033,80.2273406982,77923,77933,10
12.8401899338,80.2276000977,77933,77943,10
12.8397197723,80.2276992798,77943,77953,10
12.8395700455,80.2277679443,77953,77964,11
12.8393096924,80.2278518677,77964,77974,10
12.8386201859,80.2280273438,77974,77984,10
12.8377103806,80.2282333374,77984,77994,10
12.8365497589,80.2284088135,77994,78004,10
12.8352899551,80.2285919189,78004,78014,10
12.8339796066,80.2288131714,78014,78024,10
12.8327198029,80.2290496826,78024,78034,10
12.8320598602,80.2292175293,78034,78045,11
12.8320102692,80.2292098999,78045,78055,10
12.8317203522,80.2292404175,78055,78065,10
12.8315496445,80.2291564941,78065,78075,10
12.831489563,80.2289505005,78075,78085,10
12.8314504623,80.228729248,78085,78095,10
12.8313503265,80.2281570435,78095,78105,10
12.8311595917,80.2273025513,78105,78115,10
12.8309602737,80.2261962891,78115,78126,11
12.8309602737,80.2249526978,78126,78136,10
12.8309698105,80.224609375,78136,78146,10
12.8309803009,80.2239990234,78146,78156,10
12.8309698105,80.2234573364,78156,78166,10
12.8309898376,80.2231292725,78166,78176,10
12.8310003281,80.2224502563,78176,78186,10
12.8310098648,80.2221298218,78186,78196,10
12.8310203552,80.2215194702,78196,78207,11
12.8310499191,80.2205429077,78207,78217,10
12.8310203552,80.2197875977,78217,78227,10
12.8308401108,80.2194900513,78227,78237,10
12.8301000595,80.2194900513,78237,78247,10
12.8291397095,80.2194900513,78247,78257,10
12.8281097412,80.2194976807,78257,78267,10
12.8275699615,80.2194976807,78267,78277,10
12.8274402618,80.2194976807,78277,78288,11
12.827340126,80.2194900513,78288,78298,10
12.8267803192,80.2194900513,78298,78308,10
12.8261098862,80.2194595337,78308,78318,10
12.8258399963,80.219367981,78318,78328,10
12.8257904053,80.2190322876,78328,78338,10
12.825799942,80.218536377,78338,78348,10
12.825799942,80.2174606323,78348,78358,10
12.825799942,80.2163925171,78358,78369,11
12.8255300522,80.2160186768,78369,78379,10
12.8250598907,80.2160263062,78379,78389,10
12.8242998123,80.2160491943,78389,78703,314
12.8242998123,80.2160491943,78703,78713,10
12.8241796494,80.2159805298,78713,78723,10
12.8236198425,80.2159805298,78723,78733,10
12.8228998184,80.2159805298,78733,78743,10
12.8226604462,80.2160568237,78743,78753,10
12.8226499557,80.2166137695,78753,78763,10
12.8226299286,80.2174606323,78763,78774,11
12.8226203918,80.2186813354,78774,78784,10
12.8226299286,80.2192611694,78784,78794,10
12.8230304718,80.2194519043,78794,78804,10
12.8238697052,80.2194290161,78804,78814,10
12.8247995377,80.2193984985,78814,78824,10
12.8248996735,80.2193984985,78824,78834,10
12.8252496719,80.2194213867,78834,78844,10
12.8253803253,80.2194290161,78844,78855,11
12.825750351,80.2194213867,78855,78865,10
12.8263902664,80.2194213867,78865,78875,10
12.8271303177,80.2194137573,78875,78885,10
12.827460289,80.2194213867,78885,78895,10
12.8280601501,80.2194366455,78895,78905,10
12.8289299011,80.2194366455,78905,78915,10
12.8300199509,80.2194519043,78915,78925,10
12.830789566,80.2194595337,78925,78936,11
12.8311300278,80.2197723389,78936,78946,10
12.8311100006,80.2206115723,78946,78956,10
12.8311004639,80.2217025757,78956,78966,10
12.8311004639,80.2221908569,78966,78976,10
12.8310899734,80.2227325439,78976,78986,10
12.8310804367,80.2235870361,78986,78996,10
12.8310699463,80.2245178223,78996,79006,10
12.8310699463,80.224822998,79006,79017,11
12.8310604095,80.2255630493,79017,79027,10
12.8310899734,80.2265014648,79027,79037,10
12.8313102722,80.2276229858,79037,79047,10
12.8315200806,80.2285766602,79047,79057,10
12.8317203522,80.2291488647,79057,79067,10
12.8318901062,80.229133606,79067,79077,10
12.8322200775,80.229057312,79077,79087,10
12.8329696655,80.2289276123,79087,79098,11
12.8340396881,80.2287368774,79098,79108,10
12.8351898193,80.2285385132,79108,79118,10
12.8363704681,80.2283782959,79118,79128,10
12.8375396729,80.2282028198,79128,79138,10
12.8386297226,80.2279434204,79138,79148,10
12.8391504288,80.2277526855,79148,79158,10
12.8395395279,80.2276077271,79158,79168,10
12.8400802612,80.2275238037,79168,79179,11
12.8409900665,80.2273025513,79179,79189,10
12.8420801163,80.2270431519,79189,79199,10
12.8432598114,80.2267990112,79199,79209,10
12.8443603516,80.2266616821,79209,79219,10
12.8452796936,80.2265777588,79219,79229,10
12.8455600739,80.2265625,79229,79239,10
12.845990181,80.2265777588,79239,79249,10
12.8467903137,80.2265777588,79249,79260,11
12.8479795456,80.2265777588,79260,79270,10
12.8491601944,80.2265625,79270,79280,10
12.8499698639,80.2265396118,79280,79290,10
12.850060463,80.2265625,79290,79300,10
12.8500995636,80.2265777588,79300,79310,10
12.8504800797,80.226600647,79310,79320,10
12.8512601852,80.2266235352,79320,79330,10
12.8522701263,80.2266693115,79330,79341,11
12.8535995483,80.2266464233,79341,79351,10
12.8548803329,80.2265014648,79351,79361,10
12.8562097549,80.2263565063,79361,79371,10
12.8575601578,80.2262268066,79371,79381,10
12.8587999344,80.226272583,79381,79391,10
12.8600702286,80.2264480591,79391,79401,10
12.8613901138,80.2265777588,79401,79411,10
12.8627500534,80.2265167236,79411,79422,11
12.8642301559,80.2265472412,79422,79432,10
12.8655996323,80.2265930176,79432,79442,10
12.8669595718,80.2264862061,79442,79452,10
12.8683300018,80.2263793945,79452,79462,10
12.8697099686,80.2265090942,79462,79472,10
12.8710803986,80.2266387939,79472,79482,10
12.8723897934,80.2266693115,79482,79492,10
12.8736801147,80.2267303467,79492,79502,10
12.8749904633,80.226890564,79502,79513,11
12.8761997223,80.2269363403,79513,79523,10
12.8768596649,80.226890564,79523,79533,10
12.8770103455,80.2268829346,79533,79543,10
12.877579689,80.226852417,79543,79553,10
12.8784399033,80.2267913818,79553,79563,10
12.8795204163,80.2267227173,79563,79573,10
12.8806695938,80.2267227173,79573,79583,10
12.8818998337,80.2267074585,79583,79594,11
12.8832998276,80.2266998291,79594,79604,10
12.8844900131,80.2266921997,79604,79614,10
12.8853397369,80.2267303467,79614,79624,10
12.8855199814,80.2267608643,79624,79634,10
12.886059761,80.2268981934,79634,79644,10
12.886879921,80.2271194458,79644,79654,10
12.8879699707,80.2272796631,79654,79664,10
12.8892202377,80.2273483276,79664,79675,11
12.8906602859,80.2273712158,79675,79685,10
12.8918304443,80.2273788452,79685,79695,10
12.8926401138,80.227432251,79695,79705,10
12.8935804367,80.2275085449,79705,79715,10
12.8947000504,80.2276306152,79715,79725,10
12.8959197998,80.2276763916,79725,79735,10
12.8972501755,80.2277374268,79735,79745,10
12.8985595703,80.2278137207,79745,79756,11
12.8999300003,80.2278900146,79756,79766,10
12.9009799957,80.2279434204,79766,79776,10
12.9017896652,80.2279891968,79776,79786,10
12.9024496078,80.2280197144,79786,79796,10
12.9024600983,80.2280197144,79796,79806,10
12.9026403427,80.2280426025,79806,79816,10
12.9031496048,80.2280807495,79816,79826,10
12.9039802551,80.2281188965,79826,79837,11
12.9051704407,80.2281723022,79837,79847,10
12.9062204361,80.2282485962,79847,79857,10
12.9067697525,80.228302002,79857,79867,10
12.9068803787,80.2283172607,79867,79877,10
12.9071502686,80.2283477783,79877,79887,10
12.9078197479,80.2284393311,79887,79897,10
12.9087495804,80.2285919189,79897,79907,10
12.909910202,80.2287826538,79907,79918,11
12.9112596512,80.2289733887,79918,79928,10
12.9124898911,80.2291183472,79928,79938,10
12.9135503769,80.2292480469,79938,79948,10
12.9139204025,80.2293014526,79948,79958,10
12.914059639,80.2293319702,79958,79968,10
12.9146299362,80.2294006348,79968,79978,10
12.9154901505,80.2295379639,79978,79988,10
12.9165401459,80.2296829224,79988,79999,11
12.9175395966,80.2298202515,79999,80009,10
12.9184398651,80.2299423218,80009,80019,10
12.9191598892,80.2300186157,80019,80029,10
12.919260025,80.2300491333,80029,80039,10
12.9196395874,80.2301025391,80039,80049,10
12.9202804565,80.2301864624,80049,80059,10
12.9211397171,80.2303009033,80059,80069,10
12.9221897125,80.2304382324,80069,80080,11
12.9234104156,80.2306289673,80080,80090,10
12.9244804382,80.2307662964,80090,80100,10
12.9255304337,80.2308807373,80100,80110,10
12.926320076,80.2309570313,80110,80120,10
12.9264698029,80.2309799194,80120,80130,10
12.92689991,80.2310409546,80130,80140,10
12.9276399612,80.2311325073,80140,80150,10
12.9284200668,80.2312393188,80150,80161,11
12.9293203354,80.2314224243,80161,80171,10
12.9302797318,80.2316436768,80171,80181,10
12.9313497543,80.2319717407,80181,80191,10
12.9324197769,80.2323226929,80191,80201,10
12.9333295822,80.2326583862,80201,80211,10
12.9336795807,80.2328033447,80211,80221,10
12.9338598251,80.2329101563,80221,80231,10
12.9345197678,80.2331771851,80231,80242,11
12.9353303909,80.233543396,80242,80252,10
12.935669899,80.2336807251,80252,80262,10
12.9359502792,80.2338180542,80262,80272,10
12.9365501404,80.2341079712,80272,80282,10
12.9373502731,80.2344970703,80282,80292,10
12.9383602142,80.2349777222,80292,80302,10
12.9393100739,80.235458374,80302,80312,10
12.9396295547,80.2356414795,80312,80323,11
12.9398803711,80.2357711792,80323,80333,10
12.940580368,80.236000061,80333,80343,10
12.9414701462,80.2362136841,80343,80353,10
12.9424800873,80.2365112305,80353,80363,10
12.943400383,80.2371368408,80363,80373,10
12.9442501068,80.238067627,80373,80383,10
12.9450597763,80.2389297485,80383,80393,10
12.9462404251,80.239616394,80393,80404,11
12.94713974,80.2399368286,80404,80414,10
12.9472703934,80.2400131226,80414,80424,10
12.9476203918,80.2401580811,80424,80434,10
12.9482898712,80.2404174805,80434,80444,10
12.9488201141,80.2406082153,80444,80454,10
12.9490804672,80.2407226563,80454,80464,10
12.949640274,80.2409286499,80464,80474,10
12.9503803253,80.2411804199,80474,80485,11
12.9512996674,80.2415008545,80485,80495,10
12.952249527,80.2418365479,80495,80505,10
12.9533195496,80.2422332764,80505,80515,10
12.9543504715,80.2426300049,80515,80525,10
12.9551401138,80.2429275513,80525,80535,10
12.9560003281,80.2432022095,80535,80545,10
12.9564504623,80.243347168,80545,80555,10
12.9570398331,80.2436294556,80555,80566,11
12.9577903748,80.2440032959,80566,80576,10
12.9584503174,80.2443008423,80576,80586,10
12.9589796066,80.2444992065,80586,80596,10
12.9590301514,80.2444992065,80596,80606,10
12.9594402313,80.2447128296,80606,80616,10
12.960100174,80.2450180054,80616,80626,10
12.9609603882,80.2454071045,80626,80636,10
12.9619398117,80.2458877563,80636,80647,11
12.9628801346,80.2463531494,80647,80657,10
12.963350296,80.2465896606,80657,80687,30
12.963350296,80.2465896606,80687,80697,10
12.9634399414,80.2466812134,80697,80707,10
12.9637699127,80.2468185425,80707,80717,10
12.9644403458,80.2470703125,80717,80727,10
12.965259552,80.2473678589,80727,80738,11
12.9662599564,80.2477264404,80738,80748,10
12.9669103622,80.2479934692,80748,80758,10
12.9669704437,80.2480392456,80758,80768,10
12.9670801163,80.2481536865,80768,80778,10
12.9676399231,80.2483901978,80778,80788,10
12.9684696198,80.2487106323,80788,80798,10
12.9694499969,80.2490997314,80798,80808,10
12.9705295563,80.2495193481,80808,80819,11
12.9717998505,80.2499008179,80819,80829,10
12.972990036,80.250213623,80829,80839,10
12.9741697311,80.250541687,80839,80849,10
12.9754104614,80.2508773804,80849,80859,10
12.9765996933,80.2512435913,80859,80869,10
12.9776697159,80.2517471313,80869,80879,10
12.9784002304,80.2522964478,80879,80889,10
12.9785699844,80.2523880005,80889,80900,11
12.9787197113,80.2524871826,80900,80910,10
12.9791698456,80.2526321411,80910,80920,10
12.9795398712,80.2526168823,80920,80930,10
12.9796695709,80.2526397705,80930,80940,10
12.9800701141,80.2526779175,80940,80950,10
12.9805803299,80.2526626587,80950,80960,10
12.9813299179,80.2526397705,80960,80970,10
12.9822902679,80.2526168823,80970,80981,11
12.9833297729,80.2525177002,80981,80991,10
12.9843702316,80.2522583008,80991,81001,10
12.9853401184,80.251991272,81001,81011,10
12.9859600067,80.2518005371,81011,81021,10
12.9862499237,80.2517166138,81021,81031,10
12.9866504669,80.2516174316,81031,81041,10
12.9868898392,80.2515563965,81041,81112,71
12.9868898392,80.2515563965,81112,81122,10
12.9873600006,80.251411438,81122,81132,10
12.9878196716,80.2512969971,81132,81143,11
12.9885997772,80.251121521,81143,81153,10
12.9893198013,80.2509231567,81153,81163,10
12.9894695282,80.250869751,81163,81173,10
12.9896097183,80.250831604,81173,81183,10
12.9901199341,80.2507019043,81183,81193,10
12.9908800125,80.2505111694,81193,81203,10
12.9918003082,80.250289917,81203,81213,10
12.9927997589,80.2500610352,81213,81224,11
12.9938402176,80.2497787476,81224,81234,10
12.9947004318,80.2495574951,81234,81244,10
12.9956502914,80.2493591309,81244,81254,10
12.9966897964,80.2490768433,81254,81264,10
12.997759819,80.2488098145,81264,81274,10
12.998840332,80.2485427856,81274,81284,10
12.9999198914,80.248260498,81284,81294,10
13.0011100769,80.2479782104,81294,81305,11
13.0023498535,80.2476272583,81305,81315,10
13.0036296844,80.247428894,81315,81325,10
13.0048999786,80.2472610474,81325,81335,10
13.0060195923,80.2469711304,81335,81345,10
13.0065402985,80.24609375,81345,81396,51
13.0065402985,80.24609375,81396,81406,10
13.0065803528,80.2459487915,81406,81416,10
13.006649971,80.2455215454,81416,81426,10
13.0066404343,80.2448577881,81426,81436,10
13.0066299438,80.244102478,81436,81446,10
13.0065698624,80.243270874,81446,81456,10
13.0065202713,80.2422485352,81456,81467,11
13.0067300797,80.2405471802,81467,81497,30
13.0067300797,80.2405471802,81497,81507,10
13.0067396164,80.240272522,81507,81517,10
13.0067901611,80.2398376465,81517,81527,10
13.006939888,80.2390594482,81527,81537,10
13.0071296692,80.2382507324,81537,81548,11
13.0073099136,80.2371673584,81548,81558,10
13.007399559,80.236618042,81558,81608,50
13.007399559,80.236618042,81608,81618,10
13.007519722,80.2361373901,81618,81629,11
13.0076704025,80.2353973389,81629,81639,10
13.0078601837,80.2345275879,81639,81649,10
13.0081300735,80.2333297729,81649,81659,10
13.0083999634,80.2320022583,81659,81669,10
13.008649826,80.2306289673,81669,81679,10
13.0089101791,80.2292785645,81679,81689,10
13.0092201233,80.2280578613,81689,81699,10
13.0097198486,80.2269821167,81699,81710,11
13.0102500916,80.2258834839,81710,81720,10
13.0107097626,80.224937439,81720,81730,10
13.011059761,80.2239837646,81730,81740,10
13.0112895966,80.2233505249,81740,81750,10
13.0115699768,80.2234268188,81750,81760,10
13.0121898651,80.2237167358,81760,81770,10
13.0131196976,80.2241668701,81770,81780,10
13.0141401291,80.2247314453,81780,81791,11
13.0149202347,80.2251586914,81791,81801,10
13.0153398514,80.2254180908,81801,81811,10
13.015130043,80.2258377075,81811,81821,10
13.0144395828,80.2260894775,81821,81831,10
13.0141401291,80.2260665894,81831,81841,10
13.0141601563,80.226020813,81841,81851,10
13.0142202377,80.2259597778,81851,81861,10
13.0141801834,80.2256011963,81861,81872,11
13.0141801834,80.2255630493,81872,81882,10
13.0143299103,80.2253570557,81882,81892,10
13.0147304535,80.225479126,81892,83674,1782
13.014840126,80.2256698608,83674,83866,192
13.0148200989,80.2255172729,83866,84717,851
13.0148296356,80.2255630493,84717,84859,142
13.0148296356,80.2257003784,84859,85385,526
13.0148296356,80.2257003784,85385,85395,10
13.0148696899,80.2255096436,85395,85689,294
