12.9966602325,80.1908569336,20,1877,1857
12.9968099594,80.1910629272,1877,1998,121
12.9968500137,80.1910095215,1998,3957,1959
12.9967699051,80.1911087036,3957,5451,1494
12.9966201782,80.1911315918,5451,6228,777
12.9967498779,80.1910171509,6228,8146,1918
12.9967498779,80.1910171509,8146,8156,10
12.9969396591,80.1911392212,8156,8741,585
12.9969596863,80.1910324097,8741,8812,71
12.9969100952,80.1911621094,8812,10801,1989
12.9966802597,80.1910324097,10801,11750,949
12.9968595505,80.1911773682,11750,12396,646
12.9968595505,80.1911773682,12396,12406,10
12.9967498779,80.1909866333,12406,17332,4926
12.9968299866,80.1911392212,17332,17715,383
12.9967699051,80.191192627,17715,18553,838
12.9967899323,80.1911697388,18553,18695,142
12.9966602325,80.1911010742,18695,19119,424
12.9967603683,80.191116333,19119,19310,191
12.9966497421,80.1911087036,19310,19442,132
12.9967098236,80.1911392212,19442,19704,262
12.9967603683,80.1912231445,19704,20057,353
12.9967603683,80.1912231445,20057,20067,10
12.9965896606,80.191368103,20067,20088,21
12.9965896606,80.191368103,20088,20098,10
12.9963102341,80.1910629272,20098,20895,797
12.9963102341,80.1910629272,20895,20905,10
12.9961900711,80.1907424927,20905,20996,91
12.9961900711,80.1907730103,20996,21834,838
12.9961900711,80.1907730103,21834,21844,10
12.9961996078,80.1908035278,21844,21955,111
12.9961996078,80.1908035278,21955,21965,10
12.9960699081,80.1905136108,21965,21975,10
12.9959697723,80.1900482178,21975,21984,9
12.9959001541,80.1897583008,21984,21996,12
12.995880127,80.1896591187,21996,22006,10
12.9959096909,80.1893768311,22006,22046,40
12.9959096909,80.1893768311,22046,22056,10
12.9961004257,80.1892623901,22056,22066,10
12.9963703156,80.1895599365,22066,22076,10
12.9967098236,80.1899108887,22076,22085,9
12.9969701767,80.1902084351,22085,22097,12
12.9971599579,80.1904373169,22097,22107,10
12.9973697662,80.1907196045,22107,22127,20
12.9973697662,80.1907196045,22127,22137,10
12.9975595474,80.1909637451,22137,22167,30
12.9975595474,80.1909637451,22167,22177,10
12.997710228,80.1911392212,22177,22187,10
12.9978904724,80.1913604736,22187,22197,10
12.9979801178,80.1914901733,22197,22208,11
12.9982404709,80.1918182373,22208,22218,10
12.9984998703,80.1921386719,22218,22228,10
12.9985198975,80.1921691895,22228,22238,10
12.9986000061,80.192237854,22238,22248,10
12.998749733,80.1924819946,22248,22258,10
12.9990100861,80.1928100586,22258,22268,10
12.9994096756,80.1933135986,22268,22278,10
12.9997701645,80.1937179565,22278,22288,10
12.999830246,80.1937866211,22288,22297,9
12.9999599457,80.1939697266,22297,22309,12
13.0000896454,80.1941604614,22309,22319,10
13.0002098083,80.1943588257,22319,22329,10
13.0005197525,80.1946868896,22329,22339,10
13.0007200241,80.1949081421,22339,22349,10
13.0008296967,80.1950378418,22349,22359,10
13.0009498596,80.1951904297,22359,22369,10
13.0011100769,80.1954116821,22369,22379,10
13.0012903214,80.1956634521,22379,22389,10
13.0014400482,80.1958618164,22389,22399,10
13.0016298294,80.1960983276,22399,22409,10
13.0018997192,80.1964263916,22409,22420,11
13.0021095276,80.1967773438,22420,22430,10
13.0021295547,80.1967926025,22430,22440,10
13.0021896362,80.1970291138,22440,22450,10
13.0021800995,80.1971282959,22450,22460,10
13.0021600723,80.1974182129,22460,22490,30
13.0021600723,80.1974182129,22490,22500,10
13.0021295547,80.1977310181,22500,22510,10
13.0020904541,80.1978988647,22510,22521,11
13.0020399094,80.1980667114,22521,22531,10
13.0020103455,80.1982727051,22531,22541,10
13.0019702911,80.1984405518,22541,22551,10
13.0019302368,80.198638916,22551,22591,40
13.0019302368,80.198638916,22591,22601,10
13.0018701553,80.1991119385,22601,22611,10
13.0018501282,80.1995162964,22611,22621,10
13.0020103455,80.1999969482,22621,22632,11
13.0021495819,80.2002182007,22632,22642,10
13.0024299622,80.2004394531,22642,22652,10
13.002699852,80.2005615234,22652,22662,10
13.0029497147,80.2006378174,22662,22672,10
13.0033502579,80.2007217407,22672,22722,50
13.0035495758,80.2006988525,22722,22753,31
13.0035495758,80.2006988525,22753,22763,10
13.0037202835,80.2007675171,22763,22793,30
13.0037202835,80.2007675171,22793,22803,10
13.0040998459,80.2009277344,22803,22813,10
13.0042800903,80.2009811401,22813,22823,10
13.00440979,80.2010192871,22823,22833,10
13.0045499802,80.2010803223,22833,22844,11
13.0048599243,80.2012405396,22844,22854,10
13.0053901672,80.2015991211,22854,22864,10
13.0058698654,80.2022781372,22864,22874,10
13.0062704086,80.2029724121,22874,22884,10
13.0068798065,80.2034683228,22884,22894,10
13.0076503754,80.203742981,22894,22904,10
13.0085897446,80.2037277222,22904,22914,10
13.0098400116,80.2036437988,22914,22924,10
13.0112304688,80.2036819458,22924,22933,9
13.0124797821,80.2038803101,22933,22945,12
13.013710022,80.2041625977,22945,22955,10
13.0144100189,80.2043991089,22955,22965,10
13.0150499344,80.2046203613,22965,22975,10
13.015130043,80.2046508789,22975,22985,10
13.0156402588,80.204826355,22985,22995,10
13.0163402557,80.2050323486,22995,23005,10
13.0168399811,80.2051391602,23005,23015,10
13.0176296234,80.2055435181,23015,23025,10
13.0185804367,80.205871582,23025,23035,10
13.0189304352,80.2059783936,23035,23045,10
13.0194702148,80.206161499,23045,23056,11
13.020409584,80.2062606812,23056,23066,10
13.0214300156,80.2062606812,23066,23076,10
13.0224399567,80.2063217163,23076,23086,10
13.023440361,80.2065200806,23086,23096,10
13.024600029,80.2067718506,23096,23106,10
13.0257196426,80.2070770264,23106,23116,10
13.0266504288,80.207611084,23116,23126,10
13.0275602341,80.208152771,23126,23136,10
13.0285701752,80.2085723877,23136,23146,10
13.0295000076,80.2087936401,23146,23157,11
13.0300397873,80.2089385986,23157,23167,10
13.0305700302,80.2090911865,23167,23177,10
13.03125,80.2092285156,23177,23187,10
13.0315904617,80.2093276978,23187,23197,10
13.0315999985,80.2093429565,23197,23207,10
13.0317697525,80.2094497681,23207,23217,10
13.0323400497,80.2095718384,23217,23227,10
13.0331697464,80.2097015381,23227,23237,10
13.034119606,80.2099304199,23237,23247,10
13.0349397659,80.2100906372,23247,23257,10
13.035030365,80.2105484009,23257,23268,11
13.0349903107,80.211227417,23268,23288,20
13.0349903107,80.211227417,23288,23298,10
13.0349597931,80.2116317749,23298,23308,10
13.0349302292,80.2119598389,23308,23318,10
13.0352497101,80.2121505737,23318,23328,10
13.0358695984,80.2122268677,23328,23338,10
13.0365695953,80.2122421265,23338,23348,10
13.0371599197,80.2122573853,23348,23358,10
13.0379400253,80.212272644,23358,23369,11
13.0389900208,80.2122421265,23369,23379,10
13.040019989,80.2122573853,23379,23389,10
13.041179657,80.2123031616,23389,23399,10
13.0422697067,80.2123031616,23399,23409,10
13.043009758,80.2122421265,23409,23419,10
13.0434598923,80.2122268677,23419,23429,10
13.043970108,80.2122192383,23429,23439,10
13.0444803238,80.2122116089,23439,23449,10
13.0451498032,80.2122116089,23449,23459,10
13.045920372,80.2122192383,23459,23468,9
13.0466604233,80.2121734619,23468,23480,12
13.0474796295,80.2120819092,23480,23490,10
13.0480203629,80.212059021,23490,23520,30
13.0480203629,80.212059021,23520,23530,10
13.0482597351,80.2120437622,23530,23540,10
13.04845047,80.212020874,23540,23550,10
13.0485496521,80.2120132446,23550,23560,10
13.0487804413,80.2120132446,23560,23569,9
13.049079895,80.2119903564,23569,23581,12
13.0496301651,80.2119216919,23581,23591,10
13.0499296188,80.2118988037,23591,23601,10
13.0500802994,80.2118911743,23601,23611,10
13.0504398346,80.2119216919,23611,23621,10
13.0507698059,80.2120513916,23621,23631,10
13.0512800217,80.2120285034,23631,23641,10
13.052189827,80.2119293213,23641,23651,10
13.0531997681,80.2117004395,23651,23661,10
13.0545101166,80.2113494873,23661,23680,19
13.0545101166,80.2113494873,23680,23692,12
13.0550003052,80.2113723755,23692,23702,10
13.0557804108,80.2114028931,23702,23712,10
13.0567998886,80.2114181519,23712,23722,10
13.0579595566,80.2114181519,23722,23732,10
13.0590696335,80.2114562988,23732,23742,10
13.0601902008,80.211517334,23742,23752,10
13.0612401962,80.2115402222,23752,23762,10
13.0621700287,80.2115936279,23762,23772,10
13.063079834,80.2115402222,23772,23782,10
13.0632696152,80.2115020752,23782,23793,11
13.0637102127,80.2114868164,23793,23803,10
13.0643997192,80.2113800049,23803,23813,10
13.0652198792,80.2109603882,23813,23823,10
13.0660200119,80.2102966309,23823,23833,10
13.06690979,80.2095184326,23833,23843,10
13.0674800873,80.2086029053,23843,23853,10
13.067990303,80.207862854,23853,23863,10
13.0681695938,80.2075805664,23863,23873,10
13.06828022,80.2074508667,23873,23883,10
13.0684499741,80.2072372437,23883,23924,41
13.0684499741,80.2072372437,23924,23934,10
13.0685901642,80.2070922852,23934,23944,10
13.0686197281,80.20703125,23944,23954,10
13.0687704086,80.2067565918,23954,23964,10
13.0689401627,80.2064819336,23964,23974,10
13.0690898895,80.2061920166,23974,23984,10
13.0692396164,80.2059402466,23984,23994,10
13.0694799423,80.2055435181,23994,24005,11
13.069609642,80.2052536011,24005,24025,20
13.069609642,80.2052536011,24025,24035,10
13.0696496964,80.2051010132,24035,24085,50
13.0696496964,80.2051010132,24085,24095,10
13.0695199966,80.2048187256,24095,24105,10
13.068980217,80.2053375244,24105,24358,253
13.0687704086,80.2050094604,24358,24469,111
13.0688199997,80.204750061,24469,24499,30
13.0688199997,80.204750061,24499,24509,10
13.0690097809,80.2046966553,24509,24519,10
13.0692901611,80.2047271729,24519,24529,10
13.0695400238,80.2047576904,24529,24540,11
13.0697097778,80.2048034668,24540,24550,10
13.0700101852,80.2046966553,24550,24560,10
13.0703802109,80.2042312622,24560,24570,10
13.0708703995,80.2036437988,24570,24580,10
13.0713796616,80.2030105591,24580,24590,10
13.0718297958,80.202507019,24590,24651,61
13.0718297958,80.202507019,24651,24661,10
13.0720396042,80.2022705078,24661,24671,10
13.0722103119,80.2020263672,24671,24681,10
13.0723896027,80.2018432617,24681,24691,10
13.0725498199,80.2016601563,24691,24701,10
13.0726699829,80.2015228271,24701,24711,10
13.0727500916,80.2014312744,24711,24721,10
13.0728902817,80.2012634277,24721,24731,10
13.0730400085,80.2010879517,24731,24741,10
13.0731201172,80.2009811401,24741,24752,11
13.0732803345,80.2007980347,24752,24762,10
13.0734100342,80.2006378174,24762,24772,10
13.0735702515,80.2004776001,24772,24782,10
13.0737895966,80.2002105713,24782,24792,10
13.0739898682,80.1999435425,24792,24802,10
13.0741996765,80.1997070313,24802,24812,10
13.0742902756,80.1996307373,24812,24822,10
13.0744104385,80.1995162964,24822,24832,10
13.0748195648,80.1992263794,24832,24842,10
13.0755300522,80.1990737915,24842,24853,11
13.0764503479,80.1990509033,24853,24863,10
13.0773000717,80.1989822388,24863,24873,10
13.0781402588,80.1988677979,24873,24883,10
13.0789699554,80.1987609863,24883,24893,10
13.0796403885,80.1987075806,24893,24903,10
13.0802001953,80.1986618042,24903,24913,10
13.0808000565,80.1985931396,24913,24923,10
13.0815000534,80.1985473633,24923,24933,10
13.0823097229,80.1985092163,24933,24943,10
13.0829401016,80.1984786987,24943,24952,9
13.0834903717,80.1984634399,24952,24964,12
13.0839996338,80.1984405518,24964,24974,10
13.0843000412,80.1984405518,24974,24984,10
13.0847902298,80.1984634399,24984,24994,10
13.0853204727,80.1984634399,24994,25004,10
13.0857400894,80.1984481812,25004,25014,10
13.0862503052,80.1984329224,25014,25024,10
13.0867500305,80.1984481812,25024,25034,10
13.0869998932,80.1984329224,25034,25044,10
13.087100029,80.1982574463,25044,25054,10
13.0871295929,80.1981506348,25054,25064,10
13.0872402191,80.1978378296,25064,25075,11
13.0872602463,80.1971588135,25075,25085,10
13.0872802734,80.1962966919,25085,25095,10
13.0872802734,80.1953887939,25095,25105,10
13.0872802734,80.1945495605,25105,25115,10
13.0873003006,80.1935806274,25115,25125,10
13.0873403549,80.1926727295,25125,25135,10
13.0874500275,80.1918334961,25135,25145,10
13.0875701904,80.1908874512,25145,25155,10
13.0876998901,80.1899490356,25155,25165,10
13.087770462,80.1890716553,25165,25176,11
13.0877599716,80.1885528564,25176,25186,10
13.087770462,80.1884613037,25186,25196,10
13.0878000259,80.18800354,25196,25206,10
13.0878601074,80.1872177124,25206,25216,10
13.0878896713,80.1863098145,25216,25226,10
13.0879402161,80.1853790283,25226,25236,10
13.0879898071,80.1844177246,25236,25246,10
13.0880298615,80.1833267212,25246,25256,10
13.0880699158,80.1822891235,25256,25266,10
13.0881204605,80.181312561,25266,25276,10
13.088139534,80.1803436279,25276,25287,11
13.0881204605,80.1798400879,25287,25297,10
13.0881204605,80.1795806885,25297,25327,30
13.0881204605,80.1795806885,25327,25337,10
13.088139534,80.1793823242,25337,25347,10
13.088139534,80.1790313721,25347,25357,10
13.088139534,80.1790237427,25357,25367,10
13.0881700516,80.1788101196,25367,25377,10
13.0881900787,80.1782989502,25377,25388,11
13.0882101059,80.1775283813,25388,25398,10
13.0882301331,80.1767807007,25398,25408,10
13.0882797241,80.1758804321,25408,25418,10
13.0883398056,80.174949646,25418,25428,10
13.0884199142,80.174041748,25428,25438,10
13.0884799957,80.1731491089,25438,25448,10
13.08852005,80.1723098755,25448,25458,10
13.0885295868,80.1720428467,25458,25468,10
13.088549614,80.1716995239,25468,25478,10
13.0885896683,80.1712112427,25478,25488,10
13.088640213,80.1704788208,25488,25499,11
13.0886802673,80.169708252,25499,25509,10
13.0890703201,80.1695022583,25509,25519,10
13.0898303986,80.1695632935,25519,25529,10
13.0908002853,80.1696166992,25529,25539,10
13.0918903351,80.1696929932,25539,25549,10
13.0929498672,80.1697616577,25549,25559,10
13.0938301086,80.1698303223,25559,25569,10
13.0946102142,80.1698532104,25569,25579,10
13.0949201584,80.1698684692,25579,25589,10
13.0952701569,80.1698989868,25589,25600,11
13.0960302353,80.1699295044,25600,25610,10
13.0969400406,80.1699829102,25610,25620,10
13.0979499817,80.1700363159,25620,25630,10
13.0988998413,80.1700973511,25630,25640,10
13.0995197296,80.1700897217,25640,25650,10
13.0995397568,80.1700820923,25650,25660,10
13.0996198654,80.1700668335,25660,25670,10
13.0997400284,80.1700820923,25670,25680,10
13.0996303558,80.170249939,25680,25690,10
13.0993404388,80.1702423096,25690,25781,91
13.0993404388,80.1702423096,25781,25791,10
13.0992097855,80.1702728271,25791,25801,10
13.0991401672,80.170249939,25801,25812,11
13.0990400314,80.1702194214,25812,25822,10
13.09856987,80.1701583862,25822,25832,10
13.0968198776,80.1700363159,25832,25842,10
13.0968198776,80.1700363159,25842,25852,10
13.0956897736,80.1699829102,25852,25860,8
13.0949602127,80.169921875,25860,25880,20
13.0942897797,80.169883728,25880,25890,10
13.0937404633,80.1697616577,25890,25900,10
13.092880249,80.1697235107,25900,25909,9
13.0918798447,80.1697311401,25909,25921,12
13.0904502869,80.1696472168,25921,25931,10
13.0893297195,80.1695632935,25931,25941,10
13.0886802673,80.169708252,25941,25951,10
13.0886602402,80.1703262329,25951,25961,10
13.0886297226,80.1711807251,25961,25971,10
13.0886096954,80.1718673706,25971,25981,10
13.0885801315,80.1720733643,25981,25991,10
13.0885601044,80.1726531982,25991,26001,10
13.0885095596,80.1735229492,26001,26011,10
13.0884599686,80.1743927002,26011,26022,11
13.0884103775,80.17527771,26022,26032,10
13.0883398056,80.176322937,26032,26042,10
13.0882797241,80.1773605347,26042,26052,10
13.0882902145,80.1786727905,26052,26072,20
13.0882902145,80.1786727905,26072,26082,10
13.0882797241,80.1790237427,26082,26092,10
13.0882501602,80.1797027588,26092,26102,10
13.0882501602,80.1804122925,26102,26112,10
13.0882301331,80.1812896729,26112,26122,10
13.0881500244,80.1822433472,26122,26133,11
13.0881004333,80.1833267212,26133,26143,10
13.0880403519,80.1844711304,26143,26153,10
13.0880002975,80.1855773926,26153,26163,10
13.0879402161,80.1867218018,26163,26173,10
13.0879001617,80.1880493164,26173,26193,20
13.0879001617,80.1880493164,26193,26203,10
13.0878801346,80.1881790161,26203,26213,10
13.0878601074,80.188583374,26213,26223,10
13.0878295898,80.1898422241,26223,26274,51
13.0878295898,80.1898422241,26274,26284,10
13.0877399445,80.1902389526,26284,26294,10
13.0876502991,80.1909179688,26294,26304,10
13.0875301361,80.1918334961,26304,26314,10
13.0874204636,80.1926727295,26314,26324,10
13.0873804092,80.1930618286,26324,26334,10
13.0873603821,80.1937408447,26334,26344,10
13.0873403549,80.1946411133,26344,26355,11
13.0873003006,80.1957473755,26355,26365,10
13.0872802734,80.1968688965,26365,26375,10
13.087269783,80.197769165,26375,26385,10
13.0872602463,80.1978683472,26385,26395,10
13.0873203278,80.1983184814,26395,26405,10
13.0875396729,80.1984863281,26405,26415,10
13.0879602432,80.1984329224,26415,26425,10
13.0886602402,80.1984176636,26425,26435,10
13.0894298553,80.1984634399,26435,26446,11
13.0903301239,80.1985321045,26446,26456,10
13.0912799835,80.1986083984,26456,26466,10
13.0924100876,80.1986465454,26466,26476,10
13.0930204391,80.1988983154,26476,26486,10
13.0929698944,80.1996612549,26486,26496,10
13.0929403305,80.2004165649,26496,26506,10
13.0928297043,80.2006530762,26506,26516,10
13.0924596786,80.2006378174,26516,26526,10
13.0917100906,80.2005767822,26526,26536,10
13.0907497406,80.2005615234,26536,26546,10
13.0898399353,80.2004776001,26546,26557,11
13.0890398026,80.2004165649,26557,26567,10
13.0883798599,80.2004165649,26567,26577,10
13.0875902176,80.2004089355,26577,26587,10
13.087220192,80.2004013062,26587,26597,10
13.0870304108,80.2003936768,26597,26607,10
13.0865802765,80.2003707886,26607,26617,10
13.085849762,80.2003479004,26617,26627,10
13.0854997635,80.2003326416,26627,26637,10
13.0853996277,80.2000732422,26637,26647,10
13.0853996277,80.1995391846,26647,26658,11
13.0853700638,80.1987762451,26658,26668,10
13.0851697922,80.1987075806,26668,26678,10
13.0846700668,80.1987075806,26678,26688,10
13.0841999054,80.1986923218,26688,26698,10
13.083990097,80.1986618042,26698,26708,10
13.0833997726,80.1986694336,26708,26738,30
13.0833997726,80.1986694336,26738,26748,10
13.0832195282,80.1986694336,26748,26758,10
13.0829200745,80.198638916,26758,26769,11
13.0825500488,80.1986083984,26769,26779,10
13.0821399689,80.198638916,26779,26789,10
13.0814599991,80.1986618042,26789,26799,10
13.080739975,80.1986923218,26799,26809,10
13.0799198151,80.1987762451,26809,26819,10
13.0790300369,80.1988525391,26819,26829,10
13.0781202316,80.1989517212,26829,26839,10
13.0772600174,80.1990814209,26839,26849,10
13.0764198303,80.1991577148,26849,26859,10
13.0754404068,80.1992797852,26859,26870,11
13.0743398666,80.1998291016,26870,26880,10
13.0736999512,80.2005004883,26880,26890,10
13.0736198425,80.200592041,26890,26900,10
13.0734500885,80.2007904053,26900,26910,10
13.0731401443,80.201171875,26910,26920,10
13.072640419,80.2017593384,26920,26930,10
13.072259903,80.2022018433,26930,26939,9
13.0718402863,80.20262146,26939,26950,11
13.0717401505,80.2027435303,26950,26960,10
13.0715904236,80.2029571533,26960,26970,10
13.0713796616,80.2032012939,26970,26981,11
13.0710802078,80.2035293579,26981,26991,10
13.0708398819,80.2037963867,26991,27001,10
13.0707397461,80.2039337158,27001,27011,10
13.0706396103,80.2040481567,27011,27031,20
13.0705003738,80.204208374,27031,27051,20
13.0703897476,80.2043228149,27051,27112,61
13.0703897476,80.2043228149,27112,27122,10
13.0703001022,80.2045516968,27122,27132,10
13.0702104568,80.2046737671,27132,27142,10
13.0700902939,80.2048721313,27142,27162,20
13.0700902939,80.2048721313,27162,27172,10
13.0699701309,80.205039978,27172,27182,10
13.0696401596,80.2049179077,27182,27193,11
13.0693101883,80.2050704956,27193,27203,10
13.0689401627,80.2054519653,27203,27213,10
13.0683298111,80.2054977417,27213,27243,30
13.0683298111,80.2054977417,27243,27253,10
13.0680303574,80.2053985596,27253,27263,10
13.0680398941,80.2050704956,27263,27344,81
13.0684204102,80.2049407959,27344,27586,242
13.0686197281,80.2048416138,27586,27677,91
13.0687999725,80.204750061,27677,27738,61
13.0687999725,80.204750061,27738,27748,10
13.0692100525,80.2047195435,27748,27758,10
13.0693798065,80.2047576904,27758,27768,10
13.0697002411,80.204826355,27768,27940,172
13.0697002411,80.204826355,27940,27950,10
13.0698204041,80.2049789429,27950,27960,10
13.0698299408,80.2052078247,27960,27970,10
13.0695695877,80.2055892944,27970,27980,10
13.0691604614,80.2062072754,27980,27990,10
13.0686502457,80.2070083618,27990,28000,10
13.0680904388,80.2079391479,28000,28010,10
13.0675601959,80.2087936401,28010,28020,10
13.0669803619,80.2097091675,28020,28030,10
13.0660896301,80.2105026245,28030,28040,10
13.0652399063,80.211227417,28040,28061,21
13.0652399063,80.211227417,28061,28071,10
13.0651702881,80.2113037109,28071,28081,10
13.0650501251,80.2113189697,28081,28091,10
13.0647001266,80.211517334,28091,28101,10
13.0641803741,80.2116775513,28101,28111,10
13.0637598038,80.2117462158,28111,28121,10
13.0632095337,80.2117614746,28121,28131,10
13.0625,80.2117996216,28131,28141,10
13.0618200302,80.2116394043,28141,28152,11
13.0603504181,80.2116928101,28152,28162,10
13.0591402054,80.2116622925,28162,28172,10
13.0581903458,80.2116394043,28172,28182,10
13.057800293,80.2116317749,28182,28192,10
13.0577497482,80.2116165161,28192,28202,10
13.0573701859,80.2116165161,28202,28212,10
13.05671978,80.2116165161,28212,28222,10
13.0558996201,80.2116088867,28222,28232,10
13.0549201965,80.2115478516,28232,28242,10
13.0538101196,80.2117233276,28242,28253,11
13.0526599884,80.212059021,28253,28263,10
13.0520095825,80.2122268677,28263,28313,50
13.0520095825,80.2122268677,28313,28323,10
13.0515403748,80.2122802734,28323,28333,10
13.0512304306,80.2122497559,28333,28343,10
13.0510501862,80.2122573853,28343,28353,10
13.0503396988,80.2122573853,28353,28384,31
13.0503396988,80.2122573853,28384,28394,10
13.0500097275,80.2121505737,28394,28404,10
13.0496702194,80.2121887207,28404,28424,20
13.0496702194,80.2121887207,28424,28434,10
13.0493202209,80.2121582031,28434,28444,10
13.0487003326,80.2121963501,28444,28454,10
13.0480298996,80.2122268677,28454,28463,9
13.0473003387,80.2123031616,28463,28475,12
13.046210289,80.212348938,28475,28485,10
13.0454998016,80.2124099731,28485,28495,10
13.0453300476,80.2124099731,28495,28505,10
13.0448303223,80.2124633789,28505,28515,10
13.0442199707,80.2124481201,28515,28525,10
13.043510437,80.2124481201,28525,28535,10
13.0427999496,80.2124176025,28535,28545,10
13.0420398712,80.2124176025,28545,28555,10
13.0414896011,80.2124404907,28555,28565,10
13.0408401489,80.212387085,28565,28576,11
13.0397596359,80.2124404907,28576,28586,10
13.0388498306,80.2124633789,28586,28596,10
13.0379295349,80.2124404907,28596,28626,30
13.0379295349,80.2124404907,28626,28636,10
13.0378599167,80.2124328613,28636,28646,10
13.0375499725,80.2124176025,28646,28656,10
13.0369195938,80.2124099731,28656,28666,10
13.0361700058,80.212387085,28666,28676,10
13.035369873,80.2123565674,28676,28687,11
13.0350103378,80.2122879028,28687,28697,10
13.0348100662,80.2122268677,28697,28707,10
13.0342102051,80.2121276855,28707,28737,30
13.0342102051,80.2121276855,28737,28747,10
13.0341396332,80.212097168,28747,28757,10
13.0338401794,80.212059021,28757,28767,10
13.0333995819,80.2119598389,28767,28777,10
13.0327701569,80.2118530273,28777,28788,11
13.0320301056,80.2117080688,28788,28798,10
13.0320396423,80.2110290527,28798,28808,10
13.0320796967,80.2102890015,28808,28818,10
13.0321302414,80.2097396851,28818,28828,10
13.0316295624,80.2095184326,28828,28838,10
13.0313596725,80.2094726563,28838,28848,10
13.0310897827,80.2094192505,28848,28858,10
13.0306901932,80.2092895508,28858,28868,10
13.0302295685,80.2091674805,28868,28878,10
13.0299701691,80.2090835571,28878,28888,10
13.0298299789,80.2089996338,28888,28899,11
13.0296602249,80.2089920044,28899,28909,10
13.029540062,80.2089614868,28909,28919,10
13.0291595459,80.2088470459,28919,28929,10
13.0284404755,80.2086181641,28929,28939,10
13.0276403427,80.2083206177,28939,28949,10
13.0269098282,80.2078781128,28949,28959,10
13.0260801315,80.2073822021,28959,28969,10
13.0250301361,80.2070236206,28969,28979,10
13.0243597031,80.2069320679,28979,28989,10
13.0243301392,80.2069396973,28989,29000,11
13.0239601135,80.2068634033,29000,29010,10
13.0233001709,80.2066879272,29010,29020,10
13.0225095749,80.2065963745,29020,29030,10
13.0216999054,80.2065124512,29030,29040,10
13.020939827,80.2064971924,29040,29050,10
13.0200004578,80.2065124512,29050,29060,10
13.0193195343,80.2064285278,29060,29090,30
13.0193195343,80.2064285278,29090,29101,11
13.0188102722,80.2062301636,29101,29111,10
13.0181598663,80.2060623169,29111,29121,10
13.0178604126,80.2059707642,29121,29131,10
13.0175695419,80.2058334351,29131,29141,10
13.0172100067,80.2056808472,29141,29151,10
13.0168399811,80.2054901123,29151,29161,10
13.016169548,80.2052307129,29161,29171,10
13.0153398514,80.2049865723,29171,29181,10
13.0144195557,80.2046890259,29181,29191,10
13.0142498016,80.2046279907,29191,29200,9
13.0139598846,80.2045516968,29200,29212,12
13.0136899948,80.2044525146,29212,29222,10
13.013589859,80.2045974731,29222,29232,10
13.0135402679,80.204788208,29232,29242,10
13.0134096146,80.2051620483,29242,29252,10
13.0131998062,80.2057800293,29252,29262,10
13.0130195618,80.2065887451,29262,29272,10
13.012960434,80.2075500488,29272,29282,10
13.0129003525,80.2080612183,29282,29292,10
13.0129299164,80.2085418701,29292,29302,10
13.0129899979,80.2089691162,29302,29313,11
13.0131998062,80.2096786499,29313,29323,10
13.013130188,80.2104568481,29323,29333,10
13.0129203796,80.2111587524,29333,29343,10
13.0125999451,80.2117919922,29343,29353,10
13.0121898651,80.2123794556,29353,29363,10
13.0119495392,80.2127532959,29363,29373,10
13.0117101669,80.2127304077,29373,29383,10
13.0112895966,80.212387085,29383,29393,10
13.0109796524,80.2121582031,29393,29444,51
13.0109796524,80.2121582031,29444,29454,10
13.0106496811,80.2119216919,29454,29494,40
13.0106496811,80.2119216919,29494,29504,10
13.0104103088,80.2117462158,29504,29514,10
13.010140419,80.211479187,29514,29535,21
13.010140419,80.211479187,29535,29545,10
13.0098600388,80.2113037109,29545,29735,190
13.0094995499,80.2111282349,29735,29767,32
13.0094995499,80.2111282349,29767,29777,10
13.0092697144,80.2111816406,29777,29787,10
13.0090398788,80.2115325928,29787,29797,10
13.0091600418,80.212020874,29797,29807,10
13.0093698502,80.212677002,29807,29817,10
13.0096302032,80.2133483887,29817,29827,10
13.0099201202,80.2140197754,29827,29837,10
13.0101699829,80.2147369385,29837,29847,10
13.0102796555,80.2156295776,29847,29858,11
13.0106496811,80.2165222168,29858,29868,10
13.0111503601,80.2175521851,29868,29878,10
13.0115699768,80.2185211182,29878,29888,10
13.0118703842,80.2194290161,29888,29898,10
13.0122098923,80.2205734253,29898,29908,10
13.0124101639,80.2214126587,29908,29918,10
13.0125303268,80.2217483521,29918,29928,10
13.0129995346,80.2223205566,29928,29937,9
13.0135297775,80.2228775024,29937,29948,11
13.0142097473,80.2236785889,29948,29959,11
13.0148897171,80.2244720459,29959,29969,10
13.0153799057,80.2251205444,29969,29979,10
13.0154600143,80.2254180908,29979,29989,10
13.0153198242,80.2258071899,29989,29999,10
13.0147399902,80.2260665894,29999,30009,10
13.0139503479,80.2263870239,30009,30019,10
13.0130701065,80.2267303467,30019,30029,10
13.0120697021,80.2271270752,30029,30039,10
13.0110197067,80.2275238037,30039,30049,10
13.0099802017,80.2279129028,30049,30059,10
13.009519577,80.2275924683,30059,30070,11
13.0098400116,80.2269134521,30070,30080,10
13.0101900101,80.2261123657,30080,30090,10
13.0104799271,80.2253417969,30090,30100,10
13.0106201172,80.2250213623,30100,30110,10
13.0108604431,80.2244796753,30110,30120,10
13.0111703873,80.2237167358,30120,30130,10
13.0112600327,80.2231826782,30130,30140,10
13.0106697083,80.222869873,30140,30150,10
13.0099802017,80.2224884033,30150,30160,10
13.0092000961,80.2220611572,30160,30171,11
13.0083398819,80.2216186523,30171,30181,10
13.0074501038,80.2211837769,30181,30191,10
13.0065097809,80.220741272,30191,30201,10
13.0054502487,80.2204589844,30201,30211,10
13.0044698715,80.2202301025,30211,30221,10
13.0035104752,80.2200393677,30221,30231,10
13.0025901794,80.2196121216,30231,30241,10
13.0019598007,80.218963623,30241,30251,10
13.0012702942,80.2183532715,30251,30261,10
13.0006599426,80.2179031372,30261,30271,10
13.0000896454,80.2175216675,30271,30282,11
12.9991903305,80.2170181274,30282,30292,10
12.9983501434,80.2166824341,30292,30302,10
12.9980201721,80.2165908813,30302,30312,10
12.9976701736,80.2165603638,30312,30332,20
12.9976701736,80.2165603638,30332,30342,10
12.9974498749,80.2165374756,30342,30352,10
12.9970998764,80.2165222168,30352,30362,10
12.9965801239,80.2165603638,30362,30372,10
12.9961700439,80.2166595459,30372,30381,9
12.9957799911,80.2167663574,30381,30393,12
12.9950704575,80.2170715332,30393,30403,10
12.9948101044,80.2172470093,30403,30413,10
12.9946298599,80.2173690796,30413,30423,10
12.9943504333,80.2175827026,30423,30433,10
12.9938497543,80.2179794312,30433,30443,10
12.9931602478,80.2184371948,30443,30453,10
12.9924497604,80.2189788818,30453,30463,10
12.9918899536,80.2193908691,30463,30473,10
12.9910001755,80.2194671631,30473,30494,21
12.9910001755,80.2194671631,30494,30503,9
12.9909200668,80.2193832397,30503,30513,10
12.9904899597,80.21925354,30513,30524,11
12.989689827,80.2189712524,30524,30534,10
12.9887800217,80.2186431885,30534,30544,10
12.9877300262,80.2184066772,30544,30554,10
12.9870700836,80.2183074951,30554,30564,10
12.986989975,80.2182922363,30564,30574,10
12.986749649,80.2181930542,30574,30584,10
12.9861698151,80.2180404663,30584,30594,10
12.9853096008,80.2179412842,30594,30605,11
12.9844903946,80.2179489136,30605,30615,10
12.9841604233,80.217956543,30615,30625,10
12.9841003418,80.2179718018,30625,30635,10
12.9837398529,80.2179718018,30635,30645,10
12.983039856,80.217956543,30645,30655,10
12.9821796417,80.217956543,30655,30665,10
12.9812002182,80.2181167603,30665,30675,10
12.9803199768,80.2184371948,30675,30685,10
12.9795198441,80.2187728882,30685,30695,10
12.9788198471,80.2190322876,30695,30706,11
12.9783296585,80.2192001343,30706,30716,10
12.977640152,80.2195129395,30716,30726,10
12.976770401,80.2198791504,30726,30736,10
12.9758195877,80.2202987671,30736,30746,10
12.9755401611,80.2206268311,30746,30756,10
12.9756402969,80.2208023071,30756,30907,151
12.9758996964,80.2210235596,30907,31261,354
12.9758300781,80.2211608887,31261,31301,40
12.9758901596,80.2210235596,31301,31594,293
12.9758901596,80.2210235596,31594,31604,10
12.9758501053,80.221031189,31604,31745,141
12.9758501053,80.221031189,31745,31755,10
12.9760904312,80.2211837769,31755,31765,10
12.9764604568,80.221206665,31765,31775,10
12.9769601822,80.2212219238,31775,31786,11
12.9777097702,80.221206665,31786,31796,10
12.9785604477,80.2211303711,31796,31806,10
12.979470253,80.2210693359,31806,31816,10
12.9804401398,80.2210083008,31816,31826,10
12.9811496735,80.2210388184,31826,31836,10
12.9817304611,80.2213973999,31836,31846,10
12.982339859,80.2217407227,31846,31856,10
12.9829101563,80.2219161987,31856,31866,10
12.9829797745,80.2219619751,31866,31876,10
12.9831800461,80.2220687866,31876,31887,11
12.983590126,80.2223587036,31887,31897,10
12.9837398529,80.2224731445,31897,31907,10
12.9841804504,80.2227020264,31907,31917,10
12.9847898483,80.2230987549,31917,31927,10
12.9854803085,80.2232513428,31927,31937,10
12.98595047,80.2229690552,31937,31947,10
12.9865503311,80.2229614258,31947,31957,10
12.9866695404,80.2229690552,31957,31967,10
12.9870700836,80.2230529785,31967,31977,10
12.9875602722,80.2231216431,31977,31987,10
12.9882097244,80.2227935791,31987,31998,11
12.9889297485,80.2221069336,31998,32008,10
12.989569664,80.2213134766,32008,32018,10
12.9903001785,80.220489502,32018,32028,10
12.9905595779,80.2202911377,32028,32038,10
12.9906597137,80.2202301025,32038,32048,10
12.9910001755,80.2199783325,32048,32058,10
12.9914598465,80.2196121216,32058,32068,10
12.9919900894,80.2192077637,32068,32078,10
12.9926395416,80.21875,32078,32088,10
12.9931497574,80.2183532715,32088,32098,10
12.9934597015,80.2181015015,32098,32109,11
12.9937295914,80.2179031372,32109,32129,20
12.9937295914,80.2179031372,32129,32139,10
12.9939498901,80.2177581787,32139,32149,10
12.9939699173,80.2177429199,32149,32159,10
12.9941396713,80.2175979614,32159,32169,10
12.9945697784,80.2173080444,32169,32199,30
12.9945697784,80.2173080444,32199,32210,11
12.9947004318,80.2171783447,32210,32220,10
12.9949102402,80.2170410156,32220,32230,10
12.9950704575,80.2169570923,32230,32240,10
12.9954099655,80.2167663574,32240,32250,10
12.9957103729,80.2166671753,32250,32260,10
12.9960203171,80.2165908813,32260,32300,40
12.9960203171,80.2165908813,32300,32310,10
12.9964895248,80.2165298462,32310,32321,11
12.9969100952,80.2164993286,32321,32331,10
12.9970598221,80.2164916992,32331,32341,10
12.9972801208,80.2163696289,32341,32351,10
12.9974899292,80.2161865234,32351,32361,10
12.9975404739,80.2161407471,32361,32371,10
12.997590065,80.2160491943,32371,32381,10
12.9978704453,80.2158203125,32381,32391,10
12.998339653,80.2154312134,32391,32401,10
12.9989500046,80.2149200439,32401,32411,10
12.999250412,80.2146530151,32411,32420,9
12.9995698929,80.2143630981,32420,32432,12
13.0000400543,80.2139434814,32432,32442,10
13.0004796982,80.2135314941,32442,32452,10
13.0009202957,80.2131500244,32452,32462,10
13.0012598038,80.2128982544,32462,32472,10
13.0016002655,80.2126617432,32472,32482,10
13.001999855,80.2123794556,32482,32492,10
13.0024404526,80.2121582031,32492,32502,10
13.0028400421,80.212097168,32502,32512,10
13.003370285,80.2120819092,32512,32522,10
13.0036802292,80.2119293213,32522,32533,11
13.0037202835,80.2117767334,32533,32543,10
13.0037002563,80.2113037109,32543,32553,10
13.0036401749,80.2106781006,32553,32563,10
13.003569603,80.2100906372,32563,32573,10
13.0035400391,80.2095184326,32573,32583,10
13.0036802292,80.2088394165,32583,32593,10
13.0043697357,80.208770752,32593,32603,10
13.0053300858,80.209197998,32603,32613,10
13.0062103271,80.2095336914,32613,32623,10
13.0072698593,80.2098083496,32623,32644,21
13.0072698593,80.2098083496,32644,32654,10
13.0073795319,80.2098999023,32654,32664,10
13.007610321,80.2099380493,32664,32674,10
13.007900238,80.2099761963,32674,32684,10
13.0081796646,80.2098693848,32684,32694,10
13.0080699921,80.209312439,32694,32704,10
13.0079298019,80.2085418701,32704,32714,10
13.0078201294,80.207611084,32714,32724,10
13.0076599121,80.2066192627,32724,32733,9
13.0075798035,80.2059936523,32733,32745,12
13.0075397491,80.2055206299,32745,32755,10
13.0075302124,80.2050704956,32755,32765,10
13.0075702667,80.2046737671,32765,32775,10
13.0075597763,80.2042312622,32775,32785,10
13.0074596405,80.2036590576,32785,32795,10
13.0072898865,80.2028274536,32795,32805,10
13.0067195892,80.2025604248,32805,32815,10
13.0065498352,80.2031097412,32815,32825,10
13.0069999695,80.2034835815,32825,32835,10
13.007610321,80.2036895752,32835,32844,9
13.0083599091,80.2037200928,32844,32856,12
13.009759903,80.2036209106,32856,32866,10
13.0109901428,80.2036514282,32866,32876,10
13.0122003555,80.2038116455,32876,32886,10
13.0131702423,80.2039871216,32886,32896,10
13.0134000778,80.2040634155,32896,32906,10
13.0136604309,80.2041625977,32906,32916,10
13.014169693,80.2043533325,32916,32926,10
13.0149803162,80.2046127319,32926,32946,20
13.0149803162,80.2046127319,32946,32956,10
13.015130043,80.2047195435,32956,32967,11
13.0156803131,80.2049179077,32967,32977,10
13.016119957,80.2050628662,32977,32987,10
13.0162801743,80.2051315308,32987,32997,10
13.0164403915,80.2051696777,32997,33007,10
13.0165901184,80.2052078247,33007,33017,10
13.0166301727,80.2051773071,33017,33027,10
13.0168104172,80.2051467896,33027,33037,10
13.0171203613,80.2053070068,33037,33047,10
13.0176696777,80.2055435181,33047,33057,10
13.0179395676,80.2056427002,33057,33068,11
13.0184402466,80.2058181763,33068,33078,10
13.0186300278,80.205871582,33078,33088,10
13.0186901093,80.2059020996,33088,33098,10
13.0190496445,80.2060699463,33098,33108,10
13.0197000504,80.2062606812,33108,33118,10
13.0204696655,80.2062988281,33118,33128,10
13.0214099884,80.2063064575,33128,33138,10
13.0224704742,80.206413269,33138,33148,10
13.0233697891,80.2065505981,33148,33158,10
13.0240097046,80.2066421509,33158,33168,10
13.0243301392,80.2067108154,33168,33179,11
13.024479866,80.20677948,33179,33189,10
13.0249099731,80.2068710327,33189,33199,10
13.0256700516,80.2070999146,33199,33209,10
13.0265102386,80.207572937,33209,33219,10
13.0274295807,80.2081069946,33219,33229,10
13.0285100937,80.2085723877,33229,33239,10
13.0295696259,80.2088165283,33239,33249,10
13.0302495956,80.2090301514,33249,33259,10
13.0308904648,80.2092208862,33259,33268,9
13.0314397812,80.2093582153,33268,33280,12
13.0316200256,80.2094497681,33280,33290,10
13.0317401886,80.2095794678,33290,33300,10
13.0322599411,80.2096405029,33300,33310,10
13.0329999924,80.2097396851,33310,33320,10
13.0338602066,80.2099304199,33320,33330,10
13.0347499847,80.2100830078,33330,33340,10
13.0350704193,80.2102966309,33340,33350,10
13.0350599289,80.2105331421,33350,33360,10
13.035030365,80.21118927,33360,33411,51
13.0349903107,80.2115936279,33411,33481,70
13.0349903107,80.2115936279,33481,33491,10
13.0349397659,80.2119674683,33491,33502,11
13.0349397659,80.2119827271,33502,33512,10
13.0351400375,80.2122116089,33512,33522,10
13.0353803635,80.2122268677,33522,33532,10
13.0357198715,80.2122421265,33532,33552,20
13.0357198715,80.2122421265,33552,33562,10
13.0361299515,80.2122573853,33562,33572,10
13.0365896225,80.212310791,33572,33633,61
13.0365896225,80.212310791,33633,33643,10
13.0371303558,80.2122802734,33643,33653,10
13.0376796722,80.2122802734,33653,33663,10
13.0384597778,80.2122573853,33663,33673,10
13.0393600464,80.2122497559,33673,33683,10
13.0403604507,80.212272644,33683,33693,10
13.0415401459,80.2123031616,33693,33703,10
13.0426998138,80.2122879028,33703,33714,11
13.043510437,80.2122573853,33714,33724,10
13.0435304642,80.212272644,33724,33734,10
13.0438203812,80.2122802734,33734,33744,10
13.043970108,80.212272644,33744,33754,10
13.0443496704,80.2122573853,33754,33764,10
13.0445804596,80.212272644,33764,33774,10
13.0452098846,80.2122497559,33774,33784,10
13.0459499359,80.2122192383,33784,33794,10
13.0468301773,80.2121887207,33794,33804,10
13.047750473,80.2121124268,33804,33814,10
13.0482597351,80.2120513916,33814,33825,11
13.0484104156,80.2120513916,33825,33845,20
13.0484104156,80.2120513916,33845,33855,10
13.048789978,80.2119979858,33855,33926,71
13.048789978,80.2119979858,33926,33936,10
13.0490398407,80.2119827271,33936,33946,10
13.0492801666,80.2119674683,33946,33956,10
13.0495100021,80.2119598389,33956,33966,10
13.0496997833,80.2119522095,33966,33976,10
13.0499296188,80.2119522095,33976,33986,10
13.0502796173,80.2120132446,33986,33996,10
13.0507297516,80.212020874,33996,34005,9
13.0513401031,80.2120437622,34005,34016,11
13.052479744,80.2118835449,34016,34026,10
13.0535402298,80.2116699219,34026,34037,11
13.0540504456,80.2115325928,34037,34047,10
13.0541496277,80.2115097046,34047,34057,10
13.0544996262,80.2114334106,34057,34067,10
13.0549402237,80.2114334106,34067,34077,10
13.0556602478,80.211479187,34077,34087,10
13.0565395355,80.21144104,34087,34096,9
13.057220459,80.2114181519,34096,34107,11
13.0574502945,80.2114105225,34107,34117,10
13.0575704575,80.2114181519,34117,34127,10
13.0580101013,80.21144104,34127,34137,10
13.0586099625,80.2114486694,34137,34148,11
13.0588302612,80.2114486694,34148,34158,10
13.0590295792,80.2114715576,34158,34168,10
13.0595502853,80.2115325928,34168,34178,10
13.0602798462,80.2115707397,34178,34188,10
13.061249733,80.2116012573,34188,34198,10
13.0621500015,80.2116470337,34198,34208,10
13.062959671,80.2115707397,34208,34218,10
13.0631399155,80.2115783691,34218,34228,10
13.0633001328,80.2115936279,34228,34239,11
13.0637702942,80.2115325928,34239,34249,10
13.064499855,80.2113571167,34249,34259,10
13.0652704239,80.2109298706,34259,34269,10
13.0660495758,80.2102813721,34269,34279,10
13.0668001175,80.2096176147,34279,34289,10
13.0672502518,80.2088928223,34289,34299,10
13.0674800873,80.2084579468,34299,34309,10
13.0678501129,80.2078781128,34309,34319,10
13.0683698654,80.2071609497,34319,34329,10
13.0689201355,80.2062683105,34329,34339,10
13.0693397522,80.2055969238,34339,34350,11
13.0696296692,80.2051086426,34350,34360,10
13.0696001053,80.204788208,34360,34370,10
13.069270134,80.2048721313,34370,34380,10
13.0690097809,80.2052688599,34380,34390,10
13.0687398911,80.2050094604,34390,34430,40
13.0687398911,80.2050094604,34430,34440,10
13.0688295364,80.2048797607,34440,34450,10
13.0691795349,80.2046813965,34450,34461,11
13.0697002411,80.2047805786,34461,34471,10
13.0699796677,80.2047729492,34471,34481,10
13.0702695847,80.2043609619,34481,34491,10
13.0707302094,80.2037582397,34491,34501,10
13.0713300705,80.2030563354,34501,34511,10
13.0720796585,80.2021408081,34511,34572,61
13.0720796585,80.2021408081,34572,34582,10
13.0720901489,80.2019729614,34582,34592,10
13.072429657,80.2016601563,34592,34602,10
13.0728902817,80.2011413574,34602,34612,10
13.0730600357,80.2009429932,34612,34622,10
13.0732603073,80.2007522583,34622,34632,10
13.0735702515,80.2004089355,34632,34642,10
13.0739402771,80.1999816895,34642,34652,10
13.0741996765,80.1996765137,34652,34662,10
13.0744199753,80.19947052,34662,34672,10
13.0744695663,80.1994400024,34672,34683,11
13.0747900009,80.1991882324,34683,34693,10
13.0754404068,80.1990280151,34693,34703,10
13.076259613,80.1990203857,34703,34713,10
13.0772800446,80.1989517212,34713,34723,10
13.0781803131,80.1988296509,34723,34733,10
13.078669548,80.1987533569,34733,34743,10
13.0790195465,80.1987075806,34743,34753,10
13.07929039,80.1986999512,34753,34784,31
13.07929039,80.1986999512,34784,34794,10
13.0796003342,80.1986618042,34794,34804,10
13.0797395706,80.1986465454,34804,34814,10
13.0800104141,80.1986312866,34814,34824,10
13.0803098679,80.198600769,34824,34834,10
13.0805702209,80.1985778809,34834,34844,10
13.0808095932,80.1985626221,34844,34854,10
13.0811901093,80.1985397339,34854,34864,10
13.0816602707,80.1985321045,34864,34915,51
13.0816602707,80.1985321045,34915,34925,10
13.0819301605,80.1985092163,34925,34935,10
13.0823802948,80.1984634399,34935,34955,20
13.0823802948,80.1984634399,34955,34965,10
13.0825395584,80.1984786987,34965,34975,10
13.0826997757,80.1984634399,34975,34985,10
13.0828695297,80.1984710693,34985,34994,9
13.0832395554,80.1984786987,34994,35006,12
13.0837802887,80.1984634399,35006,35016,10
13.0841999054,80.1984710693,35016,35026,10
13.0845899582,80.1984863281,35026,35036,10
13.0849599838,80.1985015869,35036,35046,10
13.0854196548,80.1984786987,35046,35056,10
13.0858802795,80.1984634399,35056,35065,9
13.0863599777,80.1984405518,35065,35076,11
13.0867900848,80.1984481812,35076,35086,10
13.0870504379,80.1984024048,35086,35097,11
13.0871200562,80.1980819702,35097,35107,10
13.0871400833,80.1980667114,35107,35117,10
13.0872602463,80.1977767944,35117,35127,10
13.0872802734,80.1972122192,35127,35137,10
13.0873003006,80.1964035034,35137,35147,10
13.0873098373,80.1955032349,35147,35157,10
13.0873003006,80.194732666,35157,35167,10
13.0873298645,80.193862915,35167,35177,10
13.0873203278,80.1929779053,35177,35197,20
13.0873203278,80.1929779053,35197,35207,10
13.0873804092,80.1927719116,35207,35218,11
13.087389946,80.1923522949,35218,35228,10
13.087439537,80.1917800903,35228,35238,10
13.0875101089,80.1910171509,35238,35248,10
13.0875797272,80.1901702881,35248,35258,10
13.0876598358,80.1894226074,35258,35268,10
13.0877103806,80.1890182495,35268,35277,9
13.0877199173,80.1890182495,35277,35288,11
13.0877304077,80.1887435913,35288,35298,10
13.0877599716,80.188583374,35298,35309,11
13.0877799988,80.1883087158,35309,35319,10
13.0878095627,80.1877975464,35319,35329,10
13.0878295898,80.1870803833,35329,35339,10
13.0878896713,80.1862716675,35339,35349,10
13.0879297256,80.1855926514,35349,35359,10
13.0880002975,80.1848907471,35359,35369,10
13.0880203247,80.1843414307,35369,35379,10
13.0880002975,80.1835708618,35379,35389,10
13.0879898071,80.1828308105,35389,35399,10
13.0880298615,80.1821365356,35399,35409,10
13.0881204605,80.1812973022,35409,35419,10
13.0881299973,80.1800765991,35419,35470,51
13.0881299973,80.1800765991,35470,35480,10
13.0881595612,80.1799468994,35480,35490,10
13.0881500244,80.1796569824,35490,35500,10
13.0881500244,80.1792373657,35500,35510,10
13.0881595612,80.1791229248,35510,35520,10
13.0881700516,80.1789016724,35520,35529,9
13.0881500244,80.1784362793,35529,35541,12
13.0881996155,80.1775817871,35541,35551,10
13.0882301331,80.1769866943,35551,35561,10
13.0882797241,80.1762619019,35561,35571,10
13.0883302689,80.1753997803,35571,35581,10
13.0883903503,80.1747436523,35581,35591,10
13.0884399414,80.1741714478,35591,35601,10
13.08852005,80.1734390259,35601,35611,10
13.0885400772,80.1727294922,35611,35621,10
13.0885696411,80.1721801758,35621,35631,10
13.0885801315,80.1717071533,35631,35642,11
13.0885896683,80.1716690063,35642,35652,10
13.0886201859,80.1714096069,35652,35662,10
13.0886096954,80.171081543,35662,35672,10
13.0886001587,80.1710662842,35672,35682,10
13.0886201859,80.1709136963,35682,35692,10
13.088640213,80.1704483032,35692,35702,10
13.0886697769,80.1697311401,35702,35712,10
13.0891199112,80.1695175171,35712,35722,10
13.0898199081,80.1695785522,35722,35732,10
13.0906400681,80.1696166992,35732,35742,10
13.0914001465,80.1696777344,35742,35753,11
13.0921897888,80.169708252,35753,35763,10
13.0930995941,80.1697769165,35763,35773,10
13.0940799713,80.1698226929,35773,35783,10
13.0945100784,80.1698379517,35783,35793,10
13.0946598053,80.169883728,35793,35803,10
13.0949296951,80.1699066162,35803,35813,10
13.0952396393,80.1699676514,35813,35823,10
13.0958299637,80.1699829102,35823,35833,10
13.0966501236,80.1699905396,35833,35843,10
13.0976295471,80.1700363159,35843,35854,11
13.0986499786,80.1700897217,35854,35864,10
13.0995101929,80.1701126099,35864,35874,10
13.0997495651,80.1698913574,35874,35884,10
13.0996198654,80.1696395874,35884,35894,10
13.0993995667,80.1699066162,35894,36035,141
13.0993995667,80.1699066162,36035,36045,10
13.0991897583,80.1701889038,36045,36055,10
13.0988397598,80.1701507568,36055,36065,10
13.0981998444,80.1700973511,36065,36076,11
13.0972995758,80.1700286865,36076,36086,10
13.0963201523,80.1699905396,36086,36096,10
13.0952501297,80.1699066162,36096,36106,10
13.09471035,80.169883728,36106,36116,10
13.0943498611,80.1698532104,36116,36126,10
13.0937795639,80.1697998047,36126,36136,10
13.0931997299,80.1697311401,36136,36146,10
13.0925197601,80.1697006226,36146,36156,10
13.0916595459,80.1696624756,36156,36167,11
13.0905199051,80.169593811,36167,36177,10
13.089099884,80.1695098877,36177,36288,111
13.089099884,80.1695098877,36288,36298,10
13.0889902115,80.1695175171,36298,36308,10
13.0888004303,80.1695327759,36308,36318,10
13.0887203217,80.1699371338,36318,36328,10
13.0886898041,80.1704711914,36328,36338,10
13.0886497498,80.1713180542,36338,36348,10
13.088640213,80.1718673706,36348,36358,10
13.0886201859,80.1719970703,36358,36368,10
13.0886001587,80.1725463867,36368,36379,11
13.088549614,80.1734237671,36379,36389,10
13.0885095596,80.1742706299,36389,36399,10
13.0884799957,80.1748580933,36399,36409,10
13.0884199142,80.175453186,36409,36419,10
13.088350296,80.1762619019,36419,36429,10
13.0883197784,80.1770019531,36429,36439,10
13.0883197784,80.177192688,36439,36449,10
13.0882997513,80.1777496338,36449,36459,10
13.0882797241,80.1784973145,36459,36478,19
13.0882797241,80.1784973145,36478,36490,12
13.0882701874,80.1791534424,36490,36500,10
13.0882196426,80.1799621582,36500,36510,10
13.0881996155,80.1810073853,36510,36520,10
13.088139534,80.1826019287,36520,36530,10
13.088139534,80.1826019287,36530,36540,10
13.0881004333,80.1832962036,36540,36548,8
13.088060379,80.1840515137,36548,36569,21
13.0880098343,80.185836792,36569,36579,10
13.08796978,80.1865005493,36579,36589,10
13.0879602432,80.1871109009,36589,36599,10
13.0879297256,80.1874389648,36599,36610,11
13.0879497528,80.187713623,36610,36620,10
13.0879201889,80.1881332397,36620,36630,10
13.0878896713,80.1888122559,36630,36640,10
13.0878601074,80.1893920898,36640,36650,10
13.087849617,80.189453125,36650,36660,10
13.0878095627,80.1897277832,36660,36690,30
13.0878095627,80.1897277832,36690,36700,10
13.0878295898,80.1899108887,36700,36710,10
13.0877504349,80.1902389526,36710,36721,11
13.0876502991,80.1910400391,36721,36731,10
13.0875501633,80.1917800903,36731,36741,10
13.0874900818,80.1925201416,36741,36811,70
13.0874900818,80.1925201416,36811,36822,11
13.087439537,80.1927871704,36822,36832,10
13.0874004364,80.1931991577,36832,36842,10
13.0873699188,80.1938781738,36842,36852,10
13.0873498917,80.1947631836,36852,36862,10
13.0873203278,80.195640564,36862,36872,10
13.0872898102,80.1965408325,36872,36882,10
13.0872802734,80.1975326538,36882,36892,10
13.0872898102,80.1977615356,36892,36902,10
13.087269783,80.197883606,36902,36912,10
13.0873403549,80.1983108521,36912,36922,10
13.0875396729,80.1984329224,36922,36933,11
13.0880298615,80.1984329224,36933,36943,10
13.0886602402,80.1984405518,36943,36953,10
13.0892496109,80.1984405518,36953,36963,10
13.0898199081,80.1985015869,36963,36973,10
13.0905504227,80.1985702515,36973,36983,10
13.0913200378,80.1986236572,36983,36993,10
13.0921697617,80.1986694336,36993,37003,10
13.0928697586,80.1986618042,37003,37013,10
13.0929603577,80.1990203857,37013,37023,10
13.0929298401,80.2001113892,37023,37044,21
13.0929298401,80.2001113892,37044,37054,10
13.0929098129,80.2003326416,37054,37064,10
13.0928602219,80.2006225586,37064,37074,10
13.0925798416,80.2005767822,37074,37084,10
13.0920095444,80.2005081177,37084,37094,10
13.0912399292,80.2004623413,37094,37104,10
13.0908203125,80.2005081177,37104,37114,10
13.0902900696,80.2004699707,37114,37124,10
13.0896596909,80.2004394531,37124,37134,10
13.0890703201,80.2004394531,37134,37145,11
13.0881795883,80.2004318237,37145,37155,10
13.0874795914,80.2004165649,37155,37165,10
13.0872802734,80.2004165649,37165,37175,10
13.086930275,80.2004013062,37175,37185,10
13.0864200592,80.2004013062,37185,37195,10
13.0860900879,80.2003707886,37195,37205,10
13.085940361,80.2003707886,37205,37215,10
13.0857801437,80.200378418,37215,37225,10
13.085650444,80.2003707886,37225,37235,10
13.085439682,80.200302124,37235,37245,10
13.0853395462,80.200088501,37245,37256,11
13.0853099823,80.1994400024,37256,37346,90
13.0853099823,80.1994400024,37346,37357,11
13.0853300095,80.1990432739,37357,37498,141
13.0853300095,80.1990432739,37498,37508,10
13.0851602554,80.1987228394,37508,37528,20
13.0851602554,80.1987228394,37528,37538,10
13.0847101212,80.1986694336,37538,37548,10
13.0843896866,80.1986465454,37548,37589,41
13.0843896866,80.1986465454,37589,37599,10
13.0840196609,80.1986236572,37599,37609,10
13.0836601257,80.1986083984,37609,37619,10
13.0829801559,80.1986236572,37619,37639,20
13.0829801559,80.1986236572,37639,37649,10
13.0825395584,80.1986236572,37649,37659,10
13.0821304321,80.198600769,37659,37669,10
13.0817203522,80.1985778809,37669,37680,11
13.0811595917,80.198600769,37680,37690,10
13.0805301666,80.198638916,37690,37700,10
13.0798301697,80.1987075806,37700,37710,10
13.0791702271,80.1987609863,37710,37720,10
13.078619957,80.1987991333,37720,37730,10
13.0778598785,80.1989135742,37730,37740,10
13.0769796371,80.1990127563,37740,37750,10
13.0761995316,80.1991119385,37750,37760,10
13.0753202438,80.1992492676,37760,37770,10
13.0746297836,80.1995697021,37770,37781,11
13.0741300583,80.1999206543,37781,37791,10
13.0738401413,80.2002334595,37791,37801,10
13.0736398697,80.2005233765,37801,37811,10
13.073559761,80.2006378174,37811,37821,10
13.0734100342,80.2008285522,37821,37831,10
13.0729999542,80.2012863159,37831,37841,10
13.0725297928,80.2018432617,37841,37851,10
13.0723695755,80.2020492554,37851,37861,10
13.0720701218,80.2023010254,37861,37871,10
13.0716104507,80.2028198242,37871,37881,10
13.0710601807,80.2034912109,37881,37891,10
13.0703897476,80.2042617798,37891,37902,11
13.0700397491,80.2047576904,37902,37912,10
13.069849968,80.2050323486,37912,37982,70
13.069849968,80.2050323486,37982,37992,10
13.0694904327,80.2048492432,37992,38003,11
13.0690498352,80.2052001953,38003,38013,10
13.0686597824,80.2054290771,38013,38023,10
13.0679798126,80.2053375244,38023,38053,30
13.0679798126,80.2053375244,38053,38063,10
13.0678901672,80.2051391602,38063,38073,10
13.0678901672,80.2051010132,38073,38083,10
13.0681600571,80.2049407959,38083,38093,10
13.0686397552,80.2047729492,38093,38103,10
13.0689096451,80.2046890259,38103,38114,11
13.0692901611,80.2046890259,38114,38124,10
13.0698003769,80.2048568726,38124,38154,30
13.0698003769,80.2048568726,38154,38164,10
13.0699195862,80.2050628662,38164,38174,10
13.0696697235,80.2054672241,38174,38184,10
13.0692596436,80.2060775757,38184,38194,10
13.0687799454,80.2068405151,38194,38204,10
13.0682401657,80.2077178955,38204,38214,10
13.0678796768,80.2083129883,38214,38225,11
13.0675201416,80.2088775635,38225,38235,10
13.0671100616,80.2095565796,38235,38245,10
13.0664796829,80.2101593018,38245,38255,10
13.0657596588,80.2107391357,38255,38265,10
13.0651597977,80.2112121582,38265,38275,10
13.0650501251,80.2112808228,38275,38285,10
13.0649900436,80.2113418579,38285,38295,10
13.0645904541,80.2115325928,38295,38305,10
13.0638399124,80.2116928101,38305,38336,31
13.0638399124,80.2116928101,38336,38346,10
13.0635099411,80.2116775513,38346,38356,10
13.062959671,80.2117080688,38356,38366,10
13.0621700287,80.2117614746,38366,38376,10
13.0611200333,80.2116622925,38376,38386,10
13.0601196289,80.2116775513,38386,38396,10
13.0590896606,80.2116470337,38396,38406,10
13.0583496094,80.2116317749,38406,38416,10
13.0580396652,80.2116088867,38416,38426,10
13.0576200485,80.2116088867,38426,38437,11
13.0574798584,80.2116088867,38437,38447,10
13.0569696426,80.2115783691,38447,38457,10
13.0562696457,80.2115402222,38457,38467,10
13.055439949,80.2115020752,38467,38477,10
13.0547199249,80.211517334,38477,38487,10
13.0543298721,80.2116012573,38487,38497,10
13.0539598465,80.2116928101,38497,38507,10
13.0538396835,80.2116775513,38507,38517,10
13.0535802841,80.2117385864,38517,38527,10
13.0532197952,80.2118225098,38527,38537,10
13.0531101227,80.2118301392,38537,38548,11
13.0529003143,80.2118988037,38548,38558,10
13.0527200699,80.2119522095,38558,38568,10
13.0527095795,80.2119598389,38568,38578,10
13.0523900986,80.2120285034,38578,38588,10
13.0517301559,80.2121505737,38588,38699,111
13.0517301559,80.2121505737,38699,38709,10
13.051320076,80.2121429443,38709,38719,10
13.0512895584,80.2121505737,38719,38729,10
13.0507698059,80.2121276855,38729,38739,10
13.0499296188,80.2121429443,38739,38760,21
13.0499296188,80.2121429443,38760,38770,10
13.0495996475,80.2121734619,38770,38780,10
13.0494804382,80.2121582031,38780,38790,10
13.0490999222,80.2121505737,38790,38800,10
13.0484695435,80.2121887207,38800,38810,10
13.047659874,80.2122192383,38810,38820,10
13.0468101501,80.2122802734,38820,38830,10
13.0453796387,80.212387085,38830,38921,91
13.0453796387,80.212387085,38921,38931,10
13.045249939,80.2125396729,38931,38951,20
13.045249939,80.2125396729,38951,38961,10
13.044839859,80.2124633789,38961,38970,9
13.0443897247,80.2124404907,38970,38982,12
13.0435199738,80.2124099731,38982,38992,10
13.0426101685,80.2124023438,38992,39002,10
13.0415802002,80.2124099731,39002,39012,10
13.0406799316,80.2124099731,39012,39022,10
13.0398101807,80.2124176025,39022,39032,10
13.038860321,80.2124023438,39032,39042,10
13.037610054,80.2124023438,39042,39123,81
13.037610054,80.2124023438,39123,39133,10
13.0371198654,80.2123413086,39133,39143,10
13.036529541,80.2123184204,39143,39153,10
13.0357704163,80.212348938,39153,39163,10
13.0350904465,80.2122802734,39163,39172,9
13.0347299576,80.2122192383,39172,39183,11
13.0342102051,80.2121124268,39183,39204,21
13.0342102051,80.2121124268,39204,39214,10
13.0338497162,80.2120513916,39214,39224,10
13.0334501266,80.2119598389,39224,39234,10
13.0327501297,80.2118530273,39234,39244,10
13.0319900513,80.2117004395,39244,39254,10
13.0320196152,80.2109680176,39254,39264,10
13.0320396423,80.2105178833,39264,39274,10
13.032119751,80.2098693848,39274,39284,10
13.0319900513,80.2096481323,39284,39295,11
13.0316095352,80.2095565796,39295,39315,20
13.0316095352,80.2095565796,39315,39325,10
13.031419754,80.209602356,39325,39335,10
13.0311203003,80.2094573975,39335,39345,10
13.0305299759,80.2092971802,39345,39385,40
13.0305299759,80.2092971802,39385,39395,10
13.0302696228,80.2092132568,39395,39404,9
13.029800415,80.2090682983,39404,39416,12
13.0294799805,80.2089767456,39416,39426,10
13.0293998718,80.2089385986,39426,39436,10
13.0289897919,80.2088088989,39436,39446,10
13.028260231,80.2085800171,39446,39456,10
13.0274801254,80.2082519531,39456,39466,10
13.0266704559,80.2077636719,39466,39476,10
13.0257797241,80.2072296143,39476,39486,10
13.0248003006,80.2069625854,39486,39496,10
13.0242300034,80.2069015503,39496,39506,10
13.0240802765,80.2068710327,39506,39517,11
13.0236597061,80.2067718506,39517,39527,10
13.0232696533,80.2066726685,39527,39537,10
13.0228500366,80.2065963745,39537,39547,10
13.0223703384,80.2064971924,39547,39557,10
13.0215902328,80.2064666748,39557,39567,10
13.0207004547,80.2064819336,39567,39577,10
13.0196895599,80.2064437866,39577,39587,10
13.0190696716,80.2063064575,39587,39597,10
13.0189800262,80.2062683105,39597,39607,10
13.0184803009,80.2061233521,39607,39617,10
13.017829895,80.2059326172,39617,39628,11
13.0175199509,80.2058029175,39628,39638,10
13.0170898438,80.2056274414,39638,39648,10
13.0168304443,80.2055282593,39648,39658,10
13.0160598755,80.2052307129,39658,39668,10
13.0151195526,80.2049636841,39668,39678,10
13.0143995285,80.2047119141,39678,39688,10
13.0141897202,80.2046203613,39688,39698,10
13.0138902664,80.2044906616,39698,39708,10
13.0136003494,80.2044219971,39708,39718,10
13.0135402679,80.2046737671,39718,39729,11
13.0134601593,80.2048721313,39729,39739,10
13.0132598877,80.2054367065,39739,39749,10
13.0130395889,80.2062530518,39749,39759,10
13.012960434,80.2071075439,39759,39769,10
13.0128803253,80.2076873779,39769,39779,10
13.0128498077,80.2081069946,39779,39789,10
13.0128602982,80.2085266113,39789,39799,10
13.0129299164,80.2089691162,39799,39809,10
13.0131101608,80.2095718384,39809,39818,9
13.0130901337,80.2101593018,39818,39830,12
13.0128097534,80.2112426758,39830,39840,10
13.0123195648,80.2121429443,39840,39850,10
13.0119199753,80.2127380371,39850,39860,10
13.0116701126,80.2127685547,39860,39870,10
13.0112600327,80.2124328613,39870,39880,10
13.0106601715,80.2119827271,39880,39890,10
13.0101203918,80.2115402222,39890,39910,20
13.0099697113,80.2114486694,39910,39951,41
13.0099697113,80.2114486694,39951,39961,10
13.0096597672,80.2112197876,39961,39981,20
13.0096597672,80.2112197876,39981,39991,10
13.0095701218,80.2111206055,39991,40001,10
13.0094404221,80.2110671997,40001,40011,10
13.0093202591,80.2111129761,40011,40021,10
13.0090799332,80.2113723755,40021,40031,10
13.0090198517,80.2116622925,40031,40041,10
13.0091295242,80.2119522095,40041,40052,11
13.0092000961,80.2122268677,40052,40062,10
13.0093202591,80.212638855,40062,40072,10
13.009519577,80.2131271362,40072,40082,10
13.0097398758,80.2136688232,40082,40092,10
13.0099897385,80.2142562866,40092,40102,10
13.0101699829,80.2148895264,40102,40112,10
13.0102396011,80.2155838013,40112,40122,10
13.0105400085,80.2163391113,40122,40132,10
13.0109195709,80.2171325684,40132,40142,10
13.011300087,80.2180786133,40142,40153,11
13.0117397308,80.2193374634,40153,40163,10
13.0121097565,80.2205429077,40163,40173,10
13.012339592,80.2214889526,40173,40183,10
13.0129299164,80.2222671509,40183,40193,10
13.0136499405,80.2230834961,40193,40203,10
13.0142698288,80.2238311768,40203,40213,10
13.0148496628,80.2244415283,40213,40223,10
13.0149803162,80.2246627808,40223,40233,10
13.0151100159,80.2247161865,40233,40243,10
13.0153999329,80.2250671387,40243,40253,10
13.0153598785,80.2257385254,40253,40263,10
13.0150995255,80.2259063721,40263,40274,11
13.0147304535,80.2260437012,40274,40284,10
13.0140399933,80.22631073,40284,40294,10
13.0131702423,80.2266311646,40294,40304,10
13.012260437,80.2270202637,40304,40314,10
13.0112495422,80.2274169922,40314,40324,10
13.0101699829,80.2278671265,40324,40334,10
13.0094995499,80.2276611328,40334,40344,10
13.009759903,80.2270812988,40344,40354,10
13.0101099014,80.2263031006,40354,40364,10
13.0104904175,80.2253570557,40364,40375,11
13.010890007,80.2244567871,40375,40385,10
13.0111703873,80.2237319946,40385,40395,10
13.0113201141,80.2232513428,40395,40405,10
13.0110197067,80.2230377197,40405,40415,10
13.0103597641,80.2227401733,40415,40425,10
13.0095701218,80.2223205566,40425,40435,10
13.0087499619,80.2218704224,40435,40444,9
13.0080604553,80.2215118408,40444,40455,11
13.0072002411,80.2210693359,40455,40464,9
13.0067596436,80.2208404541,40464,40475,11
13.0064601898,80.2206878662,40475,40486,11
13.0056800842,80.2205505371,40486,40496,10
13.0048704147,80.2203598022,40496,40506,10
13.0039596558,80.2201385498,40506,40516,10
13.0031099319,80.2199172974,40516,40526,10
13.002240181,80.2193603516,40526,40536,10
13.0015497208,80.2186203003,40536,40546,10
13.0009403229,80.2181930542,40546,40556,10
13.0002202988,80.2177200317,40556,40566,10
12.9995098114,80.2172698975,40566,40576,10
12.9982299805,80.2166671753,40576,40597,21
12.9982299805,80.2166671753,40597,40607,10
12.9979600906,80.2165985107,40607,40617,10
12.9976396561,80.2165603638,40617,40647,30
12.9976396561,80.2165603638,40647,40657,10
12.9974403381,80.2165298462,40657,40667,10
12.9974298477,80.2165298462,40667,40677,10
12.997300148,80.2165298462,40677,40687,10
12.9970598221,80.2165527344,40687,40697,10
12.9966201782,80.216583252,40697,40718,21
12.9966201782,80.216583252,40718,40728,10
12.9963302612,80.2166290283,40728,40738,10
12.9960803986,80.2166900635,40738,40748,10
12.9957304001,80.2167663574,40748,40758,10
12.9955596924,80.2168426514,40758,40768,10
12.9953804016,80.2169036865,40768,40778,10
12.9952402115,80.2169570923,40778,40788,10
12.9951000214,80.2170333862,40788,40798,10
12.9948701859,80.2171783447,40798,40809,11
12.994310379,80.2175674438,40809,40819,10
12.9939098358,80.217880249,40819,40829,10
12.9933395386,80.2182769775,40829,40839,10
12.9927597046,80.218711853,40839,40849,10
12.9920501709,80.2192306519,40849,40859,10
12.9916200638,80.2195510864,40859,40869,10
12.9914197922,80.2196121216,40869,40879,10
12.9909601212,80.2194213867,40879,40889,10
12.9902496338,80.2191772461,40889,40899,10
12.9893398285,80.2188720703,40899,40910,11
12.9881296158,80.2184829712,40910,40920,10
12.9869699478,80.2182769775,40920,40950,30
12.9869699478,80.2182769775,40950,40960,10
12.9868297577,80.2182388306,40960,40970,10
12.9863004684,80.2181015015,40970,40980,10
12.9853601456,80.2179336548,40980,40990,10
12.9842596054,80.2179412842,40990,41000,10
12.9838495255,80.2179718018,41000,41009,9
12.9837503433,80.2179870605,41009,41020,11
12.9831399918,80.2179794312,41020,41031,11
12.9821996689,80.2180023193,41031,41041,10
12.9812297821,80.2181167603,41041,41051,10
12.9803495407,80.2184066772,41051,41061,10
12.9797096252,80.2186584473,41061,41071,10
12.9791002274,80.2189102173,41071,41081,10
12.9786596298,80.2190933228,41081,41091,10
12.9780702591,80.2193222046,41091,41101,10
12.9772396088,80.2196502686,41101,41111,10
12.9762601852,80.2200317383,41111,41122,11
12.975569725,80.2204589844,41122,41132,10
12.9756097794,80.220741272,41132,41233,101
12.9759197235,80.2209472656,41233,41454,221
12.9759502411,80.2210388184,41454,42020,566
12.9762401581,80.2212677002,42020,42040,20
12.9762401581,80.2212677002,42040,42050,10
12.9765396118,80.2211990356,42050,42060,10
12.9769897461,80.2212524414,42060,42070,10
12.9776496887,80.221206665,42070,42080,10
12.9783601761,80.2211685181,42080,42090,10
12.9789104462,80.2211074829,42090,42100,10
12.9795703888,80.2210769653,42100,42109,9
12.9801998138,80.2210769653,42109,42121,12
12.9808197021,80.2210235596,42121,42131,10
12.9813699722,80.2211837769,42131,42141,10
12.9820404053,80.2215499878,42141,42151,10
12.9825801849,80.2217178345,42151,42161,10
12.9829502106,80.2218933105,42161,42171,10
12.9829797745,80.2219085693,42171,42181,10
12.9831495285,80.2220001221,42181,42191,10
12.9835500717,80.2222595215,42191,42201,10
12.9841995239,80.2226791382,42201,42212,11
12.9848499298,80.2231063843,42212,42222,10
12.9853096008,80.2232818604,42222,42232,10
12.9856500626,80.2230300903,42232,42242,10
12.9858703613,80.2229232788,42242,42252,10
12.9865102768,80.2229309082,42252,42272,20
12.9865102768,80.2229309082,42272,42282,10
12.9866800308,80.2229614258,42282,42291,9
12.9868001938,80.2229690552,42291,42302,11
12.9870796204,80.2230300903,42302,42312,10
12.9876003265,80.2230300903,42312,42323,11
12.9882802963,80.2226028442,42323,42333,10
12.9888496399,80.2220077515,42333,42343,10
12.9892702103,80.2215423584,42343,42353,10
12.9895095825,80.2212371826,42353,42363,10
12.9899501801,80.2206802368,42363,42373,10
12.9905500412,80.2201919556,42373,42383,10
12.9908304214,80.2199783325,42383,42393,10
12.9910297394,80.2198562622,42393,42403,10
12.9914503098,80.2195587158,42403,42413,10
12.9919595718,80.2191772461,42413,42423,10
12.9926395416,80.2186813354,42423,42433,10
12.9934396744,80.2180862427,42433,42444,11
12.9943599701,80.2174377441,42444,42454,10
12.9951400757,80.2169036865,42454,42464,10
12.995880127,80.2165985107,42464,42474,10
12.9966201782,80.2164993286,42474,42484,10
12.9972200394,80.2163772583,42484,42494,10
12.9974498749,80.2160873413,42494,42504,10
12.9974603653,80.2160873413,42504,42514,10
12.997759819,80.2158508301,42514,42524,10
12.9981403351,80.2154693604,42524,42534,10
12.9986696243,80.2150421143,42534,42545,11
12.9991102219,80.2146377563,42545,42555,10
12.9994001389,80.2144088745,42555,42565,10
12.9998197556,80.2140579224,42565,42575,10
13.0001897812,80.2137298584,42575,42585,10
13.0006799698,80.2132797241,42585,42595,10
13.0012397766,80.2128601074,42595,42605,10
13.0017499924,80.2124786377,42605,42615,10
13.0024003983,80.2121124268,42615,42625,10
13.0030698776,80.2120437622,42625,42635,10
13.0036296844,80.2119369507,42635,42645,10
13.0036697388,80.211517334,42645,42656,11
13.0036096573,80.2108001709,42656,42666,10
13.0035200119,80.2100601196,42666,42676,10
13.0035495758,80.2092971802,42676,42686,10
13.0039100647,80.2086181641,42686,42696,10
13.004529953,80.2088699341,42696,42706,10
13.005109787,80.2091369629,42706,42716,10
13.0057001114,80.2093811035,42716,42726,10
13.0060901642,80.2095108032,42726,42736,10
13.0065202713,80.2096481323,42736,42745,9
13.0071401596,80.2097930908,42745,42777,32
13.0071401596,80.2097930908,42777,42787,10
13.007349968,80.2098464966,42787,42797,10
13.0074901581,80.2098770142,42797,42807,10
13.0076904297,80.2099227905,42807,42817,10
13.0080099106,80.2099914551,42817,42827,10
13.0081396103,80.2097167969,42827,42837,10
13.0080003738,80.2091064453,42837,42847,10
13.0078802109,80.2083206177,42847,42857,10
13.0077400208,80.2074203491,42857,42868,11
13.0076303482,80.2066116333,42868,42878,10
13.0075302124,80.2057571411,42878,42888,10
13.0074996948,80.2049484253,42888,42898,10
13.0074901581,80.2042617798,42898,42908,10
13.0074100494,80.2035598755,42908,42918,10
13.0072002411,80.2026596069,42918,42927,9
13.0065803528,80.2027130127,42927,42938,11
13.0066995621,80.2033309937,42938,42948,10
13.0072402954,80.2036132813,42948,42958,10
13.0080299377,80.2037277222,42958,42968,10
13.0090398788,80.2036590576,42968,42979,11
13.0103702545,80.2036209106,42979,42989,10
13.0116596222,80.2037277222,42989,42999,10
13.0129098892,80.2039718628,42999,43009,10
13.0138397217,80.2042999268,43009,43019,10
13.0146999359,80.2045669556,43019,43029,10
13.0149202347,80.2046432495,43029,43039,10
13.0149803162,80.2046813965,43039,43049,10
13.01541996,80.2048416138,43049,43059,10
13.0161600113,80.2051391602,43059,43069,10
13.0169095993,80.205406189,43069,43080,11
13.0177602768,80.2057037354,43080,43090,10
13.0184602737,80.2059631348,43090,43100,10
13.0187196732,80.2060165405,43100,43110,10
13.0189599991,80.2061080933,43110,43120,10
13.0195198059,80.2062530518,43120,43130,10
13.0203199387,80.2062988281,43130,43140,10
13.0212602615,80.2063217163,43140,43150,10
13.0222101212,80.2063674927,43150,43160,10
13.0233097076,80.2065124512,43160,43170,10
13.0241203308,80.2066574097,43170,43181,11
13.0243997574,80.2067337036,43181,43191,10
13.0247297287,80.2068023682,43191,43201,10
13.0254402161,80.20703125,43201,43211,10
13.0262899399,80.2074584961,43211,43221,10
13.0271396637,80.2079696655,43221,43231,10
13.0279502869,80.2084197998,43231,43241,10
13.0287303925,80.208656311,43241,43251,10
13.0291900635,80.2087783813,43251,43261,10
13.0292596817,80.2087936401,43261,43271,10
13.0294399261,80.2087936401,43271,43281,10
13.0299196243,80.208946228,43281,43291,10
13.0306501389,80.2091522217,43291,43302,11
13.0313901901,80.2093505859,43302,43312,10
13.0315103531,80.2093734741,43312,43322,10
13.0316095352,80.2094116211,43322,43332,10
13.0320596695,80.2095489502,43332,43342,10
13.0327100754,80.2096633911,43342,43352,10
13.0334196091,80.2098236084,43352,43362,10
13.0341997147,80.2099685669,43362,43372,10
13.0347995758,80.2100830078,43372,43382,10
13.0349597931,80.2101669312,43382,43393,11
13.0350103378,80.2104797363,43393,43403,10
13.0349798203,80.2106704712,43403,43413,10
13.0349903107,80.2113265991,43413,43433,20
13.0349903107,80.2113265991,43433,43443,10
13.0348901749,80.2117767334,43443,43473,30
13.0348901749,80.2117767334,43473,43483,10
13.0348300934,80.2120132446,43483,43493,10
13.0349197388,80.2121505737,43493,43503,10
13.0351200104,80.2122116089,43503,43514,11
13.0354204178,80.2122573853,43514,43524,10
13.0357198715,80.212272644,43524,43534,10
13.0360403061,80.212272644,43534,43544,10
13.0362901688,80.2122879028,43544,43554,10
13.03647995,80.2123184204,43554,43604,50
13.03647995,80.2123184204,43604,43613,9
13.0368003845,80.2123184204,43613,43625,12
13.0370397568,80.2123184204,43625,43635,10
13.0374002457,80.212310791,43635,43645,10
13.038020134,80.2123031616,43645,43655,10
13.0388698578,80.2122802734,43655,43665,10
13.0398101807,80.2122268677,43665,43675,10
13.0409498215,80.2122421265,43675,43685,10
13.0420703888,80.2123031616,43685,43695,10
13.0432500839,80.2123031616,43695,43705,10
13.0439596176,80.2123031616,43705,43857,152
13.0439596176,80.2123031616,43857,43867,10
13.0443696976,80.2122879028,43867,43877,10
13.0449104309,80.2122879028,43877,43887,10
13.0457296371,80.2122802734,43887,43897,10
13.0466403961,80.2122268677,43897,43907,10
13.0474596024,80.2121734619,43907,43917,10
13.0486097336,80.2120819092,43917,43938,21
13.0486097336,80.2120819092,43938,43948,10
13.048910141,80.212020874,43948,43958,10
13.0495004654,80.2119903564,43958,43968,10
13.0496902466,80.2119903564,43968,43978,10
13.0499401093,80.2119827271,43978,43988,10
13.0501098633,80.2119827271,43988,43998,10
13.0504598618,80.212020874,43998,44008,10
13.0510997772,80.2120285034,44008,44018,10
13.0519695282,80.2120132446,44018,44028,10
13.0522403717,80.2119979858,44028,44038,10
13.0525503159,80.2119827271,44038,44048,10
13.0530900955,80.2118377686,44048,44059,11
13.0539197922,80.2116394043,44059,44069,10
13.0545396805,80.2115097046,44069,44079,10
13.0552597046,80.2115020752,44079,44089,10
13.0562000275,80.2115478516,44089,44099,10
13.0570602417,80.2115325928,44099,44109,10
13.0576601028,80.211479187,44109,44119,10
13.0578804016,80.2114562988,44119,44129,10
13.058429718,80.2114486694,44129,44139,10
13.0591602325,80.2115020752,44139,44149,10
13.0600595474,80.2115402222,44149,44160,11
13.0611400604,80.2115631104,44160,44170,10
13.0617904663,80.2115783691,44170,44180,10
13.0629396439,80.2115402222,44180,44200,20
13.0629396439,80.2115402222,44200,44210,10
13.0631799698,80.2115631104,44210,44220,10
13.0635700226,80.2115478516,44220,44230,10
13.0642004013,80.211479187,44230,44240,10
13.0649595261,80.2111206055,44240,44250,10
13.0657396317,80.2105331421,44250,44261,11
13.0666704178,80.2097930908,44261,44270,9
13.0672197342,80.2090072632,44270,44281,11
13.06731987,80.2087402344,44281,44291,10
13.0673599243,80.208656311,44291,44301,10
13.0676002502,80.2082901001,44301,44311,10
13.0679998398,80.207649231,44311,44321,10
13.0685100555,80.2069015503,44321,44331,10
13.0691003799,80.2060317993,44331,44341,10
13.0695896149,80.2052078247,44341,44351,10
13.0696697235,80.2049179077,44351,44361,10
13.0694103241,80.2048187256,44361,44371,10
13.0691204071,80.2050476074,44371,44382,11
13.0687704086,80.2051696777,44382,44422,40
13.0687704086,80.2051696777,44422,44432,10
13.0686998367,80.2050018311,44432,44442,10
13.0687398911,80.2048110962,44442,44452,10
13.0688896179,80.2047271729,44452,44462,10
13.0690803528,80.2047195435,44462,44472,10
13.0693998337,80.2047729492,44472,44503,31
13.0693998337,80.2047729492,44503,44513,10
13.0696697235,80.204826355,44513,44523,10
13.0700101852,80.2046890259,44523,44533,10
13.0704097748,80.2041473389,44533,44543,10
13.070980072,80.2034606934,44543,44553,10
13.0716295242,80.2026901245,44553,44563,10
13.0719804764,80.2023010254,44563,44573,10
13.0719995499,80.2023010254,44573,44583,10
13.0722103119,80.202041626,44583,44593,10
13.0725402832,80.2016906738,44593,44604,11
13.0728998184,80.2012176514,44604,44614,10
13.07310009,80.2009963989,44614,44624,10
13.0734596252,80.2006607056,44624,44634,10
13.0738601685,80.2002334595,44634,44644,10
13.0740699768,80.1999511719,44644,44654,10
13.0741796494,80.1998291016,44654,44664,10
13.0743198395,80.1996917725,44664,44674,10
13.0744104385,80.1995697021,44674,44684,10
13.0745401382,80.199432373,44684,44695,11
13.0750703812,80.1991500854,44695,44705,10
13.0757198334,80.1990737915,44705,44715,10
13.0766000748,80.1990509033,44715,44725,10
13.0773496628,80.19896698,44725,44735,10
13.078040123,80.1988830566,44735,44745,10
13.0787401199,80.1987762451,44745,44755,10
13.0793800354,80.1987228394,44755,44765,10
13.0800800323,80.1986465454,44765,44775,10
13.0809297562,80.1985778809,44775,44785,10
13.081700325,80.1985626221,44785,44795,10
13.0823898315,80.1984710693,44795,44806,11
13.0825195313,80.1984634399,44806,44816,10
13.08273983,80.1984710693,44816,44826,10
13.0832595825,80.1984710693,44826,44856,30
13.0832595825,80.1984710693,44856,44866,10
13.0836801529,80.1984786987,44866,44876,10
13.0839004517,80.1984786987,44876,44886,10
13.0841798782,80.1985015869,44886,44894,8
13.0844898224,80.1985473633,44894,44914,20
13.0848999023,80.1985321045,44914,44924,10
13.0851402283,80.1984863281,44924,44934,10
13.0853996277,80.1984863281,44934,44944,10
13.0859003067,80.1984786987,44944,44954,10
13.0862102509,80.1984481812,44954,44974,20
13.0862102509,80.1984481812,44974,44984,10
13.0866298676,80.1984786987,44984,44994,10
13.0867300034,80.1984786987,44994,45004,10
13.0870504379,80.1984100342,45004,45014,10
13.0871095657,80.1980819702,45014,45035,21
13.0871095657,80.1980819702,45035,45045,10
13.0871896744,80.1976928711,45045,45055,10
13.087220192,80.197052002,45055,45065,10
13.0872402191,80.1961669922,45065,45075,10
13.0872402191,80.1954269409,45075,45085,10
13.0872602463,80.1947174072,45085,45095,10
13.0872802734,80.1938400269,45095,45105,10
13.0873003006,80.1931228638,45105,45115,10
13.0873203278,80.192741394,45115,45124,9
13.0873804092,80.1922988892,45124,45136,12
13.0874996185,80.1913986206,45136,45146,10
13.0875997543,80.1904678345,45146,45156,10
13.0877199173,80.1895828247,45156,45166,10
13.0877199173,80.1889877319,45166,45176,10
13.0877599716,80.1888580322,45176,45186,10
13.0877399445,80.1886520386,45186,45196,10
13.0877399445,80.188621521,45196,45206,10
13.0877504349,80.1883621216,45206,45216,10
13.0877895355,80.1879196167,45216,45226,10
13.0878295898,80.1871795654,45226,45237,11
13.0878801346,80.1861801147,45237,45247,10
13.0878601074,80.1855926514,45247,45257,10
13.0879297256,80.1851501465,45257,45267,10
13.0879802704,80.1844787598,45267,45277,10
13.0880002975,80.1836090088,45277,45287,10
13.0880203247,80.1826019287,45287,45297,10
13.0880699158,80.1818695068,45297,45307,10
13.0881099701,80.1809997559,45307,45315,8
13.0881099701,80.1801071167,45315,45337,22
13.0881099701,80.1801071167,45337,45347,10
13.088139534,80.1799468994,45347,45358,11
13.0881204605,80.1795501709,45358,45368,10
13.0881204605,80.1792221069,45368,45378,10
13.0881099701,80.1789093018,45378,45388,10
13.0881099701,80.1787490845,45388,45398,10
13.0880899429,80.1786117554,45398,45408,10
13.0881700516,80.1783370972,45408,45418,10
13.088139534,80.1778717041,45418,45428,10
13.0881204605,80.1771621704,45428,45438,10
13.0881795883,80.1763381958,45438,45449,11
13.0882501602,80.1755828857,45449,45459,10
13.0882797241,80.1753616333,45459,45469,10
13.0882902145,80.174911499,45469,45479,10
13.0883398056,80.1742630005,45479,45489,10
13.0884304047,80.1735305786,45489,45499,10
13.0885000229,80.1726303101,45499,45509,10
13.08852005,80.1718978882,45509,45519,10
13.0885400772,80.1717681885,45519,45529,10
13.0885601044,80.1713485718,45529,45580,51
13.0885601044,80.1713485718,45580,45590,10
13.0885000229,80.1710205078,45590,45600,10
13.0885801315,80.1699371338,45600,45650,50
13.0885801315,80.1699371338,45650,45659,9
13.088640213,80.1695632935,45659,45671,12
13.08893013,80.1694717407,45671,45681,10
13.0894002914,80.1695022583,45681,45691,10
13.0901603699,80.1695709229,45691,45701,10
13.0911102295,80.1696395874,45701,45711,10
13.0921201706,80.1697006226,45711,45721,10
13.0931797028,80.1697692871,45721,45731,10
13.0942001343,80.1698303223,45731,45741,10
13.0947303772,80.169883728,45741,45751,10
13.0950698853,80.1699829102,45751,45761,10
13.095580101,80.1700134277,45761,45772,11
13.0964298248,80.1700210571,45772,45782,10
13.0973596573,80.1700592041,45782,45792,10
13.098279953,80.1700897217,45792,45802,10
13.0991296768,80.1701278687,45802,45812,10
13.0994195938,80.1701126099,45812,45822,10
13.0996303558,80.1700286865,45822,45832,10
13.0996303558,80.1700210571,45832,45842,10
13.0996904373,80.169883728,45842,45852,10
13.0996799469,80.1698379517,45852,45862,10
13.0995502472,80.1697006226,45862,45872,10
13.0995197296,80.1697006226,45872,45883,11
13.0993099213,80.1696472168,45883,45893,10
13.09897995,80.1696014404,45893,45903,10
13.0986003876,80.1691970825,45903,47699,1796
13.0986003876,80.1691970825,47699,47709,10
13.098739624,80.1692199707,47709,47719,10
13.0987997055,80.1693878174,47719,47730,11
13.0989398956,80.1695022583,47730,47740,10
13.0991802216,80.1695480347,47740,47750,10
13.0992898941,80.1695709229,47750,47760,10
13.0993795395,80.1696166992,47760,47770,10
13.0995798111,80.1697616577,47770,47780,10
13.0994701385,80.1700592041,47780,47891,111
13.0994701385,80.1700592041,47891,47901,10
13.0990695953,80.1701583862,47901,47911,10
13.0987195969,80.1701507568,47911,47921,10
13.0980997086,80.1701278687,47921,47931,10
13.0975904465,80.1700973511,47931,47941,10
13.0970201492,80.1700668335,47941,47952,11
13.0963201523,80.1700286865,47952,47962,10
13.0956001282,80.1699829102,47962,47972,10
13.0950202942,80.1699371338,47972,47982,10
13.0948600769,80.1698989868,47982,47992,10
13.0946302414,80.1698532104,47992,48002,10
13.0944004059,80.169883728,48002,48012,10
13.0939598083,80.1698532104,48012,48022,10
13.09333992,80.1697921753,48022,48032,10
13.0926303864,80.1697463989,48032,48042,10
13.0920495987,80.1697463989,48042,48053,11
13.0913095474,80.1696777344,48053,48063,10
13.0905895233,80.1696472168,48063,48073,10
13.0896902084,80.1696090698,48073,48083,10
13.0889701843,80.1696014404,48083,48093,10
13.0889101028,80.169593811,48093,48103,10
13.0887804031,80.1695404053,48103,48113,10
13.0886297226,80.1699066162,48113,48123,10
13.0885696411,80.1706466675,48123,48133,10
13.0885400772,80.1715927124,48133,48143,10
13.0885095596,80.1725387573,48143,48153,10
13.0884504318,80.1734237671,48153,48164,11
13.0883998871,80.1743011475,48164,48174,10
13.0883798599,80.1748199463,48174,48184,10
13.0883102417,80.1755218506,48184,48194,10
13.088259697,80.176399231,48194,48204,10
13.0882501602,80.1770935059,48204,48214,10
13.0882196426,80.1776809692,48214,48224,10
13.0882396698,80.1784210205,48224,48234,10
13.0882396698,80.1784973145,48234,48244,10
13.0882101059,80.1787796021,48244,48254,10
13.0881996155,80.1790771484,48254,48285,31
13.0881996155,80.1790771484,48285,48295,10
13.0882196426,80.179359436,48295,48305,10
13.0881900787,80.1797790527,48305,48315,10
13.0881595612,80.1803817749,48315,48325,10
13.088139534,80.181022644,48325,48335,10
13.0881204605,80.1818389893,48335,48396,61
13.0881204605,80.1818389893,48396,48404,8
13.0880804062,80.182258606,48404,48416,12
13.0880403519,80.182800293,48416,48426,10
13.0880203247,80.1836013794,48426,48436,10
13.0879898071,80.1844711304,48436,48446,10
13.0880002975,80.184967041,48446,48456,10
13.0879898071,80.1851577759,48456,48466,10
13.0879602432,80.1854629517,48466,48476,10
13.0879402161,80.186050415,48476,48486,10
13.0879096985,80.1868515015,48486,48497,11
13.0878801346,80.1876602173,48497,48508,11
13.0878400803,80.188369751,48508,48518,10
13.0878095627,80.1891174316,48518,48528,10
13.087770462,80.1896896362,48528,48538,10
13.0877504349,80.1898193359,48538,48548,10
13.0877103806,80.1900863647,48548,48558,10
13.0875902176,80.1906509399,48558,48568,10
13.0875196457,80.1915130615,48568,48578,10
13.0873804092,80.1926803589,48578,48649,71
13.0873804092,80.1926803589,48649,48659,10
13.0873203278,80.193031311,48659,48669,10
13.0873098373,80.1936187744,48669,48679,10
13.0873098373,80.1943969727,48679,48689,10
13.0873098373,80.1951980591,48689,48700,11
13.0872802734,80.1961975098,48700,48710,10
13.0872497559,80.1971282959,48710,48720,10
13.087220192,80.1977005005,48720,48730,10
13.087220192,80.1977386475,48730,48740,10
13.0873098373,80.1982727051,48740,48760,20
13.0873098373,80.1982727051,48760,48770,10
13.0875797272,80.198387146,48770,48780,10
13.0881299973,80.1983795166,48780,48790,10
13.0889701843,80.198387146,48790,48800,10
13.0898399353,80.1984329224,48800,48811,11
13.0907897949,80.1985168457,48811,48821,10
13.0915203094,80.1986083984,48821,48831,10
13.0922803879,80.198638916,48831,48841,10
13.093000412,80.1987380981,48841,48851,10
13.0929603577,80.1992721558,48851,48861,10
13.0928897858,80.1999435425,48861,48871,10
13.0928096771,80.200592041,48871,48881,10
13.0925302505,80.2005996704,48881,48891,10
13.0918798447,80.2005996704,48891,48901,10
13.0911998749,80.2005767822,48901,48911,10
13.0906896591,80.2005386353,48911,48922,11
13.0899295807,80.2005386353,48922,48932,10
13.0891895294,80.2005233765,48932,48942,10
13.0885095596,80.2004928589,48942,48952,10
13.0876903534,80.2004928589,48952,48962,10
13.0874595642,80.2004928589,48962,48972,10
13.0871601105,80.2004394531,48972,48982,10
13.0868396759,80.2004318237,48982,48992,10
13.0862598419,80.2004013062,48992,49002,10
13.0857801437,80.2003936768,49002,49012,10
13.0857095718,80.2003936768,49012,49023,11
13.0853204727,80.2002334595,49023,49033,10
13.0853300095,80.1996994019,49033,49043,10
13.0853099823,80.1990280151,49043,49053,10
13.0852499008,80.1987609863,49053,49063,10
13.0850801468,80.1987380981,49063,49073,10
13.0846500397,80.1987380981,49073,49083,10
13.084230423,80.1986999512,49083,49093,10
13.0841302872,80.198677063,49093,49103,10
13.0837802887,80.1986694336,49103,49113,10
13.0834197998,80.1986999512,49113,49122,9
13.0831699371,80.1986694336,49122,49134,12
13.082909584,80.198638916,49134,49144,10
13.0825796127,80.1986465454,49144,49154,10
13.0820302963,80.1986618042,49154,49164,10
13.0814599991,80.1986465454,49164,49174,10
13.0808401108,80.1986465454,49174,49184,10
13.0801200867,80.1987228394,49184,49194,10
13.0793399811,80.1987991333,49194,49204,10
13.0785198212,80.1988525391,49204,49214,10
13.0776500702,80.1989822388,49214,49224,10
13.0767498016,80.1990890503,49224,49233,9
13.0759897232,80.199180603,49233,49245,12
13.0750198364,80.1993865967,49245,49255,10
13.0743303299,80.1997909546,49255,49265,10
13.0738201141,80.200302124,49265,49275,10
13.0737199783,80.2004394531,49275,49285,10
13.0736303329,80.2005233765,49285,49295,10
13.0734901428,80.200668335,49295,49305,10
13.0731096268,80.201133728,49305,49315,10
13.0728397369,80.2014694214,49315,49325,10
13.0726804733,80.2016677856,49325,49335,10
13.072520256,80.2018585205,49335,49346,11
13.0723400116,80.2021026611,49346,49356,10
13.0720701218,80.2023468018,49356,49366,10
13.0716400146,80.2028198242,49366,49376,10
13.0710697174,80.2034225464,49376,49386,10
13.0704898834,80.2041091919,49386,49396,10
13.070110321,80.2045822144,49396,49406,10
13.0699596405,80.2047805786,49406,49436,30
13.0699596405,80.2047805786,49436,49446,10
13.0697202682,80.2050323486,49446,49457,11
13.0692996979,80.2048721313,49457,49467,10
13.0689601898,80.205329895,49467,49477,10
13.0685501099,80.2054595947,49477,49487,10
13.0680999756,80.2054595947,49487,49497,10
13.0679397583,80.2052612305,49497,49547,50
13.0679397583,80.2052612305,49547,49557,10
13.0679302216,80.2051773071,49557,49568,11
13.0681600571,80.2049713135,49568,49578,10
13.0685796738,80.2048187256,49578,49588,10
13.0690498352,80.2046966553,49588,49598,10
13.0695495605,80.2047729492,49598,49608,10
13.0698099136,80.2049331665,49608,49618,10
13.0696601868,80.205406189,49618,49628,10
13.0692996979,80.2060394287,49628,49638,10
13.0688400269,80.2067489624,49638,49648,10
13.0683097839,80.2075881958,49648,49658,10
13.0677204132,80.2084884644,49658,49669,11
13.0670204163,80.2095489502,49669,49679,10
13.066160202,80.2104492188,49679,49689,10
13.0652999878,80.2111129761,49689,49699,10
13.0650596619,80.2113037109,49699,49709,10
13.0649900436,80.2113418579,49709,49719,10
13.0646400452,80.2115402222,49719,49729,10
13.0642004013,80.2116775513,49729,49739,10
13.0640096664,80.211730957,49739,49749,10
13.0638198853,80.2117080688,49749,49759,10
13.0634498596,80.2117080688,49759,49769,10
13.0628404617,80.2117385864,49769,49780,11
13.0623598099,80.2118301392,49780,49790,10
13.0618696213,80.2117996216,49790,49799,9
13.0613002777,80.2117919922,49799,49810,11
13.060500145,80.211730957,49810,49820,10
13.0596504211,80.2116928101,49820,49830,10
13.0589504242,80.2116622925,49830,49840,10
13.0583896637,80.2116394043,49840,49850,10
13.0579004288,80.2116165161,49850,49860,10
13.0576601028,80.2116165161,49860,49870,10
13.0575799942,80.2116394043,49870,49879,9
13.057220459,80.2116165161,49879,49891,12
13.0564699173,80.2116012573,49891,49901,10
13.0556497574,80.2116012573,49901,49911,10
13.0547895432,80.2115707397,49911,49921,10
13.0534095764,80.2118530273,49921,49931,10
13.0534095764,80.2118530273,49931,49941,10
13.0525398254,80.2121124268,49941,49951,10
13.0515699387,80.2122573853,49951,49971,20
13.0500802994,80.2121505737,49971,49981,10
13.0496101379,80.2121810913,49981,50012,31
13.0493001938,80.2121276855,50012,50022,10
13.0493001938,80.2121276855,50022,50032,10
13.0487499237,80.2121582031,50032,50041,9
13.0480604172,80.2122192383,50041,50052,11
13.0470399857,80.2122879028,50052,50062,10
13.0459403992,80.2123413086,50062,50072,10
13.0450401306,80.2124023438,50072,50082,10
13.0444002151,80.2124176025,50082,50092,10
13.0439395905,80.2123794556,50092,50103,11
13.0431604385,80.212387085,50103,50113,10
13.0424098969,80.2124023438,50113,50123,10
13.0416297913,80.212387085,50123,50133,10
13.0406999588,80.2123794556,50133,50143,10
13.0396900177,80.2124023438,50143,50153,10
13.0386896133,80.2124023438,50153,50163,10
13.0379695892,80.2124099731,50163,50173,10
13.0375299454,80.212387085,50173,50254,81
13.0375299454,80.212387085,50254,50264,10
13.0371704102,80.2123413086,50264,50274,10
13.0366096497,80.2123184204,50274,50284,10
13.0359096527,80.2123184204,50284,50294,10
13.035200119,80.2122879028,50294,50303,9
13.0349702835,80.2122573853,50303,50315,12
13.0342597961,80.2121200562,50315,50335,20
13.0342597961,80.2121200562,50335,50345,10
13.0341596603,80.2120132446,50345,50355,10
13.0339202881,80.2120132446,50355,50365,10
13.033780098,80.2119827271,50365,50375,10
13.0333099365,80.2118988037,50375,50385,10
13.0326004028,80.2117767334,50385,50395,10
13.0319700241,80.2115097046,50395,50405,10
13.0320301056,80.2108306885,50405,50415,10
13.0320997238,80.2101593018,50415,50426,11
13.0319004059,80.2096099854,50426,50436,10
13.0312204361,80.2094268799,50436,50446,10
13.030670166,80.2092895508,50446,50456,10
13.0304698944,80.2092285156,50456,50466,10
13.0300197601,80.2090835571,50466,50476,10
13.029540062,80.2089309692,50476,50486,10
13.0295000076,80.2089233398,50486,50496,10
13.0292100906,80.2088165283,50496,50506,10
13.0285902023,80.208656311,50506,50516,10
13.0278196335,80.2084197998,50516,50526,10
13.0271100998,80.2080230713,50526,50537,11
13.0262002945,80.2074737549,50537,50547,10
13.0251903534,80.207069397,50547,50557,10
13.0243501663,80.2069168091,50557,50567,10
13.0242595673,80.2069015503,50567,50577,10
13.0240402222,80.2068099976,50577,50587,10
13.0235900879,80.2067184448,50587,50597,10
13.0229101181,80.2065811157,50597,50607,10
13.0221700668,80.2064590454,50607,50617,10
13.0218000412,80.2064437866,50617,50627,10
13.0215797424,80.2064285278,50627,50636,9
13.0211200714,80.2064437866,50636,50648,12
13.0202102661,80.206451416,50648,50658,10
13.0191001892,80.2063598633,50658,50678,20
13.0191001892,80.2063598633,50678,50688,10
13.018989563,80.2063293457,50688,50698,10
13.0184898376,80.2061309814,50698,50708,10
13.0178403854,80.2059020996,50708,50718,10
13.0176296234,80.2058105469,50718,50728,10
13.0172796249,80.2056503296,50728,50738,10
13.0168199539,80.2054290771,50738,50749,11
13.0159397125,80.2051010132,50749,50759,10
13.0149803162,80.2048187256,50759,50769,10
13.0142602921,80.2045822144,50769,50779,10
13.0141897202,80.2045593262,50779,50789,10
13.0138301849,80.2044296265,50789,50799,10
13.0135698318,80.2045288086,50799,50809,10
13.013420105,80.2049789429,50809,50819,10
13.0131998062,80.2056808472,50819,50829,10
13.0130300522,80.2065505981,50829,50839,10
13.012960434,80.2074432373,50839,50849,10
13.0128698349,80.2079315186,50849,50860,11
13.0128898621,80.2084503174,50860,50870,10
13.0129098892,80.2087631226,50870,50880,10
13.0130300522,80.2093734741,50880,50890,10
13.0131101608,80.2099609375,50890,50900,10
13.0129995346,80.2108001709,50900,50910,10
13.0125999451,80.2116699219,50910,50920,10
13.012140274,80.2124481201,50920,50930,10
13.011879921,80.2128067017,50930,50940,10
13.0115804672,80.2126464844,50940,50950,10
13.0109500885,80.2121505737,50950,51001,51
13.0109500885,80.2121505737,51001,51011,10
13.0106801987,80.2119369507,51011,51021,10
13.0104703903,80.2117767334,51021,51031,10
13.0101604462,80.2115325928,51031,51092,61
13.0101604462,80.2115325928,51092,51102,10
13.0098600388,80.2112808228,51102,51122,20
13.0098600388,80.2112808228,51122,51132,10
13.0095300674,80.2110595703,51132,51162,30
13.0095300674,80.2110595703,51162,51172,10
13.0092201233,80.2111816406,51172,51183,11
13.0092201233,80.2111968994,51183,51193,10
13.0090799332,80.2113876343,51193,51203,10
13.0090198517,80.2115707397,51203,51213,10
13.0091104507,80.2119216919,51213,51223,10
13.0092697144,80.2124099731,51223,51233,10
13.0094404221,80.2129211426,51233,51243,10
13.0096302032,80.213432312,51243,51253,10
13.0098304749,80.2139587402,51253,51263,10
13.0100898743,80.2146224976,51263,51273,10
13.0102100372,80.2154769897,51273,51283,10
13.0105695724,80.2164382935,51283,51294,11
13.0111103058,80.217590332,51294,51304,10
13.0115299225,80.2187271118,51304,51314,10
13.0119199753,80.2199401855,51314,51324,10
13.0122499466,80.221031189,51324,51334,10
13.0123996735,80.2214126587,51334,51344,10
13.0125799179,80.2218170166,51344,51354,10
13.0129995346,80.222366333,51354,51364,10
13.0135202408,80.2229995728,51364,51374,10
13.0140600204,80.2236099243,51374,51384,10
13.0145301819,80.2240905762,51384,51395,11
13.0150003433,80.2246170044,51395,51405,10
13.0153598785,80.2250366211,51405,51415,10
13.0154495239,80.2254562378,51415,51425,10
13.0152301788,80.2258682251,51425,51435,10
13.0146999359,80.2260894775,51435,51445,10
13.0140304565,80.226348877,51445,51455,10
13.0131998062,80.2266464233,51455,51465,10
13.0123901367,80.2269668579,51465,51475,10
13.0116195679,80.2272567749,51475,51485,10
13.0107498169,80.2276306152,51485,51495,10
13.0100097656,80.2279281616,51495,51506,11
13.0094804764,80.2276916504,51506,51516,10
13.00963974,80.2272720337,51516,51526,10
13.0099401474,80.2266235352,51526,51536,10
13.0102396011,80.2258682251,51536,51546,10
13.0105104446,80.2252502441,51546,51556,10
13.010720253,80.2248077393,51556,51566,10
13.0109100342,80.2242889404,51566,51576,10
13.0110797882,80.2238693237,51576,51586,10
13.0111999512,80.2235565186,51586,51596,10
13.0112400055,80.2231674194,51596,51606,10
13.0109100342,80.2229919434,51606,51617,11
13.0102701187,80.2226715088,51617,51627,10
13.0095396042,80.2222671509,51627,51637,10
13.0088596344,80.2219009399,51637,51647,10
13.0081300735,80.2215118408,51647,51657,10
13.0073404312,80.2210617065,51657,51667,10
13.0065002441,80.2206497192,51667,51677,10
13.0055103302,80.2204284668,51677,51687,10
13.0045995712,80.2202224731,51687,51697,10
13.0037899017,80.2200164795,51697,51707,10
13.0029697418,80.2197799683,51707,51718,11
13.0021400452,80.2191619873,51718,51728,10
13.0014600754,80.2185287476,51728,51738,10
13.0007600784,80.2180480957,51738,51748,10
13.0001401901,80.2176513672,51748,51758,10
12.9993801117,80.2171707153,51758,51768,10
12.9984302521,80.2166976929,51768,51778,10
12.9974803925,80.2164916992,51778,51788,10
12.9973402023,80.2164916992,51788,51798,10
12.9971904755,80.216506958,51798,51808,10
12.9966201782,80.2165222168,51808,51817,9
12.9961299896,80.2165985107,51817,51829,12
12.9958496094,80.2166900635,51829,51839,10
12.9957399368,80.2167510986,51839,51849,10
12.9954996109,80.2168197632,51849,51859,10
12.9953699112,80.2168807983,51859,51869,10
12.9950895309,80.2170333862,51869,51889,20
12.9950895309,80.2170333862,51889,51899,10
12.9949598312,80.2171020508,51899,51909,10
12.9947595596,80.2172470093,51909,51919,10
12.9942998886,80.217628479,51919,51928,9
12.9937400818,80.2180480957,51928,51940,12
12.9928998947,80.2186584473,51940,51950,10
12.9921197891,80.2192382813,51950,51960,10
12.9917201996,80.2195587158,51960,51970,10
12.9913301468,80.219619751,51970,51980,10
12.9910202026,80.2194595337,51980,51990,10
12.9909200668,80.2194137573,51990,52000,10
12.990480423,80.2192382813,52000,52010,10
12.9897699356,80.21900177,52010,52020,10
12.9889698029,80.2186889648,52020,52030,10
12.9879999161,80.218421936,52030,52041,11
12.9868803024,80.2182006836,52041,52051,10
12.9857797623,80.2179412842,52051,52061,10
12.9846200943,80.2179031372,52061,52071,10
12.9839000702,80.2179489136,52071,52081,10
12.9838695526,80.2179412842,52081,52091,10
12.9835796356,80.217956543,52091,52101,10
12.9829702377,80.217956543,52101,52111,10
12.9821796417,80.2179489136,52111,52121,10
12.9812498093,80.2180786133,52121,52131,10
12.9804496765,80.2183380127,52131,52141,10
12.9799804688,80.2185211182,52141,52152,11
12.9793701172,80.2187805176,52152,52162,10
12.9787797928,80.219039917,52162,52172,10
12.9782800674,80.21925354,52172,52182,10
12.9775104523,80.2195587158,52182,52192,10
12.9765901566,80.2199630737,52192,52202,10
12.9756402969,80.2203979492,52202,52283,81
12.9756402969,80.2203979492,52283,52293,10
12.9754695892,80.2206268311,52293,52303,10
12.975569725,80.2208099365,52303,52313,10
12.9760398865,80.2211380005,52313,52485,172
12.9764204025,80.2211914063,52485,52606,121
12.9764204025,80.2211914063,52606,52616,10
12.9767398834,80.2212600708,52616,52626,10
12.977230072,80.221282959,52626,52636,10
12.977930069,80.221206665,52636,52646,10
12.9787797928,80.2211380005,52646,52656,10
12.9797000885,80.2210922241,52656,52666,10
12.9805002213,80.2210083008,52666,52676,10
12.9813203812,80.2211532593,52676,52686,10
12.981880188,80.2215194702,52686,52697,11
12.9822902679,80.2217483521,52697,52707,10
12.9829101563,80.2219467163,52707,52727,20
12.9829101563,80.2219467163,52727,52737,10
12.9832696915,80.2221832275,52737,52747,10
12.9836702347,80.2224502563,52747,52757,10
12.9840698242,80.2227096558,52757,52767,10
12.9844198227,80.2229537964,52767,52777,10
12.9849100113,80.2231826782,52777,52787,10
12.9854402542,80.2231674194,52787,52798,11
12.9859399796,80.2229690552,52798,52808,10
12.986410141,80.2229614258,52808,52818,10
12.9865398407,80.2229614258,52818,52828,10
12.9868602753,80.2230529785,52828,52838,10
12.9874200821,80.2230834961,52838,52848,10
12.9881296158,80.2227325439,52848,52858,10
12.9887304306,80.2221908569,52858,52868,10
12.9891300201,80.2216873169,52868,52878,10
12.9892196655,80.2216110229,52878,52888,10
12.9895601273,80.2211990356,52888,52898,10
12.9905195236,80.2202987671,52898,52919,21
12.9905195236,80.2202987671,52919,52929,10
12.990819931,80.2200698853,52929,52939,10
12.9912595749,80.2197189331,52939,52949,10
12.9919300079,80.2192306519,52949,52959,10
12.9926395416,80.2187423706,52959,52969,10
12.9934301376,80.2181625366,52969,52979,10
12.9940299988,80.2177200317,52979,52989,10
12.9945497513,80.2173309326,52989,52999,10
12.9952201843,80.2168884277,52999,53009,10
12.9959402084,80.2166213989,53009,53020,11
12.9968700409,80.2165222168,53020,53030,10
12.9973897934,80.2161483765,53030,53040,10
12.9975004196,80.2160720825,53040,53050,10
12.9977703094,80.2158584595,53050,53060,10
12.9982004166,80.2154693604,53060,53070,10
12.9988098145,80.2149429321,53070,53080,10
12.9991998672,80.2146377563,53080,53090,10
12.9995603561,80.2143325806,53090,53100,10
13.0000200272,80.2139282227,53100,53110,10
13.0005702972,80.2134170532,53110,53121,11
13.0012903214,80.2128601074,53121,53131,10
13.0019798279,80.2124023438,53131,53141,10
13.0023202896,80.2121963501,53141,53151,10
13.002790451,80.2120666504,53151,53161,10
13.0034799576,80.212020874,53161,53171,10
13.0036497116,80.2113494873,53171,53181,10
13.0036001205,80.2105789185,53181,53191,10
13.0035104752,80.2098388672,53191,53201,10
13.0035800934,80.2091293335,53201,53211,10
13.0038604736,80.2086105347,53211,53221,10
13.0045404434,80.2088699341,53221,53232,11
13.0053596497,80.2092208862,53232,53242,10
13.0058498383,80.2093963623,53242,53252,10
13.0060100555,80.2094802856,53252,53262,10
13.0062303543,80.2095565796,53262,53272,10
13.0063800812,80.2095870972,53272,53282,10
13.006770134,80.2097167969,53282,53292,10
13.0072498322,80.209777832,53292,53331,39
13.0072498322,80.209777832,53331,53343,12
13.0076198578,80.2098770142,53343,53353,10
13.0078802109,80.2099304199,53353,53363,10
13.0078897476,80.2099304199,53363,53373,10
13.0081596375,80.2099227905,53373,53383,10
13.008099556,80.2095184326,53383,53393,10
13.0079898834,80.2088165283,53393,53403,10
13.0078697205,80.2080307007,53403,53413,10
13.0077400208,80.2071914673,53413,53423,10
13.0076398849,80.2064285278,53423,53433,10
13.0075397491,80.205619812,53433,53444,11
13.0074996948,80.2048187256,53444,53454,10
13.0074901581,80.2042617798,53454,53464,10
13.0074195862,80.2035522461,53464,53474,10
13.007229805,80.2026824951,53474,53484,10
13.0065898895,80.2026824951,53484,53494,10
13.0066795349,80.2032623291,53494,53504,10
13.0071697235,80.2035675049,53504,53514,10
13.0079402924,80.2037124634,53514,53524,10
13.0089597702,80.2036514282,53524,53534,10
13.0101699829,80.2035980225,53534,53544,10
13.0114603043,80.2036895752,53544,53555,11
13.0128498077,80.203918457,53555,53565,10
13.0138301849,80.2042388916,53565,53575,10
13.0147800446,80.204536438,53575,53585,10
13.015080452,80.2046432495,53585,53595,10
13.01541996,80.2047576904,53595,53605,10
13.0158596039,80.2049179077,53605,53615,10
13.0166196823,80.2052078247,53615,53625,10
13.0171403885,80.2054290771,53625,53635,10
13.0179195404,80.2056808472,53635,53645,10
13.0186500549,80.205909729,53645,53655,10
13.0187501907,80.2059402466,53655,53666,11
13.019080162,80.2060775757,53666,53676,10
13.0197000504,80.2062606812,53676,53686,10
13.0205202103,80.2063217163,53686,53696,10
13.0214300156,80.2063064575,53696,53706,10
13.0223398209,80.2063827515,53706,53716,10
13.0232601166,80.2065429688,53716,53726,10
13.0240802765,80.2066574097,53726,53736,10
13.0248498917,80.2068405151,53736,53746,10
13.0256996155,80.207069397,53746,53756,10
13.0264997482,80.2075195313,53756,53767,11
13.0274000168,80.2080688477,53767,53777,10
13.0282802582,80.2084884644,53777,53787,10
13.0290899277,80.2086791992,53787,53797,10
13.0295801163,80.208770752,53797,53807,10
13.0297002792,80.2088470459,53807,53817,10
13.02987957,80.2089004517,53817,53827,10
13.0302095413,80.2089920044,53827,53837,10
13.0307998657,80.2091369629,53837,53847,10
13.0314903259,80.2093582153,53847,53857,10
13.0315799713,80.2094192505,53857,53867,10
13.0319299698,80.2095489502,53867,53878,11
13.0326900482,80.2096862793,53878,53888,10
13.0334997177,80.2098083496,53888,53898,10
13.0343999863,80.2099990845,53898,53908,10
13.0350103378,80.2102966309,53908,53918,10
13.0349702835,80.2111968994,53918,53938,20
13.0349702835,80.2111968994,53938,53948,10
13.0349397659,80.2113571167,53948,53958,10
13.0348796844,80.2118911743,53958,53978,20
13.0348796844,80.2118911743,53978,53989,11
13.0349798203,80.2120895386,53989,53999,10
13.0354003906,80.2122192383,53999,54009,10
13.0360803604,80.2122421265,54009,54019,10
13.0367803574,80.2122573853,54019,54029,10
13.0369300842,80.2122573853,54029,54039,10
13.0373697281,80.212272644,54039,54049,10
13.0380601883,80.212272644,54049,54059,10
13.0389699936,80.2122802734,54059,54069,10
13.0400104523,80.212272644,54069,54079,10
13.0412101746,80.2123184204,54079,54090,11
13.0425701141,80.2123031616,54090,54100,10
13.0434999466,80.2122192383,54100,54140,40
13.0434999466,80.2122192383,54140,54150,10
13.0437498093,80.2122573853,54150,54160,10
13.0438899994,80.2122421265,54160,54170,10
13.0443496704,80.2122268677,54170,54180,10
13.0449399948,80.2122268677,54180,54190,10
13.0457296371,80.2122192383,54190,54201,11
13.0466995239,80.2121887207,54201,54211,10
13.0475502014,80.2120895386,54211,54221,10
13.0483398438,80.2120437622,54221,54231,10
13.048500061,80.2120132446,54231,54241,10
13.0485401154,80.2119903564,54241,54251,10
13.0489702225,80.2119827271,54251,54261,10
13.0495996475,80.2119293213,54261,54271,10
13.0500402451,80.2119369507,54271,54281,10
13.0506000519,80.2119827271,54281,54291,10
13.051320076,80.2120437622,54291,54301,10
13.0520496368,80.2119903564,54301,54312,11
13.0527801514,80.2118377686,54312,54322,10
13.0535497665,80.2116394043,54322,54332,10
13.0544204712,80.2114334106,54332,54342,10
13.0552597046,80.2114334106,54342,54352,10
13.0564603806,80.21144104,54352,54362,10
13.0573596954,80.21144104,54362,54372,10
13.0582399368,80.2114562988,54372,54381,9
13.0589399338,80.2114562988,54381,54392,11
13.0598497391,80.2115097046,54392,54402,10
13.0608196259,80.2115478516,54402,54413,11
13.061630249,80.2116012573,54413,54423,10
13.0623102188,80.2115936279,54423,54433,10
13.062959671,80.2115020752,54433,54443,10
13.0630903244,80.2114868164,54443,54453,10
13.0632696152,80.211479187,54453,54463,10
13.0633296967,80.211479187,54463,54473,10
13.0637397766,80.2114868164,54473,54483,10
13.0643796921,80.2113876343,54483,54493,10
13.0650997162,80.2110366821,54493,54503,10
13.0657901764,80.2105178833,54503,54513,10
13.0665302277,80.2098693848,54513,54524,11
13.0671901703,80.2090682983,54524,54534,10
13.0676898956,80.2082366943,54534,54544,10
13.0682096481,80.2074203491,54544,54554,10
13.0686502457,80.2066879272,54554,54564,10
13.0690698624,80.2060394287,54564,54574,10
13.0693397522,80.2056121826,54574,54584,10
13.0693702698,80.2055511475,54584,54594,10
13.0693702698,80.2055130005,54594,54604,10
13.0694999695,80.205291748,54604,54614,10
13.0696401596,80.2050323486,54614,54624,10
13.0695295334,80.2048110962,54624,54635,11
13.0691404343,80.2050170898,54635,54645,10
13.0688495636,80.2052612305,54645,54655,10
13.0687198639,80.2051010132,54655,54724,69
13.0687198639,80.2051010132,54724,54736,12
13.068810463,80.2048721313,54736,54746,10
13.0691900253,80.2047195435,54746,54756,10
13.0695896149,80.204788208,54756,54766,10
13.0698003769,80.2048034668,54766,54776,10
13.0700302124,80.2045974731,54776,54786,10
13.070400238,80.2041320801,54786,54796,10
13.0708999634,80.2035217285,54796,54805,9
13.0713596344,80.2029418945,54805,54816,11
13.0715999603,80.2025909424,54816,54826,10
13.0717601776,80.2024765015,54826,54836,10
13.0717897415,80.2024383545,54836,54847,11
13.0718898773,80.2022705078,54847,54857,10
13.0720100403,80.2021026611,54857,54867,10
13.0720100403,80.2020874023,54867,54877,10
13.0722198486,80.2019119263,54877,54887,10
13.0724697113,80.2016525269,54887,54897,10
13.0728597641,80.2011795044,54897,54907,10
13.0732603073,80.200668335,54907,54917,10
13.0736904144,80.2002410889,54917,54927,10
13.0740804672,80.1997680664,54927,54936,9
13.0743503571,80.1995162964,54936,54947,11
13.0743598938,80.199508667,54947,54958,11
13.0744695663,80.1994018555,54958,54968,10
13.0748996735,80.1991577148,54968,54978,10
13.0756397247,80.1990509033,54978,54988,10
13.07654953,80.1990127563,54988,54998,10
13.0775604248,80.1989212036,54998,55008,10
13.0785999298,80.1987915039,55008,55018,10
13.0795402527,80.1986999512,55018,55028,10
13.0804100037,80.1986083984,55028,55038,10
13.0812397003,80.1985473633,55038,55048,10
13.0819196701,80.1985168457,55048,55059,11
13.0826597214,80.1984634399,55059,55069,10
13.0833301544,80.1984405518,55069,55079,10
13.0838003159,80.1984176636,55079,55089,10
13.0840301514,80.1984176636,55089,55099,10
13.0843601227,80.1984405518,55099,55109,10
13.0848302841,80.1984329224,55109,55119,10
13.0851097107,80.1984100342,55119,55129,10
13.0854597092,80.1984024048,55129,55139,10
13.0857400894,80.1983718872,55139,55149,10
13.0862598419,80.1983566284,55149,55158,9
13.0867595673,80.198387146,55158,55170,12
13.0869998932,80.1982574463,55170,55180,10
13.0870599747,80.1980819702,55180,55190,10
13.0871295929,80.1979827881,55190,55200,10
13.0871696472,80.197517395,55200,55210,10
13.0871896744,80.1967926025,55210,55220,10
13.0872001648,80.195892334,55220,55230,10
13.087220192,80.1949234009,55230,55240,10
13.0872497559,80.193939209,55240,55250,10
13.0872802734,80.1929168701,55250,55260,10
13.0873498917,80.1921768188,55260,55271,11
13.0874500275,80.1914978027,55271,55281,10
13.0875396729,80.1907196045,55281,55291,10
13.0876398087,80.1899490356,55291,55301,10
13.0877103806,80.188949585,55301,55321,20
13.0877103806,80.188949585,55321,55331,10
13.0877599716,80.1882629395,55331,55382,51
13.0877599716,80.1882629395,55382,55392,10
13.0877895355,80.1879425049,55392,55402,10
13.0878295898,80.1874008179,55402,55412,10
13.0878696442,80.1868896484,55412,55422,10
13.0878896713,80.1861419678,55422,55432,10
13.0879402161,80.1847381592,55432,55442,10
13.0879402161,80.1847381592,55442,55452,10
13.0879602432,80.1838912964,55452,55461,9
13.0880098343,80.1830596924,55461,55475,14
13.088060379,80.1818618774,55475,55487,12
13.0881004333,80.1806793213,55487,55497,10
13.0881099701,80.1796112061,55497,55557,60
13.0881099701,80.1796112061,55557,55567,10
13.0881500244,80.1791915894,55567,55577,10
13.088139534,80.1788864136,55577,55587,10
13.0881299973,80.1787872314,55587,55598,11
13.0881595612,80.1783218384,55598,55608,10
13.0881795883,80.1776123047,55608,55618,10
13.0881900787,80.1768493652,55618,55628,10
13.0882501602,80.1759185791,55628,55638,10
13.0883197784,80.1748199463,55638,55648,10
13.0884103775,80.1738586426,55648,55658,10
13.0884599686,80.1728820801,55658,55668,10
13.0884895325,80.1720123291,55668,55678,10
13.0884895325,80.1718215942,55678,55688,10
13.0885295868,80.1716918945,55688,55697,9
13.0885601044,80.1712265015,55697,55709,12
13.0886201859,80.1698684692,55709,55769,60
13.0886201859,80.1698684692,55769,55779,10
13.0886001587,80.1696472168,55779,55789,10
13.0890102386,80.1694564819,55789,55798,9
13.0896902084,80.1695175171,55798,55810,12
13.0907297134,80.169593811,55810,55820,10
13.0909500122,80.1696014404,55820,55830,10
13.0913200378,80.169631958,55830,55840,10
13.0918598175,80.169670105,55840,55850,10
13.0925502777,80.169708252,55850,55860,10
13.0932798386,80.1697769165,55860,55870,10
13.0939502716,80.1698074341,55870,55880,10
13.0944795609,80.1698226929,55880,55890,10
13.0947599411,80.1698379517,55890,55900,10
13.0949897766,80.1698532104,55900,55910,10
13.0954904556,80.169883728,55910,55921,11
13.096329689,80.1699066162,55921,55931,10
13.0972003937,80.169960022,55931,55941,10
13.0978298187,80.1700134277,55941,55951,10
13.0985002518,80.1700363159,55951,55961,10
13.0992498398,80.1700897217,55961,55971,10
13.0996599197,80.1698226929,55971,56011,40
13.0996103287,80.1696929932,56011,56062,51
13.0996103287,80.1696929932,56062,56072,10
13.0993900299,80.1696777344,56072,56082,10
13.0991601944,80.1696166992,56082,56092,10
13.0989303589,80.1696777344,56092,56102,10
13.0988302231,80.1695404053,56102,56112,10
13.0990800858,80.1695404053,56112,56122,10
13.0993204117,80.1696090698,56122,56133,11
13.0996398926,80.1697311401,56133,56193,60
13.0996398926,80.1697311401,56193,56203,10
13.0994300842,80.1700897217,56203,56244,41
13.0994300842,80.1700897217,56244,56254,10
13.0991897583,80.170211792,56254,56264,10
13.0991697311,80.170211792,56264,56274,10
13.0987997055,80.170173645,56274,56284,10
13.0981998444,80.1701202393,56284,56294,10
13.0979700089,80.1700973511,56294,56304,10
13.0977602005,80.1701126099,56304,56314,10
13.0972299576,80.1700592041,56314,56324,10
13.096449852,80.1700286865,56324,56334,10
13.095580101,80.1699829102,56334,56344,10
13.094909668,80.1699295044,56344,56355,11
13.0947504044,80.1699371338,56355,56365,10
13.0944795609,80.1698989868,56365,56375,10
13.0940799713,80.1698532104,56375,56385,10
13.0933504105,80.1697998047,56385,56395,10
13.0924396515,80.1697616577,56395,56405,10
13.091460228,80.169708252,56405,56415,10
13.0904798508,80.1696472168,56415,56425,10
13.0895795822,80.1696014404,56425,56435,10
13.0889596939,80.1695632935,56435,56476,41
13.0889596939,80.1695632935,56476,56486,10
13.0888996124,80.1695404053,56486,56496,10
13.0887002945,80.1698379517,56496,56506,10
13.0886497498,80.1704711914,56506,56516,10
13.0886001587,80.1711578369,56516,56526,10
13.0885601044,80.1718826294,56526,56536,10
13.08852005,80.1719970703,56536,56546,10
13.0885000229,80.172416687,56546,56556,10
13.0884599686,80.1731796265,56556,56567,11
13.0884103775,80.174118042,56567,56577,10
13.0883703232,80.174987793,56577,56587,10
13.0882997513,80.1759490967,56587,56597,10
13.0882501602,80.1769790649,56597,56607,10
13.0882196426,80.1777420044,56607,56617,10
13.0882196426,80.1784820557,56617,56627,10
13.0882196426,80.1785964966,56627,56637,10
13.0881996155,80.1786804199,56637,56647,10
13.0881996155,80.178817749,56647,56656,9
13.0881996155,80.1790390015,56656,56668,12
13.0881795883,80.1797485352,56668,56678,10
13.0881595612,80.1806335449,56678,56688,10
13.0881204605,80.1815338135,56688,56698,10
13.0880804062,80.1823425293,56698,56708,10
13.0880298615,80.1831893921,56708,56718,10
13.0879802704,80.1841964722,56718,56727,9
13.0879402161,80.1851425171,56727,56738,11
13.0879497528,80.1853866577,56738,56748,10
13.0879497528,80.1856079102,56748,56758,10
13.0879602432,80.1861724854,56758,56768,10
13.0879402161,80.1870117188,56768,56779,11
13.0879297256,80.187713623,56779,56789,10
13.0879001617,80.1878433228,56789,56799,10
13.0878896713,80.1882019043,56799,56809,10
13.0878696442,80.1887283325,56809,56819,10
13.0878200531,80.1896972656,56819,56839,20
13.0878200531,80.1896972656,56839,56849,10
13.0877199173,80.190032959,56849,56859,10
13.0876197815,80.1906204224,56859,56869,10
13.0875301361,80.1914367676,56869,56879,10
13.0874204636,80.1926422119,56879,56920,41
13.0874204636,80.1926422119,56920,56930,10
13.0874099731,80.1928329468,56930,56940,10
13.087389946,80.1932220459,56940,56950,10
13.0873498917,80.193939209,56950,56960,10
13.0873298645,80.1948318481,56960,56970,10
13.087269783,80.1957397461,56970,56980,10
13.0872402191,80.1968002319,56980,56991,11
13.087220192,80.197807312,56991,57001,10
13.087220192,80.1979217529,57001,57011,10
13.087269783,80.1982879639,57011,57021,10
13.0874700546,80.1984100342,57021,57031,10
13.0878601074,80.1984176636,57031,57041,10
13.0883903503,80.1984100342,57041,57051,10
13.0891704559,80.1984100342,57051,57071,20
13.0891704559,80.1984100342,57071,57081,10
13.0894498825,80.1984100342,57081,57091,10
13.0900497437,80.1984710693,57091,57102,11
13.090959549,80.1985473633,57102,57112,10
13.0919103622,80.1986236572,57112,57122,10
13.0928697586,80.1986236572,57122,57132,10
13.0929498672,80.1991500854,57132,57142,10
13.0929098129,80.1999130249,57142,57152,10
13.092880249,80.200592041,57152,57162,10
13.0923995972,80.200592041,57162,57172,10
13.0916204453,80.2005462646,57172,57182,10
13.0907201767,80.2005081177,57182,57192,10
13.0897397995,80.2004928589,57192,57202,10
13.0888595581,80.2004470825,57202,57213,11
13.0878200531,80.2004470825,57213,57223,10
13.086979866,80.2003936768,57223,57233,10
13.0864295959,80.2003631592,57233,57243,10
13.085729599,80.2003631592,57243,57253,10
13.0852603912,80.2002563477,57253,57263,10
13.0852899551,80.199760437,57263,57273,10
13.0853204727,80.1989822388,57273,57283,10
13.084980011,80.1987380981,57283,57293,10
13.0843601227,80.1987304688,57293,57303,10
13.0841302872,80.1987075806,57303,57314,11
13.0839099884,80.1986923218,57314,57324,10
13.0834903717,80.1986923218,57324,57334,10
13.0833997726,80.1986923218,57334,57344,10
13.0831403732,80.198677063,57344,57354,10
13.0827503204,80.1986465454,57354,57364,10
13.0822696686,80.1986465454,57364,57374,10
13.0819702148,80.1986618042,57374,57384,10
13.0814599991,80.1986694336,57384,57394,10
13.0808095932,80.1986694336,57394,57404,10
13.0800895691,80.1987075806,57404,57414,10
13.0793399811,80.1987762451,57414,57425,11
13.078499794,80.1988601685,57425,57435,10
13.0778102875,80.1989517212,57435,57445,10
13.0771398544,80.1990432739,57445,57455,10
13.0764503479,80.1991271973,57455,57465,10
13.0756797791,80.1992263794,57465,57475,10
13.0747900009,80.1995010376,57475,57485,10
13.0740804672,80.1999969482,57485,57495,10
13.0737600327,80.200340271,57495,57505,10
13.0736598969,80.2005081177,57505,57515,10
13.0735702515,80.200630188,57515,57526,11
13.0731601715,80.2011108398,57526,57536,10
13.0726499557,80.2017211914,57536,57546,10
13.0723104477,80.2021636963,57546,57556,10
13.0718698502,80.2026367188,57556,57566,10
13.0713396072,80.2032470703,57566,57576,10
13.0707397461,80.2039031982,57576,57586,10
13.0702104568,80.2045516968,57586,57596,10
13.0700101852,80.2048721313,57596,57637,41
13.0700101852,80.2048721313,57637,57647,10
13.0698604584,80.2051315308,57647,57657,10
13.0695800781,80.2049636841,57657,57667,10
13.0692901611,80.205039978,57667,57677,10
13.0690402985,80.2054519653,57677,57687,10
13.0686903,80.2054977417,57687,57697,10
13.0683498383,80.2055130005,57697,57707,10
13.067990303,80.205406189,57707,57768,61
13.067990303,80.205406189,57768,57778,10
13.0680103302,80.2051086426,57778,57788,10
13.0682897568,80.2050323486,57788,57798,10
13.0686597824,80.2048721313,57798,57808,10
13.0690202713,80.2047424316,57808,57817,9
13.0693502426,80.2047576904,57817,57828,11
13.0697698593,80.2049331665,57828,57859,31
13.0697698593,80.2049331665,57859,57869,10
13.0697202682,80.2053604126,57869,57879,10
13.0693902969,80.2058868408,57879,57889,10
13.0689496994,80.2065734863,57889,57899,10
13.0684700012,80.2073516846,57899,57909,10
13.0678901672,80.2082290649,57909,57919,10
13.0672798157,80.2092132568,57919,57929,10
13.0666303635,80.2101516724,57929,57939,10
13.0656995773,80.2109375,57939,57949,10
13.0651702881,80.2113265991,57949,57960,11
13.065079689,80.2113876343,57960,57970,10
13.0648899078,80.2115020752,57970,57980,10
13.0643901825,80.2117080688,57980,57990,10
13.0638198853,80.2117767334,57990,58030,40
13.0638198853,80.2117767334,58030,58040,10
13.0635299683,80.211769104,58040,58050,10
13.0630302429,80.2118301392,58050,58060,10
13.0623397827,80.2118606567,58060,58071,11
13.0615301132,80.2117614746,58071,58081,10
13.0606298447,80.2117614746,58081,58091,10
13.059630394,80.2117004395,58091,58101,10
13.058549881,80.2116622925,58101,58111,10
13.0577001572,80.2116928101,58111,58121,10
13.0575504303,80.2116775513,58121,58131,10
13.0573301315,80.2116622925,58131,58141,10
13.056810379,80.2116470337,58141,58151,10
13.0560798645,80.2116165161,58151,58161,10
13.0551996231,80.2116012573,58161,58171,10
13.054599762,80.2116165161,58171,58182,11
13.0545902252,80.2116165161,58182,58192,10
13.0544500351,80.2116317749,58192,58202,10
13.0541601181,80.2116928101,58202,58212,10
13.0536203384,80.2118530273,58212,58222,10
13.0528802872,80.2120437622,58222,58232,10
13.0521602631,80.2122116089,58232,58242,10
13.0516004562,80.2122573853,58242,58252,10
13.0510797501,80.2122421265,58252,58262,10
13.0502300262,80.2122116089,58262,58272,10
13.0496902466,80.2122268677,58272,58283,11
13.0495996475,80.2122192383,58283,58293,10
13.0495195389,80.2121734619,58293,58303,10
13.0493202209,80.2121810913,58303,58313,10
13.0490703583,80.2121887207,58313,58323,10
13.0484895706,80.2122192383,58323,58333,10
13.0477399826,80.2123031616,58333,58343,10
13.0467500687,80.2123718262,58343,58353,10
13.0456104279,80.2124099731,58353,58363,10
13.0445203781,80.2124710083,58363,58373,10
13.0435695648,80.2124404907,58373,58384,11
13.0423297882,80.2124633789,58384,58394,10
13.0411701202,80.2124633789,58394,58404,10
13.0399599075,80.2124633789,58404,58414,10
13.0388298035,80.2124786377,58414,58424,10
13.0375995636,80.2124633789,58424,58495,71
13.0375995636,80.2124633789,58495,58505,10
13.037560463,80.2124023438,58505,58515,10
13.0371303558,80.2123794556,58515,58525,10
13.0365400314,80.212348938,58525,58535,10
13.0356702805,80.2123413086,58535,58545,10
13.0348396301,80.2122497559,58545,58555,10
13.0341901779,80.2121582031,58555,58575,20
13.0341901779,80.2121582031,58575,58585,10
13.0340900421,80.2121505737,58585,58595,10
13.0338401794,80.2120895386,58595,58606,11
13.0334796906,80.2119979858,58606,58616,10
13.0328397751,80.2118988037,58616,58626,10
13.0321397781,80.2117614746,58626,58636,10
13.0320301056,80.211151123,58636,58646,10
13.0320997238,80.2103424072,58646,58656,10
13.0320796967,80.2097091675,58656,58666,10
13.0314998627,80.2095489502,58666,58676,10
13.0305595398,80.2093200684,58676,58695,19
13.0305595398,80.2093200684,58695,58707,12
13.03028965,80.2092208862,58707,58717,10
13.0297803879,80.2090988159,58717,58727,10
13.0295696259,80.2090301514,58727,58737,10
13.0294904709,80.2089996338,58737,58747,10
13.0293102264,80.2089385986,58747,58757,10
13.0288000107,80.2088012695,58757,58767,10
13.0280199051,80.2085571289,58767,58777,10
13.0272703171,80.2081832886,58777,58787,10
13.0264596939,80.2077026367,58787,58797,10
13.0255899429,80.2071990967,58797,58807,10
13.0245304108,80.2069778442,58807,58818,11
13.0242500305,80.2069396973,58818,58828,10
13.0239696503,80.2068710327,58828,58838,10
13.0233802795,80.2067489624,58838,58848,10
13.0225896835,80.2065811157,58848,58858,10
13.0219697952,80.2065124512,58858,58868,10
13.02161026,80.2065124512,58868,58878,10
13.0209197998,80.2065200806,58878,58888,10
13.020070076,80.2065429688,58888,58898,10
13.0191802979,80.206413269,58898,58908,10
13.0190200806,80.2063369751,58908,58918,10
13.0189504623,80.2062606812,58918,58929,11
13.0184803009,80.2061080933,58929,58939,10
13.0177698135,80.2058792114,58939,58949,10
13.0171298981,80.205619812,58949,58959,10
13.0164403915,80.2053833008,58959,58969,10
13.0156602859,80.205116272,58969,58979,10
13.0148200989,80.2048873901,58979,58989,10
13.0143003464,80.2046966553,58989,58999,10
13.0142803192,80.2046966553,58999,59009,10
13.0139398575,80.2045593262,59009,59018,9
13.0135803223,80.2045211792,59018,59030,12
13.0135402679,80.2046813965,59030,59040,10
13.0134801865,80.2048721313,59040,59050,10
13.0133399963,80.2054214478,59050,59060,10
13.0131502151,80.2061386108,59060,59070,10
13.0130596161,80.2069396973,59070,59080,10
13.0129804611,80.2076873779,59080,59090,10
13.0129203796,80.2082214355,59090,59100,10
13.0129098892,80.2086410522,59100,59110,10
13.012960434,80.2090530396,59110,59120,10
13.0132198334,80.2097091675,59120,59130,10
13.0131597519,80.2104568481,59130,59141,11
13.012840271,80.2113876343,59141,59151,10
13.0123500824,80.2122192383,59151,59161,10
13.0119400024,80.2127227783,59161,59171,10
13.0116701126,80.2127532959,59171,59181,10
13.0112695694,80.2124404907,59181,59191,10
13.0106601715,80.2119903564,59191,59201,10
13.0102596283,80.2116775513,59201,59211,10
13.0099802017,80.2114486694,59211,59221,10
13.0096302032,80.2112197876,59221,59272,51
13.0096302032,80.2112197876,59272,59282,10
13.0092601776,80.211151123,59282,59292,10
13.0091400146,80.2113265991,59292,59302,10
13.0090799332,80.2114715576,59302,59311,9
13.0090799332,80.2117004395,59311,59322,11
13.00922966,80.2122497559,59322,59332,10
13.009469986,80.2129135132,59332,59342,10
13.0097198486,80.2135772705,59342,59353,11
13.0100402832,80.2143630981,59353,59363,10
13.0102100372,80.215133667,59363,59373,10
13.0104103088,80.2160186768,59373,59383,10
13.0108299255,80.2170028687,59383,59393,10
13.0112800598,80.2180709839,59393,59403,10
13.0116901398,80.21925354,59403,59413,10
13.012049675,80.2203979492,59413,59423,10
13.012339592,80.2211990356,59423,59433,10
13.0124397278,80.2216033936,59433,59443,10
13.0126895905,80.2219085693,59443,59453,10
13.0132799149,80.22265625,59453,59464,11
13.0137996674,80.2232971191,59464,59474,10
13.0141096115,80.2237091064,59474,59484,10
13.0145101547,80.2241134644,59484,59494,10
13.0150699615,80.2247924805,59494,59504,10
13.0154695511,80.225440979,59504,59514,10
13.015250206,80.2258987427,59514,59524,10
13.0146503448,80.2261123657,59524,59534,10
13.0139102936,80.2263717651,59534,59544,10
13.0131597519,80.2266616821,59544,59553,9
13.0124502182,80.2269515991,59553,59565,12
13.0114603043,80.2273406982,59565,59575,10
13.0105199814,80.2276992798,59575,59585,10
13.0097799301,80.2279510498,59585,59595,10
13.0094804764,80.2276229858,59595,59605,10
13.0096902847,80.2272109985,59605,59615,10
13.0099802017,80.2265930176,59615,59625,10
13.0102996826,80.2258529663,59625,59635,10
13.0104398727,80.2254562378,59635,59645,10
13.0105695724,80.225151062,59645,59655,10
13.0107402802,80.2247772217,59655,59665,10
13.0108699799,80.2244796753,59665,59676,11
13.0111398697,80.2238311768,59676,59686,10
13.0113096237,80.2233505249,59686,59696,10
13.0110702515,80.2230834961,59696,59706,10
13.0104598999,80.2228164673,59706,59716,10
13.0097503662,80.222442627,59716,59726,10
13.0090303421,80.2220611572,59726,59736,10
13.0083398819,80.2216491699,59736,59746,10
13.0075302124,80.2212219238,59746,59756,10
13.0066900253,80.2208099365,59756,59766,10
13.0058097839,80.2205734253,59766,59776,10
13.004989624,80.2203826904,59776,59787,11
13.0041399002,80.2201690674,59787,59797,10
13.0033597946,80.2199707031,59797,59807,10
13.0024795532,80.219581604,59807,59817,10
13.0018501282,80.2189178467,59817,59827,10
13.0012702942,80.218421936,59827,59837,10
13.0006303787,80.2180023193,59837,59847,10
13.0000095367,80.2175979614,59847,59857,10
12.9992799759,80.2171707153,59857,59867,10
12.9986696243,80.2168731689,59867,59877,10
12.9979896545,80.2166366577,59877,59888,11
12.9975099564,80.2165603638,59888,59898,10
12.997420311,80.2165374756,59898,59908,10
12.9969701767,80.2165374756,59908,59918,10
12.9965400696,80.2165679932,59918,59928,10
12.9965295792,80.2165603638,59928,59938,10
12.9962596893,80.2166137695,59938,59948,10
12.9960002899,80.2166671753,59948,59968,20
12.9960002899,80.2166671753,59968,59978,10
12.9957895279,80.2167205811,59978,59988,10
12.9955701828,80.2167892456,59988,59999,11
12.9953403473,80.2169113159,59999,60009,10
12.9951496124,80.2170410156,60009,60019,10
12.9949798584,80.2171401978,60019,60029,10
12.994600296,80.2173995972,60029,60039,10
12.9941902161,80.2176895142,60039,60049,10
12.9936800003,80.2180480957,60049,60059,10
12.9931001663,80.2184677124,60059,60069,10
12.9925804138,80.2188415527,60069,60079,10
12.991979599,80.2192687988,60079,60089,10
12.9913597107,80.2196273804,60089,60100,11
12.9910497665,80.2195129395,60100,60110,10
12.9908399582,80.2194213867,60110,60120,10
12.9903001785,80.2192230225,60120,60130,10
12.989569664,80.218963623,60130,60140,10
12.9887800217,80.2186813354,60140,60150,10
12.9879398346,80.218460083,60150,60160,10
12.9871101379,80.2183380127,60160,60180,20
12.9871101379,80.2183380127,60180,60190,10
12.9867601395,80.2182312012,60190,60200,10
12.9861803055,80.2180786133,60200,60211,11
12.9852199554,80.2179412842,60211,60221,10
12.9843502045,80.2179718018,60221,60231,10
12.9839296341,80.2179870605,60231,60241,10
12.9837903976,80.2179870605,60241,60251,10
12.9833202362,80.2179794312,60251,60261,10
12.9826498032,80.2179794312,60261,60271,10
12.9820804596,80.2179794312,60271,60281,10
12.9813604355,80.2180786133,60281,60291,10
12.980629921,80.2183303833,60291,60301,10
12.9800195694,80.2185592651,60301,60311,10
12.9794797897,80.2187805176,60311,60322,11
12.9788599014,80.2190322876,60322,60332,10
12.9784803391,80.2191696167,60332,60342,10
12.9779195786,80.2194213867,60342,60352,10
12.9772195816,80.2197113037,60352,60362,10
12.9765195847,80.2200088501,60362,60372,10
12.9757995605,80.2203521729,60372,60423,51
12.9757995605,80.2203521729,60423,60433,10
12.9755802155,80.220489502,60433,60443,10
12.9756498337,80.2208099365,60443,60544,101
12.975859642,80.2209625244,60544,61057,513
12.9760503769,80.2210617065,61057,61432,375
12.9760503769,80.2210617065,61432,61442,10
12.9764699936,80.2212982178,61442,61462,20
12.9764699936,80.2212982178,61462,61472,10
12.9765996933,80.221282959,61472,61482,10
12.9768199921,80.221282959,61482,61491,9
12.9771995544,80.221282959,61491,61503,12
12.9775600433,80.2212600708,61503,61513,10
12.9779701233,80.2212524414,61513,61523,10
12.9784698486,80.2212219238,61523,61533,10
12.9790000916,80.2211914063,61533,61543,10
12.9794998169,80.2211608887,61543,61553,10
12.9799404144,80.2211303711,61553,61563,10
12.9804401398,80.2210693359,61563,61573,10
12.9810495377,80.2210617065,61573,61583,10
12.9816598892,80.2213516235,61583,61593,10
12.9821996689,80.2216873169,61593,61603,10
12.9827098846,80.221862793,61603,61614,11
12.983039856,80.2220077515,61614,61624,10
12.9831600189,80.2220611572,61624,61634,10
12.9834699631,80.2222595215,61634,61644,10
12.9835100174,80.2222976685,61644,61654,10
12.9836397171,80.2224197388,61654,61664,10
12.9841003418,80.2227020264,61664,61674,10
12.9847602844,80.2230987549,61674,61684,10
12.9854001999,80.2232971191,61684,61694,10
12.9855899811,80.2231521606,61694,61704,10
12.9860801697,80.2229919434,61704,61715,11
12.9865503311,80.2229766846,61715,61725,10
12.9866304398,80.2229690552,61725,61735,10
12.9869499207,80.2230300903,61735,61745,10
12.9873800278,80.2230987549,61745,61755,10
12.987739563,80.2230682373,61755,61765,10
12.9882802963,80.2227096558,61765,61775,10
12.9888801575,80.2221298218,61775,61785,10
12.9893503189,80.2216110229,61785,61795,10
12.9897499084,80.2210922241,61795,61805,10
12.9903202057,80.2205581665,61805,61815,10
12.9907903671,80.2201538086,61815,61826,11
12.9913797379,80.2196884155,61826,61836,10
12.9919500351,80.2192611694,61836,61846,10
12.9925298691,80.2188415527,61846,61856,10
12.9930696487,80.2184371948,61856,61866,10
12.9935798645,80.2180480957,61866,61876,10
12.9940700531,80.2177276611,61876,61886,10
12.994509697,80.2174224854,61886,61896,10
12.9949798584,80.2170715332,61896,61906,10
12.9954595566,80.2167892456,61906,61916,10
12.9960002899,80.2165908813,61916,61926,10
12.9967699051,80.2164993286,61926,61937,11
12.9972295761,80.2163391113,61937,61947,10
12.9972896576,80.2163009644,61947,61957,10
12.9974603653,80.216178894,61957,61967,10
12.9974899292,80.2161712646,61967,61977,10
12.9977903366,80.2159194946,61977,61987,10
12.9982204437,80.2155838013,61987,61997,10
12.9988002777,80.2150726318,61997,62007,10
12.9991703033,80.2147293091,62007,62017,10
12.9995002747,80.2144393921,62017,62027,10
12.9999303818,80.214050293,62027,62038,11
13.0004701614,80.2135925293,62038,62048,10
13.0010204315,80.2131271362,62048,62058,10
13.0014200211,80.2128295898,62058,62068,10
13.0019598007,80.2124099731,62068,62078,10
13.0023498535,80.2122268677,62078,62088,10
13.002579689,80.2121582031,62088,62098,10
13.0030202866,80.2120895386,62098,62108,10
13.0035295486,80.2119979858,62108,62118,10
13.0036001205,80.2119522095,62118,62128,10
13.0037097931,80.2117080688,62128,62138,10
13.0037002563,80.2112121582,62138,62149,11
13.0036201477,80.2104873657,62149,62159,10
13.0035295486,80.209777832,62159,62169,10
13.0036401749,80.2090301514,62169,62179,10
13.0040397644,80.2086181641,62179,62189,10
13.0048103333,80.2089691162,62189,62199,10
13.0055999756,80.2093276978,62199,62209,10
13.0059995651,80.2094573975,62209,62219,10
13.0062303543,80.2095413208,62219,62229,10
13.0067100525,80.2097015381,62229,62239,10
13.007060051,80.2097625732,62239,62250,11
13.007349968,80.2098007202,62250,62260,10
13.007399559,80.2098236084,62260,62270,10
13.0075998306,80.2098922729,62270,62280,10
13.0079898834,80.2099685669,62280,62290,10
13.0081701279,80.2097930908,62290,62300,10
13.0080404282,80.2091903687,62300,62310,10
13.0079298019,80.2084884644,62310,62320,10
13.0078001022,80.207649231,62320,62330,10
13.0076599121,80.20677948,62330,62340,10
13.0075597763,80.2059020996,62340,62350,10
13.0075302124,80.2051391602,62350,62361,11
13.0075397491,80.2044372559,62361,62371,10
13.0074796677,80.203742981,62371,62381,10
13.0073003769,80.2028121948,62381,62391,10
13.0066604614,80.2026290894,62391,62401,10
13.0066995621,80.2032928467,62401,62411,10
13.007229805,80.2035980225,62411,62421,10
13.0080003738,80.2037506104,62421,62431,10
13.0089998245,80.2036895752,62431,62441,10
13.0102396011,80.20362854,62441,62451,10
13.0115604401,80.2037277222,62451,62461,10
13.0128498077,80.2039413452,62461,62472,11
13.013879776,80.2042617798,62472,62482,10
13.0147199631,80.2045288086,62482,62492,10
13.0149803162,80.2046127319,62492,62502,10
13.0150995255,80.2046508789,62502,62512,10
13.0154800415,80.2047271729,62512,62522,10
13.0161304474,80.2050094604,62522,62532,10
13.0168504715,80.2051620483,62532,62542,10
13.0176200867,80.2055282593,62542,62552,10
13.0180902481,80.2057037354,62552,62562,10
13.0186595917,80.2058792114,62562,62573,11
13.0187997818,80.2059173584,62573,62583,10
13.0190401077,80.2059783936,62583,62593,10
13.0195503235,80.206161499,62593,62603,10
13.0203104019,80.2063064575,62603,62613,10
13.0211801529,80.2062988281,62613,62623,10
13.0215997696,80.2062530518,62623,62633,10
13.0221300125,80.2062606812,62633,62643,10
13.0228395462,80.2064208984,62643,62653,10
13.0236701965,80.2065505981,62653,62663,10
13.0243597031,80.2066879272,62663,62673,10
13.0244903564,80.2067184448,62673,62684,11
13.0248804092,80.206817627,62684,62694,10
13.0257701874,80.2071685791,62694,62704,10
13.026599884,80.2076416016,62704,62714,10
13.0274896622,80.2081604004,62714,62724,10
13.0284996033,80.2086029053,62724,62734,10
13.0297203064,80.2089385986,62734,62774,40
13.0297203064,80.2089385986,62774,62784,10
13.0299797058,80.2090072632,62784,62795,11
13.0302295685,80.2090606689,62795,62805,10
13.0308198929,80.209197998,62805,62815,10
13.0313901901,80.2092895508,62815,62825,10
13.0313997269,80.2092895508,62825,62835,10
13.0315799713,80.2093429565,62835,62845,10
13.0320100784,80.2094497681,62845,62855,10
13.0327796936,80.2096633911,62855,62865,10
13.0333900452,80.2098464966,62865,62875,10
13.0341701508,80.2100067139,62875,62885,10
13.0347900391,80.2101211548,62885,62896,11
13.0350904465,80.2104034424,62896,62906,10
13.0350704193,80.2111663818,62906,62926,20
13.0350704193,80.2111663818,62926,62936,10
13.0350599289,80.2113037109,62936,62946,10
13.0349397659,80.212059021,62946,62986,40
13.0349397659,80.212059021,62986,62995,9
13.0351400375,80.2122497559,62995,63007,12
13.0358495712,80.2122879028,63007,63017,10
13.0367097855,80.212310791,63017,63027,10
13.0373897552,80.2123184204,63027,63037,10
13.0381202698,80.2123336792,63037,63047,10
13.0390100479,80.2122879028,63047,63057,10
13.0400104523,80.2123413086,63057,63067,10
13.0412101746,80.212348938,63067,63077,10
13.0423402786,80.212348938,63077,63087,10
13.0438699722,80.212348938,63087,63319,232
13.0438699722,80.212348938,63319,63330,11
13.0443096161,80.2123336792,63330,63340,10
13.0448198318,80.2123413086,63340,63350,10
13.0455799103,80.2123184204,63350,63360,10
13.0465202332,80.2123031616,63360,63370,10
13.0475702286,80.2121582031,63370,63380,10
13.0484800339,80.2120132446,63380,63400,20
13.0484800339,80.2120132446,63400,63410,10
13.0486602783,80.2119064331,63410,63420,10
13.0488100052,80.2119216919,63420,63431,11
13.0490903854,80.2119598389,63431,63441,10
13.0495700836,80.2119369507,63441,63451,10
13.0500202179,80.2118606567,63451,63461,10
13.0503101349,80.2118835449,63461,63471,10
13.0505895615,80.2119216919,63471,63481,10
13.0508804321,80.2119979858,63481,63491,10
13.0517196655,80.2120285034,63491,63501,10
13.0527296066,80.2118377686,63501,63511,10
13.0537004471,80.2115631104,63511,63521,10
13.0544099808,80.2115020752,63521,63531,10
13.0549602509,80.21144104,63531,63542,11
13.0557804108,80.2114028931,63542,63552,10
13.0566396713,80.2113800049,63552,63562,10
13.057510376,80.2114105225,63562,63572,10
13.0576095581,80.2113876343,63572,63582,10
13.0578403473,80.2113876343,63582,63592,10
13.0584201813,80.2114105225,63592,63602,10
13.0589599609,80.2114105225,63602,63612,10
13.0595302582,80.2114562988,63612,63622,10
13.0603199005,80.2115402222,63622,63632,10
13.0612897873,80.2115783691,63632,63642,10
13.0622797012,80.2116317749,63642,63653,11
13.0631599426,80.2115020752,63653,63663,10
13.0632801056,80.211479187,63663,63673,10
13.063369751,80.2114486694,63673,63683,10
13.0638799667,80.2114715576,63683,63693,10
13.0645799637,80.2112808228,63693,63703,10
13.0653495789,80.2108383179,63703,63713,10
13.0661401749,80.2102203369,63713,63723,10
13.0669603348,80.2094192505,63723,63733,10
13.0673398972,80.2087402344,63733,63743,10
13.0676298141,80.2082290649,63743,63754,11
13.0680704117,80.207572937,63754,63764,10
13.0685796738,80.2068405151,63764,63774,10
13.069029808,80.2061386108,63774,63784,10
13.0693302155,80.2057037354,63784,63794,10
13.0694704056,80.2054290771,63794,63804,10
13.0696802139,80.2049179077,63804,63814,10
13.0693397522,80.2049179077,63814,63824,10
13.0690803528,80.2053527832,63824,63834,10
13.0687398911,80.2051925659,63834,63854,20
13.0687398911,80.2051925659,63854,63865,11
13.0687303543,80.205116272,63865,63875,10
13.0687503815,80.2048797607,63875,63885,10
13.0688199997,80.204750061,63885,63895,10
13.0689697266,80.2046966553,63895,63905,10
13.0692396164,80.2047271729,63905,63935,30
13.0692396164,80.2047271729,63935,63945,10
13.0695104599,80.204788208,63945,63955,10
13.0697498322,80.2048568726,63955,63965,10
13.0700702667,80.2046585083,63965,63976,11
13.0705404282,80.2040405273,63976,63986,10
13.0711202621,80.2033691406,63986,63996,10
13.0716600418,80.2026290894,63996,64177,181
13.0716600418,80.2026290894,64177,64188,11
13.0717496872,80.2024383545,64188,64198,10
13.0718402863,80.2023468018,64198,64208,10
13.0719804764,80.2022323608,64208,64218,10
13.0721197128,80.2021026611,64218,64228,10
13.0723495483,80.2018966675,64228,64238,10
13.0726499557,80.2015533447,64238,64248,10
13.0729799271,80.2011413574,64248,64258,10
13.0732297897,80.200843811,64258,64268,10
13.0734901428,80.2005386353,64268,64278,10
13.0738401413,80.2001190186,64278,64289,11
13.074139595,80.1997680664,64289,64299,10
13.074379921,80.1995391846,64299,64319,20
13.074379921,80.1995391846,64319,64329,10
13.0744600296,80.1994628906,64329,64339,10
13.0747404099,80.1992416382,64339,64349,10
13.0753602982,80.1990890503,64349,64359,10
13.0761699677,80.1990585327,64359,64369,10
13.0769796371,80.1990127563,64369,64379,10
13.0775203705,80.198928833,64379,64389,10
13.0783004761,80.1988296509,64389,64400,11
13.0793199539,80.1987304688,64400,64410,10
13.080280304,80.1986312866,64410,64420,10
13.0811700821,80.1985702515,64420,64430,10
13.081990242,80.1985397339,64430,64440,10
13.0828399658,80.1984786987,64440,64450,10
13.0834197998,80.1984481812,64450,64460,10
13.0836696625,80.1984405518,64460,64470,10
13.0839195251,80.1984405518,64470,64480,10
13.0842399597,80.1984405518,64480,64490,10
13.0846796036,80.1984634399,64490,64500,10
13.0851097107,80.1984405518,64500,64511,11
13.0854101181,80.1984176636,64511,64521,10
13.0856599808,80.1984024048,64521,64531,10
13.0860900879,80.198387146,64531,64541,10
13.0866699219,80.1984481812,64541,64551,10
13.0869102478,80.1984176636,64551,64561,10
13.0870800018,80.1981811523,64561,64571,10
13.0870895386,80.1980819702,64571,64581,10
13.0871601105,80.1978912354,64581,64591,10
13.0871696472,80.1973571777,64591,64601,10
13.0871696472,80.1965408325,64601,64612,11
13.0871896744,80.195640564,64612,64622,10
13.087220192,80.1949081421,64622,64632,10
13.0872297287,80.1940002441,64632,64642,10
13.087220192,80.1932220459,64642,64652,10
13.0872402191,80.1929626465,64652,64662,10
13.087269783,80.1927032471,64662,64672,10
13.0873003006,80.1924514771,64672,64682,10
13.087389946,80.1919021606,64682,64692,10
13.0874996185,80.191116333,64692,64702,10
13.0876197815,80.1902084351,64702,64712,10
13.087679863,80.1894683838,64712,64723,11
13.0876903534,80.1891403198,64723,64733,10
13.0876998901,80.1888198853,64733,64813,80
13.0876998901,80.1888198853,64813,64824,11
13.0877399445,80.1885375977,64824,64834,10
13.0877504349,80.1881637573,64834,64874,40
13.0877504349,80.1881637573,64874,64884,10
13.087770462,80.1880874634,64884,64894,10
13.0878200531,80.1876602173,64894,64904,10
13.0878400803,80.1868972778,64904,64914,10
13.0878601074,80.1859436035,64914,64924,10
13.0879001617,80.1848297119,64924,64935,11
13.0879602432,80.1835098267,64935,64945,10
13.0880203247,80.1824188232,64945,64955,10
13.0880804062,80.1818466187,64955,64965,10
13.0881204605,80.1810684204,64965,64975,10
13.0880899429,80.1797790527,64975,65025,50
13.0880899429,80.1797790527,65025,65035,10
13.088060379,80.1793365479,65035,65046,11
13.0880804062,80.1788711548,65046,65056,10
13.0880699158,80.1788711548,65056,65066,10
13.0881004333,80.1784667969,65066,65076,10
13.0881299973,80.1777801514,65076,65086,10
13.0881299973,80.1772613525,65086,65096,10
13.0881900787,80.1765670776,65096,65106,10
13.088259697,80.1756896973,65106,65116,10
13.0883102417,80.1749191284,65116,65126,10
13.088350296,80.1743087769,65126,65136,10
13.0884199142,80.173576355,65136,65147,11
13.0884504318,80.1732177734,65147,65157,10
13.0884599686,80.1728210449,65157,65167,10
13.0884799957,80.1723175049,65167,65177,10
13.088470459,80.1719589233,65177,65187,10
13.0884799957,80.1718063354,65187,65197,10
13.08852005,80.1714096069,65197,65207,10
13.0885696411,80.170753479,65207,65217,10
13.0886001587,80.1699676514,65217,65268,51
13.0886001587,80.1699676514,65268,65278,10
13.0886201859,80.1697311401,65278,65288,10
13.0887403488,80.1694107056,65288,65298,10
13.089099884,80.1694488525,65298,65308,10
13.089679718,80.1695098877,65308,65318,10
13.0904502869,80.169593811,65318,65328,10
13.0912303925,80.1696395874,65328,65338,10
13.0915699005,80.1696777344,65338,65348,10
13.0920600891,80.1697235107,65348,65358,10
13.0928201675,80.1697616577,65358,65369,11
13.0937299728,80.1698226929,65369,65379,10
13.0945396423,80.1698684692,65379,65389,10
13.0947599411,80.1698989868,65389,65399,10
13.0949602127,80.169921875,65399,65409,10
13.0952596664,80.169960022,65409,65419,10
13.0959196091,80.1699981689,65419,65429,10
13.0967798233,80.1700210571,65429,65439,10
13.0977201462,80.1700592041,65439,65449,10
13.0985603333,80.1700973511,65449,65459,10
13.0992298126,80.1701202393,65459,65470,11
13.0996303558,80.1699981689,65470,65500,30
13.0996303558,80.1699981689,65500,65510,10
13.0997200012,80.1697921753,65510,65520,10
13.0995101929,80.1696472168,65520,65722,202
13.0993700027,80.1700210571,65722,66035,313
13.0993700027,80.1700210571,66035,66045,10
13.0992202759,80.170249939,66045,66055,10
13.0990600586,80.1702270508,66055,66065,10
13.0986795425,80.170173645,66065,66075,10
13.0980701447,80.1701126099,66075,66085,10
13.0974197388,80.1700592041,66085,66095,10
13.0966596603,80.1700210571,66095,66105,10
13.0958099365,80.169960022,66105,66116,11
13.0948600769,80.169921875,66116,66136,20
13.0948600769,80.169921875,66136,66146,10
13.0947198868,80.1699066162,66146,66156,10
13.0945301056,80.1698989868,66156,66166,10
13.0942401886,80.1698532104,66166,66176,10
13.0937004089,80.1698226929,66176,66186,10
13.0930099487,80.1697616577,66186,66196,10
13.0921401978,80.1697387695,66196,66206,10
13.0912704468,80.1696624756,66206,66216,10
13.0903701782,80.1696090698,66216,66227,11
13.0894498825,80.1695632935,66227,66237,10
13.0888700485,80.1695404053,66237,66267,30
13.0888700485,80.1695404053,66267,66277,10
13.0886802673,80.1697006226,66277,66287,10
13.0886497498,80.1701431274,66287,66297,10
13.0886096954,80.170791626,66297,66307,10
13.0885896683,80.1714477539,66307,66317,10
13.0885801315,80.1718902588,66317,66328,11
13.0885801315,80.1718978882,66328,66338,10
13.0885400772,80.1722793579,66338,66348,10
13.08852005,80.1727981567,66348,66358,10
13.0884799957,80.1734695435,66358,66368,10
13.0884304047,80.1741790771,66368,66378,10
13.0884103775,80.1747131348,66378,66388,10
13.0884103775,80.1747283936,66388,66398,10
13.0883798599,80.1750411987,66398,66408,10
13.0883398056,80.1756286621,66408,66418,10
13.0882902145,80.1764297485,66418,66428,10
13.088259697,80.1771774292,66428,66439,11
13.0882501602,80.1778869629,66439,66449,10
13.0882301331,80.1785507202,66449,66469,20
13.0882301331,80.1785507202,66469,66479,10
13.0882301331,80.1788864136,66479,66499,20
13.0882301331,80.1788864136,66499,66509,10
13.0882396698,80.1790618896,66509,66519,10
13.0882301331,80.1792831421,66519,66529,10
13.0881996155,80.1796875,66529,66540,11
13.0881795883,80.1804733276,66540,66550,10
13.0881500244,80.1813583374,66550,66560,10
13.0881004333,80.182258606,66560,66570,10
13.088060379,80.1830368042,66570,66580,10
13.0880098343,80.1839370728,66580,66590,10
13.0879602432,80.1848373413,66590,66600,10
13.08796978,80.185256958,66600,66630,30
13.08796978,80.185256958,66630,66640,10
13.0879402161,80.1857070923,66640,66651,11
13.0879201889,80.1863174438,66651,66661,10
13.0879001617,80.1871490479,66661,66671,10
13.0879297256,80.1877212524,66671,66681,10
13.0879201889,80.1877822876,66681,66691,10
13.0879096985,80.1879577637,66691,66701,10
13.0878801346,80.1883926392,66701,66711,10
13.0878400803,80.1890029907,66711,66721,10
13.0877895355,80.1897506714,66721,66741,20
13.0877895355,80.1897506714,66741,66751,10
13.0877304077,80.1900634766,66751,66762,11
13.0876502991,80.1906661987,66762,66772,10
13.0875701904,80.1913223267,66772,66812,40
13.0875701904,80.1913223267,66812,66822,10
13.0874996185,80.1916427612,66822,66832,10
13.0874795914,80.1918716431,66832,66842,10
13.0874595642,80.1921386719,66842,66852,10
13.0874204636,80.1924133301,66852,66863,11
13.0874099731,80.192527771,66863,66873,10
13.0873699188,80.1929092407,66873,66883,10
13.0873498917,80.1934890747,66883,66893,10
13.0873298645,80.1942901611,66893,66903,10
13.0873098373,80.1950683594,66903,66913,10
13.0873203278,80.1954498291,66913,66923,10
13.0873003006,80.1958007813,66923,66933,10
13.0872898102,80.1964111328,66933,66943,10
13.087269783,80.1971893311,66943,66953,10
13.0872602463,80.1977615356,66953,66962,9
13.0872602463,80.1977767944,66962,66974,12
13.087269783,80.1981506348,66974,66984,10
13.0873403549,80.1983718872,66984,67014,30
13.0873403549,80.1983718872,67014,67024,10
13.0876302719,80.1983718872,67024,67034,10
13.0878801346,80.1983413696,67034,67044,10
13.0880899429,80.1983184814,67044,67054,10
13.0883102417,80.1983032227,67054,67064,10
13.0885400772,80.1983337402,67064,67075,11
13.088760376,80.1983795166,67075,67085,10
13.0889101028,80.1984024048,67085,67095,10
13.0891399384,80.1984176636,67095,67105,10
13.0893201828,80.1984481812,67105,67115,10
13.0897397995,80.1984710693,67115,67125,10
13.0902004242,80.1985168457,67125,67135,10
13.0908699036,80.1985626221,67135,67145,10
13.0916404724,80.1986236572,67145,67154,9
13.0923595428,80.1986312866,67154,67165,11
13.0927801132,80.1986236572,67165,67175,10
13.0929803848,80.1987228394,67175,67186,11
13.0929403305,80.1992111206,67186,67196,10
13.0929098129,80.1998901367,67196,67206,10
13.0928897858,80.2003326416,67206,67226,20
13.0928897858,80.2003326416,67226,67236,10
13.0928001404,80.2005767822,67236,67246,10
13.0924196243,80.2005615234,67246,67256,10
13.0915403366,80.2005310059,67256,67286,30
13.0915403366,80.2005310059,67286,67297,11
13.0911197662,80.2005310059,67297,67307,10
13.0906095505,80.2005004883,67307,67317,10
13.0899295807,80.2004623413,67317,67327,10
13.0891504288,80.2004165649,67327,67337,10
13.0883398056,80.2004013062,67337,67347,10
13.0879201889,80.2003936768,67347,67357,10
13.0874900818,80.2004089355,67357,67377,20
13.0874900818,80.2004089355,67377,67387,10
13.0871801376,80.2004089355,67387,67398,11
13.0869598389,80.2003707886,67398,67408,10
13.086689949,80.2003707886,67408,67418,10
13.0861101151,80.200340271,67418,67428,10
13.0855102539,80.2003097534,67428,67438,10
13.0853099823,80.200302124,67438,67448,10
13.0852203369,80.2000732422,67448,67458,10
13.0852499008,80.1996765137,67458,67468,10
13.0852603912,80.1991119385,67468,67478,10
13.0851898193,80.1986999512,67478,67488,10
13.0849599838,80.1987228394,67488,67498,10
13.0845003128,80.1986923218,67498,67509,11
13.0844297409,80.198677063,67509,67519,10
13.0842504501,80.1986618042,67519,67529,10
13.0839595795,80.1986618042,67529,67539,10
13.0835599899,80.198638916,67539,67569,30
13.0835599899,80.198638916,67569,67578,9
13.0832700729,80.198638916,67578,67589,11
13.0829601288,80.1986236572,67589,67599,10
13.0826997757,80.1986236572,67599,67610,11
13.0824604034,80.1986312866,67610,67620,10
13.0821800232,80.1986236572,67620,67630,10
13.0818595886,80.1986236572,67630,67640,10
13.081489563,80.1986083984,67640,67650,10
13.0809803009,80.1986083984,67650,67660,10
13.0803604126,80.1986465454,67660,67670,10
13.0796403885,80.1987228394,67670,67680,10
13.0789699554,80.1987686157,67680,67690,10
13.07833004,80.1988372803,67690,67700,10
13.0775299072,80.198928833,67700,67710,10
13.0766000748,80.1990432739,67710,67721,11
13.0757198334,80.1991500854,67721,67731,10
13.0750303268,80.1993331909,67731,67741,10
13.0743198395,80.1997375488,67741,67751,10
13.0738401413,80.2001800537,67751,67761,10
13.0736703873,80.2004318237,67761,67781,20
13.0736703873,80.2004318237,67781,67791,10
13.0735301971,80.2006378174,67791,67801,10
13.0731601715,80.2010574341,67801,67810,9
13.0727796555,80.2015380859,67810,67822,12
13.0724096298,80.2019882202,67822,67832,10
13.0719900131,80.2023925781,67832,67842,10
13.0714502335,80.2029876709,67842,67852,10
13.0708503723,80.203666687,67852,67862,10
13.0702896118,80.2043380737,67862,67872,10
13.0699100494,80.2049026489,67872,67943,71
13.0699100494,80.2049026489,67943,67953,10
13.0698299408,80.2049865723,67953,67963,10
13.0694904327,80.2048187256,67963,67973,10
13.0691900253,80.2050323486,67973,67983,10
13.0689201355,80.2053909302,67983,67993,10
13.0685396194,80.205406189,67993,68003,10
13.0679597855,80.2053527832,68003,68054,51
13.0679597855,80.2053527832,68054,68064,10
13.0680103302,80.2049331665,68064,68074,10
13.0681600571,80.2049026489,68074,68084,10
13.0685195923,80.2048034668,68084,68094,10
13.068980217,80.2046737671,68094,68104,10
13.0694303513,80.2047271729,68104,68114,10
13.0697202682,80.2048492432,68114,68133,19
13.0697202682,80.2048492432,68133,68145,12
13.0697803497,80.2051925659,68145,68155,10
13.0694503784,80.2056808472,68155,68165,10
13.0690202713,80.2063522339,68165,68175,10
13.0685501099,80.2070922852,68175,68185,10
13.0680704117,80.2078781128,68185,68195,10
13.0676803589,80.208442688,68195,68205,10
13.0675897598,80.2086181641,68205,68215,10
13.0673398972,80.2090530396,68215,68225,10
13.0669498444,80.2097015381,68225,68235,10
13.0663099289,80.2102813721,68235,68245,10
13.0655603409,80.2108688354,68245,68256,11
13.0650596619,80.2112579346,68256,68266,10
13.0650100708,80.2113037109,68266,68276,10
13.0648403168,80.2113876343,68276,68286,10
13.0645103455,80.2115020752,68286,68296,10
13.0641899109,80.2116012573,68296,68326,30
13.0641899109,80.2116012573,68326,68336,10
13.0638599396,80.2116622925,68336,68345,9
13.0636301041,80.2116775513,68345,68357,12
13.0631399155,80.2117080688,68357,68367,10
13.0625200272,80.2117385864,68367,68377,10
13.0619297028,80.2116775513,68377,68387,10
13.0612897873,80.2116622925,68387,68397,10
13.0604696274,80.2116622925,68397,68407,10
13.0596199036,80.2116317749,68407,68417,10
13.0587396622,80.2116165161,68417,68427,10
13.0583000183,80.2116012573,68427,68437,10
13.0577898026,80.2115936279,68437,68447,10
13.0576095581,80.2115936279,68447,68457,10
13.0573301315,80.2116012573,68457,68468,11
13.0567398071,80.2115936279,68468,68478,10
13.0559997559,80.2115707397,68478,68488,10
13.0551395416,80.2115631104,68488,68498,10
13.0541400909,80.2116012573,68498,68508,10
13.0531396866,80.2118301392,68508,68518,10
13.0524902344,80.2120132446,68518,68528,10
13.0521001816,80.2120895386,68528,68538,10
13.0518798828,80.2121200562,68538,68548,10
13.051659584,80.2121429443,68548,68558,10
13.0514297485,80.2121505737,68558,68589,31
13.0514297485,80.2121505737,68589,68599,10
13.0513296127,80.2121582031,68599,68609,10
13.0510501862,80.2121582031,68609,68619,10
13.0507097244,80.2121582031,68619,68629,10
13.0501298904,80.2120819092,68629,68639,10
13.0495796204,80.2121124268,68639,68669,30
13.0495796204,80.2121124268,68669,68680,11
13.0492801666,80.212097168,68680,68690,10
13.0487699509,80.2121276855,68690,68700,10
13.04804039,80.2121734619,68700,68710,10
13.0472297668,80.2122421265,68710,68720,10
13.0463600159,80.2122879028,68720,68730,10
13.0458803177,80.2123184204,68730,68831,101
13.0458803177,80.2123184204,68831,68841,10
13.04570961,80.212348938,68841,68851,10
13.0454998016,80.212348938,68851,68861,10
13.0453300476,80.2123565674,68861,68871,10
13.045129776,80.2123794556,68871,68881,10
13.0448102951,80.2123718262,68881,68892,11
13.0443601608,80.2123718262,68892,68902,10
13.0437803268,80.212348938,68902,68912,10
13.0430498123,80.212348938,68912,68922,10
13.0423803329,80.2123184204,68922,68932,10
13.0417995453,80.212348938,68932,68942,10
13.0409498215,80.2123336792,68942,68952,10
13.0398397446,80.2123184204,68952,68962,10
13.0388202667,80.2123413086,68962,68972,10
13.037730217,80.212387085,68972,69073,101
13.037730217,80.212387085,69073,69083,10
13.0375204086,80.2123718262,69083,69093,10
13.0371198654,80.2123413086,69093,69103,10
13.0364904404,80.2123031616,69103,69114,11
13.0360603333,80.2123184204,69114,69124,10
13.0354604721,80.2123184204,69124,69134,10
13.0349197388,80.2122421265,69134,69144,10
13.0345897675,80.2121582031,69144,69154,10
13.0341901779,80.2120895386,69154,69184,30
13.0341901779,80.2120895386,69184,69194,10
13.0338096619,80.2120285034,69194,69204,10
13.0336303711,80.2119598389,69204,69215,11
13.0331296921,80.2118682861,69215,69225,10
13.0324296951,80.2117462158,69225,69235,10
13.0319004059,80.211479187,69235,69245,10
13.0319404602,80.2107772827,69245,69255,10
13.031999588,80.2100296021,69255,69265,10
13.0319595337,80.2096099854,69265,69275,10
13.0315799713,80.209487915,69275,69285,10
13.0310001373,80.2093276978,69285,69295,10
13.0305404663,80.2092132568,69295,69305,10
13.0299501419,80.2090301514,69305,69315,10
13.0295295715,80.2089080811,69315,69336,21
13.0295295715,80.2089080811,69336,69346,10
13.0291404724,80.2088088989,69346,69356,10
13.0284996033,80.2086410522,69356,69366,10
13.027759552,80.2083816528,69366,69376,10
13.0270700455,80.2079696655,69376,69386,10
13.0263004303,80.2074966431,69386,69396,10
13.0255203247,80.2071075439,69396,69406,10
13.0246496201,80.2069396973,69406,69416,10
13.0242795944,80.2068634033,69416,69427,11
13.0242099762,80.2068405151,69427,69437,10
13.0240001678,80.2067565918,69437,69447,10
13.0237903595,80.2066879272,69447,69457,10
13.0234003067,80.2066116333,69457,69467,10
13.0228900909,80.2065429688,69467,69477,10
13.0224199295,80.2064285278,69477,69487,10
13.0220499039,80.2063598633,69487,69497,10
13.0219898224,80.2063827515,69497,69507,10
13.0218496323,80.2063827515,69507,69517,10
13.0215396881,80.2063674927,69517,69526,9
13.021030426,80.2063827515,69526,69538,12
13.0201997757,80.2063827515,69538,69548,10
13.0191802979,80.2063293457,69548,69568,20
13.0191802979,80.2063293457,69568,69578,10
13.0188903809,80.2062606812,69578,69588,10
13.0183801651,80.2060623169,69588,69598,10
13.0178003311,80.2058868408,69598,69608,10
13.0176401138,80.2058181763,69608,69618,10
13.0176296234,80.2058105469,69618,69628,10
13.0173101425,80.2056503296,69628,69639,11
13.0168199539,80.2054672241,69639,69649,10
13.0163097382,80.2052001953,69649,69659,10
13.0158700943,80.2050628662,69659,69669,10
13.015250206,80.2048568726,69669,69679,10
13.0145902634,80.2046813965,69679,69689,10
13.0142698288,80.2045593262,69689,69699,10
13.0141401291,80.204498291,69699,69709,10
13.0139799118,80.2044372559,69709,69719,10
13.0136995316,80.2043685913,69719,69729,10
13.0135602951,80.2043914795,69729,69738,9
13.0134897232,80.2046127319,69738,69750,12
13.0133199692,80.2052078247,69750,69760,10
13.0130996704,80.2059402466,69760,69770,10
13.0129699707,80.2067489624,69770,69780,10
13.0129003525,80.2075119019,69780,69790,10
13.0128297806,80.2080612183,69790,69800,10
13.0128202438,80.2084884644,69800,69810,10
13.0128498077,80.2089004517,69810,69820,10
13.013010025,80.2094192505,69820,69830,10
13.0131397247,80.2099609375,69830,69840,10
13.0130701065,80.2105484009,69840,69851,11
13.0128602982,80.2111434937,69851,69861,10
13.0125598907,80.2116699219,69861,69871,10
13.0121297836,80.2123718262,69871,69881,10
13.0118904114,80.2127227783,69881,69891,10
13.011639595,80.212677002,69891,69901,10
13.0112304688,80.2123565674,69901,69911,10
13.0106496811,80.2119293213,69911,69921,10
13.0103902817,80.2117080688,69921,69931,10
13.0099897385,80.2114028931,69931,69982,51
13.0097398758,80.211227417,69982,70063,81
13.0094299316,80.2110214233,70063,70111,48
13.0094299316,80.2110214233,70111,70131,20
13.0090303421,80.2113723755,70131,70141,10
13.0089797974,80.2115325928,70141,70151,10
13.0090904236,80.2118988037,70151,70161,10
13.0092601776,80.2124328613,70161,70172,11
13.0094604492,80.2130126953,70172,70182,10
13.0096797943,80.2135314941,70182,70192,10
13.0099096298,80.2141036987,70192,70202,10
13.0101003647,80.2147521973,70202,70212,10
13.0101995468,80.2155227661,70212,70222,10
13.0105104446,80.2163009644,70222,70232,10
13.0108604431,80.2170562744,70232,70242,10
13.0112304688,80.2179107666,70242,70252,10
13.0115804672,80.2189483643,70252,70262,10
13.0119199753,80.2199783325,70262,70272,10
13.0121898651,80.2207183838,70272,70283,11
13.0123195648,80.2211685181,70283,70293,10
13.0124197006,80.2215499878,70293,70303,10
13.0127801895,80.222038269,70303,70313,10
13.0132398605,80.2226104736,70313,70323,10
13.0137395859,80.2231369019,70323,70333,10
13.0141000748,80.2235565186,70333,70343,10
13.0143699646,80.2239303589,70343,70353,10
13.0150003433,80.2246398926,70353,70373,20
13.0150003433,80.2246398926,70373,70384,11
13.0152397156,80.2248916626,70384,70394,10
13.0154104233,80.2253112793,70394,70404,10
13.0153398514,80.2256469727,70404,70414,10
13.0151996613,80.2257766724,70414,70424,10
13.014840126,80.2259216309,70424,70434,10
13.0142498016,80.2261581421,70434,70444,10
13.0134801865,80.2264709473,70444,70454,10
13.0125904083,80.2268218994,70454,70464,10
13.0116701126,80.2271728516,70464,70474,10
13.0106897354,80.2275772095,70474,70484,10
13.0097503662,80.2279129028,70484,70495,11
13.0095100403,80.2274169922,70495,70505,10
13.0096998215,80.2270507813,70505,70515,10
13.0097198486,80.2269897461,70515,70525,10
13.0098495483,80.2267227173,70525,70535,10
13.0100002289,80.2264099121,70535,70545,10
13.0101203918,80.2261428833,70545,70555,10
13.0102300644,80.2258834839,70555,70565,10
13.010310173,80.2256774902,70565,70575,10
13.0103702545,80.2255401611,70575,70585,10
13.0104398727,80.2253723145,70585,70596,11
13.0105199814,80.2251586914,70596,70606,10
13.0106201172,80.2249526978,70606,70616,10
13.0107498169,80.2246627808,70616,70626,10
13.0108699799,80.2242202759,70626,70636,10
13.0110397339,80.2237167358,70636,70646,10
13.0111999512,80.2232284546,70646,70656,10
13.0110197067,80.2230300903,70656,70666,10
13.0105600357,80.2228164673,70666,70676,10
13.0102396011,80.2226409912,70676,70686,10
13.0098199844,80.2223968506,70686,70696,10
13.0092496872,80.222076416,70696,70707,11
13.0085296631,80.2216491699,70707,70717,10
13.0077896118,80.2212677002,70717,70727,10
13.0069904327,80.2208633423,70727,70737,10
13.0062999725,80.2205810547,70737,70747,10
13.0054998398,80.2204208374,70747,70757,10
13.0049695969,80.2202987671,70757,70767,10
13.0044498444,80.220161438,70767,70777,10
13.0038499832,80.2200164795,70777,70787,10
13.0031795502,80.2198410034,70787,70797,10
13.0022201538,80.2193069458,70797,70828,31
13.0022201538,80.2193069458,70828,70838,10
13.0020503998,80.2191467285,70838,70878,40
13.0018997192,80.218963623,70878,70919,41
13.0017004013,80.2187194824,70919,70979,60
13.0017004013,80.2187194824,70979,70989,10
13.0014095306,80.2184677124,70989,71070,81
13.0010700226,80.2182693481,71070,71120,50
13.0010700226,80.2182693481,71120,71131,11
13.0007400513,80.2180404663,71131,71141,10
13.0005598068,80.2179107666,71141,71151,10
13.0004196167,80.2178192139,71151,71161,10
13.0001602173,80.2176437378,71161,71211,50
13.0001602173,80.2176437378,71211,71221,10
12.9998502731,80.2174377441,71221,71231,10
12.9998397827,80.2174377441,71231,71242,11
12.9997901917,80.2173919678,71242,71252,10
12.99958992,80.2172622681,71252,71262,10
12.999329567,80.2171325684,71262,71272,10
12.9993095398,80.2171173096,71272,71282,10
12.9990997314,80.2170181274,71282,71292,10
12.9986896515,80.2168197632,71292,71302,10
12.9980897903,80.216583252,71302,71363,61
12.9980897903,80.216583252,71363,71373,10
12.9979295731,80.2165374756,71373,71383,10
12.9977703094,80.216506958,71383,71393,10
12.9977197647,80.216506958,71393,71403,10
12.9974803925,80.2164993286,71403,71413,10
12.9972696304,80.2164916992,71413,71423,10
12.997130394,80.2164993286,71423,71433,10
12.9968900681,80.2164993286,71433,71443,10
12.9964799881,80.2165222168,71443,71464,21
12.9964799881,80.2165222168,71464,71474,10
12.9961996078,80.2165679932,71474,71484,10
12.9959096909,80.2166290283,71484,71494,10
12.9955997467,80.2167205811,71494,71504,10
12.9952297211,80.2168884277,71504,71524,20
12.9952297211,80.2168884277,71524,71534,10
12.9949798584,80.217048645,71534,71544,10
12.9947395325,80.2172088623,71544,71553,9
12.994389534,80.2174606323,71553,71565,12
12.9939403534,80.2178115845,71565,71575,10
12.9934396744,80.2181472778,71575,71585,10
12.9928398132,80.2185974121,71585,71595,10
12.9921703339,80.2191085815,71595,71605,10
12.9917201996,80.2194366455,71605,71615,10
12.9916200638,80.2195129395,71615,71625,10
12.9913797379,80.2195510864,71625,71635,10
12.9910202026,80.2194213867,71635,71644,9
12.9909696579,80.2193908691,71644,71655,11
12.9905195236,80.2192306519,71655,71666,11
12.9898099899,80.2189788818,71666,71676,10
12.9890699387,80.218711853,71676,71686,10
12.9882001877,80.2184371948,71686,71696,10
12.9875202179,80.2183303833,71696,71706,10
12.9869804382,80.2182388306,71706,71716,10
12.9869203568,80.2182312012,71716,71726,10
12.9865703583,80.218132019,71726,71735,9
12.9860296249,80.2180023193,71735,71746,11
12.9850597382,80.2178878784,71746,71756,10
12.9839296341,80.2179412842,71756,71777,21
12.9839296341,80.2179412842,71777,71787,10
12.9836397171,80.2179336548,71787,71797,10
12.9830598831,80.217918396,71797,71807,10
12.9824304581,80.2179412842,71807,71817,10
12.9821596146,80.2179336548,71817,71827,10
12.9816198349,80.2179794312,71827,71837,10
12.9809598923,80.218170166,71837,71847,10
12.9802999496,80.2183914185,71847,71857,10
12.9800596237,80.2184906006,71857,71867,10
12.9797801971,80.2185974121,71867,71878,11
12.9791498184,80.2188491821,71878,71888,10
12.9786300659,80.2190475464,71888,71898,10
12.9780797958,80.2192687988,71898,71908,10
12.9773101807,80.2195892334,71908,71918,10
12.9764499664,80.2199630737,71918,71928,10
12.9756498337,80.2203598022,71928,71978,50
12.9756498337,80.2203598022,71978,71989,11
12.9755096436,80.2203903198,71989,71999,10
12.9754400253,80.2206726074,71999,72009,10
12.9754695892,80.2207183838,72009,72019,10
12.9756803513,80.2208099365,72019,72069,50
12.9759597778,80.2210464478,72069,72352,283
12.9759998322,80.2212295532,72352,72453,101
12.9759998322,80.2210769653,72453,72715,262
12.9759998322,80.2210769653,72715,72725,10
12.9762601852,80.2211990356,72725,72736,11
12.9766197205,80.2211837769,72736,72746,10
12.9768199921,80.2211837769,72746,72756,10
12.9772396088,80.2211608887,72756,72766,10
12.9778299332,80.2211303711,72766,72776,10
12.97838974,80.2210769653,72776,72786,10
12.9787597656,80.221031189,72786,72796,10
12.9792699814,80.2210235596,72796,72806,10
12.9799098969,80.220993042,72806,72816,10
12.9805402756,80.2209320068,72816,72826,10
12.9811496735,80.2210388184,72826,72836,10
12.9816799164,80.2213668823,72836,72847,11
12.9821395874,80.2216567993,72847,72857,10
12.9824199677,80.2217407227,72857,72867,10
12.9826803207,80.2218322754,72867,72877,10
12.9828901291,80.2219161987,72877,72887,10
12.9829597473,80.2219467163,72887,72897,10
12.9833898544,80.2222213745,72897,72916,19
12.9833898544,80.2222213745,72916,72927,11
12.983499527,80.2223129272,72927,72937,10
12.9837398529,80.2224578857,72937,72948,11
12.9841804504,80.2227020264,72948,72958,10
12.9846200943,80.2229919434,72958,72968,10
12.9851503372,80.2232208252,72968,72978,10
12.9854803085,80.22315979,72978,72988,10
12.9858903885,80.2229385376,72988,72998,10
12.9863796234,80.2229232788,72998,73008,10
12.9864597321,80.2229232788,73008,73018,10
12.986700058,80.2229309082,73018,73028,10
12.9870004654,80.2229919434,73028,73038,10
12.9871101379,80.2230072021,73038,73048,10
12.9872503281,80.2230300903,73048,73059,11
12.9875202179,80.2230377197,73059,73069,10
12.9878797531,80.2228622437,73069,73079,10
12.9884395599,80.2224197388,73079,73089,10
12.9888801575,80.2219161987,73089,73099,10
12.9892196655,80.2215118408,73099,73109,10
12.9896202087,80.2209472656,73109,73119,10
12.9901895523,80.220413208,73119,73129,10
12.990480423,80.2202529907,73129,73139,10
12.9908304214,80.2199707031,73139,73149,10
12.9913301468,80.2195663452,73149,73159,10
12.9916801453,80.2193222046,73159,73170,11
12.9922800064,80.2189025879,73170,73180,10
12.9929895401,80.2183990479,73180,73190,10
12.9938001633,80.2178115845,73190,73200,10
12.9944095612,80.217338562,73200,73210,10
12.9949903488,80.2169418335,73210,73220,10
12.9955596924,80.2166671753,73220,73230,10
12.9962997437,80.2164993286,73230,73240,10
12.9966602325,80.2164611816,73240,73250,10
12.9969501495,80.2164306641,73250,73260,10
12.9972496033,80.2162399292,73260,73271,11
12.9975099564,80.2160110474,73271,73281,10
12.9976797104,80.2159118652,73281,73291,10
12.998049736,80.2155609131,73291,73301,10
12.9986000061,80.215057373,73301,73311,10
12.9990901947,80.2146530151,73311,73321,10
12.999329567,80.2144317627,73321,73331,10
12.9997901917,80.2140731812,73331,73340,9
13.0001602173,80.2137298584,73340,73351,11
13.0007801056,80.2132110596,73351,73361,10
13.0013599396,80.2127304077,73361,73371,10
13.0018596649,80.212387085,73371,73382,11
13.0021495819,80.2122268677,73382,73392,10
13.0022602081,80.2121810913,73392,73402,10
13.0024995804,80.2120895386,73402,73412,10
13.0029001236,80.2120437622,73412,73422,10
13.0035600662,80.2119522095,73422,73462,40
13.0035600662,80.2119522095,73462,73472,10
13.0036697388,80.2116012573,73472,73483,11
13.0036401749,80.2110824585,73483,73493,10
13.0035896301,80.2105484009,73493,73503,10
13.0035200119,80.2100219727,73503,73513,10
13.0034999847,80.2094726563,73513,73523,10
13.0036201477,80.2088470459,73523,73533,10
13.0041799545,80.2086486816,73533,73543,10
13.0050096512,80.2090301514,73543,73552,9
13.005689621,80.2093200684,73552,73563,11
13.0062303543,80.2095031738,73563,73573,10
13.006649971,80.2096633911,73573,73583,10
13.0069599152,80.2097320557,73583,73594,11
13.0072097778,80.2097396851,73594,73604,10
13.0073099136,80.2097625732,73604,73614,10
13.0074195862,80.2097702026,73614,73624,10
13.0076799393,80.2098388672,73624,73634,10
13.0078201294,80.2098693848,73634,73644,10
13.008020401,80.2099227905,73644,73654,10
13.0081396103,80.2097702026,73654,73664,10
13.008020401,80.2092819214,73664,73674,10
13.0079097748,80.2085571289,73674,73684,10
13.0078001022,80.2077865601,73684,73695,11
13.0076904297,80.20703125,73695,73705,10
13.0075798035,80.2063369751,73705,73715,10
13.0072202682,80.2026062012,73715,73755,40
13.0072202682,80.2026062012,73755,73775,20
13.0065898895,80.2031402588,73775,73785,10
13.0069999695,80.2034301758,73785,73795,10
13.0074300766,80.2036132813,73795,73806,11
13.008190155,80.2036895752,73806,73816,10
13.0091695786,80.2036209106,73816,73826,10
13.0103397369,80.2035827637,73826,73836,10
13.0116300583,80.2036819458,73836,73846,10
13.0129098892,80.2039108276,73846,73856,10
13.0139398575,80.2042617798,73856,73866,10
13.0147695541,80.204536438,73866,73876,10
13.0149002075,80.2045974731,73876,73886,10
13.0152301788,80.2046890259,73886,73896,10
13.015879631,80.2049102783,73896,73906,10
13.0165596008,80.2051010132,73906,73917,11
13.0171499252,80.2052993774,73917,73927,10
13.0177297592,80.2055664063,73927,73937,10
13.0183801651,80.2057800293,73937,73947,10
13.0188503265,80.205909729,73947,73957,10
13.0189199448,80.205947876,73957,73967,10
13.0193300247,80.2060928345,73967,73977,10
13.0199604034,80.2061920166,73977,73987,10
13.0207595825,80.2062072754,73987,73997,10
13.0214395523,80.206199646,73997,74007,10
13.0218400955,80.2062072754,74007,74018,11
13.0224599838,80.2062606812,74018,74028,10
13.0232696533,80.2064208984,74028,74038,10
13.0240497589,80.2065887451,74038,74048,10
13.0247001648,80.206741333,74048,74058,10
13.0255002975,80.2070007324,74058,74068,10
13.0264196396,80.2074813843,74068,74078,10
13.0274000168,80.2080688477,74078,74088,10
13.0284099579,80.2085266113,74088,74098,10
13.029709816,80.2088088989,74098,74117,19
13.029709816,80.2088088989,74117,74129,12
13.0299797058,80.2088699341,74129,74139,10
13.0304603577,80.2090072632,74139,74149,10
13.0309696198,80.2091827393,74149,74159,10
13.0315198898,80.2093200684,74159,74169,10
13.0316295624,80.2093505859,74169,74179,10
13.0318403244,80.2094192505,74179,74189,10
13.0323600769,80.2095489502,74189,74199,10
13.0331201553,80.2096710205,74199,74209,10
13.0337495804,80.2098693848,74209,74219,10
13.0344295502,80.2099685669,74219,74230,11
13.0349197388,80.2100906372,74230,74240,10
13.0350198746,80.2104568481,74240,74250,10
13.0349998474,80.2110290527,74250,74290,40
13.0349998474,80.2110290527,74290,74300,10
13.0348901749,80.2118301392,74300,74320,20
13.0348901749,80.2118301392,74320,74329,9
13.034910202,80.2119293213,74329,74341,12
13.0352296829,80.2121429443,74341,74351,10
13.0358104706,80.2121810913,74351,74361,10
13.0364999771,80.2122116089,74361,74371,10
13.0368700027,80.2121963501,74371,74381,10
13.0372600555,80.2121963501,74381,74391,10
13.0378398895,80.2122116089,74391,74401,10
13.0386600494,80.2121963501,74401,74411,10
13.0395898819,80.2122192383,74411,74421,10
13.0406103134,80.2122268677,74421,74431,10
13.041680336,80.2122268677,74431,74441,10
13.0428600311,80.2121887207,74441,74462,21
13.0428600311,80.2121887207,74462,74472,10
13.0431995392,80.2121887207,74472,74482,10
13.0436897278,80.2121810913,74482,74492,10
13.0440101624,80.2121582031,74492,74502,10
13.0444803238,80.2121582031,74502,74512,10
13.0452003479,80.2121505737,74512,74522,10
13.0459499359,80.2121429443,74522,74532,10
13.046500206,80.2121505737,74532,74542,10
13.0472002029,80.2121200562,74542,74553,11
13.0478897095,80.2120285034,74553,74563,10
13.0482196808,80.2119903564,74563,74573,10
13.0482301712,80.2119827271,74573,74583,10
13.0482997894,80.2119293213,74583,74593,10
13.0483999252,80.2119216919,74593,74603,10
13.0486097336,80.2119064331,74603,74613,10
13.0488595963,80.2118835449,74613,74623,10
13.0491800308,80.2118835449,74623,74633,10
13.0495595932,80.2118835449,74633,74724,91
13.0495595932,80.2118835449,74724,74734,10
13.0499095917,80.2118225098,74734,74744,10
13.050160408,80.2118530273,74744,74754,10
13.0506601334,80.2119522095,74754,74765,11
13.0515203476,80.2120132446,74765,74775,10
13.0524396896,80.2118835449,74775,74785,10
13.053440094,80.2116394043,74785,74795,10
13.0544395447,80.2113723755,74795,74825,30
13.0544395447,80.2113723755,74825,74835,10
13.0547399521,80.2113876343,74835,74845,10
13.0553102493,80.2113723755,74845,74855,10
13.0561103821,80.2113723755,74855,74864,9
13.0569496155,80.2113723755,74864,74876,12
13.0579299927,80.2113571167,74876,74886,10
13.0587997437,80.2113800049,74886,74896,10
13.0598602295,80.21144104,74896,74906,10
13.0610599518,80.211517334,74906,74916,10
13.0619096756,80.2115020752,74916,74926,10
13.0626001358,80.211479187,74926,74936,10
13.0628900528,80.2114486694,74936,74946,10
13.0631103516,80.2114334106,74946,74956,10
13.0635404587,80.2114181519,74956,74966,10
13.0639200211,80.2114181519,74966,74977,11
13.0645904541,80.211227417,74977,74987,10
13.0652999878,80.2108230591,74987,74997,10
13.0659103394,80.2103500366,74997,75007,10
13.0664701462,80.2098770142,75007,75017,10
13.0670003891,80.2092590332,75017,75027,10
13.0673503876,80.2087020874,75027,75037,10
13.0676803589,80.208190918,75037,75047,10
13.0680704117,80.2075500488,75047,75057,10
13.0685396194,80.2068786621,75057,75067,10
13.0689601898,80.2062606812,75067,75077,10
13.0692796707,80.2057266235,75077,75088,11
13.0694904327,80.2053375244,75088,75118,30
13.0694904327,80.2053375244,75118,75128,10
13.0695400238,80.2052612305,75128,75138,10
13.0696401596,80.2051010132,75138,75148,10
13.0697002411,80.2048873901,75148,75158,10
13.0694704056,80.2047729492,75158,75168,10
13.0691404343,80.2050704956,75168,75178,10
13.0689697266,80.2052993774,75178,75189,11
13.0687503815,80.205078125,75189,75300,111
13.0687599182,80.2046890259,75300,75501,201
13.0687599182,80.2046890259,75501,75512,11
13.0690202713,80.2046737671,75512,75522,10
13.0691900253,80.2046890259,75522,75532,10
13.069439888,80.2047195435,75532,75542,10
13.0696802139,80.204788208,75542,75552,10
13.069849968,80.2047729492,75552,75562,10
13.0699796677,80.2046508789,75562,75572,10
13.070110321,80.2044830322,75572,75582,10
13.0702800751,80.204246521,75582,75592,10
13.0703601837,80.2041320801,75592,75602,10
13.0704698563,80.2039871216,75602,75612,10
13.070599556,80.2038116455,75612,75623,11
13.0707397461,80.2036437988,75623,75633,10
13.0709295273,80.2034301758,75633,75723,90
13.0709295273,80.2034301758,75723,75734,11
13.0713796616,80.2029724121,75734,75744,10
13.0715703964,80.2027435303,75744,75754,10
13.07172966,80.2025604248,75754,75764,10
13.0718698502,80.2023925781,75764,75774,10
13.072019577,80.2022094727,75774,75784,10
13.0721902847,80.2020263672,75784,75794,10
13.0723800659,80.2018203735,75794,75804,10
13.0726900101,80.201423645,75804,75814,10
13.0729103088,80.2011566162,75814,75824,10
13.0731601715,80.2008895874,75824,75835,11
13.0734996796,80.2004776001,75835,75845,10
13.0738801956,80.200012207,75845,75855,10
13.074259758,80.1995925903,75855,75885,30
13.074259758,80.1995925903,75885,75895,10
13.0743503571,80.1994934082,75895,75905,10
13.074549675,80.1992874146,75905,75915,10
13.0748701096,80.1991195679,75915,75925,10
13.0754299164,80.1989974976,75925,75934,9
13.0761203766,80.1989974976,75934,75946,12
13.0771503448,80.198928833,75946,75956,10
13.0781097412,80.1988220215,75956,75966,10
13.0790100098,80.1986999512,75966,75976,10
13.0797100067,80.1986465454,75976,75986,10
13.080450058,80.1985778809,75986,75996,10
13.0812101364,80.1985397339,75996,76006,10
13.0819196701,80.1985168457,76006,76016,10
13.082690239,80.1984634399,76016,76026,10
13.0832595825,80.1984634399,76026,76035,9
13.0835399628,80.1984405518,76035,76047,12
13.0839099884,80.1984176636,76047,76057,10
13.0843400955,80.1984329224,76057,76067,10
13.0845804214,80.1984329224,76067,76077,10
13.0848903656,80.1984176636,76077,76087,10
13.0852003098,80.1984100342,76087,76097,10
13.085559845,80.1983718872,76097,76107,10
13.0858297348,80.198348999,76107,76117,10
13.0866498947,80.1983795166,76117,76137,20
13.0866498947,80.1983795166,76137,76147,10
13.0869102478,80.1983795166,76147,76158,11
13.0870704651,80.1982421875,76158,76168,10
13.087100029,80.1979370117,76168,76178,10
13.0871095657,80.1979217529,76178,76188,10
13.0871696472,80.197593689,76188,76198,10
13.0872001648,80.1970214844,76198,76208,10
13.087220192,80.1962280273,76208,76218,10
13.0872402191,80.1954421997,76218,76228,10
13.0872602463,80.1946868896,76228,76238,10
13.0872898102,80.1938476563,76238,76248,10
13.0872802734,80.1931915283,76248,76259,11
13.0872602463,80.1930236816,76259,76269,10
13.0872802734,80.1928100586,76269,76279,10
13.0873203278,80.1925201416,76279,76289,10
13.087389946,80.1920166016,76289,76299,10
13.0874795914,80.1912765503,76299,76309,10
13.0875997543,80.1904067993,76309,76319,10
13.0877103806,80.1896133423,76319,76329,10
13.0877199173,80.1890792847,76329,76339,10
13.0877199173,80.1890716553,76339,76349,10
13.0877504349,80.1887969971,76349,76359,10
13.087770462,80.1884536743,76359,76370,11
13.087770462,80.1884231567,76370,76380,10
13.0877895355,80.1880722046,76380,76390,10
13.0878095627,80.1875,76390,76400,10
13.087849617,80.1867980957,76400,76410,10
13.0878696442,80.1861724854,76410,76420,10
13.0878801346,80.1856307983,76420,76430,10
13.0879201889,80.1849975586,76430,76440,10
13.0879602432,80.1842193604,76440,76450,10
13.0880002975,80.18334198,76450,76460,10
13.0880298615,80.1824417114,76460,76471,11
13.0880804062,80.181678772,76471,76481,10
13.0881099701,80.180847168,76481,76491,10
13.0881299973,80.1796875,76491,76531,40
13.0881299973,80.1796875,76531,76541,10
13.0881700516,80.1795730591,76541,76551,10
13.0881795883,80.1791381836,76551,76561,10
13.0881204605,80.1788024902,76561,76571,10
13.0881204605,80.1787033081,76571,76582,11
13.088139534,80.178527832,76582,76592,10
13.0881700516,80.1779785156,76592,76602,10
13.0881900787,80.1772232056,76602,76612,10
13.0882396698,80.1764221191,76612,76622,10
13.0883102417,80.1754608154,76622,76632,10
13.0883798599,80.1745223999,76632,76642,10
13.0884504318,80.1737518311,76642,76652,10
13.0885000229,80.1729507446,76652,76662,10
13.0885295868,80.1721725464,76662,76672,10
13.08852005,80.1718292236,76672,76683,11
13.08852005,80.1716918945,76683,76693,10
13.0885295868,80.1711883545,76693,76713,20
13.0885295868,80.1711883545,76713,76723,10
13.0885601044,80.1709518433,76723,76733,10
13.0885696411,80.1703491211,76733,76794,61
13.0885696411,80.1703491211,76794,76804,10
13.0885696411,80.1702194214,76804,76814,10
13.0885801315,80.169883728,76814,76824,10
13.088760376,80.1694488525,76824,76834,10
13.0891504288,80.1695022583,76834,76844,10
13.0897703171,80.1695709229,76844,76854,10
13.0905199051,80.169631958,76854,76864,10
13.0912704468,80.1696929932,76864,76874,10
13.092089653,80.1697387695,76874,76884,10
13.0928001404,80.1697921753,76884,76894,10
13.0935297012,80.1698379517,76894,76905,11
13.0941495895,80.1698989868,76905,76915,10
13.0945997238,80.169921875,76915,76925,10
13.0948400497,80.1699371338,76925,76935,10
13.0951004028,80.1699905396,76935,76945,10
13.095580101,80.1700134277,76945,76955,10
13.0962095261,80.1700286865,76955,76965,10
13.0968599319,80.1700592041,76965,76975,10
13.0975599289,80.1700820923,76975,76985,10
13.0982198715,80.1701126099,76985,76995,10
13.098859787,80.1701507568,76995,77006,11
13.0993003845,80.1701583862,77006,77016,10
13.0994596481,80.1701507568,77016,77026,10
13.0994701385,80.1701507568,77026,77036,10
13.0996103287,80.1700973511,77036,77046,10
13.0996303558,80.1697311401,77046,77076,30
13.0996303558,80.1697311401,77076,77086,10
13.0992698669,80.1700668335,77086,77258,172
13.099240303,80.1702270508,77258,77470,212
13.099240303,80.1702270508,77470,77480,10
13.0992002487,80.1702880859,77480,77490,10
13.0989599228,80.1702575684,77490,77500,10
13.0984296799,80.1702194214,77500,77510,10
13.0976600647,80.170173645,77510,77520,10
13.0968399048,80.1701202393,77520,77530,10
13.0958900452,80.1700592041,77530,77541,11
13.0949802399,80.1700286865,77541,77551,10
13.0948200226,80.1700286865,77551,77561,10
13.094619751,80.1700210571,77561,77571,10
13.0943698883,80.1699981689,77571,77581,10
13.0939598083,80.169960022,77581,77591,10
13.0933599472,80.1698989868,77591,77601,10
13.0925102234,80.1698913574,77601,77611,10
13.0915498734,80.1698226929,77611,77621,10
13.0905103683,80.1697311401,77621,77631,10
13.0894603729,80.169670105,77631,77640,9
13.0888595581,80.169631958,77640,77712,72
13.0888595581,80.169631958,77712,77722,10
13.0887699127,80.1696014404,77722,77732,10
13.0886297226,80.1697692871,77732,77742,10
13.0886001587,80.1701126099,77742,77753,11
13.0885696411,80.1708068848,77753,77763,10
13.0885601044,80.171546936,77763,77773,10
13.088549614,80.1719207764,77773,77783,10
13.0885000229,80.1721878052,77783,77793,10
13.0885000229,80.1728286743,77793,77803,10
13.0884599686,80.1736679077,77803,77813,10
13.0884304047,80.1745605469,77813,77823,10
13.0883598328,80.1753082275,77823,77833,10
13.0883197784,80.1761779785,77833,77843,10
13.088259697,80.1771316528,77843,77853,10
13.0882301331,80.1778335571,77853,77864,11
13.0882196426,80.1785430908,77864,77874,10
13.0882101059,80.1786422729,77874,77884,10
13.0881900787,80.1789398193,77884,77894,10
13.0881795883,80.1794891357,77894,77924,30
13.0881795883,80.1794891357,77924,77934,10
13.0881795883,80.1796569824,77934,77944,10
13.0881595612,80.1800994873,77944,77954,10
13.088139534,80.1808776855,77954,77964,10
13.0881004333,80.1818084717,77964,77975,11
13.0880403519,80.1827163696,77975,77985,10
13.0880002975,80.183631897,77985,77995,10
13.0879802704,80.1847000122,77995,78005,10
13.0879402161,80.1856384277,78005,78015,10
13.0879096985,80.1866607666,78015,78025,10
13.0878896713,80.1877365112,78025,78035,10
13.0878400803,80.1884536743,78035,78045,10
13.0877895355,80.1890792847,78045,78055,10
13.0877599716,80.189743042,78055,78065,10
13.0877504349,80.1898269653,78065,78076,11
13.0876703262,80.1901321411,78076,78086,10
13.0875902176,80.1906967163,78086,78096,10
13.0874996185,80.1914520264,78096,78106,10
13.0873603821,80.1923599243,78106,78116,10
13.0873003006,80.1932983398,78116,78126,10
13.0872802734,80.1943588257,78126,78136,10
13.087269783,80.1953811646,78136,78146,10
13.0872497559,80.1964263916,78146,78156,10
13.087220192,80.1975021362,78156,78166,10
13.0872602463,80.1981964111,78166,78176,10
13.0874204636,80.1984863281,78176,78187,11
13.0879001617,80.1984176636,78187,78197,10
13.0885601044,80.1984024048,78197,78207,10
13.0892400742,80.1984710693,78207,78217,10
13.0899000168,80.1985092163,78217,78227,10
13.0906095505,80.1985778809,78227,78237,10
13.091340065,80.1986465454,78237,78247,10
13.0922203064,80.198677063,78247,78257,10
13.0929498672,80.1987762451,78257,78267,10
13.0929403305,80.1989974976,78267,78277,10
13.0929002762,80.19947052,78277,78288,11
13.0928401947,80.2006225586,78288,78308,20
13.0928401947,80.2006225586,78308,78318,10
13.0927400589,80.2006912231,78318,78328,10
13.0923700333,80.2006378174,78328,78338,10
13.0916500092,80.200630188,78338,78348,10
13.0909099579,80.2005767822,78348,78358,10
13.0903596878,80.2005767822,78358,78368,10
13.0896196365,80.2005233765,78368,78378,10
13.0889196396,80.2004776001,78378,78388,10
13.0882701874,80.2004623413,78388,78399,11
13.0872602463,80.2004699707,78399,78409,10
13.0865402222,80.2004318237,78409,78419,10
13.0857095718,80.2004089355,78419,78429,10
13.0852298737,80.200340271,78429,78439,10
13.0852098465,80.200340271,78439,78449,10
13.0852203369,80.1999969482,78449,78459,10
13.0852499008,80.1994628906,78459,78469,10
13.0852298737,80.1988830566,78469,78479,10
13.0850400925,80.1987380981,78479,78489,10
13.0846595764,80.1987533569,78489,78500,11
13.0841598511,80.1987380981,78500,78510,10
13.0840597153,80.1987075806,78510,78520,10
13.0836896896,80.1987075806,78520,78530,10
13.0830802917,80.1986999512,78530,78560,30
13.0830802917,80.1986999512,78560,78570,10
13.0829000473,80.1986999512,78570,78580,10
13.0824804306,80.198677063,78580,78590,10
13.0819501877,80.1986923218,78590,78600,10
13.0815696716,80.1986999512,78600,78611,11
13.0809297562,80.198677063,78611,78621,10
13.0802297592,80.1987380981,78621,78631,10
13.0794496536,80.1988220215,78631,78641,10
13.0785999298,80.198890686,78641,78651,10
13.0776796341,80.1989898682,78651,78661,10
13.0769195557,80.1990814209,78661,78671,10
13.0763902664,80.1991271973,78671,78681,10
13.0756597519,80.1992263794,78681,78691,10
13.074839592,80.1994400024,78691,78701,10
13.074090004,80.1999588013,78701,78712,11
13.0736999512,80.2004089355,78712,78722,10
13.0736303329,80.2005081177,78722,78732,10
13.0733299255,80.2008666992,78732,78742,10
13.0728397369,80.2014465332,78742,78752,10
13.0725097656,80.2018432617,78752,78762,10
13.0723695755,80.202041626,78762,78772,10
13.0720901489,80.202331543,78772,78782,10
13.0716295242,80.2028121948,78782,78792,10
13.0710601807,80.203453064,78792,78802,10
13.0704498291,80.2041625977,78802,78812,10
13.069849968,80.2050170898,78812,78833,21
13.069849968,80.2050170898,78833,78843,10
13.0696401596,80.2049865723,78843,78853,10
13.0694198608,80.2048492432,78853,78863,10
13.0692100525,80.2050170898,78863,78873,10
13.0689001083,80.2054214478,78873,78883,10
13.0683097839,80.2054519653,78883,78893,10
13.0679397583,80.2053985596,78893,78934,41
13.0679397583,80.2053985596,78934,78944,10
13.0679502487,80.2051467896,78944,78954,10
13.0681800842,80.2049636841,78954,78964,10
13.0683603287,80.2049179077,78964,78974,10
13.0683698654,80.2049179077,78974,78984,10
13.0685796738,80.204826355,78984,78994,10
13.0688400269,80.2047424316,78994,79004,10
13.0691299438,80.2046966553,79004,79014,10
13.0692195892,80.2047195435,79014,79024,10
13.0693597794,80.204750061,79024,79035,11
13.0695695877,80.2048034668,79035,79045,10
13.069609642,80.2048187256,79045,79055,10
13.0697202682,80.2048568726,79055,79065,10
13.0698099136,80.205116272,79065,79075,10
13.0695295334,80.2055892944,79075,79085,10
13.0690898895,80.2062530518,79085,79095,10
13.0685901642,80.2070617676,79095,79105,10
13.0679998398,80.2080001831,79105,79115,10
13.0674800873,80.2087783813,79115,79125,10
13.0669403076,80.2096099854,79125,79135,10
13.0662899017,80.2103271484,79135,79146,11
13.0659599304,80.2105865479,79146,79156,10
13.0655403137,80.2109603882,79156,79166,10
13.0650596619,80.2113189697,79166,79176,10
13.0650396347,80.2113418579,79176,79186,10
13.0649499893,80.2114028931,79186,79196,10
13.0646896362,80.2115631104,79196,79206,10
13.0641403198,80.2117614746,79206,79216,10
13.0634498596,80.2118377686,79216,79226,10
13.0627298355,80.2118606567,79226,79235,9
13.0621204376,80.2118377686,79235,79247,12
13.0610904694,80.211769104,79247,79257,10
13.0600500107,80.2117385864,79257,79267,10
13.0589399338,80.2117004395,79267,79277,10
13.0581302643,80.2116775513,79277,79287,10
13.0578298569,80.2116622925,79287,79297,10
13.0575799942,80.2116394043,79297,79307,10
13.0569896698,80.2116470337,79307,79317,10
13.0562095642,80.2116317749,79317,79327,10
13.0552396774,80.2116394043,79327,79337,10
13.0545597076,80.2116622925,79337,79347,10
13.0542402267,80.2116699219,79347,79358,11
13.0535497665,80.2118225098,79358,79368,10
13.0527496338,80.2120285034,79368,79377,9
13.0520000458,80.2122421265,79377,79388,11
13.0512104034,80.2122573853,79388,79398,10
13.0508403778,80.2122192383,79398,79408,10
13.0505895615,80.2122116089,79408,79418,10
13.0500898361,80.2121963501,79418,79428,10
13.0495901108,80.2121963501,79428,79448,20
13.0495901108,80.2121963501,79448,79459,11
13.0493297577,80.2121734619,79459,79469,10
13.0489397049,80.2121963501,79469,79479,10
13.0482597351,80.2122497559,79479,79489,10
13.0474004745,80.2123184204,79489,79499,10
13.0463495255,80.2123413086,79499,79509,10
13.0452804565,80.2124176025,79509,79519,10
13.0445899963,80.2124481201,79519,79529,10
13.0443296432,80.2124710083,79529,79539,10
13.0438404083,80.2124633789,79539,79549,10
13.0431499481,80.2124710083,79549,79558,9
13.0423898697,80.2124710083,79558,79570,12
13.0412597656,80.2124481201,79570,79580,10
13.040140152,80.2124633789,79580,79590,10
13.0389204025,80.2124710083,79590,79600,10
13.037899971,80.2124404907,79600,79620,20
13.037899971,80.2124404907,79620,79630,10
13.037610054,80.2124481201,79630,79640,10
13.0373296738,80.2124176025,79640,79650,10
13.03703022,80.2123794556,79650,79660,10
13.0365600586,80.2123413086,79660,79671,11
13.0356702805,80.2123413086,79671,79681,10
13.0346298218,80.2122421265,79681,79761,80
13.0346298218,80.2122421265,79761,79771,10
13.034070015,80.2121734619,79771,79782,11
13.0336198807,80.2120513916,79782,79792,10
13.0331697464,80.2119369507,79792,79802,10
13.0327100754,80.2118606567,79802,79812,10
13.0321102142,80.211769104,79812,79822,10
13.031920433,80.2113571167,79822,79832,10
13.0319900513,80.2108306885,79832,79842,10
13.0320301056,80.2101974487,79842,79852,10
13.0319499969,80.2096633911,79852,79862,10
13.0312700272,80.2095031738,79862,79872,10
13.0307102203,80.2093734741,79872,79883,11
13.0304698944,80.2092895508,79883,79893,10
13.0299701691,80.2091293335,79893,79903,10
13.0295095444,80.2089996338,79903,79913,10
13.0294599533,80.2089996338,79913,79923,10
13.0290699005,80.2088623047,79923,79933,10
13.0283203125,80.2086486816,79933,79943,10
13.0275497437,80.2083435059,79943,79953,10
13.02684021,80.2079162598,79953,79963,10
13.0261201859,80.2074737549,79963,79973,10
13.0252599716,80.2071075439,79973,79983,10
13.0243797302,80.2069702148,79983,79994,11
13.0241804123,80.2069168091,79994,80004,10
13.0238399506,80.2068328857,80004,80014,10
13.0232496262,80.2066802979,80014,80024,10
13.0224199295,80.2065200806,80024,80034,10
13.0214595795,80.2064819336,80034,80044,10
13.0203895569,80.2064819336,80044,80054,10
13.0193395615,80.206451416,80054,80064,10
13.0190200806,80.2063827515,80064,80074,10
13.0188999176,80.2063369751,80074,80084,10
13.0184497833,80.2061691284,80084,80095,11
13.0177297592,80.2059173584,80095,80105,10
13.0172100067,80.2057266235,80105,80115,10
13.0168895721,80.2055969238,80115,80125,10
13.0164403915,80.2053222656,80125,80135,10
13.0156002045,80.205078125,80135,80145,10
13.0147199631,80.2048187256,80145,80155,10
13.0142097473,80.2046432495,80155,80165,10
13.0139703751,80.2045593262,80165,80175,10
13.0136499405,80.204460144,80175,80185,10
13.0135202408,80.2047195435,80185,80195,10
13.0133304596,80.2053222656,80195,80206,11
13.0130596161,80.2061462402,80206,80216,10
13.0129404068,80.2071075439,80216,80226,10
13.0128602982,80.2077484131,80226,80236,10
13.0128097534,80.2080383301,80236,80246,10
13.0128097534,80.208442688,80246,80256,10
13.012840271,80.2088012695,80256,80266,10
13.012960434,80.2093505859,80266,80276,10
13.0131101608,80.2098922729,80276,80286,10
13.0130300522,80.2106704712,80286,80296,10
13.0126895905,80.211479187,80296,80307,11
13.0122299194,80.2122497559,80307,80317,10
13.0118398666,80.2128067017,80317,80327,10
13.0116100311,80.2127380371,80327,80337,10
13.0111703873,80.2124176025,80337,80347,10
13.0105695724,80.2119674683,80347,80357,10
13.0100097656,80.2115402222,80357,80367,10
13.0094804764,80.2111434937,80367,80387,20
13.0094804764,80.2111434937,80387,80397,10
13.0092601776,80.2110595703,80397,80407,10
13.0090999603,80.2113037109,80407,80418,11
13.0090503693,80.2117385864,80418,80428,10
13.0092201233,80.2123718262,80428,80438,10
13.0094499588,80.2130203247,80438,80448,10
13.0096797943,80.2136535645,80448,80458,10
13.009929657,80.2142486572,80458,80468,10
13.0101099014,80.2149200439,80468,80478,10
13.0101995468,80.2155990601,80478,80488,10
13.0104503632,80.2162322998,80488,80498,10
13.010840416,80.2170791626,80498,80508,10
13.0112895966,80.2180709839,80508,80519,11
13.0117197037,80.2192382813,80519,80529,10
13.0120601654,80.2202987671,80529,80539,10
13.0122900009,80.2210617065,80539,80549,10
13.0124998093,80.2216491699,80549,80559,10
13.0129299164,80.2222671509,80559,80569,10
13.0134801865,80.2229385376,80569,80579,10
13.0140600204,80.2236022949,80579,80589,10
13.0145998001,80.2242507935,80589,80599,10
13.0151500702,80.224899292,80599,80609,10
13.0152797699,80.2250976563,80609,80619,10
13.0153903961,80.2253799438,80619,80630,11
13.0153398514,80.2256774902,80630,80640,10
13.0149803162,80.2259521484,80640,80650,10
13.0143699646,80.2261886597,80650,80660,10
13.0136203766,80.2265014648,80660,80670,10
13.0127000809,80.2268676758,80670,80680,10
13.0117797852,80.2272415161,80680,80690,10
13.0108995438,80.2276000977,80690,80700,10
13.0099802017,80.2279586792,80700,80710,10
13.0094604492,80.2276763916,80710,80720,10
13.0097103119,80.227142334,80720,80731,11
13.0100297928,80.2264022827,80731,80741,10
13.0103397369,80.2256164551,80741,80751,10
13.0107002258,80.224822998,80751,80761,10
13.01101017,80.2240371704,80761,80771,10
13.0112199783,80.2234802246,80771,80781,10
13.0111703873,80.2231063843,80781,80791,10
13.0106897354,80.2228775024,80791,80801,10
13.0103702545,80.2227172852,80801,80811,10
13.0098695755,80.2224578857,80811,80821,10
13.0092496872,80.2221298218,80821,80831,10
13.0087795258,80.2218780518,80831,80842,11
13.0080604553,80.2214813232,80842,80852,10
13.0072898865,80.2210769653,80852,80862,10
13.0064496994,80.2206802368,80862,80872,10
13.0054702759,80.2204437256,80872,80882,10
13.0046901703,80.2202606201,80882,80892,10
13.004070282,80.2201080322,80892,80902,10
13.0034399033,80.2199707031,80902,80913,11
13.002699852,80.2196731567,80913,80923,10
13.0020704269,80.2191314697,80923,80933,10
13.0015802383,80.2186508179,80933,80944,11
13.0008802414,80.218132019,80944,80954,10
13.0002698898,80.2177429199,80954,80964,10
12.9996204376,80.217338562,80964,80974,10
12.9989595413,80.2169876099,80974,80984,10
12.9982795715,80.2166671753,80984,80994,10
12.9979801178,80.2165985107,80994,81004,10
12.9978904724,80.2165985107,81004,81014,10
12.9976196289,80.2165298462,81014,81024,10
12.9972295761,80.216506958,81024,81034,10
12.996720314,80.2165374756,81034,81043,9
12.9962301254,80.2166366577,81043,81055,12
12.9955101013,80.2168426514,81055,81065,10
12.9949798584,80.2171401978,81065,81075,10
12.9945201874,80.2174835205,81075,81085,10
12.9941596985,80.2177200317,81085,81095,10
12.9938602448,80.2179412842,81095,81105,10
12.993350029,80.2183074951,81105,81115,10
12.9928302765,80.2186965942,81115,81125,10
12.9921703339,80.2192001343,81125,81135,10
12.9915704727,80.219619751,81135,81144,9
12.9911499023,80.2195587158,81144,81156,12
12.9903001785,80.2192306519,81156,81166,10
12.9896497726,80.2189865112,81166,81176,10
12.9890098572,80.2187576294,81176,81186,10
12.9883699417,80.2185516357,81186,81196,10
12.9877700806,80.218421936,81196,81206,10
12.9874200821,80.2183609009,81206,81216,10
12.9870500565,80.2182998657,81216,81226,10
12.9869003296,80.2182769775,81226,81236,10
12.9864997864,80.2181777954,81236,81246,10
12.9858999252,80.2180404663,81246,81256,10
12.985039711,80.2179718018,81256,81267,11
12.9842395782,80.2180023193,81267,81277,10
12.984000206,80.2180175781,81277,81287,10
12.9836702347,80.2180175781,81287,81297,10
12.9830904007,80.2180023193,81297,81307,10
12.9824399948,80.2180023193,81307,81317,10
12.9817199707,80.2180099487,81317,81327,10
12.9809799194,80.2182235718,81327,81337,10
12.980389595,80.2184066772,81337,81347,10
12.9797496796,80.2186737061,81347,81357,10
12.9793195724,80.2188568115,81357,81368,11
12.9788599014,80.2190475464,81368,81378,10
12.9784498215,80.2192306519,81378,81388,10
12.9778299332,80.2194900513,81388,81398,10
12.9771995544,80.2197189331,81398,81408,10
12.9766197205,80.2199478149,81408,81418,10
12.9760904312,80.220199585,81418,81428,10
12.975569725,80.2205123901,81428,81479,51
12.975569725,80.2205123901,81479,81489,10
12.9755296707,80.2208023071,81489,81499,10
12.9757499695,80.2210388184,81499,81509,10
12.9761800766,80.2212677002,81509,81519,10
12.9766798019,80.221282959,81519,81529,10
12.9772596359,80.2212600708,81529,81539,10
12.9777603149,80.2212295532,81539,81549,10
12.9784402847,80.2211990356,81549,81559,10
12.979060173,80.2211685181,81559,81569,10
12.9796800613,80.2211227417,81569,81579,10
12.9802999496,80.2210464478,81579,81590,11
12.980890274,80.2210083008,81590,81600,10
12.9814996719,80.2212982178,81600,81610,10
12.9822597504,80.2217712402,81610,81650,40
12.9822597504,80.2217712402,81650,81660,10
12.9827604294,80.2218704224,81660,81670,10
12.9830904007,80.2220535278,81670,81680,10
12.9834699631,80.222328186,81680,81691,11
12.9840602875,80.22265625,81691,81701,10
12.9845104218,80.2229385376,81701,81711,10
12.9849500656,80.223197937,81711,81721,10
12.9853496552,80.2232894897,81721,81731,10
12.9856901169,80.2230300903,81731,81741,10
12.9864702225,80.2229919434,81741,81761,20
12.9864702225,80.2229919434,81761,81771,10
12.9868297577,80.2230606079,81771,81781,10
12.9873304367,80.2231063843,81781,81791,10
12.9878902435,80.2229995728,81791,81802,11
12.9885597229,80.2224502563,81802,81812,10
12.9890899658,80.2218322754,81812,81822,10
12.9895200729,80.2213592529,81822,81832,10
12.9900503159,80.2206802368,81832,81842,10
12.9907999039,80.2200622559,81842,81852,10
12.9914798737,80.2195205688,81852,81862,10
12.9922800064,80.218963623,81862,81872,10
12.9931402206,80.2183532715,81872,81882,10
12.9938201904,80.2178421021,81882,81891,9
12.9944000244,80.2174301147,81891,81903,12
12.9948797226,80.2170715332,81903,81913,10
12.9952001572,80.2168731689,81913,81923,10
12.9956798553,80.2166595459,81923,81933,10
12.9961700439,80.2165374756,81933,81943,10
12.9968004227,80.216468811,81943,81953,10
12.9972896576,80.2163085938,81953,81963,10
12.9976196289,80.2160110474,81963,81973,10
12.9981498718,80.2155838013,81973,81983,10
12.9986896515,80.2151184082,81983,81993,10
12.9991598129,80.2147674561,81993,82003,10
12.9994602203,80.2144927979,82003,82014,11
12.9998998642,80.2140731812,82014,82024,10
13.0003404617,80.2136611938,82024,82034,10
13.00096035,80.213142395,82034,82044,10
13.0014896393,80.2127532959,82044,82054,10
13.0019798279,80.212387085,82054,82064,10
13.002579689,80.2121276855,82064,82074,10
13.0031604767,80.2120819092,82074,82084,10
13.0036497116,80.2119369507,82084,82094,10
13.0036802292,80.211479187,82094,82104,10
13.0036401749,80.2107772827,82104,82115,11
13.0035400391,80.2099533081,82115,82125,10
13.0036001205,80.209197998,82125,82135,10
13.0039100647,80.2086181641,82135,82145,10
13.0046901703,80.2089385986,82145,82155,10
13.0056200027,80.2093276978,82155,82165,10
13.0065498352,80.2096405029,82165,82175,10
13.0073900223,80.2098617554,82175,82185,10
13.0078802109,80.2099227905,82185,82195,10
13.0079698563,80.2099533081,82195,82205,10
13.0081596375,80.2098236084,82205,82215,10
13.0080404282,80.2092590332,82215,82226,11
13.0078897476,80.2083282471,82226,82236,10
13.0077295303,80.2074127197,82236,82246,10
13.0075702667,80.2066574097,82246,82256,10
13.0074596405,80.2060317993,82256,82266,10
13.0072603226,80.2053604126,82266,82276,10
13.0069303513,80.2046279907,82276,82286,10
13.0065898895,80.203918457,82286,82296,10
13.0061702728,80.2033081055,82296,82306,10
13.00578022,80.2026977539,82306,82316,10
13.0055398941,80.2021636963,82316,82327,11
13.0050296783,80.2015686035,82327,82337,10
13.0045900345,80.2012329102,82337,82347,10
13.0039997101,80.2010498047,82347,82357,10
13.0034303665,80.2008972168,82357,82367,10
13.002820015,80.2006988525,82367,82377,10
13.0021295547,80.2003631592,82377,82387,10
13.0017499924,80.1998596191,82387,82397,10
13.0016498566,80.199432373,82397,82407,10
13.001709938,80.1988372803,82407,82417,10
13.0018501282,80.198097229,82417,82427,10
13.0019397736,80.1972503662,82427,82438,11
13.001540184,80.1963424683,82438,82448,10
13.0011100769,80.1958389282,82448,82458,10
13.0007400513,80.1953277588,82458,82468,10
13.0002698898,80.194732666,82468,82478,10
12.9998102188,80.194152832,82478,82488,10
12.999329567,80.1935272217,82488,82498,10
12.9989404678,80.1930923462,82498,82508,10
12.9984798431,80.1924819946,82508,82518,10
12.998049736,80.1924819946,82518,82528,10
12.997469902,80.1929779053,82528,82539,11
12.9969701767,80.1933364868,82539,82549,10
12.9967603683,80.1931381226,82549,82559,10
12.9966201782,80.1925964355,82559,82569,10
12.9963998795,80.1918182373,82569,82589,20
12.996339798,80.1916122437,82589,82650,61
12.9962997437,80.1914215088,82650,83275,625
12.9962997437,80.1914215088,83275,83285,10
12.996339798,80.1913909912,83285,83296,11
12.9966201782,80.1912231445,83296,83629,333
12.9966201782,80.1912231445,83629,83639,10
12.9968795776,80.1909179688,83639,83982,343
12.9968795776,80.1909179688,83982,83992,10
12.9970397949,80.1909790039,83992,84002,10
12.9968299866,80.1912612915,84002,84093,91
12.9968299866,80.1912612915,84093,84103,10
12.9968299866,80.1912078857,84103,84184,81
12.9967803955,80.1912078857,84184,84557,373
