12.9974899292,80.2573471069,11,3563,3552
12.9974899292,80.2573471069,3563,3573,10
12.9970998764,80.2576599121,3573,3583,10
12.9976196289,80.2574920654,3583,3603,20
12.9976301193,80.2571029663,3603,3674,71
12.9976301193,80.2571029663,3674,3684,10
12.9974403381,80.2569122314,3684,3745,61
12.9974403381,80.2569122314,3745,3755,10
12.9976797104,80.2570571899,3755,4108,353
12.9976196289,80.2570266724,4108,4663,555
12.9976501465,80.2569885254,4663,5329,666
12.9976396561,80.256980896,5329,6907,1578
12.9975404739,80.2569885254,6907,10792,3885
12.9974899292,80.2571182251,10792,10843,51
12.9975795746,80.2570724487,10843,11761,918
12.9975299835,80.2570571899,11761,12407,646
12.9975996017,80.256942749,12407,14487,2080
12.9975204468,80.2569732666,14487,14669,182
12.9975700378,80.2569732666,14669,16052,1383
12.9976797104,80.2570571899,16052,16467,415
12.9976196289,80.2570037842,16467,16749,282
12.9976301193,80.2570266724,16749,17193,444
12.9976196289,80.2570571899,17193,17779,586
12.9976196289,80.256980896,17779,20443,2664
12.9976196289,80.256980896,20443,20453,10
12.9975500107,80.2569503784,20453,22674,2221
12.9975204468,80.2570037842,22674,25098,2424
12.9975204468,80.2570037842,25098,25108,10
12.9974403381,80.2569732666,25108,25118,10
12.9975299835,80.2567520142,25118,25128,10
12.9976396561,80.2566680908,25128,25139,11
12.9981899261,80.256729126,25139,25149,10
12.9982204437,80.2571105957,25149,25159,10
12.9978599548,80.2568206787,25159,25169,10
12.9977302551,80.2563934326,25169,25179,10
12.9977397919,80.2562103271,25179,25250,71
12.9977397919,80.2562103271,25250,25260,10
12.997759819,80.2559585571,25260,25270,10
12.9975500107,80.2559127808,25270,25280,10
12.9972696304,80.2559204102,25280,25290,10
12.9972496033,80.2559204102,25290,25300,10
12.9970302582,80.2559432983,25300,25310,10
12.9968900681,80.2564620972,25310,25320,10
12.9968299866,80.2571792603,25320,25330,10
12.9967498779,80.2580566406,25330,25340,10
12.9966497421,80.2589111328,25340,25350,10
12.9965400696,80.2596893311,25350,25361,11
12.9964599609,80.2606201172,25361,25371,10
12.9963903427,80.2612762451,25371,25381,10
12.996339798,80.26171875,25381,25391,10
12.9962596893,80.262298584,25391,25401,10
12.9961900711,80.2629776001,25401,25411,10
12.9961004257,80.2637634277,25411,25421,10
12.9960098267,80.264503479,25421,25431,10
12.995880127,80.2651977539,25431,26053,622
12.995880127,80.2651977539,26053,26065,12
13.0061798096,80.2573623657,26065,26075,10
13.006529808,80.257232666,26075,26084,9
13.006480217,80.2563934326,26084,26095,11
13.0065202713,80.2554321289,26095,26105,10
13.0066795349,80.2545776367,26105,26116,11
13.0067300797,80.2534408569,26116,26126,10
13.0064401627,80.2528381348,26126,26136,10
13.0063295364,80.2521514893,26136,26146,10
13.0062503815,80.2515792847,26146,26156,10
13.006360054,80.2526931763,26156,26165,9
13.0065002441,80.2522888184,26165,26176,11
13.006529808,80.2518997192,26176,26186,10
13.0064001083,80.2514724731,26186,26227,41
13.0067796707,80.2514190674,26227,26628,401
13.0067796707,80.2514190674,26628,26638,10
13.0111398697,80.2229232788,26638,26648,10
13.0114898682,80.2226028442,26648,26659,11
13.0129404068,80.2215270996,26659,26669,10
13.0124702454,80.2214584351,26669,26679,10
13.0131397247,80.221031189,26679,26699,20
13.0131397247,80.221031189,26699,26709,10
13.0148696899,80.223197937,26709,26719,10
13.0146198273,80.2240066528,26719,26729,10
13.0151596069,80.2246398926,26729,26739,10
13.0153198242,80.2248382568,26739,26749,10
13.0154495239,80.2249069214,26749,26759,10
13.0157299042,80.2251968384,26759,26770,11
13.0164699554,80.2252426147,26770,26780,10
13.017370224,80.2249526978,26780,26790,10
13.0181903839,80.2246398926,26790,26800,10
13.0190200806,80.2243423462,26800,26810,10
13.0193996429,80.2243118286,26810,26820,10
13.0195398331,80.2243804932,26820,26830,10
13.0199604034,80.2247009277,26830,26840,10
13.0205898285,80.2251586914,26840,26850,10
13.0213603973,80.225769043,26850,26860,10
13.0220603943,80.2262802124,26860,26870,10
13.0227603912,80.2269363403,26870,26881,11
13.0236101151,80.2276916504,26881,26891,10
13.0243997574,80.2285003662,26891,26911,20
13.0243997574,80.2285003662,26911,26921,10
13.0244197845,80.2285690308,26921,26937,16
13.024889946,80.2292022705,26937,26949,12
13.0254602432,80.2300186157,26949,26959,10
13.0258102417,80.2305984497,26959,26969,10
13.025970459,80.2309875488,26969,26979,10
13.0260000229,80.2311019897,26979,26990,11
13.0261697769,80.2313232422,26990,27000,10
13.0266799927,80.2312393188,27000,27010,10
13.0277099609,80.231010437,27010,27020,10
13.0285196304,80.2309188843,27020,27029,9
13.0286302567,80.2309494019,27029,27040,11
13.0291500092,80.2309036255,27040,27050,10
13.0295295715,80.2308425903,27050,27060,10
13.0300397873,80.230796814,27060,27070,10
13.0306596756,80.2307434082,27070,27081,11
13.0306997299,80.2304534912,27081,27092,11
13.0305500031,80.2298278809,27092,27102,10
13.0303297043,80.2292327881,27102,27111,9
13.0303401947,80.2286834717,27111,27122,11
13.0302801132,80.2282714844,27122,27132,10
13.0302600861,80.2281036377,27132,27142,10
13.0302400589,80.2273406982,27142,27152,10
13.030090332,80.2270889282,27152,27162,10
13.0300598145,80.2270431519,27162,27172,10
13.0283699036,80.2270202637,27172,27182,10
13.0279197693,80.2270126343,27182,27192,10
13.0279798508,80.2264709473,27192,27202,10
13.0281200409,80.2258224487,27202,27213,11
13.0282802582,80.2250823975,27213,27223,10
13.0283899307,80.2244033813,27223,27233,10
13.0286397934,80.2240371704,27233,27249,16
13.0290298462,80.2241973877,27249,27261,12
13.0297603607,80.2242889404,27261,27271,10
13.0303897858,80.2243118286,27271,27281,10
13.0309801102,80.2242965698,27281,27291,10
13.0311603546,80.2238769531,27291,27299,8
13.0311803818,80.2233963013,27299,27311,12
13.0312204361,80.2231063843,27311,27322,11
13.031370163,80.2226409912,27322,27332,10
13.0316696167,80.2220535278,27332,27342,10
13.0319700241,80.2214584351,27342,27353,11
13.0321798325,80.2205963135,27353,27363,10
13.0322599411,80.2197799683,27363,27383,20
13.0322599411,80.2197799683,27383,27393,10
13.0322599411,80.2192687988,27393,27403,10
13.0321998596,80.2185821533,27403,27413,10
13.0315504074,80.2182998657,27413,27426,13
13.0314798355,80.2173233032,27426,27436,10
13.0313396454,80.2169799805,27436,27446,10
13.03083992,80.2169494629,27446,27456,10
13.0304899216,80.2167434692,27456,27466,10
13.0304698944,80.2165374756,27466,27476,10
13.0304498672,80.2160568237,27476,27486,10
13.0304203033,80.2153625488,27486,27496,10
13.0304002762,80.2146835327,27496,27506,10
13.0304603577,80.2141494751,27506,27516,10
13.0304803848,80.2139205933,27516,27526,10
13.0305299759,80.2136001587,27526,27537,11
13.030579567,80.2131881714,27537,27547,10
13.030670166,80.2126693726,27547,27557,10
13.0307703018,80.2119216919,27557,27567,10
13.03083992,80.2115631104,27567,27577,10
13.0308904648,80.2110900879,27577,27587,10
13.0309200287,80.2108306885,27587,27597,10
13.0310201645,80.2102737427,27597,27607,10
13.0309696198,80.2100906372,27607,27617,10
13.030670166,80.2099990845,27617,27627,10
13.0301198959,80.2098236084,27627,27637,10
13.0301504135,80.2091827393,27637,27718,81
13.0301504135,80.2091827393,27718,27728,10
13.030380249,80.2090682983,27728,27738,10
13.0310201645,80.2092437744,27738,27749,11
13.0319404602,80.2094802856,27749,27759,10
13.0328998566,80.2096633911,27759,27769,10
13.0340299606,80.2098388672,27769,27779,10
13.0348596573,80.2099533081,27779,27789,10
13.0351800919,80.2095718384,27789,27799,10
13.0352802277,80.2089004517,27799,27809,10
13.0353002548,80.2087631226,27809,27819,10
13.035369873,80.2083816528,27819,27829,10
13.0354003906,80.2080001831,27829,27839,10
13.0355195999,80.2072677612,27839,27849,10
13.0356798172,80.2063293457,27849,27860,11
13.0358200073,80.2052993774,27860,27870,10
13.0359201431,80.2045822144,27870,27880,10
13.0360498428,80.2038803101,27880,27890,10
13.0361995697,80.202911377,27890,27900,10
13.0363502502,80.2018508911,27900,27910,10
13.03647995,80.2009124756,27910,27919,9
13.0366201401,80.1999664307,27919,27929,10
13.0367698669,80.1988830566,27929,27940,11
13.0369195938,80.1979370117,27940,27950,10
13.0370197296,80.1972885132,27950,27960,10
13.0370903015,80.1967391968,27960,27971,11
13.037150383,80.1963500977,27971,27981,10
13.0371799469,80.1960525513,27981,27991,10
13.0372695923,80.1954803467,27991,28001,10
13.0373897552,80.194732666,28001,28011,10
13.0375003815,80.1938400269,28011,28021,10
13.0376195908,80.1931228638,28021,28031,10
13.0377998352,80.1928100586,28031,28041,10
13.0380296707,80.1927566528,28041,28051,10
13.0384597778,80.192817688,28051,28061,10
13.0388298035,80.1928634644,28061,28072,11
13.0389604568,80.1929016113,28072,28082,10
13.039349556,80.1929702759,28082,28092,10
13.0399999619,80.1930923462,28092,28102,10
13.0406303406,80.1931381226,28102,28112,10
13.0412597656,80.1932373047,28112,28122,10
13.041970253,80.1932525635,28122,28203,81
13.041970253,80.1932525635,28203,28213,10
13.0410499573,80.1993637085,28213,28233,20
13.0410499573,80.1993637085,28233,28243,10
13.0405902863,80.2007064819,28243,29291,1048
13.0405902863,80.2007064819,29291,29301,10
13.0498399734,80.212097168,29301,29311,10
13.0497198105,80.2121582031,29311,29320,9
13.049369812,80.2120895386,29320,29330,10
13.0493898392,80.2121887207,29330,29341,11
13.0493898392,80.2123794556,29341,29351,10
13.0489997864,80.2129516602,29351,29361,10
13.0476799011,80.2124023438,29361,29371,10
13.0468997955,80.2123794556,29371,29382,11
13.0458402634,80.2123184204,29382,29392,10
13.0450696945,80.212348938,29392,29402,10
13.0448303223,80.2123718262,29402,29412,10
13.0448102951,80.2123718262,29412,29422,10
13.0445604324,80.2123718262,29422,29432,10
13.0442199707,80.2120513916,29432,29442,10
13.0441999435,80.2113723755,29442,29452,10
13.0441598892,80.2105712891,29452,29462,10
13.0440702438,80.2098770142,29462,29472,10
13.0440702438,80.2088928223,29472,29493,21
13.0440702438,80.2088928223,29493,29503,10
13.0441303253,80.2088088989,29503,29513,10
13.0441598892,80.2084197998,29513,29523,10
13.0439996719,80.2076187134,29523,29533,10
13.0436000824,80.2069625854,29533,29543,10
13.0430898666,80.2062225342,29543,29553,10
13.042599678,80.205581665,29553,29563,10
13.0419197083,80.2052612305,29563,29573,10
13.0414304733,80.2052001953,29573,29583,10
13.0408601761,80.205116272,29583,29594,11
13.0407304764,80.2051010132,29594,29604,10
13.0406198502,80.2050704956,29604,29614,10
13.0402402878,80.2050323486,29614,29624,10
13.0397100449,80.2049331665,29624,29634,10
13.0390996933,80.2048492432,29634,29644,10
13.0384101868,80.2047805786,29644,29654,10
13.0381402969,80.2046203613,29654,29664,10
13.0381803513,80.2043228149,29664,29674,10
13.0382604599,80.2037963867,29674,29684,10
13.038359642,80.203086853,29684,29694,10
13.0384397507,80.2024765015,29694,29705,11
13.0385303497,80.2018890381,29705,29715,10
13.0385398865,80.2018737793,29715,29725,10
13.038599968,80.2015762329,29725,29735,10
13.0386695862,80.2011413574,29735,29745,10
13.038769722,80.2004776001,29745,29755,10
13.038860321,80.1998214722,29755,29765,10
13.0389204025,80.1992797852,29765,29775,10
13.0389699936,80.1990432739,29775,29785,10
13.0390501022,80.1985626221,29785,29795,10
13.0391302109,80.1979293823,29795,29805,10
13.0393104553,80.1968612671,29805,29826,21
13.0393104553,80.1968612671,29826,29836,10
13.0393295288,80.1968002319,29836,29846,10
13.0393695831,80.1965026855,29846,29856,10
13.0394296646,80.1960067749,29856,29866,10
13.0395097733,80.1953582764,29866,29876,10
13.0395898819,80.1945800781,29876,29886,10
13.0397195816,80.1937026978,29886,29896,10
13.0397901535,80.1932525635,29896,29917,21
13.0397901535,80.1932525635,29917,29927,10
13.0396995544,80.193031311,29927,29937,10
13.0393400192,80.1929702759,29937,29947,10
13.0388402939,80.1928863525,29947,29957,10
13.0386104584,80.1928482056,29957,29987,30
13.0386104584,80.1928482056,29987,29997,10
13.0382299423,80.1928100586,29997,30007,10
13.0378704071,80.1928100586,30007,30017,10
13.0375995636,80.1932067871,30017,30028,11
13.0375003815,80.193977356,30028,30038,10
13.0374002457,80.1947402954,30038,30048,10
13.0373096466,80.1955337524,30048,30058,10
13.0372495651,80.1960372925,30058,30078,20
13.0372495651,80.1960372925,30078,30088,10
13.0371904373,80.1960983276,30088,30098,10
13.0371398926,80.1963577271,30098,30108,10
13.0370798111,80.1968994141,30108,30118,10
13.0369701385,80.197593689,30118,30128,10
13.0368995667,80.1982116699,30128,30139,11
13.0368499756,80.1986999512,30139,30199,60
13.0368499756,80.1986999512,30199,30209,10
13.0368003845,80.1988296509,30209,30219,10
13.036740303,80.1991577148,30219,30229,10
13.0366401672,80.1997375488,30229,30239,10
13.036529541,80.2004470825,30239,30250,11
13.0364398956,80.201133728,30250,30260,10
13.0363998413,80.2014694214,30260,30270,10
13.0363798141,80.2018127441,30270,30300,30
13.0363798141,80.2018127441,30300,30310,10
13.0363397598,80.202003479,30310,30320,10
13.0363101959,80.2022399902,30320,30330,10
13.0362195969,80.2027206421,30330,30340,10
13.0361404419,80.2032928467,30340,30351,11
13.0360603333,80.203956604,30351,30361,10
13.0360202789,80.2043533325,30361,30371,10
13.035949707,80.2047424316,30371,30381,10
13.0358400345,80.2053604126,30381,30391,10
13.0357704163,80.2060089111,30391,30401,10
13.0356502533,80.2067337036,30401,30411,10
13.0355300903,80.2074966431,30411,30421,10
13.0354299545,80.2081604004,30421,30431,10
13.0353403091,80.208732605,30431,30441,10
13.0352201462,80.2097167969,30441,30462,21
13.0352201462,80.2097167969,30462,30472,10
13.0351896286,80.2098007202,30472,30482,10
13.0351600647,80.2100830078,30482,30492,10
13.0350904465,80.2104721069,30492,30502,10
13.0349197388,80.2109298706,30502,30512,10
13.034819603,80.2115783691,30512,30521,9
13.0346899033,80.2120819092,30521,30532,11
13.0341300964,80.212020874,30532,30542,10
13.0335597992,80.2119827271,30542,30552,10
13.0328798294,80.2119216919,30552,30562,10
13.0323696136,80.2118606567,30562,30573,11
13.0323400497,80.2118606567,30573,30583,10
13.0322599411,80.211807251,30583,30593,10
13.0319499969,80.2117233276,30593,30603,10
13.0319004059,80.2113265991,30603,30613,10
13.0320100784,80.2107009888,30613,30623,10
13.0320997238,80.2101287842,30623,30633,10
13.0320501328,80.2096633911,30633,30643,10
13.0316295624,80.2095031738,30643,30653,10
13.031129837,80.2093276978,30653,30663,10
13.0305099487,80.2092208862,30663,30674,11
13.0304298401,80.2092132568,30674,30684,10
13.0302000046,80.2091598511,30684,30694,10
13.0300998688,80.2094192505,30694,30704,10
13.0300703049,80.2095031738,30704,30714,10
13.0300302505,80.2095031738,30714,30724,10
13.0300397873,80.2095489502,30724,30734,10
13.0300798416,80.2098236084,30734,30744,10
13.0305204391,80.2099380493,30744,30754,10
13.0309495926,80.2100601196,30754,30764,10
13.0310297012,80.2102432251,30764,30775,11
13.0309400558,80.2106628418,30775,30785,10
13.0308599472,80.2110977173,30785,30795,10
13.0308704376,80.2113189697,30795,30805,10
13.0307998657,80.2117233276,30805,30815,10
13.0309400558,80.211807251,30815,30845,30
13.0309400558,80.211807251,30845,30855,10
13.0306596756,80.2133712769,30855,30871,16
13.0305404663,80.2140808105,30871,30925,54
13.0303401947,80.2152862549,30925,30944,19
13.0304002762,80.2159881592,30944,30985,41
13.0304002762,80.2159881592,30985,30995,10
13.0311002731,80.2170028687,30995,31006,11
13.0307798386,80.217300415,31006,31016,10
13.0309495926,80.217338562,31016,31026,10
13.0313301086,80.2169799805,31026,31036,10
13.0315303802,80.2171783447,31036,31046,10
13.0316095352,80.2174682617,31046,31056,10
13.0316495895,80.2176437378,31056,31066,10
13.0321998596,80.2184829712,31066,31076,10
13.0325603485,80.2187194824,31076,31086,10
13.0322599411,80.2193908691,31086,31096,10
13.0322399139,80.2198028564,31096,31107,11
13.0322504044,80.2200317383,31107,31117,10
13.0322504044,80.2200393677,31117,31127,10
13.0321302414,80.2200622559,31127,31137,10
13.0320196152,80.2202987671,31137,31167,30
13.0320196152,80.2202987671,31167,31177,10
13.0315599442,80.2231674194,31177,31187,10
13.0312204361,80.2238082886,31187,31298,111
13.0312204361,80.2238082886,31298,31309,11
13.0288801193,80.2241516113,31309,31318,9
13.0287799835,80.2240371704,31318,31328,10
13.0285902023,80.2239227295,31328,31339,11
13.0283603668,80.2241897583,31339,31349,10
13.0281496048,80.2250671387,31349,31359,10
13.0280799866,80.2258682251,31359,31369,10
13.0279397964,80.226600647,31369,31379,10
13.027879715,80.2269363403,31379,31389,10
13.0281400681,80.2271194458,31389,31399,10
13.0286197662,80.2270278931,31399,31409,10
13.0298500061,80.2273635864,31409,31429,20
13.0298500061,80.2273635864,31429,31439,10
13.0298299789,80.2267990112,31439,31450,11
13.0302696228,80.2274169922,31450,31460,10
13.0304403305,80.2276687622,31460,31470,10
13.0303602219,80.2283935547,31470,31490,20
13.0303602219,80.2283935547,31490,31500,10
13.0302600861,80.2285995483,31500,31510,10
13.03028965,80.2288131714,31510,31520,10
13.0301399231,80.2292633057,31520,31551,31
13.0301399231,80.2292633057,31551,31561,10
13.0311403275,80.2299804688,31561,31571,10
13.0306596756,80.2306137085,31571,31611,40
13.0306596756,80.2306137085,31611,31621,10
13.0305595398,80.2307434082,31621,31631,10
13.0304098129,80.2308731079,31631,31642,11
13.0303401947,80.2309417725,31642,31651,9
13.0296401978,80.230796814,31651,31662,11
13.0296697617,80.2307434082,31662,31672,10
13.0296001434,80.2305908203,31672,31682,10
13.0286798477,80.2311706543,31682,31702,20
13.0286798477,80.2311706543,31702,31712,10
13.0277795792,80.2313308716,31712,31722,10
13.0277299881,80.2320175171,31722,31732,10
13.0278596878,80.2326431274,31732,31742,10
13.0274600983,80.2328491211,31742,31762,20
13.0274600983,80.2328491211,31762,31773,11
13.0272502899,80.2328720093,31773,31783,10
13.0269203186,80.2329406738,31783,31793,10
13.0266599655,80.2329406738,31793,31803,10
13.0263700485,80.2327728271,31803,31813,10
13.0262098312,80.2322387695,31813,31823,10
13.0260000229,80.2315597534,31823,31833,10
13.0256996155,80.23072052,31833,35504,3671
13.0256996155,80.23072052,35504,35514,10
12.9965801239,80.2560806274,35514,35525,11
12.9968299866,80.2563781738,35525,35585,60
12.9968299866,80.2563781738,35585,35595,10
12.9969596863,80.256149292,35595,35605,10
12.9969501495,80.2560806274,35605,35615,10
12.9969797134,80.2558364868,35615,35625,10
12.9975099564,80.2557830811,35625,35636,11
12.9981899261,80.2560882568,35636,35646,10
12.9987802505,80.2560806274,35646,35656,10
13.0000495911,80.255821228,35656,35676,20
13.0000495911,80.255821228,35676,35686,10
12.9994401932,80.2560882568,35686,35706,20
12.9994401932,80.2560882568,35706,35716,10
12.999540329,80.2560806274,35716,35736,20
12.999540329,80.2560806274,35736,35747,11
12.9995498657,80.2561798096,35747,35757,10
12.999830246,80.2562637329,35757,35767,10
13.0004796982,80.2563018799,35767,35777,10
13.0012302399,80.2563400269,35777,35787,10
13.0021400452,80.2561798096,35787,35878,91
13.0021400452,80.2561798096,35878,35888,10
13.0065898895,80.2574234009,35888,35908,20
13.0066099167,80.2574081421,35908,35928,20
13.0066099167,80.2574081421,35928,35938,10
13.0067901611,80.255531311,35938,35948,10
13.0065402985,80.2553024292,35948,35957,9
13.0066795349,80.2544937134,35957,35969,12
13.0066699982,80.2535095215,35969,35979,10
13.0067195892,80.2526779175,35979,35989,10
13.0065898895,80.2531433105,35989,35999,10
13.0065698624,80.2531204224,35999,36009,10
13.0065803528,80.2528686523,36009,36019,10
13.0052900314,80.2525482178,36019,36080,61
13.0052900314,80.2525482178,36080,36090,10
13.0071201324,80.2518081665,36090,36100,10
13.0067596436,80.2519073486,36100,36110,10
13.0067501068,80.2516403198,36110,36120,10
13.0068798065,80.2510223389,36120,36130,10
13.0068101883,80.2506713867,36130,36140,10
13.0068397522,80.2506408691,36140,36150,10
13.0069103241,80.250579834,36150,36160,10
13.0068397522,80.2504806519,36160,36180,20
13.0068397522,80.2504806519,36180,36191,11
13.0068101883,80.25050354,36191,36201,10
13.0068702698,80.2503890991,36201,36261,60
13.0068702698,80.2503890991,36261,36271,10
13.0066604614,80.2504196167,36271,36281,10
13.0068702698,80.2503204346,36281,36292,11
13.0068397522,80.2498931885,36292,36302,10
13.0069198608,80.2498016357,36302,36312,10
13.0068397522,80.2494735718,36312,36332,20
13.0068397522,80.2494735718,36332,36342,10
13.0068798065,80.2491073608,36342,36382,40
13.0067996979,80.2493133545,36382,36413,31
13.0067996979,80.2493133545,36413,36423,10
13.007229805,80.2493972778,36423,36443,20
13.007229805,80.2493972778,36443,36453,10
13.0070199966,80.2492828369,36453,36463,10
13.0068597794,80.2486419678,36463,36473,10
13.0068101883,80.2484588623,36473,36483,10
13.0067596436,80.248298645,36483,36493,10
13.0068101883,80.2480316162,36493,36503,10
13.0067596436,80.2475814819,36503,36544,41
13.0068798065,80.2476730347,36544,36584,40
13.0070800781,80.247543335,36584,36614,30
13.0070800781,80.247543335,36614,36624,10
13.0066699982,80.2474975586,36624,36635,11
13.0067195892,80.2474975586,36635,36645,10
13.0069904327,80.247467041,36645,36655,10
13.0068597794,80.247467041,36655,36685,30
13.0068597794,80.247467041,36685,36695,10
13.0066900253,80.247253418,36695,36705,10
13.0066404343,80.2470092773,36705,36716,11
13.0066003799,80.2465591431,36716,36746,30
13.0066099167,80.2465591431,36746,36796,50
13.0066099167,80.2465591431,36796,36806,10
13.0065898895,80.2464675903,36806,36816,10
13.0066604614,80.2463302612,36816,36826,10
13.0066604614,80.2459564209,36826,36857,31
13.0066604614,80.2459564209,36857,36867,10
13.0066795349,80.2457580566,36867,36877,10
13.0066900253,80.2454376221,36877,36897,20
13.0066900253,80.2454376221,36897,36907,10
13.0067300797,80.2452392578,36907,36917,10
13.0067100525,80.2448883057,36917,36937,20
13.0067100525,80.2448883057,36937,36947,10
13.0066404343,80.2445068359,36947,36978,31
13.006649971,80.2442398071,36978,37038,60
13.006649971,80.2442398071,37038,37048,10
13.0066900253,80.244102478,37048,37079,31
13.0066900253,80.244102478,37079,37089,10
13.0067300797,80.243850708,37089,37099,10
13.0066795349,80.243598938,37099,37109,10
13.0064401627,80.2434387207,37109,37119,10
13.0062799454,80.2429733276,37119,37129,10
13.0065202713,80.2421035767,37129,37139,10
13.0066404343,80.2415313721,37139,37149,10
13.0066204071,80.2417526245,37149,37159,10
13.0067300797,80.2420578003,37159,37169,10
13.0067596436,80.242149353,37169,37179,10
13.0068998337,80.2404327393,37179,37190,11
13.0073204041,80.2404174805,37190,37200,10
13.0052995682,80.2411193848,37200,37210,10
13.0068798065,80.2398910522,37210,37220,10
13.0070495605,80.239906311,37220,37230,10
13.0066604614,80.2398071289,37230,37240,10
13.0065097809,80.2396392822,37240,37250,10
13.0071697235,80.2381362915,37250,37260,10
13.0073699951,80.2375488281,37260,37270,10
13.0074796677,80.2368621826,37270,37280,10
13.0072002411,80.236656189,37280,37291,11
13.0070199966,80.2366333008,37291,37301,10
13.0068798065,80.2366104126,37301,37311,10
13.0078496933,80.2352371216,37311,37321,10
13.0077600479,80.2344818115,37321,37331,10
13.0079698563,80.2335205078,37331,37341,10
13.008310318,80.2323608398,37341,37351,10
13.0085601807,80.2312011719,37351,37361,10
13.0087795258,80.2301025391,37361,37371,10
13.0089998245,80.2292709351,37371,37381,10
13.0092897415,80.2279968262,37381,37391,10
13.0095300674,80.2271270752,37391,37402,11
13.0100803375,80.2261581421,37402,37412,10
13.0104999542,80.2254486084,37412,37422,10
13.0105800629,80.2253189087,37422,37432,10
13.0105695724,80.2252197266,37432,37442,10
13.0107498169,80.2247619629,37442,37452,10
13.01101017,80.2240600586,37452,37462,10
13.0112600327,80.2234573364,37462,37472,10
13.0115404129,80.2228469849,37472,37482,10
13.0119104385,80.2219390869,37482,37492,10
13.012169838,80.2213668823,37492,37502,10
13.0125904083,80.2213592529,37502,37513,11
13.0128698349,80.2214279175,37513,37523,10
13.0133800507,80.2227630615,37523,37533,10
13.0139598846,80.2232971191,37533,37543,10
13.0142498016,80.2235031128,37543,37553,10
13.0144100189,80.2237625122,37553,37563,10
13.0145397186,80.2240066528,37563,37573,10
13.0149497986,80.2245788574,37573,37583,10
13.0150003433,80.2246322632,37583,37593,10
13.0151996613,80.2246780396,37593,37603,10
13.0155801773,80.2249984741,37603,37623,20
13.0155801773,80.2249984741,37623,37634,11
13.0156202316,80.2250366211,37634,37644,10
13.0160198212,80.2252197266,37644,37654,10
13.0168399811,80.2251968384,37654,37664,10
13.0177001953,80.2248382568,37664,37674,10
13.0185804367,80.2244567871,37674,37684,10
13.0192699432,80.224281311,37684,37704,20
13.0192699432,80.224281311,37704,37714,10
13.0193395615,80.2243728638,37714,37724,10
13.0194997787,80.2243804932,37724,37734,10
13.0196695328,80.2244796753,37734,37745,11
13.0199699402,80.2247161865,37745,37755,10
13.0204401016,80.2250595093,37755,37765,10
13.0208997726,80.2253570557,37765,37775,10
13.021320343,80.225730896,37775,37785,10
13.0218000412,80.22605896,37785,37794,9
13.0220499039,80.2262115479,37794,37805,11
13.0222702026,80.2264099121,37805,37815,10
13.0224504471,80.2265930176,37815,37825,10
13.0225801468,80.2266998291,37825,37835,10
13.0226898193,80.2268218994,37835,37845,10
13.0227499008,80.226890564,37845,37856,11
13.0228300095,80.2269897461,37856,37866,10
13.0230798721,80.2272415161,37866,37886,20
13.0230798721,80.2272415161,37886,37896,10
13.0233001709,80.2273788452,37896,37906,10
13.0235795975,80.2276229858,37906,37916,10
13.0240497589,80.2280807495,37916,37926,10
13.0242996216,80.2283477783,37926,37936,10
13.0244197845,80.2285232544,37936,37946,10
13.024600029,80.2287826538,37946,37957,11
13.0247297287,80.2291412354,37957,37967,10
13.0249099731,80.2293701172,37967,37976,9
13.0250797272,80.2296218872,37976,37987,11
13.0255203247,80.2300415039,37987,37997,10
13.0257101059,80.2302627563,37997,38007,10
13.0258398056,80.2306976318,38007,38047,40
13.025850296,80.2305908203,38047,38068,21
13.0258302689,80.230682373,38068,38118,50
13.0258302689,80.230682373,38118,38128,10
13.0274400711,80.2310409546,38128,38138,10
13.0276098251,80.2309799194,38138,38148,10
13.0285797119,80.2308502197,38148,38168,20
13.0285797119,80.2308502197,38168,38178,10
13.0287399292,80.2308502197,38178,38189,11
13.0288000107,80.2308273315,38189,38199,10
13.0288801193,80.2307434082,38199,38209,10
13.0292797089,80.2307815552,38209,38219,10
13.0298595428,80.2307510376,38219,38279,60
13.0298595428,80.2307510376,38279,38289,10
13.0302600861,80.2307434082,38289,38316,27
13.0302600861,80.2307434082,38316,38328,12
13.0306196213,80.23072052,38328,38336,8
13.0306901932,80.2305908203,38336,38348,12
13.0305995941,80.2300796509,38348,38358,10
13.0303401947,80.2293624878,38358,38368,10
13.0303201675,80.2287521362,38368,38378,10
13.030380249,80.2282562256,38378,38388,10
13.0304098129,80.2281799316,38388,38399,11
13.0304498672,80.2279586792,38399,38410,11
13.0304603577,80.2276611328,38410,38420,10
13.0302495956,80.227432251,38420,38429,9
13.029709816,80.2273635864,38429,38440,11
13.0289297104,80.2272262573,38440,38449,9
13.0286102295,80.2271575928,38449,38460,11
13.0285902023,80.227142334,38460,38470,10
13.028169632,80.2270736694,38470,38480,10
13.0278701782,80.2267837524,38480,38490,10
13.0279903412,80.2260971069,38490,38500,10
13.0282096863,80.2251281738,38500,38511,11
13.0284795761,80.2240371704,38511,38521,10
13.0288095474,80.2238311768,38521,38541,20
13.0287599564,80.2238769531,38541,38571,30
13.0287599564,80.2238769531,38571,38581,10
13.030500412,80.2242965698,38581,38591,10
13.0311002731,80.224281311,38591,38601,10
13.0310697556,80.2242202759,38601,38611,10
13.0313997269,80.2230224609,38611,38632,21
13.0313997269,80.2230224609,38632,38642,10
13.031419754,80.2228927612,38642,38652,10
13.0314502716,80.2226104736,38652,38662,10
13.0317802429,80.2218780518,38662,38672,10
13.031999588,80.2212600708,38672,38682,10
13.03221035,80.2204666138,38682,38692,10
13.0322198868,80.2196731567,38692,38712,20
13.0322198868,80.2196731567,38712,38722,10
13.0322504044,80.2194290161,38722,38733,11
13.0322504044,80.2188415527,38733,38743,10
13.0319004059,80.2184371948,38743,38753,10
13.0314798355,80.2180709839,38753,38763,10
13.0314397812,80.2173614502,38763,38773,10
13.0313301086,80.2170181274,38773,38783,10
13.0308904648,80.2169494629,38783,38793,10
13.0303897858,80.2169113159,38793,38803,10
13.0304098129,80.2165908813,38803,38813,10
13.0303897858,80.2163391113,38813,38823,10
13.030380249,80.2157287598,38823,38833,10
13.0303602219,80.2149963379,38833,38844,11
13.0304002762,80.2144775391,38844,38854,10
13.0304498672,80.2142868042,38854,38864,10
13.0304899216,80.2136917114,38864,38874,10
13.0305500031,80.2134170532,38874,38884,10
13.0305500031,80.213180542,38884,38894,10
13.0305404663,80.2130889893,38894,38904,10
13.0308103561,80.2116928101,38904,38914,10
13.03083992,80.2114486694,38914,38923,9
13.0310001373,80.2109603882,38923,39550,627
13.0310001373,80.2109603882,39550,39560,10
13.0375499725,80.193397522,39560,39570,10
13.037560463,80.1932525635,39570,39580,10
13.0375795364,80.1929779053,39580,39590,10
13.0377397537,80.192817688,39590,39600,10
13.0379600525,80.1927871704,39600,39611,11
13.0381298065,80.1927719116,39611,39621,10
13.0379295349,80.1929168701,39621,39631,10
13.0380802155,80.1928787231,39631,39641,10
13.0381402969,80.1927566528,39641,39651,10
13.0382499695,80.192741394,39651,39661,10
13.0383796692,80.1928329468,39661,39671,10
13.0385599136,80.1929931641,39671,39681,10
13.0389003754,80.1928482056,39681,39691,10
13.0388803482,80.192817688,39691,39701,10
13.0389003754,80.192817688,39701,39712,11
13.0400600433,80.193031311,39712,39722,10
13.0408096313,80.1931381226,39722,39732,10
13.0415802002,80.1932830811,39732,39742,10
13.0418100357,80.1934509277,39742,39752,10
13.0417499542,80.1939163208,39752,39762,10
13.0417098999,80.1939468384,39762,39772,10
13.0416002274,80.1943588257,39772,39782,10
13.0416498184,80.1947097778,39782,39792,10
13.0416498184,80.195640564,39792,39802,10
13.0414199829,80.1965103149,39802,39812,10
13.0413799286,80.1968536377,39812,39822,10
13.0413599014,80.1968994141,39822,39832,10
13.0413198471,80.197303772,39832,39842,10
13.041179657,80.1979522705,39842,39853,11
13.0410804749,80.1987304688,39853,39863,10
13.0410003662,80.1993637085,39863,39873,10
13.0410003662,80.1993789673,39873,39883,10
13.0409402847,80.199760437,39883,39893,10
13.0408401489,80.2004470825,39893,39902,9
13.0406999588,80.2012405396,39902,39913,11
13.0406103134,80.2018585205,39913,39923,10
13.0405797958,80.2022399902,39923,39933,10
13.0404996872,80.2027893066,39933,39944,11
13.0403795242,80.2035598755,39944,39954,10
13.0402803421,80.2043762207,39954,39964,10
13.0401697159,80.2048873901,39964,39974,10
13.040430069,80.2050704956,39974,39984,10
13.0410804749,80.2051391602,39984,39993,9
13.0413503647,80.2052001953,39993,40004,11
13.0415496826,80.2052383423,40004,40014,10
13.0420503616,80.2053527832,40014,40024,10
13.0426597595,80.2055130005,40024,40034,10
13.0429601669,80.2060470581,40034,40044,10
13.043419838,80.206703186,40044,40055,11
13.0440502167,80.2076568604,40055,40065,10
13.0441598892,80.2084579468,40065,40075,10
13.0441598892,80.2089920044,40075,40115,40
13.0441598892,80.2089920044,40115,40125,10
13.0441703796,80.2092590332,40125,40135,10
13.0441799164,80.2096328735,40135,40145,10
13.0442199707,80.2103271484,40145,40155,10
13.044260025,80.2111434937,40155,40165,10
13.0443401337,80.2120132446,40165,40196,31
13.0443401337,80.2120132446,40196,40206,10
13.0443296432,80.2122497559,40206,40226,20
13.0443296432,80.2122497559,40226,40236,10
13.044500351,80.212272644,40236,40246,10
13.0449800491,80.212272644,40246,40256,10
13.0456800461,80.2122573853,40256,40266,10
13.0464801788,80.2122192383,40266,40276,10
13.0470600128,80.2121734619,40276,40287,11
13.04708004,80.2118301392,40287,40297,10
13.0470399857,80.2117385864,40297,40307,10
13.0470695496,80.2116012573,40307,40317,10
13.0470104218,80.2111434937,40317,40327,10
13.0471801758,80.2107620239,40327,40337,10
13.047750473,80.2107467651,40337,40347,10
13.0484304428,80.2107772827,40347,40363,16
13.0493202209,80.2108001709,40363,40375,12
13.0496196747,80.210647583,40375,40383,8
13.0495996475,80.2102584839,40383,40396,13
13.0494699478,80.2092971802,40396,40406,10
13.0494003296,80.2087478638,40406,40416,10
13.0492095947,80.2081604004,40416,40426,10
13.048910141,80.2071762085,40426,40476,50
13.048910141,80.2071762085,40476,40486,10
13.048910141,80.2069396973,40486,40497,11
13.0491399765,80.2068710327,40497,40507,10
13.0492601395,80.2071990967,40507,40920,413
13.0492601395,80.2071990967,40920,40930,10
13.0491600037,80.2073287964,40930,40941,11
13.049079895,80.2073287964,40941,40951,10
13.0490198135,80.2073898315,40951,40961,10
13.0491304398,80.2077636719,40961,40971,10
13.0493402481,80.2083816528,40971,40981,10
13.049489975,80.2091674805,40981,40991,10
13.0495595932,80.2096786499,40991,41001,10
13.0495996475,80.2099609375,41001,41011,10
13.0496397018,80.2102432251,41011,41021,10
13.0496902466,80.2104187012,41021,41031,10
13.0496997833,80.2106399536,41031,41041,10
13.0496997833,80.2111282349,41041,41112,71
13.0496997833,80.2111282349,41112,41128,16
13.0496702194,80.2111816406,41128,41140,12
13.0497303009,80.2113037109,41140,41150,10
13.0497303009,80.2113189697,41150,41160,10
13.049779892,80.2115707397,41160,41170,10
13.0498399734,80.2117996216,41170,41181,11
13.0498504639,80.2118606567,41181,41189,8
13.0498895645,80.2120437622,41189,41201,12
13.0495595932,80.2121429443,41201,41211,10
13.049489975,80.2122116089,41211,41221,10
13.0494403839,80.2121429443,41221,41231,10
13.0490102768,80.2121734619,41231,41241,10
13.0484399796,80.2122192383,41241,41251,10
13.0477800369,80.2122421265,41251,41261,10
13.0470695496,80.2123565674,41261,41272,11
13.0458898544,80.212272644,41272,41281,9
13.0453395844,80.212348938,41281,41291,10
13.0452299118,80.2123565674,41291,41302,11
13.0452203751,80.2124710083,41302,41312,10
13.0449695587,80.2124404907,41312,41322,10
13.0446996689,80.2124404907,41322,41332,10
13.044500351,80.2124176025,41332,41342,10
13.0441999435,80.2124328613,41342,41352,10
13.0441799164,80.2124481201,41352,41362,10
13.0442399979,80.2124481201,41362,41372,10
13.0442199707,80.2123184204,41372,41382,10
13.0441799164,80.2119903564,41382,41393,11
13.0441999435,80.2113265991,41393,41403,10
13.0442399979,80.2103500366,41403,41413,10
13.0441398621,80.2095184326,41413,41423,10
13.0440797806,80.2090377808,41423,41432,9
13.0440597534,80.2088699341,41432,41443,11
13.0440797806,80.2087478638,41443,41453,10
13.0440502167,80.2081375122,41453,41463,10
13.0437402725,80.207359314,41463,41473,10
13.0432796478,80.2066116333,41473,41483,10
13.0427598953,80.2058868408,41483,41494,11
13.0422000885,80.2052764893,41494,41504,10
13.0413303375,80.2052001953,41504,41514,10
13.0407600403,80.2051391602,41514,41524,10
13.0406503677,80.2051391602,41524,41534,10
13.0401601791,80.205078125,41534,41544,10
13.0393295288,80.2050018311,41544,41554,10
13.0385503769,80.2048721313,41554,41564,10
13.0380897522,80.204750061,41564,41574,10
13.038020134,80.204536438,41574,41584,10
13.0382404327,80.2035827637,41584,41595,11
13.038359642,80.2029495239,41595,41605,10
13.0384502411,80.2022399902,41605,41615,10
13.0385398865,80.2016372681,41615,41625,10
13.0385503769,80.201133728,41625,41635,10
13.0386199951,80.2006530762,41635,41645,10
13.0388202667,80.1997909546,41645,41655,10
13.0389204025,80.1991577148,41655,41665,10
13.0389995575,80.1986312866,41665,41675,10
13.0389299393,80.1979827881,41675,41685,10
13.0392904282,80.1968612671,41685,41695,10
13.0393896103,80.1962203979,41695,41706,11
13.039440155,80.1956100464,41706,41716,10
13.0395202637,80.1948394775,41716,41726,10
13.0396995544,80.193901062,41726,41736,10
13.0398101807,80.1932830811,41736,41746,10
13.0397996902,80.1931762695,41746,41756,10
13.0397195816,80.193069458,41756,41766,10
13.039440155,80.1930084229,41766,41776,10
13.0389900208,80.1929626465,41776,41786,10
13.0386295319,80.1928863525,41786,41796,10
13.0385198593,80.1928787231,41796,41806,10
13.0381498337,80.1928100586,41806,41816,10
13.0376796722,80.1929168701,41816,41827,11
13.037610054,80.1931686401,41827,41837,10
13.0375099182,80.1937789917,41837,41847,10
13.0374202728,80.1945114136,41847,41857,10
13.0372896194,80.1952667236,41857,41867,10
13.0371999741,80.1959609985,41867,41877,10
13.0371398926,80.1965332031,41877,41887,10
13.0370903015,80.1973266602,41887,41897,10
13.0368499756,80.1981430054,41897,41907,10
13.0367603302,80.1986312866,41907,41917,10
13.0367002487,80.1987304688,41917,41928,11
13.0367298126,80.198890686,41928,41938,10
13.0366601944,80.1994628906,41938,41948,10
13.0367002487,80.2002182007,41948,41958,10
13.0364704132,80.2009963989,41958,41968,10
13.0363998413,80.2014007568,41968,41978,10
13.0363702774,80.2015533447,41978,41988,10
13.036359787,80.201789856,41988,41998,10
13.0363397598,80.2018814087,41998,42008,10
13.0362901688,80.2023925781,42008,42018,10
13.0361700058,80.2031021118,42018,42028,10
13.0360403061,80.2038421631,42028,42039,11
13.035949707,80.204536438,42039,42049,10
13.0358295441,80.2052307129,42049,42059,10
13.0357398987,80.2058563232,42059,42069,10
13.0357103348,80.2059631348,42069,42079,10
13.0356397629,80.2064590454,42079,42089,10
13.0355300903,80.2072372437,42089,42099,10
13.0354404449,80.2080383301,42099,42108,9
13.035369873,80.2084503174,42108,42119,11
13.0353803635,80.2085113525,42119,42129,10
13.0353002548,80.2089385986,42129,42139,10
13.0351800919,80.2096176147,42139,42150,11
13.0350399017,80.2105789185,42150,42160,10
13.0348796844,80.211517334,42160,42170,10
13.034819603,80.2119827271,42170,42664,494
13.034819603,80.2119827271,42664,42674,10
13.0311603546,80.2235794067,42674,42684,10
13.0311498642,80.2240066528,42684,42694,10
13.0311498642,80.2241592407,42694,42705,11
13.0306797028,80.2242965698,42705,42715,10
13.0299596786,80.2242584229,42715,42725,10
13.0289402008,80.2241363525,42725,42765,40
13.0289402008,80.2241363525,42765,42775,10
13.0281600952,80.2256393433,42775,42785,10
13.0280504227,80.2262878418,42785,42795,10
13.0278997421,80.226890564,42795,42805,10
13.0280199051,80.2270584106,42805,42816,11
13.0285997391,80.2271194458,42816,42836,20
13.0285997391,80.2271194458,42836,42846,10
13.0290603638,80.2272109985,42846,42856,10
13.0296096802,80.2273101807,42856,42866,10
13.0299196243,80.2273406982,42866,42876,10
13.0304002762,80.2275085449,42876,42886,10
13.030380249,80.2278671265,42886,42896,10
13.0303602219,80.2282714844,42896,42906,10
13.0303297043,80.2283096313,42906,42916,10
13.0302696228,80.2285003662,42916,42927,11
13.0302696228,80.2289886475,42927,42937,10
13.0303401947,80.2295303345,42937,42947,10
13.0305595398,80.2300567627,42947,42957,10
13.030670166,80.2304992676,42957,42967,10
13.0306396484,80.2307128906,42967,42977,10
13.0302200317,80.2307662964,42977,42987,10
13.0298299789,80.2308120728,42987,42997,10
13.0298099518,80.2308120728,42997,43013,16
13.029540062,80.2308807373,43013,43025,12
13.0291900635,80.2308425903,43025,43033,8
13.0286197662,80.2309036255,43033,43046,13
13.0277795792,80.2309799194,43046,43056,10
13.0276403427,80.2312698364,43056,43066,10
13.0276203156,80.2317810059,43066,43076,10
13.0277395248,80.2324829102,43076,43086,10
13.0276603699,80.2327728271,43086,43096,10
13.0272197723,80.2327880859,43096,43106,10
13.0267095566,80.2327728271,43106,43116,10
13.0263595581,80.2328186035,43116,43126,10
13.0261602402,80.232131958,43126,43145,19
13.0257396698,80.2305984497,43145,43158,13
13.0250797272,80.229598999,43158,43168,10
13.0248498917,80.2293701172,43168,43178,10
13.0244703293,80.2289962769,43178,43186,8
13.0239696503,80.2283477783,43186,43216,30
13.0239696503,80.2283477783,43216,43226,10
13.0238399506,80.2281417847,43226,43238,12
13.0235004425,80.2277984619,43238,43248,10
13.0233297348,80.2276382446,43248,43258,10
13.0232095718,80.2275466919,43258,43268,10
13.0231199265,80.2275085449,43268,43279,11
13.023059845,80.2273178101,43279,43339,60
13.023059845,80.2273178101,43339,43350,11
13.0175104141,80.2249679565,43350,43360,10
13.0169897079,80.2252426147,43360,43370,10
13.0165395737,80.225402832,43370,43381,11
13.0162296295,80.2255401611,43381,43391,10
13.0158004761,80.2256011963,43391,43401,10
13.0143699646,80.2261428833,43401,43472,71
13.0143699646,80.2261428833,43472,43482,10
13.0103702545,80.2279205322,43482,43492,10
13.0092000961,80.2284011841,43492,43502,10
13.0088596344,80.2295379639,43502,43512,10
13.0086202621,80.2307434082,43512,43522,10
13.0084104538,80.2319412231,43522,43532,10
13.0082397461,80.2330169678,43532,43542,10
13.0081996918,80.2336273193,43542,43552,10
13.0081996918,80.2336425781,43552,43562,10
13.0081195831,80.2339172363,43562,43572,10
13.0080099106,80.2344818115,43572,43582,10
13.0079402924,80.2348098755,43582,43593,11
13.0078001022,80.2355194092,43593,43603,10
13.0077199936,80.2359466553,43603,43613,10
13.0076799393,80.2362136841,43613,43633,20
13.0076799393,80.2362136841,43633,43643,10
13.0076503754,80.2362365723,43643,43653,10
13.0075397491,80.236656189,43653,43663,10
13.0074501038,80.2371292114,43663,43673,10
13.0073795319,80.2375106812,43673,43683,10
13.0073204041,80.2378234863,43683,43714,31
13.0073204041,80.2378234863,43714,43724,10
13.0073003769,80.2380599976,43724,43734,10
13.0072402954,80.2383728027,43734,43744,10
13.007060051,80.2389831543,43744,43764,20
13.007060051,80.2389831543,43764,43774,10
13.0069599152,80.2393188477,43774,43784,10
13.0069198608,80.2396697998,43784,43794,10
13.0068502426,80.2400588989,43794,43804,10
13.0067300797,80.2407836914,43804,43815,11
13.0066900253,80.2415924072,43815,43825,10
13.0067100525,80.2417831421,43825,43835,10
13.0066995621,80.2420501709,43835,43845,10
13.0066995621,80.2429962158,43845,43895,50
13.0066995621,80.2429962158,43895,43905,10
13.0066299438,80.2434387207,43905,43915,10
13.0065898895,80.2437591553,43915,43926,11
13.0066003799,80.2443237305,43926,43936,10
13.0065498352,80.2448425293,43936,43946,10
13.0066099167,80.245262146,43946,43956,10
13.0066404343,80.2457580566,43956,43966,10
13.0066900253,80.2463912964,43966,43976,10
13.0066995621,80.2468338013,43976,43986,10
13.0066995621,80.247253418,43986,43996,10
13.0066204071,80.2479019165,43996,44006,10
13.0066995621,80.2487716675,44006,44016,10
13.006819725,80.2495498657,44016,44026,10
13.0068397522,80.2496490479,44026,44036,10
13.0068702698,80.2498474121,44036,44047,11
13.0067796707,80.2504577637,44047,44057,10
13.0067396164,80.2511978149,44057,44067,10
13.0066003799,80.2520980835,44067,44077,10
13.0065498352,80.2529907227,44077,44087,10
13.0065202713,80.2538604736,44087,44097,10
13.0065498352,80.254737854,44097,44107,10
13.0065097809,80.2550506592,44107,44127,20
13.0065097809,80.2550506592,44127,44137,10
13.006480217,80.2554016113,44137,44147,10
13.0065402985,80.2560119629,44147,44158,11
13.0065498352,80.2568588257,44158,44168,10
13.0066604614,80.2573471069,44168,44258,90
13.0066604614,80.2573471069,44258,44269,11
13.0067996979,80.2575683594,44269,44279,10
13.0064697266,80.2576065063,44279,44289,10
13.0059499741,80.2575531006,44289,44299,10
13.0053100586,80.2573318481,44299,44309,10
13.0045795441,80.2571792603,44309,44319,10
13.0039701462,80.2570571899,44319,44349,30
13.0039701462,80.2570571899,44349,44359,10
13.0035800934,80.2570037842,44359,44369,10
13.0033197403,80.2568969727,44369,44380,11
13.003080368,80.2568664551,44380,44390,10
13.002579689,80.2567977905,44390,44400,10
13.0022497177,80.2567596436,44400,44458,58
13.0022497177,80.2567596436,44458,44468,10
13.0020103455,80.256652832,44468,44478,10
13.0016298294,80.2566070557,44478,44489,11
13.00096035,80.2566070557,44489,44499,10
13.0003595352,80.2565002441,44499,44509,10
13.0001897812,80.2564315796,44509,44519,10
12.9999799728,80.2562866211,44519,44528,9
12.9994401932,80.256187439,44528,44539,11
12.9987201691,80.2560806274,44539,44549,10
12.9978904724,80.2560195923,44549,44559,10
12.9975795746,80.2559967041,44559,44569,10
12.9974498749,80.2559814453,44569,44579,10
12.9970703125,80.2559890747,44579,44590,11
12.9968700409,80.2561721802,44590,44600,10
12.9967403412,80.2565078735,44600,44610,10
12.9967298508,80.2570114136,44610,44630,20
12.9967298508,80.2570114136,44630,44640,10
12.9967403412,80.2574462891,44640,44650,10
12.9966402054,80.2580413818,44650,44660,10
12.9965496063,80.2587127686,44660,44670,10
12.9964599609,80.2592315674,44670,44680,10
12.9963502884,80.2597122192,44680,44690,10
12.9962902069,80.2603988647,44690,44701,11
12.996219635,80.2611999512,44701,44711,10
12.9961795807,80.2616577148,44711,44731,20
12.9961795807,80.2616577148,44731,44741,10
12.9960803986,80.2623062134,44741,44751,10
12.9960403442,80.2623977661,44751,44761,10
12.9960603714,80.2626419067,44761,44771,10
12.9959602356,80.263130188,44771,44781,10
12.9959802628,80.2638015747,44781,44791,10
12.9959096909,80.264541626,44791,44801,10
12.9958696365,80.2652435303,44801,44811,10
12.995759964,80.2661209106,44811,44822,11
12.9956798553,80.2672119141,44822,44832,10
12.9960803986,80.2676696777,44832,44842,10
12.9962797165,80.2677307129,44842,44852,10
12.9963703156,80.2678222656,44852,44862,10
12.9967803955,80.2677764893,44862,44872,10
12.9973297119,80.2675704956,44872,44882,10
12.9980201721,80.2673492432,44882,44892,10
12.9987697601,80.2671203613,44892,44902,10
12.9996204376,80.2668685913,44902,44912,10
13.0000896454,80.2665100098,44912,44939,27
13.0000896454,80.2665100098,44939,44951,12
13.0002403259,80.2660598755,44951,44961,10
13.0002803802,80.2657699585,44961,44971,10
13.0003004074,80.2657470703,44971,44981,10
13.0002803802,80.2660522461,44981,45203,222
13.0002603531,80.2662200928,45203,45314,111
13.0005397797,80.2662506104,45314,45334,20
13.000459671,80.2661819458,45334,45364,30
13.000459671,80.2661819458,45364,45374,10
13.0002498627,80.266456604,45374,45385,11
13.0002202988,80.2667312622,45385,45395,10
12.9998502731,80.2669067383,45395,45405,10
12.9993000031,80.2670822144,45405,45415,10
12.9985799789,80.2672576904,45415,45425,10
12.9978303909,80.2674713135,45425,45435,10
12.997130394,80.2676696777,45435,45445,10
12.9966897964,80.2677612305,45445,45455,10
12.9961795807,80.2677383423,45455,45465,10
12.9957103729,80.2673873901,45465,45485,20
12.9957103729,80.2673873901,45485,45496,11
12.9957399368,80.2669067383,45496,45506,10
12.9958295822,80.2663421631,45506,45516,10
12.9958200455,80.2662200928,45516,45526,10
12.9958496094,80.2657699585,45526,45536,10
12.9958400726,80.2650604248,45536,45546,10
12.9959096909,80.2642822266,45546,45556,10
12.9960203171,80.2634124756,45556,45566,10
12.9961099625,80.262802124,45566,45576,10
12.9961500168,80.2626495361,45576,45587,11
12.9961595535,80.2625579834,45587,45596,9
12.9961795807,80.2622528076,45596,45607,11
12.9961996078,80.262046814,45607,45617,10
12.9962396622,80.261756897,45617,45627,10
12.9963302612,80.261138916,45627,45637,10
12.9963998795,80.2604522705,45637,45647,10
12.9964895248,80.259803772,45647,45677,30
12.9964895248,80.259803772,45677,45687,10
12.9964599609,80.2597808838,45687,45697,10
12.9964399338,80.2596282959,45697,45708,11
12.9964504242,80.2594680786,45708,45718,10
12.9964504242,80.2593307495,45718,45728,10
12.9965295792,80.2587814331,45728,45738,10
12.9965801239,80.2579803467,45738,45748,10
12.9966897964,80.2571716309,45748,45758,10
12.9967603683,80.2565765381,45758,45768,10
12.9967803955,80.2562026978,45768,45829,61
12.9967803955,80.2562026978,45829,45839,10
12.9969501495,80.2558898926,45839,45849,10
12.9975700378,80.2558898926,45849,45859,10
12.9984197617,80.2559967041,45859,45869,10
12.9988803864,80.2560119629,45869,45909,40
12.9988803864,80.2560119629,45909,45920,11
12.9989099503,80.2559509277,45920,45930,10
12.9992198944,80.2560424805,45930,45940,10
12.9997596741,80.2561569214,45940,45950,10
13.0003499985,80.2563171387,45950,45960,10
13.0008296967,80.256401062,45960,45970,10
13.0011796951,80.2564620972,45970,45980,10
13.0014400482,80.2565612793,45980,45990,10
13.0017795563,80.2565994263,45990,46000,10
13.0022802353,80.256652832,46000,46010,10
13.0027103424,80.2567520142,46010,46020,10
13.0029802322,80.2567901611,46020,46030,10
13.0034799576,80.2568893433,46030,46041,11
13.0041799545,80.2570495605,46041,46051,10
13.0046701431,80.2571411133,46051,46061,10
13.0049800873,80.2571868896,46061,46071,10
13.0050497055,80.2571563721,46071,46081,10
13.0052995682,80.2571411133,46081,46091,10
13.0053796768,80.2571563721,46091,46101,10
13.0057001114,80.2573013306,46101,46111,10
13.0064601898,80.2574691772,46111,46141,30
13.0064601898,80.2574691772,46141,46152,11
13.0065002441,80.2572097778,46152,46162,10
13.0064496994,80.2566833496,46162,46172,10
13.0064601898,80.2558822632,46172,46182,10
13.0065603256,80.2551574707,46182,46192,10
13.006529808,80.2545089722,46192,46202,10
13.0065402985,80.25415802,46202,46212,10
13.0065698624,80.2537384033,46212,46222,10
13.0066204071,80.2533493042,46222,46232,10
13.0066003799,80.2531661987,46232,46242,10
13.0066003799,80.2523574829,46242,46313,71
13.0066003799,80.2523574829,46313,46323,10
13.0065402985,80.2520217896,46323,46333,10
13.006649971,80.2514419556,46333,46343,10
13.0066995621,80.2507705688,46343,46353,10
13.0067596436,80.2500305176,46353,46364,11
13.0067596436,80.2498474121,46364,46374,10
13.0067901611,80.2497406006,46374,46384,10
13.0067796707,80.2494888306,46384,46434,50
13.0067796707,80.2494888306,46434,46444,10
13.0067596436,80.2493591309,46444,46454,10
13.0067300797,80.2489700317,46454,46464,10
13.0066795349,80.2485733032,46464,46475,11
13.0066795349,80.2482070923,46475,46485,10
13.0066699982,80.2477416992,46485,46495,10
13.0066900253,80.2470779419,46495,46505,10
13.0066995621,80.2463378906,46505,46515,10
13.0066604614,80.2456207275,46515,46525,10
13.0067100525,80.2451629639,46525,46535,10
13.0066204071,80.2447967529,46535,46545,10
13.0065803528,80.244468689,46545,46555,10
13.006529808,80.2442016602,46555,46565,10
13.0065202713,80.2438735962,46565,46575,10
13.0065202713,80.2434387207,46575,46585,10
13.006529808,80.2428207397,46585,46596,11
13.0065097809,80.241859436,46596,46606,10
13.0065202713,80.2416229248,46606,46616,10
13.0065402985,80.2413024902,46616,46626,10
13.0066604614,80.2405166626,46626,46646,20
13.0066604614,80.2405166626,46646,46656,10
13.0066795349,80.2401275635,46656,46666,10
13.0068101883,80.2395019531,46666,46676,10
13.007229805,80.2387466431,46676,46686,10
13.0072402954,80.2378921509,46686,46702,16
13.007399559,80.2368392944,46702,46715,13
13.0074195862,80.2367172241,46715,46725,10
13.0074701309,80.2366104126,46725,46735,10
13.0075302124,80.2362365723,46735,46745,10
13.0076999664,80.2355194092,46745,46755,10
13.0078401566,80.2349014282,46755,46765,10
13.0079698563,80.2341003418,46765,46775,10
13.0081796646,80.2331695557,46775,46785,10
13.0082998276,80.2319717407,46785,46795,10
13.0083999634,80.2309188843,46795,46805,10
13.008939743,80.2294616699,46805,46816,11
13.0092000961,80.2281799316,46816,46826,10
13.0096502304,80.227180481,46826,46836,10
13.0100297928,80.226272583,46836,46846,10
13.0104999542,80.2253799438,46846,46856,10
13.0106201172,80.2251205444,46856,46866,10
13.010720253,80.2250137329,46866,46876,10
13.0108499527,80.2245330811,46876,46886,10
13.0110998154,80.2237472534,46886,46896,10
13.0114202499,80.2228775024,46896,46905,9
13.0117301941,80.2220230103,46905,46917,12
13.0122203827,80.2214126587,46917,46927,10
13.0124998093,80.2217102051,46927,46937,10
13.0127801895,80.2222518921,46937,46947,10
13.0133895874,80.222869873,46947,46957,10
13.0139598846,80.2235336304,46957,46967,10
13.014380455,80.2241821289,46967,46977,10
13.0148000717,80.2245330811,46977,46987,10
13.0150995255,80.2247924805,46987,46997,10
13.015370369,80.2249298096,46997,47017,20
13.015370369,80.2249298096,47017,47028,11
13.0155096054,80.2250976563,47028,47038,10
13.0158100128,80.2252883911,47038,47048,10
13.0164203644,80.2253036499,47048,47058,10
13.0171804428,80.2250213623,47058,47068,10
13.0180702209,80.2246627808,47068,47078,10
13.018699646,80.2244033813,47078,47088,10
13.019080162,80.2242965698,47088,47108,20
13.019080162,80.2242965698,47108,47118,10
13.0195798874,80.2244567871,47118,47138,20
13.0195798874,80.2244567871,47138,47148,10
13.0197496414,80.2245635986,47148,47165,17
13.0205202103,80.2251281738,47165,47177,12
13.0211296082,80.2255630493,47177,47187,10
13.0215301514,80.2258834839,47187,47197,10
13.0220298767,80.2262802124,47197,47207,10
13.0224103928,80.2266082764,47207,47216,9
13.0229301453,80.2270736694,47216,47227,11
13.0236196518,80.2276687622,47227,47237,10
13.024020195,80.2280426025,47237,47247,10
13.0242099762,80.2282409668,47247,47258,11
13.0244703293,80.2286071777,47258,47268,10
13.0247402191,80.2290496826,47268,47278,10
13.0250301361,80.2294311523,47278,47288,10
13.0254001617,80.2298736572,47288,47298,10
13.0255203247,80.2300262451,47298,47308,10
13.0256795883,80.2303619385,47308,47318,10
13.025850296,80.2307434082,47318,47328,10
13.0258798599,80.2307891846,47328,47338,10
13.0258798599,80.2309112549,47338,47348,10
13.0258798599,80.2309188843,47348,47358,10
13.0258703232,80.2311401367,47358,47369,11
13.0262498856,80.2312011719,47369,47379,10
13.0270004272,80.2310333252,47379,47389,10
13.0278902054,80.2308807373,47389,47399,10
13.0285396576,80.2308425903,47399,47419,20
13.0285396576,80.2308425903,47419,47429,10
13.0289497375,80.2308273315,47429,47439,10
13.0293798447,80.2307891846,47439,47449,10
13.0295000076,80.2308120728,47449,47459,10
13.0298299789,80.230758667,47459,47470,11
13.0305204391,80.2306900024,47470,47480,10
13.0306596756,80.2305908203,47480,47490,10
13.0305995941,80.2303009033,47490,47500,10
13.0304403305,80.2297515869,47500,47510,10
13.0302495956,80.2290725708,47510,47520,10
13.03028965,80.2283630371,47520,47530,10
13.0303001404,80.2278366089,47530,47540,10
13.0303401947,80.2277526855,47540,47550,10
13.03028965,80.2274780273,47550,47560,10
13.0297603607,80.2274017334,47560,47570,10
13.0290899277,80.2274093628,47570,47581,11
13.0286397934,80.2272796631,47581,47591,10
13.028459549,80.2272415161,47591,47601,10
13.0281496048,80.2271270752,47601,47611,10
13.0280599594,80.2268600464,47611,47621,10
13.0280599594,80.2262268066,47621,47631,10
13.0281496048,80.2255172729,47631,47641,10
13.0283203125,80.2245483398,47641,47651,10
13.0284004211,80.2240219116,47651,47661,10
13.0286397934,80.2239379883,47661,47681,20
13.0286397934,80.2239379883,47681,47692,11
13.028960228,80.2241592407,47692,47702,10
13.029419899,80.2242507935,47702,47712,10
13.0300397873,80.2242279053,47712,47722,10
13.0307302475,80.2242431641,47722,47732,10
13.0310897827,80.2240829468,47732,47742,10
13.0310897827,80.2235717773,47742,47752,10
13.031129837,80.2230834961,47752,47762,10
13.031129837,80.2230072021,47762,47772,10
13.0312299728,80.22265625,47772,47782,10
13.0315504074,80.2221221924,47782,47792,10
13.0318698883,80.2214813232,47792,47803,11
13.0320501328,80.2208633423,47803,47813,10
13.0321397781,80.2202529907,47813,47823,10
13.0321502686,80.2196578979,47823,47843,20
13.0321502686,80.2196578979,47843,47853,10
13.0321798325,80.2192611694,47853,47863,10
13.0321397781,80.2186965942,47863,47873,10
13.0318698883,80.218421936,47873,47883,10
13.0314598083,80.2179718018,47883,47893,10
13.0313997269,80.2171783447,47893,47903,10
13.0312404633,80.2169570923,47903,47914,11
13.0307397842,80.2170028687,47914,47924,10
13.0304603577,80.2165985107,47924,47934,10
13.0304098129,80.216217041,47934,47944,10
13.0304002762,80.2160186768,47944,47954,10
13.030380249,80.2156829834,47954,47964,10
13.0303497314,80.2150726318,47964,47974,10
13.0303401947,80.2145004272,47974,47984,10
13.0303602219,80.2144165039,47984,47994,10
13.0304298401,80.2139968872,47994,48004,10
13.0304603577,80.2136383057,48004,48014,10
13.0304803848,80.2133483887,48014,48025,11
13.0305995941,80.2127304077,48025,48035,10
13.0307102203,80.2119979858,48035,48045,10
13.0308103561,80.2115707397,48045,48055,10
13.0308599472,80.2111282349,48055,48065,10
13.0308799744,80.2108535767,48065,48075,10
13.0309801102,80.2102890015,48075,48085,10
13.0308103561,80.2097167969,48085,48287,202
13.0308103561,80.2097167969,48287,48297,10
13.0350704193,80.2091827393,48297,48307,10
13.0352497101,80.2088165283,48307,48317,10
13.0352497101,80.2088317871,48317,48327,10
13.0352497101,80.2087173462,48327,48337,10
13.0353002548,80.2083282471,48337,48347,10
13.0354003906,80.2078323364,48347,48358,11
13.0357704163,80.2068710327,48358,48368,10
13.0355997086,80.2062225342,48368,48378,10
13.0355796814,80.2060012817,48378,48388,10
13.0356702805,80.205871582,48388,48398,10
13.0357503891,80.2054595947,48398,48408,10
13.0357999802,80.2051010132,48408,48418,10
13.0358104706,80.2045516968,48418,48428,10
13.0358695984,80.2039489746,48428,48438,10
13.0360202789,80.2032699585,48438,48448,10
13.0360498428,80.2025985718,48448,48459,11
13.0360202789,80.2017364502,48459,48469,10
13.0362997055,80.2016983032,48469,48479,10
13.0363998413,80.2015380859,48479,48489,10
13.0364599228,80.2012405396,48489,48499,10
13.0371599197,80.2008132935,48499,48509,10
13.0365800858,80.2012329102,48509,48518,9
13.036450386,80.2009887695,48518,48539,21
13.036450386,80.2009887695,48539,48549,10
13.036450386,80.2006225586,48549,48559,10
13.0365495682,80.200012207,48559,48570,11
13.0367097855,80.1992797852,48570,48580,10
13.0367002487,80.1983795166,48580,48590,10
13.0368995667,80.1979064941,48590,48600,10
13.036860466,80.1979370117,48600,48610,10
13.0362997055,80.1969985962,48610,48640,30
13.0374097824,80.1958465576,48640,48751,111
13.0398397446,80.1932830811,48751,49203,452
13.0441198349,80.2096710205,49203,50836,1633
13.0441198349,80.2096710205,50836,50846,10
13.0390901566,80.1994628906,50846,50856,10
13.0389499664,80.1991577148,50856,50866,10
13.0389795303,80.1987609863,50866,50876,10
13.0390195847,80.1985168457,50876,50886,10
13.0390996933,80.1979522705,50886,50897,11
13.0391197205,80.1968917847,50897,51200,303
13.0391197205,80.1968917847,51200,51209,9
13.0362901688,80.2011566162,51209,51219,10
13.0363798141,80.2017822266,51219,51240,21
13.0363798141,80.2017822266,51240,51250,10
13.0362596512,80.202003479,51250,51260,10
13.0362300873,80.2026824951,51260,51270,10
13.0360498428,80.2035827637,51270,51280,10
13.0360002518,80.2042388916,51280,51290,10
13.0359601974,80.2045211792,51290,51300,10
13.035900116,80.2050704956,51300,51310,10
13.0358104706,80.2057723999,51310,51320,10
13.0357704163,80.205909729,51320,51330,10
13.0357198715,80.2062606812,51330,51341,11
13.0356302261,80.2069625854,51341,51350,9
13.0354795456,80.2077331543,51350,51361,11
13.0353803635,80.2083816528,51361,51381,20
13.0353803635,80.2083816528,51381,51391,10
13.0354003906,80.2086791992,51391,51401,10
13.0352802277,80.2092514038,51401,51411,10
13.0351495743,80.2099761963,51411,51421,10
13.0350103378,80.2105712891,51421,51431,10
13.034910202,80.2113418579,51431,51442,11
13.0347604752,80.2122268677,51442,51452,10
13.0341501236,80.2121810913,51452,51462,10
13.0333099365,80.2120513916,51462,51472,10
13.0324001312,80.2119064331,51472,51492,20
13.0324001312,80.2119064331,51492,51502,10
13.0321397781,80.2118988037,51502,51512,10
13.0319004059,80.2116622925,51512,51522,10
13.0319795609,80.2111282349,51522,51532,10
13.0320901871,80.2105407715,51532,51542,10
13.0320997238,80.2097473145,51542,51552,10
13.0319004059,80.2092971802,51552,51563,11
13.0309200287,80.2092590332,51563,51573,10
13.03028965,80.2091064453,51573,51583,10
13.0300798416,80.209312439,51583,51593,10
13.0300502777,80.2094726563,51593,51603,10
13.0300703049,80.2097167969,51603,51613,10
13.0304603577,80.2098312378,51613,51623,10
13.0309095383,80.2100067139,51623,51633,10
13.0309696198,80.2100372314,51633,51643,10
13.030960083,80.2105178833,51643,51653,10
13.0308704376,80.2109069824,51653,51663,10
13.030960083,80.2111816406,51663,51674,11
13.0307798386,80.2117080688,51674,51684,10
13.0306797028,80.2118988037,51684,51694,10
13.0306196213,80.2126693726,51694,51704,10
13.030579567,80.2129974365,51704,51714,10
13.0304803848,80.2134628296,51714,51724,10
13.0304203033,80.2136993408,51724,51734,10
13.0303602219,80.2139205933,51734,51744,10
13.0303201675,80.2146911621,51744,51775,31
13.0303201675,80.2146911621,51775,51785,10
13.0303897858,80.2168197632,51785,51795,10
13.0306901932,80.2170181274,51795,51803,8
13.0307703018,80.2169265747,51803,51815,12
13.0311803818,80.2169189453,51815,51825,10
13.0314598083,80.2169418335,51825,51835,10
13.0314903259,80.2173461914,51835,51845,10
13.0315504074,80.2182922363,51845,51855,10
13.0321998596,80.2184295654,51855,51865,10
13.0322799683,80.2188873291,51865,51876,11
13.0322904587,80.2194976807,51876,51885,9
13.03221035,80.2203292847,51885,51906,21
13.03221035,80.2203292847,51906,51916,10
13.0321102142,80.2205581665,51916,51926,10
13.0319900513,80.2211227417,51926,51936,10
13.0318098068,80.2217102051,51936,51946,10
13.0315799713,80.2221679688,51946,51956,10
13.0313997269,80.2225799561,51956,51966,10
13.0311899185,80.2230377197,51966,51976,10
13.0311603546,80.2238311768,51976,51996,20
13.0311603546,80.2238311768,51996,52007,11
13.0311603546,80.2241516113,52007,52017,10
13.0309200287,80.2243118286,52017,52033,16
13.0300998688,80.2243423462,52033,52045,12
13.0290203094,80.2242279053,52045,52075,30
13.0290203094,80.2242279053,52075,52085,10
13.0287799835,80.2241287231,52085,52095,10
13.0285596848,80.2241516113,52095,52105,10
13.0284795761,80.2241287231,52105,52116,11
13.0282897949,80.2248001099,52116,52126,10
13.0281200409,80.2256393433,52126,52136,10
13.0279502869,80.2265167236,52136,52146,10
13.0278501511,80.2269897461,52146,52156,10
13.0283498764,80.227142334,52156,52176,20
13.0283498764,80.227142334,52176,52186,10
13.0300703049,80.2276306152,52186,52237,51
13.0300703049,80.2276306152,52237,52247,10
13.0303602219,80.2299804688,52247,52257,10
13.0306797028,80.2304992676,52257,52267,10
13.0307397842,80.2307128906,52267,52277,10
13.0304298401,80.2307662964,52277,52287,10
13.0299501419,80.2309036255,52287,52297,10
13.0297203064,80.2308425903,52297,52307,10
13.0295000076,80.2308120728,52307,52317,10
13.0289497375,80.2308197021,52317,52327,10
13.0281095505,80.2308120728,52327,52338,11
13.0275802612,80.2309799194,52338,52348,10
13.0276603699,80.2314071655,52348,52358,10
13.027680397,80.232093811,52358,52368,10
13.0278396606,80.2328262329,52368,52378,10
13.0273399353,80.232963562,52378,52388,10
13.0268497467,80.2330703735,52388,52398,10
13.0264997482,80.2330780029,52398,53678,1280
13.0264997482,80.2330780029,53678,53688,10
12.9998598099,80.256439209,53688,53697,9
12.9999103546,80.256477356,53697,53708,11
13.0,80.256187439,53708,53718,10
12.9998102188,80.2562332153,53718,53728,10
12.9993200302,80.2560577393,53728,53738,10
12.9987897873,80.2560424805,53738,53748,10
12.9982595444,80.2562866211,53748,53758,10
12.9976301193,80.2559661865,53758,53769,11
12.997300148,80.2559509277,53769,53779,10
12.9970302582,80.2560119629,53779,53789,10
12.9969596863,80.2566299438,53789,53799,10
12.9968795776,80.2568511963,53799,53809,10
12.9967899323,80.2570877075,53809,53819,10
12.9968900681,80.2568511963,53819,53829,10
12.9968900681,80.2568283081,53829,53839,10
12.9967098236,80.2580566406,53839,53849,10
12.9966497421,80.2587585449,53849,53866,17
12.996509552,80.2598800659,53866,53877,11
12.996509552,80.2606887817,53877,53888,11
12.9963197708,80.2617034912,53888,53898,10
12.9962100983,80.2625427246,53898,53918,20
12.9962100983,80.2625427246,53918,53928,10
12.9961099625,80.2628326416,53928,53938,10
12.9960803986,80.2634429932,53938,53948,10
12.9960203171,80.2642822266,53948,53958,10
12.9959001541,80.2650909424,53958,53968,10
12.9958400726,80.2658615112,53968,53977,9
12.9958200455,80.2659606934,53977,53989,12
12.9957895279,80.266418457,53989,53999,10
12.9957103729,80.2671279907,53999,54009,10
12.9958496094,80.267616272,54009,54019,10
12.9962100983,80.2676391602,54019,54029,10
12.9963197708,80.2676696777,54029,54039,10
12.996720314,80.2676391602,54039,54049,10
12.9973697662,80.2675170898,54049,54059,10
12.9979896545,80.2673568726,54059,54069,10
12.9986801147,80.2672119141,54069,54079,10
12.9995203018,80.266998291,54079,54089,10
13.0000696182,80.2665634155,54089,54110,21
13.0000696182,80.2665634155,54110,54120,10
13.0001602173,80.2662277222,54120,54130,10
13.0002803802,80.2657012939,54130,54150,20
13.0002803802,80.2657012939,54150,54160,10
13.0003404617,80.2659683228,54160,54200,40
13.0002403259,80.2663269043,54200,54735,535
13.0002403259,80.2663269043,54735,54745,10
13.0002803802,80.2666473389,54745,54756,11
13.000120163,80.2668380737,54756,54766,10
12.9996995926,80.2669830322,54766,54776,10
12.9991102219,80.2671890259,54776,54786,10
12.9983701706,80.2673873901,54786,54796,10
12.9977798462,80.2676315308,54796,54806,10
12.9972496033,80.2677001953,54806,54816,10
12.9967098236,80.2677993774,54816,54826,10
12.9960298538,80.267829895,54826,54836,10
12.9956502914,80.2676620483,54836,54846,10
12.9956502914,80.2673110962,54846,54856,10
12.9956598282,80.267288208,54856,54867,11
12.9956903458,80.266960144,54867,54877,10
12.995759964,80.2664413452,54877,54887,10
12.9958696365,80.2657012939,54887,54897,10
12.9959096909,80.2649230957,54897,54907,10
12.9959802628,80.2643585205,54907,54917,10
12.9961204529,80.2636413574,54917,54927,10
12.9962396622,80.2629776001,54927,54937,10
12.9964504242,80.262260437,54937,55815,878
12.9964504242,80.262260437,55815,55825,10
13.0063695908,80.2574386597,55825,55856,31
13.0063695908,80.2574386597,55856,55866,10
13.0066404343,80.2567214966,55866,55876,10
13.0062999725,80.2563705444,55876,55886,10
13.0057601929,80.2559204102,55886,55896,10
13.0069799423,80.2552871704,55896,55906,10
13.0065803528,80.2543792725,55906,55916,10
13.0066099167,80.2537384033,55916,55977,61
13.0066099167,80.2537384033,55977,55987,10
13.0065202713,80.2519378662,55987,55997,10
13.0067195892,80.2515029907,55997,56007,10
13.0066604614,80.2515563965,56007,56017,10
13.0065898895,80.251701355,56017,56027,10
13.0066204071,80.2515029907,56027,56037,10
13.0066795349,80.2509994507,56037,56058,21
13.0066795349,80.2509994507,56058,56067,9
13.0063295364,80.2511978149,56067,56077,10
13.0065603256,80.2501983643,56077,56088,11
13.0069198608,80.2497634888,56088,56098,10
13.0070199966,80.2489318848,56098,56108,10
13.0067596436,80.2490310669,56108,56118,10
13.0066995621,80.2484130859,56118,56128,10
13.0066995621,80.2478485107,56128,56138,10
13.0067100525,80.2473373413,56138,56148,10
13.0066900253,80.2468719482,56148,56158,10
13.006529808,80.2461700439,56158,56239,81
13.006529808,80.2461700439,56239,56249,10
13.0067501068,80.2422637939,56249,56259,10
13.006819725,80.2415924072,56259,56269,10
13.0070800781,80.2406387329,56269,56411,142
13.0070800781,80.2406387329,56411,56421,10
13.008310318,80.234916687,56421,56441,20
13.008310318,80.234916687,56441,56451,10
13.0080003738,80.2343292236,56451,56461,10
13.0081100464,80.2338180542,56461,56471,10
13.0086603165,80.2330627441,56471,56481,10
13.0088500977,80.2323684692,56481,56491,10
13.0090799332,80.2315979004,56491,56522,31
13.0090799332,80.2315979004,56522,56532,10
13.0097799301,80.2270584106,56532,56542,10
13.0100803375,80.2261123657,56542,56552,10
13.0103702545,80.2253570557,56552,56562,10
13.0106801987,80.2245330811,56562,56633,71
13.0106801987,80.2245330811,56633,56643,10
13.0118398666,80.2227478027,56643,56653,10
13.012169838,80.2218399048,56653,56663,10
13.0128498077,80.220741272,56663,56683,20
13.0128498077,80.220741272,56683,56693,10
13.0135297775,80.2227020264,56693,56703,10
13.0136699677,80.2233963013,56703,56713,10
13.0142602921,80.2235412598,56713,56723,10
13.0143604279,80.2238464355,56723,56733,10
13.0149803162,80.2245330811,56733,56743,10
13.0153999329,80.2250213623,56743,56754,11
13.0159196854,80.2249832153,56754,56774,20
13.0159196854,80.2249832153,56774,56784,10
13.0158100128,80.225227356,56784,56794,10
13.0172395706,80.224899292,56794,56810,16
13.0192403793,80.2242202759,56810,56830,20
13.0192403793,80.2242202759,56830,56842,12
13.0194396973,80.224319458,56842,56852,10
13.0197200775,80.2245483398,56852,56873,21
13.0197200775,80.2245483398,56873,56883,10
13.0197000504,80.2245864868,56883,56892,9
13.0198297501,80.2246932983,56892,56903,11
13.0201597214,80.2248764038,56903,56913,10
13.0206804276,80.2253494263,56913,56923,10
13.0214796066,80.2259674072,56923,56932,9
13.0222396851,80.2264709473,56932,56943,11
13.0230998993,80.2271881104,56943,56952,9
13.0237598419,80.2277984619,56952,56963,11
13.0243196487,80.2284927368,56963,56974,11
13.0248498917,80.2292175293,56974,56984,10
13.0253000259,80.2297668457,56984,56994,10
13.0253801346,80.2298736572,56994,57004,10
13.0255899429,80.230178833,57004,57014,10
13.0256500244,80.2303390503,57014,57024,10
13.0256996155,80.2304382324,57024,57034,10
13.0258102417,80.2307281494,57034,57044,10
13.025850296,80.23097229,57044,57054,10
13.0258903503,80.2312011719,57054,57064,10
13.0261602402,80.2311935425,57064,57075,11
13.0268802643,80.231010437,57075,57085,10
13.0276298523,80.2308502197,57085,57095,10
13.0279598236,80.2308425903,57095,57105,10
13.0282096863,80.2308807373,57105,57115,10
13.0284500122,80.2308502197,57115,57125,10
13.0285596848,80.2308502197,57125,57135,10
13.0291595459,80.2307815552,57135,57186,51
13.0291595459,80.2307815552,57186,57196,10
13.0295600891,80.2307662964,57196,57206,10
13.0300703049,80.2307128906,57206,57216,10
13.0305595398,80.230682373,57216,57226,10
13.0306901932,80.2305297852,57226,57236,10
13.030579567,80.2300186157,57236,57246,10
13.0303602219,80.2294616699,57246,57256,10
13.0303401947,80.2288665771,57256,57266,10
13.030380249,80.2283477783,57266,57276,10
13.0303401947,80.2282791138,57276,57286,10
13.030380249,80.2281036377,57286,57296,10
13.0304098129,80.2275619507,57296,57307,11
13.0302600861,80.227180481,57307,57317,10
13.0292196274,80.2270965576,57317,57327,10
13.0276002884,80.2269210815,57327,57347,20
13.0276002884,80.2269210815,57347,57363,16
13.0281095505,80.2258529663,57363,57375,12
13.0283403397,80.2248764038,57375,57385,10
13.028459549,80.2241592407,57385,57395,10
13.0284795761,80.2240982056,57395,57405,10
13.0286598206,80.2240829468,57405,57416,11
13.0287303925,80.2240600586,57416,57426,10
13.0287704468,80.2240829468,57426,57435,9
13.0289297104,80.2241210938,57435,57446,11
13.0293102264,80.2242889404,57446,57456,10
13.02987957,80.2242507935,57456,57466,10
13.0305595398,80.2243499756,57466,57476,10
13.0310697556,80.2242889404,57476,57486,10
13.0311603546,80.2239685059,57486,57496,10
13.0311803818,80.2234573364,57496,57506,10
13.0312099457,80.2230300903,57506,57516,10
13.0314302444,80.2224884033,57516,57527,11
13.0318002701,80.2219619751,57527,57536,9
13.0320501328,80.2214584351,57536,57547,11
13.0322198868,80.2206802368,57547,57557,10
13.0322399139,80.2201309204,57557,57567,10
13.0321998596,80.2197189331,57567,57577,10
13.0322198868,80.2194671631,57577,57587,10
13.0321798325,80.2188796997,57587,57597,10
13.0319099426,80.2184829712,57597,57607,10
13.0314998627,80.2182006836,57607,57617,10
13.0314598083,80.2174606323,57617,57628,11
13.0313997269,80.2171096802,57628,57638,10
13.0311002731,80.2170181274,57638,57648,10
13.0305404663,80.2169876099,57648,57658,10
13.0304603577,80.2166595459,57658,57668,10
13.0304803848,80.2164916992,57668,57678,10
13.030579567,80.2160491943,57678,57688,10
13.0305595398,80.2153091431,57688,57698,10
13.0304002762,80.2146224976,57698,57708,10
13.0304498672,80.2143478394,57708,57718,10
13.0304698944,80.2140808105,57718,57728,10
13.0305204391,80.2136993408,57728,57739,11
13.0305204391,80.2134399414,57739,57749,10
13.0305995941,80.2129135132,57749,57759,10
13.0307102203,80.2122192383,57759,57769,10
13.0308103561,80.2116928101,57769,57779,10
13.03083992,80.2113800049,57779,57789,10
13.0308599472,80.2110824585,57789,57799,10
13.0308904648,80.2107925415,57799,58322,523
13.0308904648,80.2107925415,58322,58332,10
13.0368003845,80.1968688965,58332,58363,31
13.0368003845,80.1968688965,58363,58371,8
13.0374698639,80.1945114136,58371,58383,12
13.0375995636,80.1934967041,58383,58392,9
13.0376701355,80.1929321289,58392,58403,11
13.0378198624,80.1921768188,58403,58504,101
13.0378198624,80.1921768188,58504,58514,10
13.0418796539,80.194229126,58514,58525,11
13.0419397354,80.1946868896,58525,58535,10
13.0417699814,80.1948394775,58535,58545,10
13.0415401459,80.1955413818,58545,58555,10
13.0414600372,80.1962280273,58555,58565,10
13.0413999557,80.196762085,58565,58575,10
13.0414199829,80.1969223022,58575,58585,10
13.0412397385,80.1972808838,58585,58595,10
13.0412101746,80.198059082,58595,58605,10
13.0410699844,80.1986236572,58605,58615,10
13.0410003662,80.1992797852,58615,58626,11
13.0410003662,80.1993637085,58626,58636,10
13.0409603119,80.1996536255,58636,58646,10
13.0408802032,80.200088501,58646,58656,10
13.0408000946,80.2009811401,58656,58666,10
13.0406599045,80.2017822266,58666,58676,10
13.04047966,80.20287323,58676,60242,1566
13.04047966,80.20287323,60242,60256,14
13.043009758,80.2061004639,60256,60266,10
13.0424804688,80.2054977417,60266,60277,11
13.0417299271,80.2052536011,60277,60287,10
13.0410404205,80.2051773071,60287,60297,10
13.0408201218,80.2051620483,60297,60307,10
13.0407495499,80.2051696777,60307,60317,10
13.0403795242,80.205116272,60317,60327,10
13.0398302078,80.2050170898,60327,60350,23
13.0381603241,80.2047805786,60350,60372,22
13.0381603241,80.2047805786,60372,60382,10
13.0381002426,80.2044830322,60382,60392,10
13.0382003784,80.2039794922,60392,60403,11
13.0383195877,80.203163147,60403,60412,9
13.0384197235,80.2025604248,60412,60423,11
13.0385198593,80.2019882202,60423,60433,10
13.0385103226,80.2018966675,60433,60443,10
13.0382995605,80.2018508911,60443,60453,10
13.038599968,80.2013626099,60453,60463,10
13.0386600494,80.200881958,60463,60473,10
13.0388402939,80.1999893188,60473,60483,10
13.0389204025,80.1993103027,60483,60493,10
13.0389204025,80.1991424561,60493,60504,11
13.0389499664,80.1988983154,60504,60514,10
13.039059639,80.1983184814,60514,60524,10
13.0391702652,80.1975784302,60524,60534,10
13.0392904282,80.1968231201,60534,60553,19
13.0392904282,80.1968231201,60553,60564,11
13.0393199921,80.1965789795,60564,60573,9
13.0394001007,80.1961135864,60573,60583,10
13.0394897461,80.1954193115,60583,60594,11
13.0396099091,80.1945037842,60594,60605,11
13.0397396088,80.193611145,60605,60615,10
13.0397996902,80.1931762695,60615,60625,10
13.0397996902,80.1931686401,60625,60635,10
13.0397596359,80.1930999756,60635,60645,10
13.0394496918,80.1930236816,60645,60655,10
13.038649559,80.1928863525,60655,60685,30
13.038649559,80.1928863525,60685,60695,10
13.0382900238,80.192779541,60695,60705,10
13.0377998352,80.192817688,60705,60716,11
13.0375204086,80.1934585571,60716,60726,10
13.0374498367,80.1942367554,60726,60736,10
13.0373296738,80.1951370239,60736,60746,10
13.0372495651,80.1958618164,60746,60756,10
13.0371398926,80.1965408325,60756,60796,40
13.0371398926,80.1965408325,60796,60806,10
13.0370197296,80.1977767944,60806,60816,10
13.0370998383,80.198600769,60816,60827,11
13.0371799469,80.1996383667,60827,60837,10
13.0369501114,80.1996994019,60837,60887,50
13.0369501114,80.1996994019,60887,60897,10
13.0363502502,80.2018890381,60897,60917,20
13.0363502502,80.2018890381,60917,60927,10
13.0363302231,80.2020492554,60927,60938,11
13.036239624,80.2025375366,60938,60948,10
13.0361700058,80.2031402588,60948,60958,10
13.0360603333,80.2037887573,60958,60968,10
13.0359897614,80.2043991089,60968,60978,10
13.035900116,80.2049713135,60978,60988,10
13.0358104706,80.2054519653,60988,60998,10
13.0357398987,80.205909729,60998,61008,10
13.0357198715,80.2059783936,61008,61018,10
13.0356702805,80.2061462402,61018,61028,10
13.0356502533,80.2065505981,61028,61038,10
13.0355596542,80.2072372437,61038,61048,10
13.0354604721,80.2080001831,61048,61059,11
13.0354099274,80.2084884644,61059,61079,20
13.0354099274,80.2084884644,61079,61089,10
13.035320282,80.208732605,61089,61099,10
13.0352401733,80.2092437744,61099,61109,10
13.0351600647,80.2098770142,61109,61119,10
13.0350799561,80.2105178833,61119,61129,10
13.034910202,80.2109375,61129,61139,10
13.034819603,80.2115631104,61139,61149,10
13.0346899033,80.2121582031,61149,61160,11
13.0341901779,80.2121124268,61160,61170,10
13.0335798264,80.2119979858,61170,61180,10
13.0329303741,80.2119369507,61180,61190,10
13.0324802399,80.2118988037,61190,61220,30
13.0324802399,80.2118988037,61220,61230,10
13.0322904587,80.2117996216,61230,61240,10
13.0319099426,80.2116394043,61240,61250,10
13.0319499969,80.2113037109,61250,61260,10
13.0320501328,80.2107086182,61260,61271,11
13.0321502686,80.2099685669,61271,61281,10
13.0319499969,80.2096328735,61281,61291,10
13.0313796997,80.2094573975,61291,61301,10
13.0307798386,80.2093582153,61301,61311,10
13.0304803848,80.2092666626,61311,61331,20
13.0304803848,80.2092666626,61331,61341,10
13.030380249,80.209197998,61341,61351,10
13.0301198959,80.2093963623,61351,61371,20
13.0301198959,80.2093963623,61371,61382,11
13.029999733,80.2095718384,61382,61392,10
13.0300703049,80.2098388672,61392,61402,10
13.0304899216,80.2099304199,61402,61412,10
13.0308599472,80.2100219727,61412,61422,10
13.0308799744,80.2100219727,61422,61432,10
13.0309801102,80.2102508545,61432,61442,10
13.0309400558,80.2105865479,61442,61452,10
13.0308704376,80.2110977173,61452,61462,10
13.0308303833,80.2113571167,61462,61472,10
13.0307798386,80.2117385864,61472,61482,10
13.0307197571,80.2120819092,61482,61493,11
13.0306196213,80.2126617432,61493,61503,10
13.0305500031,80.213218689,61503,61513,10
13.0304803848,80.213722229,61513,61523,10
13.0304498672,80.2139816284,61523,61533,10
13.030380249,80.2144088745,61533,61543,10
13.0303401947,80.2148513794,61543,61553,10
13.0303401947,80.2148590088,61553,61563,10
13.0303602219,80.2149810791,61563,61573,10
13.0303602219,80.2153778076,61573,61583,10
13.0304002762,80.215927124,61583,61594,11
13.0304298401,80.2160873413,61594,61604,10
13.0304098129,80.2163772583,61604,61614,10
13.0306997299,80.2169570923,61614,61634,20
13.0306997299,80.2169570923,61634,61644,10
13.0308599472,80.2169570923,61644,61654,10
13.0311803818,80.2169799805,61654,61664,10
13.0314903259,80.2170791626,61664,61674,10
13.0315198898,80.2175674438,61674,61684,10
13.0315799713,80.2182693481,61684,61694,10
13.0321598053,80.21849823,61694,61705,11
13.0322599411,80.2187194824,61705,61715,10
13.0322399139,80.2192764282,61715,61725,10
13.0322303772,80.2199325562,61725,61735,10
13.0322303772,80.2203903198,61735,61755,20
13.0322303772,80.2203903198,61755,61765,10
13.0321502686,80.2205200195,61765,61775,10
13.0320596695,80.2209320068,61775,61785,10
13.0319404602,80.2215194702,61785,61795,10
13.0316696167,80.2220993042,61795,61805,10
13.0313997269,80.2226409912,61805,61816,11
13.0311603546,80.2233810425,61816,61826,10
13.0311498642,80.2239990234,61826,61846,20
13.0311498642,80.2239990234,61846,61856,10
13.031129837,80.2242202759,61856,61866,10
13.0308904648,80.2243499756,61866,61876,10
13.0304498672,80.224319458,61876,61886,10
13.0300703049,80.2242889404,61886,61896,10
13.029540062,80.2242965698,61896,61906,10
13.0290403366,80.2242279053,61906,61927,21
13.0290403366,80.2242279053,61927,61937,10
13.0288600922,80.2241210938,61937,61947,10
13.0285396576,80.2241210938,61947,61957,10
13.0283098221,80.2247467041,61957,61967,10
13.0281600952,80.2255783081,61967,61977,10
13.0279998779,80.2263793945,61977,61987,10
13.0279197693,80.2269134521,61987,61997,10
13.0281000137,80.2270889282,61997,62007,10
13.0285396576,80.227142334,62007,62017,10
13.0286197662,80.2271575928,62017,62027,10
13.0289497375,80.2271881104,62027,62038,11
13.0295600891,80.2272872925,62038,62048,10
13.0300598145,80.2273864746,62048,62058,10
13.0304498672,80.2275238037,62058,62068,10
13.0304203033,80.2278823853,62068,62078,10
13.0303602219,80.2282867432,62078,62094,16
13.0303201675,80.2283630371,62094,62106,12
13.0302801132,80.2287902832,62106,62116,10
13.0302495956,80.2291030884,62116,62126,10
13.0304403305,80.2296981812,62126,62136,10
13.0305995941,80.230140686,62136,62147,11
13.0306396484,80.2303085327,62147,62157,10
13.0306797028,80.2305908203,62157,62167,10
13.0306797028,80.2306289673,62167,62177,10
13.0306596756,80.2307434082,62177,62186,9
13.0304002762,80.230796814,62186,62197,11
13.0297403336,80.2308273315,62197,62227,30
13.0297403336,80.2308273315,62227,62237,10
13.0293998718,80.2308273315,62237,62247,10
13.0289201736,80.2308731079,62247,62258,11
13.0281600952,80.2309570313,62258,62268,10
13.0275802612,80.231048584,62268,62278,10
13.0275802612,80.2314224243,62278,62288,10
13.0276699066,80.2319488525,62288,62298,10
13.0278501511,80.2326202393,62298,62308,10
13.0275802612,80.2328491211,62308,62318,10
13.0268602371,80.232963562,62318,62389,71
13.0268602371,80.232963562,62389,62399,10
13.0266599655,80.233001709,62399,62409,10
13.0264797211,80.2329483032,62409,62419,10
13.026309967,80.2325820923,62419,62429,10
13.0262403488,80.2322769165,62429,62439,10
13.0261802673,80.2321014404,62439,62449,10
13.0260801315,80.2316131592,62449,62459,10
13.0259199142,80.2310028076,62459,62469,10
13.0255899429,80.2302627563,62469,62480,11
13.0251502991,80.2296295166,62480,62490,10
13.0248804092,80.2293014526,62490,62500,10
13.0246200562,80.2289810181,62500,62510,10
13.0241203308,80.2284011841,62510,62540,30
13.0241203308,80.2284011841,62540,62550,10
13.0239896774,80.2283630371,62550,62560,10
13.0237703323,80.2280197144,62560,62570,10
13.0233402252,80.2275466919,62570,62580,10
13.0229301453,80.2270812988,62580,62591,11
13.0222902298,80.2265014648,62591,62601,10
13.0215902328,80.2258987427,62601,62611,10
13.0208997726,80.2253494263,62611,62621,10
13.0202903748,80.2249832153,62621,62631,10
13.0199203491,80.2248001099,62631,62641,10
13.0198001862,80.2247314453,62641,62651,10
13.0193996429,80.2245330811,62651,62661,10
13.0186300278,80.2245483398,62661,62671,10
13.0177402496,80.2249069214,62671,62681,10
13.0168399811,80.2252731323,62681,62691,10
13.015999794,80.2256088257,62691,62702,11
13.0151796341,80.2259292603,62702,62712,10
13.0149803162,80.2260437012,62712,62722,10
13.0148496628,80.2260665894,62722,62732,10
13.0144100189,80.2262268066,62732,62742,10
13.0139799118,80.2264175415,62742,62772,30
13.0139799118,80.2264175415,62772,62782,10
13.0136003494,80.226600647,62782,62792,10
13.0130796432,80.2267837524,62792,62803,11
13.0122804642,80.2270812988,62803,62813,10
13.0114402771,80.2274169922,62813,62823,10
13.0105199814,80.2277832031,62823,62833,10
13.0095596313,80.2281570435,62833,62843,10
13.0090198517,80.2289199829,62843,62853,10
13.0088396072,80.2299423218,62853,62863,10
13.0086202621,80.2310562134,62863,62873,10
13.0084199905,80.2321166992,62873,62883,10
13.0082397461,80.2330474854,62883,62893,10
13.0081796646,80.2336273193,62893,62903,10
13.0081501007,80.2336730957,62903,62914,11
13.0081701279,80.2336883545,62914,62924,10
13.0080699921,80.2340393066,62924,62934,10
13.0079698563,80.2345581055,62934,62944,10
13.007900238,80.234916687,62944,62954,10
13.0078201294,80.2353820801,62954,62965,11
13.0076999664,80.2361373901,62965,62975,10
13.0075597763,80.2368621826,62975,62985,10
13.0073604584,80.23777771,62985,62995,10
13.0072097778,80.2386703491,62995,63005,10
13.0070495605,80.2396774292,63005,63037,32
13.0070495605,80.2396774292,63037,63047,10
13.0069999695,80.2398529053,63047,63057,10
13.0069503784,80.2401885986,63057,63067,10
13.0068902969,80.2406616211,63067,63087,20
13.0068902969,80.2406616211,63087,63097,10
13.0068397522,80.2407913208,63097,63107,10
13.0067596436,80.2412033081,63107,63117,10
13.0067195892,80.2418899536,63117,63127,10
13.0067100525,80.2427368164,63127,63138,11
13.0066604614,80.2437667847,63138,63148,10
13.0066404343,80.2445602417,63148,63158,10
13.006649971,80.2453918457,63158,63168,10
13.0067100525,80.2462692261,63168,63178,10
13.0067300797,80.2471694946,63178,63188,10
13.0067100525,80.2479934692,63188,63198,10
13.0067596436,80.248878479,63198,63208,10
13.0068397522,80.249458313,63208,63218,10
13.0068397522,80.2494812012,63218,63228,10
13.0068397522,80.2495193481,63228,63238,10
13.0068397522,80.2498779297,63238,63249,11
13.0068397522,80.250038147,63249,63259,10
13.0068101883,80.2505493164,63259,63269,10
13.0068101883,80.2512283325,63269,63279,10
13.0067195892,80.2518615723,63279,63289,10
13.0065603256,80.2526321411,63289,63299,10
13.0065498352,80.253578186,63299,63309,10
13.0065898895,80.2545166016,63309,63319,10
13.0066204071,80.2551269531,63319,63329,10
13.0066204071,80.2551498413,63329,63339,10
13.0066003799,80.255241394,63339,63350,11
13.0066099167,80.2557830811,63350,63360,10
13.0066204071,80.2563705444,63360,63370,10
13.0067195892,80.2574386597,63370,63481,111
13.0067195892,80.2574386597,63481,63491,10
13.0067901611,80.2574768066,63491,63501,10
13.0063495636,80.2574996948,63501,63511,10
13.0056600571,80.2573394775,63511,63512,1
13.0055904388,80.2573318481,63512,63551,39
13.0037002563,80.2568588257,63551,63561,10
13.0034503937,80.2568206787,63561,63612,51
13.0034503937,80.2568206787,63612,63622,10
13.0031795502,80.2568435669,63622,63632,10
13.0029201508,80.2567672729,63632,63647,15
13.0023498535,80.2566299438,63647,63657,10
13.0017499924,80.2565383911,63657,63758,101
13.0017499924,80.2565383911,63758,63768,10
13.0012302399,80.2565612793,63768,63778,10
13.0001897812,80.256362915,63778,63799,21
13.0001897812,80.256362915,63799,63809,10
12.9999799728,80.256362915,63809,63819,10
12.9995203018,80.2562484741,63819,63829,10
12.9989204407,80.2560882568,63829,63839,10
12.998339653,80.2560119629,63839,63849,10
12.9978599548,80.2559432983,63849,63859,10
12.997300148,80.2558898926,63859,63869,10
12.9968996048,80.2561035156,63869,63879,10
12.9968395233,80.2570495605,63879,63910,31
12.9968395233,80.2570495605,63910,63920,10
12.9968595505,80.2573165894,63920,63930,10
12.9968395233,80.2577209473,63930,63940,10
12.9967699051,80.2582168579,63940,63950,10
12.9967098236,80.2587738037,63950,63966,16
12.9966001511,80.2597198486,63966,63978,12
12.9964895248,80.2605209351,63978,63986,8
12.9964399338,80.261100769,63986,63998,12
12.9963302612,80.2623214722,63998,64019,21
12.9963302612,80.2623214722,64019,64028,9
12.9962997437,80.2624588013,64028,64039,11
12.9962501526,80.2630386353,64039,64049,10
12.9961795807,80.2637176514,64049,64058,9
12.9961004257,80.2644424438,64058,64069,11
12.9960098267,80.2651596069,64069,64079,10
12.9960002899,80.2652130127,64079,64089,10
12.9959602356,80.2655105591,64089,64099,10
12.9958600998,80.2660980225,64099,64109,10
12.9957799911,80.2668991089,64109,64120,11
12.9960803986,80.2676925659,64120,64150,30
12.9960803986,80.2676925659,64150,64160,10
12.996219635,80.2677078247,64160,64170,10
12.996720314,80.2677612305,64170,64180,10
12.9974403381,80.267578125,64180,64190,10
12.9979295731,80.2674179077,64190,64200,10
12.998339653,80.2673187256,64200,64210,10
12.9989004135,80.2671279907,64210,64220,10
12.99958992,80.2668991089,64220,64231,11
13.0000600815,80.2665405273,64231,64241,10
13.0000801086,80.2665405273,64241,64251,10
13.0001401901,80.2665481567,64251,64261,10
13.0001802444,80.266166687,64261,64271,10
13.0003004074,80.2657318115,64271,64281,10
13.0003099442,80.2659378052,64281,64291,10
13.0002202988,80.2663803101,64291,64887,596
13.0002202988,80.2663803101,64887,64897,10
13.0002202988,80.2664413452,64897,64907,10
13.0002002716,80.2663803101,64907,64947,40
13.0002002716,80.2663803101,64947,64957,10
13.0002002716,80.2665100098,64957,64967,10
13.0002698898,80.2666625977,64967,64977,10
13.0002698898,80.2667236328,64977,64987,10
13.0002002716,80.2667922974,64987,64998,11
12.9999599457,80.2668991089,64998,65008,10
12.9995298386,80.2670135498,65008,65018,10
12.9989204407,80.2672424316,65018,65028,10
12.9983100891,80.2673797607,65028,65038,10
12.9978199005,80.2675704956,65038,65048,10
12.997420311,80.2677001953,65048,65058,10
12.997300148,80.2676696777,65058,65068,10
12.9968900681,80.2677993774,65068,65078,10
12.9962902069,80.2677993774,65078,65088,10
12.9958200455,80.2676773071,65088,65098,10
12.9956502914,80.2675704956,65098,65119,21
12.9956502914,80.2675704956,65119,65129,10
12.9956703186,80.2671813965,65129,65139,10
12.9957704544,80.2665863037,65139,65149,10
12.9958600998,80.2658691406,65149,65159,10
12.9960098267,80.2649383545,65159,65169,10
12.9960603714,80.2641906738,65169,65179,10
12.9961595535,80.2633209229,65179,65189,10
12.9962301254,80.2627182007,65189,65199,10
12.9962100983,80.2627105713,65199,65209,10
12.9962100983,80.2626419067,65209,65220,11
12.9961996078,80.2627105713,65220,65230,10
12.996219635,80.2623214722,65230,65240,10
12.9962501526,80.2620010376,65240,65250,10
12.9963502884,80.2613372803,65250,65260,10
12.9964103699,80.2607192993,65260,65270,10
12.9964704514,80.2600784302,65270,65280,10
12.996509552,80.2595367432,65280,65290,10
12.9965000153,80.2594985962,65290,65300,10
12.996509552,80.2592163086,65300,65310,10
12.9965696335,80.2587890625,65310,65321,11
12.9966497421,80.2582626343,65321,65331,10
12.9966802597,80.2576828003,65331,65341,10
12.9967403412,80.2571182251,65341,65351,10
12.9967899323,80.2565994263,65351,65479,128
12.9967899323,80.2565994263,65479,65490,11
12.9968595505,80.2561416626,65490,65500,10
12.9971103668,80.2559127808,65500,65510,10
12.9975004196,80.2559280396,65510,65520,10
12.9982404709,80.2560195923,65520,65561,41
12.9983997345,80.2559967041,65561,65601,40
12.9983997345,80.2559967041,65601,65611,10
12.9986400604,80.2560577393,65611,65621,10
12.9987401962,80.2560577393,65621,65631,10
12.9989004135,80.2560806274,65631,65641,10
12.9992103577,80.256149292,65641,65652,11
12.999879837,80.2562866211,65652,65662,10
13.0005903244,80.256439209,65662,65672,10
13.0012102127,80.2565383911,65672,65682,10
13.001540184,80.2565917969,65682,65692,10
13.0017204285,80.256652832,65692,65702,10
13.0021800995,80.2567062378,65702,65722,20
13.0021800995,80.2567062378,65722,65732,10
13.0023002625,80.2567825317,65732,65741,9
13.0024595261,80.2568130493,65741,65752,11
13.0028800964,80.2568817139,65752,65763,11
13.0032596588,80.2569503784,65763,65773,10
13.003780365,80.2570419312,65773,65783,10
13.004240036,80.2571411133,65783,65793,10
13.0045795441,80.2574768066,65793,65813,20
13.0045795441,80.2574768066,65813,65823,10
13.0049200058,80.2574691772,65823,65833,10
13.0052204132,80.2574005127,65833,65843,10
13.0053796768,80.2573165894,65843,65853,10
13.0055799484,80.2574081421,65853,65863,10
13.0061502457,80.2574462891,65863,65884,21
13.0061502457,80.2574462891,65884,65894,10
13.0061903,80.2575531006,65894,65904,10
13.0063896179,80.2574996948,65904,65914,10
13.0065002441,80.2572174072,65914,65924,10
13.0064897537,80.2568664551,65924,65934,10
13.0065002441,80.256187439,65934,65944,10
13.0065002441,80.2555770874,65944,65960,16
13.0064897537,80.2545166016,65960,65972,12
13.0065402985,80.2536392212,65972,66003,31
13.0065402985,80.2536392212,66003,66013,10
13.0065002441,80.2534332275,66013,66023,10
13.006480217,80.2532577515,66023,66033,10
13.0064601898,80.253112793,66033,66043,10
13.006480217,80.2526168823,66043,66094,51
13.006480217,80.2526168823,66094,66104,10
13.0066204071,80.252571106,66104,66114,10
13.0066003799,80.252243042,66114,66124,10
13.0067195892,80.2516403198,66124,66134,10
13.0067396164,80.2508163452,66134,66144,10
13.0067501068,80.2501373291,66144,66154,10
13.0067501068,80.2496795654,66154,66164,10
13.0067796707,80.2496185303,66164,66174,10
13.0067501068,80.2492370605,66174,66184,10
13.0066795349,80.2488327026,66184,66225,41
13.0066795349,80.2488327026,66225,66235,10
13.0066404343,80.2485961914,66235,66245,10
13.0066204071,80.2483291626,66245,66255,10
13.0065898895,80.2479705811,66255,66265,10
13.0065803528,80.2474975586,66265,66275,10
13.0066003799,80.2471389771,66275,66285,10
13.0065698624,80.2468185425,66285,66295,10
13.0065698624,80.2468109131,66295,66306,11
13.0065402985,80.2467727661,66306,66316,10
13.0065803528,80.2464904785,66316,66326,10
13.0065898895,80.2460174561,66326,66336,10
13.0066099167,80.2457199097,66336,66346,10
13.0066099167,80.2455215454,66346,66356,10
13.0066099167,80.2452163696,66356,66366,10
13.0065803528,80.245010376,66366,66376,10
13.0065898895,80.2448196411,66376,66386,10
13.0065898895,80.2446289063,66386,66396,10
13.0066099167,80.2443008423,66396,66406,10
13.0065803528,80.2439575195,66406,66417,11
13.0065803528,80.2436065674,66417,66427,10
13.0065402985,80.2431411743,66427,66437,10
13.0065402985,80.2424926758,66437,66447,10
13.0065202713,80.2418212891,66447,66457,10
13.0065202713,80.2417602539,66457,66467,10
13.0065402985,80.2415084839,66467,66483,16
13.0065603256,80.2408676147,66483,66495,12
13.0066699982,80.2404632568,66495,66566,71
13.0066604614,80.2401428223,66566,66637,71
13.0066604614,80.2401428223,66637,66647,10
13.0067501068,80.240020752,66647,66657,10
13.0069503784,80.2393569946,66657,66667,10
13.0071201324,80.2386779785,66667,66677,10
13.0071601868,80.2383422852,66677,66687,10
13.0071802139,80.2381973267,66687,66697,10
13.0071897507,80.2379989624,66697,66707,10
13.0073099136,80.2375335693,66707,66717,10
13.0074195862,80.2369384766,66717,66727,10
13.0074996948,80.236541748,66727,66748,21
13.0074996948,80.236541748,66748,66758,10
13.0075597763,80.236289978,66758,66768,10
13.0076198578,80.2358474731,66768,66778,10
13.0077400208,80.2353591919,66778,66788,10
13.0077495575,80.2352371216,66788,66798,10
13.0078201294,80.2348480225,66798,66808,10
13.0079698563,80.2342300415,66808,66818,10
13.0080699921,80.2338104248,66818,66828,10
13.0080900192,80.2336273193,66828,66838,10
13.008099556,80.2335510254,66838,66848,10
13.0081100464,80.2334365845,66848,66859,11
13.0081596375,80.2332305908,66859,66869,10
13.0081796646,80.2331085205,66869,66879,10
13.0082597733,80.2327728271,66879,66899,20
13.0082597733,80.2327728271,66899,66909,10
13.008310318,80.2324676514,66909,66929,20
13.008310318,80.2324676514,66929,66939,10
13.0083599091,80.2322006226,66939,66970,31
13.0083599091,80.2322006226,66970,66980,10
13.0084400177,80.2316970825,66980,67030,50
13.0085000992,80.2313613892,67030,67081,51
13.0085000992,80.2313613892,67081,67091,10
13.0085897446,80.23097229,67091,67131,40
13.0085897446,80.23097229,67131,67141,10
13.0086803436,80.2304763794,67141,67161,20
13.0086803436,80.2304763794,67161,67171,10
13.0087203979,80.2301864624,67171,67181,10
13.0087404251,80.230140686,67181,67192,11
13.0087900162,80.2298431396,67192,67202,10
13.0088300705,80.2297134399,67202,67212,10
13.0088596344,80.2295074463,67212,67222,10
13.0088996887,80.2293319702,67222,67232,10
13.0089597702,80.2290725708,67232,67242,10
13.009059906,80.2286071777,67242,67252,10
13.0092601776,80.2279815674,67252,67262,10
13.0095796585,80.2272567749,67262,67272,10
13.0099401474,80.2264480591,67272,67282,10
13.0102996826,80.2257080078,67282,67293,11
13.0106601715,80.2249984741,67293,67303,10
13.0109100342,80.2243118286,67303,67313,10
13.0112304688,80.2236022949,67313,67323,10
13.0115604401,80.2228164673,67323,67333,10
13.0118303299,80.2220687866,67333,67343,10
13.0122203827,80.2214431763,67343,67353,10
13.0124902725,80.2218093872,67353,67363,10
13.0128602982,80.2223968506,67363,67373,10
13.0133104324,80.2228393555,67373,67383,10
13.0138196945,80.2233810425,67383,67393,10
13.0142498016,80.2239074707,67393,67404,11
13.0147304535,80.2244567871,67404,67414,10
13.0150995255,80.2248535156,67414,67424,10
13.0154800415,80.2250900269,67424,67454,30
13.0154800415,80.2250900269,67454,67464,10
13.0156602859,80.2250823975,67464,67474,10
13.0159196854,80.2253265381,67474,67484,10
13.0164299011,80.2253799438,67484,67494,10
13.0172395706,80.2250671387,67494,67565,71
13.0172395706,80.2250671387,67565,67575,10
13.0172996521,80.2250671387,67575,67585,10
13.0176000595,80.2249526978,67585,67595,10
13.0180997849,80.2247619629,67595,67605,10
13.0186700821,80.2245178223,67605,67615,10
13.0193395615,80.2244567871,67615,67656,41
13.0194597244,80.2245788574,67656,67676,20
13.0194597244,80.2245788574,67676,67686,10
13.0195999146,80.2246017456,67686,67696,10
13.0198898315,80.2247467041,67696,67706,10
13.0202999115,80.2250366211,67706,67716,10
13.0207700729,80.2253417969,67716,67726,10
13.0208797455,80.2254486084,67726,67737,11
13.0212402344,80.2257003784,67737,67747,10
13.0216999054,80.2260437012,67747,67757,10
13.0221796036,80.2264328003,67757,67767,10
13.0227499008,80.2269363403,67767,67777,10
13.0233898163,80.2275390625,67777,67787,10
13.0239400864,80.2280197144,67787,67797,10
13.0243196487,80.2284622192,67797,67807,10
13.0246400833,80.2289199829,67807,67817,10
13.0247802734,80.229133606,67817,67827,10
13.0250301361,80.2294616699,67827,67837,10
13.0252799988,80.2297515869,67837,67848,11
13.0253200531,80.2297668457,67848,67858,10
13.0255203247,80.2300796509,67858,67868,10
13.0259504318,80.2310333252,67868,67936,68
13.0259504318,80.2310333252,67936,67946,10
13.0260000229,80.2312164307,67946,67956,10
13.0262098312,80.2313766479,67956,67967,11
13.0267095566,80.2311706543,67967,67977,10
13.0272502899,80.2310180664,67977,67987,10
13.0275001526,80.2309417725,67987,67997,10
13.0277996063,80.2309036255,67997,68007,10
13.0279302597,80.2309036255,68007,68017,10
13.0282802582,80.2308425903,68017,68058,41
13.0282802582,80.2308425903,68058,68068,10
13.0285997391,80.2308120728,68068,68078,10
13.0288896561,80.230758667,68078,68118,40
13.0288896561,80.230758667,68118,68128,10
13.0290203094,80.2307662964,68128,68138,10
13.0291996002,80.23072052,68138,68148,10
13.0293703079,80.2307128906,68148,68158,10
13.0297203064,80.2306976318,68158,68169,11
13.0302400589,80.2306289673,68169,68179,10
13.0306196213,80.2305908203,68179,68189,10
13.0306301117,80.2305908203,68189,68199,10
13.0306100845,80.2303390503,68199,68209,10
13.0305204391,80.2299194336,68209,68219,10
13.0303297043,80.2294769287,68219,68229,10
13.0302801132,80.2289428711,68229,68239,10
13.0303201675,80.2284622192,68239,68269,30
13.0303201675,80.2284622192,68269,68280,11
13.0303602219,80.2282028198,68280,68290,10
13.0303697586,80.2278213501,68290,68299,9
13.0303001404,80.2275390625,68299,68310,11
13.0299396515,80.2274780273,68310,68320,10
13.0295495987,80.227432251,68320,68330,10
13.0286998749,80.2272796631,68330,68350,20
13.0286998749,80.2272796631,68350,68360,10
13.0285196304,80.2272109985,68360,68370,10
13.0281896591,80.227180481,68370,68380,10
13.0279798508,80.2269668579,68380,68391,11
13.0279903412,80.2264404297,68391,68401,10
13.0280895233,80.2258071899,68401,68411,10
13.028260231,80.2250595093,68411,68427,16
13.0284404755,80.2241210938,68427,68439,12
13.0287904739,80.2240905762,68439,68479,40
13.0287904739,80.2240905762,68479,68489,10
13.0290603638,80.2243499756,68489,68500,11
13.0295095444,80.2243804932,68500,68510,10
13.0301799774,80.2243728638,68510,68520,10
13.0307197571,80.2243270874,68520,68530,10
13.0311403275,80.2242584229,68530,68540,10
13.0311403275,80.2239074707,68540,68550,10
13.0311803818,80.2231216431,68550,68590,40
13.0311803818,80.2231216431,68590,68600,10
13.0312595367,80.2228164673,68600,68611,11
13.0314598083,80.2224273682,68611,68621,10
13.0316495895,80.2219772339,68621,68631,10
13.0318098068,80.2216415405,68631,68641,10
13.0319499969,80.2210693359,68641,68651,10
13.0320997238,80.2204971313,68651,68660,9
13.0321397781,80.220123291,68660,68671,11
13.0321702957,80.2197570801,68671,68701,30
13.0321702957,80.2197570801,68701,68711,10
13.03221035,80.2196578979,68711,68722,11
13.0321998596,80.2192687988,68722,68732,10
13.0321598053,80.2187423706,68732,68742,10
13.0317201614,80.2185211182,68742,68752,10
13.0314598083,80.2180862427,68752,68762,10
13.0313997269,80.2174377441,68762,68772,10
13.0313396454,80.2170791626,68772,68782,10
13.031080246,80.2170181274,68782,68792,10
13.0306901932,80.2170410156,68792,68802,10
13.0304498672,80.216758728,68802,68812,10
13.0304403305,80.2166976929,68812,68828,16
13.0304298401,80.2164916992,68828,68841,13
13.0304403305,80.2159805298,68841,68851,10
13.030380249,80.2155227661,68851,68861,10
13.0303201675,80.2149200439,68861,68871,10
13.0303401947,80.2146072388,68871,68901,30
13.0303401947,80.2146072388,68901,68911,10
13.0304203033,80.2142562866,68911,68920,9
13.0304803848,80.2137908936,68920,68931,11
13.030500412,80.2135162354,68931,68942,11
13.0305500031,80.2131118774,68942,68952,10
13.0305900574,80.2125701904,68952,68962,10
13.0306901932,80.2120437622,68962,68972,10
13.0307598114,80.2116622925,68972,68982,10
13.0308198929,80.2113113403,68982,68992,10
13.0308799744,80.2110671997,68992,69002,10
13.0309200287,80.2107009888,69002,69012,10
13.030960083,80.2102890015,69012,69022,10
13.0309696198,80.2102584839,69022,69032,10
13.0308799744,80.2101211548,69032,69043,11
13.0306901932,80.2100219727,69043,69053,10
13.0302696228,80.2098999023,69053,69063,10
13.0300998688,80.2093429565,69063,69113,50
13.0300998688,80.2093429565,69113,69123,10
13.0302295685,80.2091293335,69123,69133,10
13.0305995941,80.2090988159,69133,69143,10
13.0315599442,80.2092590332,69143,69174,31
13.0315599442,80.2092590332,69174,69184,10
13.0317802429,80.2092285156,69184,69194,10
13.0322399139,80.2093505859,69194,69204,10
13.0329399109,80.2095870972,69204,69213,9
13.0336198807,80.2098007202,69213,69224,11
13.0344400406,80.2099685669,69224,69234,10
13.0348901749,80.2100524902,69234,69285,51
13.0348901749,80.2100524902,69285,69295,10
13.0351295471,80.2097396851,69295,69305,10
13.0351400375,80.209487915,69305,69315,10
13.0351896286,80.2091217041,69315,69325,10
13.0352802277,80.2087402344,69325,69363,38
13.0352802277,80.2087402344,69363,69371,8
13.0353603363,80.2084579468,69371,69404,33
13.0353603363,80.2084579468,69404,69414,10
13.0353403091,80.2082366943,69414,69424,10
13.035369873,80.2079315186,69424,69434,10
13.0354099274,80.2074813843,69434,69442,8
13.0355300903,80.2067565918,69442,69485,43
13.0355300903,80.2067565918,69485,69495,10
13.0355901718,80.2066268921,69495,69505,10
13.0356197357,80.2063674927,69505,69515,10
13.0355300903,80.2060699463,69515,69525,10
13.0354499817,80.2054824829,69525,69555,30
13.0354499817,80.2054824829,69555,69565,10
13.0356798172,80.2052764893,69565,69586,21
13.0356798172,80.2052764893,69586,69596,10
13.0358104706,80.2049636841,69596,69606,10
13.0358600616,80.2045974731,69606,69616,10
13.0359201431,80.2043228149,69616,69626,10
13.035949707,80.2041397095,69626,69636,10
13.0359897614,80.2039413452,69636,69646,10
13.0360298157,80.2034683228,69646,69656,10
13.0360898972,80.2029037476,69656,69666,10
13.0361795425,80.2022171021,69666,69676,10
13.0362596512,80.2016372681,69676,69686,10
13.0362300873,80.2016372681,69686,69707,21
13.0362300873,80.2016372681,69707,69717,10
13.0363302231,80.2014770508,69717,69727,10
13.0363798141,80.201210022,69727,69737,10
13.0363998413,80.2008209229,69737,69747,10
13.0364904404,80.2002182007,69747,69757,10
13.0366296768,80.1995391846,69757,69767,10
13.0366401672,80.1990203857,69767,69777,10
13.0367097855,80.1988220215,69777,69787,10
13.0367603302,80.1984634399,69787,69808,21
13.0367603302,80.1984634399,69808,69818,10
13.036860466,80.1980895996,69818,69828,10
13.0368995667,80.1975097656,69828,69838,10
13.0369701385,80.1968765259,69838,69848,10
13.0370101929,80.1965637207,69848,69868,20
13.0370101929,80.1965637207,69868,69878,10
13.0370702744,80.1962280273,69878,69888,10
13.0371799469,80.1957931519,69888,69899,11
13.0372600555,80.1953201294,69899,69908,9
13.0372400284,80.1953201294,69908,69919,11
13.037320137,80.1948394775,69919,69929,10
13.0373601913,80.1942520142,69929,69939,10
13.0375003815,80.1934585571,69939,69949,10
13.0375795364,80.1928100586,69949,69959,10
13.0376996994,80.1923370361,69959,69989,30
13.0376996994,80.1923370361,69989,69999,10
13.038769722,80.1928329468,69999,70010,11
13.0387201309,80.1928634644,70010,70019,9
13.0391302109,80.1929626465,70019,70030,11
13.0396604538,80.1930999756,70030,70040,10
13.0399904251,80.1931228638,70040,70050,10
13.04047966,80.1931991577,70050,70060,10
13.0410804749,80.193321228,70060,70070,10
13.0416498184,80.193397522,70070,70080,10
13.0418300629,80.1937179565,70080,70096,16
13.0417499542,80.1938705444,70096,70108,12
13.0417404175,80.1941986084,70108,70116,8
13.0416603088,80.1945495605,70116,70128,12
13.0415296555,80.19506073,70128,70139,11
13.0414199829,80.1957473755,70139,70149,10
13.0413999557,80.1962127686,70149,70159,10
13.0413999557,80.1965179443,70159,70168,9
13.041390419,80.1966018677,70168,70179,11
13.0413599014,80.1968612671,70179,70189,10
13.0412998199,80.1971282959,70189,70199,10
13.0411996841,80.1976623535,70199,70209,10
13.0411100388,80.1983413696,70209,70219,10
13.0410404205,80.1989135742,70219,70229,10
13.0409603119,80.1993331909,70229,70239,10
13.0409498215,80.1993865967,70239,70250,11
13.0409202576,80.1995315552,70250,70260,10
13.0408401489,80.2000579834,70260,70270,10
13.0407600403,80.2007522583,70270,70280,10
13.0406703949,80.2013626099,70280,70290,10
13.0405597687,80.2019195557,70290,70300,10
13.0405397415,80.2022171021,70300,70310,10
13.0404701233,80.2027816772,70310,70320,10
13.0403604507,80.2034835815,70320,70330,10
13.0402698517,80.2041625977,70330,70340,10
13.0401802063,80.2046127319,70340,70350,10
13.0401601791,80.2049484253,70350,70361,11
13.0403299332,80.205116272,70361,70371,10
13.0407800674,80.2052001953,70371,70381,10
13.0411396027,80.2052612305,70381,70401,20
13.0411396027,80.2052612305,70401,70411,10
13.0414400101,80.2053527832,70411,70421,10
13.0416002274,80.2053604126,70421,70431,10
13.0419797897,80.2053833008,70431,70441,10
13.0424499512,80.2054824829,70441,70451,10
13.0426502228,80.2056427002,70451,70462,11
13.043009758,80.206199646,70462,70472,10
13.0434703827,80.206817627,70472,70482,10
13.0438995361,80.2074813843,70482,70492,10
13.0440797806,80.2081832886,70492,70502,10
13.0441398621,80.2090530396,70502,70573,71
13.0441398621,80.2090530396,70573,70583,10
13.0441398621,80.2096328735,70583,70599,16
13.0441904068,80.2107467651,70599,70611,12
13.0442399979,80.2115783691,70611,70619,8
13.0442399979,80.2118530273,70619,70682,63
13.0442399979,80.2118530273,70682,70692,10
13.0441303253,80.2117080688,70692,70702,10
13.0441799164,80.211807251,70702,70712,10
13.0442695618,80.2118911743,70712,70742,30
13.0442695618,80.2118911743,70742,70752,10
13.0442199707,80.2119827271,70752,70762,10
13.044210434,80.2119979858,70762,70772,10
13.0442895889,80.2121963501,70772,70782,10
13.0445404053,80.212310791,70782,70793,11
13.0451202393,80.212310791,70793,70803,10
13.0458402634,80.212310791,70803,70813,10
13.0464696884,80.2122879028,70813,70823,10
13.0468301773,80.2122802734,70823,70873,50
13.0468301773,80.2122802734,70873,70883,10
13.0470199585,80.2121887207,70883,70910,27
13.0470199585,80.2121887207,70910,70922,12
13.0470399857,80.2118606567,70922,70932,10
13.0470504761,80.2118530273,70932,70942,10
13.0469999313,80.2113800049,70942,70952,10
13.0469799042,80.2108764648,70952,70961,9
13.0473003387,80.2108383179,70961,70972,11
13.0479803085,80.2108764648,70972,70982,10
13.0482902527,80.2108917236,70982,70992,10
13.0490503311,80.2109222412,70992,71002,10
13.0493803024,80.210899353,71002,71013,11
13.049659729,80.2107620239,71013,71023,10
13.0496301651,80.2102203369,71023,71032,9
13.0495796204,80.2096176147,71032,71043,11
13.0495595932,80.2091903687,71043,71052,9
13.0495500565,80.2091369629,71052,71063,11
13.0494403839,80.2088012695,71063,71072,9
13.0493202209,80.2083892822,71072,71083,11
13.0490398407,80.2077407837,71083,71103,20
13.0489597321,80.2074584961,71103,71124,21
13.0489597321,80.2074584961,71124,71134,10
13.0489797592,80.2074203491,71134,71144,10
13.0489196777,80.2072372437,71144,71154,10
13.0488996506,80.2069778442,71154,71164,10
13.0491104126,80.2069473267,71164,71174,10
13.0492296219,80.207069397,71174,71243,69
13.0492095947,80.2071533203,71243,71445,202
13.0491895676,80.2071609497,71445,71899,454
13.0492801666,80.2071762085,71899,71929,30
13.0492801666,80.2071762085,71929,71939,10
13.0491399765,80.2071075439,71939,72060,121
13.0491399765,80.2071075439,72060,72070,10
13.0492200851,80.2071075439,72070,72080,10
13.0492296219,80.2071228027,72080,72090,10
13.0489397049,80.2071762085,72090,72171,81
13.0489397049,80.2071762085,72171,72181,10
13.0489597321,80.207572937,72181,72191,10
13.049079895,80.2078704834,72191,72201,10
13.0492401123,80.2083587646,72201,72212,11
13.0493202209,80.2087402344,72212,72222,10
13.049369812,80.2089691162,72222,72232,10
13.0494403839,80.2093276978,72232,72242,10
13.0495500565,80.2098999023,72242,72252,10
13.0496196747,80.2105102539,72252,72262,10
13.0496902466,80.2109985352,72262,72272,10
13.0497503281,80.21144104,72272,72282,10
13.0497903824,80.2117996216,72282,72292,10
13.0497703552,80.2122192383,72292,72312,20
13.0497703552,80.2122192383,72312,72323,11
13.0493803024,80.2121963501,72323,72343,20
13.0493803024,80.2121963501,72343,72359,16
13.0489902496,80.2121963501,72359,72371,12
13.0484600067,80.2122116089,72371,72381,10
13.0478496552,80.2122497559,72381,72391,10
13.0471000671,80.2122879028,72391,72401,10
13.0462903976,80.2123184204,72401,72409,8
13.0457801819,80.2123413086,72409,72462,53
13.0457801819,80.2123413086,72462,72472,10
13.0455999374,80.2124023438,72472,72482,10
13.0453996658,80.2124023438,72482,72491,9
13.0452003479,80.2123794556,72491,72502,11
13.0448198318,80.2124099731,72502,72512,10
13.0444602966,80.2124023438,72512,72522,10
13.044210434,80.2121429443,72522,72532,10
13.0441598892,80.2115020752,72532,72544,12
13.0441303253,80.2107009888,72544,72554,10
13.0440998077,80.2099685669,72554,72564,10
13.0440998077,80.2094573975,72564,72574,10
13.0440597534,80.2091598511,72574,72584,10
13.0440502167,80.2089920044,72584,72594,10
13.0440397263,80.2087783813,72594,72604,10
13.0440196991,80.2082290649,72604,72614,10
13.0438995361,80.2075500488,72614,72624,10
13.0434703827,80.2068786621,72624,72635,11
13.0430498123,80.2062530518,72635,72644,9
13.0427303314,80.205657959,72644,72655,11
13.0420799255,80.204826355,72655,72705,50
13.0420799255,80.204826355,72705,72715,10
13.039560318,80.2063980103,72715,72766,51
13.039560318,80.2063980103,72766,72776,10
13.0381298065,80.2034378052,72776,72786,10
13.0383300781,80.2028274536,72786,72796,10
13.0383996964,80.2024612427,72796,72806,10
13.0384902954,80.2020721436,72806,72816,10
13.0385599136,80.2015991211,72816,72826,10
13.0386295319,80.2011184692,72826,72836,10
13.0386800766,80.2004623413,72836,72846,10
13.0389204025,80.1999893188,72846,72856,10
13.0391998291,80.1997299194,72856,72867,11
13.039150238,80.1987991333,72867,72877,10
13.0391702652,80.1976318359,72877,72887,10
13.0392599106,80.1969680786,72887,72897,10
13.0392999649,80.1962203979,72897,73268,371
13.0392999649,80.1962203979,73268,73278,10
13.0360002518,80.2029037476,73278,73288,10
13.0360202789,80.2037734985,73288,73298,10
13.0359697342,80.2044677734,73298,73309,11
13.035779953,80.2047195435,73309,73319,10
13.0361995697,80.2053833008,73319,73420,101
13.0342702866,80.2100296021,73420,73753,333
13.0342702866,80.2100296021,73753,73765,12
13.0304603577,80.2137985229,73765,73774,9
13.03028965,80.2144317627,73774,73826,52
13.03028965,80.2144317627,73826,73835,9
13.0303401947,80.2164993286,73835,73846,11
13.0302400589,80.2171020508,73846,73856,10
13.0310697556,80.2167663574,73856,73876,20
13.0310697556,80.2167663574,73876,73886,10
13.0313596725,80.2184677124,73886,73977,91
13.0313596725,80.2184677124,73977,73987,10
13.0319595337,80.2218399048,73987,73997,10
13.0318002701,80.2218017578,73997,74007,10
13.0315504074,80.2225799561,74007,74098,91
13.0290203094,80.2241592407,74098,74118,20
13.0290203094,80.2241592407,74118,74128,10
13.0285701752,80.2241210938,74128,74138,10
13.0283002853,80.2246627808,74138,74148,10
13.0281896591,80.2255630493,74148,74158,10
13.0280399323,80.2262878418,74158,74168,10
13.0278596878,80.2268981934,74168,74179,11
13.027970314,80.2270507813,74179,74189,10
13.0283899307,80.2271499634,74189,74199,10
13.0286102295,80.2272186279,74199,74209,10
13.0290603638,80.2272415161,74209,74219,10
13.0296697617,80.2273101807,74219,74229,10
13.0303001404,80.2274169922,74229,74239,10
13.0303697586,80.2277603149,74239,74249,10
13.0303401947,80.2281494141,74249,74259,10
13.0303297043,80.2284393311,74259,74269,10
13.0302696228,80.2289505005,74269,74279,10
13.0303297043,80.2295379639,74279,74290,11
13.0305900574,80.2301864624,74290,74300,10
13.0306396484,80.2304992676,74300,74310,10
13.0306196213,80.2308425903,74310,74320,10
13.0304002762,80.2308425903,74320,74330,10
13.0299501419,80.230796814,74330,74360,30
13.0299501419,80.230796814,74360,74370,10
13.0296602249,80.2308578491,74370,74380,10
13.0293502808,80.2308502197,74380,74390,10
13.0287904739,80.2308502197,74390,74401,11
13.0280103683,80.2309799194,74401,74411,10
13.0276002884,80.2310714722,74411,74421,10
13.0276603699,80.2316207886,74421,74437,16
13.0277900696,80.2325363159,74437,74449,12
13.0275402069,80.2328796387,74449,74459,10
13.0272703171,80.2329406738,74459,74510,51
13.0272703171,80.2329406738,74510,74520,10
13.0271100998,80.232963562,74520,74531,11
13.0269203186,80.232963562,74531,74541,10
13.0266599655,80.233001709,74541,74551,10
13.0263700485,80.2327880859,74551,74561,10
13.026140213,80.2321395874,74561,74570,9
13.0260000229,80.2315216064,74570,74581,11
13.0256595612,80.2305221558,74581,74591,10
13.0250902176,80.2296905518,74591,74601,10
13.0248603821,80.2294311523,74601,74612,11
13.0247097015,80.2292404175,74612,74622,10
13.0244197845,80.2288589478,74622,74632,10
13.024020195,80.2284088135,74632,74642,10
13.0239496231,80.2283172607,74642,74652,10
13.0237503052,80.2280578613,74652,74662,10
13.0233402252,80.2276306152,74662,74672,10
13.0229902267,80.2272720337,74672,74682,10
13.0225400925,80.2268371582,74682,74692,10
13.0220403671,80.2264022827,74692,74702,10
13.0215902328,80.226020813,74702,74712,10
13.0211601257,80.225692749,74712,74723,11
13.0205001831,80.2252120972,74723,74733,10
13.0198698044,80.2247924805,74733,74743,10
13.0190696716,80.2244491577,74743,74753,10
13.0181798935,80.2247009277,74753,74763,10
13.0172901154,80.2250671387,74763,74773,10
13.0166196823,80.2253570557,74773,74783,10
13.0163698196,80.225479126,74783,74793,10
13.0160303116,80.2255630493,74793,74803,10
13.0155200958,80.2257232666,74803,74813,10
13.0150203705,80.2259674072,74813,74823,10
13.0145196915,80.2261581421,74823,74834,11
13.0143098831,80.2262420654,74834,74854,20
13.0143098831,80.2262420654,74854,74864,10
13.0139503479,80.2263793945,74864,74874,10
13.0134096146,80.2265777588,74874,74884,10
13.0127801895,80.2268295288,74884,74894,10
13.012049675,80.2270965576,74894,74904,10
13.0112895966,80.2274017334,74904,74914,10
13.0105104446,80.2276992798,74914,74924,10
13.0098896027,80.2279663086,74924,74934,10
13.0092601776,80.2282714844,74934,74945,11
13.0089502335,80.2289962769,74945,74955,10
13.0088300705,80.2299423218,74955,74965,10
13.0087003708,80.230796814,74965,74975,10
13.0085296631,80.2315216064,74975,74985,10
13.0084104538,80.2323226929,74985,74995,10
13.0082597733,80.2330932617,74995,75005,10
13.0081796646,80.2334671021,75005,75015,10
13.0082197189,80.2334823608,75015,75025,10
13.0082302094,80.2335891724,75025,75035,10
13.0081100464,80.2338867188,75035,75045,10
13.0079698563,80.2343902588,75045,75056,11
13.0078802109,80.2348937988,75056,75066,10
13.0077800751,80.2353591919,75066,75076,10
13.0076599121,80.2359390259,75076,75086,10
13.0075397491,80.2365875244,75086,75096,10
13.0073795319,80.2373733521,75096,75106,10
13.0072402954,80.2381591797,75106,75116,10
13.0071296692,80.2386932373,75116,75126,10
13.0070199966,80.2394485474,75126,75136,10
13.0069198608,80.2399978638,75136,75146,10
13.0068502426,80.2406768799,75146,75167,21
13.0068502426,80.2406768799,75167,75177,10
13.0065002441,80.2410202026,75177,75187,10
13.0066299438,80.2419509888,75187,75197,10
13.006649971,80.2425384521,75197,75207,10
13.0066099167,80.2432403564,75207,75217,10
13.006649971,80.2438812256,75217,75227,10
13.0067100525,80.2446136475,75227,75237,10
13.0067501068,80.2453613281,75237,75247,10
13.0067300797,80.2459182739,75247,75257,10
13.0067596436,80.2465820313,75257,75268,11
13.0067596436,80.2469787598,75268,75278,10
13.0069503784,80.2470092773,75278,75288,10
13.0068597794,80.2473373413,75288,75298,10
13.0066995621,80.2483901978,75298,75308,10
13.0067501068,80.2492370605,75308,75318,10
13.0068101883,80.2497634888,75318,75328,10
13.0067796707,80.2497406006,75328,75338,10
13.0067796707,80.2500305176,75338,75348,10
13.0068798065,80.2503128052,75348,75358,10
13.0067796707,80.251083374,75358,75368,10
13.0067501068,80.2515487671,75368,75379,11
13.0065002441,80.2519836426,75379,75389,10
13.0065202713,80.2528610229,75389,75399,10
13.0065002441,80.2538986206,75399,75409,10
13.0065498352,80.2548217773,75409,75419,10
13.0065002441,80.2551116943,75419,75429,10
13.0064601898,80.2553024292,75429,75439,10
13.0051202774,80.2567214966,75439,75449,10
13.0065498352,80.256111145,75449,75459,10
13.0064296722,80.2570114136,75459,75470,11
13.0063400269,80.2579116821,75470,75479,9
13.0064096451,80.2571792603,75479,75490,11
13.0064601898,80.2572631836,75490,75500,10
13.0066404343,80.2574768066,75500,75510,10
13.0062198639,80.257598877,75510,75520,10
13.0058698654,80.25756073,75520,75530,10
13.0053195953,80.2573623657,75530,75540,10
13.0047702789,80.2571029663,75540,75550,10
13.0042200089,80.2568664551,75550,75560,10
13.0034799576,80.2566986084,75560,75570,10
13.0028400421,80.2566986084,75570,75580,10
13.0022697449,80.2566070557,75580,75590,10
13.0016202927,80.2565002441,75590,75611,21
13.0016202927,80.2565002441,75611,75628,17
13.0016298294,80.2566070557,75628,75640,12
13.0017004013,80.2567520142,75640,75650,10
13.001540184,80.2570571899,75650,75660,10
13.0014200211,80.2573623657,75660,75670,10
13.0006999969,80.2564620972,75670,75680,10
13.0001001358,80.2564163208,75680,75690,10
12.9998703003,80.2562789917,75690,75711,21
12.9998703003,80.2562789917,75711,75721,10
12.9998998642,80.2562789917,75721,75731,10
12.9996700287,80.2564468384,75731,75771,40
12.9996700287,80.2564468384,75771,75781,10
12.9987001419,80.256072998,75781,75791,10
12.9986896515,80.2559967041,75791,75801,10
12.9980697632,80.2557678223,75801,75812,11
12.9976501465,80.2559967041,75812,75822,10
12.9977302551,80.2560806274,75822,75832,10
12.9973602295,80.2558135986,75832,75842,10
12.9970397949,80.2558822632,75842,75862,20
12.9970397949,80.2558822632,75862,75872,10
12.9967498779,80.2564620972,75872,75882,10
12.9967298508,80.2571029663,75882,75892,10
12.9969701767,80.2574768066,75892,75903,11
12.9972000122,80.2578887939,75903,75912,9
12.9968204498,80.2572402954,75912,75923,11
12.9969301224,80.2578964233,75923,75933,10
12.9970703125,80.2586288452,75933,75943,10
12.9971103668,80.2588500977,75943,75953,10
12.9965000153,80.2594680786,75953,75963,10
12.9964799881,80.2599029541,75963,75973,10
12.9967002869,80.2604064941,75973,75983,10
12.996629715,80.2608718872,75983,75993,10
12.9962902069,80.2615509033,75993,76003,10
12.9962501526,80.262046814,76003,76013,10
12.996219635,80.2623825073,76013,76024,11
12.9961795807,80.2624282837,76024,76034,10
12.996219635,80.2624969482,76034,76044,10
12.9961099625,80.263092041,76044,76054,10
12.9961004257,80.2637023926,76054,76064,10
12.9960002899,80.2644882202,76064,76074,10
12.9959001541,80.2652206421,76074,76084,10
12.9958200455,80.2654724121,76084,76094,10
12.995759964,80.2655410767,76094,76104,10
12.9958000183,80.2662506104,76104,76114,10
12.9955997467,80.266960144,76114,76124,10
12.995639801,80.2677688599,76124,76135,11
12.9959402084,80.2677612305,76135,76145,10
12.9961595535,80.2678604126,76145,76155,10
12.9964704514,80.268081665,76155,76165,10
12.9977998734,80.2679824829,76165,76175,10
12.9980602264,80.2674789429,76175,76185,10
12.9985198975,80.2673721313,76185,76195,10
12.9989299774,80.2671737671,76195,76205,10
12.9995203018,80.2670516968,76205,76215,10
13.0,80.2667770386,76215,76225,10
13.0000095367,80.2667388916,76225,76235,10
13.0000896454,80.2664337158,76235,76246,11
13.0001802444,80.2659606934,76246,76256,10
13.000289917,80.2657394409,76256,76266,10
13.0003004074,80.2657394409,76266,76276,10
13.0002498627,80.2662811279,76276,76306,30
13.0002498627,80.2662811279,76306,76316,10
13.0002803802,80.2661972046,76316,76387,71
13.0002202988,80.266242981,76387,76579,192
13.0002202988,80.266242981,76579,76589,10
13.0004501343,80.2668762207,76589,76619,30
13.0004501343,80.2668762207,76619,76629,10
12.9992704391,80.2670974731,76629,76639,10
12.9984998703,80.2672805786,76639,76649,10
12.9977397919,80.2674865723,76649,76659,10
12.9969797134,80.2677230835,76659,76669,10
12.9961299896,80.2678527832,76669,76680,11
12.9952802658,80.2681503296,76680,76690,10
12.9955101013,80.2680892944,76690,76710,20
12.9955101013,80.2680892944,76710,76720,10
12.9956302643,80.2676086426,76720,76730,10
12.99559021,80.2675628662,76730,76740,10
12.9955997467,80.2671585083,76740,76750,10
12.9956903458,80.2670211792,76750,76760,10
12.9957199097,80.2663726807,76760,76770,10
12.9958000183,80.2655181885,76770,76780,10
12.9959201813,80.2647018433,76780,76791,11
12.9960603714,80.2637405396,76791,76801,10
12.9961204529,80.2629394531,76801,76811,10
12.9961299896,80.2625808716,76811,76821,10
12.996219635,80.2623214722,76821,76831,10
12.9962596893,80.2618789673,76831,76841,10
12.9963102341,80.2613601685,76841,76851,10
12.9963798523,80.2606430054,76851,76860,9
12.996430397,80.2600479126,76860,76871,11
12.9964599609,80.2595367432,76871,76881,10
12.9965000153,80.2592468262,76881,76891,10
12.9965600967,80.2587432861,76891,76902,11
12.9966402054,80.2580184937,76902,76912,10
12.9967403412,80.2572631836,76912,76922,10
12.9968395233,80.256401062,76922,77043,121
12.9968395233,80.256401062,77043,77053,10
12.9968700409,80.2559127808,77053,77063,10
12.9971199036,80.2557983398,77063,77073,10
12.9974498749,80.2558822632,77073,77083,10
12.9977903366,80.2558822632,77083,77164,81
12.9977903366,80.2558822632,77164,77174,10
13.0014295578,80.256439209,77174,77183,9
13.0023298264,80.2565383911,77183,77193,10
13.002989769,80.2565917969,77193,77204,11
13.0028400421,80.2550201416,77204,77225,21
13.0028400421,80.2550201416,77225,77235,10
13.0054597855,80.2570037842,77235,77245,10
13.0060596466,80.2571868896,77245,77255,10
13.0062599182,80.2575378418,77255,77265,10
13.006070137,80.2576217651,77265,77275,10
13.0062198639,80.2577972412,77275,77305,30
13.0062198639,80.2577972412,77305,77315,10
13.0061502457,80.2568511963,77315,77331,16
13.006360054,80.2554397583,77331,77344,13
13.0063896179,80.2544784546,77344,77353,9
13.0064201355,80.2537307739,77353,77364,11
13.0064096451,80.2531433105,77364,77374,10
13.0063896179,80.2528686523,77374,77384,10
13.0064697266,80.2521591187,77384,77455,71
13.0064697266,80.2521591187,77455,77465,10
13.0065402985,80.2517623901,77465,77475,10
13.0066604614,80.2509613037,77475,77485,10
13.0066604614,80.2498703003,77485,77495,10
13.0066299438,80.2487182617,77495,77505,10
13.0065498352,80.2475662231,77505,77566,61
13.0065498352,80.2475662231,77566,77576,10
13.0065803528,80.2475128174,77576,77586,10
13.0065803528,80.2470703125,77586,77596,10
13.0065202713,80.2465896606,77596,77606,10
13.0064601898,80.2462234497,77606,77616,10
13.0064496994,80.2461395264,77616,77626,10
13.0065402985,80.2454833984,77626,77636,10
13.0065202713,80.244682312,77636,77646,10
13.0065097809,80.2439727783,77646,77656,10
13.0065097809,80.243560791,77656,77667,11
13.0065202713,80.2429199219,77667,77677,10
13.0064897537,80.2420196533,77677,77687,10
13.006529808,80.2410507202,77687,77697,10
13.0065898895,80.2406082153,77697,77707,10
13.0066099167,80.2403106689,77707,77717,10
13.0066204071,80.2401885986,77717,77727,10
13.0071201324,80.2390518188,77727,77737,10
13.0071401596,80.2380905151,77737,77747,10
13.0072803497,80.2374267578,77747,77757,10
13.0073900223,80.2368164063,77757,77767,10
13.0073795319,80.2367095947,77767,77778,11
13.0075597763,80.236289978,77778,77788,10
13.0076904297,80.2355499268,77788,77798,10
13.0078001022,80.234992981,77798,77808,10
13.007809639,80.2347106934,77808,77818,10
13.0078802109,80.2340621948,77818,77828,10
13.0081501007,80.2331390381,77828,77838,10
13.0083599091,80.2318878174,77838,77848,10
13.0086202621,80.2305984497,77848,77858,10
13.0089197159,80.2293624878,77858,77868,10
13.0091896057,80.2280731201,77868,77878,10
13.0096702576,80.2268981934,77878,77889,11
13.010140419,80.2258987427,77889,77899,10
13.0103797913,80.2253723145,77899,77909,10
13.0105400085,80.2249984741,77909,77919,10
13.0106801987,80.2246398926,77919,77929,10
13.0108995438,80.2241363525,77929,77939,10
13.0111398697,80.2234802246,77939,77949,10
13.0114803314,80.2227706909,77949,77959,10
13.0116996765,80.2219467163,77959,77969,10
13.0118198395,80.2205581665,77969,77990,21
13.0118198395,80.2205581665,77990,78000,10
13.0132398605,80.2227783203,78000,78010,10
13.0136203766,80.2232971191,78010,78020,10
13.013999939,80.2235565186,78020,78030,10
13.0141801834,80.2237625122,78030,78040,10
13.0144996643,80.2240982056,78040,78050,10
13.0149202347,80.2246627808,78050,78060,10
13.0153303146,80.2249679565,78060,78091,31
13.0153303146,80.2249679565,78091,78101,10
13.0167102814,80.2252578735,78101,78111,10
13.0175199509,80.2249069214,78111,78121,10
13.0183897018,80.2245483398,78121,78131,10
13.0191602707,80.224319458,78131,78141,10
13.0192604065,80.2243118286,78141,78151,10
13.019659996,80.2245483398,78151,78171,20
13.019659996,80.2245483398,78171,78181,10
13.0198602676,80.2247314453,78181,78191,10
13.0202302933,80.2250289917,78191,78201,10
13.0208501816,80.2254562378,78201,78212,11
13.0216197968,80.22605896,78212,78222,10
13.0224399567,80.2267074585,78222,78232,10
13.0232696533,80.2274627686,78232,78241,9
13.0239295959,80.2280807495,78241,78252,11
13.024600029,80.2289505005,78252,78272,20
13.024600029,80.2289505005,78272,78282,10
13.0247097015,80.229133606,78282,78292,10
13.0250501633,80.2295913696,78292,78302,10
13.0255298615,80.2302703857,78302,78312,10
13.025850296,80.2310562134,78312,78323,11
13.0262098312,80.2313537598,78323,78333,10
13.0270004272,80.2311325073,78333,78343,10
13.0277299881,80.2309875488,78343,78353,10
13.028380394,80.2308883667,78353,78363,10
13.0285396576,80.2309036255,78363,78373,10
13.0290298462,80.2308807373,78373,78383,10
13.0295801163,80.2308273315,78383,78393,10
13.0301904678,80.230758667,78393,78403,10
13.0305404663,80.2307434082,78403,78413,10
13.0306301117,80.2306365967,78413,78424,11
13.0305204391,80.2302627563,78424,78434,10
13.0302696228,80.2295837402,78434,78444,10
13.0301704407,80.2289581299,78444,78454,10
13.0302200317,80.2285385132,78454,78464,10
13.0302600861,80.2280578613,78464,78474,10
13.0303001404,80.2277832031,78474,78484,10
13.0301198959,80.2274780273,78484,78494,10
13.029419899,80.2273635864,78494,78504,10
13.0287599564,80.2272491455,78504,78514,10
13.0283603668,80.2271728516,78514,78524,10
13.0281801224,80.227142334,78524,78535,11
13.0278902054,80.2269210815,78535,78545,10
13.0279798508,80.2263031006,78545,78555,10
13.0281496048,80.2254486084,78555,78565,10
13.0283498764,80.2244567871,78565,78575,10
13.0285100937,80.2240524292,78575,78585,10
13.0287904739,80.2240982056,78585,78595,10
13.0290498734,80.2242507935,78595,78656,61
13.0290498734,80.2242507935,78656,78666,10
13.03166008,80.221786499,78666,78676,10
13.0318403244,80.2212677002,78676,78686,10
13.0320596695,80.2205429077,78686,78696,10
13.032119751,80.2200088501,78696,78706,10
13.0321502686,80.2197799683,78706,78716,10
13.0321302414,80.2195510864,78716,78726,10
13.0321302414,80.21900177,78726,78736,10
13.0319299698,80.2184371948,78736,78746,10
13.0314502716,80.2181625366,78746,78757,11
13.0314102173,80.217300415,78757,78767,10
13.0312900543,80.2169876099,78767,78777,10
13.0309400558,80.2169876099,78777,78787,10
13.0304498672,80.2168731689,78787,78797,10
13.0304203033,80.2166213989,78797,78807,10
13.0303401947,80.2163009644,78807,78816,9
13.0302801132,80.2157516479,78816,78827,11
13.0302696228,80.2150115967,78827,78837,10
13.0303001404,80.214302063,78837,78847,10
13.0303697586,80.2136993408,78847,78858,11
13.0302600861,80.2131881714,78858,79665,807
13.0302600861,80.2131881714,79665,79675,10
13.0403299332,80.2036819458,79675,79685,10
13.0402002335,80.2045898438,79685,79695,10
13.0400800705,80.2051620483,79695,79705,10
13.040019989,80.2054977417,79705,79721,16
13.0416002274,80.2052764893,79721,79734,13
13.0424804688,80.2053909302,79734,79744,10
13.0429296494,80.2058410645,79744,79753,9
13.0433397293,80.2064971924,79753,79764,11
13.0438499451,80.2072296143,79764,79774,10
13.0440301895,80.2079620361,79774,79783,9
13.0439996719,80.2087097168,79783,79794,11
13.043800354,80.2097473145,79794,79866,72
13.043800354,80.2097473145,79866,79876,10
13.0444297791,80.2118835449,79876,79886,10
13.0442304611,80.2121887207,79886,79896,10
13.0443601608,80.212387085,79896,79906,10
13.0448799133,80.212348938,79906,79916,10
13.045920372,80.212310791,79916,79926,10
13.0469198227,80.2122421265,79926,79936,10
13.047129631,80.2120437622,79936,79947,11
13.0470695496,80.2116317749,79947,79957,10
13.0470199585,80.2109527588,79957,79967,10
13.0472202301,80.2107467651,79967,79976,9
13.0478096008,80.2107925415,79976,79987,11
13.0486402512,80.2108230591,79987,79997,10
13.0493602753,80.2108535767,79997,80007,10
13.0496797562,80.2108306885,80007,80017,10
13.0496196747,80.2106170654,80017,80027,10
13.0495004654,80.2098922729,80027,80037,10
13.0494604111,80.209312439,80037,80047,10
13.0493803024,80.2088470459,80047,80058,11
13.0492696762,80.2083435059,80058,80068,10
13.0489597321,80.207649231,80068,80078,10
13.0488004684,80.2070999146,80078,80088,10
13.0489797592,80.2068786621,80088,80098,10
13.0492200851,80.20703125,80098,80108,10
13.0495004654,80.2072677612,80108,80128,20
13.0491504669,80.2070236206,80128,80149,21
13.0491504669,80.2070236206,80149,80159,10
13.0489902496,80.207359314,80159,80169,10
13.0489902496,80.2076187134,80169,80179,10
13.0491695404,80.2080612183,80179,80189,10
13.0493202209,80.2087402344,80189,80199,10
13.0494003296,80.2094268799,80199,80209,10
13.0494604111,80.2100296021,80209,80219,10
13.0495996475,80.2106704712,80219,80229,10
13.049779892,80.2112579346,80229,80239,10
13.0497198105,80.2115936279,80239,80249,10
13.0498304367,80.2120819092,80249,80338,89
13.0498304367,80.2120819092,80338,80348,10
13.0495100021,80.2121887207,80348,80358,10
13.048500061,80.2110671997,80358,80389,31
13.048500061,80.2110671997,80389,80399,10
13.0462799072,80.212348938,80399,80409,10
13.0453596115,80.2124710083,80409,80419,10
13.0446195602,80.2123718262,80419,80429,10
13.0444602966,80.2123413086,80429,80439,10
13.0443401337,80.2122268677,80439,80449,10
13.0442399979,80.2121429443,80449,80459,10
13.0445404053,80.2122268677,80459,80500,41
13.0444202423,80.2122879028,80500,80611,111
13.0444202423,80.2122879028,80611,80621,10
13.0432796478,80.2065429688,80621,80631,10
13.0426397324,80.2056503296,80631,80641,10
13.04185009,80.2053222656,80641,80651,10
13.0410995483,80.2052612305,80651,80661,10
13.0406999588,80.2051391602,80661,80671,10
13.0405502319,80.2052001953,80671,80681,10
13.039899826,80.205039978,80681,80691,10
13.0391197205,80.2049407959,80691,80701,10
13.0382795334,80.204788208,80701,80712,11
13.0381298065,80.2047424316,80712,80722,10
13.038189888,80.2043380737,80722,80732,10
13.0382404327,80.2037811279,80732,80742,10
13.0383501053,80.2029266357,80742,80752,10
13.0384597778,80.2020797729,80752,80762,10
13.0384998322,80.2019195557,80762,80772,10
13.0385599136,80.2016525269,80772,80782,10
13.0385799408,80.2012786865,80782,80792,10
13.0386695862,80.2006072998,80792,80802,10
13.0388097763,80.199798584,80802,80818,16
13.0389795303,80.1984100342,80818,80831,13
13.0391998291,80.1973114014,80831,80841,10
13.0392799377,80.1968994141,80841,80849,8
13.039270401,80.1967163086,80849,80861,12
13.0393695831,80.1961212158,80861,80871,10
13.0394001007,80.1953582764,80871,80881,10
13.0395202637,80.1946563721,80881,80891,10
13.0396499634,80.1938705444,80891,80901,10
13.0397596359,80.1931610107,80901,80911,10
13.0396003723,80.1930465698,80911,80921,10
13.0391197205,80.1930007935,80921,80932,11
13.0386400223,80.1929168701,80932,80942,10
13.0384597778,80.1928863525,80942,80952,10
13.0379896164,80.1929016113,80952,80962,10
13.0375699997,80.1932983398,80962,80972,10
13.0374298096,80.1940994263,80972,80982,10
13.0372800827,80.1950912476,80982,80992,10
13.0372200012,80.195640564,80992,81002,10
13.0371599197,80.1960983276,81002,81012,10
13.0370397568,80.1967468262,81012,81022,10
13.0369100571,80.1975479126,81022,81032,10
13.0367603302,80.1986618042,81032,81052,20
13.0367603302,80.1986618042,81052,81063,11
13.036649704,80.1989974976,81063,81073,10
13.0365600586,80.1996078491,81073,81082,9
13.0364704132,80.200340271,81082,81093,11
13.0363502502,80.2012176514,81093,81103,10
13.0363197327,80.201789856,81103,81112,9
13.0362997055,80.2018127441,81112,81122,10
13.0362195969,80.2019805908,81122,81133,11
13.0362195969,80.2020721436,81133,81144,11
13.0361795425,80.2024078369,81144,81154,10
13.0361003876,80.2031021118,81154,81164,10
13.0359802246,80.203956604,81164,81174,10
13.035900116,80.2045822144,81174,81184,10
13.0357999802,80.2052612305,81184,81194,10
13.0357198715,80.2059402466,81194,81204,10
13.0356998444,80.2061462402,81204,81214,10
13.03565979,80.2063293457,81214,81230,16
13.0355300903,80.2072601318,81230,81242,12
13.0354299545,80.2080383301,81242,81250,8
13.0354003906,80.2083587646,81250,81263,13
13.035320282,80.2085418701,81263,81273,10
13.0352296829,80.2090301514,81273,81283,10
13.0351295471,80.2097167969,81283,81293,10
13.0350599289,80.210357666,81293,81303,10
13.0349397659,80.2105407715,81303,81313,10
13.0348596573,80.2108535767,81313,81323,10
13.0347604752,80.211479187,81323,81333,10
13.0346899033,80.2120132446,81333,81343,10
13.0346403122,80.2120819092,81343,81353,10
13.0341701508,80.2120819092,81353,81373,20
13.0326900482,80.2119522095,81373,81385,12
13.0324697495,80.2119293213,81385,81395,10
13.0324296951,80.2119064331,81395,81405,10
13.0321598053,80.2118911743,81405,81415,10
13.0319404602,80.2117385864,81415,81425,10
13.0320196152,80.2111587524,81425,81434,9
13.0320596695,80.210609436,81434,81445,11
13.0320796967,80.2097167969,81445,81455,10
13.0315799713,80.209602356,81455,81465,10
13.0308904648,80.2093963623,81465,81476,11
13.0303401947,80.2092514038,81476,81485,9
13.0301504135,80.2092208862,81485,81496,11
13.0300397873,80.2094802856,81496,81506,10
13.0300302505,80.2094802856,81506,81515,9
13.0299701691,80.2097473145,81515,81526,11
13.0305500031,80.2099304199,81526,81536,10
13.0309400558,80.2100830078,81536,81546,10
13.0309495926,80.2103805542,81546,81556,10
13.0308904648,80.2108688354,81556,81566,10
13.0308198929,80.2111816406,81566,81577,11
13.0307598114,80.2116317749,81577,81587,10
13.0307397842,80.2118225098,81587,81597,10
13.030670166,80.2122802734,81597,81607,10
13.0305595398,80.2130584717,81607,81617,10
13.0304803848,80.2136001587,81617,81627,10
13.0304203033,80.2138671875,81627,81637,10
13.0303602219,80.2143707275,81637,81647,10
13.0303001404,80.2147521973,81647,81657,10
13.0303001404,80.2148971558,81657,81667,10
13.0303201675,80.2152786255,81667,81677,10
13.0303497314,80.2158966064,81677,81688,11
13.0304098129,80.2167816162,81688,81698,10
13.030579567,80.2169723511,81698,81708,10
13.030790329,80.2169723511,81708,81718,10
13.03125,80.217010498,81718,81728,10
13.0314998627,80.217010498,81728,81744,16
13.0316095352,80.217010498,81744,81756,12
13.0321903229,80.2185211182,81756,81764,8
13.0322198868,80.2187194824,81764,81776,12
13.0322198868,80.2194366455,81776,81786,10
13.0321998596,80.2200393677,81786,81796,10
13.03221035,80.2202682495,81796,81807,11
13.0321798325,80.2203598022,81807,81817,10
13.0320796967,80.220703125,81817,81827,10
13.0319404602,80.2213363647,81827,81836,9
13.0317296982,80.2219009399,81836,81847,11
13.0314998627,80.222366333,81847,81857,10
13.0311899185,80.2229537964,81857,81867,10
13.0311002731,80.2236022949,81867,81877,10
13.0311203003,80.2238922119,81877,81887,10
13.0311098099,80.2240371704,81887,81897,10
13.0309000015,80.2243423462,81897,81908,11
13.0301599503,80.2243270874,81908,81918,10
13.029419899,80.224357605,81918,81928,10
13.0290298462,80.2242965698,81928,81938,10
13.028960228,80.2242507935,81938,81948,10
13.0286397934,80.2240905762,81948,81958,10
13.0283603668,80.2244033813,81958,81968,10
13.0282001495,80.225151062,81968,81978,10
13.0279903412,80.226020813,81978,81994,16
13.0278997421,80.2269515991,81994,82006,12
13.0283298492,80.2271499634,82006,82015,9
13.0289402008,80.2272567749,82015,82026,11
13.029709816,80.2273712158,82026,82038,12
13.0304203033,80.2275695801,82038,82048,10
13.0303697586,80.2279281616,82048,82058,10
13.0303602219,80.2281799316,82058,82068,10
13.0303096771,80.2284393311,82068,82078,10
13.0302600861,80.2291030884,82078,82087,9
13.0305099487,80.2298583984,82087,82097,10
13.0306997299,80.2305374146,82097,82108,11
13.030579567,80.230758667,82108,82118,10
13.0301103592,80.2308120728,82118,82129,11
13.0297403336,80.2308502197,82129,82139,10
13.0295095444,80.2308731079,82139,82149,10
13.0289897919,80.2309036255,82149,82159,10
13.0282802582,80.2309799194,82159,82169,10
13.0276699066,80.2310562134,82169,82179,10
13.0276098251,80.2313995361,82179,82189,10
13.027680397,80.2319564819,82189,82198,9
13.0277900696,80.232383728,82198,82209,11
13.0277996063,80.2328186035,82209,82219,10
13.0272502899,80.2329406738,82219,82230,11
13.0268297195,80.233039856,82230,82240,10
13.0266504288,80.2330780029,82240,82280,40
13.0266504288,80.2330780029,82280,82290,10
13.0260095596,80.2316818237,82290,82300,10
13.0260095596,80.2313690186,82300,82310,10
13.0259599686,80.2310714722,82310,82320,10
13.0255804062,80.2306213379,82320,82330,10
13.0250597,80.2297821045,82330,82341,11
13.024600029,80.229019165,82341,82351,10
13.0242004395,80.2285995483,82351,82361,10
13.0238800049,80.2282562256,82361,82381,20
13.0238800049,80.2282562256,82381,82391,10
13.0236196518,80.2278823853,82391,82401,10
13.0234203339,80.2277832031,82401,82411,10
13.0232801437,80.2276000977,82411,82421,10
13.0230503082,80.2274169922,82421,82431,10
13.0228099823,80.2272567749,82431,82441,10
13.0225801468,80.2269287109,82441,82452,11
13.0215597153,80.2260513306,82452,82462,10
13.0207099915,80.2254333496,82462,82472,10
13.0199699402,80.2248306274,82472,82482,10
13.0193004608,80.2244491577,82482,82492,10
13.0182695389,80.2246780396,82492,82502,10
13.0171604156,80.225151062,82502,82512,10
13.0163698196,80.2254867554,82512,82522,10
13.0155601501,80.2257537842,82522,82532,10
13.0145902634,80.2260818481,82532,82542,10
13.0143604279,80.2261962891,82542,82552,10
13.014169693,80.22631073,82552,82563,11
13.0136003494,80.2265319824,82563,82579,16
13.0123596191,80.2269973755,82579,82591,12
13.0110998154,80.2275009155,82591,82601,10
13.0102596283,80.2278518677,82601,82611,10
13.0092897415,80.228302002,82611,82621,10
13.0090303421,80.2289505005,82621,82631,10
13.0088796616,80.2297592163,82631,82639,8
13.0086698532,80.2308578491,82639,82651,12
13.0083503723,80.2323532104,82651,82662,11
13.0080404282,80.2335205078,82662,82672,10
13.0077400208,80.2345733643,82672,82681,9
13.0080795288,80.2338027954,82681,82692,11
13.0080604553,80.234588623,82692,82702,10
13.0077295303,80.2357406616,82702,82712,10
13.007519722,80.236869812,82712,82722,10
13.0072898865,80.2380523682,82722,82732,10
13.007060051,80.239112854,82732,82742,10
13.0068302155,80.2399978638,82742,82753,11
13.0065202713,80.2405166626,82753,82813,60
13.0065202713,80.2405166626,82813,82823,10
13.0071296692,80.2404403687,82823,82833,10
13.0068798065,80.2411804199,82833,82843,10
13.0066900253,80.2421875,82843,82853,10
13.0066699982,80.2431869507,82853,82863,10
13.0066795349,80.2440719604,82863,82873,10
13.0066795349,80.2453308105,82873,82884,11
13.0067195892,80.2465896606,82884,82894,10
13.0067396164,80.2474136353,82894,82904,10
13.0066995621,80.2481994629,82904,82914,10
13.0067396164,80.2490386963,82914,82924,10
13.0067796707,80.2500762939,82924,82934,10
13.0067901611,80.251083374,82934,82944,10
13.0068397522,80.2515792847,82944,82954,10
13.0067901611,80.2518768311,82954,82964,10
13.0066604614,80.2525177002,82964,82974,10
13.0065603256,80.2535934448,82974,82984,10
13.0066299438,80.2545471191,82984,82995,11
13.0066404343,80.255241394,82995,83005,10
13.0066204071,80.255279541,83005,83015,10
13.0066003799,80.2556381226,83015,83025,10
13.0066099167,80.2563018799,83025,83035,10
13.0066795349,80.2573165894,83035,83055,20
13.0066795349,80.2573165894,83055,83065,10
13.0067195892,80.2573928833,83065,83075,10
13.0063695908,80.2575683594,83075,83085,10
13.0057497025,80.2574386597,83085,83096,11
13.0049295425,80.2572479248,83096,83106,10
13.004119873,80.2570800781,83106,83116,10
13.0031299591,80.2568664551,83116,83126,10
13.002240181,80.2566986084,83126,83136,10
13.0010995865,80.2565689087,83136,83145,9
13.0001802444,80.2564163208,83145,83156,11
12.9991102219,80.2562026978,83156,83166,10
12.998550415,80.256111145,83166,83176,10
12.9984798431,80.2561187744,83176,83186,10
12.9982500076,80.2560806274,83186,83196,10
12.9981298447,80.256072998,83196,83207,11
12.9978399277,80.2560195923,83207,83216,9
12.9975099564,80.2559814453,83216,83227,11
12.9970397949,80.2559967041,83227,83237,10
12.9968595505,80.2564468384,83237,83247,10
12.9968500137,80.2567977905,83247,83257,10
12.9967603683,80.2569580078,83257,83267,10
12.9967699051,80.2573318481,83267,83277,10
12.9967002869,80.2580566406,83277,83287,10
12.9966201782,80.2589797974,83287,83297,10
12.996509552,80.2599411011,83297,83307,10
12.9963903427,80.2610015869,83307,83318,11
12.9962997437,80.2619628906,83318,83328,10
12.9962100983,80.2624282837,83328,83338,10
12.9961595535,80.2630767822,83338,83348,10
12.9962100983,80.2640304565,83348,83530,182
12.9962100983,80.2640304565,83530,83540,10
12.9966402054,80.267036438,83540,83550,10
12.9960899353,80.2678527832,83550,83570,20
12.9960899353,80.2679901123,83570,83590,20
12.9960899353,80.2679901123,83590,83600,10
12.9960603714,80.2644729614,83600,83610,10
12.9955997467,80.2644805908,83610,83621,11
12.9961299896,80.2627334595,83621,83631,10
12.9962396622,80.2614517212,83631,83679,48
12.9962396622,80.2614517212,83679,83689,10
12.9968500137,80.2566833496,83689,83699,10
12.9968996048,80.2559967041,83699,83709,10
12.9970397949,80.2558288574,83709,83719,10
12.9974298477,80.2558517456,83719,83729,10
12.9976997375,80.2559432983,83729,83739,10
12.9977197647,80.256149292,83739,83749,10
12.997710228,80.2565765381,83749,84473,724
12.997710228,80.2565765381,84473,84483,10
12.9975404739,80.2569122314,84483,84494,11
12.9975404739,80.2569122314,84494,84504,10
12.9975996017,80.2570571899,84504,84514,10
