12.9969596863,80.190788269,15,500,485
12.9968299866,80.1911392212,500,3862,3362
12.9968299866,80.1911392212,3862,3873,11
12.9967899323,80.1913299561,3873,4085,212
12.9967699051,80.1912078857,4085,4721,636
12.9967803955,80.1911697388,4721,6901,2180
12.9967603683,80.1911392212,6901,16232,9331
12.9967899323,80.1912231445,16232,16727,495
12.9967899323,80.1912231445,16727,16737,10
12.996720314,80.1912002563,16737,17171,434
12.9968099594,80.1911773682,17171,17958,787
12.9967699051,80.1912384033,17958,19180,1222
12.996720314,80.1912612915,19180,22946,3766
12.996720314,80.1912612915,22946,22956,10
12.9964599609,80.19140625,22956,23026,70
12.9964599609,80.19140625,23026,23037,11
12.9963102341,80.1914672852,23037,23047,10
12.9962301254,80.1911315918,23047,23057,10
12.9960899353,80.1905212402,23057,23067,10
12.9960002899,80.1901321411,23067,23077,10
12.9959402084,80.1898574829,23077,23087,10
12.9959201813,80.1897506714,23087,23097,10
12.995880127,80.1895599365,23097,23107,10
12.9959402084,80.1893997192,23107,23117,10
12.9960403442,80.1893234253,23117,23127,10
12.996339798,80.1895370483,23127,23138,11
12.996919632,80.1901931763,23138,23148,10
12.9975404739,80.1909637451,23148,23158,10
12.9981498718,80.1917572021,23158,23168,10
12.9988603592,80.1926574707,23168,23178,10
12.9995698929,80.1935577393,23178,23188,10
13.0002403259,80.1943893433,23188,23198,10
13.0009202957,80.1951828003,23198,23208,10
13.00137043,80.1957473755,23208,23218,10
13.0017595291,80.1962203979,23218,23228,10
13.0020799637,80.1966400146,23228,23238,10
13.0021800995,80.1968688965,23238,23249,11
13.0022201538,80.1971435547,23249,23269,20
13.0022201538,80.1971435547,23269,23279,10
13.0021896362,80.1973724365,23279,23289,10
13.0021600723,80.1976470947,23289,23299,10
13.002120018,80.1978302002,23299,23309,10
13.002120018,80.1978378296,23309,23325,16
13.0020103455,80.1982192993,23325,23338,13
13.0019598007,80.1984405518,23338,23349,11
13.001950264,80.1985321045,23349,23358,9
13.0019197464,80.1986694336,23358,23370,12
13.0018796921,80.1988830566,23370,23380,10
13.0018396378,80.1991882324,23380,23390,10
13.0018396378,80.1994934082,23390,23400,10
13.0018901825,80.1997375488,23400,23409,9
13.0020399094,80.2000808716,23409,23419,10
13.0023403168,80.200378418,23419,23430,11
13.002409935,80.2004394531,23430,23440,10
13.0026397705,80.2005767822,23440,23451,11
13.0029802322,80.2006835938,23451,23461,10
13.0031299591,80.2006988525,23461,23471,10
13.0032501221,80.2006988525,23471,23481,10
13.0036096573,80.2007293701,23481,23531,50
13.0039701462,80.2008972168,23531,23561,30
13.0039701462,80.2008972168,23561,23572,11
13.0043001175,80.2010192871,23572,23582,10
13.0045099258,80.2010879517,23582,23592,10
13.0045795441,80.201133728,23592,23602,10
13.0048503876,80.2012405396,23602,23612,10
13.0051403046,80.2014007568,23612,23622,10
13.0056800842,80.2019119263,23622,23632,10
13.0061197281,80.2027130127,23632,23642,10
13.0068101883,80.2033920288,23642,23652,10
13.0076704025,80.2036972046,23652,23663,11
13.0083904266,80.2034912109,23663,23673,10
13.0081300735,80.2027893066,23673,23683,10
13.0075597763,80.2033233643,23683,23693,10
13.0076599121,80.2043075562,23693,23703,10
13.0076599121,80.205368042,23703,23719,16
13.0078802109,80.2070770264,23719,23731,12
13.0080699921,80.2082519531,23731,23741,10
13.0082302094,80.2093200684,23741,23751,10
13.0085201263,80.2102203369,23751,23761,10
13.009059906,80.2107162476,23761,23772,11
13.0093898773,80.2110214233,23772,23782,10
13.0093002319,80.2111968994,23782,23792,10
13.0090503693,80.2115936279,23792,23802,10
13.0092401505,80.2122497559,23802,23812,10
13.0094900131,80.2129821777,23812,23822,10
13.0098695755,80.2139205933,23822,23832,10
13.0101604462,80.2147674561,23832,23842,10
13.0102996826,80.215713501,23842,23852,10
13.0106897354,80.2166290283,23852,23861,9
13.0111103058,80.2175216675,23861,23873,12
13.0115804672,80.2188262939,23873,23883,10
13.0119695663,80.2200012207,23883,23892,9
13.0122995377,80.220916748,23892,23903,11
13.0126600266,80.2217330933,23903,23913,10
13.0130395889,80.2222518921,23913,23923,10
13.0135202408,80.2227478027,23923,23933,10
13.0139503479,80.2232666016,23933,23943,10
13.0142402649,80.2236785889,23943,23953,10
13.0145998001,80.2240982056,23953,23963,10
13.0152196884,80.2247695923,23963,23973,10
13.0159597397,80.2252731323,23973,23984,11
13.0170001984,80.2250976563,23984,23994,10
13.0179595947,80.2247314453,23994,24004,10
13.0189399719,80.2243728638,24004,24014,10
13.019610405,80.2244415283,24014,24034,20
13.019610405,80.2244415283,24034,24044,10
13.0197896957,80.224571228,24044,24054,10
13.020070076,80.2247772217,24054,24064,10
13.0205802917,80.2251205444,24064,24074,10
13.0211296082,80.2255706787,24074,24529,455
13.0211296082,80.2255706787,24529,24539,10
13.0212202072,80.2256622314,24539,24549,10
13.0214395523,80.2258377075,24549,24559,10
13.0218400955,80.2261428833,24559,24569,10
13.0225000381,80.2266693115,24569,24579,10
13.0232000351,80.2273178101,24579,24589,10
13.0239601135,80.2279586792,24589,24598,9
13.0244197845,80.2284393311,24598,24650,52
13.0244197845,80.2284393311,24650,24660,10
13.0242900848,80.2285995483,24660,24670,10
13.0240602493,80.2283935547,24670,24680,10
13.023730278,80.2279586792,24680,24690,10
13.0233802795,80.2276000977,24690,24700,10
13.0232601166,80.2275390625,24700,24710,10
13.023059845,80.2274169922,24710,24741,31
13.023059845,80.2274169922,24741,24751,10
13.0226697922,80.2270126343,24751,24761,10
13.0222997665,80.2265777588,24761,24771,10
13.0217504501,80.2261199951,24771,24781,10
13.0212097168,80.2257003784,24781,24791,10
13.0207395554,80.2253417969,24791,24801,10
13.0203304291,80.2250671387,24801,24811,10
13.0198497772,80.2247467041,24811,24821,10
13.0191802979,80.2244873047,24821,24832,11
13.0183200836,80.2246780396,24832,24842,10
13.0174398422,80.2250289917,24842,24852,10
13.0166301727,80.2253799438,24852,24862,10
13.0162000656,80.2255630493,24862,24872,10
13.0155696869,80.2257537842,24872,24882,10
13.0150403976,80.2259979248,24882,24892,10
13.014670372,80.2261428833,24892,24902,10
13.0144395828,80.2262115479,24902,24912,10
13.0140600204,80.2263565063,24912,24922,10
13.0133304596,80.2266464233,24922,24933,11
13.012430191,80.2270202637,24933,24943,10
13.0116100311,80.2273330688,24943,24953,10
13.010720253,80.2276687622,24953,24963,10
13.0098800659,80.2279434204,24963,24973,10
13.0096797943,80.2273788452,24973,24983,10
13.010020256,80.2265625,24983,24993,10
13.0103902817,80.225692749,24993,25003,10
13.0107498169,80.2248001099,25003,25013,10
13.011059761,80.2240066528,25013,25023,10
13.0112600327,80.2234115601,25023,25033,10
13.011639595,80.2228012085,25033,25044,11
13.0119895935,80.2219161987,25044,25054,10
13.0122203827,80.2212295532,25054,25064,10
13.0120296478,80.2207183838,25064,25074,10
13.0116796494,80.2196578979,25074,25084,10
13.0113601685,80.2185897827,25084,25094,10
13.0110397339,80.217666626,25094,25104,10
13.0106601715,80.2167892456,25104,25114,10
13.0102500916,80.2160415649,25114,25124,10
13.0098400116,80.2152175903,25124,25134,10
13.0093402863,80.2145767212,25134,25144,10
13.0088195801,80.2138366699,25144,25155,11
13.0084896088,80.2134933472,25155,25165,10
13.0084600449,80.213470459,25165,25175,10
13.0083599091,80.2134017944,25175,25185,10
13.0082798004,80.2133483887,25185,25195,10
13.0080795288,80.2132720947,25195,25205,10
13.0080299377,80.213218689,25205,25215,10
13.0076799393,80.2129364014,25215,25225,10
13.0069303513,80.2127838135,25225,25235,10
13.0061302185,80.2129211426,25235,25246,11
13.0053501129,80.2126998901,25246,25256,10
13.0046300888,80.2123184204,25256,25266,10
13.0038204193,80.2120132446,25266,25276,10
13.0037298203,80.2113037109,25276,25286,10
13.0036401749,80.2105178833,25286,25296,10
13.0035495758,80.2098312378,25296,25306,10
13.0036096573,80.2091598511,25306,25315,9
13.0038795471,80.2086105347,25315,25325,10
13.004650116,80.2089004517,25325,25336,11
13.0055599213,80.2092971802,25336,25346,10
13.0063400269,80.2095565796,25346,25357,11
13.0068798065,80.2097167969,25357,25367,10
13.0070295334,80.2097625732,25367,25377,10
13.007349968,80.2098388672,25377,25387,10
13.0074901581,80.2098693848,25387,25397,10
13.0078697205,80.2099304199,25397,25407,10
13.0081701279,80.2098617554,25407,25417,10
13.0080795288,80.2093276978,25417,25427,10
13.0079402924,80.2085037231,25427,25437,10
13.007809639,80.2076797485,25437,25447,10
13.0076999664,80.2070388794,25447,25457,10
13.0076198578,80.2065124512,25457,25468,11
13.0075502396,80.2060623169,25468,25477,9
13.0074100494,80.2055664063,25477,25488,11
13.0070199966,80.2046432495,25488,25498,10
13.0066404343,80.2039489746,25498,25508,10
13.0059900284,80.2030029297,25508,25518,10
13.005689621,80.2024307251,25518,25528,10
13.0053701401,80.2019119263,25528,25538,10
13.0047998428,80.2014465332,25538,25548,10
13.0044403076,80.2013168335,25548,25558,10
13.0041503906,80.2012176514,25558,25569,11
13.0035400391,80.2009429932,25569,25579,10
13.0029401779,80.2007827759,25579,25588,9
13.0024299622,80.2005767822,25588,25599,11
13.0020999908,80.2003631592,25599,25609,10
13.001950264,80.2001724243,25609,25619,10
13.0017204285,80.19972229,25619,25629,10
13.0016803741,80.1992111206,25629,25639,10
13.0017900467,80.1985168457,25639,25649,10
13.0018997192,80.1976394653,25649,25659,10
13.0018100739,80.1967086792,25659,25669,10
13.0012302399,80.1958618164,25669,25680,11
13.0004501343,80.1948471069,25680,25690,10
12.9998703003,80.1941299438,25690,25700,10
12.9994697571,80.1936264038,25700,25710,10
12.9991903305,80.1932983398,25710,25720,10
12.9988803864,80.1929168701,25720,25730,10
12.9985704422,80.192527771,25730,25740,10
12.9981603622,80.1923675537,25740,25750,10
12.9975204468,80.1929092407,25750,25760,10
12.9969797134,80.1933288574,25760,25770,10
12.9964399338,80.193397522,25770,25781,11
12.9953298569,80.1934127808,25781,25791,10
12.9942798615,80.1934280396,25791,25801,10
12.9930400848,80.1934509277,25801,25811,10
12.9921398163,80.1934967041,25811,25821,10
12.9916200638,80.1939697266,25821,25831,10
12.9914398193,80.1942062378,25831,25841,10
12.9912996292,80.194442749,25841,25851,10
12.9911603928,80.1947021484,25851,25861,10
12.9907999039,80.1951599121,25861,25871,10
12.9901304245,80.1955566406,25871,25882,11
12.9890804291,80.1955413818,25882,25892,10
12.9881095886,80.1955413818,25892,25902,10
12.9871902466,80.1957321167,25902,25912,10
12.986289978,80.1960601807,25912,25922,10
12.9851398468,80.1961898804,25922,25932,10
12.984000206,80.1962127686,25932,25942,10
12.9832897186,80.1964035034,25942,25952,10
12.9829902649,80.1965179443,25952,25962,10
12.9825801849,80.1968383789,25962,25972,10
12.9823102951,80.1970977783,25972,25982,10
12.9821300507,80.1970596313,25982,25993,11
12.9821395874,80.1969604492,25993,26003,10
12.9823999405,80.1967697144,26003,26013,10
12.9828300476,80.1964492798,26013,26023,10
12.9825201035,80.1961593628,26023,26033,10
12.981880188,80.1958618164,26033,26043,10
12.9814395905,80.1956329346,26043,26053,10
12.9808702469,80.1953277588,26053,26063,10
12.9801397324,80.1949768066,26063,26079,16
12.9790201187,80.1942214966,26079,26091,12
12.978099823,80.1938705444,26091,26102,11
12.9771699905,80.193687439,26102,26112,10
12.9763898849,80.1932373047,26112,26122,10
12.9756002426,80.1926803589,26122,26132,10
12.9749002457,80.1923522949,26132,26142,10
12.9743003845,80.1921310425,26142,26150,8
12.9738197327,80.1919631958,26150,26164,14
12.9730396271,80.1916809082,26164,26174,10
12.9726495743,80.1915283203,26174,26184,10
12.9721803665,80.1913299561,26184,26194,10
12.971830368,80.1911773682,26194,26205,11
12.971159935,80.1908798218,26205,26215,10
12.9705095291,80.190612793,26215,26225,10
12.9698801041,80.190322876,26225,26235,10
12.9692802429,80.1900405884,26235,26258,23
12.9682102203,80.1895294189,26258,26270,12
12.967880249,80.1893997192,26270,26280,10
12.9672203064,80.1891326904,26280,26290,10
12.9665403366,80.1888885498,26290,26300,10
12.9663896561,80.1888427734,26300,26311,11
12.9662704468,80.1887969971,26311,26321,10
12.9660701752,80.1886978149,26321,26331,10
12.9655599594,80.1885070801,26331,26341,10
12.9649896622,80.1882400513,26341,26352,11
12.9642801285,80.1880111694,26352,26362,10
12.9635400772,80.1877975464,26362,26372,10
12.9629297256,80.1876296997,26372,26382,10
12.9622297287,80.1874694824,26382,26392,10
12.9614896774,80.1873474121,26392,26402,10
12.9608097076,80.1872406006,26402,26413,11
12.9603099823,80.1871490479,26413,26423,10
12.9598302841,80.1871032715,26423,26433,10
12.9590797424,80.1870117188,26433,26443,10
12.9583797455,80.1869735718,26443,26453,10
12.9576501846,80.18699646,26453,26463,10
12.9569597244,80.1869812012,26463,26473,10
12.9561901093,80.1868972778,26473,26483,10
12.9558801651,80.1868972778,26483,26493,10
12.9555902481,80.1868591309,26493,26503,10
12.954990387,80.1867599487,26503,26514,11
12.954000473,80.1866226196,26514,26524,10
12.9529800415,80.1864700317,26524,26534,10
12.9519796371,80.1862182617,26534,26544,10
12.9511404037,80.1859512329,26544,26554,10
12.9502897263,80.1856689453,26554,26564,10
12.9496202469,80.1854705811,26564,26574,10
12.9492301941,80.1853790283,26574,26584,10
12.948969841,80.1852722168,26584,26594,10
12.9483604431,80.185043335,26594,26604,10
12.947640419,80.184677124,26604,26614,10
12.9470396042,80.1842498779,26614,26625,11
12.946149826,80.1836013794,26625,26635,10
12.9451904297,80.1830825806,26635,26645,10
12.9443397522,80.1830368042,26645,26655,10
12.9433097839,80.1829833984,26655,26665,10
12.9421796799,80.1828994751,26665,26675,10
12.9410495758,80.1827774048,26675,26685,10
12.9401502609,80.1827392578,26685,26695,10
12.9395103455,80.1826095581,26695,26705,10
12.9393196106,80.1825408936,26705,26715,10
12.9391298294,80.182510376,26715,26726,11
12.9387998581,80.1824188232,26726,26736,10
12.9381904602,80.1822967529,26736,26746,10
12.937379837,80.1822433472,26746,26756,10
12.93653965,80.1822662354,26756,26766,10
12.9357404709,80.1823730469,26766,26776,10
12.9350404739,80.1823425293,26776,26786,10
12.934220314,80.1821594238,26786,26796,10
12.933380127,80.1819534302,26796,26806,10
12.9324798584,80.1817474365,26806,26816,10
12.931599617,80.1816177368,26816,26826,10
12.9313001633,80.1815719604,26826,26837,11
12.9310503006,80.1815795898,26837,26847,10
12.9308795929,80.1815567017,26847,26857,10
12.9302597046,80.1816101074,26857,26867,10
12.9295101166,80.1818008423,26867,26877,10
12.9286603928,80.1820068359,26877,26887,10
12.9277496338,80.1822280884,26887,26897,10
12.9268302917,80.1824264526,26897,26907,10
12.9259300232,80.1826019287,26907,26917,10
12.9249897003,80.1827392578,26917,26927,10
12.9239902496,80.1829223633,26927,26938,11
12.9230203629,80.1831130981,26938,26948,10
12.9221897125,80.1833572388,26948,26958,10
12.9212903976,80.1837005615,26958,26968,10
12.9207000732,80.1839294434,26968,26978,10
12.9203796387,80.1840286255,26978,26988,10
12.9201602936,80.1835174561,26988,26998,10
12.9200000763,80.1828231812,26998,27008,10
12.9199695587,80.1827011108,27008,27018,10
12.9199495316,80.1826171875,27018,27028,10
12.9198703766,80.182258606,27028,27038,10
12.9197597504,80.1817169189,27038,27049,11
12.9195804596,80.1808166504,27049,27059,10
12.9193401337,80.1797027588,27059,27069,10
12.9186897278,80.1786422729,27069,27079,10
12.9182195663,80.1774978638,27079,27089,10
12.918419838,80.1763916016,27089,27099,10
12.9187097549,80.1752090454,27099,27109,10
12.9190196991,80.1738967896,27109,27119,10
12.9193496704,80.1725997925,27119,27129,10
12.9196195602,80.1715927124,27129,27139,10
12.9199199677,80.1706695557,27139,27150,11
12.9203395844,80.1692962646,27150,27160,10
12.9207801819,80.1679382324,27160,27170,10
12.9211902618,80.1666412354,27170,27180,10
12.9216403961,80.1652908325,27180,27190,10
12.9220504761,80.1639633179,27190,27200,10
12.9223804474,80.1629180908,27200,27210,10
12.922659874,80.1621170044,27210,27220,10
12.9229803085,80.1611022949,27220,27230,10
12.9231004715,80.1607437134,27230,27240,10
12.9231796265,80.1604766846,27240,27250,10
12.9233503342,80.1596908569,27250,27261,11
12.9234695435,80.1583709717,27261,27271,10
12.9235897064,80.1569595337,27271,27281,10
12.923620224,80.1557388306,27281,27291,10
12.9233798981,80.1547470093,27291,27301,10
12.9231004715,80.153678894,27301,27311,10
12.9228401184,80.1526031494,27311,27321,10
12.9227104187,80.1519775391,27321,27331,10
12.9226903915,80.1513671875,27331,27341,10
12.9226703644,80.1505126953,27341,27351,10
12.922659874,80.1498718262,27351,27362,11
12.9226102829,80.1490097046,27362,27372,10
12.9225902557,80.1482086182,27372,27382,10
12.9225702286,80.1476364136,27382,27392,10
12.9225797653,80.1471710205,27392,27402,10
12.9225797653,80.1466293335,27402,27412,10
12.9225702286,80.1458816528,27412,27421,9
12.922539711,80.1452026367,27421,27432,11
12.9225196838,80.1443099976,27432,27442,10
12.9224796295,80.1435775757,27442,27452,10
12.9224596024,80.1430892944,27452,27462,10
12.9224500656,80.1426010132,27462,27473,11
12.9224500656,80.1422119141,27473,27493,20
12.9224500656,80.1422119141,27493,27503,10
12.9224395752,80.1421127319,27503,27513,10
12.9224395752,80.1417388916,27513,27523,10
12.922419548,80.1414794922,27523,27533,10
12.9224004745,80.14087677,27533,27543,10
12.9223804474,80.1400985718,27543,27553,10
12.922369957,80.1392669678,27553,27563,10
12.9224004745,80.1386184692,27563,27574,11
12.9224500656,80.1381988525,27574,27584,10
12.9224796295,80.1375427246,27584,27594,10
12.9225101471,80.1367797852,27594,27604,10
12.9225502014,80.1359634399,27604,27614,10
12.9225702286,80.1350402832,27614,27624,10
12.9226303101,80.1340484619,27624,27634,10
12.922659874,80.1332168579,27634,27644,10
12.9226799011,80.1328125,27644,27654,10
12.9227199554,80.132270813,27654,27664,10
12.922750473,80.1314315796,27664,27674,10
12.9227800369,80.1306915283,27674,27685,11
12.9228096008,80.1298217773,27685,27695,10
12.9228696823,80.1289520264,27695,27705,10
12.9229097366,80.1280136108,27705,27715,10
12.9229297638,80.1268920898,27715,27725,10
12.9229698181,80.1255493164,27725,27735,10
12.9230203629,80.1241378784,27735,27751,16
12.923119545,80.1218490601,27751,27763,12
12.9231796265,80.1209030151,27763,27773,10
12.9232196808,80.1206588745,27773,27783,10
12.9232797623,80.1200637817,27783,27794,11
12.9232997894,80.1191711426,27794,27804,10
12.9233198166,80.1184310913,27804,27814,10
12.92345047,80.1174926758,27814,27824,10
12.9234895706,80.1170196533,27824,27832,8
12.9234800339,80.1169281006,27832,27844,12
12.923500061,80.1168670654,27844,27854,10
12.9236602783,80.1168365479,27854,27864,10
12.9236297607,80.1169204712,27864,27874,10
12.9235801697,80.1173400879,27874,27886,12
12.9236001968,80.1176223755,27886,27896,10
12.9236097336,80.1178817749,27896,27906,10
12.9235095978,80.1185379028,27906,27916,10
12.9234199524,80.119468689,27916,27926,10
12.9233598709,80.1201629639,27926,27936,10
12.9233598709,80.1203613281,27936,27946,10
12.923330307,80.1206283569,27946,27956,10
12.9233102798,80.1207962036,27956,27966,10
12.9232597351,80.1210021973,27966,27976,10
12.9232397079,80.1212768555,27976,27997,21
12.9232397079,80.1212768555,27997,28007,10
12.9232397079,80.1214599609,28007,28017,10
12.9232301712,80.1216201782,28017,28027,10
12.9231901169,80.1222610474,28027,28037,10
12.9231395721,80.1231918335,28037,28047,10
12.9231004715,80.1242904663,28047,28057,10
12.9230604172,80.1251220703,28057,28067,10
12.9230098724,80.1255111694,28067,28077,10
12.9229898453,80.1259231567,28077,28087,10
12.9229602814,80.1265869141,28087,28098,11
12.9229402542,80.1275634766,28098,28108,10
12.9229097366,80.1281814575,28108,28118,10
12.9228897095,80.1283493042,28118,28128,10
12.9228601456,80.1289901733,28128,28138,10
12.9228096008,80.129737854,28138,28148,10
12.9227895737,80.1305389404,28148,28158,10
12.9228000641,80.1312179565,28158,28168,10
12.9228000641,80.1313705444,28168,28178,10
12.9227695465,80.1320037842,28178,28188,10
12.9227399826,80.1327667236,28188,28198,10
12.9226999283,80.1335525513,28198,28208,10
12.922659874,80.134437561,28208,28219,11
12.9225997925,80.1354827881,28219,28229,10
12.922539711,80.1365127563,28229,28239,10
12.9224796295,80.137512207,28239,28249,10
12.9224395752,80.1385726929,28249,28259,10
12.9224004745,80.1396331787,28259,28269,10
12.9224004745,80.1406402588,28269,28279,10
12.9224300385,80.1416015625,28279,28289,10
12.9224596024,80.1425628662,28289,28299,10
12.9225196838,80.1432723999,28299,28310,11
12.9225597382,80.1436233521,28310,28320,10
12.9225702286,80.1436233521,28320,28330,10
12.9225702286,80.1439666748,28330,28340,10
12.9225702286,80.14478302,28340,28350,10
12.9226303101,80.1459121704,28350,28360,10
12.9226503372,80.1474075317,28360,28380,20
12.9226503372,80.1474075317,28380,28390,10
12.9226503372,80.1475372314,28390,28400,10
12.9226303101,80.1481170654,28400,28410,10
12.9226398468,80.149017334,28410,28421,11
12.9226799011,80.150352478,28421,28431,10
12.9227399826,80.1514511108,28431,28441,10
12.9227895737,80.1523590088,28441,28451,10
12.9230699539,80.1534805298,28451,28461,10
12.9233703613,80.1545181274,28461,28471,10
12.92345047,80.1547088623,28471,28481,10
12.9234895706,80.1549911499,28481,28491,10
12.9236497879,80.1557235718,28491,28501,10
12.9236402512,80.1568222046,28501,28511,10
12.9235200882,80.1580810547,28511,28522,11
12.9234304428,80.1593017578,28522,28532,10
12.9233198166,80.1602783203,28532,28542,10
12.9232702255,80.1604690552,28542,28552,10
12.923119545,80.1609191895,28552,28562,10
12.9228601456,80.1617202759,28562,28572,10
12.9225196838,80.1627426147,28572,28582,10
12.9221801758,80.16381073,28582,28591,9
12.92208004,80.1641464233,28591,28602,11
12.9219303131,80.1645278931,28602,28612,10
12.9216604233,80.1653518677,28612,28622,10
12.9213104248,80.1664428711,28622,28633,11
12.9208803177,80.1678237915,28633,28643,10
12.9204702377,80.1690673828,28643,28653,10
12.9201698303,80.1700363159,28653,28663,10
12.9199800491,80.1707763672,28663,28673,10
12.9199104309,80.1709899902,28673,28683,10
12.9198303223,80.1712417603,28683,28693,10
12.9196195602,80.171836853,28693,28703,10
12.919380188,80.1727371216,28703,28713,10
12.9190998077,80.173789978,28713,28723,10
12.9188995361,80.1745986938,28723,28734,11
12.918680191,80.1756515503,28734,28744,10
12.918419838,80.1765975952,28744,28754,10
12.9182596207,80.1775665283,28754,28764,10
12.9186296463,80.1785202026,28764,28774,10
12.9192895889,80.1794509888,28774,28784,10
12.9195804596,80.1806488037,28784,28794,10
12.9198598862,80.1818695068,28794,28804,10
12.9201202393,80.1830062866,28804,28814,10
12.9203100204,80.1836471558,28814,28824,10
12.9203195572,80.1837234497,28824,28835,11
12.9203596115,80.1838531494,28835,28845,10
12.920539856,80.1839599609,28845,28855,10
12.921090126,80.1837387085,28855,28865,10
12.9219398499,80.1834335327,28865,28875,10
12.9229602814,80.1830978394,28875,28885,10
12.923740387,80.1829528809,28885,28895,10
12.9246797562,80.182800293,28895,28905,10
12.9254903793,80.1826629639,28905,28915,10
12.9262304306,80.1825408936,28915,28925,10
12.9270801544,80.1823577881,28925,28935,10
12.9278697968,80.1821975708,28935,28946,11
12.9288196564,80.1819610596,28946,28956,10
12.929599762,80.1817703247,28956,28966,10
12.9303503036,80.1815795898,28966,28976,10
12.9312095642,80.1815185547,28976,28986,10
12.931429863,80.1815414429,28986,28996,10
12.9315900803,80.1815872192,28996,29006,10
12.9320802689,80.1816711426,29006,29016,10
12.9327402115,80.1817932129,29016,29026,10
12.9335803986,80.1819915771,29026,29036,10
12.9343795776,80.182182312,29036,29047,11
12.9348802567,80.1823196411,29047,29057,10
12.9349498749,80.1823120117,29057,29067,10
12.9353504181,80.1823730469,29067,29077,10
12.9358797073,80.1823501587,29077,29087,10
12.9365501404,80.182258606,29087,29097,10
12.937330246,80.182220459,29097,29107,10
12.9380102158,80.1822280884,29107,29117,10
12.9386301041,80.1822891235,29117,29178,61
12.9386301041,80.1822891235,29178,29188,10
12.9389801025,80.1823883057,29188,29198,10
12.9390802383,80.1824035645,29198,29208,10
12.939330101,80.1825027466,29208,29218,10
12.9397201538,80.1826171875,29218,29228,10
12.9402999878,80.1827163696,29228,29238,10
12.9411401749,80.1827468872,29238,29248,10
12.942150116,80.1828613281,29248,29259,11
12.94328022,80.1829299927,29259,29269,10
12.9441699982,80.1829681396,29269,29279,10
12.9445495605,80.1829833984,29279,29289,10
12.9445495605,80.1829910278,29289,29299,10
12.9448003769,80.1830062866,29299,29309,10
12.9454097748,80.1830368042,29309,29319,10
12.9460401535,80.1834106445,29319,29329,10
12.9465398788,80.1837997437,29329,29339,10
12.9468603134,80.1840515137,29339,29349,10
12.9469003677,80.1840591431,29349,29359,10
12.9472503662,80.1843490601,29359,29370,11
12.9479503632,80.1848526001,29370,29380,10
12.948849678,80.1851806641,29380,29450,70
12.948849678,80.1851806641,29450,29460,10
12.9491901398,80.1852722168,29460,29471,11
12.9497900009,80.1854782104,29471,29481,10
12.9505300522,80.1857299805,29481,29491,10
12.9514102936,80.1860122681,29491,29501,10
12.9522600174,80.1862716675,29501,29511,10
12.953040123,80.1864471436,29511,29521,10
12.9539699554,80.1865997314,29521,29531,10
12.9549102783,80.1867370605,29531,29541,10
12.9561901093,80.1868972778,29541,29561,20
12.9561901093,80.1868972778,29561,29571,10
12.9563398361,80.1869430542,29571,29582,11
12.9569301605,80.1870117188,29582,29592,10
12.9576702118,80.1870269775,29592,29602,10
12.9585103989,80.1870498657,29602,29612,10
12.9593000412,80.1870574951,29612,29622,10
12.9599599838,80.1871185303,29622,29632,10
12.9605102539,80.187171936,29632,29642,10
12.961139679,80.1872634888,29642,29652,10
12.9615001678,80.1873168945,29652,29662,10
12.9616003036,80.1873474121,29662,29672,10
12.9617395401,80.1873931885,29672,29683,11
12.9622802734,80.1874694824,29683,29693,10
12.9629497528,80.1876220703,29693,29703,10
12.9636497498,80.1877593994,29703,29713,10
12.9642295837,80.1879425049,29713,29723,10
12.9648199081,80.188117981,29723,29733,10
12.9655303955,80.1883926392,29733,29752,19
12.9655303955,80.1883926392,29752,29762,10
12.9658603668,80.1885223389,29762,29773,11
12.9663801193,80.1887435913,29773,29783,10
12.9669904709,80.1890106201,29783,29794,11
12.9677600861,80.1893081665,29794,29804,10
12.9682798386,80.1895523071,29804,29824,20
12.9682798386,80.1895523071,29824,29834,10
12.9686203003,80.189743042,29834,29844,10
12.9690599442,80.1899185181,29844,29854,10
12.9694595337,80.1901016235,29854,29864,10
12.9701404572,80.1904220581,29864,29874,10
12.9708595276,80.1907196045,29874,29884,10
12.9711503983,80.190826416,29884,29894,10
12.971449852,80.1909484863,29894,29905,11
12.9721298218,80.1912612915,29905,29915,10
12.9728403091,80.1915588379,29915,29935,20
12.9728403091,80.1915588379,29935,29945,10
12.972990036,80.19165802,29945,29955,10
12.9734897614,80.1918563843,29955,29965,10
12.9741897583,80.1921081543,29965,29975,10
12.974729538,80.1922988892,29975,29985,10
12.9752101898,80.1924514771,29985,29995,10
12.9757699966,80.1927566528,29995,30006,11
12.9763002396,80.1931381226,30006,30016,10
12.9767398834,80.1934509277,30016,30026,10
12.9773797989,80.1937179565,30026,30036,10
12.977809906,80.1938095093,30036,30046,10
12.9781999588,80.1938781738,30046,30066,20
12.9781999588,80.1938781738,30066,30076,10
12.9782600403,80.1939163208,30076,30086,10
12.9786596298,80.1940231323,30086,30096,10
12.9791002274,80.1942367554,30096,30107,11
12.9794397354,80.194442749,30107,30117,10
12.9795799255,80.1945266724,30117,30127,10
12.9798297882,80.194732666,30127,30137,10
12.9802398682,80.1949768066,30137,30147,10
12.9811096191,80.1953887939,30147,30177,30
12.9811096191,80.1953887939,30177,30187,10
12.9813995361,80.1955795288,30187,30197,10
12.981880188,80.1958618164,30197,30207,10
12.9825401306,80.1961669922,30207,30218,11
12.9829797745,80.1963500977,30218,30228,10
12.9833202362,80.196182251,30228,30238,10
12.9838695526,80.1960067749,30238,30248,10
12.9846897125,80.1959686279,30248,30264,16
12.9863700867,80.1958084106,30264,30276,12
12.9877004623,80.1954498291,30276,30286,10
12.9888801575,80.1954116821,30286,30296,10
12.9899702072,80.1954421997,30296,30306,10
12.9911699295,80.1945571899,30306,30337,31
12.9911699295,80.1945571899,30337,30347,10
12.9912996292,80.1943664551,30347,30357,10
12.9916095734,80.1938400269,30357,30367,10
12.992389679,80.1933364868,30367,30377,10
12.9935302734,80.1933364868,30377,30387,10
12.9945001602,80.193321228,30387,30397,10
12.9953899384,80.1932830811,30397,30407,10
12.9962596893,80.1932830811,30407,30417,10
12.9967699051,80.1932296753,30417,30428,11
12.996720314,80.1927185059,30428,30438,10
12.9965200424,80.1920089722,30438,30448,10
12.9962902069,80.191116333,30448,30458,10
12.9959201813,80.1898422241,30458,30498,40
12.9959201813,80.1898422241,30498,30508,10
12.995880127,80.1895294189,30508,30518,10
12.9961004257,80.1892929077,30518,30528,10
12.9964504242,80.1896286011,30528,30539,11
12.9969701767,80.190246582,30539,30549,10
12.9975595474,80.1909637451,30549,30561,12
12.9982500076,80.1918411255,30561,30571,10
12.9988203049,80.1925735474,30571,30581,10
12.9993495941,80.1931991577,30581,30591,10
12.9999504089,80.1939620972,30591,30601,10
13.0005702972,80.1947784424,30601,30611,10
13.0011396408,80.195350647,30611,30621,10
13.0014400482,80.1957397461,30621,30631,10
13.0017499924,80.1961135864,30631,30642,11
13.0020999908,80.1967086792,30642,30652,10
13.0021696091,80.197517395,30652,30662,10
13.0019798279,80.1984710693,30662,30672,10
13.0018501282,80.1994018555,30672,30690,18
13.002869606,80.2006225586,30690,30702,12
13.0037298203,80.2007827759,30702,30742,40
13.0037298203,80.2007827759,30742,30753,11
13.0038900375,80.2008209229,30753,30763,10
13.0042896271,80.2009811401,30763,30773,10
13.0049295425,80.2012405396,30773,30783,10
13.0055799484,80.2017822266,30783,30793,10
13.0059900284,80.2025680542,30793,30803,10
13.0065898895,80.2032394409,30803,30813,10
13.0074195862,80.2036209106,30813,30823,10
13.008190155,80.2036590576,30823,30832,9
13.0083999634,80.2029876709,30832,30842,10
13.0075597763,80.2031707764,30842,30854,12
13.0076599121,80.204536438,30854,30864,10
13.0076999664,80.2058181763,30864,30874,10
13.0078601837,80.2070922852,30874,30884,10
13.0079898834,80.2082595825,30884,30894,10
13.0082197189,80.209312439,30894,30904,10
13.0083703995,80.2098693848,30904,30914,10
13.0085802078,80.2102890015,30914,30924,10
13.0091400146,80.2107772827,30924,30954,30
13.0091400146,80.2107772827,30954,30965,11
13.009469986,80.2110595703,30965,30995,30
13.0092096329,80.2113189697,30995,31035,40
13.0092096329,80.2113189697,31035,31045,10
13.0090904236,80.2117614746,31045,31055,10
13.0091295242,80.2119293213,31055,31066,11
13.0091896057,80.2120895386,31066,31076,10
13.0092697144,80.2124328613,31076,31086,10
13.0094804764,80.2129821777,31086,31096,10
13.0097303391,80.2136383057,31096,31106,10
13.010020256,80.2143478394,31106,31116,10
13.010140419,80.2148208618,31116,31126,10
13.0102500916,80.2154922485,31126,31136,10
13.01060009,80.2164230347,31136,31146,10
13.011059761,80.2174301147,31146,31156,10
13.0114803314,80.2186279297,31156,31167,11
13.0119400024,80.2199783325,31167,31177,10
13.0122995377,80.2208633423,31177,31186,9
13.0124197006,80.2211608887,31186,31197,11
13.0124902725,80.2212982178,31197,31207,10
13.0126495361,80.2216567993,31207,31217,10
13.0131397247,80.2222824097,31217,31227,10
13.0136499405,80.2229614258,31227,31237,10
13.0140895844,80.223487854,31237,31247,10
13.0143995285,80.2238082886,31247,31257,10
13.014749527,80.2241821289,31257,31267,10
13.0150604248,80.2245407104,31267,31278,11
13.0154104233,80.2248687744,31278,31298,20
13.0154104233,80.2248687744,31298,31308,10
13.0157604218,80.2251586914,31308,31318,10
13.0163898468,80.2253112793,31318,31328,10
13.0171003342,80.2250671387,31328,31338,10
13.0180397034,80.2246780396,31338,31348,10
13.0188598633,80.2243881226,31348,31358,10
13.0194301605,80.2244033813,31358,31368,10
13.0200004578,80.2247695923,31368,31378,10
13.0207300186,80.2252578735,31378,31389,11
13.0214500427,80.2258071899,31389,31399,10
13.0219898224,80.2261428833,31399,31409,10
13.02202034,80.2261810303,31409,31419,10
13.0221099854,80.226272583,31419,31429,10
13.0224199295,80.2265625,31429,31439,10
13.0230197906,80.2270812988,31439,31449,10
13.0235795975,80.2276077271,31449,31459,10
13.023900032,80.2278289795,31459,31469,10
13.0241098404,80.2280502319,31469,31490,21
13.0241098404,80.2280502319,31490,31500,10
13.0242500305,80.2282562256,31500,31510,10
13.0244503021,80.2285385132,31510,31520,10
13.0246200562,80.2288208008,31520,31530,10
13.0249004364,80.2292098999,31530,31540,10
13.0252599716,80.2296829224,31540,31550,10
13.0256700516,80.2302932739,31550,31560,10
13.025970459,80.2309265137,31560,31570,10
13.0260000229,80.2312393188,31570,31590,20
13.0260000229,80.2312393188,31590,31601,11
13.02643013,80.231300354,31601,31611,10
13.0272798538,80.2310714722,31611,31621,10
13.0283603668,80.2309265137,31621,31631,10
13.0290603638,80.2308502197,31631,31641,10
13.0295295715,80.2307891846,31641,31651,10
13.0299196243,80.2307662964,31651,31679,28
13.0299196243,80.2307662964,31679,31689,10
13.0302801132,80.2307662964,31689,31699,10
13.0305595398,80.2307281494,31699,31710,11
13.0312204361,80.2306671143,31710,31720,10
13.0317401886,80.2306289673,31720,31730,10
13.0322399139,80.2305908203,31730,31740,10
13.0328598022,80.2305526733,31740,31750,10
13.0334701538,80.2304992676,31750,31760,10
13.0339899063,80.230430603,31760,31770,10
13.034239769,80.2304077148,31770,31780,10
13.0343399048,80.2303924561,31780,31790,10
13.0346803665,80.2303009033,31790,31800,10
13.0348997116,80.2301712036,31800,31811,11
13.0349597931,80.2300796509,31811,31821,10
13.0349397659,80.2300186157,31821,31831,10
13.0347003937,80.2299118042,31831,32033,202
13.0345401764,80.2298736572,32033,32164,131
13.0345401764,80.2298736572,32164,32174,10
13.0344600677,80.2299423218,32174,32184,10
13.0343799591,80.229888916,32184,32234,50
13.0342998505,80.2298431396,32234,32669,435
13.0342597961,80.2297363281,32669,33072,403
13.0342597961,80.2297363281,33072,33082,10
13.0342102051,80.2302093506,33082,33093,11
13.034119606,80.2303771973,33093,33103,10
13.0339603424,80.2303771973,33103,33113,10
13.0336303711,80.2304000854,33113,33123,10
13.0332403183,80.2304763794,33123,33133,10
13.03262043,80.2305374146,33133,33143,10
13.0320501328,80.2305908203,33143,33153,10
13.0314903259,80.2306137085,33153,33163,10
13.0311899185,80.2306289673,33163,33173,10
13.0308704376,80.2306594849,33173,33183,10
13.0305404663,80.2306976318,33183,33194,11
13.0301399231,80.230758667,33194,33204,10
13.0299797058,80.230758667,33204,33214,10
13.0297002792,80.2308120728,33214,33224,10
13.0293102264,80.2308578491,33224,33234,10
13.0286998749,80.2309265137,33234,33244,10
13.0280399323,80.2309799194,33244,33254,10
13.0277299881,80.2310409546,33254,33264,10
13.0277099609,80.231590271,33264,33274,10
13.0277500153,80.2321166992,33274,33294,20
13.0277500153,80.2321166992,33294,33305,11
13.027879715,80.2325820923,33305,33315,10
13.0274896622,80.2328720093,33315,33375,60
13.0272197723,80.2328567505,33375,33436,61
13.0272197723,80.2328567505,33436,33446,10
13.0270795822,80.2329177856,33446,33456,10
13.0269298553,80.2329177856,33456,33466,10
13.0266399384,80.2329330444,33466,33476,10
13.026309967,80.2325286865,33476,33486,10
13.0261001587,80.2317581177,33486,33496,10
13.0258197784,80.2308273315,33496,33506,10
13.0253696442,80.2299880981,33506,33517,11
13.0250396729,80.2295532227,33517,33527,10
13.0248003006,80.2292709351,33527,33537,10
13.0246095657,80.2290115356,33537,33547,10
13.024479866,80.2288589478,33547,33557,10
13.0243196487,80.2286605835,33557,33567,10
13.0239801407,80.2281799316,33567,33577,10
13.0234804153,80.2276611328,33577,33587,10
13.0234003067,80.2275924683,33587,33597,10
13.0231599808,80.2274932861,33597,33638,41
13.0231599808,80.2274932861,33638,33648,10
13.0228204727,80.2273025513,33648,33668,20
13.0228204727,80.2273025513,33668,33678,10
13.0225200653,80.2268066406,33678,33688,10
13.0220098495,80.2263183594,33688,33698,10
13.0212802887,80.2257537842,33698,33708,10
13.0205497742,80.2251968384,33708,33718,10
13.0201702118,80.2249603271,33718,33729,11
13.0201196671,80.2249069214,33729,33739,10
13.019900322,80.2247619629,33739,33749,10
13.0194597244,80.2245483398,33749,33759,10
13.0186700821,80.2245635986,33759,33769,10
13.0177602768,80.224937439,33769,33779,10
13.0169095993,80.2252807617,33779,33789,10
13.0163803101,80.2254486084,33789,33799,10
13.0159597397,80.2256011963,33799,33809,10
13.01541996,80.2257995605,33809,33819,10
13.0147800446,80.2260513306,33819,33829,10
13.0143299103,80.2262268066,33829,33840,11
13.0139799118,80.2263717651,33840,33850,10
13.0133199692,80.2266235352,33850,33860,10
13.0125598907,80.2268981934,33860,33870,10
13.011759758,80.2271499634,33870,33880,10
13.0109596252,80.2274475098,33880,33890,10
13.0101203918,80.2277984619,33890,33900,10
13.0095701218,80.2276916504,33900,33910,10
13.0097198486,80.227180481,33910,33920,10
13.0100402832,80.2264633179,33920,33930,10
13.0103702545,80.2257385254,33930,33940,10
13.0106697083,80.2250289917,33940,33951,11
13.0110197067,80.2241668701,33951,33961,10
13.0113401413,80.2232894897,33961,33971,10
13.0116701126,80.2224502563,33971,33981,10
13.0117902756,80.2217407227,33981,33991,10
13.0120201111,80.2212295532,33991,34001,10
13.0119495392,80.2205429077,34001,34011,10
13.0117797852,80.2196807861,34011,34021,10
13.0115003586,80.2188415527,34021,34031,10
13.0112600327,80.2180404663,34031,34041,10
13.0109195709,80.2172927856,34041,34051,10
13.0106201172,80.2166366577,34051,34062,11
13.0102396011,80.2160186768,34062,34072,10
13.0099401474,80.2153701782,34072,34088,16
13.0093898773,80.2145996094,34088,34100,12
13.0088996887,80.2139282227,34100,34110,10
13.0087404251,80.2137374878,34110,34119,9
13.0085697174,80.2135772705,34119,34150,31
13.0085697174,80.2135772705,34150,34161,11
13.0081796646,80.2132797241,34161,34172,11
13.0080499649,80.2132034302,34172,34212,40
13.0080499649,80.2132034302,34212,34222,10
13.0078401566,80.2130432129,34222,34232,10
13.0075798035,80.2128677368,34232,34242,10
13.007229805,80.2127609253,34242,34263,21
13.007229805,80.2127609253,34263,34273,10
13.0067796707,80.2127227783,34273,34303,30
13.0067796707,80.2127227783,34303,34313,10
13.0065202713,80.2127075195,34313,34323,10
13.0063896179,80.2127304077,34323,34333,10
13.0061597824,80.2128067017,34333,34343,10
13.0058002472,80.212890625,34343,34353,10
13.005109787,80.2125091553,34353,34363,10
13.0045404434,80.2122421265,34363,34374,11
13.0038604736,80.2119827271,34374,34384,10
13.0037403107,80.2116012573,34384,34394,10
13.0037202835,80.2110214233,34394,34404,10
13.0036201477,80.2103424072,34404,34414,10
13.0035495758,80.2096176147,34414,34424,10
13.0036897659,80.2088775635,34424,34434,10
13.0042200089,80.2087097168,34434,34444,10
13.004989624,80.2090606689,34444,34454,10
13.0057697296,80.2093963623,34454,34464,10
13.0064201355,80.2096099854,34464,34475,11
13.0068101883,80.2097320557,34475,34485,10
13.0069799423,80.2097930908,34485,34495,10
13.0074300766,80.2098617554,34495,34505,10
13.0080299377,80.2099533081,34505,34515,10
13.0081396103,80.2096328735,34515,34525,10
13.0079898834,80.2089767456,34525,34535,10
13.0078201294,80.208190918,34535,34545,10
13.0076799393,80.2073669434,34545,34555,10
13.0075597763,80.2065582275,34555,34565,10
13.0074195862,80.2057800293,34565,34575,10
13.0071697235,80.2050476074,34575,34586,11
13.0067901611,80.2042236328,34586,34596,10
13.006310463,80.2034835815,34596,34606,10
13.0058403015,80.202796936,34606,34616,10
13.0054397583,80.2021026611,34616,34626,10
13.0047702789,80.2014465332,34626,34636,10
13.0043697357,80.2012710571,34636,34646,10
13.004240036,80.2011795044,34646,34656,10
13.003660202,80.2009429932,34656,34666,10
13.0029001236,80.2006988525,34666,34676,10
13.0022001266,80.2003631592,34676,34686,10
13.0017700195,80.1998062134,34686,34697,11
13.0016498566,80.1993179321,34697,34707,10
13.0017595291,80.1985702515,34707,34717,10
13.0018796921,80.1977233887,34717,34727,10
13.0018196106,80.1968536377,34727,34737,10
13.0013599396,80.1960601807,34737,34747,10
13.0008001328,80.1953125,34747,34757,10
13.000120163,80.1944580078,34757,34767,10
12.9996004105,80.1938323975,34767,34777,10
12.9991798401,80.1932830811,34777,34787,10
12.9989299774,80.1929397583,34787,34798,11
12.9986000061,80.192527771,34798,34808,10
12.9982995987,80.1922836304,34808,34818,10
12.9978399277,80.1926269531,34818,34828,10
12.9972496033,80.1931610107,34828,34838,10
12.9969501495,80.193359375,34838,34848,10
12.9964103699,80.1933822632,34848,34858,10
12.9955997467,80.1933822632,34858,34868,10
12.9946699142,80.193397522,34868,34878,10
12.9937000275,80.1934127808,34878,34888,10
12.9926795959,80.1934280396,34888,34898,10
12.9918298721,80.1936416626,34898,34909,11
12.9914197922,80.1943206787,34909,34919,10
12.9912395477,80.1946105957,34919,34929,10
12.9909896851,80.1949386597,34929,34939,10
12.9905595779,80.1953277588,34939,34949,10
12.9897499084,80.1955184937,34949,34959,10
12.9888000488,80.1955108643,34959,34969,10
12.987830162,80.1954803467,34969,34979,10
12.9869298935,80.1957778931,34979,34989,10
12.9858598709,80.1961364746,34989,34999,10
12.9847602844,80.1961669922,34999,35010,11
12.9836597443,80.1962509155,35010,35020,10
12.9832897186,80.1963806152,35020,35030,10
12.982919693,80.1965637207,35030,35040,10
12.9824199677,80.1970062256,35040,35050,10
12.9822702408,80.1971588135,35050,35060,10
12.9821395874,80.1970825195,35060,35070,10
12.9822301865,80.1969223022,35070,35080,10
12.9825801849,80.1966171265,35080,35090,10
12.9827899933,80.1964492798,35090,35100,10
12.9825696945,80.1962203979,35100,35110,10
12.9820899963,80.1959609985,35110,35121,11
12.9816303253,80.1957168579,35121,35131,10
12.9816198349,80.1957168579,35131,35141,10
12.9814901352,80.1956634521,35141,35151,10
12.981180191,80.1954803467,35151,35161,10
12.9807500839,80.1952667236,35161,35171,10
12.9801502228,80.1949386597,35171,35181,10
12.9797201157,80.1946411133,35181,35191,10
12.9793596268,80.1943817139,35191,35201,10
12.9788503647,80.1940994263,35201,35211,10
12.9786100388,80.1939926147,35211,35221,10
12.978269577,80.1939163208,35221,35232,11
12.9777002335,80.1938018799,35232,35242,10
12.9775495529,80.1937789917,35242,35252,10
12.9770803452,80.1936264038,35252,35262,10
12.9766998291,80.1934127808,35262,35272,10
12.976360321,80.1931304932,35272,35282,10
12.9760704041,80.1929321289,35282,35292,10
12.9756402969,80.1926422119,35292,35302,10
12.9751300812,80.1924209595,35302,35312,10
12.9747200012,80.192237854,35312,35322,10
12.9742803574,80.1920776367,35322,35333,11
12.9737195969,80.1919021606,35333,35343,10
12.9732704163,80.1917266846,35343,35353,10
12.9729995728,80.191619873,35353,35363,10
12.972820282,80.1915664673,35363,35373,10
12.9726896286,80.1915283203,35373,35383,10
12.9722499847,80.1913070679,35383,35403,20
12.9722499847,80.1913070679,35403,35413,10
12.9719400406,80.1911773682,35413,35423,10
12.9714803696,80.1909713745,35423,35433,10
12.9711399078,80.190788269,35433,35444,11
12.9708099365,80.1906814575,35444,35454,10
12.970580101,80.1905670166,35454,35464,10
12.9702501297,80.1904296875,35464,35474,10
12.9697303772,80.1901931763,35474,35484,10
12.969209671,80.1899490356,35484,35494,10
12.9690103531,80.1898803711,35494,35504,10
12.9682302475,80.1895217896,35504,35534,30
12.9682302475,80.1895217896,35534,35545,11
12.9680595398,80.1894989014,35545,35555,10
12.9676399231,80.1893005371,35555,35565,10
12.9670295715,80.1890411377,35565,35575,10
12.9662103653,80.1886672974,35575,35595,20
12.9662103653,80.1886672974,35595,35605,10
12.9660701752,80.1886062622,35605,35615,10
12.9657402039,80.1884765625,35615,35625,10
12.9652395248,80.1883010864,35625,35635,10
12.9649200439,80.1881790161,35635,35645,10
12.9647102356,80.1880874634,35645,35656,11
12.9641103745,80.1879196167,35656,35666,10
12.9635801315,80.1877593994,35666,35676,10
12.9629602432,80.1876296997,35676,35685,9
12.9624004364,80.1874771118,35685,35696,11
12.9616298676,80.1873626709,35696,35706,10
12.9610900879,80.1872634888,35706,35716,10
12.9608097076,80.1871795654,35716,35726,10
12.9607200623,80.1872024536,35726,35736,10
12.9602403641,80.1870880127,35736,35746,10
12.9596099854,80.1870269775,35746,35756,10
12.9588699341,80.1869888306,35756,35767,11
12.9580802917,80.18699646,35767,35777,10
12.9575796127,80.1869735718,35777,35787,10
12.9569301605,80.186958313,35787,35797,10
12.9558601379,80.186920166,35797,35837,40
12.9558601379,80.186920166,35837,35853,16
12.955499649,80.1868667603,35853,35865,12
12.9549198151,80.1867980957,35865,35876,11
12.9541196823,80.1866912842,35876,35886,10
12.9532604218,80.1865615845,35886,35896,10
12.9523000717,80.186340332,35896,35906,10
12.9512701035,80.1860198975,35906,35916,10
12.9504995346,80.185760498,35916,35926,10
12.9499797821,80.1855621338,35926,35936,10
12.9498901367,80.1855316162,35936,35945,9
12.9496202469,80.1854400635,35945,35955,10
12.9491195679,80.1853179932,35955,35966,11
12.94851017,80.1851272583,35966,35976,10
12.9479799271,80.184928894,35976,35987,11
12.9472198486,80.184387207,35987,35997,10
12.9464998245,80.183807373,35997,36007,10
12.9459495544,80.1833877563,36007,36017,10
12.9455900192,80.1831436157,36017,36027,10
12.9448900223,80.1830368042,36027,36037,10
12.9445896149,80.1830368042,36037,36047,10
12.9444799423,80.1830215454,36047,36057,10
12.9439697266,80.1829910278,36057,36067,10
12.9433202744,80.1829605103,36067,36078,11
12.9423799515,80.1828994751,36078,36088,10
12.9413795471,80.182800293,36088,36098,10
12.9407396317,80.1827774048,36098,36108,10
12.9406700134,80.1827926636,36108,36118,10
12.9404201508,80.182762146,36118,36128,10
12.9395704269,80.1826019287,36128,36148,20
12.9395704269,80.1826019287,36148,36158,10
12.9393501282,80.1825180054,36158,36168,10
12.9389801025,80.1824493408,36168,36178,10
12.9384002686,80.1823196411,36178,36189,11
12.9374599457,80.1822433472,36189,36199,10
12.9365301132,80.1822891235,36199,36209,10
12.9355201721,80.1824035645,36209,36219,10
12.934510231,80.182220459,36219,36229,10
12.9334096909,80.1819610596,36229,36239,10
12.93227005,80.1817016602,36239,36249,10
12.9312601089,80.1815414429,36249,36259,10
12.9310102463,80.1815414429,36259,36269,10
12.9309797287,80.1815414429,36269,36279,10
12.9305095673,80.1815490723,36279,36289,10
12.9297304153,80.1817321777,36289,36300,11
12.9286003113,80.1820068359,36300,36310,10
12.9275398254,80.182258606,36310,36320,10
12.926659584,80.1824188232,36320,36330,10
12.9257097244,80.1825866699,36330,36340,10
12.9246902466,80.1827774048,36340,36356,16
12.923119545,80.183052063,36356,36368,12
12.92208004,80.1833572388,36368,36378,10
12.9214000702,80.1836013794,36378,36388,10
12.9208297729,80.183883667,36388,36398,10
12.9206895828,80.1839370728,36398,36408,10
12.9204702377,80.1840286255,36408,36439,31
12.9204702377,80.1840286255,36439,36449,10
12.9202003479,80.1838989258,36449,36460,11
12.9200801849,80.1832122803,36460,36470,10
12.9199304581,80.1825790405,36470,36480,10
12.9199199677,80.1825714111,36480,36490,10
12.9198904037,80.1823272705,36490,36500,10
12.9197397232,80.1817016602,36500,36511,11
12.919549942,80.1807403564,36511,36521,10
12.9193096161,80.1796569824,36521,36531,10
12.918800354,80.1787796021,36531,36541,10
12.9181995392,80.1778411865,36541,36551,10
12.9183702469,80.1765594482,36551,36561,10
12.9187097549,80.1752090454,36561,36571,10
12.9190502167,80.1738204956,36571,36581,10
12.9194202423,80.1724624634,36581,36591,10
12.9197397232,80.1712188721,36591,36601,10
12.919839859,80.1708374023,36601,36611,10
12.9199399948,80.1705703735,36611,36622,11
12.9201803207,80.1697998047,36622,36632,10
12.9204797745,80.1688232422,36632,36642,10
12.9207897186,80.1679000854,36642,36652,10
12.9211502075,80.1667480469,36652,36662,10
12.9215297699,80.1654968262,36662,36672,10
12.9219503403,80.1643218994,36672,36682,10
12.9222898483,80.1631622314,36682,36692,10
12.9226703644,80.1619796753,36692,36702,10
12.9230098724,80.1608505249,36702,36712,10
12.9231004715,80.1605224609,36712,36723,11
12.9231901169,80.1602935791,36723,36733,10
12.9233398438,80.1595611572,36733,36743,10
12.92345047,80.1584777832,36743,36753,10
12.9235801697,80.1571807861,36753,36763,10
12.9236698151,80.1559906006,36763,36773,10
12.9234399796,80.1550674438,36773,36783,10
12.9234104156,80.1549301147,36783,36793,10
12.9233398438,80.1544570923,36793,36803,10
12.923119545,80.1536483765,36803,36813,10
12.9228601456,80.1527099609,36813,36823,10
12.9226999283,80.1519775391,36823,36834,11
12.9226903915,80.1515197754,36834,36844,10
12.9226799011,80.1508331299,36844,36854,10
12.9226398468,80.1498565674,36854,36864,10
12.9225997925,80.1488571167,36864,36874,10
12.9225797653,80.1479187012,36874,36884,10
12.9225597382,80.1472091675,36884,36894,10
12.9225597382,80.1469573975,36894,36904,10
12.9225502014,80.1464920044,36904,36914,10
12.9225502014,80.1456985474,36914,36924,10
12.9225196838,80.1447906494,36924,36935,11
12.9225101471,80.1439971924,36935,36945,10
12.9224996567,80.1435623169,36945,36955,10
12.9224596024,80.143081665,36955,36965,10
12.9224796295,80.1426696777,36965,36975,10
12.9224395752,80.1421890259,36975,36995,20
12.9224395752,80.1421890259,36995,37005,10
12.9224300385,80.1418304443,37005,37015,10
12.9224100113,80.1411819458,37015,37025,10
12.9224004745,80.140586853,37025,37035,10
12.9224004745,80.1400604248,37035,37046,11
12.9223899841,80.1394195557,37046,37056,10
12.9223804474,80.1387405396,37056,37066,10
12.9224395752,80.1381530762,37066,37076,10
12.9224500656,80.1375732422,37076,37086,10
12.9224996567,80.1368408203,37086,37096,10
12.922539711,80.1359176636,37096,37106,10
12.9225702286,80.1349563599,37106,37116,10
12.9226198196,80.1340866089,37116,37126,10
12.922659874,80.1331634521,37126,37136,10
12.9226903915,80.1323013306,37136,37146,10
12.9227399826,80.1315383911,37146,37157,11
12.922750473,80.1312866211,37157,37167,10
12.9227600098,80.1307373047,37167,37177,10
12.9228000641,80.1299819946,37177,37193,16
12.9229001999,80.1286697388,37193,37205,12
12.9229001999,80.1276779175,37205,37215,10
12.9229202271,80.1268081665,37215,37225,10
12.922949791,80.1258468628,37225,37235,10
12.9229898453,80.125,37235,37245,10
12.9230298996,80.1240310669,37245,37255,10
12.9230604172,80.1230773926,37255,37266,11
12.923119545,80.121963501,37266,37276,10
12.9231901169,80.1210784912,37276,37286,10
12.9232196808,80.1203994751,37286,37305,19
12.9232196808,80.1203994751,37305,37316,11
12.9232797623,80.1200180054,37316,37326,10
12.9232997894,80.1193237305,37326,37336,10
12.9232997894,80.1186981201,37336,37346,10
12.9233598709,80.1181411743,37346,37356,10
12.9234600067,80.11743927,37356,37366,10
12.923500061,80.1170578003,37366,37377,11
12.9236497879,80.1168136597,37377,37397,20
12.9236497879,80.1168136597,37397,37407,10
12.9236097336,80.1170120239,37407,37417,10
12.9235801697,80.1174468994,37417,37426,9
12.9235801697,80.1179122925,37426,37437,11
12.9235200882,80.1185531616,37437,37447,10
12.923500061,80.1191635132,37447,37457,10
12.9233999252,80.1200790405,37457,37467,10
12.9233198166,80.1206436157,37467,37478,11
12.9233102798,80.1211013794,37478,37579,101
12.9233102798,80.1211013794,37579,37589,10
12.9232797623,80.1212005615,37589,37599,10
12.9232397079,80.1217422485,37599,37609,10
12.9231996536,80.1226119995,37609,37619,10
12.9231595993,80.1236724854,37619,37629,10
12.923119545,80.124671936,37629,37639,10
12.9230899811,80.1254425049,37639,37649,10
12.9230298996,80.1258773804,37649,37659,10
12.9230003357,80.1265563965,37659,37669,10
12.9229803085,80.1272277832,37669,37679,10
12.9229402542,80.128112793,37679,37690,11
12.9229402542,80.128112793,37690,37700,10
12.9229001999,80.1287078857,37700,37710,10
12.9228401184,80.12940979,37710,37720,10
12.9228200912,80.1300735474,37720,37730,10
12.9227895737,80.1309127808,37730,37740,10
12.9227800369,80.1312026978,37740,37750,10
12.9227800369,80.1313934326,37750,37761,11
12.9227695465,80.1321716309,37761,37771,10
12.9227304459,80.1330718994,37771,37781,10
12.9226903915,80.1339035034,37781,37792,11
12.9226398468,80.1349716187,37792,37803,11
12.9225997925,80.1360168457,37803,37813,10
12.9225301743,80.1370773315,37813,37823,10
12.9224796295,80.1380081177,37823,37833,10
12.922419548,80.1388931274,37833,37843,10
12.9224004745,80.1397018433,37843,37853,10
12.922419548,80.1403503418,37853,37863,10
12.9224004745,80.1411132813,37863,37873,10
12.922419548,80.1420516968,37873,37883,10
12.9224500656,80.1423492432,37883,37893,10
12.9224596024,80.1424636841,37893,37904,11
12.9224901199,80.1428070068,37904,37914,10
12.9225196838,80.1434020996,37914,37924,10
12.9224996567,80.1434936523,37924,37934,10
12.9224796295,80.1439437866,37934,37944,10
12.9225196838,80.1448898315,37944,37954,10
12.9225702286,80.1460571289,37954,37964,10
12.9226102829,80.1471862793,37964,37974,10
12.9226198196,80.1476593018,37974,37984,10
12.9225997925,80.1484603882,37984,37994,10
12.9226303101,80.1494674683,37994,38005,11
12.922659874,80.1506271362,38005,38015,10
12.9227304459,80.1515808105,38015,38025,10
12.922829628,80.1525421143,38025,38035,10
12.9230699539,80.153503418,38035,38045,10
12.9233198166,80.1544418335,38045,38055,10
12.9234104156,80.1547012329,38055,38065,10
12.9234895706,80.1549606323,38065,38075,10
12.923500061,80.1550598145,38075,38085,10
12.9236001968,80.1555633545,38085,38095,10
12.9236803055,80.1564025879,38095,38105,10
12.9235801697,80.1573791504,38105,38116,11
12.9234895706,80.1584777832,38116,38126,10
12.9233798981,80.1596221924,38126,38136,10
12.9232301712,80.1605300903,38136,38146,10
12.9229202271,80.1613922119,38146,38156,10
12.9225797653,80.162399292,38156,38166,10
12.9222402573,80.1635131836,38166,38176,10
12.9217996597,80.1648712158,38176,38186,10
12.9213399887,80.1662979126,38186,38202,16
12.9207897186,80.1680603027,38202,38214,12
12.9204397202,80.1691436768,38214,38225,11
12.9201202393,80.1702194214,38225,38235,10
12.919960022,80.1708526611,38235,38245,10
12.9198799133,80.1710205078,38245,38254,9
12.9197397232,80.1715698242,38254,38265,11
12.9194898605,80.1725311279,38265,38275,10
12.9191799164,80.1736297607,38275,38285,10
12.9188995361,80.1747436523,38285,38295,10
12.9186697006,80.1758117676,38295,38305,10
12.9183597565,80.1771697998,38305,38315,10
12.9184303284,80.1782226563,38315,38325,10
12.9190101624,80.1790390015,38325,38336,11
12.9194402695,80.1800537109,38336,38346,10
12.9196395874,80.1810302734,38346,38356,10
12.9198598862,80.1819381714,38356,38366,10
12.9200801849,80.1828765869,38366,38376,10
12.920249939,80.1835098267,38376,38386,10
12.9202699661,80.1835784912,38386,38396,10
12.9203195572,80.1837615967,38396,38406,10
12.9203596115,80.183883667,38406,38426,20
12.9203596115,80.183883667,38426,38437,11
12.9209098816,80.183807373,38437,38447,10
12.921620369,80.1835403442,38447,38457,10
12.9224596024,80.1832199097,38457,38467,10
12.9234895706,80.1830062866,38467,38477,10
12.924489975,80.182800293,38477,38487,10
12.9254302979,80.1826400757,38487,38497,10
12.9260702133,80.1825408936,38497,38507,10
12.9268503189,80.1823806763,38507,38517,10
12.927740097,80.1821899414,38517,38527,10
12.9285202026,80.1819992065,38527,38537,10
12.9292402267,80.1818313599,38537,38548,11
12.9298200607,80.181678772,38548,38558,10
12.9305095673,80.1814880371,38558,38568,10
12.9314804077,80.1815338135,38568,38588,20
12.9314804077,80.1815338135,38588,38598,10
12.9316396713,80.1815795898,38598,38608,10
12.932220459,80.1816711426,38608,38618,10
12.9330396652,80.1818466187,38618,38628,10
12.9338598251,80.1820373535,38628,38638,10
12.9347295761,80.1822433472,38638,38648,10
12.9349603653,80.1822891235,38648,38659,11
12.9353704453,80.1823577881,38659,38669,10
12.9356498718,80.1823806763,38669,38679,10
12.9363698959,80.1822814941,38679,38689,10
12.9372701645,80.1822433472,38689,38699,10
12.9382896423,80.182258606,38699,38709,10
12.9387998581,80.1823272705,38709,38725,16
12.9388198853,80.1823425293,38725,38737,12
12.9389896393,80.1823806763,38737,38747,10
12.9390897751,80.1823806763,38747,38757,10
12.9392204285,80.1824111938,38757,38768,11
12.9393501282,80.1824035645,38768,38778,10
12.9396696091,80.1825408936,38778,38787,9
12.9399299622,80.1826019287,38787,38798,11
12.9404296875,80.1827011108,38798,38807,9
12.9409103394,80.1827163696,38807,38818,11
12.9422798157,80.1828613281,38818,38828,10
12.9435100555,80.1829376221,38828,38838,10
12.9443798065,80.1829833984,38838,38848,10
12.9446001053,80.1829833984,38848,38858,10
12.9448900223,80.1830062866,38858,38869,11
12.9456701279,80.1831512451,38869,38879,10
12.9464902878,80.1837768555,38879,38889,10
12.9474000931,80.1845016479,38889,38899,10
12.9480695724,80.1848831177,38899,38939,40
12.9480695724,80.1848831177,38939,38949,10
12.9481801987,80.1848831177,38949,38959,10
12.9486703873,80.1850509644,38959,39010,51
12.9486703873,80.1850509644,39010,39020,10
12.9488897324,80.1851501465,39020,39030,10
12.9493703842,80.1853485107,39030,39040,10
12.9500904083,80.1855697632,39040,39050,10
12.9509000778,80.185836792,39050,39060,10
12.9517602921,80.1861190796,39060,39070,10
12.9525604248,80.186378479,39070,39081,11
12.9534101486,80.1865310669,39081,39091,10
12.9538803101,80.1866226196,39091,39101,10
12.9544696808,80.1866989136,39101,39111,10
12.9550800323,80.1867675781,39111,39121,10
12.9554796219,80.1868362427,39121,39131,10
12.9559402466,80.1868972778,39131,39141,10
12.9561595917,80.186920166,39141,39151,10
12.9562797546,80.1869506836,39151,39161,10
12.9568195343,80.18699646,39161,39171,10
12.9575004578,80.1870193481,39171,39181,10
12.9579200745,80.1870193481,39181,39192,11
12.9585504532,80.1870193481,39192,39202,10
12.9590902328,80.1870498657,39202,39212,10
12.9596996307,80.1870803833,39212,39222,10
12.9601802826,80.1871032715,39222,39232,10
12.9605798721,80.187171936,39232,39242,10
12.9610099792,80.18724823,39242,39252,10
12.9615097046,80.1873168945,39252,39262,10
12.9616098404,80.1873397827,39262,39272,10
12.9621400833,80.1874465942,39272,39282,10
12.9628601074,80.1875915527,39282,39292,10
12.9636898041,80.1877822876,39292,39303,11
12.9645900726,80.1880722046,39303,39313,10
12.9650402069,80.1881866455,39313,39322,9
12.9654302597,80.1883163452,39322,39333,11
12.9655799866,80.1883773804,39333,39343,10
12.9661102295,80.1886062622,39343,39353,10
12.9667301178,80.1888427734,39353,39363,10
12.9674196243,80.1891403198,39363,39373,10
12.9680995941,80.1894226074,39373,39383,10
12.9683103561,80.1895217896,39383,39393,10
12.9684000015,80.1895828247,39393,39404,11
12.968870163,80.1897964478,39404,39414,10
12.9691801071,80.1899490356,39414,39424,10
12.9695901871,80.1901321411,39424,39434,10
12.9699897766,80.1903305054,39434,39444,10
12.9703302383,80.1904525757,39444,39454,10
12.9707403183,80.1906280518,39454,39474,20
12.9707403183,80.1906280518,39474,39484,10
12.9710998535,80.190788269,39484,39494,10
12.9713897705,80.1909179688,39494,39504,10
12.9717102051,80.191078186,39504,39515,11
12.9720602036,80.1912307739,39515,39535,20
12.9720602036,80.1912307739,39535,39545,10
12.9722795486,80.1913299561,39545,39555,10
12.9724798203,80.1914215088,39555,39565,10
12.9725999832,80.1914901733,39565,39575,10
12.9726400375,80.1915130615,39575,39585,10
12.9727401733,80.1915512085,39585,39595,10
12.9729995728,80.1916503906,39595,39605,10
12.9732999802,80.1917419434,39605,39616,11
12.9739303589,80.1919937134,39616,39626,10
12.9745998383,80.1922302246,39626,39636,10
12.9751796722,80.1924819946,39636,39646,10
12.9757699966,80.1928024292,39646,39656,10
12.9761800766,80.1930999756,39656,39666,10
12.9764795303,80.193321228,39666,39676,10
12.9769496918,80.193572998,39676,39686,10
12.9774799347,80.1937637329,39686,39696,10
12.9780302048,80.1938400269,39696,39706,10
12.9781398773,80.1938705444,39706,39716,10
12.9783601761,80.1939163208,39716,39727,11
12.9788103104,80.1940765381,39727,39737,10
12.9792804718,80.1943206787,39737,39747,10
12.9797201157,80.1946182251,39747,39757,10
12.9801597595,80.1948776245,39757,39767,10
12.9810400009,80.1953277588,39767,39787,20
12.9810400009,80.1953277588,39787,39797,10
12.9812002182,80.1954498291,39797,39807,10
12.9815502167,80.195640564,39807,39817,10
12.9820699692,80.195892334,39817,39828,11
12.9826602936,80.1961898804,39828,39838,10
12.9829502106,80.1962966919,39838,39848,10
12.9832897186,80.1961517334,39848,39858,10
12.9839200974,80.1959915161,39858,39868,10
12.9848203659,80.1959533691,39868,39878,10
12.9858703613,80.195892334,39878,39888,10
12.9868898392,80.195602417,39888,39898,10
12.9878396988,80.1953811646,39898,39908,10
12.9888696671,80.1953811646,39908,39918,10
12.989979744,80.1954269409,39918,39928,10
12.9908704758,80.1949996948,39928,39939,11
12.9911403656,80.1945571899,39939,39949,10
12.9912004471,80.194480896,39949,39959,10
12.9913797379,80.1941986084,39959,39969,10
12.991809845,80.1935195923,39969,39979,10
12.9929895401,80.1933517456,39979,39989,10
12.9940500259,80.1933288574,39989,39999,10
12.9949398041,80.193321228,39999,40009,10
12.9954996109,80.1932907104,40009,40019,10
12.996219635,80.1932830811,40019,40029,10
12.9966602325,80.1932678223,40029,40039,10
12.9967498779,80.1929397583,40039,40050,11
12.9965400696,80.1922225952,40050,40191,141
12.9965400696,80.1922225952,40191,40201,10
12.9965000153,80.1921234131,40201,40211,10
12.9964799881,80.1920623779,40211,40221,10
12.9964199066,80.1918182373,40221,40251,30
12.9964199066,80.1918182373,40251,40262,11
12.996339798,80.1915588379,40262,40272,10
12.9962902069,80.1913528442,40272,40332,60
12.9962902069,80.1913528442,40332,40342,10
12.9962301254,80.1911315918,40342,40453,111
12.9962301254,80.1911315918,40453,40463,10
12.9961900711,80.1908874512,40463,40474,11
12.9960899353,80.190536499,40474,40484,10
12.9960203171,80.1903076172,40484,40494,10
12.9959802628,80.1901779175,40494,40504,10
12.9959001541,80.1899337769,40504,40685,181
12.9959001541,80.1899337769,40685,40696,11
12.9958400726,80.1896133423,40696,40706,10
12.9960603714,80.1892776489,40706,40716,10
12.9963502884,80.1895523071,40716,40726,10
12.9967098236,80.1900100708,40726,40736,10
12.996919632,80.1902618408,40736,40746,10
12.9971199036,80.1905212402,40746,40756,10
12.9972400665,80.1906661987,40756,40766,10
12.9973897934,80.1908416748,40766,40776,10
12.9976196289,80.1910934448,40776,40786,10
12.9978199005,80.1913604736,40786,40796,10
12.9980697632,80.1916503906,40796,40807,11
12.998339653,80.1919403076,40807,40817,10
12.9986095428,80.1922607422,40817,40827,10
12.9988603592,80.1925888062,40827,40837,10
12.9991598129,80.1929931641,40837,40847,10
12.9995603561,80.1935806274,40847,40857,10
13.0000801086,80.1942367554,40857,40867,10
13.0005302429,80.1947784424,40867,40877,10
13.0010595322,80.1954574585,40877,40887,10
13.0014095306,80.1958618164,40887,40897,10
13.0018396378,80.1964569092,40897,40907,10
13.0020599365,80.1973876953,40907,40918,11
13.0018596649,80.1986465454,40918,40928,10
13.0018796921,80.1998214722,40928,40938,10
13.0024900436,80.2004776001,40938,40954,16
13.0036401749,80.2007369995,40954,40976,22
13.0036401749,80.2007369995,40976,40986,10
13.0040798187,80.2009811401,40986,40996,10
13.0048303604,80.2012176514,40996,41006,10
13.0056600571,80.2018890381,41006,41016,10
13.0062503815,80.2029037476,41016,41027,11
13.0071001053,80.2035522461,41027,41037,10
13.0079202652,80.2037200928,41037,41046,9
13.0084400177,80.203338623,41046,41057,11
13.0077800751,80.2028427124,41057,41067,10
13.0075597763,80.2039031982,41067,41077,10
13.0075798035,80.2051391602,41077,41087,10
13.0077199936,80.2063293457,41087,41097,10
13.0078601837,80.2073287964,41097,41107,10
13.0079298019,80.2082138062,41107,41117,10
13.0081396103,80.2091598511,41117,41128,11
13.0084400177,80.2100830078,41128,41138,10
13.0092601776,80.2108078003,41138,41158,20
13.0092601776,80.2108078003,41158,41168,10
13.0093297958,80.2110290527,41168,41184,16
13.0092000961,80.2112426758,41184,41196,12
13.0090198517,80.2115402222,41196,41206,10
13.009180069,80.2120819092,41206,41216,10
13.0094499588,80.212852478,41216,41226,10
13.0097198486,80.2136001587,41226,41237,11
13.0100603104,80.2144393921,41237,41247,10
13.0101804733,80.2151565552,41247,41257,10
13.0103597641,80.2159805298,41257,41267,10
13.0107097626,80.2167434692,41267,41277,10
13.0110797882,80.2175521851,41277,41287,10
13.0114297867,80.2185668945,41287,41297,10
13.0118103027,80.2196502686,41297,41307,10
13.0122804642,80.2208786011,41307,41316,9
13.0126104355,80.2215499878,41316,41327,11
13.0131797791,80.2221832275,41327,41336,9
13.0136003494,80.2227935791,41336,41348,12
13.0140399933,80.2233581543,41348,41358,10
13.0142297745,80.2235565186,41358,41368,10
13.0146398544,80.2239532471,41368,41378,10
13.0155200958,80.224899292,41378,41398,20
13.0155200958,80.224899292,41398,41408,10
13.0157003403,80.2251815796,41408,41418,10
13.0162601471,80.2253494263,41418,41428,10
13.0170602798,80.225112915,41428,41438,10
13.017999649,80.2247390747,41438,41449,11
13.0197000504,80.2244567871,41449,41469,20
13.0197000504,80.2244567871,41469,41479,10
13.0198602676,80.2246017456,41479,41489,10
13.0203199387,80.2249298096,41489,41499,10
13.0208797455,80.225402832,41499,41509,10
13.0214300156,80.2258605957,41509,41519,10
13.0219602585,80.2261962891,41519,41529,10
13.0219898224,80.2262115479,41529,41539,10
13.0222702026,80.2264099121,41539,41549,10
13.0228395462,80.2268600464,41549,41560,11
13.0234804153,80.2274932861,41560,41570,10
13.0239400864,80.2279281616,41570,41580,10
13.024479866,80.2285614014,41580,41590,10
13.0248403549,80.2291030884,41590,41600,10
13.0251998901,80.2295684814,41600,41610,10
13.0255002975,80.2299499512,41610,41671,61
13.0255002975,80.2299499512,41671,41681,10
13.0257196426,80.2303085327,41681,41691,10
13.0257997513,80.2304763794,41691,41701,10
13.0259103775,80.2306976318,41701,41711,10
13.0259799957,80.2310028076,41711,41721,10
13.0261001587,80.2313079834,41721,41731,10
13.0264797211,80.2312164307,41731,41741,10
13.0271196365,80.2310409546,41741,41751,10
13.0278396606,80.2309188843,41751,41761,10
13.0285301208,80.230758667,41761,41782,21
13.0287303925,80.2308120728,41782,41822,40
13.0287303925,80.2308120728,41822,41832,10
13.0290002823,80.2308807373,41832,41842,10
13.0294399261,80.2308273315,41842,41852,10
13.0298204422,80.2307815552,41852,41862,10
13.0299100876,80.2307662964,41862,41872,10
13.0303001404,80.2306976318,41872,41883,11
13.030670166,80.2306594849,41883,41893,10
13.0311899185,80.2306289673,41893,41903,10
13.0318002701,80.2305603027,41903,41913,10
13.0324497223,80.2304992676,41913,41923,10
13.0329504013,80.2304763794,41923,41933,10
13.0333003998,80.23046875,41933,41953,20
13.0333003998,80.23046875,41953,41963,10
13.033780098,80.2304534912,41963,42014,51
13.033780098,80.2304534912,42014,42024,10
13.0342302322,80.23046875,42024,42034,10
13.0344104767,80.2304382324,42034,42044,10
13.0347499847,80.2303237915,42044,42054,10
13.0349597931,80.2301635742,42054,42064,10
13.0350704193,80.2299880981,42064,42074,10
13.0349597931,80.2298583984,42074,42084,10
13.034239769,80.2298202515,42084,42125,41
13.034239769,80.2298202515,42125,42135,10
13.0341100693,80.2302017212,42135,42650,515
13.0342597961,80.2304000854,42650,42710,60
13.0342597961,80.2304000854,42710,42720,10
13.0339603424,80.230430603,42720,42730,10
13.0337495804,80.2304229736,42730,42741,11
13.0333204269,80.23046875,42741,42751,10
13.0326900482,80.230506897,42751,42761,10
13.0321102142,80.2305679321,42761,42771,10
13.0314998627,80.2306213379,42771,42781,10
13.031129837,80.2306671143,42781,42791,10
13.0309495926,80.2307128906,42791,42801,10
13.0305595398,80.2307434082,42801,42811,10
13.0302000046,80.230758667,42811,42821,10
13.0297803879,80.2308425903,42821,42847,26
13.0297803879,80.2308425903,42847,42860,13
13.029419899,80.2308731079,42860,42870,10
13.0290298462,80.2308731079,42870,42880,10
13.0285100937,80.2308731079,42880,42890,10
13.0278997421,80.2309188843,42890,42900,10
13.0276699066,80.2313232422,42900,42910,10
13.0277004242,80.2318191528,42910,42920,10
13.0277700424,80.2323608398,42920,42930,10
13.0275602341,80.2327194214,42930,42971,41
13.0275602341,80.2327194214,42971,42981,10
13.0271100998,80.2328414917,42981,42991,10
13.0269203186,80.2328491211,42991,43001,10
13.0264797211,80.2328033447,43001,43011,10
13.0262098312,80.232170105,43011,43021,10
13.0260095596,80.2314300537,43021,43031,10
13.0257396698,80.2305831909,43031,43041,10
13.0252103806,80.2297515869,43041,43051,10
13.024600029,80.2290115356,43051,43061,10
13.0241003036,80.2283630371,43061,43072,11
13.0234098434,80.2276229858,43072,43082,10
13.0230197906,80.2274398804,43082,43092,10
13.0230102539,80.2274398804,43092,43102,10
13.0228099823,80.2273025513,43102,43118,16
13.0227203369,80.2272186279,43118,43130,12
13.0225000381,80.2268218994,43130,43140,10
13.0220499039,80.2264099121,43140,43150,10
13.0214004517,80.2258911133,43150,43160,10
13.0206604004,80.2253799438,43160,43170,10
13.0202598572,80.2251205444,43170,43181,11
13.0198202133,80.2248001099,43181,43191,10
13.019080162,80.2245178223,43191,43201,10
13.0181798935,80.2247619629,43201,43211,10
13.0173997879,80.2250823975,43211,43221,10
13.0166501999,80.2253799438,43221,43231,10
13.0163497925,80.2255020142,43231,43241,10
13.0159597397,80.2256393433,43241,43251,10
13.0153598785,80.2258605957,43251,43261,10
13.014670372,80.2261199951,43261,43271,10
13.0142698288,80.2262802124,43271,43282,11
13.0139102936,80.2264175415,43282,43292,10
13.0132598877,80.2266235352,43292,43302,10
13.0124101639,80.2269363403,43302,43312,10
13.0113897324,80.2273330688,43312,43322,10
13.0103902817,80.2277069092,43322,43332,10
13.0095796585,80.2278137207,43332,43342,10
13.0096902847,80.2272033691,43342,43352,10
13.0100402832,80.2263870239,43352,43362,10
13.0103902817,80.2255401611,43362,43372,10
13.0106897354,80.2247009277,43372,43383,11
13.0110998154,80.2237319946,43383,43393,10
13.0114803314,80.2228088379,43393,43403,10
13.0118598938,80.2218780518,43403,43413,10
13.0121603012,80.2214202881,43413,43423,10
13.0121297836,80.220916748,43423,43433,10
13.0118598938,80.2201538086,43433,43443,10
13.0116100311,80.2194595337,43443,43453,10
13.0113697052,80.2187576294,43453,43463,10
13.0110797882,80.2180786133,43463,43473,10
13.0108098984,80.2173233032,43473,43482,9
13.0105304718,80.2166519165,43482,43494,12
13.0100803375,80.2157897949,43494,43504,10
13.0096597672,80.2149887085,43504,43514,10
13.0092601776,80.2144393921,43514,43524,10
13.0087404251,80.2137680054,43524,43534,10
13.0084400177,80.2134780884,43534,43544,10
13.0083599091,80.2134399414,43544,43554,10
13.0082397461,80.2133789063,43554,43564,10
13.0080795288,80.2133026123,43564,43574,10
13.0080003738,80.2132568359,43574,43584,10
13.0079498291,80.2132415771,43584,43594,10
13.0077695847,80.2130889893,43594,43605,11
13.0073099136,80.2128601074,43605,43615,10
13.0066604614,80.2127609253,43615,43625,10
13.0060796738,80.2129592896,43625,43635,10
13.005399704,80.2127227783,43635,43645,10
13.00481987,80.2123413086,43645,43655,10
13.0039796829,80.2120666504,43655,43665,10
13.0037498474,80.2114181519,43665,43675,10
13.0036401749,80.2105484009,43675,43685,10
13.0035495758,80.2098007202,43685,43695,10
13.0036401749,80.2090835571,43695,43705,10
13.0040903091,80.2086486816,43705,43716,11
13.0048103333,80.2089996338,43716,43726,10
13.0054702759,80.2092971802,43726,43736,10
13.0060100555,80.2095031738,43736,43746,10
13.0064296722,80.2096176147,43746,43756,10
13.0068397522,80.2097320557,43756,43766,10
13.0070495605,80.2098007202,43766,43776,10
13.0075101852,80.2098770142,43776,43786,10
13.0079898834,80.2099685669,43786,43796,10
13.0081195831,80.2095565796,43796,43806,10
13.0079402924,80.2088775635,43806,43817,11
13.0077896118,80.2079162598,43817,43826,9
13.0076704025,80.2070922852,43826,43837,11
13.0075302124,80.2060317993,43837,43847,10
13.0072402954,80.2051467896,43847,43857,10
13.0068798065,80.2043609619,43857,43866,9
13.0064201355,80.2036209106,43866,43877,11
13.0058698654,80.202796936,43877,43887,10
13.0056295395,80.202331543,43887,43897,10
13.0052404404,80.2017974854,43897,43907,10
13.004529953,80.2013397217,43907,43917,10
13.0042896271,80.2012405396,43917,43928,11
13.0041503906,80.2011871338,43928,43938,10
13.0036697388,80.2009811401,43938,43948,10
13.0029401779,80.2007827759,43948,43958,10
13.002120018,80.2003707886,43958,43968,10
13.0017795563,80.1997680664,43968,43978,10
13.0017499924,80.1990585327,43978,43988,10
13.0018596649,80.1983337402,43988,43998,10
13.0019302368,80.197517395,43998,44008,10
13.0017995834,80.1967391968,44008,44018,10
13.0015096664,80.1962966919,44018,44028,10
13.0011501312,80.1958618164,44028,44039,11
13.0007696152,80.1953125,44039,44049,10
13.0002698898,80.1946716309,44049,44059,10
12.9996700287,80.1939468384,44059,44069,10
12.9992198944,80.1933288574,44069,44079,10
12.9987897873,80.192817688,44079,44089,10
12.9984102249,80.1923522949,44089,44099,10
12.9979801178,80.1924972534,44099,44109,10
12.9973697662,80.1929931641,44109,44119,10
12.9969501495,80.193321228,44119,44129,10
12.9965896606,80.1933898926,44129,44146,17
12.9952802658,80.1934127808,44146,44158,12
12.9941596985,80.1934432983,44158,44168,10
12.9929599762,80.1934814453,44168,44177,9
12.9919500351,80.1935119629,44177,44188,11
12.9914503098,80.1941070557,44188,44196,8
12.9912004471,80.1944885254,44196,44207,11
12.9911298752,80.1946868896,44207,44218,11
12.9910802841,80.1947937012,44218,44229,11
12.9909296036,80.1950378418,44229,44239,10
12.9905195236,80.1953964233,44239,44250,11
12.989689827,80.1955718994,44250,44260,10
12.9888095856,80.1955108643,44260,44270,10
12.9879102707,80.1954803467,44270,44280,10
12.9868898392,80.1958007813,44280,44290,10
12.9858398438,80.1961212158,44290,44300,10
12.9846601486,80.1961517334,44300,44310,10
12.9836502075,80.1962585449,44310,44320,10
12.9832601547,80.1964035034,44320,44330,10
12.9829101563,80.1965026855,44330,44340,10
12.9824104309,80.1969223022,44340,44350,10
12.9822101593,80.1971282959,44350,44361,11
12.9820804596,80.1969985962,44361,44371,10
12.9820899963,80.1969909668,44371,44381,10
12.9821996689,80.1968994141,44381,44391,10
12.9825897217,80.1965789795,44391,44401,10
12.982749939,80.1963272095,44401,44411,10
12.9822998047,80.1960678101,44411,44421,10
12.9817495346,80.1958312988,44421,44431,10
12.9816198349,80.1957626343,44431,44441,10
12.9815502167,80.1957321167,44441,44451,10
12.9812097549,80.1955566406,44451,44461,10
12.9806404114,80.1952896118,44461,44472,11
12.9798498154,80.1948623657,44472,44482,10
12.9793300629,80.194480896,44482,44492,10
12.9788198471,80.194190979,44492,44502,10
12.9786500931,80.1940765381,44502,44512,10
12.9776697159,80.193862915,44512,44532,20
12.9776697159,80.193862915,44532,44542,10
12.9774999619,80.1938400269,44542,44552,10
12.9771003723,80.1937179565,44552,44562,10
12.9766397476,80.1934661865,44562,44573,11
12.9763002396,80.1932525635,44573,44583,10
12.9760704041,80.1930999756,44583,44593,10
12.975520134,80.1926803589,44593,44603,10
12.9747600555,80.1923675537,44603,44613,10
12.9742803574,80.1921691895,44613,44623,10
12.9739999771,80.1920623779,44623,44633,10
12.9736299515,80.1919174194,44633,44643,10
12.9730195999,80.1917266846,44643,44653,10
12.9726295471,80.1915817261,44653,44663,10
12.9722995758,80.1914215088,44663,44673,10
12.9721298218,80.1913528442,44673,44684,11
12.9716396332,80.1911315918,44684,44694,10
12.9711303711,80.1909103394,44694,44704,10
12.970580101,80.1906814575,44704,44714,10
12.9699497223,80.1903991699,44714,44724,10
12.9693899155,80.1900863647,44724,44734,10
12.9690198898,80.1899719238,44734,44744,10
12.9686002731,80.1897964478,44744,44754,10
12.9680204391,80.1894989014,44754,44774,20
12.9680204391,80.1894989014,44774,44784,10
12.967880249,80.1894683838,44784,44795,11
12.96737957,80.1892318726,44795,44805,10
12.9667596817,80.1889572144,44805,44815,10
12.9663095474,80.1887969971,44815,44825,10
12.9661502838,80.1887283325,44825,44835,10
12.966050148,80.188659668,44835,44845,10
12.965669632,80.1885070801,44845,44855,10
12.9652099609,80.1883392334,44855,44865,10
12.9649600983,80.1882171631,44865,44875,10
12.9647598267,80.1881637573,44875,44885,10
12.9642601013,80.1880111694,44885,44895,10
12.9636898041,80.1878433228,44895,44906,11
12.9630002975,80.1876525879,44906,44916,10
12.9622898102,80.1875,44916,44926,10
12.9614696503,80.1873779297,44926,44936,10
12.960849762,80.1872634888,44936,44946,10
12.9607200623,80.1872406006,44946,44956,10
12.9606103897,80.187210083,44956,44966,10
12.9601602554,80.1871566772,44966,44976,10
12.9596004486,80.1870880127,44976,44986,10
12.9590597153,80.1870422363,44986,44996,10
12.9584598541,80.1870269775,44996,45007,11
12.9576997757,80.1870574951,45007,45017,10
12.9569997787,80.1870193481,45017,45027,10
12.9557800293,80.1869125366,45027,45047,20
12.9557800293,80.1869125366,45047,45057,10
12.9554901123,80.1868591309,45057,45073,16
12.9545297623,80.1867218018,45073,45085,12
12.9535303116,80.1865692139,45085,45095,10
12.9526100159,80.186416626,45095,45105,10
12.9515895844,80.1861419678,45105,45115,10
12.9505195618,80.185798645,45115,45126,11
12.9492902756,80.1854400635,45126,45206,80
12.9492902756,80.1854400635,45206,45216,10
12.9489097595,80.1852798462,45216,45227,11
12.948220253,80.1850509644,45227,45237,10
12.9475498199,80.1846923828,45237,45247,10
12.9468603134,80.184173584,45247,45257,10
12.9460201263,80.1835021973,45257,45267,10
12.9450597763,80.1830673218,45267,45277,10
12.9443702698,80.183052063,45277,45287,10
12.9436903,80.1829986572,45287,45297,10
12.9430904388,80.1829681396,45297,45307,10
12.9423704147,80.1829223633,45307,45317,10
12.9416399002,80.1828308105,45317,45327,10
12.9408798218,80.1827774048,45327,45338,11
12.940199852,80.182762146,45338,45348,10
12.9395198822,80.1826019287,45348,45368,20
12.9395198822,80.1826019287,45368,45378,10
12.9394397736,80.182510376,45378,45388,10
12.9391002655,80.1824493408,45388,45398,10
12.9388799667,80.1824111938,45398,45408,10
12.9383296967,80.1823196411,45408,45418,10
12.9375200272,80.182258606,45418,45428,10
12.9367399216,80.1822662354,45428,45439,11
12.935790062,80.1823806763,45439,45449,10
12.9349498749,80.1823501587,45449,45459,10
12.934009552,80.1821289063,45459,45469,10
12.9330101013,80.1818771362,45469,45479,10
12.9320297241,80.1816864014,45479,45489,10
12.9308004379,80.1815719604,45489,45509,20
12.9308004379,80.1815719604,45509,45519,10
12.9305801392,80.1815719604,45519,45529,10
12.9299201965,80.1816864014,45529,45539,10
12.9291296005,80.181892395,45539,45550,11
12.9281196594,80.1821212769,45550,45560,10
12.9270896912,80.1823577881,45560,45570,10
12.9260797501,80.1825637817,45570,45580,10
12.9251203537,80.1827087402,45580,45590,10
12.9242200851,80.1828613281,45590,45600,10
12.9237003326,80.1829605103,45600,45610,10
12.9231595993,80.1830825806,45610,45620,10
12.9224004745,80.1832504272,45620,45630,10
12.9215297699,80.1835784912,45630,45640,10
12.920419693,80.1840515137,45640,45711,71
12.920419693,80.1840515137,45711,45721,10
12.9202899933,80.1840896606,45721,45731,10
12.9201202393,80.1836776733,45731,45741,10
12.9199800491,80.1829528809,45741,45751,10
12.9198799133,80.1825027466,45751,45772,21
12.9198799133,80.1825027466,45772,45782,10
12.9197902679,80.1823806763,45782,45792,10
12.919549942,80.1822128296,45792,45973,181
12.919549942,80.1822128296,45973,45984,11
12.9195404053,80.1821365356,45984,45994,10
12.9197301865,80.181968689,45994,46014,20
12.9197301865,80.181968689,46014,46024,10
12.9198999405,80.1820602417,46024,46034,10
12.919960022,80.1824798584,46034,46044,10
12.9201097488,80.1830825806,46044,46054,10
12.9202604294,80.1836471558,46054,46064,10
12.9204301834,80.1839599609,46064,46074,10
12.9206695557,80.1838607788,46074,46084,10
12.9212703705,80.1836624146,46084,46095,11
12.9219799042,80.1833724976,46095,46105,10
12.922750473,80.1831130981,46105,46115,10
12.9234695435,80.1829910278,46115,46125,10
12.9241800308,80.1828308105,46125,46135,10
12.9249095917,80.1827011108,46135,46145,10
12.9257297516,80.1825790405,46145,46155,10
12.9264602661,80.1824188232,46155,46165,10
12.9272003174,80.1822662354,46165,46175,10
12.9279203415,80.1821212769,46175,46185,10
12.9287099838,80.1819381714,46185,46195,10
12.9294996262,80.1817321777,46195,46206,11
12.9304199219,80.1815032959,46206,46216,10
12.9312200546,80.1814880371,46216,46226,10
12.9316396713,80.1815795898,46226,46236,10
12.9323196411,80.181678772,46236,46246,10
12.9330997467,80.1818618774,46246,46256,10
12.9338302612,80.1820526123,46256,46266,10
12.9345397949,80.1822128296,46266,46276,10
12.9350204468,80.1823272705,46276,46286,10
12.9354295731,80.1824035645,46286,46296,10
12.9359998703,80.1823196411,46296,46307,11
12.9367904663,80.1822280884,46307,46317,10
12.937620163,80.182220459,46317,46327,10
12.9383497238,80.1822814941,46327,46337,10
12.9386901855,80.1823272705,46337,46347,10
12.9387998581,80.1823806763,46347,46357,10
12.9388399124,80.1823883057,46357,46367,10
12.9390897751,80.1824188232,46367,46377,10
12.9393701553,80.1825027466,46377,46387,10
12.9397096634,80.1825866699,46387,46397,10
12.9403095245,80.1826934814,46397,46407,10
12.9410400391,80.1827087402,46407,46418,11
12.9419403076,80.1827926636,46418,46428,10
12.9428195953,80.1828765869,46428,46438,10
12.9436798096,80.1828994751,46438,46448,10
12.9443597794,80.1829299927,46448,46458,10
12.9444999695,80.1829528809,46458,46468,10
12.9449300766,80.1829681396,46468,46478,10
12.9455604553,80.18309021,46478,46488,10
12.9461603165,80.1835327148,46488,46498,10
12.9467496872,80.1839981079,46498,46514,16
12.9477901459,80.1847763062,46514,46527,13
12.948340416,80.1849975586,46527,46537,10
12.948679924,80.1850967407,46537,46547,10
12.9492101669,80.1852722168,46547,46557,10
12.9496803284,80.1854171753,46557,46567,10
12.9499902725,80.1855163574,46567,46577,10
12.9505996704,80.1857376099,46577,46587,10
12.951210022,80.1859512329,46587,46596,9
12.9518203735,80.1861572266,46596,46606,10
12.9525604248,80.1863632202,46606,46617,11
12.953499794,80.1865081787,46617,46626,9
12.9542398453,80.1866226196,46626,46638,12
12.9550600052,80.1867523193,46638,46648,10
12.9553604126,80.1867904663,46648,46658,10
12.955450058,80.1868209839,46658,46668,10
12.9556903839,80.1868667603,46668,46678,10
12.9558801651,80.186882019,46678,46688,10
12.9559202194,80.186882019,46688,46698,10
12.956029892,80.1869125366,46698,46708,10
12.9561300278,80.186920166,46708,46718,10
12.9563703537,80.1869506836,46718,46728,10
12.9567098618,80.1869812012,46728,46739,11
12.9571399689,80.1870117188,46739,46749,10
12.9572896957,80.1870117188,46749,46759,10
12.9577102661,80.1870193481,46759,46768,9
12.9582595825,80.1870193481,46768,46779,11
12.9588899612,80.1870498657,46779,46789,10
12.9595098495,80.1870803833,46789,46799,10
12.9600696564,80.1871109009,46799,46808,9
12.9605197906,80.1871566772,46808,46819,11
12.9609098434,80.1872406006,46819,46829,10
12.9610795975,80.1872634888,46829,46839,10
12.9615001678,80.1873168945,46839,46850,11
12.9620895386,80.1874237061,46850,46860,10
12.9625797272,80.1875305176,46860,46870,10
12.9631204605,80.1876296997,46870,46880,10
12.9636297226,80.1877365112,46880,46890,10
12.9641399384,80.1878967285,46890,46900,10
12.964630127,80.188079834,46900,46910,10
12.9651098251,80.1882171631,46910,46920,10
12.9655103683,80.188369751,46920,46930,10
12.9658899307,80.1885223389,46930,46940,10
12.9661998749,80.1886520386,46940,46950,10
12.9666595459,80.1888427734,46950,46961,11
12.9672203064,80.1890869141,46961,46971,10
12.9678602219,80.1893615723,46971,46981,10
12.9682397842,80.1895217896,46981,46991,10
12.9686203003,80.1896896362,46991,47001,10
12.9689302444,80.1898269653,47001,47011,10
12.9692802429,80.190032959,47011,47021,10
12.9697999954,80.190246582,47021,47031,10
12.9702701569,80.1904830933,47031,47041,10
12.9707803726,80.1906661987,47041,47050,9
12.9711103439,80.1908187866,47050,47062,12
12.9717798233,80.191116333,47062,47082,20
12.9717798233,80.191116333,47082,47092,10
12.9722003937,80.1912994385,47092,47102,10
12.9724397659,80.19140625,47102,47112,10
12.9725399017,80.1914520264,47112,47122,10
12.9727201462,80.1915206909,47122,47132,10
12.9730901718,80.1916427612,47132,47142,10
12.97356987,80.1918106079,47142,47152,10
12.9740600586,80.1919937134,47152,47162,10
12.9743404388,80.1921081543,47162,47173,11
12.9749202728,80.1923217773,47173,47183,10
12.9754695892,80.1925582886,47183,47193,10
12.9759902954,80.1929626465,47193,47203,10
12.9764204025,80.1933135986,47203,47213,10
12.9769201279,80.1936035156,47213,47223,10
12.9774198532,80.1937484741,47223,47233,10
12.9779901505,80.1938476563,47233,47243,10
12.9785299301,80.1939697266,47243,47253,10
12.9789600372,80.1941604614,47253,47263,10
12.9794998169,80.1945037842,47263,47273,10
12.9800395966,80.1948623657,47273,47284,11
12.9806699753,80.1952133179,47284,47294,10
12.9808101654,80.1952896118,47294,47304,10
12.9811401367,80.1954498291,47304,47314,10
12.9813699722,80.1955490112,47314,47324,10
12.9815797806,80.1956634521,47324,47334,10
12.9819402695,80.1958694458,47334,47344,10
12.9824304581,80.1960983276,47344,47354,10
12.9828195572,80.1962890625,47354,47364,10
12.983039856,80.1962432861,47364,47374,10
12.9834098816,80.1960525513,47374,47384,10
12.9839897156,80.195930481,47384,47395,11
12.9848499298,80.1959228516,47395,47405,10
12.9857501984,80.195892334,47405,47415,10
12.9866504669,80.1956634521,47415,47425,10
12.9874696732,80.1954193115,47425,47435,10
12.9883003235,80.1953811646,47435,47445,10
12.9890403748,80.1953964233,47445,47455,10
12.989780426,80.1954193115,47455,47465,10
12.9905700684,80.1952209473,47465,47475,10
12.9910802841,80.1946563721,47475,47485,10
12.991230011,80.1943817139,47485,47496,11
12.9915895462,80.1938171387,47496,47506,10
12.992099762,80.193359375,47506,47516,10
12.9927597046,80.1934204102,47516,47526,10
12.9935302734,80.1933898926,47526,47536,10
12.9942998886,80.1933517456,47536,47546,10
12.9949998856,80.193321228,47546,47556,10
12.9958200455,80.1932983398,47556,47566,10
12.9965801239,80.1932601929,47566,47576,10
12.9967403412,80.1929702759,47576,47586,10
12.9965496063,80.1922988892,47586,47596,10
12.9963598251,80.1915969849,47596,47607,11
12.996430397,80.1913909912,47607,47617,10
12.9966802597,80.1912078857,47617,47627,10
12.997179985,80.1912612915,47627,47637,10
12.9971103668,80.1918334961,47637,47748,111
12.9968900681,80.1917572021,47748,47899,151
12.9968900681,80.1917572021,47899,47909,10
12.9970302582,80.1918792725,47909,48434,525
12.9968996048,80.1918334961,48434,48545,111
12.9969902039,80.1919403076,48545,48717,172
12.9969902039,80.1919403076,48717,48727,10
12.9970197678,80.1917114258,48727,48737,10
12.9968996048,80.1914367676,48737,48747,10
12.9967699051,80.1911621094,48747,48757,10
12.9970703125,80.1911010742,48757,48767,10
12.9972801208,80.1915435791,48767,49474,707
12.997130394,80.1916809082,49474,49787,313
12.997209549,80.1917724609,49787,50009,222
12.9971103668,80.1917037964,50009,50048,39
12.9970998764,80.1916732788,50048,50483,435
12.9970998764,80.1916732788,50483,50493,10
12.9970598221,80.1917037964,50493,50503,10
12.9969396591,80.1914596558,50503,50513,10
12.9966697693,80.1913604736,50513,52108,1595
12.9966697693,80.1913604736,52108,52118,10
12.9963703156,80.1915969849,52118,52128,10
12.9964599609,80.1918563843,52128,52139,11
12.9965896606,80.1922912598,52139,52149,10
12.9966897964,80.1927490234,52149,52160,11
12.9968595505,80.1932067871,52160,52171,11
12.9968299866,80.1934204102,52171,52180,9
12.9964704514,80.1933822632,52180,52191,11
12.9957304001,80.1933822632,52191,52201,10
12.9949998856,80.1933898926,52201,52211,10
12.9943599701,80.1934127808,52211,52221,10
12.9935102463,80.1934204102,52221,52231,10
12.9927797318,80.193397522,52231,52241,10
12.9920797348,80.1934585571,52241,52252,11
12.9915800095,80.1939620972,52252,52262,10
12.991350174,80.1943206787,52262,52272,10
12.9912099838,80.1945571899,52272,52281,9
12.9909801483,80.1949234009,52281,52292,11
12.9905099869,80.1953582764,52292,52302,10
12.9897699356,80.1955337524,52302,52312,10
12.9890298843,80.1955108643,52312,52322,10
12.9882602692,80.1954879761,52322,52332,10
12.9874801636,80.1955718994,52332,52342,10
12.986700058,80.1958465576,52342,52353,11
12.9858198166,80.1961135864,52353,52363,10
12.9849901199,80.1961364746,52363,52373,10
12.9841499329,80.1961517334,52373,52383,10
12.9834604263,80.1962738037,52383,52393,10
12.9831695557,80.1963729858,52393,52403,10
12.98279953,80.1966094971,52403,52413,10
12.9822301865,80.1971511841,52413,52433,20
12.9820995331,80.1969833374,52433,52453,20
12.9820995331,80.1969833374,52453,52464,11
12.9822797775,80.1968612671,52464,52474,10
12.9826097488,80.1965866089,52474,52484,10
12.9827899933,80.1963882446,52484,52494,10
12.9824895859,80.196182251,52494,52504,10
12.9821100235,80.1959915161,52504,52514,10
12.9817199707,80.1958007813,52514,52524,10
12.9816398621,80.1957473755,52524,52534,10
12.9813098907,80.1955795288,52534,52544,10
12.9808597565,80.1953811646,52544,52554,10
12.9802703857,80.1950683594,52554,52564,10
12.9796495438,80.1946563721,52564,52575,11
12.9789495468,80.1942214966,52575,52585,10
12.9782304764,80.1939315796,52585,52595,10
12.9774599075,80.1937637329,52595,52615,20
12.9774599075,80.1937637329,52615,52625,10
12.9771499634,80.1936569214,52625,52635,10
12.9765996933,80.1933898926,52635,52645,10
12.9760704041,80.1930007935,52645,52655,10
12.9754695892,80.1925964355,52655,52665,10
12.9748296738,80.1923828125,52665,52675,10
12.9743499756,80.192199707,52675,52686,11
12.9736604691,80.1919403076,52686,52696,10
12.9732704163,80.1918029785,52696,52716,20
12.9732704163,80.1918029785,52716,52726,10
12.9730701447,80.1917190552,52726,52736,10
12.9728803635,80.19165802,52736,52746,10
12.9728298187,80.1916275024,52746,52756,10
12.9725799561,80.1915283203,52756,52766,10
12.9722499847,80.1913909912,52766,52776,10
12.9721097946,80.1913299561,52776,52787,11
12.971570015,80.1910934448,52787,52797,10
12.9710702896,80.1908493042,52797,52807,10
12.9705295563,80.1906967163,52807,52817,10
12.9701004028,80.1904678345,52817,52827,10
12.969499588,80.1901702881,52827,52837,10
12.9688501358,80.1898803711,52837,52847,10
12.9681301117,80.1895217896,52847,52867,20
12.9681301117,80.1895217896,52867,52877,10
12.9677801132,80.1893386841,52877,52887,10
12.9671401978,80.1890869141,52887,52898,11
12.9664402008,80.1888275146,52898,52908,10
12.9659996033,80.188659668,52908,52918,10
12.9656496048,80.1885223389,52918,52928,10
12.9649600983,80.1882781982,52928,52948,20
12.9649600983,80.1882781982,52948,52958,10
12.9647102356,80.1881637573,52958,52968,10
12.9641799927,80.1879806519,52968,52978,10
12.9635400772,80.1878128052,52978,52988,10
12.9628095627,80.1876373291,52988,52998,10
12.9620895386,80.1874771118,52998,53009,11
12.9607801437,80.18724823,53009,53029,20
12.9607801437,80.18724823,53029,53039,10
12.9605903625,80.1871871948,53039,53049,10
12.9601602554,80.1871109009,53049,53059,10
12.9597196579,80.1870803833,53059,53069,10
12.9590396881,80.18699646,53069,53079,10
12.9584102631,80.1869888306,53079,53089,10
12.9578399658,80.1870269775,53089,53099,10
12.9571199417,80.1869888306,53099,53110,11
12.9563703537,80.1869430542,53110,53120,10
12.9558200836,80.1868972778,53120,53160,40
12.9558200836,80.1868972778,53160,53170,10
12.9554796219,80.1868591309,53170,53180,10
12.9551200867,80.1868209839,53180,53190,10
12.9545898438,80.1867294312,53190,53200,10
12.9539403915,80.186630249,53200,53210,10
12.9531898499,80.1865234375,53210,53221,11
12.9523200989,80.1863327026,53221,53231,10
12.9515399933,80.1861190796,53231,53241,10
12.9507398605,80.1858596802,53241,53251,10
12.9498996735,80.1855773926,53251,53261,10
12.9490604401,80.185333252,53261,53271,10
12.9484300613,80.1851196289,53271,53281,10
12.9477701187,80.1848068237,53281,53291,10
12.947259903,80.1844406128,53291,53301,10
12.9464502335,80.1837997437,53301,53311,10
12.9457998276,80.1832885742,53311,53321,10
12.9451198578,80.1830291748,53321,53332,11
12.9445800781,80.1830215454,53332,53342,10
12.9445695877,80.1830062866,53342,53352,10
12.9442501068,80.1829910278,53352,53362,10
12.9436397552,80.1829528809,53362,53372,10
12.9428300858,80.1829528809,53372,53382,10
12.9419498444,80.1828536987,53382,53392,10
12.941069603,80.1828079224,53392,53402,10
12.940199852,80.1827697754,53402,53412,10
12.9395103455,80.1826095581,53412,53433,21
12.9395103455,80.1826095581,53433,53443,10
12.9393596649,80.1825027466,53443,53453,10
12.9389801025,80.1824493408,53453,53463,10
12.9385700226,80.1823730469,53463,53473,10
12.9378795624,80.1822967529,53473,53483,10
12.9371700287,80.182258606,53483,53493,10
12.9363603592,80.1822891235,53493,53503,10
12.9356002808,80.1823577881,53503,53513,10
12.9348897934,80.1823120117,53513,53523,10
12.9341497421,80.1821289063,53523,53533,10
12.9334201813,80.181968689,53533,53544,11
12.9324502945,80.1817398071,53544,53554,10
12.931520462,80.1815795898,53554,53564,10
12.9309196472,80.1815414429,53564,53574,10
12.9308996201,80.1815414429,53574,53584,10
12.930680275,80.1815414429,53584,53594,10
12.9300603867,80.1816482544,53594,53604,10
12.9292297363,80.1818466187,53604,53614,10
12.9282903671,80.1820678711,53614,53624,10
12.927359581,80.1822891235,53624,53634,10
12.9264602661,80.1824798584,53634,53645,11
12.9255895615,80.1826324463,53645,53655,10
12.9246797562,80.1827774048,53655,53665,10
12.9237298965,80.1829376221,53665,53675,10
12.9228200912,80.1831207275,53675,53685,10
12.9219198227,80.1834030151,53685,53695,10
12.9206399918,80.1839294434,53695,53745,50
12.9206399918,80.1839294434,53745,53756,11
12.9205102921,80.1839523315,53756,53766,10
12.9201602936,80.1838531494,53766,53776,10
12.9200601578,80.1833496094,53776,53796,20
12.9200601578,80.1833496094,53796,53806,10
12.9200201035,80.1831665039,53806,53816,10
12.9199104309,80.1826324463,53816,53826,10
12.9198598862,80.1824417114,53826,53836,10
12.9198102951,80.182182312,53836,53846,10
12.9196996689,80.181640625,53846,53856,10
12.9195604324,80.1809768677,53856,53867,11
12.919380188,80.1800918579,53867,53877,10
12.9190196991,80.1791915894,53877,53887,10
12.9184103012,80.1783294678,53887,53897,10
12.9182195663,80.1772994995,53897,53907,10
12.918419838,80.1762008667,53907,53917,10
12.9186897278,80.1751098633,53917,53927,10
12.9189796448,80.1739730835,53927,53937,10
12.919260025,80.1728897095,53937,53947,10
12.9195299149,80.1718826294,53947,53957,10
12.9197301865,80.1711502075,53957,53967,10
12.9198598862,80.1707382202,53967,53978,11
12.9201097488,80.1699523926,53978,53988,10
12.9203996658,80.1689987183,53988,53998,10
12.9207601547,80.1679763794,53998,54008,10
12.9210996628,80.1668930054,54008,54018,10
12.9214601517,80.1657485962,54018,54028,10
12.921790123,80.1647109985,54028,54038,10
12.9220600128,80.1638031006,54038,54048,10
12.9223899841,80.1628265381,54048,54058,10
12.9227104187,80.1618270874,54058,54068,10
12.9229898453,80.1609191895,54068,54079,11
12.9230899811,80.1605224609,54079,54089,10
12.9231100082,80.1604614258,54089,54099,10
12.9232501984,80.1598815918,54099,54109,10
12.9233598709,80.1590118408,54109,54119,10
12.9234800339,80.1579284668,54119,54129,10
12.9235696793,80.1568069458,54129,54139,10
12.9235801697,80.155708313,54139,54149,10
12.9233798981,80.1550521851,54149,54159,10
12.9233598709,80.1549072266,54159,54169,10
12.9232597351,80.1543884277,54169,54179,10
12.9230804443,80.1536331177,54179,54190,11
12.9228096008,80.1526031494,54190,54200,10
12.922659874,80.1516113281,54200,54210,10
12.9226303101,80.1505203247,54210,54220,10
12.9225997925,80.1494369507,54220,54230,10
12.922539711,80.1483917236,54230,54240,10
12.9225196838,80.1476135254,54240,54250,10
12.922539711,80.1468429565,54250,54260,10
12.922539711,80.1458969116,54260,54270,10
12.9224901199,80.1448364258,54270,54280,10
12.9224700928,80.1437835693,54280,54290,10
12.9224395752,80.1434783936,54290,54301,11
12.9224300385,80.1433029175,54301,54311,10
12.9224100113,80.1427993774,54311,54321,10
12.9223804474,80.1421890259,54321,54331,10
12.9223604202,80.1417236328,54331,54341,10
12.9223403931,80.1413269043,54341,54351,10
12.9223403931,80.1412582397,54351,54361,10
12.9223499298,80.1408233643,54361,54371,10
12.9223604202,80.1405563354,54371,54381,10
12.9223604202,80.1400680542,54381,54391,10
12.9223499298,80.1393585205,54391,54402,11
12.9223899841,80.1384735107,54402,54412,10
12.9224395752,80.1376190186,54412,54422,10
12.9224901199,80.1364974976,54422,54432,10
12.9225301743,80.1354675293,54432,54442,10
12.9225597382,80.1343765259,54442,54452,10
12.9226198196,80.1333236694,54452,54462,10
12.9226398468,80.1323623657,54462,54472,10
12.9226503372,80.131477356,54472,54482,10
12.922659874,80.1312637329,54482,54492,10
12.9226703644,80.1311721802,54492,54502,10
12.9226999283,80.1306228638,54502,54513,11
12.9227104187,80.1302871704,54513,54523,10
12.9227399826,80.1299362183,54523,54533,10
12.9227800369,80.1295318604,54533,54543,10
12.9228401184,80.1289901733,54543,54553,10
12.9228696823,80.1283798218,54553,54563,10
12.9228801727,80.1277236938,54563,54573,10
12.9228801727,80.127243042,54573,54583,10
12.9228897095,80.1264801025,54583,54593,10
12.9229097366,80.1257629395,54593,54603,10
12.9229402542,80.1250076294,54603,54614,11
12.9229898453,80.1240615845,54614,54624,10
12.9230203629,80.1231231689,54624,54634,10
12.9230604172,80.1221008301,54634,54644,10
12.9231500626,80.1206970215,54644,54684,40
12.9231500626,80.1206970215,54684,54694,10
12.9232196808,80.1205215454,54694,54704,10
12.9232597351,80.1200866699,54704,54714,10
12.9232797623,80.1195373535,54714,54725,11
12.9232797623,80.1188583374,54725,54735,10
12.9233598709,80.1181411743,54735,54745,10
12.9233903885,80.1173400879,54745,55411,666
12.9233903885,80.1173400879,55411,55421,10
12.9233999252,80.1172103882,55421,55431,10
12.9234304428,80.1169815063,55431,55441,10
12.9235801697,80.1167831421,55441,55471,30
12.9235801697,80.1167831421,55471,55482,11
12.9235601425,80.1171569824,55482,55491,9
12.9235401154,80.1175537109,55491,55502,11
12.9235801697,80.1178894043,55502,55512,10
12.9235200882,80.1184234619,55512,55522,10
12.923500061,80.1189804077,55522,55532,10
12.9234199524,80.1195297241,55532,55542,10
12.9233398438,80.1200485229,55542,55552,10
12.923330307,80.1202468872,55552,55562,10
12.9232997894,80.1206283569,55562,55572,10
12.9232797623,80.1207962036,55572,55582,10
12.9232597351,80.1210403442,55582,55986,404
12.9232597351,80.1210403442,55986,55996,10
12.9232797623,80.1212615967,55996,56006,10
12.9232597351,80.1214675903,56006,56016,10
12.9232397079,80.1218032837,56016,56027,11
12.9231901169,80.1224365234,56027,56037,10
12.9231500626,80.1231765747,56037,56047,10
12.9231004715,80.1239776611,56047,56057,10
12.9230804443,80.1248321533,56057,56067,10
12.9230899811,80.1253967285,56067,56077,10
12.9230604172,80.1256408691,56077,56087,10
12.9230499268,80.1257019043,56087,56097,10
12.9230003357,80.1262130737,56097,56107,10
12.9229803085,80.1270294189,56107,56117,10
12.9229202271,80.1278076172,56117,56127,10
12.9228801727,80.1283798218,56127,56138,11
12.9227800369,80.1290588379,56138,56148,10
12.9227399826,80.1297531128,56148,56158,10
12.9227399826,80.1305236816,56158,56168,10
12.9227304459,80.1312484741,56168,56178,10
12.9226903915,80.1320571899,56178,56188,10
12.922659874,80.1329574585,56188,56198,10
12.9226102829,80.1339111328,56198,56208,10
12.9225702286,80.1348800659,56208,56218,10
12.9225301743,80.1357574463,56218,56228,10
12.9224996567,80.1366500854,56228,56238,10
12.9224500656,80.137512207,56238,56249,11
12.9224004745,80.1384124756,56249,56259,10
12.9223499298,80.1391983032,56259,56269,10
12.9223604202,80.1400527954,56269,56279,10
12.9223804474,80.1408691406,56279,56289,10
12.9223604202,80.1417236328,56289,56299,10
12.922419548,80.1425170898,56299,56309,10
12.9225196838,80.1435394287,56309,56329,20
12.9225196838,80.1435394287,56329,56339,10
12.9224901199,80.1439819336,56339,56350,11
12.9225301743,80.1446990967,56350,56359,9
12.9225597382,80.1454391479,56359,56370,11
12.9225797653,80.1465072632,56370,56380,10
12.9226198196,80.1472320557,56380,56390,10
12.9226198196,80.1472625732,56390,56400,10
12.9226303101,80.1473388672,56400,56410,10
12.9226198196,80.1476974487,56410,56420,10
12.9225902557,80.1483917236,56420,56430,10
12.9226198196,80.1491928101,56430,56440,10
12.9226303101,80.1500091553,56440,56450,10
12.9226503372,80.1508407593,56450,56461,11
12.9226999283,80.1517181396,56461,56471,10
12.9228096008,80.1524887085,56471,56481,10
12.9229898453,80.1532669067,56481,56491,10
12.923210144,80.154083252,56491,56501,10
12.9233703613,80.1546325684,56501,56511,10
12.9233703613,80.1546401978,56511,56521,10
12.9234304428,80.1548919678,56521,56531,10
12.9235401154,80.1553268433,56531,56541,10
12.9236803055,80.1560592651,56541,56551,10
12.923620224,80.1569213867,56551,56561,10
12.9235401154,80.1576690674,56561,56572,11
12.9234399796,80.1585998535,56572,56582,10
12.9233703613,80.1594696045,56582,56592,10
12.9232797623,80.1602401733,56592,56602,10
12.9232597351,80.160369873,56602,56612,10
12.9231700897,80.160697937,56612,56622,10
12.9229602814,80.1614074707,56622,56632,10
12.9226503372,80.162361145,56632,56642,10
12.9222898483,80.1634292603,56642,56652,10
12.9219303131,80.1645278931,56652,56662,10
12.9215803146,80.1656265259,56662,56672,10
12.9212198257,80.1666870117,56672,56683,11
12.9208698273,80.1678619385,56683,56693,10
12.9205598831,80.1688995361,56693,56703,10
12.920249939,80.1698913574,56703,56713,10
12.9199800491,80.170791626,56713,56723,10
12.9198999405,80.1709899902,56723,56733,10
12.9198303223,80.1712188721,56733,56743,10
12.9196195602,80.1718597412,56743,56753,10
12.9193601608,80.1727600098,56753,56763,10
12.9190797806,80.1738204956,56763,56773,10
12.9188299179,80.174911499,56773,56784,11
12.9185400009,80.1760787964,56784,56794,10
12.9183397293,80.1771011353,56794,56804,10
12.918390274,80.1781997681,56804,56814,10
12.9190397263,80.1790771484,56814,56824,10
12.9194803238,80.1800765991,56824,56834,10
12.9196796417,80.1811904907,56834,56844,10
12.9199399948,80.1822967529,56844,56854,10
12.9201803207,80.1832885742,56854,56864,10
12.9203395844,80.1839065552,56864,56874,10
12.9205198288,80.183921814,56874,56884,10
12.9208202362,80.1838531494,56884,56895,11
12.9214801788,80.1836013794,56895,56905,10
12.9222803116,80.1832733154,56905,56915,10
12.9231395721,80.1830291748,56915,56925,10
12.9240598679,80.1828308105,56925,56935,10
12.9250402451,80.1826629639,56935,56945,10
12.9260702133,80.1825027466,56945,56955,10
12.9270401001,80.1822967529,56955,56965,10
12.9279499054,80.1821212769,56965,56975,10
12.9289398193,80.181892395,56975,56985,10
12.9298601151,80.1816711426,56985,56995,10
12.9308204651,80.1814575195,56995,57006,11
12.9314403534,80.1815185547,57006,57016,10
12.9314498901,80.1815185547,57016,57026,10
12.9315900803,80.1815872192,57026,57036,10
12.9316501617,80.1815872192,57036,57046,10
12.9317903519,80.181602478,57046,57056,10
12.9322500229,80.1816635132,57056,57066,10
12.9329996109,80.1818008423,57066,57076,10
12.9339199066,80.1820297241,57076,57086,10
12.9347600937,80.1822280884,57086,57096,10
12.9356403351,80.1822967529,57096,57107,11
12.9365701675,80.1821975708,57107,57117,10
12.9374198914,80.182182312,57117,57127,10
12.9383001328,80.1822433472,57127,57137,10
12.9388198853,80.1823272705,57137,57157,20
12.9388198853,80.1823272705,57157,57167,10
12.9389600754,80.1823577881,57167,57177,10
12.9391098022,80.1823883057,57177,57187,10
12.9393796921,80.1825027466,57187,57197,10
12.9399595261,80.1826171875,57197,57207,10
12.9406795502,80.1826934814,57207,57218,11
12.9415903091,80.1827392578,57218,57228,10
12.9425601959,80.1828613281,57228,57238,10
12.9435901642,80.1829223633,57238,57248,10
12.944439888,80.1829376221,57248,57258,10
12.9446001053,80.1829605103,57258,57268,10
12.9450902939,80.1829910278,57268,57278,10
12.9458398819,80.1832504272,57278,57288,10
12.9465799332,80.1838378906,57288,57298,10
12.9472398758,80.1843795776,57298,57308,10
12.9480895996,80.1849212646,57308,57318,10
12.9487895966,80.1851119995,57318,57369,51
12.9487895966,80.1851119995,57369,57379,10
12.9492902756,80.185333252,57379,57389,10
12.9498996735,80.1855163574,57389,57399,10
12.9506797791,80.1857833862,57399,57409,10
12.951499939,80.1860580444,57409,57419,10
12.9523601532,80.1863098145,57419,57430,11
12.9532403946,80.1864776611,57430,57440,10
12.954000473,80.1865768433,57440,57450,10
12.9547100067,80.186668396,57450,57460,10
12.9553604126,80.1867675781,57460,57470,10
12.9556598663,80.1868209839,57470,57480,10
12.9560604095,80.1868896484,57480,57490,10
12.9561300278,80.1868972778,57490,57500,10
12.9562397003,80.1869277954,57500,57510,10
12.9566898346,80.1869735718,57510,57520,10
12.957280159,80.1870193481,57520,57530,10
12.9578199387,80.1870193481,57530,57541,11
12.9585399628,80.1870269775,57541,57551,10
12.9591798782,80.1870574951,57551,57561,10
12.959810257,80.1871109009,57561,57571,10
12.9602804184,80.1871414185,57571,57581,10
12.9607200623,80.1872024536,57581,57591,10
12.961520195,80.1873397827,57591,57611,20
12.961520195,80.1873397827,57611,57621,10
12.9618501663,80.1873626709,57621,57631,10
12.9624700546,80.1875,57631,57642,11
12.9632701874,80.1876525879,57642,57652,10
12.9640102386,80.1878585815,57652,57662,10
12.9647197723,80.1881027222,57662,57672,10
12.9653196335,80.1883087158,57672,57682,10
12.9653997421,80.1883468628,57682,57692,10
12.9655799866,80.1884994507,57692,57702,10
12.9660797119,80.1886367798,57702,57712,10
12.9666500092,80.1888580322,57712,57722,10
12.967300415,80.1891174316,57722,57732,10
12.9682998657,80.1895828247,57732,57773,41
12.9682998657,80.1895828247,57773,57783,10
12.9686002731,80.1897201538,57783,57793,10
12.9690198898,80.1899337769,57793,57803,10
12.9694795609,80.1901473999,57803,57813,10
12.970000267,80.1903915405,57813,57823,10
12.9704904556,80.1905822754,57823,57833,10
12.9710502625,80.1908111572,57833,57843,10
12.9713001251,80.19090271,57843,57853,10
12.9719104767,80.1911773682,57853,57864,11
12.9724798203,80.1914367676,57864,57874,10
12.9726696014,80.1915130615,57874,57884,10
12.9726800919,80.1915206909,57884,57894,10
12.9728403091,80.1915969849,57894,57904,10
12.9733295441,80.1917572021,57904,57914,10
12.9739904404,80.1920013428,57914,57924,10
12.9744997025,80.1921920776,57924,57934,10
12.9750795364,80.1923980713,57934,57944,10
12.975689888,80.1927185059,57944,57954,10
12.9761600494,80.193069458,57954,57965,11
12.9767599106,80.1934967041,57965,57975,10
12.9772500992,80.1937103271,57975,57985,10
12.9776296616,80.1937866211,57985,57995,10
12.9780302048,80.193862915,57995,58005,10
12.9780797958,80.193862915,58005,58015,10
12.9783000946,80.193901062,58015,58025,10
12.978770256,80.1940765381,58025,58035,10
12.9792604446,80.1943435669,58035,58051,16
12.9801197052,80.1949234009,58051,58063,12
12.9809398651,80.1953582764,58063,58084,21
12.9809398651,80.1953582764,58084,58094,10
12.9810800552,80.1954574585,58094,58104,10
12.9814100266,80.1955795288,58104,58113,9
12.9817495346,80.1957626343,58113,58124,11
12.9823102951,80.1960372925,58124,58133,9
12.9827299118,80.1962814331,58133,58144,11
12.9829998016,80.1963195801,58144,58154,10
12.9834699631,80.1960830688,58154,58163,9
12.9841003418,80.1959609985,58163,58174,11
12.9850797653,80.1959609985,58174,58185,11
12.9861297607,80.1958618164,58185,58195,10
12.9870595932,80.1955795288,58195,58205,10
12.9879703522,80.1953887939,58205,58215,10
12.9889202118,80.1953964233,58215,58225,10
12.9898700714,80.1954116821,58225,58235,10
12.9906997681,80.1951599121,58235,58245,10
12.991060257,80.1947021484,58245,58255,10
12.991109848,80.1946411133,58255,58265,10
12.991230011,80.194480896,58265,58275,10
12.9914999008,80.1940536499,58275,58292,17
12.9926595688,80.193397522,58292,58304,12
12.9937400818,80.1933898926,58304,58314,10
12.9945697784,80.193359375,58314,58324,10
12.9954099655,80.1933288574,58324,58333,9
12.9960403442,80.193321228,58333,58344,11
12.9966697693,80.1932983398,58344,58353,9
12.9967899323,80.1932373047,58353,58364,11
12.9966602325,80.1926803589,58364,58374,10
12.9965295792,80.1921768188,58374,58384,10
12.996339798,80.1914672852,58384,58394,10
12.996219635,80.1909484863,58394,58405,11
12.9960203171,80.1901931763,58405,58415,10
12.9959001541,80.1895370483,58415,58474,59
12.9959001541,80.1895370483,58474,58485,11
12.9959602356,80.1893005371,58485,58495,10
12.996219635,80.1893997192,58495,58506,11
12.9966802597,80.1899414063,58506,58516,10
12.9972400665,80.1906204224,58516,58526,10
12.9978599548,80.1913909912,58526,58536,10
12.9984903336,80.1921920776,58536,58546,10
12.9990596771,80.1929397583,58546,58556,10
12.9996004105,80.1936416626,58556,58566,10
13.0001401901,80.1943664551,58566,58576,10
13.0007295609,80.1951065063,58576,58586,10
13.0012102127,80.1957397461,58586,58596,10
13.0015802383,80.1961898804,58596,58606,10
13.0019598007,80.1967086792,58606,58617,11
13.0020704269,80.1976165771,58617,58627,10
13.0019102097,80.1985931396,58627,58637,10
13.0017995834,80.1994628906,58637,58647,10
13.0021400452,80.2003097534,58647,58657,10
13.0029802322,80.2007522583,58657,58667,10
13.0037603378,80.2008590698,58667,58687,20
13.0037603378,80.2008590698,58687,58697,10
13.0041704178,80.2010574341,58697,58706,9
13.00481987,80.2013320923,58706,58717,11
13.0055904388,80.2018890381,58717,58728,11
13.006070137,80.2027130127,58728,58738,10
13.006649971,80.203338623,58738,58748,10
13.0074195862,80.2036819458,58748,58758,10
13.0081596375,80.2036972046,58758,58768,10
13.0082998276,80.2029571533,58768,58778,10
13.0075502396,80.2032394409,58778,58788,10
13.0076398849,80.2042007446,58788,58798,10
13.0076503754,80.2053070068,58798,58808,10
13.0077600479,80.2063064575,58808,58818,10
13.0079202652,80.207321167,58818,58829,11
13.008020401,80.2082595825,58829,58839,10
13.0081996918,80.2092590332,58839,58849,10
13.0085201263,80.2101974487,58849,58859,10
13.0089998245,80.2106933594,58859,58909,50
13.0089998245,80.2106933594,58909,58919,10
13.0093002319,80.2109222412,58919,58929,10
13.0094003677,80.2111282349,58929,58940,11
13.0092802048,80.2112808228,58940,58950,10
13.009180069,80.21144104,58950,58960,10
13.0090904236,80.2116088867,58960,58970,10
13.0091400146,80.2119369507,58970,58980,10
13.0092897415,80.2124710083,58980,58990,10
13.009519577,80.2131271362,58990,59000,10
13.0098104477,80.2138519287,59000,59010,10
13.0101099014,80.2145767212,59010,59020,10
13.0102500916,80.2154083252,59020,59030,10
13.0104799271,80.2161865234,59030,59040,10
13.0108203888,80.2169570923,59040,59051,11
13.0111999512,80.2177886963,59051,59061,10
13.0115299225,80.2185592651,59061,59071,10
13.0118303299,80.219291687,59071,59081,10
13.0120601654,80.2200317383,59081,59091,10
13.0122804642,80.2206878662,59091,59101,10
13.0124397278,80.2212219238,59101,59111,10
13.0125703812,80.221496582,59111,59120,9
13.0127096176,80.2217025757,59120,59130,10
13.0128698349,80.2219009399,59130,59141,11
13.0130901337,80.2222137451,59141,59152,11
13.0134401321,80.2226715088,59152,59162,10
13.0138196945,80.2231521606,59162,59172,10
13.0142002106,80.2236404419,59172,59182,10
13.0145597458,80.2239990234,59182,59192,10
13.0151195526,80.2247314453,59192,59212,20
13.0151195526,80.2247314453,59212,59222,10
13.0151996613,80.2248535156,59222,59232,10
13.0154800415,80.2250289917,59232,59242,10
13.0156002045,80.225112915,59242,59252,10
13.0160303116,80.2253570557,59252,59263,11
13.01679039,80.2252197266,59263,59273,10
13.0176296234,80.224899292,59273,59283,10
13.0184803009,80.2245483398,59283,59293,10
13.0191802979,80.2243728638,59293,59303,10
13.0195102692,80.2244110107,59303,59313,10
13.0196399689,80.2244720459,59313,59323,10
13.0198802948,80.2246398926,59323,59333,10
13.0203504562,80.2249984741,59333,59343,10
13.0209703445,80.2254562378,59343,59353,10
13.0216302872,80.2259597778,59353,59363,10
13.02202034,80.2262191772,59363,59374,11
13.0220603943,80.2262496948,59374,59384,10
13.0222902298,80.2264709473,59384,59394,10
13.0226802826,80.2268218994,59394,59404,10
13.023150444,80.2272567749,59404,59414,10
13.0237398148,80.2277984619,59414,59424,10
13.0241699219,80.2282333374,59424,59434,10
13.0244998932,80.2286529541,59434,59444,10
13.0247497559,80.229019165,59444,59454,10
13.025270462,80.2297134399,59454,59464,10
13.0258998871,80.230682373,59464,59485,21
13.0258998871,80.230682373,59485,59495,10
13.0259199142,80.2307815552,59495,59525,30
13.0259199142,80.2307815552,59525,59535,10
13.0259599686,80.2310180664,59535,59545,10
13.0260696411,80.2313919067,59545,59555,10
13.0265102386,80.2313079834,59555,59565,10
13.0272502899,80.2311325073,59565,59576,11
13.0278501511,80.2310180664,59576,59585,9
13.0283203125,80.2309494019,59585,59596,11
13.0292100906,80.2308731079,59596,59626,30
13.0292100906,80.2308731079,59626,59636,10
13.0293302536,80.2307815552,59636,59646,10
13.0296897888,80.2307815552,59646,59656,10
13.0301799774,80.2307815552,59656,59666,10
13.0307998657,80.2307434082,59666,59676,10
13.0314702988,80.2306594849,59676,59687,11
13.0322198868,80.2306213379,59687,59697,10
13.0328302383,80.2305831909,59697,59707,10
13.0335903168,80.2305297852,59707,59716,9
13.0341701508,80.2304763794,59716,59727,11
13.0346698761,80.2303695679,59727,59767,40
13.0346698761,80.2303695679,59767,59777,10
13.0349397659,80.2302017212,59777,59787,10
13.0347204208,80.2299499512,59787,60108,321
13.0345096588,80.2299118042,60108,60785,677
13.0345096588,80.2299118042,60785,60795,10
13.0342102051,80.2301483154,60795,60805,10
13.0341501236,80.2304077148,60805,60845,40
13.0341501236,80.2304077148,60845,60855,10
13.0340299606,80.2304763794,60855,60866,11
13.0336999893,80.23046875,60866,60876,10
13.0332698822,80.230506897,60876,60886,10
13.0327501297,80.2305603027,60886,60896,10
13.0321998596,80.2306137085,60896,60906,10
13.0317802429,80.2306594849,60906,60915,9
13.03125,80.2306976318,60915,60926,11
13.0306797028,80.2307281494,60926,60935,9
13.0301704407,80.2307891846,60935,60945,10
13.0296401978,80.2308273315,60945,60956,11
13.0290803909,80.2308502197,60956,60966,10
13.0285797119,80.2309265137,60966,60977,11
13.0280704498,80.2309494019,60977,60987,10
13.0276603699,80.2310562134,60987,60997,10
13.0276603699,80.2314605713,60997,61007,10
13.0277204514,80.2319412231,61007,61017,10
13.0278100967,80.2324523926,61017,61027,10
13.0277795792,80.2328262329,61027,61037,10
13.027009964,80.2329483032,61037,61067,30
13.027009964,80.2329483032,61067,61077,10
13.0267095566,80.232963562,61077,61088,11
13.0263795853,80.2328796387,61088,61104,16
13.0261001587,80.2319564819,61104,61116,12
13.0258398056,80.2310333252,61116,61126,10
13.02546978,80.2302627563,61126,61136,10
13.0252304077,80.2298736572,61136,61166,30
13.0252304077,80.2298736572,61166,61176,10
13.0251197815,80.2296981812,61176,61187,11
13.0249300003,80.2294616699,61187,61197,10
13.0247497559,80.2292480469,61197,61207,10
13.0246601105,80.2291412354,61207,61217,10
13.0245895386,80.2290496826,61217,61227,10
13.0244398117,80.2288589478,61227,61237,10
13.0240402222,80.2283782959,61237,61247,10
13.023639679,80.2278900146,61247,61257,10
13.0232896805,80.2275695801,61257,61298,41
13.0232896805,80.2275695801,61298,61308,10
13.0229597092,80.2273635864,61308,61318,10
13.0228700638,80.2272872925,61318,61328,10
13.0226202011,80.2270507813,61328,61338,10
13.0225896835,80.2269363403,61338,61348,10
13.0225601196,80.2268295288,61348,61358,10
13.0225200653,80.2267684937,61358,61368,10
13.0221595764,80.2264633179,61368,61378,10
13.0216503143,80.2260437012,61378,61388,10
13.0210504532,80.2255783081,61388,61399,11
13.0203304291,80.2250976563,61399,61409,10
13.0197095871,80.2246780396,61409,61419,10
13.0189399719,80.2245025635,61419,61428,9
13.0183496475,80.2247009277,61428,61439,11
13.0175600052,80.2250366211,61439,61449,10
13.0168600082,80.2253265381,61449,61459,10
13.016500473,80.2254714966,61459,61469,10
13.0161399841,80.2255783081,61469,61479,10
13.0156002045,80.2257614136,61479,61489,10
13.0152597427,80.2259063721,61489,61499,10
13.0147399902,80.2260971069,61499,61510,11
13.0144500732,80.2262191772,61510,61520,10
13.0142602921,80.2262802124,61520,61530,10
13.0142002106,80.22631073,61530,61540,10
13.0139598846,80.2264022827,61540,61550,10
13.0133399963,80.226600647,61550,61560,10
13.0125102997,80.2269134521,61560,61570,10
13.0115995407,80.2272567749,61570,61580,10
13.0106601715,80.2276306152,61580,61590,10
13.0098800659,80.2279205322,61590,61600,10
13.009519577,80.2276306152,61600,61610,10
13.0097703934,80.2270812988,61610,61621,11
13.0101499557,80.226272583,61621,61631,10
13.0104103088,80.2257080078,61631,61641,10
13.0105104446,80.2254867554,61641,61651,10
13.0106401443,80.2251815796,61651,61661,10
13.0108604431,80.2247009277,61661,61671,10
13.0110797882,80.2241287231,61671,61681,10
13.0111503601,80.2239227295,61681,61691,10
13.0113601685,80.2234191895,61691,61701,10
13.0116596222,80.2226715088,61701,61711,10
13.0119400024,80.2219314575,61711,61722,11
13.0120897293,80.2214584351,61722,61732,10
13.0121297836,80.2210388184,61732,61742,10
13.0119304657,80.2203903198,61742,61752,10
13.0116701126,80.219543457,61752,61762,10
13.0114002228,80.2186889648,61762,61772,10
13.0110998154,80.2178497314,61772,61781,9
13.0107803345,80.2171020508,61781,61792,11
13.010430336,80.2163162231,61792,61802,10
13.0100002289,80.2155303955,61802,61812,10
13.0095596313,80.21484375,61812,61822,10
13.009059906,80.2141799927,61822,61833,11
13.0085401535,80.2135162354,61833,61843,10
13.0082302094,80.2133407593,61843,61853,10
13.0082197189,80.2133178711,61853,61863,10
13.0080499649,80.2132568359,61863,61873,10
13.007900238,80.213142395,61873,61883,10
13.0076799393,80.2129516602,61883,61893,10
13.0071201324,80.2127838135,61893,61903,10
13.0063800812,80.2127838135,61903,61913,10
13.00578022,80.2129821777,61913,61923,10
13.005399704,80.2127685547,61923,61933,10
13.0048904419,80.2124176025,61933,61944,11
13.0040597916,80.2121124268,61944,61954,10
13.0037603378,80.2119598389,61954,61964,10
13.0037097931,80.2116928101,61964,61974,10
13.0036897659,80.2110290527,61974,61984,10
13.0035896301,80.2102737427,61984,61994,10
13.0035400391,80.2095031738,61994,62004,10
13.0037603378,80.2087097168,62004,62014,10
13.0044603348,80.2088165283,62014,62024,10
13.0050601959,80.2091064453,62024,62034,10
13.0057001114,80.2093811035,62034,62045,11
13.0061903,80.2095489502,62045,62055,10
13.0067396164,80.2097167969,62055,62065,10
13.0069198608,80.2097702026,62065,62075,10
13.007109642,80.2098236084,62075,62085,10
13.0075702667,80.2099075317,62085,62095,10
13.0079402924,80.2099914551,62095,62105,10
13.0081501007,80.2100219727,62105,62115,10
13.0081501007,80.209602356,62115,62125,10
13.0079898834,80.2088928223,62125,62135,10
13.0078601837,80.2080078125,62135,62145,10
13.0076799393,80.2070617676,62145,62156,11
13.0074901581,80.2060165405,62156,62165,9
13.0072402954,80.2052383423,62165,62176,11
13.0068798065,80.2043991089,62176,62184,8
13.0065097809,80.2037811279,62184,62196,12
13.005979538,80.2030181885,62196,62206,10
13.0058498383,80.202796936,62206,62216,10
13.0058002472,80.2026977539,62216,62226,10
13.005689621,80.2024612427,62226,62236,10
13.0054397583,80.2019805908,62236,62246,10
13.0048599243,80.2014694214,62246,62257,11
13.0043201447,80.2012405396,62257,62267,10
13.0043096542,80.2012176514,62267,62277,10
13.0039300919,80.2010879517,62277,62287,10
13.0033197403,80.2008666992,62287,62297,10
13.002579689,80.2006072998,62297,62307,10
13.001950264,80.2000808716,62307,62317,10
13.0016899109,80.19947052,62317,62327,10
13.0017795563,80.1986923218,62327,62337,10
13.0019197464,80.1977767944,62337,62347,10
13.0018701553,80.1968383789,62347,62357,10
13.0013799667,80.1960678101,62357,62368,11
13.0007696152,80.1952819824,62368,62378,10
13.0002002716,80.1945571899,62378,62388,10
12.999879837,80.1941680908,62388,62398,10
12.9997396469,80.1939926147,62398,62408,10
12.99958992,80.1937484741,62408,62418,10
12.999420166,80.1935577393,62418,62428,10
12.999250412,80.193359375,62428,62438,10
12.9990997314,80.1931762695,62438,62448,10
12.9988603592,80.1928634644,62448,62458,10
12.9985799789,80.192489624,62458,62468,10
12.9981498718,80.1923828125,62468,62479,11
12.9975004196,80.1929168701,62479,62489,10
12.9969997406,80.1933135986,62489,62499,10
12.9965896606,80.1933898926,62499,62509,10
12.995759964,80.1933898926,62509,62519,10
12.9947595596,80.193397522,62519,62529,10
12.9937000275,80.1934204102,62529,62539,10
12.9926595688,80.1934280396,62539,62549,10
12.9918003082,80.1936798096,62549,62559,10
12.9913902283,80.1943130493,62559,62569,10
12.9912500381,80.1945571899,62569,62580,11
12.9911403656,80.1947631836,62580,62590,10
12.9907903671,80.1951675415,62590,62600,10
12.990070343,80.1955566406,62600,62610,10
12.9890604019,80.1955413818,62610,62626,16
12.9873600006,80.1956787109,62626,62638,12
12.9861001968,80.1961212158,62638,62648,10
12.984869957,80.1961975098,62648,62658,10
12.9837303162,80.1962585449,62658,62668,10
12.9832296371,80.1964187622,62668,62678,10
12.9828500748,80.196647644,62678,62689,11
12.9826002121,80.1968917847,62689,62709,20
12.9826002121,80.1968917847,62709,62719,10
12.9825000763,80.1970062256,62719,62729,10
12.9823503494,80.1971511841,62729,62739,10
12.9822597504,80.1972427368,62739,62749,10
12.9821195602,80.1970977783,62749,62759,10
12.9821395874,80.1970062256,62759,62769,10
12.9821901321,80.1968994141,62769,62779,10
12.9825496674,80.1967010498,62779,62789,10
12.9827804565,80.1965408325,62789,62800,11
12.9827604294,80.1963500977,62800,62810,10
12.9826002121,80.1962509155,62810,62820,10
12.9825296402,80.196182251,62820,62830,10
12.9823904037,80.1960906982,62830,62840,10
12.9821796417,80.1959915161,62840,62850,10
12.9820098877,80.1959075928,62850,62860,10
12.9817199707,80.1957473755,62860,62870,10
12.9816799164,80.1957397461,62870,62880,10
12.9816198349,80.1957015991,62880,62890,10
12.9813404083,80.1955490112,62890,62901,11
12.9808397293,80.1953125,62901,62911,10
12.9802103043,80.1949920654,62911,62921,10
12.9796199799,80.1946029663,62921,62931,10
12.9790401459,80.1942214966,62931,62941,10
12.978509903,80.1939697266,62941,62951,10
12.9778699875,80.1938476563,62951,62961,10
12.9776096344,80.1938400269,62961,62971,10
12.9775400162,80.1938400269,62971,62981,10
12.9771003723,80.1937103271,62981,62991,10
12.976559639,80.193397522,62991,63001,10
12.9761600494,80.193069458,63001,63012,11
12.9756002426,80.1926727295,63012,63022,10
12.9751796722,80.1924819946,63022,63032,10
12.9748401642,80.1923370361,63032,63042,10
12.9743995667,80.1921615601,63042,63052,10
12.97397995,80.1920318604,63052,63062,10
12.9734897614,80.1918411255,63062,63072,10
12.9730100632,80.19165802,63072,63082,10
12.9729604721,80.1916503906,63082,63092,10
12.972820282,80.1915969849,63092,63102,10
12.9727096558,80.1915588379,63102,63113,11
12.9726600647,80.1915435791,63113,63123,10
12.9725599289,80.1915130615,63123,63133,10
12.9722499847,80.191368103,63133,63143,10
12.972240448,80.1913604736,63143,63153,10
12.9721803665,80.1913223267,63153,63163,10
12.9719295502,80.1912078857,63163,63173,10
12.9717502594,80.191116333,63173,63183,10
12.9713001251,80.19090271,63183,63193,10
12.9708499908,80.1906967163,63193,63203,10
12.9703197479,80.1905136108,63203,63213,10
12.9697599411,80.1902389526,63213,63224,11
12.9692602158,80.1900024414,63224,63234,10
12.9688396454,80.1898193359,63234,63250,16
12.9684801102,80.1896209717,63250,63262,12
12.9682998657,80.1895675659,63262,63272,10
12.9680700302,80.1894683838,63272,63281,9
12.9680595398,80.1894683838,63281,63292,11
12.9678602219,80.1893768311,63292,63302,10
12.9673204422,80.1891479492,63302,63312,10
12.9666700363,80.1888809204,63312,63322,10
12.9661798477,80.1886825562,63322,63333,11
12.9657802582,80.1885375977,63333,63343,10
12.9653701782,80.188369751,63343,63352,9
12.9649095535,80.1881866455,63352,63383,31
12.9649095535,80.1881866455,63383,63393,10
12.964509964,80.1880493164,63393,63403,10
12.9639396667,80.1878890991,63403,63413,10
12.9634304047,80.187713623,63413,63423,10
12.9627599716,80.1875991821,63423,63434,11
12.9619197845,80.1874313354,63434,63444,10
12.9612903595,80.1873397827,63444,63454,10
12.9609098434,80.187286377,63454,63474,20
12.9609098434,80.187286377,63474,63484,10
12.9606895447,80.1872634888,63484,63494,10
12.9605503082,80.1872177124,63494,63504,10
12.9602298737,80.1872024536,63504,63514,10
12.9601297379,80.1871795654,63514,63524,10
12.959690094,80.1871337891,63524,63534,10
12.959230423,80.1870803833,63534,63545,11
12.9585695267,80.1870498657,63545,63555,10
12.9578399658,80.1870574951,63555,63565,10
12.9572000504,80.1870498657,63565,63575,10
12.9564695358,80.18699646,63575,63585,10
12.9558200836,80.1869812012,63585,63605,20
12.9558200836,80.1869812012,63605,63615,10
12.9556798935,80.1869812012,63615,63625,10
12.9554901123,80.1869277954,63625,63635,10
12.9550895691,80.1868515015,63635,63645,10
12.9544696808,80.1867523193,63645,63656,11
12.9535598755,80.1866226196,63656,63666,10
12.9526195526,80.1864624023,63666,63676,10
12.9516401291,80.1861801147,63676,63686,10
12.9506797791,80.1858520508,63686,63696,10
12.9494400024,80.1854400635,63696,63777,81
12.9494400024,80.1854400635,63777,63787,10
12.949379921,80.1853790283,63787,63797,10
12.9490499496,80.185256958,63797,63807,10
12.9486598969,80.1851272583,63807,63817,10
12.94810009,80.1849594116,63817,63827,10
12.9474401474,80.1845626831,63827,63837,10
12.9467401505,80.1840362549,63837,63847,10
12.9460201263,80.1834793091,63847,63857,10
12.9452600479,80.1830673218,63857,63868,11
12.9445400238,80.1830596924,63868,63878,10
12.9445199966,80.1830596924,63878,63888,10
12.9443798065,80.1830673218,63888,63898,10
12.9438896179,80.1830291748,63898,63908,10
12.9432296753,80.1829910278,63908,63918,10
12.9424495697,80.1829376221,63918,63928,10
12.9415998459,80.1828308105,63928,63938,10
12.9407997131,80.1827774048,63938,63948,10
12.9400196075,80.1827392578,63948,63989,41
12.9400196075,80.1827392578,63989,63999,10
12.9399003983,80.1827163696,63999,64009,10
12.9395198822,80.1826171875,64009,64019,10
12.9394397736,80.1825866699,64019,64029,10
12.939040184,80.1824798584,64029,64039,10
12.9386796951,80.1823806763,64039,64049,10
12.9379701614,80.1822967529,64049,64059,10
12.9371299744,80.1822662354,64059,64069,10
12.9362602234,80.1823272705,64069,64080,11
12.9354000092,80.1824035645,64080,64090,10
12.9345798492,80.1822891235,64090,64100,10
12.9335403442,80.1820220947,64100,64110,10
12.9325799942,80.1818008423,64110,64120,10
12.9316997528,80.181678772,64120,64130,10
12.9310302734,80.1816101074,64130,64140,10
12.9309997559,80.1816101074,64140,64150,10
12.9308204651,80.1815795898,64150,64160,10
12.9301595688,80.1816635132,64160,64170,10
12.9293203354,80.1818618774,64170,64181,11
12.9283399582,80.1821136475,64181,64191,10
12.9274501801,80.1823120117,64191,64201,10
12.9265699387,80.1824798584,64201,64211,10
12.9257802963,80.1826324463,64211,64221,10
12.9249296188,80.1827697754,64221,64231,10
12.9241695404,80.1828918457,64231,64241,10
12.9233999252,80.1830673218,64241,64251,10
12.9226799011,80.1832122803,64251,64261,10
12.9219999313,80.1834564209,64261,64271,10
12.920920372,80.1839065552,64271,64312,41
12.920920372,80.1839065552,64312,64322,10
12.92070961,80.1840286255,64322,64332,10
12.9202804565,80.1840591431,64332,64342,10
12.9201097488,80.1834182739,64342,64352,10
12.9199399948,80.1826477051,64352,64362,10
12.9198999405,80.1824417114,64362,64378,16
12.919670105,80.1814117432,64378,64390,12
12.9194202423,80.18019104,64390,64401,11
12.9189796448,80.1790771484,64401,64408,7
12.918510437,80.1784362793,64408,64422,14
12.918299675,80.1769714355,64422,64432,10
12.9184398651,80.1762390137,64432,64442,10
12.9186296463,80.175567627,64442,64452,10
12.9188604355,80.1746368408,64452,64462,10
12.9191503525,80.1734313965,64462,64472,10
12.9194602966,80.1722412109,64472,64482,10
12.9197397232,80.1712722778,64482,64492,10
12.919839859,80.1708908081,64492,64516,24
12.9201803207,80.169883728,64516,64528,12
12.9204998016,80.1688537598,64528,64538,10
12.9207801819,80.16796875,64538,64548,10
12.9210395813,80.1671295166,64548,64558,10
12.9214000702,80.1660385132,64558,64568,10
12.9217395782,80.1650085449,64568,64578,10
12.9220104218,80.1641387939,64578,64587,9
12.9223003387,80.1632003784,64587,64598,11
12.9226303101,80.162109375,64598,64608,10
12.9229402542,80.1611785889,64608,64619,11
12.9231004715,80.1605987549,64619,64629,10
12.9231100082,80.1605606079,64629,64639,10
12.9232301712,80.1601867676,64639,64649,10
12.9233398438,80.1595611572,64649,64659,10
12.9234304428,80.1586837769,64659,64669,10
12.9235200882,80.1577224731,64669,64679,10
12.9236097336,80.1567077637,64679,64689,10
12.9236097336,80.15574646,64689,64699,10
12.9234695435,80.1552886963,64699,64709,10
12.9234199524,80.1551208496,64709,64719,10
12.9233102798,80.1546096802,64719,64730,11
12.923119545,80.1538085938,64730,64740,10
12.9229297638,80.1530609131,64740,64750,10
12.9226999283,80.1521911621,64750,64801,51
12.9226999283,80.1521911621,64801,64811,10
12.9226303101,80.1517562866,64811,64821,10
12.9226198196,80.1510772705,64821,64832,11
12.9226198196,80.150100708,64832,64842,10
12.9225597382,80.1491470337,64842,64852,10
12.9225597382,80.1482467651,64852,64853,1
12.9225597382,80.1481628418,64853,64854,1
12.9225597382,80.1480712891,64854,64905,51
12.9224596024,80.1433792114,64905,64915,10
12.9224596024,80.1433563232,64915,64925,10
12.9224596024,80.1431121826,64925,64936,11
12.9224395752,80.1426315308,64936,64946,10
12.9223899841,80.1420211792,64946,64956,10
12.9223604202,80.1415328979,64956,64966,10
12.9223499298,80.141418457,64966,64976,10
12.9223604202,80.1408309937,64976,64986,10
12.9223604202,80.1402435303,64986,64997,11
12.9223499298,80.1395187378,64997,65007,10
12.9223804474,80.1387023926,65007,65017,10
12.9224500656,80.137840271,65017,65027,10
12.9224996567,80.1369628906,65027,65037,10
12.9225196838,80.1358718872,65037,65048,11
12.9225797653,80.134552002,65048,65057,9
12.9226398468,80.1334915161,65057,65068,11
12.9226903915,80.1324386597,65068,65077,9
12.9226999283,80.1315994263,65077,65088,11
12.9226999283,80.1313934326,65088,65098,10
12.9227104187,80.1310119629,65098,65108,10
12.9227600098,80.1302871704,65108,65118,10
12.9228000641,80.1294937134,65118,65128,10
12.9228801727,80.1287536621,65128,65138,10
12.9228801727,80.1280517578,65138,65149,11
12.9229097366,80.1271362305,65149,65159,10
12.9228801727,80.1262969971,65159,65169,10
12.9229602814,80.1256637573,65169,65179,10
12.9230203629,80.1248397827,65179,65189,10
12.9230604172,80.1237792969,65189,65199,10
12.923119545,80.1226196289,65199,65209,10
12.9231700897,80.1214370728,65209,65219,10
12.9231796265,80.1207122803,65219,65229,10
12.9231996536,80.1206283569,65229,65239,10
12.9232702255,80.1201019287,65239,65249,10
12.9232997894,80.1193695068,65249,65260,11
12.9233102798,80.1185302734,65260,65270,10
12.9234199524,80.1176834106,65270,65280,10
12.9234695435,80.1169662476,65280,65290,10
12.923620224,80.1167297363,65290,65310,20
12.923620224,80.1167297363,65310,65320,10
12.9235801697,80.1171264648,65320,65330,10
12.9236001968,80.1176681519,65330,65340,10
12.9235897064,80.1181182861,65340,65350,10
12.9235296249,80.1187210083,65350,65361,11
12.9233999252,80.1195068359,65361,65371,10
12.9233703613,80.1202087402,65371,65381,10
12.9233598709,80.1206207275,65381,65391,10
12.9232997894,80.1208724976,65391,65401,10
12.9233102798,80.1211624146,65401,65893,492
12.9233102798,80.1211624146,65893,65904,11
12.9233102798,80.1214294434,65904,65914,10
12.9232397079,80.121711731,65914,65924,10
12.9231901169,80.1223297119,65924,65934,10
12.9231395721,80.1231079102,65934,65944,10
12.9231100082,80.1239624023,65944,65954,10
12.9230804443,80.1248474121,65954,65964,10
12.9230804443,80.1253814697,65964,65974,10
12.9230804443,80.1255111694,65974,65984,10
12.9230604172,80.1258087158,65984,65994,10
12.9230203629,80.1262969971,65994,66005,11
12.9229803085,80.1271286011,66005,66015,10
12.9229202271,80.1277618408,66015,66025,10
12.9228897095,80.1282730103,66025,66035,10
12.9228696823,80.1287612915,66035,66045,10
12.9228096008,80.1293792725,66045,66055,10
12.9227895737,80.1300201416,66055,66065,10
12.9227895737,80.1311416626,66065,66085,20
12.9227895737,80.1311416626,66085,66095,10
12.9227600098,80.1314620972,66095,66106,11
12.9227199554,80.132232666,66106,66116,10
12.9226999283,80.1330871582,66116,66126,10
12.9226503372,80.1340637207,66126,66136,10
12.9225902557,80.1350479126,66136,66146,10
12.9225597382,80.1359710693,66146,66156,10
12.9225196838,80.1368408203,66156,66166,10
12.9224700928,80.1376419067,66166,66176,10
12.9224500656,80.1383895874,66176,66186,10
12.9223804474,80.1392593384,66186,66196,10
12.9223804474,80.1401901245,66196,66206,10
12.9223899841,80.1409606934,66206,66216,10
12.922419548,80.1418914795,66216,66227,11
12.9224901199,80.1427383423,66227,66257,30
12.9224901199,80.1427383423,66257,66267,10
12.9224796295,80.1427993774,66267,66277,10
12.9224996567,80.1431274414,66277,66287,10
12.922539711,80.1436233521,66287,66297,10
12.922539711,80.1437072754,66297,66307,10
12.9225301743,80.1438980103,66307,66317,10
12.9225301743,80.1443786621,66317,66328,11
12.9225702286,80.1452713013,66328,66338,10
12.9225997925,80.1461410522,66338,66348,10
12.9226198196,80.1470565796,66348,66358,10
12.9226398468,80.147277832,66358,66368,10
12.9226398468,80.1474609375,66368,66378,10
12.9226303101,80.1480484009,66378,66388,10
12.9226198196,80.1488876343,66388,66398,10
12.922659874,80.1498031616,66398,66408,10
12.9226903915,80.150718689,66408,66418,10
12.9227104187,80.1514816284,66418,66429,11
12.9227304459,80.1518478394,66429,66439,10
12.9228000641,80.1523895264,66439,66449,10
12.9229803085,80.1531524658,66449,66459,10
12.923210144,80.1540222168,66459,66469,10
12.9233999252,80.1546173096,66469,66479,10
12.9234104156,80.1546707153,66479,66489,10
12.9234695435,80.1548461914,66489,66499,10
12.9235401154,80.1552581787,66499,66509,10
12.9237003326,80.1559295654,66509,66519,10
12.9236602783,80.1567230225,66519,66529,10
12.9235801697,80.1576309204,66529,66540,11
12.9234800339,80.158706665,66540,66550,10
12.9233903885,80.1597137451,66550,66560,10
12.9232997894,80.160369873,66560,66576,16
12.9232597351,80.1604995728,66576,66588,12
12.9230298996,80.1611404419,66588,66598,10
12.922750473,80.1619796753,66598,66608,10
12.9225702286,80.1625671387,66608,66618,10
12.9224500656,80.1629486084,66618,66628,10
12.9222202301,80.1636734009,66628,66637,9
12.9219703674,80.1644821167,66637,66649,12
12.92166996,80.1654281616,66649,66659,10
12.9212703705,80.1666412354,66659,66668,9
12.9209899902,80.1675415039,66668,66679,11
12.9207000732,80.16847229,66679,66689,10
12.9204101563,80.1693496704,66689,66699,10
12.9201602936,80.1702270508,66699,66709,10
12.9198999405,80.1711883545,66709,66739,30
12.9198999405,80.1711883545,66739,66750,11
12.9197998047,80.1714401245,66750,66760,10
12.919670105,80.1718521118,66760,66770,10
12.9194898605,80.1724777222,66770,66780,10
12.9192399979,80.1733016968,66780,66790,10
12.9190397263,80.1741485596,66790,66800,10
12.9188299179,80.1750488281,66800,66810,10
12.9186000824,80.1759185791,66810,66820,10
12.918419838,80.1768035889,66820,66830,10
12.9182596207,80.1777801514,66830,66840,10
12.9187202454,80.1786499023,66840,66850,10
12.919260025,80.1794662476,66850,66861,11
12.9195299149,80.1805496216,66861,66871,10
12.9197397232,80.1815490723,66871,66887,16
12.9200801849,80.1829605103,66887,66899,12
12.920249939,80.1835784912,66899,66929,30
12.920249939,80.1835784912,66929,66939,10
12.9202804565,80.1836700439,66939,66949,10
12.9203300476,80.1838378906,66949,66959,10
12.9203596115,80.1839981079,66959,66970,11
12.9204397202,80.1840667725,66970,66980,10
12.9206800461,80.1839904785,66980,66990,10
12.9210700989,80.1838226318,66990,67000,10
12.9215803146,80.1836090088,67000,67010,10
12.9222097397,80.183380127,67010,67020,10
12.9228096008,80.1831893921,67020,67030,10
12.9236001968,80.1830368042,67030,67040,10
12.9243202209,80.1828994751,67040,67050,10
12.9249401093,80.182800293,67050,67060,10
12.925620079,80.1826934814,67060,67071,11
12.9263496399,80.1825637817,67071,67081,10
12.9270095825,80.1824264526,67081,67091,10
12.927740097,80.1822814941,67091,67101,10
12.9285202026,80.1820907593,67101,67111,10
12.9292802811,80.1819076538,67111,67121,10
12.9300298691,80.1817321777,67121,67131,10
12.9307699203,80.1815490723,67131,67141,10
12.9313201904,80.1815795898,67141,67171,30
12.9313201904,80.1815795898,67171,67182,11
12.9314403534,80.1816101074,67182,67192,10
12.9316301346,80.1816635132,67192,67202,10
12.9321098328,80.1817321777,67202,67212,10
12.9327602386,80.1818618774,67212,67222,10
12.9334402084,80.1820068359,67222,67232,10
12.9341201782,80.182182312,67232,67242,10
12.9347200394,80.1823272705,67242,67252,10
12.9351501465,80.1824188232,67252,67262,10
12.9354696274,80.1824417114,67262,67272,10
12.935959816,80.1824035645,67272,67282,10
12.9364795685,80.1823272705,67282,67293,11
12.9371595383,80.1822967529,67293,67303,10
12.9376897812,80.1822891235,67303,67319,16
12.9384098053,80.1823501587,67319,67361,42
12.9384098053,80.1823501587,67361,67371,10
12.9384899139,80.1823425293,67371,67381,10
12.9387397766,80.1823883057,67381,67402,21
12.9387397766,80.1823883057,67402,67413,11
12.9388504028,80.1824417114,67413,67423,10
12.9391002655,80.182472229,67423,67433,10
12.9394197464,80.1825866699,67433,67443,10
12.9399204254,80.1827163696,67443,67453,10
12.9404802322,80.1827926636,67453,67463,10
12.9410800934,80.182800293,67463,67473,10
12.9417600632,80.1828613281,67473,67483,10
12.9425296783,80.1829681396,67483,67493,10
12.9433097839,80.1829910278,67493,67504,11
12.9439296722,80.1830062866,67504,67514,10
12.9444904327,80.1830368042,67514,67544,30
12.9444904327,80.1830368042,67544,67554,10
12.944729805,80.183052063,67554,67564,10
12.9452695847,80.1830825806,67564,67574,10
12.9458503723,80.18334198,67574,67584,10
12.9464197159,80.1837768555,67584,67593,9
12.9468002319,80.1840896606,67593,67615,22
12.9468002319,80.1840896606,67615,67625,10
12.9468603134,80.1841506958,67625,67635,10
12.9471197128,80.1843719482,67635,67645,10
12.9475603104,80.1846694946,67645,67655,10
12.94810009,80.1849899292,67655,67665,10
12.9488401413,80.1852416992,67665,67716,51
12.9488401413,80.1852416992,67716,67726,10
12.9490203857,80.1852874756,67726,67736,10
12.9495296478,80.1854705811,67736,67746,10
12.9501800537,80.1856765747,67746,67756,10
12.9508695602,80.1859207153,67756,67766,10
12.9516496658,80.1861724854,67766,67776,10
12.9524402618,80.1863937378,67776,67792,16
12.9536104202,80.1865997314,67792,67804,12
12.9545497894,80.1867523193,67804,67814,10
12.9552602768,80.1868362427,67814,67824,10
12.9555397034,80.186882019,67824,67835,11
12.9560604095,80.1869430542,67835,67885,50
12.9560604095,80.1869430542,67885,67895,10
12.9561595917,80.18699646,67895,67904,9
12.9565496445,80.1870269775,67904,67915,11
12.9570798874,80.1870803833,67915,67926,11
12.9576101303,80.1870803833,67926,67936,10
12.9581403732,80.1870803833,67936,67946,10
12.9588603973,80.1871032715,67946,67955,9
12.9593400955,80.1871109009,67955,67966,11
12.959859848,80.1871414185,67966,67976,10
12.9604701996,80.1872024536,67976,67985,9
12.9609003067,80.1872634888,67985,67995,10
12.9614095688,80.1873626709,67995,68006,11
12.9615898132,80.1873779297,68006,68016,10
12.961689949,80.1874313354,68016,68026,10
12.962100029,80.1875,68026,68037,11
12.962679863,80.1875991821,68037,68047,10
12.9631204605,80.1876831055,68047,68057,10
12.9636602402,80.1878204346,68057,68067,10
12.9640703201,80.1879501343,68067,68077,10
12.9640798569,80.1879577637,68077,68087,10
12.9641599655,80.1879806519,68087,68097,10
12.964220047,80.1879882813,68097,68107,10
12.964509964,80.1880874634,68107,68117,10
12.9647703171,80.1881790161,68117,68127,10
12.9648895264,80.1882171631,68127,68138,11
12.9650602341,80.188293457,68138,68148,10
12.9653396606,80.1884384155,68148,68205,57
12.9653396606,80.1884384155,68205,68216,11
12.965760231,80.188583374,68216,68226,10
12.9660100937,80.1886825562,68226,68236,10
12.9662904739,80.1887969971,68236,68246,10
12.9666204453,80.1889190674,68246,68256,10
12.9670600891,80.1891021729,68256,68267,11
12.9675703049,80.1893081665,68267,68277,10
12.96833992,80.1896514893,68277,68317,40
12.96833992,80.1896514893,68317,68327,10
12.9685201645,80.1897583008,68327,68337,10
12.9688796997,80.1899185181,68337,68347,10
12.9692602158,80.1900863647,68347,68358,11
12.9697504044,80.190322876,68358,68368,10
12.9702196121,80.1905288696,68368,68378,10
12.9706802368,80.1907119751,68378,68388,10
12.9710197449,80.1908493042,68388,68398,10
12.9711503983,80.1909103394,68398,68408,10
12.9713802338,80.1910171509,68408,68418,10
12.9716997147,80.1911773682,68418,68428,10
12.9718103409,80.1912307739,68428,68438,10
12.9719800949,80.1912918091,68438,68448,10
12.9721803665,80.1913909912,68448,68459,11
12.9723300934,80.1914367676,68459,68469,10
12.9724903107,80.1915130615,68469,68479,10
12.9727201462,80.1915969849,68479,68509,30
12.9727201462,80.1915969849,68509,68519,10
12.9728803635,80.1916503906,68519,68529,10
12.9732198715,80.1917800903,68529,68539,10
12.9736795425,80.1919784546,68539,68549,10
12.9741897583,80.1921386719,68549,68560,11
12.9747400284,80.1923370361,68560,68570,10
12.9752197266,80.1925201416,68570,68580,10
12.9757099152,80.192779541,68580,68590,10
12.9760704041,80.1930923462,68590,68600,10
12.9764995575,80.193397522,68600,68610,10
12.9770202637,80.193687439,68610,68620,10
12.9775400162,80.1938400269,68620,68630,10
12.9780902863,80.1939315796,68630,68660,30
12.9780902863,80.1939315796,68660,68671,11
12.978269577,80.1939315796,68671,68681,10
12.9786100388,80.1940383911,68681,68691,10
12.9789400101,80.1941986084,68691,68701,10
12.9793395996,80.194442749,68701,68711,10
12.9794998169,80.1945495605,68711,68721,10
12.9797697067,80.1947631836,68721,68731,10
12.9801397324,80.1949920654,68731,68741,10
12.9805698395,80.1952209473,68741,68771,30
12.9807300568,80.1953125,68771,68792,21
12.980890274,80.1953811646,68792,68862,70
12.980890274,80.1953811646,68862,68872,10
12.9813098907,80.1956176758,68872,68883,11
12.9815597534,80.1957397461,68883,68893,10
12.9818096161,80.1958770752,68893,68903,10
12.9821395874,80.1960372925,68903,68913,10
12.9824800491,80.1962127686,68913,68923,10
12.9828701019,80.1964035034,68923,68933,10
12.9830799103,80.1963500977,68933,68943,10
12.9834403992,80.1961517334,68943,68953,10
12.9838399887,80.1960220337,68953,68963,10
12.9839696884,80.1959991455,68963,68973,10
12.9840602875,80.1959609985,68973,68983,10
12.9845399857,80.1959381104,68983,68994,11
12.9853200912,80.1959686279,68994,69004,10
12.986120224,80.1958618164,69004,69014,10
12.9869098663,80.195640564,69014,69024,10
12.9875802994,80.1954574585,69024,69034,10
12.9881696701,80.1953811646,69034,69044,10
12.9889497757,80.1954116821,69044,69054,10
12.9897203445,80.1954193115,69054,69064,10
12.9904899597,80.1952819824,69064,69074,10
12.991109848,80.1946029663,69074,69105,31
12.991109848,80.1946029663,69105,69115,10
12.9912700653,80.1943664551,69115,69125,10
12.9916200638,80.1938095093,69125,69135,10
12.9923200607,80.1933898926,69135,69145,10
12.993180275,80.1934204102,69145,69155,10
12.9939899445,80.193397522,69155,69165,10
12.9947395325,80.1933898926,69165,69175,10
12.9954795837,80.193359375,69175,69185,10
12.9962797165,80.1933517456,69185,69196,11
12.996720314,80.193321228,69196,69206,10
12.9967098236,80.1929397583,69206,69216,10
12.9965696335,80.1923675537,69216,69226,10
12.9963798523,80.1917114258,69226,69236,10
12.9962902069,80.1914367676,69236,69246,10
12.9961795807,80.1910629272,69246,69256,10
12.9960203171,80.1904907227,69256,69266,10
12.995880127,80.1899185181,69266,69307,41
12.995880127,80.1899185181,69307,69317,10
12.9958600998,80.1898193359,69317,69327,10
12.9958600998,80.1894989014,69327,69337,10
12.9961299896,80.1893768311,69337,69347,10
12.9964799881,80.1898117065,69347,69357,10
12.9969997406,80.1903915405,69357,69367,10
12.9975595474,80.1910934448,69367,69377,10
12.9981298447,80.1918334961,69377,69387,10
12.9987201691,80.1925811768,69387,69397,10
12.9993400574,80.1933822632,69397,69407,10
12.9998998642,80.1940994263,69407,69418,11
13.0005998611,80.1949768066,69418,69428,10
13.0011796951,80.1956634521,69428,69438,10
13.001660347,80.1962127686,69438,69448,10
13.0020904541,80.1969070435,69448,69458,10
13.002120018,80.1975784302,69458,69468,10
13.0020103455,80.1982116699,69468,69478,10
13.0018796921,80.198890686,69478,69488,10
13.0018196106,80.1995697021,69488,69498,10
13.0020999908,80.2002563477,69498,69514,16
13.0034399033,80.2008209229,69514,69547,33
13.0034399033,80.2008209229,69547,69556,9
13.0035104752,80.2008132935,69556,69567,11
13.0040597916,80.2010192871,69567,69577,10
13.0047702789,80.2012634277,69577,69587,10
13.0054302216,80.2016983032,69587,69597,10
13.005900383,80.2024002075,69597,69607,10
13.0062999725,80.2030410767,69607,69617,10
13.0068101883,80.2034301758,69617,69628,11
13.0074796677,80.2036895752,69628,69638,10
13.0082302094,80.2036819458,69638,69648,10
13.0081996918,80.2029037476,69648,69658,10
13.007519722,80.2032165527,69658,69668,10
13.0075798035,80.2042007446,69668,69678,10
13.0075902939,80.2052230835,69678,69687,9
13.0076799393,80.2061691284,69687,69698,11
13.0078401566,80.20728302,69698,69708,10
13.0079698563,80.2083435059,69708,69718,10
13.0081701279,80.2093734741,69718,69729,11
13.0085401535,80.2103424072,69729,69739,10
13.008939743,80.2106781006,69739,69769,30
13.008939743,80.2106781006,69769,69779,10
13.0091495514,80.2108078003,69779,69789,10
13.0092802048,80.2109375,69789,69809,20
13.0092802048,80.2109375,69809,69825,16
13.0091896057,80.2113113403,69825,69837,12
13.0090398788,80.2115020752,69837,69848,11
13.009059906,80.2117996216,69848,69858,10
13.009180069,80.2121734619,69858,69868,10
13.0093002319,80.212600708,69868,69878,10
13.0094900131,80.213142395,69878,69888,10
13.0096998215,80.2136688232,69888,69898,10
13.0099000931,80.2141799927,69898,69908,10
13.0100803375,80.2146377563,69908,69918,10
13.0101699829,80.2153015137,69918,69928,10
13.0102901459,80.2158966064,69928,69938,10
13.01060009,80.2165679932,69938,69948,10
13.0109300613,80.2172470093,69948,69959,11
13.0113096237,80.2181625366,69959,69969,10
13.011639595,80.219078064,69969,69979,10
13.0119695663,80.2200393677,69979,69988,9
13.0122404099,80.2208175659,69988,70000,12
13.0125799179,80.2215576172,70000,70010,10
13.0128602982,80.2219161987,70010,70020,10
13.0131597519,80.2222518921,70020,70030,10
13.0134401321,80.2226333618,70030,70040,10
13.0137300491,80.2230224609,70040,70051,11
13.0140800476,80.2234802246,70051,70061,10
13.014289856,80.2237167358,70061,70071,10
13.0145397186,80.2239685059,70071,70081,10
13.0152797699,80.2248764038,70081,70091,10
13.0152997971,80.224899292,70091,70111,20
13.0152997971,80.224899292,70111,70121,10
13.0154304504,80.2250289917,70121,70131,10
13.0158100128,80.2253112793,70131,70141,10
13.0162801743,80.2253875732,70141,70151,10
13.0168199539,80.2252502441,70151,70163,12
13.0174303055,80.2250137329,70163,70173,10
13.0179796219,80.2247924805,70173,70183,10
13.0184698105,80.2245864868,70183,70193,10
13.0189599991,80.2244186401,70193,70203,10
13.0192804337,80.2244186401,70203,70213,10
13.0194196701,80.2244415283,70213,70224,11
13.019610405,80.2245178223,70224,70234,10
13.0198297501,80.2246627808,70234,70244,10
13.0201196671,80.224899292,70244,70254,10
13.0203504562,80.2250595093,70254,70265,11
13.0205898285,80.225227356,70265,70275,10
13.0208301544,80.2253799438,70275,70285,10
13.0211801529,80.2256622314,70285,70295,10
13.0215797424,80.2259597778,70295,70305,10
13.0219402313,80.2261886597,70305,70335,30
13.0219402313,80.2261886597,70335,70345,10
13.0222597122,80.2264404297,70345,70386,41
13.0222597122,80.2264404297,70386,70396,10
13.0227298737,80.226890564,70396,70436,40
13.0227298737,80.226890564,70436,70446,10
13.0229797363,80.2272186279,70446,70456,10
13.0230102539,80.2272491455,70456,70466,10
13.0231599808,80.2274398804,70466,70477,11
13.0232601166,80.2275009155,70477,70487,10
13.0234603882,80.2276306152,70487,70497,10
13.0236797333,80.2277526855,70497,70507,10
13.0238800049,80.2279510498,70507,70517,10
13.0240497589,80.2280807495,70517,70527,10
13.0241699219,80.2282333374,70527,70537,10
13.0242500305,80.2283706665,70537,70547,10
13.0243797302,80.228553772,70547,70557,10
13.0244998932,80.2287521362,70557,70567,10
13.0246400833,80.2289505005,70567,70578,11
13.0248003006,80.2291870117,70578,70588,10
13.0249900818,80.2294387817,70588,70598,10
13.0253200531,80.2298583984,70598,70608,10
13.0256299973,80.2303085327,70608,70618,10
13.0257701874,80.2305831909,70618,70628,10
13.0258302689,80.2306976318,70628,70638,10
13.0259504318,80.231048584,70638,70648,10
13.0260000229,80.2313308716,70648,70658,10
13.0262403488,80.2313919067,70658,70668,10
13.0269403458,80.2311935425,70668,70689,21
13.0269403458,80.2311935425,70689,70699,10
13.0272598267,80.231086731,70699,70810,111
13.0272598267,80.231086731,70810,70820,10
13.0277500153,80.2309799194,70820,70850,30
13.0277500153,80.2309799194,70850,70859,9
13.0280399323,80.2309417725,70859,70870,11
13.0283098221,80.2309112549,70870,70880,10
13.0285701752,80.2308807373,70880,70890,10
13.0290899277,80.2308120728,70890,70971,81
13.0290899277,80.2308120728,70971,70981,10
13.0292396545,80.2307815552,70981,70991,10
13.029419899,80.2307815552,70991,71002,11
13.0297203064,80.2307662964,71002,71012,10
13.0300598145,80.2307662964,71012,71022,10
13.0302200317,80.2307434082,71022,71032,10
13.0305204391,80.2307434082,71032,71042,10
13.03083992,80.2306976318,71042,71052,10
13.0312204361,80.2306976318,71052,71062,10
13.0316696167,80.230682373,71062,71072,10
13.03221035,80.2306137085,71072,71082,10
13.0328598022,80.2305831909,71082,71092,10
13.0333204269,80.2305297852,71092,71102,10
13.0336799622,80.2304992676,71102,71113,11
13.0341300964,80.2304916382,71113,71123,10
13.0341997147,80.2304763794,71123,71139,16
13.0346698761,80.2303466797,71139,71171,32
13.0346698761,80.2303466797,71171,71181,10
13.0347900391,80.2299880981,71181,71222,41
13.0347900391,80.2299880981,71222,71232,10
13.0344104767,80.2300415039,71232,71656,424
13.0344104767,80.2300415039,71656,71666,10
13.0340995789,80.2303237915,71666,71676,10
13.0339403152,80.23046875,71676,71686,10
13.0335197449,80.2304916382,71686,71696,10
13.0329399109,80.2305831909,71696,71706,10
13.0323600769,80.2305984497,71706,71716,10
13.0317497253,80.230682373,71716,71726,10
13.0307598114,80.2307434082,71726,71777,51
13.0307598114,80.2307434082,71777,71787,10
13.0306196213,80.2307434082,71787,71797,10
13.0302696228,80.2307815552,71797,71807,10
13.0300397873,80.2308197021,71807,71817,10
13.0297203064,80.2308578491,71817,71827,10
13.0293998718,80.2308807373,71827,71837,10
13.0287399292,80.2309112549,71837,71847,10
13.0279798508,80.2309875488,71847,71857,10
13.0276002884,80.2312011719,71857,71868,11
13.027680397,80.231918335,71868,71878,10
13.0278100967,80.232673645,71878,71888,10
13.0274400711,80.2329330444,71888,71898,10
13.0270204544,80.233001709,71898,72009,111
13.0270204544,80.233001709,72009,72019,10
13.0266599655,80.2330474854,72019,72029,10
13.0264101028,80.233039856,72029,72039,10
13.0262804031,80.2327880859,72039,72049,10
13.0261802673,80.2325210571,72049,72059,10
13.0260801315,80.2322006226,72059,72070,11
13.0259504318,80.2316818237,72070,72080,10
13.0257797241,80.2310180664,72080,72090,10
13.0254096985,80.2302474976,72090,72100,10
13.0249900818,80.229637146,72100,72140,40
13.0249900818,80.229637146,72140,72150,10
13.0248203278,80.2294235229,72150,72160,10
13.0246400833,80.2291793823,72160,72177,17
13.0240802765,80.2284164429,72177,72189,12
13.0234603882,80.2276992798,72189,72199,10
13.023059845,80.2275238037,72199,72229,30
13.023059845,80.2275238037,72229,72239,10
13.0228595734,80.2273406982,72239,72249,10
13.0225601196,80.2269363403,72249,72259,10
13.022069931,80.2264633179,72259,72269,10
13.0214500427,80.2259597778,72269,72280,11
13.0205001831,80.2252426147,72280,72290,10
13.0200996399,80.2249908447,72290,72300,10
13.0200996399,80.2249832153,72300,72310,10
13.0199298859,80.2248764038,72310,72320,10
13.0194101334,80.2245788574,72320,72330,10
13.0185203552,80.2246017456,72330,72340,10
13.0176897049,80.224937439,72340,72350,10
13.0168399811,80.2252883911,72350,72360,10
13.0163202286,80.2254867554,72360,72370,10
13.0156002045,80.2257232666,72370,72380,10
13.0150003433,80.2259674072,72380,72391,11
13.0143604279,80.2262191772,72391,72401,10
13.0142202377,80.2262496948,72401,72411,10
13.0136995316,80.2264404297,72411,72421,10
13.0128803253,80.2267684937,72421,72431,10
13.0118904114,80.2271728516,72431,72441,10
13.0108699799,80.2275619507,72441,72451,10
13.009929657,80.2279281616,72451,72461,10
13.0094499588,80.2276306152,72461,72471,10
13.009759903,80.2269592285,72471,72481,10
13.0101003647,80.2261886597,72481,72491,10
13.0104799271,80.2253036499,72491,72502,11
13.0108203888,80.2244415283,72502,72512,10
13.011059761,80.223777771,72512,72522,10
13.0111198425,80.2237091064,72522,72532,10
13.0111999512,80.2236099243,72532,72542,10
13.0114002228,80.2231521606,72542,72552,10
13.0116701126,80.2223434448,72552,72562,10
13.0120296478,80.2214889526,72562,72572,10
13.0121097565,80.2210693359,72572,72581,9
13.0119199753,80.2204818726,72581,72591,10
13.0116500854,80.2195968628,72591,72603,12
13.0112895966,80.2185211182,72603,72613,10
13.0109596252,80.2176208496,72613,72623,10
13.0105800629,80.2167816162,72623,72633,10
13.0101995468,80.2161331177,72633,72643,10
13.0099000931,80.2154693604,72643,72653,10
13.0095701218,80.2149963379,72653,72663,10
13.0092697144,80.2145767212,72663,72673,10
13.0090503693,80.2142791748,72673,72683,10
13.0088996887,80.2140808105,72683,72693,10
13.0087995529,80.2139434814,72693,72703,10
13.0086803436,80.2138137817,72703,72764,61
13.0083398819,80.213470459,72764,72804,40
13.0083398819,80.213470459,72804,72815,11
13.0082101822,80.2134017944,72815,72825,10
13.0080795288,80.2133407593,72825,72845,20
13.0080795288,80.2133407593,72845,72855,10
13.0078697205,80.2132110596,72855,72865,10
13.0077495575,80.2130889893,72865,72875,10
13.0076799393,80.2130203247,72875,72885,10
13.007519722,80.2129211426,72885,72895,10
13.0074195862,80.2128829956,72895,72905,10
13.0070400238,80.2127914429,72905,72915,10
13.0063896179,80.2127990723,72915,72926,11
13.0057096481,80.2130432129,72926,72936,10
13.0051202774,80.2126617432,72936,72946,10
13.0046901703,80.2124023438,72946,72956,10
13.0042104721,80.2121887207,72956,72966,10
13.0039196014,80.2121124268,72966,72976,10
13.0036697388,80.2119903564,72976,72986,10
13.0036401749,80.2116928101,72986,72996,10
13.0036201477,80.2111968994,72996,73006,10
13.0035400391,80.2105026245,73006,73016,10
13.0034599304,80.2098617554,73016,73027,11
13.0035295486,80.2092514038,73027,73037,10
13.0037603378,80.2087097168,73037,73047,10
13.0042800903,80.2088317871,73047,73057,10
13.0046796799,80.209022522,73057,73067,10
13.0049695969,80.2091522217,73067,73077,10
13.0053195953,80.2092971802,73077,73087,10
13.0056695938,80.2094573975,73087,73097,10
13.0058898926,80.2095336914,73097,73107,10
13.0060300827,80.2095794678,73107,73124,17
13.0067396164,80.209777832,73124,73136,12
13.0068998337,80.2098083496,73136,73144,8
13.0071401596,80.2098999023,73144,73155,11
13.0074100494,80.2099533081,73155,73167,12
13.0079402924,80.2100219727,73167,73177,10
13.0081396103,80.2099304199,73177,73186,9
13.0080900192,80.2097396851,73186,73196,10
13.0079603195,80.2091217041,73196,73207,11
13.0078296661,80.2082595825,73207,73217,10
13.0076904297,80.2073364258,73217,73227,10
13.007519722,80.2063827515,73227,73238,11
13.0072603226,80.2054595947,73238,73248,10
13.0069303513,80.2046585083,73248,73258,10
13.0066003799,80.2039871216,73258,73268,10
13.0061903,80.2033996582,73268,73278,10
13.0058603287,80.2029266357,73278,73288,10
13.0056800842,80.20262146,73288,73298,10
13.005490303,80.2021789551,73298,73308,10
13.0048503876,80.2014923096,73308,73328,20
13.0046596527,80.2013702393,73328,73389,61
13.0046596527,80.2013702393,73389,73399,10
13.0042800903,80.2013626099,73399,73409,10
13.0042104721,80.2012863159,73409,73419,10
13.0041303635,80.2012023926,73419,73429,10
13.0039396286,80.201133728,73429,73450,21
13.0039396286,80.201133728,73450,73460,10
13.0036697388,80.2009887695,73460,73470,10
13.003490448,80.2009963989,73470,73480,10
13.0033798218,80.2009963989,73480,73490,10
13.0031995773,80.2008666992,73490,73500,10
13.0029497147,80.2007827759,73500,73510,10
13.0027399063,80.2006530762,73510,73520,10
13.0024700165,80.2005233765,73520,73530,10
13.0021800995,80.200378418,73530,73540,10
13.001999855,80.2002410889,73540,73550,10
13.0018997192,80.2001113892,73550,73561,11
13.0016698837,80.19972229,73561,73571,10
13.0015802383,80.199256897,73571,73581,10
13.0016803741,80.1986465454,73581,73591,10
13.0017995834,80.1978912354,73591,73601,10
13.001830101,80.1971588135,73601,73611,10
13.001540184,80.196472168,73611,73621,10
13.0010795593,80.1958007813,73621,73631,10
13.0005102158,80.1950836182,73631,73641,10
12.9999599457,80.1943511963,73641,73651,10
12.99958992,80.193862915,73651,73662,11
12.9993400574,80.1935577393,73662,73672,10
12.9991197586,80.1932983398,73672,73682,10
12.9985799789,80.1925964355,73682,73692,10
12.9985799789,80.1925964355,73692,73702,10
12.9982595444,80.1922683716,73702,73712,10
12.9977798462,80.1926269531,73712,73722,10
12.9971504211,80.1931533813,73722,73732,10
12.9968299866,80.1933822632,73732,73742,10
12.9962797165,80.1933898926,73742,73752,10
12.9954595566,80.193397522,73752,73763,11
12.9943704605,80.1934280396,73763,73774,11
12.9932804108,80.1934432983,73774,73784,10
12.992389679,80.1934204102,73784,73794,10
12.9916400909,80.1938171387,73794,73804,10
12.9912900925,80.1943588257,73804,73814,10
12.9910497665,80.1947631836,73814,73844,30
12.9910497665,80.1947631836,73844,73854,10
12.9908895493,80.1949768066,73854,73864,10
12.9905195236,80.1953430176,73864,73875,11
12.9897899628,80.1955566406,73875,73885,10
12.9890699387,80.1955413818,73885,73895,10
12.9884796143,80.1955718994,73895,73905,10
12.9877796173,80.1955718994,73905,73915,10
12.986989975,80.1958236694,73915,73925,10
12.9861698151,80.1961212158,73925,73935,10
12.9853601456,80.1962432861,73935,73945,10
12.9843702316,80.1962280273,73945,73955,10
12.9834403992,80.1963500977,73955,73965,10
12.9830799103,80.1964797974,73965,73976,11
12.9825897217,80.1967926025,73976,73986,10
12.9822597504,80.1971130371,73986,73996,10
12.9820604324,80.1970977783,73996,74117,121
12.9820604324,80.1970977783,74117,74127,10
12.982339859,80.1967163086,74127,74137,10
12.9826898575,80.1965026855,74137,74147,10
12.9826698303,80.1963195801,74147,74157,10
12.982219696,80.1960830688,74157,74167,10
12.9816703796,80.1958007813,74167,74187,20
12.9816703796,80.1958007813,74187,74198,11
12.9816303253,80.1957626343,74198,74208,10
12.9814195633,80.1956481934,74208,74218,10
12.9809999466,80.1954498291,74218,74228,10
12.9805698395,80.1952362061,74228,74238,10
12.9800596237,80.1949691772,74238,74248,10
12.9796104431,80.1946792603,74248,74258,10
12.9792203903,80.1943817139,74258,74268,10
12.9786396027,80.1940689087,74268,74278,10
12.9775600433,80.1938400269,74278,74309,31
12.9775600433,80.1938400269,74309,74319,10
12.9774999619,80.1938400269,74319,74329,10
12.9771604538,80.1937408447,74329,74339,10
12.9766597748,80.1934967041,74339,74349,10
12.9763002396,80.1932220459,74349,74359,10
12.975979805,80.1930084229,74359,74369,10
12.9754400253,80.1926422119,74369,74379,10
12.9747896194,80.1923675537,74379,74389,10
12.9743404388,80.1922073364,74389,74399,10
12.9738197327,80.1919937134,74399,74410,11
12.9731302261,80.1917190552,74410,74420,10
12.9725904465,80.1915283203,74420,74430,10
12.9721498489,80.1913528442,74430,74450,20
12.9721498489,80.1913528442,74450,74460,10
12.9717197418,80.1911697388,74460,74470,10
12.9711198807,80.1908874512,74470,74480,10
12.9705600739,80.1906280518,74480,74490,10
12.9698801041,80.1903762817,74490,74506,16
12.9690599442,80.189956665,74506,74519,13
12.968580246,80.1897583008,74519,74528,9
12.9680204391,80.1895217896,74528,74549,21
12.9680204391,80.1895217896,74549,74560,11
12.9678602219,80.1894378662,74560,74572,12
12.9673299789,80.189201355,74572,74582,10
12.9666900635,80.188949585,74582,74592,10
12.9660997391,80.1887207031,74592,74601,9
12.9654598236,80.1884536743,74601,74611,10
12.964969635,80.1882629395,74611,74623,12
12.9648799896,80.1882171631,74623,74633,10
12.9646501541,80.1881408691,74633,74643,10
12.9641399384,80.18800354,74643,74653,10
12.963640213,80.1878433228,74653,74663,10
12.9631299973,80.187713623,74663,74673,10
12.9625797272,80.1875686646,74673,74683,10
12.9619398117,80.1874237061,74683,74693,10
12.9612598419,80.1873016357,74693,74703,10
12.9607400894,80.18724823,74703,74723,20
12.9607400894,80.18724823,74723,74734,11
12.9603099823,80.1871795654,74734,74744,10
12.9598398209,80.1871032715,74744,74754,10
12.9592695236,80.1870574951,74754,74764,10
12.9586400986,80.1870269775,74764,74774,10
12.957909584,80.1870269775,74774,74784,10
12.9572601318,80.1870269775,74784,74794,10
12.9565200806,80.1869812012,74794,74804,10
12.955909729,80.1869735718,74804,74845,41
12.955909729,80.1869735718,74845,74855,10
12.9556999207,80.186958313,74855,74865,10
12.9555196762,80.1868972778,74865,74875,10
12.9553003311,80.1868667603,74875,74885,10
12.9547796249,80.1867904663,74885,74895,10
12.9540700912,80.1866836548,74895,74905,10
12.9533004761,80.1865463257,74905,74915,10
12.952460289,80.1864013672,74915,74925,10
12.9516801834,80.1861801147,74925,74935,10
12.9508600235,80.1859130859,74935,74946,11
12.9500102997,80.1856231689,74946,74956,10
12.9494304657,80.1854705811,74956,74996,40
12.9494304657,80.1854705811,74996,75006,10
12.9492702484,80.1854019165,75006,75016,10
12.9490098953,80.1853103638,75016,75026,10
12.9487400055,80.1852111816,75026,75036,10
12.9483098984,80.1850662231,75036,75047,11
12.9476699829,80.1847763062,75047,75057,10
12.9471797943,80.1844177246,75057,75067,10
12.9466400146,80.1840209961,75067,75077,10
12.945980072,80.1835174561,75077,75087,10
12.9454202652,80.1831207275,75087,75097,10
12.9445400238,80.1830673218,75097,75117,20
12.9445400238,80.1830673218,75117,75127,10
12.944439888,80.1830673218,75127,75137,10
12.9440202713,80.1830368042,75137,75148,11
12.9433603287,80.1829833984,75148,75158,10
12.9426603317,80.1829528809,75158,75168,10
12.9418802261,80.1828613281,75168,75178,10
12.9412002563,80.1827926636,75178,75188,10
12.9407596588,80.1827697754,75188,75198,10
12.9405202866,80.1827468872,75198,75208,10
12.9400901794,80.1827163696,75208,75218,10
12.939499855,80.1826095581,75218,75248,30
12.939499855,80.1826095581,75248,75259,11
12.9392700195,80.1825485229,75259,75269,10
12.9389400482,80.1824798584,75269,75279,10
12.9385700226,80.1823577881,75279,75289,10
12.9378995895,80.1822509766,75289,75299,10
12.9371795654,80.1822280884,75299,75309,10
12.9364004135,80.182258606,75309,75319,10
12.9357404709,80.1823577881,75319,75329,10
12.9350099564,80.1823501587,75329,75339,10
12.9342002869,80.182182312,75339,75349,10
12.9333400726,80.1819763184,75349,75360,11
12.9323101044,80.1817626953,75360,75370,10
12.931520462,80.181640625,75370,75380,10
12.9309797287,80.1815795898,75380,75390,10
12.9309501648,80.1815719604,75390,75400,10
12.9307403564,80.1815414429,75400,75410,10
12.9301204681,80.1816101074,75410,75420,10
12.9293003082,80.1818237305,75420,75430,10
12.9283800125,80.1820526123,75430,75440,10
12.9277000427,80.1822128296,75440,75450,10
12.92689991,80.1823883057,75450,75460,10
12.9259901047,80.1825637817,75460,75471,11
12.9249696732,80.1827392578,75471,75481,10
12.9240102768,80.1828918457,75481,75491,10
12.9232397079,80.1830368042,75491,75501,10
12.9225301743,80.1831893921,75501,75511,10
12.9217596054,80.1834793091,75511,75521,10
12.9210996628,80.1837387085,75521,75531,10
12.9208202362,80.1838684082,75531,75541,10
12.920539856,80.1839904785,75541,75551,10
12.9202203751,80.1839675903,75551,75561,10
12.9200601578,80.1834030151,75561,75572,11
12.9198799133,80.1826400757,75572,75592,20
12.9198799133,80.1826400757,75592,75602,10
12.9197998047,80.1822967529,75602,75612,10
12.9196596146,80.1816711426,75612,75622,10
12.9194803238,80.1808166504,75622,75632,10
12.919260025,80.1798095703,75632,75642,10
12.9187898636,80.1789321899,75642,75652,10
12.9182195663,80.1781234741,75652,75662,10
12.9182195663,80.1770782471,75662,75672,10
12.9184303284,80.1760406494,75672,75683,11
12.9187202454,80.1748962402,75683,75693,10
12.9189796448,80.1738128662,75693,75703,10
12.9192399979,80.1727523804,75703,75713,10
12.9194898605,80.1717834473,75713,75723,10
12.9196796417,80.1710586548,75723,75733,10
12.9197101593,80.1709899902,75733,75743,10
12.9197998047,80.1707687378,75743,75753,10
12.9200601578,80.169921875,75753,75763,10
12.9203596115,80.1690063477,75763,75773,10
12.9207000732,80.16796875,75773,75783,10
12.9210596085,80.1668319702,75783,75794,11
12.9214897156,80.1654891968,75794,75804,10
12.9218902588,80.1642608643,75804,75814,10
12.922249794,80.1630630493,75814,75824,10
12.9225702286,80.1620635986,75824,75834,10
12.9229001999,80.1610031128,75834,75844,10
12.9230499268,80.1604995728,75844,75854,10
12.9231004715,80.1603927612,75854,75864,10
12.9232397079,80.1597824097,75864,75874,10
12.9233503342,80.158821106,75874,75885,11
12.9234695435,80.1575088501,75885,75895,10
12.9235801697,80.1563568115,75895,75905,10
12.9232997894,80.1549224854,75905,75925,20
12.9232997894,80.1549224854,75925,75935,10
12.9232196808,80.1545181274,75935,75945,10
12.9230604172,80.1538619995,75945,75955,10
12.9228496552,80.1529998779,75955,75965,10
12.9226703644,80.1522827148,75965,75995,30
12.9226703644,80.1522827148,75995,76006,11
12.9226703644,80.1521224976,76006,76016,10
12.9226198196,80.1517486572,76016,76026,10
12.9225997925,80.1511611938,76026,76036,10
12.9225797653,80.1504592896,76036,76046,10
12.9225597382,80.1497268677,76046,76056,10
12.9225196838,80.1489715576,76056,76066,10
12.9225101471,80.1482391357,76066,76076,10
12.9224996567,80.1477432251,76076,76086,10
12.9224796295,80.1469116211,76086,76107,21
12.9224796295,80.1469116211,76107,76116,9
12.9224796295,80.1466827393,76116,76126,10
12.9224796295,80.1460876465,76126,76137,11
12.9224395752,80.1453399658,76137,76147,10
12.922419548,80.1444625854,76147,76157,10
12.9224004745,80.1437301636,76157,76167,10
12.9224004745,80.1435775757,76167,76177,10
12.9224004745,80.1434936523,76177,76187,10
12.922369957,80.1430511475,76187,76197,10
12.9223604202,80.1426467896,76197,76208,11
12.9223403931,80.1421203613,76208,76218,10
12.9223098755,80.1415176392,76218,76228,10
12.9223003387,80.1414108276,76228,76238,10
12.9223203659,80.1411819458,76238,76248,10
12.9223203659,80.1405563354,76248,76258,10
12.9223003387,80.1398010254,76258,76267,9
12.9222898483,80.1391677856,76267,76277,10
12.9223098755,80.1387023926,76277,76287,10
12.9223604202,80.1380767822,76287,76298,11
12.9223899841,80.1372680664,76298,76308,10
12.9224395752,80.1364364624,76308,76319,11
12.9224796295,80.1354980469,76319,76329,10
12.9225196838,80.1347579956,76329,76339,10
12.9225597382,80.1339111328,76339,76349,10
12.9225902557,80.1331634521,76349,76359,10
12.9226102829,80.1324310303,76359,76369,10
12.9226198196,80.1315765381,76369,76379,10
12.9226303101,80.1313400269,76379,76389,10
12.922659874,80.1309509277,76389,76399,10
12.9226903915,80.1303100586,76399,76409,10
12.9227199554,80.1297302246,76409,76420,11
12.9227600098,80.1290893555,76420,76430,10
12.9227895737,80.128616333,76430,76440,10
12.9227800369,80.1283187866,76440,76450,10
12.9228000641,80.1278381348,76450,76460,10
12.9228096008,80.1274795532,76460,76470,10
12.9228096008,80.1269073486,76470,76480,10
12.922829628,80.126083374,76480,76490,10
12.9228897095,80.1251831055,76490,76500,10
12.9229402542,80.124168396,76500,76510,10
12.9229803085,80.1231613159,76510,76520,10
12.9230203629,80.1221389771,76520,76531,11
12.9231100082,80.1207733154,76531,76551,20
12.9231100082,80.1207733154,76551,76561,10
12.9231395721,80.1207427979,76561,76571,10
12.9231796265,80.1203536987,76571,76581,10
12.9232301712,80.1197433472,76581,76591,10
12.9232301712,80.1190414429,76591,76601,10
12.9232797623,80.1183319092,76601,76611,10
12.9233703613,80.1176834106,76611,76621,10
12.9233798981,80.1170578003,76621,76652,31
12.9235801697,80.1168823242,76652,76682,30
12.9235801697,80.1168823242,76682,76692,10
12.923500061,80.1172332764,76692,76702,10
12.9234800339,80.1175613403,76702,76712,10
12.9235696793,80.1178970337,76712,76722,10
12.9235200882,80.1182937622,76722,76733,11
12.9234600067,80.1187973022,76733,76743,10
12.9233999252,80.1193771362,76743,76753,10
12.9233398438,80.1199188232,76753,76763,10
12.9232997894,80.1204910278,76763,76773,10
12.9232702255,80.1208267212,76773,76902,129
12.9232702255,80.1208267212,76902,76912,10
12.9231595993,80.1212921143,76912,76922,10
12.9231595993,80.1216583252,76922,76932,10
12.9231300354,80.1221389771,76932,76942,10
12.923119545,80.1226425171,76942,76953,11
12.9230804443,80.1232299805,76953,76963,10
12.9230699539,80.1238021851,76963,76973,10
12.9230298996,80.1244430542,76973,76983,10
12.9230003357,80.1251296997,76983,76993,10
12.9230203629,80.1256713867,76993,77023,30
12.9230203629,80.1256713867,77023,77033,10
12.9229898453,80.1258010864,77033,77043,10
12.9229297638,80.1262207031,77043,77054,11
12.9229001999,80.1270217896,77054,77064,10
12.9228696823,80.1277618408,77064,77074,10
12.9228200912,80.1284713745,77074,77084,10
12.9227800369,80.1292266846,77084,77094,10
12.9227399826,80.1300125122,77094,77104,10
12.9227199554,80.1307373047,77104,77114,10
12.9227104187,80.1314620972,77114,77124,10
12.9226703644,80.1322784424,77124,77134,10
12.9226398468,80.1329193115,77134,77144,10
12.9226102829,80.1337127686,77144,77154,10
12.9225702286,80.1345672607,77154,77165,11
12.9225502014,80.135017395,77165,77175,10
12.9225196838,80.1354827881,77175,77185,10
12.9224796295,80.1362991333,77185,77195,10
12.9224500656,80.1371231079,77195,77205,10
12.9224004745,80.1379470825,77205,77215,10
12.9223499298,80.1387023926,77215,77225,10
12.9223203659,80.1395721436,77225,77235,10
12.9223403931,80.1404190063,77235,77245,10
12.9223403931,80.1413269043,77245,77255,10
12.922369957,80.1422424316,77255,77265,10
12.9223899841,80.1427612305,77265,77276,11
12.9224395752,80.1430587769,77276,77286,10
12.9224596024,80.1434707642,77286,77296,10
12.9224996567,80.1437225342,77296,77306,10
12.9224796295,80.1439437866,77306,77316,10
12.9224901199,80.1445465088,77316,77326,10
12.9225196838,80.1452636719,77326,77336,10
12.9225597382,80.1461105347,77336,77346,10
12.9225702286,80.1469573975,77346,77356,10
12.9225902557,80.1475524902,77356,77368,12
12.9225597382,80.1482620239,77368,77380,12
12.9225902557,80.1493682861,77380,77390,10
12.9226303101,80.1504669189,77390,77400,10
12.922659874,80.1515197754,77400,77410,10
12.9227304459,80.1523590088,77410,77420,10
12.9229898453,80.1534423828,77420,77430,10
12.9232597351,80.1543807983,77430,77440,10
12.9233598709,80.1547393799,77440,77450,10
12.9233598709,80.1547470093,77450,77460,10
12.9234399796,80.1551132202,77460,77470,10
12.9236097336,80.1558685303,77470,77480,10
12.9236001968,80.1568069458,77480,77491,11
12.923500061,80.1578598022,77491,77501,10
12.9234104156,80.1588821411,77501,77511,10
12.9233102798,80.159942627,77511,77521,10
12.9232397079,80.1604003906,77521,77531,10
12.9231395721,80.16065979,77531,77541,10
12.9229001999,80.1613769531,77541,77551,10
12.9225902557,80.162361145,77551,77561,10
12.9223203659,80.1631698608,77561,77571,10
12.9219503403,80.1642913818,77571,77581,10
12.921620369,80.1653823853,77581,77592,11
12.9212598801,80.1664810181,77592,77602,10
12.920920372,80.1675491333,77602,77612,10
12.9206199646,80.1684799194,77612,77622,10
12.92029953,80.1695098877,77622,77632,10
12.919960022,80.1706390381,77632,77642,10
12.9196395874,80.1716766357,77642,77652,10
12.9193401337,80.1727828979,77652,77662,10
12.9190397263,80.1739196777,77662,77672,10
12.9187602997,80.1750869751,77672,77682,10
12.9184799194,80.1761703491,77682,77692,10
12.9182596207,80.1771469116,77692,77703,11
12.9183797836,80.1783370972,77703,77713,10
12.9190301895,80.1791992188,77713,77723,10
12.9194202423,80.1802597046,77723,77733,10
12.9196500778,80.181388855,77733,77743,10
12.9198904037,80.1824264526,77743,77753,10
12.9201202393,80.1834030151,77753,77763,10
12.9202098846,80.1836395264,77763,77773,10
12.9202604294,80.1837615967,77773,77783,10
12.9203195572,80.1839675903,77783,77793,10
12.9204397202,80.1840133667,77793,77804,11
12.9207601547,80.1838912964,77804,77814,10
12.9213695526,80.1836395264,77814,77824,10
12.922129631,80.1833496094,77824,77834,10
12.9229001999,80.1831207275,77834,77844,10
12.9236297607,80.1829833984,77844,77854,10
12.9244804382,80.1828079224,77854,77864,10
12.9251499176,80.1827087402,77864,77874,10
12.9260196686,80.1825790405,77874,77884,10
12.92689991,80.1824035645,77884,77894,10
12.9277801514,80.182220459,77894,77904,10
12.9286203384,80.1820220947,77904,77915,11
12.929599762,80.1817932129,77915,77925,10
12.9304800034,80.1815414429,77925,77935,10
12.9313497543,80.1815719604,77935,77955,20
12.9313497543,80.1815719604,77955,77965,10
12.9314699173,80.181602478,77965,77975,10
12.9316701889,80.181640625,77975,77985,10
12.9321403503,80.1817321777,77985,77995,10
12.9328899384,80.1818771362,77995,78005,10
12.9336595535,80.1820831299,78005,78015,10
12.9344797134,80.1822662354,78015,78026,11
12.9352998734,80.1824264526,78026,78036,10
12.9358901978,80.1823577881,78036,78046,10
12.9363098145,80.1822891235,78046,78056,10
12.936920166,80.1822509766,78056,78066,10
12.9376802444,80.1822509766,78066,78076,10
12.9384498596,80.1823272705,78076,78086,10
12.9388599396,80.1824035645,78086,78096,10
12.93887043,80.1824035645,78096,78106,10
12.939040184,80.1824493408,78106,78117,11
12.9394397736,80.1825790405,78117,78127,10
12.939909935,80.1827087402,78127,78136,9
12.9404802322,80.182762146,78136,78147,11
12.9413099289,80.1827926636,78147,78157,10
12.9421596527,80.1828918457,78157,78167,10
12.9431295395,80.1829605103,78167,78177,10
12.9439601898,80.1829986572,78177,78187,10
12.9446001053,80.1830062866,78187,78197,10
12.944729805,80.1830215454,78197,78207,10
12.9453401566,80.1830596924,78207,78217,10
12.9460296631,80.1834793091,78217,78227,10
12.946680069,80.1839981079,78227,78238,11
12.9474201202,80.1845703125,78238,78254,16
12.9487895966,80.1852111816,78254,78336,82
12.9487895966,80.1852111816,78336,78347,11
12.9493198395,80.1853637695,78347,78357,10
12.9499597549,80.1855621338,78357,78366,9
12.9506397247,80.1857833862,78366,78377,11
12.9514503479,80.1860733032,78377,78387,10
12.9524097443,80.1863479614,78387,78397,10
12.9533004761,80.1865310669,78397,78407,10
12.9541196823,80.1866607666,78407,78417,10
12.9549102783,80.1867675781,78417,78427,10
12.9552698135,80.1868209839,78427,78458,31
12.9552698135,80.1868209839,78458,78468,10
12.9555997849,80.1868972778,78468,78478,10
12.9560604095,80.186958313,78478,78488,10
12.9561595917,80.186958313,78488,78498,10
12.9562902451,80.1869506836,78498,78508,10
12.9563798904,80.1869812012,78508,78518,10
12.9568099976,80.1870269775,78518,78528,10
12.9574298859,80.1870574951,78528,78538,10
12.9581604004,80.1870574951,78538,78549,11
12.9589195251,80.1870803833,78549,78559,10
12.9595603943,80.1871032715,78559,78569,10
12.9602298737,80.1871414185,78569,78579,10
12.9609098434,80.1872634888,78579,78589,10
12.9615097046,80.1873474121,78589,78599,10
12.962220192,80.1874694824,78599,78609,10
12.9629402161,80.1875762939,78609,78619,10
12.963640213,80.1877365112,78619,78635,16
12.9645996094,80.188041687,78635,78647,12
12.9653100967,80.1883087158,78647,78658,11
12.9655399323,80.1884231567,78658,78668,10
12.965880394,80.1885528564,78668,78678,10
12.9663295746,80.1887283325,78678,78687,9
12.9668998718,80.1889724731,78687,78697,10
12.9675798416,80.1892471313,78697,78708,11
12.9682798386,80.1895599365,78708,78718,10
12.968290329,80.1895675659,78718,78728,10
12.9686498642,80.1897735596,78728,78738,10
12.9691095352,80.189956665,78738,78748,10
12.9695796967,80.1901779175,78748,78758,10
12.9700698853,80.1904067993,78758,78769,11
12.9706497192,80.1906585693,78769,78779,10
12.9712295532,80.1908798218,78779,78789,10
12.971739769,80.191116333,78789,78799,10
12.9720201492,80.1912536621,78799,78809,10
12.9722003937,80.1913299561,78809,78819,10
12.9725103378,80.1914367676,78819,78829,10
12.9726200104,80.1914825439,78829,78839,10
12.9730701447,80.1916427612,78839,78849,10
12.9736204147,80.1918411255,78849,78860,11
12.9741601944,80.1920623779,78860,78870,10
12.9746904373,80.1922531128,78870,78880,10
12.9751796722,80.1924362183,78880,78890,10
12.9756402969,80.1927032471,78890,78900,10
12.9760398865,80.1930389404,78900,78910,10
12.9764995575,80.193359375,78910,78920,10
12.9770097733,80.1936416626,78920,78930,10
12.977399826,80.1937637329,78930,78940,10
12.9777603149,80.1938171387,78940,78950,10
12.9778499603,80.1938171387,78950,78960,10
12.9782600403,80.1939086914,78960,78971,11
12.9788398743,80.194152832,78971,78981,10
12.97935009,80.1944503784,78981,78991,10
12.9798202515,80.194770813,78991,79001,10
12.9802703857,80.1950531006,79001,79011,10
12.9808197021,80.1953201294,79011,79021,10
12.9812602997,80.1955413818,79021,79031,10
12.9816102982,80.1957321167,79031,79041,10
12.9819498062,80.1959228516,79041,79051,10
12.9823799133,80.1961212158,79051,79061,10
12.9827604294,80.1963195801,79061,79071,10
12.9829702377,80.1963119507,79071,79082,11
12.9834003448,80.1960983276,79082,79092,10
12.9840097427,80.1959609985,79092,79102,10
12.9847202301,80.1959381104,79102,79112,10
12.9854297638,80.1959533691,79112,79122,10
12.986120224,80.1958236694,79122,79132,10
12.9867897034,80.1956176758,79132,79142,10
12.9874601364,80.1954269409,79142,79152,10
12.9881095886,80.1953964233,79152,79162,10
12.9888401031,80.1953811646,79162,79172,10
12.9895000458,80.1953887939,79172,79183,11
12.9902200699,80.1953811646,79183,79193,10
12.9907999039,80.1949691772,79193,79203,10
12.9910497665,80.1945877075,79203,79213,10
12.9910898209,80.1945495605,79213,79223,10
12.9911899567,80.1943588257,79223,79233,10
12.9914999008,80.1938934326,79233,79243,10
12.9919300079,80.1933898926,79243,79253,10
12.9925003052,80.193321228,79253,79263,10
12.993060112,80.193359375,79263,79273,10
12.9936304092,80.1933364868,79273,79283,10
12.9941797256,80.193321228,79283,79294,11
12.9948501587,80.1932983398,79294,79304,10
12.9955196381,80.1932601929,79304,79314,10
12.9961700439,80.1932678223,79314,79324,10
12.9965896606,80.1932373047,79324,79334,10
12.9966897964,80.1932067871,79334,79344,10
12.9967002869,80.1929397583,79344,79354,10
12.9965896606,80.1926269531,79354,79364,10
12.9965000153,80.1923065186,79364,79374,10
12.9963998795,80.1919708252,79374,79385,11
12.9962797165,80.191619873,79385,79445,60
12.9962797165,80.191619873,79445,79455,10
12.9963598251,80.19140625,79455,79465,10
12.9965600967,80.1912612915,79465,79526,61
12.9965600967,80.1912612915,79526,79536,10
12.9966602325,80.1912231445,79536,79546,10
12.9966402054,80.1909713745,79546,79556,10
12.9968299866,80.1908187866,79556,79576,20
12.9968299866,80.1908187866,79576,79586,10
12.997010231,80.1909332275,79586,79707,121
12.997010231,80.1909332275,79707,79718,11
12.9968500137,80.1911087036,79718,79950,232
12.9968500137,80.1911087036,79950,79960,10
12.9969501495,80.191078186,79960,79970,10
12.9970598221,80.1911468506,79970,79980,10
