13.0147895813,80.2257614136,11,2133,2122
13.0147895813,80.2257614136,2133,2143,10
13.0145797729,80.2256622314,2143,2305,162
13.0147800446,80.225692749,2305,6265,3960
13.0147800446,80.225692749,6265,6275,10
13.0145902634,80.2255630493,6275,6296,21
13.0145902634,80.2255630493,6296,6306,10
13.0147800446,80.2255630493,6306,7538,1232
13.0149803162,80.2253494263,7538,7932,394
13.014960289,80.2255020142,7932,10013,2081
13.0150604248,80.2256469727,10013,10356,343
13.0150003433,80.2255401611,10356,15794,5438
13.0150003433,80.2255401611,15794,15804,10
13.0146999359,80.2255706787,15804,15814,10
13.0145902634,80.2253723145,15814,15824,10
13.0142402649,80.2255096436,15824,16432,608
13.0141401291,80.2253875732,16432,17433,1001
13.0141601563,80.225479126,17433,18362,929
13.0141601563,80.225479126,18362,18372,10
13.0142803192,80.2253189087,18372,18938,566
13.0141296387,80.2253875732,18938,19130,192
13.0142297745,80.2253112793,19130,19291,161
13.0143203735,80.2253799438,19291,19473,182
13.0142202377,80.2252578735,19473,19655,182
13.0142202377,80.2252578735,19655,19665,10
13.0142498016,80.2254180908,19665,19675,10
13.0142498016,80.2256393433,19675,19685,10
13.0142602921,80.2256774902,19685,19695,10
13.0142402649,80.2260284424,19695,19726,31
13.0142402649,80.2260284424,19726,19736,10
13.0141601563,80.2262573242,19736,19746,10
13.0138196945,80.2264022827,19746,19756,10
13.013299942,80.2266082764,19756,19766,10
13.0127601624,80.2268218994,19766,19776,10
13.0121898651,80.2270584106,19776,19786,10
13.0114803314,80.2273406982,19786,19796,10
13.0106601715,80.2276611328,19796,19807,11
13.0097303391,80.2279205322,19807,19817,10
13.0096302032,80.2274169922,19817,19827,10
13.0098896027,80.2267990112,19827,19837,10
13.0102396011,80.2260513306,19837,19847,10
13.0106401443,80.2251586914,19847,19857,10
13.0110797882,80.2241592407,19857,19867,10
13.0113697052,80.2233734131,19867,19877,10
13.0115203857,80.2233123779,19877,19887,10
13.0119199753,80.2235336304,19887,19897,10
13.0125598907,80.2238388062,19897,19908,11
13.0133600235,80.2242584229,19908,19918,10
13.0141496658,80.2246704102,19918,19928,10
13.0150403976,80.2251281738,19928,19938,10
13.0154600143,80.2253265381,19938,19948,10
13.0157203674,80.2252731323,19948,19958,10
13.0161104202,80.2253036499,19958,19974,16
13.0172100067,80.2250289917,19974,19986,12
13.0182800293,80.224609375,19986,19996,10
13.0193195343,80.2243499756,19996,20006,10
13.0202198029,80.2248306274,20006,20017,11
13.0211801529,80.2255630493,20017,20027,10
13.0219697952,80.2261581421,20027,20037,10
13.0228395462,80.2268981934,20037,20047,10
13.0236797333,80.2276763916,20047,20057,10
13.0244102478,80.2285079956,20057,20067,10
13.0250997543,80.2294464111,20067,20077,10
13.0257396698,80.2303619385,20077,20087,10
13.0260601044,80.2312469482,20087,20097,10
13.0263996124,80.2313079834,20097,20107,10
13.0270900726,80.2311325073,20107,20118,11
13.0279102325,80.2309799194,20118,20128,10
13.0286798477,80.2308883667,20128,20138,10
13.0293903351,80.230796814,20138,20148,10
13.0298299789,80.2307662964,20148,20157,9
13.0304498672,80.2307128906,20157,20168,11
13.0312299728,80.2306518555,20168,20177,9
13.0318803787,80.2305984497,20177,20188,11
13.0325403214,80.2305374146,20188,20198,10
13.0337095261,80.23046875,20198,20208,10
13.0343103409,80.2304077148,20208,20219,11
13.0348300934,80.2302780151,20219,20229,10
13.0350999832,80.2299804688,20229,20239,10
13.0349998474,80.2298202515,20239,20249,10
13.0346498489,80.2297973633,20249,20259,10
13.0343704224,80.2297668457,20259,20320,61
13.0343704224,80.2297668457,20320,20330,10
13.0342197418,80.2300567627,20330,20340,10
13.0342197418,80.2303085327,20340,20380,40
13.0342197418,80.2303085327,20380,20390,10
13.0341396332,80.2304916382,20390,20400,10
13.033949852,80.2304611206,20400,20411,11
13.0336799622,80.2304534912,20411,20421,10
13.0332202911,80.2304992676,20421,20431,10
13.0326004028,80.2305526733,20431,20441,10
13.0318403244,80.2306213379,20441,20451,10
13.0309495926,80.2307128906,20451,20461,10
13.0302000046,80.2307815552,20461,20471,10
13.0296401978,80.2308273315,20471,20481,10
13.0290899277,80.2308731079,20481,20491,10
13.0283498764,80.2309494019,20491,20501,10
13.0277395248,80.2310180664,20501,20512,11
13.0277004242,80.2313995361,20512,20522,10
13.0277795792,80.2319793701,20522,20532,10
13.0278596878,80.2325134277,20532,20542,10
13.0276403427,80.2328567505,20542,20560,18
13.0269498825,80.2329788208,20560,20572,12
13.0266304016,80.233039856,20572,20580,8
13.0263996124,80.2328414917,20580,20592,12
13.0261697769,80.2320327759,20592,20602,10
13.0259399414,80.231086731,20602,20612,10
13.0254297256,80.2300567627,20612,20623,11
13.0246601105,80.2290420532,20623,20633,10
13.0239801407,80.2281417847,20633,20643,10
13.0230798721,80.2273178101,20643,20663,20
13.0230798721,80.2273178101,20663,20673,10
13.0228900909,80.2271499634,20673,20683,10
13.0225296021,80.2267303467,20683,20693,10
13.0220003128,80.2263031006,20693,20703,10
13.0213003159,80.2257766724,20703,20714,11
13.0203800201,80.2251205444,20714,20724,10
13.0193796158,80.2245483398,20724,20734,10
13.018239975,80.2247390747,20734,20744,10
13.0171604156,80.225189209,20744,20754,10
13.0164804459,80.2253875732,20754,20764,10
13.016119957,80.225440979,20764,20774,10
13.015709877,80.2257232666,20774,20784,10
13.0149898529,80.2260284424,20784,20794,10
13.0143098831,80.2263031006,20794,20805,11
13.0142402649,80.2263412476,20805,20815,10
13.0138301849,80.2264785767,20815,20825,10
13.0131597519,80.2267227173,20825,20835,10
13.012339592,80.2270278931,20835,20845,10
13.0113401413,80.2274169922,20845,20855,10
13.0102701187,80.2278366089,20855,20865,10
13.009519577,80.2276687622,20865,20875,10
13.0098400116,80.2269210815,20875,20885,10
13.0102701187,80.2259674072,20885,20895,10
13.010720253,80.2249298096,20895,20906,11
13.0111503601,80.2238693237,20906,20916,10
13.0113601685,80.2233123779,20916,20926,10
13.0115404129,80.2228469849,20926,20936,10
13.0118303299,80.2220687866,20936,20946,10
13.0121002197,80.2210388184,20946,20956,10
13.0117902756,80.2199630737,20956,20966,10
13.0114402771,80.2188720703,20966,20976,10
13.0110397339,80.2178192139,20976,20986,10
13.0106201172,80.2167663574,20986,20996,10
13.0101604462,80.2158966064,20996,21007,11
13.0096101761,80.2149200439,21007,21017,10
13.0090904236,80.2142028809,21017,21027,10
13.0084600449,80.2134628296,21027,21037,10
13.0080299377,80.2132263184,21037,21077,40
13.0080299377,80.2132263184,21077,21087,10
13.007900238,80.213142395,21087,21097,10
13.0076503754,80.2129364014,21097,21107,10
13.0070800781,80.2127838135,21107,21118,11
13.0062599182,80.2128295898,21118,21128,10
13.0055103302,80.2128372192,21128,21137,9
13.0047397614,80.2123718262,21137,21148,11
13.0036401749,80.212059021,21148,21158,10
13.0025196075,80.2121276855,21158,21168,10
13.0017995834,80.2125167847,21168,21178,10
13.0010595322,80.2130966187,21178,21188,10
13.0002698898,80.2138137817,21188,21198,10
12.9997797012,80.2142562866,21198,21209,11
12.9992704391,80.2146911621,21209,21219,10
12.9990196228,80.2148971558,21219,21228,9
12.9986495972,80.2152099609,21228,21239,11
12.9979496002,80.2158203125,21239,21249,10
12.9974403381,80.2163009644,21249,21259,10
12.9973897934,80.2164001465,21259,21269,10
12.9970798492,80.2165374756,21269,21279,10
12.9964103699,80.2165985107,21279,21289,10
12.9955596924,80.2168121338,21289,21299,10
12.9947595596,80.2172927856,21299,21310,11
12.9939203262,80.2179107666,21310,21320,10
12.9930295944,80.2185211182,21320,21330,10
12.9921398163,80.2191696167,21330,21340,10
12.9914197922,80.2197113037,21340,21350,10
12.9906797409,80.2202835083,21350,21360,10
12.9898996353,80.2209472656,21360,21370,10
12.9892501831,80.2217102051,21370,21380,10
12.9886903763,80.222366333,21380,21390,10
12.9880695343,80.2229232788,21390,21401,11
12.9878101349,80.2230987549,21401,21411,10
12.9876098633,80.2231216431,21411,21421,10
12.9871997833,80.2230911255,21421,21431,10
12.9866104126,80.2229919434,21431,21441,10
12.9859104156,80.2229919434,21441,21451,10
12.9854898453,80.2232666016,21451,21461,10
12.9850196838,80.2231903076,21461,21471,10
12.9842796326,80.2227935791,21471,21481,10
12.9836797714,80.2224578857,21481,21491,10
12.9832601547,80.2221832275,21491,21502,11
12.9831199646,80.222076416,21502,21512,10
12.9827299118,80.2219314575,21512,21522,10
12.9820804596,80.2216873169,21522,21532,10
12.9815502167,80.221321106,21532,21542,10
12.9808397293,80.2210388184,21542,21552,10
12.9800596237,80.2210769653,21552,21562,10
12.9792604446,80.2211380005,21562,21572,10
12.9784698486,80.2211837769,21572,21582,10
12.9777803421,80.2211990356,21582,21592,10
12.9770803452,80.2212295532,21592,21603,11
12.9763097763,80.2212524414,21603,21613,10
12.9759197235,80.2212600708,21613,21629,16
12.9754695892,80.220916748,21629,21651,22
12.9754695892,80.220916748,21651,21661,10
12.975279808,80.2207565308,21661,21671,10
12.9749202728,80.2205963135,21671,21681,10
12.9742603302,80.2202987671,21681,21691,10
12.9734096527,80.2199401855,21691,21702,11
12.9722700119,80.2195205688,21702,21712,10
12.9713001251,80.2192230225,21712,21722,10
12.9709196091,80.2191009521,21722,21732,10
12.9708204269,80.2190170288,21732,21742,10
12.9706296921,80.2189483643,21742,21752,10
12.9701900482,80.2187423706,21752,21762,10
12.9695997238,80.21849823,21762,21772,10
12.968919754,80.2182388306,21772,21782,10
12.9682302475,80.2179718018,21782,21792,10
12.9675502777,80.2176971436,21792,21803,11
12.9666204453,80.2173233032,21803,21813,10
12.9655199051,80.2168731689,21813,21823,10
12.9643297195,80.2163925171,21823,21833,10
12.9634599686,80.2159805298,21833,21843,10
12.9628295898,80.2157287598,21843,21853,10
12.9623203278,80.2155380249,21853,21863,10
12.9615802765,80.2152481079,21863,21873,10
12.9607000351,80.2148971558,21873,21883,10
12.9596595764,80.2144699097,21883,21893,10
12.9586000443,80.214050293,21893,21904,11
12.9574298859,80.2135696411,21904,21914,10
12.9563398361,80.2131576538,21914,21924,10
12.9552602768,80.2127380371,21924,21934,10
12.9541702271,80.2123031616,21934,21944,10
12.9538803101,80.2122192383,21944,21954,10
12.9535198212,80.212059021,21954,21964,10
12.9528598785,80.2117996216,21964,21974,10
12.9520101547,80.2114562988,21974,21984,10
12.9509801865,80.2110595703,21984,21994,10
12.9499502182,80.210647583,21994,22005,11
12.9488801956,80.2102279663,22005,22015,10
12.9478702545,80.2098236084,22015,22025,10
12.9466495514,80.2093505859,22025,22035,10
12.9453802109,80.2088470459,22035,22045,10
12.9443597794,80.208442688,22045,22055,10
12.9442195892,80.2083969116,22055,22065,10
12.9441299438,80.208366394,22065,22075,10
12.9436798096,80.2081604004,22075,22085,10
12.9430398941,80.2077789307,22085,22095,10
12.9424600601,80.2070388794,22095,22106,11
12.9415102005,80.2062683105,22106,22116,10
12.9407396317,80.2058792114,22116,22126,10
12.9398698807,80.205619812,22126,22136,10
12.9388504028,80.2053222656,22136,22146,10
12.9377698898,80.2050018311,22146,22156,10
12.9366998672,80.2046966553,22156,22166,10
12.9357995987,80.2044296265,22166,22176,10
12.9351797104,80.2041473389,22176,22186,10
12.9344596863,80.2040023804,22186,22197,11
12.9337701797,80.2039413452,22197,22207,10
12.9336900711,80.203918457,22207,22217,10
12.933429718,80.2038574219,22217,22227,10
12.9328699112,80.2036590576,22227,22237,10
12.9321498871,80.2034225464,22237,22247,10
12.9314002991,80.2031784058,22247,22257,10
12.9305801392,80.2029266357,22257,22267,10
12.9298000336,80.2028198242,22267,22277,10
12.9294500351,80.2027664185,22277,22287,10
12.9292097092,80.2027206421,22287,22298,11
12.928609848,80.202583313,22298,22308,10
12.9285001755,80.2018966675,22308,22318,10
12.928440094,80.2010574341,22318,22328,10
12.9284000397,80.2001190186,22328,22338,10
12.9281702042,80.1993408203,22338,22348,10
12.9278802872,80.1987304688,22348,22358,10
12.9274597168,80.1981582642,22358,22374,16
12.926320076,80.1976089478,22374,22386,12
12.9256401062,80.1975402832,22386,22396,10
12.9254302979,80.1975326538,22396,22407,11
12.9249401093,80.197517395,22407,22416,9
12.9243602753,80.1975097656,22416,22427,11
12.9237298965,80.1974868774,22427,22437,10
12.92304039,80.1974182129,22437,22447,10
12.9222698212,80.1973266602,22447,22457,10
12.9220199585,80.1972885132,22457,22467,10
12.9216499329,80.1971664429,22467,22477,10
12.9210596085,80.1969528198,22477,22487,10
12.9204797745,80.196762085,22487,22498,11
12.920009613,80.1965866089,22498,22508,10
12.9195995331,80.1964416504,22508,22518,10
12.9194698334,80.1963806152,22518,22528,10
12.9191999435,80.196182251,22528,22538,10
12.9187097549,80.1957626343,22538,22548,10
12.918129921,80.1952514648,22548,22558,10
12.917550087,80.194732666,22558,22568,10
12.9170598984,80.1940917969,22568,22578,10
12.9169902802,80.193321228,22578,22588,10
12.917090416,80.1925811768,22588,22599,11
12.9171800613,80.1920394897,22599,22609,10
12.9172401428,80.1915588379,22609,22619,10
12.9172697067,80.1913604736,22619,22629,10
12.9173202515,80.191116333,22629,22639,10
12.9173603058,80.1906585693,22639,22649,10
12.9173898697,80.1902923584,22649,22659,10
12.9175395966,80.1896286011,22659,22669,10
12.9179000854,80.1889038086,22669,22679,10
12.9184999466,80.1881790161,22679,22690,11
12.9192399979,80.1873703003,22690,22700,10
12.9200000763,80.1864776611,22700,22710,10
12.9205799103,80.1855392456,22710,22720,10
12.9204397202,80.1848526001,22720,22730,10
12.9202804565,80.18409729,22730,22740,10
12.9200601578,80.1831283569,22740,22750,10
12.9199800491,80.182800293,22750,22760,10
12.9199199677,80.1825180054,22760,22770,10
12.9199199677,80.182510376,22770,22780,10
12.9198904037,80.1824111938,22780,22791,11
12.9197902679,80.1819381714,22791,22801,10
12.9196500778,80.1812362671,22801,22811,10
12.9194698334,80.1803817749,22811,22821,10
12.9191703796,80.179359436,22821,22831,10
12.9185199738,80.1784515381,22831,22841,10
12.9182195663,80.1773910522,22841,22851,10
12.9184303284,80.1762619019,22851,22861,10
12.9186897278,80.1752700806,22861,22871,10
12.9189901352,80.1740264893,22871,22881,10
12.9193000793,80.1728591919,22881,22892,11
12.9195995331,80.1716918945,22892,22902,10
12.9197797775,80.171043396,22902,22912,10
12.919839859,80.1708984375,22912,22922,10
12.920009613,80.1703186035,22922,22932,10
12.9202804565,80.1694564819,22932,22942,10
12.9206199646,80.1683807373,22942,22952,10
12.920999527,80.1672210693,22952,22962,10
12.9213495255,80.1661071777,22962,22972,10
12.9217100143,80.1650238037,22972,22982,10
12.9220304489,80.1640090942,22982,22993,11
12.9223403931,80.1630630493,22993,23003,10
12.9225902557,80.1622619629,23003,23019,16
12.9230604172,80.1606521606,23019,23041,22
12.9230604172,80.1606521606,23041,23050,9
12.9231395721,80.1604537964,23050,23061,11
12.9232997894,80.159866333,23061,23071,10
12.9233999252,80.1590194702,23071,23081,10
12.923500061,80.1579208374,23081,23092,11
12.923620224,80.1566772461,23092,23102,10
12.9236297607,80.155708313,23102,23111,9
12.9234104156,80.1549835205,23111,23122,11
12.9233999252,80.1549301147,23122,23132,10
12.923330307,80.1545791626,23132,23142,10
12.9231901169,80.1540527344,23142,23152,10
12.9230098724,80.1533203125,23152,23162,10
12.9228000641,80.1524887085,23162,23172,10
12.9226903915,80.1519775391,23172,23182,10
12.9226903915,80.1519699097,23182,23193,11
12.9226703644,80.1516036987,23193,23203,10
12.9226703644,80.1508865356,23203,23213,10
12.9226503372,80.1498794556,23213,23223,10
12.9225997925,80.1487197876,23223,23233,10
12.9225997925,80.1476593018,23233,23243,10
12.9225702286,80.1468734741,23243,23253,10
12.9225597382,80.1467590332,23253,23263,10
12.9225597382,80.1463165283,23263,23273,10
12.9225301743,80.1455688477,23273,23284,11
12.9224996567,80.144569397,23284,23294,10
12.9224796295,80.1438369751,23294,23304,10
12.9224596024,80.1435012817,23304,23314,10
12.9224500656,80.1429672241,23314,23334,20
12.9224500656,80.1429672241,23334,23344,10
12.9224500656,80.1427001953,23344,23354,10
12.9224395752,80.1420974731,23354,23364,10
12.9224300385,80.1412582397,23364,23374,10
12.9223899841,80.1408004761,23374,23385,11
12.9223899841,80.1406097412,23385,23395,10
12.9224100113,80.1404495239,23395,23405,10
12.922419548,80.1399612427,23405,23415,10
12.922419548,80.1392593384,23415,23425,10
12.9224500656,80.1383972168,23425,23435,10
12.9224996567,80.1373825073,23435,23445,10
12.9225597382,80.1363372803,23445,23455,10
12.9225902557,80.1352005005,23455,23465,10
12.9226398468,80.1340408325,23465,23475,10
12.9226903915,80.1329498291,23475,23486,11
12.9226999283,80.1320724487,23486,23496,10
12.9227304459,80.1310806274,23496,23506,10
12.9227895737,80.1301193237,23506,23516,10
12.922829628,80.1293106079,23516,23526,10
12.9229001999,80.1285324097,23526,23536,10
12.9229097366,80.1279067993,23536,23552,16
12.9229402542,80.126739502,23552,23564,12
12.922949791,80.1258010864,23564,23572,8
12.9229698181,80.1253585815,23572,23585,13
12.9230098724,80.124382019,23585,23595,10
12.9230499268,80.1234664917,23595,23605,10
12.9231004715,80.1223678589,23605,23615,10
12.9231700897,80.1212081909,23615,23624,9
12.9232196808,80.1204376221,23624,23655,31
12.9232196808,80.1204376221,23655,23665,10
12.9232902527,80.1202011108,23665,23675,10
12.9233198166,80.1195602417,23675,23686,11
12.9233503342,80.1186904907,23686,23696,10
12.9234399796,80.1179504395,23696,23706,10
12.923500061,80.1171417236,23706,23716,10
12.9234695435,80.1169128418,23716,23726,10
12.9235696793,80.1168365479,23726,23736,10
12.9235897064,80.1170425415,23736,23746,10
12.9235601425,80.1172637939,23746,23756,10
12.923620224,80.1176528931,23756,23766,10
12.9236097336,80.118057251,23766,23776,10
12.9235496521,80.1185836792,23776,23787,11
12.923500061,80.1192321777,23787,23797,10
12.9233703613,80.1199188232,23797,23807,10
12.9233398438,80.1202316284,23807,23817,10
12.923330307,80.1203231812,23817,23827,10
12.9232997894,80.1207427979,23827,23837,10
12.9233598709,80.1210021973,23837,24868,1031
12.9233598709,80.1210021973,24868,24878,10
12.9232902527,80.1212005615,24878,24888,10
12.9232702255,80.1215362549,24888,24898,10
12.9232702255,80.1216430664,24898,24908,10
12.9232501984,80.1220016479,24908,24918,10
12.9232301712,80.122467041,24918,24928,10
12.9231901169,80.1231002808,24928,24938,10
12.9231595993,80.1238098145,24938,24948,10
12.9231300354,80.1245803833,24948,24958,10
12.9231100082,80.125328064,24958,24969,11
12.9231100082,80.125617981,24969,24979,10
12.9230899811,80.1257400513,24979,24989,10
12.9230499268,80.1262283325,24989,24999,10
12.9230203629,80.1269607544,24999,25009,10
12.9229803085,80.1276779175,25009,25019,10
12.9229202271,80.12840271,25019,25029,10
12.9228696823,80.1292114258,25029,25039,10
12.922829628,80.1301422119,25039,25049,10
12.922829628,80.1310577393,25049,25059,10
12.922829628,80.1312332153,25059,25070,11
12.9228096008,80.1315002441,25070,25080,10
12.9227695465,80.1320571899,25080,25090,10
12.9227399826,80.132850647,25090,25100,10
12.9226903915,80.1337814331,25100,25110,10
12.9226303101,80.1348724365,25110,25120,10
12.9225902557,80.1360015869,25120,25130,10
12.922539711,80.1370925903,25130,25140,10
12.9224796295,80.138168335,25140,25150,10
12.922419548,80.1392364502,25150,25160,10
12.9224500656,80.14037323,25160,25171,11
12.9224500656,80.1416320801,25171,25181,10
12.9224996567,80.1427536011,25181,25191,10
12.9225502014,80.1435165405,25191,25201,10
12.9225702286,80.1436920166,25201,25211,10
12.9225997925,80.1437606812,25211,25221,10
12.9225997925,80.1441268921,25221,25231,10
12.9225997925,80.1448516846,25231,25241,10
12.9226503372,80.1457977295,25241,25251,10
12.9226799011,80.1468887329,25251,25261,10
12.9226903915,80.1474227905,25261,25272,11
12.9226799011,80.1476669312,25272,25288,16
12.922659874,80.148727417,25288,25300,12
12.9227199554,80.1498718262,25300,25310,10
12.9227304459,80.1507568359,25310,25320,10
12.9227800369,80.1518707275,25320,25330,10
12.922829628,80.1523208618,25330,25340,10
12.9229602814,80.1529083252,25340,25350,10
12.9231500626,80.1537017822,25350,25360,10
12.9233703613,80.1544570923,25360,25370,10
12.92345047,80.1547317505,25370,25381,11
12.9234895706,80.1548461914,25381,25391,10
12.923500061,80.1549835205,25391,25401,10
12.9236097336,80.1554718018,25401,25411,10
12.923740387,80.1562271118,25411,25421,10
12.9236497879,80.1572113037,25421,25431,10
12.9235496521,80.1583404541,25431,25441,10
12.9234800339,80.1594772339,25441,25451,10
12.9233503342,80.1603622437,25451,25461,10
12.9233398438,80.1603927612,25461,25472,11
12.9232397079,80.1606292725,25472,25482,10
12.92304039,80.161239624,25482,25492,10
12.9227800369,80.1620330811,25492,25502,10
12.9224500656,80.1630630493,25502,25518,16
12.9219703674,80.1645584106,25518,25530,12
12.9215898514,80.1658401489,25530,25538,8
12.9212903976,80.1667327881,25538,25550,12
12.9209403992,80.1678390503,25550,25560,10
12.9207000732,80.1685714722,25560,25571,11
12.920419693,80.1695022583,25571,25580,9
12.9201402664,80.1704025269,25580,25591,11
12.9199399948,80.1710586548,25591,25601,10
12.9199104309,80.1712036133,25601,25611,10
12.9198703766,80.1713027954,25611,25621,10
12.9197998047,80.1715393066,25621,25630,9
12.9196596146,80.1720123291,25630,25640,10
12.9194698334,80.1727294922,25640,25651,11
12.9192304611,80.1735992432,25651,25660,9
12.9190101624,80.174407959,25660,25672,12
12.9187097549,80.1756896973,25672,25682,10
12.9184598923,80.1767730713,25682,25692,10
12.9183197021,80.1778869629,25692,25702,10
12.9189195633,80.1788635254,25702,25712,10
12.9194498062,80.1798782349,25712,25722,10
12.9196796417,80.1809768677,25722,25732,10
12.9199199677,80.1821136475,25732,25742,10
12.9201602936,80.1831970215,25742,25752,10
12.9203300476,80.1837921143,25752,25763,11
12.9203395844,80.1838226318,25763,25773,10
12.9203500748,80.1839065552,25773,25783,10
12.9204301834,80.1843032837,25783,25793,10
12.9205904007,80.1849517822,25793,25803,10
12.9207000732,80.1854324341,25803,25813,10
12.9206800461,80.1854934692,25813,25823,10
12.9206399918,80.1858673096,25823,25833,10
12.9202404022,80.1863937378,25833,25843,10
12.9197301865,80.1869812012,25843,25853,10
12.9191799164,80.1875762939,25853,25864,11
12.9186201096,80.1882171631,25864,25874,10
12.9180603027,80.1888427734,25874,25884,10
12.9176397324,80.1896972656,25884,25894,10
12.9174604416,80.1905975342,25894,25904,10
12.9173803329,80.1914978027,25904,25914,10
12.9172897339,80.1922302246,25914,25924,10
12.9172496796,80.1925201416,25924,25934,10
12.9171895981,80.1928787231,25934,25944,10
12.9171600342,80.1931533813,25944,25975,31
12.9171600342,80.1931533813,25975,25985,10
12.9171104431,80.1933898926,25985,25995,10
12.9171600342,80.1939315796,25995,26005,10
12.9174995422,80.1945419312,26005,26015,10
12.9180803299,80.1950836182,26015,26025,10
12.9187803268,80.1957168579,26025,26035,10
12.9196100235,80.1963272095,26035,26045,10
12.9205303192,80.1966934204,26045,26055,10
12.9213399887,80.1969680786,26055,26066,11
12.9223098755,80.1972579956,26066,26076,10
12.9231004715,80.1973724365,26076,26086,10
12.9233598709,80.1973876953,26086,26096,10
12.9236001968,80.1974334717,26096,26106,10
12.9241600037,80.1974563599,26106,26116,10
12.9249296188,80.1974563599,26116,26126,10
12.925359726,80.1974563599,26126,26136,10
12.9257898331,80.1974487305,26136,26146,10
12.9264802933,80.1975631714,26146,26156,10
12.927189827,80.1978912354,26156,26167,11
12.9278697968,80.1985626221,26167,26177,10
12.92827034,80.1993865967,26177,26187,10
12.9284801483,80.2002716064,26187,26197,10
12.9285297394,80.201171875,26197,26207,10
12.9285697937,80.202041626,26207,26217,10
12.9292297363,80.2026901245,26217,26237,20
12.9292297363,80.2026901245,26237,26247,10
12.9293003082,80.2026824951,26247,26258,11
12.9297800064,80.2027511597,26258,26268,10
12.9303197861,80.2028274536,26268,26278,10
12.9310102463,80.2029800415,26278,26288,10
12.9317598343,80.2032318115,26288,26289,1
12.9318399429,80.2032623291,26289,26290,1
12.9319295883,80.2032928467,26290,26336,46
12.9338102341,80.2038574219,26336,26346,10
12.9341402054,80.2038879395,26346,26356,10
12.9346904755,80.2039413452,26356,26367,11
12.9354496002,80.2042007446,26367,26377,10
12.9362001419,80.2044830322,26377,26387,10
12.9370203018,80.2047195435,26387,26397,10
12.9378900528,80.2049789429,26397,26407,10
12.93887043,80.2052612305,26407,26417,10
12.9398002625,80.2055435181,26417,26438,21
12.9398002625,80.2055435181,26438,26448,10
12.9401102066,80.2056503296,26448,26458,10
12.9406299591,80.2058029175,26458,26469,11
12.9414396286,80.206161499,26469,26479,10
12.942150116,80.2066726685,26479,26489,10
12.9428195953,80.207321167,26489,26498,9
12.943400383,80.2079772949,26498,26509,11
12.9441099167,80.2082519531,26509,26529,20
12.9441099167,80.2082519531,26529,26539,10
12.9443502426,80.2083435059,26539,26549,10
12.9448604584,80.2085418701,26549,26560,11
12.9456501007,80.2088165283,26560,26570,10
12.9464197159,80.2091217041,26570,26580,10
12.9470796585,80.2093734741,26580,26590,10
12.9477300644,80.2096328735,26590,26600,10
12.9483995438,80.2098922729,26600,26610,10
12.949139595,80.2101821899,26610,26620,10
12.9502000809,80.210609436,26620,26630,10
12.9514198303,80.2110900879,26630,26640,10
12.9524803162,80.2115325928,26640,26650,10
12.9535503387,80.2119674683,26650,26661,11
12.9547395706,80.2124481201,26661,26671,10
12.9558000565,80.2128601074,26671,26681,10
12.956870079,80.2132720947,26681,26691,10
12.9579296112,80.2136993408,26691,26701,10
12.9589796066,80.2141189575,26701,26711,10
12.9600200653,80.2145385742,26711,26721,10
12.9609804153,80.2149276733,26721,26731,10
12.9621601105,80.2153930664,26731,26741,10
12.9632196426,80.2157974243,26741,26752,11
12.9641199112,80.2161178589,26752,26762,10
12.9642696381,80.216178894,26762,26772,10
12.9644298553,80.2162628174,26772,26782,10
12.9648704529,80.2164611816,26782,26792,10
12.9655199051,80.2166976929,26792,26802,10
12.9661598206,80.2169570923,26802,26812,10
12.9668197632,80.2172393799,26812,26822,10
12.9674797058,80.2174987793,26822,26832,10
12.9681301117,80.2177810669,26832,26842,10
12.9688997269,80.2180709839,26842,26853,11
12.9700298309,80.2185211182,26853,26863,10
12.9710197449,80.2188796997,26863,26873,10
12.9712400436,80.218963623,26873,26883,10
12.9712696075,80.218963623,26883,26893,10
12.9715995789,80.2191009521,26893,26903,10
12.9721603394,80.2193374634,26903,26913,10
12.972869873,80.2196121216,26913,26923,10
12.9736995697,80.2199478149,26923,26933,10
12.974650383,80.2203521729,26933,26943,10
12.9752197266,80.2205963135,26943,27014,71
12.9752197266,80.2205963135,27014,27024,10
12.9753599167,80.2206802368,27024,27034,10
12.9756498337,80.2208786011,27034,27044,10
12.9761800766,80.2212371826,27044,27085,41
12.9761800766,80.2212371826,27085,27095,10
12.9764995575,80.2212295532,27095,27105,10
12.9770202637,80.2212524414,27105,27115,10
12.9777803421,80.2212219238,27115,27125,10
12.9786300659,80.2211685181,27125,27135,10
12.9796104431,80.2210998535,27135,27145,10
12.9806499481,80.2210083008,27145,27156,11
12.9816303253,80.2213134766,27156,27166,10
12.9823598862,80.2217712402,27166,27176,10
12.9826202393,80.221862793,27176,27186,10
12.9828996658,80.2219467163,27186,27196,10
12.9830198288,80.2219772339,27196,27206,10
12.983130455,80.222038269,27206,27222,16
12.9836902618,80.2224121094,27222,27234,12
12.9842195511,80.2227096558,27234,27242,8
12.9847202301,80.2230224609,27242,27255,13
12.9854898453,80.2231826782,27255,27265,10
12.9858102798,80.2229690552,27265,27275,10
12.9864597321,80.2229614258,27275,27285,10
12.9869098663,80.2229995728,27285,27295,10
12.9871196747,80.2230300903,27295,27305,10
12.987569809,80.2230682373,27305,27315,10
12.9882097244,80.2227401733,27315,27325,10
12.9888296127,80.2221603394,27325,27335,10
12.9894304276,80.2214508057,27335,27346,11
12.9905395508,80.2202911377,27346,27377,31
12.9905395508,80.2202911377,27377,27387,10
12.9906301498,80.2202377319,27387,27397,10
12.9909095764,80.2200012207,27397,27407,10
12.9913702011,80.2195968628,27407,27417,10
12.9918203354,80.2193069458,27417,27427,10
12.9924402237,80.2188796997,27427,27437,10
12.9931697845,80.2183532715,27437,27447,10
12.993929863,80.2177810669,27447,27458,11
12.9947099686,80.2172393799,27458,27468,10
12.9953804016,80.2167892456,27468,27478,10
12.9961595535,80.2165679932,27478,27488,10
12.9969902039,80.216468811,27488,27498,10
12.9976100922,80.2160491943,27498,27528,30
12.9976100922,80.2160491943,27528,27538,10
12.9977798462,80.2158889771,27538,27549,11
12.9982099533,80.2155227661,27549,27559,10
12.9986801147,80.2151184082,27559,27569,10
12.9989995956,80.2148284912,27569,27579,10
12.9991998672,80.2146606445,27579,27589,10
12.9995603561,80.2143478394,27589,27599,10
12.9999599457,80.2139968872,27599,27609,10
13.00041008,80.2136077881,27609,27619,10
13.0009202957,80.2131500244,27619,27629,10
13.0013504028,80.2128601074,27629,27639,10
13.0018997192,80.2124633789,27639,27650,11
13.0024404526,80.2121734619,27650,27660,10
13.0031204224,80.2120819092,27660,27670,10
13.0037002563,80.2120132446,27670,27680,10
13.004119873,80.212059021,27680,27690,10
13.0044603348,80.2121734619,27690,27700,10
13.0045204163,80.2121963501,27700,27710,10
13.0047397614,80.212348938,27710,27720,10
13.0051698685,80.2126235962,27720,27730,10
13.0058698654,80.2129211426,27730,27740,10
13.0066204071,80.2127075195,27740,27751,11
13.0079097748,80.2130737305,27751,27791,40
13.0079097748,80.2130737305,27791,27801,10
13.0080604553,80.2131881714,27801,27811,10
13.0085096359,80.2133712769,27811,27821,10
13.0089902878,80.2139663696,27821,27831,10
13.009519577,80.2147216797,27831,27848,17
13.0100698471,80.2154922485,27848,27860,12
13.0106096268,80.2162017822,27860,27870,10
13.0107898712,80.2166900635,27870,27880,10
13.0111503601,80.2175598145,27880,27890,10
13.0115203857,80.2185592651,27890,27900,10
13.0119104385,80.2197189331,27900,27910,10
13.0122995377,80.2208709717,27910,27920,10
13.0127401352,80.2217483521,27920,27930,10
13.0133304596,80.2224273682,27930,27940,10
13.0137195587,80.2229232788,27940,27951,11
13.0141601563,80.2235031128,27951,27960,9
13.0144395828,80.2238311768,27960,27971,11
13.0149402618,80.2244110107,27971,27981,10
13.0155897141,80.2249908447,27981,28001,20
13.0155897141,80.2249908447,28001,28011,10
13.0157604218,80.2250976563,28011,28021,10
13.016169548,80.2253265381,28021,28031,10
13.016960144,80.225151062,28031,28041,10
13.0178899765,80.2247924805,28041,28052,11
13.0188903809,80.2244033813,28052,28062,10
13.0197601318,80.2245483398,28062,28072,10
13.0205802917,80.2251205444,28072,28082,10
13.021320343,80.2256622314,28082,28093,11
13.02202034,80.2261962891,28093,28113,20
13.02202034,80.2261962891,28113,28123,10
13.0221595764,80.2263793945,28123,28133,10
13.0225400925,80.2267074585,28133,28143,10
13.0231304169,80.2272186279,28143,28154,11
13.0239400864,80.2279586792,28154,28164,10
13.0246200562,80.2288208008,28164,28174,10
13.0250501633,80.2294311523,28174,28184,10
13.0255804062,80.2301025391,28184,28194,10
13.0259895325,80.2310028076,28194,28204,10
13.0260801315,80.2313537598,28204,28214,10
13.0263900757,80.2313079834,28214,28224,10
13.027009964,80.2311630249,28224,28234,10
13.0277004242,80.231010437,28234,28245,11
13.0284996033,80.2309265137,28245,28255,10
13.029299736,80.2308502197,28255,28265,10
13.0297603607,80.230796814,28265,28275,10
13.0304603577,80.230758667,28275,28285,10
13.0309200287,80.2307128906,28285,28295,10
13.0316095352,80.2306594849,28295,28305,10
13.0324201584,80.2305908203,28305,28315,10
13.0331001282,80.2305374146,28315,28325,10
13.034070015,80.2304763794,28325,28335,10
13.0348596573,80.2302627563,28335,28356,21
13.0348596573,80.2302627563,28356,28366,10
13.034910202,80.230178833,28366,28376,10
13.034819603,80.2299118042,28376,28568,192
13.034529686,80.2298583984,28568,28780,212
13.0345201492,80.2299575806,28780,29265,485
13.0345201492,80.2299575806,29265,29275,10
13.0343704224,80.2299118042,29275,29366,91
13.0344696045,80.2297973633,29366,29437,71
13.0343799591,80.2298736572,29437,29810,373
13.034239769,80.2302017212,29810,29841,31
13.034239769,80.2302017212,29841,29851,10
13.0340795517,80.2304534912,29851,29861,10
13.0336799622,80.2304229736,29861,29871,10
13.0330200195,80.2304763794,29871,29881,10
13.0322504044,80.2305679321,29881,29891,10
13.0314502716,80.2306289673,29891,29901,10
13.0307397842,80.2307128906,29901,29911,10
13.0298595428,80.2308197021,29911,29931,20
13.0298595428,80.2308197021,29931,29942,11
13.0296697617,80.2308502197,29942,29952,10
13.0292396545,80.2308883667,29952,29962,10
13.0287303925,80.2309036255,29962,29972,10
13.0281095505,80.23097229,29972,29982,10
13.0278196335,80.231010437,29982,29992,10
13.0276603699,80.2312088013,29992,30002,10
13.0277099609,80.2316436768,30002,30012,10
13.0277795792,80.2321624756,30012,30022,10
13.027879715,80.2325592041,30022,30032,10
13.0276699066,80.2328262329,30032,30043,11
13.0269002914,80.232963562,30043,30103,60
13.0269002914,80.232963562,30103,30113,10
13.0265398026,80.2329483032,30113,30123,10
13.0263204575,80.2326583862,30123,30133,10
13.0261201859,80.2320327759,30133,30144,11
13.0258998871,80.2312011719,30144,30154,10
13.0256299973,80.23046875,30154,30164,10
13.0251102448,80.2296600342,30164,30174,10
13.0247097015,80.2291717529,30174,30194,20
13.0247097015,80.2291717529,30194,30204,10
13.0245704651,80.2289581299,30204,30214,10
13.0242595673,80.2285308838,30214,30224,10
13.0237998962,80.2279510498,30224,30240,16
13.0230703354,80.2274627686,30240,30263,23
13.0230703354,80.2274627686,30263,30273,10
13.0229196548,80.2273635864,30273,30283,10
13.0226402283,80.2270736694,30283,30293,10
13.022480011,80.2267990112,30293,30303,10
13.0220899582,80.2264404297,30303,30313,10
13.0215902328,80.2260437012,30313,30322,9
13.0210800171,80.2256317139,30322,30332,10
13.0204401016,80.2252120972,30332,30344,12
13.0198202133,80.224822998,30344,30354,10
13.0198097229,80.2248077393,30354,30364,10
13.0197095871,80.2247467041,30364,30374,10
13.0192804337,80.224571228,30374,30384,10
13.0185403824,80.224647522,30384,30394,10
13.0177402496,80.2249679565,30394,30404,10
13.0167999268,80.2253494263,30404,30414,10
13.0159101486,80.2256698608,30414,30424,10
13.015080452,80.225982666,30424,30434,10
13.014380455,80.2262496948,30434,30445,11
13.0142698288,80.2263031006,30445,30455,10
13.0141201019,80.2263412476,30455,30465,10
13.013710022,80.2265014648,30465,30475,10
13.0130596161,80.2267379761,30475,30485,10
13.0122699738,80.2270431519,30485,30495,10
13.0114002228,80.2273712158,30495,30505,10
13.0104703903,80.2277297974,30505,30515,10
13.0095901489,80.2278289795,30515,30525,10
13.0097198486,80.2272033691,30525,30535,10
13.0100603104,80.2264633179,30535,30546,11
13.0104598999,80.2255935669,30546,30556,10
13.0106096268,80.2252197266,30556,30566,10
13.0108003616,80.2247772217,30566,30576,10
13.0109996796,80.224281311,30576,30586,10
13.0112600327,80.2236633301,30586,30596,10
13.0114803314,80.2230606079,30596,30606,10
13.0117502213,80.2223129272,30606,30616,10
13.0120401382,80.2214584351,30616,30626,10
13.0120897293,80.2208328247,30626,30636,10
13.0118503571,80.220161438,30636,30647,11
13.0115699768,80.2192611694,30647,30657,10
13.0112600327,80.2183380127,30657,30667,10
13.0108995438,80.2173995972,30667,30677,10
13.0105304718,80.2165374756,30677,30687,10
13.0102100372,80.2160186768,30687,30697,10
13.0098600388,80.2152633667,30697,30707,10
13.0094604492,80.2147216797,30707,30717,10
13.0090103149,80.2141189575,30717,30727,10
13.0084600449,80.2134780884,30727,30778,51
13.0082597733,80.2133789063,30778,30839,61
13.0082597733,80.2133789063,30839,30849,10
13.007900238,80.213142395,30849,30859,10
13.0076303482,80.2129135132,30859,30869,10
13.0072002411,80.2128067017,30869,30879,10
13.0066404343,80.2127609253,30879,30889,10
13.0063199997,80.2127914429,30889,30899,10
13.0058803558,80.2129898071,30899,30909,10
13.0053901672,80.2127532959,30909,30919,10
13.0047302246,80.2123718262,30919,30929,10
13.0039596558,80.2121124268,30929,30939,10
13.0031099319,80.212097168,30939,30950,11
13.0025396347,80.2121429443,30950,30960,10
13.002120018,80.2123184204,30960,30970,10
13.0018196106,80.2125167847,30970,30980,10
13.0016202927,80.2126922607,30980,30990,10
13.001159668,80.2130203247,30990,31000,10
13.0005998611,80.2135162354,31000,31010,10
12.9999904633,80.2140579224,31010,31020,10
12.9996204376,80.2143478394,31020,31030,10
12.9991998672,80.2147369385,31030,31041,11
12.9989004135,80.2150115967,31041,31051,10
12.998459816,80.2153701782,31051,31061,10
12.9973897934,80.2162780762,31061,31142,81
12.9973897934,80.2162780762,31142,31152,10
12.9971599579,80.216583252,31152,31162,10
12.9967899323,80.2165908813,31162,31172,10
12.9962396622,80.2166595459,31172,31182,10
12.9956502914,80.216796875,31182,31192,10
12.9953403473,80.2169189453,31192,31202,10
12.9952001572,80.2170028687,31202,31212,10
12.9950504303,80.2170791626,31212,31222,10
12.9949398041,80.2171630859,31222,31232,10
12.9946603775,80.2173690796,31232,31243,11
12.9941396713,80.2177581787,31243,31253,10
12.993519783,80.218208313,31253,31263,10
12.9928398132,80.2186965942,31263,31273,10
12.9920597076,80.2192611694,31273,31283,10
12.990819931,80.2201919556,31283,31303,20
12.990819931,80.2201919556,31303,31313,10
12.9905395508,80.2203598022,31313,31323,10
12.9900503159,80.2207794189,31323,31333,10
12.9895200729,80.2213821411,31333,31344,11
12.9889802933,80.2220230103,31344,31354,10
12.9883098602,80.2226867676,31354,31364,10
12.9876003265,80.2230834961,31364,31374,10
12.9871797562,80.2230529785,31374,31384,10
12.986749649,80.2229995728,31384,31394,10
12.9860496521,80.2229614258,31394,31404,10
12.9854898453,80.2232666016,31404,31414,10
12.9848899841,80.2231674194,31414,31424,10
12.9842500687,80.2227935791,31424,31434,10
12.9836902618,80.2224807739,31434,31445,11
12.9833202362,80.2222290039,31445,31465,20
12.9833202362,80.2222290039,31465,31475,10
12.9831800461,80.2221374512,31475,31485,10
12.9828996658,80.2220001221,31485,31495,10
12.9826803207,80.2218780518,31495,31505,10
12.9821901321,80.2217102051,31505,31515,10
12.9815797806,80.2212905884,31515,31525,10
12.9809598923,80.2210235596,31525,31535,10
12.9801998138,80.2210922241,31535,31546,11
12.9791898727,80.2211380005,31546,31556,10
12.9782896042,80.2211837769,31556,31566,10
12.9776601791,80.221206665,31566,31576,10
12.9772500992,80.2212524414,31576,31586,10
12.9767904282,80.2212371826,31586,31596,10
12.9765300751,80.2212371826,31596,31606,10
12.9763202667,80.2212371826,31606,31616,10
12.9759902954,80.2212982178,31616,31626,10
12.9757795334,80.2211227417,31626,31636,10
12.9755001068,80.2209396362,31636,31687,51
12.9755001068,80.2209396362,31687,31697,10
12.975399971,80.2208786011,31697,31707,10
12.9750003815,80.2206420898,31707,31717,10
12.9743204117,80.2203598022,31717,31727,10
12.9735403061,80.2200317383,31727,31737,10
12.9726400375,80.2196807861,31737,31748,11
12.9718704224,80.2193603516,31748,31758,10
12.9711399078,80.2192001343,31758,31768,10
12.9709596634,80.2191390991,31768,31778,10
12.9708299637,80.2190475464,31778,31788,10
12.9703702927,80.218788147,31788,31798,10
12.9697399139,80.2185516357,31798,31808,10
12.9690599442,80.2182922363,31808,31818,10
12.9683904648,80.2180328369,31818,31828,10
12.9677200317,80.2177581787,31828,31838,10
12.9669904709,80.2174606323,31838,31849,11
12.9659500122,80.2170410156,31849,31859,10
12.9648599625,80.2165985107,31859,31869,10
12.9638395309,80.2161483765,31869,31879,10
12.9632101059,80.2158813477,31879,31889,10
12.9625196457,80.2155990601,31889,31899,10
12.9617004395,80.2152862549,31899,31909,10
12.9607200623,80.2148971558,31909,31919,10
12.9596595764,80.2144775391,31919,31929,10
12.958609581,80.2140426636,31929,31939,10
12.9575500488,80.2136306763,31939,31950,11
12.956410408,80.213142395,31950,31960,10
12.9553403854,80.2127380371,31960,31970,10
12.9543600082,80.2123718262,31970,31980,10
12.9535703659,80.212059021,31980,31990,10
12.9526796341,80.2116775513,31990,32000,10
12.9516601563,80.2112808228,32000,32010,10
12.9505996704,80.2108612061,32010,32020,10
12.9496202469,80.2104797363,32020,32030,10
12.9487304688,80.2101211548,32030,32040,10
12.9477796555,80.2097473145,32040,32051,11
12.9464998245,80.2092514038,32051,32061,10
12.9453601837,80.2088012695,32061,32071,10
12.944439888,80.2084579468,32071,32081,10
12.9442100525,80.2083892822,32081,32091,10
12.9441604614,80.2083587646,32091,32101,10
12.9437799454,80.208190918,32101,32111,10
12.9432001114,80.207901001,32111,32121,10
12.9427204132,80.207359314,32121,32131,10
12.9422798157,80.2068634033,32131,32141,10
12.9416599274,80.2063598633,32141,32152,11
12.9410600662,80.2060165405,32152,32162,10
12.940990448,80.2060012817,32162,32172,10
12.9405899048,80.2058410645,32172,32182,10
12.9399404526,80.2056274414,32182,32192,10
12.939209938,80.205406189,32192,32202,10
12.9384403229,80.2051773071,32202,32212,10
12.9377603531,80.2049789429,32212,32228,16
12.9358901978,80.2044525146,32228,32251,23
12.9358901978,80.2044525146,32251,32260,9
12.9357004166,80.2043762207,32260,32270,10
12.9352197647,80.2041625977,32270,32281,11
12.9344396591,80.2039871216,32281,32291,10
12.933719635,80.2039413452,32291,32311,20
12.933719635,80.2039413452,32311,32321,10
12.9333400726,80.2038497925,32321,32331,10
12.9327898026,80.2036209106,32331,32340,9
12.9321603775,80.2033996582,32340,32352,12
12.9312000275,80.2030792236,32352,32362,10
12.9304895401,80.2029037476,32362,32372,10
12.9297103882,80.202796936,32372,32382,10
12.9294900894,80.2027816772,32382,32392,10
12.9294300079,80.2027511597,32392,32402,10
12.9290399551,80.2027130127,32402,32412,10
12.9285297394,80.2024307251,32412,32422,10
12.9284801483,80.2016906738,32422,32432,10
12.928440094,80.2008590698,32432,32443,11
12.928319931,80.1997680664,32443,32453,10
12.9280004501,80.1989593506,32453,32463,10
12.9274702072,80.1981430054,32463,32473,10
12.9265804291,80.1976318359,32473,32483,10
12.9258003235,80.1975097656,32483,32493,10
12.9255199432,80.1975326538,32493,32503,10
12.9252595901,80.1975097656,32503,32513,10
12.9246997833,80.1975097656,32513,32523,10
12.9239397049,80.1974868774,32523,32533,10
12.9231700897,80.1974411011,32533,32544,11
12.9223003387,80.1973266602,32544,32554,10
12.9216804504,80.1971664429,32554,32564,10
12.9214601517,80.1970901489,32564,32574,10
12.9212703705,80.1970214844,32574,32584,10
12.9208898544,80.1968688965,32584,32594,10
12.9204597473,80.1967163086,32594,32604,10
12.9199800491,80.1965408325,32604,32614,10
12.9193897247,80.1962814331,32614,32624,10
12.9190196991,80.1959991455,32624,32634,10
12.9186697006,80.1957092285,32634,32645,11
12.9181604385,80.1952590942,32645,32655,10
12.9174203873,80.1946105957,32655,32685,30
12.9174203873,80.1946105957,32685,32695,10
12.9174003601,80.1945800781,32695,32705,10
12.9172496796,80.1943969727,32705,32715,10
12.9171600342,80.194229126,32715,32725,10
12.9170799255,80.1940536499,32725,32735,10
12.9169998169,80.193611145,32735,32746,11
12.9170398712,80.1929626465,32746,32756,10
12.9170799255,80.1925506592,32756,32776,20
12.9170799255,80.1925506592,32776,32786,10
12.917090416,80.1923370361,32786,32796,10
12.9171600342,80.1920700073,32796,32806,10
12.91726017,80.1913375854,32806,32826,20
12.91726017,80.1913375854,32826,32836,10
12.91726017,80.1911773682,32836,32847,11
12.9173297882,80.1906967163,32847,32857,10
12.9173803329,80.1901626587,32857,32867,10
12.9175701141,80.1894226074,32867,32877,10
12.9180002213,80.1886825562,32877,32886,9
12.9184904099,80.188117981,32886,32897,11
12.9189395905,80.1876525879,32897,32907,10
12.919500351,80.1870193481,32907,32917,10
12.9201498032,80.1862792969,32917,32927,10
12.9205598831,80.1854171753,32927,32937,10
12.9203996658,80.1846008301,32937,32948,11
12.9202003479,80.1837615967,32948,32958,10
12.9200000763,80.1828765869,32958,32968,10
12.9198999405,80.1824798584,32968,32978,10
12.9198904037,80.1824493408,32978,32988,10
12.9198303223,80.182182312,32988,32998,10
12.9197597504,80.1819076538,32998,33008,10
12.9196596146,80.1814727783,33008,33018,10
12.9195098877,80.1807785034,33018,33028,10
12.9193496704,80.1799316406,33028,33038,10
12.9189300537,80.1790237427,33038,33049,11
12.9182395935,80.1780166626,33049,33059,10
12.9182701111,80.1769332886,33059,33069,10
12.9183397293,80.1765518188,33069,33079,10
12.9183797836,80.1763763428,33079,33089,10
12.9184999466,80.1758575439,33089,33099,10
12.9187002182,80.1751480103,33099,33109,10
12.9188995361,80.1743392944,33109,33119,10
12.9191598892,80.1733093262,33119,33129,10
12.9194402695,80.1722183228,33129,33139,10
12.9197301865,80.1712112427,33139,33150,11
12.9198198318,80.1708602905,33150,33160,10
12.9198503494,80.170791626,33160,33170,10
12.9200000763,80.1703186035,33170,33180,10
12.9202404022,80.1695632935,33180,33190,10
12.920539856,80.1686172485,33190,33200,10
12.9208698273,80.1676330566,33200,33210,10
12.9212198257,80.1665420532,33210,33220,10
12.9215803146,80.1654205322,33220,33230,10
12.9219398499,80.1643371582,33230,33241,11
12.9222803116,80.1631774902,33241,33251,10
12.9225797653,80.1622161865,33251,33261,10
12.9229202271,80.1611785889,33261,33271,10
12.923119545,80.1604995728,33271,33281,10
12.923119545,80.1604766846,33281,33291,10
12.9231595993,80.1603164673,33291,33301,10
12.9232902527,80.1597900391,33301,33311,10
12.9233999252,80.1589736938,33311,33321,10
12.923500061,80.1578598022,33321,33331,10
12.9236001968,80.1566925049,33331,33341,10
12.9235601425,80.1555709839,33341,33352,11
12.9233398438,80.1549224854,33352,33362,10
12.9233598709,80.1548309326,33362,33372,10
12.9232997894,80.1544799805,33372,33382,10
12.9231700897,80.1538619995,33382,33392,10
12.9229698181,80.1530685425,33392,33402,10
12.9227600098,80.1522369385,33402,33443,41
12.9227600098,80.1522369385,33443,33453,10
12.9227304459,80.1520233154,33453,33463,10
12.9226903915,80.1514129639,33463,33473,10
12.922659874,80.1505889893,33473,33483,10
12.9226303101,80.1496734619,33483,33493,10
12.9225797653,80.148727417,33493,33503,10
12.9225702286,80.1478424072,33503,33513,10
12.9225301743,80.147102356,33513,33523,10
12.9225196838,80.1467666626,33523,33533,10
12.9225196838,80.1464920044,33533,33543,10
12.9225301743,80.1459197998,33543,33554,11
12.9224996567,80.1451568604,33554,33564,10
12.9224700928,80.1443481445,33564,33574,10
12.9224596024,80.1435394287,33574,33584,10
12.9224395752,80.1428985596,33584,33594,10
12.9224500656,80.1423873901,33594,33604,10
12.9224004745,80.1416091919,33604,33624,20
12.9224004745,80.1416091919,33624,33634,10
12.9223804474,80.1412582397,33634,33645,11
12.922369957,80.1406097412,33645,33655,10
12.9223899841,80.1401519775,33655,33665,10
12.9223899841,80.1394195557,33665,33675,10
12.9223899841,80.138671875,33675,33685,10
12.9224100113,80.138458252,33685,33695,10
12.9224500656,80.1382217407,33695,33705,10
12.9224596024,80.1376800537,33705,33715,10
12.9224901199,80.136932373,33715,33725,10
12.9225301743,80.1360626221,33725,33735,10
12.9225597382,80.1351165771,33735,33746,11
12.9225797653,80.1344070435,33746,33756,10
12.9226198196,80.1336669922,33756,33766,10
12.9226303101,80.1332702637,33766,33776,10
12.9226503372,80.1326599121,33776,33786,10
12.9226799011,80.1318969727,33786,33796,10
12.9226903915,80.1311721802,33796,33806,10
12.9226999283,80.1311416626,33806,33816,10
12.9226999283,80.1310272217,33816,33826,10
12.9227199554,80.1304931641,33826,33836,10
12.9227600098,80.1299209595,33836,33847,11
12.9228000641,80.1294403076,33847,33857,10
12.9228401184,80.1288299561,33857,33867,10
12.9228601456,80.1281661987,33867,33877,10
12.9228801727,80.127456665,33877,33887,10
12.9228801727,80.1271514893,33887,33897,10
12.9229001999,80.1266021729,33897,33907,10
12.9229202271,80.1259002686,33907,33917,10
12.9229402542,80.1252365112,33917,33927,10
12.922949791,80.1248016357,33927,33937,10
12.9229803085,80.1241226196,33937,33948,11
12.9230203629,80.1232376099,33948,33958,10
12.9230699539,80.1222610474,33958,33968,10
12.9231395721,80.1212692261,33968,33978,10
12.9231595993,80.1206588745,33978,33988,10
12.9231796265,80.1205673218,33988,33998,10
12.9231901169,80.1205215454,33998,34008,10
12.9232301712,80.1202392578,34008,34018,10
12.9232702255,80.1197128296,34018,34028,10
12.9232797623,80.1190185547,34028,34038,10
12.9233198166,80.1182937622,34038,34049,11
12.9234399796,80.1174621582,34049,34059,10
12.9234800339,80.1169281006,34059,34089,30
12.9234800339,80.1169281006,34089,34099,10
12.9236402512,80.1168289185,34099,34109,10
12.9235496521,80.1172409058,34109,34118,9
12.9236097336,80.1176986694,34118,34128,10
12.9236097336,80.1180419922,34128,34139,11
12.9235496521,80.1187362671,34139,34150,11
12.9234600067,80.1194763184,34150,34160,10
12.9233999252,80.1198577881,34160,34170,10
12.9233598709,80.1201782227,34170,34180,10
12.9233398438,80.1207427979,34180,34190,10
12.9233598709,80.121131897,34190,34594,404
12.9233598709,80.121131897,34594,34604,10
12.9232797623,80.1212768555,34604,34614,10
12.9232797623,80.1215591431,34614,34624,10
12.9232597351,80.1220703125,34624,34634,10
12.923210144,80.1228027344,34634,34645,11
12.9231595993,80.1237411499,34645,34655,10
12.923119545,80.1246032715,34655,34665,10
12.9231004715,80.1253890991,34665,34675,10
12.9230804443,80.1257781982,34675,34685,10
12.9230203629,80.126411438,34685,34695,10
12.9229898453,80.1271972656,34695,34705,10
12.9229803085,80.1278991699,34705,34715,10
12.9229402542,80.1286392212,34715,34725,10
12.9228801727,80.1293792725,34725,34735,10
12.9228496552,80.1300811768,34735,34746,11
12.9228200912,80.1309280396,34746,34756,10
12.922829628,80.1312484741,34756,34766,10
12.9228096008,80.1314926147,34766,34776,10
12.9227800369,80.1321029663,34776,34786,10
12.9227399826,80.1328811646,34786,34796,10
12.9226999283,80.1337814331,34796,34806,10
12.9226398468,80.1348419189,34806,34816,10
12.9225797653,80.1357269287,34816,34826,10
12.922539711,80.1368026733,34826,34836,10
12.9224596024,80.1379394531,34836,34847,11
12.9223804474,80.1390075684,34847,34857,10
12.9224004745,80.1399993896,34857,34867,10
12.9224395752,80.1404800415,34867,34877,10
12.9224596024,80.1411132813,34877,34887,10
12.9224700928,80.1417999268,34887,34897,10
12.9224796295,80.1418609619,34897,34913,16
12.9225196838,80.141960144,34913,34925,12
12.922539711,80.1423416138,34925,34933,8
12.9225597382,80.1426467896,34933,34945,12
12.9225797653,80.1432418823,34945,34956,11
12.9225797653,80.1436386108,34956,34966,10
12.9225797653,80.1437911987,34966,34975,9
12.9225902557,80.1441726685,34975,34986,11
12.9226303101,80.1447982788,34986,34996,10
12.9226999283,80.1454696655,34996,35006,10
12.9227399826,80.1462097168,35006,35016,10
12.9227304459,80.1466827393,35016,35026,10
12.9227199554,80.1466903687,35026,35036,10
12.9227199554,80.1467971802,35036,35047,11
12.9227399826,80.1470794678,35047,35057,10
12.9227800369,80.1473922729,35057,35067,10
12.9227800369,80.1478500366,35067,35077,10
12.9227399826,80.1485824585,35077,35087,10
12.9227600098,80.1493835449,35087,35097,10
12.9227600098,80.1501998901,35097,35107,10
12.9227800369,80.1504592896,35107,35117,10
12.9227800369,80.1507568359,35117,35127,10
12.9227895737,80.151222229,35127,35137,10
12.9228096008,80.1518630981,35137,35148,11
12.9229402542,80.1527023315,35148,35158,10
12.9231595993,80.1536483765,35158,35168,10
12.9233999252,80.154510498,35168,35178,10
12.9234399796,80.1546401978,35178,35188,10
12.9234895706,80.1547927856,35188,35198,10
12.9235401154,80.1549682617,35198,35208,10
12.9236402512,80.1554412842,35208,35218,10
12.9237298965,80.1562271118,35218,35228,10
12.9236001968,80.1573028564,35228,35238,10
12.9234800339,80.1584396362,35238,35249,11
12.9233903885,80.1596908569,35249,35259,10
12.9232997894,80.16040802,35259,35269,10
12.9233102798,80.1604309082,35269,35279,10
12.9231901169,80.1607971191,35279,35289,10
12.9229602814,80.1615219116,35289,35299,10
12.9227199554,80.1622695923,35299,35309,10
12.9226102829,80.1626205444,35309,35319,10
12.922419548,80.163192749,35319,35329,10
12.9222297668,80.1638031006,35329,35339,10
12.9219903946,80.1644897461,35339,35350,11
12.9216804504,80.1655197144,35350,35360,10
12.9213600159,80.1666030884,35360,35370,10
12.9210300446,80.1677017212,35370,35380,10
12.9207201004,80.168548584,35380,35390,10
12.9203996658,80.1695785522,35390,35406,16
12.9199800491,80.1709671021,35406,35418,12
12.919960022,80.171081543,35418,35428,10
12.9198904037,80.1712875366,35428,35440,12
12.9196596146,80.1719970703,35440,35450,10
12.9194402695,80.1728210449,35450,35461,11
12.9191198349,80.1738891602,35461,35471,10
12.9188404083,80.174987793,35471,35481,10
12.9185400009,80.1761398315,35481,35491,10
12.9184303284,80.1767578125,35491,35501,10
12.918390274,80.1770019531,35501,35511,10
12.9183397293,80.1777801514,35511,35521,10
12.9187602997,80.1785812378,35521,35531,10
12.9191999435,80.1792221069,35531,35541,10
12.9195203781,80.1801223755,35541,35552,11
12.9197902679,80.1813964844,35552,35562,10
12.9200201035,80.182510376,35562,35572,10
12.9202604294,80.1836013794,35572,35642,70
12.9202604294,80.1836013794,35642,35653,11
12.9203195572,80.1837463379,35653,35663,10
12.9204397202,80.1842422485,35663,35673,10
12.9207201004,80.1853408813,35673,35693,20
12.9207201004,80.1853408813,35693,35703,10
12.9207601547,80.185508728,35703,35713,10
12.9205799103,80.1860198975,35713,35723,10
12.9201002121,80.1866226196,35723,35733,10
12.9195098877,80.18724823,35733,35743,10
12.9191102982,80.1876831055,35743,35754,11
12.9187498093,80.1880569458,35754,35764,10
12.9182596207,80.188583374,35764,35774,10
12.9177999496,80.1893005371,35774,35824,50
12.917719841,80.1896820068,35824,35865,41
12.917719841,80.1896820068,35865,35875,10
12.9176301956,80.1901321411,35875,35885,10
12.9175796509,80.1903076172,35885,35895,10
12.9175300598,80.1905975342,35895,35905,10
12.9175195694,80.1907577515,35905,35915,10
12.9174995422,80.191116333,35915,36016,101
12.9174604416,80.1915206909,36016,36036,20
12.9174604416,80.1915206909,36036,36046,10
12.9174203873,80.1918029785,36046,36057,11
12.9173803329,80.1921463013,36057,36067,10
12.9173202515,80.1924285889,36067,36107,40
12.9173202515,80.1924285889,36107,36117,10
12.9172201157,80.1928100586,36117,36127,10
12.9172201157,80.1929779053,36127,36137,10
12.9172096252,80.1930465698,36137,36147,10
12.9172201157,80.1931533813,36147,36208,61
12.9172201157,80.1931533813,36208,36218,10
12.9172401428,80.1935806274,36218,36228,10
12.9172496796,80.1937103271,36228,36238,10
12.9172401428,80.193901062,36238,36249,11
12.9174003601,80.1943511963,36249,36259,10
12.917889595,80.1948623657,36259,36269,10
12.918390274,80.1953277588,36269,36279,10
12.9189500809,80.1958618164,36279,36289,10
12.919670105,80.1963577271,36289,36299,10
12.9204702377,80.1966705322,36299,36309,10
12.920920372,80.1968231201,36309,36319,10
12.9210395813,80.1968612671,36319,36329,10
12.921380043,80.1969833374,36329,36339,10
12.9220399857,80.1971893311,36339,36349,10
12.9228601456,80.1973266602,36349,36360,11
12.9232501984,80.1973571777,36360,36370,10
12.9234304428,80.1973800659,36370,36410,40
12.9234304428,80.1973800659,36410,36420,10
12.9236497879,80.1973800659,36420,36430,10
12.9238395691,80.1974105835,36430,36440,10
12.9243001938,80.1974334717,36440,36451,11
12.9250497818,80.1974105835,36451,36461,10
12.9253396988,80.1974182129,36461,36471,10
12.9258003235,80.1974334717,36471,36481,10
12.9265003204,80.1975479126,36481,36491,10
12.9272203445,80.1978988647,36491,36501,10
12.9278402328,80.1985092163,36501,36511,10
12.9282598495,80.1993484497,36511,36521,10
12.9284896851,80.2003707886,36521,36531,10
12.9285297394,80.2014389038,36531,36541,10
12.928560257,80.2020797729,36541,36552,11
12.9293699265,80.2026977539,36552,36572,20
12.9293699265,80.2026977539,36572,36582,10
12.9294500351,80.2027511597,36582,36592,10
12.9298200607,80.202796936,36592,36602,10
12.9305000305,80.20287323,36602,36612,10
12.9312601089,80.2030487061,36612,36622,10
12.9321298599,80.2033462524,36622,36632,10
12.9329299927,80.2035980225,36632,36642,10
12.9340200424,80.2038497925,36642,36663,21
12.9340200424,80.2038497925,36663,36673,10
12.9342098236,80.2038803101,36673,36683,10
12.9346199036,80.2039108276,36683,36693,10
12.9351797104,80.2040481567,36693,36703,10
12.9358196259,80.2043533325,36703,36713,10
12.9364995956,80.2045516968,36713,46534,9821
13.0263299942,80.2312698364,46534,46546,12
13.0271902084,80.2310409546,46546,46556,10
13.0280103683,80.2309188843,46556,46566,10
13.0283203125,80.2309112549,46566,46576,10
13.028550148,80.2309036255,46576,46586,10
13.0291404724,80.2308273315,46586,46607,21
13.0291404724,80.2308273315,46607,46616,9
13.0292797089,80.2308120728,46616,46627,11
13.0296096802,80.2307662964,46627,46637,10
13.0301198959,80.2307434082,46637,46647,10
13.0306196213,80.2306976318,46647,46657,10
13.0310297012,80.2306594849,46657,46667,10
13.0315904617,80.2306213379,46667,46677,10
13.0320301056,80.2305908203,46677,46687,10
13.0325603485,80.2305526733,46687,46697,10
13.0329303741,80.2305221558,46697,46708,11
13.0334997177,80.2304534912,46708,46738,30
13.0336303711,80.2304611206,46738,46768,30
13.0336303711,80.2304611206,46768,46778,10
13.033780098,80.2305221558,46778,46788,10
13.0340995789,80.2304611206,46788,46798,10
13.0344104767,80.2304000854,46798,46809,11
13.0349397659,80.23021698,46809,46819,10
13.0349597931,80.2303771973,46819,46829,10
13.0347700119,80.2303009033,46829,46839,10
13.0344295502,80.2304000854,46839,46849,10
13.0341501236,80.23046875,46849,46859,10
13.0336503983,80.2304611206,46859,46869,10
13.0329399109,80.2305221558,46869,46879,10
13.0321102142,80.2305908203,46879,46889,10
13.0312595367,80.2306671143,46889,46899,10
13.0307798386,80.2307434082,46899,46910,11
13.0301799774,80.2307891846,46910,46920,10
13.0297603607,80.2308425903,46920,46930,10
13.0293598175,80.2308807373,46930,46940,10
13.0287599564,80.2308883667,46940,46950,10
13.0280199051,80.2309799194,46950,46960,10
13.0276699066,80.2310791016,46960,46970,10
13.0276403427,80.2314529419,46970,46980,10
13.027680397,80.2319793701,46980,46990,10
13.0277996063,80.232460022,46990,47000,10
13.0278396606,80.2327423096,47000,47011,11
13.0271701813,80.2329025269,47011,47031,20
13.0271701813,80.2329025269,47031,47041,10
13.0270004272,80.2329406738,47041,47051,10
13.0267400742,80.233001709,47051,47061,10
13.0263996124,80.2327804565,47061,47071,10
13.0262098312,80.2321624756,47071,47080,9
13.0260801315,80.2315673828,47080,47091,11
13.0259599686,80.2310562134,47091,47101,10
13.0256299973,80.2303390503,47101,47112,11
13.0249996185,80.2294692993,47112,47122,10
13.0245103836,80.2288818359,47122,47132,10
13.0241203308,80.2283401489,47132,47141,9
13.0238304138,80.2279891968,47141,47152,11
13.0232696533,80.2274475098,47152,47162,10
13.0225200653,80.2267913818,47162,47171,9
13.0218095779,80.2261810303,47171,47181,10
13.0211400986,80.2256622314,47181,47192,11
13.0206403732,80.2253189087,47192,47202,10
13.0202903748,80.2250900269,47202,47213,11
13.0195503235,80.2246398926,47213,47223,10
13.0185604095,80.2246322632,47223,47233,10
13.0175600052,80.2250213623,47233,47243,10
13.0167798996,80.2253417969,47243,47253,10
13.0163803101,80.2255172729,47253,47263,10
13.0155200958,80.2257614136,47263,47283,20
13.0155200958,80.2257614136,47283,47301,18
13.0151700974,80.2259063721,47301,47313,12
13.0149202347,80.2259902954,47313,47323,10
13.0145902634,80.2260894775,47323,47333,10
13.0142002106,80.2261734009,47333,47343,10
13.0141496658,80.2258071899,47343,47353,10
13.0141000748,80.2254562378,47353,47656,303
13.0141000748,80.2254562378,47656,47666,10
13.0141601563,80.2251968384,47666,47676,10
13.0141801834,80.2251968384,47676,47686,10
13.0142698288,80.2253036499,47686,47696,10
13.0142698288,80.225692749,47696,48545,849
13.0143003464,80.225692749,48545,49737,1192
13.0143003464,80.225692749,49737,49747,10
13.0142002106,80.2261123657,49747,49767,20
13.0142002106,80.2261123657,49767,49777,10
13.0140600204,80.2263183594,49777,49787,10
13.0135097504,80.2265396118,49787,49797,10
13.0127801895,80.2268218994,49797,49807,10
13.0119304657,80.227142334,49807,49817,10
13.0109300613,80.2275314331,49817,49828,11
13.0099201202,80.2279281616,49828,49838,10
13.0095396042,80.2275238037,49838,49848,10
13.0098800659,80.2267990112,49848,49858,10
13.0102796555,80.2259063721,49858,49868,10
13.0106801987,80.2250137329,49868,49878,10
13.0109996796,80.2241668701,49878,49888,10
13.0112895966,80.2234115601,49888,49898,10
13.0115804672,80.2233428955,49898,49907,9
13.0120801926,80.2236175537,49907,49917,10
13.0127801895,80.2239837646,49917,49929,12
13.0139198303,80.2245330811,49929,49939,10
13.0146303177,80.224937439,49939,49949,10
13.0151996613,80.2252883911,49949,49959,10
13.0158004761,80.2253189087,49959,49967,8
13.0164604187,80.2253036499,49967,49979,12
13.0176401138,80.2248382568,49979,49989,10
13.0186395645,80.2244262695,49989,49999,10
13.019370079,80.224357605,49999,50009,10
13.0196695328,80.2244873047,50009,50019,10
13.0199604034,80.2247161865,50019,50029,10
13.0205202103,80.2251205444,50029,50040,11
13.0211200714,80.2255477905,50040,50049,9
13.0216398239,80.2259368896,50049,50060,11
13.0223703384,80.2265167236,50060,50071,11
13.0230998993,80.2271728516,50071,50081,10
13.0237598419,80.2277984619,50081,50091,10
13.0243501663,80.2284011841,50091,50111,20
13.0243501663,80.2284011841,50111,50121,10
13.0244903564,80.2285995483,50121,50132,11
13.0248403549,80.2291488647,50132,50142,10
13.0253601074,80.2298431396,50142,50152,10
13.0257902145,80.2304763794,50152,50161,9
13.0259199142,80.2308273315,50161,50172,11
13.026049614,80.2312698364,50172,50182,10
13.0264797211,80.2312469482,50182,50192,10
13.0271997452,80.2310714722,50192,50202,10
13.0278100967,80.2309494019,50202,50212,10
13.0284004211,80.2308883667,50212,50222,10
13.0288801193,80.2308425903,50222,50233,11
13.0289402008,80.2308425903,50233,50243,10
13.0291795731,80.2308502197,50243,50253,10
13.0295200348,80.230796814,50253,50263,10
13.0300302505,80.2307662964,50263,50272,9
13.0304203033,80.23072052,50272,50283,11
13.0309295654,80.2306671143,50283,50293,10
13.0315599442,80.2306518555,50293,50303,10
13.0322504044,80.2305831909,50303,50313,10
13.0333795547,80.2304916382,50313,50334,21
13.0333795547,80.2304916382,50334,50344,10
13.0335998535,80.2304992676,50344,50354,10
13.0338802338,80.230506897,50354,50394,40
13.0338802338,80.230506897,50394,50404,10
13.0342502594,80.2304229736,50404,50414,10
13.0346899033,80.2302932739,50414,50424,10
13.0349597931,80.230140686,50424,50435,11
13.0348701477,80.2298431396,50435,50485,50
13.0348701477,80.2298431396,50485,50495,10
13.0346803665,80.229850769,50495,50505,10
13.0343904495,80.2297897339,50505,50788,283
13.0343904495,80.2297897339,50788,50798,10
13.0341701508,80.23021698,50798,50828,30
13.0341701508,80.23021698,50828,50839,11
13.034040451,80.230430603,50839,50849,10
13.0335798264,80.23046875,50849,50859,10
13.0329504013,80.2304992676,50859,50869,10
13.0323200226,80.2305908203,50869,50879,10
13.0319404602,80.2306213379,50879,50889,10
13.0313396454,80.2306900024,50889,50899,10
13.0310001373,80.23072052,50899,50909,10
13.0308799744,80.23072052,50909,50919,10
13.0306501389,80.2307434082,50919,50929,10
13.0302095413,80.2307815552,50929,50940,11
13.0297803879,80.2308273315,50940,50950,10
13.0297203064,80.2308273315,50950,50960,10
13.0295000076,80.2308273315,50960,50970,10
13.0290002823,80.2308883667,50970,50980,10
13.0283002853,80.23097229,50980,50990,10
13.0277204514,80.2310180664,50990,51000,10
13.0276498795,80.2314529419,51000,51010,10
13.0277395248,80.2321624756,51010,51020,10
13.0277900696,80.2327728271,51020,51030,10
13.02684021,80.233001709,51030,51101,71
13.02684021,80.233001709,51101,51111,10
13.0266599655,80.2330780029,51111,51121,10
13.0263996124,80.2329864502,51121,51131,10
13.0262002945,80.2324523926,51131,51142,11
13.0260000229,80.231590271,51142,51152,10
13.0257396698,80.2306365967,51152,51162,10
13.0252103806,80.2297973633,51162,51172,10
13.0248804092,80.2294006348,51172,51182,10
13.0245800018,80.2290115356,51182,51192,10
13.0242900848,80.2286529541,51192,51202,10
13.0238704681,80.2281112671,51202,51212,10
13.0230998993,80.2274780273,51212,51243,31
13.0230998993,80.2274780273,51243,51253,10
13.022769928,80.2272262573,51253,51263,10
13.0225095749,80.2268218994,51263,51273,10
13.0219802856,80.2263183594,51273,51283,10
13.0213403702,80.2257995605,51283,51293,10
13.0206098557,80.2252426147,51293,51303,10
13.0198802948,80.2247390747,51303,51313,10
13.0188903809,80.2244873047,51313,51323,10
13.0179004669,80.224861145,51323,51333,10
13.0171604156,80.2251815796,51333,51344,11
13.0167198181,80.2253799438,51344,51354,10
13.0165195465,80.225479126,51354,51364,10
13.0162200928,80.2256011963,51364,51374,10
13.0157003403,80.225769043,51374,51384,10
13.0150499344,80.2260513306,51384,56480,5096
12.9266395569,80.1975784302,56480,56492,12
12.927570343,80.1981811523,56492,56500,8
12.9279499054,80.1987915039,56500,56513,13
12.9284296036,80.2001495361,56513,56523,10
12.9284801483,80.2012176514,56523,56532,9
12.9285202026,80.2019729614,56532,56543,11
12.9290895462,80.2026519775,56543,56553,10
12.9293298721,80.2026596069,56553,56563,10
12.9295301437,80.2026824951,56563,56574,11
12.9301795959,80.2027587891,56574,56584,10
12.9309797287,80.202911377,56584,56594,10
12.9317598343,80.2031784058,56594,56604,10
12.9324197769,80.2033996582,56604,56614,10
12.9330997467,80.2036514282,56614,56624,10
12.9337902069,80.2037963867,56624,56634,10
12.9338197708,80.2037963867,56634,56644,10
12.9338903427,80.2038421631,56644,56654,10
12.9342899323,80.2038726807,56654,56664,10
12.9349603653,80.2039794922,56664,56674,10
12.9357795715,80.2043304443,56674,56685,11
12.9369297028,80.2046585083,56685,56695,10
12.9379997253,80.2049636841,56695,56705,10
12.939040184,80.205291748,56705,56715,10
12.9398803711,80.2055435181,56715,56725,10
12.940030098,80.205581665,56725,56735,10
12.940369606,80.2056884766,56735,56745,10
12.9410400391,80.2059326172,56745,56755,10
12.9418296814,80.2064285278,56755,56765,10
12.9426202774,80.2071075439,56765,56776,11
12.9433202744,80.2079315186,56776,56786,10
12.9441795349,80.2082824707,56786,56796,10
12.9443998337,80.2083435059,56796,56806,10
12.944609642,80.208442688,56806,56816,10
12.945110321,80.2086334229,56816,56826,10
12.9458303452,80.2089004517,56826,56836,10
12.9466199875,80.2092208862,56836,56846,10
12.9473199844,80.2095031738,56846,56856,10
12.947930336,80.2097320557,56856,56866,10
12.9484996796,80.2099609375,56866,56877,11
12.9493904114,80.210319519,56877,56887,10
12.9505596161,80.2107772827,56887,56897,10
12.9518203735,80.2112808228,56897,56907,10
12.95291996,80.2117233276,56907,56917,10
12.9539403915,80.2121429443,56917,56927,10
12.9550104141,80.2125778198,56927,56937,10
12.9560804367,80.2129821777,56937,56947,10
12.9571199417,80.2133712769,56947,56957,10
12.9581804276,80.2138214111,56957,56967,10
12.9592504501,80.2142181396,56967,56977,10
12.9603204727,80.2146835327,56977,56988,11
12.961520195,80.215133667,56988,56998,10
12.9626197815,80.2155609131,56998,57008,10
12.9636497498,80.2159881592,57008,57018,10
12.9646501541,80.2164230347,57018,57028,10
12.9656801224,80.2168426514,57028,57038,10
12.9666500092,80.2172164917,57038,57054,16
12.9679498672,80.2177276611,57054,57066,12
12.9688596725,80.2181015015,57066,57075,9
12.9698400497,80.2184829712,57075,57087,12
12.9711799622,80.2189331055,57087,57107,20
12.9711799622,80.2189331055,57107,57117,10
12.9713096619,80.2189865112,57117,57127,10
12.9717998505,80.2192382813,57127,57136,9
12.9724998474,80.2195281982,57136,57147,11
12.9733600616,80.219871521,57147,57157,10
12.9741401672,80.220199585,57157,57167,10
12.9746599197,80.2203598022,57167,57177,10
12.9749403,80.2204818726,57177,57188,11
12.9753398895,80.2206192017,57188,57198,10
12.9755897522,80.2203598022,57198,57208,10
12.9756803513,80.2202911377,57208,57218,10
12.975979805,80.2202072144,57218,57228,10
12.9765701294,80.2198867798,57228,57238,10
12.9773397446,80.2195281982,57238,57248,10
12.978269577,80.2191314697,57248,57258,10
12.9788303375,80.2189102173,57258,57268,10
12.9795398712,80.2186203003,57268,57279,11
12.9804201126,80.2182922363,57279,57289,10
12.9813203812,80.2179718018,57289,57299,10
12.9823799133,80.2177963257,57299,57309,10
12.9834699631,80.2177734375,57309,57319,10
12.983710289,80.2177429199,57319,57329,10
12.9840898514,80.2177810669,57329,57339,10
12.984629631,80.2177886963,57339,57349,10
12.9854001999,80.2177963257,57349,57359,10
12.9863500595,80.2179794312,57359,57369,10
12.9873695374,80.2182235718,57369,57380,11
12.9885997772,80.21849823,57380,57390,10
12.9897003174,80.2188491821,57390,57400,10
12.9907903671,80.2192230225,57400,57410,10
12.9916496277,80.2193832397,57410,57420,10
12.9923400879,80.218963623,57420,57430,10
12.9931297302,80.2183837891,57430,57440,10
12.9938802719,80.2178192139,57440,57450,10
12.994509697,80.2173614502,57450,57460,10
12.9950504303,80.2169799805,57460,57470,10
12.9956798553,80.2166976929,57470,57481,11
12.9964504242,80.2165298462,57481,57491,10
12.9968795776,80.2164535522,57491,57501,10
12.997179985,80.2163619995,57501,57511,10
12.9975404739,80.2160797119,57511,57521,10
12.9981203079,80.2155914307,57521,57531,10
12.9987697601,80.2150726318,57531,57541,10
12.9991397858,80.2147521973,57541,57551,10
12.999540329,80.2143783569,57551,57561,10
12.9999504089,80.214012146,57561,57571,10
13.0005302429,80.213470459,57571,57582,11
13.0010404587,80.2130737305,57582,57592,10
13.0013904572,80.2127914429,57592,57602,10
13.0019102097,80.2124404907,57602,57612,10
13.0024003983,80.2121887207,57612,57622,10
13.002989769,80.2120895386,57622,57632,10
13.0037403107,80.2120132446,57632,57642,10
13.0044803619,80.2122268677,57642,57652,10
13.0050601959,80.2125015259,57652,57662,10
13.0058202744,80.212890625,57662,57672,10
13.0065803528,80.2126922607,57672,57682,10
13.0077295303,80.2129135132,57682,57703,21
13.0077295303,80.2129135132,57703,57713,10
13.007900238,80.2130966187,57713,57723,10
13.0084199905,80.2133102417,57723,57733,10
13.0089101791,80.2139205933,57733,57743,10
13.0094604492,80.2146835327,57743,57753,10
13.0099201202,80.2152786255,57753,57763,10
13.0104703903,80.2159500122,57763,57773,10
13.0108098984,80.2167892456,57773,57784,11
13.0111999512,80.2177581787,57784,57794,10
13.0116100311,80.2189178467,57794,57804,10
13.0120201111,80.2201766968,57804,57814,10
13.0123100281,80.2211608887,57814,57824,10
13.0124197006,80.2215805054,57824,57834,10
13.0128297806,80.2221298218,57834,57844,10
13.0132703781,80.2226409912,57844,57854,10
13.0137796402,80.2232513428,57854,57864,10
13.0142297745,80.2236175537,57864,57874,10
13.0145101547,80.2239303589,57874,57885,11
13.0150003433,80.2245330811,57885,57895,10
13.0150604248,80.2245788574,57895,57905,10
13.0151996613,80.2247619629,57905,57915,10
13.0154800415,80.2249221802,57915,57925,10
13.0155696869,80.2249298096,57925,57935,10
13.0159301758,80.225227356,57935,57945,10
13.016699791,80.2251968384,57945,57955,10
13.017660141,80.224822998,57955,57965,10
13.0185403824,80.2244796753,57965,57975,10
13.019080162,80.2243118286,57975,57986,11
13.0194997787,80.2244033813,57986,57996,10
13.0198402405,80.224571228,57996,58006,10
13.0202798843,80.224899292,58006,58016,10
13.02064991,80.2251586914,58016,58026,10
13.0210599899,80.2254486084,58026,58036,10
13.021900177,80.22605896,58036,58056,20
13.021900177,80.22605896,58056,58066,10
13.0221004486,80.2262573242,58066,58076,10
13.0225400925,80.2266693115,58076,58087,11
13.0231399536,80.2272109985,58087,58097,10
13.0236196518,80.2276382446,58097,58107,10
13.0238199234,80.2278137207,58107,58117,10
13.0239896774,80.2280426025,58117,58127,10
13.0243196487,80.2284393311,58127,58137,10
13.0245399475,80.2287368774,58137,58153,16
13.0250902176,80.2294769287,58153,58165,12
13.025639534,80.2302017212,58165,58173,8
13.0258703232,80.2306137085,58173,58184,11
13.0259599686,80.2309036255,58184,58196,12
13.0259895325,80.2311401367,58196,58206,10
13.0261201859,80.2313232422,58206,58216,10
13.0266799927,80.2311706543,58216,58226,10
13.0274000168,80.2309875488,58226,58236,10
13.0280504227,80.2309188843,58236,58245,9
13.0283603668,80.2308731079,58245,58255,10
13.0287303925,80.2308578491,58255,58266,11
13.0289802551,80.2308502197,58266,58276,10
13.0291996002,80.2308120728,58276,58287,11
13.0294799805,80.2307662964,58287,58297,10
13.0298900604,80.2307434082,58297,58307,10
13.030380249,80.2307128906,58307,58317,10
13.0304803848,80.2307128906,58317,58327,10
13.0308103561,80.230682373,58327,58337,10
13.0313901901,80.2306137085,58337,58347,10
13.0321998596,80.2305374146,58347,58357,10
13.0329999924,80.23046875,58357,58366,9
13.0335798264,80.2304382324,58366,58377,11
13.0340499878,80.2303695679,58377,58388,11
13.0348596573,80.2302627563,58388,58408,20
13.0348596573,80.2302627563,58408,58418,10
13.0349502563,80.2301177979,58418,58428,10
13.0347604752,80.2299880981,58428,58851,423
13.0347604752,80.2299880981,58851,58861,10
13.0343799591,80.229927063,58861,59083,222
13.0341300964,80.2299728394,59083,59225,142
13.0341300964,80.2299728394,59225,59235,10
13.0341796875,80.2303466797,59235,59245,10
13.0341501236,80.2304229736,59245,59255,10
13.0340995789,80.2304382324,59255,59265,10
13.0338201523,80.23046875,59265,59275,10
13.0333595276,80.2305221558,59275,59285,10
13.0327997208,80.2305679321,59285,59296,11
13.0322399139,80.2306365967,59296,59306,10
13.0318698883,80.230682373,59306,59316,10
13.0312700272,80.2307128906,59316,59326,10
13.0307598114,80.230758667,59326,59336,10
13.0303297043,80.230796814,59336,59352,16
13.0298204422,80.2308578491,59352,59364,12
13.0293903351,80.2309188843,59364,59372,8
13.0289201736,80.2309494019,59372,59384,12
13.0280199051,80.2310409546,59384,59395,11
13.0276403427,80.2311782837,59395,59405,10
13.0276899338,80.2316970825,59405,59415,10
13.0277795792,80.2322998047,59415,59425,10
13.0278701782,80.2327194214,59425,59434,9
13.0275096893,80.2328872681,59434,59446,12
13.0269403458,80.233001709,59446,59507,61
13.0269403458,80.233001709,59507,59517,10
13.0266504288,80.2330169678,59517,59527,10
13.0263500214,80.2328414917,59527,59537,10
13.0261602402,80.2322311401,59537,59547,10
13.02602005,80.231628418,59547,59557,10
13.025850296,80.2309799194,59557,59567,10
13.0254201889,80.230140686,59567,59577,10
13.0248498917,80.2293395996,59577,59587,10
13.0246801376,80.2291183472,59587,59598,11
13.0246400833,80.2290802002,59598,59608,10
13.0243797302,80.2287368774,59608,59618,10
13.0239801407,80.2282028198,59618,59628,10
13.0231103897,80.2274780273,59628,59656,28
13.0231103897,80.2274780273,59656,59664,8
13.0229196548,80.2273406982,59664,59676,12
13.0225801468,80.226890564,59676,59686,10
13.0221300125,80.2264709473,59686,59697,11
13.0214195251,80.2259063721,59697,59707,10
13.0206298828,80.2253265381,59707,59716,9
13.0200099945,80.224937439,59716,59727,11
13.0199098587,80.2248764038,59727,59737,10
13.0197401047,80.2247314453,59737,59747,10
13.0193099976,80.2245483398,59747,59757,10
13.0185499191,80.2246322632,59757,59767,10
13.0176200867,80.2249984741,59767,59777,10
13.0166101456,80.225402832,59777,59787,10
13.0158700943,80.2256698608,59787,59798,11
13.0151395798,80.2259597778,59798,59808,10
13.0144701004,80.2262420654,59808,59818,10
13.014380455,80.226272583,59818,59828,10
13.0143003464,80.2262878418,59828,59838,10
13.0138902664,80.2264633179,59838,59848,10
13.0132198334,80.2266921997,59848,59858,10
13.0124101639,80.2269821167,59858,59868,10
13.0115003586,80.2273483276,59868,59878,10
13.0104398727,80.2277526855,59878,59889,11
13.0095300674,80.2277832031,59889,59899,10
13.0096998215,80.2272186279,59899,59909,10
13.0100402832,80.2265014648,59909,59919,10
13.0104503632,80.2256317139,59919,59928,9
13.0107803345,80.224861145,59928,59939,11
13.0109796524,80.224357605,59939,59949,10
13.0111999512,80.2238311768,59949,59959,10
13.011469841,80.2232437134,59959,59969,10
13.011759758,80.2223510742,59969,59979,10
13.0120296478,80.2216491699,59979,59990,11
13.0121097565,80.2213973999,59990,60000,10
13.0121498108,80.2212982178,60000,60010,10
13.0121603012,80.2210769653,60010,60020,10
13.0120201111,80.2206802368,60020,60030,10
13.011759758,80.2199935913,60030,60040,10
13.0114898682,80.2191925049,60040,60050,10
13.0112104416,80.2182922363,60050,60060,10
13.0108604431,80.2173614502,60060,60070,10
13.0105800629,80.2167205811,60070,60080,10
13.010219574,80.2160263062,60080,60091,11
13.0098199844,80.2152175903,60091,60101,10
13.0094995499,80.2147979736,60101,60111,10
13.0091400146,80.2143173218,60111,60121,10
13.0086603165,80.2136993408,60121,60131,10
13.0080404282,80.2132797241,60131,60192,61
13.0080404282,80.2132797241,60192,60202,10
13.0078296661,80.2131118774,60202,60212,10
13.0075502396,80.2128982544,60212,60222,10
13.0069904327,80.2127838135,60222,60231,9
13.0063695908,80.2127838135,60231,60242,11
13.0057201385,80.2129669189,60242,60252,10
13.0051403046,80.2126083374,60252,60262,10
13.0043201447,80.2121887207,60262,60272,10
13.0034704208,80.2120895386,60272,60282,10
13.0027399063,80.2121124268,60282,60293,11
13.0020303726,80.2123794556,60293,60303,10
13.0014400482,80.2128067017,60303,60313,10
13.0011901855,80.2130203247,60313,60323,10
13.0007295609,80.2134017944,60323,60333,10
13.0001401901,80.2139511108,60333,60343,10
12.999710083,80.2143173218,60343,60353,10
12.9992198944,80.2147369385,60353,60363,10
12.9989404678,80.2149810791,60363,60373,10
12.998459816,80.2154083252,60373,60383,10
12.9978599548,80.215927124,60383,60394,11
12.9973897934,80.2163696289,60394,60410,16
12.9972600937,80.216506958,60410,60422,12
12.9967899323,80.2165603638,60422,60432,10
12.9963302612,80.2166290283,60432,60442,10
12.9961204529,80.2166900635,60442,60451,9
12.9959096909,80.2167434692,60451,60462,11
12.9956998825,80.216796875,60462,60472,10
12.9954795837,80.2168731689,60472,60482,10
12.9953203201,80.2169418335,60482,60492,10
12.9950799942,80.2170791626,60492,60502,10
12.9947595596,80.2172927856,60502,60513,11
12.99421978,80.2176818848,60513,60522,9
12.9937095642,80.2180633545,60522,60533,11
12.993060112,80.218536377,60533,60543,10
12.9923095703,80.219078064,60543,60553,10
12.9916095734,80.219619751,60553,60563,10
12.9909896851,80.2200469971,60563,60573,10
12.9902496338,80.2206192017,60573,60583,10
12.9896001816,80.2213363647,60583,60594,11
12.9890499115,80.2220077515,60594,60604,10
12.9885196686,80.2225570679,60604,60614,10
12.9880104065,80.2229919434,60614,60624,10
12.9878396988,80.2230987549,60624,60634,10
12.987660408,80.2231369019,60634,60644,10
12.9875602722,80.2231216431,60644,60654,10
12.9871997833,80.2230987549,60654,60664,10
12.9870996475,80.2230911255,60664,60674,10
12.9869203568,80.2230529785,60674,60684,10
12.9864196777,80.2229995728,60684,60695,11
12.9856595993,80.2230987549,60695,60705,10
12.9853401184,80.2233276367,60705,60715,10
12.9845895767,80.2230377197,60715,60735,20
12.9845895767,80.2230377197,60735,60745,10
12.9844198227,80.2229690552,60745,60755,10
12.9843301773,80.22290802,60755,60765,10
12.9841995239,80.2228088379,60765,60775,10
12.9839801788,80.2226791382,60775,60785,10
12.9838895798,80.2226409912,60785,60802,17
12.983499527,80.2223892212,60802,60824,22
12.983499527,80.2223892212,60824,60834,10
12.9834003448,80.2223129272,60834,60842,8
12.9832496643,80.2221984863,60842,60854,12
12.9829397202,80.2220001221,60854,60864,10
12.9825601578,80.2218704224,60864,60874,10
12.9821195602,80.2217025757,60874,60884,10
12.9815301895,80.221321106,60884,60894,10
12.981010437,80.2210998535,60894,60905,11
12.9804201126,80.2210998535,60905,60915,10
12.9797897339,80.2211303711,60915,60925,10
12.9789600372,80.2211837769,60925,60935,10
12.9783496857,80.2211990356,60935,60945,10
12.9777002335,80.2212219238,60945,60955,10
12.9770898819,80.2212677002,60955,60965,10
12.9769601822,80.221282959,60965,60975,10
12.9768600464,80.2212677002,60975,60985,10
12.9766597748,80.2211990356,60985,60996,11
12.9763803482,80.2211990356,60996,61006,10
12.9759998322,80.2212982178,61006,61026,20
12.9758300781,80.2212219238,61026,61056,30
12.9758300781,80.2212219238,61056,61066,10
12.9757795334,80.2211380005,61066,61076,10
12.9756402969,80.221031189,61076,61086,10
12.9756202698,80.2210235596,61086,61097,11
12.9753799438,80.2208175659,61097,61107,10
12.974820137,80.2205505371,61107,61117,10
12.97397995,80.2202072144,61117,61127,10
12.97315979,80.2198791504,61127,61137,10
12.9723396301,80.2195892334,61137,61147,10
12.9713401794,80.2192764282,61147,61157,10
12.970990181,80.2192001343,61157,61167,10
12.9708404541,80.2191009521,61167,61177,10
12.9703197479,80.2188262939,61177,61187,10
12.9696397781,80.2185516357,61187,61198,11
12.9688901901,80.2182617188,61198,61208,10
12.9682197571,80.2180023193,61208,61218,10
12.9675397873,80.2177276611,61218,61228,10
12.9666996002,80.2173919678,61228,61238,10
12.9656095505,80.2169570923,61238,61248,10
12.9645595551,80.2165374756,61248,61258,10
12.9637403488,80.216178894,61258,61268,10
12.9629497528,80.2157974243,61268,61278,10
12.9619398117,80.2154388428,61278,61288,10
12.960849762,80.2150115967,61288,61299,11
12.9595899582,80.2145004272,61299,61309,10
12.9585199356,80.2140579224,61309,61319,10
12.9573802948,80.2136077881,61319,61329,10
12.9562997818,80.2131729126,61329,61339,10
12.9552202225,80.2127685547,61339,61349,10
12.9542703629,80.2123794556,61349,61359,10
12.9534196854,80.2120437622,61359,61369,10
12.9525203705,80.2116775513,61369,61379,10
12.9514598846,80.2112579346,61379,61389,10
12.9503002167,80.2108001709,61389,61400,11
12.9491796494,80.2103500366,61400,61410,10
12.9481897354,80.2099609375,61410,61420,10
12.947019577,80.2095184326,61420,61430,10
12.9457597733,80.2090072632,61430,61440,10
12.9447002411,80.2085876465,61440,61450,10
12.9441900253,80.2084121704,61450,61460,10
12.9439601898,80.2083129883,61460,61470,10
12.9434604645,80.2080993652,61470,61480,10
12.9429197311,80.2076797485,61480,61490,10
12.94272995,80.2074127197,61490,61501,11
12.9423398972,80.2069625854,61501,61511,10
12.9417600632,80.2064819336,61511,61521,10
12.9413404465,80.2061767578,61521,61531,10
12.9412403107,80.2061080933,61531,61541,10
12.9408302307,80.2059173584,61541,61551,10
12.9402103424,80.2057418823,61551,61561,10
12.9395999908,80.2055587769,61561,61571,10
12.9389400482,80.2053604126,61571,61581,10
12.9385995865,80.2052536011,61581,61591,10
12.9383497238,80.2051773071,61591,61602,11
12.9378204346,80.2050323486,61602,61612,10
12.9371995926,80.2048568726,61612,61622,10
12.9365196228,80.2046737671,61622,61632,10
12.935790062,80.204460144,61632,61642,10
12.9351301193,80.2041625977,61642,61652,10
12.934419632,80.2040023804,61652,61662,10
12.9339799881,80.203956604,61662,61672,10
12.9338102341,80.2039413452,61672,61682,10
12.9334096909,80.2038803101,61682,61692,10
12.9331598282,80.2038269043,61692,61703,11
12.9325704575,80.2035903931,61703,61713,10
12.9318399429,80.2033462524,61713,61723,10
12.9310302734,80.2030792236,61723,61732,9
12.9303703308,80.202911377,61732,61743,11
12.929690361,80.2028274536,61743,61753,10
12.9296398163,80.2028198242,61753,61763,10
12.9293899536,80.202796936,61763,61773,10
12.928899765,80.2027282715,61773,61783,10
12.9285001755,80.2023620605,61783,61793,10
12.9284601212,80.2015991211,61793,61804,11
12.9284296036,80.2005233765,61804,61814,10
12.9282503128,80.199546814,61814,61824,10
12.9278297424,80.1986465454,61824,61834,10
12.9276695251,80.1983795166,61834,61844,10
12.927359581,80.198059082,61844,61854,10
12.9268102646,80.1977310181,61854,61864,10
12.9261598587,80.1975631714,61864,61874,10
12.9256801605,80.1975326538,61874,61884,10
12.9253196716,80.1975479126,61884,61894,10
12.9247598648,80.1975402832,61894,61905,11
12.9238901138,80.1975326538,61905,61915,10
12.9230203629,80.1974411011,61915,61931,16
12.9217796326,80.1972427368,61931,61943,12
12.92166996,80.1971893311,61943,61953,10
12.9213399887,80.1970825195,61953,61963,10
12.9207000732,80.1968536377,61963,61972,9
12.9200496674,80.1966171265,61972,61983,11
12.9192800522,80.1962585449,61983,61993,10
12.9186601639,80.1957473755,61993,62004,11
12.9180498123,80.1951828003,62004,62014,10
12.9175100327,80.1946868896,62014,62024,10
12.917140007,80.1942214966,62024,62034,10
12.917090416,80.1941223145,62034,62044,10
12.9170398712,80.1939315796,62044,62054,10
12.9170198441,80.1936569214,62054,62064,10
12.9170103073,80.1933517456,62064,62074,10
12.9169998169,80.1932907104,62074,62084,10
12.9169902802,80.1932373047,62084,62105,21
12.9169902802,80.1932373047,62105,62115,10
12.9170303345,80.1929397583,62115,62125,10
12.9170799255,80.1926422119,62125,62135,10
12.9171199799,80.1923522949,62135,62145,10
12.9171800613,80.1919326782,62145,62155,10
12.9172496796,80.1915283203,62155,62165,10
12.9172897339,80.191192627,62165,62175,10
12.917309761,80.1910018921,62175,62185,10
12.9173202515,80.1906661987,62185,62195,10
12.9173698425,80.1902923584,62195,62206,11
12.9175300598,80.1896286011,62206,62216,10
12.9179000854,80.1888809204,62216,62226,10
12.9185695648,80.1881027222,62226,62236,10
12.9192304611,80.1873931885,62236,62246,10
12.9200201035,80.1865005493,62246,62256,10
12.9206199646,80.1855163574,62256,62266,10
12.9203701019,80.1845169067,62266,62276,10
12.9201402664,80.1834030151,62276,62286,10
12.9199304581,80.1825408936,62286,62296,10
12.9199104309,80.1824188232,62296,62307,11
12.9197902679,80.1818466187,62307,62317,10
12.9196395874,80.181098938,62317,62327,10
12.9194402695,80.1801681519,62327,62337,10
12.9190702438,80.1791915894,62337,62347,10
12.918680191,80.1786422729,62347,62357,10
12.9182500839,80.1779937744,62357,62367,10
12.9183101654,80.1769790649,62367,62377,10
12.9185400009,80.1758422852,62377,62387,10
12.9188299179,80.1746826172,62387,62397,10
12.9191598892,80.1734008789,62397,62408,11
12.9195203781,80.1719970703,62408,62418,10
12.9197502136,80.171081543,62418,62428,10
12.9198198318,80.1708679199,62428,62438,10
12.9199695587,80.1704177856,62438,62448,10
12.9202299118,80.1696014404,62448,62458,10
12.9205799103,80.1685333252,62458,62468,10
12.920920372,80.1674499512,62468,62478,10
12.9212799072,80.1663208008,62478,62488,10
12.9216499329,80.1651763916,62488,62498,10
12.9219999313,80.1640777588,62498,62509,11
12.922369957,80.1629180908,62509,62519,10
12.9227304459,80.1618270874,62519,62529,10
12.9230499268,80.1607589722,62529,62539,10
12.9233398438,80.1596298218,62539,62549,10
12.9234600067,80.1583862305,62549,62559,10
12.9235801697,80.1570968628,62559,62569,10
12.9236497879,80.1558380127,62569,62579,10
12.9234199524,80.1551208496,62579,62589,10
12.9233999252,80.1549987793,62589,62599,10
12.9232997894,80.1545333862,62599,62610,11
12.923119545,80.1537399292,62610,62620,10
12.9228401184,80.152633667,62620,62650,30
12.9228401184,80.152633667,62650,62660,10
12.9228096008,80.1524810791,62660,62670,10
12.9227399826,80.1520614624,62670,62680,10
12.9226903915,80.1514663696,62680,62690,10
12.9226703644,80.1506271362,62690,62700,10
12.9226398468,80.1497573853,62700,62711,11
12.9225597382,80.148727417,62711,62721,10
12.9225702286,80.147819519,62721,62731,10
12.9225597382,80.147277832,62731,62741,10
12.922539711,80.1469116211,62741,62751,10
12.9225502014,80.1465606689,62751,62761,10
12.922539711,80.1459197998,62761,62771,10
12.9224996567,80.1451187134,62771,62781,10
12.9224796295,80.14427948,62781,62791,10
12.9224596024,80.1438064575,62791,62801,10
12.9224500656,80.1437683105,62801,62812,11
12.9224395752,80.1436462402,62812,62822,10
12.9224395752,80.1432113647,62822,62832,10
12.922419548,80.1425323486,62832,62842,10
12.9224004745,80.142036438,62842,62852,10
12.9223899841,80.1418304443,62852,62862,10
12.9224004745,80.1416778564,62862,62872,10
12.9224004745,80.1411819458,62872,62882,10
12.9223804474,80.1398162842,62882,62892,10
12.9223804474,80.1398162842,62892,62902,10
12.9223804474,80.139289856,62902,62913,11
12.9223899841,80.1389694214,62913,62923,10
12.9224004745,80.1386032104,62923,62933,10
12.9224500656,80.1381072998,62933,62943,10
12.9224500656,80.1377182007,62943,62953,10
12.9224596024,80.1373672485,62953,62964,11
12.9224996567,80.1366119385,62964,62974,10
12.9225301743,80.1358184814,62974,62985,11
12.9225597382,80.1348800659,62985,62995,10
12.9226198196,80.1338882446,62995,63006,11
12.922659874,80.1330032349,63006,63016,10
12.9226799011,80.1323928833,63016,63026,10
12.9227199554,80.1315994263,63026,63036,10
12.9227399826,80.1307678223,63036,63046,10
12.9227800369,80.1300964355,63046,63056,10
12.9228096008,80.1294937134,63056,63066,10
12.922829628,80.1291503906,63066,63076,10
12.9228696823,80.1288833618,63076,63086,10
12.9228801727,80.1283798218,63086,63096,10
12.9228801727,80.1276931763,63096,63107,11
12.9229001999,80.1267700195,63107,63117,10
12.9229202271,80.1258010864,63117,63127,10
12.9230203629,80.1247787476,63127,63137,10
12.9230604172,80.123840332,63137,63147,10
12.9231100082,80.1228179932,63147,63156,9
12.9231595993,80.1218185425,63156,63167,11
12.9231901169,80.1206436157,63167,63187,20
12.9231901169,80.1206436157,63187,63197,10
12.923210144,80.1205978394,63197,63208,11
12.9232501984,80.1202697754,63208,63218,10
12.9232797623,80.1197967529,63218,63228,10
12.9232902527,80.1190490723,63228,63238,10
12.9233102798,80.1184234619,63238,63248,10
12.9233999252,80.117767334,63248,63258,10
12.9234399796,80.1170806885,63258,63268,10
12.9234399796,80.116897583,63268,63278,10
12.9235401154,80.1168365479,63278,63288,10
12.9235496521,80.1171417236,63288,63298,10
12.9235601425,80.1176605225,63298,63309,11
12.9236097336,80.1180496216,63309,63319,10
12.9235496521,80.118598938,63319,63329,10
12.9234800339,80.1193618774,63329,63339,10
12.9233703613,80.1201095581,63339,63349,10
12.9233703613,80.1201934814,63349,63359,10
12.9233598709,80.1203689575,63359,63369,10
12.923330307,80.1207427979,63369,63379,10
12.9233198166,80.1209716797,63379,63389,10
12.9233198166,80.1209793091,63389,63399,10
12.9232902527,80.1212463379,63399,63410,11
12.9232997894,80.1216201782,63410,65096,1686
12.9232997894,80.1216201782,65096,65106,10
12.9231901169,80.1217880249,65106,65117,11
12.9231595993,80.1223831177,65117,65127,10
12.923119545,80.1231613159,65127,65137,10
12.923119545,80.1240692139,65137,65147,10
12.9230804443,80.1248931885,65147,65157,10
12.9230499268,80.1255187988,65157,65177,20
12.9230499268,80.1255187988,65177,65187,10
12.9230203629,80.1257095337,65187,65197,10
12.9229898453,80.1261291504,65197,65207,10
12.9229698181,80.1268386841,65207,65224,17
12.9229202271,80.1280670166,65224,65236,12
12.9228801727,80.1288299561,65236,65246,10
12.9228601456,80.1294631958,65246,65256,10
12.9228096008,80.1300811768,65256,65266,10
12.9228096008,80.1307220459,65266,65275,9
12.9228096008,80.1312866211,65275,65286,11
12.9227600098,80.132232666,65286,65296,10
12.922750473,80.1325302124,65296,65306,10
12.9227304459,80.1328201294,65306,65317,11
12.9226799011,80.1335296631,65317,65327,10
12.9226398468,80.1343688965,65327,65337,10
12.9225997925,80.1351776123,65337,65347,10
12.9225702286,80.135887146,65347,65356,9
12.922539711,80.1366729736,65356,65367,11
12.9224996567,80.1375579834,65367,65377,10
12.9224596024,80.1383972168,65377,65387,10
12.9224004745,80.1391983032,65387,65397,10
12.9224100113,80.1399993896,65397,65407,10
12.9224300385,80.1407470703,65407,65418,11
12.9224500656,80.1417236328,65418,65428,10
12.9224796295,80.1425094604,65428,65438,10
12.9225196838,80.1428604126,65438,65448,10
12.9225301743,80.1434631348,65448,65488,40
12.9225301743,80.1434631348,65488,65498,10
12.922539711,80.1437606812,65498,65508,10
12.922539711,80.1442565918,65508,65519,11
12.9225702286,80.1451568604,65519,65529,10
12.9226303101,80.1461181641,65529,65539,10
12.9226398468,80.1470413208,65539,65549,10
12.9226398468,80.1474990845,65549,65559,10
12.9226303101,80.1481628418,65559,65569,10
12.9226303101,80.148979187,65569,65579,10
12.9226799011,80.1500015259,65579,65589,10
12.9227104187,80.1510772705,65589,65599,10
12.922750473,80.1520004272,65599,65609,10
12.9229402542,80.1529769897,65609,65620,11
12.9231996536,80.1539230347,65620,65630,10
12.9234199524,80.1546173096,65630,65650,20
12.9234199524,80.1546173096,65650,65660,10
12.9234399796,80.1547698975,65660,65670,10
12.923500061,80.1550216675,65670,65680,10
12.9235696793,80.155380249,65680,65690,10
12.9237003326,80.1560821533,65690,65700,10
12.9236297607,80.157043457,65700,65710,10
12.9235296249,80.1581802368,65710,65721,11
12.9234304428,80.1594314575,65721,65731,10
12.9233398438,80.1602935791,65731,65741,10
12.9232902527,80.1604690552,65741,65751,10
12.9231901169,80.1607513428,65751,65761,10
12.9229803085,80.1613464355,65761,65771,10
12.9227104187,80.1621932983,65771,65781,10
12.922419548,80.1631011963,65781,65791,10
12.9220895767,80.1641616821,65791,65807,16
12.921500206,80.1660079956,65807,65819,12
12.9210500717,80.1673965454,65819,65830,11
12.9206600189,80.1686401367,65830,65840,10
12.9203195572,80.1697463989,65840,65850,10
12.9199895859,80.1707687378,65850,65860,10
12.9198999405,80.1711196899,65860,65870,10
12.9198503494,80.1712799072,65870,65880,10
12.919670105,80.1717910767,65880,65890,10
12.9194803238,80.1725006104,65890,65900,10
12.9192304611,80.1733627319,65900,65910,10
12.9189796448,80.1744003296,65910,65921,11
12.9187097549,80.1756362915,65921,65931,10
12.9184598923,80.1766586304,65931,65941,10
12.9182796478,80.1777801514,65941,65951,10
12.9188098907,80.1787796021,65951,65961,10
12.9194002151,80.1798095703,65961,65971,10
12.9196596146,80.181022644,65971,65981,10
12.9198999405,80.1821517944,65981,65991,10
12.9201002121,80.1831207275,65991,66001,10
12.9203395844,80.1841201782,66001,66011,10
12.9204797745,80.1846008301,66011,66022,11
12.9205503464,80.184967041,66022,66032,10
12.9206199646,80.1853408813,66032,66042,10
12.9206800461,80.1856307983,66042,66052,10
12.9206399918,80.1858520508,66052,66062,10
12.9203395844,80.1862716675,66062,66072,10
12.9198703766,80.1868133545,66072,66082,10
12.9193496704,80.1873779297,66082,66092,10
12.9190196991,80.187789917,66092,66102,10
12.9187402725,80.1881027222,66102,66112,10
12.918299675,80.188583374,66112,66123,11
12.9177799225,80.1892623901,66123,66133,10
12.9175596237,80.189956665,66133,66143,10
12.9174804688,80.1904220581,66143,66153,10
12.9174203873,80.1909713745,66153,66163,10
12.9173402786,80.1916503906,66163,66173,10
12.91726017,80.1922836304,66173,66183,10
12.9171800613,80.1928787231,66183,66355,172
12.9171800613,80.1928787231,66355,66365,10
12.917140007,80.1931228638,66365,66375,10
12.9171304703,80.1931762695,66375,66385,10
12.9170999527,80.193397522,66385,66395,10
12.9171304703,80.1937637329,66395,66405,10
12.9172000885,80.1941833496,66405,66415,10
12.9175395966,80.1946792603,66415,66426,11
12.9181900024,80.1952667236,66426,66436,10
12.9188098907,80.1958389282,66436,66446,10
12.9195299149,80.1963729858,66446,66456,10
12.9204702377,80.1967391968,66456,66466,10
12.9210195541,80.1968994141,66466,66476,10
12.9215803146,80.1971206665,66476,66486,10
12.9223403931,80.1973190308,66486,66496,10
12.9231300354,80.1974334717,66496,66506,10
12.9236602783,80.1974868774,66506,66516,10
12.9237604141,80.1974868774,66516,66527,11
12.9238395691,80.1975021362,66527,66538,11
12.9241104126,80.1975097656,66538,66548,10
12.9243898392,80.197517395,66548,66558,10
12.9248199463,80.197517395,66558,66568,10
12.9252901077,80.1975097656,66568,66578,10
12.9257001877,80.197517395,66578,66588,10
12.9264202118,80.1976089478,66588,66598,10
12.9271497726,80.1979293823,66598,66608,10
12.9277896881,80.1985168457,66608,66618,10
12.9281702042,80.1992416382,66618,66629,11
12.9284601212,80.2001190186,66629,66639,10
12.9285202026,80.2009506226,66639,66649,10
12.9285697937,80.2017211914,66649,66659,10
12.9286003113,80.2024765015,66659,66669,10
12.929400444,80.2027816772,66669,66689,20
12.929400444,80.2027816772,66689,66705,16
12.9298400879,80.2028427124,66705,66717,12
12.9304103851,80.2029266357,66717,66728,11
12.9311504364,80.2031021118,66728,66738,10
12.9317302704,80.2032775879,66738,66748,10
12.9323997498,80.2034988403,66748,66758,10
12.9328403473,80.2036209106,66758,66768,10
12.9330196381,80.2036972046,66768,66778,10
12.9333200455,80.2038192749,66778,66788,10
12.9338598251,80.2039108276,66788,66798,10
12.9339599609,80.2039108276,66798,66808,10
12.9340496063,80.203918457,66808,66818,10
12.9343299866,80.203956604,66818,66829,11
12.9346599579,80.2040023804,66829,66839,10
12.9349803925,80.2040710449,66839,66849,10
12.935500145,80.2042922974,66849,66859,10
12.9361801147,80.2045211792,66859,66869,10
12.9369096756,80.2047271729,66869,66879,10
12.9376401901,80.2049331665,66879,66889,10
12.9383296967,80.205116272,66889,66899,10
12.9390201569,80.2053375244,66899,66909,10
12.9393100739,80.2054290771,66909,66920,11
12.9399700165,80.205619812,66920,66940,20
12.9399700165,80.205619812,66940,66950,10
12.9400997162,80.2056808472,66950,66960,10
12.9405002594,80.2058029175,66960,66970,10
12.940990448,80.2059783936,66970,66986,16
12.9418201447,80.2064819336,66986,66998,12
12.9423799515,80.2069473267,66998,67006,8
12.9426803589,80.2072296143,67006,67018,12
12.9430103302,80.2076797485,67018,67029,11
12.9434099197,80.2080383301,67029,67038,9
12.9438199997,80.2081985474,67038,67046,8
12.9439096451,80.2082290649,67046,67059,13
12.9441299438,80.2083206177,67059,67069,10
12.9442300797,80.2083587646,67069,67079,10
12.9444904327,80.2084579468,67079,67089,10
12.945019722,80.2086715698,67089,67099,10
12.9457397461,80.2089614868,67099,67109,10
12.9465503693,80.2092819214,67109,67119,10
12.947259903,80.2095565796,67119,67130,11
12.9479703903,80.2098388672,67130,67153,23
12.9498195648,80.2105636597,67153,67165,12
12.9511003494,80.2110671997,67165,67175,10
12.951789856,80.2113418579,67175,67185,10
12.9525899887,80.2116394043,67185,67195,10
12.9529800415,80.2117767334,67195,67206,11
12.953669548,80.2120666504,67206,67215,9
12.9543600082,80.2123413086,67215,67226,11
12.955280304,80.2127075195,67226,67236,10
12.9560003281,80.2129821777,67236,67246,10
12.9566802979,80.213218689,67246,67256,10
12.9574298859,80.2135467529,67256,67266,10
12.9583797455,80.2139282227,67266,67276,10
12.9591903687,80.2142333984,67276,67286,10
12.9598903656,80.2145385742,67286,67296,10
12.9607896805,80.2148971558,67296,67306,10
12.9617300034,80.2152633667,67306,67316,10
12.962439537,80.2155380249,67316,67326,10
12.9631500244,80.2158203125,67326,67337,11
12.9635896683,80.216003418,67337,67347,10
12.9639596939,80.2161712646,67347,67357,10
12.9644498825,80.2163772583,67357,67367,10
12.9651603699,80.2166595459,67367,67377,10
12.9658203125,80.2169265747,67377,67387,10
12.9664201736,80.2171630859,67387,67397,10
12.9671001434,80.2174072266,67397,67407,10
12.9675703049,80.2176208496,67407,67417,10
12.9677801132,80.2177124023,67417,67428,11
12.9682598114,80.2179107666,67428,67438,10
12.9690799713,80.2182388306,67438,67448,10
12.9700899124,80.2186431885,67448,67458,10
12.9708404541,80.2189102173,67458,67468,10
12.9710798264,80.218963623,67468,67478,10
12.9711904526,80.2189865112,67478,67488,10
12.9713001251,80.2190475464,67488,67498,10
12.9717102051,80.2192382813,67498,67508,10
12.9723300934,80.2195129395,67508,67518,10
12.9730396271,80.2197799683,67518,67529,11
12.9738998413,80.2201004028,67529,67539,10
12.9744596481,80.2203826904,67539,67549,10
12.9748401642,80.2205429077,67549,67559,10
12.9752397537,80.220703125,67559,67599,40
12.9752397537,80.220703125,67599,67609,10
12.9753599167,80.2207336426,67609,67620,11
12.9754199982,80.2207565308,67620,67630,10
12.9756202698,80.2209472656,67630,67670,40
12.9756202698,80.2209472656,67670,67680,10
12.9757604599,80.2210464478,67680,67690,10
12.9759597778,80.2211990356,67690,67731,41
12.9759597778,80.2211990356,67731,67741,10
12.9762201309,80.221282959,67741,67751,10
12.9764995575,80.2212600708,67751,67761,10
12.9770498276,80.221282959,67761,67771,10
12.9774198532,80.2212600708,67771,67781,10
12.9778404236,80.2212371826,67781,67791,10
12.9783000946,80.221206665,67791,67801,10
12.9788999557,80.2211685181,67801,67811,10
12.979590416,80.2211380005,67811,67822,11
12.980099678,80.2210998535,67822,67832,10
12.980389595,80.2210769653,67832,67842,10
12.980919838,80.2210769653,67842,67852,10
12.9814300537,80.2212677002,67852,67862,10
12.9818201065,80.2215576172,67862,67872,10
12.9823102951,80.2218170166,67872,67882,10
12.9827899933,80.2219696045,67882,67902,20
12.9827899933,80.2219696045,67902,67912,10
12.9829998016,80.2220611572,67912,67923,11
12.9830503464,80.2220916748,67923,67933,10
12.9833698273,80.2223205566,67933,67943,10
12.9836196899,80.2224807739,67943,67959,16
12.9842796326,80.2228393555,67959,67971,12
12.9847898483,80.22315979,67971,67979,8
12.9851903915,80.2233123779,67979,67989,10
12.9854097366,80.2233276367,67989,68001,12
12.9857301712,80.2230834961,68001,68011,10
12.9863004684,80.2230300903,68011,68021,10
12.9865598679,80.2230300903,68021,68032,11
12.9868001938,80.2230529785,68032,68042,10
12.9871702194,80.2230987549,68042,68052,10
12.9876098633,80.2231216431,68052,68062,10
12.9881401062,80.2228622437,68062,68072,10
12.9887304306,80.2222900391,68072,68082,10
12.9891901016,80.2217712402,68082,68092,10
12.9894599915,80.2214279175,68092,68102,10
12.9898395538,80.2208175659,68102,68112,10
12.9902601242,80.2205200195,68112,68123,11
12.9906597137,80.2202224731,68123,68133,10
12.9907999039,80.220123291,68133,68143,10
12.9911899567,80.219833374,68143,68153,10
12.9913301468,80.2196807861,68153,68163,10
12.9915399551,80.2194824219,68163,68173,10
12.9920301437,80.2191696167,68173,68183,10
12.9926700592,80.2187423706,68183,68193,10
12.9934196472,80.2181777954,68193,68203,10
12.9939699173,80.2177963257,68203,68213,10
12.9943399429,80.2175064087,68213,68244,31
12.9943399429,80.2175064087,68244,68254,10
12.9946804047,80.2173080444,68254,68264,10
12.9949998856,80.2170791626,68264,68274,10
12.9954795837,80.2168197632,68274,68284,10
12.9962100983,80.2166213989,68284,68324,40
12.9962100983,80.2166213989,68324,68335,11
12.9963598251,80.2165985107,68335,68345,10
12.9965600967,80.2165603638,68345,68355,10
12.9968996048,80.2165374756,68355,68365,10
12.9974498749,80.2162322998,68365,68385,20
12.9974498749,80.2162322998,68385,68395,10
12.9977197647,80.2159729004,68395,68405,10
12.9981603622,80.2155838013,68405,68415,10
12.9987297058,80.2151184082,68415,68426,11
12.9991397858,80.2147674561,68426,68436,10
12.9995002747,80.2144393921,68436,68446,10
12.9999198914,80.2140731812,68446,68456,10
13.0004196167,80.2136306763,68456,68466,10
13.0009403229,80.213180542,68466,68476,10
13.0011796951,80.2129898071,68476,68486,10
13.0014696121,80.2127685547,68486,68496,10
13.0016403198,80.212638855,68496,68506,10
13.0019798279,80.2124176025,68506,68516,10
13.0025701523,80.2121734619,68516,68527,11
13.0032300949,80.2121200562,68527,68537,10
13.0037097931,80.2120513916,68537,68547,10
13.0042896271,80.2121963501,68547,68557,10
13.0048303604,80.2124633789,68557,68567,10
13.005279541,80.2127609253,68567,68577,10
13.0058803558,80.2129821777,68577,68587,10
13.0063199997,80.2127990723,68587,68597,10
13.0066099167,80.2127838135,68597,68607,10
13.006939888,80.2127838135,68607,68618,11
13.0077896118,80.2130584717,68618,68638,20
13.0077896118,80.2130584717,68638,68648,10
13.0078401566,80.2130889893,68648,68658,10
13.0079402924,80.2131576538,68658,68668,10
13.0081501007,80.2132873535,68668,68678,10
13.0085802078,80.2134933472,68678,68688,10
13.0087604523,80.2137374878,68688,68698,10
13.009059906,80.2141876221,68698,68708,10
13.0094499588,80.2147216797,68708,68718,10
13.009759903,80.215133667,68718,68729,11
13.0101499557,80.2156600952,68729,68739,10
13.01060009,80.2162628174,68739,68749,10
13.0108003616,80.2168807983,68749,68759,10
13.0111103058,80.2175979614,68759,68769,10
13.0114202499,80.2184295654,68769,68779,10
13.0116996765,80.2192611694,68779,68789,10
13.0120401382,80.2202224731,68789,68799,10
13.0121803284,80.2206192017,68799,68809,10
13.0124597549,80.2213363647,68809,68820,11
13.0128297806,80.2218933105,68820,68830,10
13.0132799149,80.2224197388,68830,68840,10
13.0136299133,80.2228775024,68840,68850,10
13.0137996674,80.2231216431,68850,68860,10
13.0140304565,80.2234573364,68860,68870,10
13.0142002106,80.2236709595,68870,68880,10
13.014380455,80.2238235474,68880,68890,10
13.014749527,80.2242202759,68890,68900,10
13.015250206,80.2248382568,68900,68910,10
13.0155200958,80.2250137329,68910,68921,11
13.0156097412,80.2250671387,68921,68931,10
13.015999794,80.2253494263,68931,68941,10
13.0167198181,80.2252731323,68941,68951,10
13.0176200867,80.2249069214,68951,68961,10
13.0185699463,80.2245330811,68961,68971,10
13.0193004608,80.2243881226,68971,68981,10
13.0195903778,80.2245101929,68981,68991,10
13.0199203491,80.2247619629,68991,69001,10
13.0204200745,80.2250900269,69001,69011,10
13.0209999084,80.2254867554,69011,69022,11
13.0215702057,80.2259368896,69022,69032,10
13.0219602585,80.2261810303,69032,69042,10
13.0219802856,80.2261962891,69042,69052,10
13.0220403671,80.2263031006,69052,69062,10
13.0223798752,80.2266082764,69062,69072,10
13.0229196548,80.2270889282,69072,69082,10
13.0235900879,80.227722168,69082,69092,10
13.0241603851,80.2282791138,69092,69102,10
13.024479866,80.2286987305,69102,69112,10
13.0247297287,80.2290420532,69112,69129,17
13.0251502991,80.229598999,69129,69141,12
13.0254001617,80.2298965454,69141,69191,50
13.0254001617,80.2298965454,69191,69201,10
13.0256595612,80.2302627563,69201,69211,10
13.0257301331,80.2304077148,69211,69222,11
13.0258998871,80.2307662964,69222,69232,10
13.025970459,80.2310409546,69232,69242,10
13.0259895325,80.2312698364,69242,69252,10
13.0260000229,80.2313232422,69252,69262,10
13.0260801315,80.2314224243,69262,69272,10
13.026260376,80.2313690186,69272,69282,10
13.0263299942,80.2313537598,69282,69292,10
13.0266599655,80.2312774658,69292,69302,10
13.0269804001,80.2311706543,69302,69323,21
13.0269804001,80.2311706543,69323,69333,10
13.0274896622,80.2310562134,69333,69363,30
13.0274896622,80.2310562134,69363,69373,10
13.0277996063,80.2310028076,69373,69393,20
13.0277996063,80.2310028076,69393,69403,10
13.0280799866,80.2310180664,69403,69585,182
13.0280799866,80.2310180664,69585,69595,10
13.0283098221,80.23097229,69595,69605,10
13.0286102295,80.2309417725,69605,69616,11
13.0289001465,80.2309112549,69616,69706,90
13.0289001465,80.2309112549,69706,69717,11
13.0291996002,80.2308807373,69717,69727,10
13.029589653,80.2308425903,69727,69737,10
13.0303297043,80.2307815552,69737,69757,20
13.0303297043,80.2307815552,69757,69767,10
13.0305500031,80.230758667,69767,69777,10
13.0308799744,80.2307434082,69777,69787,10
13.0311002731,80.23072052,69787,69797,10
13.0314798355,80.2307128906,69797,69807,10
13.031920433,80.2306900024,69807,69818,11
13.0325298309,80.2306365967,69818,69828,10
13.033200264,80.2305831909,69828,69838,10
13.0338602066,80.2305297852,69838,69858,20
13.0338602066,80.2305297852,69858,69868,10
13.0339603424,80.2305374146,69868,69878,10
13.0340795517,80.2305374146,69878,69888,10
13.0343904495,80.2304916382,69888,69898,10
13.034740448,80.2303771973,69898,69908,10
13.0349397659,80.2301712036,69908,69919,11
13.0347204208,80.2300033569,69919,69979,60
13.0343599319,80.2299728394,69979,70706,727
13.0343599319,80.2299728394,70706,70717,11
13.0341901779,80.2302474976,70717,70757,40
13.0341901779,80.2302474976,70757,70767,10
13.0340299606,80.230506897,70767,70777,10
13.0336503983,80.2305221558,70777,70787,10
13.0330495834,80.2305603027,70787,70797,10
13.0323600769,80.2306213379,70797,70807,10
13.0316400528,80.2306976318,70807,70818,11
13.0309095383,80.230758667,70818,70838,20
13.0309095383,80.230758667,70838,70848,10
13.0306997299,80.2307815552,70848,70858,10
13.0303001404,80.2308197021,70858,70868,10
13.02987957,80.2308578491,70868,70878,10
13.0296602249,80.2309036255,70878,70888,10
13.0294399261,80.2309188843,70888,70898,10
13.028960228,80.2309494019,70898,70908,10
13.0283002853,80.2310180664,70908,70919,11
13.027680397,80.2310562134,70919,70928,9
13.0276098251,80.231338501,70928,70939,11
13.0276603699,80.231842041,70939,70949,10
13.0277795792,80.232421875,70949,70959,10
13.0278301239,80.2327728271,70959,70969,10
13.0272598267,80.2329330444,70969,70999,30
13.0272598267,80.2329330444,70999,71009,10
13.0269298553,80.2330627441,71009,71191,182
13.0269298553,80.2330627441,71191,71201,10
13.026720047,80.2331314087,71201,71212,11
13.0264196396,80.2331237793,71212,71232,20
13.0264196396,80.2331237793,71232,71242,10
13.0263004303,80.2329101563,71242,71252,10
13.0262098312,80.2326583862,71252,71262,10
13.0261297226,80.2323226929,71262,71272,10
13.0260400772,80.2319412231,71272,71282,10
13.0259504318,80.2314834595,71282,71292,10
13.025759697,80.2308273315,71292,71302,10
13.0253295898,80.2300872803,71302,71313,11
13.0247802734,80.2294082642,71313,71343,30
13.0247802734,80.2294082642,71343,71353,10
13.024600029,80.2291564941,71353,71363,10
13.0242900848,80.228767395,71363,71373,10
13.0238399506,80.2282180786,71373,71383,10
13.0233201981,80.2276763916,71383,71393,10
13.0229997635,80.2274932861,71393,71414,21
13.0229997635,80.2274932861,71414,71424,10
13.0228900909,80.2274017334,71424,71434,10
13.0226202011,80.2271499634,71434,71444,10
13.0223703384,80.2267379761,71444,71454,10
13.0218601227,80.2262802124,71454,71464,10
13.0212202072,80.2257766724,71464,71474,10
13.0205898285,80.2253112793,71474,71484,10
13.02023983,80.2250900269,71484,71494,10
13.0197601318,80.2247390747,71494,71510,16
13.0185699463,80.2245788574,71510,71523,13
13.0174503326,80.2250518799,71523,71533,10
13.0166301727,80.2253799438,71533,71543,10
13.0163602829,80.2255096436,71543,71553,10
13.015999794,80.2256622314,71553,71563,10
13.0154600143,80.2258605957,71563,71573,10
13.0148000717,80.2261276245,71573,71583,10
13.0143203735,80.2263336182,71583,71593,10
13.0143003464,80.2263412476,71593,71602,9
13.0141401291,80.2263870239,71602,71614,12
13.0135402679,80.226600647,71614,71624,10
13.012840271,80.2268600464,71624,71634,10
13.0120000839,80.227180481,71634,71644,10
13.0110301971,80.2275695801,71644,71654,10
13.010020256,80.2279586792,71654,71664,10
13.0094604492,80.2277297974,71664,71674,10
13.0097198486,80.2270812988,71674,71684,10
13.0100898743,80.2263183594,71684,71694,10
13.0104103088,80.2256011963,71694,71704,10
13.0105895996,80.2251663208,71704,71715,11
13.01060009,80.225112915,71715,71725,10
13.0106601715,80.224937439,71725,71735,10
13.010840416,80.2244415283,71735,71745,10
13.0111398697,80.223739624,71745,71755,10
13.0112400055,80.2233810425,71755,71765,10
13.0113096237,80.2231826782,71765,71775,10
13.0115499496,80.2226791382,71775,71785,10
13.0118103027,80.2218933105,71785,71794,9
13.0120897293,80.2210998535,71794,71805,11
13.0117998123,80.2200775146,71805,71816,11
13.0114803314,80.2191390991,71816,71826,10
13.0112895966,80.2185974121,71826,71836,10
13.0111398697,80.2182998657,71836,71846,10
13.01101017,80.2180099487,71846,71856,10
13.0109195709,80.2177886963,71856,71866,10
13.0108299255,80.2175292969,71866,71876,10
13.0107097626,80.2172164917,71876,71886,10
13.0106201172,80.2169876099,71886,71896,10
13.0104999542,80.2166824341,71896,71906,10
13.0103397369,80.2163314819,71906,71917,11
13.0100402832,80.2158203125,71917,71927,10
13.0097904205,80.2152786255,71927,71937,10
13.0095500946,80.2150115967,71937,71947,10
13.0092096329,80.2145233154,71947,71957,10
13.0087995529,80.2139587402,71957,71967,10
13.0085897446,80.2137298584,71967,71977,10
13.0085802078,80.2137069702,71977,71987,10
13.0084400177,80.2135696411,71987,71997,10
13.0082597733,80.213432312,71997,72018,21
13.0081501007,80.2133789063,72018,72058,40
13.0081501007,80.2133789063,72058,72068,10
13.0078897476,80.2132415771,72068,72088,20
13.0078897476,80.2132415771,72088,72098,10
13.0076704025,80.2130432129,72098,72108,10
13.0074300766,80.212890625,72108,72119,11
13.0070495605,80.2127990723,72119,72129,10
13.0065698624,80.2127838135,72129,72139,10
13.0060100555,80.2129821777,72139,72149,10
13.0054397583,80.2128829956,72149,72159,10
13.0048303604,80.2124862671,72159,72169,10
13.0039901733,80.2121582031,72169,72199,30
13.0039901733,80.2121582031,72199,72209,10
13.0035600662,80.2120819092,72209,72220,11
13.0031404495,80.2121200562,72220,72230,10
13.0027599335,80.2121200562,72230,72240,10
13.002240181,80.2122573853,72240,72250,10
13.0017404556,80.2125930786,72250,72260,10
13.0013303757,80.2129211426,72260,72270,10
13.0008802414,80.2132415771,72270,72280,10
13.0003795624,80.2136917114,72280,72290,10
12.9999799728,80.2140884399,72290,72300,10
12.99958992,80.2144165039,72300,72371,71
12.99958992,80.2144165039,72371,72381,10
12.9993495941,80.2145996094,72381,72391,10
12.9990701675,80.2148284912,72391,72401,10
12.9987802505,80.215057373,72401,72412,11
12.9981803894,80.2155838013,72412,72422,10
12.9974098206,80.2162628174,72422,72482,60
12.9974098206,80.2162628174,72482,72492,10
12.9973602295,80.2163696289,72492,72502,10
12.997179985,80.216583252,72502,72513,11
12.9968595505,80.2165908813,72513,72523,10
12.9967298508,80.2165985107,72523,72533,10
12.9966001511,80.2165908813,72533,72543,10
12.9962596893,80.2166366577,72543,72553,10
12.995759964,80.216758728,72553,72573,20
12.995759964,80.216758728,72573,72583,10
12.9954900742,80.2168426514,72583,72593,10
12.9953098297,80.2169189453,72593,72603,10
12.9951601028,80.217010498,72603,72614,11
12.995010376,80.217086792,72614,72624,10
12.9947900772,80.2172164917,72624,72634,10
12.9943599701,80.2175216675,72634,72644,10
12.994099617,80.2177124023,72644,72654,10
12.9940004349,80.2177886963,72654,72664,10
12.9937200546,80.2179794312,72664,72674,10
12.9932603836,80.2183227539,72674,72684,10
12.9926996231,80.2187423706,72684,72694,10
12.9920196533,80.2192382813,72694,72704,10
12.9913396835,80.2197113037,72704,72715,11
12.9908599854,80.220123291,72715,72725,10
12.99077034,80.2201766968,72725,72735,10
12.9906797409,80.2202224731,72735,72745,10
12.9904499054,80.2203979492,72745,72755,10
12.9900598526,80.220741272,72755,72764,9
12.9896202087,80.2211990356,72764,72774,10
12.9892597198,80.2216262817,72774,72785,11
12.9888601303,80.2221069336,72785,72795,10
12.988409996,80.2225875854,72795,72805,10
12.9878797531,80.2230377197,72805,72816,11
12.9873800278,80.2231216431,72816,72826,10
12.9869604111,80.2230606079,72826,72836,10
12.986700058,80.2230300903,72836,72846,10
12.9865398407,80.2229995728,72846,72856,10
12.9861898422,80.2229919434,72856,72866,10
12.9857797623,80.2230377197,72866,72876,10
12.9854602814,80.2232284546,72876,72886,10
12.9850502014,80.2232818604,72886,72896,10
12.9844999313,80.2230072021,72896,72906,10
12.9840097427,80.2227020264,72906,72917,11
12.9836902618,80.2225265503,72917,72927,10
12.9835700989,80.2224578857,72927,72937,10
12.9834003448,80.2223510742,72937,72947,10
12.9833202362,80.2223129272,72947,72957,10
12.9832296371,80.2222213745,72957,72967,10
12.9828596115,80.2220001221,72967,72977,10
12.9822797775,80.2218322754,72977,72987,10
12.981710434,80.2214584351,72987,72997,10
12.9809799194,80.2211074829,72997,73007,10
12.9801902771,80.2211227417,73007,73018,11
12.9794101715,80.2211685181,73018,73028,10
12.9787101746,80.2211990356,73028,73038,10
12.9780597687,80.2212295532,73038,73048,10
12.9776601791,80.2212600708,73048,73058,10
12.9771995544,80.221282959,73058,73068,10
12.9765901566,80.2212982178,73068,73078,10
12.9761800766,80.2213134766,73078,73088,10
12.9759597778,80.2213287354,73088,73119,31
12.9759597778,80.2213287354,73119,73129,10
12.9756603241,80.2211532593,73129,73149,20
12.9756603241,80.2211532593,73149,73159,10
12.9755897522,80.2211074829,73159,73169,10
12.9754400253,80.2209701538,73169,73210,41
12.9754400253,80.2209701538,73210,73220,10
12.9751796722,80.2207717896,73220,73230,10
12.9746398926,80.2205123901,73230,73240,10
12.9739303589,80.2201766968,73240,73250,10
12.9730701447,80.2198410034,73250,73260,10
12.9720401764,80.2194671631,73260,73270,10
12.9712095261,80.2192077637,73270,73280,10
12.970870018,80.2191467285,73280,73290,10
12.970870018,80.2191390991,73290,73300,10
12.9707098007,80.2190475464,73300,73311,11
12.9702196121,80.2187805176,73311,73321,10
12.969619751,80.2185516357,73321,73331,10
12.9689598083,80.2182922363,73331,73341,10
12.968290329,80.2180328369,73341,73351,10
12.9676198959,80.2177734375,73351,73361,10
12.9668998718,80.2174835205,73361,73371,10
12.9659404755,80.2170791626,73371,73380,9
12.9651699066,80.216758728,73380,73390,10
12.9641895294,80.2163619995,73390,73401,11
12.9634304047,80.2160186768,73401,73412,11
12.9628601074,80.2157897949,73412,73422,10
12.9622297287,80.2155532837,73422,73432,10
12.9614801407,80.2152481079,73432,73442,10
12.9605798721,80.2148971558,73442,73452,10
12.9596700668,80.2145462036,73452,73462,10
12.9589004517,80.2142028809,73462,73472,10
12.9579601288,80.2138366699,73472,73482,10
12.9570102692,80.2134628296,73482,73492,10
12.9560003281,80.2130737305,73492,73502,10
12.9549503326,80.2126617432,73502,73513,11
12.9538803101,80.2122268677,73513,73523,10
12.953040123,80.2118911743,73523,73533,10
12.9520301819,80.2115020752,73533,73543,10
12.9509801865,80.2110595703,73543,73553,10
12.9499502182,80.2106628418,73553,73563,10
12.9490299225,80.2102813721,73563,73573,10
12.9481801987,80.2099533081,73573,73583,10
12.94713974,80.2095413208,73583,73593,10
12.9459400177,80.2090606689,73593,73603,10
12.9447803497,80.2086105347,73603,73614,11
12.9441604614,80.2083969116,73614,73624,10
12.9440498352,80.2083587646,73624,73634,10
12.9436302185,80.2081680298,73634,73644,10
12.9430303574,80.2078475952,73644,73654,10
12.9425401688,80.2072067261,73654,73664,10
12.9419403076,80.2066574097,73664,73674,10
12.9413604736,80.2062530518,73674,73684,10
12.9412498474,80.2061920166,73684,73694,10
12.9409503937,80.2060089111,73694,73704,10
12.9406003952,80.2058792114,73704,73715,11
12.9400997162,80.2057189941,73715,73725,10
12.9394397736,80.2055206299,73725,73735,10
12.938750267,80.205291748,73735,73745,10
12.9380598068,80.205078125,73745,73755,10
12.9373598099,80.2048797607,73755,73766,11
12.9364900589,80.2046432495,73766,73776,10
12.9359197617,80.2044906616,73776,73786,10
12.9346599579,80.2040176392,73786,73796,10
12.9338598251,80.2039337158,73796,73805,9
12.9336700439,80.2039413452,73805,73817,12
12.9335899353,80.2039413452,73817,73827,10
12.9335002899,80.203918457,73827,73837,10
12.9331197739,80.2038269043,73837,73847,10
12.9326000214,80.2035980225,73847,73857,10
12.9319200516,80.2033920288,73857,73867,10
12.9311504364,80.2031326294,73867,73877,10
12.9304103851,80.2029266357,73877,73887,10
12.9298801422,80.20287323,73887,73897,10
12.9297895432,80.2028579712,73897,73907,10
12.9293899536,80.202796936,73907,73918,11
12.9289197922,80.2027206421,73918,73928,10
12.9286699295,80.2026672363,73928,73938,10
12.9284496307,80.2022476196,73938,73948,10
12.9284200668,80.2015686035,73948,73958,10
12.9283895493,80.2007522583,73958,73968,10
12.9283399582,80.2000198364,73968,73978,10
12.92827034,80.1997299194,73978,73988,10
12.9281101227,80.1993331909,73988,73998,10
12.9278001785,80.1987228394,73998,74009,11
12.9272003174,80.1980285645,74009,74019,10
12.9263601303,80.1976394653,74019,74029,10
12.9257202148,80.1975631714,74029,74039,10
12.9254102707,80.1975631714,74039,74055,16
12.9247303009,80.1975402832,74055,74067,12
12.9238796234,80.1975326538,74067,74077,10
12.9232301712,80.1974868774,74077,74087,10
12.9226198196,80.1974105835,74087,74097,10
12.9222698212,80.1973800659,74097,74107,10
12.9221601486,80.1973724365,74107,74118,11
12.9217100143,80.1972427368,74118,74128,10
12.9213600159,80.1971282959,74128,74138,10
12.9212999344,80.1970977783,74138,74147,9
12.9211397171,80.1970367432,74147,74158,11
12.9207201004,80.1968688965,74158,74168,10
12.9200201035,80.1966323853,74168,74178,10
12.9194602966,80.1964111328,74178,74188,10
12.9191799164,80.1962203979,74188,74198,10
12.9188203812,80.1959381104,74198,74209,11
12.9182701111,80.1954269409,74209,74219,10
12.9176902771,80.1949005127,74219,74229,10
12.9171495438,80.1943511963,74229,74239,10
12.9169998169,80.1941070557,74239,74249,10
12.9169397354,80.1938781738,74249,74269,20
12.9169397354,80.1938781738,74269,74279,10
12.9169397354,80.1935806274,74279,74289,10
12.916970253,80.1932373047,74289,74299,10
12.9170303345,80.1927719116,74299,74310,11
12.9171199799,80.1921691895,74310,74320,10
12.9171600342,80.1916809082,74320,74350,30
12.9171600342,80.1916809082,74350,74360,10
12.9171895981,80.1914367676,74360,74370,10
12.9172000885,80.1913986206,74370,74380,10
12.9172401428,80.1910324097,74380,74390,10
12.9172697067,80.1904830933,74390,74400,10
12.9173402786,80.1901397705,74400,74411,11
12.9175395966,80.1894607544,74411,74421,10
12.9179697037,80.1887283325,74421,74431,10
12.9186096191,80.1879806519,74431,74441,10
12.9193601608,80.1871566772,74441,74451,10
12.9200601578,80.1863708496,74451,74461,10
12.920539856,80.185546875,74461,74471,10
12.9203395844,80.1845932007,74471,74481,10
12.9201498032,80.1837692261,74481,74491,10
12.9199399948,80.1829376221,74491,74532,41
12.9199399948,80.1829376221,74532,74542,10
12.9198999405,80.1826095581,74542,74552,10
12.9197797775,80.1820907593,74552,74562,10
12.9196195602,80.1814575195,74562,74578,16
12.9193696976,80.1802978516,74578,74590,12
12.9191303253,80.1794509888,74590,74600,10
12.9188299179,80.1789779663,74600,74611,11
12.9184303284,80.1784515381,74611,74621,10
12.9181203842,80.1778411865,74621,74631,10
12.9182395935,80.1769485474,74631,74641,10
12.9184398651,80.1759719849,74641,74651,10
12.9186897278,80.1750030518,74651,74661,10
12.918970108,80.1738433838,74661,74671,10
12.9193201065,80.1725616455,74671,74681,10
12.9195604324,80.1716003418,74681,74691,10
12.919670105,80.1712417603,74691,74701,10
12.9197702408,80.1710205078,74701,74712,11
12.9198999405,80.1705169678,74712,74722,10
12.9201402664,80.1697692871,74722,74732,10
12.9204397202,80.1687927246,74732,74742,10
12.9206800461,80.1680374146,74742,74752,10
12.9207496643,80.1678695679,74752,74762,10
12.9208803177,80.1674118042,74762,74772,10
12.9211196899,80.1666793823,74772,74782,10
12.9214096069,80.1657562256,74782,74792,10
12.9217596054,80.164680481,74792,74802,10
12.92208004,80.1636505127,74802,74813,11
12.9224700928,80.1624526978,74813,74823,10
12.922829628,80.1613464355,74823,74833,10
12.92304039,80.1605834961,74833,74843,10
12.92304039,80.1605606079,74843,74853,10
12.9230804443,80.1604614258,74853,74863,10
12.9232397079,80.1599502563,74863,74873,10
12.9233398438,80.1590805054,74873,74883,10
12.92345047,80.1579284668,74883,74893,10
12.9235496521,80.1567230225,74893,74903,10
12.9235496521,80.1556472778,74903,74914,11
12.9233102798,80.154876709,74914,74924,10
12.9232997894,80.154838562,74924,74934,10
12.9231996536,80.1544723511,74934,74944,10
12.92304039,80.1538085938,74944,74954,10
12.9228401184,80.1529769897,74954,74964,10
12.9226303101,80.1520080566,74964,75015,51
12.9226303101,80.1520080566,75015,75025,10
12.9226303101,80.1516189575,75025,75035,10
12.9226198196,80.1508331299,75035,75045,10
12.9225797653,80.1497573853,75045,75055,10
12.9225196838,80.1486129761,75055,75065,10
12.9224901199,80.1469192505,75065,75085,20
12.9224901199,80.1469192505,75085,75095,10
12.9224996567,80.1465682983,75095,75106,11
12.9224996567,80.1457824707,75106,75116,10
12.9224596024,80.144859314,75116,75126,10
12.9223899841,80.1434707642,75126,75166,40
12.9223899841,80.1434707642,75166,75176,10
12.922369957,80.1431808472,75176,75186,10
12.9223804474,80.1427001953,75186,75196,10
12.9223604202,80.1420974731,75196,75207,11
12.9223203659,80.1414794922,75207,75217,10
12.9223203659,80.1414108276,75217,75227,10
12.9223299026,80.1409988403,75227,75237,10
12.9223299026,80.1406097412,75237,75247,10
12.9223098755,80.1404266357,75247,75257,10
12.9223098755,80.1400909424,75257,75267,10
12.9223098755,80.1394424438,75267,75277,10
12.9223403931,80.1386108398,75277,75287,10
12.9223804474,80.1377487183,75287,75297,10
12.9224395752,80.1367111206,75297,75308,11
12.9224700928,80.1357116699,75308,75318,10
12.9225101471,80.1347122192,75318,75328,10
12.9225797653,80.1335601807,75328,75338,10
12.9225997925,80.1327667236,75338,75348,10
12.9226198196,80.1323776245,75348,75358,10
12.9226303101,80.1316680908,75358,75368,10
12.9226303101,80.1313171387,75368,75378,10
12.922659874,80.1310424805,75378,75388,10
12.9226999283,80.1303863525,75388,75398,10
12.9227600098,80.1295318604,75398,75409,11
12.9228096008,80.1285400391,75409,75419,10
12.9228200912,80.1278610229,75419,75429,10
12.9228401184,80.1270904541,75429,75439,10
12.9228696823,80.126121521,75439,75449,10
12.9229402542,80.1249923706,75449,75459,10
12.9229803085,80.123840332,75459,75469,10
12.9230298996,80.1226806641,75469,75479,10
12.9231004715,80.1214981079,75479,75489,10
12.9231395721,80.1206436157,75489,75499,10
12.9231500626,80.1204681396,75499,75510,11
12.9231700897,80.1203079224,75510,75520,10
12.9232196808,80.1196975708,75520,75530,10
12.9232301712,80.1189727783,75530,75540,10
12.9232797623,80.118270874,75540,75550,10
12.9233598709,80.1176071167,75550,75560,10
12.9233598709,80.1169662476,75560,75580,20
12.9233598709,80.1169662476,75580,75590,10
12.9235200882,80.1169662476,75590,75600,10
12.9234895706,80.1173934937,75600,75611,11
12.9235601425,80.1179199219,75611,75621,10
12.9234895706,80.1185684204,75621,75631,10
12.9234104156,80.1192779541,75631,75641,10
12.9232997894,80.119972229,75641,75651,10
12.9233102798,80.1203231812,75651,75661,10
12.9232597351,80.1209182739,75661,75780,119
12.9232597351,80.1209182739,75780,75790,10
12.9232397079,80.1210784912,75790,75800,10
12.9231901169,80.1212463379,75800,75811,11
12.9231901169,80.1216201782,75811,75821,10
12.9231901169,80.1216964722,75821,75831,10
12.9231595993,80.1221389771,75831,75841,10
12.923119545,80.122833252,75841,75851,10
12.9230699539,80.1237411499,75851,75861,10
12.9229898453,80.1248474121,75861,75871,10
12.922949791,80.1256103516,75871,75891,20
12.922949791,80.1256103516,75891,75902,11
12.9229202271,80.1260681152,75902,75912,10
12.9229097366,80.1268234253,75912,75922,10
12.9228601456,80.1276931763,75922,75932,10
12.922829628,80.1284332275,75932,75942,10
12.9227800369,80.12915802,75942,75952,10
12.9227600098,80.1296615601,75952,75962,10
12.9227304459,80.1299972534,75962,75972,10
12.9227104187,80.1306381226,75972,75982,10
12.9226903915,80.1314926147,75982,75992,10
12.9226903915,80.1322784424,75992,76003,11
12.9226398468,80.1329193115,76003,76013,10
12.9226102829,80.1337509155,76013,76023,10
12.9225597382,80.1347427368,76023,76033,10
12.922539711,80.1352767944,76033,76043,10
12.9224996567,80.1359786987,76043,76053,10
12.9224596024,80.1367416382,76053,76063,10
12.922419548,80.1374969482,76063,76073,10
12.9223899841,80.1382217407,76073,76083,10
12.9223403931,80.1387023926,76083,76093,10
12.9223203659,80.1393814087,76093,76103,10
12.9223403931,80.1400909424,76103,76114,11
12.9223403931,80.140838623,76114,76124,10
12.922369957,80.1415481567,76124,76134,10
12.9223899841,80.1422576904,76134,76144,10
12.9224395752,80.1425323486,76144,76154,10
12.9224500656,80.1426467896,76154,76163,9
12.9224596024,80.1429977417,76163,76173,10
12.9224796295,80.1435089111,76173,76184,11
12.9224901199,80.1436920166,76184,76194,10
12.9224700928,80.143951416,76194,76205,11
12.9224796295,80.1446762085,76205,76215,10
12.9225196838,80.1456604004,76215,76225,10
12.9225597382,80.1467666626,76225,76235,10
12.9225797653,80.1476821899,76235,76245,10
12.9225502014,80.1486282349,76245,76255,10
12.9226198196,80.1497116089,76255,76265,10
12.9226398468,80.1507110596,76265,76275,10
12.9226903915,80.1515426636,76275,76285,10
12.9226903915,80.1519699097,76285,76295,10
12.9227895737,80.1526184082,76295,76306,11
12.9230499268,80.1535873413,76306,76316,10
12.9233398438,80.1546020508,76316,76326,10
12.9233798981,80.1547317505,76326,76336,10
12.9234199524,80.1549301147,76336,76346,10
12.9235401154,80.1555480957,76346,76356,10
12.9236402512,80.1564483643,76356,76366,10
12.9235200882,80.1575622559,76366,76376,10
12.9234199524,80.1586990356,76376,76386,10
12.9233198166,80.1598587036,76386,76396,10
12.9232196808,80.1604614258,76396,76407,11
12.9231395721,80.1606826782,76407,76417,10
12.9229202271,80.1613006592,76417,76427,10
12.9226503372,80.1621170044,76427,76437,10
12.9223403931,80.1630401611,76437,76447,10
12.9220199585,80.1641235352,76447,76457,10
12.9216403961,80.1652603149,76457,76467,10
12.9212598801,80.1664199829,76467,76477,10
12.9208898544,80.1675796509,76477,76487,10
12.9205198288,80.1687011719,76487,76497,10
12.9201898575,80.1697998047,76497,76508,11
12.9199104309,80.1707763672,76508,76518,10
12.919839859,80.1709976196,76518,76528,10
12.9197301865,80.1713180542,76528,76538,10
12.9195404053,80.1719512939,76538,76548,10
12.9193201065,80.1727294922,76548,76558,10
12.9190702438,80.1736907959,76558,76568,10
12.9188404083,80.1745834351,76568,76578,10
12.9184999466,80.1759567261,76578,76588,10
12.9182701111,80.1771621704,76588,76598,10
12.918390274,80.178352356,76598,76608,10
12.9190797806,80.1792831421,76608,76619,11
12.9194602966,80.180519104,76619,76629,10
12.9197301865,80.1817169189,76629,76639,10
12.9199895859,80.1828994751,76639,76649,10
12.9202003479,80.1837310791,76649,76679,30
12.9202003479,80.1837310791,76679,76689,10
12.9202003479,80.1837768555,76689,76699,10
12.92029953,80.1842269897,76699,76710,11
12.9204797745,80.1849899292,76710,76720,10
12.9205303192,80.1851730347,76720,76730,10
12.9205503464,80.1852722168,76730,76740,10
12.9205904007,80.1854934692,76740,76750,10
12.9204797745,80.1859893799,76750,76760,10
12.9199895859,80.1865768433,76760,76770,10
12.919380188,80.1872787476,76770,76780,10
12.9187602997,80.18800354,76780,76790,10
12.9180803299,80.1887512207,76790,76801,11
12.9175395966,80.1897506714,76801,76811,10
12.9173698425,80.1906661987,76811,76821,10
12.9173002243,80.1913070679,76821,76831,10
12.9172401428,80.1918869019,76831,76841,10
12.9171800613,80.1924514771,76841,76851,10
12.9170799255,80.1930618286,76851,76871,20
12.9170799255,80.1930618286,76871,76881,10
12.9170598984,80.1933288574,76881,76891,10
12.917090416,80.1938781738,76891,76902,11
12.9172401428,80.1943817139,76902,76912,10
12.9177398682,80.1949234009,76912,76922,10
12.9183797836,80.1955032349,76922,76932,10
12.9189996719,80.1960372925,76932,76942,10
12.9198598862,80.1965332031,76942,76952,10
12.9206104279,80.1967926025,76952,76962,10
12.9211902618,80.1969909668,76962,76972,10
12.9219503403,80.1972579956,76972,76982,10
12.9226303101,80.1973571777,76982,76992,10
12.9233598709,80.1974563599,76992,77003,11
12.9243202209,80.1974868774,77003,77013,10
12.9250097275,80.197479248,77013,77023,10
12.925239563,80.1974868774,77023,77033,10
12.9256601334,80.1974868774,77033,77043,10
12.9262504578,80.1975479126,77043,77053,10
12.9268798828,80.1977920532,77053,77063,10
12.9274396896,80.1981811523,77063,77073,10
12.9278697968,80.1987686157,77073,77083,10
12.9282197952,80.199508667,77083,77093,10
12.9284095764,80.2002716064,77093,77104,11
12.9284601212,80.2012405396,77104,77114,10
12.9284801483,80.2019882202,77114,77124,10
12.9286298752,80.2026062012,77124,77134,10
12.9292297363,80.2027282715,77134,77144,10
12.9294204712,80.2027587891,77144,77154,10
12.9299497604,80.2028427124,77154,77164,10
12.9305896759,80.2029266357,77164,77174,10
12.9312400818,80.2031173706,77174,77184,10
12.9319801331,80.2033691406,77184,77194,10
12.932559967,80.2035675049,77194,77205,11
12.9330997467,80.2037811279,77205,77215,10
12.9336900711,80.2039031982,77215,77225,10
12.9337902069,80.203918457,77225,77235,10
12.9339895248,80.2039413452,77235,77245,10
12.9345703125,80.2039794922,77245,77255,10
12.9353599548,80.2042312622,77255,77265,10
12.9363298416,80.2045822144,77265,77275,10
12.9371795654,80.2048416138,77275,77285,10
12.938079834,80.2050933838,77285,77295,10
12.9384002686,80.2051925659,77295,77306,11
12.9390497208,80.2053985596,77306,77316,10
12.9397001266,80.2055892944,77316,77326,10
12.9402103424,80.2057418823,77326,77336,10
12.9406995773,80.2059020996,77336,77346,10
12.9411802292,80.2061233521,77346,77356,10
12.9416599274,80.206413269,77356,77367,11
12.942029953,80.2066879272,77367,77377,10
12.9425096512,80.2070999146,77377,77387,10
12.9430398941,80.2077789307,77387,77397,10
12.9438495636,80.2082519531,77397,77408,11
12.9448900223,80.2086486816,77408,77418,10
12.9459600449,80.2090682983,77418,77428,10
12.9469604492,80.2094726563,77428,77438,10
12.9479198456,80.2098464966,77438,77448,10
12.9489297867,80.2102432251,77448,77458,10
12.9498796463,80.2106170654,77458,77468,10
12.9513597488,80.2111968994,77468,77478,10
12.9525203705,80.2116622925,77478,77488,10
12.9534397125,80.212020874,77488,77499,11
12.9545898438,80.2124786377,77499,77509,10
12.9556503296,80.2129135132,77509,77519,10
12.9567403793,80.2133026123,77519,77529,10
12.9578199387,80.2137527466,77529,77539,10
12.9587697983,80.2141265869,77539,77549,10
12.9594297409,80.2144012451,77549,77559,10
12.9601802826,80.2146987915,77559,77569,10
12.9607400894,80.2149200439,77569,77579,10
12.9613800049,80.2151794434,77579,77589,10
12.9624204636,80.2155685425,77589,77600,11
12.9633998871,80.2159423828,77600,77610,10
12.9637298584,80.2160797119,77610,77620,10
12.9641399384,80.2162628174,77620,77630,10
12.9648103714,80.2165603638,77630,77640,10
12.9655704498,80.2168731689,77640,77650,10
12.9662399292,80.2171401978,77650,77660,10
12.9668197632,80.2173690796,77660,77670,10
12.9674701691,80.2176437378,77670,77680,10
12.9682598114,80.2179412842,77680,77690,10
12.9693803787,80.2183990479,77690,77701,11
12.9707202911,80.2189407349,77701,77711,10
12.9718904495,80.2193908691,77711,77721,10
12.9728097916,80.2197418213,77721,77731,10
12.97356987,80.2200393677,77731,77741,10
12.9741897583,80.2202987671,77741,77751,10
12.9747800827,80.2205734253,77751,77761,10
12.975230217,80.220741272,77761,77771,10
12.9762001038,80.221282959,77771,77791,20
12.9762001038,80.221282959,77791,77802,11
12.9763202667,80.221282959,77802,77812,10
12.9768400192,80.2212677002,77812,77822,10
12.9774599075,80.2212524414,77822,77832,10
12.9781398773,80.2211990356,77832,77842,10
12.9788599014,80.2211608887,77842,77852,10
12.97976017,80.2211227417,77852,77862,10
12.9808301926,80.221031189,77862,77872,10
12.9816799164,80.2214508057,77872,77882,10
12.9823102951,80.2218017578,77882,77973,91
12.9823102951,80.2218017578,77973,77989,16
12.9825801849,80.2219085693,77989,78001,12
12.9830503464,80.2221221924,78001,78012,11
12.9834003448,80.2223587036,78012,78022,10
12.9840402603,80.2227401733,78022,78032,10
12.9846000671,80.2230987549,78032,78042,10
12.9851799011,80.2233123779,78042,78052,10
12.9854202271,80.2232131958,78052,78062,10
12.9858999252,80.2229919434,78062,78072,10
12.986579895,80.2229919434,78072,78082,10
12.9869203568,80.2230606079,78082,78092,10
12.9872598648,80.2230987549,78092,78103,11
12.9879598618,80.22290802,78103,78113,10
12.9886398315,80.2222900391,78113,78123,10
12.9892301559,80.2215805054,78123,78133,10
12.9898300171,80.2208328247,78133,78143,10
12.9905900955,80.220199585,78143,78153,10
12.9908504486,80.2199935913,78153,78163,10
12.9911899567,80.2197418213,78163,78173,10
12.9914598465,80.2195205688,78173,78183,10
12.9918804169,80.2192001343,78183,78193,10
12.9925203323,80.21875,78193,78204,11
12.9932203293,80.2182388306,78204,78214,10
12.9937400818,80.217880249,78214,78224,10
12.994020462,80.2176818848,78224,78234,10
12.9942502975,80.2174987793,78234,78244,10
12.9943399429,80.2174530029,78244,78254,10
12.9945898056,80.2172698975,78254,78264,10
12.9949197769,80.2170410156,78264,78274,10
12.9953203201,80.2168197632,78274,78284,10
12.9959802628,80.2166213989,78284,78294,10
12.9966201782,80.2165222168,78294,78305,11
12.9969396591,80.2164916992,78305,78315,10
12.9973297119,80.2162322998,78315,78325,10
12.9978904724,80.2157592773,78325,78335,10
12.9985399246,80.2151870728,78335,78345,10
12.9989299774,80.2148590088,78345,78355,10
12.9991798401,80.2146530151,78355,78365,10
12.99958992,80.2142715454,78365,78375,10
12.9999504089,80.2139587402,78375,78385,10
13.000459671,80.2134933472,78385,78396,11
13.0009403229,80.2130966187,78396,78406,10
13.0012998581,80.2128219604,78406,78416,10
13.0017795563,80.2124786377,78416,78426,10
13.0020399094,80.2123184204,78426,78436,10
13.0024003983,80.2121429443,78436,78446,10
13.0029697418,80.212097168,78446,78456,10
13.0033397675,80.2120819092,78456,78466,10
13.0036096573,80.2120285034,78466,78476,10
13.0040998459,80.2121124268,78476,78486,10
13.004699707,80.2123794556,78486,78496,10
13.0053901672,80.2127914429,78496,78507,11
13.0062398911,80.2127914429,78507,78517,10
13.0069904327,80.2127685547,78517,78533,16
13.0072402954,80.2128372192,78533,78545,12
13.0076704025,80.2129974365,78545,78553,8
13.0079498291,80.213218689,78553,78565,12
13.0085000992,80.2134780884,78565,78575,10
13.0090198517,80.2141799927,78575,78585,10
13.0094804764,80.21484375,78585,78596,11
13.0097103119,80.2151184082,78596,78606,10
13.010020256,80.2155532837,78606,78616,10
13.0104999542,80.2161407471,78616,78626,10
13.0107603073,80.2168426514,78626,78636,10
13.0111103058,80.2177124023,78636,78646,10
13.0115203857,80.2188568115,78646,78656,10
13.0119400024,80.220123291,78656,78666,10
13.0122499466,80.2211914063,78666,78676,10
13.0124397278,80.2216567993,78676,78686,10
13.0128698349,80.2222900391,78686,78697,11
13.0134401321,80.2229232788,78697,78707,10
13.013999939,80.2235870361,78707,78717,10
13.0144701004,80.2242126465,78717,78727,10
13.0150699615,80.224861145,78727,78737,10
13.0153999329,80.2252426147,78737,78747,10
13.01541996,80.2252731323,78747,78757,10
13.01541996,80.225440979,78757,78767,10
13.0152196884,80.2258224487,78767,78777,10
13.0147800446,80.2259902954,78777,78787,10
13.0147399902,80.2260131836,78787,78798,11
13.0144500732,80.2261276245,78798,78808,10
13.0141496658,80.2261199951,78808,78818,10
13.0141897202,80.225692749,78818,78919,101
13.0141897202,80.225692749,78919,78929,10
13.0142402649,80.2254333496,78929,78939,10
13.0142402649,80.2252197266,78939,78949,10
13.0140304565,80.2252883911,78949,78959,10
13.01404953,80.2255783081,78959,80535,1576
13.01404953,80.2255783081,80535,80545,10
13.0142498016,80.2254104614,80545,80555,10
13.0144300461,80.2254562378,80555,80565,10
13.0147399902,80.2255783081,80565,80788,223
13.0147399902,80.2255783081,80788,80798,10
13.0146198273,80.2257232666,80798,85961,5163
