12.9869403839,80.2585983276,14,7483,7469
12.9869699478,80.2585830688,7483,8019,536
12.986989975,80.2584915161,8019,8313,294
12.9870595932,80.2585525513,8313,8586,273
12.9869098663,80.2585372925,8586,22429,13843
12.9869403839,80.2584991455,22429,22763,334
12.9869403839,80.2584991455,22763,22773,10
12.9869203568,80.2585601807,22773,22783,10
12.986869812,80.2585678101,22783,22793,10
12.9867200851,80.2587509155,22793,22803,10
12.9867296219,80.2590332031,22803,22844,41
12.9867296219,80.2590332031,22844,22854,10
12.9870901108,80.2591400146,22854,22864,10
12.9872598648,80.2591171265,22864,22874,10
12.9873399734,80.2589187622,22874,22884,10
12.9873695374,80.2585601807,22884,22894,10
12.9874000549,80.2582931519,22894,23309,415
12.9874000549,80.2582931519,23309,23319,10
12.9875497818,80.2578201294,23319,23329,10
12.9875802994,80.2571487427,23329,23340,11
12.9876403809,80.256187439,23340,23351,11
12.9876499176,80.2558364868,23351,23362,11
12.987660408,80.2558135986,23362,23372,10
12.9877700806,80.2553024292,23372,23382,10
12.987830162,80.2544708252,23382,23392,10
12.9879102707,80.2534179688,23392,23402,10
12.9879703522,80.2523803711,23402,23412,10
12.9878396988,80.2516479492,23412,23423,11
12.987830162,80.2515563965,23423,23433,10
12.987830162,80.2515029907,23433,23443,10
12.9878997803,80.2512664795,23443,23453,10
12.9884004593,80.251159668,23453,23463,10
12.9892501831,80.2509384155,23463,23473,10
12.9902696609,80.2507019043,23473,23483,10
12.9911804199,80.2504806519,23483,23493,10
12.992600441,80.2501373291,23493,23503,10
12.9938497543,80.2498168945,23503,23514,11
12.9952402115,80.2494812012,23514,23524,10
12.9965400696,80.2491378784,23524,23534,10
12.9979095459,80.2488098145,23534,23544,10
12.9993095398,80.2484970093,23544,23554,10
13.0007200241,80.2481536865,23554,23564,10
13.0021095276,80.2477874756,23564,23574,10
13.0034103394,80.2475280762,23574,23584,10
13.0047197342,80.2473373413,23584,23595,11
13.0059404373,80.2470779419,23595,23605,10
13.0065898895,80.2463912964,23605,23615,10
13.0066604614,80.2454376221,23615,23625,10
13.0066699982,80.2442932129,23625,23635,10
13.0066299438,80.2430877686,23635,23645,10
13.0065898895,80.241859436,23645,23655,10
13.0066900253,80.2407913208,23655,23665,10
13.0067100525,80.2404022217,23665,23675,10
13.0067901611,80.2401885986,23675,23686,11
13.0068902969,80.2395172119,23686,23696,10
13.0070295334,80.2385482788,23696,23706,10
13.0072898865,80.2374572754,23706,23716,10
13.0074195862,80.236656189,23716,23726,10
13.0076398849,80.235786438,23726,23736,10
13.0078601837,80.2347106934,23736,23746,10
13.0080795288,80.2336425781,23746,23756,10
13.0083503723,80.2322921753,23756,23767,11
13.008600235,80.2309417725,23767,23777,10
13.0088500977,80.2296218872,23777,23787,10
13.0091495514,80.2282714844,23787,23797,10
13.0096797943,80.2270202637,23797,23807,10
13.0102596283,80.2257919312,23807,23817,10
13.0108299255,80.2245635986,23817,23827,10
13.0112600327,80.2235412598,23827,23837,10
13.011759758,80.2225570679,23837,23848,11
13.0120201111,80.2215423584,23848,23858,10
13.0123500824,80.2216033936,23858,23868,10
13.0127801895,80.2221832275,23868,23878,10
13.0133304596,80.2228012085,23878,23888,10
13.0138597488,80.2233505249,23888,23898,10
13.0143299103,80.223777771,23898,23908,10
13.0150203705,80.2245178223,23908,23918,10
13.0157003403,80.2251586914,23918,23928,10
13.0164699554,80.2253112793,23928,23939,11
13.0175695419,80.2249069214,23939,23949,10
13.018699646,80.2244567871,23949,23959,10
13.0197696686,80.2245864868,23959,23969,10
13.0205802917,80.2251968384,23969,23979,10
13.0212802887,80.2257232666,23979,23989,10
13.0220804214,80.22631073,23989,23999,10
13.0229301453,80.2270431519,23999,24009,10
13.023730278,80.2277679443,24009,24020,11
13.0243797302,80.2284317017,24020,24030,10
13.0242595673,80.2285995483,24030,24040,10
13.0238704681,80.2281036377,24040,24050,10
13.0234098434,80.2276535034,24050,24080,30
13.0231800079,80.2274398804,24080,24121,41
13.0231800079,80.2274398804,24121,24131,10
13.0230998993,80.2272567749,24131,24141,10
13.0229597092,80.2270965576,24141,24151,10
13.0227203369,80.2268676758,24151,24161,10
13.0222396851,80.2264404297,24161,24171,10
13.0220403671,80.2262878418,24171,24181,10
13.0216598511,80.2259902954,24181,24192,11
13.0209703445,80.2254562378,24192,24202,10
13.0202503204,80.2249984741,24202,24212,10
13.0198497772,80.2247390747,24212,24222,10
13.0195198059,80.2245483398,24222,24232,10
13.0187902451,80.2245025635,24232,24242,10
13.0179595947,80.224822998,24242,24252,10
13.0170297623,80.2251968384,24252,24262,10
13.0162096024,80.2255096436,24262,24273,11
13.0152397156,80.2258377075,24273,24283,10
13.0144901276,80.2261505127,24283,24293,10
13.0144195557,80.2261734009,24293,24303,10
13.0140695572,80.2262878418,24303,24313,10
13.0134401321,80.2265396118,24313,24323,10
13.0125999451,80.226890564,24323,24333,10
13.0116500854,80.2272720337,24333,24343,10
13.0107002258,80.2276535034,24343,24353,10
13.0097103119,80.2280502319,24353,24364,11
13.0091104507,80.2288818359,24364,24374,10
13.0089197159,80.2298431396,24374,24384,10
13.0087404251,80.2307815552,24384,24394,10
13.0084896088,80.2320404053,24394,24404,10
13.0082597733,80.2334976196,24404,24424,20
13.0082597733,80.2334976196,24424,24434,10
13.0081501007,80.23387146,24434,24445,11
13.0080003738,80.2346496582,24445,24455,10
13.0078001022,80.2356185913,24455,24465,10
13.0075798035,80.2367630005,24465,24475,10
13.0073404312,80.2378768921,24475,24485,10
13.0071001053,80.2389678955,24485,24495,10
13.0069103241,80.2399902344,24495,24505,10
13.0067195892,80.2410125732,24505,24515,10
13.0066604614,80.2421417236,24515,24526,11
13.0066604614,80.2433319092,24526,24536,10
13.0066699982,80.2444076538,24536,24546,10
13.0066900253,80.2455215454,24546,24556,10
13.0067195892,80.2464828491,24556,24566,10
13.0067501068,80.2470932007,24566,24576,10
13.0065698624,80.2474136353,24576,24586,10
13.0061903,80.2473983765,24586,24596,10
13.0061502457,80.2473831177,24596,24606,10
13.0059204102,80.2473373413,24606,24617,11
13.0051698685,80.2473297119,24617,24627,10
13.0042495728,80.2474212646,24627,24637,10
13.0032396317,80.2475662231,24637,24647,10
13.0021800995,80.247756958,24647,24657,10
13.0010995865,80.2480392456,24657,24667,10
12.9999799728,80.2483291626,24667,24677,10
12.9989004135,80.2485961914,24677,24687,10
12.9982595444,80.2488021851,24687,24698,11
12.9979896545,80.2488174438,24698,24708,10
12.997209549,80.2490081787,24708,24718,10
12.9960803986,80.2492904663,24718,24728,10
12.994799614,80.2496414185,24728,24738,10
12.9935302734,80.2499694824,24738,24748,10
12.9923000336,80.2502670288,24748,24758,10
12.9912500381,80.2505569458,24758,24768,10
12.9910898209,80.2506027222,24768,24779,11
12.99077034,80.2506637573,24779,24789,10
12.989979744,80.2508392334,24789,24799,10
12.9890403748,80.2510986328,24799,24809,10
12.9885997772,80.2511978149,24809,24819,10
12.9884595871,80.2512283325,24819,24829,10
12.988360405,80.2512283325,24829,24839,10
12.987859726,80.2513580322,24839,24849,10
12.987159729,80.2515487671,24849,24859,10
12.9862699509,80.2517700195,24859,24870,11
12.9850597382,80.2520828247,24870,24880,10
12.9839601517,80.2523880005,24880,24890,10
12.9827899933,80.2526168823,24890,24900,10
12.9815797806,80.2526626587,24900,24910,10
12.9804897308,80.2527084351,24910,24920,10
12.9796495438,80.2527008057,24920,24930,10
12.9786996841,80.2526016235,24930,24940,10
12.9786300659,80.252571106,24940,24951,11
12.9781703949,80.2522735596,24951,24961,10
12.9774303436,80.2516098022,24961,24971,10
12.9762601852,80.251121521,24971,24981,10
12.9749002457,80.2507171631,24981,24991,10
12.9734897614,80.250328064,24991,25001,10
12.9722700119,80.2500228882,25001,25011,10
12.9711704254,80.2497329712,25011,25021,10
12.9700498581,80.249382019,25021,25032,11
12.9686899185,80.2488174438,25032,25042,10
12.9673204422,80.2482528687,25042,25052,10
12.9661102295,80.247718811,25052,25062,10
12.9653997421,80.2474365234,25062,25072,10
12.965379715,80.2474365234,25072,25082,10
12.9652004242,80.2473678589,25082,25092,10
12.964630127,80.2471618652,25092,25102,10
12.9637699127,80.2468338013,25102,25112,10
12.9627504349,80.2463302612,25112,25123,11
12.961520195,80.2457122803,25123,25133,10
12.960269928,80.2451629639,25133,25143,10
12.9594202042,80.2447814941,25143,25153,10
12.9592695236,80.2447433472,25153,25163,10
12.9591398239,80.2446594238,25163,25173,10
12.9585199356,80.2443695068,25173,25183,10
12.9577798843,80.2440719604,25183,25193,10
12.9569797516,80.2437820435,25193,25204,11
12.9564399719,80.2435913086,25204,25214,10
12.9561395645,80.2434616089,25214,25224,10
12.9553699493,80.2431030273,25224,25234,10
12.9543800354,80.2426605225,25234,25244,10
12.953499794,80.2422866821,25244,25254,10
12.951880455,80.2416915894,25254,25274,20
12.951880455,80.2416915894,25274,25285,11
12.9514904022,80.2415084839,25285,25295,10
12.9506998062,80.2412719727,25295,25305,10
12.9496803284,80.2409667969,25305,25315,10
12.9491596222,80.2408218384,25315,25325,10
12.949139595,80.2408065796,25325,25335,10
12.948849678,80.2406921387,25335,25345,10
12.9480895996,80.2403717041,25345,25355,10
12.9472398758,80.2400436401,25355,25365,10
12.9471597672,80.2400131226,25365,25376,11
12.9468402863,80.2398834229,25376,25386,10
12.9461202621,80.2395706177,25386,25396,10
12.9451799393,80.2390289307,25396,25406,10
12.9442796707,80.2380599976,25406,25416,10
12.9433097839,80.2370223999,25416,25426,10
12.9420795441,80.236366272,25426,25436,10
12.9406604767,80.2360305786,25436,25446,10
12.9398202896,80.2357788086,25446,25457,11
12.9398002625,80.2357635498,25457,25467,10
12.9393796921,80.2355575562,25467,25477,10
12.9386301041,80.2351837158,25477,25487,10
12.9378595352,80.2347869873,25487,25497,10
12.9365997314,80.2341690063,25497,25507,10
12.9355096817,80.2336807251,25507,25517,10
12.9340696335,80.2330322266,25517,25537,20
12.9340696335,80.2330322266,25537,25548,11
12.9336700439,80.2328262329,25548,25558,10
12.932970047,80.2325134277,25558,25568,10
12.932009697,80.2321395874,25568,25578,10
12.9308204651,80.2317504883,25578,25588,10
12.9295701981,80.2314224243,25588,25598,10
12.9282398224,80.2312011719,25598,25608,10
12.9268798828,80.2310409546,25608,25618,10
12.9260702133,80.2309494019,25618,25629,11
12.9260396957,80.2309417725,25629,25639,10
12.9256401062,80.2308731079,25639,25649,10
12.9249095917,80.2307662964,25649,25659,10
12.9239797592,80.2306671143,25659,25669,10
12.9228200912,80.2305221558,25669,25679,10
12.9215202332,80.2303085327,25679,25689,10
12.9201202393,80.2301177979,25689,25699,10
12.9187402725,80.2299423218,25699,25710,11
12.9171304703,80.2297515869,25710,25720,10
12.915719986,80.2295379639,25720,25730,10
12.9142999649,80.2293319702,25730,25740,10
12.9132795334,80.2292633057,25740,25750,10
12.9132204056,80.2292480469,25750,25760,10
12.9128198624,80.2291564941,25760,25770,10
12.9119901657,80.2290420532,25770,25780,10
12.9108800888,80.2288665771,25780,25790,10
12.9096403122,80.2286834717,25790,25801,11
12.908200264,80.2284393311,25801,25811,10
12.9067401886,80.2282333374,25811,25851,40
12.9067401886,80.2282333374,25851,25861,10
12.9063997269,80.228187561,25861,25871,10
12.9056596756,80.2281417847,25871,25882,11
12.9045200348,80.2281036377,25882,25892,10
12.9033298492,80.2280578613,25892,25902,10
12.9017496109,80.2279815674,25902,25912,10
12.9008197784,80.2279129028,25912,25922,10
12.8995304108,80.2278671265,25922,25952,30
12.8995304108,80.2278671265,25952,25962,10
12.8993196487,80.2278594971,25962,25973,11
12.8988895416,80.2278137207,25973,25983,10
12.8981103897,80.2277603149,25983,25993,10
12.8971204758,80.2276992798,25993,26003,10
12.8959703445,80.2276535034,26003,26013,10
12.894780159,80.2276000977,26013,26023,10
12.8935699463,80.2275314331,26023,26033,10
12.8924198151,80.2274017334,26033,26043,10
12.8912096024,80.2273712158,26043,26054,11
12.8898000717,80.2273712158,26054,26064,10
12.8888702393,80.2273712158,26064,26074,10
12.8886404037,80.2273712158,26074,26084,10
12.8885002136,80.2273635864,26084,26094,10
12.8883895874,80.2273712158,26094,26104,10
12.8882198334,80.2273635864,26104,26114,10
12.8880195618,80.2273635864,26114,26124,10
12.8876800537,80.2273101807,26124,26135,11
12.8870401382,80.2272033691,26135,26145,10
12.8861303329,80.2269897461,26145,26155,10
12.8850803375,80.2267684937,26155,26165,10
12.8848600388,80.2267532349,26165,26175,10
12.88463974,80.2267379761,26175,26185,10
12.8839597702,80.2267379761,26185,26195,10
12.8829803467,80.2267379761,26195,26205,10
12.8817796707,80.2267379761,26205,26216,11
12.8803396225,80.2267379761,26216,26226,10
12.8789396286,80.2267608643,26226,26236,10
12.8775701523,80.2268829346,26236,26246,10
12.8765697479,80.2269897461,26246,26256,10
12.8763999939,80.2269973755,26256,26266,10
12.8762903214,80.2269973755,26266,26276,10
12.8757400513,80.2269821167,26276,26286,10
12.8749799728,80.2269134521,26286,26296,10
12.8740596771,80.2268066406,26296,26307,11
12.8729200363,80.2267303467,26307,26317,10
12.8725795746,80.2267227173,26317,26327,10
12.8722896576,80.2267227173,26327,26337,10
12.8715496063,80.2266769409,26337,26347,10
12.8704996109,80.2266235352,26347,26357,10
12.8691997528,80.2264709473,26357,26367,10
12.8678302765,80.2264099121,26367,26377,10
12.8667697906,80.2265014648,26377,26388,11
12.8665704727,80.2265396118,26388,26398,10
12.8661298752,80.2265930176,26398,26408,10
12.8652896881,80.2266235352,26408,26418,10
12.8641796112,80.2265777588,26418,26428,10
12.862859726,80.2265472412,26428,26438,10
12.8615398407,80.2266235352,26438,26448,10
12.8609800339,80.226600647,26448,26458,10
12.8608398438,80.2265625,26458,26469,11
12.8601999283,80.2265014648,26469,26479,10
12.8592700958,80.2263717651,26479,26489,10
12.8582296371,80.226272583,26489,26499,10
12.8570299149,80.2263183594,26499,26509,10
12.8557701111,80.2264633179,26509,26519,10
12.854470253,80.226600647,26519,26529,10
12.8531503677,80.2267227173,26529,26539,10
12.8518400192,80.2266769409,26539,26549,10
12.8506698608,80.2266387939,26549,26560,11
12.8498401642,80.2266082764,26560,26570,10
12.8497200012,80.226600647,26570,26580,10
12.8491001129,80.2265777588,26580,26590,10
12.8481397629,80.2265930176,26590,26600,10
12.8469600677,80.2266082764,26600,26610,10
12.8463401794,80.226600647,26610,26620,10
12.8459501266,80.2266235352,26620,26630,10
12.8458995819,80.226600647,26630,26641,11
12.8455200195,80.2266082764,26641,26651,10
12.8454198837,80.2265777588,26651,26661,10
12.8449296951,80.2266311646,26661,26671,10
12.8441200256,80.2266998291,26671,26681,10
12.843079567,80.226852417,26681,26691,10
12.8418798447,80.2270889282,26691,26701,10
12.8407497406,80.2274017334,26701,26711,10
12.8401699066,80.2275695801,26711,26722,11
12.8399801254,80.2276306152,26722,26732,10
12.8398504257,80.2276687622,26732,26742,10
12.8397598267,80.2276992798,26742,26752,10
12.8397197723,80.2277374268,26752,26762,10
12.8394498825,80.2277908325,26762,26772,10
12.8387403488,80.2279663086,26772,26782,10
12.8377103806,80.2282028198,26782,26792,10
12.8364601135,80.2284011841,26792,26802,10
12.8351202011,80.2285995483,26802,26813,11
12.8335895538,80.2288589478,26813,26823,10
12.8321695328,80.2291412354,26823,26843,20
12.8321695328,80.2291412354,26843,26853,10
12.8319997787,80.2291564941,26853,26863,10
12.8313798904,80.229309082,26863,26873,10
12.8304100037,80.2296524048,26873,26883,10
12.8292102814,80.2300872803,26883,26894,11
12.8278503418,80.230796814,26894,26904,10
12.8266201019,80.2313232422,26904,26914,10
12.8257703781,80.2313995361,26914,26924,10
12.8257598877,80.2313995361,26924,26934,10
12.8254404068,80.2313919067,26934,26944,10
12.8247804642,80.2313690186,26944,26954,10
12.8238401413,80.2311401367,26954,26964,10
12.8226699829,80.2307815552,26964,26974,10
12.8213796616,80.23046875,26974,26985,11
12.8199195862,80.23046875,26985,26995,10
12.8189201355,80.2304763794,26995,27005,10
12.8187999725,80.2304534912,27005,27015,10
12.8183002472,80.23021698,27015,27025,10
12.8174200058,80.2297973633,27025,27035,10
12.8162298203,80.2294921875,27035,27045,10
12.8148899078,80.2292709351,27045,27055,10
12.8134498596,80.2289428711,27055,27066,11
12.8118495941,80.2283782959,27066,27076,10
12.810379982,80.2278137207,27076,27086,10
12.809009552,80.2271194458,27086,27096,10
12.8078699112,80.2261810303,27096,27106,10
12.8068704605,80.2253189087,27106,27116,10
12.8060703278,80.2246017456,27116,27126,10
12.8052396774,80.2240600586,27126,27136,10
12.8049898148,80.2240066528,27136,27147,11
12.8047704697,80.2239532471,27147,27157,10
12.8043003082,80.2238998413,27157,27167,10
12.8036603928,80.2238616943,27167,27177,10
12.8027601242,80.2237625122,27177,27187,10
12.801609993,80.2236404419,27187,27197,10
12.8009500504,80.2236022949,27197,27207,10
12.800740242,80.2235565186,27207,27217,10
12.8000402451,80.2234725952,27217,27227,10
12.7989702225,80.2233886719,27227,27238,11
12.7975702286,80.2232513428,27238,27248,10
12.7958602905,80.2229385376,27248,27268,20
12.7958602905,80.2229385376,27268,27278,10
12.7957000732,80.2228927612,27278,27288,10
12.7950201035,80.2227478027,27288,27298,10
12.7939195633,80.2225570679,27298,27308,10
12.7926301956,80.2223815918,27308,27319,11
12.7912197113,80.2220535278,27319,27329,10
12.7899799347,80.2217407227,27329,27339,10
12.7889099121,80.2213668823,27339,27349,10
12.7879600525,80.2210083008,27349,27359,10
12.787560463,80.2208633423,27359,27369,10
12.7875404358,80.2208480835,27369,27379,10
12.7874898911,80.2208023071,27379,27389,10
12.787229538,80.2207183838,27389,27400,11
12.7867202759,80.2205276489,27400,27430,30
12.7867202759,80.2205276489,27430,27440,10
12.7866201401,80.2204818726,27440,27450,10
12.786359787,80.2203903198,27450,27460,10
12.786239624,80.2203598022,27460,27470,10
12.7861700058,80.2204437256,27470,27480,10
12.786190033,80.2208404541,27480,27491,11
12.7861995697,80.2212982178,27491,27501,10
12.7862997055,80.2218093872,27501,27511,10
12.7862100601,80.2219772339,27511,28837,1326
12.7862100601,80.2219772339,28837,28847,10
12.7862300873,80.2217636108,28847,28857,10
12.7861995697,80.2214202881,28857,28867,10
12.7861995697,80.221321106,28867,28877,10
12.7862100601,80.2210464478,28877,28887,10
12.7861995697,80.2206420898,28887,28897,10
12.7862100601,80.2203903198,28897,28908,11
12.786239624,80.2203292847,28908,28918,10
12.7864904404,80.2203674316,28918,28948,30
12.7864904404,80.2203674316,28948,28958,10
12.7868003845,80.2205810547,28958,28968,10
12.7872600555,80.2207489014,28968,28978,10
12.7876796722,80.2209014893,28978,28999,21
12.7876796722,80.2209014893,28999,29009,10
12.7878799438,80.220993042,29009,29019,10
12.7882204056,80.2211380005,29019,29029,10
12.7887601852,80.2213363647,29029,29039,10
12.7893600464,80.2215576172,29039,29049,10
12.7896604538,80.2216720581,29049,29059,10
12.7901296616,80.2218017578,29059,29069,10
12.7908201218,80.2219772339,29069,29080,11
12.791680336,80.2221679688,29080,29090,10
12.792550087,80.2223510742,29090,29231,141
12.792550087,80.2223510742,29231,29241,10
12.7926797867,80.2224197388,29241,29252,11
12.7934503555,80.2225189209,29252,29262,10
12.794500351,80.2226791382,29262,29272,10
12.7955703735,80.2228622437,29272,29282,10
12.7963399887,80.2229690552,29282,29292,10
12.7964496613,80.2229995728,29292,29302,10
12.7968502045,80.2230682373,29302,29312,10
12.7976303101,80.2232208252,29312,29322,10
12.798620224,80.2233200073,29322,29333,11
12.7998104095,80.2234420776,29333,29343,10
12.8014802933,80.2236022949,29343,29363,20
12.8014802933,80.2236022949,29363,29373,10
12.8017196655,80.2236785889,29373,29383,10
12.8024501801,80.2237625122,29383,29393,10
12.8034496307,80.2238769531,29393,29403,10
12.8046197891,80.2239608765,29403,29413,10
12.8054704666,80.2241287231,29413,29424,11
12.8056001663,80.2241821289,29424,29434,10
12.8057203293,80.2242584229,29434,29444,10
12.8062000275,80.2246627808,29444,29454,10
12.8069295883,80.2253189087,29454,29464,10
12.8077402115,80.2260284424,29464,29474,10
12.8086500168,80.2267913818,29474,29484,10
12.8097200394,80.2275238037,29484,29494,10
12.8109798431,80.2280578613,29494,29505,11
12.8125200272,80.2286224365,29505,29515,10
12.813949585,80.2290878296,29515,29525,10
12.8154201508,80.2293624878,29525,29535,10
12.8168897629,80.229598999,29535,29545,10
12.8182296753,80.2301483154,29545,29555,10
12.8192996979,80.2304992676,29555,29565,10
12.8197803497,80.23046875,29565,29575,10
12.8198900223,80.23046875,29575,29585,10
12.8204698563,80.2304534912,29585,29596,11
12.821390152,80.23046875,29596,29606,10
12.8222198486,80.2306365967,29606,29616,10
12.8233203888,80.2309799194,29616,29626,10
12.8244800568,80.2312469482,29626,29636,10
12.8256998062,80.2313613892,29636,29646,10
12.826259613,80.2313308716,29646,29656,10
12.8262996674,80.2313308716,29656,29666,10
12.8267202377,80.2312927246,29666,29677,11
12.8275499344,80.2310180664,29677,29687,10
12.8284597397,80.2305297852,29687,29697,10
12.8295097351,80.2300186157,29697,29707,10
12.8306102753,80.2295684814,29707,29717,10
12.8310699463,80.2293701172,29717,29737,20
12.8310699463,80.2293701172,29737,29747,10
12.8313903809,80.2292709351,29747,29758,11
12.8319702148,80.2291183472,29758,29768,10
12.8327598572,80.2289581299,29768,29778,10
12.8337898254,80.2287979126,29778,29788,10
12.8348999023,80.2285995483,29788,29798,10
12.8360004425,80.2284088135,29798,29808,10
12.8372097015,80.2282180786,29808,29818,10
12.838640213,80.2279205322,29818,29889,71
12.8390102386,80.2278213501,29889,29950,61
12.8391399384,80.2277526855,29950,29980,30
12.8391399384,80.2277526855,29980,29990,10
12.8395004272,80.2276992798,29990,30011,21
12.8395004272,80.2276992798,30011,30021,10
12.8396701813,80.2276382446,30021,30031,10
12.8402204514,80.2275085449,30031,30041,10
12.8410997391,80.2272720337,30041,30051,10
12.8422603607,80.2269897461,30051,30061,10
12.8436403275,80.2267303467,30061,30071,10
12.8452997208,80.2265472412,30071,30102,31
12.8452997208,80.2265472412,30102,30112,10
12.8455400467,80.2265472412,30112,30122,10
12.8460597992,80.2265472412,30122,30132,10
12.8468503952,80.2265396118,30132,30142,10
12.8478603363,80.2265472412,30142,30152,10
12.8489599228,80.2265319824,30152,30162,10
12.8499097824,80.2265090942,30162,30172,10
12.8500404358,80.2265090942,30172,30183,11
12.850279808,80.2265472412,30183,30193,10
12.8509397507,80.2265777588,30193,30203,10
12.8518800735,80.2266235352,30203,30213,10
12.8530797958,80.2266693115,30213,30223,10
12.8543100357,80.2265777588,30223,30233,10
12.8555402756,80.2264404297,30233,30243,10
12.8567695618,80.2263183594,30243,30253,10
12.8578195572,80.2262268066,30253,30263,10
12.8585700989,80.2262420654,30263,30274,11
12.8595695496,80.2263565063,30274,30284,10
12.8604602814,80.2265090942,30284,30294,10
12.8610095978,80.2265396118,30294,30304,10
12.8610200882,80.2265396118,30304,30314,10
12.861120224,80.2265625,30314,30324,10
12.8617200851,80.2265396118,30324,30334,10
12.8626203537,80.2265014648,30334,30344,10
12.8636198044,80.2265014648,30344,30355,11
12.865070343,80.2265472412,30355,30365,10
12.8664197922,80.2265090942,30365,30375,10
12.8677797318,80.2263793945,30375,30385,10
12.8690795898,80.2264022827,30385,30395,10
12.8703403473,80.2265396118,30395,30405,10
12.8715696335,80.2266235352,30405,30415,10
12.8728399277,80.2266311646,30415,30436,21
12.8728399277,80.2266311646,30436,30446,10
12.8730297089,80.2266387939,30446,30456,10
12.8736696243,80.2266769409,30456,30466,10
12.8745803833,80.2267837524,30466,30476,10
12.875579834,80.2268981934,30476,30486,10
12.8761997223,80.2269515991,30486,30496,10
12.8769102097,80.2268829346,30496,30516,20
12.8769102097,80.2268829346,30516,30527,11
12.8769798279,80.2268829346,30527,30537,10
12.8774995804,80.2268295288,30537,30547,10
12.8783397675,80.2267608643,30547,30557,10
12.8793897629,80.2266998291,30557,30567,10
12.8805904388,80.2266769409,30567,30577,10
12.8817996979,80.2266693115,30577,30587,10
12.8830699921,80.2266616821,30587,30597,10
12.8843202591,80.2266387939,30597,30608,11
12.8854598999,80.2266921997,30608,30628,20
12.8854598999,80.2266921997,30628,30638,10
12.8854598999,80.2266998291,30638,30648,10
12.8858299255,80.2267913818,30648,30658,10
12.8865098953,80.2269821167,30658,30668,10
12.8874101639,80.227180481,30668,30678,10
12.8885097504,80.2273101807,30678,30688,10
12.889749527,80.2273101807,30688,30699,11
12.8912200928,80.2273101807,30699,30709,10
12.8923101425,80.2273101807,30709,30769,60
12.8923101425,80.2273101807,30769,30780,11
12.8923101425,80.2273330688,30780,30790,10
12.8927202225,80.2273712158,30790,30800,10
12.8934602737,80.2274703979,30800,30810,10
12.8943796158,80.2275772095,30810,30820,10
12.8954200745,80.2276229858,30820,30830,10
12.8964996338,80.2276611328,30830,30840,10
12.8975801468,80.2276992798,30840,30850,10
12.8982200623,80.227722168,30850,30911,61
12.8982200623,80.227722168,30911,30921,10
12.8984203339,80.227722168,30921,30931,10
12.898639679,80.2277374268,30931,30941,10
12.8988304138,80.2277526855,30941,30952,11
12.8992204666,80.2277832031,30952,30962,10
12.8997898102,80.2278137207,30962,30972,10
12.9002799988,80.2278366089,30972,30982,10
12.9007797241,80.2278671265,30982,31002,20
12.9010000229,80.227897644,31002,31022,20
12.9010000229,80.227897644,31022,31033,11
12.9012002945,80.2279891968,31033,31043,10
12.9013299942,80.2279891968,31043,31053,10
12.9015102386,80.2279891968,31053,31063,10
12.9016304016,80.2279663086,31063,31073,10
12.90184021,80.2279586792,31073,31083,10
12.902179718,80.2279663086,31083,31093,10
12.9024295807,80.2279815674,31093,31144,51
12.9024295807,80.2279815674,31144,31154,10
12.9026699066,80.2279891968,31154,31164,10
12.9029798508,80.228012085,31164,31174,10
12.903380394,80.2279968262,31174,31184,10
12.9035902023,80.2280273438,31184,31245,61
12.9035902023,80.2280273438,31245,31255,10
12.903840065,80.2280578613,31255,31265,10
12.9041795731,80.2280731201,31265,31275,10
12.9043998718,80.2280807495,31275,31316,41
12.9043998718,80.2280807495,31316,31326,10
12.9047403336,80.2281036377,31326,31356,30
12.9047403336,80.2281036377,31356,31367,11
12.9049100876,80.2281112671,31367,31377,10
12.9050798416,80.2281188965,31377,31387,10
12.9052696228,80.2281494141,31387,31407,20
12.9052696228,80.2281494141,31407,31417,10
12.9054203033,80.2281723022,31417,31427,10
12.9057798386,80.2281723022,31427,31447,20
12.9059801102,80.2281723022,31447,31559,112
12.9059801102,80.2281723022,31559,31569,10
12.9062204361,80.2281723022,31569,31579,10
12.906370163,80.2281799316,31579,31589,10
12.9067401886,80.2282333374,31589,31599,10
12.90721035,80.228302002,31599,31609,10
12.9077796936,80.2283706665,31609,31619,10
12.9086999893,80.2285308838,31619,31630,11
12.9099597931,80.2287368774,31630,31640,10
12.9109802246,80.2288818359,31640,31650,10
12.9120397568,80.229019165,31650,31660,10
12.9130897522,80.2291870117,31660,31670,10
12.9143695831,80.2293319702,31670,31690,20
12.9143695831,80.2293319702,31690,31700,10
12.9147500992,80.2294006348,31700,31711,11
12.9155797958,80.2295227051,31711,31721,10
12.9165401459,80.2296676636,31721,31731,10
12.9175195694,80.2297973633,31731,31741,10
12.9185800552,80.2299423218,31741,31751,10
12.9196100235,80.2300720215,31751,31761,10
12.9208202362,80.23021698,31761,31771,10
12.9221401215,80.2304000854,31771,31781,10
12.9234695435,80.2305984497,31781,31792,11
12.9248399734,80.2307662964,31792,31802,10
12.9259901047,80.2309188843,31802,31812,10
12.9266700745,80.2309799194,31812,31832,20
12.9266700745,80.2309799194,31832,31842,10
12.9268798828,80.2310180664,31842,31852,10
12.9274597168,80.231086731,31852,31862,10
12.9282598495,80.2312011719,31862,31872,10
12.9292201996,80.2313613892,31872,31883,11
12.9303703308,80.231628418,31883,31893,10
12.9315099716,80.2319717407,31893,31903,10
12.9331502914,80.2325210571,31903,31923,20
12.9331502914,80.2325210571,31923,31933,10
12.9333400726,80.2326278687,31933,31943,10
12.9338302612,80.2328491211,31943,31953,10
12.9344797134,80.2331390381,31953,31964,11
12.9353504181,80.233543396,31964,31974,10
12.9361600876,80.2339172363,31974,31984,10
12.9369497299,80.2342987061,31984,31994,10
12.9378004074,80.2347335815,31994,32004,10
12.9391698837,80.2353515625,32004,32024,20
12.9391698837,80.2353515625,32024,32034,10
12.9393501282,80.2354736328,32034,32044,10
12.9398202896,80.2357406616,32044,32055,11
12.9406099319,80.236000061,32055,32065,10
12.9416399002,80.2362518311,32065,32075,10
12.9427404404,80.2366027832,32075,32085,10
12.9435901642,80.2372512817,32085,32095,10
12.9443302155,80.2380599976,32095,32105,10
12.9452295303,80.2390289307,32105,32115,10
12.9467401505,80.239730835,32115,32136,21
12.9467401505,80.239730835,32136,32146,10
12.9469099045,80.2398529053,32146,32186,40
12.9469099045,80.2398529053,32186,32196,10
12.9472103119,80.239982605,32196,32206,10
12.9476003647,80.2401275635,32206,32216,10
12.9480304718,80.2403106689,32216,32227,11
12.9484300613,80.2404708862,32227,32237,10
12.9488697052,80.2406616211,32237,32247,10
12.9493103027,80.2408218384,32247,32257,10
12.9499397278,80.241027832,32257,32267,10
12.9506502151,80.2412185669,32267,32277,10
12.9507904053,80.2412796021,32277,32287,10
12.9509496689,80.2413330078,32287,32297,10
12.9514198303,80.2415084839,32297,32308,11
12.9521903992,80.2417831421,32308,32318,10
12.9529895782,80.2420806885,32318,32328,10
12.9535703659,80.2423171997,32328,32338,10
12.9539203644,80.2424621582,32338,32348,10
12.9545497894,80.2426986694,32348,32358,10
12.954870224,80.2428207397,32358,32368,10
12.955160141,80.2429199219,32368,32378,10
12.955499649,80.2430419922,32378,32439,61
12.955499649,80.2430419922,32439,32449,10
12.9557800293,80.2431182861,32449,32520,71
12.9557800293,80.2431182861,32520,32530,10
12.9561004639,80.243270874,32530,32540,10
12.9562196732,80.243309021,32540,32571,31
12.9562196732,80.243309021,32571,32581,10
12.9566202164,80.2434692383,32581,32591,10
12.9572200775,80.2437515259,32591,32601,10
12.9579696655,80.2440795898,32601,32611,10
12.9591999054,80.2445831299,32611,32631,20
12.9591999054,80.2445831299,32631,32642,11
12.9594802856,80.2447280884,32642,32652,10
12.9600801468,80.245010376,32652,32662,10
12.9609603882,80.2454071045,32662,32672,10
12.9619998932,80.2459182739,32672,32682,10
12.9631595612,80.2465286255,32682,32712,30
12.9631595612,80.2465286255,32712,32722,10
12.9635295868,80.2468032837,32722,32733,11
12.9641599655,80.2470397949,32733,32743,10
12.9649000168,80.2472915649,32743,32753,10
12.965760231,80.2475891113,32753,32763,10
12.9669799805,80.2480621338,32763,32783,20
12.9669799805,80.2480621338,32783,32793,10
12.9670295715,80.2481079102,32793,32803,10
12.9674701691,80.2483062744,32803,32814,11
12.9682798386,80.2486572266,32814,32824,10
12.9691896439,80.2490234375,32824,32834,10
12.9701795578,80.249420166,32834,32844,10
12.9711503983,80.2497406006,32844,32854,10
12.9722099304,80.25,32854,32864,10
12.9732599258,80.2502822876,32864,32874,10
12.9742202759,80.2505187988,32874,32884,10
12.9751596451,80.2507781982,32884,32895,11
12.9761896133,80.2510681152,32895,32905,10
12.9771604538,80.2513885498,32905,32915,10
12.97797966,80.2519836426,32915,32925,10
12.9785203934,80.2523727417,32925,32945,20
12.9785203934,80.2523727417,32945,32955,10
12.9788799286,80.252532959,32955,32965,10
12.9794197083,80.2526016235,32965,32975,10
12.97976017,80.2526397705,32975,33046,71
12.97976017,80.2526397705,33046,33056,10
12.9800300598,80.2526397705,33056,33077,21
12.9800300598,80.2526397705,33077,33087,10
12.9801797867,80.2526397705,33087,33097,10
12.9805698395,80.2526626587,33097,33107,10
12.9812097549,80.2526397705,33107,33117,10
12.9819602966,80.2526321411,33117,33127,10
12.9827203751,80.252571106,33127,33137,10
12.9834003448,80.2525024414,33137,33148,11
12.9839801788,80.2523574829,33148,33158,10
12.9843301773,80.2522583008,33158,33168,10
12.9847202301,80.2521514893,33168,33178,10
12.9850902557,80.2520370483,33178,33593,415
12.9850902557,80.2520370483,33593,33603,10
12.9854803085,80.2519378662,33603,33613,10
12.9859600067,80.2518234253,33613,33623,10
12.9863004684,80.251739502,33623,33633,10
12.9866800308,80.2516479492,33633,33643,10
12.9870300293,80.2515487671,33643,33653,10
12.9873600006,80.2514419556,33653,33664,11
12.9876804352,80.251373291,33664,33674,10
12.9882001877,80.2512588501,33674,33684,10
12.9890699387,80.2510528564,33684,33694,10
12.9898195267,80.2508392334,33694,33704,10
12.9898500443,80.250831604,33704,33714,10
12.989979744,80.2508087158,33714,33724,10
12.9905195236,80.2506866455,33724,33734,10
12.991350174,80.2504806519,33734,33745,11
12.9925498962,80.2501831055,33745,33755,10
12.9938097,80.2498626709,33755,33765,10
12.994890213,80.2496032715,33765,33774,9
12.9967403412,80.2490768433,33774,33795,21
12.9967403412,80.2490768433,33795,33805,10
12.9970397949,80.2490234375,33805,33815,10
12.9976997375,80.2488708496,33815,33826,11
12.9987802505,80.2485961914,33826,33836,10
12.999879837,80.2483215332,33836,33846,10
13.0010995865,80.248008728,33846,33856,10
13.0021400452,80.247756958,33856,33866,10
13.0030298233,80.2475814819,33866,33876,10
13.004119873,80.2474212646,33876,33886,10
13.005200386,80.2472686768,33886,33896,10
13.0060997009,80.2469787598,33896,33906,10
13.0065898895,80.2461624146,33906,33927,21
13.0065898895,80.2461624146,33927,33937,10
13.006649971,80.2459793091,33937,33947,10
13.0066795349,80.2453765869,33947,33957,10
13.006649971,80.2446136475,33957,33967,10
13.006649971,80.2438278198,33967,33977,10
13.0066604614,80.2432403564,33977,33987,10
13.0066604614,80.2430419922,33987,33998,11
13.0066995621,80.2427368164,33998,34008,10
13.0066995621,80.2420578003,34008,34018,10
13.0067195892,80.2412719727,34018,34028,10
13.0068101883,80.240562439,34028,34038,10
13.0069303513,80.2398605347,34038,34047,9
13.007060051,80.2391967773,34047,34058,11
13.0071401596,80.2387313843,34058,34068,10
13.0072402954,80.2381820679,34068,34078,10
13.0073795319,80.2373123169,34078,34089,11
13.0074596405,80.236656189,34089,34099,10
13.0074701309,80.236656189,34099,34109,10
13.0074796677,80.2366409302,34109,34119,10
13.0075998306,80.2361984253,34119,34129,10
13.0077800751,80.2353515625,34129,34139,10
13.0079698563,80.2343597412,34139,34148,9
13.0081996918,80.2331619263,34148,34159,11
13.0083904266,80.2321777344,34159,34170,11
13.0086603165,80.2308197021,34170,34180,10
13.0088796616,80.2296676636,34180,34190,10
13.0090999603,80.2285614014,34190,34200,10
13.0094804764,80.2275085449,34200,34210,10
13.0099201202,80.2265090942,34210,34220,10
13.0103597641,80.2256011963,34220,34230,10
13.0107898712,80.2248001099,34230,34240,10
13.0112199783,80.2238616943,34240,34251,11
13.0114603043,80.2232284546,34251,34261,10
13.011759758,80.2223968506,34261,34271,10
13.0120601654,80.2216110229,34271,34281,10
13.0123300552,80.2214889526,34281,34291,10
13.0125598907,80.2218399048,34291,34301,10
13.0130701065,80.2224578857,34301,34311,10
13.0137996674,80.223197937,34311,34321,10
13.0142002106,80.2236633301,34321,34331,10
13.0147199631,80.2242584229,34331,34342,11
13.0151796341,80.2247619629,34342,34352,10
13.0158700943,80.2252502441,34352,34372,20
13.0158700943,80.2252502441,34372,34382,10
13.0162401199,80.2253417969,34382,34392,10
13.0168399811,80.2252120972,34392,34402,10
13.0175199509,80.224937439,34402,34412,10
13.0182199478,80.2246627808,34412,34423,11
13.0188102722,80.2244186401,34423,34433,10
13.0192203522,80.2243423462,34433,34453,20
13.0192203522,80.2243423462,34453,34463,10
13.0194301605,80.2244110107,34463,34473,10
13.0196895599,80.2245178223,34473,34483,10
13.019900322,80.224647522,34483,34493,10
13.0200300217,80.2247390747,34493,34503,10
13.0201301575,80.2248382568,34503,34514,11
13.0203104019,80.2249832153,34514,34524,10
13.0205001831,80.2251205444,34524,34534,10
13.0207595825,80.2253265381,34534,34564,30
13.0207595825,80.2253265381,34564,34574,10
13.0209598541,80.225479126,34574,34595,21
13.0209598541,80.225479126,34595,34605,10
13.0211696625,80.2257232666,34605,34645,40
13.0211696625,80.2257232666,34645,34655,10
13.021320343,80.2258071899,34655,34665,10
13.0218000412,80.2260818481,34665,34686,21
13.0218000412,80.2260818481,34686,34696,10
13.02202034,80.226272583,34696,34706,10
13.0222396851,80.2264328003,34706,34716,10
13.0222797394,80.2264633179,34716,34726,10
13.0224599838,80.2266311646,34726,34736,10
13.0226202011,80.2267608643,34736,34807,71
13.0227804184,80.2271270752,34807,34827,20
13.0227804184,80.2271270752,34827,34837,10
13.0228996277,80.2271575928,34837,34848,11
13.0230197906,80.2273025513,34848,34858,10
13.0231599808,80.2274093628,34858,34868,10
13.0233097076,80.2275390625,34868,34878,10
13.0235996246,80.2277679443,34878,34888,10
13.0237398148,80.2278823853,34888,34898,10
13.0239696503,80.2280502319,34898,34959,61
13.0239696503,80.2280502319,34959,34969,10
13.0241098404,80.2282562256,34969,34979,10
13.0243797302,80.2285614014,34979,35050,71
13.0243797302,80.2285614014,35050,35060,10
13.0243196487,80.2286376953,35060,35070,10
13.0240001678,80.2282562256,35070,35080,10
13.0234498978,80.2276306152,35080,35141,61
13.0234498978,80.2276306152,35141,35151,10
13.0233898163,80.2275009155,35151,35161,10
13.0231704712,80.2273025513,35161,35485,324
13.0231704712,80.2273025513,35485,35495,10
13.023059845,80.2270584106,35495,35505,10
13.0227804184,80.2268066406,35505,35515,10
13.0224599838,80.2265090942,35515,35526,11
13.0219898224,80.2261428833,35526,35536,10
13.021490097,80.2257537842,35536,35546,10
13.0209102631,80.2253112793,35546,35556,10
13.0202798843,80.224937439,35556,35566,10
13.0197200775,80.2245788574,35566,35576,10
13.0190200806,80.2244491577,35576,35586,10
13.0182800293,80.2246932983,35586,35596,10
13.0175304413,80.2249908447,35596,35606,10
13.0170602798,80.2251815796,35606,35617,11
13.0168399811,80.2252883911,35617,35627,10
13.0166902542,80.2253494263,35627,35637,10
13.0165300369,80.2254180908,35637,35647,10
13.0162801743,80.2255401611,35647,35657,10
13.0157403946,80.2257080078,35657,35667,10
13.015130043,80.2259521484,35667,35677,10
13.0147800446,80.22605896,35677,35687,10
13.013999939,80.2264022827,35687,35728,41
13.013999939,80.2264022827,35728,35738,10
13.0136003494,80.2265319824,35738,35748,10
13.0131502151,80.2266998291,35748,35758,10
13.0124597549,80.2269592285,35758,35768,10
13.0116701126,80.2272720337,35768,35778,10
13.0107803345,80.2276382446,35778,35789,11
13.0097799301,80.2280273438,35789,35799,10
13.0091695786,80.2287216187,35799,35859,60
13.009180069,80.2291107178,35859,35880,21
13.009180069,80.2291107178,35880,35890,10
13.0090703964,80.2293395996,35890,35910,20
13.0090703964,80.2293395996,35910,35920,10
13.0089502335,80.2297592163,35920,35930,10
13.0088996887,80.2300415039,35930,35940,10
13.0088195801,80.2304229736,35940,35981,41
13.0087203979,80.2308425903,35981,36001,20
13.0087203979,80.2308425903,36001,36011,10
13.0086097717,80.2314224243,36011,36021,10
13.008600235,80.2314529419,36021,36031,10
13.0085000992,80.2321014404,36031,36052,21
13.0085000992,80.2321014404,36052,36062,10
13.0084295273,80.2324295044,36062,36072,10
13.0083503723,80.2328186035,36072,36081,9
13.008310318,80.2331924438,36081,36102,21
13.008310318,80.2331924438,36102,36112,10
13.0082101822,80.233543396,36112,36122,10
13.0081396103,80.2338180542,36122,36133,11
13.0080604553,80.2341003418,36133,36143,10
13.0080003738,80.2346115112,36143,36163,20
13.0080003738,80.2346115112,36163,36173,10
13.0079402924,80.2349624634,36173,36183,10
13.0078401566,80.2353668213,36183,36193,10
13.0077800751,80.235748291,36193,36203,10
13.0076999664,80.2360916138,36203,36214,11
13.0075502396,80.2367706299,36214,36224,10
13.0074300766,80.2373428345,36224,36234,10
13.0073404312,80.2378005981,36234,36244,10
13.0071401596,80.2387313843,36244,36264,20
13.007060051,80.2392272949,36264,36335,71
13.007060051,80.2396011353,36335,36375,40
13.0069503784,80.2399902344,36375,36406,31
13.0069503784,80.2399902344,36406,36416,10
13.0068998337,80.2401504517,36416,36426,10
13.0068101883,80.240852356,36426,36456,30
13.0068101883,80.240852356,36456,36467,11
13.0067501068,80.2414703369,36467,36477,10
13.0067501068,80.2424087524,36477,36487,10
13.0067501068,80.2431411743,36487,36497,10
13.0067796707,80.2434310913,36497,36507,10
13.0067501068,80.2440032959,36507,36537,30
13.0067501068,80.2440032959,36537,36547,10
13.0066995621,80.2444076538,36547,36578,31
13.0066995621,80.2444076538,36578,36588,10
13.0066404343,80.2447891235,36588,36598,10
13.0066795349,80.2452774048,36598,36608,10
13.006770134,80.2460098267,36608,36618,10
13.0068702698,80.2468032837,36618,36628,10
13.0061397552,80.2473602295,36628,36659,31
13.0061397552,80.2473602295,36659,36669,10
13.0057601929,80.2473602295,36669,36679,10
13.0051603317,80.2473983765,36679,36689,10
13.0043497086,80.247467041,36689,36699,10
13.0033998489,80.2475814819,36699,36709,10
13.0024204254,80.247718811,36709,36720,11
13.0013799667,80.2479782104,36720,36730,10
13.0003595352,80.2482299805,36730,36740,10
12.9993000031,80.2484970093,36740,36750,10
12.9981603622,80.2488174438,36750,36770,20
12.9981603622,80.2488174438,36770,36780,10
12.9980096817,80.2488098145,36780,36790,10
12.9975099564,80.2489395142,36790,36800,10
12.9967002869,80.2491226196,36800,36811,11
12.9956502914,80.2493972778,36811,36821,10
12.9945898056,80.249710083,36821,36831,10
12.9934997559,80.25,36831,36841,10
12.9923000336,80.2502822876,36841,36851,10
12.990940094,80.2506408691,36851,36881,30
12.990940094,80.2506408691,36881,36892,11
12.9908800125,80.2505874634,36892,36902,10
12.9904403687,80.2506637573,36902,36912,10
12.9899902344,80.2508392334,36912,37276,364
12.9899902344,80.2508392334,37276,37286,10
12.9895496368,80.2508773804,37286,37296,10
12.9890098572,80.2510528564,37296,37306,10
12.9886398315,80.2512130737,37306,37317,11
12.9881801605,80.2513122559,37317,37327,10
12.987739563,80.2514190674,37327,37337,10
12.9872198105,80.2515563965,37337,37347,10
12.9866399765,80.2517089844,37347,37357,10
12.9859695435,80.2518768311,37357,37367,10
12.9850797653,80.2520828247,37367,37377,10
12.9840803146,80.2523269653,37377,37387,10
12.9831199646,80.2525405884,37387,37397,10
12.9820604324,80.2526016235,37397,37408,11
12.9814796448,80.2526168823,37408,37418,10
12.9812602997,80.2526168823,37418,37428,10
12.981010437,80.2526626587,37428,37438,10
12.9806003571,80.2526779175,37438,37448,10
12.9802999496,80.2527236938,37448,37458,10
12.9799098969,80.2527236938,37458,37468,10
12.9794397354,80.2526702881,37468,37478,10
12.9787998199,80.2526016235,37478,37489,11
12.9785003662,80.2525024414,37489,37499,10
12.9784498215,80.252456665,37499,37509,10
12.9780502319,80.2521514893,37509,37519,10
12.977399826,80.2515792847,37519,37529,10
12.9766397476,80.2512283325,37529,37539,10
12.9757699966,80.2509689331,37539,37549,10
12.9748697281,80.2506866455,37549,37559,10
12.9738197327,80.2503890991,37559,37570,11
12.9725704193,80.2500610352,37570,37580,10
12.9715003967,80.24974823,37580,37590,10
12.9704999924,80.249458313,37590,37600,10
12.9695196152,80.2491073608,37600,37610,10
12.9685602188,80.2487182617,37610,37620,10
12.9676399231,80.2483596802,37620,37630,10
12.9669599533,80.2480621338,37630,37640,10
12.9664697647,80.2478027344,37640,37650,10
12.965669632,80.2474899292,37650,37661,11
12.9649295807,80.2472763062,37661,37681,20
12.9647302628,80.2471618652,37681,37691,10
12.9647302628,80.2471618652,37691,37701,10
12.9644699097,80.2470703125,37701,37711,10
12.9640102386,80.246887207,37711,37721,10
12.9635696411,80.2467269897,37721,37731,10
12.962849617,80.2463302612,37731,37742,11
12.9618196487,80.2458267212,37742,37754,12
12.9608297348,80.2453613281,37754,37764,10
12.9596204758,80.2448501587,37764,37774,10
12.959400177,80.2447433472,37774,37784,10
12.9593496323,80.244682312,37784,37793,9
12.9589395523,80.2444915771,37793,37804,11
12.9581604004,80.244178772,37804,37814,10
12.9575996399,80.2439804077,37814,37824,10
12.9568595886,80.2436828613,37824,37936,112
12.9565200806,80.243522644,37936,37966,30
12.9565200806,80.243522644,37966,37976,10
12.9561395645,80.2434005737,37976,37986,10
12.955450058,80.2431106567,37986,37997,11
12.9545402527,80.242729187,37997,38007,10
12.9535999298,80.2423400879,38007,38017,10
12.9524698257,80.2418899536,38017,38027,10
12.9516201019,80.2416229248,38027,38047,20
12.9516201019,80.2416229248,38047,38057,10
12.9512796402,80.2414321899,38057,38067,10
12.9505796432,80.2412033081,38067,38077,10
12.9495897293,80.2409210205,38077,38088,11
12.9486999512,80.2405700684,38088,38098,10
12.9478597641,80.2402572632,38098,38108,10
12.9471702576,80.2399978638,38108,38128,20
12.9471702576,80.2399978638,38128,38138,10
12.9468202591,80.2398605347,38138,38148,10
12.9461402893,80.2395935059,38148,38158,10
12.9453001022,80.239151001,38158,38169,11
12.9443702698,80.2382202148,38169,38179,10
12.9434404373,80.2371826172,38179,38189,10
12.9422502518,80.2363815308,38189,38199,10
12.9408397675,80.2360534668,38199,38209,10
12.9397296906,80.2357330322,38209,38229,20
12.9397296906,80.2357330322,38229,38239,10
12.9395704269,80.2356185913,38239,38249,10
12.9390096664,80.2353515625,38249,38260,11
12.9382095337,80.2349624634,38260,38270,10
12.937210083,80.2344818115,38270,38280,10
12.9362096786,80.2340164185,38280,38290,10
12.935549736,80.2337188721,38290,38300,10
12.9347295761,80.2333602905,38300,38310,10
12.9339799881,80.2330322266,38310,38330,20
12.9339799881,80.2330322266,38330,38341,11
12.9338798523,80.2329406738,38341,38351,10
12.933429718,80.232749939,38351,38361,10
12.9327201843,80.2324371338,38361,38371,10
12.9317903519,80.232093811,38371,38381,10
12.9306602478,80.2317123413,38381,38391,10
12.9296197891,80.2314605713,38391,38401,10
12.9292001724,80.2313766479,38401,38411,10
12.9288196564,80.2313079834,38411,38422,11
12.9280099869,80.2311782837,38422,38432,10
12.9270200729,80.2310791016,38432,38442,10
12.9260797501,80.2309875488,38442,38452,10
12.9259300232,80.23097229,38452,38462,10
12.9257802963,80.2308883667,38462,38472,10
12.9252500534,80.2308425903,38472,38482,10
12.9244298935,80.2307434082,38482,38492,10
12.9233999252,80.2305984497,38492,38502,10
12.9222002029,80.2304229736,38502,38513,11
12.9207897186,80.2302322388,38513,38523,10
12.9194498062,80.2300720215,38523,38533,10
12.9181804657,80.229888916,38533,38543,10
12.9169101715,80.2297210693,38543,38553,10
12.9156799316,80.2295379639,38553,38563,10
12.9143896103,80.2293624878,38563,38573,10
12.913189888,80.2292480469,38573,38594,21
12.913189888,80.2292480469,38594,38604,10
12.9130401611,80.2292098999,38604,38614,10
12.9125099182,80.2291412354,38614,38624,10
12.9117097855,80.2289886475,38624,38634,10
12.9106998444,80.2288513184,38634,38644,10
12.9095802307,80.2286605835,38644,38654,10
12.9084596634,80.2284622192,38654,38664,10
12.9074897766,80.2283477783,38664,38674,10
12.9070301056,80.2283096313,38674,38745,71
12.9070301056,80.2283096313,38745,38755,10
12.9068002701,80.2282791138,38755,38766,11
12.9062404633,80.2282104492,38766,38776,10
12.9053897858,80.2281494141,38776,38786,10
12.9043703079,80.2280883789,38786,38796,10
12.9032201767,80.2280426025,38796,38806,10
12.9017801285,80.2279815674,38806,38846,40
12.9017801285,80.2279815674,38846,38857,11
12.9014101028,80.2279434204,38857,38867,10
12.9008102417,80.2279129028,38867,38877,10
12.9002199173,80.2278900146,38877,38887,10
12.8996496201,80.2278366089,38887,38897,10
12.8989801407,80.2278289795,38897,38917,20
12.8989801407,80.2278289795,38917,38927,10
12.8989095688,80.2278213501,38927,38938,11
12.898440361,80.2277984619,38938,38948,10
12.8976802826,80.2277374268,38948,38958,10
12.8968496323,80.2276992798,38958,38968,10
12.8961801529,80.2276611328,38968,38978,10
12.8952999115,80.2276382446,38978,38988,10
12.8942804337,80.2276000977,38988,38998,10
12.8935604095,80.2275390625,38998,39008,10
12.8933897018,80.2275314331,39008,39018,10
12.8931999207,80.2275009155,39018,39029,11
12.8926801682,80.2274398804,39029,39039,10
12.8921203613,80.2273788452,39039,39049,10
12.8912801743,80.2273635864,39049,39059,10
12.8902196884,80.2273712158,39059,39069,10
12.8892202377,80.2273712158,39069,39079,10
12.8885698318,80.2273635864,39079,39089,10
12.8877801895,80.2273025513,39089,39099,10
12.8869104385,80.2271499634,39099,39110,11
12.8860197067,80.2269363403,39110,39120,10
12.8847799301,80.2267303467,39120,39140,20
12.8847799301,80.2267303467,39140,39150,10
12.8845500946,80.2267227173,39150,39160,10
12.8839197159,80.2267227173,39160,39170,10
12.8829898834,80.2267303467,39170,39180,10
12.8818798065,80.2267379761,39180,39191,11
12.8805999756,80.2267379761,39191,39201,10
12.8793897629,80.2267532349,39201,39211,10
12.8781995773,80.2268066406,39211,39221,10
12.8772802353,80.2268981934,39221,39231,10
12.876709938,80.2269668579,39231,39251,20
12.876709938,80.2269668579,39251,39261,10
12.8764600754,80.2269821167,39261,39271,10
12.8758201599,80.2269668579,39271,39282,11
12.8747701645,80.2268829346,39282,39292,10
12.8736801147,80.2267532349,39292,39302,10
12.8726997375,80.2266998291,39302,39312,10
12.8720302582,80.2267303467,39312,39322,10
12.8719797134,80.2267303467,39322,39332,10
12.8715896606,80.2266998291,39332,39342,10
12.8708600998,80.2266616821,39342,39352,10
12.8699302673,80.2265701294,39352,39363,11
12.8687095642,80.2264175415,39363,39373,10
12.8675603867,80.2264404297,39373,39383,10
12.8664398193,80.2265472412,39383,39393,10
12.8652496338,80.2265777588,39393,39403,10
12.8639602661,80.2265396118,39403,39413,10
12.8625602722,80.2265167236,39413,39423,10
12.8612298965,80.2266235352,39423,39433,10
12.8609199524,80.2266082764,39433,39443,10
12.8606300354,80.2265625,39443,39454,11
12.8598203659,80.2264480591,39454,39464,10
12.8589296341,80.2263183594,39464,39474,10
12.8579702377,80.2262496948,39474,39484,10
12.8567800522,80.2263412476,39484,39494,10
12.8555698395,80.2264633179,39494,39504,10
12.8545103073,80.2265472412,39504,39514,10
12.8532400131,80.2266693115,39514,39524,10
12.8517398834,80.2266693115,39524,39535,11
12.8503904343,80.2266311646,39535,39545,10
12.8499002457,80.2266082764,39545,39565,20
12.8499002457,80.2266082764,39565,39575,10
12.84953022,80.226600647,39575,39585,10
12.8487596512,80.226600647,39585,39595,10
12.8477296829,80.2266082764,39595,39605,10
12.8467197418,80.2266235352,39605,39615,10
12.8462400436,80.2266235352,39615,39626,11
12.8455495834,80.2266235352,39626,39646,20
12.8455495834,80.2266235352,39646,39656,10
12.8454504013,80.2266082764,39656,39666,10
12.845000267,80.2266235352,39666,39676,10
12.8441696167,80.2266998291,39676,39686,10
12.8430404663,80.2268371582,39686,39696,10
12.8417701721,80.2271194458,39696,39707,11
12.8409204483,80.2273483276,39707,39717,10
12.8406200409,80.2274398804,39717,39798,81
12.8402500153,80.2275390625,39798,39818,20
12.8402500153,80.2275390625,39818,39828,10
12.8400802612,80.2275772095,39828,39838,10
12.8398799896,80.2276229858,39838,39899,61
12.8398799896,80.2276229858,39899,39909,10
12.8394203186,80.2277297974,39909,39919,10
12.8387498856,80.2279205322,39919,39929,10
12.8377199173,80.2281570435,39929,39939,10
12.8364601135,80.2283706665,39939,39949,10
12.8351097107,80.2285690308,39949,39959,10
12.8335895538,80.2288284302,39959,39970,11
12.8323898315,80.229057312,39970,39980,10
12.8316898346,80.2291793823,39980,39990,10
12.8315296173,80.2287902832,39990,40010,20
12.8315296173,80.2287902832,40010,40020,10
12.8315000534,80.2284469604,40020,40030,10
12.8313598633,80.227722168,40030,40040,10
12.8311595917,80.2267608643,40040,40051,11
12.8310604095,80.2255096436,40051,40061,10
12.8310604095,80.2247390747,40061,40071,10
12.8310604095,80.2243728638,40071,40081,10
12.8310699463,80.2236175537,40081,40091,10
12.8311004639,80.2226715088,40091,40101,10
12.8310899734,80.2221603394,40101,40111,10
12.8311004639,80.2216110229,40111,40121,10
12.8311195374,80.2207794189,40121,40131,10
12.8311195374,80.2199401855,40131,40142,11
12.8310699463,80.219543457,40142,40152,10
12.8304700851,80.2194366455,40152,40162,10
12.8295402527,80.2194366455,40162,40172,10
12.8284702301,80.2194290161,40172,40182,10
12.8275403976,80.2194595337,40182,40223,41
12.8275403976,80.2194595337,40223,40233,10
12.8272800446,80.2194213867,40233,40243,10
12.826499939,80.2194366455,40243,40253,10
12.8260002136,80.2194366455,40253,40263,10
12.8254804611,80.2194366455,40263,40273,10
12.825220108,80.2194213867,40273,40283,10
12.8249397278,80.219367981,40283,40293,10
12.8242502213,80.2193908691,40293,40304,11
12.8231401443,80.2194213867,40304,40314,10
12.8228998184,80.2194366455,40314,40324,10
12.8227701187,80.2194137573,40324,40334,10
12.8226299286,80.2190475464,40334,40344,10
12.8226604462,80.2186737061,40344,40354,10
12.8226604462,80.2178115845,40354,40364,10
12.8226604462,80.2168884277,40364,40374,10
12.8226804733,80.2161178589,40374,40384,10
12.8226995468,80.2160186768,40384,40395,11
12.8230199814,80.2159729004,40395,40405,10
12.8231401443,80.2159729004,40405,40415,10
12.8233995438,80.2159881592,40415,40425,10
12.8246498108,80.2159881592,40425,40742,317
12.8246498108,80.2159881592,40742,40752,10
12.8250598907,80.2160415649,40752,40762,10
12.8254899979,80.2160568237,40762,40772,10
12.8257598877,80.2160797119,40772,40782,10
12.8258895874,80.2164001465,40782,40792,10
12.8258895874,80.2170181274,40792,40802,10
12.8258895874,80.2177429199,40802,40812,10
12.8258895874,80.2186279297,40812,40823,11
12.8258895874,80.2192611694,40823,40833,10
12.8260803223,80.2193984985,40833,40843,10
12.8267498016,80.2194137573,40843,40853,10
12.8272600174,80.2194290161,40853,40863,10
12.827460289,80.2194213867,40863,40873,10
12.827580452,80.2194213867,40873,40883,10
12.8279304504,80.2194213867,40883,40893,10
12.8286895752,80.2194213867,40893,40904,11
12.829750061,80.2194137573,40904,40914,10
12.8307199478,80.2193984985,40914,40924,10
12.8310699463,80.2195205688,40924,40934,10
12.8311500549,80.2202224731,40934,40943,9
12.8311300278,80.2213287354,40943,40954,11
12.8311300278,80.2220993042,40954,40964,10
12.8311300278,80.2224502563,40964,40974,10
12.8311195374,80.2230072021,40974,40984,10
12.8311100006,80.2238311768,40984,40995,11
12.8311300278,80.2244262695,40995,41005,10
12.8311300278,80.2246704102,41005,41015,10
12.8311195374,80.2252807617,41015,41025,10
12.8311195374,80.2261199951,41025,41035,10
12.8312501907,80.2270126343,41035,41045,10
12.831410408,80.2278671265,41045,41055,10
12.831609726,80.2287368774,41055,41065,10
12.831700325,80.2290725708,41065,41076,11
12.831870079,80.2291564941,41076,41086,10
12.8327302933,80.2289886475,41086,41096,10
12.833990097,80.2287521362,41096,41106,10
12.8355503082,80.2284698486,41106,41116,10
12.8372497559,80.2282409668,41116,41126,10
12.8385095596,80.228012085,41126,41135,9
12.8390798569,80.2278213501,41135,41146,11
12.8394498825,80.2276229858,41146,41187,41
12.8394498825,80.2276229858,41187,41197,10
12.8395996094,80.2275695801,41197,41207,10
12.8398704529,80.2275390625,41207,41217,10
12.8406600952,80.2273712158,41217,41227,10
12.8418502808,80.2270736694,41227,41237,10
12.8432798386,80.2267608643,41237,41248,11
12.8449697495,80.226600647,41248,41258,10
12.845459938,80.2265625,41258,41268,10
12.8455200195,80.2265701294,41268,41278,10
12.8456401825,80.2265701294,41278,41288,10
12.8457803726,80.2265777588,41288,41298,10
12.8465003967,80.2265701294,41298,41308,10
12.8475399017,80.2265777588,41308,41318,10
12.8485603333,80.2265625,41318,41329,11
12.8497896194,80.2265396118,41329,41339,10
12.8501701355,80.2265167236,41339,41349,10
12.850399971,80.2265167236,41349,41359,10
12.8512001038,80.2265625,41359,41369,10
12.8523797989,80.2266311646,41369,41379,10
12.8536396027,80.2266311646,41379,41389,10
12.8548297882,80.2264785767,41389,41399,10
12.8562202454,80.2263717651,41399,41409,10
12.8577404022,80.2262420654,41409,41420,11
12.8593101501,80.226348877,41420,41430,10
12.8606004715,80.2265319824,41430,41440,10
12.8620100021,80.2265625,41440,41450,10
12.8634796143,80.2265090942,41450,41460,10
12.8648004532,80.2265625,41460,41470,10
12.8660497665,80.2265625,41470,41480,10
12.8672103882,80.2264633179,41480,41490,10
12.8681898117,80.2263565063,41490,41501,11
12.8695297241,80.2264709473,41501,41511,10
12.8706798553,80.2266082764,41511,41521,10
12.8718004227,80.2266616821,41521,41531,10
12.8724603653,80.2266464233,41531,41541,10
12.8728199005,80.2266616821,41541,41551,10
12.8735799789,80.2266998291,41551,41561,10
12.8747797012,80.2268295288,41561,41571,10
12.8761997223,80.2269210815,41571,41581,10
12.8773002625,80.2268829346,41581,41592,11
12.8788003922,80.2267837524,41592,41602,10
12.880279541,80.2267303467,41602,41612,10
12.881939888,80.2267227173,41612,41622,10
12.8836402893,80.2266921997,41622,41632,10
12.8850402832,80.2266464233,41632,41642,10
12.8852701187,80.2266693115,41642,41652,10
12.8854198456,80.2267074585,41652,41662,10
12.8860797882,80.2268829346,41662,41673,11
12.8872299194,80.2271499634,41673,41683,10
12.8885002136,80.2273101807,41683,41693,10
12.889960289,80.2273406982,41693,41703,10
12.8911895752,80.2273330688,41703,41713,10
12.8923797607,80.2273101807,41713,41733,20
12.8923797607,80.2273101807,41733,41743,10
12.8924703598,80.2273330688,41743,41753,10
12.8931703568,80.227432251,41753,41764,11
12.8944101334,80.2275772095,41764,41774,10
12.8959302902,80.2276611328,41774,41784,10
12.8976297379,80.2277374268,41784,41794,10
12.8992004395,80.2278213501,41794,41804,10
12.9007501602,80.2279281616,41804,41865,61
12.9007501602,80.2279281616,41865,41875,10
12.9008798599,80.2279586792,41875,41885,10
12.901550293,80.2279815674,41885,41895,10
12.9028396606,80.2280502319,41895,41925,30
12.9028396606,80.2280502319,41925,41936,11
12.9032297134,80.2280731201,41936,41946,10
12.9040298462,80.2281036377,41946,41956,10
12.9050703049,80.2281723022,41956,41966,10
12.9056396484,80.2282028198,41966,41996,30
12.9056396484,80.2282028198,41996,42006,10
12.9060001373,80.2282562256,42006,42017,11
12.9064302444,80.2282791138,42017,42027,10
12.9068202972,80.2282867432,42027,42037,10
12.907500267,80.2283630371,42037,42047,10
12.9082098007,80.2284698486,42047,42057,10
12.9090499878,80.2286071777,42057,42067,10
12.9101495743,80.2288131714,42067,42077,10
12.9113397598,80.2289810181,42077,42087,10
12.9124403,80.2291107178,42087,42098,11
12.9134397507,80.2292633057,42098,42108,10
12.9136896133,80.2292785645,42108,42118,10
12.913769722,80.2292861938,42118,42128,10
12.913769722,80.2292785645,42128,42138,10
12.9139099121,80.2293014526,42138,42148,10
12.9140195847,80.2293395996,42148,42158,10
12.9144897461,80.2294235229,42158,42168,10
12.9153699875,80.2295532227,42168,42178,10
12.9162797928,80.2296981812,42178,42189,11
12.9174900055,80.2298736572,42189,42199,10
12.9183797836,80.2299880981,42199,42209,10
12.9193496704,80.2301177979,42209,42219,10
12.9205904007,80.2302780151,42219,42229,10
12.9216804504,80.2304077148,42229,42239,10
12.9227199554,80.2305679321,42239,42249,10
12.9236698151,80.230682373,42249,42259,10
12.9247598648,80.2308120728,42259,42270,11
12.9259796143,80.2309570313,42270,42280,10
12.9263095856,80.231010437,42280,42290,10
12.9266195297,80.2310409546,42290,42300,10
12.9273996353,80.2311401367,42300,42310,10
12.9282798767,80.2312316895,42310,42320,10
12.9286603928,80.2312927246,42320,42330,10
12.9291801453,80.2313766479,42330,42340,10
12.9295597076,80.2314682007,42340,42350,10
12.9302501678,80.2316207886,42350,42361,11
12.9313602448,80.2319488525,42361,42371,10
12.9323797226,80.2322998047,42371,42381,10
12.9332399368,80.2325897217,42381,42391,10
12.9332895279,80.2326126099,42391,42401,10
12.9334602356,80.2326965332,42401,42411,10
12.9336500168,80.2328033447,42411,42421,10
12.9342699051,80.2330703735,42421,42431,10
12.9351797104,80.2334899902,42431,42442,11
12.935379982,80.2336196899,42442,42452,10
12.9358997345,80.2338562012,42452,42462,10
12.936630249,80.2341995239,42462,42472,10
12.9374704361,80.2345962524,42472,42482,10
12.9384202957,80.2350463867,42482,42492,10
12.9395704269,80.2356185913,42492,42512,20
12.9395704269,80.2356185913,42512,42522,10
12.9396896362,80.235710144,42522,42533,11
12.9402303696,80.2359008789,42533,42543,10
12.9408597946,80.236076355,42543,42553,10
12.9420099258,80.2363586426,42553,42563,10
12.9428396225,80.2366714478,42563,42573,10
12.9435596466,80.2372589111,42573,42583,10
12.9443597794,80.2381362915,42583,42593,10
12.9452600479,80.2390823364,42593,42603,10
12.946269989,80.2396011353,42603,42614,11
12.9470596313,80.2399215698,42614,42624,10
12.9470796585,80.2399291992,42624,42634,10
12.947259903,80.2400131226,42634,42644,10
12.9476604462,80.2401580811,42644,42654,10
12.9484300613,80.2404632568,42654,42664,10
12.9488096237,80.2406005859,42664,42684,20
12.9488096237,80.2406005859,42684,42695,11
12.9491500854,80.2407836914,42695,42705,10
12.9497203827,80.2409896851,42705,42715,10
12.9509801865,80.2413787842,42715,42735,20
12.9509801865,80.2413787842,42735,42745,10
12.951089859,80.2414779663,42745,42755,10
12.9517002106,80.2417221069,42755,42765,10
12.9525499344,80.2419891357,42765,42775,10
12.9534597397,80.2423095703,42775,42786,11
12.9543304443,80.2426605225,42786,42796,10
12.9549398422,80.2428894043,42796,42806,10
12.9555702209,80.2431030273,42806,42816,10
12.9561700821,80.2433319092,42816,42836,20
12.9561700821,80.2433319092,42836,42846,10
12.9563798904,80.2433700562,42846,42856,10
12.956700325,80.2434768677,42856,42867,11
12.9575195313,80.2438583374,42867,42877,10
12.9584302902,80.2442932129,42877,42887,10
12.9589395523,80.2445220947,42887,42897,10
12.9590301514,80.2446136475,42897,42907,10
12.95952034,80.2448577881,42907,42917,10
12.9603300095,80.2452316284,42917,42927,10
12.9613895416,80.2457199097,42927,42937,10
12.9625396729,80.2462692261,42937,42947,10
12.9635801315,80.2467803955,42947,42958,11
12.9644603729,80.2471084595,42958,42968,10
12.9652395248,80.2473983765,42968,42978,10
12.9660396576,80.2477111816,42978,42988,10
12.9667596817,80.2480010986,42988,42998,10
12.9670200348,80.2481079102,42998,43008,10
12.967089653,80.2481613159,43008,43018,10
12.9675397873,80.2483596802,43018,43028,10
12.9684200287,80.2487106323,43028,43039,11
12.9696702957,80.2492523193,43039,43049,10
12.9709596634,80.2497634888,43049,43059,10
12.9723596573,80.2501678467,43059,43069,10
12.9736795425,80.25050354,43069,43079,10
12.9750099182,80.250831604,43079,43089,10
12.9763002396,80.2511825562,43089,43099,10
12.9773797989,80.2515716553,43099,43109,10
12.9782304764,80.2521972656,43109,43120,11
12.978679657,80.2524490356,43120,43130,10
12.9787197113,80.2524795532,43130,43140,10
12.9794301987,80.2526321411,43140,43170,30
12.9794301987,80.2526321411,43170,43180,10
12.9795103073,80.2526321411,43180,43190,10
12.9797496796,80.2526397705,43190,43200,10
12.9801702499,80.2526626587,43200,43211,11
12.9810695648,80.2526702881,43211,43221,10
12.9822397232,80.2526321411,43221,43231,10
12.9835300446,80.252456665,43231,43241,10
12.9849996567,80.2520599365,43241,43474,233
12.9849996567,80.2520599365,43474,43484,10
12.9852399826,80.2519989014,43484,43494,10
12.9857501984,80.2518463135,43494,43504,10
12.986410141,80.2517166138,43504,43514,10
12.9871501923,80.2515029907,43514,43524,10
12.9877901077,80.2513504028,43524,43534,10
12.9884700775,80.2511825562,43534,43545,11
12.9894104004,80.2509231567,43545,43555,10
12.989569664,80.250869751,43555,43565,10
12.9897603989,80.2508468628,43565,43575,10
12.9904499054,80.2507171631,43575,43585,10
12.9914703369,80.2504730225,43585,43595,10
12.9927301407,80.2501602173,43595,43605,10
12.9941797256,80.2498016357,43605,43615,10
12.995639801,80.2494277954,43615,43625,10
12.9968299866,80.249130249,43625,43636,11
12.9973602295,80.2489624023,43636,43646,10
12.9978599548,80.2488479614,43646,43656,10
12.9988098145,80.2486190796,43656,43666,10
13.0000400543,80.248298645,43666,43676,10
13.0014696121,80.2479400635,43676,43686,10
13.0027799606,80.2476425171,43686,43696,10
13.0041103363,80.2474212646,43696,43706,10
13.0053100586,80.2472610474,43706,43717,11
13.0063199997,80.2469024658,43717,43727,10
13.0065097809,80.2465667725,43727,43737,10
13.0065803528,80.246383667,43737,43747,10
13.0066404343,80.2456588745,43747,43757,10
13.0066699982,80.2448883057,43757,43767,10
13.0066795349,80.2440872192,43767,43777,10
13.0066699982,80.2433319092,43777,43787,10
13.0066795349,80.24243927,43787,43797,10
13.0066795349,80.2414169312,43797,43808,11
13.0068397522,80.2402191162,43808,43818,10
13.007060051,80.2390670776,43818,43828,10
13.0072603226,80.2378311157,43828,43838,10
13.0074195862,80.2367935181,43838,43848,10
13.0074596405,80.2366333008,43848,43858,10
13.0075798035,80.2361679077,43858,43868,10
13.0077800751,80.2352218628,43868,43878,10
13.0080299377,80.2339630127,43878,43889,11
13.0083904266,80.2322921753,43889,43899,10
13.0087099075,80.2305908203,43899,43909,10
13.0090503693,80.2289123535,43909,43919,10
13.0095500946,80.2273712158,43919,43929,10
13.0101995468,80.2259292603,43929,43939,10
13.0107002258,80.224822998,43939,43949,10
13.01101017,80.2241516113,43949,43959,10
13.0111303329,80.2238616943,43959,43970,11
13.0113296509,80.2233581543,43970,43980,10
13.0116701126,80.2227401733,43980,43990,10
13.0120000839,80.221862793,43990,44000,10
13.0123195648,80.2215270996,44000,44010,10
13.0124998093,80.2217330933,44010,44020,10
13.0128602982,80.2222366333,44020,44030,10
13.0132398605,80.222618103,44030,44040,10
13.0135202408,80.2228927612,44040,44050,10
13.0138301849,80.2231826782,44050,44061,11
13.0142498016,80.223739624,44061,44071,10
13.0147800446,80.224281311,44071,44081,10
13.015080452,80.2246398926,44081,44091,10
13.0155897141,80.2251815796,44091,44111,20
13.0155897141,80.2251815796,44111,44121,10
13.0160198212,80.2253875732,44121,44131,10
13.01679039,80.2252807617,44131,44142,11
13.0178899765,80.2248382568,44142,44152,10
13.0192899704,80.224357605,44152,44182,30
13.0192899704,80.224357605,44182,44192,10
13.0194396973,80.2244415283,44192,44202,10
13.0194702148,80.2244567871,44202,44212,10
13.0196800232,80.2246017456,44212,44222,10
13.0200796127,80.2248764038,44222,44233,11
13.0206899643,80.2253036499,44233,44243,10
13.0214700699,80.2259063721,44243,44263,20
13.0214700699,80.2259063721,44263,44273,10
13.0217399597,80.2260513306,44273,46945,2672
13.0217399597,80.2260513306,46945,46955,10
13.0218400955,80.2260818481,46955,46965,10
13.022069931,80.2262878418,46965,46975,10
13.0224199295,80.2265930176,46975,46985,10
13.0228595734,80.2269821167,46985,46995,10
13.0233201981,80.227432251,46995,47006,11
13.0238399506,80.2278900146,47006,47016,10
13.0241203308,80.2281494141,47016,47026,10
13.0243797302,80.2284927368,47026,47046,20
13.0243797302,80.2284927368,47046,47056,10
13.0243797302,80.228553772,47056,47066,10
13.0241804123,80.2285919189,47066,47076,10
13.023900032,80.2282104492,47076,47086,10
13.0234298706,80.2276687622,47086,47157,71
13.0234298706,80.2276687622,47157,47167,10
13.023229599,80.2273788452,47167,47178,11
13.0228700638,80.2270202637,47178,47188,10
13.0224704742,80.2266464233,47188,47198,10
13.0219697952,80.2261962891,47198,47208,10
13.0214195251,80.2257995605,47208,47218,10
13.0207796097,80.2253036499,47218,47228,10
13.0201702118,80.2249069214,47228,47238,10
13.0200195313,80.224822998,47238,47248,10
13.0199804306,80.224822998,47248,47258,10
13.0197095871,80.2246398926,47258,47269,11
13.0190200806,80.2244796753,47269,47279,10
13.0182504654,80.2247161865,47279,47289,10
13.0173902512,80.2250595093,47289,47299,10
13.0165300369,80.2254180908,47299,47309,10
13.0159196854,80.2256622314,47309,47319,10
13.0152797699,80.2258834839,47319,47329,10
13.0146598816,80.2261123657,47329,47339,10
13.0143299103,80.2262420654,47339,47350,11
13.0142602921,80.2262496948,47350,47360,10
13.0138101578,80.2264175415,47360,47370,10
13.0131597519,80.2266616821,47370,47380,10
13.0124197006,80.2269363403,47380,47390,10
13.011639595,80.2272567749,47390,47400,10
13.010840416,80.2276000977,47400,47410,10
13.0100097656,80.227897644,47410,47420,10
13.0092897415,80.2282791138,47420,47430,10
13.0090503693,80.2289962769,47430,47441,11
13.0088701248,80.2298126221,47441,47451,10
13.0087003708,80.2308120728,47451,47491,40
13.0087003708,80.2308120728,47491,47501,10
13.0086202621,80.231262207,47501,47511,10
13.0084600449,80.2318878174,47511,47522,11
13.0083198547,80.2326889038,47522,47532,10
13.0082302094,80.2334213257,47532,47552,20
13.0082302094,80.2334213257,47552,47562,10
13.0081796646,80.2336196899,47562,47572,10
13.0080699921,80.2340164185,47572,47582,10
13.008020401,80.2342987061,47582,47592,10
13.0079402924,80.2345962524,47592,47602,10
13.0078401566,80.2350311279,47602,47613,11
13.0076799393,80.2358016968,47613,47623,10
13.0074901581,80.2367324829,47623,47633,10
13.0073299408,80.2375411987,47633,47643,10
13.0072002411,80.2382736206,47643,47653,10
13.0070400238,80.2389068604,47653,47663,10
13.0068798065,80.2398223877,47663,47734,71
13.0068798065,80.2398223877,47734,47744,10
13.0068902969,80.2401428223,47744,47754,10
13.0067796707,80.2406387329,47754,47764,10
13.0067195892,80.2411193848,47764,47774,10
13.0067100525,80.2418670654,47774,47785,11
13.0066900253,80.2425231934,47785,47795,10
13.0066604614,80.2428588867,47795,47815,20
13.0066604614,80.2428588867,47815,47825,10
13.0066404343,80.2432937622,47825,47845,20
13.0066404343,80.2432937622,47845,47855,10
13.0066299438,80.2437133789,47855,47866,11
13.0066204071,80.2439804077,47866,47876,10
13.0066404343,80.2444000244,47876,47886,10
13.0066204071,80.2449035645,47886,47896,10
13.0066299438,80.2452774048,47896,47906,10
13.0066900253,80.2458114624,47906,47916,10
13.0067901611,80.2465133667,47916,47926,10
13.0066995621,80.2472763062,47926,47987,61
13.0066995621,80.2472763062,47987,47997,10
13.0060300827,80.2474212646,47997,48017,20
13.0060300827,80.2474212646,48017,48027,10
13.0058403015,80.2473831177,48027,48038,11
13.0051202774,80.2473602295,48038,48048,10
13.0042104721,80.247428894,48048,48058,10
13.0032196045,80.2475814819,48058,48068,10
13.0024499893,80.2477111816,48068,48078,10
13.0017404556,80.2478790283,48078,48088,10
13.0008001328,80.2481307983,48088,48098,10
12.9997301102,80.2483978271,48098,48108,10
12.998000145,80.248878479,48108,48129,21
12.998000145,80.248878479,48129,48139,10
12.9975996017,80.2489395142,48139,48149,10
12.9968700409,80.2491226196,48149,48159,10
12.9959802628,80.2493362427,48159,48169,10
12.9949598312,80.2496109009,48169,48179,10
12.9936504364,80.2499237061,48179,48189,10
12.9922504425,80.2502593994,48189,48199,10
12.9912004471,80.250579834,48199,48210,11
12.9910297394,80.2506027222,48210,48220,10
12.9908304214,80.2506027222,48220,48230,10
12.9901399612,80.2507629395,48230,48240,10
12.9892501831,80.2509765625,48240,48250,10
12.9881801605,80.2512893677,48250,48270,20
12.9880895615,80.2513122559,48270,48351,81
12.9880895615,80.2513122559,48351,48361,10
12.9878902435,80.2513427734,48361,48371,10
12.9874401093,80.2514190674,48371,48382,11
12.9865198135,80.2516784668,48382,48392,10
12.9857501984,80.2518768311,48392,48402,10
12.9849100113,80.2520980835,48402,48412,10
12.9837999344,80.2524032593,48412,48422,10
12.9826498032,80.2526016235,48422,48432,10
12.9816303253,80.2526168823,48432,48442,10
12.9805603027,80.2527008057,48442,48452,10
12.9798898697,80.2527236938,48452,48463,11
12.9793901443,80.2526168823,48463,48473,10
12.9786195755,80.2525024414,48473,48483,10
12.9783401489,80.2523880005,48483,48493,10
12.9779195786,80.2520370483,48493,48503,10
12.9771203995,80.2514190674,48503,48513,10
12.9758796692,80.2509994507,48513,48523,10
12.974650383,80.2506408691,48523,48533,10
12.9734802246,80.2503128052,48533,48543,10
12.9724197388,80.2500228882,48543,48554,11
12.9712200165,80.2497024536,48554,48564,10
12.9700803757,80.2493362427,48564,48574,10
12.9689397812,80.2488937378,48574,48585,11
12.9677600861,80.2484130859,48585,48595,10
12.9665403366,80.247833252,48595,48605,10
12.9649200439,80.2472305298,48605,48625,20
12.9649200439,80.2472305298,48625,48636,11
12.9645204544,80.2470703125,48636,48646,10
12.9639797211,80.2468719482,48646,48656,10
12.9636697769,80.2467575073,48656,48666,10
12.9634599686,80.2466888428,48666,48676,10
12.9628400803,80.2463684082,48676,48686,10
12.9619102478,80.2459030151,48686,48696,10
12.9608297348,80.2453765869,48696,48706,10
12.9600496292,80.2450637817,48706,48716,10
12.9593696594,80.2447662354,48716,48727,11
12.9591999054,80.2446670532,48727,48737,10
12.9586000443,80.2443771362,48737,48747,10
12.9579601288,80.2441177368,48747,48757,10
12.9573898315,80.243888855,48757,48767,10
12.9564504623,80.2434616089,48767,48787,20
12.9564504623,80.2434616089,48787,48797,10
12.9563503265,80.2434616089,48797,48808,11
12.9557104111,80.2431869507,48808,48818,10
12.9548597336,80.2428436279,48818,48828,10
12.9539899826,80.2425079346,48828,48838,10
12.9532499313,80.2421875,48838,48848,10
12.9524202347,80.2418518066,48848,48858,10
12.9516496658,80.2416000366,48858,48868,10
12.951499939,80.2415466309,48868,48878,10
12.9511499405,80.2413711548,48878,48889,11
12.9504003525,80.2410964966,48889,48899,10
12.9494695663,80.2408370972,48899,48909,10
12.9485797882,80.2405166626,48909,48919,10
12.9477500916,80.2401885986,48919,48929,10
12.9472198486,80.2399902344,48929,48939,10
12.9467201233,80.2398300171,48939,48949,10
12.9467096329,80.2398300171,48949,48959,10
12.9465904236,80.2397766113,48959,48969,10
12.9460401535,80.2395401001,48969,48980,11
12.9451799393,80.2390594482,48980,48990,10
12.9443798065,80.2382736206,48990,49000,10
12.9435796738,80.2373733521,49000,49010,10
12.942609787,80.2365875244,49010,49020,10
12.9413404465,80.2361907959,49020,49030,10
12.9401702881,80.2359008789,49030,49040,10
12.9395799637,80.2357025146,49040,49050,10
12.9395198822,80.2356567383,49050,49061,11
12.939040184,80.2354202271,49061,49071,10
12.9382600784,80.2350082397,49071,49081,10
12.9371995926,80.2344894409,49081,49091,10
12.9361000061,80.2339477539,49091,49101,10
12.9351797104,80.2335205078,49101,49111,10
12.9343795776,80.2331695557,49111,49121,10
12.9338302612,80.2329330444,49121,49131,10
12.9337997437,80.2329177856,49131,49141,10
12.933429718,80.2327423096,49141,49152,11
12.9326696396,80.2324295044,49152,49162,10
12.9316196442,80.2320632935,49162,49172,10
12.9303598404,80.2316818237,49172,49182,10
12.9292697906,80.2313919067,49182,49192,10
12.9288902283,80.231300354,49192,49202,10
12.9282102585,80.2311935425,49202,49212,10
12.9272003174,80.2310714722,49212,49222,10
12.9261798859,80.2309875488,49222,49233,11
12.9259300232,80.2309875488,49233,49243,10
12.925620079,80.2309494019,49243,49253,10
12.9248800278,80.2308273315,49253,49263,10
12.9238395691,80.230682373,49263,49273,10
12.9226198196,80.2304992676,49273,49283,10
12.921330452,80.2303085327,49283,49293,10
12.9199495316,80.2301635742,49293,49303,10
12.9184999466,80.2299804688,49303,49313,10
12.9172201157,80.2298126221,49313,49324,11
12.9160003662,80.229637146,49324,49334,10
12.9148597717,80.2294692993,49334,49344,10
12.913189888,80.2292633057,49344,49364,20
12.913189888,80.2292633057,49364,49374,10
12.9127597809,80.2291564941,49374,49384,10
12.911939621,80.2290496826,49384,49394,10
12.9108200073,80.2288894653,49394,49405,11
12.909529686,80.2286682129,49405,49415,10
12.9083003998,80.2284622192,49415,49425,10
12.9068498611,80.2282867432,49425,49445,20
12.9068498611,80.2282867432,49445,49455,10
12.9065799713,80.2282562256,49455,49465,10
12.9059200287,80.2282104492,49465,49475,10
12.9049301147,80.2281570435,49475,49485,10
12.9040603638,80.2281112671,49485,49496,11
12.9030504227,80.2280426025,49496,49506,10
12.9017496109,80.2279815674,49506,49516,10
12.9005804062,80.2279281616,49516,49526,10
12.9001598358,80.2279129028,49526,49536,10
12.8998298645,80.227897644,49536,49546,10
12.899720192,80.2278900146,49546,49556,10
12.8996896744,80.2278671265,49556,49566,10
12.8991804123,80.2278289795,49566,49577,11
12.8980197906,80.2277526855,49577,49587,10
12.8966903687,80.2276763916,49587,49597,10
12.8952999115,80.2276306152,49597,49607,10
12.8938703537,80.2275390625,49607,49617,10
12.892950058,80.2274169922,49617,49647,30
12.892950058,80.2274169922,49647,49657,10
12.8927202225,80.2274017334,49657,49668,11
12.8922395706,80.2273712158,49668,49678,10
12.8913602829,80.2273406982,49678,49688,10
12.8901395798,80.2273483276,49688,49698,10
12.8889598846,80.2273635864,49698,49708,10
12.8878297806,80.2273025513,49708,49718,10
12.8866300583,80.2270965576,49718,49728,10
12.8855199814,80.2268295288,49728,49738,10
12.8846302032,80.2266998291,49738,49749,11
12.8842096329,80.2267303467,49749,49759,10
12.8840799332,80.2267303467,49759,49769,10
12.8835401535,80.2267303467,49769,49777,8
12.8829803467,80.2267227173,49777,49789,12
12.8819599152,80.2267379761,49789,49799,10
12.8809604645,80.2267303467,49799,49809,10
12.8796901703,80.2267379761,49809,49819,10
12.8781499863,80.2268218994,49819,49829,10
12.8769102097,80.2269363403,49829,49840,11
12.8760795593,80.2269668579,49840,49850,10
12.8749599457,80.2268981934,49850,49860,10
12.8735799789,80.2267379761,49860,49870,10
12.8726596832,80.2267227173,49870,49880,10
12.8726501465,80.2267227173,49880,49890,10
12.872130394,80.2267074585,49890,49900,10
12.8711299896,80.2266693115,49900,49910,10
12.8697900772,80.2265625,49910,49921,11
12.8680400848,80.2264099121,49921,49931,10
12.866350174,80.2265625,49931,49941,10
12.8650102615,80.226600647,49941,49951,10
12.8630895615,80.2265396118,49951,49961,10
12.8616895676,80.2266082764,49961,49971,10
12.8609304428,80.2266082764,49971,49981,10
12.8608999252,80.226600647,49981,49991,10
12.8604297638,80.2265396118,49991,50001,10
12.8595504761,80.2264099121,50001,50012,11
12.8584003448,80.2262573242,50012,50022,10
12.8571996689,80.2262878418,50022,50032,10
12.8558702469,80.2264328003,50032,50042,10
12.8544998169,80.2265701294,50042,50052,10
12.8531398773,80.2266998291,50052,50062,10
12.8517999649,80.2266464233,50062,50071,9
12.8507099152,80.2266235352,50071,50082,11
12.8498497009,80.2266082764,50082,50093,11
12.8497695923,80.2266082764,50093,50103,10
12.8492002487,80.226600647,50103,50113,10
12.8482398987,80.226600647,50113,50123,10
12.8470401764,80.2266082764,50123,50133,10
12.8453798294,80.2266235352,50133,50163,30
12.8453798294,80.2266235352,50163,50174,11
12.8449401855,80.2266235352,50174,50184,10
12.8442802429,80.2266464233,50184,50194,10
12.8435001373,80.2267532349,50194,50204,10
12.8425998688,80.2269134521,50204,50214,10
12.8415803909,80.2271499634,50214,50224,10
12.8405799866,80.2274398804,50224,50234,10
12.8399801254,80.2276306152,50234,50244,10
12.8396902084,80.2277908325,50244,50254,10
12.8395500183,80.2278366089,50254,50265,11
12.8388595581,80.2279586792,50265,50275,10
12.8378896713,80.2281723022,50275,50285,10
12.8367099762,80.2283401489,50285,50295,10
12.8354301453,80.2285308838,50295,50305,10
12.8341598511,80.2287521362,50305,50315,10
12.8329200745,80.2289733887,50315,50325,10
12.8321304321,80.2291564941,50325,50335,10
12.8320798874,80.2291717529,50335,50346,11
12.8319301605,80.2292098999,50346,50356,10
12.8318500519,80.2292175293,50356,50366,10
12.8315896988,80.2292785645,50366,50376,10
12.8309001923,80.2294769287,50376,50386,10
12.8300600052,80.2298278809,50386,50396,10
12.8291101456,80.2301712036,50396,50406,10
12.8279895782,80.2307662964,50406,50416,10
12.8268604279,80.231300354,50416,50426,10
12.8258199692,80.2314071655,50426,50447,21
12.8258199692,80.2314071655,50447,50457,10
12.8255195618,80.2313766479,50457,50467,10
12.8247995377,80.2313690186,50467,50477,10
12.8237800598,80.2311172485,50477,50487,10
12.8225498199,80.2307434082,50487,50497,10
12.8212995529,80.2304611206,50497,50507,10
12.8200798035,80.2304611206,50507,50518,11
12.8189401627,80.2304763794,50518,50528,10
12.8188695908,80.23046875,50528,50538,10
12.8185396194,80.2303390503,50538,50548,10
12.8178195953,80.2299804688,50548,50558,10
12.8168201447,80.2295837402,50558,50568,10
12.8156404495,80.2293777466,50568,50578,10
12.8144197464,80.2292022705,50578,50588,10
12.8131504059,80.2288513184,50588,50598,10
12.8118400574,80.2283706665,50598,50609,11
12.8103504181,80.2277908325,50609,50619,10
12.8091402054,80.2272033691,50619,50629,10
12.8080797195,80.226348877,50629,50639,10
12.8070402145,80.2254562378,50639,50649,10
12.8062000275,80.2247085571,50649,50659,10
12.8053798676,80.2240982056,50659,50669,10
12.8049201965,80.2239837646,50669,50679,10
12.804889679,80.2239837646,50679,50690,11
12.8043804169,80.2238998413,50690,50700,10
12.8035898209,80.2238464355,50700,50710,10
12.8025798798,80.2237167358,50710,50720,10
12.8014698029,80.2236022949,50720,50730,10
12.8007202148,80.2235717773,50730,50740,10
12.8006601334,80.2235412598,50740,50750,10
12.8002004623,80.2235031128,50750,50760,10
12.7993402481,80.2234268188,50760,50770,10
12.7981996536,80.2232894897,50770,50781,11
12.7968997955,80.2230987549,50781,50791,10
12.7959403992,80.2229385376,50791,50801,10
12.7958498001,80.2229232788,50801,50811,10
12.7954397202,80.2228393555,50811,50821,10
12.7945804596,80.2226715088,50821,50831,10
12.7934503555,80.2224884033,50831,50841,10
12.7922201157,80.2222900391,50841,50851,10
12.7910203934,80.2220001221,50851,50862,11
12.7897701263,80.2216796875,50862,50872,10
12.7890701294,80.2214279175,50872,50882,10
12.7884197235,80.2211914063,50882,50892,10
12.7878799438,80.2209625244,50892,50902,10
12.7874898911,80.2208099365,50902,50932,30
12.7874898911,80.2208099365,50932,50942,10
12.7871599197,80.2206878662,50942,50953,11
12.7868499756,80.2205810547,50953,50963,10
12.7866201401,80.220489502,50963,50973,10
12.7863502502,80.2203979492,50973,50983,10
12.7861700058,80.2205429077,50983,50993,10
12.7862195969,80.2208786011,50993,51003,10
12.786239624,80.2212982178,51003,51013,10
12.7862596512,80.2218017578,51013,51469,456
12.7861099243,80.2217712402,51469,52632,1163
12.7861099243,80.2217712402,52632,52642,10
12.7861499786,80.2215499878,52642,52653,11
12.7861404419,80.2212982178,52653,52663,10
12.7861404419,80.2210388184,52663,52693,30
12.7861404419,80.2210388184,52693,52703,10
12.7861604691,80.2207489014,52703,52713,10
12.7861604691,80.2206573486,52713,52723,10
12.7861700058,80.2204284668,52723,52754,31
12.7863397598,80.2203063965,52754,52774,20
12.7863397598,80.2203063965,52774,52784,10
12.7864999771,80.2204284668,52784,52794,10
12.7869100571,80.2205963135,52794,52804,10
12.7874202728,80.2207794189,52804,52814,10
12.7880001068,80.2209777832,52814,52825,11
12.7886800766,80.2212600708,52825,52835,10
12.7893695831,80.2215194702,52835,52845,10
12.7899198532,80.2217025757,52845,52855,10
12.7906398773,80.2219009399,52855,52865,10
12.7915201187,80.2221221924,52865,52875,10
12.7923898697,80.2223434448,52875,52885,10
12.7934598923,80.2225112915,52885,52895,10
12.794670105,80.2227020264,52895,52906,11
12.7959003448,80.2229003906,52906,52916,10
12.7964801788,80.2229995728,52916,52926,10
12.7966604233,80.2230377197,52926,52936,10
12.7972002029,80.2231369019,52936,52946,10
12.7980003357,80.2232666016,52946,52956,10
12.7989397049,80.2233581543,52956,52966,10
12.8000202179,80.2234573364,52966,52976,10
12.8010797501,80.2235565186,52976,52986,10
12.801440239,80.2235870361,52986,52997,11
12.8017702103,80.2236328125,52997,53007,10
12.8024702072,80.2237319946,53007,53017,10
12.8031396866,80.2238235474,53017,53027,10
12.8037996292,80.2238769531,53027,53037,10
12.8045101166,80.2239303589,53037,53047,10
12.805150032,80.224029541,53047,53057,10
12.8055400848,80.2241363525,53057,53067,10
12.8056097031,80.2241821289,53067,53078,11
12.8060703278,80.2245330811,53078,53088,10
12.8065595627,80.2249603271,53088,53098,10
12.807220459,80.2255630493,53098,53108,10
12.8080196381,80.2262268066,53108,53118,10
12.8089799881,80.2270202637,53118,53128,10
12.8101797104,80.2276916504,53128,53138,10
12.8114795685,80.2282180786,53138,53148,10
12.8128004074,80.2286987305,53148,53158,10
12.8140697479,80.2291030884,53158,53169,11
12.8155002594,80.229347229,53169,53179,10
12.8168201447,80.2295608521,53179,53189,10
12.8179197311,80.2299880981,53189,53199,10
12.8189001083,80.2304077148,53199,53209,10
12.8196296692,80.2304382324,53209,53219,10
12.8197803497,80.2304382324,53219,53229,10
12.8200597763,80.230430603,53229,53239,10
12.8207998276,80.2304077148,53239,53250,11
12.8218402863,80.2305297852,53250,53260,10
12.8226499557,80.2307434082,53260,53270,10
12.8232603073,80.2309417725,53270,53280,10
12.824139595,80.2311401367,53280,53290,10
12.8251399994,80.2313537598,53290,53300,10
12.8261604309,80.2313079834,53300,53320,20
12.8261604309,80.2313079834,53320,53330,10
12.8265199661,80.2312774658,53330,53341,11
12.8272304535,80.2311172485,53341,53351,10
12.8279495239,80.2307434082,53351,53361,10
12.8288402557,80.2302474976,53361,53371,10
12.8298196793,80.2298278809,53371,53381,10
12.8305196762,80.2295837402,53381,53391,10
12.8311300278,80.2293319702,53391,53401,10
12.8312101364,80.229309082,53401,53411,10
12.8314800262,80.2292098999,53411,53422,11
12.8316001892,80.2291793823,53422,53432,10
12.8320999146,80.2290725708,53432,53442,10
12.8329401016,80.2289199829,53442,53452,10
12.8340101242,80.228729248,53452,53462,10
12.8352499008,80.2285079956,53462,53472,10
12.8365097046,80.2283172607,53472,53482,10
12.837770462,80.2281265259,53482,53492,10
12.8388500214,80.2278671265,53492,53502,10
12.8394298553,80.2276306152,53502,53563,61
12.8394298553,80.2276306152,53563,53573,10
12.8399896622,80.2275390625,53573,53583,10
12.8406801224,80.2273635864,53583,53594,11
12.8418598175,80.2270507813,53594,53604,10
12.8431596756,80.2267913818,53604,53614,10
12.8444099426,80.2266082764,53614,53624,10
12.8454704285,80.2265396118,53624,53644,20
12.8454704285,80.2265396118,53644,53654,10
12.8458404541,80.2265472412,53654,53664,10
12.8465003967,80.2265472412,53664,53674,10
12.8474798203,80.2265472412,53674,53685,11
12.8487501144,80.2265396118,53685,53695,10
12.8500099182,80.2265396118,53695,53705,10
12.8512802124,80.2265777588,53705,53715,10
12.8525800705,80.2266387939,53715,53725,10
12.8538999557,80.226600647,53725,53735,10
12.8552398682,80.2264633179,53735,53745,10
12.856590271,80.2263183594,53745,53755,10
12.8578796387,80.2261962891,53755,53766,11
12.8591098785,80.2262802124,53766,53776,10
12.8603096008,80.2264480591,53776,53786,10
12.8615598679,80.2265319824,53786,53796,10
12.862859726,80.2264709473,53796,53806,10
12.8641796112,80.2265014648,53806,53816,10
12.8654403687,80.2265396118,53816,53826,10
12.8665800095,80.2264862061,53826,53836,10
12.8678302765,80.2263717651,53836,53846,10
12.8691301346,80.2264099121,53846,53857,11
12.8705797195,80.2265701294,53857,53867,10
12.8718204498,80.2266387939,53867,53877,10
12.8727798462,80.2266235352,53877,53887,10
12.8728504181,80.2266311646,53887,53897,10
12.8731603622,80.2266616821,53897,53907,10
12.8738203049,80.2266921997,53907,53917,10
12.8747396469,80.2267990112,53917,53927,10
12.8758602142,80.2269134521,53927,53938,11
12.8767595291,80.226852417,53938,53948,10
12.8767900467,80.226852417,53948,53958,10
12.8773298264,80.2268218994,53958,53968,10
12.8781995773,80.2267608643,53968,53978,10
12.8793401718,80.2266998291,53978,53988,10
12.8806200027,80.2266921997,53988,53998,10
12.8819799423,80.2266921997,53998,54008,10
12.8833398819,80.2266693115,54008,54018,10
12.8845500946,80.2266387939,54018,54029,11
12.8851499557,80.2266387939,54029,54039,10
12.8851995468,80.2266616821,54039,54049,10
12.8856401443,80.2267379761,54049,54059,10
12.8864803314,80.2269592285,54059,54069,10
12.8876104355,80.2271881104,54069,54079,10
12.8889303207,80.2272872925,54079,54089,10
12.8903398514,80.2273025513,54089,54099,10
12.8917999268,80.2273101807,54099,54110,11
12.8930797577,80.2274169922,54110,54120,10
12.8942203522,80.2275619507,54120,54130,10
12.8955202103,80.2276229858,54130,54140,10
12.8968601227,80.2276763916,54140,54150,10
12.8982095718,80.2277526855,54150,54160,10
12.8994998932,80.2278213501,54160,54170,10
12.9004898071,80.2278213501,54170,54221,51
12.9004898071,80.2278213501,54221,54231,10
12.9007301331,80.227897644,54231,54241,10
12.9012098312,80.2279586792,54241,54251,10
12.9020004272,80.2280197144,54251,54261,10
12.9029197693,80.2280578613,54261,54271,10
12.9040002823,80.2281036377,54271,54282,11
12.9053697586,80.2281723022,54282,54292,10
12.9063997269,80.2282028198,54292,54302,10
12.9070196152,80.2282562256,54302,54312,10
12.907409668,80.2283096313,54312,54322,10
12.908080101,80.2284164429,54322,54332,10
12.9091501236,80.2285995483,54332,54342,10
12.9103403091,80.2287902832,54342,54352,10
12.9118499756,80.2289962769,54352,54362,10
12.9131202698,80.2291870117,54362,54373,11
12.9137001038,80.2292480469,54373,54383,10
12.9141397476,80.2293395996,54383,54393,10
12.9149999619,80.2294464111,54393,54403,10
12.9161500931,80.2296295166,54403,54413,10
12.9174804688,80.2297973633,54413,54423,10
12.9188995361,80.2300109863,54423,54433,10
12.9203796387,80.2301864624,54433,54443,10
12.9218702316,80.2303771973,54443,54454,11
12.9234600067,80.2306289673,54454,54464,10
12.9248800278,80.2308120728,54464,54474,10
12.9263296127,80.2309799194,54474,54484,10
12.9278001785,80.2311401367,54484,54494,10
12.9290304184,80.231338501,54494,54504,10
12.9301700592,80.2315826416,54504,54514,10
12.9312801361,80.231918335,54514,54524,10
12.9322395325,80.2322311401,54524,54534,10
12.9330596924,80.2325210571,54534,54545,11
12.9336500168,80.2327728271,54545,54555,10
12.9337396622,80.2328491211,54555,54565,10
12.9342603683,80.2330780029,54565,54575,10
12.9351701736,80.2334823608,54575,54585,10
12.9362001419,80.2339630127,54585,54595,10
12.9372396469,80.2344589233,54595,54605,10
12.9382801056,80.2349777222,54605,54615,10
12.9395103455,80.2356033325,54615,54626,11
12.9407901764,80.236038208,54626,54636,10
12.9419498444,80.2363204956,54636,54646,10
12.9430303574,80.2367706299,54646,54656,10
12.9437904358,80.2374801636,54656,54666,10
12.9445199966,80.2382507324,54666,54676,10
12.9453802109,80.2390899658,54676,54686,10
12.9463596344,80.2395935059,54686,54696,10
12.9472398758,80.2399520874,54696,54706,10
12.9473104477,80.2399902344,54706,54717,11
12.9474802017,80.2400894165,54717,54727,10
12.947810173,80.2402267456,54727,54737,10
12.9486398697,80.240562439,54737,54757,20
12.9486398697,80.240562439,54757,54767,10
12.948679924,80.2405776978,54767,54777,10
12.9490299225,80.2407531738,54777,54787,10
12.9493598938,80.2408828735,54787,54798,11
12.9500198364,80.2410812378,54798,54808,10
12.9507598877,80.2413024902,54808,54818,10
12.9510402679,80.2413864136,54818,54828,10
12.951379776,80.2415237427,54828,54838,10
12.9521503448,80.2417984009,54838,54848,10
12.9531002045,80.242149353,54848,54858,10
12.953789711,80.2424316406,54858,54868,10
12.9543895721,80.2426605225,54868,54878,10
12.9550199509,80.2428970337,54878,54889,11
12.9557504654,80.2431488037,54889,54899,10
12.9562702179,80.2433013916,54899,54939,40
12.9562702179,80.2433013916,54939,54949,10
12.9564399719,80.2433624268,54949,54959,10
12.9569997787,80.2436523438,54959,54970,11
12.9579801559,80.2441101074,54970,54980,10
12.9590301514,80.2445602417,54980,54990,10
12.9602203369,80.2450866699,54990,55000,10
12.9613199234,80.2455978394,55000,55010,10
12.9624004364,80.2461395264,55010,55020,10
12.9630298615,80.246421814,55020,55030,10
12.963060379,80.2464294434,55030,55040,10
12.9632997513,80.2465591431,55040,55051,11
12.9638700485,80.2468338013,55051,55061,10
12.9645004272,80.2470932007,55061,55071,10
12.9653100967,80.2473602295,55071,55081,10
12.9662103653,80.2476882935,55081,55091,10
12.9668102264,80.2479705811,55091,55101,10
12.9668397903,80.2479782104,55101,55111,10
12.9669599533,80.2480621338,55111,55121,10
12.9674396515,80.248298645,55121,55131,10
12.9682998657,80.2486572266,55131,55142,11
12.9694595337,80.2491378784,55142,55152,10
12.9705295563,80.2495574951,55152,55162,10
12.971619606,80.2498703003,55162,55172,10
12.9727497101,80.2501602173,55172,55182,10
12.9738101959,80.2504425049,55182,55192,10
12.9749403,80.2507476807,55192,55202,10
12.976099968,80.251083374,55202,55212,10
12.9771900177,80.2514419556,55212,55223,11
12.9781703949,80.2521362305,55223,55233,10
12.9784803391,80.2523193359,55233,55243,10
12.9785203934,80.2523498535,55243,55253,10
12.9788999557,80.252532959,55253,55263,10
12.9796104431,80.2526321411,55263,55293,30
12.9796104431,80.2526321411,55293,55303,10
12.9798297882,80.2526168823,55303,55314,11
12.9804496765,80.2526397705,55314,55324,10
12.9813098907,80.2526397705,55324,55334,10
12.9822998047,80.2526168823,55334,55344,10
12.9833803177,80.2525024414,55344,55354,10
12.9843301773,80.252281189,55354,55364,10
12.9852399826,80.2519989014,55364,55395,31
12.9852399826,80.2519989014,55395,55405,10
12.9853801727,80.2519378662,55405,55415,10
12.9858398438,80.2518005371,55415,55425,10
12.9864997864,80.2516403198,55425,55435,10
12.9873600006,80.2514038086,55435,55445,10
12.9878997803,80.2515716553,55445,55455,10
12.9880199432,80.2520675659,55455,55465,10
12.9879999161,80.2524185181,55465,55475,10
12.9879198074,80.2531661987,55475,55486,11
12.987830162,80.2540206909,55486,55496,10
12.9877996445,80.2543334961,55496,55506,10
12.9877901077,80.2544631958,55506,55516,10
12.987739563,80.2550125122,55516,55526,10
12.9876804352,80.2555084229,55526,55536,10
12.9876403809,80.2559814453,55536,55546,10
12.9875898361,80.2562408447,55546,55556,10
12.9875497818,80.2565002441,55556,55567,11
12.9874696732,80.2572174072,55567,55577,10
12.9874000549,80.258102417,55577,55587,10
12.9871902466,80.2585678101,55587,55617,30
12.9871902466,80.2585678101,55617,55627,10
12.9870796204,80.2585372925,55627,55637,10
12.9868497849,80.2585372925,55637,56103,466
12.9868497849,80.2585372925,56103,56113,10
12.986869812,80.2588424683,56113,59493,3380
12.9868402481,80.2589416504,59493,60353,860
12.9868402481,80.2588424683,60353,61497,1144
12.9867801666,80.2589569092,61497,61628,131
12.9868602753,80.2589035034,61628,61881,253
12.9868602753,80.2589035034,61881,61892,11
12.9869403839,80.2586898804,61892,61902,10
12.9871902466,80.2586288452,61902,61912,10
12.9874200821,80.2586898804,61912,61922,10
12.9873600006,80.2591705322,61922,61962,40
12.9872503281,80.2593612671,61962,62013,51
12.9872503281,80.2593612671,62013,62023,10
12.9869203568,80.2595672607,62023,62033,10
12.9866695404,80.2594680786,62033,62043,10
12.9866399765,80.2590637207,62043,62307,264
12.986989975,80.259147644,62307,62782,475
12.986989975,80.259147644,62782,62792,10
12.9873504639,80.2591400146,62792,62802,10
12.9873800278,80.2588577271,62802,62812,10
12.9874095917,80.2585983276,62812,62823,11
12.9874296188,80.2584381104,62823,62833,10
12.987449646,80.2578887939,62833,62843,10
12.9875097275,80.2569198608,62843,62924,81
12.9875097275,80.2569198608,62924,62934,10
12.9876203537,80.2566070557,62934,62944,10
12.9876203537,80.2560806274,62944,62956,12
12.987859726,80.2558135986,62956,62966,10
12.9882001877,80.2558517456,62966,62976,10
12.9886398315,80.2559280396,62976,62997,21
12.9886398315,80.2559280396,62997,63007,10
12.9888601303,80.2559585571,63007,63017,10
12.9893102646,80.2560272217,63017,63027,10
12.9899597168,80.2561035156,63027,63037,10
12.9907197952,80.2560882568,63037,63047,10
12.9913396835,80.2561187744,63047,63057,10
12.9923601151,80.2561416626,63057,63067,10
12.9932403564,80.2561035156,63067,63078,11
12.9941196442,80.2560424805,63078,63088,10
12.9948701859,80.2559814453,63088,63098,10
12.9955301285,80.2559585571,63098,63108,10
12.9958696365,80.2559585571,63108,63118,10
12.9962100983,80.2559432983,63118,63128,10
12.9967403412,80.2559432983,63128,63138,10
12.9970998764,80.2559432983,63138,63148,10
12.9975996017,80.2559661865,63148,63159,11
12.998000145,80.2559814453,63159,63169,10
12.9984197617,80.2560195923,63169,63189,20
12.9984197617,80.2560195923,63189,63199,10
12.9987096786,80.2561035156,63199,63209,10
12.9989204407,80.2561264038,63209,63219,10
12.9992198944,80.256149292,63219,63260,41
12.9992198944,80.256149292,63260,63270,10
12.9993000031,80.2561721802,63270,63280,10
12.999710083,80.2562713623,63280,63290,10
13.0003595352,80.2563934326,63290,63300,10
13.0010404587,80.2564926147,63300,63309,9
13.0012397766,80.2565231323,63309,63320,11
13.0013904572,80.2565689087,63320,63331,11
13.0017204285,80.2566299438,63331,63341,10
13.0022201538,80.2567062378,63341,63351,10
13.0027799606,80.2568130493,63351,63361,10
13.0033197403,80.2569122314,63361,63371,10
13.0037202835,80.2569885254,63371,63381,10
13.0042695999,80.2570800781,63381,63412,31
13.0042695999,80.2570800781,63412,63422,10
13.00440979,80.2571334839,63422,63432,10
13.0046701431,80.2571411133,63432,63442,10
13.0052204132,80.2572402954,63442,63452,10
13.0058202744,80.2573928833,63452,63462,10
13.0063400269,80.2574768066,63462,63503,41
13.0063400269,80.2574768066,63503,63513,10
13.0065603256,80.2573623657,63513,63523,10
13.006529808,80.2567672729,63523,63533,10
13.0065002441,80.2560577393,63533,63543,10
13.0065097809,80.2555389404,63543,63553,10
13.0065898895,80.2548828125,63553,63563,10
13.0065498352,80.2542419434,63563,63573,10
13.0065097809,80.2526397705,63573,63594,21
13.0065097809,80.2526397705,63594,63604,10
13.0065898895,80.2521133423,63604,63614,10
13.0067596436,80.2513198853,63614,63624,10
13.0067195892,80.250617981,63624,63634,10
13.0067100525,80.2498626709,63634,63644,10
13.0066900253,80.2491531372,63644,63654,10
13.006649971,80.2483596802,63654,63826,172
13.006649971,80.2483596802,63826,63837,11
13.0066404343,80.2480392456,63837,63847,10
13.0066404343,80.2475891113,63847,63857,10
13.0066604614,80.2471008301,63857,63867,10
13.0066404343,80.2466506958,63867,63877,10
13.0066404343,80.2466201782,63877,63887,10
13.0066604614,80.246421814,63887,63897,10
13.0066604614,80.2459487915,63897,63907,10
13.0066404343,80.2455673218,63907,63917,10
13.0066404343,80.2452468872,63917,63928,11
13.0066404343,80.2449493408,63928,63938,10
13.0066099167,80.2446670532,63938,63948,10
13.0066204071,80.244468689,63948,63958,10
13.0065898895,80.2441177368,63958,63968,10
13.0065803528,80.2438583374,63968,63978,10
13.0065498352,80.2434616089,63978,63988,10
13.0065202713,80.2428207397,63988,63998,10
13.0065202713,80.2419815063,63998,64009,11
13.0065603256,80.2412261963,64009,64019,10
13.0066299438,80.2406921387,64019,64029,10
13.0068101883,80.2399215698,64029,64039,10
13.0069303513,80.2392196655,64039,64049,10
13.0071601868,80.2381668091,64049,64059,10
13.0073204041,80.2375030518,64059,64069,10
13.0073604584,80.2372589111,64069,64079,10
13.007399559,80.2369613647,64079,64100,21
13.007399559,80.2369613647,64100,64110,10
13.0074300766,80.2367706299,64110,64130,20
13.0074300766,80.2367706299,64130,64140,10
13.0075502396,80.2363891602,64140,64150,10
13.0076303482,80.2359237671,64150,64160,10
13.0077400208,80.2353591919,64160,64170,10
13.0078802109,80.2346572876,64170,64181,11
13.0080795288,80.2336730957,64181,64191,10
13.0082702637,80.232749939,64191,64201,10
13.0084495544,80.2318191528,64201,64211,10
13.0086402893,80.2308197021,64211,64221,10
13.0088300705,80.2298583984,64221,64231,10
13.0089998245,80.2289810181,64231,64241,10
13.0092000961,80.2281799316,64241,64251,10
13.0095500946,80.2273788452,64251,64262,11
13.0099496841,80.2264709473,64262,64272,10
13.0103302002,80.2257232666,64272,64282,10
13.0105400085,80.2253265381,64282,64292,10
13.01060009,80.2251968384,64292,64302,10
13.0107803345,80.2247390747,64302,64312,10
13.0110397339,80.2241821289,64312,64322,10
13.0113601685,80.2234725952,64322,64332,10
13.011639595,80.2226409912,64332,64342,10
13.0120096207,80.221786499,64342,64353,11
13.012260437,80.2215805054,64353,64363,10
13.0124397278,80.2216873169,64363,64373,10
13.0127801895,80.2221603394,64373,64383,10
13.0131196976,80.2225418091,64383,64393,10
13.0133895874,80.2228317261,64393,64403,10
13.0137395859,80.2232513428,64403,64413,10
13.0141296387,80.2237319946,64413,64423,10
13.0146999359,80.2243499756,64423,64434,11
13.0153799057,80.2250137329,64434,64444,10
13.0157203674,80.2252502441,64444,64454,10
13.0158596039,80.2253417969,64454,64464,10
13.016579628,80.2253570557,64464,64474,10
13.0176401138,80.2249526978,64474,64484,10
13.0188398361,80.2244873047,64484,64494,10
13.0196800232,80.2245483398,64494,64525,31
13.0196800232,80.2245483398,64525,64535,10
13.0198202133,80.2247085571,64535,64545,10
13.0203399658,80.2250823975,64545,64555,10
13.0210103989,80.2255706787,64555,64565,10
13.021780014,80.2261199951,64565,64575,10
13.0219497681,80.2262268066,64575,64585,10
13.0219802856,80.2262573242,64585,64595,10
13.0224103928,80.2266387939,64595,64606,11
13.023150444,80.2273178101,64606,64616,10
13.0237903595,80.227897644,64616,64626,10
13.0243501663,80.2285308838,64626,64636,10
13.0246801376,80.2290115356,64636,64646,10
13.0249595642,80.2294006348,64646,64656,10
13.0252599716,80.2296981812,64656,64707,51
13.0252599716,80.2296981812,64707,64717,10
13.0253095627,80.2297821045,64717,64727,10
13.0254096985,80.2299194336,64727,64737,10
13.0255403519,80.2301635742,64737,64747,10
13.0257396698,80.2304992676,64747,64757,10
13.0258798599,80.230796814,64757,64767,10
13.0259399414,80.2310409546,64767,64778,11
13.0259799957,80.2313232422,64778,64788,10
13.0262203217,80.2313766479,64788,64798,10
13.0267601013,80.2312393188,64798,64808,10
13.0274600983,80.2310791016,64808,64818,10
13.0280199051,80.2310028076,64818,64828,10
13.0283403397,80.2309799194,64828,64838,10
13.0289497375,80.2309494019,64838,64848,10
13.029419899,80.2308807373,64848,64909,61
13.029419899,80.2308807373,64909,64919,10
13.0294904709,80.2309112549,64919,64929,10
13.0297002792,80.2308883667,64929,64939,10
13.0304603577,80.230796814,64939,64960,21
13.0304603577,80.230796814,64960,64970,10
13.0306100845,80.230796814,64970,64980,10
13.03083992,80.2307662964,64980,64990,10
13.0313100815,80.2307281494,64990,65000,10
13.0319700241,80.230682373,65000,65010,10
13.0328302383,80.2306137085,65010,65020,10
13.0335502625,80.2305679321,65020,65041,21
13.0335502625,80.2305679321,65041,65051,10
13.033780098,80.2305679321,65051,65061,10
13.0341501236,80.2305221558,65061,65071,10
13.0343599319,80.2304992676,65071,65081,10
13.0345001221,80.2304916382,65081,65091,10
13.0349197388,80.230506897,65091,65101,10
13.0349502563,80.2308273315,65101,65112,11
13.0349597931,80.2308425903,65112,65122,10
13.0349798203,80.2310409546,65122,65132,10
13.0348701477,80.2316970825,65132,65142,10
13.0347299576,80.2326202393,65142,65152,10
13.0346097946,80.2333068848,65152,65162,10
13.0345401764,80.2337799072,65162,65172,10
13.0344495773,80.2345199585,65172,65182,10
13.0342998505,80.2353973389,65182,65192,10
13.0341701508,80.2364196777,65192,65203,11
13.0341596603,80.237121582,65203,65213,10
13.034239769,80.2374420166,65213,65273,60
13.034239769,80.2374420166,65273,65284,11
13.0342702866,80.2378387451,65284,65294,10
13.0344600677,80.2380523682,65294,65304,10
13.0347700119,80.2384719849,65304,65314,10
13.0350999832,80.2389297485,65314,65324,10
13.0354099274,80.239402771,65324,65334,10
13.0359096527,80.2394866943,65334,65344,10
13.0363798141,80.2395324707,65344,65354,10
13.036939621,80.2395935059,65354,65365,11
13.0376396179,80.2396697998,65365,65375,10
13.0382604599,80.2397613525,65375,65385,10
13.038769722,80.2398300171,65385,65395,10
13.0394897461,80.2398986816,65395,65405,10
13.0398902893,80.2399368286,65405,65415,10
13.0401000977,80.2399597168,65415,65425,10
13.0402402878,80.2399978638,65425,65435,10
13.0403795242,80.2400970459,65435,65445,10
13.0403995514,80.2405395508,65445,65456,11
13.0408401489,80.2406387329,65456,65466,10
13.0410003662,80.2406616211,65466,65476,10
13.0412197113,80.2406921387,65476,65486,10
13.0418395996,80.2407836914,65486,65496,10
13.0426797867,80.2408981323,65496,65506,10
13.0434303284,80.2410125732,65506,65516,10
13.0438699722,80.2410583496,65516,65526,10
13.0442399979,80.2408828735,65526,65537,11
13.0448598862,80.2404327393,65537,65547,10
13.0453300476,80.2401275635,65547,65557,10
13.0456199646,80.2398834229,65557,65567,10
13.0460100174,80.2396087646,65567,65577,10
13.0460596085,80.2395782471,65577,65587,10
13.0462398529,80.2396087646,65587,65597,10
13.0465698242,80.2397003174,65597,65607,10
13.04708004,80.2398223877,65607,65618,11
13.0477199554,80.2399520874,65618,65628,10
13.0483198166,80.2400588989,65628,65638,10
13.0489997864,80.2402191162,65638,65658,20
13.0489997864,80.2402191162,65658,65668,10
13.0493097305,80.240272522,65668,65678,10
13.0495500565,80.2403411865,65678,65698,20
13.0495500565,80.2403411865,65698,65709,11
13.0499200821,80.2404174805,65709,65719,10
13.0505304337,80.2405395508,65719,65729,10
13.0510902405,80.2406463623,65729,65739,10
13.0516300201,80.2407684326,65739,65749,10
13.0520401001,80.240852356,65749,65759,10
13.0524101257,80.2409362793,65759,65769,10
13.0525102615,80.2412185669,65769,65779,10
13.0525503159,80.2414169312,65779,65790,11
13.0526800156,80.2417221069,65790,65800,10
13.0532398224,80.2420120239,65800,65810,10
13.0539798737,80.2423324585,65810,65830,20
13.0539798737,80.2423324585,65830,65840,10
13.0543003082,80.2423782349,65840,65850,10
13.0548696518,80.2424087524,65850,65860,10
13.0553598404,80.2423400879,65860,65871,11
13.0557003021,80.2423706055,65871,65881,10
13.0559301376,80.24243927,65881,65891,10
13.0562200546,80.2425613403,65891,65941,50
13.0562200546,80.2425613403,65941,65951,10
13.0563602448,80.2426071167,65951,65962,11
13.0566902161,80.2427062988,65962,65972,10
13.0570001602,80.242401123,65972,65982,10
13.0572595596,80.2418899536,65982,65992,10
13.0576400757,80.2413635254,65992,66002,10
13.05809021,80.2408828735,66002,66012,10
13.0584001541,80.2405395508,66012,66022,10
13.0587396622,80.2403106689,66022,66032,10
13.0588998795,80.2401504517,66032,66043,11
13.0591497421,80.2398986816,66043,66053,10
13.0595197678,80.239402771,66053,66063,10
13.0598096848,80.2389984131,66063,66073,10
13.0600299835,80.2387008667,66073,66083,10
13.060259819,80.2383270264,66083,66093,10
13.0606603622,80.2379226685,66093,66103,10
13.0608701706,80.23777771,66103,66113,10
13.0611200333,80.2375030518,66113,66124,11
13.0615501404,80.2370376587,66124,66134,10
13.0620002747,80.236541748,66134,66144,10
13.0625801086,80.2360992432,66144,66154,10
13.0631399155,80.235710144,66154,66164,10
13.0635299683,80.2354431152,66164,66174,10
13.0637397766,80.2353210449,66174,66184,10
13.063949585,80.2351989746,66184,66194,10
13.064160347,80.2350463867,66194,66204,10
13.0641803741,80.2350463867,66204,66215,11
13.0644397736,80.2349319458,66215,66225,10
13.0646400452,80.2348098755,66225,66245,20
13.0646400452,80.2348098755,66245,66255,10
13.0649404526,80.2346725464,66255,66265,10
13.0651903152,80.2345123291,66265,66316,51
13.0651903152,80.2345123291,66316,66326,10
13.0653800964,80.2343902588,66326,66336,10
13.0656003952,80.2340393066,66336,66346,10
13.0657196045,80.233757019,66346,66356,10
13.0657300949,80.2337417603,66356,66366,10
13.0658102036,80.2336425781,66366,66377,11
13.0659198761,80.2332763672,66377,66387,10
13.065990448,80.2331237793,66387,66397,10
13.0660800934,80.2328109741,66397,66457,60
13.0660800934,80.2328109741,66457,66468,11
13.066280365,80.232383728,66468,66518,50
13.0663700104,80.2319793701,66518,66538,20
13.0663700104,80.2319793701,66538,66549,11
13.0664396286,80.2317199707,66549,66559,10
13.0664997101,80.2314910889,66559,66569,10
13.0665597916,80.2311706543,66569,66579,10
13.0666599274,80.2306900024,66579,66589,10
13.066740036,80.2302474976,66589,66609,20
13.066740036,80.2302474976,66609,66619,10
13.0667600632,80.2301177979,66619,66630,11
13.0667104721,80.2295532227,66630,66640,10
13.0666999817,80.2287979126,66640,66650,10
13.0670204163,80.2280197144,66650,66660,10
13.0674600601,80.2273864746,66660,66670,10
13.067779541,80.2269973755,66670,66680,10
13.0679397583,80.2267837524,66680,66690,10
13.067990303,80.2267303467,66690,66700,10
13.0681295395,80.2266311646,66700,66710,10
13.0684299469,80.2262420654,66710,66721,11
13.0688695908,80.225692749,66721,66731,10
13.0693798065,80.2250976563,66731,66741,10
13.0698604584,80.2245788574,66741,66751,10
13.0702695847,80.2241973877,66751,66761,10
13.0707197189,80.2236099243,66761,66771,10
13.0712404251,80.22290802,66771,66781,10
13.0718202591,80.2221832275,66781,66791,10
13.0723199844,80.2216186523,66791,66802,11
13.0724401474,80.2212219238,66802,66812,10
13.0717897415,80.2210235596,66812,66842,30
13.0717897415,80.2210235596,66842,66852,10
13.0715703964,80.220703125,66852,66862,10
13.0715999603,80.220451355,66862,66872,10
13.0716295242,80.220199585,66872,66882,10
13.071680069,80.2200012207,66882,66893,11
13.0716896057,80.2198104858,66893,66903,10
13.0720100403,80.2197189331,66903,66933,30
13.0723304749,80.2197494507,66933,66974,41
13.072719574,80.2198028564,66974,66994,20
13.072930336,80.2198486328,66994,67014,20
13.072930336,80.2198486328,67014,67024,10
13.0732002258,80.2198867798,67024,67065,41
13.0734300613,80.2199325562,67065,67156,91
13.0737495422,80.2199783325,67156,67297,141
13.0737495422,80.2199783325,67297,67308,11
13.0740499496,80.2200012207,67308,67318,10
13.0741996765,80.2200164795,67318,67328,10
13.0744199753,80.2200622559,67328,67338,10
13.0745801926,80.2197875977,67338,67358,20
13.0745801926,80.2197875977,67358,67368,10
13.0746002197,80.2196884155,67368,67378,10
13.074640274,80.2194595337,67378,67388,10
13.074669838,80.2193069458,67388,67399,11
13.0747203827,80.2190475464,67399,67419,20
13.0747203827,80.2190475464,67419,67429,10
13.0747299194,80.21875,67429,67469,40
13.0747299194,80.21875,67469,67480,11
13.0748100281,80.2183532715,67480,67490,10
13.0748596191,80.2181091309,67490,67500,10
13.0751895905,80.217880249,67500,67510,10
13.0756397247,80.2178573608,67510,67530,20
13.0756397247,80.2178573608,67530,67540,10
13.0758695602,80.217880249,67540,67581,41
13.0758695602,80.217880249,67581,67591,10
13.076259613,80.2180099487,67591,67662,71
13.076259613,80.2180099487,67662,67672,10
13.0766000748,80.2180404663,67672,67682,10
13.0772104263,80.2179794312,67682,67692,10
13.0779800415,80.217880249,67692,67702,10
13.0786895752,80.2178192139,67702,67712,10
13.0793800354,80.2178268433,67712,67722,10
13.0799598694,80.2178573608,67722,67733,11
13.0806999207,80.217880249,67733,67743,10
13.0813598633,80.2179031372,67743,67753,10
13.0819997787,80.2179107666,67753,67763,10
13.0821895599,80.2174072266,67763,67783,20
13.0821895599,80.2174072266,67783,67793,10
13.0822496414,80.2172775269,67793,67803,10
13.0822401047,80.2168731689,67803,67814,11
13.0822696686,80.2163772583,67814,67824,10
13.0822896957,80.2160263062,67824,67834,10
13.0823097229,80.2155532837,67834,67844,10
13.0823202133,80.2150878906,67844,67854,10
13.0823297501,80.2145462036,67854,67864,10
13.0823497772,80.2138900757,67864,67874,10
13.0823602676,80.213180542,67874,67884,10
13.0824203491,80.212562561,67884,67894,10
13.0824403763,80.2117919922,67894,67905,11
13.0824804306,80.2108383179,67905,67915,10
13.0824298859,80.2104110718,67915,67965,50
13.0824298859,80.2104110718,67965,67975,10
13.0825099945,80.2101669312,67975,67986,11
13.0824804306,80.2098464966,67986,67996,10
13.0824804306,80.2095565796,67996,68006,10
13.0824899673,80.2091369629,68006,68016,10
13.0824604034,80.2086486816,68016,68026,10
13.0824899673,80.2084579468,68026,68036,10
13.0825099945,80.2081832886,68036,68046,10
13.0825395584,80.2079467773,68046,68056,10
13.082570076,80.2078170776,68056,68067,11
13.0825595856,80.2073135376,68067,68077,10
13.0825796127,80.2066192627,68077,68087,10
13.0826101303,80.2059402466,68087,68097,10
13.0826196671,80.2058410645,68097,68107,10
13.0826396942,80.2058105469,68107,68117,10
13.0826101303,80.2054977417,68117,68127,10
13.0825500488,80.2049484253,68127,68137,10
13.0826396942,80.2041397095,68137,68147,10
13.0826997757,80.2034072876,68147,68158,11
13.0826797485,80.2030334473,68158,68168,10
13.0827302933,80.2026977539,68168,68178,10
13.0827302933,80.2022705078,68178,68188,10
13.08273983,80.2017364502,68188,68249,61
13.08273983,80.2017364502,68249,68259,10
13.0827703476,80.2012405396,68259,68269,10
13.0827999115,80.2008132935,68269,68279,10
13.0828199387,80.2004470825,68279,68289,10
13.0831899643,80.2003631592,68289,68299,10
13.0836801529,80.2003936768,68299,68309,10
13.0842599869,80.2004013062,68309,68320,11
13.0847797394,80.2004089355,68320,68340,20
13.0847797394,80.2004089355,68340,68350,10
13.0851802826,80.2003936768,68350,68360,10
13.0853099823,80.2001571655,68360,68370,10
13.0853204727,80.1995773315,68370,68380,10
13.0853700638,80.1989135742,68380,68390,10
13.0857000351,80.1987762451,68390,68400,10
13.0867795944,80.1988220215,68400,68502,102
13.0867795944,80.1988220215,68502,68512,10
13.0870704651,80.1988677979,68512,68522,10
13.0873298645,80.1988830566,68522,68532,10
13.0876903534,80.1988601685,68532,68542,10
13.0881900787,80.1988601685,68542,68552,10
13.0887899399,80.1988601685,68552,68562,10
13.0893201828,80.1988372803,68562,68573,11
13.0898504257,80.1988220215,68573,68583,10
13.0900802612,80.1987991333,68583,68593,10
13.0902099609,80.1987915039,68593,68603,10
13.0905303955,80.1987075806,68603,68613,10
13.0906400681,80.1987075806,68613,68623,10
13.0906600952,80.1987228394,68623,68633,10
13.0910797119,80.198677063,68633,68643,10
13.0916996002,80.1986618042,68643,68653,10
13.0924196243,80.1986465454,68653,68664,11
13.0931196213,80.1986618042,68664,68674,10
13.0934400558,80.1985626221,68674,68684,10
13.0934000015,80.1982498169,68684,68694,10
13.0937595367,80.1981201172,68694,68724,30
13.0937595367,80.1981201172,68724,68734,10
13.0939302444,80.1982803345,68734,68745,11
13.0938901901,80.1985473633,68745,68755,10
13.0941896439,80.198638916,68755,68765,10
13.0947999954,80.198638916,68765,68775,10
13.0952596664,80.1986465454,68775,68785,10
13.0959596634,80.1986694336,68785,68795,10
13.0969295502,80.198677063,68795,68805,10
13.097990036,80.1982879639,68805,68815,10
13.0984802246,80.1972579956,68815,68825,10
13.0987997055,80.1960220337,68825,68836,11
13.0995397568,80.19506073,68836,68846,10
13.1004600525,80.1945266724,68846,68856,10
13.1013097763,80.1943130493,68856,68866,10
13.101559639,80.1940612793,68866,68876,10
13.101849556,80.1934432983,68876,68886,10
13.101650238,80.1923522949,68886,68896,10
13.1014699936,80.1912994385,68896,68906,10
13.101269722,80.190536499,68906,68917,11
13.1010599136,80.1899719238,68917,68937,20
13.1010599136,80.1899719238,68937,68947,10
13.1010704041,80.1899032593,68947,68957,10
13.1009302139,80.1895217896,68957,68967,10
13.1005897522,80.1890106201,68967,68977,10
13.1003599167,80.1885604858,68977,68987,10
13.1001396179,80.188117981,68987,68998,11
13.1000099182,80.1878204346,68998,69008,10
13.0999803543,80.187713623,69008,69018,10
13.0999403,80.1875762939,69018,69028,10
13.0998802185,80.1874008179,69028,69038,10
13.0998401642,80.187286377,69038,69048,10
13.0997695923,80.1870727539,69048,69058,10
13.0997200012,80.1868362427,69058,69068,10
13.0996599197,80.186416626,69068,69078,10
13.0995397568,80.1858596802,69078,69089,11
13.0994195938,80.1854324341,69089,69099,10
13.0993900299,80.185256958,69099,69109,10
13.0993900299,80.1852416992,69109,69119,10
13.099360466,80.1850280762,69119,69129,10
13.0992498398,80.1845703125,69129,69139,10
13.0990600586,80.1840667725,69139,69149,10
13.0988903046,80.18359375,69149,69159,10
13.0987701416,80.1831893921,69159,69170,11
13.098739624,80.1830596924,69170,69180,10
13.0987100601,80.1829223633,69180,69190,10
13.0986995697,80.1829223633,69190,69200,10
13.0986404419,80.1827011108,69200,69210,10
13.0985603333,80.1824417114,69210,69220,10
13.0985603333,80.1824188232,69220,69230,10
13.0985202789,80.1821594238,69230,69251,21
13.0985202789,80.1821594238,69251,69261,10
13.0984096527,80.1817626953,69261,69291,30
13.0984096527,80.1817626953,69291,69301,10
13.0983600616,80.1814804077,69301,69311,10
13.0982198715,80.1809692383,69311,69321,10
13.0980796814,80.1804199219,69321,69331,10
13.0979204178,80.1797637939,69331,69342,11
13.097820282,80.1789474487,69342,69352,10
13.097820282,80.1781387329,69352,69362,10
13.0978403091,80.177696228,69362,69372,10
13.0979003906,80.1770324707,69372,69382,10
13.0979995728,80.1765213013,69382,69392,10
13.0980195999,80.1762695313,69392,69402,10
13.0980997086,80.1757202148,69402,69412,10
13.0980997086,80.175567627,69412,69423,11
13.098110199,80.1753005981,69423,69433,10
13.0982198715,80.1747817993,69433,69443,10
13.098279953,80.1745986938,69443,69453,10
13.0984401703,80.174079895,69453,69463,10
13.0987501144,80.1733627319,69463,69473,10
13.0990800858,80.1725387573,69473,69483,10
13.099360466,80.1716690063,69483,69493,10
13.0995798111,80.1709823608,69493,69504,11
13.0996103287,80.1708221436,69504,69514,10
13.0996704102,80.1706237793,69514,69524,10
13.0997200012,80.1703033447,69524,69534,10
13.0997495651,80.1696777344,69534,69574,40
13.0997495651,80.1696777344,69574,69584,10
13.099820137,80.1693572998,69584,69595,11
13.0998601913,80.1690292358,69595,69605,10
13.0998697281,80.1687164307,69605,69615,10
13.0999298096,80.1682281494,69615,69625,10
13.0999603271,80.1677780151,69625,69635,10
13.0999698639,80.1672286987,69635,69645,10
13.1001195908,80.1666412354,69645,69655,10
13.1003398895,80.1660003662,69655,69665,10
13.1005601883,80.1652908325,69665,69676,11
13.1007299423,80.1647033691,69676,69686,10
13.1009597778,80.1640625,69686,69696,10
13.1011199951,80.1635131836,69696,69706,10
13.101269722,80.1628875732,69706,69716,10
13.1012802124,80.1621932983,69716,69797,81
13.1012802124,80.1621932983,69797,69807,10
13.101360321,80.1618423462,69807,69817,10
13.1014003754,80.161239624,69817,69827,10
13.1013803482,80.1606216431,69827,69837,10
13.1014099121,80.1599807739,69837,69848,11
13.1017904282,80.1593322754,69848,69858,10
13.1022195816,80.1589279175,69858,69868,10
13.1026697159,80.1585083008,69868,69878,10
13.1031398773,80.1579818726,69878,69888,10
13.1034402847,80.1572113037,69888,69898,10
13.1035995483,80.1565628052,69898,69908,10
13.1036901474,80.1561431885,69908,69918,10
13.1038503647,80.1554794312,69918,69929,11
13.1040401459,80.1546325684,69929,69939,10
13.1042604446,80.1538009644,69939,69949,10
13.1046600342,80.1530914307,69949,69959,10
13.105050087,80.1525802612,69959,69969,10
13.1050596237,80.1525802612,69969,69979,10
13.1051502228,80.1525497437,69979,69989,10
13.1057195663,80.1523590088,69989,69999,10
13.1064901352,80.1523284912,69999,70010,11
13.1071195602,80.1522979736,70010,70020,10
13.1074800491,80.1523132324,70020,70030,10
13.1079702377,80.1522674561,70030,70040,10
13.1083402634,80.1522827148,70040,70050,10
13.1087999344,80.1522674561,70050,70060,10
13.1090803146,80.1522674561,70060,70070,10
13.1094102859,80.1523208618,70070,70080,10
13.1097097397,80.1523590088,70080,70090,10
13.1101303101,80.152381897,70090,70101,11
13.1106500626,80.1519775391,70101,70111,10
13.1110801697,80.1517868042,70111,70121,10
13.1112804413,80.1517028809,70121,70131,10
13.1113796234,80.1516036987,70131,70141,10
13.1116600037,80.1512374878,70141,70161,20
13.1116600037,80.1512374878,70161,70171,10
13.1118202209,80.1510391235,70171,70182,11
13.1120195389,80.1507568359,70182,70192,10
13.1120796204,80.1507034302,70192,70202,10
13.112159729,80.150642395,70202,70212,10
13.1123399734,80.1505126953,70212,70222,10
13.1125297546,80.1504211426,70222,70232,10
13.1127195358,80.1503295898,70232,70242,10
13.1130599976,80.1500015259,70242,70252,10
13.1131896973,80.1495132446,70252,70262,10
13.113240242,80.149307251,70262,70273,11
13.1132898331,80.1490478516,70273,70283,10
13.1133499146,80.1488723755,70283,70293,10
13.1134700775,80.148651123,70293,70303,10
13.113699913,80.1484527588,70303,70313,10
13.1140098572,80.1483078003,70313,70323,10
13.1144504547,80.1481704712,70323,70333,10
13.1148300171,80.1480407715,70333,70343,10
13.1153202057,80.1479034424,70343,70354,11
13.116230011,80.1480789185,70354,70364,10
13.1165800095,80.1483383179,70364,70374,10
13.1167802811,80.1485671997,70374,70384,10
13.1169500351,80.1487731934,70384,70424,40
13.1172103882,80.1490707397,70424,70445,21
13.1172103882,80.1490707397,70445,70455,10
13.1174402237,80.1493377686,70455,70465,10
13.1174697876,80.1493682861,70465,70475,10
13.1176300049,80.149520874,70475,70485,10
13.1178703308,80.1496124268,70485,70495,10
13.1181097031,80.1496810913,70495,70505,10
13.1183300018,80.1497268677,70505,70516,11
13.1183900833,80.1497573853,70516,70526,10
13.118689537,80.1498413086,70526,70536,10
13.1190299988,80.1499099731,70536,70546,10
13.1191997528,80.1499404907,70546,70556,10
13.1193704605,80.1499786377,70556,70566,10
13.1195602417,80.1499786377,70566,70576,10
13.1198501587,80.1498794556,70576,70586,10
13.1201601028,80.1495895386,70586,70596,10
13.1204996109,80.1491928101,70596,70607,11
13.1210899353,80.1487884521,70607,70617,10
13.121509552,80.1484832764,70617,70627,10
13.1218299866,80.1479263306,70627,70657,30
13.1218299866,80.1479263306,70657,70667,10
13.1219396591,80.1478500366,70667,70677,10
13.122130394,80.1474533081,70677,70688,11
13.1225099564,80.1468276978,70688,70698,10
13.1229000092,80.146156311,70698,70708,10
13.123290062,80.1455078125,70708,70718,10
13.1235799789,80.1450195313,70718,70727,9
13.1238803864,80.1445236206,70727,70738,11
13.1242904663,80.1438674927,70738,70748,10
13.1245603561,80.1434020996,70748,70758,10
13.1248703003,80.1429519653,70758,70768,10
13.1252202988,80.1423492432,70768,70779,11
13.1255502701,80.1418228149,70779,70789,10
13.1260595322,80.1412506104,70789,70799,10
13.1267004013,80.1407623291,70799,70809,10
13.1272602081,80.1403427124,70809,70819,10
13.1277799606,80.1399536133,70819,70829,10
13.1284198761,80.1394729614,70829,70839,10
13.1289396286,80.1390609741,70839,70849,10
13.1294498444,80.1387023926,70849,70860,11
13.1300296783,80.1380996704,70860,70870,10
13.1301803589,80.1378097534,70870,70880,10
13.1302900314,80.1373519897,70880,70890,10
13.130399704,80.1366577148,70890,70900,10
13.1305198669,80.1359024048,70900,70910,10
13.1305999756,80.1352767944,70910,70920,10
13.1306800842,80.1347198486,70920,70930,10
13.1306800842,80.1341781616,70930,70941,11
13.130689621,80.1334228516,70941,70951,10
13.1307001114,80.1326904297,70951,70961,10
13.1307201385,80.1321182251,70961,70971,10
13.1307001114,80.1316833496,70971,70981,10
13.1307096481,80.1312179565,70981,70991,10
13.1307897568,80.130241394,70991,71011,20
13.1307897568,80.130241394,71011,71021,10
13.1308202744,80.1301574707,71021,71032,11
13.1309404373,80.1296234131,71032,71042,10
13.1310796738,80.1290435791,71042,71052,10
13.1312704086,80.1283569336,71052,71062,10
13.1312799454,80.1273727417,71062,71072,10
13.1307497025,80.1264190674,71072,71082,10
13.1301898956,80.1256790161,71082,71092,10
13.1296796799,80.1250534058,71092,71102,10
13.129240036,80.1245193481,71102,71113,11
13.1286897659,80.123878479,71113,71123,10
13.1279602051,80.1230697632,71123,71133,10
13.1272697449,80.122253418,71133,71143,10
13.1267595291,80.1216430664,71143,71153,10
13.1262798309,80.1210327148,71153,71163,10
13.1260595322,80.1201782227,71163,71173,10
13.1258296967,80.1194000244,71173,71183,10
13.1255702972,80.1185379028,71183,71193,10
13.1253595352,80.1179962158,71193,71204,11
13.1252698898,80.1177368164,71204,71214,10
13.125,80.1170425415,71214,71224,10
13.1246204376,80.116027832,71224,71234,10
13.1241502762,80.1147766113,71234,71244,10
13.1237201691,80.113571167,71244,71254,10
13.1233901978,80.1125488281,71254,71264,10
13.1232404709,80.1117401123,71264,71274,10
13.1231603622,80.1109619141,71274,71285,11
13.1228399277,80.1101303101,71285,71295,10
13.1223402023,80.1094512939,71295,71305,10
13.1217699051,80.1087036133,71305,71315,10
13.1211500168,80.1080780029,71315,71325,10
13.1205701828,80.1075286865,71325,71335,10
13.1202096939,80.1067886353,71335,71345,10
13.1199398041,80.1060409546,71345,71355,10
13.1197395325,80.1052474976,71355,71366,11
13.1196298599,80.1044235229,71366,71376,10
13.1195697784,80.1036987305,71376,71386,10
13.1195402145,80.1031265259,71386,71396,10
13.1195402145,80.1030426025,71396,71406,10
13.1195697784,80.1028671265,71406,71416,10
13.1196098328,80.1025009155,71416,71426,10
13.1196603775,80.1020889282,71426,71436,10
13.119720459,80.1018295288,71436,71446,10
13.1198997498,80.1019287109,71446,71457,11
13.1199998856,80.1022033691,71457,71952,495
13.119720459,80.1024780273,71952,71973,21
13.119720459,80.1024780273,71973,71983,10
13.1196098328,80.1026992798,71983,71993,10
13.1196203232,80.1030426025,71993,72003,10
13.1195802689,80.1034317017,72003,72013,10
13.1196098328,80.1039886475,72013,72023,10
13.1196498871,80.1047515869,72023,72033,10
13.1197900772,80.1055603027,72033,72044,11
13.1200399399,80.106262207,72044,72054,10
13.1202898026,80.1070327759,72054,72064,10
13.1208696365,80.1078414917,72064,72074,10
13.1213903427,80.1083221436,72074,72084,10
13.1219902039,80.1090011597,72084,72094,10
13.1223802567,80.1095199585,72094,72104,10
13.1228704453,80.1101989746,72104,72114,10
13.1231899261,80.1109237671,72114,72125,11
13.1232795715,80.1120529175,72125,72135,10
13.123550415,80.1131362915,72135,72145,10
13.1238498688,80.1140136719,72145,72155,10
13.1241903305,80.1149368286,72155,72165,10
13.1245002747,80.1157531738,72165,72175,10
13.1248502731,80.1166915894,72175,72185,10
13.1252403259,80.11769104,72185,72195,10
13.125579834,80.1185302734,72195,72205,10
13.1256103516,80.1186294556,72205,72216,11
13.1257400513,80.119102478,72216,72226,10
13.1259202957,80.1196670532,72226,72236,10
13.1261100769,80.1203536987,72236,72246,10
13.1263799667,80.1212310791,72246,72256,10
13.1269702911,80.1219406128,72256,72266,10
13.1275396347,80.1226196289,72266,72276,10
13.1281003952,80.123298645,72276,72286,10
13.1285400391,80.123840332,72286,72297,11
13.1292104721,80.1245727539,72297,72307,10
13.1297998428,80.1252593994,72307,72317,10
13.1303796768,80.1259994507,72317,72327,10
13.1309700012,80.1267776489,72327,72337,10
13.1314201355,80.1274490356,72337,72347,10
13.1313199997,80.1281509399,72347,72357,10
13.1311998367,80.128578186,72357,72367,10
13.1310596466,80.129119873,72367,72377,10
13.1309204102,80.1296768188,72377,72388,11
13.13078022,80.1302566528,72388,72398,10
13.130689621,80.1307830811,72398,72408,10
13.1306800842,80.1313171387,72408,72418,10
13.1306600571,80.1317214966,72418,72428,10
13.1306600571,80.1322937012,72428,72438,10
13.1306495667,80.1328887939,72438,72448,10
13.1306495667,80.1330184937,72448,72458,10
13.1306495667,80.1333465576,72458,72469,11
13.1306295395,80.1341705322,72469,72479,10
13.1306400299,80.1347427368,72479,72489,10
13.1305599213,80.1353225708,72489,72499,10
13.1304597855,80.1360626221,72499,72509,10
13.1303501129,80.1367874146,72509,72519,10
13.1302099228,80.1375579834,72519,72529,10
13.1298303604,80.1382904053,72529,72539,10
13.1291303635,80.138923645,72539,72550,11
13.1285800934,80.139289856,72550,72560,10
13.1279802322,80.1397781372,72560,72570,10
13.1273097992,80.1402816772,72570,72580,10
13.1266803741,80.1407394409,72580,72590,10
13.1260204315,80.1412277222,72590,72600,10
13.1254997253,80.1418609619,72600,72610,10
13.1250400543,80.1425933838,72610,72620,10
13.1246299744,80.1432495117,72620,72631,11
13.1244497299,80.1435317993,72631,72641,10
13.1242904663,80.1437835693,72641,72651,10
13.1239900589,80.144241333,72651,72661,10
13.1235904694,80.1449127197,72661,72671,10
13.1231899261,80.1455383301,72671,72681,10
13.1228303909,80.1461029053,72681,72691,10
13.1225204468,80.1466064453,72691,72701,10
13.1223802567,80.1468505859,72701,72711,10
13.122300148,80.1472015381,72711,72722,11
13.1223602295,80.1477584839,72722,72732,10
13.1225299835,80.1483383179,72732,72742,10
13.122469902,80.1486816406,72742,72752,10
13.1218795776,80.1485595703,72752,72762,10
13.1211299896,80.14868927,72762,72772,10
13.1205797195,80.1490097046,72772,72782,10
13.1201400757,80.1494598389,72782,72792,10
13.1195201874,80.1501083374,72792,72813,21
13.1195201874,80.1501083374,72813,72823,10
13.1194000244,80.1499786377,72823,72833,10
13.1191997528,80.1498794556,72833,72843,10
13.1187801361,80.1498031616,72843,72853,10
13.1182804108,80.1496963501,72853,72863,10
13.1178503036,80.1496276855,72863,72873,10
13.1176204681,80.1495513916,72873,72883,10
13.1170396805,80.1490402222,72883,72894,11
13.1163396835,80.1482162476,72894,72904,10
13.1154003143,80.1478805542,72904,72914,10
13.1146602631,80.1480407715,72914,72924,10
13.1139297485,80.1483001709,72924,72934,10
13.1133003235,80.1487731934,72934,72944,10
13.1130895615,80.1496734619,72944,72954,10
13.112739563,80.1502380371,72954,72964,10
13.112449646,80.1504135132,72964,72975,11
13.1120996475,80.1506195068,72975,72985,10
13.1118297577,80.1509094238,72985,72995,10
13.1115598679,80.151260376,72995,73005,10
13.1110801697,80.1517181396,73005,73015,10
13.1105098724,80.1519775391,73015,73025,10
13.1101999283,80.1522903442,73025,73035,10
13.1100597382,80.1523590088,73035,73045,10
13.1096601486,80.1522979736,73045,73055,10
13.1095199585,80.1522827148,73055,73066,11
13.1094503403,80.1522674561,73066,73076,10
13.1092700958,80.1522521973,73076,73086,10
13.1089000702,80.1522369385,73086,73096,10
13.108499527,80.1522598267,73096,73106,10
13.1078996658,80.1522827148,73106,73116,10
13.1072502136,80.1523132324,73116,73126,10
13.1064395905,80.15234375,73126,73136,10
13.1059799194,80.1523666382,73136,73147,11
13.1053104401,80.1524734497,73147,73157,10
13.1045999527,80.1530990601,73157,73167,10
13.1041498184,80.1539382935,73167,73177,10
13.1039400101,80.154800415,73177,73187,10
13.1037597656,80.1556777954,73187,73197,10
13.1035995483,80.1564025879,73197,73207,10
13.1034202576,80.1571578979,73207,73217,10
13.1030797958,80.1580581665,73217,73228,11
13.1024198532,80.1587219238,73228,73238,10
13.1019296646,80.1591720581,73238,73248,10
13.1015100479,80.1596603394,73248,73258,10
13.1013402939,80.1601409912,73258,73268,10
13.1013298035,80.1609725952,73268,73278,10
13.1013898849,80.1616210938,73278,73308,30
13.1013898849,80.1616210938,73308,73319,11
13.1014204025,80.1617202759,73319,73329,10
13.1014299393,80.1619415283,73329,73339,10
13.1013402939,80.162437439,73339,73349,10
13.1012601852,80.1630172729,73349,73359,10
13.1011104584,80.1636962891,73359,73369,10
13.100859642,80.1644592285,73369,73379,10
13.1005802155,80.1653366089,73379,73389,10
13.1002902985,80.1662597656,73389,73400,11
13.1000204086,80.1672210693,73400,73410,10
13.0999298096,80.1679534912,73410,73420,10
13.0998601913,80.1687088013,73420,73430,10
13.0998001099,80.1691207886,73430,73440,10
13.099729538,80.1696090698,73440,73531,91
13.099729538,80.1696090698,73531,73541,10
13.0997400284,80.1696472168,73541,73551,10
13.0996999741,80.1700134277,73551,73561,10
13.099650383,80.1704025269,73561,73572,11
13.0995702744,80.1708679199,73572,73582,10
13.09953022,80.1709899902,73582,73592,10
13.0994901657,80.1710968018,73592,73602,10
13.0993299484,80.1716690063,73602,73612,10
13.0990400314,80.1725463867,73612,73622,10
13.0986700058,80.1734390259,73622,73632,10
13.0982904434,80.1744232178,73632,73642,10
13.0980901718,80.1751327515,73642,73653,11
13.0980501175,80.1756515503,73653,73663,10
13.0980195999,80.1761169434,73663,73673,10
13.0979099274,80.1767120361,73673,73683,10
13.0977497101,80.1780929565,73683,73693,10
13.0977497101,80.1780929565,73693,73703,10
13.0977497101,80.1789169312,73703,73713,10
13.097820282,80.1795806885,73713,73723,10
13.0979795456,80.1802215576,73723,73734,11
13.0981502533,80.1808319092,73734,73744,10
13.0981502533,80.1808700562,73744,73756,12
13.0981798172,80.1810836792,73756,73766,10
13.0983495712,80.181640625,73766,73776,10
13.0984201431,80.181968689,73776,73786,10
13.0985097885,80.1824111938,73786,73796,10
13.0986204147,80.1828689575,73796,73806,10
13.0987596512,80.1833114624,73806,73817,11
13.0989198685,80.1838226318,73817,73827,10
13.0991601944,80.1845703125,73827,73837,10
13.0993700027,80.1855010986,73837,73857,20
13.0993700027,80.1855010986,73857,73867,10
13.0994100571,80.1857528687,73867,73877,10
13.0995101929,80.1861190796,73877,73887,10
13.09953022,80.1861572266,73887,73897,10
13.0994997025,80.1862564087,73897,73948,51
13.0994997025,80.1862564087,73948,73958,10
13.0995397568,80.1865386963,73958,73968,10
13.0996904373,80.1869430542,73968,73978,10
13.099820137,80.1874694824,73978,73988,10
13.1000099182,80.1880111694,73988,73999,11
13.1003303528,80.1886672974,73999,74009,10
13.1006603241,80.1891479492,74009,74019,10
13.1011400223,80.1896133423,74019,74029,10
13.1011800766,80.1896972656,74029,74039,10
13.1012001038,80.1897888184,74039,74049,10
13.1012496948,80.1901626587,74049,74059,10
13.1014204025,80.1910171509,74059,74069,10
13.1015901566,80.1920700073,74069,74080,11
13.1017799377,80.1931228638,74080,74090,10
13.1018896103,80.1937408447,74090,74100,10
13.1019802094,80.1939697266,74100,74110,10
13.1021003723,80.1941986084,74110,74120,10
13.1019001007,80.1945800781,74120,74130,10
13.1011896133,80.1946487427,74130,74140,10
13.1000995636,80.1949386597,74140,74150,10
13.0990600586,80.1959228516,74150,74161,11
13.098449707,80.1973419189,74161,74171,10
13.0979003906,80.198387146,74171,74181,10
13.0969104767,80.1987533569,74181,74191,10
13.0958995819,80.1987533569,74191,74201,10
13.0953998566,80.1987762451,74201,74211,10
13.0952701569,80.1987686157,74211,74221,10
13.0951299667,80.1987380981,74221,74231,10
13.0950202942,80.1987228394,74231,74241,10
13.0949296951,80.1987075806,74241,74252,11
13.0947999954,80.1988983154,74252,74262,10
13.0947904587,80.1993484497,74262,74272,10
13.0947704315,80.2000274658,74272,74282,10
13.0947303772,80.2005691528,74282,74292,10
13.0943698883,80.2006607056,74292,74302,10
13.0935297012,80.2006607056,74302,74312,10
13.0927495956,80.2006607056,74312,74322,10
13.0912303925,80.2006072998,74322,74343,21
13.0912303925,80.2006072998,74343,74353,10
13.0907802582,80.2005615234,74353,74363,10
13.0903301239,80.2005462646,74363,74373,10
13.0897102356,80.2005691528,74373,74383,10
13.0888004303,80.2005386353,74383,74393,10
13.0878200531,80.2005233765,74393,74403,10
13.0870704651,80.2005004883,74403,74414,11
13.0860204697,80.2004470825,74414,74424,10
13.0855102539,80.2004013062,74424,74434,10
13.0852499008,80.2003707886,74434,74444,10
13.0851097107,80.2005996704,74444,74454,10
13.0851202011,80.200668335,74454,74464,10
13.085100174,80.2009887695,74464,74474,10
13.0850896835,80.2015609741,74474,74484,10
13.0850496292,80.2021331787,74484,74494,10
13.0850400925,80.2025985718,74494,74505,11
13.085100174,80.2033615112,74505,74515,10
13.0850400925,80.2043762207,74515,74525,10
13.0850000381,80.2055435181,74525,74535,10
13.0849704742,80.2063293457,74535,74545,10
13.0848999023,80.2071609497,74545,74555,10
13.0848302841,80.2076721191,74555,74565,10
13.0848197937,80.207862854,74565,74575,10
13.0847902298,80.2082519531,74575,74586,11
13.0847902298,80.2089691162,74586,74596,10
13.0847702026,80.2095108032,74596,74606,10
13.0847501755,80.2099914551,74606,74616,10
13.0848398209,80.2103805542,74616,74626,10
13.0848999023,80.2109222412,74626,74636,10
13.084859848,80.2111129761,74636,74646,10
13.0848197937,80.2119369507,74646,74656,10
13.0847702026,80.2130813599,74656,74666,10
13.0847196579,80.2143707275,74666,74677,11
13.0846700668,80.215423584,74677,74687,10
13.0846796036,80.2159805298,74687,74697,10
13.0846796036,80.2159881592,74697,74707,10
13.0846395493,80.2163696289,74707,74717,10
13.0845899582,80.2170181274,74717,74727,10
13.084569931,80.2175369263,74727,74737,10
13.0843296051,80.2178192139,74737,74747,10
13.0839004517,80.2179412842,74747,74758,11
13.0833702087,80.2179718018,74758,74768,10
13.0828895569,80.2180023193,74768,74778,10
13.0822200775,80.2180023193,74778,74788,10
13.0815200806,80.2179336548,74788,74798,10
13.0808897018,80.2178878784,74798,74808,10
13.0802297592,80.2178573608,74808,74818,10
13.0796804428,80.2178573608,74818,74828,10
13.079079628,80.2178268433,74828,74838,10
13.0784101486,80.2178268433,74838,74849,11
13.0774297714,80.2180099487,74849,74859,10
13.0764598846,80.2181167603,74859,74869,10
13.0760097504,80.2181167603,74869,74879,10
13.0758304596,80.2181015015,74879,74889,10
13.0752096176,80.2181625366,74889,74909,20
13.0752096176,80.2181625366,74909,74919,10
13.0749101639,80.2182998657,74919,74930,11
13.0747499466,80.2187423706,74930,74940,10
13.0746803284,80.2192077637,74940,74950,10
13.0746097565,80.2195205688,74950,74960,10
13.0745401382,80.2199172974,74960,74970,10
13.0743503571,80.2208633423,74970,75000,30
13.0743503571,80.2208633423,75000,75011,11
13.0741996765,80.2209014893,75011,75021,10
13.0736303329,80.2209091187,75021,75031,10
13.072810173,80.2209777832,75031,75041,10
13.0723896027,80.2214431763,75041,75061,20
13.0723896027,80.2214431763,75061,75071,10
13.0720500946,80.2217407227,75071,75081,10
13.0716295242,80.2222290039,75081,75091,10
13.071100235,80.2229614258,75091,75102,11
13.0705404282,80.2236785889,75102,75112,10
13.0701704025,80.2241210938,75112,75122,10
13.0697898865,80.2245330811,75122,75132,10
13.0693798065,80.2249679565,75132,75142,10
13.0690498352,80.2253570557,75142,75152,10
13.0684499741,80.2260818481,75152,75162,10
13.0680599213,80.2266082764,75162,75172,10
13.0677499771,80.2269287109,75172,75183,11
13.0677204132,80.2269897461,75183,75193,10
13.0674495697,80.2273406982,75193,75203,10
13.0669803619,80.2279968262,75203,75213,10
13.0666503906,80.228843689,75213,75223,10
13.0666704178,80.2296829224,75223,75233,10
13.0666103363,80.2305831909,75233,75243,10
13.0665597916,80.230796814,75243,75253,10
13.0664901733,80.2308807373,75253,75264,11
13.0663995743,80.2312164307,75264,75274,10
13.0663995743,80.2312393188,75274,75284,10
13.0663604736,80.2314987183,75284,75294,10
13.0662403107,80.2320022583,75294,75304,10
13.0659999847,80.2327575684,75304,75314,10
13.0657100677,80.2337036133,75314,75324,10
13.0654001236,80.234336853,75324,75334,10
13.0649995804,80.2346420288,75334,75344,10
13.0643701553,80.2350234985,75344,75355,11
13.0639200211,80.2355804443,75355,75365,10
13.0641498566,80.2361984253,75365,75375,10
13.0637397766,80.2362823486,75375,75385,10
13.0628995895,80.2362289429,75385,75395,10
13.0620098114,80.2365570068,75395,75405,10
13.061340332,80.2373199463,75405,75415,10
13.0607700348,80.2379608154,75415,75425,10
13.0602798462,80.2384033203,75425,75436,11
13.0598402023,80.2389602661,75436,75446,10
13.0594501495,80.2394866943,75446,75456,10
13.0588903427,80.2401580811,75456,75466,10
13.0584697723,80.240562439,75466,75476,10
13.0577402115,80.2412414551,75476,75486,10
13.0571899414,80.2420730591,75486,75496,10
13.0570402145,80.2423171997,75496,75506,10
13.0570201874,80.2423477173,75506,75517,11
13.0568704605,80.2426223755,75517,75527,10
13.05671978,80.2427902222,75527,75537,10
13.0562801361,80.2426071167,75537,75547,10
13.0557804108,80.2423629761,75547,75557,10
13.0550699234,80.2423400879,75557,75567,10
13.0544900894,80.2424163818,75567,75577,10
13.053730011,80.2423019409,75577,75587,10
13.0537099838,80.2422790527,75587,75597,10
13.0535402298,80.2421569824,75597,75608,11
13.053030014,80.2419433594,75608,75618,10
13.0528001785,80.2418823242,75618,75628,10
13.0525798798,80.2417984009,75628,75638,10
13.0522203445,80.2413406372,75638,75648,10
13.0520000458,80.2409591675,75648,75658,10
13.0516996384,80.2407302856,75658,75668,10
13.0512504578,80.2406692505,75668,75678,10
13.050740242,80.2406005859,75678,75689,11
13.0500097275,80.2404174805,75689,75699,10
13.0494003296,80.2402496338,75699,75709,10
13.0487298965,80.2401733398,75709,75719,10
13.0480604172,80.2400436401,75719,75729,10
13.0471601486,80.2397994995,75729,75739,10
13.0462598801,80.2395935059,75739,75749,10
13.0461797714,80.2392501831,75749,75759,10
13.0463199615,80.2385864258,75759,75770,11
13.0464897156,80.2378997803,75770,75780,10
13.0466499329,80.2369232178,75780,75790,10
13.0468301773,80.2361526489,75790,75800,10
13.0469198227,80.2356719971,75800,75810,10
13.0469799042,80.2353515625,75810,75820,10
13.0471200943,80.2344970703,75820,75830,10
13.0471801758,80.233543396,75830,75840,10
13.0472202301,80.2331008911,75840,75850,10
13.0466899872,80.2330322266,75850,75861,11
13.0458097458,80.2328567505,75861,75871,10
13.0451803207,80.232749939,75871,75881,10
13.0451402664,80.2327194214,75881,75891,10
13.044960022,80.2326507568,75891,75901,10
13.0443401337,80.2325363159,75901,75911,10
13.043390274,80.2323989868,75911,75921,10
13.0423803329,80.2323379517,75921,75931,10
13.0412502289,80.2321777344,75931,75942,11
13.0398302078,80.2317123413,75942,75952,10
13.0388202667,80.2314300537,75952,75962,10
13.0379104614,80.2311630249,75962,75972,10
13.0371799469,80.2309265137,75972,75982,10
13.0369195938,80.2308273315,75982,75992,10
13.0368404388,80.2307891846,75992,76002,10
13.0365896225,80.2307281494,76002,76012,10
13.0360803604,80.2305603027,76012,76022,10
13.0355701447,80.2304382324,76022,76053,31
13.0355701447,80.2304382324,76053,76063,10
13.0350999832,80.2303009033,76063,76073,10
13.0346403122,80.2303085327,76073,76083,10
13.0342798233,80.2304000854,76083,76092,9
13.0340003967,80.2304763794,76092,76103,11
13.0334701538,80.2304992676,76103,76154,51
13.0334701538,80.2304992676,76154,76164,10
13.0333595276,80.23046875,76164,76174,10
13.0329904556,80.230506897,76174,76184,10
13.0324802399,80.2305831909,76184,76194,10
13.0319299698,80.2306594849,76194,76205,11
13.0312404633,80.2306976318,76205,76215,10
13.0307798386,80.2307662964,76215,76225,10
13.0305700302,80.230758667,76225,76235,10
13.0302000046,80.230796814,76235,76245,10
13.0296802521,80.2308883667,76245,76255,10
13.0291795731,80.2309799194,76255,76265,10
13.0285196304,80.2310791016,76265,76275,10
13.0279502869,80.2311630249,76275,76286,11
13.0276403427,80.2312164307,76286,76296,10
13.0276298523,80.2316436768,76296,76306,10
13.027680397,80.232208252,76306,76316,10
13.0277299881,80.2327423096,76316,76326,10
13.0271997452,80.2329025269,76326,76336,10
13.0267400742,80.233001709,76336,76346,10
13.0263299942,80.2328872681,76346,76356,10
13.0261201859,80.2322387695,76356,76367,11
13.0258798599,80.2312927246,76367,76377,10
13.0255498886,80.2305526733,76377,76458,81
13.0255498886,80.2305526733,76458,76468,10
13.0254201889,80.2302398682,76468,76478,10
13.0249996185,80.229598999,76478,76488,10
13.0239601135,80.2283401489,76488,76508,20
13.0239601135,80.2283401489,76508,76518,10
13.0239496231,80.2283172607,76518,76528,10
13.0237503052,80.2280502319,76528,76539,11
13.023349762,80.2276687622,76539,76549,10
13.0228996277,80.2272109985,76549,76559,10
13.0222702026,80.2266387939,76559,76569,10
13.0216703415,80.2261123657,76569,76579,10
13.0211496353,80.225730896,76579,76589,10
13.0205698013,80.2252807617,76589,76599,10
13.0198898315,80.224861145,76599,76609,10
13.0192804337,80.2245483398,76609,76620,11
13.0181798935,80.2247161865,76620,76630,10
13.0170001984,80.2252197266,76630,76640,10
13.0159502029,80.2256393433,76640,76650,10
13.0150203705,80.2259979248,76650,76660,10
13.0142202377,80.2262802124,76660,76680,20
13.0142202377,80.2262802124,76680,76690,10
13.0138502121,80.2264022827,76690,76700,10
13.0131397247,80.2266998291,76700,76711,11
13.0121002197,80.2270889282,76711,76721,10
13.0111103058,80.2275085449,76721,76731,10
13.0100698471,80.2279281616,76731,76741,10
13.0091400146,80.2284393311,76741,76751,10
13.008890152,80.2293930054,76751,76761,10
13.0086603165,80.2305297852,76761,76771,10
13.0084104538,80.2317276001,76771,76782,11
13.0081996918,80.2331237793,76782,76792,10
13.0081396103,80.2335968018,76792,76802,10
13.0081100464,80.2336425781,76802,76812,10
13.0080404282,80.2340011597,76812,76822,10
13.007900238,80.2346801758,76822,76832,10
13.0076999664,80.2357177734,76832,76842,10
13.0075101852,80.2367706299,76842,76852,10
13.0072898865,80.23777771,76852,76862,10
13.007109642,80.2386932373,76862,76873,11
13.0069198608,80.2394180298,76873,76883,10
13.006819725,80.2400131226,76883,76893,10
13.0068101883,80.2400970459,76893,76903,10
13.0067396164,80.240737915,76903,76923,20
13.0067396164,80.240737915,76923,76933,10
13.0066795349,80.241027832,76933,76943,10
13.0066204071,80.2416305542,76943,76953,10
13.006649971,80.2426376343,76953,76964,11
13.0066795349,80.2436294556,76964,76974,10
13.0066099167,80.244682312,76974,76984,10
13.0066299438,80.2451629639,76984,76994,10
13.0066404343,80.2455368042,76994,77014,20
13.0066404343,80.2455368042,77014,77024,10
13.0066604614,80.2460098267,77024,77045,21
13.0066900253,80.246421814,77045,77075,30
13.0066900253,80.246421814,77075,77085,10
13.006649971,80.2468032837,77085,77095,10
13.0066604614,80.2470474243,77095,77105,10
13.0066204071,80.2472915649,77105,77115,10
13.0066404343,80.2478408813,77115,77126,11
13.0066900253,80.2488479614,77126,77136,10
13.0067796707,80.2497177124,77136,77146,10
13.0067796707,80.2498931885,77146,77156,10
13.0067396164,80.2504425049,77156,77166,10
13.0067596436,80.251159668,77166,77176,10
13.0066099167,80.2519226074,77176,77186,10
13.0064601898,80.2529067993,77186,77196,10
13.0064296722,80.2540817261,77196,77206,10
13.0065097809,80.254989624,77206,77217,11
13.0065002441,80.2550582886,77217,77227,10
13.0064601898,80.2553405762,77227,77237,10
13.006480217,80.2560806274,77237,77247,10
13.0065002441,80.2568206787,77247,77257,10
13.0065402985,80.2571411133,77257,77267,10
13.0065202713,80.25756073,77267,77277,10
13.0060901642,80.2575378418,77277,77287,10
13.0056800842,80.2574768066,77287,77298,11
13.0050401688,80.2573013306,77298,77308,10
13.00440979,80.2571792603,77308,77317,9
13.0036897659,80.2569885254,77317,77328,11
13.002869606,80.2568283081,77328,77338,10
13.0022602081,80.2567062378,77338,77347,9
13.0014696121,80.2565994263,77347,77358,11
13.0007801056,80.2564926147,77358,77368,10
12.9998197556,80.2563095093,77368,77378,10
12.99862957,80.2561035156,77378,77399,21
12.99862957,80.2561035156,77399,77409,10
12.9985399246,80.2560272217,77409,77419,10
12.9980802536,80.2559967041,77419,77429,10
12.9971199036,80.2559814453,77429,77470,41
12.9971199036,80.2559814453,77470,77480,10
12.9969100952,80.2559509277,77480,77490,10
12.9966096878,80.2559509277,77490,77500,10
12.9959802628,80.2559204102,77500,77510,10
12.9953203201,80.2559661865,77510,77520,10
12.9946899414,80.2559890747,77520,77530,10
12.9941396713,80.2560501099,77530,77540,10
12.9934196472,80.2560806274,77540,77551,11
12.992600441,80.2561798096,77551,77561,10
12.9916296005,80.2561569214,77561,77571,10
12.9906396866,80.2560577393,77571,77581,10
12.9898395538,80.2560501099,77581,77591,10
12.9885797501,80.2559585571,77591,77621,30
12.9885797501,80.2559585571,77621,77631,10
12.9885597229,80.2559585571,77631,77642,11
12.9883699417,80.2559280396,77642,77652,10
12.988120079,80.2558898926,77652,77672,20
12.988120079,80.2558898926,77672,77682,10
12.9879102707,80.2558364868,77682,77692,10
12.9877700806,80.255859375,77692,77702,10
12.9876098633,80.2558898926,77702,77712,10
12.9875497818,80.256362915,77712,77733,21
12.9875497818,80.256362915,77733,77743,10
12.9875497818,80.2565536499,77743,77753,10
12.9875097275,80.2569885254,77753,77763,10
12.9874296188,80.2577285767,77763,77773,10
12.9873399734,80.2586212158,77773,77783,10
12.9871997833,80.2592163086,77783,77793,10
12.9871196747,80.2595291138,77793,77824,31
12.9871196747,80.2595291138,77824,77834,10
12.9869098663,80.2596130371,77834,77844,10
12.986579895,80.2594833374,77844,81872,4028
12.9866399765,80.2595977783,81872,82712,840
12.9866399765,80.2595977783,82712,82722,10
12.9865999222,80.2595596313,82722,83866,1144
12.9866104126,80.2594680786,83866,84058,192
12.9866800308,80.2594604492,84058,84372,314
