13.0142402649,80.225730896,16,1336,1320
13.0142402649,80.225730896,1336,1346,10
13.0142297745,80.2260665894,1346,1447,101
13.0142297745,80.2260665894,1447,1457,10
13.0142002106,80.2258071899,1457,1467,10
13.0142002106,80.2254714966,1467,1477,10
13.01445961,80.225440979,1477,1487,10
13.0147600174,80.2255783081,1487,2165,678
13.0147600174,80.2255783081,2165,2175,10
13.0147600174,80.2254180908,2175,2658,483
13.0147600174,80.2254180908,2658,2668,10
13.0149202347,80.2254486084,2668,3696,1028
13.0143899918,80.2254562378,3696,3737,41
13.0143899918,80.2254562378,3737,3747,10
13.0143003464,80.2257766724,3747,12005,8258
13.0143499374,80.225982666,12005,12237,232
13.0143299103,80.2257766724,12237,13125,888
13.0141601563,80.2254867554,13125,15847,2722
13.0141601563,80.2255172729,15847,16018,171
13.0142202377,80.225440979,16018,19285,3267
13.0140895844,80.2255630493,19285,20776,1491
13.0141096115,80.2254333496,20776,21189,413
13.0140600204,80.2255172729,21189,21411,222
13.0141201019,80.2254562378,21411,21703,292
13.0141201019,80.2254562378,21703,21713,10
13.0143404007,80.2253036499,21713,21724,11
13.014550209,80.2256393433,21724,21734,10
13.0142097473,80.2258834839,21734,21764,30
13.0142097473,80.2258834839,21764,21774,10
13.0142097473,80.2262420654,21774,21784,10
13.0140895844,80.2263412476,21784,21794,10
13.0137195587,80.2264633179,21794,21804,10
13.0130901337,80.2266998291,21804,21814,10
13.0123796463,80.2269821167,21814,21824,10
13.0116500854,80.2272796631,21824,21834,10
13.0108995438,80.2275695801,21834,21845,11
13.0100803375,80.227897644,21845,21855,10
13.0095396042,80.2277069092,21855,21865,10
13.0097398758,80.2271194458,21865,21875,10
13.0100898743,80.2263565063,21875,21885,10
13.0104398727,80.2255401611,21885,21895,10
13.0108203888,80.2247009277,21895,21905,10
13.011179924,80.2238235474,21905,21915,10
13.0114002228,80.2232818604,21915,21925,10
13.0114002228,80.2232513428,21925,21935,10
13.0115003586,80.222869873,21935,21951,16
13.0119304657,80.2217407227,21951,21963,12
13.0120296478,80.2207794189,21963,21971,8
13.0118103027,80.2200698853,21971,21982,11
13.0114803314,80.2190628052,21982,21994,12
13.0111398697,80.2180099487,21994,22004,10
13.0108203888,80.2171173096,22004,22014,10
13.0104103088,80.2162475586,22014,22024,10
13.0100603104,80.2156066895,22024,22034,10
13.0097103119,80.2149963379,22034,22044,10
13.0091896057,80.2143173218,22044,22054,10
13.0087203979,80.2136764526,22054,22062,8
13.008310318,80.2133789063,22062,22074,12
13.0081396103,80.2133026123,22074,22084,10
13.0080003738,80.2132415771,22084,22094,10
13.0077400208,80.2130203247,22094,22105,11
13.0071001053,80.2128067017,22105,22115,10
13.0063800812,80.2127838135,22115,22125,10
13.0057897568,80.2129821777,22125,22135,10
13.0052099228,80.2126083374,22135,22145,10
13.0044603348,80.2122497559,22145,22155,10
13.0036401749,80.2120895386,22155,22165,10
13.0031099319,80.2121200562,22165,22175,10
13.0026702881,80.2121200562,22175,22185,10
13.0022201538,80.2123031616,22185,22195,10
13.0016899109,80.2126464844,22195,22205,10
13.0011796951,80.2130203247,22205,22215,10
13.0006198883,80.2135162354,22215,22225,10
12.9999599457,80.2141113281,22225,22236,11
12.9995002747,80.2145004272,22236,22246,10
12.9991598129,80.2147674561,22246,22256,10
12.9988698959,80.2149581909,22256,22265,9
12.9984798431,80.2153015137,22265,22276,11
12.997879982,80.2157669067,22276,22286,10
12.9973497391,80.2163391113,22286,22306,20
12.9973497391,80.2163391113,22306,22316,10
12.997010231,80.2165222168,22316,22326,10
12.9964504242,80.2165985107,22326,22336,10
12.9957895279,80.216758728,22336,22346,10
12.9951601028,80.2170410156,22346,22356,10
12.9946098328,80.2174072266,22356,22367,11
12.9941596985,80.2177505493,22367,22377,10
12.9938097,80.2179794312,22377,22387,10
12.9932403564,80.2183837891,22387,22397,10
12.9926204681,80.2188491821,22397,22407,10
12.991900444,80.2193603516,22407,22417,10
12.9912595749,80.219833374,22417,22427,10
12.9907102585,80.2202529907,22427,22437,10
12.9900503159,80.2207489014,22437,22447,10
12.9894199371,80.2215499878,22447,22457,10
12.9888696671,80.2222518921,22457,22467,10
12.9882802963,80.2227935791,22467,22477,10
12.9877796173,80.2230300903,22477,22488,11
12.9873399734,80.2230300903,22488,22498,10
12.9869499207,80.2229995728,22498,22508,10
12.9862604141,80.2229690552,22508,22518,10
12.9856100082,80.2231521606,22518,22528,10
12.9850797653,80.2232208252,22528,22538,10
12.9844398499,80.2228927612,22538,22548,10
12.9838399887,80.2225723267,22548,22568,20
12.9838399887,80.2225723267,22568,22578,10
12.983590126,80.2224273682,22578,22588,10
12.9834804535,80.222366333,22588,22598,10
12.9832496643,80.2222213745,22598,22609,11
12.9829597473,80.222038269,22609,22619,10
12.9825696945,80.2218933105,22619,22629,10
12.9820098877,80.2216567993,22629,22639,10
12.9814395905,80.2212295532,22639,22649,10
12.9807500839,80.2210693359,22649,22659,10
12.9799499512,80.2211227417,22659,22669,10
12.9791603088,80.2211608887,22669,22679,10
12.9784002304,80.2212219238,22679,22689,10
12.977689743,80.221206665,22689,22699,10
12.9770402908,80.2212371826,22699,22709,10
12.9764299393,80.2212371826,22709,22725,16
12.975979805,80.2212905884,22725,22737,12
12.9757003784,80.2211380005,22737,22768,31
12.9757003784,80.2211380005,22768,22777,9
12.9755897522,80.2210006714,22777,22808,31
12.9755897522,80.2210006714,22808,22818,10
12.9753599167,80.2207717896,22818,22828,10
12.9751396179,80.2206497192,22828,22838,10
12.9746303558,80.220413208,22838,22848,10
12.9741601944,80.2202072144,22848,22858,10
12.9737796783,80.2200698853,22858,22869,11
12.9732398987,80.2198486328,22869,22879,10
12.9725399017,80.2195968628,22879,22889,10
12.9717798233,80.2193374634,22889,22899,10
12.9711704254,80.2191314697,22899,22909,10
12.9705600739,80.2188568115,22909,22919,10
12.9697904587,80.218536377,22919,22929,10
12.9690103531,80.2182388306,22929,22939,10
12.9682703018,80.2179412842,22939,22949,10
12.9675598145,80.217666626,22949,22959,10
12.9667396545,80.217338562,22959,22969,10
12.9658603668,80.2169876099,22969,22979,10
12.9648895264,80.2165985107,22979,22989,10
12.9639596939,80.2161865234,22989,23000,11
12.9631204605,80.2158203125,23000,23010,10
12.9624099731,80.2155532837,23010,23020,10
12.9615097046,80.2152023315,23020,23030,10
12.9604902267,80.2147979736,23030,23040,10
12.9594202042,80.2143707275,23040,23050,10
12.9583797455,80.2139434814,23050,23060,10
12.9573202133,80.2134933472,23060,23070,10
12.9562397003,80.2130737305,23070,23080,10
12.955160141,80.2126693726,23080,23090,10
12.954079628,80.2122268677,23090,23100,10
12.9529895782,80.211807251,23100,23110,10
12.9519195557,80.2113876343,23110,23121,11
12.9507398605,80.2109222412,23121,23131,10
12.9497299194,80.2105178833,23131,23141,10
12.9487895966,80.2101593018,23141,23151,10
12.9478397369,80.2097930908,23151,23161,10
12.9467697144,80.2093582153,23161,23171,10
12.9456501007,80.2089233398,23171,23181,10
12.944729805,80.2085494995,23181,23191,10
12.9442300797,80.208366394,23191,23201,10
12.9441795349,80.2083435059,23201,23211,10
12.943810463,80.208190918,23211,23221,10
12.943189621,80.2078933716,23221,23231,10
12.9426698685,80.2072601318,23231,23241,10
12.9419698715,80.2065963745,23241,23252,11
12.9412002563,80.2060775757,23252,23262,10
12.9410600662,80.2060165405,23262,23272,10
12.9407196045,80.205871582,23272,23282,10
12.9400596619,80.2056503296,23282,23292,10
12.9392995834,80.2054290771,23292,23302,10
12.9384202957,80.2051391602,23302,23312,10
12.9374399185,80.2048797607,23312,23322,10
12.9365100861,80.2046127319,23322,23332,10
12.9356002808,80.2043380737,23332,23342,10
12.9347600937,80.2040023804,23342,23352,10
12.933930397,80.2039413452,23352,23363,11
12.9337396622,80.2039413452,23363,23373,10
12.9336204529,80.203918457,23373,23384,11
12.9332799911,80.2038421631,23384,23394,10
12.9329204559,80.2036895752,23394,23403,9
12.9323701859,80.2034835815,23403,23414,11
12.9316101074,80.2032089233,23414,23424,10
12.9306898117,80.2029190063,23424,23434,10
12.9299001694,80.202796936,23434,23444,10
12.9296197891,80.2027816772,23444,23454,10
12.9294900894,80.2027587891,23454,23464,10
12.9290304184,80.2026977539,23464,23474,10
12.9285202026,80.2024078369,23474,23484,10
12.9284601212,80.2016067505,23484,23494,10
12.9284200668,80.2005691528,23494,23505,11
12.9281702042,80.1993331909,23505,23515,10
12.9276304245,80.1983184814,23515,23525,10
12.9268398285,80.1977310181,23525,23535,10
12.9264202118,80.1976013184,23535,23545,10
12.926199913,80.1976013184,23545,23555,10
12.9261198044,80.1975631714,23555,23565,10
12.9256801605,80.1975402832,23565,23575,10
12.925450325,80.1975326538,23575,23585,10
12.9250297546,80.1975097656,23585,23595,10
12.9243001938,80.197517395,23595,23605,10
12.9234304428,80.1974716187,23605,23615,10
12.9224500656,80.1973495483,23615,23625,10
12.9220695496,80.1972885132,23625,23636,11
12.9217796326,80.1971969604,23636,23646,10
12.9212198257,80.1969985962,23646,23656,10
12.9204998016,80.1967468262,23656,23666,10
12.9196596146,80.1964416504,23666,23676,10
12.9188804626,80.1959075928,23676,23686,10
12.9181499481,80.1952362061,23686,23696,10
12.9173603058,80.1945037842,23696,23706,10
12.9170103073,80.1940002441,23706,23716,10
12.9169797897,80.1934127808,23716,23726,10
12.9170799255,80.1925964355,23726,23736,10
12.9172401428,80.1913604736,23736,23757,21
12.9172401428,80.1913604736,23757,23767,10
12.9173002243,80.1910705566,23767,23777,10
12.9173498154,80.1904602051,23777,23787,10
12.9175195694,80.1896362305,23787,23797,10
12.9179496765,80.1887207031,23797,23807,10
12.9187002182,80.1878814697,23807,23817,10
12.919500351,80.1870117188,23817,23827,10
12.9202804565,80.1861190796,23827,23837,10
12.9204902649,80.1851119995,23837,23847,10
12.9202404022,80.1840133667,23847,23857,10
12.9200201035,80.1830062866,23857,23867,10
12.9199104309,80.1825637817,23867,23877,10
12.9198904037,80.1824569702,23877,23888,11
12.9198598862,80.1821289063,23888,23898,10
12.9197597504,80.1817703247,23898,23908,10
12.9196500778,80.1813201904,23908,23918,10
12.9194898605,80.1805725098,23918,23928,10
12.9192895889,80.1796722412,23928,23938,10
12.9187402725,80.1787796021,23938,23948,10
12.9181699753,80.1777877808,23948,23958,10
12.9183397293,80.1766433716,23958,23968,10
12.9186201096,80.1755065918,23968,23978,10
12.9188804626,80.1743774414,23978,23988,10
12.9191598892,80.1732177734,23988,23998,10
12.9194498062,80.1721801758,23998,24009,11
12.9196996689,80.1712036133,24009,24019,10
12.9197902679,80.1709136963,24019,24029,10
12.9199199677,80.1705703735,24029,24039,10
12.9201402664,80.1698684692,24039,24049,10
12.9204301834,80.1689300537,24049,24059,10
12.9207696915,80.1679077148,24059,24069,10
12.9210596085,80.1669616699,24069,24079,10
12.9214200974,80.1658782959,24079,24089,10
12.9217796326,80.1647872925,24089,24099,10
12.92208004,80.163772583,24099,24109,10
12.9223899841,80.1627807617,24109,24119,10
12.9227399826,80.1617126465,24119,24129,10
12.9230203629,80.1607589722,24129,24140,11
12.9230899811,80.1605300903,24140,24150,10
12.9231700897,80.1602935791,24150,24160,10
12.9232997894,80.1596832275,24160,24170,10
12.9233903885,80.158782959,24170,24180,10
12.9234895706,80.1577377319,24180,24190,10
12.9235897064,80.1566772461,24190,24200,10
12.923620224,80.1558074951,24200,24210,10
12.9234199524,80.1550827026,24210,24220,10
12.923330307,80.1547622681,24220,24230,10
12.9232797623,80.1544418335,24230,24240,10
12.9231300354,80.1538162231,24240,24250,10
12.9229297638,80.1530380249,24250,24260,10
12.9226999283,80.1520996094,24260,24271,11
12.922659874,80.1510772705,24271,24281,10
12.9226398468,80.1499786377,24281,24291,10
12.9225702286,80.1489028931,24291,24301,10
12.9225702286,80.1478729248,24301,24311,10
12.922539711,80.1470489502,24311,24321,10
12.9225196838,80.1468200684,24321,24331,10
12.9225196838,80.146446228,24331,24341,10
12.9225196838,80.1457824707,24341,24351,10
12.9224796295,80.1449279785,24351,24361,10
12.9224596024,80.1439819336,24361,24371,10
12.922419548,80.1432495117,24371,24412,41
12.922419548,80.1432495117,24412,24422,10
12.9224596024,80.1429901123,24422,24432,10
12.9224500656,80.1424865723,24432,24442,10
12.922419548,80.1417236328,24442,24452,10
12.9224004745,80.1414413452,24452,24462,10
12.9223899841,80.141242981,24462,24472,10
12.9223804474,80.1406707764,24472,24482,10
12.9223804474,80.1398773193,24482,24492,10
12.9223804474,80.1389389038,24492,24502,10
12.9224500656,80.1379318237,24502,24512,10
12.9224996567,80.1368637085,24512,24523,11
12.9225301743,80.1355895996,24523,24533,10
12.9225702286,80.1346282959,24533,24543,10
12.9226303101,80.1335906982,24543,24553,10
12.922659874,80.1325912476,24553,24563,10
12.9226799011,80.1316223145,24563,24573,10
12.9226999283,80.1310577393,24573,24583,10
12.9227199554,80.1306991577,24583,24593,10
12.9227600098,80.1300201416,24593,24603,10
12.9228200912,80.12915802,24603,24613,10
12.9228801727,80.1282119751,24613,24623,10
12.9229097366,80.1272506714,24623,24633,10
12.9229402542,80.1261901855,24633,24643,10
12.9229803085,80.1250762939,24643,24654,11
12.9230203629,80.1238098145,24654,24664,10
12.9230699539,80.1226577759,24664,24674,10
12.9231300354,80.1214981079,24674,24684,10
12.9231996536,80.1205215454,24684,24704,20
12.9231996536,80.1205215454,24704,24714,10
12.9232597351,80.1203765869,24714,24724,10
12.9232902527,80.1199798584,24724,24734,10
12.9232997894,80.119392395,24734,24744,10
12.9233102798,80.1187973022,24744,24754,10
12.9233703613,80.1181106567,24754,24764,10
12.9234399796,80.1173782349,24764,24774,10
12.9234399796,80.1169281006,24774,24785,11
12.9236097336,80.1169128418,24785,24795,10
12.9235496521,80.1171875,24795,24805,10
12.9235601425,80.1175231934,24805,24815,10
12.923620224,80.1179199219,24815,24825,10
12.9235496521,80.1184768677,24825,24835,10
12.9235200882,80.1190795898,24835,24845,10
12.9234199524,80.119720459,24845,24855,10
12.9233598709,80.1203689575,24855,24865,10
12.9232997894,80.1210632324,24865,25591,726
12.9232997894,80.1210632324,25591,25601,10
12.9232597351,80.1214370728,25601,25611,10
12.9232301712,80.1218719482,25611,25621,10
12.923210144,80.1225280762,25621,25631,10
12.9231796265,80.1233291626,25631,25641,10
12.9231395721,80.124130249,25641,25651,10
12.9231300354,80.1248779297,25651,25661,10
12.9231300354,80.1255493164,25661,25672,11
12.9230604172,80.126083374,25672,25682,10
12.9230203629,80.1268386841,25682,25692,10
12.9229898453,80.1275405884,25692,25702,10
12.9229402542,80.1282196045,25702,25712,10
12.9229001999,80.1288986206,25712,25722,10
12.9228601456,80.1296615601,25722,25732,10
12.9228401184,80.1304626465,25732,25742,10
12.9228401184,80.131149292,25742,25752,10
12.922829628,80.1313018799,25752,25762,10
12.9227895737,80.1317596436,25762,25772,10
12.922750473,80.1324768066,25772,25782,10
12.9227199554,80.1333389282,25782,25792,10
12.9226703644,80.1343002319,25792,25803,11
12.9226198196,80.1354980469,25803,25813,10
12.9225797653,80.1364593506,25813,25823,10
12.922539711,80.1372528076,25823,25833,10
12.9224996567,80.138168335,25833,25843,10
12.9224300385,80.1390991211,25843,25853,10
12.9224500656,80.14012146,25853,25863,10
12.9224500656,80.1410903931,25863,25873,10
12.9224596024,80.1420974731,25873,25883,10
12.9224796295,80.1424484253,25883,25893,10
12.9224996567,80.1427764893,25893,25903,10
12.9225597382,80.1432037354,25903,25913,10
12.9225797653,80.1434402466,25913,25923,10
12.9225702286,80.1435623169,25923,25934,11
12.9225702286,80.1436920166,25934,25944,10
12.9225797653,80.1440429688,25944,25954,10
12.9225902557,80.1444778442,25954,25964,10
12.9225997925,80.145072937,25964,25973,9
12.922659874,80.1458206177,25973,25984,11
12.9226903915,80.1468429565,25984,25994,10
12.922659874,80.1473617554,25994,26004,10
12.9226703644,80.1480484009,26004,26014,10
12.9226703644,80.1488876343,26014,26024,10
12.9227104187,80.1499404907,26024,26034,10
12.9227399826,80.1510925293,26034,26044,10
12.9228000641,80.1522216797,26044,26055,11
12.9231100082,80.1534729004,26055,26065,10
12.923500061,80.154800415,26065,26085,20
12.923500061,80.154800415,26085,26095,10
12.9235496521,80.1551513672,26095,26105,10
12.9237003326,80.1557693481,26105,26115,10
12.9237203598,80.1566467285,26115,26125,10
12.9236097336,80.1577301025,26125,26135,10
12.923500061,80.1588592529,26135,26145,10
12.9233999252,80.1599807739,26145,26155,10
12.923330307,80.16040802,26155,26165,10
12.9232501984,80.1606216431,26165,26175,10
12.9230499268,80.1611633301,26175,26186,11
12.9227800369,80.1620178223,26186,26196,10
12.9224596024,80.1630401611,26196,26206,10
12.9221496582,80.1640167236,26206,26216,10
12.9217395782,80.1652679443,26216,26226,10
12.9213895798,80.1663894653,26226,26236,10
12.9210500717,80.1674499512,26236,26246,10
12.9207801819,80.1683425903,26246,26256,10
12.9204998016,80.1692123413,26256,26266,10
12.9201898575,80.1702194214,26266,26276,10
12.919960022,80.1709594727,26276,26286,10
12.9199399948,80.1710128784,26286,26296,10
12.9198799133,80.1712036133,26296,26307,11
12.9197101593,80.1717681885,26307,26317,10
12.9195203781,80.1725387573,26317,26327,10
12.9192800522,80.1733779907,26327,26337,10
12.9190301895,80.174369812,26337,26347,10
12.9187803268,80.175491333,26347,26357,10
12.9184999466,80.1765289307,26357,26367,10
12.9184398651,80.176902771,26367,26377,10
12.9183597565,80.1772994995,26377,26387,10
12.9183702469,80.1780319214,26387,26397,10
12.9188899994,80.1787872314,26397,26407,10
12.9194297791,80.1797714233,26407,26417,10
12.919670105,80.1809387207,26417,26427,10
12.9199304581,80.1820983887,26427,26438,11
12.9202003479,80.183380127,26438,26448,10
12.9204397202,80.1843490601,26448,26458,10
12.9205999374,80.184967041,26458,26468,10
12.9207201004,80.1854095459,26468,26478,10
12.9207201004,80.1854629517,26478,26488,10
12.9206800461,80.1858291626,26488,26498,10
12.9202899933,80.186340332,26498,26508,10
12.9197797775,80.186920166,26508,26518,10
12.9191999435,80.1875534058,26518,26528,10
12.9187202454,80.1881103516,26528,26538,10
12.918129921,80.1887893677,26538,26548,10
12.9176998138,80.1895294189,26548,26558,10
12.9174699783,80.1905136108,26558,26569,11
12.9173402786,80.1916275024,26569,26579,10
12.9172201157,80.1924362183,26579,26589,10
12.917140007,80.193031311,26589,26629,40
12.917140007,80.193031311,26629,26639,10
12.9171304703,80.1932525635,26639,26649,10
12.9171199799,80.1936264038,26649,26659,10
12.9171600342,80.193901062,26659,26669,10
12.9172801971,80.1942901611,26669,26679,10
12.9177303314,80.194770813,26679,26690,11
12.9183597565,80.1953430176,26690,26700,10
12.918970108,80.1959228516,26700,26710,10
12.9196996689,80.1964035034,26710,26720,10
12.9205598831,80.1967163086,26720,26730,10
12.9213399887,80.1969833374,26730,26740,10
12.9219799042,80.1972122192,26740,26750,10
12.922659874,80.1973266602,26750,26760,10
12.9233398438,80.1974334717,26760,26770,10
12.9237098694,80.197479248,26770,26780,10
12.9241399765,80.1974868774,26780,26790,10
12.9248104095,80.1974868774,26790,26800,10
12.9252595901,80.197479248,26800,26810,10
12.9255199432,80.1974868774,26810,26821,11
12.9261798859,80.197517395,26821,26831,10
12.9269199371,80.1977615356,26831,26841,10
12.9276199341,80.1982574463,26841,26851,10
12.9280900955,80.1990203857,26851,26861,10
12.9284296036,80.1998672485,26861,26871,10
12.9285297394,80.2008132935,26871,26881,10
12.928560257,80.2016372681,26881,26891,10
12.9286003113,80.2023773193,26891,26901,10
12.929479599,80.2027282715,26901,26921,20
12.929479599,80.2027282715,26921,26931,10
12.9296197891,80.2027511597,26931,26941,10
12.9299201965,80.2027893066,26941,26952,11
12.9304599762,80.2028808594,26952,26963,11
12.9312200546,80.2030792236,26963,26974,11
12.9319200516,80.2033081055,26974,26984,10
12.932800293,80.2035980225,26984,26994,10
12.9334897995,80.2038421631,26994,27004,10
12.9339504242,80.2038879395,27004,27024,20
12.9339504242,80.2038879395,27024,27034,10
12.9342002869,80.2039337158,27034,27044,10
12.9346599579,80.2039794922,27044,27054,10
12.9352703094,80.2041702271,27054,27064,10
12.9359197617,80.2044219971,27064,27075,11
12.9366598129,80.2046432495,27075,27085,10
12.9373197556,80.204826355,27085,27095,10
12.9380197525,80.2050170898,27095,27105,10
12.9387903214,80.2052536011,27105,27115,10
12.9396400452,80.2055130005,27115,27125,10
12.9399995804,80.2055969238,27125,27135,10
12.9400997162,80.2056427002,27135,27145,10
12.9405498505,80.2057876587,27145,27155,10
12.9412002563,80.2060394287,27155,27165,10
12.9419403076,80.2064971924,27165,27175,10
12.9426403046,80.2070999146,27175,27185,10
12.9431400299,80.2077636719,27185,27195,10
12.9442796707,80.2083206177,27195,27216,21
12.9442796707,80.2083206177,27216,27226,10
12.9443798065,80.2083587646,27226,27236,10
12.9447402954,80.2085113525,27236,27246,10
12.9453201294,80.208732605,27246,27256,10
12.9460897446,80.209022522,27256,27266,10
12.9469099045,80.2093429565,27266,27276,10
12.9476995468,80.2096405029,27276,27286,10
12.9483995438,80.2099075317,27286,27296,10
12.9491100311,80.2101974487,27296,27306,10
12.9500799179,80.2106018066,27306,27316,10
12.9511804581,80.2110366821,27316,27326,10
12.952170372,80.2114334106,27326,27337,11
12.9531402588,80.2117996216,27337,27347,10
12.9540100098,80.2121582031,27347,27357,10
12.9549703598,80.2125473022,27357,27367,10
12.9559001923,80.2129211426,27367,27377,10
12.9567604065,80.213218689,27377,27387,10
12.9576997757,80.2136077881,27387,27397,10
12.9586801529,80.214012146,27397,27407,10
12.9596595764,80.2144088745,27407,27417,10
12.9605998993,80.2147979736,27417,27427,10
12.9615497589,80.2151794434,27427,27437,10
12.9625196457,80.2155609131,27437,27447,10
12.9633903503,80.2158966064,27447,27458,11
12.9641799927,80.2162399292,27458,27468,10
12.9650201797,80.2165908813,27468,27478,10
12.9658498764,80.2169189453,27478,27488,10
12.9665203094,80.2171783447,27488,27498,10
12.9671001434,80.2173995972,27498,27508,10
12.9676599503,80.2176437378,27508,27518,10
12.9682798386,80.217880249,27518,27528,10
12.9690599442,80.2181777954,27528,27538,10
12.9699802399,80.218536377,27538,27548,10
12.9712295532,80.2189712524,27548,27578,30
12.9712295532,80.2189712524,27578,27589,11
12.9713497162,80.2189788818,27589,27599,10
12.9717302322,80.2191619873,27599,27609,10
12.9722995758,80.2194137573,27609,27619,10
12.9729499817,80.2196502686,27619,27629,10
12.9736003876,80.2199172974,27629,27639,10
12.9743003845,80.2202224731,27639,27649,10
12.9750003815,80.2205429077,27649,27659,10
12.9755897522,80.2208328247,27659,27720,61
12.9758501053,80.2210922241,27720,27780,60
12.9758501053,80.2210922241,27780,27790,10
12.9758996964,80.2211380005,27790,27800,10
12.976269722,80.2212524414,27800,27820,20
12.976269722,80.2212524414,27820,27830,10
12.9765701294,80.221282959,27830,27841,11
12.9770698547,80.2212600708,27841,27851,10
12.9775400162,80.2212295532,27851,27861,10
12.978099823,80.221206665,27861,27871,10
12.9788799286,80.2211608887,27871,27881,10
12.9796600342,80.2210922241,27881,27891,10
12.9804000854,80.2210388184,27891,27901,10
12.9810800552,80.2210464478,27901,27911,10
12.9817199707,80.2214279175,27911,27921,10
12.982170105,80.2217102051,27921,27931,10
12.9829101563,80.2219772339,27931,27968,37
12.9829101563,80.2219772339,27968,27980,12
12.9832000732,80.2220687866,27980,27990,10
12.9833498001,80.2222290039,27990,27999,9
12.9837198257,80.2224731445,27999,28010,11
12.983880043,80.2225418091,28010,28020,10
12.9841604233,80.2227172852,28020,28030,10
12.9846200943,80.2229995728,28030,28040,10
12.9851903915,80.2232589722,28040,28049,9
12.9854602814,80.2232437134,28049,28060,11
12.9857597351,80.2229919434,28060,28070,10
12.9863796234,80.2229614258,28070,28080,10
12.9871101379,80.2230682373,28080,28090,10
12.9876804352,80.2230682373,28090,28101,11
12.9883403778,80.2226333618,28101,28111,10
12.9888095856,80.2221298218,28111,28121,10
12.9892196655,80.2215881348,28121,28131,10
12.989780426,80.2208709717,28131,28141,10
12.9903802872,80.2203979492,28141,28161,20
12.9903802872,80.2203979492,28161,28171,10
12.9906997681,80.220161438,28171,28181,10
12.9911003113,80.2198181152,28181,28191,10
12.9915599823,80.2194900513,28191,28201,10
12.9920701981,80.2191162109,28201,28211,10
12.9928302765,80.2186431885,28211,28221,10
12.9935503006,80.2181396484,28221,28232,11
12.9942903519,80.217590332,28232,28248,16
12.9950304031,80.2170410156,28248,28260,12
12.9956798553,80.2166976929,28260,28270,10
12.9962997437,80.2165527344,28270,28278,8
12.9969902039,80.216468811,28278,28290,12
12.9975700378,80.2160491943,28290,28310,20
12.9975700378,80.2160491943,28310,28319,9
12.9976997375,80.2159500122,28319,28330,11
12.9980401993,80.215637207,28330,28340,10
12.9984197617,80.2152633667,28340,28351,11
12.9988203049,80.2149429321,28351,28361,10
12.9989900589,80.2147979736,28361,28371,10
12.9992103577,80.2145996094,28371,28381,10
12.9995698929,80.2143096924,28381,28389,8
12.9999303818,80.2140197754,28389,28401,12
13.0005302429,80.2134780884,28401,28411,10
13.0011301041,80.2130126953,28411,28421,10
13.0017004013,80.2125778198,28421,28431,10
13.0023002625,80.2121963501,28431,28441,10
13.0027599335,80.212097168,28441,28451,10
13.0031995773,80.212059021,28451,28461,10
13.0038204193,80.2119903564,28461,28471,10
13.0043802261,80.2121963501,28471,28482,11
13.0049600601,80.2125473022,28482,28492,10
13.005689621,80.2129135132,28492,28502,10
13.0064096451,80.2127304077,28502,28512,10
13.0068302155,80.2127304077,28512,28522,10
13.0073204041,80.2127914429,28522,28532,10
13.0078201294,80.2130508423,28532,28562,30
13.0078201294,80.2130508423,28562,28572,10
13.0079603195,80.2131271362,28572,28582,10
13.0082302094,80.2133102417,28582,28592,10
13.0086898804,80.2136535645,28592,28602,10
13.009180069,80.2142791748,28602,28613,11
13.0097398758,80.2150421143,28613,28623,10
13.0101900101,80.2156219482,28623,28631,8
13.0105695724,80.2161865234,28631,28643,12
13.0109395981,80.2170791626,28643,28653,10
13.0113201141,80.2179412842,28653,28663,10
13.0117301941,80.2189712524,28663,28673,10
13.0120897293,80.2200393677,28673,28683,10
13.012339592,80.2208633423,28683,28693,10
13.0126199722,80.2216796875,28693,28703,10
13.0132198334,80.2222824097,28703,28713,10
13.0137395859,80.2229766846,28713,28723,10
13.0141601563,80.2235336304,28723,28733,10
13.0143699646,80.2238006592,28733,28744,11
13.0148601532,80.224281311,28744,28754,10
13.0155801773,80.2250289917,28754,28774,20
13.0155801773,80.2250289917,28774,28784,10
13.0158004761,80.2252502441,28784,28794,10
13.0163297653,80.2253570557,28794,28804,10
13.0171003342,80.2251205444,28804,28814,10
13.0180196762,80.2247467041,28814,28824,10
13.019080162,80.2244033813,28824,28834,10
13.0199899673,80.2247161865,28834,28844,10
13.0207700729,80.2252731323,28844,28854,10
13.0212402344,80.2256164551,28854,28865,11
13.0218801498,80.2260818481,28865,28875,10
13.02202034,80.2261810303,28875,28885,10
13.0220899582,80.2263031006,28885,28895,10
13.022480011,80.2266235352,28895,28905,10
13.0230302811,80.2271118164,28905,28915,10
13.0236797333,80.227722168,28915,28925,10
13.024310112,80.2284088135,28925,28935,10
13.0248098373,80.2291183472,28935,28945,10
13.0252199173,80.229637146,28945,28955,10
13.0257997513,80.2304534912,28955,28965,10
13.0259799957,80.2308197021,28965,28975,10
13.026049614,80.2312469482,28975,28985,10
13.0263795853,80.231300354,28985,28996,11
13.0271902084,80.2310791016,28996,29006,10
13.0278596878,80.2309799194,29006,29016,10
13.028380394,80.2308883667,29016,29026,10
13.0284004211,80.2308807373,29026,29036,10
13.0289402008,80.2308578491,29036,29046,10
13.0293903351,80.2308197021,29046,29056,10
13.0298595428,80.2307815552,29056,29072,16
13.0310602188,80.2306900024,29072,29084,12
13.0320796967,80.2306213379,29084,29092,8
13.0328598022,80.2305603027,29092,29104,12
13.0338802338,80.2304763794,29104,29114,10
13.0344200134,80.230430603,29114,29125,11
13.0348901749,80.23021698,29125,29165,40
13.0348901749,80.23021698,29165,29175,10
13.0349798203,80.2300109863,29175,29185,10
13.0348300934,80.229927063,29185,29235,50
13.0348300934,80.229927063,29235,29246,11
13.0345802307,80.2299575806,29246,29588,342
13.0345201492,80.2297668457,29588,29628,40
13.0345802307,80.2298736572,29628,30394,766
13.0345802307,80.2298736572,30394,30405,11
13.0344104767,80.229850769,30405,30505,100
13.0342702866,80.2298431396,30505,31070,565
13.0342702866,80.2298431396,31070,31080,10
13.0341501236,80.2303009033,31080,31090,10
13.0339002609,80.23046875,31090,31100,10
13.0331802368,80.2305221558,31100,31110,10
13.0323600769,80.2305831909,31110,31120,10
13.0319404602,80.2306518555,31120,31130,10
13.0313796997,80.2306976318,31130,31140,10
13.0307998657,80.2307662964,31140,31150,10
13.0301303864,80.230796814,31150,31229,79
13.0301303864,80.230796814,31229,31239,10
13.0296802521,80.2308578491,31239,31249,10
13.0291795731,80.2308883667,31249,31259,10
13.0285196304,80.2309799194,31259,31269,10
13.0279302597,80.2310333252,31269,31278,9
13.027680397,80.2311019897,31278,31289,11
13.0276899338,80.2315597534,31289,31299,10
13.0277700424,80.2322387695,31299,31309,10
13.0278596878,80.2326889038,31309,31320,11
13.0274400711,80.2328414917,31320,31329,9
13.0270795822,80.2329483032,31329,31370,41
13.0270795822,80.2329483032,31370,31380,10
13.0268697739,80.2330093384,31380,31390,10
13.0265197754,80.2330169678,31390,31400,10
13.0262804031,80.2325134277,31400,31410,10
13.0260400772,80.2317276001,31410,31420,10
13.0257396698,80.2307128906,31420,31430,10
13.024720192,80.2292022705,31430,31491,61
13.024720192,80.2292022705,31491,31501,10
13.0244998932,80.2289428711,31501,31511,10
13.0242004395,80.2285232544,31511,31521,10
13.023730278,80.2279281616,31521,31531,10
13.0231304169,80.2274703979,31531,31582,51
13.0231304169,80.2274703979,31582,31592,10
13.0228004456,80.2272415161,31592,31602,10
13.0226602554,80.2269134521,31602,31612,10
13.022359848,80.226600647,31612,31622,10
13.0218801498,80.2261810303,31622,31632,10
13.0212602615,80.2257003784,31632,31642,10
13.0201702118,80.2249832153,31642,31682,40
13.0201702118,80.2249832153,31682,31692,10
13.0199203491,80.2248001099,31692,31703,11
13.0193195343,80.2245178223,31703,31713,10
13.0184803009,80.224647522,31713,31723,10
13.0175104141,80.2250289917,31723,31733,10
13.0164899826,80.2254562378,31733,31742,9
13.0157604218,80.2257232666,31742,31753,11
13.015080452,80.2260894775,31753,31763,10
13.0144996643,80.226272583,31763,31773,10
13.0144901276,80.226272583,31773,31783,10
13.0143404007,80.226272583,31783,31793,10
13.0139303207,80.2264328003,31793,31803,10
13.0132799149,80.2266769409,31803,31813,10
13.0124597549,80.2269592285,31813,31823,10
13.0115098953,80.2273406982,31823,31834,11
13.0103502274,80.2277984619,31834,31844,10
13.0094995499,80.2277832031,31844,31854,10
13.0097103119,80.2271194458,31854,31864,10
13.0100603104,80.226348877,31864,31874,10
13.0104503632,80.225479126,31874,31884,10
13.0107898712,80.2246780396,31884,31894,10
13.0112695694,80.2234420776,31894,31934,40
13.0112695694,80.2234420776,31934,31944,10
13.011469841,80.2229690552,31944,31954,10
13.0117197037,80.2222976685,31954,31965,11
13.0120897293,80.2212982178,31965,31975,10
13.0120296478,80.2205810547,31975,31985,10
13.0116996765,80.2195510864,31985,31995,10
13.0113296509,80.2183837891,31995,32005,10
13.0109500885,80.217300415,32005,32015,10
13.0105495453,80.2164306641,32015,32025,10
13.0101203918,80.2157287598,32025,32035,10
13.0097703934,80.2150268555,32035,32045,10
13.0093002319,80.2144622803,32045,32056,11
13.0086603165,80.2136993408,32056,32076,20
13.0086603165,80.2136993408,32076,32086,10
13.008649826,80.2136383057,32086,32097,11
13.0084896088,80.2135009766,32097,32153,56
13.0084896088,80.2135009766,32153,32165,12
13.0080604553,80.2132415771,32165,32185,20
13.0079202652,80.2131576538,32185,32204,19
13.0079202652,80.2131576538,32204,32214,10
13.0075798035,80.2129211426,32214,32225,11
13.0071697235,80.2128372192,32225,32237,12
13.0065002441,80.212677002,32237,32247,10
13.0058202744,80.2129135132,32247,32256,9
13.0052204132,80.212600708,32256,32268,12
13.0046195984,80.2123031616,32268,32277,9
13.0039997101,80.2120819092,32277,32288,11
13.0036001205,80.2120819092,32288,32298,10
13.0029001236,80.2120895386,32298,32308,10
13.0021800995,80.2123184204,32308,32318,10
13.0015802383,80.2127990723,32318,32328,10
13.0011796951,80.2131576538,32328,32338,10
13.0006904602,80.2136001587,32338,32349,11
12.9999504089,80.2142105103,32349,32359,10
12.9995002747,80.2145385742,32359,32369,10
12.9991102219,80.2148666382,32369,32379,10
12.9987602234,80.2151794434,32379,32388,9
12.9983301163,80.2156906128,32388,32400,12
12.9975795746,80.216178894,32400,32420,20
12.9975795746,80.216178894,32420,32429,9
12.9974403381,80.2162780762,32429,32501,72
12.9974403381,80.2162780762,32501,32511,10
12.9972896576,80.2164993286,32511,32521,10
12.9970903397,80.2165603638,32521,32531,10
12.9966497421,80.2165908813,32531,32541,10
12.996049881,80.2167816162,32541,32551,10
12.9953403473,80.2170028687,32551,32553,2
12.9953403473,80.2170028687,32553,32599,46
12.9937000275,80.2182388306,32599,32609,10
12.9930496216,80.21875,32609,32620,11
12.992190361,80.2193374634,32620,32630,10
12.9914197922,80.2198410034,32630,32640,10
12.9908800125,80.2201385498,32640,32660,20
12.9908800125,80.2201385498,32660,32670,10
12.9907302856,80.2202224731,32670,32680,10
12.9903898239,80.2205810547,32680,32691,11
12.989979744,80.221031189,32691,32699,8
12.9894599915,80.221496582,32699,32710,11
12.9889802933,80.2220993042,32710,32721,11
12.9881496429,80.2228393555,32721,32731,10
12.9876899719,80.2230224609,32731,32741,10
12.9874000549,80.2230072021,32741,32751,10
12.9872903824,80.2230377197,32751,32762,11
12.9868602753,80.2230224609,32762,32772,10
12.986240387,80.2229919434,32772,32782,10
12.9855604172,80.2232971191,32782,32792,10
12.9848804474,80.2231674194,32792,32802,10
12.9841403961,80.2227020264,32802,32812,10
12.9836101532,80.2223968506,32812,32822,10
12.9835500717,80.2223587036,32822,32832,10
12.983420372,80.2222671509,32832,32842,10
12.9833602905,80.2222366333,32842,32852,10
12.9831895828,80.22215271,32852,32862,10
12.9829101563,80.2219696045,32862,32873,11
12.9825897217,80.2218475342,32873,32883,10
12.9822397232,80.2217178345,32883,32893,10
12.9816999435,80.2213134766,32893,32903,10
12.981010437,80.2210464478,32903,32913,10
12.9804096222,80.2211303711,32913,32923,10
12.979470253,80.2211990356,32923,32933,10
12.9785499573,80.2211990356,32933,32943,10
12.9778795242,80.2212677002,32943,32953,10
12.9772396088,80.2212600708,32953,32963,10
12.9769296646,80.2212600708,32963,32973,10
12.9767303467,80.2212371826,32973,32983,10
12.9763498306,80.2212905884,32983,33012,29
12.9763498306,80.2212905884,33012,33022,10
12.9757499695,80.2210922241,33022,33072,50
12.9755601883,80.2209701538,33072,33091,19
12.9755601883,80.2209701538,33091,33102,11
12.9754400253,80.2208480835,33102,33112,10
12.9750204086,80.2205886841,33112,33122,10
12.9743995667,80.2203598022,33122,33133,11
12.9737997055,80.2201385498,33133,33143,10
12.9731302261,80.2198486328,33143,33153,10
12.9722795486,80.2195205688,33153,33163,10
12.9711303711,80.2191925049,33163,33183,20
12.9711303711,80.2191925049,33183,33193,10
12.9709596634,80.2191162109,33193,33203,10
12.9706802368,80.2189331055,33203,33219,16
12.9697504044,80.218536377,33219,33231,12
12.9689903259,80.2182388306,33231,33239,8
12.9684696198,80.2180404663,33239,33251,12
12.9676799774,80.2177429199,33251,33261,10
12.9669904709,80.2174530029,33261,33272,11
12.965959549,80.2170410156,33272,33282,10
12.9651098251,80.2166976929,33282,33290,8
12.9641199112,80.2162704468,33290,33301,11
12.9632701874,80.2158889771,33301,33312,11
12.962439537,80.2155609131,33312,33321,9
12.9617395401,80.2152862549,33321,33332,11
12.9606304169,80.2148666382,33332,33342,10
12.9594602585,80.2144165039,33342,33352,10
12.9584703445,80.2139968872,33352,33362,10
12.95773983,80.2136993408,33362,33372,10
12.9572896957,80.2135162354,33372,33382,10
12.9567499161,80.2133178711,33382,33393,11
12.9559497833,80.2130126953,33393,33403,10
12.9550600052,80.2126693726,33403,33413,10
12.9540700912,80.212272644,33413,33423,10
12.9533004761,80.2119369507,33423,33433,10
12.9525003433,80.2116165161,33433,33443,10
12.95154953,80.2112426758,33443,33453,10
12.9505195618,80.2108535767,33453,33463,10
12.9495601654,80.2104797363,33463,33473,10
12.9487199783,80.2101364136,33473,33483,10
12.9478702545,80.2098007202,33483,33493,10
12.9467601776,80.2093582153,33493,33503,10
12.9455499649,80.2088775635,33503,33513,10
12.944609642,80.2085189819,33513,33524,11
12.9442901611,80.2084197998,33524,33534,10
12.9442100525,80.2083969116,33534,33544,10
12.9437999725,80.2082290649,33544,33554,10
12.943189621,80.2078933716,33554,33564,10
12.9426603317,80.2073135376,33564,33574,10
12.9420499802,80.2066802979,33574,33584,10
12.9413003922,80.2061309814,33584,33594,10
12.9410600662,80.2060394287,33594,33604,10
12.9409999847,80.2060089111,33604,33614,10
12.9406404495,80.2058792114,33614,33624,10
12.9400396347,80.2056808472,33624,33634,10
12.9393100739,80.2054367065,33634,33644,10
12.9385299683,80.2052001953,33644,33655,11
12.937620163,80.2049407959,33655,33665,10
12.9367303848,80.2046966553,33665,33675,10
12.9359397888,80.2044677734,33675,33685,10
12.9354400635,80.2042770386,33685,33695,10
12.9348201752,80.2040405273,33695,33705,10
12.9339599609,80.2039413452,33705,33715,10
12.9336395264,80.2039108276,33715,33725,10
12.9335298538,80.2038879395,33725,33735,10
12.9331302643,80.2037811279,33735,33745,10
12.9325504303,80.2035598755,33745,33755,10
12.9317998886,80.2033004761,33755,33765,10
12.9310302734,80.2030410767,33765,33775,10
12.9303102493,80.20287323,33775,33792,17
12.9295301437,80.2027816772,33792,33804,12
12.9294099808,80.2027664185,33804,33814,10
12.929019928,80.2026977539,33814,33822,8
12.9286403656,80.20262146,33822,33834,12
12.9284696579,80.2018966675,33834,33844,10
12.9284200668,80.2008972168,33844,33854,10
12.9283304214,80.1998596191,33854,33864,10
12.9279098511,80.1988067627,33864,33874,10
12.9272603989,80.1979827881,33874,33884,10
12.9263801575,80.1975631714,33884,33893,9
12.9258203506,80.197517395,33893,33904,11
12.925359726,80.197517395,33904,33915,11
12.9248800278,80.197517395,33915,33925,10
12.9241895676,80.1975097656,33925,33935,10
12.9234399796,80.197479248,33935,33945,10
12.9226999283,80.1973571777,33945,33955,10
12.92208004,80.197303772,33955,33965,10
12.9219799042,80.1972808838,33965,33975,10
12.9216098785,80.1971282959,33975,33985,10
12.9210300446,80.1969223022,33985,33995,10
12.9203500748,80.1966781616,33995,34005,10
12.9196100235,80.1964187622,34005,34015,10
12.918970108,80.1959686279,34015,34025,10
12.9182901382,80.195350647,34025,34035,10
12.9176197052,80.194770813,34035,34046,11
12.9172897339,80.194442749,34046,34056,10
12.9172000885,80.1942214966,34056,34066,10
12.917090416,80.1940002441,34066,34076,10
12.9170799255,80.1928100586,34076,34086,10
12.9170799255,80.1928100586,34086,34096,10
12.9171304703,80.1923370361,34096,34106,10
12.9172096252,80.1919403076,34106,34116,10
12.9172697067,80.1912994385,34116,34146,30
12.9172697067,80.1912994385,34146,34157,11
12.9173898697,80.1910171509,34157,34166,9
12.9174003601,80.1905593872,34166,34177,11
12.9175395966,80.1897506714,34177,34187,10
12.917889595,80.1889419556,34187,34197,10
12.9185695648,80.1881103516,34197,34206,9
12.9191799164,80.1874389648,34206,34217,11
12.9200201035,80.1864700317,34217,34227,10
12.9205999374,80.1854782104,34227,34237,10
12.9203395844,80.1843338013,34237,34247,10
12.9200801849,80.1831817627,34247,34257,10
12.9199199677,80.1825408936,34257,34267,10
12.9198904037,80.1824798584,34267,34277,10
12.9198198318,80.1821365356,34277,34287,10
12.9197101593,80.1815032959,34287,34297,10
12.9195299149,80.1807785034,34297,34308,11
12.9193096161,80.1797332764,34308,34318,10
12.9188098907,80.1788406372,34318,34328,10
12.9182195663,80.1779403687,34328,34338,10
12.9183301926,80.1767425537,34338,34348,10
12.9186000824,80.175567627,34348,34358,10
12.9188699722,80.1744308472,34358,34368,10
12.9191598892,80.1732788086,34368,34378,10
12.9194498062,80.1721496582,34378,34388,10
12.919719696,80.1711578369,34388,34398,10
12.9197902679,80.1709136963,34398,34407,9
12.9199104309,80.1706314087,34407,34418,11
12.920129776,80.1699523926,34418,34428,10
12.9203996658,80.169090271,34428,34439,11
12.9207801819,80.1679229736,34439,34449,10
12.9211301804,80.1668014526,34449,34459,10
12.921500206,80.1656723022,34459,34469,10
12.9218597412,80.1645812988,34469,34479,10
12.9221096039,80.1636962891,34479,34489,10
12.9223604202,80.1629104614,34489,34499,10
12.9226303101,80.1620407104,34499,34509,10
12.9229402542,80.1611328125,34509,34519,10
12.9231004715,80.1605377197,34519,34528,9
12.9231004715,80.1605072021,34528,34539,11
12.923210144,80.1603317261,34539,34549,10
12.9233198166,80.1598434448,34549,34560,11
12.9234304428,80.1589431763,34560,34570,10
12.9235095978,80.1578826904,34570,34580,10
12.9236001968,80.156829834,34580,34590,10
12.9236402512,80.1562423706,34590,34600,10
12.92345047,80.1551437378,34600,34620,20
12.92345047,80.1551437378,34620,34630,10
12.9233999252,80.154876709,34630,34640,10
12.9232902527,80.1543579102,34640,34650,10
12.923119545,80.1536331177,34650,34660,10
12.9229402542,80.1528778076,34660,34670,10
12.9227895737,80.1523284912,34670,34761,91
12.9227895737,80.1523284912,34761,34771,10
12.9228096008,80.1520080566,34771,34781,10
12.9227695465,80.1517105103,34781,34791,10
12.9227399826,80.1513595581,34791,34801,10
12.9227104187,80.1509475708,34801,34811,10
12.9226799011,80.1502227783,34811,34822,11
12.9226303101,80.1491470337,34822,34832,10
12.9226198196,80.1481399536,34832,34842,10
12.9225702286,80.1474914551,34842,34852,10
12.9225797653,80.1469802856,34852,34862,10
12.9225902557,80.1462783813,34862,34872,10
12.9225702286,80.1454620361,34872,34882,10
12.9225196838,80.1445007324,34882,34892,10
12.9224796295,80.1435394287,34892,34922,30
12.9224796295,80.1435394287,34922,34932,10
12.9224996567,80.1432113647,34932,34942,10
12.9224700928,80.142906189,34942,34953,11
12.9224796295,80.142578125,34953,34963,10
12.9224500656,80.1421585083,34963,34973,10
12.922419548,80.1415786743,34973,34983,10
12.922419548,80.1407928467,34983,34993,10
12.9224395752,80.1404724121,34993,35003,10
12.9224500656,80.1400604248,35003,35013,10
12.9224300385,80.1393432617,35013,35023,10
12.9224700928,80.1384963989,35023,35033,10
12.9224996567,80.1375579834,35033,35043,10
12.922539711,80.1365432739,35043,35053,10
12.9225797653,80.1355514526,35053,35063,10
12.9225702286,80.134979248,35063,35073,10
12.9226102829,80.1344223022,35073,35084,11
12.9226303101,80.1335983276,35084,35094,10
12.9226398468,80.1329727173,35094,35104,10
12.9226799011,80.1325378418,35104,35114,10
12.9226999283,80.1318817139,35114,35124,10
12.922750473,80.1310577393,35124,35134,10
12.9227695465,80.1305389404,35134,35144,10
12.9227800369,80.1301193237,35144,35154,10
12.9228096008,80.1294708252,35154,35164,10
12.9228496552,80.128692627,35164,35174,10
12.9228801727,80.1280822754,35174,35184,10
12.9229001999,80.1273193359,35184,35194,10
12.9229202271,80.1264572144,35194,35204,10
12.9229001999,80.1259307861,35204,35215,11
12.9229202271,80.1257705688,35215,35225,10
12.9229698181,80.125289917,35225,35235,10
12.9230003357,80.1245574951,35235,35245,10
12.9230203629,80.1237411499,35245,35255,10
12.9230499268,80.1227798462,35255,35265,10
12.9231004715,80.1216583252,35265,35275,10
12.9231595993,80.1207733154,35275,35295,20
12.9231595993,80.1207733154,35295,35305,10
12.9232501984,80.1203994751,35305,35335,30
12.9232501984,80.1203994751,35335,35346,11
12.9232397079,80.120300293,35346,35356,10
12.9232597351,80.1198577881,35356,35366,10
12.9232797623,80.1191711426,35366,35376,10
12.9232997894,80.1184005737,35376,35386,10
12.9234304428,80.1175994873,35386,35396,10
12.9234399796,80.1169509888,35396,35426,30
12.9234399796,80.1169509888,35426,35436,10
12.9235696793,80.1169662476,35436,35446,10
12.9234800339,80.1172332764,35446,35456,10
12.9235801697,80.1175994873,35456,35467,11
12.9235601425,80.1180496216,35467,35477,10
12.9234895706,80.1187362671,35477,35487,10
12.9234104156,80.1195068359,35487,35497,10
12.9233798981,80.1201400757,35497,35507,10
12.9233903885,80.1203231812,35507,35517,10
12.923330307,80.1206283569,35517,35527,10
12.9233398438,80.1211013794,35527,36140,613
12.9233398438,80.1211013794,36140,36150,10
12.9232702255,80.1211624146,36150,36160,10
12.9232397079,80.1214981079,36160,36170,10
12.923210144,80.1220779419,36170,36180,10
12.9231796265,80.1228713989,36180,36190,10
12.9231395721,80.1238327026,36190,36200,10
12.9231100082,80.1247406006,36200,36210,10
12.9230804443,80.1254806519,36210,36261,51
12.9230804443,80.1254806519,36261,36271,10
12.9230499268,80.1257781982,36271,36281,10
12.9230003357,80.126373291,36281,36291,10
12.9229803085,80.1271820068,36291,36301,10
12.922949791,80.1279373169,36301,36311,10
12.9229001999,80.1285934448,36311,36321,10
12.9228401184,80.1291732788,36321,36331,10
12.9228096008,80.1298828125,36331,36341,10
12.9228000641,80.1307296753,36341,36351,10
12.9228000641,80.1311798096,36351,36361,10
12.9227895737,80.1313400269,36361,36371,10
12.9227600098,80.1318511963,36371,36382,11
12.9227399826,80.1327285767,36382,36392,10
12.9226799011,80.133682251,36392,36402,10
12.9226398468,80.1346588135,36402,36412,10
12.9226198196,80.1353607178,36412,36422,10
12.9225702286,80.1360931396,36422,36432,10
12.9225502014,80.1368179321,36432,36442,10
12.9225101471,80.1375274658,36442,36452,10
12.9224796295,80.1382827759,36452,36462,10
12.9224004745,80.1391220093,36462,36472,10
12.922419548,80.1400222778,36472,36482,10
12.922419548,80.1407012939,36482,36492,10
12.9224300385,80.1415176392,36492,36502,10
12.9224395752,80.1421966553,36502,36519,17
12.9224700928,80.1426315308,36519,36531,12
12.9225196838,80.1431427002,36531,36541,10
12.9225797653,80.1436004639,36541,36561,20
12.9225797653,80.1436004639,36561,36571,10
12.9225797653,80.1439590454,36571,36580,9
12.9225797653,80.1445388794,36580,36591,11
12.9226102829,80.1454696655,36591,36601,10
12.9226398468,80.1463470459,36601,36611,10
12.922659874,80.1471633911,36611,36621,10
12.9226703644,80.147277832,36621,36631,10
12.9226703644,80.1475830078,36631,36642,11
12.9226503372,80.1481781006,36642,36652,10
12.922659874,80.148979187,36652,36662,10
12.9226903915,80.1500091553,36662,36672,10
12.9227104187,80.1510162354,36672,36682,10
12.9227695465,80.1520614624,36682,36692,10
12.9230098724,80.1531906128,36692,36702,10
12.9233999252,80.1545791626,36702,36722,20
12.9233999252,80.1545791626,36722,36732,10
12.9234895706,80.1549377441,36732,36742,10
12.9236497879,80.1556396484,36742,36752,10
12.9236803055,80.1565628052,36752,36762,10
12.9235696793,80.1576766968,36762,36772,10
12.9234695435,80.1588287354,36772,36783,11
12.9233598709,80.1600189209,36783,36793,10
12.9233198166,80.1603164673,36793,36803,10
12.9232597351,80.1605606079,36803,36813,10
12.9231595993,80.1608428955,36813,36823,10
12.9229803085,80.1613998413,36823,36833,10
12.9227199554,80.1622009277,36833,36843,10
12.9223804474,80.1632080078,36843,36853,10
12.9220104218,80.1643295288,36853,36863,10
12.9216499329,80.1654586792,36863,36873,10
12.9212799072,80.1665725708,36873,36883,10
12.9209604263,80.167678833,36883,36893,10
12.9205904007,80.1687698364,36893,36903,10
12.9202699661,80.1698684692,36903,36914,11
12.9199800491,80.1708679199,36914,36924,10
12.9199495316,80.1709899902,36924,36934,10
12.9198904037,80.1711425781,36934,36950,16
12.9197397232,80.1715774536,36950,36962,12
12.9195098877,80.1724090576,36962,36972,10
12.9192895889,80.1734390259,36972,36982,10
12.9190196991,80.1745071411,36982,36992,10
12.9187297821,80.1756515503,36992,37002,10
12.9184598923,80.1766815186,37002,37012,10
12.9182796478,80.1778182983,37012,37022,10
12.9188098907,80.1787185669,37022,37032,10
12.9191398621,80.1791610718,37032,37042,10
12.9194602966,80.1798629761,37042,37053,11
12.919670105,80.1809616089,37053,37063,10
12.9199199677,80.1821365356,37063,37073,10
12.9201498032,80.1830978394,37073,37083,10
12.92029953,80.1836776733,37083,37093,10
12.9203901291,80.1841888428,37093,37103,10
12.9204397202,80.1845169067,37103,37113,10
12.9205303192,80.1849517822,37113,37123,10
12.9205904007,80.185256958,37123,37133,10
12.9206495285,80.1854095459,37133,37143,10
12.9206800461,80.1855926514,37143,37153,10
12.9204797745,80.1860733032,37153,37163,10
12.9199695587,80.1866531372,37163,37173,10
12.9194002151,80.187286377,37173,37182,9
12.9191102982,80.1876525879,37182,37194,12
12.9187803268,80.1880187988,37194,37204,10
12.9183301926,80.1885375977,37204,37214,10
12.9179201126,80.1890563965,37214,37224,10
12.9177799225,80.1893081665,37224,37234,10
12.9176597595,80.1895904541,37234,37244,10
12.917599678,80.189781189,37244,37254,10
12.9175596237,80.1899795532,37254,37264,10
12.9175596237,80.190071106,37264,37274,10
12.9175100327,80.1902999878,37274,37287,13
12.9174699783,80.1905822754,37287,37297,10
12.9174499512,80.1906661987,37297,37307,10
12.917429924,80.1908798218,37307,37317,10
12.9174003601,80.1911392212,37317,37328,11
12.9173803329,80.1912612915,37328,37338,10
12.9173297882,80.1916275024,37338,37348,10
12.917309761,80.1917572021,37348,37358,10
12.9172801971,80.1919784546,37358,37368,10
12.9172401428,80.1922683716,37368,37378,10
12.9171199799,80.193031311,37378,37398,20
12.9171199799,80.193031311,37398,37408,10
12.917090416,80.1932601929,37408,37418,10
12.9170503616,80.1935501099,37418,37428,10
12.9171800613,80.1940231323,37428,37438,10
12.9175195694,80.1945571899,37438,37448,10
12.9180803299,80.195098877,37448,37459,11
12.9187097549,80.1956634521,37459,37469,10
12.9191999435,80.1960983276,37469,37479,10
12.9199399948,80.1964874268,37479,37489,10
12.9206800461,80.1967315674,37489,37499,10
12.9216003418,80.1970596313,37499,37507,8
12.9224796295,80.1972808838,37507,37519,12
12.9233598709,80.1973724365,37519,37529,10
12.9236698151,80.1974182129,37529,37539,10
12.9243001938,80.1974563599,37539,37549,10
12.925160408,80.1974411011,37549,37559,10
12.9254999161,80.1974487305,37559,37569,10
12.9261102676,80.1974563599,37569,37579,10
12.92689991,80.1977005005,37579,37589,10
12.9276599884,80.1982269287,37589,37600,11
12.9280796051,80.1989822388,37600,37613,13
12.9284296036,80.1999816895,37613,37623,10
12.9285001755,80.2008972168,37623,37633,10
12.9285402298,80.201789856,37633,37643,10
12.9286899567,80.2025680542,37643,37653,10
12.9293403625,80.2026824951,37653,37663,10
12.9293699265,80.2026901245,37663,37673,10
12.9294700623,80.2026901245,37673,37683,10
12.929980278,80.2027587891,37683,37693,10
12.9304199219,80.2028274536,37693,37703,10
12.9310998917,80.2029876709,37703,37713,10
12.9318704605,80.2032394409,37713,37723,10
12.9326496124,80.2034988403,37723,37734,11
12.9332103729,80.2037124634,37734,37744,10
12.9335803986,80.2038192749,37744,37754,10
12.9339599609,80.2038574219,37754,37764,10
12.9339799881,80.2038574219,37764,37774,10
12.9341697693,80.2038803101,37774,37784,10
12.9344701767,80.203918457,37784,37794,10
12.9346399307,80.2039413452,37794,37804,10
12.9350299835,80.2040176392,37804,37814,10
12.9356403351,80.2042770386,37814,37824,10
12.9362602234,80.2044906616,37824,37834,10
12.9369497299,80.2046813965,37834,37844,10
12.937620163,80.2048721313,37844,37854,10
12.9384098053,80.2051010132,37854,37864,10
12.9392499924,80.2053604126,37864,37875,11
12.9399995804,80.2055664063,37875,37885,10
12.9400196075,80.205581665,37885,37895,10
12.9400901794,80.2056121826,37895,37905,10
12.940489769,80.2057495117,37905,37915,10
12.9411001205,80.2059783936,37915,37925,10
12.9416799545,80.2063064575,37925,37937,12
12.9423704147,80.2068634033,37937,37947,10
12.9428501129,80.2073974609,37947,37957,10
12.9433898926,80.2079620361,37957,37967,10
12.9441204071,80.2082366943,37967,37977,10
12.9443702698,80.2083282471,37977,37987,10
12.9444599152,80.2083816528,37987,37997,10
12.944849968,80.2085266113,37997,38008,11
12.9455795288,80.2087936401,38008,38018,10
12.9463396072,80.2090835571,38018,38028,10
12.9470596313,80.2093582153,38028,38038,10
12.947640419,80.2095794678,38038,38048,10
12.9481096268,80.209777832,38048,38058,10
12.9484996796,80.2099380493,38058,38068,10
12.9490003586,80.2101364136,38068,38078,10
12.9498796463,80.2104873657,38078,38088,10
12.9510297775,80.2109375,38088,38098,10
12.9521598816,80.2114028931,38098,38108,10
12.9532003403,80.211807251,38108,38118,10
12.9541397095,80.2121810913,38118,38128,10
12.9551200867,80.2125473022,38128,38138,10
12.9559497833,80.2128601074,38138,38149,11
12.9568395615,80.2132110596,38149,38158,9
12.957570076,80.2135391235,38158,38170,12
12.9586601257,80.2139663696,38170,38180,10
12.9594697952,80.2142715454,38180,38190,10
12.9602403641,80.2145996094,38190,38200,10
12.9609899521,80.2148895264,38200,38210,10
12.9617996216,80.2152099609,38210,38220,10
12.9626598358,80.2155303955,38220,38230,10
12.9633197784,80.2157592773,38230,38240,10
12.9638395309,80.2159805298,38240,38250,10
12.9642400742,80.2161331177,38250,38263,13
12.9643497467,80.2162017822,38263,38273,10
12.9647502899,80.2164077759,38273,38284,11
12.9654197693,80.2166900635,38284,38294,10
12.9660596848,80.2169418335,38294,38304,10
12.9668998718,80.2172775269,38304,38364,60
12.9668998718,80.2172775269,38364,38374,10
12.96737957,80.2174606323,38374,38414,40
12.96737957,80.2174606323,38414,38425,11
12.9678297043,80.217666626,38425,38435,10
12.9681596756,80.2177886963,38435,38445,10
12.9688301086,80.2180404663,38445,38455,10
12.9697799683,80.2183990479,38455,38465,10
12.9706802368,80.2187805176,38465,38475,10
12.9712295532,80.2189331055,38475,38484,9
12.971280098,80.218963623,38484,38496,12
12.9717302322,80.2191772461,38496,38506,10
12.9723596573,80.2194366455,38506,38516,10
12.9728603363,80.2196578979,38516,38526,10
12.9731798172,80.2197799683,38526,38536,10
12.9734697342,80.2198562622,38536,38546,10
12.9738998413,80.2200393677,38546,38556,10
12.9742298126,80.2202072144,38556,38590,34
12.9743404388,80.2203903198,38590,38640,50
12.9743404388,80.2203903198,38640,38650,10
12.9745998383,80.2205581665,38650,38660,10
12.9750204086,80.2206573486,38660,38670,10
12.9754695892,80.2207794189,38670,38701,31
12.9754695892,80.2207794189,38701,38711,10
12.9756402969,80.220916748,38711,38721,10
12.9758796692,80.2210922241,38721,38731,10
12.9761600494,80.2211914063,38731,38761,30
12.9761600494,80.2211914063,38761,38771,10
12.9764995575,80.2212600708,38771,38781,10
12.9769496918,80.2212524414,38781,38791,10
12.9776601791,80.2211914063,38791,38801,10
12.9783802032,80.2211380005,38801,38811,10
12.9790802002,80.2210998535,38811,38822,11
12.9799499512,80.2210388184,38822,38833,11
12.9808797836,80.2209625244,38833,38843,10
12.981710434,80.2213668823,38843,38873,30
12.981710434,80.2213668823,38873,38883,10
12.9822301865,80.2216720581,38883,38893,10
12.982919693,80.2218933105,38893,38916,23
12.982919693,80.2218933105,38916,38926,10
12.9831399918,80.222038269,38926,38936,10
12.9833498001,80.2221908569,38936,38946,10
12.9836397171,80.2223510742,38946,38956,10
12.9842395782,80.2226791382,38956,38966,10
12.984919548,80.2230377197,38966,38977,11
12.9854402542,80.2231216431,38977,38987,10
12.9857797623,80.2229385376,38987,38997,10
12.9864902496,80.2229003906,38997,39007,10
12.9871101379,80.2229919434,39007,39017,10
12.9876203537,80.2229995728,39017,39027,10
12.9881401062,80.2227020264,39027,39037,10
12.9886598587,80.2222213745,39037,39047,10
12.9892501831,80.2215423584,39047,39057,10
12.9900503159,80.2206726074,39057,39067,10
12.9904403687,80.2203369141,39067,39077,10
12.9904499054,80.2203292847,39077,39087,10
12.9907999039,80.2200317383,39087,39097,10
12.9913196564,80.219619751,39097,39107,10
12.991900444,80.2191925049,39107,39118,11
12.9926996231,80.2186431885,39118,39128,10
12.9934501648,80.2180862427,39128,39138,10
12.9941396713,80.2175979614,39138,39148,10
12.9947004318,80.2171936035,39148,39158,10
12.9950895309,80.2169265747,39158,39168,10
12.9956598282,80.2166900635,39168,39178,10
12.9964599609,80.216506958,39178,39188,10
12.9971599579,80.2164306641,39188,39198,10
12.9975004196,80.2161178589,39198,39208,10
12.9975404739,80.2160720825,39208,39218,10
12.9977197647,80.2158813477,39218,39228,10
12.9980401993,80.2155990601,39228,39238,10
12.9986200333,80.215133667,39238,39248,10
12.9990797043,80.2147216797,39248,39260,12
12.9994497299,80.2143783569,39260,39270,10
12.9999704361,80.2139511108,39270,39280,10
13.0003900528,80.2135009766,39280,39290,10
13.0009698868,80.2130737305,39290,39300,10
13.001540184,80.2126464844,39300,39310,10
13.0017795563,80.2124786377,39310,39320,10
13.0022497177,80.2121963501,39320,39330,10
13.0029697418,80.2120666504,39330,39340,10
13.0037097931,80.2119903564,39340,39350,10
13.0044403076,80.2121887207,39350,39360,10
13.0049200058,80.2125015259,39360,39371,11
13.0057001114,80.2128677368,39371,39380,9
13.0061597824,80.2127609253,39380,39391,11
13.0070495605,80.2127380371,39391,39399,8
13.0077400208,80.212890625,39399,39431,32
13.0077400208,80.212890625,39431,39441,10
13.0079498291,80.2131118774,39441,39451,10
13.0084295273,80.2133102417,39451,39461,10
13.0088500977,80.2138214111,39461,39471,10
13.0094404221,80.2146224976,39471,39481,10
13.0097904205,80.2150878906,39481,39491,10
13.0100803375,80.2155609131,39491,39502,11
13.0106096268,80.216217041,39502,39512,10
13.010840416,80.2168884277,39512,39522,10
13.0111598969,80.2176895142,39522,39532,10
13.0115098953,80.2186889648,39532,39542,10
13.0118703842,80.2197418213,39542,39552,10
13.0121803284,80.220703125,39552,39573,21
13.0125904083,80.2215194702,39573,39585,12
13.0128002167,80.2217712402,39585,39595,10
13.013010025,80.2220001221,39595,39605,10
13.0133695602,80.2224731445,39605,39615,10
13.0137195587,80.2229919434,39615,39625,10
13.0140399933,80.223449707,39625,39635,10
13.0142498016,80.2236328125,39635,39645,10
13.0146598816,80.2240066528,39645,39656,11
13.015130043,80.2247314453,39656,39666,10
13.015540123,80.2250213623,39666,39675,9
13.0156002045,80.2250976563,39675,39686,11
13.0159902573,80.2253189087,39686,39696,10
13.0167198181,80.2252426147,39696,39706,10
13.01720047,80.2250595093,39706,39716,10
13.0185203552,80.2245483398,39716,39726,10
13.0194597244,80.2244186401,39726,39736,10
13.0201396942,80.2247390747,39736,39746,10
13.0205402374,80.2250518799,39746,39757,11
13.0207796097,80.2252426147,39757,39767,10
13.0209503174,80.2253799438,39767,39777,10
13.021229744,80.2256393433,39777,39787,10
13.0217599869,80.226020813,39787,39809,22
13.0221700668,80.2263565063,39809,39821,12
13.022649765,80.2267913818,39821,39851,30
13.022649765,80.2267913818,39851,39861,10
13.0228996277,80.2270278931,39861,39871,10
13.0230998993,80.2272262573,39871,39881,10
13.0232496262,80.2273635864,39881,39892,11
13.0235795975,80.2276382446,39892,39902,10
13.0239295959,80.2279205322,39902,39931,29
13.0239295959,80.2279205322,39931,39942,11
13.0242300034,80.2282791138,39942,39952,10
13.0244398117,80.2285995483,39952,39960,8
13.0246200562,80.228843689,39960,39971,11
13.0248203278,80.229133606,39971,39982,11
13.0249595642,80.2293014526,39982,39992,10
13.0249795914,80.2293167114,39992,40002,10
13.0250597,80.2294311523,40002,40013,11
13.025349617,80.2297821045,40013,40023,10
13.0255403519,80.2300415039,40023,40033,10
13.0256996155,80.2302703857,40033,40043,10
13.0258102417,80.2304382324,40043,40053,10
13.0259399414,80.2305908203,40053,40063,10
13.0259799957,80.2308807373,40063,40073,10
13.0260601044,80.231262207,40073,40093,20
13.0269804001,80.2311172485,40093,40105,12
13.0280303955,80.2309799194,40105,40115,10
13.0288696289,80.2308731079,40115,40145,30
13.0289096832,80.2308502197,40145,40166,21
13.0289096832,80.2308502197,40166,40176,10
13.0289096832,80.2308731079,40176,40196,20
13.0289096832,80.2308731079,40196,40206,10
13.0289802551,80.2308425903,40206,40215,9
13.0293197632,80.230796814,40215,40226,11
13.0298900604,80.2307434082,40226,40266,40
13.0298900604,80.2307434082,40266,40277,11
13.0301303864,80.2307434082,40277,40287,10
13.0302095413,80.2307281494,40287,40297,10
13.0303897858,80.23072052,40297,40307,10
13.0305500031,80.2307128906,40307,40317,10
13.0308599472,80.2306976318,40317,40327,10
13.0314903259,80.2306213379,40327,40337,10
13.0320901871,80.2305908203,40337,40347,10
13.0325603485,80.2305603027,40347,40356,9
13.0330896378,80.2305297852,40356,40367,11
13.0337696075,80.2304763794,40367,40418,51
13.0337696075,80.2304763794,40418,40428,10
13.0341100693,80.230430603,40428,40458,30
13.0341100693,80.230430603,40458,40467,9
13.0342798233,80.2304534912,40467,40478,11
13.0346698761,80.2303390503,40478,40488,10
13.0348997116,80.2301177979,40488,40498,10
13.0345602036,80.2299728394,40498,40539,41
13.0342102051,80.2299118042,40539,41315,776
13.0341796875,80.2301177979,41315,41395,80
13.0341796875,80.2301177979,41395,41406,11
13.0339403152,80.2304077148,41406,41416,10
13.0335302353,80.2304534912,41416,41426,10
13.0327501297,80.2305374146,41426,41435,9
13.0322999954,80.2305831909,41435,41446,11
13.0313301086,80.230682373,41446,41527,81
13.0313301086,80.230682373,41527,41537,10
13.030790329,80.2307510376,41537,41547,10
13.0303297043,80.2307891846,41547,41557,10
13.0302696228,80.230796814,41557,41567,10
13.0301599503,80.2308197021,41567,41577,10
13.0298204422,80.2308425903,41577,41587,10
13.0295000076,80.2308807373,41587,41596,9
13.0290002823,80.2309417725,41596,41607,11
13.0282497406,80.2309494019,41607,41618,11
13.027680397,80.2311096191,41618,41678,60
13.027680397,80.2311096191,41678,41688,10
13.0276403427,80.2311325073,41688,41698,10
13.0277004242,80.2314682007,41698,41708,10
13.0277500153,80.2317810059,41708,41718,10
13.0277996063,80.2320709229,41718,41728,10
13.0278501511,80.232460022,41728,41738,10
13.0275602341,80.2327804565,41738,41880,142
13.0275602341,80.2327804565,41880,41890,10
13.0273303986,80.2329177856,41890,41900,10
13.0271596909,80.2329483032,41900,41910,10
13.0266599655,80.2330093384,41910,41990,80
13.0266599655,80.2330093384,41990,42000,10
13.0264396667,80.2329864502,42000,42011,11
13.026260376,80.2325515747,42011,42021,10
13.026140213,80.2320632935,42021,42031,10
13.0259895325,80.2314605713,42031,42041,10
13.0257797241,80.2307815552,42041,42051,10
13.0253400803,80.2300109863,42051,42061,10
13.0249099731,80.2294616699,42061,42071,10
13.0245304108,80.2289581299,42071,42081,10
13.024140358,80.228477478,42081,42091,10
13.0236501694,80.227897644,42091,42101,10
13.0232095718,80.2275619507,42101,42111,10
13.0230197906,80.2274398804,42111,42121,10
13.0228395462,80.2272796631,42121,42131,10
13.0226802826,80.2271575928,42131,42141,10
13.0225296021,80.2268829346,42141,42152,11
13.02202034,80.2264099121,42152,42162,10
13.0214395523,80.2259368896,42162,42172,10
13.0207796097,80.2254486084,42172,42182,10
13.0199899673,80.224937439,42182,42202,20
13.0199899673,80.224937439,42202,42212,10
13.0197896957,80.224822998,42212,42222,10
13.0192604065,80.2245788574,42222,42232,10
13.0184297562,80.2246780396,42232,42242,10
13.0174303055,80.2250595093,42242,42252,10
13.0164604187,80.225440979,42252,42262,10
13.0157403946,80.225692749,42262,42272,10
13.0149297714,80.2259979248,42272,48340,6068
12.9828796387,80.2219314575,48340,48353,13
12.9830904007,80.222038269,48353,48364,11
12.9834098816,80.2222366333,48364,48374,10
12.9837799072,80.2224884033,48374,48384,10
12.9843797684,80.2228317261,48384,48393,9
12.9848604202,80.2231292725,48393,48404,11
12.985250473,80.2232589722,48404,48414,10
12.9856300354,80.2230224609,48414,48424,10
12.9862499237,80.2229537964,48424,48434,10
12.9866104126,80.2229385376,48434,48505,71
12.9869804382,80.2229995728,48505,48636,131
12.9872398376,80.2230224609,48636,48676,40
12.9872398376,80.2230224609,48676,48686,10
12.9876203537,80.2229919434,48686,48696,10
12.9880304337,80.2227172852,48696,48706,10
12.9887599945,80.2222518921,48706,48716,10
12.9892902374,80.2217178345,48716,48726,10
12.9897499084,80.2211837769,48726,48736,10
12.9903001785,80.2205429077,48736,48747,11
12.9908504486,80.2201309204,48747,48757,10
12.9912204742,80.219833374,48757,48767,10
12.9913196564,80.2197036743,48767,48777,10
12.9917201996,80.2193832397,48777,48787,10
12.9923000336,80.218963623,48787,48797,10
12.9930000305,80.218421936,48797,48807,10
12.9939098358,80.2177200317,48807,48817,10
12.9946403503,80.2171630859,48817,48827,10
12.9949302673,80.2169723511,48827,48837,10
12.9954204559,80.2167205811,48837,48847,10
12.9961700439,80.2165603638,48847,48857,10
12.9970598221,80.2164535522,48857,48867,10
12.9975299835,80.2160873413,48867,48877,10
12.9975595474,80.2160797119,48877,48888,11
12.997759819,80.2158889771,48888,48898,10
12.9981403351,80.2155609131,48898,48908,10
12.9987897873,80.2150421143,48908,48924,16
12.9993495941,80.2145309448,48924,48936,12
12.9998903275,80.214050293,48936,48944,8
13.0003004074,80.2136917114,48944,48956,12
13.0009298325,80.2131195068,48956,48966,10
13.0016202927,80.2125930786,48966,48976,10
13.0021095276,80.2122802734,48976,48986,10
13.0026502609,80.2120819092,48986,48996,10
13.0031995773,80.212020874,48996,49006,10
13.003950119,80.212020874,49006,49017,11
13.0047502518,80.2123565674,49017,49027,10
13.0055303574,80.2127990723,49027,49036,9
13.0061998367,80.2127380371,49036,49046,10
13.0068998337,80.2126998901,49046,49057,11
13.007809639,80.2130203247,49057,49077,20
13.007809639,80.2130203247,49077,49087,10
13.0080404282,80.2131576538,49087,49097,10
13.0085601807,80.2134170532,49097,49107,10
13.0089998245,80.2140426636,49107,49117,10
13.0095500946,80.2147979736,49117,49127,10
13.0100698471,80.2155303955,49127,49137,10
13.0105695724,80.2159805298,49137,49148,11
13.0108299255,80.2167892456,49148,49158,10
13.0111598969,80.2175979614,49158,49168,10
13.0115499496,80.2187194824,49168,49178,10
13.011879921,80.2198410034,49178,49188,10
13.012260437,80.2208480835,49188,49197,9
13.0124397278,80.2212219238,49197,49208,11
13.0126104355,80.2216796875,49208,49218,10
13.0130996704,80.2222671509,49218,49228,10
13.0135202408,80.2227401733,49228,49238,10
13.0139398575,80.2232589722,49238,49248,10
13.0141401291,80.2235031128,49248,49258,10
13.0143404007,80.2237319946,49258,49268,10
13.0148296356,80.2242965698,49268,49279,11
13.0153999329,80.2248764038,49279,49289,10
13.0154895782,80.2249832153,49289,49299,10
13.0157299042,80.2251815796,49299,49309,10
13.0162801743,80.2252731323,49309,49319,10
13.0170602798,80.2250518799,49319,49329,10
13.0179195404,80.2247314453,49329,49339,10
13.0188302994,80.2243728638,49339,49349,10
13.0194797516,80.224357605,49349,49359,10
13.0197200775,80.2245178223,49359,49369,10
13.0200996399,80.224822998,49369,49379,10
13.0206699371,80.2252120972,49379,49389,10
13.0211801529,80.2256393433,49389,49399,10
13.0217599869,80.2260818481,49399,49410,11
13.0220603943,80.226272583,49410,49420,10
13.022190094,80.2264022827,49420,49430,10
13.022600174,80.2267532349,49430,49440,10
13.0231895447,80.2272796631,49440,49450,10
13.0238704681,80.2279815674,49450,49460,10
13.0242900848,80.2284164429,49460,49470,10
13.024310112,80.2284164429,49470,49480,10
13.0244503021,80.2285766602,49480,49490,10
13.0247297287,80.2290115356,49490,49500,10
13.0251703262,80.2295837402,49500,49510,10
13.025639534,80.2302322388,49510,49520,10
13.0259799957,80.2310409546,49520,49531,11
13.0262699127,80.2312469482,49531,49541,10
13.0269603729,80.231086731,49541,49551,10
13.0278100967,80.2309570313,49551,49561,10
13.0284795761,80.2308731079,49561,49601,40
13.0284795761,80.2308731079,49601,49611,10
13.0289402008,80.2308807373,49611,49621,10
13.0291996002,80.2308502197,49621,49631,10
13.0295600891,80.2308120728,49631,49641,10
13.0301599503,80.2307510376,49641,49651,10
13.0308303833,80.2306900024,49651,49661,10
13.0313501358,80.2306594849,49661,49671,10
13.0319795609,80.2306137085,49671,49682,11
13.0327301025,80.2305831909,49682,49692,10
13.0334596634,80.2305374146,49692,49702,10
13.0336999893,80.230506897,49702,49762,60
13.0336999893,80.230506897,49762,49772,10
13.0338897705,80.2305297852,49772,49782,10
13.0340499878,80.2304992676,49782,49792,10
13.0345497131,80.2303771973,49792,49803,11
13.0348796844,80.23021698,49803,49881,78
13.0348796844,80.23021698,49881,49891,10
13.0350399017,80.2303390503,49891,49901,10
13.0348100662,80.2304077148,49901,49910,9
13.0344400406,80.23046875,49910,49921,11
13.033949852,80.2304916382,49921,49932,11
13.0332202911,80.2304763794,49932,49942,10
13.0326499939,80.2305297852,49942,49952,10
13.0319499969,80.2306289673,49952,49962,10
13.0311203003,80.2306976318,49962,49972,10
13.0306196213,80.23072052,49972,49982,10
13.0303602219,80.2307434082,49982,49992,10
13.0299596786,80.2307815552,49992,50002,10
13.0297698975,80.230796814,50002,50012,10
13.0294399261,80.2308502197,50012,50022,10
13.0288696289,80.2309188843,50022,50032,10
13.0282001495,80.23097229,50032,50042,10
13.0277500153,80.231010437,50042,50053,11
13.0276403427,80.2313919067,50053,50064,11
13.0277299881,80.2320709229,50064,50074,10
13.0277900696,80.232711792,50074,50083,9
13.0268497467,80.2329483032,50083,50144,61
13.0268497467,80.2329483032,50144,50154,10
13.0265302658,80.2330780029,50154,50164,10
13.0262699127,80.232749939,50164,50174,10
13.0261096954,80.2321472168,50174,50184,10
13.0259399414,80.2314071655,50184,50195,11
13.0256099701,80.2304382324,50195,50205,10
13.0250701904,80.2296218872,50205,50215,10
13.024600029,80.2289886475,50215,50225,10
13.0241298676,80.2283401489,50225,50235,10
13.0235099792,80.2276382446,50235,50245,10
13.0228700638,80.2270584106,50245,50255,10
13.022359848,80.2266235352,50255,50265,10
13.0217504501,80.2261123657,50265,50275,10
13.0210103989,80.2255630493,50275,50285,10
13.0203800201,80.2251281738,50285,50295,10
13.0200195313,80.2248764038,50295,50305,10
13.0195903778,80.224609375,50305,50315,10
13.0188102722,80.2244796753,50315,50326,11
13.0177698135,80.2248916626,50326,50336,10
13.0167798996,80.2253112793,50336,50346,10
13.0160703659,80.2255783081,50346,50356,10
13.0153999329,80.2258300781,50356,50366,10
13.0150203705,80.2259521484,50366,50376,10
13.0149002075,80.2259902954,50376,50393,17
13.0146999359,80.2260665894,50393,50405,12
13.0142602921,80.2261962891,50405,50413,8
13.0142002106,80.2261886597,50413,50425,12
13.0140695572,80.2255172729,50425,50617,192
13.0139503479,80.2252426147,50617,50697,80
13.0142402649,80.225440979,50697,50738,41
13.0142402649,80.225440979,50738,50748,10
13.0142202377,80.225440979,50748,50758,10
13.0141897202,80.2259597778,50758,50778,20
13.0141897202,80.2259597778,50778,50788,10
13.0141201019,80.2262573242,50788,50798,10
13.0136804581,80.2264404297,50798,50808,10
13.0129804611,80.2267227173,50808,50818,10
13.0121202469,80.2271194458,50818,50828,10
13.0111303329,80.2275238037,50828,50839,11
13.0100402832,80.2279510498,50839,50849,10
13.0094604492,80.2277526855,50849,50859,10
13.00963974,80.2272567749,50859,50869,10
13.0099601746,80.2265396118,50869,50879,10
13.0103397369,80.2257766724,50879,50889,10
13.0106096268,80.225151062,50889,50899,10
13.0108003616,80.2247161865,50899,50909,10
13.0110902786,80.2240371704,50909,50919,10
13.0113096237,80.2234115601,50919,50929,10
13.0115003586,80.2233276367,50929,50939,10
13.0119304657,80.2235794067,50939,50949,10
13.0124397278,80.2238922119,50949,50959,10
13.0130796432,80.2241897583,50959,50970,11
13.0139503479,80.2246017456,50970,50980,10
13.0146598816,80.2249526978,50980,50990,10
13.015130043,80.2252426147,50990,51000,10
13.0156402588,80.225227356,51000,51010,10
13.0163202286,80.2252731323,51010,51020,10
13.0170602798,80.2250366211,51020,51030,10
13.0179595947,80.2247009277,51030,51040,10
13.0188703537,80.2243423462,51040,51050,10
13.0195703506,80.2243804932,51050,51060,10
13.0199804306,80.2246932983,51060,51070,10
13.0204696655,80.2250595093,51070,51080,10
13.0208997726,80.2254180908,51080,51090,10
13.021490097,80.2258682251,51090,51101,11
13.0222501755,80.2264328003,51101,51111,10
13.0229196548,80.2270584106,51111,51121,10
13.0234298706,80.2275695801,51121,51131,10
13.0242300034,80.2282791138,51131,51151,20
13.0242300034,80.2282791138,51151,51161,10
13.0243701935,80.2284164429,51161,51171,10
13.0245800018,80.2287521362,51171,51181,10
13.0248403549,80.2291183472,51181,51191,10
13.0252304077,80.229637146,51191,51201,10
13.0256996155,80.2303237915,51201,51211,10
13.0259799957,80.2309875488,51211,51262,51
13.0259799957,80.2309875488,51262,51272,10
13.0261201859,80.231300354,51272,51282,10
13.0264797211,80.2312927246,51282,51292,10
13.0273399353,80.2310791016,51292,51302,10
13.0280303955,80.2310714722,51302,51312,10
13.0285196304,80.2309417725,51312,51322,10
13.0290298462,80.2308578491,51322,51332,10
13.0293703079,80.2308273315,51332,51342,10
13.0299196243,80.230796814,51342,51352,10
13.0306396484,80.2307281494,51352,51363,11
13.0313796997,80.2306594849,51363,51373,10
13.0320796967,80.2306137085,51373,51383,10
13.0327796936,80.2305679321,51383,51392,9
13.0333900452,80.2305297852,51392,51403,11
13.034119606,80.23046875,51403,51413,10
13.0344696045,80.2304000854,51413,51423,10
13.0347604752,80.2302932739,51423,51433,10
13.0349397659,80.230140686,51433,51443,10
13.035030365,80.2299575806,51443,51453,10
13.0346603394,80.2297973633,51453,51504,51
13.0342798233,80.2297821045,51504,51665,161
13.0342903137,80.230140686,51665,51826,161
13.0342903137,80.230140686,51826,51836,10
13.0340900421,80.2303771973,51836,51846,10
13.0337400436,80.2304229736,51846,51856,10
13.0331201553,80.2305221558,51856,51866,10
13.0323095322,80.2305908203,51866,51876,10
13.0315103531,80.2306594849,51876,51887,11
13.0307302475,80.2307281494,51887,51897,10
13.0301399231,80.2307891846,51897,51907,10
13.0297498703,80.2308502197,51907,51917,10
13.0295000076,80.2308883667,51917,51927,10
13.029129982,80.2309494019,51927,51937,10
13.0285596848,80.2310180664,51937,51947,10
13.0279598236,80.2310562134,51947,51957,10
13.0277900696,80.231262207,51957,51967,10
13.0278301239,80.2317810059,51967,51977,10
13.027879715,80.2324981689,51977,51993,16
13.0276603699,80.2328033447,51993,52005,12
13.0272903442,80.2328720093,52005,52014,9
13.0269804001,80.232963562,52014,52026,12
13.0264997482,80.2329406738,52026,52036,10
13.0262699127,80.232460022,52036,52046,10
13.0262002945,80.232170105,52046,52056,10
13.0261697769,80.2321014404,52056,52066,10
13.0261697769,80.2319564819,52066,52076,10
13.0261001587,80.2317581177,52076,52086,10
13.0260000229,80.2314529419,52086,52096,10
13.0258398056,80.2309188843,52096,52106,10
13.0253801346,80.2300262451,52106,52116,10
13.0247602463,80.2292709351,52116,52136,20
13.0247602463,80.2292709351,52136,52147,11
13.0245895386,80.2290267944,52147,52156,9
13.0243396759,80.2287063599,52156,52168,12
13.0238704681,80.2281265259,52168,52176,8
13.0231399536,80.2274780273,52176,52198,22
13.0231399536,80.2274780273,52198,52208,10
13.0229902267,80.2273483276,52208,52218,10
13.0229797363,80.2273406982,52218,52228,10
13.0226802826,80.2270812988,52228,52238,10
13.0224103928,80.2266921997,52238,52248,10
13.021900177,80.2262420654,52248,52258,10
13.0213003159,80.2257537842,52258,52268,10
13.0206899643,80.2252883911,52268,52279,11
13.0201997757,80.2249832153,52279,52289,10
13.019659996,80.2246170044,52289,52299,10
13.0189399719,80.2244720459,52299,52317,18
13.0177602768,80.2249069214,52317,52329,12
13.0167703629,80.2253036499,52329,52336,7
13.0163497925,80.2254714966,52336,52349,13
13.0155000687,80.2257995605,52349,52357,8
13.0145797729,80.2261581421,52357,52380,23
13.0145797729,80.2261581421,52380,52390,10
13.0142297745,80.2262878418,52390,52401,11
13.0136404037,80.2265090942,52401,52411,10
13.0129203796,80.2267913818,52411,52421,10
13.0119895935,80.227180481,52421,52431,10
13.0109395981,80.2275466919,52431,52441,10
13.0100498199,80.227897644,52441,52451,10
13.009469986,80.227722168,52451,52461,10
13.0096902847,80.2272033691,52461,52471,10
13.0100402832,80.2264862061,52471,52481,10
13.0104398727,80.2256317139,52481,52491,10
13.0107698441,80.224861145,52491,52501,10
13.0109100342,80.2243499756,52501,52511,10
13.0109996796,80.2242126465,52511,52521,10
13.0111598969,80.2238082886,52521,52532,11
13.0114498138,80.2230224609,52532,52542,10
13.0117197037,80.2222290039,52542,52552,10
13.0119895935,80.2215499878,52552,52562,10
13.0121202469,80.2213363647,52562,52572,10
13.0121097565,80.2209091187,52572,52582,10
13.0119199753,80.2202835083,52582,52592,10
13.0116996765,80.219543457,52592,52602,10
13.0114603043,80.2188034058,52602,52612,10
13.0111999512,80.2180099487,52612,52622,10
13.0109195709,80.2173233032,52622,52632,10
13.0104999542,80.2164764404,52632,52642,10
13.0101604462,80.2158889771,52642,52652,10
13.0098199844,80.2151870728,52652,52663,11
13.0093698502,80.21459198,52663,52673,10
13.0089101791,80.2139816284,52673,52683,10
13.0086202621,80.2136077881,52683,52733,50
13.0086202621,80.2136077881,52733,52743,10
13.0082998276,80.2133483887,52743,52783,40
13.0079603195,80.213180542,52783,52814,31
13.0079603195,80.213180542,52814,52824,10
13.0077600479,80.2129974365,52824,52834,10
13.0073604584,80.2127990723,52834,52844,10
13.006770134,80.2127304077,52844,52854,10
13.0061597824,80.212890625,52854,52864,10
13.0055904388,80.2128219604,52864,52873,9
13.0051002502,80.2125320435,52873,52885,12
13.0043201447,80.2121810913,52885,52895,10
13.0035400391,80.2120513916,52895,52905,10
13.002869606,80.2120513916,52905,52915,10
13.0022201538,80.2122802734,52915,52927,12
13.0019102097,80.2125015259,52927,52937,10
13.0015001297,80.2128067017,52937,52947,10
13.0009002686,80.2132492065,52947,52957,10
13.0001602173,80.2138977051,52957,52967,10
12.9996500015,80.2143478394,52967,52977,10
12.9991798401,80.2147369385,52977,52987,10
12.9989099503,80.2149505615,52987,52997,10
12.9984798431,80.2152862549,52997,53007,10
12.9979000092,80.2158279419,53007,53017,10
12.9974098206,80.2163009644,53017,53034,17
12.9972295761,80.2165222168,53034,53045,11
12.9966897964,80.2165679932,53045,53054,9
12.9961500168,80.2166595459,53054,53065,11
12.9956703186,80.216796875,53065,53076,11
12.9955797195,80.2168121338,53076,53086,10
12.9953098297,80.2169113159,53086,53096,10
12.9951696396,80.2170028687,53096,53136,40
12.9951696396,80.2170028687,53136,53146,10
12.9948101044,80.2172470093,53146,53156,10
12.9943199158,80.2175827026,53156,53166,10
12.9937200546,80.2180328369,53166,53176,10
12.9930400848,80.2185134888,53176,53187,11
12.9922399521,80.2190704346,53187,53197,10
12.991399765,80.2196884155,53197,53207,10
12.990819931,80.2200775146,53207,53217,10
12.9906702042,80.2202224731,53217,53227,10
12.9905395508,80.2203216553,53227,53237,10
12.9901599884,80.2206192017,53237,53247,10
12.9896001816,80.2212371826,53247,53257,10
12.9890804291,80.2218475342,53257,53267,10
12.9885501862,80.2225036621,53267,53277,10
12.987739563,80.2230987549,53277,53287,10
12.9869804382,80.2230529785,53287,53297,10
12.9862804413,80.2229919434,53297,53307,10
12.9856100082,80.2231826782,53307,53318,11
12.9852800369,80.2232818604,53318,53328,10
12.9848203659,80.2230987549,53328,53338,10
12.9841804504,80.2227096558,53338,53348,10
12.9836196899,80.2223815918,53348,53358,10
12.9832201004,80.2221374512,53358,53378,20
12.9832201004,80.2221374512,53378,53388,10
12.9830799103,80.2220001221,53388,53398,10
12.9829597473,80.2219619751,53398,53408,10
12.9827604294,80.2218933105,53408,53418,10
12.9824199677,80.2218399048,53418,53428,10
12.9818096161,80.2214813232,53428,53438,10
12.9810304642,80.2210922241,53438,53449,11
12.980050087,80.2210769653,53449,53459,10
12.9791402817,80.2211380005,53459,53469,10
12.978219986,80.2212219238,53469,53479,10
12.9773797989,80.2212982178,53479,53489,10
12.976149559,80.221321106,53489,53519,30
12.976149559,80.221321106,53519,53529,10
12.9756402969,80.2209625244,53529,53569,40
12.9756402969,80.2209625244,53569,53580,11
12.9752101898,80.2206420898,53580,53590,10
12.9747200012,80.2203903198,53590,53600,10
12.9741001129,80.2201080322,53600,53610,10
12.9735002518,80.2198791504,53610,53620,10
12.9727497101,80.219619751,53620,53630,10
12.9718503952,80.2192611694,53630,53640,10
12.970870018,80.2189102173,53640,53650,10
12.9698295593,80.21849823,53650,53660,10
12.9688396454,80.2181167603,53660,53670,10
12.9679203033,80.2177581787,53670,53686,16
12.9668598175,80.2173614502,53686,53698,12
12.9659404755,80.2170028687,53698,53706,8
12.9650802612,80.2166595459,53706,53719,13
12.9639797211,80.2162017822,53719,53728,9
12.9633598328,80.2158889771,53728,53739,11
12.9625997543,80.2155685425,53739,53749,10
12.9619598389,80.2153167725,53749,53758,9
12.9612903595,80.2150726318,53758,53769,11
12.9600601196,80.2145996094,53769,53779,10
12.9590301514,80.2141723633,53779,53789,10
12.9579696655,80.213760376,53789,53799,10
12.9569301605,80.2133331299,53799,53809,10
12.9558601379,80.2128982544,53809,53819,10
12.9547901154,80.2124786377,53819,53829,10
12.9539003372,80.2121276855,53829,53840,11
12.9526195526,80.2116622925,53840,53850,10
12.9515399933,80.2112426758,53850,53859,9
12.9505796432,80.2108688354,53859,53870,11
12.9494800568,80.2104263306,53870,53880,10
12.9485502243,80.2100601196,53880,53890,10
12.947520256,80.2096633911,53890,53900,10
12.946269989,80.2091598511,53900,53910,10
12.9449596405,80.2086410522,53910,53920,10
12.9441604614,80.2083511353,53920,53930,10
12.9440803528,80.2083206177,53930,53940,10
12.9438695908,80.2082138062,53940,53950,10
12.9434204102,80.2080230713,53950,53960,10
12.9428596497,80.2075424194,53960,53971,11
12.9421796799,80.2067565918,53971,53981,10
12.9413900375,80.2061767578,53981,53991,10
12.9407100677,80.2058486938,53991,54001,10
12.9400701523,80.2056427002,54001,54011,10
12.9395303726,80.2054824829,54011,54021,10
12.9389095306,80.2052764893,54021,54031,10
12.9383096695,80.2051010132,54031,54041,10
12.9376096725,80.2049026489,54041,54051,10
12.9368095398,80.2046737671,54051,54061,10
12.9360399246,80.204460144,54061,54071,10
12.9354496002,80.204246521,54071,54081,10
12.934800148,80.2039794922,54081,54091,10
12.9336500168,80.2039108276,54091,54112,21
12.9336500168,80.2039108276,54112,54122,10
12.9333295822,80.2038497925,54122,54132,10
12.9329395294,80.2036972046,54132,54142,10
12.9324903488,80.2035217285,54142,54152,10
12.9317903519,80.2032775879,54152,54162,10
12.9309997559,80.2030181885,54162,54172,10
12.930270195,80.2028503418,54172,54182,10
12.9297103882,80.2027816772,54182,54192,10
12.9294395447,80.2027587891,54192,54202,10
12.9291200638,80.2026824951,54202,54212,10
12.9286203384,80.202583313,54212,54222,10
12.9284801483,80.2020263672,54222,54233,11
12.928440094,80.2011566162,54233,54243,10
12.9283895493,80.2002410889,54243,54253,10
12.9281396866,80.1993103027,54253,54263,10
12.9276895523,80.1984481812,54263,54273,10
12.9269304276,80.1977996826,54273,54283,10
12.9261302948,80.1975402832,54283,54293,10
12.9257202148,80.197517395,54293,54303,10
12.9254903793,80.1975479126,54303,54313,10
12.9251203537,80.1975097656,54313,54323,10
12.9244604111,80.1975097656,54323,54333,10
12.923620224,80.197479248,54333,54343,10
12.9227199554,80.1973571777,54343,54353,10
12.9218301773,80.1972198486,54353,54364,11
12.9211502075,80.1969680786,54364,54374,10
12.920920372,80.1968917847,54374,54384,10
12.9204998016,80.1967391968,54384,54394,10
12.9198503494,80.1965026855,54394,54404,10
12.919210434,80.1961517334,54404,54414,10
12.9187002182,80.1957321167,54414,54424,10
12.9183597565,80.1954116821,54424,54434,10
12.9178600311,80.1949310303,54434,54444,10
12.9173002243,80.194442749,54444,54454,10
12.9170999527,80.194152832,54454,54464,10
12.9169902802,80.1937866211,54464,54474,10
12.916970253,80.1934204102,54474,54484,10
12.9170503616,80.1927108765,54484,54495,11
12.9170999527,80.1922607422,54495,54505,10
12.9171600342,80.1919021606,54505,54515,10
12.9172401428,80.1912689209,54515,54535,20
12.9172401428,80.1912689209,54535,54545,10
12.9173002243,80.1911087036,54545,54555,10
12.9173498154,80.1905822754,54555,54565,10
12.9174604416,80.1898269653,54565,54575,10
12.9177703857,80.1889724731,54575,54585,10
12.9184398651,80.188117981,54585,54595,10
12.9191799164,80.1873321533,54595,54605,10
12.919960022,80.186416626,54605,54615,10
12.920539856,80.1854400635,54615,54626,11
12.9202604294,80.1841964722,54626,54656,30
12.9202604294,80.1841964722,54656,54666,10
12.9201698303,80.1838226318,54666,54676,10
12.9200296402,80.1831207275,54676,54686,10
12.9198799133,80.1824874878,54686,54696,10
12.9198503494,80.1823806763,54696,54706,10
12.9197502136,80.181892395,54706,54716,10
12.9195995331,80.1811599731,54716,54726,10
12.9194202423,80.1802825928,54726,54736,10
12.9191198349,80.1792984009,54736,54746,10
12.9184999466,80.1784591675,54746,54757,11
12.9182100296,80.1772689819,54757,54767,10
12.918419838,80.1761169434,54767,54777,10
12.9187202454,80.1750030518,54777,54787,10
12.9189996719,80.1738433838,54787,54797,10
12.9193000793,80.1726989746,54797,54807,10
12.9195098877,80.1718521118,54807,54817,10
12.9197502136,80.1709823608,54817,54827,10
12.9198303223,80.1707382202,54827,54837,10
12.9200201035,80.1702423096,54837,54847,10
12.9202604294,80.1694412231,54847,54857,10
12.9205703735,80.1684036255,54857,54867,10
12.9209299088,80.1672592163,54867,54877,10
12.9212598801,80.1662368774,54877,54888,11
12.9217100143,80.1648864746,54888,54898,10
12.9220399857,80.1637573242,54898,54908,10
12.9224100113,80.162651062,54908,54918,10
12.9227600098,80.1615371704,54918,54928,10
12.9231004715,80.1604385376,54928,54938,10
12.9233398438,80.1593170166,54938,54948,10
12.92345047,80.1580963135,54948,54958,10
12.9235601425,80.1568832397,54958,54968,10
12.9236001968,80.1557998657,54968,54977,9
12.9233703613,80.1550979614,54977,54988,11
12.9232997894,80.1548461914,54988,54998,10
12.9232397079,80.1544799805,54998,55008,10
12.923119545,80.1539535522,55008,55019,11
12.9229001999,80.1530990601,55019,55029,10
12.9227104187,80.1524276733,55029,55038,9
12.922659874,80.1521072388,55038,55048,10
12.9226303101,80.1515884399,55048,55059,11
12.9225997925,80.1508178711,55059,55069,10
12.9225797653,80.149887085,55069,55079,10
12.922539711,80.1489028931,55079,55089,10
12.9225301743,80.1480026245,55089,55099,10
12.9225196838,80.1471786499,55099,55109,10
12.9225101471,80.1461791992,55109,55119,10
12.9224700928,80.1451263428,55119,55129,10
12.922419548,80.1434020996,55129,55160,31
12.922419548,80.1434020996,55160,55170,10
12.922419548,80.143371582,55170,55180,10
12.9224100113,80.1429977417,55180,55190,10
12.9223899841,80.1424407959,55190,55200,10
12.9223604202,80.1418533325,55200,55210,10
12.9223299026,80.1413497925,55210,55220,10
12.9223299026,80.1413192749,55220,55230,10
12.9223299026,80.14087677,55230,55240,10
12.9223604202,80.1402206421,55240,55250,10
12.9223604202,80.1394119263,55250,55260,10
12.9224100113,80.1383972168,55260,55270,10
12.9224395752,80.1373062134,55270,55281,11
12.9224996567,80.1362991333,55281,55291,10
12.9225196838,80.1355209351,55291,55301,10
12.9225597382,80.1345062256,55301,55311,10
12.9226102829,80.1333618164,55311,55321,10
12.9226398468,80.1321792603,55321,55331,10
12.9226799011,80.1310272217,55331,55341,10
12.9227399826,80.1300811768,55341,55351,10
12.9227895737,80.1292190552,55351,55361,10
12.9228496552,80.1287918091,55361,55371,10
12.9228801727,80.1282272339,55371,55381,10
12.9228801727,80.1274185181,55381,55391,10
12.9229001999,80.1264724731,55391,55401,10
12.9229402542,80.1254425049,55401,55412,11
12.9230003357,80.1242828369,55412,55422,10
12.9230298996,80.1231079102,55422,55432,10
12.9230499268,80.1219177246,55432,55442,10
12.9231700897,80.1204681396,55442,55472,30
12.9231700897,80.1204681396,55472,55482,10
12.9231996536,80.1203765869,55482,55492,10
12.9232501984,80.1198806763,55492,55502,10
12.9232597351,80.119140625,55502,55512,10
12.9233102798,80.1183776855,55512,55522,10
12.9233903885,80.1175613403,55522,55532,10
12.9233999252,80.1169662476,55532,55543,11
12.9234199524,80.1168136597,55543,55553,10
12.9235696793,80.1168823242,55553,55563,10
12.92345047,80.1173019409,55563,56107,544
12.92345047,80.1173019409,56107,56117,10
12.9233999252,80.117477417,56117,56127,10
12.9235296249,80.117767334,56127,56137,10
12.9234895706,80.1181869507,56137,56147,10
12.92345047,80.1188964844,56147,56157,10
12.9233598709,80.1196594238,56157,56167,10
12.9232797623,80.1203994751,56167,56177,10
12.9232797623,80.1212463379,56177,56429,252
12.9232797623,80.1212463379,56429,56439,10
12.9231901169,80.1215896606,56439,56449,10
12.9231700897,80.1222763062,56449,56460,11
12.9231300354,80.1232299805,56460,57379,919
12.9175796509,80.1897201538,57379,57391,12
12.9173898697,80.1908035278,57391,57401,10
12.9172801971,80.1920013428,57401,57412,11
12.9171495438,80.1930999756,57412,57473,61
12.9171495438,80.1930999756,57473,57483,10
12.9171104431,80.1932983398,57483,57493,10
12.917090416,80.1935577393,57493,57503,10
12.917140007,80.1940002441,57503,57513,10
12.9174003601,80.1944732666,57513,57523,10
12.9178800583,80.1949386597,57523,57533,10
12.9184503555,80.1954879761,57533,57543,10
12.9190998077,80.1960830688,57543,57554,11
12.9199800491,80.1965408325,57554,57564,10
12.9207801819,80.1968002319,57564,57573,9
12.9210300446,80.1968917847,57573,57584,11
12.9215803146,80.1970977783,57584,57594,10
12.9222202301,80.1972808838,57594,57604,10
12.9229402542,80.1973724365,57604,57614,10
12.9235496521,80.1974487305,57614,57624,10
12.9242200851,80.1974868774,57624,57634,10
12.9249801636,80.197479248,57634,57644,10
12.9252500534,80.197479248,57644,57654,10
12.9256801605,80.197479248,57654,57664,10
12.9263095856,80.1975402832,57664,57674,10
12.9270095825,80.1978225708,57674,57685,11
12.9276599884,80.1983413696,57685,57695,10
12.9280004501,80.1989517212,57695,57705,10
12.9283304214,80.19972229,57705,57715,10
12.9284696579,80.2006530762,57715,57725,10
12.9285297394,80.201499939,57725,57735,10
12.9285497665,80.2022018433,57735,57745,10
12.9294595718,80.2027664185,57745,57765,20
12.9294595718,80.2027664185,57765,57775,10
12.9298496246,80.202796936,57775,57785,10
12.9304895401,80.2029037476,57785,57795,10
12.9312000275,80.203086853,57795,57805,10
12.9319200516,80.2033233643,57805,57816,11
12.9325799942,80.2035598755,57816,57826,10
12.9328603745,80.2036514282,57826,57836,10
12.9329395294,80.2036895752,57836,57852,16
12.9333400726,80.2038269043,57852,57864,12
12.9339199066,80.2038879395,57864,57874,10
12.9340000153,80.2039031982,57874,57883,9
12.9341402054,80.2039108276,57883,57895,12
12.9347295761,80.2039413452,57895,57905,10
12.9354200363,80.2041702271,57905,57915,10
12.9362697601,80.204498291,57915,57924,9
12.937040329,80.204750061,57924,57935,11
12.9378900528,80.2050018311,57935,57946,11
12.9385995865,80.2052230835,57946,57956,10
12.9393901825,80.2054672241,57956,57966,10
12.9400100708,80.2056274414,57966,57976,10
12.940030098,80.2056427002,57976,57986,10
12.9403495789,80.2057571411,57986,57996,10
12.9409599304,80.2059936523,57996,58006,10
12.9416599274,80.2063674927,58006,58016,10
12.9428501129,80.2074203491,58016,58089,73
12.9430503845,80.2077178955,58089,58160,71
12.9430503845,80.2077178955,58160,58170,10
12.9432601929,80.2079315186,58170,58180,10
12.9434099197,80.2080230713,58180,58190,10
12.9436597824,80.2081298828,58190,58201,11
12.9439001083,80.2082214355,58201,58211,10
12.9442596436,80.2083511353,58211,58231,20
12.9442596436,80.2083511353,58231,58241,10
12.9445104599,80.208442688,58241,58251,10
12.9450302124,80.2086334229,58251,58261,10
12.9457397461,80.2088928223,58261,58271,10
12.9464302063,80.2091598511,58271,58281,10
12.9470901489,80.2094192505,58281,58291,10
12.9477396011,80.2096633911,58291,58301,10
12.9484195709,80.2098770142,58301,58311,10
12.9491596222,80.2101669312,58311,58321,10
12.9502000809,80.2105865479,58321,58332,11
12.9514799118,80.2111206055,58332,58342,10
12.9525203705,80.2115402222,58342,58352,10
12.9531297684,80.2117919922,58352,58362,10
12.9532203674,80.2118301392,58362,58372,10
12.9534397125,80.2119216919,58372,58382,10
12.9539403915,80.2121200562,58382,58392,10
12.9546298981,80.2124023438,58392,58402,10
12.9554395676,80.2127075195,58402,58412,10
12.956319809,80.2130584717,58412,58422,10
12.9570798874,80.2133636475,58422,58432,10
12.9583301544,80.2138595581,58432,58442,10
12.9593601227,80.2142791748,58442,58452,10
12.9603996277,80.2146987915,58452,58462,10
12.9614095688,80.2151031494,58462,58473,11
12.9624900818,80.2155380249,58473,58483,10
12.9633398056,80.2158813477,58483,58493,10
12.9641399384,80.2162322998,58493,58503,10
12.9649896622,80.216583252,58503,58513,10
12.965880394,80.2169265747,58513,58523,10
12.9666500092,80.2172393799,58523,58533,10
12.9673299789,80.2175064087,58533,58543,10
12.9679203033,80.2177429199,58543,58553,10
12.9685096741,80.2179794312,58553,58563,10
12.9693698883,80.2183074951,58563,58573,10
12.9703598022,80.218711853,58573,58583,10
12.9710302353,80.2189178467,58583,58594,11
12.9710798264,80.2189331055,58594,58604,10
12.9713201523,80.2190475464,58604,58614,10
12.9718198776,80.2192764282,58614,58624,10
12.9725198746,80.2195663452,58624,58634,10
12.9731397629,80.2198028564,58634,58644,10
12.9739599228,80.2201690674,58644,58654,10
12.9746303558,80.2204666138,58654,58664,10
12.9749403,80.2205734253,58664,58714,50
12.9749403,80.2205734253,58714,58725,11
12.975520134,80.2208023071,58725,58735,10
12.9760799408,80.2212677002,58735,58765,30
12.9760799408,80.2212677002,58765,58775,10
12.9763402939,80.221321106,58775,58785,10
12.9767398834,80.2212905884,58785,58795,10
12.9772796631,80.2211532593,58795,58805,10
12.9780197144,80.2210769653,58805,58815,10
12.9790296555,80.2211303711,58815,58825,10
12.9800300598,80.2211074829,58825,58835,10
12.9808998108,80.2209777832,58835,58845,10
12.981590271,80.221321106,58845,58856,11
12.9824104309,80.2218322754,58856,58866,10
12.9829702377,80.2220306396,58866,58886,20
12.9829702377,80.2220306396,58886,58896,10
12.9831895828,80.2221374512,58896,58906,10
12.983420372,80.2223129272,58906,58916,10
12.9836502075,80.2224578857,58916,58926,10
12.9842300415,80.2228164673,58926,58936,10
12.9848604202,80.2231826782,58936,58946,10
12.9854602814,80.2231826782,58946,58956,10
12.9860801697,80.2230224609,58956,58966,10
12.9870595932,80.2231369019,58966,59017,51
12.9870595932,80.2231369019,59017,59027,10
12.9874801636,80.2231369019,59027,59037,10
12.9875297546,80.2231369019,59037,59047,10
12.9877099991,80.2230529785,59047,59057,10
12.9880800247,80.2227706909,59057,59067,10
12.9886198044,80.2222671509,59067,59077,10
12.9890804291,80.2216262817,59077,59087,10
12.9896802902,80.2209701538,59087,59097,10
12.9903297424,80.2203979492,59097,59108,11
12.9904899597,80.2202529907,59108,59118,10
12.9906997681,80.2201004028,59118,59128,10
12.9911003113,80.2198104858,59128,59138,10
12.9916696548,80.2193908691,59138,59148,10
12.9922800064,80.2189483643,59148,59158,10
12.9930000305,80.2184371948,59158,59168,10
12.9938201904,80.2178726196,59168,59178,10
12.9944801331,80.2174224854,59178,59188,10
12.9950399399,80.2170410156,59188,59198,10
12.9956197739,80.2166976929,59198,59208,10
12.9962701797,80.2164764404,59208,59218,10
12.9967002869,80.2164382935,59218,59228,10
12.9970302582,80.2163772583,59228,59238,10
12.9975099564,80.2160186768,59238,59259,21
12.9975099564,80.2160186768,59259,59269,10
12.9977798462,80.2158432007,59269,59279,10
12.9981203079,80.2155838013,59279,59289,10
12.9987001419,80.2150802612,59289,59299,10
12.9991502762,80.2147216797,59299,59309,10
12.9994497299,80.2144775391,59309,59319,10
12.9998598099,80.2141113281,59319,59335,16
13.0005598068,80.2134933472,59335,59347,12
13.001159668,80.2129974365,59347,59355,8
13.0014801025,80.2127609253,59355,59367,12
13.0022602081,80.2122802734,59367,59378,11
13.0030899048,80.2120666504,59378,59388,10
13.0038499832,80.2120819092,59388,59398,10
13.0045795441,80.2123413086,59398,59408,10
13.0050296783,80.212600708,59408,59418,10
13.0058498383,80.2129211426,59418,59428,10
13.0059995651,80.212890625,59428,59438,10
13.0064201355,80.2127380371,59438,59448,10
13.0069904327,80.2127075195,59448,59458,10
13.0077800751,80.2130432129,59458,59487,29
13.0077800751,80.2130432129,59487,59499,12
13.0079097748,80.213142395,59499,59508,9
13.008190155,80.2132568359,59508,59519,11
13.0087299347,80.2137069702,59519,59529,10
13.0092802048,80.2144165039,59529,59539,10
13.0097799301,80.2151107788,59539,59549,10
13.0100097656,80.215423584,59549,59559,10
13.0104398727,80.2158889771,59559,59569,10
13.0107498169,80.2165603638,59569,59579,10
13.0110197067,80.2172470093,59579,59589,10
13.0114002228,80.218208313,59589,59598,9
13.0117797852,80.2192611694,59598,59608,10
13.0121097565,80.2204284668,59608,59619,11
13.012430191,80.2212905884,59619,59629,10
13.0126399994,80.2216186523,59629,59640,11
13.0131397247,80.2222824097,59640,59650,10
13.0136499405,80.2228622437,59650,59660,10
13.0141000748,80.2233886719,59660,59670,10
13.0143299103,80.2236862183,59670,59680,10
13.0146903992,80.2240905762,59680,59690,10
13.0150098801,80.2245483398,59690,59700,10
13.0151100159,80.2246704102,59700,59710,10
13.01541996,80.2249526978,59710,59720,10
13.0155296326,80.2250823975,59720,59730,10
13.0157203674,80.2252807617,59730,59740,10
13.0163202286,80.225402832,59740,59750,10
13.0171604156,80.2251205444,59750,59760,10
13.0181598663,80.2247390747,59760,59771,11
13.0193004608,80.2244415283,59771,59781,10
13.0198297501,80.224647522,59781,59790,9
13.0202903748,80.2249603271,59790,59801,11
13.0206298828,80.2251815796,59801,59811,10
13.0209197998,80.225440979,59811,59821,10
13.0213098526,80.225769043,59821,59831,10
13.0218400955,80.2260971069,59831,59841,10
13.0219497681,80.2261734009,59841,59851,10
13.0221395493,80.2263565063,59851,59861,10
13.022600174,80.2267837524,59861,59871,10
13.0232200623,80.2273406982,59871,59881,10
13.024140358,80.2281723022,59881,59902,21
13.024140358,80.2281723022,59902,59912,10
13.0243797302,80.2285232544,59912,59922,10
13.0245895386,80.2288208008,59922,59932,10
13.0249700546,80.2293167114,59932,59942,10
13.0253896713,80.2298812866,59942,59952,10
13.0257997513,80.2304763794,59952,59962,10
13.0259599686,80.2308273315,59962,59972,10
13.0260601044,80.2312393188,59972,59982,10
13.0262498856,80.231300354,59982,59992,10
13.0268096924,80.2311706543,59992,60002,10
13.0276403427,80.2309799194,60002,60012,10
13.0292196274,80.2308578491,60012,60043,31
13.0292196274,80.2308578491,60043,60053,10
13.0294103622,80.2308807373,60053,60063,10
13.0299196243,80.2308197021,60063,60073,10
13.0304203033,80.2307662964,60073,60083,10
13.0308103561,80.2307281494,60083,60093,10
13.0313796997,80.2306594849,60093,60103,10
13.0319595337,80.2306289673,60103,60113,10
13.0328798294,80.2305297852,60113,60122,9
13.0334396362,80.2304763794,60122,60133,11
13.0335702896,80.2304916382,60133,60143,10
13.0339403152,80.2304992676,60143,60154,11
13.034529686,80.2304000854,60154,60164,10
13.0347499847,80.2300033569,60164,60758,594
13.0343904495,80.2298583984,60758,60829,71
13.0342197418,80.230178833,60829,60909,80
13.0342197418,80.230178833,60909,60919,10
13.0340003967,80.23046875,60919,60929,10
13.0337400436,80.23046875,60929,60940,11
13.0333299637,80.2304992676,60940,60950,10
13.0330400467,80.2305221558,60950,60960,10
13.0326404572,80.2305526733,60960,60969,9
13.0321397781,80.2306137085,60969,60980,11
13.0314302444,80.2306671143,60980,60990,10
13.0308599472,80.2307281494,60990,61000,10
13.0304803848,80.230758667,61000,61009,9
13.0299901962,80.2308197021,61009,61020,11
13.0293397903,80.2309036255,61020,61030,10
13.0286502838,80.2309570313,61030,61040,10
13.0281600952,80.231010437,61040,61050,10
13.0277204514,80.2310562134,61050,61061,11
13.0276699066,80.2314529419,61061,61071,10
13.0277500153,80.231918335,61071,61080,9
13.0278396606,80.2323913574,61080,61091,11
13.0277900696,80.2328262329,61091,61101,10
13.0271902084,80.2329406738,61101,61111,10
13.0267801285,80.233001709,61111,61121,10
13.0264501572,80.2330093384,61121,61131,10
13.026260376,80.2324829102,61131,61141,10
13.026049614,80.2316436768,61141,61161,20
13.026049614,80.2316436768,61161,61171,10
13.0260000229,80.2314224243,61171,61181,10
13.0258998871,80.2310333252,61181,61192,11
13.0256204605,80.2304992676,61192,61272,80
13.0256204605,80.2304992676,61272,61282,10
13.0255203247,80.2303390503,61282,61292,10
13.0251398087,80.2298431396,61292,61333,41
13.0251398087,80.2298431396,61333,61343,10
13.0250196457,80.2296066284,61343,61353,10
13.0247898102,80.2293395996,61353,61363,10
13.0245599747,80.2290115356,61363,61373,10
13.0242004395,80.2285690308,61373,61383,10
13.0237197876,80.2279815674,61383,61393,10
13.0230998993,80.2274627686,61393,61423,30
13.0230998993,80.2274627686,61423,61433,10
13.0228796005,80.2273330688,61433,61443,10
13.0226602554,80.2270431519,61443,61454,11
13.0224199295,80.2266998291,61454,61464,10
13.0219097137,80.2262878418,61464,61474,10
13.0213003159,80.2257995605,61474,61484,10
13.0206403732,80.2253265381,61484,61494,10
13.020070076,80.224937439,61494,61504,10
13.019490242,80.2245635986,61504,61514,10
13.0186901093,80.2245483398,61514,61524,10
13.0179195404,80.2248687744,61524,61534,10
13.0171403885,80.2251968384,61534,61544,10
13.016579628,80.2254333496,61544,61554,10
13.0159397125,80.2256622314,61554,61564,10
13.0152902603,80.2259063721,61564,61574,10
13.0145597458,80.2262115479,61574,61595,21
13.0145597458,80.2262115479,61595,61605,10
13.0143604279,80.2262496948,61605,61615,10
13.0139198303,80.2264328003,61615,61625,10
13.0132398605,80.2266693115,61625,61635,10
13.0124597549,80.2269821167,61635,61645,10
13.0115404129,80.2273330688,61645,61655,10
13.0105304718,80.2277297974,61655,61665,10
13.0098104477,80.2279968262,61665,61675,10
13.009469986,80.2276687622,61675,61685,10
13.0097503662,80.2270812988,61685,61695,10
13.0100898743,80.2263336182,61695,61705,10
13.0104799271,80.2254486084,61705,61716,11
13.0107002258,80.224937439,61716,61726,10
13.010720253,80.224861145,61726,61736,10
13.0108003616,80.2245864868,61736,61746,10
13.0110702515,80.2239990234,61746,61756,10
13.0113201141,80.2234802246,61756,61766,10
13.0113697052,80.2234191895,61766,61776,10
13.0115203857,80.2230834961,61776,61786,10
13.0116300583,80.2224884033,61786,61796,10
13.0118703842,80.2217025757,61796,61806,10
13.0120697021,80.2210235596,61806,61816,10
13.011879921,80.2203521729,61816,61826,10
13.011639595,80.219619751,61826,61836,10
13.011349678,80.2186279297,61836,61847,11
13.0109596252,80.2175979614,61847,61857,10
13.0105895996,80.2167129517,61857,61867,10
13.0101299286,80.2158584595,61867,61877,10
13.00963974,80.2150115967,61877,61887,10
13.0092601776,80.2144699097,61887,61897,10
13.008769989,80.2138214111,61897,61907,10
13.008190155,80.2133483887,61907,61998,91
13.008190155,80.2133483887,61998,62008,10
13.0077800751,80.2130584717,62008,62018,10
13.0073900223,80.2128829956,62018,62028,10
13.006939888,80.2127990723,62028,62038,10
13.0063199997,80.2128601074,62038,62048,10
13.0057897568,80.2130432129,62048,62058,10
13.0053701401,80.2127838135,62058,62067,9
13.0049104691,80.2124786377,62067,62078,11
13.0040302277,80.2121887207,62078,62088,10
13.0035495758,80.2121582031,62088,62098,10
13.003080368,80.2121429443,62098,62109,11
13.0024995804,80.2122268677,62109,62119,10
13.0020599365,80.2124404907,62119,62129,10
13.0015201569,80.2128067017,62129,62139,10
13.0010204315,80.213180542,62139,62149,10
13.0005302429,80.2136001587,62149,62159,10
13.0000295639,80.2140579224,62159,62169,10
12.9996404648,80.2144165039,62169,62179,10
12.9992303848,80.2147827148,62179,62189,10
12.99903965,80.2149429321,62189,62199,10
12.9987096786,80.2152404785,62199,62209,10
12.9981603622,80.2156829834,62209,62219,10
12.9976196289,80.2161331177,62219,62229,10
12.9975404739,80.2162017822,62229,62240,11
12.9973602295,80.2164306641,62240,62290,50
12.9973602295,80.2164306641,62290,62300,10
12.9970703125,80.2165603638,62300,62310,10
12.9969596863,80.2165603638,62310,62320,10
12.9967699051,80.2165679932,62320,62330,10
12.9964704514,80.2165985107,62330,62350,20
12.9964704514,80.2165985107,62350,62361,11
12.9960203171,80.2166976929,62361,62391,30
12.9960203171,80.2166976929,62391,62401,10
12.9956302643,80.2167892456,62401,62421,20
12.9956302643,80.2167892456,62421,62431,10
12.9951496124,80.2170028687,62431,62461,30
12.9951496124,80.2170028687,62461,62471,10
12.9948797226,80.2172088623,62471,62481,10
12.9946603775,80.217338562,62481,62491,10
12.9945402145,80.2174377441,62491,62502,11
12.9941196442,80.2177734375,62502,62512,10
12.9935503006,80.2181777954,62512,62522,10
12.9929504395,80.2186126709,62522,62538,16
12.991689682,80.2195510864,62538,62550,12
12.9906797409,80.2202835083,62550,62570,20
12.9906797409,80.2202835083,62570,62580,10
12.9904298782,80.2204818726,62580,62589,9
12.9900398254,80.2208175659,62589,62601,12
12.9894304276,80.2215194702,62601,62611,10
12.9888296127,80.2222366333,62611,62621,10
12.9880599976,80.2229385376,62621,62632,11
12.9872303009,80.2230911255,62632,62642,10
12.9866304398,80.2229995728,62642,62652,10
12.986410141,80.2229690552,62652,62662,10
12.9858198166,80.2230224609,62662,62671,9
12.9853696823,80.2233123779,62671,62682,11
12.9846801758,80.2230606079,62682,62692,10
12.9841403961,80.2227401733,62692,62702,10
12.9836797714,80.2224578857,62702,62712,10
12.9832201004,80.2221298218,62712,62742,30
12.9832201004,80.2221298218,62742,62753,11
12.9829902649,80.2220230103,62753,62763,10
12.9827699661,80.2219161987,62763,62773,10
12.9824399948,80.2218093872,62773,62783,10
12.982049942,80.2216262817,62783,62793,10
12.981470108,80.2212677002,62793,62803,10
12.9810400009,80.2210998535,62803,62813,10
12.980509758,80.2211227417,62813,62823,10
12.9797201157,80.2211608887,62823,62833,10
12.9790201187,80.2211990356,62833,62843,10
12.9787797928,80.2211990356,62843,62853,10
12.9784002304,80.2211914063,62853,62863,10
12.9778499603,80.221206665,62863,62873,10
12.9771699905,80.2212371826,62873,62884,11
12.9764003754,80.2212600708,62884,62894,10
12.9760198593,80.221321106,62894,62904,10
12.9758195877,80.2211914063,62904,62914,10
12.975520134,80.2209396362,62914,62950,36
12.975520134,80.2209396362,62950,62962,12
12.9752397537,80.2207489014,62962,62972,10
12.9747200012,80.2204971313,62972,62981,9
12.9741601944,80.2202835083,62981,62992,11
12.973279953,80.219909668,62992,63002,10
12.9723997116,80.2195587158,63002,63013,11
12.9714698792,80.2192230225,63013,63023,10
12.9710798264,80.2191619873,63023,63033,10
12.9709701538,80.2191085815,63033,63043,10
12.9708995819,80.2190628052,63043,63053,10
12.9705400467,80.2188415527,63053,63063,10
12.9699802399,80.2186203003,63063,63073,10
12.9693603516,80.2183685303,63073,63083,10
12.9687204361,80.2181396484,63083,63093,10
12.968079567,80.217880249,63093,63103,10
12.9674196243,80.2176208496,63103,63113,10
12.9666004181,80.217300415,63113,63123,10
12.9656200409,80.2169036865,63123,63133,10
12.9645395279,80.2164382935,63133,63144,11
12.9637804031,80.2161407471,63144,63154,10
12.9632701874,80.2158966064,63154,63164,10
12.9625597,80.2156066895,63164,63174,10
12.9617500305,80.2152862549,63174,63184,10
12.9607801437,80.2149124146,63184,63194,10
12.9597101212,80.2145080566,63194,63204,10
12.9586496353,80.214050293,63204,63214,10
12.9575595856,80.2136383057,63214,63224,10
12.9565000534,80.2132034302,63224,63234,10
12.9554195404,80.2127990723,63234,63244,10
12.9543304443,80.2123794556,63244,63254,10
12.9532604218,80.2119369507,63254,63264,10
12.9521903992,80.2115402222,63264,63275,11
12.9510202408,80.2110671997,63275,63285,10
12.9499797821,80.2106628418,63285,63295,10
12.9490804672,80.2102966309,63295,63305,10
12.9482603073,80.2099761963,63305,63315,10
12.9472503662,80.2095794678,63315,63325,10
12.9460000992,80.2090835571,63325,63335,10
12.9441604614,80.2083587646,63335,63355,20
12.9441604614,80.2083587646,63355,63365,10
12.943860054,80.2082290649,63365,63375,10
12.9433097839,80.2079772949,63375,63385,10
12.9427700043,80.2074584961,63385,63395,10
12.9426298141,80.2072601318,63395,63406,11
12.9422397614,80.2068786621,63406,63416,10
12.9416799545,80.2064285278,63416,63426,10
12.9410600662,80.2060699463,63426,63446,20
12.9410600662,80.2060699463,63446,63456,10
12.9408502579,80.2059326172,63456,63466,10
12.9403600693,80.2057571411,63466,63476,10
12.9396600723,80.2055587769,63476,63486,10
12.9389600754,80.2053375244,63486,63496,10
12.9381999969,80.2051086426,63496,63506,10
12.9373502731,80.2048568726,63506,63516,10
12.9364500046,80.2046203613,63516,63526,10
12.9361600876,80.204536438,63526,63537,11
12.9357404709,80.2044219971,63537,63547,10
12.9351501465,80.2041397095,63547,63557,10
12.9344100952,80.2039871216,63557,63567,10
12.9336900711,80.2039413452,63567,63587,20
12.9336900711,80.2039413452,63587,63597,10
12.9335699081,80.203918457,63597,63607,10
12.933139801,80.2037963867,63607,63617,10
12.9325399399,80.2035522461,63617,63627,10
12.9317798615,80.2033233643,63627,63637,10
12.9309797287,80.2030563354,63637,63647,10
12.9304800034,80.2029190063,63647,63657,10
12.9297895432,80.2028198242,63657,63668,11
12.9295396805,80.202796936,63668,63678,10
12.9294700623,80.2027893066,63678,63688,10
12.9291000366,80.2027206421,63688,63698,10
12.9286403656,80.20262146,63698,63708,10
12.9285001755,80.2021865845,63708,63718,10
12.9284896851,80.2020568848,63718,63728,10
12.9284601212,80.2018432617,63728,63738,10
12.9284601212,80.2013320923,63738,63748,10
12.928440094,80.2005615234,63748,63758,10
12.9282798767,80.1996383667,63758,63768,10
12.9278402328,80.1986618042,63768,63778,10
12.9270200729,80.1978683472,63778,63788,10
12.9260997772,80.1975631714,63788,63799,11
12.925740242,80.1975479126,63799,63809,10
12.9254102707,80.1975479126,63809,63819,10
12.9249296188,80.197517395,63819,63829,10
12.924200058,80.197517395,63829,63839,10
12.9237804413,80.197517395,63839,63849,10
12.9236602783,80.1975097656,63849,63859,10
12.9232301712,80.1974563599,63859,63869,10
12.9225301743,80.1973800659,63869,63879,10
12.9220399857,80.1973114014,63879,63889,10
12.9219999313,80.197303772,63889,63899,10
12.9216499329,80.1971817017,63899,63909,10
12.921330452,80.1970672607,63909,63919,10
12.920999527,80.1969223022,63919,63930,11
12.920419693,80.1967315674,63930,63940,10
12.9197998047,80.1965026855,63940,63950,10
12.9191904068,80.1961593628,63950,63960,10
12.9187803268,80.1958236694,63960,63970,10
12.9185400009,80.195602417,63970,63980,10
12.9180698395,80.1951980591,63980,63990,10
12.9174995422,80.1946868896,63990,64000,10
12.9171199799,80.194190979,64000,64010,10
12.9170198441,80.193862915,64010,64020,10
12.9170198441,80.1938018799,64020,64030,10
12.9169998169,80.1935424805,64030,64051,21
12.9170303345,80.193321228,64051,64081,30
12.9170303345,80.193321228,64081,64091,10
12.9170703888,80.1929168701,64091,64101,10
12.9171199799,80.1924972534,64101,64111,10
12.9172000885,80.1918487549,64111,64141,30
12.9172000885,80.1918487549,64141,64151,10
12.9172697067,80.1913528442,64151,64171,20
12.9172697067,80.1913528442,64171,64187,16
12.9173402786,80.1908035278,64187,64200,13
12.917429924,80.1899871826,64200,64208,8
12.917599678,80.1893920898,64208,64220,12
12.9182796478,80.1884231567,64220,64230,10
12.9189300537,80.1877212524,64230,64239,9
12.9193201065,80.1872406006,64239,64250,11
12.9200897217,80.186378479,64250,64260,10
12.9205703735,80.1855926514,64260,64269,9
12.9204397202,80.1847915649,64269,64281,12
12.9202003479,80.183883667,64281,64291,10
12.919960022,80.1828079224,64291,64313,22
12.919960022,80.1828079224,64313,64323,10
12.9199199677,80.182510376,64323,64333,10
12.9197902679,80.1819000244,64333,64343,10
12.9196195602,80.1811904907,64343,64353,10
12.9194097519,80.1802215576,64353,64363,10
12.9190397263,80.1792068481,64363,64373,10
12.9184904099,80.1784362793,64373,64383,10
12.9182100296,80.1774520874,64383,64393,10
12.918390274,80.1764068604,64393,64403,10
12.9186096191,80.1756210327,64403,64413,10
12.9187698364,80.1748199463,64413,64423,10
12.9190196991,80.173828125,64423,64433,10
12.9193201065,80.1726913452,64433,64444,11
12.9196300507,80.1715621948,64444,64454,10
12.9197998047,80.1709289551,64454,64464,10
12.9198102951,80.1709136963,64464,64474,10
12.9198503494,80.1708297729,64474,64484,10
12.9200000763,80.1703796387,64484,64494,10
12.9202203751,80.1696472168,64494,64504,10
12.9205102921,80.1687393188,64504,64514,10
12.9208498001,80.167640686,64514,64524,10
12.921210289,80.1665115356,64524,64534,10
12.9215803146,80.1653900146,64534,64544,10
12.9219398499,80.1642684937,64544,64554,10
12.9222898483,80.1631622314,64554,64564,10
12.9225797653,80.1622314453,64564,64575,11
12.9229402542,80.1611404419,64575,64585,10
12.9231004715,80.1605224609,64585,64595,10
12.923119545,80.1604537964,64595,64605,10
12.9232501984,80.1600189209,64605,64615,10
12.9233398438,80.1592712402,64615,64625,10
12.9234600067,80.1583099365,64625,64635,10
12.9235200882,80.1574630737,64635,64645,10
12.9236001968,80.156578064,64645,64655,10
12.9233903885,80.1551208496,64655,64675,20
12.9233903885,80.1551208496,64675,64685,10
12.9233503342,80.1547775269,64685,64695,10
12.923210144,80.1541595459,64695,64706,11
12.9229803085,80.1532974243,64706,64716,10
12.9227399826,80.15234375,64716,64726,10
12.9226398468,80.1512069702,64726,64736,10
12.9226102829,80.1500930786,64736,64746,10
12.9225597382,80.1489486694,64746,64756,10
12.922539711,80.1479568481,64756,64765,9
12.9224996567,80.1475601196,64765,64776,11
12.9225196838,80.1470413208,64776,64786,10
12.9224996567,80.1468811035,64786,64796,10
12.9224996567,80.1465530396,64796,64806,10
12.9225101471,80.1459579468,64806,64816,10
12.9224796295,80.1451721191,64816,64826,10
12.9224596024,80.1442565918,64826,64837,11
12.9224004745,80.1432037354,64837,64917,80
12.9224004745,80.1432037354,64917,64927,10
12.922369957,80.142791748,64927,64937,10
12.922369957,80.1421966553,64937,64947,10
12.9223299026,80.1415328979,64947,64958,11
12.9223299026,80.141418457,64958,64968,10
12.9223403931,80.1410980225,64968,64978,10
12.9223299026,80.1405029297,64978,64988,10
12.9223403931,80.1399688721,64988,64998,10
12.9223299026,80.1392211914,64998,65008,10
12.9224004745,80.1382827759,65008,65018,10
12.9224500656,80.1371383667,65018,65028,10
12.9224996567,80.1359634399,65028,65038,10
12.9225597382,80.1347808838,65038,65048,10
12.9226198196,80.1336135864,65048,65058,10
12.9226503372,80.1326217651,65058,65068,10
12.922659874,80.1316833496,65068,65078,10
12.9226703644,80.1311798096,65078,65089,11
12.9226999283,80.1309280396,65089,65099,10
12.9227399826,80.1304626465,65099,65109,10
12.9227695465,80.1297302246,65109,65119,10
12.9228401184,80.1289291382,65119,65129,10
12.9228696823,80.1282577515,65129,65139,10
12.9228801727,80.1275100708,65139,65149,10
12.9228897095,80.1266403198,65149,65159,10
12.9229202271,80.126083374,65159,65169,10
12.9229602814,80.1254730225,65169,65179,10
12.9229698181,80.124671936,65179,65189,10
12.9229898453,80.1237182617,65189,65199,10
12.9230499268,80.1226425171,65199,65209,10
12.9231004715,80.1217498779,65209,65220,11
12.9231395721,80.1208114624,65220,65240,20
12.9231395721,80.1208114624,65240,65250,10
12.9231901169,80.1205215454,65250,65270,20
12.9231901169,80.1205215454,65270,65280,10
12.9232196808,80.1203079224,65280,65290,10
12.9232797623,80.119758606,65290,65300,10
12.9232702255,80.1190567017,65300,65310,10
12.9232997894,80.1183624268,65310,65320,10
12.9233798981,80.1175994873,65320,65330,10
12.9234104156,80.1169815063,65330,65351,21
12.9234104156,80.1169815063,65351,65361,10
12.9235601425,80.116859436,65361,65371,10
12.9235200882,80.1170806885,65371,65381,10
12.9235200882,80.1172866821,65381,65793,412
12.9235200882,80.1172866821,65793,65803,10
12.9235401154,80.1175003052,65803,65813,10
12.923620224,80.1178131104,65813,65823,10
12.9235696793,80.1181869507,65823,65833,10
12.9235200882,80.1188430786,65833,65843,10
12.9234399796,80.1195907593,65843,65853,10
12.9233798981,80.1201705933,65853,65864,11
12.9233398438,80.1205215454,65864,65874,10
12.9233198166,80.1208267212,65874,65984,110
12.9233198166,80.1208267212,65984,65995,11
12.9233102798,80.1212768555,65995,66015,20
12.9233102798,80.1212768555,66015,66025,10
12.9232397079,80.1213912964,66025,66035,10
12.9232397079,80.1217575073,66035,66045,10
12.9232397079,80.1222381592,66045,66054,9
12.9232301712,80.122718811,66054,66065,11
12.923210144,80.1234207153,66065,66075,10
12.9231996536,80.124130249,66075,66085,10
12.9231595993,80.1248016357,66085,66095,10
12.9231300354,80.1253585815,66095,66105,10
12.9231004715,80.125617981,66105,66115,10
12.92304039,80.1259384155,66115,66126,11
12.9230003357,80.1266326904,66126,66136,10
12.9229803085,80.1272888184,66136,66146,10
12.9229402542,80.1278305054,66146,66156,10
12.9229297638,80.1282272339,66156,66166,10
12.9229097366,80.1286468506,66166,66176,10
12.9228801727,80.1291885376,66176,66186,10
12.9228401184,80.1297912598,66186,66196,10
12.9228200912,80.1303482056,66196,66206,10
12.9228200912,80.1309432983,66206,66216,10
12.922829628,80.1311035156,66216,66226,10
12.9228096008,80.1313323975,66226,66236,10
12.9227800369,80.1318588257,66236,66246,10
12.9227695465,80.1326293945,66246,66257,11
12.9227199554,80.1335601807,66257,66267,10
12.9226903915,80.1344680786,66267,66277,10
12.9226703644,80.1349334717,66277,66287,10
12.9226503372,80.1352005005,66287,66297,10
12.9226198196,80.135597229,66297,66307,10
12.9225997925,80.135887146,66307,66317,10
12.9225702286,80.1365203857,66317,66327,10
12.9225196838,80.1373596191,66327,66337,10
12.9224796295,80.1382675171,66337,66347,10
12.922419548,80.139213562,66347,66357,10
12.9224300385,80.1401977539,66357,66367,10
12.9224700928,80.1410827637,66367,66377,10
12.9224796295,80.1418914795,66377,66388,11
12.9224796295,80.1420822144,66388,66398,10
12.9224796295,80.1422576904,66398,66408,10
12.9224996567,80.1425323486,66408,66418,10
12.9225502014,80.1431808472,66418,66438,20
12.9225502014,80.1431808472,66438,66448,10
12.9225902557,80.1433410645,66448,66464,16
12.9225702286,80.1437225342,66464,66527,63
12.9225702286,80.1437225342,66527,66537,10
12.922539711,80.1440124512,66537,66547,10
12.9225797653,80.144493103,66547,66555,8
12.9225997925,80.1451034546,66555,66566,11
12.9226398468,80.1461410522,66566,66578,12
12.9226799011,80.1471405029,66578,66588,10
12.922659874,80.1478424072,66588,66598,10
12.9226303101,80.1484985352,66598,66608,10
12.922659874,80.1489334106,66608,66618,10
12.9226903915,80.1492233276,66618,66628,10
12.9226999283,80.1498718262,66628,66639,11
12.9227199554,80.1507797241,66639,66649,10
12.9227800369,80.1517562866,66649,66679,30
12.9227800369,80.1517562866,66679,66689,10
12.9227800369,80.1520614624,66689,66698,9
12.9228496552,80.1525421143,66698,66709,11
12.9230203629,80.1532974243,66709,66718,9
12.9232597351,80.1542205811,66718,66728,10
12.9234199524,80.1547088623,66728,66749,21
12.9234199524,80.1547088623,66749,66759,10
12.9234800339,80.1549530029,66759,66770,11
12.9235200882,80.1552276611,66770,66780,10
12.9236602783,80.1558303833,66780,66790,10
12.9236602783,80.1566390991,66790,66800,10
12.9235801697,80.1576080322,66800,66810,10
12.9234895706,80.1586914063,66810,66820,10
12.9233903885,80.1598129272,66820,66830,10
12.9232797623,80.1605606079,66830,66840,10
12.9232702255,80.1605834961,66840,66850,10
12.923210144,80.1607437134,66850,66860,10
12.9230298996,80.1612701416,66860,66870,10
12.9227800369,80.1620178223,66870,66880,10
12.9225196838,80.1628036499,66880,66890,10
12.9223003387,80.1634979248,66890,66901,11
12.921959877,80.1645202637,66901,66911,10
12.9216003418,80.1656036377,66911,66921,10
12.9212398529,80.1667098999,66921,66931,10
12.9208803177,80.1678466797,66931,66941,10
12.9205102921,80.1689605713,66941,66951,10
12.9201602936,80.1700820923,66951,66961,10
12.9199199677,80.1709594727,66961,66971,10
12.9198904037,80.1710662842,66971,66981,10
12.9198703766,80.1711578369,66981,66991,10
12.9198503494,80.1712493896,66991,67001,10
12.9197397232,80.1715774536,67001,67011,10
12.9195804596,80.1721191406,67011,67022,11
12.9193601608,80.1729278564,67022,67032,10
12.9191598892,80.1737365723,67032,67042,10
12.9189195633,80.174659729,67042,67052,10
12.9186897278,80.175743103,67052,67062,10
12.918419838,80.1767883301,67062,67072,10
12.9182596207,80.1779022217,67072,67082,10
12.9188404083,80.1788635254,67082,67092,10
12.9194002151,80.1798782349,67092,67102,10
12.9196395874,80.1810531616,67102,67112,10
12.9198999405,80.182220459,67112,67122,10
12.9201498032,80.1833496094,67122,67132,10
12.9203500748,80.1841964722,67132,67142,10
12.9204597473,80.1845397949,67142,67153,11
12.9204902649,80.1847000122,67153,67163,10
12.920539856,80.1848907471,67163,67173,10
12.9205999374,80.1851196289,67173,67193,20
12.9205999374,80.1851196289,67193,67203,10
12.9206199646,80.1852493286,67203,67213,10
12.9206600189,80.1855392456,67213,67223,10
12.920539856,80.186050415,67223,67233,10
12.9200601578,80.1866073608,67233,67243,10
12.9195203781,80.1872177124,67243,67253,10
12.9190702438,80.1877365112,67253,67263,10
12.9188299179,80.1880187988,67263,67273,10
12.9184999466,80.1883621216,67273,67284,11
12.9180202484,80.1888885498,67284,67294,10
12.9176597595,80.1895828247,67294,67304,10
12.9174995422,80.1902084351,67304,67314,10
12.9174699783,80.1903533936,67314,67324,10
12.9174098969,80.190788269,67324,67334,10
12.9173498154,80.1914367676,67334,67344,10
12.9172801971,80.1920776367,67344,67354,10
12.9172296524,80.192489624,67354,67364,10
12.9171495438,80.1930770874,67364,67404,40
12.9171495438,80.1930770874,67404,67415,11
12.9171104431,80.1934509277,67415,67425,10
12.9171695709,80.1939620972,67425,67435,10
12.9172000885,80.194190979,67435,67445,10
12.9174203873,80.1945571899,67445,67455,10
12.917889595,80.1950073242,67455,67465,10
12.9184398651,80.1954879761,67465,67475,10
12.9190101624,80.1960067749,67475,67485,10
12.9196596146,80.1964416504,67485,67495,10
12.9203996658,80.1967163086,67495,67505,10
12.9210300446,80.1969299316,67505,67515,10
12.9215803146,80.1971511841,67515,67525,10
12.9223098755,80.1973419189,67525,67535,10
12.9230899811,80.1974411011,67535,67546,11
12.9232997894,80.1974563599,67546,67556,10
12.9234600067,80.1975021362,67556,67572,16
12.9238595963,80.197517395,67572,67584,12
12.9243602753,80.1975479126,67584,67594,10
12.9249000549,80.1975402832,67594,67604,10
12.9252796173,80.197517395,67604,67614,10
12.9256801605,80.1975326538,67614,67624,10
12.9263401031,80.197593689,67624,67634,10
12.9270401001,80.1978607178,67634,67644,10
12.9276800156,80.1983566284,67644,67654,10
12.9280796051,80.1990737915,67654,67663,9
12.9283800125,80.1997909546,67663,67675,12
12.9285202026,80.200920105,67675,67685,10
12.928560257,80.2018508911,67685,67695,10
12.9286499023,80.2025985718,67695,67705,10
12.9294700623,80.2028198242,67705,67725,20
12.9294700623,80.2028198242,67725,67735,10
12.9295797348,80.2028274536,67735,67745,10
12.9299898148,80.2028808594,67745,67755,10
12.9306602478,80.2029876709,67755,67765,10
12.9313697815,80.2031936646,67765,67775,10
12.9320697784,80.2034301758,67775,67785,10
12.9326696396,80.2036209106,67785,67795,10
12.9329099655,80.2036972046,67795,67806,11
12.9332399368,80.2038421631,67806,67816,10
12.9339704514,80.203956604,67816,67846,30
12.9339704514,80.203956604,67846,67856,10
12.9343099594,80.2039718628,67856,67866,10
12.9348802567,80.2040634155,67866,67876,10
12.9356098175,80.2043533325,67876,67886,10
12.9363203049,80.2045822144,67886,67896,10
12.9370803833,80.2048110962,67896,67906,10
12.9379301071,80.205039978,67906,67916,10
12.9381599426,80.2051010132,67916,67927,11
12.9384098053,80.2051696777,67927,67937,10
12.9389801025,80.2053604126,67937,67947,10
12.9400100708,80.205657959,67947,67977,30
12.9400100708,80.205657959,67977,67987,10
12.940199852,80.2057418823,67987,67997,10
12.9405097961,80.2058410645,67997,68007,10
12.9407396317,80.2059173584,68007,68017,10
12.9411802292,80.2061004639,68017,68027,10
12.9417495728,80.206451416,68027,68037,10
12.9423398972,80.2069168091,68037,68047,10
12.9428195953,80.2074127197,68047,68058,11
12.9433498383,80.2080078125,68058,68068,10
12.9443798065,80.2084274292,68068,68088,20
12.9443798065,80.2084274292,68088,68098,10
12.9444198608,80.2084503174,68098,68108,10
12.9448099136,80.2085876465,68108,68118,10
12.9454402924,80.2088165283,68118,68128,10
12.946149826,80.2091064453,68128,68138,10
12.9467897415,80.2093582153,68138,68148,10
12.9473600388,80.2095870972,68148,68158,10
12.9479503632,80.2098083496,68158,68168,10
12.948559761,80.2100601196,68168,68178,10
12.9493398666,80.210357666,68178,68189,11
12.9504804611,80.2108230591,68189,68199,10
12.9515600204,80.2112731934,68199,68209,10
12.9524898529,80.2116317749,68209,68219,10
12.9529495239,80.2117996216,68219,68229,10
12.9534797668,80.2120285034,68229,68238,9
12.9541101456,80.2122802734,68238,68249,11
12.9550104141,80.212638855,68249,68259,10
12.9558095932,80.2129592896,68259,68269,10
12.9563102722,80.2131576538,68269,68279,10
12.9570102692,80.2134170532,68279,68289,10
12.9578104019,80.2137527466,68289,68299,10
12.9586801529,80.2141036987,68299,68309,10
12.9591503143,80.2142715454,68309,68320,11
12.9597396851,80.2145309448,68320,68330,10
12.9604597092,80.2148132324,68330,68340,10
12.961230278,80.2151184082,68340,68350,10
12.9621095657,80.215461731,68350,68360,10
12.9629201889,80.2157592773,68360,68400,40
12.9629201889,80.2157592773,68400,68410,10
12.9630002975,80.2157897949,68410,68420,10
12.9633903503,80.2159500122,68420,68430,10
12.9638900757,80.2161712646,68430,68440,10
12.9645795822,80.2164611816,68440,68451,11
12.9654397964,80.2167892456,68451,68461,10
12.9661102295,80.217048645,68461,68471,10
12.9667196274,80.2172775269,68471,68481,10
12.9673099518,80.2175216675,68481,68491,10
12.9678897858,80.2177810669,68491,68501,10
12.9685401917,80.2180404663,68501,68511,10
12.9693698883,80.2183380127,68511,68521,10
12.9702701569,80.2187194824,68521,68531,10
12.9712200165,80.219039917,68531,68551,20
12.9712200165,80.219039917,68551,68561,10
12.9714202881,80.2191314697,68561,68572,11
12.9719400406,80.2193908691,68572,68582,10
12.9726400375,80.2196884155,68582,68592,10
12.9734897614,80.2200622559,68592,68602,10
12.974240303,80.2204284668,68602,68682,80
12.974240303,80.2204284668,68682,68692,10
12.9745998383,80.2206573486,68692,68703,11
12.974820137,80.2206802368,68703,68713,10
12.9750900269,80.2207565308,68713,68723,10
12.9754295349,80.2208633423,68723,68733,10
12.9755802155,80.2209625244,68733,68743,10
12.9757604599,80.2210998535,68743,68753,10
12.976099968,80.2212905884,68753,68813,60
12.976099968,80.2212905884,68813,68823,10
12.9762201309,80.2212371826,68823,68834,11
12.9766597748,80.2212905884,68834,68844,10
12.9772796631,80.2212600708,68844,68854,10
12.9778995514,80.2212371826,68854,68864,10
12.9785404205,80.2212219238,68864,68874,10
12.9792203903,80.2211608887,68874,68884,10
12.9799604416,80.2211074829,68884,68894,10
12.9806900024,80.2210464478,68894,68904,10
12.9813604355,80.2212371826,68904,68914,10
12.982000351,80.2216491699,68914,68924,10
12.9825601578,80.2218780518,68924,68934,10
12.9828901291,80.2220001221,68934,68944,10
12.9829998016,80.222038269,68944,68955,11
12.9831895828,80.22215271,68955,68965,10
12.9835596085,80.2223968506,68965,68975,10
12.9839897156,80.2226715088,68975,68985,10
12.9845399857,80.2229995728,68985,68995,10
12.9850196838,80.2232666016,68995,69005,10
12.9853801727,80.2233276367,69005,69015,10
12.9855298996,80.2231826782,69015,69025,10
12.9860401154,80.2230224609,69025,69035,10
12.9864702225,80.2230300903,69035,69045,10
12.9867200851,80.2230606079,69045,69055,10
12.9868097305,80.2230834961,69055,69065,10
12.9871101379,80.2231216431,69065,69075,10
12.9875402451,80.2231369019,69075,69086,11
12.9880895615,80.2228775024,69086,69096,10
12.9884996414,80.2225494385,69096,69106,10
12.9887504578,80.2222824097,69106,69116,10
12.9891300201,80.2218399048,69116,69126,10
12.9895296097,80.221321106,69126,69136,10
12.9900999069,80.2206802368,69136,69146,10
12.9903697968,80.2204589844,69146,69156,10
12.9903802872,80.220451355,69156,69166,10
12.9906101227,80.2202606201,69166,69176,10
12.9909496307,80.2200164795,69176,69186,10
12.9914703369,80.219619751,69186,69196,10
12.9920797348,80.2191696167,69196,69206,10
12.9927396774,80.2186965942,69206,69217,11
12.9933395386,80.2182617188,69217,69227,10
12.9938001633,80.2179336548,69227,69237,10
12.9941101074,80.2176895142,69237,69257,20
12.9941101074,80.2176895142,69257,69267,10
12.9943199158,80.2175827026,69267,69277,10
12.9946603775,80.2173233032,69277,69287,10
12.9950199127,80.2170562744,69287,69297,10
12.9954900742,80.216796875,69297,69307,10
12.9960298538,80.2166595459,69307,69317,10
12.9963102341,80.2165985107,69317,69327,10
12.9965000153,80.2165603638,69327,69337,10
12.9968099594,80.2165298462,69337,69348,11
12.9972600937,80.2163467407,69348,69408,60
12.9972600937,80.2163467407,69408,69418,10
12.9977197647,80.2159881592,69418,69428,10
12.9979801178,80.2157897949,69428,69438,10
12.9982995987,80.2154998779,69438,69448,10
12.998749733,80.2151107788,69448,69458,10
12.9991197586,80.2147827148,69458,69468,10
12.9994602203,80.2144699097,69468,69479,11
12.9999303818,80.2140731812,69479,69489,10
13.0004396439,80.2136077881,69489,69499,10
13.0010299683,80.2131195068,69499,69509,10
13.0017004013,80.2126312256,69509,69519,10
13.002289772,80.2122573853,69519,69529,10
13.0027704239,80.2121429443,69529,69539,10
13.0033502579,80.212097168,69539,69549,10
13.0036497116,80.2120285034,69549,69559,10
13.0038204193,80.212020874,69559,69569,10
13.0042800903,80.2121963501,69569,69579,10
13.0048303604,80.2125015259,69579,69589,10
13.0054397583,80.2128601074,69589,69600,11
13.0062503815,80.2127990723,69600,69610,10
13.0069599152,80.2127838135,69610,69619,9
13.0078496933,80.213142395,69619,69660,41
13.0078496933,80.213142395,69660,69670,10
13.0080900192,80.2132873535,69670,69680,10
13.0083398819,80.2133789063,69680,69690,10
13.0085897446,80.2135620117,69690,69700,10
13.0088596344,80.2139205933,69700,69710,10
13.0092401505,80.2144393921,69710,69720,10
13.0095596313,80.2149429321,69720,69731,11
13.0097799301,80.2151794434,69731,69741,10
13.0101003647,80.2156219482,69741,69751,10
13.0105895996,80.2162628174,69751,69761,10
13.010840416,80.2169799805,69761,69771,10
13.0112304688,80.2179107666,69771,69781,10
13.0116195679,80.2190093994,69781,69791,10
13.0120000839,80.2201309204,69791,69801,10
13.0123701096,80.2211303711,69801,69811,10
13.0127401352,80.2218170166,69811,69821,10
13.0131902695,80.2223587036,69821,69831,10
13.0134496689,80.2226715088,69831,69841,10
13.0136699677,80.2229232788,69841,69851,10
13.0139503479,80.2232589722,69851,69862,11
13.0141296387,80.2235107422,69862,69872,10
13.0142698288,80.2237091064,69872,69882,10
13.0145196915,80.2239837646,69882,69892,10
13.0149202347,80.2244796753,69892,69912,20
13.0149202347,80.2244796753,69912,69922,10
13.0150995255,80.2247314453,69922,69932,10
13.0153198242,80.2249221802,69932,69942,10
13.0154895782,80.2250518799,69942,69952,10
13.0155000687,80.2250518799,69952,69962,10
13.0156803131,80.2251968384,69962,69972,10
13.0161895752,80.225402832,69972,69983,11
13.0170602798,80.2251663208,69983,69993,10
13.017999649,80.224822998,69993,70003,10
13.0187101364,80.2245178223,70003,70013,10
13.0190696716,80.2244262695,70013,70023,10
13.0194301605,80.2244720459,70023,70033,10
13.019659996,80.2245483398,70033,70043,10
13.0201301575,80.2248764038,70043,70053,10
13.0206003189,80.225227356,70053,70063,10
13.0209598541,80.2254867554,70063,70073,10
13.0212697983,80.2257537842,70073,70089,16
13.0218896866,80.2261810303,70089,70101,12
13.0219497681,80.2262420654,70101,70109,8
13.0221500397,80.2264022827,70109,70122,13
13.0224399567,80.2266464233,70122,70132,10
13.022649765,80.2268066406,70132,70142,10
13.0227603912,80.2269210815,70142,70151,9
13.022939682,80.2271194458,70151,70202,51
13.022939682,80.2271194458,70202,70212,10
13.023150444,80.2273788452,70212,70222,10
13.0233402252,80.2275466919,70222,70232,10
13.0235996246,80.2277526855,70232,70243,11
13.0239400864,80.2280731201,70243,70253,10
13.0241498947,80.2282867432,70253,70303,50
13.0241498947,80.2282867432,70303,70313,10
13.0243196487,80.2285232544,70313,70333,20
13.0243196487,80.2285232544,70333,70343,10
13.0244598389,80.2286987305,70343,70392,49
13.0244598389,80.2286987305,70392,70402,10
13.0246200562,80.2289428711,70402,70412,10
13.0248699188,80.2292785645,70412,70421,9
13.025270462,80.2298126221,70421,70432,11
13.0257501602,80.2305603027,70432,70442,10
13.0259199142,80.2308273315,70442,70452,10
13.0259599686,80.2310409546,70452,70462,10
13.0261297226,80.231338501,70462,70472,10
13.0266599655,80.2312011719,70472,70533,61
13.0266599655,80.2312011719,70533,70543,10
13.0271997452,80.231086731,70543,70553,10
13.0273199081,80.2310714722,70553,70563,10
13.0275602341,80.2310333252,70563,70593,30
13.0275602341,80.2310333252,70593,70603,10
13.0279302597,80.2310028076,70603,70613,10
13.0281496048,80.2309799194,70613,70624,11
13.028380394,80.2309570313,70624,70634,10
13.0288095474,80.2309188843,70634,70684,50
13.0288095474,80.2309188843,70684,70694,10
13.0291700363,80.2308807373,70694,70765,71
13.0291700363,80.2308807373,70765,70775,10
13.0294504166,80.2308807373,70775,70785,10
13.0299396515,80.2308120728,70785,70795,10
13.0304002762,80.230758667,70795,70805,10
13.0307598114,80.2307434082,70805,70815,10
13.0313196182,80.2307128906,70815,70825,10
13.0321502686,80.2306518555,70825,70835,10
13.0331001282,80.2305908203,70835,70845,10
13.0338602066,80.2305526733,70845,70855,10
13.0341396332,80.2305221558,70855,70865,10
13.0344400406,80.2304534912,70865,70875,10
13.0346803665,80.2303390503,70875,70946,71
13.0346803665,80.2303390503,70946,70956,10
13.0349397659,80.2302703857,70956,70966,10
13.034819603,80.2300415039,70966,70976,10
13.0345697403,80.2299880981,70976,71430,454
13.0341901779,80.2299575806,71430,71520,90
13.0341701508,80.2303009033,71520,71551,31
13.0341701508,80.2303009033,71551,71561,10
13.0338096619,80.2305374146,71561,71571,10
13.033249855,80.2305526733,71571,71581,10
13.0327596664,80.2305603027,71581,71591,10
13.0322999954,80.2306213379,71591,71601,10
13.0319795609,80.2306671143,71601,71611,10
13.0314598083,80.2306976318,71611,71631,20
13.0314598083,80.2306976318,71631,71641,10
13.0311899185,80.2307281494,71641,71651,10
13.0309400558,80.2307510376,71651,71662,11
13.0308103561,80.2307662964,71662,71672,10
13.030670166,80.2307662964,71672,71682,10
13.030380249,80.230796814,71682,71692,10
13.0299396515,80.2308425903,71692,71780,88
13.0299396515,80.2308425903,71780,71791,11
13.029419899,80.2308883667,71791,71801,10
13.028840065,80.2309265137,71801,71811,10
13.0280895233,80.2310028076,71811,71821,10
13.0276699066,80.2311019897,71821,71831,10
13.0276699066,80.2315979004,71831,71841,10
13.0277395248,80.2321395874,71841,71851,10
13.0278100967,80.2325820923,71851,71861,10
13.0277204514,80.2328872681,71861,71871,10
13.0268497467,80.2330169678,71871,72002,131
13.0266199112,80.2331008911,72002,72032,30
13.0266199112,80.2331008911,72032,72042,10
13.0263204575,80.2329483032,72042,72053,11
13.0262098312,80.2326507568,72053,72063,10
13.0261201859,80.2322769165,72063,72072,9
13.0260000229,80.231842041,72072,72083,11
13.0258398056,80.2312316895,72083,72093,10
13.025560379,80.2304916382,72093,72103,10
13.0249996185,80.2296218872,72103,72123,20
13.0249996185,80.2296218872,72123,72133,10
13.024889946,80.2294921875,72133,72143,10
13.0247497559,80.229309082,72143,72153,10
13.0245199203,80.229019165,72153,72163,10
13.0241298676,80.2285919189,72163,72174,11
13.0236196518,80.2279663086,72174,72184,10
13.0233001709,80.2276611328,72184,72194,10
13.0230503082,80.2274627686,72194,72224,30
13.0230503082,80.2274627686,72224,72234,10
13.0228500366,80.2273025513,72234,72244,10
13.022600174,80.2269287109,72244,72254,10
13.0220804214,80.2264709473,72254,72270,16
13.0210103989,80.2256164551,72270,72282,12
13.0201396942,80.2250289917,72282,72290,8
13.0200004578,80.2249221802,72290,72302,12
13.0199604034,80.2249221802,72302,72312,10
13.0196504593,80.2247009277,72312,72321,9
13.0190496445,80.2245178223,72321,72333,12
13.0180397034,80.2248001099,72333,72343,10
13.0170898438,80.2251815796,72343,72353,10
13.0163002014,80.2255325317,72353,72360,7
13.0159502029,80.2256622314,72360,72373,13
13.0150995255,80.225982666,72373,72383,10
13.0144195557,80.2262420654,72383,72393,10
13.0141801834,80.2263412476,72393,72403,10
13.0140895844,80.2263717651,72403,72413,10
13.0136299133,80.2265472412,72413,72423,10
13.0129404068,80.2267837524,72423,72434,11
13.012049675,80.227142334,72434,72444,10
13.0110797882,80.2275085449,72444,72454,10
13.0101604462,80.2278900146,72454,72464,10
13.0094604492,80.2279968262,72464,72474,10
13.0095396042,80.2274017334,72474,72484,10
13.0098600388,80.2266693115,72484,72494,10
13.0102500916,80.2258529663,72494,72504,10
13.0105895996,80.2250976563,72504,72514,10
13.0109500885,80.2239990234,72514,72534,20
13.0109500885,80.2239990234,72534,72544,10
13.0110902786,80.2237014771,72544,72554,10
13.0113096237,80.2231826782,72554,72565,11
13.0115299225,80.2223815918,72565,72575,10
13.0118398666,80.2216110229,72575,72585,10
13.0120601654,80.2212219238,72585,72595,10
13.0119800568,80.2207565308,72595,72605,10
13.0117702484,80.2200775146,72605,72615,10
13.0115098953,80.2193222046,72615,72625,10
13.0112199783,80.218460083,72625,72635,10
13.0109195709,80.217590332,72635,72645,10
13.0106296539,80.2169036865,72645,72655,10
13.0101804733,80.2161102295,72655,72665,10
13.0098695755,80.2154388428,72665,72675,10
13.0096197128,80.2150497437,72675,72685,10
13.0094099045,80.2147827148,72685,72696,11
13.0091295242,80.2144317627,72696,72706,10
13.0089998245,80.2142715454,72706,72716,10
13.0088396072,80.2140426636,72716,72736,20
13.0087795258,80.2139587402,72736,72786,50
13.0087795258,80.2139587402,72786,72796,10
13.0085401535,80.2136611938,72796,72837,41
13.008310318,80.2134780884,72837,72867,30
13.008310318,80.2134780884,72867,72877,10
13.0079698563,80.2132797241,72877,72937,60
13.0079698563,80.2132797241,72937,72947,10
13.0076198578,80.2130203247,72947,72958,11
13.0073003769,80.2128829956,72958,72968,10
13.006939888,80.2127990723,72968,72978,10
13.0065402985,80.2127914429,72978,72988,10
13.0060997009,80.2129516602,72988,72998,10
13.0055904388,80.2129669189,72998,73008,10
13.0051698685,80.212677002,73008,73018,10
13.0045795441,80.2123718262,73018,73028,10
13.0039196014,80.2121582031,73028,73038,10
13.0035400391,80.2121276855,73038,73048,10
13.003080368,80.2121505737,73048,73058,10
13.0026302338,80.2121810913,73058,73068,10
13.0021600723,80.2123413086,73068,73078,10
13.0018196106,80.2125320435,73078,73089,11
13.0012998581,80.212890625,73089,73099,10
13.0008201599,80.2132797241,73099,73109,10
13.00041008,80.2136764526,73109,73119,10
13.0000495911,80.2140274048,73119,73129,10
12.9998502731,80.2141876221,73129,73310,181
12.9998502731,80.2141876221,73310,73320,10
12.9995298386,80.2143936157,73320,73330,10
12.9992303848,80.2146682739,73330,73341,11
12.9989995956,80.2148666382,73341,73351,10
12.9987697601,80.2150726318,73351,73361,10
12.9984197617,80.2154312134,73361,73371,10
12.9975795746,80.2161178589,73371,73391,20
12.997420311,80.2162628174,73391,73411,20
12.997420311,80.2162628174,73411,73421,10
12.997209549,80.2165298462,73421,73441,20
12.997209549,80.2165298462,73441,73451,10
12.9969301224,80.2165985107,73451,73461,10
12.9966201782,80.2166213989,73461,73472,11
12.9963197708,80.2166595459,73472,73482,10
12.9960803986,80.2167205811,73482,73492,10
12.9957799911,80.216796875,73492,73512,20
12.9957799911,80.216796875,73512,73522,10
12.9954099655,80.2168884277,73522,73532,10
12.9952402115,80.2169723511,73532,73542,10
12.9949703217,80.2171325684,73542,73552,10
12.994720459,80.217300415,73552,73562,10
12.9944601059,80.2174835205,73562,73572,10
12.9943399429,80.2175674438,73572,73582,10
12.994099617,80.2177581787,73582,73592,10
12.9938802719,80.2179412842,73592,73603,11
12.9933795929,80.2182769775,73603,73613,10
12.9928302765,80.2187194824,73613,73623,10
12.9921798706,80.2191390991,73623,73633,10
12.9916000366,80.2195663452,73633,73643,10
12.9913196564,80.2197570801,73643,73653,10
12.9907197952,80.2201919556,73653,73673,20
12.9907197952,80.2201919556,73673,73683,10
12.990480423,80.2203903198,73683,73693,10
12.990070343,80.2207107544,73693,73703,10
12.9895601273,80.2212982178,73703,73713,10
12.9890699387,80.2219390869,73713,73723,10
12.988360405,80.2226333618,73723,73734,11
12.9876804352,80.2231292725,73734,73744,10
12.9872102737,80.2231216431,73744,73754,10
12.9870195389,80.2230834961,73754,73764,10
12.9868402481,80.2230377197,73764,73774,10
12.9867801666,80.2230300903,73774,73784,10
12.9862203598,80.2230224609,73784,73794,10
12.9856395721,80.22315979,73794,73804,10
12.9852600098,80.2233123779,73804,73814,10
12.9846601486,80.2230987549,73814,73824,10
12.9841499329,80.2227783203,73824,73834,10
12.9835395813,80.2224273682,73834,73844,10
12.9835195541,80.2224502563,73844,73854,10
12.9832801819,80.2222366333,73854,73865,11
12.9831800461,80.2221679688,73865,73875,10
12.9831199646,80.2221221924,73875,73885,10
12.9828796387,80.2219619751,73885,73895,10
12.9827604294,80.2219161987,73895,73905,10
12.982460022,80.2218399048,73905,73915,10
12.9820404053,80.2216110229,73915,73925,10
12.9814996719,80.2212600708,73925,73935,10
12.9812402725,80.221206665,73935,73945,10
12.9808597565,80.2211227417,73945,73955,10
12.9800901413,80.2211608887,73955,73965,10
12.9792003632,80.2212219238,73965,73975,10
12.9781999588,80.2212600708,73975,73986,11
12.9773197174,80.221282959,73986,73996,10
12.9766702652,80.2213516235,73996,74006,10
12.9760704041,80.2214431763,74006,74026,20
12.9760704041,80.2214431763,74026,74036,10
12.9757995605,80.2213363647,74036,74046,10
12.9755897522,80.2211380005,74046,74096,50
12.9754600525,80.2210006714,74096,74117,21
12.9754600525,80.2210006714,74117,74127,10
12.9753198624,80.2208786011,74127,74137,10
12.9748802185,80.2206268311,74137,74147,10
12.9742498398,80.2203598022,74147,74157,10
12.9739599228,80.2202224731,74157,74167,10
12.9737300873,80.2201385498,74167,74177,10
12.9734802246,80.2200469971,74177,74187,10
12.9733295441,80.2199783325,74187,74197,10
12.9731302261,80.2199020386,74197,74207,10
12.9726400375,80.2197113037,74207,74217,10
12.9719295502,80.2194595337,74217,74227,10
12.9710903168,80.2191772461,74227,74268,41
12.9710903168,80.2191772461,74268,74278,10
12.9709501266,80.2191390991,74278,74288,10
12.9706401825,80.21900177,74288,74298,10
12.97012043,80.2187805176,74298,74308,10
12.9695501328,80.218536377,74308,74318,10
12.9689798355,80.2183227539,74318,74328,10
12.9684200287,80.2181091309,74328,74338,10
12.967880249,80.2179031372,74338,74348,10
12.9673404694,80.2176818848,74348,74358,10
12.9666404724,80.217376709,74358,74368,10
12.9657497406,80.217048645,74368,74379,11
12.9647102356,80.2166213989,74379,74389,10
12.9638299942,80.2162475586,74389,74399,10
12.9631204605,80.2158966064,74399,74409,10
12.9623203278,80.2155838013,74409,74419,10
12.9613895416,80.2152099609,74419,74429,10
12.9603595734,80.2148284912,74429,74439,10
12.9593000412,80.2144088745,74439,74449,10
12.9582395554,80.2139663696,74449,74459,10
12.9571800232,80.2135467529,74459,74469,10
12.9561100006,80.2131271362,74469,74479,10
12.955039978,80.2127227783,74479,74489,10
12.9539699554,80.2123031616,74489,74498,9
12.9530200958,80.2119064331,74498,74510,12
12.9518404007,80.2114486694,74510,74520,10
12.9506902695,80.2109985352,74520,74530,10
12.9497098923,80.210609436,74530,74540,10
12.9488897324,80.2102890015,74540,74550,10
12.9481697083,80.2099990845,74550,74560,10
12.947259903,80.2096481323,74560,74570,10
12.946100235,80.2091903687,74570,74580,10
12.9449901581,80.2087402344,74580,74590,10
12.9442501068,80.2084579468,74590,74600,10
12.9440898895,80.2083969116,74600,74610,10
12.9440803528,80.2083892822,74610,74620,10
12.9437503815,80.2082366943,74620,74631,11
12.9433403015,80.2080688477,74631,74641,10
12.9428901672,80.2076873779,74641,74651,10
12.9424600601,80.2071228027,74651,74661,10
12.9418697357,80.2066116333,74661,74671,10
12.9412097931,80.206161499,74671,74681,10
12.9410400391,80.2060775757,74681,74691,10
12.940870285,80.2059783936,74691,74701,10
12.9403896332,80.2058181763,74701,74711,10
12.9397802353,80.205619812,74711,74721,10
12.9390802383,80.205406189,74721,74731,10
12.938369751,80.2051925659,74731,74741,10
12.937620163,80.2049789429,74741,74751,10
12.936829567,80.204750061,74751,74762,11
12.9358301163,80.2044677734,74762,74772,10
12.9350004196,80.2041320801,74772,74782,10
12.9342002869,80.2040100098,74782,74792,10
12.9336595535,80.2039794922,74792,74822,30
12.9336595535,80.2039794922,74822,74832,10
12.9335403442,80.2039413452,74832,74842,10
12.9331197739,80.2038421631,74842,74852,10
12.932510376,80.2035903931,74852,74862,10
12.931810379,80.2033462524,74862,74872,10
12.9310798645,80.2031097412,74872,74882,10
12.9305200577,80.2029495239,74882,74893,11
12.929400444,80.2028198242,74893,74913,20
12.929400444,80.2028198242,74913,74923,10
12.9292097092,80.2027893066,74923,74933,10
12.9287395477,80.2027282715,74933,74943,10
12.9284496307,80.2022399902,74943,74953,10
12.9284200668,80.2014694214,74953,74963,10
12.9283800125,80.2005767822,74963,74973,10
12.9282302856,80.1996078491,74973,74983,10
12.92786026,80.1987915039,74983,74993,10
12.9273099899,80.198059082,74993,75003,10
12.9264097214,80.1976165771,75003,75013,10
12.9256095886,80.1975479126,75013,75024,11
12.9252796173,80.1975708008,75024,75034,10
12.9247503281,80.1975631714,75034,75044,10
12.9240102768,80.1975479126,75044,75054,10
12.9233903885,80.197517395,75054,75064,10
12.9228096008,80.1974411011,75064,75074,10
12.922419548,80.1974182129,75074,75084,10
12.9219703674,80.1973266602,75084,75094,10
12.9218902588,80.197303772,75094,75104,10
12.921500206,80.1971664429,75104,75114,10
12.9209699631,80.1969680786,75114,75124,10
12.92029953,80.1967391968,75124,75134,10
12.9196195602,80.1965026855,75134,75144,10
12.9190502167,80.1961364746,75144,75155,11
12.9184703827,80.1956329346,75155,75165,10
12.9179601669,80.1951599121,75165,75175,10
12.9173698425,80.1946487427,75175,75185,10
12.9170598984,80.1942901611,75185,75195,10
12.9169998169,80.1940994263,75195,75205,10
12.9169397354,80.1936416626,75205,75215,10
12.9169797897,80.1930465698,75215,75225,10
12.9170398712,80.1925430298,75225,75235,10
12.9171104431,80.1920394897,75235,75245,10
12.9171895981,80.1914215088,75245,75276,31
12.9171895981,80.1914215088,75276,75286,10
12.9172201157,80.1913223267,75286,75296,10
12.9172496796,80.1909179688,75296,75306,10
12.917309761,80.1903305054,75306,75316,10
12.9174804688,80.1895904541,75316,75326,10
12.9179096222,80.1887893677,75326,75336,10
12.9185600281,80.188041687,75336,75346,10
12.9192495346,80.1872787476,75346,75356,10
12.9200201035,80.1864089966,75356,75366,10
12.920539856,80.1855621338,75366,75376,10
12.9203395844,80.1845703125,75376,75386,10
12.9201202393,80.1837005615,75386,75396,10
12.9199104309,80.1828689575,75396,75407,11
12.919839859,80.1825180054,75407,75417,10
12.9198198318,80.1824188232,75417,75427,10
12.9197301865,80.1820373535,75427,75437,10
12.9195804596,80.1813735962,75437,75447,10
12.9194202423,80.1806030273,75447,75457,10
12.9192199707,80.1797103882,75457,75467,10
12.918680191,80.1787872314,75467,75477,10
12.9181203842,80.1778564453,75477,75487,10
12.9182596207,80.1767730713,75487,75497,10
12.9184999466,80.1756820679,75497,75507,10
12.9186296463,80.1749572754,75507,75517,10
12.9186601639,80.1749191284,75517,75527,10
12.9187602997,80.1745376587,75527,75538,11
12.9189596176,80.1737518311,75538,75548,10
12.9191904068,80.1728515625,75548,75558,10
12.9194297791,80.1720428467,75558,75568,10
12.9196596146,80.1711502075,75568,75578,10
12.9197502136,80.1708602905,75578,75588,10
12.9197998047,80.170753479,75588,75598,10
12.9199695587,80.1702804565,75598,75608,10
12.9202098846,80.1695022583,75608,75618,10
12.9204998016,80.168510437,75618,75628,10
12.920800209,80.1676177979,75628,75638,10
12.9210500717,80.166809082,75638,75648,10
12.9214401245,80.1656417847,75648,75658,10
12.9217996597,80.1645126343,75658,75669,11
12.9221601486,80.1632919312,75669,75679,10
12.9225301743,80.1622161865,75679,75689,10
12.9228696823,80.1611328125,75689,75699,10
12.9230298996,80.1605377197,75699,75709,10
12.9230604172,80.1604690552,75709,75719,10
12.9231796265,80.1600494385,75719,75728,9
12.9232797623,80.1593780518,75728,75739,11
12.9233703613,80.1582565308,75739,75749,10
12.9234800339,80.157081604,75749,75759,10
12.9235696793,80.1560211182,75759,75769,10
12.9232702255,80.1549301147,75769,75789,20
12.9232702255,80.1549301147,75789,75800,11
12.9232301712,80.1545333862,75800,75810,10
12.9230804443,80.1538696289,75810,75820,10
12.9228801727,80.1530838013,75820,75830,10
12.922659874,80.1522521973,75830,75850,20
12.922659874,80.1522521973,75850,75860,10
12.922659874,80.1521224976,75860,75870,10
12.9226198196,80.1516494751,75870,75880,10
12.9225997925,80.1509475708,75880,75890,10
12.9225597382,80.1500701904,75890,75900,10
12.9225196838,80.1490783691,75900,75910,10
12.9224901199,80.1482009888,75910,75921,11
12.9224700928,80.1473007202,75921,75931,10
12.9224596024,80.1463165283,75931,75941,10
12.9224300385,80.1451873779,75941,75951,10
12.9223899841,80.1440734863,75951,75961,10
12.9223403931,80.143157959,75961,75971,10
12.9223604202,80.1426391602,75971,75981,10
12.9223098755,80.1421966553,75981,75991,10
12.9223003387,80.141960144,75991,76001,10
12.9223098755,80.1417617798,76001,76011,10
12.9222803116,80.1413803101,76011,76021,10
12.9222898483,80.1413574219,76021,76031,10
12.9223003387,80.1410217285,76031,76041,10
12.9223003387,80.1403579712,76041,76052,11
12.9222803116,80.1395187378,76052,76062,10
12.9222898483,80.1387481689,76062,76072,10
12.9223604202,80.1379623413,76072,76082,10
12.9223899841,80.1371231079,76082,76092,10
12.9224395752,80.1361465454,76092,76102,10
12.9224796295,80.1351470947,76102,76112,10
12.9224996567,80.1342697144,76112,76122,10
12.922539711,80.1332702637,76122,76132,10
12.9225997925,80.1324920654,76132,76142,10
12.9225997925,80.1316986084,76142,76152,10
12.9226198196,80.131072998,76152,76162,10
12.9226303101,80.130859375,76162,76172,10
12.9226903915,80.1302719116,76172,76183,11
12.9227304459,80.1295471191,76183,76193,10
12.922750473,80.1288986206,76193,76203,10
12.9227695465,80.1283798218,76203,76213,10
12.9228000641,80.1278610229,76213,76223,10
12.9228096008,80.1275634766,76223,76233,10
12.9228200912,80.1270217896,76233,76243,10
12.9228401184,80.1262664795,76243,76253,10
12.9228401184,80.1255111694,76253,76263,10
12.9228801727,80.1246337891,76263,76273,10
12.9229402542,80.1236114502,76273,76283,10
12.9229698181,80.1224975586,76283,76293,10
12.92304039,80.1214065552,76293,76303,10
12.9231300354,80.1203384399,76303,76324,21
12.9231300354,80.1203384399,76324,76334,10
12.9231700897,80.1201171875,76334,76344,10
12.923210144,80.1194763184,76344,76354,10
12.9232397079,80.1187210083,76354,76364,10
12.923330307,80.1179733276,76364,76374,10
12.9233598709,80.1170196533,76374,76404,30
12.9233598709,80.1170196533,76404,76414,10
12.9234695435,80.1168212891,76414,76424,10
12.9234600067,80.1172180176,76424,76525,101
12.9234600067,80.1172180176,76525,76535,10
12.9234800339,80.1172485352,76535,76545,10
12.9235200882,80.1176376343,76545,76555,10
12.9235897064,80.1178817749,76555,76566,11
12.923500061,80.1183319092,76566,76576,10
12.9234399796,80.1190414429,76576,76585,9
12.9233503342,80.1197280884,76585,76596,11
12.9232597351,80.1205291748,76596,76606,10
12.9232501984,80.1211929321,76606,76848,242
12.9232501984,80.1211929321,76848,76858,10
12.9231901169,80.1213226318,76858,76868,10
12.9231996536,80.1216506958,76868,76878,10
12.9231796265,80.1222000122,76878,76888,10
12.9231300354,80.1229782104,76888,76898,10
12.9230804443,80.1239776611,76898,76908,10
12.92304039,80.1250762939,76908,76918,10
12.9230499268,80.12550354,76918,76928,10
12.92304039,80.1256790161,76928,76938,10
12.9229602814,80.1262435913,76938,76949,11
12.9229202271,80.1271972656,76949,76959,10
12.9228696823,80.1281433105,76959,76969,10
12.9228000641,80.1290206909,76969,76979,10
12.9227399826,80.1300582886,76979,76989,10
12.9227199554,80.1309204102,76989,76999,10
12.9227104187,80.1315689087,76999,77009,10
12.922659874,80.1323623657,77009,77019,10
12.9226198196,80.1334075928,77019,77029,10
12.9225597382,80.1345977783,77029,77039,10
12.9224996567,80.1358108521,77039,77049,10
12.9224500656,80.1369094849,77049,77059,10
12.9223899841,80.1379089355,77059,77069,10
12.9223299026,80.1388473511,77069,77080,11
12.9223203659,80.1399307251,77080,77090,10
12.9223403931,80.1404800415,77090,77100,10
12.9223299026,80.1411972046,77100,77110,10
12.922369957,80.1423492432,77110,77140,30
12.922369957,80.1423492432,77140,77150,10
12.9224395752,80.1426391602,77150,77160,10
12.9224596024,80.1429824829,77160,77170,10
12.9224796295,80.1434783936,77170,77180,10
12.9224796295,80.143737793,77180,77190,10
12.9224901199,80.1441421509,77190,77200,10
12.9225101471,80.1448974609,77200,77211,11
12.9225797653,80.1459579468,77211,77221,10
12.9225997925,80.1468200684,77221,77231,10
12.9226102829,80.1473007202,77231,77241,10
12.9226102829,80.1473770142,77241,77251,10
12.9225797653,80.1477203369,77251,77261,10
12.9225597382,80.1483383179,77261,77271,10
12.9225902557,80.1492233276,77271,77281,10
12.9226198196,80.1503219604,77281,77291,10
12.9226703644,80.1514434814,77291,77301,10
12.9226999283,80.1521377563,77301,77311,10
12.9228897095,80.152961731,77311,77321,10
12.9231500626,80.1539916992,77321,77331,10
12.923330307,80.1546325684,77331,77342,11
12.9233999252,80.1548919678,77342,77352,10
12.9235200882,80.1554489136,77352,77362,10
12.9236497879,80.1562728882,77362,77372,10
12.9235401154,80.1573562622,77372,77382,10
12.9234399796,80.1585235596,77382,77392,10
12.9233598709,80.1596832275,77392,77402,10
12.9232301712,80.1604995728,77402,77412,10
12.9230499268,80.1610031128,77412,77422,10
12.9228000641,80.1617965698,77422,77432,10
12.9224700928,80.1627731323,77432,77442,10
12.9221096039,80.1638870239,77442,77452,10
12.9217300415,80.1650619507,77452,77463,11
12.9213199615,80.1663208008,77463,77473,10
12.9209604263,80.1674423218,77473,77483,10
12.9206104279,80.1685562134,77483,77493,10
12.9202804565,80.1696777344,77493,77503,10
12.9199495316,80.1707763672,77503,77513,10
12.9198198318,80.1711730957,77513,77523,10
12.9196596146,80.1716537476,77523,77533,10
12.9194498062,80.17237854,77533,77543,10
12.9191999435,80.1732635498,77543,77553,10
12.9189300537,80.1743087769,77553,77563,10
12.9186897278,80.1754074097,77563,77573,10
12.918390274,80.1765594482,77573,77583,10
12.9182100296,80.177772522,77583,77594,11
12.9188499451,80.1789169312,77594,77604,10
12.9193601608,80.1800003052,77604,77614,10
12.9195804596,80.1810684204,77614,77624,10
12.9198799133,80.1823730469,77624,77634,10
12.9201498032,80.1834793091,77634,77644,10
12.9203195572,80.1840133667,77644,77654,10
12.9203195572,80.1840209961,77654,77664,10
12.9203596115,80.1843566895,77664,77674,10
12.9204998016,80.1850128174,77674,77684,10
12.9206104279,80.1855316162,77684,77694,10
12.920630455,80.1856231689,77694,77704,10
12.9205303192,80.1859893799,77704,77714,10
12.9200801849,80.1865234375,77714,77725,11
12.9194297791,80.1872406006,77725,77735,10
12.9187498093,80.188041687,77735,77745,10
12.9180202484,80.1888427734,77745,77755,10
12.917550087,80.189743042,77755,77765,10
12.9173402786,80.1908187866,77765,77775,10
12.9172201157,80.1919021606,77775,77785,10
12.9170799255,80.1930999756,77785,77805,20
12.9170799255,80.1930999756,77805,77821,16
12.9170703888,80.1935424805,77821,77833,12
12.9171304703,80.1940383911,77833,77841,8
12.9172096252,80.1943130493,77841,77853,12
12.9177703857,80.1949310303,77853,77864,11
12.9185400009,80.195640564,77864,77874,10
12.9193201065,80.1962890625,77874,77884,10
12.9201402664,80.1966629028,77884,77894,10
12.9210395813,80.1969604492,77894,77904,10
12.9219799042,80.1972808838,77904,77913,9
12.9228096008,80.1974182129,77913,77924,11
12.9234895706,80.1975021362,77924,77933,9
12.9237699509,80.197517395,77933,77943,10
12.9243297577,80.1975326538,77943,77954,11
12.9251003265,80.1975097656,77954,77964,10
12.9254398346,80.1975097656,77964,77974,10
12.9261302948,80.1975479126,77974,77985,11
12.9270496368,80.1978988647,77985,77995,10
12.9276599884,80.1984329224,77995,78005,10
12.9280996323,80.1992416382,78005,78015,10
12.9284095764,80.200340271,78015,78025,10
12.9284601212,80.2014923096,78025,78026,1
12.9284696579,80.2015991211,78026,78027,1
12.9284696579,80.2016983032,78027,78074,47
12.9306602478,80.2029800415,78074,78084,10
12.9315004349,80.2032318115,78084,78094,10
12.9323501587,80.2035217285,78094,78105,11
12.9329299927,80.2037124634,78105,78115,10
12.9334802628,80.2039031982,78115,78125,10
12.933930397,80.2039413452,78125,78135,10
12.9342002869,80.2039489746,78135,78145,10
12.9347295761,80.2040176392,78145,78155,10
12.935379982,80.2042770386,78155,78167,12
12.9362802505,80.2045898438,78167,78176,9
12.9371204376,80.204826355,78176,78190,14
12.9383802414,80.2051773071,78190,78200,10
12.9391899109,80.2054367065,78200,78210,10
12.939789772,80.2056121826,78210,78220,10
12.9403800964,80.2057876587,78220,78230,10
12.9408798218,80.2059707642,78230,78241,11
12.9415302277,80.2063064575,78241,78251,10
12.9421300888,80.2067565918,78251,78261,10
12.9426803589,80.20728302,78261,78284,23
12.9442796707,80.2083969116,78284,78296,12
12.9453401566,80.2088012695,78296,78306,10
12.9463396072,80.2091827393,78306,78316,10
12.9473199844,80.2095794678,78316,78326,10
12.9482603073,80.2099533081,78326,78336,10
12.9492902756,80.210357666,78336,78346,10
12.9504995346,80.2108612061,78346,78356,10
12.9517402649,80.2113494873,78356,78366,10
12.9529399872,80.2117996216,78366,78377,11
12.9541501999,80.2123031616,78377,78387,10
12.9552202225,80.2127380371,78387,78397,10
12.9562902451,80.2131271362,78397,78407,10
12.9573602676,80.2135391235,78407,78417,10
12.9584197998,80.2139663696,78417,78427,10
12.9590997696,80.2142410278,78427,78437,10
12.9599103928,80.2145767212,78437,78447,10
12.9606704712,80.214881897,78447,78457,10
12.9615001678,80.2152023315,78457,78467,10
12.9625301361,80.2155990601,78467,78477,10
12.9632701874,80.2158737183,78477,78487,10
12.9633903503,80.2159194946,78487,78498,11
12.9638900757,80.2161483765,78498,78507,9
12.9645004272,80.2164535522,78507,78518,11
12.9654102325,80.2168121338,78518,78528,10
12.9662399292,80.2171401978,78528,78538,10
12.9670200348,80.2174377441,78538,78548,10
12.9677801132,80.2177581787,78548,78558,10
12.9687595367,80.218132019,78558,78568,10
12.9699201584,80.2185821533,78568,78578,10
12.9707803726,80.2189025879,78578,78588,10
12.9709501266,80.2189712524,78588,78598,10
12.9711704254,80.219078064,78598,78608,10
12.9716100693,80.2192382813,78608,78618,10
12.9723396301,80.2195205688,78618,78629,11
12.9733600616,80.219909668,78629,78639,10
12.9742603302,80.2203063965,78639,78649,10
12.9751396179,80.2206802368,78649,78719,70
12.9751396179,80.2206802368,78719,78729,10
12.9753704071,80.2207336426,78729,78739,10
12.9757604599,80.2210617065,78739,78749,10
12.976099968,80.2212371826,78749,78760,11
12.976149559,80.2212371826,78760,78770,10
12.9765100479,80.2212600708,78770,78780,10
12.9769802094,80.2212371826,78780,78790,10
12.9774599075,80.221206665,78790,78800,10
12.9778995514,80.2211990356,78800,78810,10
12.9783000946,80.2211380005,78810,78820,10
12.9787197113,80.2211227417,78820,78830,10
12.979180336,80.2210998535,78830,78846,16
12.9802303314,80.221031189,78846,78858,12
12.980919838,80.2210235596,78858,78868,10
12.9814395905,80.2212677002,78868,78878,10
12.9818296432,80.2215423584,78878,78889,11
12.9823102951,80.2217788696,78889,78899,10
12.9827098846,80.2219085693,78899,78909,10
12.98279953,80.2219467163,78909,78919,10
12.9829797745,80.222038269,78919,78929,10
12.9833097458,80.2222595215,78929,78939,10
12.9836597443,80.2224807739,78939,78949,10
12.9841499329,80.2227630615,78949,78959,10
12.9846096039,80.2230682373,78959,78969,10
12.9850702286,80.2232666016,78969,78979,10
12.9854402542,80.2232208252,78979,78989,10
12.9858798981,80.2229995728,78989,78999,10
12.9862499237,80.2229995728,78999,79010,11
12.9866104126,80.2229995728,79010,79020,10
12.9871101379,80.2230911255,79020,79030,10
12.9877700806,80.2229690552,79030,79040,10
12.9884195328,80.222442627,79040,79050,10
12.9890003204,80.221786499,79050,79060,10
12.9894399643,80.2211380005,79060,79070,10
12.9902296066,80.2203826904,79070,79080,10
12.9904203415,80.2202529907,79080,79089,9
12.9906997681,80.2200775146,79089,79100,11
12.9912900925,80.2195892334,79100,79110,10
12.9919996262,80.2191009521,79110,79120,10
12.9927797318,80.218536377,79120,79130,10
12.9935398102,80.2179870605,79130,79141,11
12.9940700531,80.2176132202,79141,79151,10
12.9943504333,80.2174072266,79151,79161,10
12.9945802689,80.2172393799,79161,79171,10
12.9949102402,80.2170028687,79171,79181,10
12.9952898026,80.2167816162,79181,79191,10
12.9959402084,80.2166137695,79191,79201,10
12.996629715,80.2165222168,79201,79211,10
12.9970502853,80.2164764404,79211,79221,10
12.9972496033,80.2163085938,79221,79231,10
12.9973802567,80.2161636353,79231,79241,10
12.9975099564,80.2160797119,79241,79251,10
12.997879982,80.2157592773,79251,79261,10
12.9984397888,80.2152633667,79261,79272,11
12.9990100861,80.2147598267,79272,79282,10
12.999329567,80.2144927979,79282,79292,10
12.9997501373,80.2141265869,79292,79302,10
13.0002202988,80.2137298584,79302,79312,10
13.0007600784,80.2132492065,79312,79322,10
13.0012998581,80.2128295898,79322,79332,10
13.001830101,80.2124328613,79332,79342,10
13.0024404526,80.2121200562,79342,79352,10
13.0031795502,80.2120819092,79352,79362,10
13.0036401749,80.2120132446,79362,79372,10
13.0041399002,80.2121200562,79372,79382,10
13.0047597885,80.212387085,79382,79392,10
13.0054998398,80.2128372192,79392,79403,11
13.0064401627,80.2127380371,79403,79413,10
13.0078201294,80.2130966187,79413,79433,20
13.0078201294,80.2130966187,79433,79449,16
13.0085201263,80.2134780884,79449,79461,12
13.0090999603,80.2142715454,79461,79471,10
13.009469986,80.2147903442,79471,79481,10
13.0098400116,80.2152328491,79481,79491,10
13.0102796555,80.2158966064,79491,79501,10
13.0106801987,80.2166900635,79501,79511,10
13.011059761,80.2176437378,79511,79521,10
13.0115404129,80.218788147,79521,79532,11
13.0119800568,80.2201309204,79532,79542,10
13.012430191,80.2212982178,79542,79552,10
13.0130195618,80.2220993042,79552,79562,10
13.0137300491,80.2230529785,79562,79572,10
13.0143098831,80.223739624,79572,79583,11
13.0147800446,80.2242889404,79583,79593,10
13.0154600143,80.2250137329,79593,79603,10
13.016119957,80.2253417969,79603,79613,10
13.0171003342,80.2250823975,79613,79623,10
13.0181903839,80.2246627808,79623,79633,10
13.0191898346,80.2243728638,79633,79643,10
13.0195398331,80.2244415283,79643,79654,11
13.0197000504,80.2245483398,79654,79664,10
13.0201702118,80.224899292,79664,79674,10
13.0207195282,80.2252883911,79674,79684,10
13.0212097168,80.2257003784,79684,79694,10
13.0217504501,80.2260818481,79694,79704,10
13.0218296051,80.2261428833,79704,79713,9
13.0220804214,80.2263412476,79713,79724,11
13.0225601196,80.2267532349,79724,79733,9
13.0232200623,80.2273712158,79733,79744,11
13.0239200592,80.2280426025,79744,79754,10
13.0244598389,80.2286987305,79754,79764,10
13.0247802734,80.2291488647,79764,79774,10
13.0250396729,80.2294921875,79774,79785,11
13.0255298615,80.2301712036,79785,79795,10
13.0258598328,80.2307815552,79795,79805,10
13.0259199142,80.2309570313,79805,79815,10
13.025970459,80.2312164307,79815,79825,10
13.0262002945,80.2313079834,79825,79835,10
13.02684021,80.2311477661,79835,79845,10
13.0276899338,80.2309799194,79845,79855,10
13.0285301208,80.2308807373,79855,79865,10
13.0292596817,80.2308197021,79865,79875,10
13.0297403336,80.230796814,79875,79885,10
13.0303602219,80.2307434082,79885,79895,10
13.0309295654,80.2306900024,79895,79905,10
13.0316200256,80.2306518555,79905,79916,11
13.032500267,80.2305679321,79916,79926,10
13.0335102081,80.2304992676,79926,80004,78
13.0335102081,80.2304992676,80004,80014,10
13.0337600708,80.23046875,80014,80024,10
13.0340003967,80.2304611206,80024,80035,11
13.0342702866,80.2304611206,80035,80045,10
13.0346899033,80.2303237915,80045,80196,151
13.0349798203,80.2301177979,80196,80246,50
13.0349798203,80.2301177979,80246,80256,10
13.0349998474,80.2303695679,80256,80266,10
13.0345602036,80.2303771973,80266,80276,10
13.0340795517,80.2304611206,80276,80286,10
13.0339298248,80.2304382324,80286,80297,11
13.0333404541,80.2304763794,80297,80307,10
13.0326004028,80.2305603027,80307,80317,10
13.0319004059,80.2306365967,80317,80327,10
13.031080246,80.2307128906,80327,80337,10
13.0303697586,80.2307662964,80337,80347,10
13.0298995972,80.2308197021,80347,80357,10
13.0296096802,80.2308502197,80357,80367,10
13.0290203094,80.2309188843,80367,80377,10
13.0283403397,80.23097229,80377,80387,10
13.0277500153,80.2310180664,80387,80397,10
13.0276098251,80.2312927246,80397,80407,10
13.0276899338,80.2320327759,80407,80417,10
13.0278396606,80.2327575684,80417,80428,11
13.0273504257,80.2329330444,80428,80438,10
13.02684021,80.2329788208,80438,80454,16
13.0266799927,80.233001709,80454,80466,12
13.0263299942,80.2328796387,80466,80474,8
13.0262002945,80.2324066162,80474,80486,12
13.0259599686,80.2315979004,80486,80496,10
13.0257196426,80.23072052,80496,80506,10
13.0250597,80.229637146,80506,80516,10
13.0246400833,80.229057312,80516,80526,10
13.0246095657,80.2290115356,80526,80536,10
13.0243597031,80.2286834717,80536,80546,10
13.0239400864,80.2281036377,80546,80556,10
13.023349762,80.2275009155,80556,80567,11
13.0223197937,80.2265777588,80567,80577,10
13.0214004517,80.2258377075,80577,80587,10
13.0204601288,80.225151062,80587,80597,10
13.0196304321,80.2246170044,80597,80607,10
13.0187702179,80.2244873047,80607,80618,11
13.0179004669,80.2248382568,80618,80628,10
13.0167999268,80.2253036499,80628,80638,10
13.0162096024,80.2255401611,80638,80648,10
13.0154695511,80.225769043,80648,80658,10
13.0146198273,80.2260437012,80658,80689,31
13.0146198273,80.2260437012,80689,80699,10
13.0144395828,80.2261505127,80699,80709,10
13.0141601563,80.2261581421,80709,80719,10
13.0142002106,80.2258224487,80719,80729,10
13.0142097473,80.2254562378,80729,80739,10
13.0143995285,80.2254714966,80739,80759,20
13.0143404007,80.2255172729,80759,80928,169
13.0143404007,80.2255172729,80928,80939,11
