13.0750598907,80.2749862671,12,2309,2297
13.075340271,80.2748718262,2309,2360,51
13.0752000809,80.2748794556,2360,14332,11972
13.0751104355,80.2747879028,14332,17353,3021
13.0751104355,80.2747879028,17353,17363,10
13.0755996704,80.274848938,17363,17373,10
13.0758600235,80.2750320435,17373,17403,30
13.0758600235,80.2750320435,17403,17413,10
13.0759401321,80.2753067017,17413,17434,21
13.0759401321,80.2753067017,17434,17444,10
13.0759897232,80.2754364014,17444,17454,10
13.0760097504,80.2758026123,17454,17464,10
13.0759897232,80.2760391235,17464,17474,10
13.0759496689,80.2762298584,17474,17484,10
13.076379776,80.276260376,17484,17494,10
13.0770998001,80.2762069702,17494,17505,11
13.0780601501,80.2760772705,17505,17515,10
13.0784101486,80.2752990723,17515,17525,10
13.0792303085,80.275177002,17525,17535,10
13.0802001953,80.2752532959,17535,17545,10
13.0811395645,80.2751617432,17545,17555,10
13.0817699432,80.275177002,17555,17565,10
13.0820703506,80.2753295898,17565,17636,71
13.0820703506,80.2753295898,17636,17646,10
13.0821304321,80.2755584717,17646,17868,222
13.0821304321,80.2755584717,17868,17879,11
13.0820798874,80.2758865356,17879,17889,10
13.0818901062,80.2760162354,17889,17899,10
13.0818996429,80.2764129639,17899,17909,10
13.0819797516,80.2771377563,17909,17919,10
13.0820999146,80.2780609131,17919,17929,10
13.0820102692,80.2783966064,17929,17939,10
13.0819501877,80.2779998779,17939,17949,10
13.081870079,80.2772827148,17949,17959,10
13.0818004608,80.2766494751,17959,17969,10
13.0816497803,80.2759399414,17969,17980,11
13.0815601349,80.2754974365,17980,18030,50
13.0815601349,80.2754974365,18030,18040,10
13.081489563,80.2752838135,18040,18050,10
13.0811595917,80.2752304077,18050,18061,11
13.0805797577,80.2752838135,18061,18071,10
13.0798997879,80.2753601074,18071,18081,10
13.0791196823,80.2752380371,18081,18091,10
13.0783395767,80.2755203247,18091,18101,10
13.0778398514,80.2762374878,18101,18111,10
13.0768404007,80.2762908936,18111,18121,10
13.075799942,80.2763366699,18121,18131,10
13.0745897293,80.2763977051,18131,18141,10
13.074090004,80.2768096924,18141,18151,10
13.074640274,80.2773666382,18151,18162,11
13.0748195648,80.277633667,18162,18172,10
13.0746097565,80.2775268555,18172,18182,10
13.0742101669,80.2770767212,18182,18192,10
13.0735397339,80.2763977051,18192,18201,9
13.0728397369,80.2756271362,18201,18212,11
13.0719604492,80.2747268677,18212,18222,10
13.0710897446,80.2742996216,18222,18231,9
13.0706796646,80.2740402222,18231,18242,11
13.0705299377,80.2738113403,18242,18253,11
13.0701303482,80.2732009888,18253,18263,10
13.0694599152,80.2724761963,18263,18273,10
13.0686998367,80.2719726563,18273,18283,10
13.0680799484,80.2714004517,18283,18293,10
13.067440033,80.2705993652,18293,18303,10
13.0668497086,80.2699890137,18303,18313,10
13.0664596558,80.2689285278,18313,18323,10
13.0660800934,80.2680587769,18323,18333,10
13.0653400421,80.2676391602,18333,18344,11
13.065079689,80.2676010132,18344,18354,10
13.0646095276,80.2675170898,18354,18364,10
13.0639400482,80.2673721313,18364,18373,9
13.0630502701,80.2672195435,18373,18384,11
13.0623397827,80.2666778564,18384,18394,10
13.0615997314,80.2657470703,18394,18404,10
13.0608797073,80.2652206421,18404,18414,10
13.0605201721,80.2654418945,18414,18424,10
13.0601902008,80.2655792236,18424,18435,11
13.0593595505,80.2655181885,18435,18445,10
13.0584402084,80.2652816772,18445,18455,10
13.0580301285,80.2645187378,18455,18465,10
13.0578603745,80.263458252,18465,18475,10
13.0577497482,80.2623977661,18475,18485,10
13.0575504303,80.2612075806,18485,18495,10
13.0572099686,80.2599563599,18495,18505,10
13.0568304062,80.2586517334,18505,18515,10
13.0565900803,80.2574691772,18515,18526,11
13.0564899445,80.2571105957,18526,18536,10
13.0564098358,80.2568435669,18536,18546,10
13.0560998917,80.2561569214,18546,18556,10
13.0555000305,80.2553329468,18556,18566,10
13.0547504425,80.2543334961,18566,18576,10
13.053899765,80.2531967163,18576,18586,10
13.0530500412,80.2519989014,18586,18596,10
13.0521602631,80.2508163452,18596,18606,10
13.0509195328,80.2500534058,18606,18616,10
13.0492801666,80.2497787476,18616,18626,10
13.0480203629,80.2493209839,18626,18637,11
13.0470504761,80.2486419678,18637,18647,10
13.0458498001,80.2484588623,18647,18657,10
13.0445995331,80.2480621338,18657,18667,10
13.0432796478,80.247833252,18667,18677,10
13.0419902802,80.2475128174,18677,18687,10
13.0404396057,80.2472000122,18687,18697,10
13.039150238,80.246963501,18697,18707,10
13.0374498367,80.2466201782,18707,18718,11
13.0360202789,80.2463226318,18718,18728,10
13.0352401733,80.2461166382,18728,18738,10
13.0351696014,80.24609375,18738,18748,10
13.0351400375,80.2460479736,18748,18758,10
13.0348596573,80.2457809448,18758,18768,10
13.0344800949,80.2452163696,18768,18778,10
13.0338802338,80.2445220947,18778,18788,10
13.0331401825,80.2435684204,18788,18798,10
13.0323896408,80.2425384521,18798,18809,11
13.0317401886,80.2414169312,18809,18819,10
13.0312204361,80.2403411865,18819,18829,10
13.0309696198,80.2397537231,18829,18839,10
13.0305204391,80.2389373779,18839,18849,10
13.0299100876,80.2378616333,18849,18859,10
13.0291004181,80.2367782593,18859,18869,10
13.028169632,80.2357177734,18869,18879,10
13.0274496078,80.2345581055,18879,18889,10
13.0265798569,80.2331771851,18889,18900,11
13.0260696411,80.2318115234,18900,18910,10
13.0256795883,80.2305831909,18910,18920,10
13.0249204636,80.2294082642,18920,18930,10
13.0241098404,80.2284164429,18930,18940,10
13.0233697891,80.2276077271,18940,18970,30
13.0233697891,80.2276077271,18970,18980,10
13.0233201981,80.2275466919,18980,18990,10
13.0232200623,80.2274703979,18990,19001,11
13.022769928,80.2270584106,19001,19017,16
13.0215702057,80.225982666,19017,19029,12
13.0203399658,80.2250671387,19029,19039,10
13.0192203522,80.2244720459,19039,19049,10
13.0179796219,80.224822998,19049,19059,10
13.0168399811,80.2253036499,19059,19069,10
13.0163097382,80.2253875732,19069,19079,10
13.0158596039,80.2256622314,19079,19090,11
13.0150403976,80.2260131836,19090,19100,10
13.0143699646,80.2262878418,19100,19110,10
13.0143003464,80.2263183594,19110,19120,10
13.0142097473,80.226348877,19120,19130,10
13.0137395859,80.2265090942,19130,19140,10
13.0129699707,80.2268066406,19140,19150,10
13.0120601654,80.2271728516,19150,19160,10
13.0110397339,80.2275695801,19160,19170,10
13.0099201202,80.228012085,19170,19181,11
13.0091199875,80.2288513184,19181,19191,10
13.0088796616,80.2301101685,19191,19201,10
13.0086097717,80.2315216064,19201,19211,10
13.0083398819,80.2329406738,19211,19221,10
13.0080900192,80.2341995239,19221,19230,9
13.0078697205,80.2352828979,19230,19240,10
13.0076303482,80.236541748,19240,19251,11
13.0074996948,80.2372665405,19251,19261,10
13.0074396133,80.2375335693,19261,19272,11
13.0073099136,80.2383422852,19272,19282,10
13.0071496964,80.2391586304,19282,19292,10
13.006939888,80.240196228,19292,19302,10
13.0068101883,80.2413101196,19302,19312,10
13.006770134,80.2425765991,19312,19322,10
13.0067300797,80.2437591553,19322,19332,10
13.0067100525,80.2449417114,19332,19342,10
13.0067396164,80.2459716797,19342,19352,10
13.0067501068,80.2469863892,19352,19363,11
13.0066604614,80.2473831177,19363,19373,10
13.0060796738,80.247428894,19373,19393,20
13.0060796738,80.247428894,19393,19403,10
13.0057001114,80.2473983765,19403,19413,10
13.0049600601,80.2473678589,19413,19423,10
13.0038003922,80.2475128174,19423,19433,10
13.0023403168,80.2477874756,19433,19443,10
13.0006799698,80.2481689453,19443,19453,10
12.9989595413,80.2485961914,19453,19464,11
12.9970998764,80.2490463257,19464,19474,10
12.9955797195,80.249458313,19474,19484,10
12.9940395355,80.2498703003,19484,19494,10
12.9923801422,80.2502670288,19494,19504,10
12.9907798767,80.2506637573,19504,19514,10
12.9892101288,80.2510604858,19514,19524,10
12.9878797531,80.251411438,19524,19544,20
12.9878797531,80.251411438,19544,19555,11
12.9878196716,80.2514038086,19555,19565,10
12.9873895645,80.2515182495,19565,19575,10
12.9865598679,80.251739502,19575,19585,10
12.9855003357,80.2519989014,19585,19595,10
12.9841604233,80.2523803711,19595,19605,10
12.9826803207,80.2526397705,19605,19615,10
12.9811496735,80.2527008057,19615,19625,10
12.9800796509,80.2527389526,19625,19635,10
12.9785404205,80.2525482178,19635,19656,21
12.9785404205,80.2525482178,19656,19666,10
12.9781904221,80.2522964478,19666,19676,10
12.9774599075,80.251663208,19676,19686,10
12.9762601852,80.251159668,19686,19696,10
12.9747800827,80.2507171631,19696,19706,10
12.9732103348,80.250289917,19706,19716,10
12.9716701508,80.2498779297,19716,19726,10
12.9700803757,80.249382019,19726,19737,11
12.9683904648,80.2487030029,19737,19747,10
12.967040062,80.2481536865,19747,19757,10
12.9658403397,80.2476119995,19757,19767,10
12.9651603699,80.2474136353,19767,19777,10
12.9651699066,80.2474136353,19777,19787,10
12.9651098251,80.2473831177,19787,19797,10
12.9646701813,80.2472076416,19797,19807,10
12.9638900757,80.2469177246,19807,19817,10
12.9628896713,80.2464370728,19817,19827,10
12.9617004395,80.2458496094,19827,19838,11
12.9605197906,80.245300293,19838,19848,10
12.9593296051,80.2447433472,19848,19858,10
12.9582099915,80.2442703247,19858,19868,10
12.9576196671,80.2440719604,19868,19878,10
12.9568395615,80.243812561,19878,19888,10
12.956410408,80.2436599731,19888,19898,10
12.9562101364,80.243560791,19898,19914,16
12.9552001953,80.243057251,19914,19927,13
12.9539699554,80.2425231934,19927,19937,10
12.9528398514,80.2420730591,19937,19947,10
12.9518995285,80.2417526245,19947,19957,10
12.9517202377,80.2416915894,19957,19967,10
12.9514503479,80.2415771484,19967,19977,10
12.950799942,80.2413635254,19977,19986,9
12.9498500824,80.2410583496,19986,19996,10
12.9488201141,80.2407073975,19996,20007,11
12.9476499557,80.2402420044,20007,20018,11
12.9465904236,80.2398071289,20018,20028,10
12.945520401,80.2393417358,20028,20038,10
12.9446001053,80.2385025024,20038,20048,10
12.9437198639,80.2375335693,20048,20058,10
12.9426803589,80.2366409302,20058,20068,10
12.9413404465,80.2362213135,20068,20078,10
12.9398202896,80.2358016968,20078,20098,20
12.9398202896,80.2358016968,20098,20109,11
12.9396600723,80.2357330322,20109,20119,10
12.939040184,80.2354278564,20119,20129,10
12.9381799698,80.2349777222,20129,20139,10
12.9371099472,80.2344589233,20139,20149,10
12.935959816,80.2339782715,20149,20159,10
12.9351501465,80.2335586548,20159,20169,10
12.9340200424,80.233039856,20169,20179,10
12.9338903427,80.2329788208,20179,20189,10
12.9337997437,80.2329406738,20189,20199,10
12.9333000183,80.232711792,20199,20210,11
12.9323596954,80.2323532104,20210,20220,10
12.9312801361,80.2319717407,20220,20230,10
12.9300403595,80.2315597534,20230,20240,10
12.928730011,80.2313308716,20240,20250,10
12.9273796082,80.2311477661,20250,20260,10
12.9263601303,80.2310562134,20260,20269,9
12.9261903763,80.2310409546,20269,20280,11
12.9259796143,80.231010437,20280,20290,10
12.9253902435,80.2309265137,20290,20301,11
12.9243803024,80.2307891846,20301,20311,10
12.9232797623,80.2306365967,20311,20321,10
12.9219999313,80.2304382324,20321,20331,10
12.9206399918,80.2302627563,20331,20341,10
12.9192800522,80.2300872803,20341,20351,10
12.9179801941,80.2299118042,20351,20361,10
12.9171199799,80.2297973633,20361,20371,10
12.9165201187,80.2297210693,20371,20381,10
12.9155197144,80.2295837402,20381,20392,11
12.9141101837,80.2294082642,20392,20402,10
12.913359642,80.2293395996,20402,20412,10
12.9132995605,80.2293167114,20412,20422,10
12.912779808,80.2292327881,20422,20432,10
12.9118795395,80.2291030884,20432,20442,10
12.9106397629,80.2289276123,20442,20452,10
12.9091596603,80.2286987305,20452,20462,10
12.9075498581,80.2284393311,20462,20472,10
12.9065599442,80.2283401489,20472,20483,11
12.9054698944,80.2282409668,20483,20493,10
12.9041204453,80.2281570435,20493,20503,10
12.9026298523,80.2280807495,20503,20513,10
12.9013004303,80.228012085,20513,20523,10
12.9002599716,80.2279510498,20523,20533,10
12.8995895386,80.2279205322,20533,20553,20
12.8995895386,80.2279205322,20553,20563,10
12.8995800018,80.2279129028,20563,20574,11
12.8990898132,80.2278823853,20574,20584,10
12.8982801437,80.2278366089,20584,20594,10
12.8972501755,80.2277832031,20594,20604,10
12.896030426,80.227722168,20604,20614,10
12.8947601318,80.2276687622,20614,20624,10
12.8934602737,80.2275619507,20624,20634,10
12.8922901154,80.2274093628,20634,20644,10
12.8911800385,80.2273788452,20644,20654,10
12.8897895813,80.2273712158,20654,20664,10
12.888420105,80.2273635864,20664,20675,11
12.8870801926,80.2272186279,20675,20685,10
12.8857803345,80.2269134521,20685,20695,10
12.8848800659,80.2268295288,20695,20715,20
12.8848800659,80.2268295288,20715,20725,10
12.8846702576,80.2267990112,20725,20735,10
12.8839998245,80.2268295288,20735,20745,10
12.8830699921,80.2267608643,20745,20755,10
12.8818798065,80.2267837524,20755,20766,11
12.8804197311,80.2267913818,20766,20776,10
12.8790197372,80.2268218994,20776,20786,10
12.8776102066,80.2269210815,20786,20796,10
12.8766202927,80.2270202637,20796,20806,10
12.8765096664,80.2270431519,20806,20816,10
12.8763599396,80.2270584106,20816,20826,10
12.8757200241,80.2270202637,20826,20836,10
12.8747797012,80.2269134521,20836,20846,10
12.8735799789,80.2267608643,20846,20857,11
12.8727397919,80.2267608643,20857,20867,10
12.872710228,80.2267608643,20867,20877,10
12.8723402023,80.2267379761,20877,20887,10
12.8715496063,80.2266998291,20887,20897,10
12.8706197739,80.2266464233,20897,20907,10
12.8694896698,80.2265396118,20907,20917,10
12.8682804108,80.2264328003,20917,20927,10
12.8670301437,80.2265319824,20927,20937,10
12.8657302856,80.2266387939,20937,20948,11
12.864159584,80.2265777588,20948,20958,10
12.8626403809,80.2265625,20958,20968,10
12.8611898422,80.2266235352,20968,20978,10
12.8598003387,80.2264785767,20978,20988,10
12.8588895798,80.2263412476,20988,20998,10
12.858420372,80.2263183594,20998,21008,10
12.8575801849,80.2263183594,21008,21018,10
12.8565196991,80.2264099121,21018,21028,10
12.8552598953,80.2265319824,21028,21039,11
12.8537302017,80.2266693115,21039,21048,9
12.8524398804,80.2267227173,21048,21058,10
12.8510904312,80.2266693115,21058,21069,11
12.8502101898,80.2266464233,21069,21079,10
12.849820137,80.2266387939,21079,21089,10
12.8490200043,80.2266311646,21089,21099,10
12.8479003906,80.2266235352,21099,21109,10
12.8466997147,80.2266311646,21109,21119,10
12.8457202911,80.2266387939,21119,21129,10
12.8454999924,80.2266464233,21129,21140,11
12.8454704285,80.2266464233,21140,21150,10
12.8450899124,80.2266616821,21150,21160,10
12.8443698883,80.2267227173,21160,21170,10
12.8434200287,80.2268371582,21170,21180,10
12.8423299789,80.2270507813,21180,21190,10
12.8411502838,80.2273406982,21190,21200,10
12.8402299881,80.2276000977,21200,21210,10
12.8398103714,80.2277374268,21210,21220,10
12.8396997452,80.2277832031,21220,21231,11
12.8394403458,80.2278518677,21231,21241,10
12.8387699127,80.2280197144,21241,21251,10
12.8378601074,80.2282333374,21251,21261,10
12.8367900848,80.2284011841,21261,21271,10
12.8355998993,80.2285766602,21271,21281,10
12.8343896866,80.228767395,21281,21291,10
12.8332195282,80.2289810181,21291,21301,10
12.8324899673,80.229133606,21301,21311,10
12.8324403763,80.2291412354,21311,21322,11
12.8322095871,80.2291717529,21322,21332,10
12.8315896988,80.2293014526,21332,21342,10
12.8307104111,80.2295913696,21342,21352,10
12.8296604156,80.2299804688,21352,21362,10
12.8286104202,80.2304534912,21362,21372,10
12.8275995255,80.2310180664,21372,21382,10
12.8264799118,80.2313690186,21382,21392,10
12.8251600266,80.2314376831,21392,21402,10
12.8239002228,80.2312164307,21402,21413,11
12.8225097656,80.2307662964,21413,21423,10
12.8212003708,80.2304992676,21423,21433,10
12.819849968,80.2305221558,21433,21443,10
12.818980217,80.2305297852,21443,21453,10
12.8188800812,80.2304992676,21453,21463,10
12.818479538,80.2303314209,21463,21473,10
12.8177404404,80.2299499512,21473,21483,10
12.8167104721,80.2295684814,21483,21493,10
12.8154602051,80.2293701172,21493,21504,11
12.8139600754,80.2291107178,21504,21514,10
12.8126096725,80.2286834717,21514,21524,10
12.8113298416,80.2282104492,21524,21534,10
12.8101701736,80.2277374268,21534,21544,10
12.809009552,80.227142334,21544,21554,10
12.8079099655,80.2262496948,21554,21564,10
12.8069801331,80.2254333496,21564,21574,10
12.8062601089,80.2247695923,21574,21584,10
12.8055801392,80.2242202759,21584,21594,10
12.8049602509,80.2240219116,21594,21605,11
12.8048696518,80.2239990234,21605,21615,10
12.8044395447,80.2239303589,21615,21625,10
12.8037395477,80.2238922119,21625,21635,10
12.8028402328,80.2237930298,21635,21645,10
12.8017396927,80.2236633301,21645,21655,10
12.8005199432,80.2235412598,21655,21665,10
12.799249649,80.2234420776,21665,21675,10
12.7979001999,80.2232971191,21675,21685,10
12.796620369,80.2230911255,21685,21696,11
12.7958602905,80.2229614258,21696,21706,10
12.7957401276,80.2229309082,21706,21716,10
12.7951402664,80.2228164673,21716,21726,10
12.7941398621,80.2226715088,21726,21736,10
12.7928695679,80.2224578857,21736,21746,10
12.7915201187,80.2221832275,21746,21756,10
12.7902603149,80.221862793,21756,21766,10
12.7892999649,80.2215576172,21766,21776,10
12.788310051,80.2211837769,21776,21787,11
12.7875204086,80.2209014893,21787,21797,10
12.7866601944,80.2205734253,21797,21817,20
12.7866601944,80.2205734253,21817,21827,10
12.7863998413,80.2204437256,21827,21837,10
12.7859601974,80.2202529907,21837,21847,10
12.7852802277,80.2199478149,21847,21857,10
12.7846899033,80.2196807861,21857,21867,10
12.7846403122,80.2196502686,21867,21878,11
12.7845497131,80.2195663452,21878,21888,10
12.7840204239,80.2192382813,21888,21898,10
12.7832298279,80.2188034058,21898,21908,10
12.7822599411,80.2182617188,21908,21918,10
12.7811698914,80.217666626,21918,21928,10
12.7800397873,80.217048645,21928,21938,10
12.7788600922,80.2164230347,21938,21948,10
12.7776002884,80.2158203125,21948,21958,10
12.7762699127,80.2152786255,21958,21969,11
12.7748003006,80.2146835327,21969,21979,10
12.7734298706,80.2141265869,21979,21989,10
12.7720403671,80.2136001587,21989,21999,10
12.7708997726,80.213218689,21999,22009,10
12.7705602646,80.2131195068,22009,22019,10
12.7705202103,80.2131118774,22019,22029,10
12.7701396942,80.2129669189,22029,22039,10
12.7693996429,80.2126998901,22039,22049,10
12.7684001923,80.2123184204,22049,22060,11
12.7670497894,80.2118225098,22060,22070,10
12.7657299042,80.2113418579,22070,22080,10
12.7643604279,80.2108535767,22080,22090,10
12.7630195618,80.2103424072,22090,22100,10
12.7616996765,80.2098007202,22100,22110,10
12.7604598999,80.2092208862,22110,22120,10
12.75963974,80.2087936401,22120,22130,10
12.7594499588,80.2086868286,22130,22140,10
12.7589502335,80.2083969116,22140,22150,10
12.7581396103,80.2079467773,22150,22161,11
12.7570199966,80.2073287964,22161,22171,10
12.7559204102,80.2067337036,22171,22181,10
12.7547903061,80.2061004639,22181,22191,10
12.7536497116,80.2054824829,22191,22201,10
12.7524995804,80.2048721313,22201,22211,10
12.751540184,80.2043762207,22211,22221,10
12.7513999939,80.2043075562,22221,22231,10
12.7512798309,80.204246521,22231,22241,10
12.7508001328,80.2039871216,22241,22252,11
12.7499103546,80.2035293579,22252,22262,10
12.7488603592,80.2029724121,22262,22272,10
12.7476701736,80.2023468018,22272,22282,10
12.7464504242,80.2017211914,22282,22292,10
12.7452297211,80.2010879517,22292,22302,10
12.7441797256,80.2002563477,22302,22312,10
12.7438402176,80.1998977661,22312,22322,10
12.7434196472,80.1994018555,22322,22332,10
12.7427501678,80.1986236572,22332,22343,11
12.741900444,80.1975479126,22343,22353,10
12.7411603928,80.1964874268,22353,22363,10
12.74036026,80.1953811646,22363,22379,16
12.7390804291,80.193611145,22379,22391,12
12.7379798889,80.1922683716,22391,22401,10
12.7369699478,80.1912689209,22401,22411,10
12.7361402512,80.1904678345,22411,22421,10
12.7359895706,80.1903305054,22421,22431,10
12.7356901169,80.1900405884,22431,22442,11
12.7348804474,80.1896514893,22442,22452,10
12.7338199615,80.1895217896,22452,22462,10
12.7326898575,80.1893692017,22462,22472,10
12.7316904068,80.1891708374,22472,22482,10
12.7308101654,80.1890792847,22482,22492,10
12.730099678,80.1890182495,22492,22502,10
12.7294502258,80.1889724731,22502,22512,10
12.7286100388,80.1888427734,22512,22522,10
12.7274904251,80.1884994507,22522,22533,11
12.7261400223,80.1882019043,22533,22543,10
12.7252597809,80.1880569458,22543,22553,10
12.7249898911,80.1880187988,22553,22563,10
12.7248096466,80.1879806519,22563,22573,10
12.7242097855,80.1878585815,22573,22583,10
12.7235403061,80.1876602173,22583,22593,10
12.7229099274,80.1875076294,22593,22603,10
12.7222795486,80.1875686646,22603,22624,21
12.7222795486,80.1875686646,22624,22634,10
12.7221403122,80.1877670288,22634,22644,10
12.7221002579,80.1875305176,22644,24051,1407
12.7221002579,80.1875305176,24051,24061,10
12.7223501205,80.1873168945,24061,24071,10
12.722869873,80.1874694824,24071,24081,10
12.7234401703,80.1876220703,24081,24092,11
12.7240695953,80.1878128052,24092,24102,10
12.7247104645,80.1879501343,24102,24112,10
12.725279808,80.1880493164,24112,24122,10
12.7260103226,80.1881713867,24122,24132,10
12.7268104553,80.1883163452,24132,24142,10
12.7276296616,80.1885299683,24142,24152,10
12.7285404205,80.1888122559,24152,24162,10
12.7295103073,80.1889572144,24162,24183,21
12.7295103073,80.1889572144,24183,24193,10
12.72976017,80.1889724731,24193,24203,10
12.7302904129,80.1890335083,24203,24213,10
12.7310495377,80.1891098022,24213,24223,10
12.7320203781,80.189239502,24223,24233,10
12.7331495285,80.1894073486,24233,24243,10
12.7343196869,80.1895217896,24243,24253,10
12.7355203629,80.1898193359,24253,24263,10
12.7364196777,80.1906204224,24263,24274,11
12.7375898361,80.1917877197,24274,24284,10
12.7386302948,80.1928863525,24284,24294,10
12.7396202087,80.194229126,24294,24304,10
12.7406101227,80.1956100464,24304,24314,10
12.7415399551,80.1968688965,24314,24324,10
12.7419500351,80.1974411011,24324,24334,10
12.7421102524,80.1976699829,24334,24344,10
12.7425699234,80.1982421875,24344,24354,10
12.7432603836,80.1990432739,24354,24365,11
12.7441301346,80.2000427246,24365,24375,10
12.7444295883,80.2003707886,24375,24385,10
12.7447500229,80.2006835938,24385,24395,10
12.745470047,80.2011489868,24395,24405,10
12.7464704514,80.2016830444,24405,24415,10
12.7476997375,80.2023162842,24415,24425,10
12.7490701675,80.2030181885,24425,24435,10
12.750459671,80.2037277222,24435,24445,10
12.7517404556,80.2043991089,24445,24456,11
12.7532901764,80.2052001953,24456,24466,10
12.7547397614,80.2059783936,24466,24476,10
12.7562398911,80.2068023682,24476,24486,10
12.7577400208,80.2076416016,24486,24496,10
12.7592096329,80.2084197998,24496,24506,10
12.7600898743,80.2088928223,24506,24516,10
12.7602500916,80.2089767456,24516,24526,10
12.7607498169,80.2092590332,24526,24536,10
12.7616195679,80.2096786499,24536,24546,10
12.7627601624,80.2101593018,24546,24557,11
12.7641000748,80.2106704712,24557,24567,10
12.76541996,80.211151123,24567,24577,10
12.76679039,80.2116394043,24577,24587,10
12.7681798935,80.2121505737,24587,24597,10
12.7695302963,80.212638855,24597,24607,10
12.7707195282,80.2130584717,24607,24617,10
12.7711000443,80.2131881714,24617,24627,10
12.7716197968,80.2134017944,24627,24637,10
12.7725296021,80.2137374878,24637,24648,11
12.7737598419,80.2142105103,24648,24658,10
12.7750396729,80.2147216797,24658,24668,10
12.7763900757,80.2152786255,24668,24678,10
12.7777996063,80.2158508301,24678,24688,10
12.7792196274,80.2165527344,24688,24698,10
12.7806596756,80.2173233032,24698,24708,10
12.7821102142,80.2181091309,24708,24718,10
12.7833795547,80.2188110352,24718,24728,10
12.7843399048,80.2193603516,24728,24739,11
12.7852201462,80.219833374,24739,24749,10
12.785900116,80.2201919556,24749,24759,10
12.7864599228,80.220413208,24759,24789,30
12.7864599228,80.220413208,24789,24799,10
12.7867603302,80.2205429077,24799,24809,10
12.7873296738,80.2207565308,24809,24819,10
12.7881202698,80.2210617065,24819,24830,11
12.7891998291,80.2214813232,24830,24840,10
12.7898597717,80.2216796875,24840,24850,10
12.7902202606,80.2217712402,24850,24860,10
12.7910003662,80.2219619751,24860,24870,10
12.7919998169,80.2222137451,24870,24880,10
12.7931995392,80.2224578857,24880,24890,10
12.7944803238,80.2226486206,24890,24900,10
12.79570961,80.2228622437,24900,24910,10
12.7964401245,80.2229614258,24910,24921,11
12.796500206,80.2229919434,24921,24931,10
12.7969102859,80.2230606079,24931,24941,10
12.7976198196,80.2231903076,24941,24951,10
12.7982797623,80.2232666016,24951,24961,10
12.7987604141,80.2233123779,24961,24971,10
12.799079895,80.2233276367,24971,24981,10
12.7993001938,80.2233581543,24981,24991,10
12.7996397018,80.2233963013,24991,25001,10
12.8004398346,80.2234725952,25001,25011,10
12.8013401031,80.2235488892,25011,25022,11
12.8014497757,80.2235565186,25022,25032,10
12.8016796112,80.2235794067,25032,25042,10
12.8023796082,80.2236709595,25042,25052,10
12.8031997681,80.223777771,25052,25062,10
12.8041296005,80.2238616943,25062,25072,10
12.8050003052,80.2239608765,25072,25082,10
12.8055200577,80.2240982056,25082,25092,10
12.8055400848,80.2240982056,25092,25102,10
12.8057899475,80.224281311,25102,25113,11
12.8062801361,80.2247009277,25113,25123,10
12.8069200516,80.2252807617,25123,25133,10
12.80768013,80.2259521484,25133,25143,10
12.8086099625,80.2267303467,25143,25153,10
12.8097600937,80.2275085449,25153,25163,10
12.8111696243,80.2281036377,25163,25173,10
12.8126401901,80.2286300659,25173,25183,10
12.814160347,80.2291183472,25183,25193,10
12.8157300949,80.2293701172,25193,25204,11
12.8174200058,80.2297515869,25204,25214,10
12.8186197281,80.2303009033,25214,25224,10
12.8196401596,80.2304534912,25224,25234,10
12.8197898865,80.2304534912,25234,25244,10
12.8200101852,80.2304382324,25244,25254,10
12.8206996918,80.2304229736,25254,25264,10
12.8217096329,80.2304763794,25264,25274,10
12.8228397369,80.2307815552,25274,25284,10
12.8240003586,80.2311172485,25284,25295,11
12.8253602982,80.2313766479,25295,25305,10
12.8267002106,80.231300354,25305,25315,10
12.8279399872,80.230796814,25315,25325,10
12.8291702271,80.2301177979,25325,25335,10
12.8304195404,80.2296066284,25335,25345,10
12.8310604095,80.2293395996,25345,25355,10
12.8310699463,80.2293395996,25355,25365,10
12.8313503265,80.2292480469,25365,25375,10
12.8319797516,80.2290802002,25375,25386,11
12.8330402374,80.2288970947,25386,25396,10
12.8342599869,80.2286911011,25396,25406,10
12.8356199265,80.2284698486,25406,25416,10
12.8369903564,80.2282714844,25416,25426,10
12.8382396698,80.2280426025,25426,25436,10
12.839099884,80.2278137207,25436,25446,10
12.8394603729,80.2277069092,25446,25456,10
12.839679718,80.2276535034,25456,25466,10
12.8402099609,80.2275009155,25466,25476,10
12.8410797119,80.2272567749,25476,25487,11
12.8422403336,80.2269592285,25487,25497,10
12.8433599472,80.2267608643,25497,25513,16
12.8452301025,80.2265396118,25513,25535,22
12.8452301025,80.2265396118,25535,25545,10
12.8455200195,80.2265472412,25545,25555,10
12.8462600708,80.2265396118,25555,25566,11
12.8473997116,80.2265396118,25566,25576,10
12.8486204147,80.2265396118,25576,25585,9
12.8497800827,80.2265319824,25585,25596,11
12.8512601852,80.2265777588,25596,25606,10
12.8526096344,80.2266311646,25606,25616,10
12.8540201187,80.2265625,25616,25626,10
12.8555698395,80.2263793945,25626,25636,10
12.8571596146,80.2262191772,25636,25646,10
12.8585300446,80.2261886597,25646,25656,10
12.859919548,80.2263717651,25656,25667,11
12.8608102798,80.2264785767,25667,25677,10
12.8608503342,80.2265014648,25677,25687,10
12.8613004684,80.2265625,25687,25697,10
12.8622398376,80.2265167236,25697,25707,10
12.8634500504,80.2264709473,25707,25717,10
12.864780426,80.2265319824,25717,25727,10
12.866060257,80.2265319824,25727,25737,10
12.8674097061,80.2264099121,25737,25747,10
12.8686304092,80.226348877,25747,25757,10
12.8699798584,80.2264862061,25757,25768,11
12.8716201782,80.2266082764,25768,25778,10
12.872879982,80.2266387939,25778,25788,10
12.8742399216,80.2267074585,25788,25798,10
12.8756198883,80.2268829346,25798,25808,10
12.8767299652,80.2268600464,25808,25828,20
12.8767299652,80.2268600464,25828,25838,10
12.8769702911,80.226852417,25838,25848,10
12.877699852,80.2267990112,25848,25859,11
12.878780365,80.2267227173,25859,25869,10
12.879989624,80.2266769409,25869,25879,10
12.8812503815,80.2266616821,25879,25889,10
12.8824300766,80.2266464233,25889,25899,10
12.8838300705,80.2266387939,25899,25909,10
12.884929657,80.2266235352,25909,25919,10
12.8852396011,80.2266387939,25919,25929,10
12.8854103088,80.2266693115,25929,25939,10
12.8859796524,80.2268218994,25939,25950,11
12.8869400024,80.2270812988,25950,25960,10
12.8880195618,80.2272567749,25960,25970,10
12.889289856,80.2273025513,25970,25980,10
12.8903903961,80.2273025513,25980,25990,10
12.8919200897,80.2272872925,25990,26000,10
12.8927402496,80.2273635864,26000,26010,10
12.8937902451,80.2275238037,26010,26020,10
12.8951196671,80.2276000977,26020,26030,10
12.8965196609,80.2276611328,26030,26041,11
12.8980798721,80.2277374268,26041,26051,10
12.8993797302,80.2277984619,26051,26061,10
12.9007196426,80.2278289795,26061,26101,40
12.9007196426,80.2278289795,26101,26111,10
12.9008398056,80.2278289795,26111,26121,10
12.9012098312,80.2278823853,26121,26131,10
12.9018096924,80.2279281616,26131,26142,11
12.9024400711,80.2279510498,26142,26160,18
12.9024896622,80.2279510498,26160,26172,12
12.9025802612,80.2279510498,26172,26181,9
12.9028596878,80.2279663086,26181,26193,12
12.9036102295,80.2280197144,26193,26203,10
12.9044799805,80.2280578613,26203,26213,10
12.9055204391,80.2281188965,26213,26223,10
12.9064302444,80.2281570435,26223,26234,11
12.9069404602,80.2282180786,26234,26244,10
12.9070997238,80.2282562256,26244,26254,10
12.9078998566,80.2283782959,26254,26264,10
12.9089002609,80.2285614014,26264,26274,10
12.9104795456,80.2287979126,26274,26284,10
12.9119796753,80.2290115356,26284,26294,10
12.9136295319,80.2292175293,26294,26314,20
12.9136295319,80.2292175293,26314,26325,11
12.913769722,80.2292785645,26325,26335,10
12.9143199921,80.2293624878,26335,26345,10
12.9152698517,80.2294921875,26345,26355,10
12.9165401459,80.229637146,26355,26365,10
12.9180603027,80.2298278809,26365,26375,10
12.9193496704,80.2300109863,26375,26385,10
12.9206104279,80.2302017212,26385,26395,10
12.922129631,80.2304000854,26395,26405,10
12.9236497879,80.2306137085,26405,26416,11
12.9252500534,80.230796814,26416,26426,10
12.9263401031,80.2309188843,26426,26436,10
12.9264698029,80.2309265137,26436,26446,10
12.92689991,80.2309875488,26446,26456,10
12.9277296066,80.231086731,26456,26466,10
12.9286603928,80.2312393188,26466,26476,10
12.9298200607,80.2314910889,26476,26492,16
12.932009697,80.232131958,26492,26504,12
12.9333200455,80.2325897217,26504,26515,11
12.9337100983,80.232749939,26515,26525,10
12.9339199066,80.2328567505,26525,26534,9
12.9344902039,80.2331237793,26534,26545,11
12.9354600906,80.2335586548,26545,26555,10
12.9363803864,80.2340011597,26555,26564,9
12.9375896454,80.2345733643,26564,26574,10
12.9387702942,80.2351608276,26574,26585,11
12.9396095276,80.2355804443,26585,26595,10
12.9397296906,80.2356414795,26595,26606,11
12.940079689,80.2357788086,26606,26616,10
12.9408302307,80.2360076904,26616,26626,10
12.941860199,80.2362823486,26626,26636,10
12.9430303574,80.2367401123,26636,26646,10
12.9440002441,80.237701416,26646,26656,10
12.9447803497,80.2385482788,26656,26666,10
12.9461402893,80.2395019531,26666,26676,10
12.9471302032,80.2398910522,26676,26686,10
12.9473600388,80.239982605,26686,26697,11
12.9476995468,80.2401275635,26697,26707,10
12.9486198425,80.2405090332,26707,26727,20
12.9486198425,80.2405090332,26727,26737,10
12.9489202499,80.2406234741,26737,26747,10
12.9495201111,80.240852356,26747,26757,10
12.9502801895,80.2410736084,26757,26767,10
12.9508199692,80.2412261963,26767,26777,10
12.9508600235,80.2412490845,26777,26788,11
12.9510097504,80.241317749,26788,26798,10
12.9516296387,80.2415390015,26798,26808,10
12.9525098801,80.2418518066,26808,26818,10
12.9535398483,80.2422485352,26818,26828,10
12.9542503357,80.2425537109,26828,26838,10
12.9551401138,80.2428970337,26838,26848,10
12.9557800293,80.2431182861,26848,26858,10
12.9560003281,80.2432022095,26858,26868,10
12.9561595917,80.2432632446,26868,26879,11
12.9563398361,80.2433166504,26879,26889,10
12.9563398361,80.2433166504,26889,26899,10
12.9564800262,80.2433776855,26899,26909,10
12.9570398331,80.243637085,26909,26919,10
12.9578800201,80.2440185547,26919,26929,10
12.9587602615,80.2443466187,26929,26939,10
12.9588899612,80.2444076538,26939,26949,10
12.9592599869,80.2445831299,26949,26960,11
12.9600400925,80.2449417114,26960,26971,11
12.9610996246,80.2454376221,26971,26981,10
12.9622402191,80.2460021973,26981,26991,10
12.9634799957,80.24659729,26991,27062,71
12.9634799957,80.24659729,27062,27072,10
12.9636802673,80.2467193604,27072,27082,10
12.9643096924,80.2469711304,27082,27092,10
12.9652299881,80.2472915649,27092,27102,10
12.9663200378,80.2476882935,27102,27112,10
12.9666996002,80.2478485107,27112,27122,10
12.9667797089,80.2478866577,27122,27133,11
12.9669704437,80.248008728,27133,27143,10
12.9673595428,80.2482376099,27143,27153,10
12.9682302475,80.2485961914,27153,27164,11
12.9694700241,80.2490768433,27164,27174,10
12.9707298279,80.2495574951,27174,27184,10
12.9721002579,80.2499389648,27184,27194,10
12.9734802246,80.2502975464,27194,27204,10
12.9748601913,80.2506790161,27204,27214,10
12.9762001038,80.2510910034,27214,27224,10
12.9774303436,80.2515182495,27224,27234,10
12.9783601761,80.2522201538,27234,27245,11
12.9786500931,80.2523803711,27245,27255,10
12.9787597656,80.2524337769,27255,27265,10
12.9796199799,80.252571106,27265,27285,20
12.9796199799,80.252571106,27285,27295,10
12.9796495438,80.2525863647,27295,27305,10
12.9800100327,80.2526321411,27305,27315,10
12.9806604385,80.2526397705,27315,27325,10
12.9815301895,80.2526016235,27325,27335,10
12.9826002121,80.252571106,27335,27346,11
12.9839000702,80.2523803711,27346,27356,10
12.9850502014,80.2520828247,27356,27366,10
12.9861402512,80.251739502,27366,27386,20
12.9861402512,80.251739502,27386,27396,10
12.9864702225,80.2516479492,27396,27406,10
12.9869699478,80.2515182495,27406,27416,10
12.9873695374,80.2514038086,27416,27426,10
12.9878501892,80.2512969971,27426,27437,11
12.9888000488,80.2510528564,27437,27447,10
12.9894399643,80.250869751,27447,27457,10
12.9894399643,80.2508773804,27457,27467,10
12.9897003174,80.2508621216,27467,27477,10
12.9904403687,80.2506790161,27477,27487,10
12.9914798737,80.2504196167,27487,27497,10
12.9927797318,80.2500991821,27497,27507,10
12.9942398071,80.2497329712,27507,27517,10
12.9956598282,80.2493667603,27517,27528,11
12.9966897964,80.2490615845,27528,27538,10
12.9967699051,80.2490463257,27538,27548,10
12.9970998764,80.2489776611,27548,27558,10
12.9978504181,80.2488021851,27558,27568,10
12.9989204407,80.2485427856,27568,27578,10
13.0001497269,80.2482299805,27578,27588,10
13.0013799667,80.2479324341,27588,27598,10
13.0020399094,80.2477798462,27598,27608,10
13.0027103424,80.2476119995,27608,27619,11
13.0038204193,80.247428894,27619,27629,10
13.0050201416,80.2472686768,27629,27639,10
13.0060300827,80.2469863892,27639,27649,10
13.0064096451,80.2466430664,27649,27659,10
13.0064201355,80.2466430664,27659,27669,10
13.0065698624,80.2462692261,27669,27679,10
13.0066299438,80.2455596924,27679,27689,10
13.006649971,80.2446136475,27689,27699,10
13.0066204071,80.2435379028,27699,27709,10
13.0065803528,80.2423629761,27709,27720,11
13.0066204071,80.2411422729,27720,27730,10
13.0067300797,80.2406005859,27730,27740,10
13.0067396164,80.240562439,27740,27756,16
13.0068998337,80.2396011353,27756,27768,12
13.0071201324,80.2384185791,27768,27778,10
13.0073404312,80.2373962402,27778,27788,10
13.0073795319,80.2369384766,27788,27798,10
13.0073795319,80.2368621826,27798,27809,11
13.0075302124,80.236328125,27809,27819,10
13.0076999664,80.2354812622,27819,27829,10
13.0079298019,80.2344436646,27829,27839,10
13.0081996918,80.2331390381,27839,27849,10
13.0084695816,80.2317123413,27849,27859,10
13.0087900162,80.2300567627,27859,27869,10
13.009059906,80.2286987305,27869,27879,10
13.0097398758,80.2268676758,27879,27889,10
13.0103397369,80.2255935669,27889,27899,10
13.0107498169,80.2247619629,27899,27910,11
13.0110502243,80.2241821289,27910,27920,10
13.0113401413,80.2234802246,27920,27930,10
13.0116300583,80.2227783203,27930,27940,10
13.0119104385,80.2220611572,27940,27950,10
13.0122404099,80.2215118408,27950,27960,10
13.0124998093,80.221786499,27960,27970,10
13.0129499435,80.2223510742,27970,27980,10
13.0135002136,80.2229232788,27980,27990,10
13.0141000748,80.2235794067,27990,28001,11
13.0147104263,80.2242202759,28001,28011,10
13.0154695511,80.224899292,28011,28031,20
13.0154695511,80.224899292,28031,28047,16
13.0157604218,80.2251586914,28047,28059,12
13.0167398453,80.2252197266,28059,28069,10
13.0178699493,80.2247924805,28069,28079,10
13.0189800262,80.2243804932,28079,28090,11
13.0198602676,80.2246170044,28090,28100,10
13.0207901001,80.2252883911,28100,28110,10
13.0214796066,80.2257995605,28110,28120,10
13.0220804214,80.2262573242,28120,28130,10
13.0225000381,80.226600647,28130,28150,20
13.0225000381,80.226600647,28150,28159,9
13.022649765,80.2267303467,28159,28169,10
13.0231304169,80.227180481,28169,28181,12
13.0238704681,80.2278823853,28181,28191,10
13.0242996216,80.2284164429,28191,28201,10
13.0244703293,80.2286529541,28201,28211,10
13.0249204636,80.2292327881,28211,28221,10
13.02546978,80.2299575806,28221,28231,10
13.0258598328,80.2307281494,28231,28241,10
13.0262002945,80.2318572998,28241,28251,10
13.0264797211,80.232749939,28251,28261,10
13.0268096924,80.2333068848,28261,28272,11
13.027299881,80.2341308594,28272,28282,10
13.0277500153,80.2349624634,28282,28292,10
13.0282897949,80.2357406616,28292,28302,10
13.028960228,80.2364807129,28302,28312,10
13.029589653,80.237159729,28312,28322,10
13.0298900604,80.2375030518,28322,28332,10
13.0300502777,80.2378311157,28332,28342,10
13.0304203033,80.2384262085,28342,28352,10
13.0308198929,80.2389984131,28352,28363,11
13.0310697556,80.239440918,28363,28373,10
13.0311603546,80.2396774292,28373,28383,10
13.031370163,80.2400436401,28383,28393,10
13.0314502716,80.2406005859,28393,28403,10
13.0317201614,80.2412719727,28403,28413,10
13.0320796967,80.2420196533,28413,28423,10
13.0326004028,80.2426223755,28423,28433,10
13.0334100723,80.2436904907,28433,28443,10
13.034040451,80.2445831299,28443,28453,10
13.0346803665,80.2453765869,28453,28464,11
13.0353298187,80.2459793091,28464,28474,10
13.0358400345,80.2461624146,28474,28494,20
13.0358400345,80.2461624146,28494,28504,10
13.0359802246,80.2462921143,28504,28514,10
13.0365600586,80.2464370728,28514,28524,10
13.0372695923,80.2465209961,28524,28534,10
13.0378799438,80.2464981079,28534,28545,11
13.039059639,80.2468414307,28545,28605,60
13.039059639,80.2468414307,28605,28615,10
13.0395097733,80.2469177246,28615,28625,10
13.0402698517,80.2470703125,28625,28635,10
13.0412797928,80.2472610474,28635,28646,11
13.0423202515,80.2474975586,28646,28656,10
13.0431203842,80.2477798462,28656,28666,10
13.0439300537,80.2478027344,28666,28676,10
13.0446300507,80.2479095459,28676,28686,10
13.0452604294,80.2481994629,28686,28696,10
13.0460700989,80.2484970093,28696,28706,10
13.0468902588,80.2484130859,28706,28716,10
13.0469999313,80.2484283447,28716,28726,10
13.0470399857,80.2484436035,28726,28737,11
13.0474500656,80.2486419678,28737,28747,10
13.0480298996,80.2491836548,28747,28757,10
13.0486698151,80.2496414185,28757,28767,10
13.0495300293,80.2497787476,28767,28777,10
13.0505800247,80.25,28777,28793,16
13.0521001816,80.2507019043,28793,28805,12
13.0529499054,80.2518081665,28805,28815,10
13.0536003113,80.2526779175,28815,28825,10
13.0541696548,80.2534790039,28825,28836,11
13.0549497604,80.2544937134,28836,28846,10
13.0556201935,80.2554016113,28846,28856,10
13.0562496185,80.2562332153,28856,28865,9
13.0569000244,80.2568664551,28865,28876,11
13.0578098297,80.2576828003,28876,28886,10
13.0584697723,80.2584609985,28886,28896,10
13.0591201782,80.2593002319,28896,28906,10
13.0595903397,80.260017395,28906,28917,11
13.0602998734,80.2606964111,28917,28927,10
13.0607700348,80.2612380981,28927,28937,10
13.0607795715,80.2612686157,28937,28947,10
13.060839653,80.261428833,28947,28957,10
13.0612401962,80.2618865967,28957,28967,10
13.0617599487,80.2625427246,28967,28977,10
13.0624704361,80.263420105,28977,28987,10
13.0632200241,80.2643508911,28987,28997,10
13.0637702942,80.2652206421,28997,29008,11
13.0642995834,80.2658996582,29008,29017,9
13.0647602081,80.266456604,29017,29028,11
13.0652503967,80.2669677734,29028,29038,10
13.0657100677,80.2673416138,29038,29048,10
13.0658197403,80.2674789429,29048,29058,10
13.0658998489,80.267616272,29058,29068,10
13.066280365,80.268119812,29068,29078,10
13.0669002533,80.2685623169,29078,29088,10
13.0676498413,80.2690505981,29088,29098,10
13.0681800842,80.2693862915,29098,29109,11
13.0682697296,80.2696380615,29109,29118,9
13.0682096481,80.2702636719,29118,29129,11
13.0681400299,80.2712020874,29129,29139,10
13.068570137,80.2717514038,29139,29149,10
13.0692195892,80.2720794678,29149,29159,10
13.0698099136,80.2726974487,29159,29169,10
13.0704298019,80.2734222412,29169,29179,10
13.0710601807,80.2740097046,29179,29189,10
13.0712003708,80.2740478516,29189,29200,11
13.0718402863,80.2743911743,29200,29210,10
13.0724802017,80.2750473022,29210,29220,10
13.0732498169,80.2759017944,29220,29230,10
13.0741701126,80.2763366699,29230,29240,10
13.0752000809,80.2763214111,29240,29250,10
13.0758304596,80.2762527466,29250,29260,10
13.0759601593,80.2762298584,29260,29270,10
13.0762701035,80.276260376,29270,29280,10
13.0769796371,80.2762298584,29280,29290,10
13.07791996,80.2761611938,29290,29301,11
13.0784196854,80.2753219604,29301,29311,10
13.0792999268,80.2751998901,29311,29321,10
13.0803203583,80.2752380371,29321,29331,10
13.0810804367,80.2751617432,29331,29341,10
13.0811796188,80.2751464844,29341,29349,8
13.0812196732,80.2751617432,29349,29361,12
13.0817804337,80.275177002,29361,29371,10
13.0819797516,80.2752685547,29371,29381,10
13.0820798874,80.275428772,29381,29391,10
13.082110405,80.2757263184,29391,30919,1528
13.082110405,80.2757263184,30919,30930,11
13.0821399689,80.2758102417,30930,30940,10
13.0819196701,80.2759780884,30940,30950,10
13.081870079,80.276260376,30950,30963,13
13.0819597244,80.2769699097,30963,30973,10
13.0820398331,80.2777175903,30973,30983,10
13.0824298859,80.2779998779,30983,30993,10
13.0830202103,80.2780380249,30993,31003,10
13.0833396912,80.2780838013,31003,31013,10
13.0834703445,80.2784576416,31013,31024,11
13.083439827,80.2789764404,31024,31034,10
13.0828695297,80.2787704468,31034,31044,10
13.0823802948,80.2785415649,31044,31095,51
13.0823802948,80.2785415649,31095,31105,10
13.0820398331,80.2783126831,31105,31115,10
13.0819196701,80.2775726318,31115,31126,11
13.0818300247,80.2766799927,31126,31136,10
13.0816602707,80.2760009766,31136,31146,10
13.0815696716,80.2757720947,31146,31189,43
13.0815696716,80.2757720947,31189,31199,10
13.0815696716,80.2755203247,31199,31209,10
13.0814800262,80.2752838135,31209,31220,11
13.0811004639,80.2752304077,31220,31230,10
13.0805902481,80.2752838135,31230,31240,10
13.0800695419,80.2753372192,31240,31250,10
13.0795602798,80.2753601074,31250,31260,10
13.0789804459,80.2752075195,31260,31270,10
13.0783395767,80.2754821777,31270,31280,10
13.0780200958,80.2761764526,31280,31290,10
13.0772399902,80.276260376,31290,31300,10
13.0764598846,80.2763290405,31300,31310,10
13.0756998062,80.2763519287,31310,31321,11
13.0747995377,80.2763824463,31321,31331,10
13.0739002228,80.2764587402,31331,31341,10
13.0732698441,80.2761688232,31341,31351,10
13.0728702545,80.2757720947,31351,31361,10
13.0726699829,80.2755279541,31361,31505,144
13.0726699829,80.2755279541,31505,31516,11
13.072520256,80.2753601074,31516,31526,10
13.072019577,80.274810791,31526,31546,20
13.072019577,80.274810791,31546,31556,10
13.071969986,80.2747573853,31556,31566,10
13.0716495514,80.274597168,31566,31576,10
13.0707998276,80.274307251,31576,31596,20
13.0707998276,80.274307251,31596,31607,11
13.0706596375,80.2741317749,31607,31616,9
13.0705003738,80.2737731934,31616,31628,12
13.0701599121,80.2732391357,31628,31638,10
13.0696802139,80.2726974487,31638,31648,10
13.0690898895,80.272102356,31648,31658,10
13.0683403015,80.2717514038,31658,31668,10
13.0680503845,80.2713623047,31668,31678,10
13.0679502487,80.2711791992,31678,31688,10
13.0676603317,80.2708282471,31688,31698,10
13.067029953,80.2702331543,31698,31709,11
13.0665302277,80.2695007324,31709,31720,11
13.0664196014,80.2687606812,31720,31729,9
13.0661201477,80.2681808472,31729,31741,12
13.0650901794,80.2676010132,31741,31761,20
13.0650901794,80.2676010132,31761,31771,10
13.0650396347,80.267578125,31771,31781,10
13.0645303726,80.2674636841,31781,31791,10
13.0638303757,80.2673416138,31791,31802,11
13.0628995895,80.2671890259,31802,31811,9
13.0622501373,80.2666320801,31811,31822,11
13.0615701675,80.2657318115,31822,31832,10
13.0609998703,80.2651901245,31832,31842,10
13.0603904724,80.2655029297,31842,31862,20
13.0603904724,80.2655029297,31862,31872,10
13.059969902,80.2656021118,31872,31882,10
13.0592803955,80.2655487061,31882,31893,11
13.0585403442,80.26537323,31893,31903,10
13.0585603714,80.2653274536,31903,31913,10
13.0583295822,80.265296936,31913,31923,10
13.0580797195,80.2648162842,31923,31933,10
13.0579395294,80.2639465332,31933,31943,10
13.0578203201,80.2629470825,31943,31953,10
13.05768013,80.2620620728,31953,31963,10
13.0575304031,80.2612991333,31963,31974,11
13.0573196411,80.2604598999,31974,31984,10
13.0570402145,80.2594833374,31984,31994,10
13.0567598343,80.2585220337,31994,32003,9
13.0566196442,80.2578430176,32003,32013,10
13.0564899445,80.2572479248,32013,32024,11
13.0564899445,80.2572174072,32024,32034,10
13.0564699173,80.2571487427,32034,32044,10
13.0564002991,80.2568893433,32044,32054,10
13.0562000275,80.2563705444,32054,32065,11
13.0557098389,80.2556610107,32065,32075,10
13.0551595688,80.2548980713,32075,32085,10
13.0544900894,80.2540206909,32085,32094,9
13.0538702011,80.2531890869,32094,32105,11
13.0533599854,80.2524490356,32105,32115,10
13.0528097153,80.2517089844,32115,32125,10
13.0522603989,80.2509765625,32125,32135,10
13.0515203476,80.2502975464,32135,32145,10
13.0504903793,80.2499694824,32145,32155,10
13.0495004654,80.2498016357,32155,32165,10
13.0486097336,80.2496871948,32165,32176,11
13.0477199554,80.2490768433,32176,32186,10
13.0471200943,80.2486801147,32186,32196,10
13.0469198227,80.2486572266,32196,32206,10
13.0468597412,80.248626709,32206,32216,10
13.0464401245,80.2485809326,32216,32226,10
13.0457000732,80.2483825684,32226,32236,10
13.0449199677,80.2480926514,32236,32246,10
13.0440797806,80.2479400635,32246,32257,11
13.0434799194,80.2478637695,32257,32267,10
13.0428600311,80.2477264404,32267,32277,10
13.0420999527,80.247543335,32277,32287,10
13.0414495468,80.2474212646,32287,32297,10
13.04047966,80.2472610474,32297,32307,10
13.0396604538,80.2471008301,32307,32357,50
13.0396604538,80.2471008301,32357,32367,10
13.039440155,80.246963501,32367,32378,11
13.0387096405,80.2467803955,32378,32388,10
13.0381498337,80.246711731,32388,32398,10
13.0376996994,80.2466583252,32398,32408,10
13.0373096466,80.24659729,32408,32418,10
13.036860466,80.2465362549,32418,32439,21
13.036860466,80.2465362549,32439,32449,10
13.0365600586,80.2464294434,32449,32459,10
13.0360603333,80.2463226318,32459,32469,10
13.0352602005,80.2460708618,32469,32489,20
13.0352602005,80.2460708618,32489,32499,10
13.0349702835,80.2458724976,32499,32509,10
13.0346498489,80.2454376221,32509,32518,9
13.0342702866,80.2449569702,32518,32529,11
13.0336103439,80.244178772,32529,32540,11
13.0328302383,80.2432174683,32540,32551,11
13.0322504044,80.2424087524,32551,32591,40
13.0322504044,80.2424087524,32591,32602,11
13.0321397781,80.2422714233,32602,32611,9
13.031999588,80.2420501709,32611,32622,11
13.0317201614,80.2414169312,32622,32733,111
13.0317201614,80.2414169312,32733,32743,10
13.0317802429,80.2413024902,32743,32753,10
13.0314998627,80.2408218384,32753,32763,10
13.0311803818,80.2402114868,32763,32854,91
13.0311803818,80.2402114868,32854,32865,11
13.0309495926,80.2397384644,32865,32874,9
13.0306196213,80.2390899658,32874,32885,11
13.0300598145,80.2380599976,32885,32895,10
13.0295000076,80.2371826172,32895,32905,10
13.0284996033,80.236076355,32905,32915,10
13.0276403427,80.2349395752,32915,32925,10
13.0269699097,80.2338180542,32925,32935,10
13.0263204575,80.2326812744,32935,32944,9
13.0261001587,80.2319107056,32944,32956,12
13.0259599686,80.2313232422,32956,32966,10
13.0256795883,80.2304763794,32966,32974,8
13.0251998901,80.2297821045,32974,32986,12
13.024720192,80.2291870117,32986,32996,10
13.0246601105,80.2291183472,32996,33006,10
13.0244197845,80.2287902832,33006,33016,10
13.0239601135,80.2282180786,33016,33026,10
13.0234003067,80.2276382446,33026,33057,31
13.0234003067,80.2276382446,33057,33067,10
13.0233697891,80.2275695801,33067,33077,10
13.0230703354,80.2272796631,33077,33087,10
13.0226402283,80.226852417,33087,33097,10
13.0221395493,80.2264022827,33097,33107,10
13.021490097,80.2258605957,33107,33117,10
13.0206604004,80.2252426147,33117,33127,10
13.0201597214,80.224899292,33127,33138,11
13.0201396942,80.2248916626,33138,33148,10
13.0200300217,80.224822998,33148,33157,9
13.019610405,80.224571228,33157,33168,11
13.018699646,80.2245178223,33168,33178,10
13.0177898407,80.224899292,33178,33188,10
13.0167999268,80.2253189087,33188,33197,9
13.0162000656,80.2255401611,33197,33208,11
13.0152597427,80.2258834839,33208,33218,10
13.0142297745,80.2263031006,33218,33238,20
13.0142297745,80.2263031006,33238,33249,11
13.0141096115,80.2263412476,33249,33259,10
13.0139799118,80.2263565063,33259,33269,10
13.0135602951,80.2265319824,33269,33279,10
13.0129098892,80.2267990112,33279,33289,10
13.0121002197,80.2271194458,33289,33299,10
13.0112304688,80.2274627686,33299,33309,10
13.0102996826,80.2278366089,33309,33320,11
13.0092897415,80.2283630371,33320,33330,10
13.0090703964,80.2292327881,33330,33340,10
13.008939743,80.2299423218,33340,33350,10
13.0088701248,80.2304000854,33350,33380,30
13.0087795258,80.2307815552,33380,33431,51
13.0087795258,80.2307815552,33431,33441,10
13.0087604523,80.2309265137,33441,33451,10
13.0086898804,80.2312164307,33451,33461,10
13.0086297989,80.231552124,33461,33471,10
13.0085601807,80.231880188,33471,33481,10
13.0085201263,80.2321929932,33481,33502,21
13.0085201263,80.2321929932,33502,33512,10
13.0084199905,80.2325973511,33512,33522,10
13.0084104538,80.2326889038,33522,33531,9
13.0083599091,80.232963562,33531,33542,11
13.0083198547,80.2334899902,33542,33643,101
13.0083198547,80.2334899902,33643,33653,10
13.0081796646,80.2338790894,33653,33663,10
13.0080900192,80.2342987061,33663,33673,10
13.0079498291,80.2349395752,33673,33683,10
13.0078496933,80.2355575562,33683,33694,11
13.0077495575,80.2360610962,33694,33704,10
13.0077199936,80.2361831665,33704,33714,10
13.0076704025,80.2364196777,33714,33724,10
13.0075998306,80.2367401123,33724,33734,10
13.007519722,80.2370986938,33734,33744,10
13.0074100494,80.2376174927,33744,33754,10
13.0073003769,80.238243103,33754,33835,81
13.0072202682,80.2386169434,33835,33876,41
13.0072202682,80.2386169434,33876,33886,10
13.0071802139,80.2388763428,33886,33896,10
13.0071201324,80.2393722534,33896,33906,10
13.0069904327,80.2400436401,33906,33916,10
13.0069198608,80.2403564453,33916,33926,10
13.0068798065,80.2406005859,33926,33936,10
13.0068101883,80.2410888672,33936,33946,10
13.0067901611,80.2418289185,33946,33956,10
13.0067901611,80.2425613403,33956,33966,10
13.0067596436,80.2429199219,33966,33977,11
13.0067596436,80.2429580688,33977,33987,10
13.0067501068,80.2431869507,33987,33997,10
13.0067501068,80.2437973022,33997,34057,60
13.0067501068,80.2437973022,34057,34068,11
13.0067195892,80.2443618774,34068,34078,10
13.0066900253,80.2447891235,34078,34088,10
13.0067100525,80.2451171875,34088,34098,10
13.0067300797,80.2455062866,34098,34107,9
13.0067501068,80.2460021973,34107,34128,21
13.0067501068,80.2460021973,34128,34138,10
13.0067596436,80.2463531494,34138,34159,21
13.0067596436,80.2463531494,34159,34169,10
13.0067796707,80.2467269897,34169,34189,20
13.0067796707,80.2467269897,34189,34199,10
13.0067796707,80.2469711304,34199,34209,10
13.0067195892,80.2473220825,34209,34219,10
13.006529808,80.2473907471,34219,34229,10
13.0064697266,80.2473831177,34229,34239,10
13.0062704086,80.2473602295,34239,34250,11
13.0059995651,80.2473526001,34250,34260,10
13.0055999756,80.2473220825,34260,34270,10
13.0047998428,80.2473602295,34270,34280,10
13.003780365,80.2474975586,34280,34290,10
13.0026903152,80.2476806641,34290,34300,10
13.0015697479,80.2479476929,34300,34310,10
13.0003595352,80.248260498,34310,34320,10
12.9991598129,80.248588562,34320,34330,10
12.9981002808,80.248878479,34330,34361,31
12.9981002808,80.248878479,34361,34371,10
12.9976797104,80.2489471436,34371,34381,10
12.9968700409,80.2491226196,34381,34391,10
12.9958000183,80.2493972778,34391,34401,10
12.9945402145,80.2497634888,34401,34411,10
12.9930801392,80.2501220703,34411,34421,10
12.9918403625,80.2504425049,34421,34431,10
12.9911298752,80.2506484985,34431,34482,51
12.9911298752,80.2506484985,34482,34492,10
12.9909801483,80.2506866455,34492,34502,10
12.990480423,80.250793457,34502,34512,10
12.989979744,80.2509002686,34512,34522,10
12.9896202087,80.2509765625,34522,34533,11
12.9893102646,80.2510528564,34533,34543,10
12.9888896942,80.2511520386,34543,34553,10
12.9884195328,80.2512893677,34553,34563,10
12.9880104065,80.2513809204,34563,34573,10
12.9877901077,80.2514266968,34573,34583,10
12.9874200821,80.2515182495,34583,34593,10
12.9866695404,80.251739502,34593,34603,10
12.9857397079,80.251953125,34603,34613,10
12.9846200943,80.2522506714,34613,34624,11
12.9832801819,80.2525787354,34624,34634,10
12.9821300507,80.2526626587,34634,34644,10
12.9812602997,80.2527008057,34644,34654,10
12.9809503555,80.2527236938,34654,34664,10
12.9808197021,80.2527389526,34664,34674,10
12.9806203842,80.2527389526,34674,34684,10
12.9801597595,80.2527694702,34684,34694,10
12.9795999527,80.2527236938,34694,34704,10
12.9789495468,80.2526397705,34704,34714,10
12.9786195755,80.2525634766,34714,34735,21
12.9786195755,80.2525634766,34735,34745,10
12.9785499573,80.252532959,34745,34755,10
12.978099823,80.2521972656,34755,34765,10
12.9773597717,80.2515716553,34765,34775,10
12.9762201309,80.2511367798,34775,34785,10
12.9749603271,80.2507629395,34785,34795,10
12.9738702774,80.2504501343,34795,34805,10
12.972869873,80.2501907349,34805,34816,11
12.9716997147,80.2498779297,34816,34826,10
12.9706296921,80.2495803833,34826,34836,10
12.969619751,80.2491989136,34836,34846,10
12.9686803818,80.2488021851,34846,34856,10
12.9677295685,80.2484207153,34856,34866,10
12.9669303894,80.248046875,34866,34876,10
12.9662599564,80.2477416992,34876,34886,10
12.9652795792,80.2474136353,34886,34927,41
12.9652795792,80.2474136353,34927,34937,10
12.9648895264,80.2472610474,34937,34947,10
12.9642400742,80.2470169067,34947,34957,10
12.9638595581,80.246887207,34957,34967,10
12.9633598328,80.2466201782,34967,34977,10
12.9624700546,80.2461929321,34977,34987,10
12.961520195,80.2457199097,34987,34998,11
12.9604701996,80.245300293,34998,35008,10
12.9596004486,80.2449111938,35008,35028,20
12.9596004486,80.2449111938,35028,35038,10
12.9593801498,80.2447280884,35038,35048,10
12.9586896896,80.244430542,35048,35058,10
12.9579000473,80.2441177368,35058,35068,10
12.957159996,80.2438812256,35068,35078,10
12.9567499161,80.2437515259,35078,35088,10
12.9566202164,80.2437133789,35088,35109,21
12.9566202164,80.2437133789,35109,35119,10
12.9564399719,80.2436523438,35119,35129,10
12.9562196732,80.2435684204,35129,35139,10
12.9555196762,80.2431793213,35139,35149,10
12.9545602798,80.242767334,35149,35159,10
12.9539604187,80.2425231934,35159,35169,10
12.9533004761,80.2422409058,35169,35179,10
12.9525995255,80.2419586182,35179,35190,11
12.9519195557,80.2417297363,35190,35200,10
12.9518699646,80.2417068481,35200,35210,10
12.9515304565,80.241569519,35210,35220,10
12.950750351,80.2413024902,35220,35230,10
12.9499998093,80.2410583496,35230,35311,81
12.9499998093,80.2410583496,35311,35321,10
12.9499998093,80.2410125732,35321,35331,10
12.9496002197,80.2409133911,35331,35341,10
12.9491195679,80.2407531738,35341,35351,10
12.9483604431,80.2404632568,35351,35361,10
12.9477796555,80.2402496338,35361,35371,10
12.947520256,80.2401580811,35371,35382,11
12.9473199844,80.2400588989,35382,35392,10
12.9471998215,80.240020752,35392,35402,10
12.9467201233,80.2398376465,35402,35412,10
12.9457902908,80.2394485474,35412,35422,10
12.9449796677,80.2388763428,35422,35432,10
12.944270134,80.2380905151,35432,35442,10
12.9435596466,80.2373275757,35442,35452,10
12.9429798126,80.2367782593,35452,35462,10
12.9420204163,80.2363586426,35462,35473,11
12.9406995773,80.2360305786,35473,35483,10
12.9397602081,80.2357635498,35483,35493,10
12.9396600723,80.2357025146,35493,35503,10
12.9395198822,80.2356262207,35503,35513,10
12.9393196106,80.2354202271,35513,35523,10
12.9379396439,80.2348403931,35523,35533,10
12.9370002747,80.2344207764,35533,35543,10
12.9362897873,80.2340927124,35543,35564,21
12.9362897873,80.2340927124,35564,35574,10
12.9361200333,80.2340011597,35574,35584,10
12.9357004166,80.2337799072,35584,35594,10
12.9348802567,80.2334213257,35594,35604,10
12.9339799881,80.2330093384,35604,35624,20
12.9339799881,80.2330093384,35624,35634,10
12.9338798523,80.2329025269,35634,35644,10
12.9334001541,80.2326812744,35644,35654,10
12.9324998856,80.2323608398,35654,35665,11
12.9312801361,80.2319488525,35665,35675,10
12.9303398132,80.2316894531,35675,35685,10
12.9298295975,80.2315292358,35685,35695,10
12.9294595718,80.2314605713,35695,35705,10
12.9291200638,80.2313995361,35705,35715,10
12.928850174,80.231338501,35715,35725,10
12.9281597137,80.2312011719,35725,35735,10
12.9271001816,80.2310562134,35735,35745,10
12.9260797501,80.2309799194,35745,35756,11
12.9260196686,80.2309799194,35756,35766,10
12.9259395599,80.2309265137,35766,35776,10
12.9253902435,80.2308578491,35776,35786,10
12.9244699478,80.230758667,35786,35796,10
12.9232902527,80.2305984497,35796,35806,10
12.9218997955,80.2303924561,35806,35816,10
12.920419693,80.2302017212,35816,35826,10
12.9190998077,80.2300262451,35826,35836,10
12.9179201126,80.2298812866,35836,35847,11
12.9164400101,80.2296829224,35847,35857,10
12.9150295258,80.2294769287,35857,35867,10
12.9133195877,80.2292861938,35867,35887,20
12.9133195877,80.2292861938,35887,35897,10
12.9132099152,80.2292480469,35897,35907,10
12.9126195908,80.2291488647,35907,35917,10
12.9116897583,80.2289886475,35917,35927,10
12.9105796814,80.228843689,35927,35938,11
12.9093399048,80.2286529541,35938,35948,10
12.9087495804,80.2285766602,35948,35958,10
12.9086399078,80.2285614014,35958,35968,10
12.9081802368,80.2284927368,35968,35978,10
12.9072303772,80.2283782959,35978,36079,101
12.9072303772,80.2283782959,36079,36089,10
12.906920433,80.2283401489,36089,36099,10
12.9063997269,80.2282791138,36099,36109,10
12.9056596756,80.2282333374,36109,36119,10
12.9053297043,80.2282714844,36119,36130,11
12.9048500061,80.2282562256,36130,36140,10
12.9043798447,80.2282104492,36140,36160,20
12.9043798447,80.2282104492,36160,36170,10
12.9042301178,80.2282028198,36170,36180,10
12.9037303925,80.228187561,36180,36190,10
12.902879715,80.2281570435,36190,36200,10
12.9020299911,80.2280807495,36200,36210,10
12.9016399384,80.2280502319,36210,36221,11
12.901140213,80.2280197144,36221,36231,10
12.9008398056,80.2279510498,36231,36241,10
12.9004297256,80.227897644,36241,36251,10
12.8999900818,80.2278594971,36251,36261,10
12.8995704651,80.2278671265,36261,36271,10
12.8993902206,80.2279510498,36271,36281,10
12.8991003036,80.2279205322,36281,36291,10
12.898440361,80.2278671265,36291,36322,31
12.898440361,80.2278671265,36322,36332,10
12.8980503082,80.2277984619,36332,36342,10
12.8972997665,80.2277526855,36342,36352,10
12.8963003159,80.2276992798,36352,36362,10
12.8950996399,80.2276611328,36362,36372,10
12.8940095901,80.2275924683,36372,36382,10
12.8935003281,80.2275772095,36382,36392,10
12.8934602737,80.2275772095,36392,36402,10
12.8932600021,80.2275238037,36402,36413,11
12.8927402496,80.2274398804,36413,36423,10
12.8920898438,80.2273788452,36423,36433,10
12.8911600113,80.2273330688,36433,36443,10
12.8902797699,80.2273330688,36443,36453,10
12.8893299103,80.2273330688,36453,36463,10
12.8883695602,80.2273101807,36463,36473,10
12.8874197006,80.2272186279,36473,36483,10
12.8863601685,80.2269973755,36483,36493,10
12.885430336,80.2267913818,36493,36504,11
12.884519577,80.2266769409,36504,36514,10
12.8835096359,80.2265777588,36514,36534,20
12.8835096359,80.2265777588,36534,36544,10
12.8830499649,80.2266998291,36544,36554,10
12.8817996979,80.2267074585,36554,36564,10
12.8804597855,80.2267303467,36564,36574,10
12.879119873,80.2267379761,36574,36584,10
12.877869606,80.226852417,36584,36595,11
12.8770599365,80.2269592285,36595,36605,10
12.8769397736,80.2269897461,36605,36615,10
12.8764696121,80.2269973755,36615,36625,10
12.8762998581,80.2270126343,36625,36635,10
12.8760700226,80.2269973755,36635,36645,10
12.8753900528,80.2269363403,36645,36655,10
12.8743600845,80.2268218994,36655,36665,10
12.8731803894,80.2267074585,36665,36675,10
12.8726596832,80.2267227173,36675,36686,11
12.8725204468,80.2267227173,36686,36696,10
12.8719100952,80.2266769409,36696,36706,10
12.8709402084,80.2266387939,36706,36716,10
12.869720459,80.2265090942,36716,36725,9
12.8683996201,80.2263793945,36725,36736,11
12.8668603897,80.2265090942,36736,36746,10
12.8650398254,80.226600647,36746,36756,10
12.8633003235,80.2265014648,36756,36766,10
12.8618803024,80.2265777588,36766,36776,10
12.8610601425,80.2266082764,36776,36787,11
12.861000061,80.226600647,36787,36797,10
12.8607797623,80.2265625,36797,36807,10
12.8600902557,80.2264709473,36807,36817,10
12.8590602875,80.2263183594,36817,36827,10
12.85779953,80.2262420654,36827,36837,10
12.8562803268,80.2263717651,36837,36847,10
12.854640007,80.2265396118,36847,36857,10
12.8529901505,80.2266998291,36857,36867,10
12.8514003754,80.2266464233,36867,36878,11
12.8498096466,80.2266387939,36878,36898,20
12.8498096466,80.2266387939,36898,36908,10
12.8494701385,80.2266235352,36908,36918,10
12.8486404419,80.2266082764,36918,36928,10
12.8474798203,80.226600647,36928,36938,10
12.8460597992,80.226600647,36938,36958,20
12.8460597992,80.226600647,36958,36969,11
12.8458795547,80.2265319824,36969,36979,10
12.8454799652,80.2265777588,36979,36999,20
12.8454799652,80.2265777588,36999,37009,10
12.8451004028,80.226600647,37009,37019,10
12.8444404602,80.2266464233,37019,37029,10
12.8436203003,80.2267837524,37029,37039,10
12.8426303864,80.2269821167,37039,37049,10
12.8414802551,80.2272796631,37049,37059,10
12.8408498764,80.2274627686,37059,37080,21
12.8406600952,80.2275009155,37080,37100,20
12.8406600952,80.2275009155,37100,37110,10
12.8403997421,80.2275619507,37110,37150,40
12.8403997421,80.2275619507,37150,37161,11
12.8402500153,80.2276229858,37161,37171,10
12.840180397,80.2276535034,37171,37181,10
12.8399400711,80.2277374268,37181,37211,30
12.8399400711,80.2277374268,37211,37221,10
12.8397903442,80.2277832031,37221,37231,10
12.839630127,80.2278213501,37231,37241,10
12.8391199112,80.2278594971,37241,37252,11
12.8381204605,80.2281036377,37252,37262,10
12.8368797302,80.2283325195,37262,37272,10
12.8354101181,80.2285614014,37272,37282,10
12.8338298798,80.2288131714,37282,37292,10
12.8324604034,80.2291030884,37292,37332,40
12.8324604034,80.2291030884,37332,37343,11
12.8324098587,80.2291030884,37343,37353,10
12.8320999146,80.2291412354,37353,37363,10
12.8319997787,80.2291564941,37363,37373,10
12.8316001892,80.2292480469,37373,37383,10
12.8308000565,80.2294998169,37383,37393,10
12.8296699524,80.2299423218,37393,37403,10
12.82833004,80.2305679321,37403,37413,10
12.8269796371,80.2312469482,37413,37423,10
12.8255195618,80.2314071655,37423,37433,10
12.8240203857,80.2312164307,37433,37444,11
12.8223104477,80.2307128906,37444,37454,10
12.8207597733,80.2304611206,37454,37464,10
12.8197402954,80.2304992676,37464,37474,10
12.8189296722,80.2304992676,37474,37484,10
12.8188295364,80.2304611206,37484,37494,10
12.8183002472,80.2302017212,37494,37504,10
12.8173398972,80.2297592163,37504,37514,10
12.8160200119,80.2294235229,37514,37524,10
12.8144798279,80.2291870117,37524,37535,11
12.8128700256,80.2287368774,37535,37545,10
12.8113298416,80.2282028198,37545,37555,10
12.8097496033,80.2275390625,37555,37565,10
12.8083200455,80.2265625,37565,37575,10
12.8071203232,80.2255477905,37575,37585,10
12.8063297272,80.2248382568,37585,37595,10
12.805560112,80.2241897583,37595,37605,10
12.8049297333,80.2240066528,37605,37615,10
12.8048801422,80.2239990234,37615,37626,11
12.8046197891,80.2239379883,37626,37636,10
12.8039798737,80.2238922119,37636,37646,10
12.8030900955,80.2238006592,37646,37656,10
12.8019695282,80.2236480713,37656,37666,10
12.8010101318,80.2235870361,37666,37676,10
12.8008804321,80.2235717773,37676,37686,10
12.8002996445,80.2235031128,37686,37696,10
12.7994499207,80.2234268188,37696,37706,10
12.7982501984,80.2233200073,37706,37716,10
12.7969398499,80.2230987549,37716,37727,11
12.7959003448,80.2229385376,37727,37737,10
12.7958803177,80.2229232788,37737,37747,10
12.7957696915,80.222869873,37747,37757,10
12.7952203751,80.2227935791,37757,37767,10
12.794260025,80.2226486206,37767,37777,10
12.7930603027,80.2224578857,37777,37793,16
12.7910804749,80.2220306396,37793,37805,12
12.7900495529,80.2217712402,37805,37815,10
12.7893104553,80.2215270996,37815,37826,11
12.7884502411,80.2212219238,37826,37836,10
12.7878398895,80.2210083008,37836,37846,10
12.7873802185,80.2208404541,37846,37856,10
12.7864599228,80.2205123901,37856,37885,29
12.7864599228,80.2205123901,37885,37896,11
12.7862100601,80.2203826904,37896,37957,61
12.7862100601,80.2203826904,37957,37967,10
12.7861700058,80.2206115723,37967,37977,10
12.786190033,80.2210617065,37977,37987,10
12.7862195969,80.2215118408,37987,37997,10
12.7862100601,80.2219314575,37997,38594,597
12.7862100601,80.2219314575,38594,38604,10
12.7862195969,80.2218093872,38604,38614,10
12.786190033,80.2215118408,38614,38624,10
12.7861700058,80.2212982178,38624,38634,10
12.7861700058,80.2209472656,38634,38644,10
12.7861700058,80.2204589844,38644,38654,10
12.786190033,80.2203826904,38654,38665,11
12.7864198685,80.2203826904,38665,38685,20
12.7864198685,80.2203826904,38685,38695,10
12.7865400314,80.2204208374,38695,38705,10
12.7869501114,80.2205886841,38705,38715,10
12.7876501083,80.2208404541,38715,38725,10
12.7884397507,80.2211608887,38725,38735,10
12.789270401,80.2214736938,38735,38745,10
12.7896795273,80.2216186523,38745,38756,11
12.7902498245,80.2217788696,38756,38766,10
12.7910203934,80.2219696045,38766,38776,10
12.7919597626,80.2221984863,38776,38786,10
12.793009758,80.2223968506,38786,38796,10
12.7941198349,80.2225723267,38796,38806,10
12.7952003479,80.2227401733,38806,38816,10
12.7962799072,80.2229003906,38816,38826,10
12.7964601517,80.2229385376,38826,38836,10
12.7966899872,80.2230072021,38836,38847,11
12.797369957,80.2231369019,38847,38857,10
12.7982196808,80.2232437134,38857,38867,10
12.7991504669,80.2233200073,38867,38877,10
12.8001699448,80.2234191895,38877,38893,16
12.8014802933,80.2235412598,38893,38905,12
12.8016901016,80.2235183716,38905,38915,10
12.802359581,80.2236480713,38915,38925,10
12.8031597137,80.2237701416,38925,38935,10
12.8040399551,80.2238464355,38935,38945,10
12.8047504425,80.2239227295,38945,38956,11
12.8055000305,80.224067688,38956,38966,10
12.8055496216,80.2240982056,38966,38976,10
12.8057098389,80.2242126465,38976,38986,10
12.8062200546,80.2246398926,38986,38996,10
12.8069601059,80.2253112793,38996,39006,10
12.8075799942,80.2258529663,39006,39016,10
12.8083000183,80.2264633179,39016,39026,10
12.8092498779,80.2272033691,39026,39037,11
12.8105201721,80.2278289795,39037,39047,10
12.8117904663,80.2283172607,39047,39057,10
12.8130397797,80.2287597656,39057,39067,10
12.8142499924,80.2291183472,39067,39077,10
12.8155403137,80.2293319702,39077,39087,10
12.8169298172,80.2295608521,39087,39097,10
12.8181200027,80.2300491333,39097,39107,10
12.819270134,80.230430603,39107,39117,10
12.8203001022,80.2304077148,39117,39128,11
12.8217697144,80.2304916382,39128,39138,10
12.8232603073,80.2309188843,39138,39148,10
12.8247804642,80.2312774658,39148,39158,10
12.8261098862,80.2313232422,39158,39168,10
12.8273000717,80.2310791016,39168,39178,10
12.8284397125,80.2304534912,39178,39188,10
12.8296003342,80.2299194336,39188,39198,10
12.8309202194,80.2293930054,39198,39218,20
12.8309202194,80.2293930054,39218,39229,11
12.8308897018,80.2294692993,39229,39239,10
12.8311901093,80.2294006348,39239,39249,10
12.8318996429,80.2291717529,39249,39259,10
12.8327198029,80.2289810181,39259,39269,10
12.8336801529,80.2287979126,39269,39279,10
12.8347597122,80.2285766602,39279,39289,10
12.8359699249,80.2283935547,39289,39299,10
12.8372802734,80.2282028198,39299,39309,10
12.8381996155,80.2279891968,39309,39320,11
12.8383703232,80.2279434204,39320,39330,10
12.83852005,80.227897644,39330,39350,20
12.8387098312,80.2278366089,39350,39380,30
12.8388900757,80.2277984619,39380,39489,109
12.8388900757,80.2277984619,39489,39499,10
12.8392601013,80.2276535034,39499,39520,21
12.8392601013,80.2276535034,39520,39530,10
12.8395996094,80.2275390625,39530,39540,10
12.8401498795,80.2274627686,39540,39550,10
12.8408899307,80.2273025513,39550,39560,10
12.8419399261,80.2270202637,39560,39570,10
12.8431797028,80.2267990112,39570,39580,10
12.8444499969,80.2265777588,39580,39590,10
12.8452701569,80.2265319824,39590,39601,11
12.8455600739,80.2265014648,39601,39611,10
12.8456497192,80.2265090942,39611,39621,10
12.8461704254,80.2265090942,39621,39631,10
12.8470401764,80.2264862061,39631,39641,10
12.8480997086,80.2265167236,39641,39651,10
12.8494300842,80.2265090942,39651,39661,10
12.850859642,80.2265167236,39661,39671,10
12.8523702621,80.2265930176,39671,39681,10
12.8540096283,80.2265396118,39681,39691,10
12.8557500839,80.2263565063,39691,39702,11
12.8577203751,80.2261581421,39702,39712,10
12.8593597412,80.2262573242,39712,39722,10
12.8607196808,80.2264404297,39722,39863,141
12.8607196808,80.2264404297,39863,39873,10
12.860830307,80.2264404297,39873,39884,11
12.861410141,80.2264480591,39884,39894,10
12.8623104095,80.2264404297,39894,39904,10
12.8633899689,80.2264175415,39904,39914,10
12.8646697998,80.2264709473,39914,39924,10
12.8659896851,80.2264862061,39924,39934,10
12.8672304153,80.2263793945,39934,39944,10
12.868639946,80.2262878418,39944,39954,10
12.8700199127,80.2264404297,39954,39964,10
12.8712100983,80.2265396118,39964,39974,10
12.8719997406,80.2265625,39974,39985,11
12.8725795746,80.2265625,39985,39995,10
12.8729295731,80.2266235352,39995,40005,10
12.8738203049,80.2266616821,40005,40014,9
12.8748197556,80.2267913818,40014,40025,11
12.8758802414,80.2268829346,40025,40035,10
12.8764896393,80.2268371582,40035,40044,9
12.8765802383,80.2268295288,40044,40055,11
12.8769102097,80.2268371582,40055,40064,9
12.8776102066,80.2267913818,40064,40076,12
12.8789196014,80.2266998291,40076,40086,10
12.8802099228,80.2266693115,40086,40096,10
12.8816099167,80.2266616821,40096,40106,10
12.8830604553,80.2266464233,40106,40116,10
12.8850402832,80.2266082764,40116,40136,20
12.8850402832,80.2266082764,40136,40146,10
12.8853502274,80.2266464233,40146,40156,10
12.8860797882,80.2268295288,40156,40167,11
12.8872299194,80.2270965576,40167,40177,10
12.8885402679,80.2272567749,40177,40193,16
12.890879631,80.2272720337,40193,40205,12
12.8921604156,80.2272796631,40205,40225,20
12.8921604156,80.2272796631,40225,40235,10
12.8921804428,80.2272720337,40235,40245,10
12.8925895691,80.2273101807,40245,40255,10
12.893409729,80.227432251,40255,40266,11
12.894370079,80.2275314331,40266,40276,10
12.8953800201,80.2275619507,40276,40286,10
12.89661026,80.2276000977,40286,40295,9
12.8978099823,80.2276687622,40295,40306,11
12.8991498947,80.2277603149,40306,40316,10
12.9005403519,80.2278213501,40316,40417,101
12.9005403519,80.2278213501,40417,40427,10
12.9006299973,80.2278213501,40427,40437,10
12.9009799957,80.2278671265,40437,40448,11
12.9016103745,80.2278518677,40448,40457,9
12.9021997452,80.2278518677,40457,40468,11
12.9030399323,80.2278289795,40468,40478,10
12.9032001495,80.2278366089,40478,40488,10
12.9037303925,80.2279205322,40488,40498,10
12.9044904709,80.2279586792,40498,40508,10
12.9047203064,80.2279663086,40508,40518,10
12.9048995972,80.2279891968,40518,40528,10
12.9052696228,80.228012085,40528,40539,11
12.9055595398,80.2280502319,40539,40549,10
12.9059400558,80.2280807495,40549,40559,10
12.9063100815,80.2281036377,40559,40619,60
12.9063100815,80.2281036377,40619,40629,10
12.9063796997,80.2281188965,40629,40639,10
12.9067401886,80.2281570435,40639,40650,11
12.9076404572,80.2282562256,40650,40660,10
12.908829689,80.2285232544,40660,40670,10
12.9103403091,80.228767395,40670,40680,10
12.911939621,80.2289962769,40680,40690,10
12.9139499664,80.2292404175,40690,40710,20
12.9139499664,80.2292404175,40710,40720,10
12.914349556,80.2293014526,40720,40731,11
12.9152402878,80.2294006348,40731,40740,9
12.916270256,80.2295684814,40740,40751,11
12.9176397324,80.2297897339,40751,40761,10
12.9187602997,80.2299423218,40761,40771,10
12.9196901321,80.2300567627,40771,40781,10
12.920630455,80.230178833,40781,40791,10
12.9217596054,80.2303237915,40791,40801,10
12.9229602814,80.2304992676,40801,40811,10
12.9242296219,80.2306976318,40811,40822,11
12.9264202118,80.2309188843,40822,40842,20
12.9264202118,80.2309188843,40842,40852,10
12.926779747,80.23097229,40852,40862,10
12.9275503159,80.2310714722,40862,40872,10
12.9285097122,80.2311935425,40872,40882,10
12.9293203354,80.2313690186,40882,40892,10
12.9302396774,80.2315826416,40892,40902,10
12.9314002991,80.231918335,40902,40913,11
12.9325799942,80.2322769165,40913,40923,10
12.9336500168,80.2327270508,40923,40943,20
12.9336500168,80.2327270508,40943,40953,10
12.9337501526,80.2328033447,40953,40963,10
12.9343204498,80.2330627441,40963,40973,10
12.9352197647,80.2334365845,40973,40983,10
12.9357500076,80.2337265015,40983,40993,10
12.9359197617,80.2338104248,40993,41003,10
12.93653965,80.2340927124,41003,41014,11
12.9375896454,80.234588623,41014,41030,16
12.9394302368,80.235496521,41030,41042,12
12.9397802353,80.2356262207,41042,41052,10
12.940079689,80.2357406616,41052,41060,8
12.9406299591,80.2359085083,41060,41072,12
12.9416904449,80.2361831665,41072,41082,10
12.9427099228,80.236579895,41082,41092,10
12.9436597824,80.2373504639,41092,41103,11
12.9447402954,80.2384872437,41103,41113,10
12.9458303452,80.2393493652,41113,41123,10
12.9469203949,80.2397994995,41123,41133,10
12.9473400116,80.2399673462,41133,41143,10
12.947429657,80.2400131226,41143,41153,10
12.9479598999,80.2402420044,41153,41163,10
12.9486503601,80.2404937744,41163,41173,10
12.9487400055,80.2407836914,41173,41204,31
12.9487400055,80.2407836914,41204,41214,10
12.9487695694,80.2407836914,41214,41224,10
12.9491996765,80.2408828735,41224,41234,10
12.9499597549,80.2410964966,41234,41244,10
12.9508800507,80.241317749,41244,41254,10
12.9510602951,80.2413711548,41254,41264,10
12.9512395859,80.2414627075,41264,41274,10
12.951880455,80.2416763306,41274,41284,10
12.9527301788,80.2419586182,41284,41295,11
12.9538402557,80.242401123,41295,41304,9
12.9546604156,80.2427215576,41304,41316,12
12.9553804398,80.2429733276,41316,41326,10
12.9562997818,80.243270874,41326,41356,30
12.9562997818,80.243270874,41356,41366,10
12.9566602707,80.2434005737,41366,41376,10
12.9573402405,80.2437515259,41376,41386,10
12.9581403732,80.2441101074,41386,41397,11
12.9589796066,80.2444076538,41397,41407,10
12.9591999054,80.2442779541,41407,41417,10
12.9593601227,80.2441635132,41417,41427,10
12.9593601227,80.2446975708,41427,41437,10
12.9601202011,80.2450408936,41437,41447,10
12.9610996246,80.2454833984,41447,41457,10
12.9621200562,80.2459869385,41457,41467,10
12.962679863,80.2462768555,41467,41478,11
12.9626998901,80.2462768555,41478,41488,10
12.962770462,80.2463531494,41488,41498,10
12.9631996155,80.2465515137,41498,41508,10
12.9637203217,80.2467880249,41508,41518,10
12.9644899368,80.2470626831,41518,41528,10
12.9652996063,80.2472991943,41528,41538,10
12.9661502838,80.2475967407,41538,41548,10
12.9668598175,80.2479400635,41548,41569,21
12.9668598175,80.2479400635,41569,41579,10
12.967089653,80.2481002808,41579,41589,10
12.9677696228,80.2483596802,41589,41599,10
12.9687204361,80.2487411499,41599,41609,10
12.9698295593,80.2491989136,41609,41619,10
12.971039772,80.2496414185,41619,41629,10
12.9720401764,80.2499008179,41629,41639,10
12.9735603333,80.2502670288,41639,41649,10
12.9749002457,80.2506713867,41649,41660,11
12.9763002396,80.251083374,41660,41670,10
12.9773797989,80.2514724731,41670,41680,10
12.9781103134,80.2520217896,41680,41690,10
12.9784498215,80.2522583008,41690,41700,10
12.9784603119,80.2522735596,41700,41710,10
12.9786996841,80.2524032593,41710,41720,10
12.9795799255,80.2525634766,41720,41791,71
12.9795799255,80.2525634766,41791,41801,10
12.9797000885,80.2526016235,41801,41811,10
12.980219841,80.2526397705,41811,41821,10
12.980799675,80.2526397705,41821,41831,10
12.9816799164,80.2526016235,41831,41841,10
12.9827804565,80.2525634766,41841,41852,11
12.9838104248,80.2523803711,41852,41862,10
12.9843301773,80.2522201538,41862,41922,60
12.9843301773,80.2522201538,41922,41932,10
12.9845600128,80.2521896362,41932,42122,190
12.9845600128,80.2521896362,42122,42133,11
12.9846000671,80.2521514893,42133,42143,10
12.9849996567,80.2520523071,42143,42153,10
12.9854001999,80.2519302368,42153,42163,10
12.9857196808,80.2518386841,42163,42173,10
12.9861898422,80.251739502,42173,42183,10
12.9867095947,80.2516021729,42183,42193,10
12.9874296188,80.2513580322,42193,42426,233
12.9874296188,80.2513580322,42426,42436,10
12.9876403809,80.2513198853,42436,42446,10
12.9883003235,80.2511901855,42446,42456,10
12.989279747,80.2508773804,42456,42466,10
12.9895095825,80.2508392334,42466,42476,10
12.9897298813,80.2508621216,42476,42486,10
12.9904003143,80.2507171631,42486,42496,10
12.9913702011,80.2504806519,42496,42507,11
12.9926204681,80.2501525879,42507,42517,10
12.9940795898,80.2497787476,42517,42527,10
12.9955797195,80.249382019,42527,42537,10
12.9967002869,80.2490615845,42537,42546,9
12.9967699051,80.2490463257,42546,42557,11
12.9971704483,80.2489776611,42557,42567,10
12.9980602264,80.2487716675,42567,42577,10
12.9991703033,80.2484970093,42577,42587,10
13.0004997253,80.2481613159,42587,42598,11
13.0017299652,80.2478485107,42598,42608,10
13.0025196075,80.2476501465,42608,42618,10
13.0036096573,80.2474594116,42618,42628,10
13.0049600601,80.2472763062,42628,42638,10
13.0064897537,80.2464675903,42638,42658,20
13.0064897537,80.2464675903,42658,42668,10
13.0065603256,80.2461776733,42668,42678,10
13.0066204071,80.2454299927,42678,42694,16
13.0066604614,80.2438735962,42694,42707,13
13.0066099167,80.2427597046,42707,42717,10
13.0065803528,80.2417907715,42717,42727,10
13.0065803528,80.241317749,42727,42737,10
13.0065698624,80.2411422729,42737,42747,10
13.0066604614,80.2405090332,42747,42757,10
13.0068702698,80.2396774292,42757,42767,10
13.0070800781,80.2386703491,42767,42777,10
13.0072698593,80.2378005981,42777,42787,10
13.0073795319,80.2370071411,42787,42798,11
13.0074100494,80.236831665,42798,42808,10
13.0074396133,80.2367019653,42808,42818,10
13.0075998306,80.2361373901,42818,42828,10
13.0078201294,80.2350997925,42828,42838,10
13.0080795288,80.23387146,42838,42848,10
13.0083703995,80.2324066162,42848,42858,10
13.0086402893,80.231010437,42858,42868,10
13.0088796616,80.2298126221,42868,42879,11
13.0092201233,80.2281723022,42879,42889,10
13.0097503662,80.2268981934,42889,42899,10
13.0102796555,80.2257385254,42899,42909,10
13.010720253,80.2248001099,42909,42919,10
13.0109796524,80.2241821289,42919,42929,10
13.0112495422,80.2235336304,42929,42939,10
13.0114803314,80.2230529785,42939,42949,10
13.0116996765,80.2224807739,42949,42959,10
13.0120000839,80.2218704224,42959,42969,10
13.0122900009,80.2216491699,42969,42980,11
13.0126199722,80.2220535278,42980,42990,10
13.0131397247,80.2226333618,42990,43000,10
13.0137395859,80.2231903076,43000,43010,10
13.0143098831,80.2239074707,43010,43020,10
13.0149402618,80.2245864868,43020,43036,16
13.0155801773,80.2249984741,43036,43048,12
13.0157003403,80.2251434326,43048,43058,10
13.016119957,80.2253112793,43058,43066,8
13.0170001984,80.225112915,43066,43079,13
13.0184297562,80.224571228,43079,43089,10
13.0195598602,80.2244796753,43089,43099,10
13.0203504562,80.2249832153,43099,43109,10
13.0208797455,80.2253417969,43109,43119,10
13.0212497711,80.2256622314,43119,43129,10
13.0218296051,80.2260894775,43129,43139,10
13.0223798752,80.2265319824,43139,43149,10
13.022480011,80.2264709473,43149,43172,23
13.0230102539,80.2270584106,43172,43184,12
13.0236501694,80.2276611328,43184,43194,10
13.0242004395,80.2282791138,43194,43204,10
13.0244197845,80.2285385132,43204,43233,29
13.0244197845,80.2285385132,43233,43244,11
13.0245504379,80.2287826538,43244,43254,10
13.024769783,80.2291030884,43254,43264,10
13.0251102448,80.2295074463,43264,43276,12
13.0254402161,80.229927063,43276,43316,40
13.0254402161,80.229927063,43316,43326,10
13.0255403519,80.2301025391,43326,43336,10
13.0257501602,80.2304763794,43336,43346,10
13.0258998871,80.2308197021,43346,43357,11
13.0259304047,80.231262207,43357,43417,60
13.0259304047,80.231262207,43417,43427,10
13.0260801315,80.2314300537,43427,43437,10
13.0262098312,80.2320327759,43437,43448,11
13.0264997482,80.2328491211,43448,43468,20
13.0264997482,80.2328491211,43468,43478,10
13.0265398026,80.2329177856,43478,43488,10
13.0267896652,80.2333908081,43488,43498,10
13.0272502899,80.2341690063,43498,43508,10
13.0278196335,80.2351913452,43508,43518,10
13.0286102295,80.2361679077,43518,43528,10
13.0293598175,80.2369613647,43528,43539,11
13.0296697617,80.2372817993,43539,43549,10
13.029709816,80.2373504639,43549,43559,10
13.0299596786,80.23777771,43559,43569,10
13.0302696228,80.2382888794,43569,43579,10
13.0303401947,80.2384109497,43579,43595,16
13.0304803848,80.2386474609,43595,43607,12
13.0306997299,80.239112854,43607,43617,10
13.0308904648,80.2394104004,43617,43627,10
13.0311403275,80.2398681641,43627,43639,12
13.031419754,80.2404403687,43639,43648,9
13.0314302444,80.2406768799,43648,43659,11
13.0315198898,80.2409210205,43659,43669,10
13.0316400528,80.2412033081,43669,43679,10
13.0318603516,80.2416610718,43679,43689,10
13.0322504044,80.2422866821,43689,43699,10
13.032790184,80.2429580688,43699,43709,10
13.0333499908,80.2438430786,43709,43719,10
13.0339298248,80.2445907593,43719,43730,11
13.0344400406,80.2452163696,43730,43740,10
13.0350198746,80.2458724976,43740,43750,10
13.0355300903,80.2460174561,43750,43760,10
13.0357999802,80.2461166382,43760,43770,10
13.0358295441,80.2461395264,43770,43780,10
13.0361204147,80.2462997437,43780,43790,10
13.0368204117,80.2464370728,43790,43800,10
13.0374603271,80.2463684082,43800,43810,10
13.0381603241,80.2465362549,43810,43821,11
13.0389404297,80.2467422485,43821,43909,88
13.0389404297,80.2467422485,43909,43920,11
13.0390300751,80.2468566895,43920,43930,10
13.039440155,80.2469329834,43930,43940,10
13.040019989,80.2470321655,43940,43951,11
13.0407896042,80.2471923828,43951,43960,9
13.0416603088,80.2473602295,43960,43971,11
13.0420303345,80.2474517822,43971,43981,10
13.0426397324,80.2476501465,43981,43991,10
13.0434303284,80.2478790283,43991,44001,10
13.044090271,80.2478485107,44001,44012,11
13.0447797775,80.2479705811,44012,44022,10
13.0452604294,80.2481994629,44022,44032,10
13.045800209,80.2484207153,44032,44042,10
13.0465602875,80.2484817505,44042,44052,10
13.0470895767,80.2483978271,44052,44069,17
13.0472297668,80.2484970093,44069,44081,12
13.0473299026,80.2485733032,44081,44091,10
13.0475101471,80.2487335205,44091,44101,10
13.0477199554,80.2489700317,44101,44112,11
13.0480604172,80.2493133545,44112,44122,10
13.0485696793,80.2496185303,44122,44132,10
13.0491104126,80.2496795654,44132,44141,9
13.0498895645,80.2498016357,44141,44152,11
13.0510702133,80.2500686646,44152,44163,11
13.0520200729,80.2506484985,44163,44173,10
13.0526800156,80.2514877319,44173,44183,10
13.0532102585,80.2521896362,44183,44194,11
13.0534200668,80.2524795532,44194,44204,10
13.0535097122,80.2526473999,44204,44214,10
13.0536499023,80.2528076172,44214,44224,10
13.0538797379,80.2531509399,44224,44234,10
13.0540304184,80.2533721924,44234,44244,10
13.0541400909,80.2535171509,44244,44254,10
13.054400444,80.2538223267,44254,44274,20
13.054400444,80.2538223267,44274,44284,10
13.0545701981,80.2540893555,44284,44295,11
13.0547704697,80.2543334961,44295,44305,10
13.0549602509,80.2545623779,44305,44315,10
13.0552997589,80.254989624,44315,44331,16
13.0556898117,80.2556304932,44331,44343,12
13.0559501648,80.2559509277,44343,44353,10
13.0562496185,80.2563171387,44353,44363,10
13.0567102432,80.2567520142,44363,44373,10
13.0574302673,80.2572784424,44373,44383,10
13.0577001572,80.2575378418,44383,44394,11
13.0578804016,80.2578277588,44394,44404,10
13.0580797195,80.258102417,44404,44414,10
13.0585002899,80.2585601807,44414,44424,10
13.059009552,80.2592086792,44424,44434,10
13.0594997406,80.259979248,44434,44443,9
13.0600204468,80.2604293823,44443,44454,11
13.0605602264,80.2610168457,44454,44464,10
13.0607299805,80.2612991333,44464,44476,12
13.0607595444,80.2615432739,44476,44486,10
13.0611696243,80.2619094849,44486,44496,10
13.0615596771,80.2623901367,44496,44506,10
13.0618400574,80.2628173828,44506,44516,10
13.062379837,80.2633972168,44516,44526,10
13.0628795624,80.2639389038,44526,44536,10
13.0634298325,80.2646484375,44536,44546,10
13.0638799667,80.265296936,44546,44556,10
13.0640802383,80.2656173706,44556,44566,10
13.0642404556,80.2657165527,44566,44577,11
13.0643997192,80.26587677,44577,44587,10
13.0644903183,80.2659835815,44587,44597,10
13.0646095276,80.2662124634,44597,44607,10
13.064740181,80.2663574219,44607,44617,10
13.0648803711,80.2665405273,44617,44627,10
13.0651502609,80.2668609619,44627,44637,10
13.0656204224,80.2672271729,44637,44647,10
13.0657701492,80.2674331665,44647,44657,10
13.0660896301,80.2678527832,44657,44668,11
13.066570282,80.2683181763,44668,44678,10
13.0669298172,80.2685699463,44678,44688,10
13.0673999786,80.2688674927,44688,44698,10
13.0679597855,80.2692337036,44698,44708,10
13.0682001114,80.2694320679,44708,44718,10
13.0682401657,80.269493103,44718,44728,10
13.0681495667,80.2699279785,44728,44738,10
13.0681200027,80.2702407837,44738,44754,16
13.0681495667,80.2705383301,44754,44767,13
13.0681200027,80.2706375122,44767,44777,10
13.0680704117,80.2709732056,44777,44787,10
13.0682697296,80.2715682983,44787,44797,10
13.0686502457,80.2718734741,44797,44806,9
13.0687799454,80.2718963623,44806,44817,11
13.0690002441,80.271987915,44817,44827,10
13.0693998337,80.2723312378,44827,44837,10
13.0698604584,80.2727890015,44837,44847,10
13.0701904297,80.2731704712,44847,44858,11
13.0704298019,80.2734832764,44858,44868,10
13.0707502365,80.2739334106,44868,44878,10
13.0712003708,80.2741470337,44878,44888,10
13.0717201233,80.2743377686,44888,44898,10
13.0721302032,80.2747116089,44898,44907,9
13.0725803375,80.2752075195,44907,44917,10
13.07310009,80.2757797241,44917,44927,10
13.0735197067,80.2761993408,44927,44938,11
13.074259758,80.2763214111,44938,44949,11
13.0752801895,80.2762832642,44949,44959,10
13.0762996674,80.2762374878,44959,44969,10
13.0770902634,80.2761917114,44969,44979,10
13.0779695511,80.2761001587,44979,44989,10
13.07833004,80.2753601074,44989,44999,10
13.0790500641,80.275138855,44999,45009,10
13.0798902512,80.2752609253,45009,45019,10
13.0806303024,80.275177002,45019,45029,10
13.0810899734,80.275138855,45029,45040,11
13.0815496445,80.2751235962,45040,45050,10
13.0818996429,80.2753219604,45050,45060,10
13.0819301605,80.2755584717,45060,45090,30
13.0819301605,80.2755584717,45090,45100,10
13.0819501877,80.2757415771,45100,45110,10
13.0818395615,80.2759933472,45110,45120,10
13.0818004608,80.2762069702,45120,45131,11
13.0818595886,80.2766723633,45131,45141,10
13.0818796158,80.2773895264,45141,45151,10
13.0819196701,80.277923584,45151,45161,10
13.0824203491,80.2780609131,45161,45171,10
13.0830898285,80.2780914307,45171,45180,9
13.0832700729,80.2781066895,45180,45191,11
13.0834302902,80.2785186768,45191,45201,10
13.0834302902,80.2789993286,45201,45211,10
13.0824699402,80.2785873413,45211,45232,21
13.0824699402,80.2785873413,45232,45242,10
13.0824098587,80.2785568237,45242,45252,10
13.0820798874,80.2783966064,45252,45262,10
13.0818901062,80.2778930664,45262,45272,10
13.0817298889,80.2772064209,45272,45282,10
13.0816001892,80.2764587402,45282,45292,10
13.0815200806,80.2759399414,45292,45302,10
13.0814800262,80.2755432129,45302,45323,21
13.0814800262,80.2755432129,45323,45333,10
13.0814599991,80.2752685547,45333,45343,10
13.0811300278,80.2752380371,45343,45353,10
13.0806102753,80.2752914429,45353,45363,10
13.0799503326,80.2753601074,45363,45373,10
13.0792102814,80.2752838135,45373,45383,10
13.0783700943,80.275390625,45383,45393,10
13.0779399872,80.2761993408,45393,45403,10
13.0770597458,80.2762680054,45403,45414,11
13.0761098862,80.2763214111,45414,45424,10
13.0759000778,80.2763137817,45424,45434,10
13.0759096146,80.2760391235,45434,45444,10
13.0760097504,80.2759933472,45444,45454,10
13.0761499405,80.275970459,45454,45666,212
13.0761499405,80.275970459,45666,45676,10
13.0760002136,80.275718689,45676,45686,10
13.0759000778,80.2753829956,45686,45697,11
13.0755395889,80.2749481201,45697,47112,1415
13.0755395889,80.2749481201,47112,47122,10
13.0757703781,80.275062561,47122,47132,10
13.0758800507,80.275390625,47132,47142,10
13.0759401321,80.2757797241,47142,47152,10
13.0759496689,80.2758178711,47152,47162,10
13.0759000778,80.2760772705,47162,47172,10
13.0760402679,80.2762374878,47172,47183,11
13.0766601563,80.276222229,47183,47193,10
13.0770101547,80.2761993408,47193,47203,10
13.0777597427,80.2761383057,47203,47213,10
13.0782203674,80.2755279541,47213,47223,10
13.0789203644,80.2751083374,47223,47233,10
13.0797595978,80.2752609253,47233,47243,10
13.0806398392,80.2751998901,47243,47253,10
13.0814599991,80.275100708,47253,47334,81
13.0814599991,80.275100708,47334,47344,10
13.0817804337,80.2751998901,47344,47354,10
13.0819997787,80.2753067017,47354,47364,10
13.0820598602,80.2757110596,47364,47536,172
13.0820598602,80.2757110596,47536,47546,10
13.0821399689,80.2757873535,47546,47556,10
13.0819597244,80.2759628296,47556,47567,11
13.0818395615,80.2761764526,47567,47577,10
13.081870079,80.2767791748,47577,47587,10
13.0819196701,80.2776031494,47587,47597,10
13.0821895599,80.2779464722,47597,47607,10
13.0827598572,80.2780227661,47607,47617,10
13.0831604004,80.2780532837,47617,47627,10
13.0832004547,80.2780532837,47627,47637,10
13.0833902359,80.2783813477,47637,47647,10
13.0834703445,80.2786102295,47647,47658,11
13.0831804276,80.2788619995,47658,47668,10
13.0824899673,80.2786102295,47668,47678,10
13.0819597244,80.2783432007,47678,47688,10
13.081870079,80.2777786255,47688,47697,9
13.0817604065,80.2770614624,47697,47708,11
13.0817203522,80.2767562866,47708,47718,10
13.0816898346,80.2766113281,47718,47728,10
13.0816802979,80.2765426636,47728,47738,10
13.0816497803,80.2763290405,47738,47749,11
13.0815401077,80.2758789063,47749,47769,20
13.0815401077,80.2758789063,47769,47779,10
13.0815200806,80.2756576538,47779,47789,10
13.081489563,80.2754974365,47789,47809,20
13.081489563,80.2754974365,47809,47819,10
13.0814199448,80.2752304077,47819,47829,10
13.0810403824,80.2752227783,47829,47839,10
13.0805101395,80.2752838135,47839,47850,11
13.0797700882,80.275352478,47850,47860,10
13.079000473,80.2751998901,47860,47870,10
13.0782804489,80.2755584717,47870,47880,10
13.0777597427,80.2762069702,47880,47890,10
13.0768899918,80.276260376,47890,47900,10
13.0759897232,80.2763214111,47900,47910,10
13.0749797821,80.2763519287,47910,47920,10
13.0738296509,80.2764282227,47920,47951,31
13.0738296509,80.2764282227,47951,47961,10
13.0734701157,80.2763595581,47961,47971,10
13.0728797913,80.275680542,47971,47981,10
13.0718698502,80.2746810913,47981,48001,20
13.0718698502,80.2746810913,48001,48011,10
13.0717601776,80.2746200562,48011,48021,10
13.071269989,80.2744903564,48021,48031,10
13.0706996918,80.2742385864,48031,48042,11
13.0705900192,80.2740783691,48042,48052,10
13.0704097748,80.2736206055,48052,48062,10
13.0699901581,80.2730712891,48062,48072,10
13.069439888,80.2724761963,48072,48082,10
13.0687999725,80.271987915,48082,48102,20
13.0687999725,80.271987915,48102,48111,9
13.0685796738,80.2719802856,48111,48122,11
13.0682001114,80.2716217041,48122,48133,11
13.0679702759,80.2711715698,48133,48143,10
13.0676603317,80.2708282471,48143,48153,10
13.0671300888,80.2702484131,48153,48163,10
13.0665597916,80.269493103,48163,48173,10
13.0664300919,80.268661499,48173,48183,10
13.0661697388,80.2681808472,48183,48193,10
13.0656995773,80.2677001953,48193,48203,10
13.0652198792,80.2676010132,48203,48213,10
13.0651397705,80.2676010132,48213,48224,11
13.0650501251,80.2675933838,48224,48234,10
13.0646800995,80.2675323486,48234,48244,10
13.0643196106,80.2674789429,48244,48254,10
13.0642004013,80.2674636841,48254,48264,10
13.0639400482,80.2673797607,48264,48274,10
13.0635099411,80.2673187256,48274,48284,10
13.0631198883,80.2672805786,48284,48294,10
13.0627202988,80.2671585083,48294,48304,10
13.0623102188,80.266708374,48304,48314,10
13.0618600845,80.26612854,48314,48325,11
13.0614299774,80.2656021118,48325,48335,10
13.0609798431,80.2652511597,48335,48345,10
13.0604496002,80.2654800415,48345,48355,10
13.0603303909,80.2655334473,48355,48365,10
13.0601196289,80.2655563354,48365,48375,10
13.0595397949,80.2655715942,48375,48385,10
13.0587797165,80.2654800415,48385,48395,10
13.0585803986,80.2654800415,48395,48405,10
13.0587701797,80.265411377,48405,48422,17
13.0580196381,80.2649230957,48422,48434,12
13.0579099655,80.263923645,48434,48444,10
13.057849884,80.2631912231,48444,48453,9
13.0577802658,80.2626037598,48453,48464,11
13.0576400757,80.2617797852,48464,48474,10
13.0575504303,80.2612228394,48474,48484,10
13.0573501587,80.2604675293,48484,48494,10
13.0571298599,80.2597427368,48494,48505,11
13.0568799973,80.2589263916,48505,48515,10
13.0567102432,80.2584075928,48515,48525,10
13.0566797256,80.2582778931,48525,48535,10
13.0566701889,80.2582397461,48535,48545,10
13.0566301346,80.2579574585,48545,48554,9
13.0566196442,80.2578811646,48554,48565,11
13.0565595627,80.257598877,48565,48584,19
13.0565595627,80.257598877,48584,48596,12
13.0564699173,80.2573394775,48596,48616,20
13.0564603806,80.2572174072,48616,48676,60
13.0564603806,80.2572174072,48676,48686,10
13.0563898087,80.2568435669,48686,48707,21
13.0563898087,80.2568435669,48707,48717,10
13.0563097,80.2565383911,48717,48727,10
13.0562696457,80.2563934326,48727,48737,10
13.0561199188,80.2562179565,48737,48747,10
13.056019783,80.2561035156,48747,48757,10
13.0558300018,80.2558288574,48757,48767,10
13.0557203293,80.2557067871,48767,48777,10
13.0556297302,80.2555618286,48777,48788,11
13.0554103851,80.255279541,48788,48798,10
13.0551595688,80.2549591064,48798,48818,20
13.0551595688,80.2549591064,48818,48834,16
13.0548200607,80.2544937134,48834,48866,32
13.0548200607,80.2544937134,48866,48876,10
13.054599762,80.2542419434,48876,48887,11
13.0544700623,80.2540588379,48887,48897,10
13.0544099808,80.2539672852,48897,48907,10
13.0542297363,80.2537307739,48907,48917,10
13.0539999008,80.2534332275,48917,48926,9
13.0537900925,80.2531280518,48926,48936,10
13.0534296036,80.2526016235,48936,48946,10
13.0529298782,80.2519378662,48946,48957,11
13.0524396896,80.2512969971,48957,48967,10
13.0520095825,80.2507476807,48967,48978,11
13.0513296127,80.2502365112,48978,48988,10
13.0504703522,80.2499694824,48988,48998,10
13.0494804382,80.2498168945,48998,49008,10
13.0488100052,80.2497406006,49008,49018,10
13.0482597351,80.2495498657,49018,49028,10
13.0477800369,80.2491378784,49028,49038,10
13.0469999313,80.2486572266,49038,49048,10
13.0469102859,80.248626709,49048,49058,10
13.046620369,80.2485961914,49058,49069,11
13.0459003448,80.2484664917,49069,49079,10
13.045419693,80.2483215332,49079,49089,10
13.0451402664,80.2481765747,49089,49099,10
13.0451202393,80.2481994629,49099,49109,10
13.0449495316,80.2481689453,49109,49119,10
13.0446395874,80.2481231689,49119,49129,10
13.0444097519,80.2480926514,49129,49139,10
13.0441598892,80.2480392456,49139,49149,10
13.0438404083,80.2479782104,49149,49159,10
13.0434799194,80.2479019165,49159,49170,11
13.0429801941,80.2478179932,49170,49180,10
13.0424804688,80.247718811,49180,49190,10
13.0420303345,80.2476196289,49190,49200,10
13.0414199829,80.247428894,49200,49210,10
13.0403404236,80.2472229004,49210,49220,10
13.039349556,80.2470321655,49220,49230,10
13.0389604568,80.2469177246,49230,49240,10
13.0385503769,80.2468185425,49240,49250,10
13.0382099152,80.2467498779,49250,49261,11
13.0375995636,80.2466430664,49261,49271,10
13.0369596481,80.2465362549,49271,49281,10
13.0364198685,80.2464294434,49281,49291,10
13.0362901688,80.2463684082,49291,49307,16
13.0359401703,80.246307373,49307,49319,12
13.0352296829,80.2460632324,49319,49329,10
13.0349397659,80.2459030151,49329,49339,10
13.0346298218,80.2454376221,49339,49349,10
13.0340099335,80.244720459,49349,49359,10
13.0334701538,80.2440032959,49359,49370,11
13.0327796936,80.2431030273,49370,49380,10
13.032409668,80.2426605225,49380,49452,72
13.032409668,80.2426605225,49452,49462,10
13.0322399139,80.2424163818,49462,49472,10
13.0320901871,80.2422485352,49472,49482,10
13.0318803787,80.2418365479,49482,49492,10
13.0316200256,80.2412490845,49492,49583,91
13.0316200256,80.2412490845,49583,49593,10
13.0315599442,80.2409973145,49593,49603,10
13.03125,80.2404327393,49603,49613,10
13.0310401917,80.2399215698,49613,49623,10
13.0306396484,80.2391662598,49623,49634,11
13.0300703049,80.2381286621,49634,49644,10
13.0294504166,80.2371673584,49644,49654,10
13.0286197662,80.2362670898,49654,49664,10
13.0278100967,80.2352905273,49664,49674,10
13.0272598267,80.2342910767,49674,49684,10
13.0267095566,80.2334594727,49684,49714,30
13.0267095566,80.2334594727,49714,49724,10
13.0266704559,80.2333908081,49724,49735,11
13.02643013,80.2329483032,49735,49745,10
13.0261802673,80.2323226929,49745,49755,10
13.0260000229,80.2316970825,49755,49765,10
13.0257997513,80.23097229,49765,49775,10
13.0253000259,80.2299575806,49775,49785,10
13.024720192,80.2292633057,49785,49795,10
13.0246295929,80.2291488647,49795,49805,10
13.0245599747,80.2290420532,49805,49815,10
13.0242996216,80.2287216187,49815,49826,11
13.023900032,80.2282180786,49826,49836,10
13.0235795975,80.2278671265,49836,49846,10
13.0234603882,80.2277297974,49846,49856,10
13.0233802795,80.2276611328,49856,49865,9
13.0233097076,80.2275695801,49865,49876,11
13.0229902267,80.2272796631,49876,49886,10
13.0223503113,80.2266998291,49886,49896,10
13.0216598511,80.2260971069,49896,49907,11
13.0209798813,80.2255630493,49907,49918,11
13.0200796127,80.2249069214,49918,49928,10
13.0190496445,80.2244186401,49928,49938,10
13.0178899765,80.2248764038,49938,49948,10
13.0169401169,80.2252731323,49948,49958,10
13.0165195465,80.225440979,49958,49968,10
13.0161895752,80.2255477905,49968,49978,10
13.0155601501,80.225769043,49978,49988,10
13.0148696899,80.2260513306,49988,49998,10
13.0143299103,80.2262573242,49998,50008,10
13.0143003464,80.2262802124,50008,50025,17
13.0133895874,80.2265777588,50025,50037,12
13.0123100281,80.2270507813,50037,50047,10
13.0113801956,80.2274169922,50047,50057,10
13.0102796555,80.2278366089,50057,50067,10
13.0092401505,80.2283935547,50067,50077,10
13.0089902878,80.2293395996,50077,50088,11
13.0087003708,80.2308120728,50088,50097,9
13.008480072,80.2319412231,50097,50108,11
13.0082902908,80.2331924438,50108,50118,10
13.0081996918,80.2337112427,50118,50127,9
13.0081796646,80.2337875366,50127,50138,11
13.0080499649,80.234336853,50138,50148,10
13.007809639,80.2355728149,50148,50158,10
13.0075597763,80.2367935181,50158,50168,10
13.0073099136,80.23802948,50168,50178,10
13.0070495605,80.2392578125,50178,50198,20
13.0070495605,80.2392578125,50198,50209,11
13.0069999695,80.2395172119,50209,50219,10
13.0069103241,80.239982605,50219,50229,10
13.0068101883,80.2405166626,50229,50239,10
13.0067195892,80.2409973145,50239,50249,10
13.0066604614,80.2415771484,50249,50259,10
13.0066604614,80.242149353,50259,50269,10
13.0066699982,80.2425308228,50269,50285,16
13.0066699982,80.2427368164,50285,50298,13
13.0066604614,80.2429428101,50298,50308,10
13.0066404343,80.2430419922,50308,50317,9
13.0066404343,80.2431411743,50317,50328,11
13.0066699982,80.2434616089,50328,50337,9
13.0066795349,80.2438201904,50337,50349,12
13.0066795349,80.2445678711,50349,50359,10
13.0066795349,80.2449493408,50359,50369,10
13.0067195892,80.2453765869,50369,50420,51
13.0067195892,80.2453765869,50420,50443,23
13.0067596436,80.2465362549,50443,50455,12
13.0066604614,80.2472305298,50455,50465,10
13.0060997009,80.2472915649,50465,50475,10
13.0050096512,80.2472991943,50475,50485,10
13.0036296844,80.2475128174,50485,50496,11
13.0027999878,80.2476577759,50496,50506,10
13.0024795532,80.2477416992,50506,50516,10
13.0018901825,80.2478637695,50516,50526,10
13.0008802414,80.2481307983,50526,50536,10
12.9995298386,80.2484893799,50536,50546,10
12.998169899,80.2488021851,50546,50556,10
12.9966402054,80.2491912842,50556,50566,10
12.995349884,80.2495269775,50566,50577,11
12.9940795898,80.2498779297,50577,50587,10
12.9929103851,80.2501602173,50587,50597,10
12.9917001724,80.2504806519,50597,50607,10
12.9911003113,80.2506484985,50607,50617,10
12.9908599854,80.2506790161,50617,50627,10
12.9901399612,80.2508468628,50627,50637,10
12.9891395569,80.2510986328,50637,50647,10
12.9884796143,80.2512969971,50647,50657,10
12.9883298874,80.2513427734,50657,50779,122
12.9883298874,80.2513427734,50779,50789,10
12.9880399704,80.2514266968,50789,50799,10
12.9875802994,80.2515335083,50799,50809,10
12.9869203568,80.2517166138,50809,50819,10
12.9862604141,80.2518920898,50819,50829,10
12.9855003357,80.2520370483,50829,50839,10
12.9845399857,80.2522888184,50839,50849,10
12.9834604263,80.252571106,50849,50860,11
12.9821996689,80.2526779175,50860,50870,10
12.9811401367,80.2527084351,50870,50880,10
12.9803800583,80.2527236938,50880,50890,10
12.9800395966,80.2527236938,50890,50900,10
12.9795198441,80.2526779175,50900,50910,10
12.9788703918,80.2526397705,50910,50920,10
12.9787502289,80.2526168823,50920,50930,10
12.9785995483,80.2525482178,50930,50940,10
12.9779996872,80.2521362305,50940,50950,10
12.9771995544,80.2514801025,50950,50961,11
12.9759302139,80.2510910034,50961,50971,10
12.9745798111,80.2506866455,50971,50981,10
12.9733400345,80.250328064,50981,50991,10
12.9721698761,80.2500228882,50991,51001,10
12.9710302353,80.249710083,51001,51011,10
12.9698801041,80.2493515015,51011,51021,10
12.9687700272,80.2489318848,51021,51031,10
12.9676303864,80.2484893799,51031,51041,10
12.9665203094,80.2479629517,51041,51052,11
12.9654102325,80.2475204468,51052,51062,10
12.9650697708,80.2474212646,51062,51072,10
12.9649200439,80.2473526001,51072,51082,10
12.9642400742,80.2470932007,51082,51092,10
12.9634504318,80.2467727661,51092,51102,10
12.9624204636,80.2462615967,51102,51112,10
12.9610996246,80.2455978394,51112,51122,10
12.9598999023,80.2450408936,51122,51132,10
12.9588899612,80.2445831299,51132,51143,11
12.9579801559,80.244178772,51143,51153,10
12.9573497772,80.2439727783,51153,51163,10
12.9568195343,80.2437286377,51163,51173,10
12.9568004608,80.2437210083,51173,51183,10
12.9565696716,80.2436294556,51183,51211,28
12.9565696716,80.2436294556,51211,51221,10
12.9558401108,80.2433166504,51221,51231,10
12.9548397064,80.2429122925,51231,51242,11
12.9536304474,80.2424087524,51242,51252,10
12.9525098801,80.2419586182,51252,51262,10
12.9517402649,80.2416992188,51262,51272,10
12.9516601563,80.2416687012,51272,51282,10
12.9511899948,80.2415008545,51282,51292,10
12.9501800537,80.2412033081,51292,51302,10
12.9491100311,80.2408599854,51302,51312,10
12.9480199814,80.2403793335,51312,51322,10
12.9475097656,80.2401580811,51322,51333,11
12.9471597672,80.240020752,51333,51343,10
12.9467897415,80.2398910522,51343,51353,10
12.9471597672,80.239982605,51353,51363,10
12.9459104538,80.2395095825,51363,51373,10
12.9449300766,80.238822937,51373,51383,10
12.9440498352,80.2378768921,51383,51393,10
12.9432201385,80.2369995117,51393,51403,10
12.9422397614,80.2364425659,51403,51413,10
12.9409503937,80.2361221313,51413,51424,11
12.9397296906,80.2357330322,51424,51434,10
12.9387102127,80.2352828979,51434,51444,10
12.9372596741,80.2345275879,51444,51453,9
12.9360599518,80.234161377,51453,51464,11
12.9350404739,80.233581543,51464,51474,10
12.934009552,80.2330780029,51474,51484,10
12.9338502884,80.2329864502,51484,51525,41
12.9338502884,80.2329864502,51525,51535,10
12.933719635,80.2328720093,51535,51545,10
12.9332504272,80.2326583862,51545,51555,10
12.9324102402,80.2323532104,51555,51565,10
12.9313497543,80.2320098877,51565,51575,10
12.9302196503,80.2316894531,51575,51585,10
12.9293203354,80.2314529419,51585,51595,10
12.9289798737,80.2313690186,51595,51605,10
12.9283800125,80.2312469482,51605,51616,11
12.9274396896,80.2311325073,51616,51626,10
12.9264497757,80.231010437,51626,51636,10
12.9256401062,80.23097229,51636,51646,10
12.9253997803,80.2309188843,51646,51656,10
12.9246997833,80.2308425903,51656,51666,10
12.9236698151,80.2306976318,51666,51676,10
12.9223804474,80.2304992676,51676,51686,10
12.9209299088,80.2303009033,51686,51696,10
12.9194602966,80.2301101685,51696,51707,11
12.917840004,80.2298965454,51707,51717,10
12.9167203903,80.2297592163,51717,51728,11
12.9153003693,80.2295379639,51728,51738,10
12.9139404297,80.2293624878,51738,51748,10
12.9132995605,80.229309082,51748,51758,10
12.9132003784,80.2292785645,51758,51768,10
12.9126195908,80.2291564941,51768,51778,10
12.9116601944,80.2290420532,51778,51788,10
12.9104499817,80.2288665771,51788,51798,10
12.9090900421,80.2286376953,51798,51809,11
12.90762043,80.2284393311,51809,51819,10
12.9071798325,80.2283782959,51819,51859,40
12.9071798325,80.2283782959,51859,51869,10
12.9070701599,80.2283401489,51869,51879,10
12.9065198898,80.2282867432,51879,51889,10
12.9055404663,80.2282333374,51889,51900,11
12.9044303894,80.228187561,51900,51910,10
12.9036197662,80.2281417847,51910,51920,10
12.9026002884,80.2281036377,51920,51930,10
12.9016895294,80.2280502319,51930,51940,10
12.9011802673,80.2280578613,51940,51980,40
12.9011802673,80.2280578613,51980,51991,11
12.90102005,80.2280197144,51991,52001,10
12.9005899429,80.2279510498,52001,52011,10
12.8999595642,80.2278823853,52011,52021,10
12.8991498947,80.2278594971,52021,52031,10
12.898730278,80.2278823853,52031,52041,10
12.8982696533,80.2278366089,52041,52051,10
12.8973903656,80.2277679443,52051,52061,10
12.8961496353,80.2276992798,52061,52071,10
12.894659996,80.2276229858,52071,52081,10
12.8933696747,80.2275238037,52081,52092,11
12.8925600052,80.2274475098,52092,52112,20
12.8925600052,80.2274475098,52112,52122,10
12.8924198151,80.2274398804,52122,52132,10
12.8917503357,80.2273864746,52132,52142,10
12.8907003403,80.2273864746,52142,52152,10
12.8894701004,80.2273788452,52152,52162,10
12.888299942,80.2273406982,52162,52172,10
12.8869800568,80.2271728516,52172,52183,11
12.8854999542,80.226852417,52183,52193,10
12.88463974,80.2266693115,52193,52203,10
12.8839902878,80.2264633179,52203,52213,10
12.8833303452,80.2262573242,52213,52223,10
12.8830499649,80.2267532349,52223,52233,10
12.8816795349,80.2267608643,52233,52243,10
12.8801202774,80.2267837524,52243,52253,10
12.8785104752,80.2268295288,52253,52263,10
12.876999855,80.2269592285,52263,52274,11
12.8764600754,80.2270431519,52274,52294,20
12.8764600754,80.2270431519,52294,52304,10
12.8760700226,80.2270126343,52304,52314,10
12.875169754,80.2269363403,52314,52324,10
12.8739404678,80.2267837524,52324,52334,10
12.8729496002,80.2267379761,52334,52344,10
12.8726701736,80.2267379761,52344,52354,10
12.8720302582,80.2266998291,52354,52365,11
12.8708000183,80.2266311646,52365,52375,10
12.8693199158,80.2264785767,52375,52385,10
12.867600441,80.2264480591,52385,52395,10
12.8657999039,80.2266235352,52395,52405,10
12.8639802933,80.2265625,52405,52415,10
12.8622903824,80.2265777588,52415,52425,10
12.8609399796,80.2266235352,52425,52455,30
12.8609399796,80.2266235352,52455,52466,11
12.8608999252,80.2266311646,52466,52476,10
12.8604402542,80.2265701294,52476,52486,10
12.8595600128,80.2264404297,52486,52496,10
12.8587303162,80.2263336182,52496,52506,10
12.8577804565,80.2262802124,52506,52516,10
12.8564596176,80.2264022827,52516,52526,10
12.8548498154,80.2265319824,52526,52536,10
12.8531799316,80.2266998291,52536,52546,10
12.8514995575,80.2266616821,52546,52557,11
12.850060463,80.2266387939,52557,52567,10
12.8497400284,80.2266235352,52567,52577,10
12.8489398956,80.226600647,52577,52587,10
12.8477497101,80.2265777588,52587,52597,10
12.8463697433,80.2266235352,52597,52607,10
12.8453903198,80.226600647,52607,52617,10
12.8453302383,80.2266082764,52617,52627,10
12.8450403214,80.2265777588,52627,52637,10
12.8441896439,80.2266769409,52637,52648,11
12.8429498672,80.2268600464,52648,52658,10
12.8416404724,80.2271575928,52658,52668,10
12.8404798508,80.2274703979,52668,52678,10
12.8397502899,80.2277832031,52678,52718,40
12.8397502899,80.2277832031,52718,52728,10
12.839220047,80.227897644,52728,52738,10
12.8382997513,80.2280807495,52738,52749,11
12.8368797302,80.2283401489,52749,52759,10
12.8353099823,80.2285690308,52759,52775,16
12.8328104019,80.229019165,52775,52787,12
12.8320999146,80.2291717529,52787,52797,10
12.8320398331,80.2291793823,52797,52807,10
12.831700325,80.2292480469,52807,52817,10
12.8307800293,80.2295227051,52817,52827,10
12.8296499252,80.2299423218,52827,52838,11
12.8282299042,80.2306289673,52838,52848,10
12.8269796371,80.2312469482,52848,52858,10
12.8256397247,80.2313995361,52858,52868,10
12.8244199753,80.231338501,52868,52877,9
12.8231401443,80.2309799194,52877,52888,11
12.8218402863,80.2305908203,52888,52898,10
12.820980072,80.23046875,52898,52908,10
12.8200302124,80.2305221558,52908,52918,10
12.8190803528,80.2305297852,52918,52929,11
12.8188695908,80.2304916382,52929,52939,10
12.8183603287,80.2302780151,52939,52949,10
12.8174600601,80.2298812866,52949,52959,10
12.8163604736,80.2295379639,52959,52969,10
12.8159103394,80.2294616699,52969,52979,10
12.8153600693,80.2293701172,52979,52989,10
12.8143796921,80.2292022705,52989,52999,10
12.8130998611,80.228843689,52999,53009,10
12.8117103577,80.2283706665,53009,53020,11
12.8101196289,80.2277297974,53020,53030,10
12.8088598251,80.2270202637,53030,53040,10
12.8077297211,80.2260665894,53040,53050,10
12.8067398071,80.2252197266,53050,53060,10
12.8058595657,80.2244262695,53060,53070,10
12.8051595688,80.2240524292,53070,53080,10
12.8049898148,80.2240219116,53080,53090,10
12.8045101166,80.2239379883,53090,53100,10
12.8036203384,80.2238616943,53100,53110,10
12.8025798798,80.223739624,53110,53121,11
12.8012800217,80.2235870361,53121,53131,10
12.8000602722,80.2234725952,53131,53141,10
12.7985696793,80.2233276367,53141,53151,10
12.7969102859,80.2230911255,53151,53161,10
12.7958803177,80.2229232788,53161,53171,10
12.7957496643,80.22290802,53171,53181,10
12.7951202393,80.2227783203,53181,53191,10
12.7940597534,80.2226028442,53191,53201,10
12.7927598953,80.2224121094,53201,53212,11
12.7912502289,80.2220611572,53212,53222,10
12.7899799347,80.2217483521,53222,53232,10
12.7893896103,80.2215805054,53232,53242,10
12.7889604568,80.2214126587,53242,53252,10
12.7884197235,80.2211990356,53252,53262,10
12.7878303528,80.220993042,53262,53272,10
12.7869195938,80.2206802368,53272,53291,19
12.7869195938,80.2206802368,53291,53303,12
12.7867603302,80.2205963135,53303,53313,10
12.786239624,80.2204284668,53313,53323,10
12.7861404419,80.2207489014,53323,53333,10
12.7861700058,80.2213516235,53333,53343,10
12.7862300873,80.2216186523,53343,53353,10
12.7862596512,80.2218399048,53353,53363,10
12.7862796783,80.2221374512,53363,53646,283
12.7862796783,80.2221374512,53646,53656,10
12.7861995697,80.2220687866,53656,53666,10
12.786239624,80.2218399048,53666,53677,11
12.786190033,80.2214508057,53677,53687,10
12.7861700058,80.2211074829,53687,53697,10
12.786190033,80.2208633423,53697,53707,10
12.7861995697,80.2207107544,53707,53717,10
12.7861604691,80.2204818726,53717,53737,20
12.7861604691,80.2204818726,53737,53747,10
12.7863397598,80.2203216553,53747,53757,10
12.7864599228,80.220413208,53757,53768,11
12.7864999771,80.2204284668,53768,53778,10
12.7867603302,80.2205734253,53778,53788,10
12.7870502472,80.2206573486,53788,53798,10
12.7875204086,80.2208099365,53798,53808,10
12.7881402969,80.2210617065,53808,53818,10
12.7889299393,80.2213592529,53818,53828,10
12.7896404266,80.2216186523,53828,53838,10
12.7898197174,80.2216567993,53838,53848,10
12.7903699875,80.2218017578,53848,53858,10
12.7913599014,80.2220535278,53858,53869,11
12.7928600311,80.2223968506,53869,53879,10
12.7943296432,80.2226104736,53879,53889,10
12.7957801819,80.2228393555,53889,53899,10
12.7964401245,80.2229537964,53899,53909,10
12.7965297699,80.2229766846,53909,53925,16
12.7977399826,80.2232131958,53925,53937,12
12.799249649,80.2233810425,53937,53947,10
12.8005895615,80.223487854,53947,53957,10
12.8013801575,80.2235488892,53957,53968,11
12.8016796112,80.2235031128,53968,53977,9
12.8024196625,80.2236328125,53977,53987,10
12.8034000397,80.2237930298,53987,53998,11
12.8044595718,80.2238693237,53998,54008,10
12.8051996231,80.2239990234,54008,54018,10
12.8057403564,80.2242279053,54018,54028,10
12.8064203262,80.2248306274,54028,54038,10
12.8072595596,80.2255783081,54038,54049,11
12.8083496094,80.2265090942,54049,54059,10
12.8095998764,80.227432251,54059,54069,10
12.8110904694,80.2280731201,54069,54079,10
12.8127098083,80.2285995483,54079,54089,10
12.8143901825,80.2291564941,54089,54099,10
12.8161001205,80.2294082642,54099,54109,10
12.8175401688,80.2297973633,54109,54119,10
12.8187398911,80.2303466797,54119,54129,10
12.8198003769,80.2304611206,54129,54139,10
12.8209104538,80.2304229736,54139,54150,11
12.8227901459,80.2307434082,54150,54160,10
12.824259758,80.2311706543,54160,54170,10
12.8257598877,80.231338501,54170,54180,10
12.827249527,80.2311477661,54180,54190,10
12.8285303116,80.2304077148,54190,54200,10
12.829870224,80.2297821045,54200,54210,10
12.8308601379,80.2293777466,54210,54220,10
12.8310203552,80.229309082,54220,54230,10
12.8314599991,80.2291564941,54230,54251,21
12.8314599991,80.2291564941,54251,54261,10
12.8316802979,80.2291030884,54261,54271,10
12.8323497772,80.2289810181,54271,54281,10
12.8334102631,80.2287979126,54281,54291,10
12.8347997665,80.2285614014,54291,54301,10
12.8363399506,80.2283172607,54301,54311,10
12.8378601074,80.2280578613,54311,54321,10
12.8394203186,80.2276535034,54321,54352,31
12.8394203186,80.2276535034,54352,54362,10
12.839679718,80.2275772095,54362,54372,10
12.8403396606,80.227432251,54372,54382,10
12.8412904739,80.227180481,54382,54392,10
12.8424797058,80.2268829346,54392,54402,10
12.8437595367,80.2266311646,54402,54412,10
12.8450899124,80.2265014648,54412,54422,10
12.8454704285,80.2264785767,54422,54433,11
12.8456602097,80.2265014648,54433,54443,10
12.8463201523,80.2265090942,54443,54453,10
12.8473300934,80.2265167236,54453,54463,10
12.8484897614,80.2265167236,54463,54473,10
12.8495998383,80.2265167236,54473,54483,10
12.8507299423,80.2265319824,54483,54499,16
12.8530397415,80.2266235352,54499,54511,12
12.8549203873,80.2264633179,54511,54521,10
12.8565597534,80.2262573242,54521,54531,10
12.8577804565,80.2261581421,54531,54542,11
12.8587398529,80.2261810303,54542,54553,11
12.8601303101,80.2264022827,54553,54564,11
12.8608102798,80.2264709473,54564,54573,9
12.8609600067,80.2264785767,54573,54584,11
12.8615999222,80.2265014648,54584,54594,10
12.8627901077,80.2264480591,54594,54604,10
12.8640899658,80.2264785767,54604,54615,11
12.8654403687,80.2265396118,54615,54625,10
12.8664999008,80.2264785767,54625,54635,10
12.8673696518,80.2264022827,54635,54645,10
12.8684902191,80.2263031006,54645,54655,10
12.8699502945,80.2264785767,54655,54665,10
12.8713998795,80.226600647,54665,54675,10
12.8725500107,80.2266082764,54675,54685,10
12.8728704453,80.226600647,54685,54695,10
12.8730602264,80.226600647,54695,54705,10
12.8737201691,80.2266387939,54705,54716,11
12.8747797012,80.2267608643,54716,54726,10
12.8759002686,80.226852417,54726,54736,10
12.87637043,80.2268371582,54736,54746,10
12.8766002655,80.2268295288,54746,54756,10
12.876709938,80.2268218994,54756,54766,10
12.8771095276,80.2268066406,54766,54776,10
12.8780002594,80.2267532349,54776,54786,10
12.8791599274,80.2266998291,54786,54796,10
12.8805704117,80.2266769409,54796,54807,11
12.8821697235,80.2266616821,54807,54817,10
12.8836402893,80.2266311646,54817,54827,10
12.8848800659,80.2266082764,54827,54837,10
12.8852300644,80.2266235352,54837,54847,10
12.8853597641,80.2266464233,54847,54857,10
12.8859300613,80.2267913818,54857,54867,10
12.8868398666,80.2270278931,54867,54877,10
12.8880596161,80.2272262573,54877,54887,10
12.8894901276,80.2272872925,54887,54898,11
12.8911600113,80.2272796631,54898,54908,10
12.8922796249,80.2272720337,54908,54918,10
12.8927898407,80.2273101807,54918,54928,10
12.8936901093,80.227432251,54928,54938,10
12.8948202133,80.2275238037,54938,54948,10
12.8960800171,80.2275772095,54948,54958,10
12.8973999023,80.2276382446,54958,54968,10
12.8986797333,80.2277297974,54968,54978,10
12.8996896744,80.2277603149,54978,54989,11
12.900270462,80.2277526855,54989,54999,10
12.9005298615,80.2277908325,54999,55009,10
12.9005699158,80.2277984619,55009,55019,10
12.9008798599,80.2278366089,55019,55029,10
12.9012699127,80.2278823853,55029,55039,10
12.9018802643,80.227897644,55039,55055,16
12.9025497437,80.2279281616,55055,55067,12
12.9028196335,80.2279586792,55067,55077,10
12.9037103653,80.228012085,55077,55088,11
12.9048099518,80.2280578613,55088,55098,10
12.9058103561,80.2280807495,55098,55118,20
12.9058103561,80.2280807495,55118,55128,10
12.9060401917,80.228012085,55128,55138,10
12.9063396454,80.2280578613,55138,55148,10
12.9069404602,80.2281723022,55148,55158,10
12.9079999924,80.2283477783,55158,55168,10
12.9090204239,80.2285003662,55168,55179,11
12.9102802277,80.2287063599,55179,55189,10
12.9115200043,80.2288513184,55189,55199,10
12.9126901627,80.2290267944,55199,55209,10
12.9136800766,80.2291870117,55209,55219,10
12.9141197205,80.2292633057,55219,55229,10
12.9143199921,80.2293167114,55229,55239,10
12.9150104523,80.2294311523,55239,55249,10
12.9159402847,80.2295684814,55249,55259,10
12.9171104431,80.2296981812,55259,55270,11
12.9187002182,80.229927063,55270,55280,10
12.9202804565,80.230140686,55280,55290,10
12.9218797684,80.2303390503,55290,55300,10
12.9233999252,80.2305679321,55300,55310,10
12.9248504639,80.2307510376,55310,55320,10
12.9258804321,80.2308502197,55320,55330,10
12.9262695313,80.2308731079,55330,55340,10
12.9265403748,80.2308883667,55340,55350,10
12.9273004532,80.231010437,55350,55361,11
12.9283599854,80.2311477661,55361,55371,10
12.9292497635,80.2313079834,55371,55381,10
12.9302396774,80.2315368652,55381,55391,10
12.9312696457,80.231880188,55391,55401,10
12.9324903488,80.2322616577,55401,55411,10
12.9334201813,80.2326126099,55411,55421,10
12.9335403442,80.2326583862,55421,55431,10
12.9339799881,80.2328796387,55431,55441,10
12.9348096848,80.233253479,55441,55451,10
12.9357404709,80.2337036133,55451,55462,11
12.936920166,80.2342300415,55462,55478,16
12.9388999939,80.2351913452,55478,55490,12
12.9398202896,80.2356414795,55490,55500,10
12.9399204254,80.2356796265,55500,55510,10
12.9404602051,80.2358932495,55510,55520,10
12.9413404465,80.2361297607,55520,55530,10
12.9422197342,80.2363433838,55530,55540,10
12.9434499741,80.2370986938,55540,55551,11
12.9444303513,80.2381362915,55551,55561,10
12.9452800751,80.2389984131,55561,55571,10
12.9463500977,80.2395706177,55571,55581,10
12.9472503662,80.2399520874,55581,55591,10
12.9473800659,80.2399902344,55591,55601,10
12.9474401474,80.240020752,55601,55611,10
12.9477596283,80.2401504517,55611,55621,10
12.9484596252,80.2404403687,55621,55631,10
12.9490203857,80.2406692505,55631,55641,10
12.9497203827,80.2409210205,55641,55652,11
12.9505996704,80.2411727905,55652,55662,10
12.9511995316,80.2413635254,55662,55672,10
12.9512996674,80.2413864136,55672,55682,10
12.9515304565,80.2414703369,55682,55692,10
12.9522199631,80.2417297363,55692,55702,10
12.9531698227,80.2421035767,55702,55712,10
12.9541301727,80.2424926758,55712,55722,10
12.9549398422,80.2428283691,55722,55732,10
12.9556798935,80.2430877686,55732,55743,11
12.9562397003,80.243270874,55743,55754,11
12.9563703537,80.2433166504,55754,55765,11
12.9569101334,80.2435836792,55765,55775,10
12.957909584,80.2440414429,55775,55785,10
12.9590797424,80.2445526123,55785,55795,10
12.9604701996,80.2451782227,55795,55805,10
12.9618196487,80.2457962036,55805,55815,10
12.9628095627,80.2462921143,55815,55825,10
12.9633102417,80.2464599609,55825,55866,41
12.9633102417,80.2464599609,55866,55876,10
12.9635000229,80.2464523315,55876,55886,10
12.9639797211,80.2467193604,55886,55896,10
12.9647798538,80.2470703125,55896,55906,10
12.9658002853,80.2474365234,55906,55916,10
12.9668903351,80.2479095459,55916,55937,21
12.9668903351,80.2479095459,55937,55947,10
12.9669399261,80.2479705811,55947,55957,10
12.9672803879,80.2481765747,55957,55967,10
12.9681596756,80.2485198975,55967,55977,10
12.9694004059,80.2489776611,55977,55987,10
12.9707698822,80.2495117188,55987,55997,10
12.972240448,80.2499084473,55997,56007,10
12.9736003876,80.250289917,56007,56018,11
12.9754400253,80.250831604,56018,56028,10
12.9768600464,80.2512435913,56028,56038,10
12.9779901505,80.251953125,56038,56048,10
12.9785404205,80.2523117065,56048,56058,10
12.9785804749,80.2523269653,56058,56068,10
12.9790401459,80.2525177002,56068,56078,10
12.9799203873,80.2526092529,56078,56088,10
12.9809503555,80.2525863647,56088,56098,10
12.982049942,80.252571106,56098,56109,11
12.9835100174,80.2524490356,56109,56119,10
12.9845695496,80.2521591187,56119,56129,10
12.9854602814,80.2519073486,56129,56139,10
12.9860401154,80.251739502,56139,56200,61
12.9860401154,80.251739502,56200,56210,10
12.9862203598,80.251663208,56210,56220,10
12.986579895,80.2515869141,56220,56230,10
12.9866504669,80.2515869141,56230,56240,10
12.9869804382,80.2515029907,56240,56250,10
12.987449646,80.251373291,56250,56260,10
12.9880895615,80.2512283325,56260,56270,10
12.9890403748,80.2509765625,56270,56280,10
12.9895200729,80.2508392334,56280,56290,10
12.9897203445,80.2508392334,56290,56301,11
12.9904403687,80.2506866455,56301,56311,10
12.991350174,80.2504806519,56311,56321,10
12.9925003052,80.2501678467,56321,56331,10
12.9938201904,80.2498168945,56331,56341,10
12.9951896667,80.249458313,56341,56351,10
12.9966802597,80.2491226196,56351,56361,10
12.9982795715,80.2487106323,56361,56370,9
12.999710083,80.248336792,56370,56381,11
13.0011501312,80.2479934692,56381,56392,11
13.0020599365,80.247756958,56392,56402,10
13.0026798248,80.2476196289,56402,56412,10
13.0036401749,80.2474517822,56412,56422,10
13.0047597885,80.2473068237,56422,56432,10
13.0058097839,80.2470779419,56432,56442,10
13.0064296722,80.2465896606,56442,56452,10
13.0064401627,80.2465362549,56452,56462,10
13.006529808,80.2462387085,56462,56472,10
13.0065698624,80.2455291748,56472,56483,11
13.0065803528,80.244758606,56483,56493,10
13.0066003799,80.2442016602,56493,56503,10
13.0065603256,80.2435836792,56503,56513,10
13.0065202713,80.2429275513,56513,56523,10
13.0065002441,80.2420196533,56523,56533,10
13.0065603256,80.2409133911,56533,56543,10
13.0067396164,80.2400436401,56543,56553,10
13.0068998337,80.2391204834,56553,56563,10
13.0071201324,80.238067627,56563,56574,11
13.007349968,80.2370071411,56574,56584,10
13.0073795319,80.2367401123,56584,56594,10
13.0074300766,80.2366714478,56594,56604,10
13.0075702667,80.2362289429,56604,56614,10
13.0076999664,80.235496521,56614,56624,10
13.0077400208,80.2352218628,56624,56634,10
13.0078802109,80.2346572876,56634,56644,10
13.0080499649,80.2337722778,56644,56654,10
13.0082902908,80.2325897217,56654,56665,11
13.0085601807,80.2312011719,56665,56675,10
13.0087900162,80.2299194336,56675,56685,10
13.0090303421,80.2287216187,56685,56695,10
13.0094099045,80.2276611328,56695,56705,10
13.0099201202,80.2265167236,56705,56715,10
13.0103998184,80.2254562378,56715,56725,10
13.0106296539,80.2249526978,56725,56735,10
13.0109100342,80.2243270874,56735,56745,10
13.0113401413,80.2233123779,56745,56755,10
13.0116300583,80.2226104736,56755,56765,10
13.0119495392,80.2218475342,56765,56776,11
13.0123500824,80.2215576172,56776,56786,10
13.0126399994,80.2219390869,56786,56796,10
13.0131597519,80.2225494385,56796,56806,10
13.0137901306,80.2232437134,56806,56816,10
13.0144195557,80.223991394,56816,56826,10
13.0150203705,80.2245178223,56826,56836,10
13.0155200958,80.2249679565,56836,56846,10
13.0156097412,80.2250213623,56846,56857,11
13.0158195496,80.2252120972,56857,56867,10
13.0165395737,80.2252731323,56867,56877,10
13.017539978,80.2249069214,56877,56887,10
13.0185604095,80.2244873047,56887,56897,10
13.0192899704,80.224319458,56897,56907,10
13.0195999146,80.2244415283,56907,56917,10
13.0199098587,80.224647522,56917,56927,10
13.0203399658,80.2249908447,56927,56937,10
13.020819664,80.2253417969,56937,56948,11
13.0214195251,80.2258071899,56948,56958,10
13.0221300125,80.2263412476,56958,56968,10
13.0225000381,80.2266235352,56968,56978,10
13.0225200653,80.2266235352,56978,56988,10
13.0226297379,80.2267227173,56988,56998,10
13.0229902267,80.2270736694,56998,57008,10
13.0234899521,80.2275466919,57008,57018,10
13.023900032,80.2279205322,57018,57028,10
13.0242204666,80.228302002,57028,57039,11
13.0246295929,80.2288818359,57039,57049,10
13.0250301361,80.2294082642,57049,57059,10
13.0255098343,80.2300415039,57059,57069,10
13.0257902145,80.2304992676,57069,57079,10
13.0259103775,80.2307891846,57079,57089,10
13.0260095596,80.2310562134,57089,57140,51
13.0260095596,80.2310562134,57140,57150,10
13.026049614,80.2312316895,57150,57160,10
13.0261802673,80.2317276001,57160,57170,10
13.0264101028,80.2325363159,57170,57180,10
13.0267696381,80.233253479,57180,57190,10
13.0271902084,80.2339401245,57190,57200,10
13.0276603699,80.2347717285,57200,57210,10
13.0281400681,80.2355880737,57210,57220,10
13.0288200378,80.2363510132,57220,57231,11
13.0295000076,80.2370376587,57231,57241,10
13.0296001434,80.237159729,57241,57251,10
13.0297803879,80.2374267578,57251,57261,10
13.0301399231,80.2380599976,57261,57271,10
13.0306301117,80.2389068604,57271,57281,10
13.0311002731,80.2396774292,57281,57291,10
13.0312404633,80.2398986816,57291,57301,10
13.0314397812,80.2402572632,57301,57311,10
13.0314598083,80.2406768799,57311,57322,11
13.0315704346,80.2409591675,57322,57332,10
13.0317802429,80.2414093018,57332,57342,10
13.0320596695,80.2420196533,57342,57352,10
13.0325698853,80.2426223755,57352,57362,10
13.0332202911,80.2434997559,57362,57372,10
13.0338897705,80.2443389893,57372,57382,10
13.0344800949,80.2450485229,57382,57392,10
13.0348901749,80.2455368042,57392,57402,10
13.035030365,80.2456817627,57402,57413,11
13.0353498459,80.2459182739,57413,57423,10
13.0357398987,80.24609375,57423,57433,10
13.0358600616,80.2461395264,57433,57443,10
13.0360498428,80.2462997437,57443,57453,10
13.0366201401,80.246421814,57453,57463,10
13.0372695923,80.2465209961,57463,57473,10
13.0378398895,80.2464981079,57473,57482,9
13.0390100479,80.2468032837,57482,57544,62
13.0390100479,80.2468032837,57544,57554,10
13.0392799377,80.246887207,57554,57564,10
13.0399503708,80.2470169067,57564,57574,10
13.0410203934,80.2472381592,57574,57584,10
13.0420598984,80.2474365234,57584,57594,10
13.0428199768,80.2477264404,57594,57605,11
13.0436201096,80.2478790283,57605,57615,10
13.0439300537,80.2478179932,57615,57625,10
13.0439996719,80.2478103638,57625,57635,10
13.0442304611,80.2479095459,57635,57645,10
13.0447301865,80.2479934692,57645,57655,10
13.04529953,80.2482299805,57655,57665,10
13.0461196899,80.2484817505,57665,57675,10
13.0469198227,80.2483901978,57675,57685,10
13.0470399857,80.2484130859,57685,57696,11
13.047249794,80.2485427856,57696,57706,10
13.0473499298,80.2486190796,57706,57716,10
13.0475797653,80.2488327026,57716,57726,10
13.0477199554,80.2489776611,57726,57736,10
13.0477399826,80.2490005493,57736,57746,10
13.0478496552,80.2491226196,57746,57756,10
13.0479698181,80.249206543,57756,57766,10
13.0481300354,80.249382019,57766,57776,10
13.0483198166,80.2495269775,57776,57787,11
13.0487203598,80.2496566772,57787,57797,10
13.0489997864,80.2497024536,57797,57807,10
13.0495300293,80.2497634888,57807,57817,10
13.0501403809,80.2498703003,57817,57827,10
13.050860405,80.250038147,57827,57837,10
13.051659584,80.2503585815,57837,57847,10
13.0521602631,80.250793457,57847,57857,10
13.0525798798,80.2513427734,57857,57867,10
13.0531797409,80.2521362305,57867,57877,10
13.053730011,80.2528915405,57877,57888,11
13.0542602539,80.253616333,57888,57898,10
13.0547304153,80.2542419434,57898,57908,10
13.0552196503,80.2548370361,57908,57918,10
13.0554599762,80.2551727295,57918,57928,10
13.0555801392,80.255317688,57928,57938,10
13.0558204651,80.2556686401,57938,57948,10
13.0560998917,80.2560272217,57948,57958,10
13.0563201904,80.2563095093,57958,57968,10
13.05671978,80.2567367554,57968,57979,11
13.0573596954,80.2573013306,57979,57989,10
13.0576601028,80.2575683594,57989,57999,10
13.0579395294,80.2578582764,57999,58009,10
13.0583000183,80.2582473755,58009,58019,10
13.058719635,80.2587585449,58019,58029,10
13.0591096878,80.2592926025,58029,58039,10
13.0593204498,80.2597427368,58039,58049,10
13.0597696304,80.2601470947,58049,58059,10
13.0603704453,80.2607727051,58059,58070,11
13.0607099533,80.2611999512,58070,58080,10
13.0607204437,80.2612228394,58080,58090,10
13.0608797073,80.2614593506,58090,58100,10
13.0612602234,80.2619171143,58100,58110,10
13.0616102219,80.2623291016,58110,58120,10
13.0620603561,80.2629165649,58120,58130,10
13.0625801086,80.2635879517,58130,58140,10
13.0631198883,80.2642288208,58140,58150,10
13.0634698868,80.2646789551,58150,58161,11
13.0636796951,80.2649993896,58161,58171,10
13.0637302399,80.2650985718,58171,58181,10
13.0638198853,80.2652435303,58181,58191,10
13.0638303757,80.2652511597,58191,58201,10
13.0639200211,80.2654418945,58201,58211,10
13.0640802383,80.2656784058,58211,58221,10
13.0643596649,80.2660217285,58221,58231,10
13.064620018,80.2663269043,58231,58241,10
13.0648002625,80.2665405273,58241,58252,11
13.0650100708,80.2668380737,58252,58262,10
13.0655002594,80.2671737671,58262,58272,10
13.0656404495,80.2673034668,58272,58282,10
13.0658597946,80.2676010132,58282,58291,9
13.0662002563,80.2680435181,58291,58302,11
13.0664396286,80.2683410645,58302,58312,10
13.066450119,80.2683410645,58312,58322,10
13.0665197372,80.2683868408,58322,58332,10
13.0669403076,80.2686386108,58332,58342,10
13.0675697327,80.2690505981,58342,58353,11
13.0682001114,80.2694778442,58353,58363,10
13.0682001114,80.2698898315,58363,58373,10
13.0681600571,80.2703323364,58373,58383,10
13.0681295395,80.2706604004,58383,58393,10
13.0681295395,80.2710189819,58393,58403,10
13.0681695938,80.2712936401,58403,58413,10
13.0683202744,80.2714614868,58413,58423,10
13.068570137,80.2717285156,58423,58433,10
13.0685796738,80.2717514038,58433,58444,11
13.0687999725,80.2718582153,58444,58454,10
13.0689401627,80.2718963623,58454,58464,10
13.0693302155,80.2722015381,58464,58474,10
13.0698003769,80.2726974487,58474,58484,10
13.0701599121,80.2730865479,58484,58494,10
13.0705299377,80.2735519409,58494,58504,10
13.0711202621,80.2740631104,58504,58514,10
13.0713396072,80.2741165161,58514,58545,31
13.0713396072,80.2741165161,58545,58555,10
13.0715799332,80.2742614746,58555,58565,10
13.0720796585,80.2746887207,58565,58575,10
13.0726699829,80.2753295898,58575,58585,10
13.0733604431,80.2760772705,58585,58595,10
13.0740995407,80.2763824463,58595,58605,10
13.0748901367,80.2763519287,58605,58615,10
13.075920105,80.2763137817,58615,58626,11
13.0770101547,80.276260376,58626,58636,10
13.07791996,80.2761993408,58636,58646,10
13.07833004,80.2754516602,58646,58656,10
13.0791397095,80.2751693726,58656,58696,40
13.0791397095,80.2751693726,58696,58706,10
13.0791597366,80.275177002,58706,58717,11
13.0796499252,80.2752838135,58717,58727,10
13.0801401138,80.2752685547,58727,58866,139
13.0801401138,80.2752685547,58866,58876,10
13.0802402496,80.2752609253,58876,58886,10
13.0806303024,80.2752304077,58886,58896,10
13.0811100006,80.275177002,58896,58976,80
13.0811100006,80.275177002,58976,58986,10
13.0814304352,80.2751464844,58986,58997,11
13.0820102692,80.2753601074,58997,59048,51
13.0820102692,80.2753601074,59048,59058,10
13.0820703506,80.2756576538,59058,59595,537
13.0820703506,80.2757034302,59595,59908,313
13.0820703506,80.2757034302,59908,59918,10
13.0820798874,80.2756881714,59918,59929,11
13.0819501877,80.2759780884,59929,59959,30
13.0819501877,80.2759780884,59959,59969,10
13.0818595886,80.2763214111,59969,59979,10
13.0819501877,80.2769927979,59979,59989,10
13.0820598602,80.2777404785,59989,59999,10
13.0822601318,80.2780609131,59999,60009,10
13.0828399658,80.2780990601,60009,60020,11
13.0832901001,80.2781295776,60020,60030,10
13.0834598541,80.2784194946,60030,60040,10
13.0835504532,80.278968811,60040,60050,10
13.0829000473,80.2788314819,60050,60080,30
13.0829000473,80.2788314819,60080,60090,10
13.0826997757,80.2787399292,60090,60100,10
13.0823497772,80.2786026001,60100,60111,11
13.0819797516,80.2783584595,60111,60121,10
13.0819196701,80.2779083252,60121,60131,10
13.0818796158,80.2774505615,60131,60141,10
13.0818595886,80.2771682739,60141,60151,10
13.0817499161,80.2764511108,60151,60161,10
13.0815496445,80.2758178711,60161,60171,10
13.0815200806,80.275680542,60171,60181,10
13.0814399719,80.2753372192,60181,60191,10
13.0809602737,80.2752685547,60191,60201,10
13.0802602768,80.2753372192,60201,60212,11
13.0794897079,80.2753372192,60212,60222,10
13.078789711,80.2752075195,60222,60232,10
13.0782699585,80.2757415771,60232,60242,10
13.0777301788,80.2762680054,60242,60252,10
13.0768899918,80.2763137817,60252,60262,10
13.0760402679,80.2763519287,60262,60272,10
13.0751800537,80.2763824463,60272,60282,10
13.0743503571,80.2764129639,60282,60292,10
13.0740003586,80.2764663696,60292,60303,11
13.0733699799,80.2763595581,60303,60313,10
13.0728197098,80.275680542,60313,60323,10
13.0722398758,80.275062561,60323,60333,10
13.0719995499,80.2748031616,60333,60343,10
13.071969986,80.274772644,60343,60353,10
13.0719003677,80.2747116089,60353,60363,10
13.0713500977,80.2745285034,60363,60373,10
13.0708398819,80.2743682861,60373,60383,10
13.0705499649,80.2739181519,60383,60394,11
13.0702199936,80.2733688354,60394,60404,10
13.0697803497,80.272819519,60404,60414,10
13.0692901611,80.2723236084,60414,60424,10
13.0688695908,80.2720184326,60424,60434,10
13.0685195923,80.2720108032,60434,60495,61
13.0685195923,80.2720108032,60495,60505,10
13.0684204102,80.2719116211,60505,60515,10
13.0680398941,80.2714385986,60515,60525,10
13.0675096512,80.2707290649,60525,60535,10
13.0668401718,80.2700424194,60535,60545,10
13.0664997101,80.2694625854,60545,60555,10
13.0664100647,80.2687301636,60555,60565,10
13.065990448,80.2680206299,60565,60575,10
13.0656900406,80.2677612305,60575,60596,21
13.0656900406,80.2677612305,60596,60606,10
13.0654296875,80.2677001953,60606,60616,10
13.0653600693,80.2676773071,60616,60626,10
13.0651903152,80.2676391602,60626,60636,10
13.0646800995,80.2675323486,60636,60646,10
13.0642499924,80.2674407959,60646,60656,10
13.06387043,80.2673721313,60656,60666,10
13.0632295609,80.2672729492,60666,60677,11
13.0626497269,80.2670516968,60677,60693,16
13.0623397827,80.2667007446,60693,60705,12
13.0617904663,80.2660064697,60705,60715,10
13.0614004135,80.2655181885,60715,60725,10
13.0608701706,80.2652282715,60725,60735,10
13.0604600906,80.2654190063,60735,60745,10
13.0602197647,80.2655181885,60745,60755,10
13.0596199036,80.2655792236,60755,60766,11
13.0588903427,80.2654876709,60766,60776,10
13.0584201813,80.2654571533,60776,60796,20
13.0584201813,80.2654571533,60796,60806,10
13.0581502914,80.2652435303,60806,60816,10
13.0579795837,80.2645492554,60816,60826,10
13.0578603745,80.2637863159,60826,60836,10
13.0577802658,80.2628707886,60836,60846,10
13.0576696396,80.2621765137,60846,60856,10
13.0575504303,80.2615966797,60856,60867,11
13.0574598312,80.261177063,60867,60877,10
13.0573301315,80.2605895996,60877,60887,10
13.0571098328,80.259803772,60887,60897,10
13.0569400787,80.2592468262,60897,60907,10
13.0568399429,80.2589035034,60907,60917,10
13.0567398071,80.2586593628,60917,60927,10
13.0566596985,80.2584228516,60927,60937,10
13.0566196442,80.2582092285,60937,60947,10
13.0565595627,80.2579421997,60947,60958,11
13.0565395355,80.2576293945,60958,60968,10
13.0564498901,80.2572631836,60968,60978,10
13.056429863,80.2571105957,60978,60998,20
13.056429863,80.2571105957,60998,61008,10
13.0563697815,80.2568969727,61008,61018,10
13.0563602448,80.2568588257,61018,61028,10
13.0563297272,80.2566986084,61028,61038,10
13.0561800003,80.256362915,61038,61049,11
13.0558099747,80.255821228,61049,61059,10
13.0553197861,80.2551269531,61059,61069,10
13.0547304153,80.2543716431,61069,61079,10
13.0542402267,80.2536773682,61079,61089,10
13.0539903641,80.2533569336,61089,61099,10
13.0535297394,80.2527084351,61099,61109,10
13.0529603958,80.2519226074,61109,61119,10
13.0523700714,80.2511291504,61119,61129,10
13.0518598557,80.250541687,61129,61140,11
13.0509796143,80.2500915527,61140,61150,10
13.0499000549,80.2498626709,61150,61160,10
13.048740387,80.249710083,61160,61170,10
13.0478897095,80.249206543,61170,61180,10
13.047249794,80.2487030029,61180,61190,10
13.0470399857,80.248626709,61190,61200,10
13.0469799042,80.2485961914,61200,61210,10
13.0467596054,80.2486114502,61210,61220,10
13.0461597443,80.248550415,61220,61230,10
13.0454797745,80.2483291626,61230,61241,11
13.0451803207,80.2482070923,61241,61251,10
13.0448703766,80.2481384277,61251,61261,10
13.0445804596,80.2480926514,61261,61271,10
13.0443201065,80.248046875,61271,61281,10
13.0440702438,80.2479934692,61281,61291,10
13.0437402725,80.2479324341,61291,61301,10
13.0432701111,80.2478637695,61301,61311,10
13.042719841,80.2477416992,61311,61321,10
13.0420398712,80.2475891113,61321,61332,11
13.0412502289,80.2474136353,61332,61342,10
13.0403795242,80.2472610474,61342,61352,10
13.0397596359,80.2471466064,61352,61361,9
13.0395097733,80.2471008301,61361,61372,11
13.0391397476,80.2469787598,61372,61382,10
13.0386800766,80.2468566895,61382,61392,10
13.0383996964,80.2468109131,61392,61402,10
13.0381498337,80.2467803955,61402,61412,10
13.037560463,80.2466812134,61412,61423,11
13.0367803574,80.2465209961,61423,61433,10
13.0364999771,80.2464370728,61433,61443,10
13.036359787,80.2462921143,61443,61453,10
13.0358800888,80.2461776733,61453,61463,10
13.0352602005,80.2460708618,61463,61473,10
13.0351600647,80.2460632324,61473,61483,10
13.0348997116,80.2458190918,61483,61499,16
13.0343399048,80.2450714111,61499,61511,12
13.0337696075,80.2444000244,61511,61522,11
13.0330600739,80.2435379028,61522,61532,10
13.032699585,80.2430877686,61532,61602,70
13.032699585,80.2430877686,61602,61613,11
13.0325803757,80.2429122925,61613,61623,10
13.0323600769,80.2426071167,61623,61643,20
13.0323600769,80.2426071167,61643,61653,10
13.0321598053,80.2423400879,61653,61663,10
13.0319004059,80.2418518066,61663,61774,111
13.0319004059,80.2418518066,61774,61784,10
13.0317802429,80.2416229248,61784,61795,11
13.031419754,80.2408599854,61795,61805,10
13.0311203003,80.2401733398,61805,61815,10
13.030790329,80.2394638062,61815,61825,10
13.0303401947,80.2386169434,61825,61835,10
13.0297803879,80.2376480103,61835,61845,10
13.0291996002,80.2369537354,61845,61855,10
13.0290899277,80.2368087769,61855,61865,10
13.0286798477,80.236366272,61865,61875,10
13.0280303955,80.2356414795,61875,61885,10
13.0274200439,80.2346420288,61885,61896,11
13.0267601013,80.2335662842,61896,61905,9
13.0264701843,80.2330627441,61905,61916,11
13.0263004303,80.2326889038,61916,61926,10
13.0262002945,80.2323684692,61926,61936,10
13.0261297226,80.2321929932,61936,61946,10
13.0261201859,80.2320098877,61946,61956,10
13.0260295868,80.2317581177,61956,61966,10
13.0259504318,80.2314605713,61966,61976,10
13.0256700516,80.2306289673,61976,61987,11
13.0249700546,80.2295379639,61987,61997,10
13.0246400833,80.2291412354,61997,62007,10
13.0246400833,80.229133606,62007,62017,10
13.0246200562,80.2291030884,62017,62027,10
13.0243501663,80.2287063599,62027,62037,10
13.0234003067,80.2276611328,62037,62067,30
13.0234003067,80.2276611328,62067,62078,11
13.0233201981,80.2275924683,62078,62088,10
13.023150444,80.2274169922,62088,62098,10
13.0226802826,80.2269363403,62098,62108,10
13.0219802856,80.2262802124,62108,62118,10
13.0212402344,80.2257003784,62118,62128,10
13.0205497742,80.2252197266,62128,62138,10
13.0200004578,80.2248382568,62138,62148,10
13.0193395615,80.2244796753,62148,62165,17
13.0178003311,80.2249069214,62165,62177,12
13.0167999268,80.2253417969,62177,62187,10
13.0164203644,80.225479126,62187,62197,10
13.015879631,80.2256698608,62197,62207,10
13.0152101517,80.2259292603,62207,62217,10
13.0144300461,80.2262420654,62217,62237,20
13.0144300461,80.2262420654,62237,62247,10
13.0140304565,80.2263412476,62247,62257,10
13.0131902695,80.2266616821,62257,62268,11
13.0120601654,80.2270889282,62268,62278,10
13.011059761,80.2275314331,62278,62288,10
13.0098600388,80.2280502319,62288,62298,10
13.009059906,80.2289199829,62298,62308,10
13.0087404251,80.2303466797,62308,62318,10
13.0084199905,80.2319107056,62318,62328,10
13.0082197189,80.233253479,62328,62338,10
13.0081796646,80.2335586548,62338,62348,10
13.0081501007,80.2336807251,62348,62359,11
13.008020401,80.2342071533,62359,62369,10
13.0079097748,80.2347793579,62369,62379,10
13.0078897476,80.234916687,62379,62389,10
13.0077800751,80.2354507446,62389,62399,10
13.0075998306,80.236328125,62399,62409,10
13.0073795319,80.2373809814,62409,62419,10
13.0071697235,80.2383880615,62419,62429,10
13.0069999695,80.2392730713,62429,62439,10
13.0069198608,80.2397537231,62439,62450,11
13.0068101883,80.2403106689,62450,62460,10
13.0066900253,80.2409973145,62460,62470,10
13.0066299438,80.2417297363,62470,62480,10
13.0066404343,80.2424621582,62480,62490,10
13.0066604614,80.2431869507,62490,62500,10
13.0066604614,80.2439193726,62500,62510,10
13.0066604614,80.2446975708,62510,62520,10
13.0066900253,80.2455215454,62520,62530,10
13.0067100525,80.2461395264,62530,62539,9
13.0067195892,80.2464370728,62539,62551,12
13.0067796707,80.2468032837,62551,62561,10
13.0065603256,80.2473297119,62561,62571,10
13.0061597824,80.2473602295,62571,62581,10
13.0061397552,80.2473678589,62581,62591,10
13.0057201385,80.2473678589,62591,62601,10
13.0048503876,80.2473983765,62601,62611,10
13.0036497116,80.2475509644,62611,62621,10
13.0025196075,80.2477416992,62621,62631,10
13.0013904572,80.248008728,62631,62642,11
12.9999599457,80.2483520508,62642,62652,10
12.9985198975,80.2487106323,62652,62662,10
12.9973297119,80.2490005493,62662,62672,10
12.9959001541,80.2493591309,62672,62682,10
12.9942502975,80.2498092651,62682,62692,10
12.9925003052,80.25025177,62692,62702,10
12.9912099838,80.250617981,62702,62712,10
12.9910697937,80.2506637573,62712,62722,10
12.9906196594,80.2507400513,62722,62733,11
12.989979744,80.2509002686,62733,62743,10
12.9899396896,80.2509078979,62743,62753,10
12.9898996353,80.2509231567,62753,62763,10
12.9894399643,80.2510375977,62763,62773,10
12.9888401031,80.2511825562,62773,62783,10
12.9883203506,80.2513198853,62783,62793,10
12.987830162,80.2514572144,62793,62803,10
12.9875202179,80.2515411377,62803,62813,10
12.9871397018,80.2516479492,62813,62824,11
12.9865198135,80.2518081665,62824,62834,10
12.9857702255,80.2519226074,62834,62844,10
12.9846601486,80.2522277832,62844,62854,10
12.983590126,80.2525100708,62854,62864,10
12.9827404022,80.2526397705,62864,62874,10
12.9819202423,80.2526779175,62874,62884,10
12.9812202454,80.2526931763,62884,62894,10
12.9808597565,80.2527008057,62894,62904,10
12.9806098938,80.2527236938,62904,62914,10
12.9801797867,80.252746582,62914,62925,11
12.979590416,80.2527313232,62925,62935,10
12.9791297913,80.2527008057,62935,62945,10
12.9788198471,80.2526397705,62945,62955,10
12.9784002304,80.2524719238,62955,62966,11
12.9781703949,80.2522888184,62966,62976,10
12.9776201248,80.2517929077,62976,62986,10
12.9766998291,80.2512969971,62986,62996,10
12.9756803513,80.2509994507,62996,63006,10
12.9747695923,80.2507171631,63006,63016,10
12.9738397598,80.2504730225,63016,63027,11
12.972820282,80.2501831055,63027,63037,10
12.9719495773,80.2499465942,63037,63047,10
12.9709396362,80.2496795654,63047,63057,10
12.9698295593,80.2493133545,63057,63067,10
12.9687004089,80.2488479614,63067,63077,10
12.9677095413,80.2484512329,63077,63087,10
12.9669303894,80.2480773926,63087,63097,10
12.9662799835,80.2477798462,63097,63108,11
12.965259552,80.247428894,63108,63128,20
12.965259552,80.247428894,63128,63138,10
12.9648799896,80.2472915649,63138,63148,10
12.9643001556,80.2470703125,63148,63158,10
12.9641895294,80.2470169067,63158,63168,10
12.9641304016,80.2470092773,63168,63178,10
12.9637403488,80.2468566895,63178,63188,10
12.9630699158,80.2465209961,63188,63199,11
12.962100029,80.2460327148,63199,63209,10
12.9611196518,80.2455596924,63209,63219,10
12.9602003098,80.2451477051,63219,63229,10
12.9596300125,80.2449111938,63229,63239,10
12.9595403671,80.2448730469,63239,63249,10
12.9594202042,80.2448196411,63249,63259,10
12.9589004517,80.2445602417,63259,63269,10
12.9581899643,80.2442474365,63269,63279,10
12.9575004578,80.2440109253,63279,63289,10
12.9564399719,80.2436904907,63289,63310,21
12.9564399719,80.2436904907,63310,63320,10
12.9561595917,80.2435913086,63320,63330,10
12.9554700851,80.2431793213,63330,63340,10
12.9544200897,80.2427215576,63340,63350,10
12.9535303116,80.2423400879,63350,63360,10
12.9525403976,80.2419586182,63360,63369,9
12.951789856,80.2417221069,63369,63380,11
12.9516296387,80.2416687012,63380,63391,11
12.9511699677,80.2415008545,63391,63401,10
12.9502696991,80.2412109375,63401,63411,10
12.9493598938,80.2409515381,63411,63421,10
12.9487495422,80.2406997681,63421,63431,10
12.9477996826,80.2402877808,63431,63441,10
12.9470996857,80.2400283813,63441,63461,20
12.9470996857,80.2400283813,63461,63471,10
12.9469203949,80.2399520874,63471,63482,11
12.9462099075,80.2396316528,63482,63492,10
12.9452600479,80.2390899658,63492,63502,10
12.9443397522,80.2381591797,63502,63512,10
12.9434995651,80.2372589111,63512,63522,10
12.9425401688,80.2365570068,63522,63532,10
12.941280365,80.2361831665,63532,63542,10
12.9401702881,80.2359390259,63542,63552,10
12.9400196075,80.2358932495,63552,63562,10
12.9399595261,80.2358627319,63562,63573,11
12.9397296906,80.2357406616,63573,63583,10
12.9391899109,80.2354736328,63583,63593,10
12.9382896423,80.2350006104,63593,63603,10
12.9371595383,80.2344665527,63603,63613,10
12.9361400604,80.2340011597,63613,63623,10
12.9353704453,80.2336196899,63623,63633,10
12.9343204498,80.2331314087,63633,63643,10
12.9336500168,80.2328720093,63643,63659,16
12.9336500168,80.2328567505,63659,63672,13
12.9333496094,80.2327194214,63672,63682,10
12.9326095581,80.232421875,63682,63692,10
12.931520462,80.2320632935,63692,63701,9
12.9302301407,80.2315979004,63701,63712,11
12.928730011,80.2313232422,63712,63721,9
12.9274396896,80.2311630249,63721,63732,11
12.9261598587,80.2310333252,63732,63742,10
12.9260797501,80.2310180664,63742,63752,10
12.9255399704,80.2309494019,63752,63762,10
12.9246196747,80.2308425903,63762,63773,11
12.9233503342,80.2306671143,63773,63783,10
12.9220104218,80.2304382324,63783,63793,10
12.9204502106,80.2302322388,63793,63803,10
12.9189300537,80.2300415039,63803,63813,10
12.9173898697,80.229850769,63813,63823,10
12.9159698486,80.2296524048,63823,63833,10
12.9146795273,80.2294692993,63833,63843,10
12.9136800766,80.2293624878,63843,63854,11
12.9133996964,80.2293319702,63854,63864,10
12.9133701324,80.2293395996,63864,63874,10
12.9129199982,80.2292480469,63874,63884,10
12.9120197296,80.2291183472,63884,63894,10
12.9108104706,80.2289505005,63894,63904,10
12.9094200134,80.2287216187,63904,63914,10
12.908080101,80.2285079956,63914,63924,10
12.9072303772,80.2284011841,63924,63985,61
12.9072303772,80.2284011841,63985,63995,10
12.9072303772,80.2283706665,63995,64005,10
12.9067497253,80.2283172607,64005,64015,10
12.9062795639,80.2282409668,64015,64025,10
12.9053201675,80.228187561,64025,64035,10
12.9041404724,80.2281188965,64035,64046,11
12.9026498795,80.2280578613,64046,64056,10
12.9016399384,80.2280502319,64056,64066,10
12.9011697769,80.2280426025,64066,64086,20
12.9011697769,80.2280426025,64086,64096,10
12.9011001587,80.2280578613,64096,64106,10
12.9007196426,80.2279815674,64106,64116,10
12.9000196457,80.2279205322,64116,64126,10
12.8986597061,80.2278900146,64126,64153,27
12.8986597061,80.2278900146,64153,64165,12
12.898229599,80.2278213501,64165,64175,10
12.8973798752,80.2277832031,64175,64185,10
12.8962497711,80.2277297974,64185,64195,10
12.8951396942,80.2276687622,64195,64205,10
12.8938598633,80.2276000977,64205,64215,10
12.8928403854,80.2275009155,64215,64266,51
12.8928403854,80.2275009155,64266,64276,10
12.892490387,80.2274169922,64276,64286,10
12.8917398453,80.2273635864,64286,64296,10
12.8905696869,80.2273712158,64296,64306,10
12.8891401291,80.2273788452,64306,64316,10
12.8878002167,80.2273025513,64316,64327,11
12.8862600327,80.2270278931,64327,64337,10
12.8851804733,80.2268066406,64337,64347,10
12.8838596344,80.2266082764,64347,64367,20
12.8838596344,80.2266082764,64367,64377,10
12.8834495544,80.2267684937,64377,64387,10
12.882229805,80.2267532349,64387,64397,10
12.8807096481,80.2267684937,64397,64407,10
12.8790302277,80.2267990112,64407,64418,11
12.8773803711,80.2268981934,64418,64428,10
12.8765897751,80.2270202637,64428,64438,10
12.8764896393,80.2270507813,64438,64448,10
12.876159668,80.2269897461,64448,64458,10
12.8753900528,80.2269592285,64458,64468,10
12.874329567,80.2268295288,64468,64478,10
12.8731203079,80.2267379761,64478,64488,10
12.8718795776,80.2266921997,64488,64498,10
12.8705797195,80.2266235352,64498,64509,11
12.8689603806,80.2264633179,64509,64519,10
12.8673295975,80.2265090942,64519,64529,10
12.8655996323,80.2266235352,64529,64539,10
12.8638095856,80.2265701294,64539,64549,10
12.8621997833,80.226600647,64549,64559,10
12.8607997894,80.2266082764,64559,64569,10
12.8595399857,80.2264404297,64569,64579,10
12.8588495255,80.2263412476,64579,64589,10
12.8582696915,80.2262878418,64589,64600,11
12.8571996689,80.2263183594,64600,64610,10
12.8559398651,80.2264404297,64610,64620,10
12.854470253,80.2265777588,64620,64630,10
12.8528499603,80.2266998291,64630,64640,10
12.851269722,80.2266387939,64640,64650,10
12.8497800827,80.2265930176,64650,64660,10
12.8482198715,80.226600647,64660,64670,10
12.8465995789,80.2266235352,64670,64680,10
12.8457298279,80.2266387939,64680,64691,11
12.8454198837,80.2266464233,64691,64731,40
12.8454198837,80.2266464233,64731,64741,10
12.8451595306,80.2265777588,64741,64751,10
12.8444499969,80.2266769409,64751,64761,10
12.8435602188,80.2267608643,64761,64771,10
12.842499733,80.2269668579,64771,64781,10
12.8413200378,80.2272796631,64781,64792,11
12.8402996063,80.2275924683,64792,64802,10
12.8398199081,80.227722168,64802,64812,10
12.8397102356,80.2277603149,64812,64822,10
12.8395700455,80.2277832031,64822,64832,10
12.8392601013,80.2278594971,64832,64842,10
12.8387498856,80.2279663086,64842,64852,10
12.8379201889,80.2281570435,64852,64862,10
12.8369398117,80.2283706665,64862,64872,10
12.836400032,80.2284698486,64872,64933,61
12.836400032,80.2284698486,64933,64943,10
12.8361797333,80.2284927368,64943,64953,10
12.835559845,80.2285766602,64953,64963,10
12.8346996307,80.2287063599,64963,64974,11
12.8335695267,80.2288894653,64974,64983,9
12.8323402405,80.2291564941,64983,65034,51
12.8323402405,80.2291564941,65034,65044,10
12.8322000504,80.2291717529,65044,65054,10
12.8322000504,80.2291793823,65054,65065,11
12.8319501877,80.2292480469,65065,65075,10
12.8314399719,80.2293395996,65075,65085,10
12.8307600021,80.2295837402,65085,65095,10
12.8299198151,80.2298812866,65095,65105,10
12.8289804459,80.2302703857,65105,65115,10
12.8280096054,80.2307891846,65115,65125,10
12.827050209,80.231262207,65125,65135,10
12.8260803223,80.2313919067,65135,65145,10
12.8250198364,80.2314071655,65145,65156,11
12.823849678,80.2312088013,65156,65166,10
12.8228902817,80.2309188843,65166,65176,10
12.8219900131,80.2306213379,65176,65186,10
12.8210296631,80.2304992676,65186,65196,10
12.8200597763,80.2305297852,65196,65206,10
12.8188896179,80.2305221558,65206,65236,30
12.8188896179,80.2305221558,65236,65246,10
12.8187999725,80.2304763794,65246,65257,11
12.8182201385,80.2302017212,65257,65267,10
12.8172903061,80.2297592163,65267,65277,10
12.8160800934,80.2294616699,65277,65287,10
12.8146696091,80.2292480469,65287,65297,10
12.8132095337,80.2288894653,65297,65307,10
12.8117704391,80.2283782959,65307,65317,10
12.8107995987,80.2280578613,65317,65327,10
12.810259819,80.2278213501,65327,65337,10
12.8098096848,80.2276229858,65337,65348,11
12.8093395233,80.2274017334,65348,65388,40
12.8093395233,80.2274017334,65388,65398,10
12.8093299866,80.227432251,65398,65408,10
12.8090200424,80.227180481,65408,65418,10
12.8084201813,80.2266998291,65418,65428,10
12.8076400757,80.226020813,65428,65439,11
12.8068599701,80.2253417969,65439,65449,10
12.8062496185,80.2247924805,65449,65459,10
12.8055200577,80.2242126465,65459,65469,10
12.804889679,80.2240066528,65469,65489,20
12.804889679,80.2240066528,65489,65499,10
12.8046503067,80.2239608765,65499,65509,10
12.8040399551,80.2239227295,65509,65519,10
12.8031196594,80.2238388062,65519,65529,10
12.8020095825,80.2237091064,65529,65540,11
12.8008699417,80.2236175537,65540,65560,20
12.8008699417,80.2236175537,65560,65576,16
12.800239563,80.2235336304,65576,65588,12
12.7991399765,80.2234191895,65588,65598,10
12.7979402542,80.2232666016,65598,65608,10
12.7965297699,80.2230606079,65608,65618,10
12.7957801819,80.2229385376,65618,65649,31
12.7957801819,80.2229385376,65649,65659,10
12.7954998016,80.2228927612,65659,65669,10
12.794839859,80.2227783203,65669,65679,10
12.7938995361,80.2226409912,65679,65689,10
12.7928104401,80.2225036621,65689,65699,10
12.7917299271,80.2222366333,65699,65709,10
12.7905797958,80.2219467163,65709,65720,11
12.7896795273,80.2217178345,65720,65730,10
12.7890100479,80.2214584351,65730,65740,10
12.7881803513,80.2211380005,65740,65750,10
12.7874403,80.2208633423,65750,65760,10
12.7867803574,80.2205963135,65760,65770,10
12.7862596512,80.2203979492,65770,65811,41
12.7862596512,80.2203979492,65811,65821,10
12.78606987,80.2203369141,65821,65831,10
12.7857704163,80.2202072144,65831,65841,10
12.7855195999,80.2200698853,65841,65851,10
12.7845697403,80.2195968628,65851,65881,30
12.7845697403,80.2195968628,65881,65891,10
12.7843799591,80.2194671631,65891,65902,11
12.7841997147,80.2193832397,65902,65912,10
12.7838697433,80.2191925049,65912,65922,10
12.783200264,80.2188110352,65922,65932,10
12.7822399139,80.2182769775,65932,65942,10
12.7810897827,80.2176437378,65942,65952,10
12.779800415,80.2169418335,65952,65962,10
12.7789001465,80.216468811,65962,65972,10
12.7780799866,80.2160491943,65972,65982,10
12.7769899368,80.2155990601,65982,65993,11
12.7756099701,80.2150421143,65993,66003,10
12.7741804123,80.2144622803,66003,66013,10
12.7726097107,80.2138366699,66013,66023,10
12.7711400986,80.2133102417,66023,66033,10
12.7704296112,80.2130966187,66033,66053,20
12.7704296112,80.2130966187,66053,66063,10
12.7700395584,80.2129821777,66063,66073,10
12.7692604065,80.2126998901,66073,66083,10
12.7681798935,80.2122879028,66083,66094,11
12.7667703629,80.211769104,66094,66104,10
12.7652797699,80.211227417,66104,66114,10
12.7636404037,80.2106323242,66114,66124,10
12.7619800568,80.2099761963,66124,66134,10
12.7605495453,80.2092895508,66134,66144,10
12.7595500946,80.2087936401,66144,66154,10
12.759469986,80.2087402344,66154,66163,9
12.7594604492,80.2087173462,66163,66173,10
12.7590799332,80.2085037231,66173,66185,12
12.7581796646,80.2080001831,66185,66195,10
12.7565402985,80.2070999146,66195,66215,20
12.7565402985,80.2070999146,66215,66225,10
12.7565002441,80.2070617676,66225,66235,10
12.7560796738,80.2068328857,66235,66245,10
12.7553300858,80.2064208984,66245,66255,10
12.754360199,80.2058792114,66255,66265,10
12.7531995773,80.2052307129,66265,66276,11
12.7517995834,80.2045211792,66276,66286,10
12.7513799667,80.2043075562,66286,66296,10
12.7513504028,80.2042999268,66296,66306,10
12.7509698868,80.2040863037,66306,66316,10
12.7502403259,80.2037124634,66316,66326,10
12.7492399216,80.2032012939,66326,66336,10
12.7480401993,80.2025909424,66336,66346,10
12.7467098236,80.2019195557,66346,66356,10
12.7452802658,80.2011566162,66356,66367,11
12.7438802719,80.1999206543,66367,66377,10
12.7427196503,80.1985702515,66377,66387,10
12.7416000366,80.1971969604,66387,66407,20
12.7416000366,80.1971969604,66407,66417,10
12.7415399551,80.1970825195,66417,66427,10
12.7412595749,80.196647644,66427,66437,10
12.740819931,80.1960220337,66437,66447,10
12.7402095795,80.1951828003,66447,66458,11
12.7394304276,80.1941070557,66458,66468,10
12.7386398315,80.1930465698,66468,66478,10
12.7378396988,80.1921615601,66478,66488,10
12.7370901108,80.1914215088,66488,66498,10
12.7364397049,80.1907806396,66498,66508,10
12.7359600067,80.1903381348,66508,66518,10
12.7359399796,80.1903305054,66518,66528,10
12.7358703613,80.1902389526,66528,66538,10
12.7354602814,80.1899185181,66538,66548,10
12.7346496582,80.1896209717,66548,66559,11
12.7335195541,80.1895217896,66559,66569,10
12.7324695587,80.1893615723,66569,66579,10
12.7315998077,80.1891937256,66579,66589,10
12.7309398651,80.1891326904,66589,66599,10
12.7304496765,80.1890716553,66599,66609,10
12.7299003601,80.1890029907,66609,66646,37
12.7299003601,80.1890029907,66646,66658,12
12.7295598984,80.1889419556,66658,66668,10
12.7292404175,80.1889190674,66668,66678,10
12.7284402847,80.1887664795,66678,66688,10
12.7274398804,80.1884613037,66688,66698,10
12.7265100479,80.1882629395,66698,66708,10
12.7258901596,80.1881408691,66708,66718,10
12.7254199982,80.188079834,66718,66727,9
12.7250795364,80.188041687,66727,66739,12
12.7250003815,80.1880187988,66739,66749,10
12.7249803543,80.1880264282,66749,66759,10
12.7247600555,80.1879806519,66759,66769,10
12.7243995667,80.1879119873,66769,66779,10
12.7238998413,80.187789917,66779,66789,10
12.7234897614,80.1876525879,66789,66799,10
12.7230501175,80.1875534058,66799,66809,10
12.7227602005,80.187461853,66809,66819,10
12.7224197388,80.1873779297,66819,66830,11
12.7222700119,80.1876220703,66830,66880,50
12.7222700119,80.1876220703,66880,66890,10
12.722240448,80.1877365112,66890,66900,10
12.7221002579,80.1878585815,66900,66910,10
12.7221002579,80.1876220703,66910,67799,889
12.7221002579,80.1876220703,67799,67809,10
12.7224302292,80.1873779297,67809,67819,10
12.7227802277,80.1874694824,67819,67829,10
12.7232198715,80.1875762939,67829,67839,10
12.7236204147,80.1876907349,67839,67850,11
12.7241001129,80.187828064,67850,67860,10
12.7246198654,80.1879425049,67860,67870,10
12.7250900269,80.188041687,67870,67880,10
12.7254199982,80.1880874634,67880,67890,10
12.7257404327,80.1881332397,67890,67900,10
12.7258300781,80.1881484985,67900,67910,10
12.7262897491,80.1882400513,67910,67920,10
12.7270097733,80.1884002686,67920,67937,17
12.7283201218,80.1887664795,67937,67949,12
12.7293796539,80.1889801025,67949,67959,10
12.7297096252,80.1889572144,67959,67969,10
12.7298297882,80.1889801025,67969,67977,8
12.7301197052,80.1890106201,67977,67989,12
12.7303304672,80.1890182495,67989,67999,10
12.7305698395,80.1890792847,67999,68009,10
12.7311201096,80.1891174316,68009,68019,10
12.7318201065,80.1892089844,68019,68030,11
12.7327404022,80.1893768311,68030,68040,10
12.7336902618,80.189491272,68040,68050,10
12.7348203659,80.1895980835,68050,68060,10
12.735830307,80.190071106,68060,68070,10
12.7366104126,80.1908721924,68070,68080,10
12.7374000549,80.1916503906,68080,68090,10
12.7382602692,80.1925125122,68090,68100,10
12.7391300201,80.1936187744,68100,68110,10
12.739780426,80.194442749,68110,68120,10
12.7399997711,80.194770813,68120,68131,11
12.7405500412,80.1955490112,68131,68141,10
12.741230011,80.1965026855,68141,68151,10
12.7418403625,80.1973419189,68151,68161,10
12.741979599,80.1975402832,68161,68171,10
12.7423200607,80.1979827881,68171,68181,10
12.7429704666,80.1987609863,68181,68191,10
12.7438697815,80.1998214722,68191,68201,10
12.7450199127,80.2009506226,68201,68211,10
12.7465801239,80.201789856,68211,68222,11
12.7483100891,80.2026596069,68222,68232,10
12.7498197556,80.2034378052,68232,68242,10
12.7512397766,80.2041625977,68242,68252,10
12.7526702881,80.2049026489,68252,68262,10
12.7540302277,80.2056274414,68262,68272,10
12.7554597855,80.2063980103,68272,68282,10
12.7569198608,80.2072067261,68282,68292,10
12.7583398819,80.2079925537,68292,68302,10
12.7597398758,80.2087631226,68302,68313,11
12.761300087,80.2095794678,68313,68323,10
12.762720108,80.2101974487,68323,68333,10
12.7641601563,80.2107391357,68333,68343,10
12.7656698227,80.2113113403,68343,68359,16
12.7681703568,80.2121963501,68359,68371,12
12.7695503235,80.2127227783,68371,68381,10
12.7708301544,80.2131729126,68381,68391,10
12.771030426,80.2132492065,68391,68401,10
12.7714195251,80.2133865356,68401,68412,11
12.7722301483,80.2137069702,68412,68422,10
12.7730998993,80.2140426636,68422,68431,9
12.7740097046,80.2143936157,68431,68442,11
12.7751398087,80.2148284912,68442,68452,10
12.7763004303,80.2153091431,68452,68462,10
12.7775201797,80.2158126831,68462,68472,10
12.7787799835,80.2163925171,68472,68482,10
12.7802095413,80.2171478271,68482,68492,10
12.7815904617,80.217880249,68492,68503,11
12.782699585,80.2184906006,68503,68513,10
12.7836503983,80.2190170288,68513,68523,10
12.7845201492,80.2195205688,68523,68533,10
12.7851800919,80.2198486328,68533,68543,10
12.7859201431,80.2202301025,68543,68583,40
12.7859201431,80.2202301025,68583,68594,11
12.7861003876,80.2203216553,68594,68604,10
12.7866001129,80.2204818726,68604,68644,40
12.7866001129,80.2204818726,68644,68654,10
12.7868795395,80.2206497192,68654,68664,10
12.7873001099,80.2208099365,68664,68674,10
12.7877902985,80.2210006714,68674,68684,10
12.7884302139,80.2212524414,68684,68695,11
12.7892503738,80.2215423584,68695,68705,10
12.7896995544,80.2217178345,68705,68715,10
12.7903404236,80.221862793,68715,68725,10
12.791270256,80.2220916748,68725,68735,10
12.7924499512,80.222366333,68735,68745,10
12.7938699722,80.2225799561,68745,68755,10
12.7951402664,80.2227783203,68755,68765,10
12.796380043,80.2229690552,68765,68786,21
12.796380043,80.2229690552,68786,68796,10
12.7964401245,80.2229919434,68796,68806,10
12.7968997955,80.2230834961,68806,68816,10
12.7977399826,80.2232284546,68816,68826,10
12.7988004684,80.2233200073,68826,68836,10
12.8000297546,80.223449707,68836,68846,10
12.8011198044,80.2235412598,68846,68856,10
12.8015098572,80.2235794067,68856,68867,11
12.8015403748,80.2235794067,68867,68877,10
12.8019399643,80.2236480713,68877,68887,10
12.802740097,80.2237319946,68887,68897,10
12.8035497665,80.2238311768,68897,68907,10
12.8043498993,80.2238922119,68907,68917,10
12.8047103882,80.2239303589,68917,68927,10
12.8050003052,80.223991394,68927,68937,10
12.8054504395,80.2240982056,68937,68947,10
12.8054895401,80.2241287231,68947,68957,10
12.8056201935,80.2242279053,68957,68968,11
12.8060598373,80.2245788574,68968,68978,10
12.8066596985,80.225112915,68978,68988,10
12.8073797226,80.2257614136,68988,68998,10
12.8082399368,80.2265014648,68998,69008,10
12.8092803955,80.2273025513,69008,69018,10
12.8105297089,80.2278823853,69018,69028,10
12.8119297028,80.2284088135,69028,69038,10
12.8133201599,80.2288970947,69038,69048,10
12.8147201538,80.2292480469,69048,69059,11
12.8162097931,80.2294692993,69059,69069,10
12.8173999786,80.2297592163,69069,69079,10
12.8184900284,80.2302474976,69079,69089,10
12.8194704056,80.23046875,69089,69099,10
12.8197603226,80.2304611206,69099,69109,10
12.8198795319,80.2304611206,69109,69119,10
12.8204298019,80.2304611206,69119,69129,10
12.8213596344,80.2304916382,69129,69139,10
12.8225097656,80.2307434082,69139,69150,11
12.823849678,80.2311325073,69150,69160,10
12.8250303268,80.2313766479,69160,69170,10
12.8262996674,80.2313613892,69170,69180,10
12.827460289,80.2310714722,69180,69190,10
12.8284702301,80.2304916382,69190,69200,10
12.8295602798,80.2299575806,69200,69210,10
12.8306903839,80.2294921875,69210,69261,51
12.8306903839,80.2294921875,69261,69271,10
12.8308601379,80.2294235229,69271,69287,16
12.831609726,80.2291793823,69287,69299,12
12.8321695328,80.2291107178,69299,69309,10
12.8328504562,80.2289886475,69309,69319,10
12.8336896896,80.2288513184,69319,69329,10
12.8346395493,80.2286834717,69329,69340,11
12.8358697891,80.2285003662,69340,69349,9
12.8368997574,80.2283401489,69349,69360,11
12.8377799988,80.2281723022,69360,69369,9
12.838259697,80.2280731201,69369,69380,11
12.838470459,80.2280197144,69380,69390,10
12.8386898041,80.2279586792,69390,69410,20
12.8386898041,80.2279586792,69410,69420,10
12.8389797211,80.2278671265,69420,69501,81
12.83934021,80.2276992798,69501,69522,21
12.83934021,80.2276992798,69522,69532,10
12.8396100998,80.2276382446,69532,69542,10
12.8400802612,80.2275695801,69542,69552,10
12.8407802582,80.2273864746,69552,69562,10
12.8413696289,80.2272109985,69562,69572,10
12.841799736,80.2270965576,69572,69582,10
12.8423204422,80.2269821167,69582,69693,111
12.8423204422,80.2269821167,69693,69704,11
12.8426799774,80.2269134521,69704,69714,10
12.84333992,80.2268066406,69714,69724,10
12.84416008,80.2267303467,69724,69734,10
12.8453702927,80.226600647,69734,69774,40
12.8453702927,80.226600647,69774,69784,10
12.8457603455,80.2266082764,69784,69795,11
12.846540451,80.2266235352,69795,69804,9
12.8473596573,80.2266235352,69804,69815,11
12.8484897614,80.2266235352,69815,69825,10
12.8495998383,80.2266235352,69825,69835,10
12.8507404327,80.2266311646,69835,69845,10
12.8519201279,80.2266769409,69845,69855,10
12.8530702591,80.2267227173,69855,69865,10
12.8541603088,80.2265930176,69865,69875,10
12.855050087,80.2265014648,69875,69885,10
12.8557100296,80.2264328003,69885,69896,11
12.8562297821,80.2263793945,69896,69906,10
12.8565502167,80.2263412476,69906,70047,141
12.8565502167,80.2263412476,70047,70057,10
12.8565797806,80.2263336182,70057,70067,10
12.8570699692,80.2262878418,70067,70078,11
12.8579597473,80.2262496948,70078,70088,10
12.858710289,80.2262802124,70088,70098,10
12.8596897125,80.2264175415,70098,70108,10
12.8607797623,80.2265625,70108,70128,20
12.8607797623,80.2265625,70128,70138,10
12.8609199524,80.2265777588,70138,70148,10
12.8614997864,80.2265930176,70148,70158,10
12.8624095917,80.2265625,70158,70169,11
12.8636198044,80.2265396118,70169,70179,10
12.8648099899,80.2265930176,70179,70189,10
12.8659296036,80.226600647,70189,70199,10
12.8668804169,80.2265396118,70199,70209,10
12.867939949,80.2264404297,70209,70219,10
12.869020462,80.2264709473,70219,70229,10
12.8700199127,80.2265930176,70229,70239,10
12.871049881,80.2266616821,70239,70249,10
12.8720598221,80.2266921997,70249,70259,10
12.8727903366,80.2266998291,70259,70270,11
12.8736095428,80.2267379761,70270,70280,10
12.8745603561,80.2268371582,70280,70290,10
12.8753995895,80.2269287109,70290,70300,10
12.8757400513,80.2269515991,70300,70310,10
12.8759803772,80.2269592285,70310,70340,30
12.8759803772,80.2269592285,70340,70350,10
12.876159668,80.2269592285,70350,70361,11
12.8764095306,80.2269668579,70361,70371,10
12.8767299652,80.2269363403,70371,70391,20
12.8767299652,80.2269363403,70391,70401,10
12.8770503998,80.2269287109,70401,70411,10
12.877820015,80.2268676758,70411,70421,10
12.8787603378,80.2267990112,70421,70431,10
12.8801603317,80.2267608643,70431,70441,10
12.8815097809,80.2267608643,70441,70452,11
12.8829698563,80.2267303467,70452,70462,10
12.8841199875,80.2267227173,70462,70472,10
12.8848199844,80.2267227173,70472,70482,10
12.8850698471,80.2267303467,70482,70492,10
12.8852396011,80.2267303467,70492,70502,10
12.8854198456,80.2267684937,70502,70512,10
12.8860397339,80.2269287109,70512,70522,10
12.8869600296,80.2271575928,70522,70532,10
12.8880300522,80.2273178101,70532,70543,11
12.8894500732,80.2273712158,70543,70553,10
12.8907804489,80.2273712158,70553,70563,10
12.8918199539,80.2273712158,70563,70573,10
12.8921804428,80.2273712158,70573,70583,10
12.8924798965,80.2274169922,70583,70593,10
12.8931999207,80.2275238037,70593,70603,10
12.8940401077,80.2276229858,70603,70613,10
12.8950004578,80.2276763916,70613,70623,10
12.8960599899,80.227722168,70623,70634,11
12.8973503113,80.2277832031,70634,70644,10
12.8983802795,80.2278137207,70644,70654,10
12.8991699219,80.2278366089,70654,70664,10
12.8997602463,80.2278823853,70664,70674,10
12.9001998901,80.2278900146,70674,70836,162
12.9001998901,80.2278900146,70836,70846,10
12.9004297256,80.2278900146,70846,70856,10
12.9006900787,80.2279129028,70856,70866,10
12.9010801315,80.2279434204,70866,70876,10
12.9015197754,80.2279815674,70876,70886,10
12.902299881,80.2279968262,70886,70917,31
12.902299881,80.2279968262,70917,70927,10
12.9024095535,80.2280197144,70927,70937,10
12.902879715,80.2280273438,70937,70947,10
12.9035196304,80.2280731201,70947,70957,10
12.9039096832,80.2281188965,70957,70967,10
12.9043502808,80.2281417847,70967,70977,10
12.9048900604,80.2281570435,70977,71038,61
12.9048900604,80.2281570435,71038,71048,10
12.9051599503,80.2281799316,71048,71058,10
12.905380249,80.2282180786,71058,71068,10
12.9055500031,80.2282409668,71068,71078,10
12.9058799744,80.2282485962,71078,71119,41
12.9058799744,80.2282485962,71119,71129,10
12.9059495926,80.2282485962,71129,71139,10
12.9061803818,80.2282714844,71139,71149,10
12.9063501358,80.2282867432,71149,71159,10
12.9065799713,80.2283096313,71159,71169,10
12.9072303772,80.2283782959,71169,71179,10
12.9081497192,80.2285232544,71179,71189,10
12.9091596603,80.2286834717,71189,71200,11
12.9104003906,80.2288665771,71200,71210,10
12.9115495682,80.2290420532,71210,71220,10
12.9127702713,80.2292022705,71220,71230,10
12.9137496948,80.229309082,71230,71240,10
12.9138803482,80.2293319702,71240,71250,10
12.9139499664,80.229347229,71250,71260,10
12.9144201279,80.2294387817,71260,71270,10
12.9153299332,80.2295608521,71270,71280,10
12.9165096283,80.2297210693,71280,71291,11
12.9176301956,80.2298736572,71291,71301,10
12.9186897278,80.2300262451,71301,71311,10
12.9196596146,80.2301635742,71311,71321,10
12.9206399918,80.2302780151,71321,71331,10
12.9218797684,80.2304382324,71331,71341,10
12.9232702255,80.2306594849,71341,71351,10
12.9245595932,80.2308197021,71351,71361,10
12.9257602692,80.2309494019,71361,71371,10
12.926320076,80.2310028076,71371,71382,11
12.9263296127,80.2310028076,71382,71392,10
12.9268198013,80.2310562134,71392,71402,10
12.9277000427,80.2311630249,71402,71412,10
12.9285202026,80.2312469482,71412,71422,10
12.9286603928,80.2312774658,71422,71432,10
12.9288797379,80.2313232422,71432,71442,10
12.9296197891,80.2314910889,71442,71452,10
12.9306697845,80.2317810059,71452,71462,10
12.9318704605,80.232170105,71462,71473,11
12.9335899353,80.2327880859,71473,71493,20
12.9336595535,80.2328262329,71493,71513,20
12.9336595535,80.2328262329,71513,71523,10
12.9337596893,80.2328796387,71523,71533,10
12.9343099594,80.2331314087,71533,71543,10
12.9351301193,80.2334976196,71543,71553,10
12.9355802536,80.2337036133,71553,71564,11
12.9358997345,80.2338485718,71564,71574,10
12.9364204407,80.2341003418,71574,71584,10
12.9370803833,80.2343978882,71584,71594,10
12.9379997253,80.2348403931,71594,71604,10
12.9388399124,80.2352523804,71604,71614,10
12.9391698837,80.2354202271,71614,71624,10
12.9392995834,80.2354888916,71624,71634,10
12.9395303726,80.2356185913,71634,71655,21
12.9395303726,80.2356185913,71655,71665,10
12.9398202896,80.2357635498,71665,71675,10
12.940320015,80.2359390259,71675,71685,10
12.9410896301,80.2361526489,71685,71695,10
12.942029953,80.2363815308,71695,71705,10
12.9429702759,80.2367782593,71705,71715,10
12.9437198639,80.2374572754,71715,71725,10
12.9444303513,80.2382583618,71725,71735,10
12.9451599121,80.2390365601,71735,71745,10
12.945980072,80.2395324707,71745,71756,11
12.9471998215,80.2399978638,71756,71786,30
12.9471998215,80.2399978638,71786,71796,10
12.9474897385,80.2401275635,71796,71806,10
12.9478797913,80.2402877808,71806,71826,20
12.9478797913,80.2402877808,71826,71836,10
12.9479904175,80.2403411865,71836,71847,11
12.9484596252,80.2405395508,71847,71857,10
12.9490995407,80.2407836914,71857,71867,10
12.9499397278,80.2410583496,71867,71877,10
12.9502801895,80.2411575317,71877,71887,10
12.9506797791,80.2412796021,71887,71897,10
12.9511203766,80.2414093018,71897,71907,10
12.9511404037,80.2414169312,71907,71917,10
12.9515399933,80.241607666,71917,71927,10
12.9523200989,80.241897583,71927,71938,11
12.95333004,80.2422866821,71938,71948,10
12.9539203644,80.2425231934,71948,71958,10
12.9545698166,80.2427825928,71958,71968,10
12.9551897049,80.2430267334,71968,71978,10
12.9558696747,80.2432327271,71978,71988,10
12.9563598633,80.2433700562,71988,71998,10
12.956580162,80.2434616089,71998,72008,10
12.9572296143,80.2437896729,72008,72018,10
12.9577302933,80.2440185547,72018,72029,11
12.9582395554,80.2442474365,72029,72039,10
12.9586801529,80.244430542,72039,72049,10
12.9589099884,80.2446212769,72049,72059,10
12.9589996338,80.2446975708,72059,72069,10
12.9590301514,80.2445907593,72069,72079,10
12.9597797394,80.2449493408,72079,72089,10
12.9608001709,80.2454223633,72089,72099,10
12.961930275,80.2459564209,72099,72109,10
12.9628295898,80.246383667,72109,72120,11
12.9632997513,80.2465896606,72120,72180,60
12.9632997513,80.2465896606,72180,72190,10
12.9633197784,80.2465362549,72190,72200,10
12.9636201859,80.2466964722,72200,72211,11
12.9643697739,80.2470169067,72211,72221,10
12.965089798,80.2472763062,72221,72231,10
12.9658203125,80.2475509644,72231,72241,10
12.9663801193,80.2477722168,72241,72251,10
12.9664096832,80.2477798462,72251,72261,10
12.9664497375,80.2478103638,72261,72271,10
12.9668502808,80.2480163574,72271,72281,10
12.9675397873,80.2483596802,72281,72291,10
12.968460083,80.2487182617,72291,72301,10
12.9694595337,80.2491226196,72301,72312,11
12.9705095291,80.2495498657,72312,72322,10
12.9715204239,80.2498626709,72322,72332,10
12.9725904465,80.2501373291,72332,72342,10
12.9738397598,80.2504577637,72342,72352,10
12.9751796722,80.2508468628,72352,72362,10
12.9765300751,80.2512283325,72362,72372,10
12.9777002335,80.2517929077,72372,72382,10
12.9784803391,80.2523574829,72382,72392,10
12.9785900116,80.2524185181,72392,72403,11
12.9786195755,80.2524490356,72403,72413,10
12.9790802002,80.2526016235,72413,72423,10
12.9794397354,80.2526321411,72423,72433,10
12.9798603058,80.2526779175,72433,72443,10
12.9805002213,80.2526931763,72443,72453,10
12.9813299179,80.2526779175,72453,72463,10
12.9824104309,80.2526397705,72463,72473,10
12.9835395813,80.252532959,72473,72483,10
12.9845504761,80.2522583008,72483,72494,11
12.9855298996,80.251991272,72494,72504,10
12.986240387,80.2518081665,72504,72514,10
12.9870004654,80.2515792847,72514,72847,333
12.9870004654,80.2515792847,72847,72857,10
12.9872102737,80.2515182495,72857,72868,11
12.987660408,80.251411438,72868,72878,10
12.9883298874,80.2512512207,72878,72888,10
12.9895000458,80.2509307861,72888,72918,30
12.9895000458,80.2509307861,72918,72928,10
12.9896802902,80.2509002686,72928,72938,10
12.9901504517,80.2507629395,72938,72948,10
12.9909296036,80.250579834,72948,72959,11
12.992099762,80.2502975464,72959,72969,10
12.9933900833,80.25,72969,72979,10
12.994799614,80.2496490479,72979,72989,10
12.9962396622,80.2492904663,72989,72999,10
12.9977397919,80.248916626,72999,73009,10
12.9993600845,80.2485122681,73009,73019,10
13.00096035,80.2481384277,73019,73029,10
13.002240181,80.2478027344,73029,73039,10
13.003370285,80.2475814819,73039,73050,11
13.0040903091,80.2474594116,73050,73060,10
13.0043001175,80.2474365234,73060,73070,10
13.0049200058,80.2473678589,73070,73080,10
13.0058498383,80.2471618652,73080,73090,10
13.006480217,80.2464828491,73090,73110,20
13.006480217,80.2464828491,73110,73120,10
13.006529808,80.2461700439,73120,73130,10
13.0065803528,80.245552063,73130,73141,11
13.0065603256,80.2447814941,73141,73151,10
13.0065498352,80.2441177368,73151,73161,10
13.0065402985,80.2437210083,73161,73171,10
13.0065202713,80.2431716919,73171,73181,10
13.0065002441,80.2422409058,73181,73191,10
13.0065803528,80.2408218384,73191,73221,30
13.0065803528,80.2408218384,73221,73231,10
13.0065803528,80.2407608032,73231,73242,11
13.0066299438,80.2405014038,73242,73252,10
13.0067195892,80.2400970459,73252,73262,10
13.0068702698,80.2392883301,73262,73272,10
13.0070295334,80.2384185791,73272,73288,16
13.0072097778,80.2376174927,73288,73300,12
13.0072898865,80.2370529175,73300,73310,10
13.0073099136,80.2369384766,73310,73320,10
13.007349968,80.2367706299,73320,73331,11
13.0075302124,80.2361297607,73331,73340,9
13.0076599121,80.2355194092,73340,73351,11
13.0077800751,80.2349624634,73351,73361,10
13.0079298019,80.2342071533,73361,73371,10
13.0081501007,80.2330703735,73371,73381,10
13.0083799362,80.2318267822,73381,73391,10
13.0086402893,80.2304992676,73391,73401,10
13.0089197159,80.2291183472,73401,73411,10
13.0092401505,80.2278823853,73411,73422,11
13.009759903,80.2266769409,73422,73432,10
13.0102100372,80.2256698608,73432,73442,10
13.0105495453,80.2249832153,73442,73452,10
13.0107097626,80.2245178223,73452,73462,10
13.01101017,80.2238082886,73462,73472,10
13.0111999512,80.2234191895,73472,73482,10
13.0114498138,80.2229614258,73482,73492,10
13.0118303299,80.2220687866,73492,73502,10
13.012260437,80.2215499878,73502,73512,10
13.012550354,80.2220001221,73512,73524,12
13.0132598877,80.2227783203,73524,73534,10
13.0137996674,80.2233734131,73534,73544,10
13.0142602921,80.2239227295,73544,73554,10
13.0148696899,80.2245864868,73554,73564,10
13.0154399872,80.2250213623,73564,73574,10
13.0155801773,80.2251434326,73574,73584,10
13.0156097412,80.2251586914,73584,73594,10
13.0159301758,80.2253570557,73594,73604,10
13.0167198181,80.2252807617,73604,73615,11
13.017780304,80.224861145,73615,73625,10
13.0187397003,80.2244796753,73625,73635,10
13.019659996,80.2245864868,73635,73655,20
13.019659996,80.2245864868,73655,73665,10
13.0196895599,80.2246322632,73665,73675,10
13.0200395584,80.224861145,73675,73685,10
13.0206804276,80.2253112793,73685,73695,10
13.0213603973,80.2258377075,73695,73706,11
13.0225696564,80.2267379761,73706,73776,70
13.0225696564,80.2267379761,73776,73786,10
13.0228099823,80.2269821167,73786,73797,11
13.0234298706,80.2275695801,73797,73807,10
13.0240602493,80.2282180786,73807,73817,10
13.0244398117,80.2287216187,73817,73827,10
13.0246696472,80.229057312,73827,73836,9
13.0250501633,80.2295684814,73836,73847,11
13.0256099701,80.2303924561,73847,73857,10
13.0259799957,80.2312393188,73857,73866,9
13.026140213,80.231880188,73866,73876,10
13.0263900757,80.2326965332,73876,73887,11
13.0269699097,80.233757019,73887,73898,11
13.0276203156,80.2348937988,73898,73907,9
13.0281095505,80.2356872559,73907,73918,11
13.0289201736,80.2365875244,73918,73928,10
13.0295295715,80.2372512817,73928,73938,10
13.0297203064,80.2374572754,73938,73948,10
13.0299797058,80.2378997803,73948,73958,10
13.0304203033,80.2386779785,73958,73968,10
13.03083992,80.2393875122,73968,73979,11
13.0310897827,80.2397537231,73979,74019,40
13.0310897827,80.2397537231,74019,74029,10
13.0312900543,80.2401275635,74029,74039,10
13.0314397812,80.2408905029,74039,74049,10
13.0318098068,80.2416687012,74049,74059,10
13.0323495865,80.242477417,74059,74070,11
13.0331897736,80.243598938,74070,74080,10
13.0340299606,80.2447967529,74080,74090,10
13.0347995758,80.2457580566,74090,74100,10
13.0354995728,80.2461395264,74100,74110,10
13.0357904434,80.2462387085,74110,74120,10
13.0358104706,80.2462387085,74120,74130,10
13.0362300873,80.246383667,74130,74140,10
13.0369997025,80.2465591431,74140,74150,10
13.0375795364,80.2464828491,74150,74159,9
13.0382003784,80.2466430664,74159,74171,12
13.0388402939,80.2468185425,74171,74201,30
13.0388402939,80.2468185425,74201,74211,10
13.0390901566,80.246887207,74211,74221,10
13.0397100449,80.2470703125,74221,74231,10
13.0405302048,80.2472076416,74231,74241,10
13.0414600372,80.2473678589,74241,74251,10
13.0423297882,80.2475967407,74251,74262,11
13.0431404114,80.2478790283,74262,74272,10
13.0438699722,80.247833252,74272,74282,10
13.0445899963,80.2479782104,74282,74292,10
13.0451498032,80.2482376099,74292,74302,10
13.045800209,80.2484817505,74302,74312,10
13.0466003418,80.2484970093,74312,74322,10
13.0469799042,80.2484817505,74322,74332,10
13.04708004,80.2485427856,74332,74348,16
13.0478096008,80.2491378784,74348,74362,14
13.0484199524,80.2496566772,74362,74372,10
13.0486001968,80.2496871948,74372,74382,10
13.0494003296,80.2497787476,74382,74392,10
13.0505695343,80.2500305176,74392,74402,10
13.051779747,80.2505187988,74402,74412,10
13.0526695251,80.2515869141,74412,74422,10
13.0534095764,80.2525634766,74422,74432,10
13.054019928,80.2534332275,74432,74443,11
13.0546998978,80.2543106079,74443,74452,9
13.0551700592,80.2549209595,74452,74463,11
13.0556898117,80.2556381226,74463,74473,10
13.0559902191,80.2560577393,74473,74483,10
13.0562601089,80.256401062,74483,74493,10
13.0566797256,80.2568130493,74493,74503,10
13.0573196411,80.2573623657,74503,74513,10
13.0577497482,80.2577667236,74513,74523,10
13.05809021,80.2581863403,74523,74534,11
13.0585603714,80.2588424683,74534,74544,10
13.059009552,80.2593765259,74544,74554,10
13.0593795776,80.2600021362,74554,74564,10
13.0600099564,80.2605209351,74564,74574,10
13.060500145,80.2610778809,74574,74584,10
13.0608196259,80.2614974976,74584,74594,10
13.0612201691,80.2619781494,74594,74604,10
13.0616598129,80.2625427246,74604,74614,10
13.0622396469,80.2632598877,74614,74624,10
13.0628099442,80.2639770508,74624,74635,11
13.0633897781,80.2647628784,74635,74645,10
13.0638198853,80.2654418945,74645,74655,10
13.0641202927,80.2658233643,74655,74665,10
13.0645599365,80.2663497925,74665,74675,10
13.0648698807,80.2667694092,74675,74685,10
13.0652503967,80.2670898438,74685,74695,10
13.0656900406,80.2674789429,74695,74705,10
13.0658197403,80.2676391602,74705,74715,10
13.0661697388,80.2681121826,74715,74726,11
13.066619873,80.268447876,74726,74736,10
13.0670604706,80.2687530518,74736,74746,10
13.0676202774,80.2690963745,74746,74756,10
13.0680904388,80.2693634033,74756,74772,16
13.0681295395,80.2701263428,74772,74784,12
13.0680704117,80.2709884644,74784,74794,10
13.068110466,80.2714004517,74794,74804,10
13.0684995651,80.2718200684,74804,74814,10
13.068980217,80.271987915,74814,74825,11
13.0695295334,80.2725219727,74825,74835,10
13.0699701309,80.2730102539,74835,74845,10
13.0703201294,80.2734222412,74845,74855,10
13.0706996918,80.2739181519,74855,74875,20
13.0706996918,80.2739181519,74875,74885,10
13.0711202621,80.2741699219,74885,74895,10
13.0719003677,80.2745437622,74895,74905,10
13.0723495483,80.2750320435,74905,74916,11
13.072930336,80.2756576538,74916,74925,9
13.0733995438,80.2761611938,74925,74936,11
13.073679924,80.2763671875,74936,74946,10
13.0743598938,80.2763824463,74946,74956,10
13.0750398636,80.2763595581,74956,74966,10
13.075340271,80.2763595581,74966,74976,10
13.0756902695,80.2763290405,74976,74986,10
13.0760002136,80.2763214111,74986,74996,10
13.0763998032,80.2763214111,74996,75007,11
13.0767202377,80.2762985229,75007,75017,10
13.0773696899,80.276222229,75017,75027,10
13.0780296326,80.2760696411,75027,75037,10
13.0782203674,80.2755126953,75037,75047,10
13.078499794,80.275177002,75047,75057,10
13.0790195465,80.2751693726,75057,75108,51
13.0790195465,80.2751693726,75108,75118,10
13.0791101456,80.2752380371,75118,75128,10
13.0794095993,80.2752990723,75128,75138,10
13.0799102783,80.2753372192,75138,75239,101
13.0799102783,80.2753372192,75239,75249,10
13.0802602768,80.2752838135,75249,75259,10
13.0805101395,80.2752609253,75259,75340,81
13.0805101395,80.2752609253,75340,75350,10
13.0806999207,80.2752380371,75350,75360,10
13.080909729,80.2752227783,75360,75371,11
13.0812997818,80.275177002,75371,75462,91
13.0812997818,80.275177002,75462,75472,10
13.0815200806,80.2752227783,75472,75482,10
13.0818395615,80.2753295898,75482,75492,10
13.081990242,80.2754516602,75492,75502,10
13.0820102692,80.2757797241,75502,75552,50
13.0820102692,80.2757797241,75552,75563,11
13.0820302963,80.2759780884,75563,75573,10
13.0819597244,80.2759933472,75573,75583,10
13.0818395615,80.2760620117,75583,75593,10
13.0817804337,80.2761688232,75593,75603,10
13.0818195343,80.2765197754,75603,75613,10
13.0818595886,80.2770614624,75613,75623,10
13.0819396973,80.2776107788,75623,75633,10
13.0820598602,80.2779922485,75633,75643,10
13.0824098587,80.2780838013,75643,75654,11
13.0828504562,80.2781066895,75654,75664,10
13.0831804276,80.278137207,75664,75680,16
13.0833797455,80.2784729004,75680,75692,12
13.0834598541,80.2787017822,75692,75702,10
13.0834102631,80.2789993286,75702,75712,10
13.0829401016,80.2789230347,75712,75722,10
13.0827302933,80.2788314819,75722,75732,10
13.0823497772,80.2786636353,75732,75743,11
13.0819196701,80.2784194946,75743,75753,10
13.0818595886,80.2780685425,75753,75763,10
13.0818004608,80.2776565552,75763,75773,10
13.0817604065,80.2773284912,75773,75783,10
13.0817098618,80.2768478394,75783,75793,10
13.0816001892,80.2761535645,75793,75803,10
13.0814399719,80.2755432129,75803,75813,10
13.0811901093,80.2752609253,75813,75823,10
13.0806798935,80.2753219604,75823,75833,10
13.0798997879,80.2754135132,75833,75844,11
13.0790996552,80.2752990723,75844,75854,10
13.0784196854,80.2752914429,75854,75864,10
13.0780801773,80.2760467529,75864,75874,10
13.0773897171,80.2762908936,75874,75884,10
13.0765399933,80.2763519287,75884,75894,10
13.0760002136,80.2763824463,75894,75904,10
13.0758199692,80.2762832642,75904,75914,10
13.075799942,80.2760391235,75914,75924,10
13.0758199692,80.2758026123,75924,75935,11
13.0758104324,80.2754974365,75935,75955,20
13.0758104324,80.2754974365,75955,75965,10
13.0757598877,80.275138855,75965,75975,10
13.0751495361,80.2749328613,75975,75985,10
13.0747699738,80.2751464844,75985,75995,10
