12.9866504669,80.2589492798,19,3824,3805
12.9866504669,80.2589492798,3824,3834,10
12.9867801666,80.2590332031,3834,3985,151
12.9868001938,80.2589874268,3985,4248,263
12.9867200851,80.2591094971,4248,4652,404
12.986700058,80.2590637207,4652,4682,30
12.9866304398,80.2591400146,4682,4874,192
12.9865999222,80.2589874268,4874,4954,80
12.9865102768,80.2588806152,4954,5055,101
12.9866600037,80.2589569092,5055,6802,1747
12.9867200851,80.2591018677,6802,8891,2089
12.9869804382,80.2591934204,8891,8931,40
12.9867801666,80.2590637207,8931,10125,1194
12.9868001938,80.2589569092,10125,11346,1221
12.9865598679,80.2591094971,11346,12658,1312
12.9868803024,80.259147644,12658,14970,2312
12.9868803024,80.259147644,14970,14980,10
12.9866600037,80.2590408325,14980,19835,4855
12.9867401123,80.2589492798,19835,19875,40
12.9866399765,80.2590179443,19875,19956,81
12.9865198135,80.2590789795,19956,19997,41
12.9866199493,80.2590026855,19997,24408,4411
12.9868898392,80.2590789795,24408,24428,20
12.9868898392,80.2590789795,24428,24438,10
12.9873199463,80.2591018677,24438,24458,20
12.9873199463,80.2591018677,24458,24468,10
12.9873800278,80.2585601807,24468,24478,10
12.987449646,80.2580413818,24478,24489,11
12.9875202179,80.2571868896,24489,24499,10
12.9876203537,80.2563171387,24499,24509,10
12.9876003265,80.255859375,24509,24519,10
12.9876899719,80.2555618286,24519,24529,10
12.987739563,80.2549362183,24529,24539,10
12.9877500534,80.2547531128,24539,24549,10
12.9877901077,80.2543869019,24549,24559,10
12.9878396988,80.2536010742,24559,24569,10
12.9879302979,80.2525787354,24569,24579,10
12.9878396988,80.2518081665,24579,24590,11
12.9877004623,80.2516098022,24590,24600,10
12.9870796204,80.2516403198,24600,24610,10
12.9861898422,80.2518386841,24610,24620,10
12.9850902557,80.2521209717,24620,24630,10
12.9838399887,80.252456665,24630,24640,10
12.9825601578,80.2526626587,24640,24650,10
12.9812602997,80.2527008057,24650,24660,10
12.9799699783,80.2527008057,24660,24721,61
12.9799699783,80.2527008057,24721,24731,10
12.9798402786,80.2525787354,24731,24741,10
12.9798803329,80.2522888184,24741,24751,10
12.979929924,80.2521820068,24751,24761,10
12.9800701141,80.2517318726,24761,24771,10
12.9803104401,80.2509307861,24771,24781,10
12.9805698395,80.2499923706,24781,24791,10
12.9807195663,80.2490234375,24791,24801,10
12.9807701111,80.2480010986,24801,24812,11
12.9808597565,80.2467498779,24812,24822,10
12.9809904099,80.2455368042,24822,24832,10
12.9811096191,80.244392395,24832,24842,10
12.9811601639,80.2438201904,24842,24852,10
12.9812498093,80.2436218262,24852,24862,10
12.9813299179,80.2432022095,24862,24872,10
12.9813499451,80.2427520752,24872,24882,10
12.9813804626,80.24243927,24882,24892,10
12.9813604355,80.2418136597,24892,24909,17
12.9813404083,80.2402801514,24909,24921,12
12.9813098907,80.2393188477,24921,24931,10
12.9812803268,80.238571167,24931,24941,10
12.9812498093,80.2379608154,24941,24951,10
12.9812402725,80.2378005981,24951,24961,10
12.9812202454,80.2372970581,24961,24971,10
12.9812002182,80.236366272,24971,24981,10
12.981180191,80.2353591919,24981,24991,10
12.9811897278,80.2342987061,24991,25001,10
12.9815397263,80.2334899902,25001,25011,10
12.9816102982,80.2333526611,25011,25022,11
12.9817495346,80.2331008911,25022,25032,10
12.9819803238,80.2325134277,25032,25042,10
12.982000351,80.2321166992,25042,25052,10
12.982000351,80.2317733765,25052,25062,10
12.9819602966,80.2313690186,25062,25072,10
12.9818401337,80.2309036255,25072,25082,10
12.9815797806,80.2304077148,25082,25092,10
12.9812602997,80.2298583984,25092,25102,10
12.9809398651,80.2293777466,25102,25112,10
12.9806995392,80.2290267944,25112,25122,10
12.980629921,80.2288970947,25122,25133,11
12.9803495407,80.2284011841,25133,25143,10
12.9800395966,80.2278289795,25143,25153,10
12.9796495438,80.2271881104,25153,25163,10
12.9792299271,80.2265167236,25163,25173,10
12.9787502289,80.2257080078,25173,25183,10
12.9783000946,80.2249603271,25183,25193,10
12.9780302048,80.2245483398,25193,25203,10
12.9778003693,80.2242584229,25203,25213,10
12.9777202606,80.2240982056,25213,25223,10
12.9774599075,80.2236404419,25223,25240,17
12.9769001007,80.2226867676,25240,25252,12
12.9764995575,80.2220611572,25252,25262,10
12.9762201309,80.2216415405,25262,25272,10
12.9756202698,80.2209625244,25272,25282,10
12.9749097824,80.2205963135,25282,25292,10
12.974360466,80.2203216553,25292,25312,20
12.974360466,80.2203216553,25312,25322,10
12.9740400314,80.220199585,25322,25332,10
12.9735898972,80.2199783325,25332,25342,10
12.9727401733,80.2196807861,25342,25352,10
12.9717502594,80.2193527222,25352,25363,11
12.9709701538,80.2191314697,25363,25373,10
12.9708204269,80.2190475464,25373,25383,10
12.9702796936,80.2187423706,25383,25393,10
12.9694595337,80.2184295654,25393,25403,10
12.9686098099,80.2180862427,25403,25413,10
12.9677696228,80.2177734375,25413,25423,10
12.9668903351,80.2174301147,25423,25433,10
12.9660196304,80.2170791626,25433,25443,10
12.9650602341,80.2166671753,25443,25454,11
12.9639797211,80.2162017822,25454,25464,10
12.9635400772,80.2159729004,25464,25474,10
12.9636001587,80.2156600952,25474,25484,10
12.9636697769,80.2153625488,25484,25494,10
12.9637002945,80.2152786255,25494,25504,10
12.9637804031,80.2148590088,25504,25514,10
12.9638795853,80.2142486572,25514,25534,20
12.9638795853,80.2142486572,25534,25544,10
12.9639396667,80.2138671875,25544,25554,10
12.9640703201,80.2131881714,25554,25565,11
12.9642601013,80.2121582031,25565,25575,10
12.9645299911,80.2112731934,25575,25585,10
12.9647197723,80.210357666,25585,25595,10
12.9648399353,80.2093200684,25595,25605,10
12.9650001526,80.2082977295,25605,25615,10
12.9650802612,80.2078399658,25615,25625,10
12.9651899338,80.2072372437,25625,25635,10
12.9652500153,80.2069625854,25635,25645,10
12.9653196335,80.2066268921,25645,25655,10
12.9653997421,80.2059631348,25655,25666,11
12.9655103683,80.2051620483,25666,25676,10
12.9655895233,80.2045593262,25676,25686,10
12.9656095505,80.2044677734,25686,25696,10
12.9656496048,80.2042999268,25696,25706,10
12.965760231,80.2036895752,25706,25716,10
12.9658002853,80.2028121948,25716,25726,10
12.9658403397,80.2020187378,25726,25736,10
12.9655399323,80.2017364502,25736,25746,10
12.9653501511,80.2012405396,25746,25756,10
12.965470314,80.2005386353,25756,25766,10
12.9655303955,80.2003326416,25766,25777,11
12.9655799866,80.2002105713,25777,25787,10
12.9651498795,80.2000427246,25787,25797,10
12.9649801254,80.199508667,25797,25807,10
12.9648399353,80.1989822388,25807,25817,10
12.9648599625,80.1984100342,25817,25827,10
12.9648103714,80.1977386475,25827,25837,10
12.9648199081,80.1967391968,25837,25847,10
12.9648103714,80.1963882446,25847,25857,10
12.9647903442,80.1962203979,25857,25867,10
12.964679718,80.1959609985,25867,25877,10
12.9647798538,80.1953125,25877,25888,11
12.964799881,80.1947174072,25888,25898,10
12.9649200439,80.1941604614,25898,25908,10
12.9650497437,80.1937408447,25908,25918,10
12.9651002884,80.1930007935,25918,25928,10
12.9652500153,80.1921234131,25928,25938,10
12.9654397964,80.1912078857,25938,25948,10
12.9655895233,80.1904525757,25948,25957,9
12.9657297134,80.189781189,25957,25968,11
12.965880394,80.1890106201,25968,25978,10
12.9658899307,80.1889419556,25978,25989,11
12.965959549,80.1886062622,25989,25999,10
12.9658002853,80.1885070801,25999,26009,10
12.9652900696,80.1883392334,26009,26019,10
12.9647397995,80.1881408691,26019,26029,10
12.9640703201,80.1879425049,26029,26039,10
12.9633398056,80.1877288818,26039,26049,10
12.9626502991,80.1875686646,26049,26059,10
12.9619998932,80.1874237061,26059,26069,10
12.9612903595,80.187286377,26069,26079,10
12.960650444,80.1871795654,26079,26089,10
12.9602403641,80.1871109009,26089,26100,11
12.9596595764,80.1870727539,26100,26110,10
12.9589004517,80.18699646,26110,26120,10
12.9581298828,80.1869888306,26120,26130,10
12.9574203491,80.1869735718,26130,26140,10
12.956700325,80.1869430542,26140,26150,10
12.9558601379,80.186882019,26150,26190,40
12.9558601379,80.186882019,26190,26201,11
12.9555997849,80.1867370605,26201,26211,10
12.9556798935,80.1864929199,26211,26221,10
12.9557600021,80.186088562,26221,26231,10
12.9558200836,80.1857833862,26231,26241,10
12.9558496475,80.185508728,26241,26251,10
12.9560098648,80.1855010986,26251,26261,10
12.9560804367,80.1859893799,26261,26370,109
12.9560804367,80.1859893799,26370,26380,10
12.9560203552,80.1862792969,26380,26390,10
12.956029892,80.1865921021,26390,26400,10
12.9560604095,80.1866912842,26400,26410,10
12.9561595917,80.186882019,26410,26422,12
12.9565296173,80.1869506836,26422,26432,10
12.9570798874,80.18699646,26432,26442,10
12.9576702118,80.1870193481,26442,26452,10
12.9583101273,80.1870269775,26452,26462,10
12.9589195251,80.1870422363,26462,26472,10
12.9596796036,80.1870803833,26472,26482,10
12.9602603912,80.1871185303,26482,26492,10
12.9606895447,80.1871871948,26492,26502,10
12.961230278,80.187286377,26502,26512,10
12.9615097046,80.1873168945,26512,26522,10
12.9616804123,80.1873397827,26522,26533,11
12.9622497559,80.1874465942,26533,26543,10
12.9628601074,80.1875762939,26543,26553,10
12.9635696411,80.1877365112,26553,26563,10
12.9643201828,80.1879730225,26563,26573,10
12.9650001526,80.1882095337,26573,26583,10
12.9654798508,80.1884002686,26583,26593,10
12.9655504227,80.1884384155,26593,26603,10
12.9657402039,80.1885223389,26603,26613,10
12.9658498764,80.1885604858,26613,26623,10
12.965929985,80.188621521,26623,26634,11
12.9659099579,80.1889419556,26634,26644,10
12.965760231,80.1896820068,26644,26654,10
12.9655303955,80.1906967163,26654,26664,10
12.9653596878,80.1915206909,26664,26674,10
12.9653196335,80.1916503906,26674,26684,10
12.9652004242,80.1920394897,26684,26694,10
12.9650497437,80.192779541,26694,26704,10
12.9649801254,80.1937179565,26704,26714,10
12.964799881,80.1944503784,26714,26724,10
12.9647502899,80.1951370239,26724,26734,10
12.964679718,80.1956787109,26734,26745,11
12.9647102356,80.1960983276,26745,26755,10
12.9648199081,80.1964416504,26755,26765,10
12.964799881,80.1970672607,26765,26785,20
12.964799881,80.1970672607,26785,26795,10
12.9647703171,80.1971282959,26795,26811,16
12.9647302628,80.1979598999,26811,26823,12
12.9648199081,80.1988372803,26823,26833,10
12.9648399353,80.1993408203,26833,26843,10
12.9649400711,80.1998977661,26843,26854,11
12.9654502869,80.2001037598,26854,26864,10
12.9653997421,80.200843811,26864,26874,10
12.9653396606,80.201210022,26874,26884,10
12.9653100967,80.2013015747,26884,26893,9
12.9653196335,80.2016677856,26893,26903,10
12.9657802582,80.2018814087,26903,26913,10
12.965760231,80.2026367188,26913,26924,11
12.9657297134,80.2036437988,26924,26934,10
12.9655895233,80.2044219971,26934,26944,10
12.9655599594,80.2045669556,26944,26954,10
12.965470314,80.2049484253,26954,26965,11
12.9653100967,80.2057418823,26965,26975,10
12.965259552,80.2065963745,26975,26985,10
12.9652500153,80.2070465088,26985,26995,10
12.965259552,80.2070999146,26995,27005,10
12.9651603699,80.2075500488,27005,27015,10
12.9649896622,80.2082824707,27015,27025,10
12.9648504257,80.2091293335,27025,27035,10
12.9647197723,80.2100601196,27035,27045,10
12.9646196365,80.2109985352,27045,27055,10
12.9645204544,80.2113265991,27055,27066,11
12.9643697739,80.2116317749,27066,27076,10
12.9642400742,80.2123184204,27076,27086,10
12.9640398026,80.2131271362,27086,27096,10
12.96393013,80.2137374878,27096,27106,10
12.9639101028,80.2138977051,27106,27116,10
12.9638996124,80.2141571045,27116,27126,10
12.9638299942,80.21459198,27126,27136,10
12.963760376,80.2150421143,27136,27146,10
12.9636297226,80.2155990601,27146,27156,10
12.9635801315,80.2158279419,27156,27166,10
12.9638996124,80.2160263062,27166,27177,11
12.9641599655,80.2161178589,27177,27187,10
12.96434021,80.2162399292,27187,27197,10
12.9648199081,80.2164764404,27197,27207,10
12.9655704498,80.2167892456,27207,27217,10
12.9663200378,80.217086792,27217,27227,10
12.9670801163,80.2173995972,27227,27237,10
12.9677696228,80.2176971436,27237,27247,10
12.9683103561,80.2179107666,27247,27257,10
12.9690799713,80.218208313,27257,27267,10
12.9700202942,80.2185592651,27267,27278,11
12.9708900452,80.2189025879,27278,27288,10
12.9713001251,80.2190093994,27288,27298,10
12.9713602066,80.2190093994,27298,27308,10
12.9717502594,80.2192077637,27308,27318,10
12.9724197388,80.2194824219,27318,27328,10
12.97315979,80.2197570801,27328,27338,10
12.9739198685,80.2200622559,27338,27348,10
12.9745197296,80.2203369141,27348,27358,10
12.975060463,80.2205963135,27358,27399,41
12.975060463,80.2205963135,27399,27409,10
12.9751596451,80.220703125,27409,27419,10
12.9754695892,80.2208023071,27419,27429,10
12.9757900238,80.2210769653,27429,27439,10
12.9759998322,80.2212371826,27439,27449,10
12.9762001038,80.2215194702,27449,27489,40
12.9762001038,80.2215194702,27489,27500,11
12.9763097763,80.2217178345,27500,27510,10
12.9764995575,80.2220916748,27510,27520,10
12.9768400192,80.2226028442,27520,27530,10
12.9771900177,80.2231216431,27530,27540,10
12.9775896072,80.223777771,27540,27550,10
12.9779901505,80.2243804932,27550,27560,10
12.9781799316,80.224647522,27560,27570,10
12.9783802032,80.224937439,27570,27580,10
12.9784498215,80.2251205444,27580,27590,10
12.9787197113,80.2255630493,27590,27600,10
12.9791202545,80.2262420654,27600,27611,11
12.9795198441,80.2269363403,27611,27627,16
12.9802503586,80.2281188965,27627,27639,12
12.9806699753,80.2288513184,27639,27649,10
12.9807395935,80.2289733887,27649,27658,9
12.9808597565,80.2291870117,27658,27669,11
12.981180191,80.2297210693,27669,27677,8
12.9815797806,80.2302627563,27677,27688,11
12.981710434,80.2304382324,27688,27699,11
12.9818201065,80.23072052,27699,27710,11
12.9819698334,80.2311019897,27710,27720,10
12.9820604324,80.2315826416,27720,27729,9
12.9820804596,80.2321090698,27729,27740,11
12.9819898605,80.2327728271,27740,27750,10
12.981710434,80.2333984375,27750,27760,10
12.9816398621,80.233543396,27760,27770,10
12.9815196991,80.2337036133,27770,27780,10
12.9812698364,80.2342987061,27780,27790,10
12.9812202454,80.2350006104,27790,27800,10
12.9812602997,80.2361984253,27800,27810,10
12.9812803268,80.2372436523,27810,27821,11
12.9813203812,80.2380599976,27821,27831,10
12.9813299179,80.2385787964,27831,27841,10
12.9813299179,80.2386016846,27841,27851,10
12.9813098907,80.2389602661,27851,27861,10
12.9813404083,80.2396316528,27861,27871,10
12.9813699722,80.2404708862,27871,27881,10
12.9813699722,80.2413635254,27881,27891,10
12.9813699722,80.2418212891,27891,27901,10
12.9813699722,80.2420272827,27901,27911,10
12.9813699722,80.2421722412,27911,27922,11
12.9813995361,80.2424621582,27922,27932,10
12.9813899994,80.2427062988,27932,27942,10
12.9813899994,80.2427215576,27942,27952,10
12.9813899994,80.2427597046,27952,27962,10
12.9813804626,80.2430114746,27962,27972,10
12.9813699722,80.2434463501,27972,27982,10
12.981300354,80.244178772,27982,27992,10
12.9811897278,80.2450408936,27992,28002,10
12.9810695648,80.2460021973,28002,28012,10
12.9809799194,80.2470092773,28012,28022,10
12.9808998108,80.2480316162,28022,28033,11
12.980799675,80.2491073608,28033,28043,10
12.9806499481,80.250038147,28043,28053,10
12.9804201126,80.2509994507,28053,28063,10
12.9801902771,80.2520217896,28063,28083,20
12.9801902771,80.2520217896,28083,28093,10
12.9801197052,80.2522735596,28093,28103,10
12.9801998138,80.2525405884,28103,28113,10
12.9807500839,80.2526168823,28113,28123,10
12.9816198349,80.2526092529,28123,28133,10
12.9826698303,80.2525863647,28133,28144,11
12.9839200974,80.2524032593,28144,28154,10
12.9850597382,80.2520828247,28154,28164,10
12.9861001968,80.2518005371,28164,28174,10
12.9870996475,80.2515106201,28174,28234,60
12.9870996475,80.2515106201,28234,28245,11
12.9873399734,80.2514266968,28245,28255,10
12.9877004623,80.2513580322,28255,28265,10
12.9879798889,80.251663208,28265,28275,10
12.9880599976,80.2522583008,28275,28285,10
12.9879798889,80.2529602051,28285,28295,10
12.9878902435,80.2538986206,28295,28305,10
12.9878196716,80.2548217773,28305,28315,10
12.9877595901,80.2553329468,28315,28376,61
12.9877595901,80.2553329468,28376,28386,10
12.9877195358,80.2554931641,28386,28396,10
12.9876499176,80.2559585571,28396,28406,10
12.9875802994,80.2566375732,28406,28416,10
12.9875297546,80.257232666,28416,28426,10
12.9874696732,80.2580413818,28426,28436,10
12.9874095917,80.2587966919,28436,28446,10
12.987279892,80.259552002,28446,28497,51
12.987279892,80.259552002,28497,28507,10
12.9870901108,80.2595901489,28507,28517,10
12.9868803024,80.2595367432,28517,28527,10
12.986579895,80.2593612671,28527,28537,10
12.9867897034,80.2588729858,28537,28618,81
12.9867897034,80.2588729858,28618,28628,10
12.9868202209,80.2584991455,28628,28719,91
12.9868202209,80.2584991455,28719,28729,10
12.9869003296,80.2588424683,28729,28901,172
12.9869003296,80.2588424683,28901,28911,10
12.9867897034,80.2589263916,28911,28921,10
12.9867601395,80.2590484619,28921,28931,10
12.9866304398,80.2592926025,28931,29022,91
12.9866695404,80.2591094971,29022,29244,222
12.9866399765,80.2591171265,29244,29617,373
12.9868202209,80.2590866089,29617,29728,111
12.9871997833,80.2591171265,29728,29769,41
12.9871997833,80.2591171265,29769,29779,10
12.9874000549,80.2587738037,29779,29789,10
12.9874095917,80.2585220337,29789,29799,10
12.9874200821,80.2584609985,29799,29809,10
12.9874401093,80.2583770752,29809,29819,10
12.9874401093,80.2581710815,29819,29829,10
12.9874601364,80.2578964233,29829,29839,10
12.9874801636,80.257270813,29839,29849,10
12.9875402451,80.256980896,29849,29859,10
12.9876003265,80.2566375732,29859,29870,11
12.9876003265,80.2563095093,29870,29880,10
12.9876003265,80.2559280396,29880,29890,10
12.987739563,80.2553787231,29890,29900,10
12.9877595901,80.2548294067,29900,29910,10
12.9877595901,80.2546386719,29910,29920,10
12.987830162,80.2539901733,29920,29930,10
12.9878902435,80.2533874512,29930,29940,10
12.9879102707,80.2529067993,29940,29950,10
12.9879398346,80.2523803711,29950,30011,61
12.9879398346,80.2523803711,30011,30021,10
12.9878997803,80.2519226074,30021,30031,10
12.9878101349,80.2517089844,30031,30041,10
12.9877996445,80.251701355,30041,30051,10
12.9876804352,80.2515487671,30051,30061,10
12.9872398376,80.2516326904,30061,30071,10
12.9869699478,80.251701355,30071,30082,11
12.9864501953,80.2518386841,30082,30092,10
12.9856700897,80.2520370483,30092,30102,10
12.9846801758,80.2523117065,30102,30112,10
12.9835996628,80.2525863647,30112,30122,10
12.9825000763,80.2527236938,30122,30132,10
12.9813499451,80.2527313232,30132,30142,10
12.9805002213,80.2527313232,30142,30152,10
12.9801301956,80.2527084351,30152,30162,10
12.9799098969,80.252281189,30162,30182,20
12.9799098969,80.252281189,30182,30193,11
12.9799900055,80.2520370483,30193,30203,10
12.9801702499,80.251449585,30203,30213,10
12.9804401398,80.2506027222,30213,30223,10
12.9806804657,80.2495422363,30223,30233,10
12.9807796478,80.2486190796,30233,30243,10
12.9808797836,80.2472000122,30243,30253,10
12.9809799194,80.2460021973,30253,30263,10
12.9810800552,80.2450714111,30263,30273,10
12.9811000824,80.2445907593,30273,30283,10
12.9811201096,80.244430542,30283,30294,11
12.9811496735,80.2442703247,30294,30314,20
12.9811697006,80.2440719604,30314,30354,40
12.9811697006,80.2440719604,30354,30364,10
12.9812202454,80.2437515259,30364,30374,10
12.9812202454,80.2437362671,30374,30384,10
12.9813203812,80.2436065674,30384,30394,10
12.9813804626,80.2431793213,30394,30405,11
12.9813804626,80.2427978516,30405,30415,10
12.9813804626,80.2427902222,30415,30425,10
12.9813995361,80.2424697876,30425,30435,10
12.9813804626,80.2419433594,30435,30445,10
12.9813804626,80.2411422729,30445,30455,10
12.9813699722,80.2403869629,30455,30465,10
12.9813604355,80.2397232056,30465,30475,10
12.9813404083,80.2389602661,30475,30485,10
12.9813098907,80.2383270264,30485,30495,10
12.9813098907,80.2379226685,30495,30516,21
12.9813098907,80.2379226685,30516,30526,10
12.981300354,80.237701416,30526,30536,10
12.9812803268,80.2370529175,30536,30546,10
12.9812602997,80.2362136841,30546,30562,16
12.9812202454,80.2346801758,30562,30574,12
12.9813995361,80.2338790894,30574,30582,8
12.9816198349,80.2334365845,30582,30594,12
12.9816598892,80.2333602905,30594,30604,10
12.9817695618,80.2331314087,30604,30613,9
12.9819602966,80.2326583862,30613,30625,12
12.9820203781,80.2320022583,30625,30635,10
12.9819602966,80.2313232422,30635,30645,10
12.9817199707,80.23072052,30645,30655,10
12.9812097549,80.2298736572,30655,30665,10
12.9808597565,80.2293167114,30665,30675,10
12.9807395935,80.2291564941,30675,30685,10
12.9806804657,80.2290725708,30685,30695,10
12.9804697037,80.2287521362,30695,30705,10
12.9802999496,80.2284088135,30705,30715,10
12.9800596237,80.2279129028,30715,30725,10
12.9796304703,80.2272186279,30725,30736,11
12.9792804718,80.2266387939,30736,30746,10
12.9789304733,80.22605896,30746,30755,9
12.9785499573,80.2254104614,30755,30766,11
12.9782495499,80.2249069214,30766,30776,10
12.9780702591,80.2246627808,30776,30786,10
12.9778299332,80.2243804932,30786,30796,10
12.9778203964,80.2243728638,30796,30806,10
12.9777297974,80.2242202759,30806,30816,10
12.9774999619,80.2238388062,30816,30826,10
12.9772901535,80.2234802246,30826,30836,10
12.9771499634,80.2232437134,30836,30847,11
12.9770202637,80.2229995728,30847,30857,10
12.9768199921,80.2226715088,30857,30867,10
12.9764795303,80.2221298218,30867,30877,10
12.9761199951,80.2216186523,30877,30897,20
12.9761199951,80.2216186523,30897,30907,10
12.9759197235,80.2213592529,30907,30927,20
12.9759197235,80.2213592529,30927,30937,10
12.9756603241,80.2211227417,30937,30947,10
12.975520134,80.220993042,30947,30958,11
12.9751796722,80.2207717896,30958,30968,10
12.9745998383,80.220489502,30968,30978,10
12.9741601944,80.2203216553,30978,30994,16
12.9739198685,80.220161438,30994,31006,12
12.9733600616,80.2200088501,31006,31016,10
12.9725704193,80.2197036743,31016,31025,9
12.9718599319,80.2194290161,31025,31036,11
12.9711198807,80.2192230225,31036,31046,10
12.9709997177,80.2191696167,31046,31056,10
12.9709396362,80.2191390991,31056,31066,10
12.9705200195,80.2189025879,31066,31077,11
12.9697303772,80.2185668945,31077,31087,10
12.9689302444,80.2182617188,31087,31097,10
12.9681196213,80.2179336548,31097,31106,9
12.9674501419,80.2176513672,31106,31117,11
12.9666004181,80.2172927856,31117,31127,10
12.9655599594,80.2168731689,31127,31137,10
12.9645996094,80.2164764404,31137,31147,10
12.9638900757,80.2161636353,31147,31157,10
12.9635095596,80.2159729004,31157,31168,11
12.9635000229,80.2159500122,31168,31178,10
12.963640213,80.2154083252,31178,31198,20
12.963640213,80.2154083252,31198,31208,10
12.963760376,80.2150421143,31208,31218,10
12.9638595581,80.2144699097,31218,31228,10
12.9639596939,80.2139816284,31228,31238,10
12.9640703201,80.2133789063,31238,31248,10
12.9642095566,80.2126235962,31248,31258,10
12.96434021,80.2118988037,31258,31268,10
12.9645500183,80.2112426758,31268,31289,21
12.9645500183,80.2112426758,31289,31299,10
12.964630127,80.2111206055,31299,31309,10
12.9646997452,80.2107086182,31309,31319,10
12.964799881,80.2099685669,31319,31329,10
12.9648895264,80.2091598511,31329,31339,10
12.9650001526,80.2085418701,31339,31349,10
12.9651203156,80.207901001,31349,31359,10
12.9652500153,80.20703125,31359,31379,20
12.9652500153,80.20703125,31379,31390,11
12.9653501511,80.2065963745,31390,31400,10
12.9653596878,80.2059936523,31400,31410,10
12.9654798508,80.2052764893,31410,31420,10
12.9655799866,80.2046813965,31420,31430,10
12.9656200409,80.2044219971,31430,31440,10
12.9657201767,80.2039413452,31440,31450,10
12.9658098221,80.2033462524,31450,31460,10
12.9658203125,80.2024307251,31460,31470,10
12.9657096863,80.2017974854,31470,31480,10
12.9653100967,80.201423645,31480,31490,10
12.9654502869,80.2007217407,31490,31501,11
12.9655199051,80.2003631592,31501,31511,10
12.9654798508,80.2001800537,31511,31521,10
12.9650602341,80.200088501,31521,31531,10
12.9649600983,80.1996688843,31531,31541,10
12.9648103714,80.1993484497,31541,31551,10
12.9648399353,80.198890686,31551,31561,10
12.9647798538,80.1980895996,31561,31571,10
12.9647798538,80.1974411011,31571,31581,10
12.9648103714,80.196472168,31581,31602,21
12.9648103714,80.196472168,31602,31612,10
12.9647798538,80.1962966919,31612,31652,40
12.9647798538,80.1962966919,31652,31661,9
12.9646501541,80.1959686279,31661,31672,11
12.9647302628,80.1954116821,31672,31682,10
12.9647598267,80.1947021484,31682,31692,10
12.9649600983,80.1940002441,31692,31702,10
12.965089798,80.1932220459,31702,31713,11
12.9651699066,80.1924591064,31713,31723,10
12.9652996063,80.1918334961,31723,31733,10
12.9654102325,80.191368103,31733,31743,10
12.9655799866,80.1906814575,31743,31753,10
12.9656801224,80.1901626587,31753,31763,10
12.9659004211,80.1890563965,31763,31783,20
12.9659004211,80.1890563965,31783,31793,10
12.965959549,80.188911438,31793,31803,10
12.9659700394,80.1887207031,31803,31813,10
12.9658002853,80.1885528564,31813,31824,11
12.9655799866,80.1884536743,31824,31834,10
12.9653596878,80.1883621216,31834,31844,10
12.9652004242,80.1883010864,31844,31854,10
12.9650497437,80.1882476807,31854,31864,10
12.9645299911,80.1880722046,31864,31874,10
12.9637804031,80.1878204346,31874,31884,10
12.9630403519,80.1875991821,31884,31894,10
12.962269783,80.1874389648,31894,31904,10
12.9615497589,80.1873016357,31904,31914,10
12.9610996246,80.18724823,31914,31925,11
12.9610595703,80.1872634888,31925,31935,10
12.9608802795,80.187210083,31935,31945,10
12.9605903625,80.1871795654,31945,31955,10
12.9601697922,80.1871032715,31955,31965,10
12.9598302841,80.1870880127,31965,31975,10
12.9594202042,80.1870574951,31975,31985,10
12.9589595795,80.1870193481,31985,31995,10
12.9584703445,80.1870422363,31995,32005,10
12.9579401016,80.1870422363,32005,32015,10
12.9575300217,80.1870422363,32015,32025,10
12.9569501877,80.1870193481,32025,32036,11
12.9558496475,80.186958313,32036,32056,20
12.9558496475,80.186958313,32056,32066,10
12.9556999207,80.186882019,32066,32076,10
12.9556503296,80.1868591309,32076,32086,10
12.9556303024,80.1866073608,32086,32096,10
12.9556798935,80.186340332,32096,32106,10
12.9557504654,80.1860275269,32106,32116,10
12.9558000565,80.1857299805,32116,32126,10
12.9558696747,80.185508728,32126,32136,10
12.9560699463,80.1856231689,32136,32147,11
12.9561195374,80.1857299805,32147,32157,10
12.9561395645,80.1859130859,32157,32519,362
12.9561395645,80.1859130859,32519,32529,10
12.9560804367,80.1863021851,32529,32539,10
12.9560499191,80.1864624023,32539,32549,10
12.9560403824,80.1868286133,32549,32569,20
12.9560403824,80.1868286133,32569,32580,11
12.9562597275,80.1869735718,32580,32590,10
12.9566402435,80.18699646,32590,32600,10
12.9571399689,80.1870193481,32600,32610,10
12.9577302933,80.1870498657,32610,32620,10
12.9583396912,80.1870422363,32620,32630,10
12.9589796066,80.1870803833,32630,32640,10
12.9596300125,80.1871185303,32640,32650,10
12.9602203369,80.1871566772,32650,32660,10
12.9607000351,80.1872024536,32660,32670,10
12.9612503052,80.1872787476,32670,32680,10
12.9613895416,80.187286377,32680,32691,11
12.9614896774,80.1872787476,32691,32701,10
12.9618701935,80.1873626709,32701,32711,10
12.9624500275,80.1874771118,32711,32721,10
12.9630699158,80.1875686646,32721,32731,10
12.9637203217,80.1877288818,32731,32741,10
12.96434021,80.1879272461,32741,32751,10
12.9646997452,80.1880493164,32751,32771,20
12.9646997452,80.1880493164,32771,32781,10
12.9649801254,80.1882171631,32781,32791,10
12.9652099609,80.1883163452,32791,32832,41
12.9655504227,80.1884307861,32832,32872,40
12.9655504227,80.1884307861,32872,32882,10
12.965959549,80.1886062622,32882,32933,51
12.965959549,80.1886062622,32933,32943,10
12.9659204483,80.1890182495,32943,32953,10
12.9657802582,80.1897964478,32953,32963,10
12.9655799866,80.190788269,32963,32973,10
12.9654598236,80.1914978027,32973,32983,10
12.9653902054,80.1916427612,32983,32993,10
12.9653100967,80.1918869019,32993,33003,10
12.965180397,80.1924972534,33003,33014,11
12.9651002884,80.1934204102,33014,33024,10
12.9649896622,80.1939468384,33024,33034,10
12.9649801254,80.1939697266,33034,33044,10
12.9649000168,80.1942825317,33044,33054,10
12.9647703171,80.19480896,33054,33064,10
12.9647502899,80.1954498291,33064,33074,10
12.9646997452,80.1960601807,33074,33084,10
12.9648199081,80.1963806152,33084,33094,10
12.9648303986,80.1971206665,33094,33125,31
12.9648303986,80.1971206665,33125,33135,10
12.9648599625,80.1974334717,33135,33145,10
12.9648199081,80.198059082,33145,33155,10
12.9648399353,80.1988372803,33155,33165,10
12.9648895264,80.199432373,33165,33175,10
12.9649600983,80.1999816895,33175,33185,10
12.9652900696,80.200088501,33185,33195,10
12.9655199051,80.2004013062,33195,33205,10
12.965470314,80.2009887695,33205,33215,10
12.9654397964,80.2012176514,33215,33225,10
12.9654598236,80.2012481689,33225,33236,11
12.9653997421,80.2016067505,33236,33246,10
12.9657497406,80.2017974854,33246,33256,10
12.9658203125,80.2023010254,33256,33266,10
12.9657802582,80.20287323,33266,33276,10
12.9657802582,80.203338623,33276,33286,10
12.9657001495,80.2040023804,33286,33296,10
12.9656095505,80.204498291,33296,33306,10
12.9656000137,80.2045822144,33306,33316,10
12.9655704498,80.2047729492,33316,33326,10
12.9654798508,80.2052764893,33326,33336,10
12.9653701782,80.2060089111,33336,33347,11
12.965259552,80.2071228027,33347,33377,30
12.965259552,80.2071228027,33377,33387,10
12.9652299881,80.207359314,33387,33397,10
12.9651403427,80.2078704834,33397,33413,16
12.9649496078,80.2089614868,33413,33425,12
12.9648199081,80.2098922729,33425,33433,8
12.9647397995,80.2105026245,33433,33445,12
12.964630127,80.2112197876,33445,33455,10
12.9645900726,80.2113494873,33455,33466,11
12.9645204544,80.2114334106,33466,33476,10
12.964389801,80.2117462158,33476,33486,10
12.9643001556,80.2121887207,33486,33495,9
12.9641895294,80.2127532959,33495,33505,10
12.964099884,80.2133636475,33505,33516,11
12.9639797211,80.2139511108,33516,33526,10
12.96393013,80.2143173218,33526,33536,10
12.9638795853,80.2146224976,33536,33546,10
12.9638500214,80.2148284912,33546,33556,10
12.9637699127,80.215171814,33556,33567,11
12.9637098312,80.2154464722,33567,33577,10
12.9636602402,80.2157669067,33577,33587,10
12.9638500214,80.216003418,33587,33597,10
12.9642000198,80.2161331177,33597,33657,60
12.9642000198,80.2161331177,33657,33668,11
12.9642801285,80.216217041,33668,33678,10
12.9646701813,80.2164382935,33678,33688,10
12.9653301239,80.2166824341,33688,33698,10
12.9657402039,80.2168273926,33698,33708,10
12.9659700394,80.2169113159,33708,33718,10
12.9661302567,80.2169570923,33718,33728,10
12.9662799835,80.2170181274,33728,33738,10
12.9665403366,80.2171096802,33738,33779,41
12.9665403366,80.2171096802,33779,33789,10
12.9669103622,80.2172775269,33789,33799,10
12.9672403336,80.2174072266,33799,33858,59
12.9676599503,80.2175827026,33858,33900,42
12.9676599503,80.2175827026,33900,33910,10
12.9679498672,80.2177429199,33910,33920,10
12.9684696198,80.2179794312,33920,33930,10
12.9694004059,80.2183609009,33930,33940,10
12.9702997208,80.2186889648,33940,33950,10
12.9710798264,80.2189483643,33950,33980,30
12.9710798264,80.2189483643,33980,33990,10
12.9712400436,80.2190628052,33990,34001,11
12.9718198776,80.2192687988,34001,34011,10
12.9726200104,80.219581604,34011,34021,10
12.9734401703,80.2198867798,34021,34031,10
12.9740600586,80.2203063965,34031,34041,10
12.9748497009,80.2206268311,34041,34051,10
12.9751996994,80.2207107544,34051,34061,10
12.9753904343,80.2207717896,34061,34071,10
12.9755802155,80.2209014893,34071,34102,31
12.9758996964,80.2211685181,34102,34122,20
12.9758996964,80.2211685181,34122,34132,10
12.9760503769,80.2214126587,34132,34142,10
12.9763803482,80.2219467163,34142,34245,103
12.9763803482,80.2219467163,34245,34255,10
12.9765195847,80.2221984863,34255,34265,10
12.9767999649,80.2226409912,34265,34275,10
12.9771995544,80.2232971191,34275,34285,10
12.9776601791,80.2239532471,34285,34295,10
12.9780302048,80.2244796753,34295,34305,10
12.9783802032,80.2250671387,34305,34315,10
12.9785804749,80.2253570557,34315,34326,11
12.9785995483,80.2253799438,34326,34336,10
12.9787998199,80.225730896,34336,34346,10
12.9791202545,80.2262802124,34346,34356,10
12.9794101715,80.2267990112,34356,34366,10
12.9798002243,80.2274169922,34366,34376,10
12.9802103043,80.2280883789,34376,34386,10
12.9805698395,80.2287063599,34386,34396,10
12.980890274,80.2292022705,34396,34406,10
12.9811697006,80.2297210693,34406,34416,10
12.9815597534,80.2302780151,34416,34427,11
12.9816703796,80.2304382324,34427,34437,10
12.9816999435,80.2305221558,34437,34447,10
12.9818601608,80.23097229,34447,34457,10
12.982000351,80.231628418,34457,34467,10
12.9820203781,80.2323684692,34467,34477,10
12.9818601608,80.2329788208,34477,34487,10
12.9816503525,80.2334976196,34487,34507,20
12.9816503525,80.2334976196,34507,34517,10
12.9815196991,80.2338104248,34517,34527,10
12.981300354,80.2343521118,34527,34538,11
12.9812698364,80.2352828979,34538,34548,10
12.9812803268,80.2362136841,34548,34558,10
12.981300354,80.2370376587,34558,34568,10
12.9813098907,80.2377319336,34568,34578,10
12.9813604355,80.2386398315,34578,34608,30
12.9813604355,80.2386398315,34608,34618,10
12.9813699722,80.2389373779,34618,34628,10
12.9813699722,80.2393493652,34628,34638,10
12.9813899994,80.2396621704,34638,34659,21
12.9813899994,80.2396621704,34659,34669,10
12.9813899994,80.2400894165,34669,34679,10
12.9813995361,80.2407989502,34679,34689,10
12.9813804626,80.2416992188,34689,34699,10
12.9813995361,80.2428283691,34699,34739,40
12.9813995361,80.2428283691,34739,34749,10
12.9813804626,80.2429122925,34749,34760,11
12.9813899994,80.2431793213,34760,34770,10
12.9813804626,80.2435684204,34770,34780,10
12.9813098907,80.2441177368,34780,34790,10
12.9812297821,80.244758606,34790,34800,10
12.9811496735,80.2454376221,34800,34810,10
12.9811000824,80.2461166382,34810,34820,10
12.9810495377,80.246711731,34820,34830,10
12.981010437,80.2471618652,34830,34840,10
12.9808998108,80.2478790283,34840,34850,10
12.9808197021,80.2487716675,34850,34860,10
12.9806995392,80.2497787476,34860,34871,11
12.9804296494,80.2509613037,34871,34881,10
12.9802398682,80.2517776489,34881,34891,10
12.9801597595,80.2521591187,34891,34911,20
12.9801597595,80.2521591187,34911,34921,10
12.9801797867,80.2521972656,34921,34931,10
12.9802103043,80.2524719238,34931,34941,10
12.9807701111,80.2526016235,34941,34951,10
12.9815797806,80.2525787354,34951,34961,10
12.9823999405,80.2525482178,34961,35313,352
12.9823999405,80.2525482178,35313,35323,10
12.9827098846,80.2525100708,35323,35333,10
12.9831600189,80.2524719238,35333,35343,10
12.9836196899,80.2523880005,35343,35353,10
12.9841995239,80.252243042,35353,35363,10
12.9849596024,80.2520217896,35363,35373,10
12.9856300354,80.2518463135,35373,35383,10
12.9861497879,80.251701355,35383,35393,10
12.986579895,80.2515869141,35393,35403,10
12.9869098663,80.2515106201,35403,35414,11
12.9872102737,80.2514190674,35414,35646,232
12.9872102737,80.2514190674,35646,35656,10
12.9873199463,80.2513885498,35656,35666,10
12.9876203537,80.2513198853,35666,35676,10
12.9879798889,80.251449585,35676,35686,10
12.9880504608,80.2519989014,35686,35696,10
12.9880199432,80.2526321411,35696,35706,10
12.9879598618,80.2533569336,35706,35716,10
12.9878997803,80.2540969849,35716,35726,10
12.987859726,80.2546310425,35726,35807,81
12.987859726,80.2546310425,35807,35817,10
12.9877700806,80.2551193237,35817,35827,10
12.9877099991,80.2557067871,35827,35837,10
12.9876403809,80.2562332153,35837,35848,11
12.9876203537,80.2566223145,35848,35858,10
12.9875802994,80.2569580078,35858,35868,10
12.9875497818,80.2574920654,35868,35878,10
12.9875001907,80.2583007813,35878,35888,10
12.9873800278,80.2589035034,35888,35898,10
12.9872903824,80.2594528198,35898,35918,20
12.9872903824,80.2594528198,35918,35928,10
12.9872303009,80.2596511841,35928,35938,10
12.9870195389,80.2596282959,35938,35948,10
12.9868097305,80.2595291138,35948,35959,11
12.9868001938,80.2592391968,35959,36231,272
12.9868001938,80.2592391968,36231,36241,10
12.986869812,80.2589035034,36241,36251,10
12.9868402481,80.2586593628,36251,36584,333
12.9868402481,80.2586593628,36584,36594,10
12.9868202209,80.2584228516,36594,36937,343
12.9868202209,80.2584228516,36937,36948,11
12.9867801666,80.2589797974,36948,37129,181
12.9870901108,80.2591171265,37129,37200,71
12.9870901108,80.2591171265,37200,37210,10
12.9874000549,80.2589035034,37210,37220,10
12.9874000549,80.2587966919,37220,37230,10
12.9874200821,80.2585601807,37230,37240,10
12.9874801636,80.2581787109,37240,37250,10
12.9875402451,80.2577209473,37250,37260,10
12.9875602722,80.2572784424,37260,37270,10
12.9875802994,80.256942749,37270,37281,11
12.9876298904,80.256439209,37281,37291,10
12.9876203537,80.2559661865,37291,37301,10
12.987739563,80.2554168701,37301,37311,10
12.9877700806,80.2548828125,37311,37321,10
12.9877700806,80.2547988892,37321,37331,10
12.9878196716,80.2542495728,37331,37341,10
12.9878396988,80.2532577515,37341,37715,374
12.9878396988,80.2532577515,37715,37725,10
12.9878396988,80.2530212402,37725,37735,10
12.987859726,80.2527770996,37735,37745,10
12.9878997803,80.2524414063,37745,37755,10
12.987859726,80.2520294189,37755,37765,10
12.9878396988,80.2518768311,37765,37775,10
12.9877796173,80.251663208,37775,37785,10
12.9876403809,80.2516174316,37785,37795,10
12.9875001907,80.2516098022,37795,37805,10
12.9868803024,80.251701355,37805,37816,11
12.9858398438,80.2519378662,37816,37826,10
12.9846897125,80.252243042,37826,37836,10
12.9834499359,80.2525482178,37836,37846,10
12.9821596146,80.2526626587,37846,37856,10
12.9809503555,80.2527084351,37856,37866,10
12.9800596237,80.252746582,37866,37876,10
12.9798603058,80.2524490356,37876,37886,10
12.9798898697,80.2523193359,37886,37896,10
12.9799604416,80.2520599365,37896,37906,10
12.9801797867,80.251411438,37906,37916,10
12.9804496765,80.2504806519,37916,37927,11
12.9807195663,80.2491607666,37927,37937,10
12.9808197021,80.2478027344,37937,37947,10
12.9809503555,80.2463989258,37947,37957,10
12.9811096191,80.245010376,37957,37967,10
12.9811897278,80.2439727783,37967,37977,10
12.9813203812,80.243522644,37977,37987,10
12.9813404083,80.2432632446,37987,37997,10
12.9813299179,80.2431182861,37997,38017,20
12.9813299179,80.2431182861,38017,38027,10
12.9813604355,80.2428512573,38027,38038,11
12.9813604355,80.24269104,38038,38048,10
12.9813699722,80.2425765991,38048,38058,10
12.9813804626,80.2423782349,38058,38068,10
12.9813604355,80.2419128418,38068,38078,10
12.9813604355,80.2414169312,38078,38088,10
12.9813604355,80.2408065796,38088,38098,10
12.9813499451,80.2401275635,38098,38108,10
12.9813203812,80.2397537231,38108,38118,10
12.9813203812,80.239616394,38118,38128,10
12.9813098907,80.2392730713,38128,38138,10
12.9812898636,80.238609314,38138,38149,11
12.9812602997,80.2379608154,38149,38159,10
12.9812602997,80.2378997803,38159,38169,10
12.9812498093,80.2376022339,38169,38179,10
12.9812297821,80.2369537354,38179,38189,10
12.9812097549,80.2360305786,38189,38198,9
12.9811897278,80.2351608276,38198,38209,11
12.9812097549,80.2342224121,38209,38219,10
12.981300354,80.2339477539,38219,38229,10
12.9813604355,80.2338027954,38229,38239,10
12.9814300537,80.2336883545,38239,38249,10
12.9815502167,80.2334671021,38249,38260,11
12.9816102982,80.2333526611,38260,38270,10
12.9816904068,80.2332229614,38270,38280,10
12.9818201065,80.2329330444,38280,38290,10
12.9819002151,80.232711792,38290,38300,10
12.9819498062,80.2325668335,38300,38310,10
12.9820203781,80.2322998047,38310,38320,10
12.9819803238,80.2320175171,38320,38330,10
12.9819402695,80.2314224243,38330,38340,10
12.9818201065,80.23097229,38340,38350,10
12.9814596176,80.2303390503,38350,38361,11
12.9810695648,80.2297210693,38361,38371,10
12.9808597565,80.2294082642,38371,38381,10
12.9807300568,80.2291870117,38381,38391,10
12.9806098938,80.2289886475,38391,38400,9
12.9805402756,80.2289123535,38400,38411,11
12.9802999496,80.2284927368,38411,38421,10
12.9800596237,80.2279815674,38421,38431,10
12.9796495438,80.2272796631,38431,38441,10
12.9792604446,80.2266387939,38441,38451,10
12.9789199829,80.2260513306,38451,38461,10
12.9785604477,80.2254562378,38461,38472,11
12.9782104492,80.224899292,38472,38482,10
12.9780197144,80.224609375,38482,38491,9
12.9777698517,80.224319458,38491,38512,21
12.9777698517,80.224319458,38512,38522,10
12.9777002335,80.2241821289,38522,38532,10
12.9774503708,80.2237319946,38532,38542,10
12.9771604538,80.2232818604,38542,38552,10
12.9770698547,80.2231369019,38552,38562,10
12.976940155,80.22290802,38562,38572,10
12.9767198563,80.2225570679,38572,38583,11
12.9763803482,80.2220077515,38583,38592,9
12.9761896133,80.2217330933,38592,38603,11
12.9760704041,80.221572876,38603,38613,10
12.9759597778,80.2214508057,38613,38623,10
12.9757995605,80.2212371826,38623,38633,10
12.9755601883,80.221031189,38633,38643,10
12.9752597809,80.2207870483,38643,38653,10
12.9746704102,80.2205200195,38653,38663,10
12.9742298126,80.2203979492,38663,38673,10
12.9742298126,80.2203903198,38673,38683,10
12.9740896225,80.2202529907,38683,38694,11
12.973449707,80.2199935913,38694,38704,10
12.9725999832,80.2197189331,38704,38714,10
12.9716596603,80.2193832397,38714,38724,10
12.9710903168,80.2192230225,38724,38734,10
12.9710502625,80.2192001343,38734,38744,10
12.9708995819,80.2191085815,38744,38754,10
12.9707298279,80.21900177,38754,38764,10
12.9702701569,80.21875,38764,38774,10
12.9695100784,80.218460083,38774,38784,10
12.9686803818,80.2181396484,38784,38794,10
12.9678602219,80.2178192139,38794,38805,11
12.9670095444,80.2174606323,38805,38815,10
12.9660997391,80.2171020508,38815,38825,10
12.9651403427,80.2166900635,38825,38835,10
12.9641895294,80.216293335,38835,38845,10
12.9635696411,80.2159729004,38845,38906,61
12.9635696411,80.2159729004,38906,38916,10
12.9635295868,80.2159118652,38916,38926,10
12.9636001587,80.2156219482,38926,38936,10
12.9636602402,80.2153778076,38936,38946,10
12.9636697769,80.2152633667,38946,38956,10
12.9637403488,80.2149505615,38956,38966,10
12.9638500214,80.2144088745,38966,38976,10
12.9639196396,80.2139892578,38976,38986,10
12.9639196396,80.2139129639,38986,38996,10
12.9639997482,80.2135772705,38996,39006,10
12.964099884,80.2130432129,39006,39017,11
12.9642400742,80.2121963501,39017,39027,10
12.9643697739,80.2115707397,39027,39037,10
12.9645595551,80.2112121582,39037,39047,10
12.9646501541,80.210899353,39047,39057,10
12.9647302628,80.2101898193,39057,39067,10
12.9648504257,80.2092590332,39067,39077,10
12.9650001526,80.2082672119,39077,39087,10
12.9651603699,80.2073364258,39087,39097,10
12.9652204514,80.2069702148,39097,39107,10
12.965259552,80.2068786621,39107,39117,10
12.9653396606,80.2064208984,39117,39128,11
12.9653301239,80.2059936523,39128,39138,10
12.9653997421,80.2055282593,39138,39148,10
12.9654998779,80.2049179077,39148,39158,10
12.9655704498,80.204498291,39158,39168,10
12.9655799866,80.2044372559,39168,39178,10
12.965669632,80.2039871216,39178,39188,10
12.9657802582,80.2032318115,39188,39198,10
12.9657897949,80.2023391724,39198,39208,10
12.9656400681,80.2017364502,39208,39218,10
12.9652900696,80.2013931274,39218,39228,10
12.9653902054,80.2008590698,39228,39239,11
12.965470314,80.2004623413,39239,39249,10
12.9654798508,80.2004165649,39249,39259,10
12.9653997421,80.200088501,39259,39269,10
12.9649295807,80.1999130249,39269,39279,10
12.9648199081,80.1993484497,39279,39289,10
12.9648199081,80.1986999512,39289,39299,10
12.9647502899,80.1978988647,39299,39309,10
12.9647703171,80.1971588135,39309,39319,10
12.9647598267,80.197052002,39319,39329,10
12.9647703171,80.1966171265,39329,39339,10
12.9647798538,80.1963272095,39339,39350,11
12.9647798538,80.1961669922,39350,39359,9
12.9647703171,80.1961593628,39359,39370,11
12.964679718,80.1957702637,39370,39380,10
12.9647703171,80.1950912476,39380,39390,10
12.9648504257,80.1943969727,39390,39400,10
12.9649600983,80.193939209,39400,39409,9
12.9650497437,80.1934661865,39409,39420,11
12.9651002884,80.1926422119,39420,39430,10
12.9652500153,80.1919326782,39430,39440,10
12.9653100967,80.1917037964,39440,39450,10
12.9654102325,80.1912994385,39450,39461,11
12.9655704498,80.1905136108,39461,39471,10
12.9657497406,80.189666748,39471,39481,10
12.9658699036,80.1890029907,39481,39491,10
12.9658899307,80.188873291,39491,39501,10
12.9659004211,80.1887893677,39501,39511,10
12.965929985,80.188659668,39511,39521,10
12.9657897949,80.1885528564,39521,39531,10
12.9653196335,80.1884002686,39531,39541,10
12.9648303986,80.1882629395,39541,39551,10
12.964099884,80.18800354,39551,39562,11
12.9632797241,80.1877593994,39562,39572,10
12.9625101089,80.1875686646,39572,39582,10
12.961689949,80.1874084473,39582,39592,10
12.9610996246,80.1873092651,39592,39602,10
12.9609203339,80.1872787476,39602,39612,10
12.9605998993,80.187210083,39612,39622,10
12.9601097107,80.1871414185,39622,39632,10
12.9596004486,80.1870803833,39632,39642,10
12.9588603973,80.1870193481,39642,39652,10
12.9581403732,80.18699646,39652,39662,10
12.9575300217,80.1870193481,39662,39673,11
12.9567804337,80.1869888306,39673,39683,10
12.9561395645,80.1869430542,39683,39693,10
12.9558000565,80.1869277954,39693,39703,10
12.9557104111,80.186920166,39703,39713,10
12.9555797577,80.1867980957,39713,39729,16
12.9556598663,80.1863937378,39729,39741,12
12.9557504654,80.1859436035,39741,39749,8
12.9557800293,80.1856689453,39749,39761,12
12.9559898376,80.185508728,39761,39771,10
12.9560098648,80.1860809326,39771,40367,596
12.9560098648,80.1860809326,40367,40377,10
12.956029892,80.1866226196,40377,40387,10
12.9560403824,80.1867904663,40387,40397,10
12.9561595917,80.1868972778,40397,40407,10
12.9566802979,80.1869812012,40407,40417,10
12.9573097229,80.1870269775,40417,40427,10
12.9580097198,80.1870422363,40427,40438,11
12.9587898254,80.1870803833,40438,40448,10
12.9593696594,80.1871109009,40448,40458,10
12.9598999023,80.1871185303,40458,40468,10
12.9604301453,80.187171936,40468,40478,10
12.9610204697,80.18724823,40478,40488,10
12.9614295959,80.1873092651,40488,40498,10
12.9615402222,80.1873092651,40498,40508,10
12.9620504379,80.1873779297,40508,40518,10
12.962679863,80.1875,40518,40528,10
12.9634504318,80.1876602173,40528,40538,10
12.964220047,80.1878967285,40538,40549,11
12.9649496078,80.1881484985,40549,40559,10
12.9653501511,80.1883010864,40559,40569,10
12.9655199051,80.188369751,40569,40579,10
12.9658899307,80.1885528564,40579,40599,20
12.9658899307,80.1885528564,40599,40609,10
12.9659099579,80.1888580322,40609,40619,10
12.9657897949,80.1894683838,40619,40629,10
12.9656095505,80.1903533936,40629,40639,10
12.9654502869,80.1910934448,40639,40649,10
12.9653301239,80.1916275024,40649,40660,11
12.9652795792,80.1918182373,40660,40670,10
12.9651603699,80.1923294067,40670,40680,10
12.9650497437,80.1931762695,40680,40690,10
12.9649801254,80.193862915,40690,40700,10
12.9648504257,80.1943511963,40700,40710,10
12.9647703171,80.1949081421,40710,40720,10
12.9646997452,80.1956176758,40720,40730,10
12.964679718,80.1960906982,40730,40740,10
12.964799881,80.1962966919,40740,40750,10
12.964799881,80.1970901489,40750,40771,21
12.964799881,80.1970901489,40771,40781,10
12.9647703171,80.1974182129,40781,40797,16
12.9648303986,80.1985931396,40797,40809,12
12.9648303986,80.1988830566,40809,40819,10
12.9648399353,80.1993103027,40819,40829,10
12.964969635,80.1999206543,40829,40839,10
12.9654197693,80.2001037598,40839,40849,10
12.9654998779,80.2004623413,40849,40859,10
12.9653997421,80.2010803223,40859,40869,10
12.965379715,80.201171875,40869,40880,11
12.9653596878,80.2012710571,40880,40889,9
12.9653396606,80.2016830444,40889,40900,11
12.9657802582,80.2018737793,40900,40910,10
12.9657802582,80.2025985718,40910,40920,10
12.965760231,80.2030410767,40920,40930,10
12.965669632,80.2040023804,40930,40940,10
12.9655704498,80.2045135498,40940,40950,10
12.9655199051,80.2045974731,40950,40960,10
12.965470314,80.205039978,40960,40970,10
12.9653396606,80.2058410645,40970,40981,11
12.9652996063,80.2066497803,40981,40991,10
12.9652299881,80.2070770264,40991,41001,10
12.9652004242,80.2071609497,41001,41011,10
12.9651203156,80.2076568604,41011,41021,10
12.9649896622,80.2084274292,41021,41031,10
12.9648399353,80.2093582153,41031,41041,10
12.9646997452,80.210357666,41041,41051,10
12.9645996094,80.2111587524,41051,41061,10
12.9645204544,80.2113418579,41061,41071,10
12.9644498825,80.2114562988,41071,41081,10
12.9642801285,80.2119674683,41081,41092,11
12.9641199112,80.212852478,41092,41102,10
12.9639797211,80.2135925293,41102,41112,10
12.9638595581,80.214302063,41112,41122,10
12.9637699127,80.2148895264,41122,41132,10
12.9636802673,80.2154006958,41132,41142,10
12.9636497498,80.2156524658,41142,41152,10
12.9640598297,80.2160873413,41152,41172,20
12.9640598297,80.2160873413,41172,41182,10
12.9644298553,80.2162704468,41182,41192,10
12.9651403427,80.2165908813,41192,41203,11
12.9660797119,80.2169570923,41203,41213,10
12.9668998718,80.2172775269,41213,41223,10
12.9677200317,80.2176132202,41223,41233,10
12.9684801102,80.2179107666,41233,41243,10
12.9693002701,80.2182006836,41243,41253,10
12.9701900482,80.2185516357,41253,41263,10
12.9709701538,80.2188415527,41263,41273,10
12.9711999893,80.2189102173,41273,41283,10
12.9715099335,80.219039917,41283,41293,10
12.9721403122,80.2193069458,41293,41303,10
12.9729299545,80.2196426392,41303,41314,11
12.9739198685,80.2200393677,41314,41324,10
12.9747400284,80.2203903198,41324,41334,10
12.975279808,80.2206268311,41334,41404,70
12.975279808,80.2206268311,41404,41414,10
12.9755802155,80.2208633423,41414,41425,11
12.9760103226,80.2212677002,41425,41435,10
12.9763898849,80.2218017578,41435,41455,20
12.9763898849,80.2218017578,41455,41465,10
12.9764795303,80.2219772339,41465,41475,10
12.9767904282,80.2224884033,41475,41485,10
12.9772100449,80.2231216431,41485,41495,10
12.9776496887,80.2238006592,41495,41505,10
12.9781703949,80.224609375,41505,41515,10
12.9785804749,80.2253036499,41515,41525,10
12.9790296555,80.2260513306,41525,41536,11
12.9794902802,80.2268371582,41536,41546,10
12.9798603058,80.2274017334,41546,41556,10
12.9802503586,80.2280807495,41556,41566,10
12.9806499481,80.2287902832,41566,41576,10
12.9809999466,80.2293624878,41576,41586,10
12.9814395905,80.2300491333,41586,41596,10
12.9816904068,80.23046875,41596,41606,10
12.9817695618,80.2306518555,41606,41616,10
12.9819898605,80.2312164307,41616,41626,10
12.9820804596,80.2319717407,41626,41636,10
12.9820404053,80.2324905396,41636,41647,11
12.9817800522,80.2331619263,41647,41657,10
12.9816398621,80.2334823608,41657,41667,10
12.9816102982,80.2335510254,41667,41677,10
12.9814300537,80.2338790894,41677,41687,10
12.9812202454,80.2348175049,41687,41697,10
12.9812402725,80.2357635498,41697,41707,10
12.9812803268,80.2365570068,41707,41717,10
12.9813098907,80.2374191284,41717,41727,10
12.9813299179,80.2381820679,41727,41737,10
12.9813499451,80.238609314,41737,41748,11
12.9813404083,80.2387619019,41748,41757,9
12.9813604355,80.2392501831,41757,41768,11
12.9813499451,80.2399520874,41768,41778,10
12.9813404083,80.2406997681,41778,41788,10
12.9813404083,80.2414169312,41788,41798,10
12.9813404083,80.241897583,41798,41808,10
12.9813604355,80.2420120239,41808,41817,9
12.9813995361,80.2421112061,41817,41828,11
12.9813699722,80.2423706055,41828,41838,10
12.9813804626,80.2425765991,41838,41848,10
12.9813804626,80.2426376343,41848,41859,11
12.9813804626,80.242980957,41859,41869,10
12.9813699722,80.2433166504,41869,41879,10
12.9812803268,80.2439498901,41879,41889,10
12.9811401367,80.2448806763,41889,41899,10
12.981010437,80.2460021973,41899,41909,10
12.9808797836,80.2472381592,41909,41919,10
12.980799675,80.2484664917,41919,41929,10
12.9806804657,80.2496566772,41929,41939,10
12.9804201126,80.2508010864,41939,41949,10
12.9801797867,80.2517623901,41949,41959,10
12.9800901413,80.2521972656,41959,41970,11
12.9800901413,80.2522125244,41970,41980,10
12.9800300598,80.2524719238,41980,41990,10
12.9803800583,80.2526702881,41990,42000,10
12.9811897278,80.2526321411,42000,42010,10
12.9821195602,80.2526016235,42010,42020,10
12.9828996658,80.2525863647,42020,42181,161
12.9828996658,80.2525863647,42181,42192,11
12.9832496643,80.2525634766,42192,42202,10
12.9836797714,80.2524719238,42202,42212,10
12.9842796326,80.2522964478,42212,42222,10
12.9847602844,80.2521820068,42222,42232,10
12.9850597382,80.2520828247,42232,42242,10
12.9853801727,80.251991272,42242,42282,40
12.9853801727,80.251991272,42282,42293,11
12.9856595993,80.2518768311,42293,42464,171
12.9856595993,80.2518768311,42464,42474,10
12.9859895706,80.2517776489,42474,42484,10
12.9864702225,80.2516937256,42484,42494,10
12.9869403839,80.2515716553,42494,42504,10
12.9872703552,80.2514877319,42504,42515,11
12.9877195358,80.2514038086,42515,42525,10
12.987950325,80.2515716553,42525,42535,10
12.9879798889,80.2518310547,42535,42545,10
12.9879903793,80.2519378662,42545,42555,10
12.9880304337,80.2523574829,42555,42565,10
12.9879398346,80.2530212402,42565,42575,10
12.9878396988,80.2537307739,42575,42585,10
12.9877796173,80.2543411255,42585,42605,20
12.9877796173,80.2543411255,42605,42615,10
12.9877996445,80.2544403076,42615,42626,11
12.9877595901,80.2549133301,42626,42636,10
12.987739563,80.2554397583,42636,42646,10
12.9875802994,80.2559509277,42646,42656,10
12.9875402451,80.2565994263,42656,42666,10
12.9875001907,80.2571563721,42666,42676,10
12.9874601364,80.2579574585,42676,42686,10
12.9874095917,80.2583999634,42686,42696,10
12.9874000549,80.2585372925,42696,42706,10
12.9873104095,80.2591629028,42706,42745,39
12.987279892,80.2594680786,42745,42783,38
12.987279892,80.2594680786,42783,42795,12
12.9869003296,80.2596511841,42795,42805,10
12.9866199493,80.2592086792,42805,42836,31
12.986749649,80.2591018677,42836,42877,41
12.9869403839,80.2591171265,42877,42897,20
12.9869403839,80.2591171265,42897,42907,10
12.987159729,80.2591323853,42907,42978,71
12.987159729,80.2591323853,42978,42988,10
12.9873600006,80.2589416504,42988,42998,10
12.9873695374,80.2587127686,42998,43018,20
12.9873695374,80.2587127686,43018,43028,10
12.9874000549,80.2585296631,43028,43038,10
12.9874000549,80.2580108643,43038,43048,10
12.9874696732,80.2572937012,43048,43059,11
12.9875297546,80.2565002441,43059,43069,10
12.9875497818,80.2558898926,43069,43079,10
12.9877195358,80.2549819946,43079,43099,20
12.9877195358,80.2549819946,43099,43109,10
12.987739563,80.2546310425,43109,43119,10
12.9878196716,80.2538986206,43119,43129,10
12.9878797531,80.2527694702,43129,43190,61
12.9878797531,80.2527694702,43190,43200,10
12.9878997803,80.252571106,43200,43210,10
12.9878997803,80.252243042,43210,43220,10
12.987830162,80.2518005371,43220,43230,10
12.9875097275,80.251663208,43230,43240,10
12.9869403839,80.251701355,43240,43250,10
12.9861402512,80.2518920898,43250,43260,10
12.9851198196,80.2521362305,43260,43270,10
12.9839296341,80.252456665,43270,43281,11
12.982509613,80.2526473999,43281,43291,10
12.9812402725,80.2526779175,43291,43301,10
12.9801397324,80.2526931763,43301,43371,70
12.9801397324,80.2526931763,43371,43381,10
12.9798698425,80.2525787354,43381,43392,11
12.9798603058,80.2523193359,43392,43402,10
12.9798603058,80.2522888184,43402,43412,10
12.9798898697,80.2521820068,43412,43422,10
12.9799804688,80.2518081665,43422,43432,10
12.9802103043,80.2511367798,43432,43442,10
12.9804801941,80.2502212524,43442,43452,10
12.9806804657,80.2491989136,43452,43462,10
12.9807596207,80.2480392456,43462,43472,10
12.9808702469,80.2468566895,43472,43482,10
12.9809999466,80.2456588745,43482,43492,10
12.981089592,80.2446899414,43492,43503,11
12.9811296463,80.2442169189,43503,43513,10
12.9811296463,80.2441329956,43513,43523,10
12.9811401367,80.2439422607,43523,43533,10
12.9811401367,80.2438201904,43533,43543,10
12.9812002182,80.2436828613,43543,43553,10
12.981300354,80.2434616089,43553,43563,10
12.9812803268,80.2432403564,43563,43573,10
12.9812898636,80.2431182861,43573,43583,10
12.981300354,80.2428665161,43583,43603,20
12.981300354,80.2428665161,43603,43614,11
12.9813404083,80.2426605225,43614,43624,10
12.9813203812,80.2421188354,43624,43634,10
12.9813299179,80.241317749,43634,43644,10
12.9813299179,80.2406768799,43644,43654,10
12.981300354,80.239982605,43654,43664,10
12.981300354,80.2395095825,43664,43674,10
12.9812803268,80.238861084,43674,43684,10
12.9812602997,80.2384414673,43684,43694,10
12.9812498093,80.2383880615,43694,43704,10
12.9812402725,80.2381896973,43704,43715,11
12.9812202454,80.2379837036,43715,43725,10
12.9812297821,80.2376708984,43725,43735,10
12.9812002182,80.2369613647,43735,43745,10
12.9811897278,80.2360229492,43745,43755,10
12.9811697006,80.2350616455,43755,43765,10
12.9812202454,80.2342224121,43765,43775,10
12.9814300537,80.2337265015,43775,43785,10
12.9815797806,80.2334365845,43785,43795,10
12.9816102982,80.2333679199,43795,43805,10
12.9817800522,80.233001709,43805,43815,10
12.9819202423,80.2325973511,43815,43826,11
12.9819402695,80.2321166992,43826,43836,10
12.9819402695,80.2317581177,43836,43846,10
12.9819202423,80.2315826416,43846,43856,10
12.981880188,80.231338501,43856,43866,10
12.9818201065,80.2311706543,43866,43876,10
12.9816999435,80.2309188843,43876,43886,10
12.9814395905,80.2304763794,43886,43896,10
12.9810800552,80.2299118042,43896,43906,10
12.9808197021,80.2294387817,43906,43916,10
12.9806003571,80.2290802002,43916,43926,10
12.9805603027,80.2289886475,43926,43937,11
12.9804601669,80.2288284302,43937,43947,10
12.980219841,80.2284088135,43947,43957,10
12.9799404144,80.227897644,43957,43967,10
12.9795303345,80.2272186279,43967,43977,10
12.979180336,80.2266387939,43977,43987,10
12.9787797928,80.2259597778,43987,43997,10
12.9783401489,80.2252197266,43997,44007,10
12.9779596329,80.2246780396,44007,44017,10
12.9777498245,80.2244033813,44017,44027,10
12.9776697159,80.2242584229,44027,44037,10
12.9773902893,80.2237625122,44037,44048,11
12.9769697189,80.2230987549,44048,44058,10
12.9767599106,80.2227325439,44058,44068,10
12.9764604568,80.2222213745,44068,44078,10
12.9760904312,80.2216796875,44078,44088,10
12.9759101868,80.2214431763,44088,44098,10
12.9758300781,80.2213516235,44098,44108,10
12.9757299423,80.2212219238,44108,44138,30
12.9757299423,80.2212219238,44138,44148,10
12.9756698608,80.2211303711,44148,44159,11
12.9754800797,80.2209396362,44159,44199,40
12.9754800797,80.2209396362,44199,44209,10
12.975110054,80.2207183838,44209,44219,10
12.9745597839,80.2205123901,44219,44229,10
12.974149704,80.2203979492,44229,44239,10
12.9739704132,80.2203826904,44239,44249,10
12.9736204147,80.220161438,44249,44260,11
12.9728002548,80.219833374,44260,44270,10
12.9720096588,80.2195587158,44270,44280,10
12.9712295532,80.2193069458,44280,44290,10
12.9709596634,80.2192001343,44290,44300,10
12.9707803726,80.219078064,44300,44310,10
12.9703598022,80.2188415527,44310,44320,10
12.969619751,80.2185592651,44320,44330,10
12.9688100815,80.2182388306,44330,44340,10
12.968000412,80.2179107666,44340,44350,10
12.9671802521,80.217590332,44350,44360,10
12.9663000107,80.2172164917,44360,44371,11
12.965259552,80.2167816162,44371,44381,10
12.9642400742,80.2163391113,44381,44391,10
12.9636001587,80.2160568237,44391,44401,10
12.9635295868,80.2157592773,44401,44411,10
12.963640213,80.2154083252,44411,44421,10
12.9637203217,80.2150268555,44421,44431,10
12.9638299942,80.2144622803,44431,44441,10
12.96393013,80.2138977051,44441,44451,10
12.9640598297,80.2132720947,44451,44461,10
12.9642095566,80.2124786377,44461,44471,10
12.96434021,80.2117767334,44471,44482,11
12.9645795822,80.2110366821,44482,44492,10
12.9646997452,80.2102127075,44492,44502,10
12.9648399353,80.2092208862,44502,44512,10
12.9650001526,80.2081985474,44512,44522,10
12.9651498795,80.207321167,44522,44532,10
12.9652299881,80.2069778442,44532,44542,10
12.9652500153,80.2069015503,44542,44552,10
12.9653196335,80.2064285278,44552,44562,10
12.965379715,80.2057113647,44562,44572,10
12.9654998779,80.2049331665,44572,44582,10
12.9655599594,80.2045669556,44582,44593,11
12.9655799866,80.2044372559,44593,44603,10
12.9656896591,80.203918457,44603,44613,10
12.9657802582,80.2031173706,44613,44623,10
12.9658098221,80.2022399902,44623,44633,10
12.9655303955,80.2017669678,44633,44643,10
12.9653396606,80.2012405396,44643,44653,10
12.9653997421,80.2005615234,44653,44663,10
12.9654598236,80.2004318237,44663,44673,10
12.9654998779,80.2002410889,44673,44683,10
12.9654302597,80.2001190186,44683,44693,10
12.9650602341,80.2000579834,44693,44704,11
12.9649896622,80.1996765137,44704,44714,10
12.9649200439,80.1991882324,44714,44724,10
12.9649095535,80.1987915039,44724,44734,10
12.9648504257,80.1982879639,44734,44744,10
12.9648199081,80.1974563599,44744,44754,10
12.9648103714,80.1963195801,44754,44804,50
12.9648103714,80.1963195801,44804,44815,11
12.9646997452,80.1957702637,44815,44825,10
12.9648103714,80.1951065063,44825,44835,10
12.9648895264,80.1944885254,44835,44845,10
12.9650402069,80.1937332153,44845,44855,10
12.9651298523,80.1928787231,44855,44865,10
12.9652395248,80.192199707,44865,44875,10
12.9652996063,80.1917037964,44875,44885,10
12.9653100967,80.19165802,44885,44895,10
12.9653396606,80.1913833618,44895,44905,10
12.9654998779,80.1907119751,44905,44915,10
12.9656801224,80.1898422241,44915,44926,11
12.9658603668,80.1890487671,44926,44936,10
12.9659004211,80.1889266968,44936,44946,10
12.9659500122,80.1886367798,44946,44964,18
12.9659500122,80.1886367798,44964,44976,12
12.9657201767,80.1885375977,44976,44985,9
12.9653997421,80.1884307861,44985,44997,12
12.9650497437,80.1882781982,44997,45007,10
12.9645996094,80.1881027222,45007,45017,10
12.9640398026,80.1879272461,45017,45028,11
12.9632797241,80.1877365112,45028,45037,9
12.9626903534,80.1875686646,45037,45048,11
12.9619197845,80.1874237061,45048,45058,10
12.9612903595,80.1873168945,45058,45068,10
12.9609098434,80.1872634888,45068,45078,10
12.9607896805,80.1872634888,45078,45088,10
12.9604196548,80.1871871948,45088,45098,10
12.9599599838,80.1871109009,45098,45108,10
12.9594402313,80.1870574951,45108,45118,10
12.9587097168,80.1870117188,45118,45128,10
12.9579601288,80.1870117188,45128,45139,11
12.9570598602,80.18699646,45139,45149,10
12.9559297562,80.1869277954,45149,45179,30
12.9559297562,80.1869277954,45179,45189,10
12.955619812,80.1869125366,45189,45209,20
12.955619812,80.1869125366,45209,45219,10
12.9555997849,80.1866226196,45219,45229,10
12.9556798935,80.1861801147,45229,45239,10
12.9557600021,80.1857299805,45239,45256,17
12.9560403824,80.1861419678,45256,45420,164
12.9560403824,80.1861419678,45420,45430,10
12.9559497833,80.1862564087,45430,45440,10
12.9559202194,80.186378479,45440,45450,10
12.955909729,80.1866836548,45450,45511,61
12.955909729,80.1866836548,45511,45521,10
12.9561595917,80.1869812012,45521,45531,10
12.9564800262,80.1870193481,45531,45541,10
12.9568996429,80.1870422363,45541,45551,10
12.9573497772,80.1870574951,45551,45561,10
12.9577503204,80.1870574951,45561,45571,10
12.9583597183,80.1870574951,45571,45582,11
12.9589395523,80.1870574951,45582,45592,10
12.9594202042,80.1870803833,45592,45602,10
12.9599199295,80.1871109009,45602,45612,10
12.9606304169,80.1872024536,45612,45632,20
12.9606304169,80.1872024536,45632,45642,10
12.9608201981,80.1872406006,45642,45652,10
12.9611902237,80.1872787476,45652,45662,10
12.9611997604,80.1872787476,45662,45672,10
12.9615097046,80.1873168945,45672,45682,10
12.9618501663,80.1873931885,45682,45693,11
12.9626197815,80.1875610352,45693,45703,10
12.9633197784,80.1876907349,45703,45713,10
12.9639902115,80.1878967285,45713,45723,10
12.9647397995,80.188117981,45723,45733,10
12.9652996063,80.188331604,45733,45743,10
12.9654998779,80.1884078979,45743,45753,10
12.9658002853,80.1885223389,45753,45763,10
12.9658899307,80.1886978149,45763,45773,10
12.9657897949,80.1891174316,45773,45783,10
12.9656400681,80.189743042,45783,45793,10
12.9654998779,80.1904067993,45793,45804,11
12.9653196335,80.1910171509,45804,45814,10
12.9652204514,80.1915969849,45814,45824,10
12.9652204514,80.1916885376,45824,45834,10
12.9651098251,80.1921234131,45834,45844,10
12.9649801254,80.1928787231,45844,45854,10
12.9648895264,80.1937408447,45854,45864,10
12.9648399353,80.1940002441,45864,45874,10
12.9647197723,80.1944580078,45874,45884,10
12.9646196365,80.1950683594,45884,45894,10
12.9645299911,80.1957702637,45894,45904,10
12.9645996094,80.1960983276,45904,45921,17
12.9646997452,80.1969528198,45921,45933,12
12.9647197723,80.1970825195,45933,45943,10
12.9646902084,80.1974563599,45943,45953,10
12.9646997452,80.1983795166,45953,45963,10
12.9646701813,80.1990966797,45963,45973,10
12.9648599625,80.1996002197,45973,45983,10
12.9649801254,80.2000274658,45983,45993,10
12.9654397964,80.2001800537,45993,46003,10
12.9653596878,80.2006988525,46003,46013,10
12.9652996063,80.2011184692,46013,46024,11
12.9652700424,80.2013320923,46024,46033,9
12.9653396606,80.2016983032,46033,46044,11
12.965760231,80.2019424438,46044,46054,10
12.9657096863,80.202796936,46054,46064,10
12.9657201767,80.2032623291,46064,46074,10
12.9656295776,80.2038192749,46074,46084,10
12.9655599594,80.2042999268,46084,46094,10
12.9655103683,80.2045516968,46094,46104,10
12.9654998779,80.2046203613,46104,46114,10
12.9654302597,80.2050323486,46114,46124,10
12.9652900696,80.2056121826,46124,46135,11
12.9652299881,80.2062301636,46135,46145,10
12.9652004242,80.2066116333,46145,46155,10
12.9651699066,80.2069625854,46155,46165,10
12.9652004242,80.2070236206,46165,46175,10
12.965180397,80.2074203491,46175,46185,10
12.9650402069,80.2080535889,46185,46195,10
12.9649200439,80.2087402344,46195,46205,10
12.9648599625,80.2092208862,46205,46215,10
12.9647598267,80.2098999023,46215,46225,10
12.964679718,80.2106323242,46225,46235,10
12.9645595551,80.211227417,46235,46246,11
12.9643096924,80.2118606567,46246,46256,10
12.9641799927,80.2125778198,46256,46266,10
12.9640102386,80.2132797241,46266,46276,10
12.9638900757,80.2139434814,46276,46286,10
12.9637699127,80.21459198,46286,46296,10
12.9636602402,80.2152633667,46296,46306,10
12.9635400772,80.2157974243,46306,46316,10
12.9638204575,80.2160263062,46316,46326,10
12.9644403458,80.2163009644,46326,46336,10
12.9652395248,80.2166290283,46336,46347,11
12.9661502838,80.2170028687,46347,46357,10
12.9669799805,80.2173309326,46357,46367,10
12.9676198959,80.2175979614,46367,46377,10
12.968000412,80.2177581787,46377,46387,10
12.968629837,80.2180023193,46387,46397,10
12.9694004059,80.2182998657,46397,46407,10
12.9702301025,80.2186203003,46407,46417,10
12.9709997177,80.2188796997,46417,46427,10
12.971159935,80.2189407349,46427,46437,10
12.9715204239,80.2191009521,46437,46447,10
12.972120285,80.2193908691,46447,46458,11
12.9729995728,80.2197036743,46458,46468,10
12.9736700058,80.2199401855,46468,46488,20
12.9736700058,80.2199401855,46488,46498,10
12.9738197327,80.2200088501,46498,46508,10
12.9742298126,80.2202911377,46508,46518,10
12.9749403,80.2206115723,46518,46589,71
12.9749403,80.2206115723,46589,46599,10
12.9752597809,80.2207565308,46599,46609,10
12.9753799438,80.2207489014,46609,46619,10
12.9756498337,80.2209625244,46619,46629,10
12.9759502411,80.221282959,46629,46639,10
12.9763202667,80.2217636108,46639,46669,30
12.9763202667,80.2217636108,46669,46680,11
12.9764099121,80.2220077515,46680,46690,10
12.9766197205,80.2223587036,46690,46700,10
12.9770097733,80.2229537964,46700,46710,10
12.9774599075,80.2236862183,46710,46720,10
12.9779396057,80.2244110107,46720,46730,10
12.978269577,80.2249221802,46730,46740,10
12.978509903,80.2253036499,46740,46750,10
12.9785404205,80.2253494263,46750,46760,10
12.9786996841,80.2256011963,46760,46770,10
12.9790296555,80.2261734009,46770,46780,10
12.9794197083,80.2268295288,46780,46791,11
12.9798803329,80.2276077271,46791,46801,10
12.9803199768,80.2283706665,46801,46811,10
12.9807195663,80.2291030884,46811,46821,10
12.9810600281,80.2296524048,46821,46831,10
12.9815101624,80.2302703857,46831,46841,10
12.9816303253,80.230430603,46841,46851,10
12.9817399979,80.2306594849,46851,46861,10
12.9819402695,80.2312927246,46861,46871,10
12.9820299149,80.231918335,46871,46902,31
12.982049942,80.2321395874,46902,46922,20
12.9820404053,80.2322998047,46922,46952,30
12.9820404053,80.2322998047,46952,46962,10
12.982000351,80.2324295044,46962,46982,20
12.982000351,80.2324295044,46982,46992,10
12.9819803238,80.2325820923,46992,47003,11
12.9819202423,80.2326278687,47003,47013,10
12.9818696976,80.2328720093,47013,47043,30
12.9818696976,80.2328720093,47043,47053,10
12.9818601608,80.233001709,47053,47063,10
12.9817800522,80.2332000732,47063,47073,10
12.9817304611,80.2333068848,47073,47083,10
12.9816398621,80.2334976196,47083,47093,10
12.9815301895,80.2336807251,47093,47103,10
12.9814500809,80.2338562012,47103,47114,11
12.9812698364,80.2342910767,47114,47124,10
12.9812297821,80.2346878052,47124,47134,10
12.9812202454,80.2350769043,47134,47144,10
12.9812097549,80.2356033325,47144,47154,10
12.9812402725,80.2361831665,47154,47164,10
12.9812297821,80.2364501953,47164,47174,10
12.9812402725,80.2369613647,47174,47184,10
12.9812498093,80.2376403809,47184,47194,10
12.9812602997,80.2379837036,47194,47204,10
12.9812602997,80.2385025024,47204,47214,10
12.9812602997,80.2390365601,47214,47225,11
12.9812898636,80.2397689819,47225,47235,10
12.981300354,80.2406005859,47235,47245,10
12.981300354,80.2414779663,47245,47255,10
12.9813203812,80.242401123,47255,47265,10
12.981300354,80.2427978516,47265,47281,16
12.9813299179,80.2431030273,47281,47293,12
12.981300354,80.2437210083,47293,47303,10
12.9811697006,80.2446136475,47303,47313,10
12.9810400009,80.2456665039,47313,47323,10
12.9809398651,80.2468109131,47323,47334,11
12.9808197021,80.2481384277,47334,47344,10
12.9807195663,80.249382019,47344,47353,9
12.980509758,80.2504425049,47353,47364,11
12.980219841,80.2515869141,47364,47374,10
12.9801197052,80.2521209717,47374,47384,10
12.9801101685,80.2522125244,47384,47394,10
12.9801597595,80.252532959,47394,47404,10
12.980799675,80.2526092529,47404,47414,10
12.981760025,80.2525863647,47414,47424,10
12.9829101563,80.252532959,47424,47434,10
12.9839200974,80.2523193359,47434,47445,11
12.9848403931,80.2520675659,47445,47455,10
12.9852800369,80.2519226074,47455,47465,10
12.9854097366,80.2518920898,47465,47475,10
12.9859800339,80.2517318726,47475,47606,131
12.9859800339,80.2517318726,47606,47616,10
12.9860401154,80.2517166138,47616,47626,10
12.9864301682,80.2516174316,47626,47636,10
12.9871101379,80.2514266968,47636,47646,10
12.987660408,80.2512969971,47646,47657,11
12.9878902435,80.2515335083,47657,47667,10
12.9879302979,80.251739502,47667,47677,10
12.9879798889,80.2521362305,47677,47687,10
12.9879398346,80.2526779175,47687,47697,10
12.9878702164,80.2534713745,47697,47707,10
12.9878101349,80.2541732788,47707,47717,10
12.9877595901,80.2547073364,47717,47737,20
12.9877595901,80.2547073364,47737,47747,10
12.9877004623,80.2548522949,47747,47757,10
12.9876098633,80.255241394,47757,47768,11
12.987569809,80.255821228,47768,47778,10
12.9875202179,80.2562789917,47778,47788,10
12.9874696732,80.2567596436,47788,47798,10
12.9873600006,80.2574234009,47798,47808,10
12.9873304367,80.2581176758,47808,47818,10
12.9871997833,80.2589035034,47818,47848,30
12.9871997833,80.2589035034,47848,47858,10
12.9871902466,80.2591705322,47858,47889,31
12.9871902466,80.2591705322,47889,47899,10
12.9872102737,80.2595901489,47899,47909,10
12.9871301651,80.2595901489,47909,47919,10
12.9869403839,80.2595291138,47919,47929,10
12.986700058,80.2594833374,47929,47939,10
12.9866504669,80.2591400146,47939,48342,403
12.9869403839,80.2590789795,48342,48433,91
12.9869403839,80.2590789795,48433,48443,10
12.9873304367,80.2588577271,48443,48453,10
12.9873504639,80.2584609985,48453,48463,10
12.9873695374,80.2580566406,48463,48473,10
12.9874000549,80.2578201294,48473,48483,10
12.9874696732,80.2572631836,48483,48493,10
12.9875001907,80.2569122314,48493,48503,10
12.9875402451,80.2567520142,48503,48513,10
12.9875898361,80.2564926147,48513,48523,10
12.9876003265,80.2560806274,48523,48534,11
12.9876499176,80.2556991577,48534,48544,10
12.9877099991,80.2552337646,48544,48554,10
12.9877195358,80.2548980713,48554,48564,10
12.9877195358,80.2548828125,48564,48574,10
12.987739563,80.2545776367,48574,48584,10
12.9877901077,80.2539367676,48584,48594,10
12.9878501892,80.2530975342,48594,48604,10
12.9879102707,80.2522125244,48604,48614,10
12.9877996445,80.251701355,48614,48635,21
12.9877996445,80.251701355,48635,48645,10
12.9874801636,80.2515869141,48645,48655,10
12.986989975,80.2516479492,48655,48665,10
12.9863395691,80.2517929077,48665,48675,10
12.9855699539,80.2520217896,48675,48685,10
12.984869957,80.2522201538,48685,48695,10
12.984120369,80.2524032593,48695,48705,10
12.9832801819,80.2525634766,48705,48715,10
12.9822902679,80.2526397705,48715,48725,10
12.9812297821,80.2526626587,48725,48735,10
12.9804697037,80.2526931763,48735,48746,11
12.9801197052,80.2526931763,48746,48755,9
12.9798803329,80.2526016235,48755,48766,11
12.9798603058,80.2523269653,48766,48776,10
12.9798698425,80.2523117065,48776,48786,10
12.979929924,80.2520294189,48786,48796,10
12.9800901413,80.2515487671,48796,48806,10
12.9803304672,80.2507400513,48806,48816,10
12.9805698395,80.2497634888,48816,48826,10
12.9807100296,80.2486724854,48826,48836,10
12.9807796478,80.2476119995,48836,48846,10
12.980890274,80.2462692261,48846,48857,11
12.9810400009,80.2449188232,48857,48867,10
12.9811201096,80.2440338135,48867,48877,10
12.9811897278,80.2436294556,48877,48887,10
12.981300354,80.2433319092,48887,48897,10
12.9812602997,80.2430725098,48897,48907,10
12.9812898636,80.2428817749,48907,48937,30
12.9812898636,80.2428817749,48937,48947,10
12.9813404083,80.2427062988,48947,48957,10
12.9813699722,80.2423477173,48957,48968,11
12.9813404083,80.2417602539,48968,48978,10
12.9813499451,80.2410507202,48978,48988,10
12.9813299179,80.2403030396,48988,48998,10
12.9813098907,80.2397918701,48998,49008,10
12.9813098907,80.2396774292,49008,49018,10
12.981300354,80.239616394,49018,49028,10
12.9812803268,80.2391815186,49028,49038,10
12.9812602997,80.2385177612,49038,49048,10
12.9812803268,80.2381134033,49048,49058,10
12.9812803268,80.237953186,49058,49069,11
12.9812803268,80.2377700806,49069,49079,10
12.9812498093,80.237197876,49079,49089,10
12.9812097549,80.2363891602,49089,49099,10
12.9811897278,80.235748291,49099,49109,10
12.981180191,80.2353668213,49109,49119,10
12.9811601639,80.2350006104,49119,49129,10
12.9811601639,80.2348022461,49129,49139,10
12.9811601639,80.2347488403,49139,49149,10
12.9811697006,80.2344970703,49149,49159,10
12.9812602997,80.2340164185,49159,49190,31
12.9812602997,80.2340164185,49190,49200,10
12.9813203812,80.2339096069,49200,49210,10
12.9814195633,80.2337188721,49210,49220,10
12.9815702438,80.2333984375,49220,49240,20
12.9815702438,80.2333984375,49240,49250,10
12.9816398621,80.2332382202,49250,49260,10
12.9818296432,80.2328109741,49260,49270,10
12.9819803238,80.2323074341,49270,49280,10
12.9819803238,80.2319107056,49280,49291,11
12.9819402695,80.2314224243,49291,49301,10
12.9817800522,80.2309036255,49301,49311,10
12.9815196991,80.2304229736,49311,49321,10
12.981180191,80.2298583984,49321,49331,10
12.9808998108,80.2293701172,49331,49341,10
12.9807100296,80.2291107178,49341,49351,10
12.9806098938,80.2289581299,49351,49361,10
12.9804401398,80.2286834717,49361,49371,10
12.9802904129,80.2283935547,49371,49381,10
12.9801502228,80.2281112671,49381,49391,10
12.9798402786,80.2276000977,49391,49402,11
12.9794301987,80.2269134521,49402,49412,10
12.9791297913,80.2264099121,49412,49422,10
12.9788198471,80.2258987427,49422,49432,10
12.9784498215,80.2253036499,49432,49442,10
12.978099823,80.2247085571,49442,49452,10
12.9778699875,80.2244186401,49452,49462,10
12.977519989,80.2238235474,49462,49472,10
12.9772396088,80.2233734131,49472,49502,30
12.9772396088,80.2233734131,49502,49513,11
12.9770202637,80.2230300903,49513,49523,10
12.9769001007,80.2227935791,49523,49533,10
12.9766397476,80.2223587036,49533,49543,10
12.9763002396,80.2218399048,49543,49553,10
12.9760303497,80.2214126587,49553,49563,10
12.975569725,80.220993042,49563,49583,20
12.975569725,80.220993042,49583,49593,10
12.9752101898,80.2207565308,49593,49603,10
12.9742298126,80.2203979492,49603,49624,21
12.9742298126,80.2203979492,49624,49634,10
12.9741201401,80.220451355,49634,49644,10
12.9737701416,80.2202224731,49644,49654,10
12.9730396271,80.219909668,49654,49664,10
12.972120285,80.219619751,49664,49674,10
12.9713802338,80.219367981,49674,49684,10
12.9709300995,80.2192382813,49684,49694,10
12.9709396362,80.2192382813,49694,49704,10
12.9708099365,80.2191162109,49704,49714,10
12.9703998566,80.2188720703,49714,49725,11
12.9695997238,80.218536377,49725,49735,10
12.9687595367,80.2182006836,49735,49745,10
12.9680099487,80.2179031372,49745,49755,10
12.9673099518,80.217628479,49755,49765,10
12.9664897919,80.2172927856,49765,49775,10
12.9656200409,80.2169189453,49775,49785,10
12.9645996094,80.2164916992,49785,49795,10
12.9638700485,80.2161636353,49795,49804,9
12.9635896683,80.2160263062,49804,49815,11
12.9636602402,80.2153625488,49815,49837,22
12.9636602402,80.2153625488,49837,49847,10
12.9637298584,80.2149887085,49847,49857,10
12.9638395309,80.2144393921,49857,49867,10
12.9638996124,80.2141113281,49867,49877,10
12.9639797211,80.2136764526,49877,49887,10
12.9640302658,80.2132110596,49887,49897,10
12.9641895294,80.2124710083,49897,49907,10
12.9643201828,80.2117767334,49907,49917,10
12.9645004272,80.2113037109,49917,49927,10
12.964630127,80.2109527588,49927,49937,10
12.9646902084,80.2105407715,49937,49948,11
12.9648103714,80.2097396851,49948,49958,10
12.9648895264,80.2090835571,49958,49968,10
12.9650096893,80.2082290649,49968,49978,10
12.9651403427,80.2074966431,49978,49988,10
12.9652299881,80.2070083618,49988,49998,10
12.9652299881,80.206993103,49998,50008,10
12.9652996063,80.2067184448,50008,50018,10
12.9653301239,80.206199646,50018,50028,10
12.9653596878,80.2057571411,50028,50038,10
12.9654598236,80.2051315308,50038,50048,10
12.9655303955,80.2047195435,50048,50059,11
12.9655504227,80.2044906616,50059,50069,10
12.9655799866,80.2043762207,50069,50079,10
12.9656801224,80.2038803101,50079,50089,10
12.965760231,80.2030487061,50089,50099,10
12.9657802582,80.2022018433,50099,50109,10
12.9656200409,80.2017822266,50109,50119,10
12.9652700424,80.2014770508,50119,50129,10
12.9654197693,80.2007980347,50129,50139,10
12.9655103683,80.200302124,50139,50149,10
12.9653396606,80.2001113892,50149,50159,10
12.9650201797,80.200050354,50159,50170,11
12.9649400711,80.1997528076,50170,50186,16
12.964799881,80.1989974976,50186,50198,12
12.9647502899,80.1981735229,50198,50208,10
12.9647397995,80.1975479126,50208,50218,10
12.9647502899,80.1970062256,50218,50228,10
12.9647502899,80.1963882446,50228,50248,20
12.9647502899,80.1963882446,50248,50257,9
12.9647397995,80.1961898804,50257,50268,11
12.9646396637,80.1960906982,50268,50279,11
12.964679718,80.1956176758,50279,50289,10
12.9647502899,80.1950683594,50289,50299,10
12.9647798538,80.1946563721,50299,50309,10
12.9649200439,80.1941223145,50309,50319,10
12.9650297165,80.1935424805,50319,50328,9
12.9650802612,80.1928329468,50328,50339,11
12.9652395248,80.1920623779,50339,50350,11
12.9653501511,80.1915283203,50350,50360,10
12.9653701782,80.1913375854,50360,50370,10
12.9654598236,80.1909713745,50370,50380,10
12.9656000137,80.1903610229,50380,50392,12
12.9657802582,80.189453125,50392,50402,10
12.9658098221,80.189201355,50402,50412,10
12.9658203125,80.1891174316,50412,50422,10
12.965880394,80.1889419556,50422,50482,60
12.965880394,80.1889419556,50482,50492,10
12.9657802582,80.1885223389,50492,50503,11
12.965379715,80.1883773804,50503,50513,10
12.9648504257,80.1882171631,50513,50529,16
12.9640798569,80.1879577637,50529,50541,12
12.9633398056,80.1877365112,50541,50551,10
12.9628400803,80.1876220703,50551,50561,10
12.9621896744,80.1874923706,50561,50571,10
12.9617795944,80.1874237061,50571,50579,8
12.9613199234,80.1873321533,50579,50591,12
12.9608697891,80.187286377,50591,50601,10
12.9608001709,80.1873016357,50601,50612,11
12.9605302811,80.1872329712,50612,50622,10
12.9602603912,80.1871871948,50622,50632,10
12.9598999023,80.1871109009,50632,50642,10
12.9593896866,80.1870727539,50642,50652,10
12.958820343,80.1870422363,50652,50662,10
12.9582195282,80.1869812012,50662,50672,10
12.9574098587,80.1869735718,50672,50682,10
12.9565496445,80.1869430542,50682,50692,10
12.9560203552,80.186920166,50692,50733,41
12.9560203552,80.186920166,50733,50743,10
12.9556798935,80.186920166,50743,50753,10
12.9555702209,80.186882019,50753,50763,10
12.9555797577,80.1866836548,50763,50773,10
12.9556598663,80.1862411499,50773,50783,10
12.955739975,80.185798645,50783,50793,10
12.9558801651,80.1854934692,50793,50803,10
12.9560403824,80.1859664917,50803,50894,91
12.9560403824,80.1859664917,50894,50904,10
12.956029892,80.1863479614,50904,50914,10
12.956029892,80.1866989136,50914,50924,10
12.956029892,80.1867218018,50924,50935,11
12.9564199448,80.1868972778,50935,50945,10
12.9570503235,80.186958313,50945,50955,10
12.9575996399,80.18699646,50955,50965,10
12.9580402374,80.1870117188,50965,50975,10
12.9584999084,80.1870727539,50975,50985,10
12.9589700699,80.1870880127,50985,50995,10
12.9594402313,80.1870803833,50995,51005,10
12.9597797394,80.1871032715,51005,51015,10
12.9601097107,80.1871185303,51015,51025,10
12.9603004456,80.1871185303,51025,51035,10
12.9604797363,80.1871566772,51035,51046,11
12.960729599,80.1872024536,51046,51056,10
12.9610395432,80.187286377,51056,51066,10
12.9614400864,80.1873321533,51066,51076,10
12.9614696503,80.1873168945,51076,51086,10
12.9616699219,80.1873397827,51086,51096,10
12.9622602463,80.1874313354,51096,51106,10
12.9628601074,80.1875762939,51106,51116,10
12.9635601044,80.1877212524,51116,51126,10
12.9642601013,80.1879196167,51126,51136,10
12.9649295807,80.1881713867,51136,51146,10
12.965379715,80.1883621216,51146,51157,11
12.9654102325,80.1883621216,51157,51167,10
12.9655704498,80.1884002686,51167,51177,10
12.965880394,80.1885528564,51177,51187,10
12.9658603668,80.1887893677,51187,51197,10
12.9658603668,80.1888427734,51197,51207,10
12.9658298492,80.1890792847,51207,51217,10
12.9657096863,80.1896591187,51217,51233,16
12.9654302597,80.1909866333,51233,51245,12
12.9652500153,80.1918106079,51245,51253,8
12.9651403427,80.1923065186,51253,51266,13
12.9650402069,80.1931533813,51266,51276,10
12.9649200439,80.1938171387,51276,51286,10
12.9647102356,80.1946487427,51286,51296,10
12.9646997452,80.1952209473,51296,51306,10
12.9646196365,80.195892334,51306,51316,10
12.9647502899,80.1961669922,51316,51326,10
12.9647703171,80.1966094971,51326,51336,10
12.9647703171,80.197052002,51336,51346,10
12.9647703171,80.1970825195,51346,51356,10
12.9647598267,80.1973266602,51356,51376,20
12.9647903442,80.1987609863,51376,51389,13
12.9649000168,80.1994628906,51389,51399,10
12.9649200439,80.1998825073,51399,51409,10
12.9652795792,80.2000732422,51409,51418,9
12.9654998779,80.2002410889,51418,51429,11
12.9653396606,80.2012481689,51429,51449,20
12.9653396606,80.2012481689,51449,51459,10
12.9652996063,80.2014770508,51459,51469,10
12.9655399323,80.2017822266,51469,51479,10
12.9657897949,80.2021331787,51479,51489,10
12.965760231,80.2029037476,51489,51500,11
12.9657201767,80.2036819458,51500,51510,10
12.9655504227,80.2045211792,51510,51520,10
12.9655399323,80.2045898438,51520,51529,9
12.9655303955,80.2047576904,51529,51541,12
12.9653596878,80.2055206299,51541,51551,10
12.9652795792,80.2062530518,51551,51560,9
12.9652299881,80.2068099976,51560,51570,10
12.9652099609,80.2070617676,51570,51581,11
12.9651603699,80.2074432373,51581,51592,11
12.9650201797,80.2082595825,51592,51602,10
12.9648799896,80.2091217041,51602,51612,10
12.9647703171,80.2099304199,51612,51622,10
12.9646997452,80.2105789185,51622,51632,10
12.9646196365,80.2110977173,51632,51642,10
12.9645996094,80.2111968994,51642,51652,10
12.9644498825,80.211479187,51652,51662,10
12.9643001556,80.2119522095,51662,51672,10
12.9641895294,80.2125473022,51672,51682,10
12.9640598297,80.2131729126,51682,51692,10
12.9639797211,80.2136535645,51692,51703,11
12.9638595581,80.2142868042,51703,51713,10
12.9637804031,80.2148590088,51713,51723,10
12.9636697769,80.2155227661,51723,51733,10
12.9636096954,80.2158432007,51733,51743,10
12.96393013,80.2160568237,51743,51753,10
12.9640398026,80.2161026001,51753,51763,10
12.9642601013,80.216217041,51763,51773,10
12.9648704529,80.2164916992,51773,51783,10
12.9656801224,80.2168197632,51783,51793,10
12.9664802551,80.2171325684,51793,51803,10
12.9672698975,80.2174377441,51803,51814,11
12.9681196213,80.2177886963,51814,51824,10
12.9690303802,80.2181472778,51824,51834,10
12.9700603485,80.2185516357,51834,51844,10
12.9709396362,80.2188491821,51844,51854,10
12.9712600708,80.2189483643,51854,51864,10
12.971449852,80.2190322876,51864,51874,10
12.9719896317,80.2192993164,51874,51884,10
12.9728298187,80.2196121216,51884,51894,10
12.9736204147,80.2198867798,51894,51904,10
12.9743499756,80.2202529907,51904,51914,10
12.9747695923,80.220413208,51914,51925,11
12.9752397537,80.2205810547,51925,51935,10
12.975569725,80.2207794189,51935,51945,10
12.975979805,80.221206665,51945,51955,10
12.9762496948,80.2215576172,51955,52005,50
12.9762496948,80.2215576172,52005,52015,10
12.9764099121,80.2219009399,52015,52025,10
12.9766397476,80.2223510742,52025,52036,11
12.9769802094,80.2228622437,52036,52046,10
12.9773797989,80.2234802246,52046,52056,10
12.9777097702,80.2239837646,52056,52066,10
12.9779996872,80.2244262695,52066,52076,10
12.978219986,80.2248001099,52076,52086,10
12.9784898758,80.225227356,52086,52096,10
12.9785003662,80.2252578735,52096,52106,10
12.9786901474,80.2255630493,52106,52126,20
12.9786901474,80.2255630493,52126,52136,10
12.9786901474,80.2256317139,52136,52147,11
12.978890419,80.2259292603,52147,52157,10
12.9791698456,80.2263793945,52157,52168,11
12.9795198441,80.2269668579,52168,52178,10
12.9799098969,80.2276306152,52178,52188,10
12.9802799225,80.2282867432,52188,52198,10
12.9806404114,80.2288894653,52198,52208,10
12.9809799194,80.2294311523,52208,52218,10
12.9813899994,80.2300415039,52218,52229,11
12.9816398621,80.2304000854,52229,52239,10
12.9816904068,80.2304611206,52239,52249,10
12.9818201065,80.230758667,52249,52260,11
12.9819898605,80.2313690186,52260,52270,10
12.9820404053,80.2320785522,52270,52280,10
12.9818897247,80.2329483032,52280,52320,40
12.9818897247,80.2329483032,52320,52330,10
12.9817199707,80.2332992554,52330,52340,10
12.981710434,80.2333068848,52340,52350,10
12.9816198349,80.2334136963,52350,52361,11
12.9813899994,80.2339172363,52361,52371,10
12.9812202454,80.2345581055,52371,52381,10
12.9812202454,80.2353134155,52381,52391,10
12.9812402725,80.236076355,52391,52401,10
12.9812803268,80.2370529175,52401,52411,10
12.9813098907,80.2378387451,52411,52421,10
12.9813299179,80.238609314,52421,52441,20
12.9813299179,80.238609314,52441,52451,10
12.9813299179,80.2387466431,52451,52461,10
12.9813203812,80.2391433716,52461,52472,11
12.9813404083,80.2395629883,52472,52482,10
12.9813604355,80.2398910522,52482,52492,10
12.9813804626,80.2405776978,52492,52502,10
12.9813804626,80.2414169312,52502,52512,10
12.9813995361,80.2421875,52512,52522,10
12.9813995361,80.2426834106,52522,52532,10
12.9813995361,80.2427062988,52532,52542,10
12.9813604355,80.2428283691,52542,52552,10
12.9813699722,80.2432327271,52552,52562,10
12.9813299179,80.243812561,52562,52572,10
12.9812602997,80.2445602417,52572,52583,11
12.9811296463,80.2455825806,52583,52593,10
12.981010437,80.2466812134,52593,52603,10
12.980919838,80.2478485107,52603,52613,10
12.9808197021,80.2490005493,52613,52623,10
12.9806699753,80.250038147,52623,52633,10
12.9804201126,80.2510604858,52633,52643,10
12.9801797867,80.2520675659,52643,52673,30
12.9801797867,80.2520675659,52673,52683,10
12.9801101685,80.2523422241,52683,52694,11
12.9802799225,80.2525634766,52694,52704,10
12.9806003571,80.2526016235,52704,52714,10
12.9812402725,80.252571106,52714,52723,9
12.9819698334,80.2525634766,52723,52734,11
12.9829797745,80.2525024414,52734,52744,10
12.9839000702,80.2523193359,52744,52754,10
12.9847202301,80.2521133423,52754,52764,10
12.9855298996,80.2519302368,52764,52784,20
12.9855298996,80.2519302368,52784,52795,11
12.9858798981,80.2517700195,52795,52835,40
12.9858798981,80.2517700195,52835,52845,10
12.9863195419,80.2516937256,52845,52855,10
12.9866399765,80.2515869141,52855,52865,10
12.9871797562,80.2514572144,52865,52875,10
12.9874897003,80.2513809204,52875,52885,10
12.9878501892,80.2513809204,52885,52895,10
12.9879598618,80.2517623901,52895,52906,11
12.9879999161,80.2519073486,52906,52916,10
12.9880399704,80.2523269653,52916,52926,10
12.9879703522,80.2529983521,52926,52936,10
12.9879102707,80.2537765503,52936,52946,10
12.9878702164,80.2542572021,52946,52956,10
12.9878396988,80.2545089722,52956,52966,10
12.9877901077,80.2548370361,52966,52976,10
12.987739563,80.2552337646,52976,52986,10
12.9877099991,80.2556991577,52986,52996,10
12.9877004623,80.2557373047,52996,53006,10
12.987660408,80.2559890747,53006,53017,11
12.9876499176,80.256072998,53017,53027,10
12.9876098633,80.256187439,53027,53037,10
12.9875802994,80.2565765381,53037,53053,16
12.9874801636,80.2574234009,53053,53065,12
12.9874696732,80.2579498291,53065,53075,10
12.9874200821,80.2584075928,53075,53085,10
12.9872503281,80.2585372925,53085,53105,20
12.9872503281,80.2585372925,53105,53115,10
12.9870004654,80.2585830688,53115,53882,767
12.9870004654,80.2585830688,53882,53893,11
12.9865703583,80.2587890625,53893,54276,383
12.9865703583,80.2587890625,54276,54286,10
12.9867095947,80.2590103149,54286,54347,61
12.9867095947,80.2590103149,54347,54357,10
12.9870100021,80.2591705322,54357,54458,101
12.9870100021,80.2591705322,54458,54468,10
12.9873695374,80.2589416504,54468,54478,10
12.9873895645,80.2584533691,54478,54488,10
12.9874296188,80.2577972412,54488,54498,10
12.9874696732,80.257270813,54498,54508,10
12.9874601364,80.2572021484,54508,54518,10
12.9875402451,80.2568817139,54518,54579,61
12.9875402451,80.2568817139,54579,54589,10
12.9876203537,80.2565612793,54589,54599,10
12.9876499176,80.2561416626,54599,54609,10
12.9876804352,80.2556610107,54609,54619,10
12.9877195358,80.2551727295,54619,54629,10
12.9877099991,80.2549591064,54629,54639,10
12.9877004623,80.2549209595,54639,54649,10
12.987739563,80.2545700073,54649,54660,11
12.9877996445,80.253868103,54660,54670,10
12.9878797531,80.2531967163,54670,54680,10
12.987950325,80.2524871826,54680,54690,10
12.9878902435,80.2520904541,54690,54710,20
12.9878902435,80.2520904541,54710,54720,10
12.9878396988,80.2518768311,54720,54730,10
12.9876804352,80.2516479492,54730,54740,10
12.9876403809,80.2516174316,54740,54750,10
12.9872503281,80.2516403198,54750,54761,11
12.9864597321,80.2518081665,54761,54771,10
12.9854898453,80.2520370483,54771,54781,10
12.9843196869,80.2523269653,54781,54791,10
12.9830799103,80.2526168823,54791,54801,10
12.981760025,80.2526779175,54801,54811,10
12.980629921,80.2527236938,54811,54821,10
12.980099678,80.2527618408,54821,54871,50
12.980099678,80.2527618408,54871,54888,17
12.9798603058,80.2523574829,54888,54910,22
12.9798603058,80.2523574829,54910,54920,10
12.9798803329,80.252243042,54920,54930,10
12.9799203873,80.2520980835,54930,54940,10
12.9799604416,80.2519378662,54940,54949,9
12.980099678,80.2515869141,54949,54960,11
12.9803495407,80.2507476807,54960,54970,10
12.9805698395,80.2498168945,54970,54981,11
12.9807195663,80.2487106323,54981,54991,10
12.980799675,80.2477035522,54991,55001,10
12.980890274,80.2466812134,55001,55011,10
12.981010437,80.2455978394,55011,55021,10
12.9811496735,80.2444992065,55021,55031,10
12.9811897278,80.2438583374,55031,55041,10
12.9812803268,80.2436218262,55041,55051,10
12.9813404083,80.2432785034,55051,55061,10
12.9813404083,80.2428512573,55061,55071,10
12.9813404083,80.2428207397,55071,55087,16
12.981300354,80.242729187,55087,55100,13
12.9813203812,80.2421875,55100,55110,10
12.9813098907,80.2416381836,55110,55120,10
12.9813203812,80.2408599854,55120,55130,10
12.981300354,80.2401275635,55130,55140,10
12.9812898636,80.2396392822,55140,55150,10
12.9812803268,80.2392578125,55150,55159,9
12.9812698364,80.2387390137,55159,55170,11
12.9812402725,80.238067627,55170,55180,10
12.9812297821,80.2379608154,55180,55190,10
12.9812097549,80.2378005981,55190,55200,10
12.9812002182,80.2373123169,55200,55211,11
12.9811897278,80.2363815308,55211,55221,10
12.981180191,80.2355575562,55221,55231,10
12.9811601639,80.2349472046,55231,55241,10
12.9812698364,80.2340393066,55241,55251,10
12.9815502167,80.2334213257,55251,55271,20
12.9815502167,80.2334213257,55271,55281,10
12.9816303253,80.2332611084,55281,55291,10
12.9818201065,80.2328567505,55291,55301,10
12.9819803238,80.2322387695,55301,55312,11
12.9819498062,80.2316513062,55312,55322,10
12.9818201065,80.2310180664,55322,55332,10
12.9815196991,80.2304077148,55332,55342,10
12.9811000824,80.2297286987,55342,55352,10
12.9805898666,80.2289199829,55352,55372,20
12.9805898666,80.2289199829,55372,55382,10
12.9804401398,80.2286376953,55382,55392,10
12.9802398682,80.228187561,55392,55402,10
12.9799003601,80.2276229858,55402,55412,10
12.9795198441,80.2270202637,55412,55423,11
12.9790802002,80.2263183594,55423,55433,10
12.9786596298,80.2255783081,55433,55443,10
12.9782304764,80.2248764038,55443,55453,10
12.9777603149,80.2242584229,55453,55473,20
12.9777603149,80.2242584229,55473,55483,10
12.9776096344,80.2239608765,55483,55493,10
12.9773197174,80.2234420776,55493,55503,10
12.9769802094,80.2228469849,55503,55513,10
12.976650238,80.222366333,55513,55524,11
12.976269722,80.2217483521,55524,55534,10
12.9759702682,80.221321106,55534,55544,10
12.9755802155,80.2209396362,55544,55594,50
12.9755802155,80.2209396362,55594,55604,10
12.9755001068,80.2208099365,55604,55614,10
12.9751701355,80.2206420898,55614,55624,10
12.9744997025,80.2203521729,55624,55645,21
12.9744997025,80.2203521729,55645,55655,10
12.9741601944,80.220199585,55655,55665,10
12.9735202789,80.2199478149,55665,55675,10
12.9726600647,80.2196502686,55675,55685,10
12.9717998505,80.2193527222,55685,55695,10
12.9711904526,80.2192001343,55695,55705,10
12.9710597992,80.2191696167,55705,55715,10
12.9709796906,80.2191390991,55715,55725,10
12.9709196091,80.2191009521,55725,55735,10
12.9707698822,80.21900177,55735,55746,11
12.9702100754,80.2187194824,55746,55756,10
12.9694795609,80.2184371948,55756,55766,10
12.9686899185,80.2181396484,55766,55776,10
12.9679002762,80.2178268433,55776,55786,10
12.9670801163,80.2175064087,55786,55796,10
12.9661397934,80.2171401978,55796,55806,10
12.9652004242,80.216758728,55806,55816,10
12.9643201828,80.2163925171,55816,55826,10
12.9637699127,80.2161178589,55826,55836,10
12.9636001587,80.2160110474,55836,55846,10
12.9635696411,80.2157287598,55846,55857,11
12.9636697769,80.2153701782,55857,55867,10
12.9636802673,80.2152862549,55867,55877,10
12.963760376,80.2149200439,55877,55887,10
12.9638595581,80.2144317627,55887,55897,10
12.96393013,80.2140197754,55897,55907,10
12.9640102386,80.2135696411,55907,55917,10
12.9641103745,80.2130203247,55917,55927,10
12.964220047,80.2124710083,55927,55937,10
12.9643297195,80.2117996216,55937,55947,10
12.964509964,80.2113037109,55947,55957,10
12.9646596909,80.2108078003,55957,55968,11
12.9647397995,80.2101211548,55968,55978,10
12.9648303986,80.2094726563,55978,55988,10
12.9649095535,80.2088088989,55988,55998,10
12.9650201797,80.2080688477,55998,56008,10
12.9651298523,80.2075576782,56008,56018,10
12.9652204514,80.20703125,56018,56028,10
12.9652700424,80.2070007324,56028,56038,10
12.9653596878,80.2065734863,56038,56048,10
12.965379715,80.2063980103,56048,56058,10
12.9653596878,80.2061691284,56058,56068,10
12.9654102325,80.2057266235,56068,56079,11
12.9655799866,80.204536438,56079,56099,20
12.9655799866,80.204536438,56099,56109,10
12.9656496048,80.2042388916,56109,56119,10
12.9657402039,80.2038421631,56119,56129,10
12.9657802582,80.2030334473,56129,56139,10
12.9658002853,80.2021408081,56139,56149,10
12.9654598236,80.201751709,56149,56159,10
12.9653100967,80.2012786865,56159,56169,10
12.9654502869,80.2005615234,56169,56179,10
12.9654998779,80.200340271,56179,56190,11
12.9652996063,80.2001190186,56190,56200,10
12.9649496078,80.199836731,56200,56210,10
12.9648399353,80.1993331909,56210,56220,10
12.9648799896,80.1986694336,56220,56230,10
12.964799881,80.1978378296,56230,56240,10
12.964799881,80.1971130371,56240,56250,10
12.964799881,80.196762085,56250,56260,10
12.9647903442,80.1963500977,56260,56270,10
12.9647903442,80.1962966919,56270,56280,10
12.964679718,80.1961212158,56280,56291,11
12.964679718,80.1957702637,56291,56301,10
12.9647397995,80.1954116821,56301,56311,10
12.9647598267,80.1948776245,56311,56321,10
12.9648599625,80.1943511963,56321,56331,10
12.9649600983,80.1940231323,56331,56341,10
12.9650802612,80.1932983398,56341,56351,10
12.9651899338,80.1923828125,56351,56361,10
12.9653396606,80.19165802,56361,56371,10
12.9653596878,80.1914672852,56371,56381,10
12.9654903412,80.1910095215,56381,56391,10
12.9655799866,80.1905288696,56391,56402,11
12.9657297134,80.1898498535,56402,56412,10
12.9658699036,80.1891403198,56412,56422,10
12.9659204483,80.1888427734,56422,56432,10
12.9659204483,80.1887435913,56432,56442,10
12.9658899307,80.1885910034,56442,56452,10
12.9655599594,80.1884384155,56452,56461,9
12.9650201797,80.1882095337,56461,56472,11
12.9642000198,80.1879272461,56472,56482,10
12.9633998871,80.1876907349,56482,56492,10
12.9627103806,80.187538147,56492,56502,10
12.9620895386,80.1873931885,56502,56513,11
12.9614601135,80.1872787476,56513,56523,10
12.9609699249,80.1872177124,56523,56533,10
12.9607400894,80.187171936,56533,56543,10
12.9606304169,80.187171936,56543,56553,10
12.9602403641,80.1871109009,56553,56563,10
12.9597396851,80.1870803833,56563,56573,10
12.9589996338,80.1870422363,56573,56583,10
12.9582996368,80.1870422363,56583,56593,10
12.9577999115,80.1870574951,56593,56603,10
12.9569702148,80.1870193481,56603,56613,10
12.9558296204,80.1869506836,56613,56634,21
12.9558296204,80.1869506836,56634,56644,10
12.9557304382,80.1869277954,56644,56660,16
12.955619812,80.1865463257,56660,56672,12
12.9557104111,80.1861419678,56672,56680,8
12.9557600021,80.1858596802,56680,56691,11
12.9558200836,80.1855773926,56691,56702,11
12.956029892,80.1856231689,56702,56712,10
12.9561004639,80.1857528687,56712,57743,1031
12.9561004639,80.1857528687,57743,57753,10
12.9561395645,80.1860580444,57753,57763,10
12.9561195374,80.1863708496,57763,57773,10
12.9561004639,80.1864776611,57773,57783,10
12.9560699463,80.1868209839,57783,57803,20
12.9560699463,80.1868209839,57803,57813,10
12.9562597275,80.1869812012,57813,57824,11
12.9567604065,80.1870193481,57824,57834,10
12.9572696686,80.1870574951,57834,57844,10
12.957909584,80.1870498657,57844,57854,10
12.9585399628,80.1870574951,57854,57864,10
12.9591197968,80.1871032715,57864,57874,10
12.9595403671,80.1871185303,57874,57884,10
12.9600601196,80.1871490479,57884,57894,10
12.9605998993,80.1872024536,57894,57904,10
12.9611196518,80.187286377,57904,57914,10
12.9615297318,80.1873168945,57914,57924,10
12.9615802765,80.1873474121,57924,57935,11
12.9618997574,80.1873703003,57935,57945,10
12.9624099731,80.1874923706,57945,57955,10
12.9630098343,80.1875762939,57955,57965,10
12.9635400772,80.1876831055,57965,57975,10
12.9641599655,80.1878814697,57975,57985,10
12.964799881,80.1881103516,57985,57995,10
12.9654397964,80.1883926392,57995,58015,20
12.9654397964,80.1883926392,58015,58025,10
12.9656095505,80.1884384155,58025,58035,10
12.9658498764,80.1885299683,58035,58046,11
12.965880394,80.1888427734,58046,58056,10
12.9657697678,80.1893997192,58056,58066,10
12.9656400681,80.1902008057,58066,58076,10
12.9655303955,80.190788269,58076,58086,10
12.9655103683,80.1909637451,58086,58096,10
12.9654197693,80.1913909912,58096,58106,10
12.9653301239,80.1916885376,58106,58116,10
12.9653100967,80.1917495728,58116,58126,10
12.9652395248,80.1921310425,58126,58136,10
12.9650802612,80.1928482056,58136,58146,10
12.9650602341,80.1935195923,58146,58157,11
12.9649000168,80.1942596436,58157,58167,10
12.9647502899,80.1948394775,58167,58177,10
12.9647703171,80.1952972412,58177,58187,10
12.964679718,80.1961135864,58187,58207,20
12.964679718,80.1961135864,58207,58217,10
12.9647798538,80.1962203979,58217,58227,10
12.9647798538,80.196472168,58227,58237,10
12.9648103714,80.1966400146,58237,58247,10
12.964799881,80.1970825195,58247,58268,21
12.964799881,80.1970825195,58268,58278,10
12.964799881,80.1973724365,58278,58288,10
12.9647798538,80.1979370117,58288,58298,10
12.9648599625,80.1986694336,58298,58308,10
12.9648504257,80.1993637085,58308,58318,10
12.9649600983,80.1999130249,58318,58328,10
12.9653396606,80.2001190186,58328,58338,10
12.9654998779,80.2004318237,58338,58348,10
12.965379715,80.2011566162,58348,58358,10
12.9653701782,80.2012176514,58358,58368,10
12.9653301239,80.2016372681,58368,58389,21
12.9653301239,80.2016372681,58389,58399,10
12.9654798508,80.2017974854,58399,58409,10
12.9658203125,80.202003479,58409,58419,10
12.9658203125,80.2027587891,58419,58429,10
12.9658098221,80.2034835815,58429,58439,10
12.9657001495,80.2041931152,58439,58449,10
12.9656095505,80.2046585083,58449,58459,10
12.9655799866,80.2047729492,58459,58469,10
12.9654998779,80.2052001953,58469,58480,11
12.9653596878,80.2059783936,58480,58490,10
12.9652795792,80.207069397,58490,58510,20
12.9652795792,80.207069397,58510,58520,10
12.9652395248,80.2073287964,58520,58530,10
12.9651498795,80.2078475952,58530,58540,10
12.9650201797,80.2086029053,58540,58550,10
12.9648895264,80.2093811035,58550,58560,10
12.9647903442,80.2100601196,58560,58570,10
12.9647197723,80.2107620239,58570,58580,10
12.9645900726,80.2113189697,58580,58591,11
12.9645795822,80.2113418579,58591,58601,10
12.9645299911,80.2114715576,58601,58611,10
12.9643697739,80.2118225098,58611,58621,10
12.9642801285,80.2122192383,58621,58631,10
12.9641504288,80.212890625,58631,58641,10
12.9640798569,80.2134399414,58641,58651,10
12.9639596939,80.2139205933,58651,58661,10
12.9639101028,80.2142791748,58661,58671,10
12.9638500214,80.2147598267,58671,58681,10
12.9637498856,80.2153015137,58681,58691,10
12.9636697769,80.2156906128,58691,58702,11
12.9637699127,80.2160491943,58702,58712,10
12.9641199112,80.216178894,58712,58722,10
12.9642801285,80.2162399292,58722,58732,10
12.964799881,80.2164764404,58732,58742,10
12.9655895233,80.216796875,58742,58752,10
12.9663896561,80.2171096802,58752,58762,10
12.9671897888,80.2174301147,58762,58772,10
12.9677400589,80.2176589966,58772,58782,10
12.9682598114,80.217880249,58782,58792,10
12.9690704346,80.2181625366,58792,58802,10
12.9700498581,80.2185668945,58802,58813,11
12.9708404541,80.2188568115,58813,58823,10
12.9711999893,80.2189483643,58823,58833,10
12.9712896347,80.2189865112,58833,58843,10
12.9717597961,80.2192230225,58843,58853,10
12.9724197388,80.2194976807,58853,58863,10
12.9732103348,80.2198181152,58863,58873,10
12.9739303589,80.220123291,58873,58883,10
12.9747200012,80.220451355,58883,58924,41
12.9747200012,80.220451355,58924,58934,10
12.9749698639,80.2206192017,58934,58944,10
12.9751996994,80.220703125,58944,58954,10
12.9754495621,80.2208023071,58954,58964,10
12.9757995605,80.2211074829,58964,58974,10
12.975979805,80.2213134766,58974,58984,10
12.9761400223,80.221572876,58984,58994,10
12.9763097763,80.2217712402,58994,59014,20
12.9763097763,80.2217712402,59014,59025,11
12.9762802124,80.2218399048,59025,59035,10
12.9764204025,80.2220687866,59035,59045,10
12.9766902924,80.2224807739,59045,59054,9
12.9770498276,80.2230377197,59054,59065,11
12.9775495529,80.2238311768,59065,59075,10
12.9779996872,80.2245483398,59075,59085,10
12.9784202576,80.225227356,59085,59095,10
12.9785699844,80.2254333496,59095,59105,10
12.9787597656,80.2257385254,59105,59115,10
12.9791202545,80.226348877,59115,59125,10
12.9794998169,80.2270126343,59125,59136,11
12.9799604416,80.2277679443,59136,59146,10
12.9804096222,80.2285079956,59146,59156,10
12.9807901382,80.2291564941,59156,59166,10
12.9812297821,80.2298431396,59166,59176,10
12.9816598892,80.23046875,59176,59186,10
12.9816598892,80.2305221558,59186,59196,10
12.9817800522,80.2308197021,59196,59206,10
12.9819602966,80.231338501,59206,59216,10
12.9820203781,80.232131958,59216,59226,10
12.9819297791,80.2328262329,59226,59236,10
12.9817199707,80.2333679199,59236,59247,11
12.9816799164,80.2334518433,59247,59257,10
12.9816102982,80.2335510254,59257,59267,10
12.9813899994,80.2339782715,59267,59276,9
12.9812202454,80.2345199585,59276,59287,11
12.9812097549,80.2353668213,59287,59297,10
12.9812402725,80.2363510132,59297,59306,9
12.9812803268,80.2373123169,59306,59317,11
12.981300354,80.2379074097,59317,59327,10
12.9813098907,80.2384262085,59327,59337,10
12.9813203812,80.2387084961,59337,59347,10
12.9813098907,80.2387466431,59347,59358,11
12.9813098907,80.2390670776,59358,59368,10
12.9813203812,80.2393569946,59368,59378,10
12.9813299179,80.239616394,59378,59388,10
12.9813404083,80.2398605347,59388,59398,10
12.9813499451,80.2403335571,59398,59408,10
12.9813699722,80.2409210205,59408,59418,10
12.9813699722,80.2416915894,59418,59428,10
12.9813699722,80.2422485352,59428,59438,10
12.9813899994,80.2427825928,59438,59448,10
12.9813899994,80.2428436279,59448,59458,10
12.9813899994,80.243057251,59458,59469,11
12.9813699722,80.2433166504,59469,59479,10
12.9813804626,80.2433929443,59479,59489,10
12.9813404083,80.2437820435,59489,59499,10
12.9812402725,80.2445220947,59499,59509,10
12.9811201096,80.2454376221,59509,59519,10
12.9809999466,80.2465515137,59519,59529,10
12.9808702469,80.2478179932,59529,59538,9
12.9807796478,80.248840332,59538,59549,11
12.9805898666,80.2502365112,59549,59559,10
12.9802999496,80.2514419556,59559,59570,11
12.9801301956,80.252243042,59570,59580,10
12.9801197052,80.2523117065,59580,59590,10
12.9801197052,80.2525634766,59590,59600,10
12.9804801941,80.2526779175,59600,59610,10
12.9811296463,80.2526473999,59610,59620,10
12.982000351,80.2526168823,59620,59630,10
12.9827899933,80.252571106,59630,59640,10
12.9840297699,80.2523498535,59640,59650,10
12.9850101471,80.2520980835,59650,59701,51
12.9850101471,80.2520980835,59701,59711,10
12.9851198196,80.2520370483,59711,59721,10
12.9853401184,80.2519683838,59721,59731,10
12.9855203629,80.2519226074,59731,59741,10
12.9858398438,80.2518234253,59741,59751,10
12.986240387,80.2517700195,59751,59761,10
12.9867801666,80.2516098022,59761,59771,10
12.9873199463,80.2514724731,59771,59782,11
12.9878396988,80.251411438,59782,59792,10
12.9880199432,80.2518692017,59792,59802,10
12.9880599976,80.2521286011,59802,59812,10
12.9880399704,80.2525405884,59812,59822,10
12.9879398346,80.2533493042,59822,59832,10
12.9878396988,80.2544021606,59832,59842,10
12.9877595901,80.2552719116,59842,59852,10
12.987739563,80.2557373047,59852,60084,232
12.987739563,80.2557373047,60084,60094,10
12.9876203537,80.2561569214,60094,60104,10
12.9875898361,80.2567367554,60104,60115,11
12.9875402451,80.2574310303,60115,60125,10
12.9874696732,80.2581787109,60125,60135,10
12.9874000549,80.2589569092,60135,60145,10
12.987279892,80.2593917847,60145,60175,30
12.987279892,80.2593917847,60175,60185,10
12.9872703552,80.2596206665,60185,60195,10
12.9870595932,80.2596206665,60195,60254,59
12.9870595932,80.2596206665,60254,60264,10
12.986700058,80.2594833374,60264,60274,10
12.986579895,80.2593307495,60274,60284,10
12.9868001938,80.2591094971,60284,60385,101
12.9871797562,80.2591705322,60385,60415,30
12.9871797562,80.2591705322,60415,60425,10
12.9873695374,80.2591171265,60425,60436,11
12.9874000549,80.2588806152,60436,60445,9
12.9874095917,80.2585983276,60445,60456,11
12.9874095917,80.258430481,60456,60466,10
12.9874296188,80.2583007813,60466,60476,10
12.9874401093,80.2581329346,60476,60486,10
12.987449646,80.257850647,60486,60496,10
12.9874601364,80.2575378418,60496,60516,20
12.9874601364,80.2575378418,60516,60526,10
12.9874601364,80.2573776245,60526,60536,10
12.9874696732,80.2570571899,60536,60547,11
12.9875097275,80.2567596436,60547,60557,10
12.9875297546,80.2564620972,60557,60567,10
12.9875497818,80.2559280396,60567,60577,10
12.9876699448,80.255531311,60577,60587,10
12.9877004623,80.2550582886,60587,60607,20
12.9877004623,80.2550582886,60607,60617,10
12.9877195358,80.2547073364,60617,60627,10
12.9877901077,80.2539978027,60627,60637,10
12.9878702164,80.2529373169,60637,60688,51
12.9878702164,80.2529373169,60688,60698,10
12.9879102707,80.2526016235,60698,60708,10
12.9878797531,80.2519989014,60708,60728,20
12.9878797531,80.2519989014,60728,60738,10
12.987830162,80.2518310547,60738,60748,10
12.9877595901,80.251701355,60748,60758,10
12.9874200821,80.2516326904,60758,60769,11
12.9871397018,80.2516479492,60769,60779,10
12.9867801666,80.2517318726,60779,60789,10
12.9861097336,80.2518997192,60789,60799,10
12.9852600098,80.2521209717,60799,60809,10
12.9842395782,80.2524032593,60809,60819,10
12.9831199646,80.2526473999,60819,60829,10
12.9821500778,80.2526931763,60829,60839,10
12.9812202454,80.2527008057,60839,60849,10
12.9804201126,80.2527236938,60849,60880,31
12.9804201126,80.2527236938,60880,60890,10
12.9801797867,80.252746582,60890,60900,10
12.9799098969,80.2526473999,60900,60910,10
12.9798898697,80.2523727417,60910,60930,20
12.9798898697,80.2523727417,60930,60940,10
12.9799499512,80.2520828247,60940,60950,10
12.9800796509,80.251701355,60950,60960,10
12.9802999496,80.2510604858,60960,60970,10
12.9805402756,80.2502365112,60970,60981,11
12.9807195663,80.2493362427,60981,60991,10
12.9807796478,80.2484207153,60991,61001,10
12.9808397293,80.2476196289,61001,61011,10
12.9809303284,80.2466812134,61011,61021,10
12.9810600281,80.2455596924,61021,61031,10
12.9811697006,80.2445602417,61031,61041,10
12.9812097549,80.2438735962,61041,61051,10
12.9813604355,80.2434234619,61051,61081,30
12.9813604355,80.2434234619,61081,61092,11
12.9813699722,80.2430419922,61092,61112,20
12.9813699722,80.2430419922,61112,61128,16
12.9813804626,80.2426376343,61128,61140,12
12.9813604355,80.241897583,61140,61150,10
12.9813604355,80.2411499023,61150,61158,8
12.9813604355,80.240562439,61158,61168,10
12.9813499451,80.239982605,61168,61180,12
12.9813299179,80.2394714355,61180,61190,10
12.981300354,80.2389297485,61190,61201,11
12.981300354,80.2387390137,61201,61211,10
12.9812803268,80.2386016846,61211,61220,9
12.9812803268,80.2384719849,61220,61231,11
12.9812698364,80.2381591797,61231,61251,20
12.9812698364,80.2381591797,61251,61261,10
12.9812698364,80.2380065918,61261,61271,10
12.9812602997,80.2378082275,61271,61281,10
12.9812498093,80.2373809814,61281,61291,10
12.9812402725,80.236618042,61291,61301,10
12.9812097549,80.2357788086,61301,61311,10
12.981180191,80.2348480225,61311,61322,11
12.9813404083,80.2339782715,61322,61332,10
12.9816303253,80.2333908081,61332,61342,10
12.9816598892,80.2333221436,61342,61352,10
12.9817399979,80.2331924438,61352,61362,10
12.9819202423,80.2327575684,61362,61372,10
12.9820203781,80.2322921753,61372,61382,10
12.9819803238,80.2317199707,61382,61392,10
12.9819002151,80.2313079834,61392,61402,10
12.9817199707,80.2308807373,61402,61412,10
12.9813699722,80.2302627563,61412,61423,11
12.9809703827,80.2295913696,61423,61433,10
12.9807500839,80.2292327881,61433,61443,10
12.9806900024,80.2291412354,61443,61453,10
12.9805803299,80.2289428711,61453,61463,10
12.9803600311,80.2285919189,61463,61473,10
12.9803199768,80.2285003662,61473,61483,10
12.9802398682,80.2282867432,61483,61493,10
12.9800195694,80.2278900146,61493,61503,10
12.9797201157,80.2274169922,61503,61513,10
12.9793901443,80.2268371582,61513,61524,11
12.9790000916,80.2261810303,61524,61534,10
12.9785604477,80.225479126,61534,61544,10
12.9781703949,80.2248382568,61544,61554,10
12.9780197144,80.2246398926,61554,61564,10
12.9777498245,80.2242965698,61564,61574,10
12.9777402878,80.224281311,61574,61584,10
12.9776697159,80.2241516113,61584,61594,10
12.9774703979,80.2237472534,61594,61604,10
12.9771203995,80.2231674194,61604,61614,10
12.976849556,80.2227401733,61614,61624,10
12.9765701294,80.2222671509,61624,61635,11
12.9762496948,80.2217788696,61635,61645,10
12.9759597778,80.2214126587,61645,61665,20
12.9759597778,80.2214126587,61665,61675,10
12.9758396149,80.2212982178,61675,61685,10
12.9754400253,80.2209320068,61685,61695,10
12.9750204086,80.2206802368,61695,61705,10
12.9743099213,80.2203674316,61705,61725,20
12.9743099213,80.2203674316,61725,61735,10
12.9741601944,80.2202606201,61735,61746,11
12.9736795425,80.2200469971,61746,61756,10
12.9729404449,80.2197570801,61756,61766,10
12.9720096588,80.2194366455,61766,61776,10
12.9710502625,80.2191390991,61776,61796,20
12.9710502625,80.2191390991,61796,61806,10
12.9709300995,80.2190933228,61806,61816,10
12.9706697464,80.2189407349,61816,61826,10
12.97012043,80.2186813354,61826,61836,10
12.9693603516,80.2183837891,61836,61847,11
12.9684801102,80.2180328369,61847,61857,10
12.9676599503,80.2177200317,61857,61867,10
12.9668102264,80.2173690796,61867,61876,9
12.9659204483,80.2170028687,61876,61887,11
12.9648399353,80.2165603638,61887,61897,10
12.9640197754,80.2162094116,61897,61907,10
12.9635896683,80.215927124,61907,61917,10
12.9635601044,80.2156524658,61917,61927,10
12.963640213,80.2154388428,61927,61937,10
12.9636697769,80.2153625488,61937,61947,10
12.9637498856,80.2150115967,61947,61957,10
12.9638395309,80.2145614624,61957,61968,11
12.9638795853,80.2143936157,61968,61978,10
12.9638795853,80.2143630981,61978,61988,10
12.9639101028,80.2141799927,61988,61998,10
12.96393013,80.2139511108,61998,62008,10
12.9640197754,80.2135162354,62008,62018,10
12.9641399384,80.2128601074,62018,62028,10
12.9643096924,80.2120285034,62028,62038,10
12.9645204544,80.2113265991,62038,62048,10
12.9645900726,80.2112197876,62048,62058,10
12.964679718,80.2108078003,62058,62069,11
12.9647798538,80.2100601196,62069,62079,10
12.9648599625,80.2093811035,62079,62089,10
12.9649896622,80.2085266113,62089,62099,10
12.9651498795,80.2076263428,62099,62109,10
12.9652099609,80.2071762085,62109,62119,10
12.9652299881,80.2070999146,62119,62129,10
12.9653196335,80.2066802979,62129,62139,10
12.9653501511,80.2060699463,62139,62149,10
12.9654197693,80.2055435181,62149,62159,10
12.9654798508,80.2052307129,62159,62169,10
12.9655504227,80.2047424316,62169,62180,11
12.9655799866,80.2045593262,62180,62190,10
12.9656496048,80.2043228149,62190,62200,10
12.9657201767,80.2038879395,62200,62210,10
12.9657897949,80.2033691406,62210,62220,10
12.9658002853,80.2025680542,62220,62230,10
12.9657297134,80.2018432617,62230,62240,10
12.9653100967,80.201499939,62240,62250,10
12.9655103683,80.2003631592,62250,62270,20
12.9655103683,80.2003631592,62270,62280,10
12.9653997421,80.2001571655,62280,62291,11
12.9649600983,80.1999511719,62291,62301,10
12.9648504257,80.1994171143,62301,62311,10
12.9648399353,80.1988220215,62311,62321,10
12.9647903442,80.198059082,62321,62331,10
12.9647798538,80.1976623535,62331,62341,10
12.9647798538,80.197479248,62341,62351,10
12.9647598267,80.1970825195,62351,62361,10
12.9647798538,80.1964035034,62361,62391,30
12.9647798538,80.1964035034,62391,62402,11
12.964679718,80.1961669922,62402,62412,10
12.9646596909,80.1958236694,62412,62422,10
12.9646997452,80.1955413818,62422,62432,10
12.9647798538,80.1951065063,62432,62442,10
12.9647598267,80.1949386597,62442,62452,10
12.9648799896,80.1943969727,62452,62462,10
12.9650402069,80.1937408447,62462,62472,10
12.9651002884,80.1929931641,62472,62482,10
12.9652004242,80.1922988892,62482,62492,10
12.9652996063,80.1918411255,62492,62502,10
12.9653100967,80.1917495728,62502,62513,11
12.9653596878,80.1914825439,62513,62523,10
12.965470314,80.1910171509,62523,62533,10
12.9656200409,80.1903381348,62533,62543,10
12.9657096863,80.1899032593,62543,62553,10
12.965880394,80.1889877319,62553,62573,20
12.965880394,80.1889877319,62573,62583,10
12.9659204483,80.1888427734,62583,62593,10
12.9659500122,80.188659668,62593,62603,10
12.9658203125,80.1885604858,62603,62614,11
12.9654102325,80.1883773804,62614,62624,10
12.9649896622,80.1882019043,62624,62634,10
12.9644203186,80.18800354,62634,62644,10
12.9639997482,80.1878662109,62644,62654,10
12.9634504318,80.187713623,62654,62664,10
12.9628000259,80.1875762939,62664,62674,10
12.9621400833,80.1874313354,62674,62684,10
12.9616098404,80.1873397827,62684,62694,10
12.9611701965,80.1872634888,62694,62704,10
12.9608001709,80.1872024536,62704,62714,10
12.9607896805,80.1872024536,62714,62725,11
12.9604597092,80.1871566772,62725,62735,10
12.9601802826,80.1871109009,62735,62745,10
12.9596700668,80.1870803833,62745,62755,10
12.9589996338,80.1870193481,62755,62765,10
12.9583702087,80.1870117188,62765,62775,10
12.957690239,80.1870193481,62775,62785,10
12.9574298859,80.1870193481,62785,62795,10
12.9574098587,80.1870193481,62795,62805,10
12.9570198059,80.18699646,62805,62815,10
12.9564199448,80.186958313,62815,62825,10
12.9559497833,80.1869430542,62825,62846,21
12.9557800293,80.1869506836,62846,62906,60
12.9557800293,80.1869506836,62906,62916,10
12.9555997849,80.1867828369,62916,62926,10
12.9555997849,80.1867218018,62926,62936,10
12.9556398392,80.1865692139,62936,62947,11
12.9557304382,80.1860580444,62947,62957,10
12.9557800293,80.1857681274,62957,62967,10
12.9558200836,80.1855316162,62967,62977,10
12.9560403824,80.1856613159,62977,62987,10
12.9561004639,80.1859207153,62987,62997,10
12.9561195374,80.1861190796,62997,63007,10
12.9561004639,80.1863632202,63007,63199,192
12.9561004639,80.1863632202,63199,63209,10
12.9560098648,80.1868515015,63209,63249,40
12.9560098648,80.1868515015,63249,63259,10
12.956199646,80.1870117188,63259,63270,11
12.9567499161,80.1870422363,63270,63280,10
12.9573898315,80.1870574951,63280,63290,10
12.9580402374,80.1870727539,63290,63300,10
12.9587402344,80.1870498657,63300,63310,10
12.9594602585,80.1870880127,63310,63320,10
12.9599304199,80.1871337891,63320,63330,10
12.9603204727,80.1871414185,63330,63340,10
12.9606199265,80.1871871948,63340,63350,10
12.9610500336,80.1872787476,63350,63360,10
12.9614896774,80.1873397827,63360,63370,10
12.9619998932,80.1874237061,63370,63381,11
12.9625997543,80.1875686646,63381,63391,10
12.9630899429,80.1876602173,63391,63401,10
12.9636201859,80.1877975464,63401,63411,10
12.9640798569,80.1879425049,63411,63421,10
12.9645004272,80.1880722046,63421,63431,10
12.9648704529,80.1881866455,63431,63441,10
12.9651699066,80.1883087158,63441,63451,10
12.9653902054,80.1884002686,63451,63461,10
12.9654397964,80.1884231567,63461,63471,10
12.9655799866,80.1884994507,63471,63481,10
12.9659099579,80.1886367798,63481,63492,11
12.9658899307,80.188911438,63492,63502,10
12.9658203125,80.1892929077,63502,63512,10
12.9657001495,80.1899490356,63512,63522,10
12.9655895233,80.1905822754,63522,63532,10
12.9654598236,80.1911087036,63532,63542,10
12.9653396606,80.1917266846,63542,63552,10
12.9652900696,80.1918563843,63552,63562,10
12.9652004242,80.1922683716,63562,63572,10
12.9651203156,80.1925735474,63572,63582,10
12.965089798,80.1930923462,63582,63593,11
12.9649896622,80.1937866211,63593,63602,9
12.9648704529,80.1943435669,63602,63613,11
12.9647502899,80.1949920654,63613,63623,10
12.9647102356,80.1955184937,63623,63633,10
12.9646501541,80.1960830688,63633,63643,10
12.9648103714,80.1963424683,63643,63653,10
12.964799881,80.1967086792,63653,63663,10
12.964799881,80.1970977783,63663,63683,20
12.964799881,80.1970977783,63683,63693,10
12.9647798538,80.1974029541,63693,63704,11
12.9647703171,80.1979217529,63704,63714,10
12.9648103714,80.1983795166,63714,63724,10
12.964799881,80.1988601685,63724,63734,10
12.9648504257,80.1994094849,63734,63744,10
12.9649200439,80.1999435425,63744,63754,10
12.9653997421,80.2001419067,63754,63764,10
12.9654998779,80.2004394531,63764,63774,10
12.9654302597,80.2010192871,63774,63784,10
12.9653997421,80.201210022,63784,63794,10
12.965379715,80.2012863159,63794,63804,10
12.965379715,80.2016983032,63804,63815,11
12.965760231,80.2018432617,63815,63825,10
12.9658203125,80.2021713257,63825,63835,10
12.9657802582,80.202583313,63835,63845,10
12.965760231,80.2033691406,63845,63855,10
12.965669632,80.2041397095,63855,63865,10
12.9655799866,80.2045974731,63865,63875,10
12.9655799866,80.2046508789,63875,63885,10
12.9655399323,80.2049331665,63885,63895,10
12.9654302597,80.2054595947,63895,63905,10
12.9653396606,80.2060775757,63905,63916,11
12.9652795792,80.206817627,63916,63926,10
12.9652395248,80.2071228027,63926,63936,10
12.9652204514,80.2072296143,63936,63946,10
12.9651403427,80.2077102661,63946,63956,10
12.9650201797,80.2084121704,63956,63966,10
12.9649295807,80.2090301514,63966,63976,10
12.9648399353,80.209602356,63976,63986,10
12.9647598267,80.2102508545,63986,63996,10
12.964679718,80.2108688354,63996,64006,10
12.9645700455,80.2113571167,64006,64016,10
12.9645299911,80.2114028931,64016,64027,11
12.964389801,80.2116699219,64027,64037,10
12.9643201828,80.2118988037,64037,64047,10
12.9642400742,80.2124710083,64047,64057,10
12.9641199112,80.2130584717,64057,64087,30
12.9641199112,80.2130584717,64087,64097,10
12.964050293,80.2132492065,64097,64113,16
12.9640102386,80.213722229,64113,64125,12
12.96393013,80.2141189575,64125,64135,10
12.9638395309,80.2146224976,64135,64146,11
12.9637403488,80.2151489258,64146,64156,10
12.963640213,80.2157363892,64156,64166,10
12.9638004303,80.216003418,64166,64176,10
12.9641304016,80.2161483765,64176,64186,10
12.9641399384,80.2161483765,64186,64196,10
12.9642801285,80.2162322998,64196,64204,8
12.9645900726,80.2163925171,64204,64215,11
12.9654397964,80.2167510986,64215,64225,10
12.966219902,80.2170715332,64225,64236,11
12.9670600891,80.2173995972,64236,64247,11
12.9676799774,80.217666626,64247,64257,10
12.9680404663,80.2178115845,64257,64267,10
12.9685897827,80.2180175781,64267,64277,10
12.9693603516,80.2183227539,64277,64287,10
12.9702501297,80.2186737061,64287,64297,10
12.9709196091,80.2189025879,64297,64307,10
12.9711103439,80.2189712524,64307,64317,10
12.9714403152,80.2191162109,64317,64327,10
12.9720401764,80.219367981,64327,64337,10
12.9727802277,80.2196578979,64337,64347,10
12.9735898972,80.2199935913,64347,64358,11
12.9742097855,80.2202682495,64358,64368,10
12.9743995667,80.2203826904,64368,64377,9
12.9747600555,80.2205505371,64377,64388,11
12.9750404358,80.2206802368,64388,64398,10
12.9754695892,80.2208328247,64398,64408,10
12.9756097794,80.2209777832,64408,64418,10
12.9757003784,80.2210617065,64418,64428,10
12.9757604599,80.2211380005,64428,64438,10
12.9759597778,80.2213363647,64438,64448,10
12.976149559,80.2215881348,64448,64459,11
12.9763803482,80.2219390869,64459,64499,40
12.9763803482,80.2219390869,64499,64509,10
12.9764204025,80.2221298218,64509,64519,10
12.9766197205,80.2224197388,64519,64529,10
12.9769802094,80.2229995728,64529,64531,2
12.9769802094,80.2229995728,64531,64578,47
12.9784603119,80.2253036499,64578,64588,10
12.9785404205,80.2254333496,64588,64598,10
12.9786195755,80.2255401611,64598,64608,10
12.9788703918,80.2259597778,64608,64618,10
12.9792299271,80.2265625,64618,64628,10
12.9795503616,80.2270889282,64628,64638,10
12.9799404144,80.2277526855,64638,64648,10
12.980389595,80.2285003662,64648,64658,10
12.9807300568,80.2291183472,64658,64669,11
12.9810695648,80.2296905518,64669,64679,10
12.9815196991,80.2303390503,64679,64690,11
12.9816799164,80.2305831909,64690,64700,10
12.9817199707,80.2306900024,64700,64709,9
12.981880188,80.2310791016,64709,64720,11
12.9820203781,80.2317581177,64720,64730,10
12.9820203781,80.2324676514,64730,64740,10
12.9818401337,80.2331619263,64740,64750,10
12.9816598892,80.2335281372,64750,64760,10
12.9816398621,80.2335586548,64760,64770,10
12.981590271,80.2336196899,64770,64780,10
12.9813995361,80.2340011597,64780,64791,11
12.9812402725,80.2345123291,64791,64801,10
12.9812202454,80.2352523804,64801,64811,10
12.9812602997,80.2361221313,64811,64821,10
12.9812698364,80.2369384766,64821,64831,10
12.9812803268,80.2377929688,64831,64841,10
12.981300354,80.2383728027,64841,64851,10
12.9813098907,80.2386932373,64851,64861,10
12.981300354,80.2387695313,64861,64871,10
12.9813203812,80.2391815186,64871,64881,10
12.9813404083,80.2397994995,64881,64891,10
12.9813604355,80.2405319214,64891,64902,11
12.9813699722,80.2412796021,64902,64912,10
12.9813699722,80.2420196533,64912,64922,10
12.9813804626,80.2424087524,64922,64932,10
12.9813995361,80.2425918579,64932,64958,26
12.9813995361,80.2425918579,64958,64970,12
12.9813899994,80.2429199219,64970,64978,8
12.9813995361,80.2431716919,64978,64990,12
12.9813499451,80.2438430786,64990,65000,10
12.981300354,80.2443618774,65000,65011,11
12.9812602997,80.2446289063,65011,65021,10
12.9811697006,80.2452774048,65021,65031,10
12.9810600281,80.2461395264,65031,65040,9
12.9809598923,80.2471008301,65040,65051,11
12.9808597565,80.248336792,65051,65061,10
12.9807195663,80.249671936,65061,65071,10
12.9804801941,80.2507476807,65071,65081,10
12.9801197052,80.2522735596,65081,65101,20
12.9801197052,80.2522735596,65101,65112,11
12.9801197052,80.252571106,65112,65122,10
12.9805698395,80.2526931763,65122,65132,10
12.9813604355,80.2526626587,65132,65142,10
12.9822702408,80.2526321411,65142,65152,10
12.9829797745,80.2525482178,65152,65354,202
12.9829797745,80.2525482178,65354,65364,10
12.9831695557,80.2525024414,65364,65374,10
12.9834098816,80.2524795532,65374,65384,10
12.983880043,80.2523574829,65384,65394,10
12.9845399857,80.2521896362,65394,65404,10
12.9852600098,80.2519989014,65404,65414,10
12.9858903885,80.2518310547,65414,65424,10
12.9864397049,80.251701355,65424,65435,11
12.9869403839,80.2515869141,65435,65445,10
12.9873800278,80.2514572144,65445,65455,10
12.9877796173,80.2514038086,65455,65465,10
12.9879598618,80.2517623901,65465,65475,10
12.9880399704,80.2520675659,65475,65485,10
12.9880504608,80.252243042,65485,65495,10
12.9880104065,80.2527389526,65495,65505,10
12.9879398346,80.2533798218,65505,65515,10
12.9878997803,80.253868103,65515,65525,10
12.9878997803,80.2538986206,65525,65535,10
12.9878797531,80.2540817261,65535,65546,11
12.987830162,80.2546005249,65546,65556,10
12.9877901077,80.2551803589,65556,65566,10
12.9876499176,80.2560424805,65566,65586,20
12.9876499176,80.2560424805,65586,65596,10
12.9876203537,80.2561798096,65596,65606,10
12.9876003265,80.2565002441,65606,65616,10
12.987569809,80.2570419312,65616,65626,10
12.9875001907,80.2578887939,65626,65636,10
12.9874200821,80.2587966919,65636,65646,10
12.9872903824,80.2593765259,65646,65687,41
12.9872398376,80.2595672607,65687,65717,30
12.9872398376,80.2595672607,65717,65727,10
12.9868001938,80.2596130371,65727,65737,10
12.9866104126,80.2595062256,65737,65747,10
12.9866104126,80.259262085,65747,65758,11
12.9867801666,80.2590713501,65758,65949,191
12.9870595932,80.2592086792,65949,66070,121
12.9870595932,80.2592086792,66070,66080,10
12.9874000549,80.2590103149,66080,66091,11
12.9874095917,80.2589416504,66091,66101,10
12.9874000549,80.2589035034,66101,66111,10
12.9874095917,80.2587280273,66111,66121,10
12.9874095917,80.2584075928,66121,66161,40
12.9874095917,80.2584075928,66161,66171,10
12.9874696732,80.2578582764,66171,66181,10
12.9875001907,80.2571487427,66181,66192,11
12.9875602722,80.2562484741,66192,66202,10
12.9876003265,80.255821228,66202,66212,10
12.9876804352,80.255317688,66212,66222,10
12.9877004623,80.2548599243,66222,66232,10
12.9877700806,80.2543563843,66232,66331,99
12.9877700806,80.2543563843,66331,66341,10
12.9878396988,80.2540817261,66341,66351,10
12.9878396988,80.2538528442,66351,66361,10
12.9878396988,80.2534790039,66361,66371,10
12.9878501892,80.2530670166,66371,66381,10
12.9878997803,80.2524108887,66381,66423,42
12.9878997803,80.2524108887,66423,66433,10
12.9878702164,80.2520599365,66433,66483,50
12.9878702164,80.2520599365,66483,66493,10
12.9875497818,80.2516937256,66493,66524,31
12.9875497818,80.2516937256,66524,66534,10
12.9870796204,80.2517166138,66534,66544,10
12.986700058,80.2518234253,66544,66554,10
12.9860897064,80.2519607544,66554,66565,11
12.9852104187,80.2521820068,66565,66576,11
12.9842700958,80.2524185181,66576,66586,10
12.9833498001,80.2526397705,66586,66596,10
12.9822597504,80.2527313232,66596,66605,9
12.9816398621,80.2527389526,66605,66615,10
12.981010437,80.252746582,66615,66637,22
12.981010437,80.252746582,66637,66647,10
12.9808197021,80.2527999878,66647,66657,10
12.9805202484,80.2528076172,66657,66667,10
12.9800100327,80.252822876,66667,66738,71
12.9800100327,80.252822876,66738,66748,10
12.9798002243,80.2527313232,66748,66758,10
12.9798297882,80.2525177002,66758,66768,10
12.9798498154,80.252456665,66768,66778,10
12.9799098969,80.252281189,66778,66788,10
12.9799995422,80.2518386841,66788,66798,10
12.980219841,80.2511901855,66798,66808,10
12.9805002213,80.2502593994,66808,66818,10
12.9806804657,80.2492980957,66818,66828,10
12.9807500839,80.2484664917,66828,66839,11
12.9808301926,80.2472229004,66839,66849,10
12.9809503555,80.2460479736,66849,66859,10
12.9810695648,80.2447967529,66859,66869,10
12.9811401367,80.2439498901,66869,66879,10
12.9812297821,80.2436828613,66879,66889,10
12.9813098907,80.2434768677,66889,66899,10
12.9812898636,80.243309021,66899,66960,61
12.9812898636,80.243309021,66960,66970,10
12.9813299179,80.2428207397,66970,66980,10
12.9813604355,80.2425613403,66980,66990,10
12.9813499451,80.2421264648,66990,67000,10
12.9813404083,80.2414474487,67000,67010,10
12.9813404083,80.2407073975,67010,67020,10
12.9813203812,80.2400817871,67020,67030,10
12.9813203812,80.2397537231,67030,67040,10
12.9813098907,80.2394104004,67040,67050,10
12.9812803268,80.2387924194,67050,67061,11
12.9812498093,80.23828125,67061,67071,10
12.9812402725,80.2381591797,67071,67081,10
12.9812402725,80.2380371094,67081,67091,10
12.9812402725,80.2379837036,67091,67101,10
12.9812297821,80.2377929688,67101,67111,10
12.9812202454,80.2372817993,67111,67121,10
12.9812002182,80.2364501953,67121,67131,10
12.9811897278,80.2356109619,67131,67141,10
12.9811697006,80.2346878052,67141,67162,21
12.9811697006,80.2346878052,67162,67172,10
12.9811697006,80.2346191406,67172,67182,10
12.981180191,80.2346191406,67182,67192,10
12.9812202454,80.2343292236,67192,67202,10
12.9813404083,80.2340011597,67202,67222,20
12.9813404083,80.2340011597,67222,67232,10
12.9815301895,80.2336425781,67232,67262,30
12.9815301895,80.2336425781,67262,67273,11
12.9816598892,80.2333679199,67273,67283,10
12.9816999435,80.2332992554,67283,67293,10
12.9818601608,80.2329406738,67293,67303,10
12.9819698334,80.2325973511,67303,67313,10
12.9820203781,80.2323379517,67313,67323,10
12.9819698334,80.2321395874,67323,67333,10
12.9819602966,80.2316818237,67333,67343,10
12.9818897247,80.231300354,67343,67353,10
12.9817199707,80.2308578491,67353,67363,10
12.9814195633,80.2303619385,67363,67373,10
12.9810800552,80.2298278809,67373,67384,11
12.980890274,80.2294769287,67384,67394,10
12.9806804657,80.2291412354,67394,67414,20
12.9806804657,80.2291412354,67414,67424,10
12.9805297852,80.2288665771,67424,67434,10
12.980340004,80.2285232544,67434,67450,16
12.9801797867,80.2281799316,67450,67462,12
12.9798898697,80.2276992798,67462,67470,8
12.9795999527,80.2272262573,67470,67482,12
12.9792699814,80.2266921997,67482,67493,11
12.9788799286,80.2260437012,67493,67503,10
12.9785003662,80.2253799438,67503,67512,9
12.9782304764,80.224937439,67512,67522,10
12.9780502319,80.2246704102,67522,67533,11
12.9778604507,80.2244720459,67533,67543,10
12.9777603149,80.2243270874,67543,67553,10
12.9776496887,80.2241592407,67553,67562,9
12.9774799347,80.2237930298,67562,67572,10
12.9772500992,80.2234191895,67572,67583,11
12.9771404266,80.2232284546,67583,67594,11
12.9770698547,80.2230377197,67594,67604,10
12.9769802094,80.2228469849,67604,67614,10
12.9767503738,80.2225570679,67614,67624,10
12.976360321,80.2219619751,67624,67684,60
12.976360321,80.2219619751,67684,67694,10
12.9763202667,80.2217330933,67694,67705,11
12.9761295319,80.2215118408,67705,67715,10
12.9760599136,80.2213897705,67715,67725,10
12.9758300781,80.2211532593,67725,67735,10
12.9755401611,80.2209472656,67735,67745,10
12.9753704071,80.2208480835,67745,67755,10
12.9752101898,80.2207717896,67755,67765,10
12.9747600555,80.2205886841,67765,67775,10
12.9743404388,80.220413208,67775,67795,20
12.9743404388,80.220413208,67795,67812,17
12.974240303,80.2203979492,67812,67824,12
12.9739198685,80.2202301025,67824,67834,10
12.9736299515,80.2201080322,67834,67844,10
12.97315979,80.2199325562,67844,67854,10
12.972700119,80.2197723389,67854,67864,10
12.9719696045,80.2195205688,67864,67874,10
12.9713697433,80.2193374634,67874,67884,10
12.971159935,80.2192687988,67884,67914,30
12.971159935,80.2192687988,67914,67925,11
12.9708795547,80.2191390991,67925,67935,10
12.9704904556,80.2189178467,67935,67945,10
12.9699497223,80.2186965942,67945,67955,10
12.9694004059,80.2184829712,67955,67965,10
12.968870163,80.2182693481,67965,67975,10
12.96833992,80.2180709839,67975,67985,10
12.9678096771,80.2178573608,67985,67995,10
12.967300415,80.2176589966,67995,68005,10
12.9668197632,80.2174911499,68005,68015,10
12.9664497375,80.2173461914,68015,68126,111
12.9664497375,80.2173461914,68126,68137,11
12.9662504196,80.2172622681,68137,68147,10
12.9656496048,80.2170028687,68147,68157,10
12.9648103714,80.2166671753,68157,68167,10
12.9641799927,80.2163925171,68167,68177,10
12.9638204575,80.2162475586,68177,68187,10
12.9636096954,80.2161483765,68187,68197,10
12.96352005,80.2158737183,68197,68207,10
12.963640213,80.2154312134,68207,68237,30
12.963640213,80.2154312134,68237,68248,11
12.963760376,80.2150421143,68248,68258,10
12.9638299942,80.2146224976,68258,68268,10
12.9638900757,80.2142486572,68268,68278,10
12.9639396667,80.2139129639,68278,68288,10
12.9640197754,80.2134933472,68288,68298,10
12.9640798569,80.2131118774,68298,68308,10
12.9641504288,80.2126998901,68308,68318,10
12.9641895294,80.2125167847,68318,68328,10
12.964220047,80.212272644,68328,68338,10
12.9643096924,80.2118606567,68338,68348,10
12.9644603729,80.2114105225,68348,68359,11
12.9645395279,80.2112808228,68359,68369,10
12.9645795822,80.2112197876,68369,68379,10
12.9646501541,80.2108688354,68379,68389,10
12.9647197723,80.2102813721,68389,68399,10
12.964799881,80.2096481323,68399,68409,10
12.9648599625,80.2090072632,68409,68419,10
12.9649200439,80.2086868286,68419,68429,10
12.9650201797,80.2081604004,68429,68439,10
12.9651203156,80.2075424194,68439,68449,10
12.9652204514,80.2070236206,68449,68470,21
12.9652204514,80.2070236206,68470,68480,10
12.9652795792,80.2067565918,68480,68490,10
12.9653196335,80.2064590454,68490,68500,10
12.9653100967,80.2061386108,68500,68510,10
12.9653396606,80.2057113647,68510,68520,10
12.9654302597,80.2052078247,68520,68530,10
12.9655303955,80.2045516968,68530,68550,20
12.9655303955,80.2045516968,68550,68560,10
12.9655704498,80.2044067383,68560,68571,11
12.9656600952,80.203918457,68571,68581,10
12.9657402039,80.2032623291,68581,68591,10
12.9657697678,80.2025604248,68591,68601,10
12.9657297134,80.2018890381,68601,68611,10
12.9652900696,80.2016525269,68611,68621,10
12.9653100967,80.2012176514,68621,68631,10
12.965470314,80.2003479004,68631,68651,20
12.965470314,80.2003479004,68651,68661,10
12.9654598236,80.2002029419,68661,68671,10
12.9651298523,80.2001190186,68671,68682,11
12.9649400711,80.1997375488,68682,68692,10
12.9647903442,80.1993637085,68692,68702,10
12.964799881,80.1990585327,68702,68712,10
12.9648303986,80.1984710693,68712,68722,10
12.9647598267,80.1977005005,68722,68732,10
12.9647703171,80.196937561,68732,68742,10
12.9647703171,80.1963577271,68742,68762,20
12.9647703171,80.1963577271,68762,68772,10
12.9647197723,80.1961975098,68772,68783,11
12.964630127,80.1960296631,68783,68793,10
12.9646902084,80.1956100464,68793,68803,10
12.9647703171,80.1951675415,68803,68813,10
12.9647197723,80.1949386597,68813,68823,10
12.9647197723,80.1947479248,68823,68833,10
12.9648103714,80.1943969727,68833,68843,10
12.9649295807,80.193939209,68843,68853,10
12.9650602341,80.1932296753,68853,68863,10
12.9650602341,80.1928024292,68863,68873,10
12.9651498795,80.1922607422,68873,68883,10
12.9652700424,80.19165802,68883,68904,21
12.9652700424,80.19165802,68904,68914,10
12.9653501511,80.1913070679,68914,68924,10
12.965470314,80.1908416748,68924,68934,10
12.9656400681,80.1901092529,68934,68944,10
12.9657802582,80.1893615723,68944,68954,10
12.9658403397,80.188873291,68954,68964,10
12.9658403397,80.1888122559,68964,68974,10
12.9658603668,80.1887207031,68974,68984,10
12.9657802582,80.1885910034,68984,68994,10
12.965470314,80.1884765625,68994,69005,11
12.9649896622,80.1883010864,69005,69015,10
12.9644002914,80.1880874634,69015,69025,10
12.9637899399,80.1878967285,69025,69035,10
12.9631700516,80.1877212524,69035,69045,10
12.9625101089,80.1875991821,69045,69055,10
12.9619102478,80.187461853,69055,69065,10
12.9613103867,80.1873703003,69065,69075,10
12.9607000351,80.1872634888,69075,69096,21
12.9607000351,80.1872634888,69096,69106,10
12.9602899551,80.187210083,69106,69116,10
12.9598798752,80.1871566772,69116,69126,10
12.9593095779,80.1871109009,69126,69136,10
12.9587202072,80.1870803833,69136,69146,10
12.9582004547,80.1870574951,69146,69156,10
12.9576196671,80.1870574951,69156,69166,10
12.9569797516,80.1870498657,69166,69176,10
12.956410408,80.1870117188,69176,69186,10
12.9558496475,80.1869888306,69186,69227,41
12.9558496475,80.1869888306,69227,69237,10
12.9556598663,80.1870193481,69237,69257,20
12.9556598663,80.1870193481,69257,69267,10
12.9555397034,80.186920166,69267,69277,10
12.9555597305,80.1867370605,69277,69287,10
12.955619812,80.1864471436,69287,69297,10
12.9556398392,80.1862030029,69297,69307,10
12.9556903839,80.1859664917,69307,69317,10
12.9557199478,80.185760498,69317,69328,11
12.9557504654,80.1856002808,69328,69338,10
12.9559202194,80.1855392456,69338,69348,10
12.9560203552,80.1861801147,69348,69529,181
12.9560203552,80.1861801147,69529,69540,11
12.9559803009,80.1867828369,69540,69580,40
12.9559803009,80.1867828369,69580,69590,10
12.9561195374,80.18699646,69590,69600,10
12.9565696716,80.1870269775,69600,69610,10
12.9570703506,80.1870574951,69610,69620,10
12.9575996399,80.1870574951,69620,69630,10
12.9581203461,80.1870574951,69630,69641,11
12.9587202072,80.1871032715,69641,69651,10
12.9591398239,80.1871109009,69651,69661,10
12.9595298767,80.1871109009,69661,69671,10
12.9600400925,80.1871414185,69671,69681,10
12.9604997635,80.1872024536,69681,69691,10
12.9608802795,80.1872711182,69691,69701,10
12.9613199234,80.1873626709,69701,69711,10
12.9615001678,80.1873626709,69711,69721,10
12.9616804123,80.1873779297,69721,69731,10
12.9620599747,80.1874694824,69731,69741,10
12.9625396729,80.1875610352,69741,69751,10
12.9629802704,80.1876525879,69751,69762,11
12.9634504318,80.1877670288,69762,69772,10
12.9638004303,80.1878890991,69772,69782,10
12.96434021,80.188041687,69782,69792,10
12.9647397995,80.1881790161,69792,69802,10
12.9648399353,80.1882171631,69802,69812,10
12.9650497437,80.1883010864,69812,69842,30
12.9650497437,80.1883010864,69842,69852,10
12.965379715,80.1884384155,69852,69863,11
12.9653997421,80.1884536743,69863,69873,10
12.9657697678,80.188583374,69873,69943,70
12.9657697678,80.188583374,69943,69953,10
12.9659404755,80.1887969971,69953,69963,10
12.9658603668,80.1890335083,69963,69974,11
12.9657297134,80.1897125244,69974,69984,10
12.9655504227,80.1905288696,69984,69994,10
12.9654903412,80.1908493042,69994,70004,10
12.9653997421,80.1912231445,70004,70014,10
12.9653100967,80.1916503906,70014,70024,10
12.9653100967,80.19165802,70024,70034,10
12.9652299881,80.1919631958,70034,70044,10
12.9651203156,80.1924591064,70044,70054,10
12.9650297165,80.1932067871,70054,70064,10
12.9649600983,80.1938095093,70064,70074,10
12.9648504257,80.194229126,70074,70091,17
12.9646997452,80.1953430176,70091,70103,12
12.9646100998,80.1960220337,70103,70113,10
12.9646701813,80.196182251,70113,70122,9
12.9647397995,80.1964492798,70122,70133,11
12.9647397995,80.1970825195,70133,70143,10
12.9647502899,80.1971817017,70143,70153,10
12.9647197723,80.1976318359,70153,70163,10
12.9647502899,80.198348999,70163,70173,10
12.9647502899,80.1990432739,70173,70183,10
12.9648895264,80.199546814,70183,70194,11
12.9649200439,80.1999969482,70194,70204,10
12.9652500153,80.2001266479,70204,70214,10
12.9654903412,80.200340271,70214,70224,10
12.9653396606,80.201210022,70224,70244,20
12.9653396606,80.201210022,70244,70254,10
12.9653100967,80.2013931274,70254,70264,10
12.9654197693,80.201789856,70264,70274,10
12.9657897949,80.2019195557,70274,70284,10
12.9657697678,80.2023773193,70284,70294,10
12.9657201767,80.2029037476,70294,70311,17
12.9656496048,80.203918457,70311,70323,12
12.9655799866,80.2042922974,70323,70333,10
12.9655199051,80.2045669556,70333,70343,10
12.9655199051,80.2046737671,70343,70353,10
12.965470314,80.2050018311,70353,70363,10
12.9653701782,80.2054824829,70363,70383,20
12.9653701782,80.2054824829,70383,70393,10
12.9652795792,80.2059326172,70393,70403,10
12.9652500153,80.2062988281,70403,70414,11
12.9651899338,80.2069778442,70414,70434,20
12.9651899338,80.2069778442,70434,70444,10
12.9651603699,80.20728302,70444,70454,10
12.9650802612,80.2077789307,70454,70464,10
12.9650001526,80.2081375122,70464,70474,10
12.9649496078,80.2085113525,70474,70484,10
12.9648704529,80.2090072632,70484,70494,10
12.9647903442,80.209602356,70494,70504,10
12.9647197723,80.2101135254,70504,70515,11
12.9646396637,80.2107086182,70515,70525,10
12.9645595551,80.211227417,70525,70535,10
12.9645204544,80.2113494873,70535,70545,10
12.9643697739,80.2116165161,70545,70555,10
12.9642801285,80.2119598389,70555,70565,10
12.9641895294,80.2124481201,70565,70575,10
12.9640703201,80.2130584717,70575,70585,10
12.9639501572,80.2136001587,70585,70595,10
12.9638996124,80.2139205933,70595,70605,10
12.9638595581,80.2142410278,70605,70615,10
12.9638004303,80.2146224976,70615,70626,11
12.9637098312,80.2149429321,70626,70642,16
12.9636001587,80.2155914307,70642,70654,12
12.9635601044,80.2157897949,70654,70664,10
12.963640213,80.2159805298,70664,70672,8
12.9640102386,80.2161331177,70672,70684,12
12.9640197754,80.2161331177,70684,70694,10
12.96434021,80.216293335,70694,70704,10
12.9651002884,80.2166290283,70704,70714,10
12.9659204483,80.2169570923,70714,70724,10
12.9667196274,80.2172775269,70724,70735,11
12.967590332,80.2176437378,70735,70743,8
12.9680595398,80.2178192139,70743,70755,12
12.9689598083,80.2181777954,70755,70765,10
12.9698495865,80.218536377,70765,70775,10
12.9705696106,80.2188262939,70775,70785,10
12.9708795547,80.2189025879,70785,70795,10
12.9710903168,80.2189712524,70795,70805,10
12.971159935,80.2189865112,70805,70815,10
12.971570015,80.2191772461,70815,70826,11
12.9723701477,80.2194976807,70826,70836,10
12.9730901718,80.2197875977,70836,70846,10
12.9739103317,80.2201766968,70846,70876,30
12.9739103317,80.2201766968,70876,70886,10
12.9739599228,80.2204437256,70886,70916,30
12.9739599228,80.2204437256,70916,70926,10
12.9741401672,80.2205429077,70926,70936,10
12.9743003845,80.2205429077,70936,70947,11
12.9745903015,80.2205963135,70947,70957,10
12.974820137,80.2206268311,70957,70967,10
12.9750499725,80.2206878662,70967,70977,10
12.975279808,80.2207183838,70977,70987,10
12.9753904343,80.2207565308,70987,70997,10
12.975520134,80.2208633423,70997,71007,10
12.9756803513,80.2210388184,71007,71017,10
12.9759197235,80.2212905884,71017,71027,10
12.9763202667,80.2218170166,71027,71058,31
12.9763202667,80.2218170166,71058,71068,10
12.9763402939,80.2219772339,71068,71078,10
12.9766101837,80.2224502563,71078,71088,10
12.9769697189,80.2229995728,71088,71098,10
12.9774198532,80.2236862183,71098,71108,10
12.9778795242,80.2244110107,71108,71118,10
12.9780197144,80.2246170044,71118,71128,10
12.9782304764,80.224937439,71128,71138,10
12.9784498215,80.2253036499,71138,71148,10
12.9784698486,80.2253265381,71148,71159,11
12.9786596298,80.2256393433,71159,71169,10
12.9789400101,80.2261123657,71169,71179,10
12.9792699814,80.2266769409,71179,71189,10
12.9795799255,80.2272109985,71189,71199,10
12.9799404144,80.2277679443,71199,71209,10
12.9803104401,80.2284011841,71209,71219,10
12.9806098938,80.2289428711,71219,71229,10
12.9808797836,80.2293777466,71229,71239,10
12.9811697006,80.2298278809,71239,71249,10
12.9815301895,80.2303771973,71249,71259,10
12.9815998077,80.2304916382,71259,71270,11
12.9816598892,80.2305908203,71270,71280,10
12.9818401337,80.2310028076,71280,71290,10
12.9819803238,80.2317123413,71290,71300,10
12.9819898605,80.2322311401,71300,71310,10
12.9819698334,80.2324676514,71310,71320,10
12.9818496704,80.2328720093,71320,71330,10
12.9816799164,80.2332687378,71330,71340,10
12.9815998077,80.2334365845,71340,71350,10
12.9815702438,80.233543396,71350,71360,10
12.9814796448,80.2337417603,71360,71370,10
12.9813203812,80.2340393066,71370,71381,11
12.9811897278,80.2344589233,71381,71391,10
12.981180191,80.2351303101,71391,71401,10
12.9812002182,80.2358779907,71401,71411,10
12.9812297821,80.2365570068,71411,71421,10
12.9812498093,80.2374191284,71421,71431,10
12.9812602997,80.2381210327,71431,71441,10
12.9812602997,80.2385635376,71441,71451,10
12.9812402725,80.2386398315,71451,71461,10
12.9812498093,80.2390823364,71461,71471,10
12.9812498093,80.2395706177,71471,71481,10
12.9812803268,80.2399215698,71481,71492,11
12.9812898636,80.2403564453,71492,71502,10
12.9812803268,80.2403717041,71502,71512,10
12.9812803268,80.2406387329,71512,71522,10
12.981300354,80.2410888672,71522,71532,10
12.981300354,80.2416763306,71532,71542,10
12.981300354,80.2422409058,71542,71552,10
12.9813098907,80.2425918579,71552,71562,10
12.981300354,80.2427062988,71562,71572,10
12.9813299179,80.2427825928,71572,71582,10
12.9813299179,80.243019104,71582,71593,11
12.9813098907,80.2436904907,71593,71603,10
12.9812002182,80.2445220947,71603,71613,10
12.9810800552,80.2454681396,71613,71623,10
12.9809598923,80.2465209961,71623,71633,10
12.9808597565,80.2476119995,71633,71643,10
12.9807796478,80.2486419678,71643,71653,10
12.9806900024,80.2496337891,71653,71663,10
12.9805002213,80.2505264282,71663,71673,10
12.9802703857,80.2514190674,71673,71683,10
12.9801397324,80.2520065308,71683,71693,10
12.9801397324,80.2520217896,71693,71704,11
12.9801197052,80.2521286011,71704,71714,10
12.9800596237,80.2523117065,71714,71724,10
12.9801101685,80.2525634766,71724,71734,10
12.9805297852,80.2526779175,71734,71744,10
12.9812498093,80.2526626587,71744,71754,10
12.9821500778,80.2526168823,71754,71764,10
12.9830198288,80.2525634766,71764,71774,10
12.9840202332,80.2523803711,71774,71784,10
12.9846601486,80.2521972656,71784,71794,10
12.985250473,80.2520217896,71794,71804,10
12.985830307,80.2518615723,71804,71815,11
12.986240387,80.251739502,71815,71825,10
12.9866800308,80.2516326904,71825,71835,10
12.9871997833,80.2514877319,71835,71845,10
12.9876003265,80.2514038086,71845,71855,10
12.9878797531,80.2515411377,71855,71865,10
12.9879198074,80.2518005371,71865,71875,10
12.9879598618,80.2520828247,71875,71885,10
12.9879703522,80.2522277832,71885,71895,10
12.9879398346,80.2525634766,71895,71905,10
12.9878997803,80.2531661987,71905,71915,10
12.9878196716,80.2537612915,71915,71926,11
12.9877700806,80.2543411255,71926,71966,40
12.9877700806,80.2543411255,71966,71976,10
12.9877595901,80.2545013428,71976,71986,10
12.9877195358,80.2548828125,71986,71996,10
12.9876804352,80.255241394,71996,72006,10
12.9876298904,80.2555618286,72006,72017,11
12.9875402451,80.2560577393,72017,72027,10
12.9875202179,80.256401062,72027,72037,10
12.9875001907,80.2565383911,72037,72047,10
12.9874696732,80.2567596436,72047,72057,10
12.9874401093,80.2571029663,72057,72067,10
12.9874000549,80.2577896118,72067,72077,10
12.9873600006,80.2583389282,72077,72087,10
12.9873199463,80.2586898804,72087,72097,10
12.9873304367,80.2587203979,72097,72107,10
12.9872903824,80.2589416504,72107,72117,10
12.9871997833,80.2593612671,72117,72178,61
12.9871997833,80.2593612671,72178,72188,10
12.9869403839,80.2595825195,72188,72198,10
12.9867601395,80.2595672607,72198,72208,10
12.9865903854,80.2595291138,72208,72218,10
12.9865503311,80.2593307495,72218,72228,10
12.9866399765,80.2590637207,72228,72753,525
12.9866399765,80.2590637207,72753,72763,10
12.9870100021,80.2591629028,72763,72794,31
12.9870100021,80.2591629028,72794,72804,10
12.987279892,80.2589111328,72804,72814,10
12.9873104095,80.258682251,72814,72824,10
12.9872999191,80.2583236694,72824,72844,20
12.9872999191,80.2583236694,72844,72854,10
12.9873800278,80.2578277588,72854,72864,10
12.9874601364,80.2571487427,72864,72874,10
12.9875202179,80.2563400269,72874,73096,222
12.9875202179,80.2563400269,73096,73107,11
12.9875202179,80.2559814453,73107,73117,10
12.9876499176,80.2550582886,73117,73137,20
12.9876499176,80.2550582886,73137,73147,10
12.9876804352,80.2549591064,73147,73157,10
12.9877099991,80.2544937134,73157,73167,10
12.9877700806,80.2536697388,73167,73177,10
12.987859726,80.2526931763,73177,73187,10
12.987739563,80.251739502,73187,73218,31
12.987739563,80.251739502,73218,73228,10
12.9875402451,80.2516021729,73228,73238,10
12.9870500565,80.251663208,73238,73248,10
12.986530304,80.2517929077,73248,73258,10
12.9859199524,80.251953125,73258,73268,10
12.9851903915,80.2521362305,73268,73278,10
12.984749794,80.2522735596,73278,73288,10
12.9842596054,80.2524185181,73288,73329,41
12.9842596054,80.2524185181,73329,73339,10
12.9839496613,80.2524719238,73339,73349,10
12.9833698273,80.2526168823,73349,73359,10
12.9825201035,80.2527236938,73359,73375,16
12.9811496735,80.252746582,73375,73387,12
12.9803695679,80.2527618408,73387,73397,10
12.9801502228,80.2527694702,73397,73407,10
12.97976017,80.2525634766,73407,73428,21
12.97976017,80.2525634766,73428,73438,10
12.9798402786,80.2523269653,73438,73458,20
12.9798402786,80.2523269653,73458,73468,10
12.9799003601,80.2521209717,73468,73478,10
12.9799404144,80.2519226074,73478,73488,10
12.9800901413,80.2514419556,73488,73498,10
12.9802904129,80.2507171631,73498,73508,10
12.9805002213,80.2498626709,73508,73518,10
12.980629921,80.249168396,73518,73528,10
12.9806995392,80.2485198975,73528,73539,11
12.9807701111,80.2475967407,73539,73549,10
12.9808502197,80.2465515137,73549,73559,10
12.9809999466,80.2453384399,73559,73569,10
12.9811201096,80.2442932129,73569,73579,10
12.9812002182,80.2437133789,73579,73589,10
12.981300354,80.2432632446,73589,73639,50
12.981300354,80.2432632446,73639,73650,11
12.9813098907,80.2427062988,73650,73660,10
12.981300354,80.2422027588,73660,73670,10
12.981300354,80.2415466309,73670,73680,10
12.9812898636,80.2407836914,73680,73690,10
12.9812803268,80.240020752,73690,73700,10
12.9812698364,80.2396621704,73700,73709,9
12.9812602997,80.239402771,73709,73720,11
12.9812402725,80.238822937,73720,73730,10
12.9812202454,80.2384185791,73730,73740,10
12.9812202454,80.2382125854,73740,73750,10
12.9812202454,80.2380599976,73750,73761,11
12.9812202454,80.2379226685,73761,73771,10
12.9812097549,80.2376403809,73771,73781,10
12.9811897278,80.2371368408,73781,73791,10
12.981180191,80.2364120483,73791,73801,10
12.9811601639,80.2357330322,73801,73811,10
12.9811401367,80.2350769043,73811,73821,10
12.9811496735,80.2344589233,73821,73831,10
12.981300354,80.2338867188,73831,73841,10
12.9814100266,80.2336425781,73841,73851,10
12.9814596176,80.2335281372,73851,73861,10
12.9815101624,80.2334136963,73861,73872,11
12.9815301895,80.2333908081,73872,73882,10
12.9815797806,80.2332611084,73882,73892,10
12.9817199707,80.233001709,73892,73902,10
12.9818696976,80.2326126099,73902,73912,10
12.9819402695,80.2323226929,73912,73922,10
12.9819402695,80.231918335,73922,73932,10
12.9819097519,80.2315368652,73932,73942,10
12.9818401337,80.2311325073,73942,73952,10
12.9816102982,80.2306213379,73952,73962,10
12.9812602997,80.2300415039,73962,73973,11
12.9809799194,80.2296218872,73973,73983,10
12.9808397293,80.2294006348,73983,73993,10
12.9806604385,80.229133606,73993,74003,10
12.9806499481,80.229133606,74003,74013,10
12.9804897308,80.2288284302,74013,74023,10
12.9802799225,80.228477478,74023,74033,10
12.980099678,80.2281112671,74033,74049,16
12.9798603058,80.2276992798,74049,74061,12
12.9795503616,80.227180481,74061,74070,9
12.9792699814,80.2266998291,74070,74081,11
12.9789600372,80.2261886597,74081,74092,11
12.9785699844,80.2255401611,74092,74101,9
12.9782800674,80.2250366211,74101,74112,11
12.9780101776,80.224647522,74112,74122,10
12.9777498245,80.2243270874,74122,74132,10
12.977689743,80.2242279053,74132,74143,11
12.9774398804,80.2238006592,74143,74153,10
12.9771499634,80.2233200073,74153,74163,10
12.9770298004,80.2231216431,74163,74173,10
12.976940155,80.2229614258,74173,74183,10
12.9767904282,80.2227325439,74183,74194,11
12.9765796661,80.2223892212,74194,74204,10
12.9764099121,80.2221069336,74204,74214,10
12.9762296677,80.2218704224,74214,74234,20
12.9762296677,80.2218704224,74234,74244,10
12.9759998322,80.2215805054,74244,74254,10
12.9759197235,80.2214202881,74254,74264,10
12.9757299423,80.2211380005,74264,74274,10
12.9755897522,80.220993042,74274,74284,10
12.9754199982,80.2208786011,74284,74315,31
12.9754199982,80.2208786011,74315,74325,10
12.9751701355,80.2207794189,74325,74335,10
12.9749498367,80.2206802368,74335,74345,10
12.9743404388,80.2204284668,74345,74365,20
12.9743404388,80.2204284668,74365,74375,10
12.9741697311,80.2203598022,74375,74385,10
12.9738502502,80.220199585,74385,74395,10
12.9734601974,80.2200393677,74395,74405,10
12.9728899002,80.2198104858,74405,74416,11
12.9720401764,80.2195129395,74416,74426,10
12.9712896347,80.219291687,74426,74456,30
12.9712896347,80.219291687,74456,74466,10
12.9710102081,80.2191619873,74466,74476,10
12.9705295563,80.218963623,74476,74486,10
12.970000267,80.2187423706,74486,74496,10
12.9693498611,80.2184677124,74496,74507,11
12.9685401917,80.2181472778,74507,74517,10
12.9678001404,80.2178421021,74517,74527,10
12.9670000076,80.2174987793,74527,74537,10
12.9661903381,80.2171783447,74537,74547,10
12.9651298523,80.216758728,74547,74557,10
12.9641799927,80.2163696289,74557,74567,10
12.9636001587,80.2161178589,74567,74577,10
12.9634599686,80.2158432007,74577,74587,10
12.9635801315,80.2155380249,74587,74607,20
12.9635801315,80.2155380249,74607,74618,11
12.9636697769,80.2151565552,74618,74628,10
12.963760376,80.2147369385,74628,74638,10
12.9638595581,80.2142028809,74638,74648,10
12.9639396667,80.2136764526,74648,74658,10
12.9640197754,80.2132415771,74658,74668,10
12.9641199112,80.2127685547,74668,74678,10
12.9642095566,80.2122879028,74678,74688,10
12.9643096924,80.211769104,74688,74698,10
12.9644403458,80.2114028931,74698,74708,10
12.9644699097,80.2113113403,74708,74718,10
12.9645795822,80.2109680176,74718,74729,11
12.9646501541,80.2104568481,74729,74739,10
12.9647102356,80.2100219727,74739,74749,10
12.9647798538,80.2096176147,74749,74765,16
12.9649200439,80.2086791992,74765,74777,12
12.9650497437,80.2079620361,74777,74787,10
12.9651403427,80.2075271606,74787,74797,10
12.9651899338,80.2071228027,74797,74807,10
12.9652299881,80.2070236206,74807,74817,10
12.9652996063,80.2066421509,74817,74827,10
12.9653100967,80.2062072754,74827,74838,11
12.965379715,80.205581665,74838,74848,10
12.9654798508,80.2050018311,74848,74858,10
12.9655199051,80.2046966553,74858,74868,10
12.9655504227,80.204460144,74868,74878,10
12.9656496048,80.2039794922,74878,74888,10
12.9657402039,80.2033462524,74888,74898,10
12.965760231,80.2023925781,74898,74908,10
12.9656000137,80.201789856,74908,74918,10
12.965259552,80.2013778687,74918,74928,10
12.9653701782,80.2007980347,74928,74939,11
12.9654397964,80.2004928589,74939,74949,10
12.9654598236,80.2003707886,74949,74959,10
12.9652500153,80.2001495361,74959,74969,10
12.9648799896,80.1998977661,74969,74979,10
12.9647798538,80.1993865967,74979,74989,10
12.964799881,80.198890686,74989,74999,10
12.9647598267,80.1981582642,74999,75009,10
12.9647598267,80.1974563599,75009,75019,10
12.9647703171,80.1969528198,75019,75029,10
12.9647703171,80.1963806152,75029,75050,21
12.9647703171,80.1963806152,75050,75060,10
12.9647502899,80.1961669922,75060,75070,10
12.9646396637,80.1959381104,75070,75080,10
12.9646997452,80.1954803467,75080,75090,10
12.9647197723,80.1948394775,75090,75100,10
12.9648799896,80.1941986084,75100,75110,10
12.9649896622,80.1936264038,75110,75120,10
12.9650402069,80.1929473877,75120,75130,10
12.9651603699,80.1922912598,75130,75140,10
12.9653100967,80.1916503906,75140,75150,10
12.9653396606,80.1915206909,75150,75161,11
12.9654302597,80.1910629272,75161,75171,10
12.9655704498,80.1904373169,75171,75181,10
12.9657096863,80.189743042,75181,75191,10
12.9658603668,80.1889724731,75191,75211,20
12.9658603668,80.1889724731,75211,75221,10
12.9658498764,80.1887969971,75221,75231,10
12.9658699036,80.188621521,75231,75241,10
12.9656600952,80.1885375977,75241,75251,10
12.9652700424,80.188369751,75251,75262,11
12.9649400711,80.1882400513,75262,75272,10
12.9646701813,80.1881484985,75272,75282,10
12.9642095566,80.18800354,75282,75292,10
12.9636096954,80.187789917,75292,75302,10
12.9629497528,80.1876373291,75302,75312,10
12.9623498917,80.1875305176,75312,75322,10
12.9617900848,80.1874084473,75322,75332,10
12.9612998962,80.1873474121,75332,75342,10
12.9607601166,80.1872711182,75342,75352,10
12.9607095718,80.1872711182,75352,75362,10
12.9605998993,80.1872787476,75362,75373,11
12.9601898193,80.1872024536,75373,75383,10
12.9597101212,80.1871414185,75383,75393,10
12.9590902328,80.1870803833,75393,75403,10
12.9583797455,80.1870574951,75403,75413,10
12.9578800201,80.1870727539,75413,75423,10
12.9572496414,80.1870574951,75423,75433,10
12.9565401077,80.1870117188,75433,75443,10
12.9558696747,80.1869888306,75443,75480,37
12.9558696747,80.1869888306,75480,75491,11
12.9556903839,80.1869812012,75491,75501,10
12.9555196762,80.1868667603,75501,75511,10
12.9555301666,80.1867370605,75511,75522,11
12.9555702209,80.1865997314,75522,75531,9
12.9556102753,80.186416626,75531,75543,12
12.9556903839,80.1859817505,75543,75573,30
12.9556903839,80.1859817505,75573,75583,10
12.955739975,80.1857070923,75583,75594,11
12.9559202194,80.1855010986,75594,75604,10
12.9560003281,80.1857376099,75604,75614,10
12.9560203552,80.1860427856,75614,75637,23
12.9559898376,80.1865005493,75637,75649,12
12.9559602737,80.1868209839,75649,75669,20
12.9559602737,80.1868209839,75669,75679,10
12.9560203552,80.1869277954,75679,75689,10
12.9563903809,80.1869812012,75689,75700,11
12.9569396973,80.1870269775,75700,75710,10
12.9575595856,80.1870498657,75710,75720,10
12.9581899643,80.1870422363,75720,75730,10
12.9588403702,80.1870498657,75730,75740,10
12.9594202042,80.1870803833,75740,75750,10
12.959980011,80.1871414185,75750,75760,10
12.9605197906,80.1872024536,75760,75770,10
12.9610099792,80.1872787476,75770,75780,10
12.9614601135,80.1873474121,75780,75790,10
12.9615497589,80.1873779297,75790,75800,10
12.9618501663,80.1874237061,75800,75811,11
12.962439537,80.187538147,75811,75821,10
12.9630899429,80.1876373291,75821,75831,10
12.9637298584,80.1878204346,75831,75841,10
12.9642696381,80.18800354,75841,75851,10
12.9648599625,80.1882019043,75851,75861,10
12.9654102325,80.1884307861,75861,75881,20
12.9654102325,80.1884307861,75881,75891,10
12.9655704498,80.1885070801,75891,75901,10
12.9658403397,80.1885986328,75901,75911,10
12.965880394,80.1886672974,75911,75922,11
12.9658002853,80.1890335083,75922,75932,10
12.9656600952,80.1897506714,75932,75942,10
12.9654903412,80.1906433105,75942,75952,10
12.9653100967,80.1914291382,75952,75962,10
12.9652795792,80.1916427612,75962,75972,10
12.9652099609,80.19190979,75972,75982,10
12.9651002884,80.1924285889,75982,75992,10
12.9650201797,80.1926422119,75992,76002,10
12.9650096893,80.1931228638,76002,76012,10
12.9649295807,80.1937408447,76012,76023,11
12.9647598267,80.1944732666,76023,76033,10
12.9646997452,80.1948776245,76033,76043,10
12.9646596909,80.1955108643,76043,76053,10
12.9645795822,80.1959915161,76053,76063,10
12.9647197723,80.1962585449,76063,76073,10
12.9647397995,80.196647644,76073,76083,10
12.9647302628,80.1970825195,76083,76093,10
12.9647197723,80.1971893311,76093,76103,10
12.9646997452,80.1976623535,76103,76113,10
12.9647197723,80.1982727051,76113,76123,10
12.9647102356,80.1990280151,76123,76134,11
12.9648799896,80.1996765137,76134,76144,10
12.9650497437,80.2001037598,76144,76154,10
12.9654397964,80.2002563477,76154,76164,10
12.9653997421,80.2007522583,76164,76174,10
12.9653196335,80.2012329102,76174,76184,10
12.9652996063,80.2013092041,76184,76194,10
12.9652795792,80.2016830444,76194,76204,10
12.9656801224,80.2018585205,76204,76214,10
12.9657001495,80.2024993896,76214,76224,10
12.9657001495,80.2032699585,76224,76234,10
12.9656400681,80.2038574219,76234,76245,11
12.9655599594,80.2043991089,76245,76255,10
12.9654998779,80.2046279907,76255,76265,10
12.965470314,80.2047805786,76265,76275,10
12.9654102325,80.2052001953,76275,76285,10
12.9652795792,80.2058029175,76285,76295,10
12.9652500153,80.2063674927,76295,76305,10
12.9651899338,80.2069091797,76305,76315,10
12.9651603699,80.2071228027,76315,76325,10
12.9651403427,80.20728302,76325,76335,10
12.9650697708,80.2076263428,76335,76346,11
12.9649896622,80.2080383301,76346,76356,10
12.9649000168,80.2085189819,76356,76365,9
12.9648303986,80.2089691162,76365,76376,11
12.9647397995,80.2095718384,76376,76386,10
12.9646902084,80.2101593018,76386,76396,10
12.9645004272,80.2113800049,76396,76416,20
12.9645004272,80.2113800049,76416,76426,10
12.9644298553,80.211479187,76426,76436,10
12.9643001556,80.2117767334,76436,76446,10
12.9642295837,80.2121276855,76446,76457,11
12.9641103745,80.2127304077,76457,76467,10
12.9640197754,80.2130737305,76467,76477,10
12.9639902115,80.2133712769,76477,76487,10
12.9638900757,80.2137298584,76487,76497,10
12.9638299942,80.2141189575,76497,76507,10
12.9637804031,80.2145080566,76507,76517,10
12.9637203217,80.2148971558,76517,76527,10
12.963640213,80.2153625488,76527,76537,10
12.9635400772,80.2157897949,76537,76547,10
12.9636697769,80.2160415649,76547,76557,10
12.9640102386,80.216178894,76557,76568,11
12.9643096924,80.2163314819,76568,76578,10
12.9650096893,80.2166290283,76578,76588,10
12.9657802582,80.2169265747,76588,76598,10
12.9665203094,80.2172164917,76598,76608,10
12.9671897888,80.2174835205,76608,76618,10
12.9676904678,80.2176971436,76618,76628,10
12.9681196213,80.2178573608,76628,76638,10
12.9687099457,80.2181091309,76638,76648,10
12.969619751,80.2184829712,76648,76658,10
12.9705400467,80.2188415527,76658,76669,11
12.9710102081,80.2189712524,76669,76679,10
12.9710798264,80.21900177,76679,76689,10
12.9715795517,80.2192306519,76689,76699,10
12.9723396301,80.219543457,76699,76709,10
12.9731197357,80.2198181152,76709,76719,10
12.9739398956,80.220161438,76719,76729,10
12.9747400284,80.2205200195,76729,76739,10
12.9751996994,80.2206878662,76739,76749,10
12.9755601883,80.220916748,76749,76759,10
12.9757003784,80.2210617065,76759,76769,10
12.975810051,80.2212219238,76769,76780,11
12.9761199951,80.2216873169,76780,76830,50
12.9761199951,80.2216873169,76830,76840,10
12.9762401581,80.2218170166,76840,76850,10
12.9764003754,80.2221221924,76850,76860,10
12.9767303467,80.222618103,76860,76870,10
12.9771003723,80.2232666016,76870,76881,11
12.9776000977,80.2240524292,76881,76891,10
12.9779996872,80.2246704102,76891,76901,10
12.9784603119,80.225440979,76901,76931,30
12.9784603119,80.225440979,76931,76941,10
12.9785804749,80.2256774902,76941,76951,10
12.978770256,80.2259674072,76951,76961,10
12.9789199829,80.2261581421,76961,77113,152
12.9789199829,80.2261581421,77113,77123,10
12.978969574,80.2263031006,77123,77133,10
12.9791297913,80.2265625,77133,77143,10
12.9793596268,80.2269363403,77143,77153,10
12.9796600342,80.2274017334,77153,77163,10
12.980099678,80.2281036377,77163,77173,10
12.9804296494,80.2286834717,77173,77183,10
12.9806404114,80.229133606,77183,77193,10
12.981010437,80.2297515869,77193,77203,10
12.9815702438,80.2305603027,77203,77224,21
12.9815702438,80.2305603027,77224,77234,10
12.9815702438,80.2306594849,77234,77244,10
12.9817495346,80.231048584,77244,77254,10
12.9819002151,80.231628418,77254,77264,10
12.9819402695,80.2321624756,77264,77274,10
12.9819402695,80.2324066162,77274,77284,10
12.9819202423,80.2326431274,77284,77294,10
12.9818601608,80.2329025269,77294,77304,10
12.9818401337,80.2329788208,77304,77315,11
12.9817495346,80.2332382202,77315,77325,10
12.9816102982,80.2335586548,77325,77345,20
12.9816102982,80.2335586548,77345,77355,10
12.9814796448,80.2338562012,77355,77367,12
12.9812498093,80.2343521118,77367,77378,11
12.9811897278,80.2350769043,77378,77388,10
12.9811897278,80.2358932495,77388,77398,10
12.9812297821,80.2368011475,77398,77408,10
12.9812402725,80.2376327515,77408,77418,10
12.9812602997,80.2386932373,77418,77439,21
12.9812602997,80.2386932373,77439,77449,10
12.9812402725,80.2388534546,77449,77459,10
12.9812498093,80.2393264771,77459,77469,10
12.9812602997,80.2396774292,77469,77479,10
12.9812602997,80.2401580811,77479,77489,10
12.9812602997,80.2407989502,77489,77499,10
12.9812602997,80.2415084839,77499,77509,10
12.9812803268,80.2421188354,77509,77519,10
12.9812898636,80.242729187,77519,77530,11
12.9812898636,80.2428512573,77530,77540,10
12.9812898636,80.2429580688,77540,77550,10
12.981300354,80.2432022095,77550,77560,10
12.981300354,80.2436294556,77560,77570,10
12.9812202454,80.244178772,77570,77580,10
12.9811000824,80.245010376,77580,77590,10
12.9809999466,80.2459869385,77590,77600,10
12.9808797836,80.2471389771,77600,77610,10
12.9807701111,80.2483978271,77610,77620,10
12.9806604385,80.2496337891,77620,77630,10
12.9804401398,80.2507171631,77630,77641,11
12.9800701141,80.252281189,77641,77661,20
12.9800701141,80.252281189,77661,77671,10
12.9800395966,80.2523422241,77671,77681,10
12.9800796509,80.2525787354,77681,77691,10
12.9804201126,80.2527008057,77691,77701,10
12.9811096191,80.2526779175,77701,77711,10
12.9820804596,80.2526397705,77711,77721,10
12.9831199646,80.252571106,77721,77731,10
12.9841804504,80.2523117065,77731,77741,10
12.9850997925,80.2520370483,77741,77752,11
12.9860496521,80.2517623901,77752,77832,80
12.9860496521,80.2517623901,77832,77842,10
12.9862604141,80.2517471313,77842,77852,10
12.9865999222,80.251663208,77852,77863,11
12.9870300293,80.2515411377,77863,77953,90
12.9870300293,80.2515411377,77953,77964,11
12.9871397018,80.2515182495,77964,77974,10
12.9874296188,80.2514266968,77974,77984,10
12.9877796173,80.251411438,77984,77994,10
12.9879598618,80.2518692017,77994,78004,10
12.9879999161,80.2523269653,78004,78024,20
12.9879999161,80.2523269653,78024,78034,10
12.9879398346,80.2527923584,78034,78044,10
12.987859726,80.253616333,78044,78054,10
12.9877796173,80.2544403076,78054,78064,10
12.9876499176,80.255569458,78064,78125,61
12.9876499176,80.255569458,78125,78135,10
12.9876499176,80.2555465698,78135,78145,10
12.9876203537,80.2558364868,78145,78155,10
12.9875402451,80.2563171387,78155,78165,10
12.9874601364,80.2571487427,78165,78175,10
12.9874000549,80.2578582764,78175,78186,11
12.9873504639,80.2587280273,78186,78196,10
12.9872102737,80.2595214844,78196,78226,30
12.9872102737,80.2595214844,78226,78236,10
12.9871101379,80.2596817017,78236,78246,10
12.9870796204,80.2596664429,78246,78256,10
12.9868402481,80.2596435547,78256,78287,31
12.9867801666,80.2594299316,78287,80071,1784
12.9868803024,80.2591781616,80071,80586,515
12.9868497849,80.2591781616,80586,81716,1130
12.9867696762,80.2592086792,81716,82554,838
12.9868202209,80.259262085,82554,83220,666
12.9868497849,80.2593765259,83220,84239,1019
12.9867401123,80.2591400146,84239,86319,2080
12.9867401123,80.2591400146,86319,86329,10
