13.0760498047,80.275390625,13,3638,3625
13.076089859,80.2751922607,3638,7647,4009
13.0760297775,80.2752914429,7647,8525,878
13.0760602951,80.2752304077,8525,13746,5221
13.0759897232,80.2754211426,13746,16664,2918
13.0760402679,80.2752227783,16664,21844,5180
13.0760402679,80.2752227783,21844,21854,10
13.0760202408,80.2752838135,21854,21864,10
13.0760002136,80.2758102417,21864,22006,142
13.0760002136,80.2758102417,22006,22016,10
13.0760498047,80.2759170532,22016,22026,10
13.0760002136,80.2761230469,22026,22036,10
13.0760002136,80.2762832642,22036,22046,10
13.0763702393,80.2762908936,22046,22056,10
13.0769901276,80.2762374878,22056,22066,10
13.0776901245,80.2761917114,22066,22076,10
13.078209877,80.2758636475,22076,22087,11
13.0785198212,80.2752304077,22087,22097,10
13.0791397095,80.2751617432,22097,22107,10
13.0798997879,80.2752838135,22107,22117,10
13.0807504654,80.2751998901,22117,22127,10
13.0815000534,80.275138855,22127,22137,10
13.0818195343,80.2752304077,22137,22147,10
13.0819597244,80.2752914429,22147,22157,10
13.081990242,80.2754516602,22157,22167,10
13.0819997787,80.2755813599,22167,22176,9
13.0820398331,80.2758026123,22176,22188,12
13.081870079,80.2761535645,22188,22198,10
13.0819501877,80.2767562866,22198,22208,10
13.0820398331,80.2776184082,22208,22218,10
13.0821304321,80.2784881592,22218,22228,10
13.0821895599,80.2793731689,22228,22238,10
13.0822896957,80.2804107666,22238,22248,10
13.0823698044,80.2814788818,22248,22258,10
13.0825195313,80.2818603516,22258,22268,10
13.0831298828,80.2822113037,22268,22278,10
13.0838804245,80.282699585,22278,22289,11
13.0846204758,80.2832183838,22289,22299,10
13.0851802826,80.2838363647,22299,22309,10
13.0856399536,80.2835998535,22309,22319,10
13.0861797333,80.2835769653,22319,22329,10
13.0865297318,80.2837905884,22329,22339,10
13.0870304108,80.2839431763,22339,22349,10
13.0874595642,80.2839431763,22349,22359,10
13.0880002975,80.2839126587,22359,22612,253
13.0881004333,80.2835617065,22612,22632,20
13.0881004333,80.2835617065,22632,22642,10
13.0882701874,80.2832336426,22642,22652,10
13.0882797241,80.2827911377,22652,22662,10
13.0882701874,80.2822799683,22662,22672,10
13.0881204605,80.2817687988,22672,22682,10
13.088139534,80.2814331055,22682,22692,10
13.0885400772,80.2815628052,22692,22703,11
13.0884799957,80.2821426392,22703,22713,10
13.0883998871,80.2826385498,22713,22723,10
13.0883703232,80.282951355,22723,22733,10
13.0883903503,80.2834320068,22733,22743,10
13.0883903503,80.2834472656,22743,22753,10
13.0884103775,80.2835922241,22753,22763,10
13.0884199142,80.2836380005,22763,22773,10
13.0884399414,80.2841415405,22773,22783,10
13.0884799957,80.2849884033,22783,22793,10
13.0885295868,80.2857589722,22793,22804,11
13.0885601044,80.2863922119,22804,22814,10
13.0885801315,80.2867202759,22814,22824,10
13.0886297226,80.2873382568,22824,22834,10
13.0886697769,80.287612915,22834,22844,10
13.0887098312,80.2882003784,22844,22854,10
13.0887498856,80.2886123657,22854,22864,10
13.0887899399,80.2890777588,22864,22874,10
13.0888500214,80.2899169922,22874,22884,10
13.088809967,80.290397644,22884,22894,10
13.0885601044,80.2903823853,22894,22905,11
13.0881004333,80.2901535034,22905,22915,10
13.0873203278,80.2897872925,22915,22925,10
13.0862703323,80.2894515991,22925,22935,10
13.0850000381,80.2891693115,22935,22945,10
13.0838699341,80.2891998291,22945,22955,10
13.0829296112,80.2891693115,22955,22965,10
13.0818300247,80.2887496948,22965,22975,10
13.0807504654,80.2883911133,22975,22985,10
13.0796098709,80.2881088257,22985,22995,10
13.0784196854,80.2876586914,22995,23006,11
13.0769901276,80.2873001099,23006,23016,10
13.0756998062,80.2869262695,23016,23026,10
13.0746002197,80.2863006592,23026,23036,10
13.073340416,80.2859268188,23036,23046,10
13.0721197128,80.2853469849,23046,23056,10
13.0707798004,80.2850112915,23056,23066,10
13.0694198608,80.2846908569,23066,23076,10
13.0680704117,80.2843780518,23076,23086,10
13.0666904449,80.2841186523,23086,23096,10
13.0653295517,80.2837982178,23096,23107,11
13.0642299652,80.2835388184,23107,23117,10
13.0635004044,80.2833404541,23117,23127,10
13.0627498627,80.2831802368,23127,23137,10
13.0625095367,80.2831420898,23137,23147,10
13.0624198914,80.2831192017,23147,23157,10
13.0619001389,80.282989502,23157,23167,10
13.0610799789,80.2828063965,23167,23177,10
13.0599899292,80.2825775146,23177,23187,10
13.0587701797,80.2823410034,23187,23197,10
13.0578098297,80.2821578979,23197,23207,10
13.056889534,80.2819671631,23207,23218,11
13.0566997528,80.2819137573,23218,23228,10
13.0563001633,80.281829834,23228,23238,10
13.0555295944,80.2816467285,23238,23248,10
13.0544900894,80.2814407349,23248,23258,10
13.05327034,80.2812271118,23258,23268,10
13.0520000458,80.281036377,23268,23278,10
13.0507497787,80.2808609009,23278,23287,9
13.0496397018,80.2807006836,23287,23298,11
13.0482196808,80.2805023193,23298,23299,1
13.0480899811,80.2804794312,23299,23319,20
13.0454397202,80.2801132202,23319,23329,10
13.0444602966,80.2799835205,23329,23339,10
13.043510437,80.279838562,23339,23369,30
13.043510437,80.279838562,23369,23379,10
13.0434398651,80.2798309326,23379,23389,10
13.0429601669,80.2797164917,23389,23399,10
13.0421304703,80.2795410156,23399,23409,10
13.0410203934,80.2793426514,23409,23420,11
13.0397996902,80.2790603638,23420,23430,10
13.0390396118,80.2788772583,23430,23440,10
13.0389995575,80.2788696289,23440,23450,10
13.0388097763,80.2787475586,23450,23460,10
13.0383996964,80.2785873413,23460,23470,10
13.0376501083,80.2783813477,23470,23480,10
13.0367097855,80.2780838013,23480,23490,10
13.0358104706,80.2778320313,23490,23500,10
13.0349302292,80.2776489258,23500,23510,10
13.033949852,80.2774124146,23510,23521,11
13.0333404541,80.2774124146,23521,23531,10
13.0325298309,80.2774810791,23531,23541,10
13.0316896439,80.2775802612,23541,23551,10
13.0309495926,80.2772979736,23551,23561,10
13.03083992,80.2772521973,23561,23571,10
13.0303697586,80.2770004272,23571,23581,10
13.0296001434,80.2766799927,23581,23591,10
13.0286903381,80.2764434814,23591,23601,10
13.0276899338,80.2760009766,23601,23611,10
13.0266895294,80.2756118774,23611,23622,11
13.0259304047,80.2752532959,23622,23632,10
13.0258598328,80.2751922607,23632,23642,10
13.0254201889,80.2749786377,23642,23652,10
13.0246601105,80.2746429443,23652,23662,10
13.0241498947,80.2741470337,23662,23682,20
13.0241498947,80.2741470337,23682,23692,10
13.0239095688,80.2737808228,23692,23702,10
13.0235004425,80.2732086182,23702,23712,10
13.0229301453,80.2724380493,23712,23723,11
13.0221004486,80.2713470459,23723,23733,10
13.0207796097,80.2697982788,23733,23753,20
13.0207796097,80.2697982788,23753,23763,10
13.0204896927,80.2694702148,23763,23773,10
13.0200595856,80.2688827515,23773,23783,10
13.0194101334,80.268081665,23783,23793,10
13.0187196732,80.2670516968,23793,23803,10
13.0186100006,80.2660217285,23803,23813,10
13.0187501907,80.2653503418,23813,23824,11
13.0190401077,80.2642822266,23824,23834,10
13.0189800262,80.2634963989,23834,23844,10
13.0189304352,80.2630004883,23844,23854,10
13.0188598633,80.2621536255,23854,23864,10
13.0187196732,80.2613525391,23864,23874,10
13.0182304382,80.2610015869,23874,23884,10
13.0174598694,80.2604980469,23884,23894,10
13.0164604187,80.2598571777,23894,23904,10
13.0152702332,80.2593688965,23904,23914,10
13.013999939,80.2592697144,23914,23924,10
13.0126695633,80.2592315674,23924,23935,11
13.0111703873,80.2591781616,23935,23945,10
13.0097703934,80.2592163086,23945,23955,10
13.0088195801,80.2592163086,23955,23965,10
13.008480072,80.2592086792,23965,23975,10
13.0077695847,80.2593307495,23975,23985,10
13.0072698593,80.2588882446,23985,23995,10
13.0070800781,80.2585372925,23995,24005,10
13.0069198608,80.2582626343,24005,24015,10
13.006480217,80.2576828003,24015,24025,10
13.0055398941,80.2573623657,24025,24036,11
13.0043897629,80.2570800781,24036,24046,10
13.0033903122,80.2568817139,24046,24056,10
13.0024700165,80.2566986084,24056,24066,10
13.0016803741,80.2565765381,24066,24076,10
13.0011196136,80.2565002441,24076,24086,10
13.0004396439,80.2563781738,24086,24096,10
12.9996299744,80.2562332153,24096,24106,10
12.9986600876,80.2560806274,24106,24125,19
12.9986600876,80.2560806274,24125,24137,12
12.9985103607,80.256072998,24137,24147,10
12.998290062,80.2560195923,24147,24157,10
12.9982404709,80.2559967041,24157,24167,10
12.9978599548,80.2559280396,24167,24177,10
12.9975299835,80.2559280396,24177,24187,10
12.9970703125,80.2559432983,24187,24197,10
12.9966201782,80.2559204102,24197,24207,10
12.9961500168,80.2559127808,24207,24217,10
12.9956502914,80.255897522,24217,24227,10
12.9951200485,80.2559127808,24227,24238,11
12.9943799973,80.2559509277,24238,24248,10
12.9935703278,80.2560272217,24248,24258,10
12.9925498962,80.2561035156,24258,24268,10
12.9916200638,80.2560882568,24268,24278,10
12.9909000397,80.2560577393,24278,24288,10
12.9901399612,80.2560424805,24288,24298,10
12.989279747,80.2559967041,24298,24308,10
12.9885196686,80.2559204102,24308,24318,10
12.9877901077,80.2558288574,24318,24419,101
12.9877901077,80.2558288574,24419,24429,10
12.9876003265,80.2557601929,24429,24440,11
12.9869499207,80.2556381226,24440,24450,10
12.9860601425,80.2554931641,24450,24470,20
12.9860601425,80.2554931641,24470,24480,10
12.9857797623,80.2554092407,24480,24490,10
12.9851703644,80.255279541,24490,24500,10
12.9843196869,80.2550811768,24500,24510,10
12.9833297729,80.2548217773,24510,24520,10
12.9823799133,80.2545471191,24520,24530,10
12.9818601608,80.2536468506,24530,24541,11
12.9812803268,80.2527923584,24541,24551,10
12.9801702499,80.252746582,24551,24561,10
12.9790201187,80.2526626587,24561,24571,10
12.9786996841,80.2526168823,24571,24581,10
12.9784603119,80.2524719238,24581,24591,10
12.9778995514,80.2520217896,24591,24601,10
12.9770402908,80.2514190674,24601,24611,10
12.9758501053,80.2510528564,24611,24621,10
12.9745903015,80.2506866455,24621,24631,10
12.973279953,80.2503128052,24631,24641,10
12.9719200134,80.2499389648,24641,24652,11
12.9703998566,80.24949646,24652,24662,10
12.9690504074,80.2489776611,24662,24672,10
12.9677696228,80.2484817505,24672,24682,10
12.9666900635,80.2480010986,24682,24692,10
12.9657201767,80.2475891113,24692,24702,10
12.9652004242,80.2474136353,24702,24712,10
12.9652099609,80.2473983765,24712,24722,10
12.9648199081,80.2472610474,24722,24732,10
12.9641103745,80.2469863892,24732,24742,10
12.9631996155,80.2465896606,24742,24753,11
12.9619998932,80.2460021973,24753,24763,10
12.9608097076,80.2454376221,24763,24773,10
12.9597101212,80.2449798584,24773,24783,10
12.9595098495,80.2448883057,24783,24793,10
12.9592695236,80.2447280884,24793,24803,10
12.9586296082,80.2444534302,24803,24813,10
12.9578800201,80.2441635132,24813,24823,10
12.9571895599,80.243927002,24823,24833,10
12.9564695358,80.2437362671,24833,24842,9
12.956410408,80.2437210083,24842,24854,12
12.9559001923,80.2434616089,24854,24864,10
12.9551401138,80.243057251,24864,24874,10
12.9542198181,80.2426605225,24874,24884,10
12.9531297684,80.2421875,24884,24894,10
12.9520998001,80.2418289185,24894,24904,10
12.9518604279,80.2417373657,24904,24914,10
12.9518299103,80.2417068481,24914,24924,10
12.9513902664,80.2415618896,24924,24934,10
12.9505901337,80.2412872314,24934,24944,10
12.9494800568,80.2409667969,24944,24955,11
12.9483995438,80.2405395508,24955,24965,10
12.9478902817,80.2403411865,24965,24975,10
12.9473800659,80.2401504517,24975,24985,10
12.9472398758,80.2400894165,24985,24995,10
12.946680069,80.2398605347,24995,25005,10
12.9458799362,80.2395172119,25005,25015,10
12.9450702667,80.2389678955,25015,25025,10
12.9442396164,80.2381134033,25025,25035,10
12.9433498383,80.237159729,25035,25045,10
12.9422101974,80.2364501953,25045,25056,11
12.9408798218,80.2361068726,25056,25066,10
12.9400901794,80.2359237671,25066,25076,10
12.9400100708,80.2358703613,25076,25086,10
12.9395599365,80.2357025146,25086,25096,10
12.9388103485,80.2353210449,25096,25106,10
12.9378795624,80.2348480225,25106,25116,10
12.9368495941,80.2343597412,25116,25126,10
12.9359302521,80.2339401245,25126,25136,10
12.9356498718,80.2341308594,25136,25146,10
12.9356002808,80.2342987061,25146,25157,11
12.9352798462,80.2351303101,25157,25268,111
12.9352798462,80.2351303101,25268,25278,10
12.9352502823,80.2352981567,25278,25288,10
12.9351902008,80.2354507446,25288,25298,10
12.934969902,80.2354278564,25298,25308,10
12.9345798492,80.2352600098,25308,25318,10
12.9340200424,80.2350234985,25318,25328,10
12.9337797165,80.2354202271,25328,25338,10
12.9336004257,80.2361068726,25338,25347,9
12.933380127,80.2361984253,25347,25358,11
12.9332504272,80.2361679077,25358,25369,11
12.9329900742,80.2361907959,25369,25379,10
12.9329395294,80.2366027832,25379,25389,10
12.9327497482,80.2372131348,25389,25399,10
12.9326601028,80.2375030518,25399,25409,10
12.932390213,80.2381668091,25409,25419,10
12.9322395325,80.2385482788,25419,25429,10
12.9318304062,80.2387313843,25429,25438,9
12.9311599731,80.2385101318,25438,25459,21
12.9311599731,80.2385101318,25459,25470,11
12.9310798645,80.2384872437,25470,25480,10
12.9306697845,80.2383499146,25480,25490,10
12.9299697876,80.238067627,25490,25500,10
12.9295797348,80.2381362915,25500,25510,10
12.929479599,80.2384490967,25510,25520,10
12.9293298721,80.2389373779,25520,25530,10
12.9290599823,80.2390136719,25530,25540,10
12.9283599854,80.2388381958,25540,25560,20
12.9283599854,80.2388381958,25560,25571,11
12.928319931,80.2388305664,25571,25581,10
12.9279003143,80.2387237549,25581,25591,10
12.9272603989,80.2385635376,25591,25601,10
12.926440239,80.2383575439,25601,25611,10
12.9255895615,80.2381286621,25611,25621,10
12.9257802963,80.2382507324,25621,25651,30
12.9257802963,80.2382507324,25651,25661,10
12.9258699417,80.2382125854,25661,25672,11
12.9261903763,80.23828125,25672,25682,10
12.9268198013,80.2384490967,25682,25692,10
12.9282398224,80.2388000488,25692,25712,20
12.9282398224,80.2388000488,25712,25722,10
12.9282999039,80.2388076782,25722,25732,10
12.9286603928,80.238899231,25732,25742,10
12.9292201996,80.2390365601,25742,25752,10
12.9293899536,80.238822937,25752,25762,10
12.9295101166,80.2383728027,25762,25773,11
12.9296302795,80.2380065918,25773,25783,10
12.9299898148,80.2380523682,25783,25793,10
12.9306097031,80.2382965088,25793,25803,10
12.9312696457,80.2385177612,25803,25843,40
12.9312696457,80.2385177612,25843,25853,10
12.931599617,80.2386398315,25853,25863,10
12.9321203232,80.2387313843,25863,25873,10
12.9322795868,80.2384109497,25873,25884,11
12.9323997498,80.2380371094,25884,25894,10
12.9326400757,80.2374725342,25894,25904,10
12.9327497482,80.237159729,25904,25914,10
12.9328804016,80.2368621826,25914,25924,10
12.9329795837,80.2363586426,25924,25934,10
12.9332704544,80.2361602783,25934,25964,30
12.9332704544,80.2361602783,25964,25974,10
12.9335899353,80.2361068726,25974,25985,11
12.9337100983,80.2356109619,25985,25995,10
12.9338798523,80.2350387573,25995,26005,10
12.9342603683,80.2351379395,26005,26015,10
12.9348497391,80.2353897095,26015,26025,10
12.9350700378,80.2354812622,26025,26035,10
12.9351701736,80.2352905273,26035,26045,10
12.9352397919,80.2350463867,26045,26247,202
12.9352397919,80.2350463867,26247,26257,10
12.9354000092,80.2348022461,26257,26267,10
12.9356002808,80.2342834473,26267,26277,10
12.9357700348,80.23387146,26277,26298,21
12.9357700348,80.23387146,26298,26308,10
12.9360399246,80.2338104248,26308,26318,10
12.9365797043,80.2340774536,26318,26328,10
12.9372901917,80.2344207764,26328,26338,10
12.938170433,80.2348632813,26338,26348,10
12.9397802353,80.2356414795,26348,26378,30
12.9397802353,80.2356414795,26378,26388,10
12.9401397705,80.2357788086,26388,26399,11
12.9408397675,80.2359924316,26399,26409,10
12.9416599274,80.2362136841,26409,26419,10
12.9426498413,80.2365036011,26419,26429,10
12.9435596466,80.2371673584,26429,26439,10
12.9442396164,80.2379226685,26439,26449,10
12.9450397491,80.238822937,26449,26459,10
12.9461097717,80.2395095825,26459,26469,10
12.9471902847,80.2399368286,26469,26479,10
12.9473896027,80.240020752,26479,26489,10
12.9476203918,80.2401199341,26489,26500,11
12.9482498169,80.2403869629,26500,26510,10
12.9487304688,80.240562439,26510,26520,10
12.9488296509,80.2405929565,26520,26530,10
12.9492197037,80.240737915,26530,26540,10
12.9498701096,80.2409591675,26540,26550,10
12.9506998062,80.2412185669,26550,26560,10
12.9511995316,80.2413635254,26560,26570,10
12.9512395859,80.2413864136,26570,26580,10
12.9516296387,80.2415466309,26580,26590,10
12.9523000717,80.2417831421,26590,26601,11
12.9532203674,80.2421264648,26601,26611,10
12.9542198181,80.2425537109,26611,26621,10
12.955039978,80.2428588867,26621,26631,10
12.9557199478,80.2431335449,26631,26641,10
12.9563503265,80.2433395386,26641,26651,10
12.9566202164,80.2434387207,26651,26661,10
12.9572000504,80.2437210083,26661,26671,10
12.9579896927,80.2440719604,26671,26680,9
12.9588003159,80.2443466187,26680,26691,11
12.9589996338,80.2444534302,26691,26702,11
12.9592695236,80.2445983887,26702,26712,10
12.9598503113,80.2448806763,26712,26722,10
12.9606103897,80.2452392578,26722,26732,10
12.9615802765,80.2456893921,26732,26742,10
12.9626598358,80.2462310791,26742,26752,10
12.9638004303,80.2467880249,26752,26762,10
12.9650001526,80.2472381592,26762,26772,10
12.9661102295,80.2476119995,26772,26782,10
12.9666996002,80.2478179932,26782,26791,9
12.9667196274,80.247833252,26791,26803,12
12.9668598175,80.2479324341,26803,26813,10
12.9673500061,80.2481765747,26813,26823,10
12.9680995941,80.2485122681,26823,26833,10
12.9690504074,80.2488937378,26833,26843,10
12.9701404572,80.2493362427,26843,26853,10
12.9713401794,80.2497406006,26853,26863,10
12.9725799561,80.2500610352,26863,26873,10
12.9738502502,80.2503967285,26873,26883,10
12.9751396179,80.2507705688,26883,26893,10
12.9764204025,80.2511367798,26893,26904,11
12.9777202606,80.2517318726,26904,26913,9
12.9784698486,80.252281189,26913,26923,10
12.9786596298,80.2523880005,26923,26934,11
12.9787597656,80.2524414063,26934,26944,10
12.9792499542,80.2526016235,26944,26954,10
12.9800395966,80.2526397705,26954,26964,10
12.9810600281,80.2526321411,26964,26974,10
12.9822597504,80.2526016235,26974,26984,10
12.9835100174,80.2525024414,26984,26994,10
12.9846601486,80.2521972656,26994,27005,11
12.9859695435,80.2518234253,27005,27015,10
12.9870901108,80.2515487671,27015,27025,10
12.987660408,80.2513809204,27025,27146,121
12.987660408,80.2513809204,27146,27156,10
12.9878101349,80.2514419556,27156,27166,10
12.9879703522,80.2517700195,27166,27176,10
12.9880399704,80.2524414063,27176,27186,10
12.9879598618,80.25340271,27186,27196,10
12.9878702164,80.2544784546,27196,27205,9
12.9877595901,80.2557220459,27205,27267,62
12.9877595901,80.2557220459,27267,27277,10
12.9881095886,80.2558517456,27277,27297,20
12.9881095886,80.2558517456,27297,27307,10
12.9884395599,80.2558822632,27307,27318,11
12.988530159,80.2558822632,27318,27328,10
12.9887504578,80.2558898926,27328,27338,10
12.9892902374,80.2559509277,27338,27348,10
12.9898900986,80.2560119629,27348,27358,10
12.9903402328,80.2559890747,27358,27368,10
12.9908399582,80.2560195923,27368,27378,10
12.9914398193,80.2560501099,27378,27388,10
12.992099762,80.2560577393,27388,27398,10
12.9929199219,80.2560424805,27398,27407,9
12.993689537,80.2559890747,27407,27419,12
12.9947299957,80.2559127808,27419,27429,10
12.9955396652,80.2558822632,27429,27439,10
12.9967002869,80.2558670044,27439,27479,40
12.9967002869,80.2558670044,27479,27489,10
12.9968996048,80.2558822632,27489,27499,10
12.9972801208,80.2558822632,27499,27509,10
12.9977798462,80.2559127808,27509,27520,11
12.9985303879,80.2559890747,27520,27530,10
12.9992198944,80.2560577393,27530,27550,20
12.9992198944,80.2560577393,27550,27560,10
12.9994401932,80.2561035156,27560,27570,10
12.9997196198,80.2561569214,27570,27580,10
13.0002298355,80.2562789917,27580,27590,10
13.0008602142,80.2564163208,27590,27600,10
13.0012702942,80.2564926147,27600,27610,10
13.0015802383,80.2565536499,27610,27620,10
13.0020198822,80.2566070557,27620,27631,11
13.0026702881,80.2567214966,27631,27641,10
13.0033597946,80.2568588257,27641,27651,10
13.0040998459,80.2570037842,27651,27661,10
13.0048398972,80.2571411133,27661,27671,10
13.0057001114,80.2573165894,27671,27681,10
13.0064401627,80.2574615479,27681,27691,10
13.0069599152,80.2579193115,27691,27701,10
13.0074501038,80.2585220337,27701,27711,10
13.0080900192,80.2588195801,27711,27721,10
13.0086898804,80.2590103149,27721,27732,11
13.0087404251,80.2590179443,27732,27742,10
13.0090103149,80.2590637207,27742,27752,10
13.0097198486,80.2590637207,27752,27762,10
13.0106697083,80.2590637207,27762,27772,10
13.0117502213,80.2590484619,27772,27782,10
13.0129499435,80.2591094971,27782,27792,10
13.0142498016,80.2591629028,27792,27802,10
13.015540123,80.2592697144,27802,27812,10
13.0163097382,80.2595825195,27812,27822,10
13.0163602829,80.2596206665,27822,27833,11
13.016409874,80.2596969604,27833,27843,10
13.0168199539,80.2600021362,27843,27853,10
13.017490387,80.2604522705,27853,27863,10
13.0183296204,80.2610168457,27863,27873,10
13.0191297531,80.2616500854,27873,27883,10
13.0198097229,80.262298584,27883,27893,10
13.0203399658,80.2629394531,27893,27903,10
13.019900322,80.2630081177,27903,27913,10
13.0192203522,80.2629928589,27913,27923,10
13.0190696716,80.2633132935,27923,27934,11
13.0191402435,80.2641525269,27934,27944,10
13.0189399719,80.2650985718,27944,27954,10
13.0188102722,80.2655487061,27954,27964,10
13.0186901093,80.2662277222,27964,27974,10
13.018819809,80.2670974731,27974,27984,10
13.0194597244,80.2680282593,27984,27994,10
13.0202598572,80.2690124512,27994,28004,10
13.0210399628,80.2699432373,28004,28014,10
13.0216903687,80.2707214355,28014,28023,9
13.0218601227,80.2708969116,28023,28035,12
13.0220298767,80.2711334229,28035,28045,10
13.0224504471,80.2716827393,28045,28054,9
13.0229301453,80.2723083496,28054,28065,11
13.0235795975,80.2732086182,28065,28075,10
13.0239400864,80.27368927,28075,28115,40
13.0239400864,80.27368927,28115,28125,10
13.0239095688,80.2736816406,28125,28136,11
13.024189949,80.2740783691,28136,28146,10
13.0247602463,80.2746429443,28146,28156,10
13.0253896713,80.2749023438,28156,28166,10
13.0254201889,80.2749099731,28166,28176,10
13.0255899429,80.2749862671,28176,28186,10
13.0260000229,80.2751922607,28186,28196,10
13.0265903473,80.2754821777,28196,28206,10
13.0272502899,80.2757873535,28206,28216,10
13.0279798508,80.2761230469,28216,28226,10
13.0287704468,80.2764434814,28226,28237,11
13.0295801163,80.2766876221,28237,28247,10
13.0301704407,80.2768707275,28247,28257,10
13.03083992,80.2772064209,28257,28267,10
13.0316095352,80.2775726318,28267,28277,10
13.032409668,80.2774963379,28277,28287,10
13.0327196121,80.2774887085,28287,28297,10
13.0328397751,80.2775115967,28297,28307,10
13.0331602097,80.2774734497,28307,28337,30
13.0331602097,80.2774734497,28337,28348,11
13.0335702896,80.2773666382,28348,28358,10
13.034119606,80.2774734497,28358,28368,10
13.0348596573,80.2776412964,28368,28378,10
13.0354204178,80.2777328491,28378,28388,10
13.0358200073,80.2778167725,28388,28398,10
13.0365400314,80.2779769897,28398,28408,10
13.0373401642,80.2782821655,28408,28418,10
13.0383796692,80.2785491943,28418,28428,10
13.0389604568,80.2787094116,28428,28437,9
13.0389900208,80.2787322998,28437,28449,12
13.0393800735,80.2788696289,28449,28459,10
13.0400295258,80.2790374756,28459,28469,10
13.0409297943,80.2792816162,28469,28479,10
13.042090416,80.2794723511,28479,28489,10
13.0430803299,80.2795181274,28489,28499,10
13.0437498093,80.2797164917,28499,28509,10
13.0444898605,80.2798995972,28509,28519,10
13.0453596115,80.2800216675,28519,28529,10
13.0458498001,80.2800827026,28529,28539,10
13.045920372,80.2800979614,28539,28550,11
13.0465297699,80.2801895142,28550,28560,10
13.0474004745,80.2803192139,28560,28570,10
13.0485296249,80.2804870605,28570,28580,10
13.0497598648,80.280670166,28580,28590,10
13.0510797501,80.2808609009,28590,28600,10
13.0524301529,80.2810668945,28600,28610,10
13.0537595749,80.2812728882,28610,28620,10
13.0551204681,80.2815093994,28620,28630,10
13.0567302704,80.2818222046,28630,28651,21
13.0567302704,80.2818222046,28651,28661,10
13.0567703247,80.2818374634,28661,28671,10
13.0571603775,80.2819366455,28671,28681,10
13.0574302673,80.2819976807,28681,28691,10
13.0574903488,80.2820129395,28691,28701,10
13.0579996109,80.2821121216,28701,28711,10
13.058839798,80.2822875977,28711,28721,10
13.0599603653,80.2825164795,28721,28731,10
13.0612096786,80.2827911377,28731,28741,10
13.0625095367,80.2830810547,28741,28751,10
13.0638103485,80.2833709717,28751,28762,11
13.0653095245,80.2836914063,28762,28772,10
13.0667295456,80.2839889526,28772,28782,10
13.0680103302,80.2842102051,28782,28792,10
13.0692300797,80.2845230103,28792,28802,10
13.0705299377,80.2848510742,28802,28812,10
13.0718698502,80.2851791382,28812,28822,10
13.0732498169,80.2852783203,28822,28832,10
13.0741596222,80.2857818604,28832,28842,10
13.0750598907,80.2864990234,28842,28852,10
13.0761604309,80.2870407104,28852,28863,11
13.0775699615,80.287399292,28863,28873,10
13.0787401199,80.2876968384,28873,28883,10
13.0796604156,80.2880630493,28883,28893,10
13.0799503326,80.2881088257,28893,28903,10
13.0801000595,80.2881164551,28903,28913,10
13.0806903839,80.2882385254,28913,28923,10
13.0808601379,80.2882919312,28923,28933,10
13.0811100006,80.2883911133,28933,28943,10
13.0817804337,80.2886199951,28943,28953,10
13.0826997757,80.2890014648,28953,28964,11
13.0839195251,80.2891769409,28964,28974,10
13.0850801468,80.2891387939,28974,28984,10
13.0863103867,80.289390564,28984,28994,10
13.0874500275,80.2897415161,28994,29004,10
13.0885295868,80.2901306152,29004,29014,10
13.0888204575,80.2901611328,29014,29024,10
13.0887203217,80.2904434204,29024,29034,10
13.088060379,80.2901382446,29034,29044,10
13.0871095657,80.2897872925,29044,29054,10
13.0860004425,80.2895126343,29054,29065,11
13.0854797363,80.2889480591,29065,29075,10
13.0851402283,80.2880172729,29075,29085,10
13.0851802826,80.2867736816,29085,29095,10
13.0853099823,80.2853927612,29095,29105,10
13.085269928,80.2844696045,29105,29115,10
13.0852298737,80.2843322754,29115,29125,10
13.0853500366,80.2839508057,29125,29135,10
13.0854501724,80.2836380005,29135,29145,10
13.0858402252,80.2835388184,29145,29155,10
13.0862197876,80.2835464478,29155,29166,11
13.0865402222,80.2837677002,29166,29176,10
13.0869903564,80.2840194702,29176,29186,10
13.0875597,80.2839431763,29186,29196,10
13.0880098343,80.2839431763,29196,29206,10
13.088139534,80.2837905884,29206,29347,141
13.0882196426,80.283821106,29347,29509,162
13.088139534,80.2839508057,29509,30700,1191
13.088139534,80.2839508057,30700,30711,11
13.0881595612,80.2836227417,30711,30721,10
13.0882301331,80.2835006714,30721,30731,10
13.0883302689,80.2830429077,30731,30741,10
13.0882797241,80.282333374,30741,30751,10
13.0880699158,80.2815933228,30751,30761,10
13.0881996155,80.2814102173,30761,30771,10
13.0884504318,80.2814865112,30771,30781,10
13.0885696411,80.28175354,30781,30791,10
13.088470459,80.2822189331,30791,30801,10
13.0883798599,80.2826766968,30801,30811,10
13.088350296,80.2831420898,30811,30822,11
13.0883798599,80.2839126587,30822,30832,10
13.0884599686,80.2846832275,30832,30842,10
13.0885095596,80.2851409912,30842,30852,10
13.08852005,80.2856521606,30852,30862,10
13.0885400772,80.2862319946,30862,30872,10
13.0885400772,80.2864990234,30872,30882,10
13.088549614,80.2869720459,30882,30892,10
13.0886096954,80.2874832153,30892,30902,10
13.088640213,80.2877731323,30902,30912,10
13.0887002945,80.2883682251,30912,30923,11
13.0887098312,80.2887191772,30923,30933,10
13.0887899399,80.2892837524,30933,30943,10
13.0888204575,80.2894592285,30943,30953,10
13.0887899399,80.289680481,30953,30963,10
13.0888004303,80.2901992798,30963,31003,40
13.0888004303,80.2901992798,31003,31012,9
13.0886697769,80.2905502319,31012,31024,12
13.0884504318,80.2904891968,31024,31034,10
13.0879402161,80.2901687622,31034,31044,10
13.087220192,80.2897872925,31044,31054,10
13.086230278,80.2894592285,31054,31064,10
13.0851097107,80.2891998291,31064,31074,10
13.0839700699,80.2892227173,31074,31084,10
13.0830001831,80.2892227173,31084,31094,10
13.0819196701,80.288772583,31094,31104,10
13.0807304382,80.2883605957,31104,31114,10
13.0799999237,80.2882080078,31114,31125,11
13.0798196793,80.288192749,31125,31135,10
13.0792703629,80.2880706787,31135,31145,10
13.0785198212,80.287727356,31145,31155,10
13.0775003433,80.2874603271,31155,31165,10
13.0763397217,80.2871627808,31165,31175,10
13.0751600266,80.2866821289,31175,31185,10
13.0739898682,80.2860794067,31185,31195,10
13.0728397369,80.2856674194,31195,31205,10
13.07172966,80.2852401733,31205,31215,10
13.0705604553,80.2849578857,31215,31226,11
13.0692300797,80.28465271,31226,31236,10
13.0679798126,80.2843704224,31236,31246,10
13.0666704178,80.2841110229,31246,31256,10
13.065369606,80.2838134766,31256,31266,10
13.0640602112,80.2835235596,31266,31276,10
13.0625896454,80.2831726074,31276,31296,20
13.0625896454,80.2831726074,31296,31306,10
13.0625,80.2831420898,31306,31316,10
13.0621099472,80.2830581665,31316,31326,10
13.0614299774,80.2828979492,31326,31337,11
13.0604696274,80.2826919556,31337,31347,10
13.0593700409,80.2824783325,31347,31357,10
13.0581798553,80.2822189331,31357,31367,10
13.0571804047,80.2820205688,31367,31377,10
13.0567798615,80.2819519043,31377,31387,10
13.0566596985,80.2819213867,31387,31397,10
13.0562000275,80.2818069458,31397,31407,10
13.0555295944,80.2816696167,31407,31417,10
13.0546503067,80.2814788818,31417,31427,10
13.0536298752,80.2813034058,31427,31438,11
13.0525503159,80.2811431885,31438,31448,10
13.0515403748,80.28099823,31448,31458,10
13.0511598587,80.2809524536,31458,31468,10
13.0509395599,80.2809066772,31468,31478,10
13.0503396988,80.2808303833,31478,31488,10
13.049539566,80.280708313,31488,31498,10
13.0485496521,80.2805633545,31498,31508,10
13.0473899841,80.2803878784,31508,31518,10
13.0463399887,80.2802429199,31518,31528,10
13.0456199646,80.2801589966,31528,31549,21
13.0456199646,80.2801589966,31549,31559,10
13.0453500748,80.2801132202,31559,31569,10
13.044719696,80.2800216675,31569,31579,10
13.0434904099,80.279838562,31579,31609,30
13.0434904099,80.279838562,31609,31619,10
13.043390274,80.2798233032,31619,31629,10
13.0429296494,80.2797164917,31629,31640,11
13.0420598984,80.279548645,31640,31650,10
13.0410699844,80.2793731689,31650,31660,10
13.040019989,80.2791137695,31660,31670,10
13.0391597748,80.2788696289,31670,31680,10
13.0389699936,80.2788391113,31680,31690,10
13.0389299393,80.2788162231,31690,31700,10
13.0385503769,80.2786483765,31700,31710,10
13.0381298065,80.2785186768,31710,31720,10
13.0377597809,80.2784118652,31720,31730,10
13.0371398926,80.2782287598,31730,31740,10
13.0364198685,80.2779464722,31740,31751,11
13.0353899002,80.2777328491,31751,31761,10
13.0343904495,80.2775497437,31761,31771,10
13.0336799622,80.2773895264,31771,31781,10
13.0330600739,80.2774810791,31781,31791,10
13.0324802399,80.2774810791,31791,31801,10
13.0319004059,80.2775497437,31801,31811,10
13.0313997269,80.2775421143,31811,31821,10
13.0312099457,80.2774581909,31821,31831,10
13.0309295654,80.2773132324,31831,31841,10
13.0308799744,80.2772827148,31841,31852,11
13.0304603577,80.2770233154,31852,31862,10
13.0298595428,80.2767791748,31862,31872,10
13.0291795731,80.2765808105,31872,31882,10
13.0285701752,80.2763824463,31882,31892,10
13.027879715,80.2760620117,31892,31902,10
13.0272102356,80.2757797241,31902,31912,10
13.0265798569,80.2754898071,31912,31922,10
13.0259799957,80.2752609253,31922,31932,10
13.0259504318,80.2752532959,31932,31942,10
13.025850296,80.2752075195,31942,31953,11
13.0254402161,80.2750167847,31953,31963,10
13.0248003006,80.2747192383,31963,31973,10
13.0243196487,80.2743377686,31973,31983,10
13.0240297318,80.2740020752,31983,31993,10
13.023730278,80.2735824585,31993,32003,10
13.0233097076,80.2729873657,32003,32013,10
13.0227804184,80.272277832,32013,32023,10
13.0224895477,80.2718887329,32023,32033,10
13.022480011,80.2718887329,32033,32043,10
13.0224103928,80.2717971802,32043,32054,11
13.0223503113,80.2717132568,32054,32064,10
13.0222997665,80.2716064453,32064,32074,10
13.0221004486,80.2713623047,32074,32084,10
13.0218095779,80.2709884644,32084,32094,10
13.0214796066,80.2705688477,32094,32104,10
13.0212697983,80.2703170776,32104,32185,81
13.0212697983,80.2703170776,32185,32195,10
13.0212001801,80.2702331543,32195,32205,10
13.0211601257,80.2701797485,32205,32215,10
13.0210695267,80.2700881958,32215,32225,10
13.0209798813,80.2699890137,32225,32235,10
13.0208797455,80.2698974609,32235,32245,10
13.0208501816,80.269859314,32245,32255,10
13.0207195282,80.2696685791,32255,32266,11
13.0203399658,80.2691497803,32266,32276,10
13.0198402405,80.2685394287,32276,32286,10
13.0193004608,80.2678833008,32286,32296,10
13.0188598633,80.2673187256,32296,32306,10
13.018699646,80.2669067383,32306,32316,10
13.0186195374,80.2662582397,32316,32326,10
13.0186796188,80.2656707764,32326,32336,10
13.0188798904,80.2649383545,32336,32346,10
13.0190696716,80.2641601563,32346,32356,10
13.0190200806,80.263710022,32356,32367,11
13.0189800262,80.263381958,32367,32377,10
13.0188999176,80.2630310059,32377,32387,10
13.0188703537,80.2626571655,32387,32397,10
13.0188102722,80.2619628906,32397,32407,10
13.018699646,80.2613983154,32407,32417,10
13.0184402466,80.2611618042,32417,32427,10
13.0180501938,80.2609176636,32427,32437,10
13.0178804398,80.2607803345,32437,32447,10
13.0174999237,80.2605209351,32447,32457,10
13.0168895721,80.2601165771,32457,32468,11
13.0163097382,80.2597808838,32468,32478,10
13.0160398483,80.2596817017,32478,32488,10
13.0160102844,80.2596588135,32488,32498,10
13.0156402588,80.2595062256,32498,32508,10
13.0150299072,80.2593231201,32508,32518,10
13.0143003464,80.2592773438,32518,32528,10
13.0134296417,80.2592468262,32528,32538,10
13.0123500824,80.2592010498,32538,32548,10
13.0112400055,80.2591781616,32548,32558,10
13.0102596283,80.2592163086,32558,32568,10
13.009349823,80.2592163086,32568,32579,11
13.0088300705,80.2592010498,32579,32589,10
13.0086297989,80.2592163086,32589,32599,10
13.0081300735,80.2592010498,32599,32609,10
13.0074796677,80.2592773438,32609,32619,10
13.0072202682,80.2588500977,32619,32629,10
13.0071201324,80.2586135864,32629,32639,10
13.0071001053,80.2585830688,32639,32649,10
13.0069198608,80.2582702637,32649,32659,10
13.0065803528,80.2577667236,32659,32668,9
13.0061798096,80.2575073242,32668,32680,12
13.0056695938,80.2573928833,32680,32690,10
13.0052995682,80.2573013306,32690,32700,10
13.0051803589,80.2572402954,32700,32710,10
13.0047397614,80.2571487427,32710,32720,10
13.0041503906,80.2570266724,32720,32730,10
13.0038700104,80.256980896,32730,32740,10
13.0034704208,80.2569122314,32740,32750,10
13.0031499863,80.2568435669,32750,32760,10
13.0028896332,80.2567901611,32760,32770,10
13.0024995804,80.2566986084,32770,32781,11
13.0020399094,80.2566375732,32781,32851,70
13.0020399094,80.2566375732,32851,32861,10
13.0019102097,80.2565612793,32861,32871,10
13.0016403198,80.2565536499,32871,32882,11
13.00096035,80.2564620972,32882,32892,10
12.9999904633,80.2563171387,32892,32912,20
12.9999904633,80.2563171387,32912,32922,10
12.9997501373,80.2562713623,32922,32932,10
12.9994001389,80.2562026978,32932,32942,10
12.9990196228,80.2561264038,32942,32952,10
12.9985904694,80.2560424805,32952,32972,20
12.9985904694,80.2560424805,32972,32983,11
12.9982700348,80.2559814453,32983,32993,10
12.9977703094,80.2559509277,32993,33003,10
12.9971504211,80.2559432983,33003,33053,50
12.9971504211,80.2559432983,33053,33063,10
12.9969701767,80.2559661865,33063,33073,10
12.9965896606,80.2559509277,33073,33082,9
12.9960803986,80.255897522,33082,33094,12
12.9951601028,80.2558670044,33094,33104,10
12.9943704605,80.2559432983,33104,33114,10
12.9934301376,80.2560577393,33114,33124,10
12.9923200607,80.256072998,33124,33134,10
12.9911499023,80.2560119629,33134,33144,10
12.9903402328,80.2560119629,33144,33154,10
12.9896001816,80.2559890747,33154,33164,10
12.9888095856,80.2559280396,33164,33245,81
12.9888095856,80.2559280396,33245,33255,10
12.9886198044,80.2559280396,33255,33265,10
12.9881896973,80.255859375,33265,33275,10
12.9877996445,80.2558135986,33275,33285,10
12.9873800278,80.2557373047,33285,33296,11
12.9868602753,80.2556610107,33296,33306,10
12.9864501953,80.2555999756,33306,33316,10
12.9864397049,80.2555923462,33316,33326,10
12.9863004684,80.2555465698,33326,33336,10
12.986289978,80.2555465698,33336,33346,10
12.9862604141,80.2555465698,33346,33356,10
12.9859800339,80.2554931641,33356,33366,10
12.9856500626,80.2554321289,33366,33376,10
12.9850997925,80.2553024292,33376,33386,10
12.9846401215,80.2551879883,33386,33397,11
12.9841299057,80.2550430298,33397,33407,10
12.9835596085,80.2548980713,33407,33417,10
12.9833097458,80.2547988892,33417,33427,10
12.9829397202,80.2546920776,33427,33437,10
12.9824695587,80.2545623779,33437,33447,10
12.9821901321,80.2544021606,33447,33457,10
12.9819803238,80.2540130615,33457,33467,10
12.9818401337,80.2534866333,33467,33477,10
12.9815797806,80.2528686523,33477,33487,10
12.9808502197,80.2527770996,33487,33528,41
12.9808502197,80.2527770996,33528,33538,10
12.9806203842,80.2527770996,33538,33548,10
12.9803495407,80.2527923584,33548,33558,10
12.9797801971,80.2527389526,33558,33568,10
12.9791603088,80.2526473999,33568,33578,10
12.9785404205,80.2525482178,33578,33598,20
12.9785404205,80.2525482178,33598,33609,11
12.9781904221,80.2522964478,33609,33619,10
12.9776601791,80.2518310547,33619,33629,10
12.9768400192,80.2513504028,33629,33639,10
12.975810051,80.2510299683,33639,33649,10
12.9746904373,80.2507095337,33649,33659,10
12.9736604691,80.2504272461,33659,33669,10
12.9726400375,80.2501678467,33669,33679,10
12.971570015,80.2498931885,33679,33689,10
12.9704704285,80.2495803833,33689,33698,9
12.9694595337,80.2491989136,33698,33710,12
12.9682197571,80.2487106323,33710,33720,10
12.9675397873,80.2484207153,33720,33730,10
12.9670295715,80.2481765747,33730,33740,10
12.9664201736,80.2478713989,33740,33750,10
12.965760231,80.2475814819,33750,33760,10
12.9651403427,80.2474212646,33760,33780,20
12.9651403427,80.2474212646,33780,33790,10
12.9648504257,80.2473373413,33790,33800,10
12.9642801285,80.2471084595,33800,33811,11
12.9637699127,80.2468795776,33811,33821,10
12.9631900787,80.2465820313,33821,33831,10
12.9624099731,80.2461929321,33831,33841,10
12.9613800049,80.2456893921,33841,33851,10
12.9603500366,80.2452087402,33851,33861,10
12.9596004486,80.2449111938,33861,33871,10
12.9594898224,80.2448730469,33871,33881,10
12.9594602585,80.2448501587,33881,33891,10
12.9591197968,80.2446594238,33891,33901,10
12.9584598541,80.2443618774,33901,33911,10
12.9578504562,80.2441177368,33911,33922,11
12.9570903778,80.2438583374,33922,33932,10
12.9563903809,80.2436904907,33932,33952,20
12.9563903809,80.2436904907,33952,33962,10
12.9561300278,80.2435913086,33962,33972,10
12.9555501938,80.2432174683,33972,33982,10
12.9547796249,80.2428588867,33982,33992,10
12.9539899826,80.2425231934,33992,34002,10
12.9532604218,80.2422332764,34002,34012,10
12.9524402618,80.2419204712,34012,34023,11
12.9516401291,80.2416763306,34023,34033,10
12.9515800476,80.2416687012,34033,34043,10
12.9512996674,80.2415313721,34043,34053,10
12.9507703781,80.2413330078,34053,34063,10
12.9501895905,80.2411804199,34063,34124,61
12.9501895905,80.2411804199,34124,34134,10
12.949839592,80.241027832,34134,34144,10
12.9494199753,80.2409210205,34144,34154,10
12.9489297867,80.2407531738,34154,34164,10
12.948220253,80.2404403687,34164,34174,10
12.9476099014,80.2402191162,34174,34184,10
12.9473495483,80.2400970459,34184,34204,20
12.9473495483,80.2400970459,34204,34214,10
12.9472703934,80.2400665283,34214,34223,9
12.9469995499,80.2399520874,34223,34235,12
12.9462203979,80.239616394,34235,34245,10
12.9453601837,80.2391967773,34245,34255,10
12.9446001053,80.2385025024,34255,34265,10
12.9440002441,80.2377624512,34265,34275,10
12.9433097839,80.2370223999,34275,34285,10
12.9423799515,80.2364883423,34285,34295,10
12.9412899017,80.2362136841,34295,34305,10
12.9405603409,80.2360305786,34305,34315,10
12.9404201508,80.236000061,34315,34325,10
12.9403896332,80.2359695435,34325,34336,11
12.9399595261,80.2358169556,34336,34346,10
12.9392404556,80.235496521,34346,34356,10
12.9382696152,80.2350387573,34356,34366,10
12.9372196198,80.2345428467,34366,34376,10
12.9363203049,80.23412323,34376,34386,10
12.9357404709,80.2339706421,34386,34406,20
12.9357404709,80.2339706421,34406,34416,10
12.9357404709,80.2339935303,34416,34426,10
12.9356098175,80.2343978882,34426,34437,11
12.9353103638,80.235206604,34437,34447,10
12.9351701736,80.2354507446,34447,34457,10
12.9350700378,80.235458374,34457,34467,10
12.9347896576,80.2353210449,34467,34477,10
12.9341802597,80.2350769043,34477,34487,10
12.9338903427,80.2350006104,34487,34497,10
12.9338302612,80.2351837158,34497,34507,10
12.9336900711,80.235786438,34507,34517,10
12.9335603714,80.2361907959,34517,34527,10
12.9332199097,80.2361373901,34527,34538,11
12.93309021,80.2361068726,34538,34548,10
12.9329795837,80.2364273071,34548,34558,10
12.9329204559,80.2369003296,34558,34568,10
12.932800293,80.2372589111,34568,34578,10
12.9326400757,80.2375869751,34578,34588,10
12.9323797226,80.2382278442,34588,34598,10
12.9322395325,80.23853302,34598,34608,10
12.9318704605,80.2387390137,34608,34618,10
12.9312295914,80.2385177612,34618,34638,20
12.9312295914,80.2385177612,34638,34649,11
12.9310598373,80.2384719849,34649,34659,10
12.9304800034,80.2382583618,34659,34669,10
12.9297199249,80.2379989624,34669,34679,10
12.9295501709,80.238243103,34679,34689,10
12.9294204712,80.2386703491,34689,34699,10
12.9292697906,80.2390213013,34699,34709,10
12.9288396835,80.2389297485,34709,34719,10
12.9282999039,80.2388076782,34719,34750,31
12.9282999039,80.2388076782,34750,34760,10
12.9279699326,80.2387008667,34760,34770,10
12.927280426,80.23853302,34770,34780,10
12.926320076,80.2382888794,34780,34790,10
12.9256000519,80.2383575439,34790,34800,10
12.9250202179,80.2384490967,34800,34810,10
12.9253797531,80.2382888794,34810,35022,212
12.9253797531,80.2382888794,35022,35032,10
12.9255199432,80.2381591797,35032,35042,10
12.9259700775,80.2381973267,35042,35052,10
12.9266700745,80.2383880615,35052,35063,11
12.9281597137,80.2387313843,35063,35083,20
12.9281597137,80.2387313843,35083,35093,10
12.9283103943,80.2387771606,35093,35103,10
12.9286603928,80.2388763428,35103,35113,10
12.9292802811,80.2390136719,35113,35123,10
12.9294300079,80.2386703491,35123,35133,10
12.9295902252,80.2381210327,35133,35143,10
12.9298000336,80.2379837036,35143,35152,9
12.9303302765,80.2381820679,35152,35164,12
12.931019783,80.2384414673,35164,35184,20
12.9312295914,80.2385177612,35184,35204,20
12.9312295914,80.2385177612,35204,35214,10
12.9314002991,80.2385787964,35214,35224,10
12.9318599701,80.2387237549,35224,35234,10
12.9322099686,80.2385406494,35234,35244,10
12.932299614,80.23828125,35244,35254,10
12.932510376,80.2377624512,35254,35265,11
12.9327201843,80.2371826172,35265,35275,10
12.9328298569,80.236869812,35275,35285,10
12.9329795837,80.2362823486,35285,35295,10
12.93309021,80.236076355,35295,35305,10
12.9334802628,80.2361907959,35305,35315,10
12.9335899353,80.2360610962,35315,35325,10
12.9336996078,80.2356185913,35325,35335,10
12.9338798523,80.2350311279,35335,35345,10
12.9340400696,80.2350082397,35345,35355,10
12.9342603683,80.2351226807,35355,35364,9
12.9347696304,80.2353363037,35364,35376,12
12.9350795746,80.2354431152,35376,35386,10
12.9351902008,80.2352371216,35386,35396,10
12.9353303909,80.2348937988,35396,35406,10
12.9355802536,80.2342605591,35406,35416,10
12.9357404709,80.2338562012,35416,35456,40
12.9357404709,80.2338562012,35456,35466,10
12.9358997345,80.2337188721,35466,35477,11
12.936249733,80.2338790894,35477,35487,10
12.9365196228,80.2340011597,35487,35557,70
12.9365196228,80.2340011597,35557,35567,10
12.9367904663,80.234161377,35567,35578,11
12.937379837,80.2344512939,35578,35588,10
12.938170433,80.2348480225,35588,35598,10
12.9391498566,80.2353591919,35598,35608,10
12.9399003983,80.2357025146,35608,35618,10
12.9400196075,80.2357406616,35618,35628,10
12.9403400421,80.2358474731,35628,35638,10
12.9409799576,80.2360305786,35638,35648,10
12.9418401718,80.2362365723,35648,35658,10
12.9428596497,80.236618042,35658,35668,10
12.9437704086,80.2374191284,35668,35679,11
12.944729805,80.2385025024,35679,35689,10
12.9457902908,80.2393569946,35689,35699,10
12.9469499588,80.2398300171,35699,35709,10
12.9477796555,80.2401733398,35709,35719,10
12.9487495422,80.2405014038,35719,35891,172
12.9487495422,80.2405014038,35891,35901,10
12.9488401413,80.2405319214,35901,35911,10
12.9490499496,80.2406387329,35911,35921,10
12.9494400024,80.2408065796,35921,35931,10
12.9501495361,80.2410125732,35931,35941,10
12.9508800507,80.2412185669,35941,35951,10
12.9510002136,80.2412567139,35951,35961,10
12.9511804581,80.2413330078,35961,35971,10
12.95154953,80.2415008545,35971,35981,10
12.9522104263,80.2417297363,35981,35992,11
12.9531402588,80.2420883179,35992,36002,10
12.9539299011,80.2423934937,36002,36012,10
12.9546699524,80.2426834106,36012,36022,10
12.9552602768,80.2429122925,36022,36032,10
12.9563703537,80.2433013916,36032,36052,20
12.9563703537,80.2433013916,36052,36062,10
12.9568004608,80.2434921265,36062,36072,10
12.9575004578,80.243850708,36072,36082,10
12.9583396912,80.2441864014,36082,36092,10
12.9590101242,80.2444534302,36092,36103,11
12.9591398239,80.2445220947,36103,36113,10
12.9596300125,80.244758606,36113,36123,10
12.9603796005,80.2451095581,36123,36133,10
12.9613304138,80.2455368042,36133,36143,10
12.9623098373,80.2460403442,36143,36153,10
12.9630699158,80.2463989258,36153,36163,10
12.9634895325,80.2466201782,36163,36173,10
12.9640197754,80.2468490601,36173,36183,10
12.9647798538,80.2471313477,36183,36193,10
12.9656400681,80.247428894,36193,36204,11
12.9668598175,80.2479171753,36204,36224,20
12.9668598175,80.2479171753,36224,36234,10
12.9671096802,80.2480773926,36234,36244,10
12.9677095413,80.2483596802,36244,36254,10
12.9685401917,80.2486877441,36254,36264,10
12.9695301056,80.2490692139,36264,36274,10
12.9706697464,80.24949646,36274,36284,10
12.9719200134,80.2498626709,36284,36293,9
12.9730796814,80.2501602173,36293,36305,12
12.9746198654,80.250579834,36305,36315,10
12.9759101868,80.2509307861,36315,36325,10
12.9771099091,80.2512969971,36325,36335,10
12.978269577,80.2521209717,36335,36456,121
12.978269577,80.2521209717,36456,36466,10
12.9784202576,80.2522125244,36466,36476,10
12.9787397385,80.2523880005,36476,36486,10
12.9790802002,80.2525024414,36486,36496,10
12.9795398712,80.2525634766,36496,36506,10
12.9801597595,80.2525863647,36506,36517,11
12.9807100296,80.2525787354,36517,36527,10
12.9814395905,80.2525482178,36527,36537,10
12.9821195602,80.2525405884,36537,36547,10
12.9829702377,80.2525100708,36547,36557,10
12.9841098785,80.2522506714,36557,36951,394
12.9841098785,80.2522506714,36951,36961,10
12.9843502045,80.2521820068,36961,36971,10
12.9848098755,80.2520599365,36971,36981,10
12.9852695465,80.2519302368,36981,36991,10
12.9856300354,80.2518310547,36991,37001,10
12.9860296249,80.2517166138,37001,37011,10
12.9863996506,80.2516403198,37011,37021,10
12.9867200851,80.2515792847,37021,37032,11
12.9871101379,80.2514572144,37032,37042,10
12.9875202179,80.2513504028,37042,37052,10
12.9879302979,80.2514801025,37052,37062,10
12.9880199432,80.2519302368,37062,37072,10
12.9880304337,80.252456665,37072,37082,10
12.9879798889,80.2531585693,37082,37092,10
12.9879398346,80.253578186,37092,37112,20
12.9879398346,80.253578186,37112,37122,10
12.9879102707,80.2538070679,37122,37132,10
12.987859726,80.2542266846,37132,37143,11
12.9878196716,80.2549591064,37143,37153,10
12.9877595901,80.2555923462,37153,37163,10
12.9880895615,80.2557983398,37163,37173,10
12.988240242,80.2557907104,37173,37183,10
12.988409996,80.2558288574,37183,37193,10
12.9888095856,80.2558670044,37193,37203,10
12.9888801575,80.2558670044,37203,37213,10
12.9891004562,80.255897522,37213,37223,10
12.9896602631,80.2559432983,37223,37233,10
12.9904098511,80.2560195923,37233,37244,11
12.9909200668,80.2559890747,37244,37254,10
12.9915800095,80.2560195923,37254,37264,10
12.9924097061,80.2560272217,37264,37274,10
12.9934196472,80.2559814453,37274,37284,10
12.9944095612,80.2559204102,37284,37294,10
12.995059967,80.2558364868,37294,37304,10
12.9951896667,80.255821228,37304,37314,10
12.995349884,80.2558288574,37314,37324,10
12.9957399368,80.2558517456,37324,37334,10
12.9960899353,80.2558517456,37334,37345,11
12.9966697693,80.2558364868,37345,37355,10
12.9974803925,80.2558670044,37355,37375,20
12.9974803925,80.2558670044,37375,37385,10
12.9976396561,80.255897522,37385,37395,10
12.9981899261,80.2559432983,37395,37405,10
12.9987602234,80.2560195923,37405,37415,10
12.9987802505,80.2560195923,37415,37425,10
12.9988498688,80.2560272217,37425,37435,10
12.9992599487,80.2560806274,37435,37444,9
12.999830246,80.256187439,37444,37456,12
13.0004701614,80.2563171387,37456,37466,10
13.0009899139,80.2564315796,37466,37476,10
13.0014295578,80.2565078735,37476,37486,10
13.0019302368,80.2565994263,37486,37496,10
13.0023298264,80.2566604614,37496,37506,10
13.0027399063,80.256729126,37506,37516,10
13.0033502579,80.2568435669,37516,37526,10
13.0038995743,80.2569503784,37526,37536,10
13.0042495728,80.2570266724,37536,37546,10
13.0047597885,80.2571334839,37546,37557,11
13.0054597855,80.2572402954,37557,37627,70
13.0054597855,80.2572402954,37627,37637,10
13.0055999756,80.2572784424,37637,37647,10
13.0059299469,80.2573623657,37647,37658,11
13.0064296722,80.2574462891,37658,37668,10
13.0068998337,80.2578430176,37668,37678,10
13.0073900223,80.2585067749,37678,37688,10
13.0080003738,80.2587966919,37688,37697,9
13.0083599091,80.2589111328,37697,37708,11
13.0085000992,80.258972168,37708,37718,10
13.0088596344,80.2590789795,37718,37728,10
13.0094995499,80.2590713501,37728,37738,10
13.0104103088,80.2590713501,37738,37748,10
13.0115203857,80.2590713501,37748,37758,10
13.0127496719,80.2591171265,37758,37769,11
13.0141296387,80.2591705322,37769,37779,10
13.0145397186,80.2591629028,37779,37799,20
13.0145397186,80.2591629028,37799,37809,10
13.0147895813,80.259147644,37809,37819,10
13.0150699615,80.259147644,37819,37829,10
13.0152797699,80.259147644,37829,37839,10
13.0154895782,80.2591781616,37839,37858,19
13.0154895782,80.2591781616,37858,37870,12
13.0156602859,80.2592391968,37870,37880,10
13.0160398483,80.2593994141,37880,37900,20
13.0160398483,80.2593994141,37900,37910,10
13.0162296295,80.2595672607,37910,37930,20
13.0162296295,80.2595672607,37930,37940,10
13.0164403915,80.2596969604,37940,37950,10
13.0166196823,80.2598266602,37950,37960,10
13.0169000626,80.2600326538,37960,37971,11
13.0170497894,80.2601165771,37971,37981,10
13.0171403885,80.2601699829,37981,37991,10
13.017539978,80.2604522705,37991,38001,10
13.0179796219,80.2607498169,38001,38011,10
13.0183095932,80.2609786987,38011,38021,10
13.018699646,80.2612609863,38021,38031,10
13.0189504623,80.2614593506,38031,38041,10
13.0192203522,80.261680603,38041,38051,10
13.0194597244,80.261932373,38051,38061,10
13.0198001862,80.2623062134,38061,38071,10
13.0203199387,80.2627868652,38071,38082,11
13.02023983,80.2629699707,38082,38092,10
13.0198698044,80.2629623413,38092,38102,10
13.0192604065,80.2629394531,38102,38112,10
13.0190000534,80.263168335,38112,38122,10
13.0191202164,80.2638778687,38122,38132,10
13.0191402435,80.2640686035,38132,38142,10
13.019080162,80.264541626,38142,38152,10
13.0188903809,80.2652206421,38152,38162,10
13.0187597275,80.2656707764,38162,38172,10
13.018699646,80.266456604,38172,38183,11
13.0190296173,80.2674789429,38183,38193,10
13.0197601318,80.2683792114,38193,38203,10
13.0203895569,80.2691726685,38203,38213,10
13.0209798813,80.269859314,38213,38223,10
13.0213804245,80.2703323364,38223,38233,10
13.0214395523,80.2704086304,38233,38243,10
13.021780014,80.2708511353,38243,38253,10
13.0222902298,80.2715072632,38253,38263,10
13.0228500366,80.2722625732,38263,38273,10
13.0229597092,80.2723999023,38273,38284,11
13.0229997635,80.2724685669,38284,38294,10
13.0235500336,80.2732009888,38294,38364,70
13.0235500336,80.2732009888,38364,38374,10
13.0236501694,80.2733383179,38374,38385,11
13.0240402222,80.2738723755,38385,38395,10
13.0243997574,80.2743377686,38395,38405,10
13.0248298645,80.2746582031,38405,38415,10
13.0250301361,80.2747573853,38415,38425,10
13.0251903534,80.2748184204,38425,38435,10
13.0255002975,80.2749176025,38435,38445,10
13.025560379,80.2749481201,38445,38455,10
13.0258998871,80.2751235962,38455,38465,10
13.0264501572,80.275390625,38465,38475,10
13.0270996094,80.2756881714,38475,38485,10
13.0278396606,80.2760391235,38485,38496,11
13.0287799835,80.2764205933,38496,38506,10
13.0296697617,80.2766799927,38506,38516,10
13.0301704407,80.2768325806,38516,38526,10
13.0302696228,80.2769012451,38526,38536,10
13.0307197571,80.2771072388,38536,38546,10
13.0312995911,80.2774581909,38546,38556,10
13.0320396423,80.2775192261,38556,38566,10
13.0324602127,80.2774734497,38566,38576,10
13.0325498581,80.2774581909,38576,38586,10
13.0328302383,80.2774505615,38586,38607,21
13.0328302383,80.2774505615,38607,38617,10
13.032959938,80.2774734497,38617,38627,10
13.0333003998,80.2773895264,38627,38637,10
13.0335998535,80.2773208618,38637,38647,10
13.0339803696,80.2774200439,38647,38657,10
13.0346002579,80.2775726318,38657,38667,10
13.0353403091,80.2777023315,38667,38677,10
13.0361204147,80.2778396606,38677,38687,10
13.0368795395,80.2781066895,38687,38698,11
13.0376796722,80.2783508301,38698,38708,10
13.0384197235,80.2785720825,38708,38718,10
13.0385198593,80.2786026001,38718,38728,10
13.0390300751,80.2787704468,38728,38738,10
13.0394601822,80.2789001465,38738,38748,10
13.0402202606,80.2791213989,38748,38758,10
13.0412797928,80.2793426514,38758,38768,10
13.0424804688,80.2795333862,38768,38778,10
13.0437297821,80.2797622681,38778,38788,10
13.0448703766,80.2799606323,38788,38798,10
13.0457000732,80.2800827026,38798,38809,11
13.0461397171,80.2800979614,38809,38819,10
13.046380043,80.2801437378,38819,38829,10
13.04708004,80.2802200317,38829,38839,10
13.0480604172,80.2803573608,38839,38849,10
13.0490703583,80.2805175781,38849,38859,10
13.0500297546,80.2806625366,38859,38869,10
13.0506401062,80.2807388306,38869,38879,10
13.0514202118,80.2808685303,38879,38889,10
13.0523796082,80.281036377,38889,38899,10
13.0534696579,80.2811965942,38899,38910,11
13.0546703339,80.2814407349,38910,38920,10
13.0557699203,80.2816467285,38920,38930,10
13.0564203262,80.2817382813,38930,38940,10
13.0564203262,80.28175354,38940,38950,10
13.0564498901,80.2817611694,38950,38960,10
13.0565595627,80.2817764282,38960,38970,10
13.0568799973,80.2818374634,38970,38980,10
13.0572595596,80.2819137573,38980,38990,10
13.0577602386,80.2820205688,38990,39000,10
13.058380127,80.2821578979,39000,39011,11
13.0592098236,80.2823181152,39011,39021,10
13.0601196289,80.2825088501,39021,39031,10
13.0610799789,80.2827072144,39031,39041,10
13.0618600845,80.2828598022,39041,39051,10
13.062620163,80.2830200195,39051,39061,10
13.0631303787,80.2831497192,39061,39081,20
13.0631303787,80.2831497192,39081,39091,10
13.0634698868,80.2832336426,39091,39101,10
13.0639696121,80.2833175659,39101,39132,31
13.0639696121,80.2833175659,39132,39142,10
13.0641899109,80.2834014893,39142,39152,10
13.064789772,80.2835388184,39152,39162,10
13.065580368,80.2836990356,39162,39172,10
13.0665102005,80.2839202881,39172,39182,10
13.0673599243,80.2841033936,39182,39192,10
13.0679998398,80.2842025757,39192,39202,10
13.0686903,80.2843475342,39202,39212,10
13.0694599152,80.2845306396,39212,39223,11
13.0706195831,80.284828186,39223,39233,10
13.0716695786,80.2851028442,39233,39243,10
13.0726299286,80.2852783203,39243,39253,10
13.07351017,80.2852630615,39253,39263,10
13.0740098953,80.2855377197,39263,39273,10
13.0743503571,80.2860107422,39273,39283,10
13.0749902725,80.2864532471,39283,39293,10
13.0759401321,80.2869567871,39293,39303,10
13.0771799088,80.2872695923,39303,39313,10
13.0784597397,80.2875976563,39313,39324,11
13.0795297623,80.2880096436,39324,39334,10
13.0797796249,80.2880630493,39334,39344,10
13.0799102783,80.2880706787,39344,39354,10
13.0804700851,80.2881698608,39354,39364,10
13.0808200836,80.2882385254,39364,39374,10
13.0809001923,80.2882766724,39374,39384,10
13.0813903809,80.2884521484,39384,39394,10
13.0821399689,80.2887115479,39394,39404,10
13.0829200745,80.2890701294,39404,39414,10
13.0836696625,80.2891387939,39414,39425,11
13.0845098495,80.2891387939,39425,39435,10
13.085559845,80.2891998291,39435,39445,10
13.0866498947,80.2894515991,39445,39455,10
13.0875396729,80.2897567749,39455,39465,10
13.0885801315,80.2900924683,39465,39495,30
13.0885801315,80.2900924683,39495,39505,10
13.0888900757,80.290222168,39505,39515,10
13.088640213,80.290397644,39515,39525,10
13.0880804062,80.2901306152,39525,39536,11
13.0872602463,80.2898406982,39536,39546,10
13.0865297318,80.2896270752,39546,39556,10
13.0859899521,80.2895126343,39556,39566,10
13.085849762,80.2894821167,39566,39576,10
13.0856399536,80.2892608643,39576,39586,10
13.0853004456,80.2886962891,39586,39596,10
13.0850801468,80.287902832,39596,39606,10
13.0852499008,80.2858886719,39606,39616,10
13.0852499008,80.2858886719,39616,39626,10
13.0853300095,80.2848968506,39626,39635,9
13.0857801437,80.283531189,39635,39706,71
13.0857801437,80.283531189,39706,39726,20
13.0864400864,80.2836990356,39726,39737,11
13.0867395401,80.2838897705,39737,39747,10
13.0870304108,80.2839202881,39747,39767,20
13.0870304108,80.2839202881,39767,39777,10
13.0871200562,80.2839279175,39777,39787,10
13.0874595642,80.2839431763,39787,39797,10
13.087770462,80.2839584351,39797,39817,20
13.087770462,80.2839584351,39817,39827,10
13.088139534,80.2837600708,39827,39959,132
13.088060379,80.2837371826,39959,40928,969
13.0880498886,80.2838668823,40928,41009,81
13.0880498886,80.2838668823,41009,41019,10
13.0880899429,80.2838363647,41019,41029,10
13.0881004333,80.2836608887,41029,41089,60
13.0881004333,80.2836608887,41089,41099,10
13.0882797241,80.2832489014,41099,41110,11
13.0882701874,80.2830734253,41110,41120,10
13.0882701874,80.2830276489,41120,41130,10
13.0883102417,80.2827835083,41130,41140,10
13.0882797241,80.2823867798,41140,41150,10
13.0882101059,80.2820205688,41150,41160,10
13.088060379,80.2815704346,41160,41170,10
13.0883903503,80.281463623,41170,41180,10
13.0885295868,80.2818527222,41180,41190,10
13.0884599686,80.2823028564,41190,41200,10
13.0883703232,80.2827911377,41200,41211,11
13.0883703232,80.2833786011,41211,41221,10
13.0883903503,80.2839431763,41221,41231,10
13.0884199142,80.2845916748,41231,41241,10
13.0884799957,80.2850418091,41241,41332,91
13.0884799957,80.2850418091,41332,41342,10
13.0884799957,80.2851867676,41342,41352,10
13.0884799957,80.2856063843,41352,41362,10
13.0885000229,80.2859420776,41362,41372,10
13.0885295868,80.2863616943,41372,41382,10
13.088549614,80.2866516113,41382,41392,10
13.0885896683,80.2872390747,41392,41402,10
13.0886096954,80.2875289917,41402,41413,11
13.0886497498,80.2880477905,41413,41423,10
13.0887002945,80.2885437012,41423,41433,10
13.0887298584,80.2888717651,41433,41443,10
13.088809967,80.2893676758,41443,41453,10
13.0887899399,80.2895126343,41453,41463,10
13.0888204575,80.2901992798,41463,41503,40
13.0888204575,80.2901992798,41503,41513,10
13.0888795853,80.290222168,41513,41524,11
13.0886201859,80.2903823853,41524,41534,10
13.0880298615,80.2901229858,41534,41544,10
13.0873098373,80.2897720337,41544,41554,10
13.0864696503,80.2894973755,41554,41564,10
13.0854196548,80.2892532349,41564,41574,10
13.0844802856,80.2892227173,41574,41584,10
13.0836200714,80.2892684937,41584,41594,10
13.0827999115,80.2891921997,41594,41604,10
13.0817403793,80.2887268066,41604,41614,10
13.0806903839,80.2883682251,41614,41625,11
13.0802202225,80.2882385254,41625,41645,20
13.0802202225,80.2882385254,41645,41655,10
13.0801095963,80.2882232666,41655,41665,10
13.0799598694,80.2882080078,41665,41675,10
13.0793895721,80.2881011963,41675,41685,10
13.0785903931,80.2877197266,41685,41695,10
13.0774803162,80.2874298096,41695,41705,10
13.0762500763,80.2871322632,41705,41715,10
13.0750703812,80.2866210938,41715,41726,11
13.0737695694,80.2860336304,41726,41736,10
13.0727796555,80.2856674194,41736,41746,10
13.0716295242,80.2852172852,41746,41756,10
13.0703296661,80.2848892212,41756,41766,10
13.0690202713,80.284576416,41766,41776,10
13.0679798126,80.284362793,41776,41786,10
13.0674104691,80.2842712402,41786,41796,10
13.0665302277,80.2840805054,41796,41806,10
13.0654201508,80.283821106,41806,41816,10
13.0643997192,80.2835769653,41816,41825,9
13.0637397766,80.2834091187,41825,41837,12
13.0626897812,80.2831192017,41837,41847,10
13.0620603561,80.2830581665,41847,41857,10
13.0620002747,80.2830581665,41857,41867,10
13.0615797043,80.282951355,41867,41877,10
13.0610904694,80.2828369141,41877,41887,10
13.0606403351,80.2827606201,41887,41897,10
13.060090065,80.2826080322,41897,41907,10
13.0592803955,80.2824783325,41907,41917,10
13.0582704544,80.2822723389,41917,41927,10
13.0573301315,80.282081604,41927,41938,11
13.0567998886,80.2819595337,41938,41948,10
13.0567302704,80.2819519043,41948,41958,10
13.0562400818,80.281829834,41958,41968,10
13.0553998947,80.2816467285,41968,41978,10
13.0542802811,80.2814178467,41978,41988,10
13.053030014,80.2812194824,41988,41998,10
13.0521402359,80.2810974121,41998,42008,10
13.0511703491,80.2809829712,42008,42018,10
13.0502796173,80.2808380127,42018,42028,10
13.0499200821,80.2807922363,42028,42039,11
13.0490999222,80.280670166,42039,42049,10
13.0480699539,80.2805023193,42049,42059,10
13.0468502045,80.2803115845,42059,42069,10
13.0457601547,80.2801818848,42069,42079,10
13.0456695557,80.280166626,42079,42089,10
13.0452404022,80.2801208496,42089,42099,10
13.0444898605,80.2800064087,42099,42109,10
13.0435600281,80.2798690796,42109,42129,20
13.0435600281,80.2798690796,42129,42139,10
13.0431699753,80.2797927856,42139,42150,11
13.0424098969,80.2796173096,42150,42160,10
13.0413999557,80.2794189453,42160,42170,10
13.0402498245,80.2791824341,42170,42180,10
13.0391902924,80.2789230347,42180,42190,10
13.0390300751,80.2788925171,42190,42200,10
13.0389699936,80.2788619995,42200,42210,10
13.0385599136,80.2787094116,42210,42220,10
13.0378599167,80.278503418,42220,42230,10
13.0371303558,80.2782897949,42230,42240,10
13.0364999771,80.2780609131,42240,42251,11
13.0360002518,80.2779006958,42251,42261,10
13.0355796814,80.2777862549,42261,42271,10
13.0352602005,80.2777175903,42271,42281,10
13.0347299576,80.2776412964,42281,42341,60
13.0347299576,80.2776412964,42341,42352,11
13.0343799591,80.277557373,42352,42392,40
13.0343799591,80.277557373,42392,42402,10
13.0338697433,80.2774276733,42402,42412,10
13.0336103439,80.2773895264,42412,42422,10
13.0333299637,80.2774581909,42422,42451,29
13.0333299637,80.2774581909,42451,42463,12
13.0331001282,80.2775115967,42463,42473,10
13.0328903198,80.2775115967,42473,42513,40
13.0328903198,80.2775115967,42513,42523,10
13.0325098038,80.2775268555,42523,42533,10
13.03221035,80.277557373,42533,42543,10
13.0320901871,80.2775726318,42543,42553,10
13.0319595337,80.2776107788,42553,42564,11
13.0316095352,80.277633667,42564,42574,10
13.0313901901,80.2775802612,42574,42584,10
13.0312299728,80.2774505615,42584,42594,10
13.0310297012,80.277381897,42594,42604,10
13.0309801102,80.27734375,42604,42614,10
13.0306901932,80.2771911621,42614,42624,10
13.0303201675,80.2770233154,42624,42644,20
13.0303201675,80.2770233154,42644,42654,10
13.030090332,80.2769012451,42654,42665,11
13.0299701691,80.2768096924,42665,42675,10
13.0296001434,80.2767181396,42675,42685,10
13.0292701721,80.2766494751,42685,42695,10
13.0290899277,80.2766036987,42695,42705,10
13.0288801193,80.2764968872,42705,42715,10
13.0286102295,80.2763977051,42715,42725,10
13.0282201767,80.2762680054,42725,42735,10
13.0277395248,80.2760696411,42735,42745,10
13.0272903442,80.2758865356,42745,42755,10
13.0267400742,80.2756195068,42755,42765,10
13.0261297226,80.2753372192,42765,42776,11
13.0260000229,80.2752609253,42776,42786,10
13.0256099701,80.2750930786,42786,42796,10
13.0249500275,80.274810791,42796,42806,10
13.0242795944,80.2744369507,42806,42856,50
13.0242795944,80.2744369507,42856,42865,9
13.0240697861,80.2741470337,42865,42877,12
13.0236501694,80.2735290527,42877,42887,10
13.0231895447,80.2728805542,42887,42897,10
13.0225696564,80.2720413208,42897,42907,10
13.0218696594,80.2711486816,42907,42917,10
13.0212402344,80.2703781128,42917,42927,10
13.0209197998,80.2700271606,42927,42937,10
13.0208997726,80.2700119019,42937,42947,10
13.0207996368,80.2699127197,42947,42957,10
13.0205402374,80.2695236206,42957,42967,10
13.0201597214,80.2690124512,42967,42978,11
13.0195102692,80.2682723999,42978,42988,10
13.0190000534,80.2677001953,42988,42998,10
13.0189599991,80.2676467896,42998,43008,10
13.0188398361,80.2674484253,43008,43018,10
13.0187196732,80.2671279907,43018,43028,10
13.0186300278,80.2665405273,43028,43038,10
13.0186195374,80.2659072876,43038,43048,10
13.0187797546,80.2652816772,43048,43058,10
13.0190095901,80.2644424438,43058,43068,10
13.018989563,80.2636032104,43068,43078,10
13.0189504623,80.2632675171,43078,43089,11
13.0188703537,80.2625579834,43089,43099,10
13.0187902451,80.2618865967,43099,43109,10
13.0186004639,80.2613067627,43109,43119,10
13.0180797577,80.2609481812,43119,43129,10
13.0174102783,80.2605133057,43129,43139,10
13.0167198181,80.2600631714,43139,43149,10
13.0160503387,80.2597198486,43149,43169,20
13.0160503387,80.2597198486,43169,43178,9
13.0158395767,80.2595977783,43178,43190,12
13.015130043,80.2593688965,43190,43200,10
13.0143699646,80.2593078613,43200,43210,10
13.0123300552,80.2592391968,43210,43220,10
13.0123300552,80.2592391968,43220,43230,10
13.0114402771,80.2592010498,43230,43238,8
13.010890007,80.2592086792,43238,43256,18
13.0094299316,80.2592391968,43256,43267,11
13.0088996887,80.2592010498,43267,43277,10
13.0086603165,80.2591934204,43277,43287,10
13.0081596375,80.2591629028,43287,43298,11
13.0075302124,80.2593231201,43298,43308,10
13.007229805,80.2587966919,43308,43318,10
13.0071296692,80.2586288452,43318,43328,10
13.0069198608,80.2583007813,43328,43338,10
13.0065698624,80.2578201294,43338,43348,10
13.0060396194,80.2575683594,43348,43358,10
13.0053100586,80.2573776245,43358,43368,10
13.0045700073,80.2571716309,43368,43378,10
13.0038795471,80.2570419312,43378,43388,10
13.0034999847,80.2569503784,43388,43399,11
13.0032396317,80.2568435669,43399,43409,10
13.0031204224,80.2568283081,43409,43419,10
13.002869606,80.2567977905,43419,43429,10
13.0021800995,80.2566680908,43429,43500,71
13.0021800995,80.2566680908,43500,43510,10
13.0019302368,80.2566070557,43510,43520,10
13.0014600754,80.2565765381,43520,43530,10
13.0007896423,80.2565078735,43530,43540,10
13.0002298355,80.2564163208,43540,43550,10
12.9997396469,80.2563400269,43550,43560,10
12.9993400574,80.2562637329,43560,43570,10
12.9987602234,80.256111145,43570,43601,31
12.9987602234,80.256111145,43601,43611,10
12.9985599518,80.2560272217,43611,43631,20
12.9985599518,80.2560272217,43631,43641,10
12.9982404709,80.2560272217,43641,43651,10
12.997879982,80.2559661865,43651,43661,10
12.997420311,80.2559661865,43661,43671,10
12.9974002838,80.2559585571,43671,43681,10
12.9971504211,80.2559509277,43681,43691,10
12.9967699051,80.2559432983,43691,43701,10
12.9965496063,80.2559432983,43701,43712,11
12.9959897995,80.2559204102,43712,43722,10
12.9954395294,80.2559509277,43722,43732,10
12.9949903488,80.2559432983,43732,43742,10
12.9945201874,80.2559585571,43742,43752,10
12.9940700531,80.2560195923,43752,43762,10
12.9932603836,80.2560806274,43762,43772,10
12.9922504425,80.256111145,43772,43782,10
12.9912900925,80.2560806274,43782,43792,10
12.9909095764,80.2560882568,43792,43802,10
12.9907598495,80.256072998,43802,43813,11
12.9905700684,80.256072998,43813,43823,10
12.9903497696,80.2560577393,43823,43833,10
12.9899501801,80.2560424805,43833,43843,10
12.9892101288,80.2559890747,43843,43853,10
12.9885196686,80.2559432983,43853,43863,10
12.9882497787,80.2559204102,43863,43873,10
12.9882001877,80.255859375,43873,43883,10
12.9878702164,80.2557983398,43883,43893,10
12.9872703552,80.2556991577,43893,43903,10
12.9866399765,80.2556228638,43903,43913,10
12.9862604141,80.2555770874,43913,43924,11
12.9862499237,80.2555770874,43924,43934,10
12.9861402512,80.2555465698,43934,43944,10
12.985830307,80.2554931641,43944,43954,10
12.9853200912,80.2553634644,43954,43964,10
12.9845199585,80.2552032471,43964,43974,10
12.9839296341,80.2550735474,43974,43984,10
12.9836797714,80.2549667358,43984,43994,10
12.9836502075,80.2549591064,43994,44004,10
12.9833803177,80.2548522949,44004,44014,10
12.983039856,80.2547683716,44014,44025,11
12.98279953,80.2546768188,44025,44035,10
12.9824104309,80.2545471191,44035,44045,10
12.982000351,80.2539901733,44045,44055,10
12.9818000793,80.2532272339,44055,44065,10
12.9812002182,80.2528076172,44065,44075,10
12.980340004,80.252822876,44075,44085,10
12.9793395996,80.2527008057,44085,44095,10
12.9786195755,80.2526092529,44095,44105,10
12.9784698486,80.2525405884,44105,44115,10
12.97797966,80.2521591187,44115,44125,10
12.9772796631,80.2515563965,44125,44136,11
12.9760704041,80.2511291504,44136,44146,10
12.9748497009,80.2507781982,44146,44156,10
12.97356987,80.2504425049,44156,44166,10
12.9722604752,80.2500915527,44166,44176,10
12.9709396362,80.2497406006,44176,44186,10
12.9696302414,80.2492904663,44186,44196,10
12.9683198929,80.2487869263,44196,44206,10
12.9670200348,80.2482223511,44206,44216,10
12.9658603668,80.2476806641,44216,44226,10
12.9650201797,80.2474136353,44226,44237,11
12.9649496078,80.2473983765,44237,44247,10
12.9647502899,80.2472915649,44247,44257,10
12.9641704559,80.2470474243,44257,44267,10
12.9633598328,80.2466888428,44267,44277,10
12.9624099731,80.2462081909,44277,44287,10
12.9612998962,80.2456436157,44287,44297,10
12.9601602554,80.2451324463,44297,44307,10
12.959400177,80.2448577881,44307,44317,10
12.9592895508,80.2447967529,44317,44327,10
12.9591398239,80.244720459,44327,44338,11
12.9585695267,80.2444610596,44338,44348,10
12.9579000473,80.244178772,44348,44358,10
12.9572601318,80.2439727783,44358,44368,10
12.9567203522,80.243850708,44368,44408,40
12.9567203522,80.243850708,44408,44418,10
12.9565000534,80.2437820435,44418,44428,10
12.9563703537,80.2437286377,44428,44437,9
12.9561100006,80.2436218262,44437,44449,12
12.9554195404,80.2432403564,44449,44459,10
12.9549102783,80.2429733276,44459,44469,10
12.9544401169,80.2427825928,44469,44479,10
12.9537696838,80.2425003052,44479,44489,10
12.9528598785,80.2421417236,44489,44499,10
12.9518995285,80.2417602539,44499,44509,10
12.9512300491,80.2415771484,44509,44519,10
12.9511804581,80.2415618896,44519,44529,10
12.950750351,80.2413864136,44529,44539,10
12.9501399994,80.2412033081,44539,44550,11
12.9495697021,80.2410202026,44550,44560,10
12.9495401382,80.2410125732,44560,44570,10
12.9492397308,80.2409210205,44570,44580,10
12.9487895966,80.2407531738,44580,44590,10
12.9482297897,80.2405014038,44590,44600,10
12.9473104477,80.2401428223,44600,44620,20
12.9473104477,80.2401428223,44620,44630,10
12.9472198486,80.2400588989,44630,44640,10
12.9469003677,80.2399291992,44640,44651,11
12.9462299347,80.2396469116,44651,44661,10
12.9454402924,80.2392883301,44661,44671,10
12.9447603226,80.2387466431,44671,44681,10
12.9440698624,80.2380065918,44681,44691,10
12.9433097839,80.2372131348,44691,44701,10
12.9422702789,80.2365188599,44701,44711,10
12.9410400391,80.2361907959,44711,44721,10
12.940079689,80.2359466553,44721,44741,20
12.940079689,80.2359466553,44741,44750,9
12.9398899078,80.2358703613,44750,44762,12
12.9395503998,80.2357330322,44762,44772,10
12.9388904572,80.2354202271,44772,44782,10
12.9379701614,80.2349700928,44782,44792,10
12.9368896484,80.2344436646,44792,44802,10
12.9358797073,80.2339630127,44802,44812,10
12.9356803894,80.2340087891,44812,44822,10
12.9355697632,80.2341995239,44822,44832,10
12.9353704453,80.2347488403,44832,44842,10
12.9350996017,80.2354431152,44842,44873,31
12.9350996017,80.2354431152,44873,44883,10
12.9349803925,80.235496521,44883,44943,60
12.9349803925,80.235496521,44943,44953,10
12.9346904755,80.2352981567,44953,44963,10
12.934129715,80.2350769043,44963,44974,11
12.9337902069,80.2353363037,44974,44984,10
12.9335803986,80.2360992432,44984,44994,10
12.9330797195,80.2361221313,44994,45004,10
12.9329500198,80.236328125,45004,45014,10
12.9328298569,80.2368621826,45014,45024,10
12.9326496124,80.2373123169,45024,45034,10
12.9326000214,80.2374191284,45034,45044,10
12.9324197769,80.2379074097,45044,45054,10
12.9322099686,80.2384872437,45054,45064,10
12.9319801331,80.2387466431,45064,45075,11
12.9311599731,80.2385406494,45075,45105,30
12.9311599731,80.2385406494,45105,45115,10
12.9309501648,80.2384796143,45115,45125,10
12.9303503036,80.2382507324,45125,45135,10
12.9295902252,80.23802948,45135,45145,10
12.9294595718,80.2383575439,45145,45155,10
12.9292898178,80.238899231,45155,45164,9
12.9291496277,80.2390594482,45164,45176,12
12.928150177,80.2388076782,45176,45216,40
12.928150177,80.2388076782,45216,45226,10
12.9280395508,80.2388000488,45226,45236,10
12.9276103973,80.2386703491,45236,45246,10
12.9269800186,80.2385101318,45246,45256,10
12.9262695313,80.2383422852,45256,45266,10
12.9254903793,80.2381362915,45266,45276,10
12.925740242,80.238243103,45276,45297,21
12.925740242,80.238243103,45297,45307,10
12.9258098602,80.2381973267,45307,45317,10
12.9262504578,80.2383117676,45317,45327,10
12.9270095825,80.2385025024,45327,45337,10
12.9282197952,80.2387771606,45337,45357,20
12.9282197952,80.2387771606,45357,45367,10
12.928319931,80.2388076782,45367,45376,9
12.9292602539,80.2389984131,45376,45398,22
12.9292602539,80.2389984131,45398,45408,10
12.9293203354,80.2388534546,45408,45418,10
12.9294595718,80.2384490967,45418,45428,10
12.9295797348,80.2380599976,45428,45438,10
12.9299497604,80.2380599976,45438,45448,10
12.9306297302,80.2383422852,45448,45458,10
12.9312200546,80.23853302,45458,45477,19
12.9312200546,80.23853302,45477,45489,12
12.9313297272,80.2385635376,45489,45499,10
12.9316997528,80.2387008667,45499,45509,10
12.9321699142,80.2386016846,45509,45519,10
12.9322500229,80.2383575439,45519,45529,10
12.9323396683,80.2380599976,45529,45539,10
12.9325704575,80.2375335693,45539,45549,10
12.9326400757,80.2372512817,45549,45559,10
12.9327602386,80.2369537354,45559,45569,10
12.9328699112,80.2365036011,45569,45579,10
12.9329595566,80.2361373901,45579,45589,10
12.9330997467,80.2361297607,45589,45600,11
12.9332895279,80.2361602783,45600,45610,10
12.9335403442,80.2361297607,45610,45620,10
12.9335899353,80.2358474731,45620,45630,10
12.9336395264,80.2356491089,45630,45640,10
12.9337100983,80.2355117798,45640,45650,10
12.9338197708,80.2351074219,45650,45660,10
12.934129715,80.2350997925,45660,45670,10
12.9345502853,80.2352828979,45670,45680,10
12.934920311,80.2354431152,45680,45690,10
12.935090065,80.2354431152,45690,45701,11
12.9351701736,80.2351837158,45701,45711,10
12.9353704453,80.2346572876,45711,45721,10
12.9356899261,80.2338562012,45721,45761,40
12.9356899261,80.2338562012,45761,45771,10
12.9358301163,80.233757019,45771,45781,10
12.9362602234,80.2339706421,45781,45791,10
12.9369297028,80.2342910767,45791,45801,10
12.9378099442,80.2347106934,45801,45812,11
12.9389600754,80.2352828979,45812,45822,10
12.9398002625,80.2356719971,45822,45832,10
12.9398698807,80.2357025146,45832,45842,10
12.9400596619,80.2357711792,45842,45852,10
12.9406099319,80.2359390259,45852,45862,10
12.9414100647,80.2361373901,45862,45872,10
12.9423799515,80.2363891602,45872,45882,10
12.9433498383,80.2369918823,45882,45892,10
12.9441404343,80.2378311157,45892,45901,9
12.9448404312,80.2386016846,45901,45913,12
12.9459495544,80.2394332886,45913,45923,10
12.9469404221,80.2398300171,45923,45933,10
12.9472703934,80.2399673462,45933,45943,10
12.9473400116,80.2399978638,45943,45953,10
12.9477500916,80.2401809692,45953,45963,10
12.9484500885,80.2404785156,45963,45973,10
12.9493303299,80.2408370972,45973,45983,10
12.9503698349,80.2411422729,45983,45993,10
12.9511299133,80.2413330078,45993,46003,10
12.9511899948,80.2413787842,46003,46014,11
12.9516601563,80.2415771484,46014,46024,10
12.9523696899,80.2418365479,46024,46034,10
12.9532899857,80.2422027588,46034,46044,10
12.9541702271,80.2425613403,46044,46054,10
12.9549398422,80.2428588867,46054,46064,10
12.9556102753,80.2430877686,46064,46074,10
12.956199646,80.2433013916,46074,46104,30
12.956199646,80.2433013916,46104,46114,10
12.9564199448,80.2433700562,46114,46125,11
12.9569702148,80.2436218262,46125,46135,10
12.9577198029,80.2439804077,46135,46145,10
12.9584598541,80.2442932129,46145,46155,10
12.9589195251,80.2444534302,46155,46165,10
12.9590997696,80.2445373535,46165,46175,10
12.9596004486,80.2447967529,46175,46185,10
12.9603395462,80.2451324463,46185,46195,10
12.9612998962,80.2455673218,46195,46205,10
12.9622602463,80.2460403442,46205,46214,9
12.9632101059,80.2465209961,46214,46266,52
12.9632101059,80.2465209961,46266,46276,10
12.9634799957,80.2467269897,46276,46286,10
12.9639797211,80.2469406128,46286,46296,10
12.9646902084,80.2471923828,46296,46306,10
12.9655303955,80.2474517822,46306,46316,10
12.9662799835,80.2477416992,46316,46327,11
12.9669504166,80.2480163574,46327,46337,10
12.9669799805,80.2480392456,46337,46347,10
12.967209816,80.2481613159,46347,46357,10
12.9678401947,80.2484436035,46357,46367,10
12.9687004089,80.2488021851,46367,46377,10
12.9698600769,80.2492523193,46377,46387,10
12.9710798264,80.2496795654,46387,46397,10
12.9723596573,80.2500305176,46397,46407,10
12.9736299515,80.2503509521,46407,46417,10
12.9749202728,80.2507019043,46417,46427,10
12.9762201309,80.2510681152,46427,46438,11
12.9775295258,80.2515716553,46438,46448,10
12.9784097672,80.252243042,46448,46458,10
12.9786396027,80.2523803711,46458,46468,10
12.9787397385,80.2524337769,46468,46478,10
12.9797000885,80.2526016235,46478,46539,61
12.9797000885,80.2526016235,46539,46549,10
12.9798402786,80.2526473999,46549,46559,10
12.9803495407,80.2526321411,46559,46569,10
12.9811697006,80.2526016235,46569,46579,10
12.9822301865,80.252571106,46579,46589,10
12.9834299088,80.252456665,46589,46599,10
12.9846897125,80.2521209717,46599,46609,10
12.9858598709,80.2518005371,46609,46619,10
12.9867296219,80.2515716553,46619,46710,91
12.9867296219,80.2515716553,46710,46720,10
12.9866895676,80.2515563965,46720,46730,10
12.986749649,80.2515487671,46730,46740,10
12.9870100021,80.2514801025,46740,46751,11
12.9872398376,80.251411438,46751,46761,10
12.9876499176,80.2513427734,46761,46771,10
12.9878501892,80.251701355,46771,46781,10
12.9879598618,80.2523498535,46781,46791,10
12.987859726,80.2533187866,46791,46801,10
12.9877996445,80.2541122437,46801,46811,10
12.9877004623,80.2548217773,46811,46852,41
12.9877004623,80.2548217773,46852,46862,10
12.9875602722,80.254989624,46862,46872,10
12.9875802994,80.2553405762,46872,46882,10
12.9877300262,80.2557296753,46882,46892,10
12.9887399673,80.2558364868,46892,46912,20
12.9887399673,80.2558364868,46912,46922,10
12.9891395569,80.255897522,46922,46932,10
12.989859581,80.2559967041,46932,46942,10
12.9904699326,80.2559814453,46942,46951,9
12.99077034,80.2559585571,46951,46963,12
12.9914903641,80.2560119629,46963,46973,10
12.9923801422,80.2559967041,46973,46983,10
12.9933595657,80.2559432983,46983,46993,10
12.9941701889,80.255897522,46993,47003,10
12.9949703217,80.2558288574,47003,47013,10
12.9957504272,80.255859375,47013,47023,10
12.996219635,80.2558364868,47023,47033,10
12.9968500137,80.255821228,47033,47043,10
12.9972801208,80.255821228,47043,47053,10
12.9976501465,80.2558517456,47053,47064,11
12.9980201721,80.2558822632,47064,47074,10
12.9983196259,80.2559204102,47074,47084,10
12.9986095428,80.2559814453,47084,47094,10
12.9991703033,80.2560272217,47094,47144,50
12.9991703033,80.2560272217,47144,47154,10
12.9993495941,80.2561187744,47154,47165,11
12.9998397827,80.2562179565,47165,47175,10
13.0,80.2562713623,47175,47185,10
13.0005702972,80.2563705444,47185,47195,10
13.0013504028,80.2565002441,47195,47205,10
13.0020198822,80.2566070557,47205,47215,10
13.0027103424,80.2567367554,47215,47225,10
13.003279686,80.2568283081,47225,47235,10
13.003660202,80.2568969727,47235,47245,10
13.003950119,80.2569732666,47245,47255,10
13.0045204163,80.2570800781,47255,47265,10
13.0053100586,80.257232666,47265,47276,11
13.0062999725,80.2574234009,47276,47336,60
13.0062999725,80.2574234009,47336,47346,10
13.0064897537,80.257522583,47346,47356,10
13.0068502426,80.2578582764,47356,47366,10
13.0073099136,80.2585220337,47366,47376,10
13.008099556,80.2588500977,47376,47387,11
13.0083999634,80.2589797974,47387,47397,10
13.0086402893,80.2590713501,47397,47407,10
13.0092802048,80.2590637207,47407,47417,10
13.0101995468,80.2590484619,47417,47427,10
13.0113697052,80.2590408325,47427,47437,10
13.0125999451,80.2590866089,47437,47447,10
13.0139102936,80.2591171265,47447,47457,10
13.0151901245,80.2592010498,47457,47467,10
13.0165395737,80.2597503662,47467,47498,31
13.0165395737,80.2597503662,47498,47508,10
13.0167198181,80.2599487305,47508,47518,10
13.0172595978,80.2602996826,47518,47528,10
13.0178403854,80.2606887817,47528,47538,10
13.0185003281,80.2611694336,47538,47558,20
13.0185003281,80.2611694336,47558,47568,10
13.0186004639,80.2612228394,47568,47577,9
13.0187196732,80.2613296509,47577,47589,12
13.0188703537,80.26146698,47589,47599,10
13.0190696716,80.2616424561,47599,47609,10
13.0194501877,80.2619628906,47609,47619,10
13.0199403763,80.2624816895,47619,47629,10
13.0202302933,80.2629470825,47629,47639,10
13.0197095871,80.2629699707,47639,47649,10
13.0191802979,80.2629394531,47649,47659,10
13.0190000534,80.2632217407,47659,47669,10
13.0190896988,80.2639465332,47669,47679,10
13.0189504623,80.2648391724,47679,47690,11
13.0187997818,80.2653808594,47690,47700,10
13.0186796188,80.2659072876,47700,47710,10
13.0186796188,80.2666625977,47710,47720,10
13.0189599991,80.2674407959,47720,47730,10
13.0194997787,80.2681121826,47730,47740,10
13.0200500488,80.2687988281,47740,47750,10
13.020529747,80.2693786621,47750,47760,10
13.0209302902,80.2698516846,47760,47770,10
13.0213899612,80.2703704834,47770,47780,10
13.0214700699,80.2704620361,47780,47791,11
13.0215797424,80.2705688477,47791,47801,10
13.0218801498,80.2709579468,47801,47811,10
13.0223503113,80.2715988159,47811,47821,10
13.0228996277,80.2723007202,47821,47831,10
13.0234003067,80.2730026245,47831,47841,10
13.0238304138,80.2735900879,47841,47851,10
13.0242204666,80.2741088867,47851,47861,10
13.0245504379,80.2744979858,47861,47871,10
13.025349617,80.2748718262,47871,47902,31
13.025349617,80.2748718262,47902,47912,10
13.0257101059,80.2750396729,47912,47922,10
13.0261001587,80.2752227783,47922,47932,10
13.026309967,80.2753219604,47932,47942,10
13.0265197754,80.2754135132,47942,47952,10
13.0267496109,80.2755126953,47952,47962,10
13.0269498825,80.2756195068,47962,47982,20
13.0269498825,80.2756195068,47982,47991,9
13.0273103714,80.2758712769,47991,48023,32
13.0273103714,80.2758712769,48023,48033,10
13.0276098251,80.2759780884,48033,48043,10
13.0277795792,80.2760162354,48043,48255,212
13.0277795792,80.2760162354,48255,48265,10
13.0282697678,80.2761993408,48265,48326,61
13.0282697678,80.2761993408,48326,48336,10
13.0283899307,80.2762527466,48336,48366,30
13.0287399292,80.2764129639,48366,48427,61
13.0290899277,80.2765579224,48427,48538,111
13.0294599533,80.2766189575,48538,48578,40
13.0294599533,80.2766189575,48578,48588,10
13.029709816,80.2766876221,48588,48598,10
13.0300397873,80.2767715454,48598,48608,10
13.0305595398,80.2770080566,48608,48943,335
13.0308103561,80.2772598267,48943,49144,201
13.0311403275,80.2773895264,49144,49215,71
13.0311403275,80.2773895264,49215,49225,10
13.0314302444,80.2775497437,49225,49235,10
13.0315504074,80.2775802612,49235,49266,31
13.0315504074,80.2775802612,49266,49276,10
13.0321102142,80.2775115967,49276,49316,40
13.0321102142,80.2775115967,49316,49326,10
13.0324201584,80.2774581909,49326,49336,10
13.0326004028,80.2774734497,49336,49356,20
13.0326004028,80.2774734497,49356,49367,11
13.0327701569,80.2774963379,49367,49377,10
13.0330095291,80.2774429321,49377,49478,101
13.0330095291,80.2774429321,49478,49488,10
13.0331897736,80.2773590088,49488,49498,10
13.0335302353,80.2772903442,49498,49508,10
13.0340900421,80.2773971558,49508,49518,10
13.0344495773,80.2775115967,49518,49528,10
13.0349597931,80.277633667,49528,49538,10
13.0355701447,80.2777633667,49538,49548,10
13.0362501144,80.2778930664,49548,49558,10
13.036939621,80.2781295776,49558,49569,11
13.0377101898,80.2783584595,49569,49579,10
13.0389204025,80.278678894,49579,49599,20
13.0389204025,80.278678894,49599,49609,10
13.039059639,80.2787475586,49609,49619,10
13.0394201279,80.2788619995,49619,49629,10
13.0401201248,80.2790603638,49629,49639,10
13.0408201218,80.2792510986,49639,49649,10
13.041560173,80.2793579102,49649,49659,10
13.0424804688,80.2794876099,49659,49669,10
13.0429897308,80.2795410156,49669,49680,11
13.0430002213,80.2795333862,49680,49690,10
13.0433397293,80.2796020508,49690,49700,10
13.0438995361,80.279800415,49700,49710,10
13.0444898605,80.2799072266,49710,49720,10
13.0453796387,80.2799987793,49720,49740,20
13.0453796387,80.2799987793,49740,49750,10
13.0457401276,80.2800598145,49750,49760,10
13.0463600159,80.2801513672,49760,49770,10
13.0472202301,80.2802886963,49770,49781,11
13.0483999252,80.280456543,49781,49791,10
13.0495796204,80.280632019,49791,49801,10
13.0504999161,80.28074646,49801,49811,10
13.0513696671,80.2808837891,49811,49821,10
13.0522203445,80.2810134888,49821,49831,10
13.0530595779,80.2811279297,49831,49841,10
13.0539503098,80.2812805176,49841,49851,10
13.0547800064,80.2814331055,49851,49861,10
13.0555896759,80.2816009521,49861,49871,10
13.0564603806,80.2817687988,49871,49892,21
13.0565900803,80.2817993164,49892,49912,20
13.0565900803,80.2817993164,49912,49922,10
13.0569295883,80.2818603516,49922,49932,10
13.0572004318,80.2819137573,49932,49942,10
13.0583095551,80.2821578979,49942,49952,10
13.0583095551,80.2821578979,49952,49962,10
13.0592699051,80.2823562622,49962,49972,10
13.0600996017,80.2825164795,49972,49983,11
13.0610799789,80.2827224731,49983,49993,10
13.0619297028,80.2828979492,49993,50003,10
13.0625896454,80.2830581665,50003,50013,10
13.06291008,80.2831192017,50013,50023,10
13.062959671,80.2831497192,50023,50033,10
13.0637903214,80.2833099365,50033,50063,30
13.0637903214,80.2833099365,50063,50073,10
13.0640697479,80.2834014893,50073,50083,10
13.0647096634,80.2835464478,50083,50094,11
13.0656795502,80.2837600708,50094,50104,10
13.0668497086,80.2840270996,50104,50114,10
13.0680704117,80.2842330933,50114,50124,10
13.0691299438,80.2844924927,50124,50134,10
13.0703001022,80.2847900391,50134,50144,10
13.0715799332,80.285118103,50144,50154,10
13.0729198456,80.2853164673,50154,50164,10
13.0738801956,80.2854766846,50164,50174,10
13.0740098953,80.2856216431,50174,50184,10
13.0741596222,80.2858200073,50184,50194,10
13.0746202469,80.286239624,50194,50205,11
13.0765800476,80.287147522,50205,50215,10
13.0765800476,80.287147522,50215,50225,10
13.0778102875,80.2874603271,50225,50233,8
13.078789711,80.2877120972,50233,50244,11
13.0797395706,80.2880096436,50244,50255,11
13.0798301697,80.2880172729,50255,50265,10
13.080160141,80.2880935669,50265,50275,10
13.0808696747,80.2882766724,50275,50296,21
13.0808696747,80.2882766724,50296,50306,10
13.0812597275,80.2884368896,50306,50316,10
13.0819501877,80.2886886597,50316,50326,10
13.0828199387,80.2890701294,50326,50336,10
13.0839004517,80.2891464233,50336,50346,10
13.085100174,80.2891082764,50346,50356,10
13.0864400864,80.2893981934,50356,50366,10
13.0875902176,80.2898025513,50366,50376,10
13.0885801315,80.2901229858,50376,50437,61
13.0885801315,80.2901229858,50437,50447,10
13.088809967,80.2901687622,50447,50508,61
13.088809967,80.2901687622,50508,50518,10
13.0888595581,80.2903289795,50518,50528,10
13.0885601044,80.2903671265,50528,50538,10
13.0880203247,80.2901000977,50538,50548,10
13.0874700546,80.2898788452,50548,50558,10
13.0868301392,80.2897109985,50558,50568,10
13.0862398148,80.2895584106,50568,50578,10
13.0856895447,80.2893295288,50578,50588,10
13.0850896835,80.2879333496,50588,50598,10
13.0850896835,80.2879333496,50598,50609,11
13.0851202011,80.2871322632,50609,50617,8
13.0855398178,80.283531189,50617,50667,50
13.0863599777,80.2835769653,50667,50778,111
13.0863599777,80.2835769653,50778,50788,10
13.0867099762,80.2836532593,50788,50798,10
13.0868301392,80.2837219238,50798,50808,10
13.0870304108,80.2837371826,50808,50839,31
13.0870304108,80.2837371826,50839,50849,10
13.0872001648,80.2837295532,50849,50859,10
13.0875997543,80.2836990356,50859,50869,10
13.0879802704,80.2836380005,50869,50879,10
13.0882501602,80.2835464478,50879,50889,10
13.0882701874,80.2832565308,50889,50899,10
13.0882501602,80.2831573486,50899,50909,10
13.088259697,80.2828216553,50909,50919,10
13.088259697,80.282333374,50919,50930,11
13.0880804062,80.2816772461,50930,50940,10
13.0873699188,80.2813262939,50940,50950,10
13.0865497589,80.2811203003,50950,50960,10
13.085940361,80.2809371948,50960,50970,10
13.0856800079,80.280632019,50970,50980,10
13.0855703354,80.2801208496,50980,50990,10
13.0853700638,80.2796020508,50990,51000,10
13.084859848,80.2793273926,51000,51010,10
13.0843496323,80.2792663574,51010,51019,9
13.0839395523,80.2792205811,51019,51031,12
13.0833501816,80.2790603638,51031,51041,10
13.0823802948,80.2786331177,51041,51101,60
13.0823802948,80.2786331177,51101,51111,10
13.0820503235,80.2784500122,51111,51121,10
13.0819196701,80.2779464722,51121,51132,11
13.0818099976,80.2770996094,51132,51142,10
13.0816898346,80.2763214111,51142,51152,10
13.0816297531,80.2761306763,51152,51162,10
13.0815896988,80.2760009766,51162,51172,10
13.0815496445,80.2758407593,51172,51182,10
13.0815200806,80.2757492065,51182,51192,10
13.0814695358,80.2753829956,51192,51202,10
13.0811395645,80.2752075195,51202,51212,10
13.0805101395,80.2752838135,51212,51222,10
13.0798301697,80.2753601074,51222,51233,11
13.0789699554,80.2752304077,51233,51243,10
13.0782403946,80.2756195068,51243,51253,10
13.0776100159,80.2762374878,51253,51263,10
13.0764703751,80.2763137817,51263,51273,10
13.0758600235,80.2761993408,51273,51283,10
13.0759000778,80.2760009766,51283,51293,10
13.0761604309,80.2760314941,51293,51515,222
13.0761604309,80.2760314941,51515,51525,10
13.0760803223,80.2760391235,51525,51535,10
13.0759096146,80.2759017944,51535,51545,10
13.0760097504,80.2756729126,51545,51556,11
13.0760202408,80.2753829956,51556,51566,10
13.0761203766,80.2751998901,51566,52979,1413
13.0761203766,80.2751998901,52979,52989,10
13.0760498047,80.2753829956,52989,53009,20
13.0760498047,80.2753829956,53009,53020,11
13.0759897232,80.2757492065,53020,53030,10
13.0759401321,80.2760620117,53030,53040,10
13.0759401321,80.2761306763,53040,53050,10
13.0759000778,80.2763137817,53050,53060,10
13.0755195618,80.2763824463,53060,53070,10
13.0749197006,80.2763977051,53070,53080,10
13.0742502213,80.2764587402,53080,53090,10
13.0741500854,80.2769012451,53090,53100,10
13.074640274,80.2773971558,53100,53110,10
13.0753002167,80.2781066895,53110,53120,10
13.0761499405,80.2789611816,53120,53131,11
13.0770397186,80.2799682617,53131,53141,10
13.0777301788,80.2807006836,53141,53151,10
13.0783195496,80.2813415527,53151,53161,10
13.0788402557,80.2818527222,53161,53171,10
13.0794801712,80.2816314697,53171,53181,10
13.0800895691,80.281036377,53181,53191,10
13.0808000565,80.280708313,53191,53201,10
13.0815601349,80.2810287476,53201,53211,10
13.0819196701,80.2813186646,53211,53221,10
13.0819196701,80.2813262939,53221,53232,11
13.0821304321,80.2814865112,53232,53242,10
13.0825099945,80.2817993164,53242,53252,10
13.0831098557,80.2822036743,53252,53262,10
13.0838098526,80.2826385498,53262,53272,10
13.0845003128,80.2830963135,53272,53282,10
13.084980011,80.2835769653,53282,53292,10
13.0853796005,80.2837295532,53292,53302,10
13.085559845,80.283531189,53302,53312,10
13.0858602524,80.2835617065,53312,53321,9
13.0863704681,80.2836227417,53321,53343,22
13.0863704681,80.2836227417,53343,53353,10
13.0864496231,80.2836380005,53353,53363,10
13.0868902206,80.2840194702,53363,53373,10
13.0873098373,80.2839736938,53373,53383,10
13.0876502991,80.2839431763,53383,53494,111
13.0880203247,80.2838897705,53494,53514,20
13.0881299973,80.2837905884,53514,53858,344
13.0881299973,80.2837905884,53858,53868,10
13.0880403519,80.2837600708,53868,53878,10
13.088060379,80.2836380005,53878,53888,10
13.0880699158,80.283531189,53888,53898,10
13.0881795883,80.2834091187,53898,53908,10
13.0882196426,80.2832794189,53908,53918,10
13.0882396698,80.2830886841,53918,53928,10
13.0882396698,80.2828369141,53928,53937,9
13.0882701874,80.2827224731,53937,53948,11
13.0882902145,80.2825164795,53948,53958,10
13.0882797241,80.282371521,53958,53969,11
13.0882196426,80.282043457,53969,53979,10
13.0881204605,80.2817611694,53979,53989,10
13.0881004333,80.2814483643,53989,53999,10
13.0884599686,80.28150177,53999,54009,10
13.0885095596,80.2818832397,54009,54019,10
13.0884304047,80.2822799683,54019,54029,10
13.0883998871,80.2825164795,54029,54039,10
13.0883598328,80.2828674316,54039,54049,10
13.088350296,80.2833099365,54049,54059,10
13.0883302689,80.2835922241,54059,54070,11
13.0883398056,80.284072876,54070,54080,10
13.0883998871,80.2845230103,54080,54090,10
13.0884199142,80.2845993042,54090,54100,10
13.088470459,80.2847213745,54100,54110,10
13.0884895325,80.2849121094,54110,54120,10
13.088470459,80.2854232788,54120,54140,20
13.088470459,80.2854232788,54140,54150,10
13.0884799957,80.2858581543,54150,54160,10
13.0884799957,80.2861862183,54160,54171,11
13.0885095596,80.2864379883,54171,54181,10
13.0885400772,80.2869415283,54181,54191,10
13.0885696411,80.2873382568,54191,54201,10
13.0885896683,80.2875671387,54201,54211,10
13.088640213,80.2881011963,54211,54221,10
13.0886602402,80.2884979248,54221,54231,10
13.0886602402,80.2886199951,54231,54241,10
13.0887002945,80.2890167236,54241,54251,10
13.0887403488,80.2895507813,54251,54261,10
13.0887298584,80.2900466919,54261,54292,31
13.0887298584,80.2900466919,54292,54302,10
13.0887403488,80.290222168,54302,54312,10
13.0887203217,80.2903671265,54312,54322,10
13.0883903503,80.2902603149,54322,54332,10
13.0878400803,80.2900085449,54332,54342,10
13.0872802734,80.2897491455,54342,54352,10
13.0865402222,80.2894973755,54352,54362,10
13.0854301453,80.2892303467,54362,54372,10
13.0843496323,80.2891921997,54372,54383,11
13.0833101273,80.2892303467,54383,54393,10
13.0823097229,80.2889404297,54393,54403,10
13.0812501907,80.2885513306,54403,54413,10
13.0804395676,80.2883071899,54413,54423,10
13.0803899765,80.2882995605,54423,54433,10
13.0802898407,80.2882614136,54433,54443,10
13.0799703598,80.2881393433,54443,54453,10
13.0792999268,80.2880325317,54453,54463,10
13.0783500671,80.2876586914,54463,54473,10
13.0771198273,80.2873382568,54473,54484,11
13.0756797791,80.2869491577,54484,54494,10
13.0745401382,80.2862472534,54494,54504,10
13.0738096237,80.2859802246,54504,54514,10
13.0729904175,80.2857589722,54514,54524,10
13.0719499588,80.2853012085,54524,54534,10
13.0706796646,80.2849807739,54534,54544,10
13.0693397522,80.2846603394,54544,54554,10
13.0683002472,80.2844161987,54554,54564,10
13.0680599213,80.2843704224,54564,54574,10
13.0676498413,80.2843093872,54574,54585,11
13.0666704178,80.2841186523,54585,54595,10
13.065489769,80.2838363647,54595,54605,10
13.064499855,80.2836380005,54605,54615,10
13.0642595291,80.2835998535,54615,54625,10
13.0639200211,80.2834777832,54625,54635,10
13.0631599426,80.2832870483,54635,54645,10
13.0626096725,80.2831802368,54645,54655,10
13.062379837,80.2831192017,54655,54665,10
13.0617198944,80.2829589844,54665,54675,10
13.060839653,80.2827606201,54675,54685,10
13.0599603653,80.2825698853,54685,54696,11
13.0587396622,80.2823410034,54696,54706,10
13.0579595566,80.2821807861,54706,54716,10
13.0571804047,80.2820129395,54716,54726,10
13.0566902161,80.2819213867,54726,54736,10
13.0565500259,80.2818832397,54736,54746,10
13.0559396744,80.28175354,54746,54756,10
13.0550403595,80.2815628052,54756,54766,10
13.0539999008,80.2813568115,54766,54776,10
13.0528802872,80.2811889648,54776,54786,10
13.05189991,80.281036377,54786,54797,11
13.0513696671,80.2809677124,54797,54807,10
13.0509004593,80.2809066772,54807,54817,10
13.0500802994,80.2807617188,54817,54827,10
13.0489997864,80.2806015015,54827,54837,10
13.0478801727,80.2804412842,54837,54847,10
13.0467996597,80.2802886963,54847,54857,10
13.0457801819,80.280166626,54857,54867,10
13.0455503464,80.2801513672,54867,54877,10
13.0450296402,80.2800674438,54877,54887,10
13.0441999435,80.2799530029,54887,54897,10
13.0437402725,80.279876709,54897,54908,11
13.0432701111,80.279800415,54908,54918,10
13.0424804688,80.2796096802,54918,54928,10
13.0413398743,80.2793884277,54928,54938,10
13.0401096344,80.2791213989,54938,54948,10
13.0393400192,80.2789306641,54948,54958,10
13.0389604568,80.2788391113,54958,54968,10
13.0385904312,80.278678894,54968,54978,10
13.0378198624,80.2784576416,54978,54988,10
13.0370903015,80.2782363892,54988,54998,10
13.0363998413,80.2779769897,54998,55009,11
13.0357999802,80.27784729,55009,55019,10
13.0352296829,80.2777404785,55019,55029,10
13.034740448,80.2776565552,55029,55039,10
13.0343399048,80.2775802612,55039,55049,10
13.0338497162,80.2774505615,55049,55069,20
13.0338497162,80.2774505615,55069,55079,10
13.0337400436,80.277381897,55079,55089,10
13.0333404541,80.2774429321,55089,55099,10
13.0328598022,80.2775268555,55099,55110,11
13.03262043,80.2775497437,55110,55120,10
13.0324497223,80.277557373,55120,55130,10
13.0321798325,80.2775802612,55130,55140,10
13.0318202972,80.2776565552,55140,55150,10
13.0313301086,80.2775878906,55150,55160,10
13.0309801102,80.2773513794,55160,55170,10
13.0309495926,80.2773208618,55170,55180,10
13.0305404663,80.2770385742,55180,55190,10
13.0298099518,80.2767486572,55190,55200,10
13.0290403366,80.276550293,55200,55211,11
13.028719902,80.2764282227,55211,55221,10
13.0285902023,80.2763290405,55221,55231,10
13.0286998749,80.2759933472,55231,55241,10
13.0289297104,80.2754516602,55241,55251,10
13.0289697647,80.274887085,55251,55261,10
13.0289201736,80.2744293213,55261,55271,10
13.0287799835,80.274017334,55271,55281,10
13.0286998749,80.2736434937,55281,55291,10
13.0286798477,80.2732772827,55291,55301,10
13.0287103653,80.2727432251,55301,55311,10
13.028550148,80.2723922729,55311,55322,11
13.0287399292,80.2720565796,55322,55362,40
13.0287399292,80.2720565796,55362,55372,10
13.0289201736,80.2720794678,55372,55382,10
13.0288095474,80.2723007202,55382,55391,9
13.0286998749,80.2726821899,55391,55402,11
13.0286502838,80.2731704712,55402,55412,10
13.0286998749,80.2737731934,55412,55786,374
13.0287303925,80.2740936279,55786,56028,242
13.0287303925,80.2740936279,56028,56038,10
13.0288295746,80.2742462158,56038,56079,41
13.0288295746,80.2742462158,56079,56089,10
13.0289201736,80.2745437622,56089,56099,10
13.0289402008,80.2750015259,56099,56109,10
13.0288000107,80.2756881714,56109,56119,10
13.0285100937,80.2762298584,56119,56129,10
13.0279998779,80.2761001587,56129,56139,10
13.027299881,80.2758026123,56139,56149,10
13.0264501572,80.2754211426,56149,56160,11
13.0254898071,80.2750320435,56160,56170,10
13.0247898102,80.2747116089,56170,56180,10
13.024479866,80.2745285034,56180,56190,10
13.0242204666,80.2742462158,56190,56200,10
13.0239601135,80.2738876343,56200,56210,10
13.0235204697,80.2733001709,56210,56220,10
13.0229597092,80.2725372314,56220,56230,10
13.0222501755,80.2716217041,56230,56240,10
13.0215501785,80.2706985474,56240,56250,10
13.0209503174,80.2699584961,56250,56261,11
13.0204296112,80.2693405151,56261,56271,10
13.019949913,80.268737793,56271,56281,10
13.0194396973,80.268119812,56281,56291,10
13.0188503265,80.2674179077,56291,56301,10
13.0185804367,80.2663803101,56301,56311,10
13.0186195374,80.2657928467,56311,56321,10
13.0188102722,80.2651367188,56321,56331,10
13.0190401077,80.2642669678,56331,56341,10
13.0189800262,80.2636032104,56341,56351,10
13.0189399719,80.2632369995,56351,56362,11
13.0188903809,80.2624206543,56362,56372,10
13.0187301636,80.2614822388,56372,56382,10
13.0182304382,80.2610397339,56382,56392,10
13.0175304413,80.260559082,56392,56402,10
13.0168304443,80.260093689,56402,56412,10
13.015999794,80.2595977783,56412,56422,10
13.0149202347,80.2593002319,56422,56432,10
13.0137500763,80.2592391968,56432,56442,10
13.0124797821,80.2592086792,56442,56452,10
13.011349678,80.2591705322,56452,56462,10
13.0102500916,80.2592391968,56462,56473,11
13.0090999603,80.2592163086,56473,56483,10
13.0086402893,80.2592086792,56483,56493,10
13.0082101822,80.2592163086,56493,56503,10
13.0075101852,80.2594070435,56503,56513,10
13.0071802139,80.2587738037,56513,56523,10
13.0067501068,80.2580032349,56523,56533,10
13.0060396194,80.2575378418,56533,56543,10
13.0051698685,80.25730896,56543,56553,10
13.0043201447,80.2570877075,56553,56563,10
13.0033597946,80.2568969727,56563,56574,11
13.0022802353,80.2566986084,56574,56584,10
13.001540184,80.2565917969,56584,56634,50
13.001540184,80.2565917969,56634,56644,10
13.0013103485,80.2565536499,56644,56654,10
13.0007095337,80.2564620972,56654,56664,10
12.9999704361,80.2563171387,56664,56675,11
12.9991903305,80.2561721802,56675,56685,10
12.9984998703,80.256072998,56685,56695,10
12.9977903366,80.2559890747,56695,56705,10
12.9969596863,80.2559432983,56705,56715,10
12.9966201782,80.2559204102,56715,56725,10
12.9963598251,80.2559127808,56725,56735,10
12.9959201813,80.255897522,56735,56745,10
12.9954996109,80.2559204102,56745,56755,10
12.9949798584,80.2559585571,56755,56765,10
12.9944000244,80.2559967041,56765,56775,10
12.9938001633,80.2560501099,56775,56786,11
12.9927902222,80.2561187744,56786,56796,10
12.9916601181,80.2561187744,56796,56806,10
12.9909696579,80.2560882568,56806,56816,10
12.990480423,80.2560806274,56816,56826,10
12.9899702072,80.2560424805,56826,56836,10
12.9893398285,80.2560119629,56836,56846,10
12.9887504578,80.2559814453,56846,56967,121
12.9887504578,80.2559814453,56967,56976,9
12.988360405,80.2558822632,56976,56988,12
12.987859726,80.2558135986,56988,56998,10
12.9873399734,80.2557220459,56998,57008,10
12.9867801666,80.2556228638,57008,57018,10
12.9864702225,80.2555999756,57018,57028,10
12.9864301682,80.2555999756,57028,57038,10
12.9862298965,80.255531311,57038,57048,10
12.9861297607,80.2555236816,57048,57058,10
12.9859695435,80.2554931641,57058,57068,10
12.9854602814,80.2553482056,57068,57078,10
12.9849700928,80.2552490234,57078,57088,10
12.9845504761,80.2551498413,57088,57099,11
12.9839897156,80.255027771,57099,57109,10
12.9834098816,80.2548675537,57109,57119,10
12.9829301834,80.254737854,57119,57129,10
12.9823999405,80.2545776367,57129,57139,10
12.9819898605,80.2541122437,57139,57149,10
12.9817800522,80.2533416748,57149,57159,10
12.9814395905,80.2528305054,57159,57169,10
12.9807500839,80.2527999878,57169,57179,10
12.9800796509,80.2527999878,57179,57188,9
12.9793395996,80.2526779175,57188,57200,12
12.9783296585,80.2523880005,57200,57210,10
12.9778203964,80.2519607544,57210,57220,10
12.9770402908,80.2514266968,57220,57230,10
12.9758996964,80.2510375977,57230,57240,10
12.9746599197,80.2507019043,57240,57250,10
12.9734802246,80.2503814697,57250,57260,10
12.9724502563,80.2501220703,57260,57270,10
12.9714403152,80.2498397827,57270,57280,10
12.9705295563,80.2495803833,57280,57289,9
12.9696302414,80.2492523193,57289,57301,12
12.9685201645,80.2487869263,57301,57311,10
12.9676303864,80.2484283447,57311,57321,10
12.966750145,80.2480392456,57321,57331,10
12.9659500122,80.2476806641,57331,57341,10
12.9650297165,80.2473373413,57341,57351,10
12.9642801285,80.2470703125,57351,57361,10
12.9637804031,80.2469177246,57361,57400,39
12.9637804031,80.2469177246,57400,57412,12
12.9634599686,80.2467575073,57412,57422,10
12.9628000259,80.2464065552,57422,57432,10
12.9618997574,80.2459869385,57432,57442,10
12.9608001709,80.2454681396,57442,57452,10
12.9596595764,80.2449188232,57452,57462,10
12.9585399628,80.2444229126,57462,57472,10
12.9577903748,80.2441177368,57472,57482,10
12.9570703506,80.2439117432,57482,57492,10
12.9566001892,80.2437973022,57492,57502,10
12.9563798904,80.2437286377,57502,57523,21
12.9563798904,80.2437286377,57523,57533,10
12.9563102722,80.2437210083,57533,57543,10
12.9559202194,80.2435073853,57543,57553,10
12.9552402496,80.2431182861,57553,57563,10
12.954369545,80.2427520752,57563,57573,10
12.9534101486,80.2423400879,57573,57583,10
12.9522895813,80.2418670654,57583,57593,10
12.9510498047,80.2414398193,57593,57603,10
12.9498500824,80.2410812378,57603,57614,11
12.9490995407,80.2408599854,57614,57624,10
12.9484100342,80.2405395508,57624,57634,10
12.9475402832,80.2401733398,57634,57644,10
12.9469003677,80.2399291992,57644,57654,10
12.9460296631,80.2395706177,57654,57664,10
12.9451398849,80.2390594482,57664,57674,10
12.9443302155,80.238243103,57674,57684,10
12.9436597824,80.2374725342,57684,57694,10
12.942779541,80.2366867065,57694,57704,10
12.9415397644,80.2362518311,57704,57715,11
12.9403495789,80.2359619141,57715,57725,10
12.9398097992,80.2357788086,57725,57735,10
12.9391899109,80.2354888916,57735,57745,10
12.9383001328,80.2350387573,57745,57755,10
12.9372301102,80.2345428467,57755,57765,10
12.9362401962,80.2340927124,57765,57775,10
12.9356403351,80.2339935303,57775,57785,10
12.9354000092,80.234588623,57785,57795,10
12.9351596832,80.2352981567,57795,57805,10
12.9350204468,80.2354812622,57805,57815,10
12.9347600937,80.2353515625,57815,57826,11
12.934129715,80.2350692749,57826,57836,10
12.9338102341,80.2351074219,57836,57846,10
12.9336595535,80.2357711792,57846,57856,10
12.9333295822,80.2361984253,57856,57866,10
12.9329595566,80.2362670898,57866,57876,10
12.9329099655,80.2366790771,57876,57886,10
12.9327001572,80.2372894287,57886,57896,10
12.9325704575,80.2376174927,57896,57906,10
12.9323196411,80.238319397,57906,57916,10
12.9321804047,80.2386169434,57916,57927,11
12.9317502975,80.2387390137,57927,57937,10
12.9312200546,80.238571167,57937,57947,10
12.9311103821,80.2385482788,57947,57957,10
12.930729866,80.2384033203,57957,57967,10
12.9301099777,80.2381591797,57967,57977,10
12.9299097061,80.2381591797,57977,57987,10
12.9298200607,80.2385101318,57987,57997,10
12.9297304153,80.2388763428,57997,58007,10
12.9294099808,80.239151001,58007,58127,120
12.9294099808,80.239151001,58127,58139,12
12.9292602539,80.2390365601,58139,58149,10
12.9287700653,80.2389068604,58149,58159,10
12.928150177,80.2387695313,58159,58169,10
12.9274902344,80.2386016846,58169,58179,10
12.9271001816,80.2385101318,58179,58189,10
12.9265003204,80.2383575439,58189,58199,10
12.9256696701,80.2381515503,58199,58209,10
12.9256896973,80.23828125,58209,58229,20
12.9256896973,80.23828125,58229,58240,11
12.9258098602,80.2381820679,58240,58250,10
12.9260101318,80.2381896973,58250,58260,10
12.9265604019,80.2383728027,58260,58270,10
12.9271001816,80.2384872437,58270,58280,10
12.9276599884,80.2386398315,58280,58290,10
12.9281902313,80.2387771606,58290,58300,10
12.9282503128,80.2388000488,58300,58310,10
12.9286298752,80.2388687134,58310,58320,10
12.9292802811,80.2389984131,58320,58330,10
12.9293899536,80.2387619019,58330,58341,11
12.9295597076,80.2381820679,58341,58351,10
12.9297599792,80.2379837036,58351,58361,10
12.930390358,80.2382125854,58361,58371,10
12.9311599731,80.2384872437,58371,58381,10
12.9312200546,80.2385177612,58381,58391,10
12.9313802719,80.2385482788,58391,58401,10
12.9317798615,80.2386932373,58401,58411,10
12.9322004318,80.2385177612,58411,58420,9
12.9322900772,80.2382736206,58420,58431,11
12.9325199127,80.237701416,58431,58442,11
12.9327096939,80.237197876,58442,58452,10
12.9328603745,80.2368164063,58452,58462,10
12.9329395294,80.2363586426,58462,58472,10
12.9331302643,80.2361373901,58472,58482,10
12.9335803986,80.2360992432,58482,58492,10
12.9337596893,80.2354125977,58492,58502,10
12.934009552,80.2350387573,58502,58512,10
12.9344701767,80.2352294922,58512,58522,10
12.9348497391,80.2353591919,58522,58532,10
12.9350404739,80.2354507446,58532,58542,10
12.9351701736,80.2352905273,58542,58553,11
12.9353199005,80.2349090576,58553,58563,10
12.9356403351,80.234161377,58563,58573,10
12.9357595444,80.2338790894,58573,58583,10
12.9357595444,80.2338180542,58583,58593,10
12.9359197617,80.2337493896,58593,58603,10
12.9363803864,80.2339935303,58603,58613,10
12.9371700287,80.2343902588,58613,58623,10
12.9382400513,80.2349014282,58623,58633,10
12.9393701553,80.235458374,58633,58643,10
12.9397497177,80.2356185913,58643,58654,11
12.9399003983,80.2356796265,58654,58664,10
12.9402799606,80.2358322144,58664,58674,10
12.9410600662,80.2360610962,58674,58684,10
12.942150116,80.2363510132,58684,58694,10
12.94328022,80.2369537354,58694,58704,10
12.9441995621,80.2379226685,58704,58714,10
12.9450902939,80.2388916016,58714,58724,10
12.9459695816,80.2394485474,58724,58734,10
12.94672966,80.2397613525,58734,58744,10
12.9472904205,80.2399673462,58744,58755,11
12.9472999573,80.2399673462,58755,58765,10
12.9476003647,80.2400970459,58765,58775,10
12.9480199814,80.2403030396,58775,58785,10
12.948559761,80.2405166626,58785,58795,10
12.9491796494,80.2407608032,58795,58805,10
12.9497900009,80.2409362793,58805,58815,10
12.9505596161,80.2411727905,58815,58825,10
12.9511003494,80.241317749,58825,58835,10
12.9512500763,80.2413864136,58835,58845,10
12.951669693,80.241569519,58845,58855,10
12.952340126,80.2417984009,58855,58866,11
12.9533004761,80.2422027588,58866,58876,10
12.9538097382,80.2423782349,58876,58886,10
12.9542102814,80.2425308228,58886,58896,10
12.9547901154,80.2427597046,58896,58905,9
12.9554004669,80.242980957,58905,58916,11
12.9561901093,80.2432327271,58916,58926,10
12.9564199448,80.243309021,58926,58936,10
12.9568099976,80.2434997559,58936,58946,10
12.9575195313,80.2438812256,58946,58955,9
12.9583702087,80.2442474365,58955,58967,12
12.9591197968,80.2446136475,58967,58977,10
12.959859848,80.2449493408,58977,58987,10
12.960849762,80.2453994751,58987,58997,10
12.9618997574,80.245880127,58997,59007,10
12.9624900818,80.2461013794,59007,59017,10
12.9631500244,80.2464370728,59017,59027,10
12.9635400772,80.2466812134,59027,59037,10
12.9637899399,80.2468032837,59037,59047,10
12.9638900757,80.2468490601,59047,59057,10
12.9643201828,80.2470092773,59057,59068,11
12.9651203156,80.2472915649,59068,59078,10
12.9660997391,80.2476501465,59078,59088,10
12.9668302536,80.2479705811,59088,59108,20
12.9668302536,80.2479705811,59108,59118,10
12.967040062,80.2481002808,59118,59128,10
12.9676103592,80.2483596802,59128,59138,10
12.9684696198,80.2487030029,59138,59148,10
12.9695701599,80.2491531372,59148,59158,10
12.9707698822,80.2496109009,59158,59169,11
12.9722099304,80.2500076294,59169,59179,10
12.9734802246,80.2503509521,59179,59189,10
12.9746704102,80.2506713867,59189,59199,10
12.9759502411,80.2510375977,59199,59209,10
12.9772596359,80.2514419556,59209,59219,10
12.9782600403,80.2521820068,59219,59229,10
12.9786701202,80.2524108887,59229,59239,10
12.9789104462,80.2525177002,59239,59249,10
12.9796104431,80.2526321411,59249,59299,50
12.9796104431,80.2526321411,59299,59310,11
12.979809761,80.2526779175,59310,59320,10
12.9802398682,80.2526779175,59320,59330,10
12.9808797836,80.2526473999,59330,59340,10
12.9817495346,80.2526168823,59340,59350,10
12.9827098846,80.2525787354,59350,59360,10
12.9836997986,80.2524414063,59360,59369,9
12.9846897125,80.2521820068,59369,59381,12
12.9855699539,80.2518997192,59381,59431,50
12.9855699539,80.2518997192,59431,59441,10
12.985710144,80.2519683838,59441,59451,10
12.9861803055,80.2518005371,59451,59461,10
12.9867801666,80.2516403198,59461,59471,10
12.9871501923,80.2515106201,59471,59482,11
12.9876003265,80.2513885498,59482,59492,10
12.9879598618,80.251663208,59492,59502,10
12.9880304337,80.2520980835,59502,59512,10
12.9880199432,80.252746582,59512,59522,10
12.9879798889,80.2532424927,59522,59532,10
12.9879198074,80.2538375854,59532,59542,10
12.9878797531,80.2544708252,59542,59552,10
12.9878196716,80.2553482056,59552,59572,20
12.9878196716,80.2553482056,59572,59581,9
12.9877700806,80.2556533813,59581,59593,12
12.987830162,80.2558288574,59593,59603,10
12.9882602692,80.255859375,59603,59623,20
12.9882602692,80.255859375,59623,59633,10
12.9884500504,80.2558898926,59633,59643,10
12.9888401031,80.2559280396,59643,59653,10
12.9894895554,80.2559814453,59653,59663,10
12.9901399612,80.2559967041,59663,59673,10
12.9905595779,80.2560195923,59673,59683,10
12.9912395477,80.2560272217,59683,59694,11
12.9922304153,80.2560119629,59694,59704,10
12.993229866,80.2559585571,59704,59714,10
12.994020462,80.2559280396,59714,59724,10
12.9943399429,80.2559661865,59724,59734,10
12.994720459,80.2559432983,59734,59744,10
12.9952201843,80.2559204102,59744,59754,10
12.9957199097,80.2558898926,59754,59764,10
12.9960403442,80.2558898926,59764,59805,41
12.9960403442,80.2558898926,59805,59815,10
12.9962701797,80.2559204102,59815,59825,10
12.9966602325,80.2558822632,59825,59835,10
12.9970998764,80.2558898926,59835,59845,10
12.9976501465,80.2559204102,59845,59855,10
12.9979496002,80.2559280396,59855,59865,10
12.9983997345,80.2559967041,59865,59895,30
12.9983997345,80.2559967041,59895,59906,11
12.9989595413,80.2560806274,59906,59916,10
12.9992904663,80.256111145,59916,59966,50
12.9992904663,80.256111145,59966,59976,10
12.9994802475,80.2562103271,59976,59986,10
13.0000696182,80.2563171387,59986,59995,9
13.0008201599,80.2564468384,59995,60007,12
13.0015497208,80.2565917969,60007,60017,10
13.0022697449,80.2567062378,60017,60027,10
13.0027198792,80.2567901611,60027,60037,10
13.0032300949,80.2568893433,60037,60047,10
13.0037002563,80.2569732666,60047,60057,10
13.0041799545,80.2570724487,60057,60067,10
13.0047197342,80.2571487427,60067,60077,10
13.0053901672,80.2572937012,60077,60087,10
13.0063295364,80.2574691772,60087,60168,81
13.0063295364,80.2574691772,60168,60178,10
13.0064096451,80.257522583,60178,60188,10
13.0067396164,80.2576217651,60188,60197,9
13.0069999695,80.2581481934,60197,60208,11
13.0076198578,80.2587127686,60208,60219,11
13.0084199905,80.2589874268,60219,60229,10
13.0085201263,80.2590332031,60229,60239,10
13.0087604523,80.2591171265,60239,60249,10
13.0093002319,80.2591629028,60249,60259,10
13.0101203918,80.259147644,60259,60269,10
13.0110301971,80.2591400146,60269,60279,10
13.0120296478,80.2591400146,60279,60289,10
13.0132303238,80.2592086792,60289,60299,10
13.0145101547,80.2592391968,60299,60309,10
13.0157604218,80.2593765259,60309,60320,11
13.0164899826,80.2597427368,60320,60330,10
13.0165700912,80.2598114014,60330,60340,10
13.0170202255,80.2601623535,60340,60350,10
13.0177202225,80.2606430054,60350,60360,10
13.018529892,80.2611999512,60360,60370,10
13.0191402435,80.2617034912,60370,60380,10
13.019780159,80.2623291016,60380,60390,10
13.0203695297,80.2629623413,60390,60400,10
13.0200395584,80.2630615234,60400,60410,10
13.0193300247,80.2630081177,60410,60421,11
13.0190095901,80.2632217407,60421,60431,10
13.0191297531,80.2639083862,60431,60441,10
13.0191698074,80.2641677856,60441,60451,10
13.0191001892,80.2645797729,60451,60461,10
13.0189199448,80.2651977539,60461,60471,10
13.0188102722,80.2656021118,60471,60481,10
13.018699646,80.2663421631,60481,60491,10
13.018910408,80.267288208,60491,60501,10
13.0195398331,80.268119812,60501,60510,9
13.0200796127,80.2687683105,60510,60522,12
13.0207796097,80.2696304321,60522,60532,10
13.0213699341,80.2703399658,60532,60542,10
13.0215597153,80.2705535889,60542,60552,10
13.021730423,80.2707824707,60552,60562,10
13.0221395493,80.2713165283,60562,60572,10
13.0227003098,80.2720413208,60572,60582,10
13.0233097076,80.2728500366,60582,60592,10
13.0236797333,80.2733535767,60592,60602,10
13.0240001678,80.2738037109,60602,60612,10
13.0242900848,80.2741928101,60612,60621,9
13.0243902206,80.2743377686,60621,60633,12
13.0247001648,80.2746276855,60633,60643,10
13.0252199173,80.2748718262,60643,60653,10
13.0255804062,80.2750091553,60653,60663,10
13.0257997513,80.2751235962,60663,60673,10
13.0263700485,80.2754211426,60673,60734,61
13.0263700485,80.2754211426,60734,60744,10
13.0266599655,80.2755432129,60744,60754,10
13.0270004272,80.275680542,60754,60865,111
13.0270004272,80.275680542,60865,60875,10
13.027179718,80.2757492065,60875,60885,10
13.0272102356,80.2757797241,60885,60895,10
13.0273704529,80.2759017944,60895,60905,10
13.0274000168,80.2759017944,60905,60915,10
13.0275402069,80.275932312,60915,60986,71
13.0275402069,80.275932312,60986,60996,10
13.0277204514,80.276008606,60996,61127,131
13.0277204514,80.276008606,61127,61137,10
13.0282402039,80.2762374878,61137,61148,11
13.0284004211,80.2762985229,61148,61299,151
13.0284004211,80.2762985229,61299,61309,10
13.028719902,80.2764282227,61309,61319,10
13.0291700363,80.2765808105,61319,61329,10
13.0294704437,80.2766876221,61329,61400,71
13.0294704437,80.2766876221,61400,61410,10
13.0298204422,80.2767562866,61410,61420,10
13.0301504135,80.2768936157,61420,61481,61
13.0301504135,80.2768936157,61481,61491,10
13.0303401947,80.2769699097,61491,61501,10
13.0304498672,80.2770233154,61501,61541,40
13.0304498672,80.2770233154,61541,61551,10
13.0308504105,80.2772293091,61551,61622,71
13.0311603546,80.2773971558,61622,61652,30
13.0311603546,80.2773971558,61652,61662,10
13.0313301086,80.2774963379,61662,61673,11
13.031370163,80.2775192261,61673,61683,10
13.0315504074,80.2775726318,61683,61693,10
13.0317296982,80.2776107788,61693,61703,10
13.0319299698,80.2775878906,61703,61713,10
13.0320501328,80.2775726318,61713,61895,182
13.0320501328,80.2775726318,61895,61905,10
13.0323600769,80.277557373,61905,61915,10
13.0326795578,80.2775421143,61915,61925,10
13.0327796936,80.2775421143,61925,61935,10
13.0331001282,80.2774887085,61935,62016,81
13.0334796906,80.2774276733,62016,62036,20
13.0334796906,80.2774276733,62036,62046,10
13.033780098,80.2774581909,62046,62056,10
13.034119606,80.2775421143,62056,62066,10
13.0345497131,80.2776489258,62066,62087,21
13.0345497131,80.2776489258,62087,62097,10
13.0349998474,80.2777175903,62097,62107,10
13.0351896286,80.2777404785,62107,62117,10
13.0354204178,80.2777786255,62117,62127,10
13.0357198715,80.27784729,62127,62137,10
13.0362796783,80.2779312134,62137,62147,10
13.0367603302,80.2781066895,62147,62157,10
13.0374403,80.2783203125,62157,62167,10
13.0378704071,80.2784423828,62167,62177,10
13.0382604599,80.2785491943,62177,62187,10
13.0388202667,80.2787017822,62187,62198,11
13.0389900208,80.2787475586,62198,62208,10
13.0391597748,80.2788391113,62208,62218,10
13.0395898819,80.2789764404,62218,62228,10
13.0403604507,80.2791824341,62228,62238,10
13.0413503647,80.2793807983,62238,62248,10
13.0425195694,80.2795410156,62248,62258,10
13.0431203842,80.2796173096,62258,62319,61
13.0431203842,80.2796173096,62319,62329,10
13.0431900024,80.2796096802,62329,62339,10
13.0435695648,80.2797317505,62339,62349,10
13.0442199707,80.2799072266,62349,62359,10
13.045009613,80.2800292969,62359,62369,10
13.04570961,80.2801132202,62369,62379,10
13.0457696915,80.2801208496,62379,62389,10
13.0461997986,80.2801895142,62389,62400,11
13.046959877,80.2802963257,62400,62410,10
13.0478801727,80.2804412842,62410,62420,10
13.0489196777,80.2806015015,62420,62430,10
13.0497303009,80.2807006836,62430,62440,10
13.0505504608,80.2808227539,62440,62450,10
13.05148983,80.280960083,62450,62460,10
13.0525302887,80.2811126709,62460,62470,10
13.0534296036,80.28125,62470,62480,10
13.0543298721,80.2814102173,62480,62490,10
13.055270195,80.2816009521,62490,62501,11
13.056189537,80.2817764282,62501,62511,10
13.0564498901,80.2818222046,62511,62521,10
13.0564603806,80.281829834,62521,62531,10
13.0568704605,80.2819213867,62531,62541,10
13.0573101044,80.2820129395,62541,62551,10
13.0573596954,80.2820281982,62551,62561,10
13.0577697754,80.282119751,62561,62571,10
13.0585203171,80.2822799683,62571,62581,10
13.0595397949,80.2825012207,62581,62591,10
13.0606603622,80.2827224731,62591,62601,10
13.0617799759,80.2829589844,62601,62612,11
13.0632095337,80.2832489014,62612,62632,20
13.0632095337,80.2832489014,62632,62642,10
13.0632896423,80.2833023071,62642,62652,10
13.0634498596,80.2833175659,62652,62662,10
13.0640096664,80.2834320068,62662,62702,40
13.0640096664,80.2834320068,62702,62713,11
13.0642795563,80.2835388184,62713,62723,10
13.0649595261,80.283706665,62723,62733,10
13.0659704208,80.2839279175,62733,62743,10
13.0671796799,80.2842025757,62743,62753,10
13.0684604645,80.2844314575,62753,62763,10
13.0697698593,80.2847366333,62763,62773,10
13.0711097717,80.2850799561,62773,62783,10
13.0724000931,80.2853469849,62783,62793,10
13.0733995438,80.2852706909,62793,62802,9
13.0735702515,80.2853012085,62802,62814,12
13.0736198425,80.2853012085,62814,62824,10
13.0740499496,80.2856903076,62824,62844,20
13.0740499496,80.2856903076,62844,62854,10
13.0742702484,80.2859802246,62854,62864,10
13.0748195648,80.2863998413,62864,62874,10
13.0755901337,80.2868728638,62874,62884,10
13.0766000748,80.2872009277,62884,62894,10
13.0776996613,80.2874832153,62894,62895,1
13.0778198242,80.2875137329,62895,62915,20
13.0798397064,80.2881011963,62915,62925,10
13.0808000565,80.2883071899,62925,62935,10
13.080909729,80.2883377075,62935,62945,10
13.081029892,80.2883911133,62945,62955,10
13.0815601349,80.2885665894,62955,62965,10
13.0823297501,80.2888565063,62965,62975,10
13.0832996368,80.2892074585,62975,62985,10
13.0843095779,80.2891921997,62985,62995,10
13.0855503082,80.2892303467,62995,63005,10
13.0868301392,80.2895736694,63005,63015,10
13.0878000259,80.2899398804,63015,63026,11
13.0886602402,80.2901611328,63026,63056,30
13.0886602402,80.2901611328,63056,63066,10
13.0888204575,80.2902832031,63066,63076,10
13.0885801315,80.290397644,63076,63086,10
13.0880498886,80.2901229858,63086,63096,10
13.087220192,80.2898178101,63096,63106,10
13.0864496231,80.2896118164,63106,63115,9
13.085729599,80.2893981934,63115,63127,12
13.0852499008,80.2885818481,63127,63137,10
13.0851097107,80.2878723145,63137,63147,10
13.085149765,80.2870407104,63147,63157,10
13.0852499008,80.2861175537,63157,63167,10
13.0853204727,80.2852401733,63167,63177,10
13.085269928,80.2843093872,63177,63187,10
13.0854101181,80.2837905884,63187,63197,10
13.0854902267,80.2835769653,63197,63207,10
13.0858097076,80.2835388184,63207,63217,10
13.0862598419,80.2835769653,63217,63228,11
13.0867300034,80.2839202881,63228,63258,30
13.0867300034,80.2839202881,63258,63268,10
13.0869598389,80.2840194702,63268,63278,10
13.087100029,80.283996582,63278,63288,10
13.0874700546,80.2840118408,63288,63308,20
13.0874700546,80.2840118408,63308,63318,10
13.0875396729,80.2840194702,63318,63328,10
13.0877895355,80.2840194702,63328,63339,11
13.087849617,80.2840118408,63339,63349,10
13.0879096985,80.283996582,63349,63359,10
13.0881204605,80.2838363647,63359,64227,868
13.0881204605,80.2838363647,64227,64237,10
13.0881996155,80.2835693359,64237,64247,10
13.0883102417,80.2833023071,64247,64257,10
13.0882997513,80.282913208,64257,64268,11
13.0882797241,80.2824707031,64268,64278,10
13.0882396698,80.2821731567,64278,64288,10
13.0881004333,80.2817001343,64288,64298,10
13.0881996155,80.281463623,64298,64308,10
13.0884599686,80.281539917,64308,64318,10
13.08852005,80.2818984985,64318,64328,10
13.0884199142,80.2823791504,64328,64338,10
13.0883703232,80.282699585,64338,64348,10
13.0883398056,80.2831726074,64348,64358,10
13.0883703232,80.283782959,64358,64369,11
13.0883998871,80.284362793,64369,64379,10
13.0884504318,80.2849884033,64379,64389,10
13.0884799957,80.2855377197,64389,64399,10
13.0885095596,80.2857818604,64399,64409,10
13.08852005,80.2862091064,64409,64419,10
13.0885400772,80.2864227295,64419,64429,10
13.0885295868,80.2866668701,64429,64439,10
13.088549614,80.2871627808,64439,64449,10
13.0885801315,80.2874832153,64449,64459,10
13.0886096954,80.2876815796,64459,64469,10
13.0886602402,80.2881317139,64469,64480,11
13.0887002945,80.2885665894,64480,64490,10
13.0887203217,80.288772583,64490,64500,10
13.0887899399,80.289352417,64500,64520,20
13.0887899399,80.289352417,64520,64530,10
13.0887699127,80.2896270752,64530,64540,10
13.0887899399,80.2899932861,64540,64550,10
13.0888004303,80.2901535034,64550,64560,10
13.0887899399,80.2902908325,64560,64570,10
13.0887203217,80.2904968262,64570,64581,11
13.0883703232,80.2903213501,64581,64591,10
13.0879497528,80.2900924683,64591,64601,10
13.0873403549,80.2897872925,64601,64611,10
13.086640358,80.2895431519,64611,64621,10
13.0857801437,80.2893218994,64621,64631,10
13.0848999023,80.2891464233,64631,64641,10
13.0840101242,80.2891998291,64641,64651,10
13.0833902359,80.2892227173,64651,64661,10
13.0831203461,80.2892227173,64661,64671,10
13.0828895569,80.2891616821,64671,64682,11
13.0827198029,80.2890777588,64682,64692,10
13.0824804306,80.2889709473,64692,64701,9
13.0821304321,80.28881073,64701,64712,11
13.0818595886,80.2887268066,64712,64722,10
13.0817604065,80.2886886597,64722,64732,10
13.0815601349,80.2886199951,64732,64742,10
13.0813703537,80.2885665894,64742,64752,10
13.0811300278,80.2884902954,64752,64762,10
13.0809402466,80.2884292603,64762,64772,10
13.0808000565,80.2883911133,64772,64803,31
13.0808000565,80.2883911133,64803,64813,10
13.0806903839,80.2883605957,64813,64823,10
13.0804195404,80.2882766724,64823,64833,10
13.0800895691,80.2882003784,64833,64843,10
13.0800600052,80.288192749,64843,64853,10
13.0797195435,80.2881164551,64853,64863,10
13.0791597366,80.2879562378,64863,64873,10
13.0784502029,80.2876815796,64873,64883,10
13.0775003433,80.2874298096,64883,64894,11
13.0763597488,80.2871398926,64894,64904,10
13.0754699707,80.2868499756,64904,64914,10
13.074760437,80.2864074707,64914,64924,10
13.0741500854,80.2861480713,64924,64944,20
13.0741500854,80.2861480713,64944,64954,10
13.0738697052,80.2860870361,64954,64964,10
13.0733299255,80.2859573364,64964,64974,10
13.0726499557,80.2855682373,64974,64984,10
13.0717697144,80.2852401733,64984,64995,11
13.0705404282,80.2849197388,64995,65005,10
13.0693597794,80.28465271,65005,65015,10
13.0683202744,80.2844085693,65015,65025,10
13.0680103302,80.284362793,65025,65035,10
13.067899704,80.2843399048,65035,65045,10
13.0673303604,80.2842636108,65045,65055,10
13.0665102005,80.2840805054,65055,65065,10
13.0655202866,80.2838363647,65065,65075,10
13.0646295547,80.2836380005,65075,65085,10
13.0642204285,80.2835769653,65085,65096,11
13.0639600754,80.2835006714,65096,65106,10
13.0633897781,80.2833404541,65106,65116,10
13.0628700256,80.2832183838,65116,65126,10
13.0626096725,80.2831497192,65126,65156,30
13.0626096725,80.2831497192,65156,65166,10
13.0624704361,80.2830963135,65166,65176,10
13.0621500015,80.2830200195,65176,65186,10
13.0617103577,80.2829284668,65186,65196,10
13.0617103577,80.2829284668,65196,65207,11
13.0615701675,80.2828979492,65207,65217,10
13.0614500046,80.2828826904,65217,65239,22
13.0607004166,80.2827224731,65239,65259,20
13.0607004166,80.2827224731,65259,65269,10
13.0602502823,80.282623291,65269,65279,10
13.0596599579,80.2825088501,65279,65289,10
13.058930397,80.2823562622,65289,65300,11
13.0582704544,80.2822265625,65300,65310,10
13.0577802658,80.2821273804,65310,65320,10
13.0567102432,80.2819137573,65320,65340,20
13.0567102432,80.2819137573,65340,65350,10
13.0565795898,80.2818832397,65350,65360,10
13.0560598373,80.2817611694,65360,65370,10
13.0553302765,80.2816009521,65370,65380,10
13.0544099808,80.2814102173,65380,65390,10
13.0532999039,80.2812194824,65390,65400,10
13.0523004532,80.2810821533,65400,65411,11
13.0514097214,80.2809677124,65411,65421,10
13.0508403778,80.2808990479,65421,65431,10
13.0502500534,80.2808074951,65431,65441,10
13.049659729,80.2807235718,65441,65451,10
13.0488796234,80.2806091309,65451,65461,10
13.0480499268,80.2804794312,65461,65471,10
13.0472097397,80.2803573608,65471,65481,10
13.0464401245,80.2802581787,65481,65491,10
13.0457496643,80.280166626,65491,65501,10
13.0456600189,80.2801513672,65501,65512,11
13.0452699661,80.2801132202,65512,65522,10
13.0445995331,80.2800064087,65522,65532,10
13.0438604355,80.2798995972,65532,65542,10
13.0431203842,80.2797470093,65542,65552,10
13.0421800613,80.2795333862,65552,65562,10
13.0412597656,80.2793807983,65562,65572,10
13.0403003693,80.2791671753,65572,65582,10
13.0394897461,80.2789230347,65582,65592,10
13.0390901566,80.2788162231,65592,65602,10
13.0390300751,80.2788009644,65602,65613,11
13.0385904312,80.278678894,65613,65623,10
13.0378799438,80.2784729004,65623,65633,10
13.0373601913,80.2783432007,65633,65643,10
13.0370197296,80.2782211304,65643,65653,10
13.0364303589,80.2779769897,65653,65663,10
13.0356903076,80.2778015137,65663,65673,10
13.0350904465,80.277671814,65673,65683,10
13.0343198776,80.2775192261,65683,65693,10
13.0331201553,80.2774505615,65693,65713,20
13.0331201553,80.2774505615,65713,65724,11
13.0327396393,80.2774810791,65724,65754,30
13.0327396393,80.2774810791,65754,65764,10
13.0323600769,80.2775115967,65764,65804,40
13.0323600769,80.2775115967,65804,65814,10
13.0319795609,80.2775421143,65814,65825,11
13.0318002701,80.2775802612,65825,65835,10
13.0315799713,80.2775878906,65835,65845,10
13.0313100815,80.2775115967,65845,65885,40
13.0313100815,80.2775115967,65885,65895,10
13.0309200287,80.2772674561,65895,65915,20
13.0309200287,80.2772674561,65915,65926,11
13.0306301117,80.2770996094,65926,65936,10
13.0301103592,80.2768630981,65936,65946,10
13.0296401978,80.2766876221,65946,65956,10
13.0291500092,80.276550293,65956,65966,10
13.0286798477,80.2763977051,65966,65976,10
13.0283403397,80.2762527466,65976,65986,10
13.0278196335,80.2760391235,65986,65996,10
13.0273599625,80.2758636475,65996,66006,10
13.0267696381,80.2755813599,66006,66016,10
13.025970459,80.2752304077,66016,66037,21
13.025970459,80.2752304077,66037,66047,10
13.0259103775,80.2752075195,66047,66057,10
13.0256004333,80.275062561,66057,66067,10
13.0250301361,80.274810791,66067,66077,10
13.0243902206,80.2743988037,66077,66087,10
13.0241098404,80.2740936279,66087,66097,10
13.0241003036,80.2740783691,66097,66107,10
13.024020195,80.2739562988,66107,66117,10
13.0237798691,80.2736129761,66117,66126,9
13.023440361,80.2731628418,66126,66138,12
13.0228395462,80.2723617554,66138,66148,10
13.0222597122,80.2716217041,66148,66158,10
13.0217599869,80.2709579468,66158,66168,10
13.0211896896,80.2702484131,66168,66178,10
13.0208501816,80.2698898315,66178,66188,10
13.0208301544,80.269859314,66188,66198,10
13.0206298828,80.2696075439,66198,66208,10
13.0202798843,80.2691421509,66208,66218,10
13.0197696686,80.2685012817,66218,66228,10
13.0191602707,80.2677612305,66228,66239,11
13.0186500549,80.2667770386,66239,66249,10
13.0185804367,80.2660064697,66249,66259,10
13.018699646,80.2654190063,66259,66269,10
13.018910408,80.2646636963,66269,66279,10
13.018989563,80.2638092041,66279,66289,10
13.0189399719,80.2634277344,66289,66299,10
13.0188703537,80.2629928589,66299,66309,10
13.0188598633,80.2628326416,66309,66319,10
13.0188302994,80.2624435425,66319,66328,9
13.0187997818,80.2621383667,66328,66340,12
13.0187196732,80.2617492676,66340,66350,10
13.0186901093,80.2614593506,66350,66360,10
13.0186195374,80.2613296509,66360,66370,10
13.0185003281,80.2612228394,66370,66380,10
13.0183496475,80.2611312866,66380,66390,10
13.0180301666,80.2609100342,66390,66400,10
13.0177297592,80.2607192993,66400,66410,10
13.0173101425,80.2604293823,66410,66420,10
13.0168504715,80.2601165771,66420,66430,10
13.0161800385,80.2597198486,66430,66451,21
13.0161800385,80.2597198486,66451,66461,10
13.0161304474,80.2596893311,66461,66471,10
13.0157804489,80.2595214844,66471,66481,10
13.01445961,80.2592697144,66481,66491,10
13.01445961,80.2592697144,66491,66501,10
13.0136299133,80.2592468262,66501,66510,9
13.0127096176,80.2592163086,66510,66521,11
13.0115804672,80.2591781616,66521,66531,10
13.0106601715,80.2591934204,66531,66541,10
13.0096797943,80.2592086792,66541,66552,11
13.0089797974,80.2591781616,66552,66562,10
13.0087003708,80.2591934204,66562,66572,10
13.0082902908,80.2591934204,66572,66582,10
13.0077295303,80.2593231201,66582,66592,10
13.007109642,80.2585983276,66592,66622,30
13.007109642,80.2585983276,66622,66632,10
13.0069503784,80.2582931519,66632,66641,9
13.006649971,80.2578201294,66641,66653,12
13.0058298111,80.2574615479,66653,66663,10
13.0051403046,80.2572937012,66663,66673,10
13.0044202805,80.2571105957,66673,66683,10
13.003660202,80.256942749,66683,66693,10
13.0030202866,80.2567977905,66693,66703,10
13.0023803711,80.256690979,66703,66713,10
13.0017004013,80.2565917969,66713,66794,81
13.0017004013,80.2565917969,66794,66804,10
13.0015697479,80.2565612793,66804,66814,10
13.0012197495,80.2565307617,66814,66824,10
13.000670433,80.256439209,66824,66834,10
13.0,80.2563171387,66834,66843,9
12.9993400574,80.256187439,66843,66855,12
12.9986495972,80.2560806274,66855,66915,60
12.9986495972,80.2560806274,66915,66925,10
12.9982204437,80.2560272217,66925,66935,10
12.9979095459,80.2559585571,66935,66945,10
12.9973602295,80.255897522,66945,66955,10
12.9968299866,80.2558898926,66955,66966,11
12.9963302612,80.255859375,66966,66976,10
12.9958696365,80.2558898926,66976,66986,10
12.9955196381,80.255897522,66986,66996,10
12.9950304031,80.2559127808,66996,67006,10
12.9944400787,80.2559509277,67006,67016,10
12.9940395355,80.2559814453,67016,67026,10
12.9934396744,80.2560195923,67026,67036,10
12.9926395416,80.2560501099,67036,67046,10
12.9917697906,80.2560424805,67046,67056,10
12.991060257,80.2559967041,67056,67067,11
12.9905004501,80.2559890747,67067,67077,10
12.9904203415,80.2559967041,67077,67087,10
12.9902801514,80.2560119629,67087,67097,10
12.9898796082,80.2560424805,67097,67157,60
12.9898796082,80.2560424805,67157,67168,11
12.9894199371,80.2560195923,67168,67178,10
12.9888696671,80.2559585571,67178,67188,10
12.9883298874,80.255897522,67188,67198,10
12.9878501892,80.2558135986,67198,67208,10
12.987449646,80.2557373047,67208,67218,10
12.987039566,80.2556610107,67218,67228,10
12.9869298935,80.2556304932,67228,67238,10
12.9866895676,80.255607605,67238,67248,10
12.9865503311,80.2555770874,67248,67258,10
12.9862098694,80.2555007935,67258,67269,11
12.9859304428,80.2554473877,67269,67279,10
12.9857597351,80.2554168701,67279,67289,10
12.9856700897,80.2553863525,67289,67299,10
12.9854097366,80.255317688,67299,67309,10
12.9848604202,80.2551879883,67309,67319,10
12.9843902588,80.2550735474,67319,67329,10
12.9843196869,80.2550582886,67329,67339,10
12.9839801788,80.2549819946,67339,67349,10
12.9836101532,80.2548828125,67349,67359,10
12.9833602905,80.2548065186,67359,67369,10
12.9828195572,80.2546081543,67369,67380,11
12.9822101593,80.2543869019,67380,67390,10
12.982000351,80.2540435791,67390,67400,10
12.9818401337,80.2536392212,67400,67410,10
12.9817199707,80.2531280518,67410,67420,10
12.9812498093,80.252746582,67420,67430,10
12.9807195663,80.2527389526,67430,67440,10
12.9802503586,80.2527694702,67440,67450,10
12.9798297882,80.252746582,67450,67460,10
12.9792098999,80.2526702881,67460,67501,41
12.9792098999,80.2526702881,67501,67511,10
12.9790296555,80.2526626587,67511,67531,20
12.9790296555,80.2526626587,67531,67541,10
12.9787197113,80.2525177002,67541,67551,10
12.9781703949,80.2522277832,67551,67561,10
12.977519989,80.2516708374,67561,67571,10
12.976559639,80.2512130737,67571,67582,11
12.9753103256,80.2508621216,67582,67592,10
12.9741296768,80.2505264282,67592,67602,10
12.9729795456,80.2502212524,67602,67612,10
12.971830368,80.2499389648,67612,67622,10
12.9706401825,80.2496109009,67622,67632,10
12.9695396423,80.2491912842,67632,67642,10
12.9685602188,80.2488174438,67642,67652,10
12.9678096771,80.2485198975,67652,67662,10
12.9673995972,80.248336792,67662,67672,10
12.967089653,80.2481765747,67672,67683,11
12.9666795731,80.2479629517,67683,67693,10
12.9661903381,80.247756958,67693,67713,20
12.9661903381,80.247756958,67713,67723,10
12.9660100937,80.2476882935,67723,67733,10
12.9658498764,80.2476119995,67733,67743,10
12.9656600952,80.2474975586,67743,67753,10
12.9651899338,80.2473602295,67753,67763,10
12.9645795822,80.2471466064,67763,67772,9
12.9643802643,80.2470779419,67772,67804,32
12.9643802643,80.2470779419,67804,67814,10
12.9641504288,80.2469711304,67814,67824,10
12.9640102386,80.2469024658,67824,67834,10
12.9636697769,80.2467803955,67834,67844,10
12.9631299973,80.2465209961,67844,67854,10
12.9623498917,80.2461395264,67854,67864,10
12.9614295959,80.2457122803,67864,67874,10
12.9604301453,80.2452316284,67874,67884,10
12.959569931,80.2448425293,67884,67895,11
12.958820343,80.2445373535,67895,67925,30
12.958820343,80.2445373535,67925,67935,10
12.9587097168,80.244468689,67935,67945,10
12.958319664,80.2443084717,67945,67955,10
12.9578104019,80.2441101074,67955,67965,10
12.9572200775,80.2438812256,67965,67975,10
12.9564800262,80.2435531616,67975,67996,21
12.9564800262,80.2435531616,67996,68006,10
12.9561500549,80.2434463501,68006,68016,10
12.9555597305,80.2431564331,68016,68026,10
12.9548301697,80.2428588867,68026,68036,10
12.9541397095,80.2425765991,68036,68046,10
12.9533596039,80.2422637939,68046,68056,10
12.9523296356,80.2418823242,68056,68086,30
12.9523296356,80.2418823242,68086,68097,11
12.9521303177,80.2417984009,68097,68107,10
12.9515600204,80.2416000366,68107,68117,10
12.9507598877,80.241317749,68117,68127,10
12.949839592,80.2410507202,68127,68137,10
12.9491195679,80.2408370972,68137,68147,10
12.9483604431,80.2404785156,68147,68157,10
12.9476099014,80.2401733398,68157,68167,10
12.9472398758,80.2400131226,68167,68177,10
12.9468698502,80.2398605347,68177,68186,9
12.9465703964,80.2397689819,68186,68198,12
12.9462404251,80.2396774292,68198,68208,10
12.9461603165,80.239616394,68208,68218,10
12.9457397461,80.2394180298,68218,68228,10
12.9451398849,80.2390670776,68228,68238,10
12.9445400238,80.2384262085,68238,68248,10
12.9437799454,80.2376403809,68248,68258,10
12.9429302216,80.2368164063,68258,68268,10
12.9419002533,80.2363510132,68268,68278,10
12.9410600662,80.2361602783,68278,68288,10
12.9408998489,80.2361373901,68288,68299,11
12.9406404495,80.2360610962,68299,68309,10
12.9401597977,80.2359008789,68309,68319,10
12.9395999908,80.2356567383,68319,68329,10
12.9389200211,80.2353210449,68329,68339,10
12.9382801056,80.2350006104,68339,68349,10
12.9375200272,80.2346420288,68349,68359,10
12.9366598129,80.2342605591,68359,68369,10
12.936050415,80.2339782715,68369,68379,10
12.9356899261,80.2339401245,68379,68410,31
12.9356899261,80.2339401245,68410,68420,10
12.9356002808,80.2340621948,68420,68430,10
12.9354496002,80.2344665527,68430,68440,10
12.9351902008,80.2350997925,68440,68450,10
12.9350700378,80.2354202271,68450,68460,10
12.9348497391,80.2353591919,68460,68470,10
12.9344301224,80.2351837158,68470,68480,10
12.933930397,80.2349700928,68480,68490,10
12.9337596893,80.2352523804,68490,68500,10
12.9335899353,80.2359008789,68500,68511,11
12.9333696365,80.2361602783,68511,68521,10
12.933139801,80.2360992432,68521,68531,10
12.9329900742,80.236076355,68531,68541,10
12.9329004288,80.2363815308,68541,68551,10
12.932800293,80.236831665,68551,68561,10
12.9327402115,80.2369918823,68561,68571,10
12.9327001572,80.2371368408,68571,68581,10
12.9326095581,80.2373199463,68581,68591,10
12.9324998856,80.2376480103,68591,68601,10
12.9324398041,80.2377624512,68601,68612,11
12.9322500229,80.2382507324,68612,68622,10
12.9321203232,80.23853302,68622,68632,10
12.9317302704,80.2386627197,68632,68642,10
12.9311704636,80.2384872437,68642,68692,50
12.9311704636,80.2384872437,68692,68702,10
12.9308099747,80.2384033203,68702,68712,10
12.9301996231,80.2381668091,68712,68723,11
12.9295396805,80.2379989624,68723,68733,10
12.9294595718,80.2382736206,68733,68743,10
12.9293003082,80.2387695313,68743,68753,10
12.9291696548,80.2389907837,68753,68763,10
12.9283599854,80.2388000488,68763,68824,61
12.9283599854,80.2388000488,68824,68834,10
12.9280195236,80.2387237549,68834,68844,10
12.9275102615,80.2385787964,68844,68854,10
12.9268503189,80.2384109497,68854,68864,10
12.9260797501,80.2382125854,68864,68874,10
12.925450325,80.238067627,68874,68884,10
12.9255895615,80.2382736206,68884,69328,444
12.9255895615,80.2382736206,69328,69339,11
12.9257898331,80.2381668091,69339,69349,10
12.9261398315,80.2382202148,69349,69359,10
12.9266500473,80.2383575439,69359,69369,10
12.9272098541,80.2385025024,69369,69379,10
12.9278097153,80.2386398315,69379,69389,10
12.9282197952,80.2387466431,69389,69409,20
12.9282197952,80.2387466431,69409,69419,10
12.9282903671,80.2387771606,69419,69429,10
12.9285497665,80.2388381958,69429,69440,11
12.9290704727,80.2389678955,69440,69450,10
12.9293003082,80.238861084,69450,69460,10
12.9293804169,80.23853302,69460,69470,10
12.9294996262,80.2380981445,69470,69480,10
12.9296197891,80.2379226685,69480,69490,10
12.9300098419,80.2380371094,69490,69500,10
12.9310598373,80.2384185791,69500,69530,30
12.9310598373,80.2384185791,69530,69541,11
12.931189537,80.2384719849,69541,69551,10
12.9313898087,80.2385635376,69551,69561,10
12.931810379,80.2386779785,69561,69571,10
12.9321498871,80.238571167,69571,69581,10
12.9322004318,80.2383499146,69581,69591,10
12.9323301315,80.2379989624,69591,69601,10
12.9325199127,80.2375030518,69601,69611,10
12.9326400757,80.2371673584,69611,69621,10
12.9327001572,80.2369918823,69621,69631,10
12.9328203201,80.2367019653,69631,69641,10
12.9328804016,80.2363586426,69641,69652,11
12.9330301285,80.2360534668,69652,69662,10
12.9332704544,80.2361221313,69662,69672,10
12.9334697723,80.2361526489,69672,69682,10
12.9335298538,80.2359237671,69682,69692,10
12.9336595535,80.235458374,69692,69702,10
12.9337396622,80.2351379395,69702,69712,10
12.9337902069,80.2350006104,69712,69722,10
12.9340200424,80.234992981,69722,69732,10
12.9343996048,80.2351608276,69732,69742,10
12.9348096848,80.2353286743,69742,69753,11
12.9348201752,80.2353363037,69753,69763,10
12.934969902,80.2354125977,69763,69773,10
12.9350996017,80.2353591919,69773,69783,10
12.9351701736,80.2351379395,69783,69793,10
12.9353504181,80.2346725464,69793,69803,10
12.9355297089,80.2341766357,69803,69813,10
12.9356603622,80.2338790894,69813,69833,20
12.9356603622,80.2338790894,69833,69842,9
12.9357404709,80.2338409424,69842,69854,12
12.935839653,80.2337036133,69854,69864,10
12.9361896515,80.2338485718,69864,69874,10
12.9368200302,80.2341918945,69874,69884,10
12.9376497269,80.2345962524,69884,69894,10
12.9386396408,80.2350769043,69894,69904,10
12.9394798279,80.2354736328,69904,69934,30
12.9394798279,80.2354736328,69934,69944,10
12.9396800995,80.2355880737,69944,69955,11
12.9403400421,80.2358398438,69955,69965,10
12.9411697388,80.2360687256,69965,69975,10
12.9422197342,80.2363433838,69975,69985,10
12.943189621,80.2368621826,69985,69995,10
12.9438896179,80.2375717163,69995,70005,10
12.9445896149,80.2383575439,70005,70015,10
12.9453001022,80.2390823364,70015,70025,10
12.9458904266,80.2394180298,70025,70035,10
12.9468202591,80.2397537231,70035,70055,20
12.9468202591,80.2397537231,70055,70066,11
12.9471502304,80.2398834229,70066,70076,10
12.9475803375,80.2400894165,70076,70086,10
12.9481096268,80.2403106689,70086,70096,10
12.9484596252,80.2404403687,70096,70106,10
12.9487304688,80.2405090332,70106,70197,91
12.9487304688,80.2405090332,70197,70207,10
12.9490203857,80.2406311035,70207,70217,10
12.9495000839,80.2408218384,70217,70227,10
12.9502401352,80.2410507202,70227,70237,10
12.9510297775,80.2412490845,70237,70247,10
12.9511404037,80.2412796021,70247,70257,10
12.9513397217,80.2413711548,70257,70268,11
12.9516296387,80.2415008545,70268,70278,10
12.9521198273,80.2416915894,70278,70288,10
12.9528598785,80.2419815063,70288,70298,10
12.9535198212,80.2422409058,70298,70308,10
12.953789711,80.2423400879,70308,70318,10
12.9541301727,80.242477417,70318,70328,10
12.9547595978,80.242729187,70328,70338,10
12.9553003311,80.2429275513,70338,70348,10
12.9560403824,80.2431793213,70348,70358,10
12.956410408,80.243309021,70358,70369,11
12.9567699432,80.2434616089,70369,70379,10
12.9574298859,80.2437820435,70379,70389,10
12.9582500458,80.2441482544,70389,70399,10
12.9588804245,80.2443618774,70399,70409,10
12.9589395523,80.2443771362,70409,70419,10
12.9592504501,80.2445678711,70419,70429,10
12.9597301483,80.2448196411,70429,70439,10
12.9604701996,80.2451629639,70439,70449,10
12.9614095688,80.2455978394,70449,70459,10
12.9624500275,80.2461090088,70459,70469,10
12.9633598328,80.2465820313,70469,70601,132
12.9633598328,80.2465820313,70601,70611,10
12.9636802673,80.2468109131,70611,70621,10
12.9643201828,80.2470321655,70621,70631,10
12.9651603699,80.2472915649,70631,70641,10
12.9660797119,80.2476196289,70641,70651,10
12.9665002823,80.247756958,70651,70661,10
12.9665203094,80.2477722168,70661,70671,10
12.9667701721,80.2478866577,70671,70682,11
12.9674100876,80.2482070923,70682,70692,10
12.9682703018,80.2485580444,70692,70702,10
12.9693002701,80.2489929199,70702,70712,10
12.9702701569,80.2493667603,70712,70722,10
12.9713001251,80.2496871948,70722,70732,10
12.9723300934,80.2499465942,70732,70742,10
12.9732704163,80.2501907349,70742,70752,10
12.9741897583,80.2504425049,70752,70762,10
12.9751901627,80.2507400513,70762,70772,10
12.976149559,80.2510070801,70772,70783,11
12.9771795273,80.2513504028,70783,70793,10
12.97797966,80.2519226074,70793,70803,10
12.9785499573,80.2522888184,70803,70813,10
12.9785900116,80.2523117065,70813,70823,10
12.9788799286,80.2524490356,70823,70833,10
12.9795799255,80.2525634766,70833,70843,10
12.9804401398,80.2526016235,70843,70853,10
12.9815196991,80.2525634766,70853,70863,10
12.9825401306,80.2525100708,70863,70873,10
12.9835796356,80.2523727417,70873,70882,9
12.9844198227,80.2521591187,70882,70894,12
12.9850902557,80.251953125,70894,71176,282
12.9850902557,80.251953125,71176,71186,10
12.9854602814,80.2518310547,71186,71197,11
12.9858503342,80.2517089844,71197,71207,10
12.9864196777,80.2515792847,71207,71217,10
12.9870300293,80.251411438,71217,71227,10
12.9874095917,80.2512893677,71227,71237,10
12.9877901077,80.2513198853,71237,71247,10
12.9878902435,80.2516479492,71247,71257,10
12.9879598618,80.2520217896,71257,71267,10
12.9879398346,80.252532959,71267,71277,10
12.9878702164,80.2534408569,71277,71287,10
12.9877796173,80.2544326782,71287,71298,11
12.9877099991,80.2555923462,71298,71348,50
12.9877099991,80.2555923462,71348,71358,10
12.9878997803,80.255821228,71358,71368,10
12.9883298874,80.2558364868,71368,71378,10
12.9886398315,80.2558517456,71378,71388,10
12.9887800217,80.255859375,71388,71397,9
12.989159584,80.2559127808,71397,71409,12
12.9898195267,80.2559509277,71409,71419,10
12.990240097,80.2559509277,71419,71429,10
12.9905004501,80.2559280396,71429,71439,10
12.9906196594,80.2559509277,71439,71449,10
12.991060257,80.2559661865,71449,71459,10
12.9916296005,80.2559967041,71459,71469,10
12.9922800064,80.2560195923,71469,71479,10
12.9930801392,80.2559814453,71479,71489,10
12.9938402176,80.2559204102,71489,71498,9
12.9944295883,80.2558898926,71498,71510,12
12.9948196411,80.255859375,71510,71520,10
12.995349884,80.2558288574,71520,71540,20
12.995349884,80.2558288574,71540,71550,10
12.9954595566,80.2558517456,71550,71590,40
12.9954595566,80.2558517456,71590,71600,10
12.9956598282,80.2558364868,71600,71611,11
12.9961299896,80.2558288574,71611,71621,10
12.9966201782,80.2558288574,71621,71631,10
12.9967498779,80.2558288574,71631,71641,10
12.9970197678,80.2558135986,71641,71651,10
12.9972600937,80.255821228,71651,71661,10
12.9975500107,80.2558517456,71661,71671,10
12.9979000092,80.2558822632,71671,71681,10
12.9982404709,80.2559280396,71681,71691,10
12.9988203049,80.2560119629,71691,71701,10
12.9990797043,80.2560195923,71701,71752,51
12.9990797043,80.2560195923,71752,71762,10
12.9994497299,80.256072998,71762,71772,10
12.9998703003,80.2561569214,71772,71782,10
13.0004796982,80.2562866211,71782,71792,10
13.0011301041,80.256401062,71792,71802,10
13.0017499924,80.2565231323,71802,71812,10
13.002240181,80.2565994263,71812,71823,11
13.0025997162,80.256690979,71823,71843,20
13.0025997162,80.256690979,71843,71853,10
13.0029802322,80.2567825317,71853,71863,10
13.0033502579,80.2568588257,71863,71873,10
13.0038404465,80.2569503784,71873,71883,10
13.0044403076,80.2570571899,71883,71893,10
13.0051002502,80.257232666,71893,71903,10
13.0056200027,80.2573013306,71903,71913,10
13.0062503815,80.2573394775,71913,71924,11
13.0068798065,80.2577667236,71924,71934,10
13.0073795319,80.258430481,71934,71944,10
13.0085697174,80.2589187622,71944,71964,20
13.0085697174,80.2589187622,71964,71974,10
13.008890152,80.2590103149,71974,71984,10
13.0095996857,80.2590179443,71984,71994,10
13.0104999542,80.2590408325,71994,72004,10
13.0115699768,80.2590408325,72004,72014,10
13.0127696991,80.2590866089,72014,72025,11
13.0141897202,80.2591400146,72025,72035,10
13.015370369,80.2592163086,72035,72045,10
13.0162000656,80.2594833374,72045,72055,10
13.0164003372,80.2596282959,72055,72065,10
13.016579628,80.2597808838,72065,72075,10
13.0170898438,80.2601165771,72075,72085,10
13.0177497864,80.2605819702,72085,72095,10
13.018409729,80.2610473633,72095,72105,10
13.018910408,80.2614593506,72105,72115,10
13.0193300247,80.2618103027,72115,72126,11
13.0198402405,80.262336731,72126,72136,10
13.0202598572,80.262878418,72136,72146,10
13.0198602676,80.2629470825,72146,72156,10
13.019200325,80.2629089355,72156,72166,10
13.0189695358,80.2631607056,72166,72176,10
13.0190496445,80.2638702393,72176,72186,10
13.0189399719,80.2647781372,72186,72196,10
13.0187797546,80.2653198242,72196,72206,10
13.0186595917,80.2658309937,72206,72216,10
13.0186901093,80.2666625977,72216,72227,11
13.0191402435,80.2676696777,72227,72237,10
13.0198802948,80.2685623169,72237,72247,10
13.0205001831,80.2693328857,72247,72257,10
13.0209197998,80.2698287964,72257,72267,10
13.0212898254,80.2702484131,72267,72277,10
13.0213699341,80.2703475952,72277,72287,10
13.021490097,80.2705307007,72287,72297,10
13.0218601227,80.2710037231,72297,72307,10
13.0223798752,80.2716598511,72307,72317,10
13.0228996277,80.2723464966,72317,72327,10
13.0232896805,80.272857666,72327,72388,61
13.0232896805,80.272857666,72388,72398,10
13.0233898163,80.2730102539,72398,72408,10
13.0236196518,80.2733230591,72408,72418,10
13.0237903595,80.2735366821,72418,72479,61
13.0237903595,80.2735366821,72479,72489,10
13.0238704681,80.2736587524,72489,72499,10
13.0241498947,80.2740478516,72499,72509,10
13.024430275,80.2744216919,72509,72519,10
13.0249996185,80.2747421265,72519,72529,10
13.0254402161,80.274887085,72529,72540,11
13.0254402161,80.2749023438,72540,72550,10
13.0257501602,80.2750396729,72550,72560,10
13.0262298584,80.2752609253,72560,72570,10
13.0267496109,80.2754974365,72570,72580,10
13.0273303986,80.2758026123,72580,72590,10
13.0277700424,80.2760009766,72590,72600,10
13.0282201767,80.2761764526,72600,72610,10
13.028550148,80.2763214111,72610,72620,10
13.0289001465,80.2764434814,72620,72629,9
13.0292100906,80.2765426636,72629,72661,32
13.0295000076,80.2766036987,72661,72711,50
13.0295000076,80.2766036987,72711,72721,10
13.0298404694,80.2767028809,72721,72731,10
13.0299596786,80.2767410278,72731,72741,10
13.0301303864,80.2768325806,72741,72752,11
13.03028965,80.2768630981,72752,72762,10
13.0304603577,80.2769622803,72762,72792,30
13.0304603577,80.2769622803,72792,72802,10
13.0307703018,80.2771606445,72802,72812,10
13.0307798386,80.2771835327,72812,72822,10
13.0310401917,80.2773284912,72822,72832,10
13.0311403275,80.2773895264,72832,72841,9
13.03125,80.2774734497,72841,72853,12
13.0313596725,80.2775192261,72853,72863,10
13.0315103531,80.2775421143,72863,72873,10
13.0316696167,80.2775192261,72873,72883,10
13.031999588,80.2775115967,72883,72893,10
13.0322303772,80.2774581909,72893,72903,10
13.0326499939,80.2774276733,72903,72923,20
13.0326499939,80.2774276733,72923,72933,10
13.0328302383,80.2774581909,72933,72944,11
13.0331602097,80.2774124146,72944,72954,10
13.0334100723,80.2773284912,72954,72964,10
13.0335102081,80.2773208618,72964,72974,10
13.0337200165,80.2773284912,72974,72984,10
13.0340003967,80.2773971558,72984,72994,10
13.0343503952,80.2774963379,72994,73004,10
13.0346899033,80.2775802612,73004,73014,10
13.0350399017,80.277633667,73014,73024,10
13.0353498459,80.2776870728,73024,73034,10
13.0356502533,80.2777481079,73034,73044,10
13.0361404419,80.2778320313,73044,73055,11
13.0364103317,80.2779006958,73055,73065,10
13.0366296768,80.2779922485,73065,73075,10
13.0367898941,80.2780609131,73075,73085,10
13.0371799469,80.278213501,73085,73095,10
13.0374403,80.2782669067,73095,73105,10
13.0380001068,80.2784194946,73105,73115,10
13.0388698578,80.2786407471,73115,73135,20
13.0388698578,80.2786407471,73135,73145,10
13.0390996933,80.278717041,73145,73155,10
13.0395097733,80.2788391113,73155,73166,11
13.0403203964,80.2790679932,73166,73176,10
13.0411901474,80.279258728,73176,73186,10
13.0420999527,80.2794113159,73186,73196,10
13.0431003571,80.2794799805,73196,73216,20
13.0431003571,80.2794799805,73216,73226,10
13.0432395935,80.2795181274,73226,73236,10
13.0437097549,80.2797012329,73236,73246,10
13.0445098877,80.279876709,73246,73256,10
13.0457801819,80.2800521851,73256,73277,21
13.0457801819,80.2800521851,73277,73287,10
13.0460395813,80.280090332,73287,73297,10
13.046620369,80.2801818848,73297,73307,10
13.0473003387,80.2802886963,73307,73317,10
13.0481595993,80.2804031372,73317,73327,10
13.0489397049,80.2805099487,73327,73337,10
13.0497303009,80.2806396484,73337,73347,10
13.0503196716,80.2807235718,73347,73357,10
13.0505895615,80.2807617188,73357,73368,11
13.0511198044,80.2808303833,73368,73378,10
13.05189991,80.2809524536,73378,73388,10
13.0527801514,80.2810821533,73388,73398,10
13.0536203384,80.2811965942,73398,73408,10
13.0543804169,80.2813415527,73408,73418,10
13.0551395416,80.2814788818,73418,73428,10
13.0558900833,80.2816390991,73428,73438,10
13.0564498901,80.2817382813,73438,73448,10
13.0564603806,80.2817382813,73448,73457,9
13.0565395355,80.2817687988,73457,73469,12
13.0570201874,80.281867981,73469,73479,10
13.0574398041,80.2819519043,73479,73489,10
13.0580797195,80.2820892334,73489,73499,10
13.0587997437,80.2822494507,73499,73509,10
13.0596199036,80.2824172974,73509,73519,10
13.0604200363,80.2825775146,73519,73529,10
13.0612201691,80.2827529907,73529,73539,10
13.0619001389,80.282913208,73539,73549,10
13.0625696182,80.2830505371,73549,73559,10
13.0630998611,80.2831497192,73559,73570,11
13.0631198883,80.2831420898,73570,73580,10
13.0634899139,80.2832336426,73580,73590,10
13.0639400482,80.2833175659,73590,73620,30
13.0639400482,80.2833175659,73620,73630,10
13.0639801025,80.2833328247,73630,73640,10
13.0644302368,80.2834472656,73640,73650,10
13.0652303696,80.2836303711,73650,73660,10
13.0663204193,80.2838821411,73660,73671,11
13.0674495697,80.2840881348,73671,73681,10
13.0676603317,80.2840881348,73681,73691,10
13.0677604675,80.2841186523,73691,73701,10
13.068110466,80.2842025757,73701,73710,9
13.0687198639,80.2843399048,73710,73721,11
13.0697002411,80.2845993042,73721,73731,10
13.070810318,80.2848892212,73731,73741,10
13.0718898773,80.2851486206,73741,73751,10
13.0729503632,80.2851715088,73751,73761,10
13.07351017,80.2851791382,73761,73771,10
13.0739202499,80.2855300903,73771,73782,11
13.0739202499,80.2855300903,73782,73792,10
13.0744304657,80.2860870361,73792,73801,9
13.075050354,80.286491394,73801,73820,19
13.0763502121,80.2870635986,73820,73830,10
13.0773601532,80.287322998,73830,73840,10
13.0785198212,80.2875976563,73840,73850,10
13.0793800354,80.2879486084,73850,73860,10
13.079750061,80.2879714966,73860,73870,10
13.079990387,80.2880172729,73870,73881,11
13.0802898407,80.2880935669,73881,73891,10
13.080499649,80.2881393433,73891,73901,10
13.0807304382,80.2882003784,73901,73911,10
13.0810403824,80.2883300781,73911,73921,10
13.0816698074,80.2885665894,73921,73931,10
13.0823202133,80.2887878418,73931,73941,10
13.0831604004,80.2891082764,73941,73951,10
13.0840396881,80.2891082764,73951,73961,10
13.0851802826,80.2890930176,73961,73971,10
13.086400032,80.2893676758,73971,73982,11
13.0874900818,80.2897109985,73982,73992,10
13.088060379,80.2899703979,73992,74002,10
13.0887804031,80.2901077271,74002,74022,20
13.0887804031,80.2901077271,74022,74032,10
13.0886697769,80.2903900146,74032,74042,10
13.0881004333,80.2901077271,74042,74052,10
13.0874595642,80.2898406982,74052,74062,10
13.0868196487,80.2896575928,74062,74072,10
13.0862197876,80.2894973755,74072,74082,10
13.0856599808,80.2892608643,74082,74093,11
13.0852003098,80.2884597778,74093,74103,10
13.0850896835,80.2873382568,74103,74113,10
13.0852003098,80.2861480713,74113,74123,10
13.0852899551,80.28515625,74123,74133,10
13.0852499008,80.2842636108,74133,74143,10
13.0853996277,80.2836532593,74143,74163,20
13.0853996277,80.2836532593,74163,74173,10
13.0854902267,80.2835006714,74173,74184,11
13.0858201981,80.2834701538,74184,74194,10
13.0861701965,80.283493042,74194,74204,10
13.0865001678,80.2837371826,74204,74214,10
13.0868501663,80.2839126587,74214,74224,10
13.0871400833,80.2838668823,74224,74234,10
13.0875597,80.2838821411,74234,74244,10
13.0879497528,80.2838973999,74244,74951,707
13.0880098343,80.2838134766,74951,75648,697
13.0880203247,80.2838592529,75648,75809,161
13.0880203247,80.2838592529,75809,75819,10
13.0880804062,80.2836990356,75819,75829,10
13.088139534,80.2835769653,75829,75839,10
13.0882501602,80.2834472656,75839,75850,11
13.0882902145,80.2831497192,75850,75860,10
13.0882797241,80.2828216553,75860,75870,10
13.0882701874,80.2825698853,75870,75880,10
13.088259697,80.2823104858,75880,75890,10
13.0881700516,80.2818603516,75890,75900,10
13.0880203247,80.2814865112,75900,75910,10
13.0881700516,80.2813796997,75910,75920,10
13.0885095596,80.28150177,75920,75930,10
13.08852005,80.2818374634,75930,75940,10
13.0884399414,80.2822799683,75940,75950,10
13.088350296,80.2829208374,75950,75961,11
13.0883798599,80.2835769653,75961,75971,10
13.0883998871,80.2843399048,75971,75981,10
13.0884304047,80.2850112915,75981,75991,10
13.0884304047,80.2850875854,75991,76001,10
13.0884599686,80.2854690552,76001,76011,10
13.0885000229,80.2860183716,76011,76021,10
13.08852005,80.2864303589,76021,76031,10
13.0885295868,80.286781311,76031,76041,10
13.0885601044,80.2872924805,76041,76051,10
13.0885801315,80.2875213623,76051,76062,11
13.0886201859,80.2878723145,76062,76072,10
13.0886802673,80.2884216309,76072,76082,10
13.0887098312,80.2886428833,76082,76092,10
13.0887403488,80.289100647,76092,76102,10
13.0887804031,80.2894210815,76102,76112,10
13.0887699127,80.2894668579,76112,76122,10
13.088760376,80.2898101807,76122,76132,10
13.0887899399,80.2899780273,76132,76142,10
13.0888204575,80.2900772095,76142,76153,11
13.0888004303,80.2902832031,76153,76163,10
13.0885601044,80.2904281616,76163,76173,10
13.0881795883,80.2901763916,76173,76183,10
13.0877599716,80.2899703979,76183,76193,10
13.0870704651,80.2896728516,76193,76203,10
13.0861196518,80.2893676758,76203,76213,10
13.085100174,80.289100647,76213,76223,10
13.0839700699,80.2891616821,76223,76233,10
13.0831098557,80.2891921997,76233,76243,10
13.0823001862,80.2888793945,76243,76254,11
13.0814304352,80.28855896,76254,76264,10
13.0805902481,80.2883071899,76264,76274,10
13.0795097351,80.2880630493,76274,76284,10
13.0783596039,80.2876281738,76284,76294,10
13.0770902634,80.2873001099,76294,76304,10
13.0758600235,80.2869796753,76304,76314,10
13.0751399994,80.2866516113,76314,76324,10
13.0743198395,80.2861633301,76324,76334,10
13.0735502243,80.2859802246,76334,76344,10
13.0727996826,80.2855987549,76344,76354,10
13.0717897415,80.2852325439,76354,76365,11
13.0704698563,80.2848892212,76365,76373,8
13.063170433,80.2832565308,76373,76443,70
13.063170433,80.2832565308,76443,76474,31
13.0622797012,80.2830734253,76474,76484,10
13.0616998672,80.2829284668,76484,76494,10
13.0608797073,80.2827301025,76494,76504,10
13.0601396561,80.2825775146,76504,76514,10
13.0593004227,80.2824172974,76514,76524,10
13.0582399368,80.2822036743,76524,76534,10
13.0573196411,80.2820205688,76534,76544,10
13.0566902161,80.2818984985,76544,76554,10
13.0566797256,80.2818984985,76554,76565,11
13.0564403534,80.2818374634,76565,76575,10
13.0558395386,80.2817230225,76575,76585,10
13.0550098419,80.2815475464,76585,76595,10
13.0539503098,80.2813415527,76595,76605,10
13.0527601242,80.2811508179,76605,76615,10
13.0515804291,80.2809906006,76615,76625,10
13.0504798889,80.2808303833,76625,76635,10
13.049489975,80.2806625366,76635,76645,10
13.0484895706,80.2805023193,76645,76655,10
13.0473098755,80.2803268433,76655,76666,11
13.0460996628,80.2801818848,76666,76676,10
13.045009613,80.2800521851,76676,76686,10
13.0444898605,80.2799987793,76686,76696,10
13.0443601608,80.2799987793,76696,76706,10
13.044210434,80.2799835205,76706,76716,10
13.0440702438,80.2799682617,76716,76726,10
13.0438098907,80.2799301147,76726,76736,10
13.0433502197,80.2798614502,76736,76746,10
13.0426397324,80.2796936035,76746,76756,10
13.0417499542,80.2795333862,76756,76766,10
13.0410003662,80.2793884277,76766,76777,11
13.0402402878,80.2792282104,76777,76787,10
13.0395698547,80.2790679932,76787,76797,10
13.0390195847,80.2789230347,76797,76827,30
13.0390195847,80.2789230347,76827,76837,10
13.0388298035,80.2788314819,76837,76847,10
13.0382995605,80.2786636353,76847,76857,10
13.037610054,80.2784500122,76857,76867,10
13.0371198654,80.2783203125,76867,76877,10
13.0366001129,80.278137207,76877,76888,11
13.0358896255,80.2779312134,76888,76898,10
13.0353298187,80.2778091431,76898,76908,10
13.0347499847,80.2777175903,76908,76918,10
13.0343904495,80.2776412964,76918,76928,10
13.0341901779,80.2775802612,76928,76938,10
13.0341100693,80.2775726318,76938,76948,10
13.0338201523,80.2774810791,76948,76977,29
13.0338201523,80.2774810791,76977,76989,12
13.0333404541,80.2774505615,76989,76999,10
13.0326700211,80.2775421143,76999,77009,10
13.0317802429,80.2776107788,77009,77019,10
13.0311203003,80.2775115967,77019,77029,10
13.0308103561,80.2773132324,77029,77039,10
13.0308103561,80.2772979736,77039,77049,10
13.0306596756,80.2772216797,77049,77059,10
13.0303201675,80.2770309448,77059,77069,10
13.0299701691,80.2768630981,77069,77079,10
13.0295495987,80.2767562866,77079,77090,11
13.0291595459,80.2766418457,77090,77100,10
13.0286502838,80.2764587402,77100,77110,10
13.0280199051,80.2762298584,77110,77120,10
13.0273599625,80.275970459,77120,77130,10
13.0266599655,80.275642395,77130,77140,10
13.0258302689,80.2752609253,77140,77160,20
13.0258302689,80.2752609253,77160,77170,10
13.0255403519,80.2751464844,77170,77180,10
13.024720192,80.2747802734,77180,77201,21
13.024720192,80.2747802734,77201,77211,10
13.0246696472,80.2747268677,77211,77221,10
13.0243902206,80.274520874,77221,77231,10
13.0240001678,80.2740783691,77231,77241,10
13.0235204697,80.273399353,77241,77251,10
13.0229501724,80.2726135254,77251,77261,10
13.0222797394,80.2717437744,77261,77271,10
13.0219402313,80.2713012695,77271,77281,10
13.0216598511,80.2709274292,77281,77292,11
13.0211801529,80.2703399658,77292,77302,10
13.0210800171,80.2702407837,77302,77311,9
13.0209598541,80.2700881958,77311,77322,11
13.0208702087,80.2699966431,77322,77332,10
13.0206899643,80.269821167,77332,77342,10
13.0204601288,80.2694778442,77342,77352,10
13.0200395584,80.268951416,77352,77362,10
13.0194797516,80.2682571411,77362,77372,10
13.018819809,80.2674636841,77372,77382,10
13.0185604095,80.266456604,77382,77393,11
13.0185899734,80.2657775879,77393,77403,10
13.0187797546,80.2650375366,77403,77413,10
13.0189695358,80.2640762329,77413,77423,10
13.018910408,80.2634963989,77423,77433,10
13.0188398361,80.2631225586,77433,77443,10
13.0188302994,80.2629165649,77443,77453,10
13.0187997818,80.2623062134,77453,77463,10
13.0186395645,80.2614517212,77463,77473,10
13.0180196762,80.2609634399,77473,77483,10
13.017250061,80.2604522705,77483,77492,9
13.016409874,80.2599334717,77492,77504,12
13.0158596039,80.2596588135,77504,77514,10
13.0155096054,80.2595214844,77514,77524,10
13.0148601532,80.2593765259,77524,77534,10
13.0141000748,80.2593383789,77534,77544,10
13.013130188,80.2593002319,77544,77554,10
13.0119895935,80.259262085,77554,77564,10
13.01101017,80.2592315674,77564,77574,10
13.0099697113,80.2592773438,77574,77584,10
13.0090799332,80.2593002319,77584,77594,10
13.0086402893,80.2592773438,77594,77605,11
13.0081195831,80.2592697144,77605,77615,10
13.0074100494,80.2593994141,77615,77625,10
13.0070896149,80.2587814331,77625,77635,10
13.0070400238,80.2586593628,77635,77645,10
13.0069599152,80.2584533691,77645,77655,10
13.0067100525,80.2579421997,77655,77665,10
13.0059204102,80.2575302124,77665,77675,10
13.0050001144,80.2573165894,77675,77685,10
13.0041704178,80.2571411133,77685,77695,10
13.0033903122,80.256980896,77695,77706,11
13.0024995804,80.2567977905,77706,77716,10
13.0017004013,80.2566604614,77716,77726,10
13.0011997223,80.2565917969,77726,77736,10
13.0007600784,80.2565307617,77736,77746,10
13.0000095367,80.256401062,77746,77756,10
12.9992198944,80.2562484741,77756,77766,10
12.9985198975,80.2561416626,77766,77796,30
12.9985198975,80.2561416626,77796,77807,11
12.9982595444,80.2560577393,77807,77817,10
12.9979600906,80.2559967041,77817,77827,10
12.9977397919,80.2559890747,77827,77837,10
12.9974603653,80.2559890747,77837,77847,10
12.9970302582,80.2559509277,77847,77877,30
12.9970302582,80.2559509277,77877,77887,10
12.9967498779,80.2559280396,77887,77897,10
12.9962396622,80.2559280396,77897,77908,11
12.9955396652,80.2559509277,77908,77918,10
12.9948596954,80.2559814453,77918,77928,10
12.9941596985,80.2560272217,77928,77938,10
12.9934196472,80.2560806274,77938,77948,10
12.9925098419,80.2561416626,77948,77958,10
12.9916200638,80.2561187744,77958,77968,10
12.9907102585,80.2561035156,77968,77978,10
12.9900503159,80.2560577393,77978,77988,10
12.9893503189,80.2560424805,77988,77998,10
12.9890203476,80.2560501099,77998,78069,71
12.9890203476,80.2560501099,78069,78079,10
12.9886198044,80.2559661865,78079,78089,10
12.9883203506,80.2559509277,78089,78099,10
12.9882497787,80.2559204102,78099,78110,11
12.9880504608,80.255897522,78110,78150,40
12.9880504608,80.255897522,78150,78160,10
12.9877004623,80.2558288574,78160,78190,30
12.9877004623,80.2558288574,78190,78200,10
12.9874000549,80.2557601929,78200,78211,11
12.9867401123,80.2556533813,78211,78221,10
12.9858798981,80.2555007935,78221,78251,30
12.9858798981,80.2555007935,78251,78261,10
12.9855699539,80.2554168701,78261,78271,10
12.9849500656,80.2552871704,78271,78281,10
12.9842596054,80.2551193237,78281,78291,10
12.9837598801,80.2549972534,78291,78301,10
12.9835195541,80.2549362183,78301,78310,9
12.9832496643,80.2548675537,78310,78321,11
12.9826402664,80.2547073364,78321,78332,11
12.9819698334,80.2541809082,78332,78342,10
12.9817399979,80.2534332275,78342,78352,10
12.9812002182,80.2528381348,78352,78362,10
12.9802398682,80.2527923584,78362,78372,10
12.9796199799,80.2527389526,78372,78382,10
12.9788799286,80.2526626587,78382,78392,10
12.9787797928,80.2526473999,78392,78402,10
12.9787197113,80.2526473999,78402,78412,10
12.9783401489,80.2525024414,78412,78421,9
12.9778299332,80.2520904541,78421,78433,12
12.976849556,80.251411438,78433,78443,10
12.9757204056,80.2510604858,78443,78453,10
12.9745397568,80.2507171631,78453,78463,10
12.9733295441,80.2503814697,78463,78473,10
12.9721603394,80.2500686646,78473,78483,10
12.9709396362,80.24974823,78483,78493,10
12.9697198868,80.2493133545,78493,78503,10
12.9684896469,80.2488327026,78503,78513,10
12.967300415,80.248336792,78513,78524,11
12.9661998749,80.2478103638,78524,78534,10
12.965259552,80.247428894,78534,78544,10
12.9644603729,80.2472076416,78544,78564,20
12.9644603729,80.2472076416,78564,78574,10
12.9641599655,80.2470932007,78574,78584,10
12.9638299942,80.2469711304,78584,78594,10
12.9634199142,80.2467803955,78594,78604,10
12.9627895355,80.2464370728,78604,78614,10
12.9620399475,80.2460479736,78614,78624,10
12.9611701965,80.2456207275,78624,78635,11
12.9603700638,80.2452392578,78635,78645,10
12.959690094,80.2449417114,78645,78655,10
12.9590101242,80.2446289063,78655,78665,10
12.9582195282,80.2443389893,78665,78675,10
12.9580802917,80.2442932129,78675,78685,10
12.9578199387,80.244178772,78685,78695,10
12.9572601318,80.2439422607,78695,78705,10
12.9565296173,80.2436523438,78705,78715,10
12.9563398361,80.2435684204,78715,78725,10
12.9559402466,80.2433776855,78725,78736,11
12.9551696777,80.243057251,78736,78746,10
12.9543104172,80.2426986694,78746,78756,10
12.9533996582,80.2423171997,78756,78766,10
12.9523897171,80.2419281006,78766,78776,10
12.9515695572,80.2416381836,78776,78786,10
12.9511804581,80.2415466309,78786,78796,10
12.9511003494,80.2415237427,78796,78806,10
12.9507102966,80.2413864136,78806,78816,10
12.9500102997,80.2411727905,78816,78826,10
12.9491596222,80.2409210205,78826,78837,11
12.9481096268,80.2404403687,78837,78847,10
12.947259903,80.2400817871,78847,78857,10
12.9469499588,80.2399368286,78857,78867,10
12.946439743,80.2398071289,78867,78877,10
12.9463701248,80.2397613525,78877,78887,10
12.9460000992,80.2395782471,78887,78897,10
12.9453697205,80.2392730713,78897,78907,10
12.9447202682,80.2386779785,78907,78917,10
12.9439601898,80.2378768921,78917,78927,10
12.9431495667,80.2370071411,78927,78937,10
12.9421396255,80.2364578247,78937,78948,11
12.9409999847,80.2361831665,78948,78958,10
12.9407997131,80.2361373901,78958,78968,10
12.9406700134,80.2360992432,78968,78978,10
12.9401702881,80.2359390259,78978,78988,10
12.9394397736,80.2356491089,78988,78998,10
12.9385299683,80.2351913452,78998,79008,10
12.9374704361,80.2346801758,79008,79018,10
12.9364299774,80.2341690063,79018,79028,10
12.9357204437,80.2339324951,79028,79039,11
12.9354000092,80.2345581055,79039,79049,10
12.9351396561,80.2352371216,79049,79059,10
12.935090065,80.2353820801,79059,79069,10
12.9348897934,80.2354812622,79069,79079,10
12.934630394,80.2353515625,79079,79089,10
12.9340896606,80.2351074219,79089,79099,10
12.9337396622,80.2352218628,79099,79109,10
12.9335603714,80.2359008789,79109,79119,10
12.9333200455,80.2362365723,79119,79129,10
12.9331197739,80.2361831665,79129,79140,11
12.9329795837,80.2361297607,79140,79150,10
12.932849884,80.236541748,79150,79160,10
12.9326496124,80.2372131348,79160,79170,10
12.9325895309,80.2374191284,79170,79180,10
12.9323997498,80.2379379272,79180,79190,10
12.9321804047,80.2384796143,79190,79200,10
12.9320201874,80.2387237549,79200,79210,10
12.9315500259,80.2386932373,79210,79220,10
12.931139946,80.2385482788,79220,79251,31
12.931139946,80.2385482788,79251,79261,10
12.9310703278,80.2385177612,79261,79271,10
12.9306697845,80.2383728027,79271,79281,10
12.9300403595,80.2381362915,79281,79291,10
12.9295196533,80.2380599976,79291,79301,10
12.9294204712,80.2383270264,79301,79311,10
12.9292898178,80.2388305664,79311,79321,10
12.9291801453,80.2390594482,79321,79331,10
12.9289999008,80.2390213013,79331,79341,10
12.9282302856,80.2388381958,79341,79392,51
12.9282302856,80.2388381958,79392,79402,10
12.9278802872,80.2387313843,79402,79412,10
12.9272098541,80.2385787964,79412,79422,10
12.9265298843,80.2384185791,79422,79432,10
12.9257698059,80.2382202148,79432,79442,10
12.925740242,80.2382202148,79442,79451,9
12.9255800247,80.2384567261,79451,79503,52
12.9255800247,80.2384567261,79503,79513,10
12.925450325,80.2383499146,79513,79523,10
12.9257898331,80.2382202148,79523,79533,10
12.9262695313,80.2383422852,79533,79543,10
12.9270095825,80.2385101318,79543,79553,10
12.9278402328,80.2387237549,79553,79564,11
12.9282903671,80.2388381958,79564,79574,10
12.9285802841,80.2389068604,79574,79584,10
12.9291000366,80.2390365601,79584,79594,10
12.929309845,80.2389068604,79594,79604,10
12.929400444,80.2385177612,79604,79614,10
12.9295301437,80.2380981445,79614,79624,10
12.9298496246,80.2380065918,79624,79634,10
12.9305496216,80.2382965088,79634,79644,10
12.9311800003,80.2385101318,79644,79655,11
12.9313001633,80.2385635376,79655,79665,10
12.9317798615,80.2387237549,79665,79675,10
12.9321699142,80.2385482788,79675,79685,10
12.9322395325,80.238319397,79685,79695,10
12.9324197769,80.2378311157,79695,79705,10
12.9326400757,80.2372589111,79705,79715,10
12.9327201843,80.2370605469,79715,79725,10
12.9328804016,80.2365493774,79725,79735,10
12.9329900742,80.2361221313,79735,79745,10
12.933429718,80.2362136841,79745,79756,11
12.9335298538,80.2361602783,79756,79766,10
12.933549881,80.2360687256,79766,79776,10
12.9336395264,80.2357025146,79776,79786,10
12.9337902069,80.2350921631,79786,79796,10
12.9339399338,80.234992981,79796,79806,10
12.9343500137,80.2351989746,79806,79816,10
12.9349298477,80.235458374,79816,79826,10
12.9350795746,80.2354736328,79826,79836,10
12.9351396561,80.2352523804,79836,79846,10
12.9353303909,80.2348022461,79846,79856,10
12.9355096817,80.2342681885,79856,79866,10
12.9357204437,80.2338562012,79866,79917,51
12.9357204437,80.2338562012,79917,79927,10
12.9361000061,80.2338485718,79927,79937,10
12.9367704391,80.2341995239,79937,79947,10
12.9377298355,80.2346801758,79947,79957,10
12.9388799667,80.2352600098,79957,79967,10
12.940079689,80.2358322144,79967,79978,11
12.9412002563,80.2361373901,79978,79988,10
12.9422903061,80.2364196777,79988,79998,10
12.9432601929,80.2369613647,79998,80008,10
12.9439897537,80.2377090454,80008,80018,10
12.9446496964,80.2384414673,80018,80028,10
12.9452199936,80.2390365601,80028,80038,10
12.9460296631,80.2395095825,80038,80048,10
12.9470596313,80.2399520874,80048,80058,10
12.9481697083,80.2403869629,80058,80069,11
12.9492702484,80.2408294678,80069,80079,10
12.9504098892,80.2412033081,80079,80089,10
12.9516496658,80.2416000366,80089,80099,10
12.9529304504,80.2420806885,80099,80109,10
12.9541397095,80.2425689697,80109,80119,10
12.9549598694,80.2428970337,80119,80129,10
12.9557199478,80.2432174683,80129,80139,10
12.9563302994,80.2434616089,80139,80149,10
12.956609726,80.2435684204,80149,80159,10
12.9572896957,80.243850708,80159,80170,11
12.9583997726,80.2442779541,80170,80180,10
12.9591999054,80.2445907593,80180,80190,10
12.9593400955,80.2446594238,80190,80200,10
12.9598197937,80.2449035645,80200,80210,10
12.9606399536,80.2452774048,80210,80220,10
12.9617004395,80.2457885742,80220,80230,10
12.9626302719,80.2462615967,80230,80240,10
12.9631996155,80.2465362549,80240,80250,10
12.9632501602,80.2465591431,80250,80260,10
12.9634599686,80.2466583252,80260,80271,11
12.9641304016,80.246963501,80271,80281,10
12.9650096893,80.2472763062,80281,80291,10
12.965959549,80.2476119995,80291,80301,10
12.9668703079,80.2480316162,80301,80311,10
12.9679698944,80.2484817505,80311,80321,10
12.9692001343,80.2489776611,80321,80331,10
12.9704904556,80.24949646,80331,80341,10
12.9718503952,80.2499008179,80341,80351,10
12.9732303619,80.2502670288,80351,80361,10
12.9744997025,80.2505874634,80361,80371,10
12.9755601883,80.2509002686,80371,80381,10
12.9767503738,80.2512512207,80381,80392,11
12.9779195786,80.2519302368,80392,80402,10
12.9784603119,80.2523193359,80402,80412,10
12.9789800644,80.2525405884,80412,80422,10
12.9792804718,80.2525634766,80422,80432,10
12.9794797897,80.252571106,80432,80442,10
12.9798402786,80.2526321411,80442,80452,10
12.9803800583,80.2526321411,80452,80462,10
12.9810304642,80.2526016235,80462,80472,10
12.9819898605,80.2526016235,80472,80483,11
12.9832296371,80.252532959,80483,80493,10
12.9842996597,80.252281189,80493,80503,10
12.9850301743,80.2520675659,80503,80513,10
12.985250473,80.2519989014,80513,80523,10
12.9853897095,80.251953125,80523,80533,10
12.9854001999,80.251953125,80533,80543,10
12.9855699539,80.2519073486,80543,80553,10
12.9857902527,80.2518463135,80553,80563,10
12.986120224,80.2517089844,80563,80572,9
12.9862699509,80.2516784668,80572,80584,12
12.9867401123,80.2515792847,80584,80664,80
12.9867401123,80.2515792847,80664,80674,10
12.9871301651,80.2514572144,80674,80683,9
12.9875001907,80.2513427734,80683,80695,12
12.9878997803,80.2516174316,80695,80705,10
12.9879999161,80.2521514893,80705,80715,10
12.9879398346,80.2528610229,80715,80725,10
12.9878797531,80.2536773682,80725,80735,10
12.987830162,80.2544021606,80735,80745,10
12.9881095886,80.2544708252,80745,80755,10
12.988240242,80.2547073364,80755,80765,10
12.9882001877,80.2553710938,80765,80775,10
12.9882097244,80.2557907104,80775,80785,10
12.9887399673,80.2558670044,80785,80796,11
12.9896202087,80.2559509277,80796,80806,10
12.9902801514,80.2559509277,80806,80816,10
12.9907598495,80.2559661865,80816,80826,10
12.9913101196,80.2560195923,80826,80836,10
12.9921503067,80.2560424805,80836,80846,10
12.9930801392,80.2560119629,80846,80856,10
12.9939098358,80.2559585571,80856,80866,10
12.9947595596,80.2558822632,80866,80876,10
12.9955701828,80.255859375,80876,80886,10
12.9967403412,80.2558364868,80886,80907,21
12.9967403412,80.2558364868,80907,80917,10
12.9970798492,80.2558517456,80917,80927,10
12.9975700378,80.2558670044,80927,80937,10
12.997879982,80.2558822632,80937,80947,10
12.99903965,80.2560272217,80947,80967,20
12.99903965,80.2560272217,80967,80977,10
12.9992904663,80.2560501099,80977,80987,10
12.9999504089,80.2562103271,80987,80997,10
13.0008401871,80.2563934326,80997,81008,11
13.0017204285,80.2565536499,81008,81018,10
13.002530098,80.256690979,81018,81028,10
13.0032100677,80.2568283081,81028,81038,10
13.0038299561,80.2569503784,81038,81048,10
13.0045404434,80.2570724487,81048,81058,10
13.0053195953,80.2572174072,81058,81068,10
13.0059604645,80.2573623657,81068,81078,10
13.0064401627,80.2574691772,81078,81088,10
13.0068502426,80.2577362061,81088,81099,11
13.0071496964,80.2582931519,81099,81109,10
13.0077199936,80.2586593628,81109,81119,10
13.0082397461,80.2588882446,81119,81129,10
13.0088701248,80.2590789795,81129,81139,10
13.0096597672,80.2591018677,81139,81149,10
13.0107498169,80.2591018677,81149,81159,10
13.0119199753,80.2590713501,81159,81169,10
13.0131998062,80.2591171265,81169,81179,10
13.0145597458,80.2591781616,81179,81189,10
13.01583004,80.2593612671,81189,81198,9
13.0164299011,80.2596893311,81198,81210,12
13.0165996552,80.2598266602,81210,81220,10
13.0170898438,80.2601623535,81220,81230,10
13.0174503326,80.2603988647,81230,81240,10
13.0180902481,80.260848999,81240,81250,10
13.0187397003,80.2613296509,81250,81260,10
13.0194597244,80.2619476318,81260,81270,10
13.0201501846,80.2626495361,81270,81280,10
13.0201597214,80.2630462646,81280,81290,10
13.019610405,80.2630081177,81290,81301,11
13.0190696716,80.2630081177,81301,81311,10
13.0190496445,80.2635498047,81311,81321,10
13.0190896988,80.2644424438,81321,81331,10
13.0188598633,80.2652206421,81331,81341,10
13.0187501907,80.2656402588,81341,81351,10
13.0186500549,80.2663803101,81351,81361,10
13.0188102722,80.2671966553,81361,81371,10
13.0193395615,80.2679519653,81371,81381,10
13.019900322,80.2686233521,81381,81391,10
13.0204896927,80.2693328857,81391,81402,11
13.0211200714,80.2700805664,81402,81412,10
13.021490097,80.2705078125,81412,81422,10
13.021490097,80.2705230713,81422,81432,10
13.0215797424,80.2706680298,81432,81442,10
13.0219202042,80.2711105347,81442,81452,10
13.0224304199,80.2717590332,81452,81462,10
13.0230398178,80.2725906372,81462,81472,10
13.0238704681,80.2736816406,81472,81492,20
13.0238704681,80.2736816406,81492,81502,10
13.0239896774,80.2738265991,81502,81513,11
13.0242900848,80.2742614746,81513,81523,10
13.0248203278,80.2746963501,81523,81533,10
13.0253696442,80.2749099731,81533,81543,10
13.0255203247,80.2749710083,81543,81553,10
13.0259304047,80.275177002,81553,81563,10
13.0264101028,80.2754135132,81563,81573,10
13.0270299911,80.2757110596,81573,81583,10
13.0276699066,80.2759780884,81583,81593,10
13.0282001495,80.2761917114,81593,81603,10
13.0287504196,80.2763977051,81603,81614,11
13.0294504166,80.2766265869,81614,81624,10
13.0300798416,80.276802063,81624,81634,10
13.0307197571,80.2771377563,81634,81644,10
13.031370163,80.2775268555,81644,81654,10
13.032119751,80.2775421143,81654,81664,10
13.03262043,80.2775115967,81664,81674,10
13.0326900482,80.2775497437,81674,81684,10
13.033080101,80.2774887085,81684,81694,10
13.0336904526,80.2773971558,81694,81704,10
13.0343799591,80.2775497437,81704,81715,11
13.0352201462,80.2776870728,81715,81725,10
13.0359201431,80.2778167725,81725,81735,10
13.0366802216,80.2780380249,81735,81745,10
13.0373001099,80.2782897949,81745,81755,10
13.0377998352,80.278427124,81755,81765,10
13.0384998322,80.2786178589,81765,81775,10
13.0390701294,80.2787628174,81775,81785,10
13.0390901566,80.2787628174,81785,81795,10
13.0393295288,80.2788619995,81795,81805,10
13.0399303436,80.2790374756,81805,81816,11
13.0408496857,80.279258728,81816,81826,10
13.0418996811,80.2794265747,81826,81836,10
13.0427703857,80.2795333862,81836,81846,10
13.0432195663,80.2795181274,81846,81856,10
13.0437602997,80.2797470093,81856,81866,10
13.0446300507,80.2799377441,81866,81876,10
13.0457401276,80.2800674438,81876,81886,10
13.0466499329,80.2802276611,81886,81896,10
13.0475997925,80.2803573608,81896,81906,10
13.0487298965,80.2805175781,81906,81916,10
13.0496702194,80.2806625366,81916,81927,11
13.050740242,80.2808227539,81927,81937,10
13.0517196655,80.2809829712,81937,81947,10
13.05286026,80.2811279297,81947,81957,10
13.053850174,80.2812805176,81957,81967,10
13.0548601151,80.28150177,81967,81977,10
13.0559997559,80.2817230225,81977,81987,10
13.0569095612,80.2818984985,81987,81997,10
13.057849884,80.2820892334,81997,82007,10
13.0590200424,80.2823410034,82007,82017,10
13.0602903366,80.2826004028,82017,82028,11
13.0616998672,80.2828979492,82028,82038,10
13.0628099442,80.2831420898,82038,82048,10
13.0637102127,80.2833633423,82048,82058,10
13.064620018,80.2835617065,82058,82068,10
13.0657596588,80.2838363647,82068,82078,10
13.0670404434,80.2841186523,82078,82088,10
13.0682601929,80.2843093872,82088,82098,10
13.0694999695,80.2846221924,82098,82108,10
13.0708198547,80.2849578857,82108,82118,10
13.07213974,80.2852706909,82118,82129,11
13.0735797882,80.285369873,82129,82139,10
13.0747804642,80.2851104736,82139,82149,10
13.0756397247,80.2842178345,82149,82159,10
13.076499939,80.2833709717,82159,82169,10
13.0774803162,80.2827835083,82169,82179,10
13.0784597397,80.2823410034,82179,82189,10
13.0792102814,80.281791687,82189,82199,10
13.0799999237,80.2810821533,82199,82209,10
13.0808296204,80.2807006836,82209,82219,10
13.0815896988,80.2810516357,82219,82229,10
13.0823001862,80.2816314697,82229,82240,11
13.0829496384,80.2820663452,82240,82250,10
13.0835895538,80.2824707031,82250,82260,10
13.0841798782,80.2828598022,82260,82270,10
13.0847396851,80.2833099365,82270,82280,10
13.0851202011,80.2838287354,82280,82290,10
13.0855398178,80.2835922241,82290,82300,10
13.0860595703,80.2835617065,82300,82310,10
13.0867300034,80.2835769653,82310,83007,697
13.0867300034,80.2835769653,83007,83017,10
13.0869398117,80.2836685181,83017,83027,10
13.0871601105,80.2837371826,83027,83037,10
13.0874204636,80.283706665,83037,83047,10
13.0876197815,80.2836303711,83047,83057,10
13.0879402161,80.2836303711,83057,83088,31
13.0879898071,80.2837677002,83088,83169,81
13.0880804062,80.2839736938,83169,83340,171
13.0880804062,80.2839736938,83340,83350,10
13.0883102417,80.2837677002,83350,83360,10
13.0883398056,80.2834625244,83360,83371,11
13.0883197784,80.2828674316,83371,83381,10
13.0882902145,80.2822570801,83381,83391,10
13.0881004333,80.2817001343,83391,83401,10
13.0875701904,80.2814102173,83401,83411,10
13.0869197845,80.2812271118,83411,83421,10
13.086139679,80.2810134888,83421,83431,10
13.0856704712,80.2805633545,83431,83441,10
13.0854701996,80.2797775269,83441,83451,10
13.0847196579,80.2793273926,83451,83461,10
13.083820343,80.2791824341,83461,83472,11
13.0829000473,80.2788162231,83472,83482,10
13.0822696686,80.2785873413,83482,83492,10
13.0819597244,80.2782669067,83492,83502,10
13.0818996429,80.277671814,83502,83512,10
13.0818195343,80.2769393921,83512,83522,10
13.0817203522,80.276260376,83522,83532,10
13.0815896988,80.275642395,83532,83542,10
13.0815200806,80.2753601074,83542,83552,10
13.0813999176,80.2752075195,83552,83562,10
13.0809803009,80.2752304077,83562,83573,11
13.0804100037,80.2752990723,83573,83583,10
13.0797901154,80.2753677368,83583,83593,10
13.0792398453,80.2753067017,83593,83603,10
13.0786304474,80.2752380371,83603,83613,10
13.0782003403,80.2757720947,83613,83623,10
13.0778102875,80.2762680054,83623,83633,10
13.0770998001,80.2762908936,83633,83643,10
13.0764503479,80.2763290405,83643,83653,10
13.0759496689,80.2763290405,83653,83663,10
13.0758600235,80.2759017944,83663,83734,71
13.0758600235,80.2759017944,83734,83744,10
13.0758800507,80.2757034302,83744,83754,10
13.0759897232,80.2755126953,83754,83764,10
