13.0142297745,80.2257766724,17,5357,5340
13.014380455,80.2257003784,5357,7845,2488
13.0143404007,80.2257080078,7845,19194,11349
13.0142402649,80.2257537842,19194,19457,263
13.0143604279,80.2256774902,19457,21129,1672
13.0143604279,80.2256774902,21129,21139,10
13.0143003464,80.2259597778,21139,21149,10
13.0142402649,80.2261428833,21149,21169,20
13.0141296387,80.2264022827,21169,21200,31
13.0141296387,80.2264022827,21200,21210,10
13.0137701035,80.2265167236,21210,21220,10
13.0131101608,80.2267608643,21220,21230,10
13.012260437,80.2270812988,21230,21240,10
13.0112199783,80.2275009155,21240,21250,10
13.0101299286,80.2279205322,21250,21260,10
13.0092000961,80.2285308838,21260,21271,11
13.008939743,80.2297363281,21271,21281,10
13.0087099075,80.2309036255,21281,21291,10
13.0084896088,80.2320709229,21291,21301,10
13.0083198547,80.2330322266,21301,21311,10
13.0082597733,80.2335891724,21311,21321,10
13.0081195831,80.234161377,21321,21331,10
13.0079803467,80.2348480225,21331,21341,10
13.0077800751,80.2357406616,21341,21351,10
13.0075597763,80.2368469238,21351,21362,11
13.0073404312,80.2380523682,21362,21372,10
13.0072002411,80.2388000488,21372,21382,10
13.007109642,80.2392883301,21382,21392,10
13.007060051,80.2396621704,21392,21402,10
13.0069704056,80.240020752,21402,21463,61
13.0069704056,80.240020752,21463,21473,10
13.0068998337,80.2402801514,21473,21483,10
13.0068798065,80.2407608032,21483,21493,10
13.0068798065,80.2407989502,21493,21503,10
13.006819725,80.2411804199,21503,21513,10
13.0067996979,80.2419281006,21513,21523,10
13.006770134,80.2428970337,21523,21534,11
13.0067396164,80.2440032959,21534,21544,10
13.0067396164,80.2451095581,21544,21554,10
13.0067596436,80.2461166382,21554,21564,10
13.0067901611,80.246887207,21564,21574,10
13.0068101883,80.2473068237,21574,21584,10
13.0065002441,80.2474212646,21584,21594,10
13.0061302185,80.2474594116,21594,21604,10
13.0060796738,80.2474365234,21604,21614,10
13.0056800842,80.2473907471,21614,21625,11
13.0049104691,80.2473831177,21625,21635,10
13.0039997101,80.2474975586,21635,21645,10
13.0029296875,80.2476577759,21645,21655,10
13.0017204285,80.2479095459,21655,21665,10
13.0005102158,80.2482299805,21665,21675,10
12.9993000031,80.2485427856,21675,21685,10
12.9980802536,80.2488479614,21685,21695,10
12.9968099594,80.2491607666,21695,21705,10
12.9955701828,80.2494812012,21705,21716,11
12.9942398071,80.2498321533,21716,21726,10
12.9929800034,80.2501296997,21726,21736,10
12.9917097092,80.2504730225,21736,21746,10
12.9910497665,80.2506637573,21746,21756,10
12.9909200668,80.2506713867,21756,21766,10
12.9903297424,80.2508087158,21766,21776,10
12.9894504547,80.2510299683,21776,21786,10
12.9884595871,80.2512893677,21786,21796,10
12.9879999161,80.2514190674,21796,21807,11
12.9874401093,80.2515487671,21807,21817,10
12.9866895676,80.2517623901,21817,21827,10
12.9859399796,80.2519378662,21827,21837,10
12.9849700928,80.2521820068,21837,21847,10
12.9838399887,80.2524871826,21847,21857,10
12.9826898575,80.2526626587,21857,21867,10
12.9814796448,80.2526779175,21867,21877,10
12.9803199768,80.2527236938,21877,21887,10
12.9794397354,80.2526779175,21887,21898,11
12.978509903,80.2524719238,21898,21908,10
12.9777097702,80.2518463135,21908,21918,10
12.9766798019,80.2512817383,21918,21928,10
12.9754695892,80.2509231567,21928,21938,10
12.9742202759,80.2505569458,21938,21948,10
12.9729099274,80.250213623,21948,21958,10
12.9717102051,80.2498779297,21958,21968,10
12.9703798294,80.24949646,21968,21978,10
12.9689397812,80.2489471436,21978,21989,11
12.9675798416,80.2484130859,21989,21999,10
12.9664802551,80.2479019165,21999,22009,10
12.9653997421,80.2474517822,22009,22019,10
12.9642896652,80.2470703125,22019,22029,10
12.9634399414,80.2467422485,22029,22039,10
12.9624795914,80.2462387085,22039,22049,10
12.9613895416,80.2456893921,22049,22059,10
12.9602899551,80.2451782227,22059,22069,10
12.9592599869,80.244758606,22069,22080,11
12.9590396881,80.2446517944,22080,22090,10
12.9584903717,80.244392395,22090,22100,10
12.9577598572,80.2440719604,22100,22110,10
12.9570798874,80.2438278198,22110,22120,10
12.9564199448,80.2436828613,22120,22130,10
12.9561004639,80.2435531616,22130,22140,10
12.9554796219,80.2432098389,22140,22150,10
12.95470047,80.2428512573,22150,22160,10
12.9538297653,80.2424926758,22160,22171,11
12.9527101517,80.2420272827,22171,22181,10
12.9517002106,80.2416534424,22181,22191,10
12.9505796432,80.2412719727,22191,22201,10
12.9494199753,80.2409362793,22201,22211,10
12.948559761,80.2405929565,22211,22221,10
12.9475898743,80.2401885986,22221,22231,10
12.9466104507,80.2397994995,22231,22241,10
12.9456701279,80.2394104004,22241,22251,10
12.9449701309,80.238899231,22251,22262,11
12.944270134,80.2381515503,22262,22272,10
12.9437599182,80.2375793457,22272,22282,10
12.9433498383,80.2371368408,22282,22292,10
12.9426603317,80.2366333008,22292,22302,10
12.9416103363,80.2362670898,22302,22312,10
12.9403896332,80.2359695435,22312,22320,8
12.9395399094,80.2356491089,22320,22332,12
12.9383001328,80.2350311279,22332,22342,10
12.9371299744,80.2344512939,22342,22353,11
12.9357995987,80.233833313,22353,22363,10
12.9347000122,80.2333526611,22363,22373,10
12.9337501526,80.2328872681,22373,22383,10
12.9327602386,80.2324523926,22383,22393,10
12.9315595627,80.2320404053,22393,22403,10
12.9302396774,80.2316436768,22403,22413,10
12.9288396835,80.2313232422,22413,22423,10
12.9273796082,80.2311172485,22423,22433,10
12.9259595871,80.2309494019,22433,22444,11
12.9243898392,80.2307662964,22444,22454,10
12.9229297638,80.2305908203,22454,22464,10
12.9214696884,80.2303619385,22464,22474,10
12.919960022,80.2301712036,22474,22484,10
12.9185400009,80.2299880981,22484,22494,10
12.9171600342,80.2298202515,22494,22504,10
12.9158802032,80.229637146,22504,22514,10
12.9145202637,80.2294616699,22514,22524,10
12.9131498337,80.2292785645,22524,22535,11
12.9116201401,80.2290420532,22535,22545,10
12.910200119,80.2288284302,22545,22555,10
12.9088497162,80.2285995483,22555,22565,10
12.9074802399,80.2283935547,22565,22575,10
12.9063396454,80.2282791138,22575,22585,10
12.9051799774,80.2282028198,22585,22595,10
12.9039402008,80.2281417847,22595,22605,10
12.9026603699,80.2280807495,22605,22615,10
12.9014396667,80.2280197144,22615,22626,11
12.9002103806,80.2279586792,22626,22646,20
12.9002103806,80.2279586792,22646,22656,10
12.8999996185,80.2279510498,22656,22666,10
12.8994998932,80.2279205322,22666,22676,10
12.8992795944,80.227897644,22676,22686,10
12.898639679,80.2278518677,22686,22696,10
12.8976898193,80.2277984619,22696,22707,11
12.8964004517,80.227722168,22707,22717,10
12.8950796127,80.2276611328,22717,22727,10
12.893699646,80.2275619507,22727,22737,10
12.892660141,80.2274398804,22737,22747,10
12.8919801712,80.2273864746,22747,22757,10
12.8910598755,80.2273712158,22757,22767,10
12.8899402618,80.2273635864,22767,22777,10
12.8888196945,80.2273635864,22777,22787,10
12.8877000809,80.2273025513,22787,22798,11
12.886590004,80.2270965576,22798,22808,10
12.8854198456,80.2268295288,22808,22818,10
12.884929657,80.2267684937,22818,22828,10
12.8847198486,80.2267608643,22828,22838,10
12.8841295242,80.2267379761,22838,22848,10
12.8832702637,80.2267532349,22848,22858,10
12.8822402954,80.2267532349,22858,22868,10
12.8810997009,80.2267532349,22868,22878,10
12.8799104691,80.2267532349,22878,22889,11
12.8784503937,80.2268218994,22889,22899,10
12.8771295547,80.2269363403,22899,22909,10
12.876660347,80.2269821167,22909,22919,10
12.8763904572,80.2269821167,22919,22929,10
12.8757696152,80.2269668579,22929,22939,10
12.874879837,80.2268829346,22939,22949,10
12.873749733,80.2267608643,22949,22959,10
12.8726902008,80.2267227173,22959,22969,10
12.8725795746,80.2267227173,22969,22980,11
12.872130394,80.2267074585,22980,22990,10
12.8713598251,80.2266769409,22990,23000,10
12.870349884,80.2266082764,23000,23010,10
12.8691997528,80.2264785767,23010,23020,10
12.8680095673,80.2264175415,23020,23030,10
12.8668498993,80.2265167236,23030,23040,10
12.8656396866,80.2266082764,23040,23050,10
12.8645000458,80.2265777588,23050,23060,10
12.8630199432,80.2265396118,23060,23071,11
12.8614997864,80.226600647,23071,23081,10
12.8601198196,80.2264862061,23081,23091,10
12.8588895798,80.2263336182,23091,23101,10
12.8582401276,80.2262878418,23101,23111,10
12.8573999405,80.22631073,23111,23121,10
12.8564100266,80.2264022827,23121,23131,10
12.8552598953,80.2265167236,23131,23141,10
12.853890419,80.2266464233,23141,23151,10
12.8524398804,80.2266998291,23151,23162,11
12.8512001038,80.2266235352,23162,23172,10
12.8499002457,80.2265701294,23172,23182,10
12.8485002518,80.2265701294,23182,23192,10
12.8471298218,80.2265930176,23192,23202,10
12.8458595276,80.2266082764,23202,23212,10
12.8453197479,80.2266235352,23212,23222,10
12.844909668,80.2266387939,23222,23232,10
12.84416008,80.2266998291,23232,23242,10
12.8431901932,80.2268295288,23242,23253,11
12.8419303894,80.2270812988,23253,23263,10
12.840760231,80.2273788452,23263,23273,10
12.8397197723,80.2276535034,23273,23303,30
12.8397197723,80.2276535034,23303,23313,10
12.83934021,80.2277832031,23313,23323,10
12.8386602402,80.2279586792,23323,23333,10
12.8377399445,80.2281723022,23333,23344,11
12.8365001678,80.2283630371,23344,23354,10
12.8352804184,80.2285385132,23354,23364,10
12.8340597153,80.2287597656,23364,23374,10
12.832859993,80.2289886475,23374,23385,11
12.8322601318,80.2291183472,23385,23396,11
12.8320999146,80.2291488647,23396,23406,10
12.8314800262,80.2292861938,23406,23416,10
12.8306398392,80.2295532227,23416,23427,11
12.8295202255,80.2299880981,23427,23437,10
12.8284797668,80.2304916382,23437,23447,10
12.8274002075,80.2311019897,23447,23457,10
12.8261604309,80.2313613892,23457,23467,10
12.8248500824,80.2313766479,23467,23477,10
12.823679924,80.2311096191,23477,23487,10
12.8223896027,80.2307128906,23487,23497,10
12.8210296631,80.23046875,23497,23507,10
12.8196802139,80.2304916382,23507,23518,11
12.8189296722,80.2304992676,23518,23528,10
12.8185195923,80.2303237915,23528,23538,10
12.8177604675,80.2299499512,23538,23548,10
12.8167104721,80.2295684814,23548,23558,10
12.8155498505,80.2293701172,23558,23568,10
12.8143796921,80.2291870117,23568,23578,10
12.8131799698,80.2288589478,23578,23588,10
12.8119401932,80.2284164429,23588,23598,10
12.8106899261,80.2279434204,23598,23609,11
12.8093395233,80.2273406982,23609,23619,10
12.808259964,80.2265014648,23619,23629,10
12.8072099686,80.2256011963,23629,23639,10
12.8064203262,80.224899292,23639,23649,10
12.8056402206,80.2242431641,23649,23659,10
12.8050098419,80.2240066528,23659,23669,10
12.8049697876,80.2240066528,23669,23679,10
12.8048400879,80.2239685059,23679,23689,10
12.8042602539,80.2239074707,23689,23700,11
12.8033103943,80.2238311768,23700,23710,10
12.8022098541,80.2236862183,23710,23720,10
12.8010396957,80.2235794067,23720,23730,10
12.7998695374,80.2234725952,23730,23740,10
12.7986602783,80.2233581543,23740,23750,10
12.7973003387,80.2231903076,23750,23760,10
12.795920372,80.2229385376,23760,23770,10
12.7945299149,80.2227020264,23770,23780,10
12.7931604385,80.2224884033,23780,23791,11
12.791680336,80.2221984863,23791,23801,10
12.7903699875,80.2218704224,23801,23811,10
12.7893400192,80.221572876,23811,23821,10
12.7884502411,80.2212295532,23821,23831,10
12.7877101898,80.2209396362,23831,23841,10
12.7870101929,80.2206802368,23841,23851,10
12.7864198685,80.220451355,23851,23861,10
12.7863397598,80.220413208,23861,23871,10
12.7862901688,80.2203903198,23871,23882,11
12.7861404419,80.2205276489,23882,23892,10
12.7861700058,80.220993042,23892,23902,10
12.7861700058,80.2213516235,23902,23912,10
12.7862195969,80.2218093872,23912,23922,10
12.7862796783,80.2221832275,23922,24165,243
12.7862796783,80.2221832275,24165,24175,10
12.7863197327,80.221862793,24175,24185,10
12.7862501144,80.2215499878,24185,24195,10
12.7862195969,80.2211990356,24195,24205,10
12.7861995697,80.2206878662,24205,24215,10
12.78647995,80.2204437256,24215,24236,21
12.78647995,80.2204437256,24236,24246,10
12.7867603302,80.2205581665,24246,24256,10
12.7871704102,80.2207183838,24256,24266,10
12.7878398895,80.2209472656,24266,24276,10
12.7886400223,80.2212600708,24276,24286,10
12.7895298004,80.2216033936,24286,24296,10
12.790309906,80.2218322754,24296,24306,10
12.791179657,80.2220535278,24306,24316,10
12.7918596268,80.2221832275,24316,24327,11
12.7921895981,80.2222366333,24327,24337,10
12.7926197052,80.2223587036,24337,24347,10
12.7933197021,80.2224731445,24347,24357,10
12.7942695618,80.222618103,24357,24367,10
12.7953996658,80.2227935791,24367,24377,10
12.796330452,80.2229385376,24377,24387,10
12.7964096069,80.2229690552,24387,24397,10
12.7965803146,80.2229995728,24397,24407,10
12.7971000671,80.2230987549,24407,24418,11
12.7979402542,80.2232284546,24418,24428,10
12.7988395691,80.2233200073,24428,24438,10
12.7998104095,80.2234115601,24438,24448,10
12.8009595871,80.2235183716,24448,24458,10
12.8015003204,80.2235565186,24458,24468,10
12.8017501831,80.2235794067,24468,24478,10
12.8023500443,80.2236785889,24478,24488,10
12.8031797409,80.2237930298,24488,24498,10
12.8041801453,80.2238693237,24498,24509,11
12.8052196503,80.224029541,24509,24519,10
12.8055801392,80.2241287231,24519,24529,10
12.8058004379,80.2242889404,24529,24539,10
12.8062896729,80.2247161865,24539,24549,10
12.8069801331,80.2253494263,24549,24559,10
12.8077297211,80.2259902954,24559,24569,10
12.8086004257,80.2267227173,24569,24579,10
12.8093204498,80.2272567749,24579,24589,10
12.809969902,80.2276000977,24589,24600,11
12.8109502792,80.2280197144,24600,24610,10
12.8120498657,80.2284164429,24610,24620,10
12.813249588,80.2288513184,24620,24630,10
12.8145399094,80.2292098999,24630,24640,10
12.8159303665,80.2294006348,24640,24650,10
12.8172998428,80.2296981812,24650,24660,10
12.8183803558,80.230178833,24660,24670,10
12.8193998337,80.2304534912,24670,24680,10
12.8197498322,80.2304382324,24680,24691,11
12.8201799393,80.2304382324,24691,24701,10
12.8210401535,80.2304077148,24701,24711,10
12.8221302032,80.2305984497,24711,24721,10
12.8232803345,80.2309494019,24721,24731,10
12.8244400024,80.2312393188,24731,24741,10
12.8256597519,80.2313766479,24741,24751,10
12.8269500732,80.2312469482,24751,24761,10
12.8281497955,80.2306671143,24761,24771,10
12.8292198181,80.2300872803,24771,24782,11
12.8304395676,80.229598999,24782,24792,10
12.8311395645,80.2293167114,24792,24802,10
12.8313503265,80.2292480469,24802,24812,10
12.8318395615,80.229133606,24812,24822,10
12.8325996399,80.2289733887,24822,24832,10
12.8336200714,80.2287826538,24832,24842,10
12.8347597122,80.2285995483,24842,24852,10
12.8359298706,80.2284317017,24852,24863,11
12.8372097015,80.2282180786,24863,24873,10
12.8383903503,80.2279891968,24873,24883,10
12.8392295837,80.2277908325,24883,24893,10
12.8395700455,80.2276992798,24893,24903,10
12.8398103714,80.2276077271,24903,24913,10
12.8404397964,80.2274398804,24913,24923,10
12.8412904739,80.2272186279,24923,24933,10
12.8423595428,80.2269363403,24933,24943,10
12.8434095383,80.2267379761,24943,24954,11
12.8444900513,80.2265930176,24954,24964,10
12.8453998566,80.2265014648,24964,24974,10
12.8455095291,80.2265014648,24974,24984,10
12.845749855,80.2265014648,24984,24994,10
12.8461399078,80.2265167236,24994,25004,10
12.8467798233,80.2265090942,25004,25014,10
12.8475799561,80.2265090942,25014,25024,10
12.84856987,80.2265167236,25024,25034,10
12.8496999741,80.2265014648,25034,25045,11
12.8501195908,80.2265014648,25045,25055,10
12.850520134,80.2265090942,25055,25065,10
12.8512601852,80.2265396118,25065,25075,10
12.8521404266,80.2265777588,25075,25085,10
12.8531303406,80.2266387939,25085,25095,10
12.8542804718,80.2265625,25095,25105,10
12.855509758,80.2264175415,25105,25115,10
12.8568096161,80.2262802124,25115,25125,10
12.8580598831,80.2261810303,25125,25136,11
12.8593397141,80.2262878418,25136,25146,10
12.8604898453,80.2264480591,25146,25156,10
12.8609399796,80.2264862061,25156,25166,10
12.8611097336,80.2265090942,25166,25176,10
12.8616800308,80.2265090942,25176,25186,10
12.8625097275,80.2264785767,25186,25196,10
12.8634901047,80.2264633179,25196,25206,10
12.8646097183,80.2265090942,25206,25216,10
12.865819931,80.2265319824,25216,25227,11
12.8672199249,80.2264099121,25227,25237,10
12.8685398102,80.226348877,25237,25247,10
12.8698396683,80.2264785767,25247,25257,10
12.8707704544,80.2265625,25257,25267,10
12.8722496033,80.2266235352,25267,25277,10
12.8729400635,80.2266082764,25277,25287,10
12.8732099533,80.2266235352,25287,25297,10
12.873840332,80.2266693115,25297,25307,10
12.874710083,80.2267837524,25307,25318,11
12.875869751,80.226890564,25318,25328,10
12.8766899109,80.2268829346,25328,25338,10
12.8768100739,80.2268600464,25338,25348,10
12.8770799637,80.226852417,25348,25358,10
12.877699852,80.2267990112,25358,25368,10
12.8785495758,80.2267303467,25368,25378,10
12.8796195984,80.2266921997,25378,25388,10
12.8807897568,80.2266693115,25388,25398,10
12.8819799423,80.2266693115,25398,25409,11
12.8832702637,80.2266693115,25409,25419,10
12.8844604492,80.2266387939,25419,25429,10
12.8851804733,80.2266387939,25429,25439,10
12.8852500916,80.2266616821,25439,25449,10
12.8857097626,80.2267608643,25449,25459,10
12.8865003586,80.2269821167,25459,25469,10
12.8874797821,80.2271881104,25469,25479,10
12.8885202408,80.2273178101,25479,25489,10
12.8896398544,80.2273101807,25489,25500,11
12.8909702301,80.2273025513,25500,25510,10
12.8921699524,80.2273101807,25510,25520,10
12.8932104111,80.2274169922,25520,25530,10
12.8943901062,80.2275772095,25530,25540,10
12.8956203461,80.2276382446,25540,25550,10
12.8966398239,80.2276763916,25550,25560,10
12.8977499008,80.2277374268,25560,25570,10
12.8989896774,80.2277984619,25570,25580,10
12.9006004333,80.2278594971,25580,25631,51
12.9006004333,80.2278594971,25631,25641,10
12.9008598328,80.2278671265,25641,25651,10
12.9013900757,80.2279205322,25651,25661,10
12.9024896622,80.2279510498,25661,25692,31
12.9024896622,80.2279510498,25692,25702,10
12.9026403427,80.2279815674,25702,25712,10
12.9030799866,80.2279968262,25712,25722,10
12.9037599564,80.2280426025,25722,25732,10
12.9045000076,80.2280807495,25732,25742,10
12.9054002762,80.2281265259,25742,25752,10
12.906539917,80.228187561,25752,25793,41
12.906539917,80.228187561,25793,25803,10
12.9068098068,80.2282028198,25803,25813,10
12.9069900513,80.2282409668,25813,25823,10
12.9074497223,80.2283096313,25823,25833,10
12.9081897736,80.2284393311,25833,25843,10
12.9090995789,80.2285995483,25843,25854,11
12.9101896286,80.228767395,25854,25864,10
12.9113197327,80.2289199829,25864,25874,10
12.9125003815,80.2290725708,25874,25884,10
12.913860321,80.2292633057,25884,25904,20
12.913860321,80.2292633057,25904,25914,10
12.9141902924,80.2293167114,25914,25924,10
12.914850235,80.2294006348,25924,25934,10
12.9157896042,80.2295227051,25934,25945,11
12.9168395996,80.2296905518,25945,25955,10
12.9178600311,80.2298431396,25955,25965,10
12.9190101624,80.2300033569,25965,25975,10
12.9202899933,80.2301483154,25975,25985,10
12.9216403961,80.2303085327,25985,25995,10
12.9230203629,80.2305526733,25995,26005,10
12.9244298935,80.2307434082,26005,26015,10
12.9257202148,80.2308807373,26015,26025,10
12.9263896942,80.2309265137,26025,26036,11
12.9266300201,80.2309494019,26036,26046,10
12.9271802902,80.2310333252,26046,26056,10
12.927980423,80.2311325073,26056,26066,10
12.9289197922,80.2312774658,26066,26076,10
12.9299697876,80.2314987183,26076,26086,10
12.9311800003,80.231842041,26086,26096,10
12.9325304031,80.2322769165,26096,26106,10
12.9335803986,80.2326812744,26106,26116,10
12.9336500168,80.2326965332,26116,26127,11
12.9337100983,80.2327575684,26127,26137,10
12.9341096878,80.2329788208,26137,26147,10
12.9350004196,80.2333908081,26147,26157,10
12.9360799789,80.2338790894,26157,26167,10
12.9372901917,80.2344512939,26167,26177,10
12.9385995865,80.2350769043,26177,26187,10
12.9394397736,80.2354812622,26187,26197,10
12.9396896362,80.2355575562,26197,26207,10
12.9398603439,80.2356719971,26207,26218,11
12.9403896332,80.2358627319,26218,26228,10
12.9412899017,80.2361068726,26228,26238,10
12.9423999786,80.2364120483,26238,26248,10
12.9434900284,80.2371292114,26248,26258,10
12.9444599152,80.2382125854,26258,26268,10
12.9453001022,80.2390823364,26268,26278,10
12.94672966,80.2397613525,26278,26288,10
12.9473199844,80.2399978638,26288,26298,10
12.9474401474,80.2400436401,26298,26309,11
12.9479598999,80.240272522,26309,26319,10
12.9485998154,80.2405319214,26319,26329,10
12.9489202499,80.2406463623,26329,26339,10
12.9494199753,80.2408370972,26339,26349,10
12.9501800537,80.2410812378,26349,26359,10
12.9510698318,80.2413482666,26359,26379,20
12.9510698318,80.2413482666,26379,26390,11
12.9511995316,80.2413787842,26390,26400,10
12.9516401291,80.2415618896,26400,26410,10
12.952340126,80.2418212891,26410,26420,10
12.9532804489,80.2421875,26420,26430,10
12.9543399811,80.2426071167,26430,26440,10
12.9552202225,80.2429580688,26440,26450,10
12.9561395645,80.243270874,26450,26460,10
12.9566497803,80.2434768677,26460,26470,10
12.9573402405,80.2437973022,26470,26481,11
12.9582901001,80.2442016602,26481,26491,10
12.9589500427,80.2444381714,26491,26501,10
12.9590997696,80.2445068359,26501,26511,10
12.9594602585,80.2446975708,26511,26521,10
12.9600601196,80.2450027466,26521,26531,10
12.9608297348,80.2453689575,26531,26541,10
12.9617795944,80.24584198,26541,26551,10
12.9628200531,80.2463531494,26551,26561,10
12.9634399414,80.24659729,26561,26582,21
12.9634399414,80.24659729,26582,26592,10
12.9635400772,80.246673584,26592,26602,10
12.9639797211,80.2468566895,26602,26612,10
12.9646501541,80.2471237183,26612,26622,10
12.9654598236,80.2473983765,26622,26632,10
12.9663496017,80.247718811,26632,26642,10
12.9666204453,80.247833252,26642,26652,10
12.9666795731,80.2478790283,26652,26663,11
12.9670801163,80.2481079102,26663,26673,10
12.9677400589,80.2483901978,26673,26683,10
12.9685697556,80.2487106323,26683,26693,10
12.9695901871,80.2491226196,26693,26703,10
12.9706802368,80.2495498657,26703,26713,10
12.9719200134,80.2498931885,26713,26723,10
12.9731702805,80.2502212524,26723,26733,10
12.9744796753,80.250579834,26733,26743,10
12.9757995605,80.2509613037,26743,26754,11
12.9771900177,80.251411438,26754,26764,10
12.9781303406,80.2520828247,26764,26774,10
12.9785203934,80.2523193359,26774,26784,10
12.9787197113,80.2524337769,26784,26794,10
12.9792900085,80.252571106,26794,26804,10
12.979929924,80.2526397705,26804,26814,10
12.9806900024,80.2526626587,26814,26824,10
12.9816198349,80.2526397705,26824,26834,10
12.9827404022,80.2526092529,26834,26845,11
12.9840202332,80.2523803711,26845,26855,10
12.9851398468,80.2520828247,26855,26865,10
12.986240387,80.2517776489,26865,26875,10
12.9877700806,80.2513275146,26875,26976,101
12.9877700806,80.2513275146,26976,26986,10
12.9881296158,80.2512130737,26986,26996,10
12.9888095856,80.2510528564,26996,27006,10
12.98939991,80.250869751,27006,27017,11
12.9894599915,80.2508621216,27017,27027,10
12.9898500443,80.250793457,27027,27037,10
12.9905195236,80.2506332397,27037,27047,10
12.991350174,80.2504272461,27047,27057,10
12.9923400879,80.2501831055,27057,27067,10
12.9934501648,80.2499008179,27067,27077,10
12.9945802689,80.2496109009,27077,27087,10
12.9957103729,80.2493286133,27087,27097,10
12.9965600967,80.2490692139,27097,27108,11
12.9967002869,80.2490386963,27108,27118,10
12.9970798492,80.2489700317,27118,27128,10
12.9977903366,80.2488098145,27128,27138,10
12.9986495972,80.248588562,27138,27148,10
12.9996099472,80.2483596802,27148,27158,10
13.0006399155,80.2481079102,27158,27168,10
13.0016298294,80.2478637695,27168,27178,10
13.0024595261,80.2476730347,27178,27188,10
13.0033397675,80.2474975586,27188,27199,11
13.004360199,80.2473373413,27199,27209,10
13.0054101944,80.2471694946,27209,27219,10
13.0062198639,80.2468490601,27219,27229,10
13.0065202713,80.2463912964,27229,27239,10
13.0065402985,80.2462310791,27239,27249,10
13.0065498352,80.2461624146,27249,27259,10
13.0066099167,80.2457427979,27259,27269,10
13.0066404343,80.2449874878,27269,27279,10
13.0066404343,80.2440414429,27279,27290,11
13.0066204071,80.2429428101,27290,27300,10
13.0065898895,80.2420196533,27300,27310,10
13.0066699982,80.2409362793,27310,27320,10
13.0068397522,80.240020752,27320,27330,10
13.0070400238,80.2389602661,27330,27340,10
13.0072402954,80.2379608154,27340,27350,10
13.0073795319,80.2370834351,27350,27360,10
13.0074100494,80.2367935181,27360,27370,10
13.0074596405,80.2366104126,27370,27381,11
13.0075998306,80.2360229492,27381,27391,10
13.0077495575,80.2352676392,27391,27401,10
13.0079202652,80.2343826294,27401,27411,10
13.0081596375,80.2332992554,27411,27421,10
13.0083999634,80.232093811,27421,27431,10
13.008649826,80.2308273315,27431,27441,10
13.0088796616,80.2296066284,27441,27451,10
13.0091295242,80.2283935547,27451,27461,10
13.0095796585,80.2272720337,27461,27472,11
13.0101900101,80.2259902954,27472,27482,10
13.010720253,80.224899292,27482,27492,10
13.0111303329,80.2239837646,27492,27502,10
13.0113401413,80.2235031128,27502,27512,10
13.0115299225,80.2230377197,27512,27522,10
13.0118198395,80.2222366333,27522,27532,10
13.0121603012,80.2214889526,27532,27542,10
13.0124197006,80.2215805054,27542,27552,10
13.0127496719,80.2221221924,27552,27563,11
13.0133600235,80.2227401733,27563,27573,10
13.013999939,80.2234725952,27573,27583,10
13.0146198273,80.2241287231,27583,27593,10
13.0150995255,80.2246322632,27593,27603,10
13.0151596069,80.2246932983,27603,27613,10
13.0153102875,80.2248687744,27613,27623,10
13.0156803131,80.2251586914,27623,27633,10
13.0157003403,80.2251815796,27633,27643,10
13.0160198212,80.2253875732,27643,27654,11
13.0168800354,80.2252502441,27654,27664,10
13.0179004669,80.2248382568,27664,27674,10
13.018910408,80.2244567871,27674,27684,10
13.0197601318,80.2245788574,27684,27714,30
13.0197601318,80.2245788574,27714,27724,10
13.020070076,80.224822998,27724,27734,10
13.0206899643,80.2252578735,27734,27745,11
13.0215997696,80.2259292603,27745,27755,10
13.0224599838,80.2266235352,27755,27765,10
13.0232801437,80.2273712158,27765,27775,10
13.0241603851,80.2281799316,27775,27785,10
13.024479866,80.2285614014,27785,27795,10
13.0243701935,80.2286300659,27795,27805,10
13.0241003036,80.2284088135,27805,27815,10
13.0235500336,80.2278366089,27815,27856,41
13.0235500336,80.2278366089,27856,27866,10
13.0233001709,80.2275924683,27866,27876,10
13.023150444,80.2274398804,27876,27927,51
13.023150444,80.2274398804,27927,27937,10
13.0228395462,80.2271194458,27937,27947,10
13.022480011,80.2267227173,27947,27957,10
13.0221300125,80.2264404297,27957,28018,61
13.0221300125,80.2264404297,28018,28028,10
13.0220098495,80.2263412476,28028,28038,10
13.0217599869,80.2261123657,28038,28048,10
13.0212602615,80.2257232666,28048,28058,10
13.0206804276,80.2252883911,28058,28068,10
13.0201597214,80.2249526978,28068,28078,10
13.0195503235,80.2245864868,28078,28088,10
13.018699646,80.2245407104,28088,28099,11
13.0176696777,80.2249526978,28099,28109,10
13.0168399811,80.2252807617,28109,28119,10
13.0164699554,80.225440979,28119,28129,10
13.016119957,80.2255630493,28129,28139,10
13.0156097412,80.225730896,28139,28149,10
13.0150403976,80.2259597778,28149,28159,10
13.0144500732,80.2261810303,28159,28169,10
13.014289856,80.2262420654,28169,28179,10
13.0141601563,80.2262878418,28179,28190,11
13.0139904022,80.2263565063,28190,28200,10
13.0135097504,80.2265396118,28200,28210,10
13.0128002167,80.2268066406,28210,28220,10
13.0119400024,80.2271575928,28220,28230,10
13.0109996796,80.2275314331,28230,28240,10
13.0100402832,80.2279129028,28240,28250,10
13.009180069,80.2284622192,28250,28260,10
13.0089502335,80.2294998169,28260,28270,10
13.0087003708,80.2307510376,28270,28281,11
13.0085096359,80.231842041,28281,28291,10
13.0083503723,80.2328033447,28291,28301,10
13.0082197189,80.2336196899,28301,28311,10
13.0081596375,80.2338104248,28311,28321,10
13.0081396103,80.2339324951,28321,28331,10
13.0080900192,80.2341308594,28331,28341,10
13.0079402924,80.2348022461,28341,28351,10
13.0077600479,80.2356185913,28351,28361,10
13.0075702667,80.236656189,28361,28372,11
13.0073604584,80.2378692627,28372,28382,10
13.0072202682,80.2386779785,28382,28392,10
13.0070800781,80.2393798828,28392,28402,10
13.0069904327,80.2398376465,28402,28422,20
13.0069904327,80.2398376465,28422,28432,10
13.0069599152,80.2400436401,28432,28442,10
13.0068998337,80.2404174805,28442,28453,11
13.0067996979,80.2411193848,28453,28463,10
13.0067796707,80.2417831421,28463,28473,10
13.0067596436,80.2421264648,28473,28483,10
13.0067501068,80.2425689697,28483,28544,61
13.0067501068,80.2425689697,28544,28554,10
13.0066699982,80.2428970337,28554,28564,10
13.0066795349,80.2431182861,28564,28574,10
13.0066995621,80.2433929443,28574,28584,10
13.0066900253,80.2437896729,28584,28604,20
13.0066900253,80.2437896729,28604,28614,10
13.0066795349,80.2440414429,28614,28624,10
13.0066900253,80.2444534302,28624,28635,11
13.0066995621,80.244972229,28635,28645,10
13.0067300797,80.2455291748,28645,28655,10
13.0067501068,80.24609375,28655,28665,10
13.0067596436,80.2465209961,28665,28695,30
13.0067596436,80.2465209961,28695,28705,10
13.0067796707,80.2468338013,28705,28715,10
13.0067596436,80.2470703125,28715,28726,11
13.0066699982,80.2473907471,28726,28736,10
13.0061502457,80.2474594116,28736,28756,20
13.0061502457,80.2474594116,28756,28766,10
13.0058603287,80.2474212646,28766,28776,10
13.0053796768,80.2473678589,28776,28786,10
13.0047197342,80.2474136353,28786,28796,10
13.0038003922,80.2475204468,28796,28806,10
13.0027799606,80.2476730347,28806,28817,11
13.0017499924,80.2479095459,28817,28827,10
13.0006904602,80.2481765747,28827,28837,10
12.9995603561,80.2484664917,28837,28847,10
12.9983596802,80.2487792969,28847,28857,10
12.9973201752,80.2490386963,28857,28867,10
12.9972000122,80.2490692139,28867,28877,10
12.9971504211,80.2490386963,28877,28887,10
12.996720314,80.2491378784,28887,28897,10
12.9960098267,80.2493362427,28897,28908,11
12.9950895309,80.2496185303,28908,28918,10
12.9941902161,80.2498397827,28918,28928,10
12.9931402206,80.2500991821,28928,28938,10
12.9920101166,80.2503814697,28938,28948,10
12.9911603928,80.250617981,28948,28958,10
12.9910097122,80.2506408691,28958,28968,10
12.9905500412,80.2507171631,28968,28978,10
12.9898700714,80.2508773804,28978,28989,11
12.9891901016,80.2510528564,28989,29019,30
12.9891901016,80.2510528564,29019,29029,10
12.9889202118,80.2511291504,29029,29039,10
12.9885597229,80.2512283325,29039,29049,10
12.9880895615,80.2513580322,29049,29059,10
12.9876003265,80.2514801025,29059,29069,10
12.9871196747,80.2516326904,29069,29080,11
12.9865102768,80.2518005371,29080,29090,10
12.9859304428,80.251953125,29090,29100,10
12.985039711,80.2521820068,29100,29110,10
12.9839696884,80.252456665,29110,29120,10
12.9829101563,80.2526626587,29120,29130,10
12.9818601608,80.2527084351,29130,29140,10
12.9810695648,80.2527313232,29140,29150,10
12.9808502197,80.2527313232,29150,29160,10
12.980629921,80.2527618408,29160,29171,11
12.9802999496,80.2527999878,29171,29181,10
12.9798202515,80.2527694702,29181,29191,10
12.9791202545,80.2526779175,29191,29201,10
12.9787397385,80.2526473999,29201,29211,10
12.9785003662,80.2525405884,29211,29221,10
12.9779996872,80.2521362305,29221,29231,10
12.9772500992,80.2515411377,29231,29241,10
12.976149559,80.251159668,29241,29251,10
12.9749097824,80.2507629395,29251,29262,11
12.9734601974,80.2503585815,29262,29272,10
12.9721603394,80.2500076294,29272,29282,10
12.9709196091,80.2496414185,29282,29292,10
12.9697399139,80.2492218018,29292,29302,10
12.9685401917,80.2487716675,29302,29312,10
12.9674196243,80.2483291626,29312,29322,10
12.9665899277,80.2479171753,29322,29332,10
12.9657297134,80.2475662231,29332,29342,10
12.9651699066,80.2473983765,29342,29353,11
12.9650697708,80.2473526001,29353,29363,10
12.9645996094,80.2471466064,29363,29373,10
12.9638204575,80.2468795776,29373,29383,10
12.9631099701,80.2465286255,29383,29393,10
12.9623003006,80.2461471558,29393,29403,10
12.9613704681,80.2456893921,29403,29413,10
12.9603500366,80.2452011108,29413,29423,10
12.9593801498,80.2447814941,29423,29433,10
12.9592199326,80.2447280884,29433,29444,11
12.9590196609,80.2446289063,29444,29454,10
12.9584302902,80.2443695068,29454,29464,10
12.9578304291,80.2441101074,29464,29474,10
12.9570398331,80.2438735962,29474,29504,30
12.9570398331,80.2438735962,29504,29514,10
12.9568996429,80.2438430786,29514,29524,10
12.9567699432,80.2437896729,29524,29555,31
12.956489563,80.2436904907,29555,29585,30
12.956489563,80.2436904907,29585,29595,10
12.9560203552,80.2434768677,29595,29605,10
12.9553403854,80.2431182861,29605,29615,10
12.9544696808,80.2427062988,29615,29626,11
12.9534397125,80.2423019409,29626,29636,10
12.9525003433,80.2419281006,29636,29646,10
12.951789856,80.2416992188,29646,29656,10
12.9517297745,80.2416915894,29656,29666,10
12.9515695572,80.2416381836,29666,29676,10
12.9510803223,80.2414703369,29676,29686,10
12.950340271,80.2412719727,29686,29696,10
12.9496002197,80.241027832,29696,29818,122
12.9496002197,80.241027832,29818,29828,10
12.9492797852,80.2409133911,29828,29838,10
12.9488201141,80.2407073975,29838,29848,10
12.9481897354,80.2404708862,29848,29858,10
12.9471998215,80.2400588989,29858,29878,20
12.9471998215,80.2400588989,29878,29888,10
12.9468803406,80.2399215698,29888,29899,11
12.9460897446,80.2395629883,29899,29909,10
12.9451999664,80.2390594482,29909,29919,10
12.9443798065,80.2381973267,29919,29929,10
12.9435396194,80.2372970581,29929,29939,10
12.9426403046,80.236579895,29939,29949,10
12.9414396286,80.2362136841,29949,29959,10
12.9402503967,80.2359390259,29959,29969,10
12.9398002625,80.2358169556,29969,29979,10
12.9396896362,80.2357635498,29979,29990,11
12.9390201569,80.2354278564,29990,30000,10
12.9382095337,80.2350234985,30000,30010,10
12.9372596741,80.2345275879,30010,30020,10
12.9359798431,80.2339019775,30020,30040,20
12.9359798431,80.2339019775,30040,30050,10
12.935839653,80.2338409424,30050,30060,10
12.9352903366,80.2336120605,30060,30070,10
12.9343500137,80.2332229614,30070,30081,11
12.9338998795,80.2330322266,30081,30091,10
12.9338598251,80.2329864502,30091,30101,10
12.9334402084,80.2327575684,30101,30111,10
12.9326400757,80.232460022,30111,30121,10
12.9315795898,80.2320709229,30121,30131,10
12.9303302765,80.2316818237,30131,30141,10
12.9295797348,80.2315063477,30141,30151,10
12.9293804169,80.2314605713,30151,30162,11
12.9289102554,80.2313766479,30162,30172,10
12.9281301498,80.2312393188,30172,30182,10
12.927189827,80.2311477661,30182,30192,10
12.9264001846,80.2310562134,30192,30202,10
12.9261198044,80.2310409546,30202,30212,10
12.9258804321,80.2309875488,30212,30222,10
12.9252500534,80.2309188843,30222,30232,10
12.9244203568,80.2308425903,30232,30242,10
12.9235296249,80.2307128906,30242,30253,11
12.9224996567,80.2305603027,30253,30263,10
12.9214696884,80.2303771973,30263,30273,10
12.9204702377,80.2302627563,30273,30283,10
12.9195203781,80.230140686,30283,30293,10
12.918589592,80.2300109863,30293,30303,10
12.9177904129,80.2299194336,30303,30313,10
12.9174203873,80.229888916,30313,30323,10
12.9171600342,80.2298812866,30323,30333,10
12.9164896011,80.2297668457,30333,30344,11
12.9154596329,80.2296218872,30344,30354,10
12.9144897461,80.2294616699,30354,30364,10
12.9136295319,80.2293624878,30364,30374,10
12.9132604599,80.2293167114,30374,30384,10
12.9131097794,80.2292785645,30384,30394,10
12.9124803543,80.2292022705,30394,30404,10
12.9115400314,80.2290420532,30404,30414,10
12.9104003906,80.2288970947,30414,30424,10
12.9095802307,80.2287979126,30424,30435,11
12.9089803696,80.2287063599,30435,30445,10
12.908829689,80.2286834717,30445,30455,10
12.9087495804,80.2286376953,30455,30465,10
12.9083099365,80.228553772,30465,30475,10
12.9081602097,80.2285995483,30475,30485,10
12.9080095291,80.2285766602,30485,30495,10
12.907699585,80.2285308838,30495,30505,10
12.9071903229,80.2284393311,30505,30515,10
12.9066095352,80.2283630371,30515,30526,11
12.9058599472,80.2282562256,30526,30536,10
12.9049701691,80.2282180786,30536,30546,10
12.9039402008,80.2281723022,30546,30556,10
12.902759552,80.2281112671,30556,30647,91
12.902759552,80.2281112671,30647,30657,10
12.9025497437,80.2281570435,30657,30667,10
12.9022397995,80.2281036377,30667,30677,10
12.9018201828,80.2280807495,30677,30687,10
12.9014797211,80.2280426025,30687,30697,10
12.9011697769,80.228012085,30697,30708,11
12.9008102417,80.2279815674,30708,30718,10
12.900639534,80.2279510498,30718,30728,10
12.9003295898,80.2279205322,30728,30738,10
12.8998403549,80.227897644,30738,30748,10
12.8995199203,80.2278823853,30748,30758,10
12.8989801407,80.2278823853,30758,30778,20
12.8989801407,80.2278823853,30778,30788,10
12.8989601135,80.2278823853,30788,30799,11
12.8986101151,80.2278671265,30799,30809,10
12.8980197906,80.2277984619,30809,30819,10
12.8971204758,80.2277374268,30819,30829,10
12.8960399628,80.2276916504,30829,30839,10
12.8950796127,80.2276382446,30839,30849,10
12.8943195343,80.2276306152,30849,30859,10
12.8940696716,80.2276306152,30859,30869,10
12.893989563,80.2276000977,30869,30879,10
12.8935098648,80.2275390625,30879,30890,11
12.892999649,80.2274780273,30890,30900,10
12.8925104141,80.2274017334,30900,30910,10
12.8920202255,80.2273864746,30910,30920,10
12.8913898468,80.2273712158,30920,30930,10
12.8906002045,80.2273712158,30930,30940,10
12.8903303146,80.2273788452,30940,30950,10
12.8901796341,80.2273788452,30950,30981,31
12.8899497986,80.2273788452,30981,31001,20
12.8899497986,80.2273788452,31001,31011,10
12.8896999359,80.2273788452,31011,31021,10
12.8895902634,80.2273864746,31021,31031,10
12.8895702362,80.2273864746,31031,31041,10
12.8894395828,80.2273864746,31041,31051,10
12.8893995285,80.2273864746,31051,31062,11
12.8892202377,80.2273788452,31062,31072,10
12.8890695572,80.2273788452,31072,31092,20
12.8890695572,80.2273788452,31092,31102,10
12.8887996674,80.2273712158,31102,31112,10
12.8885202408,80.2273406982,31112,31122,10
12.888010025,80.2273101807,31122,31132,10
12.8873901367,80.2272415161,31132,31142,10
12.8866996765,80.2271118164,31142,31153,11
12.8857803345,80.226890564,31153,31163,10
12.8849601746,80.2267608643,31163,31173,10
12.8846998215,80.2267608643,31173,31183,10
12.8845996857,80.2267608643,31183,31193,10
12.8841896057,80.2267532349,31193,31203,10
12.8834104538,80.2267379761,31203,31213,10
12.8824501038,80.2267608643,31213,31223,10
12.8814697266,80.2267532349,31223,31233,10
12.8804397583,80.2267608643,31233,31244,11
12.8791999817,80.2267684937,31244,31254,10
12.8780498505,80.2268295288,31254,31264,10
12.8770198822,80.2269363403,31264,31274,10
12.8763599396,80.2269821167,31274,31284,10
12.8762903214,80.2269821167,31284,31294,10
12.8761196136,80.2269821167,31294,31304,10
12.8755102158,80.2269363403,31304,31314,10
12.8746404648,80.2268371582,31314,31324,10
12.8736801147,80.2267379761,31324,31335,11
12.8728704453,80.2267074585,31335,31345,10
12.8726701736,80.2267227173,31345,31355,10
12.8723402023,80.2267074585,31355,31365,10
12.8717298508,80.2266769409,31365,31375,10
12.8709201813,80.2266464233,31375,31385,10
12.8699903488,80.2265777588,31385,31395,10
12.868929863,80.2264404297,31395,31405,10
12.8678798676,80.2264175415,31405,31415,10
12.8668403625,80.2265167236,31415,31426,11
12.8656301498,80.2266082764,31426,31436,10
12.8644599915,80.2265777588,31436,31446,10
12.8632802963,80.2265319824,31446,31456,10
12.8620901108,80.2265777588,31456,31466,10
12.8610496521,80.2266235352,31466,31476,10
12.8608798981,80.2266082764,31476,31486,10
12.8606300354,80.2265625,31486,31496,10
12.8600797653,80.2264862061,31496,31506,10
12.8593502045,80.2263793945,31506,31517,11
12.8584003448,80.2262802124,31517,31527,10
12.8574199677,80.2263031006,31527,31537,10
12.8563404083,80.2263870239,31537,31547,10
12.8551998138,80.2265167236,31547,31557,10
12.8540496826,80.2266387939,31557,31567,10
12.8528900146,80.2267227173,31567,31577,10
12.8517198563,80.2266921997,31577,31587,10
12.8509101868,80.2266693115,31587,31597,10
12.8506803513,80.2266464233,31597,31608,11
12.8502902985,80.2266387939,31608,31618,10
12.8496599197,80.2266235352,31618,31628,10
12.8488397598,80.2266235352,31628,31638,10
12.8478298187,80.2266311646,31638,31648,10
12.8467197418,80.2266235352,31648,31658,10
12.8459701538,80.2266235352,31658,31668,10
12.8459396362,80.2266235352,31668,31678,10
12.8458900452,80.226600647,31678,31688,10
12.8455495834,80.2266082764,31688,31699,11
12.8455295563,80.226600647,31699,31709,10
12.8454303741,80.2266235352,31709,31719,10
12.8452796936,80.2266235352,31719,31729,10
12.8448600769,80.2266387939,31729,31739,10
12.8447599411,80.2266616821,31739,31749,10
12.8445796967,80.2266693115,31749,31759,10
12.84416008,80.2266921997,31759,31769,10
12.8434200287,80.2267990112,31769,31779,10
12.8424901962,80.2269821167,31779,31790,11
12.8412599564,80.2272491455,31790,31800,10
12.8399000168,80.227722168,31800,31820,20
12.8399000168,80.227722168,31820,31830,10
12.8397598267,80.2277679443,31830,31840,10
12.8397102356,80.2277984619,31840,31850,10
12.8394098282,80.2278900146,31850,31860,10
12.8388595581,80.2279434204,31860,31870,10
12.8381299973,80.2281036377,31870,31881,11
12.8371601105,80.2282791138,31881,31891,10
12.8361597061,80.2284164429,31891,31901,10
12.835100174,80.2285919189,31901,31911,10
12.8340702057,80.2287597656,31911,31921,10
12.8331003189,80.2289276123,31921,31931,10
12.8322401047,80.2290878296,31931,31941,10
12.8316802979,80.2292098999,31941,31962,21
12.8316802979,80.2292098999,31962,31972,10
12.8315496445,80.2287979126,31972,32002,30
12.8315496445,80.2287979126,32002,32012,10
12.8315401077,80.228553772,32012,32022,10
12.8314399719,80.2280578613,32022,32032,10
12.8312797546,80.2273483276,32032,32042,10
12.8312196732,80.2270126343,32042,32052,10
12.8311300278,80.2265701294,32052,32063,11
12.8310699463,80.2257766724,32063,32073,10
12.8310804367,80.2249832153,32073,32083,10
12.8310804367,80.2246170044,32083,32093,10
12.8310899734,80.2241134644,32093,32103,10
12.8311004639,80.2233810425,32103,32113,10
12.8311004639,80.2225418091,32113,32123,10
12.8311004639,80.2221298218,32123,32133,10
12.8311004639,80.2216262817,32133,32144,11
12.8311004639,80.2208175659,32144,32154,10
12.8311004639,80.2199630737,32154,32164,10
12.8310604095,80.2195968628,32164,32174,10
12.8306598663,80.2194595337,32174,32184,10
12.8299798965,80.2194595337,32184,32194,10
12.8291597366,80.2194519043,32194,32204,10
12.8282003403,80.2194595337,32204,32214,10
12.8276195526,80.2194824219,32214,32245,31
12.8276195526,80.2194824219,32245,32255,10
12.8275003433,80.2194595337,32255,32265,10
12.8269701004,80.2194671631,32265,32275,10
12.8262500763,80.2194366455,32275,32285,10
12.8259000778,80.2194290161,32285,32295,10
12.8252601624,80.2195510864,32295,32315,20
12.8252601624,80.2195510864,32315,32326,11
12.8250303268,80.219543457,32326,32336,10
12.824640274,80.2194976807,32336,32346,10
12.8240404129,80.2194595337,32346,32356,10
12.823220253,80.2194976807,32356,32366,10
12.8228197098,80.2194671631,32366,32376,10
12.8226804733,80.2193984985,32376,32386,10
12.8226499557,80.2193832397,32386,32396,10
12.8226299286,80.219039917,32396,32406,10
12.8226299286,80.2185592651,32406,32417,11
12.8226699829,80.2176895142,32417,32427,10
12.8226699829,80.2161331177,32427,32445,18
12.8226699829,80.2161331177,32445,32457,12
12.8227996826,80.2159729004,32457,32467,10
12.8231096268,80.2159576416,32467,32477,10
12.8234901428,80.2159881592,32477,32487,10
12.8240604401,80.2159805298,32487,32497,10
12.8246603012,80.2159576416,32497,32740,243
12.8250303268,80.2159576416,32740,33278,538
12.8249902725,80.2159805298,33278,33571,293
12.8249502182,80.2159729004,33571,33834,263
12.8249502182,80.2159729004,33834,33844,10
12.8252096176,80.2160110474,33844,33854,10
12.8256502151,80.2160568237,33854,33865,11
12.8259096146,80.2162094116,33865,33875,10
12.8259000778,80.2167205811,33875,33886,11
12.825920105,80.217376709,33886,33896,10
12.825920105,80.218170166,33896,33906,10
12.825920105,80.2182006836,33906,33916,10
12.8259096146,80.2183990479,33916,33926,10
12.8258895874,80.2189483643,33926,33936,10
12.8258800507,80.2193222046,33936,33947,11
12.8262195587,80.2194671631,33947,33957,10
12.8269300461,80.2194595337,33957,33967,10
12.8274202347,80.2194366455,33967,33977,10
12.8275899887,80.2194213867,33977,33987,10
12.8278398514,80.2194213867,33987,33997,10
12.8283901215,80.2194213867,33997,34007,10
12.8291902542,80.2194213867,34007,34017,10
12.8300600052,80.2194213867,34017,34027,10
12.8308601379,80.2194213867,34027,34038,11
12.8311796188,80.2195281982,34038,34048,10
12.8312301636,80.2201309204,34048,34058,10
12.8311700821,80.220916748,34058,34067,9
12.8311595917,80.2219314575,34067,34078,11
12.8311395645,80.2223815918,34078,34088,10
12.8311500549,80.2230682373,34088,34098,10
12.8311395645,80.2238998413,34098,34108,10
12.8311300278,80.2246170044,34108,34118,10
12.8311300278,80.2249984741,34118,34129,11
12.8311300278,80.2258224487,34129,34139,10
12.8311901093,80.2267227173,34139,34149,10
12.8313798904,80.2276077271,34149,34159,10
12.8315496445,80.2284622192,34159,34169,10
12.8317203522,80.229057312,34169,34179,10
12.8318595886,80.2291564941,34179,34189,10
12.8323402405,80.229057312,34189,34199,10
12.8331203461,80.2288970947,34199,34209,10
12.8341197968,80.2287063599,34209,34220,11
12.8353595734,80.2285003662,34220,34230,10
12.8364896774,80.2283325195,34230,34240,10
12.8378295898,80.2281112671,34240,34260,20
12.8378295898,80.2281112671,34260,34270,10
12.8381004333,80.2280426025,34270,34311,41
12.8381004333,80.2280426025,34311,34321,10
12.8384799957,80.2279205322,34321,34402,81
12.8388700485,80.2278213501,34402,34523,121
12.8388700485,80.2278213501,34523,34533,10
12.8392601013,80.2277069092,34533,34574,41
12.8392601013,80.2277069092,34574,34584,10
12.8397397995,80.2275772095,34584,34594,10
12.840379715,80.2274169922,34594,34604,10
12.8412399292,80.2272033691,34604,34614,10
12.8422603607,80.2269515991,34614,34624,10
12.8434000015,80.2267227173,34624,34634,10
12.8453598022,80.2265014648,34634,34654,20
12.8453598022,80.2265014648,34654,34665,11
12.8455600739,80.2264862061,34665,34675,10
12.846159935,80.2265014648,34675,34685,10
12.8470001221,80.2265167236,34685,34695,10
12.8479404449,80.2265167236,34695,34705,10
12.8489198685,80.2265167236,34705,34715,10
12.8498401642,80.2265090942,34715,34725,10
12.8505802155,80.2265167236,34725,34735,10
12.8517799377,80.2265777588,34735,34745,10
12.8528900146,80.2266235352,34745,34756,11
12.854180336,80.2265319824,34756,34766,10
12.8554496765,80.2264022827,34766,34776,10
12.8566999435,80.2262573242,34776,34786,10
12.8578796387,80.2261581421,34786,34796,10
12.8587503433,80.2261734009,34796,34806,10
12.8595399857,80.2262802124,34806,34816,10
12.8604001999,80.2264099121,34816,34826,10
12.8607702255,80.2264633179,34826,34836,10
12.8608999252,80.2264633179,34836,34847,11
12.8613395691,80.2264862061,34847,34857,10
12.8620595932,80.2264633179,34857,34867,10
12.8629398346,80.2264175415,34867,34877,10
12.8639097214,80.2264480591,34877,34887,10
12.864979744,80.2265014648,34887,34897,10
12.8660898209,80.2264785767,34897,34907,10
12.8671102524,80.2263870239,34907,34917,10
12.8680896759,80.2263031006,34917,34927,10
12.8690299988,80.2263031006,34927,34938,11
12.8701601028,80.2264404297,34938,34948,10
12.8712797165,80.2265396118,34948,34958,10
12.8723297119,80.2265777588,34958,34968,10
12.872879982,80.2265777588,34968,34978,10
12.873000145,80.2265777588,34978,34988,10
12.8734998703,80.2266235352,34988,34998,10
12.874250412,80.2266921997,34998,35008,10
12.8751802444,80.2268218994,35008,35018,10
12.8760995865,80.2268829346,35018,35029,11
12.8766698837,80.2268371582,35029,35039,10
12.8768196106,80.2268218994,35039,35049,10
12.8772497177,80.2267990112,35049,35059,10
12.8779802322,80.2267379761,35059,35069,10
12.8788604736,80.2266921997,35069,35079,10
12.8799295425,80.2266464233,35079,35089,10
12.8810997009,80.2266464233,35089,35099,10
12.882349968,80.2266387939,35099,35109,10
12.8835096359,80.2266235352,35109,35120,11
12.8846902847,80.2265930176,35120,35130,10
12.8852100372,80.2266235352,35130,35140,10
12.8852500916,80.2266235352,35140,35150,10
12.8856201172,80.2266998291,35150,35160,10
12.8862695694,80.2268829346,35160,35170,10
12.887140274,80.2270965576,35170,35180,10
12.8881196976,80.2272491455,35180,35190,10
12.8892202377,80.2273025513,35190,35200,10
12.8904495239,80.2273025513,35200,35211,11
12.8916397095,80.2272720337,35211,35221,10
12.8921604156,80.2273025513,35221,35302,81
12.8921604156,80.2273025513,35302,35312,10
12.8925600052,80.2273330688,35312,35322,10
12.893119812,80.2274093628,35322,35332,10
12.8937797546,80.2275009155,35332,35342,10
12.8946800232,80.2275619507,35342,35352,10
12.8957300186,80.2276000977,35352,35362,10
12.896900177,80.2276535034,35362,35372,10
12.8980197906,80.2276992798,35372,35382,10
12.8985395432,80.2276916504,35382,35484,102
12.8985395432,80.2276916504,35484,35494,10
12.8990001678,80.227722168,35494,35504,10
12.8995895386,80.2277603149,35504,35514,10
12.8998098373,80.2277832031,35514,35524,10
12.8999996185,80.2277984619,35524,35534,10
12.9001998901,80.2278137207,35534,35544,10
12.9004602432,80.2278289795,35544,35554,10
12.900759697,80.2278518677,35554,35564,10
12.901140213,80.2278823853,35564,35575,11
12.9014701843,80.2279129028,35575,35585,10
12.901720047,80.2279205322,35585,35595,10
12.902179718,80.2279510498,35595,35605,10
12.9028596878,80.2279510498,35605,35615,10
12.902970314,80.2279205322,35615,35625,10
12.9030895233,80.2279205322,35625,35635,10
12.9036798477,80.2279815674,35635,35645,10
12.9043397903,80.2280197144,35645,35655,10
12.9050998688,80.2280883789,35655,35706,51
12.9050998688,80.2280883789,35706,35716,10
12.9053001404,80.2281112671,35716,35726,10
12.905500412,80.2281265259,35726,35736,10
12.9056596756,80.2281417847,35736,35746,10
12.9059400558,80.2281570435,35746,35757,11
12.905960083,80.2281570435,35757,35767,10
12.9061403275,80.2281570435,35767,35838,71
12.9061403275,80.2281570435,35838,35848,10
12.9065799713,80.2281570435,35848,35858,10
12.90666008,80.2281570435,35858,35868,10
12.9069900513,80.2281799316,35868,35878,10
12.9071502686,80.2282104492,35878,35888,10
12.9076099396,80.2282791138,35888,35898,10
12.9086303711,80.2284393311,35898,35908,10
12.9096603394,80.2286224365,35908,35918,10
12.910779953,80.2287979126,35918,35929,11
12.9120101929,80.2289810181,35929,35939,10
12.9131202698,80.229133606,35939,35949,10
12.9140796661,80.2292480469,35949,35969,20
12.9140796661,80.2292480469,35969,35979,10
12.9143104553,80.2292709351,35979,35989,10
12.9147796631,80.2293395996,35989,35999,10
12.91547966,80.2294464111,35999,36009,10
12.9163703918,80.2295837402,36009,36020,11
12.9173898697,80.2297210693,36020,36030,10
12.9182796478,80.2298736572,36030,36040,10
12.9191904068,80.2299880981,36040,36050,10
12.9201803207,80.2301177979,36050,36060,10
12.9212503433,80.2302474976,36060,36070,10
12.922369957,80.2304229736,36070,36080,10
12.923500061,80.2305908203,36080,36090,10
12.9246702194,80.2307434082,36090,36100,10
12.9257001877,80.2308273315,36100,36111,11
12.9263401031,80.2308883667,36111,36121,10
12.9264297485,80.2309112549,36121,36131,10
12.9268598557,80.2309570313,36131,36141,10
12.9275503159,80.231048584,36141,36151,10
12.9283800125,80.2311401367,36151,36161,10
12.9293003082,80.231338501,36161,36171,10
12.930270195,80.2315597534,36171,36181,10
12.9313602448,80.2318725586,36181,36191,10
12.9323396683,80.2322006226,36191,36202,11
12.9337501526,80.2327270508,36202,36222,20
12.9337501526,80.2327270508,36222,36232,10
12.9340400696,80.2328567505,36232,36242,10
12.9345798492,80.2331237793,36242,36252,10
12.9352798462,80.2334594727,36252,36262,10
12.9356603622,80.2336502075,36262,36272,10
12.9357004166,80.2336730957,36272,36282,10
12.9360399246,80.233833313,36282,36293,11
12.9366998672,80.234161377,36293,36303,10
12.9375,80.2345199585,36303,36313,10
12.9384002686,80.2349700928,36313,36323,10
12.9393997192,80.235458374,36323,36333,10
12.9397201538,80.2356033325,36333,36343,10
12.9398403168,80.2356567383,36343,36353,10
12.9402503967,80.2358169556,36353,36363,10
12.9410200119,80.2360534668,36363,36373,10
12.9419698715,80.236289978,36373,36384,11
12.9430799484,80.2368011475,36384,36394,10
12.9438695908,80.2375793457,36394,36404,10
12.9446601868,80.2384414673,36404,36414,10
12.9453802109,80.2391433716,36414,36423,9
12.9462604523,80.2395935059,36423,36434,11
12.9471101761,80.2398986816,36434,36444,10
12.9472503662,80.2399368286,36444,36454,10
12.9475498199,80.2400665283,36454,36464,10
12.9481801987,80.2403335571,36464,36475,11
12.9487304688,80.240562439,36475,36525,50
12.9487304688,80.240562439,36525,36535,10
12.9488801956,80.2405776978,36535,36545,10
12.949379921,80.2407836914,36545,36555,10
12.9501199722,80.2409973145,36555,36566,11
12.9508399963,80.2412185669,36566,36576,10
12.9510202408,80.2412719727,36576,36586,10
12.9511604309,80.2413406372,36586,36596,10
12.9516201019,80.2415390015,36596,36606,10
12.9523200989,80.2417907715,36606,36616,10
12.9531402588,80.2421035767,36616,36626,10
12.9539604187,80.2424087524,36626,36636,10
12.9546899796,80.2427215576,36636,36646,10
12.9554395676,80.243019104,36646,36657,11
12.9563102722,80.2432785034,36657,36677,20
12.9563102722,80.2432785034,36677,36687,10
12.9567804337,80.2434768677,36687,36697,10
12.9574403763,80.2438201904,36697,36707,10
12.9582099915,80.2441329956,36707,36717,10
12.9588804245,80.2444076538,36717,36727,10
12.9589996338,80.244468689,36727,36737,10
12.9593601227,80.2446517944,36737,36748,11
12.9600200653,80.2449493408,36748,36758,10
12.9607801437,80.245300293,36758,36768,10
12.9616498947,80.2457275391,36768,36778,10
12.9625101089,80.2461700439,36778,36788,10
12.9631204605,80.2464904785,36788,36798,10
12.9632797241,80.2465820313,36798,36879,81
12.9632797241,80.2465820313,36879,36889,10
12.9633398056,80.2466201782,36889,36899,10
12.9635601044,80.2467269897,36899,36909,10
12.9640398026,80.2469024658,36909,36919,10
12.9648199081,80.2471618652,36919,36930,11
12.9656600952,80.2474365234,36930,36940,10
12.9668798447,80.2479629517,36940,36960,20
12.9668798447,80.2479629517,36960,36970,10
12.9670000076,80.2480316162,36970,36980,10
12.9673900604,80.2482070923,36980,36990,10
12.9680700302,80.2484970093,36990,37000,10
12.9688901901,80.2488479614,37000,37010,10
12.9699802399,80.2492904663,37010,37021,11
12.9710702896,80.2496795654,37021,37031,10
12.9721698761,80.2499694824,37031,37041,10
12.9732599258,80.2502593994,37041,37051,10
12.9743003845,80.2505264282,37051,37061,10
12.9754104614,80.2508392334,37061,37071,10
12.9765300751,80.251159668,37071,37081,10
12.977519989,80.2515792847,37081,37091,10
12.9780902863,80.2520217896,37091,37101,10
12.9782304764,80.2521209717,37101,37112,11
12.9783000946,80.2521820068,37112,37122,10
12.9784803391,80.2522888184,37122,37132,10
12.9787597656,80.2524337769,37132,37142,10
12.9792098999,80.252532959,37142,37152,10
12.979590416,80.2525634766,37152,37162,10
12.9800300598,80.2526016235,37162,37172,10
12.9807195663,80.2526016235,37172,37182,10
12.9815502167,80.2525787354,37182,37192,10
12.9822597504,80.2525405884,37192,37375,183
12.9825801849,80.2524490356,37375,37577,202
12.9825801849,80.2524490356,37577,37587,10
12.9828195572,80.2525100708,37587,37597,10
12.9830303192,80.2525024414,37597,37607,10
12.9832801819,80.2524719238,37607,37617,10
12.9837398529,80.2523803711,37617,37627,10
12.9844198227,80.2521972656,37627,37637,10
12.9852104187,80.2519836426,37637,37648,11
12.9855899811,80.2518692017,37648,37658,10
12.9857597351,80.2518386841,37658,37668,10
12.9863300323,80.2516937256,37668,37678,10
12.9870700836,80.2514877319,37678,37688,10
12.9875602722,80.2513198853,37688,37941,253
12.9875602722,80.2513198853,37941,37951,10
12.9876098633,80.2513122559,37951,37961,10
12.987950325,80.2512512207,37961,37971,10
12.9886198044,80.2510910034,37971,37981,10
12.9893598557,80.2508621216,37981,37991,10
12.98939991,80.2508621216,37991,38002,11
12.9898004532,80.2508010864,38002,38012,10
12.9903001785,80.2506790161,38012,38022,10
12.9912595749,80.2504425049,38022,38032,10
12.9922103882,80.2501983643,38032,38042,10
12.9933004379,80.2499313354,38042,38052,10
12.9944801331,80.2496337891,38052,38062,10
12.9956903458,80.2493209839,38062,38072,10
12.9965295792,80.2490615845,38072,38082,10
12.9966402054,80.2490310669,38082,38093,11
12.9970703125,80.2489471436,38093,38103,10
12.9977798462,80.2487869263,38103,38113,10
12.9987001419,80.2485580444,38113,38123,10
12.9997701645,80.2482833862,38123,38133,10
13.0008401871,80.2480163574,38133,38143,10
13.0017595291,80.2478027344,38143,38153,10
13.0023403168,80.2476501465,38153,38163,10
13.0030298233,80.2475204468,38163,38173,10
13.0039396286,80.2473678589,38173,38184,11
13.0051002502,80.2472305298,38184,38194,10
13.0060195923,80.2469711304,38194,38204,10
13.0065498352,80.2463607788,38204,38224,20
13.0065498352,80.2463607788,38224,38234,10
13.0065898895,80.2461166382,38234,38244,10
13.0065898895,80.2459564209,38244,38254,10
13.0066204071,80.2458114624,38254,38264,10
13.0066404343,80.2456436157,38264,38275,11
13.0066404343,80.2454376221,38275,38285,10
13.0066404343,80.2454299927,38285,38295,10
13.0066404343,80.2452011108,38295,38305,10
13.0066299438,80.2449188232,38305,38315,10
13.0066099167,80.2446365356,38315,38325,10
13.0066204071,80.2443771362,38325,38335,10
13.0066099167,80.2440795898,38335,38345,10
13.0066099167,80.2436294556,38345,38355,10
13.0066099167,80.2429962158,38355,38366,11
13.0066204071,80.2421875,38366,38376,10
13.0066404343,80.2413787842,38376,38386,10
13.0067501068,80.2405776978,38386,38396,10
13.0068597794,80.2400131226,38396,38406,10
13.0069198608,80.2397232056,38406,38416,10
13.0069904327,80.2393264771,38416,38426,10
13.0071001053,80.2388305664,38426,38436,10
13.0071897507,80.2382583618,38436,38446,10
13.0073204041,80.2374725342,38446,38457,11
13.0074195862,80.2367477417,38457,38467,10
13.0074300766,80.2367324829,38467,38477,10
13.007519722,80.2363891602,38477,38487,10
13.0076599121,80.2357635498,38487,38497,10
13.0077800751,80.2350006104,38497,38507,10
13.0079698563,80.2341384888,38507,38517,10
13.0082197189,80.2330627441,38517,38527,10
13.0084600449,80.231842041,38527,38537,10
13.0086803436,80.2306213379,38537,38548,11
13.0089597702,80.2292175293,38548,38558,10
13.0092496872,80.2280197144,38558,38568,10
13.0097398758,80.2269134521,38568,38578,10
13.0102500916,80.2258911133,38578,38588,10
13.0107002258,80.2249679565,38588,38598,10
13.01101017,80.2242584229,38598,38608,10
13.0111598969,80.2239227295,38608,38618,10
13.0112400055,80.2237014771,38618,38628,10
13.0113296509,80.2233581543,38628,38639,11
13.0115404129,80.2228469849,38639,38649,10
13.0118503571,80.222076416,38649,38659,10
13.0122203827,80.2214508057,38659,38669,10
13.0124502182,80.2216720581,38669,38679,10
13.0128297806,80.2221374512,38679,38689,10
13.0132303238,80.2225570679,38689,38699,10
13.0136699677,80.2230529785,38699,38709,10
13.0139503479,80.2233505249,38709,38719,10
13.0142202377,80.2237625122,38719,38730,11
13.0147695541,80.2242965698,38730,38740,10
13.0150995255,80.224647522,38740,38750,10
13.0154399872,80.2249069214,38750,38760,10
13.0155200958,80.2249679565,38760,38770,10
13.0156202316,80.2250671387,38770,38780,10
13.0160703659,80.2253036499,38780,38790,10
13.016869545,80.2251586914,38790,38800,10
13.0178403854,80.2247772217,38800,38810,10
13.0188598633,80.2243804932,38810,38821,11
13.0195503235,80.2243881226,38821,38851,30
13.0195503235,80.2243881226,38851,38861,10
13.0198097229,80.2245864868,38861,38871,10
13.0202903748,80.224937439,38871,38881,10
13.0207300186,80.2252502441,38881,38891,10
13.0211496353,80.2256011963,38891,38901,10
13.0215902328,80.2259368896,38901,38912,11
13.0217695236,80.2260513306,38912,38922,10
13.0221204758,80.2262802124,38922,38942,20
13.0221204758,80.2262802124,38942,38952,10
13.0222396851,80.2263870239,38952,38962,10
13.0223798752,80.2265167236,38962,38972,10
13.0223999023,80.2265472412,38972,38982,10
13.0225696564,80.2267074585,38982,38992,10
13.0228595734,80.2269821167,38992,39003,11
13.0230703354,80.227180481,39003,39013,10
13.023229599,80.2273178101,39013,39023,10
13.0234298706,80.2274932861,39023,39033,10
13.0237798691,80.2277832031,39033,39043,10
13.0240802765,80.2280273438,39043,39083,40
13.0240802765,80.2280273438,39083,39094,11
13.0243902206,80.2284088135,39094,39215,121
13.0243902206,80.2284088135,39215,39225,10
13.0243501663,80.2285919189,39225,39235,10
13.0241699219,80.2284698486,39235,39245,10
13.0238704681,80.2281036377,39245,39255,10
13.0234899521,80.2277679443,39255,39306,51
13.023440361,80.2275466919,39306,39357,51
13.023440361,80.2275466919,39357,39367,10
13.0233898163,80.2275238037,39367,39377,10
13.0231304169,80.2273406982,39377,39387,10
13.0230197906,80.2272415161,39387,39397,10
13.0229196548,80.227142334,39397,39407,10
13.0226802826,80.2269134521,39407,39417,10
13.0225200653,80.2267837524,39417,39427,10
13.0222196579,80.2265014648,39427,39437,10
13.0218000412,80.2261428833,39437,39448,11
13.0211496353,80.2256469727,39448,39458,10
13.0205202103,80.225189209,39458,39468,10
13.0199203491,80.2248001099,39468,39478,10
13.0198202133,80.2247390747,39478,39488,10
13.0194997787,80.2245788574,39488,39498,10
13.0188302994,80.2245101929,39498,39508,10
13.0180397034,80.2248001099,39508,39518,10
13.0171003342,80.225189209,39518,39528,10
13.0163602829,80.2255020142,39528,39539,11
13.0155897141,80.225769043,39539,39549,10
13.014960289,80.226020813,39549,39559,10
13.0144195557,80.2262420654,39559,39569,10
13.0143203735,80.2262802124,39569,39579,10
13.0142602921,80.2263031006,39579,39589,10
13.013879776,80.2264404297,39589,39599,10
13.0132598877,80.2266769409,39599,39609,10
13.0124902725,80.2269973755,39609,39619,10
13.0116100311,80.2273406982,39619,39630,11
13.01060009,80.2277526855,39630,39640,10
13.0097999573,80.2281112671,39640,39650,10
13.0092201233,80.2287063599,39650,39660,10
13.0090303421,80.2295227051,39660,39670,10
13.0088300705,80.2303771973,39670,39680,10
13.0086402893,80.231300354,39680,39690,10
13.0084199905,80.232383728,39690,39700,10
13.0083303452,80.2328720093,39700,39710,10
13.0082397461,80.233581543,39710,39741,31
13.0082397461,80.233581543,39741,39751,10
13.0082101822,80.2337265015,39751,39761,10
13.0081501007,80.2339019775,39761,39771,10
13.0080604553,80.2343215942,39771,39781,10
13.0079402924,80.2349014282,39781,39812,31
13.0079402924,80.2349014282,39812,39822,10
13.007900238,80.2351379395,39822,39852,30
13.007900238,80.2351379395,39852,39862,10
13.0078201294,80.235458374,39862,39872,10
13.0077104568,80.2360610962,39872,39882,10
13.007610321,80.2365570068,39882,39892,10
13.0075101852,80.2370834351,39892,39903,11
13.0074100494,80.2375411987,39903,39913,10
13.0073204041,80.2381286621,39913,39923,10
13.0071697235,80.2388687134,39923,39953,30
13.0071697235,80.2388687134,39953,39963,10
13.0071001053,80.2391967773,39963,39983,20
13.0071001053,80.2391967773,39983,39994,11
13.0070295334,80.2395782471,39994,40004,10
13.0068998337,80.2400817871,40004,40105,101
13.0068998337,80.2400817871,40105,40115,10
13.006939888,80.240562439,40115,40125,10
13.0068798065,80.2407608032,40125,40135,10
13.0067996979,80.2409820557,40135,40145,10
13.006770134,80.2414932251,40145,40155,10
13.0067501068,80.2423934937,40155,40165,10
13.0067100525,80.2430496216,40165,40176,11
13.0067100525,80.243270874,40176,40186,10
13.0066995621,80.2434768677,40186,40196,10
13.0067100525,80.2438583374,40196,40206,10
13.0067195892,80.2444381714,40206,40216,10
13.0067300797,80.2449111938,40216,40226,10
13.0067300797,80.2454299927,40226,40236,10
13.0067396164,80.2458877563,40236,40246,10
13.0067300797,80.2460632324,40246,40256,10
13.0067396164,80.2461471558,40256,40267,11
13.0067396164,80.246421814,40267,40277,10
13.0067501068,80.24659729,40277,40287,10
13.0067796707,80.2469100952,40287,40297,10
13.006770134,80.247253418,40297,40307,10
13.0067596436,80.2472763062,40307,40317,10
13.0065698624,80.2473983765,40317,40327,10
13.0060997009,80.2474365234,40327,40347,20
13.0060997009,80.2474365234,40347,40358,11
13.0060396194,80.247428894,40358,40368,10
13.0056495667,80.2473907471,40368,40378,10
13.0050601959,80.2473831177,40378,40388,10
13.0043296814,80.2474594116,40388,40398,10
13.0034999847,80.2475814819,40398,40408,10
13.0027999878,80.2476806641,40408,40418,10
13.0024995804,80.247756958,40418,40428,10
13.0020999908,80.2478485107,40428,40439,11
13.0013799667,80.2480163574,40439,40449,10
13.000579834,80.2482223511,40449,40459,10
12.9996299744,80.2484512329,40459,40469,10
12.9979896545,80.2489089966,40469,40489,20
12.9979896545,80.2489089966,40489,40499,10
12.9976396561,80.2489776611,40499,40509,10
12.9970998764,80.249130249,40509,40519,10
12.9963197708,80.2493209839,40519,40530,11
12.9952898026,80.2495880127,40530,40540,10
12.9941997528,80.2498397827,40540,40550,10
12.993060112,80.2501068115,40550,40560,10
12.9919300079,80.2503890991,40560,40570,10
12.9911603928,80.250617981,40570,40580,10
12.991109848,80.2506408691,40580,40590,10
12.9909696579,80.2506790161,40590,40600,10
12.9903802872,80.2508087158,40600,40610,10
12.9894199371,80.2510528564,40610,40621,11
12.9884796143,80.2512893677,40621,40631,10
12.9879598618,80.251411438,40631,40641,10
12.9875001907,80.2515182495,40641,40651,10
12.9870195389,80.2516479492,40651,40661,10
12.9864702225,80.2518005371,40661,40671,10
12.9858999252,80.2519378662,40671,40681,10
12.9850797653,80.2521362305,40681,40691,10
12.9840803146,80.2524108887,40691,40701,10
12.9829902649,80.2526473999,40701,40712,11
12.9817495346,80.2526931763,40712,40722,10
12.9808597565,80.2527313232,40722,40762,40
12.9808597565,80.2527313232,40762,40772,10
12.9806404114,80.2527389526,40772,40782,10
12.9802999496,80.252746582,40782,40792,10
12.9798002243,80.2527389526,40792,40803,11
12.9792404175,80.2527008057,40803,40813,10
12.9786596298,80.2526168823,40813,40823,10
12.9786195755,80.2526016235,40823,40833,10
12.9784898758,80.252532959,40833,40843,10
12.978099823,80.252243042,40843,40853,10
12.977519989,80.2517318726,40853,40863,10
12.9766798019,80.2512664795,40863,40873,10
12.9756002426,80.2509613037,40873,40883,10
12.9744596481,80.250617981,40883,40894,11
12.9730997086,80.25025177,40894,40904,10
12.971830368,80.2499084473,40904,40914,10
12.9706497192,80.2496109009,40914,40924,10
12.9696102142,80.249206543,40924,40934,10
12.9685497284,80.2488021851,40934,40944,10
12.9675502777,80.2483825684,40944,40954,10
12.9667596817,80.2480010986,40954,40964,10
12.9660596848,80.2477035522,40964,40974,10
12.965259552,80.247428894,40974,40985,11
12.9650297165,80.2473068237,40985,40995,10
12.9650001526,80.2472915649,40995,41005,10
12.9646501541,80.2471618652,41005,41015,10
12.9640598297,80.2469406128,41015,41025,10
12.9633903503,80.2466583252,41025,41035,10
12.9625997543,80.2462463379,41035,41045,10
12.9616603851,80.2457962036,41045,41055,10
12.9606800079,80.2453384399,41055,41065,10
12.9598398209,80.245010376,41065,41076,11
12.9593896866,80.2448196411,41076,41086,10
12.9592504501,80.244720459,41086,41096,10
12.9587898254,80.2445068359,41096,41106,10
12.9581098557,80.2442169189,41106,41116,10
12.9574203491,80.2439498901,41116,41126,10
12.9569597244,80.2437973022,41126,41187,61
12.9569597244,80.2437973022,41187,41197,10
12.9567804337,80.2437210083,41197,41207,10
12.956609726,80.2436599731,41207,41247,40
12.956609726,80.2436599731,41247,41258,11
12.9561300278,80.243522644,41258,41268,10
12.9555196762,80.2432174683,41268,41278,10
12.9547700882,80.2428512573,41278,41288,10
12.9538698196,80.242477417,41288,41298,10
12.9528598785,80.2420578003,41298,41308,10
12.9519195557,80.2417526245,41308,41318,10
12.9517002106,80.2416763306,41318,41328,10
12.9513597488,80.2415466309,41328,41338,10
12.9506797791,80.2413101196,41338,41349,11
12.9497699738,80.2410507202,41349,41359,10
12.9490804672,80.2408218384,41359,41369,10
12.9484500885,80.2405319214,41369,41379,10
12.947640419,80.240196228,41379,41389,10
12.9471902847,80.240020752,41389,41399,10
12.9470996857,80.2399902344,41399,41409,10
12.9466600418,80.2398071289,41409,41419,10
12.9460000992,80.2395172119,41419,41429,10
12.9452295303,80.239112854,41429,41442,13
12.9445199966,80.2383728027,41442,41452,10
12.9435396194,80.2372970581,41452,41462,10
12.9428100586,80.2366714478,41462,41472,10
12.9417200089,80.2362670898,41472,41482,10
12.940580368,80.2360229492,41482,41492,10
12.9397697449,80.235786438,41492,41502,10
12.9396495819,80.2357635498,41502,41512,10
12.9392900467,80.2355804443,41512,41521,9
12.938750267,80.2352905273,41521,41533,12
12.9377698898,80.2347869873,41533,41543,10
12.9368000031,80.2343063354,41543,41553,10
12.9361000061,80.2339477539,41553,41563,10
12.9356098175,80.2337112427,41563,41573,10
12.9348497391,80.2333679199,41573,41583,10
12.9341497421,80.2330780029,41583,41593,10
12.9338703156,80.2329711914,41593,41603,10
12.9336204529,80.2328414917,41603,41613,10
12.9330997467,80.2326126099,41613,41624,11
12.9323396683,80.2323226929,41624,41634,10
12.9315395355,80.2320632935,41634,41644,10
12.9307203293,80.2317886353,41644,41654,10
12.9298200607,80.231552124,41654,41664,10
12.9291400909,80.2313766479,41664,41674,10
12.9289398193,80.231338501,41674,41684,10
12.9283504486,80.2312393188,41684,41694,10
12.9275197983,80.2311325073,41694,41704,10
12.9266395569,80.231048584,41704,41715,11
12.9261302948,80.231010437,41715,41725,10
12.9260597229,80.2309799194,41725,41735,10
12.9255104065,80.2308807373,41735,41745,10
12.9246196747,80.230796814,41745,41755,10
12.9235095978,80.2306518555,41755,41765,10
12.922249794,80.2304611206,41765,41775,10
12.9208498001,80.2302627563,41775,41785,10
12.9193897247,80.2300720215,41785,41796,11
12.9177999496,80.2298583984,41796,41806,10
12.9167404175,80.2297286987,41806,41816,10
12.9157304764,80.2295837402,41816,41826,10
12.9146099091,80.2294311523,41826,41836,10
12.9135799408,80.2293167114,41836,41846,10
12.9132995605,80.2293014526,41846,41856,10
12.9129295349,80.2292327881,41856,41866,10
12.9122200012,80.2291107178,41866,41876,10
12.9112997055,80.2289733887,41876,41887,11
12.9100799561,80.2287826538,41887,41897,10
12.9089202881,80.2285919189,41897,41907,10
12.9074802399,80.2283935547,41907,41927,20
12.9074802399,80.2283935547,41927,41937,10
12.9074697495,80.2283706665,41937,41947,10
12.9071397781,80.2283401489,41947,41957,10
12.9067602158,80.228302002,41957,41967,10
12.906129837,80.2282409668,41967,41978,11
12.904999733,80.2282104492,41978,41988,10
12.9040603638,80.2281570435,41988,41998,10
12.9032001495,80.2281036377,41998,42008,10
12.9021596909,80.2280426025,42008,42018,10
12.9011297226,80.2279815674,42018,42028,10
12.9002399445,80.2279205322,42028,42038,10
12.8994398117,80.227897644,42038,42048,10
12.8990297318,80.2278900146,42048,42058,10
12.8988704681,80.2279205322,42058,42069,11
12.8984498978,80.2278594971,42069,42079,10
12.8977403641,80.2277908325,42079,42089,10
12.8968496323,80.2277297974,42089,42099,10
12.895819664,80.2276611328,42099,42109,10
12.8946800232,80.2276000977,42109,42119,10
12.8930196762,80.2274627686,42119,42160,41
12.8930196762,80.2274627686,42160,42170,10
12.8929796219,80.2274398804,42170,42180,10
12.8926296234,80.2274017334,42180,42190,10
12.8918800354,80.2273483276,42190,42200,10
12.8907604218,80.2273483276,42200,42210,10
12.8895702362,80.2273635864,42210,42220,10
12.8886404037,80.2273635864,42220,42230,10
12.8877696991,80.2273101807,42230,42240,10
12.8872299194,80.2272109985,42240,42251,11
12.886300087,80.2269897461,42251,42261,10
12.8852701187,80.2267532349,42261,42271,10
12.8847703934,80.2267227173,42271,42281,10
12.8843898773,80.2267074585,42281,42291,10
12.8835601807,80.2266998291,42291,42301,10
12.8824701309,80.2266998291,42301,42311,10
12.8811798096,80.2266998291,42311,42321,10
12.8797597885,80.2267227173,42321,42331,10
12.8783597946,80.2267913818,42331,42342,11
12.8773002625,80.2268829346,42342,42352,10
12.8766298294,80.2269592285,42352,42362,10
12.8762197495,80.2269973755,42362,42372,10
12.8760595322,80.2269897461,42372,42382,10
12.8754396439,80.2269668579,42382,42392,10
12.8744602203,80.226852417,42392,42402,10
12.8732795715,80.2267227173,42402,42412,10
12.8726196289,80.2267227173,42412,42422,10
12.8724002838,80.2267227173,42422,42433,11
12.871720314,80.2266921997,42433,42443,10
12.8707895279,80.2266387939,42443,42453,10
12.8696804047,80.2265396118,42453,42463,10
12.868470192,80.2264099121,42463,42473,10
12.8671398163,80.2264862061,42473,42483,10
12.8657503128,80.226600647,42483,42493,10
12.8645801544,80.2265625,42493,42503,10
12.8628196716,80.2265167236,42503,42513,10
12.8613004684,80.2265777588,42513,42524,11
12.8602199554,80.2264785767,42524,42534,10
12.8592195511,80.2263565063,42534,42544,10
12.85820961,80.2262802124,42544,42554,10
12.8570804596,80.2263183594,42554,42564,10
12.8558301926,80.2264404297,42564,42574,10
12.8544597626,80.2265930176,42574,42584,10
12.85297966,80.2267227173,42584,42594,10
12.8514795303,80.2266387939,42594,42604,10
12.8501596451,80.2266235352,42604,42615,11
12.8498802185,80.2266235352,42615,42625,10
12.8494100571,80.2266235352,42625,42635,10
12.8485498428,80.226600647,42635,42645,10
12.8474197388,80.226600647,42645,42655,10
12.8461799622,80.226600647,42655,42665,10
12.8453903198,80.2266387939,42665,42675,10
12.8453702927,80.2266387939,42675,42685,10
12.8452301025,80.2266464233,42685,42695,10
12.8446598053,80.2266769409,42695,42706,11
12.8436403275,80.2267913818,42706,42716,10
12.842499733,80.2269973755,42716,42726,10
12.8412799835,80.2273025513,42726,42736,10
12.8402299881,80.2275924683,42736,42746,10
12.8397397995,80.2277374268,42746,42776,30
12.8397397995,80.2277374268,42776,42786,10
12.8392400742,80.2278823853,42786,42797,11
12.8383703232,80.2280883789,42797,42807,10
12.8373403549,80.2282791138,42807,42817,10
12.8361196518,80.2284469604,42817,42827,10
12.8347597122,80.2286834717,42827,42837,10
12.8332901001,80.2289505005,42837,42847,10
12.8323097229,80.2291412354,42847,42857,10
12.832280159,80.2291412354,42857,42867,10
12.8319101334,80.2292175293,42867,42877,10
12.8312301636,80.2293777466,42877,42888,11
12.8302202225,80.2297286987,42888,42898,10
12.8291397095,80.2301712036,42898,42908,10
12.828040123,80.2307434082,42908,42918,10
12.8269100189,80.2312927246,42918,42928,10
12.8258399963,80.2313995361,42928,42938,10
12.8247003555,80.2313766479,42938,42948,10
12.8235502243,80.2310791016,42948,42958,10
12.8222799301,80.230682373,42958,42968,10
12.8209600449,80.2304611206,42968,42979,11
12.8189096451,80.2304916382,42979,42999,20
12.8189096451,80.2304916382,42999,43009,10
12.8187999725,80.2304534912,43009,43019,10
12.8183403015,80.2302474976,43019,43029,10
12.8175401688,80.2298812866,43029,43039,10
12.8164796829,80.2295379639,43039,43049,10
12.8153095245,80.229347229,43049,43059,10
12.8141098022,80.2291488647,43059,43070,11
12.8127403259,80.2287063599,43070,43080,10
12.8114795685,80.2282562256,43080,43090,10
12.8102998734,80.2277984619,43090,43100,10
12.8093395233,80.2274017334,43100,43110,10
12.8084697723,80.2267074585,43110,43120,10
12.807559967,80.2259368896,43120,43130,10
12.8067302704,80.2252197266,43130,43140,10
12.8059501648,80.2245101929,43140,43150,10
12.805150032,80.2240524292,43150,43161,11
12.8049497604,80.2240219116,43161,43171,10
12.804599762,80.2239379883,43171,43181,10
12.803899765,80.2238769531,43181,43191,10
12.8029499054,80.2237930298,43191,43201,10
12.802069664,80.2236785889,43201,43211,10
12.8007001877,80.2235336304,43211,43221,10
12.7995004654,80.2234268188,43221,43231,10
12.7981595993,80.2233200073,43231,43241,10
12.7967796326,80.2230987549,43241,43252,11
12.7958498001,80.2229309082,43252,43262,10
12.7956695557,80.22290802,43262,43272,10
12.7950801849,80.2227935791,43272,43282,10
12.7942304611,80.2226409912,43282,43292,10
12.7931604385,80.2224884033,43292,43302,10
12.7920503616,80.2222824097,43302,43312,10
12.7910299301,80.222038269,43312,43322,10
12.7900295258,80.2217712402,43322,43332,10
12.7894001007,80.2215881348,43332,43343,11
12.7884397507,80.2212219238,43343,43383,40
12.7884397507,80.2212219238,43383,43393,10
12.7882003784,80.2210693359,43393,43413,20
12.7882003784,80.2210693359,43413,43423,10
12.7877998352,80.220993042,43423,43434,11
12.7876996994,80.2209625244,43434,43444,10
12.7875795364,80.2208633423,43444,43454,10
12.787320137,80.2207794189,43454,43464,10
12.7869701385,80.2206573486,43464,43494,30
12.7869701385,80.2206573486,43494,43504,10
12.7867498398,80.2205886841,43504,43514,10
12.7863798141,80.220451355,43514,43525,11
12.7861700058,80.2205734253,43525,43535,10
12.7861700058,80.2208709717,43535,43545,10
12.7861995697,80.221282959,43545,43555,10
12.7862701416,80.2217407227,43555,43575,20
12.7862701416,80.2217407227,43575,43585,10
12.786239624,80.2219619751,43585,43595,10
12.7862701416,80.2221374512,43595,43605,10
12.7861995697,80.2220993042,43605,43980,375
12.7861995697,80.2220993042,43980,43990,10
12.7862796783,80.2217407227,43990,44000,10
12.7862300873,80.2214508057,44000,44010,10
12.7861995697,80.2208480835,44010,44111,101
12.7861995697,80.2208480835,44111,44121,10
12.7862100601,80.2204818726,44121,44172,51
12.7862100601,80.2204818726,44172,44182,10
12.7863397598,80.2203521729,44182,44192,10
12.786450386,80.2203979492,44192,44202,10
12.7864999771,80.2204437256,44202,44212,10
12.7868204117,80.2205734253,44212,44222,10
12.7872600555,80.2207336426,44222,44232,10
12.7878503799,80.2209396362,44232,44243,11
12.7885599136,80.2212219238,44243,44253,10
12.7892799377,80.2214736938,44253,44263,10
12.7896003723,80.2216110229,44263,44273,10
12.7900600433,80.2217636108,44273,44283,10
12.7907400131,80.2219161987,44283,44293,10
12.7914896011,80.2220993042,44293,44303,10
12.7924003601,80.2223205566,44303,44313,10
12.7933301926,80.2224807739,44313,44323,10
12.7942399979,80.2226104736,44323,44334,11
12.7952604294,80.2227783203,44334,44344,10
12.7959499359,80.2228927612,44344,44354,10
12.796380043,80.2229309082,44354,44364,10
12.7964000702,80.2229385376,44364,44374,10
12.7967195511,80.2229995728,44374,44384,10
12.7971897125,80.2230911255,44384,44394,10
12.7978601456,80.2232131958,44394,44404,10
12.7985095978,80.2232971191,44404,44414,10
12.7992601395,80.2233581543,44414,44425,11
12.8002500534,80.2234573364,44425,44435,10
12.801199913,80.2235565186,44435,44445,10
12.8015003204,80.2235717773,44445,44455,10
12.8018503189,80.2236175537,44455,44465,10
12.8023500443,80.2236785889,44465,44475,10
12.8032302856,80.2238082886,44475,44485,10
12.8039999008,80.2238693237,44485,44495,10
12.8047704697,80.2239532471,44495,44505,10
12.8053998947,80.2240905762,44505,44516,11
12.8055400848,80.2241516113,44516,44526,10
12.8058795929,80.2243881226,44526,44536,10
12.8063802719,80.2248077393,44536,44546,10
12.8070497513,80.225402832,44546,44556,10
12.8078699112,80.2260971069,44556,44566,10
12.8087797165,80.2268676758,44566,44576,10
12.8097000122,80.2274780273,44576,44586,10
12.8108301163,80.2279586792,44586,44596,10
12.8119802475,80.2283935547,44596,44607,11
12.8132200241,80.228843689,44607,44617,10
12.8143997192,80.2291793823,44617,44627,10
12.8156003952,80.2293624878,44627,44637,10
12.8167800903,80.2295532227,44637,44647,10
12.817899704,80.2299880981,44647,44657,10
12.8189401627,80.2304534912,44657,44667,10
12.8198204041,80.2304534912,44667,44677,10
12.8207702637,80.2304229736,44677,44687,10
12.8217802048,80.230506897,44687,44698,11
12.8229598999,80.2308425903,44698,44708,10
12.8240604401,80.2311325073,44708,44718,10
12.8251695633,80.2313537598,44718,44728,10
12.8263301849,80.2313079834,44728,44738,10
12.8274803162,80.2310028076,44738,44748,10
12.8285102844,80.2304382324,44748,44758,10
12.8296003342,80.2299423218,44758,44768,10
12.8305797577,80.2295532227,44768,44778,10
12.8310003281,80.2293624878,44778,44789,11
12.8313903809,80.2292861938,44789,44799,10
12.8320703506,80.2290802002,44799,44809,10
12.8329496384,80.2289199829,44809,44819,10
12.8340196609,80.2287368774,44819,44829,10
12.8352003098,80.2285308838,44829,44839,10
12.8364601135,80.2283401489,44839,44849,10
12.8376703262,80.2281494141,44849,44859,10
12.8387203217,80.227897644,44859,44869,10
12.8394298553,80.2276687622,44869,44890,21
12.8394298553,80.2276687622,44890,44900,10
12.8395996094,80.2276229858,44900,44910,10
12.8401002884,80.2275085449,44910,44920,10
12.8408002853,80.2273406982,44920,44930,10
12.8417100906,80.2270965576,44930,44940,10
12.8428001404,80.2268600464,44940,44950,10
12.8439502716,80.2266769409,44950,44960,10
12.8450603485,80.2265625,44960,44971,11
12.8453598022,80.2265319824,44971,44981,10
12.8455295563,80.2265396118,44981,44991,10
12.8459596634,80.2265396118,44991,45001,10
12.8466300964,80.2265319824,45001,45011,10
12.8475103378,80.2265319824,45011,45021,10
12.8485603333,80.2265319824,45021,45031,10
12.8496999741,80.2265319824,45031,45041,10
12.8507404327,80.2265319824,45041,45051,10
12.8518800735,80.2265777588,45051,45062,11
12.8531904221,80.2266311646,45062,45072,10
12.85435009,80.2265396118,45072,45082,10
12.855509758,80.2264099121,45082,45092,10
12.856760025,80.226272583,45092,45102,10
12.8580598831,80.2261734009,45102,45112,10
12.8591098785,80.2262573242,45112,45122,10
12.8602800369,80.2264328003,45122,45132,10
12.8614702225,80.2265319824,45132,45142,10
12.862739563,80.2264709473,45142,45153,11
12.8641300201,80.2265014648,45153,45163,10
12.8654603958,80.2265396118,45163,45173,10
12.8668203354,80.2264633179,45173,45183,10
12.8682203293,80.2263336182,45183,45193,10
12.869600296,80.2264404297,45193,45203,10
12.8709402084,80.2265777588,45203,45213,10
12.8721103668,80.2266235352,45213,45223,10
12.8727397919,80.2266235352,45223,45233,10
12.8728303909,80.2266235352,45233,45244,11
12.873000145,80.2266311646,45244,45254,10
12.8735399246,80.2266616821,45254,45264,10
12.8743495941,80.2267379761,45264,45274,10
12.8753299713,80.226852417,45274,45284,10
12.8761901855,80.2268829346,45284,45294,10
12.8767004013,80.226852417,45294,45304,10
12.8769102097,80.2268371582,45304,45314,10
12.8774795532,80.2267990112,45314,45324,10
12.8782997131,80.2267379761,45324,45335,11
12.8794403076,80.2266769409,45335,45345,10
12.8805999756,80.2266693115,45345,45355,10
12.8818397522,80.2266769409,45355,45365,10
12.8830795288,80.2266693115,45365,45375,10
12.8843002319,80.2266387939,45375,45385,10
12.8851099014,80.2266235352,45385,45395,10
12.8851995468,80.2266387939,45395,45405,10
12.8856697083,80.2267379761,45405,45415,10
12.8864898682,80.2269668579,45415,45426,11
12.8874397278,80.2271728516,45426,45436,10
12.8885402679,80.2273025513,45436,45446,10
12.8896903992,80.2273178101,45446,45456,10
12.8909196854,80.2273025513,45456,45466,10
12.8920898438,80.2272720337,45466,45476,10
12.8923902512,80.2272796631,45476,45486,10
12.8928003311,80.2273483276,45486,45496,10
12.8935003281,80.2274475098,45496,45506,10
12.8944997787,80.2275695801,45506,45517,11
12.8955698013,80.2276229858,45517,45527,10
12.8967399597,80.2276611328,45527,45537,10
12.8979196548,80.227722168,45537,45547,10
12.8991804123,80.2277908325,45547,45557,10
12.9003295898,80.2278671265,45557,45567,10
12.9013595581,80.2279205322,45567,45577,10
12.9025402069,80.2279510498,45577,45597,20
12.9025402069,80.2279510498,45597,45608,11
12.9027795792,80.2279586792,45608,45618,10
12.9032697678,80.2279891968,45618,45628,10
12.9040002823,80.2280426025,45628,45638,10
12.9047002792,80.2281036377,45638,45648,10
12.9048995972,80.2281036377,45648,45658,10
12.9050598145,80.2281036377,45658,45668,10
12.9054803848,80.2281112671,45668,45719,51
12.9054803848,80.2281112671,45719,45729,10
12.9056301117,80.2281036377,45729,45739,10
12.9059095383,80.2281112671,45739,45749,10
12.9061098099,80.2281570435,45749,45800,51
12.9061098099,80.2281570435,45800,45810,10
12.9062204361,80.2281265259,45810,45820,10
12.9063396454,80.2281417847,45820,45830,10
12.9064302444,80.2281417847,45830,45840,10
12.9065599442,80.2281570435,45840,45850,10
12.9069004059,80.2282333374,45850,45860,10
12.9076795578,80.2283401489,45860,45871,11
12.9089403152,80.228553772,45871,45881,10
12.910320282,80.2287826538,45881,45891,10
12.9117898941,80.2289886475,45891,45901,10
12.9131202698,80.2291717529,45901,45911,10
12.9139604568,80.2292633057,45911,45921,10
12.9140701294,80.2292785645,45921,45931,10
12.9145698547,80.229347229,45931,45941,10
12.9153604507,80.2294692993,45941,45951,10
12.9163198471,80.2296218872,45951,45962,11
12.9175395966,80.2297821045,45962,45972,10
12.9187498093,80.2299499512,45972,45982,10
12.920009613,80.2301101685,45982,45992,10
12.9213600159,80.2302703857,45992,46002,10
12.922750473,80.2304992676,46002,46012,10
12.9241504669,80.230682373,46012,46022,10
12.9254598618,80.2308197021,46022,46032,10
12.9262895584,80.2308883667,46032,46042,10
12.92648983,80.2309188843,46042,46053,11
12.9271602631,80.2310180664,46053,46063,10
12.9280395508,80.2311325073,46063,46073,10
12.9289903641,80.2312774658,46073,46083,10
12.9300298691,80.2315216064,46083,46093,10
12.9311504364,80.231842041,46093,46103,10
12.9322395325,80.232208252,46103,46113,10
12.9332399368,80.2325820923,46113,46123,10
12.9336700439,80.2327575684,46123,46133,10
12.9338703156,80.2328720093,46133,46144,11
12.9343900681,80.2331085205,46144,46154,10
12.9351396561,80.2334518433,46154,46164,10
12.9359703064,80.233833313,46164,46174,10
12.936829567,80.2342605591,46174,46184,10
12.9378595352,80.2347564697,46184,46194,10
12.9389200211,80.2352828979,46194,46204,10
12.9397802353,80.2356719971,46204,46214,10
12.9398899078,80.2357177734,46214,46224,10
12.940199852,80.2358398438,46224,46235,11
12.9408502579,80.2360305786,46235,46245,10
12.9415998459,80.2362136841,46245,46255,10
12.9425296783,80.2364807129,46255,46265,10
12.9434204102,80.2370910645,46265,46275,10
12.9442100525,80.2379608154,46275,46285,10
12.9450798035,80.238899231,46285,46295,10
12.9460897446,80.2395401001,46295,46305,10
12.9470396042,80.239906311,46305,46315,10
12.9473600388,80.2400283813,46315,46326,11
12.9475402832,80.2401199341,46326,46336,10
12.9480695724,80.2403335571,46336,46346,10
12.9485797882,80.2405014038,46346,46356,10
12.9487600327,80.240562439,46356,46366,10
12.9489097595,80.2406234741,46366,46376,10
12.9492902756,80.2407913208,46376,46386,10
12.9497404099,80.2409362793,46386,46396,10
12.9504098892,80.2411422729,46396,46406,10
12.9511499405,80.2413864136,46406,46417,11
12.952050209,80.2417068481,46417,46427,10
12.9529399872,80.2420501709,46427,46437,10
12.9537000656,80.2423324585,46437,46447,10
12.9541797638,80.2425384521,46447,46457,10
12.9548501968,80.2427978516,46457,46467,10
12.9555101395,80.243057251,46467,46477,10
12.9562597275,80.2432785034,46477,46487,10
12.9564599991,80.243347168,46487,46497,10
12.9569501877,80.243598938,46497,46508,11
12.9577302933,80.2439804077,46508,46518,10
12.9586000443,80.2443237305,46518,46528,10
12.9589500427,80.2444763184,46528,46538,10
12.9590902328,80.2445831299,46538,46548,10
12.9595499039,80.2447967529,46548,46558,10
12.9602403641,80.2451171875,46558,46568,10
12.9610900879,80.2455062866,46568,46578,10
12.9620895386,80.2459869385,46578,46588,10
12.9633197784,80.2465591431,46588,46629,41
12.9633197784,80.2465591431,46629,46639,10
12.9637002945,80.2467422485,46639,46649,10
12.9641704559,80.2469482422,46649,46659,10
12.9648704529,80.2472076416,46659,46669,10
12.9657201767,80.2475128174,46669,46679,10
12.9669103622,80.2480010986,46679,46700,21
12.9669103622,80.2480010986,46700,46710,10
12.9671001434,80.2481079102,46710,46720,10
12.9676103592,80.2483291626,46720,46730,10
12.9684000015,80.2486419678,46730,46740,10
12.9693403244,80.2490386963,46740,46750,10
12.9702196121,80.2493896484,46750,46760,10
12.9711399078,80.2497024536,46760,46770,10
12.9721298218,80.249961853,46770,46781,11
12.9733104706,80.2502822876,46781,46791,10
12.9744195938,80.250579834,46791,46801,10
12.9755496979,80.2509078979,46801,46811,10
12.9766998291,80.2512435913,46811,46821,10
12.9777297974,80.2517700195,46821,46831,10
12.9784603119,80.2523193359,46831,46841,10
12.9785804749,80.2523803711,46841,46851,10
12.9787998199,80.2524795532,46851,46861,10
12.9796600342,80.2526168823,46861,46882,21
12.9796600342,80.2526168823,46882,46892,10
12.9800100327,80.2526473999,46892,46902,10
12.9806203842,80.2526702881,46902,46912,10
12.9814796448,80.2526397705,46912,46922,10
12.9824800491,80.2526168823,46922,46932,10
12.9834604263,80.2525100708,46932,46942,10
12.9843997955,80.2522506714,46942,46952,10
12.9851303101,80.2520675659,46952,46973,21
12.9851303101,80.2520675659,46973,46983,10
12.9852199554,80.2520523071,46983,46993,10
12.9854097366,80.2519989014,46993,47003,10
12.985619545,80.2519226074,47003,47013,10
12.9859800339,80.2518234253,47013,47023,10
12.9864196777,80.2517166138,47023,47033,10
12.9870796204,80.2515106201,47033,47155,122
12.9870796204,80.2515106201,47155,47165,10
12.9872598648,80.2514266968,47165,47175,10
12.9875802994,80.2513504028,47175,47185,10
12.9881401062,80.2512283325,47185,47195,10
12.9889497757,80.2510223389,47195,47205,10
12.9895496368,80.2508621216,47205,47215,10
12.9895601273,80.2508621216,47215,47226,11
12.989859581,80.2508392334,47226,47236,10
12.9903802872,80.2507171631,47236,47246,10
12.9911203384,80.2505187988,47246,47256,10
12.9919595718,80.250328064,47256,47266,10
12.9927997589,80.2501220703,47266,47276,10
12.9938001633,80.2498626709,47276,47286,10
12.9949102402,80.2495803833,47286,47296,10
12.9960403442,80.2492828369,47296,47306,10
12.9972696304,80.2489471436,47306,47317,11
12.9986896515,80.2485961914,47317,47327,10
12.9999704361,80.2482833862,47327,47337,10
13.0012397766,80.2479629517,47337,47347,10
13.0021896362,80.2477111816,47347,47357,10
13.0030403137,80.247543335,47357,47367,10
13.0039796829,80.2473983765,47367,47377,10
13.0049600601,80.2472686768,47377,47387,10
13.0057601929,80.2470779419,47387,47397,10
13.0063199997,80.2467193604,47397,47408,11
13.0064001083,80.2465820313,47408,47418,10
13.0064096451,80.2464599609,47418,47428,10
13.0065402985,80.24609375,47428,47438,10
13.0065898895,80.2456588745,47438,47448,10
13.0066099167,80.2452468872,47448,47458,10
13.0066003799,80.2449569702,47458,47468,10
13.0065803528,80.2446594238,47468,47478,10
13.0065803528,80.244392395,47478,47488,10
13.0065803528,80.2439498901,47488,47499,11
13.0065698624,80.243637085,47499,47509,10
13.0065603256,80.2432403564,47509,47519,10
13.0065202713,80.2425537109,47519,47529,10
13.0065002441,80.2416687012,47529,47539,10
13.0065603256,80.2408370972,47539,47549,10
13.0066299438,80.2404937744,47549,47559,10
13.0066995621,80.2401123047,47559,47569,10
13.0068597794,80.2393417358,47569,47579,10
13.0070199966,80.2385101318,47579,47590,11
13.0072603226,80.237487793,47590,47600,10
13.0073404312,80.2370071411,47600,47610,10
13.007399559,80.2368774414,47610,47620,10
13.0074901581,80.2364196777,47620,47630,10
13.0076398849,80.2357406616,47630,47640,10
13.007809639,80.234916687,47640,47650,10
13.0080299377,80.2338562012,47650,47660,10
13.0082597733,80.2326583862,47660,47670,10
13.0085000992,80.2314834595,47670,47681,11
13.0087795258,80.2299804688,47681,47691,10
13.0090904236,80.2285003662,47691,47701,10
13.0095596313,80.2273101807,47701,47711,10
13.0101099014,80.2260971069,47711,47721,10
13.01060009,80.2250823975,47721,47731,10
13.0109596252,80.2242584229,47731,47741,10
13.011300087,80.2234268188,47741,47751,10
13.0113697052,80.2231674194,47751,47761,10
13.0114402771,80.2229995728,47761,47772,11
13.0115804672,80.2224731445,47772,47782,10
13.0118904114,80.2216491699,47782,47792,10
13.0122995377,80.2215805054,47792,47802,10
13.0126399994,80.2220306396,47802,47812,10
13.0131101608,80.2225036621,47812,47822,10
13.0136604309,80.2230987549,47822,47832,10
13.014169693,80.2237091064,47832,47842,10
13.0147600174,80.2243270874,47842,47852,10
13.0154895782,80.2249603271,47852,47883,31
13.0154895782,80.2249603271,47883,47893,10
13.0155801773,80.2250518799,47893,47903,10
13.0158901215,80.2252883911,47903,47913,10
13.0166501999,80.2252578735,47913,47923,10
13.0176095963,80.2248687744,47923,47933,10
13.0186796188,80.2244491577,47933,47943,10
13.0197401047,80.2245483398,47943,47974,31
13.0197401047,80.2245483398,47974,47984,10
13.0198402405,80.2247314453,47984,47994,10
13.0202798843,80.2250213623,47994,48004,10
13.0208396912,80.225402832,48004,48014,10
13.0215196609,80.2259216309,48014,48024,10
13.0222902298,80.2265625,48024,48034,10
13.023150444,80.2273178101,48034,48045,11
13.0239896774,80.2280273438,48045,48055,10
13.0242996216,80.2283706665,48055,48085,30
13.0242996216,80.2283706665,48085,48095,10
13.0243701935,80.2285003662,48095,48105,10
13.0242595673,80.2285766602,48105,48115,10
13.0241098404,80.2283401489,48115,48125,10
13.023730278,80.2278518677,48125,48136,11
13.0231304169,80.2272796631,48136,48146,10
13.0225095749,80.2267074585,48146,48156,10
13.0218601227,80.2261428833,48156,48166,10
13.0211896896,80.2256011963,48166,48176,10
13.0205202103,80.2251205444,48176,48186,10
13.0201196671,80.2248535156,48186,48196,10
13.0200099945,80.2247695923,48196,48206,10
13.0197000504,80.224609375,48206,48217,11
13.0190095901,80.2244415283,48217,48227,10
13.018289566,80.2246627808,48227,48237,10
13.0174398422,80.2250137329,48237,48247,10
13.0167398453,80.2253112793,48247,48257,10
13.0163402557,80.225479126,48257,48267,10
13.0158195496,80.2256088257,48267,48277,10
13.0154304504,80.2257537842,48277,48287,10
13.0152797699,80.2258224487,48287,48297,10
13.0150003433,80.2259292603,48297,48308,11
13.0144901276,80.2260894775,48308,48318,10
13.0142202377,80.2261581421,48318,48328,10
13.0141601563,80.2259368896,48328,48338,10
13.0141201019,80.2254867554,48338,48581,243
13.0141201019,80.2254867554,48581,48591,10
13.0142803192,80.2252426147,48591,48602,11
13.0144996643,80.225479126,48602,48611,9
13.0146398544,80.225769043,48611,50564,1953
13.0146398544,80.225769043,50564,50574,10
13.0148200989,80.2258987427,50574,50675,101
13.0148200989,80.2258987427,50675,50685,10
13.0146903992,80.2258987427,50685,51848,1163
13.0146903992,80.2258987427,51848,51858,10
13.0145597458,80.2258224487,51858,51868,10
13.014289856,80.2258987427,51868,51909,41
13.014289856,80.2258987427,51909,51919,10
13.0141401291,80.2259979248,51919,51929,10
13.0141601563,80.2261276245,51929,51939,10
13.013879776,80.2263031006,51939,51949,10
13.013250351,80.226600647,51949,51959,10
13.0124998093,80.2269821167,51959,51969,10
13.0115804672,80.2272567749,51969,51979,10
13.0105800629,80.2276382446,51979,51990,11
13.0097198486,80.2278900146,51990,52000,10
13.0095596313,80.2275009155,52000,52010,10
13.0098304749,80.2268981934,52010,52020,10
13.0101995468,80.2261276245,52020,52030,10
13.0105495453,80.2253036499,52030,52040,10
13.0108604431,80.2245483398,52040,52050,10
13.011179924,80.2237625122,52050,52060,10
13.0114603043,80.2232894897,52060,52070,10
13.0118999481,80.2235336304,52070,52081,11
13.0124597549,80.2238311768,52081,52091,10
13.0130701065,80.2241363525,52091,52101,10
13.0138101578,80.2245483398,52101,52111,10
13.0146198273,80.2249832153,52111,52121,10
13.0151195526,80.225227356,52121,52131,10
13.0153398514,80.2253265381,52131,52141,10
13.0160799026,80.2253570557,52141,52151,10
13.0170097351,80.2251281738,52151,52161,10
13.0180101395,80.2247390747,52161,52172,11
13.019109726,80.2243804932,52172,52182,10
13.0196399689,80.2244720459,52182,52192,10
13.0199203491,80.2246627808,52192,52202,10
13.0203104019,80.2249679565,52202,52212,10
13.0207796097,80.2253265381,52212,52222,10
13.0212001801,80.2256698608,52222,52232,10
13.0217895508,80.2261123657,52232,52242,10
13.0225095749,80.2267227173,52242,52252,10
13.0232801437,80.2273635864,52252,52263,11
13.0239200592,80.2279434204,52263,52273,10
13.0242700577,80.2282791138,52273,52283,10
13.0243997574,80.2284622192,52283,52333,50
13.0243997574,80.2284622192,52333,52343,10
13.0242595673,80.2286834717,52343,52354,11
13.0238704681,80.2282028198,52354,52364,10
13.0236196518,80.2278823853,52364,52374,10
13.0233802795,80.2276611328,52374,52445,71
13.0233802795,80.2276611328,52445,52455,10
13.0232696533,80.2274398804,52455,52465,10
13.023059845,80.2272491455,52465,52475,10
13.0226202011,80.2268371582,52475,52505,30
13.0226202011,80.2268371582,52505,52515,10
13.022480011,80.2266387939,52515,52525,10
13.0221796036,80.2263793945,52525,52536,11
13.0214195251,80.2257995605,52536,52546,10
13.0206298828,80.2251968384,52546,52556,10
13.0198602676,80.2247390747,52556,52576,20
13.0198602676,80.2247390747,52576,52586,10
13.0197896957,80.2247085571,52586,52596,10
13.019200325,80.2244796753,52596,52606,10
13.0182600021,80.2247009277,52606,52616,10
13.0172996521,80.2250900269,52616,52627,11
13.0163202286,80.225479126,52627,52637,10
13.0155096054,80.2257385254,52637,52647,10
13.0143299103,80.2262191772,52647,52677,30
13.0143299103,80.2262191772,52677,52687,10
13.0141296387,80.2262802124,52687,52697,10
13.0136003494,80.2265014648,52697,52707,10
13.0127096176,80.2268600464,52707,52718,11
13.0116796494,80.2272262573,52718,52728,10
13.0105695724,80.2276763916,52728,52738,10
13.0094804764,80.2281570435,52738,52748,10
13.0090398788,80.229057312,52748,52758,10
13.0088195801,80.2302017212,52758,52768,10
13.0086202621,80.2313079834,52768,52778,10
13.0083703995,80.2324295044,52778,52788,10
13.0082397461,80.2332763672,52788,52798,10
13.0082197189,80.2335586548,52798,52809,11
13.0081501007,80.2337265015,52809,52819,10
13.0080404282,80.2342529297,52819,52829,10
13.0079202652,80.2348480225,52829,52839,10
13.0077896118,80.2355270386,52839,52849,10
13.0076198578,80.2363128662,52849,52859,10
13.0074396133,80.2372207642,52859,52869,10
13.007229805,80.2384033203,52869,52879,10
13.0068798065,80.2401733398,52879,52950,71
13.0068798065,80.2401733398,52950,52960,10
13.0068302155,80.240737915,52960,52970,10
13.0067796707,80.2409973145,52970,52980,10
13.0067396164,80.2417526245,52980,52991,11
13.0066900253,80.2428894043,52991,53001,10
13.0066900253,80.243812561,53001,53011,10
13.0066900253,80.244682312,53011,53021,10
13.0066995621,80.2456665039,53021,53031,10
13.0067396164,80.2465286255,53031,53041,10
13.0067396164,80.2471618652,53041,53112,71
13.0067396164,80.2471618652,53112,53122,10
13.0061597824,80.2473907471,53122,53142,20
13.0061597824,80.2473907471,53142,53152,10
13.0060396194,80.2473602295,53152,53163,11
13.0053195953,80.2473526001,53163,53173,10
13.0043401718,80.247428894,53173,53183,10
13.0033597946,80.2475814819,53183,53193,10
13.0025396347,80.2477035522,53193,53203,10
13.0021600723,80.2477798462,53203,53213,10
13.0015897751,80.2479324341,53213,53223,10
13.0006904602,80.2481689453,53223,53233,10
12.9995002747,80.2484588623,53233,53243,10
12.9982404709,80.2488021851,53243,53254,11
12.9976902008,80.2489395142,53254,53264,10
12.9973897934,80.2489929199,53264,53274,10
12.9966201782,80.2491607666,53274,53284,10
12.9955797195,80.249420166,53284,53294,10
12.9943799973,80.2497406006,53294,53304,10
12.9930896759,80.2500610352,53304,53314,10
12.9917497635,80.2503890991,53314,53324,10
12.9910202026,80.2505874634,53324,53334,10
12.9909095764,80.2505722046,53334,53345,11
12.9903001785,80.2507171631,53345,53355,10
12.9893302917,80.2509307861,53355,53365,10
12.9882898331,80.2512588501,53365,53486,121
12.9882898331,80.2512588501,53486,53496,10
12.9879798889,80.2513580322,53496,53506,10
12.9875202179,80.2514572144,53506,53516,10
12.9868602753,80.2516708374,53516,53527,11
12.9863300323,80.2518005371,53527,53537,10
12.9856996536,80.251953125,53537,53547,10
12.9848299026,80.2521820068,53547,53557,10
12.9838495255,80.2524414063,53557,53567,10
12.9828195572,80.2526168823,53567,53577,10
12.9817895889,80.2526626587,53577,53587,10
12.9809703827,80.2526702881,53587,53597,10
12.9802904129,80.2527008057,53597,53607,10
12.9800395966,80.2527389526,53607,53618,11
12.9797697067,80.2527236938,53618,53628,10
12.9792404175,80.2526397705,53628,53638,10
12.9788703918,80.2526016235,53638,53648,10
12.9786396027,80.2524795532,53648,53658,10
12.9780597687,80.2521133423,53658,53668,10
12.9773397446,80.2515106201,53668,53678,10
12.9762601852,80.2510986328,53678,53688,10
12.9749603271,80.2507171631,53688,53698,10
12.9735498428,80.2503204346,53698,53709,11
12.9718904495,80.2499008179,53709,53719,10
12.9703102112,80.2494277954,53719,53729,10
12.9687700272,80.2488479614,53729,53739,10
12.9674100876,80.2482681274,53739,53749,10
12.9663000107,80.2477264404,53749,53759,10
12.9655303955,80.2474365234,53759,53769,10
12.965379715,80.2473983765,53769,53779,10
12.9649200439,80.2472229004,53779,53789,10
12.9642095566,80.2469329834,53789,53800,11
12.9638395309,80.2468032837,53800,53810,10
12.9633398056,80.2465362549,53810,53820,10
12.9625501633,80.2461624146,53820,53830,10
12.9616298676,80.2456893921,53830,53840,10
12.9605197906,80.2451705933,53840,53850,10
12.9595003128,80.244758606,53850,53860,10
12.9594402313,80.2447280884,53860,53870,10
12.9589595795,80.2444915771,53870,53880,10
12.9581203461,80.2441101074,53880,53891,11
12.9573898315,80.2438583374,53891,53901,10
12.9570703506,80.2437820435,53901,53911,10
12.9568595886,80.2437515259,53911,53961,50
12.9568595886,80.2437515259,53961,53971,10
12.956580162,80.2436828613,53971,53982,11
12.9562997818,80.2435913086,53982,53992,10
12.9558296204,80.2433319092,53992,54002,10
12.9548902512,80.2428588867,54002,54012,10
12.9538698196,80.2424316406,54012,54022,10
12.9528398514,80.2419815063,54022,54032,10
12.9519300461,80.2416381836,54032,54042,10
12.9514904022,80.2415237427,54042,54052,10
12.9511604309,80.2414016724,54052,54062,10
12.9504098892,80.2411804199,54062,54073,11
12.949259758,80.240852356,54073,54093,20
12.949259758,80.240852356,54093,54103,10
12.9491996765,80.2408294678,54103,54113,10
12.9488801956,80.2406921387,54113,54123,10
12.9481296539,80.2403411865,54123,54133,10
12.9471597672,80.2399520874,54133,54143,10
12.9468002319,80.2398529053,54143,54153,10
12.9462604523,80.239616394,54153,54164,11
12.9452695847,80.239112854,54164,54174,10
12.9443798065,80.2381820679,54174,54184,10
12.9434404373,80.2371292114,54184,54194,10
12.9421796799,80.2363586426,54194,54204,10
12.9406204224,80.2359695435,54204,54214,10
12.9395198822,80.2356262207,54214,54224,10
12.9392795563,80.2355117798,54224,54234,10
12.9385404587,80.2351074219,54234,54244,10
12.9374504089,80.2345733643,54244,54255,11
12.9361200333,80.2339324951,54255,54265,10
12.9349298477,80.2333679199,54265,54275,10
12.9340000153,80.2329864502,54275,54285,10
12.9339103699,80.2329025269,54285,54295,10
12.9334402084,80.232711792,54295,54305,10
12.9324998856,80.2323379517,54305,54315,10
12.9313001633,80.2319717407,54315,54325,10
12.9299297333,80.2315597534,54325,54335,10
12.928609848,80.2312774658,54335,54346,11
12.9271097183,80.2310791016,54346,54356,10
12.9262199402,80.2309570313,54356,54366,10
12.9257202148,80.2308883667,54366,54376,10
12.9250202179,80.2308120728,54376,54386,10
12.9241600037,80.2306976318,54386,54396,10
12.923119545,80.2305603027,54396,54406,10
12.9218301773,80.2303619385,54406,54416,10
12.9202804565,80.2301864624,54416,54426,10
12.9187402725,80.2299880981,54426,54437,11
12.9171895981,80.2297668457,54437,54447,10
12.9158000946,80.2295608521,54447,54457,10
12.9143600464,80.2293395996,54457,54467,10
12.9133901596,80.2292404175,54467,54477,10
12.9132604599,80.2292175293,54477,54487,10
12.9130401611,80.2291793823,54487,54497,10
12.9123001099,80.2290725708,54497,54507,10
12.9111700058,80.2288818359,54507,54517,10
12.9098596573,80.2286834717,54517,54528,11
12.9083499908,80.2284164429,54528,54538,10
12.9070501328,80.2282485962,54538,54548,10
12.9063196182,80.2282333374,54548,54558,10
12.906129837,80.2282104492,54558,54568,10
12.9056301117,80.228187561,54568,54578,10
12.904800415,80.2281417847,54578,54588,10
12.9036798477,80.2280731201,54588,54598,10
12.9025001526,80.2279968262,54598,54608,10
12.9010400772,80.2279663086,54608,54669,61
12.9010400772,80.2279663086,54669,54679,10
12.9008598328,80.2279586792,54679,54689,10
12.9002399445,80.227897644,54689,54699,10
12.8994903564,80.2278823853,54699,54710,11
12.8992204666,80.2278594971,54710,54720,10
12.899140358,80.2278366089,54720,54730,10
12.8985204697,80.2278289795,54730,54740,10
12.8975000381,80.2277374268,54740,54750,10
12.8962097168,80.2276763916,54750,54760,10
12.8948202133,80.2276306152,54760,54770,10
12.8934898376,80.2275238037,54770,54780,10
12.8923397064,80.2273864746,54780,54791,11
12.8910398483,80.2273483276,54791,54801,10
12.8896398544,80.2273483276,54801,54811,10
12.8881597519,80.2273025513,54811,54821,10
12.8866195679,80.2270736694,54821,54831,10
12.8852596283,80.2267608643,54831,54841,10
12.8846998215,80.2267227173,54841,54851,10
12.8842201233,80.2267074585,54851,54861,10
12.8832798004,80.2266769409,54861,54871,10
12.8820295334,80.2266998291,54871,54882,11
12.8804702759,80.2267074585,54882,54892,10
12.8790102005,80.2267532349,54892,54902,10
12.8775196075,80.2268600464,54902,54912,10
12.8764400482,80.2269668579,54912,54922,10
12.8762397766,80.2269821167,54922,54932,10
12.875749588,80.2269668579,54932,54942,10
12.8747797012,80.2268600464,54942,54952,10
12.8735103607,80.2266998291,54952,54962,10
12.8725595474,80.2267074585,54962,54972,10
12.8724498749,80.2266998291,54972,54983,11
12.8719396591,80.2266769409,54983,54993,10
12.8711004257,80.2266464233,54993,55003,10
12.8709402084,80.2266464233,55003,55013,10
12.8705596924,80.2266235352,55013,55023,10
12.8697500229,80.2265396118,55023,55033,10
12.8688297272,80.2264328003,55033,55043,10
12.8676795959,80.2264404297,55043,55053,10
12.8664302826,80.2265319824,55053,55063,10
12.8651599884,80.2265777588,55063,55074,11
12.8638696671,80.2265167236,55074,55084,10
12.8625898361,80.2265319824,55084,55094,10
12.8613996506,80.226600647,55094,55104,10
12.8610095978,80.226600647,55104,55114,10
12.86054039,80.2265701294,55114,55124,10
12.8597202301,80.2264404297,55124,55134,10
12.8588104248,80.2262802124,55134,55154,20
12.8588104248,80.2262802124,55154,55165,11
12.8586502075,80.2262802124,55165,55175,10
12.8580703735,80.2262420654,55175,55185,10
12.8571395874,80.2262802124,55185,55195,10
12.8559999466,80.2264022827,55195,55205,10
12.854640007,80.2265396118,55205,55215,10
12.8531703949,80.2266921997,55215,55225,10
12.8516302109,80.2266387939,55225,55235,10
12.8502502441,80.2266082764,55235,55245,10
12.8499202728,80.2266082764,55245,55256,11
12.8492097855,80.226600647,55256,55266,10
12.8481302261,80.226600647,55266,55276,10
12.8468103409,80.2266082764,55276,55286,10
12.846039772,80.2266082764,55286,55296,10
12.8453502655,80.226600647,55296,55316,20
12.8453502655,80.226600647,55316,55326,10
12.8450899124,80.2265777588,55326,55337,11
12.8442201614,80.2266387939,55337,55347,10
12.8431301117,80.2267990112,55347,55357,10
12.8418998718,80.2270584106,55357,55367,10
12.8406600952,80.2273788452,55367,55377,10
12.8400001526,80.2276000977,55377,55387,10
12.8396997452,80.2276992798,55387,55397,10
12.839630127,80.227722168,55397,55407,10
12.8394298553,80.2277908325,55407,55417,10
12.8387498856,80.2279586792,55417,55428,11
12.8377399445,80.2282028198,55428,55438,10
12.8365402222,80.2283782959,55438,55448,10
12.8351802826,80.2285919189,55448,55458,10
12.8338003159,80.2288208008,55458,55468,10
12.8326101303,80.2290496826,55468,55478,10
12.8321199417,80.2291412354,55478,55488,10
12.8319597244,80.2291564941,55488,55498,10
12.8316001892,80.2291412354,55498,55508,10
12.8315200806,80.2289428711,55508,55519,11
12.8314504623,80.2285614014,55519,55529,10
12.8312902451,80.2276916504,55529,55539,10
12.8311100006,80.2267379761,55539,55549,10
12.8310098648,80.2256774902,55549,55559,10
12.8310203552,80.2248001099,55559,55569,10
12.8310203552,80.2244415283,55569,55579,10
12.8310203552,80.2236175537,55579,55589,10
12.8310403824,80.2225570679,55589,55599,10
12.831029892,80.2221069336,55599,55610,11
12.831029892,80.2214126587,55610,55620,10
12.8310203552,80.2205429077,55620,55630,10
12.8310203552,80.2197036743,55630,55640,10
12.8307504654,80.2193908691,55640,55650,10
12.829870224,80.2193984985,55650,55660,10
12.8289699554,80.2194137573,55660,55670,10
12.8278999329,80.2194290161,55670,55680,10
12.8274803162,80.2194366455,55680,55690,10
12.8274803162,80.2194366455,55690,55701,11
12.8268699646,80.2194366455,55701,55711,10
12.8261203766,80.2194519043,55711,55721,10
12.8260002136,80.2194366455,55721,55731,10
12.8258800507,80.2194137573,55731,55741,10
12.8257703781,80.2192611694,55741,55754,13
12.825799942,80.218963623,55754,55764,10
12.8258199692,80.2179107666,55764,55774,10
12.8258199692,80.216796875,55774,55784,10
12.8257598877,80.2160491943,55784,55795,11
12.8252096176,80.2159729004,55795,55805,10
12.8246803284,80.2159805298,55805,55865,60
12.8246803284,80.2159805298,55865,55875,10
12.8241195679,80.2159194946,55875,55886,11
12.8238801956,80.2159194946,55886,55896,10
12.8231401443,80.2159423828,55896,55906,10
12.822719574,80.2159500122,55906,55916,10
12.822640419,80.2164077759,55916,55926,10
12.8226604462,80.2173080444,55926,55936,10
12.8226299286,80.2184371948,55936,55946,10
12.8226299286,80.2192077637,55946,55956,10
12.8229904175,80.2194900513,55956,55967,11
12.8238897324,80.2194671631,55967,55978,11
12.8250799179,80.2194213867,55978,55988,10
12.8254499435,80.2194290161,55988,55998,10
12.8255300522,80.2194595337,55998,56008,10
12.8257904053,80.2194900513,56008,56018,10
12.8261203766,80.2194595337,56018,56028,10
12.8273000717,80.2193984985,56028,56058,30
12.8273000717,80.2193984985,56058,56069,11
12.8275403976,80.2193832397,56069,56089,20
12.8275403976,80.2193832397,56089,56099,10
12.8276796341,80.2193603516,56099,56119,20
12.8276796341,80.2193603516,56119,56129,10
12.8279895782,80.2193603516,56129,56139,10
12.8287801743,80.2193603516,56139,56149,10
12.8297796249,80.2193832397,56149,56160,11
12.830789566,80.2193603516,56160,56170,10
12.8310604095,80.2194519043,56170,56180,10
12.8311500549,80.2201385498,56180,56190,10
12.8311004639,80.2212371826,56190,56200,10
12.8311004639,80.2220916748,56200,56210,10
12.8311100006,80.2223205566,56210,56220,10
12.8311100006,80.2230300903,56220,56230,10
12.8311195374,80.2238769531,56230,56240,10
12.8311300278,80.2246170044,56240,56251,11
12.8311195374,80.225151062,56251,56261,10
12.8311195374,80.2260818481,56261,56271,10
12.8312902451,80.2272186279,56271,56281,10
12.8315496445,80.2284164429,56281,56291,10
12.8317298889,80.2290802002,56291,56301,10
12.8318004608,80.229133606,56301,56311,10
12.8322401047,80.2290420532,56311,56321,10
12.8330898285,80.2288589478,56321,56332,11
12.8341703415,80.2286605835,56332,56342,10
12.835439682,80.2284393311,56342,56352,10
12.8367795944,80.2282409668,56352,56362,10
12.8381204605,80.2280273438,56362,56372,10
12.8390598297,80.2277603149,56372,56382,10
12.8394899368,80.2276000977,56382,56392,10
12.839509964,80.2275924683,56392,56402,10
12.8399200439,80.2275009155,56402,56412,10
12.8406295776,80.2273178101,56412,56422,10
12.8415899277,80.2270584106,56422,56433,11
12.8427400589,80.2267990112,56433,56443,10
12.8437795639,80.2266387939,56443,56453,10
12.8449201584,80.2265090942,56453,56463,10
12.8453502655,80.2265167236,56463,56473,10
12.8455400467,80.2265090942,56473,56483,10
12.8456802368,80.2264785767,56483,56493,10
12.846280098,80.2265090942,56493,56503,10
12.8472604752,80.2265090942,56503,56513,10
12.8485002518,80.2264862061,56513,56524,11
12.8498401642,80.2264633179,56524,56534,10
12.8500995636,80.2264709473,56534,56544,10
12.8507404327,80.2264862061,56544,56554,10
12.8517799377,80.2265396118,56554,56564,10
12.8531198502,80.2266082764,56564,56574,10
12.8545799255,80.2264862061,56574,56584,10
12.8561000824,80.226348877,56584,56594,10
12.8576097488,80.2261962891,56594,56604,10
12.8590602875,80.2262573242,56604,56615,11
12.8602800369,80.2264633179,56615,56625,10
12.8609695435,80.2265014648,56625,56635,10
12.861240387,80.2265014648,56635,56645,10
12.8621702194,80.2264709473,56645,56655,10
12.8633699417,80.2264404297,56655,56665,10
12.8647403717,80.2265014648,56665,56675,10
12.8658895493,80.2265396118,56675,56685,10
12.8666000366,80.2264633179,56685,56695,10
12.8674402237,80.2263793945,56695,56706,11
12.8686103821,80.2263031006,56706,56716,10
12.8699903488,80.2264633179,56716,56726,10
12.8714895248,80.2265930176,56726,56736,10
12.8726396561,80.2265930176,56736,56746,10
12.8728399277,80.226600647,56746,56756,10
12.8734197617,80.2266311646,56756,56766,10
12.8743896484,80.2267303467,56766,56776,10
12.8755598068,80.2268600464,56776,56786,10
12.8763799667,80.2268600464,56786,56797,11
12.8767204285,80.2268371582,56797,56807,10
12.876830101,80.2268371582,56807,56817,10
12.8774404526,80.2267990112,56817,56827,10
12.8785200119,80.2267227173,56827,56837,10
12.8798398972,80.2266693115,56837,56847,10
12.8812503815,80.2266464233,56847,56857,10
12.8827104568,80.2266387939,56857,56867,10
12.8841104507,80.2266235352,56867,56877,10
12.885219574,80.2266387939,56877,56888,11
12.8860998154,80.226852417,56888,56898,10
12.8872003555,80.2271194458,56898,56908,10
12.8882904053,80.2272491455,56908,56918,10
12.8894796371,80.2272796631,56918,56928,10
12.8907003403,80.2273025513,56928,56938,10
12.8919296265,80.2273101807,56938,56948,10
12.892950058,80.2274017334,56948,56958,10
12.8940000534,80.2275238037,56958,56969,11
12.8953695297,80.2275924683,56969,56979,10
12.896780014,80.2276229858,56979,56989,10
12.8982200623,80.227722168,56989,56999,10
12.8994197845,80.2277832031,56999,57009,10
12.9007396698,80.2278289795,57009,57090,81
12.9007396698,80.2278289795,57090,57100,10
12.9012002945,80.2279510498,57100,57110,10
12.9019699097,80.2279815674,57110,57120,10
12.9026403427,80.2279968262,57120,57130,10
12.9027004242,80.228012085,57130,57140,10
12.9032897949,80.2280273438,57140,57150,10
12.9041900635,80.2280731201,57150,57161,11
12.9052696228,80.2281188965,57161,57171,10
12.9058599472,80.2281494141,57171,57181,10
12.9061803818,80.2281799316,57181,57201,20
12.9061803818,80.2281799316,57201,57211,10
12.906370163,80.2282028198,57211,57221,10
12.9067802429,80.2282333374,57221,57231,10
12.9070100784,80.2282485962,57231,57242,11
12.9074897766,80.2283172607,57242,57252,10
12.9083995819,80.2284622192,57252,57262,10
12.9095497131,80.2286376953,57262,57272,10
12.9108400345,80.2288513184,57272,57282,10
12.9121799469,80.2290420532,57282,57292,10
12.9134397507,80.2292175293,57292,57302,10
12.9142799377,80.2293167114,57302,57312,10
12.9152603149,80.2294616699,57312,57322,10
12.9164600372,80.229637146,57322,57333,11
12.9177799225,80.2298126221,57333,57343,10
12.9188098907,80.2299499512,57343,57353,10
12.9197101593,80.2300872803,57353,57363,10
12.9207696915,80.2302017212,57363,57373,10
12.9220399857,80.2303619385,57373,57383,10
12.9233999252,80.2305679321,57383,57393,10
12.9248104095,80.2307510376,57393,57403,10
12.9261903763,80.2309494019,57403,57413,10
12.9275999069,80.231086731,57413,57424,11
12.928609848,80.2312164307,57424,57434,10
12.9293804169,80.2313613892,57434,57444,10
12.930150032,80.231552124,57444,57454,10
12.9311504364,80.2318572998,57454,57464,10
12.9323997498,80.2322616577,57464,57474,10
12.9335403442,80.2326812744,57474,57484,10
12.933719635,80.2327575684,57484,57494,10
12.9340801239,80.2328720093,57494,57505,11
12.9350204468,80.2332763672,57505,57515,10
12.935959816,80.2337493896,57515,57525,10
12.9369401932,80.2342376709,57525,57535,10
12.9379997253,80.2347717285,57535,57545,10
12.9388599396,80.2351913452,57545,57555,10
12.9394397736,80.2354812622,57555,57565,10
12.9395704269,80.2355499268,57565,57575,10
12.9396600723,80.2356109619,57575,57585,10
12.9401397705,80.2358016968,57585,57596,11
12.9408903122,80.236000061,57596,57606,10
12.9419498444,80.2362823486,57606,57616,10
12.9430599213,80.2367630005,57616,57626,10
12.9438896179,80.2375411987,57626,57636,10
12.9447498322,80.2385025024,57636,57646,10
12.9456501007,80.2393188477,57646,57656,10
12.9466695786,80.2397384644,57656,57666,10
12.9472103119,80.2399368286,57666,57676,10
12.9472398758,80.2399368286,57676,57686,10
12.9473199844,80.2399902344,57686,57697,11
12.9477996826,80.240196228,57697,57707,10
12.9483098984,80.2403869629,57707,57717,10
12.9485197067,80.2404708862,57717,57727,10
12.9490604401,80.2406692505,57727,57737,10
12.9496803284,80.2408981323,57737,57747,10
12.9504098892,80.2411422729,57747,57757,10
12.9509401321,80.2413024902,57757,57767,10
12.9511003494,80.2413787842,57767,57777,10
12.9516201019,80.2415466309,57777,57788,11
12.9523897171,80.2418365479,57788,57798,10
12.9533004761,80.2422027588,57798,57808,10
12.9541101456,80.2425231934,57808,57818,10
12.9548501968,80.2428207397,57818,57828,10
12.955499649,80.2430725098,57828,57838,10
12.9562702179,80.2434005737,57838,57858,20
12.9562702179,80.2434005737,57858,57868,10
12.9565095901,80.2434768677,57868,57879,11
12.957280159,80.2437820435,57879,57889,10
12.9582195282,80.244178772,57889,57899,10
12.9589195251,80.2444610596,57899,57909,10
12.9590301514,80.2445297241,57909,57919,10
12.9596004486,80.2448196411,57919,57929,10
12.9604902267,80.2452011108,57929,57939,10
12.9615697861,80.2456970215,57939,57949,10
12.962849617,80.2463226318,57949,57959,10
12.9636898041,80.2467575073,57959,57970,11
12.9648199081,80.247177124,57970,57980,10
12.9655599594,80.2474365234,57980,57990,10
12.9663000107,80.247718811,57990,58000,10
12.9668998718,80.248008728,58000,58020,20
12.9668998718,80.248008728,58020,58030,10
12.9671401978,80.2481536865,58030,58040,10
12.9679298401,80.2484817505,58040,58051,11
12.9689903259,80.2488937378,58051,58061,10
12.9701700211,80.2493362427,58061,58071,10
12.9715003967,80.2497711182,58071,58081,10
12.9728403091,80.2501525879,58081,58091,10
12.9741601944,80.2505111694,58091,58101,10
12.9754600525,80.2508926392,58101,58111,10
12.9767103195,80.2512512207,58111,58121,10
12.9777698517,80.2518234253,58121,58131,10
12.9785404205,80.2523727417,58131,58141,10
12.9787597656,80.2524490356,58141,58152,11
12.9793796539,80.252571106,58152,58172,20
12.9793796539,80.252571106,58172,58182,10
12.9796104431,80.2526016235,58182,58192,10
12.9800596237,80.2526397705,58192,58202,10
12.9806900024,80.2526397705,58202,58212,10
12.9814996719,80.2526321411,58212,58222,10
12.9824304581,80.2526092529,58222,58232,10
12.9835395813,80.2525100708,58232,58243,11
12.9847602844,80.2521896362,58243,58253,10
12.9857397079,80.2519073486,58253,58263,10
12.9862604141,80.2517623901,58263,58273,10
12.9867801666,80.2516098022,58273,58334,61
12.9867801666,80.2516098022,58334,58344,10
12.987159729,80.2515106201,58344,58354,10
12.9876203537,80.2513885498,58354,58364,10
12.9882497787,80.2512435913,58364,58374,10
12.9890604019,80.2510299683,58374,58384,10
12.9893398285,80.2509384155,58384,58394,10
12.9895095825,80.2509002686,58394,58404,10
12.9900598526,80.2507781982,58404,58414,10
12.990819931,80.2506103516,58414,58425,11
12.9919700623,80.2503509521,58425,58435,10
12.9929599762,80.2501068115,58435,58445,10
12.994099617,80.2498016357,58445,58455,10
12.9953203201,80.2494812012,58455,58465,10
12.9966802597,80.2491226196,58465,58475,10
12.9979896545,80.2487869263,58475,58485,10
12.9992599487,80.2484664917,58485,58495,10
13.0005702972,80.2481613159,58495,58505,10
13.0019197464,80.2478179932,58505,58516,11
13.002820015,80.2476119995,58516,58526,10
13.0038795471,80.2474365234,58526,58536,10
13.0049200058,80.2473068237,58536,58546,10
13.0058002472,80.2471084595,58546,58556,10
13.0064296722,80.2466583252,58556,58566,10
13.0065498352,80.2463607788,58566,58576,10
13.0065498352,80.2463226318,58576,58586,10
13.0066003799,80.24584198,58586,58596,10
13.0066003799,80.2450485229,58596,58607,11
13.0066003799,80.2441635132,58607,58617,10
13.0066003799,80.2434692383,58617,58627,10
13.0065603256,80.2427215576,58627,58637,10
13.0065498352,80.2417602539,58637,58647,10
13.0066299438,80.2405166626,58647,58677,30
13.0066299438,80.2405166626,58677,58687,10
13.0066995621,80.240272522,58687,58698,11
13.0068397522,80.2396621704,58698,58708,10
13.0070199966,80.2388000488,58708,58718,10
13.0072202682,80.2378234863,58718,58728,10
13.0073604584,80.2370071411,58728,58738,10
13.007399559,80.2367019653,58738,58748,10
13.0074396133,80.2365875244,58748,58758,10
13.0075798035,80.236038208,58758,58768,10
13.0077495575,80.2351989746,58768,58779,11
13.0079603195,80.2341384888,58779,58789,10
13.0081996918,80.232963562,58789,58799,10
13.0084400177,80.2317123413,58799,58809,10
13.0086603165,80.2304763794,58809,58819,10
13.008939743,80.2291564941,58819,58829,10
13.0092802048,80.2278900146,58829,58838,9
13.0097799301,80.2268218994,58838,58849,11
13.0102796555,80.225769043,58849,58859,10
13.010430336,80.2255325317,58859,58870,11
13.0105800629,80.2252120972,58870,58880,10
13.0107898712,80.2247161865,58880,58890,10
13.011059761,80.2240982056,58890,58900,10
13.0112304688,80.2237167358,58900,58910,10
13.0114603043,80.2231521606,58910,58920,10
13.011759758,80.2223205566,58920,58930,10
13.0122203827,80.2215499878,58930,58940,10
13.0125303268,80.2218780518,58940,58950,10
13.0132198334,80.2226409912,58950,58961,11
13.0139102936,80.2233200073,58961,58971,10
13.0141401291,80.2235336304,58971,58981,10
13.0143995285,80.2237472534,58981,58991,10
13.0149497986,80.2244415283,58991,59001,10
13.0154600143,80.2249832153,59001,59011,10
13.0154895782,80.2249298096,59011,59021,10
13.0158195496,80.2252578735,59021,59031,10
13.0164203644,80.2253189087,59031,59041,10
13.0171499252,80.2250595093,59041,59052,11
13.0180101395,80.2247314453,59052,59062,10
13.0192203522,80.2243423462,59062,59082,20
13.0192203522,80.2243423462,59082,59092,10
13.0193996429,80.2243881226,59092,59102,10
13.019610405,80.2244491577,59102,59112,10
13.0198001862,80.2246017456,59112,59122,10
13.0202598572,80.224937439,59122,59132,10
13.0207500458,80.2252883911,59132,59143,11
13.0213098526,80.2257385254,59143,59153,10
13.0219202042,80.2261581421,59153,59163,10
13.0222702026,80.2263793945,59163,59630,467
13.0222702026,80.2263793945,59630,59640,10
13.0224199295,80.2266082764,59640,59650,10
13.0227603912,80.2268981934,59650,59660,10
13.0233402252,80.2274398804,59660,59671,11
13.0240001678,80.2280502319,59671,59681,10
13.0243997574,80.2284011841,59681,59691,10
13.0242595673,80.2285690308,59691,59701,10
13.0238599777,80.2280807495,59701,59711,10
13.0235204697,80.2277679443,59711,59751,40
13.0232095718,80.2275238037,59751,59772,21
13.0232095718,80.2275238037,59772,59782,10
13.023059845,80.2273712158,59782,59792,10
13.0227203369,80.2270278931,59792,59802,10
13.0222702026,80.2266235352,59802,59812,10
13.0216398239,80.2261123657,59812,59822,10
13.0209999084,80.2256164551,59822,59832,10
13.0205097198,80.2252807617,59832,59842,10
13.0204601288,80.2252502441,59842,59852,10
13.0203199387,80.2251586914,59852,59863,11
13.0198602676,80.2248306274,59863,59873,10
13.0191898346,80.2245407104,59873,59883,10
13.0183200836,80.2247161865,59883,59893,10
13.017490387,80.2250366211,59893,59903,10
13.0167398453,80.2253417969,59903,59913,10
13.0163202286,80.2255096436,59913,59923,10
13.0157804489,80.225692749,59923,59933,10
13.0152597427,80.2258987427,59933,59943,10
13.0149202347,80.2260437012,59943,59954,11
13.0145597458,80.2261810303,59954,59964,10
13.014380455,80.2262496948,59964,59974,10
13.0142002106,80.2263031006,59974,59984,10
13.0136003494,80.2265090942,59984,59994,10
13.0127000809,80.2268600464,59994,60004,10
13.0117502213,80.2272567749,60004,60014,10
13.0107498169,80.2276535034,60014,60024,10
13.0096101761,80.2281265259,60024,60034,10
13.0090503693,80.2290115356,60034,60045,11
13.0088300705,80.2302932739,60045,60055,10
13.0086603165,80.2313766479,60055,60065,10
13.0083904266,80.2326812744,60065,60075,10
13.0082397461,80.2336273193,60075,60085,10
13.008190155,80.2337493896,60085,60095,10
13.0080699921,80.2343215942,60095,60105,10
13.0078601837,80.2352905273,60105,60115,10
13.0076503754,80.2364501953,60115,60125,10
13.0074396133,80.2375869751,60125,60136,11
13.0072603226,80.23853302,60136,60146,10
13.0071001053,80.2393035889,60146,60156,10
13.0069904327,80.2397384644,60156,60186,30
13.0069904327,80.2397384644,60186,60196,10
13.0069799423,80.240196228,60196,60237,41
13.0069799423,80.240196228,60237,60247,10
13.0068998337,80.2405700684,60247,60257,10
13.0067195892,80.2412185669,60257,60265,8
13.0067100525,80.2420120239,60265,60277,12
13.0067300797,80.2431182861,60277,60287,10
13.0067396164,80.2438812256,60287,60297,10
13.0067501068,80.244682312,60297,60307,10
13.0067195892,80.2450790405,60307,60318,11
13.0067396164,80.2458190918,60318,60328,10
13.0067796707,80.246383667,60328,60338,10
13.0067796707,80.2465209961,60338,60348,10
13.0067796707,80.2468109131,60348,60358,10
13.0067996979,80.2470092773,60358,60368,10
13.0065603256,80.2474136353,60368,60378,10
13.006070137,80.2474136353,60378,60388,10
13.0060100555,80.2474212646,60388,60398,10
13.0054302216,80.2473983765,60398,60409,11
13.0043001175,80.247467041,60409,60419,10
13.0030603409,80.2476501465,60419,60429,10
13.001999855,80.2478637695,60429,60439,10
13.0008802414,80.2481384277,60439,60449,10
12.9995803833,80.2484588623,60449,60459,10
12.9982795715,80.2487869263,60459,60469,10
12.9975595474,80.2490005493,60469,60479,10
12.9974098206,80.2490386963,60479,60489,10
12.9970598221,80.2491073608,60489,60500,11
12.9960403442,80.2493667603,60500,60510,10
12.994799614,80.2496871948,60510,60520,10
12.9933900833,80.2500534058,60520,60530,10
12.991979599,80.2503967285,60530,60540,10
12.9912595749,80.2506027222,60540,60550,10
12.9910097122,80.2506637573,60550,60560,10
12.9902095795,80.2508392334,60560,60570,10
12.9893798828,80.2510299683,60570,60581,11
12.9882097244,80.251411438,60581,60722,141
12.9882097244,80.251411438,60722,60732,10
12.9881095886,80.2514419556,60732,60742,10
12.987739563,80.2515106201,60742,60752,10
12.9871997833,80.2516479492,60752,60763,11
12.9868602753,80.2517471313,60763,60773,10
12.986240387,80.2518997192,60773,60783,10
12.9852600098,80.2521209717,60783,60793,10
12.9841403961,80.2524185181,60793,60803,10
12.9829797745,80.2526626587,60803,60813,10
12.9816398621,80.2527084351,60813,60823,10
12.980629921,80.2527694702,60823,60833,10
12.9800395966,80.2528305054,60833,60843,10
12.9794902802,80.252746582,60843,60854,11
12.9786195755,80.2526016235,60854,60864,10
12.9785804749,80.2525787354,60864,60874,10
12.9783401489,80.2524185181,60874,60884,10
12.9777402878,80.2519378662,60884,60894,10
12.9767198563,80.2513198853,60894,60904,10
12.9753799438,80.2509231567,60904,60914,10
12.9739599228,80.2505187988,60914,60924,10
12.9725799561,80.2501525879,60924,60934,10
12.9712200165,80.249786377,60934,60945,11
12.9698801041,80.2493209839,60945,60955,10
12.968629837,80.2488327026,60955,60965,10
12.967499733,80.2483825684,60965,60975,10
12.9666795731,80.2479782104,60975,60985,10
12.9655704498,80.2475204468,60985,60995,10
12.9644002914,80.2471237183,60995,61005,10
12.9638900757,80.2469406128,61005,61015,10
12.963470459,80.2467498779,61015,61025,10
12.9625997543,80.2463226318,61025,61036,11
12.9615097046,80.2457809448,61036,61046,10
12.9605998993,80.2453384399,61046,61056,10
12.9597597122,80.2449798584,61056,61066,10
12.9596099854,80.2449188232,61066,61076,10
12.9592399597,80.2447128296,61076,61086,10
12.9584598541,80.2443618774,61086,61096,10
12.95773983,80.2440567017,61096,61106,10
12.956489563,80.2436523438,61106,61187,81
12.956489563,80.2436523438,61187,61197,10
12.9560403824,80.2434234619,61197,61207,10
12.9552602768,80.243057251,61207,61218,11
12.954199791,80.2425918579,61218,61228,10
12.9530801773,80.2421417236,61228,61238,10
12.9519500732,80.2417373657,61238,61248,10
12.9513597488,80.2415390015,61248,61258,10
12.9505996704,80.2413024902,61258,61268,10
12.9496202469,80.2410125732,61268,61278,10
12.9486398697,80.2406234741,61278,61288,10
12.9476699829,80.2402191162,61288,61298,10
12.9470596313,80.2399597168,61298,61309,11
12.9467096329,80.2398834229,61309,61319,10
12.9464702606,80.2397689819,61319,61329,10
12.9457101822,80.2394332886,61329,61339,10
12.9449701309,80.2388916016,61339,61349,10
12.9441795349,80.2380371094,61349,61359,10
12.9432897568,80.2370986938,61359,61369,10
12.9421596527,80.2364196777,61369,61379,10
12.9410495758,80.2361373901,61379,61390,11
12.9398403168,80.2358093262,61390,61410,20
12.9398403168,80.2358093262,61410,61420,10
12.9395799637,80.2356796265,61420,61430,10
12.9390201569,80.2353973389,61430,61440,10
12.9378099442,80.2348022461,61440,61450,10
12.9365797043,80.2342071533,61450,61460,10
12.9353399277,80.2336273193,61460,61470,10
12.9341602325,80.2331237793,61470,61480,10
12.9338903427,80.2330093384,61480,61491,11
12.9333400726,80.232749939,61491,61501,10
12.9323997498,80.2323608398,61501,61511,10
12.9312000275,80.2319335938,61511,61521,10
12.9298200607,80.2315597534,61521,61531,10
12.9283599854,80.2312774658,61531,61541,10
12.9268198013,80.2311019897,61541,61551,10
12.925239563,80.2309112549,61551,61561,10
12.9237098694,80.23072052,61561,61571,10
12.9221801758,80.2304992676,61571,61582,11
12.9203500748,80.2302627563,61582,61592,10
12.9186897278,80.2300415039,61592,61602,10
12.9171199799,80.2298431396,61602,61612,10
12.915599823,80.2296218872,61612,61622,10
12.9141197205,80.2294235229,61622,61632,10
12.9132299423,80.229347229,61632,61642,10
12.913189888,80.2293395996,61642,61652,10
12.912779808,80.2292480469,61652,61663,11
12.9121103287,80.2291564941,61663,61673,10
12.9109802246,80.2289962769,61673,61683,10
12.9097795486,80.2288208008,61683,61693,10
12.9084997177,80.2285995483,61693,61703,10
12.906999588,80.2283935547,61703,61743,40
12.906999588,80.2283935547,61743,61754,11
12.9069099426,80.2283630371,61754,61764,10
12.9063501358,80.2282562256,61764,61774,10
12.9054803848,80.2282180786,61774,61784,10
12.904299736,80.2281570435,61784,61794,10
12.9030303955,80.2281036377,61794,61804,10
12.9019098282,80.2280502319,61804,61814,10
12.9011001587,80.2280502319,61814,61865,51
12.9011001587,80.2280502319,61865,61875,10
12.9009304047,80.2279968262,61875,61885,10
12.9003696442,80.2279586792,61885,61895,10
12.8996496201,80.2279205322,61895,61905,10
12.8989801407,80.227897644,61905,61915,10
12.8986501694,80.2279205322,61915,61925,10
12.8985700607,80.2279205322,61925,61935,10
12.8980302811,80.2278366089,61935,61946,11
12.89702034,80.2277832031,61946,61956,10
12.8959102631,80.227722168,61956,61966,10
12.8948202133,80.2276763916,61966,61976,10
12.8936195374,80.2275772095,61976,61986,10
12.8926496506,80.2274475098,61986,61996,10
12.891869545,80.2274017334,61996,62006,10
12.8908395767,80.2273788452,62006,62016,10
12.8895902634,80.2273788452,62016,62026,10
12.8882799149,80.2273635864,62026,62037,11
12.8868999481,80.227180481,62037,62047,10
12.8856401443,80.2268829346,62047,62057,10
12.8848199844,80.2267837524,62057,62067,10
12.8846597672,80.2267684937,62067,62077,10
12.8840398788,80.2267608643,62077,62087,10
12.8830404282,80.2267684937,62087,62097,10
12.8818302155,80.2267684937,62097,62107,10
12.8804597855,80.2267837524,62107,62117,10
12.8790502548,80.2267990112,62117,62128,11
12.8774700165,80.2268981934,62128,62138,10
12.8765096664,80.2269973755,62138,62148,10
12.8760404587,80.2269973755,62148,62158,10
12.8751401901,80.2269363403,62158,62168,10
12.8739595413,80.2267990112,62168,62178,10
12.872759819,80.2267303467,62178,62188,10
12.8715400696,80.2266921997,62188,62198,10
12.87018013,80.226600647,62198,62208,10
12.8687696457,80.2264480591,62208,62219,11
12.8672199249,80.2265014648,62219,62229,10
12.8658504486,80.2266311646,62229,62239,10
12.8644800186,80.226600647,62239,62249,10
12.8631296158,80.2265625,62249,62259,10
12.8617801666,80.2266235352,62259,62269,10
12.8609199524,80.2266311646,62269,62279,10
12.8608999252,80.2266311646,62279,62289,10
12.8604698181,80.2265930176,62289,62299,10
12.8596200943,80.2264480591,62299,62310,11
12.8586797714,80.2263183594,62310,62320,10
12.8578500748,80.2262802124,62320,62330,10
12.8567495346,80.2263565063,62330,62340,10
12.8555498123,80.2264785767,62340,62350,10
12.8542404175,80.2266235352,62350,62360,10
12.8530197144,80.2267227173,62360,62370,10
12.8517904282,80.2266693115,62370,62380,10
12.8504104614,80.2266235352,62380,62390,10
12.8490600586,80.226600647,62390,62401,11
12.8475198746,80.2266311646,62401,62411,10
12.8463001251,80.2266235352,62411,62421,10
12.8456001282,80.2266235352,62421,62431,10
12.8452501297,80.2266464233,62431,62441,10
12.8452596664,80.2266464233,62441,62451,10
12.8448896408,80.2266616821,62451,62461,10
12.8441095352,80.2267227173,62461,62471,10
12.8430299759,80.2268829346,62471,62481,10
12.8417701721,80.2271728516,62481,62492,11
12.8404197693,80.2275238037,62492,62502,10
12.8397397995,80.2276992798,62502,62542,40
12.8397397995,80.2276992798,62542,62552,10
12.8395004272,80.2277679443,62552,62562,10
12.8388595581,80.2279510498,62562,62573,11
12.8378400803,80.228187561,62573,62583,10
12.8367004395,80.2283935547,62583,62593,10
12.8353996277,80.2285919189,62593,62603,10
12.8340396881,80.2288208008,62603,62613,10
12.8327798843,80.229057312,62613,62623,10
12.8319702148,80.2292404175,62623,62633,10
12.8311004639,80.2294464111,62633,62643,10
12.8299598694,80.2298736572,62643,62653,10
12.8287801743,80.2303695679,62653,62664,11
12.8276500702,80.2309799194,62664,62674,10
12.8265600204,80.2313690186,62674,62684,10
12.8260297775,80.2314071655,62684,62694,10
12.8251495361,80.2314376831,62694,62704,10
12.8240203857,80.2312393188,62704,62714,10
12.8227796555,80.2308731079,62714,62724,10
12.8216400146,80.2305374146,62724,62734,10
12.8206596375,80.23046875,62734,62744,10
12.8198204041,80.2304992676,62744,62755,11
12.8191404343,80.2305297852,62755,62765,10
12.818980217,80.2305221558,62765,62775,10
12.8183803558,80.2302780151,62775,62785,10
12.8175897598,80.2298736572,62785,62795,10
12.816570282,80.2295303345,62795,62805,10
12.8154201508,80.229347229,62805,62815,10
12.8141298294,80.2291412354,62815,62825,10
12.8128499985,80.2287521362,62825,62835,10
12.8115997314,80.228302002,62835,62846,11
12.8102703094,80.2277832031,62846,62856,10
12.8091897964,80.2272415161,62856,62866,10
12.8082704544,80.2265319824,62866,62876,10
12.8074598312,80.2258300781,62876,62886,10
12.8068599701,80.2253112793,62886,62896,10
12.8062801361,80.2247924805,62896,62906,10
12.8056898117,80.224281311,62906,62916,10
12.8055295944,80.2241668701,62916,62926,10
12.8054704666,80.2241287231,62926,62937,11
12.8052301407,80.2240524292,62937,62947,10
12.8047103882,80.2239379883,62947,62957,10
12.8041200638,80.2238998413,62957,62967,10
12.8034801483,80.2238311768,62967,62977,10
12.8025798798,80.2237319946,62977,62987,10
12.8016300201,80.2236175537,62987,62997,10
12.8008403778,80.2235565186,62997,63007,10
12.8000097275,80.2235031128,63007,63017,10
12.7990503311,80.2234268188,63017,63028,11
12.7977800369,80.2232894897,63028,63038,10
12.7967100143,80.2230911255,63038,63048,10
12.7961196899,80.2229919434,63048,63058,10
12.7960700989,80.2229919434,63058,63068,10
12.7955904007,80.2228622437,63068,63078,10
12.7948904037,80.2227401733,63078,63088,10
12.7939901352,80.2226104736,63088,63098,10
12.7928695679,80.2224731445,63098,63109,11
12.7919597626,80.2222824097,63109,63119,10
12.791179657,80.2220611572,63119,63129,10
12.7902803421,80.2218322754,63129,63139,10
12.7896404266,80.2216567993,63139,63149,10
12.7890396118,80.2213973999,63149,63159,10
12.7883901596,80.2211532593,63159,63169,10
12.7877101898,80.2209014893,63169,63179,10
12.7871398926,80.2206802368,63179,63189,10
12.7866802216,80.220489502,63189,63230,41
12.7866802216,80.220489502,63230,63240,10
12.7863197327,80.2203674316,63240,63260,20
12.7863197327,80.2203674316,63260,63270,10
12.7861700058,80.2204971313,63270,63280,10
12.7861995697,80.220993042,63280,63291,11
12.786239624,80.2216567993,63291,63361,70
12.786239624,80.222038269,63361,63513,152
12.786239624,80.222038269,63513,63523,10
12.7863397598,80.2221298218,63523,63776,253
12.7863397598,80.2221298218,63776,63786,10
12.7863702774,80.2219161987,63786,63796,10
12.7862596512,80.2214431763,63796,63806,10
12.7862195969,80.2211303711,63806,63816,10
12.786190033,80.2208480835,63816,63847,31
12.786190033,80.2208480835,63847,63857,10
12.7861499786,80.2206115723,63857,63867,10
12.7861604691,80.2204589844,63867,63877,10
12.7864303589,80.2204437256,63877,63907,30
12.7864303589,80.2204437256,63907,63917,10
12.7867498398,80.2205810547,63917,63928,11
12.7874298096,80.2208404541,63928,63938,10
12.7881498337,80.2210998535,63938,63948,10
12.7890195847,80.2214431763,63948,63958,10
12.7896795273,80.2216567993,63958,63968,10
12.7899503708,80.2217483521,63968,63978,10
12.790430069,80.2218780518,63978,63988,10
12.7912397385,80.2220687866,63988,63998,10
12.7922697067,80.2223129272,63998,64008,10
12.7933197021,80.2225189209,64008,64019,11
12.7945404053,80.2227020264,64019,64029,10
12.7956199646,80.222869873,64029,64039,10
12.7962999344,80.2229614258,64039,64049,10
12.7963199615,80.2229690552,64049,64059,10
12.7964496613,80.2229995728,64059,64069,10
12.7967796326,80.2230682373,64069,64079,10
12.7974395752,80.223197937,64079,64089,10
12.7983398438,80.2233200073,64089,64099,10
12.7993402481,80.2234191895,64099,64110,11
12.8005800247,80.2235336304,64110,64120,10
12.8014001846,80.2235794067,64120,64130,10
12.8014802933,80.2236022949,64130,64140,10
12.8020000458,80.2236633301,64140,64150,10
12.8027896881,80.2237701416,64150,64160,10
12.8035697937,80.2238616943,64160,64170,10
12.8044595718,80.2239303589,64170,64180,10
12.8050899506,80.2240066528,64180,64190,10
12.8055200577,80.2241363525,64190,64201,11
12.8055801392,80.2241592407,64201,64211,10
12.8058996201,80.2244033813,64211,64221,10
12.8064699173,80.224899292,64221,64231,10
12.8072099686,80.2255630493,64231,64241,10
12.8079996109,80.2261810303,64241,64251,10
12.8087301254,80.2268218994,64251,64261,10
12.809630394,80.2274627686,64261,64271,10
12.8107299805,80.2279434204,64271,64281,10
12.8118696213,80.2283782959,64281,64292,11
12.8131504059,80.2288284302,64292,64302,10
12.8143596649,80.2291793823,64302,64312,10
12.8156404495,80.2293701172,64312,64322,10
12.816860199,80.2295837402,64322,64332,10
12.8180398941,80.2300491333,64332,64342,10
12.8192195892,80.2304763794,64342,64352,10
12.8197402954,80.2304534912,64352,64362,10
12.8197603226,80.2304611206,64362,64372,10
12.8202199936,80.2304534912,64372,64383,11
12.8211202621,80.2304382324,64383,64393,10
12.8220901489,80.2305984497,64393,64403,10
12.8231801987,80.2309417725,64403,64413,10
12.8243198395,80.2312316895,64413,64423,10
12.8255996704,80.2313766479,64423,64433,10
12.8270301819,80.2312393188,64433,64443,10
12.8283596039,80.2305603027,64443,64453,10
12.8297300339,80.229927063,64453,64464,11
12.8310699463,80.2293624878,64464,64484,20
12.8310699463,80.2293624878,64484,64494,10
12.8313703537,80.2293014526,64494,64504,10
12.831410408,80.2292785645,64504,64514,10
12.8316001892,80.2292175293,64514,64524,10
12.8318004608,80.2291412354,64524,64534,10
12.8319101334,80.2291183472,64534,64544,10
12.8319597244,80.2291030884,64544,64555,11
12.8325195313,80.2289962769,64555,64565,10
12.8334503174,80.2288284302,64565,64575,10
12.8346004486,80.2286300659,64575,64585,10
12.8358001709,80.2284393311,64585,64595,10
12.8368501663,80.2282714844,64595,64605,10
12.8374099731,80.2281723022,64605,64615,10
12.8374595642,80.2281723022,64615,64625,10
12.8376598358,80.2281417847,64625,64635,10
12.8378000259,80.2281112671,64635,64645,10
12.8379802704,80.2280807495,64645,64656,11
12.8381004333,80.2280273438,64656,64666,10
12.8383398056,80.2279663086,64666,64716,50
12.8387403488,80.2278823853,64716,64757,41
12.8387403488,80.2278823853,64757,64767,10
12.8390798569,80.2277679443,64767,64807,40
12.8390798569,80.2277679443,64807,64817,10
12.8393201828,80.2276611328,64817,64828,11
12.8394804001,80.2276229858,64828,64838,10
12.8396997452,80.2275466919,64838,64848,10
12.8403701782,80.2274475098,64848,64858,10
12.8413000107,80.2272033691,64858,64868,10
12.8423099518,80.2269592285,64868,64878,10
12.8433599472,80.2267608643,64878,64888,10
12.8442802429,80.2266387939,64888,64898,10
12.8451004028,80.2265701294,64898,64919,21
12.8451004028,80.2265701294,64919,64929,10
12.8451900482,80.2265701294,64929,64939,10
12.8454799652,80.2265625,64939,64949,10
12.8455400467,80.2265472412,64949,64959,10
12.8456401825,80.2265396118,64959,64969,10
12.8458795547,80.2265472412,64969,64979,10
12.8464298248,80.2265396118,64979,64989,10
12.8471698761,80.2265396118,64989,64999,10
12.8479995728,80.2265319824,64999,65010,11
12.849029541,80.2265167236,65010,65020,10
12.8500404358,80.2265014648,65020,65040,20
12.8500404358,80.2265014648,65040,65050,10
12.8501996994,80.2265167236,65050,65060,10
12.8507003784,80.2265319824,65060,65070,10
12.8514204025,80.2265625,65070,65080,10
12.8522396088,80.226600647,65080,65090,10
12.8532400131,80.2266082764,65090,65101,11
12.8541603088,80.2265167236,65101,65111,10
12.855050087,80.2264175415,65111,65121,10
12.8557901382,80.2263412476,65121,65131,10
12.8560600281,80.2263183594,65131,65171,40
12.8560600281,80.2263183594,65171,65181,10
12.8564500809,80.2262802124,65181,65192,11
12.8570299149,80.2262268066,65192,65202,10
12.8577699661,80.2261810303,65202,65212,10
12.8581399918,80.2261810303,65212,65222,10
12.8586196899,80.2262268066,65222,65232,10
12.8594503403,80.2263412476,65232,65242,10
12.8603801727,80.2264709473,65242,65252,10
12.8610601425,80.2265625,65252,65262,10
12.8619604111,80.2265396118,65262,65272,10
12.8630895615,80.2264862061,65272,65283,11
12.8645000458,80.2265396118,65283,65293,10
12.8656702042,80.2265625,65293,65303,10
12.8663797379,80.2265014648,65303,65313,10
12.8671798706,80.2264404297,65313,65323,10
12.8682603836,80.2263565063,65323,65333,10
12.8694601059,80.2264633179,65333,65343,10
12.8706102371,80.2265930176,65343,65353,10
12.871720314,80.2266387939,65353,65364,11
12.8726902008,80.2266235352,65364,65374,10
12.8727998734,80.2266311646,65374,65384,10
12.8732204437,80.2266387939,65384,65394,10
12.8739995956,80.2266998291,65394,65404,10
12.8750095367,80.2268295288,65404,65414,10
12.8760204315,80.2268829346,65414,65434,20
12.8760204315,80.2268829346,65434,65444,10
12.8762798309,80.2268829346,65444,65454,10
12.8766002655,80.2268829346,65454,65465,11
12.8767700195,80.2268829346,65465,65475,10
12.877289772,80.226852417,65475,65485,10
12.8780603409,80.2267913818,65485,65495,10
12.8790597916,80.2267227173,65495,65505,10
12.8801898956,80.2266921997,65505,65515,10
12.8813695908,80.2266693115,65515,65525,10
12.8825597763,80.2266616821,65525,65535,10
12.883769989,80.2266387939,65535,65545,10
12.8847703934,80.2266235352,65545,65556,11
12.885219574,80.2266464233,65556,65566,10
12.885310173,80.2266693115,65566,65576,10
12.8858604431,80.2267990112,65576,65586,10
12.8866996765,80.2270278931,65586,65596,10
12.8877096176,80.2272109985,65596,65606,10
12.8888597488,80.2272872925,65606,65616,10
12.8901195526,80.2272872925,65616,65626,10
12.8914003372,80.2273025513,65626,65636,10
12.8924798965,80.2273330688,65636,65647,11
12.8936395645,80.2274703979,65647,65657,10
12.8945398331,80.2275619507,65657,65667,10
12.8954696655,80.2276229858,65667,65677,10
12.8965501785,80.2276382446,65677,65687,10
12.8974504471,80.2276611328,65687,65707,20
12.8974504471,80.2276611328,65707,65717,10
12.8977203369,80.2276763916,65717,65727,10
12.8978796005,80.2276763916,65727,65738,11
12.898059845,80.2276992798,65738,65748,10
12.8982200623,80.227722168,65748,65758,10
12.8983697891,80.227722168,65758,65768,10
12.8986196518,80.2277374268,65768,65778,10
12.8989896774,80.2277679443,65778,65788,10
12.8994998932,80.2278137207,65788,65798,10
12.9000196457,80.2278518677,65798,65808,10
12.9006299973,80.227897644,65808,65819,11
12.9012403488,80.2279205322,65819,65829,10
12.901889801,80.2279434204,65829,65839,10
12.9024600983,80.2279586792,65839,65849,10
12.9025297165,80.2279663086,65849,65859,10
12.9026298523,80.2279891968,65859,65869,10
12.9030599594,80.228012085,65869,65879,10
12.9037399292,80.2280426025,65879,65889,10
12.9044399261,80.2280807495,65889,65899,10
12.9050197601,80.2281036377,65899,65909,10
12.9052495956,80.2281188965,65909,65980,71
12.9052495956,80.2281188965,65980,65990,10
12.9054803848,80.2281417847,65990,66000,10
12.9057998657,80.2281570435,66000,66011,11
12.9061098099,80.228187561,66011,66021,10
12.9063196182,80.2282104492,66021,66031,10
12.9065103531,80.2282333374,66031,66041,10
12.9066095352,80.2282180786,66041,66051,10
12.9070196152,80.2282791138,66051,66061,10
12.9077796936,80.2283782959,66061,66071,10
12.9087696075,80.2285385132,66071,66081,10
12.9099197388,80.2287368774,66081,66092,11
12.9112596512,80.2289581299,66092,66102,10
12.9120197296,80.2290725708,66102,66112,10
12.9128599167,80.2291793823,66112,66122,10
12.913599968,80.2292327881,66122,66152,30
12.913599968,80.2292327881,66152,66162,10
12.9138402939,80.2292785645,66162,66172,10
12.9142799377,80.2293624878,66172,66183,11
12.9151697159,80.2295227051,66183,66193,10
12.916270256,80.2296829224,66193,66203,10
12.9170303345,80.2297592163,66203,66213,10
12.9177904129,80.229888916,66213,66223,10
12.9188699722,80.2300262451,66223,66233,10
12.920129776,80.2301864624,66233,66243,10
12.9215602875,80.2303619385,66243,66253,10
12.9230604172,80.2305908203,66253,66263,10
12.9245300293,80.2307815552,66263,66274,11
12.9259300232,80.2309188843,66274,66284,10
12.926320076,80.2309570313,66284,66294,10
12.9265804291,80.2309875488,66294,66304,10
12.9273004532,80.2310791016,66304,66314,10
12.9279899597,80.2311935425,66314,66324,10
12.9283399582,80.2312393188,66324,66334,10
12.9287996292,80.2313232422,66334,66344,10
12.9292802811,80.2314224243,66344,66354,10
12.9300403595,80.2315979004,66354,66365,11
12.9310703278,80.231880188,66365,66375,10
12.9321603775,80.2322235107,66375,66385,10
12.9331598282,80.2325668335,66385,66395,10
12.9333600998,80.2326507568,66395,66405,10
12.9336004257,80.2327575684,66405,66415,10
12.9342002869,80.233039856,66415,66425,10
12.9350004196,80.2333908081,66425,66435,10
12.935500145,80.2335968018,66435,66445,10
12.9356002808,80.2336425781,66445,66456,11
12.93612957,80.2339019775,66456,66466,10
12.9369401932,80.2342834473,66466,66476,10
12.9379396439,80.2347793579,66476,66486,10
12.9389801025,80.2352828979,66486,66496,10
12.939450264,80.2355117798,66496,66506,10
12.9394598007,80.2355194092,66506,66516,10
12.9397201538,80.2356491089,66516,66526,10
12.9404201508,80.2359008789,66526,66536,10
12.9413499832,80.2361373901,66536,66547,11
12.9423398972,80.2363967896,66547,66558,11
12.9432697296,80.2369537354,66558,66568,10
12.9437999725,80.2375106812,66568,66578,10
12.9443702698,80.2381286621,66578,66588,10
12.9449100494,80.2387313843,66588,66598,10
12.9453401566,80.2391204834,66598,66608,10
12.9458503723,80.2393875122,66608,66617,9
12.9460601807,80.2394638062,66617,66628,11
12.9462499619,80.2395172119,66628,66639,11
12.9463796616,80.2395706177,66639,66649,10
12.9464502335,80.2395935059,66649,66730,81
12.9464502335,80.2395935059,66730,66740,10
12.9466295242,80.2396697998,66740,66750,10
12.9468297958,80.2397689819,66750,66760,10
12.9469604492,80.2398071289,66760,66770,10
12.9471502304,80.2398986816,66770,66780,10
12.9476203918,80.2400970459,66780,66790,10
12.9480400085,80.2402801514,66790,66800,10
12.9484901428,80.2404632568,66800,66922,122
12.9484901428,80.2404632568,66922,66932,10
12.9486703873,80.2405166626,66932,66942,10
12.9488401413,80.2406005859,66942,66952,10
12.9492998123,80.2407836914,66952,66962,10
12.9498796463,80.2409667969,66962,66972,10
12.9505796432,80.2411727905,66972,66983,11
12.9510402679,80.2413101196,66983,66993,10
12.9511098862,80.2413406372,66993,67003,10
12.951499939,80.2414779663,67003,67013,10
12.9520101547,80.2416687012,67013,67023,10
12.9526996613,80.2419433594,67023,67033,10
12.9535799026,80.2422790527,67033,67043,10
12.9542398453,80.2425384521,67043,67053,10
12.9547901154,80.2427368164,67053,67063,10
12.9557304382,80.243057251,67063,67074,11
12.9562702179,80.2432327271,67074,67084,10
12.9563398361,80.2432632446,67084,67094,10
12.9566001892,80.2433624268,67094,67104,10
12.957280159,80.2437210083,67104,67114,10
12.9580698013,80.2440795898,67114,67124,10
12.9586896896,80.2443389893,67124,67134,10
12.9588003159,80.2443771362,67134,67144,10
12.9590702057,80.2444992065,67144,67154,10
12.9596996307,80.2448120117,67154,67164,10
12.9606103897,80.2452163696,67164,67175,11
12.9617700577,80.2457809448,67175,67185,10
12.9625797272,80.2461395264,67185,67245,60
12.9625797272,80.2461395264,67245,67255,10
12.9629297256,80.2462615967,67255,67266,11
12.963350296,80.2464599609,67266,67276,10
12.9637403488,80.2466583252,67276,67286,10
12.9642400742,80.246887207,67286,67296,10
12.9648704529,80.2471237183,67296,67306,10
12.9656496048,80.2473831177,67306,67316,10
12.9662799835,80.2476272583,67316,67326,10
12.9665203094,80.2477264404,67326,67336,10
12.9667100906,80.247833252,67336,67346,10
12.9667196274,80.247833252,67346,67357,11
12.966799736,80.2478790283,67357,67367,10
12.9671297073,80.2480773926,67367,67377,10
12.9677000046,80.2483596802,67377,67387,10
12.9685897827,80.2487106323,67387,67397,10
12.9696702957,80.249130249,67397,67407,10
12.9706497192,80.24949646,67407,67417,10
12.971570015,80.2497711182,67417,67427,10
12.9726400375,80.2500610352,67427,67437,10
12.9736099243,80.2502975464,67437,67448,11
12.9744997025,80.2505569458,67448,67458,10
12.9754495621,80.2508392334,67458,67468,10
12.9765701294,80.2511825562,67468,67478,10
12.9775896072,80.2516174316,67478,67488,10
12.9785804749,80.2523422241,67488,67518,30
12.9785804749,80.2523422241,67518,67528,10
12.9788398743,80.252456665,67528,67559,31
12.9788398743,80.252456665,67559,67569,10
12.9789896011,80.2525024414,67569,67579,10
12.9794902802,80.252571106,67579,67589,10
12.9799804688,80.2526092529,67589,67599,10
12.980629921,80.2526168823,67599,67609,10
12.9815597534,80.2525863647,67609,67619,10
12.9828901291,80.252532959,67619,67630,11
12.9840402603,80.2522964478,67630,67640,10
12.9851198196,80.2519989014,67640,67670,30
12.9851198196,80.2519989014,67670,67680,10
12.9852199554,80.251953125,67680,67690,10
12.9854898453,80.2518768311,67690,67700,10
12.9858598709,80.2517700195,67700,67711,11
12.9864597321,80.2516174316,67711,68014,303
12.9864597321,80.2516174316,68014,68024,10
12.9865999222,80.2516021729,68024,68034,10
12.9869298935,80.2515182495,68034,68044,10
12.9872102737,80.2514266968,68044,68054,10
12.9876098633,80.2513122559,68054,68064,10
12.9881801605,80.2511978149,68064,68075,11
12.9891300201,80.2509307861,68075,68085,10
12.9893798828,80.2508621216,68085,68095,10
12.9894104004,80.2508468628,68095,68105,10
12.989780426,80.2507705688,68105,68115,10
12.9903802872,80.250617981,68115,68125,10
12.9912004471,80.2504196167,68125,68135,10
12.9919595718,80.2502365112,68135,68145,10
12.9926595688,80.2500686646,68145,68155,10
12.9934597015,80.2498626709,68155,68166,11
12.9944496155,80.2496109009,68166,68176,10
12.9954395294,80.2493591309,68176,68186,10
12.9963302612,80.2491073608,68186,68196,10
12.9968004227,80.2489700317,68196,68206,10
12.9969596863,80.2489624023,68206,68216,10
12.9975204468,80.2488327026,68216,68226,10
12.998339653,80.248626709,68226,68236,10
12.9992799759,80.2483978271,68236,68246,10
13.0003099442,80.2481536865,68246,68257,11
13.0011901855,80.2479324341,68257,68267,10
13.0018396378,80.2477722168,68267,68277,10
13.0022697449,80.2476577759,68277,68287,10
13.0029096603,80.247543335,68287,68297,10
13.0037202835,80.2473983765,68297,68307,10
13.0045795441,80.2472915649,68307,68317,10
13.0054397583,80.2471466064,68317,68327,10
13.006070137,80.2469329834,68327,68337,10
13.0063695908,80.2466201782,68337,68348,11
13.0063800812,80.2465896606,68348,68358,10
13.0064201355,80.2464828491,68358,68368,10
13.0065402985,80.2460021973,68368,68378,10
13.0065803528,80.2455978394,68378,68388,10
13.0065803528,80.245262146,68388,68398,10
13.0065698624,80.2449874878,68398,68408,10
13.0065498352,80.2447280884,68408,68418,10
13.0065698624,80.244430542,68418,68429,11
13.0065498352,80.2439193726,68429,68439,10
13.0065402985,80.243598938,68439,68449,10
13.0065202713,80.2432785034,68449,68459,10
13.0065002441,80.2429885864,68459,68469,10
13.0064897537,80.2424087524,68469,68479,10
13.006480217,80.2414779663,68479,68489,10
13.0064897537,80.2409591675,68489,68540,51
13.0064897537,80.2409591675,68540,68550,10
13.0065898895,80.2405166626,68550,68560,10
13.0066604614,80.2400436401,68560,68570,10
13.0067796707,80.2393188477,68570,68580,10
13.0069904327,80.2384872437,68580,68590,10
13.0071897507,80.2377929688,68590,68600,10
13.0073099136,80.2371368408,68600,68611,11
13.007399559,80.2364807129,68611,68621,10
13.0074100494,80.2364578247,68621,68631,10
13.0074501038,80.2362136841,68631,68641,10
13.0075597763,80.2356262207,68641,68651,10
13.0076999664,80.2350006104,68651,68661,10
13.0078401566,80.2342834473,68661,68671,10
13.0080404282,80.2333602905,68671,68681,10
13.0082302094,80.232421875,68681,68692,11
13.0083999634,80.2315216064,68692,68702,10
13.0085697174,80.2305831909,68702,68712,10
13.008769989,80.2295913696,68712,68722,10
13.0088996887,80.2287979126,68722,68732,10
13.009180069,80.227897644,68732,68742,10
13.0095901489,80.2269973755,68742,68752,10
13.0100898743,80.225982666,68752,68813,61
13.0100898743,80.225982666,68813,68823,10
13.0102796555,80.2256622314,68823,68833,10
13.0104103088,80.2254180908,68833,68843,10
13.0105400085,80.2251663208,68843,68853,10
13.0106801987,80.2248764038,68853,68863,10
13.0107603073,80.2245788574,68863,68873,10
13.0109796524,80.2240524292,68873,68884,11
13.011179924,80.2235336304,68884,68894,10
13.0113601685,80.2230911255,68894,68904,10
13.0115804672,80.2223815918,68904,68914,10
13.0118103027,80.2218475342,68914,68924,10
13.0120601654,80.2214813232,68924,68934,10
13.0123596191,80.2216567993,68934,68944,10
13.0127801895,80.2221832275,68944,68954,10
13.0133399963,80.2228012085,68954,68965,11
13.0138597488,80.2233581543,68965,68975,10
13.0142002106,80.2237701416,68975,68985,10
13.0145797729,80.2242202759,68985,68995,10
13.015130043,80.2247695923,68995,69005,10
13.0155200958,80.2250976563,69005,69015,10
13.0156803131,80.2251815796,69015,69025,10
13.0157604218,80.2251815796,69025,69035,10
13.016169548,80.2252883911,69035,69045,10
13.0167503357,80.2251586914,69045,69055,10
13.0174999237,80.2248535156,69055,69066,11
13.0183401108,80.2245178223,69066,69076,10
13.0190401077,80.2242965698,69076,69086,10
13.0196504593,80.2244720459,69086,69096,10
13.0202598572,80.224861145,69096,69126,30
13.0202598572,80.224861145,69126,69136,10
13.020409584,80.2249679565,69136,69147,11
13.0211400986,80.2255401611,69147,69157,10
13.0220403671,80.2262420654,69157,69167,10
13.0228099823,80.2268981934,69167,69177,10
13.0232801437,80.2273330688,69177,69187,10
13.0237197876,80.227722168,69187,69197,10
13.024140358,80.2281494141,69197,69207,10
13.0244102478,80.2284469604,69207,69217,10
13.0243597031,80.2285766602,69217,69227,10
13.0241003036,80.2284164429,69227,69238,11
13.0233697891,80.2276077271,69238,69268,30
13.0233697891,80.2276077271,69268,69278,10
13.0231895447,80.227432251,69278,69288,10
13.0227804184,80.2270431519,69288,69298,10
13.0223503113,80.2266464233,69298,69308,10
13.0220003128,80.2263336182,69308,69318,10
13.0215997696,80.2260131836,69318,69328,10
13.021030426,80.2255630493,69328,69339,11
13.0205698013,80.2252197266,69339,69349,10
13.0201702118,80.2249679565,69349,69359,10
13.0201396942,80.224937439,69359,69369,10
13.0200595856,80.2248916626,69369,69379,10
13.0197296143,80.2246627808,69379,69389,10
13.0191202164,80.2244186401,69389,69399,10
13.0183601379,80.2245788574,69399,69409,10
13.0175800323,80.2249221802,69409,69419,10
13.0168199539,80.2252578735,69419,69430,11
13.0163698196,80.225440979,69430,69440,10
13.0159502029,80.2255706787,69440,69450,10
13.0154304504,80.2257385254,69450,69460,10
13.0152997971,80.2258071899,69460,69470,10
13.0150098801,80.2259216309,69470,69480,10
13.0146198273,80.2260818481,69480,69500,20
13.0146198273,80.2260818481,69500,69511,11
13.0144395828,80.2261505127,69511,69521,10
13.0142202377,80.2261962891,69521,69531,10
13.0138101578,80.2263717651,69531,69541,10
13.0131397247,80.2266464233,69541,69551,10
13.0123195648,80.2269897461,69551,69561,10
13.011469841,80.2273330688,69561,69571,10
13.01060009,80.2276687622,69571,69581,10
13.0097503662,80.2279891968,69581,69591,10
13.0091400146,80.2285003662,69591,69602,11
13.0089597702,80.2294311523,69602,69612,10
13.008769989,80.2303771973,69612,69622,10
13.0086097717,80.2313308716,69622,69632,10
13.0084400177,80.2322692871,69632,69642,10
13.0082397461,80.2335205078,69642,69662,20
13.0082397461,80.2335205078,69662,69672,10
13.0081701279,80.2336883545,69672,69682,10
13.0080699921,80.234046936,69682,69693,11
13.0079402924,80.2347106934,69693,69703,10
13.0078401566,80.2351989746,69703,69713,10
13.0077896118,80.2354812622,69713,69723,10
13.0077495575,80.2356185913,69723,69733,10
13.0076799393,80.2359771729,69733,69743,10
13.0076398849,80.2362213135,69743,69753,10
13.0075702667,80.2366027832,69753,69763,10
13.0074996948,80.2369232178,69763,69773,10
13.0074796677,80.2370605469,69773,69784,11
13.0074300766,80.2373123169,69784,69794,10
13.0073604584,80.2375869751,69794,69804,10
13.0073204041,80.2378082275,69804,69814,10
13.0073003769,80.2380371094,69814,69824,10
13.0072097778,80.2385025024,69824,69834,10
13.0070295334,80.239440918,69834,69945,111
13.0070295334,80.239440918,69945,69955,10
13.0069198608,80.239906311,69955,69966,11
13.006819725,80.2405014038,69966,69976,10
13.0067501068,80.2409210205,69976,69986,10
13.0067100525,80.2417602539,69986,69996,10
13.0066900253,80.2427597046,69996,70006,10
13.0066795349,80.243560791,70006,70016,10
13.0066795349,80.2444381714,70016,70026,10
13.0066604614,80.2453536987,70026,70036,10
13.0066995621,80.2461090088,70036,70047,11
13.0067195892,80.2464675903,70047,70057,10
13.0067300797,80.2468032837,70057,70087,30
13.0067300797,80.2468032837,70087,70097,10
13.0067195892,80.2470321655,70097,70107,10
13.0066900253,80.2473220825,70107,70117,10
13.0061197281,80.2473831177,70117,70137,20
13.0061197281,80.2473831177,70137,70148,11
13.0056695938,80.2473297119,70148,70158,10
13.0049600601,80.2473220825,70158,70168,10
13.0040798187,80.2473983765,70168,70178,10
13.0031099319,80.2475509644,70178,70188,10
13.0023403168,80.2477111816,70188,70198,10
13.0016803741,80.2478713989,70198,70208,10
13.0009002686,80.2480621338,70208,70218,10
13.0000200272,80.2482833862,70218,70229,11
12.9990501404,80.2485198975,70229,70239,10
12.9979295731,80.2488021851,70239,70249,10
12.9968795776,80.2490615845,70249,70259,10
12.9958000183,80.2493362427,70259,70269,10
12.994720459,80.2496414185,70269,70279,10
12.9936304092,80.2499237061,70279,70289,10
12.9925098419,80.2501983643,70289,70299,10
12.9914903641,80.2504730225,70299,70309,10
12.9910497665,80.2505874634,70309,70319,10
12.9909496307,80.250617981,70319,70330,11
12.9903001785,80.2507629395,70330,70340,10
12.9895801544,80.2509384155,70340,70350,10
12.9891996384,80.2510299683,70350,70360,10
12.9888000488,80.2511367798,70360,70370,10
12.9880599976,80.2513580322,70370,70856,486
12.9880599976,80.2513580322,70856,70866,10
12.9876203537,80.2514266968,70866,70876,10
12.9869604111,80.2516098022,70876,70886,10
12.9862298965,80.2518005371,70886,70896,10
12.9854001999,80.2519989014,70896,70906,10
12.9850597382,80.2520828247,70906,70916,10
12.9844799042,80.252243042,70916,70926,10
12.9836101532,80.2524795532,70926,70936,10
12.9825696945,80.2526321411,70936,70946,10
12.9814395905,80.2526473999,70946,70957,11
12.9802999496,80.2527236938,70957,70967,10
12.9796495438,80.2526779175,70967,70977,10
12.9790401459,80.2526168823,70977,70987,10
12.9786500931,80.2525482178,70987,70997,10
12.9786396027,80.2525482178,70997,71007,10
12.9785900116,80.2525177002,71007,71017,10
12.9782800674,80.2523269653,71017,71027,10
12.9778003693,80.2519302368,71027,71038,11
12.9768896103,80.2513275146,71038,71048,10
12.9757699966,80.2509765625,71048,71058,10
12.9749603271,80.2507171631,71058,71068,10
12.9740695953,80.2504730225,71068,71078,10
12.9730501175,80.2501907349,71078,71088,10
12.9718503952,80.2498779297,71088,71098,10
12.9705600739,80.2495193481,71098,71108,10
12.9692897797,80.2490386963,71108,71118,10
12.9680099487,80.2485427856,71118,71129,11
12.9670000076,80.2481002808,71129,71139,10
12.9664001465,80.2478027344,71139,71149,10
12.965669632,80.2475204468,71149,71159,10
12.965180397,80.2473678589,71159,71169,10
12.9651699066,80.2473602295,71169,71179,10
12.9651203156,80.2473526001,71179,71189,10
12.9647798538,80.2472381592,71189,71199,10
12.9642696381,80.2470397949,71199,71209,10
12.9638299942,80.2468795776,71209,71220,11
12.9636201859,80.2467880249,71220,71230,10
12.9631299973,80.2465362549,71230,71240,10
12.9623603821,80.2461624146,71240,71250,10
12.9615402222,80.2457427979,71250,71260,10
12.9607095718,80.2453384399,71260,71270,10
12.959859848,80.2449569702,71270,71280,10
12.9595003128,80.2448120117,71280,71290,10
12.959400177,80.2447662354,71290,71300,10
12.959230423,80.244682312,71300,71311,11
12.9586000443,80.244392395,71311,71321,10
12.9579696655,80.2441177368,71321,71331,10
12.9573602676,80.2439117432,71331,71341,10
12.9563703537,80.2436065674,71341,71361,20
12.9563703537,80.2436065674,71361,71371,10
12.9559898376,80.2434768677,71371,71381,10
12.9553899765,80.2431182861,71381,71391,10
12.954870224,80.2428436279,71391,71402,11
12.9541501999,80.2425384521,71402,71412,10
12.9533395767,80.2422027588,71412,71422,10
12.9523696899,80.2418289185,71422,71432,10
12.9517402649,80.2416305542,71432,71442,10
12.9516601563,80.2416000366,71442,71452,10
12.9515895844,80.2416229248,71452,71462,10
12.9510202408,80.2414093018,71462,71472,10
12.9501600266,80.2411575317,71472,71483,11
12.9492797852,80.2408905029,71483,71493,10
12.9484395981,80.2405319214,71493,71503,10
12.947640419,80.240196228,71503,71513,10
12.9471797943,80.2400131226,71513,71523,10
12.9470596313,80.2399673462,71523,71533,10
12.947019577,80.2399520874,71533,71543,10
12.9465503693,80.2397537231,71543,71553,10
12.9457902908,80.2394180298,71553,71563,10
12.9450397491,80.2389297485,71563,71574,11
12.9442100525,80.2380371094,71574,71584,10
12.9434299469,80.2371673584,71584,71594,10
12.9426403046,80.236541748,71594,71604,10
12.9415397644,80.2361984253,71604,71614,10
12.9404401779,80.2359390259,71614,71624,10
12.9397602081,80.2357406616,71624,71634,10
12.9397296906,80.2357406616,71634,71644,10
12.9393396378,80.2355499268,71644,71654,10
12.9386301041,80.2351837158,71654,71665,11
12.9378595352,80.2348022461,71665,71675,10
12.9369697571,80.2343597412,71675,71685,10
12.9362001419,80.2340087891,71685,71695,10
12.9359197617,80.2338867188,71695,71705,10
12.9358701706,80.2338562012,71705,71715,10
12.9354295731,80.2336502075,71715,71725,10
12.9347200394,80.2333068848,71725,71735,10
12.9338903427,80.2329711914,71735,71755,20
12.9338903427,80.2329711914,71755,71766,11
12.9335603714,80.2327804565,71766,71776,10
12.9328603745,80.2324829102,71776,71786,10
12.9320297241,80.2321929932,71786,71796,10
12.9313802719,80.2319793701,71796,71806,10
12.9305696487,80.2317276001,71806,71816,10
12.9296598434,80.2314987183,71816,71826,10
12.9291200638,80.2313919067,71826,71836,10
12.928899765,80.231338501,71836,71847,11
12.9281396866,80.2312164307,71847,71857,10
12.9272203445,80.2311019897,71857,71867,10
12.9262895584,80.2310180664,71867,71877,10
12.9260396957,80.2309875488,71877,71887,10
12.9259300232,80.2309799194,71887,71897,10
12.9253797531,80.2309112549,71897,71907,10
12.9245595932,80.230796814,71907,71917,10
12.923620224,80.2306900024,71917,71927,10
12.9225797653,80.2305374146,71927,71938,11
12.9215402603,80.2303695679,71938,71948,10
12.9202804565,80.2302017212,71948,71958,10
12.9191503525,80.2300567627,71958,71968,10
12.9181003571,80.229927063,71968,71978,10
12.9171304703,80.2297973633,71978,71988,10
12.9161100388,80.2296600342,71988,71998,10
12.9149703979,80.2294921875,71998,72008,10
12.9139499664,80.229347229,72008,72018,10
12.9133195877,80.229309082,72018,72029,11
12.9132995605,80.229309082,72029,72039,10
12.9131002426,80.2292785645,72039,72049,10
12.9124898911,80.2291793823,72049,72059,10
12.9119701385,80.2291030884,72059,72069,10
12.9112300873,80.2289886475,72069,72079,10
12.9103002548,80.2288513184,72079,72089,10
12.9092998505,80.2286834717,72089,72099,10
12.9083499908,80.2285079956,72099,72109,10
12.9078197479,80.2284317017,72109,72119,10
12.9071798325,80.2283630371,72119,72200,81
12.9071798325,80.2283630371,72200,72211,11
12.9069595337,80.2283172607,72211,72221,10
12.9066200256,80.2282791138,72221,72231,10
12.9060001373,80.2282409668,72231,72241,10
12.9052801132,80.2282028198,72241,72251,10
12.9044599533,80.2281570435,72251,72261,10
12.9037303925,80.2281265259,72261,72271,10
12.903380394,80.2281188965,72271,72281,10
12.9029598236,80.2281036377,72281,72292,11
12.9022903442,80.2280578613,72292,72302,10
12.9017601013,80.2280197144,72302,72312,10
12.901309967,80.2279968262,72312,72322,10
12.901049614,80.2279815674,72322,72332,10
12.9006500244,80.2279510498,72332,72342,10
12.900349617,80.2279281616,72342,72352,10
12.9000396729,80.2279129028,72352,72362,10
12.8997297287,80.2278823853,72362,72372,10
12.8993797302,80.2278671265,72372,72383,11
12.8991498947,80.2278671265,72383,72393,10
12.8991203308,80.2278671265,72393,72403,10
12.8986902237,80.2278289795,72403,72413,10
12.897939682,80.2277908325,72413,72423,10
12.8970098495,80.2277374268,72423,72433,10
12.895939827,80.2276916504,72433,72443,10
12.8948202133,80.2276306152,72443,72453,10
12.8938798904,80.2275924683,72453,72463,10
12.8929901123,80.2274932861,72463,72474,11
12.8921098709,80.2274017334,72474,72484,10
12.8911800385,80.2273712158,72484,72494,10
12.8900699615,80.2273635864,72494,72504,10
12.8889703751,80.2273635864,72504,72514,10
12.8880901337,80.2273178101,72514,72524,10
12.887140274,80.2272109985,72524,72534,10
12.886059761,80.2269668579,72534,72544,10
12.8851604462,80.2267837524,72544,72554,10
12.8847398758,80.2267379761,72554,72564,10
12.8846702576,80.2267303467,72564,72575,11
12.8839797974,80.2266998291,72575,72585,10
12.8829803467,80.2266998291,72585,72595,10
12.8818597794,80.2267227173,72595,72605,10
12.8807897568,80.2267379761,72605,72615,10
12.8797302246,80.2267532349,72615,72625,10
12.8785104752,80.2267990112,72625,72635,10
12.8773803711,80.2268829346,72635,72645,10
12.8768997192,80.2269210815,72645,72656,11
12.8768997192,80.2269287109,72656,72666,10
12.876660347,80.2269592285,72666,72686,20
12.876660347,80.2269592285,72686,72696,10
12.8764696121,80.2269821167,72696,72706,10
12.8760099411,80.2269897461,72706,72716,10
12.8751296997,80.2269287109,72716,72726,10
12.87403965,80.2267913818,72726,72736,10
12.8729200363,80.2267303467,72736,72747,11
12.8726100922,80.2267303467,72747,72757,10
12.8722000122,80.2267227173,72757,72767,10
12.871339798,80.2266693115,72767,72777,10
12.8702297211,80.226600647,72777,72787,10
12.869020462,80.2264633179,72787,72797,10
12.8677301407,80.2264328003,72797,72807,10
12.8664398193,80.2265625,72807,72817,10
12.8651504517,80.2266082764,72817,72827,10
12.863820076,80.2265625,72827,72837,10
12.8625802994,80.2265625,72837,72848,11
12.8613996506,80.2266235352,72848,72858,10
12.8610200882,80.2266082764,72858,72868,10
12.8608798981,80.2266082764,72868,72878,10
12.8602695465,80.2265472412,72878,72888,10
12.8593797684,80.2264328003,72888,72898,10
12.8583803177,80.2263031006,72898,72908,10
12.8572502136,80.2263031006,72908,72918,10
12.8559398651,80.2264404297,72918,72929,11
12.8543395996,80.2266235352,72929,72939,10
12.8527803421,80.2267227173,72939,72949,10
12.8511400223,80.2266464233,72949,72959,10
12.8494596481,80.2266235352,72959,72969,10
12.8479404449,80.2266311646,72969,72979,10
12.8465299606,80.2266311646,72979,72989,10
12.8455696106,80.2266311646,72989,73020,31
12.8455696106,80.2266311646,73020,73030,10
12.8452997208,80.2266235352,73030,73040,10
12.8446102142,80.2266616821,73040,73050,10
12.8436899185,80.2267608643,73050,73060,10
12.8426303864,80.2269363403,73060,73070,10
12.841460228,80.2272109985,73070,73080,10
12.8403396606,80.2275238037,73080,73090,10
12.8397197723,80.2276992798,73090,73100,10
12.83934021,80.2278137207,73100,73111,11
12.8385896683,80.2279891968,73111,73121,10
12.8376598358,80.2281799316,73121,73131,10
12.8365297318,80.2283630371,73131,73141,10
12.8352298737,80.2285766602,73141,73151,10
12.8338699341,80.2288208008,73151,73161,10
12.8322601318,80.2291412354,73161,73181,20
12.8322601318,80.2291412354,73181,73191,10
12.8322401047,80.229133606,73191,73202,11
12.8318595886,80.2292098999,73202,73212,10
12.8311004639,80.2294006348,73212,73222,10
12.8302297592,80.2297210693,73222,73232,10
12.82929039,80.2300796509,73232,73242,10
12.828379631,80.2305297852,73242,73252,10
12.8274002075,80.2310714722,73252,73262,10
12.8263397217,80.231338501,73262,73272,10
12.8252897263,80.2313995361,73272,73282,10
12.8241796494,80.231262207,73282,73293,11
12.8229598999,80.2308883667,73293,73303,10
12.8218097687,80.2305603027,73303,73313,10
12.8206300735,80.2304534912,73313,73323,10
12.8194904327,80.2304992676,73323,73333,10
12.8188896179,80.2304992676,73333,73343,10
12.8187999725,80.23046875,73343,73353,10
12.8183002472,80.2302398682,73353,73363,10
12.817489624,80.229850769,73363,73373,10
12.8164701462,80.2295227051,73373,73384,11
12.8151903152,80.2293167114,73384,73394,10
12.8139696121,80.2291030884,73394,73404,10
12.8127698898,80.228729248,73404,73414,10
12.8116197586,80.2283172607,73414,73424,10
12.8104801178,80.2278671265,73424,73434,10
12.809510231,80.2274398804,73434,73444,10
12.8086395264,80.2268371582,73444,73454,10
12.8077402115,80.2260818481,73454,73464,10
12.8069095612,80.2253799438,73464,73475,11
12.8060998917,80.224647522,73475,73485,10
12.8049001694,80.2239837646,73485,73505,20
12.8049001694,80.2239837646,73505,73515,10
12.8045597076,80.2238998413,73515,73525,10
12.8038196564,80.2238616943,73525,73535,10
12.8030395508,80.223777771,73535,73545,10
12.8021602631,80.2236709595,73545,73556,11
12.8011198044,80.2235794067,73556,73566,10
12.8007802963,80.2235565186,73566,73576,10
12.8004398346,80.2235183716,73576,73586,10
12.7997198105,80.2234573364,73586,73596,10
12.7988996506,80.2233886719,73596,73606,10
12.7979001999,80.2232818604,73606,73616,10
12.7967996597,80.2230911255,73616,73626,10
12.7958602905,80.2229309082,73626,73636,10
12.79570961,80.22290802,73636,73647,11
12.7953596115,80.2228393555,73647,73656,9
12.7946996689,80.2227172852,73656,73667,11
12.7936601639,80.2225494385,73667,73677,10
12.7925796509,80.2223815918,73677,73687,10
12.791469574,80.2221298218,73687,73697,10
12.7903795242,80.221862793,73697,73707,10
12.7895202637,80.2216186523,73707,73717,10
12.7889099121,80.2213821411,73717,73727,10
12.7879104614,80.220993042,73727,73768,41
12.7879104614,80.220993042,73768,73778,10
12.7877902985,80.2209625244,73778,73788,10
12.7874202728,80.2208328247,73788,73798,10
12.7868995667,80.2206192017,73798,73808,10
12.7864599228,80.2204437256,73808,73829,21
12.7864599228,80.2204437256,73829,73839,10
12.7862796783,80.2203826904,73839,73940,101
12.7862796783,80.2203826904,73940,73950,10
12.7861299515,80.2207183838,73950,73960,10
12.7861499786,80.2212677002,73960,73970,10
12.7862195969,80.2217102051,73970,73980,10
12.7862596512,80.2220001221,73980,75538,1558
12.7862596512,80.2220001221,75538,75548,10
12.7863502502,80.2219009399,75548,75558,10
12.7863197327,80.2216567993,75558,75568,10
12.7862501144,80.2214584351,75568,75578,10
12.7862100601,80.2212905884,75578,75588,10
12.7861995697,80.2210235596,75588,75598,10
12.7861700058,80.2207794189,75598,75609,11
12.7861700058,80.2205276489,75609,75619,10
12.7861700058,80.2205200195,75619,75629,10
12.7862901688,80.2203063965,75629,75649,20
12.7862901688,80.2203063965,75649,75659,10
12.7866096497,80.2204437256,75659,75669,10
12.786939621,80.2205810547,75669,75679,10
12.787560463,80.2208175659,75679,75689,10
12.7881402969,80.2210388184,75689,75700,11
12.7889795303,80.2213516235,75700,75710,10
12.7896604538,80.2216110229,75710,75720,10
12.7903404236,80.2218017578,75720,75730,10
12.7912998199,80.2220306396,75730,75740,10
12.7925596237,80.2223129272,75740,75750,10
12.7939996719,80.2225570679,75750,75760,10
12.7951602936,80.2227401733,75760,75770,10
12.7961196899,80.2229232788,75770,75780,10
12.7970104218,80.2230911255,75780,75791,11
12.7981100082,80.2232589722,75791,75801,10
12.7989797592,80.2233428955,75801,75811,10
12.7998800278,80.2234191895,75811,75821,10
12.800860405,80.2235107422,75821,75831,10
12.8018503189,80.2236022949,75831,75841,10
12.802740097,80.2237091064,75841,75851,10
12.8034696579,80.2238006592,75851,75861,10
12.8041601181,80.2238464355,75861,75871,10
12.8048400879,80.2239227295,75871,75882,11
12.8054304123,80.2240600586,75882,75892,10
12.8059997559,80.2244415283,75892,75902,10
12.8066301346,80.2249908447,75902,75912,10
12.8072795868,80.2255706787,75912,75922,10
12.8080396652,80.2262268066,75922,75932,10
12.8089599609,80.2269821167,75932,75942,10
12.8099899292,80.2275924683,75942,75952,10
12.8111400604,80.2280731201,75952,75962,10
12.8123598099,80.2285079956,75962,75973,11
12.8137197495,80.2289733887,75973,75983,10
12.8149404526,80.2292404175,75983,75993,10
12.8162202835,80.2294235229,75993,76003,10
12.8174495697,80.2297286987,76003,76013,10
12.818479538,80.2302093506,76013,76023,10
12.8194904327,80.2304382324,76023,76033,10
12.8206300735,80.2304000854,76033,76043,10
12.8217897415,80.2304916382,76043,76053,10
12.8229904175,80.2308273315,76053,76064,11
12.8243999481,80.2312011719,76064,76074,10
12.8256998062,80.2313308716,76074,76084,10
12.8269796371,80.2312011719,76084,76094,10
12.8281402588,80.2306289673,76094,76104,10
12.8293104172,80.2300186157,76104,76114,10
12.8304195404,80.229598999,76114,76124,10
12.8310499191,80.229309082,76124,76144,20
12.8310499191,80.229309082,76144,76155,11
12.8313302994,80.2292327881,76155,76165,10
12.8315696716,80.2291564941,76165,76185,20
12.8315696716,80.2291564941,76185,76195,10
12.8317298889,80.229133606,76195,76205,10
12.8322601318,80.2290267944,76205,76215,10
12.8329696655,80.2288894653,76215,76225,10
12.833609581,80.2287597656,76225,76235,10
12.8344697952,80.2286071777,76235,76246,11
12.8356800079,80.2284088135,76246,76256,10
12.8369398117,80.2282180786,76256,76266,10
12.8382101059,80.2279891968,76266,76276,10
12.8390903473,80.227722168,76276,76286,10
12.8392400742,80.2276916504,76286,76296,10
12.8394603729,80.2275695801,76296,76316,20
12.8394603729,80.2275695801,76316,76326,10
12.8397598267,80.2274932861,76326,76337,11
12.8406801224,80.2273406982,76337,76347,10
12.8417596817,80.2270507813,76347,76357,10
12.8430700302,80.2267990112,76357,76367,10
12.844420433,80.2266082764,76367,76377,10
12.8454999924,80.2265319824,76377,76387,10
12.8457803726,80.2264785767,76387,76397,10
12.8459196091,80.2265014648,76397,76407,10
12.8466701508,80.2264862061,76407,76417,10
12.8479700089,80.2265014648,76417,76428,11
12.8492603302,80.2264862061,76428,76438,10
12.8500003815,80.2264633179,76438,76448,10
12.8502998352,80.2264785767,76448,76458,10
12.851099968,80.2265014648,76458,76468,10
12.852230072,80.2265625,76468,76478,10
12.8535995483,80.2265625,76478,76488,10
12.8550395966,80.2264099121,76488,76498,10
12.8564395905,80.2262802124,76498,76508,10
12.8578596115,80.2261581421,76508,76519,11
12.8594799042,80.2262878418,76519,76529,10
12.8609800339,80.2264862061,76529,76539,10
12.8625202179,80.2264633179,76539,76549,10
12.8640098572,80.2264709473,76549,76559,10
12.8654603958,80.2265319824,76559,76569,10
12.8667001724,80.2264633179,76569,76579,10
12.8680000305,80.2263412476,76579,76589,10
12.8693304062,80.2264022827,76589,76599,10
12.870759964,80.2265396118,76599,76610,11
12.8722696304,80.226600647,76610,76620,10
12.8735103607,80.2266235352,76620,76630,10
12.8747596741,80.2267532349,76630,76640,10
12.8759002686,80.226852417,76640,76650,10
12.8763504028,80.226852417,76650,76660,10
12.876709938,80.2268218994,76660,76670,10
12.876830101,80.2268218994,76670,76680,10
12.8774404526,80.2267608643,76680,76691,11
12.8785600662,80.2266921997,76691,76701,10
12.879650116,80.2266235352,76701,76711,10
12.8806600571,80.2266311646,76711,76721,10
12.8818597794,80.2266082764,76721,76731,10
12.8831195831,80.226600647,76731,76741,10
12.8843603134,80.2266082764,76741,76751,10
12.8851699829,80.2266311646,76751,76761,10
12.8854904175,80.2266921997,76761,76771,10
12.8863296509,80.2269210815,76771,76782,11
12.8875598907,80.2272033691,76782,76792,10
12.8888597488,80.2273025513,76792,76802,10
12.8901996613,80.2273025513,76802,76812,10
12.8914604187,80.2273330688,76812,76822,10
12.8926401138,80.2273788452,76822,76832,10
12.8939599991,80.2275466919,76832,76842,10
12.895409584,80.2276306152,76842,76852,10
12.8968400955,80.2276916504,76852,76862,10
12.8979301453,80.2277526855,76862,76873,11
12.899189949,80.2278213501,76873,76883,10
12.9001502991,80.2278366089,76883,76893,10
12.9005498886,80.2278213501,76893,76903,10
12.9007301331,80.2278366089,76903,76994,91
12.9007301331,80.2278366089,76994,77004,10
12.9011898041,80.2279586792,77004,77014,10
12.9021396637,80.2279815674,77014,77024,10
12.9028196335,80.2279891968,77024,77034,10
12.9031095505,80.2279815674,77034,77044,10
12.9038200378,80.2280578613,77044,77055,11
12.9045600891,80.2281036377,77055,77065,10
12.9048995972,80.2281112671,77065,77075,10
12.9052495956,80.2281417847,77075,77135,60
12.9052495956,80.2281417847,77135,77146,11
12.9055595398,80.2281417847,77146,77156,10
12.9059000015,80.2281417847,77156,77166,10
12.9062995911,80.2281570435,77166,77176,10
12.906709671,80.2282104492,77176,77186,10
12.9073801041,80.2283172607,77186,77196,10
12.908200264,80.2284469604,77196,77206,10
12.9096403122,80.2286987305,77206,77216,10
12.9108104706,80.2288894653,77216,77226,10
12.9119796753,80.229057312,77226,77237,11
12.9131202698,80.2292098999,77237,77247,10
12.9137096405,80.2292709351,77247,77257,10
12.9138803482,80.2292861938,77257,77267,10
12.9143104553,80.229347229,77267,77277,10
12.9150104523,80.2294616699,77277,77287,10
12.9159402847,80.229598999,77287,77297,10
12.9169797897,80.2297363281,77297,77306,9
12.9179000854,80.2298583984,77306,77317,11
12.9186296463,80.2299575806,77317,77328,11
12.9195604324,80.2300872803,77328,77338,10
12.9204702377,80.2302017212,77338,77348,10
12.9215497971,80.2303390503,77348,77358,10
12.9226303101,80.2305221558,77358,77368,10
12.9238195419,80.230682373,77368,77378,10
12.9250297546,80.2308273315,77378,77388,10
12.926150322,80.2309494019,77388,77398,10
12.9270801544,80.2310714722,77398,77408,10
12.9281902313,80.2312011719,77408,77419,11
12.9286499023,80.2312469482,77419,77429,10
12.9287204742,80.231262207,77429,77439,10
12.9292201996,80.2313766479,77439,77449,10
12.9300804138,80.2315826416,77449,77459,10
12.9312295914,80.231918335,77459,77469,10
12.9322795868,80.2322769165,77469,77479,10
12.933259964,80.2326431274,77479,77489,10
12.9338798523,80.2329101563,77489,77499,10
12.934800148,80.2333068848,77499,77510,11
12.9356098175,80.2336807251,77510,77520,10
12.9364595413,80.2341003418,77520,77530,10
12.9374198914,80.2345581055,77530,77540,10
12.9384403229,80.2350692749,77540,77550,10
12.9393701553,80.2355422974,77550,77560,10
12.9395303726,80.2356185913,77560,77570,10
12.9397201538,80.2357025146,77570,77580,10
12.9404096603,80.2359466553,77580,77590,10
12.9413404465,80.2361907959,77590,77601,11
12.9425001144,80.2365264893,77601,77611,10
12.9434404373,80.2372207642,77611,77621,10
12.9442796707,80.2381362915,77621,77631,10
12.9450902939,80.2390213013,77631,77641,10
12.945980072,80.2395629883,77641,77651,10
12.9469499588,80.2399291992,77651,77661,10
12.9471797943,80.2400131226,77661,77671,10
12.9476203918,80.240196228,77671,77682,11
12.9483804703,80.2405319214,77682,77692,10
12.9491100311,80.2408065796,77692,77702,10
12.9496603012,80.2409973145,77702,77712,10
12.9503602982,80.2412109375,77712,77722,10
12.9509401321,80.2413711548,77722,77732,10
12.9513301849,80.2415084839,77732,77742,10
12.9514598846,80.2415618896,77742,77752,10
12.9517097473,80.2416381836,77752,77762,10
12.9518003464,80.2416687012,77762,77773,11
12.9524297714,80.2419128418,77773,77783,10
12.9532499313,80.2422332764,77783,77793,10
12.9539299011,80.2425384521,77793,77803,10
12.954580307,80.2427978516,77803,77813,10
12.9552497864,80.2430496216,77813,77823,10
12.9559497833,80.2433624268,77823,77833,10
12.9562196732,80.2434768677,77833,77843,10
12.9562501907,80.2434921265,77843,77853,10
12.9565000534,80.2435913086,77853,77864,11
12.9572696686,80.2438812256,77864,77874,10
12.9581203461,80.2442092896,77874,77884,10
12.9587602615,80.244468689,77884,77894,10
12.9589004517,80.2445297241,77894,77904,10
12.9594097137,80.2447891235,77904,77914,10
12.9601202011,80.2451019287,77914,77924,10
12.960940361,80.2454910278,77924,77934,10
12.9617795944,80.2459030151,77934,77944,10
12.9626502991,80.2462921143,77944,77965,21
12.9626502991,80.2462921143,77965,77975,10
12.962770462,80.246421814,77975,77985,10
12.9632997513,80.2466812134,77985,78056,71
12.9632997513,80.2466812134,78056,78066,10
12.9636297226,80.2468490601,78066,78076,10
12.9642496109,80.2470779419,78076,78086,10
12.9650497437,80.2473526001,78086,78096,10
12.9659404755,80.2476501465,78096,78106,10
12.9665403366,80.2478790283,78106,78116,10
12.9665803909,80.2479019165,78116,78126,10
12.9668598175,80.2480621338,78126,78137,11
12.9675998688,80.2483901978,78137,78147,10
12.9685096741,80.2487564087,78147,78157,10
12.9695196152,80.249168396,78157,78167,10
12.9706201553,80.2495803833,78167,78177,10
12.9717903137,80.2499084473,78177,78187,10
12.9729995728,80.2502212524,78187,78197,10
12.9742202759,80.2505722046,78197,78207,10
12.9752998352,80.2508773804,78207,78217,10
12.9766302109,80.2512588501,78217,78228,11
12.9778003693,80.2519226074,78228,78238,10
12.9785404205,80.2524108887,78238,78248,10
12.9786300659,80.2524490356,78248,78258,10
12.9790401459,80.252571106,78258,78268,10
12.9794998169,80.2526168823,78268,78288,20
12.9794998169,80.2526168823,78288,78298,10
12.979590416,80.2526168823,78298,78308,10
12.9801597595,80.2526397705,78308,78319,11
12.9805803299,80.2526397705,78319,78329,10
12.9814395905,80.2526016235,78329,78339,10
12.9824304581,80.2525634766,78339,78349,10
12.9835700989,80.2524185181,78349,78359,10
12.9846601486,80.2521362305,78359,78369,10
12.9853401184,80.251953125,78369,78379,10
12.9854698181,80.2519226074,78379,78389,10
12.9859600067,80.2517929077,78389,78430,41
12.9859600067,80.2517929077,78430,78440,10
12.9860897064,80.2517471313,78440,78450,10
12.986240387,80.2517318726,78450,78460,10
12.9867601395,80.2515869141,78460,78470,10
12.9873600006,80.2514038086,78470,78551,81
12.9873600006,80.2514038086,78551,78561,10
12.9875202179,80.2514038086,78561,78571,10
12.9880104065,80.2512969971,78571,78582,11
12.9889497757,80.2510528564,78582,78592,10
12.9894104004,80.2509078979,78592,78602,10
12.9895601273,80.250869751,78602,78612,10
12.9901399612,80.2507324219,78612,78622,10
12.9908304214,80.2505722046,78622,78632,10
12.9917697906,80.250328064,78632,78642,10
12.9925498962,80.2501602173,78642,78652,10
12.9935102463,80.2499084473,78652,78662,10
12.9946403503,80.2496185303,78662,78673,11
12.9959802628,80.2492599487,78673,78683,10
12.9971504211,80.2489624023,78683,78693,10
12.9982595444,80.2486801147,78693,78703,10
12.9993600845,80.2484130859,78703,78713,10
13.00041008,80.2481384277,78713,78723,10
13.001449585,80.2478790283,78723,78733,10
13.0020103455,80.247756958,78733,78743,10
13.0024003983,80.2476501465,78743,78753,10
13.0031604767,80.2475204468,78753,78764,11
13.0041904449,80.2473602295,78764,78774,10
13.0051603317,80.2472229004,78774,78784,10
13.0059099197,80.2470016479,78784,78794,10
13.0063495636,80.2465362549,78794,78804,10
13.0064296722,80.2463607788,78804,78814,10
13.0065002441,80.2460403442,78814,78824,10
13.0065498352,80.2453689575,78824,78834,10
13.0065603256,80.2446517944,78834,78844,10
13.0065498352,80.2440490723,78844,78855,11
13.0065202713,80.2432785034,78855,78865,10
13.0065002441,80.2424621582,78865,78875,10
13.0065002441,80.2415008545,78875,78885,10
13.006529808,80.2405090332,78885,78895,10
13.0067796707,80.2395782471,78895,78905,10
13.0068702698,80.2388381958,78905,78915,10
13.0071296692,80.2376785278,78915,78925,10
13.0072698593,80.2369232178,78925,78935,10
13.0073604584,80.2365875244,78935,78946,11
13.0074596405,80.2362136841,78946,78956,10
13.0075702667,80.2356491089,78956,78966,10
13.0076999664,80.2349319458,78966,78976,10
13.0078802109,80.2341308594,78976,78986,10
13.008099556,80.2331466675,78986,78996,10
13.0083198547,80.2319869995,78996,79006,10
13.0085401535,80.2307815552,79006,79016,10
13.0087795258,80.2295532227,79016,79026,10
13.0090398788,80.2283325195,79026,79037,11
13.0094900131,80.2273101807,79037,79047,10
13.0100297928,80.2260971069,79047,79057,10
13.0104999542,80.2250289917,79057,79067,10
13.0109300613,80.224067688,79067,79077,10
13.0112104416,80.2233734131,79077,79087,10
13.0114402771,80.222869873,79087,79097,10
13.0116701126,80.2221832275,79097,79107,10
13.0120096207,80.2215194702,79107,79117,10
13.0122900009,80.2215499878,79117,79128,11
13.0125303268,80.2219924927,79128,79138,10
13.0129404068,80.2224578857,79138,79148,10
13.0131797791,80.2227096558,79148,79158,10
13.0135202408,80.2230834961,79158,79168,10
13.0140104294,80.2236480713,79168,79178,10
13.0145597458,80.2242507935,79178,79188,10
13.0150995255,80.2248535156,79188,79198,10
13.015540123,80.225151062,79198,79208,10
13.0156602859,80.2252120972,79208,79219,11
13.0161399841,80.2253494263,79219,79229,10
13.0168800354,80.2251586914,79229,79239,10
13.0177497864,80.224822998,79239,79249,10
13.0186004639,80.2244796753,79249,79259,10
13.0191297531,80.2243270874,79259,79279,20
13.0191297531,80.2243270874,79279,79289,10
13.0194196701,80.2244262695,79289,79299,10
13.0198297501,80.2246627808,79299,79310,11
13.0204200745,80.2250976563,79310,79320,10
13.0210399628,80.2255630493,79320,79330,10
13.0217199326,80.2260894775,79330,79340,10
13.0222396851,80.2265319824,79340,79350,10
13.0229101181,80.2270965576,79350,79360,10
13.0235500336,80.2276763916,79360,79370,10
13.0241498947,80.2282180786,79370,80493,1123
13.0242795944,80.2284088135,80493,80574,81
13.0242795944,80.2284088135,80574,80584,10
13.0243597031,80.2285766602,80584,80594,10
13.0241699219,80.2285614014,80594,80604,10
13.0239200592,80.2281723022,80604,80614,10
13.0234498978,80.2276611328,80614,80624,10
13.0228900909,80.2271499634,80624,80634,10
13.0222702026,80.226600647,80634,80645,11
13.0215196609,80.2259902954,80645,80655,10
13.0207700729,80.2254180908,80655,80665,10
13.0199098587,80.2248382568,80665,80675,10
13.0188598633,80.2245330811,80675,80685,10
13.0178203583,80.2249221802,80685,80695,10
13.0169000626,80.2253036499,80695,80705,10
13.0160999298,80.2256164551,80705,80715,10
13.0153303146,80.2258682251,80715,80725,10
13.0147600174,80.226020813,80725,80736,11
13.0143203735,80.2261962891,80736,80746,10
13.0141801834,80.2261199951,80746,80756,10
13.0141897202,80.2258224487,80756,80857,101
13.0141897202,80.2258224487,80857,80867,10
13.0141601563,80.2255096436,80867,80877,10
13.0140399933,80.2253036499,80877,80897,20
13.0140399933,80.2253036499,80897,80908,11
13.0140600204,80.2255783081,80908,83992,3084
13.0140600204,80.2255783081,83992,84002,10
13.0141401291,80.2257537842,84002,84670,668
13.0141201019,80.2257385254,84670,85236,566
13.0141601563,80.2256393433,85236,85630,394
