12.9983100891,80.2569885254,19,19695,19676
12.9983100891,80.2569885254,19695,19706,11
12.9983701706,80.2567520142,19706,19716,10
12.9982995987,80.256439209,19716,19726,10
12.9979000092,80.256362915,19726,19736,10
12.9977197647,80.2561569214,19736,19746,10
12.9977197647,80.2561035156,19746,19756,10
12.9976396561,80.2559509277,19756,19766,10
12.9972801208,80.2559204102,19766,19776,10
12.9968204498,80.255897522,19776,19786,10
12.996219635,80.2558898926,19786,19796,10
12.9955396652,80.2558898926,19796,19806,10
12.9948997498,80.2559280396,19806,19817,11
12.9942398071,80.2559661865,19817,19827,10
12.9934997559,80.2560272217,19827,19837,10
12.9925603867,80.2560806274,19837,19847,10
12.9917001724,80.256072998,19847,19857,10
12.9909095764,80.2560424805,19857,19867,10
12.9901695251,80.2559967041,19867,19877,10
12.9893503189,80.2559661865,19877,19887,10
12.9884500504,80.2558898926,19887,19897,10
12.9877195358,80.2557907104,19897,19907,10
12.9875097275,80.2557525635,19907,19924,17
12.9867296219,80.2556228638,19924,19936,12
12.9858703613,80.2554397583,19936,19946,10
12.9850797653,80.2552490234,19946,19956,10
12.9842500687,80.2550506592,19956,19966,10
12.9834899902,80.2548522949,19966,19976,10
12.9827804565,80.2546081543,19976,19985,9
12.9821996689,80.2543792725,19985,19996,11
12.9818696976,80.253692627,19996,20004,8
12.9817695618,80.2531814575,20004,20016,12
12.9809503555,80.2527694702,20016,20026,10
12.9801797867,80.2527389526,20026,20037,11
12.9792098999,80.2526473999,20037,20047,10
12.97838974,80.2524337769,20047,20057,10
12.9776697159,80.2518310547,20057,20067,10
12.9767599106,80.2512817383,20067,20077,10
12.9756402969,80.2509765625,20077,20087,10
12.97453022,80.2506637573,20087,20097,10
12.973400116,80.2503585815,20097,20107,10
12.9722900391,80.2500686646,20107,20117,10
12.9711799622,80.2497634888,20117,20127,10
12.9700899124,80.249420166,20127,20137,10
12.9690599442,80.2490005493,20137,20148,11
12.9679098129,80.2485427856,20148,20158,10
12.9668798447,80.2480697632,20158,20168,10
12.965880394,80.2476196289,20168,20178,10
12.9650201797,80.2473373413,20178,20188,10
12.9641399384,80.2470016479,20188,20198,10
12.9631595612,80.2465667725,20198,20208,10
12.9619998932,80.2459869385,20208,20218,10
12.960729599,80.2453765869,20218,20228,10
12.9594402313,80.2447814941,20228,20238,10
12.9582004547,80.2442626953,20238,20248,10
12.9574899673,80.2440109253,20248,20258,10
12.9566402435,80.2437820435,20258,20269,11
12.9563798904,80.2436904907,20269,20279,10
12.9563598633,80.2437133789,20279,20289,10
12.9560804367,80.243598938,20289,20299,10
12.9554796219,80.2432632446,20299,20309,10
12.9546604156,80.2428512573,20309,20319,10
12.9538698196,80.2425079346,20319,20329,10
12.9529304504,80.2421188354,20329,20339,10
12.9519996643,80.2417602539,20339,20349,10
12.9511299133,80.2414703369,20349,20359,10
12.9502000809,80.2411880493,20359,20370,11
12.9493398666,80.2409133911,20370,20380,10
12.9489603043,80.2407684326,20380,20389,9
12.9484596252,80.240562439,20389,20400,11
12.9476203918,80.2402114868,20400,20410,10
12.9470996857,80.2400131226,20410,20420,10
12.9468898773,80.2399291992,20420,20430,10
12.9463195801,80.2396774292,20430,20440,10
12.9455299377,80.2393112183,20440,20450,10
12.9447498322,80.2386322021,20450,20460,10
12.9439296722,80.2377471924,20460,20470,10
12.9430799484,80.236907959,20470,20480,10
12.942029953,80.2363815308,20480,20491,11
12.940779686,80.2360916138,20491,20501,10
12.9399003983,80.2358398438,20501,20511,10
12.9396600723,80.235748291,20511,20521,10
12.9392595291,80.2355575562,20521,20531,10
12.9385299683,80.2351837158,20531,20541,10
12.937669754,80.2347564697,20541,20551,10
12.9366998672,80.2342834473,20551,20561,10
12.9358301163,80.2338485718,20561,20571,10
12.9350404739,80.2334976196,20571,20581,10
12.934129715,80.2330780029,20581,20592,11
12.9331102371,80.2326278687,20592,20602,10
12.9319295883,80.2322006226,20602,20612,10
12.9308004379,80.231842041,20612,20622,10
12.9295902252,80.2314910889,20622,20632,10
12.9283103943,80.2312469482,20632,20641,9
12.927069664,80.2310791016,20641,20652,11
12.9256601334,80.2309188843,20652,20662,10
12.9245901108,80.230796814,20662,20672,10
12.923500061,80.230682373,20672,20682,10
12.9221801758,80.23046875,20682,20692,10
12.9208297729,80.2302780151,20692,20702,10
12.9194602966,80.2301101685,20702,20713,11
12.9180603027,80.229927063,20713,20723,10
12.9167699814,80.2297515869,20723,20733,10
12.91547966,80.2295684814,20733,20743,10
12.9141902924,80.2293701172,20743,20753,10
12.9129800797,80.2291870117,20753,20762,9
12.9118099213,80.2290420532,20762,20773,11
12.9103403091,80.2288208008,20773,20783,10
12.9092302322,80.2286376953,20783,20793,10
12.9077396393,80.2284011841,20793,20803,10
12.9066896439,80.2282791138,20803,20812,9
12.9057798386,80.2282104492,20812,20824,12
12.9043998718,80.2281417847,20824,20834,10
12.9032096863,80.2280807495,20834,20844,10
12.9021100998,80.2280197144,20844,20854,10
12.9012403488,80.2279815674,20854,20864,10
12.9007701874,80.2279586792,20864,20874,10
12.9001703262,80.2279205322,20874,20884,10
12.8996601105,80.227897644,20884,20894,10
12.899600029,80.227897644,20894,20904,10
12.8991804123,80.2278518677,20904,20914,10
12.8985204697,80.2277984619,20914,20924,10
12.8976402283,80.2277526855,20924,20935,11
12.8964796066,80.2276763916,20935,20945,10
12.8951997757,80.2276306152,20945,20955,10
12.8939399719,80.2275619507,20955,20965,10
12.8928499222,80.2274398804,20965,20981,16
12.8911600113,80.2273406982,20981,21001,20
12.8887300491,80.2273635864,21001,21013,12
12.8881797791,80.2273635864,21013,21023,10
12.8878698349,80.2273178101,21023,21033,10
12.887260437,80.2272186279,21033,21044,11
12.8862600327,80.2270126343,21044,21053,9
12.8852996826,80.2267913818,21053,21064,11
12.8848199844,80.2267532349,21064,21073,9
12.8844804764,80.2267379761,21073,21084,11
12.8837203979,80.2267379761,21084,21093,9
12.8827104568,80.2267379761,21093,21104,11
12.8815698624,80.2267303467,21104,21114,10
12.8801803589,80.2267532349,21114,21124,10
12.8788700104,80.2267837524,21124,21134,10
12.877579689,80.2268829346,21134,21144,10
12.8766002655,80.2269515991,21144,21155,11
12.8763904572,80.2267379761,21155,21165,10
12.8763999939,80.2266464233,21165,21175,10
12.8764295578,80.2264099121,21175,21185,10
12.8765001297,80.2258529663,21185,21195,10
12.8765802383,80.2250289917,21195,21205,10
12.8767204285,80.2240219116,21205,21215,10
12.8769598007,80.2229919434,21215,21225,10
12.877240181,80.2217636108,21225,21235,10
12.8775396347,80.2204818726,21235,21245,10
12.8777999878,80.2193069458,21245,21255,10
12.8780498505,80.2182388306,21255,21266,11
12.8782901764,80.2170791626,21266,21276,10
12.8785104752,80.2159881592,21276,21286,10
12.8787603378,80.2148590088,21286,21296,10
12.8789796829,80.2136917114,21296,21306,10
12.8792104721,80.2124862671,21306,21316,10
12.87940979,80.2114028931,21316,21326,10
12.879240036,80.2109680176,21326,21336,10
12.8791799545,80.2109603882,21336,21346,10
12.8789100647,80.2109069824,21346,21356,10
12.8784198761,80.2108230591,21356,21366,10
12.8777704239,80.2106933594,21366,21377,11
12.876950264,80.2105331421,21377,21387,10
12.8761396408,80.2103805542,21387,21397,10
12.8752498627,80.2102279663,21397,21407,10
12.8745298386,80.2100982666,21407,21417,10
12.8743600845,80.2098770142,21417,21427,10
12.8745803833,80.2095489502,21427,21437,10
12.8746995926,80.2098999023,21437,21498,61
12.8746995926,80.2098999023,21498,21508,10
12.8748397827,80.2101593018,21508,21518,10
12.8751096725,80.2102203369,21518,21528,10
12.875289917,80.2102584839,21528,21538,10
12.8758096695,80.2103729248,21538,21548,10
12.8763904572,80.2104797363,21548,21558,10
12.8771295547,80.210609436,21558,21568,10
12.8779201508,80.2107696533,21568,21578,10
12.8787603378,80.2109222412,21578,21588,10
12.879119873,80.2109985352,21588,21599,11
12.879119873,80.2109909058,21599,21608,9
12.8792295456,80.2109985352,21608,21619,11
12.8794803619,80.2111434937,21619,21629,10
12.8794298172,80.2116622925,21629,21639,10
12.8793001175,80.2123336792,21639,21649,10
12.8791599274,80.2130126953,21649,21659,10
12.8790397644,80.2136688232,21659,21669,10
12.8789100647,80.2143478394,21669,21679,10
12.8787899017,80.2149810791,21679,21689,10
12.878660202,80.2155914307,21689,21699,10
12.8785295486,80.2161865234,21699,21710,11
12.8783998489,80.2168197632,21710,21720,10
12.878279686,80.2174301147,21720,21730,10
12.8781204224,80.2182769775,21730,21740,10
12.8778800964,80.2192687988,21740,21750,10
12.8776197433,80.2203598022,21750,21760,10
12.8773698807,80.2214431763,21760,21770,10
12.8771400452,80.2224731445,21770,21780,10
12.8769102097,80.2234573364,21780,21790,10
12.8767299652,80.2244262695,21790,21800,10
12.8766202927,80.2253570557,21800,21810,10
12.8765201569,80.2261810303,21810,21821,11
12.8764801025,80.2267990112,21821,21831,10
12.876709938,80.2268676758,21831,21841,10
12.8767995834,80.2268600464,21841,21851,10
12.8771295547,80.2268371582,21851,21861,10
12.8778095245,80.2267913818,21861,21871,10
12.8787002563,80.2267379761,21871,21881,10
12.8797502518,80.2266921997,21881,21891,10
12.8808803558,80.2266693115,21891,21901,10
12.8820199966,80.2266769409,21901,21911,10
12.8830900192,80.2266616821,21911,21921,10
12.884180069,80.2266464233,21921,21931,10
12.8852596283,80.2266616821,21931,21952,21
12.8852596283,80.2266616821,21952,21962,10
12.8856096268,80.2267303467,21962,21972,10
12.8862104416,80.2268981934,21972,21982,10
12.8870000839,80.2270812988,21982,21992,10
12.8878898621,80.2272262573,21992,22002,10
12.8885297775,80.2272720337,22002,22012,10
12.8886098862,80.2272796631,22012,22022,10
12.8890800476,80.2273025513,22022,22032,10
12.8898601532,80.2273025513,22032,22042,10
12.89083004,80.2273025513,22042,22053,11
12.8919401169,80.2273025513,22053,22063,10
12.8928899765,80.2273788452,22063,22073,10
12.8938598633,80.2275009155,22073,22083,10
12.8941898346,80.2275238037,22083,22093,10
12.8943300247,80.2275390625,22093,22103,10
12.894900322,80.2275695801,22103,22113,10
12.8957300186,80.2276077271,22113,22123,10
12.8967504501,80.2276611328,22123,22133,10
12.8978300095,80.227722168,22133,22149,16
12.8995599747,80.2278366089,22149,22161,12
12.9006204605,80.2278900146,22161,22172,11
12.9011802673,80.2279434204,22172,22181,9
12.9016895294,80.2279663086,22181,22192,11
12.9027099609,80.2279968262,22192,22212,20
12.9027099609,80.2279968262,22212,22222,10
12.9030504227,80.2280197144,22222,22232,10
12.9037504196,80.2280578613,22232,22242,10
12.9046401978,80.2281112671,22242,22251,9
12.9055299759,80.2281570435,22251,22261,10
12.906419754,80.2282104492,22261,22273,12
12.9068498611,80.2282409668,22273,22283,10
12.9069499969,80.2282409668,22283,22293,10
12.907500267,80.2283172607,22293,22303,10
12.9083204269,80.2284622192,22303,22313,10
12.9093198776,80.2286071777,22313,22323,10
12.910369873,80.2287826538,22323,22333,10
12.9114599228,80.2289505005,22333,22343,10
12.912560463,80.2291107178,22343,22353,10
12.9135599136,80.2292480469,22353,22363,10
12.9140701294,80.229309082,22363,22373,10
12.9140796661,80.229309082,22373,22384,11
12.9145402908,80.2293624878,22384,22394,10
12.9152603149,80.2294616699,22394,22404,10
12.916179657,80.2295913696,22404,22414,10
12.9172401428,80.2297515869,22414,22424,10
12.9183197021,80.2298965454,22424,22434,10
12.9191999435,80.2300109863,22434,22444,10
12.9193696976,80.2300186157,22444,22454,10
12.9195804596,80.2300491333,22454,22464,10
12.9202003479,80.230140686,22464,22474,10
12.9210500717,80.2302398682,22474,22484,10
12.9220895767,80.2303924561,22484,22494,10
12.9231996536,80.2305603027,22494,22505,11
12.9244098663,80.2307281494,22505,22515,10
12.9254703522,80.2308502197,22515,22525,10
12.9262800217,80.2309417725,22525,22535,10
12.9264202118,80.2309494019,22535,22545,10
12.9267501831,80.231010437,22545,22555,10
12.9273700714,80.2310791016,22555,22565,10
12.9281702042,80.2311935425,22565,22575,10
12.9290504456,80.231338501,22575,22585,10
12.9299402237,80.2315368652,22585,22595,10
12.9308595657,80.2317810059,22595,22606,11
12.9318799973,80.2321014404,22606,22616,10
12.9327898026,80.2323989868,22616,22626,10
12.9335603714,80.232711792,22626,22646,20
12.9335603714,80.232711792,22646,22656,10
12.9337301254,80.2328109741,22656,22666,10
12.9341602325,80.233001709,22666,22676,10
12.9348297119,80.2332992554,22676,22686,10
12.9354801178,80.2335891724,22686,22696,10
12.9361600876,80.2339096069,22696,22706,10
12.9369001389,80.2342605591,22706,22717,11
12.9377498627,80.2346725464,22717,22727,10
12.9385499954,80.2350616455,22727,22737,10
12.939209938,80.2353820801,22737,22747,10
12.9395599365,80.2355728149,22747,22757,10
12.9396295547,80.2356185913,22757,22767,10
12.9400701523,80.2358169556,22767,22777,10
12.9408397675,80.2360229492,22777,22787,10
12.9417200089,80.2362365723,22787,22797,10
12.9426298141,80.2365112305,22797,22807,10
12.943400383,80.2370223999,22807,22817,10
12.9436998367,80.2373428345,22817,22828,11
12.9439496994,80.2376403809,22828,22838,10
12.9444799423,80.2382278442,22838,22848,10
12.9451799393,80.2389907837,22848,22858,10
12.9460802078,80.2395019531,22858,22868,10
12.9469299316,80.2398605347,22868,22878,10
12.947259903,80.239982605,22878,22888,10
12.9472999573,80.2399902344,22888,22898,10
12.9476900101,80.2401580811,22898,22908,10
12.9483203888,80.2404174805,22908,22918,10
12.9488296509,80.2406387329,22918,22928,10
12.9489402771,80.2406997681,22928,22939,11
12.949259758,80.2408065796,22939,22949,10
12.9499197006,80.241027832,22949,22959,10
12.9510698318,80.2413482666,22959,22979,20
12.9510698318,80.2413482666,22979,22989,10
12.9514198303,80.2414779663,22989,22999,10
12.9520998001,80.2417373657,22999,23009,10
12.9529600143,80.2420578003,23009,23019,10
12.9536399841,80.2423324585,23019,23029,10
12.9546604156,80.2427368164,23029,23039,10
12.9552898407,80.2429733276,23039,23050,11
12.9560899734,80.2433013916,23050,23060,10
12.956489563,80.2434463501,23060,23070,10
12.9568595886,80.243598938,23070,23080,10
12.9575796127,80.2439193726,23080,23090,10
12.9584703445,80.2442779541,23090,23100,10
12.9590101242,80.244468689,23100,23109,9
12.9590196609,80.2444763184,23109,23121,12
12.9593896866,80.2446594238,23121,23131,10
12.9600896835,80.2449798584,23131,23141,10
12.9609804153,80.2453994751,23141,23151,10
12.961979866,80.245880127,23151,23162,11
12.9629802704,80.2463912964,23162,23172,10
12.9636802673,80.2467498779,23172,23182,10
12.964509964,80.2470703125,23182,23192,10
12.9654903412,80.2473983765,23192,23202,10
12.9666500092,80.2478485107,23202,23222,20
12.9666500092,80.2478485107,23222,23232,10
12.9668102264,80.2479629517,23232,23242,10
12.9672603607,80.2481765747,23242,23252,10
12.9680099487,80.2484970093,23252,23262,10
12.9688596725,80.248840332,23262,23273,11
12.9699802399,80.2492828369,23273,23283,10
12.9710798264,80.2496490479,23283,23293,10
12.9721899033,80.249961853,23293,23303,10
12.9733104706,80.25025177,23303,23313,10
12.9743404388,80.2505187988,23313,23323,10
12.9753904343,80.2508392334,23323,23333,10
12.9765100479,80.251159668,23333,23343,10
12.9775400162,80.2516021729,23343,23353,10
12.9782896042,80.2522201538,23353,23363,10
12.9790096283,80.2525634766,23363,23373,10
12.9799604416,80.2523422241,23373,23402,29
12.9799604416,80.2523422241,23402,23410,8
12.9799699783,80.2522125244,23410,23422,12
12.9801502228,80.2516403198,23422,23432,10
12.9803600311,80.2509384155,23432,23442,10
12.9805603027,80.2502288818,23442,23452,10
12.9807500839,80.2491378784,23452,23462,10
12.980799675,80.2482299805,23462,23472,10
12.980919838,80.2468032837,23472,23481,9
12.9810400009,80.2457122803,23481,23492,11
12.9811601639,80.2444992065,23492,23503,11
12.9812498093,80.2437133789,23503,23513,10
12.9813604355,80.2434005737,23513,23523,10
12.9813499451,80.2429962158,23523,23533,10
12.9813499451,80.2429275513,23533,23543,10
12.9813404083,80.2429122925,23543,23553,10
12.9813899994,80.2425003052,23553,23563,10
12.9813804626,80.2419509888,23563,23573,10
12.9813899994,80.2412567139,23573,23583,10
12.9813804626,80.2406311035,23583,23593,10
12.9813699722,80.2399520874,23593,23603,10
12.9813499451,80.2393722534,23603,23614,11
12.9813299179,80.238822937,23614,23624,10
12.9813203812,80.23828125,23624,23634,10
12.9813098907,80.2379302979,23634,23644,10
12.9813098907,80.2378692627,23644,23654,10
12.981300354,80.2373580933,23654,23664,10
12.9812698364,80.2365493774,23664,23674,10
12.9812402725,80.2356491089,23674,23684,10
12.9812202454,80.2347717285,23684,23694,10
12.9813804626,80.2338790894,23694,23704,10
12.9816303253,80.2333374023,23704,23714,10
12.9816503525,80.2332992554,23714,23725,11
12.9818696976,80.2328414917,23725,23735,10
12.9820098877,80.2322692871,23735,23745,10
12.9819898605,80.2317428589,23745,23755,10
12.9819002151,80.2311706543,23755,23765,10
12.9817495346,80.2307434082,23765,23775,10
12.9814300537,80.2301712036,23775,23791,16
12.9809398651,80.2294235229,23791,23803,12
12.9807796478,80.2291717529,23803,23811,8
12.9806804657,80.2289886475,23811,23823,12
12.9805402756,80.2287063599,23823,23833,10
12.980340004,80.2282867432,23833,23844,11
12.9800395966,80.2277832031,23844,23854,10
12.9797201157,80.2272491455,23854,23864,10
12.9794101715,80.2267379761,23864,23874,10
12.979060173,80.2261810303,23874,23884,10
12.978770256,80.2256774902,23884,23894,10
12.9784603119,80.2251434326,23894,23904,10
12.9781999588,80.2247390747,23904,23914,10
12.9778699875,80.2242965698,23914,23924,10
12.9777898788,80.2241592407,23924,23934,10
12.9775400162,80.223739624,23934,23945,11
12.9771099091,80.2230224609,23945,23955,10
12.9770002365,80.2227630615,23955,23965,10
12.9772596359,80.2226715088,23965,23975,10
12.9772701263,80.2226715088,23975,23985,10
12.977519989,80.2225799561,23985,23995,10
12.9775295258,80.2220687866,23995,24005,10
12.9774999619,80.2214431763,24005,24015,10
12.9776000977,80.2211990356,24015,24025,10
12.9781599045,80.2211990356,24025,24035,10
12.978969574,80.2211227417,24035,24045,10
12.979809761,80.2210693359,24045,24056,11
12.9808197021,80.220993042,24056,24066,10
12.9816398621,80.221321106,24066,24076,10
12.9822797775,80.2217407227,24076,24086,10
12.982919693,80.2219619751,24086,24096,10
12.9829998016,80.2220230103,24096,24106,10
12.9832696915,80.2222213745,24106,24116,10
12.9838600159,80.2225799561,24116,24126,10
12.9845304489,80.2229614258,24126,24135,9
12.9851398468,80.2232589722,24135,24146,11
12.9856996536,80.2230606079,24146,24156,10
12.9863395691,80.2229614258,24156,24167,11
12.9864997864,80.2229614258,24167,24177,10
12.9869403839,80.2230072021,24177,24187,10
12.9874696732,80.2230834961,24187,24197,10
12.9881000519,80.2228317261,24197,24207,10
12.9887399673,80.2222976685,24207,24217,10
12.989279747,80.2216796875,24217,24227,10
12.9898195267,80.2209320068,24227,24237,10
12.9903802872,80.2204284668,24237,24247,10
12.9904203415,80.2203979492,24247,24257,10
12.9907197952,80.2201766968,24257,24273,16
12.9915399551,80.2195129395,24273,24286,13
12.992480278,80.2188491821,24286,24296,10
12.9931201935,80.2183837891,24296,24306,10
12.9941196442,80.2176589966,24306,24314,8
12.9947395325,80.2172393799,24314,24324,10
12.9953899384,80.2168121338,24324,24335,11
12.9962997437,80.2165603638,24335,24346,11
12.9970598221,80.216468811,24346,24356,10
12.9974899292,80.2161483765,24356,24366,10
12.9975795746,80.2160797119,24366,24375,9
12.9978399277,80.2158584595,24375,24385,10
12.9983196259,80.2154388428,24385,24397,12
12.9988698959,80.2150115967,24397,24407,10
12.9988899231,80.2149887085,24407,24417,10
12.9989204407,80.2149276733,24417,24427,10
12.999130249,80.2147521973,24427,24437,10
12.9994297028,80.2144927979,24437,24447,10
12.9998502731,80.2141265869,24447,24457,10
13.0001802444,80.2138366699,24457,24467,10
13.0008602142,80.213218689,24467,24477,10
13.001449585,80.2127838135,24477,24487,10
13.0020103455,80.2123794556,24487,24497,10
13.0026798248,80.2121124268,24497,24508,11
13.0034303665,80.212059021,24508,24518,10
13.003660202,80.2119522095,24518,24528,10
13.0037002563,80.2118225098,24528,24538,10
13.0037202835,80.2113113403,24538,24548,10
13.0036401749,80.2105484009,24548,24558,10
13.0035495758,80.2097320557,24558,24568,10
13.0036401749,80.2090988159,24568,24578,10
13.0041399002,80.2086791992,24578,24588,10
13.0049104691,80.2090301514,24588,24598,10
13.0057401657,80.2093734741,24598,24608,10
13.0069503784,80.2097320557,24608,24639,31
13.0069503784,80.2097320557,24639,24649,10
13.0070800781,80.2097625732,24649,24659,10
13.0072803497,80.2098388672,24659,24669,10
13.0077295303,80.2099075317,24669,24678,9
13.0080795288,80.2099761963,24678,24689,11
13.0081501007,80.2096633911,24689,24699,10
13.008020401,80.2089004517,24699,24709,10
13.0078802109,80.2080001831,24709,24719,10
13.0077600479,80.2071685791,24719,24730,11
13.0076398849,80.2062606812,24730,24740,10
13.0075502396,80.205291748,24740,24750,10
13.0075397491,80.204246521,24750,24760,10
13.0074195862,80.2033233643,24760,24770,10
13.0069999695,80.2025527954,24770,24780,10
13.0066003799,80.2031173706,24780,24790,10
13.0073003769,80.2035827637,24790,24800,10
13.0083503723,80.2036972046,24800,24810,10
13.0095500946,80.2036437988,24810,24820,10
13.0108003616,80.2036514282,24820,24830,10
13.0120096207,80.2037811279,24830,24841,11
13.0131702423,80.2040176392,24841,24851,10
13.0136804581,80.2042617798,24851,24861,10
13.0137195587,80.2043380737,24861,24871,10
13.0136203766,80.2046966553,24871,24881,10
13.0135097504,80.2049865723,24881,24891,10
13.013299942,80.2056274414,24891,24901,10
13.0130901337,80.2063827515,24901,24911,10
13.013010025,80.2072601318,24911,24921,10
13.0129299164,80.2077636719,24921,24931,10
13.0128898621,80.2080001831,24931,24941,10
13.0128498077,80.2082824707,24941,24952,11
13.0128698349,80.2086029053,24952,24962,10
13.0129499435,80.2090988159,24962,24972,10
13.0131597519,80.209602356,24972,24982,10
13.0131902695,80.2100830078,24982,24992,10
13.0131196976,80.210647583,24992,25002,10
13.0128602982,80.2112731934,25002,25012,10
13.0125198364,80.2118911743,25012,25022,10
13.012140274,80.2124786377,25022,25032,10
13.0118598938,80.2127838135,25032,25042,10
13.0115804672,80.2126464844,25042,25052,10
13.0108098984,80.2121200562,25052,25698,646
13.0108098984,80.2121200562,25698,25708,10
13.0104904175,80.2117767334,25708,25718,10
13.0103597641,80.2117004395,25718,26001,283
13.0100698471,80.211479187,26001,26162,161
13.0096998215,80.2112426758,26162,26273,111
13.0093698502,80.2110595703,26273,26294,21
13.0092601776,80.2111816406,26294,26374,80
13.0092601776,80.2111816406,26374,26384,10
13.0089998245,80.2115631104,26384,26394,10
13.0091295242,80.2119979858,26394,26405,11
13.0094003677,80.2127990723,26405,26415,10
13.0096998215,80.2136077881,26415,26425,10
13.0100002289,80.2143783569,26425,26435,10
13.010140419,80.2150192261,26435,26445,10
13.0102996826,80.2158813477,26445,26455,10
13.0106801987,80.2167205811,26455,26465,10
13.011059761,80.2175216675,26465,26475,10
13.0113897324,80.2183380127,26475,26485,10
13.0117301941,80.2193069458,26485,26495,10
13.012049675,80.2203063965,26495,26505,10
13.0122995377,80.2210235596,26505,26516,11
13.0124197006,80.2214736938,26516,26526,10
13.0126600266,80.2218704224,26526,26536,10
13.0131196976,80.2224884033,26536,26546,10
13.0137195587,80.2231216431,26546,26556,10
13.0142202377,80.2236480713,26556,26566,10
13.0146503448,80.2241287231,26566,26576,10
13.0151596069,80.2247695923,26576,26586,10
13.0154495239,80.2252807617,26586,26596,10
13.0153303146,80.2257385254,26596,26606,10
13.0147304535,80.226020813,26606,26616,10
13.013879776,80.2263793945,26616,26627,11
13.0129899979,80.2267379761,26627,26637,10
13.0122404099,80.2270812988,26637,26647,10
13.0114097595,80.2274398804,26647,26657,10
13.0103998184,80.2278366089,26657,26667,10
13.0095396042,80.2282104492,26667,26677,10
13.0090904236,80.2288818359,26677,26687,10
13.0088701248,80.229927063,26687,26697,10
13.0086803436,80.2309570313,26697,26707,10
13.0085401535,80.2316665649,26707,26717,10
13.0083799362,80.2324829102,26717,26727,10
13.0082902908,80.233001709,26727,26738,11
13.0082101822,80.2335128784,26738,26748,10
13.0081396103,80.23387146,26748,26758,10
13.0080299377,80.2344284058,26758,26768,10
13.0078601837,80.2351913452,26768,26778,10
13.0077104568,80.2359695435,26778,26788,10
13.0075397491,80.2368469238,26788,26798,10
13.0073699951,80.237739563,26798,26808,10
13.0072402954,80.2385025024,26808,26818,10
13.0071201324,80.2390594482,26818,26828,10
13.0070199966,80.239616394,26828,26848,20
13.0070199966,80.239616394,26848,26859,11
13.0069904327,80.2398071289,26859,26869,10
13.0069103241,80.2402496338,26869,26879,10
13.0067796707,80.2409667969,26879,26889,10
13.0067796707,80.2409667969,26889,26899,10
13.0067796707,80.2411193848,26899,26909,10
13.0067501068,80.2412872314,26909,26919,10
13.0067396164,80.2419281006,26919,26929,10
13.0067195892,80.242767334,26929,26939,10
13.0066900253,80.2436294556,26939,26949,10
13.0066900253,80.2445983887,26949,26960,11
13.0066995621,80.2456588745,26960,26971,11
13.0067396164,80.2466964722,26971,26981,10
13.0067300797,80.2476119995,26981,26991,10
13.0067396164,80.2485122681,26991,27001,10
13.0068101883,80.2490768433,27001,27011,10
13.0067996979,80.2491989136,27011,27022,11
13.0068302155,80.2498474121,27022,27032,10
13.0068597794,80.2506790161,27032,27042,10
13.0068597794,80.2512130737,27042,27052,10
13.0067901611,80.2516021729,27052,27062,10
13.0066299438,80.252281189,27062,27072,10
13.0065803528,80.2531280518,27072,27083,11
13.0065803528,80.2542266846,27083,27093,10
13.0066204071,80.2546615601,27093,27103,10
13.0066204071,80.2551422119,27103,27113,10
13.0066299438,80.2558822632,27113,27123,10
13.0066604614,80.2565002441,27123,27139,16
13.0066604614,80.2568664551,27139,27161,22
13.0066604614,80.2568664551,27161,27171,10
13.0067195892,80.2573165894,27171,27181,10
13.0066204071,80.2574996948,27181,27192,11
13.0065803528,80.2574996948,27192,27202,10
13.0062303543,80.2575073242,27202,27212,10
13.0057401657,80.2573928833,27212,27222,10
13.0053195953,80.2572479248,27222,27232,10
13.0047903061,80.2571334839,27232,27242,10
13.0040597916,80.256980896,27242,27252,10
13.0033397675,80.2568511963,27252,27263,11
13.0023698807,80.2566604614,27263,27314,51
13.0023698807,80.2566604614,27314,27324,10
13.002240181,80.2566986084,27324,27334,10
13.0018997192,80.2566375732,27334,27344,10
13.0012197495,80.2565383911,27344,27354,10
13.0004901886,80.256401062,27354,27364,10
12.9998598099,80.2562866211,27364,27373,9
12.999420166,80.2562026978,27373,27384,11
12.9987802505,80.2560882568,27384,27394,10
12.9981803894,80.2560272217,27394,27404,10
12.9981203079,80.2560272217,27404,27415,11
12.998000145,80.2559890747,27415,27425,10
12.997710228,80.256111145,27425,27435,10
12.9977197647,80.256401062,27435,27445,10
12.9975795746,80.2567825317,27445,27455,10
12.9973096848,80.256942749,27455,27515,60
12.9972496033,80.257019043,27515,27859,344
12.9969100952,80.2570419312,27859,28807,948
12.9969100952,80.2570419312,28807,28817,10
12.9971904755,80.256942749,28817,28827,10
12.9975795746,80.2566680908,28827,28837,10
12.9978399277,80.2569122314,28837,28847,10
12.9976797104,80.257019043,28847,28857,10
12.9975099564,80.256729126,28857,28948,91
12.9975099564,80.256729126,28948,28958,10
12.9975700378,80.2566223145,28958,28968,10
12.9979000092,80.2565536499,28968,28979,11
12.9981803894,80.2567901611,28979,28989,10
12.9977903366,80.2563323975,28989,29090,101
12.9977903366,80.2563323975,29090,29100,10
12.9977397919,80.2562332153,29100,29110,10
12.9977197647,80.2560119629,29110,29130,20
12.9977197647,80.2560119629,29130,29140,10
12.9973802567,80.2559432983,29140,29150,10
12.9968004227,80.2559280396,29150,29160,10
12.9961595535,80.2559204102,29160,29170,10
12.9956798553,80.2559280396,29170,29180,10
12.9951200485,80.2559432983,29180,29190,10
12.9945001602,80.2559814453,29190,29201,11
12.9938097,80.2560424805,29201,29211,10
12.9929800034,80.2560882568,29211,29221,10
12.9920701981,80.256111145,29221,29231,10
12.9911899567,80.2560806274,29231,29241,10
12.9904499054,80.2560577393,29241,29251,10
12.9897098541,80.2560424805,29251,29261,10
12.9889202118,80.2559661865,29261,29271,10
12.9882497787,80.255897522,29271,29412,141
12.9882497787,80.255897522,29412,29423,11
12.9879703522,80.2558898926,29423,29432,9
12.9875602722,80.2558135986,29432,29443,11
12.9870300293,80.2557067871,29443,29453,10
12.986120224,80.2555618286,29453,29483,30
12.986120224,80.2555618286,29483,29493,10
12.9859304428,80.2555007935,29493,29503,10
12.9855499268,80.2554016113,29503,29513,10
12.9848899841,80.255241394,29513,29523,10
12.9841995239,80.2550811768,29523,29533,10
12.9835300446,80.2548980713,29533,29544,11
12.9830799103,80.2547531128,29544,29554,10
12.9826202393,80.2546005249,29554,29564,10
12.9821195602,80.2542877197,29564,29574,10
12.9818601608,80.2537078857,29574,29584,10
12.9817304611,80.2531204224,29584,29614,30
12.9817304611,80.2531204224,29614,29624,10
12.9814395905,80.2528381348,29624,29634,10
12.9809904099,80.2527999878,29634,29644,10
12.9805402756,80.2528076172,29644,29655,11
12.979809761,80.2527770996,29655,29665,10
12.978770256,80.2526626587,29665,29705,40
12.978770256,80.2526626587,29705,29715,10
12.9786596298,80.2526016235,29715,29725,10
12.9783601761,80.2524337769,29725,29735,10
12.9779996872,80.2521362305,29735,29745,10
12.9775600433,80.251739502,29745,29755,10
12.9769897461,80.2514266968,29755,29766,11
12.9763298035,80.2511978149,29766,29776,10
12.9757404327,80.2510604858,29776,29786,10
12.9752998352,80.2509384155,29786,29796,10
12.9749898911,80.2508392334,29796,29806,10
12.9747400284,80.2507629395,29806,29816,10
12.9743795395,80.2506637573,29816,29826,10
12.9738998413,80.2505264282,29826,29836,10
12.9732398987,80.2503585815,29836,29846,10
12.9726600647,80.2502288818,29846,29856,10
12.9725799561,80.250213623,29856,29866,10
12.9721002579,80.2500610352,29866,29877,11
12.9712495804,80.2498168945,29877,29887,10
12.9703798294,80.2495422363,29887,29897,10
12.9694404602,80.249168396,29897,29907,10
12.9684200287,80.2487564087,29907,29917,10
12.9674196243,80.2483520508,29917,29927,10
12.9665699005,80.2479400635,29927,29937,10
12.9657897949,80.2476119995,29937,29947,10
12.9652900696,80.2474365234,29947,29957,10
12.965259552,80.2473983765,29957,29967,10
12.9648704529,80.2472610474,29967,29977,10
12.9641895294,80.2470092773,29977,29988,11
12.9632501602,80.2466201782,29988,29998,10
12.9622097015,80.2461013794,29998,30008,10
12.9610595703,80.245552063,30008,30018,10
12.9599304199,80.2450637817,30018,30028,10
12.9594202042,80.2448425293,30028,30038,10
12.9593601227,80.2448120117,30038,30048,10
12.9589195251,80.2445983887,30048,30058,10
12.9582004547,80.2443237305,30058,30068,10
12.9575595856,80.2440795898,30068,30078,10
12.9568796158,80.2438735962,30078,30088,10
12.9565401077,80.2437667847,30088,30129,41
12.9565401077,80.2437667847,30129,30139,10
12.9562301636,80.2436676025,30139,30149,10
12.9557104111,80.2433776855,30149,30159,10
12.9549398422,80.242980957,30159,30169,10
12.9540100098,80.2425765991,30169,30179,10
12.95291996,80.2421264648,30179,30189,10
12.9520397186,80.2418136597,30189,30199,10
12.9518098831,80.2417526245,30199,30210,11
12.9517097473,80.2417221069,30210,30220,10
12.9514398575,80.2416534424,30220,30230,10
12.950969696,80.2414627075,30230,30240,10
12.950460434,80.2413024902,30240,30250,10
12.9497003555,80.2410888672,30250,30260,10
12.9489402771,80.2408218384,30260,30270,10
12.9481801987,80.2405014038,30270,30280,10
12.9476604462,80.2402801514,30280,30290,10
12.947520256,80.2402114868,30290,30300,10
12.9472103119,80.2400817871,30300,30310,10
12.9471302032,80.2400512695,30310,30321,11
12.9469099045,80.2399368286,30321,30331,10
12.9463195801,80.2396774292,30331,30341,10
12.945520401,80.2393035889,30341,30351,10
12.9447498322,80.2386322021,30351,30361,10
12.9439296722,80.237739563,30361,30371,10
12.9430398941,80.2368621826,30371,30381,10
12.9418401718,80.236328125,30381,30391,10
12.9405202866,80.2360229492,30391,30401,10
12.9398403168,80.2358322144,30401,30411,10
12.9398298264,80.2358322144,30411,30421,10
12.9394397736,80.2356262207,30421,30431,10
12.9387998581,80.2352981567,30431,30442,11
12.9379796982,80.2349090576,30442,30452,10
12.9371404648,80.2344818115,30452,30462,10
12.9362602234,80.2340316772,30462,30472,10
12.9357404709,80.2337799072,30472,30482,10
12.9354696274,80.2336730957,30482,30492,10
12.9348201752,80.2334136963,30492,30502,10
12.9338598251,80.2329864502,30502,30522,20
12.9338598251,80.2329864502,30522,30532,10
12.9335098267,80.2328186035,30532,30542,10
12.932849884,80.2325363159,30542,30554,12
12.9317703247,80.2321624756,30554,30565,11
12.9305400848,80.2317581177,30565,30575,10
12.9295396805,80.2315292358,30575,30585,10
12.9286499023,80.231338501,30585,30595,10
12.9276599884,80.2312011719,30595,30605,10
12.9262304306,80.2310714722,30605,30625,20
12.9262304306,80.2310714722,30625,30635,10
12.9260396957,80.2310333252,30635,30645,10
12.9255199432,80.2309570313,30645,30655,10
12.9248199463,80.2308883667,30655,30666,11
12.9238595963,80.2307510376,30666,30676,10
12.9228401184,80.2306137085,30676,30686,10
12.9216995239,80.2304229736,30686,30696,10
12.920539856,80.2302780151,30696,30706,10
12.9195604324,80.2301864624,30706,30716,10
12.9193096161,80.2301483154,30716,30726,10
12.9191999435,80.2301025391,30726,30736,10
12.9187202454,80.2300262451,30736,30746,10
12.9179401398,80.2299423218,30746,30756,10
12.9169597626,80.2298126221,30756,30766,10
12.9158601761,80.2296600342,30766,30777,11
12.9146499634,80.2294998169,30777,30787,10
12.9136800766,80.2293701172,30787,30797,10
12.913189888,80.2293319702,30797,30877,80
12.913189888,80.2293319702,30877,30888,11
12.9131298065,80.2292861938,30888,30898,10
12.9126996994,80.2292175293,30898,30908,10
12.9120101929,80.229133606,30908,30918,10
12.9111404419,80.2290115356,30918,30928,10
12.9102201462,80.2288665771,30928,30938,10
12.9093399048,80.2287368774,30938,30948,10
12.9084796906,80.2285919189,30948,30999,51
12.9084796906,80.2285919189,30999,31009,10
12.9083299637,80.2285385132,31009,31025,16
12.9073495865,80.2284011841,31025,31128,103
12.9073495865,80.2284011841,31128,31138,10
12.9072198868,80.2283630371,31138,31148,10
12.9070501328,80.2283325195,31148,31158,10
12.906709671,80.2282867432,31158,31168,10
12.9062995911,80.2282791138,31168,31178,10
12.9061603546,80.2282791138,31178,31188,10
12.9059095383,80.2282562256,31188,31198,10
12.9054603577,80.2282333374,31198,31208,10
12.905090332,80.2282180786,31208,31218,10
12.9046297073,80.2282104492,31218,31229,11
12.9044904709,80.2282180786,31229,31239,10
12.9041500092,80.2282028198,31239,31249,10
12.9036502838,80.2281723022,31249,31259,10
12.9033603668,80.2281570435,31259,31269,10
12.9030399323,80.2281265259,31269,31279,10
12.9027795792,80.2281188965,31279,31289,10
12.9027204514,80.2281112671,31289,31299,10
12.9022598267,80.2281112671,31299,31541,242
12.9022598267,80.2281112671,31541,31551,10
12.902130127,80.2281036377,31551,31562,11
12.9019804001,80.2280807495,31562,31572,10
12.901720047,80.2280502319,31572,31582,10
12.9015703201,80.2280426025,31582,31592,10
12.9013299942,80.2280197144,31592,31602,10
12.9012203217,80.2280197144,31602,31612,10
12.9010601044,80.2279586792,31612,31622,10
12.9007997513,80.2279586792,31622,31632,10
12.9005002975,80.2279434204,31632,31642,10
12.9000301361,80.2279205322,31642,31652,10
12.8994102478,80.2278823853,31652,31662,10
12.8987503052,80.2278823853,31662,31683,21
12.8987503052,80.2278823853,31683,31693,10
12.8985900879,80.2278671265,31693,31703,10
12.8980703354,80.2278137207,31703,31713,10
12.897310257,80.2277526855,31713,31723,10
12.8964996338,80.227722168,31723,31733,10
12.8955898285,80.2276763916,31733,31743,10
12.8948802948,80.2276687622,31743,31753,10
12.8942699432,80.2276535034,31753,31763,10
12.8937902451,80.2276077271,31763,31773,10
12.893289566,80.2275619507,31773,31844,71
12.893289566,80.2275619507,31844,31854,10
12.8930997849,80.2275466919,31854,31864,10
12.8928604126,80.2275085449,31864,31874,10
12.8925600052,80.2274780273,31874,31884,10
12.8921499252,80.227432251,31884,31894,10
12.8915395737,80.2274017334,31894,31905,11
12.890999794,80.2273864746,31905,31915,10
12.8905000687,80.2274093628,31915,31935,20
12.8905000687,80.2274093628,31935,31944,9
12.8902196884,80.2274017334,31944,31975,31
12.8902196884,80.2274017334,31975,31985,10
12.8898296356,80.2274017334,31985,32005,20
12.8898296356,80.2274017334,32005,32016,11
12.8895998001,80.2273788452,32016,32026,10
12.8894500732,80.2274017334,32026,32036,10
12.8893299103,80.2274017334,32036,32046,10
12.8891601563,80.2273864746,32046,32056,10
12.8891201019,80.2273864746,32056,32066,10
12.8888998032,80.2273788452,32066,32096,30
12.8888998032,80.2273788452,32096,32106,10
12.8885698318,80.2273406982,32106,32116,10
12.8881902695,80.2273406982,32116,32127,11
12.8875303268,80.2272567749,32127,32137,10
12.886759758,80.227142334,32137,32147,10
12.8858604431,80.2269134521,32147,32157,10
12.8850402832,80.2267608643,32157,32167,10
12.8848304749,80.2267608643,32167,32177,10
12.8847303391,80.2267532349,32177,32187,10
12.8842000961,80.2267303467,32187,32197,10
12.8833503723,80.2267074585,32197,32207,10
12.882349968,80.2267227173,32207,32217,10
12.8812999725,80.2267227173,32217,32227,10
12.880200386,80.2267303467,32227,32237,10
12.8790597916,80.2267608643,32237,32248,11
12.8777503967,80.226852417,32248,32258,10
12.8768701553,80.2269363403,32258,32268,10
12.8765001297,80.2269134521,32268,32278,10
12.8764801025,80.2269134521,32278,32288,10
12.8764200211,80.2264785767,32288,32308,20
12.8764200211,80.2264785767,32308,32318,10
12.8764696121,80.2261581421,32318,32328,10
12.8765497208,80.2254562378,32328,32338,10
12.876660347,80.2245407104,32338,32347,9
12.8768396378,80.2235488892,32347,32359,12
12.8771800995,80.2220611572,32359,32369,10
12.8774795532,80.2208023071,32369,32379,10
12.8777599335,80.2195892334,32379,32389,10
12.8780498505,80.2183532715,32389,32399,10
12.8782997131,80.2171096802,32399,32409,10
12.8785400391,80.2159194946,32409,32419,10
12.8788003922,80.2147293091,32419,32429,10
12.8790102005,80.2135620117,32429,32439,10
12.879240036,80.2123718262,32439,32449,10
12.8794403076,80.2112884521,32449,32459,10
12.8791399002,80.2109375,32459,32490,31
12.8791399002,80.2109375,32490,32500,10
12.8790998459,80.2109985352,32500,32510,10
12.8787603378,80.2109375,32510,32520,10
12.8781604767,80.2108306885,32520,32530,10
12.8775596619,80.2107009888,32530,32540,10
12.8769197464,80.2105636597,32540,32550,10
12.8762102127,80.2104187012,32550,32560,10
12.8755397797,80.2102966309,32560,32570,10
12.8749599457,80.2101974487,32570,32581,11
12.8745002747,80.2101135254,32581,32591,10
12.8744697571,80.2101135254,32591,32601,10
12.8744297028,80.2100906372,32601,32611,10
12.8743696213,80.2098236084,32611,32621,10
12.8746004105,80.2095718384,32621,32631,10
12.8746595383,80.2098236084,32631,32893,262
12.8746595383,80.2098236084,32893,32903,10
12.8747196198,80.2099533081,32903,32913,10
12.874710083,80.2100982666,32913,32924,11
12.8749904633,80.2101898193,32924,32934,10
12.8754997253,80.2102890015,32934,32944,10
12.876159668,80.2104110718,32944,32954,10
12.876830101,80.2105407715,32954,32964,10
12.8775997162,80.2107009888,32964,32974,10
12.8782596588,80.2108078003,32974,32984,10
12.8788003922,80.2109222412,32984,32994,10
12.8792200089,80.2110214233,32994,33004,10
12.879240036,80.2110214233,33004,33014,10
12.8793001175,80.2110366821,33014,33024,10
12.8795003891,80.2112121582,33024,33035,11
12.8794803619,80.2114028931,33035,33045,10
12.8793802261,80.2119369507,33045,33055,10
12.8792295456,80.2126617432,33055,33065,10
12.8790798187,80.2134170532,33065,33075,10
12.8789300919,80.2142410278,33075,33085,10
12.8787603378,80.2150802612,33085,33095,10
12.8785800934,80.2159194946,33095,33105,10
12.8784198761,80.2166366577,33105,33115,10
12.8782596588,80.2174530029,33115,33125,10
12.878080368,80.2183532715,33125,33135,10
12.8779001236,80.2191619873,33135,33146,11
12.8777303696,80.2199020386,33146,33156,10
12.8775997162,80.220489502,33156,33166,10
12.8774900436,80.220993042,33166,33176,10
12.8773899078,80.2214279175,33176,33186,10
12.8773002625,80.2218017578,33186,33196,10
12.8772296906,80.2220993042,33196,33206,10
12.8771800995,80.2223434448,33206,33216,10
12.8771295547,80.2225723267,33216,33277,61
12.8771295547,80.2225723267,33277,33287,10
12.8770704269,80.2228088379,33287,33297,10
12.8769598007,80.2232666016,33297,33307,10
12.8767995834,80.2239608765,33307,33317,10
12.8766803741,80.2248077393,33317,33327,10
12.8765802383,80.225692749,33327,33337,10
12.8764600754,80.2264404297,33337,33347,10
12.8764600754,80.2267990112,33347,33357,10
12.8765602112,80.2268981934,33357,33367,10
12.8767700195,80.2268600464,33367,33378,11
12.8768796921,80.226852417,33378,33388,10
12.8773899078,80.2268218994,33388,33398,10
12.8781795502,80.2267608643,33398,33408,10
12.8790903091,80.2266998291,33408,33418,10
12.8800001144,80.2266769409,33418,33428,10
12.880979538,80.2266693115,33428,33438,10
12.8819904327,80.2266616821,33438,33448,10
12.8830795288,80.2266616821,33448,33458,10
12.8841199875,80.2266387939,33458,33468,10
12.8851604462,80.2266387939,33468,33489,21
12.8851604462,80.2266387939,33489,33499,10
12.8854103088,80.2266921997,33499,33509,10
12.8859701157,80.2268218994,33509,33525,16
12.887339592,80.2271499634,33525,33537,12
12.8884296417,80.2272567749,33537,33547,10
12.8886203766,80.2272720337,33547,33557,10
12.8889303207,80.2272796631,33557,33567,10
12.8895902634,80.2272796631,33567,33577,10
12.8904495239,80.2272796631,33577,33587,10
12.8913002014,80.2272796631,33587,33597,10
12.8919401169,80.2273025513,33597,33618,21
12.8919401169,80.2273025513,33618,33628,10
12.8920202255,80.2273025513,33628,33638,10
12.8923902512,80.2273330688,33638,33649,11
12.8930397034,80.2274017334,33649,33658,9
12.8938703537,80.2274780273,33658,33669,11
12.8942499161,80.2275085449,33669,33679,10
12.8943300247,80.2275238037,33679,33689,10
12.8948001862,80.2275466919,33689,33699,10
12.8955402374,80.2275924683,33699,33709,10
12.8964195251,80.2276229858,33709,33720,11
12.8974399567,80.2276763916,33720,33730,10
12.897939682,80.227722168,33730,33760,30
12.897939682,80.227722168,33760,33770,10
12.8983001709,80.2277526855,33770,33780,10
12.8987102509,80.2277832031,33780,33790,10
12.8991804123,80.2278137207,33790,33800,10
12.8996801376,80.2278366089,33800,33810,10
12.9001502991,80.2278518677,33810,33820,10
12.9004201889,80.2278518677,33820,34010,190
12.9004201889,80.2278518677,34010,34020,10
12.900560379,80.2278366089,34020,34030,10
12.9008102417,80.2278671265,34030,34040,10
12.9011201859,80.2279205322,34040,34050,10
12.9013996124,80.2279434204,34050,34061,11
12.9018697739,80.2279586792,34061,34071,10
12.9023704529,80.2279586792,34071,34081,10
12.902469635,80.2279663086,34081,34091,10
12.9026498795,80.2279815674,34091,34101,10
12.9031295776,80.2279663086,34101,34111,10
12.9034996033,80.228012085,34111,34121,10
12.9037799835,80.2280731201,34121,34131,10
12.9043197632,80.2280883789,34131,34141,10
12.9051303864,80.2281417847,34141,34152,11
12.906080246,80.2281723022,34152,34226,74
12.906080246,80.2281723022,34226,34236,10
12.9063997269,80.228187561,34236,34246,10
12.9067602158,80.2282104492,34246,34256,10
12.9070501328,80.2282409668,34256,34266,10
12.9072704315,80.2282562256,34266,34276,10
12.9078998566,80.2283630371,34276,34287,11
12.9088602066,80.2285308838,34287,34297,10
12.9098100662,80.2286834717,34297,34307,10
12.9107999802,80.2288284302,34307,34317,10
12.9117803574,80.2289810181,34317,34327,10
12.9126996994,80.2290878296,34327,34337,10
12.9139499664,80.2292480469,34337,34357,20
12.9139499664,80.2292480469,34357,34367,10
12.9141998291,80.2293014526,34367,34377,10
12.9147796631,80.2293624878,34377,34387,10
12.9155902863,80.2294921875,34387,34398,11
12.9165296555,80.2296066284,34398,34408,10
12.917090416,80.2296829224,34408,34418,10
12.9174499512,80.2297515869,34418,34428,10
12.9180803299,80.2298431396,34428,34438,10
12.9188699722,80.2299423218,34438,34448,10
12.919260025,80.2299804688,34448,34458,10
12.9196500778,80.2300186157,34458,34468,10
12.9203796387,80.2301177979,34468,34478,10
12.9213199615,80.2302474976,34478,34488,10
12.9224395752,80.2304077148,34488,34498,10
12.9236097336,80.2305908203,34498,34509,11
12.9249200821,80.2307662964,34509,34519,10
12.926030159,80.2308807373,34519,34529,10
12.9263000488,80.2309112549,34529,34539,10
12.9264202118,80.2309417725,34539,34549,10
12.9269304276,80.2309875488,34549,34559,10
12.9276599884,80.2310562134,34559,34569,10
12.928440094,80.2311630249,34569,34579,10
12.9291200638,80.231300354,34579,34589,10
12.9298200607,80.2314605713,34589,34599,10
12.9306297302,80.2316894531,34599,34609,10
12.9316396713,80.2320098877,34609,34620,11
12.9328098297,80.2323989868,34620,34630,10
12.9334697723,80.2326583862,34630,34640,10
12.9335203171,80.2326812744,34640,34650,10
12.933719635,80.2327804565,34650,34660,10
12.9342699051,80.233039856,34660,34670,10
12.9350004196,80.2333679199,34670,34686,16
12.9356002808,80.2336502075,34686,34698,12
12.9363298416,80.2340087891,34698,34706,8
12.9369401932,80.2342987061,34706,34718,12
12.9379396439,80.2347717285,34718,34728,10
12.9387998581,80.2351913452,34728,34739,11
12.9394702911,80.2355117798,34739,34749,10
12.9396095276,80.2355804443,34749,34759,10
12.939740181,80.2356414795,34759,34769,10
12.9401597977,80.2358169556,34769,34779,10
12.9408302307,80.2360229492,34779,34788,9
12.9417104721,80.2362289429,34788,34799,11
12.9427995682,80.2366027832,34799,34809,10
12.9435901642,80.2372131348,34809,34819,10
12.9437398911,80.2373504639,34819,34828,9
12.9439096451,80.2376022339,34828,34839,11
12.9443998337,80.2381820679,34839,34850,11
12.9449996948,80.238822937,34850,34860,10
12.945599556,80.2393035889,34860,34869,9
12.9460897446,80.2395172119,34869,34880,11
12.9465198517,80.2396469116,34880,34910,30
12.9466400146,80.2396774292,34910,35061,151
12.9466400146,80.2396774292,35061,35071,10
12.9467401505,80.2397079468,35071,35082,11
12.9470500946,80.2398605347,35082,35092,10
12.9475002289,80.2400588989,35092,35102,10
12.9481096268,80.2403182983,35102,35112,10
12.9486999512,80.240562439,35112,35122,10
12.9491996765,80.2407836914,35122,35132,10
12.9498596191,80.2409896851,35132,35142,10
12.9503097534,80.2411193848,35142,35152,10
12.9507398605,80.2412490845,35152,35162,10
12.9509496689,80.2413101196,35162,35172,10
12.9511003494,80.2413787842,35172,35182,10
12.9513998032,80.2414779663,35182,35193,11
12.9518699646,80.2416534424,35193,35203,10
12.9524698257,80.241859436,35203,35213,10
12.9533004761,80.2421875,35213,35243,30
12.9533004761,80.2421875,35243,35253,10
12.9536104202,80.2423095703,35253,35263,10
12.954000473,80.2424621582,35263,35272,9
12.954460144,80.2426376343,35272,35283,11
12.9550199509,80.2428436279,35283,35293,10
12.9556102753,80.243057251,35293,35304,11
12.9557199478,80.2430877686,35304,35314,10
12.9559402466,80.2431411743,35314,35324,10
12.9559898376,80.2431564331,35324,35334,10
12.9562797546,80.2432632446,35334,35354,20
12.9562797546,80.2432632446,35354,35364,10
12.9565000534,80.243347168,35364,35374,10
12.9569997787,80.243598938,35374,35384,10
12.9577703476,80.2439575195,35384,35394,10
12.9586896896,80.2443618774,35394,35415,21
12.9586896896,80.2443618774,35415,35425,10
12.9589395523,80.2445526123,35425,35435,10
12.9594802856,80.2447967529,35435,35445,10
12.9602203369,80.2451171875,35445,35455,10
12.9610595703,80.2454986572,35455,35465,10
12.9618902206,80.2458877563,35465,35475,10
12.962679863,80.2462768555,35475,35485,10
12.9631996155,80.2465362549,35485,35556,71
12.9631996155,80.2465362549,35556,35566,10
12.96352005,80.2466812134,35566,35576,10
12.9639196396,80.2468566895,35576,35586,10
12.9644804001,80.2470703125,35586,35596,10
12.9652299881,80.2473373413,35596,35606,10
12.9661502838,80.2476806641,35606,35616,10
12.9668703079,80.2479629517,35616,35626,10
12.9669504166,80.2480010986,35626,35636,10
12.9670200348,80.2480316162,35636,35647,11
12.9674501419,80.2482528687,35647,35657,10
12.9681997299,80.2485580444,35657,35667,10
12.9691495895,80.2489395142,35667,35677,10
12.9702701569,80.2493896484,35677,35687,10
12.9715003967,80.2497787476,35687,35697,10
12.9727602005,80.2501220703,35697,35707,10
12.9738798141,80.2503890991,35707,35717,10
12.9743995667,80.25050354,35717,35727,10
12.9746398926,80.250579834,35727,35737,10
12.9753103256,80.2507781982,35737,35747,10
12.9761896133,80.2510375977,35747,35758,11
12.9772796631,80.251411438,35758,35767,9
12.9776697159,80.251663208,35767,35778,11
12.9777803421,80.251739502,35778,35869,91
12.9777803421,80.251739502,35869,35879,10
12.9778299332,80.2517776489,35879,35889,10
12.9780502319,80.2519683838,35889,35899,10
12.9781599045,80.2520675659,35899,35909,10
12.9784202576,80.2522506714,35909,35919,10
12.9786901474,80.2524032593,35919,35929,10
12.9788703918,80.2524871826,35929,35939,10
12.9789304733,80.2525100708,35939,35949,10
12.9791603088,80.2525482178,35949,35959,10
12.9794597626,80.2525634766,35959,35969,10
12.9798202515,80.2524871826,35969,35980,11
12.9799203873,80.2522964478,35980,35990,10
12.9799604416,80.2521820068,35990,36000,10
12.980099678,80.251701355,36000,36010,10
12.980340004,80.2509765625,36010,36020,10
12.9805698395,80.2501068115,36020,36030,10
12.9807395935,80.2491607666,36030,36040,10
12.980799675,80.2481613159,36040,36050,10
12.9808702469,80.2470932007,36050,36060,10
12.9809904099,80.2459564209,36060,36070,10
12.9811096191,80.2446289063,36070,36161,91
12.9811897278,80.2442626953,36161,36181,20
12.9811897278,80.244102478,36181,36232,51
12.9811897278,80.244102478,36232,36242,10
12.9812097549,80.2437591553,36242,36252,10
12.9813604355,80.2434463501,36252,36282,30
12.9813604355,80.2434463501,36282,36292,10
12.9813499451,80.2432937622,36292,36302,10
12.9813404083,80.2429428101,36302,36312,10
12.9813604355,80.2427902222,36312,36323,11
12.9813995361,80.2427062988,36323,36333,10
12.9813995361,80.2422409058,36333,36343,10
12.9813899994,80.2415924072,36343,36353,10
12.9813899994,80.2407836914,36353,36363,10
12.9813699722,80.2400817871,36363,36373,10
12.9813604355,80.2399215698,36373,36383,10
12.9813499451,80.2396621704,36383,36393,10
12.9813499451,80.2396392822,36393,36403,10
12.9813404083,80.2393264771,36403,36413,10
12.9813203812,80.2386627197,36413,36423,10
12.981300354,80.237953186,36423,36433,10
12.981300354,80.2378616333,36433,36444,11
12.9812898636,80.237411499,36444,36454,10
12.9812602997,80.2366409302,36454,36464,10
12.9812402725,80.235748291,36464,36474,10
12.9812202454,80.2347488403,36474,36484,10
12.9813699722,80.2338867188,36484,36494,10
12.9816198349,80.2333984375,36494,36504,10
12.9816799164,80.2332382202,36504,36514,10
12.9817199707,80.2331619263,36514,36530,16
12.982000351,80.232421875,36530,36542,12
12.982000351,80.2319564819,36542,36553,11
12.9819602966,80.2313766479,36553,36563,10
12.9818401337,80.2309188843,36563,36573,10
12.9815998077,80.2304534912,36573,36581,8
12.9813604355,80.2300567627,36581,36593,12
12.9811697006,80.2297897339,36593,36603,10
12.9810695648,80.2296218872,36603,36613,10
12.9809799194,80.2294464111,36613,36622,9
12.9808301926,80.2292480469,36622,36632,10
12.9807195663,80.2290725708,36632,36643,11
12.9806604385,80.2289810181,36643,36653,10
12.9804801941,80.2286682129,36653,36664,11
12.9802398682,80.2281799316,36664,36674,10
12.9799604416,80.2277069092,36674,36684,10
12.9796895981,80.2272491455,36684,36694,10
12.9793796539,80.2267303467,36694,36704,10
12.9790296555,80.2261581421,36704,36714,10
12.9786195755,80.225479126,36714,36724,10
12.9782896042,80.2249221802,36724,36734,10
12.9781703949,80.2247390747,36734,36744,10
12.9780597687,80.2246170044,36744,36761,17
12.9778404236,80.2243270874,36761,36772,11
12.9777097702,80.2241210938,36772,36783,11
12.9774799347,80.2237167358,36783,36793,10
12.9772195816,80.2232971191,36793,36803,10
12.9770898819,80.2230377197,36803,36813,10
12.9770097733,80.2228164673,36813,36823,10
12.9772195816,80.2227020264,36823,36833,10
12.9773197174,80.2227020264,36833,36843,10
12.9775104523,80.2226791382,36843,36853,10
12.9775400162,80.2223205566,36853,36863,10
12.9775104523,80.2212600708,36863,36883,20
12.9775104523,80.2212600708,36883,36894,11
12.977930069,80.2212219238,36894,36904,10
12.9786396027,80.2211685181,36904,36914,10
12.9793796539,80.2211227417,36914,36924,10
12.9801397324,80.2210617065,36924,36934,10
12.9808797836,80.2210083008,36934,36944,10
12.9814596176,80.2212219238,36944,36954,10
12.9817199707,80.2214126587,36954,36964,10
12.9821901321,80.2217102051,36964,36974,10
12.9826803207,80.2218704224,36974,36984,10
12.9828796387,80.2219467163,36984,36994,10
12.9829902649,80.2220001221,36994,37005,11
12.9832000732,80.2221221924,37005,37015,10
12.9835596085,80.222366333,37015,37025,10
12.9839696884,80.222618103,37025,37035,10
12.9844398499,80.2229003906,37035,37045,10
12.9849996567,80.223197937,37045,37055,10
12.9854898453,80.2232131958,37055,37065,10
12.9860200882,80.2229690552,37065,37075,10
12.9862098694,80.2229614258,37075,37085,10
12.9863004684,80.2229614258,37085,37095,10
12.9864797592,80.2229614258,37095,37105,10
12.9866600037,80.2229919434,37105,37115,10
12.9870901108,80.2230606079,37115,37126,11
12.9876804352,80.2230682373,37126,37136,10
12.9882202148,80.2227630615,37136,37146,10
12.9884195328,80.2226028442,37146,37156,10
12.9885702133,80.222442627,37156,37166,10
12.9887695313,80.2222366333,37166,37176,10
12.9891395569,80.2218017578,37176,37186,10
12.9896001816,80.2212219238,37186,37196,10
12.9900503159,80.2206802368,37196,37206,10
12.9904298782,80.2203598022,37206,37216,10
12.9905996323,80.2202224731,37216,37226,10
12.991109848,80.2198410034,37226,37237,11
12.9915704727,80.2194671631,37237,37247,10
12.9921197891,80.2190628052,37247,37257,10
12.9928503036,80.2185592651,37257,37267,10
12.9935798645,80.2180099487,37267,37277,10
12.9941501617,80.2176132202,37277,37287,10
12.9946403503,80.2172622681,37287,37297,10
12.9949798584,80.2170333862,37297,37307,10
12.9955101013,80.2167205811,37307,37317,10
12.9961900711,80.2165527344,37317,37327,10
12.9967699051,80.216468811,37327,37348,21
12.9967699051,80.216468811,37348,37358,10
12.9970397949,80.2164611816,37358,37368,10
12.9973201752,80.2162780762,37368,37378,10
12.9975299835,80.2160873413,37378,37388,10
12.9976501465,80.216003418,37388,37398,10
12.9980897903,80.2156219482,37398,37408,10
12.9986896515,80.2151031494,37408,37418,10
12.999130249,80.2147369385,37418,37428,10
12.9994697571,80.2144393921,37428,37438,10
12.9999198914,80.2140426636,37438,37448,10
13.0003595352,80.2136383057,37448,37458,10
13.0010204315,80.2130737305,37458,37469,11
13.001660347,80.212600708,37469,37479,10
13.0022602081,80.2122116089,37479,37489,10
13.0029001236,80.212059021,37489,37499,10
13.0035600662,80.212020874,37499,37509,10
13.0037002563,80.2118606567,37509,37519,10
13.0037097931,80.2114028931,37519,37529,10
13.003660202,80.2107620239,37529,37539,10
13.0035600662,80.2099990845,37539,37549,10
13.0035800934,80.2092819214,37549,37559,10
13.0038003922,80.2086181641,37559,37569,10
13.0044403076,80.208770752,37569,37580,11
13.00522995,80.2091217041,37580,37590,10
13.0059404373,80.2094116211,37590,37600,10
13.0063896179,80.2095489502,37600,37610,10
13.0069599152,80.2097091675,37610,37630,20
13.007060051,80.2097396851,37630,37650,20
13.007060051,80.2097396851,37650,37660,10
13.0073404312,80.2098388672,37660,37670,10
13.0078201294,80.2098999023,37670,37680,10
13.0080795288,80.2093887329,37680,37691,11
13.0080795288,80.2093887329,37691,37701,10
13.0079498291,80.2086486816,37701,37711,10
13.0078201294,80.2078094482,37711,37721,10
13.0076904297,80.2070007324,37721,37731,10
13.0075702667,80.2061462402,37731,37741,10
13.0075302124,80.2055206299,37741,37751,10
13.0075397491,80.2049102783,37751,37762,11
13.007519722,80.2040786743,37762,37772,10
13.0074195862,80.2033615112,37772,37782,10
13.0071401596,80.202583313,37782,37792,10
13.0065402985,80.2028808594,37792,37803,11
13.006819725,80.2033233643,37803,37812,9
13.0072698593,80.2035522461,37812,37823,11
13.0078201294,80.2037124634,37823,37833,10
13.0086603165,80.203666687,37833,37843,10
13.0097198486,80.2035980225,37843,37853,10
13.0109796524,80.2036209106,37853,37863,10
13.0122499466,80.2037963867,37863,37872,9
13.0135002136,80.2040863037,37872,37903,31
13.0135002136,80.2040863037,37903,37914,11
13.0136499405,80.2041168213,37914,37924,10
13.0136003494,80.2046127319,37924,37944,20
13.0136003494,80.2046127319,37944,37954,10
13.013420105,80.2050704956,37954,37964,10
13.0131797791,80.2057876587,37964,37974,10
13.0130195618,80.2065887451,37974,37984,10
13.0129499435,80.2073287964,37984,37994,10
13.0128898621,80.2077713013,37994,38004,10
13.0128803253,80.2080917358,38004,38014,10
13.0128803253,80.2082366943,38014,38024,10
13.0128898621,80.2084732056,38024,38035,11
13.0129404068,80.2089691162,38035,38045,10
13.0130796432,80.2093963623,38045,38055,10
13.0132102966,80.2096405029,38055,38065,10
13.0131702423,80.2098693848,38065,38075,10
13.0131397247,80.2102508545,38075,38085,10
13.0129899979,80.2108535767,38085,38095,10
13.0126695633,80.2115402222,38095,38105,10
13.0123300552,80.2121276855,38105,38115,10
13.0120601654,80.2125167847,38115,38125,10
13.0120401382,80.2125473022,38125,38135,10
13.0119695663,80.2126464844,38135,38146,11
13.0118303299,80.2127990723,38146,38156,10
13.0115404129,80.2126235962,38156,38166,10
13.01101017,80.2122573853,38166,38176,10
13.0104799271,80.2118682861,38176,38186,10
13.0100097656,80.2115020752,38186,38206,20
13.0100097656,80.2115020752,38206,38216,10
13.0096998215,80.2112426758,38216,38287,71
13.0096998215,80.2112426758,38287,38297,10
13.0094299316,80.2110366821,38297,38900,603
13.0094299316,80.2110366821,38900,38910,10
13.00922966,80.2111968994,38910,38920,10
13.0090799332,80.2114028931,38920,38930,10
13.0090198517,80.2115402222,38930,38941,11
13.0090799332,80.2117919922,38941,38951,10
13.00922966,80.2123031616,38951,38961,10
13.0094299316,80.212890625,38961,38971,10
13.0096998215,80.2135772705,38971,38981,10
13.0100097656,80.2143325806,38981,38991,10
13.0101699829,80.2151107788,38991,39001,10
13.0103702545,80.2159500122,39001,39011,10
13.0107898712,80.2168807983,39011,39021,10
13.0112600327,80.2179031372,39021,39031,10
13.0116195679,80.2188720703,39031,39041,10
13.0119600296,80.2198867798,39041,39051,10
13.012260437,80.2208480835,39051,39068,17
13.0125303268,80.2216491699,39068,39080,12
13.012960434,80.2221908569,39080,39090,10
13.0134000778,80.2227325439,39090,39099,9
13.0138702393,80.2232818604,39099,39108,9
13.0143003464,80.2238616943,39108,39120,12
13.0150299072,80.2246780396,39120,39140,20
13.0150299072,80.2246780396,39140,39150,10
13.015130043,80.2247467041,39150,39160,10
13.0153903961,80.2251205444,39160,39172,12
13.0153398514,80.2257003784,39172,39182,10
13.0148801804,80.2259216309,39182,39192,10
13.0143604279,80.2261276245,39192,39202,10
13.013710022,80.2264022827,39202,39212,10
13.0129499435,80.2266998291,39212,39222,10
13.0122203827,80.2270278931,39222,39232,10
13.0114202499,80.2273330688,39232,39242,10
13.0105199814,80.2276916504,39242,39252,10
13.0096797943,80.2279281616,39252,39262,10
13.0095796585,80.227432251,39262,39272,10
13.0098600388,80.2268295288,39272,39283,11
13.0101995468,80.2260818481,39283,39293,10
13.0105400085,80.2252426147,39293,39313,20
13.0105400085,80.2252426147,39313,39322,9
13.0106496811,80.2250213623,39322,39333,11
13.0108499527,80.2245635986,39333,39343,10
13.0111303329,80.2238616943,39343,39353,10
13.011300087,80.2232284546,39353,39363,10
13.0108098984,80.2229537964,39363,39373,10
13.0103597641,80.2227478027,39373,39383,10
13.0102996826,80.2227172852,39383,39394,11
13.0099096298,80.2224884033,39394,39404,10
13.0093002319,80.2221603394,39404,39414,10
13.0085296631,80.2217407227,39414,39424,10
13.0078296661,80.2213592529,39424,39434,10
13.0072097778,80.2210464478,39434,39444,10
13.0064296722,80.220703125,39444,39454,10
13.0054998398,80.2204971313,39454,39464,10
13.004529953,80.2202529907,39464,39484,20
13.004529953,80.2202529907,39484,39494,10
13.0042600632,80.220161438,39494,39504,10
13.0037498474,80.2200698853,39504,39515,11
13.0029401779,80.2198410034,39515,39525,10
13.0022201538,80.2193222046,39525,39535,10
13.0016698837,80.2186965942,39535,39545,10
13.0010204315,80.2182235718,39545,39555,10
13.0003404617,80.2177886963,39555,39565,10
12.9996099472,80.2173614502,39565,39575,10
12.9989995956,80.2170181274,39575,39585,10
12.9975404739,80.2165374756,39585,39615,30
12.9975404739,80.2165374756,39615,39626,11
12.9973096848,80.2165222168,39626,39636,10
12.9969100952,80.2165374756,39636,39646,10
12.9962701797,80.2166137695,39646,39656,10
12.9955101013,80.2168197632,39656,39666,10
12.9950199127,80.217086792,39666,39676,10
12.9949798584,80.2171173096,39676,39686,10
12.9947299957,80.2172622681,39686,39696,10
12.9942703247,80.2175979614,39696,39706,10
12.9937000275,80.2180175781,39706,39716,10
12.9930200577,80.2185134888,39716,39726,10
12.9922599792,80.219039917,39726,39737,11
12.9914197922,80.2196426392,39737,39747,10
12.9907598495,80.2201538086,39747,39777,30
12.9907598495,80.2201538086,39777,39787,10
12.9905195236,80.2203598022,39787,39797,10
12.990070343,80.2207107544,39797,39807,10
12.9896202087,80.2212219238,39807,39817,10
12.9893598557,80.2215194702,39817,39827,10
12.9890899658,80.2218780518,39827,39837,10
12.9886302948,80.2223892212,39837,39848,11
12.9876298904,80.2231216431,39848,39878,30
12.9876298904,80.2231216431,39878,39888,10
12.9872598648,80.2230911255,39888,39898,10
12.9867601395,80.2230072021,39898,39908,10
12.9862003326,80.2229919434,39908,39918,10
12.9855899811,80.2231369019,39918,39928,10
12.9852104187,80.2232666016,39928,39938,10
12.9846401215,80.2230606079,39938,39948,10
12.9842796326,80.2228469849,39948,39958,10
12.983880043,80.2226333618,39958,39969,11
12.9835195541,80.2223968506,39969,39979,10
12.9832201004,80.2221984863,39979,40019,40
12.9832201004,80.2221984863,40019,40029,10
12.9830703735,80.2220993042,40029,40039,10
12.98279953,80.2219161987,40039,40049,10
12.9824399948,80.2218170166,40049,40059,10
12.9819803238,80.2216415405,40059,40069,10
12.9814901352,80.2213363647,40069,40080,11
12.9808597565,80.2211685181,40080,40090,10
12.980340004,80.2211380005,40090,40100,10
12.9796800613,80.2211532593,40100,40110,10
12.9790096283,80.2211990356,40110,40120,10
12.9783201218,80.2212219238,40120,40129,9
12.9777002335,80.2212295532,40129,40140,11
12.9769601822,80.2212600708,40140,40150,10
12.9763402939,80.2212371826,40150,40160,10
12.976269722,80.2216491699,40160,40180,20
12.976269722,80.2216491699,40180,40190,10
12.9763698578,80.2217712402,40190,40201,11
12.9765396118,80.2221221924,40201,40211,10
12.9768400192,80.2226409912,40211,40221,10
12.9772500992,80.2232971191,40221,40231,10
12.9777002335,80.2240219116,40231,40241,10
12.9780597687,80.2245864868,40241,40251,10
12.9783401489,80.2250671387,40251,40261,10
12.9785404205,80.2253494263,40261,40277,16
12.9786596298,80.2255172729,40277,40289,12
12.9789800644,80.2261123657,40289,40297,8
12.9792499542,80.2265625,40297,40310,13
12.979590416,80.2271118164,40310,40320,10
12.9799203873,80.2276611328,40320,40330,10
12.9802598953,80.2282333374,40330,40340,10
12.9805898666,80.228767395,40340,40350,10
12.980799675,80.229133606,40350,40360,10
12.9809398651,80.2293930054,40360,40370,10
12.9812898636,80.2299423218,40370,40380,10
12.9816398621,80.2304534912,40380,40390,10
12.9816503525,80.2304763794,40390,40400,10
12.9817495346,80.2306594849,40400,40410,10
12.9819402695,80.2311401367,40410,40420,10
12.9820404053,80.231842041,40420,40431,11
12.9820299149,80.2322387695,40431,40441,10
12.9819898605,80.2325515747,40441,40451,10
12.9818296432,80.233001709,40451,40461,10
12.9816398621,80.2334213257,40461,40471,10
12.9815797806,80.2335205078,40471,40481,10
12.9815101624,80.2336502075,40481,40491,10
12.9812803268,80.2341384888,40491,40501,10
12.981180191,80.2348937988,40501,40511,10
12.9811897278,80.2356491089,40511,40521,10
12.9812097549,80.2362365723,40521,40531,10
12.9812602997,80.2369918823,40531,40542,11
12.9812803268,80.2376098633,40542,40552,10
12.981300354,80.237953186,40552,40562,10
12.9813098907,80.2386169434,40562,40582,20
12.9813098907,80.2386169434,40582,40592,10
12.9813098907,80.2387619019,40592,40602,10
12.9813203812,80.2391662598,40602,40612,10
12.9813299179,80.2395629883,40612,40622,10
12.9813404083,80.240020752,40622,40632,10
12.9813499451,80.2406768799,40632,40642,10
12.9813699722,80.2413635254,40642,40653,11
12.9813699722,80.2420425415,40653,40663,10
12.9813899994,80.242401123,40663,40673,10
12.9813995361,80.2427597046,40673,40693,20
12.9813995361,80.2427597046,40693,40703,10
12.9813804626,80.2429580688,40703,40713,10
12.9813604355,80.2434921265,40713,40723,10
12.9812498093,80.2442703247,40723,40733,10
12.9811201096,80.2452011108,40733,40743,10
12.9809999466,80.2462615967,40743,40753,10
12.980890274,80.247428894,40753,40764,11
12.9807901382,80.2486801147,40764,40774,10
12.9806404114,80.2498168945,40774,40784,10
12.9803800583,80.2509384155,40784,40794,10
12.9801301956,80.2518768311,40794,40804,10
12.9799003601,80.2525100708,40804,40844,40
12.9799003601,80.2525100708,40844,40854,10
12.9798603058,80.2526397705,40854,40864,10
12.9796800613,80.2527770996,40864,40874,10
12.979180336,80.2527084351,40874,40885,11
12.9785499573,80.2525863647,40885,40895,10
12.9785299301,80.252571106,40895,40905,10
12.9783296585,80.2524337769,40905,40915,10
12.9778499603,80.2520217896,40915,40925,10
12.9771299362,80.2514801025,40925,40935,10
12.9761600494,80.2511367798,40935,40945,10
12.9750900269,80.2508392334,40945,40955,10
12.9738998413,80.2505111694,40955,40965,10
12.9728603363,80.2502670288,40965,40975,10
12.9725799561,80.250213623,40975,40985,10
12.9725103378,80.2501831055,40985,41002,17
12.9715299606,80.2499084473,41002,41014,12
12.970459938,80.2496185303,41014,41024,10
12.9696102142,80.2492828369,41024,41034,10
12.9682502747,80.2487335205,41034,41044,10
12.9671201706,80.2482299805,41044,41054,10
12.9662303925,80.2477874756,41054,41064,10
12.9652204514,80.2474365234,41064,41074,10
12.9650201797,80.2473831177,41074,41084,10
12.9650001526,80.2473602295,41084,41097,13
12.9644603729,80.2471466064,41097,41108,11
12.9636602402,80.2468338013,41108,41118,10
12.9629001617,80.2464370728,41118,41128,10
12.9620103836,80.2460174561,41128,41138,10
12.9609804153,80.2455215454,41138,41148,10
12.9599199295,80.2450408936,41148,41158,10
12.9593801498,80.2448196411,41158,41168,10
12.9593400955,80.2447967529,41168,41178,10
12.9589595795,80.2445983887,41178,41188,10
12.9582595825,80.2443237305,41188,41198,10
12.9575901031,80.2440795898,41198,41208,10
12.9568996429,80.243888855,41208,41279,71
12.9567098618,80.243850708,41279,41299,20
12.9565000534,80.2437667847,41299,41327,28
12.9565000534,80.2437667847,41327,41338,11
12.9562196732,80.2436599731,41338,41348,10
12.9556903839,80.243347168,41348,41358,10
12.9549703598,80.242980957,41358,41368,10
12.9542398453,80.2426681519,41368,41378,10
12.9534101486,80.2423171997,41378,41388,10
12.9525604248,80.2419815063,41388,41398,10
12.9516897202,80.2416915894,41398,41418,20
12.9516897202,80.2416915894,41418,41428,10
12.9513301849,80.241569519,41428,41438,10
12.9506597519,80.2413482666,41438,41449,11
12.9497203827,80.2410583496,41449,41459,10
12.9488201141,80.2407531738,41459,41469,10
12.9478397369,80.2403335571,41469,41479,10
12.94713974,80.2400512695,41479,41489,10
12.9470996857,80.2400436401,41489,41499,10
12.9467697144,80.239906311,41499,41509,10
12.9461297989,80.2396392822,41509,41519,10
12.9453401566,80.2392501831,41519,41529,10
12.9445800781,80.23853302,41529,41539,10
12.9438295364,80.2377319336,41539,41549,10
12.9433202744,80.2371826172,41549,41560,11
12.9432601929,80.2370986938,41560,41570,10
12.9428501129,80.2367782593,41570,41580,10
12.9421100616,80.2364425659,41580,41590,10
12.9412298203,80.2362213135,41590,41600,10
12.9402704239,80.2359771729,41600,41610,10
12.9396696091,80.2357788086,41610,41620,10
12.9396095276,80.2357711792,41620,41630,10
12.9392299652,80.2355804443,41630,41640,10
12.9385700226,80.2352294922,41640,41650,10
12.9377698898,80.2348327637,41650,41660,10
12.9368095398,80.2343673706,41660,41670,10
12.9358797073,80.2339172363,41670,41681,11
12.9348897934,80.2334518433,41681,41691,10
12.9338302612,80.2329864502,41691,41711,20
12.9338302612,80.2329864502,41711,41721,10
12.9334497452,80.2328109741,41721,41731,10
12.9327497482,80.2325210571,41731,41740,9
12.9319295883,80.2322311401,41740,41751,11
12.9309101105,80.2318878174,41751,41761,10
12.9294996262,80.2314987183,41761,41771,10
12.9284200668,80.231300354,41771,41781,10
12.9273004532,80.2311630249,41781,41792,11
12.9263496399,80.2310562134,41792,41802,10
12.9261798859,80.2310409546,41802,41812,10
12.9259996414,80.231010437,41812,41822,10
12.9254999161,80.2309112549,41822,41832,10
12.9247503281,80.2308197021,41832,41842,10
12.9238004684,80.23072052,41842,41852,10
12.9226799011,80.2305603027,41852,41862,10
12.9214801788,80.2303695679,41862,41872,10
12.9202604294,80.2302322388,41872,41882,10
12.9193401337,80.230140686,41882,41892,10
12.9192304611,80.2301330566,41892,41902,10
12.9188604355,80.2300796509,41902,41913,11
12.918129921,80.2299880981,41913,41923,10
12.9175300598,80.2299118042,41923,41933,10
12.9170303345,80.2298278809,41933,41943,10
12.9163303375,80.2297286987,41943,41953,10
12.9156904221,80.2296524048,41953,41963,10
12.9150896072,80.2295837402,41963,41973,10
12.9145202637,80.2294769287,41973,41983,10
12.9138898849,80.2293930054,41983,41993,10
12.9133195877,80.2293624878,41993,42003,10
12.9132604599,80.2293395996,42003,42013,10
12.9128704071,80.2292480469,42013,42024,11
12.9121103287,80.229133606,42024,42034,10
12.9112100601,80.2289733887,42034,42044,10
12.9100799561,80.2288208008,42044,42054,10
12.9088802338,80.2286224365,42054,42064,10
12.9077596664,80.2284393311,42064,42094,30
12.9077596664,80.2284393311,42094,42104,10
12.9073801041,80.2284088135,42104,42114,10
12.9071397781,80.2283706665,42114,42124,10
12.9067401886,80.2283325195,42124,42135,11
12.9061899185,80.2283096313,42135,42145,10
12.9060602188,80.228302002,42145,42155,10
12.9054803848,80.2282791138,42155,42165,10
12.9046802521,80.2282409668,42165,42175,10
12.9038801193,80.2281799316,42175,42185,10
12.9028701782,80.2281112671,42185,42195,10
12.9017295837,80.2280502319,42195,42205,10
12.9008302689,80.2279891968,42205,42215,10
12.9001197815,80.2279510498,42215,42225,10
12.899600029,80.2279510498,42225,42235,10
12.8992395401,80.2279434204,42235,42246,11
12.8990898132,80.2279281616,42246,42256,10
12.8990402222,80.2279281616,42256,42266,10
12.8988399506,80.2279281616,42266,42276,10
12.8982400894,80.2278518677,42276,42286,10
12.8973903656,80.2277984619,42286,42296,10
12.8964500427,80.2277374268,42296,42306,10
12.8954296112,80.2276916504,42306,42316,10
12.8944597244,80.2276382446,42316,42326,10
12.8935604095,80.2275695801,42326,42336,10
12.8926200867,80.2274703979,42336,42377,41
12.8926200867,80.2274703979,42377,42387,10
12.8925800323,80.2274780273,42387,42397,10
12.89220047,80.2274169922,42397,42407,10
12.8914203644,80.2273864746,42407,42417,10
12.8904495239,80.2273864746,42417,42427,10
12.8893699646,80.2273864746,42427,42437,10
12.888469696,80.2273864746,42437,42447,10
12.8883199692,80.2273788452,42447,42457,10
12.8877601624,80.2273406982,42457,42467,10
12.8869495392,80.2272033691,42467,42478,11
12.8859195709,80.2269363403,42478,42488,10
12.8851003647,80.2267837524,42488,42498,10
12.8849201202,80.2267608643,42498,42508,10
12.8847103119,80.2267303467,42508,42518,10
12.8840799332,80.2267227173,42518,42528,10
12.8832302094,80.2267227173,42528,42538,10
12.8821697235,80.2267303467,42538,42548,10
12.8811101913,80.2267379761,42548,42558,10
12.8800697327,80.2267532349,42558,42568,10
12.8789701462,80.2267837524,42568,42578,10
12.8779401779,80.2268371582,42578,42589,11
12.8770103455,80.2269210815,42589,42599,10
12.8765001297,80.2269363403,42599,42609,10
12.8763799667,80.2267532349,42609,42619,10
12.8763999939,80.2266082764,42619,42629,10
12.8764095306,80.2265625,42629,42639,10
12.8764600754,80.2261276245,42639,42649,10
12.8765602112,80.2253417969,42649,42665,16
12.8767995834,80.2236480713,42665,42677,12
12.8771295547,80.2222366333,42677,42685,8
12.8773698807,80.2212219238,42685,42697,12
12.8777198792,80.2197418213,42697,42708,11
12.877989769,80.2185592651,42708,42718,10
12.8781995773,80.2174835205,42718,42728,10
12.8784103394,80.2164535522,42728,42738,10
12.8786201477,80.2154312134,42738,42748,10
12.8788404465,80.2143478394,42748,42757,9
12.8790798187,80.2131576538,42757,42767,10
12.8793001175,80.2119598389,42767,42778,11
12.879119873,80.2109603882,42778,42798,20
12.879119873,80.2109603882,42798,42808,10
12.8788299561,80.2109298706,42808,42819,11
12.8783197403,80.2108306885,42819,42829,10
12.8776597977,80.2107086182,42829,42839,10
12.8771095276,80.2106018066,42839,42849,10
12.8765001297,80.2104873657,42849,42859,10
12.875749588,80.2103424072,42859,42869,10
12.8750400543,80.2102127075,42869,42879,10
12.8744897842,80.2101135254,42879,42899,20
12.8744897842,80.2101135254,42899,42909,10
12.8744096756,80.2100601196,42909,42919,10
12.8744001389,80.2097396851,42919,42929,10
12.8746204376,80.2095794678,42929,42940,11
12.8746404648,80.2098007202,42940,43283,343
12.8746404648,80.2098007202,43283,43293,10
12.874710083,80.2099227905,43293,43303,10
12.874710083,80.210067749,43303,43313,10
12.8749303818,80.2101593018,43313,43323,10
12.8750600815,80.2101974487,43323,43333,10
12.8753995895,80.2102737427,43333,43343,10
12.87596035,80.210357666,43343,43353,10
12.8766498566,80.2105102539,43353,43363,10
12.8773498535,80.210647583,43363,43373,10
12.8780698776,80.2107925415,43373,43383,10
12.8791799545,80.2110137939,43383,43404,21
12.8791799545,80.2110137939,43404,43414,10
12.8793201447,80.2110671997,43414,43424,10
12.8794603348,80.2113800049,43424,43434,10
12.8793201447,80.212059021,43434,43444,10
12.8791303635,80.2130203247,43444,43454,10
12.8789100647,80.2141876221,43454,43464,10
12.878660202,80.2154388428,43464,43474,10
12.8784103394,80.2165679932,43474,43484,10
12.8781900406,80.2176589966,43484,43494,10
12.8779401779,80.2188568115,43494,43505,11
12.8776302338,80.2202224731,43505,43515,10
12.8773498535,80.2214431763,43515,43525,10
12.8770704269,80.2226715088,43525,43535,10
12.8767995834,80.2238006592,43535,43545,10
12.8766498566,80.2248077393,43545,43555,10
12.8765602112,80.2257385254,43555,43565,10
12.8765001297,80.2261199951,43565,43575,10
12.8764696121,80.2262115479,43575,43585,10
12.876449585,80.22631073,43585,43636,51
12.876449585,80.22631073,43636,43646,10
12.8764400482,80.2266387939,43646,43656,10
12.8764600754,80.2268371582,43656,43676,20
12.8764600754,80.2268371582,43676,43686,10
12.876709938,80.2268600464,43686,43696,10
12.8767404556,80.2268600464,43696,43706,10
12.8767700195,80.2268600464,43706,43716,10
12.8771800995,80.2268371582,43716,43726,10
12.8778896332,80.2267837524,43726,43737,11
12.8788003922,80.2267303467,43737,43747,10
12.8797597885,80.2266921997,43747,43757,10
12.8808097839,80.2266769409,43757,43767,10
12.8818101883,80.2266693115,43767,43777,10
12.8828802109,80.2266616821,43777,43787,10
12.8838596344,80.2266464233,43787,43797,10
12.8851804733,80.2266464233,43797,43817,20
12.8851804733,80.2266464233,43817,43827,10
12.8853597641,80.2266769409,43827,43837,10
12.8858699799,80.2267990112,43837,43858,21
12.8877000809,80.2272109985,43858,43868,10
12.8885202408,80.2272720337,43868,43878,10
12.8886098862,80.2272796631,43878,43894,16
12.8895597458,80.2272872925,43894,43906,12
12.8907203674,80.2273025513,43906,43916,10
12.89220047,80.2273025513,43916,43936,20
12.89220047,80.2273025513,43936,43946,10
12.892370224,80.2273101807,43946,43956,10
12.8928403854,80.2273788452,43956,43967,11
12.8935804367,80.2274475098,43967,43976,9
12.894109726,80.2275085449,43976,43987,11
12.8941402435,80.2275238037,43987,43997,10
12.894490242,80.2275390625,43997,44007,10
12.8950996399,80.2275695801,44007,44017,10
12.8958396912,80.2275924683,44017,44027,10
12.8967399597,80.2276382446,44027,44037,10
12.8977499008,80.2276992798,44037,44047,10
12.8987598419,80.2277603149,44047,44057,10
12.8995504379,80.2277984619,44057,44067,10
12.9001998901,80.2278366089,44067,44098,31
12.9001998901,80.2278366089,44098,44108,10
12.9006299973,80.227897644,44108,44118,10
12.900970459,80.2279281616,44118,44128,10
12.9013004303,80.2279815674,44128,44138,10
12.9016399384,80.2279891968,44138,44148,10
12.9019498825,80.2279891968,44148,44158,10
12.9022302628,80.2279815674,44158,44168,10
12.9025602341,80.228012085,44168,44178,10
12.9026298523,80.228012085,44178,44188,10
12.9027500153,80.2280197144,44188,44199,11
12.9030704498,80.2280426025,44199,44209,10
12.9035997391,80.2280578613,44209,44219,10
12.9043397903,80.2280883789,44219,44229,10
12.9048900604,80.2281112671,44229,44239,10
12.9052295685,80.2281265259,44239,44249,10
12.9054803848,80.2281494141,44249,44310,61
12.9054803848,80.2281494141,44310,44320,10
12.9058504105,80.2281265259,44320,44330,10
12.9062595367,80.2281570435,44330,44380,50
12.9062595367,80.2281570435,44380,44390,10
12.9063901901,80.2282104492,44390,44400,10
12.9067401886,80.2282409668,44400,44410,10
12.9072904587,80.2282867432,44410,44421,11
12.9082098007,80.2284622192,44421,44431,10
12.9091997147,80.2285995483,44431,44441,10
12.9102602005,80.2287826538,44441,44451,10
12.9113502502,80.2289428711,44451,44461,10
12.9124603271,80.2291030884,44461,44471,10
12.9134998322,80.2292404175,44471,44481,10
12.9139404297,80.2292785645,44481,44491,10
12.9140796661,80.229309082,44491,44501,10
12.914560318,80.2293777466,44501,44511,10
12.915309906,80.2294769287,44511,44521,10
12.9162397385,80.2296066284,44521,44531,10
12.9173402786,80.2297515869,44531,44542,11
12.9185695648,80.2299423218,44542,44552,10
12.9193401337,80.2300186157,44552,44562,10
12.9194803238,80.2300415039,44562,44572,10
12.9200201035,80.2301101685,44572,44582,10
12.920800209,80.2302017212,44582,44592,10
12.9218101501,80.2303390503,44592,44602,10
12.9229602814,80.2305221558,44602,44612,10
12.9241104126,80.230682373,44612,44622,10
12.9251899719,80.2308197021,44622,44632,10
12.9261903763,80.2309265137,44632,44642,10
12.9263801575,80.2309494019,44642,44653,11
12.9265499115,80.23097229,44653,44663,10
12.9271497726,80.2310409546,44663,44673,10
12.9280099869,80.2311477661,44673,44683,10
12.9289798737,80.2313079834,44683,44693,10
12.9300203323,80.231552124,44693,44703,10
12.9311599731,80.2318572998,44703,44713,10
12.932299614,80.2322387695,44713,44723,10
12.9333200455,80.2326126099,44723,44733,10
12.9336395264,80.232749939,44733,44743,10
12.9337396622,80.2327880859,44743,44753,10
12.9342002869,80.2330093384,44753,44764,11
12.9350595474,80.2333984375,44764,44774,10
12.9359102249,80.2338027954,44774,44784,10
12.9369401932,80.2342910767,44784,44794,10
12.9381198883,80.23487854,44794,44804,10
12.9392004013,80.2353897095,44804,44814,10
12.9398097992,80.2357025146,44814,44824,10
12.9398899078,80.2357177734,44824,44834,10
12.940320015,80.2358932495,44834,44844,10
12.9410495758,80.2360916138,44844,44854,10
12.9418897629,80.2362823486,44854,44864,10
12.9428596497,80.2366409302,44864,44875,11
12.9436302185,80.2372665405,44875,44885,10
12.9436903,80.2373199463,44885,44895,10
12.943980217,80.2376708984,44895,44905,10
12.9445104599,80.23828125,44905,44915,10
12.9451904297,80.2389984131,44915,44925,10
12.946100235,80.2395401001,44925,44935,10
12.9470901489,80.2399368286,44935,44945,10
12.9473304749,80.240020752,44945,44955,10
12.9476003647,80.2401199341,44955,44965,10
12.9481401443,80.2403488159,44965,44975,10
12.9487104416,80.2405471802,44975,44996,21
12.9487104416,80.2405471802,44996,45006,10
12.9490299225,80.2406768799,45006,45016,10
12.9495201111,80.2408828735,45016,45026,10
12.9502000809,80.2410964966,45026,45035,9
12.9509096146,80.2413024902,45035,45046,11
12.9511203766,80.2413711548,45046,45056,10
12.9512195587,80.2414169312,45056,45066,10
12.9513998032,80.2415008545,45066,45076,10
12.9518995285,80.2416687012,45076,45086,10
12.9525995255,80.2419433594,45086,45096,10
12.9533596039,80.2422485352,45096,45107,11
12.9540300369,80.2425003052,45107,45117,10
12.9545698166,80.242729187,45117,45127,10
12.9551696777,80.2429504395,45127,45137,10
12.9558696747,80.2432022095,45137,45187,50
12.9558696747,80.2432022095,45187,45197,10
12.9562196732,80.243309021,45197,45207,10
12.9563102722,80.2433395386,45207,45217,10
12.9563903809,80.2433700562,45217,45228,11
12.9567499161,80.2435073853,45228,45238,10
12.9573698044,80.2438201904,45238,45248,10
12.9581098557,80.2441482544,45248,45258,10
12.958729744,80.244392395,45258,45268,10
12.9588499069,80.2444610596,45268,45278,10
12.9592199326,80.2446517944,45278,45288,10
12.959859848,80.2449493408,45288,45298,10
12.9606895447,80.2453308105,45298,45308,10
12.9616699219,80.2457962036,45308,45318,10
12.9625597,80.2462234497,45318,45328,10
12.9631204605,80.2464981079,45328,45339,11
12.963760376,80.2467803955,45339,45349,10
12.9644203186,80.2470397949,45349,45359,10
12.9651603699,80.2472915649,45359,45369,10
12.9659700394,80.2475662231,45369,45379,10
12.966799736,80.2479095459,45379,45399,20
12.966799736,80.2479095459,45399,45409,10
12.9669599533,80.248008728,45409,45419,10
12.9673404694,80.2482299805,45419,45429,10
12.9680700302,80.2485275269,45429,45439,10
12.9689998627,80.248878479,45439,45450,11
12.9702701569,80.249382019,45450,45460,10
12.9715003967,80.2497711182,45460,45470,10
12.9727497101,80.2500991821,45470,45480,10
12.9739198685,80.2503967285,45480,45490,10
12.9744195938,80.2505187988,45490,45500,10
12.9746904373,80.2506027222,45500,45510,10
12.9753599167,80.2508087158,45510,45520,10
12.9762401581,80.2510681152,45520,45530,10
12.9772500992,80.251411438,45530,45540,10
12.9781799316,80.2521362305,45540,45550,10
12.9790897369,80.2525482178,45550,45561,11
12.9797201157,80.2525405884,45561,45571,10
12.9799098969,80.2523269653,45571,45581,10
12.979929924,80.2522506714,45581,45591,10
12.9800596237,80.2517929077,45591,45601,10
12.9802799225,80.2510604858,45601,45611,10
12.9805402756,80.2501296997,45611,45621,10
12.9807100296,80.2490234375,45621,45631,10
12.9807796478,80.2478637695,45631,45641,10
12.9808702469,80.2466888428,45641,45651,10
12.9809999466,80.2453994751,45651,45661,10
12.9811201096,80.244178772,45661,45671,10
12.9812898636,80.2435379028,45671,45682,11
12.9813098907,80.2431488037,45682,45692,10
12.9813299179,80.2428817749,45692,45702,10
12.9813404083,80.2428207397,45702,45712,10
12.9813499451,80.2426605225,45712,45722,10
12.9813404083,80.2425994873,45722,45732,10
12.9813404083,80.2422180176,45732,45742,10
12.9813404083,80.2416305542,45742,45752,10
12.9813404083,80.2408905029,45752,45762,10
12.9813203812,80.2400970459,45762,45772,10
12.981300354,80.2394790649,45772,45782,10
12.9812803268,80.2387313843,45782,45793,11
12.9812602997,80.2379608154,45793,45803,10
12.9812602997,80.2379074097,45803,45813,10
12.9812602997,80.2376327515,45813,45823,10
12.9812402725,80.2369766235,45823,45833,10
12.9812202454,80.2361373901,45833,45843,10
12.9811897278,80.2353210449,45843,45853,10
12.9811897278,80.2344207764,45853,45863,10
12.9816198349,80.2333526611,45863,45883,20
12.9816198349,80.2333526611,45883,45893,10
12.9817199707,80.2331237793,45893,45904,11
12.9819297791,80.2325668335,45904,45914,10
12.9819602966,80.2320404053,45914,45924,10
12.9819297791,80.2314987183,45924,45934,10
12.9818296432,80.2310409546,45934,45944,10
12.9815797806,80.2305526733,45944,45954,10
12.9812202454,80.2299423218,45954,45964,10
12.980890274,80.2294006348,45964,45974,10
12.9807500839,80.2291793823,45974,45984,10
12.980629921,80.2289810181,45984,45994,10
12.9806203842,80.2289810181,45994,46004,10
12.9805002213,80.2287521362,46004,46015,11
12.9802999496,80.2283096313,46015,46025,10
12.9800796509,80.2279129028,46025,46035,10
12.9797296524,80.2273406982,46035,46045,10
12.9793395996,80.2266998291,46045,46055,10
12.9789896011,80.2260971069,46055,46065,10
12.9786300659,80.2255020142,46065,46074,9
12.9783000946,80.2249221802,46074,46085,11
12.977930069,80.2244796753,46085,46095,10
12.977640152,80.2239608765,46095,46105,10
12.9772901535,80.2233581543,46105,46115,10
12.9770097733,80.2228775024,46115,46125,10
12.977230072,80.2227020264,46125,46146,21
12.977230072,80.2227020264,46146,46156,10
12.9773597717,80.2226715088,46156,46166,10
12.977519989,80.2225112915,46166,46176,10
12.9774799347,80.2219924927,46176,46186,10
12.9774398804,80.2214279175,46186,46196,10
12.9775400162,80.2212219238,46196,46206,10
12.9779996872,80.2211914063,46206,46216,10
12.9787397385,80.2210922241,46216,46226,10
12.9795598984,80.2210617065,46226,46236,10
12.9802598953,80.2210083008,46236,46247,11
12.9810400009,80.221031189,46247,46257,10
12.9814596176,80.2212600708,46257,46267,10
12.9818601608,80.2215270996,46267,46277,10
12.9822101593,80.2217330933,46277,46287,10
12.9826002121,80.221862793,46287,46297,10
12.9829397202,80.2219772339,46297,46307,10
12.9829502106,80.2219924927,46307,46323,16
12.9831399918,80.2220916748,46323,46335,12
12.9832696915,80.2221908569,46335,46345,10
12.9833202362,80.2222518921,46345,46355,10
12.9836196899,80.2224578857,46355,46366,11
12.9840497971,80.2226867676,46366,46376,10
12.9845895767,80.2230300903,46376,46386,10
12.9850797653,80.2232437134,46386,46396,10
12.9854402542,80.2232513428,46396,46406,10
12.9858198166,80.2229919434,46406,46416,10
12.986410141,80.2229690552,46416,46426,10
12.9864797592,80.2229766846,46426,46436,10
12.9866800308,80.2230072021,46436,46446,10
12.987039566,80.2230682373,46446,46456,10
12.9873600006,80.2230911255,46456,46466,10
12.9878997803,80.2229766846,46466,46477,11
12.9885597229,80.2224502563,46477,46487,10
12.989109993,80.2218093872,46487,46497,10
12.9896202087,80.2211074829,46497,46507,10
12.9902000427,80.2205123901,46507,46517,10
12.9904203415,80.2203369141,46517,46527,10
12.9904603958,80.2203292847,46527,46537,10
12.9907398224,80.2201385498,46537,46547,10
12.9913597107,80.2196426392,46547,46567,20
12.9913597107,80.2196426392,46567,46577,10
12.9916801453,80.2193908691,46577,46588,11
12.9922895432,80.2189483643,46588,46598,10
12.9930200577,80.218421936,46598,46608,10
12.9937496185,80.2178878784,46608,46618,10
12.9944000244,80.2173995972,46618,46628,10
12.9950399399,80.2169494629,46628,46638,10
12.9956798553,80.2166595459,46638,46648,10
12.9963798523,80.2165222168,46648,46658,10
12.9969797134,80.2164611816,46658,46668,10
12.9973497391,80.2161865234,46668,46678,10
12.9975299835,80.2160568237,46678,46688,10
12.9978504181,80.2157974243,46688,46698,10
12.9983501434,80.2153396606,46698,46709,11
12.9990100861,80.2147979736,46709,46719,10
12.9992704391,80.2145690918,46719,46729,10
12.9997301102,80.2141723633,46729,46739,10
13.0001602173,80.2137832642,46739,46749,10
13.0007095337,80.2132873535,46749,46759,10
13.0011701584,80.2129211426,46759,46775,16
13.0018796921,80.2124023438,46775,46787,12
13.0024595261,80.212097168,46787,46797,10
13.0028896332,80.2120513916,46797,46806,9
13.0034103394,80.212059021,46806,46816,10
13.0035896301,80.2119674683,46816,46828,12
13.0036697388,80.2118225098,46828,46838,10
13.0036697388,80.2113037109,46838,46848,10
13.0036096573,80.2105407715,46848,46858,10
13.0035200119,80.2098007202,46858,46868,10
13.0036296844,80.208946228,46868,46878,10
13.0041103363,80.208656311,46878,46888,10
13.0048503876,80.2089996338,46888,46898,10
13.0056600571,80.2093505859,46898,46907,9
13.0063400269,80.2095794678,46907,46918,11
13.0067596436,80.2097015381,46918,46939,21
13.0067596436,80.2097015381,46939,46949,10
13.006819725,80.2097320557,46949,46959,10
13.0071601868,80.2098312378,46959,46969,10
13.007610321,80.2098770142,46969,46979,10
13.0080499649,80.2099609375,46979,46989,10
13.0080604553,80.2095108032,46989,46999,10
13.0079698563,80.2088394165,46999,47009,10
13.0078697205,80.2080078125,47009,47019,10
13.0077199936,80.2071228027,47019,47035,16
13.0075397491,80.2057418823,47035,47048,13
13.0075397491,80.2046508789,47048,47057,9
13.007519722,80.2039718628,47057,47068,11
13.0073404312,80.2029876709,47068,47079,11
13.0066604614,80.2026519775,47079,47089,10
13.0066795349,80.2032623291,47089,47099,10
13.0073003769,80.2035827637,47099,47109,10
13.0081501007,80.2036972046,47109,47119,10
13.0091600418,80.2036514282,47119,47129,10
13.0102996826,80.2036132813,47129,47139,10
13.0115003586,80.2036972046,47139,47149,10
13.0126399994,80.2039108276,47149,47160,11
13.0134000778,80.2041320801,47160,47170,10
13.0135402679,80.2041778564,47170,47180,10
13.0136604309,80.2042922974,47180,47190,10
13.0135803223,80.2046737671,47190,47200,10
13.0135402679,80.204788208,47200,47210,10
13.0133800507,80.2051696777,47210,47220,10
13.0131502151,80.2058563232,47220,47230,10
13.0129995346,80.2066574097,47230,47240,10
13.0129299164,80.2074432373,47240,47250,10
13.0128602982,80.2078323364,47250,47260,10
13.012840271,80.2078781128,47260,47271,11
13.0127601624,80.2080917358,47271,47281,10
13.0127801895,80.2084503174,47281,47291,10
13.0128297806,80.2089080811,47291,47301,10
13.0129699707,80.2094421387,47301,47311,10
13.0131196976,80.2099685669,47311,47321,10
13.0130796432,80.2105331421,47321,47331,10
13.0128297806,80.2112197876,47331,47341,10
13.0124998093,80.2118377686,47341,47351,10
13.0121297836,80.2124023438,47351,47361,10
13.011879921,80.2127609253,47361,47371,10
13.0117101669,80.2127609253,47371,47381,10
13.0112895966,80.2124404907,47381,47392,11
13.0106897354,80.2119827271,47392,47402,10
13.0102100372,80.2116317749,47402,47412,10
13.0097703934,80.2112884521,47412,47462,50
13.0094404221,80.2110671997,47462,47664,202
13.0094404221,80.2110671997,47664,47674,10
13.0092201233,80.2109603882,47674,47684,10
13.0091400146,80.211151123,47684,47694,10
13.0090703964,80.2113037109,47694,47704,10
13.0089902878,80.2116088867,47704,47714,10
13.0091600418,80.2121734619,47714,47725,11
13.0094203949,80.2129592896,47725,47735,10
13.0097198486,80.213722229,47735,47745,10
13.0100402832,80.2144927979,47745,47755,10
13.0101804733,80.2152709961,47755,47765,10
13.0103998184,80.2160415649,47765,47775,10
13.0107498169,80.2168426514,47775,47785,10
13.0111598969,80.2176895142,47785,47795,10
13.0114898682,80.2185974121,47795,47805,10
13.0118398666,80.2195968628,47805,47815,10
13.012140274,80.2205429077,47815,47824,9
13.012339592,80.2212219238,47824,47836,12
13.0126199722,80.2218399048,47836,47846,10
13.0130796432,80.2224197388,47846,47856,10
13.0135803223,80.2229919434,47856,47866,10
13.0140800476,80.2235794067,47866,47876,10
13.0144796371,80.2240982056,47876,47886,10
13.0150403976,80.2247314453,47886,47906,20
13.0150403976,80.2247314453,47906,47916,10
13.0152702332,80.224937439,47916,47926,10
13.0154600143,80.2253265381,47926,47936,10
13.0152997971,80.225769043,47936,47946,10
13.0147800446,80.2259902954,47946,47957,11
13.0140104294,80.2263031006,47957,47967,10
13.0132303238,80.2266235352,47967,47977,10
13.0124101639,80.2269592285,47977,47987,10
13.0114803314,80.2273101807,47987,47997,10
13.0104999542,80.2276916504,47997,48007,10
13.0096797943,80.2279205322,48007,48017,10
13.0095701218,80.2274017334,48017,48027,10
13.0098896027,80.2266998291,48027,48037,10
13.0102300644,80.2258987427,48037,48047,10
13.0106201172,80.2249984741,48047,48057,10
13.0109300613,80.2241516113,48057,48068,11
13.0111398697,80.2235717773,48068,48078,10
13.0112304688,80.2232437134,48078,48088,10
13.0108499527,80.2229309082,48088,48098,10
13.0103797913,80.2227020264,48098,48108,10
13.010310173,80.2226715088,48108,48118,10
13.0099401474,80.2224731445,48118,48128,10
13.0093402863,80.2221603394,48128,48138,10
13.0086402893,80.2217788696,48138,48148,10
13.0078296661,80.2213516235,48148,48158,10
13.0070199966,80.220916748,48158,48168,10
13.0061702728,80.2205963135,48168,48179,11
13.0051803589,80.2203826904,48179,48189,10
13.0044698715,80.2202224731,48189,48199,10
13.0043897629,80.220199585,48199,48209,10
13.0041799545,80.220161438,48209,48219,10
13.0037603378,80.2200622559,48219,48229,10
13.0031404495,80.2198867798,48229,48239,10
13.0024003983,80.2194900513,48239,48249,10
13.0019302368,80.2189788818,48249,48259,10
13.0011997223,80.2183837891,48259,48269,10
13.0005598068,80.2179336548,48269,48279,10
12.9998502731,80.2174682617,48279,48289,10
12.9990797043,80.217048645,48289,48300,11
12.9981298447,80.2166366577,48300,48310,10
12.9974603653,80.2165374756,48310,48320,10
12.9974098206,80.2165374756,48320,48330,10
12.997300148,80.2165374756,48330,48340,10
12.9971599579,80.2165527344,48340,48360,20
12.9971599579,80.2165527344,48360,48370,10
12.9968595505,80.2165603638,48370,48380,10
12.9966497421,80.2165679932,48380,48390,10
12.9964199066,80.216583252,48390,48400,10
12.9962596893,80.2166213989,48400,48411,11
12.9961004257,80.2166366577,48411,48421,10
12.9958696365,80.2166824341,48421,48431,10
12.995639801,80.2167434692,48431,48441,10
12.9954996109,80.216796875,48441,48451,10
12.995300293,80.2169036865,48451,48461,10
12.9952402115,80.2169265747,48461,48471,10
12.995059967,80.217048645,48471,48481,10
12.994799614,80.2172164917,48481,48491,10
12.9943704605,80.2175369263,48491,48501,10
12.9938097,80.2179107666,48501,48511,10
12.9931297302,80.2183609009,48511,48521,10
12.9924602509,80.2188491821,48521,48532,11
12.9917001724,80.2194366455,48532,48542,10
12.9913396835,80.2197189331,48542,48552,10
12.9908103943,80.220123291,48552,48575,23
12.9908103943,80.220123291,48575,48585,10
12.9907197952,80.220199585,48585,48594,9
12.990480423,80.2203826904,48594,48605,11
12.990070343,80.220703125,48605,48614,9
12.9895801544,80.2211837769,48614,48624,10
12.9891796112,80.2217407227,48624,48636,12
12.9887504578,80.2222290039,48636,48736,100
12.9884500504,80.222442627,48736,48898,162
12.9881696701,80.2226409912,48898,49110,212
12.9879198074,80.22290802,49110,49190,80
12.9876298904,80.2230987549,49190,49221,31
12.9876298904,80.2230987549,49221,49231,10
12.9874200821,80.2230911255,49231,49241,10
12.9870700836,80.2230606079,49241,49251,10
12.986700058,80.2229919434,49251,49261,10
12.9862203598,80.2229614258,49261,49271,10
12.9856901169,80.2230300903,49271,49281,10
12.9853801727,80.2232971191,49281,49291,10
12.9848003387,80.2231369019,49291,49332,41
12.9848003387,80.2231369019,49332,49342,10
12.9846897125,80.2230911255,49342,49352,10
12.9843702316,80.2229003906,49352,49362,10
12.9839696884,80.22265625,49362,49372,10
12.9836101532,80.222442627,49372,49382,10
12.9835996628,80.2224273682,49382,49392,10
12.9832296371,80.2221679688,49392,49412,20
12.9832296371,80.2221679688,49412,49422,10
12.9831199646,80.2220993042,49422,49432,10
12.9829797745,80.2220230103,49432,49443,11
12.9827003479,80.2219161987,49443,49453,10
12.9826002121,80.2219161987,49453,49463,10
12.982170105,80.2217712402,49463,49473,10
12.9816303253,80.2213973999,49473,49483,10
12.9810695648,80.2210922241,49483,49493,10
12.9805002213,80.2210693359,49493,49503,10
12.980099678,80.2210922241,49503,49513,10
12.9795703888,80.2211380005,49513,49523,10
12.9788103104,80.2211990356,49523,49533,10
12.9779701233,80.2212219238,49533,49543,10
12.9771795273,80.2212600708,49543,49554,11
12.976360321,80.2212905884,49554,49564,10
12.9761295319,80.2215194702,49564,49574,10
12.9763698578,80.2218170166,49574,49594,20
12.9763698578,80.2218170166,49594,49610,16
12.9764204025,80.2220001221,49610,49622,12
12.9766998291,80.2224884033,49622,49632,10
12.9770803452,80.2230911255,49632,49642,10
12.9775600433,80.2238311768,49642,49652,10
12.97797966,80.2245025635,49652,49662,10
12.9785299301,80.2253723145,49662,49693,31
12.9785299301,80.2253723145,49693,49703,10
12.978679657,80.2256393433,49703,49713,10
12.9790000916,80.2261734009,49713,49723,10
12.9794101715,80.2268371582,49723,49733,10
12.9796800613,80.2273025513,49733,49743,10
12.9797401428,80.2274093628,49743,49753,10
12.9798698425,80.2276229858,49753,49763,10
12.9799804688,80.2277984619,49763,49773,10
12.9803199768,80.2283477783,49773,49784,11
12.9803199768,80.2283477783,49784,49794,10
12.9805498123,80.2287826538,49794,49804,10
12.9807395935,80.2290878296,49804,49814,10
12.9808998108,80.2293624878,49814,49824,10
12.9812097549,80.229850769,49824,49834,10
12.9816102982,80.2304382324,49834,49844,10
12.9816398621,80.2304992676,49844,49856,12
12.9816703796,80.2305831909,49856,49866,10
12.9818401337,80.2309417725,49866,49876,10
12.9819898605,80.2315979004,49876,49886,10
12.982000351,80.2322921753,49886,49897,11
12.9819002151,80.2328109741,49897,49907,10
12.9818601608,80.2329177856,49907,49917,10
12.9817199707,80.2332611084,49917,49936,19
12.9817199707,80.2332611084,49936,49947,11
12.9815998077,80.233543396,49947,49957,10
12.9815797806,80.2335586548,49957,49967,10
12.9814996719,80.2337188721,49967,49977,10
12.9812602997,80.2342605591,49977,49987,10
12.9812002182,80.2350692749,49987,49997,10
12.9812297821,80.236038208,49997,50008,11
12.9812602997,80.2372817993,50008,50018,10
12.981300354,80.2386779785,50018,50038,20
12.981300354,80.2386779785,50038,50048,10
12.9812803268,80.238899231,50048,50058,10
12.9812898636,80.2394180298,50058,50068,10
12.9813098907,80.2399215698,50068,50078,10
12.9813499451,80.2406616211,50078,50088,10
12.9813604355,80.2416000366,50088,50098,10
12.9813699722,80.2428207397,50098,50118,20
12.9813699722,80.2428207397,50118,50128,10
12.9813499451,80.2431716919,50128,50140,12
12.9812898636,80.2439117432,50140,50150,10
12.981180191,80.2447891235,50150,50160,10
12.9810600281,80.2458114624,50160,50170,10
12.9809303284,80.246963501,50170,50180,10
12.9808301926,80.2481384277,50180,50190,10
12.9807395935,80.2492904663,50190,50200,10
12.9805297852,80.2504196167,50200,50219,19
12.980050087,80.2521972656,50219,50230,11
12.9799098969,80.2526016235,50230,50241,11
12.9795103073,80.2527618408,50241,50251,10
12.9787797928,80.2526626587,50251,50271,20
12.9787797928,80.2526626587,50271,50281,10
12.9785404205,80.2525634766,50281,50291,10
12.9780502319,80.2522201538,50291,50300,9
12.9775600433,80.2517700195,50300,50311,11
12.9765501022,80.2512588501,50311,50321,10
12.9755296707,80.2509689331,50321,50331,10
12.9744501114,80.2506637573,50331,50341,10
12.973400116,80.2503662109,50341,50352,11
12.9725999832,80.2501831055,50352,50362,10
12.9725799561,80.2501831055,50362,50371,9
12.9724197388,80.2501220703,50371,50382,11
12.9719104767,80.2499771118,50382,50392,10
12.9710702896,80.2497634888,50392,50402,10
12.9702997208,80.2495269775,50402,50412,10
12.9695301056,80.2492218018,50412,50422,10
12.9685602188,80.2488632202,50422,50432,10
12.967590332,80.2484817505,50432,50442,10
12.9667596817,80.2480621338,50442,50452,10
12.965929985,80.2476730347,50452,50463,11
12.9652004242,80.2474365234,50463,50473,10
12.965180397,80.247428894,50473,50483,10
12.9650697708,80.2473983765,50483,50493,10
12.9645996094,80.2472076416,50493,50503,10
12.9639596939,80.246963501,50503,50513,10
12.9635696411,80.2468109131,50513,50543,30
12.9635696411,80.2468109131,50543,50553,10
12.9633398056,80.2466812134,50553,50563,10
12.9627599716,80.2463684082,50563,50573,10
12.9619398117,80.2459564209,50573,50584,11
12.9608802795,80.2454605103,50584,50594,10
12.9598798752,80.2450180054,50594,50604,10
12.9593601227,80.2448120117,50604,50614,10
12.9593200684,80.2447891235,50614,50624,10
12.9589195251,80.2446136475,50624,50634,10
12.9582595825,80.2443084717,50634,50644,10
12.9575996399,80.2440719604,50644,50654,10
12.9568901062,80.2437973022,50654,50664,10
12.9564304352,80.2436294556,50664,50705,41
12.9564304352,80.2436294556,50705,50715,10
12.9559602737,80.2434997559,50715,50725,10
12.9553003311,80.2431564331,50725,50735,10
12.9544897079,80.2427978516,50735,50745,10
12.953669548,80.2424621582,50745,50755,10
12.9527797699,80.2420883179,50755,50765,10
12.9520397186,80.2418212891,50765,50775,10
12.9516601563,80.2416992188,50775,50785,10
12.9515399933,80.2416610718,50785,50795,10
12.9510297775,80.2414779663,50795,50806,11
12.9501600266,80.2411880493,50806,50816,10
12.9493198395,80.2409591675,50816,50826,10
12.948969841,80.2408218384,50826,50846,20
12.948969841,80.2408218384,50846,50856,10
12.9486999512,80.2406768799,50856,50866,10
12.9480895996,80.2404174805,50866,50876,10
12.9469604492,80.2399597168,50876,50896,20
12.9469604492,80.2399597168,50896,50906,10
12.9468698502,80.2399215698,50906,50917,11
12.9463796616,80.2397232056,50917,50927,10
12.9456796646,80.239402771,50927,50937,10
12.9449901581,80.2389068604,50937,50947,10
12.944319725,80.2382202148,50947,50957,10
12.9436302185,80.2374801636,50957,50967,10
12.9433298111,80.2371520996,50967,50977,10
12.9432601929,80.2370605469,50977,50987,10
12.9428596497,80.2367477417,50987,50997,10
12.9421195984,80.2364273071,50997,51007,10
12.9412002563,80.2361984253,51007,51017,10
12.9404201508,80.236000061,51017,51027,10
12.9398803711,80.2358398438,51027,51048,21
12.9398803711,80.2358398438,51048,51058,10
12.9395599365,80.2356872559,51058,51068,10
12.9390201569,80.2354202271,51068,51078,10
12.9383802414,80.2350769043,51078,51088,10
12.9375896454,80.234703064,51088,51098,10
12.9367198944,80.2342681885,51098,51108,10
12.9358301163,80.2338562012,51108,51118,10
12.9350404739,80.2334899902,51118,51128,10
12.9342699051,80.2331619263,51128,51138,10
12.9340801239,80.2330780029,51138,51149,11
12.9340200424,80.2330474854,51149,51159,10
12.9336996078,80.2328720093,51159,51169,10
12.9330797195,80.2325973511,51169,51179,10
12.9322500229,80.2322998047,51179,51189,10
12.9312896729,80.2319793701,51189,51199,10
12.930270195,80.2316818237,51199,51209,10
12.9293899536,80.2314605713,51209,51219,10
12.9283704758,80.2312774658,51219,51229,10
12.9273195267,80.2311401367,51229,51239,10
12.9262599945,80.2310409546,51239,51261,22
12.9262599945,80.2310409546,51261,51271,10
12.9261102676,80.2310180664,51271,51281,10
12.9258003235,80.2309799194,51281,51291,10
12.9252500534,80.2309036255,51291,51301,10
12.9244699478,80.2308120728,51301,51311,10
12.9235496521,80.2306976318,51311,51321,10
12.922539711,80.2305603027,51321,51331,10
12.9215202332,80.2304000854,51331,51341,10
12.9204902649,80.2302703857,51341,51351,10
12.9191703796,80.2301177979,51351,51371,20
12.9191703796,80.2301177979,51371,51382,11
12.9188899994,80.2300796509,51382,51392,10
12.9182901382,80.2300033569,51392,51402,10
12.9174995422,80.2298965454,51402,51412,10
12.9166603088,80.2297668457,51412,51422,10
12.9157896042,80.2296295166,51422,51432,10
12.9148597717,80.2294998169,51432,51442,10
12.9139204025,80.2293624878,51442,51452,10
12.9133300781,80.2293167114,51452,51462,10
12.913310051,80.229309082,51462,51472,10
12.9130897522,80.2292480469,51472,51482,10
12.9126195908,80.2291870117,51482,51493,11
12.9117603302,80.2290802002,51493,51503,10
12.9108200073,80.2289428711,51503,51512,9
12.9098596573,80.2287826538,51512,51523,11
12.9087600708,80.2285995483,51523,51533,10
12.9073400497,80.2283782959,51533,51573,40
12.9073400497,80.2283782959,51573,51583,10
12.9070901871,80.2283325195,51583,51593,10
12.906539917,80.2282791138,51593,51604,11
12.9061603546,80.2282714844,51604,51614,10
12.9060602188,80.2282562256,51614,51624,10
12.9056196213,80.2282333374,51624,51634,10
12.9048995972,80.2282028198,51634,51644,10
12.9041204453,80.2281417847,51644,51654,10
12.9032402039,80.2281036377,51654,51664,10
12.9023799896,80.2280578613,51664,51674,10
12.9017801285,80.2280197144,51674,51684,10
12.9016599655,80.228012085,51684,51694,10
12.9013700485,80.2280197144,51694,51704,10
12.9009399414,80.2279891968,51704,51715,11
12.9003295898,80.2279281616,51715,51725,10
12.899720192,80.227897644,51725,51735,10
12.8992500305,80.2278823853,51735,51765,30
12.8992500305,80.2278823853,51765,51775,10
12.898900032,80.2278289795,51775,51785,10
12.898349762,80.2277984619,51785,51794,9
12.8977603912,80.2277679443,51794,51805,11
12.8969097137,80.2277297974,51805,51815,10
12.8960399628,80.2276992798,51815,51825,10
12.8951196671,80.2276611328,51825,51836,11
12.8941297531,80.2276000977,51836,51846,10
12.8932304382,80.2275390625,51846,51866,20
12.8932304382,80.2275390625,51866,51876,10
12.8930797577,80.2275238037,51876,51885,9
12.8927698135,80.2274780273,51885,51896,11
12.8921298981,80.2274169922,51896,51906,10
12.8913803101,80.2273788452,51906,51916,10
12.890540123,80.2273788452,51916,51926,10
12.8896903992,80.2273712158,51926,51936,10
12.8888597488,80.2273864746,51936,51947,11
12.8885402679,80.2273864746,51947,51957,10
12.8882598877,80.2273712158,51957,51967,10
12.8876399994,80.2273101807,51967,51977,10
12.8867902756,80.2271575928,51977,51987,10
12.8858499527,80.2269210815,51987,51997,10
12.8850603104,80.2267837524,51997,52007,10
12.8848495483,80.2267608643,52007,52017,10
12.8847398758,80.2267608643,52017,52027,10
12.8842000961,80.2267379761,52027,52037,10
12.8833398819,80.2267379761,52037,52047,10
12.8822698593,80.2267303467,52047,52058,11
12.8809099197,80.2267379761,52058,52068,10
12.8796195984,80.2267379761,52068,52078,10
12.8783903122,80.2268066406,52078,52087,9
12.8774995804,80.2268829346,52087,52099,12
12.876660347,80.2269668579,52099,52109,10
12.8763904572,80.2266693115,52109,52129,20
12.8763904572,80.2266693115,52129,52139,10
12.8764095306,80.2264022827,52139,52149,10
12.8764801025,80.2257995605,52149,52157,8
12.8765497208,80.225112915,52157,52170,13
12.8767004013,80.2239990234,52170,52181,11
12.8770599365,80.2224197388,52181,52191,10
12.8773803711,80.2210617065,52191,52201,10
12.877699852,80.2197113037,52201,52211,10
12.8780002594,80.2183990479,52211,52221,10
12.8782701492,80.2170791626,52221,52231,10
12.8785295486,80.2158203125,52231,52241,10
12.8788003922,80.2145309448,52241,52251,10
12.8790397644,80.2132720947,52251,52261,10
12.8792695999,80.212097168,52261,52271,10
12.8790597916,80.2109222412,52271,52292,21
12.8790597916,80.2109222412,52292,52302,10
12.8788404465,80.2108764648,52302,52312,10
12.8782701492,80.2107772827,52312,52322,10
12.8774900436,80.2106170654,52322,52332,10
12.8767595291,80.2104873657,52332,52342,10
12.8761901855,80.2104034424,52342,52352,10
12.8755197525,80.2102813721,52352,52362,10
12.8744697571,80.2100906372,52362,52392,30
12.8744697571,80.2100906372,52392,52403,11
12.8743801117,80.2099914551,52403,52413,10
12.874420166,80.2096405029,52413,52423,10
12.8747301102,80.2097473145,52423,54015,1592
12.8747301102,80.2097473145,54015,54025,10
12.8746995926,80.2098922729,54025,54035,10
12.8746900558,80.2100601196,54035,54045,10
12.874879837,80.2101364136,54045,54055,10
12.8751602173,80.2101898193,54055,54065,10
12.8755702972,80.2102813721,54065,54075,10
12.8761301041,80.2103881836,54075,54085,10
12.8767795563,80.2105026245,54085,54095,10
12.8774404526,80.2106323242,54095,54106,11
12.8781204224,80.2107696533,54106,54116,10
12.878780365,80.2108764648,54116,54126,10
12.879240036,80.2109680176,54126,54136,10
12.879360199,80.2110290527,54136,54146,10
12.8794698715,80.2113418579,54146,54156,10
12.8793296814,80.2119903564,54156,54166,10
12.8791704178,80.2128295898,54166,54176,10
12.8789901733,80.2138214111,54176,54186,10
12.8787899017,80.21484375,54186,54196,10
12.8785800934,80.2158432007,54196,54206,10
12.8783798218,80.2167816162,54206,54216,10
12.8781795502,80.2177734375,54216,54227,11
12.8779401779,80.2189178467,54227,54237,10
12.8776597977,80.2200775146,54237,54247,10
12.8773803711,80.221282959,54247,54257,10
12.8771095276,80.2224807739,54257,54267,10
12.8768396378,80.2236633301,54267,54277,10
12.8766498566,80.2247695923,54277,54287,10
12.876540184,80.2258224487,54287,54297,10
12.8764400482,80.2264862061,54297,54307,10
12.8764400482,80.226852417,54307,54317,10
12.8766403198,80.226890564,54317,54327,10
12.8767404556,80.2268829346,54327,54338,11
12.8770198822,80.2268600464,54338,54348,10
12.8777399063,80.2267990112,54348,54358,10
12.8786401749,80.2267227173,54358,54368,10
12.8797197342,80.2266921997,54368,54378,10
12.8808097839,80.2266693115,54378,54388,10
12.8819198608,80.2266616821,54388,54398,10
12.8830003738,80.2266387939,54398,54408,10
12.8840198517,80.2266387939,54408,54424,16
12.8851995468,80.2266311646,54424,54436,12
12.8852500916,80.2266387939,54436,54444,8
12.8855400085,80.2266998291,54444,54457,13
12.8863897324,80.2269287109,54457,54467,10
12.8871603012,80.2271118164,54467,54477,10
12.8879899979,80.2272186279,54477,54487,10
12.888469696,80.2272415161,54487,54497,10
12.8886804581,80.2272491455,54497,54505,8
12.8891000748,80.2272567749,54505,54516,11
12.8900899887,80.2272720337,54516,54527,11
12.8910999298,80.2272720337,54527,54537,10
12.8920497894,80.2272796631,54537,54547,10
12.8927698135,80.2273406982,54547,54557,10
12.8935499191,80.2274398804,54557,54568,11
12.8940000534,80.2274780273,54568,54578,10
12.8944797516,80.2275238037,54578,54588,10
12.8952302933,80.2275619507,54588,54598,10
12.896109581,80.2276000977,54598,54608,10
12.8969802856,80.2276306152,54608,54618,10
12.8978700638,80.2276763916,54618,54628,10
12.8987798691,80.2277297974,54628,54638,10
12.8996200562,80.2277832031,54638,54648,10
12.900759697,80.2278594971,54648,54717,69
12.900759697,80.2278594971,54717,54727,10
12.9008302689,80.2278366089,54727,54737,10
12.9012498856,80.227897644,54737,54747,10
12.9016895294,80.2279205322,54747,54757,10
12.902130127,80.2279205322,54757,54767,10
12.9025802612,80.2279281616,54767,54777,10
12.9026699066,80.2279281616,54777,54787,10
12.9027795792,80.2279434204,54787,54798,11
12.9032897949,80.2279815674,54798,54808,10
12.904009819,80.228012085,54808,54818,10
12.9046802521,80.2280502319,54818,54828,10
12.9056301117,80.2281188965,54828,54838,10
12.9062404633,80.2281417847,54838,54848,10
12.9064998627,80.2281570435,54848,54858,10
12.9068098068,80.228187561,54858,54868,10
12.9069595337,80.2282104492,54868,54878,10
12.9072198868,80.2282409668,54878,54888,10
12.9078197479,80.2283401489,54888,54898,10
12.9087400436,80.2285003662,54898,54909,11
12.9100599289,80.2287063599,54909,54919,10
12.9113502502,80.2288970947,54919,54929,10
12.9125900269,80.2290802002,54929,54939,10
12.9139499664,80.2292480469,54939,54959,20
12.9139499664,80.2292480469,54959,54969,10
12.9143295288,80.2293624878,54969,54979,10
12.9148797989,80.2294387817,54979,54989,10
12.9156398773,80.2295379639,54989,54999,10
12.9166297913,80.2296600342,54999,55009,10
12.9176797867,80.2297821045,55009,55020,11
12.9188203812,80.229927063,55020,55030,10
12.9191999435,80.2299575806,55030,55040,10
12.9194602966,80.2299804688,55040,55050,10
12.920129776,80.2300720215,55050,55060,10
12.9210195541,80.230178833,55060,55070,10
12.92208004,80.2303314209,55070,55080,10
12.9232597351,80.230506897,55080,55090,10
12.9243898392,80.2306594849,55090,55100,10
12.9254798889,80.230796814,55100,55110,10
12.9262695313,80.2308807373,55110,55120,10
12.9263801575,80.2309036255,55120,55131,11
12.9269504547,80.23097229,55131,55141,10
12.9277801514,80.2310714722,55141,55151,10
12.9287099838,80.2312011719,55151,55161,10
12.9297599792,80.2314376831,55161,55171,10
12.930850029,80.2317199707,55171,55181,10
12.9319496155,80.2320709229,55181,55191,10
12.9336099625,80.2326889038,55191,55211,20
12.9336099625,80.2326889038,55211,55221,10
12.9338998795,80.2328262329,55221,55231,10
12.9344701767,80.2331008911,55231,55242,11
12.9352197647,80.2334365845,55242,55252,10
12.9357995987,80.2337112427,55252,55262,10
12.9364299774,80.2340164185,55262,55272,10
12.9371099472,80.2343521118,55272,55282,10
12.9379501343,80.2347717285,55282,55292,10
12.9388399124,80.235206604,55292,55302,10
12.9395198822,80.2355499268,55302,55312,10
12.939620018,80.2356033325,55312,55322,10
12.9398097992,80.2356567383,55322,55332,10
12.9403095245,80.2358474731,55332,55342,10
12.9410400391,80.2360305786,55342,55353,11
12.942199707,80.236328125,55353,55363,10
12.9431600571,80.2368087769,55363,55373,10
12.9437599182,80.2373733521,55373,55383,10
12.9438800812,80.2375564575,55383,55393,10
12.944319725,80.2380371094,55393,55403,10
12.9449396133,80.2387313843,55403,55413,10
12.9457902908,80.2393493652,55413,55423,10
12.9472198486,80.2399291992,55423,55443,20
12.9472198486,80.2399291992,55443,55453,10
12.9475803375,80.2400894165,55453,55464,11
12.9485197067,80.2404785156,55464,55494,30
12.9485197067,80.2404785156,55494,55504,10
12.9487400055,80.2405929565,55504,55514,10
12.9492301941,80.2407989502,55514,55524,10
12.9499397278,80.2410202026,55524,55534,10
12.9507102966,80.2412414551,55534,55545,11
12.9509496689,80.2413024902,55545,55554,9
12.9509897232,80.2413101196,55554,55564,10
12.9512701035,80.2414398193,55564,55574,10
12.9516496658,80.2415771484,55574,55585,11
12.9524202347,80.2418518066,55585,55595,10
12.9533004761,80.2421875,55595,55605,10
12.9541101456,80.2425231934,55605,55615,10
12.9548101425,80.2427902222,55615,55625,10
12.9554700851,80.2429962158,55625,55635,10
12.9561796188,80.2432785034,55635,55645,10
12.9564504623,80.2433700562,55645,55655,10
12.956870079,80.243560791,55655,55665,10
12.9575195313,80.2438812256,55665,55675,10
12.9582300186,80.244178772,55675,55685,10
12.9588003159,80.2444000244,55685,55696,11
12.9588699341,80.244430542,55696,55706,10
12.9592399597,80.2445907593,55706,55716,10
12.9598302841,80.2448730469,55716,55726,10
12.9606304169,80.2452392578,55726,55736,10
12.9615898132,80.2456970215,55736,55746,10
12.9623804092,80.2461013794,55746,55756,10
12.9627399445,80.2462692261,55756,55766,10
12.9629201889,80.2463531494,55766,55776,10
12.9633598328,80.2465591431,55776,55786,10
12.9639596939,80.2468185425,55786,55796,10
12.9647102356,80.2471084595,55796,55807,11
12.9656801224,80.2474517822,55807,55817,10
12.9664402008,80.2477264404,55817,55827,10
12.9666595459,80.2478179932,55827,55837,10
12.9667196274,80.2478637695,55837,55847,10
12.9668397903,80.2479171753,55847,55857,10
12.9670495987,80.248046875,55857,55867,10
12.9676198959,80.248298645,55867,55877,10
12.9684295654,80.248626709,55877,55887,10
12.9694099426,80.2490386963,55887,55897,10
12.9703598022,80.249420166,55897,55907,10
12.971449852,80.2497787476,55907,55918,11
12.972700119,80.2500991821,55918,55928,10
12.9736995697,80.2503509521,55928,55938,10
12.9744195938,80.2505111694,55938,55948,10
12.9744701385,80.250541687,55948,55958,10
12.9748601913,80.2506637573,55958,55968,10
12.9755802155,80.2508773804,55968,55978,10
12.9764699936,80.251121521,55978,55988,10
12.9773902893,80.2514801025,55988,56004,16
12.9787302017,80.2524185181,56004,56016,12
12.9797000885,80.252532959,56016,56025,9
12.9799003601,80.2523574829,56025,56037,12
12.9799203873,80.2522888184,56037,56047,10
12.9799604416,80.2521209717,56047,56057,10
12.9800796509,80.2517623901,56057,56067,10
12.9802503586,80.2511672974,56067,56077,10
12.9804697037,80.2503890991,56077,56086,9
12.9806203842,80.2496490479,56086,56097,11
12.9807195663,80.2487030029,56097,56107,10
12.9808197021,80.247543335,56107,56117,10
12.9808998108,80.2465133667,56117,56127,10
12.9810199738,80.2454605103,56127,56137,10
12.9811201096,80.2444610596,56137,56148,11
12.9811496735,80.2438964844,56148,56158,10
12.9811697006,80.2437362671,56158,56168,10
12.9812097549,80.2436828613,56168,56178,10
12.9813203812,80.243347168,56178,56188,10
12.9813299179,80.2428588867,56188,56198,10
12.9813404083,80.2427902222,56198,56208,10
12.9813699722,80.2426376343,56208,56218,10
12.9813604355,80.2421722412,56218,56228,10
12.9813499451,80.2415390015,56228,56238,10
12.9813404083,80.2407836914,56238,56248,10
12.9813098907,80.2400131226,56248,56259,11
12.981300354,80.2396087646,56259,56269,10
12.9812803268,80.2393569946,56269,56279,10
12.9812698364,80.2387695313,56279,56289,10
12.9812602997,80.2380828857,56289,56299,10
12.9812402725,80.2378311157,56299,56309,10
12.9812402725,80.2376327515,56309,56319,10
12.9812297821,80.2370834351,56319,56329,10
12.9812202454,80.2363204956,56329,56339,10
12.9811897278,80.2355575562,56339,56349,10
12.9811697006,80.2347793579,56349,56359,10
12.9813098907,80.2339782715,56359,56369,10
12.9816102982,80.2333602905,56369,56380,11
12.9816598892,80.2332382202,56380,56390,10
12.9817495346,80.233039856,56390,56400,10
12.9819202423,80.2325592041,56400,56410,10
12.9819602966,80.2321166992,56410,56420,10
12.9819498062,80.2316589355,56420,56430,10
12.9818496704,80.2311172485,56430,56440,10
12.9816398621,80.2306594849,56440,56450,10
12.9811697006,80.2298736572,56450,56460,10
12.9807901382,80.2292709351,56460,56470,10
12.9806003571,80.2289581299,56470,56480,10
12.9805803299,80.2289199829,56480,56491,11
12.9804601669,80.2286682129,56491,56501,10
12.9802999496,80.2283401489,56501,56511,10
12.980099678,80.2279815674,56511,56521,10
12.9797801971,80.2274475098,56521,56531,10
12.9794502258,80.2269134521,56531,56541,10
12.979060173,80.2262573242,56541,56551,10
12.9786396027,80.2255401611,56551,56561,10
12.9781904221,80.2248077393,56561,56571,10
12.9778699875,80.2244110107,56571,56581,10
12.9777698517,80.2242431641,56581,56591,10
12.977689743,80.2240829468,56591,56602,11
12.9773397446,80.2235107422,56602,56611,9
12.9770002365,80.2229690552,56611,56622,11
12.9770002365,80.2227325439,56622,56632,10
12.9771699905,80.2226791382,56632,56642,10
12.9772996902,80.2226486206,56642,56652,10
12.9775104523,80.2224273682,56652,56662,10
12.9774904251,80.2219314575,56662,56672,10
12.9774703979,80.2213821411,56672,56682,10
12.977519989,80.2211914063,56682,56692,10
12.9777402878,80.2211837769,56692,56702,10
12.9782800674,80.2211837769,56702,56713,11
12.9789896011,80.2211380005,56713,56723,10
12.9797000885,80.2210464478,56723,56733,10
12.9803600311,80.2210235596,56733,56743,10
12.9809303284,80.2210083008,56743,56753,10
12.9816198349,80.2213287354,56753,56763,10
12.9821100235,80.2216796875,56763,56772,9
12.9825201035,80.2218170166,56772,56783,11
12.9826402664,80.2218399048,56783,56793,10
12.982919693,80.2219390869,56793,56803,10
12.9830303192,80.2220230103,56803,56813,10
12.983300209,80.2222213745,56813,56823,10
12.9836597443,80.2224502563,56823,56834,11
12.9841499329,80.2227096558,56834,56844,10
12.9845504761,80.2229537964,56844,56854,10
12.9851303101,80.2232284546,56854,56864,10
12.9856004715,80.2230834961,56864,56874,10
12.9862203598,80.2229385376,56874,56884,10
12.9864997864,80.2229614258,56884,56894,10
12.9867296219,80.2229995728,56894,56904,10
12.9871997833,80.2230834961,56904,56914,10
12.9878396988,80.2229995728,56914,56924,10
12.9884300232,80.2225494385,56924,56934,10
12.9889001846,80.2220916748,56934,56945,11
12.9893903732,80.2215194702,56945,56955,10
12.9898099899,80.2209625244,56955,56965,10
12.990240097,80.2205276489,56965,56975,10
12.9902896881,80.2204971313,56975,56991,16
12.9904603958,80.2203826904,56991,57003,12
12.9908304214,80.2201004028,57003,57013,10
12.9912700653,80.2197570801,57013,57023,10
12.9917697906,80.219367981,57023,57033,10
12.9924297333,80.2188796997,57033,57043,10
12.9930400848,80.2184371948,57043,57054,11
12.9937200546,80.217918396,57054,57064,10
12.9940795898,80.2176589966,57064,57073,9
12.9942903519,80.2175216675,57073,57084,11
12.9945201874,80.2173690796,57084,57094,10
12.99477005,80.2171783447,57094,57104,10
12.9950895309,80.2169723511,57104,57114,10
12.9956502914,80.2166976929,57114,57124,10
12.9963998795,80.2165298462,57124,57134,10
12.9970197678,80.2164611816,57134,57144,10
12.9973402023,80.2162628174,57144,57154,10
12.9974498749,80.2161636353,57154,57164,10
12.9975004196,80.2161102295,57164,57175,11
12.9978599548,80.2157974243,57175,57185,10
12.9983196259,80.2154312134,57185,57195,10
12.9989004135,80.2149200439,57195,57205,10
12.9991798401,80.2147064209,57205,57215,10
12.9995498657,80.2144012451,57215,57225,10
12.9999399185,80.2140579224,57225,57235,10
13.0003204346,80.2137069702,57235,57245,10
13.0010004044,80.2130889893,57245,57255,10
13.0014400482,80.2127685547,57255,57265,10
13.0020103455,80.212348938,57265,57275,10
13.0025196075,80.2121276855,57275,57286,11
13.0030498505,80.2120819092,57286,57296,10
13.0034799576,80.2120437622,57296,57306,10
13.0036096573,80.2119903564,57306,57316,10
13.0037002563,80.2117767334,57316,57326,10
13.0036802292,80.211151123,57326,57336,10
13.0035896301,80.2103805542,57336,57346,10
13.0035200119,80.209602356,57346,57356,10
13.0036201477,80.2090530396,57356,57366,10
13.004119873,80.2086791992,57366,57376,10
13.0048503876,80.2089996338,57376,57386,10
13.0056695938,80.2093429565,57386,57397,11
13.0060195923,80.2094573975,57397,57407,10
13.0068798065,80.2097015381,57407,57427,20
13.0068798065,80.2097015381,57427,57437,10
13.0069904327,80.2097625732,57437,57447,10
13.0074100494,80.2098388672,57447,57457,10
13.0078897476,80.2099380493,57457,57467,10
13.0081596375,80.2098617554,57467,57477,10
13.0080699921,80.2093505859,57477,57487,10
13.0079498291,80.2085189819,57487,57497,10
13.0078201294,80.2075881958,57497,57508,11
13.0076799393,80.206741333,57508,57518,10
13.0075902939,80.2059173584,57518,57528,10
13.0075502396,80.2050018311,57528,57538,10
13.0075397491,80.2041625977,57538,57548,10
13.0074300766,80.2034225464,57548,57558,10
13.0071897507,80.2026367188,57558,57568,10
13.0065498352,80.2027816772,57568,57578,10
13.0067596436,80.2033233643,57578,57588,10
13.0074300766,80.2036437988,57588,57598,10
13.0082397461,80.2036972046,57598,57608,10
13.0092000961,80.2036437988,57608,57619,11
13.0104398727,80.2036209106,57619,57629,10
13.0116596222,80.2037277222,57629,57639,10
13.0128297806,80.2039413452,57639,57649,10
13.0135803223,80.2041778564,57649,57659,10
13.0136404037,80.2042236328,57659,57669,10
13.0136899948,80.2043609619,57669,57679,10
13.0136003494,80.2046432495,57679,57689,10
13.0134401321,80.2050476074,57689,57709,20
13.013010025,80.2068634033,57709,57719,10
13.0129404068,80.2076721191,57719,57729,10
13.0128803253,80.2080612183,57729,57740,11
13.0128602982,80.2085189819,57740,57750,10
13.0129098892,80.2088928223,57750,57766,16
13.0131702423,80.2097015381,57766,57778,12
13.0130996704,80.2104034424,57778,57788,10
13.0129499435,80.2110595703,57788,57798,10
13.0126304626,80.2117004395,57798,57808,10
13.0122003555,80.2124023438,57808,57818,10
13.0118999481,80.2128295898,57818,57828,10
13.0116901398,80.2128067017,57828,57838,10
13.0112600327,80.2124786377,57838,57849,11
13.0106697083,80.212020874,57849,57859,10
13.0103197098,80.2117462158,57859,57869,10
13.0099496841,80.2114486694,57869,57879,10
13.0098199844,80.2113418579,57879,57889,10
13.0095701218,80.211151123,57889,58181,292
13.0095701218,80.211151123,58181,58192,11
13.00922966,80.2111206055,58192,58202,10
13.0090703964,80.2113571167,58202,58212,10
13.0089998245,80.2115402222,58212,58222,10
13.0091104507,80.2118988037,58222,58232,10
13.0092802048,80.2125015259,58232,58242,10
13.0095396042,80.2132034302,58242,58252,10
13.0098304749,80.2139282227,58252,58262,10
13.0101003647,80.2146606445,58262,58272,10
13.0101995468,80.2152862549,58272,58282,10
13.0103502274,80.2159423828,58282,58292,10
13.0106201172,80.2165222168,58292,58303,11
13.011059761,80.2174224854,58303,58313,10
13.0113697052,80.21824646,58313,58323,10
13.0116796494,80.2191467285,58323,58333,10
13.0119895935,80.2201004028,58333,58343,10
13.0122499466,80.2209091187,58343,58353,10
13.0123796463,80.2214813232,58353,58363,10
13.0125703812,80.2217712402,58363,58373,10
13.0129003525,80.2222366333,58373,58383,10
13.0133104324,80.2227172852,58383,58393,10
13.0137701035,80.2232437134,58393,58403,10
13.0140895844,80.2236099243,58403,58414,11
13.014380455,80.2239379883,58414,58424,10
13.014840126,80.2244873047,58424,58434,10
13.0152797699,80.2249984741,58434,58444,10
13.01541996,80.2252120972,58444,58454,10
13.0154695511,80.2254562378,58454,58464,10
13.0152797699,80.2258377075,58464,58474,10
13.0150995255,80.2259597778,58474,58484,10
13.014670372,80.2261123657,58484,58494,10
13.0140600204,80.2263336182,58494,58504,10
13.0133399963,80.2266082764,58504,58514,10
13.0125799179,80.2269134521,58514,58524,10
13.0117902756,80.2272262573,58524,58535,11
13.0108003616,80.2276077271,58535,58545,10
13.0100002289,80.2279281616,58545,58555,10
13.0094995499,80.2277832031,58555,58565,10
13.0096702576,80.2272720337,58565,58575,10
13.0100002289,80.2265930176,58575,58585,10
13.0102796555,80.2259368896,58585,58594,9
13.0105304718,80.2253265381,58594,58604,10
13.010840416,80.2245864868,58604,58615,11
13.0111398697,80.2238311768,58615,58625,10
13.0113201141,80.2233581543,58625,58635,10
13.0110998154,80.2231216431,58635,58646,11
13.0105695724,80.2228622437,58646,58656,10
13.010219574,80.2226791382,58656,58665,9
13.0101699829,80.2226409912,58665,58676,11
13.0097999573,80.2224273682,58676,58686,10
13.0090799332,80.222038269,58686,58696,10
13.0082998276,80.2216186523,58696,58706,10
13.0074100494,80.2211380005,58706,58716,10
13.0066099167,80.2207336426,58716,58726,10
13.0057201385,80.220489502,58726,58736,10
13.0048704147,80.2203063965,58736,58746,10
13.0041799545,80.2201385498,58746,58757,11
13.0031900406,80.2199020386,58757,58767,10
13.0024204254,80.2195129395,58767,58777,10
13.0019197464,80.218963623,58777,58787,10
13.0013599396,80.218460083,58787,58797,10
13.0007400513,80.2180404663,58797,58807,10
13.0001401901,80.2176589966,58807,58817,10
12.9995298386,80.2172927856,58817,58826,9
12.9989404678,80.2169876099,58826,58836,10
12.9982099533,80.2166519165,58836,58847,11
12.9975004196,80.2165374756,58847,58857,10
12.9974098206,80.2165374756,58857,58868,11
12.9971599579,80.2165374756,58868,58898,30
12.9971599579,80.2165374756,58898,58908,10
12.9968099594,80.2165374756,58908,58918,10
12.9964799881,80.216583252,58918,58928,10
12.9961795807,80.2166366577,58928,58938,10
12.9958095551,80.2167205811,58938,58968,30
12.9958095551,80.2167205811,58968,58979,11
12.9955701828,80.2167892456,58979,59029,50
12.9955701828,80.2167892456,59029,59039,10
12.9951400757,80.2170028687,59039,59049,10
12.9951095581,80.2170181274,59049,59059,10
12.9948797226,80.2171936035,59059,59069,10
12.9944601059,80.2174987793,59069,59079,10
12.9940595627,80.2177963257,59079,59090,11
12.9935598373,80.2181472778,59090,59100,10
12.9929800034,80.2185821533,59100,59110,10
12.9923000336,80.2190704346,59110,59120,10
12.9915704727,80.2196121216,59120,59130,10
12.9910402298,80.2200088501,59130,59140,10
12.9908504486,80.2201538086,59140,59150,10
12.9907598495,80.220199585,59150,59160,10
12.99036026,80.2205123901,59160,59170,10
12.9898395538,80.2210235596,59170,59180,10
12.9893398285,80.2216186523,59180,59190,10
12.9888296127,80.2222290039,59190,59200,10
12.988240242,80.2227935791,59200,59211,11
12.987660408,80.2231369019,59211,59221,10
12.9876298904,80.2231292725,59221,59231,10
12.9874601364,80.2231216431,59231,59241,10
12.9870195389,80.2230682373,59241,59251,10
12.9864902496,80.2229995728,59251,59261,10
12.9858398438,80.2230529785,59261,59271,10
12.9853601456,80.2233276367,59271,59281,10
12.9847698212,80.2231292725,59281,59291,10
12.9842796326,80.2228393555,59291,59301,10
12.9838495255,80.2225875854,59301,59311,10
12.9831895828,80.2221603394,59311,59332,21
12.9831895828,80.2221603394,59332,59342,10
12.9831495285,80.2221221924,59342,59352,10
12.9828395844,80.2219467163,59352,59362,10
12.9823503494,80.2218017578,59362,59372,10
12.981760025,80.2214736938,59372,59382,10
12.9812402725,80.2211608887,59382,59392,10
12.9805002213,80.2210769653,59392,59402,10
12.9803695679,80.2210998535,59402,59412,10
12.9799499512,80.2211227417,59412,59422,10
12.9793300629,80.2211685181,59422,59433,11
12.9786996841,80.2211990356,59433,59443,10
12.9779100418,80.2212219238,59443,59453,10
12.9770803452,80.2212600708,59453,59463,10
12.9763803482,80.2212677002,59463,59473,10
12.976360321,80.2218017578,59473,59503,30
12.976360321,80.2218017578,59503,59513,10
12.9764795303,80.2220611572,59513,59523,10
12.9767398834,80.2225189209,59523,59533,10
12.9769802094,80.2228775024,59533,59544,11
12.9773597717,80.2234802246,59544,59554,10
12.9778203964,80.2241973877,59554,59564,10
12.9782600403,80.2249069214,59564,59574,10
12.9786500931,80.2255630493,59574,59584,10
12.9791002274,80.2262878418,59584,59594,10
12.9795303345,80.2270126343,59594,59604,10
12.9799003601,80.2276077271,59604,59614,10
12.9803104401,80.2282791138,59614,59624,10
12.9807701111,80.2290725708,59624,59634,10
12.9812202454,80.2297973633,59634,59644,10
12.9816703796,80.23046875,59644,59655,11
12.9817199707,80.2305603027,59655,59665,10
12.981880188,80.2309188843,59665,59675,10
12.9820604324,80.2315826416,59675,59685,10
12.9820804596,80.2323303223,59685,59695,10
12.9818696976,80.2330932617,59695,59705,10
12.9816703796,80.2335510254,59705,59715,10
12.9815998077,80.2336730957,59715,59725,10
12.9813699722,80.2341308594,59725,59735,10
12.9812402725,80.2346878052,59735,59745,10
12.9812402725,80.2353591919,59745,59755,10
12.9812698364,80.2362670898,59755,59765,10
12.9813098907,80.2372589111,59765,59776,11
12.9813404083,80.2381210327,59776,59786,10
12.9813499451,80.2386932373,59786,59796,10
12.9813404083,80.2387008667,59796,59806,10
12.9813404083,80.2388763428,59806,59816,10
12.9813499451,80.2394180298,59816,59826,10
12.9813699722,80.2400588989,59826,59836,10
12.9813804626,80.2407684326,59836,59846,10
12.9813804626,80.2415008545,59846,59856,10
12.9814100266,80.2422866821,59856,59866,10
12.9814195633,80.2427978516,59866,59876,10
12.9814195633,80.2428588867,59876,59887,11
12.9813995361,80.243309021,59887,59897,10
12.9813804626,80.2436904907,59897,59907,10
12.9812602997,80.2444229126,59907,59917,10
12.9811601639,80.2453231812,59917,59927,10
12.9810600281,80.2462463379,59927,59937,10
12.9809598923,80.2472229004,59937,59947,10
12.9808702469,80.2482376099,59947,59957,10
12.980799675,80.249168396,59957,59967,10
12.9806404114,80.2501831055,59967,59977,10
12.9803800583,80.2511825562,59977,59987,10
12.9801502228,80.2520217896,59987,59998,11
12.9799604416,80.2526168823,59998,60086,88
12.9799604416,80.2526168823,60086,60096,10
12.9799003601,80.2527313232,60096,60116,20
12.9799003601,80.2527313232,60116,60127,11
12.9795303345,80.2527770996,60127,60137,10
12.9787797928,80.2526931763,60137,60147,10
12.9785995483,80.2526397705,60147,60156,9
12.9784202576,80.252532959,60156,60167,11
12.9778404236,80.2520294189,60167,60177,10
12.977060318,80.2514419556,60177,60187,10
12.9758996964,80.251083374,60187,60197,10
12.9746904373,80.2507400513,60197,60207,10
12.9735202789,80.2504119873,60207,60217,10
12.9726104736,80.2501983643,60217,60228,11
12.9724397659,80.2501525879,60228,60238,10
12.9719104767,80.2500076294,60238,60248,10
12.971159935,80.2498092651,60248,60258,10
12.9703302383,80.2495574951,60258,60268,10
12.9693899155,80.249168396,60268,60278,10
12.96833992,80.2487411499,60278,60288,10
12.9673595428,80.2483596802,60288,60298,10
12.9663000107,80.2478637695,60298,60308,10
12.9655199051,80.2475280762,60308,60318,10
12.9652004242,80.247428894,60318,60328,10
12.9651603699,80.2474212646,60328,60339,11
12.9649600983,80.2473526001,60339,60349,10
12.964509964,80.2471923828,60349,60359,10
12.9636802673,80.2468795776,60359,60399,40
12.9636802673,80.2468795776,60399,60409,10
12.9634103775,80.2467269897,60409,60419,10
12.9628601074,80.2464523315,60419,60429,10
12.9620800018,80.2460479736,60429,60439,10
12.9610795975,80.2455596924,60439,60449,10
12.9600000381,80.2450866699,60449,60466,17
12.9593496323,80.2448272705,60466,60478,12
12.9590501785,80.244682312,60478,60488,10
12.9585800171,80.244468689,60488,60498,10
12.9577503204,80.2441101074,60498,60508,10
12.9570999146,80.2438812256,60508,60518,10
12.956609726,80.2436981201,60518,60527,9
12.9563798904,80.2436065674,60527,60538,11
12.956199646,80.2435379028,60538,60548,10
12.9556598663,80.2432785034,60548,60557,9
12.9549703598,80.2429733276,60557,60569,12
12.9543199539,80.2426986694,60569,60579,10
12.9540596008,80.2425994873,60579,60589,10
12.9538002014,80.2425003052,60589,60599,10
12.9532499313,80.2422485352,60599,60609,10
12.9524402618,80.2419509888,60609,60619,10
12.9517297745,80.2417068481,60619,60629,10
12.9516601563,80.2416763306,60629,60639,10
12.9512500763,80.2415390015,60639,60649,10
12.9504995346,80.2412872314,60649,60659,10
12.949669838,80.2410430908,60659,60669,10
12.9488897324,80.2407684326,60669,60680,11
12.9479904175,80.2404022217,60680,60690,10
12.9474000931,80.2401580811,60690,60700,10
12.9471502304,80.2400512695,60700,60710,10
12.9469203949,80.2399597168,60710,60720,10
12.9466199875,80.2398376465,60720,60730,10
12.9460201263,80.2395782471,60730,60740,10
12.9453201294,80.2392272949,60740,60750,10
12.9446401596,80.2386016846,60750,60760,10
12.9439601898,80.2378463745,60760,60770,10
12.943400383,80.2372589111,60770,60780,10
12.9427604675,80.2367019653,60780,60791,11
12.9415597916,80.2362823486,60791,60801,10
12.9403896332,80.236000061,60801,60811,10
12.9397697449,80.2358093262,60811,60821,10
12.939740181,80.2358016968,60821,60831,10
12.9393596649,80.2356109619,60831,60841,10
12.9387197495,80.2352676392,60841,60851,10
12.9378499985,80.2348403931,60851,60861,10
12.9368495941,80.2343521118,60861,60871,10
12.9359397888,80.2339096069,60871,60881,10
12.9351701736,80.233543396,60881,60891,10
12.9343299866,80.2331924438,60891,60902,11
12.9338998795,80.233001709,60902,60912,10
12.9338197708,80.2329483032,60912,60922,10
12.9333400726,80.2327194214,60922,60932,10
12.932510376,80.2323913574,60932,60942,10
12.9314098358,80.2320327759,60942,60952,10
12.9302902222,80.2316894531,60952,60962,10
12.9293203354,80.2314605713,60962,60973,11
12.9293203354,80.2314605713,60973,61039,66
12.9238595963,80.2307434082,61039,61048,9
12.9229297638,80.2306213379,61048,61059,11
12.9217596054,80.2304534912,61059,61069,10
12.9204101563,80.2302703857,61069,61079,10
12.919380188,80.2301635742,61079,61089,10
12.9191799164,80.230140686,61089,61099,10
12.9187602997,80.2300796509,61099,61109,10
12.9180402756,80.2299728394,61109,61119,10
12.9171600342,80.2298583984,61119,61130,11
12.9160499573,80.2296981812,61130,61140,10
12.9149799347,80.2295379639,61140,61150,10
12.9138898849,80.2294006348,61150,61160,10
12.9134597778,80.2293624878,61160,61170,10
12.9133796692,80.2293624878,61170,61179,9
12.9129800797,80.2292861938,61179,61190,11
12.9122104645,80.2291717529,61190,61200,10
12.9110803604,80.2289962769,61200,61210,10
12.9099502563,80.2288284302,61210,61220,10
12.9088497162,80.2286529541,61220,61230,10
12.9078998566,80.2284927368,61230,61241,11
12.9069404602,80.2283706665,61241,61291,50
12.9069404602,80.2283706665,61291,61301,10
12.9068498611,80.2283706665,61301,61311,10
12.9064302444,80.2283172607,61311,61321,10
12.9059495926,80.2282562256,61321,61331,10
12.9050798416,80.228187561,61331,61341,10
12.9039096832,80.2281417847,61341,61351,10
12.9026603699,80.2280883789,61351,61362,11
12.901550293,80.2280426025,61362,61372,10
12.9010400772,80.2280273438,61372,61382,10
12.9005002975,80.2279663086,61382,61392,10
12.8995399475,80.2279205322,61392,61422,30
12.8995399475,80.2279205322,61422,61438,16
12.8992395401,80.227897644,61438,61450,12
12.898850441,80.2278594971,61450,61458,8
12.8983001709,80.2278213501,61458,61471,13
12.8971004486,80.2277679443,61471,61481,10
12.8960800171,80.227722168,61481,61491,10
12.8950395584,80.2276763916,61491,61501,10
12.893989563,80.2276229858,61501,61510,9
12.8930501938,80.2275009155,61510,61521,11
12.8922100067,80.227432251,61521,61532,11
12.8920001984,80.2274093628,61532,61543,11
12.8913202286,80.2273864746,61543,61553,10
12.8901996613,80.2273864746,61553,61563,10
12.8890600204,80.2273864746,61563,61572,9
12.888299942,80.2273788452,61572,61584,12
12.8880195618,80.2273406982,61584,61594,10
12.8873195648,80.2272491455,61594,61604,10
12.8864297867,80.2270584106,61604,61614,10
12.8854398727,80.2268218994,61614,61624,10
12.8848104477,80.2267532349,61624,61634,10
12.8846702576,80.2267532349,61634,61644,10
12.8840904236,80.2267608643,61644,61654,10
12.8832597733,80.2267608643,61654,61664,10
12.8822002411,80.2267608643,61664,61674,10
12.8810796738,80.2267837524,61674,61684,10
12.8799495697,80.2267837524,61684,61695,11
12.878660202,80.2268218994,61695,61705,10
12.8775396347,80.2269134521,61705,61715,10
12.8768701553,80.2269668579,61715,61725,10
12.8764801025,80.2269134521,61725,61755,30
12.8764801025,80.2269134521,61755,61765,10
12.8764295578,80.2266693115,61765,61775,10
12.8764400482,80.2265014648,61775,61785,10
12.8764600754,80.2263793945,61785,61795,10
12.8765201569,80.2258377075,61795,61805,10
12.8766098022,80.2249832153,61805,61816,11
12.8767995834,80.2238006592,61816,61826,10
12.8770399094,80.2227020264,61826,61836,10
12.8773202896,80.221496582,61836,61846,10
12.8775901794,80.2203063965,61846,61856,10
12.8778600693,80.2191390991,61856,61866,10
12.8781204224,80.2179412842,61866,61876,10
12.878370285,80.2167129517,61876,61886,10
12.8786096573,80.2155532837,61886,61896,10
12.8788604736,80.2143325806,61896,61905,9
12.879070282,80.2132263184,61905,61915,10
12.8793001175,80.2120285034,61915,61927,12
12.879360199,80.2110366821,61927,61937,10
12.8790903091,80.2109527588,61937,61947,10
12.8789901733,80.2109298706,61947,61957,10
12.8786001205,80.2108612061,61957,61967,10
12.8779697418,80.2107391357,61967,61977,10
12.8773202896,80.2106170654,61977,61987,10
12.8767004013,80.2105026245,61987,61997,10
12.8760204315,80.2103805542,61997,62007,10
12.8752698898,80.2102432251,62007,62017,10
12.8746404648,80.2101287842,62017,62038,21
12.8746404648,80.2101287842,62038,62048,10
12.8745498657,80.2100982666,62048,62058,10
12.8743696213,80.2099914551,62058,62068,10
12.8744001389,80.2097167969,62068,62078,10
12.8746404648,80.2095794678,62078,62088,10
12.8746595383,80.2098617554,62088,62637,549
12.8746595383,80.2098617554,62637,62647,10
12.8747196198,80.2101821899,62647,62657,10
12.8748903275,80.2102203369,62657,62667,10
12.8749799728,80.2102279663,62667,62677,10
12.8753499985,80.2102966309,62677,62687,10
12.8758296967,80.2103805542,62687,62697,10
12.8763904572,80.2104873657,62697,62717,20
12.8774995804,80.2107009888,62717,62728,11
12.8781099319,80.2108078003,62728,62738,10
12.8787403107,80.2109222412,62738,62748,10
12.8791503906,80.2109985352,62748,62768,20
12.8791503906,80.2109985352,62768,62778,10
12.8793897629,80.2110900879,62778,62788,10
12.8794803619,80.2111816406,62788,62798,10
12.8794803619,80.2115936279,62798,62808,10
12.8793401718,80.2122497559,62808,62818,10
12.8791799545,80.2130584717,62818,62829,11
12.8789901733,80.2140579224,62829,62839,10
12.8788003922,80.2150268555,62839,62849,10
12.8785896301,80.216003418,62849,62859,10
12.8783998489,80.2169418335,62859,62869,10
12.8781900406,80.2179489136,62869,62879,10
12.8779802322,80.218963623,62879,62889,10
12.8777399063,80.2199401855,62889,62899,10
12.8775196075,80.2209320068,62899,62909,10
12.877289772,80.2219161987,62909,62919,10
12.8770503998,80.2229385376,62919,62929,10
12.8768196106,80.2239837646,62929,62940,11
12.8766498566,80.2250976563,62940,62950,10
12.8765497208,80.2260513306,62950,62960,10
12.8764801025,80.226852417,62960,63000,40
12.8764801025,80.226852417,63000,63010,10
12.8768701553,80.2268981934,63010,63020,10
12.8774404526,80.2268371582,63020,63030,10
12.8782300949,80.2267913818,63030,63040,10
12.8791599274,80.2267227173,63040,63051,11
12.8802204132,80.2266998291,63051,63061,10
12.8812599182,80.2266921997,63061,63071,10
12.8823204041,80.2266769409,63071,63081,10
12.8833503723,80.2266616821,63081,63091,10
12.8843202591,80.2266464233,63091,63101,10
12.8848800659,80.2266387939,63101,63111,10
12.885140419,80.2266616821,63111,63121,10
12.8852500916,80.2266693115,63121,63131,10
12.8856201172,80.2267532349,63131,63141,10
12.8862695694,80.2269210815,63141,63151,10
12.8871002197,80.2271270752,63151,63161,10
12.8880500793,80.2272567749,63161,63172,11
12.888469696,80.2272872925,63172,63182,10
12.8888196945,80.2273101807,63182,63192,10
12.8895301819,80.2273178101,63192,63202,10
12.8904304504,80.2273178101,63202,63212,10
12.8913097382,80.2273178101,63212,63222,10
12.891960144,80.2273101807,63222,63232,10
12.8923196793,80.2273330688,63232,63242,10
12.8929901123,80.2274017334,63242,63252,10
12.8938398361,80.2275085449,63252,63262,10
12.8941001892,80.2275390625,63262,63272,10
12.8942098618,80.2275466919,63272,63283,11
12.8944101334,80.2275619507,63283,63292,9
12.8948698044,80.2276000977,63292,63303,11
12.8957395554,80.2276306152,63303,63313,10
12.8966903687,80.2276687622,63313,63323,10
12.8977203369,80.2277374268,63323,63333,10
12.8986797333,80.2277984619,63333,63343,10
12.899310112,80.2278518677,63343,63353,10
12.8995599747,80.2278594971,63353,63363,10
12.9000301361,80.2278823853,63363,63373,10
12.9005002975,80.227897644,63373,63383,10
12.9009199142,80.2279281616,63383,63394,11
12.9013299942,80.2279586792,63394,63404,10
12.9016895294,80.2279663086,63404,63414,10
12.9021196365,80.2279815674,63414,63424,10
12.9026699066,80.228012085,63424,63444,20
12.9026699066,80.228012085,63444,63454,10
12.9030103683,80.2280197144,63454,63464,10
12.9036502838,80.2280578613,63464,63474,10
12.904419899,80.2281036377,63474,63484,10
12.9052200317,80.2281417847,63484,63494,10
12.9057998657,80.2281570435,63494,63505,11
12.9061698914,80.2282104492,63505,63515,10
12.9063997269,80.2282333374,63515,63525,10
12.9065704346,80.2282562256,63525,63535,10
12.9070501328,80.2282791138,63535,63555,20
12.9070501328,80.2282791138,63555,63565,10
12.907409668,80.2283172607,63565,63575,10
12.908080101,80.2284164429,63575,63591,16
12.9095001221,80.2286605835,63591,63603,12
12.9105997086,80.228843689,63603,63613,10
12.9116096497,80.2289810181,63613,63623,10
12.9125699997,80.2291183472,63623,63634,11
12.9136896133,80.2292633057,63634,63664,30
12.9136896133,80.2292633057,63664,63674,10
12.9140100479,80.2293167114,63674,63684,10
12.914440155,80.2294006348,63684,63694,10
12.9151601791,80.2295074463,63694,63704,10
12.9160604477,80.229637146,63704,63714,10
12.9170999527,80.2297668457,63714,63724,10
12.9181699753,80.2299118042,63724,63735,11
12.9191398621,80.2300415039,63735,63745,10
12.9192895889,80.2300491333,63745,63755,10
12.9194602966,80.2300720215,63755,63765,10
12.9200296402,80.230140686,63765,63775,10
12.9208097458,80.2302398682,63775,63785,10
12.9216804504,80.2303619385,63785,63795,10
12.9226503372,80.230506897,63795,63805,10
12.9237098694,80.2306594849,63805,63815,10
12.9247598648,80.230796814,63815,63825,10
12.9258003235,80.2309112549,63825,63835,10
12.9263496399,80.23097229,63835,63846,11
12.9264202118,80.2309799194,63846,63856,10
12.9268798828,80.2310409546,63856,63866,10
12.9275302887,80.2311172485,63866,63876,10
12.9281101227,80.2312011719,63876,63886,10
12.9286699295,80.2312698364,63886,63906,20
12.9286699295,80.2312698364,63906,63916,10
12.9288396835,80.2313079834,63916,63926,10
12.929309845,80.2313995361,63926,63936,10
12.9300098419,80.2315597534,63936,63946,10
12.9308900833,80.2317962646,63946,63957,11
12.9319095612,80.232131958,63957,63967,10
12.9328298569,80.2324371338,63967,63977,10
12.9334802628,80.2326965332,63977,63987,10
12.9336700439,80.2327880859,63987,63997,10
12.9337396622,80.2328262329,63997,64007,10
12.9341201782,80.2330093384,64007,64017,10
12.9347600937,80.2332992554,64017,64026,9
12.9353599548,80.233581543,64026,64037,11
12.9356203079,80.2337188721,64037,64047,10
12.9357595444,80.2337799072,64047,64057,10
12.9362602234,80.2340164185,64057,64067,10
12.9369602203,80.234336853,64067,64078,11
12.9378795624,80.2347793579,64078,64088,10
12.9387798309,80.2352294922,64088,64098,10
12.9394798279,80.2355728149,64098,64108,10
12.9395503998,80.2356109619,64108,64118,10
12.9397201538,80.235710144,64118,64128,10
12.9401798248,80.2359008789,64128,64138,10
12.940870285,80.236076355,64138,64148,10
12.9416799545,80.2362670898,64148,64158,10
12.9425401688,80.2365188599,64158,64168,10
12.9433603287,80.2370223999,64168,64178,10
12.9436397552,80.2372894287,64178,64189,11
12.9437799454,80.2374420166,64189,64199,10
12.9441604614,80.2378692627,64199,64209,10
12.9446802139,80.2384414673,64209,64219,10
12.9453201294,80.2390823364,64219,64229,10
12.9459896088,80.2394714355,64229,64239,10
12.9467096329,80.2397384644,64239,64249,10
12.9468402863,80.2397994995,64249,64259,10
12.9471597672,80.2399368286,64259,64279,20
12.9471597672,80.2399368286,64279,64289,10
12.9473199844,80.240020752,64289,64300,11
12.9477596283,80.240196228,64300,64310,10
12.9482498169,80.2404022217,64310,64411,101
12.9482498169,80.2404022217,64411,64421,10
12.9484395981,80.2404937744,64421,64431,10
12.9486904144,80.2405776978,64431,64441,10
12.949139595,80.2407836914,64441,64451,10
12.949549675,80.2409286499,64451,64461,10
12.9501104355,80.2411117554,64461,64471,10
12.9509496689,80.2413406372,64471,64491,20
12.9509496689,80.2413406372,64491,64501,10
12.9511003494,80.2414016724,64501,64511,10
12.95154953,80.241569519,64511,64522,11
12.9522800446,80.2418289185,64522,64532,10
12.9531002045,80.2421417236,64532,64542,10
12.9538402557,80.24243927,64542,64552,10
12.954369545,80.2426605225,64552,64562,10
12.9549798965,80.2428894043,64562,64572,10
12.9556303024,80.2431182861,64572,64582,10
12.956199646,80.243270874,64582,64592,10
12.9562702179,80.2433013916,64592,64602,10
12.9564199448,80.2433395386,64602,64612,10
12.9565296173,80.2433776855,64612,64622,10
12.9569396973,80.2435836792,64622,64633,11
12.9575996399,80.2439193726,64633,64643,10
12.9582901001,80.2442092896,64643,64653,10
12.9588298798,80.2444076538,64653,64663,10
12.9588699341,80.244430542,64663,64673,10
12.9589796066,80.2444915771,64673,64683,10
12.9594202042,80.2447128296,64683,64693,10
12.9600696564,80.2450027466,64693,64703,10
12.9608402252,80.2453613281,64703,64713,10
12.9617395401,80.2457885742,64713,64723,10
12.9626197815,80.2462234497,64723,64733,10
12.9630403519,80.2463989258,64733,64754,21
12.9630403519,80.2463989258,64754,64770,16
12.9634399414,80.24659729,64770,64782,12
12.9640197754,80.2468566895,64782,64792,10
12.9646997452,80.2471237183,64792,64801,9
12.965379715,80.2473602295,64801,64812,11
12.9662599564,80.2477035522,64812,64820,8
12.9666404724,80.2478485107,64820,64851,31
12.9666404724,80.2478485107,64851,64862,11
12.9668102264,80.2479324341,64862,64873,11
12.9671802521,80.2481613159,64873,64883,10
12.9678297043,80.2484207153,64883,64893,10
12.9685897827,80.2487411499,64893,64903,10
12.969420433,80.2490997314,64903,64913,10
12.9703102112,80.2494506836,64913,64923,10
12.9712600708,80.2497634888,64923,64933,10
12.9722604752,80.2500076294,64933,64943,10
12.973279953,80.2502593994,64943,64953,10
12.9741601944,80.2504730225,64953,64963,10
12.9743099213,80.2505111694,64963,64974,11
12.974360466,80.250541687,64974,64984,10
12.974729538,80.2506637573,64984,64994,10
12.9753303528,80.250831604,64994,65004,10
12.9761295319,80.2510604858,65004,65014,10
12.9769802094,80.2513198853,65014,65024,10
12.9777402878,80.2517929077,65024,65034,10
12.9784803391,80.2523574829,65034,65044,10
12.979060173,80.252571106,65044,65054,10
12.9792699814,80.2525634766,65054,65064,10
12.9796800613,80.252571106,65064,65074,10
12.9799404144,80.2523422241,65074,65085,11
12.9799404144,80.2523193359,65085,65095,10
12.979929924,80.252243042,65095,65105,10
12.9800100327,80.2519073486,65105,65115,10
12.9801797867,80.2513580322,65115,65125,10
12.9804000854,80.2506103516,65125,65135,10
12.9806098938,80.2497406006,65135,65145,10
12.9807100296,80.2489318848,65145,65155,10
12.9807796478,80.2479019165,65155,65165,10
12.9808702469,80.2469177246,65165,65175,10
12.9809999466,80.2458724976,65175,65185,10
12.9811201096,80.2447967529,65185,65195,10
12.9811897278,80.2438812256,65195,65206,11
12.9813499451,80.2434005737,65206,65216,10
12.9813604355,80.2428131104,65216,65236,20
12.9813604355,80.2428131104,65236,65246,10
12.9813699722,80.2426223755,65246,65256,10
12.9813604355,80.2421569824,65256,65266,10
12.9813604355,80.2415771484,65266,65276,10
12.9813604355,80.2408905029,65276,65286,10
12.9813404083,80.2403411865,65286,65306,20
12.9813404083,80.2403411865,65306,65323,17
12.9813299179,80.2400131226,65323,65335,12
12.9813299179,80.2396469116,65335,65345,10
12.9813098907,80.2392425537,65345,65355,10
12.9812898636,80.2384719849,65355,65365,10
12.9812698364,80.2379684448,65365,65375,10
12.9812602997,80.2379302979,65375,65385,10
12.9812402725,80.2378616333,65385,65394,9
12.9812402725,80.2375564575,65394,65405,11
12.9812202454,80.2368774414,65405,65415,10
12.9812002182,80.2360687256,65415,65425,10
12.9811897278,80.2353210449,65425,65435,10
12.9811897278,80.2345733643,65435,65446,11
12.9813995361,80.2338027954,65446,65455,9
12.9815196991,80.2335281372,65455,65466,11
12.9816102982,80.2333068848,65466,65476,10
12.9816198349,80.2333068848,65476,65486,10
12.981760025,80.233001709,65486,65496,10
12.9819297791,80.2325363159,65496,65506,10
12.9819803238,80.2321777344,65506,65516,10
12.9819498062,80.2316589355,65516,65526,10
12.9818601608,80.2312011719,65526,65537,11
12.9816303253,80.2306289673,65537,65547,10
12.9813299179,80.2301177979,65547,65557,10
12.9809703827,80.2295684814,65557,65567,10
12.9807500839,80.2292022705,65567,65577,10
12.9806003571,80.2289581299,65577,65587,10
12.9806003571,80.2289505005,65587,65597,10
12.9804897308,80.2287597656,65597,65607,10
12.9802999496,80.2284469604,65607,65617,10
12.9801797867,80.2281570435,65617,65627,10
12.9799003601,80.2277069092,65627,65637,10
12.9796104431,80.2272262573,65637,65647,10
12.9792499542,80.2266311646,65647,65658,11
12.9788198471,80.2258911133,65658,65668,10
12.9784803391,80.2253265381,65668,65678,10
12.9782495499,80.224937439,65678,65688,10
12.9781398773,80.2247695923,65688,65698,10
12.9780702591,80.2246780396,65698,65708,10
12.9778404236,80.2243881226,65708,65718,10
12.9776201248,80.2240219116,65718,65728,10
12.9773797989,80.2235794067,65728,65748,20
12.9773797989,80.2235794067,65748,65758,10
12.9771995544,80.2232513428,65758,65769,11
12.9770402908,80.2229919434,65769,65779,10
12.9769496918,80.2228164673,65779,65789,10
12.9771995544,80.2226791382,65789,65819,30
12.9771995544,80.2226791382,65819,65829,10
12.9774703979,80.2226791382,65829,65839,10
12.9774999619,80.2224578857,65839,65849,10
12.9774904251,80.2220230103,65849,65859,10
12.9774503708,80.2214813232,65859,65869,10
12.9774999619,80.2212371826,65869,65880,11
12.9778995514,80.2212295532,65880,65890,10
12.9783697128,80.2212219238,65890,65900,10
12.9788799286,80.2211914063,65900,65910,10
12.9794301987,80.2211532593,65910,65920,10
12.9799804688,80.2211074829,65920,65930,10
12.9804801941,80.2210388184,65930,65940,10
12.9810695648,80.2210769653,65940,65950,10
12.9815597534,80.2213363647,65950,65960,10
12.9820203781,80.2216567993,65960,65970,10
12.9823799133,80.2218093872,65970,65980,10
12.9828996658,80.2219924927,65980,66011,31
12.9828996658,80.2219924927,66011,66021,10
12.9831600189,80.2220993042,66021,66031,10
12.9835195541,80.222366333,66031,66041,10
12.9838495255,80.2225723267,66041,66051,10
12.9842100143,80.2227783203,66051,66061,10
12.9846000671,80.2230300903,66061,66071,10
12.985039711,80.2232284546,66071,66081,10
12.9854898453,80.2232437134,66081,66091,10
12.9859199524,80.2229995728,66091,66102,11
12.9863500595,80.2229919434,66102,66112,10
12.9864597321,80.2229995728,66112,66122,10
12.9865999222,80.2230072021,66122,66172,50
12.9865999222,80.2230072021,66172,66182,10
12.987039566,80.2230529785,66182,66192,10
12.987279892,80.2230834961,66192,66202,10
12.9877796173,80.2230377197,66202,66213,11
12.9883804321,80.2226028442,66213,66223,10
12.9888601303,80.2220993042,66223,66233,10
12.9893102646,80.221572876,66233,66243,10
12.9897603989,80.2210006714,66243,66253,10
12.9902801514,80.2204437256,66253,66263,10
12.9904003143,80.2203598022,66263,66273,10
12.9905004501,80.2203063965,66273,66283,10
12.9907798767,80.2201080322,66283,66293,10
12.991109848,80.2198486328,66293,66303,10
12.991230011,80.2197494507,66303,66313,10
12.9912796021,80.2197113037,66313,66324,11
12.9915895462,80.2194900513,66324,66334,10
12.9920196533,80.2191925049,66334,66344,10
12.992600441,80.2187576294,66344,66354,10
12.9932003021,80.2183074951,66354,66364,10
12.9937696457,80.2179031372,66364,66374,10
12.9941902161,80.217590332,66374,66384,10
12.9945201874,80.2173614502,66384,66394,10
12.9948797226,80.2170791626,66394,66404,10
12.9953298569,80.2168121338,66404,66414,10
12.9958200455,80.2166290283,66414,66424,10
12.9962797165,80.2165374756,66424,66434,10
12.996720314,80.2164916992,66434,66475,41
12.996720314,80.2164916992,66475,66485,10
12.9970302582,80.2164764404,66485,66495,10
12.9972496033,80.2164001465,66495,66505,10
12.9973096848,80.2163162231,66505,66515,10
12.9975795746,80.2160491943,66515,66545,30
12.9975795746,80.2160491943,66545,66556,11
12.9977903366,80.2158813477,66556,66566,10
12.9981203079,80.2155838013,66566,66576,10
12.9985399246,80.2152328491,66576,66586,10
12.9990501404,80.2147827148,66586,66596,10
12.999329567,80.2145690918,66596,66606,10
12.9997596741,80.2141876221,66606,66616,10
13.0000295639,80.2139434814,66616,66626,10
13.0005102158,80.2135009766,66626,66636,10
13.0010004044,80.2130966187,66636,66646,10
13.0013504028,80.2128372192,66646,66656,10
13.0017795563,80.2125167847,66656,66667,11
13.0023403168,80.2121963501,66667,66677,10
13.002820015,80.2120819092,66677,66687,10
13.0036001205,80.2119598389,66687,66707,20
13.0036001205,80.2119598389,66707,66717,10
13.0037002563,80.2116622925,66717,66727,10
13.003660202,80.2110366821,66727,66737,10
13.003569603,80.2103424072,66737,66747,10
13.0034999847,80.2096862793,66747,66757,10
13.0035800934,80.2091903687,66757,66767,10
13.0037603378,80.208656311,66767,66778,11
13.0043201447,80.2087631226,66778,66788,10
13.0048999786,80.2090301514,66788,66796,8
13.0053596497,80.2092285156,66796,66808,12
13.0059099197,80.2094497681,66808,66818,10
13.0061597824,80.2095336914,66818,66828,10
13.0064697266,80.2096405029,66828,66838,10
13.0067996979,80.2097167969,66838,66878,40
13.0067996979,80.2097167969,66878,66889,11
13.0068902969,80.2097473145,66889,66899,10
13.0071897507,80.2098388672,66899,66909,10
13.0076904297,80.2099075317,66909,66919,10
13.0081596375,80.2099380493,66919,66929,10
13.0080795288,80.2093963623,66929,66938,9
13.0079402924,80.2086410522,66938,66949,11
13.007809639,80.2077178955,66949,66959,10
13.0076303482,80.2066421509,66959,66969,10
13.0075101852,80.2057189941,66969,66979,10
13.0074996948,80.204826355,66979,66989,10
13.0074796677,80.2040176392,66989,66999,10
13.0073795319,80.2033233643,66999,67010,11
13.0069999695,80.2025375366,67010,67020,10
13.0065002441,80.2029571533,67020,67030,10
13.0066404343,80.2032470703,67030,67040,10
13.0068998337,80.2034378052,67040,67050,10
13.0073204041,80.20362854,67050,67060,10
13.007900238,80.203742981,67060,67070,10
13.008480072,80.2037124634,67070,67080,10
13.0094003677,80.2036514282,67080,67090,10
13.0102396011,80.2036209106,67090,67100,10
13.0111398697,80.2036819458,67100,67110,10
13.0119600296,80.2037963867,67110,67121,11
13.0127096176,80.2039489746,67121,67131,10
13.0129499435,80.2040176392,67131,67141,10
13.0130996704,80.2040405273,67141,67151,10
13.0136003494,80.2042236328,67151,67211,60
13.0136003494,80.2042236328,67211,67221,10
13.0136003494,80.2046585083,67221,67403,182
13.0136003494,80.2046585083,67403,67413,10
13.0134401321,80.2049179077,67413,67423,10
13.0133199692,80.2053222656,67423,67433,10
13.0131397247,80.2059020996,67433,67443,10
13.0130195618,80.2066116333,67443,67454,11
13.0129404068,80.2073974609,67454,67464,10
13.0128803253,80.2077789307,67464,67474,10
13.0128498077,80.208190918,67474,67484,10
13.012840271,80.2085418701,67484,67494,10
13.0128898621,80.2089385986,67494,67504,10
13.0130195618,80.2094726563,67504,67514,10
13.0131397247,80.2099533081,67514,67524,10
13.0130796432,80.2104568481,67524,67534,10
13.0128898621,80.2110900879,67534,67544,10
13.0125799179,80.2116699219,67544,67554,10
13.0123100281,80.2121200562,67554,67571,17
13.0118198395,80.2127609253,67571,67583,12
13.0115203857,80.2126235962,67583,67593,10
13.011179924,80.212348938,67593,67603,10
13.01060009,80.2118988037,67603,67613,10
13.0102396011,80.2116317749,67613,67623,10
13.0097703934,80.2112884521,67623,67744,121
13.0097703934,80.2112884521,67744,67754,10
13.009519577,80.2110900879,67754,68420,666
13.009519577,80.2110900879,68420,68430,10
13.0092601776,80.2109985352,68430,68440,10
13.0091495514,80.2111816406,68440,68450,10
13.0090303421,80.2113571167,68450,68461,11
13.0089502335,80.2115325928,68461,68471,10
13.0090303421,80.2117996216,68471,68481,10
13.0091896057,80.2122879028,68481,68491,10
13.0093803406,80.2128295898,68491,68501,10
13.0095796585,80.2133636475,68501,68511,10
13.0097799301,80.2138519287,68511,68521,10
13.0100097656,80.2143936157,68521,68530,9
13.0101203918,80.2149124146,68530,68541,11
13.0101995468,80.2155609131,68541,68551,10
13.0104198456,80.2161178589,68551,68561,10
13.0107002258,80.2167510986,68561,68572,11
13.011059761,80.2174606323,68572,68582,10
13.011300087,80.2181091309,68582,68592,10
13.0115604401,80.2187728882,68592,68602,10
13.0118103027,80.2195205688,68602,68612,10
13.0120601654,80.2202987671,68612,68622,10
13.0122804642,80.2210388184,68622,68632,10
13.0124597549,80.2215881348,68632,68642,10
13.0128002167,80.2221069336,68642,68652,10
13.0132198334,80.2226104736,68652,68662,10
13.0136203766,80.2230606079,68662,68672,10
13.0138902664,80.2233428955,68672,68683,11
13.0141496658,80.2236785889,68683,68693,10
13.0144701004,80.2240829468,68693,68703,10
13.0148696899,80.2245483398,68703,68713,10
13.01541996,80.2251968384,68713,68733,20
13.01541996,80.2251968384,68733,68743,10
13.0153799057,80.2256011963,68743,68753,10
13.015130043,80.2258377075,68753,68763,10
13.0147695541,80.2259674072,68763,68773,10
13.0142202377,80.2261886597,68773,68783,10
13.0135803223,80.2264404297,68783,68793,10
13.0129003525,80.2267227173,68793,68804,11
13.0121097565,80.2270431519,68804,68814,10
13.0113401413,80.2273330688,68814,68824,10
13.0104999542,80.2276611328,68824,68834,10
13.0097799301,80.2279205322,68834,68844,10
13.0094804764,80.2276000977,68844,68854,10
13.0095901489,80.2273025513,68854,68864,10
13.0097198486,80.2270126343,68864,68874,10
13.0098896027,80.2266387939,68874,68884,10
13.0100097656,80.2263565063,68884,68894,10
13.0101203918,80.2260971069,68894,68904,10
13.0101995468,80.2259292603,68904,68915,11
13.0103702545,80.2255706787,68915,68925,10
13.0104703903,80.2253799438,68925,68935,10
13.0105695724,80.225151062,68935,68945,10
13.010720253,80.2247467041,68945,68955,10
13.0108804703,80.2242889404,68955,68971,16
13.0111503601,80.2233581543,68971,68991,20
13.0111503601,80.2233581543,68991,69003,12
13.011179924,80.22315979,69003,69013,10
13.0109500885,80.2229690552,69013,69022,9
13.0105400085,80.2227630615,69022,69032,10
13.0100402832,80.2225036621,69032,69043,11
13.0094099045,80.2221603394,69043,69054,11
13.0087299347,80.2218017578,69054,69064,10
13.0081396103,80.2214813232,69064,69074,10
13.007349968,80.2210464478,69074,69084,10
13.006649971,80.2206726074,69084,69094,10
13.0059499741,80.2204818726,69094,69104,10
13.0052099228,80.2203292847,69104,69114,10
13.004699707,80.2202224731,69114,69123,9
13.0046195984,80.220199585,69123,69135,12
13.004529953,80.2201690674,69135,69145,10
13.0044002533,80.2201385498,69145,69155,10
13.0041799545,80.2201004028,69155,69165,10
13.003950119,80.2200393677,69165,69185,20
13.003950119,80.2200393677,69185,69195,10
13.003660202,80.2199783325,69195,69225,30
13.003660202,80.2199783325,69225,69235,10
13.003279686,80.2198867798,69235,69246,11
13.0029296875,80.2197799683,69246,69286,40
13.0026798248,80.2196578979,69286,69326,40
13.0026798248,80.2196578979,69326,69336,10
13.0022296906,80.2193222046,69336,69407,71
13.0019798279,80.219039917,69407,69457,50
13.0019798279,80.219039917,69457,69468,11
13.0016698837,80.218711853,69468,69478,10
13.0015296936,80.2185668945,69478,69488,10
13.00137043,80.2184524536,69488,69498,10
13.00096035,80.2181625366,69498,69578,80
13.00096035,80.2181625366,69578,69589,11
13.0005598068,80.2179107666,69589,69599,10
13.0002803802,80.2177200317,69599,69619,20
13.0002803802,80.2177200317,69619,69629,10
13.0001001358,80.2176208496,69629,69639,10
12.9999704361,80.2175521851,69639,69649,10
12.9998397827,80.2174682617,69649,69659,10
12.9997301102,80.2173995972,69659,69669,10
12.9995603561,80.2172927856,69669,69679,10
12.9994096756,80.2172088623,69679,69689,10
12.9993200302,80.2171630859,69689,69700,11
12.9991798401,80.2170791626,69700,69710,10
12.9991598129,80.2170715332,69710,69720,10
12.9991197586,80.2170410156,69720,69730,10
12.9989004135,80.2169189453,69730,69760,30
12.9989004135,80.2169189453,69760,69770,10
12.9986000061,80.216758728,69770,69780,10
12.9983997345,80.2166824341,69780,69790,10
12.9980602264,80.2165679932,69790,69821,31
12.9980602264,80.2165679932,69821,69831,10
12.9978504181,80.2165298462,69831,69841,10
12.9975795746,80.2165222168,69841,69871,30
12.9975795746,80.2165222168,69871,69881,10
12.9973602295,80.2164611816,69881,69891,10
12.997130394,80.2164916992,69891,69901,10
12.9969501495,80.216506958,69901,69911,10
12.996720314,80.2165222168,69911,69922,11
12.9965200424,80.2165298462,69922,69932,10
12.9962797165,80.2165603638,69932,69942,10
12.9962596893,80.2165679932,69942,69952,10
12.9959201813,80.2166290283,69952,69962,10
12.9957199097,80.2166671753,69962,69972,10
12.9955301285,80.2167434692,69972,69982,10
12.9953298569,80.2168121338,69982,69992,10
12.9951000214,80.2169570923,69992,70002,10
12.9948701859,80.2171096802,70002,70012,10
12.994600296,80.2173080444,70012,70022,10
12.9943399429,80.2174987793,70022,70043,21
12.9943399429,80.2174987793,70043,70053,10
12.9941301346,80.217628479,70053,70063,10
12.9939804077,80.2177581787,70063,70073,10
12.9936103821,80.2180404663,70073,70083,10
12.993060112,80.2184295654,70083,70093,10
12.9924201965,80.2189025879,70093,70103,10
12.9918203354,80.2193374634,70103,70113,10
12.9916296005,80.2194976807,70113,70129,16
12.9913196564,80.2196807861,70129,70141,12
12.9906797409,80.2201690674,70141,70170,29
12.9906797409,80.2201690674,70170,70181,11
12.9904603958,80.2203216553,70181,70192,11
12.9901103973,80.2206115723,70192,70200,8
12.989780426,80.2209091187,70200,70213,13
12.9893102646,80.2214813232,70213,70223,10
12.988940239,80.2219390869,70223,70233,10
12.9885396957,80.222366333,70233,70243,10
12.988120079,80.2227478027,70243,70253,10
12.9875602722,80.2230377197,70253,70284,31
12.9875602722,80.2230377197,70284,70307,23
12.987039566,80.2230224609,70307,70319,12
12.986989975,80.2230072021,70319,70329,10
12.9867696762,80.2229690552,70329,70338,9
12.9864597321,80.2229385376,70338,70349,11
12.9858398438,80.2229614258,70349,70359,10
12.9854602814,80.2232208252,70359,70369,10
12.9851903915,80.2232437134,70369,70380,11
12.9847402573,80.2230682373,70380,70390,10
12.9844102859,80.2228622437,70390,70400,10
12.9840602875,80.2226486206,70400,70410,10
12.9837598801,80.2225036621,70410,70419,9
12.983710289,80.2224731445,70419,70430,11
12.9831695557,80.2221069336,70430,70470,40
12.9831695557,80.2221069336,70470,70480,10
12.9829502106,80.2219467163,70480,70521,41
12.9829502106,80.2219467163,70521,70531,10
12.9827899933,80.2218399048,70531,70541,10
12.982460022,80.2217636108,70541,70551,10
12.9820299149,80.2216033936,70551,70561,10
12.9814996719,80.2212600708,70561,70571,10
12.9808998108,80.2210235596,70571,70581,10
12.9802598953,80.2210388184,70581,70591,10
12.9795398712,80.2210769653,70591,70602,11
12.9787597656,80.2211227417,70602,70612,10
12.97797966,80.2211532593,70612,70622,10
12.9772996902,80.2211914063,70622,70632,10
12.9766101837,80.2211990356,70632,70642,10
12.9760704041,80.2212371826,70642,70652,10
12.9761600494,80.2215270996,70652,70662,10
12.9762897491,80.2216873169,70662,70702,40
12.9762897491,80.2216873169,70702,70719,17
12.976360321,80.2220535278,70719,70731,12
12.9765396118,80.2223587036,70731,70741,10
12.9767799377,80.2226791382,70741,70751,10
12.9771604538,80.2232818604,70751,70761,10
12.9775400162,80.2238464355,70761,70771,10
12.9779500961,80.2244873047,70771,70781,10
12.9783296585,80.2250976563,70781,70791,10
12.9785699844,80.2254562378,70791,70800,9
12.9786195755,80.2255172729,70800,70810,10
12.9788198471,80.2258911133,70810,70822,12
12.9792098999,80.2265167236,70822,70832,10
12.9795503616,80.2270812988,70832,70842,10
12.979929924,80.2276992798,70842,70852,10
12.9803199768,80.2283782959,70852,70862,10
12.9806699753,80.2289810181,70862,70872,10
12.980890274,80.2293624878,70872,70882,10
12.9812097549,80.2298583984,70882,70892,10
12.9816303253,80.230506897,70892,70912,20
12.9816303253,80.230506897,70912,70922,10
12.9816999435,80.2306594849,70922,70933,11
12.9818696976,80.2310562134,70933,70943,10
12.9819698334,80.2315597534,70943,70953,10
12.982000351,80.2320404053,70953,70963,10
12.9819898605,80.2323608398,70963,70973,10
12.9819402695,80.2325973511,70973,70983,10
12.9818696976,80.2328262329,70983,71003,20
12.9818696976,80.2328262329,71003,71013,10
12.981760025,80.2330627441,71013,71023,10
12.9816799164,80.2332305908,71023,71033,10
12.9815797806,80.2334365845,71033,71064,31
12.9815797806,80.2334365845,71064,71074,10
12.9814500809,80.2337036133,71074,71084,10
12.9814300537,80.2337493896,71084,71094,10
12.9813203812,80.2339630127,71094,71104,10
12.9812602997,80.2341003418,71104,71114,10
12.981180191,80.2343673706,71114,71124,10
12.9811601639,80.2349700928,71124,71134,10
12.981180191,80.2357406616,71134,71144,10
12.9812202454,80.236618042,71144,71154,10
12.9812402725,80.2374420166,71154,71165,11
12.9812602997,80.2381668091,71165,71175,10
12.9812803268,80.2386474609,71175,71185,10
12.9812803268,80.2386627197,71185,71195,10
12.9812698364,80.2387008667,71195,71205,10
12.9812698364,80.2390213013,71205,71215,10
12.9812898636,80.2395629883,71215,71235,20
12.9812898636,80.2395629883,71235,71245,10
12.9813098907,80.2399215698,71245,71255,10
12.9813203812,80.2404632568,71255,71265,10
12.9813203812,80.2411499023,71265,71276,11
12.9813203812,80.2419433594,71276,71286,10
12.9813404083,80.24243927,71286,71296,10
12.9813404083,80.2427368164,71296,71316,20
12.9813404083,80.2427368164,71316,71326,10
12.9813299179,80.2428970337,71326,71336,10
12.9813299179,80.2432174683,71336,71346,10
12.9813098907,80.243598938,71346,71356,10
12.9812202454,80.2442092896,71356,71366,10
12.9811201096,80.2450408936,71366,71376,10
12.9810199738,80.245880127,71376,71393,17
12.9808597565,80.2475509644,71393,71405,12
12.9807596207,80.2487716675,71405,71415,10
12.9806900024,80.2495193481,71415,71423,8
12.9805202484,80.2503585815,71423,71434,11
12.9802703857,80.2513275146,71434,71445,11
12.9800596237,80.2520980835,71445,71455,10
12.9799203873,80.2524490356,71455,71467,12
12.9799003601,80.2525634766,71467,71477,10
12.9798297882,80.2527008057,71477,71487,10
12.9794797897,80.2527389526,71487,71498,11
12.9785699844,80.252571106,71498,71518,20
12.9785699844,80.252571106,71518,71528,10
12.9784402847,80.2525024414,71528,71538,10
12.9780502319,80.2521972656,71538,71548,10
12.9775104523,80.2517166138,71548,71558,10
12.9768600464,80.2513427734,71558,71568,10
12.9760904312,80.2511062622,71568,71578,10
12.975230217,80.2508468628,71578,71588,10
12.9743900299,80.2506103516,71588,71598,10
12.9735298157,80.2503662109,71598,71609,11
12.9725599289,80.2501373291,71609,71629,20
12.9725599289,80.2501373291,71629,71639,10
12.9722995758,80.250038147,71639,71649,10
12.9717998505,80.2499008179,71649,71659,10
12.9711503983,80.2497329712,71659,71669,10
12.970410347,80.2495193481,71669,71679,10
12.9696397781,80.2492218018,71679,71689,10
12.9688596725,80.2489013672,71689,71699,10
12.9682197571,80.2486495972,71699,71709,10
12.9675798416,80.2483978271,71709,71720,11
12.9669599533,80.2481231689,71720,71730,10
12.9666404724,80.2479629517,71730,71740,10
12.9661598206,80.2477416992,71740,71750,10
12.9656095505,80.2475280762,71750,71760,10
12.9652204514,80.2473831177,71760,71780,20
12.9652204514,80.2473831177,71780,71790,10
12.9650001526,80.2473373413,71790,71800,10
12.9645395279,80.2471694946,71800,71810,10
12.9640102386,80.2469711304,71810,71820,10
12.9635696411,80.2468032837,71820,71831,11
12.9629802704,80.2464828491,71831,71841,10
12.9623403549,80.2461624146,71841,71851,10
12.9616098404,80.2457809448,71851,71861,10
12.9608402252,80.2454071045,71861,71871,10
12.9600400925,80.2450637817,71871,71881,10
12.9594802856,80.2448425293,71881,71901,20
12.9594802856,80.2448425293,71901,71911,10
12.9593601227,80.2447967529,71911,71921,10
12.9590196609,80.2446517944,71921,71931,10
12.9585199356,80.2444076538,71931,71942,11
12.9578800201,80.2441635132,71942,71951,9
12.9573698044,80.2439727783,71951,71962,11
12.9566402435,80.2437362671,71962,71972,10
12.9562501907,80.2436065674,71972,71982,10
12.955909729,80.2434310913,71982,71992,10
12.9553699493,80.2431335449,71992,72001,9
12.9547901154,80.2428512573,72001,72012,11
12.9540395737,80.2425537109,72012,72022,10
12.9531602859,80.2421798706,72022,72032,10
12.9523696899,80.2418823242,72032,72042,10
12.951880455,80.2417221069,72042,72053,11
12.9518203735,80.2416992188,72053,72063,10
12.9518003464,80.2416763306,72063,72073,10
12.951499939,80.2415771484,72073,72083,10
12.9510002136,80.2414016724,72083,72093,10
12.9502696991,80.2411727905,72093,72103,10
12.9494695663,80.2409515381,72103,72113,10
12.9488401413,80.2407302856,72113,72123,10
12.9480800629,80.2403869629,72123,72133,10
12.9469604492,80.2399520874,72133,72153,20
12.9469604492,80.2399520874,72153,72163,10
12.9467496872,80.2398681641,72163,72174,11
12.9461898804,80.2396316528,72174,72184,10
12.9455404282,80.2393188477,72184,72194,10
12.944899559,80.2388305664,72194,72204,10
12.9442596436,80.2381362915,72204,72214,10
12.9432697296,80.2371292114,72214,72234,20
12.9432697296,80.2371292114,72234,72244,10
12.9430704117,80.2369384766,72244,72254,10
12.9426002502,80.2366104126,72254,72264,10
12.9419002533,80.2363510132,72264,72274,10
12.9411401749,80.2361602783,72274,72285,11
12.9400596619,80.2358932495,72285,72305,20
12.9400596619,80.2358932495,72305,72315,10
12.9400100708,80.2358474731,72315,72325,10
12.9395999908,80.2357025146,72325,72335,10
12.9390201569,80.2354125977,72335,72345,10
12.9383497238,80.2350692749,72345,72355,10
12.9375896454,80.234703064,72355,72365,10
12.9369001389,80.2343597412,72365,72375,10
12.9361000061,80.2339935303,72375,72385,10
12.9355401993,80.2337188721,72385,72396,11
12.9348297119,80.2333908081,72396,72406,10
12.9338703156,80.2329711914,72406,72436,30
12.9338703156,80.2329711914,72436,72446,10
12.9335403442,80.2327880859,72446,72456,10
12.9329595566,80.2325363159,72456,72466,10
12.9321804047,80.2322463989,72466,72476,10
12.9312696457,80.2319412231,72476,72486,10
12.9302902222,80.2316818237,72486,72496,10
12.9293899536,80.2314529419,72496,72507,11
12.9284000397,80.231262207,72507,72517,10
12.9273300171,80.2311096191,72517,72527,10
12.9259395599,80.2309875488,72527,72547,20
12.9259395599,80.2309875488,72547,72557,10
12.925620079,80.2309494019,72557,72567,10
12.9250402451,80.2308578491,72567,72577,10
12.9242801666,80.2307662964,72577,72587,10
12.9234399796,80.2306594849,72587,72597,10
12.9225196838,80.2305297852,72597,72607,10
12.9215297699,80.2303695679,72607,72618,11
12.920419693,80.2302322388,72618,72628,10
12.9191703796,80.2300796509,72628,72648,20
12.9191703796,80.2300796509,72648,72658,10
12.9188899994,80.2300415039,72658,72668,10
12.9182796478,80.2299575806,72668,72678,10
12.9174699783,80.229850769,72678,72688,10
12.9166202545,80.2297210693,72688,72698,10
12.9156904221,80.2295837402,72698,72708,10
12.9147195816,80.2294616699,72708,72718,10
12.9132900238,80.2292785645,72718,72749,31
12.9132900238,80.2292785645,72749,72759,10
12.9131298065,80.2292098999,72759,72769,10
12.9126195908,80.2291488647,72769,72779,10
12.9119100571,80.2290725708,72779,72789,10
12.91106987,80.2289505005,72789,72799,10
12.9101600647,80.2288131714,72799,72809,10
12.9091701508,80.2286376953,72809,72819,10
12.9082698822,80.2285079956,72819,72829,10
12.9076499939,80.2284164429,72829,72860,31
12.9076499939,80.2284164429,72860,72870,10
12.9074001312,80.2283630371,72870,72880,10
12.9069795609,80.2283096313,72880,72890,10
12.9064598083,80.2282562256,72890,72900,10
12.9061498642,80.2282485962,72900,72910,10
12.9061002731,80.2282485962,72910,72920,10
12.9057197571,80.2282333374,72920,72930,10
12.9051904678,80.228187561,72930,72940,10
12.9045600891,80.2281494141,72940,72951,11
12.9037599564,80.2281036377,72951,72961,10
12.9029903412,80.2280578613,72961,72971,10
12.9022903442,80.2280273438,72971,72981,10
12.9016199112,80.2279968262,72981,73092,111
12.9016199112,80.2279968262,73092,73102,10
12.9013900757,80.2280197144,73102,73112,10
12.9011697769,80.2280197144,73112,73122,10
12.9008102417,80.2279815674,73122,73132,10
12.9003095627,80.2279205322,73132,73142,10
12.8997497559,80.227897644,73142,73152,10
12.8991203308,80.2278823853,73152,73172,20
12.8991203308,80.2278823853,73172,73183,11
12.8990602493,80.2278671265,73183,73193,10
12.8987998962,80.2278366089,73193,73203,10
12.8982801437,80.2278137207,73203,73213,10
12.8976202011,80.2277679443,73213,73223,10
12.8968601227,80.2277297974,73223,73233,10
12.8960103989,80.2276916504,73233,73243,10
12.8951997757,80.2276611328,73243,73253,10
12.894370079,80.2276000977,73253,73263,10
12.8930797577,80.2275009155,73263,73283,20
12.8930797577,80.2275009155,73283,73294,11
12.8926200867,80.2274398804,73294,73324,30
12.8926200867,80.2274398804,73324,73334,10
12.8921899796,80.2273712158,73334,73344,10
12.8915300369,80.2273483276,73344,73354,10
12.8906602859,80.2273406982,73354,73370,16
12.8890800476,80.2273483276,73370,73382,12
12.8882303238,80.2273178101,73382,73390,8
12.8881797791,80.2273178101,73390,73403,13
12.8880395889,80.2273025513,73403,73413,10
12.8875799179,80.2272415161,73413,73423,10
12.8868999481,80.2271118164,73423,73433,10
12.8860797882,80.2269134521,73433,73443,10
12.8852901459,80.2267379761,73443,73453,10
12.8847503662,80.2266998291,73453,73463,10
12.884759903,80.2266998291,73463,73473,10
12.8846502304,80.2266693115,73473,73483,10
12.8841295242,80.2266616821,73483,73493,10
12.8833703995,80.2266693115,73493,73504,11
12.8823795319,80.2266769409,73504,73514,10
12.881360054,80.2266921997,73514,73523,9
12.8804197311,80.2266998291,73523,73534,11
12.8792695999,80.2267227173,73534,73544,10
12.8781995773,80.2267913818,73544,73554,10
12.8771696091,80.2268600464,73554,73564,10
12.8765201569,80.2268981934,73564,73574,10
12.8764295578,80.2267990112,73574,73584,10
12.8763904572,80.2264022827,73584,73614,30
12.8763904572,80.2264022827,73614,73625,11
12.8764200211,80.2262268066,73625,73635,10
12.8764696121,80.2258071899,73635,73645,10
12.8765201569,80.2252197266,73645,73655,10
12.8765802383,80.2246017456,73655,73665,10
12.8767004013,80.2239227295,73665,73675,10
12.8768701553,80.2231521606,73675,73685,10
12.8770704269,80.2222900391,73685,73695,10
12.877289772,80.2213592529,73695,73705,10
12.8775100708,80.2204284668,73705,73715,10
12.8777103424,80.2195510864,73715,73725,10
12.8779201508,80.2186203003,73725,73736,11
12.8781499863,80.2175292969,73736,73746,10
12.8783397675,80.2165679932,73746,73757,11
12.8785495758,80.2155685425,73757,73768,11
12.8787498474,80.2146377563,73768,73778,10
12.8788995743,80.2138595581,73778,73788,10
12.8790903091,80.2128829956,73788,73798,10
12.8792600632,80.2119598389,73798,73808,10
12.8793897629,80.2111816406,73808,73818,10
12.8790998459,80.2109222412,73818,73849,31
12.8790998459,80.2109222412,73849,73859,10
12.8790397644,80.2109069824,73859,73869,10
12.8787698746,80.2108612061,73869,73878,9
12.8783798218,80.2107772827,73878,73890,12
12.8777303696,80.2106704712,73890,73900,10
12.8773603439,80.2106018066,73900,73910,10
12.8767995834,80.2104873657,73910,73920,10
12.8761997223,80.2103805542,73920,73929,9
12.8756198883,80.2102737427,73929,73940,11
12.8749399185,80.2101516724,73940,73950,10
12.8744802475,80.2100601196,73950,74001,51
12.8744802475,80.2100601196,74001,74011,10
12.8743600845,80.2099914551,74011,74021,10
12.8743801117,80.2097167969,74021,74031,10
12.8745803833,80.2095184326,74031,74041,10
12.8746500015,80.2098999023,74041,74304,263
12.8746500015,80.2098999023,74304,74314,10
12.8746795654,80.2101516724,74314,74324,10
12.8749103546,80.2102127075,74324,74334,10
12.8752202988,80.2102584839,74334,74344,10
12.8755903244,80.2103424072,74344,74354,10
12.8759803772,80.2104034424,74354,74364,10
12.8763999939,80.2104797363,74364,74374,10
12.8768596649,80.2105636597,74374,74384,10
12.8773603439,80.2106628418,74384,74404,20
12.8783597946,80.2108535767,74404,74414,10
12.8788499832,80.2109375,74414,74425,11
12.8791999817,80.2109985352,74425,74445,20
12.8791999817,80.2109985352,74445,74455,10
12.8794202805,80.2111206055,74455,74465,10
12.8794298172,80.2114562988,74465,74475,10
12.8793201447,80.212020874,74475,74485,10
12.8792104721,80.2126235962,74485,74495,10
12.8790397644,80.2134475708,74495,74505,10
12.8788795471,80.2142791748,74505,74515,10
12.8787002563,80.2151565552,74515,74525,10
12.8784999847,80.2160491943,74525,74536,11
12.8782997131,80.2170715332,74536,74546,10
12.8781003952,80.2180480957,74546,74556,10
12.8778800964,80.2190475464,74556,74566,10
12.8776397705,80.2200698853,74566,74576,10
12.8774204254,80.2210083008,74576,74586,10
12.8772001266,80.2219772339,74586,74595,9
12.876999855,80.2228393555,74595,74606,11
12.8767900467,80.223739624,74606,74616,10
12.8766498566,80.2246704102,74616,74626,10
12.876540184,80.2256774902,74626,74636,10
12.8764295578,80.2264480591,74636,74647,11
12.8764200211,80.2267379761,74647,74707,60
12.8764200211,80.2267379761,74707,74717,10
12.8766298294,80.2268600464,74717,74727,10
12.8770999908,80.2268218994,74727,74737,10
12.8778400421,80.2267608643,74737,74747,10
12.8786802292,80.2266998291,74747,74758,11
12.8796796799,80.2266464233,74758,74774,16
12.8812103271,80.2266387939,74774,74786,12
12.882349968,80.2266387939,74786,74796,10
12.8830404282,80.2266387939,74796,74806,10
12.8838996887,80.2266235352,74806,74816,10
12.8852796555,80.2266387939,74816,74836,20
12.8852796555,80.2266387939,74836,74846,10
12.8855199814,80.2266769409,74846,74856,10
12.8859796524,80.2267990112,74856,74867,11
12.8865499496,80.2269592285,74867,74877,10
12.8872699738,80.2271194458,74877,74887,10
12.8879995346,80.2272109985,74887,74897,10
12.8886299133,80.2272567749,74897,74907,10
12.888710022,80.2272567749,74907,74917,10
12.8890695572,80.2272567749,74917,74927,10
12.8896398544,80.2272567749,74927,74937,10
12.8903598785,80.2272720337,74937,74947,10
12.8911800385,80.2272720337,74947,74957,10
12.8919801712,80.2272796631,74957,74967,10
12.8922700882,80.2273025513,74967,74978,11
12.8927001953,80.2273406982,74978,74988,10
12.8933200836,80.2274093628,74988,74998,10
12.8939399719,80.2274703979,74998,75008,10
12.8940095901,80.2274780273,75008,75018,10
12.8942699432,80.2275009155,75018,75028,10
12.8948001862,80.2275390625,75028,75038,10
12.8954601288,80.2275695801,75038,75048,10
12.8961896896,80.2276000977,75048,75058,10
12.8968296051,80.2276229858,75058,75068,10
12.8973999023,80.2276535034,75068,75078,10
12.8979301453,80.2276763916,75078,75089,11
12.8984699249,80.2276992798,75089,75099,10
12.8989095688,80.2277374268,75099,75109,10
12.899310112,80.2277679443,75109,75119,10
12.8997097015,80.2277832031,75119,75129,10
12.9001998901,80.2278137207,75129,75139,10
12.9006795883,80.2278366089,75139,75179,40
12.9007501602,80.2278594971,75179,75210,31
12.9007501602,80.2278594971,75210,75220,10
12.9007902145,80.2278594971,75220,75230,10
12.9010400772,80.2278900146,75230,75240,10
12.9013595581,80.2279129028,75240,75250,10
12.9018001556,80.2279205322,75250,75260,10
12.9023704529,80.2279434204,75260,75270,10
12.9027204514,80.2279510498,75270,75280,10
12.9027500153,80.2279510498,75280,75290,10
12.9028301239,80.2279586792,75290,75300,10
12.9032001495,80.2279891968,75300,75310,10
12.9037599564,80.2280197144,75310,75321,11
12.9042797089,80.2280578613,75321,75331,10
12.9048099518,80.2280883789,75331,75371,40
12.9048099518,80.2280883789,75371,75381,10
12.9050397873,80.2280883789,75381,75391,10
12.9052000046,80.2281036377,75391,75401,10
12.9053001404,80.2281036377,75401,75411,10
12.9055595398,80.2281265259,75411,75482,71
12.9055595398,80.2281265259,75482,75492,10
12.9057598114,80.2281570435,75492,75502,10
12.9060297012,80.2281799316,75502,75512,10
12.9063196182,80.228187561,75512,75522,10
12.9067296982,80.2282028198,75522,75533,11
12.9071102142,80.2282104492,75533,75543,10
12.9072904587,80.2282333374,75543,75553,10
12.9078598022,80.2283325195,75553,75563,10
12.9086904526,80.228477478,75563,75573,10
12.9094896317,80.2286300659,75573,75583,10
12.9108400345,80.2288513184,75583,75593,10
12.911860466,80.2289962769,75593,75603,10
12.9127902985,80.229133606,75603,75613,10
12.9139795303,80.2292785645,75613,75633,20
12.9139795303,80.2292785645,75633,75643,10
12.914150238,80.2293167114,75643,75654,11
12.9146795273,80.2293777466,75654,75664,10
12.9153995514,80.2294921875,75664,75674,10
12.916179657,80.229598999,75674,75684,10
12.9170598984,80.2297210693,75684,75694,10
12.918009758,80.229850769,75694,75704,10
12.9192695618,80.2300033569,75704,75724,20
12.9192695618,80.2300033569,75724,75734,10
12.919500351,80.2300262451,75734,75744,10
12.9200801849,80.2301101685,75744,75755,11
12.9209604263,80.23021698,75755,75765,10
12.9219102859,80.2303466797,75765,75775,10
12.9229602814,80.2305221558,75775,75785,10
12.9240598679,80.230682373,75785,75795,10
12.9251804352,80.2308120728,75795,75805,10
12.926150322,80.2309112549,75805,75815,10
12.9264202118,80.2309417725,75815,75825,10
12.9264802933,80.2309494019,75825,75835,10
12.9268102646,80.2309875488,75835,75845,10
12.927359581,80.231048584,75845,75855,10
12.9280500412,80.2311477661,75855,75865,10
12.9287700653,80.231262207,75865,75876,11
12.9295701981,80.2314224243,75876,75886,10
12.9303703308,80.2315979004,75886,75896,10
12.9312400818,80.2318496704,75896,75906,10
12.9320497513,80.2321166992,75906,75916,10
12.9328203201,80.2323684692,75916,75926,10
12.9336204529,80.2327194214,75926,75946,20
12.9336204529,80.2327194214,75946,75956,10
12.9338102341,80.2328109741,75956,75966,10
12.9342899323,80.233039856,75966,75976,10
12.9349403381,80.2333374023,75976,75987,11
12.9357404709,80.2337036133,75987,75997,10
12.9364795685,80.2340621948,75997,76007,10
12.9373998642,80.2344970703,76007,76017,10
12.9384202957,80.2350006104,76017,76027,10
12.9391202927,80.2353363037,76027,76037,10
12.9394397736,80.235496521,76037,76047,10
12.9394702911,80.2355194092,76047,76056,9
12.9397802353,80.2356796265,76056,76067,11
12.9404401779,80.2359237671,76067,76077,10
12.9412498474,80.2361297607,76077,76087,10
12.9422101974,80.2363815308,76087,76098,11
12.9432001114,80.236869812,76098,76108,10
12.9435596466,80.2371902466,76108,76118,10
12.9436101913,80.2372589111,76118,76128,10
12.9439201355,80.2376022339,76128,76138,10
12.9443998337,80.2381286621,76138,76148,10
12.9449701309,80.2387619019,76148,76158,10
12.945690155,80.2393188477,76158,76167,9
12.9464998245,80.2396621704,76167,76177,10
12.94713974,80.2399215698,76177,76188,11
12.947259903,80.2399597168,76188,76198,10
12.9474000931,80.2400283813,76198,76208,10
12.947810173,80.240196228,76208,76219,11
12.948559761,80.2405090332,76219,76229,10
12.9493398666,80.2408294678,76229,76239,10
12.9502096176,80.2410964966,76239,76249,10
12.9510402679,80.241317749,76249,76259,10
12.9511604309,80.2413635254,76259,76269,10
12.9515800476,80.2415237427,76269,76279,10
12.9522199631,80.2417831421,76279,76289,10
12.9529895782,80.2420806885,76289,76299,10
12.9537601471,80.2423782349,76299,76309,10
12.95470047,80.2427597046,76309,76319,10
12.9553403854,80.242980957,76319,76330,11
12.9561796188,80.2432937622,76330,76340,10
12.9565000534,80.2434005737,76340,76350,10
12.9569702148,80.2436065674,76350,76360,10
12.9576797485,80.243927002,76360,76370,10
12.958439827,80.2442626953,76370,76380,10
12.9587898254,80.244392395,76380,76390,10
12.9588003159,80.2444000244,76390,76400,10
12.9590396881,80.2444992065,76400,76410,10
12.9595403671,80.2447433472,76410,76420,10
12.9601898193,80.2450408936,76420,76430,10
12.9609699249,80.2453918457,76430,76441,11
12.9619398117,80.2458724976,76441,76451,10
12.9628000259,80.2462921143,76451,76461,10
12.9632701874,80.2465286255,76461,76501,40
12.9632701874,80.2465286255,76501,76511,10
12.9633798599,80.2465591431,76511,76521,10
12.9636602402,80.2467193604,76521,76531,10
12.9641799927,80.2469329834,76531,76541,10
12.9648504257,80.2471694946,76541,76552,11
12.9657297134,80.2474594116,76552,76562,10
12.9664802551,80.2477722168,76562,76592,30
12.9664802551,80.2477722168,76592,76602,10
12.9666700363,80.2479019165,76602,76612,10
12.9670801163,80.2481079102,76612,76622,10
12.9676799774,80.2483825684,76622,76632,10
12.9684200287,80.2486801147,76632,76642,10
12.9692401886,80.2490005493,76642,76652,10
12.9701404572,80.2493515015,76652,76663,11
12.9711904526,80.2497024536,76663,76673,10
12.9721603394,80.2499465942,76673,76683,10
12.9730501175,80.2501831055,76683,76693,10
12.9738197327,80.2503814697,76693,76703,10
12.9742298126,80.2504577637,76703,76713,10
12.9742803574,80.2504806519,76713,76723,10
12.9746599197,80.250617981,76723,76733,10
12.9752397537,80.2508010864,76733,76743,10
12.9758796692,80.2510070801,76743,76759,16
12.976940155,80.2513275146,76759,76771,12
12.9777402878,80.2518310547,76771,76782,11
12.9784402847,80.2524032593,76782,76792,10
12.9792003632,80.2526168823,76792,76802,10
12.9799098969,80.2524490356,76802,76822,20
12.9799098969,80.2524490356,76822,76832,10
12.979929924,80.252281189,76832,76842,10
12.9799804688,80.2519607544,76842,76851,9
12.9801502228,80.2514266968,76851,76861,10
12.9803600311,80.2507171631,76861,76872,11
12.9805698395,80.2498016357,76872,76882,10
12.9806995392,80.2489471436,76882,76893,11
12.9807596207,80.2479705811,76893,76903,10
12.9808397293,80.2470016479,76903,76913,10
12.9809398651,80.2459793091,76913,76923,10
12.9810600281,80.2449569702,76923,76933,10
12.9811296463,80.2440795898,76933,76943,10
12.9812498093,80.243637085,76943,76953,10
12.9812898636,80.2432785034,76953,76963,10
12.9812803268,80.2432022095,76963,76973,10
12.981300354,80.2429504395,76973,76994,21
12.981300354,80.2429504395,76994,77004,10
12.9813203812,80.2427597046,77004,77014,10
12.9813404083,80.242401123,77014,77024,10
12.9813299179,80.2417984009,77024,77034,10
12.9813299179,80.2411422729,77034,77044,10
12.9813098907,80.2405776978,77044,77054,10
12.981300354,80.2400436401,77054,77064,10
12.9812898636,80.2395095825,77064,77074,10
12.9812698364,80.2388534546,77074,77084,10
12.9812498093,80.23828125,77084,77095,11
12.9812498093,80.2380981445,77095,77105,10
12.9812498093,80.237991333,77105,77115,10
12.9812498093,80.2378387451,77115,77125,10
12.9812297821,80.2373580933,77125,77135,10
12.9812202454,80.2366333008,77135,77145,10
12.9811897278,80.2359619141,77145,77155,10
12.9811697006,80.2352218628,77155,77165,10
12.9811897278,80.2343826294,77165,77175,10
12.9814195633,80.2337265015,77175,77185,10
12.9815502167,80.2334365845,77185,77195,10
12.9815797806,80.2333602905,77195,77205,10
12.981590271,80.2333374023,77205,77215,10
12.9817304611,80.2330703735,77215,77226,11
12.9819202423,80.2324981689,77226,77235,9
12.9819297791,80.2320480347,77235,77246,11
12.9819002151,80.2315368652,77246,77256,10
12.9818601608,80.2312469482,77256,77266,10
12.9816999435,80.2308197021,77266,77276,10
12.9813995361,80.2303009033,77276,77286,10
12.9810400009,80.2297210693,77286,77296,10
12.9807796478,80.229309082,77296,77306,10
12.980629921,80.2290802002,77306,77316,10
12.9805603027,80.2289276123,77316,77326,10
12.980509758,80.2288818359,77326,77337,11
12.9802999496,80.2285385132,77337,77347,10
12.9801702499,80.2282180786,77347,77357,10
12.9799003601,80.2277603149,77357,77367,10
12.9796304703,80.2273178101,77367,77377,10
12.9792995453,80.2267684937,77377,77387,10
12.9789600372,80.2261962891,77387,77398,11
12.9785699844,80.2255630493,77398,77408,10
12.9781599045,80.224899292,77408,77418,10
12.9778404236,80.2244873047,77418,77428,10
12.9775695801,80.224029541,77428,77438,10
12.9772796631,80.2235412598,77438,77449,11
12.9770698547,80.2232131958,77449,77459,10
12.976940155,80.2229995728,77459,77469,10
12.9768800735,80.222869873,77469,77479,10
12.9771299362,80.2227172852,77479,77499,20
12.9771299362,80.2227172852,77499,77509,10
12.9774303436,80.22265625,77509,77519,10
12.9774398804,80.2223968506,77519,77529,10
12.9774198532,80.2219467163,77529,77539,10
12.977399826,80.2214202881,77539,77550,11
12.9775295258,80.2212524414,77550,77560,10
12.9779996872,80.2212600708,77560,77570,10
12.9785604477,80.221206665,77570,77580,10
12.9790802002,80.2211608887,77580,77590,10
12.9797096252,80.2211227417,77590,77600,10
12.980389595,80.2210617065,77600,77610,10
12.9810800552,80.2211074829,77610,77620,10
12.9813604355,80.2212371826,77620,77630,10
12.9816198349,80.2214279175,77630,77640,10
12.9820804596,80.2217483521,77640,77650,10
12.9828195572,80.2220001221,77650,77676,26
12.9828195572,80.2220001221,77676,77689,13
12.9830904007,80.2221298218,77689,77698,9
12.983300209,80.2222824097,77698,77709,11
12.9836196899,80.2225112915,77709,77718,9
12.9839200974,80.2226791382,77718,77729,11
12.9844903946,80.2230300903,77729,77739,10
12.9850196838,80.2232971191,77739,77749,10
12.9855098724,80.2231674194,77749,77759,10
12.986000061,80.2230224609,77759,77769,10
12.9863996506,80.2230224609,77769,77780,11
12.9864301682,80.2230072021,77780,77790,10
12.9867801666,80.2230377197,77790,77800,10
12.9871501923,80.2230987549,77800,77810,10
12.987660408,80.2230987549,77810,77820,10
12.988240242,80.2227172852,77820,77830,10
12.9887599945,80.2221984863,77830,77840,10
12.9892396927,80.2216262817,77840,77850,10
12.9897603989,80.2209091187,77850,77860,10
12.9903402328,80.2203979492,77860,77870,10
12.9904203415,80.2203369141,77870,77880,10
12.9905195236,80.2202835083,77880,77891,11
12.990819931,80.2200698853,77891,77901,10
12.9909095764,80.2200088501,77901,77911,10
12.9911203384,80.2198410034,77911,77921,10
12.9915895462,80.2194595337,77921,77931,10
12.9921998978,80.2190170288,77931,77941,10
12.9928398132,80.2185592651,77941,77951,10
12.9934797287,80.2180786133,77951,77961,10
12.9940795898,80.217666626,77961,77971,10
12.9945201874,80.217338562,77971,77981,10
12.9945697784,80.217300415,77981,77991,10
12.9947795868,80.2171630859,77991,78001,10
12.99518013,80.2168884277,78001,78012,11
12.9957704544,80.2166671753,78012,78022,10
12.996430397,80.2165603638,78022,78032,10
12.9970703125,80.2164764404,78032,78041,9
12.9973201752,80.2162704468,78041,78062,21
12.9973201752,80.2162704468,78062,78072,10
12.997420311,80.216178894,78072,78082,10
12.9977197647,80.2159194946,78082,78092,10
12.9981403351,80.2155532837,78092,78102,10
12.9987001419,80.215057373,78102,78113,11
12.9990997314,80.2147064209,78113,78123,10
12.9994001389,80.2144470215,78123,78133,10
12.9997797012,80.2141189575,78133,78142,9
13.000169754,80.2137832642,78142,78153,11
13.0008001328,80.213218689,78153,78163,10
13.00137043,80.2127914429,78163,78173,10
13.0019702911,80.2123794556,78173,78183,10
13.002579689,80.2121200562,78183,78193,10
13.0035600662,80.2119979858,78193,78223,30
13.0035600662,80.2119979858,78223,78234,11
13.003660202,80.2115631104,78234,78244,10
13.0036201477,80.2109222412,78244,78254,10
13.0035295486,80.2101898193,78254,78264,10
13.0035104752,80.2094573975,78264,78274,10
13.0036697388,80.2087936401,78274,78284,10
13.0042600632,80.2087936401,78284,78294,10
13.0050096512,80.2091369629,78294,78304,10
13.0058403015,80.2094802856,78304,78314,10
13.0069303513,80.2098083496,78314,78385,71
13.0069303513,80.2098083496,78385,78395,10
13.0072603226,80.2098999023,78395,78405,10
13.007610321,80.2099609375,78405,78415,10
13.0079603195,80.2100219727,78415,78425,10
13.0080699921,80.2098312378,78425,78435,10
13.0079698563,80.209312439,78435,78445,10
13.0078601837,80.2085800171,78445,78456,11
13.0077295303,80.2077484131,78456,78465,9
13.0075998306,80.2070083618,78465,78476,11
13.0074596405,80.2059936523,78476,78486,10
13.0074300766,80.2051391602,78486,78496,10
13.0074396133,80.2043914795,78496,78506,10
13.007399559,80.203742981,78506,78516,10
13.0072603226,80.2029724121,78516,78526,10
13.0067300797,80.2025604248,78526,78536,10
13.0064897537,80.2031326294,78536,78546,10
13.0068902969,80.2034606934,78546,78556,10
13.0073900223,80.2036590576,78556,78567,11
13.0080404282,80.2037124634,78567,78577,10
13.0083799362,80.203163147,78577,78587,10
13.0077199936,80.2028579712,78587,78597,10
13.007519722,80.2035980225,78597,78607,10
13.0075798035,80.2043380737,78607,78617,10
13.0075798035,80.2050704956,78617,78627,10
13.007610321,80.2058181763,78627,78637,10
13.0077199936,80.2066574097,78637,78647,10
13.0078201294,80.2074508667,78647,78657,10
13.0079402924,80.2083587646,78657,78667,10
13.0080604553,80.2092132568,78667,78678,11
13.0083398819,80.2100524902,78678,78688,10
13.0089702606,80.2107696533,78688,79374,686
13.0089702606,80.2107696533,79374,79384,10
13.0091495514,80.2108078003,79384,79394,10
13.0093097687,80.2109832764,79394,79404,10
13.0092000961,80.2111968994,79404,79424,20
13.0092000961,80.2111968994,79424,79434,10
13.0090999603,80.2113265991,79434,79444,10
13.0089302063,80.2115936279,79444,79455,11
13.0089998245,80.2118911743,79455,79465,10
13.0091400146,80.2123031616,79465,79475,10
13.0093603134,80.2128982544,79475,79485,10
13.0096101761,80.2135162354,79485,79495,10
13.0098800659,80.2141799927,79495,79505,10
13.0101003647,80.2148513794,79505,79515,10
13.0101804733,80.2155532837,79515,79525,10
13.0104398727,80.2162322998,79525,79535,10
13.0107297897,80.2168884277,79535,79545,10
13.011059761,80.2175521851,79545,79555,10
13.0113296509,80.2182922363,79555,79571,16
13.0118303299,80.2197113037,79571,79584,13
13.0122003555,80.2208786011,79584,79594,10
13.0123701096,80.221496582,79594,79604,10
13.0128698349,80.2222518921,79604,79613,9
13.0132799149,80.2227325439,79613,79625,12
13.0139503479,80.2235107422,79625,79635,10
13.0144500732,80.2241592407,79635,79645,10
13.0150003433,80.2248001099,79645,79655,10
13.0153799057,80.2253265381,79655,79665,10
13.0152301788,80.2258377075,79665,79675,10
13.0146903992,80.2260818481,79675,79686,11
13.0140600204,80.2264022827,79686,79696,10
13.0138301849,80.2264785767,79696,79706,10
13.0133800507,80.2266464233,79706,79716,10
13.0126895905,80.2268981934,79716,79726,10
13.0119199753,80.2271881104,79726,79736,10
13.0110797882,80.2275314331,79736,79746,10
13.0101995468,80.2278823853,79746,79756,10
13.009349823,80.2282562256,79756,79766,10
13.0089902878,80.2290267944,79766,79776,10
13.0088100433,80.2299423218,79776,79786,10
13.0086297989,80.2308273315,79786,79797,11
13.0084495544,80.2317733765,79797,79807,10
13.0082798004,80.2326431274,79807,79817,10
13.0081396103,80.2335205078,79817,79827,10
13.0080003738,80.2341918945,79827,79837,10
13.0077896118,80.2352218628,79837,79847,10
13.007610321,80.2361526489,79847,79857,10
13.0074100494,80.237159729,79857,79867,10
13.0072097778,80.2381896973,79867,79877,10
13.007060051,80.2389907837,79877,79887,10
13.006939888,80.2396697998,79887,79898,11
13.0068902969,80.2401428223,79898,79918,20
13.0068902969,80.2401428223,79918,79928,10
13.0072603226,80.2402496338,79928,79938,10
13.0069599152,80.2402114868,79938,79958,20
13.0069599152,80.2402114868,79958,79968,10
13.0069198608,80.2404937744,79968,79978,10
13.0067901611,80.2410964966,79978,79988,10
13.0067195892,80.2418823242,79988,79998,10
13.0066900253,80.2427368164,79998,80008,10
13.0066299438,80.2435379028,80008,80018,10
13.0066099167,80.2444000244,80018,80029,11
13.0066299438,80.2454833984,80029,80039,10
13.006649971,80.2463531494,80039,80049,10
13.0066795349,80.2470169067,80049,80059,10
13.0066795349,80.2472763062,80059,80069,10
13.0066604614,80.2476882935,80069,80079,10
13.0066699982,80.2483596802,80079,80095,16
13.0068101883,80.2495803833,80095,80107,12
13.0067996979,80.2498779297,80107,80115,8
13.0067796707,80.2503204346,80115,80127,12
13.0067596436,80.2512283325,80127,80138,11
13.0067100525,80.2515792847,80138,80148,10
13.0066204071,80.2519607544,80148,80158,10
13.0065002441,80.2526626587,80158,80178,20
13.006529808,80.2545318604,80178,80188,10
13.0065402985,80.2551879883,80188,80198,10
13.0065498352,80.2559432983,80198,80208,10
13.0066795349,80.2573165894,80208,80271,63
13.0066795349,80.2573165894,80271,80281,10
13.0064401627,80.25756073,80281,80291,10
13.0057601929,80.2574310303,80291,80301,10
13.0050096512,80.2572479248,80301,80311,10
13.0042695999,80.2570800781,80311,80321,10
13.0034704208,80.2569198608,80321,80331,10
13.0026597977,80.2567825317,80331,80341,10
13.0018796921,80.2566375732,80341,80351,10
13.0010700226,80.2565383911,80351,80362,11
13.0001802444,80.2563705444,80362,80372,10
12.9994001389,80.2562179565,80372,80390,18
12.9982299805,80.2560577393,80390,80402,12
12.9980802536,80.2560501099,80402,80410,8
12.9979600906,80.2560195923,80410,80421,11
12.9976997375,80.2560424805,80421,80432,11
12.9976701736,80.2562789917,80432,80442,10
12.9976997375,80.2567596436,80442,81007,565
12.9976997375,80.2567596436,81007,81017,10
12.9976997375,80.2571182251,81017,81027,10
12.9980096817,80.2571411133,81027,81038,11
12.9980297089,80.2570419312,81038,81048,10
