13.0491695404,80.2078399658,12,12,0
13.0493803024,80.2085113525,12,22,10
13.0495004654,80.2091217041,22,32,10
13.0495796204,80.2096633911,32,42,10
13.049659729,80.210319519,42,53,11
13.0497703552,80.2110671997,53,63,10
13.0499000549,80.2118988037,63,83,20
13.0499000549,80.2118988037,83,93,10
13.0499200821,80.212059021,93,103,10
13.0499601364,80.2123413086,103,113,10
13.0500001907,80.2128295898,113,123,10
13.050239563,80.2138137817,123,162,39
13.050239563,80.2138137817,162,172,10
13.0503196716,80.2141494751,172,182,10
13.0505304337,80.2146377563,182,191,9
13.0507202148,80.2151412964,191,202,11
13.0509300232,80.2158203125,202,212,10
13.0510797501,80.2163314819,212,222,10
13.0513601303,80.217086792,222,232,10
13.0516300201,80.2179031372,232,242,10
13.0519399643,80.2186584473,242,252,10
13.0521097183,80.2192993164,252,263,11
13.0523004532,80.2200393677,263,273,10
13.0524902344,80.2206497192,273,283,10
13.0527000427,80.2215194702,283,293,10
13.0529603958,80.2224807739,293,303,10
13.0532503128,80.2235107422,303,313,10
13.0534601212,80.2245025635,313,323,10
13.0537004471,80.2255630493,323,333,10
13.0538902283,80.2266998291,333,343,10
13.0539999008,80.2277374268,343,359,16
13.0541095734,80.2286529541,359,372,13
13.0541400909,80.2295684814,372,382,10
13.0541601181,80.2302398682,382,391,9
13.0541496277,80.2305831909,391,402,11
13.0540800095,80.230682373,402,412,10
13.0537500381,80.230682373,412,422,10
13.0531196594,80.2305984497,422,432,10
13.0527000427,80.2305374146,432,442,10
13.0521697998,80.230430603,442,452,10
13.0519199371,80.2304000854,452,463,11
13.0515403748,80.2303237915,463,473,10
13.0512800217,80.2302780151,473,483,10
13.0511398315,80.2302627563,483,493,10
13.0509195328,80.2302322388,493,503,10
13.050620079,80.2302017212,503,513,10
13.0503501892,80.2301635742,513,523,10
13.0500802994,80.230140686,523,533,10
13.0497198105,80.2301177979,533,543,10
13.0493497849,80.2301177979,543,553,10
13.0489702225,80.2301330566,553,563,10
13.0485401154,80.2301101685,563,604,41
13.0485401154,80.2301101685,604,614,10
13.0480604172,80.2301635742,614,624,10
13.0477695465,80.2304382324,624,634,10
13.0476799011,80.2306594849,634,644,10
13.0476102829,80.2312774658,644,654,10
13.0475196838,80.2320632935,654,664,10
13.0474004745,80.2327804565,664,675,11
13.0471897125,80.2331008911,675,685,10
13.0464801788,80.233001709,685,695,10
13.0454797745,80.2328109741,695,705,10
13.0444498062,80.2325973511,705,715,10
13.0433502197,80.2324523926,715,725,10
13.0424995422,80.232421875,725,735,10
13.0416097641,80.2323074341,735,745,10
13.0405597687,80.2319793701,745,755,10
13.0394496918,80.2316665649,755,765,10
13.0384302139,80.2313690186,765,776,11
13.0373497009,80.2310180664,776,786,10
13.036860466,80.230796814,786,796,10
13.0364999771,80.2306289673,796,806,10
13.0357999802,80.2304382324,806,816,10
13.0354404449,80.2303466797,816,826,10
13.0350198746,80.2303390503,826,836,10
13.0346403122,80.2303695679,836,846,10
13.0340900421,80.2304916382,846,856,10
13.0338802338,80.2304992676,856,866,10
13.0334100723,80.2305297852,866,876,10
13.0327301025,80.2305908203,876,887,11
13.0320196152,80.2306671143,887,897,10
13.03125,80.2307434082,897,907,10
13.0305404663,80.230796814,907,917,10
13.0298404694,80.2308578491,917,926,9
13.0293998718,80.2309112549,926,937,11
13.0287904739,80.2309799194,937,947,10
13.0279903412,80.2310562134,947,957,10
13.0276699066,80.2311630249,957,967,10
13.0277004242,80.2316207886,967,977,10
13.027759552,80.2321624756,977,988,11
13.0278596878,80.2326431274,988,998,10
13.0276403427,80.2329025269,998,1008,10
13.0270700455,80.233001709,1008,1018,10
13.0267095566,80.2330627441,1018,1038,20
13.0267095566,80.2330627441,1038,1048,10
13.0264396667,80.2329864502,1048,1058,10
13.0262403488,80.2325668335,1058,1074,16
13.0259103775,80.231338501,1074,1086,12
13.0254402161,80.2302017212,1086,1097,11
13.024769783,80.2292709351,1097,1107,10
13.0242099762,80.2285079956,1107,1117,10
13.0235700607,80.2277374268,1117,1127,10
13.022769928,80.2270278931,1127,1137,10
13.0219497681,80.2263412476,1137,1147,10
13.0210800171,80.2256622314,1147,1156,9
13.0202503204,80.2250900269,1156,1167,11
13.0192403793,80.2245330811,1167,1176,9
13.0183401108,80.2246932983,1176,1187,11
13.0172996521,80.225112915,1187,1198,11
13.0165700912,80.2253799438,1198,1208,10
13.0161600113,80.2254333496,1208,1218,10
13.015879631,80.2256622314,1218,1228,10
13.0152997971,80.2258987427,1228,1238,10
13.0146398544,80.2261581421,1238,1248,10
13.0141201019,80.2263717651,1248,1258,10
13.013420105,80.2266387939,1258,1268,10
13.0125398636,80.2269897461,1268,1278,10
13.0116100311,80.2273635864,1278,1288,10
13.0106496811,80.2277374268,1288,1299,11
13.0096502304,80.2281417847,1299,1309,10
13.0091104507,80.2287063599,1309,1319,10
13.008939743,80.2296218872,1319,1329,10
13.0087604523,80.2305908203,1329,1339,10
13.0085897446,80.2316131592,1339,1349,10
13.0083799362,80.2327194214,1349,1359,10
13.0081596375,80.2338409424,1359,1369,10
13.0079498291,80.234916687,1369,1379,10
13.0077400208,80.2360076904,1379,1389,10
13.0075397491,80.2371368408,1389,1400,11
13.0073299408,80.238243103,1400,1410,10
13.0071601868,80.2391281128,1410,1420,10
13.0069904327,80.2399368286,1420,1430,10
13.0068998337,80.2406616211,1430,1440,10
13.0067901611,80.2415084839,1440,1450,10
13.006770134,80.2426223755,1450,1460,10
13.0067195892,80.2437515259,1460,1470,10
13.0067300797,80.2449569702,1470,1480,10
13.0067596436,80.2461013794,1480,1491,11
13.0067996979,80.2472305298,1491,1502,11
13.006770134,80.2481994629,1502,1512,10
13.0067996979,80.2492599487,1512,1522,10
13.0068397522,80.2504196167,1522,1532,10
13.0068101883,80.2515182495,1532,1542,10
13.0066204071,80.2525024414,1542,1552,10
13.0066003799,80.2535095215,1552,1562,10
13.0066204071,80.2545394897,1562,1572,10
13.006649971,80.2556228638,1572,1582,10
13.0066604614,80.2566986084,1582,1592,10
13.0067396164,80.2574996948,1592,1603,11
13.0062198639,80.2576293945,1603,1613,10
13.0054502487,80.2574005127,1613,1623,10
13.0045795441,80.2571792603,1623,1639,16
13.0030603409,80.2568511963,1639,1651,12
13.0018596649,80.2566375732,1651,1659,8
13.0010700226,80.2565383911,1659,1671,12
13.0000896454,80.2563934326,1671,1681,10
12.9992198944,80.2562179565,1681,1691,10
12.9983797073,80.256072998,1691,1701,10
12.9978303909,80.2560272217,1701,1712,11
12.9977197647,80.256187439,1712,1722,10
12.9977502823,80.2565231323,1722,1732,10
12.9977703094,80.2568664551,1732,1793,61
12.9977703094,80.2568664551,1793,1803,10
12.9976701736,80.2571029663,1803,1814,11
12.997420311,80.2570495605,1814,3035,1221
12.997420311,80.2570495605,3035,3045,10
12.9972200394,80.2570495605,3045,3672,627
12.9972200394,80.2570495605,3672,3682,10
12.9972600937,80.2570037842,3682,3692,10
12.9975996017,80.2570266724,3692,3732,40
12.9975996017,80.2570266724,3732,3742,10
12.9979400635,80.2570877075,3742,3762,20
12.9979400635,80.2570877075,3762,3772,10
12.9979600906,80.2567901611,3772,3783,11
12.9979801178,80.2564315796,3783,3793,10
12.9977998734,80.2562026978,3793,4693,900
12.9976797104,80.2560882568,4693,4875,182
12.997879982,80.2561569214,4875,11188,6313
12.997879982,80.2561569214,11188,11198,10
12.9978599548,80.2559280396,11198,11208,10
12.9979896545,80.2559204102,11208,11218,10
12.9984798431,80.2559814453,11218,11228,10
12.9991798401,80.2560882568,11228,11238,10
13.0000200272,80.2562408447,11238,11249,11
13.0010595322,80.2564163208,11249,11259,10
13.0018596649,80.2565612793,11259,11269,10
13.0026302338,80.256690979,11269,11279,10
13.0033998489,80.2568283081,11279,11288,9
13.0041599274,80.256980896,11288,11299,11
13.0050897598,80.2571716309,11299,11309,10
13.0060997009,80.2573318481,11309,11319,10
13.0066204071,80.257232666,11319,11329,10
13.0066003799,80.2567672729,11329,11339,10
13.0065498352,80.2559280396,11339,11350,11
13.0065402985,80.2549209595,11350,11359,9
13.0065202713,80.2540130615,11359,11370,11
13.006529808,80.2528610229,11370,11380,10
13.0066604614,80.2518997192,11380,11390,10
13.0067596436,80.2509384155,11390,11400,10
13.0067396164,80.2498168945,11400,11410,10
13.0066900253,80.2486495972,11410,11420,10
13.0066404343,80.247756958,11420,11430,10
13.0066795349,80.2471008301,11430,11440,10
13.0066699982,80.2462005615,11440,11451,11
13.006649971,80.2450637817,11451,11461,10
13.0066099167,80.2440490723,11461,11471,10
13.0065803528,80.2429962158,11471,11481,10
13.0065803528,80.2418365479,11481,11491,10
13.0066795349,80.2408065796,11491,11501,10
13.0068502426,80.2398223877,11501,11511,10
13.0070495605,80.2387771606,11511,11521,10
13.0072898865,80.2377090454,11521,11531,10
13.007519722,80.2366790771,11531,11541,10
13.0077199936,80.2356796265,11541,11552,11
13.0079298019,80.2345275879,11552,11562,10
13.0081501007,80.2334518433,11562,11572,10
13.0083799362,80.2322769165,11572,11582,10
13.0086202621,80.2310562134,11582,11592,10
13.0088596344,80.2297973633,11592,11602,10
13.0090999603,80.2285690308,11602,11612,10
13.0095100403,80.2274398804,11612,11622,10
13.0100402832,80.2263183594,11622,11632,10
13.0105199814,80.2253036499,11632,11642,10
13.0109796524,80.2242584229,11642,11652,10
13.011300087,80.2234573364,11652,11663,11
13.0117101669,80.2233505249,11663,11673,10
13.0123701096,80.2237014771,11673,11683,10
13.013130188,80.2240982056,11683,11693,10
13.0139398575,80.2244873047,11693,11703,10
13.0146598816,80.2248916626,11703,11713,10
13.0152301788,80.2252426147,11713,11723,10
13.015540123,80.2253036499,11723,11733,10
13.0159902573,80.2252807617,11733,11743,10
13.0167598724,80.2251968384,11743,11753,10
13.0177297592,80.224822998,11753,11764,11
13.0187997818,80.2244110107,11764,11774,10
13.0198202133,80.224571228,11774,11784,10
13.0207700729,80.2252426147,11784,11794,10
13.021730423,80.2259368896,11794,11804,10
13.0226097107,80.2266769409,11804,11820,16
13.0239496231,80.2279510498,11820,11832,12
13.024769783,80.2289886475,11832,11842,10
13.0254602432,80.2299118042,11842,11852,10
13.0259799957,80.2308425903,11852,11862,10
13.0262403488,80.2313537598,11862,11873,11
13.0268802643,80.2311706543,11873,11884,11
13.0276603699,80.2309875488,11884,11895,11
13.028550148,80.2309265137,11895,11905,10
13.0293397903,80.2308120728,11905,11915,10
13.0297698975,80.2307662964,11915,11924,9
13.030500412,80.2307128906,11924,11936,12
13.0314598083,80.2306289673,11936,11946,10
13.032409668,80.2305526733,11946,11957,11
13.0334796906,80.2304916382,11957,11967,10
13.0343198776,80.2304382324,11967,11978,11
13.0349998474,80.2301483154,11978,12412,434
13.0349998474,80.2301483154,12412,12422,10
13.0351800919,80.2301330566,12422,12432,10
13.0353403091,80.2302093506,12432,12442,10
13.0357398987,80.2303619385,12442,12452,10
13.0361499786,80.2304992676,12452,12462,10
13.0365495682,80.230682373,12462,12472,10
13.0368299484,80.2308120728,12472,12483,11
13.0375699997,80.2310333252,12483,12493,10
13.038310051,80.2311935425,12493,12503,10
13.0389795303,80.2313766479,12503,12513,10
13.0396099091,80.2315597534,12513,12523,10
13.0403604507,80.2317733765,12523,12533,10
13.0412998199,80.2321166992,12533,12543,10
13.0422496796,80.2323074341,12543,12553,10
13.0432500839,80.2323303223,12553,12563,10
13.0441799164,80.2324066162,12563,12573,10
13.0451202393,80.2325897217,12573,12583,10
13.0459699631,80.2327575684,12583,12594,11
13.0469303131,80.232963562,12594,12604,10
13.047419548,80.2329406738,12604,12614,10
13.0475196838,80.2324981689,12614,12624,10
13.0475997925,80.2317886353,12624,12634,10
13.0476799011,80.2310333252,12634,12644,10
13.0476799011,80.2303695679,12644,12654,10
13.0472898483,80.229888916,12654,12664,10
13.0465497971,80.2297821045,12664,12674,10
13.0457201004,80.2296524048,12674,12684,10
13.0449399948,80.2294921875,12684,12695,11
13.0445299149,80.2294235229,12695,12705,10
13.0440998077,80.2293014526,12705,12715,10
13.0438995361,80.2291107178,12715,12725,10
13.0440196991,80.2287216187,12725,12735,10
13.0441598892,80.2282180786,12735,12745,10
13.0443201065,80.2275619507,12745,12755,10
13.0445203781,80.2268600464,12755,12765,10
13.0447397232,80.2261428833,12765,12775,10
13.0448904037,80.2257614136,12775,12785,10
13.0453500748,80.2258377075,12785,12801,16
13.0465202332,80.2261810303,12801,12814,13
13.0468301773,80.2257995605,12814,12822,8
13.0468702316,80.225479126,12822,12834,12
13.046959877,80.225112915,12834,12845,11
13.04708004,80.2245330811,12845,12857,12
13.0472698212,80.2237014771,12857,12867,10
13.0474100113,80.2231674194,12867,12877,10
13.0475196838,80.2227020264,12877,12887,10
13.047659874,80.2221603394,12887,12897,10
13.0478496552,80.2215805054,12897,12908,11
13.0479001999,80.2213821411,12908,12917,9
13.0479402542,80.2209625244,12917,12928,11
13.0479898453,80.2204208374,12928,12938,10
13.0480604172,80.2199325562,12938,12948,10
13.048119545,80.2195663452,12948,12958,10
13.0481004715,80.2192764282,12958,12968,10
13.0476703644,80.2191009521,12968,12978,10
13.0469198227,80.2188720703,12978,12988,10
13.0461397171,80.2186889648,12988,12998,10
13.04529953,80.2184524536,12998,13008,10
13.0445804596,80.2180023193,13008,13019,11
13.0439100266,80.2175216675,13019,13029,10
13.0438299179,80.2172470093,13029,13039,10
13.0441303253,80.2167282104,13039,13049,10
13.0443897247,80.216003418,13049,13059,10
13.0445203781,80.2152404785,13059,13069,10
13.0445203781,80.2144622803,13069,13079,10
13.0445098877,80.2137374878,13079,13089,10
13.0444898605,80.2129516602,13089,13099,10
13.0444803238,80.2125396729,13099,13110,11
13.0444698334,80.2124023438,13110,13120,10
13.0448503494,80.2122573853,13120,13130,10
13.0455198288,80.2122192383,13130,13140,10
13.046330452,80.2121887207,13140,13150,10
13.0469999313,80.2121276855,13150,13160,10
13.0471000671,80.2119598389,13160,13170,10
13.04708004,80.2114562988,13170,13180,10
13.0470695496,80.2109603882,13180,13190,10
13.0473003387,80.2107696533,13190,13200,10
13.0478696823,80.2108001709,13200,13211,11
13.0485601425,80.2108078003,13211,13221,10
13.0492401123,80.2108306885,13221,13231,10
13.0496702194,80.2107620239,13231,13241,10
13.0496501923,80.2101974487,13241,13251,10
13.0495595932,80.2094802856,13251,13261,10
13.049539566,80.2088165283,13261,13271,10
13.0493402481,80.2081298828,13271,13281,10
13.0490999222,80.2074813843,13281,13291,10
13.0489397049,80.2069625854,13291,13301,10
13.0492401123,80.20703125,13301,13473,172
13.0492401123,80.20703125,13473,13483,10
13.0492296219,80.2072372437,13483,13493,10
13.0492200851,80.2075424194,13493,13503,10
13.0493202209,80.2079925537,13503,13513,10
13.049489975,80.2086791992,13513,13524,11
13.0496101379,80.2094726563,13524,13534,10
13.0496997833,80.2102432251,13534,13544,10
13.0497999191,80.2110290527,13544,13554,10
13.0499296188,80.2117767334,13554,13574,20
13.0499296188,80.2117767334,13574,13584,10
13.0499801636,80.2118988037,13584,13594,10
13.0499897003,80.2120513916,13594,13604,10
13.0500097275,80.2123184204,13604,13614,10
13.0500497818,80.2127609253,13614,13625,11
13.0501804352,80.2134475708,13625,13635,10
13.0503797531,80.2140884399,13635,13645,10
13.0506401062,80.2147064209,13645,13655,10
13.0508298874,80.2154006958,13655,13665,10
13.0510396957,80.2161026001,13665,13675,10
13.0513000488,80.2168502808,13675,13685,10
13.0515604019,80.2175674438,13685,13695,10
13.0518102646,80.2182922363,13695,13705,10
13.052069664,80.2191009521,13705,13715,10
13.0522403717,80.2198028564,13715,13726,11
13.0523300171,80.2200927734,13726,13736,10
13.0523700714,80.2201690674,13736,13746,10
13.052479744,80.2205581665,13746,13756,10
13.0526399612,80.2211837769,13756,13766,10
13.0528802872,80.2220230103,13766,13776,10
13.0531196594,80.2229003906,13776,13786,10
13.0533399582,80.2238311768,13786,13796,10
13.0535802841,80.2248001099,13796,13806,10
13.0537996292,80.2258377075,13806,13816,10
13.0539503098,80.2269363403,13816,13826,10
13.0540504456,80.2278823853,13826,13837,11
13.0541296005,80.2287521362,13837,13847,10
13.0541801453,80.2295532227,13847,13857,10
13.0541801453,80.2302627563,13857,13867,10
13.0542001724,80.2305908203,13867,13877,10
13.0540103912,80.2306289673,13877,13887,10
13.0536804199,80.2306518555,13887,13897,10
13.0529003143,80.2305221558,13897,13907,10
13.0522403717,80.2304382324,13907,13917,10
13.0519695282,80.2304229736,13917,13927,10
13.051440239,80.2303009033,13927,13938,11
13.0507097244,80.2302017212,13938,13948,10
13.0500402451,80.2301101685,13948,13958,10
13.0492401123,80.2301025391,13958,13968,10
13.0484600067,80.2300720215,13968,13978,10
13.0479602814,80.2302703857,13978,13988,10
13.0476999283,80.2307815552,13988,13998,10
13.0475997925,80.2317276001,13998,14008,10
13.0474796295,80.2325820923,14008,14024,16
13.0477695465,80.2330780029,14024,14036,12
13.0486698151,80.2332611084,14036,14047,11
13.0495004654,80.2334671021,14047,14057,10
13.0503997803,80.2336578369,14057,14067,10
13.0511398315,80.2338027954,14067,14075,8
13.05189991,80.2339782715,14075,14087,12
13.0529603958,80.2342681885,14087,14097,10
13.053609848,80.2344512939,14097,14107,10
13.0537099838,80.2350387573,14107,14117,10
13.0535497665,80.2358398438,14117,14127,10
13.0534095764,80.2367401123,14127,14137,10
13.0532398224,80.2377090454,14137,14148,11
13.053030014,80.2388916016,14148,14158,10
13.0527696609,80.239982605,14158,14168,10
13.0525598526,80.2408676147,14168,14178,10
13.0526599884,80.2416000366,14178,14189,11
13.0533103943,80.2419586182,14189,14199,10
13.0543203354,80.2423400879,14199,14209,10
13.0552902222,80.2422637939,14209,14219,10
13.0561704636,80.24243927,14219,14229,10
13.05671978,80.2426223755,14229,14239,10
13.0570297241,80.2427215576,14239,14250,11
13.0577697754,80.242767334,14250,14260,10
13.0584897995,80.2426071167,14260,14270,10
13.0592603683,80.2424697876,14270,14280,10
13.0600795746,80.2426986694,14280,14290,10
13.0604600906,80.2427978516,14290,14300,10
13.0606098175,80.2428665161,14300,14310,10
13.0611095428,80.2430419922,14310,14320,10
13.0618000031,80.2431716919,14320,14330,10
13.0626096725,80.243309021,14330,14340,10
13.0633001328,80.2434463501,14340,14351,11
13.0634403229,80.243812561,14351,14361,10
13.0632295609,80.2443466187,14361,14371,10
13.0626802444,80.2448196411,14371,14381,10
13.0621404648,80.2453079224,14381,14391,10
13.0619697571,80.2461166382,14391,14401,10
13.0617799759,80.2464981079,14401,14411,10
13.0613603592,80.2469406128,14411,14421,10
13.0610599518,80.2472229004,14421,14431,10
13.0604496002,80.2475509644,14431,14441,10
13.0595502853,80.2478408813,14441,14452,11
13.0583896637,80.2482528687,14452,14462,10
13.0573596954,80.2486114502,14462,14472,10
13.0563001633,80.2489395142,14472,14482,10
13.055270195,80.2493591309,14482,14492,10
13.0543003082,80.2499389648,14492,14502,10
13.0535297394,80.2503890991,14502,14512,10
13.0526599884,80.2508621216,14512,14522,10
13.0520601273,80.2511291504,14522,14532,10
13.0513896942,80.2507705688,14532,14542,10
13.0506000519,80.2505187988,14542,14553,11
13.0501899719,80.2499923706,14553,14563,10
13.0493297577,80.2498168945,14563,14573,10
13.0483999252,80.2495803833,14573,14583,10
13.0475702286,80.2488937378,14583,14593,10
13.0466604233,80.2485809326,14593,14603,10
13.0457000732,80.2483825684,14603,14613,10
13.0447902679,80.2480773926,14613,14623,10
13.0437602997,80.2478790283,14623,14633,10
13.0427999496,80.2477111816,14633,14643,10
13.0418195724,80.2474975586,14643,14660,17
13.0396404266,80.2470626831,14660,14682,22
13.0396404266,80.2470626831,14682,14691,9
13.0394897461,80.2469711304,14691,14702,11
13.0393600464,80.2470169067,14702,14712,10
13.0393600464,80.247428894,14712,14721,9
13.0392599106,80.2479400635,14721,14732,11
13.0391902924,80.248588562,14732,14742,10
13.0391197205,80.2490997314,14742,14752,10
13.0390396118,80.2496871948,14752,14763,11
13.0389499664,80.2503585815,14763,14773,10
13.0389499664,80.2505722046,14773,14783,10
13.0388898849,80.2509307861,14783,14793,10
13.0387802124,80.2515335083,14793,14803,10
13.0386800766,80.2522964478,14803,14813,10
13.0385799408,80.2529983521,14813,14823,10
13.0384502411,80.253868103,14823,14833,10
13.0383396149,80.2547531128,14833,14843,10
13.0382003784,80.2557983398,14843,14853,10
13.0380897522,80.2564697266,14853,14864,11
13.0376996994,80.2570266724,14864,14874,10
13.0368404388,80.2570419312,14874,14884,10
13.0358104706,80.2570571899,14884,14894,10
13.034819603,80.2570571899,14894,14910,16
13.0332803726,80.2569198608,14910,14922,12
13.0321598053,80.2568206787,14922,14932,10
13.0313100815,80.256729126,14932,14942,10
13.0310201645,80.2566986084,14942,14952,10
13.030670166,80.2566604614,14952,14962,10
13.0301198959,80.2566070557,14962,14973,11
13.029299736,80.2565383911,14973,14983,10
13.0289497375,80.2566986084,14983,14993,10
13.0289201736,80.2572097778,14993,15003,10
13.0288600922,80.258140564,15003,15013,10
13.029009819,80.2589569092,15013,15023,10
13.029250145,80.2599334717,15023,15033,10
13.0293798447,80.2602462769,15033,15043,10
13.0294103622,80.2606582642,15043,15053,10
13.0292396545,80.261138916,15053,15063,10
13.0296802521,80.26146698,15063,15074,11
13.0297603607,80.2617416382,15074,15084,10
13.0297698975,80.2621994019,15084,15094,10
13.0296001434,80.2629089355,15094,15104,10
13.0294704437,80.2634887695,15104,15114,10
13.0293598175,80.2642593384,15114,15124,10
13.0293798447,80.2650222778,15124,15134,10
13.0293302536,80.2658233643,15134,15144,10
13.0291900635,80.2662887573,15144,15154,10
13.0287799835,80.2662811279,15154,15164,10
13.0282001495,80.2661972046,15164,15175,11
13.0278196335,80.2661895752,15175,15185,10
13.0274295807,80.2660980225,15185,15195,10
13.0269203186,80.2660598755,15195,15205,10
13.0265398026,80.2660369873,15205,15215,10
13.0263204575,80.265838623,15215,15225,10
13.0263595581,80.2652664185,15225,15235,10
13.0264797211,80.2644577026,15235,15245,10
13.0265903473,80.2635803223,15245,15255,10
13.0266895294,80.2626113892,15255,15265,10
13.0268096924,80.2616119385,15265,15276,11
13.0269403458,80.260597229,15276,15286,10
13.0270900726,80.2598876953,15286,15296,10
13.0270500183,80.2588424683,15296,15306,10
13.0270500183,80.2577819824,15306,15316,10
13.0270395279,80.2570800781,15316,15326,10
13.0270500183,80.2563400269,15326,15336,10
13.0270700455,80.2554397583,15336,15346,10
13.027130127,80.2544403076,15346,15356,10
13.0272102356,80.2534790039,15356,15366,10
13.0274400711,80.2524337769,15366,15377,11
13.0278596878,80.2512817383,15377,15387,10
13.0283603668,80.2504119873,15387,15397,10
13.0287904739,80.2496566772,15397,15407,10
13.0290899277,80.2487564087,15407,15417,10
13.0292701721,80.2477035522,15417,15427,10
13.0294399261,80.2467269897,15427,15437,10
13.029540062,80.2459335327,15437,15447,10
13.0292396545,80.2457427979,15447,15457,10
13.0284900665,80.2457199097,15457,15467,10
13.027759552,80.2455978394,15467,15477,10
13.0274600983,80.2448806763,15477,15488,11
13.0270700455,80.2441711426,15488,15498,10
13.0263500214,80.2438964844,15498,15508,10
13.0255298615,80.2436294556,15508,15518,10
13.0247297287,80.2433395386,15518,15528,10
13.0241699219,80.2431411743,15528,15538,10
13.0241203308,80.2431182861,15538,15548,10
13.0238304138,80.2429962158,15548,15558,10
13.0232095718,80.2427978516,15558,15568,10
13.0223302841,80.2425079346,15568,15578,10
13.0214595795,80.2422027588,15578,15589,11
13.0205097198,80.2419128418,15589,15599,10
13.0197296143,80.2416915894,15599,15609,10
13.0192604065,80.2415313721,15609,15619,10
13.0185499191,80.2413101196,15619,15629,10
13.0180797577,80.2411575317,15629,15639,10
13.0180196762,80.2411422729,15639,15649,10
13.0177698135,80.2410736084,15649,15659,10
13.0171699524,80.2409515381,15659,15669,10
13.0163698196,80.2407836914,15669,15679,10
13.0157403946,80.2406692505,15679,15690,11
13.0152702332,80.2406005859,15690,15700,10
13.0144796371,80.2404937744,15700,15710,10
13.0134496689,80.2404632568,15710,15720,10
13.0122299194,80.2404708862,15720,15730,10
13.0110397339,80.2404785156,15730,15740,10
13.0098896027,80.2405014038,15740,15750,10
13.0087299347,80.2405014038,15750,15760,10
13.0076799393,80.2404174805,15760,15770,10
13.0069799423,80.2403411865,15770,15780,10
13.0068502426,80.240737915,15780,15790,10
13.0067501068,80.2415618896,15790,15801,11
13.0067501068,80.241859436,15801,15811,10
13.0067300797,80.2423324585,15811,15827,16
13.0066699982,80.2435684204,15827,15839,12
13.0066995621,80.2448883057,15839,15849,10
13.0067396164,80.2460479736,15849,15859,10
13.006770134,80.2471618652,15859,15869,10
13.0067796707,80.2481307983,15869,15879,10
13.0068101883,80.2490234375,15879,15889,10
13.0068597794,80.2505493164,15889,15900,11
13.0067796707,80.2517776489,15900,15908,8
13.0066099167,80.2526473999,15908,15920,12
13.0066003799,80.2540893555,15920,15930,10
13.0066404343,80.2553634644,15930,15940,10
13.006649971,80.2564620972,15940,15950,10
13.0067100525,80.2572097778,15950,15960,10
13.006529808,80.2575683594,15960,15970,10
13.005900383,80.2574462891,15970,15980,10
13.0050802231,80.2572402954,15980,15989,9
13.0041904449,80.2570419312,15989,16001,12
13.0030002594,80.2568206787,16001,16011,10
13.0020399094,80.2566375732,16011,16021,10
13.0010900497,80.2565231323,16021,16031,10
13.0000600815,80.2563171387,16031,16041,10
12.9990701675,80.2561416626,16041,16051,10
12.9982099533,80.2559967041,16051,16061,10
12.9977798462,80.2559661865,16061,16071,10
12.9977703094,80.2559661865,16071,16081,10
12.9975595474,80.2559585571,16081,16091,10
12.9970598221,80.2559432983,16091,16101,10
12.9967699051,80.2559509277,16101,16118,17
12.9955701828,80.2559280396,16118,16130,12
12.9946498871,80.2559585571,16130,16139,9
12.9939098358,80.2560195923,16139,16150,11
12.9927396774,80.2561035156,16150,16160,10
12.9916200638,80.2561035156,16160,16170,10
12.9906301498,80.2560424805,16170,16180,10
12.9895801544,80.2560119629,16180,16190,10
12.9884395599,80.2559280396,16190,16200,10
12.9877500534,80.255897522,16200,16211,11
12.9876098633,80.2564315796,16211,16221,10
12.9875297546,80.2572174072,16221,16231,10
12.9874696732,80.258102417,16231,16241,10
12.9874296188,80.2584915161,16241,16251,10
12.9872503281,80.2585830688,16251,16291,40
12.9872503281,80.2585830688,16291,16301,10
12.9873800278,80.2582397461,16301,16312,11
12.9874296188,80.2575683594,16312,16322,10
12.9875202179,80.256729126,16322,16332,10
12.9875898361,80.2559432983,16332,16342,10
12.9878902435,80.2557373047,16342,16352,10
12.9880895615,80.2557830811,16352,16362,10
12.9885597229,80.255859375,16362,16372,10
12.9889202118,80.2559127808,16372,16382,10
12.9894104004,80.2559509277,16382,16392,10
12.9901103973,80.2559585571,16392,16402,10
12.9907798767,80.2559661865,16402,16413,11
12.9916601181,80.2560424805,16413,16423,10
12.9925899506,80.2560501099,16423,16433,10
12.9934797287,80.2559967041,16433,16443,10
12.9944200516,80.2559432983,16443,16453,10
12.9953804016,80.2558822632,16453,16463,10
12.9963903427,80.2558670044,16463,16473,10
12.9970302582,80.2558670044,16473,16483,10
12.9974403381,80.2558670044,16483,16493,10
12.9977397919,80.2558898926,16493,16503,10
12.9978704453,80.2559204102,16503,16514,11
12.9984798431,80.2560195923,16514,16524,10
12.9993400574,80.2561416626,16524,16534,10
13.0002498627,80.2563018799,16534,16544,10
13.0011796951,80.2564620972,16544,16554,10
13.0020799637,80.2566070557,16554,16564,10
13.0029802322,80.2567672729,16564,16574,10
13.0038900375,80.256942749,16574,16584,10
13.0048503876,80.2571411133,16584,16594,10
13.0058202744,80.2573318481,16594,16604,10
13.0064697266,80.2574310303,16604,16614,10
13.0065698624,80.2570495605,16614,16625,11
13.0065498352,80.256187439,16625,16635,10
13.0065698624,80.255241394,16635,16645,10
13.0065603256,80.2540435791,16645,16655,10
13.0065698624,80.2528991699,16655,16665,10
13.0066404343,80.2521133423,16665,16675,10
13.0068101883,80.2510528564,16675,16685,10
13.0067796707,80.2498397827,16685,16695,10
13.0067195892,80.2485961914,16695,16706,11
13.0066795349,80.2476577759,16706,16716,10
13.0066795349,80.2466812134,16716,16727,11
13.0066604614,80.2454528809,16727,16737,10
13.0066604614,80.2443237305,16737,16747,10
13.0066604614,80.2432403564,16747,16757,10
13.0066099167,80.2421417236,16757,16767,10
13.0066604614,80.2409667969,16767,16777,10
13.0068302155,80.240020752,16777,16787,10
13.0070199966,80.2390213013,16787,16797,10
13.0072402954,80.2379074097,16797,16807,10
13.0074901581,80.2367782593,16807,16817,10
13.0077199936,80.2356414795,16817,16828,11
13.0079698563,80.2343902588,16828,16838,10
13.0081996918,80.2332229614,16838,16848,10
13.0084495544,80.2319564819,16848,16858,10
13.0087003708,80.2306594849,16858,16868,10
13.0089502335,80.2294006348,16868,16878,10
13.0092096329,80.228187561,16878,16888,10
13.0096797943,80.2270889282,16888,16896,8
13.0100803375,80.2262115479,16896,16908,12
13.0106897354,80.224937439,16908,16918,10
13.0111198425,80.2239074707,16918,16929,11
13.0115003586,80.2229919434,16929,16939,10
13.0118398666,80.2220230103,16939,16949,10
13.012140274,80.2214279175,16949,16959,10
13.0124597549,80.2215499878,16959,16969,10
13.0129299164,80.2221679688,16969,16979,10
13.0135402679,80.22290802,16979,16989,10
13.0142002106,80.2236633301,16989,16999,10
13.0147399902,80.2243118286,16999,17009,10
13.0152597427,80.2247924805,17009,17019,10
13.0153999329,80.224899292,17019,17030,11
13.0156097412,80.2250823975,17030,17040,10
13.0162096024,80.2253112793,17040,17050,10
13.0170202255,80.2251205444,17050,17060,10
13.0180101395,80.2247161865,17060,17070,10
13.0190200806,80.2243499756,17070,17080,10
13.0198297501,80.2245788574,17080,17090,10
13.0206203461,80.225151062,17090,17100,10
13.0215101242,80.2257995605,17100,17110,10
13.0223197937,80.2264404297,17110,17120,10
13.0231304169,80.2271499634,17120,17130,10
13.0238895416,80.2278823853,17130,17141,11
13.0245399475,80.2286911011,17141,17151,10
13.0251598358,80.2295227051,17151,17161,10
13.0257501602,80.2303771973,17161,17171,10
13.026049614,80.2311401367,17171,17181,10
13.0261802673,80.2313690186,17181,17191,10
13.0266399384,80.2312393188,17191,17201,10
13.0271596909,80.2311019897,17201,17211,10
13.0274896622,80.2310333252,17211,17221,10
13.0281295776,80.2309494019,17221,17231,10
13.0289802551,80.2308578491,17231,17242,11
13.0295801163,80.230796814,17242,17252,10
13.0302495956,80.2307434082,17252,17262,10
13.0309896469,80.230682373,17262,17272,10
13.0317802429,80.2306137085,17272,17282,10
13.032500267,80.2305374146,17282,17292,10
13.0326595306,80.2305374146,17292,17302,10
13.0332098007,80.2305221558,17302,17312,10
13.0337896347,80.2304763794,17312,17322,10
13.0341396332,80.230430603,17322,17332,10
13.0341997147,80.2304229736,17332,17343,11
13.0342597961,80.2304229736,17343,17353,10
13.0345497131,80.2304000854,17353,17363,10
13.0349798203,80.2302627563,17363,17373,10
13.0355195999,80.2303771973,17373,17383,10
13.0362300873,80.2305984497,17383,17393,10
13.0366201401,80.2307128906,17393,17403,10
13.0369701385,80.2308578491,17403,17413,10
13.0377702713,80.231048584,17413,17423,10
13.0386295319,80.2313232422,17423,17433,10
13.0393400192,80.2315216064,17433,17444,11
13.0402297974,80.2317504883,17444,17454,10
13.0411701202,80.2321014404,17454,17464,10
13.0422000885,80.2323226929,17464,17474,10
13.0431404114,80.2323379517,17474,17484,10
13.0441198349,80.232421875,17484,17494,10
13.0449495316,80.2325592041,17494,17504,10
13.0457000732,80.2326965332,17504,17514,10
13.0465402603,80.2328491211,17514,17524,10
13.047249794,80.233001709,17524,17534,10
13.0474395752,80.2327880859,17534,17545,11
13.0475301743,80.2322235107,17545,17555,10
13.0476198196,80.2314987183,17555,17565,10
13.0476999283,80.2308120728,17565,17575,10
13.0475997925,80.2302474976,17575,17585,10
13.0473003387,80.229888916,17585,17595,10
13.0467996597,80.2297973633,17595,17605,10
13.0460996628,80.2297134399,17605,17615,10
13.0453796387,80.2295684814,17615,17625,10
13.0447397232,80.2294464111,17625,17635,10
13.0443296432,80.2293624878,17635,17736,101
13.0443296432,80.2293624878,17736,17746,10
13.0441198349,80.229309082,17746,17757,11
13.0438995361,80.2292327881,17757,17767,10
13.0439796448,80.2288284302,17767,17777,10
13.0441999435,80.2281112671,17777,17787,10
13.0443696976,80.2274169922,17787,17797,10
13.0446100235,80.2265472412,17797,17807,10
13.0447902679,80.2258834839,17807,17817,10
13.0450897217,80.2257537842,17817,17827,10
13.0457897186,80.225982666,17827,17837,10
13.0465898514,80.2262420654,17837,17847,10
13.0474100113,80.2264862061,17847,17858,11
13.0483503342,80.2267608643,17858,17868,10
13.0490999222,80.2269363403,17868,17878,10
13.0498600006,80.2270431519,17878,17888,10
13.0508403778,80.2272491455,17888,17898,10
13.0517301559,80.227432251,17898,17908,10
13.0524501801,80.2275924683,17908,17918,10
13.0532798767,80.2277526855,17918,17928,10
13.053899765,80.2277526855,17928,17938,10
13.053899765,80.2272720337,17938,17948,10
13.0538301468,80.2265930176,17948,17959,11
13.0536203384,80.2253570557,17959,17969,10
13.0534000397,80.2243118286,17969,17979,10
13.0531702042,80.2232208252,17979,17989,10
13.0528898239,80.2221679688,17989,17999,10
13.0526103973,80.2211532593,17999,18009,10
13.0523796082,80.2203598022,18009,18019,10
13.052189827,80.2196578979,18019,18029,10
13.0520095825,80.2189712524,18029,18039,10
13.051779747,80.2182693481,18039,18049,10
13.0514602661,80.2174301147,18049,18059,10
13.0511302948,80.2164611816,18059,18070,11
13.0508499146,80.2155380249,18070,18080,10
13.0506801605,80.2149581909,18080,18090,10
13.0504999161,80.2145767212,18090,18100,10
13.0503797531,80.2142028809,18100,18110,10
13.0502099991,80.213760376,18110,18120,10
13.0500602722,80.2130889893,18120,18130,10
13.049949646,80.2122573853,18130,18160,30
13.049949646,80.2122573853,18160,18171,11
13.0498504639,80.2120285034,18171,18191,20
13.0498504639,80.2120285034,18191,18201,10
13.0498504639,80.2119598389,18201,18211,10
13.0498304367,80.2116165161,18211,18221,10
13.0497198105,80.2110595703,18221,18231,10
13.0496301651,80.2104415894,18231,18241,10
13.0495195389,80.2096710205,18241,18251,10
13.0494098663,80.2089004517,18251,18261,10
13.0492601395,80.2082595825,18261,18272,11
13.0490598679,80.2076416016,18272,18282,10
13.0488901138,80.2071533203,18282,18292,10
13.0488595963,80.2069473267,18292,18302,10
13.0490598679,80.2068405151,18302,18312,10
13.0491504669,80.2070465088,18312,18322,10
13.0491199493,80.2072677612,18322,18332,10
13.0490999222,80.2075500488,18332,18342,10
13.0492696762,80.2080535889,18342,18352,10
13.0494499207,80.208732605,18352,18362,10
13.0495901108,80.2095413208,18362,18373,11
13.0496997833,80.2103271484,18373,18383,10
13.0497903824,80.2110900879,18383,18393,10
13.0499200821,80.211807251,18393,18433,40
13.0499200821,80.211807251,18433,18443,10
13.0499801636,80.2119674683,18443,18453,10
13.0499801636,80.2119827271,18453,18463,10
13.0499696732,80.2121734619,18463,18473,10
13.0499897003,80.2123794556,18473,18484,11
13.0500402451,80.2128829956,18484,18504,20
13.0500402451,80.2128829956,18504,18514,10
13.0501003265,80.2130508423,18514,18524,10
13.0501804352,80.2135009766,18524,18534,10
13.050330162,80.2140197754,18534,18544,10
13.0505399704,80.2145385742,18544,18554,10
13.0507898331,80.2151870728,18554,18564,10
13.0509996414,80.2158584595,18564,18574,10
13.0512199402,80.2165374756,18574,18585,11
13.0515403748,80.2174835205,18585,18595,10
13.0518302917,80.2182388306,18595,18605,10
13.0520896912,80.219039917,18605,18615,10
13.0523004532,80.2198562622,18615,18625,10
13.0525798798,80.2208709717,18625,18635,10
13.052740097,80.221572876,18635,18651,16
13.0531396866,80.2229614258,18651,18663,12
13.0534200668,80.2241592407,18663,18671,8
13.0536203384,80.2250518799,18671,18683,12
13.0538702011,80.2264099121,18683,18695,12
13.0540399551,80.2276992798,18695,18705,10
13.0541400909,80.2284164429,18705,18715,10
13.0541801453,80.2291564941,18715,18725,10
13.054189682,80.2297821045,18725,18735,10
13.0541696548,80.2303466797,18735,18745,10
13.0541601181,80.2306289673,18745,18755,10
13.0539703369,80.2306213379,18755,18765,10
13.0534000397,80.2305831909,18765,18789,24
13.0520000458,80.2303924561,18789,18801,12
13.0515604019,80.2302703857,18801,18811,10
13.0510101318,80.2301864624,18811,18820,9
13.050160408,80.2301025391,18820,18831,11
13.0492401123,80.2301101685,18831,18841,10
13.04845047,80.2300796509,18841,18851,10
13.0480098724,80.2302322388,18851,18861,10
13.0477199554,80.2305831909,18861,18871,10
13.0476303101,80.2313537598,18871,18881,10
13.047539711,80.232131958,18881,18891,10
13.0474700928,80.2327270508,18891,18902,11
13.0474700928,80.2330322266,18902,18912,10
13.0477399826,80.2330932617,18912,18922,10
13.0482902527,80.2332077026,18922,18932,10
13.0489301682,80.2333908081,18932,18942,10
13.0497198105,80.2335891724,18942,18952,10
13.0505304337,80.233757019,18952,18962,10
13.051320076,80.2339019775,18962,18972,10
13.0523500443,80.2341384888,18972,18981,9
13.0532503128,80.2343978882,18981,18993,12
13.0538301468,80.234703064,18993,19003,10
13.0536699295,80.2353591919,19003,19013,10
13.0535001755,80.2362365723,19013,19023,10
13.0533399582,80.2369308472,19023,19033,10
13.0532598495,80.2374420166,19033,19043,10
13.0532302856,80.2378005981,19043,19053,10
13.0531196594,80.2382965088,19053,19063,10
13.0529098511,80.2392578125,19063,19073,10
13.0526399612,80.2403793335,19073,19083,10
13.0525798798,80.2413635254,19083,19094,11
13.0527496338,80.2422485352,19094,19104,10
13.0528497696,80.2431411743,19104,19114,10
13.0527601242,80.2437973022,19114,19124,10
13.052740097,80.2446212769,19124,19134,10
13.0528297424,80.2454528809,19134,19144,10
13.0529403687,80.2462768555,19144,19154,10
13.0531301498,80.2472000122,19154,19163,9
13.0533599854,80.2481536865,19163,19174,11
13.0536203384,80.2492980957,19174,19184,10
13.0537595749,80.2499771118,19184,19194,10
13.0536203384,80.2503890991,19194,19205,11
13.0530195236,80.2507171631,19205,19215,10
13.0528001785,80.2508392334,19215,19225,10
13.0524396896,80.2510070801,19225,19235,10
13.0521402359,80.251121521,19235,19244,9
13.0517597198,80.250831604,19244,19254,10
13.0510196686,80.2507171631,19254,19265,11
13.0505599976,80.2502593994,19265,19275,10
13.049949646,80.2499313354,19275,19285,10
13.0491399765,80.2498016357,19285,19295,10
13.0482902527,80.2495193481,19295,19306,11
13.0474700928,80.248840332,19306,19316,10
13.0466299057,80.248588562,19316,19326,10
13.0457601547,80.2484436035,19326,19336,10
13.0450897217,80.2481613159,19336,19346,10
13.044260025,80.2480010986,19346,19356,10
13.043390274,80.2478637695,19356,19366,10
13.0424804688,80.2476501465,19366,19376,10
13.0415802002,80.2474517822,19376,19386,10
13.0406303406,80.2472610474,19386,19396,10
13.0397901535,80.2471084595,19396,19407,11
13.0394001007,80.2470703125,19407,19417,10
13.0393400192,80.2473907471,19417,19427,10
13.0393400192,80.2475891113,19427,19437,10
13.0392799377,80.247756958,19437,19447,10
13.0392303467,80.2481231689,19447,19457,10
13.0391798019,80.2484817505,19457,19467,10
13.0391302109,80.248878479,19467,19477,10
13.039059639,80.2492980957,19477,19487,10
13.0390501022,80.2497787476,19487,19497,10
13.0389795303,80.2502365112,19497,19508,11
13.0389003754,80.2507629395,19508,19518,10
13.0388097763,80.2512893677,19518,19528,10
13.0387401581,80.2517776489,19528,19538,10
13.0386600494,80.2524337769,19538,19548,10
13.0385599136,80.2530822754,19548,19558,10
13.038479805,80.2537689209,19558,19568,10
13.0383796692,80.2545318604,19568,19578,10
13.0382699966,80.2553024292,19578,19588,10
13.0381698608,80.256072998,19588,19598,10
13.0380897522,80.2565536499,19598,19609,11
13.0376901627,80.2569274902,19609,19619,10
13.0369195938,80.2570266724,19619,19629,10
13.0360202789,80.2570419312,19629,19639,10
13.0351600647,80.2570495605,19639,19649,10
13.0343399048,80.257019043,19649,19659,10
13.0336103439,80.2569198608,19659,19669,10
13.0330200195,80.2568664551,19669,19679,10
13.0315904617,80.256729126,19679,19689,10
13.0315904617,80.256729126,19689,19699,10
13.0311002731,80.2566986084,19699,19709,10
13.0307598114,80.2566680908,19709,19720,11
13.0302295685,80.2566070557,19720,19730,10
13.029419899,80.2565536499,19730,19740,10
13.028840065,80.2565002441,19740,19750,10
13.0282001495,80.256401062,19750,19761,11
13.0276203156,80.2564163208,19761,19771,10
13.0272197723,80.2564926147,19771,19781,10
13.0268497467,80.2566833496,19781,19791,10
13.0263795853,80.2570037842,19791,19801,10
13.0257701874,80.2574005127,19801,19811,10
13.0250396729,80.257850647,19811,19823,12
13.0242795944,80.2582473755,19823,19833,10
13.0235500336,80.2586593628,19833,19843,10
13.0228204727,80.2590026855,19843,19853,10
13.0221099854,80.2592697144,19853,19863,10
13.0213403702,80.2594299316,19863,19873,10
13.0208501816,80.2595214844,19873,19883,10
13.0204200745,80.2595901489,19883,19893,10
13.0201101303,80.2596588135,19893,19903,10
13.0195798874,80.2597579956,19903,19913,10
13.0190696716,80.2598571777,19913,19923,10
13.018699646,80.2599487305,19923,19934,11
13.0186901093,80.2603225708,19934,19944,10
13.0187301636,80.2608413696,19944,19954,10
13.0187997818,80.2612991333,19954,19964,10
13.019200325,80.261680603,19964,19974,10
13.0197000504,80.2621765137,19974,19984,10
13.0202598572,80.2627182007,19984,19994,10
13.0201196671,80.2630081177,19994,20004,10
13.0194597244,80.2629623413,20004,20014,10
13.0190696716,80.2629165649,20014,20025,11
13.0188798904,80.2624206543,20025,20035,10
13.0187702179,80.2616500854,20035,20044,9
13.0185804367,80.2612228394,20044,20055,11
13.0178499222,80.2607498169,20055,20065,10
13.0169401169,80.2601318359,20065,20075,10
13.0158596039,80.2595214844,20075,20085,10
13.0146198273,80.2592926025,20085,20095,10
13.0133895874,80.2592391968,20095,20105,10
13.0122499466,80.2592163086,20105,20115,10
13.0112600327,80.2591934204,20115,20126,11
13.0102300644,80.2592315674,20126,20136,10
13.0093002319,80.2592163086,20136,20146,10
13.0087795258,80.2592086792,20146,20156,10
13.0084400177,80.2592086792,20156,20166,10
13.0078001022,80.2593536377,20166,20176,10
13.0073299408,80.2590713501,20176,20186,10
13.0069704056,80.2583084106,20186,20196,10
13.0065498352,80.2577362061,20196,20206,10
13.0058603287,80.2574615479,20206,20216,10
13.0050001144,80.2572402954,20216,20227,11
13.0040998459,80.2570419312,20227,20237,10
13.003279686,80.2568817139,20237,20247,10
13.0024404526,80.2567214966,20247,20257,10
13.0014896393,80.2565612793,20257,20267,10
13.000579834,80.2564315796,20267,20277,10
12.9996099472,80.2562484741,20277,20287,10
12.9986495972,80.256072998,20287,20297,10
12.9977798462,80.2559967041,20297,20317,20
12.9977798462,80.2559967041,20317,20327,10
12.9976997375,80.2561569214,20327,20338,11
12.9977703094,80.2563171387,20338,20348,10
12.9978199005,80.256362915,20348,20358,10
12.9979200363,80.2563781738,20358,20368,10
12.9980401993,80.2564620972,20368,20378,10
12.998000145,80.256690979,20378,20388,10
12.9982795715,80.2567596436,20388,21075,687
12.9982795715,80.2567596436,21075,21085,10
12.9983701706,80.2570571899,21085,21095,10
12.9975099564,80.2570571899,21095,21135,40
12.9975099564,80.2570571899,21135,21145,10
12.9972400665,80.2570495605,21145,21438,293
12.9972400665,80.2570495605,21438,21448,10
12.9975404739,80.256980896,21448,21458,10
12.9976997375,80.2567367554,21458,21469,11
12.9976797104,80.2563171387,21469,21559,90
12.9976797104,80.2563171387,21559,21570,11
12.9975099564,80.2559814453,21570,23377,1807
12.9975099564,80.2559814453,23377,23387,10
12.9972696304,80.2559280396,23387,23397,10
12.9969797134,80.2559204102,23397,23407,10
12.9965200424,80.255897522,23407,23417,10
12.9958295822,80.2558898926,23417,23427,10
12.9950895309,80.2559127808,23427,23438,11
12.9942703247,80.2559814453,23438,23448,10
12.9934301376,80.2560272217,23448,23458,10
12.9924201965,80.2560806274,23458,23468,10
12.9914798737,80.2560577393,23468,23478,10
12.9906997681,80.2560424805,23478,23488,10
12.989859581,80.2560195923,23488,23498,10
12.9890403748,80.2559890747,23498,23508,10
12.9882202148,80.255897522,23508,23518,10
12.9877901077,80.2558517456,23518,23559,41
12.9877901077,80.2558517456,23559,23569,10
12.9873399734,80.2556381226,23569,23579,10
12.9867401123,80.2555465698,23579,23589,10
12.986120224,80.2554626465,23589,23599,10
12.9861001968,80.2554626465,23599,23609,10
12.9859695435,80.2554473877,23609,23619,10
12.9854402542,80.2553482056,23619,23629,10
12.9845399857,80.2551422119,23629,23639,10
12.9834699631,80.2548370361,23639,23650,11
12.9824104309,80.2545623779,23650,23660,10
12.9819402695,80.2539978027,23660,23670,10
12.9817695618,80.2533111572,23670,23680,10
12.9814996719,80.2528076172,23680,23690,10
12.9807596207,80.2527694702,23690,23700,10
12.9802503586,80.2527694702,23700,23710,10
12.9797401428,80.2527236938,23710,23720,10
12.9790000916,80.2526397705,23720,23730,10
12.9786701202,80.2525787354,23730,23740,10
12.9785604477,80.252532959,23740,23750,10
12.9780902863,80.2522125244,23750,23761,11
12.9773197174,80.2515716553,23761,23771,10
12.9762897491,80.251159668,23771,23781,10
12.975110054,80.250831604,23781,23791,10
12.973859787,80.2504806519,23791,23801,10
12.9725704193,80.2501373291,23801,23811,10
12.9712295532,80.2497787476,23811,23821,10
12.9699201584,80.2493362427,23821,23831,10
12.9686403275,80.248840332,23831,23841,10
12.9674196243,80.2483596802,23841,23852,11
12.9661903381,80.2477874756,23852,23862,10
12.9651899338,80.2473983765,23862,23872,10
12.9650602341,80.2473602295,23872,23882,10
12.9646701813,80.2472305298,23882,23892,10
12.9639196396,80.2469406128,23892,23902,10
12.9629802704,80.2464981079,23902,23912,10
12.9618501663,80.2459335327,23912,23922,10
12.9606599808,80.2453689575,23922,23932,10
12.959569931,80.2449111938,23932,23942,10
12.9593496323,80.2447967529,23942,23952,10
12.9592695236,80.244758606,23952,23963,11
12.9589195251,80.2445983887,23963,23973,10
12.9582004547,80.2442932129,23973,23983,10
12.9575395584,80.2440338135,23983,23993,10
12.956700325,80.2437591553,23993,24003,10
12.9562196732,80.243560791,24003,24013,10
12.9555597305,80.2432479858,24013,24023,10
12.9546298981,80.2428207397,24023,24033,10
12.9535598755,80.2423782349,24033,24043,10
12.952460289,80.2419433594,24043,24053,10
12.9518203735,80.2417221069,24053,24064,11
12.9516000748,80.2416381836,24064,24074,10
12.9510202408,80.2414474487,24074,24084,10
12.9500904083,80.2411499023,24084,24094,10
12.9490404129,80.2408065796,24094,24104,10
12.9480495453,80.2404022217,24104,24114,10
12.9472198486,80.2400283813,24114,24124,10
12.9464797974,80.2397079468,24124,24134,10
12.9454803467,80.2392578125,24134,24144,10
12.944560051,80.2384185791,24144,24154,10
12.9438400269,80.2376708984,24154,24164,10
12.943400383,80.2372131348,24164,24175,11
12.9430599213,80.2368621826,24175,24185,10
12.9422397614,80.2364425659,24185,24195,10
12.941160202,80.2361679077,24195,24205,10
12.9401102066,80.2358932495,24205,24215,10
12.9397296906,80.2357635498,24215,24225,10
12.9392204285,80.2355270386,24225,24235,10
12.9384002686,80.2350997925,24235,24245,10
12.9373397827,80.234588623,24245,24255,10
12.9362297058,80.2340621948,24255,24265,10
12.935839653,80.2338867188,24265,24276,11
12.935669899,80.2338104248,24276,24286,10
12.9350595474,80.2335128784,24286,24302,16
12.9338903427,80.2329788208,24302,24314,12
12.9338502884,80.232963562,24314,24324,10
12.9336099625,80.2328262329,24324,24334,10
12.9330797195,80.2325897217,24334,24344,10
12.9321203232,80.2322311401,24344,24354,10
12.9309997559,80.2318496704,24354,24364,10
12.9297304153,80.2314987183,24364,24375,11
12.928319931,80.2312393188,24375,24385,10
12.9269599915,80.2310791016,24385,24395,10
12.9261798859,80.2310180664,24395,24405,10
12.926150322,80.2310180664,24405,24414,9
12.9258403778,80.2309799194,24414,24425,11
12.9251403809,80.2308731079,24425,24435,10
12.9240999222,80.230758667,24435,24445,10
12.9229602814,80.2305831909,24445,24455,10
12.9216499329,80.2303924561,24455,24465,10
12.9203596115,80.2302322388,24465,24475,10
12.9193201065,80.2301101685,24475,24486,11
12.9180803299,80.229927063,24486,24496,10
12.9167900085,80.2297515869,24496,24506,10
12.9154701233,80.2295608521,24506,24516,10
12.9141702652,80.2293930054,24516,24526,10
12.9133396149,80.2293167114,24526,24536,10
12.9133195877,80.229309082,24536,24546,10
12.9131498337,80.2292709351,24546,24556,10
12.9127998352,80.2291870117,24556,24566,10
12.9120197296,80.2290725708,24566,24576,10
12.9109802246,80.2289123535,24576,24587,11
12.909620285,80.2286987305,24587,24597,10
12.9083003998,80.2284698486,24597,24607,10
12.9071102142,80.2283172607,24607,24617,10
12.9063997269,80.2282562256,24617,24627,10
12.9062204361,80.2282409668,24627,24637,10
12.9058799744,80.2282180786,24637,24647,10
12.9050703049,80.2281570435,24647,24657,10
12.9039697647,80.2281036377,24657,24667,10
12.9027004242,80.2280273438,24667,24677,10
12.901260376,80.2279815674,24677,24698,21
12.901260376,80.2279815674,24698,24708,10
12.9010000229,80.2279434204,24708,24718,10
12.9004602432,80.227897644,24718,24728,10
12.8997097015,80.2278823853,24728,24758,30
12.8997097015,80.2278823853,24758,24768,10
12.8995895386,80.2278900146,24768,24778,10
12.899020195,80.2278518677,24778,24789,11
12.898059845,80.2277832031,24789,24799,10
12.8969602585,80.227722168,24799,24809,10
12.8957099915,80.2276763916,24809,24819,10
12.8944196701,80.2276229858,24819,24829,10
12.8933696747,80.2275390625,24829,24839,10
12.8932600021,80.2275238037,24839,24849,10
12.8930597305,80.2274932861,24849,24859,10
12.8923902512,80.2274169922,24859,24869,10
12.8914699554,80.2273788452,24869,24879,10
12.8902797699,80.2273712158,24879,24889,10
12.8889598846,80.2273788452,24889,24900,11
12.8878097534,80.2273330688,24900,24916,16
12.8873500824,80.2272491455,24916,24928,12
12.8863801956,80.2270507813,24928,24938,10
12.8849496841,80.2267532349,24938,24958,20
12.8849496841,80.2267532349,24958,24967,9
12.8846998215,80.2267379761,24967,24978,11
12.8837499619,80.2267379761,24978,24988,10
12.8826503754,80.2267532349,24988,24999,11
12.8812103271,80.2267532349,24999,25009,10
12.8797903061,80.2267532349,25009,25019,10
12.8783197403,80.2268218994,25019,25029,10
12.876999855,80.2269363403,25029,25039,10
12.8765096664,80.2269363403,25039,25049,10
12.8764095306,80.226600647,25049,25059,10
12.8764200211,80.2265167236,25059,25069,10
12.8764801025,80.226020813,25069,25079,10
12.8765802383,80.2251281738,25079,25089,10
12.8767204285,80.2240066528,25089,25100,11
12.8770399094,80.2226028442,25100,25110,10
12.8773698807,80.2211990356,25110,25120,10
12.877699852,80.2198028564,25120,25130,10
12.8780002594,80.2184829712,25130,25140,10
12.878279686,80.2171783447,25140,25150,10
12.8785400391,80.2158432007,25150,25160,10
12.8788404465,80.2144317627,25160,25170,10
12.8791103363,80.2129821777,25170,25180,10
12.879360199,80.2116394043,25180,25190,10
12.8790502548,80.2109375,25190,25211,21
12.8790502548,80.2109375,25211,25221,10
12.8786802292,80.2108764648,25221,25231,10
12.8779401779,80.2107391357,25231,25241,10
12.8770704269,80.2105789185,25241,25251,10
12.876250267,80.2104187012,25251,25261,10
12.8753795624,80.2102584839,25261,25271,10
12.8746595383,80.2101364136,25271,25281,10
12.8745498657,80.2101211548,25281,25291,10
12.8743801117,80.2098388672,25291,25301,10
12.874710083,80.2095870972,25301,25312,11
12.8746500015,80.2098312378,25312,26170,858
12.8746500015,80.2098312378,26170,26180,10
12.8746900558,80.2099685669,26180,26190,10
12.8747797012,80.2101669312,26190,26200,10
12.8749399185,80.2101821899,26200,26210,10
12.8751401901,80.2102203369,26210,26220,10
12.8753995895,80.2102584839,26220,26230,10
12.8757400513,80.2103424072,26230,26241,11
12.8760995865,80.2104110718,26241,26251,10
12.8766098022,80.2105026245,26251,26261,10
12.877240181,80.2106170654,26261,26271,10
12.8779296875,80.2107620239,26271,26281,10
12.8786897659,80.2108917236,26281,26291,10
12.8792104721,80.2109909058,26291,26301,10
12.8792495728,80.2109985352,26301,26311,10
12.8794698715,80.2111434937,26311,26321,10
12.8794202805,80.2116928101,26321,26330,9
12.8793001175,80.2123794556,26330,26340,10
12.879119873,80.2133026123,26340,26352,12
12.8788795471,80.2145309448,26352,26362,10
12.878660202,80.2155838013,26362,26372,10
12.8784399033,80.2166366577,26372,26382,10
12.8782196045,80.2177429199,26382,26392,10
12.8779802322,80.2189025879,26392,26402,10
12.8777103424,80.2201080322,26402,26412,10
12.8774204254,80.2213287354,26412,26422,10
12.8771400452,80.2225570679,26422,26432,10
12.8768796921,80.2237091064,26432,26442,10
12.8767204285,80.2245788574,26442,26453,11
12.8766002655,80.2257537842,26453,26463,10
12.8764896393,80.2268981934,26463,26483,20
12.8764896393,80.2268981934,26483,26493,10
12.876660347,80.2269134521,26493,26503,10
12.8767795563,80.2268981934,26503,26513,10
12.8772296906,80.2268600464,26513,26523,10
12.8779602051,80.2267990112,26523,26533,10
12.8788204193,80.2267303467,26533,26543,10
12.8798303604,80.2266921997,26543,26554,11
12.8810796738,80.2266693115,26554,26564,10
12.8824100494,80.2266616821,26564,26574,10
12.8838195801,80.2266387939,26574,26584,10
12.8850603104,80.2266311646,26584,26594,10
12.8852596283,80.2266464233,26594,26604,10
12.8856601715,80.2267303467,26604,26614,10
12.8864202499,80.2269363403,26614,26624,10
12.8874397278,80.2271575928,26624,26634,10
12.8886995316,80.2273025513,26634,26644,10
12.8900604248,80.2273330688,26644,26655,11
12.8916301727,80.2273025513,26655,26665,10
12.8930997849,80.2273864746,26665,26675,10
12.8938903809,80.2274780273,26675,26685,10
12.8940095901,80.2275009155,26685,26695,10
12.894490242,80.2275390625,26695,26705,10
12.8953399658,80.2275924683,26705,26715,10
12.8964500427,80.2276611328,26715,26725,10
12.8977499008,80.227722168,26725,26735,10
12.8991804123,80.2278137207,26735,26745,10
12.9005804062,80.2278900146,26745,26786,41
12.9005804062,80.2278900146,26786,26796,10
12.9006900787,80.2278823853,26796,26806,10
12.901049614,80.227897644,26806,26816,10
12.9015398026,80.2279281616,26816,26826,10
12.9022703171,80.2279663086,26826,26836,10
12.9030199051,80.2279510498,26836,26846,10
12.903380394,80.2279663086,26846,26856,10
12.9038801193,80.2280197144,26856,26867,11
12.9048404694,80.2280807495,26867,26877,10
12.9060096741,80.2281188965,26877,26897,20
12.9060096741,80.2281188965,26897,26907,10
12.9061002731,80.2281417847,26907,26916,9
12.9064903259,80.2281723022,26916,26947,31
12.9064903259,80.2281723022,26947,26957,10
12.9066801071,80.2282028198,26957,26968,11
12.9072504044,80.2282562256,26968,26978,10
12.9081296921,80.2283782959,26978,26988,10
12.9092597961,80.2285766602,26988,26998,10
12.9105796814,80.2287826538,26998,27008,10
12.9119796753,80.2289810181,27008,27018,10
12.9140100479,80.2292480469,27018,27038,20
12.9140100479,80.2292480469,27038,27048,10
12.9143199921,80.2293014526,27048,27058,10
12.9149904251,80.2294006348,27058,27069,11
12.9160404205,80.2295532227,27069,27079,10
12.9172496796,80.2297134399,27079,27089,10
12.9185695648,80.2298965454,27089,27099,10
12.9193201065,80.2299804688,27099,27109,10
12.9194202423,80.2300033569,27109,27119,10
12.9199800491,80.2300720215,27119,27129,10
12.9208698273,80.230178833,27129,27139,10
12.9219503403,80.2303390503,27139,27149,10
12.9232301712,80.2305374146,27149,27159,10
12.9246101379,80.2307281494,27159,27169,10
12.9258499146,80.2308578491,27169,27180,11
12.9266901016,80.2309570313,27180,27190,10
12.9276399612,80.2310714722,27190,27200,10
12.9288301468,80.2312469482,27200,27210,10
12.9299898148,80.2315216064,27210,27220,10
12.9312601089,80.231880188,27220,27230,10
12.9326000214,80.2323303223,27230,27240,10
12.9336204529,80.232711792,27240,27250,10
12.9337396622,80.2327728271,27250,27260,10
12.9338703156,80.2328262329,27260,27270,10
12.9344100952,80.2331008911,27270,27281,11
12.9353399277,80.2335128784,27281,27291,10
12.9360704422,80.2338485718,27291,27301,10
12.9369401932,80.2342605591,27301,27311,10
12.9380302429,80.2348022461,27311,27321,10
12.9391698837,80.2353820801,27321,27331,10
12.9397201538,80.2356262207,27331,27347,16
12.9397602081,80.2356567383,27347,27359,12
12.9402599335,80.2358627319,27359,27367,8
12.9408998489,80.2360305786,27367,27378,11
12.9419202805,80.2362670898,27378,27390,12
12.9432001114,80.2368392944,27390,27400,10
12.9436903,80.2372817993,27400,27410,10
12.9438800812,80.2375030518,27410,27420,10
12.9443702698,80.2380523682,27420,27430,10
12.9450502396,80.2387771606,27430,27439,9
12.945810318,80.2393493652,27439,27450,11
12.947019577,80.2398605347,27450,27460,10
12.9472503662,80.2399520874,27460,27470,10
12.9472703934,80.2399597168,27470,27480,10
12.9477396011,80.2401580811,27480,27491,11
12.9485902786,80.2405090332,27491,27501,10
12.9495296478,80.2408828735,27501,27511,10
12.9506196976,80.2412033081,27511,27521,10
12.9509801865,80.2413024902,27521,27531,10
12.9510097504,80.2413101196,27531,27541,10
12.9513998032,80.2414474487,27541,27551,10
12.9521102905,80.2417068481,27551,27561,10
12.9529895782,80.2420425415,27561,27571,10
12.9538602829,80.242401123,27571,27581,10
12.9546699524,80.242729187,27581,27592,11
12.9552001953,80.2429275513,27592,27602,10
12.9562997818,80.2433166504,27602,27632,30
12.9562997818,80.2433166504,27632,27642,10
12.9565401077,80.2433624268,27642,27652,10
12.9570398331,80.243598938,27652,27662,10
12.9578199387,80.2439727783,27662,27672,10
12.9585800171,80.2442703247,27672,27682,10
12.958820343,80.2443695068,27682,27693,11
12.9589004517,80.2444000244,27693,27703,10
12.9591798782,80.2445602417,27703,27713,10
12.9597997665,80.2448425293,27713,27723,10
12.9606399536,80.2452392578,27723,27733,10
12.9616603851,80.2457275391,27733,27743,10
12.9624795914,80.2461471558,27743,27753,10
12.9631004333,80.246421814,27753,27783,30
12.9631004333,80.246421814,27783,27793,10
12.9631795883,80.2464065552,27793,27804,11
12.9635696411,80.2466506958,27804,27820,16
12.9646997452,80.2470932007,27820,27832,12
12.9658203125,80.2474822998,27832,27842,10
12.9663600922,80.2477035522,27842,27862,20
12.9663600922,80.2477035522,27862,27872,10
12.9665603638,80.2478179932,27872,27882,10
12.9671697617,80.2481384277,27882,27892,10
12.9680099487,80.2484817505,27892,27903,11
12.9691495895,80.2489395142,27903,27913,10
12.9702596664,80.249382019,27913,27923,10
12.9712696075,80.2497406006,27923,27933,10
12.9724798203,80.2500305176,27933,27943,10
12.9737195969,80.2503433228,27943,27953,10
12.9743795395,80.2504882813,27953,27963,10
12.9744901657,80.2505264282,27963,27973,10
12.9750099182,80.2506866455,27973,27983,10
12.9758300781,80.2509384155,27983,27993,10
12.9768295288,80.2512512207,27993,28003,10
12.9778795242,80.2518463135,28003,28014,11
12.9790401459,80.2525405884,28014,28024,10
12.9798803329,80.252532959,28024,28034,10
12.9799499512,80.2524490356,28034,28044,10
12.9799499512,80.2524337769,28044,28054,10
12.9799804688,80.2522277832,28054,28064,10
12.9801197052,80.2517089844,28064,28074,10
12.9803695679,80.2509002686,28074,28084,10
12.980629921,80.2498626709,28084,28094,10
12.9807796478,80.2486190796,28094,28103,9
12.9808397293,80.2474975586,28103,28115,12
12.9809904099,80.2459030151,28115,28125,10
12.9811401367,80.2445602417,28125,28134,9
12.9812498093,80.2436981201,28134,28145,11
12.9813699722,80.2432785034,28145,28155,10
12.9813699722,80.2428283691,28155,28165,10
12.9813699722,80.2427825928,28165,28175,10
12.9813995361,80.2423324585,28175,28185,10
12.9813804626,80.2415618896,28185,28195,10
12.9813699722,80.2406005859,28195,28205,10
12.9813604355,80.2398834229,28205,28216,11
12.9813404083,80.2395095825,28216,28226,10
12.9813098907,80.2388305664,28226,28236,10
12.9812898636,80.2381362915,28236,28246,10
12.9812803268,80.2379379272,28246,28256,10
12.981300354,80.2378005981,28256,28266,10
12.9812602997,80.2373199463,28266,28276,10
12.9812402725,80.2365112305,28276,28286,10
12.9812097549,80.2355575562,28286,28296,10
12.9811897278,80.2347488403,28296,28306,10
12.9811897278,80.2345809937,28306,28317,11
12.9812097549,80.2343902588,28317,28327,10
12.9812803268,80.2340698242,28327,28337,10
12.9813804626,80.2338562012,28337,28357,20
12.9813804626,80.2338562012,28357,28367,10
12.9814996719,80.2336196899,28367,28377,10
12.9816198349,80.2333831787,28377,28403,26
12.9816198349,80.2333831787,28403,28415,12
12.9818096161,80.2330169678,28415,28424,9
12.9819898605,80.2325210571,28424,28436,12
12.982000351,80.2318878174,28436,28447,11
12.9819202423,80.2312164307,28447,28457,10
12.9816799164,80.2306518555,28457,28467,10
12.9812698364,80.2299575806,28467,28476,9
12.9809398651,80.2294616699,28476,28487,11
12.9806404114,80.2290115356,28487,28497,10
12.9806098938,80.2289581299,28497,28507,10
12.9804201126,80.2286529541,28507,28517,10
12.9802904129,80.2283325195,28517,28528,11
12.9800100327,80.2278366089,28528,28538,10
12.979590416,80.2271575928,28538,28548,10
12.9791297913,80.2264099121,28548,28558,10
12.9786996841,80.2257003784,28558,28568,10
12.9783201218,80.2250900269,28568,28578,10
12.9780397415,80.2246398926,28578,28588,10
12.9777898788,80.2243423462,28588,28598,10
12.9777603149,80.2242889404,28598,28608,10
12.9775800705,80.2239532471,28608,28618,10
12.977230072,80.2233581543,28618,28629,11
12.976940155,80.2228393555,28629,28639,10
12.9771995544,80.2227020264,28639,28659,20
12.9771995544,80.2227020264,28659,28669,10
12.977519989,80.2226409912,28669,28679,10
12.9775104523,80.2221374512,28679,28689,10
12.9774799347,80.221496582,28689,28699,10
12.9774599075,80.221282959,28699,28709,10
12.9778203964,80.221206665,28709,28719,10
12.9784097672,80.2211914063,28719,28730,11
12.9793395996,80.2211074829,28730,28740,10
12.9801902771,80.2210617065,28740,28750,10
12.9811000824,80.2210464478,28750,28760,10
12.9819097519,80.2215270996,28760,28770,10
12.9826602936,80.2218399048,28770,28780,10
12.9830198288,80.2219696045,28780,28790,10
12.9830904007,80.2220077515,28790,28800,10
12.9834699631,80.2222824097,28800,28810,10
12.9839801788,80.2226028442,28810,28820,10
12.984629631,80.2229995728,28820,28830,10
12.985329628,80.2232818604,28830,28847,17
12.9862203598,80.2229614258,28847,28859,12
12.9865398407,80.2229614258,28859,28869,10
12.9865999222,80.2229614258,28869,28879,10
12.9870195389,80.2230300903,28879,28889,10
12.9877595901,80.2230377197,28889,28899,10
12.9885101318,80.2225112915,28899,28909,10
12.9891004562,80.221786499,28909,28919,10
12.9897098541,80.221031189,28919,28929,10
12.9902601242,80.2204589844,28929,28941,12
12.9904203415,80.2203521729,28941,28950,9
12.9906597137,80.2201919556,28950,28961,11
12.9912099838,80.2197723389,28961,28971,10
12.9915504456,80.2194976807,28971,28981,10
12.992099762,80.219078064,28981,28991,10
12.9928703308,80.2185516357,28991,29001,10
12.9937601089,80.217918396,29001,29011,10
12.9945297241,80.2173690796,29011,29021,10
12.9952602386,80.2168731689,29021,29030,9
12.9960803986,80.216583252,29030,29042,12
12.9971399307,80.2164306641,29042,29052,10
12.9975700378,80.2160720825,29052,29062,10
12.9976196289,80.2160186768,29062,29072,10
12.997710228,80.215927124,29072,29082,10
12.9980897903,80.2156219482,29082,29092,10
12.9986896515,80.2150802612,29092,29102,10
12.9991397858,80.2146911621,29102,29112,10
12.9994602203,80.2144470215,29112,29122,10
12.9999399185,80.2140274048,29122,29131,9
13.0004396439,80.2135772705,29131,29143,12
13.0011997223,80.2129516602,29143,29153,10
13.0017995834,80.2125167847,29153,29163,10
13.0024795532,80.2121505737,29163,29173,10
13.0031900406,80.2120666504,29173,29183,10
13.0036697388,80.2119598389,29183,29193,10
13.0036802292,80.2119293213,29193,29203,10
13.0037202835,80.2115097046,29203,29213,10
13.0036697388,80.2108001709,29213,29223,10
13.0035600662,80.2100067139,29223,29233,10
13.0036096573,80.2091674805,29233,29243,10
13.0040903091,80.2086486816,29243,29254,11
13.00481987,80.2089767456,29254,29270,16
13.0054502487,80.2092590332,29270,29282,12
13.0062799454,80.2095489502,29282,29290,8
13.0067596436,80.2097015381,29290,29301,11
13.0074100494,80.2098388672,29301,29342,41
13.0074100494,80.2098388672,29342,29353,11
13.0077695847,80.2099533081,29353,29363,10
13.0081701279,80.2100067139,29363,29373,10
13.0081195831,80.2094268799,29373,29383,10
13.0079698563,80.2085571289,29383,29393,10
13.0078001022,80.2076416016,29393,29403,10
13.0076398849,80.206817627,29403,29413,10
13.0075597763,80.2059707642,29413,29423,10
13.007519722,80.205078125,29423,29433,10
13.007519722,80.2042388916,29433,29443,10
13.007399559,80.2033004761,29443,29453,10
13.006939888,80.2025299072,29453,29464,11
13.0066003799,80.2031326294,29464,29474,10
13.0070896149,80.2034835815,29474,29484,10
13.0078802109,80.2036972046,29484,29494,10
13.0089702606,80.203666687,29494,29504,10
13.0102396011,80.20362854,29504,29514,10
13.0115804672,80.203742981,29514,29524,10
13.0128297806,80.2039489746,29524,29534,10
13.0135803223,80.2041931152,29534,29544,10
13.0136899948,80.2042770386,29544,29553,9
13.0137395859,80.204460144,29553,29564,11
13.0136804581,80.2046432495,29564,29575,11
13.0136404037,80.2046966553,29575,29585,10
13.0134601593,80.2051391602,29585,29595,10
13.0131902695,80.2059402466,29595,29605,10
13.0130300522,80.2068023682,29605,29615,10
13.012960434,80.2077026367,29615,29625,10
13.0129098892,80.2081832886,29625,29635,10
13.0129003525,80.2083969116,29635,29645,10
13.0129404068,80.2087631226,29645,29655,10
13.0130796432,80.2093963623,29655,29666,11
13.0131702423,80.2100982666,29666,29676,10
13.0130195618,80.2109527588,29676,29686,10
13.0126399994,80.211730957,29686,29696,10
13.0122299194,80.2123794556,29696,29706,10
13.0119495392,80.2127990723,29706,29716,10
13.011590004,80.212638855,29716,29726,10
13.0112304688,80.2123718262,29726,29736,10
13.0112104416,80.2123565674,29736,29746,10
13.0110797882,80.2122879028,29746,29756,10
13.0110397339,80.2122573853,29756,29767,11
13.0107402802,80.212059021,29767,29827,60
13.0107402802,80.212059021,29827,29837,10
13.01060009,80.2118988037,29837,29857,20
13.01060009,80.2118988037,29857,29867,10
13.0103597641,80.2117614746,29867,29878,11
13.0101604462,80.2116088867,29878,29888,10
13.0098495483,80.2113876343,29888,29968,80
13.0098495483,80.2113876343,29968,29979,11
13.0097799301,80.2113876343,29979,29989,10
13.0096998215,80.2113418579,29989,30049,60
13.0095500946,80.211151123,30049,30908,859
13.0095500946,80.211151123,30908,30918,10
13.0092697144,80.2111206055,30918,30928,10
13.0090799332,80.2114105225,30928,30948,20
13.0090799332,80.2114105225,30948,30958,10
13.0090303421,80.2115631104,30958,30968,10
13.0090799332,80.2117767334,30968,30978,10
13.0091495514,80.212020874,30978,30988,10
13.00922966,80.212272644,30988,30998,10
13.0093603134,80.2126693726,30998,31008,10
13.0095500946,80.213180542,31008,31019,11
13.0097999573,80.2138290405,31019,31029,10
13.0100698471,80.2145385742,31029,31039,10
13.010219574,80.2154388428,31039,31049,10
13.0105695724,80.2163619995,31049,31059,10
13.0110197067,80.217300415,31059,31069,10
13.0114202499,80.2182769775,31069,31079,10
13.0118103027,80.2193603516,31079,31089,10
13.0121097565,80.2203369141,31089,31098,9
13.0123195648,80.2209472656,31098,31108,10
13.0123796463,80.2212371826,31108,31120,12
13.0123996735,80.2214202881,31120,31130,10
13.0126304626,80.2218322754,31130,31140,10
13.0129699707,80.2222824097,31140,31150,10
13.0133800507,80.2227020264,31150,31160,10
13.0138502121,80.2232208252,31160,31170,10
13.0141801834,80.2236709595,31170,31180,10
13.0145797729,80.2242279053,31180,31190,10
13.0151500702,80.2248916626,31190,31200,10
13.0153598785,80.2251586914,31200,31210,10
13.0154304504,80.2254333496,31210,31221,11
13.0153102875,80.2257995605,31221,31231,10
13.0148000717,80.226020813,31231,31241,10
13.0140695572,80.2262878418,31241,31251,10
13.0131702423,80.2266387939,31251,31261,10
13.0121498108,80.2270126343,31261,31271,10
13.011059761,80.2274627686,31271,31281,10
13.0099897385,80.2278900146,31281,31291,10
13.0095396042,80.2275009155,31291,31301,10
13.0098896027,80.2267532349,31301,31311,10
13.0102796555,80.2258377075,31311,31321,10
13.0106697083,80.2249298096,31321,31332,11
13.0110197067,80.2240829468,31332,31342,10
13.0112495422,80.2234802246,31342,31352,10
13.0111103058,80.2230911255,31352,31362,10
13.0104799271,80.2227783203,31362,31372,10
13.0098400116,80.222442627,31372,31382,10
13.0090904236,80.222038269,31382,31392,10
13.0083503723,80.2216186523,31392,31402,10
13.0075502396,80.2211914063,31402,31412,10
13.0067300797,80.2207565308,31412,31422,10
13.0057201385,80.2204818726,31422,31433,11
13.0047597885,80.2202987671,31433,31443,10
13.0046596527,80.2202911377,31443,31453,10
13.0043802261,80.2202301025,31453,31463,10
13.0037603378,80.2200698853,31463,31473,10
13.0029296875,80.2198181152,31473,31483,10
13.0022201538,80.219291687,31483,31493,10
13.0016002655,80.2186584473,31493,31503,10
13.0008602142,80.218132019,31503,31513,10
13.0002202988,80.2176895142,31513,31523,10
12.9993600845,80.2171783447,31523,31533,10
12.9983997345,80.2166976929,31533,31544,11
12.9975299835,80.2165374756,31544,31564,20
12.9975299835,80.2165374756,31564,31574,10
12.9973096848,80.2165374756,31574,31584,10
12.9967603683,80.216583252,31584,31594,10
12.9960803986,80.2166976929,31594,31604,10
12.9954996109,80.2168579102,31604,31614,10
12.9953899384,80.2169036865,31614,31624,10
12.9952497482,80.2169570923,31624,31634,10
12.9952096939,80.2169876099,31634,31645,11
12.994890213,80.2172012329,31645,31655,10
12.9944496155,80.2175292969,31655,31665,10
12.9939002991,80.217956543,31665,31675,10
12.9932098389,80.218421936,31675,31685,10
12.992480278,80.2189788818,31685,31695,10
12.9917497635,80.2194900513,31695,31705,10
12.9907798767,80.220199585,31705,31735,30
12.9907798767,80.220199585,31735,31746,11
12.9904603958,80.2204284668,31746,31756,10
12.9900197983,80.2208328247,31756,31766,10
12.9895000458,80.2214202881,31766,31776,10
12.9890098572,80.2220306396,31776,31786,10
12.9883499146,80.2226715088,31786,31796,10
12.9876804352,80.2230834961,31796,31806,10
12.9876003265,80.2230987549,31806,31816,10
12.9875402451,80.2231292725,31816,31826,10
12.9872303009,80.2230987549,31826,31836,10
12.986700058,80.2230300903,31836,31846,10
12.9859304428,80.2229995728,31846,31857,11
12.9854001999,80.2233200073,31857,31867,10
12.9848203659,80.2231369019,31867,31877,10
12.9841995239,80.2228012085,31877,31887,10
12.9836397171,80.2224807739,31887,31897,10
12.9832296371,80.2221832275,31897,31917,20
12.9832296371,80.2221832275,31917,31927,10
12.9829301834,80.2220230103,31927,31937,10
12.9826498032,80.2219161987,31937,31947,10
12.9821300507,80.2216567993,31947,31958,11
12.9813499451,80.2211532593,31958,31968,10
12.9805898666,80.2210617065,31968,31978,10
12.9798202515,80.2211227417,31978,31988,10
12.9789304733,80.2211685181,31988,31998,10
12.9779901505,80.2212219238,31998,32008,10
12.9772596359,80.2212600708,32008,32018,10
12.976650238,80.221282959,32018,32028,10
12.9766302109,80.2212905884,32028,32038,10
12.976360321,80.221282959,32038,32048,10
12.9761600494,80.2213973999,32048,32059,11
12.9763698578,80.2218017578,32059,32089,30
12.9763698578,80.2218017578,32089,32098,9
12.976360321,80.2219467163,32098,32109,11
12.9764795303,80.2221603394,32109,32119,10
12.9767599106,80.2225494385,32119,32129,10
12.9770803452,80.2230834961,32129,32139,10
12.9775295258,80.223777771,32139,32149,10
12.9779500961,80.2244567871,32149,32159,10
12.9783697128,80.2251281738,32159,32170,11
12.978890419,80.225982666,32170,32180,10
12.9793395996,80.2267074585,32180,32190,10
12.979640007,80.2271270752,32190,32200,10
12.9796495438,80.2271575928,32200,32210,10
12.9798402786,80.2274780273,32210,32220,10
12.9801797867,80.2280502319,32220,32236,16
12.9806995392,80.229019165,32236,32248,12
12.9810400009,80.2295684814,32248,32256,8
12.9812097549,80.2298431396,32256,32269,13
12.9816703796,80.2304916382,32269,32279,10
12.9816999435,80.2305831909,32279,32289,10
12.9818000793,80.230758667,32289,32299,10
12.9819803238,80.2312698364,32299,32309,10
12.9820604324,80.231918335,32309,32318,9
12.9820404053,80.2323989868,32318,32329,11
12.9820098877,80.2325897217,32329,32339,10
12.9819402695,80.2328720093,32339,32359,20
12.9819402695,80.2328720093,32359,32369,10
12.9818601608,80.2331008911,32369,32380,11
12.981760025,80.2333221436,32380,32390,10
12.9816503525,80.2335510254,32390,32400,10
12.9816398621,80.2335662842,32400,32410,10
12.9815301895,80.2338027954,32410,32420,10
12.9812803268,80.2343597412,32420,32430,10
12.9812498093,80.2352294922,32430,32440,10
12.9812803268,80.2362594604,32440,32450,10
12.981300354,80.2374191284,32450,32460,10
12.9813203812,80.2381362915,32460,32470,10
12.9813404083,80.2386779785,32470,32481,11
12.9813404083,80.2386932373,32481,32491,10
12.9813404083,80.2387237549,32491,32501,10
12.9813404083,80.2387695313,32501,32511,10
12.9813404083,80.2389602661,32511,32521,10
12.9813299179,80.2395172119,32521,32531,10
12.9813499451,80.240196228,32531,32541,10
12.9813499451,80.2409973145,32541,32551,10
12.9813699722,80.2413864136,32551,32571,20
12.9813699722,80.2413864136,32571,32582,11
12.9813995361,80.2415390015,32582,32592,10
12.9813995361,80.241607666,32592,32602,10
12.9813899994,80.2416610718,32602,32612,10
12.9813899994,80.2418212891,32612,32622,10
12.9813899994,80.2420806885,32622,32632,10
12.9813899994,80.2424468994,32632,32662,30
12.9813899994,80.2424468994,32662,32672,10
12.9814100266,80.2425994873,32672,32682,10
12.9814195633,80.2428283691,32682,32693,11
12.9814195633,80.2430725098,32693,32703,10
12.9814100266,80.243270874,32703,32713,10
12.9813699722,80.2438430786,32713,32723,10
12.9812498093,80.2446975708,32723,32733,10
12.9811201096,80.2456893921,32733,32743,10
12.9809904099,80.2468338013,32743,32753,10
12.9808797836,80.2480773926,32753,32763,10
12.9807596207,80.2493515015,32763,32773,10
12.980509758,80.250617981,32773,32783,10
12.980219841,80.251739502,32783,32794,11
12.9801301956,80.2521514893,32794,32804,10
12.9799604416,80.2525863647,32804,32844,40
12.9799604416,80.2525863647,32844,32854,10
12.9799003601,80.2527313232,32854,32864,10
12.9796104431,80.2527694702,32864,32874,10
12.9791202545,80.2526779175,32874,32884,10
12.9786300659,80.2526016235,32884,32895,11
12.9786195755,80.2525863647,32895,32905,10
12.97838974,80.2524490356,32905,32915,10
12.9778900146,80.2520294189,32915,32925,10
12.9771404266,80.2514572144,32925,32935,10
12.9760799408,80.2511062622,32935,32945,10
12.9748802185,80.2507629395,32945,32955,10
12.9736099243,80.2504196167,32955,32965,10
12.9727602005,80.2502212524,32965,32975,10
12.972700119,80.250213623,32975,32985,10
12.9724197388,80.2501373291,32985,32995,10
12.9717798233,80.2499389648,32995,33006,11
12.9708003998,80.249671936,33006,33016,10
12.9697599411,80.2492675781,33016,33026,10
12.9686002731,80.2488098145,33026,33036,10
12.9673900604,80.2483520508,33036,33046,10
12.9664897919,80.2479095459,33046,33056,10
12.9649896622,80.2473602295,33056,33082,26
12.9649896622,80.2473602295,33082,33094,12
12.9649400711,80.2473678589,33094,33102,8
12.9646997452,80.2472686768,33102,33115,13
12.9635601044,80.2467803955,33115,33155,40
12.9635601044,80.2467803955,33155,33165,10
12.9633197784,80.2466812134,33165,33175,10
12.9626998901,80.246383667,33175,33185,10
12.9625196457,80.2462615967,33185,33195,10
12.9620599747,80.2460174561,33195,33206,11
12.9612503052,80.2456283569,33206,33216,10
12.9603500366,80.2452087402,33216,33225,9
12.9593496323,80.2448120117,33225,33246,21
12.9593496323,80.2448120117,33246,33256,10
12.9591703415,80.244720459,33256,33266,10
12.9587898254,80.2445373535,33266,33276,10
12.9581203461,80.2442398071,33276,33286,10
12.9574203491,80.2439880371,33286,33296,10
12.9564800262,80.2436904907,33296,33337,41
12.9564800262,80.2436904907,33337,33347,10
12.9560699463,80.2435302734,33347,33357,10
12.955499649,80.2432174683,33357,33367,10
12.9547395706,80.2428512573,33367,33377,10
12.9538898468,80.2424926758,33377,33387,10
12.9532299042,80.2422409058,33387,33397,10
12.952249527,80.2418518066,33397,33407,10
12.9518003464,80.2417221069,33407,33418,11
12.9517698288,80.2416992188,33418,33428,10
12.9513902664,80.2415466309,33428,33438,10
12.9507398605,80.2413406372,33438,33448,10
12.9499597549,80.2410964966,33448,33458,10
12.9492702484,80.2408905029,33458,33599,141
12.9492702484,80.2408905029,33599,33609,10
12.9491195679,80.2408294678,33609,33619,10
12.9487104416,80.2406387329,33619,33630,11
12.9479198456,80.2403335571,33630,33640,10
12.9472799301,80.2400665283,33640,33650,10
12.9471597672,80.2400283813,33650,33660,10
12.9471101761,80.240020752,33660,33670,10
12.94672966,80.2398605347,33670,33680,10
12.9460897446,80.2395935059,33680,33690,10
12.9453201294,80.2391967773,33690,33700,10
12.9445896149,80.2385025024,33700,33710,10
12.9439496994,80.2377166748,33710,33720,10
12.9434995651,80.2372894287,33720,33731,11
12.9434404373,80.2372665405,33731,33741,10
12.9431295395,80.2369689941,33741,33751,10
12.9424800873,80.2365722656,33751,33761,10
12.9415502548,80.2362670898,33761,33771,10
12.9405298233,80.236000061,33771,33781,10
12.9398403168,80.2358169556,33781,33801,20
12.9398403168,80.2358169556,33801,33811,10
12.9398002625,80.2357635498,33811,33821,10
12.9396600723,80.2357330322,33821,33831,10
12.9392004013,80.2355270386,33831,33842,11
12.9383802414,80.2351074219,33842,33852,10
12.9375095367,80.2346801758,33852,33862,10
12.9364995956,80.234161377,33862,33872,10
12.9358997345,80.23387146,33872,33882,10
12.9353399277,80.2336196899,33882,33892,10
12.9345397949,80.2332763672,33892,33902,10
12.9338598251,80.233001709,33902,33922,20
12.9338598251,80.233001709,33922,33932,10
12.9335899353,80.2328567505,33932,33943,11
12.9329595566,80.2325897217,33943,33953,10
12.9321203232,80.2322769165,33953,33963,10
12.9310703278,80.231918335,33963,33973,10
12.9299201965,80.231590271,33973,33983,10
12.9292201996,80.2314300537,33983,33993,10
12.9291400909,80.2314224243,33993,34003,10
12.9287204742,80.2313308716,34003,34013,10
12.927980423,80.2312164307,34013,34023,10
12.9270095825,80.2311172485,34023,34033,10
12.926030159,80.2310180664,34033,34054,21
12.926030159,80.2310180664,34054,34064,10
12.9256601334,80.2309799194,34064,34074,10
12.9250202179,80.2309036255,34074,34084,10
12.9241800308,80.230796814,34084,34094,10
12.9232397079,80.2306671143,34094,34104,10
12.9221897125,80.2304992676,34104,34114,10
12.9211301804,80.2303390503,34114,34124,10
12.9200000763,80.23021698,34124,34134,10
12.919260025,80.230140686,34134,34144,10
12.9192495346,80.2301330566,34144,34155,11
12.9188804626,80.2300567627,34155,34165,10
12.9181995392,80.2299804688,34165,34175,10
12.9172801971,80.2298431396,34175,34185,10
12.9161300659,80.2296829224,34185,34195,10
12.914899826,80.2295074463,34195,34205,10
12.913359642,80.2293167114,34205,34225,20
12.913359642,80.2293167114,34225,34235,10
12.9130001068,80.2292480469,34235,34245,10
12.9122896194,80.2291488647,34245,34255,10
12.9113197327,80.2289962769,34255,34266,11
12.9100399017,80.2287902832,34266,34276,10
12.9087400436,80.2285766602,34276,34286,10
12.9076595306,80.2284393311,34286,34296,10
12.9073600769,80.2284088135,34296,34306,10
12.9072999954,80.2284011841,34306,34316,10
12.9068498611,80.2283477783,34316,34326,10
12.90625,80.2282791138,34326,34336,10
12.9054698944,80.2282409668,34336,34346,10
12.9044399261,80.2281799316,34346,34362,16
12.9033203125,80.2281494141,34362,34375,13
12.9028100967,80.2281265259,34375,34385,10
12.902589798,80.2281188965,34385,34395,10
12.902179718,80.2280883789,34395,34405,10
12.90184021,80.2280807495,34405,34415,10
12.9015102386,80.2280807495,34415,34425,10
12.9011602402,80.2280578613,34425,34435,10
12.90102005,80.2280197144,34435,34445,10
12.9007701874,80.2279815674,34445,34455,10
12.900270462,80.2279586792,34455,34465,10
12.8996400833,80.2279281616,34465,34475,10
12.8985900879,80.2279205322,34475,34506,31
12.8985900879,80.2279205322,34506,34516,10
12.8982801437,80.2278289795,34516,34526,10
12.8976097107,80.2277908325,34526,34536,10
12.8966798782,80.2277374268,34536,34546,10
12.8955602646,80.2276992798,34546,34556,10
12.8946695328,80.2276687622,34556,34566,10
12.8938102722,80.2276229858,34566,34587,21
12.8938102722,80.2276229858,34587,34597,10
12.8934202194,80.2275619507,34597,34607,10
12.893289566,80.2275390625,34607,34617,10
12.8929004669,80.2274780273,34617,34698,81
12.8929004669,80.2274780273,34698,34708,10
12.8928203583,80.2274627686,34708,34718,10
12.8924703598,80.2274169922,34718,34728,10
12.8918800354,80.2273788452,34728,34738,10
12.8909902573,80.2273788452,34738,34748,10
12.8898897171,80.2273788452,34748,34758,10
12.8888301849,80.2273788452,34758,34768,10
12.8883104324,80.2273788452,34768,34779,11
12.8882398605,80.2273635864,34779,34789,10
12.8879404068,80.2273406982,34789,34799,10
12.8872995377,80.2272262573,34799,34809,10
12.8864603043,80.2270584106,34809,34819,10
12.8857002258,80.2268829346,34819,34829,10
12.8849401474,80.2267379761,34829,34839,10
12.8848199844,80.2267532349,34839,34849,10
12.8844099045,80.2267379761,34849,34859,10
12.883600235,80.2267532349,34859,34869,10
12.8825798035,80.2267608643,34869,34879,10
12.8813400269,80.2267608643,34879,34890,11
12.8800296783,80.2267837524,34890,34900,10
12.8788700104,80.2267990112,34900,34910,10
12.8776597977,80.2268829346,34910,34920,10
12.8768196106,80.2269668579,34920,34930,10
12.8765201569,80.2269287109,34930,34940,10
12.8765096664,80.2269287109,34940,34950,10
12.8764200211,80.2267990112,34950,34960,10
12.8764400482,80.2264328003,34960,34970,10
12.8764696121,80.2262496948,34970,34980,10
12.876540184,80.2256011963,34980,34991,11
12.8766498566,80.2245407104,34991,35001,10
12.8768796921,80.2233200073,35001,35011,10
12.8771800995,80.2220230103,35011,35021,10
12.8775100708,80.2205963135,35021,35031,10
12.8778495789,80.2191467285,35031,35041,10
12.8781795502,80.2176208496,35041,35051,10
12.8784399033,80.2163009644,35051,35061,10
12.8787202835,80.2150115967,35061,35071,10
12.8789997101,80.2135925293,35071,35081,10
12.8792695999,80.2121429443,35081,35091,10
12.8794298172,80.2112503052,35091,35102,11
12.8794403076,80.2112426758,35102,35112,10
12.8793096542,80.2109375,35112,35122,10
12.8789396286,80.2108917236,35122,35132,10
12.8788604736,80.2108764648,35132,35142,10
12.8783302307,80.2107772827,35142,35152,10
12.8774700165,80.2106170654,35152,35162,10
12.8765602112,80.2104492188,35162,35172,10
12.8757200241,80.2103118896,35172,35182,10
12.8746700287,80.2101211548,35182,35203,21
12.8746700287,80.2101211548,35203,35213,10
12.8743801117,80.2100219727,35213,35223,10
12.8743801117,80.2096786499,35223,35233,10
12.8747396469,80.2097320557,35233,35253,20
12.8746995926,80.2097167969,35253,36727,1474
12.8746995926,80.2097167969,36727,36737,10
12.8746995926,80.2100219727,36737,36757,20
12.8746995926,80.2100219727,36757,36767,10
12.8748197556,80.2101669312,36767,36778,11
12.8749399185,80.2101821899,36778,36788,10
12.8751401901,80.2102127075,36788,36798,10
12.8756504059,80.2102966309,36798,36808,10
12.8763198853,80.2104187012,36808,36818,10
12.8770799637,80.2105712891,36818,36828,10
12.8779001236,80.2107315063,36828,36838,10
12.8787403107,80.2108764648,36838,36848,10
12.8792200089,80.2109603882,36848,36858,10
12.879240036,80.2109680176,36858,36868,10
12.8792800903,80.2109832764,36868,36879,11
12.8795003891,80.2112503052,36879,36889,10
12.8793897629,80.2118301392,36889,36899,10
12.879240036,80.2126083374,36899,36909,10
12.879070282,80.2135009766,36909,36919,10
12.8788900375,80.2144393921,36919,36929,10
12.8787097931,80.2153396606,36929,36939,10
12.8785104752,80.2161865234,36939,36949,10
12.8783397675,80.2170410156,36949,36959,10
12.8781604767,80.2179489136,36959,36969,10
12.8779602051,80.2188720703,36969,36979,10
12.8777303696,80.2198562622,36979,36990,11
12.8775396347,80.2207870483,36990,37000,10
12.8773803711,80.2214889526,37000,37010,10
12.8772096634,80.2221908569,37010,37020,10
12.8770503998,80.2228775024,37020,37030,10
12.8768796921,80.2235794067,37030,37040,10
12.8767404556,80.224357605,37040,37050,10
12.8766403198,80.2251205444,37050,37060,10
12.8765497208,80.2259674072,37060,37076,16
12.8764600754,80.2267837524,37076,37129,53
12.8764600754,80.2267837524,37129,37139,10
12.8766403198,80.2268981934,37139,37149,10
12.8769598007,80.2268829346,37149,37159,10
12.8777999878,80.2268066406,37159,37169,10
12.8788204193,80.2267303467,37169,37179,10
12.8799800873,80.2266769409,37179,37190,11
12.8813199997,80.2266616821,37190,37201,11
12.8827199936,80.2266387939,37201,37211,10
12.8839998245,80.2266235352,37211,37221,10
12.8851804733,80.226600647,37221,37241,20
12.8851804733,80.226600647,37241,37251,10
12.8853702545,80.2266311646,37251,37261,10
12.8859100342,80.2267379761,37261,37271,10
12.8865499496,80.2269134521,37271,37281,10
12.8866195679,80.2269363403,37281,37291,10
12.8867797852,80.2269668579,37291,37302,11
12.8873701096,80.2270965576,37302,37312,10
12.8881597519,80.227180481,37312,37322,10
12.8884801865,80.2272033691,37322,37332,10
12.8887300491,80.2272109985,37332,37342,10
12.8891801834,80.2272186279,37342,37352,10
12.889960289,80.2272415161,37352,37362,10
12.8909397125,80.2272415161,37362,37372,10
12.8917598724,80.2272262573,37372,37382,10
12.8918800354,80.2272186279,37382,37392,10
12.8922195435,80.2272262573,37392,37402,10
12.8927698135,80.2272796631,37402,37413,11
12.8936901093,80.2273864746,37413,37423,10
12.8941802979,80.2274398804,37423,37433,10
12.8942298889,80.2274398804,37433,37443,10
12.8944196701,80.2274627686,37443,37453,10
12.8944396973,80.2274627686,37453,37463,10
12.8946695328,80.2275085449,37463,37473,10
12.894900322,80.2275314331,37473,37483,10
12.8955001831,80.2275466919,37483,37493,10
12.8963804245,80.2275924683,37493,37503,10
12.8974304199,80.2276306152,37503,37514,11
12.8986196518,80.2276992798,37514,37524,10
12.8996896744,80.2277603149,37524,37643,119
12.8996896744,80.2277603149,37643,37653,10
12.899939537,80.2277603149,37653,37664,11
12.9001197815,80.2277526855,37664,37694,30
12.9001197815,80.2277526855,37694,37704,10
12.9005002975,80.2277526855,37704,37714,10
12.9008398056,80.2277908325,37714,37725,11
12.9013004303,80.2278366089,37725,37735,10
12.9016895294,80.2278594971,37735,37745,10
12.9024600983,80.2278900146,37745,37765,20
12.9024600983,80.2278900146,37765,37775,10
12.9026098251,80.2278900146,37775,37785,10
12.9027204514,80.227897644,37785,37795,10
12.9027996063,80.227897644,37795,37805,10
12.9032402039,80.2278671265,37805,37815,10
12.903960228,80.2279586792,37815,37826,11
12.904999733,80.2280197144,37826,37836,10
12.9058103561,80.2280578613,37836,37886,50
12.9058103561,80.2280578613,37886,37896,10
12.9060096741,80.2280578613,37896,37906,10
12.9063796997,80.2281036377,37906,37916,10
12.9067401886,80.2281265259,37916,37926,10
12.9069404602,80.2281494141,37926,37937,11
12.9070196152,80.2281570435,37937,37947,10
12.9071998596,80.2281799316,37947,37957,10
12.9077796936,80.2282562256,37957,37967,10
12.908659935,80.2284164429,37967,37977,10
12.9096603394,80.2285995483,37977,37987,10
12.9108104706,80.2287826538,37987,37997,10
12.9120702744,80.2289505005,37997,38007,10
12.9132604599,80.2291183472,38007,38017,10
12.9138803482,80.2291793823,38017,38038,21
12.9138803482,80.2291793823,38038,38048,10
12.9142198563,80.2292175293,38048,38058,10
12.9148197174,80.2292785645,38058,38068,10
12.9156799316,80.2294311523,38068,38078,10
12.9167404175,80.229598999,38078,38088,10
12.9179201126,80.2297592163,38088,38098,10
12.9189395905,80.2298965454,38098,38108,10
12.9193601608,80.2299575806,38108,38118,10
12.9193897247,80.2299804688,38118,38128,10
12.9198198318,80.2300109863,38128,38138,10
12.9205904007,80.2301101685,38138,38149,11
12.9216499329,80.2302474976,38149,38159,10
12.9228000641,80.2304382324,38159,38169,10
12.9239997864,80.2306213379,38169,38185,16
12.9263095856,80.2308807373,38185,38205,20
12.9263095856,80.2308807373,38205,38217,12
12.9267301559,80.2309265137,38217,38227,10
12.9275503159,80.2310333252,38227,38237,10
12.9284696579,80.2311782837,38237,38247,10
12.9294300079,80.2313690186,38247,38258,11
12.9304800034,80.2316207886,38258,38268,10
12.9315395355,80.2319488525,38268,38278,10
12.9326696396,80.2322998047,38278,38288,10
12.9334802628,80.2325973511,38288,38299,11
12.9335603714,80.2326431274,38299,38309,10
12.9336099625,80.232673645,38309,38318,9
12.9339599609,80.2328414917,38318,38328,10
12.9346704483,80.2331619263,38328,38339,11
12.9353599548,80.2334365845,38339,38349,10
12.9354600906,80.2334899902,38349,38360,11
12.9356403351,80.2335662842,38360,38370,10
12.9361400604,80.2338104248,38370,38380,10
12.9368801117,80.234161377,38380,38390,10
12.9377403259,80.2345809937,38390,38400,10
12.9387598038,80.2350769043,38400,38410,10
12.9395999908,80.2354812622,38410,38420,10
12.9396896362,80.2355422974,38420,38430,10
12.9397201538,80.2355499268,38430,38440,10
12.9400701523,80.2357025146,38440,38450,10
12.9407901764,80.2359313965,38450,38461,11
12.9418096542,80.2361831665,38461,38471,10
12.9428596497,80.236541748,38471,38481,10
12.9435796738,80.2371063232,38481,38491,10
12.9436197281,80.2371826172,38491,38501,10
12.9437704086,80.2373504639,38501,38511,10
12.9442195892,80.2378616333,38511,38521,10
12.9448604584,80.238571167,38521,38531,10
12.9457397461,80.2392883301,38531,38541,10
12.9468202591,80.2397384644,38541,38551,10
12.9473600388,80.2399520874,38551,38562,11
12.9474201202,80.2399673462,38562,38572,10
12.9477996826,80.2401275635,38572,38582,10
12.9481201172,80.2402420044,38582,38592,10
12.9481601715,80.2402572632,38592,38602,10
12.9484596252,80.2403793335,38602,38612,10
12.9489097595,80.240562439,38612,38622,10
12.949379921,80.2407608032,38622,38632,10
12.9498596191,80.2409210205,38632,38642,10
12.9506196976,80.2411422729,38642,38652,10
12.9510202408,80.2412567139,38652,38662,10
12.9511003494,80.2413330078,38662,38673,11
12.9515695572,80.2414932251,38673,38683,10
12.9520902634,80.2416687012,38683,38693,10
12.9523200989,80.2417831421,38693,38703,10
12.9527196884,80.2419128418,38703,38713,10
12.9534397125,80.2421875,38713,38723,10
12.9543504715,80.2425689697,38723,38733,10
12.9551401138,80.2428817749,38733,38743,10
12.9558000565,80.2430496216,38743,38753,10
12.9561300278,80.2431564331,38753,38763,10
12.9563102722,80.2432327271,38763,38774,11
12.956489563,80.2433013916,38774,38784,10
12.956990242,80.243522644,38784,38794,10
12.95773983,80.2438964844,38794,38804,10
12.9584903717,80.2442092896,38804,38814,10
12.9587802887,80.2443389893,38814,38824,10
12.9588899612,80.2444000244,38824,38834,10
12.9591703415,80.2445602417,38834,38844,10
12.9597997665,80.2448425293,38844,38854,10
12.9606599808,80.2452163696,38854,38864,10
12.9617004395,80.2457427979,38864,38874,10
12.9633197784,80.2465362549,38874,38945,71
12.9633197784,80.2465362549,38945,38955,10
12.9634799957,80.2466583252,38955,38965,10
12.9640197754,80.2468719482,38965,38975,10
12.9648199081,80.2471618652,38975,38986,11
12.9659204483,80.2475204468,38986,38996,10
12.9667701721,80.2478485107,38996,39006,10
12.9669103622,80.2479095459,39006,39016,10
12.9669799805,80.2480010986,39016,39026,10
12.9674396515,80.2482299805,39026,39036,10
12.9682703018,80.248550415,39036,39046,10
12.9692401886,80.2489624023,39046,39056,10
12.970410347,80.2494125366,39056,39066,10
12.9716596603,80.2498016357,39066,39076,10
12.9729404449,80.2501296997,39076,39086,10
12.9740400314,80.2503967285,39086,39097,11
12.974360466,80.2504730225,39097,39107,10
12.9746103287,80.2505493164,39107,39117,10
12.9752902985,80.2507629395,39117,39127,10
12.9762296677,80.2510299683,39127,39137,10
12.9773302078,80.251411438,39137,39147,10
12.9782896042,80.252166748,39147,39157,10
12.9792804718,80.2525177002,39157,39167,10
12.9798402786,80.2524719238,39167,39177,10
12.9799499512,80.2522735596,39177,39187,10
12.9799604416,80.2522583008,39187,39198,11
12.9799900055,80.2520904541,39198,39208,10
12.9801397324,80.2515563965,39208,39218,10
12.980389595,80.2507400513,39218,39228,10
12.9806404114,80.2496795654,39228,39238,10
12.9807596207,80.2484512329,39238,39248,10
12.9808597565,80.2471694946,39248,39258,10
12.9809799194,80.2458190918,39258,39274,16
12.9811697006,80.2440719604,39274,39286,12
12.9811897278,80.243850708,39286,39295,9
12.9812202454,80.2436981201,39295,39306,11
12.9813299179,80.243522644,39306,39317,11
12.9813604355,80.2431182861,39317,39327,10
12.9813699722,80.2428131104,39327,39337,10
12.9813699722,80.2427825928,39337,39346,9
12.9813804626,80.2424316406,39346,39357,11
12.9813699722,80.2416915894,39357,39367,10
12.9813699722,80.2407989502,39367,39377,10
12.9813404083,80.2398376465,39377,39386,9
12.9813203812,80.2393035889,39386,39397,11
12.981300354,80.238571167,39397,39408,11
12.981300354,80.2384414673,39408,39418,10
12.9812803268,80.2381820679,39418,39428,10
12.9812803268,80.2379837036,39428,39438,10
12.9812803268,80.2378463745,39438,39448,10
12.9812602997,80.2373123169,39448,39458,10
12.9812297821,80.2364730835,39458,39468,10
12.9812002182,80.2354812622,39468,39478,10
12.9812002182,80.2344589233,39478,39488,10
12.9813995361,80.2338027954,39488,39498,10
12.9815502167,80.2334899902,39498,39519,21
12.9815502167,80.2334899902,39519,39529,10
12.9816198349,80.2333679199,39529,39539,10
12.9818296432,80.2329177856,39539,39549,10
12.9820098877,80.2322769165,39549,39559,10
12.9819898605,80.231842041,39559,39569,10
12.9819498062,80.2314910889,39569,39579,10
12.981880188,80.2311706543,39579,39589,10
12.9816598892,80.2306518555,39589,39599,10
12.9812297821,80.2299423218,39599,39610,11
12.9808197021,80.2293167114,39610,39620,10
12.980629921,80.2290420532,39620,39630,10
12.9805603027,80.2288970947,39630,39640,10
12.9804401398,80.2287063599,39640,39650,10
12.9802398682,80.2282485962,39650,39660,10
12.9798603058,80.2276306152,39660,39670,10
12.9793901443,80.2268295288,39670,39680,10
12.9789199829,80.2260665894,39680,39690,10
12.9785003662,80.2253570557,39690,39700,10
12.9781198502,80.2247467041,39700,39710,10
12.9778299332,80.2244186401,39710,39721,11
12.977640152,80.2240905762,39721,39731,10
12.9773197174,80.2235412598,39731,39741,10
12.976940155,80.2229232788,39741,39751,10
12.9769201279,80.2227783203,39751,39761,10
12.9772195816,80.2226715088,39761,39781,20
12.9772195816,80.2226715088,39781,39791,10
12.9774999619,80.2225112915,39791,39801,10
12.9774904251,80.2219161987,39801,39811,10
12.9774599075,80.2213592529,39811,39822,11
12.9774799347,80.2212219238,39822,39832,10
12.9778404236,80.2211990356,39832,39842,10
12.9784202576,80.2211608887,39842,39852,10
12.9790897369,80.2211074829,39852,39862,10
12.9798698425,80.2210617065,39862,39872,10
12.9806900024,80.2209777832,39872,39882,10
12.981180191,80.2210769653,39882,39892,10
12.9816598892,80.2213973999,39892,39902,10
12.9820299149,80.2216186523,39902,39912,10
12.9822998047,80.2217407227,39912,39923,11
12.9824895859,80.2218017578,39923,39933,10
12.9825801849,80.2218399048,39933,39943,10
12.9829502106,80.2219772339,39943,39953,10
12.9829998016,80.2219924927,39953,39963,10
12.9832601547,80.2221298218,39963,39973,10
12.9835796356,80.2223434448,39973,39983,10
12.984000206,80.2226028442,39983,39993,10
12.9844198227,80.2228393555,39993,40003,10
12.9848804474,80.2231216431,40003,40013,10
12.9851999283,80.2232437134,40013,40023,10
12.9855098724,80.2231521606,40023,40034,11
12.9861297607,80.2229537964,40034,40044,10
12.9864702225,80.2229537964,40044,40054,10
12.986579895,80.2229614258,40054,40064,10
12.9871101379,80.2230300903,40064,40074,10
12.9874801636,80.2230529785,40074,40084,10
12.9877195358,80.2230224609,40084,40094,10
12.9882802963,80.2226333618,40094,40104,10
12.9889297485,80.2219696045,40104,40114,10
12.9895200729,80.2212219238,40114,40124,10
12.9902000427,80.2204818726,40124,40135,11
12.9903402328,80.2203826904,40135,40145,10
12.9906597137,80.2201538086,40145,40155,10
12.9912004471,80.2197113037,40155,40165,10
12.9916200638,80.2193908691,40165,40175,10
12.9917497635,80.2193222046,40175,40185,10
12.9919996262,80.2191162109,40185,40195,10
12.992480278,80.2187805176,40195,40205,10
12.9931201935,80.2183227539,40205,40215,10
12.9937601089,80.2178726196,40215,40225,10
12.9942998886,80.2174987793,40225,40236,11
12.9949598312,80.2170410156,40236,40246,10
12.9956502914,80.2166824341,40246,40256,10
12.9964199066,80.2165222168,40256,40266,10
12.9969701767,80.2164611816,40266,40276,10
12.9973201752,80.2162780762,40276,40286,10
12.9974298477,80.2161712646,40286,40296,10
12.997590065,80.2160415649,40296,40306,10
12.9980401993,80.2156219482,40306,40316,10
12.9987096786,80.2150421143,40316,40326,10
12.9991397858,80.2146835327,40326,40336,10
12.9995098114,80.2143630981,40336,40347,11
13.0000600815,80.2138900757,40347,40357,10
13.0006399155,80.2133712769,40357,40367,10
13.0011196136,80.2129821777,40367,40377,10
13.001540184,80.2126464844,40377,40387,10
13.0020198822,80.2123413086,40387,40397,10
13.0024299622,80.2121582031,40397,40407,10
13.0027599335,80.2120895386,40407,40417,10
13.0033197403,80.2120437622,40417,40427,10
13.0036096573,80.2118988037,40427,40437,10
13.0036697388,80.2117004395,40437,40448,11
13.0036401749,80.2109680176,40448,40458,10
13.0035295486,80.2101287842,40458,40468,10
13.0035600662,80.2092437744,40468,40478,10
13.0040102005,80.2086105347,40478,40488,10
13.0050096512,80.2090606689,40488,40498,10
13.0059299469,80.2094268799,40498,40508,10
13.007060051,80.2097320557,40508,40538,30
13.007060051,80.2097320557,40538,40548,10
13.0072002411,80.2098007202,40548,40559,11
13.0076904297,80.2098693848,40559,40569,10
13.0081996918,80.2098770142,40569,40579,10
13.0080604553,80.2092285156,40579,40589,10
13.0078697205,80.2082519531,40589,40599,10
13.0076799393,80.2072525024,40599,40609,10
13.0075101852,80.2063598633,40609,40619,10
13.0074701309,80.2056427002,40619,40629,10
13.0074796677,80.2050933838,40629,40639,10
13.0074901581,80.2043228149,40639,40649,10
13.0073699951,80.20337677,40649,40660,11
13.0068998337,80.2025222778,40660,40670,10
13.0065498352,80.2031097412,40670,40680,10
13.0071001053,80.2034912109,40680,40690,10
13.0078601837,80.2036895752,40690,40700,10
13.0088100433,80.2036590576,40700,40710,10
13.0100803375,80.2035980225,40710,40720,10
13.011349678,80.203666687,40720,40730,10
13.0124702454,80.2038574219,40730,40740,10
13.013299942,80.2040634155,40740,40750,10
13.013710022,80.2044830322,40750,40760,10
13.0136203766,80.2046737671,40760,40771,11
13.0135602951,80.2047729492,40771,40781,10
13.0133399963,80.2053527832,40781,40791,10
13.0130796432,80.2062072754,40791,40801,10
13.0129995346,80.20703125,40801,40811,10
13.0129299164,80.2076187134,40811,40821,10
13.0128898621,80.2080688477,40821,40831,10
13.0129003525,80.2084732056,40831,40841,10
13.0129404068,80.2089080811,40841,40851,10
13.0130701065,80.2094192505,40851,40861,10
13.0131797791,80.2098388672,40861,40872,11
13.0130395889,80.2106781006,40872,40882,10
13.0127000809,80.2114868164,40882,40892,10
13.0122404099,80.2122573853,40892,40902,10
13.0119495392,80.2126998901,40902,40912,10
13.0117397308,80.2127990723,40912,40922,10
13.0113201141,80.2124862671,40922,40932,10
13.0107097626,80.212097168,40932,41013,81
13.0107097626,80.212097168,41013,41023,10
13.0104799271,80.2118835449,41023,41033,10
13.0102901459,80.2117614746,41033,41043,10
13.0101203918,80.2116012573,41043,41144,101
13.0101203918,80.2116012573,41144,41154,10
13.0096797943,80.2113037109,41154,41477,323
13.0094003677,80.2110671997,41477,41831,354
13.0094003677,80.2110671997,41831,41841,10
13.00922966,80.2112426758,41841,41851,10
13.0090503693,80.211479187,41851,41861,10
13.0091104507,80.2119903564,41861,41871,10
13.0093202591,80.2125473022,41871,41881,10
13.0095500946,80.2131576538,41881,41891,10
13.0098400116,80.2138977051,41891,41901,10
13.010140419,80.2147216797,41901,41912,11
13.010310173,80.2157592773,41912,41922,10
13.0106897354,80.2166595459,41922,41932,10
13.0110797882,80.2174911499,41932,41942,10
13.0114603043,80.2184371948,41942,41952,10
13.0118398666,80.2195205688,41952,41962,10
13.0121803284,80.2205734253,41962,41971,9
13.0123500824,80.2210998535,41971,41982,11
13.0123596191,80.2212600708,41982,41992,10
13.0123996735,80.2215118408,41992,42002,10
13.0126895905,80.2219772339,42002,42012,10
13.0131597519,80.2225112915,42012,42023,11
13.0136499405,80.2230834961,42023,42033,10
13.0141000748,80.2236404419,42033,42043,10
13.0146598816,80.224281311,42043,42053,10
13.015130043,80.2248306274,42053,42063,10
13.01541996,80.2253799438,42063,42073,10
13.0152301788,80.2258300781,42073,42083,10
13.0145998001,80.2260971069,42083,42093,10
13.0137701035,80.2264328003,42093,42103,10
13.0128202438,80.2268066406,42103,42113,10
13.0118398666,80.2271881104,42113,42124,11
13.0107402802,80.2276229858,42124,42134,10
13.0098104477,80.2279510498,42134,42144,10
13.009519577,80.2274703979,42144,42154,10
13.0098400116,80.2268066406,42154,42164,10
13.0101804733,80.2260818481,42164,42174,10
13.0104799271,80.2253494263,42174,42184,10
13.01060009,80.2251586914,42184,42194,10
13.0107898712,80.2247619629,42194,42204,10
13.0110902786,80.223991394,42204,42214,10
13.0112600327,80.2233200073,42214,42224,10
13.0106601715,80.2229995728,42224,42235,11
13.0104703903,80.2229232788,42235,42245,10
13.0100803375,80.2226409912,42245,42255,10
13.0094203949,80.2222824097,42255,42265,10
13.008649826,80.2218475342,42265,42275,10
13.007900238,80.2214431763,42275,42285,10
13.0071401596,80.2210464478,42285,42295,10
13.0062599182,80.2206878662,42295,42305,10
13.0053901672,80.2204971313,42305,42315,10
13.0047798157,80.2203292847,42315,42325,10
13.0046195984,80.2202911377,42325,42336,11
13.0039901733,80.2201690674,42336,42346,10
13.0032701492,80.2200393677,42346,42356,10
13.0024595261,80.2196121216,42356,42366,10
13.0019598007,80.2191009521,42366,42376,10
13.0014896393,80.2186126709,42376,42386,10
13.0009002686,80.2181930542,42386,42396,10
13.0002603531,80.2177810669,42396,42406,10
12.9995203018,80.217338562,42406,42416,10
12.9987401962,80.2169265747,42416,42426,10
12.9974803925,80.2165603638,42426,42447,21
12.9974803925,80.2165603638,42447,42457,10
12.9972896576,80.2165374756,42457,42473,16
12.9962797165,80.2166213989,42473,42485,12
12.9956302643,80.2167892456,42485,42504,19
12.9956302643,80.2167892456,42504,42515,11
12.9953699112,80.2169036865,42515,42525,10
12.9952497482,80.2169570923,42525,42535,10
12.9949903488,80.2171096802,42535,42546,11
12.9945497513,80.2174224854,42546,42556,10
12.9941501617,80.2177200317,42556,42566,10
12.9939002991,80.2179107666,42566,42576,10
12.9934101105,80.2182693481,42576,42586,10
12.9927196503,80.2187728882,42586,42596,10
12.991900444,80.2193832397,42596,42606,10
12.9912595749,80.2198410034,42606,42616,10
12.9908800125,80.2201080322,42616,42626,10
12.9907798767,80.2201690674,42626,42636,10
12.9902801514,80.2205734253,42636,42646,10
12.9896202087,80.2212600708,42646,42657,11
12.9890298843,80.2219772339,42657,42667,10
12.9882898331,80.2227172852,42667,42677,10
12.9876003265,80.2231063843,42677,42693,16
12.9871397018,80.2230987549,42693,42705,12
12.9867095947,80.2230377197,42705,42713,8
12.9861803055,80.2230377197,42713,42722,9
12.9856700897,80.2231521606,42722,42736,14
12.9851398468,80.2233200073,42736,42746,10
12.9845399857,80.2231063843,42746,42756,10
12.9839696884,80.2227478027,42756,42767,11
12.9834699631,80.2224578857,42767,42777,10
12.9832201004,80.2223129272,42777,42787,10
12.9830999374,80.2221984863,42787,42797,10
12.9827804565,80.2219924927,42797,42807,10
12.9824399948,80.2218933105,42807,42830,23
12.9809799194,80.2212905884,42830,42842,12
12.9801902771,80.2212219238,42842,42852,10
12.9793796539,80.2212371826,42852,42862,10
12.978770256,80.2212600708,42862,42873,11
12.9780797958,80.2212600708,42873,42883,10
12.9777202606,80.221282959,42883,42893,10
12.9772796631,80.2212982178,42893,42903,10
12.9766998291,80.2212982178,42903,42913,10
12.9763097763,80.2212677002,42913,42923,10
12.976099968,80.2214126587,42923,42933,10
12.9763298035,80.2217330933,42933,42943,10
12.9763402939,80.2217407227,42943,42953,10
12.9763402939,80.2218399048,42953,42963,10
12.9765796661,80.2222137451,42963,42974,11
12.9770698547,80.2230224609,42974,42984,10
12.9776496887,80.2239532471,42984,42994,10
12.9782600403,80.224937439,42994,43004,10
12.9788799286,80.2259597778,43004,43014,10
12.9794502258,80.2268981934,43014,43024,10
12.9799003601,80.2276229858,43024,43034,10
12.9802503586,80.2282333374,43034,43044,10
12.9806804657,80.2289810181,43044,43054,10
12.9808397293,80.2292480469,43054,43064,10
12.9811401367,80.2297592163,43064,43075,11
12.9816503525,80.230506897,43075,43085,10
12.9819402695,80.2311935425,43085,43095,10
12.9820404053,80.2320632935,43095,43105,10
12.9819402695,80.2327270508,43105,43115,10
12.9817895889,80.2331619263,43115,43125,10
12.9816598892,80.2334136963,43125,43135,10
12.9816198349,80.2335205078,43135,43145,10
12.9814500809,80.2338485718,43145,43154,9
12.9812002182,80.2345199585,43154,43165,11
12.9812097549,80.2357025146,43165,43175,10
12.9812498093,80.2369308472,43175,43186,11
12.981300354,80.238067627,43186,43196,10
12.981300354,80.2386627197,43196,43206,10
12.981300354,80.2387619019,43206,43216,10
12.9813098907,80.2393264771,43216,43226,10
12.981300354,80.2398834229,43226,43236,10
12.9813299179,80.240737915,43236,43246,10
12.9813404083,80.2417831421,43246,43256,10
12.9813604355,80.2425537109,43256,43266,10
12.9813604355,80.2428512573,43266,43276,10
12.9813604355,80.2433166504,43276,43287,11
12.9812498093,80.2442626953,43287,43297,10
12.9811096191,80.2454071045,43297,43307,10
12.9809598923,80.2467193604,43307,43323,16
12.9807596207,80.2489929199,43323,43335,12
12.9804401398,80.2507629395,43335,43345,10
12.9801397324,80.2519378662,43345,43355,10
12.9800300598,80.2522735596,43355,43365,10
12.9799003601,80.2526168823,43365,43375,10
12.9794197083,80.252746582,43375,43385,10
12.9788599014,80.2526702881,43385,43396,11
12.9787902832,80.2526626587,43396,43406,10
12.9783201218,80.2524414063,43406,43416,10
12.9776096344,80.2518386841,43416,43426,10
12.9765195847,80.2512893677,43426,43436,10
12.9751796722,80.2509002686,43436,43446,10
12.9737796783,80.2504882813,43446,43456,10
12.972530365,80.2501907349,43456,43466,10
12.9713897705,80.2499084473,43466,43476,10
12.9700803757,80.2495498657,43476,43486,10
12.9687795639,80.2490310669,43486,43497,11
12.9674396515,80.2484893799,43497,43507,10
12.9662799835,80.2479324341,43507,43517,10
12.9652996063,80.2475662231,43517,43527,10
12.9651699066,80.2474975586,43527,43537,10
12.9650802612,80.2474594116,43537,43547,10
12.9645395279,80.2472610474,43547,43557,10
12.9636201859,80.2469024658,43557,43597,40
12.9636201859,80.2469024658,43597,43608,11
12.963139534,80.2466583252,43608,43618,10
12.9623699188,80.2462387085,43618,43628,10
12.9613103867,80.2457122803,43628,43638,10
12.9600801468,80.2451705933,43638,43648,10
12.9590301514,80.2447128296,43648,43658,10
12.9579496384,80.2442474365,43658,43668,10
12.9566202164,80.2437591553,43668,43688,20
12.9566202164,80.2437591553,43688,43698,10
12.9565200806,80.2437133789,43698,43709,11
12.9563903809,80.2436599731,43709,43719,10
12.9561901093,80.2435684204,43719,43729,10
12.9555597305,80.2432937622,43729,43739,10
12.9547195435,80.2428970337,43739,43749,10
12.9539403915,80.2425613403,43749,43759,10
12.9532203674,80.2422637939,43759,43769,10
12.9524297714,80.2419815063,43769,43779,10
12.9519901276,80.2418365479,43779,43789,10
12.9519100189,80.2417831421,43789,43799,10
12.9515399933,80.2416534424,43799,43810,11
12.9506998062,80.2413711548,43810,43820,10
12.9498596191,80.2411270142,43820,43830,10
12.9497299194,80.2410888672,43830,43840,10
12.949379921,80.2409820557,43840,43850,10
12.9488897324,80.2407989502,43850,43860,10
12.9482498169,80.2405319214,43860,43870,10
12.9475803375,80.2402572632,43870,43880,10
12.947520256,80.2402191162,43880,43890,10
12.9471597672,80.2400588989,43890,43900,10
12.9464302063,80.2397384644,43900,43910,10
12.9454402924,80.2393188477,43910,43921,11
12.9443902969,80.2384109497,43921,43931,10
12.9435997009,80.2376022339,43931,43941,10
12.9427995682,80.2368164063,43941,43951,10
12.9415502548,80.2363586426,43951,43961,10
12.940369606,80.2360610962,43961,43971,10
12.9398298264,80.2358932495,43971,43981,10
12.939740181,80.2358474731,43981,43991,10
12.9391899109,80.2356109619,43991,44001,10
12.9382801056,80.2351837158,44001,44011,10
12.9372301102,80.2346496582,44011,44022,11
12.9361495972,80.2340927124,44022,44032,10
12.9357299805,80.2338790894,44032,44042,10
12.9352197647,80.2336502075,44042,44052,10
12.9343595505,80.2333068848,44052,44062,10
12.9338703156,80.2330627441,44062,44072,10
12.9337596893,80.2330093384,44072,44082,10
12.9333000183,80.2328033447,44082,44092,10
12.9324598312,80.2324829102,44092,44102,10
12.9314203262,80.2321090698,44102,44112,10
12.9301996231,80.2317276001,44112,44121,9
12.9292201996,80.2314910889,44121,44133,12
12.9287595749,80.2313690186,44133,44143,10
12.9281101227,80.231262207,44143,44153,10
12.9271001816,80.2311325073,44153,44163,10
12.925860405,80.2309799194,44163,44173,10
12.9247198105,80.2308425903,44173,44183,10
12.9234399796,80.2306976318,44183,44193,10
12.9220104218,80.2304763794,44193,44203,10
12.9205198288,80.2302627563,44203,44213,10
12.9192399979,80.2300872803,44213,44230,17
12.9172096252,80.229850769,44230,44242,12
12.9158401489,80.2296600342,44242,44252,10
12.914850235,80.2295227051,44252,44260,8
12.9136104584,80.2293930054,44260,44270,10
12.9132699966,80.2293624878,44270,44281,11
12.9130096436,80.229309082,44281,44293,12
12.9121103287,80.2291793823,44293,44303,10
12.910949707,80.2289962769,44303,44313,10
12.909620285,80.228767395,44313,44323,10
12.9083099365,80.2285385132,44323,44333,10
12.9075298309,80.2284622192,44333,44354,21
12.9075298309,80.2284622192,44354,44364,10
12.9072904587,80.2284393311,44364,44374,10
12.9068698883,80.2283782959,44374,44434,60
12.9068698883,80.2283782959,44434,44445,11
12.9064397812,80.2283477783,44445,44455,10
12.9056396484,80.2282791138,44455,44465,10
12.9045600891,80.2282180786,44465,44475,10
12.9034900665,80.2281417847,44475,44485,10
12.9024000168,80.2281188965,44485,44535,50
12.9024000168,80.2281188965,44535,44545,10
12.9020299911,80.2281112671,44545,44556,11
12.9014501572,80.2280807495,44556,44572,16
12.9006299973,80.2280273438,44572,44584,12
12.9002895355,80.2280502319,44584,44594,10
12.899720192,80.2280197144,44594,44624,30
12.899720192,80.2280197144,44624,44634,10
12.8995103836,80.2279663086,44634,44644,10
12.898850441,80.2279205322,44644,44655,11
12.8977804184,80.2278594971,44655,44665,10
12.8965902328,80.2277832031,44665,44675,10
12.8954000473,80.227722168,44675,44685,10
12.8946199417,80.2276992798,44685,44695,10
12.893699646,80.2276382446,44695,44705,10
12.8934297562,80.2276306152,44705,44715,10
12.8933095932,80.2276000977,44715,44725,10
12.8929901123,80.2275390625,44725,44735,10
12.8926095963,80.2275009155,44735,44745,10
12.891960144,80.2274398804,44745,44755,10
12.891119957,80.2274169922,44755,44766,11
12.8900299072,80.2274093628,44766,44775,9
12.8892202377,80.2274169922,44775,44786,11
12.8885803223,80.2274169922,44786,44796,10
12.8883895874,80.2274093628,44796,44806,10
12.8878002167,80.2273483276,44806,44816,10
12.8869304657,80.2272109985,44816,44826,10
12.8858203888,80.2269287109,44826,44836,10
12.8850698471,80.2267913818,44836,44846,10
12.8843202591,80.2267303467,44846,44856,10
12.8832597733,80.2267379761,44856,44867,11
12.8818397522,80.2267532349,44867,44877,10
12.8804302216,80.2267608643,44877,44886,9
12.8791399002,80.2267913818,44886,44897,11
12.8777399063,80.2268829346,44897,44907,10
12.8766002655,80.2269821167,44907,44916,9
12.8763904572,80.2265396118,44916,44937,21
12.8763904572,80.2265396118,44937,44947,10
12.8764200211,80.2262878418,44947,44957,10
12.8765096664,80.2255783081,44957,44967,10
12.8766202927,80.2245635986,44967,44977,10
12.8768596649,80.2232971191,44977,44988,11
12.8771800995,80.2218322754,44988,44998,10
12.8774995804,80.2205123901,44998,45008,10
12.8778400421,80.2190933228,45008,45018,10
12.8781299591,80.2176895142,45018,45028,10
12.878370285,80.2164916992,45028,45038,10
12.8786697388,80.215133667,45038,45048,10
12.8789396286,80.2136688232,45048,45058,10
12.8792200089,80.2122421265,45058,45068,10
12.8794002533,80.211151123,45068,45079,11
12.8789701462,80.2109298706,45079,45089,10
12.8789596558,80.2109298706,45089,45099,10
12.8786697388,80.2108917236,45099,45109,10
12.8780002594,80.2107696533,45109,45119,10
12.8771696091,80.2106170654,45119,45129,10
12.8761901855,80.2104263306,45129,45139,10
12.8745203018,80.2101516724,45139,45159,20
12.8745203018,80.2101516724,45159,45169,10
12.8743696213,80.2100601196,45169,45179,10
12.8745203018,80.2095794678,45179,45190,11
12.8746404648,80.2098083496,45190,45826,636
12.8747501373,80.2098617554,45826,46472,646
12.8746099472,80.2098388672,46472,47067,595
12.8746099472,80.2098388672,47067,47077,10
12.8746700287,80.2099609375,47077,47088,11
12.8746700287,80.2100906372,47088,47098,10
12.874879837,80.2101821899,47098,47108,10
12.8753700256,80.2102584839,47108,47118,10
12.8756799698,80.2103118896,47118,47128,10
12.8762102127,80.2104110718,47128,47138,10
12.8769197464,80.2105484009,47138,47148,10
12.8776197433,80.2106781006,47148,47158,10
12.878370285,80.2108230591,47158,47168,10
12.8792104721,80.2109680176,47168,47189,21
12.8792104721,80.2109680176,47189,47199,10
12.8794002533,80.2110900879,47199,47209,10
12.8794002533,80.2115402222,47209,47219,10
12.8792695999,80.2122573853,47219,47229,10
12.8791103363,80.2130966187,47229,47239,10
12.8789396286,80.214012146,47239,47249,10
12.8787603378,80.2149429321,47249,47259,10
12.8785800934,80.2157669067,47259,47269,10
12.8783998489,80.2165985107,47269,47279,10
12.8782196045,80.2175598145,47279,47289,10
12.8780202866,80.218536377,47289,47300,11
12.8777799606,80.2196121216,47300,47310,10
12.8775396347,80.2206268311,47310,47320,10
12.8773002625,80.2217025757,47320,47330,10
12.8770399094,80.2227935791,47330,47340,10
12.8767995834,80.2238464355,47340,47350,10
12.8766403198,80.2249298096,47350,47360,10
12.876540184,80.2258987427,47360,47370,10
12.8764400482,80.2268218994,47370,47401,31
12.8764400482,80.2268218994,47401,47411,10
12.876660347,80.226890564,47411,47421,10
12.8767204285,80.2268829346,47421,47431,10
12.8770599365,80.2268371582,47431,47441,10
12.877820015,80.2267684937,47441,47451,10
12.8788003922,80.2266998291,47451,47461,10
12.8799200058,80.2266464233,47461,47471,10
12.8811197281,80.2266387939,47471,47481,10
12.882349968,80.2266235352,47481,47491,10
12.8836097717,80.226600647,47491,47502,11
12.8846998215,80.2265777588,47502,47512,10
12.8851604462,80.226600647,47512,47522,10
12.885219574,80.2266082764,47522,47532,10
12.8856801987,80.2266998291,47532,47542,10
12.8864603043,80.2269134521,47542,47552,10
12.8873996735,80.2271270752,47552,47562,10
12.8883199692,80.2272109985,47562,47572,10
12.8884601593,80.2272186279,47572,47582,10
12.8887996674,80.2272415161,47582,47592,10
12.8895301819,80.2272415161,47592,47602,10
12.8904895782,80.2272415161,47602,47613,11
12.891579628,80.2272262573,47613,47623,10
12.89220047,80.2272415161,47623,47633,10
12.8928203583,80.2273025513,47633,47643,10
12.8936004639,80.2274093628,47643,47653,10
12.8939599991,80.2274398804,47653,47663,10
12.8940200806,80.2274475098,47663,47673,10
12.8944997787,80.2275009155,47673,47683,10
12.8953304291,80.2275466919,47683,47693,10
12.8962898254,80.2276000977,47693,47703,10
12.897359848,80.2276611328,47703,47713,10
12.898639679,80.227722168,47713,47724,11
12.8999700546,80.2277603149,47724,47734,10
12.9004602432,80.2277297974,47734,47851,117
12.9004602432,80.2277297974,47851,47863,12
12.9005804062,80.2277374268,47863,47873,10
12.9007501602,80.2277526855,47873,47883,10
12.9010696411,80.2277908325,47883,47892,9
12.9014797211,80.2278289795,47892,47904,12
12.9022502899,80.2278671265,47904,47915,11
12.9022598267,80.2278671265,47915,47927,12
12.9026498795,80.2278823853,47927,47937,10
12.9028396606,80.227897644,47937,47946,9
12.9032897949,80.2279434204,47946,47957,11
12.9041204453,80.2279891968,47957,47967,10
12.9057703018,80.2280578613,47967,47997,30
12.9057703018,80.2280578613,47997,48007,10
12.905960083,80.2280502319,48007,48017,10
12.9059896469,80.2280502319,48017,48027,10
12.9060602188,80.2280502319,48027,48038,11
12.9062795639,80.2280197144,48038,48078,40
12.9062795639,80.2280197144,48078,48088,10
12.9063100815,80.2279815674,48088,48098,10
12.9067697525,80.2280578613,48098,48108,10
12.9076404572,80.2282104492,48108,48118,10
12.9087400436,80.2284164429,48118,48127,9
12.9099197388,80.2286224365,48127,48139,12
12.9116201401,80.2288894653,48139,48149,10
12.913069725,80.2290878296,48149,48159,10
12.9139499664,80.2292098999,48159,48169,10
12.9139699936,80.2292022705,48169,48179,10
12.9142999649,80.2292404175,48179,48189,10
12.9149999619,80.2293395996,48189,48199,10
12.9159898758,80.2294998169,48199,48209,10
12.9171600342,80.2296676636,48209,48219,10
12.9183797836,80.229850769,48219,48229,10
12.919670105,80.2300109863,48229,48239,10
12.9210596085,80.230178833,48239,48250,11
12.922659874,80.2304077148,48250,48266,16
12.9250097275,80.2307662964,48266,48278,12
12.9264698029,80.2308807373,48278,48288,10
12.926659584,80.2309188843,48288,48297,9
12.9272003174,80.2309799194,48297,48308,11
12.9282102585,80.2311019897,48308,48318,10
12.9292097092,80.231300354,48318,48328,10
12.9301595688,80.2315216064,48328,48338,10
12.9313402176,80.2318725586,48338,48349,11
12.9327402115,80.2323379517,48349,48359,10
12.9335899353,80.2326889038,48359,48369,10
12.9337100983,80.2327423096,48369,48379,10
12.9341697693,80.2329483032,48379,48389,10
12.9348096848,80.2332382202,48389,48399,10
12.9360599518,80.2338180542,48399,48409,10
12.9372596741,80.2344207764,48409,48419,10
12.9385299683,80.2350311279,48419,48429,10
12.9395999908,80.2355728149,48429,48439,10
12.9398803711,80.2356796265,48439,48450,11
12.9404401779,80.2358703613,48450,48460,10
12.9413204193,80.2360992432,48460,48470,10
12.942440033,80.2364196777,48470,48480,10
12.9441404343,80.2378234863,48480,48490,10
12.9441404343,80.2378234863,48490,48500,10
12.944849968,80.2386016846,48500,48510,10
12.9458303452,80.2393722534,48510,48520,10
12.9471197128,80.2399215698,48520,48530,10
12.9477596283,80.2401275635,48530,48540,10
12.947930336,80.240196228,48540,48550,10
12.94851017,80.2404403687,48550,48562,12
12.9487400055,80.2405319214,48562,48572,10
12.9488897324,80.2406082153,48572,48582,10
12.9493198395,80.2407913208,48582,48591,9
12.9500198364,80.2410202026,48591,48601,10
12.9510602951,80.2413787842,48601,48612,11
12.9524002075,80.2418365479,48612,48622,10
12.9535799026,80.2423095703,48622,48632,10
12.9546403885,80.2427368164,48632,48642,10
12.9554595947,80.243057251,48642,48652,10
12.9562797546,80.2433624268,48652,48663,11
12.9563598633,80.2433929443,48663,48673,10
12.9568300247,80.243560791,48673,48683,10
12.9576196671,80.2438964844,48683,48693,10
12.9580698013,80.2440795898,48693,48703,10
12.9587602615,80.2443389893,48703,48713,10
12.9589004517,80.2444000244,48713,48723,10
12.9593296051,80.2446289063,48723,48733,10
12.9601297379,80.2450180054,48733,48743,10
12.961139679,80.2454910278,48743,48753,10
12.9623003006,80.2460632324,48753,48764,11
12.9632797241,80.2465591431,48764,48784,20
12.9632797241,80.2465591431,48784,48794,10
12.9634599686,80.2466278076,48794,48804,10
12.964099884,80.2469024658,48804,48814,10
12.9650001526,80.2472229004,48814,48824,10
12.9661302567,80.2476119995,48824,48834,10
12.9668598175,80.2479019165,48834,48844,10
12.9668998718,80.2479400635,48844,48854,10
12.9670696259,80.248046875,48854,48864,10
12.9676599503,80.2483062744,48864,48875,11
12.9686403275,80.2487030029,48875,48885,10
12.9697999954,80.249168396,48885,48895,10
12.9711503983,80.2496414185,48895,48905,10
12.9725704193,80.2500305176,48905,48915,10
12.9738702774,80.250328064,48915,48925,10
12.9743499756,80.2504425049,48925,48935,10
12.974650383,80.250541687,48935,48944,9
12.9752998352,80.2507629395,48944,48954,10
12.9763002396,80.2510528564,48954,48965,11
12.9775695801,80.2516098022,48965,48976,11
12.9787101746,80.2524337769,48976,48986,10
12.9795398712,80.252532959,48986,48996,10
12.9798898697,80.2523498535,48996,49006,10
12.9799003601,80.2522964478,49006,49016,10
12.9799604416,80.2519607544,49016,49026,10
12.9801397324,80.251373291,49026,49036,10
12.9804201126,80.2504425049,49036,49046,10
12.9806804657,80.2492370605,49046,49056,10
12.9807796478,80.2479629517,49056,49066,10
12.9808597565,80.2466812134,49066,49076,10
12.981010437,80.2453079224,49076,49087,11
12.9811496735,80.2440490723,49087,49097,10
12.9812803268,80.2435684204,49097,49107,10
12.9813299179,80.2430877686,49107,49117,10
12.9813203812,80.2427978516,49117,49127,10
12.9813098907,80.2426376343,49127,49137,10
12.9813098907,80.2421798706,49137,49147,10
12.9813098907,80.2414093018,49147,49164,17
12.981300354,80.2399291992,49164,49176,12
12.9812803268,80.2396316528,49176,49185,9
12.9812698364,80.2391815186,49185,49197,12
12.9812498093,80.2383499146,49197,49207,10
12.9812402725,80.2378234863,49207,49217,10
12.9812202454,80.2372283936,49217,49227,10
12.9812002182,80.2365875244,49227,49235,8
12.9811897278,80.2363433838,49235,49247,12
12.9811897278,80.2362289429,49247,49256,9
12.981180191,80.2358779907,49256,49266,10
12.9811897278,80.2357406616,49266,49277,11
12.981180191,80.235496521,49277,49287,10
12.981180191,80.2354812622,49287,49298,11
12.9811601639,80.2353363037,49298,49308,10
12.9811601639,80.2351608276,49308,49318,10
12.9811697006,80.2348632813,49318,49328,10
12.9811601639,80.2345733643,49328,49338,10
12.9812002182,80.2341995239,49338,49348,10
12.9813299179,80.2338485718,49348,49358,10
12.981470108,80.2335968018,49358,49378,20
12.981470108,80.2335968018,49378,49388,10
12.981590271,80.2332763672,49388,49399,11
12.981760025,80.2329406738,49399,49409,10
12.9817800522,80.2329025269,49409,49419,10
12.9819202423,80.2325820923,49419,49449,30
12.9819202423,80.2325820923,49449,49459,10
12.9819698334,80.2322463989,49459,49469,10
12.9819498062,80.2319030762,49469,49479,10
12.9819297791,80.2314910889,49479,49489,10
12.9818601608,80.2311401367,49489,49500,11
12.9816102982,80.2305679321,49500,49510,10
12.9812002182,80.2299194336,49510,49520,10
12.9809703827,80.2295379639,49520,49530,10
12.9807796478,80.2291870117,49530,49540,10
12.9805202484,80.228729248,49540,49550,10
12.9801797867,80.2281494141,49550,49560,10
12.9801397324,80.2280807495,49560,49570,10
12.9799699783,80.2277984619,49570,49580,10
12.979590416,80.2271881104,49580,49590,10
12.9791698456,80.2265014648,49590,49600,10
12.9787197113,80.2257537842,49600,49611,11
12.9783000946,80.2250595093,49611,49621,10
12.978099823,80.2247161865,49621,49631,10
12.9779596329,80.2244873047,49631,49641,10
12.9776697159,80.2240524292,49641,49651,10
12.9771995544,80.2232818604,49651,49661,10
12.9769201279,80.2227783203,49661,49671,10
12.9772195816,80.22265625,49671,49681,10
12.9774398804,80.2226028442,49681,49691,10
12.9774599075,80.222038269,49691,49701,10
12.9774303436,80.221321106,49701,49712,11
12.977519989,80.2211990356,49712,49722,10
12.9779396057,80.2211914063,49722,49732,10
12.9787797928,80.2211227417,49732,49742,10
12.9797096252,80.2210464478,49742,49752,10
12.980340004,80.2210083008,49752,49762,10
12.981089592,80.2210617065,49762,49772,10
12.9817304611,80.2213897705,49772,49782,10
12.9822998047,80.2217407227,49782,49792,10
12.9826803207,80.221862793,49792,49802,10
12.9829597473,80.2219619751,49802,49813,11
12.9832496643,80.2221374512,49813,49823,10
12.9834899902,80.2223205566,49823,49833,10
12.9837799072,80.2225036621,49833,49843,10
12.9842596054,80.2227783203,49843,49853,10
12.9847402573,80.2230911255,49853,49863,10
12.9852800369,80.2232589722,49863,49873,10
12.9855604172,80.2230911255,49873,49883,10
12.9858398438,80.2229537964,49883,49893,10
12.9860696793,80.2229385376,49893,49903,10
12.9862003326,80.2229309082,49903,49913,10
12.9865598679,80.2229309082,49913,49934,21
12.9865598679,80.2229309082,49934,49944,10
12.9868402481,80.2229690552,49944,49953,9
12.9871397018,80.2230224609,49953,49964,11
12.987739563,80.2229995728,49964,49973,9
12.9882602692,80.2226333618,49973,49984,11
12.9887399673,80.2221832275,49984,49994,10
12.9891996384,80.2216491699,49994,50004,10
12.9897203445,80.2210006714,50004,50014,10
12.9901895523,80.2205276489,50014,50025,11
12.9904003143,80.2203903198,50025,50035,10
12.9904603958,80.2203369141,50035,50045,10
12.9907999039,80.2200622559,50045,50055,10
12.9913797379,80.2195968628,50055,50065,10
12.9920301437,80.2191390991,50065,50075,10
12.9928398132,80.2185592651,50075,50085,10
12.9934501648,80.2180786133,50085,50096,11
12.9939699173,80.2176971436,50096,50106,10
12.9944295883,80.2173995972,50106,50116,10
12.99477005,80.2171401978,50116,50126,10
12.9949502945,80.2170181274,50126,50137,11
12.9955797195,80.2166976929,50137,50147,10
12.9963798523,80.2165374756,50147,50157,10
12.9970598221,80.2164535522,50157,50167,10
12.997420311,80.2161483765,50167,50177,10
12.9975404739,80.2160491943,50177,50187,10
12.9978599548,80.2157974243,50187,50197,10
12.9984502792,80.2152786255,50197,50207,10
12.9991102219,80.2147369385,50207,50217,10
12.999420166,80.2144470215,50217,50227,10
12.9999399185,80.2139968872,50227,50238,11
13.0006504059,80.2133636475,50238,50248,10
13.0011396408,80.2129821777,50248,50258,10
13.001660347,80.212600708,50258,50268,10
13.0022096634,80.2122573853,50268,50278,10
13.0029697418,80.2120819092,50278,50288,10
13.0036001205,80.2119598389,50288,50298,10
13.0036697388,80.2117462158,50298,50308,10
13.0036401749,80.2110671997,50308,50318,10
13.0035495758,80.2102127075,50318,50328,10
13.0035600662,80.2092971802,50328,50339,11
13.0040502548,80.2086181641,50339,50349,10
13.0050201416,80.2090606689,50349,50359,10
13.0056295395,80.2093200684,50359,50369,10
13.0058403015,80.2093963623,50369,50379,10
13.0060396194,80.2094573975,50379,50389,10
13.0062398911,80.2095336914,50389,50419,30
13.0062398911,80.2095336914,50419,50429,10
13.0064201355,80.2095870972,50429,50439,10
13.0074195862,80.2098312378,50439,50460,21
13.0074195862,80.2098312378,50460,50470,10
13.0076704025,80.2098770142,50470,50480,10
13.0080299377,80.2099609375,50480,50490,10
13.0080900192,80.2095413208,50490,50500,10
13.0079402924,80.2088012695,50500,50510,10
13.0078001022,80.2077713013,50510,50520,10
13.007610321,80.2066802979,50520,50530,10
13.007519722,80.2056808472,50530,50540,10
13.0074996948,80.2046737671,50540,50551,11
13.0074195862,80.2036819458,50551,50561,10
13.0072002411,80.2026824951,50561,50570,9
13.0065402985,80.2027511597,50570,50581,11
13.0068998337,80.20337677,50581,50591,10
13.0078897476,80.2036819458,50591,50601,10
13.0090999603,80.2036437988,50601,50611,10
13.0104103088,80.2035980225,50611,50621,10
13.0116996765,80.2037124634,50621,50631,10
13.0129499435,80.2039489746,50631,50641,10
13.0136995316,80.2042770386,50641,50652,11
13.0136604309,80.204460144,50652,50662,10
13.0135002136,80.2049102783,50662,50672,10
13.0132598877,80.2057266235,50672,50682,10
13.0130500793,80.2068099976,50682,50692,10
13.0129499435,80.2076721191,50692,50702,10
13.0128898621,80.2080230713,50702,50712,10
13.0129098892,80.2084503174,50712,50722,10
13.0129804611,80.2089309692,50722,50732,10
13.0131196976,80.209487915,50732,50742,10
13.0131902695,80.2098617554,50742,50753,11
13.0130901337,80.2106323242,50753,50763,10
13.0127601624,80.21144104,50763,50773,10
13.0125598907,80.2117996216,50773,50783,10
13.0122098923,80.212387085,50783,50793,10
13.0118598938,80.2128372192,50793,50803,10
13.0116100311,80.2127075195,50803,50813,10
13.0111703873,80.2123565674,50813,50823,10
13.0108804703,80.2121582031,50823,50833,10
13.010840416,80.2121429443,50833,50843,10
13.0107002258,80.2120285034,50843,50853,10
13.0102996826,80.2117385864,50853,50904,51
13.0101604462,80.2116622925,50904,50995,91
13.0101604462,80.2116622925,50995,51005,10
13.0101003647,80.2115631104,51005,51015,10
13.0098896027,80.2114028931,51015,51025,10
13.0097503662,80.2113037109,51025,51076,51
13.0097503662,80.2113037109,51076,51086,10
13.009519577,80.2110366821,51086,51096,10
13.0094900131,80.2110290527,51096,51106,10
13.0093402863,80.2110366821,51106,51116,10
13.0091896057,80.2112503052,51116,51126,10
13.009059906,80.2114105225,51126,51136,10
13.009059906,80.2117233276,51136,51146,10
13.0092401505,80.212310791,51146,51156,10
13.0094995499,80.2130432129,51156,51166,10
13.0097703934,80.2137298584,51166,51177,11
13.010140419,80.2146987915,51177,51187,10
13.010219574,80.2154312134,51187,51197,10
13.0103902817,80.2160186768,51197,51207,10
13.0107803345,80.2168121338,51207,51217,10
13.0112600327,80.2178421021,51217,51227,10
13.011590004,80.2187576294,51227,51237,10
13.0119199753,80.2197113037,51237,51247,10
13.0122404099,80.2207183838,51247,51256,9
13.0123996735,80.2214508057,51256,51266,10
13.0127296448,80.2219467163,51266,51277,11
13.0131797791,80.2224884033,51277,51288,11
13.013759613,80.2231521606,51288,51298,10
13.0142602921,80.223739624,51298,51308,10
13.0148696899,80.2244110107,51308,51318,10
13.0154104233,80.2251281738,51318,51328,10
13.0153903961,80.2256774902,51328,51338,10
13.0148897171,80.2259674072,51338,51348,10
13.0141897202,80.2262420654,51348,51358,10
13.0133399963,80.2265701294,51358,51368,10
13.0123500824,80.2269592285,51368,51378,10
13.0112895966,80.2273712158,51378,51389,11
13.0101499557,80.2278137207,51389,51399,10
13.0095500946,80.2277984619,51399,51409,10
13.0096502304,80.2272720337,51409,51419,10
13.0099201202,80.2266998291,51419,51429,10
13.0102796555,80.2259216309,51429,51439,10
13.0106096268,80.2251281738,51439,51449,10
13.0109500885,80.224319458,51449,51459,10
13.0111303329,80.2238235474,51459,51469,10
13.0111598969,80.2237167358,51469,51479,10
13.0112199783,80.2235183716,51479,51490,11
13.0110998154,80.2230682373,51490,51500,10
13.0104799271,80.2227630615,51500,51510,10
13.0103702545,80.2227096558,51510,51520,10
13.0101804733,80.2226028442,51520,51530,10
13.0096702576,80.2223434448,51530,51540,10
13.008939743,80.2219467163,51540,51550,10
13.0080604553,80.2214736938,51550,51560,10
13.0071201324,80.2209777832,51560,51570,10
13.0061597824,80.2205886841,51570,51580,10
13.0051202774,80.2203598022,51580,51590,10
13.0045795441,80.2202377319,51590,51601,11
13.0043802261,80.220199585,51601,51611,10
13.003780365,80.2200469971,51611,51621,10
13.0029401779,80.2198104858,51621,51631,10
13.0020799637,80.2191390991,51631,51641,10
13.0013198853,80.218421936,51641,51651,10
13.000579834,80.2179412842,51651,51661,10
13.0,80.2175827026,51661,51671,10
12.999420166,80.2172393799,51671,51681,10
12.9986200333,80.2168273926,51681,51691,10
12.997759819,80.2165679932,51691,51702,11
12.9974803925,80.2165374756,51702,51712,10
12.9974002838,80.2165222168,51712,51722,10
12.9969396591,80.2165374756,51722,51732,10
12.9965000153,80.216583252,51732,51742,10
12.9962301254,80.2166366577,51742,51752,10
12.9960403442,80.2166824341,51752,51762,10
12.9958200455,80.2167510986,51762,51772,10
12.9956502914,80.216796875,51772,51782,10
12.9955101013,80.2168502808,51782,51792,10
12.9953203201,80.2169418335,51792,51802,10
12.9951400757,80.2170410156,51802,51813,11
12.9948196411,80.2172470093,51813,51823,10
12.9942998886,80.2176437378,51823,51833,10
12.9937200546,80.2180862427,51833,51843,10
12.9931898117,80.2184295654,51843,51853,10
12.992650032,80.2188186646,51853,51863,10
12.9919996262,80.2193069458,51863,51873,10
12.9915399551,80.2196578979,51873,51944,71
12.9915399551,80.2196578979,51944,51954,10
12.9911403656,80.2194976807,51954,51964,10
12.9909696579,80.2194366455,51964,51974,10
12.9907398224,80.2193527222,51974,51984,10
12.9900999069,80.2191390991,51984,51994,10
12.9892196655,80.2188186646,51994,52004,10
12.9881496429,80.2184829712,52004,52015,11
12.9870004654,80.2182617188,52015,52025,10
12.9867296219,80.2182235718,52025,52035,10
12.9863395691,80.218132019,52035,52045,10
12.9855203629,80.217956543,52045,52055,10
12.9844198227,80.217956543,52055,52065,10
12.9832801819,80.2179718018,52065,52075,10
12.9823503494,80.2179870605,52075,52085,10
12.9815301895,80.2180633545,52085,52095,10
12.9812602997,80.2181167603,52095,52105,10
12.980890274,80.2182388306,52105,52115,10
12.9801502228,80.21849823,52115,52126,11
12.9791402817,80.2189025879,52126,52136,10
12.9785604477,80.2191467285,52136,52146,10
12.977809906,80.2194595337,52146,52156,10
12.9769001007,80.219833374,52156,52167,11
12.9760198593,80.2202072144,52167,52179,12
12.9757604599,80.2203216553,52179,52189,10
12.9755802155,80.2204818726,52189,52199,10
12.9755496979,80.2207794189,52199,52209,10
12.9759302139,80.2211227417,52209,52219,10
12.9762601852,80.2216033936,52219,52230,11
12.9763298035,80.2217025757,52230,52240,10
12.9764204025,80.2218322754,52240,52250,10
12.9766597748,80.2222213745,52250,52260,10
12.9768104553,80.2225112915,52260,52270,10
12.9768800735,80.2226409912,52270,52292,22
12.9777498245,80.2240524292,52292,52304,12
12.9783697128,80.2250595093,52304,52314,10
12.9788503647,80.2258529663,52314,52324,10
12.9793796539,80.2267074585,52324,52333,9
12.9797401428,80.2273025513,52333,52345,12
12.980050087,80.2278137207,52345,52355,10
12.9804000854,80.2284622192,52355,52365,10
12.980799675,80.2291183472,52365,52375,10
12.9810800552,80.2295837402,52375,52384,9
12.9814395905,80.2301177979,52384,52395,11
12.9816999435,80.2305297852,52395,52405,10
12.981760025,80.2306518555,52405,52415,10
12.9819602966,80.2311477661,52415,52425,10
12.982049942,80.2319412231,52425,52435,10
12.9820203781,80.2324981689,52435,52456,21
12.9820203781,80.2324981689,52456,52466,10
12.9819498062,80.2327575684,52466,52476,10
12.9817199707,80.2333068848,52476,52486,10
12.9816198349,80.233543396,52486,52496,10
12.9814395905,80.2339096069,52496,52506,10
12.9812602997,80.2344589233,52506,52516,10
12.9812498093,80.2356109619,52516,52526,10
12.9812602997,80.2365722656,52526,52536,10
12.9812803268,80.2375411987,52536,52547,11
12.9813098907,80.2384490967,52547,52557,10
12.9813203812,80.2386627197,52557,52567,10
12.9813299179,80.2389984131,52567,52577,10
12.9813404083,80.2395706177,52577,52587,10
12.9813604355,80.2403488159,52587,52597,10
12.9813699722,80.2411499023,52597,52607,10
12.9813804626,80.2414474487,52607,52617,10
12.9813995361,80.2415390015,52617,52627,10
12.9813995361,80.2416534424,52627,52637,10
12.9813995361,80.2423171997,52637,52678,41
12.9813995361,80.2423171997,52678,52688,10
12.9814100266,80.2429122925,52688,52698,10
12.9813604355,80.2436599731,52698,52708,10
12.9812402725,80.2446517944,52708,52718,10
12.981089592,80.2458267212,52718,52728,10
12.9809503555,80.2471313477,52728,52738,10
12.9808502197,80.2484970093,52738,52749,11
12.9806404114,80.2500228882,52749,52759,10
12.9802904129,80.2513885498,52759,52769,10
12.9800300598,80.2522888184,52769,52779,10
12.97976017,80.2527694702,52779,52789,10
12.9790296555,80.2527008057,52789,52799,10
12.9786100388,80.2526016235,52799,52809,10
12.9784498215,80.252532959,52809,52819,10
12.9779596329,80.2521362305,52819,52829,10
12.9772796631,80.2515563965,52829,52839,10
12.9765195847,80.2512512207,52839,52849,10
12.9755296707,80.2509384155,52849,52860,11
12.9742202759,80.2505722046,52860,52870,10
12.9730501175,80.2502670288,52870,52880,10
12.9725704193,80.2501602173,52880,52890,10
12.9722995758,80.2500762939,52890,52900,10
12.9719200134,80.2499694824,52900,52910,10
12.9711704254,80.2497711182,52910,52926,16
12.9695396423,80.249206543,52926,52938,12
12.9683599472,80.2487564087,52938,52946,8
12.9676103592,80.2484436035,52946,52958,12
12.9666204453,80.2479705811,52958,52973,15
12.965379715,80.247467041,52973,52983,10
12.9650802612,80.2473678589,52983,52993,10
12.9650297165,80.2473602295,52993,53003,10
12.964630127,80.2472076416,53003,53013,10
12.9639101028,80.2469406128,53013,53023,10
12.9632797241,80.2466583252,53023,53033,10
12.9624004364,80.2461776733,53033,53043,10
12.9613199234,80.2456588745,53043,53066,23
12.9586801529,80.244468689,53066,53079,13
12.9578399658,80.2441101074,53079,53089,10
12.9573001862,80.2439422607,53089,53129,40
12.9573001862,80.2439422607,53129,53138,9
12.9570903778,80.243888855,53138,53170,32
12.9570903778,80.243888855,53170,53180,10
12.9568004608,80.2438201904,53180,53201,21
12.9568004608,80.2438201904,53201,53211,10
12.9567203522,80.243812561,53211,53221,10
12.9566001892,80.2437667847,53221,53231,10
12.9564399719,80.2437210083,53231,53241,10
12.9562702179,80.2436523438,53241,53251,10
12.9557800293,80.2434005737,53251,53261,10
12.9550104141,80.2430114746,53261,53272,11
12.9539499283,80.2425384521,53272,53282,10
12.9529399872,80.2421188354,53282,53292,10
12.9521398544,80.2418289185,53292,53302,10
12.9519996643,80.2417831421,53302,53312,10
12.9517402649,80.2416763306,53312,53322,10
12.9515399933,80.2416000366,53322,53332,10
12.9510803223,80.2414321899,53332,53342,10
12.9503297806,80.2412033081,53342,53352,10
12.9496002197,80.2409973145,53352,53362,10
12.9494104385,80.2409362793,53362,53372,10
12.9491996765,80.2408599854,53372,53383,11
12.9489002228,80.2407531738,53383,53393,10
12.9482297897,80.2404937744,53393,53403,10
12.9475002289,80.240196228,53403,53413,10
12.9472703934,80.2400970459,53413,53423,10
12.94713974,80.2400436401,53423,53433,10
12.9465999603,80.2398300171,53433,53443,10
12.9457998276,80.2394790649,53443,53453,10
12.9448900223,80.2388763428,53453,53463,10
12.944029808,80.2379379272,53463,53473,10
12.9433403015,80.237197876,53473,53484,11
12.9430999756,80.2369384766,53484,53494,10
12.9424695969,80.2365188599,53494,53504,10
12.9414997101,80.2362289429,53504,53514,10
12.9405002594,80.2359924316,53514,53524,10
12.9399299622,80.2358169556,53524,53534,10
12.9398803711,80.2358016968,53534,53544,10
12.9396295547,80.2357025146,53544,53554,10
12.9389696121,80.2353820801,53554,53564,10
12.9380598068,80.2349319458,53564,53574,10
12.9369497299,80.2343826294,53574,53584,10
12.9358901978,80.2338867188,53584,53595,11
12.9347896576,80.2333526611,53595,53605,10
12.933930397,80.232963562,53605,53615,10
12.933719635,80.2329025269,53615,53625,10
12.9335699081,80.2328414917,53625,53635,10
12.933429718,80.2327804565,53635,53645,10
12.9328403473,80.2325134277,53645,53655,10
12.9319295883,80.2322006226,53655,53665,10
12.9307603836,80.2318267822,53665,53675,10
12.9295902252,80.2315216064,53675,53685,10
12.928560257,80.231300354,53685,53696,11
12.9272499084,80.2311019897,53696,53706,10
12.9259796143,80.2309875488,53706,53716,10
12.9256896973,80.2309799194,53716,53726,10
12.9252796173,80.2308883667,53726,53736,10
12.9244804382,80.230796814,53736,53746,10
12.9234399796,80.230682373,53746,53756,10
12.9221601486,80.2304763794,53756,53766,10
12.9207296371,80.2302703857,53766,53782,16
12.9183101654,80.2299499512,53782,53794,12
12.9164400101,80.2296981812,53794,53803,9
12.9150295258,80.2294998169,53803,53815,12
12.9134902954,80.2293319702,53815,53825,10
12.9133796692,80.2293167114,53825,53835,10
12.9133701324,80.229309082,53835,53844,9
12.9130296707,80.2292404175,53844,53855,11
12.9120397568,80.2290725708,53855,53864,9
12.9110498428,80.2289199829,53864,53875,11
12.909620285,80.2286987305,53875,53885,10
12.9082202911,80.2284698486,53885,53895,10
12.9068498611,80.2283172607,53895,53926,31
12.9068498611,80.2283172607,53926,53936,10
12.9068403244,80.2283172607,53936,53946,10
12.9064302444,80.2282791138,53946,53956,10
12.9062995911,80.2282409668,53956,53966,10
12.9059295654,80.2281723022,53966,53976,10
12.9051799774,80.2281494141,53976,53986,10
12.9041099548,80.2281112671,53986,53996,10
12.9028196335,80.2280578613,53996,54006,10
12.9015197754,80.2279891968,54006,54017,11
12.900560379,80.2279205322,54017,54027,10
12.8994197845,80.2278823853,54027,54057,30
12.8994197845,80.2278823853,54057,54067,10
12.8993501663,80.2278823853,54067,54077,10
12.8988599777,80.2278366089,54077,54087,10
12.8980703354,80.2277984619,54087,54097,10
12.897069931,80.2277374268,54097,54107,10
12.8959197998,80.2276916504,54107,54118,11
12.8945198059,80.2276229858,54118,54128,10
12.8934001923,80.2275466919,54128,54138,10
12.8931598663,80.2275238037,54138,54148,10
12.8930196762,80.2275009155,54148,54158,10
12.8924398422,80.227432251,54158,54168,10
12.8915395737,80.2273864746,54168,54178,10
12.8904104233,80.2273788452,54178,54188,10
12.8891401291,80.2273712158,54188,54198,10
12.8884601593,80.2273712158,54198,54208,10
12.8882904053,80.2273635864,54208,54219,11
12.8876199722,80.2272872925,54219,54229,10
12.8867301941,80.2271270752,54229,54239,10
12.8856296539,80.2268600464,54239,54249,10
12.8849201202,80.2267532349,54249,54259,10
12.8849096298,80.2267532349,54259,54269,10
12.8845100403,80.2267379761,54269,54279,10
12.8837299347,80.2267379761,54279,54289,10
12.8827104568,80.2267379761,54289,54299,10
12.8814601898,80.2267379761,54299,54309,10
12.8801298141,80.2267608643,54309,54319,10
12.8787899017,80.2267990112,54319,54329,10
12.8776702881,80.226890564,54329,54339,10
12.876830101,80.2269592285,54339,54350,11
12.8763904572,80.2265701294,54350,54380,30
12.8763904572,80.2265701294,54380,54390,10
12.8764295578,80.2261886597,54390,54400,10
12.8765001297,80.2254486084,54400,54410,10
12.8766202927,80.2244873047,54410,54420,10
12.8768501282,80.2233276367,54420,54430,10
12.8771600723,80.2220077515,54430,54441,11
12.8775196075,80.2204589844,54441,54451,10
12.8778495789,80.2190628052,54451,54461,10
12.8781204224,80.2177963257,54461,54471,10
12.8783502579,80.2166595459,54471,54481,10
12.878569603,80.2156066895,54481,54491,10
12.8788204193,80.2143936157,54491,54501,10
12.8790798187,80.2130432129,54501,54511,10
12.8793296814,80.2117233276,54511,54521,10
12.878950119,80.2108917236,54521,54542,21
12.878950119,80.2108917236,54542,54552,10
12.8786001205,80.2108535767,54552,54562,10
12.877869606,80.2107162476,54562,54572,10
12.8769798279,80.2105484009,54572,54582,10
12.8762102127,80.2104034424,54582,54592,10
12.87458992,80.2101211548,54592,54622,30
12.87458992,80.2101211548,54622,54632,10
12.8744802475,80.2101135254,54632,54643,11
12.8743801117,80.2097625732,54643,54653,10
12.8746700287,80.2097625732,54653,56412,1759
12.8746700287,80.2097625732,56412,56422,10
12.8746995926,80.2098464966,56422,56433,11
12.8746700287,80.2100830078,56433,56443,10
12.8747797012,80.2101821899,56443,56453,10
12.8748598099,80.2101821899,56453,56463,10
12.8750495911,80.2102127075,56463,56473,10
12.8754196167,80.2102737427,56473,56483,10
12.875670433,80.2103118896,56483,56493,10
12.8760299683,80.2103729248,56493,56503,10
12.8764801025,80.2104568481,56503,56513,10
12.876999855,80.2105407715,56513,56523,10
12.8776397705,80.2106704712,56523,56534,11
12.8783597946,80.2108078003,56534,56544,10
12.8789396286,80.210899353,56544,56552,8
12.8791799545,80.2109527588,56552,56564,12
12.8793296814,80.2109985352,56564,56574,10
12.8793296814,80.2110137939,56574,56584,10
12.8794698715,80.2113037109,56584,56594,10
12.8793401718,80.2119216919,56594,56604,10
12.8791799545,80.2127609253,56604,56614,10
12.8790102005,80.2136611938,56614,56624,10
12.8788204193,80.2146530151,56624,56635,11
12.8785800934,80.2158279419,56635,56645,10
12.878370285,80.2168121338,56645,56654,9
12.8781604767,80.2179031372,56654,56665,11
12.8779296875,80.2189788818,56665,56675,10
12.8776502609,80.2201919556,56675,56685,10
12.8774003983,80.2212982178,56685,56695,10
12.8771400452,80.2224121094,56695,56705,10
12.8768701553,80.2235565186,56705,56715,10
12.8766803741,80.2246932983,56715,56725,10
12.8765602112,80.2257919312,56725,56736,11
12.8764400482,80.2266616821,56736,56746,10
12.876449585,80.2268600464,56746,56756,10
12.8765802383,80.2269287109,56756,56766,10
12.8768396378,80.2268829346,56766,56776,10
12.8774900436,80.2268218994,56776,56786,10
12.8784399033,80.2267379761,56786,56796,10
12.8795795441,80.2266693115,56796,56806,10
12.8808097839,80.2266464233,56806,56816,10
12.882060051,80.2266387939,56816,56826,10
12.8832902908,80.2266311646,56826,56836,10
12.884469986,80.2266235352,56836,56847,11
12.8851995468,80.2266235352,56847,56857,10
12.8852996826,80.2266387939,56857,56867,10
12.8858299255,80.2267608643,56867,56877,10
12.886639595,80.2269821167,56877,56887,10
12.8876304626,80.2271728516,56887,56897,10
12.8887796402,80.2272567749,56897,56907,10
12.8900098801,80.2272567749,56907,56917,10
12.8912096024,80.2272491455,56917,56927,10
12.8923501968,80.2272720337,56927,56937,10
12.8934602737,80.2273864746,56937,56948,11
12.8941202164,80.2274627686,56948,56958,10
12.8943004608,80.2274780273,56958,56968,10
12.894949913,80.2275238037,56968,56978,10
12.8956699371,80.2275695801,56978,56988,10
12.8966503143,80.2276000977,56988,56998,10
12.8977499008,80.2276611328,56998,57008,10
12.8987798691,80.2277297974,57008,57018,10
12.8998098373,80.2277832031,57018,57028,10
12.9005899429,80.2277984619,57028,57089,61
12.9005899429,80.2277984619,57089,57099,10
12.9006700516,80.2278366089,57099,57109,10
12.9010696411,80.2278823853,57109,57119,10
12.9016599655,80.2279129028,57119,57129,10
12.9023504257,80.2279129028,57129,57149,20
12.9023504257,80.2279129028,57149,57160,11
12.902759552,80.2279586792,57160,57170,10
12.9034404755,80.2279891968,57170,57180,10
12.9043502808,80.2280426025,57180,57190,10
12.9055700302,80.2280731201,57190,57210,20
12.9055700302,80.2280731201,57210,57220,10
12.9056396484,80.2280426025,57220,57230,10
12.9060001373,80.2280502319,57230,57240,10
12.9063100815,80.2280807495,57240,57250,10
12.9067497253,80.2281265259,57250,57261,11
12.9069404602,80.2281570435,57261,57271,10
12.9074296951,80.2282333374,57271,57281,10
12.9082403183,80.2283630371,57281,57291,10
12.9092798233,80.2285385132,57291,57301,10
12.9105596542,80.2287597656,57301,57311,10
12.9119195938,80.2289733887,57311,57321,10
12.913020134,80.229133606,57321,57331,10
12.913860321,80.2292175293,57331,57341,10
12.9139204025,80.2292404175,57341,57351,10
12.9142799377,80.229309082,57351,57361,10
12.9150400162,80.2294082642,57361,57372,11
12.916179657,80.2295837402,57372,57382,10
12.9172801971,80.2297363281,57382,57392,10
12.9183597565,80.2298812866,57392,57402,10
12.919210434,80.2299804688,57402,57412,10
12.9193096161,80.2300033569,57412,57422,10
12.9198703766,80.2300720215,57422,57432,10
12.9207696915,80.230178833,57432,57442,10
12.9218997955,80.2303390503,57442,57452,10
12.923119545,80.2305297852,57452,57462,10
12.9244203568,80.2307128906,57462,57472,10
12.925740242,80.2308502197,57472,57483,11
12.926320076,80.2309188843,57483,57493,10
12.9264698029,80.2309417725,57493,57503,10
12.9271001816,80.231010437,57503,57513,10
12.9280195236,80.2311172485,57513,57523,10
12.9287700653,80.2312469482,57523,57533,10
12.9296197891,80.2314224243,57533,57543,10
12.930680275,80.2316818237,57543,57553,10
12.9317398071,80.2320175171,57553,57563,10
12.9325199127,80.2322769165,57563,57573,10
12.9336395264,80.2327194214,57573,57594,21
12.9336395264,80.2327194214,57594,57604,10
12.9339799881,80.2328872681,57604,57614,10
12.934709549,80.2332077026,57614,57624,10
12.9354000092,80.2335281372,57624,57634,10
12.9356403351,80.2336425781,57634,57644,10
12.9356803894,80.2336578369,57644,57654,10
12.9361095428,80.2338562012,57654,57664,10
12.9368696213,80.2342300415,57664,57674,10
12.9378204346,80.2346801758,57674,57685,11
12.9389200211,80.235206604,57685,57695,10
12.939499855,80.2355270386,57695,57705,10
12.9395103455,80.2355270386,57705,57715,10
12.9398202896,80.2356567383,57715,57725,10
12.9405603409,80.2359008789,57725,57735,10
12.9415502548,80.2361602783,57735,57745,10
12.942700386,80.236541748,57745,57755,10
12.9434900284,80.2370986938,57755,57765,10
12.9436197281,80.2372207642,57765,57775,10
12.9437198639,80.2373504639,57775,57786,11
12.9442195892,80.2378997803,57786,57796,10
12.944899559,80.2386398315,57796,57806,10
12.9458198547,80.2393569946,57806,57816,10
12.9469203949,80.2398223877,57816,57826,10
12.9472904205,80.2399597168,57826,57836,10
12.9475803375,80.2400665283,57836,57846,10
12.9482698441,80.2403717041,57846,57856,10
12.948849678,80.2406005859,57856,57897,41
12.948849678,80.2406005859,57897,57907,10
12.9488801956,80.2406387329,57907,57917,10
12.9493103027,80.2407989502,57917,57927,10
12.9501199722,80.2410583496,57927,57937,10
12.9510002136,80.2413101196,57937,57947,10
12.9511404037,80.2413635254,57947,57957,10
12.9512796402,80.2414016724,57957,57967,10
12.9518699646,80.241607666,57967,57977,10
12.952580452,80.2418823242,57977,57987,10
12.9533500671,80.2422180176,57987,57998,11
12.9544496536,80.2426528931,57998,58008,10
12.9552698135,80.2429275513,58008,58017,9
12.9559202194,80.2431335449,58017,58028,11
12.9563703537,80.2433013916,58028,58038,10
12.9567203522,80.2434616089,58038,58048,10
12.957449913,80.2438430786,58048,58058,10
12.9583797455,80.2442398071,58058,58068,10
12.9586801529,80.244392395,58068,58078,10
12.9588499069,80.244468689,58078,58088,10
12.9594202042,80.244758606,58088,58099,11
12.9603900909,80.2452087402,58099,58109,10
12.961520195,80.2457275391,58109,58119,10
12.9629297256,80.2464065552,58119,58149,30
12.9629297256,80.2464065552,58149,58159,10
12.9631099701,80.2464981079,58159,58169,10
12.9636201859,80.2467727661,58169,58179,10
12.9643297195,80.2470397949,58179,58189,10
12.9649896622,80.2472686768,58189,58199,10
12.965880394,80.2475814819,58199,58210,11
12.9667797089,80.2479782104,58210,58220,10
12.9672603607,80.2481536865,58220,58230,10
12.9679698944,80.2484512329,58230,58240,10
12.9689102173,80.2488479614,58240,58250,10
12.9699897766,80.2492904663,58250,58260,10
12.9710798264,80.2496795654,58260,58270,10
12.9722499847,80.25,58270,58279,9
12.9733400345,80.2502593994,58279,58289,10
12.9743795395,80.2505569458,58289,58300,11
12.9756698608,80.2509536743,58300,58311,11
12.9770002365,80.2513198853,58311,58321,10
12.9780101776,80.251991272,58321,58331,10
12.979060173,80.252571106,58331,58341,10
12.9799699783,80.2523880005,58341,58351,10
12.9799900055,80.252281189,58351,58361,10
12.9800100327,80.2520904541,58361,58371,10
12.9801998138,80.2515487671,58371,58381,10
12.9804697037,80.2506408691,58381,58391,10
12.9806995392,80.2494430542,58391,58401,10
12.9808197021,80.2480392456,58401,58411,10
12.9809398651,80.246673584,58411,58428,17
12.9811897278,80.2443008423,58428,58440,12
12.9813499451,80.2434005737,58440,58450,10
12.9813699722,80.2430114746,58450,58460,10
12.9813899994,80.2425918579,58460,58469,9
12.9813699722,80.2419433594,58469,58479,10
12.9813604355,80.2408905029,58479,58490,11
12.9813203812,80.2397384644,58490,58531,41
12.9813203812,80.2397384644,58531,58541,10
12.9813203812,80.2396621704,58541,58551,10
12.9813098907,80.2391967773,58551,58561,10
12.9812698364,80.2379226685,58561,58581,20
12.9812698364,80.2379226685,58581,58591,10
12.9812602997,80.2375564575,58591,58601,10
12.9812402725,80.2368164063,58601,58611,10
12.9812202454,80.2361068726,58611,58622,11
12.9812002182,80.235458374,58622,58632,10
12.981180191,80.2346420288,58632,58642,10
12.9812297821,80.2342376709,58642,58652,10
12.9812898636,80.2340621948,58652,58662,10
12.9815301895,80.233543396,58662,58672,10
12.9816398621,80.2333221436,58672,58682,10
12.9817800522,80.2330780029,58682,58692,10
12.9819898605,80.2324829102,58692,58702,10
12.982000351,80.2319793701,58702,58712,10
12.9819097519,80.2312774658,58712,58722,10
12.9817199707,80.2307510376,58722,58733,11
12.981180191,80.2298583984,58733,58743,10
12.980799675,80.2292480469,58743,58753,10
12.9806203842,80.2289962769,58753,58763,10
12.9805698395,80.2289199829,58763,58773,10
12.9803199768,80.2284698486,58773,58783,10
12.9799900055,80.2278366089,58783,58793,10
12.9795198441,80.2270736694,58793,58803,10
12.9790897369,80.2263565063,58803,58813,10
12.9786996841,80.2257232666,58813,58823,10
12.9782896042,80.2250366211,58823,58834,11
12.9778795242,80.2244873047,58834,58843,9
12.9776096344,80.2240066528,58843,58854,11
12.9771699905,80.2232818604,58854,58864,10
12.9772596359,80.2227172852,58864,58884,20
12.9772596359,80.2227172852,58884,58894,10
12.9774999619,80.2227020264,58894,58904,10
12.9775104523,80.2221832275,58904,58914,10
12.9774799347,80.2214508057,58914,58924,10
12.9774703979,80.2213134766,58924,58935,11
12.9777698517,80.221206665,58935,58945,10
12.9784002304,80.2211990356,58945,58955,10
12.9793195724,80.2211380005,58955,58965,10
12.9803304672,80.2210617065,58965,58975,10
12.9812803268,80.2211532593,58975,58985,10
12.981760025,80.2214508057,58985,58995,10
12.9823799133,80.221786499,58995,59005,10
12.9828796387,80.2219467163,59005,59015,10
12.9829797745,80.2219772339,59015,59025,10
12.9831800461,80.2220916748,59025,59035,10
12.9835996628,80.2223968506,59035,59046,11
12.9843397141,80.2228393555,59046,59056,10
12.9851398468,80.2232666016,59056,59066,10
12.9856796265,80.2230987549,59066,59076,10
12.9863195419,80.2229690552,59076,59086,10
12.9864997864,80.2229614258,59086,59096,10
12.9865999222,80.2229614258,59096,59106,10
12.9870195389,80.2230529785,59106,59116,10
12.9870700836,80.2230606079,59116,59126,10
12.9872303009,80.2230911255,59126,59136,10
12.9876499176,80.2230911255,59136,59147,11
12.988240242,80.2227630615,59147,59157,10
12.9886903763,80.2223434448,59157,59167,10
12.9891395569,80.2218322754,59167,59177,10
12.9896602631,80.2211685181,59177,59187,10
12.9903297424,80.2205123901,59187,59197,10
12.990480423,80.2203903198,59197,59207,10
12.9905195236,80.2203521729,59207,59217,10
12.990819931,80.2201004028,59217,59227,10
12.9912996292,80.2197494507,59227,59237,10
12.9914197922,80.2196731567,59237,59248,11
12.991900444,80.2192993164,59248,59258,10
12.9926204681,80.2187805176,59258,59268,10
12.9934396744,80.2181777954,59268,59278,10
12.9941997528,80.2176513672,59278,59288,10
12.9943704605,80.2175292969,59288,59298,10
12.9944601059,80.2174682617,59298,59308,10
12.9947099686,80.2172775269,59308,59318,10
12.9950304031,80.2170715332,59318,59328,10
12.9954595566,80.2168197632,59328,59338,10
12.9961299896,80.2165985107,59338,59348,10
12.9966697693,80.2165222168,59348,59359,11
12.9970197678,80.2164535522,59359,59369,10
12.9975404739,80.2160873413,59369,59389,20
12.9975404739,80.2160873413,59389,59399,10
12.9978904724,80.2158203125,59399,59409,10
12.9984397888,80.21534729,59409,59419,10
12.9990701675,80.2148208618,59419,59429,10
12.9993495941,80.21459198,59429,59439,10
12.9998397827,80.2141723633,59439,59449,10
13.0003299713,80.213722229,59449,59460,11
13.0011196136,80.2130813599,59460,59470,10
13.0018396378,80.2125473022,59470,59480,10
13.0019397736,80.2124710083,59480,59490,10
13.0021295547,80.2123718262,59490,59500,10
13.0026397705,80.2121505737,59500,59510,10
13.0032701492,80.2121124268,59510,59520,10
13.003660202,80.2119674683,59520,59530,10
13.0036802292,80.2117233276,59530,59540,10
13.0036401749,80.2110595703,59540,59550,10
13.0035400391,80.2102432251,59550,59561,11
13.0035495758,80.2092819214,59561,59571,10
13.0039596558,80.2086181641,59571,59581,10
13.0048303604,80.2089996338,59581,59591,10
13.0055999756,80.2093429565,59591,59601,10
13.0061798096,80.2095413208,59601,59611,10
13.0067796707,80.2097473145,59611,59621,10
13.0072898865,80.2098388672,59621,59651,30
13.0072898865,80.2098388672,59651,59662,11
13.0074796677,80.2098922729,59662,59672,10
13.0079097748,80.2099761963,59672,59682,10
13.0081996918,80.2098236084,59682,59692,10
13.008020401,80.2091064453,59692,59702,10
13.0078802109,80.2082214355,59702,59712,10
13.0077400208,80.207359314,59712,59722,10
13.0076398849,80.206817627,59722,59732,10
13.0075597763,80.2063522339,59732,59742,10
13.0074796677,80.2053070068,59742,59752,10
13.0074901581,80.2044067383,59752,59762,10
13.0074300766,80.2035369873,59762,59773,11
13.0070695877,80.2025375366,59773,59783,10
13.0065097809,80.2029190063,59783,59793,10
13.0069599152,80.2034301758,59793,59803,10
13.0076799393,80.2036819458,59803,59813,10
13.0087099075,80.2036972046,59813,59823,10
13.0099496841,80.2036437988,59823,59833,10
13.0112400055,80.2036895752,59833,59843,10
13.0125198364,80.2039108276,59843,59859,16
13.0136203766,80.2042388916,59859,59872,13
13.013710022,80.2044219971,59872,59883,11
13.0136404037,80.2046890259,59883,59893,10
13.0136003494,80.204750061,59893,59903,10
13.0134496689,80.2051925659,59903,59913,10
13.0131998062,80.2059783936,59913,59923,10
13.0130395889,80.206817627,59923,59933,10
13.0129804611,80.2075271606,59933,59943,10
13.0129098892,80.2081832886,59943,59953,10
13.0129098892,80.2086334229,59953,59963,10
13.013010025,80.2092208862,59963,59973,10
13.0132398605,80.2099075317,59973,59984,11
13.0130996704,80.2108383179,59984,59994,10
13.0126199722,80.2118301392,59994,60004,10
13.0120401382,80.2127075195,60004,60023,19
13.0114202499,80.2125930786,60023,60035,12
13.0105199814,80.2119216919,60035,60043,8
13.0097703934,80.2113571167,60043,60096,53
13.0094995499,80.2111434937,60096,61428,1332
13.0094995499,80.2111434937,61428,61438,10
13.0092697144,80.2112503052,61438,61449,11
13.0091600418,80.2114028931,61449,61459,10
13.0091495514,80.2114181519,61459,61469,10
13.009059906,80.2117462158,61469,61479,10
13.0092201233,80.2122116089,61479,61489,10
13.0094003677,80.2127075195,61489,61499,10
13.0095996857,80.2132415771,61499,61509,10
13.0098304749,80.2138214111,61509,61519,10
13.0100803375,80.2144393921,61519,61529,10
13.010219574,80.2151794434,61529,61539,10
13.0104103088,80.2159805298,61539,61550,11
13.010840416,80.2169494629,61550,61560,10
13.0112800598,80.2179107666,61560,61570,10
13.0115804672,80.2186965942,61570,61580,10
13.0118999481,80.2196121216,61580,61590,10
13.0122203827,80.2206268311,61590,61600,10
13.0123901367,80.2213821411,61600,61610,10
13.0127000809,80.2218475342,61610,61620,10
13.0131397247,80.2224197388,61620,61630,10
13.0136604309,80.2230377197,61630,61640,10
13.0142202377,80.2237319946,61640,61651,11
13.0149002075,80.2245025635,61651,61661,10
13.0153999329,80.225151062,61661,61671,10
13.0154895782,80.2254714966,61671,61681,10
13.0153999329,80.2257766724,61681,61691,10
13.0151700974,80.2259292603,61691,61701,10
13.0150604248,80.2259902954,61701,61711,10
13.0149698257,80.226020813,61711,61721,10
13.0145902634,80.2261505127,61721,61731,10
13.0139799118,80.2263793945,61731,61741,10
13.0132198334,80.2266693115,61741,61751,10
13.0123300552,80.2270202637,61751,61762,11
13.0112199783,80.2274627686,61762,61772,10
13.0101900101,80.2278518677,61772,61782,10
13.0095100403,80.2276611328,61782,61792,10
13.0098199844,80.2269287109,61792,61802,10
13.0101995468,80.22605896,61802,61812,10
13.0105600357,80.2252197266,61812,61828,16
13.0109395981,80.2242584229,61828,61840,12
13.0111904144,80.2236022949,61840,61848,8
13.0112695694,80.2233810425,61848,61859,11
13.0109996796,80.2230606079,61859,61871,12
13.010430336,80.2227783203,61871,61881,10
13.0103702545,80.2227478027,61881,61891,10
13.0101604462,80.2226333618,61891,61901,10
13.00963974,80.2223434448,61901,61911,10
13.0088996887,80.2219390869,61911,61921,10
13.0080900192,80.2214889526,61921,61931,10
13.0072002411,80.2210235596,61931,61941,10
13.0062799454,80.2206115723,61941,61951,10
13.0052404404,80.2203903198,61951,61961,10
13.0046596527,80.2202529907,61961,61972,11
13.0045003891,80.2202072144,61972,61982,10
13.0039796829,80.2200775146,61982,61992,10
13.0032196045,80.2199020386,61992,62002,10
13.0024204254,80.2194900513,62002,62012,10
13.0018196106,80.2188568115,62012,62022,10
13.0014200211,80.2184906006,62022,62032,10
13.0009803772,80.2181625366,62032,62042,10
13.0003995895,80.2177963257,62042,62052,10
12.9998397827,80.2174682617,62052,62061,9
12.9993801117,80.2172012329,62061,62073,12
12.9984798431,80.2167510986,62073,62083,10
12.9978399277,80.2165679932,62083,62093,10
12.9975099564,80.2165298462,62093,62143,50
12.9975099564,80.2165298462,62143,62153,10
12.9972000122,80.2165527344,62153,62163,10
12.9969301224,80.2165527344,62163,62173,10
12.996629715,80.2165679932,62173,62184,11
12.9964504242,80.2165985107,62184,62194,10
12.9961595535,80.2166595459,62194,62204,10
12.9959096909,80.2167129517,62204,62214,10
12.9956903458,80.2167663574,62214,62224,10
12.9955997467,80.216796875,62224,62234,10
12.9953899384,80.2169036865,62234,62264,30
12.9953899384,80.2169036865,62264,62274,10
12.9949903488,80.2171325684,62274,62285,11
12.9945201874,80.2174606323,62285,62295,10
12.9939804077,80.2178573608,62295,62305,10
12.9933204651,80.2183227539,62305,62315,10
12.9926795959,80.2187805176,62315,62325,10
12.9920597076,80.21925354,62325,62335,10
12.9915103912,80.2196578979,62335,62345,10
12.9910001755,80.2200088501,62345,62355,10
12.9907798767,80.220199585,62355,62365,10
12.9907197952,80.2202529907,62365,62375,10
12.9906702042,80.2202911377,62375,62386,11
12.9902896881,80.2205963135,62386,62396,10
12.9897499084,80.2211380005,62396,62412,16
12.9892501831,80.2217636108,62412,62424,12
12.9887895584,80.2223129272,62424,62434,10
12.9883003235,80.2227630615,62434,62444,10
12.9876098633,80.2231216431,62444,62484,40
12.9876098633,80.2231216431,62484,62495,11
12.9873399734,80.2230987549,62495,62505,10
12.9872598648,80.2230911255,62505,62515,10
12.986989975,80.2230377197,62515,62525,10
12.9865598679,80.2229614258,62525,62535,10
12.9859104156,80.2229919434,62535,62545,10
12.9853801727,80.2232971191,62545,62555,10
12.9849500656,80.223197937,62555,62565,10
12.9843597412,80.2228622437,62565,62575,10
12.9838399887,80.2225723267,62575,62585,10
12.9832401276,80.2221603394,62585,62626,41
12.9832401276,80.2221603394,62626,62636,10
12.983039856,80.222038269,62636,62646,10
12.9827203751,80.2218704224,62646,62666,20
12.9827203751,80.2218704224,62666,62676,10
12.9825496674,80.2218399048,62676,62686,10
12.9825201035,80.2218322754,62686,62696,10
12.9821300507,80.2216720581,62696,62707,11
12.9816799164,80.2213592529,62707,62717,10
12.9811296463,80.2210769653,62717,62727,10
12.9805402756,80.2210617065,62727,62737,10
12.980099678,80.2211074829,62737,62747,10
12.9798402786,80.2211227417,62747,62777,30
12.9798402786,80.2211227417,62777,62787,10
12.9798202515,80.2211303711,62787,62797,10
12.9794397354,80.2211380005,62797,62808,11
12.978679657,80.2211914063,62808,62818,10
12.9778604507,80.2212219238,62818,62828,10
12.9772396088,80.2212371826,62828,62838,10
12.9764795303,80.2212600708,62838,62848,10
12.9761400223,80.2214813232,62848,62858,10
12.9763898849,80.2218322754,62858,62878,20
12.9763898849,80.2218322754,62878,62888,10
12.9763898849,80.2220077515,62888,62898,10
12.9765901566,80.2223129272,62898,62908,10
12.9769001007,80.2227935791,62908,62925,17
12.9775295258,80.223777771,62925,62937,12
12.9781599045,80.2247695923,62937,62947,10
12.9786195755,80.2255172729,62947,62957,10
12.9792299271,80.2265396118,62957,62967,10
12.9797496796,80.2273864746,62967,62977,10
12.9801197052,80.2279968262,62977,62987,10
12.9805898666,80.2287826538,62987,62997,10
12.9810199738,80.2295227051,62997,63006,9
12.9813995361,80.2300872803,63006,63018,12
12.9817399979,80.2305984497,63018,63028,10
12.9818000793,80.2307128906,63028,63037,9
12.9819602966,80.2311401367,63037,63048,11
12.9820604324,80.2318496704,63048,63058,10
12.9820404053,80.2326583862,63058,63068,10
12.9817800522,80.2333068848,63068,63078,10
12.9816503525,80.233581543,63078,63088,10
12.9815998077,80.2336807251,63088,63098,10
12.9814100266,80.2340393066,63098,63108,10
12.9812898636,80.2344207764,63108,63119,11
12.9812602997,80.2351303101,63119,63129,10
12.9812803268,80.2359390259,63129,63139,10
12.9813098907,80.2368927002,63139,63149,10
12.9813404083,80.2378005981,63149,63159,10
12.9813404083,80.2379989624,63159,63169,10
12.9813604355,80.2385864258,63169,63179,10
12.9813604355,80.2387008667,63179,63189,10
12.9813604355,80.2388000488,63189,63199,10
12.9813699722,80.2393035889,63199,63209,10
12.9813995361,80.240020752,63209,63219,10
12.9813995361,80.2408370972,63219,63230,11
12.9814195633,80.2418365479,63230,63240,10
12.9814300537,80.2425765991,63240,63250,10
12.9814195633,80.2427902222,63250,63260,10
12.9814195633,80.2428588867,63260,63270,10
12.9814300537,80.2431182861,63270,63280,10
12.9814195633,80.2434387207,63280,63290,10
12.9813404083,80.2440567017,63290,63300,10
12.9812202454,80.244972229,63300,63310,10
12.9810600281,80.2460632324,63310,63320,10
12.9809503555,80.2472229004,63320,63331,11
12.9808597565,80.248626709,63331,63341,10
12.9806995392,80.2499313354,63341,63351,10
12.980389595,80.2511062622,63351,63361,10
12.9801197052,80.2521514893,63361,63371,10
12.9799604416,80.2526321411,63371,63462,91
12.9799604416,80.2526321411,63462,63472,10
12.979929924,80.2526626587,63472,63482,10
12.9795799255,80.2527923584,63482,63492,10
12.9785404205,80.2525863647,63492,63512,20
12.9785404205,80.2525863647,63512,63522,10
12.9783697128,80.2524719238,63522,63532,10
12.9778795242,80.2520599365,63532,63543,11
12.9770298004,80.2514419556,63543,63553,10
12.9759197235,80.251083374,63553,63563,10
12.9747200012,80.2507400513,63563,63573,10
12.9735002518,80.2503967285,63573,63583,10
12.9726295471,80.2501983643,63583,63593,10
12.9725599289,80.2501831055,63593,63603,10
12.9724302292,80.2501525879,63603,63613,10
12.9718904495,80.25,63613,63623,10
12.9710597992,80.2497634888,63623,63633,10
12.9700603485,80.2494430542,63633,63644,11
12.9689102173,80.2489624023,63644,63653,9
12.9679803848,80.248588562,63653,63664,11
12.966919899,80.2481307983,63664,63674,10
12.9662399292,80.2478027344,63674,63684,10
12.9655399323,80.2475204468,63684,63694,10
12.965180397,80.2474212646,63694,63714,20
12.965180397,80.2474212646,63714,63724,10
12.9649600983,80.2473526001,63724,63734,10
12.9644002914,80.2471389771,63734,63744,10
12.9639196396,80.2469482422,63744,63765,21
12.9639196396,80.2469482422,63765,63775,10
12.9636201859,80.2468109131,63775,63785,10
12.9630098343,80.2464904785,63785,63795,10
12.9621696472,80.2460784912,63795,63805,10
12.9611797333,80.2455978394,63805,63815,10
12.9601602554,80.2451400757,63815,63825,10
12.9594202042,80.2448425293,63825,63835,10
12.9593696594,80.2448196411,63835,63845,10
12.9593000412,80.244758606,63845,63856,11
12.9588699341,80.2445678711,63856,63866,10
12.95814991,80.2442626953,63866,63876,10
12.9575004578,80.2440109253,63876,63886,10
12.9564599991,80.2436294556,63886,63936,50
12.9564599991,80.2436294556,63936,63946,10
12.9562301636,80.243598938,63946,63957,11
12.9555997849,80.2432785034,63957,63967,10
12.9547996521,80.2429122925,63967,63977,10
12.9539003372,80.2425231934,63977,63987,10
12.9529895782,80.2421417236,63987,63997,10
12.9517202377,80.2416992188,63997,64017,20
12.9517202377,80.2416992188,64017,64027,10
12.9515304565,80.2416229248,64027,64037,10
12.9509496689,80.2414169312,64037,64047,10
12.9501304626,80.2411499023,64047,64058,11
12.949139595,80.2408828735,64058,64108,50
12.949139595,80.2408828735,64108,64118,10
12.9488096237,80.2407531738,64118,64128,10
12.9481601715,80.2404785156,64128,64138,10
12.9468803406,80.2399597168,64138,64158,20
12.9468803406,80.2399597168,64158,64169,11
12.946559906,80.2398223877,64169,64179,10
12.9459400177,80.2395629883,64179,64189,10
12.9451904297,80.2391433716,64189,64199,10
12.9444904327,80.2384262085,64199,64209,10
12.9437198639,80.237663269,64209,64219,10
12.9432897568,80.2372207642,64219,64229,10
12.9432401657,80.237159729,64229,64239,10
12.9429502487,80.2368774414,64239,64249,10
12.9422702789,80.2365264893,64249,64259,10
12.9413499832,80.2362594604,64259,64270,11
12.9402399063,80.2359771729,64270,64280,10
12.9397602081,80.2358169556,64280,64290,10
12.9397497177,80.2358169556,64290,64300,10
12.9396295547,80.2357635498,64300,64310,10
12.9391298294,80.2355194092,64310,64320,10
12.938369751,80.2351303101,64320,64330,10
12.9374599457,80.2346801758,64330,64340,10
12.9364795685,80.2341995239,64340,64350,10
12.9359397888,80.2339401245,64350,64360,10
12.9357500076,80.2338409424,64360,64371,11
12.9352197647,80.2336120605,64371,64381,10
12.9341402054,80.2331619263,64381,64411,30
12.9341402054,80.2331619263,64411,64421,10
12.9340600967,80.2331008911,64421,64431,10
12.9336299896,80.2328720093,64431,64441,10
12.9329204559,80.2325668335,64441,64451,10
12.932009697,80.2322463989,64451,64461,10
12.9309101105,80.231880188,64461,64471,10
12.9297504425,80.2315292358,64471,64482,11
12.9284801483,80.231300354,64482,64492,10
12.9272499084,80.2311401367,64492,64502,10
12.9261198044,80.2310409546,64502,64522,20
12.9261198044,80.2310409546,64522,64532,10
12.9258899689,80.2310180664,64532,64542,10
12.9253196716,80.2309494019,64542,64552,10
12.924489975,80.2308502197,64552,64562,10
12.9235200882,80.23072052,64562,64572,10
12.9223403931,80.2305374146,64572,64583,11
12.9209098816,80.2303314209,64583,64593,10
12.9196796417,80.230178833,64593,64603,10
12.9191398621,80.2301101685,64603,64613,10
12.9190397263,80.2301025391,64613,64623,10
12.9185800552,80.2300415039,64623,64633,10
12.9177999496,80.229927063,64633,64643,10
12.9170198441,80.2298126221,64643,64653,10
12.9161396027,80.2296905518,64653,64663,10
12.9152898788,80.2295837402,64663,64673,10
12.9145698547,80.2294692993,64673,64684,11
12.913649559,80.2293624878,64684,64694,10
12.9133901596,80.2293395996,64694,64704,10
12.9133501053,80.2293395996,64704,64714,10
12.9129199982,80.2292709351,64714,64724,10
12.9121599197,80.2291564941,64724,64734,10
12.9111700058,80.2290115356,64734,64744,10
12.9099998474,80.228843689,64744,64754,10
12.9087400436,80.2286529541,64754,64764,10
12.9078302383,80.2285232544,64764,64774,10
12.9074602127,80.2284698486,64774,64784,10
12.9070196152,80.2284393311,64784,64795,11
12.9061603546,80.2283477783,64795,64815,20
12.9061603546,80.2283477783,64815,64825,10
12.9058303833,80.2283172607,64825,64835,10
12.9051198959,80.2282714844,64835,64845,10
12.9041996002,80.2282333374,64845,64906,61
12.9041996002,80.2282333374,64906,64916,10
12.9039201736,80.2281570435,64916,64926,10
12.9033203125,80.2281417847,64926,64936,10
12.902879715,80.2281188965,64936,64946,10
12.9026403427,80.2281112671,64946,64956,10
12.9023599625,80.2281036377,64956,64966,10
12.9020299911,80.2280731201,64966,64976,10
12.9016399384,80.2280502319,64976,64986,10
12.9012498856,80.2280197144,64986,64997,11
12.9008998871,80.2279815674,64997,65006,9
12.9005298615,80.2279586792,65006,65017,11
12.9000701904,80.2279510498,65017,65027,10
12.8998603821,80.2279510498,65027,65037,10
12.8997497559,80.2279434204,65037,65047,10
12.8994998932,80.2279281616,65047,65077,30
12.8994998932,80.2279281616,65077,65087,10
12.8991203308,80.2279205322,65087,65097,10
12.8984498978,80.2278671265,65097,65108,11
12.897480011,80.2278137207,65108,65118,10
12.8964700699,80.2277603149,65118,65128,10
12.895359993,80.2277069092,65128,65138,10
12.8942804337,80.2276611328,65138,65148,10
12.8934202194,80.2276000977,65148,65178,30
12.8934202194,80.2276000977,65178,65188,10
12.893289566,80.2275619507,65188,65198,10
12.892829895,80.2275085449,65198,65209,11
12.892539978,80.2274780273,65209,65219,10
12.8923597336,80.2274475098,65219,65229,10
12.8917703629,80.227432251,65229,65239,10
12.890879631,80.2274169922,65239,65249,10
12.8898000717,80.2274169922,65249,65259,10
12.8887195587,80.2274093628,65259,65269,10
12.8884000778,80.2274017334,65269,65279,10
12.8883304596,80.2274017334,65279,65289,10
12.8878602982,80.2273635864,65289,65299,10
12.8870697021,80.2272415161,65299,65310,11
12.8859901428,80.2269897461,65310,65320,10
12.8850498199,80.2267913818,65320,65330,10
12.8848600388,80.2267837524,65330,65340,10
12.88463974,80.2267837524,65340,65350,10
12.8840198517,80.2267837524,65350,65360,10
12.883099556,80.2267837524,65360,65370,10
12.8819799423,80.2267837524,65370,65380,10
12.8807001114,80.2267913818,65380,65390,10
12.8793401718,80.2267990112,65390,65400,10
12.8779697418,80.2268676758,65400,65411,11
12.8768997192,80.2269592285,65411,65421,10
12.8764801025,80.226890564,65421,65431,10
12.8763999939,80.2264709473,65431,65451,20
12.8763999939,80.2264709473,65451,65461,10
12.876449585,80.2261581421,65461,65471,10
12.8765296936,80.2254562378,65471,65481,10
12.8766298294,80.2245101929,65481,65491,10
12.8768596649,80.2233886719,65491,65501,10
12.8771600723,80.2220916748,65501,65511,10
12.8774900436,80.2206802368,65511,65522,11
12.8778400421,80.2191467285,65522,65532,10
12.8781404495,80.2177276611,65532,65542,10
12.8784303665,80.2162704468,65542,65552,10
12.8786897659,80.2150802612,65552,65562,10
12.8790397644,80.2132720947,65562,65572,10
12.8793201447,80.2118606567,65572,65582,10
12.8792200089,80.2109832764,65582,65602,20
12.8792200089,80.2109832764,65602,65612,10
12.8790903091,80.2109832764,65612,65623,11
12.8785200119,80.2108688354,65623,65633,10
12.878080368,80.2107925415,65633,65643,10
12.8774204254,80.2106628418,65643,65653,10
12.876660347,80.2105026245,65653,65663,10
12.8758602142,80.2103500366,65663,65673,10
12.8746700287,80.2101516724,65673,65703,30
12.8746700287,80.2101516724,65703,65713,10
12.8744602203,80.2100982666,65713,65724,11
12.8743600845,80.2099761963,65724,65734,10
12.874420166,80.2096633911,65734,65744,10
12.8747701645,80.2097625732,65744,65754,10
12.8746900558,80.2100219727,65754,66106,352
12.8746900558,80.2100219727,66106,66117,11
12.8747797012,80.2101898193,66117,66127,10
12.8750600815,80.2102279663,66127,66138,11
12.875579834,80.2103424072,66138,66148,10
12.8761796951,80.2104415894,66148,66158,10
12.8767700195,80.2105712891,66158,66168,10
12.8773603439,80.2106781006,66168,66178,10
12.8779201508,80.2108001709,66178,66188,10
12.8785200119,80.2109069824,66188,66198,10
12.8790597916,80.2110137939,66198,66208,10
12.8791799545,80.2110366821,66208,66218,10
12.879360199,80.2110900879,66218,66228,10
12.8794403076,80.211151123,66228,66238,10
12.8794403076,80.2116012573,66238,66249,11
12.8792800903,80.2124176025,66249,66259,10
12.8790998459,80.2133407593,66259,66269,10
12.8789196014,80.2143173218,66269,66279,10
12.8787202835,80.2153701782,66279,66289,10
12.8784799576,80.2164230347,66289,66299,10
12.8782701492,80.2174682617,66299,66309,10
12.8780498505,80.2185592651,66309,66319,10
12.8777999878,80.2196731567,66319,66329,10
12.8775501251,80.2207565308,66329,66339,10
12.8773097992,80.2218093872,66339,66350,11
12.8770799637,80.2228622437,66350,66360,10
12.8770503998,80.2230606079,66360,66370,10
12.8770103455,80.2232131958,66370,66380,10
12.8768796921,80.223777771,66380,66390,10
12.8767204285,80.2246627808,66390,66400,10
12.8766002655,80.225692749,66400,66410,10
12.8764600754,80.2267379761,66410,66430,20
12.8764801025,80.2269134521,66430,66451,21
12.8764801025,80.2269134521,66451,66461,10
12.8767204285,80.2269515991,66461,66471,10
12.8773403168,80.226890564,66471,66481,10
12.8793201447,80.2267532349,66481,66491,10
12.8793201447,80.2267532349,66491,66501,10
12.880490303,80.2267227173,66501,66511,10
12.8817796707,80.2266998291,66511,66521,10
12.8831300735,80.2266998291,66521,66531,10
12.8843803406,80.2266921997,66531,66541,10
12.8851900101,80.2266769409,66541,66551,10
12.8853197098,80.2266998291,66551,66564,13
12.8861198425,80.2269134521,66564,66573,9
12.8869600296,80.2271194458,66573,66584,11
12.8882303238,80.2273025513,66584,66594,10
12.8895797729,80.2273406982,66594,66603,9
12.8907003403,80.2273330688,66603,66614,11
12.8920602798,80.2273406982,66614,66624,10
12.8930797577,80.227432251,66624,66634,10
12.8939599991,80.2275390625,66634,66644,10
12.8942098618,80.2275619507,66644,66654,10
12.8943099976,80.2275772095,66654,66665,11
12.8949203491,80.2276077271,66665,66675,10
12.8957796097,80.2276535034,66675,66685,10
12.8967599869,80.2276992798,66685,66695,10
12.8978300095,80.2277526855,66695,66705,10
12.8986797333,80.2277832031,66705,66725,20
12.8986797333,80.2277832031,66725,66735,10
12.898900032,80.2277832031,66735,66766,31
12.898900032,80.2277832031,66766,66776,10
12.8990497589,80.2277984619,66776,66786,10
12.899189949,80.2278137207,66786,66796,10
12.8994598389,80.2278366089,66796,66806,10
12.8999204636,80.2278594971,66806,66816,10
12.9003295898,80.2278671265,66816,66826,10
12.9005498886,80.2278823853,66826,66836,10
12.9008998871,80.2279129028,66836,66846,10
12.9015398026,80.2279815674,66846,66856,10
12.9023799896,80.228012085,66856,66867,11
12.9032697678,80.2279968262,66867,66887,20
12.9032697678,80.2279968262,66887,66897,10
12.9033899307,80.2280197144,66897,66907,10
12.9038295746,80.2280807495,66907,66917,10
12.904299736,80.2281112671,66917,66927,10
12.9046297073,80.2281188965,66927,66947,20
12.9046297073,80.2281188965,66947,66963,16
12.90487957,80.2281417847,66963,66976,13
12.9054803848,80.2281570435,66976,66986,10
12.9059000015,80.228187561,66986,66996,10
12.9061803818,80.2282028198,66996,67006,10
12.9065198898,80.2282333374,67006,67066,60
12.9065198898,80.2282333374,67066,67077,11
12.9068698883,80.2282562256,67077,67087,10
12.9069795609,80.2282791138,67087,67097,10
12.9072999954,80.2283325195,67097,67107,10
12.907959938,80.2284393311,67107,67117,10
12.9088401794,80.2285766602,67117,67127,10
12.9097499847,80.228729248,67127,67137,10
12.910949707,80.2289199829,67137,67147,10
12.91203022,80.2290725708,67147,67157,10
12.9131097794,80.2292327881,67157,67167,10
12.9138498306,80.229309082,67167,67178,11
12.9138898849,80.2293167114,67178,67188,10
12.9140300751,80.2293395996,67188,67198,10
12.9145002365,80.2294082642,67198,67208,10
12.9152002335,80.2295227051,67208,67218,10
12.9160699844,80.229637146,67218,67228,10
12.9170303345,80.2297821045,67228,67238,10
12.9180698395,80.2299194336,67238,67248,10
12.9191904068,80.2300567627,67248,67268,20
12.9191904068,80.2300567627,67268,67278,10
12.9192495346,80.2300796509,67278,67289,11
12.9197301865,80.2301330566,67289,67299,10
12.9204397202,80.23021698,67299,67309,10
12.9212999344,80.2303314209,67309,67319,10
12.9223003387,80.2304763794,67319,67329,10
12.9234304428,80.2306518555,67329,67339,10
12.9245996475,80.230796814,67339,67356,17
12.9263296127,80.2309875488,67356,67376,20
12.9263296127,80.2309875488,67376,67388,12
12.9268198013,80.2310562134,67388,67399,11
12.9276399612,80.2311630249,67399,67409,10
12.9284801483,80.231262207,67409,67419,10
12.9286804199,80.2312774658,67419,67429,10
12.9287204742,80.2312698364,67429,67438,9
12.9289398193,80.2313232422,67438,67449,11
12.9297504425,80.2314987183,67449,67459,10
12.9306001663,80.2317276001,67459,67469,10
12.9315795898,80.2320404053,67469,67479,10
12.9326295853,80.2323913574,67479,67489,10
12.9335603714,80.232749939,67489,67510,21
12.9335603714,80.232749939,67510,67520,10
12.9335803986,80.2327804565,67520,67530,10
12.9339504242,80.2329406738,67530,67540,10
12.9345903397,80.2332305908,67540,67550,10
12.9351596832,80.2334899902,67550,67570,20
12.9351596832,80.2334899902,67570,67580,10
12.935379982,80.2335891724,67580,67590,10
12.9357500076,80.233757019,67590,67601,11
12.9363002777,80.2340011597,67601,67611,10
12.936920166,80.2343063354,67611,67621,10
12.9377202988,80.2346878052,67621,67631,10
12.9386501312,80.2351608276,67631,67641,10
12.9395999908,80.2356185913,67641,67661,20
12.9395999908,80.2356185913,67661,67671,10
12.9396896362,80.2356567383,67671,67681,10
12.9400701523,80.2358322144,67681,67691,10
12.9408502579,80.2360610962,67691,67702,11
12.9418201447,80.2362976074,67702,67712,10
12.9427700043,80.236618042,67712,67722,10
12.9434900284,80.2371520996,67722,67732,10
12.9435901642,80.2372512817,67732,67742,10
12.9436903,80.2373809814,67742,67752,10
12.9440698624,80.2378082275,67752,67762,10
12.9446296692,80.2384185791,67762,67772,10
12.9452896118,80.2391204834,67772,67782,10
12.9462099075,80.239616394,67782,67792,10
12.9470701218,80.2399520874,67792,67934,142
12.9470701218,80.2399520874,67934,67944,10
12.947429657,80.2400665283,67944,67954,10
12.9478702545,80.240272522,67954,67964,10
12.9482297897,80.2404327393,67964,67974,10
12.9487895966,80.2406387329,67974,68095,121
12.9487895966,80.2406387329,68095,68105,10
12.9490995407,80.2407913208,68105,68116,11
12.949760437,80.2409973145,68116,68126,10
12.9505796432,80.2412414551,68126,68136,10
12.9510698318,80.2414016724,68136,68156,20
12.9510698318,80.2414016724,68156,68166,10
12.9511404037,80.2414474487,68166,68176,10
12.9513902664,80.2415390015,68176,68186,10
12.9520797729,80.2417831421,68186,68196,10
12.9527196884,80.2420272827,68196,68206,10
12.9533700943,80.2422790527,68206,68216,10
12.9539804459,80.2425079346,68216,68227,11
12.954750061,80.2428207397,68227,68237,10
12.9553604126,80.2430419922,68237,68247,10
12.9560804367,80.2432632446,68247,68257,10
12.9566001892,80.2434616089,68257,68267,10
12.957280159,80.243812561,68267,68277,10
12.9581403732,80.2442016602,68277,68287,10
12.9588298798,80.2444534302,68287,68297,10
12.9588804245,80.2444763184,68297,68307,10
12.9589195251,80.2444915771,68307,68317,10
12.9593000412,80.244682312,68317,68328,11
12.9600296021,80.245010376,68328,68338,10
12.9608602524,80.2453765869,68338,68348,10
12.9618301392,80.2458496094,68348,68358,10
12.9627504349,80.2463378906,68358,68368,10
12.9632997513,80.2466125488,68368,68424,56
12.9632997513,80.2466125488,68424,68437,13
12.9634399414,80.2467193604,68437,68447,10
12.9639196396,80.2469329834,68447,68457,10
12.9646196365,80.2471923828,68457,68467,10
12.9654798508,80.2474822998,68467,68477,10
12.9664096832,80.247833252,68477,68487,10
12.9669103622,80.2480392456,68487,68507,20
12.9669103622,80.2480392456,68507,68517,10
12.967040062,80.2481613159,68517,68527,10
12.9674701691,80.2483520508,68527,68538,11
12.9682703018,80.2486801147,68538,68548,10
12.9691400528,80.2490081787,68548,68558,10
12.9701595306,80.249420166,68558,68568,10
12.9713201523,80.249786377,68568,68578,10
12.9725599289,80.2501220703,68578,68588,10
12.9737300873,80.2504425049,68588,68598,10
12.9743795395,80.2505569458,68598,68608,10
12.9744195938,80.250579834,68608,68618,10
12.9745903015,80.2506484985,68618,68628,10
12.9750995636,80.2508087158,68628,68639,11
12.9759502411,80.2510604858,68639,68648,9
12.9767799377,80.2513122559,68648,68659,11
12.9778003693,80.2518920898,68659,68669,10
12.9787197113,80.2525482178,68669,68679,10
12.9792203903,80.2526397705,68679,68689,10
12.9796695709,80.2526321411,68689,68699,10
12.9799499512,80.2523422241,68699,68729,30
12.9799499512,80.2523422241,68729,68740,11
12.9799900055,80.2520599365,68740,68750,10
12.9801502228,80.2515563965,68750,68760,10
12.9803800583,80.2508087158,68760,68770,10
12.9806098938,80.2498931885,68770,68780,10
12.9807395935,80.2488174438,68780,68790,10
12.9808197021,80.2477264404,68790,68800,10
12.980919838,80.2465591431,68800,68810,10
12.9810600281,80.2453384399,68810,68820,10
12.9811697006,80.2442703247,68820,68830,10
12.9812202454,80.2437591553,68830,68881,51
12.9812202454,80.2437591553,68881,68891,10
12.9812602997,80.2437133789,68891,68901,10
12.9813098907,80.2434310913,68901,68911,10
12.981300354,80.243057251,68911,68921,10
12.9813098907,80.2429504395,68921,68941,20
12.9813098907,80.2429504395,68941,68952,11
12.9813299179,80.2428436279,68952,68962,10
12.9813299179,80.2425689697,68962,68972,10
12.9813203812,80.2421035767,68972,68982,10
12.9813203812,80.2413635254,68982,68992,10
12.9813098907,80.240272522,68992,69022,30
12.9813098907,80.240272522,69022,69032,10
12.9813098907,80.240020752,69032,69042,10
12.9813098907,80.2398300171,69042,69053,11
12.9813098907,80.2394104004,69053,69063,10
12.9812803268,80.2388763428,69063,69073,10
12.9812698364,80.2387008667,69073,69083,10
12.9812602997,80.2386627197,69083,69093,10
12.9812602997,80.2383880615,69093,69103,10
12.9812498093,80.23802948,69103,69113,10
12.9812498093,80.2380218506,69113,69123,10
12.9812698364,80.2379608154,69123,69133,10
12.9812602997,80.2375564575,69133,69143,10
12.9812402725,80.2368927002,69143,69154,11
12.9812202454,80.236000061,69154,69164,10
12.9812002182,80.2354431152,69164,69174,10
12.981180191,80.2349777222,69174,69184,10
12.981180191,80.2345809937,69184,69194,10
12.9811897278,80.2344512939,69194,69204,10
12.9813203812,80.2340774536,69204,69214,10
12.9814195633,80.23387146,69214,69224,10
12.9815196991,80.2336196899,69224,69244,20
12.9815196991,80.2336196899,69244,69254,10
12.9815702438,80.2334976196,69254,69271,17
12.9816102982,80.2333831787,69271,69283,12
12.9816703796,80.2332382202,69283,69293,10
12.9816999435,80.2331695557,69293,69303,10
12.9818096161,80.2329025269,69303,69313,10
12.9818401337,80.2328414917,69313,69322,9
12.9818897247,80.2326812744,69322,69333,11
12.9819498062,80.2323989868,69333,69343,10
12.9819297791,80.232131958,69343,69353,10
12.9819202423,80.2316970825,69353,69364,11
12.9818897247,80.2314529419,69364,69373,9
12.9817495346,80.2309875488,69373,69384,11
12.9814300537,80.2303924561,69384,69394,10
12.9810495377,80.2297897339,69394,69404,10
12.9808702469,80.2295227051,69404,69414,10
12.9807901382,80.2293930054,69414,69424,10
12.9805698395,80.2290420532,69424,69444,20
12.9805698395,80.2290420532,69444,69454,10
12.980389595,80.2287597656,69454,69464,10
12.9802398682,80.2284393311,69464,69475,11
12.9800596237,80.2280883789,69475,69485,10
12.9797401428,80.2275390625,69485,69495,10
12.9793596268,80.2269134521,69495,69505,10
12.9789400101,80.2261962891,69505,69515,10
12.9786100388,80.2256469727,69515,69525,10
12.9783802032,80.2252578735,69525,69535,10
12.9782400131,80.2250213623,69535,69545,10
12.9781999588,80.2249526978,69545,69555,10
12.9780302048,80.2247009277,69555,69565,10
12.977809906,80.2244491577,69565,69576,11
12.9777498245,80.2243499756,69576,69586,10
12.977640152,80.2241210938,69586,69596,10
12.9773197174,80.2236175537,69596,69606,10
12.9770402908,80.2231674194,69606,69616,10
12.976940155,80.2229919434,69616,69626,10
12.9769296646,80.2228164673,69626,69636,10
12.9771795273,80.2227325439,69636,69656,20
12.9771795273,80.2227325439,69656,69666,10
12.9774904251,80.2226715088,69666,69677,11
12.9774703979,80.2221603394,69677,69687,10
12.9774303436,80.221321106,69687,69707,20
12.9774303436,80.221321106,69707,69717,10
12.9775896072,80.2212219238,69717,69727,10
12.9780597687,80.2212295532,69727,69737,10
12.9786300659,80.2211990356,69737,69747,10
12.9790897369,80.2211608887,69747,69757,10
12.9795503616,80.2211380005,69757,69767,10
12.9800100327,80.2211074829,69767,69778,11
12.9804296494,80.2210769653,69778,69788,10
12.9808998108,80.2210693359,69788,69798,10
12.9813203812,80.2212219238,69798,69808,10
12.9817399979,80.221496582,69808,69818,10
12.9820604324,80.2217407227,69818,69828,10
12.9824399948,80.2218780518,69828,69838,10
12.9828596115,80.2220230103,69838,69858,20
12.9828596115,80.2220230103,69858,69868,10
12.983039856,80.222076416,69868,69878,10
12.9832801819,80.2222518921,69878,69889,11
12.9836301804,80.2224884033,69889,69899,10
12.9841098785,80.2227630615,69899,69909,10
12.984629631,80.2230834961,69909,69919,10
12.9850902557,80.2232894897,69919,69929,10
12.985449791,80.2233200073,69929,69939,10
12.9857501984,80.2230606079,69939,69949,10
12.9863195419,80.2230224609,69949,69959,10
12.986410141,80.2230224609,69959,69969,10
12.9866304398,80.2230300903,69969,69979,10
12.9869098663,80.2230682373,69979,69990,11
12.9871101379,80.2230987549,69990,70000,10
12.9873800278,80.2231216431,70000,70010,10
12.987739563,80.2230911255,70010,70020,10
12.9881401062,80.2228012085,70020,70030,10
12.9886198044,80.222366333,70030,70040,10
12.9890298843,80.2219085693,70040,70050,10
12.9893398285,80.2214813232,70050,70066,16
12.9899997711,80.220703125,70066,70078,12
12.9904298782,80.2203674316,70078,70086,8
12.9904298782,80.2203598022,70086,70099,13
12.9907503128,80.2201309204,70099,70109,10
12.9911403656,80.219833374,70109,70119,10
12.9912099838,80.2197723389,70119,70129,10
12.9914598465,80.2195587158,70129,70139,10
12.9919700623,80.2192001343,70139,70149,10
12.9925804138,80.2187576294,70149,70159,10
12.993180275,80.2183303833,70159,70168,9
12.9936103821,80.2180175781,70168,70180,12
12.9940395355,80.2177276611,70180,70190,10
12.9942598343,80.2175521851,70190,70220,30
12.9942598343,80.2175521851,70220,70231,11
12.9945497513,80.2173690796,70231,70241,10
12.9947004318,80.2172470093,70241,70251,10
12.9949703217,80.2170562744,70251,70261,10
12.995300293,80.2168502808,70261,70270,9
12.9954795837,80.2167816162,70270,70280,10
12.9959201813,80.2166366577,70280,70352,72
12.9959201813,80.2166366577,70352,70362,10
12.9963903427,80.2165603638,70362,70382,20
12.9963903427,80.2165603638,70382,70392,10
12.9966402054,80.2165374756,70392,70402,10
12.9969902039,80.2165222168,70402,70413,11
12.9973096848,80.2163009644,70413,70423,10
12.9974803925,80.2161483765,70423,70433,10
12.9975595474,80.2161102295,70433,70443,10
12.9978904724,80.2158432007,70443,70453,10
12.9983997345,80.2153701782,70453,70463,10
12.9990100861,80.21484375,70463,70473,10
12.9992399216,80.2146072388,70473,70483,10
12.9997196198,80.2142028809,70483,70493,10
13.000169754,80.2137985229,70493,70503,10
13.0006904602,80.2133331299,70503,70514,11
13.0012798309,80.2128829956,70514,70524,10
13.0017299652,80.2125396729,70524,70534,10
13.0020399094,80.2123413086,70534,70544,10
13.0023202896,80.2122192383,70544,70554,10
13.0026397705,80.2121505737,70554,70564,10
13.0029296875,80.2121200562,70564,70574,10
13.003279686,80.212097168,70574,70584,10
13.0035600662,80.2119827271,70584,70594,10
13.0036201477,80.2118225098,70594,70604,10
13.0036096573,80.2112426758,70604,70615,11
13.0035400391,80.2104187012,70615,70625,10
13.0034704208,80.2097702026,70625,70635,10
13.0035495758,80.2091903687,70635,70645,10
13.003780365,80.2086791992,70645,70655,10
13.0043697357,80.2088394165,70655,70665,10
13.0050096512,80.2091293335,70665,70675,10
13.0058603287,80.2094802856,70675,70736,61
13.0058603287,80.2094802856,70736,70746,10
13.0062198639,80.2096176147,70746,70756,10
13.0063199997,80.2096328735,70756,70766,10
13.0065097809,80.2097015381,70766,70776,10
13.0072097778,80.2098617554,70776,70816,40
13.0072097778,80.2098617554,70816,70827,11
13.0076999664,80.2099761963,70827,70837,10
13.0080003738,80.2100372314,70837,70847,10
13.0081396103,80.2098007202,70847,70857,10
13.0079898834,80.2091217041,70857,70867,10
13.0078401566,80.2082824707,70867,70877,10
13.0076999664,80.2073669434,70877,70887,10
13.0075798035,80.2065200806,70887,70897,10
13.0074996948,80.2057418823,70897,70907,10
13.0074901581,80.2050476074,70907,70917,10
13.0074796677,80.2043991089,70917,70928,11
13.0073795319,80.2035598755,70928,70938,10
13.0072803497,80.2030029297,70938,70948,10
13.0069999695,80.202583313,70948,70957,9
13.0064897537,80.20287323,70957,70968,11
13.006939888,80.2034835815,70968,70978,10
13.0077104568,80.2037200928,70978,70988,10
13.0087795258,80.2037124634,70988,70998,10
13.0100002289,80.2036437988,70998,71008,10
13.0112304688,80.2037124634,71008,71018,10
13.0124101639,80.2039108276,71018,71029,11
13.0130901337,80.2040481567,71029,71039,10
13.0135002136,80.2042236328,71039,71069,30
13.0135002136,80.2042236328,71069,71079,10
13.0135097504,80.2042388916,71079,71089,10
13.0135803223,80.2046203613,71089,71261,172
13.0135803223,80.2046203613,71261,71271,10
13.0135002136,80.2048110962,71271,71281,10
13.0133695602,80.2051773071,71281,71291,10
13.0131502151,80.2059020996,71291,71301,10
13.0129804611,80.2066726685,71301,71311,10
13.0129299164,80.2073974609,71311,71321,10
13.0128803253,80.2077484131,71321,71331,10
13.012840271,80.2081832886,71331,71342,11
13.0128498077,80.2084197998,71342,71352,10
13.0128498077,80.2086715698,71352,71362,10
13.0129299164,80.2092285156,71362,71372,10
13.0131702423,80.2098083496,71372,71382,10
13.0130901337,80.2102966309,71382,71392,10
13.0129804611,80.2109222412,71392,71402,10
13.0127000809,80.211517334,71402,71412,10
13.0123796463,80.2120437622,71412,71422,10
13.0120201111,80.212600708,71422,71432,10
13.0118103027,80.2128601074,71432,71442,10
13.0114603043,80.2126693726,71442,71453,11
13.0108299255,80.2121963501,71453,71463,10
13.010219574,80.2117462158,71463,71473,10
13.0100898743,80.2116394043,71473,71483,10
13.0099000931,80.211517334,71483,71594,111
13.0096101761,80.2112731934,71594,71816,222
13.0093402863,80.2110824585,71816,72483,667
13.0093402863,80.2110824585,72483,72493,10
13.009180069,80.2110900879,72493,72503,10
13.009059906,80.2113189697,72503,72513,10
13.0089502335,80.2116394043,72513,72523,10
13.0090999603,80.2121429443,72523,72533,10
13.0093002319,80.2127304077,72533,72543,10
13.0095300674,80.2133331299,72543,72553,10
13.0097904205,80.2139816284,72553,72563,10
13.0100498199,80.2146682739,72563,72572,9
13.0101499557,80.2154083252,72572,72582,10
13.0104198456,80.2162322998,72582,72594,12
13.0109195709,80.2172775269,72594,72604,10
13.0113201141,80.2182312012,72604,72614,10
13.0116596222,80.2192230225,72614,72624,10
13.0120000839,80.2202911377,72624,72634,10
13.012260437,80.2211608887,72634,72644,10
13.0125303268,80.2218017578,72644,72654,10
13.0129804611,80.2223815918,72654,72664,10
13.0134897232,80.2229690552,72664,72674,10
13.01404953,80.2236328125,72674,72684,10
13.0145702362,80.224281311,72684,72695,11
13.0151596069,80.224937439,72695,72705,10
13.015370369,80.2252120972,72705,72715,10
13.0153999329,80.2252883911,72715,72725,10
13.0153303146,80.2257003784,72725,72735,10
13.0148696899,80.2259979248,72735,72755,20
13.0148696899,80.2259979248,72755,72765,10
13.0145301819,80.2261428833,72765,72775,10
13.0139398575,80.2263793945,72775,72785,10
13.0133600235,80.2265396118,72785,77419,4634
13.0133600235,80.2265396118,77419,77429,10
13.0129899979,80.2267379761,77429,77439,10
13.0123100281,80.2269973755,77439,77449,10
13.0114498138,80.2273406982,77449,77459,10
13.0105104446,80.2276992798,77459,77469,10
13.0097303391,80.2279586792,77469,77479,10
13.0094404221,80.2277069092,77479,77490,11
13.0096597672,80.2271499634,77490,77500,10
13.0100097656,80.2263565063,77500,77510,10
13.0104198456,80.2253723145,77510,77520,10
13.0108299255,80.2243881226,77520,77530,10
13.011179924,80.2234802246,77530,77540,10
13.0103197098,80.2227783203,77540,77560,20
13.0103197098,80.2227783203,77560,77570,10
13.0101099014,80.2226486206,77570,77580,10
13.009519577,80.222328186,77580,77590,10
13.0086402893,80.2218399048,77590,77601,11
13.0075397491,80.2212600708,77601,77611,10
13.0065498352,80.2207794189,77611,77621,10
13.0054998398,80.2205123901,77621,77637,16
13.0045604706,80.2203216553,77637,77649,12
13.0038995743,80.2201538086,77649,77659,10
13.0030202866,80.219909668,77659,77669,10
13.0021495819,80.2193374634,77669,77679,10
13.0016002655,80.2187576294,77679,77689,10
13.0008001328,80.2181625366,77689,77699,10
13.0000696182,80.2176818848,77699,77709,10
12.9993495941,80.2172470093,77709,77720,11
12.9984197617,80.216796875,77720,77730,10
12.9977998734,80.2166290283,77730,77740,10
12.9975700378,80.2166213989,77740,77750,10
12.9974803925,80.2165985107,77750,77760,10
12.9972200394,80.2165985107,77760,77770,10
12.9969797134,80.2166137695,77770,77780,10
12.9967803955,80.2166213989,77780,77791,11
12.9966497421,80.2166213989,77791,77802,11
12.9962501526,80.2166900635,77802,77812,10
12.9955997467,80.2168579102,77812,77822,10
12.9954500198,80.2169036865,77822,77832,10
12.9952898026,80.2169723511,77832,77842,10
12.99518013,80.2170181274,77842,77852,10
12.9950399399,80.2171173096,77852,77862,10
12.994890213,80.2172012329,77862,77872,10
12.9946699142,80.2173461914,77872,77882,10
12.9941797256,80.2177276611,77882,77892,10
12.9937496185,80.2180480957,77892,77902,10
12.9931097031,80.21849823,77902,77913,11
12.9924497604,80.218963623,77913,77923,10
12.9916801453,80.2195281982,77923,77933,10
12.9913196564,80.2197875977,77933,77943,10
12.9908704758,80.2201385498,77943,77973,30
12.9908704758,80.2201385498,77973,77983,10
12.9905195236,80.220413208,77983,77993,10
12.9900102615,80.2208404541,77993,78003,10
12.9894304276,80.2214431763,78003,78014,11
12.9889202118,80.2220687866,78014,78024,10
12.9882698059,80.2227401733,78024,78034,10
12.9876203537,80.22315979,78034,78044,10
12.9875001907,80.22315979,78044,78054,10
12.9870901108,80.2231063843,78054,78064,10
12.9868402481,80.2230606079,78064,78074,10
12.9864797592,80.2230224609,78074,78084,10
12.986120224,80.2230072021,78084,78094,10
12.9854803085,80.2232208252,78094,78104,10
12.9849500656,80.2232513428,78104,78114,10
12.983830452,80.2226333618,78114,78185,71
12.983830452,80.2226333618,78185,78195,10
12.9835395813,80.2224731445,78195,78205,10
12.9835300446,80.2224578857,78205,78215,10
12.9831695557,80.2222213745,78215,78236,21
12.9831695557,80.2222213745,78236,78246,10
12.9830799103,80.2221298218,78246,78256,10
12.9826602936,80.2219390869,78256,78266,10
12.9821500778,80.2217788696,78266,78276,10
12.9816799164,80.2214584351,78276,78285,9
12.9811000824,80.2211608887,78285,78296,11
12.9803104401,80.2211303711,78296,78306,10
12.9795503616,80.2211837769,78306,78316,10
12.9785404205,80.2212295532,78316,78327,11
12.9771995544,80.2212982178,78327,78337,10
12.9764499664,80.2213134766,78337,78347,10
12.9762401581,80.2212905884,78347,78357,10
12.9760103226,80.2214126587,78357,78367,10
12.9761800766,80.2216491699,78367,78397,30
12.9761800766,80.2216491699,78397,78407,10
12.9763097763,80.2218017578,78407,78417,10
12.9764404297,80.2220993042,78417,78433,16
12.976940155,80.2229385376,78433,78446,13
12.9775600433,80.2239379883,78446,78456,10
12.9779901505,80.224609375,78456,78466,10
12.9785003662,80.2254180908,78466,78476,10
12.9785203934,80.2254562378,78476,78485,9
12.9785804749,80.2255630493,78485,78495,10
12.9788398743,80.2259902954,78495,78506,11
12.9792900085,80.2267608643,78506,78516,10
12.9797096252,80.2274475098,78516,78526,10
12.9801502228,80.2282028198,78526,78537,11
12.9806699753,80.2291030884,78537,78547,10
12.981180191,80.2299118042,78547,78557,10
12.9815998077,80.230506897,78557,78567,10
12.9816198349,80.2305374146,78567,78577,10
12.9816799164,80.2306594849,78577,78587,10
12.981880188,80.2311630249,78587,78597,10
12.982000351,80.2319107056,78597,78607,10
12.9819898605,80.232460022,78607,78617,10
12.9818296432,80.2330169678,78617,78627,10
12.9817199707,80.2332687378,78627,78637,10
12.981590271,80.2335510254,78637,78648,11
12.9815702438,80.233581543,78648,78658,10
12.9814300537,80.2338790894,78658,78668,10
12.9812002182,80.2344589233,78668,78678,10
12.981180191,80.2351913452,78678,78688,10
12.9812002182,80.2361679077,78688,78698,10
12.9812402725,80.2373580933,78698,78708,10
12.9812698364,80.23828125,78708,78738,30
12.9812698364,80.23828125,78738,78749,11
12.9812898636,80.2384185791,78749,78759,10
12.9812898636,80.2385787964,78759,78769,10
12.9812898636,80.2389373779,78769,78779,10
12.9813098907,80.2396316528,78779,78789,10
12.9813299179,80.2405090332,78789,78799,10
12.9813404083,80.2414779663,78799,78809,10
12.9813404083,80.2419586182,78809,78819,10
12.9813404083,80.2423324585,78819,78829,10
12.9813404083,80.2428588867,78829,78850,21
12.9813404083,80.2428588867,78850,78860,10
12.9813299179,80.2432937622,78860,78870,10
12.9812602997,80.2440567017,78870,78880,10
12.9811201096,80.2450637817,78880,78890,10
12.9809799194,80.2462615967,78890,78900,10
12.9808397293,80.2475814819,78900,78910,10
12.9807395935,80.2488479614,78910,78920,10
12.9805698395,80.2500762939,78920,78930,10
12.9801902771,80.2515716553,78930,78940,10
12.9799203873,80.2524414063,78940,78971,31
12.9799203873,80.2524414063,78971,78981,10
12.9798202515,80.2527236938,78981,78991,10
12.9794797897,80.252822876,78991,79001,10
12.9787597656,80.2527084351,79001,79031,30
12.9787597656,80.2527084351,79031,79041,10
12.9785804749,80.2525863647,79041,79051,10
12.9780597687,80.2522583008,79051,79062,11
12.9772500992,80.2515869141,79062,79072,10
12.9761400223,80.2511672974,79072,79082,10
12.9748802185,80.2508010864,79082,79092,10
12.9736204147,80.2504196167,79092,79102,10
12.9723997116,80.2500991821,79102,79112,10
12.9710798264,80.2497406006,79112,79122,10
12.9697303772,80.2492828369,79122,79132,10
12.9684495926,80.2487716675,79132,79142,10
12.967300415,80.2483062744,79142,79152,10
12.9661197662,80.247756958,79152,79163,11
12.9651203156,80.2473983765,79163,79173,10
12.9650802612,80.2473831177,79173,79183,10
12.9650201797,80.2473602295,79183,79193,10
12.9645595551,80.2471923828,79193,79203,10
12.9635896683,80.2468414307,79203,79223,20
12.9635896683,80.2468414307,79223,79233,10
12.9632196426,80.2466430664,79233,79243,10
12.9624795914,80.2462692261,79243,79253,10
12.9614896774,80.2457809448,79253,79264,11
12.9602203369,80.2452011108,79264,79274,10
12.9593896866,80.2448577881,79274,79284,10
12.9593400955,80.2448272705,79284,79294,10
12.9591398239,80.244720459,79294,79304,10
12.9587497711,80.2445373535,79304,79314,10
12.9580402374,80.2442321777,79314,79324,10
12.9573698044,80.2439880371,79324,79334,10
12.9563798904,80.2436676025,79334,79371,37
12.9563798904,80.2436676025,79371,79383,12
12.956029892,80.2435379028,79383,79393,10
12.9553804398,80.2432098389,79393,79403,10
12.9545001984,80.2427978516,79403,79413,10
12.9534196854,80.2423477173,79413,79423,10
12.9522600174,80.2418899536,79423,79433,10
12.9516496658,80.2416763306,79433,79443,10
12.9515304565,80.2416534424,79443,79453,10
12.9510202408,80.2414627075,79453,79463,10
12.9501600266,80.2411880493,79463,79474,11
12.9489898682,80.2408218384,79474,79485,11
12.9476995468,80.2402801514,79485,79495,10
12.9470596313,80.2400283813,79495,79505,10
12.9469203949,80.2399673462,79505,79515,10
12.9463396072,80.2397384644,79515,79525,10
12.9455099106,80.2393569946,79525,79535,10
12.9446401596,80.2386169434,79535,79545,10
12.9437704086,80.237663269,79545,79555,10
12.9433202744,80.2372207642,79555,79565,10
12.9432201385,80.237121582,79565,79576,11
12.9426498413,80.2366867065,79576,79586,10
12.941740036,80.2363586426,79586,79596,10
12.9406003952,80.2360610962,79596,79606,10
12.9396800995,80.235786438,79606,79616,10
12.9395999908,80.2357406616,79616,79626,10
12.9392204285,80.2355575562,79626,79636,10
12.93846035,80.2351837158,79636,79646,10
12.9374904633,80.234703064,79646,79656,10
12.936340332,80.234161377,79656,79666,10
12.935259819,80.2336425781,79666,79676,10
12.9341402054,80.2331466675,79676,79687,11
12.9339199066,80.2330169678,79687,79697,10
12.9335203171,80.2328262329,79697,79707,10
12.9327402115,80.2324981689,79707,79717,10
12.9317302704,80.2321472168,79717,79727,10
12.9305000305,80.2317581177,79727,79737,10
12.9292697906,80.2314529419,79737,79747,10
12.9288597107,80.2313690186,79747,79757,10
12.9283704758,80.2312774658,79757,79767,10
12.927479744,80.2311630249,79767,79777,10
12.9264001846,80.2310562134,79777,79788,11
12.9261703491,80.2310333252,79788,79798,10
12.9257297516,80.2309799194,79798,79814,16
12.9243497849,80.2308273315,79814,79826,12
12.922949791,80.2306518555,79826,79834,8
12.9218797684,80.23046875,79834,79846,12
12.9203500748,80.2302627563,79846,79855,9
12.9193401337,80.230140686,79855,79866,11
12.9182796478,80.2299804688,79866,79876,10
12.917090416,80.2298431396,79876,79886,10
12.9157400131,80.2296600342,79886,79897,11
12.9141998291,80.2294311523,79897,79906,9
12.9133396149,80.229347229,79906,79917,11
12.9132795334,80.2293395996,79917,79927,10
12.9129199982,80.2292633057,79927,79937,10
12.9120998383,80.2291412354,79937,79947,10
12.9110603333,80.2289962769,79947,79957,10
12.9097900391,80.2287979126,79957,79967,10
12.9084100723,80.2285766602,79967,79977,10
12.9070196152,80.2283706665,79977,79987,10
12.9062900543,80.2283172607,79987,79998,11
12.9061002731,80.2282867432,79998,80008,10
12.9054803848,80.2282562256,80008,80018,10
12.9045095444,80.2282028198,80018,80028,10
12.9032802582,80.2281265259,80028,80038,10
12.9020700455,80.2280731201,80038,80048,10
12.9015703201,80.2280578613,80048,80058,10
12.9014902115,80.2280578613,80058,80068,10
12.9010601044,80.2280426025,80068,80078,10
12.9003696442,80.2279815674,80078,80088,10
12.899600029,80.2279510498,80088,80109,21
12.899600029,80.2279510498,80109,80119,10
12.8995103836,80.2279281616,80119,80129,10
12.8990402222,80.2278900146,80129,80139,10
12.8982601166,80.2278366089,80139,80149,10
12.8972501755,80.2277908325,80149,80159,10
12.8961296082,80.2277374268,80159,80169,10
12.8949804306,80.2276992798,80169,80179,10
12.8937997818,80.2276229858,80179,80189,10
12.8927402496,80.2275085449,80189,80200,11
12.8923902512,80.2274780273,80200,80210,10
12.8918199539,80.2274475098,80210,80220,10
12.8909196854,80.2274398804,80220,80230,10
12.8898000717,80.2274169922,80230,80240,10
12.888759613,80.227432251,80240,80249,9
12.8884496689,80.2274169922,80249,80260,11
12.8881797791,80.2273712158,80260,80270,10
12.887430191,80.2272796631,80270,80280,10
12.8864603043,80.2270889282,80280,80290,10
12.8852996826,80.2268295288,80290,80300,10
12.8848695755,80.2267913818,80300,80311,11
12.8845596313,80.2267837524,80311,80321,10
12.8838300705,80.2267837524,80321,80331,10
12.882809639,80.2267913818,80331,80341,10
12.8815603256,80.2267913818,80341,80351,10
12.880200386,80.2267990112,80351,80361,10
12.8787498474,80.2268295288,80361,80371,10
12.8773097992,80.2269363403,80371,80381,10
12.8764696121,80.2269592285,80381,80391,10
12.8763599396,80.2265777588,80391,80401,10
12.87637043,80.2265701294,80401,80412,11
12.8764600754,80.2260971069,80412,80422,10
12.876540184,80.2252578735,80422,80432,10
12.8766803741,80.2241516113,80432,80442,10
12.8769598007,80.2228469849,80442,80452,10
12.877289772,80.2214279175,80452,80461,9
12.8775997162,80.2201004028,80461,80472,11
12.8779697418,80.2184371948,80472,80482,10
12.8782901764,80.2168884277,80482,80492,10
12.8786201477,80.2153396606,80492,80502,10
12.8789300919,80.2137832642,80502,80513,11
12.8792495728,80.212059021,80513,80523,10
12.8793697357,80.2110137939,80523,80533,10
12.8789901733,80.2109222412,80533,80543,10
12.8789701462,80.2109222412,80543,80553,10
12.8788795471,80.2109298706,80553,80562,9
12.8784198761,80.2108535767,80562,80573,11
12.8777198792,80.2107315063,80573,80583,10
12.8769102097,80.2105789185,80583,80593,10
12.8763303757,80.2104721069,80593,80603,10
12.8755197525,80.2103271484,80603,80614,11
12.8745498657,80.2101593018,80614,80634,20
12.8745498657,80.2101593018,80634,80644,10
12.8744897842,80.2101364136,80644,80654,10
12.8743400574,80.2099914551,80654,80664,10
12.8744697571,80.209602356,80664,80674,10
12.8747301102,80.2098007202,80674,80684,10
12.8747196198,80.2101593018,80684,80694,10
12.8752603531,80.2102508545,80694,80704,10
12.8759403229,80.2103805542,80704,80714,10
12.8767204285,80.2105178833,80714,80725,11
12.877530098,80.2106781006,80725,80735,10
12.8780603409,80.2107925415,80735,80745,10
12.8784303665,80.2108306885,80745,80755,10
12.8787202835,80.2108688354,80755,80765,10
12.8789796829,80.2109069824,80765,81472,707
12.8789796829,80.2109069824,81472,81482,10
12.879240036,80.2110290527,81482,81492,10
12.8794803619,80.2112808228,81492,81502,10
12.8793697357,80.2118835449,81502,81512,10
12.8791904449,80.2127609253,81512,81521,9
12.8790197372,80.2136993408,81521,81531,10
12.8788204193,80.2147598267,81531,81542,11
12.8785495758,80.2159805298,81542,81553,11
12.8782997131,80.2172470093,81553,81563,10
12.8780498505,80.218460083,81563,81573,10
12.8777503967,80.2197723389,81573,81583,10
12.8774404526,80.2211303711,81583,81593,10
12.877120018,80.2225189209,81593,81603,10
12.8767995834,80.2239379883,81603,81613,10
12.8765897751,80.225402832,81613,81623,10
12.8764400482,80.2269668579,81623,81643,20
12.8764400482,80.2269668579,81643,81654,11
12.8767795563,80.2269287109,81654,81664,10
12.8774995804,80.2268371582,81664,81674,10
12.8785495758,80.2267532349,81674,81684,10
12.87981987,80.2266921997,81684,81694,10
12.8812198639,80.2266616821,81694,81704,10
12.8826999664,80.2266387939,81704,81714,10
12.8842000961,80.2266235352,81714,81724,10
12.8851203918,80.226600647,81724,81734,10
12.8852100372,80.2266235352,81734,81744,10
12.8856897354,80.2267227173,81744,81754,10
12.8865604401,80.2269592285,81754,81765,11
12.8878803253,80.2272109985,81765,81775,10
12.8892803192,80.2272796631,81775,81791,16
12.8915300369,80.2272796631,81791,81803,12
12.8930997849,80.2274017334,81803,81813,10
12.8944301605,80.2275619507,81813,81822,9
12.8957395554,80.2276229858,81822,81833,11
12.8974304199,80.2276992798,81833,81843,10
12.8990001678,80.2277679443,81843,81853,10
12.9004602432,80.2278289795,81853,81864,11
12.9010801315,80.2278823853,81864,81874,10
12.9016399384,80.2279281616,81874,81884,10
12.9024896622,80.2279434204,81884,81894,10
12.9026699066,80.2279434204,81894,81904,10
12.9030199051,80.2279815674,81904,81914,10
12.9038295746,80.2280197144,81914,81924,10
12.9049797058,80.2280807495,81924,81934,10
12.9062700272,80.2281417847,81934,81944,10
12.9068698883,80.2281799316,81944,81954,10
12.9068698883,80.228187561,81954,81965,11
12.9069900513,80.2282180786,81965,81975,10
12.9075498581,80.2283096313,81975,81985,10
12.9084596634,80.2284698486,81985,81995,10
12.9096603394,80.2286682129,81995,82005,10
12.9109697342,80.2288894653,82005,82015,10
12.9123802185,80.2290878296,82015,82025,10
12.9139299393,80.2292633057,82025,82045,20
12.9139299393,80.2292633057,82045,82055,10
12.9141397476,80.2293395996,82055,82065,10
12.9148101807,80.2294235229,82065,82076,11
12.9159002304,80.2295532227,82076,82086,10
12.917090416,80.2296981812,82086,82096,10
12.9183301926,80.2298812866,82096,82106,10
12.9194602966,80.2300262451,82106,82116,10
12.9204502106,80.2301635742,82116,82126,10
12.9220895767,80.2303771973,82126,82136,10
12.9235296249,80.2305984497,82136,82146,10
12.9249696732,80.2307815552,82146,82156,10
12.9260501862,80.2308883667,82156,82166,10
12.9264497757,80.2309417725,82166,82177,11
12.9272603989,80.2310409546,82177,82187,10
12.9283103943,80.2311630249,82187,82197,10
12.9295196533,80.2314071655,82197,82207,10
12.9308204651,80.2317504883,82207,82217,10
12.9321098328,80.2321624756,82217,82227,10
12.9333295822,80.2325820923,82227,82237,10
12.933719635,80.2327575684,82237,82247,10
12.9339504242,80.2328414917,82247,82257,10
12.9346103668,80.2331466675,82257,82267,10
12.9355201721,80.233581543,82267,82278,11
12.9367303848,80.234161377,82278,82288,10
12.9379701614,80.2347793579,82288,82298,10
12.9392204285,80.2353820801,82298,82308,10
12.9397802353,80.2356262207,82308,82318,10
12.9399003983,80.2356567383,82318,82329,11
12.9402799606,80.2358016968,82329,82339,10
12.9409198761,80.2359771729,82339,82349,10
12.9418401718,80.2362213135,82349,82359,10
12.9428396225,80.2366027832,82359,82369,10
12.9438800812,80.2375335693,82369,82380,11
12.9448699951,80.238609314,82380,82390,10
12.9457197189,80.2393188477,82390,82400,10
12.9468202591,80.2397766113,82400,82410,10
12.9479904175,80.240272522,82410,82420,10
12.9488601685,80.2406082153,82420,82450,30
12.9488601685,80.2406082153,82450,82460,10
12.9489498138,80.2406387329,82460,82470,10
12.9494400024,80.2408218384,82470,82480,10
12.950220108,80.2410583496,82480,82491,11
12.9509801865,80.2412796021,82491,82501,10
12.9510002136,80.2412872314,82501,82511,10
12.9513196945,80.2414016724,82511,82521,10
12.9519996643,80.2416610718,82521,82531,10
12.9528799057,80.2420120239,82531,82541,10
12.953619957,80.2423095703,82541,82551,10
12.9545602798,80.2426986694,82551,82561,10
12.9553003311,80.2429733276,82561,82571,10
12.9561395645,80.2432632446,82571,82581,10
12.9563999176,80.243347168,82581,82592,11
12.9568395615,80.2435379028,82592,82602,10
12.9576501846,80.2438964844,82602,82612,10
12.9586000443,80.2442932129,82612,82622,10
12.9588403702,80.244392395,82622,82632,10
12.95911026,80.2445068359,82632,82642,10
12.9596204758,80.244758606,82642,82652,10
12.9607200623,80.2452697754,82652,82662,10
12.9618196487,80.2457962036,82662,82672,10
12.9628896713,80.2463226318,82672,82682,10
12.9634504318,80.24659729,82682,82693,11
12.9645395279,80.2470626831,82693,82703,10
12.9656400681,80.2474365234,82703,82712,9
12.9665298462,80.2478027344,82712,82723,11
12.9667901993,80.2479095459,82723,82733,10
12.9669799805,80.2480316162,82733,82743,10
12.9675998688,80.248298645,82743,82753,10
12.9685201645,80.2486572266,82753,82763,10
12.9696702957,80.249130249,82763,82773,10
12.9709796906,80.2496032715,82773,82783,10
12.9723901749,80.2499771118,82783,82794,11
12.9739904404,80.2504196167,82794,82804,10
12.9754695892,80.2508392334,82804,82814,10
12.9769496918,80.2512893677,82814,82823,9
12.9780902863,80.2520675659,82823,82834,11
12.9792995453,80.2525634766,82834,82844,10
12.9799604416,80.252281189,82844,82874,30
12.9799604416,80.252281189,82874,82884,10
12.9799499512,80.2521896362,82884,82894,10
12.9799995422,80.2519073486,82894,82905,11
12.9801597595,80.251449585,82905,82915,10
12.9803304672,80.2508468628,82915,82925,10
12.9805002213,80.2501907349,82925,82935,10
12.9806098938,80.2496414185,82935,82951,16
12.9806995392,80.2489929199,82951,82963,12
12.9806995392,80.2484664917,82963,83074,111
12.9806995392,80.2484664917,83074,83084,10
12.9806900024,80.2484283447,83084,83094,10
12.9807300568,80.2480392456,83094,83105,11
12.980799675,80.2472686768,83105,83115,10
12.9808797836,80.246383667,83115,83125,10
12.981010437,80.2453689575,83125,83135,10
12.9811296463,80.2443237305,83135,83145,10
12.9812602997,80.2436218262,83145,83155,10
12.9813299179,80.2431869507,83155,83165,10
12.9813404083,80.2428970337,83165,83175,10
12.9813404083,80.2428817749,83175,83185,10
12.9813699722,80.2425231934,83185,83195,10
12.9813604355,80.2421417236,83195,83205,10
12.9813499451,80.2415084839,83205,83216,11
12.9813404083,80.2406234741,83216,83226,10
12.9813203812,80.2397689819,83226,83236,10
12.9812898636,80.238899231,83236,83246,10
12.9812602997,80.238067627,83246,83256,10
12.9812602997,80.2379608154,83256,83266,10
12.9812602997,80.23777771,83266,83276,10
12.9812498093,80.2372283936,83276,83286,10
12.9812202454,80.2364196777,83286,83296,10
12.9812002182,80.2354888916,83296,83306,10
12.981180191,80.2345504761,83306,83317,11
12.9814796448,80.2336425781,83317,83327,10
12.9816303253,80.233291626,83327,83337,10
12.9816904068,80.2331771851,83337,83347,10
12.9819002151,80.2327194214,83347,83357,10
12.9819803238,80.2321395874,83357,83367,10
12.9819698334,80.2316131592,83367,83377,10
12.9819097519,80.2312469482,83377,83387,10
12.9817399979,80.2308120728,83387,83397,10
12.9814796448,80.2303390503,83397,83407,10
12.9810400009,80.2296295166,83407,83418,11
12.9807701111,80.2292175293,83418,83428,10
12.9806404114,80.229019165,83428,83438,10
12.9806003571,80.2289428711,83438,83448,10
12.9803695679,80.228553772,83448,83458,10
12.9801902771,80.2281417847,83458,83468,10
12.9798402786,80.2275466919,83468,83478,10
12.9793901443,80.2268295288,83478,83488,10
12.9790897369,80.2263031006,83488,83498,10
12.9787101746,80.2257232666,83498,83508,10
12.978269577,80.2249908447,83508,83519,11
12.9778795242,80.2244567871,83519,83529,10
12.9777803421,80.2243118286,83529,83539,10
12.9776296616,80.2240524292,83539,83549,10
12.9773702621,80.2236022949,83549,83559,10
12.9770002365,80.2230072021,83559,83569,10
12.9769802094,80.2227630615,83569,83579,10
12.9772396088,80.2226867676,83579,83589,10
12.9772996902,80.2226791382,83589,83599,10
12.9774904251,80.222442627,83599,83609,10
12.9774904251,80.2218322754,83609,83620,11
12.9774599075,80.2212905884,83620,83630,10
12.9778203964,80.2212219238,83630,83640,10
12.9784603119,80.2211837769,83640,83650,10
12.9793796539,80.2211227417,83650,83660,10
12.9804000854,80.221031189,83660,83670,10
12.9811201096,80.2210617065,83670,83680,10
12.981760025,80.2214279175,83680,83690,10
12.9824199677,80.2217788696,83690,83700,10
12.9829597473,80.2219619751,83700,83710,10
12.9831600189,80.222076416,83710,83720,10
12.9836797714,80.2224273682,83720,83731,11
12.9845104218,80.22290802,83731,83741,10
12.9853096008,80.2232818604,83741,83751,10
12.9857501984,80.2229919434,83751,83761,10
12.9863395691,80.2229385376,83761,83771,10
12.9865703583,80.2229537964,83771,83781,10
12.987159729,80.2230300903,83781,83791,10
12.9879102707,80.2229232788,83791,83801,10
12.9885797501,80.2223815918,83801,83811,10
12.989159584,80.2217102051,83811,83821,10
12.9897203445,80.221031189,83821,83832,11
12.9903402328,80.2204284668,83832,83841,9
12.9905004501,80.2203063965,83841,83852,11
12.9909801483,80.2199401855,83852,83862,10
12.9915399551,80.219543457,83862,83872,10
12.9922304153,80.219039917,83872,83882,10
12.9928302765,80.2186126709,83882,83892,10
12.9935398102,80.2180709839,83892,83902,10
12.99421978,80.2175598145,83902,83912,10
12.9948101044,80.2171478271,83912,83922,10
12.9954099655,80.2167663574,83922,83933,11
12.9961795807,80.2165374756,83933,83943,10
12.9968004227,80.2164611816,83943,83953,10
12.9972000122,80.2163009644,83953,83963,10
12.9974403381,80.2160797119,83963,83973,10
12.9975204468,80.2160415649,83973,83983,10
12.9979400635,80.2156982422,83983,83993,10
12.9986095428,80.2151184082,83993,84003,10
12.9991197586,80.2147216797,84003,84013,10
12.9994602203,80.2144317627,84013,84023,10
12.9999799728,80.2139892578,84023,84033,10
13.0005197525,80.2135009766,84033,84044,11
13.0014200211,80.2127914429,84044,84054,10
13.0021896362,80.2122802734,84054,84064,10
13.002869606,80.2120819092,84064,84074,10
13.0034198761,80.2120437622,84074,84084,10
13.0035200119,80.212020874,84084,84094,10
13.003660202,80.2118225098,84094,84104,10
13.003660202,80.2112503052,84104,84114,10
13.0035800934,80.2104568481,84114,84124,10
13.0034999847,80.2095870972,84124,84133,9
13.0036401749,80.2088775635,84133,84145,12
13.0044298172,80.2088165283,84145,84155,10
13.005279541,80.2091827393,84155,84165,10
13.006070137,80.2094573975,84165,84175,10
13.0067396164,80.2096710205,84175,84185,10
13.0069198608,80.2096862793,84185,84195,10
13.0072097778,80.2097625732,84195,84215,20
13.0072097778,80.2097625732,84215,84225,10
13.0073204041,80.2098083496,84225,84235,10
13.0077400208,80.2098922729,84235,84246,11
13.0080604553,80.2099380493,84246,84256,10
13.0081300735,80.2096633911,84256,84266,10
13.0079898834,80.2090301514,84266,84276,10
13.0078601837,80.2082214355,84276,84286,10
13.0076999664,80.2072906494,84286,84296,10
13.0075397491,80.2063827515,84296,84306,10
13.0074701309,80.2055282593,84306,84316,10
13.0074901581,80.204750061,84316,84326,10
13.0074596405,80.2040176392,84326,84336,10
13.0073604584,80.2032775879,84336,84347,11
13.0069198608,80.2025299072,84347,84357,10
13.0065202713,80.2030410767,84357,84367,10
13.0070495605,80.2034683228,84367,84377,10
13.0078001022,80.2036590576,84377,84387,10
13.0084199905,80.20337677,84387,84397,10
13.008020401,80.2027893066,84397,84407,10
13.0075597763,80.2034072876,84407,84417,10
13.0076503754,80.2043380737,84417,84427,10
13.0076398849,80.205291748,84427,84437,10
13.0077199936,80.2061004639,84437,84448,11
13.0078802109,80.2068023682,84448,84458,10
13.0079803467,80.2076568604,84458,84468,10
13.008099556,80.2085037231,84468,84478,10
13.0082702637,80.2093811035,84478,84488,10
13.0085697174,80.2101974487,84488,84498,10
13.0089797974,80.2106704712,84498,84508,10
13.0091695786,80.2108306885,84508,84609,101
13.0093002319,80.2108688354,84609,84720,111
13.0093603134,80.2108764648,84720,84801,81
13.0093603134,80.2108383179,84801,84952,151
13.0093898773,80.2107696533,84952,85063,111
13.0093898773,80.2107696533,85063,85074,11
13.0094299316,80.2110671997,85074,85094,20
13.0094299316,80.2110671997,85094,85104,10
13.0092802048,80.2111968994,85104,85114,10
13.0090904236,80.21144104,85114,85124,10
13.0090703964,80.2116165161,85124,85134,10
13.0091695786,80.2119598389,85134,85144,10
13.0093202591,80.2124404907,85144,85154,10
13.0094995499,80.2129669189,85154,85164,10
13.0097198486,80.2135925293,85164,85174,10
13.0100002289,80.2142486572,85174,85185,11
13.0101900101,80.2150268555,85185,85195,10
13.010310173,80.2157592773,85195,85205,10
13.0106296539,80.2164916992,85205,85215,10
13.0110397339,80.2173309326,85215,85225,10
13.0113697052,80.2181777954,85225,85235,10
13.0116901398,80.2190322876,85235,85245,10
13.0119800568,80.2199020386,85245,85255,10
13.0122203827,80.2206573486,85255,85265,10
13.0123796463,80.2212600708,85265,85275,10
13.0126104355,80.2217483521,85275,85286,11
13.0130596161,80.2223510742,85286,85296,10
13.0135202408,80.2228622437,85296,85306,10
13.0139799118,80.2232437134,85306,85316,10
13.0141801834,80.2234420776,85316,85326,10
13.0143404007,80.2236709595,85326,85336,10
13.0146903992,80.2240524292,85336,85346,10
13.0151901245,80.2248077393,85346,85356,10
13.0154304504,80.225402832,85356,85366,10
13.0151100159,80.2258529663,85366,85376,10
13.0144701004,80.2261123657,85376,85387,11
13.0137195587,80.2264099121,85387,85397,10
13.0129804611,80.2267227173,85397,85407,10
13.0122003555,80.2270736694,85407,85417,10
13.0113296509,80.227432251,85417,85427,10
13.0105400085,80.2277908325,85427,85437,10
13.0097398758,80.2281265259,85437,85447,10
13.0091400146,80.2286911011,85447,85457,10
13.0089502335,80.2296218872,85457,85467,10
13.0087795258,80.230506897,85467,85483,16
13.0085296631,80.2318191528,85483,85496,13
13.008310318,80.232963562,85496,85506,10
13.0081300735,80.2338562012,85506,85516,10
13.0079698563,80.2346801758,85516,85526,10
13.0078001022,80.235458374,85526,85536,10
13.0076398849,80.2362670898,85536,85546,10
13.0074796677,80.2371292114,85546,85556,10
13.0073003769,80.2379989624,85556,85565,9
13.0071601868,80.2387771606,85565,85576,11
13.0069904327,80.2397079468,85576,85586,10
13.006939888,80.2401809692,85586,85597,11
13.0068798065,80.2406768799,85597,85606,9
13.0067996979,80.2412719727,85606,85617,11
13.0067596436,80.2420196533,85617,85627,10
13.0067396164,80.2428817749,85627,85637,10
13.0067195892,80.2436828613,85637,85647,10
13.0067195892,80.2445373535,85647,85657,10
13.0067396164,80.2453308105,85657,85667,10
13.0067501068,80.2461395264,85667,85677,10
13.006770134,80.246963501,85677,85687,10
13.0067596436,80.2477493286,85687,85698,11
13.0067796707,80.2486572266,85698,85708,10
13.0068101883,80.2495422363,85708,85718,10
13.0068397522,80.2503204346,85718,85728,10
13.0068397522,80.251121521,85728,85738,10
13.0066900253,80.2518920898,85738,85748,10
13.0065603256,80.2526473999,85748,85758,10
13.0065603256,80.2534484863,85758,85768,10
13.0065603256,80.2542190552,85768,85778,10
13.0066099167,80.2550582886,85778,85788,10
13.0066099167,80.2559280396,85788,85798,10
13.0066099167,80.2567367554,85798,85809,11
13.006649971,80.2574386597,85809,85819,10
13.0063800812,80.257598877,85819,85835,16
13.0054502487,80.2573776245,85835,85847,12
13.0046300888,80.2571563721,85847,85857,10
13.0038900375,80.257019043,85857,85866,9
13.0032501221,80.2568969727,85866,85877,11
13.0024204254,80.2567520142,85877,85887,10
13.0017404556,80.2566223145,85887,85896,9
13.0011196136,80.2565307617,85896,85908,12
13.0002803802,80.2563781738,85908,85918,10
12.9996099472,80.2562637329,85918,85928,10
12.9989595413,80.2561416626,85928,85937,9
12.9983701706,80.2560424805,85937,85948,11
12.997879982,80.2560119629,85948,85958,10
12.997710228,80.2560424805,85958,85968,10
12.9976797104,80.2562103271,85968,85978,10
