13.0330295563,80.2304916382,13,2734,2721
13.0327396393,80.2304763794,2734,2792,58
13.0327396393,80.2304763794,2792,2802,10
13.0329504013,80.2305984497,2802,2888,86
13.0328397751,80.23046875,2888,3196,308
13.0328397751,80.23046875,3196,3207,11
13.0330600739,80.2305984497,3207,3433,226
13.0328302383,80.2303924561,3433,3470,37
13.0328302383,80.2303924561,3470,3480,10
13.0329999924,80.2305221558,3480,3520,40
13.0328702927,80.2305374146,3520,3566,46
13.0328702927,80.2305374146,3566,3576,10
13.0327100754,80.2306213379,3576,3596,20
13.0327100754,80.2306213379,3596,3606,10
13.032910347,80.2305603027,3606,3625,19
13.0330600739,80.2305297852,3625,3749,124
13.0330600739,80.2305297852,3749,3757,8
13.0328998566,80.230430603,3757,4333,576
13.0328598022,80.2304916382,4333,4871,538
13.032959938,80.230430603,4871,5075,204
13.0328197479,80.2304229736,5075,5269,194
13.0328903198,80.2304611206,5269,6919,1650
13.0329999924,80.2305603027,6919,7114,195
13.0329999924,80.2305603027,7114,19500,12386
13.032699585,80.2306671143,19500,19514,14
13.0330295563,80.2304000854,19514,19524,10
13.0330095291,80.2303619385,19524,19534,10
13.0329799652,80.2303390503,19534,19594,60
13.0329799652,80.2303390503,19594,19605,11
13.0327796936,80.2304000854,19605,19615,10
13.0325403214,80.2304382324,19615,19625,10
13.0319595337,80.2305297852,19625,19635,10
13.0311603546,80.2306213379,19635,19646,11
13.030579567,80.2306976318,19646,19656,10
13.0299797058,80.2307662964,19656,19666,10
13.0298204422,80.2307891846,19666,19676,10
13.0290203094,80.2309112549,19676,19686,10
13.0290203094,80.2309112549,19686,19696,10
13.0283699036,80.2309875488,19696,19706,10
13.027759552,80.2310562134,19706,19716,10
13.0276603699,80.2313079834,19716,19726,10
13.0277204514,80.2317428589,19726,19736,10
13.0277996063,80.2323608398,19736,19746,10
13.027680397,80.2328109741,19746,19756,10
13.0270595551,80.2329406738,19756,19767,11
13.0266895294,80.2330093384,19767,19777,10
13.0263395309,80.2326965332,19777,19787,10
13.0260801315,80.2318725586,19787,19796,9
13.0258197784,80.2309570313,19796,19807,11
13.0250396729,80.2295379639,19807,19817,10
13.0244197845,80.2287597656,19817,19825,8
13.0239696503,80.2282333374,19825,19837,12
13.0233802795,80.2275924683,19837,19847,10
13.0233297348,80.2275314331,19847,19858,11
13.0232200623,80.2273864746,19858,19868,10
13.0228004456,80.2269668579,19868,19878,10
13.0221204758,80.2263183594,19878,19888,10
13.0212602615,80.2256393433,19888,19898,10
13.02023983,80.224937439,19898,19908,10
13.0192098618,80.2244720459,19908,19917,9
13.017999649,80.224822998,19917,19928,11
13.0168199539,80.2253112793,19928,19938,10
13.0162601471,80.2253570557,19938,19948,10
13.0158996582,80.2255935669,19948,19959,11
13.0148296356,80.2260818481,19959,19966,7
13.0143404007,80.226272583,19966,19979,13
13.0140304565,80.2263793945,19979,19989,10
13.0133800507,80.2266387939,19989,19999,10
13.0123996735,80.2270202637,19999,20009,10
13.0112304688,80.2274780273,20009,20019,10
13.0100002289,80.2279815674,20019,20029,10
13.0091199875,80.2286911011,20029,20039,10
13.0089101791,80.2299118042,20039,20049,10
13.0086603165,80.231262207,20049,20072,23
13.0082902908,80.2336196899,20072,20085,13
13.0081701279,80.2339401245,20085,20095,10
13.0080604553,80.234413147,20095,20105,10
13.0077800751,80.2357330322,20105,20115,10
13.0075597763,80.2368927002,20115,20125,10
13.007399559,80.2380981445,20125,20135,10
13.0071802139,80.2392807007,20135,20145,10
13.0070104599,80.2399902344,20145,20155,10
13.0070199966,80.2401199341,20155,20165,10
13.0069999695,80.2405471802,20165,20176,11
13.0069904327,80.2405700684,20176,20186,10
13.0068702698,80.2410964966,20186,20196,10
13.0068397522,80.2420425415,20196,20206,10
13.006819725,80.2432098389,20206,20216,10
13.0068397522,80.2444381714,20216,20226,10
13.0068502426,80.2457885742,20226,20235,9
13.0068702698,80.2466278076,20235,20244,9
13.0068397522,80.2479629517,20244,20255,11
13.0069198608,80.2492523193,20255,20266,11
13.006939888,80.2495880127,20266,20277,11
13.0069303513,80.25,20277,20286,9
13.0069103241,80.2507019043,20286,20297,11
13.0067396164,80.2518997192,20297,20307,10
13.0066099167,80.253112793,20307,20317,10
13.0066003799,80.2543792725,20317,20327,10
13.006649971,80.2555389404,20327,20337,10
13.0067100525,80.2569122314,20337,20347,10
13.006819725,80.2576065063,20347,20357,10
13.0071897507,80.2583618164,20357,20367,10
13.0079803467,80.2587585449,20367,20377,10
13.0088500977,80.2590332031,20377,20388,11
13.0101804733,80.2590637207,20388,20398,10
13.0115499496,80.2590408325,20398,20408,10
13.0129804611,80.2591018677,20408,20418,10
13.01445961,80.2591629028,20418,20428,10
13.015879631,80.2593612671,20428,20438,10
13.0163698196,80.2596130371,20438,20456,18
13.0168104172,80.2599716187,20456,20468,12
13.0176801682,80.2605285645,20468,20476,8
13.0183200836,80.2609710693,20476,20488,12
13.0193004608,80.261756897,20488,20499,11
13.0199298859,80.2623977661,20499,20509,10
13.0200395584,80.2624969482,20509,20519,10
13.0203504562,80.2627029419,20519,20529,10
13.0210399628,80.2629013062,20529,20539,10
13.0217895508,80.2631835938,20539,20549,10
13.0222101212,80.263381958,20549,20559,10
13.0228004456,80.2636871338,20559,20569,10
13.0234603882,80.2640380859,20569,20579,10
13.024310112,80.2645568848,20579,20589,10
13.0249996185,80.26512146,20589,20600,11
13.025759697,80.2655715942,20600,20610,10
13.026260376,80.2658081055,20610,20620,10
13.0263700485,80.2655715942,20620,20629,9
13.0263900757,80.2650985718,20629,20640,11
13.0264701843,80.2644195557,20640,20650,10
13.0265903473,80.2637786865,20650,20660,10
13.0268602371,80.2634887695,20660,20670,10
13.0275402069,80.2635192871,20670,20680,10
13.0281896591,80.2637405396,20680,20690,10
13.028380394,80.2637863159,20690,20700,10
13.0288200378,80.2638473511,20700,20711,11
13.0292797089,80.2640609741,20711,20721,10
13.0293197632,80.2645721436,20721,20731,10
13.0293197632,80.265296936,20731,20741,10
13.0292701721,80.2659988403,20741,20750,9
13.0292396545,80.2664489746,20750,20761,11
13.0294599533,80.2665176392,20761,20771,10
13.0299396515,80.2665176392,20771,20781,10
13.030670166,80.2666625977,20781,20791,10
13.0314102173,80.2667922974,20791,20801,10
13.0322198868,80.2671890259,20801,20812,11
13.0329303741,80.2676086426,20812,20822,10
13.0336799622,80.2677536011,20822,20832,10
13.0339298248,80.2678375244,20832,20842,10
13.0341596603,80.2678985596,20842,20852,10
13.0345201492,80.2679519653,20852,20872,20
13.0345201492,80.2679519653,20872,20882,10
13.0344800949,80.2680892944,20882,20892,10
13.0341796875,80.2679977417,20892,20902,10
13.0337095261,80.267906189,20902,20913,11
13.0333003998,80.2678222656,20913,21136,223
13.032959938,80.2677764893,21136,21176,40
13.032959938,80.2677764893,21176,21186,10
13.0326795578,80.2677001953,21186,21196,10
13.0324602127,80.2674789429,21196,21206,10
13.0321702957,80.267326355,21206,21216,10
13.0314702988,80.2669906616,21216,21226,10
13.0308198929,80.2668380737,21226,21237,11
13.0299596786,80.2667007446,21237,21247,10
13.0292701721,80.2665710449,21247,21257,10
13.0287904739,80.266418457,21257,21267,10
13.0281400681,80.2662963867,21267,21277,10
13.0278100967,80.2662582397,21277,21287,10
13.0274896622,80.266166687,21287,21297,10
13.0268802643,80.2660903931,21297,21307,10
13.0263996124,80.2660217285,21307,21317,10
13.0258598328,80.2657318115,21317,21326,9
13.0253400803,80.26537323,21326,21337,11
13.0248498917,80.2649765015,21337,21347,10
13.0243196487,80.2645797729,21347,21358,11
13.0236196518,80.2641830444,21358,21368,10
13.0230197906,80.2638092041,21368,21378,10
13.0223798752,80.2635192871,21378,21388,10
13.0221796036,80.2634124756,21388,21398,10
13.0219402313,80.2632980347,21398,21408,10
13.0213603973,80.263092041,21408,21418,10
13.0204496384,80.2630233765,21418,21428,10
13.0195903778,80.2629699707,21428,21438,10
13.0190696716,80.2629013062,21438,21449,11
13.0188798904,80.262260437,21449,21459,10
13.0187397003,80.2614822388,21459,21469,10
13.0181798935,80.2609634399,21469,21487,18
13.0164499283,80.2598266602,21487,21499,12
13.015130043,80.2593231201,21499,21507,8
13.0141296387,80.259262085,21507,21519,12
13.0124998093,80.2592010498,21519,21529,10
13.0113201141,80.2591781616,21529,21539,10
13.0101995468,80.2592391968,21539,21549,10
13.0091295242,80.2592086792,21549,21560,11
13.0086202621,80.2591705322,21560,21570,10
13.0079698563,80.2592315674,21570,21579,9
13.0074100494,80.2592391968,21579,21590,11
13.0071697235,80.2587280273,21590,21600,10
13.0071001053,80.2586364746,21600,21610,10
13.0068502426,80.2581100464,21610,21620,10
13.0065603256,80.2576522827,21620,21630,10
13.0064897537,80.2570877075,21630,21640,10
13.0065202713,80.256111145,21640,21650,10
13.0065402985,80.2548828125,21650,21661,11
13.0065803528,80.2533187866,21661,21681,20
13.0065803528,80.2533187866,21681,21691,10
13.0065898895,80.2530517578,21691,21701,10
13.0065803528,80.2524337769,21701,21710,9
13.0066900253,80.2517700195,21710,21725,15
13.0068302155,80.2501296997,21725,21735,10
13.006770134,80.2487030029,21735,21745,10
13.006649971,80.247428894,21745,21765,20
13.006649971,80.247428894,21765,21776,11
13.006649971,80.2468185425,21776,21786,10
13.0066099167,80.2465591431,21786,21796,10
13.0066604614,80.2463378906,21796,21819,23
13.0066995621,80.2441482544,21819,21831,12
13.0066204071,80.2426605225,21831,21841,10
13.0065898895,80.2415390015,21841,21851,10
13.0066604614,80.2409133911,21851,21861,10
13.0068902969,80.2400436401,21861,21871,10
13.0070199966,80.2389297485,21871,21882,11
13.0072402954,80.2378234863,21882,21892,10
13.007399559,80.2369766235,21892,21902,10
13.0074300766,80.2367782593,21902,21912,10
13.007519722,80.2365188599,21912,21922,10
13.0076503754,80.2359390259,21922,21932,10
13.0078802109,80.2348022461,21932,21942,10
13.0081195831,80.2335281372,21942,21952,10
13.0083799362,80.2322235107,21952,21962,10
13.0085897446,80.2309875488,21962,21972,10
13.0088396072,80.2296981812,21972,21983,11
13.0091400146,80.2283477783,21983,21993,10
13.0095996857,80.2272186279,21993,22002,9
13.0100603104,80.2262420654,22002,22013,11
13.0106601715,80.2250976563,22013,22022,9
13.011059761,80.2242202759,22022,22033,11
13.011639595,80.2228317261,22033,22043,10
13.0120601654,80.2217712402,22043,22053,10
13.012430191,80.221496582,22053,22063,10
13.0127601624,80.2220611572,22063,22073,10
13.0134296417,80.2228317261,22073,22083,10
13.0141601563,80.2236785889,22083,22094,11
13.0149402618,80.224571228,22094,22104,10
13.0154695511,80.2249984741,22104,22114,10
13.0155296326,80.2250900269,22114,22124,10
13.0158100128,80.2252883911,22124,22134,10
13.0165700912,80.2253036499,22134,22143,9
13.0176897049,80.2248687744,22143,22154,11
13.018910408,80.2243881226,22154,22162,8
13.0196695328,80.2244873047,22162,22174,12
13.0202302933,80.224937439,22174,22184,10
13.0206699371,80.225227356,22184,22195,11
13.0212202072,80.2256393433,22195,22204,9
13.0217103958,80.2259902954,22204,22215,11
13.0219602585,80.2261581421,22215,22225,10
13.0220804214,80.2262573242,22225,22235,10
13.0224895477,80.2266387939,22235,22245,10
13.023349762,80.2274627686,22245,22255,10
13.0240697861,80.2282028198,22255,22265,10
13.0244398117,80.2285919189,22265,22275,10
13.0248203278,80.2291793823,22275,22285,10
13.0254201889,80.2299804688,22285,22296,11
13.0260000229,80.2310562134,22296,22306,10
13.0262002945,80.2313537598,22306,22316,10
13.02684021,80.2311477661,22316,22326,10
13.0278100967,80.23097229,22326,22336,10
13.0285196304,80.2308883667,22336,22346,10
13.0291500092,80.2308273315,22346,22356,10
13.0295600891,80.2307891846,22356,22366,10
13.0302495956,80.23072052,22366,22375,9
13.0305995941,80.2306976318,22375,22385,10
13.0307998657,80.230682373,22385,22397,12
13.0315799713,80.2305984497,22397,22407,10
13.0326099396,80.2305221558,22407,22417,10
13.0336303711,80.2304763794,22417,22427,10
13.0344200134,80.2303771973,22427,22447,20
13.0344200134,80.2303771973,22447,22457,10
13.0348300934,80.2302322388,22457,22467,10
13.0350599289,80.2300033569,22467,22477,10
13.0349702835,80.2298126221,22477,22487,10
13.0345401764,80.2297821045,22487,22497,10
13.0342597961,80.2298278809,22497,22508,11
13.0340299606,80.2297592163,22508,22518,10
13.0336704254,80.2297286987,22518,22528,10
13.0334396362,80.2300491333,22528,22598,70
13.0335597992,80.2300186157,22598,22780,182
13.0335998535,80.2299728394,22780,22963,183
13.0335998535,80.2299728394,22963,22973,10
13.0338001251,80.2296981812,22973,22983,10
13.0341396332,80.2299575806,22983,23256,273
13.0342102051,80.2302703857,23256,23699,443
13.0342102051,80.2302703857,23699,23709,10
13.0337495804,80.23046875,23709,23719,10
13.0331201553,80.2304916382,23719,23729,10
13.0324497223,80.2305526733,23729,23739,10
13.0319404602,80.2306137085,23739,23749,10
13.0314397812,80.2306289673,23749,23759,10
13.0306997299,80.2306976318,23759,23769,10
13.029999733,80.2307662964,23769,23779,10
13.0298099518,80.230796814,23779,23789,10
13.029589653,80.2308197021,23789,23800,11
13.0288696289,80.2308807373,23800,23810,10
13.0280504227,80.2309570313,23810,23820,10
13.0276699066,80.231010437,23820,23830,10
13.0276603699,80.2314376831,23830,23840,10
13.0277299881,80.232093811,23840,23850,10
13.027879715,80.2326812744,23850,23860,10
13.0274200439,80.2328262329,23860,23870,10
13.0269002914,80.2329406738,23870,23880,10
13.0264797211,80.2329101563,23880,23890,10
13.0262098312,80.2322616577,23890,23900,10
13.0259504318,80.2311935425,23900,23911,11
13.0253400803,80.2299118042,23911,23921,10
13.0245504379,80.2288818359,23921,23931,10
13.0240097046,80.2282562256,23931,23947,16
13.023900032,80.2281112671,23947,23959,12
13.023349762,80.2275466919,23959,23969,10
13.022769928,80.2270278931,23969,23979,10
13.0218896866,80.2261734009,23979,23988,9
13.0209999084,80.225479126,23988,24000,12
13.0195503235,80.2245330811,24000,24011,11
13.0182304382,80.2246627808,24011,24022,11
13.0170602798,80.2251586914,24022,24032,10
13.0165596008,80.2254104614,24032,24042,10
13.0162000656,80.2255630493,24042,24052,10
13.0155200958,80.225769043,24052,24062,10
13.0146903992,80.2261123657,24062,24072,10
13.0143404007,80.2262496948,24072,24082,10
13.0140399933,80.226348877,24082,24084,2
13.0140399933,80.226348877,24084,24131,47
13.0094995499,80.228187561,24131,24141,10
13.0090503693,80.2290802002,24141,24151,10
13.0088195801,80.2303085327,24151,24161,10
13.0086097717,80.2314834595,24161,24171,10
13.0083904266,80.2326812744,24171,24181,10
13.0082798004,80.2334823608,24181,24191,10
13.0082597733,80.233543396,24191,24201,10
13.0081195831,80.2339935303,24201,24211,10
13.0079603195,80.2347869873,24211,24224,13
13.0076999664,80.2360610962,24224,24234,10
13.0074396133,80.237411499,24234,24245,11
13.0071697235,80.2387771606,24245,24255,10
13.0069999695,80.2397384644,24255,24265,10
13.0068902969,80.2405395508,24265,24275,10
13.0068597794,80.2406997681,24275,24285,10
13.0067796707,80.2411727905,24285,24295,10
13.0067596436,80.2421417236,24295,24305,10
13.0067396164,80.242980957,24305,24315,10
13.0066795349,80.2438735962,24315,24325,10
13.006649971,80.2446136475,24325,24335,10
13.0066900253,80.2454910278,24335,24346,11
13.0067195892,80.24609375,24346,24356,10
13.0067396164,80.2466888428,24356,24366,10
13.0067396164,80.2475509644,24366,24376,10
13.0068597794,80.2491989136,24376,24396,20
13.0068597794,80.2491989136,24396,24406,10
13.0068798065,80.2494430542,24406,24416,10
13.0068302155,80.2500915527,24416,24426,10
13.0068101883,80.2510375977,24426,24436,10
13.0066204071,80.2521514893,24436,24446,10
13.0065603256,80.2531967163,24446,24456,10
13.0066003799,80.25440979,24456,24467,11
13.0066404343,80.2559127808,24467,24477,10
13.0067396164,80.257232666,24477,24497,20
13.0067396164,80.257232666,24497,24507,10
13.0067996979,80.25756073,24507,24517,10
13.0070800781,80.2580566406,24517,24527,10
13.0077600479,80.2586364746,24527,24547,20
13.0077600479,80.2586364746,24547,24557,10
13.0079202652,80.2587585449,24557,24567,10
13.0085802078,80.2590026855,24567,24578,11
13.0095596313,80.2590789795,24578,24588,10
13.0108203888,80.2590713501,24588,24598,10
13.0121603012,80.2590789795,24598,24608,10
13.0135803223,80.259147644,24608,24618,10
13.0150203705,80.2592010498,24618,24628,10
13.0161399841,80.2594680786,24628,24638,10
13.0164403915,80.2596817017,24638,24648,10
13.0166702271,80.2598876953,24648,24658,10
13.0173397064,80.2603683472,24658,24669,11
13.0183296204,80.2610321045,24669,24678,9
13.0190200806,80.2616119385,24678,24689,11
13.019780159,80.2622833252,24689,24699,10
13.0202198029,80.2626266479,24699,24709,10
13.0204801559,80.2627792358,24709,24719,10
13.0212097168,80.2630081177,24719,24729,10
13.0219402313,80.2632827759,24729,24739,10
13.0222396851,80.2634429932,24739,24749,10
13.0227499008,80.2637023926,24749,24759,10
13.0232200623,80.2639389038,24759,24769,10
13.024140358,80.2644424438,24769,24779,10
13.0248003006,80.2649688721,24779,24790,11
13.0255899429,80.2655105591,24790,24800,10
13.0261802673,80.2658615112,24800,24810,10
13.0263900757,80.2655563354,24810,24820,10
13.0263996124,80.2649383545,24820,24830,10
13.0264902115,80.2642974854,24830,24840,10
13.026550293,80.2640991211,24840,24850,10
13.0266304016,80.2637176514,24850,24860,10
13.0267801285,80.263458252,24860,24870,10
13.0273799896,80.2635803223,24870,24880,10
13.0280704498,80.2637481689,24880,24890,10
13.0286598206,80.263923645,24890,24901,11
13.0292596817,80.2640991211,24901,24911,10
13.0293703079,80.2645568848,24911,24921,10
13.0293397903,80.2651290894,24921,24931,10
13.029299736,80.2654418945,24931,24941,10
13.029299736,80.2659683228,24941,24951,10
13.0292596817,80.2661209106,24951,24961,10
13.0292596817,80.2664489746,24961,24971,10
13.029589653,80.2665786743,24971,24981,10
13.0304098129,80.2667007446,24981,24991,10
13.031080246,80.2668685913,24991,25007,16
13.0320701599,80.2672576904,25007,25020,13
13.0328197479,80.2676696777,25020,25030,10
13.0335798264,80.267791748,25030,25040,10
13.0340003967,80.2678985596,25040,25050,10
13.034119606,80.2679214478,25050,25060,10
13.0344295502,80.2679672241,25060,25069,9
13.0345497131,80.2681503296,25069,25101,32
13.0345497131,80.2681503296,25101,25111,10
13.0343904495,80.2680892944,25111,25122,11
13.033659935,80.2679367065,25122,25969,847
13.0333499908,80.2677764893,25969,26292,323
13.0333499908,80.2677764893,26292,26302,10
13.0333003998,80.2678222656,26302,26312,10
13.0329303741,80.2677230835,26312,26322,10
13.0325899124,80.267578125,26322,26333,11
13.0321302414,80.2673416138,26333,26343,10
13.0314798355,80.2670669556,26343,26353,10
13.0309095383,80.2668533325,26353,26363,10
13.0302200317,80.2667007446,26363,26373,10
13.0296602249,80.2665863037,26373,26383,10
13.0293998718,80.2665405273,26383,26393,10
13.0291795731,80.2664794922,26393,26403,10
13.0286502838,80.2663803101,26403,26413,10
13.027970314,80.2663116455,26413,26423,10
13.0272903442,80.26612854,26423,26433,10
13.0266399384,80.2660675049,26433,26444,11
13.0261497498,80.26587677,26444,26454,10
13.025850296,80.2657012939,26454,26464,10
13.025560379,80.2655181885,26464,26474,10
13.0252399445,80.2652893066,26474,26484,10
13.0252304077,80.2652893066,26484,26494,10
13.0249300003,80.265083313,26494,26504,10
13.0244903564,80.2647705078,26504,26514,10
13.0238800049,80.2643890381,26514,26524,10
13.0233297348,80.2640991211,26524,26534,10
13.0228004456,80.2638015747,26534,26544,10
13.0222597122,80.2635726929,26544,26555,11
13.0221300125,80.2634124756,26555,26565,10
13.0218896866,80.2633285522,26565,26575,10
13.0213499069,80.2631607056,26575,26585,10
13.0204696655,80.2630462646,26585,26595,10
13.0195398331,80.2629394531,26595,26605,10
13.0190401077,80.2628707886,26605,26615,10
13.0188798904,80.2621765137,26615,26625,10
13.0187196732,80.2614212036,26625,26635,10
13.0182600021,80.2610473633,26635,26651,16
13.0172796249,80.2604064941,26651,26664,13
13.0163202286,80.2598266602,26664,26674,10
13.0161104202,80.2597198486,26674,26683,9
13.015879631,80.2595977783,26683,26694,11
13.015130043,80.2593765259,26694,26704,10
13.0143203735,80.2593231201,26704,26714,10
13.0131998062,80.259262085,26714,26724,10
13.012049675,80.2591781616,26724,26734,10
13.0108804703,80.2591934204,26734,26744,10
13.0097999573,80.2592697144,26744,26754,10
13.0089998245,80.2592926025,26754,26764,10
13.0087203979,80.2592315674,26764,26775,11
13.0080404282,80.2592468262,26775,26785,10
13.0075798035,80.2592086792,26785,26795,10
13.0073099136,80.2587814331,26795,26805,10
13.007229805,80.2585830688,26805,26815,10
13.0069599152,80.2580718994,26815,26825,10
13.0066900253,80.2577590942,26825,26835,10
13.0066299438,80.2574310303,26835,26845,10
13.0066299438,80.2568435669,26845,26855,10
13.0066099167,80.2558670044,26855,26865,10
13.006649971,80.2549591064,26865,26875,10
13.0066099167,80.2539215088,26875,26886,11
13.0065803528,80.2531433105,26886,26896,10
13.0065803528,80.2530288696,26896,26906,10
13.0066299438,80.2521972656,26906,26956,50
13.0066299438,80.2521972656,26956,26966,10
13.0066699982,80.2517471313,26966,26976,10
13.0067796707,80.2510375977,26976,26987,11
13.0067796707,80.2500991821,26987,26997,10
13.0067796707,80.2495498657,26997,27007,10
13.0067796707,80.2492828369,27007,27017,10
13.0067300797,80.2485961914,27017,27027,10
13.0066900253,80.2480621338,27027,27037,10
13.0066404343,80.2474365234,27037,27116,79
13.0066404343,80.2474365234,27116,27125,9
13.0066604614,80.2469482422,27125,27136,11
13.0065803528,80.2464981079,27136,27156,20
13.0065803528,80.2464981079,27156,27166,10
13.006649971,80.2461166382,27166,27176,10
13.006649971,80.2453308105,27176,27186,10
13.0066299438,80.2445831299,27186,27196,10
13.0066204071,80.2438964844,27196,27208,12
13.0065898895,80.2429580688,27208,27218,10
13.0065603256,80.2419433594,27218,27228,10
13.0065698624,80.241317749,27228,27238,10
13.0065698624,80.2413101196,27238,27248,10
13.0065698624,80.2411575317,27248,27258,10
13.0066604614,80.2406082153,27258,27268,10
13.0067796707,80.2400970459,27268,27278,10
13.0069599152,80.2393569946,27278,27288,10
13.0071401596,80.2382888794,27288,27298,10
13.007349968,80.2373504639,27298,27308,10
13.0074100494,80.2367706299,27308,27319,11
13.0074996948,80.2364807129,27319,27329,10
13.0076799393,80.2357406616,27329,27339,10
13.007900238,80.2346496582,27339,27349,10
13.0081596375,80.2333679199,27349,27359,10
13.0084400177,80.2319564819,27359,27369,10
13.0087203979,80.2304916382,27369,27379,10
13.0090303421,80.2290725708,27379,27389,10
13.0094299316,80.2277297974,27389,27399,10
13.0099802017,80.2264862061,27399,27409,10
13.0105199814,80.2254714966,27409,27419,10
13.0107803345,80.224861145,27419,27430,11
13.0110902786,80.2241134644,27430,27440,10
13.0115404129,80.2230606079,27440,27450,10
13.0120000839,80.221862793,27450,27460,10
13.012339592,80.2214126587,27460,27470,10
13.0126495361,80.221862793,27470,27480,10
13.0131101608,80.222442627,27480,27496,16
13.0141401291,80.223449707,27496,27508,12
13.01445961,80.2239837646,27508,27516,8
13.0154895782,80.2249832153,27516,27538,22
13.0154895782,80.2249832153,27538,27549,11
13.0159196854,80.2252731323,27549,27559,10
13.0167198181,80.2252426147,27559,27569,10
13.0177898407,80.2248001099,27569,27579,10
13.0187501907,80.2244110107,27579,27589,10
13.0196895599,80.2244567871,27589,27599,10
13.0199604034,80.2246704102,27599,27609,10
13.0205001831,80.2250671387,27609,27619,10
13.0219602585,80.2261428833,27619,27639,20
13.0219602585,80.2261428833,27639,27650,11
13.0221996307,80.226348877,27650,27660,10
13.0224199295,80.2265472412,27660,27670,10
13.0230703354,80.227142334,27670,27680,10
13.0239496231,80.2279434204,27680,27690,10
13.0245800018,80.2287368774,27690,27700,10
13.0251703262,80.2295608521,27700,27710,10
13.0258398056,80.2305374146,27710,27720,10
13.0260801315,80.2313079834,27720,27730,10
13.0265102386,80.2312164307,27730,27740,10
13.0274600983,80.231010437,27740,27750,10
13.0284204483,80.2308883667,27750,27761,11
13.0285997391,80.2309188843,27761,27771,10
13.0291595459,80.2308883667,27771,27787,16
13.0301103592,80.230796814,27787,27799,12
13.0312204361,80.2307128906,27799,27809,10
13.0320796967,80.2306594849,27809,27819,10
13.0330896378,80.2305679321,27819,27829,10
13.0339202881,80.2305221558,27829,27839,10
13.0343904495,80.2304611206,27839,27849,10
13.0348300934,80.2302703857,27849,27870,21
13.0348300934,80.2302703857,27870,27879,9
13.0349502563,80.2300415039,27879,27900,21
13.0349502563,80.2300415039,27900,27910,10
13.0345401764,80.2300186157,27910,29091,1181
13.0343704224,80.2298965454,29091,29252,161
13.0343198776,80.2300415039,29252,29555,303
13.0343198776,80.2300415039,29555,29565,10
13.0341501236,80.2304229736,29565,29575,10
13.034070015,80.2304534912,29575,29585,10
13.033539772,80.2304229736,29585,29595,10
13.0327701569,80.2304763794,29595,29605,10
13.0318403244,80.2305831909,29605,29615,10
13.0309295654,80.2306594849,29615,29626,11
13.0300397873,80.2307662964,29626,29646,20
13.0300397873,80.2307662964,29646,29656,10
13.0297002792,80.230796814,29656,29666,10
13.0291795731,80.2308578491,29666,29676,10
13.0283403397,80.2309417725,29676,29686,10
13.0277900696,80.2310180664,29686,29696,10
13.027759552,80.2314987183,29696,29706,10
13.0277996063,80.2321014404,29706,29716,10
13.0278997421,80.2327270508,29716,29726,10
13.0271701813,80.2329177856,29726,29747,21
13.0271701813,80.2329177856,29747,29757,10
13.0270299911,80.2329406738,29757,29767,10
13.0268602371,80.2329406738,29767,29777,10
13.0264701843,80.2328872681,29777,29787,10
13.0261898041,80.2321624756,29787,29797,10
13.0260095596,80.2315368652,29797,29807,10
13.0257301331,80.2306289673,29807,29817,10
13.0251197815,80.2296524048,29817,29827,10
13.0245599747,80.2289276123,29827,29837,10
13.0241098404,80.2284164429,29837,29848,11
13.0240402222,80.2283325195,29848,29858,10
13.0238199234,80.2280426025,29858,29868,10
13.0234804153,80.2276916504,29868,29878,10
13.0232696533,80.2274780273,29878,29888,10
13.0228300095,80.2270584106,29888,29898,10
13.0221700668,80.2264709473,29898,29908,10
13.0216197968,80.2260284424,29908,29918,10
13.0210504532,80.2255706787,29918,29928,10
13.0206804276,80.2252807617,29928,29938,10
13.020409584,80.2251205444,29938,29948,10
13.0201597214,80.2249679565,29948,29959,11
13.0196800232,80.2246170044,29959,29969,10
13.0187597275,80.2245101929,29969,29979,10
13.0177402496,80.2249069214,29979,29989,10
13.0168504715,80.2252807617,29989,29999,10
13.0163898468,80.225479126,29999,30015,16
13.0153398514,80.2258911133,30015,30027,12
13.0150003433,80.2260665894,30027,30037,10
13.0147199631,80.2261428833,30037,30047,10
13.014380455,80.2262573242,30047,30057,10
13.0143699646,80.2262573242,30057,30067,10
13.0141401291,80.2263183594,30067,30079,12
13.0133600235,80.2266311646,30079,30089,10
13.0124998093,80.2269287109,30089,30100,11
13.0116596222,80.2272491455,30100,30110,10
13.010430336,80.2277832031,30110,30120,10
13.0093803406,80.2282409668,30120,30130,10
13.0090703964,80.2290420532,30130,30140,10
13.0089197159,80.2299499512,30140,30150,10
13.0087299347,80.2310028076,30150,30160,10
13.0085401535,80.2320022583,30160,30171,11
13.0083303452,80.2331390381,30171,30181,10
13.0082798004,80.2336273193,30181,30190,9
13.0082597733,80.2336730957,30190,30201,11
13.0082101822,80.233757019,30201,30211,10
13.0080900192,80.2342834473,30211,30221,10
13.0080003738,80.2347106934,30221,30231,10
13.0078802109,80.2353210449,30231,30241,10
13.0077400208,80.2359771729,30241,30251,10
13.0075902939,80.2367630005,30251,30261,10
13.0074996948,80.2372283936,30261,30271,10
13.007399559,80.237701416,30271,30281,10
13.0073204041,80.2381362915,30281,30292,11
13.0072803497,80.2383499146,30292,30302,10
13.0072402954,80.2385101318,30302,30322,20
13.0072402954,80.2385101318,30322,30332,10
13.0071897507,80.2387237549,30332,30342,10
13.0071401596,80.2390899658,30342,30352,10
13.0070199966,80.2396392822,30352,30362,10
13.0068798065,80.2404022217,30362,30372,10
13.0068101883,80.2407913208,30372,30382,10
13.0068101883,80.2408065796,30382,30393,11
13.0067901611,80.2410125732,30393,30403,10
13.0067396164,80.2414779663,30403,30413,10
13.0067501068,80.2417678833,30413,30423,10
13.0067501068,80.2420196533,30423,30433,10
13.0067501068,80.2423095703,30433,30443,10
13.0067501068,80.2424468994,30443,30453,10
13.0067501068,80.2426681519,30453,30463,10
13.0067501068,80.2429199219,30463,30473,10
13.0067396164,80.2431182861,30473,30483,10
13.0067396164,80.2433166504,30483,30500,17
13.0067396164,80.2438430786,30500,30512,12
13.0067300797,80.2443237305,30512,30532,20
13.0067300797,80.2443237305,30532,30542,10
13.0067396164,80.2444534302,30542,30552,10
13.0067195892,80.2447891235,30552,30562,10
13.0067195892,80.2451324463,30562,30572,10
13.0067396164,80.2454528809,30572,30582,10
13.0067501068,80.2460479736,30582,30592,10
13.0067501068,80.2468795776,30592,30602,10
13.0067396164,80.2477722168,30602,30613,11
13.006819725,80.2489395142,30613,30623,10
13.0068902969,80.24949646,30623,30643,20
13.0068902969,80.24949646,30643,30653,10
13.0068902969,80.2498931885,30653,30663,10
13.0068597794,80.2504806519,30663,30673,10
13.006819725,80.2514724731,30673,30703,30
13.006819725,80.2514724731,30703,30713,10
13.0066995621,80.2518692017,30713,30724,11
13.0065603256,80.2528076172,30724,30734,10
13.0065698624,80.2538986206,30734,30744,10
13.0066204071,80.2550582886,30744,30754,10
13.0066299438,80.2562866211,30754,30764,10
13.0066795349,80.2574081421,30764,30774,10
13.0071802139,80.2583694458,30774,30784,10
13.0076799393,80.2586898804,30784,30794,10
13.0077104568,80.258682251,30794,30804,10
13.007809639,80.2586898804,30804,30814,10
13.0082101822,80.2588882446,30814,30824,10
13.0089998245,80.2590789795,30824,30835,11
13.0100002289,80.2590713501,30835,30845,10
13.0112400055,80.2590789795,30845,30855,10
13.0125799179,80.2590866089,30855,30865,10
13.013999939,80.259147644,30865,30875,10
13.0153503418,80.2592163086,30875,30885,10
13.0158596039,80.2593307495,30885,30895,10
13.0161104202,80.259437561,30895,30905,10
13.0163602829,80.2596206665,30905,30925,20
13.0163602829,80.2596206665,30925,30935,10
13.0165500641,80.2597808838,30935,30946,11
13.0167303085,80.2599334717,30946,30956,10
13.0170898438,80.2601776123,30956,30966,10
13.0174598694,80.2604293823,30966,30976,10
13.0177898407,80.2606582642,30976,30986,10
13.018239975,80.2609786987,30986,30996,10
13.0185403824,80.2611923218,30996,31006,10
13.0188999176,80.2614822388,31006,31016,10
13.0191898346,80.26171875,31016,31026,10
13.0194702148,80.2619934082,31026,31036,10
13.0198698044,80.2623977661,31036,31046,10
13.0205802917,80.2627792358,31046,31057,11
13.0215501785,80.2630767822,31057,31067,10
13.02202034,80.2633285522,31067,31077,10
13.0222702026,80.2634887695,31077,31087,10
13.0224399567,80.2635803223,31087,31097,10
13.0228500366,80.2638015747,31097,31107,10
13.0230703354,80.263923645,31107,31117,10
13.0234203339,80.2641677856,31117,31127,10
13.0242595673,80.2646179199,31127,31137,10
13.024720192,80.2649612427,31137,31147,10
13.025349617,80.2653808594,31147,31157,10
13.0259599686,80.2657775879,31157,31168,11
13.0263700485,80.2658309937,31168,31178,10
13.0263996124,80.2652816772,31178,31188,10
13.0264396667,80.264503479,31188,31198,10
13.0265197754,80.2639389038,31198,31208,10
13.0265302658,80.2638397217,31208,31218,10
13.0265798569,80.2634735107,31218,31228,10
13.0268096924,80.2633895874,31228,31238,10
13.0274200439,80.2635192871,31238,31248,10
13.0280504227,80.263710022,31248,31258,10
13.0283002853,80.2637710571,31258,31268,10
13.0286397934,80.2639312744,31268,31279,11
13.0290899277,80.2641296387,31279,31289,10
13.0291996002,80.2645492554,31289,31299,10
13.0292100906,80.265296936,31299,31309,10
13.0292396545,80.2658615112,31309,31319,10
13.0292396545,80.2658920288,31319,31329,10
13.0292301178,80.2661590576,31329,31339,10
13.0291900635,80.2664108276,31339,31349,10
13.0293798447,80.2665786743,31349,31359,10
13.0299396515,80.2666320801,31359,31369,10
13.0305595398,80.266746521,31369,31379,10
13.0312795639,80.2669372559,31379,31390,11
13.0322399139,80.267326355,31390,31410,20
13.0322399139,80.267326355,31410,31420,10
13.0326700211,80.267616272,31420,31430,10
13.0331001282,80.2677307129,31430,31440,10
13.0336503983,80.2678604126,31440,31450,10
13.0337600708,80.2678909302,31450,31460,10
13.0338602066,80.2679290771,31460,31470,10
13.0345001221,80.2679977417,31470,31490,20
13.0345001221,80.2679977417,31490,31501,11
13.0345001221,80.268157959,31501,31511,10
13.0344400406,80.2680969238,31511,31521,10
13.0340499878,80.2679901123,31521,31531,10
13.0333995819,80.267868042,31531,31571,40
13.0331497192,80.2677230835,31571,31884,313
13.0331296921,80.267791748,31884,32005,121
13.0331296921,80.267791748,32005,32015,10
13.032959938,80.2677612305,32015,32025,10
13.0327100754,80.2676315308,32025,32035,10
13.0325403214,80.2675170898,32035,32045,10
13.0321302414,80.2672805786,32045,32056,11
13.0315198898,80.266998291,32056,32066,10
13.0312204361,80.2668914795,32066,32076,10
13.0309000015,80.2667999268,32076,32086,10
13.0299396515,80.2666168213,32086,32116,30
13.0299396515,80.2666168213,32116,32126,10
13.0294599533,80.2666168213,32126,32136,10
13.0290899277,80.2664489746,32136,32146,10
13.0283603668,80.2662582397,32146,32156,10
13.0277204514,80.2661209106,32156,32167,11
13.0268802643,80.2659301758,32167,32183,16
13.0259799957,80.2656936646,32183,32195,12
13.0253801346,80.265296936,32195,32205,10
13.0252199173,80.2652435303,32205,32215,10
13.0248403549,80.2650375366,32215,32225,10
13.0240898132,80.2644195557,32225,32235,10
13.0233602524,80.2640228271,32235,32244,9
13.0221700668,80.2634429932,32244,32265,21
13.0221700668,80.2634429932,32265,32276,11
13.021780014,80.2632522583,32276,32286,10
13.0209703445,80.2630310059,32286,32296,10
13.0200300217,80.2630233765,32296,32307,11
13.0192804337,80.2629394531,32307,32317,10
13.0189399719,80.2626190186,32317,32327,10
13.0187997818,80.2618103027,32327,32337,10
13.0187501907,80.2613677979,32337,32347,10
13.0185699463,80.2612304688,32347,32357,10
13.018239975,80.2610626221,32357,32367,10
13.0177898407,80.2606964111,32367,32377,10
13.0172395706,80.2603225708,32377,32388,11
13.0161895752,80.2596893311,32388,32408,20
13.0161895752,80.2596893311,32408,32418,10
13.0157804489,80.2594985962,32418,32428,10
13.0149898529,80.2593002319,32428,32438,10
13.0140399933,80.2592697144,32438,32448,10
13.0128297806,80.2592163086,32448,32458,10
13.0115604401,80.2591781616,32458,32468,10
13.0106096268,80.2592010498,32468,32478,10
13.0098896027,80.2592391968,32478,32488,10
13.0097398758,80.2592468262,32488,32499,11
13.0091495514,80.259262085,32499,32509,10
13.0088300705,80.2592010498,32509,32519,10
13.0083503723,80.2590789795,32519,32529,10
13.0077295303,80.2592315674,32529,32539,10
13.0073795319,80.2588882446,32539,32549,10
13.0072402954,80.2586517334,32549,32559,10
13.0071001053,80.2584075928,32559,32569,10
13.0069904327,80.2582168579,32569,32579,10
13.0067396164,80.2578201294,32579,32589,10
13.0065803528,80.25756073,32589,32599,10
13.0065402985,80.2571105957,32599,32610,11
13.0065202713,80.256439209,32610,32620,10
13.0065002441,80.2556762695,32620,32630,10
13.0065202713,80.2552108765,32630,32640,10
13.0065202713,80.2545013428,32640,32650,10
13.0064897537,80.2536468506,32650,32660,10
13.0064601898,80.2531585693,32660,32670,10
13.0064697266,80.253036499,32670,32680,10
13.0065097809,80.2523193359,32680,32711,31
13.0065097809,80.2523193359,32711,32721,10
13.006649971,80.2521820068,32721,32731,10
13.0066995621,80.2517471313,32731,32741,10
13.0067996979,80.2510299683,32741,32751,10
13.0067901611,80.2501907349,32751,32892,141
13.0067901611,80.2501907349,32892,32902,10
13.0067796707,80.2498474121,32902,32912,10
13.0067501068,80.2493972778,32912,32922,10
13.0066995621,80.2486419678,32922,33104,182
13.0066995621,80.2486419678,33104,33114,10
13.0067300797,80.2485580444,33114,33124,10
13.0066995621,80.2482833862,33124,33134,10
13.0066604614,80.2478790283,33134,33144,10
13.0066404343,80.247543335,33144,33215,71
13.0067501068,80.2474365234,33215,33316,101
13.0067501068,80.2474365234,33316,33326,10
13.0066900253,80.2472305298,33326,33336,10
13.0066099167,80.24659729,33336,33356,20
13.0066099167,80.24659729,33356,33366,10
13.0066404343,80.2462081909,33366,33377,11
13.0066204071,80.2455673218,33377,33387,10
13.0066299438,80.2451629639,33387,33397,10
13.0065803528,80.2446289063,33397,33407,10
13.0065898895,80.2444534302,33407,33417,10
13.0066099167,80.2441177368,33417,33427,10
13.0065803528,80.2435073853,33427,33437,10
13.0065498352,80.2427978516,33437,33447,10
13.0065402985,80.2419128418,33447,33457,10
13.0065402985,80.2415390015,33457,33548,91
13.0065402985,80.2415390015,33548,33558,10
13.0065898895,80.2411499023,33558,33629,71
13.0065898895,80.2411499023,33629,33639,10
13.0066795349,80.2406005859,33639,33649,10
13.0066995621,80.2403717041,33649,33659,10
13.006770134,80.2399215698,33659,33669,10
13.0069799423,80.2389984131,33669,33679,10
13.0071802139,80.237953186,33679,33689,10
13.0073604584,80.2371292114,33689,33699,10
13.007399559,80.2367706299,33699,33710,11
13.0074796677,80.2365493774,33710,33720,10
13.0076198578,80.2358779907,33720,33730,10
13.0077295303,80.2351989746,33730,33740,10
13.0077800751,80.2350463867,33740,33750,10
13.0079202652,80.2344589233,33750,33760,10
13.0081100464,80.2335205078,33760,33770,10
13.0083503723,80.2322692871,33770,33780,10
13.0086297989,80.2310028076,33780,33790,10
13.0088195801,80.2299118042,33790,33800,10
13.0091400146,80.228302002,33800,33810,10
13.0095796585,80.2272262573,33810,33821,11
13.010140419,80.2260131836,33821,33831,10
13.0106296539,80.2250289917,33831,33841,10
13.0110797882,80.2240829468,33841,33851,10
13.0114898682,80.2230987549,33851,33861,10
13.0117902756,80.2221984863,33861,33871,10
13.0121803284,80.2214584351,33871,33881,10
13.0124197006,80.2214813232,33881,33891,10
13.0127096176,80.2220001221,33891,33901,10
13.0131597519,80.2224884033,33901,33911,10
13.013710022,80.2230834961,33911,33921,10
13.0141496658,80.2233810425,33921,33931,10
13.0143299103,80.2236328125,33931,33942,11
13.0146598816,80.2241592407,33942,33958,16
13.0154399872,80.224937439,33958,33980,22
13.0154399872,80.224937439,33980,33989,9
13.0155801773,80.2250595093,33989,33999,10
13.0160703659,80.2253723145,33999,34010,11
13.0172796249,80.2250595093,34010,34020,10
13.0183801651,80.2246170044,34020,34030,10
13.0192699432,80.2242965698,34030,34041,11
13.0196199417,80.2244491577,34041,34050,9
13.0198698044,80.2246322632,34050,34061,11
13.0203399658,80.2249984741,34061,34071,10
13.0207595825,80.2253036499,34071,34081,10
13.0212497711,80.2257003784,34081,34091,10
13.0217103958,80.226020813,34091,34101,10
13.0218296051,80.2260971069,34101,34111,10
13.0219097137,80.2261428833,34111,34121,10
13.0221595764,80.22631073,34121,34131,10
13.0222702026,80.2264099121,34131,34141,10
13.0223903656,80.2265319824,34141,34151,10
13.0225696564,80.2266769409,34151,34184,33
13.0225696564,80.2266769409,34184,34193,9
13.0226802826,80.2269363403,34193,34204,11
13.0227603912,80.2270507813,34204,34214,10
13.0228996277,80.2271575928,34214,34224,10
13.0230197906,80.2272796631,34224,34234,10
13.0231704712,80.2274169922,34234,34244,10
13.0233201981,80.2275619507,34244,34254,10
13.0235204697,80.2276916504,34254,34275,21
13.0235204697,80.2276916504,34275,34285,10
13.023730278,80.2277984619,34285,34295,10
13.0238199234,80.227897644,34295,34305,10
13.0239801407,80.2280578613,34305,34315,10
13.0241098404,80.2282180786,34315,34335,20
13.0241098404,80.2282180786,34335,34345,10
13.0242996216,80.2284927368,34345,34355,10
13.024430275,80.2286605835,34355,34365,10
13.0245504379,80.2288208008,34365,34376,11
13.0246601105,80.2289810181,34376,34386,10
13.0248003006,80.2291870117,34386,34396,10
13.0249900818,80.2293930054,34396,34436,40
13.0249900818,80.2293930054,34436,34446,10
13.0252599716,80.2296600342,34446,34456,10
13.0254001617,80.2298812866,34456,34466,10
13.0256004333,80.2301712036,34466,34476,10
13.0257196426,80.2304229736,34476,34486,10
13.0258798599,80.2306594849,34486,34497,11
13.0260400772,80.2311935425,34497,34507,10
13.0264797211,80.2312774658,34507,34517,10
13.027299881,80.2310562134,34517,34527,10
13.0285596848,80.2308883667,34527,34547,20
13.0285596848,80.2308883667,34547,34557,10
13.0290603638,80.2308807373,34557,34567,10
13.0296697617,80.2308197021,34567,34577,10
13.0306797028,80.23072052,34577,34618,41
13.0306797028,80.23072052,34618,34628,10
13.031080246,80.230682373,34628,34638,10
13.0318603516,80.2306213379,34638,34648,10
13.0328798294,80.2305221558,34648,34658,10
13.0337200165,80.2304611206,34658,34668,10
13.0340795517,80.2304229736,34668,34678,10
13.0348300934,80.2302474976,34678,34747,69
13.0348300934,80.2302474976,34747,34757,10
13.0347003937,80.2300186157,34757,35242,485
13.0347003937,80.2300186157,35242,35253,11
13.0343599319,80.2300033569,35253,35333,80
13.0343599319,80.2300033569,35333,35343,10
13.0341396332,80.2303619385,35343,35353,10
13.0339603424,80.2304000854,35353,35364,11
13.0334701538,80.2304229736,35364,35373,9
13.0327997208,80.2304611206,35373,35384,11
13.0320796967,80.2305374146,35384,35394,10
13.0311603546,80.2306289673,35394,35454,60
13.0311603546,80.2306289673,35454,35464,10
13.0309295654,80.2305984497,35464,35474,10
13.0307302475,80.2306518555,35474,35485,11
13.0300798416,80.2307510376,35485,35535,50
13.0300798416,80.2307510376,35535,35545,10
13.0295801163,80.2308197021,35545,35555,10
13.0292797089,80.2308425903,35555,35565,10
13.0285797119,80.2309036255,35565,35575,10
13.027970314,80.2309494019,35575,35585,10
13.0278396606,80.231300354,35585,35596,11
13.0278501511,80.2321014404,35596,35606,10
13.027879715,80.2327194214,35606,35616,10
13.0274095535,80.2328567505,35616,35656,40
13.0272703171,80.2328796387,35656,35682,26
13.0272703171,80.2328796387,35682,35694,12
13.0270500183,80.2329177856,35694,35705,11
13.0268096924,80.2329788208,35705,35715,10
13.0264196396,80.2327728271,35715,35725,10
13.0262403488,80.2321090698,35725,35735,10
13.0260400772,80.2314605713,35735,35745,10
13.0257196426,80.2305297852,35745,35755,10
13.0251903534,80.2297286987,35755,35765,10
13.0249099731,80.2293930054,35765,35775,10
13.0247602463,80.2291793823,35775,35785,10
13.0245599747,80.2289276123,35785,35795,10
13.0240001678,80.2282333374,35795,35816,21
13.0240001678,80.2282333374,35816,35826,10
13.0239200592,80.2281265259,35826,35836,10
13.0235204697,80.2276916504,35836,35846,10
13.0229196548,80.2271270752,35846,35856,10
13.022190094,80.2264709473,35856,35866,10
13.0213603973,80.2257766724,35866,35876,10
13.0205497742,80.2251968384,35876,35886,10
13.0197095871,80.2246398926,35886,35896,10
13.0186595917,80.2245407104,35896,35906,10
13.0175104141,80.2250137329,35906,35915,9
13.016500473,80.2254104614,35915,35927,12
13.0154800415,80.225769043,35927,35937,10
13.0143604279,80.2262420654,35937,35967,30
13.0143604279,80.2262420654,35967,35977,10
13.0141601563,80.226272583,35977,35987,10
13.0136995316,80.2264480591,35987,35997,10
13.0131397247,80.2266464233,35997,36007,10
13.0124197006,80.2269515991,36007,36017,10
13.0116100311,80.2272796631,36017,36027,10
13.0107002258,80.2276306152,36027,36038,11
13.0097703934,80.2280197144,36038,36048,10
13.0091695786,80.2286224365,36048,36058,10
13.0089902878,80.2294692993,36058,36068,10
13.0088996887,80.2299804688,36068,36078,10
13.008890152,80.2300720215,36078,36088,10
13.0088596344,80.2303085327,36088,36098,10
13.0088500977,80.2303237915,36098,36108,10
13.0088300705,80.2305374146,36108,36118,10
13.0087604523,80.2309036255,36118,36128,10
13.0086898804,80.2312774658,36128,36138,10
13.0086603165,80.2314529419,36138,36149,11
13.0085897446,80.2317428589,36149,36159,10
13.0085201263,80.2321090698,36159,36169,10
13.008480072,80.2322921753,36169,36179,10
13.0084104538,80.2325973511,36179,36189,10
13.0083398819,80.2329788208,36189,36209,20
13.0083398819,80.2329788208,36209,36219,10
13.008310318,80.2333297729,36219,36229,10
13.0082798004,80.2334899902,36229,36238,9
13.0082798004,80.2334976196,36238,36248,10
13.0082397461,80.2336578369,36248,36260,12
13.0081396103,80.2339782715,36260,36270,10
13.0080795288,80.2343673706,36270,36300,30
13.0080795288,80.2343673706,36300,36310,10
13.0079402924,80.2350692749,36310,36320,10
13.007809639,80.2357025146,36320,36330,10
13.0076704025,80.2363815308,36330,36340,10
13.0075702667,80.2368927002,36340,36350,10
13.0074901581,80.2372817993,36350,36360,10
13.007349968,80.2380218506,36360,36381,21
13.0073099136,80.2383422852,36381,36451,70
13.0073099136,80.2383422852,36451,36461,10
13.0071601868,80.2387466431,36461,36471,10
13.0070199966,80.2392730713,36471,36482,11
13.0068798065,80.2400588989,36482,36492,10
13.0067996979,80.2406921387,36492,36501,9
13.0067796707,80.2407684326,36501,36512,11
13.0066900253,80.2412796021,36512,36522,10
13.0066995621,80.2420501709,36522,36532,10
13.0066995621,80.2428436279,36532,36613,81
13.0066995621,80.2428436279,36613,36623,10
13.0067300797,80.2433624268,36623,36633,10
13.0067195892,80.2436904907,36633,36643,10
13.0067195892,80.2442321777,36643,36653,10
13.0066900253,80.2446517944,36653,36663,10
13.0066795349,80.2450027466,36663,36673,10
13.0066900253,80.2455215454,36673,36683,10
13.0066900253,80.246131897,36683,36693,10
13.0067100525,80.246711731,36693,36704,11
13.0067100525,80.2473602295,36704,36714,10
13.0066900253,80.2481002808,36714,36724,10
13.006819725,80.2490081787,36724,36740,16
13.0068597794,80.24949646,36740,36752,12
13.0068798065,80.2498016357,36752,36762,10
13.0068597794,80.250579834,36762,36772,10
13.0068101883,80.2513198853,36772,36792,20
13.0068101883,80.2513198853,36792,36802,10
13.0068101883,80.2514877319,36802,36813,11
13.0066299438,80.2520904541,36813,36823,10
13.0065202713,80.2529678345,36823,36833,10
13.006480217,80.2542266846,36833,36843,10
13.0065402985,80.2548904419,36843,36853,10
13.0065402985,80.2556228638,36853,36863,10
13.0065202713,80.2566986084,36863,36873,10
13.006819725,80.2578430176,36873,36883,10
13.0077104568,80.2586669922,36883,36903,20
13.0077104568,80.2586669922,36903,36913,10
13.0079097748,80.2587890625,36913,36924,11
13.0085897446,80.2590408325,36924,36934,10
13.0094203949,80.2591018677,36934,36944,10
13.01060009,80.2590866089,36944,36954,10
13.0119104385,80.2590637207,36954,36964,10
13.0130195618,80.2590789795,36964,36974,10
13.0134496689,80.2590866089,36974,36984,10
13.0137300491,80.2590866089,36984,36994,10
13.0138702393,80.2591018677,36994,37004,10
13.0141496658,80.2591094971,37004,37014,10
13.0141601563,80.2591018677,37014,37024,10
13.0143899918,80.2591094971,37024,37035,11
13.0145101547,80.2591171265,37035,37045,10
13.014749527,80.2591323853,37045,37055,10
13.0151195526,80.259147644,37055,37065,10
13.0152997971,80.2591629028,37065,37075,10
13.015540123,80.2592010498,37075,37085,10
13.0156497955,80.2592163086,37085,37095,10
13.0157003403,80.2592391968,37095,37105,10
13.0158500671,80.2593078613,37105,37114,9
13.0160503387,80.2594070435,37114,37124,10
13.0162601471,80.2595291138,37124,37135,11
13.0163698196,80.2596130371,37135,37145,10
13.0164699554,80.2596893311,37145,37156,11
13.0166101456,80.2598419189,37156,37166,10
13.01679039,80.259979248,37166,37176,10
13.0170001984,80.2601089478,37176,37186,10
13.0173301697,80.2603225708,37186,37196,10
13.0176200867,80.2605209351,37196,37206,10
13.017950058,80.2607574463,37206,37216,10
13.0183095932,80.2610168457,37216,37226,10
13.0187997818,80.2614212036,37226,37236,10
13.0191297531,80.2616729736,37236,37246,10
13.0195503235,80.2621078491,37246,37256,10
13.0201101303,80.2625732422,37256,37267,11
13.0202198029,80.2626266479,37267,37277,10
13.0204801559,80.2627716064,37277,37287,10
13.0212202072,80.2630004883,37287,37297,10
13.021900177,80.2632827759,37297,37307,10
13.0222101212,80.2634429932,37307,37317,10
13.0227003098,80.2637481689,37317,37327,10
13.0229301453,80.2638626099,37327,37337,10
13.0231399536,80.2639770508,37337,37347,10
13.0235700607,80.2642593384,37347,37357,10
13.0243997574,80.2647323608,37357,37367,10
13.0248003006,80.2650299072,37367,37378,11
13.0253896713,80.2654724121,37378,37388,10
13.0258798599,80.2657470703,37388,37398,10
13.0262098312,80.2657623291,37398,37408,10
13.0262498856,80.2654418945,37408,37418,10
13.0262699127,80.2651062012,37418,37428,10
13.0263595581,80.2644882202,37428,37438,10
13.0264396667,80.2640991211,37438,37448,10
13.0265302658,80.2638092041,37448,37458,10
13.0266399384,80.263343811,37458,37468,10
13.0270395279,80.2634429932,37468,37479,11
13.0275001526,80.2635192871,37479,37489,10
13.0278196335,80.2636032104,37489,37499,10
13.0282001495,80.2637176514,37499,37509,10
13.0284900665,80.2638168335,37509,37519,10
13.0288896561,80.2639312744,37519,37529,10
13.0292396545,80.2641372681,37529,37539,10
13.0292701721,80.2644577026,37539,37549,10
13.0292797089,80.2648925781,37549,37559,10
13.029299736,80.26537323,37559,37589,30
13.029299736,80.26537323,37589,37600,11
13.029250145,80.2658233643,37600,37610,10
13.0292596817,80.2660217285,37610,37620,10
13.0291795731,80.2663574219,37620,37630,10
13.0291700363,80.2663803101,37630,37640,10
13.0293798447,80.2665634155,37640,37650,10
13.0296802521,80.2666091919,37650,37660,10
13.0300703049,80.2666625977,37660,37670,10
13.0306396484,80.2667388916,37670,37680,10
13.030960083,80.2668228149,37680,37690,10
13.0312795639,80.2669219971,37690,37700,10
13.031829834,80.2671737671,37700,37711,11
13.0324602127,80.2674713135,37711,37721,10
13.0332803726,80.2677536011,37721,37752,31
13.0332803726,80.2677536011,37752,37763,11
13.0336303711,80.267829895,37763,37773,10
13.033829689,80.2678833008,37773,37782,9
13.0338401794,80.2678909302,37782,37793,11
13.0345001221,80.2679824829,37793,37813,20
13.0345001221,80.2679824829,37813,37824,11
13.0345401764,80.2681274414,37824,37834,10
13.0344200134,80.2681121826,37834,37844,10
13.0343103409,80.2680435181,37844,37854,10
13.034070015,80.2679901123,37854,37864,10
13.0337200165,80.2678909302,37864,37874,10
13.0333003998,80.2677764893,37874,38207,333
13.0331602097,80.2677078247,38207,38439,232
13.0331602097,80.2677078247,38439,38449,10
13.0331001282,80.2677001953,38449,38459,10
13.0330295563,80.2677001953,38459,38469,10
13.0328998566,80.2676773071,38469,38479,10
13.0326404572,80.267578125,38479,38490,11
13.0322799683,80.2673034668,38490,38500,10
13.0317697525,80.267036438,38500,38510,10
13.0313100815,80.2668609619,38510,38520,10
13.0305900574,80.2667007446,38520,38530,10
13.0302200317,80.2666778564,38530,38540,10
13.0299596786,80.2666320801,38540,38550,10
13.0299501419,80.2666320801,38550,38560,10
13.0295495987,80.2665786743,38560,38570,10
13.0292701721,80.2665100098,38570,38580,10
13.0286903381,80.2663574219,38580,38590,10
13.0280103683,80.2662124634,38590,38601,11
13.0272397995,80.26612854,38601,38611,10
13.0267601013,80.2660369873,38611,38621,10
13.0265798569,80.2659912109,38621,38631,10
13.0262203217,80.2658996582,38631,38641,10
13.0257797241,80.265663147,38641,38651,10
13.0253896713,80.265411377,38651,38661,10
13.0253696442,80.2654037476,38661,38671,10
13.0251998901,80.265296936,38671,38681,10
13.0250701904,80.2651824951,38681,38691,10
13.0246896744,80.2648925781,38691,38701,10
13.0241098404,80.2644424438,38701,38712,11
13.0232601166,80.2639312744,38712,38722,10
13.0223999023,80.2635269165,38722,38732,10
13.0221099854,80.2633972168,38732,38748,16
13.0218801498,80.2632904053,38748,38760,12
13.0210800171,80.2630386353,38760,38768,8
13.02023983,80.2630081177,38768,38780,12
13.0191402435,80.2629089355,38780,38790,10
13.0188798904,80.262512207,38790,38800,10
13.0187702179,80.2616271973,38800,38810,10
13.0184602737,80.2611923218,38810,38820,10
13.0178699493,80.2608108521,38820,38831,11
13.0171604156,80.2603302002,38831,38841,10
13.0165195465,80.2599029541,38841,38851,10
13.0160398483,80.2596817017,38851,38861,10
13.0158596039,80.2595825195,38861,38871,10
13.0152196884,80.2593688965,38871,38881,10
13.0143299103,80.2592926025,38881,38891,10
13.0131597519,80.2592315674,38891,38901,10
13.0119104385,80.2591629028,38901,38911,10
13.0109901428,80.2591629028,38911,38921,10
13.0100097656,80.2592163086,38921,38932,11
13.0097503662,80.2592315674,38932,38942,10
13.0093402863,80.2592086792,38942,38952,10
13.0088100433,80.2591781616,38952,38962,10
13.0083599091,80.2591400146,38962,38972,10
13.0077295303,80.2592697144,38972,38982,10
13.0073204041,80.2589874268,38982,38992,10
13.0071697235,80.2586669922,38992,39002,10
13.0071401596,80.2586288452,39002,39012,10
13.0069503784,80.2582168579,39012,39022,10
13.0066404343,80.2576980591,39022,39093,71
13.0066404343,80.2576980591,39093,39103,10
13.0064897537,80.2571792603,39103,39113,10
13.0065002441,80.2569580078,39113,39123,10
13.0064897537,80.256477356,39123,39133,10
13.006480217,80.2555389404,39133,39143,10
13.0065002441,80.2550811768,39143,39154,11
13.0065002441,80.2543334961,39154,39164,10
13.0065002441,80.2538299561,39164,39174,10
13.0064897537,80.2531967163,39174,39204,30
13.0064897537,80.2531967163,39204,39214,10
13.0064897537,80.2529296875,39214,39224,10
13.0065202713,80.252281189,39224,39234,10
13.0065803528,80.2519302368,39234,39305,71
13.0065803528,80.2519302368,39305,39315,10
13.0068702698,80.2515029907,39315,39325,10
13.0068397522,80.2507095337,39325,39335,10
13.0067996979,80.2498168945,39335,39345,10
13.0067396164,80.2492675781,39345,39466,121
13.0067396164,80.2492675781,39466,39476,10
13.0067396164,80.2487792969,39476,39487,11
13.0066995621,80.2484283447,39487,39497,10
13.0066795349,80.2481994629,39497,39507,10
13.0066404343,80.2477874756,39507,39517,10
13.0066099167,80.2473983765,39517,39698,181
13.0066099167,80.2473983765,39698,39709,11
13.0066099167,80.2472000122,39709,39729,20
13.0066099167,80.2472000122,39729,39739,10
13.0066204071,80.2470474243,39739,39749,10
13.0065402985,80.2464675903,39749,39759,10
13.0065698624,80.2463378906,39759,39769,10
13.0066204071,80.245880127,39769,39779,10
13.0066003799,80.2449798584,39779,39789,10
13.0065803528,80.2440032959,39789,39799,10
13.0065803528,80.2431106567,39799,39809,10
13.0065402985,80.2414703369,39809,39830,21
13.0065402985,80.2414703369,39830,39840,10
13.0065803528,80.2410430908,39840,39850,10
13.0066099167,80.2408218384,39850,39860,10
13.0066795349,80.2405395508,39860,39870,10
13.0068101883,80.2399978638,39870,39880,10
13.0069999695,80.2389297485,39880,39890,10
13.0072002411,80.23777771,39890,39900,10
13.0073604584,80.2368087769,39900,39910,10
13.007399559,80.2366790771,39910,39920,10
13.0075101852,80.236328125,39920,39930,10
13.0076599121,80.2355804443,39930,39941,11
13.0078802109,80.2344284058,39941,39951,10
13.0081396103,80.2331619263,39951,39961,10
13.0084199905,80.2317581177,39961,39971,10
13.0087003708,80.2304992676,39971,39981,10
13.0089197159,80.2292098999,39981,39991,10
13.0092802048,80.2278823853,39991,40001,10
13.0098600388,80.226600647,40001,40011,10
13.0104703903,80.225479126,40011,40021,10
13.0108804703,80.2245483398,40021,40031,10
13.0111703873,80.2238388062,40031,40047,16
13.0113201141,80.2234802246,40047,40060,13
13.0116796494,80.2226028442,40060,40070,10
13.0120201111,80.2217025757,40070,40080,10
13.0122098923,80.2214508057,40080,40090,10
13.0123300552,80.2214431763,40090,40100,10
13.0126304626,80.2218399048,40100,40109,9
13.0130796432,80.222366333,40109,40120,11
13.0137796402,80.2232131958,40120,40130,10
13.0140895844,80.2236328125,40130,40140,10
13.0146598816,80.2242279053,40140,40150,10
13.0151596069,80.2247390747,40150,40161,11
13.0155000687,80.2249526978,40161,40171,10
13.015540123,80.2249832153,40171,40181,10
13.0156202316,80.2251205444,40181,40191,10
13.0161504745,80.2253570557,40191,40201,10
13.0170602798,80.2251281738,40201,40211,10
13.0181903839,80.2246932983,40211,40220,9
13.0190896988,80.2243728638,40220,40231,11
13.0195598602,80.2244186401,40231,40241,10
13.0198202133,80.224571228,40241,40251,10
13.02023983,80.2249069214,40251,40261,10
13.0205802917,80.2251815796,40261,40272,11
13.0209102631,80.2254486084,40272,40282,10
13.0213603973,80.2258605957,40282,40292,10
13.0218896866,80.2261962891,40292,40302,10
13.0219497681,80.2262268066,40302,40312,10
13.022069931,80.2263183594,40312,40322,10
13.0225000381,80.2266693115,40322,40332,10
13.0227899551,80.2269210815,40332,40342,10
13.0229701996,80.2271194458,40342,40352,10
13.0231199265,80.2272796631,40352,40362,10
13.0232601166,80.2274017334,40362,40372,10
13.0233802795,80.2275085449,40372,40383,11
13.0235595703,80.2276306152,40383,40393,10
13.0237598419,80.2277984619,40393,40403,10
13.0241203308,80.228187561,40403,40413,10
13.0243501663,80.2285003662,40413,40423,10
13.0245800018,80.2288208008,40423,40433,10
13.0247497559,80.2290878296,40433,40443,10
13.0250196457,80.2294387817,40443,40453,10
13.0254001617,80.2298583984,40453,40463,10
13.0254802704,80.2299804688,40463,40473,10
13.025759697,80.2304763794,40473,40483,10
13.0259799957,80.2309799194,40483,40514,31
13.0259799957,80.2309799194,40514,40524,10
13.0260400772,80.2313690186,40524,40534,10
13.0265903473,80.2312393188,40534,40544,10
13.0275402069,80.2310333252,40544,40554,10
13.0282802582,80.2308883667,40554,40645,91
13.0282802582,80.2308883667,40645,40655,10
13.0286397934,80.2308578491,40655,40665,10
13.0289402008,80.230796814,40665,40675,10
13.0293598175,80.2307662964,40675,40685,10
13.0297899246,80.2307434082,40685,40695,10
13.030090332,80.23072052,40695,40705,10
13.0304899216,80.2306671143,40705,40715,10
13.0309095383,80.2306289673,40715,40726,11
13.0313100815,80.2305908203,40726,40736,10
13.0314998627,80.2305984497,40736,40746,10
13.0317802429,80.2305984497,40746,40756,10
13.0321598053,80.2305603027,40756,40766,10
13.0325899124,80.2305221558,40766,40776,10
13.032959938,80.2304992676,40776,40827,51
13.032959938,80.2304992676,40827,40837,10
13.0334701538,80.2305374146,40837,40895,58
13.0334701538,80.2305374146,40895,40905,10
13.0336198807,80.2305221558,40905,40915,10
13.0339698792,80.2304534912,40915,40925,10
13.0341796875,80.2304534912,40925,40936,11
13.0346403122,80.2303390503,40936,40955,19
13.0346403122,80.2303390503,40955,40966,11
13.0348997116,80.2302093506,40966,40976,10
13.034910202,80.2300872803,40976,40985,9
13.0343198776,80.2300872803,40985,41703,718
13.0343198776,80.2300872803,41703,41714,11
13.0341396332,80.2304382324,41714,41724,10
13.0340595245,80.2304992676,41724,41734,10
13.0339899063,80.2304534912,41734,41744,10
13.0336198807,80.23046875,41744,41754,10
13.0329399109,80.2305526733,41754,41764,10
13.0319499969,80.2306213379,41764,41825,61
13.0319499969,80.2306213379,41825,41835,10
13.0315904617,80.2306289673,41835,41845,10
13.0312795639,80.2306518555,41845,41855,10
13.031080246,80.230682373,41855,41865,10
13.0307598114,80.23072052,41865,41875,10
13.0302600861,80.2307815552,41875,41925,50
13.0302600861,80.2307815552,41925,41935,10
13.0298404694,80.230796814,41935,41946,11
13.029800415,80.2308120728,41946,41956,10
13.0293798447,80.2308807373,41956,41966,10
13.0289096832,80.2309417725,41966,41976,10
13.028260231,80.23097229,41976,41986,10
13.0280399323,80.2309799194,41986,41996,10
13.0277204514,80.231300354,41996,42036,40
13.0277204514,80.231300354,42036,42047,11
13.0277204514,80.2315216064,42047,42057,10
13.0277204514,80.2315292358,42057,42067,10
13.0277299881,80.2317428589,42067,42077,10
13.0277500153,80.2320022583,42077,42087,10
13.0278196335,80.2322616577,42087,42097,10
13.0278301239,80.232460022,42097,42178,81
13.0278301239,80.232460022,42178,42188,10
13.0279197693,80.2327194214,42188,42198,10
13.027680397,80.2328109741,42198,42208,10
13.0273599625,80.2328796387,42208,42248,40
13.0273599625,80.2328796387,42248,42258,10
13.0270395279,80.2329711914,42258,42268,10
13.0268497467,80.2329788208,42268,42279,11
13.0264101028,80.2329406738,42279,42289,10
13.0262098312,80.2324676514,42289,42299,10
13.0261602402,80.232208252,42299,42309,10
13.0260801315,80.2318496704,42309,42318,9
13.0259599686,80.2314529419,42318,42328,10
13.0257301331,80.2306213379,42328,42339,11
13.0251502991,80.2296981812,42339,42349,10
13.024720192,80.2291412354,42349,42359,10
13.0245399475,80.2289428711,42359,42369,10
13.0240898132,80.2285003662,42369,42390,21
13.0240898132,80.2285003662,42390,42400,10
13.0238399506,80.2282180786,42400,42410,10
13.0235500336,80.2278671265,42410,42420,10
13.0234498978,80.2277374268,42420,42430,10
13.0231199265,80.2274169922,42430,42440,10
13.0225400925,80.2268981934,42440,42450,10
13.0218801498,80.2262573242,42450,42460,10
13.0211496353,80.2257232666,42460,42470,10
13.020359993,80.2251815796,42470,42480,10
13.0194396973,80.2245788574,42480,42490,10
13.0183496475,80.2246398926,42490,42501,11
13.0171403885,80.2251663208,42501,42511,10
13.0164699554,80.2254562378,42511,42521,10
13.0160999298,80.2255935669,42521,42531,10
13.0154104233,80.2258377075,42531,42541,10
13.0150003433,80.2259902954,42541,42551,10
13.0148496628,80.2260513306,42551,42561,10
13.014380455,80.226272583,42561,42571,10
13.0143003464,80.2263031006,42571,42581,10
13.0142097473,80.2263183594,42581,42591,10
13.0138196945,80.2264633179,42591,42601,10
13.0130901337,80.2267227173,42601,42612,11
13.012049675,80.2270736694,42612,42622,10
13.0108804703,80.2275390625,42622,42632,10
13.0098199844,80.2279891968,42632,42642,10
13.0090904236,80.2286682129,42642,42652,10
13.0088996887,80.2297286987,42652,42662,10
13.0086402893,80.2309188843,42662,42672,10
13.0083999634,80.2322311401,42672,42682,10
13.0082597733,80.2334136963,42682,42692,10
13.0082302094,80.2336196899,42692,42702,10
13.0081796646,80.2337417603,42702,42712,10
13.0080499649,80.234336853,42712,42723,11
13.0078496933,80.2352523804,42723,42733,10
13.0076799393,80.2362136841,42733,42743,10
13.0074796677,80.2372283936,42743,42753,10
13.0073204041,80.2380218506,42753,42763,10
13.0071802139,80.2387924194,42763,42773,10
13.0071001053,80.2393035889,42773,42823,50
13.0071001053,80.2393035889,42823,42834,11
13.0069999695,80.2395706177,42834,42844,10
13.0069904327,80.2396621704,42844,42854,10
13.0068902969,80.2399978638,42854,42864,10
13.0068101883,80.2405166626,42864,42874,10
13.0068101883,80.2406616211,42874,42884,10
13.0067300797,80.2410125732,42884,42894,10
13.0066795349,80.241859436,42894,42904,10
13.0066900253,80.2431182861,42904,42975,71
13.0066900253,80.2431182861,42975,42985,10
13.0066900253,80.2434997559,42985,42995,10
13.0066404343,80.2437362671,42995,43005,10
13.0066404343,80.2442703247,43005,43015,10
13.0066604614,80.2449188232,43015,43025,10
13.0066604614,80.2453613281,43025,43035,10
13.0066995621,80.2459793091,43035,43045,10
13.0067596436,80.2466812134,43045,43055,10
13.0067501068,80.2472763062,43055,43066,11
13.0066995621,80.2483062744,43066,43076,10
13.0068397522,80.2492218018,43076,43086,10
13.0068702698,80.2496032715,43086,43102,16
13.0068397522,80.2498779297,43102,43114,12
13.006770134,80.2507476807,43114,43124,10
13.006770134,80.2509078979,43124,43134,10
13.0067796707,80.2512664795,43134,43144,10
13.0066604614,80.2517623901,43144,43154,10
13.0065002441,80.2525482178,43154,43164,10
13.0065402985,80.2533569336,43164,43175,11
13.0065698624,80.2543792725,43175,43185,10
13.0066099167,80.255279541,43185,43195,10
13.0065803528,80.256187439,43195,43205,10
13.0066204071,80.2569503784,43205,43245,40
13.0066204071,80.2569503784,43245,43255,10
13.0066404343,80.2572021484,43255,43265,10
13.0066604614,80.2576293945,43265,43275,10
13.0070495605,80.2583236694,43275,43286,11
13.0076799393,80.2586669922,43286,43306,20
13.0076799393,80.2586669922,43306,43316,10
13.0079698563,80.2587814331,43316,43326,10
13.008649826,80.2589797974,43326,43336,10
13.0093603134,80.2590637207,43336,43346,10
13.0103397369,80.2590866089,43346,43356,10
13.0115499496,80.2591094971,43356,43366,10
13.0128602982,80.2591400146,43366,43376,10
13.0142498016,80.2591781616,43376,43386,10
13.0155296326,80.2592697144,43386,43397,11
13.0164203644,80.2596817017,43397,43417,20
13.0164203644,80.2596817017,43417,43427,10
13.0167598724,80.2599487305,43427,43437,10
13.0173101425,80.260307312,43437,43447,10
13.0178203583,80.2606811523,43447,43457,10
13.0184698105,80.261138916,43457,43467,10
13.018989563,80.2615585327,43467,43477,10
13.0193595886,80.2618179321,43477,43487,10
13.019780159,80.2622375488,43487,43497,10
13.0202102661,80.2626037598,43497,43507,10
13.0202198029,80.2626037598,43507,43518,11
13.0205602646,80.2627792358,43518,43528,10
13.0212202072,80.2629776001,43528,43538,10
13.021900177,80.2632980347,43538,43548,10
13.0222301483,80.263458252,43548,43557,9
13.022939682,80.2638092041,43557,43578,21
13.022939682,80.2638092041,43578,43588,10
13.0232601166,80.2639770508,43588,43598,10
13.0239400864,80.2643814087,43598,43608,10
13.0245199203,80.2648086548,43608,43618,10
13.0249204636,80.2651062012,43618,43629,11
13.0254402161,80.2654418945,43629,43639,10
13.0261802673,80.2658004761,43639,43649,10
13.0263299942,80.2655334473,43649,43659,10
13.026309967,80.2650375366,43659,43669,10
13.0264797211,80.2642974854,43669,43679,10
13.0265302658,80.2640609741,43679,43689,10
13.0265798569,80.263923645,43689,43699,10
13.0266504288,80.2635269165,43699,43709,10
13.027009964,80.2634811401,43709,43719,10
13.0274295807,80.2635116577,43719,43729,10
13.0277500153,80.2636032104,43729,43746,17
13.0283498764,80.2637863159,43746,43758,12
13.0288295746,80.2639083862,43758,43768,10
13.029250145,80.2640686035,43768,43778,10
13.0292596817,80.2644195557,43778,43787,9
13.0292100906,80.2649917603,43787,43797,10
13.0291900635,80.2657089233,43797,43808,11
13.0292196274,80.2659225464,43808,43818,10
13.0292100906,80.2661590576,43818,43828,10
13.0291595459,80.2664718628,43828,43838,10
13.0292196274,80.2665176392,43838,43849,11
13.029540062,80.2666015625,43849,43859,10
13.0299196243,80.2666320801,43859,43869,10
13.03028965,80.2666931152,43869,43879,10
13.0307502747,80.2667694092,43879,43890,11
13.0311698914,80.2668991089,43890,43900,10
13.0315599442,80.2670135498,43900,43910,10
13.031829834,80.2671279907,43910,43920,10
13.0323495865,80.2673492432,43920,43930,10
13.0327997208,80.267616272,43930,43940,10
13.0332298279,80.2677230835,43940,43950,10
13.0338001251,80.2678985596,43950,43981,31
13.0338001251,80.2678985596,43981,43991,10
13.033949852,80.2679672241,43991,44001,10
13.0341300964,80.2679824829,44001,44011,10
13.0344800949,80.2680130005,44011,44061,50
13.0345602036,80.2682037354,44061,44122,61
13.0345602036,80.2682037354,44122,44132,10
13.0341300964,80.2680587769,44132,44142,10
13.0334100723,80.2678375244,44142,44183,41
13.0330696106,80.2677612305,44183,44203,20
13.0330696106,80.2677612305,44203,44213,10
13.0327997208,80.2677078247,44213,44223,10
13.0327596664,80.2676925659,44223,44233,10
13.0323495865,80.2675170898,44233,44243,10
13.0316400528,80.2671737671,44243,44263,20
13.0316400528,80.2671737671,44263,44273,10
13.0311002731,80.2669830322,44273,44283,10
13.0302200317,80.2667617798,44283,44304,21
13.0302200317,80.2667617798,44304,44314,10
13.0298500061,80.2667007446,44314,44330,16
13.029589653,80.2666397095,44330,44342,12
13.0293302536,80.2665176392,44342,44352,10
13.0291099548,80.2664413452,44352,44362,10
13.0285301208,80.2663269043,44362,44371,9
13.0281000137,80.266242981,44371,44382,11
13.0273599625,80.2661590576,44382,44391,9
13.0266599655,80.2660675049,44391,44413,22
13.0266599655,80.2660675049,44413,44423,10
13.0263004303,80.2659683228,44423,44433,10
13.0260295868,80.2658996582,44433,44443,10
13.025560379,80.2656402588,44443,44453,10
13.0252799988,80.2654495239,44453,44463,10
13.0251398087,80.2653198242,44463,44473,10
13.0248403549,80.2651901245,44473,44483,10
13.0246200562,80.2649917603,44483,44493,10
13.024140358,80.2646102905,44493,44503,10
13.0235300064,80.2641983032,44503,44514,11
13.0228500366,80.2639007568,44514,44524,10
13.022190094,80.2635879517,44524,44534,10
13.02202034,80.2634963989,44534,44544,10
13.0218801498,80.2633972168,44544,44554,10
13.0214796066,80.2632293701,44554,44564,10
13.0206804276,80.2630691528,44564,44574,10
13.0199804306,80.2630462646,44574,44584,10
13.0192098618,80.2629776001,44584,44594,10
13.0188798904,80.262802124,44594,44604,10
13.0187797546,80.2620010376,44604,44614,10
13.0185899734,80.2614135742,44614,44624,10
13.0180397034,80.2609405518,44624,44635,11
13.0173196793,80.2604370117,44635,44645,10
13.0165300369,80.2599411011,44645,44655,10
13.0160198212,80.2596969604,44655,44665,10
13.0159902573,80.2596817017,44665,44675,10
13.0155601501,80.2594985962,44675,44685,10
13.014749527,80.2593383789,44685,44695,10
13.0136899948,80.2593002319,44695,44705,10
13.0125198364,80.2592391968,44705,44715,10
13.0114097595,80.2592086792,44715,44725,10
13.0105600357,80.2592163086,44725,44735,10
13.0098104477,80.2591934204,44735,44746,11
13.0092000961,80.2591705322,44746,44762,16
13.0087995529,80.2591934204,44762,44774,12
13.008310318,80.2591018677,44774,44784,10
13.0077800751,80.259262085,44784,44792,8
13.0073003769,80.2589111328,44792,44803,11
13.0071802139,80.2587280273,44803,44815,12
13.0071001053,80.2585983276,44815,44825,10
13.0068798065,80.2581634521,44825,44835,10
13.0066099167,80.2577209473,44835,44845,10
13.0065097809,80.257270813,44845,44856,11
13.006480217,80.2568206787,44856,44866,10
13.0065002441,80.256477356,44866,44876,10
13.0065097809,80.255821228,44876,44886,10
13.0065202713,80.2554626465,44886,44896,10
13.0064897537,80.2551574707,44896,44906,10
13.0064697266,80.2545013428,44906,44916,10
13.0065202713,80.2532577515,44916,44936,20
13.0065202713,80.2532577515,44936,44946,10
13.0065498352,80.2530670166,44946,44956,10
13.0065603256,80.2527313232,44956,44977,21
13.0065603256,80.2527313232,44977,44987,10
13.0065698624,80.2524490356,44987,44997,10
13.0065803528,80.2518234253,44997,45007,10
13.0067396164,80.2509231567,45007,45017,10
13.0067796707,80.2500991821,45017,45027,10
13.0068101883,80.2496032715,45027,45037,10
13.0068302155,80.249420166,45037,45047,10
13.0067996979,80.2493133545,45047,45057,10
13.0067996979,80.2491836548,45057,45067,10
13.0067396164,80.2486724854,45067,45077,10
13.0066795349,80.2482528687,45077,45088,11
13.006649971,80.2474822998,45088,45267,179
13.006649971,80.2474822998,45267,45277,10
13.0066795349,80.2471694946,45277,45287,10
13.0066404343,80.2464981079,45287,45308,21
13.0066404343,80.2464981079,45308,45318,10
13.0066699982,80.2463912964,45318,45328,10
13.0066795349,80.2458496094,45328,45338,10
13.0066404343,80.2452011108,45338,45348,10
13.0065698624,80.2446594238,45348,45358,10
13.0065898895,80.2443237305,45358,45368,10
13.0066003799,80.2439575195,45368,45378,10
13.0066404343,80.2436828613,45378,45388,10
13.0066003799,80.2431335449,45388,45398,10
13.0065803528,80.2416687012,45398,45419,21
13.0065803528,80.2416687012,45419,45429,10
13.0066299438,80.2413864136,45429,45439,10
13.0067100525,80.2406997681,45439,45449,10
13.0068998337,80.2399368286,45449,45459,10
13.0070400238,80.238899231,45459,45468,9
13.0072498322,80.2379837036,45468,45479,11
13.007399559,80.2371292114,45479,45489,10
13.0074396133,80.2367477417,45489,45499,10
13.0074596405,80.2366790771,45499,45509,10
13.0075798035,80.2362213135,45509,45519,10
13.0077600479,80.2354507446,45519,45530,11
13.0078897476,80.2345809937,45530,45540,10
13.0081396103,80.2334823608,45540,45550,10
13.0083799362,80.2322235107,45550,45560,10
13.0086402893,80.23097229,45560,45570,10
13.0088796616,80.2297973633,45570,45580,10
13.0091495514,80.2284927368,45580,45590,10
13.0095396042,80.2274169922,45590,45600,10
13.0100603104,80.2262496948,45600,45610,10
13.0106201172,80.225189209,45610,45620,10
13.0108804703,80.2244491577,45620,45636,16
13.0114498138,80.2229766846,45636,45649,13
13.0119400024,80.2216796875,45649,45659,10
13.0122900009,80.2214279175,45659,45668,9
13.0125102997,80.2217788696,45668,45679,11
13.0131902695,80.2225494385,45679,45688,9
13.0136604309,80.2230911255,45688,45699,11
13.0143404007,80.2239303589,45699,45709,10
13.0154895782,80.2249984741,45709,45739,30
13.0154895782,80.2249984741,45739,45750,11
13.0158004761,80.2253265381,45750,45760,10
13.0165700912,80.2253112793,45760,45770,10
13.0176000595,80.2248916626,45770,45780,10
13.0187501907,80.2244415283,45780,45790,10
13.0195503235,80.2244567871,45790,45800,10
13.0198602676,80.2246627808,45800,45810,10
13.0203895569,80.2250823975,45810,45820,10
13.0208702087,80.2254180908,45820,45830,10
13.0214500427,80.2258911133,45830,45840,10
13.0218801498,80.2261505127,45840,45850,10
13.0219202042,80.2261810303,45850,45860,10
13.02202034,80.2262573242,45860,45877,17
13.0228796005,80.2270431519,45877,45889,12
13.0236501694,80.2277069092,45889,45899,10
13.0240697861,80.2281112671,45899,45909,10
13.024430275,80.2285995483,45909,45918,9
13.024720192,80.2290420532,45918,45929,11
13.0251703262,80.2296600342,45929,45939,10
13.0256500244,80.2303619385,45939,45949,10
13.0257396698,80.2305908203,45949,45959,10
13.0257196426,80.2306137085,45959,45969,10
13.0259399414,80.2308578491,45969,45980,11
13.02602005,80.2311172485,45980,45990,10
13.0261602402,80.2313232422,45990,46000,10
13.026889801,80.2311630249,46000,46010,10
13.0276603699,80.2309875488,46010,46020,10
13.0282497406,80.2309188843,46020,46030,10
13.0284795761,80.2309036255,46030,46040,10
13.028840065,80.2308883667,46040,46050,10
13.0291795731,80.2308731079,46050,46070,20
13.0291795731,80.2308731079,46070,46080,10
13.029419899,80.2308731079,46080,46091,11
13.0298995972,80.2308273315,46091,46101,10
13.0303697586,80.2307662964,46101,46111,10
13.0305595398,80.23072052,46111,46121,10
13.0308504105,80.2306976318,46121,46131,10
13.0315599442,80.2306289673,46131,46141,10
13.031920433,80.2305831909,46141,46151,10
13.0324897766,80.2305374146,46151,46161,10
13.0333204269,80.2304992676,46161,46171,10
13.0338096619,80.2304992676,46171,46181,10
13.033829689,80.2305526733,46181,46202,21
13.033829689,80.2305526733,46202,46212,10
13.0338401794,80.2304763794,46212,46222,10
13.034330368,80.2304229736,46222,46232,10
13.0347299576,80.2303771973,46232,46242,10
13.0349502563,80.2302627563,46242,46252,10
13.0349197388,80.2300567627,46252,46262,10
13.0345201492,80.2300415039,46262,46333,71
13.0342702866,80.2301025391,46333,46656,323
13.0343904495,80.2302398682,46656,47402,746
13.0342903137,80.2300262451,47402,48300,898
13.0342903137,80.2300262451,48300,48310,10
13.0341100693,80.2299499512,48310,49169,859
13.0342702866,80.2300491333,49169,49260,91
13.0342702866,80.2300415039,49260,49371,111
13.0341396332,80.2301483154,49371,49431,60
13.0341396332,80.2301483154,49431,49441,10
13.0339202881,80.2304229736,49441,49452,11
13.0335597992,80.2304229736,49452,49462,10
13.0334501266,80.2303771973,49462,49472,10
13.0332202911,80.2304000854,49472,49482,10
13.0327196121,80.2304611206,49482,49492,10
13.0320997238,80.2304992676,49492,49502,10
13.0314397812,80.2305831909,49502,49512,10
13.0308599472,80.2306594849,49512,49522,10
13.0305404663,80.2306976318,49522,49532,10
13.0301399231,80.2307281494,49532,49542,10
13.029800415,80.2307662964,49542,49563,21
13.029800415,80.2307662964,49563,49573,10
13.029540062,80.2308425903,49573,49583,10
13.0290603638,80.2309188843,49583,49593,10
13.0283603668,80.2309265137,49593,49603,10
13.0277500153,80.2309570313,49603,49613,10
13.0276699066,80.2313995361,49613,49623,10
13.0276699066,80.2320175171,49623,49633,10
13.0278396606,80.2327194214,49633,49643,10
13.0274400711,80.2328414917,49643,49653,10
13.0269203186,80.2329406738,49653,49663,10
13.026889801,80.2329483032,49663,49674,11
13.0266599655,80.2330322266,49674,49684,10
13.0264101028,80.2329864502,49684,49694,10
13.026260376,80.2326583862,49694,49704,10
13.026260376,80.2324523926,49704,49714,10
13.0262298584,80.2321395874,49714,49724,10
13.0261201859,80.2317123413,49724,49734,10
13.0259599686,80.231300354,49734,49744,10
13.0258398056,80.2307815552,49744,49754,10
13.0256004333,80.2303237915,49754,49764,10
13.0253200531,80.2299804688,49764,49946,182
13.0253200531,80.2299804688,49946,49956,10
13.0251703262,80.2297821045,49956,49966,10
13.0248804092,80.2293930054,49966,49976,10
13.0246496201,80.2291183472,49976,49986,10
13.0244102478,80.228767395,49986,49996,10
13.0239896774,80.2283096313,49996,50017,21
13.0239896774,80.2283096313,50017,50027,10
13.0238199234,80.2281036377,50027,50037,10
13.0234699249,80.2276992798,50037,50047,10
13.0231599808,80.2273788452,50047,50057,10
13.0228595734,80.2270584106,50057,50067,10
13.0225896835,80.2268371582,50067,50077,10
13.0221395493,80.2264404297,50077,50087,10
13.0215597153,80.2259597778,50087,50097,10
13.020939827,80.2254562378,50097,50107,10
13.0204000473,80.2250900269,50107,50117,10
13.0198297501,80.2247161865,50117,50128,11
13.0189800262,80.2244720459,50128,50138,10
13.0180902481,80.2247390747,50138,50148,10
13.0172901154,80.2250671387,50148,50158,10
13.016699791,80.2253494263,50158,50168,10
13.0163698196,80.225479126,50168,50178,10
13.0159797668,80.2256164551,50178,50188,10
13.01541996,80.2258224487,50188,50198,10
13.0149002075,80.2260665894,50198,50208,10
13.0145101547,80.2262268066,50208,50239,31
13.0145101547,80.2262268066,50239,50249,10
13.0143404007,80.2262496948,50249,50259,10
13.01404953,80.2263565063,50259,50268,9
13.0134897232,80.2265777588,50268,50279,11
13.0126199722,80.2269210815,50279,50289,10
13.0116996765,80.2272796631,50289,50299,10
13.010720253,80.2276763916,50299,50309,10
13.0097503662,80.2280578613,50309,50319,10
13.0091400146,80.2286987305,50319,50329,10
13.0089502335,80.2296829224,50329,50339,10
13.0087499619,80.2305984497,50339,50350,11
13.0085401535,80.2316818237,50350,50360,10
13.0083303452,80.2327804565,50360,50369,9
13.0082702637,80.2333984375,50369,50390,21
13.0082702637,80.2333984375,50390,50400,10
13.0081996918,80.2336807251,50400,50410,10
13.0080795288,80.2341690063,50410,50420,10
13.0079803467,80.2347335815,50420,50430,10
13.0078496933,80.2353897095,50430,50440,10
13.0076999664,80.2361602783,50440,50450,10
13.0075397491,80.2369613647,50450,50461,11
13.0073404312,80.2379226685,50461,50471,10
13.0072202682,80.2386398315,50471,50481,10
13.007060051,80.239440918,50481,50491,10
13.0069303513,80.2400283813,50491,50531,40
13.0069303513,80.2400283813,50531,50541,10
13.0069198608,80.2401199341,50541,50551,10
13.0068502426,80.2406005859,50551,50561,10
13.0068502426,80.2406234741,50561,50572,11
13.0068597794,80.2406768799,50572,50582,10
13.0067796707,80.2410583496,50582,50592,10
13.0067100525,80.2417526245,50592,50602,10
13.0066995621,80.2426376343,50602,50612,10
13.0066900253,80.2431106567,50612,50632,20
13.0066900253,80.2431106567,50632,50642,10
13.0066404343,80.2433776855,50642,50662,20
13.0066404343,80.2433776855,50662,50672,10
13.0066604614,80.243560791,50672,50683,11
13.0066699982,80.2437362671,50683,50693,10
13.0066795349,80.2439727783,50693,50703,10
13.0066900253,80.2443237305,50703,50713,10
13.0066795349,80.2447967529,50713,50723,10
13.0066900253,80.2452468872,50723,50733,10
13.0066995621,80.24584198,50733,50763,30
13.0066995621,80.24584198,50763,50773,10
13.0066995621,80.2460708618,50773,50783,10
13.0067100525,80.246307373,50783,50794,11
13.0067396164,80.2465286255,50794,50814,20
13.0067396164,80.2465286255,50814,50824,10
13.0067396164,80.2468719482,50824,50834,10
13.0067501068,80.2473602295,50834,50844,10
13.0067300797,80.2480697632,50844,50854,10
13.0067596436,80.248840332,50854,50864,10
13.0068702698,80.2494506836,50864,50894,30
13.0068702698,80.2494506836,50894,50905,11
13.0068597794,80.2499313354,50905,50915,10
13.0068397522,80.250289917,50915,50925,10
13.0068397522,80.2504119873,50925,50935,10
13.0068397522,80.2506027222,50935,50945,10
13.0068397522,80.2507781982,50945,50955,10
13.0068397522,80.251083374,50955,50965,10
13.0067796707,80.2514572144,50965,50975,10
13.0066299438,80.2520980835,50975,50985,10
13.0065603256,80.2529220581,50985,50995,10
13.0065603256,80.2537994385,50995,51005,10
13.0066099167,80.2547302246,51005,51015,10
13.0066204071,80.255607605,51015,51026,11
13.0066795349,80.2569274902,51026,51066,40
13.0066795349,80.2569274902,51066,51076,10
13.0066299438,80.2571182251,51076,51092,16
13.0068101883,80.2576217651,51092,51104,12
13.0072002411,80.2582702637,51104,51112,8
13.007610321,80.2585372925,51112,51124,12
13.0076704025,80.2585983276,51124,51134,10
13.0078201294,80.2587509155,51134,51145,11
13.0083599091,80.2589492798,51145,51155,10
13.0088100433,80.2590789795,51155,51165,10
13.0092201233,80.2590789795,51165,51175,10
13.0098400116,80.2590637207,51175,51185,10
13.0107297897,80.2590789795,51185,51195,10
13.0115098953,80.2590637207,51195,51204,9
13.0123195648,80.2590789795,51204,51214,10
13.0133199692,80.2591171265,51214,51225,11
13.0144901276,80.2591629028,51225,51235,10
13.0154495239,80.2592391968,51235,51245,10
13.0163002014,80.2595825195,51245,51266,21
13.0163002014,80.2595825195,51266,51276,10
13.0163803101,80.2597198486,51276,51286,10
13.0167303085,80.2599563599,51286,51296,10
13.0172595978,80.260269165,51296,51306,10
13.0179395676,80.2607727051,51306,51316,10
13.0185699463,80.261177063,51316,51326,10
13.0190896988,80.2615585327,51326,51336,10
13.0194501877,80.26197052,51336,51346,10
13.0198497772,80.262336731,51346,51357,11
13.0201501846,80.262588501,51357,51367,10
13.0202598572,80.2626495361,51367,51377,10
13.0207300186,80.262802124,51377,51387,10
13.0213699341,80.2630081177,51387,51397,10
13.0218496323,80.2631912231,51397,51407,10
13.0221300125,80.263343811,51407,51417,10
13.0229196548,80.2637710571,51417,51437,20
13.0229196548,80.2637710571,51437,51447,10
13.023150444,80.263961792,51447,51457,10
13.0235099792,80.2641296387,51457,51468,11
13.0241498947,80.2644424438,51468,51478,10
13.0245895386,80.2647781372,51478,51488,10
13.0250501633,80.2652282715,51488,51498,10
13.0256099701,80.2656402588,51498,51507,9
13.02602005,80.265838623,51507,51518,11
13.0261697769,80.2658462524,51518,51529,11
13.0262899399,80.2654037476,51529,51539,10
13.0263595581,80.2647171021,51539,51549,10
13.0264902115,80.2641220093,51549,51559,10
13.0265302658,80.2639465332,51559,51569,10
13.026599884,80.2638397217,51569,51580,11
13.0266399384,80.2634887695,51580,51590,10
13.0269098282,80.2633972168,51590,51600,10
13.027299881,80.2636413574,51600,51610,10
13.0279598236,80.2637023926,51610,51620,10
13.0282096863,80.2637405396,51620,51630,10
13.0283203125,80.2638092041,51630,51640,10
13.0286502838,80.2639312744,51640,51650,10
13.0290403366,80.2641220093,51650,51660,10
13.0291595459,80.2642822266,51660,51670,10
13.0292196274,80.2647018433,51670,51680,10
13.0292196274,80.2654190063,51680,51690,10
13.0292301178,80.2660598755,51690,51701,11
13.0292396545,80.2660903931,51701,51711,10
13.0291900635,80.2663421631,51711,51741,30
13.0291900635,80.2663421631,51741,51751,10
13.0293998718,80.2665328979,51751,51762,11
13.0297498703,80.2666473389,51762,51770,8
13.030090332,80.2667007446,51770,51782,12
13.0306997299,80.2670593262,51782,51792,10
13.03125,80.2670898438,51792,51801,9
13.0317296982,80.2671432495,51801,51813,12
13.0323295593,80.2674179077,51813,51823,10
13.0326795578,80.2676086426,51823,51833,10
13.0333995819,80.267791748,51833,51883,50
13.0333995819,80.267791748,51883,51893,10
13.0337600708,80.2678985596,51893,51903,10
13.0340900421,80.2678985596,51903,51914,11
13.0344800949,80.2679824829,51914,51974,60
13.0344800949,80.2679824829,51974,51984,10
13.034330368,80.2680206299,51984,51994,10
13.0340003967,80.2679595947,51994,52004,10
13.0335102081,80.2678985596,52004,52813,809
13.0331497192,80.2678909302,52813,52843,30
13.0331497192,80.2678909302,52843,52853,10
13.0327997208,80.2677612305,52853,52863,10
13.0324697495,80.2674865723,52863,52873,10
13.0320901871,80.2672576904,52873,52883,10
13.0314702988,80.2669830322,52883,52893,10
13.0307197571,80.2667236328,52893,52934,41
13.0307197571,80.2667236328,52934,52944,10
13.0304002762,80.2667388916,52944,52954,10
13.0303201675,80.2667388916,52954,52964,10
13.0301399231,80.2666778564,52964,52974,10
13.0299797058,80.2666320801,52974,52984,10
13.0296897888,80.2665863037,52984,52994,10
13.0292901993,80.2665100098,52994,53035,41
13.0292901993,80.2665100098,53035,53045,10
13.028960228,80.2662506104,53045,53055,10
13.028459549,80.2662200928,53055,53065,10
13.0279302597,80.2661437988,53065,53075,10
13.027299881,80.2660522461,53075,53085,10
13.0264902115,80.2659378052,53085,53095,10
13.0260095596,80.2658004761,53095,53105,10
13.0251598358,80.2652206421,53105,53125,20
13.0251598358,80.2652206421,53125,53136,11
13.0251197815,80.2651901245,53136,53146,10
13.0248403549,80.2649383545,53146,53156,10
13.0243301392,80.2645874023,53156,53166,10
13.0237197876,80.2641906738,53166,53176,10
13.0232095718,80.2639389038,53176,53186,10
13.0228500366,80.2637405396,53186,53196,10
13.0224399567,80.2635421753,53196,53206,10
13.02202034,80.263343811,53206,53225,19
13.02202034,80.263343811,53225,53235,10
13.0219402313,80.2632598877,53235,53246,11
13.0218200684,80.2631988525,53246,53257,11
13.021229744,80.2630004883,53257,53267,10
13.0204696655,80.2629394531,53267,53277,10
13.0197496414,80.2629089355,53277,53287,10
13.0190496445,80.262840271,53287,53297,10
13.018819809,80.2623825073,53297,53307,10
13.0187196732,80.2615814209,53307,53317,10
13.0183801651,80.261138916,53317,53327,10
13.0177698135,80.2607269287,53327,53337,10
13.0171699524,80.260307312,53337,53348,11
13.0163898468,80.259803772,53348,53357,9
13.0159797668,80.2596282959,53357,53368,11
13.0159702301,80.2596206665,53368,53378,10
13.0159196854,80.2595901489,53378,53388,10
13.0155096054,80.2594299316,53388,53398,10
13.0148096085,80.2592926025,53398,53408,10
13.0139598846,80.259262085,53408,53418,10
13.0128898621,80.2592315674,53418,53428,10
13.0118198395,80.2592010498,53428,53438,10
13.0110998154,80.2591781616,53438,53448,10
13.010430336,80.2592468262,53448,53458,10
13.00963974,80.2592391968,53458,53469,11
13.0089101791,80.2592010498,53469,53479,10
13.0086803436,80.2592086792,53479,53489,10
13.0082597733,80.2592926025,53489,53499,10
13.0076599121,80.2594680786,53499,53509,10
13.0071401596,80.2587280273,53509,53529,20
13.0071401596,80.2587280273,53529,53539,10
13.0070295334,80.2583694458,53539,53549,10
13.0065698624,80.2575531006,53549,53660,111
13.0065698624,80.2575531006,53660,53670,10
13.0064401627,80.2571029663,53670,53680,10
13.006480217,80.2568511963,53680,53691,11
13.0065402985,80.2564086914,53691,53701,10
13.0065498352,80.2556762695,53701,53711,10
13.0066003799,80.2550582886,53711,53721,10
13.0065803528,80.2543411255,53721,53731,10
13.0065898895,80.2536087036,53731,53741,10
13.0065603256,80.2530899048,53741,53751,10
13.0065603256,80.253036499,53751,53761,10
13.0065603256,80.2529830933,53761,53771,10
13.0066204071,80.2523574829,53771,53811,40
13.0066204071,80.2523574829,53811,53822,11
13.0066604614,80.2521896362,53822,53832,10
13.0067300797,80.2519302368,53832,53842,10
13.0068302155,80.2513427734,53842,53852,10
13.0068502426,80.250579834,53852,53862,10
13.0068397522,80.2499084473,53862,53872,10
13.006819725,80.2495193481,53872,53882,10
13.0068101883,80.2489700317,53882,53892,10
13.0067300797,80.2483673096,53892,53912,20
13.0067300797,80.2483673096,53912,53923,11
13.0067100525,80.2482223511,53923,53933,10
13.0066995621,80.2478485107,53933,53943,10
13.0066995621,80.2472610474,53943,53953,10
13.0066099167,80.2465362549,53953,53963,10
13.0066404343,80.2464370728,53963,53973,10
13.0066795349,80.246131897,53973,53983,10
13.0066699982,80.2454833984,53983,53993,10
13.0066795349,80.2449798584,53993,54003,10
13.0066604614,80.2446136475,54003,54013,10
13.0066604614,80.2442016602,54013,54023,10
13.0066604614,80.2438278198,54023,54034,11
13.0066604614,80.2435302734,54034,54044,10
13.0066299438,80.2428970337,54044,54054,10
13.0066204071,80.2420501709,54054,54064,10
13.0065898895,80.2416610718,54064,54074,10
13.0066003799,80.2414703369,54074,54084,10
13.0066604614,80.241027832,54084,54094,10
13.0067300797,80.2406768799,54094,54104,10
13.0068597794,80.2402191162,54104,54114,10
13.0069799423,80.2395477295,54114,54125,11
13.0071201324,80.2385406494,54125,54135,10
13.0072898865,80.23777771,54135,54145,10
13.0074100494,80.2371063232,54145,54155,10
13.0074396133,80.2367324829,54155,54165,10
13.0074300766,80.236656189,54165,54175,10
13.0075798035,80.2362136841,54175,54185,10
13.0077495575,80.2354431152,54185,54195,10
13.0079698563,80.2345123291,54195,54205,10
13.0081996918,80.2333831787,54205,54215,10
13.0084295273,80.2322616577,54215,54225,10
13.0086402893,80.2313308716,54225,54235,10
13.0088396072,80.2304382324,54235,54246,11
13.0090999603,80.2292404175,54246,54256,10
13.0093603134,80.2280883789,54256,54266,10
13.0098304749,80.2269515991,54266,54276,10
13.0102701187,80.2259368896,54276,54286,10
13.01060009,80.225189209,54286,54296,10
13.010720253,80.2249526978,54296,54306,10
13.0109300613,80.2244567871,54306,54316,10
13.011349678,80.2233810425,54316,54346,30
13.011349678,80.2233810425,54346,54356,10
13.0112895966,80.2230072021,54356,54367,11
13.0115604401,80.2226104736,54367,54377,10
13.011879921,80.2220077515,54377,54387,10
13.0121898651,80.2214202881,54387,54397,10
13.0123901367,80.2215423584,54397,54407,10
13.0126199722,80.2218933105,54407,54417,10
13.0130300522,80.2223587036,54417,54427,10
13.0135002136,80.2229003906,54427,54437,10
13.0139799118,80.2235336304,54437,54447,10
13.0144796371,80.2240982056,54447,54457,10
13.0151700974,80.2248001099,54457,54468,11
13.0155496597,80.2249984741,54468,54478,10
13.0156898499,80.2251281738,54478,54488,10
13.0162296295,80.2253265381,54488,54498,10
13.0171003342,80.2250595093,54498,54508,10
13.0180597305,80.2246704102,54508,54518,10
13.0190200806,80.2243423462,54518,54528,10
13.0197000504,80.2245025635,54528,54538,10
13.0205001831,80.2250595093,54538,54548,10
13.0211896896,80.2255630493,54548,54558,10
13.0217599869,80.2259368896,54558,54568,10
13.0218801498,80.2260437012,54568,54578,10
13.0219297409,80.2261199951,54578,54589,11
13.022359848,80.2265090942,54589,54599,10
13.0229701996,80.2270507813,54599,54609,10
13.0235395432,80.2275695801,54609,54619,10
13.0240097046,80.2280731201,54619,54629,10
13.0244197845,80.2285614014,54629,54639,10
13.0246801376,80.2289199829,54639,54649,10
13.0250301361,80.2294235229,54649,54659,10
13.0254802704,80.2299804688,54659,54669,10
13.025759697,80.2304382324,54669,54679,10
13.0258302689,80.2306594849,54679,54689,10
13.0259599686,80.2310409546,54689,54700,11
13.0260295868,80.2312774658,54700,54710,10
13.0262498856,80.2312774658,54710,54720,10
13.0269403458,80.2310333252,54720,54730,10
13.0277204514,80.23072052,54730,54740,10
13.0282497406,80.2307128906,54740,54750,10
13.0283002853,80.2307281494,54750,54760,10
13.028550148,80.230796814,54760,54770,10
13.0292596817,80.230758667,54770,54831,61
13.0292596817,80.230758667,54831,54841,10
13.0296001434,80.2308425903,54841,54851,10
13.0301599503,80.2306900024,54851,54861,10
13.0306196213,80.2306518555,54861,54871,10
13.031370163,80.2305908203,54871,54881,10
13.0320796967,80.2305221558,54881,54891,10
13.0327501297,80.2303619385,54891,54901,10
13.033659935,80.23021698,54901,54922,21
13.033659935,80.23021698,54922,54932,10
13.033829689,80.2303695679,54932,54942,10
13.0339403152,80.2304000854,54942,54952,10
13.0342597961,80.2303085327,54952,54962,10
13.0347700119,80.2302322388,54962,54972,10
13.0348901749,80.2300109863,54972,54982,10
13.034620285,80.2300186157,54982,55739,757
13.0342998505,80.2299804688,55739,56344,605
13.0342998505,80.2299804688,56344,56354,10
13.0341501236,80.2303314209,56354,56385,31
13.0341501236,80.2303314209,56385,56395,10
13.0340204239,80.2304916382,56395,56405,10
13.0338802338,80.2304992676,56405,56415,10
13.0336799622,80.2305297852,56415,56425,10
13.0335197449,80.2305297852,56425,56435,10
13.0334396362,80.2304916382,56435,56445,10
13.0330696106,80.2305297852,56445,56455,10
13.0324602127,80.2305908203,56455,56466,11
13.03166008,80.2306594849,56466,56476,10
13.0309295654,80.2307281494,56476,56486,10
13.0303602219,80.2307815552,56486,56496,10
13.0299396515,80.2308425903,56496,56506,10
13.02987957,80.2308502197,56506,56516,10
13.0297498703,80.2308502197,56516,56526,10
13.0297403336,80.2308502197,56526,56536,10
13.029589653,80.2308578491,56536,56546,10
13.0292100906,80.2308883667,56546,56556,10
13.0286102295,80.2309799194,56556,56567,11
13.0278596878,80.2310180664,56567,56577,10
13.027680397,80.2312774658,56577,56587,10
13.027759552,80.2318267822,56587,56597,10
13.0278997421,80.2324981689,56597,56607,10
13.0277004242,80.2328109741,56607,56617,10
13.027299881,80.2329101563,56617,56637,20
13.027299881,80.2329101563,56637,56647,10
13.0270595551,80.233001709,56647,56657,10
13.0269603729,80.2330322266,56657,56667,10
13.0267601013,80.2330474854,56667,56677,10
13.0263900757,80.2328491211,56677,56688,11
13.0262098312,80.2322235107,56688,56698,10
13.0260896683,80.2316970825,56698,56708,10
13.0259599686,80.2310714722,56708,56718,10
13.0257301331,80.230506897,56718,56727,9
13.0253801346,80.2300796509,56727,56829,102
13.0253801346,80.2300796509,56829,56839,10
13.0250797272,80.2298431396,56839,56849,10
13.0248098373,80.2293930054,56849,56859,10
13.0244598389,80.2288818359,56859,56869,10
13.0240497589,80.2283706665,56869,56899,30
13.0240497589,80.2283706665,56899,56910,11
13.0239896774,80.2282409668,56910,56920,10
13.0237197876,80.227897644,56920,56930,10
13.0233097076,80.2274932861,56930,56940,10
13.0229902267,80.227142334,56940,56950,10
13.0225696564,80.2267379761,56950,56960,10
13.0221996307,80.2264404297,56960,56970,10
13.0217399597,80.2260665894,56970,56980,10
13.021320343,80.2257385254,56980,56990,10
13.0209197998,80.2253570557,56990,57000,10
13.02064991,80.2251815796,57000,57011,11
13.0204401016,80.2250823975,57011,57021,10
13.0202503204,80.2249832153,57021,57031,10
13.0198402405,80.2247161865,57031,57041,10
13.019490242,80.2245407104,57041,57057,16
13.0183200836,80.2247085571,57057,57069,12
13.0174398422,80.2250671387,57069,57079,10
13.0168199539,80.2253112793,57079,57089,10
13.0165395737,80.2254333496,57089,57099,10
13.0161800385,80.2255783081,57099,57109,10
13.0156898499,80.2257385254,57109,57119,10
13.0152797699,80.2259216309,57119,57129,10
13.015080452,80.2259979248,57129,57140,11
13.014749527,80.2261428833,57140,57150,10
13.0144901276,80.2262496948,57150,57180,30
13.0144901276,80.2262496948,57180,57190,10
13.0142202377,80.2263336182,57190,57200,10
13.0136203766,80.2265701294,57200,57210,10
13.012840271,80.2268600464,57210,57220,10
13.012049675,80.227180481,57220,57231,11
13.01101017,80.2275619507,57231,57240,9
13.0100603104,80.2279281616,57240,57251,11
13.0091199875,80.2285079956,57251,57261,10
13.0089197159,80.2294006348,57261,57271,10
13.0087499619,80.2304229736,57271,57281,10
13.0085601807,80.2314376831,57281,57291,10
13.0083904266,80.2324371338,57291,57301,10
13.0082702637,80.2335586548,57301,57321,20
13.0082702637,80.2335586548,57321,57331,10
13.0082397461,80.2336425781,57331,57341,10
13.0081501007,80.2339782715,57341,57352,11
13.008020401,80.2346191406,57352,57362,10
13.0078496933,80.2354278564,57362,57372,10
13.0076799393,80.2363433838,57372,57382,10
13.0074996948,80.2372589111,57382,57392,10
13.0073099136,80.23828125,57392,57402,10
13.0071697235,80.2390136719,57402,57412,10
13.006939888,80.2399597168,57412,57442,30
13.006939888,80.2399597168,57442,57452,10
13.0071697235,80.2399597168,57452,57473,21
13.0071697235,80.2399597168,57473,57483,10
13.007060051,80.2405166626,57483,57503,20
13.007060051,80.2405166626,57503,57513,10
13.0069799423,80.2406616211,57513,57523,10
13.0068702698,80.2411117554,57523,57533,10
13.006819725,80.2417526245,57533,57543,10
13.0068101883,80.2425003052,57543,57553,10
13.0067796707,80.2434387207,57553,57563,10
13.0067996979,80.2442626953,57563,57573,10
13.0067796707,80.2450790405,57573,57584,11
13.0067996979,80.2460021973,57584,57594,10
13.006819725,80.2467575073,57594,57604,10
13.0068397522,80.2471237183,57604,57614,10
13.0068397522,80.2474975586,57614,57624,10
13.0068101883,80.2481384277,57624,57634,10
13.006819725,80.2490081787,57634,57644,10
13.0068998337,80.24949646,57644,57682,38
13.0068998337,80.24949646,57682,57690,8
13.0069103241,80.2496414185,57690,57703,13
13.0068998337,80.2503128052,57703,57712,9
13.0068902969,80.2509002686,57712,57723,11
13.0068502426,80.251373291,57723,57733,10
13.0067796707,80.2517700195,57733,57743,10
13.0066099167,80.2526473999,57743,57753,10
13.0066003799,80.2533798218,57753,57763,10
13.0066204071,80.2542114258,57763,57773,10
13.0066604614,80.2550582886,57773,57783,10
13.0066604614,80.2559890747,57783,57794,11
13.0066699982,80.2569198608,57794,57804,10
13.0067195892,80.2573394775,57804,57864,60
13.0067195892,80.2573394775,57864,57874,10
13.0066604614,80.257598877,57874,57884,10
13.0066604614,80.2576065063,57884,57894,10
13.0066604614,80.2577133179,57894,57905,11
13.0067796707,80.2580566406,57905,57915,10
13.0070695877,80.2584381104,57915,57925,10
13.0075397491,80.2587432861,57925,57935,10
13.0075702667,80.2587509155,57935,57945,10
13.0076799393,80.2587585449,57945,57955,10
13.0080900192,80.2591018677,57955,57965,10
13.0086603165,80.2593002319,57965,57975,10
13.0090303421,80.2594833374,57975,57985,10
13.0097303391,80.2593994141,57985,57995,10
13.0106801987,80.2592926025,57995,58005,10
13.0116701126,80.2592163086,58005,58015,10
13.0128002167,80.2593994141,58015,58026,11
13.014169693,80.2593612671,58026,58042,16
13.0159397125,80.2594833374,58042,58054,12
13.0165300369,80.259803772,58054,58074,20
13.0165300369,80.259803772,58074,58084,10
13.0166902542,80.2599563599,58084,58094,10
13.0168800354,80.2600631714,58094,58104,10
13.0173196793,80.2603607178,58104,58114,10
13.017999649,80.2608413696,58114,58124,10
13.0186901093,80.2613067627,58124,58134,10
13.0191497803,80.2617034912,58134,58145,11
13.0201997757,80.2626724243,58145,58165,20
13.0201997757,80.2626724243,58165,58175,10
13.0204696655,80.2628326416,58175,58185,10
13.0209703445,80.2629470825,58185,58195,10
13.0216703415,80.2631988525,58195,58205,10
13.0221204758,80.263458252,58205,58215,10
13.0225200653,80.263710022,58215,58225,10
13.0229997635,80.263923645,58225,58256,31
13.0229997635,80.263923645,58256,58266,10
13.0233802795,80.2640762329,58266,58276,10
13.0238399506,80.2643432617,58276,58286,10
13.0244398117,80.2647705078,58286,58296,10
13.0249595642,80.2651519775,58296,58306,10
13.0254001617,80.2654266357,58306,58316,10
13.025970459,80.2657623291,58316,58326,10
13.0262098312,80.2658004761,58326,58336,10
13.0262699127,80.2654037476,58336,58346,10
13.0263395309,80.2649002075,58346,58356,10
13.0264797211,80.2640991211,58356,58377,21
13.0264797211,80.2640991211,58377,58387,10
13.0265102386,80.2637634277,58387,58397,10
13.0265302658,80.2635574341,58397,58407,10
13.0265703201,80.2633972168,58407,58417,10
13.0267896652,80.2633972168,58417,58427,10
13.027299881,80.2635192871,58427,58437,10
13.0277795792,80.263671875,58437,58447,10
13.0282497406,80.2637863159,58447,58457,10
13.0282697678,80.2638015747,58457,58468,11
13.028670311,80.2639083862,58468,58478,10
13.0291204453,80.2640686035,58478,58488,10
13.0292797089,80.264289856,58488,58498,10
13.029299736,80.2646408081,58498,58508,10
13.0292797089,80.2651290894,58508,58518,10
13.0292901993,80.2659378052,58518,58558,40
13.0292901993,80.2659378052,58558,58568,10
13.0292100906,80.2663269043,58568,58578,10
13.0292396545,80.2664871216,58578,58589,11
13.0295200348,80.2665634155,58589,58599,10
13.0299196243,80.2666320801,58599,58629,30
13.0299196243,80.2666320801,58629,58639,10
13.0303201675,80.2667312622,58639,58649,10
13.0305404663,80.266746521,58649,58659,10
13.03083992,80.2668609619,58659,58669,10
13.0311803818,80.2669677734,58669,58679,10
13.0316696167,80.2671813965,58679,58690,11
13.0321798325,80.2673797607,58690,58700,10
13.0325202942,80.267539978,58700,58710,10
13.0329399109,80.2676467896,58710,58720,10
13.033370018,80.2677383423,58720,58730,10
13.033829689,80.2678833008,58730,58780,50
13.033829689,80.2678833008,58780,58791,11
13.0341596603,80.268081665,58791,58801,10
13.0344400406,80.268081665,58801,58952,151
13.0344400406,80.268081665,58952,58962,10
13.0342798233,80.2680892944,58962,58972,10
13.0338497162,80.2679824829,58972,59144,172
13.0338497162,80.2679824829,59144,59154,10
13.0335102081,80.2679290771,59154,59214,60
13.0335102081,80.2679290771,59214,59224,10
13.0335702896,80.267906189,59224,59729,505
13.0335702896,80.267906189,59729,59739,10
13.0333003998,80.2678527832,59739,59749,10
13.0331802368,80.2677993774,59749,59759,10
13.0328702927,80.2677078247,59759,59779,20
13.0328702927,80.2677078247,59779,59789,10
13.0326595306,80.267616272,59789,59800,11
13.0325298309,80.2674484253,59800,59810,10
13.0324897766,80.2674331665,59810,59820,10
13.0321998596,80.2672729492,59820,59830,10
13.0319404602,80.2671279907,59830,59840,10
13.03166008,80.2669906616,59840,59860,20
13.0313596725,80.266998291,59860,59890,30
13.0313596725,80.266998291,59890,59901,11
13.0309400558,80.2668380737,59901,59941,40
13.030579567,80.2667388916,59941,59991,50
13.0302200317,80.2667236328,59991,60022,31
13.02987957,80.2667007446,60022,60062,40
13.02987957,80.2667007446,60062,60072,10
13.029540062,80.2666702271,60072,60203,131
13.029540062,80.2666702271,60203,60213,10
13.0291996002,80.2666091919,60213,60223,10
13.0290002823,80.266456604,60223,60233,10
13.0286302567,80.2663421631,60233,60244,11
13.0278701782,80.2662277222,60244,60254,10
13.0270900726,80.2661209106,60254,60264,10
13.0263900757,80.2660217285,60264,60304,40
13.0263900757,80.2660217285,60304,60314,10
13.0260295868,80.2658920288,60314,60324,10
13.0253601074,80.2653808594,60324,60355,31
13.0253601074,80.2653808594,60355,60365,10
13.0251102448,80.2651596069,60365,60375,10
13.024769783,80.2648773193,60375,60385,10
13.0243196487,80.2645568848,60385,60395,10
13.0238800049,80.264289856,60395,60405,10
13.023440361,80.2640380859,60405,60415,10
13.0229196548,80.2637405396,60415,60425,10
13.0220403671,80.2633895874,60425,60486,61
13.0220403671,80.2633895874,60486,60496,10
13.0217103958,80.2632217407,60496,60597,101
13.0217103958,80.2632217407,60597,60607,10
13.0214099884,80.2631530762,60607,60617,10
13.0207901001,80.2630386353,60617,60627,10
13.0202302933,80.2630081177,60627,60637,10
13.0197496414,80.2629699707,60637,60647,10
13.019200325,80.2629318237,60647,60657,10
13.0188703537,80.2626800537,60657,60667,10
13.0188102722,80.2620391846,60667,60678,11
13.0186500549,80.2612380981,60678,60688,10
13.0183296204,80.2610702515,60688,60698,10
13.0179300308,80.2608108521,60698,60708,10
13.0172796249,80.2603988647,60708,60718,10
13.0160999298,80.2597122192,60718,60758,40
13.0160999298,80.2597122192,60758,60768,10
13.015879631,80.2596435547,60768,60778,10
13.0153903961,80.2594528198,60778,60789,11
13.0146598816,80.2593536377,60789,60799,10
13.0138597488,80.2593231201,60799,60809,10
13.0129098892,80.2592773438,60809,60819,10
13.0119600296,80.2592391968,60819,60829,10
13.0111198425,80.2592163086,60829,60839,10
13.0102996826,80.2593078613,60839,60849,10
13.0098199844,80.2593307495,60849,60890,41
13.0098199844,80.2593307495,60890,60900,10
13.0097703934,80.2593307495,60900,60910,10
13.0095100403,80.2592163086,60910,60920,10
13.008939743,80.2592010498,60920,60930,10
13.0086603165,80.2592163086,60930,60940,10
13.0081701279,80.2592086792,60940,60950,10
13.0076398849,80.2593994141,60950,60960,10
13.0072097778,80.2588500977,60960,60980,20
13.0072097778,80.2588500977,60980,60990,10
13.0070800781,80.2586364746,60990,61000,10
13.0068998337,80.2582397461,61000,61011,11
13.0066900253,80.2578201294,61011,61061,50
13.0066900253,80.2578201294,61061,61071,10
13.006529808,80.2576217651,61071,61081,10
13.0065097809,80.2573013306,61081,61091,10
13.0065002441,80.256942749,61091,61101,10
13.0065402985,80.256477356,61101,61111,10
13.006529808,80.255859375,61111,61122,11
13.0065402985,80.2551727295,61122,61132,10
13.0065202713,80.2544326782,61132,61142,10
13.0064897537,80.2532806396,61142,61172,30
13.0064897537,80.2532806396,61172,61182,10
13.0064601898,80.2530517578,61182,61192,10
13.0064201355,80.252746582,61192,61243,51
13.0064201355,80.252746582,61243,61253,10
13.0064697266,80.2524185181,61253,61263,10
13.0065402985,80.2519378662,61263,61273,10
13.0066404343,80.2511978149,61273,61283,10
13.0066795349,80.2503814697,61283,61293,10
13.0066699982,80.2497634888,61293,61303,10
13.0066795349,80.2496795654,61303,61313,10
13.0066900253,80.249458313,61313,61323,10
13.006649971,80.2487106323,61323,61344,21
13.0066900253,80.2485733032,61344,61374,30
13.0066900253,80.2485733032,61374,61384,10
13.0066404343,80.2482299805,61384,61394,10
13.0066299438,80.2478866577,61394,61410,16
13.0065698624,80.2467193604,61410,61473,63
13.0065698624,80.2467193604,61473,61483,10
13.006529808,80.2465209961,61483,61493,10
13.0065803528,80.2461090088,61493,61503,10
13.0066204071,80.245552063,61503,61513,10
13.0066404343,80.2449798584,61513,61523,10
13.0066404343,80.2446212769,61523,61533,10
13.0066604614,80.2442398071,61533,61543,10
13.0066404343,80.243888855,61543,61553,10
13.0066404343,80.2434387207,61553,61564,11
13.0065898895,80.2427978516,61564,61574,10
13.0065498352,80.2420120239,61574,61584,10
13.0065603256,80.2417831421,61584,61594,10
13.0065698624,80.2416000366,61594,61604,10
13.0065603256,80.2413330078,61604,61614,10
13.0066099167,80.2409362793,61614,61624,10
13.0066995621,80.2404174805,61624,61634,10
13.0069503784,80.2397003174,61634,61644,10
13.0071001053,80.2386779785,61644,61654,10
13.007229805,80.2378616333,61654,61664,10
13.007349968,80.2369918823,61664,61715,51
13.007349968,80.2369918823,61715,61725,10
13.0074300766,80.2367477417,61725,61735,10
13.0074701309,80.2365722656,61735,61745,10
13.0075597763,80.2361221313,61745,61755,10
13.0077600479,80.2354125977,61755,61765,10
13.0077800751,80.2353210449,61765,61775,10
13.0077800751,80.234916687,61775,61786,11
13.0079698563,80.2341003418,61786,61796,10
13.008190155,80.2331314087,61796,61806,10
13.0083799362,80.232131958,61806,61816,10
13.0085802078,80.231010437,61816,61825,9
13.0087404251,80.2301712036,61825,61836,11
13.0089502335,80.2291717529,61836,61846,10
13.0091600418,80.2282791138,61846,61856,10
13.0094003677,80.2276229858,61856,61866,10
13.0098199844,80.2267837524,61866,61876,10
13.0102796555,80.2258529663,61876,61886,10
13.0106601715,80.2250213623,61886,61897,11
13.0109996796,80.2241668701,61897,61907,10
13.011300087,80.2234573364,61907,61917,10
13.0115995407,80.2228393555,61917,61927,10
13.0118503571,80.2222671509,61927,61937,10
13.0122404099,80.2217025757,61937,61946,9
13.0125598907,80.2217407227,61946,61957,11
13.0129804611,80.2223205566,61957,61967,10
13.0136699677,80.2231369019,61967,61977,10
13.0142002106,80.2238616943,61977,61987,10
13.0147304535,80.2244567871,61987,61998,11
13.0153303146,80.2249832153,61998,62008,10
13.0155897141,80.2250900269,62008,62018,10
13.0156002045,80.2250900269,62018,62028,10
13.0157203674,80.2251281738,62028,62038,10
13.0160799026,80.2253494263,62038,62048,10
13.0166597366,80.2252578735,62048,62058,10
13.0173597336,80.2250213623,62058,62068,10
13.0180902481,80.2247314453,62068,62078,10
13.0188903809,80.2244262695,62078,62088,10
13.0197200775,80.2244567871,62088,62119,31
13.0197200775,80.2244567871,62119,62129,10
13.0200195313,80.2247314453,62129,62139,10
13.0204000473,80.2249984741,62139,62149,10
13.0209102631,80.2253570557,62149,62159,10
13.0212202072,80.2255783081,62159,62169,10
13.0216903687,80.2259368896,62169,62179,10
13.022069931,80.2261962891,62179,62199,20
13.022069931,80.2261962891,62199,62209,10
13.0221996307,80.2263565063,62209,62220,11
13.0226802826,80.2267990112,62220,62230,10
13.0232601166,80.2273483276,62230,62240,10
13.0238399506,80.2279281616,62240,62250,10
13.024189949,80.2282485962,62250,62260,10
13.0244398117,80.2286224365,62260,62270,10
13.0247297287,80.2290267944,62270,62280,10
13.0250301361,80.2294311523,62280,62290,10
13.0254201889,80.229927063,62290,62300,10
13.0258197784,80.2305221558,62300,62331,31
13.0258197784,80.2305221558,62331,62341,10
13.0258903503,80.2307510376,62341,62351,10
13.0259199142,80.230796814,62351,62361,10
13.0259799957,80.2311325073,62361,62371,10
13.0261802673,80.2313995361,62371,62381,10
13.0267400742,80.2312393188,62381,62391,10
13.0274600983,80.2310409546,62391,62401,10
13.0283899307,80.2308731079,62401,62492,91
13.0283899307,80.2308731079,62492,62502,10
13.0286998749,80.2309494019,62502,62512,10
13.0288095474,80.2309265137,62512,62522,10
13.0290002823,80.2309494019,62522,62532,10
13.0291795731,80.2309036255,62532,62542,10
13.0293598175,80.2308807373,62542,62553,11
13.0297002792,80.2308273315,62553,62563,10
13.0304603577,80.2308197021,62563,62623,60
13.0304603577,80.2308197021,62623,62633,10
13.0307302475,80.2307662964,62633,62643,10
13.0311002731,80.2306976318,62643,62653,10
13.0316400528,80.2306594849,62653,62664,11
13.032119751,80.2306518555,62664,62674,10
13.0326795578,80.2306213379,62674,62683,9
13.0332202911,80.2305831909,62683,62694,11
13.0340595245,80.2304229736,62694,62754,60
13.0340595245,80.2304229736,62754,62764,10
13.0343599319,80.2304000854,62764,62775,11
13.0346698761,80.2303390503,62775,62785,10
13.0348300934,80.2302627563,62785,62795,10
13.0349998474,80.2301025391,62795,62825,30
13.0346403122,80.2300186157,62825,63340,515
13.0343399048,80.2301635742,63340,63602,262
13.0343399048,80.2301635742,63602,63612,10
13.034119606,80.2303695679,63612,63642,30
13.034119606,80.2303695679,63642,63653,11
13.0337696075,80.2304611206,63653,63663,10
13.0335798264,80.2304611206,63663,63673,10
13.0332603455,80.2304763794,63673,63683,10
13.0328598022,80.2304992676,63683,63693,10
13.032409668,80.2305374146,63693,63703,10
13.0318403244,80.2305908203,63703,63713,10
13.031129837,80.2306518555,63713,63743,30
13.031129837,80.2306518555,63743,63753,10
13.03083992,80.230682373,63753,63764,11
13.0306596756,80.2307128906,63764,63774,10
13.0304803848,80.23072052,63774,63784,10
13.0301399231,80.2307434082,63784,63794,10
13.0298500061,80.2307662964,63794,63814,20
13.0298500061,80.2307662964,63814,63824,10
13.0296401978,80.2308197021,63824,63834,10
13.0292797089,80.2308425903,63834,63844,10
13.0287799835,80.2308883667,63844,63854,10
13.0281200409,80.2309570313,63854,63864,10
13.0277395248,80.2310180664,63864,63875,11
13.0276699066,80.2313537598,63875,63885,10
13.0277204514,80.2318572998,63885,63895,10
13.0278196335,80.2323989868,63895,63905,10
13.0277900696,80.2328186035,63905,63915,10
13.027299881,80.2328720093,63915,63981,66
13.027299881,80.2328720093,63981,63994,13
13.0268697739,80.2329864502,63994,64003,9
13.0266895294,80.2330169678,64003,64014,11
13.0264396667,80.2329406738,64014,64024,10
13.0263500214,80.2326431274,64024,64034,10
13.0262699127,80.2323379517,64034,64044,10
13.0262002945,80.2319488525,64044,64054,10
13.0260696411,80.2315063477,64054,64064,10
13.0260000229,80.2311325073,64064,64074,10
13.0258798599,80.230758667,64074,64084,10
13.0255098343,80.230140686,64084,64095,11
13.0251197815,80.2295913696,64095,64105,10
13.0248603821,80.2293014526,64105,64115,10
13.0246400833,80.2290267944,64115,64125,10
13.024140358,80.2284469604,64125,64155,30
13.024140358,80.2284469604,64155,64165,10
13.023850441,80.2281112671,64165,64181,16
13.0233802795,80.2275924683,64181,64193,12
13.0229797363,80.227142334,64193,64201,8
13.0227603912,80.2268981934,64201,64214,13
13.0222196579,80.2264328003,64214,64223,9
13.0218095779,80.2260818481,64223,64234,11
13.021229744,80.2256393433,64234,64244,10
13.0207595825,80.2253036499,64244,64253,9
13.0204896927,80.2250976563,64253,64264,11
13.0200099945,80.2248001099,64264,64274,10
13.019370079,80.2244186401,64274,64284,10
13.0185699463,80.2245178223,64284,64294,10
13.0176801682,80.2249221802,64294,64304,10
13.0169200897,80.2252731323,64304,64315,11
13.0165700912,80.2254333496,64315,64325,10
13.0164003372,80.2254867554,64325,64335,10
13.0160503387,80.2256011963,64335,64345,10
13.0155296326,80.2257614136,64345,64355,10
13.0145101547,80.2261810303,64355,64385,30
13.0145101547,80.2261810303,64385,64395,10
13.0143003464,80.2262573242,64395,64405,10
13.0137701035,80.2264633179,64405,64415,10
13.0130596161,80.2267303467,64415,64425,10
13.0122995377,80.2270278931,64425,64436,11
13.0114603043,80.2273788452,64436,64446,10
13.0105895996,80.227722168,64446,64456,10
13.0097398758,80.2280807495,64456,64466,10
13.0091400146,80.2286300659,64466,64482,16
13.0088100433,80.2301864624,64482,64494,12
13.0085802078,80.2314910889,64494,64502,8
13.0084104538,80.2322692871,64502,64514,12
13.0082702637,80.233291626,64514,64524,10
13.0082302094,80.2336120605,64524,64555,31
13.0082302094,80.2336120605,64555,64565,10
13.0081300735,80.23387146,64565,64575,10
13.0080499649,80.2342987061,64575,64585,10
13.0079498291,80.2348098755,64585,64595,10
13.0078201294,80.2354736328,64595,64604,9
13.0077800751,80.2357177734,64604,64615,11
13.0076799393,80.2362365723,64615,64625,10
13.007610321,80.2365875244,64625,64635,10
13.0075597763,80.2368774414,64635,64645,10
13.0075502396,80.2369003296,64645,64656,11
13.0074901581,80.2371673584,64656,64676,20
13.0074901581,80.2371673584,64676,64686,10
13.0074300766,80.2374725342,64686,64696,10
13.0073795319,80.2376785278,64696,64706,10
13.0072898865,80.2381973267,64706,64716,10
13.0072097778,80.2386169434,64716,64726,10
13.0071001053,80.2391433716,64726,64736,10
13.0070199966,80.2395935059,64736,64827,91
13.0070199966,80.2395935059,64827,64837,10
13.0069999695,80.240020752,64837,64847,10
13.0068902969,80.2404632568,64847,64857,10
13.0068798065,80.2406082153,64857,64878,21
13.0068798065,80.2406082153,64878,64888,10
13.0068101883,80.2409133911,64888,64898,10
13.0067396164,80.2414474487,64898,64908,10
13.0067195892,80.2421035767,64908,64918,10
13.0067100525,80.2427368164,64918,64928,10
13.0066795349,80.2433395386,64928,64938,10
13.0066604614,80.2439575195,64938,64948,10
13.0066404343,80.2446289063,64948,64958,10
13.0066604614,80.2451705933,64958,64968,10
13.0066995621,80.2454223633,64968,64999,31
13.0066995621,80.2454223633,64999,65009,10
13.0067300797,80.2457199097,65009,65019,10
13.0067396164,80.2461090088,65019,65029,10
13.0067596436,80.2467727661,65029,65039,10
13.0067396164,80.2475509644,65039,65049,10
13.0067396164,80.2483215332,65049,65059,10
13.006819725,80.2490310669,65059,65069,10
13.0068798065,80.249382019,65069,65089,20
13.0068798065,80.249382019,65089,65100,11
13.0068702698,80.2495193481,65100,65110,10
13.0068101883,80.250038147,65110,65120,10
13.0067596436,80.250617981,65120,65130,10
13.0067596436,80.2512969971,65130,65140,10
13.0067300797,80.251701355,65140,65150,10
13.0066003799,80.2523269653,65150,65160,10
13.0065402985,80.2531204224,65160,65170,10
13.0065402985,80.2540206909,65170,65180,10
13.0065803528,80.2549209595,65180,65190,10
13.0065698624,80.2558135986,65190,65200,10
13.0065698624,80.2566375732,65200,65211,11
13.0066404343,80.2572479248,65211,65241,30
13.0066404343,80.2572479248,65241,65257,16
13.0066204071,80.2573928833,65257,65269,12
13.006819725,80.2579574585,65269,65277,8
13.0071296692,80.2584228516,65277,65289,12
13.0076904297,80.2587280273,65289,65320,31
13.0076904297,80.2587280273,65320,65330,10
13.0078601837,80.2587509155,65330,65340,10
13.0083398819,80.2589797974,65340,65350,10
13.0090398788,80.2591094971,65350,65360,10
13.0098600388,80.2591171265,65360,65370,10
13.0107803345,80.2591323853,65370,65380,10
13.0117902756,80.2591171265,65380,65390,10
13.0128898621,80.2591629028,65390,65400,10
13.0139904022,80.2592086792,65400,65410,10
13.0150299072,80.2592468262,65410,65420,10
13.0159196854,80.259437561,65420,65431,11
13.0163803101,80.2596969604,65431,65451,20
13.0163803101,80.2596969604,65451,65461,10
13.0165300369,80.2598190308,65461,65471,10
13.0167798996,80.260017395,65471,65481,10
13.016960144,80.2601470947,65481,65491,10
13.0173902512,80.2604217529,65491,65501,10
13.0179595947,80.2608108521,65501,65511,10
13.0185403824,80.2612380981,65511,65521,10
13.018989563,80.2616119385,65521,65537,16
13.0201396942,80.2626495361,65537,65559,22
13.0201396942,80.2626495361,65559,65570,11
13.0203104019,80.2627487183,65570,65580,10
13.0207195282,80.2628936768,65580,65590,10
13.0213603973,80.2630996704,65590,65598,8
13.0217399597,80.2632598877,65598,65612,14
13.0220804214,80.2634735107,65612,65622,10
13.0224399567,80.263671875,65622,65632,10
13.022939682,80.2639923096,65632,65653,21
13.022939682,80.2639923096,65653,65663,10
13.0230197906,80.2639694214,65663,65673,10
13.0233001709,80.2641677856,65673,65683,10
13.0236196518,80.2643203735,65683,65693,10
13.0241804123,80.2646026611,65693,65706,13
13.0248203278,80.2650604248,65706,65718,12
13.0253601074,80.2654495239,65718,65728,10
13.0257196426,80.2656707764,65728,65738,10
13.0261297226,80.26587677,65738,65748,10
13.0262298584,80.2659072876,65748,65759,11
13.0263700485,80.265663147,65759,65769,10
13.02643013,80.2651824951,65769,65779,10
13.0265703201,80.2640991211,65779,65809,30
13.0265703201,80.2640991211,65809,65819,10
13.0266399384,80.2637786865,65819,65829,10
13.0266504288,80.2635421753,65829,65839,10
13.0269002914,80.2634811401,65839,65849,10
13.0273103714,80.2635574341,65849,65858,9
13.027589798,80.2636108398,65858,65870,12
13.0281200409,80.2637786865,65870,65880,10
13.0283498764,80.2638168335,65880,65890,10
13.0283603668,80.2638092041,65890,65900,10
13.028670311,80.2639007568,65900,65910,10
13.0290899277,80.2640228271,65910,65920,10
13.0293397903,80.264213562,65920,65930,10
13.0293197632,80.2646026611,65930,65940,10
13.0293102264,80.2649612427,65940,65950,10
13.0293197632,80.2654495239,65950,65960,10
13.0293197632,80.2656021118,65960,65970,10
13.0292797089,80.2660675049,65970,66001,31
13.0292797089,80.2660675049,66001,66011,10
13.0292301178,80.2662963867,66011,66021,10
13.029250145,80.2665634155,66021,66031,10
13.0295295715,80.2666091919,66031,66041,10
13.0299100876,80.2666625977,66041,66051,10
13.0301504135,80.2666931152,66051,66061,10
13.0307302475,80.2667617798,66061,66071,10
13.0312204361,80.2668914795,66071,66082,11
13.0317001343,80.2670974731,66082,66092,10
13.032119751,80.2673034668,66092,66102,10
13.032500267,80.2674713135,66102,66112,10
13.0327396393,80.2676620483,66112,66122,10
13.0331096649,80.2677993774,66122,66132,10
13.0334997177,80.2678375244,66132,66233,101
13.0334997177,80.2678375244,66233,66243,10
13.0339803696,80.2679519653,66243,66253,10
13.0341901779,80.2679901123,66253,66263,10
13.0344295502,80.2679901123,66263,66283,20
13.0344295502,80.2679901123,66283,66293,10
13.0344600677,80.2681274414,66293,66314,21
13.0344600677,80.2681274414,66314,66324,10
13.034239769,80.2680206299,66324,66334,10
13.0340299606,80.2679977417,66334,66344,10
13.0338897705,80.2679519653,66344,66354,10
13.0334997177,80.2678375244,66354,66394,40
13.0332899094,80.2676773071,66394,66809,415
13.0332899094,80.2676773071,66809,66819,10
13.0330295563,80.2676773071,66819,66829,10
13.0326299667,80.2675628662,66829,66850,21
13.0326299667,80.2675628662,66850,66860,10
13.03221035,80.2673568726,66860,66870,10
13.0319700241,80.267250061,66870,66880,10
13.031709671,80.2671737671,66880,66890,10
13.031419754,80.2671127319,66890,66900,10
13.0311203003,80.2669906616,66900,66910,10
13.0307502747,80.2668609619,66910,66920,10
13.0303297043,80.2667388916,66920,66940,20
13.0303297043,80.2667388916,66940,66950,10
13.0298500061,80.2666320801,66950,66981,31
13.0298500061,80.2666320801,66981,66991,10
13.0294799805,80.2665863037,66991,67001,10
13.029250145,80.2665405273,67001,67011,10
13.0289802551,80.2664108276,67011,67021,10
13.028670311,80.2662811279,67021,67031,10
13.0283498764,80.2661895752,67031,67041,10
13.0280199051,80.2661132813,67041,67051,10
13.0274896622,80.2660598755,67051,67061,10
13.0270996094,80.2660217285,67061,67072,11
13.0267000198,80.2660293579,67072,67092,20
13.0267000198,80.2660293579,67092,67102,10
13.0263900757,80.2659225464,67102,67263,161
13.0263900757,80.2659225464,67263,67273,10
13.0261297226,80.2659378052,67273,67283,10
13.025970459,80.26587677,67283,67294,11
13.0254402161,80.2655792236,67294,67344,50
13.0254402161,80.2655792236,67344,67354,10
13.0249996185,80.2653884888,67354,67364,10
13.0247602463,80.2652206421,67364,67374,10
13.0243902206,80.2648391724,67374,67384,10
13.0240802765,80.2646102905,67384,67394,10
13.0236701965,80.2643127441,67394,67405,11
13.0231103897,80.263999939,67405,67415,10
13.022600174,80.2638092041,67415,67425,10
13.0222301483,80.2637405396,67425,67445,20
13.0222301483,80.2637405396,67445,67455,10
13.0219697952,80.2634735107,67455,67475,20
13.0219697952,80.2634735107,67475,67485,10
13.0218000412,80.2633895874,67485,67495,10
13.0214195251,80.2632522583,67495,67506,11
13.0206203461,80.2630462646,67506,67516,10
13.0201597214,80.2630233765,67516,67526,10
13.0197200775,80.2629470825,67526,67536,10
13.0192203522,80.2629165649,67536,67546,10
13.0189695358,80.2626571655,67546,67556,10
13.0188903809,80.2620697021,67556,67566,10
13.0187597275,80.2615966797,67566,67576,10
13.0187101364,80.2615127563,67576,67586,10
13.0184803009,80.2611465454,67586,67596,10
13.0182504654,80.2610321045,67596,67606,10
13.0178699493,80.2608413696,67606,67616,10
13.0173597336,80.2604980469,67616,67627,11
13.0167503357,80.2601165771,67627,67637,10
13.0162200928,80.2598114014,67637,67673,36
13.0162200928,80.2598114014,67673,67685,12
13.0157804489,80.2594528198,67685,67695,10
13.0152301788,80.2593078613,67695,67705,10
13.0146198273,80.2592468262,67705,67715,10
13.0137796402,80.2592391968,67715,67725,10
13.0129098892,80.2592163086,67725,67735,10
13.0121002197,80.2592010498,67735,67746,11
13.0112800598,80.2591781616,67746,67756,10
13.0105400085,80.2592086792,67756,67766,10
13.009929657,80.259262085,67766,67776,10
13.0098800659,80.259262085,67776,67786,10
13.0096998215,80.2592391968,67786,67796,10
13.0092601776,80.2592391968,67796,67806,10
13.0087995529,80.2592163086,67806,67816,10
13.0084295273,80.2591934204,67816,67826,10
13.007900238,80.2592391968,67826,67836,10
13.0074100494,80.2593078613,67836,67847,11
13.0072097778,80.2588272095,67847,67867,20
13.0072097778,80.2588272095,67867,67877,10
13.0072202682,80.2585983276,67877,67887,10
13.0067396164,80.2577896118,67887,67917,30
13.0067396164,80.2577896118,67917,67927,10
13.0065097809,80.2575836182,67927,68079,152
13.0065097809,80.2575836182,68079,68089,10
13.0064601898,80.2572174072,68089,68099,10
13.0065097809,80.2570266724,68099,68109,10
13.0066099167,80.2567062378,68109,68119,10
13.0065498352,80.2560119629,68119,68129,10
13.0065202713,80.2555007935,68129,68139,10
13.0065202713,80.2551193237,68139,68149,10
13.0065202713,80.2546920776,68149,68159,10
13.0065002441,80.2541275024,68159,68170,11
13.0065202713,80.2531967163,68170,68220,50
13.0065202713,80.2531967163,68220,68236,16
13.0064897537,80.2527618408,68236,68248,12
13.0065803528,80.2520828247,68248,68330,82
13.0065803528,80.2520828247,68330,68341,11
13.0066204071,80.2518997192,68341,68351,10
13.0066900253,80.2514801025,68351,68361,10
13.0066995621,80.2509765625,68361,68371,10
13.0066604614,80.2504196167,68371,68381,10
13.0066604614,80.24974823,68381,68392,11
13.0066699982,80.249710083,68392,68402,10
13.0066995621,80.2495727539,68402,68412,10
13.0066795349,80.2491226196,68412,68422,10
13.006649971,80.2485809326,68422,68432,10
13.0066299438,80.2482070923,68432,68482,50
13.0066299438,80.2482070923,68482,68492,10
13.0066099167,80.2479400635,68492,68503,11
13.0066003799,80.2474594116,68503,68513,10
13.0066003799,80.2467498779,68513,68563,50
13.0066003799,80.2467498779,68563,68573,10
13.0065498352,80.2464904785,68573,68583,10
13.0066299438,80.24609375,68583,68593,10
13.0066204071,80.2456436157,68593,68603,10
13.0066099167,80.2454681396,68603,68614,11
13.0066003799,80.2452163696,68614,68624,10
13.0065898895,80.245010376,68624,68634,10
13.0065803528,80.2447662354,68634,68644,10
13.0066003799,80.2445678711,68644,68654,10
13.0066099167,80.2443237305,68654,68664,10
13.0065898895,80.2441177368,68664,68674,10
13.0066003799,80.2438201904,68674,68704,30
13.0066003799,80.2438201904,68704,68715,11
13.0065803528,80.2432937622,68715,68725,10
13.0065402985,80.2430725098,68725,68735,10
13.006529808,80.2427597046,68735,68745,10
13.0065202713,80.2422180176,68745,68755,10
13.0065202713,80.2417221069,68755,68775,20
13.0065202713,80.2417221069,68775,68785,10
13.0065202713,80.2414398193,68785,68795,10
13.0065402985,80.2411193848,68795,68805,10
13.0066204071,80.2406768799,68805,68826,21
13.0066204071,80.2406768799,68826,68836,10
13.0067195892,80.2402572632,68836,68846,10
13.0068397522,80.2398605347,68846,68856,10
13.0068798065,80.2395706177,68856,68866,10
13.0069303513,80.2391662598,68866,68876,10
13.0069904327,80.238822937,68876,68886,10
13.0070495605,80.2385025024,68886,68896,10
13.0070800781,80.2381820679,68896,68906,10
13.0071897507,80.2377090454,68906,68916,10
13.0072803497,80.2373275757,68916,68926,10
13.0073204041,80.237159729,68926,68937,11
13.007349968,80.2368087769,68937,68967,30
13.007349968,80.2368087769,68967,68977,10
13.0074996948,80.2363510132,68977,68987,10
13.0075998306,80.2358398438,68987,68997,10
13.0076398849,80.2355804443,68997,69007,10
13.0076904297,80.2352905273,69007,69017,10
13.0077800751,80.2347564697,69017,69026,9
13.0079097748,80.2341308594,69026,69037,11
13.0080900192,80.2332611084,69037,69048,11
13.0082798004,80.2322692871,69048,69058,10
13.0084295273,80.2313690186,69058,69068,10
13.0085401535,80.2305831909,69068,69078,10
13.0087203979,80.229637146,69078,69087,9
13.0088796616,80.229019165,69087,69098,11
13.009059906,80.2281799316,69098,69108,10
13.0094203949,80.2273712158,69108,69118,10
13.0098104477,80.2266998291,69118,69128,10
13.0100698471,80.2262802124,69128,69138,10
13.0101995468,80.2259597778,69138,69148,10
13.0103597641,80.2256317139,69148,69169,21
13.0105400085,80.2252883911,69169,69219,50
13.0105400085,80.2252883911,69219,69229,10
13.0106601715,80.2249526978,69229,69239,10
13.0107297897,80.224861145,69239,69249,10
13.0108003616,80.2247161865,69249,69259,10
13.010890007,80.2244033813,69259,69270,11
13.0111198425,80.2239532471,69270,69280,10
13.0112800598,80.2235336304,69280,69290,10
13.0115203857,80.2231216431,69290,69300,10
13.0116701126,80.2225570679,69300,69310,10
13.0118503571,80.2217025757,69310,69320,10
13.0122404099,80.2215118408,69320,69330,10
13.0125904083,80.2218933105,69330,69340,10
13.0129899979,80.222442627,69340,69350,10
13.0134496689,80.2229537964,69350,69360,10
13.0140199661,80.2235794067,69360,69370,10
13.0144195557,80.2240829468,69370,69381,11
13.0149803162,80.224609375,69381,69391,10
13.0154800415,80.2250137329,69391,69431,40
13.0154800415,80.2250137329,69431,69441,10
13.0156297684,80.2249984741,69441,69451,10
13.0159502029,80.2252807617,69451,69461,10
13.0163698196,80.2253265381,69461,69471,10
13.0169401169,80.2251815796,69471,69481,10
13.0176801682,80.2249221802,69481,69492,11
13.0184497833,80.2246398926,69492,69502,10
13.0189304352,80.2244110107,69502,69512,10
13.0193004608,80.2243804932,69512,69522,10
13.0194997787,80.2244491577,69522,69532,10
13.0197601318,80.2245788574,69532,69562,30
13.0197601318,80.2245788574,69562,69572,10
13.0198202133,80.2246170044,69572,69582,10
13.0201501846,80.2248687744,69582,69592,10
13.0206203461,80.2252120972,69592,69603,11
13.0211601257,80.2256088257,69603,69613,10
13.0220403671,80.2262420654,69613,69643,30
13.0220403671,80.2262420654,69643,69653,10
13.0222501755,80.2264175415,69653,69663,10
13.022600174,80.2267379761,69663,69673,10
13.0230503082,80.227142334,69673,69683,10
13.0235004425,80.2275695801,69683,69693,10
13.0241699219,80.2282104492,69693,69734,41
13.0241699219,80.2282104492,69734,69744,10
13.0244102478,80.2285614014,69744,69814,70
13.0244102478,80.2285614014,69814,69825,11
13.0245895386,80.2288589478,69825,69835,10
13.024600029,80.2288665771,69835,69845,10
13.0247602463,80.2290878296,69845,69855,10
13.0248804092,80.2292785645,69855,69865,10
13.0252103806,80.2296981812,69865,69875,10
13.0257101059,80.2304000854,69875,69944,69
13.0257101059,80.2304000854,69944,69954,10
13.0256204605,80.2302322388,69954,69964,10
13.0256795883,80.2303771973,69964,69974,10
13.025850296,80.2307128906,69974,69984,10
13.0258903503,80.2309570313,69984,69994,10
13.0260000229,80.2313766479,69994,70004,10
13.0262403488,80.2313995361,70004,70024,20
13.0265903473,80.2312774658,70024,70075,51
13.0269498825,80.2311706543,70075,70125,50
13.0269498825,80.2311706543,70125,70135,10
13.0274496078,80.231048584,70135,70156,21
13.0277500153,80.2309799194,70156,70259,103
13.0277500153,80.2309799194,70259,70269,10
13.0282497406,80.2309494019,70269,70279,10
13.0287799835,80.2308883667,70279,70339,60
13.0287799835,80.2308883667,70339,70349,10
13.0291004181,80.2308731079,70349,70359,10
13.0292396545,80.2308731079,70359,70370,11
13.029589653,80.2308273315,70370,70380,10
13.0300703049,80.2307510376,70380,70400,20
13.0300703049,80.2307510376,70400,70410,10
13.0306301117,80.2307434082,70410,70420,10
13.0310401917,80.2306976318,70420,70430,10
13.0316400528,80.2306594849,70430,70440,10
13.0322198868,80.2306213379,70440,70450,10
13.0327196121,80.2305374146,70450,70460,10
13.0332603455,80.2305374146,70460,70470,10
13.0334396362,80.2305221558,70470,70481,11
13.0336799622,80.2304534912,70481,70501,20
13.0336799622,80.2304534912,70501,70511,10
13.0337295532,80.23046875,70511,70521,10
13.0338201523,80.2305603027,70521,70531,10
13.0338802338,80.2304382324,70531,70541,10
13.0341796875,80.2304229736,70541,70571,30
13.0341796875,80.2304229736,70571,70581,10
13.0345001221,80.230430603,70581,70592,11
13.0347795486,80.2303314209,70592,70612,20
13.0347795486,80.2303314209,70612,70622,10
13.0348596573,80.2300262451,70622,70672,50
13.0345401764,80.2300491333,70672,70975,303
13.0341901779,80.2300415039,70975,71318,343
13.0341901779,80.2300415039,71318,71328,10
13.0341396332,80.2304229736,71328,71338,10
13.0340595245,80.2305297852,71338,71349,11
13.0337600708,80.2303771973,71349,71359,10
13.0334701538,80.2303695679,71359,71369,10
13.0334396362,80.2303619385,71369,71379,10
13.0333299637,80.23046875,71379,71389,10
13.0329904556,80.230430603,71389,71399,10
13.0325498581,80.2304534912,71399,71409,10
13.0320501328,80.2305297852,71409,71419,10
13.0318202972,80.2305603027,71419,71429,10
13.031419754,80.2305831909,71429,71439,10
13.0308599472,80.2306365967,71439,71460,21
13.0308599472,80.2306365967,71460,71470,10
13.0307598114,80.2306976318,71470,71480,10
13.0304899216,80.23072052,71480,71490,10
13.029800415,80.2307815552,71490,71510,20
13.029800415,80.2307815552,71510,71520,10
13.0295000076,80.2308578491,71520,71530,10
13.0289001465,80.2308883667,71530,71540,10
13.0281400681,80.2309417725,71540,71550,10
13.0276403427,80.2310333252,71550,71560,10
13.0276403427,80.2315597534,71560,71571,11
13.0277204514,80.2321472168,71571,71581,10
13.0278100967,80.2326126099,71581,71591,10
13.0276098251,80.2328567505,71591,71601,10
13.0269002914,80.2329101563,71601,71661,60
13.0267801285,80.2330474854,71661,71682,21
13.0267801285,80.2330474854,71682,71692,10
13.0265903473,80.2330932617,71692,71712,20
13.0265903473,80.2330932617,71712,71722,10
13.026309967,80.2328796387,71722,71732,10
13.0262403488,80.2326812744,71732,71742,10
13.0262002945,80.2324905396,71742,71752,10
13.0262002945,80.232460022,71752,71762,10
13.0261297226,80.232093811,71762,71772,10
13.0260000229,80.2317276001,71772,71793,21
13.0260000229,80.2317276001,71793,71803,10
13.0259199142,80.2315597534,71803,71813,10
13.0258598328,80.2312011719,71813,71823,10
13.0257301331,80.230758667,71823,71833,10
13.0253696442,80.2301025391,71833,71843,10
13.0249004364,80.2295227051,71843,71853,10
13.0247402191,80.2293395996,71853,71863,10
13.024479866,80.2289962769,71863,71873,10
13.0241203308,80.2285308838,71873,71904,31
13.0241203308,80.2285308838,71904,71914,10
13.0239896774,80.2283401489,71914,71924,10
13.0237798691,80.2280578613,71924,71934,10
13.0235795975,80.2278518677,71934,71944,10
13.0233697891,80.2276535034,71944,71954,10
13.0231599808,80.2274627686,71954,71964,10
13.0227298737,80.2269973755,71964,71974,10
13.0221395493,80.2264633179,71974,71975,1
13.0220804214,80.2264099121,71975,72015,40
13.020190239,80.2249832153,72015,72025,10
13.0195398331,80.2245635986,72025,72035,10
13.018699646,80.2245178223,72035,72045,10
13.0178203583,80.2249298096,72045,72055,10
13.0170297623,80.2252578735,72055,72065,10
13.0166397095,80.225440979,72065,72075,10
13.0163803101,80.2255325317,72075,72085,10
13.0160198212,80.2256393433,72085,72096,11
13.0154800415,80.2258071899,72096,72112,16
13.014749527,80.2260894775,72112,72122,10
13.01445961,80.2262191772,72122,72143,21
13.01445961,80.2262191772,72143,72153,10
13.014289856,80.2262573242,72153,72163,10
13.0142297745,80.2262802124,72163,72173,10
13.0141000748,80.2263183594,72173,72183,10
13.0136499405,80.2264862061,72183,72193,10
13.0130796432,80.2267303467,72193,72203,10
13.0124702454,80.2269897461,72203,72224,21
13.0111303329,80.2275238037,72224,72236,12
13.0101995468,80.2278823853,72236,72247,11
13.0095996857,80.2281036377,72247,72257,10
13.0090703964,80.2286987305,72257,72267,10
13.008890152,80.229598999,72267,72277,10
13.0086898804,80.2306594849,72277,72287,10
13.008480072,80.2318191528,72287,72297,10
13.0082798004,80.2328567505,72297,72306,9
13.0081996918,80.233543396,72306,72317,11
13.0081996918,80.2335510254,72317,72327,10
13.008099556,80.2338180542,72327,72338,11
13.0079603195,80.2344589233,72338,72349,11
13.0077800751,80.2353515625,72349,72359,10
13.007610321,80.2362518311,72359,72368,9
13.007519722,80.2367477417,72368,72379,11
13.0074100494,80.2372665405,72379,72389,10
13.0072803497,80.2378234863,72389,72399,10
13.0071897507,80.23828125,72399,72409,10
13.0070295334,80.2390136719,72409,72419,10
13.0069198608,80.2397232056,72419,72429,10
13.0068502426,80.2400436401,72429,72520,91
13.0068502426,80.2400436401,72520,72530,10
13.0068597794,80.2401580811,72530,72540,10
13.0067796707,80.2406463623,72540,72560,20
13.0067796707,80.2406463623,72560,72571,11
13.0066604614,80.2411499023,72571,72581,10
13.0066204071,80.2418670654,72581,72591,10
13.0066299438,80.2426605225,72591,72601,10
13.0065803528,80.2434921265,72601,72611,10
13.0066003799,80.2444229126,72611,72621,10
13.0066099167,80.2449874878,72621,72631,10
13.0066299438,80.2453384399,72631,72641,10
13.0066404343,80.2456970215,72641,72651,10
13.0066604614,80.2462387085,72651,72661,10
13.0066795349,80.2467422485,72661,72671,10
13.0066900253,80.2473983765,72671,72682,11
13.0066795349,80.248298645,72682,72692,10
13.0067396164,80.2490005493,72692,72702,10
13.0068302155,80.2496032715,72702,72722,20
13.0068302155,80.2496032715,72722,72732,10
13.0068702698,80.2497634888,72732,72742,10
13.0067901611,80.2503128052,72742,72752,10
13.0067596436,80.251083374,72752,72762,10
13.0066604614,80.2518463135,72762,72772,10
13.0065202713,80.2526321411,72772,72783,11
13.0065097809,80.2533874512,72783,72793,10
13.0065202713,80.2542572021,72793,72803,10
13.0065603256,80.2547912598,72803,72813,10
13.0065402985,80.2553024292,72813,72823,10
13.0065803528,80.256149292,72823,72833,10
13.0065698624,80.2569732666,72833,72843,10
13.0066299438,80.2573776245,72843,72924,81
13.0066299438,80.2573776245,72924,72934,10
13.0067100525,80.25756073,72934,72944,10
13.0069704056,80.2580871582,72944,72954,10
13.0073003769,80.2585220337,72954,72964,10
13.0076303482,80.2586669922,72964,72974,10
13.0076503754,80.258682251,72974,72984,10
13.0077400208,80.2587127686,72984,72994,10
13.0081195831,80.2588577271,72994,73005,11
13.0083303452,80.2589416504,73005,73015,10
13.0087299347,80.2590637207,73015,73025,10
13.0093603134,80.2590866089,73025,73035,10
13.0101995468,80.2591171265,73035,73045,10
13.0111398697,80.2591094971,73045,73055,10
13.012169838,80.2591171265,73055,73065,10
13.0132799149,80.2591629028,73065,73075,10
13.0144195557,80.2592163086,73075,73085,10
13.0154895782,80.2593231201,73085,73095,10
13.016289711,80.2596511841,73095,73126,31
13.016289711,80.2596511841,73126,73136,10
13.0164299011,80.2598571777,73136,73146,10
13.0167798996,80.2600784302,73146,73156,10
13.0172901154,80.2604064941,73156,73166,10
13.0179004669,80.2608184814,73166,73176,10
13.0184497833,80.2611923218,73176,73186,10
13.0189695358,80.2616271973,73186,73196,10
13.0194501877,80.2620010376,73196,73206,10
13.0197601318,80.2623519897,73206,73216,10
13.0201702118,80.2627105713,73216,73227,11
13.0201797485,80.2627334595,73227,73237,10
13.0205402374,80.2628936768,73237,73247,10
13.0211601257,80.2630767822,73247,73257,10
13.0216598511,80.2632293701,73257,73267,10
13.0219497681,80.263343811,73267,73277,10
13.0221700668,80.2634506226,73277,73287,10
13.0222101212,80.2634735107,73287,73297,10
13.0223999023,80.2635803223,73297,73307,10
13.0228204727,80.2637405396,73307,73326,19
13.0228204727,80.2637405396,73326,73338,12
13.0233001709,80.2640914917,73338,73348,10
13.0239095688,80.2644271851,73348,73368,20
13.0239095688,80.2644271851,73368,73378,10
13.0241098404,80.264541626,73378,73388,10
13.0244503021,80.2648162842,73388,73398,10
13.0248403549,80.2651290894,73398,73408,10
13.0252304077,80.2654037476,73408,73418,10
13.025639534,80.2656784058,73418,73428,10
13.02602005,80.2658615112,73428,73459,31
13.02602005,80.2658615112,73459,73469,10
13.026260376,80.26587677,73469,73479,10
13.0263004303,80.2655410767,73479,73489,10
13.0263700485,80.2649765015,73489,73499,10
13.0264902115,80.2640228271,73499,73539,40
13.0264902115,80.2640228271,73539,73549,10
13.0265398026,80.2637329102,73549,73560,11
13.0266199112,80.263458252,73560,73570,10
13.0268697739,80.2634429932,73570,73580,10
13.0271596909,80.2634429932,73580,73590,10
13.0275802612,80.2636108398,73590,73600,10
13.0280599594,80.2637481689,73600,73620,20
13.0280599594,80.2637481689,73620,73630,10
13.0285100937,80.2638778687,73630,73640,10
13.0285902023,80.2638931274,73640,73650,10
13.0290603638,80.263999939,73650,73661,11
13.0291595459,80.2643432617,73661,73671,10
13.0291795731,80.2648925781,73671,73680,9
13.0291795731,80.2654418945,73680,73691,11
13.0292100906,80.2660522461,73691,73710,19
13.0292100906,80.2660522461,73710,73721,11
13.0291204453,80.2664031982,73721,73741,20
13.0291204453,80.2664031982,73741,73751,10
13.0293998718,80.2665863037,73751,73761,10
13.0296001434,80.2666015625,73761,73772,11
13.029999733,80.2666625977,73772,73782,10
13.030500412,80.2667236328,73782,73792,10
13.0308904648,80.2667770386,73792,73802,10
13.031419754,80.2670135498,73802,73812,10
13.0318698883,80.2672195435,73812,73822,10
13.0323200226,80.2674179077,73822,73832,10
13.0325899124,80.267539978,73832,73842,10
13.0329399109,80.2677383423,73842,73852,10
13.0335702896,80.2678985596,73852,73913,61
13.0335702896,80.2678985596,73913,73923,10
13.0338602066,80.2680206299,73923,73933,10
13.0343704224,80.2680282593,73933,73983,50
13.0343704224,80.2680282593,73983,73994,11
13.0342903137,80.268081665,73994,74004,10
13.0340099335,80.2680435181,74004,74014,10
13.033780098,80.2679672241,74014,74024,10
13.0333995819,80.267906189,74024,74094,70
13.0331096649,80.2677688599,74094,74185,91
13.0331096649,80.2677688599,74185,74195,10
13.0331602097,80.2677764893,74195,74660,465
13.0331602097,80.2677764893,74660,74670,10
13.0328798294,80.2677307129,74670,74680,10
13.0326700211,80.267616272,74680,74690,10
13.0324401855,80.2675476074,74690,74700,10
13.03221035,80.2673492432,74700,74710,10
13.0319099426,80.2671813965,74710,74720,10
13.0316495895,80.2670211792,74720,74730,10
13.031370163,80.2669067383,74730,74740,10
13.0308904648,80.2667694092,74740,74750,10
13.0300502777,80.2666931152,74750,74769,19
13.0300502777,80.2666931152,74769,74781,12
13.029589653,80.2666091919,74781,74791,10
13.0293397903,80.2664871216,74791,74801,10
13.0289897919,80.2664108276,74801,74811,10
13.0286502838,80.2662887573,74811,74821,10
13.0282297134,80.266242981,74821,74831,10
13.0279102325,80.2661437988,74831,74841,10
13.0274600983,80.2660980225,74841,74851,10
13.0268297195,80.2660369873,74851,74862,11
13.0262203217,80.265838623,74862,74871,9
13.0258398056,80.2656402588,74871,74882,11
13.0255002975,80.2654418945,74882,74902,20
13.0255002975,80.2654418945,74902,74912,10
13.0251703262,80.2652664185,74912,74922,10
13.0249900818,80.2650909424,74922,74932,10
13.0247001648,80.2647781372,74932,74942,10
13.0242204666,80.2643814087,74942,74952,10
13.0237197876,80.2641830444,74952,74962,10
13.023059845,80.2638397217,74962,74973,11
13.0223398209,80.2635192871,74973,74993,20
13.0223398209,80.2635192871,74993,75003,10
13.0219802856,80.263343811,75003,75013,10
13.0216598511,80.2631835938,75013,75023,10
13.0209703445,80.2630004883,75023,75032,9
13.020409584,80.2630233765,75032,75042,10
13.0198097229,80.2629776001,75042,75053,11
13.0191698074,80.2629013062,75053,75063,10
13.0189504623,80.2623977661,75063,75073,10
13.0188398361,80.2618179321,75073,75084,11
13.0186100006,80.2612991333,75084,75094,10
13.0181102753,80.2609634399,75094,75104,10
13.0175695419,80.2605895996,75104,75114,10
13.0170097351,80.2602233887,75114,75124,10
13.0163602829,80.259803772,75124,75134,10
13.0160703659,80.2596588135,75134,75144,10
13.015879631,80.259552002,75144,75154,10
13.0152702332,80.2593612671,75154,75164,10
13.0144500732,80.2592926025,75164,75174,10
13.0135402679,80.2592773438,75174,75184,10
13.0126304626,80.259262085,75184,75195,11
13.0116596222,80.2592163086,75195,75205,10
13.01101017,80.2592086792,75205,75215,10
13.0102996826,80.2592697144,75215,75225,10
13.0098199844,80.2593002319,75225,75241,16
13.0093002319,80.259262085,75241,75253,12
13.0089797974,80.259262085,75253,75261,8
13.0087003708,80.2592468262,75261,75273,12
13.0082798004,80.2592391968,75273,75283,10
13.007519722,80.259437561,75283,75293,10
13.0072402954,80.2589874268,75293,75304,11
13.0071401596,80.2587585449,75304,75314,10
13.0070199966,80.2584381104,75314,75324,10
13.0068101883,80.2580718994,75324,75334,10
13.0066204071,80.2577590942,75334,75354,20
13.0066204071,80.2577590942,75354,75364,10
13.0063400269,80.2576217651,75364,75394,30
13.0061903,80.2576599121,75394,75425,31
13.0063400269,80.2575378418,75425,75465,40
13.0063400269,80.2575378418,75465,75475,10
13.0063896179,80.257232666,75475,75485,10
13.0064401627,80.2569503784,75485,75495,10
13.0064401627,80.2566375732,75495,75505,10
13.0064296722,80.2561264038,75505,75515,10
13.0064401627,80.255607605,75515,75526,11
13.0064401627,80.255317688,75526,75536,10
13.0064601898,80.2548675537,75536,75546,10
13.0064401627,80.2542266846,75546,75556,10
13.0064201355,80.2537307739,75556,75566,10
13.0064001083,80.2533187866,75566,75596,30
13.0064001083,80.2533187866,75596,75606,10
13.0064496994,80.2531204224,75606,75616,10
13.0064401627,80.2528610229,75616,75626,10
13.0064296722,80.2525863647,75626,75637,11
13.0065002441,80.2520904541,75637,75735,98
13.0065002441,80.2520904541,75735,75745,10
13.006649971,80.2518997192,75745,75756,11
13.0066900253,80.2514724731,75756,75766,10
13.0066900253,80.2508392334,75766,75776,10
13.0066699982,80.2500686646,75776,75786,10
13.0066404343,80.2492980957,75786,75796,10
13.0065898895,80.248588562,75796,75806,10
13.0065402985,80.2480392456,75806,75816,10
13.006529808,80.2477874756,75816,75887,71
13.006529808,80.2477874756,75887,75897,10
13.0065202713,80.2474822998,75897,75907,10
13.0065402985,80.2470932007,75907,75917,10
13.0065002441,80.2467422485,75917,75927,10
13.006480217,80.2465667725,75927,75937,10
13.0065202713,80.2463531494,75937,75947,10
13.0065202713,80.2457275391,75947,75957,10
13.0065002441,80.2450637817,75957,75968,11
13.0064897537,80.2443237305,75968,75978,10
13.0064697266,80.2436828613,75978,75988,10
13.0064601898,80.2431182861,75988,75998,10
13.0064401627,80.2423782349,75998,76008,10
13.0064401627,80.2416534424,76008,76018,10
13.0065202713,80.2409591675,76018,76028,10
13.0066699982,80.2402267456,76028,76038,10
13.006819725,80.2395401001,76038,76048,10
13.0069704056,80.2387008667,76048,76058,10
13.0071201324,80.2379837036,76058,76068,10
13.0072498322,80.2373809814,76068,76079,11
13.0073204041,80.2367706299,76079,76089,10
13.0073699951,80.2366333008,76089,76099,10
13.0074701309,80.2361907959,76099,76109,10
13.0075798035,80.2356109619,76109,76119,10
13.0076704025,80.2351608276,76119,76129,10
13.007809639,80.2345275879,76129,76139,10
13.0079898834,80.2336730957,76139,76149,10
13.0081796646,80.2326812744,76149,76159,10
13.0083904266,80.2316665649,76159,76169,10
13.008600235,80.2305831909,76169,76180,11
13.0088396072,80.229347229,76180,76190,10
13.009059906,80.2282791138,76190,76200,10
13.0094203949,80.2274017334,76200,76210,10
13.0098400116,80.2265319824,76210,76220,10
13.010219574,80.2257385254,76220,76230,10
13.0104703903,80.2252120972,76230,76240,10
13.0106697083,80.2247695923,76240,76250,10
13.0109901428,80.2240066528,76250,76260,10
13.0114297867,80.2230606079,76260,76270,10
13.0116500854,80.2223205566,76270,76280,10
13.0119600296,80.2217712402,76280,76291,11
13.0123796463,80.2219390869,76291,76301,10
13.0129499435,80.2226104736,76301,76311,10
13.0136899948,80.2233810425,76311,76321,10
13.0141801834,80.2239532471,76321,76331,10
13.0148200989,80.2246627808,76331,76341,10
13.0152301788,80.2249832153,76341,76361,20
13.0152301788,80.2249832153,76361,76371,10
13.015370369,80.2250289917,76371,76381,10
13.0156497955,80.2252807617,76381,76391,10
13.0161504745,80.2254333496,76391,76402,11
13.0170202255,80.225189209,76402,76412,10
13.017829895,80.2248382568,76412,76422,10
13.0186395645,80.2245178223,76422,76432,10
13.0193901062,80.2245025635,76432,76442,10
13.0201396942,80.2249526978,76442,76452,10
13.0206899643,80.2253189087,76452,76462,10
13.0210504532,80.2256011963,76462,76472,10
13.0214796066,80.2259292603,76472,76482,10
13.0218801498,80.2262191772,76482,76492,10
13.021900177,80.2262420654,76492,76502,10
13.0221204758,80.2264785767,76502,76513,11
13.0226402283,80.2269821167,76513,76523,10
13.0233001709,80.2275695801,76523,76533,10
13.0238103867,80.2280883789,76533,76543,10
13.0242395401,80.2285766602,76543,76553,10
13.0246095657,80.2291107178,76553,76563,10
13.0251102448,80.2297821045,76563,76573,10
13.025560379,80.2304000854,76573,76583,10
13.025759697,80.2307662964,76583,76593,10
13.0259504318,80.2311019897,76593,76603,10
13.02602005,80.2314224243,76603,76613,10
13.0263395309,80.2313613892,76613,76630,17
13.0275602341,80.2310714722,76630,76642,12
13.0283298492,80.2309570313,76642,76652,10
13.0284500122,80.2309494019,76652,76662,10
13.0285596848,80.2309494019,76662,76671,9
13.0289497375,80.2309112549,76671,76682,11
13.029419899,80.2308578491,76682,76692,10
13.0297002792,80.2308273315,76692,76702,10
13.0301399231,80.2307891846,76702,76712,10
13.0305204391,80.230758667,76712,76723,11
13.0306301117,80.230758667,76723,76734,11
13.0307197571,80.230758667,76734,76745,11
13.031129837,80.2307128906,76745,76755,10
13.0316495895,80.2306594849,76755,76765,10
13.0322198868,80.2306213379,76765,76775,10
13.0328903198,80.2305679321,76775,76785,10
13.0334100723,80.230506897,76785,76795,10
13.0339403152,80.2304382324,76795,76805,10
13.0341396332,80.2304534912,76805,76815,10
13.0345697403,80.2303619385,76815,76825,10
13.0349597931,80.2302017212,76825,76856,31
13.0349597931,80.2302017212,76856,76866,10
13.0350799561,80.2299423218,76866,76886,20
13.0350799561,80.2299423218,76886,76896,10
13.0346002579,80.2297897339,76896,76926,30
13.0342102051,80.2298202515,76926,76957,31
13.0342102051,80.2298202515,76957,76967,10
13.0341396332,80.2302093506,76967,77098,131
13.0342998505,80.2303314209,77098,77512,414
13.0340595245,80.2301635742,77512,77552,40
13.0340595245,80.2301635742,77552,77562,10
13.034070015,80.2304000854,77562,77603,41
13.034070015,80.2304000854,77603,77613,10
13.0339097977,80.2305908203,77613,77623,10
13.033659935,80.2304992676,77623,77633,10
13.0334997177,80.2305221558,77633,77643,10
13.0332803726,80.2305221558,77643,77653,10
13.0329198837,80.2305297852,77653,77662,9
13.0323600769,80.2305908203,77662,77673,11
13.0318002701,80.2306518555,77673,77682,9
13.0312204361,80.2306594849,77682,77693,11
13.0306396484,80.23072052,77693,77703,10
13.0301704407,80.230758667,77703,77713,10
13.0298404694,80.2308273315,77713,77723,10
13.0297298431,80.2308425903,77723,77734,11
13.0294799805,80.2308807373,77734,77744,10
13.0290002823,80.2309417725,77744,77754,10
13.0284500122,80.2309570313,77754,77764,10
13.0279197693,80.2309494019,77764,77774,10
13.0277299881,80.2312927246,77774,77784,10
13.0277204514,80.2318496704,77784,77794,10
13.0277500153,80.2323989868,77794,77804,10
13.0277204514,80.2328414917,77804,77814,10
13.0270700455,80.2329483032,77814,77855,41
13.0268497467,80.2329864502,77855,77875,20
13.0268497467,80.2329864502,77875,77885,10
13.0265798569,80.2330322266,77885,77895,10
13.0263500214,80.2329025269,77895,77905,10
13.0261602402,80.2323608398,77905,77915,10
13.0260696411,80.2319107056,77915,77925,10
13.0260601044,80.2317733765,77925,77936,11
13.0259799957,80.2315368652,77936,77946,10
13.0258903503,80.2311172485,77946,77956,10
13.0256595612,80.2304992676,77956,77966,10
13.0252799988,80.2299118042,77966,77976,10
13.0248699188,80.2293624878,77976,77986,10
13.0244398117,80.2288284302,77986,77996,10
13.0239095688,80.2282333374,77996,78016,20
13.0239095688,80.2282333374,78016,78026,10
13.0237102509,80.2279586792,78026,78036,10
13.0233297348,80.2276229858,78036,78047,11
13.0230998993,80.2273635864,78047,78057,10
13.0226297379,80.2269592285,78057,78067,10
13.0220899582,80.2264862061,78067,78077,10
13.0215396881,80.2260513306,78077,78087,10
13.0209903717,80.2256164551,78087,78097,10
13.0204496384,80.2252120972,78097,78107,10
13.0197896957,80.2247695923,78107,78117,10
13.018989563,80.2244720459,78117,78127,10
13.0180597305,80.2248382568,78127,78137,10
13.0171604156,80.2252731323,78137,78147,10
13.0164604187,80.2255325317,78147,78158,11
13.01583004,80.2257232666,78158,78174,16
13.0148696899,80.2260665894,78174,78186,12
13.014289856,80.2262573242,78186,78196,10
13.0140695572,80.2263793945,78196,78206,10
13.0140600204,80.2263793945,78206,78216,10
13.013879776,80.2264633179,78216,78226,10
13.0132799149,80.2266998291,78226,78236,10
13.0125999451,80.2269592285,78236,78246,10
13.011879921,80.2272262573,78246,78256,10
13.0111303329,80.2275238037,78256,78267,11
13.0102300644,80.2278671265,78267,78277,10
13.0094003677,80.2282409668,78277,78287,10
13.0090398788,80.2289276123,78287,78297,10
13.0088300705,80.229927063,78297,78307,10
13.0086202621,80.2309875488,78307,78317,10
13.0084104538,80.2320632935,78317,78327,10
13.0082197189,80.233039856,78327,78336,9
13.008190155,80.2335510254,78336,78347,11
13.0081796646,80.233581543,78347,78357,10
13.0080795288,80.2339477539,78357,78367,10
13.0079498291,80.2344894409,78367,78378,11
13.0078601837,80.234916687,78378,78388,10
13.0077295303,80.2353973389,78388,78398,10
13.0075798035,80.2361526489,78398,78408,10
13.0074195862,80.2370300293,78408,78418,10
13.007229805,80.237953186,78418,78428,10
13.0071001053,80.2387237549,78428,78438,10
13.006939888,80.2394790649,78438,78448,10
13.0068597794,80.2401580811,78448,78489,41
13.0068597794,80.2401580811,78489,78499,10
13.0069503784,80.2402801514,78499,78509,10
13.0068302155,80.2407608032,78509,78519,10
13.0067596436,80.2409362793,78519,78529,10
13.0066795349,80.2416305542,78529,78539,10
13.0066604614,80.2425918579,78539,78549,10
13.0066003799,80.2433776855,78549,78559,10
13.0065698624,80.2442169189,78559,78569,10
13.0065698624,80.2446212769,78569,78579,10
13.0065803528,80.2449188232,78579,78589,10
13.0066099167,80.2454376221,78589,78600,11
13.0066299438,80.2456665039,78600,78610,10
13.006649971,80.2459411621,78610,78640,30
13.006649971,80.2459411621,78640,78650,10
13.0066299438,80.2462310791,78650,78660,10
13.0066604614,80.2465667725,78660,78670,10
13.0066699982,80.2468414307,78670,78680,10
13.0066900253,80.2472305298,78680,78690,10
13.0066604614,80.2476882935,78690,78700,10
13.006649971,80.2484436035,78700,78711,11
13.006770134,80.2493362427,78711,78721,10
13.0067901611,80.2496032715,78721,78731,10
13.0067996979,80.2497787476,78731,78741,10
13.0067501068,80.2503204346,78741,78751,10
13.0067501068,80.2509765625,78751,78761,10
13.0066795349,80.2516403198,78761,78771,10
13.006529808,80.252281189,78771,78781,10
13.0065002441,80.253036499,78781,78791,10
13.0064897537,80.253868103,78791,78801,10
13.0065202713,80.2546081543,78801,78811,10
13.0065202713,80.2551116943,78811,78822,11
13.0065402985,80.255859375,78822,78832,10
13.0065097809,80.2564468384,78832,78842,10
13.006529808,80.2569885254,78842,78852,10
13.0065498352,80.2571182251,78852,78862,10
13.0066099167,80.2575073242,78862,78872,10
13.0068902969,80.2580795288,78872,78882,10
13.0076503754,80.258682251,78882,78902,20
13.0076503754,80.258682251,78902,78912,10
13.0080404282,80.2588577271,78912,78922,10
13.0087795258,80.2590866089,78922,78933,11
13.0095300674,80.2590789795,78933,78943,10
13.0102996826,80.2590866089,78943,78953,10
13.0110902786,80.2590789795,78953,78963,10
13.0119895935,80.2591018677,78963,78973,10
13.0130996704,80.2591400146,78973,78983,10
13.0142602921,80.2592010498,78983,78993,10
13.0153398514,80.2592697144,78993,79003,10
13.0161600113,80.2595367432,79003,79013,10
13.0163202286,80.2596817017,79013,79023,10
13.0164299011,80.259803772,79023,79033,10
13.0168504715,80.2601318359,79033,79044,11
13.0175504684,80.2606124878,79044,79054,10
13.0181598663,80.2610168457,79054,79064,10
13.0187397003,80.2614593506,79064,79074,10
13.0193195343,80.2619171143,79074,79084,10
13.0200796127,80.2626419067,79084,79104,20
13.0200796127,80.2626419067,79104,79114,10
13.0201597214,80.2627792358,79114,79124,10
13.0206203461,80.2629318237,79124,79134,10
13.0212802887,80.2631072998,79134,79145,11
13.0219202042,80.2633666992,79145,79155,10
13.0221996307,80.2635116577,79155,79165,10
13.0226602554,80.2637786865,79165,79175,10
13.0234003067,80.2641830444,79175,79185,10
13.0241699219,80.2645874023,79185,79195,10
13.0246601105,80.2649612427,79195,79205,10
13.0251502991,80.2653198242,79205,79215,10
13.0257301331,80.2656707764,79215,79225,10
13.0261802673,80.2658996582,79225,79235,10
13.0262699127,80.2656021118,79235,79252,17
13.0263595581,80.2648468018,79252,79264,12
13.0264196396,80.2641983032,79264,79274,10
13.0264396667,80.263961792,79274,79284,10
13.0263500214,80.2639083862,79284,79294,10
13.0264396667,80.2634887695,79294,79304,10
13.0268201828,80.2633972168,79304,79314,10
13.0273799896,80.2635421753,79314,79323,9
13.0277996063,80.263671875,79323,79334,11
13.0282497406,80.2638092041,79334,79344,10
13.0284004211,80.2638702393,79344,79355,11
13.0289802551,80.2640075684,79355,79366,11
13.0292596817,80.2641601563,79366,79376,10
13.0292596817,80.2645263672,79376,79386,10
13.0292596817,80.2650985718,79386,79396,10
13.029299736,80.2659835815,79396,79416,20
13.029299736,80.2659835815,79416,79426,10
13.0291900635,80.2662811279,79426,79436,10
13.029299736,80.2665405273,79436,79446,10
13.029800415,80.2666397095,79446,79456,10
13.030380249,80.2667236328,79456,79466,10
13.0309400558,80.2668075562,79466,79477,11
13.0315103531,80.2670288086,79477,79487,10
13.0320501328,80.2672805786,79487,79497,10
13.0325403214,80.267578125,79497,79507,10
13.0334300995,80.2678375244,79507,79527,20
13.0334300995,80.2678375244,79527,79537,10
13.0335597992,80.2678833008,79537,79547,10
13.0338497162,80.2679595947,79547,79557,10
13.0345001221,80.2680282593,79557,79588,31
13.0345001221,80.2680282593,79588,79598,10
13.0345201492,80.2682037354,79598,79608,10
13.0344200134,80.268157959,79608,79618,10
13.034239769,80.2680511475,79618,79628,10
13.0340995789,80.2680282593,79628,79638,10
13.0335903168,80.2679367065,79638,79789,151
13.0335903168,80.2679367065,79789,79800,11
13.0333404541,80.2678527832,79800,79810,10
13.0326795578,80.2676467896,79810,79840,30
13.0326795578,80.2676467896,79840,79850,10
13.0319900513,80.2671966553,79850,79860,10
13.0316400528,80.2670593262,79860,79870,10
13.0311403275,80.2668609619,79870,79880,10
13.0305099487,80.2667236328,79880,79890,10
13.0298900604,80.2666015625,79890,79900,10
13.0297298431,80.2666015625,79900,79911,11
13.0295801163,80.2666015625,79911,79921,10
13.0292196274,80.2665176392,79921,79931,10
13.0288600922,80.2664031982,79931,79941,10
13.0285196304,80.2663269043,79941,79951,10
13.0281400681,80.2662506104,79951,79961,10
13.0276403427,80.2661590576,79961,79971,10
13.0271100998,80.2660980225,79971,79981,10
13.0267400742,80.2660293579,79981,79991,10
13.026260376,80.2659225464,79991,80001,10
13.0258703232,80.2657623291,80001,80011,10
13.0253601074,80.2654266357,80011,80022,11
13.0252399445,80.26537323,80022,80032,10
13.0249795914,80.2651824951,80032,80042,10
13.0245599747,80.2648620605,80042,80052,10
13.024020195,80.2644577026,80052,80062,10
13.0234003067,80.2641220093,80062,80072,10
13.0227804184,80.2637634277,80072,80082,10
13.0219297409,80.263343811,80082,80102,20
13.0219297409,80.263343811,80102,80112,10
13.0217199326,80.2632827759,80112,80122,10
13.0211896896,80.2630767822,80122,80133,11
13.0204496384,80.2630233765,80133,80143,10
13.0198497772,80.2629699707,80143,80153,10
13.019200325,80.2629165649,80153,80163,10
13.0188503265,80.2626495361,80163,80173,10
13.0187397003,80.2619400024,80173,80183,10
13.0186004639,80.2614364624,80183,80193,10
13.0186500549,80.2613067627,80193,80203,10
13.018529892,80.2612228394,80203,80213,10
13.0180501938,80.2609710693,80213,80223,10
13.0175104141,80.260597229,80223,80233,10
13.0168399811,80.2601470947,80233,80244,11
13.015999794,80.2596969604,80244,80264,20
13.015999794,80.2596969604,80264,80274,10
13.0157699585,80.2596206665,80274,80284,10
13.0152101517,80.259437561,80284,80294,10
13.0145196915,80.2593536377,80294,80304,10
13.0137395859,80.2593231201,80304,80314,10
13.0128002167,80.2592468262,80314,80324,10
13.0118398666,80.2592010498,80324,80334,10
13.0112199783,80.2592010498,80334,80351,17
13.0099697113,80.2592391968,80351,80363,12
13.009059906,80.2592010498,80363,80373,10
13.0086297989,80.2591781616,80373,80383,10
13.0082397461,80.2591781616,80383,80393,10
13.0076704025,80.2592773438,80393,80403,10
13.0072698593,80.2590332031,80403,80412,9
13.0071201324,80.2586975098,80412,80422,10
13.0070295334,80.2584991455,80422,80433,11
13.0064496994,80.2576370239,80433,80554,121
13.0064496994,80.2576370239,80554,80564,10
13.0065002441,80.25730896,80564,80575,11
13.0064897537,80.2566833496,80575,80585,10
13.006480217,80.2557678223,80585,80586,1
13.006480217,80.2556610107,80586,80587,1
13.006480217,80.2555618286,80587,80638,51
13.0065202713,80.2531661987,80638,80668,30
13.0065202713,80.2531661987,80668,80679,11
13.006480217,80.2530212402,80679,80689,10
13.006480217,80.2525863647,80689,80741,52
13.006480217,80.2525863647,80741,80751,10
13.0065002441,80.2525024414,80751,80761,10
13.0065603256,80.2520599365,80761,80812,51
13.0065603256,80.2520599365,80812,80822,10
13.0067501068,80.2518768311,80822,80832,10
13.0067901611,80.2514801025,80832,80842,10
13.0068302155,80.2506866455,80842,80852,10
13.0067901611,80.2496490479,80852,80862,10
13.0067100525,80.2487411499,80862,80872,10
13.0066099167,80.2478637695,80872,80903,31
13.0066099167,80.2478637695,80903,80913,10
13.0065898895,80.2476882935,80913,80923,10
13.0066099167,80.247177124,80923,80933,10
13.006529808,80.2466888428,80933,80943,10
13.0065202713,80.2465896606,80943,80953,10
13.0066299438,80.2461929321,80953,80963,10
13.0066404343,80.2456436157,80963,80973,10
13.0066204071,80.2450180054,80973,80983,10
13.0066299438,80.2443771362,80983,80992,9
13.0066099167,80.2436523438,80992,81003,11
13.0065698624,80.2427978516,81003,81014,11
13.0065498352,80.2417678833,81014,81024,10
13.0066604614,80.2407073975,81024,81034,10
13.0067796707,80.2400512695,81034,81044,10
13.0069599152,80.2393112183,81044,81054,10
13.0071496964,80.23828125,81054,81064,10
13.007399559,80.2368011475,81064,81084,20
13.007399559,80.2368011475,81084,81094,10
13.0074300766,80.2366714478,81094,81104,10
13.0075702667,80.2361221313,81104,81115,11
13.0077495575,80.2352218628,81115,81125,10
13.0079402924,80.2342987061,81125,81135,10
13.0081701279,80.2332229614,81135,81145,10
13.0084199905,80.2319869995,81145,81155,10
13.0086898804,80.2306594849,81155,81165,10
13.0089101791,80.2295379639,81165,81175,10
13.0092000961,80.2281494141,81175,81185,10
13.0095996857,80.2272109985,81185,81195,10
13.0100603104,80.2262420654,81195,81205,10
13.0104799271,80.2253417969,81205,81215,10
13.0108604431,80.2244491577,81215,81225,10
13.0112800598,80.2234268188,81225,81236,11
13.0117301941,80.222366333,81236,81246,10
13.0121097565,80.2214126587,81246,81256,10
13.0124597549,80.2215270996,81256,81266,10
13.0129299164,80.2222213745,81266,81276,10
13.013469696,80.2228775024,81276,81286,10
13.0140800476,80.2236480713,81286,81296,10
13.0145702362,80.2241897583,81296,81306,10
13.0151100159,80.2247467041,81306,81316,10
13.01541996,80.2249984741,81316,81326,10
13.0154895782,80.2249984741,81326,81337,11
13.0158596039,80.2252883911,81337,81347,10
13.0166301727,80.2252807617,81347,81357,10
13.017539978,80.2249221802,81357,81367,10
13.0184402466,80.2245635986,81367,81377,10
13.0192604065,80.2243881226,81377,81387,10
13.0200004578,80.2247161865,81387,81397,10
13.0207195282,80.2252578735,81397,81407,10
13.0213899612,80.2257995605,81407,81417,10
13.0220403671,80.2262573242,81417,81437,20
13.0220403671,80.2262573242,81437,81448,11
13.022310257,80.2265701294,81448,81458,10
13.0228900909,80.2270736694,81458,81468,10
13.0235099792,80.2276535034,81468,81478,10
13.0241298676,80.2282409668,81478,81488,10
13.0243797302,80.2285308838,81488,81498,10
13.024720192,80.2290420532,81498,81508,10
13.0253000259,80.2297821045,81508,81518,10
13.0257701874,80.2304992676,81518,81527,9
13.0259399414,80.2309799194,81527,81538,11
13.0262203217,80.231338501,81538,81548,10
13.0269699097,80.2311477661,81548,81559,11
13.0277996063,80.2309494019,81559,81569,10
13.0281400681,80.2308807373,81569,81579,10
13.0284996033,80.2308197021,81579,81589,10
13.0291595459,80.2307434082,81589,81599,10
13.0296602249,80.2307434082,81599,81609,10
13.0303602219,80.2307128906,81609,81619,10
13.0309200287,80.2306518555,81619,81629,10
13.031539917,80.2305603027,81629,81639,10
13.0320997238,80.2305603027,81639,81649,10
13.0327501297,80.2304763794,81649,81659,10
13.0334501266,80.2304382324,81659,81670,11
13.0340595245,80.2304534912,81670,81680,10
13.0344295502,80.2303771973,81680,81690,10
13.0347204208,80.2303009033,81690,81730,40
13.0347204208,80.2303009033,81730,81740,10
13.0350599289,80.2301177979,81740,81750,10
13.0349903107,80.2298812866,81750,81760,10
13.034740448,80.2298431396,81760,81770,10
13.0342597961,80.2297668457,81770,81781,11
13.0341796875,80.2301330566,81781,82134,353
13.0342702866,80.2302017212,82134,82810,676
13.0341300964,80.2302932739,82810,83103,293
13.0341901779,80.2302017212,83103,83436,333
13.0341997147,80.2300415039,83436,83456,20
13.0341997147,80.2300415039,83456,83466,10
13.0341100693,80.230178833,83466,85203,1737
13.0341100693,80.230178833,85203,85213,10
13.0342798233,80.2304000854,85213,85274,61
13.0342798233,80.2304000854,85274,85284,10
13.0337600708,80.2305297852,85284,85294,10
