13.0988502502,80.2407302856,14,478,464
13.0988397598,80.2407608032,478,569,91
13.0988798141,80.240737915,569,3630,3061
13.0988798141,80.240737915,3630,3640,10
13.0987195969,80.2406082153,3640,3650,10
13.0986995697,80.2404022217,3650,3660,10
13.098739624,80.2400817871,3660,3670,10
13.0989904404,80.2404174805,3670,3802,132
13.0989904404,80.2404174805,3802,3812,10
13.09897995,80.2405166626,3812,3822,10
13.0991601944,80.2404632568,3822,3832,10
13.0989704132,80.2401428223,3832,3842,10
13.0986700058,80.2401580811,3842,3852,10
13.0985498428,80.2404632568,3852,4135,283
13.0985498428,80.2404632568,4135,4145,10
13.0984802246,80.2405776978,4145,4468,323
13.098400116,80.2404403687,4468,5387,919
13.0984802246,80.2404632568,5387,6215,828
13.0983600616,80.2404098511,6215,7689,1474
13.0984802246,80.2403717041,7689,8255,566
13.0983695984,80.2404403687,8255,11539,3284
13.0982704163,80.2407836914,11539,11589,50
13.0985202789,80.2405090332,11589,11670,81
13.0983104706,80.2404403687,11670,13148,1478
13.0984296799,80.2405776978,13148,14541,1393
13.0984096527,80.2403488159,14541,14672,131
13.0984401703,80.2405319214,14672,15187,515
13.0983400345,80.2403488159,15187,17653,2466
13.0983896255,80.2404785156,17653,17784,131
13.0984401703,80.2404098511,17784,18511,727
13.0984201431,80.2404327393,18511,18642,131
13.0984296799,80.2405014038,18642,18683,41
13.0983400345,80.2404708862,18683,19491,808
13.098279953,80.2404785156,19491,19531,40
13.0983495712,80.2404937744,19531,19632,101
13.0984802246,80.2404785156,19632,19895,263
13.0984802246,80.2404785156,19895,19905,10
13.0983400345,80.240447998,19905,22440,2535
13.0983400345,80.240447998,22440,22450,10
13.0985002518,80.2405471802,22450,22460,10
13.0984296799,80.240852356,22460,23924,1464
13.0984296799,80.240852356,23924,23934,10
13.0986099243,80.2409973145,23934,23944,10
13.0989704132,80.2410583496,23944,23954,10
13.0990800858,80.2407836914,23954,23964,10
13.0991802216,80.2404785156,23964,23975,11
13.0992202759,80.2400894165,23975,24267,292
13.0992202759,80.2400894165,24267,24278,11
13.0990800858,80.2401199341,24278,24288,10
13.0989904404,80.2404174805,24288,24298,10
13.0990400314,80.2407608032,24298,24308,10
13.0990400314,80.2410736084,24308,24318,10
13.0989704132,80.2414016724,24318,25742,1424
13.0989704132,80.2414016724,25742,25752,10
13.0989198685,80.2414779663,25752,25762,10
13.0988397598,80.2416610718,25762,25772,10
13.0988101959,80.241897583,25772,25782,10
13.0987796783,80.2421569824,25782,25792,10
13.098739624,80.2422790527,25792,25802,10
13.0985403061,80.2423171997,25802,25813,11
13.0981998444,80.2423171997,25813,25823,10
13.0977201462,80.2422409058,25823,25833,10
13.0975799561,80.2422103882,25833,25843,10
13.0974397659,80.2421188354,25843,25853,10
13.0974998474,80.2418365479,25853,25863,10
13.0975904465,80.241317749,25863,25873,10
13.0976400375,80.2407836914,25873,25883,10
13.0977096558,80.2400588989,25883,25893,10
13.0977497101,80.239402771,25893,25903,10
13.0977802277,80.238899231,25903,25914,11
13.0979003906,80.2381210327,25914,25924,10
13.0980501175,80.2373580933,25924,25934,10
13.0981798172,80.236579895,25934,25944,10
13.0983200073,80.2357635498,25944,25954,10
13.0984296799,80.2350311279,25954,25964,10
13.0985403061,80.2343902588,25964,25974,10
13.0986003876,80.2337722778,25974,25984,10
13.0986299515,80.2333679199,25984,25994,10
13.0986795425,80.2329788208,25994,26004,10
13.0987796783,80.2324523926,26004,26015,11
13.0990600586,80.2316513062,26015,26025,10
13.0993995667,80.2308807373,26025,26035,10
13.0996398926,80.2301712036,26035,26045,10
13.0998401642,80.2293777466,26045,26054,9
13.0999298096,80.2286987305,26054,26065,11
13.1000204086,80.2280197144,26065,26075,10
13.1000499725,80.2271194458,26075,26085,10
13.1000003815,80.2262496948,26085,26095,10
13.0999403,80.2257232666,26095,26105,10
13.0999097824,80.2253570557,26105,26116,11
13.0998001099,80.2249069214,26116,26126,10
13.0996398926,80.2242965698,26126,26136,10
13.0993795395,80.2237625122,26136,26146,10
13.0992202759,80.2235565186,26146,26156,10
13.099029541,80.2233276367,26156,26166,10
13.0988397598,80.2230911255,26166,26176,10
13.0987300873,80.2227096558,26176,26186,10
13.0987501144,80.2220077515,26186,26196,10
13.0988702774,80.2211914063,26196,26206,10
13.0990104675,80.2203292847,26206,26217,11
13.099149704,80.2195281982,26217,26227,10
13.0991897583,80.2192993164,26227,26237,10
13.0992603302,80.2188110352,26237,26247,10
13.0993795395,80.2180862427,26247,26257,10
13.0994997025,80.2174377441,26257,26267,10
13.099820137,80.2164230347,26267,26277,10
13.0999097824,80.2159500122,26277,26287,10
13.1000204086,80.2155914307,26287,26297,10
13.1002397537,80.2151184082,26297,26307,10
13.1002597809,80.2147369385,26307,26338,31
13.1002597809,80.2147369385,26338,26348,10
13.1002397537,80.2146224976,26348,26358,10
13.1000204086,80.2144622803,26358,26368,10
13.0996999741,80.2144012451,26368,26378,10
13.0992097855,80.2142715454,26378,26388,10
13.0986700058,80.2140731812,26388,26398,10
13.098400116,80.2143173218,26398,26408,10
13.0981502533,80.214881897,26408,26419,11
13.0978298187,80.2156295776,26419,26429,10
13.0975103378,80.2164001465,26429,26439,10
13.0973901749,80.2167129517,26439,26449,10
13.0973796844,80.2167816162,26449,26459,10
13.097240448,80.2171096802,26459,26469,10
13.0970401764,80.2176895142,26469,26479,10
13.0967798233,80.218460083,26479,26489,10
13.096570015,80.2191314697,26489,26499,10
13.0963697433,80.2197036743,26499,26509,10
13.0960798264,80.2205123901,26509,26520,11
13.0958003998,80.221321106,26520,26530,10
13.095580101,80.2220077515,26530,26540,10
13.095459938,80.2223434448,26540,26550,10
13.0953903198,80.2224884033,26550,26560,10
13.095199585,80.22290802,26560,26570,10
13.0948495865,80.2235412598,26570,26580,10
13.0943098068,80.2242889404,26580,26590,10
13.09375,80.2249908447,26590,26600,10
13.0931901932,80.2256088257,26600,26610,10
13.0925302505,80.2262802124,26610,26620,10
13.0918703079,80.2269515991,26620,26631,11
13.0912303925,80.2276535034,26631,26661,30
13.0912303925,80.2276535034,26661,26671,10
13.091050148,80.2278213501,26671,26681,10
13.0907297134,80.2281723022,26681,26691,10
13.0902700424,80.2286605835,26691,26701,10
13.0897197723,80.2292861938,26701,26711,10
13.0892801285,80.2299880981,26711,26721,10
13.0891895294,80.2302093506,26721,26732,11
13.0888900757,80.2308883667,26732,26762,30
13.0888900757,80.2308883667,26762,26772,10
13.088760376,80.2311019897,26772,26782,10
13.0886096954,80.2314910889,26782,26792,10
13.0885095596,80.2319412231,26792,26802,10
13.088350296,80.2324829102,26802,26903,101
13.088350296,80.2324829102,26903,26913,10
13.0882701874,80.2326583862,26913,26923,10
13.0881795883,80.2330093384,26923,26934,11
13.0880804062,80.2336578369,26934,26944,10
13.0880002975,80.2342987061,26944,26954,10
13.087439537,80.2345962524,26954,26964,10
13.0867996216,80.2345809937,26964,26974,10
13.0862197876,80.2344970703,26974,26984,10
13.0861501694,80.2344818115,26984,26994,10
13.0859804153,80.2344436646,26994,27004,10
13.0855503082,80.2343292236,27004,27014,10
13.0849103928,80.2341690063,27014,27024,10
13.0841798782,80.2340164185,27024,27035,11
13.0835599899,80.2338867188,27035,27045,10
13.0830202103,80.2338027954,27045,27055,10
13.0824298859,80.2336502075,27055,27075,20
13.0824298859,80.2336502075,27075,27085,10
13.0823202133,80.2336273193,27085,27095,10
13.0819702148,80.2336120605,27095,27105,10
13.0813102722,80.2335281372,27105,27115,10
13.080499649,80.2335128784,27115,27125,10
13.0796003342,80.2335281372,27125,27146,21
13.0796003342,80.2335281372,27146,27156,10
13.0794496536,80.233543396,27156,27166,10
13.0791301727,80.2335586548,27166,27176,10
13.0785999298,80.233543396,27176,27186,10
13.0780000687,80.2336273193,27186,27196,10
13.0773601532,80.2336883545,27196,27206,10
13.07654953,80.2338180542,27206,27216,10
13.0761203766,80.2339172363,27216,27226,10
13.0759496689,80.2339019775,27226,27237,11
13.075920105,80.2342300415,27237,27247,10
13.0760498047,80.2348327637,27247,27257,10
13.0761995316,80.2355804443,27257,27267,10
13.0763397217,80.236366272,27267,27277,10
13.0765399933,80.2372283936,27277,27315,38
13.0765600204,80.237411499,27315,27335,20
13.0765600204,80.237411499,27335,27346,11
13.0766401291,80.2377624512,27346,27356,10
13.0767402649,80.2382888794,27356,27366,10
13.0768995285,80.2390518188,27366,27376,10
13.0770998001,80.2398986816,27376,27386,10
13.0772895813,80.2406692505,27386,27396,10
13.0774202347,80.2411804199,27396,27407,11
13.077460289,80.2415618896,27407,27417,10
13.0776195526,80.2422790527,27417,27427,10
13.0777597427,80.2431182861,27427,27437,10
13.0778198242,80.2440338135,27437,27448,11
13.0778799057,80.2447814941,27448,27458,10
13.0779800415,80.2455596924,27458,27468,10
13.0780601501,80.2463378906,27468,27478,10
13.0782299042,80.2472763062,27478,27488,10
13.0784196854,80.2482223511,27488,27498,10
13.0785598755,80.2488937378,27498,27508,10
13.0787000656,80.2495193481,27508,27518,10
13.0787296295,80.25025177,27518,27528,10
13.0785398483,80.2508392334,27528,27538,10
13.0786504745,80.2515106201,27538,27549,11
13.0783596039,80.2516784668,27549,27559,10
13.0778503418,80.2517776489,27559,27569,10
13.0770902634,80.2519302368,27569,27579,10
13.0764198303,80.2519836426,27579,27588,9
13.0754299164,80.2521820068,27588,27591,3
13.0754299164,80.2521820068,27591,27637,46
13.0724601746,80.2522201538,27637,27648,11
13.07213974,80.2514190674,27648,27658,10
13.0719604492,80.2507095337,27658,27668,10
13.0717401505,80.250038147,27668,27678,10
13.0715303421,80.2491912842,27678,27688,10
13.0712900162,80.2481307983,27688,27698,10
13.0709104538,80.2471389771,27698,27708,10
13.0704698563,80.2462768555,27708,27719,11
13.0699596405,80.2451782227,27719,27729,10
13.0696001053,80.2442016602,27729,27741,12
13.069319725,80.2433776855,27741,27753,12
13.0692901611,80.243309021,27753,27763,10
13.0692596436,80.2432403564,27763,27773,10
13.0692100525,80.2428817749,27773,27783,10
13.0689296722,80.2425231934,27783,27793,10
13.0684404373,80.2426376343,27793,27802,9
13.0676898956,80.2428588867,27802,27813,11
13.067029953,80.2431488037,27813,27823,10
13.0665197372,80.2433929443,27823,27833,10
13.0661897659,80.2437133789,27833,27843,10
13.0662002563,80.2442321777,27843,27854,11
13.0662899017,80.2449264526,27854,27864,10
13.0663995743,80.2454910278,27864,27874,10
13.0668296814,80.2460327148,27874,27884,10
13.06772995,80.2464523315,27884,27904,20
13.06772995,80.2464523315,27904,27914,10
13.0677900314,80.2464828491,27914,27924,10
13.0679197311,80.2468414307,27924,27934,10
13.0679397583,80.247543335,27934,27944,10
13.0675897598,80.2478637695,27944,27955,11
13.0666904449,80.2478408813,27955,27965,10
13.0659704208,80.2478179932,27965,27975,10
13.0651102066,80.2477722168,27975,27985,10
13.064040184,80.2476806641,27985,27994,9
13.0630702972,80.2475967407,27994,28005,11
13.0618801117,80.2476577759,28005,28015,10
13.061340332,80.247253418,28015,28025,10
13.0615501404,80.2467422485,28025,28035,10
13.0618801117,80.2460784912,28035,28045,10
13.0621595383,80.2451782227,28045,28056,11
13.062959671,80.2445831299,28056,28066,10
13.063170433,80.2443237305,28066,28076,10
13.0632801056,80.2442016602,28076,28086,10
13.0634803772,80.2437362671,28086,28096,10
13.063249588,80.2434692383,28096,28106,10
13.0626602173,80.2433624268,28106,28116,10
13.0618801117,80.2432174683,28116,28126,10
13.061340332,80.2431182861,28126,28136,10
13.0606298447,80.2429122925,28136,28146,10
13.0599803925,80.2426986694,28146,28157,11
13.0588998795,80.2425613403,28157,28177,20
13.0588998795,80.2425613403,28177,28187,10
13.058549881,80.2426300049,28187,28197,10
13.0580396652,80.2427368164,28197,28207,10
13.0572004318,80.2428131104,28207,28217,10
13.0564403534,80.2426071167,28217,28227,10
13.0556898117,80.2423095703,28227,28237,10
13.0548095703,80.2424087524,28237,28247,10
13.0537996292,80.2423019409,28247,28274,27
13.0537996292,80.2423019409,28274,28286,12
13.0535802841,80.2421264648,28286,28296,10
13.0532302856,80.2419586182,28296,28306,10
13.0525503159,80.2416610718,28306,28315,9
13.0521202087,80.2410888672,28315,28326,11
13.0519104004,80.2407836914,28326,28336,10
13.0516395569,80.2407073975,28336,28346,10
13.0513601303,80.2406311035,28346,28356,10
13.0513095856,80.2406311035,28356,28367,11
13.0511102676,80.2406387329,28367,28375,8
13.0509500504,80.2405776978,28375,28388,13
13.0507898331,80.240562439,28388,28398,10
13.050359726,80.2404632568,28398,28408,10
13.0497303009,80.2403182983,28408,28418,10
13.0489797592,80.2401580811,28418,28428,10
13.0482597351,80.2399902344,28428,28438,10
13.0474996567,80.2398300171,28438,28448,10
13.0466804504,80.2396621704,28448,28458,10
13.0462503433,80.2394485474,28458,28482,24
13.0465497971,80.238067627,28482,28494,12
13.0467596054,80.2369766235,28494,28504,10
13.0468997955,80.2362289429,28504,28514,10
13.0469799042,80.2358932495,28514,28524,10
13.0470399857,80.2355804443,28524,28534,10
13.0471000671,80.2351531982,28534,28544,10
13.0472097397,80.2343521118,28544,28554,10
13.0473098755,80.2334823608,28554,28564,10
13.0472202301,80.2330093384,28564,28574,10
13.0467300415,80.2329177856,28574,28585,11
13.0458097458,80.2327804565,28585,28595,10
13.0452203751,80.2326507568,28595,28605,10
13.0451402664,80.2326126099,28605,28615,10
13.045009613,80.2325592041,28615,28625,10
13.0445604324,80.2324905396,28625,28635,10
13.0437698364,80.2323913574,28635,28645,10
13.0430402756,80.2323532104,28645,28655,10
13.0423002243,80.2323379517,28655,28665,10
13.0414800644,80.232208252,28665,28676,11
13.0405197144,80.2318878174,28676,28686,10
13.0395298004,80.2316436768,28686,28696,10
13.0385398865,80.2313919067,28696,28706,10
13.0375299454,80.231048584,28706,28716,10
13.0368204117,80.2308425903,28716,28726,10
13.036450386,80.2306976318,28726,28736,10
13.0357303619,80.2304611206,28736,28746,10
13.0350599289,80.2303314209,28746,28756,10
13.0346002579,80.2303924561,28756,28766,10
13.034070015,80.23046875,28766,28777,11
13.0334596634,80.2304382324,28777,28797,20
13.0334596634,80.2304382324,28797,28807,10
13.0333795547,80.2304763794,28807,28817,10
13.0329198837,80.2305297852,28817,28827,10
13.0322303772,80.2305984497,28827,28837,10
13.0315303802,80.2306671143,28837,28853,16
13.0305299759,80.230758667,28853,28865,12
13.0299100876,80.2308273315,28865,28876,11
13.0298500061,80.2308273315,28876,28886,10
13.0296401978,80.2308731079,28886,28896,10
13.0291204453,80.2309112549,28896,28906,10
13.028429985,80.2309799194,28906,28915,9
13.0278100967,80.2310409546,28915,28926,11
13.0277099609,80.2313766479,28926,28936,10
13.0277700424,80.2318267822,28936,28945,9
13.0278997421,80.2325210571,28945,28956,11
13.0275001526,80.2328567505,28956,28965,9
13.026889801,80.2329406738,28965,29027,62
13.026889801,80.2329406738,29027,29037,10
13.0264501572,80.2330169678,29037,29047,10
13.0262403488,80.2325515747,29047,29057,10
13.0260400772,80.2317733765,29057,29067,10
13.0258197784,80.2309417725,29067,29078,11
13.0251998901,80.2297973633,29078,29088,10
13.0247297287,80.2292098999,29088,29098,10
13.0246496201,80.2291183472,29098,29108,10
13.024430275,80.2288284302,29108,29118,10
13.0239601135,80.2282867432,29118,29138,20
13.0239601135,80.2282867432,29138,29148,10
13.0238599777,80.2281494141,29148,29158,10
13.0235900879,80.2278366089,29158,29168,10
13.0232801437,80.2275314331,29168,29179,11
13.0228099823,80.2270736694,29179,29189,10
13.0221796036,80.2265167236,29189,29199,10
13.0215902328,80.2260437012,29199,29209,10
13.0209503174,80.2255401611,29209,29219,10
13.0202999115,80.2250900269,29219,29229,10
13.0195198059,80.2246017456,29229,29239,10
13.0185403824,80.224609375,29239,29249,10
13.0176696777,80.2249679565,29249,29259,10
13.0168504715,80.2253036499,29259,29269,10
13.0164403915,80.2254562378,29269,29279,10
13.015999794,80.2256317139,29279,29290,11
13.0153102875,80.2258987427,29290,29300,10
13.0144195557,80.2262496948,29300,29320,20
13.0144195557,80.2262496948,29320,29330,10
13.0141000748,80.2263717651,29330,29346,16
13.0129995346,80.2267990112,29346,29358,12
13.0119600296,80.2272033691,29358,29366,8
13.011179924,80.2275085449,29366,29378,12
13.0100402832,80.2279663086,29378,29389,11
13.009180069,80.2285308838,29389,29400,11
13.0089597702,80.229637146,29400,29408,8
13.0087900162,80.2305221558,29408,29420,12
13.0085401535,80.2318191528,29420,29430,10
13.0083398819,80.2328796387,29430,29441,11
13.0082798004,80.233543396,29441,29451,10
13.0082702637,80.2335891724,29451,29461,10
13.0081796646,80.2338027954,29461,29471,10
13.0081195831,80.2340316772,29471,29481,10
13.0080499649,80.2343826294,29481,29492,11
13.0079803467,80.2348632813,29492,29512,20
13.0079803467,80.2348632813,29512,29522,10
13.0079202652,80.2350769043,29522,29532,10
13.007900238,80.2351608276,29532,29542,10
13.0078601837,80.2353973389,29542,29552,10
13.0078001022,80.2357406616,29552,29562,10
13.0077199936,80.2361068726,29562,29572,10
13.0076398849,80.2365722656,29572,29582,10
13.0075902939,80.236831665,29582,29593,11
13.0075397491,80.2370376587,29593,29603,10
13.0074996948,80.237197876,29603,29613,10
13.0074701309,80.2373886108,29613,29623,10
13.0074195862,80.2376098633,29623,29633,10
13.007349968,80.2380065918,29633,29643,10
13.0072898865,80.2384109497,29643,29653,10
13.0072097778,80.238822937,29653,29663,10
13.0070104599,80.2398300171,29663,29754,91
13.0070104599,80.2398300171,29754,29764,10
13.006939888,80.2401275635,29764,29774,10
13.0068998337,80.2405929565,29774,29784,10
13.0068798065,80.240737915,29784,29794,10
13.006819725,80.2411727905,29794,29805,11
13.0068101883,80.2419433594,29805,29815,10
13.0067796707,80.2424316406,29815,29845,30
13.0067796707,80.2424316406,29845,29855,10
13.0067501068,80.2427062988,29855,29865,10
13.0067396164,80.2430725098,29865,29885,20
13.0067396164,80.2430725098,29885,29895,10
13.0067195892,80.2433166504,29895,29906,11
13.0067300797,80.2436599731,29906,29916,10
13.0067300797,80.2440109253,29916,29926,10
13.0067195892,80.2443771362,29926,29936,10
13.0067300797,80.244720459,29936,29946,10
13.0067396164,80.2450866699,29946,29956,10
13.0067396164,80.2453994751,29956,29976,20
13.0067396164,80.2453994751,29976,29986,10
13.0067501068,80.2456588745,29986,29996,10
13.0067596436,80.2459793091,29996,30007,11
13.0067796707,80.2463607788,30007,30017,10
13.0067901611,80.2468109131,30017,30027,10
13.0067796707,80.2474136353,30027,30037,10
13.0067596436,80.2482223511,30037,30047,10
13.0068597794,80.2491378784,30047,30057,10
13.0068998337,80.2495269775,30057,30067,10
13.0068998337,80.2495803833,30067,30077,10
13.0068798065,80.2500228882,30077,30087,10
13.0068597794,80.2507476807,30087,30097,10
13.0068502426,80.2511825562,30097,30107,10
13.0067596436,80.2516784668,30107,30118,11
13.0066003799,80.2526016235,30118,30128,10
13.0066003799,80.2535171509,30128,30138,10
13.0066204071,80.2544403076,30138,30148,10
13.0066604614,80.2549819946,30148,30158,10
13.006649971,80.2551803589,30158,30168,10
13.0066404343,80.2558822632,30168,30178,10
13.0066404343,80.2567977905,30178,30188,10
13.0066795349,80.2574768066,30188,30198,10
13.0061197281,80.2575073242,30198,30209,11
13.0054197311,80.2573699951,30209,30218,9
13.004940033,80.2572402954,30218,30229,11
13.0041399002,80.2570571899,30229,30239,10
13.0032997131,80.2568969727,30239,30249,10
13.0025901794,80.2567596436,30249,30259,10
13.0017995834,80.2566375732,30259,30289,30
13.0016002655,80.2565765381,30289,30309,20
13.0016002655,80.2565765381,30309,30320,11
13.001449585,80.2565689087,30320,30330,10
13.0010099411,80.2565231323,30330,30340,10
13.0004301071,80.256439209,30340,30350,10
13.000289917,80.2564163208,30350,30360,10
13.0000896454,80.2563781738,30360,30370,10
13.0000896454,80.2563705444,30370,30380,10
12.9997797012,80.2563018799,30380,30390,10
12.9992599487,80.2562026978,30390,30400,10
12.9987802505,80.2561035156,30400,30410,10
12.998459816,80.256072998,30410,30421,11
12.9981403351,80.2560195923,30421,30431,10
12.9974803925,80.2559585571,30431,30481,50
12.9974803925,80.2559585571,30481,30497,16
12.9969396591,80.2560119629,30497,30509,12
12.9968795776,80.256477356,30509,30519,10
12.9968395233,80.257019043,30519,30530,11
12.9968395233,80.2570800781,30530,30540,10
12.9968204498,80.2573699951,30540,30550,10
12.9967403412,80.2580413818,30550,30560,10
12.9966497421,80.2589492798,30560,30570,10
12.9965600967,80.2597579956,30570,30579,9
12.9964799881,80.2605895996,30579,30590,11
12.9963703156,80.2616424561,30590,30600,10
12.9962396622,80.2625274658,30600,30620,20
12.9962396622,80.2625274658,30620,30631,11
12.9961795807,80.262840271,30631,30641,10
12.9961500168,80.2632904053,30641,30651,10
12.9960803986,80.263999939,30651,30661,10
12.9960002899,80.2648010254,30661,30671,10
12.9959602356,80.2652130127,30671,30681,10
12.9959096909,80.2654266357,30681,30691,10
12.9958696365,80.2658996582,30691,30701,10
12.9957799911,80.2666625977,30701,30711,10
12.9957103729,80.2675323486,30711,30721,10
12.9961004257,80.2677001953,30721,30732,11
12.9962301254,80.2677536011,30732,30742,10
12.9966402054,80.2677688599,30742,30752,10
12.9974298477,80.267578125,30752,30762,10
12.998339653,80.2673110962,30762,30772,10
12.9993896484,80.2669906616,30772,30781,9
13.0001001358,80.2666473389,30781,30792,11
13.0001497269,80.2665100098,30792,30802,10
13.0001802444,80.2663879395,30802,30812,10
13.0002298355,80.2659835815,30812,30822,10
13.0003004074,80.2656936646,30822,30833,11
13.0003299713,80.2660903931,30833,31348,515
13.0003995895,80.2663803101,31348,32166,818
13.0003995895,80.2663803101,32166,32176,10
13.0002698898,80.266418457,32176,32186,10
13.0002403259,80.2667007446,32186,32196,10
13.0000295639,80.2668762207,32196,32206,10
12.9995098114,80.2670211792,32206,32216,10
12.998840332,80.2672424316,32216,32226,10
12.9982700348,80.2673568726,32226,32236,10
12.9977397919,80.2675170898,32236,32246,10
12.9969596863,80.2677764893,32246,32255,9
12.9962301254,80.2677688599,32255,32265,10
12.9956998825,80.2676620483,32265,32277,12
12.9956798553,80.2674102783,32277,32287,10
12.9956798553,80.2673110962,32287,32297,10
12.995759964,80.2668609619,32297,32307,10
12.9958000183,80.2661972046,32307,32317,10
12.9959001541,80.26537323,32317,32327,10
12.9959802628,80.2645874023,32327,32337,10
12.9960803986,80.2637329102,32337,32347,10
12.9961395264,80.2630310059,32347,32357,10
12.9961795807,80.2627792358,32357,32367,10
12.9961795807,80.2626190186,32367,32378,11
12.9962100983,80.2624816895,32378,32388,10
12.9962596893,80.2620697021,32388,32398,10
12.9963102341,80.26171875,32398,32407,9
12.9963998795,80.2610931396,32407,32418,11
12.996509552,80.2601089478,32418,32428,10
12.9965496063,80.2593383789,32428,32438,10
12.9965600967,80.2592391968,32438,32448,10
12.9965896606,80.2588577271,32448,32458,10
12.9966802597,80.2580718994,32458,32468,10
12.9967899323,80.2571868896,32468,32479,11
12.9968004227,80.2569580078,32479,32489,10
12.9968299866,80.2566986084,32489,32499,10
12.9968500137,80.2562789917,32499,32509,10
12.9969501495,80.2559432983,32509,32519,10
12.9974002838,80.2558898926,32519,32529,10
12.9980201721,80.2559204102,32529,32539,10
12.9986696243,80.2559890747,32539,32569,30
12.9986696243,80.2559890747,32569,32579,10
12.9988603592,80.2560195923,32579,32590,11
12.9993600845,80.2561187744,32590,32600,10
12.9996900558,80.256187439,32600,32610,10
13.0002002716,80.2562789917,32610,32620,10
13.0008201599,80.2564086914,32620,32670,50
13.0008201599,80.2564086914,32670,32680,10
13.0011196136,80.2564926147,32680,32691,11
13.0014600754,80.2565536499,32691,32701,10
13.0019397736,80.2566223145,32701,32711,10
13.0025396347,80.2567062378,32711,32721,10
13.0031204224,80.2568206787,32721,32731,10
13.0037498474,80.2569503784,32731,32741,10
13.0041799545,80.2570114136,32741,32751,10
13.0046901703,80.2570877075,32751,32761,10
13.0049800873,80.2571563721,32761,32771,10
13.0054998398,80.257232666,32771,32781,10
13.0059995651,80.2572937012,32781,32792,11
13.0062198639,80.2573318481,32792,32802,10
13.0062398911,80.2573394775,32802,32812,10
13.0064401627,80.2573928833,32812,32822,10
13.0065002441,80.2570877075,32822,32832,10
13.0064401627,80.2565002441,32832,32842,10
13.0064601898,80.2557678223,32842,32852,10
13.0064697266,80.2554168701,32852,32862,10
13.0065002441,80.2550811768,32862,32872,10
13.0065002441,80.2544021606,32872,32882,10
13.0064897537,80.2535400391,32882,32893,11
13.0065002441,80.2533569336,32893,32903,10
13.0065202713,80.2531967163,32903,32913,10
13.0065202713,80.2527999878,32913,32923,10
13.0065402985,80.252456665,32923,32983,60
13.0065402985,80.252456665,32983,32993,10
13.0066900253,80.2521972656,32993,33004,11
13.0067596436,80.251701355,33004,33014,10
13.0068101883,80.2510986328,33014,33024,10
13.0067796707,80.2506637573,33024,33163,139
13.0067796707,80.2506637573,33163,33173,10
13.0067195892,80.2501831055,33173,33182,9
13.0067100525,80.2497177124,33182,33192,10
13.0067100525,80.2495193481,33192,33204,12
13.0067195892,80.2491607666,33204,33345,141
13.0067195892,80.2491607666,33345,33355,10
13.0067396164,80.2490921021,33355,33365,10
13.0067100525,80.2487716675,33365,33375,10
13.0066995621,80.248626709,33375,33385,10
13.0066699982,80.2483062744,33385,33395,10
13.0066404343,80.2478179932,33395,33405,10
13.0066604614,80.247253418,33405,33416,11
13.0066003799,80.2467193604,33416,33436,20
13.0066003799,80.2467193604,33436,33446,10
13.0066003799,80.2465515137,33446,33456,10
13.0066404343,80.2461166382,33456,33466,10
13.0066404343,80.2458190918,33466,33476,10
13.0066404343,80.2456207275,33476,33486,10
13.006649971,80.2452087402,33486,33496,10
13.0065898895,80.2446365356,33496,33506,10
13.0065803528,80.2443084717,33506,33517,11
13.0065803528,80.2440185547,33517,33527,10
13.0065898895,80.2439575195,33527,33537,10
13.0066099167,80.2436828613,33537,33547,10
13.0065898895,80.2434234619,33547,33557,10
13.0065698624,80.2428436279,33557,33567,10
13.006529808,80.2423324585,33567,33667,100
13.006529808,80.2423324585,33667,33678,11
13.0065603256,80.2418670654,33678,33688,10
13.0065498352,80.2416381836,33688,33698,10
13.0065803528,80.2412490845,33698,33707,9
13.0066099167,80.2409973145,33707,33717,10
13.0066604614,80.240562439,33717,33729,12
13.0068702698,80.2395706177,33729,33739,10
13.0070495605,80.2386398315,33739,33749,10
13.0071697235,80.2379837036,33749,33759,10
13.0073404312,80.2373199463,33759,33769,10
13.007399559,80.2368087769,33769,33779,10
13.007399559,80.2368011475,33779,33789,10
13.007519722,80.2364120483,33789,33799,10
13.0076799393,80.2356796265,33799,33809,10
13.0078697205,80.2347412109,33809,33819,10
13.0081100464,80.2336196899,33819,33830,11
13.0083799362,80.232208252,33830,33840,10
13.0086202621,80.2309494019,33840,33850,10
13.0088596344,80.2297668457,33850,33860,10
13.0090799332,80.2286529541,33860,33870,10
13.0094099045,80.2276229858,33870,33880,10
13.0098800659,80.2265625,33880,33890,10
13.0102701187,80.2258377075,33890,33900,10
13.0106201172,80.2251434326,33900,33910,10
13.0108499527,80.2245788574,33910,33920,10
13.0111198425,80.2239685059,33920,33931,11
13.011300087,80.2235031128,33931,33941,10
13.0114803314,80.2229690552,33941,33951,10
13.0116500854,80.222328186,33951,33961,10
13.0119695663,80.2215194702,33961,33971,10
13.0122995377,80.2215576172,33971,33981,10
13.0126800537,80.2220687866,33981,33991,10
13.0131797791,80.2225494385,33991,34001,10
13.0136804581,80.2230834961,34001,34011,10
13.0140695572,80.2235031128,34011,34021,10
13.0143098831,80.2239227295,34021,34031,10
13.0147600174,80.2244262695,34031,34042,11
13.0150699615,80.2247085571,34042,34052,10
13.0153598785,80.224937439,34052,34062,10
13.0156297684,80.2250976563,34062,34072,10
13.0157499313,80.2251586914,34072,34082,10
13.0163602829,80.2253112793,34082,34092,10
13.0173397064,80.2249679565,34092,34102,10
13.0183601379,80.2245483398,34102,34112,10
13.0192499161,80.2243499756,34112,34121,9
13.0197496414,80.2244796753,34121,34132,11
13.0201196671,80.2247924805,34132,34143,11
13.0206604004,80.2251815796,34143,34153,10
13.0210399628,80.2254562378,34153,34163,10
13.0213098526,80.2256622314,34163,34173,10
13.0216798782,80.2259063721,34173,34183,10
13.0218601227,80.22605896,34183,34193,10
13.0218696594,80.2260665894,34193,34203,10
13.0220098495,80.2261734009,34203,34213,10
13.0221300125,80.2262802124,34213,34223,10
13.0222702026,80.2263870239,34223,34233,10
13.0224199295,80.2265319824,34233,34243,10
13.0226202011,80.2266998291,34243,34254,11
13.0228204727,80.2269210815,34254,34292,38
13.0228204727,80.2269210815,34292,34302,10
13.0229902267,80.2270812988,34302,34312,10
13.0230302811,80.2271270752,34312,34322,10
13.0230998993,80.2272415161,34322,34332,10
13.0231895447,80.2273330688,34332,34342,10
13.0233402252,80.2274627686,34342,34353,11
13.0235595703,80.2276382446,34353,34363,10
13.0237598419,80.2277984619,34363,34373,10
13.0238399506,80.2278594971,34373,34383,10
13.0239601135,80.2279510498,34383,34393,10
13.0241003036,80.2280883789,34393,34403,10
13.0242300034,80.2282562256,34403,34524,121
13.0242300034,80.2282562256,34524,34534,10
13.0245704651,80.2287521362,34534,34544,10
13.0248003006,80.2291183472,34544,34555,11
13.025179863,80.2296066284,34555,34565,10
13.0256700516,80.2303314209,34565,34575,10
13.0258903503,80.2306518555,34575,34625,50
13.0258903503,80.2306518555,34625,34635,10
13.0260295868,80.2309036255,34635,34645,10
13.0262098312,80.2313079834,34645,34656,11
13.0269203186,80.2311325073,34656,34666,10
13.0277795792,80.2309417725,34666,34676,10
13.0282802582,80.2308807373,34676,34686,10
13.0284795761,80.2308731079,34686,34696,10
13.0287599564,80.2308502197,34696,34706,10
13.0291500092,80.2308197021,34706,34756,50
13.0291500092,80.2308197021,34756,34767,11
13.0294599533,80.230758667,34767,34777,10
13.0301799774,80.2306976318,34777,34807,30
13.0301799774,80.2306976318,34807,34817,10
13.0304298401,80.2306976318,34817,34827,10
13.0309295654,80.2306671143,34827,34837,10
13.0316696167,80.2305984497,34837,34847,10
13.0324001312,80.2305374146,34847,34857,10
13.0334997177,80.2304611206,34857,34888,31
13.0334997177,80.2304611206,34888,34898,10
13.033659935,80.2304763794,34898,34908,10
13.0342702866,80.2303695679,34908,34938,30
13.0344600677,80.2303314209,34938,34958,20
13.0344600677,80.2303314209,34958,34969,11
13.0348300934,80.2303390503,34969,34989,20
13.0348300934,80.2303390503,34989,34999,10
13.0349998474,80.2304229736,34999,35019,20
13.0349998474,80.2304229736,35019,35029,10
13.035030365,80.2306671143,35029,35039,10
13.0349702835,80.2311935425,35039,35049,10
13.0348501205,80.231918335,35049,35059,10
13.034740448,80.2327575684,35059,35069,10
13.0346803665,80.2331008911,35069,35080,11
13.0346603394,80.2333068848,35080,35090,10
13.0346002579,80.2337188721,35090,35100,10
13.0345201492,80.2342224121,35100,35110,10
13.0345001221,80.2345199585,35110,35120,10
13.0344600677,80.2348709106,35120,35130,10
13.0343599319,80.2355270386,35130,35140,10
13.034239769,80.236656189,35140,35170,30
13.034239769,80.236656189,35170,35181,11
13.0342502594,80.2369995117,35181,35191,10
13.0343904495,80.2373733521,35191,35201,10
13.0345401764,80.2376174927,35201,35211,10
13.0346298218,80.2378005981,35211,35221,10
13.0347795486,80.2381210327,35221,35231,10
13.0347900391,80.2381362915,35231,35241,10
13.0348796844,80.23828125,35241,35251,10
13.0349502563,80.2383880615,35251,35261,10
13.0351295471,80.2386627197,35261,35271,10
13.035369873,80.2390594482,35271,35282,11
13.035779953,80.2393569946,35282,35292,10
13.0363998413,80.2394104004,35292,35302,10
13.0371704102,80.2395019531,35302,35312,10
13.0378398895,80.2395629883,35312,35322,10
13.0385704041,80.2396697998,35322,35332,10
13.0390195847,80.2397232056,35332,35342,10
13.0396900177,80.2398071289,35342,35352,10
13.0401802063,80.2398834229,35352,35413,61
13.0401802063,80.2398834229,35413,35423,10
13.0403699875,80.2399368286,35423,35433,10
13.040430069,80.2402267456,35433,35443,10
13.0406599045,80.2405014038,35443,35453,10
13.0411596298,80.240562439,35453,35463,10
13.0413198471,80.2405700684,35463,35473,10
13.0417299271,80.2406311035,35473,35483,10
13.0424098969,80.2407302856,35483,35494,11
13.0433301926,80.240852356,35494,35504,10
13.0441198349,80.240852356,35504,35514,10
13.0445404053,80.240562439,35514,35524,10
13.0445699692,80.2405319214,35524,35534,10
13.0446300507,80.240447998,35534,35544,10
13.0449104309,80.2402267456,35544,35554,10
13.0453901291,80.2399291992,35554,35564,10
13.0458402634,80.2396316528,35564,35574,10
13.0462398529,80.2394638062,35574,35584,10
13.0462598801,80.2394714355,35584,35601,17
13.046620369,80.2395782471,35601,35613,12
13.0470104218,80.2396774292,35613,35623,10
13.0474996567,80.2397689819,35623,35632,9
13.0483198166,80.2399520874,35632,35643,11
13.0489902496,80.2400817871,35643,35653,10
13.0496301651,80.2402114868,35653,35663,10
13.0499401093,80.2402801514,35663,35673,10
13.0503196716,80.2403717041,35673,35682,9
13.0508699417,80.2404785156,35682,35694,12
13.0512104034,80.2405471802,35694,35704,10
13.0515098572,80.2406082153,35704,35714,10
13.0521402359,80.2407608032,35714,35724,10
13.0525197983,80.2411727905,35724,35734,10
13.0525903702,80.2414321899,35734,35744,10
13.0529298782,80.2417678833,35744,35754,10
13.0535898209,80.2420730591,35754,35764,10
13.0540704727,80.2422180176,35764,35774,10
13.0540800095,80.2422180176,35774,35784,10
13.0541200638,80.2422409058,35784,35794,10
13.0545196533,80.2423171997,35794,35805,11
13.0553598404,80.2422103882,35805,35815,10
13.0560903549,80.2423706055,35815,35825,10
13.0567998886,80.2425537109,35825,35895,70
13.0567998886,80.2425537109,35895,35906,11
13.057100296,80.2427520752,35906,35916,10
13.0575704575,80.2427597046,35916,35926,10
13.0577497482,80.2427368164,35926,35936,10
13.0580396652,80.2426986694,35936,35946,10
13.0586500168,80.2425537109,35946,35956,10
13.0593099594,80.2424468994,35956,35966,10
13.0597801208,80.2425765991,35966,35976,10
13.060379982,80.2427978516,35976,35986,10
13.0608100891,80.2429428101,35986,35996,10
13.0612401962,80.243057251,35996,36007,11
13.0617399216,80.2431793213,36007,36016,9
13.0625295639,80.2433166504,36016,36037,21
13.0625295639,80.2433166504,36037,36047,10
13.0628404617,80.2433776855,36047,36057,10
13.0634202957,80.2434692383,36057,36067,10
13.0640497208,80.2434997559,36067,36076,9
13.0646400452,80.2435073853,36076,36087,11
13.0651702881,80.2434997559,36087,36097,10
13.0651798248,80.2434997559,36097,36107,10
13.0653400421,80.2434768677,36107,36118,11
13.0659198761,80.2434463501,36118,36128,10
13.0662498474,80.2433700562,36128,36138,10
13.0666503906,80.2432403564,36138,36148,10
13.0670700073,80.2430496216,36148,36158,10
13.0676498413,80.2427978516,36158,36168,10
13.0685195923,80.2425384521,36168,36219,51
13.0685195923,80.2425384521,36219,36229,10
13.068860054,80.2423782349,36229,36239,10
13.0693597794,80.2421875,36239,36249,10
13.0699100494,80.2420806885,36249,36269,20
13.0699100494,80.2420806885,36269,36279,10
13.0702896118,80.2419967651,36279,36289,10
13.0710201263,80.2417678833,36289,36299,10
13.0716896057,80.2415008545,36299,36309,10
13.0723104477,80.2411117554,36309,36320,11
13.0729198456,80.2407913208,36320,36330,10
13.0734901428,80.2406234741,36330,36340,10
13.0741701126,80.2404632568,36340,36350,10
13.0750703812,80.2404327393,36350,36360,10
13.0760803223,80.2404098511,36360,36370,10
13.0768995285,80.2405319214,36370,36380,10
13.0771102905,80.2404632568,36380,36390,10
13.0771198273,80.2400436401,36390,36400,10
13.0769500732,80.2392578125,36400,36410,10
13.0767498016,80.2385177612,36410,36421,11
13.0766096115,80.2378921509,36421,36431,10
13.0765304565,80.2374725342,36431,36441,10
13.0764198303,80.2370910645,36441,36461,20
13.0764198303,80.2370910645,36461,36471,10
13.0764398575,80.2369308472,36471,36481,10
13.0763301849,80.2365036011,36481,36491,10
13.0762395859,80.2358474731,36491,36501,10
13.076089859,80.2351379395,36501,36511,10
13.0759096146,80.2344512939,36511,36521,10
13.0758800507,80.233833313,36521,36532,11
13.0762701035,80.2337188721,36532,36542,10
13.0765104294,80.2336883545,36542,36552,10
13.0765199661,80.2336807251,36552,36562,10
13.0766401291,80.2336578369,36562,36572,10
13.0771198273,80.2335968018,36572,36582,10
13.0777597427,80.2335205078,36582,36592,10
13.0785198212,80.2335128784,36592,36602,10
13.0793304443,80.2334823608,36602,36612,10
13.0803003311,80.2334823608,36612,36633,21
13.0803003311,80.2334823608,36633,36643,10
13.0803804398,80.2335128784,36643,36653,10
13.0806999207,80.2334976196,36653,36663,10
13.0813598633,80.2335205078,36663,36673,10
13.081870079,80.2335281372,36673,36683,10
13.0820102692,80.2332687378,36683,36693,10
13.082110405,80.2326278687,36693,36703,10
13.0823602676,80.2318496704,36703,36713,10
13.0826702118,80.2310180664,36713,36723,10
13.0829896927,80.2305831909,36723,36734,11
13.0831604004,80.2311096191,36734,36744,10
13.0832195282,80.2319335938,36744,36754,10
13.0832796097,80.2324981689,36754,36764,10
13.0833997726,80.2330322266,36764,36774,10
13.0834703445,80.2333602905,36774,36784,10
13.0835103989,80.2335205078,36784,36794,10
13.083820343,80.2338409424,36794,36804,10
13.0839300156,80.23387146,36804,36814,10
13.0840501785,80.2339019775,36814,36824,10
13.0845098495,80.2340164185,36824,36834,10
13.0848999023,80.2341079712,36834,36845,11
13.0853004456,80.2341995239,36845,36855,10
13.0860595703,80.2343826294,36855,36865,10
13.0867099762,80.2344894409,36865,36875,10
13.0874300003,80.2345123291,36875,36885,10
13.0879497528,80.2341003418,36885,36895,10
13.0880098343,80.2333374023,36895,36905,10
13.0882396698,80.2323379517,36905,36915,10
13.0884895325,80.2314224243,36915,36925,10
13.0888395309,80.2305526733,36925,36946,21
13.0888395309,80.2305526733,36946,36956,10
13.0888996124,80.2304534912,36956,36965,9
13.0891103745,80.2300262451,36965,36976,11
13.0895900726,80.2292480469,36976,36986,10
13.0902996063,80.228477478,36986,36996,10
13.0910396576,80.2276763916,36996,37006,10
13.0913496017,80.2273025513,37006,37016,10
13.0913600922,80.2272872925,37016,37026,10
13.0915699005,80.2271118164,37026,37036,10
13.0920600891,80.226600647,37036,37047,11
13.0928401947,80.2258071899,37047,37057,10
13.0935096741,80.2250976563,37057,37067,10
13.0936498642,80.2249298096,37067,37077,10
13.0940504074,80.2244567871,37077,37087,10
13.0945997238,80.2237319946,37087,37097,10
13.0951900482,80.2227172852,37097,37107,10
13.0956296921,80.2215194702,37107,37117,10
13.0959396362,80.2205963135,37117,37127,10
13.0962400436,80.2197418213,37127,37137,10
13.0964202881,80.2191619873,37137,37168,31
13.0964202881,80.2191619873,37168,37178,10
13.0964803696,80.2189865112,37178,37188,10
13.096619606,80.2185821533,37188,37198,10
13.0968799591,80.2178115845,37198,37208,10
13.0972003937,80.2168807983,37208,37218,10
13.0975399017,80.2160110474,37218,37228,10
13.0979499817,80.215057373,37228,37238,10
13.0984201431,80.2139663696,37238,37279,41
13.0984201431,80.2139663696,37279,37289,10
13.0986499786,80.2138671875,37289,37299,10
13.0990104675,80.2140808105,37299,37315,16
13.0998601913,80.2143478394,37315,37327,12
13.100399971,80.2145233154,37327,37368,41
13.100399971,80.2145233154,37368,37378,10
13.100520134,80.2145690918,37378,37388,10
13.1006202698,80.2147293091,37388,37398,10
13.100399971,80.2151870728,37398,37409,11
13.100110054,80.2158584595,37409,37418,9
13.1000404358,80.2159881592,37418,37428,10
13.0999298096,80.2160263062,37428,37439,11
13.0999498367,80.2157363892,37439,37449,10
13.1002597809,80.2150726318,37449,37945,496
13.1002597809,80.2150726318,37945,37955,10
13.1003198624,80.2147674561,37955,37965,10
13.1002597809,80.2145004272,37965,37975,10
13.0999803543,80.2144088745,37975,37986,11
13.0995798111,80.2143173218,37986,37996,10
13.098690033,80.2140579224,37996,38016,20
13.098690033,80.2140579224,38016,38026,10
13.0985898972,80.2140426636,38026,38036,10
13.0984601974,80.2140884399,38036,38046,10
13.098279953,80.2145004272,38046,38056,10
13.0979795456,80.2151489258,38056,38066,10
13.0976295471,80.2159500122,38066,38075,9
13.0973997116,80.2165908813,38075,38087,12
13.0973596573,80.2167282104,38087,38097,10
13.0972204208,80.2170791626,38097,38107,10
13.0969600677,80.2177505493,38107,38117,10
13.0966901779,80.2185974121,38117,38127,10
13.0964002609,80.2194366455,38127,38137,10
13.0960502625,80.220413208,38137,38147,10
13.0957803726,80.2211914063,38147,38157,10
13.0956296921,80.2216567993,38157,38167,10
13.095410347,80.2222900391,38167,38177,10
13.0953598022,80.2224502563,38177,38188,11
13.0952196121,80.2228775024,38188,38198,10
13.0948600769,80.2235107422,38198,38208,10
13.094329834,80.2242431641,38208,38218,10
13.0937004089,80.2250213623,38218,38228,10
13.0930900574,80.2256622314,38228,38238,10
13.0923700333,80.2263793945,38238,38248,10
13.0916500092,80.2271194458,38248,38258,10
13.0913801193,80.2274093628,38258,38268,10
13.091219902,80.2276229858,38268,38278,10
13.0911998749,80.2276382446,38278,38288,10
13.0910997391,80.2277374268,38288,38299,11
13.0907497406,80.2281188965,38299,38309,10
13.0902795792,80.2286376953,38309,38319,10
13.0897703171,80.2291793823,38319,38329,10
13.08934021,80.229850769,38329,38339,10
13.0891599655,80.2302017212,38339,38349,10
13.0888395309,80.2308731079,38349,38369,20
13.0888395309,80.2308731079,38369,38379,10
13.0886802673,80.2312164307,38379,38389,10
13.0885400772,80.2317810059,38389,38400,11
13.0882501602,80.2327423096,38400,38410,10
13.088060379,80.2336425781,38410,38420,10
13.0878400803,80.2344512939,38420,38430,10
13.0870199203,80.2345428467,38430,38440,10
13.0865497589,80.2345275879,38440,38450,10
13.0862197876,80.2344665527,38450,38460,10
13.0856895447,80.2343521118,38460,38470,10
13.085100174,80.2341995239,38470,38490,20
13.085100174,80.2341995239,38490,38501,11
13.0848798752,80.23412323,38501,38511,10
13.0844898224,80.2340316772,38511,38521,10
13.0840396881,80.2339324951,38521,38531,10
13.0837602615,80.2338790894,38531,38541,10
13.0833797455,80.2338027954,38541,38551,10
13.0829496384,80.2337722778,38551,38561,10
13.0823898315,80.2336425781,38561,38591,30
13.0823898315,80.2336425781,38591,38601,10
13.0820598602,80.2335891724,38601,38612,11
13.0813903809,80.2335510254,38612,38622,10
13.0806903839,80.2335510254,38622,38632,10
13.0800800323,80.2335205078,38632,38642,10
13.0795698166,80.2335205078,38642,38652,10
13.0795402527,80.2335205078,38652,38662,10
13.0792198181,80.2335510254,38662,38672,10
13.078669548,80.2335586548,38672,38682,10
13.0779495239,80.233581543,38682,38692,10
13.0771598816,80.2336730957,38692,38702,10
13.0763101578,80.2338409424,38702,38713,11
13.0758800507,80.2341766357,38713,38723,10
13.0760002136,80.2346878052,38723,38733,10
13.0761404037,80.2353515625,38733,38743,10
13.0762796402,80.2359771729,38743,38753,10
13.0763902664,80.2366867065,38753,38763,10
13.0765199661,80.2372131348,38763,38783,20
13.0765199661,80.2372131348,38783,38793,10
13.0765695572,80.2375183105,38793,38803,10
13.0767002106,80.2381286621,38803,38814,11
13.0768699646,80.2389373779,38814,38824,10
13.0770196915,80.2396011353,38824,38834,10
13.0772104263,80.2403793335,38834,38844,10
13.0773696899,80.2409973145,38844,38854,10
13.0774097443,80.2414016724,38854,38864,10
13.0775499344,80.2420196533,38864,38874,10
13.0777101517,80.2428512573,38874,38884,10
13.0778398514,80.2437362671,38884,38894,10
13.077750206,80.2441635132,38894,38904,10
13.0778303146,80.2446670532,38904,38915,11
13.07791996,80.2454910278,38915,38925,10
13.0780000687,80.2462921143,38925,38935,10
13.0781097412,80.2469863892,38935,38945,10
13.0783004761,80.2478027344,38945,38955,10
13.0784196854,80.2485122681,38955,38965,10
13.0786104202,80.2492599487,38965,38975,10
13.0787296295,80.2500610352,38975,38985,10
13.0784902573,80.2507400513,38985,38995,10
13.0785703659,80.251411438,38995,39005,10
13.0783004761,80.2516784668,39005,39015,10
13.0776700974,80.2518005371,39015,39026,11
13.076880455,80.2519607544,39026,39036,10
13.0760002136,80.2520599365,39036,39046,10
13.0752401352,80.2521820068,39046,39056,10
13.0746202469,80.2522201538,39056,39066,10
13.0741300583,80.2522735596,39066,39076,10
13.0738697052,80.2523727417,39076,39086,10
13.0734100342,80.2524490356,39086,39096,10
13.0727500916,80.2523880005,39096,39106,10
13.0721702576,80.251953125,39106,39116,10
13.0720596313,80.2511901855,39116,39127,11
13.0717401505,80.2502288818,39127,39137,10
13.0714998245,80.2492904663,39137,39147,10
13.0712900162,80.2481765747,39147,39157,10
13.0709199905,80.2472229004,39157,39167,10
13.0704803467,80.2462997437,39167,39177,10
13.0699996948,80.245262146,39177,39187,10
13.0695800781,80.244178772,39187,39197,10
13.0692996979,80.2433776855,39197,39207,10
13.069270134,80.2432937622,39207,39217,10
13.0692396164,80.2431335449,39217,39228,11
13.0692195892,80.2429885864,39228,39238,10
13.0690603256,80.2425384521,39238,39248,10
13.0685195923,80.2425689697,39248,39258,10
13.0677604675,80.2427978516,39258,39268,10
13.06690979,80.2431793213,39268,39278,10
13.0662097931,80.2435684204,39278,39288,10
13.0661401749,80.2441711426,39288,39298,10
13.0662403107,80.2448501587,39298,39308,10
13.0663795471,80.2454376221,39308,39317,9
13.0667800903,80.2459564209,39317,39328,11
13.0679302216,80.2465286255,39328,39349,21
13.0679302216,80.2465286255,39349,39359,10
13.0679502487,80.246711731,39359,39369,10
13.0679597855,80.2472763062,39369,39379,10
13.067700386,80.247833252,39379,39389,10
13.0669002533,80.2478179932,39389,39399,10
13.0659399033,80.247833252,39399,39409,10
13.0649995804,80.2478179932,39409,39419,10
13.0641498566,80.247718811,39419,39429,10
13.0632400513,80.2476730347,39429,39440,11
13.0622797012,80.2476425171,39440,39450,10
13.0615501404,80.2473983765,39450,39460,10
13.0614099503,80.2468185425,39460,39470,10
13.0617599487,80.2464065552,39470,39480,10
13.0619096756,80.2458877563,39480,39490,10
13.0621204376,80.2452468872,39490,39500,10
13.0627202988,80.244758606,39500,39510,10
13.0631399155,80.2442626953,39510,39520,10
13.0631599426,80.2442474365,39520,39530,10
13.0633401871,80.2439575195,39530,39540,10
13.0633602142,80.243522644,39540,39551,11
13.0628004074,80.2434005737,39551,39561,10
13.0621700287,80.2433013916,39561,39571,10
13.0616703033,80.2432098389,39571,39581,10
13.0612096786,80.2431411743,39581,39591,10
13.0606899261,80.242980957,39591,39607,16
13.0599803925,80.2427597046,39607,39619,12
13.0598096848,80.2427215576,39619,39627,8
13.0597696304,80.2427368164,39627,39638,11
13.0594902039,80.2426376343,39638,39648,10
13.0590801239,80.2426071167,39648,39670,22
13.0590801239,80.2426071167,39670,39680,10
13.0586204529,80.2426376343,39680,39690,10
13.0581102371,80.2427520752,39690,39700,10
13.0574598312,80.2428436279,39700,39710,10
13.05727005,80.2428512573,39710,39720,10
13.0569000244,80.2427825928,39720,39730,10
13.0564804077,80.2426605225,39730,39740,10
13.0559997559,80.2424163818,39740,39751,11
13.0554800034,80.2423019409,39751,39761,10
13.0547399521,80.2424316406,39761,39771,10
13.054019928,80.2423706055,39771,39781,10
13.0537996292,80.2423019409,39781,39791,10
13.0537700653,80.2423019409,39791,39801,10
13.0534801483,80.2421417236,39801,39811,10
13.0532197952,80.2420196533,39811,39821,10
13.0527696609,80.241859436,39821,39831,10
13.0522603989,80.2413635254,39831,39841,10
13.0520496368,80.2409820557,39841,39852,11
13.0518598557,80.2407913208,39852,39862,10
13.0516395569,80.240737915,39862,39872,10
13.0513000488,80.2406692505,39872,39882,10
13.0511198044,80.2406387329,39882,39892,10
13.051030159,80.2406234741,39892,39902,10
13.0506401062,80.2405319214,39902,39912,10
13.049949646,80.2403869629,39912,39922,10
13.0497198105,80.2402877808,39922,39932,10
13.0493097305,80.2402191162,39932,39942,10
13.0487003326,80.2401123047,39942,39952,10
13.0479402542,80.2399597168,39952,39963,11
13.0473203659,80.2398529053,39963,39973,10
13.0468101501,80.2397537231,39973,39983,10
13.046380043,80.2396621704,39983,39993,10
13.0461997986,80.2395477295,39993,40003,10
13.0462799072,80.2391586304,40003,40013,10
13.0463399887,80.2385177612,40013,40023,10
13.0465202332,80.2378616333,40023,40033,10
13.0466995239,80.2370910645,40033,40043,10
13.0468597412,80.2363204956,40043,40053,10
13.0469198227,80.2359237671,40053,40064,11
13.0469799042,80.2356414795,40064,40074,10
13.0470504761,80.2352600098,40074,40084,10
13.0471601486,80.2344970703,40084,40094,10
13.0472602844,80.2337417603,40094,40104,10
13.0472898483,80.2332763672,40104,40114,10
13.0470895767,80.233039856,40114,40124,10
13.0465602875,80.2329406738,40124,40134,10
13.0457696915,80.2328262329,40134,40144,10
13.0452404022,80.2327575684,40144,40154,10
13.0452203751,80.2327575684,40154,40164,10
13.0451402664,80.2327270508,40164,40175,11
13.0446996689,80.2326278687,40175,40191,16
13.0434398651,80.2323989868,40191,40203,12
13.0425395966,80.232383728,40203,40211,8
13.0419397354,80.2323379517,40211,40223,12
13.0410203934,80.2321395874,40223,40233,10
13.0402603149,80.231880188,40233,40244,11
13.0395097733,80.2316589355,40244,40254,10
13.0384702682,80.2314224243,40254,40263,9
13.0377597809,80.2311325073,40263,40274,11
13.0370197296,80.2308578491,40274,40284,10
13.0367097855,80.2307662964,40284,40294,10
13.0361299515,80.2305603027,40294,40312,18
13.0361299515,80.2305603027,40312,40323,11
13.0359897614,80.230506897,40323,40334,11
13.0356502533,80.2304000854,40334,40344,10
13.0352401733,80.2302780151,40344,40353,9
13.0348701477,80.2303009033,40353,40364,11
13.0346403122,80.2303314209,40364,40375,11
13.0345697403,80.2303619385,40375,40385,10
13.0343904495,80.2304077148,40385,40395,10
13.034239769,80.2304534912,40395,40405,10
13.0341100693,80.2304611206,40405,40415,10
13.0339603424,80.2304382324,40415,40425,10
13.0334701538,80.2304992676,40425,40445,20
13.0334701538,80.2304992676,40445,40455,10
13.0330400467,80.230506897,40455,40465,10
13.0325803757,80.2305831909,40465,40475,10
13.0321998596,80.2306213379,40475,40486,11
13.0315999985,80.2307128906,40486,40677,191
13.0315999985,80.2307128906,40677,40688,11
13.0314598083,80.2306137085,40688,40698,10
13.0312004089,80.2306594849,40698,40708,10
13.031129837,80.230682373,40708,40718,10
13.0308799744,80.23072052,40718,40738,20
13.0308799744,80.23072052,40738,40748,10
13.030500412,80.2307662964,40748,40758,10
13.0299596786,80.2308273315,40758,40788,30
13.0299596786,80.2308273315,40788,40799,11
13.0297203064,80.2308731079,40799,40809,10
13.029419899,80.2308883667,40809,40819,10
13.0290603638,80.2309188843,40819,40829,10
13.0284996033,80.2309875488,40829,40839,10
13.0278501511,80.2310562134,40839,40849,10
13.0276498795,80.2312164307,40849,40859,10
13.0277004242,80.2316818237,40859,40869,10
13.0277395248,80.2319793701,40869,40879,10
13.0277996063,80.2322692871,40879,40889,10
13.0278596878,80.2325592041,40889,40900,11
13.0277900696,80.2327728271,40900,40910,10
13.0274801254,80.2328567505,40910,41122,212
13.0274801254,80.2328567505,41122,41132,10
13.0270900726,80.2329788208,41132,41142,10
13.0269203186,80.2330169678,41142,41152,10
13.0267601013,80.2330169678,41152,41162,10
13.0264797211,80.233039856,41162,41172,10
13.0263004303,80.2328033447,41172,41182,10
13.0262002945,80.232460022,41182,41192,10
13.0261096954,80.2321624756,41192,41202,10
13.026049614,80.231880188,41202,41213,11
13.0259399414,80.2314987183,41213,41223,10
13.025759697,80.2308273315,41223,41233,10
13.0253200531,80.2300186157,41233,41243,10
13.0246200562,80.2291412354,41243,41273,30
13.0246200562,80.2291412354,41273,41283,10
13.024430275,80.2289505005,41283,41293,10
13.0239295959,80.2283401489,41293,41314,21
13.0239295959,80.2283401489,41314,41324,10
13.0238895416,80.2282867432,41324,41334,10
13.0236997604,80.2280197144,41334,41344,10
13.0233001709,80.2276306152,41344,41354,10
13.0227899551,80.2271499634,41354,41364,10
13.0221996307,80.2266464233,41364,41374,10
13.02161026,80.2261734009,41374,41384,10
13.021109581,80.2257766724,41384,41394,10
13.0205698013,80.2253875732,41394,41404,10
13.0200395584,80.2250137329,41404,41414,10
13.0193395615,80.2245788574,41414,41425,11
13.0184497833,80.2246627808,41425,41435,10
13.0175695419,80.2249984741,41435,41445,10
13.0169095993,80.2252731323,41445,41455,10
13.0165596008,80.2254104614,41455,41465,10
13.0163898468,80.225479126,41465,41475,10
13.0160799026,80.2256011963,41475,41485,10
13.0155496597,80.2257919312,41485,41495,10
13.0148601532,80.2260665894,41495,41505,10
13.0143499374,80.2262802124,41505,41515,10
13.0143404007,80.2262802124,41515,41526,11
13.0139703751,80.2264099121,41526,41536,10
13.0133495331,80.2266464233,41536,41546,10
13.0125799179,80.2269592285,41546,41556,10
13.0117797852,80.2272796631,41556,41566,10
13.0108098984,80.2276611328,41566,41576,10
13.0097703934,80.2280731201,41576,41586,10
13.0090904236,80.2287826538,41586,41596,10
13.008890152,80.2298431396,41596,41606,10
13.0086603165,80.2310028076,41606,41616,10
13.0084600449,80.2320632935,41616,41627,11
13.0082998276,80.2329788208,41627,41637,10
13.0082902908,80.2331466675,41637,41647,10
13.0082702637,80.2333068848,41647,41657,10
13.0082597733,80.2334365845,41657,41667,10
13.0082397461,80.2335586548,41667,41677,10
13.0081396103,80.2338867188,41677,41687,10
13.0080099106,80.2345504761,41687,41697,10
13.0079202652,80.2349777222,41697,41707,10
13.0078897476,80.2351074219,41707,41717,10
13.0077800751,80.2356796265,41717,41727,10
13.007610321,80.236579895,41727,41738,11
13.0072803497,80.2383422852,41738,41758,20
13.0072803497,80.2383422852,41758,41768,10
13.0072402954,80.2384033203,41768,41778,10
13.0072002411,80.2386779785,41778,41788,10
13.0070695877,80.2393875122,41788,41889,101
13.0070695877,80.2393875122,41889,41899,10
13.007060051,80.2395782471,41899,41909,10
13.006939888,80.2399978638,41909,41919,10
13.0068902969,80.2404708862,41919,41929,10
13.0068702698,80.2406463623,41929,41940,11
13.006819725,80.2409210205,41940,41950,10
13.0067796707,80.2415313721,41950,41960,10
13.0067501068,80.2422485352,41960,41970,10
13.0067396164,80.2426528931,41970,41990,20
13.0067396164,80.2426528931,41990,42000,10
13.0066995621,80.2428207397,42000,42010,10
13.0067100525,80.2431030273,42010,42020,10
13.0066995621,80.2432785034,42020,42030,10
13.0066900253,80.2435836792,42030,42040,10
13.0067195892,80.2440032959,42040,42051,11
13.0067195892,80.2444992065,42051,42061,10
13.0067300797,80.2447814941,42061,42071,10
13.0067195892,80.2448730469,42071,42081,10
13.0067195892,80.2452011108,42081,42121,40
13.0067195892,80.2452011108,42121,42131,10
13.0067396164,80.2455978394,42131,42148,17
13.0067396164,80.2458572388,42148,42160,12
13.0067396164,80.2463531494,42160,42170,10
13.0067501068,80.2466812134,42170,42180,10
13.0067501068,80.2473678589,42180,42190,10
13.0067396164,80.2481765747,42190,42200,10
13.0068798065,80.2496185303,42200,42220,20
13.0068798065,80.2496185303,42220,42230,10
13.0068702698,80.2499694824,42230,42240,10
13.0068397522,80.250617981,42240,42250,10
13.0068597794,80.2511901855,42250,42260,10
13.0066995621,80.2520217896,42260,42271,11
13.0066795349,80.2526397705,42271,42280,9
13.0066900253,80.2531661987,42280,42291,11
13.0066995621,80.2538909912,42291,43169,878
13.0066995621,80.2538909912,43169,43179,10
13.0065002441,80.2543487549,43179,43189,10
13.006480217,80.2547836304,43189,43200,11
13.0065202713,80.2555389404,43200,43210,10
13.0065402985,80.2563171387,43210,43220,10
13.0065898895,80.2567596436,43220,43250,30
13.0065898895,80.2567596436,43250,43260,10
13.0066099167,80.2570800781,43260,43270,10
13.0066604614,80.2575073242,43270,43280,10
13.0069303513,80.2580566406,43280,43290,10
13.0073404312,80.2585372925,43290,43300,10
13.0078802109,80.2588882446,43300,43311,11
13.0079202652,80.2592163086,43311,43321,10
13.0074701309,80.2592391968,43321,43331,10
13.0072002411,80.2586517334,43331,43341,10
13.0065698624,80.2577362061,43341,43361,20
13.0065698624,80.2577362061,43361,43371,10
13.0065202713,80.257598877,43371,43381,10
13.0064296722,80.2572937012,43381,43391,10
13.0063800812,80.2569274902,43391,43401,10
13.0063495636,80.2563400269,43401,43412,11
13.0064201355,80.2555236816,43412,43422,10
13.0064897537,80.2548599243,43422,43432,10
13.0064897537,80.2540130615,43432,43442,10
13.006480217,80.2533493042,43442,43462,20
13.006480217,80.2533493042,43462,43472,10
13.006480217,80.2530975342,43472,43482,10
13.0064601898,80.2528305054,43482,43492,10
13.0065002441,80.2525863647,43492,43502,10
13.0065898895,80.2521362305,43502,43512,10
13.0066995621,80.2513198853,43512,43523,11
13.0066995621,80.2501907349,43523,43533,10
13.0066900253,80.249130249,43533,43542,9
13.0066099167,80.2484970093,43542,43553,11
13.0065603256,80.2481231689,43553,43674,121
13.0065603256,80.2478179932,43674,43725,51
13.0065603256,80.2478179932,43725,43735,10
13.0065603256,80.2475662231,43735,43745,10
13.0066299438,80.2471313477,43745,43755,10
13.0065402985,80.2465591431,43755,43785,30
13.0065402985,80.2465591431,43785,43795,10
13.0065898895,80.2462768555,43795,43805,10
13.0065498352,80.2457275391,43805,43815,10
13.0065898895,80.2453384399,43815,43825,10
13.0065498352,80.244758606,43825,43836,11
13.0066003799,80.2441177368,43836,43846,10
13.0065498352,80.2437133789,43846,43856,10
13.0065402985,80.2433013916,43856,43866,10
13.0065402985,80.2427368164,43866,43876,10
13.0065402985,80.2419509888,43876,43886,10
13.0066204071,80.2409133911,43886,43916,30
13.0066204071,80.2409133911,43916,43926,10
13.0066404343,80.2405395508,43926,43937,11
13.0067596436,80.2400131226,43937,43947,10
13.0068397522,80.2393188477,43947,43957,10
13.0070495605,80.2384567261,43957,43967,10
13.0072402954,80.2376327515,43967,43977,10
13.007349968,80.2369918823,43977,43987,10
13.0073795319,80.2368087769,43987,43997,10
13.0074100494,80.2367401123,43997,44007,10
13.0075397491,80.2363204956,44007,44017,10
13.0076799393,80.2356491089,44017,44027,10
13.0078601837,80.2347869873,44027,44037,10
13.0080404282,80.2339019775,44037,44048,11
13.008310318,80.2325897217,44048,44058,10
13.0085496902,80.2313613892,44058,44068,10
13.0088300705,80.2301101685,44068,44078,10
13.009059906,80.2288513184,44078,44088,10
13.0094203949,80.2276611328,44088,44098,10
13.0098199844,80.2267913818,44098,44108,10
13.0103397369,80.225692749,44108,44118,10
13.0107402802,80.2248764038,44118,44128,10
13.0111103058,80.2239990234,44128,44138,10
13.0112600327,80.2235031128,44138,44149,11
13.0112495422,80.223487854,44149,44159,10
13.0114202499,80.2231216431,44159,44169,10
13.0117797852,80.2225418091,44169,44179,10
13.0122995377,80.2217025757,44179,44189,10
13.0126600266,80.2216720581,44189,44199,10
13.0129404068,80.2222290039,44199,44209,10
13.0134401321,80.2228393555,44209,44219,10
13.0139503479,80.2233581543,44219,44229,10
13.0142002106,80.2236862183,44229,44239,10
13.0145597458,80.2241592407,44239,44250,11
13.015370369,80.2248916626,44250,44290,40
13.0155496597,80.2249603271,44290,44310,20
13.0155496597,80.2249603271,44310,44320,10
13.0158195496,80.2252731323,44320,44330,10
13.0164604187,80.2253265381,44330,44340,10
13.0172700882,80.2250213623,44340,44350,10
13.0181903839,80.2246398926,44350,44361,11
13.0191602707,80.2243804932,44361,44371,10
13.0198001862,80.224609375,44371,44380,9
13.0202102661,80.2249069214,44380,44391,11
13.0206804276,80.2252426147,44391,44401,10
13.0211296082,80.2255935669,44401,44411,10
13.0215396881,80.2259216309,44411,44421,10
13.0219697952,80.2261962891,44421,44451,30
13.0219697952,80.2261962891,44451,44462,11
13.0222997665,80.2265396118,44462,44472,10
13.0228300095,80.2269821167,44472,44482,10
13.0234899521,80.2276000977,44482,44492,10
13.0242795944,80.2283935547,44492,44512,20
13.0242795944,80.2283935547,44512,44522,10
13.0243701935,80.2285003662,44522,44532,10
13.0245895386,80.228843689,44532,44542,10
13.0249700546,80.2293624878,44542,44552,10
13.0254497528,80.2299804688,44552,44573,21
13.0254497528,80.2299804688,44573,44583,10
13.0255002975,80.2300796509,44583,44593,10
13.0256500244,80.2303314209,44593,44603,10
13.0257997513,80.2306213379,44603,44613,10
13.0258903503,80.2309417725,44613,44623,10
13.026049614,80.2313232422,44623,44633,10
13.026550293,80.2312011719,44633,44643,10
13.0273199081,80.231010437,44643,44659,16
13.0285396576,80.2308807373,44659,44671,12
13.029129982,80.2308502197,44671,44702,31
13.029129982,80.2308502197,44702,44712,10
13.0293598175,80.2308502197,44712,44722,10
13.029800415,80.230796814,44722,44732,10
13.0301799774,80.2307662964,44732,44742,10
13.0303602219,80.2307434082,44742,44752,10
13.0305099487,80.2307281494,44752,44762,10
13.0307798386,80.2307128906,44762,44772,10
13.0312995911,80.2306594849,44772,44783,11
13.0319499969,80.2305908203,44783,44792,9
13.0324401855,80.2305526733,44792,44803,11
13.0334796906,80.2304992676,44803,44823,20
13.0334796906,80.2304992676,44823,44833,10
13.0338201523,80.2305221558,44833,44844,11
13.0342597961,80.2304077148,44844,44885,41
13.0342597961,80.2304077148,44885,44895,10
13.0343999863,80.2304229736,44895,44905,10
13.0347204208,80.2303390503,44905,44935,30
13.0347204208,80.2303390503,44935,44945,10
13.0349798203,80.2304000854,44945,44955,10
13.0349302292,80.2307434082,44955,44965,10
13.0348396301,80.231262207,44965,44975,10
13.0347499847,80.2318496704,44975,44986,11
13.0346603394,80.2325363159,44986,44996,10
13.0346002579,80.2330474854,44996,45006,10
13.0345602036,80.2332382202,45006,45016,10
13.034529686,80.2335586548,45016,45026,10
13.0344600677,80.2340011597,45026,45036,10
13.0343198776,80.2349090576,45036,45147,111
13.0343198776,80.2349090576,45147,45157,10
13.0377101898,80.2396011353,45157,45167,10
13.0383195877,80.2397003174,45167,45177,10
13.0388298035,80.2397537231,45177,45208,31
13.0388298035,80.2397537231,45208,45218,10
13.0392398834,80.2397689819,45218,45228,10
13.0396099091,80.2398071289,45228,45258,30
13.0396099091,80.2398071289,45258,45268,10
13.0397996902,80.2398529053,45268,45278,10
13.0401697159,80.239906311,45278,45288,10
13.0402898788,80.2399597168,45288,45299,11
13.0403699875,80.2401580811,45299,45309,10
13.0403699875,80.2403182983,45309,45319,10
13.0403995514,80.240447998,45319,45329,10
13.0405902863,80.2405319214,45329,45339,10
13.0408601761,80.240562439,45339,45349,10
13.0410499573,80.2406005859,45349,45359,10
13.0412397385,80.2406082153,45359,45369,10
13.0418195724,80.2406997681,45369,45379,10
13.0426397324,80.2408218384,45379,45389,10
13.043510437,80.2409362793,45389,45400,11
13.0439395905,80.2409896851,45400,45410,10
13.0442800522,80.2407989502,45410,45420,10
13.0447597504,80.2404022217,45420,45430,10
13.04529953,80.2400588989,45430,45440,10
13.0456199646,80.2398300171,45440,45450,10
13.0459699631,80.2395401001,45450,45460,10
13.0462703705,80.2395019531,45460,45470,10
13.0463895798,80.2395629883,45470,45480,10
13.0465497971,80.239616394,45480,45490,10
13.0469198227,80.2397003174,45490,45500,10
13.0475597382,80.2398300171,45500,45511,11
13.0482997894,80.2399902344,45511,45521,10
13.0487699509,80.2400665283,45521,45531,10
13.0493001938,80.2401809692,45531,45541,10
13.0498199463,80.2403030396,45541,45551,10
13.0502700806,80.2403869629,45551,45561,10
13.0510101318,80.2405319214,45561,45571,10
13.0515403748,80.2406387329,45571,45581,10
13.0522899628,80.2408218384,45581,45652,71
13.0522899628,80.2408218384,45652,45662,10
13.0525102615,80.2409591675,45662,45672,10
13.0527200699,80.2414093018,45672,45682,10
13.052980423,80.2417984009,45682,45692,10
13.0534896851,80.2420120239,45692,45702,10
13.0540599823,80.2422332764,45702,45723,21
13.0540599823,80.2422332764,45723,45733,10
13.0543003082,80.2422790527,45733,45743,10
13.0548496246,80.2422790527,45743,45753,10
13.0554103851,80.2422027588,45753,45763,10
13.0559597015,80.2423019409,45763,45773,10
13.0563097,80.2424926758,45773,45783,10
13.0563201904,80.2425003052,45783,45793,10
13.0564804077,80.2425765991,45793,45803,10
13.0568504333,80.2425918579,45803,45813,10
13.0571699142,80.242767334,45813,45824,11
13.0575704575,80.2427597046,45824,45834,10
13.0576601028,80.2427597046,45834,45844,10
13.0579500198,80.2426681519,45844,45854,10
13.0586004257,80.2425384521,45854,45864,10
13.0590600967,80.2425003052,45864,45874,10
13.0591802597,80.2424926758,45874,45884,10
13.0597000122,80.2425994873,45884,45894,10
13.0602703094,80.2428131104,45894,45904,10
13.0607204437,80.2429504395,45904,45914,10
13.0610198975,80.243057251,45914,45925,11
13.0614404678,80.2431716919,45925,45935,10
13.0619697571,80.2432632446,45935,45945,10
13.0622596741,80.2433013916,45945,45955,10
13.0624504089,80.2433319092,45955,45965,10
13.0625495911,80.243309021,45965,45975,10
13.0627403259,80.2432937622,45975,45985,10
13.0627803802,80.2432937622,45985,46001,16
13.0653400421,80.2435684204,46001,46022,21
13.0653400421,80.2435684204,46022,46034,12
13.0654497147,80.2434921265,46034,46042,8
13.0657596588,80.2434616089,46042,46053,11
13.0663003922,80.2433319092,46053,46065,12
13.0668897629,80.2431030273,46065,46077,12
13.0676498413,80.242767334,46077,46087,10
13.0684995651,80.2425537109,46087,46097,10
13.0687704086,80.2424316406,46097,46117,20
13.0687704086,80.2424316406,46117,46127,10
13.069029808,80.2422866821,46127,46138,11
13.0695400238,80.2421264648,46138,46148,10
13.0699300766,80.2420883179,46148,46168,20
13.0699300766,80.2420883179,46168,46178,10
13.0702199936,80.2420578003,46178,46187,9
13.0705900192,80.2418823242,46187,46198,11
13.0711402893,80.2416687012,46198,46208,10
13.0719099045,80.2413024902,46208,46219,11
13.0723800659,80.2409896851,46219,46229,10
13.0725097656,80.2409133911,46229,46239,10
13.0738897324,80.2404632568,46239,46249,10
13.0744800568,80.240447998,46249,46259,10
13.0753898621,80.2404632568,46259,46269,10
13.0762901306,80.2404708862,46269,46279,10
13.0769996643,80.2405471802,46279,46289,10
13.0770797729,80.2400894165,46289,46299,10
13.0768604279,80.2392578125,46299,46309,10
13.0766601563,80.2384033203,46309,46319,10
13.0764799118,80.2376403809,46319,46329,10
13.0763597488,80.237159729,46329,46340,11
13.0763702393,80.2371520996,46340,46350,10
13.0764198303,80.2370834351,46350,46360,10
13.0763301849,80.2367019653,46360,46370,10
13.0762796402,80.2359924316,46370,46380,10
13.0760803223,80.2350769043,46380,46390,10
13.0758304596,80.2342605591,46390,46400,10
13.0756702423,80.2334365845,46400,46542,142
13.0756702423,80.2334365845,46542,46551,9
13.0815000534,80.2334976196,46551,46562,11
13.0820102692,80.2335205078,46562,46572,10
13.0819997787,80.2331008911,46572,46582,10
13.0820903778,80.232383728,46582,46592,10
13.0823602676,80.2314987183,46592,46602,10
13.0826501846,80.2308273315,46602,46612,10
13.0829200745,80.2305984497,46612,46622,10
13.0831203461,80.2309494019,46622,46632,10
13.0831604004,80.2316818237,46632,46642,10
13.0832004547,80.2324371338,46642,46652,10
13.0833702087,80.2331237793,46652,46663,11
13.0834703445,80.2337265015,46663,46673,10
13.0839099884,80.2338790894,46673,46683,10
13.0839996338,80.2339096069,46683,46693,10
13.0841197968,80.2339477539,46693,46703,10
13.0842895508,80.2340011597,46703,46713,10
13.0845899582,80.2340621948,46713,46723,10
13.0851697922,80.2341918945,46723,46733,10
13.0858898163,80.2343597412,46733,46743,10
13.0865402222,80.2344894409,46743,46753,10
13.0871400833,80.2345428467,46753,46764,11
13.0878801346,80.2341384888,46764,46774,10
13.0879602432,80.2333068848,46774,46784,10
13.0881795883,80.2323684692,46784,46794,10
13.0884599686,80.2313919067,46794,46803,9
13.0887098312,80.23072052,46803,46814,11
13.0888299942,80.2304916382,46814,46824,10
13.0888795853,80.2304000854,46824,46834,10
13.0891199112,80.2299423218,46834,46844,10
13.0895795822,80.2292404175,46844,46854,10
13.0902700424,80.2284622192,46854,46865,11
13.0910997391,80.2275695801,46865,46875,10
13.0914001465,80.2272415161,46875,46885,10
13.0914697647,80.2271575928,46885,46895,10
13.0918302536,80.2268218994,46895,46905,10
13.0923995972,80.2262268066,46905,46915,10
13.0929698944,80.2256622314,46915,46925,10
13.0935001373,80.2250900269,46925,46935,10
13.0939798355,80.2245330811,46935,46945,10
13.0943803787,80.2239685059,46945,46955,10
13.094909668,80.2232208252,46955,46966,11
13.0952196121,80.2225189209,46966,46976,10
13.095290184,80.222366333,46976,46986,10
13.0954704285,80.2218933105,46986,46996,10
13.0957202911,80.2211837769,46996,47006,10
13.0959997177,80.2197875977,47006,47277,271
13.0959997177,80.2197875977,47277,47287,10
13.1003398895,80.2145767212,47287,47297,10
13.1021795273,80.2152786255,47297,48306,1009
13.1021795273,80.2152786255,48306,48316,10
13.0964899063,80.2191162109,48316,48327,11
13.0961799622,80.2199630737,48327,48337,10
13.0958795547,80.2208175659,48337,48347,10
13.0956497192,80.2215270996,48347,48357,10
13.0954504013,80.22215271,48357,48367,10
13.0951404572,80.2229614258,48367,48377,10
13.0945901871,80.2238616943,48377,48387,10
13.0940198898,80.224647522,48387,48397,10
13.0933904648,80.2253570557,48397,48407,10
13.0926799774,80.2260665894,48407,48417,10
13.0919704437,80.2267913818,48417,48428,11
13.0913000107,80.2274932861,48428,48438,10
13.0911798477,80.2276229858,48438,48448,10
13.0910997391,80.227722168,48448,48458,10
13.0907802582,80.2280502319,48458,48468,10
13.0903396606,80.2285308838,48468,48478,10
13.0897502899,80.2291717529,48478,48488,10
13.0892801285,80.2298583984,48488,48498,10
13.0891199112,80.2302093506,48498,48508,10
13.08893013,80.2306289673,48508,48518,10
13.0888299942,80.2308502197,48518,48528,10
13.0888004303,80.2309036255,48528,48539,11
13.0886297226,80.2312393188,48539,48549,10
13.0884304047,80.2317886353,48549,48559,10
13.0882101059,80.2326812744,48559,48569,10
13.0880203247,80.2336196899,48569,48578,9
13.0879096985,80.2343673706,48578,48589,11
13.0872497559,80.2345581055,48589,48599,10
13.0865097046,80.2345123291,48599,48609,10
13.0860795975,80.2344436646,48609,48619,10
13.0859804153,80.2344207764,48619,48629,10
13.085559845,80.2343215942,48629,48640,11
13.0848903656,80.2341766357,48640,48650,10
13.0840902328,80.2339782715,48650,48660,10
13.0836296082,80.2339019775,48660,48670,10
13.0835199356,80.2338790894,48670,48680,10
13.0830698013,80.2338180542,48680,48690,10
13.0824604034,80.2336807251,48690,48700,10
13.0823602676,80.2336578369,48700,48710,10
13.0822401047,80.2336273193,48710,48720,10
13.0818500519,80.2335586548,48720,48730,10
13.0812501907,80.2335128784,48730,48741,11
13.0804595947,80.2335205078,48741,48751,10
13.0798101425,80.2335510254,48751,48761,10
13.0795698166,80.233543396,48761,48771,10
13.0793600082,80.233543396,48771,48781,10
13.0788497925,80.2335586548,48781,48791,10
13.0780897141,80.233581543,48791,48801,10
13.077460289,80.2336425781,48801,48811,10
13.0766801834,80.2337722778,48811,48821,10
13.0760002136,80.2339096069,48821,48831,10
13.0759000778,80.2339096069,48831,48841,10
13.0757598877,80.2338790894,48841,48852,11
13.0758304596,80.2342910767,48852,48862,10
13.0759601593,80.2349014282,48862,48872,10
13.0761604309,80.2357406616,48872,48882,10
13.0762796402,80.236541748,48882,48928,46
13.0762796402,80.236541748,48928,48940,12
13.0763196945,80.2368087769,48940,48950,10
13.0763902664,80.2369613647,48950,48981,31
13.0763902664,80.2369613647,48981,48991,10
13.0764904022,80.2373428345,48991,49051,60
13.0764904022,80.2373428345,49051,49062,11
13.0766000748,80.2378234863,49062,49072,10
13.0766000748,80.2380828857,49072,49082,10
13.0767202377,80.2386322021,49082,49092,10
13.0769195557,80.2394332886,49092,49102,10
13.0771198273,80.2402191162,49102,49112,10
13.0771799088,80.2404174805,49112,49122,10
13.0773000717,80.2408599854,49122,49132,10
13.0773296356,80.2412719727,49132,49142,10
13.0774497986,80.2417678833,49142,49152,10
13.077630043,80.2425613403,49152,49163,11
13.077750206,80.2434768677,49163,49173,10
13.0777301788,80.2442703247,49173,49183,10
13.0778503418,80.2450180054,49183,49193,10
13.0779304504,80.2458114624,49193,49203,10
13.0780601501,80.2466430664,49203,49213,10
13.0782403946,80.2475814819,49213,49223,10
13.0784397125,80.2484893799,49223,49233,10
13.0786504745,80.2493133545,49233,49243,10
13.0787401199,80.2501907349,49243,49253,10
13.078619957,80.2510375977,49253,49264,11
13.0786104202,80.2519378662,49264,49274,10
13.0780801773,80.2517471313,49274,49284,10
13.0773096085,80.2518615723,49284,49294,10
13.0764598846,80.2520065308,49294,49304,10
13.0755796432,80.252166748,49304,49314,10
13.0748100281,80.2522125244,49314,49324,10
13.0741596222,80.252243042,49324,49334,10
13.0737800598,80.2524032593,49334,49344,10
13.0732698441,80.2524337769,49344,49354,10
13.0726995468,80.2523880005,49354,49364,10
13.0722503662,80.2521362305,49364,49375,11
13.0720396042,80.2514038086,49375,49385,10
13.071969986,80.2508926392,49385,49395,10
13.071969986,80.2508773804,49395,49405,10
13.0719299316,80.2507781982,49405,49415,10
13.0717697144,80.2503585815,49415,49425,10
13.0715799332,80.2496566772,49425,49435,10
13.0714197159,80.2487869263,49435,49445,10
13.0711803436,80.2478866577,49445,49455,10
13.0707902908,80.2469787598,49455,49465,10
13.070400238,80.2461624146,49465,49476,11
13.0699596405,80.2452163696,49476,49486,10
13.0696201324,80.2443008423,49486,49496,10
13.0693101883,80.2434005737,49496,49516,20
13.0693101883,80.2434005737,49516,49526,10
13.0692100525,80.2430877686,49526,49536,10
13.0690498352,80.2425613403,49536,49546,10
13.0685997009,80.2425231934,49546,49556,10
13.0679798126,80.2426986694,49556,49566,10
13.0673103333,80.2429733276,49566,49577,11
13.0665597916,80.2433166504,49577,49587,10
13.0661401749,80.2436065674,49587,49597,10
13.066160202,80.2443695068,49597,49607,10
13.0662298203,80.2448577881,49607,49617,10
13.066280365,80.2451629639,49617,49627,10
13.0664300919,80.2457275391,49627,49636,9
13.0670700073,80.246131897,49636,49647,11
13.0678300858,80.2464981079,49647,49657,10
13.0678501129,80.2465286255,49657,49667,10
13.0679197311,80.2467803955,49667,49677,10
13.0679597855,80.2473526001,49677,49688,11
13.0675096512,80.2478790283,49688,49698,10
13.0666503906,80.2478637695,49698,49708,10
13.065779686,80.247833252,49708,49718,10
13.0650701523,80.2478027344,49718,49728,10
13.0643501282,80.2477264404,49728,49738,10
13.0636196136,80.2476806641,49738,49748,10
13.0630903244,80.2476501465,49748,49758,10
13.0624504089,80.2476196289,49758,49768,10
13.0617704391,80.2475280762,49768,49778,10
13.0613698959,80.2471389771,49778,49789,11
13.0615196228,80.2467422485,49789,49799,10
13.061750412,80.2463989258,49799,49809,10
13.0618801117,80.2458267212,49809,49819,10
13.0620498657,80.2452392578,49819,49829,10
13.0626296997,80.2447967529,49829,49839,10
13.0630302429,80.2444000244,49839,49849,10
13.0631303787,80.2442474365,49849,49859,10
13.0632095337,80.244140625,49859,49869,10
13.0634098053,80.2437362671,49869,49886,17
13.0628404617,80.2434082031,49886,49909,23
13.0626802444,80.2434082031,49909,50431,522
13.0626802444,80.2434082031,50431,50442,11
13.0472898483,80.2332687378,50442,50452,10
13.0472097397,80.2329864502,50452,50461,9
13.0467996597,80.2327728271,50461,51268,807
13.0467996597,80.2327728271,51268,51278,10
13.0186796188,80.2245330811,51278,51288,10
13.0179004669,80.2248535156,51288,51298,10
13.0171003342,80.2253570557,51298,51308,10
13.0164003372,80.2254104614,51308,51318,10
13.0159196854,80.2254562378,51318,51328,10
13.015250206,80.2258300781,51328,51480,152
13.015250206,80.2258300781,51480,51490,10
13.0080900192,80.2340164185,51490,51500,10
13.0079698563,80.2347183228,51500,51510,10
13.0078201294,80.2354736328,51510,51520,10
13.0076599121,80.2363510132,51520,51530,10
13.0074796677,80.2372817993,51530,51540,10
13.0072202682,80.2386169434,51540,51550,10
13.0070295334,80.2396774292,51550,51560,10
13.006939888,80.2401504517,51560,51631,71
13.006939888,80.2401504517,51631,51641,10
13.0069198608,80.2407302856,51641,51661,20
13.0069198608,80.2407302856,51661,51672,11
13.0068101883,80.2410888672,51672,51682,10
13.0067796707,80.2418365479,51682,51692,10
13.0067501068,80.2427978516,51692,51702,10
13.0067396164,80.2435302734,51702,51712,10
13.0067501068,80.2443084717,51712,51722,10
13.0067501068,80.2448120117,51722,51732,10
13.0067596436,80.2453613281,51732,51742,10
13.006770134,80.2459335327,51742,51752,10
13.0067796707,80.246421814,51752,51762,10
13.0068101883,80.2468414307,51762,51772,10
13.0067596436,80.2473373413,51772,51783,11
13.0067596436,80.2482223511,51783,51793,10
13.0068998337,80.2494888306,51793,51813,20
13.0068998337,80.2494888306,51813,51823,10
13.0068702698,80.2499237061,51823,51833,10
13.0068597794,80.2506408691,51833,51843,10
13.0067996979,80.2515792847,51843,51853,10
13.0066099167,80.2526397705,51853,51863,10
13.0066099167,80.2537078857,51863,51873,10
13.0066404343,80.2545471191,51873,51884,11
13.0066604614,80.2549667358,51884,51894,10
13.0066604614,80.2549819946,51894,51904,10
13.006649971,80.2551574707,51904,51914,10
13.006649971,80.2557525635,51914,51924,10
13.006649971,80.2565689087,51924,51934,10
13.0066699982,80.2568969727,51934,51950,16
13.0066795349,80.2570266724,51950,51962,12
13.0065698624,80.2574386597,51962,51970,8
13.0062599182,80.2574996948,51970,51981,11
13.0056695938,80.2574310303,51981,51993,12
13.0049600601,80.2572479248,51993,52003,10
13.0042295456,80.2570800781,52003,52013,10
13.0035600662,80.256942749,52013,52023,10
13.0031204224,80.2568283081,52023,52033,10
13.0031003952,80.2568206787,52033,52044,11
13.0030202866,80.2567977905,52044,52053,9
13.0026798248,80.2567367554,52053,52063,10
13.0021696091,80.2566375732,52063,52074,11
13.0018501282,80.2565994263,52074,52084,10
13.0015001297,80.2565689087,52084,52145,61
13.0015001297,80.2565689087,52145,52156,11
13.0011301041,80.2565231323,52156,52167,11
13.0005102158,80.2564163208,52167,52177,10
13.0000400543,80.2563476563,52177,52187,10
12.9997301102,80.2562789917,52187,52197,10
12.9991598129,80.256149292,52197,52208,11
12.998459816,80.2560501099,52208,52217,9
12.9978704453,80.2559814453,52217,52228,11
12.9975004196,80.2559585571,52228,52238,10
12.9969797134,80.2559814453,52238,52248,10
12.9969301224,80.256362915,52248,52258,10
12.9968795776,80.2568206787,52258,52268,10
12.9968900681,80.2568817139,52268,52278,10
12.9968395233,80.2572784424,52278,52288,10
12.9967803955,80.2578964233,52288,52299,11
12.996720314,80.2585220337,52299,52309,10
12.9966802597,80.2589263916,52309,52319,10
12.9965696335,80.2595367432,52319,52329,10
12.9964704514,80.2603683472,52329,52339,10
12.9963998795,80.2611618042,52339,52349,10
12.996339798,80.2615966797,52349,52359,10
12.9962997437,80.2619628906,52359,52369,10
12.9962797165,80.2621765137,52369,52379,10
12.9961996078,80.262550354,52379,52389,10
12.9961395264,80.2632293701,52389,52399,10
12.9960603714,80.2640991211,52399,52410,11
12.995929718,80.2652664185,52410,52420,10
12.9958400726,80.266242981,52420,52430,10
12.9957399368,80.2671508789,52430,52440,10
12.9958600998,80.2676315308,52440,52450,10
12.9960403442,80.2676696777,52450,52460,10
12.9961204529,80.2676925659,52460,52470,10
12.9965801239,80.2677764893,52470,52480,10
12.9973402023,80.267616272,52480,52490,10
12.9981298447,80.2674026489,52490,52500,10
12.9989795685,80.2671432495,52500,52511,11
12.9998598099,80.2668075562,52511,52521,10
12.9999303818,80.2667312622,52521,52531,10
12.9999399185,80.2667388916,52531,52541,10
13.000120163,80.2665176392,52541,52551,10
13.0002202988,80.2657775879,52551,52581,30
13.0003204346,80.2659072876,52581,53833,1252
13.0003204346,80.2659072876,53833,53843,10
13.0003004074,80.2662811279,53843,53864,21
13.0003004074,80.2662811279,53864,53874,10
13.0003404617,80.2663497925,53874,53884,10
13.0003099442,80.2667236328,53884,53894,10
13.0000801086,80.2669067383,53894,53904,10
12.9996404648,80.2670516968,53904,53914,10
12.9990596771,80.2675170898,53914,53924,10
12.9982204437,80.2675170898,53924,53934,10
12.9978103638,80.2675704956,53934,53944,10
12.9971399307,80.2677536011,53944,53954,10
12.9961900711,80.2678527832,53954,53964,10
12.9955101013,80.2675170898,53964,53985,21
12.9955101013,80.2675170898,53985,53995,10
12.9956197739,80.2674636841,53995,54005,10
12.9955596924,80.2652282715,54005,54035,30
12.9955596924,80.2652282715,54035,54045,10
12.9961500168,80.262512207,54045,54065,20
12.9961500168,80.262512207,54065,54076,11
12.9961996078,80.2621078491,54076,54086,10
12.9962997437,80.2614364624,54086,54096,10
12.9963903427,80.2605514526,54096,54106,10
12.9964399338,80.2600784302,54106,54116,10
12.9964799881,80.2595062256,54116,54126,10
12.9965600967,80.2588119507,54126,54136,10
12.996629715,80.2581176758,54136,54146,10
12.9967002869,80.2573928833,54146,54156,10
12.9967803955,80.2568817139,54156,54166,10
12.9968299866,80.2563400269,54166,54176,10
12.9968900681,80.2560501099,54176,54235,59
12.9968900681,80.2560501099,54235,54244,9
12.996919632,80.2558670044,54244,54255,11
12.9973201752,80.2558288574,54255,54265,10
12.9979095459,80.2558898926,54265,54275,10
12.9986600876,80.2559814453,54275,54286,11
12.9988002777,80.2559890747,54286,54296,10
12.9989995956,80.2560119629,54296,54306,10
12.9995603561,80.256111145,54306,54316,10
13.0002698898,80.2562637329,54316,54326,10
13.0010404587,80.2564163208,54326,54366,40
13.0010404587,80.2564163208,54366,54376,10
13.0014600754,80.256439209,54376,54387,11
13.0021600723,80.2565307617,54387,54397,10
13.0027198792,80.2566375732,54397,54407,10
13.0033397675,80.2567367554,54407,54417,10
13.0040597916,80.2568588257,54417,54427,10
13.00481987,80.257019043,54427,54437,10
13.0057401657,80.2572402954,54437,54457,20
13.0057401657,80.2572402954,54457,54467,10
13.0059499741,80.2573394775,54467,54477,10
13.0063199997,80.2573699951,54477,54487,10
13.0064201355,80.2569580078,54487,54498,11
13.0064601898,80.2561416626,54498,54508,10
13.0064897537,80.2552871704,54508,54518,10
13.0065002441,80.2545089722,54518,54528,10
13.0065097809,80.2536087036,54528,54538,10
13.0065097809,80.2532272339,54538,54548,10
13.0065002441,80.252822876,54548,54578,30
13.0065002441,80.252822876,54578,54588,10
13.0065498352,80.2526168823,54588,54599,11
13.0066299438,80.2520980835,54599,54609,10
13.0067396164,80.2513275146,54609,54619,10
13.006770134,80.2504730225,54619,54629,10
13.0067501068,80.2499313354,54629,54639,10
13.0067396164,80.2491378784,54639,54648,9
13.0066900253,80.2486877441,54648,54658,10
13.0066604614,80.2484436035,54658,54730,72
13.0066604614,80.2484436035,54730,54740,10
13.0066204071,80.2482299805,54740,54750,10
13.0066099167,80.2478637695,54750,54760,10
13.0066099167,80.2472991943,54760,54770,10
13.0065603256,80.2467193604,54770,54780,10
13.0065402985,80.246673584,54780,54790,10
13.0065603256,80.2464981079,54790,54800,10
13.0066003799,80.2460708618,54800,54811,11
13.0066204071,80.2453765869,54811,54821,10
13.0066204071,80.2449035645,54821,54831,10
13.0066404343,80.2444992065,54831,54841,10
13.0066404343,80.2440032959,54841,54850,9
13.0066204071,80.243560791,54850,54861,11
13.0065698624,80.2429733276,54861,54871,10
13.0065603256,80.2421035767,54871,54881,10
13.0066404343,80.2409973145,54881,54891,10
13.0067996979,80.2400436401,54891,54901,10
13.0069198608,80.239151001,54901,54912,11
13.0071496964,80.2380065918,54912,54922,10
13.0073795319,80.2367401123,54922,54942,20
13.0073795319,80.2367401123,54942,54952,10
13.0074195862,80.236618042,54952,54962,10
13.0075502396,80.2361831665,54962,54972,10
13.0076999664,80.2354812622,54972,54982,10
13.0078601837,80.2346572876,54982,54992,10
13.0080699921,80.2337036133,54992,55002,10
13.008310318,80.2325363159,55002,55013,11
13.0085601807,80.231262207,55013,55023,10
13.008769989,80.2301330566,55023,55033,10
13.0089797974,80.2290802002,55033,55043,10
13.0092096329,80.2281112671,55043,55053,10
13.0096197128,80.2271499634,55053,55063,10
13.0100402832,80.2262191772,55063,55073,10
13.0104198456,80.2255706787,55073,55083,10
13.0104598999,80.225479126,55083,55093,10
13.0105495453,80.2252731323,55093,55103,10
13.010720253,80.2248916626,55103,55113,10
13.0108804703,80.2244110107,55113,55124,11
13.011179924,80.2236709595,55124,55134,10
13.0114297867,80.222869873,55134,55144,10
13.0117702484,80.2219924927,55144,55154,10
13.0120201111,80.2214584351,55154,55164,10
13.0122804642,80.2214584351,55164,55174,10
13.0125398636,80.2217788696,55174,55184,10
13.0129098892,80.2221679688,55184,55194,10
13.0135202408,80.2229614258,55194,55204,10
13.0140600204,80.2235870361,55204,55214,10
13.0144901276,80.224067688,55214,55225,11
13.0150098801,80.2246017456,55225,55235,10
13.0153102875,80.2248001099,55235,55245,10
13.0153503418,80.2248535156,55245,55255,10
13.01541996,80.2249984741,55255,55265,10
13.0158195496,80.2252426147,55265,55275,10
13.016500473,80.2252197266,55275,55285,10
13.0173196793,80.2249221802,55285,55295,10
13.0182199478,80.2245635986,55295,55311,16
13.0193996429,80.224357605,55311,55323,12
13.0195198059,80.2244262695,55323,55334,11
13.0198602676,80.2246322632,55334,55343,9
13.0202703476,80.2249221802,55343,55353,10
13.0207700729,80.2253112793,55353,55364,11
13.0213003159,80.2257232666,55364,55374,10
13.0218400955,80.22605896,55374,55394,20
13.0218400955,80.22605896,55394,55404,10
13.0221099854,80.226272583,55404,55414,10
13.0225801468,80.2266769409,55414,55424,10
13.0231895447,80.2272415161,55424,55435,11
13.0237998962,80.2277984619,55435,55445,10
13.0243501663,80.2284622192,55445,55456,11
13.0247001648,80.2289505005,55456,55466,10
13.0251703262,80.2296066284,55466,55476,10
13.0256004333,80.2302093506,55476,55486,10
13.025759697,80.2304611206,55486,55496,10
13.0258998871,80.2307510376,55496,55506,10
13.025970459,80.2310791016,55506,55516,10
13.0261297226,80.2312088013,55516,55526,10
13.0267400742,80.2310180664,55526,55537,11
13.0276002884,80.2308578491,55537,55547,10
13.0282497406,80.2307891846,55547,55557,10
13.0288200378,80.2307128906,55557,55567,10
13.0289802551,80.23072052,55567,55577,10
13.0291996002,80.2306976318,55577,55587,10
13.0295696259,80.230682373,55587,55597,10
13.0300598145,80.2306365967,55597,55607,10
13.0304203033,80.2306289673,55607,55617,10
13.0307197571,80.2306213379,55617,55627,10
13.0311403275,80.2305984497,55627,55638,11
13.0318202972,80.2305526733,55638,55648,10
13.0325298309,80.2304992676,55648,55658,10
13.0334196091,80.2304000854,55658,55688,30
13.0334196091,80.2304000854,55688,55698,10
13.0335197449,80.2304000854,55698,55708,10
13.0338001251,80.2303390503,55708,55718,10
13.0338096619,80.2303390503,55718,55728,10
13.0341501236,80.2303390503,55728,55749,21
13.0341501236,80.2303390503,55749,55759,10
13.0345697403,80.2302474976,55759,55789,30
13.0345697403,80.2302474976,55789,55799,10
13.0347003937,80.2302322388,55799,55809,10
13.0348701477,80.2303237915,55809,55829,20
13.0348701477,80.2303237915,55829,55839,10
13.0348997116,80.2305374146,55839,55850,11
13.0348997116,80.2310028076,55850,55860,10
13.0347995758,80.2317504883,55860,55870,10
13.0347299576,80.2326507568,55870,55880,10
13.0346298218,80.2334899902,55880,55890,10
13.0345201492,80.2343292236,55890,55900,10
13.0344200134,80.2352294922,55900,55910,10
13.0342798233,80.2362136841,55910,55920,10
13.0343599319,80.2373275757,55920,55961,41
13.0343599319,80.2373275757,55961,55971,10
13.0344400406,80.237739563,55971,55981,10
13.0346603394,80.2380523682,55981,55991,10
13.0349903107,80.2385635376,55991,56001,10
13.0353403091,80.239112854,56001,56011,10
13.0356998444,80.2392578125,56011,56021,10
13.0362596512,80.2393569946,56021,56031,10
13.0370597839,80.2395629883,56031,56041,10
13.0378503799,80.2395935059,56041,56051,10
13.0387601852,80.2396697998,56051,56062,11
13.0392103195,80.239730835,56062,56072,10
13.0395298004,80.2397689819,56072,56082,10
13.0402698517,80.2399368286,56082,56092,10
13.0402803421,80.2399368286,56092,56102,10
13.0403900146,80.2402801514,56102,56112,10
13.0404396057,80.2406311035,56112,56122,10
13.0410995483,80.2404785156,56122,56132,10
13.0411195755,80.2405014038,56132,56142,10
13.0414400101,80.2405395508,56142,56152,10
13.04226017,80.2406997681,56152,56163,11
13.0432500839,80.2408905029,56163,56173,10
13.0439500809,80.2408218384,56173,56183,10
13.0444202423,80.240562439,56183,56193,10
13.0448198318,80.2402267456,56193,56233,40
13.0448198318,80.2402267456,56233,56243,10
13.0448799133,80.2403717041,56243,56253,10
13.0448703766,80.2403488159,56253,56264,11
13.0450601578,80.2401504517,56264,56274,10
13.0455703735,80.2397994995,56274,56284,10
13.0460700989,80.2395019531,56284,56294,10
13.0464296341,80.2395095825,56294,56304,10
13.0465497971,80.2395629883,56304,56314,10
13.0469799042,80.2396621704,56314,56324,10
13.0476999283,80.2398071289,56324,56334,10
13.0483999252,80.2399597168,56334,56344,10
13.0490703583,80.2401123047,56344,56354,10
13.0497703552,80.2402420044,56354,56365,11
13.0499601364,80.2403030396,56365,56375,10
13.0501804352,80.2403411865,56375,56385,10
13.0506296158,80.2404174805,56385,56395,10
13.051150322,80.2405395508,56395,56405,10
13.051609993,80.2406387329,56405,56415,10
13.0521602631,80.2407684326,56415,56425,10
13.0522298813,80.2407836914,56425,56435,10
13.0525598526,80.2413864136,56435,56455,20
13.0525598526,80.2413864136,56455,56466,11
13.0526599884,80.241607666,56466,56476,10
13.0531997681,80.241859436,56476,56486,10
13.0538797379,80.2421722412,56486,56496,10
13.0539398193,80.2421875,56496,56506,10
13.0540399551,80.2422103882,56506,56516,10
13.0544900894,80.2422790527,56516,56526,10
13.0551395416,80.2421875,56526,56536,10
13.0558204651,80.2422409058,56536,56546,10
13.056520462,80.2425384521,56546,56556,10
13.0570001602,80.2426681519,56556,56566,10
13.0576496124,80.2427597046,56566,56577,11
13.0582103729,80.2426528931,56577,56593,16
13.0590295792,80.2423019409,56593,56605,12
13.0595197678,80.2424926758,56605,56615,10
13.0600795746,80.24269104,56615,56625,10
13.0608196259,80.2429504395,56625,56635,10
13.06112957,80.2430267334,56635,56645,10
13.0615301132,80.2431335449,56645,56655,10
13.0620498657,80.2431869507,56655,56665,10
13.0622396469,80.243270874,56665,56675,10
13.0623197556,80.2431335449,56675,56686,11
13.0627098083,80.2432937622,56686,56696,10
13.0632600784,80.2434387207,56696,56706,10
13.0637798309,80.2434768677,56706,56716,10
13.0651102066,80.2434768677,56716,56748,32
13.0651102066,80.2434768677,56748,56756,8
13.0652599335,80.2434387207,56756,56768,12
13.0657501221,80.2434234619,56768,56778,10
13.0660800934,80.2434005737,56778,56789,11
13.0663700104,80.2433166504,56789,56799,10
13.0665597916,80.2431869507,56799,56807,8
13.0668897629,80.2429962158,56807,56819,12
13.0673904419,80.2428436279,56819,56829,10
13.0680999756,80.2426376343,56829,56838,9
13.0686903,80.242477417,56838,56849,11
13.0697402954,80.2420501709,56849,56879,30
13.0697402954,80.2420501709,56879,56890,11
13.0699796677,80.2419967651,56890,56900,10
13.0704498291,80.2418899536,56900,56910,10
13.0711097717,80.2416763306,56910,56920,10
13.0719203949,80.2413024902,56920,56930,10
13.0726499557,80.240852356,56930,56940,10
13.0733699799,80.2406311035,56940,56950,10
13.074139595,80.240447998,56950,56960,10
13.0750703812,80.2404403687,56960,56970,10
13.0760097504,80.2404403687,56970,56980,10
13.0767803192,80.2405471802,56980,56991,11
13.0769796371,80.240562439,56991,57001,10
13.0770797729,80.2405776978,57001,57011,10
13.0771198273,80.2402114868,57011,57021,10
13.0769300461,80.2395477295,57021,57031,10
13.0767602921,80.2389984131,57031,57051,20
13.0767602921,80.2389984131,57051,57061,10
13.0767002106,80.2387619019,57061,57071,10
13.0766496658,80.2385864258,57071,57081,10
13.0766000748,80.2383575439,57081,57092,11
13.0766096115,80.2381591797,57092,57102,10
13.0766201019,80.2381362915,57102,57112,10
13.076499939,80.2376022339,57112,57132,20
13.076499939,80.2376022339,57132,57142,10
13.0764799118,80.2375183105,57142,57152,10
13.0763998032,80.237197876,57152,57162,10
13.0762996674,80.236618042,57162,57172,10
13.076210022,80.2359619141,57172,57182,10
13.0760498047,80.2352218628,57182,57192,10
13.075799942,80.2342681885,57192,57213,21
13.075799942,80.2342681885,57213,57223,10
13.0757598877,80.2341003418,57223,57233,10
13.0759401321,80.2338409424,57233,57243,10
13.0762796402,80.2337799072,57243,57253,10
13.0766601563,80.2337417603,57253,57263,10
13.0770101547,80.2336807251,57263,57273,10
13.0776796341,80.2335891724,57273,57283,10
13.07833004,80.233581543,57283,57293,10
13.079000473,80.2335586548,57293,57304,11
13.0797300339,80.2335510254,57304,57314,10
13.0802202225,80.2335128784,57314,57324,10
13.0802497864,80.2335205078,57324,57334,10
13.0806598663,80.2335128784,57334,57344,10
13.0812397003,80.2335205078,57344,57345,1
13.0813102722,80.2335205078,57345,57346,1
13.0813703537,80.2335205078,57346,57392,46
13.0824604034,80.2315979004,57392,57403,11
13.0827703476,80.2308578491,57403,57413,10
13.0831403732,80.2306671143,57413,57423,10
13.0832195282,80.231262207,57423,57433,10
13.0832395554,80.2321166992,57433,57443,10
13.0833501816,80.2327804565,57443,57453,10
13.0834302902,80.232963562,57453,57463,10
13.0834999084,80.2332000732,57463,57473,10
13.0835800171,80.2337417603,57473,57485,12
13.0840196609,80.2338867188,57485,57506,21
13.0840196609,80.2338867188,57506,57517,11
13.084280014,80.2339630127,57517,57527,10
13.0847997665,80.2340774536,57527,57537,10
13.0853796005,80.2342376709,57537,57547,10
13.0861997604,80.2344512939,57547,57557,10
13.0867395401,80.2345428467,57557,57567,10
13.0873403549,80.2345199585,57567,57577,10
13.0881500244,80.2343902588,57577,57587,10
13.0879898071,80.2333068848,57587,57597,10
13.0881996155,80.2324829102,57597,57608,11
13.0884799957,80.2314910889,57608,57618,10
13.088760376,80.23072052,57618,57628,10
13.0888996124,80.2303009033,57628,57638,10
13.0888900757,80.2304000854,57638,57648,10
13.0890903473,80.2301101685,57648,57658,10
13.0894203186,80.2295074463,57658,57668,10
13.0900001526,80.2288131714,57668,57678,10
13.0906200409,80.2281265259,57678,57688,10
13.0911903381,80.2275238037,57688,57698,10
13.091460228,80.2272491455,57698,57708,10
13.091460228,80.2272567749,57708,57719,11
13.091460228,80.2272415161,57719,57729,10
13.0917701721,80.2269210815,57729,57739,10
13.0922803879,80.2264022827,57739,57749,10
13.0926303864,80.2260513306,57749,57759,10
13.093079567,80.2255783081,57759,57768,9
13.0935401917,80.225112915,57768,57778,10
13.0939302444,80.2246627808,57778,57788,10
13.0943803787,80.2239990234,57788,57799,11
13.0949401855,80.223197937,57799,57809,10
13.0951700211,80.22265625,57809,57820,11
13.0952596664,80.2226791382,57820,57830,10
13.0953502655,80.2221908569,57830,57840,10
13.0956001282,80.221496582,57840,57850,10
13.0958404541,80.2208709717,57850,57860,10
13.0960903168,80.2201919556,57860,57870,10
13.0963001251,80.2195281982,57870,57880,10
13.0963001251,80.2192764282,57880,57890,10
13.0963497162,80.2192764282,57890,57900,10
13.0964803696,80.2191162109,57900,57910,10
13.0965995789,80.2187271118,57910,57920,10
13.0967798233,80.2181930542,57920,57931,11
13.0970401764,80.2173995972,57931,57941,10
13.0971899033,80.2169036865,57941,57951,10
13.0972003937,80.2169036865,57951,57961,10
13.0972995758,80.2166900635,57961,57971,10
13.0974998474,80.2161712646,57971,57981,10
13.0977802277,80.2154693604,57981,57991,10
13.0981397629,80.2146911621,57991,58001,10
13.0983104706,80.2143173218,58001,58011,10
13.0984201431,80.2141113281,58011,58021,10
13.0987901688,80.2140426636,58021,58032,11
13.0993099213,80.2142410278,58032,58042,10
13.0998697281,80.2144012451,58042,58052,10
13.1002998352,80.2145385742,58052,58082,30
13.1002998352,80.2145385742,58082,58092,10
13.100569725,80.2146224976,58092,58122,30
13.100569725,80.2146224976,58122,58133,11
13.1006402969,80.2147064209,58133,58143,10
13.1004600525,80.2151107788,58143,58153,10
13.1000404358,80.2160415649,58153,58183,30
13.1000404358,80.2160415649,58183,58193,10
13.0998601913,80.2160186768,58193,58203,10
13.0999803543,80.2157211304,58203,58213,10
13.1001796722,80.2153167725,58213,58223,10
13.1002998352,80.2149200439,58223,58264,41
13.1002998352,80.2149200439,58264,58274,10
13.1002702713,80.2149505615,58274,58738,464
13.1002702713,80.2149505615,58738,58748,10
13.1002397537,80.2147216797,58748,58759,11
13.1000204086,80.2145004272,58759,58769,10
13.0997495651,80.2144393921,58769,58779,10
13.0992803574,80.2143173218,58779,58789,10
13.0987596512,80.2141876221,58789,58799,10
13.0983800888,80.2140808105,58799,58809,10
13.0979099274,80.2138519287,58809,58849,40
13.0979099274,80.2138519287,58849,58860,11
13.0975103378,80.2164077759,58860,58870,10
13.0973796844,80.216796875,58870,58880,10
13.0975599289,80.2168197632,58880,58890,10
13.0973396301,80.2170181274,58890,58900,10
13.0969800949,80.2176971436,58900,58910,10
13.096739769,80.218421936,58910,58920,10
13.096449852,80.219543457,58920,58941,21
13.096449852,80.219543457,58941,58950,9
13.0957298279,80.221496582,58950,58961,11
13.0955200195,80.2220916748,58961,58971,10
13.0953798294,80.2224807739,58971,58981,10
13.0952796936,80.2227325439,58981,58991,10
13.0950298309,80.2232971191,58991,59001,10
13.0945901871,80.2239608765,59001,59011,10
13.0940799713,80.2246398926,59011,59021,10
13.0935497284,80.2252807617,59021,59031,10
13.0930099487,80.2258224487,59031,59041,10
13.0925102234,80.2263183594,59041,59051,10
13.0919704437,80.2268829346,59051,59062,11
13.0912303925,80.2276535034,59062,59082,20
13.0912303925,80.2276535034,59082,59092,10
13.0910100937,80.2278366089,59092,59102,10
13.0905399323,80.2283706665,59102,59112,10
13.0899896622,80.2289810181,59112,59122,10
13.0894699097,80.2296218872,59122,59132,10
13.0891895294,80.2301635742,59132,59142,10
13.089099884,80.2304000854,59142,59152,10
13.0888700485,80.2309188843,59152,59162,10
13.0888500214,80.2309799194,59162,59173,11
13.088760376,80.2310791016,59173,59183,10
13.0886201859,80.2314987183,59183,59193,10
13.088350296,80.2321395874,59193,59203,10
13.0881795883,80.2328262329,59203,59213,10
13.0880203247,80.2339477539,59213,59223,10
13.0877504349,80.2345962524,59223,59233,10
13.0872097015,80.2346878052,59233,59243,10
13.0867204666,80.2346725464,59243,59253,10
13.0861196518,80.2344436646,59253,59263,10
13.0852804184,80.2344284058,59263,59274,11
13.0846395493,80.2347335815,59274,59284,10
13.0841798782,80.234916687,59284,59294,10
13.0836296082,80.2338790894,59294,59304,10
13.0830001831,80.2338180542,59304,59314,10
13.0827198029,80.2338027954,59314,59324,10
13.0821199417,80.2335586548,59324,59334,10
13.081700325,80.2335128784,59334,59344,10
13.0812597275,80.2335281372,59344,59355,11
13.0811300278,80.233543396,59355,59364,9
13.081990242,80.2336578369,59364,59375,11
13.0816602707,80.2335662842,59375,59385,10
13.0811300278,80.2336273193,59385,59395,10
13.0805397034,80.2336196899,59395,59405,10
13.0799703598,80.2336273193,59405,59415,10
13.0799703598,80.233543396,59415,59425,10
13.0797996521,80.2335891724,59425,59435,10
13.0796804428,80.2335205078,59435,59445,10
13.0795402527,80.2335205078,59445,59455,10
13.0792798996,80.2335968018,59455,59465,10
13.0789003372,80.2335968018,59465,59475,10
13.0782804489,80.2337188721,59475,59486,11
13.0773601532,80.2337188721,59486,59496,10
13.0765399933,80.2338409424,59496,59516,20
13.0765399933,80.2338409424,59516,59526,10
13.0758104324,80.2344894409,59526,59536,10
13.075050354,80.2350082397,59536,59617,81
13.0768499374,80.237701416,59617,59647,30
13.0768499374,80.237701416,59647,59658,11
13.0769100189,80.2391433716,59658,59667,9
13.0769500732,80.2392883301,59667,59678,11
13.0770397186,80.2394866943,59678,59688,10
13.0770702362,80.2395401001,59688,59698,10
13.0770101547,80.2398376465,59698,59708,10
13.0771799088,80.2404022217,59708,59718,10
13.0772304535,80.2406463623,59718,59728,10
13.0772895813,80.2406692505,59728,59738,10
13.0778102875,80.2412109375,59738,59748,10
13.0781202316,80.2415390015,59748,59758,10
13.0772199631,80.2404327393,59758,59768,10
13.0771999359,80.2404632568,59768,59779,11
13.0773601532,80.240737915,59779,59788,9
13.0774297714,80.2412414551,59788,59799,11
13.0775203705,80.2418136597,59799,59809,10
13.0777101517,80.2426528931,59809,59819,10
13.0778398514,80.2435913086,59819,59829,10
13.0778198242,80.2444534302,59829,59839,10
13.0779895782,80.2452011108,59839,59849,10
13.0779895782,80.2462081909,59849,59859,10
13.0782299042,80.2473068237,59859,59869,10
13.0785598755,80.2493972778,59869,59940,71
13.0785598755,80.2493972778,59940,59950,10
13.0771598816,80.2519607544,59950,59960,10
13.0761203766,80.2522964478,59960,59971,11
13.0745201111,80.2522277832,59971,59991,20
13.0745201111,80.2522277832,59991,60001,10
13.074090004,80.2523498535,60001,60011,10
13.0736103058,80.2525100708,60011,60021,10
13.0727901459,80.2524032593,60021,60031,10
13.0722703934,80.2522583008,60031,60041,10
13.0720701218,80.2518920898,60041,60051,10
13.072019577,80.2514724731,60051,60061,10
13.071969986,80.2510986328,60061,60072,11
13.0719499588,80.2509765625,60072,60081,9
13.071559906,80.2492599487,60081,60091,10
13.0713396072,80.2477111816,60091,60142,51
13.0713396072,80.2477111816,60142,60152,10
13.0694999695,80.2438430786,60152,60162,10
13.0690698624,80.2432785034,60162,60213,51
13.0690698624,80.2432785034,60213,60223,10
13.0677404404,80.2429122925,60223,60233,10
13.06690979,80.2432327271,60233,60243,10
13.0662298203,80.2435073853,60243,60253,10
13.0661096573,80.2439193726,60253,60263,10
13.0662298203,80.244430542,60263,60273,10
13.0663604736,80.2450866699,60273,60283,10
13.0664596558,80.2456283569,60283,60294,11
13.0664796829,80.2457885742,60294,60303,9
13.0679197311,80.2465667725,60303,60324,21
13.0680103302,80.2466812134,60324,60354,30
13.0680103302,80.2466812134,60354,60364,10
13.0668497086,80.2478637695,60364,60374,10
13.0648403168,80.2481918335,60374,60435,61
13.0614595413,80.246887207,60435,60465,30
13.0614595413,80.246887207,60465,60475,10
13.0628404617,80.2447509766,60475,60485,10
13.0631198883,80.2444229126,60485,60495,10
13.063369751,80.2442474365,60495,60505,10
13.0631399155,80.244468689,60505,60516,11
13.0633802414,80.2438735962,60516,60526,10
13.0634498596,80.2434921265,60526,60536,10
13.0630598068,80.2434463501,60536,60546,10
13.0625400543,80.2433624268,60546,60556,10
13.0622701645,80.2433166504,60556,60566,10
13.0619602203,80.243270874,60566,60576,10
13.0618495941,80.2432098389,60576,60586,10
13.0614700317,80.2431488037,60586,60597,11
13.0609197617,80.243019104,60597,60606,9
13.0606603622,80.2429504395,60606,60616,10
13.059709549,80.24269104,60616,60627,11
13.0591001511,80.2426071167,60627,60637,10
13.0586500168,80.2426376343,60637,60647,10
13.0585203171,80.2426834106,60647,60657,10
13.0581598282,80.2427368164,60657,60667,10
13.0576601028,80.2428283691,60667,60677,10
13.0573596954,80.2428512573,60677,60687,10
13.0570497513,80.2428283691,60687,60697,10
13.0566596985,80.242729187,60697,60707,10
13.0562000275,80.2425231934,60707,60717,10
13.0558300018,80.2423171997,60717,60728,11
13.0552396774,80.2423171997,60728,60738,10
13.0545501709,80.2424316406,60738,60748,10
13.0537004471,80.2422790527,60748,60768,20
13.0537004471,80.2422790527,60768,60778,10
13.0535202026,80.2421798706,60778,60788,10
13.0528497696,80.2418670654,60788,60839,51
13.0528497696,80.2418670654,60839,60849,10
13.0526599884,80.241859436,60849,60859,10
13.0523195267,80.2415084839,60859,60869,10
13.0519599915,80.240852356,60869,60889,20
13.0519599915,80.240852356,60889,60899,10
13.0517196655,80.2407302856,60899,60915,16
13.0513296127,80.2406387329,60915,60927,12
13.0509004593,80.240562439,60927,60938,11
13.0504198074,80.2404632568,60938,60948,10
13.0501203537,80.2404098511,60948,60958,10
13.0498199463,80.2403411865,60958,60968,10
13.0495901108,80.2402801514,60968,60978,10
13.0494403839,80.2402420044,60978,60987,9
13.0493402481,80.2402191162,60987,60998,11
13.0490198135,80.2401504517,60998,61007,9
13.0485200882,80.2400512695,61007,61017,10
13.0478000641,80.239906311,61017,61028,11
13.0472698212,80.2397918701,61028,61039,11
13.0467596054,80.2396774292,61039,61049,10
13.046210289,80.2395172119,61049,61059,10
13.0462799072,80.2392730713,61059,61069,10
13.0463695526,80.2387466431,61069,61079,10
13.0465202332,80.2380065918,61079,61089,10
13.04666996,80.2372894287,61089,61099,10
13.0467700958,80.2367782593,61099,61109,10
13.0469198227,80.2362365723,61109,61119,10
13.0469799042,80.2358169556,61119,61129,10
13.0470104218,80.2356414795,61129,61139,10
13.0470695496,80.235206604,61139,61150,11
13.0471696854,80.2344818115,61150,61160,10
13.0472602844,80.2337417603,61160,61170,10
13.0472803116,80.2332305908,61170,61180,10
13.0471401215,80.2330474854,61180,61190,10
13.0466499329,80.2329711914,61190,61200,10
13.0459699631,80.2328414917,61200,61210,10
13.04529953,80.232711792,61210,61220,10
13.0451402664,80.2326889038,61220,61230,10
13.0450296402,80.2326507568,61230,61240,10
13.0446195602,80.2325592041,61240,61257,17
13.043390274,80.232383728,61257,61269,12
13.0424995422,80.2323684692,61269,61279,10
13.0418100357,80.2322998047,61279,61289,10
13.0410404205,80.2321090698,61289,61299,10
13.0401000977,80.2317886353,61299,61309,10
13.0394001007,80.2315979004,61309,61317,8
13.038479805,80.231338501,61317,61329,12
13.0371904373,80.2310562134,61329,61341,12
13.0367298126,80.2307510376,61341,61352,11
13.0366802216,80.2306213379,61352,61362,10
13.0362501144,80.2305221558,61362,61372,10
13.0356302261,80.2303237915,61372,61382,10
13.0350103378,80.2300872803,61382,61392,10
13.0349397659,80.2300720215,61392,61402,10
13.0352497101,80.2303390503,61402,61453,51
13.0352497101,80.2303390503,61453,61463,10
13.0351600647,80.2302627563,61463,61473,10
13.0347995758,80.2302780151,61473,61483,10
13.0344200134,80.2303619385,61483,61493,10
13.0341100693,80.2304229736,61493,61503,10
13.0334796906,80.2304992676,61503,61522,19
13.0334796906,80.2304992676,61522,61533,11
13.0332603455,80.2304992676,61533,61543,10
13.0327701569,80.2305297852,61543,61554,11
13.0320796967,80.2306137085,61554,61564,10
13.0314903259,80.2306671143,61564,61574,10
13.0309000015,80.23072052,61574,61584,10
13.0305700302,80.2307510376,61584,61594,10
13.0300397873,80.230796814,61594,61604,10
13.0295600891,80.2308578491,61604,61614,10
13.0290298462,80.2309112549,61614,61624,10
13.0283098221,80.2309875488,61624,61634,10
13.0277004242,80.2310714722,61634,61644,10
13.027680397,80.2314605713,61644,61661,17
13.0278396606,80.2324905396,61661,61673,12
13.0276498795,80.2328796387,61673,61683,10
13.0272397995,80.2329177856,61683,61693,10
13.0268297195,80.2329788208,61693,61703,10
13.02643013,80.2329330444,61703,61713,10
13.0261697769,80.2322235107,61713,61733,20
13.0261697769,80.2322235107,61733,61743,10
13.0260801315,80.2318572998,61743,61752,9
13.0260000229,80.231552124,61752,61764,12
13.0257797241,80.2307510376,61764,61774,10
13.0253295898,80.2299804688,61774,61784,10
13.0247802734,80.2292785645,61784,61794,10
13.0241699219,80.2285232544,61794,61814,20
13.0241699219,80.2285232544,61814,61824,10
13.0241203308,80.2284622192,61824,61834,10
13.0239200592,80.2282028198,61834,61844,10
13.0237398148,80.2279891968,61844,61854,10
13.0233697891,80.2276229858,61854,61864,10
13.0228004456,80.2270812988,61864,61875,11
13.022480011,80.2267608643,61875,61885,10
13.02202034,80.226348877,61885,61895,10
13.0214700699,80.2258987427,61895,61911,16
13.0205402374,80.2252197266,61911,61923,12
13.0201597214,80.2249603271,61923,61931,8
13.0198402405,80.2247390747,61931,61943,12
13.019080162,80.2244567871,61943,61953,10
13.0182600021,80.2246780396,61953,61963,10
13.0174198151,80.2250289917,61963,61974,11
13.0166597366,80.2253494263,61974,61984,10
13.0164003372,80.2254714966,61984,61994,10
13.0159502029,80.2256317139,61994,62003,9
13.0154304504,80.2258224487,62003,62013,10
13.0148296356,80.2260513306,62013,62024,11
13.0145902634,80.2261810303,62024,62035,11
13.014380455,80.2262420654,62035,62045,10
13.0137796402,80.2265014648,62045,62055,10
13.0129804611,80.2268218994,62055,62065,10
13.0120296478,80.2272033691,62065,62076,11
13.0108098984,80.2276687622,62076,62086,10
13.0096902847,80.2281112671,62086,62096,10
13.0090799332,80.2289428711,62096,62106,10
13.0088300705,80.230178833,62106,62116,10
13.0085897446,80.2314605713,62116,62126,10
13.0083503723,80.2326889038,62126,62136,10
13.0082397461,80.2336196899,62136,62146,10
13.0081596375,80.2338790894,62146,62156,10
13.0079498291,80.2350006104,62156,62177,21
13.0079498291,80.2350006104,62177,62187,10
13.0079097748,80.2352371216,62187,62197,10
13.0077896118,80.2358398438,62197,62207,10
13.0076198578,80.236656189,62207,62217,10
13.0074300766,80.2375564575,62217,62227,10
13.0072603226,80.2384719849,62227,62237,10
13.0070800781,80.2394485474,62237,62247,10
13.0069904327,80.240196228,62247,62278,31
13.0069904327,80.240196228,62278,62288,10
13.0072002411,80.2404174805,62288,62298,10
13.0074596405,80.2407608032,62298,62308,10
13.007610321,80.2409667969,62308,62318,10
13.0070199966,80.2403030396,62318,62328,10
13.0068597794,80.2404022217,62328,62338,10
13.0066604614,80.240852356,62338,62399,61
13.0066604614,80.240852356,62399,62409,10
13.0067996979,80.2409896851,62409,62419,10
13.0066404343,80.2415313721,62419,62429,10
13.0067396164,80.2423934937,62429,62439,10
13.0067100525,80.2431335449,62439,62449,10
13.0067195892,80.243850708,62449,62459,10
13.0067195892,80.2447662354,62459,62469,10
13.0067501068,80.2456588745,62469,62478,9
13.0073699951,80.2471389771,62478,62611,133
13.0073699951,80.2471389771,62611,62621,10
13.0068998337,80.2509002686,62621,62631,10
13.0068902969,80.2513580322,62631,62641,10
13.0067796707,80.2517776489,62641,62651,10
13.0066404343,80.2524108887,62651,62661,10
13.0066995621,80.2526931763,62661,62671,10
13.0067596436,80.2531509399,62671,62681,10
13.0067501068,80.253578186,62681,62692,11
13.0067796707,80.2539520264,62692,62833,141
13.0067796707,80.2539520264,62833,62843,10
13.0067501068,80.2539367676,62843,62863,20
13.0067300797,80.2539825439,62863,62965,102
13.0067300797,80.2539825439,62965,62975,10
13.0067596436,80.2539520264,62975,62984,9
13.0069999695,80.2541732788,62984,63006,22
13.0069999695,80.2541732788,63006,63016,10
13.0067501068,80.2539367676,63016,63026,10
13.0066795349,80.2539367676,63026,63036,10
13.0066604614,80.2541885376,63036,63046,10
13.0066699982,80.2544784546,63046,63056,10
13.006649971,80.2548217773,63056,63066,10
13.006649971,80.255279541,63066,63076,10
13.0066604614,80.2559280396,63076,63086,10
13.0066604614,80.2565536499,63086,63096,10
13.0067100525,80.2572174072,63096,63167,71
13.0067100525,80.2572174072,63167,63177,10
13.0067396164,80.2574081421,63177,63187,10
13.006819725,80.2578201294,63187,63197,10
13.0071201324,80.2582778931,63197,63208,11
13.0075902939,80.2587280273,63208,63218,10
13.0079698563,80.2589035034,63218,63228,10
13.0080404282,80.2592010498,63228,63238,10
13.0075397491,80.2593231201,63238,63248,10
13.0072603226,80.2588806152,63248,63258,10
13.0072402954,80.2588272095,63258,63268,10
13.0071001053,80.2585296631,63268,63278,10
13.0068597794,80.2581100464,63278,63288,10
13.0066003799,80.2577590942,63288,63309,21
13.0066003799,80.2577590942,63309,63319,10
13.006480217,80.2574996948,63319,63328,9
13.0064897537,80.2571716309,63328,63338,10
13.0065002441,80.2568511963,63338,63349,11
13.006480217,80.2562789917,63349,63359,10
13.0065002441,80.2557907104,63359,63369,10
13.0065002441,80.2551803589,63369,63379,10
13.0065097809,80.2544021606,63379,63389,10
13.0065002441,80.2537384033,63389,63399,10
13.006480217,80.2532119751,63399,63409,10
13.0064897537,80.2530822754,63409,63420,11
13.0064897537,80.2526626587,63420,63430,10
13.0064897537,80.2526016235,63430,63440,10
13.0064897537,80.252532959,63440,63450,10
13.0065603256,80.2521820068,63450,63460,10
13.0066795349,80.2515792847,63460,63470,10
13.0067501068,80.2509765625,63470,63480,10
13.0067396164,80.2504882813,63480,63490,10
13.0067396164,80.2498016357,63490,63531,41
13.0067396164,80.2498016357,63531,63541,10
13.0067396164,80.2492599487,63541,63551,10
13.0066995621,80.248840332,63551,63561,10
13.0066604614,80.2484436035,63561,63571,10
13.0066299438,80.2480392456,63571,63581,10
13.0066299438,80.247543335,63581,63591,10
13.006649971,80.2470169067,63591,63601,10
13.0065603256,80.2465591431,63601,63611,10
13.0065698624,80.2465515137,63611,63622,11
13.0066003799,80.2463912964,63622,63632,10
13.0065898895,80.2459564209,63632,63642,10
13.0065898895,80.2454528809,63642,63652,10
13.0065803528,80.2450790405,63652,63662,10
13.0066003799,80.2448883057,63662,63672,10
13.0066003799,80.244682312,63672,63682,10
13.0066003799,80.2443466187,63682,63692,10
13.0066099167,80.2440795898,63692,63702,10
13.0065803528,80.2437210083,63702,63712,10
13.0065803528,80.2435073853,63712,63723,11
13.0065603256,80.2430725098,63723,63733,10
13.0065498352,80.2424316406,63733,63743,10
13.0065603256,80.2417221069,63743,63753,10
13.0066299438,80.240852356,63753,63854,101
13.0066299438,80.240852356,63854,63864,10
13.006649971,80.2405700684,63864,63874,10
13.0067195892,80.2402496338,63874,63884,10
13.0068502426,80.2396621704,63884,63894,10
13.0069799423,80.2389297485,63894,63904,10
13.0071401596,80.2381668091,63904,63914,10
13.0073003769,80.2375335693,63914,63925,11
13.0073900223,80.2369689941,63925,63935,10
13.0074100494,80.2367477417,63935,63955,20
13.0074100494,80.2367477417,63955,63965,10
13.0074300766,80.2366714478,63965,63975,10
13.0075302124,80.236328125,63975,63985,10
13.0076303482,80.2358169556,63985,63995,10
13.0077199936,80.2353897095,63995,64005,10
13.0078201294,80.2349624634,64005,64015,10
13.0079298019,80.2343826294,64015,64025,10
13.0080699921,80.2336425781,64025,64036,11
13.0082302094,80.2327880859,64036,64046,10
13.0083799362,80.2319564819,64046,64056,10
13.0085296631,80.2311630249,64056,64066,10
13.0087003708,80.2303619385,64066,64076,10
13.0088500977,80.2295837402,64076,64086,10
13.0089998245,80.2288131714,64086,64096,10
13.00922966,80.2280426025,64096,64106,10
13.0095701218,80.2273025513,64106,64116,10
13.0099401474,80.2265014648,64116,64126,10
13.0102596283,80.2258377075,64126,64137,11
13.0105600357,80.2253112793,64137,64147,10
13.0106801987,80.2250595093,64147,64157,10
13.0108098984,80.2247619629,64157,64167,10
13.0109901428,80.224319458,64167,64177,10
13.011179924,80.2238388062,64177,64187,10
13.0113401413,80.2232666016,64187,64197,10
13.0115499496,80.2227172852,64197,64207,10
13.0118398666,80.2219467163,64207,64217,10
13.0121803284,80.221496582,64217,64226,9
13.0123596191,80.2215118408,64226,64237,11
13.0126399994,80.2219467163,64237,64248,11
13.0130996704,80.2225189209,64248,64258,10
13.0136098862,80.2230606079,64258,64268,10
13.0140800476,80.2235794067,64268,64278,10
13.0144500732,80.2240371704,64278,64288,10
13.0148696899,80.2244415283,64288,64298,10
13.015080452,80.2246322632,64298,64308,10
13.0154895782,80.2249526978,64308,64349,41
13.0154895782,80.2249526978,64349,64359,10
13.0156402588,80.2251281738,64359,64369,10
13.0159702301,80.2253265381,64369,64379,10
13.0165596008,80.2253189087,64379,64389,10
13.0172901154,80.2250366211,64389,64399,10
13.0180997849,80.2247161865,64399,64409,10
13.0188798904,80.2244033813,64409,64419,10
13.019370079,80.2243804932,64419,64429,10
13.0193796158,80.2244033813,64429,64439,10
13.0195798874,80.2245483398,64439,64450,11
13.0198802948,80.2247161865,64450,64460,10
13.0202999115,80.2250137329,64460,64470,10
13.0207996368,80.2253570557,64470,64480,10
13.021320343,80.2257003784,64480,64490,10
13.0218200684,80.2260437012,64490,64500,10
13.0218801498,80.2260665894,64500,64520,20
13.0218801498,80.2260665894,64520,64530,10
13.0222196579,80.2263793945,64530,64540,10
13.0227203369,80.2268218994,64540,64551,11
13.0232696533,80.2273635864,64551,64561,10
13.0236797333,80.2276992798,64561,64571,10
13.0239601135,80.2279663086,64571,64581,10
13.0241603851,80.2282028198,64581,64591,10
13.0243396759,80.2284317017,64591,64601,10
13.0246601105,80.2288665771,64601,64611,10
13.0249795914,80.229309082,64611,64621,10
13.0253896713,80.2298202515,64621,64631,10
13.0256996155,80.2302322388,64631,64640,9
13.025759697,80.2303390503,64640,64702,62
13.025759697,80.2303390503,64702,64712,10
13.0258998871,80.2306594849,64712,64722,10
13.0259599686,80.2308578491,64722,64732,10
13.02602005,80.2311935425,64732,64742,10
13.0262899399,80.2313232422,64742,64752,10
13.0269298553,80.2311706543,64752,64763,11
13.0277004242,80.2309799194,64763,64773,10
13.028459549,80.2309188843,64773,64783,10
13.0289897919,80.2308578491,64783,64803,20
13.0289897919,80.2308578491,64803,64813,10
13.0291795731,80.2308425903,64813,64823,10
13.0295095444,80.230796814,64823,64833,10
13.0298404694,80.230758667,64833,64843,10
13.0300598145,80.2307434082,64843,64853,10
13.0303297043,80.2307434082,64853,64864,11
13.0305099487,80.2307281494,64864,64874,10
13.030790329,80.2307128906,64874,64884,10
13.0312995911,80.230682373,64884,64894,10
13.0317697525,80.2306289673,64894,64904,10
13.0322904587,80.2305908203,64904,64914,10
13.0326404572,80.2305526733,64914,64924,10
13.0329399109,80.2305297852,64924,64934,10
13.0333499908,80.2305221558,64934,64965,31
13.0333499908,80.2305221558,64965,64975,10
13.0335798264,80.2305221558,64975,64985,10
13.0338497162,80.2304382324,64985,65015,30
13.0342302322,80.2304000854,65015,65076,61
13.0342302322,80.2304000854,65076,65086,10
13.0344495773,80.2303695679,65086,65102,16
13.0347700119,80.2303237915,65102,65114,12
13.0349502563,80.2306137085,65114,65122,8
13.0349998474,80.2307281494,65122,65134,12
13.0350103378,80.2308425903,65134,65143,9
13.0349903107,80.2311172485,65143,65154,11
13.0348997116,80.2315979004,65154,65164,10
13.0347995758,80.2322463989,65164,65175,11
13.0346899033,80.2330780029,65175,65184,9
13.0346002579,80.2336425781,65184,65195,11
13.0344800949,80.2344818115,65195,65204,9
13.0343904495,80.2351989746,65204,65215,11
13.0343103409,80.2359237671,65215,65224,9
13.0342597961,80.2366027832,65224,65235,11
13.034239769,80.237197876,65235,65276,41
13.034239769,80.237197876,65276,65286,10
13.0343103409,80.2374801636,65286,65296,10
13.0344896317,80.23777771,65296,65306,10
13.0346403122,80.2380828857,65306,65316,10
13.0349597931,80.2385482788,65316,65326,10
13.0353002548,80.2390594482,65326,65335,9
13.035610199,80.2394104004,65335,65345,10
13.0361099243,80.2394485474,65345,65356,11
13.0366201401,80.2395095825,65356,65366,10
13.037150383,80.2395629883,65366,65377,11
13.0376901627,80.2396011353,65377,65387,10
13.0383300781,80.2397003174,65387,65397,10
13.0389795303,80.2397766113,65397,65407,10
13.0394897461,80.2398376465,65407,65417,10
13.0399904251,80.2398910522,65417,65427,10
13.0401697159,80.2399291992,65427,65437,10
13.0403604507,80.2400131226,65437,65447,10
13.0403995514,80.2403793335,65447,65457,10
13.0406999588,80.2405471802,65457,65467,10
13.04088974,80.2405776978,65467,65477,10
13.0409898758,80.2406234741,65477,65488,11
13.0413599014,80.2406082153,65488,65498,10
13.0418300629,80.2406997681,65498,65508,10
13.042309761,80.2407531738,65508,65518,10
13.0428695679,80.240852356,65518,65528,10
13.043589592,80.2409362793,65528,65538,10
13.0441198349,80.2408828735,65538,65548,10
13.0447597504,80.2403869629,65548,65619,71
13.0447597504,80.2403869629,65619,65629,10
13.044839859,80.2403488159,65629,65639,10
13.0451803207,80.2401428223,65639,65649,10
13.0456495285,80.2397918701,65649,65659,10
13.046500206,80.2395935059,65659,65679,20
13.046500206,80.2395935059,65679,65690,11
13.0465898514,80.2396316528,65690,65700,10
13.0469198227,80.2397003174,65700,65710,10
13.0474596024,80.2398223877,65710,65720,10
13.0477695465,80.2398910522,65720,65730,10
13.0480499268,80.2399368286,65730,65739,9
13.0485496521,80.2400283813,65739,65750,11
13.0489997864,80.2401275635,65750,65760,10
13.0495004654,80.2402420044,65760,65770,10
13.0500001907,80.2403488159,65770,65780,10
13.0505104065,80.240447998,65780,65790,10
13.0509195328,80.2405395508,65790,65801,11
13.0515899658,80.2406692505,65801,65811,10
13.052280426,80.2408370972,65811,65821,10
13.0525598526,80.241317749,65821,65831,10
13.052980423,80.2418212891,65831,65841,10
13.0539102554,80.2422332764,65841,65861,20
13.0539102554,80.2422332764,65861,65871,10
13.0540599823,80.2422637939,65871,65881,10
13.0546398163,80.2423477173,65881,65891,10
13.0558395386,80.2423019409,65891,65952,61
13.0558395386,80.2423019409,65952,65962,10
13.0560903549,80.2424087524,65962,65972,10
13.0565500259,80.2426376343,65972,66013,41
13.0565500259,80.2426376343,66013,66023,10
13.0567798615,80.2426300049,66023,66033,10
13.0570602417,80.2427597046,66033,66043,10
13.0573596954,80.2428283691,66043,66053,10
13.057800293,80.2427597046,66053,66063,10
13.0583496094,80.2426376343,66063,66073,10
13.058839798,80.2425537109,66073,66083,10
13.059419632,80.2425079346,66083,66093,10
13.059800148,80.2426681519,66093,66104,11
13.0604295731,80.2428970337,66104,66114,10
13.0609502792,80.2430801392,66114,66124,10
13.0613603592,80.2431869507,66124,66134,10
13.0617904663,80.243270874,66134,66144,10
13.0622997284,80.243347168,66144,66164,20
13.0622997284,80.243347168,66164,66174,10
13.0624303818,80.2433700562,66174,66184,10
13.0628299713,80.2434310913,66184,66194,10
13.0634698868,80.2435302734,66194,66210,16
13.0639295578,80.243522644,66210,66223,13
13.0643997192,80.2435302734,66223,66233,10
13.0649404526,80.2434921265,66233,66324,91
13.0649404526,80.2434921265,66324,66334,10
13.0651197433,80.2435684204,66334,66344,10
13.0655002594,80.243560791,66344,66354,10
13.0658502579,80.243522644,66354,66364,10
13.0660295486,80.2435073853,66364,66374,10
13.0661497116,80.2434616089,66374,66384,10
13.0663795471,80.2434005737,66384,66394,10
13.0667295456,80.2432785034,66394,66404,10
13.067199707,80.2431182861,66404,66415,11
13.0676803589,80.2428894043,66415,66425,10
13.0682697296,80.2427215576,66425,66435,10
13.0688695908,80.2425231934,66435,66445,10
13.0694904327,80.2422637939,66445,66455,10
13.0699195862,80.2421112061,66455,66475,20
13.0699195862,80.2421112061,66475,66485,10
13.0700597763,80.2420806885,66485,66495,10
13.0703496933,80.2419967651,66495,66505,10
13.0707197189,80.2418670654,66505,66516,11
13.0712099075,80.2416763306,66516,66526,10
13.0718898773,80.2413635254,66526,66536,10
13.0724496841,80.2410202026,66536,66546,10
13.0728302002,80.2408370972,66546,66556,10
13.0731897354,80.2407302856,66556,66566,10
13.0735797882,80.2406234741,66566,66576,10
13.0742502213,80.2405014038,66576,66586,10
13.0750703812,80.2405014038,66586,66596,10
13.0758104324,80.2405014038,66596,66606,10
13.0765104294,80.240562439,66606,66616,10
13.0767803192,80.2406234741,66616,66627,11
13.0768098831,80.2406234741,66627,66637,10
13.0769996643,80.2406311035,66637,66647,10
13.0771198273,80.2405471802,66647,66657,10
13.0771198273,80.2403106689,66657,66667,10
13.0770196915,80.2398300171,66667,66677,10
13.0768299103,80.2390823364,66677,66687,10
13.076669693,80.238571167,66687,66697,10
13.07654953,80.238067627,66697,66707,10
13.0764303207,80.2375564575,66707,66728,21
13.0764303207,80.2375564575,66728,66738,10
13.0764102936,80.2373809814,66738,66748,10
13.0763196945,80.2369766235,66748,66758,10
13.0762195587,80.2364501953,66758,66768,10
13.0761404037,80.2358398438,66768,66778,10
13.0760097504,80.2351608276,66778,66788,10
13.0757703781,80.2341766357,66788,66839,51
13.0757703781,80.2341766357,66839,66849,10
13.0757703781,80.2340927124,66849,66859,10
13.0759000778,80.23387146,66859,66869,10
13.0763502121,80.2337875366,66869,66879,10
13.0768604279,80.2337112427,66879,66889,10
13.0774803162,80.2336425781,66889,66899,10
13.0780897141,80.2335968018,66899,66909,10
13.0785999298,80.233581543,66909,66919,10
13.079000473,80.2335662842,66919,66930,11
13.0793600082,80.2335891724,66930,66940,10
13.0796699524,80.233581543,66940,66950,10
13.0800600052,80.2335662842,66950,66960,10
13.0802898407,80.2335662842,66960,66970,10
13.0802898407,80.233581543,66970,66980,10
13.0804796219,80.2336120605,66980,66990,10
13.0808296204,80.2336120605,66990,67000,10
13.081319809,80.2336273193,67000,67010,10
13.0817604065,80.2336196899,67010,67020,10
13.0817899704,80.2336196899,67020,67031,11
13.0819597244,80.2335205078,67031,67041,10
13.081990242,80.2331390381,67041,67051,10
13.0820198059,80.2329025269,67051,67061,10
13.0820903778,80.2325973511,67061,67071,10
13.0822401047,80.2321090698,67071,67081,10
13.0824699402,80.2314529419,67081,67090,9
13.0827198029,80.2308731079,67090,67101,11
13.0829801559,80.23072052,67101,67111,10
13.0831298828,80.2310562134,67111,67121,10
13.0832004547,80.2316665649,67121,67131,10
13.0832500458,80.232421875,67131,67142,11
13.0833997726,80.2330474854,67142,67152,10
13.0834999084,80.2335510254,67152,67162,10
13.0838298798,80.2339630127,67162,67202,40
13.0838298798,80.2339630127,67202,67212,10
13.0839700699,80.2340164185,67212,67222,10
13.0842895508,80.2341079712,67222,67232,10
13.0847196579,80.2341995239,67232,67243,11
13.0852499008,80.2343063354,67243,67253,10
13.0857601166,80.2344436646,67253,67263,10
13.0862102509,80.2345428467,67263,67273,10
13.0865802765,80.2345962524,67273,67283,10
13.0867900848,80.2345962524,67283,67293,10
13.0872001648,80.23462677,67293,67303,10
13.0877304077,80.2345428467,67303,67313,10
13.0879402161,80.2340316772,67313,67323,10
13.0880203247,80.2333297729,67323,67333,10
13.0881900787,80.2325286865,67333,67344,11
13.0884103775,80.2316436768,67344,67354,10
13.0886001587,80.231086731,67354,67364,10
13.0888204575,80.2305984497,67364,67374,10
13.0888299942,80.2305908203,67374,67384,10
13.0888500214,80.2305297852,67384,67394,10
13.0889902115,80.2302398682,67394,67404,10
13.0891895294,80.2298583984,67404,67414,10
13.0895595551,80.229309082,67414,67424,10
13.0900802612,80.228729248,67424,67434,10
13.0906095505,80.2281723022,67434,67445,11
13.0911397934,80.2276229858,67445,67455,10
13.0912904739,80.2274398804,67455,67465,10
13.0913696289,80.2273635864,67465,67475,10
13.0914297104,80.2273101807,67475,67485,10
13.0917301178,80.2270202637,67485,67495,10
13.0922203064,80.2265319824,67495,67505,10
13.0927200317,80.2259902954,67505,67515,10
13.0931997299,80.2255096436,67515,67525,10
13.0935001373,80.2251586914,67525,67535,10
13.0937700272,80.2248535156,67535,67545,10
13.0942001343,80.2243270874,67545,67556,11
13.0947504044,80.2235565186,67556,67566,10
13.0951299667,80.2228164673,67566,67576,10
13.0952796936,80.2223815918,67576,67586,10
13.0954198837,80.222038269,67586,67596,10
13.0956401825,80.2213821411,67596,67606,10
13.0958995819,80.2206726074,67606,67616,10
13.096280098,80.2195281982,67616,67657,41
13.096280098,80.2195281982,67657,67667,10
13.0963697433,80.219367981,67667,67677,10
13.0964298248,80.2191696167,67677,67687,10
13.0964899063,80.2190170288,67687,67697,10
13.0965995789,80.2186737061,67697,67707,10
13.0967903137,80.2181015015,67707,67717,10
13.0969696045,80.2175369263,67717,67727,10
13.0971097946,80.217086792,67727,67747,20
13.0971097946,80.217086792,67747,67758,11
13.0972003937,80.2168579102,67758,67768,10
13.0973300934,80.2165298462,67768,67778,10
13.0974702835,80.2162399292,67778,67808,30
13.0974702835,80.2162399292,67808,67818,10
13.0975704193,80.2160186768,67818,67848,30
13.0975704193,80.2160186768,67848,67859,11
13.0976495743,80.2158432007,67859,67869,10
13.0977497101,80.2155838013,67869,67879,10
13.0979995728,80.2150421143,67879,67919,40
13.0979995728,80.2150421143,67919,67929,10
13.0980901718,80.2148590088,67929,67939,10
13.09815979,80.2146835327,67939,67949,10
13.09815979,80.2146682739,67949,67960,11
13.0981998444,80.2145309448,67960,67970,10
13.098279953,80.2143630981,67970,67980,10
13.098400116,80.2141418457,67980,67990,10
13.0986604691,80.2139968872,67990,68000,10
13.0990200043,80.2142105103,68000,68010,10
13.0994901657,80.2143630981,68010,68020,10
13.0999097824,80.2144622803,68020,68030,10
13.1003103256,80.21459198,68030,68151,121
13.1003103256,80.21459198,68151,68161,10
13.1005802155,80.2148590088,68161,68172,11
13.1003704071,80.2153167725,68172,68182,10
13.1001501083,80.2158508301,68182,68192,10
13.0999403,80.2161331177,68192,68202,10
13.0999403,80.2158279419,68202,68212,10
13.1000795364,80.2155227661,68212,68222,10
13.1002597809,80.2151412964,68222,68969,747
13.1002597809,80.2151412964,68969,68979,10
13.1002502441,80.2150115967,68979,68990,11
13.1002502441,80.21484375,68990,69000,10
13.1001501083,80.21459198,69000,69010,10
13.1000003815,80.2145233154,69010,69020,10
13.0996799469,80.2144393921,69020,69030,10
13.0992002487,80.2143096924,69030,69040,10
13.0987195969,80.2141494751,69040,69050,10
13.0984802246,80.2141113281,69050,69060,10
13.0982704163,80.2145690918,69060,69070,10
13.0980501175,80.2150878906,69070,69080,10
13.0978803635,80.2154922485,69080,69090,10
13.0977296829,80.2158508301,69090,69101,11
13.0974597931,80.216506958,69101,69111,10
13.0973596573,80.2167892456,69111,69121,10
13.0973100662,80.2169113159,69121,69131,10
13.0971403122,80.2173614502,69131,69141,10
13.0968999863,80.2180099487,69141,69151,10
13.0966901779,80.2186584473,69151,69161,10
13.0965795517,80.219078064,69161,69171,10
13.0964202881,80.2194900513,69171,69181,10
13.0962200165,80.2200698853,69181,69191,10
13.095990181,80.220703125,69191,69202,11
13.0958003998,80.2212219238,69202,69212,10
13.0956497192,80.2216415405,69212,69222,10
13.0954399109,80.2222824097,69222,69232,10
13.0953798294,80.2224578857,69232,69242,10
13.0952596664,80.2227172852,69242,69252,10
13.0950202942,80.2232437134,69252,69262,10
13.0945997238,80.2238998413,69262,69272,10
13.0941200256,80.2245407104,69272,69282,10
13.0935602188,80.2251968384,69282,69292,10
13.0929203033,80.2258987427,69292,69308,16
13.0920295715,80.2268218994,69308,69321,13
13.0913496017,80.2275314331,69321,69331,10
13.091219902,80.2276763916,69331,69341,10
13.091170311,80.227722168,69341,69351,10
13.0908603668,80.2280502319,69351,69361,10
13.0904197693,80.2285308838,69361,69371,10
13.0900096893,80.2289810181,69371,69381,10
13.0894804001,80.2296218872,69381,69391,10
13.0892000198,80.2301177979,69391,69401,10
13.0890798569,80.2303466797,69401,69411,10
13.0888204575,80.2309417725,69411,69442,31
13.0888204575,80.2309417725,69442,69452,10
13.0887498856,80.2311172485,69452,69462,10
13.0886602402,80.2312774658,69462,69472,10
13.0886201859,80.2313995361,69472,69482,10
13.0885095596,80.2316436768,69482,69492,10
13.0883302689,80.2322311401,69492,69502,10
13.088139534,80.2329864502,69502,69513,11
13.0880002975,80.2338485718,69513,69523,10
13.0878295898,80.2345275879,69523,69533,10
13.0872497559,80.23462677,69533,69543,10
13.0866699219,80.234588623,69543,69553,10
13.0862798691,80.2345275879,69553,69563,10
13.0860395432,80.2344818115,69563,69573,10
13.0858602524,80.2344436646,69573,69583,10
13.0854196548,80.2343292236,69583,69593,10
13.0849895477,80.2342376709,69593,69603,10
13.0847902298,80.2341766357,69603,69614,11
13.0845499039,80.2341384888,69614,69624,10
13.0843601227,80.2341079712,69624,69634,10
13.0841798782,80.2340774536,69634,69644,10
13.0837001801,80.2339706421,69644,69674,30
13.0837001801,80.2339706421,69674,69684,10
13.0835599899,80.2339630127,69684,69694,10
13.0831804276,80.2338867188,69694,69704,10
13.0823898315,80.2337188721,69704,69735,31
13.0823898315,80.2337188721,69735,69745,10
13.081990242,80.2336425781,69745,69755,10
13.0815296173,80.2336273193,69755,69765,10
13.0810499191,80.2336196899,69765,69775,10
13.0805797577,80.2335891724,69775,69785,10
13.0800895691,80.2336120605,69785,69795,10
13.0795297623,80.233581543,69795,69815,20
13.0795297623,80.233581543,69815,69826,11
13.0791301727,80.2335968018,69826,69836,10
13.0785999298,80.2336120605,69836,69846,10
13.078040123,80.2336273193,69846,69856,10
13.0774202347,80.2336883545,69856,69866,10
13.0767602921,80.2337722778,69866,69876,10
13.076089859,80.2339172363,69876,69886,10
13.0759897232,80.2339172363,69886,69896,10
13.075799942,80.2339324951,69896,69906,10
13.0758199692,80.2341766357,69906,69916,10
13.0759000778,80.2345809937,69916,69927,11
13.0760698318,80.2353363037,69927,69937,10
13.0762195587,80.2360305786,69937,69947,10
13.0763101578,80.2367706299,69947,69957,10
13.0764799118,80.2373809814,69957,69977,20
13.0764799118,80.2373809814,69977,69987,10
13.0765600204,80.2376937866,69987,69997,10
13.0766601563,80.238243103,69997,70007,10
13.0768098831,80.238899231,70007,70017,10
13.07695961,80.2395935059,70017,70028,11
13.0771598816,80.2403488159,70028,70038,10
13.0772800446,80.2408828735,70038,70048,10
13.0773801804,80.2414779663,70048,70058,10
13.0775499344,80.2421722412,70058,70068,10
13.0776796341,80.2429504395,70068,70078,10
13.0777797699,80.2437820435,70078,70088,10
13.0777397156,80.244178772,70088,70098,10
13.0777997971,80.2445907593,70098,70108,10
13.0778799057,80.2452163696,70108,70118,10
13.0779399872,80.2459030151,70118,70129,11
13.0780496597,80.2467422485,70129,70139,10
13.0782003403,80.2474975586,70139,70149,10
13.0783700943,80.2483215332,70149,70158,9
13.0785198212,80.2489471436,70158,70169,11
13.0786600113,80.2496871948,70169,70179,10
13.078619957,80.2503967285,70179,70189,10
13.078499794,80.2510604858,70189,70199,10
13.0785598755,80.2516403198,70199,70209,10
13.0782899857,80.2517471313,70209,70219,10
13.077870369,80.2518386841,70219,70230,11
13.0771398544,80.2519683838,70230,70240,10
13.07654953,80.2520217896,70240,70250,10
13.0757303238,80.2522506714,70250,70260,10
13.0750398636,80.252281189,70260,70270,10
13.0745000839,80.2523117065,70270,70280,10
13.0740404129,80.2523574829,70280,70290,10
13.0736198425,80.252532959,70290,70300,10
13.0730199814,80.2524719238,70300,70310,10
13.0723800659,80.2523269653,70310,70320,10
13.0720796585,80.2518310547,70320,70330,10
13.0719604492,80.2510528564,70330,70341,11
13.0717697144,80.25050354,70341,70351,10
13.0715799332,80.2498397827,70351,70361,10
13.071439743,80.2490997314,70361,70371,10
13.071269989,80.2483215332,70371,70381,10
13.0710496902,80.2475967407,70381,70391,10
13.0707101822,80.2468566895,70391,70401,10
13.0703201294,80.2460708618,70401,70411,10
13.0699396133,80.2452468872,70411,70421,10
13.0696201324,80.2443771362,70421,70431,10
13.0692596436,80.2433776855,70431,70452,21
13.0692596436,80.2433776855,70452,70462,10
13.0692501068,80.2433013916,70462,70472,10
13.0691900253,80.2430267334,70472,70482,10
13.0691003799,80.2426376343,70482,70492,10
13.0686998367,80.2425765991,70492,70502,10
13.0681295395,80.2427520752,70502,70512,10
13.0675296783,80.2429504395,70512,70522,10
13.0670795441,80.2431411743,70522,70532,10
13.0667495728,80.2433013916,70532,70543,11
13.0665798187,80.2433776855,70543,70553,10
13.0663995743,80.2434616089,70553,70563,10
13.066160202,80.2436599731,70563,70573,10
13.0661096573,80.2440872192,70573,70583,10
13.0661897659,80.2446365356,70583,70593,10
13.0662603378,80.2451019287,70593,70603,10
13.0663404465,80.2455368042,70603,70613,10
13.066619873,80.2460174561,70613,70623,10
13.0672702789,80.2462997437,70623,70633,10
13.0677700043,80.2465591431,70633,70644,11
13.0677995682,80.2465820313,70644,70654,10
13.0678596497,80.246711731,70654,70664,10
13.067899704,80.2471466064,70664,70674,10
13.0678596497,80.2477264404,70674,70684,10
13.067440033,80.2479171753,70684,70694,10
13.066860199,80.2479019165,70694,70704,10
13.0664997101,80.2479324341,70704,70714,10
13.066069603,80.2478713989,70714,70724,10
13.0654802322,80.2478179932,70724,70734,10
13.0648803711,80.2478027344,70734,70745,11
13.0640697479,80.2477416992,70745,70755,10
13.0633201599,80.2476882935,70755,70765,10
13.0625896454,80.2476501465,70765,70775,10
13.0618495941,80.2475967407,70775,70785,10
13.0613603592,80.2472000122,70785,70795,10
13.0614500046,80.2467727661,70795,70805,10
13.0617303848,80.246383667,70805,70815,10
13.0618600845,80.2457733154,70815,70825,10
13.0620803833,80.2450637817,70825,70835,10
13.0627202988,80.244682312,70835,70846,11
13.0630598068,80.2443008423,70846,70856,10
13.0630702972,80.2443008423,70856,70866,10
13.0632095337,80.2441177368,70866,70876,10
13.0633897781,80.2436828613,70876,70886,10
13.0630598068,80.2434921265,70886,70896,10
13.0626802444,80.2434082031,70896,70906,10
13.0622701645,80.2433395386,70906,70916,10
13.0616102219,80.2432098389,70916,70946,30
13.0616102219,80.2432098389,70946,70957,11
13.0610704422,80.2431411743,70957,70967,10
13.0606899261,80.2430114746,70967,70977,10
13.0603303909,80.2428894043,70977,70987,10
13.0599298477,80.2427597046,70987,70997,10
13.0594596863,80.2425994873,70997,71013,16
13.0591201782,80.2425765991,71013,71025,12
13.0587396622,80.2426376343,71025,71055,30
13.0587396622,80.2426376343,71055,71066,11
13.058380127,80.2426986694,71066,71076,10
13.0579500198,80.2427902222,71076,71086,10
13.0573701859,80.2428512573,71086,71096,10
13.0569200516,80.2428207397,71096,71105,9
13.0564804077,80.2426834106,71105,71115,10
13.0560903549,80.2425003052,71115,71125,10
13.0558204651,80.2423782349,71125,71136,11
13.0551996231,80.2423629761,71136,71146,10
13.0545196533,80.2424621582,71146,71155,9
13.0537500381,80.2423171997,71155,71197,42
13.0536003113,80.2422637939,71197,71217,20
13.0536003113,80.2422637939,71217,71227,10
13.0532598495,80.2420578003,71227,71247,20
13.0532598495,80.2420578003,71247,71257,10
13.0531997681,80.2419891357,71257,71268,11
13.0528297424,80.241897583,71268,71278,10
13.0523900986,80.241607666,71278,71288,10
13.0520601273,80.2410964966,71288,71298,10
13.0518503189,80.2407989502,71298,71308,10
13.0514802933,80.2407302856,71308,71318,10
13.0509004593,80.2406387329,71318,71338,20
13.0509004593,80.2406387329,71338,71348,10
13.0506296158,80.2405700684,71348,71358,10
13.0502004623,80.2404708862,71358,71369,11
13.0496997833,80.2403564453,71369,71379,10
13.0492200851,80.2402801514,71379,71389,10
13.0486001968,80.2401428223,71389,71399,10
13.0479898453,80.2400588989,71399,71409,10
13.0474004745,80.2399215698,71409,71419,10
13.0467996597,80.2397689819,71419,71429,10
13.0462799072,80.2396621704,71429,71439,10
13.0461502075,80.2395019531,71439,71449,10
13.0462703705,80.2391662598,71449,71459,10
13.046380043,80.2385482788,71459,71470,11
13.0465402603,80.2378234863,71470,71480,10
13.04666996,80.2371292114,71480,71490,10
13.0468397141,80.2364273071,71490,71500,10
13.0469198227,80.2360076904,71500,71510,10
13.0469703674,80.235710144,71510,71520,10
13.0470199585,80.2353591919,71520,71530,10
13.047129631,80.2347412109,71530,71540,10
13.0471897125,80.2340927124,71540,71550,10
13.0472402573,80.2336883545,71550,71560,10
13.047249794,80.2334213257,71560,71577,17
13.0469398499,80.2330627441,71577,71589,12
13.0463495255,80.2329788208,71589,71599,10
13.0459003448,80.2328567505,71599,71609,10
13.04529953,80.2327575684,71609,71649,40
13.04529953,80.2327575684,71649,71659,10
13.0448198318,80.2326583862,71659,71669,10
13.0443401337,80.2325363159,71669,71680,11
13.0435695648,80.2324295044,71680,71690,10
13.042889595,80.232421875,71690,71700,10
13.0422000885,80.2323989868,71700,71710,10
13.0414600372,80.2322616577,71710,71720,10
13.0407104492,80.2320480347,71720,71730,10
13.0400295258,80.231842041,71730,71740,10
13.0393295288,80.2316436768,71740,71750,10
13.0385904312,80.2313537598,71750,71760,10
13.0377998352,80.2311401367,71760,71770,10
13.0370798111,80.2309112549,71770,71781,11
13.0367803574,80.2307815552,71781,71791,10
13.0364398956,80.2306518555,71791,71801,10
13.0359201431,80.230506897,71801,71811,10
13.035200119,80.2303771973,71811,71970,159
13.035200119,80.2303771973,71970,71980,10
13.0348100662,80.2303466797,71980,71991,11
13.0343599319,80.2304229736,71991,72001,10
13.034119606,80.2304763794,72001,72011,10
13.0338001251,80.2305221558,72011,72021,10
13.0334396362,80.2305374146,72021,72031,10
13.0334300995,80.2305374146,72031,72041,10
13.0332603455,80.2305297852,72041,72051,10
13.0328397751,80.2305831909,72051,72061,10
13.0322599411,80.2306289673,72061,72071,10
13.0316400528,80.2306976318,72071,72081,10
13.0310096741,80.230758667,72081,72092,11
13.0304002762,80.2308120728,72092,72111,19
13.0304002762,80.2308120728,72111,72122,11
13.0301399231,80.2308425903,72122,72132,10
13.0297603607,80.2308883667,72132,72152,20
13.0297603607,80.2308883667,72152,72162,10
13.0293598175,80.2309112549,72162,72172,10
13.0287504196,80.2309799194,72172,72182,10
13.0280599594,80.2310409546,72182,72193,11
13.0276098251,80.2311477661,72193,72203,10
13.0276603699,80.2316589355,72203,72213,10
13.0277395248,80.2322387695,72213,72223,10
13.0278196335,80.2326965332,72223,72233,10
13.0275402069,80.2329101563,72233,72243,10
13.0270299911,80.233001709,72243,72253,10
13.0267496109,80.2330322266,72253,72263,10
13.0263900757,80.233001709,72263,72273,10
13.0261802673,80.2325286865,72273,72283,10
13.0260295868,80.2320022583,72283,72294,11
13.0258703232,80.2313766479,72294,72304,10
13.0256900787,80.230758667,72304,72314,10
13.025270462,80.2300796509,72314,72344,30
13.025270462,80.2300796509,72344,72354,10
13.025179863,80.2299423218,72354,72364,10
13.0249900818,80.2296829224,72364,72374,10
13.024720192,80.2293395996,72374,72384,10
13.0245103836,80.2290420532,72384,72395,11
13.0242300034,80.2286911011,72395,72405,10
13.0239601135,80.2284088135,72405,72415,10
13.0239295959,80.2283706665,72415,72425,10
13.0238704681,80.2282714844,72425,72435,10
13.0237197876,80.2280502319,72435,72445,10
13.0235900879,80.2279205322,72445,72455,10
13.0233201981,80.2276687622,72455,72465,10
13.0231599808,80.2274932861,72465,72475,10
13.0228099823,80.2271194458,72475,72485,10
13.022359848,80.2267074585,72485,72495,10
13.021900177,80.2263031006,72495,72506,11
13.0213298798,80.2258834839,72506,72516,10
13.0208101273,80.2254562378,72516,72526,10
13.0203304291,80.225151062,72526,72536,10
13.0197095871,80.2247314453,72536,72546,10
13.0189199448,80.2244796753,72546,72556,10
13.0180597305,80.2247695923,72556,72566,10
13.0172300339,80.225112915,72566,72576,10
13.0167102814,80.2253265381,72576,72586,10
13.0162801743,80.2255096436,72586,72596,10
13.0157403946,80.2257080078,72596,72607,11
13.0150499344,80.2259979248,72607,72617,10
13.0146398544,80.2261734009,72617,72627,10
13.014550209,80.2261962891,72627,72637,10
13.0144500732,80.2262191772,72637,72647,10
13.0140895844,80.2263336182,72647,72657,10
13.0134000778,80.2266311646,72657,72667,10
13.0126399994,80.2269363403,72667,72677,10
13.0118303299,80.2272491455,72677,72687,10
13.0109500885,80.2276077271,72687,72697,10
13.010020256,80.2279891968,72697,72708,11
13.0091199875,80.2285308838,72708,72718,10
13.0088996887,80.2295227051,72718,72728,10
13.0086898804,80.2306289673,72728,72738,10
13.0085000992,80.2317123413,72738,72748,10
13.0083503723,80.2325134277,72748,72758,10
13.0083198547,80.2326583862,72758,72768,10
13.0082197189,80.233291626,72768,72788,20
13.0082197189,80.233291626,72788,72798,10
13.0081195831,80.2337112427,72798,72809,11
13.0079803467,80.2343902588,72809,72819,10
13.0078296661,80.2351226807,72819,72829,10
13.0076799393,80.2359008789,72829,72839,10
13.0074996948,80.2367706299,72839,72849,10
13.0073404312,80.2376174927,72849,72859,10
13.0072202682,80.2382965088,72859,72879,20
13.0072202682,80.2382965088,72879,72889,10
13.0071697235,80.2385482788,72889,72899,10
13.0070199966,80.2393188477,72899,73021,122
13.0070199966,80.2393188477,73021,73031,10
13.0070295334,80.239440918,73031,73041,10
13.0069303513,80.2398834229,73041,73051,10
13.0068397522,80.2404632568,73051,73061,10
13.0068101883,80.2406768799,73061,73071,10
13.0067300797,80.2411193848,73071,73081,10
13.0066900253,80.2419815063,73081,73091,10
13.0066699982,80.2428894043,73091,73101,10
13.0066604614,80.243637085,73101,73111,10
13.0066404343,80.2443771362,73111,73122,11
13.0066404343,80.2444915771,73122,73132,10
13.0066404343,80.244720459,73132,73142,10
13.0066604614,80.2452011108,73142,73152,10
13.0066795349,80.2458496094,73152,73162,10
13.0067100525,80.2464981079,73162,73172,10
13.0066995621,80.2472991943,73172,73182,10
13.0066699982,80.2482376099,73182,73192,10
13.0067901611,80.2492218018,73192,73212,20
13.0067901611,80.2492218018,73212,73223,11
13.0067996979,80.249458313,73223,73233,10
13.0067901611,80.2498626709,73233,73243,10
13.0067501068,80.250579834,73243,73253,10
13.0067396164,80.2514038086,73253,73263,10
13.0066099167,80.2520065308,73263,73273,10
13.006529808,80.2523880005,73273,73283,10
13.0064897537,80.2529067993,73283,73293,10
13.0064897537,80.2535324097,73293,73303,10
13.006480217,80.25415802,73303,73313,10
13.006529808,80.2546386719,73313,73324,11
13.0065402985,80.2547988892,73324,73334,10
13.0065402985,80.2548980713,73334,73344,10
13.006529808,80.2550964355,73344,73354,10
13.006529808,80.255531311,73354,73364,10
13.006529808,80.2561264038,73364,73374,10
13.006529808,80.2566070557,73374,73384,10
13.0065402985,80.2568435669,73384,73414,30
13.0065402985,80.2568435669,73414,73424,10
13.0065498352,80.2571182251,73424,73435,11
13.0065002441,80.257598877,73435,73445,10
13.0061597824,80.257598877,73445,73455,10
13.0058002472,80.2574462891,73455,73465,10
13.005399704,80.2573699951,73465,73475,10
13.004940033,80.2572402954,73475,73485,10
13.0043201447,80.2571105957,73485,73495,10
13.0037298203,80.2570037842,73495,73505,10
13.0031604767,80.2568969727,73505,73515,10
13.0025997162,80.2567901611,73515,73525,10
13.0021600723,80.2567062378,73525,73556,31
13.0021600723,80.2567062378,73556,73566,10
13.0020503998,80.2566680908,73566,73576,10
13.0017795563,80.2566299438,73576,73586,10
13.0012998581,80.2565612793,73586,73596,10
13.0006399155,80.2564697266,73596,73606,10
13.0000696182,80.2563934326,73606,73616,10
13.0000095367,80.2563781738,73616,73626,10
12.9998397827,80.2563476563,73626,73637,11
12.9997596741,80.2563400269,73637,73647,10
12.9996204376,80.2563323975,73647,73657,10
12.9993400574,80.2562713623,73657,73667,10
12.9989900589,80.2561721802,73667,73677,10
12.9985198975,80.2560806274,73677,73687,10
12.9979801178,80.2559967041,73687,73697,10
12.9974803925,80.2559890747,73697,73738,41
12.9974803925,80.2559890747,73738,73748,10
12.9973096848,80.2559814453,73748,73758,10
12.9970302582,80.2559509277,73758,73768,10
12.9968700409,80.2561569214,73768,73778,10
12.9968395233,80.2564620972,73778,73788,10
12.9968204498,80.2566299438,73788,73798,10
12.9967699051,80.256980896,73798,73808,10
12.9967098236,80.25756073,73808,73818,10
12.9966402054,80.2581481934,73818,73828,10
12.9965896606,80.2587203979,73828,73839,11
12.9965200424,80.2593231201,73839,73849,10
12.9964895248,80.2595977783,73849,73859,10
12.9964599609,80.259979248,73859,73869,10
12.9963998795,80.2605209351,73869,73879,10
12.9963302612,80.2611083984,73879,73889,10
12.9962997437,80.2615509033,73889,73899,10
12.9962797165,80.2616882324,73899,73909,10
12.9962797165,80.2618789673,73909,73919,10
12.9962596893,80.2620697021,73919,73929,10
12.9962396622,80.2621078491,73929,73939,10
12.9961795807,80.2623596191,73939,73950,11
12.9961204529,80.2627868652,73950,73960,10
12.9961004257,80.2632675171,73960,73970,10
12.996049881,80.2638320923,73970,73980,10
12.9959897995,80.2644729614,73980,73990,10
12.9959096909,80.2650604248,73990,74000,10
12.9958696365,80.2654724121,74000,74010,10
12.9958000183,80.2660827637,74010,74020,10
12.9957199097,80.2668228149,74020,74030,10
12.9956598282,80.2674713135,74030,74040,10
12.995929718,80.2677230835,74040,74051,11
12.9959497452,80.2677230835,74051,74061,10
12.9960603714,80.2677307129,74061,74071,10
12.9963998795,80.2677612305,74071,74081,10
12.9969701767,80.2677001953,74081,74091,10
12.9976596832,80.2675170898,74091,74101,10
12.9982204437,80.2673721313,74101,74111,10
12.9989099503,80.2671737671,74111,74127,16
12.999879837,80.2668075562,74127,74139,12
12.9999504089,80.266746521,74139,74147,8
13.0000400543,80.2665863037,74147,74160,13
13.0001296997,80.26612854,74160,74170,10
13.000169754,80.2657623291,74170,74180,10
13.0003004074,80.2657928467,74180,74190,10
13.0002202988,80.2659225464,74190,74199,9
13.0002002716,80.2661590576,74199,74866,667
13.0002202988,80.2664489746,74866,74887,21
13.0002202988,80.2664489746,74887,74897,10
13.0002498627,80.2665405273,74897,74907,10
13.0002498627,80.2665786743,74907,74917,10
13.0002298355,80.2668228149,74917,74927,10
13.0000801086,80.2669525146,74927,74937,10
12.9996595383,80.2670288086,74937,74947,10
12.9990797043,80.2671890259,74947,74957,10
12.9985599518,80.267326355,74957,74967,10
12.998049736,80.2674713135,74967,74978,11
12.997420311,80.2676467896,74978,74988,10
12.9968004227,80.2677993774,74988,74998,10
12.9962100983,80.2677993774,74998,75008,10
12.9957399368,80.2677612305,75008,75018,10
12.9956197739,80.2675018311,75018,75038,20
12.9956197739,80.2675018311,75038,75048,10
12.9956502914,80.2671966553,75048,75058,10
12.9956998825,80.2667236328,75058,75068,10
12.9957704544,80.2660827637,75068,75078,10
12.9958496094,80.2653579712,75078,75089,11
12.9959497452,80.264541626,75089,75099,10
12.9960203171,80.2638397217,75099,75109,10
12.9960699081,80.2632827759,75109,75119,10
12.9960899353,80.2629623413,75119,75129,10
12.9961395264,80.2626190186,75129,75139,10
12.9961395264,80.2626037598,75139,75149,10
12.9961595535,80.2623977661,75149,75159,10
12.9961795807,80.2621765137,75159,75169,10
12.996219635,80.2618637085,75169,75179,10
12.9962701797,80.261390686,75179,75190,11
12.996339798,80.2607803345,75190,75200,10
12.9964199066,80.2601699829,75200,75210,10
12.9964599609,80.2596130371,75210,75220,10
12.9965200424,80.2591400146,75220,75230,10
12.9965696335,80.2585525513,75230,75240,10
12.996629715,80.2579727173,75240,75250,10
12.9967002869,80.2573013306,75250,75260,10
12.9967498779,80.2568283081,75260,75270,10
12.9967603683,80.2565383911,75270,75280,10
12.9967699051,80.2563705444,75280,75291,11
12.9968004227,80.2560501099,75291,75301,10
12.9970798492,80.2558822632,75301,75311,10
12.9974002838,80.255897522,75311,75321,10
12.9976501465,80.2559204102,75321,75331,10
12.997879982,80.2559280396,75331,75341,10
12.9986000061,80.2560195923,75341,75371,30
12.9986000061,80.2560195923,75371,75381,10
12.998840332,80.2560806274,75381,75392,11
12.9992103577,80.2561416626,75392,75402,10
12.9996404648,80.2562408447,75402,75412,10
13.0001497269,80.2563400269,75412,75422,10
13.0010004044,80.2564620972,75422,75472,50
13.0010004044,80.2564620972,75472,75482,10
13.0012702942,80.2565231323,75482,75493,11
13.0018396378,80.2566223145,75493,75503,10
13.0024299622,80.2567214966,75503,75513,10
13.0030498505,80.2568435669,75513,75523,10
13.0037002563,80.2569580078,75523,75533,10
13.0043296814,80.2570724487,75533,75543,10
13.0049800873,80.2572021484,75543,75553,10
13.0055799484,80.2573318481,75553,75563,10
13.0060796738,80.2573928833,75563,75573,10
13.0064897537,80.257270813,75573,75583,10
13.0064096451,80.2567062378,75583,75593,10
13.0064001083,80.2560195923,75593,75604,11
13.0064001083,80.255317688,75604,75614,10
13.0064296722,80.2547073364,75614,75624,10
13.0064001083,80.2540969849,75624,75634,10
13.0064201355,80.2534332275,75634,75654,20
13.0064201355,80.2534332275,75654,75664,10
13.0064401627,80.2533035278,75664,75674,10
13.0064296722,80.2529907227,75674,75765,91
13.0064296722,80.2529907227,75765,75775,10
13.0064001083,80.2526321411,75775,75785,10
13.006480217,80.2521896362,75785,75795,10
13.0066099167,80.2515029907,75795,75806,11
13.0066604614,80.250579834,75806,75816,10
13.0066604614,80.2497024536,75816,75826,10
13.0066099167,80.2488021851,75826,75836,10
13.0065402985,80.2481613159,75836,75896,60
13.0065402985,80.2481613159,75896,75907,11
13.0065498352,80.248008728,75907,75917,10
13.006529808,80.2477264404,75917,75927,10
13.0065402985,80.2471313477,75927,75937,10
13.0065097809,80.2468338013,75937,75947,10
13.0064697266,80.2466583252,75947,75957,10
13.0065202713,80.2464523315,75957,75967,10
13.0065202713,80.2464370728,75967,75977,10
13.0065402985,80.2461166382,75977,75987,10
13.006529808,80.2455825806,75987,75997,10
13.0065202713,80.2450408936,75997,76008,11
13.0065002441,80.244392395,76008,76018,10
13.0064897537,80.2439422607,76018,76028,10
13.0064601898,80.2434005737,76028,76038,10
13.0064601898,80.2427215576,76038,76048,10
13.0064601898,80.241859436,76048,76058,10
13.0065002441,80.2409210205,76058,76109,51
13.0065002441,80.2409210205,76109,76119,10
13.0065803528,80.2406234741,76119,76129,10
13.0066003799,80.2404937744,76129,76139,10
13.0066204071,80.2403182983,76139,76149,10
13.0067195892,80.2398529053,76149,76159,10
13.0068798065,80.2390594482,76159,76169,10
13.0070695877,80.2381591797,76169,76179,10
13.0072498322,80.2373733521,76179,76189,10
13.0073299408,80.2367630005,76189,76199,10
13.0073404312,80.2367401123,76199,76209,10
13.0074300766,80.2365036011,76209,76220,11
13.0075597763,80.2359008789,76220,76230,10
13.0077104568,80.2352600098,76230,76240,10
13.0078697205,80.2345199585,76240,76250,10
13.0080299377,80.2336578369,76250,76260,10
13.0082397461,80.2326507568,76260,76270,10
13.0084400177,80.2316207886,76270,76280,10
13.0086202621,80.2305908203,76280,76290,10
13.0088195801,80.229637146,76290,76300,10
13.0090103149,80.2286834717,76300,76310,10
13.0093402863,80.2276992798,76310,76321,11
13.0097799301,80.2267227173,76321,76331,10
13.0101699829,80.2259368896,76331,76341,10
13.0105104446,80.2252502441,76341,76351,10
13.0107898712,80.224609375,76351,76361,10
13.011059761,80.223991394,76361,76371,10
13.0112895966,80.2233886719,76371,76381,10
13.0115404129,80.2227630615,76381,76391,10
13.0117998123,80.2219161987,76391,76401,10
13.0122098923,80.2214889526,76401,76411,10
13.0124797821,80.2218704224,76411,76422,11
13.0129299164,80.222442627,76422,76432,10
13.0134601593,80.2230224609,76432,76442,10
13.013999939,80.2236175537,76442,76452,10
13.0143699646,80.2240982056,76452,76462,10
13.0148000717,80.224571228,76462,76472,10
13.0152997971,80.2249679565,76472,76492,20
13.0152997971,80.2249679565,76492,76502,10
13.015370369,80.2250137329,76502,76512,10
13.0156402588,80.2252426147,76512,76523,11
13.0162096024,80.2253570557,76523,76533,10
13.0168600082,80.2251815796,76533,76543,10
13.0176200867,80.2248916626,76543,76553,10
13.0184402466,80.224571228,76553,76563,10
13.0192403793,80.2244186401,76563,76579,16
13.0202503204,80.2249908447,76579,76591,12
13.0209999084,80.2255401611,76591,76601,10
13.0215997696,80.2259902954,76601,76610,9
13.0219097137,80.2261962891,76610,76621,11
13.0219202042,80.2262115479,76621,76632,11
13.0222396851,80.2265319824,76632,76642,10
13.0227403641,80.2269668579,76642,76652,10
13.0233001709,80.2274780273,76652,76662,10
13.023850441,80.2280197144,76662,76672,10
13.0242595673,80.2284469604,76672,76682,10
13.0243797302,80.2285995483,76682,76692,10
13.0247497559,80.2291793823,76692,76702,10
13.025270462,80.2298431396,76702,76712,10
13.0257501602,80.2305908203,76712,76722,10
13.0259103775,80.2309188843,76722,76733,11
13.0259799957,80.231262207,76733,76742,9
13.0261898041,80.2313537598,76742,76753,11
13.02684021,80.2311782837,76753,76763,10
13.0275602341,80.231010437,76763,76773,10
13.0282201767,80.2308807373,76773,76783,10
13.0284404755,80.2308731079,76783,76793,10
13.0285797119,80.2308807373,76793,76803,10
13.0290203094,80.2308578491,76803,76813,10
13.0294799805,80.2308197021,76813,76823,10
13.0299797058,80.2307662964,76823,76834,11
13.0304803848,80.2307434082,76834,76844,10
13.0309896469,80.2306976318,76844,76854,10
13.0315799713,80.2306518555,76854,76864,10
13.0320701599,80.2306137085,76864,76874,10
13.0325899124,80.2305603027,76874,76884,10
13.0331802368,80.2304992676,76884,76894,10
13.0335903168,80.2304763794,76894,76904,10
13.0338401794,80.230430603,76904,76914,10
13.0340795517,80.2304000854,76914,76934,20
13.0340795517,80.2304000854,76934,76945,11
13.034330368,80.2303695679,76945,76965,20
13.0345096588,80.2303619385,76965,77025,60
13.0345096588,80.2303619385,77025,77035,10
13.0349197388,80.2306594849,77035,77056,21
13.0349197388,80.2306594849,77056,77066,10
13.0348596573,80.2309799194,77066,77076,10
13.0347795486,80.231590271,77076,77086,10
13.0346899033,80.2322692871,77086,77096,10
13.034620285,80.2329483032,77096,77106,10
13.0345201492,80.2337417603,77106,77116,10
13.0343999863,80.2345962524,77116,77126,10
13.0342903137,80.2354431152,77126,77136,10
13.0342197418,80.2361221313,77136,77147,11
13.0342102051,80.2373275757,77147,77207,60
13.0342102051,80.2375030518,77207,77227,20
13.0342102051,80.2375030518,77227,77237,10
13.0342502594,80.2376022339,77237,77248,11
13.0344696045,80.2378997803,77248,77258,10
13.0347204208,80.2383270264,77258,77268,10
13.0351400375,80.2389831543,77268,77278,10
13.0355396271,80.2394485474,77278,77288,10
13.0361700058,80.2394714355,77288,77298,10
13.0368995667,80.2395172119,77298,77308,10
13.0375900269,80.2396011353,77308,77318,10
13.0384597778,80.2396774292,77318,77328,10
13.039150238,80.2397918701,77328,77338,10
13.0397500992,80.2398681641,77338,77349,11
13.0401496887,80.2399368286,77349,77359,10
13.0402402878,80.239982605,77359,77369,10
13.0403499603,80.2401199341,77369,77379,10
13.0403604507,80.2404708862,77379,77389,10
13.0409402847,80.2406005859,77389,77409,20
13.0409402847,80.2406005859,77409,77419,10
13.0412597656,80.2406234741,77419,77429,10
13.0417995453,80.2406997681,77429,77439,10
13.0424804688,80.2407836914,77439,77450,11
13.0432500839,80.2408905029,77450,77460,10
13.0439195633,80.2409515381,77460,77470,10
13.0443601608,80.2406768799,77470,77480,10
13.0444402695,80.2406082153,77480,77489,9
13.0445203781,80.2405471802,77489,77500,11
13.0448598862,80.2403106689,77500,77510,10
13.0453796387,80.2399597168,77510,77520,10
13.045920372,80.2395782471,77520,77530,10
13.0461196899,80.2394866943,77530,77540,10
13.0461502075,80.2394714355,77540,77550,10
13.0464496613,80.2395477295,77550,77561,11
13.0466299057,80.2396316528,77561,77571,10
13.04708004,80.2397384644,77571,77581,10
13.0477199554,80.2398681641,77581,77591,10
13.048500061,80.2400436401,77591,77601,10
13.049030304,80.2401504517,77601,77611,10
13.0495996475,80.2402572632,77611,77621,10
13.0501699448,80.2404022217,77621,77631,10
13.0508804321,80.2405471802,77631,77641,10
13.0511798859,80.2406005859,77641,77651,10
13.0512695313,80.2406082153,77651,77662,11
13.051779747,80.2407226563,77662,77672,10
13.0523796082,80.2409973145,77672,77682,10
13.0525598526,80.2415924072,77682,77692,10
13.0531997681,80.2419586182,77692,77702,10
13.0538301468,80.2422332764,77702,77711,9
13.0539197922,80.2422714233,77711,77722,11
13.0540895462,80.2423095703,77722,77732,10
13.0546102524,80.2423629761,77732,77742,10
13.0553598404,80.2422637939,77742,77752,10
13.0563297272,80.2425765991,77752,77773,21
13.0563297272,80.2425765991,77773,77783,10
13.0565700531,80.2426605225,77783,77793,10
13.0569400787,80.242729187,77793,77803,10
13.0576400757,80.2427978516,77803,77823,20
13.0576400757,80.2427978516,77823,77833,10
13.0579395294,80.2427597046,77833,77843,10
13.0585002899,80.2426300049,77843,77853,10
13.0591402054,80.2425003052,77853,77863,10
13.0598497391,80.2426834106,77863,77874,11
13.0604000092,80.2428894043,77874,77884,10
13.0608596802,80.243057251,77884,77894,10
13.0612201691,80.2431411743,77894,77904,10
13.0616397858,80.2432403564,77904,77920,16
13.0623998642,80.2433624268,77920,77932,12
13.0625400543,80.2434082031,77932,77940,8
13.0628700256,80.2434768677,77940,77952,12
13.0635595322,80.2435379028,77952,77962,10
13.0641803741,80.2435684204,77962,77973,11
13.0649404526,80.2435684204,77973,77983,10
13.0654096603,80.2435379028,77983,77993,10
13.0659303665,80.2434997559,77993,78003,10
13.0662899017,80.2433929443,78003,78013,10
13.0667695999,80.2432174683,78013,78023,10
13.0673704147,80.2429428101,78023,78033,10
13.0680303574,80.2427215576,78033,78052,19
13.0687398911,80.2424926758,78052,78064,12
13.0691995621,80.2422790527,78064,78072,8
13.0698003769,80.2421264648,78072,78095,23
13.0698003769,80.2421264648,78095,78105,10
13.069899559,80.242149353,78105,78115,10
13.0702495575,80.2420730591,78115,78124,9
13.0706396103,80.2419281006,78124,78135,11
13.0713996887,80.2416534424,78135,78145,10
13.072019577,80.2413024902,78145,78155,10
13.0725898743,80.2409362793,78155,78165,10
13.0732002258,80.240737915,78165,78176,11
13.0738096237,80.240562439,78176,78186,10
13.0745000839,80.2405014038,78186,78196,10
13.0753803253,80.2404937744,78196,78207,11
13.0762996674,80.2405090332,78207,78216,9
13.0769300461,80.2405776978,78216,78227,11
13.0770397186,80.2402420044,78227,78237,10
13.0768995285,80.2394790649,78237,78247,10
13.0767097473,80.2388305664,78247,78257,10
13.0764904022,80.2379226685,78257,78267,10
13.0763597488,80.2373962402,78267,78288,21
13.0763597488,80.2373962402,78288,78298,10
13.0762996674,80.2370986938,78298,78308,10
13.0761899948,80.236541748,78308,78318,10
13.076089859,80.2358322144,78318,78328,10
13.0759296417,80.2350006104,78328,78338,10
13.0757398605,80.234161377,78338,78348,10
13.0760097504,80.2338027954,78348,78358,10
13.07654953,80.2337188721,78358,78368,10
13.0767498016,80.2336807251,78368,78379,11
13.0770101547,80.2336578369,78379,78389,10
13.0774803162,80.2335891724,78389,78399,10
13.0781497955,80.2335510254,78399,78409,10
13.0788402557,80.2335281372,78409,78419,10
13.0794897079,80.2335281372,78419,78429,10
13.080039978,80.2335205078,78429,78439,10
13.0801897049,80.2335281372,78439,78449,10
13.0804395676,80.233543396,78449,78459,10
13.081029892,80.2335586548,78459,78469,10
13.0816497803,80.233581543,78469,78479,10
13.0818901062,80.2333297729,78479,78490,11
13.081990242,80.2326507568,78490,78500,10
13.0822601318,80.2318725586,78500,78510,10
13.0825996399,80.2310562134,78510,78520,10
13.0828399658,80.2306213379,78520,78530,10
13.0830698013,80.2308120728,78530,78540,10
13.0831203461,80.2314071655,78540,78550,10
13.0831604004,80.2321624756,78550,78560,10
13.0832996368,80.2329101563,78560,78570,10
13.0834197998,80.2335662842,78570,78580,10
13.0839796066,80.2339706421,78580,78601,21
13.0839796066,80.2339706421,78601,78611,10
13.0844097137,80.2340927124,78611,78621,10
13.0849399567,80.2341918945,78621,78631,10
13.0855197906,80.2343292236,78631,78641,10
13.0861301422,80.2344665527,78641,78651,10
13.0867900848,80.2345581055,78651,78661,10
13.087439537,80.2345581055,78661,78677,16
13.0879096985,80.2335586548,78677,78689,12
13.0881204605,80.2325363159,78689,78700,11
13.0883598328,80.2316665649,78700,78710,10
13.0885400772,80.2311706543,78710,78720,10
13.0887002945,80.2307815552,78720,78730,10
13.0887403488,80.2306900024,78730,78740,10
13.0888595581,80.2304534912,78740,78750,10
13.0891399384,80.2298736572,78750,78760,10
13.0895996094,80.2291717529,78760,78770,10
13.0902395248,80.2284469604,78770,78780,10
13.0908298492,80.2277984619,78780,78790,10
13.0912704468,80.2273178101,78790,78800,10
13.091340065,80.2272415161,78800,78811,11
13.0915203094,80.2270507813,78811,78821,10
13.0920000076,80.2265625,78821,78831,10
13.0925703049,80.2259674072,78831,78841,10
13.0931797028,80.2253494263,78841,78851,10
13.0936603546,80.2248306274,78851,78861,10
13.09416008,80.2242126465,78861,78871,10
13.0947599411,80.2233581543,78871,78881,10
13.0951700211,80.2224884033,78881,78891,10
13.0952396393,80.2222824097,78891,78902,11
13.0952596664,80.2222137451,78902,78912,10
13.0954504013,80.2217636108,78912,78922,10
13.095700264,80.2210617065,78922,78932,10
13.0959501266,80.2203521729,78932,78942,10
13.0963401794,80.2192077637,78942,78982,40
13.0963401794,80.2192077637,78982,78992,10
13.0964202881,80.219039917,78992,79003,11
13.0965595245,80.2185974121,79003,79013,10
13.0967798233,80.2179489136,79013,79023,10
13.0970697403,80.2171020508,79023,79033,10
13.097319603,80.2164077759,79033,79043,10
13.0976600647,80.2156066895,79043,79053,10
13.0980100632,80.2147979736,79053,79063,10
13.0983495712,80.2140579224,79063,79073,10
13.0985898972,80.2139205933,79073,79083,10
13.098950386,80.2141418457,79083,79093,10
13.0994596481,80.214302063,79093,79104,11
13.1002902985,80.2145385742,79104,79134,30
13.1002902985,80.2145385742,79134,79144,10
13.1004295349,80.2146377563,79144,79205,61
13.1004295349,80.2146377563,79205,79215,10
13.1005401611,80.2146911621,79215,79225,10
13.1004104614,80.2150268555,79225,79235,10
13.1002101898,80.2155227661,79235,79245,10
13.1000003815,80.216003418,79245,79255,10
13.0998401642,80.2161026001,79255,79265,10
13.0998697281,80.2158279419,79265,79275,10
13.1000299454,80.2154998779,79275,79285,10
13.1002597809,80.2148895264,79285,79558,273
13.1002597809,80.2148895264,79558,79568,10
13.1002101898,80.2147674561,79568,79578,10
13.1001596451,80.21459198,79578,79588,10
13.0999898911,80.2145004272,79588,79598,10
13.099729538,80.2144393921,79598,79608,10
13.0992898941,80.2143173218,79608,79619,11
13.098739624,80.2141418457,79619,79629,10
13.0983800888,80.2142410278,79629,79639,10
13.0980997086,80.2148971558,79639,79649,10
13.0977697372,80.215637207,79649,79659,10
13.0974197388,80.216468811,79659,79669,10
13.0971698761,80.2171325684,79669,79679,10
13.0968999863,80.217880249,79679,79689,10
13.096619606,80.2187271118,79689,79699,10
13.0963697433,80.2194976807,79699,79709,10
13.0960998535,80.2202606201,79709,79719,10
13.0958204269,80.2210464478,79719,79730,11
13.0956201553,80.2216262817,79730,79746,16
13.0952196121,80.2227172852,79746,79758,12
13.0946998596,80.2237319946,79758,79768,10
13.0942001343,80.2244186401,79768,79778,10
13.0935401917,80.2252197266,79778,79788,10
13.0930500031,80.2257385254,79788,79798,10
13.0923500061,80.2264633179,79798,79808,10
13.0916996002,80.2271118164,79808,79818,10
13.0911102295,80.2277297974,79818,79829,11
13.0904798508,80.2284164429,79829,79840,11
13.0897798538,80.2291717529,79840,79850,10
13.0893096924,80.2298431396,79850,79859,9
13.0891199112,80.2302398682,79859,79870,11
13.0889596939,80.2305603027,79870,79880,10
13.0886802673,80.2311935425,79880,79890,10
13.0884199142,80.231842041,79890,79900,10
13.0881996155,80.2326431274,79900,79910,10
13.0880203247,80.2334823608,79910,79920,10
13.0879402161,80.2342529297,79920,79931,11
13.0874300003,80.23462677,79931,79941,10
13.0868501663,80.2346420288,79941,79951,10
13.0862598419,80.2345428467,79951,79961,10
13.0856599808,80.2343826294,79961,79971,10
13.0851097107,80.2342605591,79971,79981,10
13.0849599838,80.2342300415,79981,79991,10
13.0844802856,80.2341003418,79991,80001,10
13.0839796066,80.2339935303,80001,80011,10
13.083609581,80.2339172363,80011,80021,10
13.0833501816,80.2338562012,80021,80040,19
13.0824203491,80.2337036133,80040,80052,12
13.0822896957,80.2336730957,80052,80062,10
13.081870079,80.2336120605,80062,80072,10
13.0812702179,80.2335891724,80072,80081,9
13.0807695389,80.233581543,80081,80092,11
13.0801801682,80.2335586548,80092,80102,10
13.0798902512,80.2335662842,80102,80112,10
13.0793504715,80.2335586548,80112,80122,10
13.0787401199,80.2335891724,80122,80133,11
13.0779800415,80.2336196899,80133,80143,10
13.0773696899,80.2336807251,80143,80153,10
13.0766601563,80.2338027954,80153,80163,10
13.0759897232,80.2339324951,80163,80173,10
13.0757703781,80.2339706421,80173,80183,10
13.0758399963,80.2343521118,80183,80193,10
13.0760002136,80.2350006104,80193,80203,10
13.0761699677,80.2357406616,80203,80213,10
13.0762796402,80.2365112305,80213,80223,10
13.0764398575,80.2372207642,80223,80233,10
13.0765104294,80.2374572754,80233,80244,11
13.0765800476,80.2377624512,80244,80254,10
13.0766601563,80.23828125,80254,80264,10
13.0768404007,80.2390136719,80264,80280,16
13.0771398544,80.2402877808,80280,80292,12
13.0773496628,80.2411499023,80292,80299,7
13.0773801804,80.2415390015,80299,80312,13
13.0776100159,80.2424621582,80312,80322,10
13.0777196884,80.2432632446,80322,80332,10
13.0777997971,80.243927002,80332,80342,10
13.0777301788,80.2441177368,80342,80353,11
13.0778102875,80.244758606,80353,80363,10
13.0778903961,80.2455673218,80363,80373,10
13.0779895782,80.2464981079,80373,80383,10
13.0781698227,80.2474365234,80383,80406,23
13.0786104202,80.2493896484,80406,80418,12
13.0786800385,80.2502670288,80418,80426,8
13.0784702301,80.2508392334,80426,80437,11
13.0785398483,80.2516021729,80437,80449,12
13.0780897141,80.2517623901,80449,80459,10
13.0774002075,80.2518997192,80459,80469,10
13.0765104294,80.2520599365,80469,80479,10
13.0754995346,80.2522125244,80479,80489,10
13.0747299194,80.252281189,80489,80499,10
13.0741901398,80.2522964478,80499,80509,10
13.0737304688,80.2524795532,80509,80519,10
13.0730800629,80.252456665,80519,80529,10
13.0725498199,80.2523880005,80529,80539,10
13.0721597672,80.2520370483,80539,80550,11
13.0720500946,80.2513809204,80550,80560,10
13.0719003677,80.2508010864,80560,80570,10
13.071680069,80.2501220703,80570,80580,10
13.0715198517,80.2495117188,80580,80590,10
13.0714302063,80.2490234375,80590,80600,10
13.0712795258,80.2482833862,80600,80610,10
13.0710000992,80.247467041,80610,80620,10
13.0706701279,80.2468032837,80620,80630,10
13.0703401566,80.2461166382,80630,80640,10
13.0699996948,80.2453765869,80640,80651,11
13.0696697235,80.2445373535,80651,80661,10
13.069439888,80.2437896729,80661,80671,10
13.0692501068,80.2432632446,80671,80681,10
13.0691795349,80.2428588867,80681,80691,10
13.0690202713,80.2425765991,80691,80701,10
13.0684995651,80.2426223755,80701,80711,10
13.0677099228,80.2428588867,80711,80721,10
13.0669298172,80.2432022095,80721,80731,10
13.0662002563,80.243560791,80731,80741,10
13.0660896301,80.2442321777,80741,80751,10
13.0662403107,80.2451171875,80751,80762,11
13.0665998459,80.2460174561,80762,80778,16
13.0678300858,80.2466506958,80778,80790,12
13.0679101944,80.2475585938,80790,80800,10
13.0676202774,80.2479476929,80800,80808,8
13.06690979,80.2479095459,80808,80819,11
13.0659999847,80.2478713989,80819,80830,11
13.0650396347,80.2478103638,80830,80842,12
13.063949585,80.247718811,80842,80853,11
13.0631198883,80.2476501465,80853,80865,12
13.0621995926,80.2476272583,80865,80875,10
13.0614795685,80.2474136353,80875,80885,10
13.061340332,80.2469024658,80885,80894,9
13.0616102219,80.2466506958,80894,80905,11
13.0618495941,80.2459106445,80905,80915,10
13.0621299744,80.2451019287,80915,80925,10
13.0628204346,80.2446365356,80925,80935,10
13.0631103516,80.2442932129,80935,80945,10
13.0632200241,80.244102478,80945,80955,10
13.0634202957,80.2436294556,80955,80966,11
13.0630598068,80.2434463501,80966,80976,10
13.0624504089,80.243347168,80976,80986,10
13.0618095398,80.2432403564,80986,80996,10
13.0613498688,80.2431716919,80996,81006,10
13.060839653,80.2430496216,81006,81016,10
13.0601797104,80.2427978516,81016,81025,9
13.0593900681,80.2425689697,81025,81035,10
13.0587701797,80.2426376343,81035,81046,11
13.0579595566,80.2428207397,81046,81055,9
13.0569696426,80.2428436279,81055,81077,22
13.0569696426,80.2428436279,81077,81087,10
13.056810379,80.2427902222,81087,81097,10
13.0564203262,80.2426605225,81097,81107,10
13.0558595657,80.2423629761,81107,81117,10
13.0551204681,80.2423400879,81117,81127,10
13.0543498993,80.2424163818,81127,81136,9
13.0537996292,80.2423171997,81136,81146,10
13.0536699295,80.2422637939,81146,81157,11
13.053319931,80.2420578003,81157,81168,11
13.0526199341,80.2417907715,81168,81178,10
13.0521602631,80.2412109375,81178,81188,10
13.0519599915,80.2408828735,81188,81198,10
13.0516395569,80.240737915,81198,81208,10
13.0511302948,80.2406082153,81208,81218,10
13.050620079,80.2405166626,81218,81228,10
13.0499200821,80.2403793335,81228,81238,10
13.0493001938,80.2402420044,81238,81248,10
13.048620224,80.2401123047,81248,81258,10
13.0479297638,80.2399673462,81258,81269,11
13.0471401215,80.2397918701,81269,81279,10
13.0464296341,80.2396316528,81279,81289,10
13.046210289,80.2393798828,81289,81299,10
13.0463399887,80.2389373779,81299,81309,10
13.0464801788,80.2383499146,81309,81319,10
13.0466003418,80.237663269,81319,81329,10
13.0467395782,80.2369003296,81329,81339,10
13.0468902588,80.2362594604,81339,81349,10
13.0469799042,80.2358703613,81349,81359,10
13.0470199585,80.2355575562,81359,81369,10
13.0471000671,80.2349624634,81369,81380,11
13.0471897125,80.2340698242,81380,81390,10
13.0472698212,80.2333679199,81390,81400,10
13.047129631,80.2330474854,81400,81410,10
13.0465898514,80.2329711914,81410,81420,10
13.0458898544,80.2328414917,81420,81430,10
13.0452699661,80.2327423096,81430,81440,10
13.0447397232,80.2326583862,81440,81450,10
13.0440502167,80.2325134277,81450,81460,10
13.0432300568,80.2324295044,81460,81470,10
13.0424804688,80.2324066162,81470,81481,11
13.0416002274,80.2322769165,81481,81491,10
13.0407104492,80.2320327759,81491,81501,10
13.0397796631,80.2317428589,81501,81511,10
13.0389003754,80.2314910889,81511,81521,10
13.0379104614,80.2312088013,81521,81531,10
13.0371599197,80.2309570313,81531,81541,10
13.0367898941,80.2308120728,81541,81551,10
13.0363101959,80.2306594849,81551,81561,10
13.0355701447,80.2304534912,81561,81571,10
13.035200119,80.2303771973,81571,81622,51
13.035200119,80.2303771973,81622,81632,10
13.0351104736,80.2304000854,81632,81642,10
13.0347499847,80.2304000854,81642,81652,10
13.0341396332,80.230506897,81652,81672,20
13.0341396332,80.230506897,81672,81683,11
13.0338602066,80.2305374146,81683,81693,10
13.0334596634,80.2305679321,81693,81703,10
13.032959938,80.2305984497,81703,81713,10
13.0322999954,80.2306518555,81713,81723,10
13.0316095352,80.2307128906,81723,81733,10
13.0308904648,80.2307662964,81733,81743,10
13.0302600861,80.2308120728,81743,81753,10
13.0296401978,80.2308578491,81753,81763,10
13.0291700363,80.2309112549,81763,81773,10
13.0285596848,80.2309494019,81773,81784,11
13.027759552,80.2310333252,81784,81794,10
13.0276403427,80.2313766479,81794,81804,10
13.0277204514,80.2320480347,81804,81814,10
13.0278596878,80.232749939,81814,81824,10
13.0273599625,80.2329330444,81824,81834,10
13.02684021,80.233039856,81834,81854,20
13.02684021,80.233039856,81854,81864,10
13.0266599655,80.2330932617,81864,81874,10
13.0263395309,80.2329025269,81874,81885,11
13.0261096954,80.2321014404,81885,81895,10
13.0258998871,80.231262207,81895,81905,10
13.0255203247,80.2303237915,81905,81915,10
13.024939537,80.2294921875,81915,81925,10
13.024430275,80.228843689,81925,81935,10
13.0240802765,80.2284393311,81935,81945,10
13.0239601135,80.228302002,81945,81955,10
13.0236997604,80.2279815674,81955,81965,10
13.0234298706,80.227722168,81965,81975,10
13.0232601166,80.2275466919,81975,81986,11
13.0228204727,80.2271194458,81986,81996,10
13.0222501755,80.2265930176,81996,82006,10
13.0215797424,80.2260284424,82006,82016,10
13.0208101273,80.2254333496,82016,82026,10
13.0200500488,80.2249221802,82026,82036,10
13.0190896988,80.2245101929,82036,82046,10
13.0179901123,80.2248382568,82046,82056,10
13.0169200897,80.2252807617,82056,82066,10
13.0161600113,80.2255783081,82066,82075,9
13.0153999329,80.2258605957,82075,82085,10
13.0142698288,80.226348877,82085,82107,22
13.0142698288,80.226348877,82107,82117,10
13.0138998032,80.2265090942,82117,82127,10
13.0132303238,80.2267608643,82127,82137,10
13.012430191,80.2270736694,82137,82147,10
13.0115003586,80.2274398804,82147,82157,10
13.0105199814,80.2278213501,82157,82167,10
13.0095796585,80.2282028198,82167,82177,10
13.0090503693,80.2287902832,82177,82187,10
13.0088596344,80.2298126221,82187,82198,11
13.0086603165,80.2309265137,82198,82208,10
13.0084495544,80.2320327759,82208,82218,10
13.0082397461,80.2331314087,82218,82228,10
13.0081195831,80.2338409424,82228,82238,10
13.0080404282,80.2342376709,82238,82248,10
13.007900238,80.234916687,82248,82258,10
13.0077295303,80.2357788086,82258,82268,10
13.0075397491,80.2367630005,82268,82278,10
13.0073204041,80.2378387451,82278,82288,10
13.0071296692,80.238899231,82288,82299,11
13.0068902969,80.2401123047,82299,82309,10
13.0068302155,80.2407913208,82309,82319,10
13.006819725,80.240852356,82319,82329,10
13.0067396164,80.2412033081,82329,82339,10
13.0066900253,80.2419204712,82339,82349,10
13.0066795349,80.2428207397,82349,82359,10
13.0066604614,80.2437896729,82359,82369,10
13.0066699982,80.2448577881,82369,82379,10
13.0066900253,80.2459182739,82379,82395,16
13.0067100525,80.247177124,82395,82408,13
13.0066995621,80.2473297119,82408,82418,10
13.0066995621,80.2477798462,82418,82428,10
13.0067300797,80.248588562,82428,82438,10
13.006819725,80.2493362427,82438,82448,10
13.0068397522,80.2494812012,82448,82458,10
13.0068397522,80.2497406006,82458,82468,10
13.0068302155,80.2501220703,82468,82478,10
13.006819725,80.2508163452,82478,82488,10
13.0068101883,80.2513198853,82488,82499,11
13.0068101883,80.251411438,82499,82509,10
13.0067195892,80.2518081665,82509,82519,10
13.0065803528,80.2524490356,82519,82529,10
13.0065402985,80.2532501221,82529,82539,10
13.0065402985,80.254119873,82539,82549,10
13.0065803528,80.2549972534,82549,82559,10
13.0066003799,80.2559204102,82559,82569,10
13.0066099167,80.2567596436,82569,82579,10
13.0066404343,80.257270813,82579,82610,31
13.0066404343,80.257270813,82610,82620,10
13.0066699982,80.2575378418,82620,82630,10
13.0069599152,80.2581329346,82630,82640,10
13.0075998306,80.2586975098,82640,82650,10
13.008099556,80.2590408325,82650,82660,10
13.0075597763,80.2593688965,82660,82670,10
13.007229805,80.2588195801,82670,82680,10
13.0069103241,80.2582321167,82680,82690,10
13.0065202713,80.2576293945,82690,82721,31
13.0065202713,80.2576293945,82721,82731,10
13.0065002441,80.2573165894,82731,82741,10
13.0065002441,80.2570724487,82741,82751,10
13.006480217,80.2565383911,82751,82761,10
13.006480217,80.2556686401,82761,82771,10
13.0065097809,80.2548522949,82771,82781,10
13.006480217,80.2539825439,82781,82791,10
13.0064897537,80.2531585693,82791,82801,10
13.0065097809,80.252456665,82801,82812,11
13.0066604614,80.251739502,82812,82822,10
13.0067396164,80.2510604858,82822,82832,10
13.0067596436,80.2503204346,82832,82842,10
13.0067396164,80.2493896484,82842,82852,10
13.0066699982,80.2484436035,82852,82862,10
13.0066204071,80.2476882935,82862,82872,10
13.0066299438,80.2471389771,82872,82882,10
13.0066099167,80.2466430664,82882,82892,10
13.0066099167,80.2464828491,82892,82902,10
13.0066204071,80.2459564209,82902,82913,11
13.0066099167,80.2452774048,82913,82923,10
13.0066003799,80.2446594238,82923,82933,10
13.0065898895,80.243927002,82933,82943,10
13.0065698624,80.2435531616,82943,82953,10
13.0065498352,80.243057251,82953,82963,10
13.0065402985,80.2423782349,82963,82973,10
13.0065498352,80.2415618896,82973,82983,10
13.006649971,80.2408294678,82983,82993,10
13.0067796707,80.240020752,82993,83003,10
13.0069599152,80.2391815186,83003,83014,11
13.0071601868,80.2380981445,83014,83024,10
13.0073795319,80.2371063232,83024,83034,10
13.0075597763,80.2361907959,83034,83044,10
13.0077400208,80.2352905273,83044,83054,10
13.0079097748,80.2344207764,83054,83064,10
13.0081195831,80.2334213257,83064,83074,10
13.0082798004,80.2325592041,83074,83084,10
13.0085401535,80.2312164307,83084,83094,10
13.0087404251,80.2302322388,83094,83104,10
13.0089502335,80.2292480469,83104,83114,10
13.009180069,80.2282028198,83114,83125,11
13.0096597672,80.2270965576,83125,83135,10
13.0101203918,80.2261581421,83135,83145,10
13.0104904175,80.225440979,83145,83155,10
13.0108699799,80.2245864868,83155,83165,10
13.0112304688,80.2237319946,83165,83175,10
13.011469841,80.2230682373,83175,83185,10
13.0117902756,80.2221908569,83185,83195,10
13.0120801926,80.2214508057,83195,83205,10
13.0124197006,80.2215805054,83205,83215,10
13.0128602982,80.2221221924,83215,83226,11
13.0134496689,80.2228164673,83226,83236,10
13.0140399933,80.223487854,83236,83246,10
13.0144996643,80.2240829468,83246,83256,10
13.0149898529,80.2245788574,83256,83266,10
13.0153999329,80.2249221802,83266,83276,10
13.0155601501,80.2250289917,83276,83286,10
13.0160703659,80.2252807617,83286,83296,10
13.0167798996,80.2251815796,83296,83306,10
13.0176496506,80.2248382568,83306,83316,10
13.0186300278,80.2244491577,83316,83327,11
13.0195503235,80.2244186401,83327,83335,8
13.0201997757,80.2248382568,83335,83347,12
13.0212697983,80.2256393433,83347,83357,10
13.0220403671,80.2261810303,83357,83367,10
13.0222797394,80.2264022827,83367,83377,10
13.0228099823,80.2268829346,83377,83387,10
13.0235004425,80.2275238037,83387,83397,10
13.0241699219,80.2281723022,83397,83407,10
13.0246400833,80.2288208008,83407,83417,10
13.0250396729,80.2294006348,83417,83428,11
13.0255899429,80.2301177979,83428,83438,10
13.0260000229,80.2310791016,83438,83448,10
13.0264196396,80.231262207,83448,83464,16
13.0276699066,80.2309875488,83464,83476,12
13.0285396576,80.2308807373,83476,83486,10
13.0292196274,80.230796814,83486,83496,10
13.0297203064,80.2307662964,83496,83505,9
13.0303096771,80.2307128906,83505,83516,11
13.0310401917,80.2306594849,83516,83526,10
13.0319004059,80.2305908203,83526,83536,10
13.0326004028,80.2305297852,83536,83547,11
13.0334396362,80.2304992676,83547,83556,9
13.0340995789,80.23046875,83556,83567,11
13.034330368,80.2304229736,83567,83577,10
13.0344400406,80.2303771973,83577,83586,9
13.0347900391,80.2303085327,83586,83597,11
13.0349502563,80.2306289673,83597,83607,10
13.0348596573,80.2313690186,83607,83617,10
13.0347499847,80.2322463989,83617,83627,10
13.0346603394,80.233039856,83627,83637,10
13.034620285,80.2334213257,83637,83648,11
13.0345201492,80.2341308594,83648,83658,10
13.0344200134,80.2349472046,83658,83668,10
13.0343198776,80.2358627319,83668,83678,10
13.0342197418,80.2368011475,83678,83688,10
13.0343999863,80.2374420166,83688,83698,10
13.0346899033,80.2379226685,83698,83708,10
13.0350599289,80.2385482788,83708,83718,10
13.0354604721,80.2391662598,83718,83728,10
13.0359601974,80.2393722534,83728,83739,11
13.036939621,80.2395095825,83739,83748,9
13.0375995636,80.2396011353,83748,83759,11
13.0385398865,80.2397003174,83759,83769,10
13.0393600464,80.2398071289,83769,83779,10
13.0399398804,80.239906311,83779,83789,10
13.0402297974,80.239982605,83789,83799,10
13.0403404236,80.2401809692,83799,83809,10
13.0404396057,80.2405090332,83809,83819,10
13.04088974,80.240562439,83819,83829,10
13.0415897369,80.2406387329,83829,83840,11
13.0424995422,80.2407531738,83840,83850,10
13.0433797836,80.2408905029,83850,83860,10
13.0441503525,80.2408370972,83860,83870,10
13.0447797775,80.2403793335,83870,83880,10
13.0452003479,80.2401199341,83880,83890,10
13.0452604294,80.2400588989,83890,83900,10
13.0454597473,80.239906311,83900,83910,10
13.0459403992,80.2395935059,83910,83920,10
13.0464696884,80.2395935059,83920,83930,10
13.0470304489,80.2397003174,83930,83941,11
13.0477199554,80.2398376465,83941,83951,10
13.0484800339,80.2399902344,83951,83961,10
13.0491199493,80.2400970459,83961,83971,10
13.0498504639,80.240272522,83971,83981,10
13.0504198074,80.2403869629,83981,83991,10
13.0508499146,80.2404785156,83991,84001,10
13.0514802933,80.2406234741,84001,84011,10
13.0522403717,80.2408065796,84011,84021,10
13.0525197983,80.2412414551,84021,84031,10
13.0529499054,80.2417831421,84031,84041,10
13.0537099838,80.2421264648,84041,84052,11
13.0541496277,80.2422485352,84052,84068,16
13.0552597046,80.2422180176,84068,84080,12
13.0562295914,80.2424926758,84080,84090,10
13.0567302704,80.2426223755,84090,84100,10
13.0570802689,80.2427597046,84100,84110,10
13.057510376,80.2428131104,84110,84120,10
13.0580196381,80.2427368164,84120,84130,10
13.0589504242,80.2425765991,84130,84140,10
13.0596599579,80.2426071167,84140,84151,11
13.0604400635,80.2428512573,84151,84161,10
13.060959816,80.2430267334,84161,84171,10
13.0614099503,80.2431411743,84171,84181,10
13.0621500015,80.243270874,84181,84191,10
13.0629701614,80.2434234619,84191,84201,10
13.0637998581,80.2434768677,84201,84211,10
13.0645599365,80.2435073853,84211,84229,18
13.0656604767,80.2434616089,84229,84241,12
13.0659999847,80.2434234619,84241,84250,9
13.0664300919,80.2433166504,84250,84262,12
13.0671901703,80.2429962158,84262,84272,10
13.0679101944,80.242729187,84272,84282,10
13.0687503815,80.242477417,84282,84292,10
13.0695495605,80.2421722412,84292,84302,10
13.0703601837,80.2419586182,84302,84312,10
13.0712003708,80.2415924072,84312,84322,10
13.0721302032,80.2411422729,84322,84332,10
13.0729398727,80.240737915,84332,84342,10
13.0737800598,80.2405166626,84342,84352,10
13.0747203827,80.2404403687,84352,84363,11
13.0756702423,80.2404403687,84363,84373,10
13.0761404037,80.2404403687,84373,84382,9
13.0761804581,80.2404403687,84382,84392,10
13.0763397217,80.2404632568,84392,84403,11
13.0764799118,80.2404937744,84403,84413,10
13.0766801834,80.2405166626,84413,84443,30
13.0766801834,80.2405166626,84443,84454,11
13.0770797729,80.2405090332,84454,84464,10
13.0770597458,80.2400436401,84464,84474,10
13.076880455,80.2392730713,84474,84484,10
13.0764904022,80.2376708984,84484,84494,10
13.0764904022,80.2376708984,84494,84504,10
13.0764303207,80.2373733521,84504,84514,10
13.0763902664,80.2371063232,84514,84524,10
13.0762796402,80.2365188599,84524,84534,10
13.0761604309,80.2357025146,84534,84544,10
13.0759897232,80.23487854,84544,84555,11
13.0758399963,80.2342834473,84555,84566,11
13.0758600235,80.233833313,84566,84576,10
13.0763998032,80.2337417603,84576,84587,11
13.0768299103,80.2336807251,84587,84596,9
13.0773801804,80.2335891724,84596,84606,10
13.0781002045,80.2335128784,84606,84617,11
13.0788402557,80.2334823608,84617,84627,10
13.0797300339,80.2334823608,84627,84637,10
13.0804595947,80.2334976196,84637,84647,10
13.0813302994,80.2335205078,84647,84657,10
13.0819396973,80.2334976196,84657,84668,11
13.0820503235,80.2327804565,84668,84678,10
13.0823297501,80.2319030762,84678,84688,10
13.082690239,80.231048584,84688,84698,10
13.0830402374,80.2306594849,84698,84708,10
13.0831804276,80.2311782837,84708,84718,10
13.0832300186,80.2321014404,84718,84728,10
13.0834102631,80.232963562,84728,84738,10
13.0835599899,80.2337722778,84738,84748,10
13.0841598511,80.2339935303,84748,84758,10
13.0850601196,80.2341766357,84758,84769,11
13.0858297348,80.2343597412,84769,84779,10
13.0861797333,80.2344665527,84779,84789,10
13.0868797302,80.2345504761,84789,84799,10
13.0877399445,80.2344436646,84799,84809,10
13.0879201889,80.2338409424,84809,84819,10
13.0880804062,80.232963562,84819,84829,10
13.0883102417,80.2320022583,84829,84839,10
13.0885095596,80.2313232422,84839,84848,9
13.0888004303,80.2306594849,84848,84858,10
13.0889196396,80.2303771973,84858,84870,12
13.0892496109,80.2297515869,84870,84880,10
13.0897798538,80.2290267944,84880,84890,10
13.0904798508,80.2282791138,84890,84900,10
13.0911397934,80.2275466919,84900,84910,10
13.0913496017,80.2273178101,84910,84920,10
13.0915403366,80.227142334,84920,84930,10
13.0920095444,80.2266311646,84930,84940,10
13.0926103592,80.226020813,84940,84950,10
13.0932998657,80.2253265381,84950,84960,10
13.0938997269,80.2246627808,84960,84971,11
13.0945901871,80.2237319946,84971,84981,10
13.0951499939,80.2227172852,84981,84991,10
13.0955600739,80.2216415405,84991,85001,10
13.0958995819,80.2206420898,85001,85011,10
13.096280098,80.2195587158,85011,85021,10
13.0965795517,80.2187194824,85021,85031,10
13.0968599319,80.2178192139,85031,85041,10
13.0972099304,80.2168579102,85041,85051,10
13.0976200104,80.2158508301,85051,85061,10
13.0980901718,80.2147827148,85061,85072,11
13.0984601974,80.2139663696,85072,85082,10
13.0988798141,80.2140808105,85082,85092,10
13.0996599197,80.2143173218,85092,85102,10
13.1001796722,80.2144622803,85102,85112,10
13.1003398895,80.2145080566,85112,85122,10
13.1005601883,80.2146224976,85122,85132,10
13.1004600525,80.2149810791,85132,85142,10
13.1001796722,80.2156066895,85142,85152,10
13.0999097824,80.2162475586,85152,85162,10
13.0996799469,80.2168731689,85162,85172,10
13.0995397568,80.2173995972,85172,85183,11
13.0994100571,80.2180633545,85183,85199,16
13.0992498398,80.2190933228,85199,85211,12
13.0991802216,80.219543457,85211,85221,10
13.0991096497,80.2200012207,85221,85231,10
13.09897995,80.2206726074,85231,85239,8
13.0988302231,80.2214736938,85239,85251,12
13.0987596512,80.2224502563,85251,85261,10
13.0989999771,80.2232513428,85261,85271,10
13.0994997025,80.2239227295,85271,85282,11
13.0997896194,80.2247924805,85282,85292,10
13.0999403,80.2255096436,85292,85302,10
13.1000204086,80.2260818481,85302,85311,9
13.100060463,80.2267608643,85311,85322,11
13.100060463,80.227722168,85322,85332,10
13.0999803543,80.2284698486,85332,85342,10
13.0998697281,80.2290878296,85342,85352,10
13.0997495651,80.2297592163,85352,85362,10
13.0995397568,80.2305221558,85362,85372,10
13.0992803574,80.2311630249,85372,85383,11
13.0990400314,80.2317123413,85383,85393,10
13.0988397598,80.2322998047,85393,85403,10
13.0986604691,80.2330322266,85403,85413,10
13.0985603333,80.2338180542,85413,85423,10
13.0984897614,80.2345428467,85423,85433,10
13.098400116,80.2353897095,85433,85443,10
13.098279953,80.2361831665,85443,85453,10
13.0981302261,80.2369995117,85453,85463,10
13.097990036,80.2377624512,85463,85473,10
13.0978403091,80.23853302,85473,85484,11
13.0977602005,80.2393035889,85484,85494,10
13.097700119,80.2400894165,85494,85504,10
13.0976295471,80.2408370972,85504,85513,9
13.0975704193,80.2413864136,85513,85524,11
13.0975503922,80.2415084839,85524,85534,10
13.0974998474,80.2418136597,85534,85544,10
13.0975103378,80.2421112061,85544,85554,10
13.0978298187,80.2421875,85554,85564,10
13.097869873,80.2421875,85564,85574,10
13.0980195999,80.2422180176,85574,85585,11
13.0985403061,80.2422485352,85585,85817,232
13.0985403061,80.2422485352,85817,85827,10
13.0986003876,80.2422866821,85827,85837,10
13.0986700058,80.2420501709,85837,85847,10
13.0987596512,80.2417373657,85847,85877,30
13.0987596512,80.2417373657,85877,85887,10
13.0988397598,80.2414321899,85887,85898,11
13.0989198685,80.2411422729,85898,85908,10
13.0989398956,80.2408905029,85908,85918,10
13.0989398956,80.2406311035,85918,85928,10
