12.988240242,80.2236785889,16,318,302
12.9880695343,80.2238388062,318,379,61
12.9881296158,80.2237472534,379,1842,1463
12.9881496429,80.2236785889,1842,1903,61
12.9882097244,80.2236709595,1903,6503,4600
12.9882001877,80.2237091064,6503,6826,323
12.9882497787,80.2236862183,6826,9227,2401
12.9882497787,80.2236862183,9227,9237,10
12.988240242,80.2238006592,9237,9307,70
12.9881801605,80.2237014771,9307,12444,3137
12.9881801605,80.2237014771,12444,12454,10
12.9883298874,80.2235107422,12454,12485,31
12.9882297516,80.2236404419,12485,13645,1160
12.9882802963,80.2236633301,13645,15168,1523
12.9881401062,80.2236022949,15168,15440,272
12.9882097244,80.2236022949,15440,16227,787
12.9881601334,80.2237014771,16227,16741,514
12.9881401062,80.2236480713,16741,17296,555
12.988240242,80.2236785889,17296,17508,212
12.9881801605,80.2235870361,17508,17931,423
12.9883003235,80.2237091064,17931,18426,495
12.9881095886,80.2236480713,18426,19616,1190
12.9882001877,80.2237167358,19616,19999,383
12.9880199432,80.2236785889,19999,20322,323
12.9882698059,80.2236633301,20322,21946,1624
12.9882698059,80.2236633301,21946,21956,10
12.9884796143,80.2234420776,21956,21986,30
12.9884796143,80.2234420776,21986,21996,10
12.9887104034,80.2232971191,21996,22006,10
12.9891300201,80.2233581543,22006,22016,10
12.9894599915,80.2237472534,22016,22027,11
12.9894800186,80.224357605,22027,22037,10
12.9896402359,80.2249603271,22037,22047,10
12.9899702072,80.2255020142,22047,22057,10
12.9900798798,80.2261123657,22057,22067,10
12.9900903702,80.2266387939,22067,22078,11
12.9902000427,80.2272109985,22078,22088,10
12.9903297424,80.2280197144,22088,22098,10
12.9905004501,80.2286911011,22098,22108,10
12.9906396866,80.2292175293,22108,22118,10
12.9907798767,80.2298431396,22118,22127,9
12.9908504486,80.2305374146,22127,22139,12
12.9909296036,80.2312088013,22139,22149,10
12.9910001755,80.231880188,22149,22159,10
12.9911003113,80.2325210571,22159,22169,10
12.9912996292,80.2331237793,22169,22179,10
12.9916200638,80.2335968018,22179,22189,10
12.9920797348,80.2337188721,22189,22199,10
12.9926204681,80.2337875366,22199,22209,10
12.993229866,80.2340164185,22209,22219,10
12.9937000275,80.2342987061,22219,22229,10
12.9941701889,80.2346420288,22229,22239,10
12.9947595596,80.2349777222,22239,22249,10
12.9953298569,80.2353210449,22249,22260,11
12.9959096909,80.2358322144,22260,22270,10
12.9960098267,80.2359390259,22270,22280,10
12.9961500168,80.2361221313,22280,22290,10
12.9964599609,80.2367172241,22290,22300,10
12.9968204498,80.2374191284,22300,22310,10
12.9971399307,80.2379684448,22310,22320,10
12.9975795746,80.2386016846,22320,22330,10
12.9980802536,80.2389984131,22330,22340,10
12.9986400604,80.2391967773,22340,22350,10
12.9988203049,80.2392501831,22350,22360,10
12.9992799759,80.2393569946,22360,22370,10
12.9998903275,80.2394790649,22370,22381,11
13.0006399155,80.2395629883,22381,22391,10
13.0012397766,80.2396621704,22391,22401,10
13.0019102097,80.2398605347,22401,22411,10
13.0025100708,80.2400512695,22411,22421,10
13.0031404495,80.2402496338,22421,22431,10
13.0036201477,80.2407073975,22431,22441,10
13.0038499832,80.2412796021,22441,22451,10
13.0045003891,80.2418823242,22451,22461,10
13.0051803589,80.2418365479,22461,22471,10
13.0058403015,80.2418518066,22471,22481,10
13.0057601929,80.2423782349,22481,22532,51
13.0057601929,80.2423782349,22532,22542,10
13.0055599213,80.2421188354,22542,22552,10
13.0051298141,80.2418289185,22552,22562,10
13.0044403076,80.2418365479,22562,22572,10
13.0039100647,80.2414169312,22572,22582,10
13.0036201477,80.2407302856,22582,22592,10
13.0031099319,80.2402572632,22592,22602,10
13.002409935,80.240020752,22602,22613,11
13.0017795563,80.2397918701,22613,22622,9
13.0011396408,80.2396392822,22622,22633,11
13.0004701614,80.2395172119,22633,22643,10
12.9996995926,80.2394104004,22643,22653,10
12.9991998672,80.2393188477,22653,22663,10
12.9991102219,80.2392883301,22663,22673,10
12.9986400604,80.2391586304,22673,22683,10
12.998049736,80.238899231,22683,22693,10
12.9976196289,80.2385177612,22693,22703,10
12.997209549,80.2379302979,22703,22713,10
12.9968795776,80.2373809814,22713,22723,10
12.9965295792,80.2366790771,22723,22734,11
12.9960803986,80.2359390259,22734,22744,10
12.9955701828,80.2354507446,22744,22754,10
12.9951095581,80.2351226807,22754,22764,10
12.994720459,80.2349319458,22764,22774,10
12.9944896698,80.2347793579,22774,22784,10
12.9939403534,80.2344512939,22784,22794,10
12.9935703278,80.2341918945,22794,22804,10
12.992939949,80.2338867188,22804,22814,10
12.9922599792,80.233757019,22814,22824,10
12.9918498993,80.2337417603,22824,22834,10
12.9918403625,80.2337417603,22834,22845,11
12.9917297363,80.2337112427,22845,22855,10
12.991399765,80.2336578369,22855,22865,10
12.9912700653,80.2331008911,22865,22875,10
12.9911003113,80.2325973511,22875,22885,10
12.9909896851,80.2319564819,22885,22895,10
12.9909200668,80.2312393188,22895,22905,10
12.9908895493,80.2306137085,22905,22915,10
12.9908103943,80.2298965454,22915,22925,10
12.990650177,80.2291793823,22925,22935,10
12.9904899597,80.2286071777,22935,22945,10
12.9903202057,80.2279815674,22945,22955,10
12.9902000427,80.2272796631,22955,22966,11
12.9900903702,80.2265625,22966,22976,10
12.9901304245,80.2259597778,22976,22986,10
12.9898395538,80.2253112793,22986,22996,10
12.9895801544,80.2246932983,22996,23006,10
12.9895000458,80.2240219116,23006,23016,10
12.9892997742,80.2235031128,23016,23026,10
12.9887599945,80.2233276367,23026,23036,10
12.9883699417,80.2234191895,23036,23046,10
12.9883499146,80.2233581543,23046,23056,10
12.988360405,80.2232971191,23056,23066,10
12.9887304306,80.2233200073,23066,23076,10
12.9892196655,80.2234191895,23076,23087,11
12.9894800186,80.2239608765,23087,23097,10
12.9895401001,80.2246170044,23097,23107,10
12.9898099899,80.2252807617,23107,23117,10
12.9900903702,80.2259216309,23117,23127,10
12.9900398254,80.2264480591,23127,23137,10
12.9901504517,80.2271194458,23137,23147,10
12.9900197983,80.2276916504,23147,23157,10
12.9898300171,80.2277984619,23157,23167,10
12.98939991,80.2280426025,23167,23177,10
12.9888696671,80.2285079956,23177,23187,10
12.9886198044,80.2291870117,23187,23198,11
12.9883403778,80.2298583984,23198,23208,10
12.9881296158,80.2304992676,23208,23218,10
12.9878797531,80.2312011719,23218,23228,10
12.9876098633,80.2319564819,23228,23238,10
12.9874897003,80.2327575684,23238,23248,10
12.9874296188,80.2332077026,23248,23258,10
12.9868803024,80.2332763672,23258,23268,10
12.9865598679,80.2332763672,23268,23278,10
12.9863004684,80.2332992554,23278,23288,10
12.9861097336,80.2337722778,23288,23298,10
12.9861698151,80.2343292236,23298,23308,10
12.9863796234,80.2349472046,23308,23319,11
12.9864997864,80.2352600098,23319,23329,10
12.9865598679,80.235496521,23329,23339,10
12.986579895,80.2361679077,23339,23349,10
12.9865999222,80.2368469238,23349,23359,10
12.9866199493,80.237411499,23359,23369,10
12.9866399765,80.2380371094,23369,23379,10
12.9866600037,80.2386398315,23379,23389,10
12.986579895,80.2384567261,23389,24176,787
12.986579895,80.2384567261,24176,24186,10
12.9866199493,80.2382888794,24186,24196,10
12.9866399765,80.2378234863,24196,24206,10
12.9866199493,80.2372207642,24206,24216,10
12.9865999222,80.2366867065,24216,24226,10
12.9865703583,80.2360534668,24226,24236,10
12.9865398407,80.2354888916,24236,24247,11
12.9865102768,80.2353286743,24247,24257,10
12.9863595963,80.2349472046,24257,24267,10
12.9861803055,80.2344207764,24267,24277,10
12.9861297607,80.2338485718,24277,24287,10
12.9861803055,80.2333908081,24287,24297,10
12.9866199493,80.2333221436,24297,24307,10
12.9868602753,80.2333068848,24307,24317,10
12.9873600006,80.2332382202,24317,24327,10
12.9874296188,80.2328109741,24327,24337,10
12.9875001907,80.2321624756,24337,24347,10
12.9877004623,80.231628418,24347,24357,10
12.987950325,80.2310562134,24357,24368,11
12.9882097244,80.2303009033,24368,24378,10
12.9884595871,80.2296829224,24378,24388,10
12.9886798859,80.2290878296,24388,24398,10
12.9889202118,80.2284927368,24398,24408,10
12.9895000458,80.2280731201,24408,24418,10
12.9899396896,80.2277603149,24418,24428,10
12.9901399612,80.2276077271,24428,24438,10
12.9901399612,80.2271194458,24438,24448,10
12.990070343,80.2264709473,24448,24458,10
12.9901103973,80.2258529663,24458,24468,10
12.9897603989,80.2252426147,24468,24478,10
12.9895401001,80.2246170044,24478,24489,11
12.9895000458,80.2239227295,24489,24500,11
12.9892702103,80.2234802246,24500,24510,10
12.988650322,80.2233581543,24510,24520,10
12.988360405,80.2233734131,24520,24540,20
12.988360405,80.2233734131,24540,24550,10
12.9884195328,80.2232589722,24550,24560,10
12.9893398285,80.2235336304,24560,24570,10
12.9893398285,80.2235336304,24570,24580,10
12.9894895554,80.2240219116,24580,24590,10
12.9895801544,80.2246627808,24590,24601,11
12.9899101257,80.2253799438,24601,24611,10
12.9900798798,80.2260665894,24611,24621,10
12.9900903702,80.2266464233,24621,24632,11
12.9902000427,80.2274398804,24632,24642,10
12.9903898239,80.2282180786,24642,24652,10
12.9905395508,80.2288589478,24652,24662,10
12.9907197952,80.2295074463,24662,24672,10
12.9908599854,80.2301483154,24672,24682,10
12.9908800125,80.2303466797,24682,24692,10
12.9909200668,80.2309570313,24692,24702,10
12.9909801483,80.2315063477,24702,24712,10
12.9909801483,80.2319869995,24712,24723,11
12.9909801483,80.232170105,24723,24733,10
12.9911804199,80.2327804565,24733,24743,10
12.9913702011,80.2333068848,24743,24753,10
12.9917602539,80.2336273193,24753,24762,9
12.9917802811,80.2336502075,24762,24773,11
12.992099762,80.2337188721,24773,24783,10
12.9925403595,80.2337875366,24783,24792,9
12.9931602478,80.2339935303,24792,24803,11
12.9936800003,80.2342987061,24803,24813,10
12.9938802719,80.2344512939,24813,24823,10
12.9942998886,80.2347106934,24823,24833,10
12.9949502945,80.2350769043,24833,24844,11
12.9953699112,80.2353591919,24844,24854,10
12.9957704544,80.2356796265,24854,24864,10
12.9960403442,80.2359619141,24864,24874,10
12.9962596893,80.2363586426,24874,24884,10
12.9966201782,80.2370071411,24884,24894,10
12.9969701767,80.2376174927,24894,24904,10
12.9973096848,80.2381668091,24904,24914,10
12.9977197647,80.2387237549,24914,24924,10
12.9982204437,80.2390289307,24924,24934,10
12.9986801147,80.2391662598,24934,24944,10
12.9986896515,80.2391662598,24944,24955,11
12.9991998672,80.2393188477,24955,24965,10
12.9998998642,80.2394714355,24965,24975,10
13.0007801056,80.2396011353,24975,24985,10
13.0013904572,80.2397232056,24985,24995,10
13.0020999908,80.2399597168,24995,25005,10
13.0027103424,80.2401580811,25005,25015,10
13.0034198761,80.2404327393,25015,25025,10
13.0038003922,80.2411575317,25025,25035,10
13.0041399002,80.2417373657,25035,25045,10
13.0051298141,80.2418289185,25045,25055,10
13.0059204102,80.241859436,25055,25065,10
13.0057497025,80.2423629761,25065,25963,898
13.0057497025,80.2423629761,25963,25973,10
13.0055999756,80.2422027588,25973,25983,10
13.0053100586,80.241897583,25983,25993,10
13.0047597885,80.2418518066,25993,26004,11
13.0040397644,80.2416992188,26004,26014,10
13.0037698746,80.2410507202,26014,26024,10
13.003490448,80.2404632568,26024,26034,10
13.0029296875,80.2402420044,26034,26044,10
13.0023298264,80.240020752,26044,26054,10
13.001709938,80.2397918701,26054,26064,10
13.0010700226,80.239616394,26064,26074,10
13.0004396439,80.2395172119,26074,26084,10
12.9997501373,80.239440918,26084,26094,10
12.9992198944,80.2393188477,26094,26104,10
12.9991998672,80.2393188477,26104,26114,10
12.9989595413,80.2392425537,26114,26125,11
12.9983797073,80.2390823364,26125,26135,10
12.9978599548,80.2388076782,26135,26145,10
12.9974899292,80.2383575439,26145,26155,10
12.9971704483,80.2378768921,26155,26165,10
12.9968900681,80.2373886108,26165,26175,10
12.9965696335,80.2368011475,26175,26185,10
12.996219635,80.2361907959,26185,26195,10
12.9957504272,80.2356567383,26195,26205,10
12.9952697754,80.2352828979,26205,26215,10
12.994799614,80.2350234985,26215,26225,10
12.9943199158,80.2347717285,26225,26236,11
12.9940595627,80.2346191406,26236,26246,10
12.9938898087,80.2344818115,26246,26256,10
12.993519783,80.2341995239,26256,26266,10
12.9930200577,80.2339477539,26266,26276,10
12.9923601151,80.2337799072,26276,26286,10
12.991900444,80.233757019,26286,26296,10
12.9918403625,80.2337493896,26296,26306,10
12.9915895462,80.2337799072,26306,26316,10
12.9913797379,80.2333984375,26316,26326,10
12.9912595749,80.2329177856,26326,26336,10
12.991060257,80.2323303223,26336,26346,10
12.9909896851,80.2317810059,26346,26357,11
12.9909696579,80.2316513062,26357,26367,10
12.990940094,80.2311630249,26367,26377,10
12.9909095764,80.2305603027,26377,26387,10
12.9908704758,80.2300796509,26387,26397,10
12.9908504486,80.2298965454,26397,26407,10
12.9907197952,80.2293395996,26407,26417,10
12.9905500412,80.2287597656,26417,26427,10
12.9904003143,80.2282104492,26427,26437,10
12.9902601242,80.2275238037,26437,26447,10
12.9902200699,80.2273483276,26447,26457,10
12.9901800156,80.2269134521,26457,26467,10
12.9900798798,80.2263183594,26467,26478,11
12.9899597168,80.2255020142,26478,26488,10
12.9896297455,80.224822998,26488,26498,10
12.9895296097,80.2241287231,26498,26508,10
12.9893598557,80.2235412598,26508,26518,10
12.9889202118,80.2233505249,26518,26528,10
12.988360405,80.2233734131,26528,26548,20
12.988360405,80.2233734131,26548,26558,10
12.988360405,80.2232666016,26558,26599,41
12.988360405,80.2232666016,26599,26609,10
12.9886102676,80.2232971191,26609,26619,10
12.9891195297,80.2233581543,26619,26629,10
12.9894599915,80.2238464355,26629,26639,10
12.9895095825,80.2244796753,26639,26649,10
12.989780426,80.2251586914,26649,26659,10
12.9901103973,80.2259216309,26659,26669,10
12.9900598526,80.2265625,26669,26679,10
12.9901800156,80.2272796631,26679,26689,10
12.989979744,80.2277069092,26689,26699,10
12.989780426,80.2278823853,26699,26710,11
12.9891996384,80.2282028198,26710,26720,10
12.988820076,80.2287368774,26720,26730,10
12.9885797501,80.2293624878,26730,26740,10
12.988360405,80.2299194336,26740,26750,10
12.9883403778,80.2299423218,26750,26760,10
12.9882001877,80.2303466797,26760,26770,10
12.9879598618,80.2309036255,26770,26780,10
12.9876699448,80.231628418,26780,26790,10
12.9875001907,80.2324371338,26790,26800,10
12.9874696732,80.2330932617,26800,26810,10
12.9870700836,80.233291626,26810,26820,10
12.9865503311,80.2333221436,26820,26831,11
12.9865398407,80.2333221436,26831,26841,10
12.9863395691,80.2333297729,26841,26851,10
12.9861097336,80.233757019,26851,26861,10
12.9861803055,80.2343521118,26861,26871,10
12.9864501953,80.2351074219,26871,26881,10
12.9864997864,80.2352523804,26881,26891,10
12.9865598679,80.2355575562,26891,26901,10
12.986579895,80.2361907959,26901,26911,10
12.9865999222,80.2368392944,26911,26921,10
12.9865999222,80.2374572754,26921,26931,10
12.9866199493,80.2381362915,26931,26942,11
12.986579895,80.2384796143,26942,27991,1049
12.986579895,80.2384796143,27991,28001,10
12.9866600037,80.2382507324,28001,28011,10
12.9866695404,80.2379608154,28011,28021,10
12.9866600037,80.2375793457,28021,28031,10
12.9866399765,80.2373123169,28031,28041,10
12.9866199493,80.2368392944,28041,28051,10
12.9865999222,80.2362823486,28051,28061,10
12.9865198135,80.2353363037,28061,28081,20
12.9865198135,80.2353363037,28081,28091,10
12.9864301682,80.2351379395,28091,28102,11
12.9862804413,80.2347869873,28102,28112,10
12.9861602783,80.2343597412,28112,28122,10
12.9861497879,80.2341079712,28122,28132,10
12.9861297607,80.2336578369,28132,28142,10
12.9864196777,80.2333221436,28142,28152,10
12.9866800308,80.2333297729,28152,28162,10
12.9869804382,80.2333221436,28162,28172,10
12.9874200821,80.2331314087,28172,28182,10
12.9874801636,80.2325897217,28182,28192,10
12.9876203537,80.2319107056,28192,28202,10
12.987859726,80.231262207,28202,28212,10
12.9882497787,80.2301177979,28212,28243,31
12.9882497787,80.2301177979,28243,28253,10
12.9883203506,80.2300262451,28253,28263,10
12.9884796143,80.229598999,28263,28273,10
12.9886903763,80.2290267944,28273,28283,10
12.9889802933,80.2283401489,28283,28293,10
12.9896097183,80.228012085,28293,28303,10
12.9900598526,80.2276916504,28303,28313,10
12.9901599884,80.2276306152,28313,28323,10
12.9901895523,80.2272186279,28323,28333,10
12.9900798798,80.2264785767,28333,28344,11
12.9901199341,80.2258377075,28344,28354,10
12.9897298813,80.2251663208,28354,28364,10
12.9894895554,80.2243423462,28364,28384,20
12.9894895554,80.2243423462,28384,28394,10
12.9895095825,80.2241592407,28394,28404,10
12.9894800186,80.2237091064,28404,28414,10
12.9890403748,80.2233581543,28414,28424,10
12.9883499146,80.2233581543,28424,28455,31
12.9883499146,80.2233581543,28455,28465,10
12.9884700775,80.2232818604,28465,28475,10
12.9889297485,80.2233428955,28475,28485,10
12.9893903732,80.2236099243,28485,28495,10
12.9894895554,80.2241210938,28495,28505,10
12.9895801544,80.2247619629,28505,28515,10
12.9899196625,80.2254180908,28515,28524,9
12.9900903702,80.2260513306,28524,28535,11
12.9900798798,80.2266998291,28535,28545,10
12.9901895523,80.2274475098,28545,28555,10
12.9902095795,80.2275695801,28555,28565,10
12.9902601242,80.2278671265,28565,28576,11
12.9904603958,80.2285919189,28576,28586,10
12.9906196594,80.2291488647,28586,28596,10
12.9908103943,80.2298431396,28596,28606,10
12.9908504486,80.2302093506,28606,28616,10
12.9908800125,80.2306365967,28616,28626,10
12.9909296036,80.2312088013,28626,28636,10
12.9909696579,80.2318496704,28636,28646,10
12.9909896851,80.2320709229,28646,28656,10
12.9910202026,80.2323226929,28656,28666,10
12.9912004471,80.2328872681,28666,28676,10
12.9918003082,80.2336883545,28676,28707,31
12.9918003082,80.2336883545,28707,28717,10
12.9918899536,80.2337493896,28717,28727,10
12.9922304153,80.233757019,28727,28737,10
12.9927797318,80.2338485718,28737,28747,10
12.9933099747,80.2341003418,28747,28757,10
12.9938001633,80.2343978882,28757,28767,10
12.9939098358,80.2344894409,28767,28777,10
12.9943199158,80.2347793579,28777,28787,10
12.9949798584,80.235168457,28787,28797,10
12.9955596924,80.2355422974,28797,28808,11
12.9960002899,80.2359390259,28808,28818,10
12.9962701797,80.2363204956,28818,28828,10
12.996629715,80.2369918823,28828,28838,10
12.997010231,80.2376785278,28838,28848,10
12.9974002838,80.23828125,28848,28858,10
12.9979095459,80.238861084,28858,28868,10
12.9987201691,80.2391967773,28868,28888,20
12.9987201691,80.2391967773,28888,28898,10
12.998840332,80.2392501831,28898,28908,10
12.999250412,80.2393569946,28908,28918,10
12.999879837,80.2394790649,28918,28929,11
13.000579834,80.2395629883,28929,28939,10
13.0012702942,80.2396621704,28939,28949,10
13.0020399094,80.2398986816,28949,28959,10
13.0025501251,80.2400665283,28959,28969,10
13.002869606,80.2401733398,28969,28979,10
13.0034799576,80.2404174805,28979,28989,10
13.0037403107,80.2410125732,28989,28999,10
13.0042800903,80.2418289185,28999,29009,10
13.0051202774,80.2418289185,29009,29019,10
13.0058698654,80.2418365479,29019,29029,10
13.0057201385,80.2423629761,29029,29423,394
13.0058202744,80.2423782349,29423,29635,212
13.0058202744,80.2423782349,29635,29645,10
13.0056695938,80.2423019409,29645,29655,10
13.0053796768,80.2419509888,29655,29665,10
13.0047903061,80.2418518066,29665,29675,10
13.0040302277,80.2417068481,29675,29685,10
13.0037202835,80.2409591675,29685,29695,10
13.0032596588,80.2403182983,29695,29705,10
13.0025997162,80.2400817871,29705,29715,10
13.0024595261,80.2400512695,29715,29725,10
13.0020198822,80.2398910522,29725,29735,10
13.0012397766,80.2396774292,29735,29746,11
13.0004997253,80.2395629883,29746,29756,10
12.9996900558,80.2394638062,29756,29766,10
12.9992103577,80.2393722534,29766,29786,20
12.9992103577,80.2393722534,29786,29796,10
12.9990596771,80.2392501831,29796,29806,10
12.9986400604,80.2391433716,29806,29816,10
12.9979896545,80.2389221191,29816,29826,10
12.9975299835,80.2384567261,29826,29836,10
12.9970598221,80.2377624512,29836,29846,10
12.9967002869,80.2371368408,29846,29857,11
12.9962997437,80.2363891602,29857,29867,10
12.9962100983,80.2362365723,29867,29877,10
12.9958095551,80.2357177734,29877,29887,10
12.9951896667,80.2352676392,29887,29897,10
12.9946203232,80.2349472046,29897,29907,10
12.9939603806,80.2345733643,29907,29917,10
12.9939203262,80.2345428467,29917,29927,10
12.9936304092,80.2342605591,29927,29937,10
12.9931402206,80.2339477539,29937,29947,10
12.9924497604,80.233757019,29947,29957,10
12.9918498993,80.2337112427,29957,29967,10
12.9918203354,80.2337188721,29967,29978,11
12.9916496277,80.2337722778,29978,29988,10
12.9914598465,80.233757019,29988,29998,10
12.9912996292,80.2332382202,29998,30008,10
12.9911298752,80.2326583862,30008,30018,10
12.9909801483,80.231880188,30018,30028,10
12.9909696579,80.2316894531,30028,30038,10
12.990940094,80.2314834595,30038,30048,10
12.9908895493,80.2308502197,30048,30058,10
12.9908399582,80.2301177979,30058,30068,10
12.9908304214,80.2300109863,30068,30078,10
12.9907398224,80.2295379639,30078,30088,10
12.9905395508,80.2288208008,30088,30099,11
12.9903402328,80.2281799316,30099,30109,10
12.9902000427,80.2274398804,30109,30119,10
12.9902000427,80.2273406982,30119,30129,10
12.9900798798,80.2267608643,30129,30139,10
12.9900903702,80.2261123657,30139,30149,10
12.9898195267,80.2253189087,30149,30159,10
12.9894800186,80.2238311768,30159,30169,10
12.9894800186,80.2238311768,30169,30179,10
12.9890699387,80.2233810425,30179,30189,10
12.9883499146,80.2233505249,30189,30220,31
12.9883499146,80.2233505249,30220,30230,10
12.9885597229,80.2232971191,30230,30240,10
12.9891796112,80.2233810425,30240,30249,9
12.9894895554,80.2238616943,30249,30260,11
12.9895401001,80.2245864868,30260,30270,10
12.9898395538,80.2253112793,30270,30280,10
12.9900598526,80.2261123657,30280,30289,9
12.9900903702,80.2267379761,30289,30300,11
12.9901599884,80.2275390625,30300,30310,10
12.9899196625,80.2277297974,30310,30320,10
12.9896097183,80.2279281616,30320,30331,11
12.9889497757,80.2284011841,30331,30341,10
12.9886102676,80.2292098999,30341,30351,10
12.9883699417,80.2298583984,30351,30361,10
12.9882602692,80.2301177979,30361,30371,10
12.9880504608,80.2306976318,30371,30381,10
12.9877004623,80.2316131592,30381,30391,10
12.9874801636,80.2325134277,30391,30401,10
12.987449646,80.2332000732,30401,30411,10
12.9869203568,80.2333068848,30411,30421,10
12.9865503311,80.2332992554,30421,30431,10
12.9863500595,80.2333068848,30431,30442,11
12.9861402512,80.2338790894,30442,30452,10
12.9864997864,80.2352523804,30452,30472,20
12.9864997864,80.2352523804,30472,30482,10
12.9865503311,80.2356185913,30482,30492,10
12.986579895,80.236328125,30492,30502,10
12.9866104126,80.2370910645,30502,30512,10
12.9866399765,80.2378921509,30512,30522,10
12.9865703583,80.2385482788,30522,31403,881
12.9865703583,80.2385482788,31403,31413,10
12.9865999222,80.2384567261,31413,31423,10
12.9866304398,80.2380523682,31423,31433,10
12.9866199493,80.237487793,31433,31443,10
12.9865999222,80.2369232178,31443,31453,10
12.986579895,80.2363510132,31453,31463,10
12.9865598679,80.2357406616,31463,31473,10
12.9864997864,80.2353210449,31473,31494,21
12.9864997864,80.2353210449,31494,31504,10
12.9864902496,80.2352981567,31504,31514,10
12.9863195419,80.2349090576,31514,31524,10
12.9861698151,80.2343597412,31524,31534,10
12.9861097336,80.233757019,31534,31544,10
12.9866600037,80.2333068848,31544,31564,20
12.9866600037,80.2333068848,31564,31574,10
12.9869499207,80.2332992554,31574,31584,10
12.9873895645,80.2331466675,31584,31594,10
12.9874401093,80.232711792,31594,31603,9
12.9875402451,80.232093811,31603,31615,12
12.987830162,80.2313079834,31615,31625,10
12.988120079,80.2306213379,31625,31635,10
12.9883003235,80.2300872803,31635,31675,40
12.9883003235,80.2300872803,31675,31685,10
12.9884395599,80.2296829224,31685,31695,10
12.9886598587,80.2291030884,31695,31705,10
12.9889602661,80.2283935547,31705,31715,10
12.9895896912,80.2279815674,31715,31726,11
12.9900598526,80.2276611328,31726,31736,10
12.9900798798,80.2276611328,31736,31746,10
12.9901695251,80.2276229858,31746,31756,10
12.9901895523,80.2271881104,31756,31766,10
12.9900398254,80.2265777588,31766,31776,10
12.9901199341,80.2259368896,31776,31786,10
12.9897699356,80.2252426147,31786,31796,10
12.9895801544,80.2247085571,31796,31806,10
12.9895801544,80.2247009277,31806,31816,10
12.9895401001,80.2245635986,31816,31826,10
12.9894895554,80.2240066528,31826,31836,10
12.9892597198,80.2234725952,31836,31847,11
12.9883403778,80.2233581543,31847,31907,60
12.9883403778,80.2233581543,31907,31917,10
12.9885196686,80.2232818604,31917,31927,10
12.9890003204,80.2233276367,31927,31937,10
12.9894304276,80.2236633301,31937,31947,10
12.9894599915,80.2241592407,31947,31957,10
12.9895896912,80.2248382568,31957,31968,11
12.9900197983,80.2255477905,31968,31978,10
12.9900197983,80.2263183594,31978,31988,10
12.9901199341,80.2269592285,31988,31998,10
12.9902000427,80.2275772095,31998,32008,10
12.9902000427,80.2275924683,32008,32018,10
12.9902801514,80.2279205322,32018,32027,9
12.9904403687,80.2285385132,32027,32038,11
12.9906196594,80.2291564941,32038,32048,10
12.9907999039,80.2299118042,32048,32058,10
12.990819931,80.2301635742,32058,32068,10
12.9908399582,80.2302627563,32068,32079,11
12.9908800125,80.2308578491,32079,32089,10
12.9909095764,80.2314224243,32089,32099,10
12.9909696579,80.2320327759,32099,32119,20
12.9909696579,80.2320327759,32119,32129,10
12.9910202026,80.2323532104,32129,32139,10
12.9912004471,80.2329025269,32139,32149,10
12.9917802811,80.2336578369,32149,32169,20
12.9917802811,80.2336578369,32169,32179,10
12.9918498993,80.2337417603,32179,32189,10
12.9923000336,80.233757019,32189,32200,11
12.9930801392,80.2339172363,32200,32210,10
12.9935998917,80.2341918945,32210,32220,10
12.9938898087,80.2344436646,32220,32230,10
12.9939403534,80.2344970703,32230,32240,10
12.9944200516,80.2347793579,32240,32250,10
12.9950704575,80.2351608276,32250,32260,10
12.9956197739,80.2355422974,32260,32270,10
12.9959802628,80.2359008789,32270,32280,10
12.9959897995,80.2359085083,32280,32290,10
12.9961700439,80.2361221313,32290,32300,10
12.9964599609,80.236656189,32300,32311,11
12.9968395233,80.2374191284,32311,32321,10
12.9971904755,80.2379684448,32321,32331,10
12.9977197647,80.2386398315,32331,32341,10
12.9987001419,80.2391891479,32341,32371,30
12.9987001419,80.2391891479,32371,32381,10
12.9989299774,80.2392578125,32381,32391,10
12.9994401932,80.2393875122,32391,32401,10
13.0002403259,80.2395172119,32401,32411,10
13.0010404587,80.2396392822,32411,32421,10
13.001660347,80.2397994995,32421,32432,11
13.0024204254,80.2400512695,32432,32442,10
13.0025997162,80.2400970459,32442,32452,10
13.0031404495,80.240272522,32452,32462,10
13.0036401749,80.2407836914,32462,32472,10
13.0039901733,80.2415618896,32472,32482,10
13.0047302246,80.241859436,32482,32492,10
13.0055599213,80.2418365479,32492,32502,10
13.0059404373,80.2423095703,32502,32532,30
13.0059404373,80.2423095703,32532,32542,10
13.0059204102,80.2423477173,32542,32553,11
13.0057001114,80.2423477173,32553,33178,625
13.0057001114,80.2423477173,33178,33188,10
13.0054397583,80.2420196533,33188,33198,10
13.0048904419,80.2418136597,33198,33208,10
13.0040798187,80.2417373657,33208,33218,10
13.0036897659,80.2409591675,33218,33228,10
13.0031604767,80.2402572632,33228,33238,10
13.0023803711,80.2399978638,33238,33249,11
13.0017004013,80.2397613525,33249,33259,10
13.0010995865,80.2396011353,33259,33269,10
13.0002698898,80.2394714355,33269,33279,10
12.9995002747,80.2393417358,33279,33289,10
12.9992103577,80.2392730713,33289,33299,10
12.9990596771,80.2392501831,33299,33309,10
12.9985303879,80.239112854,33309,33319,10
12.9979295731,80.2388305664,33319,33329,10
12.9974803925,80.2383422852,33329,33339,10
12.9970397949,80.237701416,33339,33349,10
12.996720314,80.2371063232,33349,33359,10
12.9965400696,80.2367630005,33359,33370,11
12.9962902069,80.2363586426,33370,33380,10
12.9961996078,80.2361984253,33380,33390,10
12.9958000183,80.2356796265,33390,33400,10
12.9952096939,80.235168457,33400,33410,10
12.9946603775,80.2348632813,33410,33420,10
12.9940500259,80.2345275879,33420,33430,10
12.9939098358,80.2343902588,33430,33440,10
12.9935398102,80.2340621948,33440,33450,10
12.9930200577,80.2338409424,33450,33460,10
12.9923200607,80.2336807251,33460,33470,10
12.9918804169,80.2336807251,33470,33481,11
12.9918498993,80.2336883545,33481,33491,10
12.9917402267,80.2336807251,33491,33501,10
12.9913902283,80.2335662842,33501,33511,10
12.9912395477,80.2330093384,33511,33521,10
12.9910497665,80.2324523926,33521,33531,10
12.9909496307,80.2317962646,33531,33541,10
12.9909496307,80.2317428589,33541,33551,10
12.990940094,80.2315826416,33551,33561,10
12.9909095764,80.231010437,33561,33571,10
12.9908599854,80.2303619385,33571,33581,10
12.9908399582,80.2300415039,33581,33591,10
12.9908304214,80.2298812866,33591,33602,11
12.9906597137,80.2292022705,33602,33612,10
12.990480423,80.2286071777,33612,33622,10
12.9903097153,80.2279815674,33622,33632,10
12.9902095795,80.2274093628,33632,33642,10
12.9902095795,80.2273864746,33642,33652,10
12.9901800156,80.2272033691,33652,33662,10
12.990070343,80.2265396118,33662,33672,10
12.9901399612,80.2260818481,33672,33682,10
12.9898796082,80.2253570557,33682,33692,10
12.9895401001,80.2245407104,33692,33702,10
12.9895000458,80.2238311768,33702,33712,10
12.9891195297,80.2233505249,33712,33723,11
12.9884595871,80.223487854,33723,33743,20
12.9884595871,80.223487854,33743,33753,10
12.9883203506,80.2238616943,33753,34257,504
12.9883203506,80.2238616943,34257,34267,10
12.9882001877,80.2236785889,34267,34308,41
12.9882001877,80.2236785889,34308,34318,10
12.9885196686,80.2235107422,34318,34540,222
12.9883203506,80.2238235474,34540,36214,1674
12.9883203506,80.2238235474,36214,36224,10
12.988530159,80.223487854,36224,36274,50
12.9884996414,80.2233505249,36274,36314,40
12.9884996414,80.2233505249,36314,36325,11
12.988940239,80.2232818604,36325,36335,10
12.9894304276,80.2236175537,36335,36345,10
12.9894800186,80.223991394,36345,36354,9
12.9896097183,80.2247695923,36354,36365,11
12.9900102615,80.225479126,36365,36375,10
12.9900398254,80.22631073,36375,36385,10
12.9901504517,80.2268981934,36385,36396,11
12.990070343,80.2276077271,36396,36406,10
12.989979744,80.2276916504,36406,36416,10
12.9898195267,80.2278137207,36416,36426,10
12.9891996384,80.2281494141,36426,36436,10
12.9887895584,80.2288589478,36436,36446,10
12.9885101318,80.2295379639,36446,36456,10
12.9882802963,80.2301177979,36456,36466,10
12.9882097244,80.2303924561,36466,36476,10
12.9879302979,80.2309875488,36476,36486,10
12.9875802994,80.2318496704,36486,36496,10
12.9874601364,80.2328414917,36496,36506,10
12.9873304367,80.2332305908,36506,36517,11
12.9867095947,80.2332992554,36517,36527,10
12.9865102768,80.2332992554,36527,36537,10
12.9861402512,80.233543396,36537,36547,10
12.9861402512,80.2340621948,36547,36557,10
12.9863595963,80.2348937988,36557,36567,10
12.9864902496,80.2352218628,36567,36577,10
12.9865598679,80.235786438,36577,36587,10
12.9865999222,80.2363433838,36587,36597,10
12.9866104126,80.2369537354,36597,36607,10
12.9866304398,80.2375717163,36607,36617,10
12.9866800308,80.2383880615,36617,36627,10
12.9865503311,80.2385406494,36627,36688,61
12.9865503311,80.2385406494,36688,36698,10
12.9866199493,80.2385101318,36698,36708,10
12.9866800308,80.2379837036,36708,36718,10
12.9866399765,80.2374267578,36718,36728,10
12.9866199493,80.2369232178,36728,36738,10
12.9865903854,80.2364501953,36738,36749,11
12.986579895,80.2358322144,36749,36759,10
12.9865198135,80.2353210449,36759,36769,10
12.9865198135,80.2352981567,36769,36779,10
12.9864997864,80.2351837158,36779,36789,10
12.9862604141,80.2347106934,36789,36799,10
12.9861602783,80.2340927124,36799,36809,10
12.986120224,80.2335662842,36809,36819,10
12.9865503311,80.233291626,36819,36829,10
12.9866695404,80.2332992554,36829,36839,10
12.9867897034,80.2333221436,36839,36849,10
12.987279892,80.2332992554,36849,36859,10
12.9874296188,80.2328262329,36859,36870,11
12.9875602722,80.2320022583,36870,36880,10
12.987830162,80.2312469482,36880,36890,10
12.9881401062,80.2304534912,36890,36900,10
12.9882698059,80.2301101685,36900,36910,10
12.9883003235,80.2300491333,36910,36920,10
12.9884195328,80.2297515869,36920,36930,10
12.9885997772,80.2292785645,36930,36940,10
12.9888801575,80.2285385132,36940,36950,10
12.9894504547,80.2281036377,36950,36960,10
12.989979744,80.2277374268,36960,36970,10
12.9901199341,80.2276382446,36970,36981,11
12.9901895523,80.2275619507,36981,36991,10
12.9901599884,80.2270812988,36991,37001,10
12.9900598526,80.2264480591,37001,37011,10
12.9901399612,80.2258834839,37011,37021,10
12.9898099899,80.2253189087,37021,37031,10
12.9895401001,80.2245330811,37031,37041,10
12.9895000458,80.2238311768,37041,37052,11
12.9891395569,80.2233886719,37052,37062,10
12.9883403778,80.2233505249,37062,37103,41
12.9883403778,80.2233505249,37103,37113,10
12.9886302948,80.2232818604,37113,37123,10
12.9891996384,80.2233810425,37123,37133,10
12.9894800186,80.2239074707,37133,37143,10
12.9895601273,80.224609375,37143,37153,10
12.9898796082,80.2253036499,37153,37163,10
12.9900598526,80.2261428833,37163,37173,10
12.9900999069,80.2267303467,37173,37183,10
12.9902000427,80.2274703979,37183,37193,10
12.990240097,80.2276611328,37193,37203,10
12.9904203415,80.2284088135,37203,37214,11
12.9906396866,80.2291412354,37214,37224,10
12.9908304214,80.2300415039,37224,37234,10
12.9908399582,80.2302932739,37234,37244,10
12.9908800125,80.2309036255,37244,37254,10
12.9909200668,80.2314910889,37254,37264,10
12.9909696579,80.2319717407,37264,37274,10
12.9910001755,80.232093811,37274,37284,10
12.9911804199,80.2326507568,37284,37294,10
12.991399765,80.2332763672,37294,37304,10
12.9918203354,80.2336425781,37304,37345,41
12.9918203354,80.2336425781,37345,37355,10
12.9921998978,80.233757019,37355,37365,10
12.9928998947,80.23387146,37365,37375,10
12.9934597015,80.2341308594,37375,37385,10
12.9938602448,80.2344436646,37385,37395,10
12.9938898087,80.2344665527,37395,37405,10
12.993929863,80.2345123291,37405,37415,10
12.9944000244,80.2347869873,37415,37425,10
12.9950704575,80.2351837158,37425,37435,10
12.9955101013,80.2354736328,37435,37445,10
12.9960002899,80.2359313965,37445,37456,11
12.9960203171,80.2359619141,37456,37466,10
12.9962301254,80.2362594604,37466,37476,10
12.9966497421,80.2370376587,37476,37486,10
12.9970703125,80.23777771,37486,37496,10
12.9975404739,80.2384567261,37496,37506,10
12.9980697632,80.2389373779,37506,37516,10
12.9987096786,80.2391586304,37516,37536,20
12.9987096786,80.2391586304,37536,37546,10
12.9991102219,80.2392883301,37546,37556,10
12.9998903275,80.239440918,37556,37567,11
13.0010900497,80.2396087646,37567,37577,10
13.0017404556,80.2397689819,37577,37587,10
13.0024595261,80.240020752,37587,37597,10
13.0031299591,80.2402191162,37597,37607,10
13.0036802292,80.2408370972,37607,37617,10
13.0040302277,80.2416000366,37617,37627,10
13.004650116,80.2418365479,37627,37637,10
13.0054597855,80.2418136597,37637,37647,10
13.0059604645,80.2420806885,37647,37657,10
13.0057001114,80.2423019409,37657,37738,81
13.0057001114,80.2423019409,37738,37748,10
13.0053701401,80.2419281006,37748,37758,10
13.0047197342,80.2418289185,37758,37768,10
13.0039701462,80.2416000366,37768,37778,10
13.0036401749,80.240737915,37778,37788,10
13.0028095245,80.2401428223,37788,37799,11
13.0025501251,80.2400588989,37799,37809,10
13.0023403168,80.2400131226,37809,37819,10
13.0016002655,80.2397537231,37819,37829,10
13.0008096695,80.2395935059,37829,37839,10
12.9991798401,80.2393188477,37839,37869,30
12.9991798401,80.2393188477,37869,37879,10
12.99903965,80.2392501831,37879,37889,10
12.9984397888,80.2390823364,37889,37899,10
12.9978103638,80.2387771606,37899,37909,10
12.9973602295,80.238243103,37909,37920,11
12.9968700409,80.2374725342,37920,37930,10
12.9964895248,80.2367401123,37930,37940,10
12.9962596893,80.236328125,37940,37950,10
12.9960403442,80.2359695435,37950,37960,10
12.9954004288,80.2353820801,37960,37970,10
12.9948301315,80.2350082397,37970,37980,10
12.9939098358,80.2344818115,37980,38000,20
12.9939098358,80.2344818115,38000,38010,10
12.9937496185,80.2343292236,38010,38020,10
12.9932098389,80.2340011597,38020,38030,10
12.9925603867,80.2337799072,38030,38041,11
12.9918498993,80.2337417603,38041,38071,30
12.9918498993,80.2337417603,38071,38081,10
12.9916601181,80.2337799072,38081,38091,10
12.991350174,80.2333984375,38091,38101,10
12.9912004471,80.2328414917,38101,38111,10
12.9909601212,80.2317428589,38111,38141,30
12.9909601212,80.2317428589,38141,38152,11
12.9909095764,80.2311935425,38152,38162,10
12.9908704758,80.2305603027,38162,38172,10
12.9908399582,80.2300109863,38172,38192,20
12.9908399582,80.2300109863,38192,38202,10
12.9907903671,80.2297134399,38202,38212,10
12.9905595779,80.2289505005,38212,38222,10
12.9903802872,80.2283782959,38222,38232,10
12.9901895523,80.2275009155,38232,38252,20
12.9901895523,80.2275009155,38252,38262,10
12.9901599884,80.2270584106,38262,38273,11
12.9900598526,80.2262573242,38273,38283,10
12.9899501801,80.2254562378,38283,38293,10
12.9895601273,80.2247161865,38293,38303,10
12.9894599915,80.2239837646,38303,38313,10
12.9892101288,80.2234268188,38313,38323,10
12.9883298874,80.2233200073,38323,38363,40
12.9883298874,80.2233200073,38363,38373,10
12.9883804321,80.2232208252,38373,38384,11
12.9890403748,80.2233123779,38384,38394,10
12.9894599915,80.2238082886,38394,38404,10
12.9895095825,80.2244720459,38404,38414,10
12.989780426,80.2251815796,38414,38424,10
12.9900798798,80.2259597778,38424,38434,10
12.9900598526,80.2266311646,38434,38444,10
12.9901695251,80.227432251,38444,38454,10
12.9898300171,80.2277374268,38454,38464,10
12.989689827,80.2278671265,38464,38474,10
12.9890203476,80.2282867432,38474,38484,10
12.9885797501,80.2292480469,38484,38494,10
12.9883203506,80.229927063,38494,38505,11
12.9883003235,80.2299880981,38505,38515,10
12.9881696701,80.2304000854,38515,38525,10
12.9879703522,80.2308273315,38525,38535,10
12.9875802994,80.2318267822,38535,38545,10
12.987449646,80.2329483032,38545,38555,10
12.9873399734,80.2332611084,38555,38565,10
12.9867296219,80.2332763672,38565,38575,10
12.9861297607,80.2334213257,38575,38585,10
12.9861297607,80.2340393066,38585,38595,10
12.9864597321,80.2351913452,38595,38615,20
12.9864597321,80.2351913452,38615,38626,11
12.9865598679,80.2357406616,38626,38636,10
12.986579895,80.2363586426,38636,38646,10
12.9865999222,80.2370910645,38646,38657,11
12.9865999222,80.2377700806,38657,38667,10
12.9865198135,80.2385177612,38667,38758,91
12.9865999222,80.2384185791,38758,38788,30
12.9865999222,80.2384185791,38788,38798,10
12.9866399765,80.2383804321,38798,38808,10
12.9866399765,80.2377929688,38808,38818,10
12.986579895,80.2369537354,38818,38828,10
12.9865598679,80.2364120483,38828,38838,10
12.9864902496,80.2352828979,38838,38889,51
12.9864902496,80.2352828979,38889,38899,10
12.9863195419,80.2348937988,38899,38909,10
12.9861297607,80.2342071533,38909,38919,10
12.9864196777,80.2332611084,38919,38949,30
12.9864196777,80.2332611084,38949,38959,10
12.9866800308,80.2332763672,38959,38970,11
12.9872598648,80.2332687378,38970,38980,10
12.9874401093,80.2328414917,38980,38990,10
12.9874897003,80.2322235107,38990,39000,10
12.9877195358,80.2314300537,39000,39010,10
12.9880800247,80.230682373,39010,39020,10
12.9882898331,80.2300720215,39020,39060,40
12.9882898331,80.2300720215,39060,39070,10
12.9884195328,80.2296829224,39070,39080,10
12.9886302948,80.2290878296,39080,39091,11
12.9890804291,80.2282180786,39091,39101,10
12.9901199341,80.2276229858,39101,39131,30
12.9901199341,80.2276229858,39131,39141,10
12.9901599884,80.2273330688,39141,39151,10
12.9900197983,80.2265090942,39151,39161,10
12.9901103973,80.2258529663,39161,39171,10
12.9896402359,80.2249832153,39171,39181,10
12.9894895554,80.2244415283,39181,39190,9
12.9894104004,80.2237014771,39190,39201,11
12.9888896942,80.2233581543,39201,39212,11
12.9883098602,80.2233734131,39212,39323,111
12.9883098602,80.2233734131,39323,39333,10
12.9887695313,80.2233123779,39333,39343,10
12.9893198013,80.2235107422,39343,39353,10
12.9894800186,80.2239990234,39353,39363,10
12.9895401001,80.2245788574,39363,39373,10
12.9895801544,80.224822998,39373,39383,10
12.9897899628,80.2252197266,39383,39393,10
12.9901199341,80.2257995605,39393,39403,10
12.9900302887,80.2264709473,39403,39413,10
12.9902000427,80.2275619507,39413,39434,21
12.9902000427,80.2275619507,39434,39444,10
12.9901895523,80.227722168,39444,39454,10
12.9903202057,80.2282333374,39454,39464,10
12.9905796051,80.229019165,39464,39474,10
12.9907903671,80.2298278809,39474,39484,10
12.9908304214,80.230178833,39484,39494,10
12.9908399582,80.2304916382,39494,39504,10
12.9908800125,80.2311019897,39504,39514,10
12.9909601212,80.2319869995,39514,39534,20
12.9909601212,80.2319869995,39534,39544,10
12.9909696579,80.2321090698,39544,39555,11
12.9912004471,80.2328186035,39555,39565,10
12.9917898178,80.2336807251,39565,39605,40
12.9917898178,80.2336807251,39605,39615,10
12.9919204712,80.2337493896,39615,39625,10
12.992480278,80.2338027954,39625,39635,10
12.9932098389,80.2340011597,39635,39645,10
12.9938602448,80.2344436646,39645,39665,20
12.9938602448,80.2344436646,39665,39676,11
12.9940004349,80.2345733643,39676,39686,10
12.9940099716,80.2345809937,39686,39696,10
12.9945201874,80.2348480225,39696,39706,10
12.9952602386,80.2352600098,39706,39716,10
12.9958400726,80.2357025146,39716,39726,10
12.9959802628,80.2358932495,39726,39736,10
12.9960603714,80.2359924316,39736,39746,10
12.9964704514,80.2366714478,39746,39756,10
12.9969701767,80.2375793457,39756,39766,10
12.9973497391,80.2381668091,39766,39776,10
12.9979095459,80.238822937,39776,39787,11
12.9987096786,80.2391662598,39787,39817,30
12.9987096786,80.2391662598,39817,39827,10
12.998749733,80.2392425537,39827,39837,10
12.9992904663,80.2393569946,39837,39847,10
13.0001897812,80.2395019531,39847,39857,10
13.0011396408,80.2396316528,39857,39867,10
13.0017595291,80.2397918701,39867,39877,10
13.0023603439,80.2399902344,39877,39887,10
13.0025701523,80.2400665283,39887,39897,10
13.0032997131,80.2402801514,39897,39908,11
13.0038003922,80.2411117554,39908,39918,10
13.0042695999,80.2418289185,39918,39928,10
13.0052099228,80.2418212891,39928,39938,10
13.005979538,80.2419128418,39938,39948,10
13.0057001114,80.2423629761,39948,40402,454
13.0057001114,80.2423629761,40402,40412,10
13.0056295395,80.2421798706,40412,40422,10
13.0053596497,80.2419204712,40422,40432,10
13.0048303604,80.2418289185,40432,40442,10
13.0040302277,80.2417068481,40442,40452,10
13.0037097931,80.2409667969,40452,40462,10
13.0032196045,80.2403182983,40462,40472,10
13.002579689,80.2400970459,40472,40482,10
13.0024700165,80.2400665283,40482,40493,11
13.0017795563,80.2398605347,40493,40503,10
13.0010004044,80.2396697998,40503,40513,10
13.0001802444,80.2395324707,40513,40523,10
12.9992399216,80.2393722534,40523,40533,10
12.9991798401,80.2393493652,40533,40543,10
12.9991397858,80.2393188477,40543,40553,10
12.9986400604,80.2391891479,40553,40563,10
12.998550415,80.239151001,40563,40573,10
12.998000145,80.2389373779,40573,40583,10
12.9975299835,80.2385025024,40583,40593,10
12.997010231,80.237739563,40593,40604,11
12.9965896606,80.2370071411,40604,40614,10
12.9962501526,80.2363128662,40614,40624,10
12.996049881,80.236000061,40624,40634,10
12.9954299927,80.2354278564,40634,40644,10
12.9948797226,80.2350616455,40644,40654,10
12.993929863,80.2345504761,40654,40674,20
12.993929863,80.2345504761,40674,40684,10
12.9939002991,80.2344818115,40684,40694,10
12.9935598373,80.2341766357,40694,40704,10
12.9930295944,80.2339096069,40704,40714,10
12.9918298721,80.2337417603,40714,40745,31
12.9918298721,80.2337417603,40745,40755,10
12.991519928,80.2337875366,40755,40765,10
12.9913196564,80.2333068848,40765,40785,20
12.9913196564,80.2333068848,40785,40795,10
12.9913101196,80.2332000732,40795,40805,10
12.9911403656,80.2327194214,40805,40815,10
12.9909696579,80.2318878174,40815,40825,10
12.9909601212,80.2317810059,40825,40835,10
12.990940094,80.2316589355,40835,40846,11
12.9908599854,80.2309570313,40846,40856,10
12.9908103943,80.2300415039,40856,40876,20
12.9908103943,80.2300415039,40876,40886,10
12.9907798767,80.2297363281,40886,40896,10
12.9905700684,80.2290267944,40896,40906,10
12.9904203415,80.2285079956,40906,40916,10
12.9902296066,80.2277526855,40916,40926,10
12.9901800156,80.2274627686,40926,40936,10
12.9901399612,80.2271575928,40936,40946,10
12.9900197983,80.2265014648,40946,40957,11
12.9900798798,80.225769043,40957,40967,10
12.9896402359,80.2250595093,40967,40977,10
12.9894800186,80.2244720459,40977,40987,10
12.9894399643,80.223739624,40987,40997,10
12.9889297485,80.2233810425,40997,41007,10
12.9883098602,80.2233581543,41007,41027,20
12.9883098602,80.2233581543,41027,41037,10
12.9883699417,80.2232818604,41037,41047,10
12.9888896942,80.2233276367,41047,41057,10
12.98939991,80.2236175537,41057,41067,10
12.9894695282,80.2242507935,41067,41078,11
12.9896297455,80.2249221802,41078,41088,10
12.9900503159,80.2256317139,41088,41098,10
12.9900197983,80.2264175415,41098,41108,10
12.9901399612,80.2270965576,41108,41118,10
12.9898996353,80.2276916504,41118,41128,10
12.9898099899,80.2277526855,41128,41138,10
12.9893903732,80.2279968262,41138,41148,10
12.9888296127,80.2286071777,41148,41158,10
12.9885702133,80.2292785645,41158,41168,10
12.9883298874,80.229927063,41168,41178,10
12.9882898331,80.2300186157,41178,41189,11
12.9881000519,80.2305297852,41189,41199,10
12.987739563,80.2314605713,41199,41209,10
12.9875001907,80.232383728,41209,41219,10
12.987449646,80.2331466675,41219,41229,10
12.987039566,80.2332763672,41229,41239,10
12.9864597321,80.233291626,41239,41249,10
12.9861097336,80.2337036133,41249,41259,10
12.9861602783,80.2342987061,41259,41269,10
12.9864902496,80.2351837158,41269,41289,20
12.9864902496,80.2351837158,41289,41299,10
12.9865503311,80.2355270386,41299,41310,11
12.986579895,80.2363204956,41310,41320,10
12.9865999222,80.2370834351,41320,41330,10
12.9866199493,80.2378768921,41330,41340,10
12.9866304398,80.2386398315,41340,41352,12
12.9865703583,80.2384796143,41352,42584,1232
12.9865703583,80.2384796143,42584,42594,10
12.9866504669,80.2381820679,42594,42604,10
12.9866304398,80.2374725342,42604,42614,10
12.9865903854,80.2368164063,42614,42624,10
12.9865598679,80.2361221313,42624,42634,10
12.9864997864,80.2353591919,42634,42654,20
12.9864997864,80.2353591919,42654,42664,10
12.9864597321,80.2351531982,42664,42674,10
12.9862003326,80.2346115112,42674,42684,10
12.9861402512,80.2339172363,42684,42694,10
12.986700058,80.2333221436,42694,42715,21
12.986700058,80.2333221436,42715,42725,10
12.9870996475,80.2333068848,42725,42735,10
12.9874200821,80.2330627441,42735,42745,10
12.9874601364,80.2324295044,42745,42755,10
12.987739563,80.2314910889,42755,42765,10
12.9882802963,80.2300720215,42765,42785,20
12.9882802963,80.2300720215,42785,42795,10
12.9883003235,80.2300262451,42795,42805,10
12.9884500504,80.2295837402,42805,42816,11
12.9887599945,80.2288208008,42816,42826,10
12.9892902374,80.2281112671,42826,42836,10
12.9900798798,80.2276382446,42836,42856,20
12.9900798798,80.2276382446,42856,42866,10
12.9901399612,80.2272415161,42866,42876,10
12.9900398254,80.2265014648,42876,42886,10
12.990070343,80.225769043,42886,42896,10
12.9896297455,80.2249298096,42896,42906,10
12.9894800186,80.224281311,42906,42915,9
12.9893598557,80.223739624,42915,42926,11
12.9888601303,80.2234420776,42926,42937,11
12.9883298874,80.2233963013,42937,42967,30
12.9883298874,80.2233963013,42967,42977,10
12.9888296127,80.2233505249,42977,42987,10
12.9893503189,80.2236022949,42987,42997,10
12.9894599915,80.2241592407,42997,43007,10
12.9895896912,80.2247619629,43007,43017,10
12.9898796082,80.2253265381,43017,43027,10
12.9900798798,80.2259216309,43027,43037,10
12.9900197983,80.2261810303,43037,43047,10
12.9900999069,80.2267837524,43047,43058,11
12.9901895523,80.2275390625,43058,43068,10
12.9901695251,80.2275619507,43068,43078,10
12.9901399612,80.227722168,43078,43088,10
12.9903001785,80.228302002,43088,43098,10
12.9905395508,80.2289123535,43098,43108,10
12.9907999039,80.2301177979,43108,43128,20
12.9907999039,80.2301177979,43128,43138,10
12.9908103943,80.2302322388,43138,43148,10
12.9908399582,80.23072052,43148,43158,10
12.9909200668,80.2312698364,43158,43169,11
12.9910001755,80.2319717407,43169,43179,10
12.9910001755,80.2319793701,43179,43189,10
12.9909801483,80.232093811,43189,43199,10
12.9911003113,80.2325286865,43199,43209,10
12.9911403656,80.2327804565,43209,43219,10
12.9912700653,80.2331771851,43219,43229,10
12.9917201996,80.2336425781,43229,43259,30
12.9917201996,80.2336425781,43259,43269,10
12.9919395447,80.2337722778,43269,43279,10
12.9924497604,80.2338027954,43279,43290,11
12.9931201935,80.2339782715,43290,43300,10
12.9938297272,80.2344284058,43300,43320,20
12.9938297272,80.2344284058,43320,43330,10
12.99421978,80.2346572876,43330,43340,10
12.9949197769,80.2350692749,43340,43350,10
12.9955101013,80.2354812622,43350,43360,10
12.9959001541,80.2358703613,43360,43369,9
12.9960203171,80.2359771729,43369,43380,11
12.9962997437,80.2364425659,43380,43390,10
12.9968299866,80.2373580933,43390,43401,11
12.9972295761,80.23802948,43401,43411,10
12.997759819,80.2387237549,43411,43421,10
12.9986696243,80.2391586304,43421,43461,40
12.9986696243,80.2391586304,43461,43471,10
12.9989099503,80.2393188477,43471,43481,10
12.9995298386,80.2394485474,43481,43491,10
13.0005397797,80.2395782471,43491,43501,10
13.0013399124,80.2397079468,43501,43511,10
13.0021800995,80.2399597168,43511,43522,11
13.0024795532,80.2400665283,43522,43532,10
13.0026302338,80.2401275635,43532,43542,10
13.0026798248,80.2401275635,43542,43552,10
13.0031900406,80.2402877808,43552,43562,10
13.0036802292,80.2409362793,43562,43572,10
13.0040197372,80.2416534424,43572,43582,10
13.0050001144,80.2418212891,43582,43592,10
13.0055599213,80.2418136597,43592,43602,10
13.0059299469,80.2420806885,43602,43612,10
13.0057201385,80.2422790527,43612,44046,434
13.0057201385,80.2422790527,44046,44056,10
13.0053195953,80.2419662476,44056,44066,10
13.0047998428,80.2418670654,44066,44076,10
13.004119873,80.2417907715,44076,44086,10
13.0038204193,80.2412185669,44086,44096,10
13.0034999847,80.2405700684,44096,44107,11
13.0028295517,80.2402420044,44107,44117,10
13.0025901794,80.2401504517,44117,44127,10
13.0023603439,80.2400436401,44127,44137,10
13.0017004013,80.2398300171,44137,44147,10
13.0010499954,80.2396697998,44147,44157,10
13.0002002716,80.2395706177,44157,44167,10
12.9992399216,80.2394104004,44167,44207,40
12.9992399216,80.2394104004,44207,44217,10
12.9987602234,80.2392501831,44217,44228,11
12.9980297089,80.2389831543,44228,44238,10
12.9975996017,80.2386016846,44238,44248,10
12.9970397949,80.2378311157,44248,44258,10
12.9967002869,80.2372283936,44258,44268,10
12.9962997437,80.2364807129,44268,44278,10
12.9962797165,80.2364196777,44278,44288,10
12.9961700439,80.2361984253,44288,44298,10
12.9956197739,80.2356033325,44298,44308,10
12.9950704575,80.2351608276,44308,44318,10
12.9939603806,80.2345733643,44318,44349,31
12.9939603806,80.2345733643,44349,44359,10
12.9935598373,80.2342605591,44359,44369,10
12.9931001663,80.2339477539,44369,44379,10
12.9923400879,80.2337799072,44379,44389,10
12.9918498993,80.2337722778,44389,44419,30
12.9918498993,80.2337722778,44419,44429,10
12.9915800095,80.2337799072,44429,44439,10
12.9913301468,80.2333221436,44439,44449,10
12.9911699295,80.2328262329,44449,44460,11
12.9910297394,80.2322692871,44460,44470,10
12.9909601212,80.2317581177,44470,44480,10
12.9909601212,80.2317504883,44480,44490,10
12.9909601212,80.231552124,44490,44500,10
12.9908704758,80.231048584,44500,44510,10
12.990819931,80.2303466797,44510,44520,10
12.9907999039,80.2300872803,44520,44530,10
12.9908103943,80.2299804688,44530,44540,10
12.990650177,80.2294311523,44540,44550,10
12.9904603958,80.2287826538,44550,44560,10
12.9902496338,80.2281494141,44560,44571,11
12.9901695251,80.2275695801,44571,44581,10
12.9901800156,80.2275390625,44581,44591,10
12.9902000427,80.2272567749,44591,44601,10
12.990070343,80.2267227173,44601,44611,10
12.9900999069,80.225982666,44611,44621,10
12.9896402359,80.2250823975,44621,44631,10
12.9894599915,80.224319458,44631,44641,10
12.9893798828,80.2236633301,44641,44651,10
12.988820076,80.2233886719,44651,44661,10
12.9883298874,80.2233886719,44661,44702,41
12.9883298874,80.2233886719,44702,44712,10
12.9884300232,80.2232818604,44712,44722,10
12.9890203476,80.2233428955,44722,44732,10
12.9894399643,80.223777771,44732,44742,10
12.98939991,80.2243728638,44742,44752,10
12.9896402359,80.2250823975,44752,44762,10
12.9900398254,80.2258377075,44762,44772,10
12.9899597168,80.2265014648,44772,44782,10
12.9898700714,80.2276763916,44782,44802,20
12.9898700714,80.2276763916,44802,44813,11
12.989780426,80.2277679443,44813,44823,10
12.9892396927,80.2280502319,44823,44833,10
12.9887599945,80.2287597656,44833,44843,10
12.9883899689,80.229598999,44843,44853,10
12.9882698059,80.2299499512,44853,44863,10
12.988120079,80.2303924561,44863,44873,10
12.9877500534,80.2312393188,44873,44883,10
12.9874601364,80.232383728,44883,44893,10
12.9873695374,80.2330780029,44893,44903,10
12.9870595932,80.2332305908,44903,44913,10
12.9865999222,80.2332763672,44913,44944,31
12.9865999222,80.2332763672,44944,44954,10
12.9863996506,80.2332763672,44954,44964,10
12.9861402512,80.233543396,44964,44974,10
12.9860801697,80.2340164185,44974,44985,11
12.9864501953,80.2352371216,44985,45005,20
12.9864501953,80.2352371216,45005,45015,10
12.9865198135,80.2356491089,45015,45025,10
12.986530304,80.2363204956,45025,45035,10
12.9865598679,80.2370681763,45035,45046,11
12.986579895,80.2379226685,45046,45056,10
12.986579895,80.2386169434,45056,45066,10
12.9865102768,80.2384719849,45066,45963,897
12.9865102768,80.2384719849,45963,45974,11
12.9866600037,80.2382507324,45974,45984,10
12.9866104126,80.2376098633,45984,45994,10
12.9865598679,80.2368774414,45994,46004,10
12.9865503311,80.2362365723,46004,46014,10
12.9864997864,80.2353363037,46014,46064,50
12.9864196777,80.2352294922,46064,46084,20
12.9864196777,80.2352294922,46084,46095,11
12.9862499237,80.2348403931,46095,46105,10
12.9860496521,80.2341766357,46105,46115,10
12.9860200882,80.233581543,46115,46125,10
12.9865398407,80.2333374023,46125,46135,10
12.9866199493,80.2333374023,46135,46145,10
12.9867401123,80.2333526611,46145,46155,10
12.9872102737,80.2333221436,46155,46165,10
12.9874200821,80.2329406738,46165,46175,10
12.9874801636,80.2322998047,46175,46185,10
12.9876403809,80.2317581177,46185,46195,10
12.9879398346,80.23097229,46195,46206,11
12.9882202148,80.2300567627,46206,46246,40
12.9882202148,80.2300567627,46246,46256,10
12.9883098602,80.229850769,46256,46266,10
12.9885396957,80.2293395996,46266,46276,10
12.9888896942,80.2284927368,46276,46286,10
12.9900598526,80.2276306152,46286,46306,20
12.9900598526,80.2276306152,46306,46316,10
12.9901800156,80.227432251,46316,46327,11
12.989979744,80.2266616821,46327,46337,10
12.9900598526,80.2259674072,46337,46347,10
12.9896402359,80.2250366211,46347,46357,10
12.9894895554,80.2242965698,46357,46367,10
12.9893703461,80.2236175537,46367,46377,10
12.9888696671,80.2233886719,46377,46387,10
12.9883203506,80.2233810425,46387,46427,40
12.9883203506,80.2233810425,46427,46438,11
12.988530159,80.2232818604,46438,46448,10
12.9890499115,80.2233505249,46448,46458,10
12.9893903732,80.2238388062,46458,46468,10
12.9893798828,80.2244415283,46468,46478,10
12.9896402359,80.225151062,46478,46488,10
12.9899997711,80.2259674072,46488,46498,10
12.989979744,80.2266387939,46498,46508,10
12.9900903702,80.2275085449,46508,46528,20
12.9900903702,80.2275085449,46528,46538,10
12.9901695251,80.2276611328,46538,46548,10
12.9902296066,80.2281494141,46548,46559,11
12.9904298782,80.2288589478,46559,46569,10
12.9907598495,80.230140686,46569,46589,20
12.9907598495,80.230140686,46589,46599,10
12.9907999039,80.2304077148,46599,46609,10
12.9907798767,80.2309494019,46609,46619,10
12.9908800125,80.2320022583,46619,46639,20
12.9908800125,80.2320022583,46639,46649,10
12.990940094,80.2322769165,46649,46659,10
12.9911403656,80.2329177856,46659,46670,11
12.9917201996,80.2336425781,46670,46690,20
12.9917201996,80.2336425781,46690,46700,10
12.9918899536,80.2337112427,46700,46710,10
12.9924402237,80.2337493896,46710,46720,10
12.9931497574,80.2339782715,46720,46730,10
12.9937295914,80.2343826294,46730,46750,20
12.9937295914,80.2343826294,46750,46760,10
12.9941196442,80.2346496582,46760,46770,10
12.9948501587,80.2350387573,46770,46780,10
12.9954595566,80.2354736328,46780,46791,11
12.9959602356,80.2359390259,46791,46801,10
12.9961004257,80.2361373901,46801,46811,10
12.9964599609,80.2367935181,46811,46821,10
12.9968795776,80.2375411987,46821,46831,10
12.9972696304,80.2381591797,46831,46841,10
12.9978103638,80.2388000488,46841,46851,10
12.9986495972,80.2391815186,46851,46891,40
12.9986495972,80.2391815186,46891,46901,10
12.9988498688,80.2392578125,46901,46912,11
12.9993801117,80.2393798828,46912,46922,10
13.0003099442,80.2394790649,46922,46932,10
13.0011396408,80.239616394,46932,46942,10
13.0018997192,80.2398605347,46942,46952,10
13.0024595261,80.2400436401,46952,46962,10
13.0026597977,80.2400970459,46962,46972,10
13.0033197403,80.2403411865,46972,46982,10
13.0037698746,80.2412414551,46982,46991,9
13.0043296814,80.2418365479,46991,47002,11
13.0053796768,80.2418136597,47002,47012,10
13.0059299469,80.2418899536,47012,47023,11
13.0056800842,80.2422180176,47023,47789,766
13.0056800842,80.2422180176,47789,47799,10
13.0054397583,80.2420196533,47799,47809,10
13.0049200058,80.2418212891,47809,47819,10
13.004119873,80.2417678833,47819,47829,10
13.0038003922,80.2412109375,47829,47840,11
13.0026597977,80.2401275635,47840,47860,20
13.0026597977,80.2401275635,47860,47870,10
13.0023298264,80.240020752,47870,47880,10
13.0017299652,80.2398071289,47880,47890,10
13.0009002686,80.239616394,47890,47900,10
12.9999704361,80.2394638062,47900,47910,10
12.9991397858,80.2393112183,47910,47950,40
12.9991397858,80.2393112183,47950,47961,11
12.9990501404,80.2393035889,47961,47971,10
12.9985399246,80.2391433716,47971,47981,10
12.9978704453,80.2388534546,47981,47991,10
12.9974603653,80.2384033203,47991,48001,10
12.9970197678,80.2377090454,48001,48011,10
12.9968595505,80.2374572754,48011,48021,10
12.9965200424,80.2368087769,48021,48031,10
12.9962902069,80.2364196777,48031,48041,10
12.9962301254,80.2363433838,48041,48051,10
12.9959402084,80.2358627319,48051,48061,10
12.9952802658,80.2353210449,48061,48071,10
12.9947004318,80.2349700928,48071,48082,11
12.993929863,80.2345581055,48082,48102,20
12.993929863,80.2345581055,48102,48112,10
12.9937295914,80.2343597412,48112,48122,10
12.9932003021,80.2340164185,48122,48132,10
12.9925603867,80.2338104248,48132,48142,10
12.9918498993,80.2337265015,48142,48162,20
12.9918498993,80.2337265015,48162,48172,10
12.9914398193,80.2337493896,48172,48182,10
12.9913101196,80.2332382202,48182,48193,11
12.9911603928,80.2327575684,48193,48203,10
12.9909801483,80.2318191528,48203,48253,50
12.9909801483,80.2318191528,48253,48263,10
12.990940094,80.2314605713,48263,48273,10
12.9908800125,80.2309036255,48273,48283,10
12.990819931,80.2300491333,48283,48314,31
12.990819931,80.2300491333,48314,48324,10
12.9907398224,80.2295227051,48324,48334,10
12.9905004501,80.2287826538,48334,48344,10
12.9903402328,80.2282791138,48344,48354,10
12.9901895523,80.2275772095,48354,48364,10
12.9901800156,80.2274932861,48364,48374,10
12.9901695251,80.2272796631,48374,48384,10
12.990070343,80.2266616821,48384,48394,10
12.9901103973,80.2260513306,48394,48404,10
12.9897603989,80.2252578735,48404,48414,10
12.9895200729,80.2245025635,48414,48425,11
12.9894695282,80.2238235474,48425,48435,10
12.9890403748,80.2233963013,48435,48445,10
12.9883003235,80.2233276367,48445,48485,40
12.9883003235,80.2233276367,48485,48495,10
12.9884004593,80.2232513428,48495,48505,10
12.9887800217,80.2232818604,48505,48515,10
12.9893398285,80.2236022949,48515,48525,10
12.98939991,80.2241668701,48525,48535,10
12.9895496368,80.2248687744,48535,48546,11
12.9898700714,80.2254180908,48546,48556,10
12.9898796082,80.2254333496,48556,48566,10
12.9900598526,80.2258682251,48566,48576,10
12.9899997711,80.2264633179,48576,48586,10
12.9900903702,80.2271728516,48586,48596,10
12.9898996353,80.2276763916,48596,48626,30
12.9898996353,80.2276763916,48626,48636,10
12.989569664,80.2279205322,48636,48646,10
12.9889001846,80.2284164429,48646,48656,10
12.9885196686,80.2294311523,48656,48667,11
12.9882802963,80.2300186157,48667,48677,10
12.9882698059,80.2300186157,48677,48687,10
12.9882202148,80.2300415039,48687,48697,10
12.9880800247,80.2304992676,48697,48707,10
12.9877796173,80.2312698364,48707,48717,10
12.9874801636,80.2322387695,48717,48727,10
12.9874095917,80.2330093384,48727,48737,10
12.9871997833,80.2332611084,48737,48747,10
12.9865999222,80.233291626,48747,48767,20
12.9865999222,80.233291626,48767,48778,11
12.9863395691,80.2332992554,48778,48788,10
12.9861001968,80.233757019,48788,48798,10
12.9861097336,80.2343063354,48798,48808,10
12.9864397049,80.2352218628,48808,48838,30
12.9864397049,80.2352218628,48838,48848,10
12.9865198135,80.2356491089,48848,48858,10
12.9865398407,80.2362518311,48858,48868,10
12.9865598679,80.2370376587,48868,48878,10
12.986579895,80.2376403809,48878,48888,10
12.9866104126,80.238571167,48888,48899,11
12.986579895,80.238319397,48899,48959,60
12.986579895,80.238319397,48959,48969,10
12.9866800308,80.2380599976,48969,48979,10
12.9866600037,80.2376098633,48979,48989,10
12.9866104126,80.2370605469,48989,48999,10
12.9865903854,80.2364807129,48999,49010,11
12.9865598679,80.2355880737,49010,49020,10
12.9863100052,80.2349014282,49020,49030,10
12.9862098694,80.2346572876,49030,49040,10
12.986120224,80.2339019775,49040,49050,10
12.9863100052,80.2333526611,49050,49060,10
12.9865398407,80.2333068848,49060,49070,10
12.9872398376,80.2332382202,49070,49080,10
12.9873600006,80.2327194214,49080,49090,10
12.9876203537,80.2317428589,49090,49100,10
12.9880599976,80.230682373,49100,49110,10
12.9883003235,80.2301330566,49110,49120,10
12.9883203506,80.2301177979,49120,49131,11
12.9884796143,80.2296676636,49131,49141,10
12.9887599945,80.2288589478,49141,49151,10
12.9891700745,80.2281799316,49151,49161,10
12.9897899628,80.2277832031,49161,49171,10
12.9900102615,80.2276611328,49171,49181,10
12.9900798798,80.2276535034,49181,49191,10
12.9901504517,80.2272796631,49191,49201,10
12.9900302887,80.2265090942,49201,49211,10
12.9900598526,80.2257385254,49211,49221,10
12.9896001816,80.2248764038,49221,49231,10
12.9894800186,80.2240982056,49231,49241,10
12.9893198013,80.2235412598,49241,49253,12
12.9887895584,80.2233505249,49253,49263,10
12.9883699417,80.2235870361,49263,49394,131
12.9883699417,80.2235870361,49394,49404,10
12.9883203506,80.2236785889,49404,49414,10
12.9881601334,80.2238311768,49414,49585,171
12.9881601334,80.2238311768,49585,49596,11
12.9884700775,80.2233963013,49596,49636,40
12.9884700775,80.2233963013,49636,49646,10
12.9889001846,80.2233428955,49646,49656,10
12.9893798828,80.2236633301,49656,49666,10
12.9894304276,80.2242202759,49666,49676,10
12.9896001816,80.224937439,49676,49686,10
12.9900398254,80.2256469727,49686,49696,10
12.9900197983,80.2264328003,49696,49706,10
12.9901199341,80.2270965576,49706,49717,11
12.9899301529,80.2276992798,49717,49737,20
12.9899301529,80.2276992798,49737,49747,10
12.9897298813,80.2278137207,49747,49757,10
12.9892501831,80.2280578613,49757,49767,10
12.988820076,80.2287063599,49767,49777,10
12.9885196686,80.2295074463,49777,49787,10
12.9883298874,80.2299804688,49787,49797,10
12.9882202148,80.2301712036,49797,49807,10
12.9879999161,80.2307281494,49807,49817,10
12.9876098633,80.2317581177,49817,49828,11
12.987449646,80.2327804565,49828,49838,10
12.9873504639,80.2332382202,49838,49848,10
12.9867601395,80.2332763672,49848,49858,10
12.9864301682,80.2332992554,49858,49868,10
12.9861097336,80.2336807251,49868,49878,10
12.9861402512,80.2342834473,49878,49889,11
12.9863996506,80.2350692749,49889,49898,9
12.9864397049,80.2351837158,49898,49909,11
12.9865102768,80.2353820801,49909,49919,10
12.9865503311,80.236000061,49919,49929,10
12.9865703583,80.2367782593,49929,49939,10
12.9865999222,80.2373275757,49939,49950,11
12.9866104126,80.2381973267,49950,49960,10
12.9865198135,80.2385177612,49960,50000,40
12.9865198135,80.2385177612,50000,50010,10
12.986579895,80.2384414673,50010,50020,10
12.9866304398,80.2380981445,50020,50030,10
12.9866104126,80.2378387451,50030,50039,9
12.9865999222,80.2372131348,50039,50050,11
12.986579895,80.2365875244,50050,50061,11
12.9865598679,80.2359390259,50061,50071,10
12.9864902496,80.2353591919,50071,50111,40
12.9864902496,80.2353591919,50111,50121,10
12.9864797592,80.2351379395,50121,50131,10
12.9861898422,80.2345199585,50131,50141,10
12.9861097336,80.2338180542,50141,50151,10
12.9866600037,80.2333526611,50151,50171,20
12.9866600037,80.2333526611,50171,50182,11
12.9871902466,80.2333297729,50182,50192,10
12.9874000549,80.2329864502,50192,50202,10
12.9874696732,80.2322769165,50202,50212,10
12.9877195358,80.2314910889,50212,50222,10
12.9882698059,80.2300796509,50222,50263,41
12.9882698059,80.2300796509,50263,50272,9
12.9884300232,80.2296981812,50272,50283,11
12.9886398315,80.2291717529,50283,50293,10
12.9890604019,80.2282409668,50293,50304,11
12.9900398254,80.2276992798,50304,50334,30
12.9900398254,80.2276992798,50334,50344,10
12.9902000427,80.2276992798,50344,50354,10
12.9903402328,80.2282714844,50354,50364,10
12.9905195236,80.2288589478,50364,50374,10
12.9907398224,80.2296295166,50374,50384,10
12.9908304214,80.2301635742,50384,50394,10
12.9908399582,80.2304763794,50394,50404,10
12.9908800125,80.2310562134,50404,50415,11
12.9909601212,80.2320098877,50415,50445,30
12.9909601212,80.2320098877,50445,50455,10
12.9910697937,80.2325515747,50455,50465,10
12.9912595749,80.2331237793,50465,50475,10
12.9917497635,80.2336578369,50475,50536,61
12.9917497635,80.2336578369,50536,50546,10
12.9918603897,80.2337722778,50546,50556,10
12.9923000336,80.2338027954,50556,50566,10
12.9930400848,80.2339172363,50566,50576,10
12.9934997559,80.2341690063,50576,50586,10
12.9938602448,80.2344436646,50586,50596,10
12.9939098358,80.2345199585,50596,50606,10
12.9944496155,80.2348175049,50606,50616,10
12.9951496124,80.235206604,50616,50626,10
12.9956798553,80.2355804443,50626,50636,10
12.9960002899,80.2359237671,50636,50647,11
12.9961204529,80.2360992432,50647,50657,10
12.9965200424,80.2368621826,50657,50667,10
12.9969301224,80.2376022339,50667,50677,10
12.997300148,80.2381591797,50677,50687,10
12.9978704453,80.238822937,50687,50697,10
12.9984102249,80.2390823364,50697,50707,10
12.9987001419,80.2391967773,50707,50717,10
12.9989595413,80.2392730713,50717,50727,10
12.9995603561,80.2394104004,50727,50737,10
13.0005197525,80.2395324707,50737,50747,10
13.0012102127,80.2396621704,50747,50757,10
13.0019397736,80.2398529053,50757,50768,11
13.0025997162,80.2400665283,50768,50778,10
13.0033998489,80.2403564453,50778,50788,10
13.0038404465,80.2412567139,50788,50798,10
13.0044603348,80.2418670654,50798,50808,10
13.0053195953,80.2418289185,50808,50818,10
13.0059499741,80.2419433594,50818,50828,10
13.0057001114,80.2422332764,50828,51191,363
13.0057001114,80.2422332764,51191,51201,10
13.0055999756,80.2421569824,51201,51211,10
13.0053596497,80.2419586182,51211,51221,10
13.0047903061,80.2418289185,51221,51232,11
13.0040302277,80.2417221069,51232,51242,10
13.0037899017,80.2411727905,51242,51252,10
13.0033903122,80.2403869629,51252,51262,10
13.002579689,80.2400665283,51262,51272,10
13.0020198822,80.2398986816,51272,51282,10
13.0011796951,80.2396469116,51282,51292,10
13.0005598068,80.2395629883,51292,51302,10
12.9996500015,80.2394180298,51302,51312,10
12.9991998672,80.2393188477,51312,51342,30
12.9989795685,80.2392730713,51342,51373,31
12.9989795685,80.2392730713,51373,51383,10
12.9989004135,80.2392578125,51383,51393,10
12.9983797073,80.2390975952,51393,51403,10
12.9978303909,80.2388076782,51403,51413,10
12.9973402023,80.2382202148,51413,51423,10
12.996919632,80.2375717163,51423,51433,10
12.9965896606,80.2369613647,51433,51443,10
12.9962501526,80.236328125,51443,51453,10
12.9962501526,80.2363204956,51453,51463,10
12.996219635,80.2362823486,51463,51474,11
12.9958496094,80.2357788086,51474,51484,10
12.9952096939,80.2352600098,51484,51494,10
12.9947004318,80.2349624634,51494,51504,10
12.9940099716,80.2345428467,51504,51514,10
12.9939603806,80.2345199585,51514,51524,10
12.9939203262,80.2345275879,51524,51534,10
12.9935703278,80.2342300415,51534,51544,10
12.9930696487,80.2339172363,51544,51554,10
12.9923200607,80.233757019,51554,51564,10
12.9918203354,80.2337188721,51564,51595,31
12.9918203354,80.2337188721,51595,51605,10
12.9917402267,80.2337188721,51605,51615,10
12.9913797379,80.2336273193,51615,51625,10
12.9910497665,80.2325668335,51625,51635,10
12.9910497665,80.2325668335,51635,51645,10
12.990940094,80.2317810059,51645,51665,20
12.990940094,80.2317810059,51665,51675,10
12.990940094,80.2316131592,51675,51685,10
12.9908599854,80.2311782837,51685,51695,10
12.990819931,80.2306213379,51695,51706,11
12.9907798767,80.2300567627,51706,51716,10
12.9907798767,80.2300491333,51716,51726,10
12.9907197952,80.2295532227,51726,51736,10
12.9905004501,80.2287979126,51736,51746,10
12.9903402328,80.2282562256,51746,51756,10
12.9902000427,80.2275619507,51756,51766,10
12.9901800156,80.227432251,51766,51776,10
12.9901599884,80.2273788452,51776,51784,8
12.9901199341,80.2270431519,51784,51796,12
12.9900197983,80.2263183594,51796,51806,10
12.9899196625,80.2255783081,51806,51817,11
12.9895601273,80.2248382568,51817,51827,10
12.9894504547,80.2241134644,51827,51837,10
12.989279747,80.2235565186,51837,51847,10
12.9887504578,80.2233505249,51847,51857,10
12.9883203506,80.2233428955,51857,51948,91
12.9883203506,80.2233428955,51948,51958,10
12.9885101318,80.2232971191,51958,51968,10
12.9890403748,80.2233581543,51968,51978,10
12.98939991,80.2236862183,51978,51988,10
12.9894304276,80.2242736816,51988,51998,10
12.9896001816,80.2249221802,51998,52008,10
12.9900197983,80.2255706787,52008,52018,10
12.9899997711,80.2263717651,52018,52028,10
12.9901103973,80.2269973755,52028,52037,9
12.9899902344,80.2276229858,52037,52048,11
12.9895401001,80.227897644,52048,52059,11
12.9888696671,80.228477478,52059,52069,10
12.9884996414,80.2294311523,52069,52079,10
12.9883203506,80.2299575806,52079,52089,10
12.9880504608,80.230796814,52089,52099,10
12.9876203537,80.2319488525,52099,52109,10
12.9874601364,80.2328872681,52109,52119,10
12.9871997833,80.2332382202,52119,52129,10
12.9866600037,80.2332763672,52129,52139,10
12.9865703583,80.2332763672,52139,52149,10
12.9862604141,80.2333068848,52149,52159,10
12.986120224,80.2337722778,52159,52169,10
12.9861898422,80.234413147,52169,52180,11
12.9864597321,80.2350921631,52180,52192,12
12.9864702225,80.2351379395,52192,52203,11
12.9865503311,80.2356262207,52203,52212,9
12.9865703583,80.2363433838,52212,52223,11
12.9865999222,80.2370834351,52223,52233,10
12.9866199493,80.2378921509,52233,52243,10
12.9866504669,80.2386322021,52243,52253,10
12.986579895,80.2385025024,52253,53141,888
12.986579895,80.2385025024,53141,53151,10
12.9866399765,80.2384033203,53151,53161,10
12.9866600037,80.2379837036,53161,53171,10
12.9866504669,80.2379379272,53171,53181,10
12.9866199493,80.2373809814,53181,53191,10
12.9865999222,80.2368087769,53191,53201,10
12.9865703583,80.2364578247,53201,53211,10
12.9865503311,80.2358474731,53211,53222,11
12.9864902496,80.2353363037,53222,53242,20
12.9864902496,80.2353363037,53242,53252,10
12.9864397049,80.2351608276,53252,53262,10
12.9861803055,80.2345123291,53262,53272,10
12.9861097336,80.2338562012,53272,53282,10
12.986289978,80.2333602905,53282,53292,10
12.9866800308,80.2332992554,53292,53302,10
12.9871101379,80.2332305908,53302,53312,10
12.9873695374,80.2329025269,53312,53322,10
12.987449646,80.232208252,53322,53332,10
12.987830162,80.2311325073,53332,53343,11
12.9882802963,80.2300872803,53343,53363,20
12.9882802963,80.2300872803,53363,53373,10
12.9884004593,80.2297210693,53373,53383,10
12.9886302948,80.2292098999,53383,53393,10
12.9889202118,80.228477478,53393,53403,10
12.989569664,80.2280197144,53403,53413,10
12.9898700714,80.2277603149,53413,53423,10
12.9898796082,80.2277526855,53423,53433,10
12.9901304245,80.2273483276,53433,53443,10
12.9900302887,80.2266311646,53443,53454,11
12.9900798798,80.2259902954,53454,53464,10
12.989689827,80.2252120972,53464,53474,10
12.9895095825,80.224609375,53474,53484,10
12.9894599915,80.2239227295,53484,53494,10
12.9891500473,80.2234268188,53494,53505,11
12.9886903763,80.2233581543,53505,53515,10
12.9883203506,80.2233276367,53515,53535,20
12.9883203506,80.2233276367,53535,53545,10
12.9885997772,80.2232971191,53545,53565,20
12.9885997772,80.2232971191,53565,53576,11
12.9889202118,80.2232971191,53576,53586,10
12.9893703461,80.2236404419,53586,53596,10
12.9894304276,80.2241363525,53596,53606,10
12.9895801544,80.224822998,53606,53616,10
12.9899902344,80.2255020142,53616,53626,10
12.9900197983,80.2262878418,53626,53636,10
12.9901199341,80.2268981934,53636,53646,10
12.9902000427,80.2275238037,53646,53656,10
12.9902200699,80.2276229858,53656,53666,10
12.9903097153,80.2281799316,53666,53676,10
12.9905195236,80.2288513184,53676,53686,10
12.9907197952,80.2295837402,53686,53697,11
12.990819931,80.2301635742,53697,53707,10
12.9908504486,80.23021698,53707,53717,10
12.9908895493,80.2308807373,53717,53727,10
12.9909801483,80.2319335938,53727,53747,20
12.9909801483,80.2319335938,53747,53757,10
12.9909896851,80.2322769165,53757,53766,9
12.9911899567,80.2327804565,53766,53777,11
12.9917297363,80.2336425781,53777,53808,31
12.9917297363,80.2336425781,53808,53818,10
12.9918603897,80.2337036133,53818,53828,10
12.9922800064,80.2337417603,53828,53838,10
12.9929504395,80.2339019775,53838,53848,10
12.9934396744,80.234161377,53848,53858,10
12.9938201904,80.2344207764,53858,53878,20
12.9938201904,80.2344207764,53878,53888,10
12.9943504333,80.2347335815,53888,53898,10
12.9949197769,80.2350769043,53898,53907,9
12.9953899384,80.2353973389,53907,53918,11
12.9958696365,80.2358016968,53918,53929,11
12.9960298538,80.236000061,53929,53939,10
12.9963903427,80.236541748,53939,53949,10
12.9968595505,80.2374191284,53949,53959,10
12.9971704483,80.2379074097,53959,53969,10
12.9976902008,80.2386169434,53969,53979,10
12.9981803894,80.2389831543,53979,53989,10
12.9986600876,80.239151001,53989,53999,10
12.9986696243,80.239151001,53999,54009,10
12.9990100861,80.2392578125,54009,54019,10
12.9995603561,80.2393798828,54019,54029,10
13.0003299713,80.2395019531,54029,54040,11
13.0010900497,80.2396011353,54040,54050,10
13.0017795563,80.2398071289,54050,54060,10
13.0024299622,80.2400283813,54060,54070,10
13.003080368,80.2402267456,54070,54080,10
13.003660202,80.2408905029,54080,54090,10
13.0041399002,80.2417602539,54090,54100,10
13.0050697327,80.2417907715,54100,54110,10
13.0058403015,80.2418212891,54110,54120,10
13.0057001114,80.2422180176,54120,54887,767
13.0057001114,80.2422180176,54887,54897,10
13.0053596497,80.2419815063,54897,54907,10
13.00481987,80.2418518066,54907,54917,10
13.0040397644,80.2417526245,54917,54927,10
13.0037403107,80.2410583496,54927,54937,10
13.0032501221,80.2403488159,54937,54947,10
13.0024204254,80.2400588989,54947,54957,10
13.0018396378,80.2398376465,54957,54967,10
13.0010795593,80.2396316528,54967,54978,11
13.0002698898,80.2395172119,54978,54988,10
12.9992103577,80.2393417358,54988,55008,20
12.9992103577,80.2393417358,55008,55018,10
12.9989595413,80.2392730713,55018,55028,10
12.998339653,80.2390899658,55028,55038,10
12.9978399277,80.2387924194,55038,55048,10
12.9973602295,80.2381973267,55048,55058,10
12.996919632,80.2375564575,55058,55068,10
12.9965600967,80.2368774414,55068,55078,10
12.9962701797,80.236366272,55078,55088,10
12.996219635,80.2362670898,55088,55099,11
12.9957199097,80.2356567383,55099,55109,10
12.9951696396,80.2352523804,55109,55119,10
12.9945802689,80.234916687,55119,55129,10
12.9940004349,80.2345733643,55129,55139,10
12.9938402176,80.2343978882,55139,55149,10
12.9933395386,80.2340393066,55149,55159,10
12.992770195,80.2337875366,55159,55169,10
12.9918003082,80.2337417603,55169,55199,30
12.9918003082,80.2337417603,55199,55210,11
12.991689682,80.233757019,55210,55220,10
12.9913702011,80.2335510254,55220,55230,10
12.9912395477,80.233039856,55230,55240,10
12.9910297394,80.232383728,55240,55250,10
12.990940094,80.2317810059,55250,55280,30
12.990940094,80.2317810059,55280,55290,10
12.9909095764,80.2315979004,55290,55300,10
12.9908704758,80.2311019897,55300,55310,10
12.990819931,80.2304382324,55310,55320,10
12.9907903671,80.2301101685,55320,55331,11
12.99077034,80.229927063,55331,55341,10
12.9906196594,80.2292175293,55341,55351,10
12.9904603958,80.2286224365,55351,55361,10
12.9902496338,80.2278671265,55361,55371,10
12.9901695251,80.2274627686,55371,55381,10
12.9901599884,80.2272415161,55381,55391,10
12.9901199341,80.2269363403,55391,55401,10
12.9900598526,80.2264099121,55401,55411,10
12.9899702072,80.2255935669,55411,55421,10
12.9896001816,80.224861145,55421,55431,10
12.9894800186,80.2241363525,55431,55441,10
12.9893198013,80.2235717773,55441,55452,11
12.9888000488,80.2233505249,55452,55462,10
12.9883298874,80.2233276367,55462,55492,30
12.9883298874,80.2233276367,55492,55502,10
12.9884300232,80.2232818604,55502,55512,10
12.9889001846,80.2233200073,55512,55522,10
12.9893598557,80.2236175537,55522,55530,8
12.9894199371,80.2239837646,55530,55542,12
12.9895801544,80.2248916626,55542,55552,10
12.9900197983,80.2256011963,55552,55563,11
12.989979744,80.2264099121,55563,55573,10
12.9900798798,80.2272033691,55573,55583,10
12.9898796082,80.2276535034,55583,55593,10
12.9898796082,80.2276687622,55593,55603,10
12.9898395538,80.2277832031,55603,55613,10
12.9895095825,80.2279434204,55613,55623,10
12.9889001846,80.2283477783,55623,55633,10
12.9886398315,80.2291030884,55633,55643,10
12.9883804321,80.2297821045,55643,55653,10
12.9883098602,80.2299804688,55653,55663,10
12.9881296158,80.2303237915,55663,55673,10
12.9878196716,80.2311477661,55673,55684,11
12.9875001907,80.2321090698,55684,55694,10
12.9874200821,80.2329406738,55694,55704,10
12.9873600006,80.2332000732,55704,55714,10
12.9868402481,80.2332992554,55714,55724,10
12.9865198135,80.2333068848,55724,55734,10
12.9864501953,80.2332992554,55734,55744,10
12.9860801697,80.2335205078,55744,55754,10
12.9861001968,80.2340011597,55754,55764,10
12.9864196777,80.2351608276,55764,55784,20
12.9864196777,80.2351608276,55784,55794,10
12.9864797592,80.2353515625,55794,55805,11
12.9865198135,80.2359008789,55805,55815,10
12.9865398407,80.2367019653,55815,55825,10
12.9865598679,80.2372817993,55825,55835,10
12.9865598679,80.2381210327,55835,55845,10
12.986530304,80.2384109497,55845,56632,787
12.986530304,80.2384109497,56632,56642,10
12.9866399765,80.2381362915,56642,56652,10
12.9866304398,80.2373809814,56652,56662,10
12.9866104126,80.2368011475,56662,56672,10
12.986579895,80.236076355,56672,56682,10
12.986530304,80.2353897095,56682,56702,20
12.986530304,80.2353897095,56702,56712,10
12.9864196777,80.2350692749,56712,56722,10
12.9862003326,80.2344512939,56722,56733,11
12.9861698151,80.23387146,56733,56743,10
12.9863796234,80.2333908081,56743,56753,10
12.9866895676,80.2333602905,56753,56763,10
12.9868497849,80.2333374023,56763,56773,10
12.9873695374,80.2332000732,56773,56783,10
12.9874401093,80.2326202393,56783,56793,10
12.987660408,80.2317276001,56793,56803,10
12.9880199432,80.230796814,56803,56813,10
12.988240242,80.2301330566,56813,56823,10
12.9882898331,80.2300109863,56823,56833,10
12.9884796143,80.2295532227,56833,56843,10
12.9887599945,80.2288131714,56843,56854,11
12.9892997742,80.2281112671,56854,56864,10
12.9897403717,80.2278213501,56864,56874,10
12.9898300171,80.2277832031,56874,56884,10
12.9900798798,80.2276077271,56884,56894,10
12.9900903702,80.2269515991,56894,56904,10
12.9900398254,80.2263412476,56904,56914,10
12.9899597168,80.2255401611,56914,56924,10
12.9896297455,80.2250137329,56924,56934,10
12.9895000458,80.224281311,56934,56944,10
12.9894399643,80.2237014771,56944,56954,10
12.9889802933,80.2233810425,56954,56964,10
12.9883403778,80.2233581543,56964,56996,32
12.9883403778,80.2233581543,56996,57006,10
12.9884195328,80.2233200073,57006,57016,10
12.9888601303,80.2233505249,57016,57026,10
12.9893302917,80.2235565186,57026,57036,10
12.9894504547,80.2240219116,57036,57046,10
12.9895496368,80.2247085571,57046,57056,10
12.9898300171,80.2253036499,57056,57066,10
12.9900598526,80.2261123657,57066,57076,10
12.9900903702,80.2267379761,57076,57086,10
12.9902200699,80.2275314331,57086,57097,11
12.9902000427,80.2276992798,57097,57107,10
12.9903898239,80.2283477783,57107,57117,10
12.9905796051,80.2289276123,57117,57127,10
12.9907798767,80.2296829224,57127,57137,10
12.9908304214,80.230140686,57137,57147,10
12.9908399582,80.230140686,57147,57157,10
12.990819931,80.2303619385,57157,57167,10
12.9908599854,80.2309036255,57167,57177,10
12.9909696579,80.2320404053,57177,57197,20
12.9909696579,80.2320404053,57197,57208,11
12.9910497665,80.2324523926,57208,57218,10
12.9912796021,80.2331008911,57218,57228,10
12.9915304184,80.233543396,57228,57238,10
12.9917602539,80.2336730957,57238,57248,10
12.9918203354,80.2337417603,57248,57258,10
12.9923000336,80.2337799072,57258,57268,10
12.9929800034,80.2339096069,57268,57278,10
12.9934597015,80.234161377,57278,57287,9
12.9938297272,80.2344512939,57287,57298,11
12.9938602448,80.2344894409,57298,57308,10
12.9940595627,80.23462677,57308,57318,10
12.9947099686,80.234916687,57318,57329,11
12.995349884,80.2353210449,57329,57339,10
12.9959001541,80.2358398438,57339,57349,10
12.9959602356,80.2358932495,57349,57359,10
12.9961795807,80.2362136841,57359,57369,10
12.9965896606,80.2369613647,57369,57379,10
12.9969797134,80.2376403809,57379,57389,10
12.9973497391,80.2382202148,57389,57399,10
12.9978704453,80.2388305664,57399,57409,10
12.9986896515,80.2391967773,57409,57429,20
12.9986896515,80.2391967773,57429,57440,11
12.9990196228,80.2393112183,57440,57450,10
12.9995603561,80.2394180298,57450,57460,10
13.0004796982,80.2395401001,57460,57470,10
13.0011997223,80.2396774292,57470,57480,10
13.0019102097,80.2398910522,57480,57490,10
13.0024900436,80.2400817871,57490,57500,10
13.0025196075,80.2400970459,57500,57510,10
13.0026903152,80.2401580811,57510,57520,10
13.0034303665,80.2404098511,57520,57530,10
13.0038900375,80.2413787842,57530,57540,10
13.0045795441,80.2418899536,57540,57550,10
13.0055198669,80.2418518066,57550,57561,11
13.0058202744,80.2423400879,57561,58499,938
13.0058202744,80.2423400879,58499,58509,10
13.0056600571,80.2422332764,58509,58519,10
13.0053100586,80.2419204712,58519,58529,10
13.0046796799,80.2418670654,58529,58539,10
13.0039596558,80.2416229248,58539,58549,10
13.003660202,80.240852356,58549,58559,10
13.0032196045,80.2403335571,58559,58569,10
13.0026397705,80.2401275635,58569,58579,10
13.0024995804,80.2400970459,58579,58589,10
13.0019702911,80.2399291992,58589,58599,10
13.0011796951,80.2396697998,58599,58610,11
13.0004196167,80.2395477295,58610,58621,11
12.9994497299,80.239402771,58621,58631,10
12.9988203049,80.2392272949,58631,58641,10
12.9980802536,80.2389984131,58641,58651,10
12.9976596832,80.2386398315,58651,58661,10
12.9971199036,80.2378768921,58661,58671,10
12.9967699051,80.2373199463,58671,58681,10
12.9963903427,80.2365722656,58681,58691,10
12.9962797165,80.2363815308,58691,58701,10
12.9961500168,80.2361602783,58701,58711,10
12.9956703186,80.2356185913,58711,58722,11
12.9950799942,80.2352218628,58722,58732,10
12.9944496155,80.2348403931,58732,58742,10
12.9939699173,80.2345504761,58742,58752,10
12.9939098358,80.2345123291,58752,58762,10
12.9935798645,80.2342300415,58762,58772,10
12.9931602478,80.2339782715,58772,58782,10
12.9924602509,80.2337799072,58782,58792,10
12.9919099808,80.2337188721,58792,58802,10
12.9918003082,80.2337265015,58802,58812,10
12.9915304184,80.2337722778,58812,58822,10
12.9912996292,80.2332229614,58822,58832,10
12.9911003113,80.2326812744,58832,58843,11
12.9909601212,80.2318878174,58843,58853,10
12.9909496307,80.2317581177,58853,58863,10
12.9909696579,80.2316970825,58863,58873,10
12.9909095764,80.2312088013,58873,58883,10
12.9908800125,80.2307434082,58883,58893,10
12.9908304214,80.230140686,58893,58903,10
12.990819931,80.2299575806,58903,58913,10
12.990650177,80.2292709351,58913,58923,10
12.9904699326,80.2286834717,58923,58933,10
12.9902801514,80.2279815674,58933,58943,10
12.9901895523,80.2274703979,58943,58953,10
12.9901695251,80.2272720337,58953,58964,11
12.9900302887,80.2265319824,58964,58974,10
12.9900903702,80.2259368896,58974,58984,10
12.9898996353,80.2254867554,58984,58994,10
12.989689827,80.225189209,58994,59004,10
12.9895000458,80.2245407104,59004,59014,10
12.9894599915,80.2239227295,59014,59024,10
12.9890699387,80.2234191895,59024,59034,10
12.9883298874,80.2233505249,59034,59064,30
12.9883298874,80.2233505249,59064,59074,10
12.9885997772,80.2233200073,59074,59085,11
12.9891195297,80.2233886719,59085,59095,10
12.9894695282,80.2238388062,59095,59105,10
12.9895200729,80.2245178223,59105,59115,10
12.9897203445,80.2251205444,59115,59125,10
12.9901103973,80.2259292603,59125,59135,10
12.9900598526,80.2265930176,59135,59145,10
12.9901800156,80.2273025513,59145,59155,10
12.9900598526,80.2276611328,59155,59165,10
12.9899301529,80.2277297974,59165,59175,10
12.989689827,80.227897644,59175,59185,10
12.9892501831,80.2281112671,59185,59196,11
12.9887199402,80.2289276123,59196,59206,10
12.9884500504,80.229598999,59206,59215,9
12.9883298874,80.2299880981,59215,59226,11
12.988120079,80.230506897,59226,59236,10
12.987739563,80.2313995361,59236,59246,10
12.9874801636,80.2323913574,59246,59256,10
12.9874601364,80.2330703735,59256,59266,10
12.9873199463,80.2332687378,59266,59276,10
12.9867696762,80.2332992554,59276,59286,10
12.9865198135,80.2332992554,59286,59296,10
12.9861698151,80.2333679199,59296,59306,10
12.9861001968,80.2338562012,59306,59317,11
12.9862098694,80.2346191406,59317,59327,10
12.9864797592,80.2351989746,59327,59337,10
12.9864997864,80.2352828979,59337,59347,10
12.9865503311,80.2356872559,59347,59357,10
12.986579895,80.2364425659,59357,59366,9
12.9866104126,80.2370681763,59366,59377,11
12.9866199493,80.2376403809,59377,59387,10
12.9865398407,80.2386398315,59387,59407,20
12.9865398407,80.2386398315,59407,59417,10
12.986579895,80.2385406494,59417,60386,969
12.986579895,80.2385406494,60386,60396,10
12.9866199493,80.238319397,60396,60406,10
12.9866104126,80.237739563,60406,60416,10
12.986579895,80.2369918823,60416,60426,10
12.9865598679,80.2364501953,60426,60436,10
12.986530304,80.2357788086,60436,60446,10
12.9864597321,80.2353363037,60446,60456,10
12.9864797592,80.2352676392,60456,60466,10
12.9862203598,80.2347412109,60466,60476,10
12.9861001968,80.2339401245,60476,60487,11
12.9866600037,80.2333221436,60487,60507,20
12.9866600037,80.2333221436,60507,60517,10
12.9869098663,80.2333297729,60517,60527,10
12.9874000549,80.2332077026,60527,60537,10
12.9874401093,80.2326202393,60537,60547,10
12.9876003265,80.2318496704,60547,60557,10
12.9878902435,80.2311325073,60557,60567,10
12.9882698059,80.2301177979,60567,60587,20
12.9882698059,80.2301177979,60587,60598,11
12.9884300232,80.2297210693,60598,60608,10
12.9886198044,80.2291564941,60608,60618,10
12.9889097214,80.2284164429,60618,60628,10
12.989979744,80.2277526855,60628,60648,20
12.989979744,80.2277526855,60648,60658,10
12.9902000427,80.2276306152,60658,60668,10
12.9901199341,80.2269363403,60668,60678,10
12.9900302887,80.2263183594,60678,60688,10
12.9899902344,80.2256317139,60688,60698,10
12.9896001816,80.2249603271,60698,60708,10
12.9894599915,80.2242965698,60708,60719,11
12.9893703461,80.2236480713,60719,60729,10
12.9888896942,80.2233734131,60729,60739,10
12.9883298874,80.2233581543,60739,60769,30
12.9883298874,80.2233581543,60769,60779,10
12.9883804321,80.2232894897,60779,60789,10
12.9887599945,80.2233276367,60789,60799,10
12.989279747,80.223487854,60799,60809,10
12.9894800186,80.2240066528,60809,60819,10
12.9895601273,80.2247161865,60819,60829,10
12.9899597168,80.2254867554,60829,60840,11
12.9900197983,80.2263793945,60840,60850,10
12.9901199341,80.2269363403,60850,60860,10
12.9902000427,80.2275695801,60860,60871,11
12.9902095795,80.2276000977,60871,60881,10
12.9902801514,80.2280578613,60881,60890,9
12.9905004501,80.2287368774,60890,60901,11
12.9906797409,80.2293930054,60901,60911,10
12.9908399582,80.2301177979,60911,60921,10
12.9908399582,80.2301712036,60921,60931,10
12.9908704758,80.2306213379,60931,60940,9
12.9909000397,80.2311401367,60940,60952,12
12.9909801483,80.2320632935,60952,60982,30
12.9909801483,80.2320632935,60982,60992,10
12.9910097122,80.2323379517,60992,61002,10
12.9911804199,80.2328262329,61002,61012,10
12.9913396835,80.233291626,61012,61022,10
12.9917898178,80.2337265015,61022,61052,30
12.9917898178,80.2337265015,61052,61062,10
12.992099762,80.2338180542,61062,61073,11
12.9928302765,80.2339324951,61073,61083,10
12.9933395386,80.23412323,61083,61093,10
12.9937095642,80.2343521118,61093,61103,10
12.9938697815,80.2344894409,61103,61113,10
12.9941101074,80.2346496582,61113,61123,10
12.9948396683,80.2350463867,61123,61133,10
12.9954099655,80.2354278564,61133,61143,10
12.9960298538,80.2359924316,61143,61163,20
12.9960298538,80.2359924316,61163,61173,10
12.9962396622,80.236289978,61173,61184,11
12.9966802597,80.2371368408,61184,61194,10
12.9970397949,80.2377624512,61194,61204,10
12.9974603653,80.2384033203,61204,61214,10
12.9979400635,80.238899231,61214,61224,10
12.9987201691,80.2392272949,61224,61385,161
12.9987201691,80.2392272949,61385,61395,10
12.9991502762,80.2393569946,61395,61405,10
12.9997501373,80.2394714355,61405,61415,10
13.0006399155,80.239616394,61415,61426,11
13.0012998581,80.2397232056,61426,61436,10
13.0019798279,80.2399520874,61436,61446,10
13.0025196075,80.2400970459,61446,61476,30
13.0025196075,80.2400970459,61476,61486,10
13.0026397705,80.2401885986,61486,61496,10
13.0031204224,80.2403182983,61496,61506,10
13.0035896301,80.2406768799,61506,61516,10
13.0038499832,80.2413024902,61516,61526,10
13.0044002533,80.2418899536,61526,61537,11
13.0052604675,80.241859436,61537,61547,10
13.0059099197,80.241897583,61547,61557,10
13.0059700012,80.2423171997,61557,61637,80
13.0059700012,80.2423171997,61637,61647,10
13.0057001114,80.2422485352,61647,62011,364
13.0057001114,80.2422485352,62011,62021,10
13.005610466,80.2421722412,62021,62031,10
13.0052499771,80.2418670654,62031,62041,10
13.0045204163,80.2418518066,62041,62051,10
13.0039100647,80.2414703369,62051,62061,10
13.0035495758,80.2406463623,62061,62071,10
13.0026502609,80.2400970459,62071,62101,30
13.0026502609,80.2400970459,62101,62111,10
13.0025901794,80.2400665283,62111,62122,11
13.0021095276,80.2398910522,62122,62132,10
13.0013399124,80.2396621704,62132,62142,10
13.0007896423,80.2395706177,62142,62152,10
12.9999599457,80.2394714355,62152,62162,10
12.9993095398,80.2393417358,62162,62303,141
12.9993095398,80.2393417358,62303,62313,10
12.9991397858,80.2392578125,62313,62323,10
12.9987897873,80.2391815186,62323,62333,10
12.9981603622,80.2389678955,62333,62343,10
12.997759819,80.2387237549,62343,62354,11
12.9972400665,80.2380599976,62354,62364,10
12.9968795776,80.237487793,62364,62374,10
12.9965295792,80.236869812,62374,62384,10
12.9962501526,80.2363204956,62384,62394,10
12.9962100983,80.2362594604,62394,62404,10
12.9960403442,80.2360229492,62404,62414,10
12.9955301285,80.2355117798,62414,62424,10
12.9950799942,80.2351989746,62424,62434,10
12.994509697,80.2348709106,62434,62444,10
12.9939699173,80.2345428467,62444,62454,10
12.9935998917,80.2341995239,62454,62464,10
12.9931201935,80.2339477539,62464,62475,11
12.9923496246,80.2337722778,62475,62485,10
12.9917602539,80.2337265015,62485,62545,60
12.9917602539,80.2337265015,62545,62555,10
12.9916601181,80.2337417603,62555,62565,10
12.9913797379,80.2336730957,62565,62575,10
12.9912700653,80.2331924438,62575,62586,11
12.9911003113,80.2326507568,62586,62596,10
12.990940094,80.2317581177,62596,62636,40
12.990940094,80.2317581177,62636,62646,10
12.9909095764,80.2312927246,62646,62656,10
12.9908800125,80.2309494019,62656,62666,10
12.9908399582,80.2300720215,62666,62707,41
12.9908399582,80.2300720215,62707,62717,10
12.9908399582,80.2299575806,62717,62727,10
12.9907903671,80.229637146,62727,62737,10
12.9906101227,80.2290725708,62737,62747,10
12.9904699326,80.2286300659,62747,62757,10
12.9902801514,80.2279815674,62757,62767,10
12.9902000427,80.2274703979,62767,62777,10
12.9902000427,80.2274475098,62777,62787,10
12.9901800156,80.2271728516,62787,62797,10
12.9900798798,80.2266387939,62797,62807,10
12.9900798798,80.2261810303,62807,62817,10
12.9898700714,80.225440979,62817,62828,11
12.9895401001,80.2247695923,62828,62838,10
12.9894695282,80.2240600586,62838,62848,10
12.9893302917,80.2235870361,62848,62858,10
12.9888896942,80.2233886719,62858,62868,10
12.9883298874,80.2233581543,62868,62989,121
12.9883298874,80.2233581543,62989,62999,10
12.9884195328,80.2232437134,62999,63009,10
12.9886903763,80.2232894897,63009,63019,10
12.9891500473,80.2233581543,63019,63029,10
12.9894895554,80.2238311768,63029,63039,10
12.9895200729,80.2244567871,63039,63049,10
12.9897003174,80.2250671387,63049,63060,11
12.9901199341,80.2258605957,63060,63070,10
12.9900398254,80.2265319824,63070,63080,10
12.9901599884,80.2271881104,63080,63090,10
12.9899396896,80.227722168,63090,63120,30
12.9899396896,80.227722168,63120,63130,10
12.9898195267,80.2278366089,63130,63140,10
12.9893398285,80.2280502319,63140,63150,10
12.988820076,80.2286987305,63150,63160,10
12.9884996414,80.2295532227,63160,63170,10
12.9883098602,80.2300186157,63170,63191,21
12.9883098602,80.2300186157,63191,63201,10
12.9882802963,80.2301101685,63201,63211,10
12.9880599976,80.2307128906,63211,63221,10
12.987739563,80.2315063477,63221,63231,10
12.9875001907,80.2324295044,63231,63241,10
12.9874696732,80.2330932617,63241,63251,10
12.9871397018,80.2332992554,63251,63261,10
12.9865398407,80.2332992554,63261,63281,20
12.9865398407,80.2332992554,63281,63292,11
12.9863996506,80.2332992554,63292,63302,10
12.9860801697,80.2335586548,63302,63312,10
12.986120224,80.234046936,63312,63322,10
12.9864702225,80.2351989746,63322,63352,30
12.9864702225,80.2351989746,63352,63362,10
12.9864997864,80.2352981567,63362,63372,10
12.9865598679,80.2358779907,63372,63382,10
12.9865999222,80.2366027832,63382,63392,10
12.9865999222,80.2371826172,63392,63402,10
12.9866399765,80.2380371094,63402,63413,11
12.9865999222,80.2386779785,63413,63423,10
12.986579895,80.2384567261,63423,63947,524
12.986579895,80.2384567261,63947,63957,10
12.9866800308,80.2382965088,63957,63967,10
12.9866600037,80.237739563,63967,63977,10
12.9866304398,80.2370223999,63977,63988,11
12.9865903854,80.2363586426,63988,63998,10
12.9865198135,80.2353363037,63998,64018,20
12.9865198135,80.2353363037,64018,64028,10
12.9864702225,80.2352294922,64028,64038,10
12.986240387,80.2347106934,64038,64048,10
12.9861698151,80.2340621948,64048,64058,10
12.9861497879,80.2335586548,64058,64068,10
12.9865503311,80.2333374023,64068,64078,10
12.9866800308,80.2333374023,64078,64088,10
12.9868402481,80.2333221436,64088,64098,10
12.9873600006,80.2332687378,64098,64110,12
12.9874401093,80.2327880859,64110,64120,10
12.9875802994,80.231842041,64120,64130,10
12.9879398346,80.2309570313,64130,64140,10
12.9882898331,80.2301025391,64140,64160,20
12.9882898331,80.2301025391,64160,64170,10
12.9884195328,80.2297515869,64170,64180,10
12.988650322,80.2291412354,64180,64190,10
12.9889802933,80.2283630371,64190,64200,10
12.9896402359,80.2279815674,64200,64210,10
12.9900798798,80.2276611328,64210,64220,10
12.9900903702,80.2276611328,64220,64231,11
12.9902095795,80.2274017334,64231,64241,10
12.9900798798,80.2266921997,64241,64251,10
12.9900999069,80.2261199951,64251,64261,10
12.9898004532,80.2253417969,64261,64271,10
12.9895801544,80.2247619629,64271,64281,10
12.9895000458,80.2240219116,64281,64291,10
12.989279747,80.223487854,64291,64301,10
12.9888401031,80.2233886719,64301,64311,10
12.9883499146,80.2233581543,64311,64362,51
12.9883499146,80.2233581543,64362,64372,10
12.9888000488,80.2233428955,64372,64382,10
12.9892702103,80.2235031128,64382,64392,10
12.9894695282,80.2239990234,64392,64402,10
12.9895601273,80.2247619629,64402,64412,10
12.9899101257,80.225440979,64412,64422,10
12.9900398254,80.2262420654,64422,64432,10
12.9900798798,80.2267608643,64432,64442,10
12.9902095795,80.2274780273,64442,64452,10
12.9902000427,80.2275466919,64452,64463,11
12.9903001785,80.2280807495,64463,64473,10
12.9905195236,80.2287979126,64473,64483,10
12.9907197952,80.2294692993,64483,64493,10
12.9908399582,80.230140686,64493,64503,10
12.9908399582,80.2301635742,64503,64513,10
12.9908895493,80.23072052,64513,64523,10
12.9909200668,80.231262207,64523,64533,10
12.9909801483,80.2319107056,64533,64543,10
12.9909896851,80.2320404053,64543,64553,10
12.9910202026,80.2323379517,64553,64563,10
12.9911298752,80.2327194214,64563,64573,10
12.9912595749,80.2331008911,64573,64584,11
12.9917497635,80.2337036133,64584,64604,20
12.9917497635,80.2337036133,64604,64614,10
12.9921598434,80.233757019,64614,64624,10
12.9928998947,80.2338867188,64624,64634,10
12.9934396744,80.234161377,64634,64644,10
12.9938497543,80.2344589233,64644,64654,10
12.9939899445,80.2345733643,64654,64664,10
12.994600296,80.2349014282,64664,64674,10
12.995300293,80.2353210449,64674,64684,10
12.9959001541,80.2358322144,64684,64695,11
12.9961395264,80.2361297607,64695,64735,40
12.9961395264,80.2361297607,64735,64745,10
12.9963703156,80.2364807129,64745,64755,10
12.9967498779,80.2372817993,64755,64765,10
12.9970798492,80.2378616333,64765,64775,10
12.9975996017,80.2386169434,64775,64785,10
12.9981098175,80.2390213013,64785,64795,10
12.9987401962,80.2392425537,64795,64816,21
12.9987401962,80.2392425537,64816,64826,10
12.9991397858,80.2393569946,64826,64836,10
12.9998502731,80.2395019531,64836,64846,10
13.0008296967,80.2396316528,64846,64856,10
13.0013799667,80.2397537231,64856,64866,10
13.0015296936,80.2397918701,64866,64876,10
13.0020599365,80.2399597168,64876,64886,10
13.0025596619,80.2401275635,64886,64896,10
13.0031499863,80.2403182983,64896,64906,10
13.0037298203,80.241027832,64906,64916,10
13.0042104721,80.241859436,64916,64926,10
13.0052499771,80.2418670654,64926,64937,11
13.0059499741,80.2419509888,64937,64947,10
13.0057001114,80.2422485352,64947,65683,736
13.0057001114,80.2422485352,65683,65693,10
13.0055398941,80.2421798706,65693,65703,10
13.0051603317,80.2419128418,65703,65713,10
13.0045204163,80.2419204712,65713,65723,10
13.0039596558,80.2416000366,65723,65733,10
13.0036201477,80.2407684326,65733,65743,10
13.0030403137,80.2403335571,65743,65754,11
13.0026702881,80.2401885986,65754,65764,10
13.0024204254,80.2400970459,65764,65774,10
13.0019798279,80.2399597168,65774,65784,10
13.0011396408,80.2397232056,65784,65794,10
13.0004997253,80.2396011353,65794,65804,10
12.9992303848,80.2393875122,65804,65834,30
12.9992303848,80.2393875122,65834,65844,10
12.9989795685,80.2393112183,65844,65854,10
12.9984302521,80.239151001,65854,65865,11
12.9978504181,80.2388916016,65865,65875,10
12.9973897934,80.2383117676,65875,65885,10
12.9969797134,80.2376785278,65885,65895,10
12.9966201782,80.2370986938,65895,65905,10
12.9962902069,80.2364730835,65905,65915,10
12.9962797165,80.2364578247,65915,65925,10
12.9962596893,80.2363510132,65925,65935,10
12.995880127,80.2358627319,65935,65945,10
12.9952802658,80.2353897095,65945,65955,10
12.9947795868,80.2350387573,65955,65965,10
12.9939603806,80.2345581055,65965,65986,21
12.9939603806,80.2345581055,65986,65996,10
12.9937601089,80.2343978882,65996,66006,10
12.9932899475,80.2341003418,66006,66016,10
12.992770195,80.2339172363,66016,66026,10
12.9917602539,80.2338180542,66026,66046,20
12.9917602539,80.2338180542,66046,66056,10
12.9917201996,80.2338180542,66056,66066,10
12.991399765,80.2336120605,66066,66076,10
12.9912700653,80.2331314087,66076,66086,10
12.9910497665,80.2324676514,66086,66097,11
12.9909496307,80.2318191528,66097,66117,20
12.9909496307,80.2318191528,66117,66127,10
12.9909095764,80.2313995361,66127,66137,10
12.9908800125,80.2308807373,66137,66147,10
12.9908504486,80.2302093506,66147,66157,10
12.9908399582,80.2301330566,66157,66167,10
12.9907798767,80.2297668457,66167,66177,10
12.9905900955,80.2290802002,66177,66187,10
12.9904403687,80.2285766602,66187,66197,10
12.9902496338,80.2278366089,66197,66207,10
12.9902095795,80.2275390625,66207,66218,11
12.9902000427,80.2274627686,66218,66228,10
12.9901199341,80.2270202637,66228,66238,10
12.9900197983,80.2264785767,66238,66248,10
12.9900398254,80.2258224487,66248,66258,10
12.9896297455,80.2251281738,66258,66268,10
12.9895000458,80.2245635986,66268,66278,10
12.9894599915,80.2239303589,66278,66288,10
12.9891395569,80.2234802246,66288,66298,10
12.988650322,80.2233963013,66298,66308,10
12.9883499146,80.2233963013,66308,66359,51
12.9883499146,80.2233963013,66359,66369,10
12.9887895584,80.2233810425,66369,66379,10
12.989279747,80.2235488892,66379,66389,10
12.9894599915,80.2239990234,66389,66399,10
12.9895401001,80.2247161865,66399,66409,10
12.9897098541,80.2251586914,66409,66419,10
12.9901103973,80.2259521484,66419,66429,10
12.9900398254,80.2266235352,66429,66439,10
12.9901599884,80.2273025513,66439,66448,9
12.9900398254,80.2276992798,66448,66460,12
12.9899396896,80.2277603149,66460,66470,10
12.9896602631,80.2279510498,66470,66480,10
12.9890804291,80.2282562256,66480,66490,10
12.988699913,80.229057312,66490,66500,10
12.9884395599,80.2296905518,66500,66510,10
12.9882802963,80.2300872803,66510,66520,10
12.9880304337,80.230758667,66520,66530,10
12.9877195358,80.2315673828,66530,66540,10
12.9875001907,80.2324676514,66540,66550,10
12.9874696732,80.2331466675,66550,66560,10
12.9870195389,80.2333374023,66560,66571,11
12.9865999222,80.2333679199,66571,66581,10
12.9864997864,80.2333679199,66581,66591,10
12.9861602783,80.2334365845,66591,66601,10
12.9861402512,80.2339172363,66601,66611,10
12.9862098694,80.2346115112,66611,66621,10
12.9864597321,80.2352294922,66621,66631,10
12.9864702225,80.2352600098,66631,66641,10
12.9865398407,80.235496521,66641,66651,10
12.9865598679,80.2360534668,66651,66661,10
12.9865903854,80.2366790771,66661,66671,10
12.9866104126,80.237159729,66671,66681,10
12.9866304398,80.2376174927,66681,66692,11
12.9866695404,80.2384567261,66692,66702,10
12.9865503311,80.2385635376,66702,67509,807
12.9865503311,80.2385635376,67509,67519,10
12.9866199493,80.2383728027,67519,67529,10
12.9866399765,80.2379302979,67529,67539,10
12.9866304398,80.2378234863,67539,67549,10
12.9865903854,80.2373504639,67549,67559,10
12.986579895,80.2369003296,67559,67569,10
12.9865503311,80.2362289429,67569,67579,10
12.9864902496,80.2353973389,67579,67599,20
12.9864902496,80.2353973389,67599,67609,10
12.9864397049,80.2351837158,67609,67620,11
12.9862003326,80.2345504761,67620,67630,10
12.986120224,80.2339324951,67630,67640,10
12.9861001968,80.2334671021,67640,67650,10
12.9865398407,80.2333831787,67650,67660,10
12.9866504669,80.2333831787,67660,67670,10
12.9869804382,80.2333831787,67670,67680,10
12.9873895645,80.2332305908,67680,67690,10
12.9874200821,80.2327194214,67690,67700,10
12.9874801636,80.2322006226,67700,67710,10
12.9877004623,80.2315597534,67710,67720,10
12.9880199432,80.2308120728,67720,67730,10
12.9882097244,80.230178833,67730,67741,11
12.9882202148,80.2301635742,67741,67751,10
12.988360405,80.2298202515,67751,67761,10
12.9885997772,80.2292861938,67761,67771,10
12.9888896942,80.228477478,67771,67781,10
12.9895401001,80.2280502319,67781,67791,10
12.9898996353,80.2277984619,67791,67801,10
12.9900197983,80.2277374268,67801,67811,10
12.9901399612,80.2274780273,67811,67821,10
12.9900398254,80.2269821167,67821,67831,10
12.989979744,80.2265014648,67831,67841,10
12.9900398254,80.2258911133,67841,67851,10
12.9896402359,80.2252120972,67851,67862,11
12.9895000458,80.2246627808,67862,67872,10
12.9892902374,80.2236022949,67872,67882,10
12.9892902374,80.2236022949,67882,67892,10
12.9888401031,80.2234115601,67892,67902,10
12.9883298874,80.2233734131,67902,67942,40
12.9883298874,80.2233734131,67942,67952,10
12.988820076,80.2233963013,67952,67962,10
12.9893198013,80.2236175537,67962,67972,10
12.9894599915,80.2240524292,67972,67986,14
12.989569664,80.2248687744,67986,67996,10
12.9899597168,80.2255783081,67996,68006,10
12.9900197983,80.2264785767,68006,68016,10
12.9902000427,80.2276229858,68016,68046,30
12.9902000427,80.2276229858,68046,68056,10
12.9902601242,80.228012085,68056,68065,9
12.9903898239,80.2284698486,68065,68076,11
12.9906196594,80.2292404175,68076,68086,10
12.990819931,80.2301025391,68086,68097,11
12.990819931,80.2302322388,68097,68107,10
12.9908504486,80.2305374146,68107,68117,10
12.9908704758,80.2309417725,68117,68127,10
12.9909000397,80.2314224243,68127,68137,10
12.9909601212,80.2320404053,68137,68147,10
12.9909696579,80.2321472168,68147,68157,10
12.9911003113,80.2325973511,68157,68167,10
12.9912700653,80.2331695557,68167,68177,10
12.9917402267,80.233757019,68177,68208,31
12.9917402267,80.233757019,68208,68218,10
12.9920597076,80.233833313,68218,68228,10
12.992650032,80.2339096069,68228,68238,10
12.9932098389,80.2340927124,68238,68248,10
12.9938497543,80.2345123291,68248,68268,20
12.9938497543,80.2345123291,68268,68278,10
12.9940795898,80.2346572876,68278,68288,10
12.9946403503,80.234992981,68288,68298,10
12.9952201843,80.2353363037,68298,68308,10
12.9959802628,80.2360076904,68308,68329,21
12.9959802628,80.2360076904,68329,68339,10
12.9962596893,80.2364730835,68339,68349,10
12.9966802597,80.2372283936,68349,68359,10
12.9970197678,80.2378005981,68359,68369,10
12.9974298477,80.2384490967,68369,68379,10
12.9979095459,80.2389526367,68379,68389,10
12.9987096786,80.2392883301,68389,68409,20
12.9987096786,80.2392883301,68409,68419,10
12.9989299774,80.2393798828,68419,68429,10
12.9994497299,80.2394866943,68429,68438,9
13.0002202988,80.2395935059,68438,68450,12
13.0011301041,80.239730835,68450,68460,10
13.0017204285,80.2398834229,68460,68470,10
13.0023899078,80.2400970459,68470,68480,10
13.0025196075,80.2401580811,68480,68490,10
13.002699852,80.2402191162,68490,68500,10
13.0033397675,80.2404174805,68500,68510,10
13.0037603378,80.2411193848,68510,68520,10
13.0041799545,80.2418670654,68520,68530,10
13.0048799515,80.2419204712,68530,68540,10
13.0056495667,80.2419128418,68540,68550,10
13.0059700012,80.2421875,68550,68561,11
13.0057497025,80.2423171997,68561,69216,655
13.0057497025,80.2423171997,69216,69226,10
13.0055303574,80.2421722412,69226,69236,10
13.0051002502,80.2418823242,69236,69246,10
13.0043201447,80.241897583,69246,69256,10
13.0037899017,80.2412796021,69256,69267,11
13.0033597946,80.240447998,69267,69277,10
13.0024795532,80.2401199341,69277,69287,10
13.0019798279,80.2399597168,69287,69297,10
13.0012397766,80.2397079468,69297,69307,10
13.0005998611,80.2395935059,69307,69317,10
12.9991197586,80.2393569946,69317,69347,30
12.9991197586,80.2393569946,69347,69357,10
12.9990797043,80.2393493652,69357,69367,10
12.9987201691,80.2392578125,69367,69378,11
12.9985799789,80.2392578125,69378,69388,10
12.9980201721,80.2390365601,69388,69398,10
12.9976100922,80.2386779785,69398,69408,10
12.997300148,80.2382202148,69408,69417,9
12.9968395233,80.237487793,69417,69428,11
12.9964199066,80.236656189,69428,69438,10
12.9962396622,80.236366272,69438,69448,10
12.9961500168,80.2362213135,69448,69458,10
12.9956502914,80.2356567383,69458,69468,10
12.995059967,80.2352294922,69468,69478,10
12.9943599701,80.2348403931,69478,69488,10
12.9938802719,80.2345581055,69488,69499,11
12.9938201904,80.2345123291,69499,69509,10
12.9934902191,80.2342224121,69509,69519,10
12.9929895401,80.2339630127,69519,69529,10
12.9922103882,80.2338027954,69529,69539,10
12.9917697906,80.2337875366,69539,69549,10
12.9917602539,80.2338027954,69549,69559,10
12.9913902283,80.2336883545,69559,69569,10
12.9912500381,80.2331390381,69569,69579,10
12.9910202026,80.2325592041,69579,69589,10
12.9909000397,80.2318191528,69589,69599,10
12.9909000397,80.2317581177,69599,69610,11
12.9909200668,80.2316436768,69610,69620,10
12.9908304214,80.2310562134,69620,69630,10
12.9907999039,80.2303314209,69630,69640,10
12.9907903671,80.2301101685,69640,69650,10
12.9907197952,80.2295913696,69650,69660,10
12.9905004501,80.2288589478,69660,69670,10
12.9903097153,80.2283401489,69670,69680,10
12.9901599884,80.2275924683,69680,69690,10
12.9901399612,80.2274475098,69690,69700,10
12.9901304245,80.2272415161,69700,69710,10
12.9899902344,80.2265319824,69710,69720,10
12.9900598526,80.2259368896,69720,69731,11
12.9896202087,80.2251205444,69731,69741,10
12.9894399643,80.2244415283,69741,69751,10
12.98939991,80.2237472534,69751,69761,10
12.9888801575,80.2234115601,69761,69771,10
12.9882802963,80.2233963013,69771,69801,30
12.9882802963,80.2233963013,69801,69811,10
12.9884500504,80.2233276367,69811,69821,10
12.9890604019,80.2234115601,69821,69831,10
12.9894399643,80.2238388062,69831,69841,10
12.9894599915,80.2244796753,69841,69852,11
12.9897499084,80.2252731323,69852,69862,10
12.9900398254,80.2259979248,69862,69872,10
12.9900102615,80.2266235352,69872,69882,10
12.9901504517,80.2274475098,69882,69892,10
12.9898796082,80.2277908325,69892,69902,10
12.989859581,80.2277984619,69902,69912,10
12.9894800186,80.2280197144,69912,69922,10
12.9889001846,80.2285308838,69922,69932,10
12.9885597229,80.2292861938,69932,69941,9
12.9883298874,80.2299194336,69941,69952,11
12.9882297516,80.2301864624,69952,69963,11
12.9878902435,80.2310562134,69963,69973,10
12.9875802994,80.2318496704,69973,69983,10
12.9874296188,80.2329025269,69983,69993,10
12.9872198105,80.2333221436,69993,70003,10
12.9866399765,80.2333831787,70003,70013,10
12.9863796234,80.2333831787,70013,70023,10
12.9860897064,80.2338485718,70023,70033,10
12.9861402512,80.2344818115,70033,70044,11
12.9864397049,80.2352218628,70044,70054,10
12.9864797592,80.2353134155,70054,70063,9
12.9865102768,80.2353897095,70063,70074,11
12.9865598679,80.2358627319,70074,70085,11
12.9865598679,80.2365112305,70085,70095,10
12.986579895,80.236869812,70095,70105,10
12.9865903854,80.2375106812,70105,70115,10
12.9866104126,80.2383575439,70115,70125,10
12.9865198135,80.238571167,70125,71034,909
12.9865198135,80.238571167,71034,71044,10
12.9866104126,80.2383117676,71044,71054,10
12.9865999222,80.2375411987,71054,71064,10
12.9865598679,80.2369766235,71064,71074,10
12.986530304,80.2364120483,71074,71084,10
12.9865198135,80.2358016968,71084,71094,10
12.9864702225,80.2353973389,71094,71104,10
12.9864797592,80.2353897095,71104,71114,10
12.9864797592,80.2353286743,71114,71124,10
12.986240387,80.2348175049,71124,71135,11
12.9860801697,80.2340393066,71135,71145,10
12.9860496521,80.2337493896,71145,71155,10
12.9863700867,80.2333908081,71155,71165,10
12.9866199493,80.2333908081,71165,71175,10
12.9868097305,80.2333679199,71175,71185,10
12.9873199463,80.2333068848,71185,71195,10
12.9873895645,80.2328491211,71195,71205,10
12.9875001907,80.2320785522,71205,71215,10
12.9877700806,80.231300354,71215,71224,9
12.9882097244,80.2301330566,71224,71256,32
12.9882097244,80.2301330566,71256,71266,10
12.9883403778,80.2298812866,71266,71276,10
12.988530159,80.2293930054,71276,71286,10
12.9888000488,80.2285919189,71286,71296,10
12.9894504547,80.2280578613,71296,71306,10
12.9899597168,80.2277374268,71306,71326,20
12.9899597168,80.2277374268,71326,71336,10
12.9901399612,80.2273025513,71336,71346,10
12.9899902344,80.2265396118,71346,71356,10
12.990070343,80.2259674072,71356,71367,11
12.9896001816,80.2250518799,71367,71377,10
12.9894504547,80.2244796753,71377,71387,10
12.9894304276,80.2238464355,71387,71397,10
12.9890203476,80.2234191895,71397,71407,10
12.9885396957,80.2233810425,71407,71417,10
12.9883003235,80.2233963013,71417,71427,10
12.9883003235,80.2233581543,71427,71437,10
12.9884300232,80.2233276367,71437,71447,10
12.9889202118,80.2233886719,71447,71457,10
12.9893102646,80.2236099243,71457,71467,10
12.9894199371,80.224067688,71467,71477,10
12.9895200729,80.2248001099,71477,71488,11
12.989859581,80.2254486084,71488,71498,10
12.989979744,80.2262420654,71498,71508,10
12.9900197983,80.2267684937,71508,71518,10
12.9901399612,80.2274627686,71518,71528,10
12.9901599884,80.227722168,71528,71538,10
12.9902801514,80.2282791138,71538,71548,10
12.9902801514,80.2283096313,71548,71559,11
12.9904203415,80.228767395,71559,71568,9
12.9905996323,80.2293395996,71568,71579,11
12.9907598495,80.2299880981,71579,71589,10
12.99077034,80.230178833,71589,71599,10
12.9907598495,80.2302322388,71599,71610,11
12.9907999039,80.2308273315,71610,71620,10
12.9908504486,80.2314071655,71620,71630,10
12.9909200668,80.2320709229,71630,71640,10
12.9909200668,80.2321090698,71640,71650,10
12.9910001755,80.2325210571,71650,71660,10
12.9912204742,80.2331619263,71660,71670,10
12.9915704727,80.2336578369,71670,71679,9
12.9917001724,80.2337265015,71679,71689,10
12.9918804169,80.2337722778,71689,71700,11
12.9923000336,80.2338027954,71700,71710,10
12.9931097031,80.2340011597,71710,71721,11
12.9936103821,80.2343215942,71721,71731,10
12.9938001633,80.2344818115,71731,71741,10
12.9941196442,80.234703064,71741,71751,10
12.9948101044,80.2350463867,71751,71761,10
12.9953098297,80.2353973389,71761,71771,10
12.9958600998,80.2358779907,71771,71781,10
12.9959402084,80.2359771729,71781,71791,10
12.9961500168,80.2362823486,71791,71801,10
12.9965496063,80.2370300293,71801,71811,10
12.996919632,80.2376785278,71811,71821,10
12.9972801208,80.238243103,71821,71831,10
12.9978199005,80.2388916016,71831,71842,11
12.9983701706,80.2391433716,71842,71852,10
12.9986400604,80.2392272949,71852,71862,10
12.9987897873,80.2392883301,71862,71872,10
12.9992198944,80.239402771,71872,71882,10
13.0000200272,80.2395324707,71882,71892,10
13.0008401871,80.2396469116,71892,71902,10
13.0013599396,80.2397613525,71902,71912,10
13.0020999908,80.239982605,71912,71922,10
13.0024700165,80.2400970459,71922,71932,10
13.002790451,80.240196228,71932,71942,10
13.0034599304,80.2405319214,71942,71953,11
13.0038604736,80.2414779663,71953,71963,10
13.0045204163,80.241897583,71963,71973,10
13.0053300858,80.241859436,71973,71983,10
13.0059204102,80.2419891357,71983,71993,10
13.0057001114,80.2423019409,71993,73032,1039
13.0057001114,80.2423019409,73032,73042,10
13.0054302216,80.2420806885,73042,73052,10
13.0049800873,80.2418518066,73052,73062,10
13.0040903091,80.2418289185,73062,73072,10
13.003660202,80.241027832,73072,73082,10
13.0031204224,80.2403182983,73082,73092,10
13.0024204254,80.2401123047,73092,73102,10
13.0022001266,80.2400436401,73102,73112,10
13.0014200211,80.2397689819,73112,73123,11
13.0006799698,80.239616394,73123,73133,10
12.9997396469,80.2394790649,73133,73143,10
12.9990701675,80.2393493652,73143,73153,10
12.9990701675,80.2393569946,73153,73163,10
12.9989795685,80.2393264771,73163,73173,10
12.9983997345,80.2391586304,73173,73183,10
12.9977798462,80.238861084,73183,73193,10
12.9973602295,80.2383575439,73193,73203,10
12.9970598221,80.2378921509,73203,73213,10
12.996720314,80.2373275757,73213,73223,10
12.9963197708,80.2365570068,73223,73234,11
12.9961996078,80.2363815308,73234,73244,10
12.9960403442,80.2360992432,73244,73254,10
12.9954004288,80.2354736328,73254,73264,10
12.9948997498,80.2351608276,73264,73274,10
12.9941997528,80.2347564697,73274,73284,10
12.9935598373,80.2342681885,73284,73294,10
12.9930095673,80.2339782715,73294,73304,10
12.9922304153,80.2338027954,73304,73314,10
12.9917201996,80.2337799072,73314,73334,20
12.9917201996,80.2337799072,73334,73344,10
12.9914102554,80.2338104248,73344,73355,11
12.9912099838,80.2332000732,73355,73365,10
12.9910202026,80.2326278687,73365,73375,10
12.9908800125,80.2317962646,73375,73385,10
12.9908800125,80.2317581177,73385,73395,10
12.9909000397,80.2316207886,73395,73405,10
12.9908399582,80.2309799194,73405,73415,10
12.9907798767,80.2301712036,73415,73425,10
12.9906101227,80.2292861938,73425,73435,10
12.9904003143,80.2286071777,73435,73445,10
12.9901599884,80.2277679443,73445,73455,10
12.9901103973,80.2273635864,73455,73465,10
12.9900903702,80.2271194458,73465,73476,11
12.989979744,80.2264099121,73476,73486,10
12.9899702072,80.2256698608,73486,73496,10
12.9895401001,80.2248382568,73496,73506,10
12.9894199371,80.2241363525,73506,73516,10
12.9892597198,80.2235412598,73516,73526,10
12.9886798859,80.2233276367,73526,73536,10
12.9882602692,80.2233734131,73536,73557,21
12.9882602692,80.2233734131,73557,73566,9
12.9883403778,80.2232818604,73566,73577,11
12.9888296127,80.2233505249,73577,73588,11
12.98939991,80.2238006592,73588,73598,10
12.9894104004,80.2243728638,73598,73608,10
12.9896097183,80.2250976563,73608,73618,10
12.9900398254,80.2258987427,73618,73628,10
12.9899902344,80.2266082764,73628,73638,10
12.9901103973,80.2274398804,73638,73648,10
12.9896602631,80.2278823853,73648,73658,10
12.9890604019,80.2282028198,73658,73667,9
12.9887104034,80.2287979126,73667,73678,11
12.988360405,80.2296905518,73678,73688,10
12.988240242,80.2300109863,73688,73698,10
12.9880399704,80.2304916382,73698,73709,11
12.9876499176,80.2314605713,73709,73719,10
12.9874200821,80.2323226929,73719,73729,10
12.9873800278,80.233039856,73729,73739,10
12.9873504639,80.2332382202,73739,73749,10
12.9869003296,80.2333068848,73749,73759,10
12.9864902496,80.2333221436,73759,73769,10
12.9862804413,80.2333221436,73769,73779,10
12.9860601425,80.2338027954,73779,73789,10
12.9861097336,80.2344436646,73789,73799,10
12.986410141,80.2351989746,73799,73809,10
12.9864196777,80.2352371216,73809,73819,10
12.9864902496,80.2355117798,73819,73830,11
12.9865198135,80.2360916138,73830,73840,10
12.9865398407,80.2368774414,73840,73850,10
12.9865598679,80.2375030518,73850,73860,10
12.9865703583,80.2383422852,73860,73870,10
12.9864902496,80.2385787964,73870,74195,325
12.9865598679,80.2385406494,74195,74850,655
12.9865598679,80.2385406494,74850,74860,10
12.9865598679,80.2384719849,74860,74871,11
12.9865903854,80.2378997803,74871,74881,10
12.9865598679,80.2371063232,74881,74891,10
12.9865398407,80.2366104126,74891,74901,10
12.9865102768,80.2358627319,74901,74911,10
12.9864501953,80.2353286743,74911,74921,10
12.9864397049,80.2352981567,74921,74931,10
12.9864301682,80.2352523804,74931,74941,10
12.9861698151,80.23462677,74941,74951,10
12.9860801697,80.2339019775,74951,74961,10
12.9861698151,80.2333679199,74961,74971,10
12.9866399765,80.2333297729,74971,74981,10
12.9868097305,80.2333221436,74981,74992,11
12.9873600006,80.2331237793,74992,75002,10
12.9874200821,80.2324829102,75002,75012,10
12.9876003265,80.2316818237,75012,75022,10
12.9879703522,80.230796814,75022,75032,10
12.988240242,80.2300491333,75032,75042,10
12.988240242,80.2300415039,75042,75052,10
12.9883899689,80.2296905518,75052,75062,10
12.9886398315,80.2290420532,75062,75072,10
12.988940239,80.2283325195,75072,75082,10
12.9896602631,80.2279281616,75082,75092,10
12.9900197983,80.2276916504,75092,75102,10
12.9901599884,80.2275085449,75102,75113,11
12.9900102615,80.2266921997,75113,75123,10
12.9900398254,80.2260894775,75123,75133,10
12.9897003174,80.2252502441,75133,75143,10
12.9894695282,80.2245178223,75143,75153,10
12.9894104004,80.2237625122,75153,75163,10
12.9889202118,80.2233810425,75163,75173,10
12.9882698059,80.2233581543,75173,75203,30
12.9882698059,80.2233581543,75203,75213,10
12.988360405,80.2232894897,75213,75224,11
12.9889097214,80.2233581543,75224,75234,10
12.9893903732,80.2237625122,75234,75244,10
12.9894504547,80.2244033813,75244,75254,10
12.9896497726,80.2251205444,75254,75264,10
12.9900598526,80.2259216309,75264,75274,10
12.9899902344,80.226600647,75274,75284,10
12.9901199341,80.2273483276,75284,75294,10
12.9901399612,80.2275695801,75294,75303,9
12.9901504517,80.2276229858,75303,75314,11
12.9903202057,80.2284317017,75314,75324,10
12.9905195236,80.2290496826,75324,75334,10
12.9907398224,80.2298965454,75334,75345,11
12.9907798767,80.2302322388,75345,75355,10
12.9907903671,80.230682373,75355,75365,10
12.9908399582,80.231300354,75365,75375,10
12.9909095764,80.2320327759,75375,75385,10
12.9909296036,80.2322235107,75385,75395,10
12.9911203384,80.2328796387,75395,75405,10
12.9913301468,80.2334136963,75405,75415,10
12.9919595718,80.2337417603,75415,75435,20
12.9919595718,80.2337417603,75435,75445,10
12.9924097061,80.2338180542,75445,75456,11
12.9931602478,80.2340393066,75456,75466,10
12.9936199188,80.234336853,75466,75476,10
12.9938297272,80.2345123291,75476,75486,10
12.9941997528,80.2347488403,75486,75496,10
12.9950199127,80.2352218628,75496,75506,10
12.99559021,80.2356185913,75506,75516,10
12.9959697723,80.2360076904,75516,75526,10
12.9960803986,80.2361526489,75526,75536,10
12.9964599609,80.236831665,75536,75546,10
12.9968900681,80.2376174927,75546,75556,10
12.9972600937,80.2382202148,75556,75566,10
12.9978504181,80.2388763428,75566,75577,11
12.9985303879,80.2391815186,75577,75587,10
12.9987001419,80.2392272949,75587,75597,10
12.998840332,80.2393035889,75597,75607,10
12.9994297028,80.239440918,75607,75617,10
13.0004301071,80.2395706177,75617,75626,9
13.001159668,80.2397003174,75626,75637,11
13.0020103455,80.2399520874,75637,75647,10
13.0025196075,80.2401275635,75647,75657,10
13.002869606,80.2402496338,75657,75667,10
13.0035495758,80.2407302856,75667,75677,10
13.0039997101,80.2417526245,75677,75687,10
13.0049104691,80.2418899536,75687,75698,11
13.0058603287,80.2419433594,75698,75708,10
13.005689621,80.2423095703,75708,76363,655
13.005689621,80.2423095703,76363,76373,10
13.0054197311,80.2420806885,76373,76383,10
13.004989624,80.2418289185,76383,76394,11
13.0041599274,80.2418365479,76394,76404,10
13.0037202835,80.2412109375,76404,76414,10
13.0033502579,80.2404403687,76414,76424,10
13.0026903152,80.2401733398,76424,76434,10
13.002579689,80.2401275635,76434,76444,10
13.0023803711,80.2400283813,76444,76454,10
13.0018396378,80.2398605347,76454,76464,10
13.0010795593,80.2396621704,76464,76474,10
13.0004196167,80.2395782471,76474,76484,10
12.9994802475,80.2394485474,76484,76494,10
12.9991197586,80.2393569946,76494,76504,10
12.9990797043,80.2393264771,76504,76515,11
12.9985198975,80.2391891479,76515,76525,10
12.9978704453,80.2389068604,76525,76535,10
12.9974498749,80.2384872437,76535,76545,10
12.9969596863,80.2378005981,76545,76555,10
12.9966602325,80.2372283936,76555,76565,10
12.9962701797,80.2364578247,76565,76575,10
12.9961996078,80.2363586426,76575,76585,10
12.9960403442,80.2360992432,76585,76595,10
12.9954204559,80.235458374,76595,76605,10
12.9949598312,80.2351226807,76605,76615,10
12.9942302704,80.2347717285,76615,76626,11
12.9939002991,80.2345733643,76626,76636,10
12.993689537,80.2343826294,76636,76646,10
12.9932203293,80.234046936,76646,76656,10
12.9926204681,80.2338409424,76656,76666,10
12.9919395447,80.2337799072,76666,76676,10
12.9917001724,80.2338027954,76676,76686,10
12.991399765,80.2337875366,76686,76696,10
12.9912500381,80.2332992554,76696,76706,10
12.9912500381,80.233291626,76706,76716,10
12.9911298752,80.2329483032,76716,76726,10
12.9909296036,80.2321777344,76726,76736,10
12.9908800125,80.2316513062,76736,76747,11
12.9907999039,80.2309799194,76747,76757,10
12.9907798767,80.2303009033,76757,76767,10
12.9907598495,80.2300796509,76767,76777,10
12.9907598495,80.2298583984,76777,76787,10
12.9905796051,80.2291030884,76787,76797,10
12.9903802872,80.2285995483,76797,76807,10
12.9901695251,80.2278137207,76807,76817,10
12.990070343,80.2269668579,76817,76827,10
12.9899902344,80.2263183594,76827,76837,10
12.9899501801,80.2255783081,76837,76847,10
12.9895296097,80.224861145,76847,76857,10
12.9894199371,80.2241363525,76857,76868,11
12.9892396927,80.2235183716,76868,76878,10
12.9888401031,80.2233734131,76878,76888,10
12.9885196686,80.2233505249,76888,76898,10
12.9882898331,80.2233963013,76898,76908,10
12.9882898331,80.2233276367,76908,76918,10
12.988360405,80.2232971191,76918,76928,10
12.9887695313,80.2233581543,76928,76938,10
12.9892501831,80.2235565186,76938,76948,10
12.9893798828,80.2240371704,76948,76958,10
12.9894599915,80.2247085571,76958,76967,9
12.9897298813,80.2253265381,76967,76978,11
12.9899597168,80.2262802124,76978,76988,10
12.9900197983,80.2267913818,76988,76999,11
12.9900503159,80.2275924683,76999,77009,10
12.9898395538,80.2277374268,77009,77019,10
12.9894104004,80.228012085,77019,77029,10
12.9888496399,80.2284393311,77029,77039,10
12.9884595871,80.2294692993,77039,77049,10
12.9882602692,80.2299575806,77049,77059,10
12.988240242,80.2300186157,77059,77069,10
12.9880399704,80.2305679321,77069,77079,10
12.9875802994,80.2316131592,77079,77089,10
12.9874000549,80.2324676514,77089,77100,11
12.9873695374,80.2331085205,77100,77110,10
12.9869203568,80.2332992554,77110,77120,10
12.9865703583,80.2333602905,77120,77130,10
12.9865398407,80.2333602905,77130,77140,10
12.9862604141,80.2333831787,77140,77150,10
12.9860401154,80.233833313,77150,77160,10
12.9860801697,80.2344512939,77160,77170,10
12.9863195419,80.2351074219,77170,77180,10
12.9863901138,80.2352523804,77180,77190,10
12.9864797592,80.2357177734,77190,77200,10
12.9864797592,80.2363815308,77200,77210,10
12.9864997864,80.2370071411,77210,77221,11
12.9865198135,80.2378082275,77221,77231,10
12.9865598679,80.2385406494,77231,77241,10
12.9864902496,80.2385482788,77241,77271,30
12.9864902496,80.2385482788,77271,77281,10
12.9865903854,80.2380371094,77281,77291,10
12.9865598679,80.2371673584,77291,77301,10
12.986530304,80.2365875244,77301,77311,10
12.9864902496,80.2358322144,77311,77321,10
12.9864301682,80.2352828979,77321,77331,10
12.9861698151,80.2347183228,77331,77342,11
12.9860296249,80.2339935303,77342,77352,10
12.9861001968,80.2333984375,77352,77362,10
12.9867696762,80.2333297729,77362,77372,10
12.9873399734,80.2331695557,77372,77382,10
12.9873895645,80.2325286865,77382,77392,10
12.9876804352,80.2314376831,77392,77402,10
12.9881000519,80.2303771973,77402,77412,10
12.988360405,80.2296905518,77412,77422,10
12.9886398315,80.2289733887,77422,77432,10
12.9890899658,80.2282180786,77432,77442,10
12.9897003174,80.2278823853,77442,77452,10
12.9900798798,80.2275238037,77452,77464,12
12.9899396896,80.2266693115,77464,77474,10
12.9900102615,80.2258377075,77474,77484,10
12.9895601273,80.2250289917,77484,77494,10
12.9894304276,80.2245025635,77494,77504,10
12.9893903732,80.2238464355,77504,77514,10
12.9890403748,80.2234115601,77514,77524,10
12.9885101318,80.2233581543,77524,77534,10
