12.9983901978,80.2572631836,21,17385,17364
12.9983901978,80.2572631836,17385,17395,10
12.9983501434,80.2568130493,17395,17405,10
12.998339653,80.256439209,17405,17416,11
12.9982004166,80.2563323975,17416,17426,10
12.9981803894,80.2563400269,17426,17436,10
12.9977903366,80.2563323975,17436,17779,343
12.9977903366,80.2563323975,17779,17789,10
12.9976997375,80.2559585571,17789,17799,10
12.9976196289,80.2559204102,17799,17809,10
12.997300148,80.2559127808,17809,17819,10
12.9968900681,80.255897522,17819,17830,11
12.9962997437,80.2558898926,17830,17840,10
12.9956903458,80.255897522,17840,17850,10
12.9951000214,80.2559127808,17850,17860,10
12.994509697,80.2559432983,17860,17870,10
12.9939098358,80.2559890747,17870,17880,10
12.9932804108,80.2560195923,17880,17890,10
12.9925403595,80.2560577393,17890,17900,10
12.9917898178,80.2560577393,17900,17910,10
12.9910697937,80.2560424805,17910,17920,10
12.9904098511,80.2560195923,17920,17930,10
12.9896802902,80.2560119629,17930,17941,11
12.9888000488,80.2559280396,17941,17951,10
12.9880104065,80.2558364868,17951,17961,10
12.9876203537,80.2560195923,17961,17971,10
12.9875802994,80.256652832,17971,17981,10
12.9875001907,80.2574386597,17981,17991,10
12.9874200821,80.2581787109,17991,18001,10
12.9873695374,80.2588577271,18001,18011,10
12.9872999191,80.2593994141,18011,18021,10
12.9870996475,80.2595672607,18021,18042,21
12.9870996475,80.2595672607,18042,18052,10
12.9867801666,80.2594985962,18052,18062,10
12.9866399765,80.2593994141,18062,18072,10
12.9866504669,80.2592163086,18072,18082,10
12.9867601395,80.2590789795,18082,18092,10
12.9870195389,80.2590866089,18092,18343,251
12.9872503281,80.259147644,18343,18385,42
12.9872503281,80.259147644,18385,18395,10
12.9874200821,80.2589263916,18395,18405,10
12.9874296188,80.258682251,18405,18415,10
12.9874401093,80.258430481,18415,18425,10
12.9874696732,80.2579879761,18425,18435,10
12.9875202179,80.2574310303,18435,18444,9
12.9875602722,80.2568588257,18444,18456,12
12.9876098633,80.2561187744,18456,18466,10
12.987660408,80.255821228,18466,18476,10
12.9878501892,80.2557601929,18476,18486,10
12.9882802963,80.2558364868,18486,18496,10
12.9884996414,80.255859375,18496,18506,10
12.9886198044,80.2558898926,18506,18516,10
12.988940239,80.255897522,18516,18526,10
12.9892997742,80.2559280396,18526,18536,10
12.989780426,80.2559967041,18536,18546,10
12.9903497696,80.2560119629,18546,18555,9
12.9905004501,80.2559967041,18555,18567,12
12.9909801483,80.2560424805,18567,18577,10
12.9915399551,80.2560501099,18577,18587,10
12.9921798706,80.2560424805,18587,18597,10
12.992890358,80.2560195923,18597,18607,10
12.9935798645,80.2559661865,18607,18617,10
12.9942102432,80.2559509277,18617,18627,10
12.9948101044,80.255897522,18627,18637,10
12.9954299927,80.2558670044,18637,18647,10
12.9961099625,80.2558898926,18647,18657,10
12.9967403412,80.2558898926,18657,18668,11
12.9971399307,80.255897522,18668,18678,10
12.9975204468,80.2559204102,18678,18688,10
12.9978303909,80.2559432983,18688,18698,10
12.9978599548,80.2559509277,18698,18708,10
12.9981002808,80.2559585571,18708,18718,10
12.9982700348,80.2559967041,18718,18728,10
12.9989004135,80.2560577393,18728,18779,51
12.9989004135,80.2560577393,18779,18789,10
12.9990501404,80.2560882568,18789,18799,10
12.9993696213,80.2561416626,18799,18809,10
12.999830246,80.2562332153,18809,18819,10
13.0003499985,80.2563171387,18819,18829,10
13.0009202957,80.256439209,18829,18839,10
13.0013999939,80.2565383911,18839,18849,10
13.001950264,80.2566299438,18849,18859,10
13.0025196075,80.2567214966,18859,18869,10
13.003080368,80.2568206787,18869,18880,11
13.0037498474,80.2569503784,18880,18890,10
13.0044298172,80.2570800781,18890,18900,10
13.0050401688,80.2571868896,18900,18910,10
13.0057401657,80.2573165894,18910,18920,10
13.0063400269,80.2574310303,18920,18930,10
13.0065402985,80.2571182251,18930,18940,10
13.0064897537,80.256477356,18940,18950,10
13.0064897537,80.2556686401,18950,18960,10
13.0065202713,80.2548217773,18960,18970,10
13.0065202713,80.2539291382,18970,18981,11
13.0065097809,80.2532196045,18981,18991,10
13.0065097809,80.2528915405,18991,19001,10
13.0065803528,80.2522888184,19001,19011,10
13.0066604614,80.2518234253,19011,19021,10
13.006770134,80.2513275146,19021,19031,10
13.0067501068,80.2506790161,19031,19041,10
13.0067501068,80.2499389648,19041,19051,10
13.0067300797,80.2491607666,19051,19061,10
13.0066699982,80.2483978271,19061,19071,10
13.0066404343,80.2477416992,19071,19082,11
13.0066604614,80.2471466064,19082,19092,10
13.0065898895,80.2465896606,19092,19112,20
13.0065898895,80.2465896606,19112,19122,10
13.006649971,80.2464370728,19122,19132,10
13.0066900253,80.2461166382,19132,19142,10
13.0066995621,80.2455596924,19142,19152,10
13.0066795349,80.2449035645,19152,19162,10
13.0066900253,80.2441864014,19162,19172,10
13.0066604614,80.243522644,19172,19182,10
13.0066404343,80.2428207397,19182,19193,11
13.0066204071,80.2420501709,19193,19203,10
13.0066204071,80.2412872314,19203,19213,10
13.0066995621,80.2406692505,19213,19223,10
13.0068397522,80.2399902344,19223,19233,10
13.0069503784,80.2393188477,19233,19243,10
13.0070800781,80.2387008667,19243,19253,10
13.0072202682,80.238067627,19253,19263,10
13.0073604584,80.2374420166,19263,19273,10
13.0074396133,80.2367630005,19273,19294,21
13.0074396133,80.2367630005,19294,19304,10
13.0075101852,80.2365264893,19304,19314,10
13.0076198578,80.2361602783,19314,19324,10
13.0077199936,80.2356414795,19324,19334,10
13.0078401566,80.2351074219,19334,19344,10
13.0079498291,80.2345123291,19344,19354,10
13.0080795288,80.2338562012,19354,19364,10
13.0082101822,80.2331771851,19364,19374,10
13.0083398819,80.2325134277,19374,19384,10
13.008480072,80.2319335938,19384,19395,11
13.0086297989,80.2311782837,19395,19405,10
13.0087795258,80.2304611206,19405,19415,10
13.0089197159,80.2296905518,19415,19425,10
13.0090703964,80.2289428711,19425,19435,10
13.0092401505,80.2282333374,19435,19445,10
13.009519577,80.2275695801,19445,19455,10
13.0098304749,80.2268829346,19455,19465,10
13.0101604462,80.2261962891,19465,19475,10
13.0104598999,80.2255325317,19475,19485,10
13.0107898712,80.2248687744,19485,19496,11
13.0110902786,80.2241287231,19496,19506,10
13.0113697052,80.2234191895,19506,19516,10
13.0116195679,80.2228622437,19516,19526,10
13.0118398666,80.2221984863,19526,19536,10
13.0121002197,80.2216186523,19536,19546,10
13.0123996735,80.2215118408,19546,19556,10
13.0126399994,80.2218780518,19556,19566,10
13.0130300522,80.2223892212,19566,19576,10
13.0135297775,80.2229614258,19576,19586,10
13.0140199661,80.2233505249,19586,19597,11
13.0142803192,80.2236175537,19597,19607,10
13.0145597458,80.2239379883,19607,19617,10
13.0149803162,80.2245025635,19617,19627,10
13.0152597427,80.2248001099,19627,19637,10
13.0152702332,80.2248077393,19637,19647,10
13.0155601501,80.2249984741,19647,19667,20
13.0155601501,80.2249984741,19667,19677,10
13.0157003403,80.225151062,19677,19687,10
13.0159101486,80.2252426147,19687,19696,9
13.0163202286,80.2253189087,19696,19708,12
13.0171298981,80.2250823975,19708,19718,10
13.0179195404,80.2247619629,19718,19728,10
13.0187501907,80.2244415283,19728,19738,10
13.0192403793,80.2243728638,19738,19748,10
13.019610405,80.2244720459,19748,19758,10
13.0201301575,80.2247924805,19758,19768,10
13.0207300186,80.2252197266,19768,19778,10
13.0214004517,80.225730896,19778,19788,10
13.0220499039,80.2262268066,19788,19798,10
13.0226602554,80.2267608643,19798,19809,11
13.0233402252,80.2273864746,19809,19819,10
13.0240097046,80.2280426025,19819,19829,10
13.0245599747,80.2287597656,19829,19839,10
13.0251598358,80.2295608521,19839,19849,10
13.0257501602,80.2304992676,19849,19859,10
13.0260400772,80.2313919067,19859,19869,10
13.0262804031,80.2322311401,19869,19878,9
13.0265398026,80.2328491211,19878,19889,11
13.0267696381,80.2332687378,19889,19899,10
13.0271701813,80.2339630127,19899,19909,10
13.027680397,80.2348327637,19909,19920,11
13.0283002853,80.2357635498,19920,19930,10
13.0290002823,80.2365264893,19930,19940,10
13.0295200348,80.2370986938,19940,19950,10
13.029800415,80.2374572754,19950,19960,10
13.0300998688,80.2379837036,19960,19970,10
13.0304403305,80.2385635376,19970,19980,10
13.0307798386,80.2391281128,19980,19990,10
13.0311002731,80.2397079468,19990,20000,10
13.0313997269,80.2401885986,20000,20010,10
13.0314598083,80.240737915,20010,20021,11
13.0317296982,80.2413482666,20021,20031,10
13.031999588,80.2419433594,20031,20041,10
13.0324497223,80.2424697876,20041,20051,10
13.0328102112,80.243019104,20051,20061,10
13.033200264,80.243522644,20061,20071,10
13.0335597992,80.2440338135,20071,20081,10
13.0339603424,80.2445678711,20081,20090,9
13.0343103409,80.2450180054,20090,20101,11
13.0347604752,80.2455825806,20101,20111,10
13.0352802277,80.2460021973,20111,20122,11
13.0358295441,80.2462005615,20122,20132,10
13.0362195969,80.246383667,20132,20142,10
13.0367698669,80.2464981079,20142,20152,10
13.0373296738,80.2464981079,20152,20162,10
13.0377597809,80.2464828491,20162,20172,10
13.0383300781,80.2466278076,20172,20182,10
13.0389404297,80.2468032837,20182,20192,10
13.0394296646,80.2469100952,20192,20202,10
13.0400495529,80.2470397949,20202,20212,10
13.0406599045,80.2471694946,20212,20223,11
13.041390419,80.2473068237,20223,20233,10
13.0419301987,80.247428894,20233,20243,10
13.0424995422,80.2475967407,20243,20253,10
13.0430698395,80.2477874756,20253,20263,10
13.043680191,80.2479095459,20263,20273,10
13.0441999435,80.247833252,20273,20283,10
13.0447597504,80.2479171753,20283,20293,10
13.0451698303,80.2481918335,20293,20303,10
13.0457000732,80.2483978271,20303,20313,10
13.0462303162,80.2484970093,20313,20323,10
13.0468301773,80.2484207153,20323,20334,11
13.0470895767,80.2484436035,20334,20344,10
13.0474395752,80.2486419678,20344,20354,10
13.0479602814,80.2491226196,20354,20364,10
13.0485696793,80.2496414185,20364,20374,10
13.0493001938,80.2497406006,20374,20384,10
13.0500402451,80.2498779297,20384,20394,10
13.0508699417,80.250038147,20394,20404,10
13.0515499115,80.2502822876,20404,20414,10
13.0521602631,80.2507629395,20414,20424,10
13.0526304245,80.2514038086,20424,20435,11
13.0532999039,80.2522735596,20435,20445,10
13.053899765,80.2531204224,20445,20455,10
13.0545597076,80.2539978027,20455,20465,10
13.0557003021,80.255531311,20465,20475,10
13.0557003021,80.255531311,20475,20485,10
13.0562601089,80.2562637329,20485,20493,8
13.0566701889,80.256652832,20493,20505,12
13.0568199158,80.2567672729,20505,20515,10
13.0570497513,80.2570037842,20515,20525,10
13.0575199127,80.2574234009,20525,20536,11
13.0579204559,80.2578582764,20536,20546,10
13.0583600998,80.2583999634,20546,20556,10
13.0587797165,80.2589187622,20556,20566,10
13.0591602325,80.2594985962,20566,20576,10
13.0595798492,80.2600784302,20576,20586,10
13.0600996017,80.2605285645,20586,20596,10
13.0605401993,80.2609863281,20596,20606,10
13.0609197617,80.2614517212,20606,20616,10
13.0613203049,80.261932373,20616,20626,10
13.0616197586,80.262298584,20626,20637,11
13.0619096756,80.2626571655,20637,20647,10
13.0620002747,80.2627716064,20647,20657,10
13.0622997284,80.2631607056,20657,20667,10
13.0627002716,80.2636489868,20667,20677,10
13.0631303787,80.2641906738,20677,20687,10
13.0635204315,80.264793396,20687,20697,10
13.0638799667,80.26537323,20697,20707,10
13.0642700195,80.2658920288,20707,20717,10
13.0647096634,80.266418457,20717,20727,10
13.0651397705,80.2669372559,20727,20738,11
13.0657300949,80.2674331665,20738,20748,10
13.0662202835,80.2680587769,20748,20758,10
13.0667200089,80.2684173584,20758,20768,10
13.0671195984,80.2686233521,20768,20778,10
13.0675296783,80.268913269,20778,20788,10
13.0679502487,80.2691802979,20788,20798,10
13.06828022,80.269317627,20798,20808,10
13.0683603287,80.269203186,20808,20818,10
13.0684099197,80.2688674927,20818,20828,10
13.0685596466,80.2684783936,20828,20838,10
13.0687599182,80.2679824829,20838,20849,11
13.0690097809,80.2673492432,20849,20859,10
13.0694103241,80.2668685913,20859,20869,10
13.0699100494,80.2663421631,20869,20879,10
13.0704298019,80.2658233643,20879,20889,10
13.0709104538,80.265296936,20889,20899,10
13.0713300705,80.2648773193,20899,20909,10
13.0718202591,80.2643508911,20909,20919,10
13.0721797943,80.263923645,20919,20929,10
13.0724201202,80.2634124756,20929,20939,10
13.0726003647,80.2629089355,20939,20950,11
13.0727901459,80.2623977661,20950,20960,10
13.0729598999,80.2618179321,20960,20970,10
13.07310009,80.2613220215,20970,20980,10
13.0733699799,80.2612380981,20980,20990,10
13.0737104416,80.2616195679,20990,21000,10
13.0740203857,80.2620162964,21000,21010,10
13.0743398666,80.2623977661,21010,21020,10
13.074760437,80.2628936768,21020,21030,10
13.0751895905,80.2635116577,21030,21040,10
13.0756797791,80.2641525269,21040,21051,11
13.0762796402,80.2642211914,21051,21061,10
13.0769395828,80.2641601563,21061,21071,10
13.0775403976,80.2639312744,21071,21081,10
13.0780296326,80.2634963989,21081,21091,10
13.078040123,80.2630767822,21091,21101,10
13.0778598785,80.2624816895,21101,21111,10
13.0776500702,80.2618637085,21111,21121,10
13.077340126,80.2610015869,21121,21141,20
13.077340126,80.2610015869,21141,21151,10
13.0773096085,80.2608718872,21151,21162,11
13.0771198273,80.2605667114,21162,21172,10
13.0769701004,80.2604370117,21172,21182,10
13.0766496658,80.2601699829,21182,21192,10
13.076210022,80.259803772,21192,21202,10
13.0757598877,80.2593383789,21202,21212,10
13.0755500793,80.2586898804,21212,21222,10
13.0754899979,80.2583465576,21222,21232,10
13.0754804611,80.2581481934,21232,21242,10
13.075799942,80.2579193115,21242,21251,9
13.0761404037,80.2576522827,21251,21263,12
13.0764799118,80.2573394775,21263,21273,10
13.076880455,80.2570114136,21273,21283,10
13.0773096085,80.2567977905,21283,21293,10
13.0778598785,80.2566833496,21293,21303,10
13.0785102844,80.2566299438,21303,21313,10
13.0790100098,80.2565307617,21313,21323,10
13.0790996552,80.2563476563,21323,21333,10
13.0790500641,80.2558822632,21333,21343,10
13.0789699554,80.2552108765,21343,21353,10
13.0789699554,80.2546920776,21353,21364,11
13.0793895721,80.2545623779,21364,21374,10
13.0797796249,80.2545928955,21374,21384,10
13.0801296234,80.2546615601,21384,21394,10
13.0806903839,80.2547607422,21394,21404,10
13.0812797546,80.2548217773,21404,21414,10
13.0816898346,80.254699707,21414,21424,10
13.0818500519,80.2542419434,21424,21434,10
13.0818901062,80.2537918091,21434,21444,10
13.0819301605,80.2531661987,21444,21454,10
13.0816602707,80.2526397705,21454,21465,11
13.0813903809,80.2519989014,21465,21475,10
13.0813703537,80.2513504028,21475,21485,10
13.0813903809,80.2508621216,21485,21495,10
13.0813703537,80.2502212524,21495,21505,10
13.0814304352,80.2496795654,21505,21515,10
13.0819501877,80.2496795654,21515,21525,10
13.0826597214,80.2498168945,21525,21535,10
13.0833396912,80.2499237061,21535,21545,10
13.0840101242,80.2500686646,21545,21555,10
13.0846099854,80.2501525879,21555,21565,10
13.0847501755,80.2501907349,21565,21576,11
13.0852003098,80.2502670288,21576,21586,10
13.0856895447,80.2503433228,21586,21596,10
13.0858802795,80.2500762939,21596,21606,10
13.0858402252,80.2494430542,21606,21616,10
13.0858001709,80.2486572266,21616,21626,10
13.0858097076,80.2478637695,21626,21636,10
13.0858001709,80.2470474243,21636,21646,10
13.0857200623,80.2462768555,21646,21656,10
13.0856800079,80.2455291748,21656,21666,10
13.0858297348,80.2451324463,21666,21677,11
13.0863599777,80.2447128296,21677,21687,10
13.086930275,80.2442321777,21687,21697,10
13.0875301361,80.2437286377,21697,21707,10
13.087849617,80.2431488037,21707,21717,10
13.08796978,80.2425003052,21717,21727,10
13.0883798599,80.2419433594,21727,21737,10
13.0889797211,80.2415084839,21737,21747,10
13.0896501541,80.2410507202,21747,21757,10
13.0904302597,80.2408294678,21757,21767,10
13.0913095474,80.2408370972,21767,21778,11
13.0922603607,80.2409210205,21778,21788,10
13.0930204391,80.2409973145,21788,21798,10
13.0943002701,80.2411804199,21798,21818,20
13.0943002701,80.2411804199,21818,21828,10
13.0944595337,80.2412109375,21828,21838,10
13.0948801041,80.2412796021,21838,21848,10
13.0954904556,80.2414474487,21848,21858,10
13.0961303711,80.2416915894,21858,21868,10
13.0967903137,80.2419509888,21868,21879,11
13.0973901749,80.2421112061,21879,21889,10
13.0978298187,80.2422180176,21889,21899,10
13.0982503891,80.2422714233,21899,21909,10
13.09856987,80.2422790527,21909,21919,10
13.0985898972,80.2422790527,21919,21929,10
13.0987300873,80.2422180176,21929,21939,10
13.0987796783,80.2420196533,21939,21949,10
13.0986204147,80.2418365479,21949,21959,10
13.0985002518,80.2421722412,21959,24726,2767
13.0985002518,80.2421722412,24726,24736,10
13.0983200073,80.2423782349,24736,24746,10
13.0979404449,80.2422866821,24746,24756,10
13.0975399017,80.2422027588,24756,24766,10
13.0970802307,80.2420196533,24766,24776,10
13.0964403152,80.2418212891,24776,24787,11
13.0958499908,80.2416000366,24787,24797,10
13.0952997208,80.2414169312,24797,24807,10
13.0948495865,80.2413024902,24807,24817,10
13.094420433,80.2411880493,24817,24827,10
13.0936098099,80.2410583496,24827,24847,20
13.0936098099,80.2410583496,24847,24857,10
13.0934000015,80.2410125732,24857,24867,10
13.093000412,80.2409591675,24867,24877,10
13.0923204422,80.2409286499,24877,24887,10
13.0914297104,80.2408599854,24887,24898,11
13.0904197693,80.2408370972,24898,24908,10
13.0895299911,80.2411193848,24908,24918,10
13.088760376,80.2416915894,24918,24928,10
13.0880804062,80.2423095703,24928,24938,10
13.0878896713,80.243057251,24938,24948,10
13.0878000259,80.2433166504,24948,24958,10
13.087389946,80.2438278198,24958,24968,10
13.0867099762,80.2444229126,24968,24978,10
13.0860395432,80.2449569702,24978,24988,10
13.0856800079,80.2452697754,24988,24999,11
13.0856599808,80.2459487915,24999,25009,10
13.085650444,80.2465286255,25009,25019,10
13.0856599808,80.2468109131,25019,25029,10
13.0857496262,80.2473602295,25029,25039,10
13.0858097076,80.2482910156,25039,25049,10
13.0858697891,80.2494888306,25049,25059,10
13.0859098434,80.2503967285,25059,25069,10
13.0858001709,80.2511978149,25069,25079,10
13.0857200623,80.2518615723,25079,25089,10
13.0856800079,80.2523117065,25089,25100,11
13.0856399536,80.2528381348,25100,25110,10
13.0855798721,80.253578186,25110,25120,10
13.0856800079,80.254447937,25120,25130,10
13.0853996277,80.2546615601,25130,25140,10
13.0846796036,80.2546081543,25140,25150,10
13.0839996338,80.2545623779,25150,25160,10
13.0839395523,80.2545394897,25160,25170,10
13.0836801529,80.2544784546,25170,25180,10
13.0830802917,80.254447937,25180,25190,10
13.0825395584,80.254447937,25190,25200,10
13.0821199417,80.2545318604,25200,25211,11
13.0813903809,80.2548065186,25211,25221,10
13.0809898376,80.2548065186,25221,25231,10
13.080499649,80.2547683716,25231,25241,10
13.0796003342,80.2546005249,25241,25251,10
13.0789899826,80.254699707,25251,25261,10
13.0790395737,80.2551422119,25261,25271,10
13.0790700912,80.2559967041,25271,25281,10
13.0789899826,80.2566223145,25281,25291,10
13.0784902573,80.2566375732,25291,25301,10
13.0779399872,80.2566833496,25301,25312,11
13.0771799088,80.2568283081,25312,25322,10
13.0764503479,80.2573471069,25322,25332,10
13.0756702423,80.2580795288,25332,25342,10
13.0754804611,80.2584609985,25342,25352,10
13.0757598877,80.2592391968,25352,25362,10
13.0763597488,80.2599411011,25362,25372,10
13.0767498016,80.2602615356,25372,25382,10
13.0771198273,80.2606811523,25382,25392,10
13.0772800446,80.2610168457,25392,25402,10
13.0774497986,80.2613601685,25402,25413,11
13.0776700974,80.2618713379,25413,25473,60
13.0778303146,80.26222229,25473,25512,39
13.0778303146,80.26222229,25512,25524,12
13.0778999329,80.2625198364,25524,25534,10
13.07791996,80.2626113892,25534,25544,10
13.0779600143,80.2627792358,25544,25554,10
13.078040123,80.2630004883,25554,25564,10
13.0782299042,80.2633285522,25564,25574,10
13.0780897141,80.2635192871,25574,25584,10
13.0778398514,80.2636795044,25584,25594,10
13.0773801804,80.2639312744,25594,25604,10
13.0768995285,80.2640914917,25604,25614,10
13.0765304565,80.2641525269,25614,25625,11
13.0758600235,80.264213562,25625,25635,10
13.0754899979,80.2639083862,25635,25645,10
13.075050354,80.2632827759,25645,25655,10
13.0746297836,80.2627334595,25655,25665,10
13.074139595,80.2621536255,25665,25675,10
13.0737695694,80.2617034912,25675,25685,10
13.0736598969,80.2615737915,25685,25695,10
13.0734100342,80.2613830566,25695,25705,10
13.0730199814,80.2617263794,25705,25715,10
13.0727901459,80.2624969482,25715,25726,11
13.0725498199,80.2631912231,25726,25736,10
13.0721597672,80.2639694214,25736,25746,10
13.0716199875,80.2645874023,25746,25756,10
13.0715198517,80.2646865845,25756,25766,10
13.0713396072,80.2648773193,25766,25776,10
13.0709295273,80.2652816772,25776,25786,10
13.0702695847,80.2659225464,25786,25796,10
13.0696401596,80.2665786743,25796,25806,10
13.0690402985,80.2671890259,25806,25816,10
13.0687503815,80.2679901123,25816,25826,10
13.0685195923,80.2687225342,25826,25837,11
13.0683498383,80.2694396973,25837,25847,10
13.0682601929,80.2699813843,25847,25857,10
13.0681400299,80.2707901001,25857,25867,10
13.067609787,80.2707595825,25867,25877,10
13.0670204163,80.2701187134,25877,25887,10
13.0665502548,80.2694091797,25887,25897,10
13.0664196014,80.2684707642,25897,25907,10
13.0658302307,80.2677536011,25907,25917,10
13.0652599335,80.2676010132,25917,25926,9
13.0651798248,80.267578125,25926,25938,12
13.0645904541,80.2674789429,25938,25948,10
13.0638198853,80.2673187256,25948,25958,10
13.0628900528,80.2671737671,25958,25968,10
13.0622301102,80.2665176392,25968,25978,10
13.0615196228,80.2656402588,25978,25988,10
13.0608596802,80.2652206421,25988,25998,10
13.060669899,80.2653198242,25998,26008,10
13.0603504181,80.2655410767,26008,26018,10
13.0597000122,80.265586853,26018,26028,10
13.0589199066,80.2655029297,26028,26039,11
13.0581598282,80.2651062012,26039,26049,10
13.0580101013,80.2641296387,26049,26059,10
13.0578899384,80.2629623413,26059,26069,10
13.0577096939,80.2618408203,26069,26079,10
13.0574398041,80.2605819702,26079,26089,10
13.0570297241,80.2593536377,26089,26099,10
13.0567302704,80.2583007813,26099,26109,10
13.056599617,80.2576599121,26109,26119,10
13.056599617,80.2576065063,26119,26129,10
13.0565795898,80.2574920654,26129,26139,10
13.056520462,80.2573013306,26139,26150,11
13.0564098358,80.2567367554,26150,26160,10
13.0562601089,80.2563400269,26160,26170,10
13.0559396744,80.2558364868,26170,26180,10
13.0554704666,80.2552185059,26180,26190,10
13.0549001694,80.2544403076,26190,26200,10
13.0542802811,80.2536392212,26200,26210,10
13.0540800095,80.2533798218,26210,26220,10
13.053899765,80.2530670166,26220,26230,10
13.0536499023,80.2527008057,26230,26240,10
13.0532102585,80.2521133423,26240,26251,11
13.0526599884,80.2513885498,26251,26261,10
13.0521602631,80.2507400513,26261,26271,10
13.0514698029,80.2501983643,26271,26281,10
13.0505399704,80.2499313354,26281,26291,10
13.0495195389,80.2497711182,26291,26301,10
13.0487699509,80.2496871948,26301,26311,10
13.0481500626,80.2494125366,26311,26321,10
13.0475502014,80.2488708496,26321,26331,10
13.0470504761,80.2485961914,26331,26341,10
13.0469799042,80.2485961914,26341,26352,11
13.0465803146,80.2485733032,26352,26362,10
13.0458602905,80.2483901978,26362,26372,10
13.04529953,80.2481307983,26372,26382,10
13.0445899963,80.2479782104,26382,26392,10
13.0437202454,80.2478637695,26392,26402,10
13.0429697037,80.2477035522,26402,26412,10
13.0425901413,80.2476272583,26412,26422,10
13.0420598984,80.2475128174,26422,26432,10
13.0416297913,80.2474594116,26432,26441,9
13.0414800644,80.2474212646,26441,26453,12
13.0410995483,80.2472991943,26453,26463,10
13.0404195786,80.2471618652,26463,26473,10
13.039850235,80.2471237183,26473,26503,30
13.039850235,80.2471237183,26503,26513,10
13.0397701263,80.2471008301,26513,26523,10
13.0394001007,80.2470016479,26523,26533,10
13.0388402939,80.2468566895,26533,26543,10
13.0382900238,80.2467498779,26543,26553,10
13.0377101898,80.2466506958,26553,26564,11
13.0369701385,80.2465209961,26564,26574,10
13.0362596512,80.2463912964,26574,26584,10
13.0358104706,80.2462921143,26584,26594,10
13.0357599258,80.2462692261,26594,26604,10
13.0353097916,80.2460021973,26604,26624,20
13.0353097916,80.2460021973,26624,26634,10
13.0351800919,80.2459411621,26634,26644,10
13.0348396301,80.2457122803,26644,26654,10
13.0345802307,80.2453308105,26654,26665,11
13.0340795517,80.2446899414,26665,26675,10
13.0335597992,80.2441329956,26675,26685,10
13.0328702927,80.2432098389,26685,26695,10
13.0321397781,80.2422180176,26695,26705,10
13.0315999985,80.2411193848,26705,26715,10
13.0311698914,80.2401504517,26715,26745,30
13.0311698914,80.2401504517,26745,26755,10
13.0310897827,80.2399978638,26755,26766,11
13.0309200287,80.2396621704,26766,26776,10
13.0306501389,80.2391204834,26776,26786,10
13.0302400589,80.2383575439,26786,26796,10
13.0297498703,80.2375030518,26796,26806,10
13.0291099548,80.2367706299,26806,26816,10
13.0290403366,80.2367172241,26816,26826,10
13.0287799835,80.2364501953,26826,26836,10
13.0283098221,80.2359237671,26836,26846,10
13.0277996063,80.2352294922,26846,26856,10
13.0272598267,80.2342834473,26856,26866,10
13.0266895294,80.2333602905,26866,26877,11
13.0264596939,80.2329788208,26877,26887,10
13.0262699127,80.2324829102,26887,26897,10
13.0260896683,80.2316970825,26897,26907,10
13.0258598328,80.230796814,26907,26917,10
13.025349617,80.2298965454,26917,26927,10
13.0248098373,80.2292022705,26927,26937,10
13.024479866,80.2287902832,26937,26947,10
13.0240497589,80.2283172607,26947,26967,20
13.0240497589,80.2283172607,26967,26978,11
13.0238800049,80.2281036377,26978,26988,10
13.0235900879,80.2277832031,26988,26998,10
13.0233602524,80.2275619507,26998,27008,10
13.0231199265,80.2272872925,27008,27018,10
13.0226402283,80.2268218994,27018,27028,10
13.0221204758,80.2263565063,27028,27038,10
13.0215702057,80.2259216309,27038,27048,10
13.0209197998,80.2254333496,27048,27058,10
13.0199298859,80.2247924805,27058,27079,21
13.0199298859,80.2247924805,27079,27089,10
13.0198802948,80.2247695923,27089,27099,10
13.0195302963,80.2245483398,27099,27109,10
13.0188798904,80.2244567871,27109,27119,10
13.0181903839,80.2247161865,27119,27129,10
13.0173797607,80.2250595093,27129,27139,10
13.0165395737,80.225402832,27139,27149,10
13.0158596039,80.2256774902,27149,27159,10
13.0150899887,80.2259674072,27159,27169,10
13.0145301819,80.2261734009,27169,27190,21
13.0145301819,80.2261734009,27190,27200,10
13.0144300461,80.2261428833,27200,27210,10
13.0139904022,80.2263183594,27210,27220,10
13.0132398605,80.2266235352,27220,27230,10
13.0123195648,80.2269973755,27230,27240,10
13.0112104416,80.2274475098,27240,27250,10
13.0101604462,80.2279129028,27250,27260,10
13.0092601776,80.2283630371,27260,27270,10
13.0089998245,80.2293395996,27270,27280,10
13.008769989,80.2303771973,27280,27291,11
13.0085296631,80.2315292358,27291,27301,10
13.0083303452,80.2326965332,27301,27311,10
13.0082597733,80.2334976196,27311,27321,10
13.0082197189,80.2336120605,27321,27331,10
13.0081300735,80.2338485718,27331,27341,10
13.0080299377,80.2343902588,27341,27351,10
13.0078897476,80.2350769043,27351,27361,10
13.0077104568,80.2359619141,27361,27371,10
13.007519722,80.2369232178,27371,27381,10
13.0073404312,80.2378616333,27381,27392,11
13.0071496964,80.2388305664,27392,27402,10
13.0070400238,80.2395324707,27402,27412,10
13.0069904327,80.2399368286,27412,27422,10
13.0068902969,80.2405166626,27422,27442,20
13.0068902969,80.2405166626,27442,27452,10
13.0068798065,80.2406692505,27452,27462,10
13.0067796707,80.2411117554,27462,27472,10
13.0067300797,80.2419128418,27472,27482,10
13.0067195892,80.2429275513,27482,27492,10
13.0066900253,80.2435302734,27492,27503,11
13.006649971,80.2437210083,27503,27513,10
13.0066299438,80.2438964844,27513,27523,10
13.0066795349,80.2443313599,27523,27533,10
13.0066795349,80.2449264526,27533,27543,10
13.0067195892,80.2454376221,27543,27553,10
13.0067396164,80.245880127,27553,27563,10
13.0067396164,80.2459487915,27563,27573,10
13.0067300797,80.2460784912,27573,27583,10
13.0067596436,80.2463989258,27583,27593,10
13.006770134,80.2467498779,27593,27604,11
13.0067596436,80.2473907471,27604,27614,10
13.0067300797,80.2480773926,27614,27624,10
13.006770134,80.2490768433,27624,27634,10
13.0068101883,80.2503433228,27634,27644,10
13.006819725,80.2514419556,27644,27654,10
13.0066003799,80.2524108887,27654,27664,10
13.0065498352,80.2536468506,27664,27674,10
13.0066099167,80.2547607422,27674,27684,10
13.0066204071,80.2550811768,27684,27693,9
13.0066099167,80.2554092407,27693,27705,12
13.0066604614,80.2567977905,27705,27745,40
13.0066604614,80.2567977905,27745,27755,10
13.0066795349,80.2571487427,27755,27765,10
13.0066995621,80.2573165894,27765,27775,10
13.0066099167,80.2574920654,27775,27816,41
13.0066099167,80.2574920654,27816,27826,10
13.0063295364,80.257522583,27826,27836,10
13.005979538,80.2574462891,27836,27876,40
13.005979538,80.2574462891,27876,27886,10
13.0055503845,80.2573394775,27886,27896,10
13.0053300858,80.2573013306,27896,27905,9
13.0050497055,80.2572174072,27905,27917,12
13.0042495728,80.2570266724,27917,27927,10
13.0033798218,80.2568588257,27927,27937,10
13.0024499893,80.2566986084,27937,27947,10
13.0015602112,80.2565612793,27947,27957,10
13.0007801056,80.256439209,27957,27967,10
13.0000896454,80.2563171387,27967,27977,10
12.9996004105,80.2562408447,27977,27987,10
12.9994697571,80.2561798096,27987,27997,10
12.9993400574,80.2561416626,27997,28007,10
12.9990701675,80.256111145,28007,28018,11
12.9986200333,80.2560577393,28018,28028,10
12.998290062,80.2560119629,28028,28038,10
12.9982404709,80.2559814453,28038,28048,10
12.9978704453,80.2559509277,28048,28058,10
12.9975099564,80.2559204102,28058,28068,10
12.997179985,80.2559127808,28068,28078,10
12.9967899323,80.2558822632,28078,28088,10
12.9964199066,80.255897522,28088,28098,10
12.9959697723,80.2558822632,28098,28108,10
12.995470047,80.2558822632,28108,28119,11
12.9947795868,80.2558822632,28119,28129,10
12.9940900803,80.2559509277,28129,28139,10
12.993229866,80.2560195923,28139,28149,10
12.9923200607,80.2560501099,28149,28159,10
12.9914302826,80.2560501099,28159,28169,10
12.9906797409,80.2560424805,28169,28179,10
12.9904203415,80.2560119629,28179,28189,10
12.9900798798,80.2559814453,28189,28199,10
12.9895896912,80.2559814453,28199,28209,10
12.9889802933,80.2559432983,28209,28220,11
12.9883403778,80.2559127808,28220,28230,10
12.9882001877,80.2558822632,28230,28240,10
12.987859726,80.255859375,28240,28250,10
12.9877500534,80.2558822632,28250,28260,10
12.987660408,80.2560119629,28260,28270,10
12.9875898361,80.2565765381,28270,28280,10
12.9875097275,80.257270813,28280,28290,10
12.9874696732,80.258102417,28290,28300,10
12.9874200821,80.2587585449,28300,28310,10
12.9873800278,80.2591400146,28310,28320,10
12.9873199463,80.2593231201,28320,28341,21
12.9873199463,80.2593231201,28341,28351,10
12.9872503281,80.2595596313,28351,28361,10
12.9871301651,80.2595825195,28361,28371,10
12.9869604111,80.2595367432,28371,28381,10
12.986530304,80.2594528198,28381,29047,666
12.9864902496,80.2595672607,29047,29088,41
12.9864797592,80.2594680786,29088,29189,101
12.9864797592,80.2594680786,29189,29199,10
12.9866104126,80.2594833374,29199,29310,111
12.9866104126,80.2594833374,29310,29320,10
12.9865398407,80.259262085,29320,29370,50
12.9865398407,80.259262085,29370,29381,11
12.9866399765,80.2591094971,29381,29431,50
12.9870595932,80.2591171265,29431,29471,40
12.9870595932,80.2591171265,29471,29481,10
12.9873695374,80.2588806152,29481,29492,11
12.9873895645,80.2585830688,29492,29502,10
12.9874095917,80.2583618164,29502,29512,10
12.987449646,80.2577362061,29512,29522,10
12.9875097275,80.2569732666,29522,29532,10
12.9875602722,80.2564468384,29532,29542,10
12.9875898361,80.2560272217,29542,29552,10
12.9876804352,80.2557678223,29552,29581,29
12.9876804352,80.2557678223,29581,29593,12
12.9881601334,80.2557983398,29593,29623,30
12.9881601334,80.2557983398,29623,29633,10
12.9884901047,80.2558517456,29633,29643,10
12.9887199402,80.2558898926,29643,29653,10
12.9887599945,80.2558898926,29653,29663,10
12.9889001846,80.255897522,29663,29673,10
12.9892501831,80.2559509277,29673,29683,10
12.9897098541,80.2559967041,29683,29693,10
12.99036026,80.2560195923,29693,29704,11
12.9909696579,80.2560424805,29704,29714,10
12.991809845,80.256072998,29714,29724,10
12.9927396774,80.256072998,29724,29734,10
12.9934396744,80.2560195923,29734,29744,10
12.9939699173,80.2559967041,29744,29754,10
12.9944095612,80.2559661865,29754,29764,10
12.99477005,80.2559432983,29764,29774,10
12.9951496124,80.2559432983,29774,29835,61
12.9951496124,80.2559432983,29835,29845,10
12.9953699112,80.2558898926,29845,29855,10
12.9957895279,80.255897522,29855,29865,10
12.9963197708,80.255897522,29865,29875,10
12.9967803955,80.2558898926,29875,29916,41
12.9967803955,80.2558898926,29916,29926,10
12.9970397949,80.2558822632,29926,29936,10
12.9974403381,80.255897522,29936,29946,10
12.9982099533,80.2559814453,29946,29956,10
12.9989500046,80.2560501099,29956,29976,20
12.9989500046,80.2560501099,29976,29986,10
12.9991102219,80.2560577393,29986,29996,10
12.9994297028,80.2561264038,29996,30006,10
12.9999504089,80.2562332153,30006,30017,11
13.0003499985,80.2563095093,30017,30027,10
13.0008602142,80.2563934326,30027,30037,10
13.0012397766,80.2564468384,30037,30047,10
13.0016202927,80.2565383911,30047,30057,10
13.0021295547,80.2566070557,30057,30067,10
13.0026197433,80.2567062378,30067,30077,10
13.0032396317,80.2568283081,30077,30087,10
13.0038700104,80.2569503784,30087,30097,10
13.0044698715,80.2570571899,30097,30107,10
13.0050296783,80.2571563721,30107,30118,11
13.0056295395,80.2572937012,30118,30128,10
13.0060501099,80.2574005127,30128,30178,50
13.0060501099,80.2574005127,30178,30188,10
13.006360054,80.2574615479,30188,30198,10
13.0063695908,80.2574691772,30198,30208,10
13.0065803528,80.2574462891,30208,30218,10
13.0065498352,80.2570037842,30218,30229,11
13.0065097809,80.2561416626,30229,30239,10
13.0065202713,80.2552108765,30239,30248,9
13.0065202713,80.2542495728,30248,30259,11
13.006480217,80.2532196045,30259,30269,10
13.0064897537,80.2531509399,30269,30279,10
13.0065097809,80.2529602051,30279,30290,11
13.0065402985,80.2524185181,30290,30300,10
13.0066204071,80.2520065308,30300,30310,10
13.0066900253,80.2516784668,30310,30320,10
13.0067796707,80.2509765625,30320,30331,11
13.0067596436,80.2500534058,30331,30341,10
13.0067396164,80.2492523193,30341,30349,8
13.0067396164,80.2490463257,30349,30452,103
13.0067396164,80.2490463257,30452,30462,10
13.0067300797,80.2488937378,30462,30472,10
13.0066995621,80.248626709,30472,30482,10
13.0066795349,80.2484283447,30482,30492,10
13.0066699982,80.2482223511,30492,30502,10
13.0066604614,80.2481384277,30502,30512,10
13.006649971,80.2478790283,30512,30616,104
13.006649971,80.2478790283,30616,30626,10
13.0066299438,80.2476501465,30626,30636,10
13.0066604614,80.247177124,30636,30647,11
13.0065898895,80.2464981079,30647,30667,20
13.0065898895,80.2464981079,30667,30677,10
13.0066604614,80.2462234497,30677,30687,10
13.006649971,80.2456665039,30687,30697,10
13.006649971,80.244972229,30697,30707,10
13.006649971,80.2443771362,30707,30717,10
13.0066204071,80.2438812256,30717,30727,10
13.0065898895,80.2433013916,30727,30737,10
13.0065603256,80.2425613403,30737,30746,9
13.0065603256,80.2416992188,30746,30758,12
13.0066604614,80.2407531738,30758,30798,40
13.0066604614,80.2407531738,30798,30808,10
13.0066795349,80.2406463623,30808,30818,10
13.0067501068,80.2402496338,30818,30828,10
13.0068798065,80.2397003174,30828,30838,10
13.0070295334,80.2389221191,30838,30848,10
13.0071697235,80.2381591797,30848,30859,11
13.0073204041,80.2375335693,30859,30869,10
13.0074100494,80.2369537354,30869,30879,10
13.0074100494,80.236869812,30879,30889,10
13.0074701309,80.236656189,30889,30899,10
13.0075798035,80.2362594604,30899,30909,10
13.0076799393,80.2358016968,30909,30919,10
13.0077800751,80.2353897095,30919,30929,10
13.0079097748,80.2347869873,30929,30939,10
13.0080900192,80.2339706421,30939,30949,10
13.0082998276,80.2329025269,30949,30961,12
13.008600235,80.2313690186,30961,30971,10
13.0088500977,80.2300567627,30971,30981,10
13.0090999603,80.2287979126,30981,30991,10
13.0094604492,80.2276229858,30991,31001,10
13.009929657,80.226600647,31001,31011,10
13.0104598999,80.2255020142,31011,31021,10
13.0108203888,80.2246627808,31021,31031,10
13.0110301971,80.2241897583,31031,31041,10
13.0112104416,80.2237701416,31041,31051,10
13.0114898682,80.2231369019,31051,31062,11
13.0117998123,80.2222290039,31062,31072,10
13.0120296478,80.2216567993,31072,31082,10
13.0122995377,80.2214813232,31082,31092,10
13.012550354,80.2217788696,31092,31101,9
13.0127897263,80.2221374512,31101,31111,10
13.0130701065,80.2224578857,31111,31122,11
13.0136203766,80.2230606079,31122,31132,10
13.0140304565,80.2234115601,31132,31142,10
13.0142097473,80.2235565186,31142,31152,10
13.0143995285,80.2238311768,31152,31162,10
13.0149202347,80.2244567871,31162,31173,11
13.0154495239,80.2249298096,31173,31193,20
13.0155200958,80.2251281738,31193,31213,20
13.0155200958,80.2251281738,31213,31223,10
13.0157499313,80.2252426147,31223,31233,10
13.016169548,80.2253723145,31233,31243,10
13.0167703629,80.2252426147,31243,31253,10
13.0173301697,80.2249984741,31253,31263,10
13.0177402496,80.2248077393,31263,31304,41
13.0177402496,80.2248077393,31304,31314,10
13.0179700851,80.2247314453,31314,31324,10
13.0183801651,80.2245635986,31324,31334,10
13.0188598633,80.2244033813,31334,31344,10
13.0192499161,80.2243423462,31344,31445,101
13.0192499161,80.2243423462,31445,31455,10
13.0195102692,80.224357605,31455,31465,10
13.0198001862,80.2245635986,31465,31474,9
13.0201501846,80.224822998,31474,31486,12
13.0206604004,80.2251968384,31486,31496,10
13.0210399628,80.2255325317,31496,31506,10
13.0214796066,80.2258834839,31506,31516,10
13.022069931,80.2263183594,31516,31526,10
13.0227203369,80.2268829346,31526,31536,10
13.0231704712,80.2273025513,31536,31546,10
13.0235204697,80.2276229858,31546,31556,10
13.023850441,80.2278823853,31556,31566,10
13.0241603851,80.2282104492,31566,31576,10
13.0243797302,80.2285003662,31576,31586,10
13.024600029,80.2288208008,31586,31597,11
13.0248403549,80.2291717529,31597,31607,10
13.0251502991,80.2295608521,31607,31617,10
13.0254898071,80.2300033569,31617,31637,20
13.0254898071,80.2300033569,31637,31647,10
13.0256996155,80.2303314209,31647,31657,10
13.0258703232,80.2306671143,31657,31667,10
13.0259599686,80.2309799194,31667,31677,10
13.0260095596,80.231300354,31677,31687,10
13.0261001587,80.2316207886,31687,31698,11
13.026260376,80.2321777344,31698,31708,10
13.0265197754,80.2328720093,31708,31718,10
13.0269498825,80.2335891724,31718,31728,10
13.0273895264,80.2343063354,31728,31738,10
13.0277500153,80.2349624634,31738,31748,10
13.0281200409,80.2355575562,31748,31758,10
13.028670311,80.2361602783,31758,31768,10
13.0291996002,80.2367172241,31768,31778,10
13.0294799805,80.2370986938,31778,31809,31
13.0294799805,80.2370986938,31809,31819,10
13.0293998718,80.2373504639,31819,31829,10
13.0296001434,80.2375793457,31829,31839,10
13.0296602249,80.2375793457,31839,31849,10
13.0298900604,80.2377700806,31849,31859,10
13.0301799774,80.2382278442,31859,31869,10
13.030579567,80.2388687134,31869,31879,10
13.0310001373,80.2395629883,31879,31912,33
13.0310001373,80.2395629883,31912,31922,10
13.0310096741,80.2396621704,31922,31932,10
13.031080246,80.2398300171,31932,31942,10
13.0311803818,80.2399597168,31942,31951,9
13.0313596725,80.2401885986,31951,31962,11
13.0314302444,80.2407684326,31962,31972,10
13.03166008,80.2412414551,31972,31982,10
13.0319404602,80.2418212891,31982,31992,10
13.032409668,80.2424468994,31992,32001,9
13.0327997208,80.2430267334,32001,32013,12
13.0334596634,80.2439193726,32013,32023,10
13.0340499878,80.2447433472,32023,32031,8
13.0344600677,80.245262146,32031,32043,12
13.0351800919,80.2460098267,32043,32053,10
13.0357704163,80.2461929321,32053,32073,20
13.0357704163,80.2461929321,32073,32080,7
13.0358495712,80.2462463379,32080,32093,13
13.0365400314,80.2464370728,32093,32103,10
13.0372600555,80.2465209961,32103,32114,11
13.0377998352,80.2464981079,32114,32124,10
13.0384998322,80.2466888428,32124,32134,10
13.0392398834,80.2469024658,32134,32144,10
13.0400495529,80.2470321655,32144,32154,10
13.0409097672,80.2471923828,32154,32174,20
13.0409097672,80.2471923828,32174,32184,10
13.0409202576,80.2471694946,32184,32194,10
13.0413103104,80.2472610474,32194,32204,10
13.0419397354,80.2474136353,32204,32214,10
13.0426101685,80.2476196289,32214,32225,11
13.0435304642,80.2478637695,32225,32235,10
13.0441799164,80.2478027344,32235,32245,10
13.044839859,80.2479629517,32245,32255,10
13.0452604294,80.2482299805,32255,32265,10
13.045920372,80.2484817505,32265,32275,10
13.0469903946,80.2484207153,32275,32295,20
13.0469903946,80.2484207153,32295,32305,10
13.04708004,80.2485122681,32305,32315,10
13.0474300385,80.2486877441,32315,32326,11
13.0479898453,80.2492523193,32326,32336,10
13.0486402512,80.2497024536,32336,32346,10
13.0493803024,80.2497711182,32346,32356,10
13.0501899719,80.2499237061,32356,32366,10
13.0509996414,80.2500762939,32366,32376,10
13.0517101288,80.2503967285,32376,32386,10
13.0523395538,80.2510299683,32386,32395,9
13.0528898239,80.2517700195,32395,32406,11
13.0535097122,80.2526016235,32406,32416,10
13.0539798737,80.2532730103,32416,32426,10
13.0544900894,80.2539520264,32426,32437,11
13.0549898148,80.2546005249,32437,32447,10
13.055439949,80.2552032471,32447,32457,10
13.0558099747,80.2557220459,32457,32467,10
13.0560598373,80.2560424805,32467,32477,10
13.0563097,80.2563705444,32477,32487,10
13.0567502975,80.2568435669,32487,32507,20
13.0567502975,80.2568435669,32507,32517,10
13.056810379,80.2569732666,32517,32526,9
13.0571699142,80.2572784424,32526,32538,12
13.057510376,80.25756073,32538,32548,10
13.05768013,80.2576980591,32548,32558,10
13.057970047,80.2580795288,32558,32568,10
13.0583295822,80.2585983276,32568,32578,10
13.0588798523,80.2591705322,32578,32588,10
13.0592298508,80.2597885132,32588,32596,8
13.0596599579,80.2601928711,32596,32608,12
13.0603199005,80.2608108521,32608,32618,10
13.0607004166,80.2613067627,32618,32628,10
13.0607299805,80.2613372803,32628,32637,9
13.060839653,80.2615509033,32637,32649,12
13.061249733,80.2621078491,32649,32659,10
13.0617198944,80.2626571655,32659,32669,10
13.062330246,80.263343811,32669,32679,10
13.0629501343,80.2640075684,32679,32689,10
13.0631504059,80.264251709,32689,32699,10
13.0633296967,80.2645874023,32699,32709,10
13.0637197495,80.2651977539,32709,32719,10
13.064160347,80.2657699585,32719,32729,10
13.0646600723,80.2664337158,32729,32739,10
13.0651798248,80.2669677734,32739,32750,11
13.065870285,80.2676391602,32750,32760,10
13.0664300919,80.2682800293,32760,32790,30
13.0664300919,80.2682800293,32790,32800,10
13.0667104721,80.2684173584,32800,32810,10
13.0671195984,80.2686386108,32810,32820,10
13.067150116,80.268661499,32820,32830,10
13.0673503876,80.2687835693,32830,32840,10
13.0677900314,80.2690734863,32840,32850,10
13.0682697296,80.2693099976,32850,32861,11
13.0684204102,80.2690429688,32861,32871,10
13.0685901642,80.2684936523,32871,32881,10
13.068860054,80.2677230835,32881,32892,11
13.0692100525,80.2670593262,32892,32902,10
13.0698404312,80.2664489746,32902,32912,10
13.0704498291,80.265838623,32912,32922,10
13.0705003738,80.2657928467,32922,32932,10
13.0706796646,80.2656097412,32932,32941,9
13.0710496902,80.2652206421,32941,32951,10
13.071559906,80.2646636963,32951,32961,10
13.0720701218,80.2640762329,32961,32972,11
13.0724697113,80.2632980347,32972,32983,11
13.0727300644,80.2625808716,32983,32992,9
13.0728797913,80.2620162964,32992,33003,11
13.0729103088,80.2619400024,33003,33013,10
13.0728998184,80.2619018555,33013,33022,9
13.0730400085,80.2615814209,33022,33032,10
13.0730695724,80.2611999512,33032,33043,11
13.0731096268,80.2607498169,33043,33052,9
13.0733604431,80.2604904175,33052,33064,12
13.0736398697,80.2599411011,33064,33074,10
13.0740203857,80.2593994141,33074,33084,10
13.0745401382,80.2589187622,33084,33092,8
13.0749597549,80.2585678101,33092,33104,12
13.0756502151,80.2580184937,33104,33134,30
13.0756502151,80.2580184937,33134,33144,10
13.0758800507,80.2578582764,33144,33152,8
13.0761899948,80.2575912476,33152,33164,12
13.0766897202,80.2571182251,33164,33174,10
13.0771999359,80.2568206787,33174,33185,11
13.0780601501,80.256652832,33185,33195,10
13.0789699554,80.2565383911,33195,33205,10
13.0790300369,80.2559661865,33205,33215,10
13.0789604187,80.2551727295,33215,33225,10
13.0789403915,80.2547531128,33225,33255,30
13.0789403915,80.2547531128,33255,33265,10
13.0791196823,80.2545471191,33265,33276,11
13.0796098709,80.2545166016,33276,33286,10
13.0798797607,80.2546005249,33286,33296,10
13.0800104141,80.2546463013,33296,33306,10
13.0803403854,80.254699707,33306,33316,10
13.0807800293,80.2547988892,33316,33326,10
13.0812797546,80.2548217773,33326,33336,10
13.0817098618,80.2545776367,33336,33346,10
13.0818195343,80.2541503906,33346,33356,10
13.0818796158,80.2535171509,33356,33366,10
13.0817899704,80.2528610229,33366,33377,11
13.0815000534,80.2522964478,33377,33387,10
13.0813999176,80.2516937256,33387,33397,10
13.0813703537,80.2510910034,33397,33407,10
13.0813503265,80.250617981,33407,33417,10
13.0813102722,80.2500762939,33417,33427,10
13.0815601349,80.2496414185,33427,33437,10
13.0821800232,80.249710083,33437,33447,10
13.0827503204,80.249786377,33447,33457,10
13.0833301544,80.2498931885,33457,33467,10
13.0840101242,80.2500076294,33467,33477,10
13.0846595764,80.2501068115,33477,33488,11
13.0847301483,80.2501525879,33488,33498,10
13.0850000381,80.2502365112,33498,33508,10
13.0855798721,80.2503204346,33508,33518,10
13.0859203339,80.250289917,33518,33528,10
13.0859003067,80.249786377,33528,33538,10
13.0858802795,80.2489395142,33538,33548,10
13.0858297348,80.2481918335,33548,33558,10
13.0858402252,80.2472915649,33558,33568,10
13.0857801437,80.246673584,33568,33579,11
13.0857696533,80.2465667725,33579,33590,11
13.0857200623,80.2460479736,33590,33600,10
13.0856704712,80.2456512451,33600,33751,151
13.0856704712,80.2456512451,33751,33761,10
13.0856895447,80.2453384399,33761,33771,10
13.0857601166,80.2451324463,33771,33781,10
13.0861196518,80.2448577881,33781,33791,10
13.0866098404,80.244468689,33791,33803,12
13.0873298645,80.2438583374,33803,33813,10
13.0877399445,80.2433929443,33813,33823,10
13.0878696442,80.2430801392,33823,33833,10
13.08796978,80.2424468994,33833,33841,8
13.088470459,80.241859436,33841,33871,30
13.088470459,80.241859436,33871,33883,12
13.0886001587,80.2417984009,33883,33893,10
13.088760376,80.2416992188,33893,33902,9
13.0892095566,80.2413711548,33902,33914,12
13.0899896622,80.2408905029,33914,33924,10
13.0908098221,80.2408294678,33924,33932,8
13.091460228,80.2408599854,33932,33942,10
13.0921897888,80.2409133911,33942,33954,12
13.0928602219,80.2409286499,33954,33964,10
13.0936002731,80.2410430908,33964,33972,8
13.0941696167,80.2411270142,33972,33982,10
13.0943698883,80.2411575317,33982,33993,11
13.0946702957,80.2412414551,33993,34003,10
13.0955200195,80.2414703369,34003,34055,52
13.0955200195,80.2414703369,34055,34065,10
13.0957098007,80.2415924072,34065,34075,10
13.0958795547,80.2416610718,34075,34085,10
13.0963497162,80.2417907715,34085,34093,8
13.0970697403,80.2420425415,34093,34166,73
13.0970697403,80.2420425415,34166,34176,10
13.0974597931,80.2421417236,34176,34186,10
13.0979604721,80.2422485352,34186,34196,10
13.0984401703,80.2423171997,34196,34206,10
13.0986003876,80.2423019409,34206,34216,10
13.0986995697,80.2422714233,34216,34227,11
13.0987596512,80.2420578003,34227,34237,10
13.0986404419,80.2418289185,34237,34247,10
13.0984897614,80.2421035767,34247,34408,161
13.098449707,80.2423629761,34408,34740,332
13.098449707,80.2423629761,34740,34752,12
13.0980901718,80.2422409058,34752,34762,10
13.0977602005,80.2422027588,34762,34782,20
13.0977602005,80.2422027588,34782,34792,10
13.0974798203,80.2421722412,34792,34802,10
13.0972099304,80.2420730591,34802,34812,10
13.0969495773,80.2419662476,34812,34822,10
13.0969295502,80.2419586182,34822,34833,11
13.0966701508,80.241897583,34833,34892,59
13.0966701508,80.241897583,34892,34902,10
13.096329689,80.2417297363,34902,34914,12
13.0960998535,80.2416992188,34914,34953,39
13.0960998535,80.2416992188,34953,34963,10
13.0955896378,80.2414932251,34963,34975,12
13.0953798294,80.2414093018,34975,34985,10
13.0951499939,80.2413330078,34985,34995,10
13.0947504044,80.2412109375,34995,35003,8
13.094499588,80.2411499023,35003,35013,10
13.0938796997,80.2410812378,35013,35023,10
13.0936098099,80.2410507202,35023,35033,10
13.0935697556,80.2410736084,35033,35043,10
13.0931901932,80.2409973145,35043,35055,12
13.0927000046,80.2409286499,35055,35066,11
13.0924196243,80.2409210205,35066,35076,10
13.0919599533,80.2408905029,35076,35086,10
13.091219902,80.240852356,35086,35096,10
13.0903100967,80.2408599854,35096,35106,10
13.0895795822,80.2410964966,35106,35116,10
13.0889797211,80.2415313721,35116,35126,10
13.0884599686,80.2418823242,35126,35136,10
13.0880203247,80.2423934937,35136,35146,10
13.08796978,80.2426986694,35146,35156,10
13.08796978,80.2427062988,35156,35166,10
13.0879402161,80.2427825928,35166,35177,11
13.0878801346,80.2431030273,35177,35237,60
13.0878801346,80.2431030273,35237,35247,10
13.0878295898,80.2433624268,35247,35257,10
13.0877304077,80.2435073853,35257,35267,10
13.0876302719,80.2436294556,35267,35278,11
13.0874595642,80.2438201904,35278,35288,10
13.0872297287,80.2439880371,35288,35298,10
13.0867595673,80.244392395,35298,35308,10
13.0859003067,80.2450637817,35308,35348,40
13.0859003067,80.2450637817,35348,35358,10
13.0857000351,80.2453765869,35358,35368,10
13.0857000351,80.2458724976,35368,35377,9
13.0857095718,80.2467727661,35377,35409,32
13.0857095718,80.2467727661,35409,35419,10
13.0858097076,80.247177124,35419,35429,10
13.0858201981,80.2478485107,35429,35439,10
13.0858802795,80.2486877441,35439,35449,10
13.0859298706,80.2496871948,35449,35459,10
13.085940361,80.2503204346,35459,35469,10
13.0859098434,80.250617981,35469,35479,10
13.0858201981,80.2510986328,35479,35490,11
13.0857496262,80.2517623901,35490,35500,10
13.0856895447,80.2522201538,35500,35510,10
13.0856399536,80.2527008057,35510,35520,10
13.0856304169,80.2529296875,35520,35530,10
13.0855903625,80.253112793,35530,35540,10
13.0855903625,80.2532730103,35540,35550,10
13.0855703354,80.2535095215,35550,35560,10
13.0855903625,80.2538299561,35560,35570,10
13.0856199265,80.2542037964,35570,35580,10
13.0855798721,80.2546386719,35580,35591,11
13.0851402283,80.2546691895,35591,35601,10
13.0846300125,80.2546386719,35601,35611,10
13.0841398239,80.2545776367,35611,35621,10
13.0839796066,80.2545471191,35621,35631,10
13.0838899612,80.2545089722,35631,35641,10
13.0835695267,80.2544784546,35641,35651,10
13.0830097198,80.2544708252,35651,35661,10
13.0824804306,80.2544326782,35661,35671,10
13.0820598602,80.2545089722,35671,35681,10
13.0815601349,80.2547531128,35681,35691,10
13.0809803009,80.2547836304,35691,35702,11
13.0809202194,80.2547607422,35702,35712,10
13.0805902481,80.2546768188,35712,35722,10
13.0800304413,80.2546234131,35722,35732,10
13.0795202255,80.2545776367,35732,35742,10
13.0791902542,80.2546386719,35742,35762,20
13.0789604187,80.2545318604,35762,35802,40
13.0789604187,80.2545318604,35802,35813,11
13.0789403915,80.2546920776,35813,35823,10
13.0790195465,80.2551727295,35823,35833,10
13.0791196823,80.2563171387,35833,35853,20
13.0791196823,80.2563171387,35853,35864,11
13.0789403915,80.2566680908,35864,35873,9
13.0785598755,80.2566604614,35873,35883,10
13.0780601501,80.2566604614,35883,35893,10
13.0775299072,80.256729126,35893,35904,11
13.0768995285,80.2569885254,35904,35913,9
13.0762796402,80.257522583,35913,35923,10
13.0756998062,80.2580566406,35923,35933,10
13.0755300522,80.258430481,35933,35945,12
13.0756597519,80.2590637207,35945,35955,10
13.0759897232,80.2595596313,35955,35964,9
13.0764598846,80.2600021362,35964,35974,10
13.0768604279,80.2603988647,35974,35985,11
13.0772895813,80.2609405518,35985,35994,9
13.0775003433,80.2613983154,35994,36004,10
13.0777997971,80.2621917725,36004,36044,40
13.0777997971,80.2621917725,36044,36056,12
13.0778503418,80.2624435425,36056,36064,8
13.0778999329,80.2626419067,36064,36074,10
13.0779695511,80.2628936768,36074,36086,12
13.0780897141,80.2632217407,36086,36094,8
13.0780801773,80.2633590698,36094,36104,10
13.0778999329,80.2635574341,36104,36114,10
13.0775499344,80.2638168335,36114,36127,13
13.0769395828,80.2640762329,36127,36137,10
13.0763502121,80.2641372681,36137,36147,10
13.0758304596,80.2641677856,36147,36157,10
13.0754499435,80.2637329102,36157,36167,10
13.075050354,80.2632064819,36167,36177,10
13.0747299194,80.2627716064,36177,36187,10
13.0744400024,80.2624816895,36187,36197,10
13.0740604401,80.2620315552,36197,36207,10
13.0737304688,80.2616271973,36207,36214,7
13.0737199783,80.2616119385,36214,36227,13
13.0735702515,80.2614822388,36227,36238,11
13.0731496811,80.2613983154,36238,36248,10
13.0729398727,80.26197052,36248,36258,10
13.0727100372,80.2625732422,36258,36268,10
13.0724802017,80.2632980347,36268,36278,10
13.0721998215,80.263961792,36278,36288,10
13.0718402863,80.2643737793,36288,36298,10
13.0715303421,80.2646484375,36298,36308,10
13.071439743,80.2646484375,36308,36318,10
13.0712499619,80.2649917603,36318,36328,10
13.0710000992,80.26537323,36328,36339,11
13.0705404282,80.2659301758,36339,36349,10
13.0698900223,80.2665176392,36349,36359,10
13.0694503784,80.2669219971,36359,36369,10
13.0690898895,80.2673187256,36369,36379,10
13.068810463,80.267868042,36379,36389,10
13.0686798096,80.2682418823,36389,36399,10
13.0685501099,80.2685623169,36399,36409,10
13.0684299469,80.268989563,36409,36419,10
13.0683298111,80.2694473267,36419,36429,10
13.0682601929,80.2696990967,36429,36440,11
13.0681695938,80.2702178955,36440,36450,10
13.0679597855,80.270942688,36450,36470,20
13.0679597855,80.270942688,36470,36480,10
13.0676803589,80.2708206177,36480,36490,10
13.0672502518,80.2704467773,36490,36500,10
13.0671396255,80.2703323364,36500,36510,10
13.0668401718,80.2699966431,36510,36520,10
13.0665597916,80.2694396973,36520,36530,10
13.0665302277,80.2687683105,36530,36540,10
13.066160202,80.268081665,36540,36551,11
13.0657196045,80.2676467896,36551,36581,30
13.0657196045,80.2676467896,36581,36591,10
13.0654802322,80.2676086426,36591,36601,10
13.0649900436,80.2675476074,36601,36621,20
13.0649900436,80.2675476074,36621,36631,10
13.0648899078,80.2675170898,36631,36641,10
13.0644798279,80.2674713135,36641,36652,11
13.0639696121,80.2673797607,36652,36662,10
13.0633401871,80.2672729492,36662,36672,10
13.0627298355,80.2670822144,36672,36682,10
13.0623102188,80.2665634155,36682,36692,10
13.061829567,80.2659835815,36692,36702,10
13.0613498688,80.2654037476,36702,36712,10
13.0609397888,80.2651596069,36712,36722,10
13.0604000092,80.2654724121,36722,36732,10
13.0603103638,80.2655181885,36732,36742,10
13.0601301193,80.2655715942,36742,36752,10
13.0596103668,80.2655715942,36752,36763,11
13.0587902069,80.2654495239,36763,36773,10
13.0581903458,80.2651367188,36773,36783,10
13.0580596924,80.2643814087,36783,36793,10
13.0580301285,80.2634887695,36793,36803,10
13.0578403473,80.2626266479,36803,36813,10
13.0577201843,80.2618789673,36813,36823,10
13.0576400757,80.2612686157,36823,36833,10
13.0574502945,80.2607269287,36833,36843,10
13.0572099686,80.2600326538,36843,36853,10
13.0569896698,80.2593002319,36853,36864,11
13.0567798615,80.2585220337,36864,36874,10
13.0566596985,80.257850647,36874,36884,10
13.0565299988,80.2572021484,36884,36895,11
13.0565004349,80.2571411133,36895,36904,9
13.0564699173,80.2570037842,36904,36914,10
13.0564002991,80.2567062378,36914,36924,10
13.056139946,80.2562179565,36924,36934,10
13.0557098389,80.2555618286,36934,36945,11
13.0551099777,80.254699707,36945,36955,10
13.0545396805,80.2540206909,36955,36966,11
13.0541696548,80.2535400391,36966,36977,11
13.0541400909,80.2534790039,36977,36987,10
13.0539197922,80.2531661987,36987,36997,10
13.0536899567,80.2527694702,36997,37007,10
13.0533704758,80.2523193359,37007,37017,10
13.0528802872,80.2516784668,37017,37027,10
13.0523996353,80.2510375977,37027,37037,10
13.051779747,80.2503890991,37037,37047,10
13.050860405,80.2499923706,37047,37056,9
13.0497999191,80.249786377,37056,37067,11
13.0486297607,80.2496566772,37067,37078,11
13.0477199554,80.2490386963,37078,37088,10
13.0471696854,80.248626709,37088,37098,10
13.0469398499,80.2485809326,37098,37108,10
13.0468196869,80.2485580444,37108,37118,10
13.046330452,80.2484588623,37118,37128,10
13.0456800461,80.2483291626,37128,37138,10
13.0451402664,80.2481384277,37138,37148,10
13.0447797775,80.2480621338,37148,37158,10
13.0443296432,80.2479782104,37158,37168,10
13.0441198349,80.2479171753,37168,37177,9
13.0438098907,80.2478713989,37177,37189,12
13.0433301926,80.2477798462,37189,37199,10
13.0428104401,80.2477111816,37199,37209,10
13.0422096252,80.2476425171,37209,37219,10
13.041680336,80.2474975586,37219,37229,10
13.0416002274,80.2474136353,37229,37239,10
13.0411500931,80.2472991943,37239,37249,10
13.0404195786,80.2471618652,37249,37259,10
13.0398797989,80.2470703125,37259,37310,51
13.0398797989,80.2470703125,37310,37320,10
13.0396699905,80.2469863892,37320,37330,10
13.0392398834,80.2469024658,37330,37340,10
13.0386896133,80.2468414307,37340,37350,10
13.0382299423,80.246711731,37350,37360,10
13.037730217,80.2466430664,37360,37370,10
13.0370798111,80.2465209961,37370,37380,10
13.036529541,80.246421814,37380,37391,11
13.0363998413,80.246421814,37391,37401,10
13.0361204147,80.2463378906,37401,37411,10
13.0357198715,80.2462310791,37411,37421,10
13.0353603363,80.2460479736,37421,37431,10
13.0351104736,80.2460021973,37431,37441,10
13.0350704193,80.2459793091,37441,37451,10
13.0348701477,80.2457580566,37451,37461,10
13.0347299576,80.245552063,37461,37471,10
13.0343799591,80.2450790405,37471,37481,10
13.033949852,80.2446136475,37481,37491,10
13.0334701538,80.2440414429,37491,37502,11
13.0327796936,80.2431335449,37502,37512,10
13.032409668,80.2426223755,37512,37542,30
13.032409668,80.2426223755,37542,37552,10
13.0323696136,80.242477417,37552,37562,10
13.0322799683,80.2423477173,37562,37572,10
13.0320901871,80.2421417236,37572,37582,10
13.0318698883,80.2417297363,37582,37592,10
13.0314502716,80.240852356,37592,37714,122
13.0314502716,80.240852356,37714,37724,10
13.0314502716,80.2407226563,37724,37734,10
13.03125,80.2403335571,37734,37744,10
13.0309801102,80.2396697998,37744,37754,10
13.0306501389,80.2390289307,37754,37764,10
13.0302495956,80.238319397,37764,37774,10
13.029800415,80.2375488281,37774,37784,10
13.0291900635,80.2367782593,37784,37794,10
13.0284500122,80.2359924316,37794,37805,11
13.0277996063,80.2351837158,37805,37814,9
13.0273895264,80.2344818115,37814,37826,12
13.027009964,80.2338409424,37826,37836,10
13.0267696381,80.2334823608,37836,37846,10
13.0265703201,80.2331619263,37846,37856,10
13.0263204575,80.2326126099,37856,37864,8
13.0261497498,80.2320632935,37864,37876,12
13.0260000229,80.2315673828,37876,37885,9
13.0258703232,80.2311325073,37885,37895,10
13.0255699158,80.2303466797,37895,37905,10
13.0250196457,80.2295379639,37905,37915,10
13.0246200562,80.2290420532,37915,37925,10
13.0244102478,80.2287826538,37925,37935,10
13.0240898132,80.2284011841,37935,37945,10
13.0239601135,80.2282333374,37945,37955,10
13.0239496231,80.2282104492,37955,37965,10
13.0237102509,80.2279205322,37965,37975,10
13.0233001709,80.2275085449,37975,37985,10
13.0228099823,80.2269973755,37985,37995,10
13.0221595764,80.2264328003,37995,38007,12
13.0212898254,80.225730896,38007,38015,8
13.0208501816,80.2253875732,38015,38028,13
13.0205202103,80.225189209,38028,38038,10
13.0200796127,80.2248916626,38038,38048,10
13.0195198059,80.2245483398,38048,38058,10
13.0187301636,80.2245178223,38058,38068,10
13.0178804398,80.224861145,38068,38078,10
13.0171298981,80.2251663208,38078,38088,10
13.0166797638,80.2253570557,38088,38098,10
13.0164604187,80.2254486084,38098,38108,10
13.0160903931,80.2255783081,38108,38118,10
13.0154495239,80.2257919312,38118,38128,10
13.0150699615,80.225982666,38128,38139,11
13.0149698257,80.2260284424,38139,38149,10
13.0145702362,80.2261734009,38149,38159,10
13.0142002106,80.2263183594,38159,38169,10
13.0140695572,80.2263565063,38169,38179,10
13.0135097504,80.2265625,38179,38189,10
13.0127296448,80.2268600464,38189,38199,10
13.0117998123,80.2272262573,38199,38209,10
13.0108804703,80.2276077271,38209,38219,10
13.0100498199,80.2279434204,38219,38229,10
13.0092401505,80.2283706665,38229,38240,11
13.0089502335,80.2294769287,38240,38250,10
13.0087203979,80.2306976318,38250,38260,10
13.008480072,80.2319030762,38260,38270,10
13.0082998276,80.2328567505,38270,38280,10
13.0082502365,80.2335662842,38280,38330,50
13.0082502365,80.2335662842,38330,38340,10
13.0081195831,80.2338027954,38340,38351,11
13.0080604553,80.2341308594,38351,38361,10
13.0079603195,80.2346115112,38361,38371,10
13.0079097748,80.2348403931,38371,38381,10
13.0078401566,80.2351379395,38381,38401,20
13.0078401566,80.2351379395,38401,38411,10
13.0077600479,80.235496521,38411,38421,10
13.0076799393,80.2359390259,38421,38431,10
13.0075998306,80.2363586426,38431,38440,9
13.0075397491,80.236618042,38440,38452,12
13.0074996948,80.2368621826,38452,38462,10
13.0074300766,80.2372131348,38462,38472,10
13.007349968,80.2376708984,38472,38482,10
13.0072803497,80.2383880615,38482,38492,10
13.0071201324,80.2390975952,38492,38603,111
13.0071201324,80.2390975952,38603,38613,10
13.0070199966,80.2395172119,38613,38623,10
13.0068902969,80.2400970459,38623,38633,10
13.0067996979,80.2405929565,38633,38643,10
13.0067996979,80.2406768799,38643,38653,10
13.0067796707,80.2409973145,38653,38664,11
13.0067796707,80.2418365479,38664,38674,10
13.0067396164,80.2428817749,38674,38704,30
13.0067396164,80.2428817749,38704,38714,10
13.0067396164,80.2430419922,38714,38724,10
13.0067501068,80.2434387207,38724,38734,10
13.0066995621,80.243812561,38734,38744,10
13.0066900253,80.2442321777,38744,38754,10
13.0067100525,80.2446212769,38754,38764,10
13.0067195892,80.2450790405,38764,38774,10
13.0067596436,80.2456207275,38774,38786,12
13.0067996979,80.2463378906,38786,38797,11
13.0068101883,80.2470169067,38797,38806,9
13.0067300797,80.2477111816,38806,38816,10
13.0067501068,80.2486572266,38816,38826,10
13.0067796707,80.2497329712,38826,38836,10
13.0068101883,80.2506866455,38836,38846,10
13.0067996979,80.2512283325,38846,38855,9
13.0067195892,80.251663208,38855,38866,11
13.0065603256,80.2525100708,38866,38878,12
13.006529808,80.2538223267,38878,38888,10
13.0065803528,80.254737854,38888,38898,10
13.0066003799,80.255317688,38898,38908,10
13.0065803528,80.2561187744,38908,38918,10
13.0066003799,80.2568206787,38918,38958,40
13.0066003799,80.2568206787,38958,38968,10
13.006649971,80.2570037842,38968,38978,10
13.0066795349,80.2572479248,38978,38989,11
13.0064401627,80.257598877,38989,38999,10
13.0060100555,80.2574996948,38999,39009,10
13.0054502487,80.2574005127,39009,39019,10
13.0047903061,80.2571868896,39019,39029,10
13.0041103363,80.2570419312,39029,39039,10
13.0033502579,80.2568817139,39039,39049,10
13.0028095245,80.2567901611,39049,39059,10
13.0024204254,80.2567214966,39059,39110,51
13.0024204254,80.2567214966,39110,39120,10
13.0021896362,80.2565765381,39120,39130,10
13.0018901825,80.2565536499,39130,39140,10
13.00137043,80.2565078735,39140,39150,10
13.0006303787,80.2564086914,39150,39160,10
12.9995002747,80.2562103271,39160,39201,41
12.9995002747,80.2562103271,39201,39211,10
12.9990901947,80.2560882568,39211,39221,10
12.9984703064,80.2560424805,39221,39231,10
12.9979496002,80.2559432983,39231,39241,10
12.9977703094,80.2559280396,39241,39251,10
12.9976997375,80.2560424805,39251,39261,10
12.997759819,80.2563323975,39261,39271,10
12.9978504181,80.2566986084,39271,39625,354
12.9978103638,80.2570495605,39625,39655,30
12.9978103638,80.2570495605,39655,39665,10
12.9975996017,80.2570724487,39665,39816,151
12.9976396561,80.2567367554,39816,39959,143
12.9976396561,80.2567367554,39959,39969,10
12.9976501465,80.2565994263,39969,39979,10
12.9976701736,80.2563095093,39979,39989,10
12.997710228,80.2562179565,39989,39999,10
12.997710228,80.2560424805,39999,40009,10
12.9976997375,80.2559890747,40009,40019,10
12.9974899292,80.2559280396,40019,40029,10
12.9972000122,80.2559204102,40029,40036,7
12.9969902039,80.2559204102,40036,40050,14
12.9963703156,80.2559127808,40050,40060,10
12.9959096909,80.255897522,40060,40070,10
12.9954996109,80.2559204102,40070,40080,10
12.9949903488,80.2559280396,40080,40090,10
12.9942998886,80.2559585571,40090,40100,10
12.9935703278,80.2560195923,40100,40110,10
12.9927797318,80.2560424805,40110,40120,10
12.9919204712,80.2560501099,40120,40130,10
12.991060257,80.2560195923,40130,40140,10
12.9904403687,80.2560119629,40140,40149,9
12.9900197983,80.2560272217,40149,40161,12
12.9894399643,80.2559967041,40161,40171,10
12.9889202118,80.2559967041,40171,40181,10
12.9885702133,80.2559585571,40181,40211,30
12.9881896973,80.2559127808,40211,40241,30
12.9881896973,80.2559127808,40241,40251,10
12.9876899719,80.2559204102,40251,40262,11
12.9875898361,80.2565078735,40262,40272,10
12.9875402451,80.2571029663,40272,40282,10
12.9874801636,80.2578277588,40282,40292,10
12.9874200821,80.2585830688,40292,40302,10
12.9872903824,80.2592163086,40302,40332,30
12.9872903824,80.2592163086,40332,40342,10
12.9871702194,80.259552002,40342,40352,10
12.9870100021,80.2595825195,40352,40363,11
12.9866895676,80.2595367432,40363,40373,10
12.9867696762,80.2590789795,40373,40393,20
12.9867696762,80.2590789795,40393,40403,10
12.9869003296,80.2590866089,40403,40514,111
12.9869003296,80.2590866089,40514,40524,10
12.9872102737,80.259147644,40524,40534,10
12.9873504639,80.2590103149,40534,40544,10
12.9874000549,80.2586364746,40544,40554,10
12.9874296188,80.2581481934,40554,40564,10
12.9874696732,80.2575683594,40564,40575,11
12.9874801636,80.2570800781,40575,40585,10
12.9875097275,80.2567214966,40585,40605,20
12.9875097275,80.2567214966,40605,40615,10
12.9875202179,80.2565917969,40615,40625,10
12.9875297546,80.2563171387,40625,40716,91
12.9875297546,80.2563171387,40716,40726,10
12.9875497818,80.2561798096,40726,40736,10
12.9875602722,80.255897522,40736,40746,10
12.9877996445,80.2557220459,40746,40756,10
12.9881496429,80.2557830811,40756,40767,11
12.9884395599,80.2558364868,40767,40777,10
12.9884500504,80.2558517456,40777,40787,10
12.9885902405,80.2559127808,40787,40797,10
12.9887399673,80.2559204102,40797,40807,10
12.989159584,80.2559509277,40807,40817,10
12.9898195267,80.2560119629,40817,40829,12
12.9903802872,80.2559890747,40829,40837,8
12.9907398224,80.2560119629,40837,40847,10
12.9912500381,80.2559967041,40847,40857,10
12.9919395447,80.2559890747,40857,40867,10
12.9927997589,80.2559890747,40867,40877,10
12.9936800003,80.2559509277,40877,40887,10
12.9944496155,80.2559127808,40887,40900,13
12.9953603745,80.2558288574,40900,40910,10
12.9963903427,80.255859375,40910,40940,30
12.9963903427,80.255859375,40940,40950,10
12.9964895248,80.2558822632,40950,40960,10
12.9968099594,80.255859375,40960,40970,10
12.9972400665,80.2558822632,40970,40980,10
12.9976396561,80.255897522,40980,40990,10
12.9982204437,80.2559204102,40990,40997,7
12.9986600876,80.2559814453,40997,41021,24
12.9986600876,80.2559814453,41021,41031,10
12.9990196228,80.2560806274,41031,41071,40
12.9990196228,80.2560806274,41071,41081,10
12.9993801117,80.2561721802,41081,41091,10
12.9997997284,80.2562637329,41091,41101,10
13.0003700256,80.2563781738,41101,41112,11
13.0011796951,80.2565231323,41112,41122,10
13.0016899109,80.2566070557,41122,41132,10
13.0023603439,80.2567214966,41132,41142,10
13.0030698776,80.2568588257,41142,41152,10
13.0038404465,80.2570037842,41152,41162,10
13.0044403076,80.2571029663,41162,41172,10
13.0051698685,80.257232666,41172,41182,10
13.005900383,80.2573318481,41182,41192,10
13.0062799454,80.2574005127,41192,41212,20
13.0062799454,80.2574005127,41212,41223,11
13.0065402985,80.2574081421,41223,41233,10
13.0065498352,80.256942749,41233,41243,10
13.0065202713,80.2563095093,41243,41253,10
13.0064897537,80.2557296753,41253,41263,10
13.006529808,80.2551574707,41263,41273,10
13.0065202713,80.2545700073,41273,41283,10
13.0065002441,80.2537612915,41283,41293,10
13.0065002441,80.253288269,41293,41303,10
13.0065002441,80.2531280518,41303,41313,10
13.0065002441,80.2528991699,41313,41324,11
13.0065402985,80.2524185181,41324,41364,40
13.0065402985,80.2524185181,41364,41374,10
13.0066204071,80.252243042,41374,41384,10
13.0067100525,80.2517318726,41384,41394,10
13.0067996979,80.251083374,41394,41404,10
13.0068101883,80.25025177,41404,41414,10
13.0068101883,80.2495269775,41414,41424,10
13.0067100525,80.2483215332,41424,41626,202
13.0067100525,80.2483215332,41626,41636,10
13.006649971,80.2479629517,41636,41647,11
13.0066604614,80.247428894,41647,41657,10
13.0065898895,80.246711731,41657,41687,30
13.0065898895,80.246711731,41687,41697,10
13.0066204071,80.2463302612,41697,41707,10
13.0066299438,80.2457122803,41707,41718,11
13.0066099167,80.2448577881,41718,41727,9
13.0066299438,80.2440032959,41727,41738,11
13.0066003799,80.2432174683,41738,41749,11
13.0065898895,80.2423324585,41749,41759,10
13.0066003799,80.2414321899,41759,41767,8
13.0066404343,80.2408599854,41767,41778,11
13.0067996979,80.2400970459,41778,41788,10
13.0069503784,80.2395401001,41788,41798,10
13.0070104599,80.2390899658,41798,41809,11
13.0071401596,80.2384490967,41809,41819,10
13.0072898865,80.2376937866,41819,41828,9
13.007399559,80.2369384766,41828,41849,21
13.007399559,80.2369384766,41849,41860,11
13.0074300766,80.236831665,41860,41868,8
13.0074996948,80.2365875244,41868,41880,12
13.0076198578,80.2360229492,41880,41890,10
13.0077295303,80.2354507446,41890,41900,10
13.0077800751,80.2352371216,41900,41910,10
13.0078496933,80.23487854,41910,41918,8
13.0079498291,80.2343826294,41918,41930,12
13.0081596375,80.2333221436,41930,41938,8
13.0083198547,80.2324981689,41938,41950,12
13.0085802078,80.2312164307,41950,41958,8
13.0087795258,80.2302703857,41958,41971,13
13.0090904236,80.2286300659,41971,41981,10
13.0095100403,80.2273864746,41981,41991,10
13.0100402832,80.2262115479,41991,42001,10
13.0104703903,80.2252883911,42001,42011,10
13.0108203888,80.2246017456,42011,42021,10
13.0112304688,80.2237701416,42021,42031,10
13.0116300583,80.222869873,42031,42041,10
13.0119304657,80.2220001221,42041,42051,10
13.0122900009,80.2215270996,42051,42061,10
13.0125303268,80.2217712402,42061,42072,11
13.0129899979,80.2223205566,42072,42082,10
13.0132904053,80.2226028442,42082,42092,10
13.0135803223,80.2229919434,42092,42102,10
13.0138902664,80.2233276367,42102,42112,10
13.0141897202,80.2237091064,42112,42122,10
13.0147199631,80.2242736816,42122,42132,10
13.0149803162,80.2245407104,42132,42142,10
13.0149803162,80.2245483398,42142,42152,10
13.0150299072,80.2247009277,42152,42161,9
13.0152196884,80.2248764038,42161,42173,12
13.0153999329,80.2250366211,42173,42183,10
13.0154104233,80.2250366211,42183,42193,10
13.0155096054,80.2251815796,42193,42203,10
13.0159301758,80.2254104614,42203,42213,10
13.0165395737,80.2253723145,42213,42223,10
13.0173597336,80.2250518799,42223,42233,10
13.0182600021,80.2246780396,42233,42243,10
13.0190000534,80.2243881226,42243,42253,10
13.0193195343,80.2243270874,42253,42263,10
13.019490242,80.224357605,42263,42273,10
13.0198497772,80.2246322632,42273,42284,11
13.020359993,80.2250213623,42284,42294,10
13.0206899643,80.2252807617,42294,42304,10
13.0209999084,80.2255172729,42304,42314,10
13.0214796066,80.2259063721,42314,42324,10
13.0219602585,80.2262573242,42324,42334,10
13.0225896835,80.2267990112,42334,42344,10
13.0233297348,80.2274475098,42344,42354,10
13.0239696503,80.2280502319,42354,42364,10
13.0242099762,80.2282791138,42364,42374,10
13.024479866,80.2286605835,42374,42385,11
13.0248804092,80.2292480469,42385,42395,10
13.0253295898,80.2298278809,42395,42405,10
13.0257902145,80.2305297852,42405,42465,60
13.0257902145,80.2305297852,42465,42475,10
13.0259304047,80.231048584,42475,42485,10
13.02602005,80.2314224243,42485,42496,11
13.0261201859,80.231918335,42496,42506,10
13.0262804031,80.2323532104,42506,42526,20
13.0262804031,80.2323532104,42526,42536,10
13.0264196396,80.2325363159,42536,42546,10
13.0265197754,80.2328491211,42546,42556,10
13.0267095566,80.2332229614,42556,42566,10
13.0270795822,80.2338485718,42566,42576,10
13.0275602341,80.2346572876,42576,42585,9
13.0279798508,80.2354202271,42585,42597,12
13.0286998749,80.2362594604,42597,42607,10
13.0292301178,80.2368392944,42607,42617,10
13.0296001434,80.2372665405,42617,42627,10
13.0296497345,80.2373504639,42627,42637,10
13.0298595428,80.2377090454,42637,42647,10
13.0301399231,80.2381591797,42647,42657,10
13.0303897858,80.2385101318,42657,42667,10
13.0304498672,80.2386169434,42667,42677,10
13.0306301117,80.2388916016,42677,42687,10
13.0307598114,80.239151001,42687,42697,10
13.0309000015,80.2394485474,42697,42707,10
13.0312299728,80.239982605,42707,42717,10
13.031419754,80.2406311035,42717,42728,11
13.0315704346,80.2410430908,42728,42737,9
13.031709671,80.2413330078,42737,42749,12
13.0320396423,80.2420120239,42749,42759,10
13.0325899124,80.2426376343,42759,42768,9
13.0331296921,80.2434082031,42768,42779,11
13.0339403152,80.2445373535,42779,42798,19
13.0339403152,80.2445373535,42798,42809,11
13.0341300964,80.2447891235,42809,42819,10
13.0344600677,80.2451782227,42819,42830,11
13.0348901749,80.2456893921,42830,42839,9
13.0357198715,80.2461700439,42839,42859,20
13.0357198715,80.2461700439,42859,42869,10
13.0359697342,80.2462615967,42869,42880,11
13.03647995,80.2464599609,42880,42889,9
13.0370502472,80.24659729,42889,42900,11
13.0375900269,80.2464904785,42900,42909,9
13.0381603241,80.2466125488,42909,42921,12
13.0388803482,80.2468185425,42921,43001,80
13.0388803482,80.2468185425,43001,43011,10
13.0390901566,80.2469100952,43011,43022,11
13.0394496918,80.2469863892,43022,43032,10
13.0398597717,80.2470703125,43032,43042,10
13.0405302048,80.2471389771,43042,43052,10
13.0408201218,80.2472381592,43052,43062,10
13.0409097672,80.2473220825,43062,43072,10
13.0412302017,80.2473068237,43072,43082,10
13.0417699814,80.2473831177,43082,43092,10
13.042090416,80.2475204468,43092,43102,10
13.042719841,80.247718811,43102,43112,10
13.0435400009,80.2478713989,43112,43122,10
13.0440597534,80.2478179932,43122,43133,11
13.0446395874,80.2479324341,43133,43143,10
13.0450801849,80.2481918335,43143,43153,10
13.0455303192,80.2483215332,43153,43163,10
13.0461502075,80.2484130859,43163,43173,10
13.046790123,80.2483978271,43173,43183,10
13.0469903946,80.2484436035,43183,43193,10
13.0472097397,80.248550415,43193,43203,10
13.047659874,80.248878479,43203,43213,10
13.0481796265,80.2493667603,43213,43223,10
13.0488395691,80.2496185303,43223,43234,11
13.0494699478,80.24974823,43234,43244,10
13.0502300262,80.2498779297,43244,43254,10
13.051030159,80.2500610352,43254,43264,10
13.0516996384,80.2503814697,43264,43274,10
13.052069664,80.2507095337,43274,43284,10
13.0522899628,80.2509994507,43284,43294,10
13.0525503159,80.2513580322,43294,43304,10
13.052570343,80.2513809204,43304,43314,10
13.0527601242,80.2515869141,43314,43324,10
13.0529203415,80.2518234253,43324,43334,10
13.0530595779,80.2520065308,43334,43345,11
13.0532302856,80.252243042,43345,43355,10
13.0534601212,80.2525482178,43355,43365,10
13.0535898209,80.252746582,43365,43375,10
13.0537700653,80.2529907227,43375,43385,10
13.0539197922,80.2531890869,43385,43395,10
13.054019928,80.2533187866,43395,43405,10
13.0541601181,80.2535095215,43405,43415,10
13.0542602539,80.2536392212,43415,43425,10
13.0543699265,80.2537994385,43425,43434,9
13.0544595718,80.2539215088,43434,43446,12
13.0544900894,80.2539367676,43446,43456,10
13.0547399521,80.2542190552,43456,43466,10
13.0548801422,80.25440979,43466,43476,10
13.0550403595,80.2546081543,43476,43486,10
13.0551900864,80.2548217773,43486,43496,10
13.0553598404,80.2550811768,43496,43506,10
13.0555295944,80.2553634644,43506,43516,10
13.0557804108,80.2556915283,43516,43526,10
13.0559301376,80.2558898926,43526,43536,10
13.0560903549,80.256111145,43536,43544,8
13.0562000275,80.2562484741,43544,43557,13
13.0566301346,80.2566680908,43557,43567,10
13.0569000244,80.2568893433,43567,43577,10
13.0570001602,80.2569732666,43577,43587,10
13.0573301315,80.257270813,43587,43597,10
13.0576896667,80.2576217651,43597,43607,10
13.0579299927,80.2578887939,43607,43617,10
13.058139801,80.2581710815,43617,43627,10
13.0584802628,80.2586212158,43627,43637,10
13.0587902069,80.258972168,43637,43647,10
13.0591001511,80.2594070435,43647,43658,11
13.0593900681,80.2598876953,43658,43668,10
13.059709549,80.2601394653,43668,43678,10
13.0601701736,80.2605895996,43678,43688,10
13.0605401993,80.2610397339,43688,43698,10
13.0606899261,80.2612686157,43698,43708,10
13.0607500076,80.2614898682,43708,43718,10
13.0611095428,80.2618637085,43718,43728,10
13.0614700317,80.26222229,43728,43738,10
13.0617904663,80.2626876831,43738,43749,11
13.062379837,80.2634429932,43749,43758,9
13.0628404617,80.2639465332,43758,43768,10
13.063170433,80.2643203735,43768,43780,12
13.0632896423,80.2645263672,43780,43788,8
13.0634298325,80.2647628784,43788,43798,10
13.0638198853,80.2653274536,43798,43808,10
13.064330101,80.2660217285,43808,43819,11
13.0647296906,80.2665405273,43819,43829,10
13.0650396347,80.2668685913,43829,43839,10
13.0655698776,80.2672805786,43839,43851,12
13.0659704208,80.2677764893,43851,43859,8
13.0662698746,80.268157959,43859,43872,13
13.066619873,80.2683410645,43872,43882,10
13.0668897629,80.2685089111,43882,43892,10
13.067150116,80.268699646,43892,43900,8
13.0676002502,80.2689666748,43900,43913,13
13.0682601929,80.2693099976,43913,43923,10
13.0683698654,80.2688827515,43923,43932,9
13.068479538,80.2684631348,43932,43943,11
13.0685997009,80.2680282593,43943,43953,10
13.0687999725,80.2675094604,43953,43963,10
13.0688800812,80.2673416138,43963,43974,11
13.0690898895,80.2670822144,43974,43984,10
13.0693798065,80.2667694092,43984,43994,10
13.0695199966,80.2665786743,43994,44004,10
13.0697803497,80.2663421631,44004,44014,10
13.0699300766,80.2662200928,44014,44024,10
13.0702400208,80.2659378052,44024,44044,20
13.0702400208,80.2659378052,44044,44054,10
13.0705003738,80.2656478882,44054,44064,10
13.0708799362,80.2652816772,44064,44074,10
13.0713396072,80.2648010254,44074,44085,11
13.0718202591,80.2642364502,44085,44095,10
13.0721998215,80.2637176514,44095,44105,10
13.0725402832,80.2629470825,44105,44115,10
13.0727901459,80.2623214722,44115,44125,10
13.0728797913,80.2621917725,44125,44135,10
13.0729503632,80.2621078491,44135,44145,10
13.0730695724,80.2616500854,44145,44155,10
13.0731601715,80.2612762451,44155,44165,10
13.0733499527,80.261177063,44165,44175,10
13.073679924,80.2615737915,44175,44186,11
13.0740995407,80.2620773315,44186,44196,10
13.0745401382,80.2626190186,44196,44206,10
13.0749197006,80.2631530762,44206,44216,10
13.0754203796,80.2638168335,44216,44226,10
13.0759000778,80.264213562,44226,44236,10
13.0765695572,80.2641677856,44236,44246,10
13.0771799088,80.2640762329,44246,44256,10
13.077630043,80.2637634277,44256,44266,10
13.0779399872,80.2635421753,44266,44276,10
13.0780801773,80.2633209229,44276,44286,10
13.0779495239,80.2628936768,44286,44297,11
13.0778102875,80.2624435425,44297,44307,10
13.0776195526,80.2618408203,44307,44317,10
13.0774497986,80.2613296509,44317,44327,10
13.0774202347,80.2612228394,44327,44337,10
13.0774002075,80.261138916,44337,44347,10
13.0773096085,80.2608795166,44347,44357,10
13.0772399902,80.2607498169,44357,44367,10
13.0770998001,80.2605514526,44367,44377,10
13.0768499374,80.2603683472,44377,44387,10
13.076259613,80.2598571777,44387,44398,11
13.0756902695,80.2590408325,44398,44408,10
13.0755596161,80.2585372925,44408,44438,30
13.0755596161,80.2585372925,44438,44448,10
13.075460434,80.2583770752,44448,44458,10
13.0756597519,80.2580184937,44458,44468,10
13.0760803223,80.2576599121,44468,44478,10
13.0765199661,80.2572479248,44478,44488,10
13.0769300461,80.2569503784,44488,44498,10
13.0773601532,80.2567596436,44498,44509,11
13.0780801773,80.256652832,44509,44519,10
13.0788297653,80.2565994263,44519,44528,9
13.0790395737,80.256401062,44528,44540,12
13.0790300369,80.2556304932,44540,44551,11
13.0789699554,80.2550582886,44551,44581,30
13.0789699554,80.2550582886,44581,44590,9
13.079000473,80.2548522949,44590,44599,9
13.0790395737,80.2546691895,44599,44612,13
13.0793800354,80.2546005249,44612,44622,10
13.0795497894,80.2546234131,44622,44632,10
13.0798301697,80.2546386719,44632,44642,10
13.0802202225,80.254699707,44642,44652,10
13.0805501938,80.2547531128,44652,44662,10
13.0809898376,80.2548217773,44662,44672,10
13.0813398361,80.2548599243,44672,44682,10
13.0816497803,80.2545623779,44682,44692,10
13.0817499161,80.2541503906,44692,44702,10
13.0818500519,80.2537002563,44702,44713,11
13.0818796158,80.2532119751,44713,44723,10
13.0817499161,80.2529067993,44723,44733,10
13.081580162,80.2525024414,44733,44743,10
13.0814695358,80.2517700195,44743,44773,30
13.0814695358,80.2517700195,44773,44783,10
13.0814199448,80.2513427734,44783,44793,10
13.0813703537,80.251159668,44793,44803,10
13.0813302994,80.2509994507,44803,44813,10
13.081319809,80.2507095337,44813,44824,11
13.0813598633,80.2503585815,44824,44834,10
13.0813398361,80.2500991821,44834,44844,10
13.0813398361,80.24974823,44844,44854,10
13.0816402435,80.249671936,44854,44864,10
13.0820198059,80.2497177124,44864,44874,10
13.0824098587,80.2497711182,44874,44884,10
13.0828695297,80.2498474121,44884,44894,10
13.0833797455,80.2499389648,44894,44904,10
13.0838003159,80.2500228882,44904,44914,10
13.0843296051,80.2501220703,44914,44924,10
13.0845003128,80.2501525879,44924,44935,11
13.0847997665,80.2501907349,44935,44945,10
13.0852203369,80.2502670288,44945,44955,10
13.0856103897,80.2503433228,44955,44965,10
13.0858802795,80.2502365112,44965,44974,9
13.0858697891,80.2500305176,44974,44985,11
13.0859298706,80.2490310669,44985,44995,10
13.0858898163,80.2482376099,44995,45005,10
13.0858201981,80.2472915649,45005,45015,10
13.0858097076,80.2468414307,45015,45024,9
13.0857801437,80.2466964722,45024,45036,12
13.0856895447,80.2458877563,45036,45056,20
13.0856895447,80.2458877563,45056,45066,10
13.0856800079,80.2456283569,45066,45076,10
13.0856704712,80.2454071045,45076,45086,10
13.0857400894,80.2452774048,45086,45096,10
13.0859003067,80.2451171875,45096,45106,10
13.0861196518,80.2448883057,45106,45116,10
13.0865802765,80.2444992065,45116,45126,10
13.087100029,80.2440414429,45126,45136,10
13.0875396729,80.2436904907,45136,45147,11
13.0878000259,80.2432022095,45147,45157,10
13.0879001617,80.2426300049,45157,45167,10
13.0881204605,80.2421112061,45167,45177,10
13.0885095596,80.2418212891,45177,45187,10
13.0889797211,80.2414703369,45187,45197,10
13.0894699097,80.2411270142,45197,45207,10
13.0897102356,80.241027832,45207,45217,10
13.0903196335,80.240852356,45217,45227,10
13.0911903381,80.2408828735,45227,45237,10
13.091919899,80.2409210205,45237,45248,11
13.0921802521,80.2409362793,45248,45258,10
13.0926504135,80.2409820557,45258,45268,10
13.0933599472,80.2410888672,45268,45278,10
13.0939598083,80.2411804199,45278,45288,10
13.0940303802,80.2411804199,45288,45298,10
13.0943498611,80.2412261963,45298,45308,10
13.0948095322,80.241317749,45308,45318,10
13.0953302383,80.2414703369,45318,45328,10
13.0954999924,80.2415084839,45328,45338,10
13.0957803726,80.2416229248,45338,45349,11
13.0962295532,80.2417831421,45349,45359,10
13.0966701508,80.2419281006,45359,45369,10
13.0968198776,80.2419815063,45369,45379,10
13.0970401764,80.2420501709,45379,45389,10
13.0973701477,80.2421264648,45389,45399,10
13.0976800919,80.2422103882,45399,45409,10
13.0979404449,80.2422790527,45409,45419,10
13.0981702805,80.2423171997,45419,45429,10
13.0983896255,80.2423324585,45429,45439,10
13.0984697342,80.2423095703,45439,45449,10
13.0986995697,80.2422180176,45449,45459,10
13.098739624,80.2420196533,45459,45469,10
13.0986795425,80.2419128418,45469,45479,10
13.0984296799,80.2420425415,45479,45642,163
13.0984296799,80.2420425415,45642,45651,9
13.0984802246,80.2422790527,45651,45661,10
13.0983600616,80.2423400879,45661,45673,12
13.097820282,80.2422637939,45673,45683,10
13.0973501205,80.2421569824,45683,45693,10
13.0968799591,80.2420120239,45693,45703,10
13.0962600708,80.2418136597,45703,45713,10
13.0956001282,80.241607666,45713,45723,10
13.0951900482,80.2414398193,45723,45733,10
13.0949201584,80.2413635254,45733,45743,10
13.0948801041,80.2413406372,45743,45753,10
13.094499588,80.2412490845,45753,45763,10
13.0936403275,80.2411193848,45763,45784,21
13.0936403275,80.2411193848,45784,45794,10
13.0934295654,80.2410583496,45794,45804,10
13.0929698944,80.2409973145,45804,45814,10
13.0923500061,80.2409591675,45814,45824,10
13.0915603638,80.2409133911,45824,45834,10
13.0906896591,80.2408828735,45834,45844,10
13.0899295807,80.2409667969,45844,45854,10
13.0894403458,80.2412261963,45854,45864,10
13.0888299942,80.2416687012,45864,45874,10
13.0881004333,80.242149353,45874,45885,11
13.0878200531,80.243019104,45885,45895,10
13.0878200531,80.2433166504,45895,45905,10
13.0875396729,80.2436828613,45905,45915,10
13.0869503021,80.2441177368,45915,45925,10
13.0859003067,80.2449111938,45925,45955,30
13.0859003067,80.2449111938,45955,45965,10
13.0856399536,80.2452392578,45965,45974,9
13.0855998993,80.2454299927,45974,45986,12
13.0855998993,80.2458114624,45986,45996,10
13.0855998993,80.2458190918,45996,46006,10
13.0856800079,80.2466201782,46006,46026,20
13.0856800079,80.2466201782,46026,46036,10
13.0857000351,80.2469024658,46036,46046,10
13.0856599808,80.2472686768,46046,46056,10
13.0856895447,80.2480316162,46056,46066,10
13.0857400894,80.2489776611,46066,46076,10
13.0858001709,80.2498931885,46076,46087,11
13.0858001709,80.2504806519,46087,46097,10
13.0856800079,80.2508392334,46097,46107,10
13.0856304169,80.2513885498,46107,46115,8
13.0855998993,80.2517929077,46115,46127,12
13.0855503082,80.2523498535,46127,46137,10
13.0854701996,80.2527923584,46137,46147,10
13.0854301453,80.2530670166,46147,46157,10
13.0854196548,80.2534103394,46157,46167,10
13.0854701996,80.2537384033,46167,46177,10
13.0855998993,80.254447937,46177,46208,31
13.0855998993,80.254447937,46208,46218,10
13.0853395462,80.2546691895,46218,46228,10
13.0850896835,80.2546691895,46228,46238,10
13.0845603943,80.2546234131,46238,46248,10
13.0839595795,80.2545623779,46248,46268,20
13.0839595795,80.2545623779,46268,46278,10
13.0836801529,80.2545394897,46278,46288,10
13.0832796097,80.2544784546,46288,46298,10
13.0827999115,80.254447937,46298,46309,11
13.0823898315,80.254447937,46309,46319,10
13.0819301605,80.2546691895,46319,46329,10
13.0816402435,80.2547836304,46329,46339,10
13.0813999176,80.2548065186,46339,46349,10
13.0809402466,80.2547683716,46349,46359,10
13.0808801651,80.2547607422,46359,46369,10
13.0807695389,80.2547836304,46369,46379,10
13.0804004669,80.2546768188,46379,46389,10
13.0794000626,80.2546005249,46389,46420,31
13.0794000626,80.2546005249,46420,46430,10
13.0790596008,80.2546081543,46430,46440,10
13.0789804459,80.2549514771,46440,46450,10
13.0790195465,80.2556533813,46450,46460,10
13.0790700912,80.256362915,46460,46470,10
13.0790300369,80.2565917969,46470,46480,10
13.0787200928,80.256652832,46480,46490,10
13.0782804489,80.256652832,46490,46500,10
13.0777902603,80.2566986084,46500,46511,11
13.077170372,80.2568435669,46511,46522,11
13.0764703751,80.2573318481,46522,46530,8
13.0758495331,80.2579116821,46530,46540,10
13.0754299164,80.2583007813,46540,46552,12
13.0754804611,80.2588500977,46552,46562,10
13.0758600235,80.2595062256,46562,46571,9
13.076499939,80.260093689,46571,46581,10
13.077050209,80.2606887817,46581,46592,11
13.0774402618,80.261428833,46592,46601,9
13.0777301788,80.2621536255,46601,46633,32
13.0777301788,80.2621536255,46633,46641,8
13.0778598785,80.2623062134,46641,46653,12
13.07791996,80.2626571655,46653,46661,8
13.0780000687,80.2630310059,46661,46671,10
13.078209877,80.2633895874,46671,46681,10
13.0781002045,80.2635116577,46681,46691,10
13.0777997971,80.2637023926,46691,46701,10
13.0772199631,80.2639465332,46701,46711,10
13.0764398575,80.2641067505,46711,46723,12
13.0758104324,80.2641983032,46723,46734,11
13.0756397247,80.2641296387,46734,46744,10
13.0753898621,80.2637634277,46744,46754,10
13.0749597549,80.2631530762,46754,46766,12
13.0744104385,80.2624816895,46766,46776,10
13.073969841,80.261932373,46776,46786,10
13.0737304688,80.2616424561,46786,46796,10
13.073679924,80.2615737915,46796,46806,10
13.0733604431,80.2613601685,46806,46816,10
13.0730400085,80.2616500854,46816,46826,10
13.0728397369,80.2621383667,46826,46837,11
13.0726203918,80.2627105713,46837,46847,10
13.0724897385,80.2631912231,46847,46857,10
13.0722303391,80.2636871338,46857,46867,10
13.0719804764,80.2641220093,46867,46877,10
13.0714998245,80.2646102905,46877,46897,20
13.0714998245,80.2646102905,46897,46907,10
13.0713195801,80.2646789551,46907,46917,10
13.0711097717,80.2648773193,46917,46927,10
13.0707798004,80.2650985718,46927,46938,11
13.0705604553,80.2654800415,46938,46948,10
13.0702199936,80.2658615112,46948,46958,10
13.0698900223,80.2661972046,46958,46968,10
13.0695400238,80.2665405273,46968,46978,10
13.0691699982,80.2670211792,46978,46988,10
13.068860054,80.2677230835,46988,46998,10
13.0686502457,80.2684936523,46998,47008,10
13.0684604645,80.2690124512,47008,47018,10
13.0683298111,80.2694320679,47018,47028,10
13.0682601929,80.2697372437,47028,47038,10
13.0681295395,80.2701568604,47038,47049,11
13.0680999756,80.2705993652,47049,47059,10
13.0678701401,80.2709732056,47059,47068,9
13.0675001144,80.2706680298,47068,47080,12
13.0671100616,80.2703399658,47080,47090,10
13.067029953,80.2702789307,47090,47100,10
13.0667600632,80.2699813843,47100,47110,10
13.0665597916,80.2696304321,47110,47120,10
13.0664997101,80.2694168091,47120,47130,10
13.0664396286,80.2689285278,47130,47140,10
13.0663003922,80.2683792114,47140,47151,11
13.0658597946,80.2678070068,47151,47161,10
13.0656604767,80.2676925659,47161,47172,11
13.0655202866,80.267616272,47172,47182,10
13.0652704239,80.2676086426,47182,47191,9
13.0649595261,80.2675628662,47191,47202,11
13.0648803711,80.2675323486,47202,47211,9
13.064620018,80.2674636841,47211,47222,11
13.0643796921,80.2674484253,47222,47232,10
13.0642004013,80.2674407959,47232,47240,8
13.064160347,80.2674331665,47240,47253,13
13.0638799667,80.2673721313,47253,47263,10
13.0634899139,80.2673110962,47263,47273,10
13.0630302429,80.2672195435,47273,47282,9
13.062669754,80.2670593262,47282,47293,11
13.0623102188,80.2666320801,47293,47302,9
13.061920166,80.2661590576,47302,47313,11
13.0614500046,80.2655792236,47313,47322,9
13.0611600876,80.2652587891,47322,47333,11
13.0607099533,80.265296936,47333,47342,9
13.0604696274,80.2654418945,47342,47353,11
13.0604600906,80.2654418945,47353,47364,11
13.060259819,80.2655563354,47364,47374,10
13.0596599579,80.2655563354,47374,47384,10
13.0591096878,80.2654876709,47384,47394,10
13.0586299896,80.2654190063,47394,47404,10
13.0585603714,80.2654037476,47404,47414,10
13.0581598282,80.2651367188,47414,47424,10
13.0580301285,80.2645797729,47424,47434,10
13.0579500198,80.2638397217,47434,47444,10
13.0579004288,80.2631072998,47444,47454,10
13.0577697754,80.2626190186,47454,47464,10
13.0577096939,80.2621002197,47464,47475,11
13.0576000214,80.2615127563,47475,47485,10
13.0574502945,80.2610015869,47485,47495,10
13.0572299957,80.2602386475,47495,47505,10
13.0569496155,80.2594604492,47505,47515,10
13.0567502975,80.2588195801,47515,47525,10
13.0566997528,80.2582397461,47525,47535,10
13.0566596985,80.2578887939,47535,47545,10
13.0564403534,80.2572021484,47545,47565,20
13.0564403534,80.2572021484,47565,47576,11
13.0563602448,80.2568206787,47576,47586,10
13.0562200546,80.2564468384,47586,47596,10
13.0559101105,80.2559432983,47596,47606,10
13.0554199219,80.2552490234,47606,47616,10
13.0549201965,80.2545318604,47616,47626,10
13.0544099808,80.2538986206,47626,47636,10
13.0540704727,80.2534866333,47636,47646,10
13.0540599823,80.2534713745,47646,47656,10
13.053850174,80.2530975342,47656,47666,10
13.0534601212,80.2525100708,47666,47676,10
13.0529499054,80.2518386841,47676,47687,11
13.0524196625,80.2511367798,47687,47697,10
13.0518703461,80.2504882813,47697,47707,10
13.0510196686,80.2500610352,47707,47717,10
13.0499000549,80.2498474121,47717,47727,10
13.0488395691,80.2497177124,47727,47737,10
13.0480899811,80.2494277954,47737,47747,10
13.0475797653,80.2489776611,47747,47757,10
13.0470895767,80.248626709,47757,47777,20
13.0468797684,80.2485580444,47777,47808,31
13.0468797684,80.2485580444,47808,47818,10
13.0465202332,80.2485275269,47818,47828,10
13.0462598801,80.2484512329,47828,47838,10
13.0458698273,80.2483291626,47838,47848,10
13.0455503464,80.2482070923,47848,47878,30
13.0455503464,80.2482070923,47878,47888,10
13.0451803207,80.2481079102,47888,47899,11
13.0449199677,80.2481002808,47899,47909,10
13.0446300507,80.2480697632,47909,47919,10
13.0443601608,80.2480316162,47919,47929,10
13.0441398621,80.2479934692,47929,47939,10
13.0438804626,80.2479095459,47939,47949,10
13.0435800552,80.2478408813,47949,47959,10
13.0432195663,80.2477416992,47959,47969,10
13.0427598953,80.2477493286,47969,47979,10
13.0421800613,80.2476730347,47979,47989,10
13.0415697098,80.2474822998,47989,48000,11
13.0413999557,80.2473983765,48000,48010,10
13.0411300659,80.2472991943,48010,48020,10
13.0406904221,80.2471694946,48020,48030,10
13.0403203964,80.2471084595,48030,48040,10
13.0400695801,80.2471084595,48040,48050,10
13.0398797989,80.2471008301,48050,48111,61
13.0398797989,80.2471008301,48111,48121,10
13.0396699905,80.2469177246,48121,48131,10
13.0393695831,80.2468566895,48131,48140,9
13.0389699936,80.2467803955,48140,48151,11
13.0383501053,80.2466888428,48151,48161,10
13.0379495621,80.2466506958,48161,48171,10
13.0377597809,80.2466430664,48171,48181,10
13.0374097824,80.2465896606,48181,48191,10
13.0370502472,80.2465286255,48191,48201,10
13.0366601944,80.2464675903,48201,48221,20
13.0366601944,80.2464675903,48221,48231,10
13.0364904404,80.2464065552,48231,48241,10
13.0361404419,80.246307373,48241,48253,12
13.0355997086,80.2461471558,48253,48261,8
13.0352401733,80.2460327148,48261,48281,20
13.0352401733,80.2460327148,48281,48292,11
13.0349702835,80.2457962036,48292,48301,9
13.0346603394,80.2454986572,48301,48313,12
13.034239769,80.2449417114,48313,48322,9
13.0338897705,80.2444763184,48322,48332,10
13.0334196091,80.2439804077,48332,48342,10
13.0332603455,80.2436599731,48342,48352,10
13.0329999924,80.2432937622,48352,48362,10
13.0326499939,80.2428512573,48362,48372,10
13.0321502686,80.2422103882,48372,48384,12
13.0316400528,80.2412109375,48384,48392,8
13.0314903259,80.2408599854,48392,48402,10
13.0315103531,80.2408370972,48402,48412,10
13.0315303802,80.2406921387,48412,48425,13
13.0311698914,80.2400512695,48425,48435,10
13.0308103561,80.2393417358,48435,48445,10
13.0303497314,80.2385025024,48445,48455,10
13.0298700333,80.237663269,48455,48465,10
13.0290403366,80.2366790771,48465,48485,20
13.0290403366,80.2366790771,48485,48495,10
13.0287599564,80.2364196777,48495,48505,10
13.0283002853,80.2359008789,48505,48515,10
13.0277795792,80.2352600098,48515,48525,10
13.0273103714,80.2344207764,48525,48536,11
13.0268297195,80.2336425781,48536,48546,10
13.026599884,80.2332077026,48546,48556,10
13.0263299942,80.2326812744,48556,48566,10
13.0262403488,80.2323684692,48566,48576,10
13.0262098312,80.2322463989,48576,48586,10
13.0261497498,80.2319717407,48586,48596,10
13.0259895325,80.2314987183,48596,48606,10
13.0258398056,80.2308502197,48606,48616,10
13.0254201889,80.2300796509,48616,48625,9
13.0249700546,80.2294616699,48625,48637,12
13.024479866,80.2288818359,48637,48647,10
13.0242700577,80.2285690308,48647,48657,10
13.0239095688,80.2281570435,48657,48677,20
13.0239095688,80.2281570435,48677,48687,10
13.0237503052,80.2279510498,48687,48697,10
13.0233001709,80.2275238037,48697,48707,10
13.0227499008,80.2269668579,48707,48717,10
13.0224399567,80.2266616821,48717,48727,10
13.022069931,80.2263183594,48727,48737,10
13.0215597153,80.2258987427,48737,48748,11
13.0208501816,80.2253494263,48748,48758,10
13.020190239,80.2249069214,48758,48768,10
13.0194196701,80.2244491577,48768,48778,10
13.0183496475,80.2245788574,48778,48788,10
13.0172595978,80.2250518799,48788,48798,10
13.0166501999,80.2253189087,48798,48808,10
13.0163097382,80.2254714966,48808,48818,10
13.0158596039,80.2256088257,48818,48828,10
13.0153598785,80.2257766724,48828,48838,10
13.0149803162,80.2259521484,48838,48849,11
13.0143995285,80.2261734009,48849,48859,10
13.0138196945,80.2264480591,48859,48869,10
13.013759613,80.2264709473,48869,48879,10
13.0134801865,80.2265625,48879,48889,10
13.0128602982,80.2267837524,48889,48899,10
13.0121297836,80.2270812988,48899,48909,10
13.0113697052,80.2273788452,48909,48919,10
13.0105199814,80.2277374268,48919,48929,10
13.0095596313,80.2281188965,48929,48939,10
13.0089998245,80.2289276123,48939,48949,10
13.008769989,80.2300415039,48949,48960,11
13.0085000992,80.2313537598,48960,48970,10
13.0083303452,80.2325286865,48970,48980,10
13.0082101822,80.233543396,48980,48990,10
13.0081796646,80.2336196899,48990,49000,10
13.0081100464,80.2338027954,49000,49010,10
13.0080003738,80.2342605591,49010,49020,10
13.0078802109,80.2347412109,49020,49030,10
13.0078296661,80.2350234985,49030,49040,10
13.0076999664,80.2355804443,49040,49049,9
13.0075597763,80.2363204956,49049,49061,12
13.007349968,80.2373428345,49061,49071,10
13.0071897507,80.2382278442,49071,49081,10
13.006939888,80.2394790649,49081,49101,20
13.006939888,80.2394790649,49101,49111,10
13.0069704056,80.2396469116,49111,49121,10
13.0069303513,80.2398376465,49121,49131,10
13.0068302155,80.2402801514,49131,49141,10
13.0067796707,80.2406463623,49141,49151,10
13.0067596436,80.2409591675,49151,49161,10
13.0067195892,80.2410964966,49161,49172,11
13.0066900253,80.2416534424,49172,49182,10
13.0066900253,80.2420730591,49182,49192,10
13.0066900253,80.2424621582,49192,49202,10
13.0066795349,80.2427825928,49202,49212,10
13.0066604614,80.2429275513,49212,49222,10
13.006649971,80.2430877686,49222,49232,10
13.006649971,80.2433166504,49232,49243,11
13.006649971,80.2435073853,49243,49253,10
13.0066299438,80.2436904907,49253,49262,9
13.0066204071,80.2440872192,49262,49273,11
13.0066204071,80.244682312,49273,49283,10
13.0066204071,80.2451171875,49283,49293,10
13.0066404343,80.2453536987,49293,49303,10
13.0066900253,80.2460174561,49303,49323,20
13.0066795349,80.2463302612,49323,49363,40
13.0066795349,80.2463302612,49363,49373,10
13.0066995621,80.2468185425,49373,49386,13
13.0066995621,80.2472610474,49386,49396,10
13.006649971,80.2479019165,49396,49406,10
13.0066900253,80.2488021851,49406,49416,10
13.0067396164,80.2499008179,49416,49426,10
13.0067501068,80.2510223389,49426,49436,10
13.0066404343,80.2518997192,49436,49446,10
13.0065202713,80.252746582,49446,49456,10
13.0065097809,80.2536773682,49456,49466,10
13.0065498352,80.2545318604,49466,49473,7
13.0065803528,80.2547988892,49473,49487,14
13.0065603256,80.2548294067,49487,49497,10
13.0065202713,80.2550964355,49497,49507,10
13.0065498352,80.255821228,49507,49517,10
13.0065803528,80.256729126,49517,49527,10
13.0066795349,80.2572097778,49527,49618,91
13.0066795349,80.2572097778,49618,49628,10
13.0066795349,80.257522583,49628,49638,10
13.0064201355,80.2575912476,49638,49648,10
13.0059604645,80.2574615479,49648,49658,10
13.0053901672,80.2573623657,49658,49668,10
13.0046901703,80.2571563721,49668,49678,10
13.0041799545,80.2570266724,49678,49688,10
13.0037899017,80.2569580078,49688,49698,10
13.0032701492,80.2568588257,49698,49739,41
13.0032701492,80.2568588257,49739,49749,10
13.0030698776,80.2568511963,49749,49759,10
13.0028400421,80.2567825317,49759,49769,10
13.0025501251,80.256729126,49769,49779,10
13.0021896362,80.256652832,49779,49789,10
13.0018796921,80.2566223145,49789,49870,81
13.0018796921,80.2566223145,49870,49880,10
13.0013198853,80.2565078735,49880,49890,10
13.0006799698,80.256401062,49890,49900,10
13.0000896454,80.2562789917,49900,49911,11
12.9996299744,80.2562179565,49911,49921,10
12.9991502762,80.2561187744,49921,49929,8
12.99862957,80.2560195923,49929,49952,23
12.99862957,80.2560195923,49952,49961,9
12.9984502792,80.2559814453,49961,49973,12
12.9980096817,80.2559204102,49973,49983,10
12.9975299835,80.2559204102,49983,50023,40
12.9975299835,80.2559204102,50023,50034,11
12.9972496033,80.2558364868,50034,50044,10
12.9969301224,80.2558364868,50044,50053,9
12.9967298508,80.255859375,50053,50063,10
12.9962396622,80.2558670044,50063,50073,10
12.9957199097,80.255859375,50073,50083,10
12.9952697754,80.2558670044,50083,50094,11
12.9945402145,80.2559127808,50094,50103,9
12.9940004349,80.2559661865,50103,50113,10
12.993180275,80.2560119629,50113,50124,11
12.9921998978,80.2560501099,50124,50134,10
12.9914598465,80.2560119629,50134,50144,10
12.9908704758,80.2559967041,50144,50154,10
12.9905996323,80.2559814453,50154,50164,10
12.9902200699,80.2559661865,50164,50175,11
12.9894199371,80.2559585571,50175,50185,10
12.9886398315,80.2559432983,50185,50194,9
12.9885902405,80.2559432983,50194,50204,10
12.9880800247,80.2558517456,50204,50225,21
12.9880800247,80.2558517456,50225,50235,10
12.987950325,80.2558364868,50235,50248,13
12.9876403809,80.2559127808,50248,50258,10
12.987569809,80.2565765381,50258,50268,10
12.9874696732,80.2574310303,50268,50278,10
12.9873895645,80.2583084106,50278,50288,10
12.9873600006,80.2586135864,50288,50298,10
12.9872398376,80.2592391968,50298,50571,273
12.987159729,80.259552002,50571,51014,443
12.987159729,80.259552002,51014,51024,10
12.9870300293,80.2592086792,51024,51107,83
12.9870300293,80.2592086792,51107,51117,10
12.9873304367,80.2590026855,51117,51127,10
12.9873600006,80.2586288452,51127,51137,10
12.9873895645,80.2580413818,51137,51147,10
12.9874200821,80.2573623657,51147,51157,10
12.9874696732,80.2568130493,51157,51228,71
12.9874696732,80.2568130493,51228,51238,10
12.9875297546,80.2565307617,51238,51248,10
12.9875402451,80.2560577393,51248,51258,10
12.9876098633,80.2557678223,51258,51268,10
12.9878501892,80.2557373047,51268,51278,10
12.9885196686,80.255859375,51278,51299,21
12.9885196686,80.255859375,51299,51309,10
12.9886798859,80.2558670044,51309,51319,10
12.9888296127,80.255897522,51319,51329,10
12.9889802933,80.2559204102,51329,51339,10
12.9894599915,80.2559967041,51339,51349,10
12.9901599884,80.256072998,51349,51359,10
12.9905004501,80.2560119629,51359,51369,10
12.990819931,80.2560195923,51369,51379,10
12.991399765,80.2560272217,51379,51389,10
12.9922800064,80.2560195923,51389,51399,10
12.9930801392,80.2560119629,51399,51410,11
12.9939899445,80.2559814453,51410,51420,10
12.9947395325,80.255897522,51420,51430,10
12.9955396652,80.2558898926,51430,51440,10
12.9964504242,80.2558670044,51440,51480,40
12.9964504242,80.2558670044,51480,51490,10
12.9968004227,80.2558898926,51490,51500,10
12.9970598221,80.2559280396,51500,51511,11
12.997420311,80.2559204102,51511,51521,10
12.9979200363,80.2559204102,51521,51531,10
12.9984302521,80.2559509277,51531,51541,10
12.9989299774,80.2560272217,51541,51551,10
12.9989795685,80.2560577393,51551,51561,10
12.9991798401,80.2561264038,51561,51601,40
12.9991798401,80.2561264038,51601,51611,10
12.9994297028,80.2561264038,51611,51622,11
12.9999103546,80.2562637329,51622,51632,10
13.000459671,80.2564086914,51632,51642,10
13.0010204315,80.2564468384,51642,51662,20
13.0010204315,80.2564468384,51662,51672,10
13.0012903214,80.2565002441,51672,51682,10
13.0016899109,80.2565765381,51682,51692,10
13.002289772,80.2566680908,51692,51702,10
13.0027599335,80.2567596436,51702,51712,10
13.0032997131,80.2567977905,51712,51723,11
13.0037498474,80.256942749,51723,51733,10
13.0037698746,80.256942749,51733,51743,10
13.0043001175,80.2570266724,51743,51753,10
13.0050001144,80.2570800781,51753,51763,10
13.0063800812,80.2574386597,51763,51793,30
13.0063800812,80.2574386597,51793,51803,10
13.0065698624,80.2574691772,51803,51813,10
13.0065002441,80.2569580078,51813,51823,10
13.0064401627,80.2562179565,51823,51834,11
13.006480217,80.2554321289,51834,51844,10
13.006529808,80.2548522949,51844,51854,10
13.0065097809,80.2540664673,51854,51864,10
13.006529808,80.2533493042,51864,51874,10
13.0065202713,80.2531585693,51874,51884,10
13.0065097809,80.2529907227,51884,51894,10
13.0065097809,80.2526779175,51894,51904,10
13.0065698624,80.2523193359,51904,51914,10
13.0066699982,80.2517776489,51914,51995,81
13.0066699982,80.2517776489,51995,52006,11
13.0067501068,80.2514419556,52006,52016,10
13.0067501068,80.2509536743,52016,52026,10
13.0067300797,80.2503128052,52026,52035,9
13.0067501068,80.24949646,52035,52045,10
13.0066995621,80.2487182617,52045,52055,10
13.0066604614,80.2483901978,52055,52085,30
13.0066604614,80.2483901978,52085,52095,10
13.0066795349,80.2480926514,52095,52107,12
13.0066604614,80.2475509644,52107,52115,8
13.0066699982,80.2470779419,52115,52129,14
13.0066204071,80.2464523315,52129,52139,10
13.0066204071,80.2463226318,52139,52150,11
13.0066099167,80.2456588745,52150,52160,10
13.0066003799,80.2448577881,52160,52170,10
13.0066099167,80.2442169189,52170,52180,10
13.0065698624,80.2436599731,52180,52190,10
13.0065603256,80.2431793213,52190,52200,10
13.0065402985,80.2424926758,52200,52210,10
13.0065402985,80.2418670654,52210,52220,10
13.0065603256,80.2414093018,52220,52230,10
13.0065698624,80.2410888672,52230,52240,10
13.0066003799,80.2408065796,52240,52250,10
13.0066995621,80.240196228,52250,52261,11
13.0068998337,80.2393798828,52261,52271,10
13.0070495605,80.2385406494,52271,52281,10
13.0072498322,80.2377319336,52281,52291,10
13.007399559,80.2370376587,52291,52301,10
13.0075502396,80.2362670898,52301,52311,10
13.0077199936,80.2354125977,52311,52321,10
13.0078802109,80.2345809937,52321,52331,10
13.0080900192,80.2336196899,52331,52341,10
13.0082798004,80.2325820923,52341,52351,10
13.0084896088,80.2315216064,52351,52362,11
13.0087299347,80.2303619385,52362,52372,10
13.008939743,80.2292861938,52372,52380,8
13.0090999603,80.2284927368,52380,52392,12
13.009519577,80.2274780273,52392,52402,10
13.0099096298,80.2266082764,52402,52412,10
13.0102796555,80.2258224487,52412,52422,10
13.0104799271,80.2252807617,52422,52432,10
13.0106801987,80.2249526978,52432,52442,10
13.0108804703,80.2244567871,52442,52452,10
13.0111904144,80.2237701416,52452,52461,9
13.0113697052,80.2232513428,52461,52483,22
13.0113697052,80.2232513428,52483,52493,10
13.0114297867,80.2230377197,52493,52503,10
13.0116100311,80.2226028442,52503,52513,10
13.0119304657,80.2218093872,52513,52523,10
13.0122804642,80.2214202881,52523,52533,10
13.0125198364,80.2216873169,52533,52543,10
13.0129499435,80.2222976685,52543,52553,10
13.0135002136,80.2229385376,52553,52563,10
13.013999939,80.2233734131,52563,52574,11
13.0142698288,80.2236785889,52574,52584,10
13.0147104263,80.2242202759,52584,52594,10
13.0151901245,80.2248001099,52594,52604,10
13.0154895782,80.2250137329,52604,52614,10
13.0155000687,80.2250213623,52614,52624,10
13.0157804489,80.2252807617,52624,52634,10
13.0164003372,80.2253417969,52634,52644,10
13.0172700882,80.2250213623,52644,52654,10
13.0181999207,80.2246398926,52654,52664,10
13.0193500519,80.2243118286,52664,52685,21
13.0193500519,80.2243118286,52685,52695,10
13.0194997787,80.2244110107,52695,52707,12
13.019659996,80.2245407104,52707,52717,10
13.0199403763,80.2247314453,52717,52727,10
13.0202903748,80.2249832153,52727,52737,10
13.0207195282,80.2253189087,52737,52745,8
13.0210599899,80.2255706787,52745,52755,10
13.0215396881,80.2259292603,52755,52765,10
13.0221395493,80.2263793945,52765,52775,10
13.0226602554,80.2268066406,52775,52788,13
13.0232696533,80.2273483276,52788,52795,7
13.0235500336,80.2276000977,52795,52808,13
13.0242004395,80.2283401489,52808,52818,10
13.0246295929,80.2289505005,52818,52826,8
13.0250501633,80.2294998169,52826,52838,12
13.025639534,80.2303695679,52838,52848,10
13.0258903503,80.2309265137,52848,52858,10
13.0260601044,80.2315216064,52858,52868,10
13.0262298584,80.2321395874,52868,52878,10
13.0264797211,80.2327880859,52878,52888,10
13.0267601013,80.233291626,52888,52899,11
13.0272302628,80.2340621948,52899,52909,10
13.0276603699,80.2348022461,52909,52919,10
13.0279598236,80.2353363037,52919,52929,10
13.0284404755,80.2359390259,52929,52939,10
13.0289201736,80.2364501953,52939,52949,10
13.0294303894,80.2370223999,52949,52959,10
13.029709816,80.2373962402,52959,52969,10
13.0297899246,80.2375183105,52969,52979,10
13.0300397873,80.2379608154,52979,52989,10
13.0303602219,80.2384796143,52989,53000,11
13.0306797028,80.2389907837,53000,53020,20
13.0307397842,80.2391662598,53020,53040,20
13.0307397842,80.2391662598,53040,53050,10
13.0308303833,80.2393875122,53050,53060,10
13.0310096741,80.2396697998,53060,53070,10
13.0312004089,80.239982605,53070,53080,10
13.031370163,80.2402420044,53080,53090,10
13.031419754,80.2407073975,53090,53101,11
13.0316400528,80.2411499023,53101,53111,10
13.0318698883,80.2416381836,53111,53121,10
13.0321397781,80.2421417236,53121,53131,10
13.0323801041,80.2423782349,53131,53151,20
13.0323801041,80.2423782349,53151,53161,10
13.0326795578,80.242729187,53161,53171,10
13.0330896378,80.2432479858,53171,53181,10
13.0335302353,80.2439575195,53181,53191,10
13.0339603424,80.2446136475,53191,53201,10
13.0344104767,80.2451019287,53201,53212,11
13.0348501205,80.2455596924,53212,53222,10
13.0352802277,80.2457962036,53222,53232,10
13.03565979,80.2460327148,53232,53242,10
13.0356702805,80.2460479736,53242,53252,10
13.0358200073,80.2461624146,53252,53262,10
13.0361700058,80.2463302612,53262,53272,10
13.0367803574,80.2464599609,53272,53282,10
13.0373401642,80.246421814,53282,53292,10
13.0377998352,80.2464370728,53292,53302,10
13.0383300781,80.2466201782,53302,53313,11
13.0389604568,80.2469024658,53313,53353,40
13.0389604568,80.2469024658,53353,53363,10
13.0393600464,80.2469711304,53363,53373,10
13.0397500992,80.2470092773,53373,53383,10
13.0404100418,80.2471389771,53383,53393,10
13.0408201218,80.2472381592,53393,53403,10
13.0409097672,80.2472991943,53403,53413,10
13.0412502289,80.2473602295,53413,53424,11
13.0417699814,80.2475585938,53424,53434,10
13.0423002243,80.2475891113,53434,53444,10
13.0428695679,80.2478790283,53444,53454,10
13.0434904099,80.2480010986,53454,53464,10
13.0439395905,80.2478866577,53464,53474,10
13.0444002151,80.2478866577,53474,53484,10
13.0448503494,80.2479019165,53484,53494,10
13.0452098846,80.2481002808,53494,53504,10
13.0456895828,80.248336792,53504,53514,10
13.0462703705,80.2484512329,53514,53525,11
13.0468702316,80.2483978271,53525,53535,10
13.0469398499,80.2484283447,53535,53545,10
13.0470600128,80.2484664917,53545,53555,10
13.0473604202,80.2486190796,53555,53565,10
13.0476903915,80.2489471436,53565,53575,10
13.04804039,80.2492828369,53575,53585,10
13.0482597351,80.2495269775,53585,53595,10
13.0485897064,80.2497329712,53595,53605,10
13.0491199493,80.2497787476,53605,53616,11
13.0497398376,80.2498474121,53616,53625,9
13.0504703522,80.25,53625,53635,10
13.0512304306,80.2501678467,53635,53645,10
13.0519199371,80.2505722046,53645,53657,12
13.0525503159,80.2513504028,53657,53665,8
13.0530099869,80.2519226074,53665,53677,12
13.0536804199,80.252822876,53677,53687,10
13.0541801453,80.2535018921,53687,53697,10
13.0546398163,80.2540664673,53697,53706,9
13.054889679,80.2543716431,53706,53717,11
13.0551900864,80.2547225952,53717,53726,9
13.0555095673,80.2551574707,53726,53736,10
13.0557899475,80.255569458,53736,53746,10
13.0559902191,80.2558898926,53746,53756,10
13.0561704636,80.2561416626,53756,53768,12
13.0564098358,80.256439209,53768,53778,10
13.0567102432,80.256729126,53778,53786,8
13.0567998886,80.2567901611,53786,53796,10
13.0570297241,80.2569274902,53796,53806,10
13.0574302673,80.2572631836,53806,53816,10
13.0577001572,80.2574386597,53816,53826,10
13.0580701828,80.2579803467,53826,53838,12
13.0584497452,80.2585372925,53838,53849,11
13.0588598251,80.2590103149,53849,53859,10
13.059129715,80.2594985962,53859,53869,10
13.0595397949,80.259979248,53869,53879,10
13.0600996017,80.2604980469,53879,53889,10
13.0605096817,80.2609634399,53889,53899,10
13.060669899,80.261177063,53899,53909,10
13.0606803894,80.2612915039,53909,53919,10
13.060959816,80.2616119385,53919,53929,10
13.0614299774,80.2620391846,53929,53939,10
13.0617198944,80.2624664307,53939,53950,11
13.0617799759,80.2625427246,53950,53960,10
13.0619401932,80.2627410889,53960,53970,10
13.0621995926,80.2630767822,53970,53980,10
13.0625200272,80.2634735107,53980,53990,10
13.0627698898,80.2638015747,53990,54000,10
13.0631303787,80.2641906738,54000,54010,10
13.0631904602,80.2642822266,54010,54020,10
13.0632896423,80.2644577026,54020,54030,10
13.0635795593,80.2648620605,54030,54040,10
13.0638904572,80.2652587891,54040,54050,10
13.064040184,80.2655563354,54050,54061,11
13.0642299652,80.265838623,54061,54071,10
13.0643701553,80.2659606934,54071,54081,10
13.0645198822,80.2661590576,54081,54091,10
13.064620018,80.2663421631,54091,54101,10
13.0647697449,80.2665405273,54101,54111,10
13.0649995804,80.2667999268,54111,54121,10
13.0653896332,80.2670898438,54121,54131,10
13.0656700134,80.2673873901,54131,54141,10
13.0659999847,80.2678604126,54141,54151,10
13.0662899017,80.2682189941,54151,54162,11
13.0665397644,80.268371582,54162,54172,10
13.0668802261,80.2685089111,54172,54202,30
13.0668802261,80.2685089111,54202,54212,10
13.0671195984,80.2686767578,54212,54222,10
13.0675497055,80.2690124512,54222,54232,10
13.0680904388,80.269317627,54232,54242,10
13.0683202744,80.2691574097,54242,54252,10
13.0684604645,80.2686309814,54252,54262,10
13.0686101913,80.2681808472,54262,54273,11
13.0687503815,80.267906189,54273,54283,10
13.0688695908,80.2675018311,54283,54293,10
13.0691404343,80.2671203613,54293,54303,10
13.0694303513,80.266746521,54303,54313,10
13.0697002411,80.266418457,54313,54323,10
13.0699596405,80.2661437988,54323,54333,10
13.0702600479,80.265838623,54333,54353,20
13.0702600479,80.265838623,54353,54363,10
13.0706501007,80.2654571533,54363,54374,11
13.0709400177,80.2650680542,54374,54384,10
13.071269989,80.264793396,54384,54394,10
13.0716896057,80.2642822266,54394,54404,10
13.0720396042,80.2639770508,54404,54414,10
13.0723104477,80.2634811401,54414,54424,10
13.0725002289,80.2629318237,54424,54434,10
13.0728597641,80.2620162964,54434,54454,20
13.0728597641,80.2620162964,54454,54464,10
13.0729904175,80.2616577148,54464,54474,10
13.0730695724,80.2612762451,54474,54485,11
13.0732803345,80.2612075806,54485,54495,10
13.0736503601,80.2615585327,54495,54505,10
13.0740203857,80.2619934082,54505,54515,10
13.0743598938,80.2623901367,54515,54525,10
13.0747499466,80.2629013062,54525,54535,10
13.0752096176,80.2635421753,54535,54545,10
13.0757198334,80.2641677856,54545,54555,10
13.0762901306,80.2641372681,54555,54565,10
13.0767803192,80.2640914917,54565,54575,10
13.0774002075,80.2638778687,54575,54586,11
13.0780696869,80.2633895874,54586,54596,10
13.0779895782,80.2629776001,54596,54606,10
13.0777902603,80.2623062134,54606,54616,10
13.0775098801,80.2615432739,54616,54626,10
13.0772800446,80.260887146,54626,54647,21
13.0772800446,80.260887146,54647,54656,9
13.0773000717,80.2607803345,54656,54667,11
13.0771102905,80.2604904175,54667,54676,9
13.0768404007,80.2602005005,54676,54687,11
13.0762996674,80.2597808838,54687,54696,9
13.0758104324,80.2593612671,54696,54708,12
13.0755300522,80.2586669922,54708,54718,10
13.0754404068,80.2582321167,54718,54728,10
13.075799942,80.2578811646,54728,54738,10
13.0763196945,80.2574386597,54738,54748,10
13.0769300461,80.256942749,54748,54757,9
13.0775203705,80.2567062378,54757,54768,11
13.0783596039,80.2566223145,54768,54777,9
13.0789003372,80.2565612793,54777,54788,11
13.0789699554,80.2564926147,54788,54799,11
13.0790300369,80.2560501099,54799,54809,10
13.0789899826,80.2554473877,54809,54860,51
13.0789899826,80.2554473877,54860,54870,10
13.0789203644,80.2549972534,54870,54880,10
13.0789403915,80.2547912598,54880,54890,10
13.0790395737,80.2545318604,54890,54901,11
13.0793600082,80.2545166016,54901,54911,10
13.0796699524,80.2545471191,54911,54921,10
13.0796899796,80.2545471191,54921,54931,10
13.0799303055,80.2546234131,54931,54941,10
13.0802602768,80.2547073364,54941,54951,10
13.0807600021,80.2547912598,54951,54961,10
13.0812702179,80.2548065186,54961,54971,10
13.0815896988,80.2545394897,54971,54981,10
13.0817804337,80.2541503906,54981,54991,10
13.0818595886,80.2536392212,54991,55001,10
13.0818996429,80.253288269,55001,55012,11
13.0817298889,80.2527389526,55012,55022,10
13.081410408,80.2518463135,55022,55062,40
13.081410408,80.2518463135,55062,55072,10
13.0813598633,80.251449585,55072,55113,41
13.0813102722,80.2510604858,55113,55163,50
13.0812997818,80.2506637573,55163,55193,30
13.0813302994,80.2502593994,55193,55234,41
13.0813302994,80.2502593994,55234,55244,10
13.0812597275,80.24974823,55244,55264,20
13.0812597275,80.24974823,55264,55274,10
13.0815401077,80.2496414185,55274,55284,10
13.0819101334,80.2496566772,55284,55294,10
13.0823297501,80.249671936,55294,55304,10
13.0828199387,80.2497329712,55304,55314,10
13.0832996368,80.249786377,55314,55325,11
13.0837602615,80.2498321533,55325,55335,10
13.0842103958,80.2499694824,55335,55345,10
13.08452034,80.2500534058,55345,55355,10
13.0849704742,80.2501296997,55355,55365,10
13.0854196548,80.2502212524,55365,55375,10
13.0855503082,80.25025177,55375,55385,10
13.0858001709,80.25,55385,55395,10
13.0858201981,80.2493133545,55395,55405,10
13.0857896805,80.248550415,55405,55415,10
13.0857400894,80.2477493286,55415,55425,10
13.085729599,80.2468490601,55425,55436,11
13.0857000351,80.2466506958,55436,55446,10
13.0856895447,80.2463531494,55446,55456,10
13.0856599808,80.2455368042,55456,55496,40
13.0854501724,80.245300293,55496,55516,20
13.0854501724,80.245300293,55516,55526,10
13.0854997635,80.2452011108,55526,55538,12
13.0856800079,80.2450408936,55538,55548,10
13.0859899521,80.2447662354,55548,55556,8
13.0864200592,80.2444610596,55556,55568,12
13.0870599747,80.2439193726,55568,55576,8
13.087439537,80.2436218262,55576,55586,10
13.0877304077,80.243270874,55586,55598,12
13.0878696442,80.2426376343,55598,55608,10
13.0880699158,80.2421188354,55608,55616,8
13.0884103775,80.2417221069,55616,55628,12
13.0888395309,80.2410888672,55628,55637,9
13.0893201828,80.2407608032,55637,55647,10
13.0905103683,80.2407836914,55647,55659,12
13.0917196274,80.2408294678,55659,55667,8
13.0922899246,80.2408370972,55667,55677,10
13.0929698944,80.2409210205,55677,55687,10
13.0942602158,80.2411422729,55687,55707,20
13.0942602158,80.2411422729,55707,55717,10
13.094619751,80.2412490845,55717,55727,10
13.0950498581,80.2413711548,55727,55738,11
13.0956401825,80.2415466309,55738,55750,12
13.0967798233,80.2419815063,55750,55790,40
13.0970897675,80.2420196533,55790,55810,20
13.0970897675,80.2420196533,55810,55820,10
13.097240448,80.2420883179,55820,55830,10
13.0975999832,80.2422027588,55830,55840,10
13.098110199,80.2423019409,55840,55850,10
13.0985097885,80.2422866821,55850,55881,31
13.0985097885,80.2422866821,55881,55891,10
13.098739624,80.2421264648,55891,55901,10
13.0986499786,80.2419204712,55901,55911,10
13.0985498428,80.2420806885,55911,56446,535
13.0985498428,80.2420806885,56446,56456,10
13.0983600616,80.2423934937,56456,56466,10
13.0980501175,80.2423095703,56466,56476,10
13.0975799561,80.2422180176,56476,56488,12
13.0972099304,80.2421112061,56488,56497,9
13.0967798233,80.2419509888,56497,56509,12
13.0960998535,80.2417221069,56509,56519,10
13.0956802368,80.2415618896,56519,56529,10
13.0953598022,80.2414398193,56529,56538,9
13.0950698853,80.2413406372,56538,56548,10
13.0946397781,80.2412490845,56548,56559,11
13.0940599442,80.2411422729,56559,56569,10
13.093580246,80.2410583496,56569,56579,10
13.0935096741,80.2410507202,56579,56588,9
13.0932998657,80.2410202026,56588,56600,12
13.0929002762,80.2409820557,56600,56610,10
13.0923204422,80.2408905029,56610,56618,8
13.0918998718,80.2408828735,56618,56628,10
13.0912399292,80.2408599854,56628,56638,10
13.0903997421,80.2408599854,56638,56650,12
13.0895795822,80.2410583496,56650,56658,8
13.0891103745,80.2414093018,56658,56668,10
13.0883903503,80.2419281006,56668,56678,10
13.0879001617,80.2426300049,56678,56688,10
13.0878200531,80.2432022095,56688,56698,10
13.0877103806,80.2434463501,56698,56711,13
13.0871295929,80.2440109253,56711,56721,10
13.0865402222,80.2445220947,56721,56731,10
13.0859804153,80.2449493408,56731,56741,10
13.0856599808,80.245262146,56741,56751,10
13.0855903625,80.2456207275,56751,56761,10
13.0856599808,80.2459793091,56761,56771,10
13.0857496262,80.2465515137,56771,56781,10
13.0857095718,80.2466583252,56781,56791,10
13.0857000351,80.2470321655,56791,56801,10
13.0857801437,80.2476730347,56801,56812,11
13.0858201981,80.2484130859,56812,56822,10
13.085849762,80.2491836548,56822,56832,10
13.0858898163,80.2499313354,56832,56842,10
13.0858602524,80.2503662109,56842,56852,10
13.0857696533,80.2508392334,56852,56862,10
13.0857095718,80.251373291,56862,56872,10
13.0856599808,80.2519683838,56872,56882,10
13.0856103897,80.252456665,56882,56892,10
13.0855703354,80.2529907227,56892,56902,10
13.0855903625,80.2533874512,56902,56913,11
13.0856103897,80.2539367676,56913,56923,10
13.085650444,80.2545166016,56923,56933,10
13.0854301453,80.2546768188,56933,56943,10
13.0848197937,80.2546463013,56943,56953,10
13.0839395523,80.2545623779,56953,56973,20
13.0839395523,80.2545623779,56973,56983,10
13.0836896896,80.2545471191,56983,56993,10
13.0831604004,80.2545318604,56993,57003,10
13.0826196671,80.2545013428,57003,57013,10
13.0821895599,80.2544784546,57013,57024,11
13.0816402435,80.254737854,57024,57034,10
13.0812702179,80.2548370361,57034,57044,10
13.0808601379,80.2548294067,57044,57054,10
13.0807199478,80.2547912598,57054,57064,10
13.0803403854,80.2547302246,57064,57074,10
13.0798997879,80.2546386719,57074,57084,10
13.0794696808,80.2546386719,57084,57114,30
13.0794696808,80.2546386719,57114,57125,11
13.0791797638,80.2546005249,57125,57135,10
13.0789299011,80.2547302246,57135,57145,10
13.0789604187,80.2551574707,57145,57155,10
13.0790195465,80.2559432983,57155,57165,10
13.0790901184,80.2565002441,57165,57185,20
13.0790901184,80.2565002441,57185,57195,10
13.0791397095,80.2565612793,57195,57205,10
13.0788602829,80.2566833496,57205,57215,10
13.0783996582,80.2566604614,57215,57225,10
13.0778398514,80.2566986084,57225,57236,11
13.0771999359,80.2568435669,57236,57246,10
13.0766401291,80.2571792603,57246,57256,10
13.0761003494,80.2576828003,57256,57266,10
13.0756196976,80.2580871582,57266,57276,10
13.0754699707,80.2585525513,57276,57286,10
13.0756998062,80.2592391968,57286,57296,10
13.0762195587,80.2598190308,57296,57306,10
13.0766496658,80.2602005005,57306,57316,10
13.0770301819,80.260597229,57316,57326,10
13.0772800446,80.2610168457,57326,57337,11
13.0775003433,80.2614822388,57337,57347,10
13.0777702332,80.2621002197,57347,57377,30
13.0777702332,80.2621002197,57377,57387,10
13.0777597427,80.2623977661,57387,57397,10
13.0778503418,80.2626495361,57397,57407,10
13.0779495239,80.2629776001,57407,57417,10
13.0782403946,80.2634429932,57417,57427,10
13.0779399872,80.2636489868,57427,57437,10
13.0775098801,80.2639465332,57437,57448,11
13.0771999359,80.2641220093,57448,57458,10
13.0768299103,80.2641830444,57458,57469,11
13.0761404037,80.2642669678,57469,57479,10
13.0757799149,80.2642822266,57479,57490,11
13.0755596161,80.2640762329,57490,57499,9
13.0752296448,80.2635879517,57499,57510,11
13.0747995377,80.2630081177,57510,57519,9
13.074549675,80.2626571655,57519,57529,10
13.0740804672,80.2621002197,57529,57540,11
13.0736904144,80.2616577148,57540,57551,11
13.0736503601,80.2615966797,57551,57561,10
13.0733804703,80.2613830566,57561,57571,10
13.0730600357,80.2615966797,57571,57581,10
13.0728597641,80.2621688843,57581,57591,10
13.0726604462,80.2627563477,57591,57601,10
13.0724601746,80.2632904053,57601,57611,10
13.0721902847,80.2638931274,57611,57621,10
13.071849823,80.2643203735,57621,57631,10
13.0715398788,80.2646484375,57631,57641,10
13.0714702606,80.2647171021,57641,57652,11
13.0713195801,80.2648468018,57652,57662,10
13.0711898804,80.2650222778,57662,57672,10
13.0709495544,80.265296936,57672,57682,10
13.0705604553,80.2657089233,57682,57692,10
13.0701799393,80.2661132813,57692,57702,10
13.0699300766,80.2663574219,57702,57712,10
13.0698795319,80.2663879395,57712,57722,10
13.0697097778,80.2666015625,57722,57732,10
13.0693502426,80.266960144,57732,57742,10
13.0689601898,80.2673721313,57742,57752,10
13.0687503815,80.2679214478,57752,57763,11
13.0685901642,80.2684631348,57763,57773,10
13.0684700012,80.2687911987,57773,57783,10
13.0683498383,80.2692337036,57783,57793,10
13.06828022,80.2695922852,57793,57803,10
13.0681800842,80.270072937,57803,57813,10
13.0681600571,80.2703018188,57813,57823,10
13.0681400299,80.2706069946,57823,57833,10
13.0680799484,80.2708969116,57833,57843,10
13.0677995682,80.2709579468,57843,57852,9
13.0675096512,80.2706832886,57852,57864,12
13.0670795441,80.2702026367,57864,57874,10
13.0666799545,80.2697677612,57874,57884,10
13.0664901733,80.2693481445,57884,57894,10
13.0664300919,80.2690200806,57894,57904,10
13.0664300919,80.2686309814,57904,57914,10
13.0664196014,80.2685165405,57914,57924,10
13.0662002563,80.2682571411,57924,57934,10
13.0658302307,80.267829895,57934,57944,10
13.065580368,80.2677078247,57944,57954,10
13.0654401779,80.2677001953,57954,57964,10
13.0652198792,80.2676696777,57964,57975,11
13.0651302338,80.2676391602,57975,57985,10
13.0647802353,80.2675704956,57985,57995,10
13.0644197464,80.2674865723,57995,58005,10
13.0642995834,80.2674789429,58005,58015,10
13.0640096664,80.2674026489,58015,58025,10
13.0636100769,80.2673492432,58025,58035,10
13.0632400513,80.2672805786,58035,58045,10
13.0628595352,80.2671737671,58045,58055,10
13.0624799728,80.2668304443,58055,58065,10
13.0621595383,80.266456604,58065,58076,11
13.061750412,80.2659378052,58076,58086,10
13.0613603592,80.2654571533,58086,58096,10
13.060959816,80.2651977539,58096,58106,10
13.0606002808,80.2653427124,58106,58116,10
13.0604496002,80.2654418945,58116,58126,10
13.0602903366,80.2655334473,58126,58136,10
13.0597696304,80.2655792236,58136,58146,10
13.059220314,80.2655029297,58146,58156,10
13.0585699081,80.2653884888,58156,58166,10
13.0581197739,80.2650909424,58166,58176,10
13.0580101013,80.2644805908,58176,58187,11
13.0579500198,80.2639694214,58187,58197,10
13.0579099655,80.2634277344,58197,58207,10
13.057849884,80.2628631592,58207,58217,10
13.0577898026,80.2624969482,58217,58227,10
13.0577096939,80.2620391846,58227,58237,10
13.0575895309,80.2615509033,58237,58247,10
13.0574798584,80.2609481812,58247,58257,10
13.0572595596,80.2602233887,58257,58267,10
13.0570697784,80.2594985962,58267,58277,10
13.0569095612,80.2590408325,58277,58288,11
13.0567302704,80.2584762573,58288,58298,10
13.0566301346,80.2579498291,58298,58308,10
13.0565299988,80.2574462891,58308,58318,10
13.056520462,80.2573928833,58318,58328,10
13.0564699173,80.2570571899,58328,58338,10
13.0563898087,80.2566833496,58338,58348,10
13.0562000275,80.2563095093,58348,58358,10
13.0558395386,80.2557907104,58358,58368,10
13.0553197861,80.2550811768,58368,58380,12
13.0547199249,80.2543029785,58380,58391,11
13.0543403625,80.2538375854,58391,58401,10
13.0541000366,80.2535476685,58401,58411,10
13.0540800095,80.2535095215,58411,58421,10
13.053899765,80.2532577515,58421,58431,10
13.0536203384,80.2528381348,58431,58439,8
13.0533304214,80.2524185181,58439,58449,10
13.0528802872,80.2518005371,58449,58461,12
13.0523099899,80.2510375977,58461,58471,10
13.0517702103,80.2504577637,58471,58481,10
13.0510597229,80.2500991821,58481,58492,11
13.0500602722,80.2498779297,58492,58502,10
13.0492801666,80.249786377,58502,58512,10
13.0488500595,80.2497329712,58512,58522,10
13.0485401154,80.2496414185,58522,58532,10
13.0480098724,80.2493133545,58532,58542,10
13.0474500656,80.2488327026,58542,58552,10
13.0470399857,80.2486419678,58552,58562,10
13.0470199585,80.2486419678,58562,58572,10
13.0469198227,80.248626709,58572,58582,10
13.0467195511,80.2486495972,58582,58592,10
13.0463695526,80.2485733032,58592,58603,11
13.0457496643,80.2484207153,58603,58613,10
13.0453500748,80.2482299805,58613,58623,10
13.0449895859,80.2481307983,58623,58633,10
13.0443601608,80.2480392456,58633,58643,10
13.0438604355,80.2479629517,58643,58653,10
13.043680191,80.2479324341,58653,58663,10
13.043419838,80.2478713989,58663,58673,10
13.0429401398,80.2477416992,58673,58683,10
13.0423603058,80.2476272583,58683,58692,9
13.0419197083,80.247543335,58692,58704,12
13.0416002274,80.2474899292,58704,58714,10
13.0415201187,80.247467041,58714,58724,10
13.0411195755,80.2473831177,58724,58734,10
13.0404596329,80.2472610474,58734,58744,10
13.0400800705,80.2471923828,58744,58754,10
13.040019989,80.247177124,58754,58764,10
13.0399398804,80.247177124,58764,58774,10
13.0397195816,80.2471313477,58774,58784,10
13.0393104553,80.2470169067,58784,58794,10
13.0386800766,80.2468490601,58794,58803,9
13.0381202698,80.2467498779,58803,58815,12
13.0373897552,80.2466278076,58815,58825,10
13.0367603302,80.2465133667,58825,58835,10
13.0362701416,80.2463912964,58835,58845,10
13.0357198715,80.2462234497,58845,58855,10
13.0352401733,80.2460632324,58855,58865,10
13.0352096558,80.2460632324,58865,58875,10
13.0349397659,80.2459182739,58875,58885,10
13.0347003937,80.2455596924,58885,58895,10
13.0343503952,80.2450714111,58895,58905,10
13.0339202881,80.2445831299,58905,58916,11
13.0333299637,80.2437896729,58916,58926,10
13.0327796936,80.2431182861,58926,58936,10
13.0325403214,80.2428207397,58936,58986,50
13.0325403214,80.2428207397,58986,58996,10
13.032409668,80.2426376343,58996,59016,20
13.032409668,80.2426376343,59016,59027,11
13.0322904587,80.2424468994,59027,59037,10
13.0321903229,80.2423095703,59037,59047,10
13.0320501328,80.2421264648,59047,59168,121
13.0320501328,80.2421264648,59168,59178,10
13.0319499969,80.2419204712,59178,59188,10
13.0317401886,80.2414474487,59188,59198,10
13.0314102173,80.2407608032,59198,59239,41
13.0313796997,80.2406616211,59239,59279,40
13.0313796997,80.2406616211,59279,59289,10
13.0313596725,80.2406234741,59289,59300,11
13.0313100815,80.2405395508,59300,59309,9
13.0311603546,80.2402572632,59309,59371,62
13.0311603546,80.2402572632,59371,59379,8
13.0310297012,80.2399368286,59379,59391,12
13.0306596756,80.2392425537,59391,59401,10
13.0302095413,80.2384719849,59401,59410,9
13.0297899246,80.2377319336,59410,59421,11
13.029250145,80.2370071411,59421,59431,10
13.0291204453,80.2368621826,59431,59440,9
13.0290002823,80.2367019653,59440,59450,10
13.0285797119,80.2362289429,59450,59462,12
13.0278997421,80.2354278564,59462,59470,8
13.0275201797,80.2347488403,59470,59482,12
13.0269002914,80.2337188721,59482,59492,10
13.0265102386,80.2330627441,59492,59500,8
13.0262498856,80.2324676514,59500,59512,12
13.0260400772,80.2316894531,59512,59520,8
13.0259103775,80.2311477661,59520,59532,12
13.0254402161,80.2301483154,59532,59540,8
13.0250501633,80.2296218872,59540,59553,13
13.024600029,80.2290420532,59553,59563,10
13.0239601135,80.2282791138,59563,59593,30
13.0239601135,80.2282791138,59593,59603,10
13.023900032,80.228187561,59603,59613,10
13.0237102509,80.2279281616,59613,59623,10
13.0233697891,80.2276000977,59623,59633,10
13.0229501724,80.2271881104,59633,59643,10
13.0223503113,80.2266693115,59643,59654,11
13.0216398239,80.22605896,59654,59664,10
13.0209703445,80.2255401611,59664,59674,10
13.0202703476,80.2250671387,59674,59684,10
13.019610405,80.2246170044,59684,59694,10
13.0186595917,80.224571228,59694,59704,10
13.0177898407,80.2249221802,59704,59714,10
13.0169496536,80.2252731323,59714,59724,10
13.0164003372,80.2254867554,59724,59734,10
13.0158500671,80.2257003784,59734,59744,10
13.0153198242,80.2258987427,59744,59754,10
13.0147399902,80.2261276245,59754,59765,11
13.014289856,80.2263183594,59765,59775,10
13.0142402649,80.2263412476,59775,59785,10
13.0141000748,80.2263870239,59785,59795,10
13.0136003494,80.2265777588,59795,59805,10
13.0128297806,80.2268600464,59805,59815,10
13.0119495392,80.2272033691,59815,59825,10
13.0110301971,80.2275695801,59825,59835,10
13.0101299286,80.2279434204,59835,59845,10
13.0093002319,80.2283096313,59845,59855,10
13.0090303421,80.2291030884,59855,59866,11
13.0088300705,80.230140686,59866,59876,10
13.0086603165,80.2311172485,59876,59886,10
13.0084896088,80.2320480347,59886,59896,10
13.0083303452,80.2328796387,59896,59906,10
13.0082397461,80.2336578369,59906,59936,30
13.0082397461,80.2336578369,59936,59946,10
13.0081100464,80.2340164185,59946,59956,10
13.008020401,80.2345428467,59956,59966,10
13.007900238,80.2351303101,59966,59977,11
13.0077600479,80.235786438,59977,59987,10
13.007610321,80.2366714478,59987,59997,10
13.0074396133,80.2375030518,59997,60007,10
13.0072898865,80.2383117676,60007,60017,10
13.0072002411,80.238822937,60017,60027,10
13.0071296692,80.2391891479,60027,60037,10
13.0070199966,80.2396774292,60037,60088,51
13.0070199966,80.2396774292,60088,60098,10
13.0069904327,80.2400436401,60098,60108,10
13.0069599152,80.2402267456,60108,60118,10
13.0068798065,80.2406921387,60118,60128,10
13.0068397522,80.2409210205,60128,60138,10
13.006819725,80.2409591675,60138,60148,10
13.0067796707,80.2414169312,60148,60158,10
13.0067596436,80.2421112061,60158,60168,10
13.0067396164,80.2428131104,60168,60178,10
13.0066900253,80.2434692383,60178,60189,11
13.0067100525,80.2442703247,60189,60199,10
13.0066995621,80.2449798584,60199,60209,10
13.0066995621,80.2455596924,60209,60219,10
13.0067100525,80.246131897,60219,60229,10
13.0067195892,80.246673584,60229,60239,10
13.0067195892,80.2473220825,60239,60249,10
13.0067100525,80.2481231689,60249,60259,10
13.0067396164,80.248916626,60259,60269,10
13.0067796707,80.2498779297,60269,60279,10
13.006819725,80.2508926392,60279,60300,21
13.006819725,80.2508926392,60300,60310,10
13.0068302155,80.2510910034,60310,60320,10
13.0067996979,80.2513885498,60320,60330,10
13.0066900253,80.2518997192,60330,60340,10
13.0065698624,80.2525863647,60340,60351,11
13.0065698624,80.2534484863,60351,60360,9
13.0065603256,80.25415802,60360,60370,10
13.0066204071,80.2550582886,60370,60391,21
13.0066204071,80.2550582886,60391,60402,11
13.0066204071,80.2552032471,60402,60412,10
13.0066299438,80.2555770874,60412,60422,10
13.0066299438,80.256187439,60422,60432,10
13.0066404343,80.2569198608,60432,60452,20
13.0066404343,80.2569198608,60452,60462,10
13.0066604614,80.2570877075,60462,60472,10
13.0066699982,80.2574996948,60472,60481,9
13.0062799454,80.2575683594,60481,60491,10
13.0057401657,80.2574234009,60491,60503,12
13.0051603317,80.257270813,60503,60513,10
13.0045204163,80.2571563721,60513,60523,10
13.0038499832,80.2570037842,60523,60533,10
13.0031900406,80.2568588257,60533,60543,10
13.0025997162,80.2567367554,60543,60553,10
13.0020799637,80.2566375732,60553,60593,40
13.0020799637,80.2566375732,60593,60603,10
13.0017499924,80.2565994263,60603,60614,11
13.0012102127,80.2565307617,60614,60624,10
13.000579834,80.2564163208,60624,60634,10
12.9999704361,80.2562866211,60634,60644,10
12.9994096756,80.2562103271,60644,60654,10
12.99862957,80.2560806274,60654,60674,20
12.99862957,80.2560806274,60674,60684,10
12.9984397888,80.2560806274,60684,60694,10
12.9984102249,80.2560806274,60694,60704,10
12.9982204437,80.2559967041,60704,60715,11
12.9978303909,80.2559280396,60715,60725,10
12.9971199036,80.2558898926,60725,60755,30
12.9971199036,80.2558898926,60755,60765,10
12.9968996048,80.2558898926,60765,60775,10
12.9965801239,80.2558517456,60775,60785,10
12.995929718,80.2558364868,60785,60795,10
12.9954204559,80.2558517456,60795,60805,10
12.9947500229,80.2558898926,60805,60816,11
12.9940004349,80.2559814453,60816,60826,10
12.9931297302,80.2560272217,60826,60836,10
12.9922103882,80.2560577393,60836,60846,10
12.9914398193,80.2559967041,60846,60856,10
12.9907503128,80.2559814453,60856,60866,10
12.9899196625,80.2559814453,60866,60876,10
12.9891395569,80.2559661865,60876,60886,10
12.9886302948,80.2559585571,60886,60896,10
12.9885196686,80.2559585571,60896,60906,10
12.9880800247,80.2558898926,60906,60916,10
12.9879302979,80.2558898926,60916,60927,11
12.9876804352,80.2559585571,60927,60937,10
12.9875898361,80.2565231323,60937,60947,10
12.9875202179,80.2573699951,60947,60957,10
12.9874401093,80.2583389282,60957,60967,10
12.9873600006,80.2591171265,60967,60977,10
12.9872303009,80.2595214844,60977,61016,39
12.9872303009,80.2595214844,61016,61028,12
12.9871702194,80.2596206665,61028,61038,10
12.9871301651,80.2596206665,61038,61048,10
12.9869403839,80.259552002,61048,61058,10
12.9869499207,80.259437561,61058,61068,10
12.9870300293,80.2592315674,61068,61372,304
12.9870300293,80.2592315674,61372,61382,10
12.9871797562,80.2590408325,61382,61390,8
12.9873104095,80.2590637207,61390,61402,12
12.9873800278,80.2587432861,61402,61412,10
12.9874095917,80.2583007813,61412,61422,10
12.9874401093,80.257850647,61422,61432,10
12.9874601364,80.2574234009,61432,61441,9
12.9874801636,80.2571716309,61441,61453,12
12.9875602722,80.2565917969,61453,61523,70
12.9875602722,80.2565917969,61523,61533,10
12.9876203537,80.2563095093,61533,61612,79
12.9876203537,80.2563095093,61612,61624,12
12.9876098633,80.256149292,61624,61634,10
12.9876403809,80.255821228,61634,61644,10
12.9879398346,80.2557907104,61644,61654,10
12.9884595871,80.2558898926,61654,61675,21
12.9884595871,80.2558898926,61675,61685,10
12.9886102676,80.2559204102,61685,61695,10
12.9890098572,80.2559967041,61695,61705,10
12.9896697998,80.2560424805,61705,61715,10
12.9903297424,80.2560272217,61715,61725,10
12.9906101227,80.2560424805,61725,61735,10
12.990650177,80.2560424805,61735,61745,10
12.9908504486,80.2560577393,61745,61755,10
12.9912900925,80.2560806274,61755,61765,10
12.9919595718,80.256111145,61765,61776,11
12.9926996231,80.2560806274,61776,61786,10
12.9934501648,80.2560424805,61786,61796,10
12.9942598343,80.2559890747,61796,61806,10
12.995010376,80.255859375,61806,61816,10
12.9957399368,80.2558670044,61816,61826,10
12.9967403412,80.2558898926,61826,61917,91
12.9967403412,80.2558898926,61917,61927,10
12.9968595505,80.2558670044,61927,61937,10
12.9972600937,80.2559127808,61937,61947,10
12.9979200363,80.2559509277,61947,61957,10
12.9983100891,80.2560272217,61957,61967,10
12.9985799789,80.2560577393,61967,61977,10
12.9986801147,80.256072998,61977,61988,11
12.9990301132,80.2561187744,61988,62028,40
12.9990301132,80.2561187744,62028,62038,10
12.9992303848,80.2561416626,62038,62048,10
12.9996004105,80.2562179565,62048,62058,10
13.0000095367,80.2563095093,62058,62068,10
13.0006504059,80.256439209,62068,62078,10
13.0012998581,80.2565536499,62078,62089,11
13.0017404556,80.2566223145,62089,62099,10
13.002120018,80.2566680908,62099,62109,10
13.0026102066,80.2567596436,62109,62119,10
13.0031003952,80.2568588257,62119,62129,10
13.0035104752,80.256942749,62129,62139,10
13.0040302277,80.2570266724,62139,62149,10
13.0045099258,80.2571334839,62149,62159,10
13.0050601959,80.2572174072,62159,62169,10
13.0057601929,80.2573471069,62169,62179,10
13.006310463,80.2574386597,62179,62210,31
13.006310463,80.2574386597,62210,62220,10
13.0065097809,80.2572097778,62220,62230,10
13.0064601898,80.2568664551,62230,62240,10
13.0064897537,80.2562484741,62240,62250,10
13.0064897537,80.2556762695,62250,62260,10
13.0065402985,80.2551727295,62260,62270,10
13.0065202713,80.2546081543,62270,62280,10
13.0065002441,80.2541885376,62280,62290,10
13.0065002441,80.2534179688,62290,62361,71
13.0065002441,80.2534179688,62361,62371,10
13.0065202713,80.2531433105,62371,62382,11
13.0065202713,80.2529296875,62382,62392,10
13.0065898895,80.2523117065,62392,62482,90
13.0065898895,80.2523117065,62482,62493,11
13.0066699982,80.2520294189,62493,62503,10
13.0067396164,80.2514801025,62503,62514,11
13.006770134,80.2505874634,62514,62524,10
13.0067596436,80.2498779297,62524,62534,10
13.0067396164,80.2493209839,62534,62544,10
13.0066995621,80.2487335205,62544,62554,10
13.0066604614,80.2481918335,62554,62562,8
13.0066404343,80.2479324341,62562,62665,103
13.0066404343,80.2479324341,62665,62675,10
13.0066404343,80.2475585938,62675,62685,10
13.006649971,80.2471466064,62685,62695,10
13.0066604614,80.2468566895,62695,62705,10
13.0066795349,80.2465515137,62705,62715,10
13.0066604614,80.2458190918,62715,62726,11
13.0066404343,80.2449569702,62726,62736,10
13.0066404343,80.2442932129,62736,62746,10
13.0066099167,80.2437667847,62746,62756,10
13.0066003799,80.2431564331,62756,62766,10
13.0065898895,80.2423706055,62766,62776,10
13.0065898895,80.2416000366,62776,62786,10
13.0066003799,80.2411499023,62786,62796,10
13.0066404343,80.2408905029,62796,62847,51
13.0067100525,80.2405090332,62847,62867,20
13.0067100525,80.2405090332,62867,62877,10
13.0067796707,80.2401199341,62877,62887,10
13.0069503784,80.2393493652,62887,62897,10
13.0071001053,80.2384567261,62897,62907,10
13.0072698593,80.2377166748,62907,62917,10
13.0074100494,80.2368774414,62917,62948,31
13.0074100494,80.2368774414,62948,62958,10
13.0074596405,80.2366333008,62958,62968,10
13.0075597763,80.2361984253,62968,62978,10
13.0077199936,80.2354736328,62978,62988,10
13.007900238,80.2345962524,62988,62998,10
13.0081100464,80.2336196899,62998,63008,10
13.0082998276,80.2325897217,63008,63018,10
13.0085201263,80.2314987183,63018,63028,10
13.0087604523,80.2303237915,63028,63039,11
13.0089902878,80.2290115356,63039,63049,10
13.0093002319,80.2279281616,63049,63057,8
13.0096797943,80.2270965576,63057,63069,12
13.010219574,80.2259902954,63069,63079,10
13.0104904175,80.2254180908,63079,63089,10
13.0107002258,80.2250213623,63089,63099,10
13.0109195709,80.2245178223,63099,63109,10
13.0111198425,80.224067688,63109,63119,10
13.0112695694,80.2236480713,63119,63129,10
13.0114898682,80.2231369019,63129,63139,10
13.0117502213,80.2223968506,63139,63150,11
13.0120401382,80.2217025757,63150,63160,10
13.0123100281,80.2215881348,63160,63170,10
13.0124397278,80.2217407227,63170,63180,10
13.0127496719,80.2221984863,63180,63190,10
13.0133304596,80.2227783203,63190,63200,10
13.0138597488,80.2232666016,63200,63210,10
13.0141601563,80.2235183716,63210,63220,10
13.0144395828,80.2238311768,63220,63230,10
13.0149097443,80.2244720459,63230,63240,10
13.0153799057,80.2249526978,63240,63251,11
13.0156803131,80.2251968384,63251,63261,10
13.0161600113,80.2253570557,63261,63271,10
13.0168304443,80.225227356,63271,63281,10
13.0176801682,80.224899292,63281,63291,10
13.0185003281,80.2245864868,63291,63301,10
13.0191602707,80.2243728638,63301,63311,10
13.0193901062,80.2243804932,63311,63321,10
13.019490242,80.2244186401,63321,63331,10
13.0198097229,80.2245864868,63331,63341,10
13.0201597214,80.2248535156,63341,63352,11
13.020529747,80.2251205444,63352,63362,10
13.0208597183,80.2253799438,63362,63372,10
13.0211696625,80.2256469727,63372,63382,10
13.0215902328,80.2259674072,63382,63392,10
13.0221204758,80.2263793945,63392,63403,11
13.0228595734,80.2270431519,63403,63413,10
13.0235004425,80.2276306152,63413,63422,9
13.0238304138,80.2279510498,63422,63432,10
13.0240297318,80.2281417847,63432,63443,11
13.0244102478,80.2285919189,63443,63453,10
13.0247497559,80.2290878296,63453,63462,9
13.0250997543,80.2295532227,63462,63474,12
13.0256595612,80.2303237915,63474,63482,8
13.0260095596,80.2313995361,63482,63554,72
13.0260095596,80.2313995361,63554,63565,11
13.0261001587,80.2318191528,63565,63575,10
13.0263204575,80.2324829102,63575,63585,10
13.0264797211,80.2328262329,63585,63605,20
13.0264797211,80.2328262329,63605,63615,10
13.0266399384,80.2330780029,63615,63625,10
13.0269002914,80.233543396,63625,63633,8
13.0272302628,80.234046936,63633,63645,12
13.0277204514,80.234916687,63645,63655,10
13.0281000137,80.2355422974,63655,63663,8
13.0285596848,80.236076355,63663,63676,13
13.0293302536,80.2369232178,63676,63686,10
13.0296201706,80.2372665405,63686,63696,10
13.0296201706,80.2373428345,63696,63706,10
13.0298500061,80.2376480103,63706,63716,10
13.0302400589,80.2382888794,63716,63726,10
13.0306301117,80.2389221191,63726,63736,10
13.0308198929,80.2392578125,63736,63797,61
13.0308198929,80.2392578125,63797,63807,10
13.0311498642,80.2397994995,63807,63817,10
13.0313396454,80.2400894165,63817,63827,10
13.0314302444,80.2406463623,63827,63837,10
13.0316200256,80.2411499023,63837,63847,10
13.0319004059,80.2417526245,63847,63857,10
13.0323095322,80.2423400879,63857,63867,10
13.0328502655,80.2430496216,63867,63878,11
13.0334100723,80.243812561,63878,63888,10
13.0339097977,80.2445068359,63888,63898,10
13.0343503952,80.2450714111,63898,63908,10
13.0348701477,80.2456970215,63908,63918,10
13.0352096558,80.2460174561,63918,63928,10
13.0352401733,80.2460327148,63928,63938,10
13.0353603363,80.2460784912,63938,63948,10
13.0356502533,80.2461624146,63948,63958,10
13.0358295441,80.2462387085,63958,63977,19
13.0358295441,80.2462387085,63977,63989,12
13.0359096527,80.2462768555,63989,63999,10
13.0360898972,80.2463531494,63999,64009,10
13.0364999771,80.246421814,64009,64019,10
13.0371303558,80.2465591431,64019,64029,10
13.0376195908,80.2464599609,64029,64039,10
13.0382604599,80.2466201782,64039,64049,10
13.0390195847,80.2468338013,64049,64150,101
13.0390195847,80.2468338013,64150,64160,10
13.0392599106,80.2469329834,64160,64170,10
13.0395898819,80.2469787598,64170,64180,10
13.0401296616,80.2470779419,64180,64189,9
13.0406303406,80.247177124,64189,64201,12
13.0407600403,80.2472000122,64201,64211,10
13.0410003662,80.247253418,64211,64221,10
13.0415000916,80.2473526001,64221,64231,10
13.04185009,80.2474212646,64231,64241,10
13.0420103073,80.2474594116,64241,64251,10
13.0423402786,80.2475814819,64251,64261,10
13.0427904129,80.2477798462,64261,64271,10
13.043390274,80.2479324341,64271,64281,10
13.0439300537,80.2478485107,64281,64291,10
13.0444202423,80.2479171753,64291,64302,11
13.0449104309,80.2480316162,64302,64312,10
13.0452804565,80.2482376099,64312,64322,10
13.0458097458,80.2484893799,64322,64332,10
13.0463895798,80.248550415,64332,64342,10
13.0468702316,80.2484664917,64342,64352,10
13.0468902588,80.2484817505,64352,64362,10
13.0470304489,80.2485122681,64362,64372,10
13.0473804474,80.2486724854,64372,64384,12
13.0476799011,80.2489776611,64384,64393,9
13.0480003357,80.2493133545,64393,64405,12
13.0484304428,80.2496490479,64405,64415,10
13.0489501953,80.2497329712,64415,64423,8
13.0492296219,80.2497634888,64423,64435,12
13.0493097305,80.2497787476,64435,64445,10
13.0497598648,80.2498626709,64445,64455,10
13.0503702164,80.2499923706,64455,64465,10
13.0510396957,80.2501373291,64465,64475,10
13.0516004562,80.2503814697,64475,64483,8
13.0519399643,80.250617981,64483,64493,10
13.0523796082,80.2511367798,64493,64505,12
13.0529403687,80.2518692017,64505,64516,11
13.0534801483,80.2526016235,64516,64526,10
13.0539302826,80.2532196045,64526,64536,10
13.0544395447,80.2538986206,64536,64546,10
13.0548696518,80.2544631958,64546,64556,10
13.0552902222,80.2550125122,64556,64566,10
13.0555295944,80.2553710938,64566,64576,10
13.0557603836,80.2556991577,64576,64586,10
13.0559396744,80.2559509277,64586,64596,10
13.056139946,80.2562179565,64596,64606,10
13.0563201904,80.2564315796,64606,64617,11
13.0566596985,80.2567901611,64617,64647,30
13.0566596985,80.2567901611,64647,64657,10
13.0567598343,80.2569198608,64657,64667,10
13.0570802689,80.2571868896,64667,64677,10
13.0573797226,80.2574615479,64677,64687,10
13.0575199127,80.2575836182,64687,64697,10
13.0577201843,80.2577133179,64697,64707,10
13.0579795837,80.2580032349,64707,64717,10
13.0583200455,80.2584228516,64717,64728,11
13.0586996078,80.2588882446,64728,64738,10
13.0590696335,80.2593612671,64738,64748,10
13.0593004227,80.2598495483,64748,64758,10
13.0597295761,80.2602233887,64758,64768,10
13.0601596832,80.2606430054,64768,64778,10
13.0604496002,80.2609634399,64778,64788,10
13.0605897903,80.2611694336,64788,64798,10
13.0606203079,80.2612380981,64798,64808,10
13.0608797073,80.2616424561,64808,64818,10
13.0612602234,80.2620620728,64818,64829,11
13.0615797043,80.2623672485,64829,64839,10
13.0617303848,80.2626037598,64839,64849,10
13.0620698929,80.2630310059,64849,64859,10
13.0624103546,80.263458252,64859,64869,10
13.0627298355,80.2638626099,64869,64879,10
13.0630702972,80.2641830444,64879,64889,10
13.0631799698,80.2643280029,64889,64899,10
13.0633296967,80.264541626,64899,64909,10
13.0635995865,80.2650299072,64909,64919,10
13.0638799667,80.2654266357,64919,64930,11
13.0640497208,80.2657012939,64930,64940,10
13.0643701553,80.2661209106,64940,64950,10
13.0647096634,80.2665176392,64950,64960,10
13.0649204254,80.2667922974,64960,64970,10
13.0652303696,80.2670593262,64970,64980,10
13.0656604767,80.2674636841,64980,64990,10
13.065990448,80.267868042,64990,65000,10
13.0661497116,80.268081665,65000,65010,10
13.0663404465,80.2682876587,65010,65020,10
13.066570282,80.2684402466,65020,65030,10
13.0669002533,80.2685623169,65030,65051,21
13.0669002533,80.2685623169,65051,65061,10
13.0671195984,80.2686767578,65061,65071,10
13.067489624,80.2689590454,65071,65081,10
13.0679502487,80.2692489624,65081,65091,10
13.0683097839,80.2693405151,65091,65101,10
13.0683803558,80.2690429688,65101,65111,10
13.0685300827,80.2685623169,65111,65121,10
13.0687198639,80.2680206299,65121,65131,10
13.0689296722,80.2674102783,65131,65142,11
13.0693101883,80.2669372559,65142,65152,10
13.0697202682,80.2665176392,65152,65162,10
13.0701398849,80.2661590576,65162,65172,10
13.0704298019,80.2658920288,65172,65182,10
13.0704603195,80.26587677,65182,65192,10
13.0705795288,80.2657470703,65192,65202,10
13.0709199905,80.26537323,65202,65212,10
13.0712299347,80.2650985718,65212,65222,10
13.0715999603,80.2647018433,65222,65232,10
13.0719499588,80.264251709,65232,65242,10
13.0722799301,80.2637786865,65242,65253,11
13.0725498199,80.2631072998,65253,65263,10
13.0727396011,80.2625579834,65263,65273,10
13.0728902817,80.2620697021,65273,65283,10
13.0728998184,80.2620315552,65283,65293,10
13.0729598999,80.2619171143,65293,65303,10
13.0730304718,80.2616882324,65303,65313,10
13.0730800629,80.2614135742,65313,65324,11
13.07310009,80.2611618042,65324,65334,10
13.0730895996,80.260848999,65334,65343,9
13.0731096268,80.2608108521,65343,65355,12
13.0733699799,80.2605514526,65355,65365,10
13.0735702515,80.2601013184,65365,65375,10
13.0737400055,80.2598190308,65375,65385,10
13.0738601685,80.2596664429,65385,65395,10
13.0741701126,80.2593078613,65395,65405,10
13.0746297836,80.2588806152,65405,65414,9
13.0750703812,80.2585067749,65414,65425,11
13.0754804611,80.2581787109,65425,65444,19
13.0754804611,80.2581787109,65444,65456,12
13.075799942,80.2579421997,65456,65466,10
13.076210022,80.257598877,65466,65476,10
13.0766201019,80.2572174072,65476,65486,10
13.0770902634,80.2569122314,65486,65496,10
13.0776796341,80.2567367554,65496,65506,10
13.0783596039,80.2566680908,65506,65516,10
13.0788698196,80.2566223145,65516,65526,10
13.0790100098,80.2565612793,65526,65536,10
13.0790996552,80.256401062,65536,65546,10
13.0790395737,80.2559127808,65546,65556,10
13.079000473,80.2555389404,65556,65567,11
13.0789499283,80.255317688,65567,65577,10
13.0789203644,80.2550582886,65577,65587,10
13.0789403915,80.2547531128,65587,65597,10
13.0791902542,80.2546386719,65597,65607,10
13.0795202255,80.2546234131,65607,65617,10
13.0796003342,80.2546310425,65617,65627,10
13.0797901154,80.2546463013,65627,65637,10
13.079990387,80.254699707,65637,65647,10
13.0805797577,80.2548065186,65647,65668,21
13.0805797577,80.2548065186,65668,65678,10
13.0809402466,80.2548599243,65678,65688,10
13.0813102722,80.2549209595,65688,65698,10
13.0816802979,80.254699707,65698,65708,10
13.0818395615,80.2543334961,65708,65718,10
13.0818595886,80.2540283203,65718,65728,10
13.081870079,80.2537002563,65728,65738,10
13.0819196701,80.2533187866,65738,65748,10
13.0818395615,80.2530822754,65748,65758,10
13.0817203522,80.252822876,65758,65769,11
13.0815000534,80.252532959,65769,65779,10
13.081410408,80.2519378662,65779,65789,10
13.0813798904,80.2516174316,65789,65799,10
13.0813703537,80.2513809204,65799,65809,10
13.0813598633,80.2511520386,65809,65819,10
13.0813503265,80.2509613037,65819,65829,10
13.0813503265,80.2506713867,65829,65839,10
13.0813302994,80.2503662109,65839,65849,10
13.0813102722,80.2499923706,65849,65859,10
13.0814800262,80.2497024536,65859,65869,10
13.0818500519,80.2497329712,65869,65880,11
13.0824203491,80.2498168945,65880,65890,10
13.08273983,80.2498779297,65890,65900,10
13.0830202103,80.2499237061,65900,65910,10
13.0834598541,80.25,65910,65920,10
13.083820343,80.2500610352,65920,65930,10
13.0847301483,80.2501983643,65930,65960,30
13.0847301483,80.2501983643,65960,65969,9
13.0850696564,80.25025177,65969,65981,12
13.0856599808,80.2503585815,65981,66001,20
13.0856599808,80.2503585815,66001,66011,10
13.0859003067,80.2503890991,66011,66021,10
13.0858802795,80.2500534058,66021,66031,10
13.0858697891,80.2496032715,66031,66041,10
13.0858602524,80.2490768433,66041,66051,10
13.0858402252,80.2485733032,66051,66061,10
13.0858402252,80.248046875,66061,66071,10
13.085849762,80.2473831177,66071,66081,10
13.0857801437,80.2467575073,66081,66092,11
13.0857601166,80.2467193604,66092,66102,10
13.0857601166,80.2462768555,66102,66122,20
13.0857601166,80.2462768555,66122,66132,10
13.0857801437,80.2461090088,66132,66142,10
13.085729599,80.245880127,66142,66152,10
13.0856895447,80.2454910278,66152,66162,10
13.085729599,80.2452087402,66162,66172,10
13.0858898163,80.2450714111,66172,66182,10
13.0863103867,80.2447433472,66182,66193,11
13.0868196487,80.2443389893,66193,66203,10
13.0870599747,80.244140625,66203,66213,10
13.087220192,80.2439727783,66213,66223,10
13.0874004364,80.2438430786,66223,66233,10
13.0875396729,80.2436981201,66233,66243,10
13.0876598358,80.243560791,66243,66253,10
13.0877399445,80.2434768677,66253,66263,10
13.0878200531,80.243270874,66263,66273,10
13.0879096985,80.2427902222,66273,66283,10
13.088060379,80.2422409058,66283,66294,11
13.0886001587,80.2417907715,66294,66306,12
13.089220047,80.2413864136,66306,66316,10
13.0895595551,80.2411804199,66316,66326,10
13.0899600983,80.2409820557,66326,66336,10
13.0905895233,80.2408905029,66336,66346,10
13.0912504196,80.2409133911,66346,66356,10
13.0918102264,80.2409286499,66356,66396,40
13.0918102264,80.2409286499,66396,66407,11
13.0919599533,80.2409286499,66407,66417,10
13.0921297073,80.2409362793,66417,66427,10
13.0924196243,80.2409820557,66427,66437,10
13.0927600861,80.2409973145,66437,66447,10
13.0932502747,80.2410736084,66447,66457,10
13.0942401886,80.2412185669,66457,66477,20
13.0942401886,80.2412185669,66477,66487,10
13.0944299698,80.2412719727,66487,66497,10
13.0948696136,80.2413787842,66497,66508,11
13.0954399109,80.2415313721,66508,66518,10
13.0959396362,80.2417221069,66518,66528,10
13.0964298248,80.2418823242,66528,66538,10
13.0968599319,80.2420501709,66538,66609,71
13.0968599319,80.2420501709,66609,66619,10
13.0972795486,80.242149353,66619,66629,10
13.0975999832,80.2422409058,66629,66639,10
13.0979604721,80.2423171997,66639,66649,10
13.0981798172,80.2423782349,66649,66659,10
13.0985803604,80.2423706055,66659,66689,30
13.0985803604,80.2423706055,66689,66699,10
13.098739624,80.2422332764,66699,66709,10
13.098739624,80.2419662476,66709,66720,11
13.0984897614,80.2421112061,66720,67083,363
13.0985097885,80.2423324585,67083,67457,374
13.0985097885,80.2423324585,67457,67467,10
13.0980300903,80.2423477173,67467,67497,30
13.0980300903,80.2423477173,67497,67507,10
13.0976600647,80.2422637939,67507,67517,10
13.0973796844,80.2421722412,67517,67537,20
13.0973796844,80.2421722412,67537,67547,10
13.0971698761,80.2421188354,67547,67558,11
13.0970201492,80.2420806885,67558,67568,10
13.0967502594,80.2420196533,67568,67578,10
13.0964899063,80.2419281006,67578,67588,10
13.0962600708,80.2418289185,67588,67598,10
13.0959196091,80.2416915894,67598,67608,10
13.0953998566,80.2415008545,67608,67618,10
13.0950403214,80.2413864136,67618,67628,10
13.094619751,80.2413024902,67628,67638,10
13.0941295624,80.2412109375,67638,67647,9
13.0936403275,80.2411193848,67647,67659,12
13.093580246,80.2411193848,67659,67669,10
13.0930595398,80.2410430908,67669,67699,30
13.0930595398,80.2410430908,67699,67709,10
13.0925598145,80.2409973145,67709,67719,10
13.0921697617,80.2409591675,67719,67729,10
13.091629982,80.2409210205,67729,67739,10
13.0909004211,80.2408981323,67739,67749,10
13.0901403427,80.2409286499,67749,67759,10
13.0896701813,80.2410888672,67759,67770,11
13.0891599655,80.2414169312,67770,67780,10
13.0887098312,80.2417526245,67780,67790,10
13.0882501602,80.2420806885,67790,67800,10
13.0879297256,80.2426834106,67800,67810,10
13.0878295898,80.2431488037,67810,67820,10
13.0878095627,80.2432785034,67820,67830,10
13.0875902176,80.2436599731,67830,67840,10
13.0871200562,80.2440338135,67840,67850,10
13.0865802765,80.2445068359,67850,67860,10
13.0860300064,80.2449569702,67860,67871,11
13.0857095718,80.2452011108,67871,67881,10
13.0856599808,80.2454528809,67881,67891,10
13.0856599808,80.245880127,67891,67901,10
13.0857400894,80.2463912964,67901,67911,10
13.0857496262,80.2468566895,67911,67921,10
13.0857400894,80.2468795776,67921,67931,10
13.0857095718,80.2470932007,67931,67941,10
13.0857601166,80.2475891113,67941,67951,10
13.0858097076,80.2483596802,67951,67961,10
13.0858402252,80.2491531372,67961,67971,10
13.0858802795,80.250289917,67971,68052,81
13.0858802795,80.250289917,68052,68062,10
13.0858201981,80.2508010864,68062,68072,10
13.0857400894,80.2514419556,68072,68103,31
13.0857400894,80.2514419556,68103,68113,10
13.0856895447,80.2518081665,68113,68123,10
13.0856304169,80.2520828247,68123,68133,10
13.0855998993,80.2523727417,68133,68143,10
13.0855798721,80.2527008057,68143,68153,10
13.085559845,80.2530136108,68153,68163,10
13.0855503082,80.2534179688,68163,68173,10
13.085559845,80.2538986206,68173,68184,11
13.0856199265,80.2545394897,68184,68194,10
13.0855197906,80.2547302246,68194,68204,10
13.0852298737,80.2547531128,68204,68214,10
13.0847196579,80.254699707,68214,68224,10
13.0839099884,80.2546081543,68224,68244,20
13.0839099884,80.2546081543,68244,68254,10
13.0837697983,80.2546005249,68254,68264,10
13.0833997726,80.2545471191,68264,68274,10
13.082859993,80.2545318604,68274,68285,11
13.0824098587,80.2545318604,68285,68295,10
13.0819196701,80.2546920776,68295,68305,10
13.0815200806,80.2548370361,68305,68315,10
13.0811195374,80.2548599243,68315,68325,10
13.0808496475,80.2548370361,68325,68335,10
13.0807304382,80.2548294067,68335,68345,10
13.0802602768,80.2547683716,68345,68357,12
13.0797300339,80.2547073364,68357,68367,10
13.0791301727,80.2547225952,68367,68398,31
13.0791301727,80.2547225952,68398,68408,10
13.0788402557,80.2546081543,68408,68418,10
13.0788497925,80.2547988892,68418,68428,10
13.0789499283,80.2553329468,68428,68438,10
13.0790300369,80.2559661865,68438,68448,10
13.079079628,80.256439209,68448,68458,10
13.0788402557,80.256690979,68458,68468,10
13.0783395767,80.256690979,68468,68478,10
13.0778598785,80.256729126,68478,68488,10
13.0773601532,80.2568130493,68488,68499,11
13.0768098831,80.2570800781,68499,68509,10
13.076259613,80.2575531006,68509,68519,10
13.0757102966,80.2580413818,68519,68529,10
13.075460434,80.2584609985,68529,68539,10
13.0755701065,80.2589035034,68539,68549,10
13.0758104324,80.2594833374,68549,68559,10
13.0763397217,80.2600021362,68559,68569,10
13.0767602921,80.2603912354,68569,68579,10
13.077170372,80.260887146,68579,68588,9
13.0773897171,80.2612686157,68588,68600,12
13.0775604248,80.2617034912,68600,68610,10
13.0777397156,80.2621231079,68610,68650,40
13.0777397156,80.2621231079,68650,68660,10
13.0778999329,80.2626495361,68660,68690,30
13.0778999329,80.2626495361,68690,68700,10
13.0779399872,80.2628631592,68700,68711,11
13.0781402588,80.2632904053,68711,68721,10
13.0781297684,80.2635498047,68721,68731,10
13.0777902603,80.2637329102,68731,68741,10
13.0773496628,80.2640228271,68741,68751,10
13.0769195557,80.2641601563,68751,68761,10
13.076379776,80.2641830444,68761,68771,10
13.075799942,80.2642211914,68771,68781,10
13.0754804611,80.2638626099,68781,68791,10
13.0750703812,80.2633590698,68791,68800,9
13.0748195648,80.2630386353,68800,68812,12
13.0744600296,80.2626190186,68812,68822,10
13.0740299225,80.2621002197,68822,68832,10
13.0737199783,80.26171875,68832,68842,10
13.0736904144,80.2617034912,68842,68852,10
13.0735797882,80.2615585327,68852,68862,10
13.0733299255,80.2613983154,68862,68872,10
13.0729999542,80.2617111206,68872,68882,10
13.072810173,80.2622375488,68882,68892,10
13.0726299286,80.262802124,68892,68902,10
13.0724601746,80.2632980347,68902,68912,10
13.0722398758,80.2637634277,68912,68923,11
13.071969986,80.2641906738,68923,68933,10
13.0716199875,80.2646026611,68933,68943,10
13.0714797974,80.2647399902,68943,68953,10
13.0713796616,80.2647781372,68953,68963,10
13.0711297989,80.265007019,68963,68973,10
13.0707998276,80.2653427124,68973,68983,10
13.0703897476,80.2657394409,68983,68993,10
13.0701303482,80.2660293579,68993,69003,10
13.0699300766,80.2662506104,69003,69013,10
13.0697402954,80.2664718628,69013,69024,11
13.0695199966,80.2666778564,69024,69034,10
13.0692796707,80.2669296265,69034,69044,10
13.0691099167,80.2670974731,69044,69054,10
13.0689096451,80.2673492432,69054,69064,10
13.0687398911,80.267906189,69064,69074,10
13.0685901642,80.268371582,69074,69084,10
13.0685100555,80.2685699463,69084,69094,10
13.0683803558,80.268989563,69094,69104,10
13.0682897568,80.2694702148,69104,69114,10
13.0682096481,80.269859314,69114,69125,11
13.0681495667,80.2702484131,69125,69135,10
13.0681200027,80.2705688477,69135,69145,10
13.0680904388,80.2707824707,69145,69155,10
13.0679502487,80.2710418701,69155,69165,10
13.0676803589,80.270942688,69165,69175,10
13.0672998428,80.2705307007,69175,69185,10
13.0670995712,80.2703323364,69185,69195,10
13.0670003891,80.2702102661,69195,69205,10
13.0666904449,80.2698516846,69205,69215,10
13.0664901733,80.2693862915,69215,69225,10
13.0664100647,80.2688522339,69225,69236,11
13.0661697388,80.2682723999,69236,69246,10
13.0657997131,80.2678527832,69246,69256,10
13.0653400421,80.2677230835,69256,69287,31
13.0653400421,80.2677230835,69287,69297,10
13.0648899078,80.2676010132,69297,69307,10
13.0643701553,80.2675170898,69307,69317,10
13.0640602112,80.2674484253,69317,69327,10
13.0639200211,80.2674026489,69327,69338,11
13.0635204315,80.2673492432,69338,69348,10
13.0629997253,80.2672271729,69348,69358,10
13.0625600815,80.2669525146,69358,69368,10
13.0621500015,80.2664871216,69368,69378,10
13.0617198944,80.2659606934,69378,69388,10
13.0612697601,80.2654418945,69388,69398,10
13.0608501434,80.2652282715,69398,69408,10
13.0604600906,80.2654724121,69408,69428,20
13.0604600906,80.2654724121,69428,69439,11
13.0602798462,80.2655715942,69439,69449,10
13.0598297119,80.2656402588,69449,69459,10
13.0593595505,80.2655792236,69459,69469,10
13.0586996078,80.2654495239,69469,69499,30
13.0586996078,80.2654495239,69499,69509,10
13.0584001541,80.2653884888,69509,69519,10
13.0580596924,80.2650299072,69519,69529,10
13.0579595566,80.2644424438,69529,69540,11
13.0578603745,80.2637863159,69540,69550,10
13.057800293,80.2631072998,69550,69560,10
13.0577602386,80.2626266479,69560,69570,10
13.0576896667,80.2621612549,69570,69580,10
13.057559967,80.2615432739,69580,69590,10
13.0574502945,80.2609710693,69590,69600,10
13.057220459,80.2601928711,69600,69610,10
13.0569896698,80.259437561,69610,69620,10
13.0567798615,80.2587203979,69620,69630,10
13.0566196442,80.2580718994,69630,69640,10
13.0565595627,80.2578887939,69640,69651,11
13.0564699173,80.2574234009,69651,69681,30
13.0564699173,80.2574234009,69681,69691,10
13.0564002991,80.2570877075,69691,69701,10
13.0563001633,80.2566833496,69701,69711,10
13.0561504364,80.2563171387,69711,69721,10
13.0558900833,80.2559509277,69721,69731,10
13.0555696487,80.2554931641,69731,69741,10
13.0551795959,80.2549285889,69741,69752,11
13.054599762,80.2542037964,69752,69762,10
13.0542001724,80.2537002563,69762,69772,10
13.0540895462,80.2535705566,69772,69782,10
13.0540103912,80.2534408569,69782,69792,10
13.0537099838,80.2530136108,69792,69802,10
13.0533800125,80.2525405884,69802,69812,10
13.0529298782,80.2519073486,69812,69822,10
13.052479744,80.2512969971,69822,69832,10
13.0520496368,80.2507629395,69832,69842,10
13.0515003204,80.250328064,69842,69853,11
13.0508699417,80.2500991821,69853,69863,10
13.0504598618,80.2500076294,69863,69873,10
13.0501403809,80.2499465942,69873,69883,10
13.0496397018,80.2498931885,69883,69903,20
13.0494699478,80.2498931885,69903,69923,20
13.0492801666,80.2498703003,69923,69974,51
13.0492801666,80.2498703003,69974,69984,10
13.0487098694,80.2497634888,69984,70004,20
13.0487098694,80.2497634888,70004,70014,10
13.0484304428,80.2496566772,70014,70024,10
13.0481996536,80.2495269775,70024,70034,10
13.0479698181,80.2493286133,70034,70044,10
13.0477199554,80.2491607666,70044,70075,31
13.0474004745,80.2488708496,70075,70135,60
13.0474004745,80.2488708496,70135,70145,10
13.0470399857,80.2486801147,70145,70155,10
13.0470199585,80.2486801147,70155,70165,10
13.0468902588,80.2486495972,70165,70176,11
13.0467596054,80.2486419678,70176,70186,10
13.0465202332,80.2486114502,70186,70196,10
13.0462703705,80.2485275269,70196,70206,10
13.045999527,80.2484588623,70206,70216,10
13.0459899902,80.2484512329,70216,70226,10
13.0456495285,80.248336792,70226,70246,20
13.0456495285,80.248336792,70246,70256,10
13.045419693,80.2482681274,70256,70266,10
13.0453701019,80.2482528687,70266,70277,11
13.0450897217,80.2481994629,70277,70287,10
13.044839859,80.2481384277,70287,70297,10
13.0446100235,80.2481231689,70297,70307,10
13.0443496704,80.2481002808,70307,70317,10
13.0441503525,80.2480697632,70317,70327,10
13.0438699722,80.2480010986,70327,70337,10
13.0437002182,80.2479629517,70337,70347,10
13.0434904099,80.2478866577,70347,70357,10
13.0430803299,80.2478179932,70357,70367,10
13.042599678,80.2477264404,70367,70377,10
13.0419998169,80.2476196289,70377,70388,11
13.041560173,80.247543335,70388,70398,10
13.0415201187,80.2475128174,70398,70408,10
13.0410995483,80.2473983765,70408,70418,10
13.040430069,80.2472763062,70418,70428,10
13.0399303436,80.2472000122,70428,70458,30
13.0399303436,80.2472000122,70458,70468,10
13.0396795273,80.2471008301,70468,70478,10
13.0392999649,80.2470169067,70478,70489,11
13.038860321,80.2469329834,70489,70499,10
13.0383396149,80.2468109131,70499,70509,10
13.0378398895,80.2467498779,70509,70519,10
13.0374097824,80.246673584,70519,70529,10
13.0370101929,80.2465820313,70529,70539,10
13.0367002487,80.2465209961,70539,70549,10
13.0364303589,80.2464599609,70549,70559,10
13.0360498428,80.2462997437,70559,70569,10
13.0355796814,80.2461624146,70569,70578,9
13.0351600647,80.2460174561,70578,70600,22
13.0351600647,80.2460174561,70600,70610,10
13.0350399017,80.2459564209,70610,70620,10
13.0347795486,80.2456893921,70620,70630,10
13.0345096588,80.2453384399,70630,70640,10
13.0341701508,80.2449417114,70640,70650,10
13.0337095261,80.2444000244,70650,70660,10
13.0331697464,80.2436828613,70660,70670,10
13.0326595306,80.2429885864,70670,70680,10
13.0322198868,80.2423706055,70680,70690,10
13.0318002701,80.2416687012,70690,70701,11
13.0313997269,80.240852356,70701,70721,20
13.0313997269,80.240852356,70721,70731,10
13.0313301086,80.2406997681,70731,70741,10
13.0311899185,80.2404174805,70741,70751,10
13.031080246,80.2401199341,70751,70761,10
13.0308704376,80.2396621704,70761,70771,10
13.0305595398,80.2390823364,70771,70781,10
13.0301198959,80.238319397,70781,70791,10
13.0296697617,80.2375564575,70791,70802,11
13.0292396545,80.2370071411,70802,70812,10
13.0292196274,80.2369689941,70812,70822,10
13.0291795731,80.2368774414,70822,70832,10
13.0288295746,80.2365722656,70832,70842,10
13.0283403397,80.2360610962,70842,70852,10
13.0278596878,80.2355117798,70852,70882,30
13.0278596878,80.2355117798,70882,70892,10
13.0277500153,80.2353134155,70892,70902,10
13.027469635,80.2348098755,70902,70923,21
13.0273895264,80.2346572876,70923,70963,40
13.0273895264,80.2346572876,70963,70973,10
13.0271997452,80.2343215942,70973,70983,10
13.0269899368,80.2339782715,70983,70993,10
13.0268297195,80.233757019,70993,71003,10
13.0267095566,80.233543396,71003,71024,21
13.0267095566,80.233543396,71024,71034,10
13.0266599655,80.2333831787,71034,71044,10
13.0264902115,80.2331390381,71044,71054,10
13.0263795853,80.232963562,71054,71064,10
13.0263004303,80.2328033447,71064,71074,10
13.0262403488,80.2326507568,71074,71084,10
13.0262203217,80.2325668335,71084,71094,10
13.0262002945,80.2323379517,71094,71104,10
13.0261297226,80.2321395874,71104,71115,11
13.0260801315,80.231880188,71115,71125,10
13.0259895325,80.231628418,71125,71135,10
13.0258798599,80.2311325073,71135,71145,10
13.0255403519,80.2303771973,71145,71155,10
13.0250701904,80.2296905518,71155,71165,10
13.0246400833,80.2291564941,71165,71175,10
13.0242500305,80.2286224365,71175,71185,10
13.0239400864,80.2283096313,71185,71205,20
13.0239400864,80.2283096313,71205,71215,10
13.0239095688,80.2281723022,71215,71226,11
13.023730278,80.2279815674,71226,71236,10
13.0235795975,80.2278594971,71236,71246,10
13.0232801437,80.2275695801,71246,71256,10
13.0228900909,80.2272109985,71256,71266,10
13.0225801468,80.2269210815,71266,71276,10
13.0222501755,80.2266082764,71276,71286,10
13.0217599869,80.2261886597,71286,71296,10
13.0212697983,80.2258224487,71296,71306,10
13.0207395554,80.225402832,71306,71316,10
13.0198001862,80.2248001099,71316,71347,31
13.0198001862,80.2248001099,71347,71357,10
13.0196399689,80.2247161865,71357,71367,10
13.0191698074,80.2245407104,71367,71377,10
13.0184602737,80.2246627808,71377,71387,10
13.0176296234,80.2249832153,71387,71397,10
13.01679039,80.2253265381,71397,71407,10
13.0162296295,80.2255477905,71407,71417,10
13.0156097412,80.2257385254,71417,71428,11
13.0150098801,80.225982666,71428,71438,10
13.0142202377,80.2262878418,71438,71458,20
13.0142202377,80.2262878418,71458,71468,10
13.0140800476,80.226348877,71468,71478,10
13.0135803223,80.2265625,71478,71488,10
13.0129404068,80.2267990112,71488,71498,10
13.0121803284,80.2270889282,71498,71508,10
13.0113601685,80.2274093628,71508,71518,10
13.0105400085,80.2277297974,71518,71528,10
13.0098400116,80.2280197144,71528,71539,11
13.0092000961,80.2283401489,71539,71549,10
13.0090303421,80.2288665771,71549,71559,10
13.0088701248,80.2296676636,71559,71569,10
13.0087003708,80.2305374146,71569,71579,10
13.0085296631,80.2313537598,71579,71589,10
13.0083703995,80.2322311401,71589,71599,10
13.0082397461,80.2329788208,71599,71609,10
13.0081996918,80.2334899902,71609,71619,10
13.0081796646,80.2335662842,71619,71629,10
13.0081596375,80.2336425781,71629,71640,11
13.0080404282,80.2340927124,71640,71650,10
13.0079298019,80.2346801758,71650,71660,10
13.0078201294,80.2352905273,71660,71670,10
13.0077104568,80.2358093262,71670,71680,10
13.0076198578,80.2362594604,71680,71690,10
13.0075397491,80.2366409302,71690,71700,10
13.0074396133,80.237121582,71700,71710,10
13.0073404312,80.2376327515,71710,71720,10
13.0072803497,80.2379837036,71720,71730,10
13.0071697235,80.2384719849,71730,71761,31
13.0071697235,80.2384719849,71761,71771,10
13.0071201324,80.2386779785,71771,71781,10
13.007060051,80.2389984131,71781,71791,10
13.0069503784,80.2396469116,71791,71892,101
13.0069503784,80.2396469116,71892,71902,10
13.0068502426,80.239982605,71902,71912,10
13.0067796707,80.2404632568,71912,71922,10
13.0067596436,80.2408294678,71922,71932,10
13.0067596436,80.240852356,71932,71941,9
13.0067195892,80.2411804199,71941,71953,12
13.0066604614,80.2419891357,71953,71963,10
13.006649971,80.2427215576,71963,71973,10
13.0066099167,80.2433624268,71973,71983,10
13.0066099167,80.2440032959,71983,71993,10
13.0066204071,80.2446517944,71993,72003,10
13.006649971,80.2453231812,72003,72094,91
13.006649971,80.2453231812,72094,72104,10
13.0066699982,80.2457275391,72104,72114,10
13.0066699982,80.2459564209,72114,72124,10
13.0066795349,80.246383667,72124,72134,10
13.0066900253,80.2469787598,72134,72144,10
13.0066699982,80.2476196289,72144,72154,10
13.0066604614,80.2483520508,72154,72165,11
13.0067100525,80.2491912842,72165,72175,10
13.0067300797,80.2500610352,72175,72185,10
13.0067501068,80.2506790161,72185,72195,10
13.0067501068,80.2508163452,72195,72205,10
13.0067396164,80.2508926392,72205,72215,10
13.0067300797,80.2512893677,72215,72225,10
13.0066204071,80.2518692017,72225,72235,10
13.006480217,80.2524795532,72235,72245,10
13.0064697266,80.253036499,72245,72254,9
13.006480217,80.2537384033,72254,72265,11
13.0065002441,80.2545013428,72265,72276,11
13.0065498352,80.2549972534,72276,72286,10
13.0065402985,80.255027771,72286,72296,10
13.0065202713,80.2552490234,72296,72306,10
13.006529808,80.2558135986,72306,72316,10
13.0065402985,80.2564315796,72316,72326,10
13.0066003799,80.2574386597,72326,72447,121
13.0066003799,80.2574386597,72447,72457,10
13.0064401627,80.2576293945,72457,72467,10
13.006070137,80.257522583,72467,72478,11
13.0055799484,80.2574005127,72478,72488,10
13.0050201416,80.257270813,72488,72498,10
13.0043001175,80.2571182251,72498,72508,10
13.0036001205,80.2569732666,72508,72518,10
13.003080368,80.2568664551,72518,72528,10
13.0029802322,80.2568511963,72528,72538,10
13.0027198792,80.2567901611,72538,72548,10
13.0023002625,80.2567062378,72548,72558,10
13.0019102097,80.2566375732,72558,72568,10
13.0015296936,80.2565689087,72568,72629,61
13.0015296936,80.2565689087,72629,72639,10
13.0014095306,80.2565765381,72639,72649,10
13.0009899139,80.2565231323,72649,72659,10
13.0004901886,80.256439209,72659,72669,10
12.9999303818,80.2563171387,72669,72678,9
12.9996500015,80.2562713623,72678,72690,12
12.9995298386,80.2562408447,72690,72700,10
12.9991598129,80.2561721802,72700,72710,10
12.9985303879,80.2561035156,72710,72750,40
12.9985303879,80.2561035156,72750,72760,10
12.9981603622,80.2560195923,72760,72770,10
12.9979801178,80.2559890747,72770,72779,9
12.9976701736,80.2559585571,72779,72791,12
12.9971199036,80.2559204102,72791,72801,10
12.9967803955,80.2558898926,72801,72811,10
12.9964399338,80.255897522,72811,72821,10
12.9961996078,80.2558898926,72821,72831,10
12.9960699081,80.2558822632,72831,72841,10
12.995880127,80.2558822632,72841,72851,10
12.9954900742,80.255897522,72851,72861,10
12.9949903488,80.2559204102,72861,72871,10
12.9944095612,80.2559661865,72871,72881,10
12.9937801361,80.2560424805,72881,72891,10
12.9929895401,80.2560882568,72891,72902,11
12.9920196533,80.256111145,72902,72912,10
12.9912595749,80.2560806274,72912,72922,10
12.9907102585,80.2560577393,72922,72932,10
12.9902601242,80.2560424805,72932,72942,10
12.9897499084,80.2560501099,72942,73013,71
12.9897499084,80.2560501099,73013,73023,10
12.9895401001,80.2560424805,73023,73033,10
12.9892597198,80.2560119629,73033,73043,10
12.9888601303,80.2559890747,73043,73053,10
12.9886102676,80.2559814453,73053,73063,10
12.9884996414,80.2559661865,73063,73073,10
12.9882602692,80.2559204102,73073,73083,10
12.9879999161,80.2558898926,73083,73093,10
12.987830162,80.2558898926,73093,73104,11
12.9875802994,80.2560424805,73104,73114,10
12.9875297546,80.2566299438,73114,73124,10
12.9874296188,80.2573623657,73124,73134,10
12.9873695374,80.258140564,73134,73144,10
12.9873104095,80.2586898804,73144,73154,10
12.987159729,80.2593231201,73154,73194,40
12.987159729,80.2593231201,73194,73203,9
12.9871702194,80.2595901489,73203,73225,22
12.9871702194,80.2595901489,73225,73235,10
12.9868202209,80.259552002,73235,73245,10
12.9865598679,80.2594680786,73245,73255,10
12.9865703583,80.2592391968,73255,73406,151
12.9865703583,80.2592391968,73406,73415,9
12.9869298935,80.2591400146,73415,73742,327
12.9869298935,80.2591400146,73742,73752,10
12.9872703552,80.2591781616,73752,73762,10
12.9873104095,80.2591629028,73762,73772,10
12.9873399734,80.2588424683,73772,73782,10
12.9873600006,80.2584991455,73782,73792,10
12.9873895645,80.258102417,73792,73802,10
12.9874200821,80.257522583,73802,73812,10
12.9874601364,80.2569198608,73812,73822,10
12.9875001907,80.2560806274,73822,73984,162
12.9875001907,80.2560806274,73984,73994,10
12.9875297546,80.2558364868,73994,74004,10
12.9877700806,80.2557373047,74004,74014,10
12.988120079,80.255821228,74014,74024,10
12.9883203506,80.255859375,74024,74034,10
12.9885702133,80.255897522,74034,74044,10
12.9885797501,80.2559127808,74044,74055,11
12.9886798859,80.2559432983,74055,74065,10
12.9890604019,80.2559814453,74065,74075,10
12.9896697998,80.2560195923,74075,74085,10
12.9902496338,80.2560272217,74085,74095,10
12.9905796051,80.2560119629,74095,74105,10
12.9910697937,80.2560424805,74105,74115,10
12.9917697906,80.256072998,74115,74125,10
12.9926099777,80.2560806274,74125,74135,10
12.9933996201,80.2560272217,74135,74145,10
12.9940500259,80.2559967041,74145,74156,11
12.9947395325,80.2559280396,74156,74166,10
12.9952497482,80.2559127808,74166,74176,10
12.9955101013,80.2559127808,74176,74186,10
12.9962396622,80.2558898926,74186,74206,20
12.9962396622,80.2558898926,74206,74216,10
12.9963998795,80.2558898926,74216,74226,10
12.9967002869,80.2558670044,74226,74236,10
12.9967298508,80.255859375,74236,74246,10
12.9969396591,80.2558898926,74246,74256,10
12.9972801208,80.2558822632,74256,74267,11
12.9976797104,80.2559204102,74267,74277,10
12.9980401993,80.2559661865,74277,74287,10
12.9988002777,80.2560882568,74287,74317,30
12.9988002777,80.2560882568,74317,74327,10
12.9990596771,80.2561416626,74327,74337,10
12.9993495941,80.256187439,74337,74347,10
12.999710083,80.2562408447,74347,74357,10
12.9999799728,80.2562866211,74357,74368,11
13.000869751,80.2564620972,74368,74418,50
13.000869751,80.2564620972,74418,74428,10
13.0010499954,80.2565383911,74428,74438,10
13.0013904572,80.2566070557,74438,74448,10
13.0018701553,80.256652832,74448,74458,10
13.0025100708,80.2567596436,74458,74468,10
13.003080368,80.2568664551,74468,74479,11
13.0036802292,80.2569732666,74479,74489,10
13.0042200089,80.2570800781,74489,74499,10
13.0046701431,80.2571563721,74499,74509,10
13.0052499771,80.2572402954,74509,74519,10
13.0058698654,80.2573165894,74519,74529,10
13.0061502457,80.2573699951,74529,74559,30
13.0061502457,80.2573699951,74559,74569,10
13.0064897537,80.2573318481,74569,74580,11
13.0064601898,80.2568130493,74580,74590,10
13.0064296722,80.2562179565,74590,74600,10
13.0064496994,80.2555999756,74600,74610,10
13.0064897537,80.2551193237,74610,74620,10
13.006480217,80.2546463013,74620,74630,10
13.0064601898,80.25440979,74630,74640,10
13.0064601898,80.2542266846,74640,74650,10
13.0064697266,80.2540206909,74650,74660,10
13.0064697266,80.2538986206,74660,74670,10
13.0064601898,80.2535629272,74670,74681,11
13.0064601898,80.2533416748,74681,74691,10
13.006480217,80.2531280518,74691,74701,10
13.0064897537,80.2526321411,74701,74731,30
13.0064897537,80.2526321411,74731,74741,10
13.0065097809,80.2524108887,74741,74751,10
13.0066003799,80.2519302368,74751,74761,10
13.0067300797,80.2512283325,74761,74771,10
13.0067195892,80.2504501343,74771,74780,9
13.0066995621,80.2497406006,74780,74792,12
13.0066699982,80.248916626,74792,74802,10
13.0066404343,80.2486190796,74802,74812,10
13.0066099167,80.2481765747,74812,74832,20
13.0066099167,80.2481765747,74832,74842,10
13.0066204071,80.2475280762,74842,74913,71
13.0066204071,80.2475280762,74913,74923,10
13.0066404343,80.2472229004,74923,74933,10
13.0065803528,80.2467193604,74933,74943,10
13.0065803528,80.2465362549,74943,74953,10
13.0066099167,80.2463684082,74953,74963,10
13.0066204071,80.2459487915,74963,74973,10
13.0066299438,80.2455215454,74973,74983,10
13.0066099167,80.2451095581,74983,74993,10
13.0066204071,80.2446517944,74993,75004,11
13.0066099167,80.244178772,75004,75014,10
13.0065898895,80.243850708,75014,75024,10
13.0065803528,80.2433929443,75024,75034,10
13.0065498352,80.2428207397,75034,75044,10
13.006529808,80.2420425415,75044,75054,10
13.0065698624,80.2412719727,75054,75064,10
13.0066995621,80.2405471802,75064,75074,10
13.0068702698,80.2397613525,75074,75084,10
13.0070295334,80.2388916016,75084,75094,10
13.0071697235,80.2380981445,75094,75105,11
13.0073204041,80.2373504639,75105,75115,10
13.0073699951,80.236869812,75115,75125,10
13.0073795319,80.2368011475,75125,75135,10
13.0074300766,80.2366409302,75135,75145,10
13.0075502396,80.2361907959,75145,75155,10
13.0076599121,80.2356262207,75155,75165,10
13.0077295303,80.2352294922,75165,75175,10
13.0078601837,80.2346572876,75175,75185,10
13.008020401,80.2338409424,75185,75195,10
13.0081796646,80.232963562,75195,75206,11
13.0083599091,80.2320632935,75206,75216,10
13.0085096359,80.231338501,75216,75226,10
13.0086803436,80.2304992676,75226,75236,10
13.0088500977,80.2296295166,75236,75246,10
13.0090103149,80.2287826538,75246,75256,10
13.0092096329,80.2280578613,75256,75266,10
13.0095596313,80.2272796631,75266,75276,10
13.0099201202,80.2265014648,75276,75286,10
13.0101900101,80.2259521484,75286,75296,10
13.0104598999,80.2253875732,75296,75306,10
13.0105600357,80.2251815796,75306,75317,11
13.0107097626,80.224861145,75317,75327,10
13.0109100342,80.2243728638,75327,75337,10
13.011179924,80.2237472534,75337,75347,10
13.0114803314,80.2230682373,75347,75357,10
13.0117502213,80.2222976685,75357,75367,10
13.0120296478,80.2216796875,75367,75377,10
13.0122900009,80.2215423584,75377,75387,10
13.0124702454,80.2218170166,75387,75397,10
13.0128602982,80.2223205566,75397,75407,10
13.0133399963,80.2228164673,75407,75418,11
13.0137996674,80.2232894897,75418,75428,10
13.01404953,80.2234802246,75428,75438,10
13.0142602921,80.2237319946,75438,75448,10
13.0146198273,80.2241897583,75448,75458,10
13.0151100159,80.224822998,75458,75468,10
13.0156803131,80.2252502441,75468,75478,10
13.016169548,80.2253570557,75478,75488,10
13.0168399811,80.2251968384,75488,75498,10
13.0176200867,80.2248764038,75498,75508,10
13.0183095932,80.2245864868,75508,75519,11
13.0189800262,80.224357605,75519,75529,10
13.019200325,80.2243423462,75529,75539,10
13.0193004608,80.224357605,75539,75549,10
13.019370079,80.2243881226,75549,75559,10
13.0194702148,80.2244262695,75559,75569,10
13.019610405,80.2245101929,75569,75579,10
13.0198297501,80.2246780396,75579,75589,10
13.0202798843,80.2250213623,75589,75599,10
13.0207004547,80.2253265381,75599,75609,10
13.0210800171,80.2256393433,75609,75619,10
13.0215997696,80.2260437012,75619,75630,11
13.0222797394,80.226600647,75630,75640,10
13.0228900909,80.2271194458,75640,75650,10
13.0234498978,80.2276306152,75650,75660,10
13.0239896774,80.2281723022,75660,75670,10
13.0244102478,80.2287063599,75670,75680,10
13.0246696472,80.2291183472,75680,75690,10
13.0250196457,80.2295684814,75690,75701,11
13.025560379,80.2303466797,75701,75711,10
13.0259199142,80.2312927246,75711,75752,41
13.0259199142,80.2312927246,75752,75762,10
13.0259799957,80.2314834595,75762,75772,10
13.0260696411,80.2318725586,75772,75782,10
13.0262403488,80.2325134277,75782,75792,10
13.0265398026,80.2331619263,75792,75802,10
13.0269603729,80.23387146,75802,75812,10
13.0274295807,80.2346572876,75812,75822,10
13.0278301239,80.2353363037,75822,75833,11
13.0284204483,80.2360534668,75833,75843,10
13.0288496017,80.2365264893,75843,75853,10
13.0293998718,80.2370986938,75853,75863,10
13.0295200348,80.2372589111,75863,75873,10
13.0297403336,80.2375717163,75873,75883,10
13.0300302505,80.238067627,75883,75893,10
13.0303497314,80.2386398315,75893,75903,10
13.0306596756,80.2391815186,75903,75913,10
13.0308704376,80.2395172119,75913,75933,20
13.0309295654,80.2396621704,75933,75974,41
13.0309295654,80.2396621704,75974,75984,10
13.0309896469,80.2397918701,75984,75994,10
13.0311403275,80.240020752,75994,76004,10
13.0312795639,80.240196228,76004,76014,10
13.0313596725,80.2406921387,76014,76024,10
13.0314998627,80.2411193848,76024,76034,10
13.0317201614,80.2415390015,76034,76045,11
13.0319795609,80.2420883179,76045,76055,10
13.03221035,80.2423934937,76055,76065,10
13.0326299667,80.2429275513,76065,76075,10
13.0331401825,80.243598938,76075,76085,10
13.0335903168,80.2442169189,76085,76095,10
13.0339899063,80.244758606,76095,76105,10
13.0344295502,80.2452926636,76105,76115,10
13.0348701477,80.24584198,76115,76125,10
13.0352697372,80.24609375,76125,76135,10
13.0356702805,80.2461776733,76135,76146,11
13.0357599258,80.2462692261,76146,76156,10
13.0360002518,80.2463607788,76156,76166,10
13.0364704132,80.246421814,76166,76176,10
13.03703022,80.2465591431,76176,76186,10
13.0374698639,80.2464523315,76186,76196,10
13.0380601883,80.2466125488,76196,76206,10
13.0389404297,80.2468566895,76206,76246,40
13.0389404297,80.2468566895,76246,76257,11
13.0390701294,80.2469100952,76257,76267,10
13.0394601822,80.2470016479,76267,76277,10
13.0399398804,80.2471008301,76277,76287,10
13.0405797958,80.2472076416,76287,76297,10
13.0407400131,80.2472305298,76297,76307,10
13.0410995483,80.2473220825,76307,76317,10
13.0417203903,80.2474517822,76317,76327,10
13.0422897339,80.2476196289,76327,76337,10
13.0426998138,80.2477798462,76337,76347,10
13.0430803299,80.2478790283,76347,76358,11
13.0435800552,80.2479400635,76358,76368,10
13.0440301895,80.2478637695,76368,76378,10
13.0446100235,80.2480010986,76378,76388,10
13.0448904037,80.2481002808,76388,76398,10
13.0451402664,80.2482376099,76398,76408,10
13.0455799103,80.2484436035,76408,76418,10
13.0460500717,80.2485580444,76418,76428,10
13.046500206,80.2485198975,76428,76438,10
13.0468702316,80.2484436035,76438,76448,10
13.0469503403,80.2484664917,76448,76459,11
13.0472602844,80.2486419678,76459,76469,10
13.0475797653,80.2489471436,76469,76479,10
13.047949791,80.2493362427,76479,76489,10
13.0482797623,80.2496337891,76489,76499,10
13.0485296249,80.2496337891,76499,76509,10
13.0490503311,80.249710083,76509,76519,10
13.0494003296,80.2497787476,76519,76529,10
13.0499801636,80.2499008179,76529,76539,10
13.0505695343,80.250038147,76539,76549,10
13.0511198044,80.2501831055,76549,76559,10
13.0516500473,80.2504501343,76559,76570,11
13.0521602631,80.2509613037,76570,76580,10
13.0525999069,80.2515411377,76580,76590,10
13.0531196594,80.2522277832,76590,76600,10
13.0536603928,80.2529830933,76600,76610,10
13.0542201996,80.2537384033,76610,76620,10
13.0547704697,80.2544403076,76620,76630,10
13.0552997589,80.2551727295,76630,76640,10
13.0557403564,80.2557830811,76640,76650,10
13.0560598373,80.2562103271,76650,76660,10
13.0566902161,80.2568588257,76660,76681,21
13.0566902161,80.2568588257,76681,76691,10
13.0568799973,80.2570571899,76691,76701,10
13.0573501587,80.2574615479,76701,76711,10
13.0577697754,80.2578582764,76711,76721,10
13.0581703186,80.2583465576,76721,76731,10
13.058549881,80.2588577271,76731,76741,10
13.059009552,80.2594070435,76741,76751,10
13.0594100952,80.2600402832,76751,76760,9
13.0598402023,80.2603683472,76760,76771,11
13.0602903366,80.2608413696,76771,76782,11
13.0606002808,80.2612304688,76782,76792,10
13.0606403351,80.2612762451,76792,76802,10
13.0607995987,80.2615432739,76802,76812,10
13.0610799789,80.2619781494,76812,76822,10
13.0614204407,80.2623214722,76822,76832,10
13.0617303848,80.2627105713,76832,76842,10
13.0621795654,80.2632598877,76842,76852,10
13.0626802444,80.2638168335,76852,76862,10
13.0630302429,80.2642288208,76862,76871,9
13.0630397797,80.2642364502,76871,76883,12
13.063369751,80.2647018433,76883,76893,10
13.0636701584,80.2652206421,76893,76903,10
13.0640001297,80.2657318115,76903,76913,10
13.0644302368,80.266242981,76913,76923,10
13.0648403168,80.266746521,76923,76933,10
13.0652704239,80.2671279907,76933,76943,10
13.0657100677,80.267578125,76943,76953,10
13.0660400391,80.2680130005,76953,76963,10
13.0662698746,80.2682495117,76963,76973,10
13.0664596558,80.2683792114,76973,76984,11
13.0666103363,80.2684402466,76984,76994,10
13.0668697357,80.2685470581,76994,77004,10
13.0668802261,80.2685623169,77004,77014,10
13.0670499802,80.2686767578,77014,77024,10
13.0674200058,80.268951416,77024,77034,10
13.0678396225,80.2692337036,77034,77044,10
13.0682001114,80.2693862915,77044,77054,10
13.0683202744,80.2692565918,77054,77064,10
13.0683803558,80.2688293457,77064,77074,10
13.0685396194,80.268409729,77074,77082,8
13.0687198639,80.2679367065,77082,77095,13
13.0690498352,80.2671737671,77095,77105,10
13.0694103241,80.2668228149,77105,77115,10
13.0697698593,80.266456604,77115,77125,10
13.0701704025,80.2660522461,77125,77135,10
13.070309639,80.2658996582,77135,77145,10
13.0703496933,80.2658691406,77145,77155,10
13.0706300735,80.265586853,77155,77165,10
13.070980072,80.2652435303,77165,77175,10
13.0712499619,80.2649307251,77175,77185,10
13.0714197159,80.2647476196,77185,77196,11
13.0717697144,80.2643585205,77196,77206,10
13.0720996857,80.263923645,77206,77216,10
13.0723600388,80.2633666992,77216,77226,10
13.0725698471,80.2628631592,77226,77236,10
13.0727396011,80.2623977661,77236,77246,10
13.0728302002,80.2620315552,77246,77256,10
13.0728597641,80.2619018555,77256,77266,10
13.0729999542,80.2614517212,77266,77276,10
13.0731801987,80.2612228394,77276,77286,10
13.0734300613,80.261428833,77286,77297,11
13.073800087,80.2618484497,77297,77307,10
13.074139595,80.2622680664,77307,77317,10
13.0758695602,80.264289856,77317,77357,40
13.0758695602,80.264289856,77357,77377,20
13.0767002106,80.2641983032,77377,77387,10
13.0775403976,80.2639007568,77387,77408,21
13.0775403976,80.2639007568,77408,77418,10
13.0777797699,80.263710022,77418,77448,30
13.0779304504,80.2635803223,77448,77468,20
13.0779304504,80.2635803223,77468,77478,10
13.0780496597,80.2633209229,77478,77488,10
13.0780096054,80.2632064819,77488,77497,9
13.0779304504,80.2630767822,77497,77509,12
13.0777902603,80.2626495361,77509,77519,10
13.0777101517,80.2623519897,77519,77529,10
13.0776195526,80.2621002197,77529,77549,20
13.0776195526,80.2621002197,77549,77559,10
13.0775299072,80.2617874146,77559,77569,10
13.0774202347,80.2614822388,77569,77589,20
13.0774202347,80.2614822388,77589,77599,10
13.0773801804,80.2612609863,77599,77610,11
13.0772800446,80.2610473633,77610,77620,10
13.0772600174,80.2609863281,77620,77630,10
13.0772104263,80.2609024048,77630,77640,10
13.0771799088,80.2608337402,77640,77650,10
13.0770902634,80.2606887817,77650,77660,10
13.0768995285,80.2604904175,77660,77670,10
13.0767297745,80.2603225708,77670,77680,10
13.0763597488,80.260017395,77680,77690,10
13.0758800507,80.2595825195,77690,77700,10
13.0756101608,80.259147644,77700,77709,9
13.0755796432,80.2590484619,77709,77721,12
13.0754699707,80.2587432861,77721,77731,10
13.0753602982,80.258392334,77731,77741,10
13.0754995346,80.2580566406,77741,77751,10
13.0759000778,80.2577819824,77751,77761,10
13.0763196945,80.2574005127,77761,77771,10
13.0767602921,80.2570266724,77771,77781,10
13.0772304535,80.2567977905,77781,77791,10
13.0777997971,80.2566986084,77791,77801,10
13.078499794,80.2566604614,77801,77811,10
13.0789403915,80.2565536499,77811,77822,11
13.0790195465,80.2562713623,77822,77832,10
13.0789699554,80.2555923462,77832,77842,10
13.0789003372,80.2549285889,77842,77852,10
13.0790700912,80.2546234131,77852,77862,10
13.0794496536,80.2545928955,77862,77872,10
13.0797395706,80.2546463013,77872,77882,10
13.0798397064,80.2546615601,77882,77892,10
13.0800895691,80.254699707,77892,77902,10
13.0804100037,80.2547607422,77902,77912,10
13.0809001923,80.2548217773,77912,77923,11
13.0812997818,80.2548675537,77923,77933,10
13.0816202164,80.2545928955,77933,77943,10
13.0817403793,80.25415802,77943,77953,10
13.0818004608,80.253578186,77953,77963,10
13.0817604065,80.2530517578,77963,77973,10
13.0815000534,80.2525100708,77973,77983,10
13.0813102722,80.2519836426,77983,77993,10
13.0812997818,80.2514572144,77993,78003,10
13.0812702179,80.2509765625,78003,78013,10
13.0812597275,80.2505264282,78013,78022,9
13.0812501907,80.2501983643,78022,78034,12
13.0812702179,80.2497711182,78034,78044,10
13.0815200806,80.2496795654,78044,78054,10
13.0820598602,80.24974823,78054,78064,10
13.0826301575,80.2498397827,78064,78074,10
13.0830898285,80.2499084473,78074,78084,10
13.0835599899,80.25,78084,78094,10
13.0841903687,80.2500991821,78094,78104,10
13.0846395493,80.2501831055,78104,78114,10
13.0847196579,80.2502212524,78114,78124,10
13.0851602554,80.2502975464,78124,78135,11
13.0856304169,80.2503585815,78135,78145,10
13.0857496262,80.2503890991,78145,78155,10
13.0858402252,80.2501678467,78155,78165,10
13.085849762,80.2498626709,78165,78175,10
13.0858097076,80.2492294312,78175,78185,10
13.0857601166,80.2485809326,78185,78195,10
13.0857000351,80.2477798462,78195,78205,10
13.0857095718,80.2470016479,78205,78215,10
13.0857200623,80.2467575073,78215,78225,10
13.0857200623,80.2466430664,78225,78236,11
13.085650444,80.2461624146,78236,78246,10
13.0855798721,80.2455368042,78246,78306,60
13.0855798721,80.2455368042,78306,78316,10
13.0857095718,80.2452011108,78316,78326,10
13.0859804153,80.2449493408,78326,78337,11
13.0864601135,80.2445602417,78337,78347,10
13.0869503021,80.2441482544,78347,78357,10
13.0874300003,80.2437667847,78357,78367,10
13.0877399445,80.2433395386,78367,78377,10
13.087849617,80.2428436279,78377,78387,10
13.0879497528,80.2423095703,78387,78397,10
13.0884199142,80.2418823242,78397,78407,10
13.0889797211,80.2414932251,78407,78417,10
13.089509964,80.2411117554,78417,78427,10
13.0901699066,80.2408676147,78427,78437,10
13.0910196304,80.2408828735,78437,78448,11
13.0918502808,80.2409286499,78448,78458,10
13.092209816,80.2409362793,78458,78468,10
13.0928297043,80.2409667969,78468,78478,10
13.0935497284,80.2410964966,78478,78488,10
13.0941200256,80.2411880493,78488,78498,10
13.09416008,80.2412033081,78498,78508,10
13.0942296982,80.2412719727,78508,78518,10
13.0947504044,80.2413635254,78518,78549,31
13.094909668,80.2413635254,78549,78579,30
13.094909668,80.2413635254,78579,78589,10
13.0951900482,80.2413787842,78589,78599,10
13.0956201553,80.241569519,78599,78660,61
13.0956201553,80.241569519,78660,78670,10
13.0958499908,80.2417373657,78670,78680,10
13.0961503983,80.2418212891,78680,78690,10
13.0964403152,80.2419204712,78690,78700,10
13.0965995789,80.2419815063,78700,78771,71
13.0965995789,80.2419815063,78771,78781,10
13.0968799591,80.2420425415,78781,78791,10
13.097240448,80.2421264648,78791,78821,30
13.097240448,80.2421264648,78821,78831,10
13.0975198746,80.2421798706,78831,78841,10
13.0979404449,80.2422866821,78841,78850,9
13.0983800888,80.2423477173,78850,78902,52
13.0983800888,80.2423477173,78902,78912,10
13.0985403061,80.2423324585,78912,78922,10
13.0986700058,80.2421875,78922,78932,10
13.0986204147,80.2418136597,78932,78973,41
13.0986204147,80.2418136597,78973,78983,10
13.098449707,80.2421569824,78983,79265,282
13.098449707,80.2421569824,79265,79275,10
13.0980100632,80.2423324585,79275,79286,11
13.0975399017,80.2422180176,79286,79336,50
13.0975399017,80.2422180176,79336,79346,10
13.0972700119,80.2421188354,79346,79356,10
13.0968704224,80.2419891357,79356,79366,10
13.0964298248,80.2418365479,79366,79376,10
13.0960197449,80.2416992188,79376,79387,11
13.0958900452,80.2416687012,79387,79397,10
13.0955696106,80.2415084839,79397,79407,10
13.0951299667,80.2413711548,79407,79417,10
13.0947303772,80.2412414551,79417,79427,10
13.0943498611,80.2411880493,79427,79437,10
13.0937795639,80.2411117554,79437,79447,10
13.093170166,80.2409973145,79447,79457,10
13.0925798416,80.2409210205,79457,79467,10
13.0919704437,80.2408828735,79467,79477,10
13.0911598206,80.240852356,79477,79487,10
13.0903396606,80.2408294678,79487,79498,11
13.0895595551,80.2410430908,79498,79508,10
13.0888996124,80.2415008545,79508,79518,10
13.0884304047,80.241859436,79518,79528,10
13.0879096985,80.2424163818,79528,79538,10
13.0877599716,80.2431335449,79538,79548,10
13.087679863,80.2433776855,79548,79558,10
13.0873699188,80.2437973022,79558,79568,10
13.0869102478,80.2441711426,79568,79578,10
13.0863800049,80.2446289063,79578,79588,10
13.0858402252,80.2450485229,79588,79599,11
13.0855998993,80.2452697754,79599,79609,10
13.085559845,80.2455596924,79609,79619,10
13.0855903625,80.2460708618,79619,79629,10
13.0856704712,80.2466888428,79629,79639,10
13.0857095718,80.2473907471,79639,79649,10
13.0857801437,80.2482376099,79649,79659,10
13.0858097076,80.2490234375,79659,79669,10
13.085849762,80.2497406006,79669,79679,10
13.0858697891,80.2502365112,79679,79688,9
13.0858802795,80.2502670288,79688,79699,11
13.0858297348,80.2504730225,79699,79710,11
13.085729599,80.2508621216,79710,79720,10
13.0856800079,80.2513122559,79720,79730,10
13.0856399536,80.2516098022,79730,79740,10
13.0855998993,80.2518310547,79740,79750,10
13.0855703354,80.2521820068,79750,79760,10
13.0855398178,80.2526473999,79760,79770,10
13.0854902267,80.253112793,79770,79780,10
13.0854797363,80.2535018921,79780,79790,10
13.0855197906,80.2539367676,79790,79800,10
13.0855703354,80.2544708252,79800,79811,11
13.0853595734,80.2547073364,79811,79821,10
13.084810257,80.2546615601,79821,79831,10
13.0841197968,80.2546005249,79831,79841,10
13.083439827,80.2545166016,79841,79851,10
13.0827999115,80.2545013428,79851,79861,10
13.0823802948,80.2544784546,79861,79871,10
13.0818195343,80.2546691895,79871,79881,10
13.0813398361,80.2548599243,79881,79891,10
13.0808801651,80.2547988892,79891,79901,10
13.0804796219,80.2547225952,79901,79912,11
13.0801801682,80.2546615601,79912,79922,10
13.0796403885,80.2546005249,79922,79932,10
13.0790700912,80.2546234131,79932,79942,10
13.0789003372,80.2548904419,79942,79952,10
13.0789699554,80.2554931641,79952,79962,10
13.0790395737,80.2562484741,79962,79972,10
13.0790395737,80.2565536499,79972,79982,10
13.0789604187,80.2566680908,79982,79992,10
13.0785503387,80.256690979,79992,80002,10
13.0780000687,80.256690979,80002,80013,11
13.077630043,80.2567214966,80013,80023,10
13.0771102905,80.2568588257,80023,80033,10
13.0766897202,80.2571029663,80033,80043,10
13.0764303207,80.2573471069,80043,80053,10
13.0758895874,80.2578582764,80053,80063,10
13.0754003525,80.2582168579,80063,80073,10
13.0750102997,80.2584991455,80073,80083,10
13.0745401382,80.2588577271,80083,80093,10
13.0740003586,80.2593612671,80093,80103,10
13.0736103058,80.2599411011,80103,80113,10
13.0733203888,80.2605819702,80113,80124,11
13.0732002258,80.2611999512,80124,80134,10
13.0729598999,80.2617111206,80134,80144,10
13.072719574,80.2622909546,80144,80154,10
13.0725698471,80.2627868652,80154,80164,10
13.072429657,80.2632522583,80164,80174,10
13.0722303391,80.2636795044,80174,80184,10
13.0719499588,80.2641372681,80184,80194,10
13.0716495514,80.2644500732,80194,80204,10
13.0712995529,80.2648162842,80204,80214,10
13.070980072,80.2652130127,80214,80225,11
13.0706396103,80.265586853,80225,80235,10
13.0703201294,80.2658996582,80235,80245,10
13.0699501038,80.2662887573,80245,80255,10
13.0694904327,80.266746521,80255,80265,10
13.0690498352,80.2671279907,80265,80275,10
13.0687398911,80.2676391602,80275,80285,10
13.0685396194,80.2682418823,80285,80295,10
13.068400383,80.2687301636,80295,80305,10
13.0682601929,80.2693328857,80305,80315,10
13.0681495667,80.2697906494,80315,80326,11
13.0680599213,80.2704925537,80326,80336,10
13.0679397583,80.2709884644,80336,80346,10
13.0675001144,80.2706832886,80346,80356,10
13.0669202805,80.270149231,80356,80366,10
13.0664997101,80.2695083618,80366,80376,10
13.0664100647,80.2688293457,80376,80386,10
13.0662899017,80.2683792114,80386,80395,9
13.0659799576,80.2679901123,80395,80406,11
13.0655002594,80.2676773071,80406,80416,10
13.0652103424,80.2676315308,80416,80426,10
13.0651197433,80.2676391602,80426,80437,11
13.0646400452,80.267539978,80437,80447,10
13.0641002655,80.2674407959,80447,80457,10
13.0635204315,80.2673416138,80457,80467,10
13.0628499985,80.2672195435,80467,80477,10
13.0623903275,80.2668075562,80477,80487,10
13.061920166,80.2662200928,80487,80497,10
13.0614795685,80.2656173706,80497,80507,10
13.0609998703,80.2652206421,80507,80517,10
13.0605897903,80.2653503418,80517,80527,10
13.0605201721,80.265411377,80527,80538,11
13.0601100922,80.265586853,80538,80548,10
13.0595397949,80.2656173706,80548,80558,10
13.0590896606,80.2655105591,80558,80568,10
13.0585699081,80.2654266357,80568,80578,10
13.058139801,80.2651824951,80578,80588,10
13.0580101013,80.2645721436,80588,80598,10
13.0578699112,80.2638397217,80598,80608,10
13.0577802658,80.263092041,80608,80618,10
13.0576696396,80.2623977661,80618,80628,10
13.0575399399,80.2615890503,80628,80639,11
13.0573997498,80.2608108521,80639,80649,10
13.0572004318,80.260093689,80649,80659,10
13.057009697,80.2594070435,80659,80669,10
13.056810379,80.2587509155,80669,80679,10
13.0566902161,80.2582015991,80679,80689,10
13.0565900803,80.257598877,80689,80699,10
13.0564203262,80.2568969727,80699,80709,10
13.0562496185,80.2564086914,80709,80719,10
13.0558795929,80.2558822632,80719,80729,10
13.0553998947,80.2552032471,80729,80739,10
13.0549097061,80.2545166016,80739,80750,11
13.0543403625,80.2537765503,80750,80760,10
13.0539598465,80.253326416,80760,80770,10
13.0538702011,80.2532196045,80770,80780,10
13.0536203384,80.2528381348,80780,80790,10
13.0532999039,80.2523727417,80790,80800,10
13.0528898239,80.2517929077,80800,80810,10
13.0524597168,80.2511978149,80810,80819,9
13.0520896912,80.2507171631,80819,80830,11
13.0514698029,80.25025177,80830,80840,10
13.0507202148,80.2500228882,80840,80851,11
13.0498104095,80.2498397827,80851,80861,10
13.0489902496,80.2497634888,80861,80871,10
13.0482702255,80.2495422363,80871,80881,10
13.0476903915,80.2490463257,80881,80891,10
13.0470104218,80.2486419678,80891,80901,10
13.046210289,80.2485733032,80901,80911,10
13.0455598831,80.2483901978,80911,80921,10
13.0449495316,80.2481613159,80921,80931,10
13.0443401337,80.2480392456,80931,80941,10
13.0435695648,80.2479019165,80941,80952,11
13.0429401398,80.2478027344,80952,80962,10
13.0424604416,80.2477035522,80962,80972,10
13.0417299271,80.2475509644,80972,80982,10
13.0410203934,80.2473983765,80982,80992,10
13.0403003693,80.247253418,80992,81002,10
13.0395698547,80.2470932007,81002,81012,10
13.0389299393,80.2469482422,81012,81022,10
13.0382499695,80.2468185425,81022,81032,10
13.0375099182,80.2466812134,81032,81042,10
13.0367898941,80.2465286255,81042,81052,10
13.0361404419,80.2463607788,81052,81063,11
13.0357398987,80.2462081909,81063,81073,10
13.0357303619,80.2462081909,81073,81083,10
13.0354404449,80.24609375,81083,81093,10
13.0349302292,80.2458267212,81093,81103,10
13.0346002579,80.2454223633,81103,81113,10
13.0342998505,80.2450027466,81113,81123,10
13.0339002609,80.2445907593,81123,81133,10
13.0334596634,80.2440567017,81133,81143,10
13.0330200195,80.2434463501,81143,81152,9
13.0327596664,80.2431488037,81152,81164,12
13.0325899124,80.2429199219,81164,81174,10
13.0324802399,80.2427368164,81174,81184,10
13.0323600769,80.2425689697,81184,81214,30
13.0321397781,80.2422637939,81214,81275,61
13.0321397781,80.2422637939,81275,81285,10
13.0320301056,80.2420578003,81285,81295,10
13.0318899155,80.2417831421,81295,81305,10
13.0317001343,80.2413330078,81305,81315,10
13.0313997269,80.2406997681,81315,81376,61
13.0313997269,80.2406997681,81376,81386,10
13.0313396454,80.2404937744,81386,81396,10
13.0311899185,80.2401809692,81396,81406,10
13.0311098099,80.2399597168,81406,81416,10
13.0308504105,80.2394332886,81416,81426,10
13.0304698944,80.2387924194,81426,81436,10
13.0300397873,80.2380371094,81436,81446,10
13.029589653,80.2373123169,81446,81456,10
13.0290899277,80.2367706299,81456,81466,10
13.0285997391,80.2362289429,81466,81477,11
13.0280399323,80.2356185913,81477,81487,10
13.0276403427,80.2349395752,81487,81497,10
13.027299881,80.234336853,81497,81507,10
13.0269603729,80.2337875366,81507,81517,10
13.0266199112,80.2332077026,81517,81527,10
13.0263500214,80.2326889038,81527,81537,10
13.0261898041,80.232208252,81537,81547,10
13.0260896683,80.2317733765,81547,81557,10
13.0260295868,80.2314682007,81557,81567,10
13.0258598328,80.2308578491,81567,81578,11
13.0254402161,80.2300796509,81578,81588,10
13.0249996185,80.2295074463,81588,81598,10
13.0245800018,80.2289733887,81598,81608,10
13.0242099762,80.2285079956,81608,81618,10
13.0241498947,80.2284393311,81618,81628,10
13.0239095688,80.2281265259,81628,81638,10
13.0236101151,80.2277832031,81638,81648,10
13.0232400894,80.2274017334,81648,81658,10
13.0228099823,80.2269897461,81658,81668,10
13.0222196579,80.2264862061,81668,81677,9
13.0216398239,80.2259979248,81677,81689,12
13.0208902359,80.2254104614,81689,81699,10
13.0202999115,80.2250289917,81699,81709,10
13.0197000504,80.2246398926,81709,81719,10
13.0190000534,80.2244796753,81719,81729,10
13.0183601379,80.2246704102,81729,81739,10
13.0176296234,80.2249908447,81739,81749,10
13.0169296265,80.2252731323,81749,81759,10
13.0163698196,80.2255020142,81759,81769,10
13.0158195496,80.225692749,81769,81779,10
13.0152902603,80.2258911133,81779,81790,11
13.0147199631,80.2261199951,81790,81800,10
13.0143404007,80.226272583,81800,81810,10
13.0139799118,80.2264022827,81810,81820,10
13.0133104324,80.2266693115,81820,81830,10
13.0125303268,80.2269821167,81830,81840,10
13.0117397308,80.2272872925,81840,81850,10
13.0109395981,80.2276077271,81850,81860,10
13.0101499557,80.2279281616,81860,81870,10
13.0093898773,80.2282562256,81870,81880,10
13.0090799332,80.2288665771,81880,81891,11
13.0089101791,80.2297286987,81891,81901,10
13.0087404251,80.2306289673,81901,81911,10
13.0085601807,80.2315063477,81911,81921,10
13.0083904266,80.2324066162,81921,81931,10
13.0082197189,80.2333374023,81931,81941,10
13.0080404282,80.2342071533,81941,81951,10
13.0078802109,80.2348632813,81951,81961,10
13.0077295303,80.235710144,81961,81971,10
13.0075302124,80.2367019653,81971,81981,10
13.007349968,80.2376022339,81981,81991,10
13.0072002411,80.2384414673,81991,82002,11
13.007060051,80.2392272949,82002,82012,10
13.0069198608,80.2399597168,82012,82042,30
13.0069198608,80.2399597168,82042,82052,10
13.0068302155,80.2405166626,82052,82062,10
13.0067300797,80.2410964966,82062,82072,10
13.0066995621,80.2419815063,82072,82082,10
13.0066795349,80.2427597046,82082,82092,10
13.006649971,80.243560791,82092,82103,11
13.006649971,80.2444534302,82103,82113,10
13.0066699982,80.2451629639,82113,82123,10
13.0066795349,80.2459869385,82123,82133,10
13.0066995621,80.2466583252,82133,82143,10
13.0066995621,80.2470169067,82143,82153,10
13.0066900253,80.2474899292,82153,82163,10
13.0066900253,80.2481307983,82163,82173,10
13.0067300797,80.248916626,82173,82183,10
13.0067501068,80.2497711182,82183,82193,10
13.0067796707,80.2505722046,82193,82204,11
13.006819725,80.2513580322,82204,82214,10
13.0067300797,80.2516403198,82214,82224,10
13.0066003799,80.2522277832,82224,82234,10
13.0065402985,80.2530288696,82234,82244,10
13.0065402985,80.2538299561,82244,82254,10
13.0065698624,80.2546768188,82254,82264,10
13.0065803528,80.255317688,82264,82274,10
13.0066003799,80.2560806274,82274,82284,10
13.0065898895,80.2567825317,82284,82294,10
13.0066404343,80.2572479248,82294,82325,31
13.0066404343,80.2572479248,82325,82335,10
13.006649971,80.2574615479,82335,82345,10
13.0063199997,80.2575836182,82345,82355,10
13.00578022,80.2574310303,82355,82365,10
13.0051498413,80.2572784424,82365,82375,10
13.0044698715,80.2571334839,82375,82385,10
13.0038299561,80.2569885254,82385,82395,10
13.0031795502,80.2568588257,82395,82405,10
13.0024595261,80.2567214966,82405,82416,11
13.0016498566,80.2565765381,82416,82426,10
13.00096035,80.256477356,82426,82436,10
13.0001401901,80.2563400269,82436,82446,10
12.9994602203,80.2562332153,82446,82456,10
12.9987897873,80.256111145,82456,82476,20
12.9987897873,80.256111145,82476,82486,10
12.9986801147,80.2560806274,82486,82496,10
12.998459816,80.2560501099,82496,82506,10
12.9977903366,80.2559814453,82506,82547,41
12.9977903366,80.2559814453,82547,82557,10
12.9976596832,80.2561416626,82557,82567,10
12.9976701736,80.2565231323,82567,82769,202
12.9976196289,80.2567977905,82769,82941,172
12.9976196289,80.2567977905,82941,82951,10
12.9975099564,80.2568511963,82951,83001,50
12.9975099564,80.2568511963,83001,83011,10
12.9976396561,80.2565307617,83011,83021,10
12.9976501465,80.2563323975,83021,83254,233
12.9976501465,80.2563323975,83254,83264,10
12.9976997375,80.2559585571,83264,83334,70
12.9976997375,80.2559585571,83334,83343,9
12.9973402023,80.2559967041,83343,83455,112
12.9973402023,80.2559967041,83455,83466,11
12.9973201752,80.2559432983,83466,83476,10
12.9972896576,80.2559432983,83476,83486,10
12.9970798492,80.2559432983,83486,83496,10
12.9967098236,80.2559280396,83496,83506,10
12.996219635,80.2559280396,83506,83516,10
12.99559021,80.2559280396,83516,83526,10
12.995059967,80.2559661865,83526,83536,10
12.9944601059,80.2559967041,83536,83546,10
12.9938602448,80.2560577393,83546,83555,9
12.9930896759,80.256111145,83555,83567,12
12.9919500351,80.2561187744,83567,83577,10
12.991060257,80.256072998,83577,83587,10
12.990240097,80.2560424805,83587,83597,10
12.9894104004,80.2560272217,83597,83607,10
12.9884300232,80.2559280396,83607,83617,10
12.987739563,80.255821228,83617,83627,10
12.9872999191,80.2557373047,83627,83637,10
12.9865703583,80.255607605,83637,83647,10
12.9861297607,80.255531311,83647,83657,10
12.9859600067,80.2554702759,83657,83668,11
12.9854803085,80.2553329468,83668,83678,10
12.9847402573,80.2551803589,83678,83688,10
12.9839601517,80.2550125122,83688,83698,10
12.9831600189,80.2547836304,83698,83708,10
12.9824104309,80.2545394897,83708,83718,10
12.9819297791,80.2538986206,83718,83728,10
12.9817304611,80.2530670166,83728,83738,10
12.9810600281,80.2527999878,83738,83748,10
12.980389595,80.2527923584,83748,83758,10
12.979590416,80.2527313232,83758,83768,10
12.9787597656,80.2526397705,83768,83779,11
12.9785900116,80.2525787354,83779,83789,10
12.9781904221,80.2523193359,83789,83799,10
12.9775695801,80.2517623901,83799,83809,10
12.9767599106,80.2513198853,83809,83819,10
12.9757900238,80.2510375977,83819,83829,10
12.9747695923,80.2507400513,83829,83839,10
12.9736995697,80.2504272461,83839,83849,10
12.9726200104,80.2501525879,83849,83859,10
12.9715099335,80.2498703003,83859,83869,10
12.9704504013,80.2495574951,83869,83880,11
12.9694099426,80.2491531372,83880,83890,10
12.9684200287,80.2487411499,83890,83900,10
12.967499733,80.2483520508,83900,83910,10
12.9666795731,80.2479476929,83910,83920,10
12.9658002853,80.2475814819,83920,83930,10
12.9651203156,80.2473678589,83930,83940,10
12.9650201797,80.2473220825,83940,83950,10
12.964630127,80.2471694946,83950,83960,10
12.9640102386,80.2469482422,83960,83970,10
12.9632797241,80.2466278076,83970,83981,11
12.9624004364,80.2461929321,83981,83991,10
12.9615001678,80.2457580566,83991,84001,10
12.9605503082,80.2453079224,84001,84011,10
12.9595804214,80.2448806763,84011,84021,10
12.9592103958,80.244720459,84021,84031,10
12.9587602615,80.2445068359,84031,84041,10
12.9580497742,80.2441864014,84041,84051,10
12.9575195313,80.2440032959,84051,84061,10
12.9564304352,80.2436599731,84061,84081,20
12.9564304352,80.2436599731,84081,84092,11
12.9561500549,80.2435531616,84092,84102,10
12.9555902481,80.243270874,84102,84112,10
12.9548397064,80.2429199219,84112,84122,10
12.9540195465,80.2425765991,84122,84132,10
12.9531002045,80.2421875,84132,84142,10
12.9522304535,80.2418518066,84142,84152,10
12.9520397186,80.2417907715,84152,84162,10
12.9514703751,80.2416000366,84162,84172,10
12.9506702423,80.2413330078,84172,84182,10
12.9497404099,80.2410507202,84182,84193,11
12.9490404129,80.2407989502,84193,84203,10
12.9485502243,80.2406005859,84203,84213,10
12.947719574,80.240272522,84213,84223,10
12.9468402863,80.2399215698,84223,84233,10
12.9459104538,80.2395172119,84233,84243,10
12.9450101852,80.2389297485,84243,84253,10
12.9442396164,80.2381210327,84253,84263,10
12.9435195923,80.2373123169,84263,84273,10
12.9426202774,80.2366333008,84273,84282,9
12.9416103363,80.2363128662,84282,84294,12
12.940320015,80.2359771729,84294,84304,10
12.9393100739,80.2355728149,84304,84314,10
12.9383201599,80.2350769043,84314,84324,10
12.9372997284,80.2345733643,84324,84334,10
12.936249733,80.2340698242,84334,84344,10
12.9354496002,80.2337036133,84344,84354,10
12.9344797134,80.233253479,84354,84364,10
12.933549881,80.2328414917,84364,84374,10
12.9325799942,80.2324295044,84374,84384,10
12.9314899445,80.2320632935,84384,84394,10
12.9303998947,80.2317123413,84394,84405,11
12.9292898178,80.2314529419,84405,84415,10
12.9281997681,80.2312698364,84415,84425,10
12.927069664,80.2311325073,84425,84435,10
12.9261598587,80.2310333252,84435,84445,10
12.9260702133,80.2310180664,84445,84455,10
12.9257898331,80.2309570313,84455,84465,10
12.9252004623,80.2308807373,84465,84475,10
12.924369812,80.2307662964,84475,84485,10
12.9233598709,80.2306518555,84485,84495,10
12.9222202301,80.2304763794,84495,84506,11
12.9209499359,80.2303009033,84506,84515,9
12.9198904037,80.2301712036,84515,84526,11
12.9186201096,80.2300033569,84526,84536,10
12.9175100327,80.229850769,84536,84546,10
12.9164304733,80.2296905518,84546,84556,10
12.9153699875,80.2295303345,84556,84566,10
12.9142799377,80.2293930054,84566,84576,10
12.9134702682,80.2293319702,84576,84586,10
12.9132795334,80.2293014526,84586,84596,10
12.912730217,80.2291870117,84596,84607,11
12.9118499756,80.2290725708,84607,84617,10
12.9108695984,80.2289276123,84617,84627,10
12.909819603,80.2287597656,84627,84637,10
12.9087095261,80.2285766602,84637,84647,10
12.9075899124,80.2284088135,84647,84657,10
12.9065504074,80.2282867432,84657,84667,10
12.9056901932,80.2282714844,84667,84677,10
12.905500412,80.2282409668,84677,84687,10
12.9049100876,80.2282028198,84687,84697,10
12.9040498734,80.2281417847,84697,84707,10
12.9029998779,80.2280807495,84707,84718,11
12.9017896652,80.2280273438,84718,84728,10
12.9011898041,80.2280273438,84728,84738,10
12.9011802673,80.2280197144,84738,84748,10
12.9009799957,80.2279968262,84748,84758,10
12.9005203247,80.2279510498,84758,84768,10
12.8997802734,80.227897644,84768,84778,10
12.8988599777,80.2278366089,84778,84788,10
12.8977603912,80.2277679443,84788,84798,10
12.8965902328,80.2277069092,84798,84808,10
12.895409584,80.2276611328,84808,84819,11
12.8940696716,80.2276000977,84819,84829,10
12.8928604126,80.2274475098,84829,84839,10
12.8916597366,80.2273712158,84839,84849,10
12.89041996,80.2273635864,84849,84859,10
12.8891897202,80.2273635864,84859,84869,10
12.8879804611,80.2273178101,84869,84879,10
12.8868103027,80.2271499634,84879,84889,10
12.8856296539,80.226852417,84889,84899,10
12.884519577,80.2267303467,84899,84909,10
12.8834495544,80.2267379761,84909,84920,11
12.8822603226,80.2267532349,84920,84930,10
12.8811302185,80.2267608643,84930,84940,10
12.8799600601,80.2267684937,84940,84950,10
12.8787698746,80.2267990112,84950,84960,10
12.8776197433,80.226890564,84960,84970,10
12.876540184,80.2269821167,84970,84980,10
12.8754301071,80.2269592285,84980,84990,10
12.874250412,80.2268218994,84990,85000,10
12.8730897903,80.2267227173,85000,85010,10
12.8720302582,80.2266921997,85010,85021,11
12.8707199097,80.2266387939,85021,85031,10
12.8695402145,80.2265167236,85031,85041,10
12.8683204651,80.2264022827,85041,85051,10
12.8670797348,80.2265014648,85051,85061,10
12.8658800125,80.2266082764,85061,85071,10
12.8646802902,80.2265930176,85071,85081,10
12.8634595871,80.2265396118,85081,85091,10
12.8622303009,80.2265701294,85091,85101,10
12.8609895706,80.226600647,85101,85111,10
12.8597602844,80.2264480591,85111,85121,10
12.8589000702,80.2263183594,85121,85132,11
12.8586502075,80.2263031006,85132,85142,10
12.8580303192,80.2262802124,85142,85152,10
12.8571500778,80.2263336182,85152,85162,10
12.856089592,80.2264328003,85162,85172,10
12.8549699783,80.2265396118,85172,85182,10
12.8537998199,80.2266769409,85182,85192,10
12.8525800705,80.2267227173,85192,85202,10
12.8513002396,80.2266464233,85202,85212,10
12.8500900269,80.2266082764,85212,85221,9
12.8489999771,80.226600647,85221,85233,12
12.8475198746,80.226600647,85233,85243,10
12.8463802338,80.2266235352,85243,85253,10
12.8454399109,80.2266387939,85253,85263,10
12.8452701569,80.2266311646,85263,85273,10
12.8448200226,80.2266616821,85273,85283,10
12.8440504074,80.2267227173,85283,85293,10
12.8430404663,80.2268829346,85293,85303,10
12.8419103622,80.2271270752,85303,85313,10
12.8408203125,80.2274093628,85313,85322,9
12.8401498795,80.2276000977,85322,85334,12
12.839679718,80.2276916504,85334,85344,10
12.8395700455,80.2277069092,85344,85354,10
12.8391704559,80.2278289795,85354,85364,10
12.8384399414,80.2280197144,85364,85374,10
12.8374700546,80.2282180786,85374,85384,10
12.8363800049,80.2283935547,85384,85394,10
12.8352098465,80.2285614014,85394,85404,10
12.8339996338,80.2287597656,85404,85414,10
12.8328104019,80.2289810181,85414,85424,10
12.8317098618,80.2292175293,85424,85434,10
12.8305997849,80.2295837402,85434,85445,11
12.8293504715,80.2300567627,85445,85455,10
12.8283195496,80.2305831909,85455,85465,10
12.8274202347,80.2310791016,85465,85475,10
12.8262500763,80.2313690186,85475,85485,10
12.8249998093,80.2314224243,85485,85495,10
12.8238697052,80.2311782837,85495,85505,10
12.8227596283,80.2308273315,85505,85515,10
12.8216400146,80.2305221558,85515,85525,10
12.8205099106,80.2304611206,85525,85535,10
12.8193798065,80.2304763794,85535,85546,11
12.8183097839,80.23021698,85546,85556,10
12.8172397614,80.2297210693,85556,85566,10
12.8160600662,80.2294387817,85566,85576,10
12.8148803711,80.2292633057,85576,85586,10
12.8137397766,80.2290267944,85586,85596,10
12.8125295639,80.2286376953,85596,85606,10
12.8113603592,80.2282028198,85606,85616,10
12.8101701736,80.2277297974,85616,85626,10
12.8091201782,80.2272033691,85626,85636,10
12.8081703186,80.2264404297,85636,85647,11
12.8072299957,80.2256393433,85647,85657,10
12.8065500259,80.2250366211,85657,85667,10
12.8058099747,80.2243804932,85667,85677,10
12.8049402237,80.2239990234,85677,85687,10
12.8039999008,80.2238922119,85687,85697,10
12.8030996323,80.2238235474,85697,85707,10
12.8019599915,80.2236785889,85707,85717,10
12.8006801605,80.2235565186,85717,85727,10
12.7993898392,80.2234420776,85727,85737,10
12.7981100082,80.2233276367,85737,85747,10
12.7967996597,80.2231063843,85747,85758,11
12.7954702377,80.2228622437,85758,85768,10
12.7942495346,80.22265625,85768,85778,10
12.7929697037,80.2224578857,85778,85788,10
12.7916898727,80.2221984863,85788,85798,10
12.7904396057,80.2218933105,85798,85808,10
12.789349556,80.2215576172,85808,85818,10
12.7884702682,80.2212371826,85818,85828,10
12.787560463,80.2209014893,85828,85838,10
12.7867498398,80.2205886841,85838,85847,9
12.7861795425,80.2203826904,85847,85869,22
12.7861795425,80.2203826904,85869,85879,10
12.7861099243,80.2205505371,85879,85889,10
12.7861499786,80.2210083008,85889,85899,10
12.786190033,80.2214813232,85899,85909,10
12.7861995697,80.221862793,85909,85919,10
12.7862796783,80.2220535278,85919,85960,41
12.7862796783,80.2220535278,85960,85970,10
12.7862300873,80.2216720581,85970,86030,60
12.7862300873,80.2216720581,86030,86040,10
12.7861795425,80.2213134766,86040,86050,10
12.786190033,80.2208023071,86050,86060,10
12.786190033,80.220413208,86060,86071,11
12.7864103317,80.220413208,86071,86081,10
12.7868499756,80.2205886841,86081,86091,10
12.7873802185,80.2208023071,86091,86101,10
12.7878904343,80.220993042,86101,86111,10
12.7884397507,80.2211914063,86111,86121,10
12.7889699936,80.2213973999,86121,86131,10
12.7894496918,80.221572876,86131,86141,10
12.7898797989,80.2217102051,86141,86151,10
12.7905597687,80.221862793,86151,86161,10
12.7914304733,80.222076416,86161,86172,11
12.7924699783,80.2223129272,86172,86182,10
12.793589592,80.2224884033,86182,86192,10
12.7946996689,80.22265625,86192,86202,10
12.7958202362,80.2228622437,86202,86212,10
12.796959877,80.2230606079,86212,86222,10
12.7981300354,80.2232437134,86222,86232,10
12.7993097305,80.2233886719,86232,86242,10
12.8003902435,80.2235031128,86242,86252,10
12.8014202118,80.2235870361,86252,86273,21
12.8014202118,80.2235870361,86273,86283,10
12.8015098572,80.2236480713,86283,86293,10
12.8020801544,80.2236862183,86293,86303,10
12.8028697968,80.2237930298,86303,86313,10
12.8037595749,80.2238693237,86313,86323,10
12.8046998978,80.2239303589,86323,86333,10
12.8055000305,80.2241134644,86333,86343,10
12.8062200546,80.2246627808,86343,86353,10
12.8069601059,80.2253265381,86353,86363,10
12.8077602386,80.2260131836,86363,86374,11
12.8088102341,80.2268981934,86374,86384,10
