12.9870796204,80.2586364746,16,3516,3500
12.9870996475,80.2587203979,3516,4356,840
12.9869403839,80.2586212158,4356,4477,121
12.9870195389,80.2586364746,4477,8666,4189
12.9872102737,80.2585525513,8666,9202,536
12.987159729,80.258682251,9202,13038,3836
12.9871997833,80.2586212158,13038,13180,142
12.987159729,80.2587966919,13180,13402,222
12.9871501923,80.258682251,13402,15233,1831
12.9871101379,80.2588729858,15233,15587,354
12.9870901108,80.2585906982,15587,16943,1356
12.9871902466,80.2587203979,16943,17054,111
12.9871797562,80.2586212158,17054,17236,182
12.9871797562,80.2586517334,17236,17763,527
12.9871997833,80.2586593628,17763,17955,192
12.9871997833,80.2586593628,17955,17965,10
12.9871702194,80.2586593628,17965,18855,890
12.9871397018,80.2586593628,18855,19108,253
12.9871397018,80.2586593628,19108,19118,10
12.9871301651,80.2585983276,19118,19280,162
12.9870901108,80.2585601807,19280,19412,132
12.9871301651,80.2585983276,19412,20696,1284
12.9871301651,80.2585983276,20696,20706,10
12.9868402481,80.2585983276,20706,20716,10
12.9867601395,80.2585906982,20716,20727,11
12.9865503311,80.2587432861,20727,21556,829
12.9865503311,80.2587432861,21556,21566,10
12.9867601395,80.2591018677,21566,21617,51
12.9871397018,80.259147644,21617,21637,20
12.9871397018,80.259147644,21637,21647,10
12.9872903824,80.2591400146,21647,21657,10
12.9873504639,80.2589263916,21657,21667,10
12.9874000549,80.2585296631,21667,21677,10
12.9874696732,80.2577896118,21677,21718,41
12.9875802994,80.2574386597,21718,21768,50
12.9875802994,80.2574386597,21768,21779,11
12.9875497818,80.2572937012,21779,21789,10
12.9875602722,80.2568511963,21789,21799,10
12.9876203537,80.2560424805,21799,21809,10
12.9873399734,80.2557220459,21809,21819,10
12.9865999222,80.2555999756,21819,21829,10
12.9856595993,80.2554397583,21829,21839,10
12.98458004,80.2551803589,21839,21849,10
12.9835300446,80.2548980713,21849,21859,10
12.9825401306,80.2546081543,21859,21870,11
12.9819402695,80.2540206909,21870,21880,10
12.9817800522,80.2533035278,21880,21890,10
12.9812803268,80.2527770996,21890,21900,10
12.9804000854,80.2527770996,21900,21910,10
12.9797401428,80.2527236938,21910,21920,10
12.9787397385,80.2526016235,21920,21930,10
12.9786195755,80.2525634766,21930,21940,10
12.9782600403,80.2523498535,21940,21950,10
12.977689743,80.2518386841,21950,21961,11
12.9767198563,80.2512817383,21961,21971,10
12.975569725,80.2509384155,21971,21981,10
12.9743003845,80.250579834,21981,21991,10
12.9729099274,80.2501983643,21991,22001,10
12.9714698792,80.2498092651,22001,22011,10
12.9701099396,80.249382019,22011,22021,10
12.9687995911,80.2488632202,22021,22031,10
12.9676303864,80.2483901978,22031,22042,11
12.9663200378,80.2477798462,22042,22052,10
12.9651699066,80.2473373413,22052,22062,10
12.9641599655,80.2469787598,22062,22072,10
12.9633598328,80.2466812134,22072,22082,10
12.9625396729,80.2462310791,22082,22092,10
12.9614896774,80.2457199097,22092,22102,10
12.9602899551,80.2451477051,22102,22112,10
12.958990097,80.2445831299,22112,22122,10
12.9580001831,80.244178772,22122,22133,11
12.9571399689,80.2438735962,22133,22143,10
12.9564399719,80.243598938,22143,22153,10
12.9560699463,80.2434463501,22153,22163,10
12.9554300308,80.2431411743,22163,22173,10
12.9546003342,80.2427825928,22173,22183,10
12.9535903931,80.2423400879,22183,22193,10
12.9524297714,80.2418823242,22193,22203,10
12.951089859,80.2414169312,22203,22213,10
12.9497003555,80.2409973145,22213,22224,11
12.9484596252,80.2405166626,22224,22234,10
12.9474496841,80.2400970459,22234,22244,10
12.9463596344,80.2396469116,22244,22254,10
12.9451999664,80.2390594482,22254,22264,10
12.9445199966,80.2383728027,22264,22274,10
12.9437904358,80.2376098633,22274,22284,10
12.9433698654,80.2371673584,22284,22294,10
12.9426898956,80.236618042,22294,22304,10
12.9416599274,80.2362594604,22304,22315,11
12.940369606,80.2359390259,22315,22325,10
12.9393196106,80.2355270386,22325,22335,10
12.9381599426,80.2349395752,22335,22345,10
12.9369697571,80.2343597412,22345,22355,10
12.9359998703,80.2339019775,22355,22365,10
12.9351701736,80.2335205078,22365,22375,10
12.9340200424,80.233039856,22375,22385,10
12.9337797165,80.2329177856,22385,22394,9
12.9333496094,80.2327270508,22394,22406,12
12.9324598312,80.2323684692,22406,22416,10
12.9314899445,80.2320404053,22416,22426,10
12.9303102493,80.2316665649,22426,22436,10
12.9289703369,80.231338501,22436,22446,10
12.9274597168,80.2311019897,22446,22456,10
12.926199913,80.2309494019,22456,22466,10
12.9251804352,80.2308273315,22466,22476,10
12.9240598679,80.2306976318,22476,22487,11
12.9226303101,80.2304992676,22487,22497,10
12.9211597443,80.2302932739,22497,22507,10
12.9198102951,80.2301177979,22507,22517,10
12.9184799194,80.2299575806,22517,22527,10
12.9169998169,80.2297668457,22527,22537,10
12.9157400131,80.2295837402,22537,22547,10
12.9138803482,80.229309082,22547,22557,10
12.912730217,80.2291564941,22557,22567,10
12.9114999771,80.2289810181,22567,22578,11
12.9101200104,80.2288131714,22578,22588,10
12.9087200165,80.2285766602,22588,22598,10
12.9075603485,80.2284088135,22598,22608,10
12.9063100815,80.2282714844,22608,22618,10
12.9048900604,80.2281723022,22618,22628,10
12.9033098221,80.2280578613,22628,22638,10
12.9016799927,80.2279663086,22638,22648,10
12.9005298615,80.227897644,22648,22658,10
12.899479866,80.2278366089,22658,22669,11
12.8981199265,80.2277603149,22669,22679,10
12.8967399597,80.2276763916,22679,22689,10
12.8952102661,80.2276229858,22689,22699,10
12.8937397003,80.2275238037,22699,22729,30
12.8890104294,80.2273330688,22729,22739,10
12.8871202469,80.2271728516,22739,22750,11
12.8856801987,80.2268218994,22750,22760,10
12.884519577,80.2266769409,22760,22770,10
12.8831701279,80.2267227173,22770,22780,10
12.8816604614,80.2267227173,22780,22789,9
12.8801898956,80.2267227173,22789,22800,11
12.8783102036,80.2267990112,22800,22810,10
12.8768396378,80.2269363403,22810,22820,10
12.8754701614,80.2269515991,22820,22830,10
12.8739595413,80.2267608643,22830,22841,11
12.8722696304,80.2266616821,22841,22851,10
12.8706102371,80.226600647,22851,22861,10
12.8689203262,80.2264099121,22861,22871,10
12.8672199249,80.2264633179,22871,22881,10
12.8655195236,80.2265777588,22881,22891,10
12.863820076,80.2265167236,22891,22901,10
12.8621196747,80.2265396118,22901,22911,10
12.8604402542,80.2265167236,22911,22921,10
12.8590402603,80.226348877,22921,22932,11
12.8581695557,80.226272583,22932,22942,10
12.8572301865,80.2262878418,22942,22952,10
12.8560800552,80.2264099121,22952,22962,10
12.85476017,80.2265167236,22962,22972,10
12.8532600403,80.2266693115,22972,22982,10
12.8516197205,80.2266235352,22982,22992,10
12.8498697281,80.2265625,22992,23002,10
12.8480901718,80.2265777588,23002,23013,11
12.8463001251,80.226600647,23013,23023,10
12.8449401855,80.2266082764,23023,23033,10
12.8434801102,80.2267608643,23033,23043,10
12.8419103622,80.2270812988,23043,23053,10
12.8404502869,80.2274703979,23053,23063,10
12.839679718,80.2277908325,23063,23093,30
12.839679718,80.2277908325,23093,23104,11
12.8390598297,80.2279281616,23104,23114,10
12.8382997513,80.2281036377,23114,23124,10
12.8373403549,80.228302002,23124,23134,10
12.8361797333,80.2284622192,23134,23144,10
12.834859848,80.2286682129,23144,23154,10
12.8333797455,80.2289276123,23154,23164,10
12.8318996429,80.2292098999,23164,23174,10
12.830450058,80.2296600342,23174,23184,10
12.8289604187,80.2302474976,23184,23195,11
12.8273601532,80.2311096191,23195,23205,10
12.8258104324,80.2313995361,23205,23215,10
12.8242902756,80.231300354,23215,23225,10
12.8228197098,80.2308578491,23225,23235,10
12.8212995529,80.2304916382,23235,23245,10
12.8197698593,80.2304763794,23245,23255,10
12.8184900284,80.2303009033,23255,23265,10
12.8171701431,80.2296981812,23265,23275,10
12.8154497147,80.229347229,23275,23286,11
12.8137798309,80.2290420532,23286,23296,10
12.81208992,80.228477478,23296,23306,10
12.8104696274,80.2278594971,23306,23316,10
12.8091697693,80.2272415161,23316,23326,10
12.8080101013,80.22631073,23326,23336,10
12.8069601059,80.2253875732,23336,23346,10
12.8063497543,80.2248382568,23346,23356,10
12.8056201935,80.2242279053,23356,23367,11
12.8048000336,80.2239685059,23367,23377,10
12.8039703369,80.2238922119,23377,23387,10
12.8029203415,80.2237930298,23387,23397,10
12.8016901016,80.2236404419,23397,23407,10
12.8010196686,80.2235794067,23407,23417,10
12.8008403778,80.2235717773,23417,23427,10
12.8002500534,80.2235031128,23427,23437,10
12.7993602753,80.2234191895,23437,23447,10
12.7982501984,80.2232971191,23447,23458,11
12.7967395782,80.2230834961,23458,23468,10
12.7952003479,80.2227935791,23468,23478,10
12.7935400009,80.2225189209,23478,23488,10
12.7918701172,80.2222213745,23488,23498,10
12.7903003693,80.2218322754,23498,23508,10
12.7889995575,80.2214202881,23508,23518,10
12.7879295349,80.2210006714,23518,23528,10
12.7864198685,80.2204284668,23528,23569,41
12.7864198685,80.2204284668,23569,23579,10
12.7861700058,80.2205200195,23579,23589,10
12.786190033,80.2211074829,23589,23599,10
12.7862901688,80.2221221924,23599,23862,263
12.7862901688,80.2221221924,23862,23872,10
12.7863302231,80.2219085693,23872,23882,10
12.7862901688,80.2217178345,23882,23893,11
12.786239624,80.2213973999,23893,23903,10
12.7862195969,80.2209625244,23903,23913,10
12.7862300873,80.2204589844,23913,23923,10
12.78647995,80.2204437256,23923,23943,20
12.78647995,80.2204437256,23943,23953,10
12.7868204117,80.2205886841,23953,23963,10
12.7873401642,80.2207794189,23963,23973,10
12.788020134,80.221031189,23973,23984,11
12.7889204025,80.2213973999,23984,23994,10
12.7899198532,80.2217330933,23994,24004,10
12.7909402847,80.2219772339,24004,24014,10
12.7920999527,80.2222671509,24014,24024,10
12.7934303284,80.2225112915,24024,24034,10
12.7947902679,80.2227172852,24034,24044,10
12.7961502075,80.2229614258,24044,24054,10
12.797539711,80.2232208252,24054,24064,10
12.7989397049,80.2233963013,24064,24075,11
12.8005800247,80.2235412598,24075,24085,10
12.8017501831,80.2236480713,24085,24095,10
12.8029298782,80.2238006592,24095,24105,10
12.8041801453,80.2239074707,24105,24115,10
12.8052301407,80.2240524292,24115,24125,10
12.8055896759,80.2241516113,24125,24135,10
12.8058996201,80.2243804932,24135,24145,10
12.806429863,80.2248382568,24145,24155,10
12.8071298599,80.225479126,24155,24166,11
12.8081197739,80.22631073,24166,24176,10
12.8091402054,80.2271499634,24176,24186,10
12.8104200363,80.2277984619,24186,24196,10
12.8118801117,80.2283782959,24196,24206,10
12.8134498596,80.2289199829,24206,24216,10
12.8151102066,80.229309082,24216,24226,10
12.8168201447,80.2295837402,24226,24236,10
12.81828022,80.2301635742,24236,24247,11
12.8196601868,80.2304992676,24247,24257,10
12.8210201263,80.23046875,24257,24267,10
12.8223304749,80.2306594849,24267,24277,10
12.82351017,80.2310028076,24277,24287,10
12.8248300552,80.2313079834,24287,24297,10
12.8263196945,80.2313308716,24297,24307,10
12.8277397156,80.2309112549,24307,24317,10
12.8291301727,80.2301712036,24317,24327,10
12.8305797577,80.229598999,24327,24338,11
12.8311395645,80.2293624878,24338,24348,10
12.8313102722,80.2292861938,24348,24358,10
12.8318595886,80.229133606,24358,24368,10
12.8326797485,80.2289810181,24368,24378,10
12.8337097168,80.2287979126,24378,24388,10
12.8348903656,80.2285919189,24388,24398,10
12.8361997604,80.2284011841,24398,24408,10
12.8376398087,80.2281723022,24408,24418,10
12.8389501572,80.2278823853,24418,24429,11
12.8395595551,80.2277069092,24429,24439,10
12.8400201797,80.2275695801,24439,24449,10
12.8408498764,80.2273406982,24449,24459,10
12.8418598175,80.2270812988,24459,24469,10
12.8430404663,80.2268295288,24469,24479,10
12.8443698883,80.2266235352,24479,24489,10
12.8453903198,80.2265319824,24489,24499,10
12.8454399109,80.2265319824,24499,24510,11
12.8458099365,80.2265319824,24510,24520,10
12.8464403152,80.2265625,24520,24530,10
12.8472604752,80.2265472412,24530,24540,10
12.8481903076,80.2265396118,24540,24550,10
12.8492002487,80.2265167236,24550,24560,10
12.8503799438,80.2265472412,24560,24570,10
12.8516397476,80.2266082764,24570,24580,10
12.8529396057,80.2266616821,24580,24590,10
12.8542604446,80.2265625,24590,24601,11
12.8557901382,80.2264099121,24601,24611,10
12.8572797775,80.2262496948,24611,24621,10
12.8588104248,80.2262496948,24621,24631,10
12.8602800369,80.2264480591,24631,24641,10
12.8608102798,80.2265014648,24641,24651,10
12.8610095978,80.2265319824,24651,24661,10
12.8615999222,80.2265319824,24661,24671,10
12.862449646,80.2264785767,24671,24681,10
12.8634395599,80.2264633179,24681,24692,11
12.8647403717,80.2265090942,24692,24702,10
12.8661298752,80.2265167236,24702,24712,10
12.8676595688,80.2264022827,24712,24722,10
12.8692798615,80.2264328003,24722,24732,10
12.8708696365,80.226600647,24732,24742,10
12.8723402023,80.2266235352,24742,24752,10
12.8736000061,80.2266616821,24752,24762,10
12.8749599457,80.2268218994,24762,24772,10
12.8762598038,80.2269134521,24772,24783,11
12.876830101,80.2268829346,24783,24793,10
12.8770503998,80.2268829346,24793,24803,10
12.8776597977,80.2268295288,24803,24813,10
12.8785104752,80.2267608643,24813,24823,10
12.8795404434,80.2267074585,24823,24833,10
12.8807201385,80.2266921997,24833,24843,10
12.8820199966,80.2266769409,24843,24853,10
12.8834400177,80.2266693115,24853,24864,11
12.8849201202,80.2266616821,24864,24874,10
12.885219574,80.2266693115,24874,24884,10
12.8855800629,80.2267379761,24884,24894,10
12.8862199783,80.2269134521,24894,24904,10
12.8870801926,80.2271194458,24904,24914,10
12.8881196976,80.2272796631,24914,24924,10
12.8893404007,80.2273406982,24924,24933,9
12.8905601501,80.2273406982,24933,24944,11
12.8920297623,80.2273406982,24944,24955,11
12.8926897049,80.2273864746,24955,24965,10
12.8934202194,80.2274780273,24965,24975,10
12.8943595886,80.2275924683,24975,24985,10
12.8954401016,80.2276382446,24985,24995,10
12.8967199326,80.2276763916,24995,25005,10
12.8981304169,80.2277526855,25005,25015,10
12.8995103836,80.2278213501,25015,25025,10
12.9004402161,80.2278213501,25025,25035,10
12.9008197784,80.2278213501,25035,25046,11
12.901260376,80.2279205322,25046,25056,10
12.9018602371,80.2279663086,25056,25066,10
12.9024095535,80.2279586792,25066,25076,10
12.9024496078,80.2279510498,25076,25086,10
12.9026203156,80.2279586792,25086,25096,10
12.902879715,80.228012085,25096,25106,10
12.9035100937,80.2280273438,25106,25116,10
12.9043998718,80.2280731201,25116,25126,10
12.9054498672,80.2281188965,25126,25137,11
12.9061603546,80.2281723022,25137,25147,10
12.9064903259,80.2282333374,25147,25157,10
12.9070501328,80.2282867432,25157,25167,10
12.9078998566,80.2284088135,25167,25177,10
12.9089202881,80.2285766602,25177,25187,10
12.9101495743,80.2287826538,25187,25197,10
12.9115400314,80.2289810181,25197,25207,10
12.912899971,80.2291564941,25207,25218,11
12.9137401581,80.2292404175,25218,25229,11
12.9138002396,80.2292480469,25229,25239,10
12.9139900208,80.2293014526,25239,25249,10
12.9146203995,80.2293930054,25249,25259,10
12.91547966,80.2294998169,25259,25269,10
12.9164896011,80.229637146,25269,25279,10
12.9176597595,80.2298126221,25279,25289,10
12.9187698364,80.2299880981,25289,25299,10
12.9196596146,80.2301177979,25299,25310,11
12.920800209,80.2302627563,25310,25320,10
12.9219799042,80.2304077148,25320,25330,10
12.9232797623,80.2306213379,25330,25340,10
12.9247198105,80.230796814,25340,25350,10
12.9260902405,80.2309417725,25350,25360,10
12.9264802933,80.23097229,25360,25370,10
12.9266996384,80.2309875488,25370,25380,10
12.9273004532,80.2310562134,25380,25390,10
12.928150177,80.2311706543,25390,25401,11
12.9292697906,80.2313690186,25401,25411,10
12.9304304123,80.2316436768,25411,25421,10
12.9316997528,80.2320327759,25421,25431,10
12.9329900742,80.232460022,25431,25441,10
12.9335699081,80.2326965332,25441,25451,10
12.9336900711,80.232749939,25451,25461,10
12.9340696335,80.2329406738,25461,25471,10
12.9347896576,80.2332611084,25471,25481,10
12.935549736,80.2335968018,25481,25492,11
12.9366998672,80.2341766357,25492,25502,10
12.9378204346,80.2347183228,25502,25512,10
12.9390096664,80.2352905273,25512,25522,10
12.9395999908,80.2355804443,25522,25532,10
12.9396800995,80.2356185913,25532,25542,10
12.9401102066,80.235786438,25542,25552,10
12.940779686,80.2359924316,25552,25562,10
12.9416599274,80.2361984253,25562,25573,11
12.9428701401,80.2366333008,25573,25583,10
12.9437599182,80.2374420166,25583,25593,10
12.9446201324,80.2384490967,25593,25603,10
12.9456796646,80.2393569946,25603,25613,10
12.9470796585,80.2399215698,25613,25623,10
12.9483003616,80.2403869629,25623,25633,10
12.9488897324,80.2406082153,25633,25664,31
12.9488897324,80.2406082153,25664,25674,10
12.949090004,80.2406692505,25674,25684,10
12.9495801926,80.240852356,25684,25694,10
12.9503002167,80.2410736084,25694,25704,10
12.9511003494,80.2413024902,25704,25714,10
12.9512300491,80.2413482666,25714,25723,9
12.9514198303,80.2414474487,25723,25734,11
12.9518299103,80.2415771484,25734,25744,10
12.9526596069,80.241897583,25744,25755,11
12.953619957,80.2422790527,25755,25765,10
12.9545898438,80.2426605225,25765,25775,10
12.9554195404,80.2430267334,25775,25785,10
12.9562902451,80.2434005737,25785,25795,10
12.9566202164,80.243560791,25795,25805,10
12.9573001862,80.2438430786,25805,25815,10
12.95814991,80.2441711426,25815,25825,10
12.9588098526,80.244392395,25825,25835,10
12.9589500427,80.2444610596,25835,25846,11
12.9594602585,80.2447280884,25846,25856,10
12.9602003098,80.2450714111,25856,25866,10
12.9611301422,80.2454910278,25866,25876,10
12.9622097015,80.2460174561,25876,25886,10
12.9633398056,80.2465591431,25886,25896,10
12.9642400742,80.2469482422,25896,25906,10
12.9651699066,80.2472763062,25906,25916,10
12.9663801193,80.2477264404,25916,25937,21
12.9663801193,80.2477264404,25937,25947,10
12.9667100906,80.2478866577,25947,25957,10
12.967089653,80.2481079102,25957,25967,10
12.9677600861,80.2483978271,25967,25977,10
12.9685602188,80.2487335205,25977,25987,10
12.9695596695,80.2491226196,25987,25997,10
12.9708795547,80.2496032715,25997,26007,10
12.9722900391,80.249961853,26007,26018,11
12.9738502502,80.2503967285,26018,26028,10
12.9752197266,80.2508010864,26028,26038,10
12.9765901566,80.2511901855,26038,26048,10
12.9777803421,80.2517776489,26048,26058,10
12.9784402847,80.2523269653,26058,26068,10
12.9788303375,80.2524795532,26068,26078,10
12.9790401459,80.2525482178,26078,26088,10
12.9797000885,80.2526397705,26088,26098,10
12.9804801941,80.2526931763,26098,26109,11
12.9818401337,80.2526397705,26109,26119,10
12.9831695557,80.252571106,26119,26129,10
12.9845895767,80.2522277832,26129,26139,10
12.9858398438,80.2518768311,26139,26149,10
12.9865703583,80.251701355,26149,26159,10
12.9873800278,80.251449585,26159,26220,61
12.9873800278,80.251449585,26220,26230,10
12.9874801636,80.2514190674,26230,26240,10
12.9878797531,80.2513427734,26240,26250,10
12.9884796143,80.2511901855,26250,26260,10
12.9893302917,80.2509536743,26260,26270,10
12.9897403717,80.2508773804,26270,26281,11
12.9901895523,80.250793457,26281,26291,10
12.9909000397,80.250617981,26291,26301,10
12.9917497635,80.2503967285,26301,26311,10
12.9928102493,80.2501296997,26311,26321,10
12.9940500259,80.2498016357,26321,26331,10
12.995349884,80.2494812012,26331,26341,10
12.9966897964,80.2491073608,26341,26350,9
12.9971704483,80.2489776611,26350,26361,11
12.9976997375,80.2488632202,26361,26372,11
12.998550415,80.2486495972,26372,26382,10
12.9995203018,80.2484130859,26382,26392,10
13.0006198883,80.2481536865,26392,26402,10
13.0017795563,80.2478790283,26402,26412,10
13.002869606,80.2476272583,26412,26422,10
13.0041303635,80.2474365234,26422,26432,10
13.005399704,80.2472229004,26432,26442,10
13.0062999725,80.2468490601,26442,26452,10
13.0064401627,80.2466812134,26452,26463,11
13.006529808,80.2464981079,26463,26473,10
13.0066795349,80.2459564209,26473,26483,10
13.0066995621,80.2451934814,26483,26493,10
13.0066900253,80.2442779541,26493,26503,10
13.0066604614,80.243347168,26503,26513,10
13.0066404343,80.2422790527,26513,26523,10
13.0066204071,80.2411270142,26523,26533,10
13.006770134,80.2404785156,26533,26543,10
13.0069303513,80.2398681641,26543,26554,11
13.0070295334,80.2389373779,26554,26564,10
13.0072202682,80.2379837036,26564,26574,10
13.0073795319,80.2369766235,26574,26584,10
13.0074501038,80.2366333008,26584,26594,10
13.0075397491,80.236366272,26594,26604,10
13.0076704025,80.2358169556,26604,26614,10
13.0078001022,80.2350997925,26614,26624,10
13.0079698563,80.2342605591,26624,26635,11
13.0081996918,80.2331314087,26635,26645,10
13.0084104538,80.2320480347,26645,26655,10
13.0086297989,80.2308273315,26655,26665,10
13.0088596344,80.2296218872,26665,26675,10
13.0090904236,80.2284698486,26675,26685,10
13.009519577,80.2273178101,26685,26695,10
13.0100603104,80.2261199951,26695,26705,10
13.0105800629,80.2250595093,26705,26715,10
13.0110197067,80.2241210938,26715,26726,11
13.0115604401,80.2229614258,26726,26736,10
13.0119695663,80.2217712402,26736,26746,10
13.0123596191,80.2214279175,26746,26756,10
13.0126104355,80.2218475342,26756,26766,10
13.013010025,80.2224197388,26766,26776,10
13.0136003494,80.2230377197,26776,26786,10
13.0142202377,80.2236709595,26786,26796,10
13.0147600174,80.224281311,26796,26806,10
13.0153102875,80.2248764038,26806,26817,11
13.0155897141,80.2251205444,26817,26827,10
13.0157804489,80.2253036499,26827,26837,10
13.0163898468,80.2254104614,26837,26847,10
13.01720047,80.2251205444,26847,26857,10
13.0181703568,80.2247390747,26857,26867,10
13.0190296173,80.2244033813,26867,26877,10
13.0195398331,80.2244567871,26877,26887,10
13.0196800232,80.2245025635,26887,26897,10
13.0197401047,80.2245483398,26897,26908,11
13.0200500488,80.2247924805,26908,26918,10
13.0205402374,80.225151062,26918,26928,10
13.0211400986,80.2255706787,26928,26938,10
13.0217695236,80.2260437012,26938,26948,10
13.0224599838,80.2265930176,26948,26958,10
13.0231399536,80.2272186279,26958,26968,10
13.0237503052,80.2277679443,26968,26978,10
13.0243597031,80.2283782959,26978,26988,10
13.0244197845,80.2286300659,26988,26999,11
13.0240297318,80.2283172607,26999,27009,10
13.0236196518,80.2278366089,27009,27019,10
13.0230998993,80.2273712158,27019,27039,20
13.0230998993,80.2273712158,27039,27049,10
13.0230703354,80.2273406982,27049,27059,10
13.0228099823,80.2270812988,27059,27069,10
13.022480011,80.2266998291,27069,27080,11
13.0218296051,80.2261505127,27080,27090,10
13.0210695267,80.2255477905,27090,27100,10
13.0205402374,80.2251663208,27100,27110,10
13.0203800201,80.2250595093,27110,27120,10
13.0202198029,80.2249679565,27120,27130,10
13.0199699402,80.2248001099,27130,27140,10
13.019370079,80.2244873047,27140,27150,10
13.0184297562,80.2246322632,27150,27160,10
13.0174303055,80.2250366211,27160,27171,11
13.0166702271,80.2253570557,27171,27181,10
13.016409874,80.2254867554,27181,27191,10
13.0161800385,80.2255706787,27191,27201,10
13.0156803131,80.225730896,27201,27211,10
13.0150403976,80.2259979248,27211,27221,10
13.014840126,80.2260818481,27221,27231,10
13.0144195557,80.2262268066,27231,27241,10
13.0142402649,80.2262878418,27241,27251,10
13.0138397217,80.2264404297,27251,27262,11
13.0131902695,80.2266921997,27262,27272,10
13.012339592,80.2270278931,27272,27282,10
13.0113096237,80.2274398804,27282,27292,10
13.0102701187,80.2278671265,27292,27302,10
13.0093402863,80.2282867432,27302,27312,10
13.0090198517,80.2292327881,27312,27322,10
13.0087795258,80.2304611206,27322,27332,10
13.0085296631,80.2317581177,27332,27342,10
13.0083398819,80.232963562,27342,27353,11
13.0082702637,80.2335891724,27353,27363,10
13.0081796646,80.2338027954,27363,27373,10
13.0080604553,80.2342987061,27373,27383,10
13.0079097748,80.2350006104,27383,27393,10
13.0077199936,80.236000061,27393,27403,10
13.0075101852,80.2371673584,27403,27413,10
13.0072803497,80.2383422852,27413,27423,10
13.0070199966,80.2393798828,27423,27434,11
13.006819725,80.2404403687,27434,27444,10
13.0067300797,80.241027832,27444,27454,10
13.0066995621,80.2419433594,27454,27464,10
13.0067501068,80.2429733276,27464,27474,10
13.0067195892,80.2437362671,27474,27484,10
13.0066995621,80.2438201904,27484,27494,10
13.0066795349,80.2440490723,27494,27504,10
13.0066795349,80.2442016602,27504,27514,10
13.0066604614,80.244720459,27514,27525,11
13.0066900253,80.2453765869,27525,27535,10
13.0066995621,80.2459793091,27535,27545,10
13.0067100525,80.2463302612,27545,27555,10
13.0067195892,80.2464523315,27555,27565,10
13.0067396164,80.2466964722,27565,27575,10
13.0067195892,80.2470626831,27575,27585,10
13.0062799454,80.2473983765,27585,27616,31
13.0062799454,80.2473983765,27616,27626,10
13.0059995651,80.2474365234,27626,27636,10
13.0053300858,80.2474365234,27636,27646,10
13.0043802261,80.2474899292,27646,27656,10
13.0031404495,80.2476425171,27656,27666,10
13.0017995834,80.2479095459,27666,27676,10
13.000670433,80.2481918335,27676,27686,10
12.9989595413,80.2486114502,27686,27696,10
12.9979200363,80.248916626,27696,27707,11
12.9976797104,80.2489700317,27707,27717,10
12.997130394,80.2490921021,27717,27727,10
12.996219635,80.2492675781,27727,27737,10
12.9951200485,80.2495727539,27737,27747,10
12.9938697815,80.2499237061,27747,27757,10
12.9924602509,80.2502593994,27757,27767,10
12.9911499023,80.250617981,27767,27777,10
12.9909095764,80.2506790161,27777,27788,11
12.9903697968,80.2508010864,27788,27798,10
12.9895601273,80.2509994507,27798,27808,10
12.988699913,80.2512130737,27808,27818,10
12.9882602692,80.251373291,27818,27929,111
12.9882602692,80.251373291,27929,27939,10
12.9880399704,80.251373291,27939,27949,10
12.9876298904,80.2514724731,27949,27959,10
12.986989975,80.251663208,27959,27970,11
12.986240387,80.2518463135,27970,27980,10
12.9853601456,80.2520904541,27980,27990,10
12.9843597412,80.2523498535,27990,28000,10
12.9832601547,80.2526321411,28000,28010,10
12.982339859,80.2526931763,28010,28020,10
12.9811096191,80.2527313232,28020,28030,10
12.9803495407,80.2527618408,28030,28040,10
12.9800395966,80.2527694702,28040,28050,10
12.979590416,80.2527236938,28050,28061,11
12.9788799286,80.2526473999,28061,28081,20
12.9788799286,80.2526473999,28081,28091,10
12.978509903,80.2525100708,28091,28101,10
12.9779901505,80.2521209717,28101,28111,10
12.9773302078,80.2515411377,28111,28121,10
12.976360321,80.251159668,28121,28131,10
12.9752197266,80.2508392334,28131,28142,11
12.9739599228,80.2504806519,28142,28152,10
12.9727897644,80.2501831055,28152,28162,10
12.9717102051,80.2498779297,28162,28172,10
12.9704999924,80.2495269775,28172,28182,10
12.9693098068,80.2490615845,28182,28192,10
12.9681901932,80.248626709,28192,28202,10
12.9672002792,80.2482376099,28202,28212,10
12.9665203094,80.2479095459,28212,28222,10
12.9658098221,80.2476196289,28222,28233,11
12.9652996063,80.2474594116,28233,28243,10
12.9651403427,80.2473983765,28243,28253,10
12.9646701813,80.247253418,28253,28263,10
12.9641895294,80.2470626831,28263,28273,10
12.9637804031,80.2468795776,28273,28283,10
12.9633798599,80.246711731,28283,28293,10
12.9626998901,80.246383667,28293,28303,10
12.961810112,80.2459487915,28303,28313,10
12.9607200623,80.2454299927,28313,28324,11
12.959569931,80.2448806763,28324,28334,10
12.9589195251,80.2445907593,28334,28344,10
12.9581899643,80.2442703247,28344,28354,10
12.9574203491,80.2439498901,28354,28364,10
12.9565696716,80.2436981201,28364,28384,20
12.9565696716,80.2436981201,28384,28394,10
12.9563999176,80.2436676025,28394,28404,10
12.9561595917,80.243560791,28404,28415,11
12.955499649,80.2431793213,28415,28425,10
12.9546203613,80.2427825928,28425,28435,10
12.9537200928,80.2424163818,28435,28445,10
12.9528198242,80.2420425415,28445,28455,10
12.951789856,80.2416763306,28455,28465,10
12.950920105,80.2414093018,28465,28475,10
12.9499597549,80.2410736084,28475,28485,10
12.9495601654,80.2409362793,28485,28496,11
12.9493103027,80.2408828735,28496,28506,10
12.9488601685,80.2407073975,28506,28516,10
12.9482002258,80.2404632568,28516,28526,10
12.9475803375,80.2402191162,28526,28536,10
12.9472904205,80.2401199341,28536,28546,10
12.9471101761,80.2400436401,28546,28556,10
12.9467897415,80.2398986816,28556,28566,10
12.9461803436,80.2396316528,28566,28576,10
12.9454202652,80.2392730713,28576,28587,11
12.9446001053,80.2385025024,28587,28597,10
12.9437999725,80.2376327515,28597,28607,10
12.9430503845,80.2368392944,28607,28617,10
12.9420003891,80.236328125,28617,28627,10
12.9408798218,80.236076355,28627,28637,10
12.940079689,80.2358779907,28637,28647,10
12.9398202896,80.2358016968,28647,28657,10
12.9396600723,80.2357406616,28657,28667,10
12.939330101,80.2355728149,28667,28678,11
12.9385595322,80.2351837158,28678,28688,10
12.9376401901,80.2347183228,28688,28698,10
12.9365196228,80.2341918945,28698,28708,10
12.9354000092,80.2336578369,28708,28718,10
12.9344501495,80.233253479,28718,28728,10
12.9340000153,80.2330627441,28728,28738,10
12.9339103699,80.2330322266,28738,28748,10
12.9334402084,80.2327728271,28748,28758,10
12.93268013,80.2324295044,28758,28769,11
12.9316396713,80.2320785522,28769,28779,10
12.9304504395,80.2316970825,28779,28789,10
12.9293003082,80.2314071655,28789,28799,10
12.9283103943,80.2312393188,28799,28809,10
12.9271402359,80.2311325073,28809,28819,10
12.9261798859,80.2310333252,28819,28829,10
12.9260501862,80.2310180664,28829,28839,10
12.9258403778,80.2309875488,28839,28849,10
12.9252796173,80.2309188843,28849,28860,11
12.9244203568,80.2308120728,28860,28870,10
12.9234895706,80.230682373,28870,28880,10
12.9223604202,80.2304916382,28880,28890,10
12.920999527,80.2303009033,28890,28900,10
12.9196796417,80.2301330566,28900,28910,10
12.9188203812,80.2300415039,28910,28920,10
12.9178199768,80.2299194336,28920,28930,10
12.9166002274,80.2297592163,28930,28941,11
12.9152402878,80.2295608521,28941,28951,10
12.9139499664,80.2293701172,28951,28961,10
12.9131803513,80.2292785645,28961,28971,10
12.9130897522,80.2292480469,28971,28981,10
12.9126596451,80.2291793823,28981,28991,10
12.911939621,80.2290725708,28991,29001,10
12.91106987,80.2289810181,29001,29011,10
12.9100399017,80.2288208008,29011,29021,10
12.9089202881,80.2286224365,29021,29032,11
12.9080200195,80.2285003662,29032,29042,10
12.9079399109,80.2285003662,29042,29052,10
12.907790184,80.2284698486,29052,29062,10
12.9072704315,80.2283935547,29062,29072,10
12.9065504074,80.228302002,29072,29082,10
12.9056901932,80.2282333374,29082,29092,10
12.9046602249,80.2281799316,29092,29102,10
12.9036102295,80.2281417847,29102,29112,10
12.9025497437,80.2280883789,29112,29123,11
12.9020795822,80.2280731201,29123,29133,10
12.9019603729,80.2280807495,29133,29143,10
12.901550293,80.2280426025,29143,29153,10
12.90102005,80.2280197144,29153,29163,10
12.9005804062,80.2279815674,29163,29173,10
12.8999004364,80.2279510498,29173,29224,51
12.8999004364,80.2279510498,29224,29234,10
12.8997602463,80.2279205322,29234,29244,10
12.8997097015,80.227897644,29244,29254,10
12.8995800018,80.227897644,29254,29264,10
12.8992900848,80.2278823853,29264,29284,20
12.8992900848,80.2278823853,29284,29295,11
12.8991098404,80.2278518677,29295,29305,10
12.8986597061,80.2278289795,29305,29315,10
12.8980197906,80.2277984619,29315,29325,10
12.8972597122,80.2277603149,29325,29335,10
12.8963699341,80.227722168,29335,29345,10
12.8953504562,80.2276916504,29345,29355,10
12.8942604065,80.2276306152,29355,29365,10
12.8933000565,80.2275390625,29365,29375,10
12.892780304,80.2274780273,29375,29396,21
12.892780304,80.2274780273,29396,29406,10
12.8927698135,80.227432251,29406,29416,10
12.8924303055,80.2273864746,29416,29426,10
12.8918504715,80.2273635864,29426,29436,10
12.8910999298,80.2273635864,29436,29446,10
12.8901996613,80.2273712158,29446,29456,10
12.889169693,80.2273788452,29456,29466,10
12.8880300522,80.2273406982,29466,29477,11
12.8866701126,80.2271194458,29477,29487,10
12.8854999542,80.2268066406,29487,29497,10
12.8848600388,80.2267379761,29497,29507,10
12.8848104477,80.2267379761,29507,29517,10
12.8844299316,80.2267227173,29517,29527,10
12.8837499619,80.2267227173,29527,29537,10
12.8828601837,80.2267303467,29537,29547,10
12.8817901611,80.2267379761,29547,29557,10
12.8805398941,80.2267532349,29557,29568,11
12.8790197372,80.2267837524,29568,29578,10
12.8776102066,80.226890564,29578,29588,10
12.8766298294,80.2270202637,29588,29598,10
12.876250267,80.2270202637,29598,29608,10
12.8760004044,80.2269973755,29608,29618,10
12.8754301071,80.2269592285,29618,29628,10
12.8746299744,80.2268600464,29628,29638,10
12.87362957,80.2267379761,29638,29648,10
12.872710228,80.2267303467,29648,29659,11
12.872590065,80.2267379761,29659,29669,10
12.8721399307,80.2267227173,29669,29679,10
12.8713998795,80.2266921997,29679,29689,10
12.8704900742,80.2266311646,29689,29699,10
12.8694295883,80.2265014648,29699,29709,10
12.8682203293,80.2264022827,29709,29719,10
12.8669996262,80.2264862061,29719,29729,10
12.8662900925,80.2265625,29729,29740,11
12.8654603958,80.2266235352,29740,29750,10
12.8645801544,80.2265930176,29750,29760,10
12.8635396957,80.2265625,29760,29770,10
12.8623199463,80.226600647,29770,29780,10
12.8611297607,80.2266311646,29780,29790,10
12.8599796295,80.2264709473,29790,29800,10
12.8587903976,80.2263031006,29800,29810,10
12.8574304581,80.2262573242,29810,29820,10
12.8559799194,80.2264099121,29820,29831,11
12.8543100357,80.2265930176,29831,29841,10
12.8527002335,80.2266998291,29841,29851,10
12.851099968,80.2266235352,29851,29861,10
12.8499803543,80.2266235352,29861,29871,10
12.8498802185,80.2266235352,29871,29881,10
12.8496599197,80.2266235352,29881,29891,10
12.8491096497,80.2266082764,29891,29901,10
12.8482999802,80.2266082764,29901,29911,10
12.8472795486,80.2266235352,29911,29922,11
12.846280098,80.2266311646,29922,29932,10
12.8457202911,80.2266082764,29932,29942,10
12.845290184,80.2266387939,29942,29952,10
12.8452796936,80.2266387939,29952,29962,10
12.8451595306,80.2266311646,29962,29972,10
12.8446903229,80.2266464233,29972,29982,10
12.843919754,80.2267074585,29982,29992,10
12.843000412,80.2268600464,29992,30002,10
12.8419904709,80.2270812988,30002,30013,11
12.8411903381,80.2273101807,30013,30033,20
12.8411903381,80.2273101807,30033,30043,10
12.8409404755,80.2274017334,30043,30114,71
12.8409404755,80.2274017334,30114,30124,10
12.8405504227,80.2275238037,30124,30134,10
12.8402996063,80.2275924683,30134,30185,51
12.8402996063,80.2275924683,30185,30195,10
12.8398599625,80.2277603149,30195,30225,30
12.8398599625,80.2277603149,30225,30235,10
12.8392295837,80.2279205322,30235,30245,10
12.8385896683,80.2280578613,30245,30255,10
12.837770462,80.2282409668,30255,30265,10
12.8367700577,80.2283782959,30265,30276,11
12.8354301453,80.2285614014,30276,30286,10
12.8340797424,80.2287826538,30286,30296,10
12.8328504562,80.2289962769,30296,30306,10
12.8320798874,80.2291870117,30306,30316,10
12.831990242,80.2292098999,30316,30326,10
12.8318996429,80.2292175293,30326,30336,10
12.8314199448,80.2293167114,30336,30346,10
12.8306999207,80.2295532227,30346,30356,10
12.8297595978,80.2298965454,30356,30367,11
12.8285303116,80.2304611206,30367,30377,10
12.8273200989,80.2311325073,30377,30387,10
12.8261299133,80.2313766479,30387,30397,10
12.8248500824,80.2314300537,30397,30407,10
12.8237199783,80.2311477661,30407,30417,10
12.8224802017,80.230758667,30417,30427,10
12.8212203979,80.2304763794,30427,30437,10
12.8199396133,80.2305221558,30437,30447,10
12.8190002441,80.2305221558,30447,30458,11
12.8188800812,80.2304992676,30458,30468,10
12.8187198639,80.2304077148,30468,30478,10
12.818189621,80.230140686,30478,30488,10
12.8173599243,80.2297668457,30488,30498,10
12.8162603378,80.2294692993,30498,30508,10
12.8149595261,80.2293014526,30508,30518,10
12.8135700226,80.2289962769,30518,30528,10
12.8121404648,80.2284927368,30528,30538,10
12.8106899261,80.2279434204,30538,30549,11
12.809220314,80.2272720337,30549,30559,10
12.8080797195,80.2263565063,30559,30569,10
12.8070602417,80.2254867554,30569,30579,10
12.8062200546,80.2247085571,30579,30589,10
12.8054504395,80.2241287231,30589,30599,10
12.804889679,80.223991394,30599,30609,10
12.8048000336,80.2239837646,30609,30619,10
12.8043804169,80.2239227295,30619,30630,11
12.8036203384,80.2238693237,30630,30640,10
12.8027200699,80.2237701416,30640,30650,10
12.8016395569,80.2236480713,30650,30660,10
12.8009500504,80.2236099243,30660,30670,10
12.8008499146,80.2235794067,30670,30680,10
12.800330162,80.2235107422,30680,30690,10
12.7995700836,80.2234573364,30690,30700,10
12.7986001968,80.2233810425,30700,30710,10
12.7973203659,80.2232208252,30710,30721,11
12.7956800461,80.2229385376,30721,30741,20
12.7956800461,80.2229385376,30741,30751,10
12.7953996658,80.2229003906,30751,30761,10
12.7947998047,80.2227706909,30761,30771,10
12.793970108,80.2226333618,30771,30781,10
12.7929401398,80.2224731445,30781,30791,10
12.7917404175,80.2222137451,30791,30801,10
12.7905302048,80.2219085693,30801,30812,11
12.7896404266,80.2216720581,30812,30822,10
12.7892503738,80.2215270996,30822,30832,10
12.788649559,80.2212982178,30832,30842,10
12.7879800797,80.221031189,30842,30882,40
12.7879800797,80.221031189,30882,30892,10
12.7876195908,80.2209472656,30892,30903,11
12.7872600555,80.2208023071,30903,30913,10
12.7868700027,80.2206268311,30913,30923,10
12.786529541,80.2204971313,30923,30933,10
12.7862300873,80.2204208374,30933,30963,30
12.7862300873,80.2204208374,30963,30973,10
12.7861499786,80.2205200195,30973,30984,11
12.7861795425,80.220741272,30984,30994,10
12.7861795425,80.2207489014,30994,31004,10
12.786190033,80.2210464478,31004,31014,10
12.7861995697,80.2214736938,31014,31024,10
12.7862596512,80.2218399048,31024,31904,880
12.7862596512,80.2218399048,31904,31914,10
12.7863197327,80.2215881348,31914,31924,10
12.7862300873,80.221031189,31924,31944,20
12.7862300873,80.221031189,31944,31955,11
12.7861700058,80.2205810547,31955,31965,10
12.7862997055,80.2203598022,31965,31975,10
12.7866401672,80.2204818726,31975,31995,20
12.7866401672,80.2204818726,31995,32005,10
12.7868204117,80.2205505371,32005,32015,10
12.7869100571,80.2205886841,32015,32025,10
12.787229538,80.2207107544,32025,32035,10
12.7876796722,80.2208709717,32035,32046,11
12.7882099152,80.2210693359,32046,32056,10
12.7887601852,80.221282959,32056,32066,10
12.7893199921,80.221496582,32066,32076,10
12.7898797989,80.2217025757,32076,32086,10
12.7904596329,80.2218475342,32086,32096,10
12.7911396027,80.2220230103,32096,32106,10
12.7918701172,80.2222137451,32106,32116,10
12.7927398682,80.2223968506,32116,32126,10
12.793680191,80.2225494385,32126,32137,11
12.7946901321,80.2227020264,32137,32147,10
12.7955303192,80.2228469849,32147,32157,10
12.7961997986,80.2229309082,32157,32167,10
12.7963199615,80.2229537964,32167,32177,10
12.7964496613,80.2230072021,32177,32187,10
12.7969503403,80.2231063843,32187,32197,10
12.7976799011,80.2232437134,32197,32207,10
12.7984800339,80.2233276367,32207,32218,11
12.7994098663,80.2234268188,32218,32228,10
12.800359726,80.2235107422,32228,32238,10
12.801320076,80.2235794067,32238,32248,10
12.8015403748,80.2235870361,32248,32258,10
12.8017501831,80.2236175537,32258,32268,10
12.8023195267,80.2237014771,32268,32278,10
12.8030195236,80.2238082886,32278,32288,10
12.8038396835,80.2238769531,32288,32298,10
12.8046703339,80.2239608765,32298,32309,11
12.8054103851,80.2240982056,32309,32319,10
12.8055801392,80.2241516113,32319,32329,10
12.8058395386,80.2243423462,32329,32339,10
12.8063001633,80.2247390747,32339,32349,10
12.8069200516,80.2252883911,32349,32359,10
12.8076896667,80.2259521484,32359,32369,10
12.8085803986,80.2266998291,32369,32379,10
12.8095703125,80.2274093628,32379,32389,10
12.8105602264,80.2278594971,32389,32400,11
12.8119001389,80.2283706665,32400,32410,10
12.8132696152,80.2288589478,32410,32420,10
12.8146600723,80.2292327881,32420,32430,10
12.8160495758,80.2294235229,32430,32440,10
12.817489624,80.2297821045,32440,32450,10
12.8187398911,80.2303619385,32450,32460,10
12.8199396133,80.2304763794,32460,32470,10
12.8201503754,80.2304534912,32470,32480,10
12.8206701279,80.2304534912,32480,32491,11
12.8216695786,80.2304992676,32491,32501,10
12.8227500916,80.2307815552,32501,32511,10
12.8240404129,80.2311401367,32511,32521,10
12.8254098892,80.2313919067,32521,32531,10
12.8268899918,80.2312698364,32531,32541,10
12.8282804489,80.2306213379,32541,32551,10
12.8296098709,80.2299804688,32551,32561,10
12.8310604095,80.2293701172,32561,32582,21
12.8310604095,80.2293701172,32582,32592,10
12.8313903809,80.2293014526,32592,32602,10
12.8317699432,80.2291564941,32602,32612,10
12.8323497772,80.2290115356,32612,32622,10
12.8332195282,80.2288818359,32622,32632,10
12.8342399597,80.2286987305,32632,32642,10
12.8354597092,80.2285003662,32642,32652,10
12.8367996216,80.2283096313,32652,32662,10
12.8380298615,80.2281036377,32662,32673,11
12.8392801285,80.2277984619,32673,32764,91
12.8392801285,80.2277984619,32764,32774,10
12.8395700455,80.2276992798,32774,32784,10
12.839799881,80.2276382446,32784,32794,10
12.8403100967,80.2275009155,32794,32804,10
12.8410596848,80.2273025513,32804,32814,10
12.8419399261,80.2270812988,32814,32824,10
12.8429498672,80.226852417,32824,32834,10
12.8441400528,80.2266693115,32834,32845,11
12.8453702927,80.2265472412,32845,32865,20
12.8453702927,80.2265472412,32865,32875,10
12.8455600739,80.2265396118,32875,32885,10
12.8456001282,80.2265396118,32885,32895,10
12.8458995819,80.2265319824,32895,32905,10
12.8464603424,80.2265167236,32905,32915,10
12.8472499847,80.2265319824,32915,32925,10
12.8481998444,80.2265319824,32925,32936,11
12.849360466,80.2265319824,32936,32946,10
12.8504104614,80.2265625,32946,32956,10
12.851559639,80.2266082764,32956,32966,10
12.852809906,80.2266616821,32966,32976,10
12.8540897369,80.2265930176,32976,32986,10
12.8553800583,80.2264633179,32986,32996,10
12.8566799164,80.2263183594,32996,33006,10
12.8579397202,80.2261962891,33006,33016,10
12.8591299057,80.2262802124,33016,33027,11
12.8604202271,80.2264633179,33027,33037,10
12.8608503342,80.2265090942,33037,33047,10
12.8610496521,80.2265167236,33047,33057,10
12.8615703583,80.2265319824,33057,33067,10
12.8623304367,80.2265014648,33067,33077,10
12.8632297516,80.2264785767,33077,33087,10
12.8642597198,80.2265090942,33087,33097,10
12.8654203415,80.2265472412,33097,33107,10
12.8666601181,80.2264862061,33107,33118,11
12.868060112,80.226348877,33118,33128,10
12.8692998886,80.2264175415,33128,33138,10
12.8706102371,80.2265625,33138,33148,10
12.8718900681,80.2266311646,33148,33158,10
12.8726596832,80.2266387939,33158,33168,10
12.8729600906,80.2266311646,33168,33178,10
12.8731203079,80.2266387939,33178,33188,10
12.87362957,80.2266693115,33188,33199,11
12.8744401932,80.2267608643,33199,33209,10
12.8753404617,80.2268676758,33209,33219,10
12.8761997223,80.2268981934,33219,33229,10
12.8766298294,80.226890564,33229,33239,10
12.8767700195,80.2268829346,33239,33249,10
12.8769798279,80.2268829346,33249,33259,10
12.8776102066,80.2268371582,33259,33269,10
12.8784399033,80.2267684937,33269,33279,10
12.8794298172,80.2267227173,33279,33290,11
12.8807497025,80.2267074585,33290,33300,10
12.8820695877,80.2266998291,33300,33310,10
12.8835000992,80.2266769409,33310,33320,10
12.884759903,80.2266387939,33320,33330,10
12.8851995468,80.2266616821,33330,33340,10
12.885219574,80.2266616821,33340,33350,10
12.8856096268,80.2267303467,33350,33360,10
12.8862600327,80.2269134521,33360,33370,10
12.8871202469,80.2271270752,33370,33381,11
12.8882904053,80.2272872925,33381,33391,10
12.8895101547,80.2273178101,33391,33401,10
12.8908004761,80.2273025513,33401,33411,10
12.8919200897,80.2272872925,33411,33451,40
12.8919200897,80.2272872925,33451,33461,10
12.8920001984,80.2273025513,33461,33472,11
12.8924503326,80.2273178101,33472,33482,10
12.8930997849,80.2274017334,33482,33492,10
12.8939199448,80.2275238037,33492,33502,10
12.8948802948,80.2276000977,33502,33512,10
12.896030426,80.2276382446,33512,33522,10
12.8973302841,80.2276992798,33522,33532,10
12.8985700607,80.2277679443,33532,33542,10
12.8994998932,80.2277832031,33542,33603,61
12.8998603821,80.2277832031,33603,33704,101
12.8998603821,80.2277832031,33704,33714,10
12.9000196457,80.2277908325,33714,33724,10
12.9002599716,80.2278137207,33724,33735,11
12.9005899429,80.2278213501,33735,33745,10
12.9009895325,80.2278823853,33745,33755,10
12.9013395309,80.2279205322,33755,33765,10
12.9016895294,80.2279281616,33765,33775,10
12.9020395279,80.2279281616,33775,33785,10
12.9023704529,80.2279586792,33785,33805,20
12.9023704529,80.2279586792,33805,33815,10
12.9027004242,80.2279815674,33815,33826,11
12.9033603668,80.2280197144,33826,33836,10
12.9041595459,80.2280578613,33836,33846,10
12.9050598145,80.2281112671,33846,33856,10
12.9057998657,80.2281799316,33856,33866,10
12.9061403275,80.228187561,33866,33876,10
12.9063796997,80.2282028198,33876,33886,10
12.9067296982,80.2282180786,33886,33896,10
12.9070596695,80.2282409668,33896,33906,10
12.9071598053,80.2282562256,33906,33917,11
12.907699585,80.2283325195,33917,33927,10
12.9084501266,80.228477478,33927,33937,10
12.9093999863,80.2286376953,33937,33947,10
12.9104995728,80.2288208008,33947,33957,10
12.9116802216,80.2289962769,33957,33967,10
12.9128704071,80.2291488647,33967,33977,10
12.9136400223,80.2292327881,33977,33987,10
12.9138698578,80.2292480469,33987,33997,10
12.9138898849,80.2292480469,33997,34008,11
12.9142303467,80.229309082,34008,34018,10
12.9148197174,80.2294006348,34018,34028,10
12.9155197144,80.2295074463,34028,34038,10
12.9163999557,80.229637146,34038,34048,10
12.9173803329,80.2297821045,34048,34058,10
12.9184799194,80.2299423218,34058,34068,10
12.9196996689,80.2301025391,34068,34078,10
12.9209604263,80.2302627563,34078,34089,11
12.9222698212,80.2304382324,34089,34099,10
12.9235601425,80.2306213379,34099,34109,10
12.9248399734,80.2307662964,34109,34119,10
12.9258804321,80.2308807373,34119,34129,10
12.9268598557,80.231010437,34129,34139,10
12.9278898239,80.2311325073,34139,34149,10
12.9284200668,80.2312011719,34149,34159,10
12.9287796021,80.231262207,34159,34169,10
12.9293804169,80.2313766479,34169,34180,11
12.9302597046,80.2315826416,34180,34190,10
12.9312000275,80.2318496704,34190,34200,10
12.9322299957,80.2321777344,34200,34210,10
12.9332103729,80.2325134277,34210,34220,10
12.9336795807,80.2327194214,34220,34230,10
12.9336795807,80.2327270508,34230,34240,10
12.9337997437,80.2328262329,34240,34250,10
12.934220314,80.2330474854,34250,34260,10
12.9348897934,80.2333602905,34260,34271,11
12.9354600906,80.2336425781,34271,34281,10
12.9357995987,80.2337875366,34281,34291,10
12.9363498688,80.2340393066,34291,34301,10
12.9370698929,80.2343826294,34301,34311,10
12.9378900528,80.2347717285,34311,34321,10
12.9388599396,80.2352371216,34321,34331,10
12.939620018,80.2355880737,34331,34341,10
12.9397001266,80.2356414795,34341,34351,10
12.9398498535,80.235710144,34351,34362,11
12.9404201508,80.2359313965,34362,34372,10
12.9411697388,80.2361068726,34372,34382,10
12.9420604706,80.2362976074,34382,34392,10
12.9429998398,80.2366867065,34392,34402,10
12.9437999725,80.2374191284,34402,34412,10
12.9443302155,80.2380828857,34412,34422,10
12.9453201294,80.2390975952,34422,34432,10
12.9458398819,80.2393875122,34432,34483,51
12.9458398819,80.2393875122,34483,34493,10
12.9460201263,80.2394332886,34493,34503,10
12.946439743,80.2395935059,34503,34513,10
12.9466199875,80.2396697998,34513,34523,10
12.9468097687,80.2397613525,34523,34534,11
12.9471197128,80.2398834229,34534,34544,10
12.9472703934,80.2399520874,34544,34554,10
12.9474201202,80.2400131226,34554,34564,10
12.9478597641,80.2401885986,34564,34584,20
12.9480895996,80.2402801514,34584,34766,182
12.9480895996,80.2402801514,34766,34776,10
12.948390007,80.2403793335,34776,34786,10
12.9487800598,80.2405471802,34786,34796,10
12.9492502213,80.2407608032,34796,34807,11
12.949760437,80.2409515381,34807,34817,10
12.9503803253,80.2411270142,34817,34827,10
12.9508600235,80.2412719727,34827,34837,10
12.9509401321,80.2412796021,34837,34847,10
12.9511995316,80.2414016724,34847,34857,10
12.9515399933,80.2415390015,34857,34867,10
12.9522304535,80.2417678833,34867,34877,10
12.952870369,80.2420196533,34877,34888,11
12.9535198212,80.2422790527,34888,34898,10
12.9539203644,80.24243927,34898,34908,10
12.9544801712,80.2426605225,34908,34918,10
12.9551496506,80.2429199219,34918,34928,10
12.9559202194,80.2431488037,34928,34938,10
12.9563102722,80.2432785034,34938,34948,10
12.9563398361,80.2433013916,34948,34958,10
12.9565401077,80.2434005737,34958,34968,10
12.9569797516,80.243598938,34968,34979,11
12.9576396942,80.2439193726,34979,34989,10
12.9586496353,80.2443313599,34989,35009,20
12.9586496353,80.2443313599,35009,35019,10
12.9587602615,80.2444610596,35019,35029,10
12.9591197968,80.2446517944,35029,35039,10
12.9596796036,80.2448883057,35039,35049,10
12.9603796005,80.2451782227,35049,35059,10
12.9611902237,80.2455368042,35059,35070,11
12.9621496201,80.2460098267,35070,35080,10
12.9627399445,80.2462921143,35080,35090,10
12.9631500244,80.2465209961,35090,35100,10
12.963640213,80.2467269897,35100,35110,10
12.9642601013,80.2469711304,35110,35120,10
12.9649600983,80.2472305298,35120,35130,10
12.9657402039,80.2474975586,35130,35140,10
12.9663801193,80.2477493286,35140,35150,10
12.9668998718,80.2479782104,35150,35171,21
12.9668998718,80.2479782104,35171,35181,10
12.967040062,80.2480621338,35181,35191,10
12.9673204422,80.2481994629,35191,35201,10
12.9679403305,80.2484512329,35201,35211,10
12.9687004089,80.2487411499,35211,35221,10
12.969499588,80.2490692139,35221,35231,10
12.9704198837,80.2494506836,35231,35241,10
12.9714603424,80.2497787476,35241,35252,11
12.9726200104,80.2500991821,35252,35262,10
12.9737901688,80.2504119873,35262,35272,10
12.975060463,80.2507476807,35272,35282,10
12.976099968,80.2510375977,35282,35292,10
12.9767303467,80.2511825562,35292,35322,30
12.9767303467,80.2511825562,35322,35332,10
12.9771604538,80.2513198853,35332,35373,41
12.9771604538,80.2513198853,35373,35383,10
12.9774503708,80.2514724731,35383,35464,81
12.9774503708,80.2514724731,35464,35474,10
12.9777803421,80.2517089844,35474,35484,10
12.9780797958,80.2519989014,35484,35494,10
12.9783496857,80.2521972656,35494,35515,21
12.9783496857,80.2521972656,35515,35525,10
12.9784898758,80.2523193359,35525,35535,10
12.9790201187,80.252532959,35535,35616,81
12.9790201187,80.252532959,35616,35626,10
12.9793901443,80.2525100708,35626,35636,10
12.9795598984,80.2525405884,35636,35646,10
12.979809761,80.2525787354,35646,35818,172
12.979809761,80.2525787354,35818,35828,10
12.9800395966,80.2526626587,35828,35838,10
12.9800901413,80.2526626587,35838,35848,10
12.9801998138,80.2526321411,35848,35858,10
12.9804401398,80.2526321411,35858,35869,11
12.9810304642,80.2526016235,35869,35879,10
12.9818000793,80.2525787354,35879,35889,10
12.9827299118,80.2525405884,35889,35899,10
12.9835796356,80.2524185181,35899,35909,10
12.9842395782,80.252243042,35909,36283,374
12.9842395782,80.252243042,36283,36293,10
12.9843702316,80.2522201538,36293,36303,10
12.9846897125,80.2521286011,36303,36314,11
12.985250473,80.2519683838,36314,36324,10
12.985619545,80.2518692017,36324,36334,10
12.986000061,80.2517700195,36334,36344,10
12.9864196777,80.251663208,36344,36354,10
12.9868001938,80.2515716553,36354,36364,10
12.9870901108,80.2514801025,36364,36374,10
12.9874296188,80.2513809204,36374,36384,10
12.9877700806,80.2512969971,36384,36394,10
12.9882898331,80.2511672974,36394,36405,11
12.9891195297,80.2509536743,36405,36415,10
12.9896402359,80.250831604,36415,36425,10
12.9896402359,80.2508163452,36425,36435,10
12.9897499084,80.2507781982,36435,36445,10
12.9901103973,80.2507095337,36445,36455,10
12.9906597137,80.2505722046,36455,36465,10
12.9913597107,80.2503967285,36465,36475,10
12.9921598434,80.2501983643,36475,36485,10
12.9930801392,80.2499694824,36485,36496,11
12.9942102432,80.2496795654,36496,36506,10
12.995349884,80.2493972778,36506,36516,10
12.9963903427,80.2491226196,36516,36526,10
12.9970798492,80.2489318848,36526,36536,10
12.9971599579,80.2489089966,36536,36546,10
12.9975500107,80.248840332,36546,36556,10
12.9982004166,80.2486877441,36556,36566,10
12.9990501404,80.2484817505,36566,36576,10
13.0000295639,80.2482376099,36576,36587,11
13.0012903214,80.2479324341,36587,36597,10
13.0023603439,80.2476501465,36597,36607,10
13.003490448,80.247467041,36607,36617,10
13.0046901703,80.2473068237,36617,36627,10
13.0057497025,80.2470397949,36627,36728,101
13.0060997009,80.246887207,36728,36799,71
13.0060997009,80.246887207,36799,36809,10
13.0064001083,80.2466201782,36809,36819,10
13.0064697266,80.2464599609,36819,36829,10
13.0065402985,80.2462692261,36829,36839,10
13.0065402985,80.24609375,36839,36850,11
13.0065498352,80.2460327148,36850,36860,10
13.0065603256,80.2459030151,36860,36870,10
13.0066003799,80.2456893921,36870,36880,10
13.0066204071,80.2454376221,36880,36890,10
13.0066204071,80.2453994751,36890,36900,10
13.0066299438,80.2452392578,36900,36910,10
13.0066404343,80.2449188232,36910,36920,10
13.0066099167,80.2447433472,36920,36930,10
13.0066204071,80.2445602417,36930,36941,11
13.0066099167,80.2443618774,36941,37011,70
13.0066003799,80.2439880371,37011,37072,61
13.0066003799,80.2439880371,37072,37082,10
13.0065498352,80.243812561,37082,37092,10
13.0065603256,80.2435913086,37092,37102,10
13.0066003799,80.243309021,37102,37112,10
13.0065803528,80.2429122925,37112,37123,11
13.0066299438,80.2425231934,37123,37133,10
13.0066299438,80.2419433594,37133,37143,10
13.0066404343,80.2413864136,37143,37153,10
13.0066795349,80.2410964966,37153,37163,10
13.0066995621,80.2409515381,37163,37173,10
13.0067396164,80.2407073975,37173,37183,10
13.006819725,80.2402801514,37183,37193,10
13.0069503784,80.2395935059,37193,37203,10
13.0071001053,80.2388000488,37203,37214,11
13.0072402954,80.2380218506,37214,37224,10
13.0073404312,80.237449646,37224,37234,10
13.0074100494,80.2367782593,37234,37244,10
13.0074396133,80.236656189,37244,37254,10
13.0074901581,80.2365570068,37254,37264,10
13.0075597763,80.2361602783,37264,37274,10
13.0076799393,80.2356033325,37274,37284,10
13.0077896118,80.2350692749,37284,37294,10
13.0079202652,80.2344284058,37294,37305,11
13.008099556,80.2335662842,37305,37315,10
13.0082998276,80.2325363159,37315,37325,10
13.0085000992,80.2314910889,37325,37335,10
13.0086698532,80.2305374146,37335,37345,10
13.0088996887,80.2294921875,37345,37355,10
13.0091199875,80.2284088135,37355,37365,10
13.0095100403,80.2274017334,37365,37375,10
13.0099496841,80.2264404297,37375,37386,11
13.0103702545,80.2255401611,37386,37396,10
13.0106697083,80.2249526978,37396,37406,10
13.0108699799,80.2245407104,37406,37416,10
13.0111398697,80.2238616943,37416,37426,10
13.0113601685,80.2233505249,37426,37446,20
13.0113601685,80.2233505249,37446,37456,10
13.0115299225,80.2229995728,37456,37466,10
13.0116596222,80.2225265503,37466,37477,11
13.0120096207,80.2216491699,37477,37487,10
13.0124101639,80.2215270996,37487,37497,10
13.0127401352,80.2220077515,37497,37507,10
13.0133199692,80.2224578857,37507,37517,10
13.0137996674,80.223197937,37517,37527,10
13.0142297745,80.223739624,37527,37537,10
13.0148200989,80.2241821289,37537,37547,10
13.0152997971,80.2248535156,37547,37557,10
13.0157003403,80.2251586914,37557,37568,11
13.0157203674,80.2251586914,37568,37578,10
13.0158500671,80.2252197266,37578,37588,10
13.0163002014,80.2253494263,37588,37598,10
13.0171003342,80.225112915,37598,37608,10
13.017999649,80.2247085571,37608,37618,10
13.018699646,80.2244110107,37618,37628,10
13.019200325,80.224281311,37628,37638,10
13.019490242,80.224319458,37638,37659,21
13.0196199417,80.2244186401,37659,37689,30
13.0196199417,80.2244186401,37689,37699,10
13.0197496414,80.2245483398,37699,37709,10
13.0200300217,80.2247695923,37709,37719,10
13.0205402374,80.2251434326,37719,37729,10
13.0211400986,80.2256011963,37729,37739,10
13.0218000412,80.2260894775,37739,37750,11
13.0224304199,80.2265777588,37750,37770,20
13.0224304199,80.2265777588,37770,37780,10
13.0225000381,80.2266311646,37780,37790,10
13.0226602554,80.2267837524,37790,37800,10
13.0226898193,80.2268066406,37800,37810,10
13.0228595734,80.2270126343,37810,37820,10
13.0230302811,80.2271728516,37820,37841,21
13.0230302811,80.2271728516,37841,37851,10
13.0232801437,80.2274398804,37851,37861,10
13.0234603882,80.2275695801,37861,37871,10
13.0234603882,80.2275772095,37871,37881,10
13.0236797333,80.2277297974,37881,37891,10
13.0239801407,80.228012085,37891,37901,10
13.0240297318,80.2280731201,37901,37911,10
13.0243501663,80.2284698486,37911,38023,112
13.0243501663,80.2284698486,38023,38033,10
13.0243196487,80.2285766602,38033,38043,10
13.0240602493,80.2283782959,38043,38053,10
13.0234298706,80.2276992798,38053,38093,40
13.0233097076,80.2275466919,38093,38225,132
13.0233001709,80.2274398804,38225,38286,61
13.0233001709,80.2274398804,38286,38296,10
13.023229599,80.2273864746,38296,38306,10
13.0229902267,80.2271881104,38306,38316,10
13.022600174,80.2268295288,38316,38326,10
13.0221004486,80.2263793945,38326,38336,10
13.0214595795,80.2258605957,38336,38346,10
13.0207395554,80.2253112793,38346,38356,10
13.0200195313,80.224822998,38356,38367,11
13.019109726,80.2244262695,38367,38377,10
13.0182600021,80.2246704102,38377,38387,10
13.0174798965,80.2250213623,38387,38397,10
13.0167798996,80.2253112793,38397,38407,10
13.0164403915,80.225479126,38407,38417,10
13.0159902573,80.2256164551,38417,38427,10
13.01541996,80.2258224487,38427,38437,10
13.0148296356,80.2260437012,38437,38447,10
13.0143995285,80.2262268066,38447,38458,11
13.014380455,80.2262268066,38458,38468,10
13.0140399933,80.2263793945,38468,38478,10
13.0136003494,80.2265396118,38478,38488,10
13.0132102966,80.2266693115,38488,38498,10
13.0126495361,80.2268981934,38498,38508,10
13.0119600296,80.227180481,38508,38518,10
13.0111904144,80.2274932861,38518,38528,10
13.010430336,80.2278213501,38528,38538,10
13.0096302032,80.2281570435,38538,38549,11
13.0091295242,80.2288131714,38549,38559,10
13.0089797974,80.2295532227,38559,38569,10
13.0088500977,80.230178833,38569,38579,10
13.0087404251,80.2308883667,38579,38599,20
13.0087404251,80.2308883667,38599,38609,10
13.0086402893,80.2312774658,38609,38629,20
13.0086402893,80.2312774658,38629,38640,11
13.0085897446,80.231552124,38640,38650,10
13.0085096359,80.231880188,38650,38660,10
13.0083904266,80.2325363159,38660,38670,10
13.0082998276,80.2333374023,38670,38680,10
13.0082597733,80.2334823608,38680,38690,10
13.0081396103,80.2337722778,38690,38700,10
13.0080299377,80.2342529297,38700,38710,10
13.0079898834,80.2344818115,38710,38721,11
13.0078802109,80.2349395752,38721,38731,10
13.0078296661,80.2352218628,38731,38741,10
13.0078001022,80.2353973389,38741,38751,10
13.0077600479,80.235710144,38751,38761,10
13.0076799393,80.2361221313,38761,38771,10
13.007610321,80.2364501953,38771,38781,10
13.0075597763,80.2367706299,38781,38791,10
13.0075101852,80.2371292114,38791,38801,10
13.0074300766,80.2374267578,38801,38812,11
13.0073604584,80.2378692627,38812,38822,10
13.0072803497,80.2382965088,38822,38832,10
13.0071296692,80.2390975952,38832,38852,20
13.0071296692,80.2390975952,38852,38862,10
13.0070695877,80.2394714355,38862,38913,51
13.0070695877,80.2394714355,38913,38923,10
13.0069599152,80.2397766113,38923,38933,10
13.006819725,80.2403182983,38933,38943,10
13.0067796707,80.2407836914,38943,38953,10
13.0067796707,80.2407913208,38953,38963,10
13.0067596436,80.2410583496,38963,38973,10
13.0067396164,80.2421188354,38973,39014,41
13.0067396164,80.2421188354,39014,39024,10
13.0067396164,80.2423400879,39024,39034,10
13.0067195892,80.2426986694,39034,39044,10
13.0066900253,80.2430114746,39044,39054,10
13.0066995621,80.2431564331,39054,39064,10
13.0066995621,80.2434921265,39064,39074,10
13.0067100525,80.2439880371,39074,39085,11
13.0066995621,80.244392395,39085,39095,10
13.0066995621,80.2444076538,39095,39105,10
13.0066995621,80.2446594238,39105,39165,60
13.0066995621,80.2446594238,39165,39176,11
13.0067396164,80.2452011108,39176,39186,10
13.0067796707,80.2456893921,39186,39196,10
13.006819725,80.2462387085,39196,39206,10
13.0068302155,80.2465286255,39206,39216,10
13.0067996979,80.2468185425,39216,39226,10
13.0067501068,80.2473297119,39226,39297,71
13.0067501068,80.2473297119,39297,39307,10
13.0061197281,80.247467041,39307,39327,20
13.0061197281,80.247467041,39327,39337,10
13.0057601929,80.2473983765,39337,39348,11
13.0050601959,80.2474136353,39348,39358,10
13.0041904449,80.2474975586,39358,39368,10
13.0031604767,80.2476272583,39368,39378,10
13.0021800995,80.2478103638,39378,39388,10
13.0011396408,80.2480773926,39388,39398,10
12.9999904633,80.2483673096,39398,39408,10
12.9989004135,80.2486495972,39408,39418,10
12.9980602264,80.2489013672,39418,39428,10
12.998000145,80.2489089966,39428,39439,11
12.9978199005,80.2489089966,39439,39449,10
12.9975299835,80.2490234375,39449,39459,10
12.9973201752,80.2490692139,39459,39469,10
12.9967498779,80.2491912842,39469,39479,10
12.9960002899,80.2493591309,39479,39489,10
12.9951601028,80.2495803833,39489,39499,10
12.9942598343,80.2498168945,39499,39509,10
12.9935903549,80.2500228882,39509,39519,10
12.9928302765,80.2502288818,39519,39530,11
12.9920396805,80.2504272461,39530,39540,10
12.9914999008,80.2505187988,39540,39550,10
12.9909095764,80.2506790161,39550,39560,10
12.9907302856,80.2507019043,39560,39570,10
12.9905700684,80.2507400513,39570,39580,10
12.9900102615,80.2508621216,39580,39590,10
12.9894504547,80.2510070801,39590,39600,10
12.9890604019,80.2510986328,39600,39671,71
12.9890604019,80.2510986328,39671,39679,8
12.9887399673,80.2512130737,39679,39904,225
12.9887399673,80.2512130737,39904,39914,10
12.9883499146,80.2512664795,39914,39924,10
12.9879903793,80.2514038086,39924,39934,10
12.987739563,80.2514419556,39934,39944,10
12.9872598648,80.2515792847,39944,39954,10
12.9866199493,80.2517776489,39954,39964,10
12.9858503342,80.2519378662,39964,39975,11
12.9847803116,80.2521820068,39975,39985,10
12.9836797714,80.2524795532,39985,39995,10
12.982629776,80.2526702881,39995,40005,10
12.9815797806,80.2527236938,40005,40015,10
12.980799675,80.252746582,40015,40025,10
12.9806404114,80.2527618408,40025,40035,10
12.980340004,80.2527770996,40035,40045,10
12.9798297882,80.252746582,40045,40055,10
12.9793996811,80.2526931763,40055,40066,11
12.9789400101,80.2526397705,40066,40076,10
12.9788599014,80.2526321411,40076,40086,10
12.9784803391,80.2525024414,40086,40096,10
12.9779100418,80.2520828247,40096,40106,10
12.9771795273,80.2515029907,40106,40116,10
12.9762201309,80.251159668,40116,40126,10
12.9752397537,80.250869751,40126,40136,10
12.9742202759,80.2506027222,40136,40146,10
12.9731798172,80.2503204346,40146,40157,11
12.9720201492,80.25,40157,40167,10
12.9709501266,80.2497329712,40167,40177,10
12.9697704315,80.2492828369,40177,40187,10
12.9685201645,80.2488021851,40187,40197,10
12.9674501419,80.2483596802,40197,40207,10
12.9665899277,80.2479400635,40207,40217,10
12.9654102325,80.2475204468,40217,40237,20
12.9654102325,80.2475204468,40237,40248,11
12.9651098251,80.2473983765,40248,40258,10
12.9647197723,80.247253418,40258,40268,10
12.9642295837,80.2470626831,40268,40278,10
12.9638004303,80.246887207,40278,40288,10
12.9632902145,80.2466506958,40288,40298,10
12.9626102448,80.2462921143,40298,40308,10
12.961810112,80.2459030151,40308,40318,10
12.960940361,80.2454605103,40318,40328,10
12.9600296021,80.2450714111,40328,40339,11
12.9593400955,80.2447891235,40339,40349,10
12.9591999054,80.2447280884,40349,40359,10
12.9588098526,80.2445373535,40359,40369,10
12.9581403732,80.2442703247,40369,40379,10
12.9577503204,80.244102478,40379,40389,10
12.9575195313,80.2440185547,40389,40399,10
12.9571399689,80.243927002,40399,40430,31
12.956870079,80.243850708,40430,40450,20
12.956870079,80.243850708,40450,40460,10
12.9566898346,80.2437820435,40460,40470,10
12.9565095901,80.2437210083,40470,40480,10
12.9564504623,80.2436981201,40480,40490,10
12.9562501907,80.2436065674,40490,40500,10
12.9557695389,80.2433319092,40500,40511,11
12.9549703598,80.2429428101,40511,40521,10
12.9540700912,80.2425994873,40521,40531,10
12.9534397125,80.2423095703,40531,40541,10
12.9526700974,80.2420272827,40541,40551,10
12.9518299103,80.2417526245,40551,40561,10
12.9515800476,80.2416763306,40561,40571,10
12.951379776,80.2415924072,40571,40581,10
12.9507904053,80.2413864136,40581,40591,10
12.9499797821,80.2411499023,40591,40602,11
12.949379921,80.2409591675,40602,40612,10
12.9490404129,80.2408370972,40612,40622,10
12.9484395981,80.2405700684,40622,40632,10
12.9476699829,80.2402420044,40632,40642,10
12.9471502304,80.2400512695,40642,40652,10
12.94713974,80.2400436401,40652,40662,10
12.9468603134,80.2399215698,40662,40672,10
12.9462995529,80.239692688,40672,40682,10
12.9455499649,80.2393417358,40682,40693,11
12.9447498322,80.2386779785,40693,40703,10
12.9440002441,80.2378234863,40703,40713,10
12.9430999756,80.2369232178,40713,40723,10
12.9419002533,80.236328125,40723,40733,10
12.9406795502,80.236038208,40733,40743,10
12.9398298264,80.2358016968,40743,40753,10
12.9397296906,80.2357635498,40753,40763,10
12.9396495819,80.2357330322,40763,40773,10
12.9392700195,80.2355422974,40773,40784,11
12.9384403229,80.2351226807,40784,40794,10
12.9375896454,80.2347183228,40794,40804,10
12.9366703033,80.2342681885,40804,40814,10
12.9359302521,80.2339401245,40814,40824,10
12.9358797073,80.2339096069,40824,40834,10
12.9356803894,80.2338180542,40834,40844,10
12.9352197647,80.2335968018,40844,40854,10
12.9345502853,80.2332992554,40854,40864,10
12.9338998795,80.2330093384,40864,40875,11
12.9338798523,80.2329864502,40875,40885,10
12.933549881,80.2328262329,40885,40895,10
12.9329795837,80.2325668335,40895,40905,10
12.9321804047,80.2322769165,40905,40915,10
12.9312000275,80.2319564819,40915,40925,10
12.9300899506,80.231628418,40925,40935,10
12.9292201996,80.2314376831,40935,40945,10
12.9290399551,80.2314224243,40945,40955,10
12.9288396835,80.2313766479,40955,40966,11
12.9282798767,80.2312774658,40966,40976,10
12.9273996353,80.2311706543,40976,40986,10
12.9264097214,80.2310562134,40986,40996,10
12.9259996414,80.2310180664,40996,41006,10
12.925740242,80.2309494019,41006,41016,10
12.9251699448,80.2308807373,41016,41026,10
12.9243097305,80.2307815552,41026,41036,10
12.923330307,80.2306594849,41036,41046,10
12.9222097397,80.2304763794,41046,41057,11
12.9208202362,80.2302932739,41057,41067,10
12.919500351,80.2301177979,41067,41077,10
12.9181203842,80.2299499512,41077,41087,10
12.91685009,80.2297821045,41087,41097,10
12.9156198502,80.2296066284,41097,41107,10
12.914440155,80.2294311523,41107,41117,10
12.9134597778,80.2293167114,41117,41127,10
12.9131698608,80.2292785645,41127,41138,11
12.9129695892,80.2292327881,41138,41148,10
12.9124202728,80.2291488647,41148,41158,10
12.9116096497,80.2290420532,41158,41168,10
12.9106397629,80.2289199829,41168,41178,10
12.9095602036,80.2287368774,41178,41188,10
12.9083795547,80.2285385132,41188,41198,10
12.9078798294,80.2284927368,41198,41208,10
12.9076299667,80.2284393311,41208,41218,10
12.9071397781,80.2283782959,41218,41229,11
12.9064903259,80.2283096313,41229,41239,10
12.9062795639,80.2283096313,41239,41249,10
12.9059295654,80.2282791138,41249,41259,10
12.9052801132,80.2282562256,41259,41269,10
12.9043903351,80.2282028198,41269,41279,10
12.9024496078,80.2281112671,41279,41289,10
12.9024496078,80.2281112671,41289,41299,10
12.9022598267,80.2281188965,41299,41309,10
12.9018697739,80.2280807495,41309,41320,11
12.9012203217,80.2280426025,41320,41330,10
12.900759697,80.2279968262,41330,41340,10
12.9004201889,80.2279663086,41340,41352,12
12.9002199173,80.2279815674,41352,41362,10
12.8999204636,80.2279815674,41362,41372,10
12.8996601105,80.2279815674,41372,41392,20
12.8996601105,80.2279815674,41392,41401,9
12.8993797302,80.2279586792,41401,41423,22
12.8993797302,80.2279586792,41423,41433,10
12.8990402222,80.2278900146,41433,41443,10
12.8984899521,80.2278594971,41443,41453,10
12.8977298737,80.2277984619,41453,41463,10
12.8968296051,80.2277526855,41463,41473,10
12.8957595825,80.2276992798,41473,41483,10
12.8945903778,80.2276611328,41483,41493,10
12.8933095932,80.2275695801,41493,41514,21
12.8933095932,80.2275695801,41514,41524,10
12.8932304382,80.2275619507,41524,41534,10
12.8930196762,80.2275238037,41534,41544,10
12.8926200867,80.2274780273,41544,41605,61
12.8926200867,80.2274780273,41605,41615,10
12.8925199509,80.2274475098,41615,41625,10
12.8920602798,80.2274017334,41625,41635,10
12.8914003372,80.2273864746,41635,41645,10
12.8905801773,80.2274017334,41645,41655,10
12.8896198273,80.2273864746,41655,41665,10
12.8887195587,80.2273864746,41665,41676,11
12.887720108,80.2273330688,41676,41686,10
12.8867797852,80.2271575928,41686,41696,10
12.8857402802,80.2269134521,41696,41706,10
12.8849802017,80.2267608643,41706,41716,10
12.8848199844,80.2267608643,41716,41726,10
12.8844499588,80.2267608643,41726,41736,10
12.8837900162,80.2267532349,41736,41746,10
12.8829498291,80.2267608643,41746,41756,10
12.881939888,80.2267608643,41756,41767,11
12.8806600571,80.2267684937,41767,41777,10
12.8794403076,80.2267837524,41777,41787,10
12.8784303665,80.2268295288,41787,41797,10
12.8775596619,80.2268981934,41797,41807,10
12.8770303726,80.2269668579,41807,41817,10
12.8766002655,80.2269973755,41817,41827,10
12.8763198853,80.2270202637,41827,41837,10
12.8762302399,80.2270202637,41837,41847,10
12.8757801056,80.2269897461,41847,41858,11
12.8749599457,80.2269287109,41858,41868,10
12.8739995956,80.2268066406,41868,41878,10
12.873000145,80.2267379761,41878,41888,10
12.8724603653,80.2267379761,41888,41898,10
12.8723096848,80.2267532349,41898,41908,10
12.8718004227,80.2267303467,41908,41918,10
12.871049881,80.2266998291,41918,41928,10
12.8701696396,80.2266387939,41928,41938,10
12.869099617,80.2265090942,41938,41949,11
12.8677501678,80.2264480591,41949,41959,10
12.8664703369,80.2265625,41959,41969,10
12.8651199341,80.2266311646,41969,41979,10
12.8636798859,80.2265701294,41979,41989,10
12.8622198105,80.2265777588,41989,41999,10
12.8608703613,80.226600647,41999,42009,10
12.859749794,80.2264633179,42009,42019,10
12.8591499329,80.2263870239,42019,42029,10
12.8588600159,80.2263183594,42029,42040,11
12.8584003448,80.2263031006,42040,42050,10
12.8576602936,80.2262878418,42050,42060,10
12.8567800522,80.2263717651,42060,42070,10
12.8557500839,80.2264785767,42070,42080,10
12.8545503616,80.2266082764,42080,42090,10
12.8532104492,80.2267303467,42090,42100,10
12.8518104553,80.2266769409,42100,42110,10
12.8504600525,80.2266235352,42110,42120,10
12.8491401672,80.2266235352,42120,42131,11
12.8486003876,80.2266616821,42131,42141,10
12.8483495712,80.2266464233,42141,42151,10
12.8477602005,80.2266464233,42151,42161,10
12.8469295502,80.2266464233,42161,42171,10
12.846159935,80.2266693115,42171,42181,10
12.8457298279,80.2266464233,42181,42191,10
12.8453197479,80.2266616821,42191,42201,10
12.8452701569,80.2266616821,42201,42211,10
12.8451004028,80.2266616821,42211,42222,11
12.8444404602,80.2267074585,42222,42232,10
12.843629837,80.2267227173,42232,42242,10
12.8425197601,80.2269363403,42242,42252,10
12.8412399292,80.2272109985,42252,42262,10
12.8399600983,80.2276611328,42262,42313,51
12.8399600983,80.2276611328,42313,42323,10
12.8396196365,80.2278289795,42323,42333,10
12.8391304016,80.227897644,42333,42343,10
12.8383903503,80.2280807495,42343,42353,10
12.8374795914,80.2282562256,42353,42363,10
12.8363704681,80.2284164429,42363,42373,10
12.8351202011,80.2285995483,42373,42383,10
12.8337602615,80.2288208008,42383,42394,11
12.8324298859,80.229057312,42394,42404,10
12.8317604065,80.2292098999,42404,42414,10
12.8316202164,80.2291412354,42414,42424,10
12.8315296173,80.2288818359,42424,42444,20
12.8315296173,80.2288818359,42444,42454,10
12.8314800262,80.2285766602,42454,42464,10
12.8313798904,80.2280883789,42464,42474,10
12.8312597275,80.2274398804,42474,42485,11
12.8310899734,80.226600647,42485,42495,10
12.831029892,80.2256469727,42495,42505,10
12.8310403824,80.2248306274,42505,42515,10
12.8310499191,80.2244796753,42515,42525,10
12.8310604095,80.2238998413,42525,42535,10
12.8310699463,80.2230606079,42535,42545,10
12.8310699463,80.222328186,42545,42555,10
12.8310804367,80.2220993042,42555,42565,10
12.8310804367,80.2217102051,42565,42576,11
12.8310804367,80.2211074829,42576,42586,10
12.8310899734,80.2204818726,42586,42596,10
12.8310804367,80.2198028564,42596,42606,10
12.8310203552,80.2195205688,42606,42616,10
12.8305101395,80.2194595337,42616,42626,10
12.8298902512,80.2194671631,42626,42636,10
12.8287696838,80.2194824219,42636,42646,10
12.8279399872,80.2194366455,42646,42656,10
12.8275003433,80.2194595337,42656,42677,21
12.8275003433,80.2194595337,42677,42687,10
12.8273200989,80.2194595337,42687,42697,10
12.8268299103,80.2194519043,42697,42707,10
12.8261499405,80.2194595337,42707,42717,10
12.8258104324,80.2194671631,42717,42727,10
12.8252096176,80.2194137573,42727,42747,20
12.8252096176,80.2194137573,42747,42758,11
12.8246297836,80.2193374634,42758,42768,10
12.8238201141,80.2193908691,42768,42778,10
12.8229503632,80.2194137573,42778,42788,10
12.8226604462,80.2193222046,42788,42798,10
12.822640419,80.2192306519,42798,42808,10
12.8226699829,80.2190170288,42808,42818,10
12.8226699829,80.2186508179,42818,42828,10
12.8226804733,80.217956543,42828,42838,10
12.8226699829,80.2170562744,42838,42849,11
12.8226995468,80.2161331177,42849,42859,10
12.8229799271,80.2159805298,42859,42869,10
12.8233699799,80.216003418,42869,42879,10
12.8240699768,80.216003418,42879,42889,10
12.8248996735,80.2160568237,42889,43172,283
12.8248996735,80.2160568237,43172,43182,10
12.8252096176,80.216003418,43182,43193,11
12.825510025,80.216003418,43193,43204,11
12.825799942,80.2160415649,43204,43214,10
12.8258895874,80.2163619995,43214,43224,10
12.8258895874,80.2168426514,43224,43234,10
12.8258895874,80.2172470093,43234,43243,9
12.8258800507,80.2179412842,43243,43254,11
12.8259000778,80.21875,43254,43264,10
12.8259096146,80.219291687,43264,43274,10
12.8261499405,80.2194213867,43274,43285,11
12.826789856,80.2194213867,43285,43295,10
12.8273601532,80.2194366455,43295,43305,10
12.827630043,80.2194290161,43305,43315,10
12.8281698227,80.2194366455,43315,43325,10
12.8289203644,80.2194366455,43325,43335,10
12.8299198151,80.2194595337,43335,43345,10
12.8307800293,80.2194900513,43345,43355,10
12.8310899734,80.2195968628,43355,43365,10
12.8311901093,80.2201766968,43365,43376,11
12.8311796188,80.2211380005,43376,43386,10
12.8311595917,80.222038269,43386,43396,10
12.8311595917,80.2223434448,43396,43406,10
12.8311500549,80.2229003906,43406,43416,10
12.8311395645,80.2237091064,43416,43426,10
12.8311300278,80.2245483398,43426,43436,10
12.8311300278,80.2249526978,43436,43446,10
12.8311195374,80.2256393433,43446,43456,10
12.8311595917,80.2265396118,43456,43467,11
12.8313798904,80.2276992798,43467,43477,10
12.8316202164,80.2287063599,43477,43487,10
12.8318796158,80.2291564941,43487,43497,10
12.8325099945,80.2290420532,43497,43507,10
12.8334102631,80.2288665771,43507,43517,10
12.8344898224,80.2286682129,43517,43527,10
12.8357095718,80.2284698486,43527,43537,10
12.8369598389,80.2282867432,43537,43547,10
12.8380804062,80.2280807495,43547,43558,11
12.839050293,80.2278366089,43558,43568,10
12.8394498825,80.2277374268,43568,43578,10
12.8395996094,80.227722168,43578,43588,10
12.8398704529,80.2276382446,43588,43598,10
12.8404598236,80.2274703979,43598,43608,10
12.8412599564,80.2272491455,43608,43618,10
12.8422403336,80.2269973755,43618,43628,10
12.8432397842,80.2267990112,43628,43638,10
12.8445100784,80.2266235352,43638,43649,11
12.8453998566,80.2265625,43649,43659,10
12.8454198837,80.2265625,43659,43669,10
12.8456497192,80.2265701294,43669,43679,10
12.8456802368,80.2265701294,43679,43689,10
12.8458795547,80.2265625,43689,43699,10
12.8464097977,80.2265472412,43699,43709,10
12.8472003937,80.2265472412,43709,43719,10
12.8480701447,80.2265472412,43719,43729,10
12.8490400314,80.2265319824,43729,43740,11
12.850060463,80.2265014648,43740,43750,10
12.8508396149,80.2265396118,43750,43760,10
12.8518400192,80.226600647,43760,43770,10
12.8530597687,80.2266693115,43770,43780,10
12.8544101715,80.2265625,43780,43790,10
12.8557796478,80.2264175415,43790,43800,10
12.8571100235,80.2262802124,43800,43810,10
12.858420372,80.2262191772,43810,43820,10
12.8596897125,80.2264022827,43820,43831,11
12.8612203598,80.2265625,43831,43841,10
12.8626899719,80.2265014648,43841,43851,10
12.8641395569,80.2265090942,43851,43861,10
12.8654098511,80.2265396118,43861,43871,10
12.8663797379,80.2265014648,43871,43881,10
12.8674402237,80.2264328003,43881,43891,10
12.8685903549,80.2263412476,43891,43901,10
12.8698797226,80.2264862061,43901,43912,11
12.8712701797,80.2266082764,43912,43922,10
12.8719396591,80.2266387939,43922,43932,10
12.8726902008,80.2266235352,43932,43942,10
12.8729295731,80.2266235352,43942,43952,10
12.873000145,80.2266311646,43952,43962,10
12.8734397888,80.2266464233,43962,43972,10
12.8741397858,80.2267227173,43972,43982,10
12.8750200272,80.2268371582,43982,43992,10
12.8760499954,80.2269287109,43992,44003,11
12.8767499924,80.2268600464,44003,44013,10
12.8768100739,80.2268676758,44013,44023,10
12.8771696091,80.2268371582,44023,44033,10
12.877869606,80.2267913818,44033,44043,10
12.8787899017,80.2267303467,44043,44053,10
12.8798999786,80.2267074585,44053,44063,10
12.8811903,80.2266998291,44063,44073,10
12.882610321,80.2266921997,44073,44083,10
12.8840198517,80.2266464233,44083,44094,11
12.885430336,80.2267227173,44094,44104,10
12.8867998123,80.2270812988,44104,44114,10
12.8882799149,80.2273025513,44114,44124,10
12.8897895813,80.2273330688,44124,44134,10
12.8913097382,80.2273330688,44134,44144,10
12.8921804428,80.2273635864,44144,44154,10
12.8925104141,80.2273635864,44154,44164,10
12.893119812,80.227432251,44164,44174,10
12.8939599991,80.2275390625,44174,44185,11
12.8951501846,80.2276000977,44185,44195,10
12.8963499069,80.2276611328,44195,44205,10
12.897600174,80.227722168,44205,44215,10
12.898850441,80.2277984619,44215,44225,10
12.8999004364,80.2278366089,44225,44235,10
12.9003000259,80.2278518677,44235,44296,61
12.9003000259,80.2278518677,44296,44306,10
12.9006204605,80.2278594971,44306,44316,10
12.9009895325,80.2278900146,44316,44326,10
12.9013500214,80.2279510498,44326,44336,10
12.9019002914,80.2279815674,44336,44346,10
12.9024095535,80.2279968262,44346,44356,10
12.9026603699,80.228012085,44356,44367,11
12.9027395248,80.2280197144,44367,44377,10
12.9031400681,80.2280502319,44377,44387,10
12.9037399292,80.2280807495,44387,44397,10
12.9045600891,80.2281036377,44397,44427,30
12.9045600891,80.2281036377,44427,44437,10
12.9050102234,80.2281494141,44437,44448,11
12.9053897858,80.228187561,44448,44488,40
12.9053897858,80.228187561,44488,44498,10
12.9057102203,80.2282180786,44498,44508,10
12.9062404633,80.2282485962,44508,44569,61
12.9062404633,80.2282485962,44569,44579,10
12.9066095352,80.2282333374,44579,44589,10
12.9070997238,80.2282791138,44589,44599,10
12.9077701569,80.2283630371,44599,44609,10
12.9086704254,80.2285232544,44609,44619,10
12.9097995758,80.2287063599,44619,44630,11
12.9111995697,80.2289276123,44630,44640,10
12.9125003815,80.2291030884,44640,44650,10
12.9136800766,80.2292633057,44650,44660,10
12.9141197205,80.2293167114,44660,44670,10
12.9143199921,80.2293624878,44670,44680,10
12.9148397446,80.2294464111,44680,44690,10
12.9155597687,80.2295608521,44690,44700,10
12.9165000916,80.2296905518,44700,44710,10
12.917599678,80.2298431396,44710,44721,11
12.9187698364,80.2299804688,44721,44731,10
12.9196500778,80.2301101685,44731,44741,10
12.9207296371,80.2302398682,44741,44751,10
12.9219799042,80.2304077148,44751,44761,10
12.923330307,80.2306213379,44761,44771,10
12.9246997833,80.2307891846,44771,44781,10
12.9260101318,80.2309265137,44781,44791,10
12.9266004562,80.2309799194,44791,44801,10
12.9272003174,80.2310562134,44801,44812,11
12.9281196594,80.2311935425,44812,44822,10
12.9290895462,80.2313537598,44822,44832,10
12.9300203323,80.2315368652,44832,44842,10
12.9302597046,80.2315979004,44842,44852,10
12.9307603836,80.2317504883,44852,44862,10
12.9315299988,80.2320022583,44862,44872,10
12.9324598312,80.2323074341,44872,44882,10
12.9334096909,80.2326812744,44882,44892,10
12.9336395264,80.2327804565,44892,44903,11
12.9338798523,80.2329025269,44903,44913,10
12.9344396591,80.2331619263,44913,44923,10
12.9351997375,80.2334899902,44923,44933,10
12.9361200333,80.2339172363,44933,44943,10
12.9370803833,80.2343902588,44943,44953,10
12.9381103516,80.2348937988,44953,44963,10
12.9392795563,80.2354812622,44963,44973,10
12.9399003983,80.235748291,44973,44983,10
12.9399404526,80.2357635498,44983,44994,11
12.9402999878,80.2359008789,44994,45004,10
12.9408798218,80.2360610962,45004,45014,10
12.9416103363,80.2362365723,45014,45024,10
12.9424600601,80.2364807129,45024,45035,11
12.9433603287,80.2370605469,45035,45045,10
12.9442996979,80.238067627,45045,45055,10
12.9451999664,80.2390289307,45055,45065,10
12.946269989,80.2395401001,45065,45076,11
12.9472398758,80.2399520874,45076,45086,10
12.9473695755,80.2399978638,45086,45096,10
12.9476699829,80.2401275635,45096,45106,10
12.9482002258,80.2403488159,45106,45116,10
12.9488096237,80.2405929565,45116,45126,10
12.9493303299,80.2407989502,45126,45136,10
12.9499397278,80.2409973145,45136,45146,10
12.9507198334,80.2412414551,45146,45156,10
12.9513597488,80.2414474487,45156,45167,11
12.9520597458,80.2417221069,45167,45177,10
12.9528198242,80.2420120239,45177,45187,10
12.9537296295,80.2423629761,45187,45197,10
12.9547796249,80.2427902222,45197,45207,10
12.955499649,80.243057251,45207,45217,10
12.9559803009,80.2432632446,45217,45298,81
12.956319809,80.2434082031,45298,45318,20
12.956319809,80.2434082031,45318,45328,10
12.9565095901,80.2434768677,45328,45338,10
12.9569597244,80.2436599731,45338,45349,11
12.95773983,80.2439880371,45349,45359,10
12.958609581,80.2443466187,45359,45369,10
12.9589500427,80.2444763184,45369,45379,10
12.9591798782,80.2446136475,45379,45389,10
12.9597101212,80.2448501587,45389,45399,10
12.9603996277,80.2451629639,45399,45409,10
12.9612703323,80.2455673218,45409,45419,10
12.9622402191,80.2460479736,45419,45430,11
12.9629201889,80.2463607788,45430,45440,10
12.9630002975,80.2464065552,45440,45450,10
12.9633102417,80.2465820313,45450,45460,10
12.9639196396,80.2468490601,45460,45470,10
12.9646902084,80.2471313477,45470,45480,10
12.9656000137,80.2474517822,45480,45490,10
12.9664402008,80.2477874756,45490,45500,10
12.9668998718,80.2479705811,45500,45510,10
12.9669904709,80.2480316162,45510,45521,11
12.9671401978,80.2481231689,45521,45531,10
12.9675798416,80.2483215332,45531,45541,10
12.9682798386,80.2486190796,45541,45551,10
12.9691400528,80.2489929199,45551,45561,10
12.970199585,80.249420166,45561,45571,10
12.971449852,80.249786377,45571,45581,10
12.9726896286,80.2501220703,45581,45591,10
12.9737596512,80.2503967285,45591,45601,10
12.9750900269,80.2507781982,45601,45612,11
12.9764404297,80.251159668,45612,45622,10
12.9775600433,80.2516479492,45622,45632,10
12.978269577,80.2521972656,45632,45642,10
12.9785404205,80.2523574829,45642,45652,10
12.9785995483,80.2523880005,45652,45662,10
12.9789600372,80.2525405884,45662,45672,10
12.9792804718,80.2525863647,45672,45682,10
12.9793701172,80.2526016235,45682,45692,10
12.9798803329,80.2526397705,45692,45703,11
12.9807500839,80.2526473999,45703,45713,10
12.981760025,80.2526321411,45713,45723,10
12.9829702377,80.252571106,45723,45733,10
12.9841804504,80.2523117065,45733,45743,10
12.985250473,80.2520294189,45743,45753,10
12.9860897064,80.2518081665,45753,45763,10
12.987159729,80.2514801025,45763,45864,101
12.987159729,80.2514801025,45864,45874,10
12.9873800278,80.2514419556,45874,45885,11
12.9877595901,80.2513580322,45885,45895,10
12.9883298874,80.2512130737,45895,45905,10
12.9895200729,80.250869751,45905,45925,20
12.9895200729,80.250869751,45925,45935,10
12.9899196625,80.2508163452,45935,45945,10
12.9905595779,80.2506637573,45945,45955,10
12.9913396835,80.2504577637,45955,45966,11
12.992389679,80.250213623,45966,45976,10
12.993519783,80.2499313354,45976,45986,10
12.9947795868,80.2496109009,45986,45996,10
12.9960899353,80.2492523193,45996,46006,10
12.9967002869,80.2490692139,46006,46016,10
12.9967098236,80.2490692139,46016,46026,10
12.9971199036,80.2489624023,46026,46036,10
12.9977197647,80.2488098145,46036,46046,10
12.9985599518,80.248588562,46046,46057,11
12.9996700287,80.2483215332,46057,46067,10
13.0008602142,80.2480392456,46067,46077,10
13.001950264,80.2477874756,46077,46087,10
13.0029802322,80.2475585938,46087,46097,10
13.0040998459,80.2473678589,46097,46107,10
13.0052404404,80.2472229004,46107,46117,10
13.0063495636,80.2467193604,46117,46137,20
13.0063495636,80.2467193604,46137,46148,11
13.006529808,80.246383667,46148,46158,10
13.0066099167,80.2457580566,46158,46168,10
13.0066204071,80.2451019287,46168,46178,10
13.0065803528,80.244720459,46178,46188,10
13.0065803528,80.2444610596,46188,46198,10
13.0065698624,80.2440490723,46198,46208,10
13.0065698624,80.2434387207,46208,46218,10
13.0065898895,80.2427520752,46218,46228,10
13.0065803528,80.2419586182,46228,46239,11
13.0066404343,80.2410583496,46239,46249,10
13.0067901611,80.2402114868,46249,46259,10
13.0068702698,80.2395935059,46259,46269,10
13.0069198608,80.2390975952,46269,46279,10
13.0070199966,80.2384872437,46279,46289,10
13.0072202682,80.2377090454,46289,46299,10
13.007349968,80.2369384766,46299,46309,10
13.0074100494,80.236656189,46309,46319,10
13.0074596405,80.2364578247,46319,46330,11
13.0075902939,80.2359313965,46330,46340,10
13.0077199936,80.2352218628,46340,46350,10
13.0078802109,80.2344512939,46350,46360,10
13.0080795288,80.233543396,46360,46370,10
13.0082597733,80.2323989868,46370,46380,10
13.0084695816,80.2311935425,46380,46390,10
13.0086603165,80.2299804688,46390,46400,10
13.0090103149,80.2285995483,46400,46411,11
13.0095100403,80.2273788452,46411,46421,10
13.0100002289,80.2263031006,46421,46431,10
13.0104398727,80.225479126,46431,46441,10
13.0106697083,80.2250213623,46441,46451,10
13.0109100342,80.2244415283,46451,46461,10
13.0111904144,80.2237091064,46461,46471,10
13.0113697052,80.2231826782,46471,46481,10
13.0115604401,80.2225723267,46481,46491,10
13.0118598938,80.2217407227,46491,46502,11
13.0122003555,80.221496582,46502,46512,10
13.0124101639,80.2218399048,46512,46522,10
13.0128803253,80.2223815918,46522,46532,10
13.0134000778,80.2229003906,46532,46542,10
13.0139503479,80.2236099243,46542,46552,10
13.0146198273,80.2243118286,46552,46562,10
13.0152301788,80.2248764038,46562,46572,10
13.0155801773,80.225151062,46572,46582,10
13.0156803131,80.2251815796,46582,46593,11
13.0161104202,80.2253570557,46593,46603,10
13.0168399811,80.2252120972,46603,46613,10
13.0177497864,80.2248382568,46613,46623,10
13.0186595917,80.2244567871,46623,46633,10
13.019490242,80.2244033813,46633,46673,40
13.019490242,80.2244033813,46673,46684,11
13.0196199417,80.2245788574,46684,46694,10
13.0200901031,80.2248764038,46694,46704,10
13.0205898285,80.2252426147,46704,46714,10
13.0209703445,80.2255172729,46714,46724,10
13.0213804245,80.2258529663,46724,46734,10
13.0218000412,80.2261581421,46734,46744,10
13.0222997665,80.2265472412,46744,46754,10
13.0228300095,80.2269897461,46754,46764,10
13.0233297348,80.2274475098,46764,46775,11
13.0238399506,80.2278823853,46775,46785,10
13.0243597031,80.2284393311,46785,46805,20
13.0243597031,80.2284393311,46805,46815,10
13.0244102478,80.2285614014,46815,46825,10
13.0242004395,80.2285919189,46825,46835,10
13.0238895416,80.2281723022,46835,46845,10
13.0234498978,80.2277069092,46845,46906,61
13.0234498978,80.2277069092,46906,46916,10
13.0230998993,80.2273330688,46916,46926,10
13.0228004456,80.2270278931,46926,46936,10
13.0224199295,80.2266464233,46936,46947,11
13.0218000412,80.2261199951,46947,46957,10
13.0211400986,80.2256088257,46957,46967,10
13.0204696655,80.2251434326,46967,46977,10
13.0198097229,80.2247085571,46977,46987,10
13.0188798904,80.2244873047,46987,46997,10
13.0179901123,80.224822998,46997,47007,10
13.0170898438,80.2251815796,47007,47017,10
13.0166101456,80.2253799438,47017,47027,10
13.0163803101,80.2254714966,47027,47038,11
13.0159101486,80.2256469727,47038,47048,10
13.0154800415,80.2257919312,47048,47058,10
13.0150899887,80.2259597778,47058,47068,10
13.0144901276,80.2261962891,47068,47088,20
13.0144901276,80.2261962891,47088,47098,10
13.0142803192,80.2262802124,47098,47108,10
13.0137300491,80.2264785767,47108,47118,10
13.0130195618,80.2267684937,47118,47129,11
13.0122699738,80.2270812988,47129,47139,10
13.011639595,80.2273330688,47139,47149,10
13.0109395981,80.2276306152,47149,47159,10
13.0102500916,80.227897644,47159,47169,10
13.0095100403,80.2282028198,47169,47179,10
13.0091104507,80.2287979126,47179,47189,10
13.0088996887,80.229637146,47189,47199,10
13.0087003708,80.2305908203,47199,47209,10
13.008480072,80.2317581177,47209,47270,61
13.008480072,80.2317581177,47270,47280,10
13.0083799362,80.2322387695,47280,47290,10
13.0082397461,80.2327728271,47290,47300,10
13.0081501007,80.233543396,47300,47311,11
13.0080604553,80.2339630127,47311,47321,10
13.0079898834,80.2342910767,47321,47331,10
13.0078401566,80.2349319458,47331,47341,10
13.0076398849,80.2359237671,47341,47351,10
13.007399559,80.2370986938,47351,47361,10
13.0071496964,80.2382202148,47361,47371,10
13.006939888,80.2391967773,47371,47381,10
13.0068101883,80.2399597168,47381,47391,10
13.0067100525,80.2405395508,47391,47402,11
13.0066404343,80.2409667969,47402,47412,10
13.0065803528,80.2414398193,47412,47422,10
13.0065803528,80.241897583,47422,47432,10
13.0065803528,80.2423171997,47432,47442,10
13.0066099167,80.2427368164,47442,47483,41
13.0066099167,80.2427368164,47483,47493,10
13.0066299438,80.2431030273,47493,47503,10
13.006649971,80.2432937622,47503,47513,10
13.006649971,80.2435302734,47513,47523,10
13.0066404343,80.2439117432,47523,47533,10
13.006649971,80.2445526123,47533,47543,10
13.0066795349,80.2452316284,47543,47553,10
13.0067100525,80.2456817627,47553,47563,10
13.0067100525,80.2459030151,47563,47574,11
13.0067195892,80.2461166382,47574,47584,10
13.0067300797,80.2463226318,47584,47594,10
13.0067195892,80.2464675903,47594,47604,10
13.0067300797,80.246711731,47604,47614,10
13.0067195892,80.2469482422,47614,47624,10
13.0066795349,80.2472686768,47624,47634,10
13.006070137,80.2473831177,47634,47654,20
13.006070137,80.2473831177,47654,47665,11
13.0059099197,80.2474136353,47665,47675,10
13.005490303,80.2473678589,47675,47685,10
13.0048303604,80.2473907471,47685,47695,10
13.0039701462,80.2474899292,47695,47705,10
13.0029096603,80.2476196289,47705,47715,10
13.001950264,80.2478637695,47715,47725,10
13.0009498596,80.2481307983,47725,47735,10
12.9999198914,80.2483901978,47735,47745,10
12.9988498688,80.2486572266,47745,47756,11
12.9980602264,80.2488937378,47756,47766,10
12.998000145,80.248878479,47766,47776,10
12.9976596832,80.2489318848,47776,47786,10
12.9970397949,80.2490768433,47786,47796,10
12.9962396622,80.2492828369,47796,47806,10
12.9953203201,80.2495269775,47806,47816,10
12.99421978,80.2498016357,47816,47826,10
12.9930696487,80.2500686646,47826,47836,10
12.9919204712,80.2503890991,47836,47847,11
12.9910001755,80.2506484985,47847,47857,10
12.9908895493,80.2506713867,47857,47867,10
12.990819931,80.2506637573,47867,47877,10
12.9903697968,80.2507171631,47877,47887,10
12.9896202087,80.2509002686,47887,47897,10
12.9887895584,80.251121521,47897,47907,10
12.9883699417,80.2512817383,47907,47927,20
12.9883699417,80.2512817383,47927,47938,11
12.9880199432,80.2513122559,47938,47948,10
12.9877004623,80.2513809204,47948,47958,10
12.987159729,80.2515182495,47958,47968,10
12.9863901138,80.251739502,47968,47978,10
12.9854202271,80.2519683838,47978,47988,10
12.9842500687,80.2522964478,47988,47998,10
12.9829702377,80.2526016235,47998,48008,10
12.981710434,80.2526702881,48008,48019,11
12.980629921,80.2527236938,48019,48029,10
12.9797401428,80.2527313232,48029,48039,10
12.9789199829,80.2526168823,48039,48049,10
12.9786300659,80.2525787354,48049,48059,10
12.978509903,80.2525024414,48059,48069,10
12.9780597687,80.252166748,48069,48079,10
12.977399826,80.2515716553,48079,48089,10
12.9763402939,80.2511291504,48089,48099,10
12.9750795364,80.2507781982,48099,48110,11
12.973739624,80.2504272461,48110,48120,10
12.9727602005,80.2501602173,48120,48130,10
12.9715795517,80.2498016357,48130,48140,10
12.9703397751,80.2494812012,48140,48150,10
12.9689998627,80.2488937378,48150,48160,10
12.9675998688,80.2483520508,48160,48170,10
12.9664402008,80.2478179932,48170,48180,10
12.9653701782,80.2474136353,48180,48190,10
12.9649000168,80.2472686768,48190,48201,11
12.9647798538,80.2472229004,48201,48211,10
12.9643001556,80.2470397949,48211,48221,10
12.9635295868,80.2467498779,48221,48231,10
12.9626102448,80.2462692261,48231,48241,10
12.9615802765,80.2457885742,48241,48251,10
12.9603796005,80.2452392578,48251,48261,10
12.9594898224,80.2448730469,48261,48271,10
12.9593400955,80.2447891235,48271,48281,10
12.9589595795,80.2445831299,48281,48292,11
12.9582796097,80.2442932129,48292,48302,10
12.957570076,80.2440032959,48302,48312,10
12.9566001892,80.2435913086,48312,48393,81
12.9565000534,80.243522644,48393,48413,20
12.9565000534,80.243522644,48413,48423,10
12.9562301636,80.2434768677,48423,48433,10
12.9556703568,80.2432174683,48433,48443,10
12.9548902512,80.2428817749,48443,48453,10
12.9539804459,80.2425003052,48453,48463,10
12.9530000687,80.2421264648,48463,48474,11
12.9520998001,80.2417831421,48474,48484,10
12.9518299103,80.2416915894,48484,48494,10
12.9515695572,80.2415771484,48494,48504,10
12.9509296417,80.2413330078,48504,48514,10
12.9501495361,80.2410888672,48514,48524,10
12.9494400024,80.2408828735,48524,48534,10
12.9492502213,80.2408065796,48534,48544,10
12.9491701126,80.2407913208,48544,48554,10
12.9489097595,80.2406997681,48554,48565,11
12.9482803345,80.2404632568,48565,48575,10
12.9470996857,80.2399902344,48575,48597,22
12.9470996857,80.2399902344,48597,48607,10
12.9470396042,80.2399597168,48607,48617,10
12.9468097687,80.2398681641,48617,48627,10
12.9462604523,80.2396392822,48627,48637,10
12.9455604553,80.2393112183,48637,48648,11
12.9448299408,80.2387313843,48648,48658,10
12.9441299438,80.2379608154,48658,48668,10
12.9433803558,80.237159729,48668,48678,10
12.942440033,80.2365036011,48678,48688,10
12.941280365,80.2361679077,48688,48698,10
12.9402103424,80.2358932495,48698,48708,10
12.9396800995,80.235710144,48708,48718,10
12.9396696091,80.235710144,48718,48728,10
12.9395599365,80.2356567383,48728,48739,11
12.9390802383,80.2354278564,48739,48749,10
12.9384403229,80.2350769043,48749,48759,10
12.9376602173,80.2346878052,48759,48769,10
12.9367599487,80.2342529297,48769,48779,10
12.9359798431,80.2339019775,48779,48789,10
12.9353504181,80.2336196899,48789,48799,10
12.9345998764,80.2332687378,48799,48809,10
12.9338302612,80.2329330444,48809,48819,10
12.9337797165,80.2329101563,48819,48830,11
12.9336996078,80.2328720093,48830,48840,10
12.9333000183,80.2326812744,48840,48850,10
12.9326295853,80.2323913574,48850,48860,10
12.9317703247,80.2320709229,48860,48870,10
12.9307699203,80.2317276001,48870,48880,10
12.9296197891,80.2314224243,48880,48890,10
12.9284696579,80.2312164307,48890,48900,10
12.927280426,80.231086731,48900,48910,10
12.9262199402,80.2309799194,48910,48921,11
12.9260196686,80.23097229,48921,48931,10
12.9256401062,80.2309112549,48931,48941,10
12.9250898361,80.2308425903,48941,48951,10
12.9243402481,80.230758667,48951,48961,10
12.9234895706,80.2306289673,48961,48971,10
12.9224901199,80.2304916382,48971,48981,10
12.9212999344,80.2303237915,48981,48991,10
12.9199800491,80.2301483154,48991,49001,10
12.9186000824,80.2299728394,49001,49012,11
12.9170503616,80.2297592163,49012,49022,10
12.9156103134,80.2295608521,49022,49032,10
12.9142799377,80.2293777466,49032,49042,10
12.9133501053,80.2293014526,49042,49052,10
12.9132699966,80.2292785645,49052,49062,10
12.9132604599,80.2292785645,49062,49072,10
12.9129199982,80.2292175293,49072,49082,10
12.912320137,80.2291412354,49082,49093,11
12.9114599228,80.2289886475,49093,49103,10
12.9104795456,80.2288208008,49103,49113,10
12.9093999863,80.2286376953,49113,49123,10
12.9082803726,80.2284698486,49123,49133,10
12.9072599411,80.2283401489,49133,49143,10
12.9068002701,80.2283096313,49143,49184,41
12.9068002701,80.2283096313,49184,49194,10
12.9066896439,80.2283096313,49194,49204,10
12.9065303802,80.2282867432,49204,49214,10
12.9060897827,80.2282333374,49214,49224,10
12.9054002762,80.2281799316,49224,49234,10
12.9044799805,80.2281417847,49234,49244,10
12.9034500122,80.2280807495,49244,49254,10
12.9023103714,80.2280426025,49254,49264,10
12.9014396667,80.228012085,49264,49275,11
12.9007396698,80.2279586792,49275,49285,10
12.9002304077,80.2279205322,49285,49295,10
12.8996295929,80.2278900146,49295,49305,10
12.899310112,80.2278823853,49305,49325,20
12.899310112,80.2278823853,49325,49335,10
12.899140358,80.2278518677,49335,49345,10
12.8987197876,80.2278213501,49345,49355,10
12.8980903625,80.2277984619,49355,49366,11
12.8972702026,80.2277526855,49366,49376,10
12.8964195251,80.2277069092,49376,49386,10
12.8955001831,80.2276763916,49386,49396,10
12.8945598602,80.2276306152,49396,49406,10
12.8936901093,80.2275619507,49406,49416,10
12.8930196762,80.2275009155,49416,49426,10
12.8929700851,80.2274932861,49426,49436,10
12.8928003311,80.2274703979,49436,49446,10
12.8925199509,80.2274398804,49446,49457,11
12.8919200897,80.2273864746,49457,49467,10
12.8911600113,80.2273712158,49467,49477,10
12.8902597427,80.2273483276,49477,49487,10
12.8892803192,80.2273635864,49487,49497,10
12.8882598877,80.2273406982,49497,49507,10
12.8872098923,80.2272186279,49507,49517,10
12.8861598969,80.2269821167,49517,49527,10
12.8851804733,80.2267608643,49527,49537,10
12.8847999573,80.2267379761,49537,49548,11
12.8846197128,80.2267303467,49548,49558,10
12.8840904236,80.2267303467,49558,49568,10
12.8833398819,80.2267227173,49568,49578,10
12.8824596405,80.2267227173,49578,49588,10
12.8815002441,80.2267379761,49588,49598,10
12.8803796768,80.2267608643,49598,49608,10
12.879119873,80.2267913818,49608,49618,10
12.8777799606,80.2268371582,49618,49628,10
12.876709938,80.2269668579,49628,49639,11
12.8763399124,80.2269973755,49639,49649,10
12.8761301041,80.2269973755,49649,49659,10
12.8756103516,80.2269821167,49659,49669,10
12.8748598099,80.2268981934,49669,49679,10
12.8739500046,80.2267913818,49679,49689,10
12.8730697632,80.2267303467,49689,49699,10
12.8723201752,80.2266998291,49699,49709,10
12.8713798523,80.2266693115,49709,49720,11
12.8701896667,80.226600647,49720,49730,10
12.8689899445,80.2264709473,49730,49740,10
12.8676996231,80.2264480591,49740,49750,10
12.8663797379,80.2265701294,49750,49760,10
12.8650503159,80.2265930176,49760,49770,10
12.8636598587,80.2265319824,49770,49779,9
12.8623895645,80.2265472412,49779,49790,11
12.8613300323,80.2266235352,49790,49800,10
12.8609104156,80.2266235352,49800,49810,10
12.8606300354,80.2265930176,49810,49821,11
12.8599901199,80.2265014648,49821,49831,10
12.8591995239,80.2263565063,49831,49841,10
12.8583898544,80.2262802124,49841,49851,10
12.8574895859,80.2262802124,49851,49861,10
12.8565101624,80.2263717651,49861,49871,10
12.8554000854,80.2264862061,49871,49881,10
12.854180336,80.2266235352,49881,49891,10
12.8528404236,80.2266998291,49891,49902,11
12.8513002396,80.2266464233,49902,49912,10
12.8501596451,80.2266235352,49912,49922,10
12.8499097824,80.2266311646,49922,49932,10
12.8497495651,80.2266235352,49932,49942,10
12.8484697342,80.2266235352,49942,49952,10
12.8484697342,80.2266235352,49952,49962,10
12.8475103378,80.2266235352,49962,49972,10
12.8463602066,80.2266387939,49972,49982,10
12.8453302383,80.2266387939,49982,50003,21
12.8453302383,80.2266387939,50003,50013,10
12.8452701569,80.2266387939,50013,50023,10
12.8449602127,80.2266464233,50023,50033,10
12.8445196152,80.2266693115,50033,50043,10
12.8440999985,80.2267074585,50043,50053,10
12.8435001373,80.2267990112,50053,50063,10
12.8427801132,80.2268981934,50063,50075,12
12.8418998718,80.2270965576,50075,50086,11
12.8409795761,80.2273483276,50086,50096,10
12.8401699066,80.2275924683,50096,50106,10
12.8398103714,80.2276916504,50106,50147,41
12.8398103714,80.2276916504,50147,50157,10
12.8395204544,80.2277832031,50157,50166,9
12.8391599655,80.2278671265,50166,50178,12
12.8385000229,80.2280731201,50178,50188,10
12.8378200531,80.2282104492,50188,50198,10
12.8370399475,80.2283172607,50198,50208,10
12.8361902237,80.2284393311,50208,50218,10
12.8352899551,80.2285690308,50218,50228,10
12.8343601227,80.2287216187,50228,50238,10
12.833439827,80.2288894653,50238,50248,10
12.8325996399,80.2290267944,50248,50258,10
12.8318300247,80.2291870117,50258,50269,11
12.8315401077,80.2288284302,50269,50299,30
12.8315401077,80.2288284302,50299,50309,10
12.8315200806,80.2286376953,50309,50319,10
12.8314504623,80.2283172607,50319,50329,10
12.8313598633,80.2277908325,50329,50339,10
12.8312196732,80.2270965576,50339,50350,11
12.8310499191,80.2261962891,50350,50360,10
12.8310499191,80.2253189087,50360,50370,10
12.8310604095,80.2247009277,50370,50380,10
12.8310604095,80.2243881226,50380,50390,10
12.8310604095,80.2238311768,50390,50400,10
12.8310604095,80.2231216431,50400,50410,10
12.8310699463,80.222366333,50410,50420,10
12.8310699463,80.2221069336,50420,50430,10
12.8310699463,80.2216873169,50430,50441,11
12.8310499191,80.2209396362,50441,50450,9
12.8310499191,80.2201919556,50450,50461,11
12.8310403824,80.2196502686,50461,50471,10
12.8308200836,80.2193832397,50471,50481,10
12.8302402496,80.2193984985,50481,50491,10
12.8294401169,80.2194213867,50491,50501,10
12.8284902573,80.2194290161,50501,50511,10
12.8275299072,80.2194595337,50511,50562,51
12.8275299072,80.2194595337,50562,50572,10
12.8274898529,80.2194671631,50572,50582,10
12.8271198273,80.2194595337,50582,50592,10
12.8264398575,80.2194595337,50592,50602,10
12.8260402679,80.2194595337,50602,50612,10
12.8256597519,80.2194366455,50612,50623,11
12.8251800537,80.2194519043,50623,50633,10
12.8249101639,80.2194519043,50633,50643,10
12.8242301941,80.2194137573,50643,50653,10
12.8233299255,80.2193984985,50653,50663,10
12.8228502274,80.2193984985,50663,50673,10
12.8226003647,80.2192001343,50673,50683,10
12.8225898743,80.2189178467,50683,50693,10
12.8226203918,80.2184829712,50693,50703,10
12.8226299286,80.2176132202,50703,50714,11
12.8226203918,80.2164764404,50714,50724,10
12.8228302002,80.2159118652,50724,50734,10
12.82310009,80.2159500122,50734,50744,10
12.8236904144,80.2159576416,50744,50754,10
12.824379921,80.2159729004,50754,52114,1360
12.8244199753,80.2159881592,52114,52540,426
12.8244199753,80.2159881592,52540,52550,10
12.8246498108,80.2160263062,52550,52560,10
12.824760437,80.2160110474,52560,52571,11
12.8250398636,80.2160186768,52571,52581,10
12.8255195618,80.2160186768,52581,52591,10
12.8257799149,80.2160415649,52591,52601,10
12.8258895874,80.2163619995,52601,52611,10
12.8258800507,80.2167663574,52611,52621,10
12.8258800507,80.2169189453,52621,52631,10
12.8258800507,80.2172775269,52631,52641,10
12.8258800507,80.2178421021,52641,52652,11
12.8258695602,80.2185974121,52652,52662,10
12.8258800507,80.2192230225,52662,52672,10
12.8260297775,80.219367981,52672,52682,10
12.8266000748,80.2193832397,52682,52692,10
12.8273000717,80.2193984985,52692,52702,10
12.8276195526,80.2194137573,52702,52712,10
12.8282804489,80.2194213867,52712,52722,10
12.8291501999,80.2194213867,52722,52732,10
12.8302202225,80.2194213867,52732,52743,11
12.8308601379,80.2194137573,52743,52753,10
12.8311595917,80.2196121216,52753,52763,10
12.8311796188,80.2202682495,52763,52773,10
12.8311796188,80.2211303711,52773,52783,10
12.8311595917,80.2219772339,52783,52793,10
12.8311395645,80.2222824097,52793,52803,10
12.8311395645,80.2228469849,52803,52813,10
12.8311300278,80.2236175537,52813,52823,10
12.8311100006,80.2244796753,52823,52834,11
12.8311100006,80.224861145,52834,52844,10
12.8311004639,80.2255020142,52844,52854,10
12.8311195374,80.2263336182,52854,52864,10
12.8312597275,80.2270812988,52864,52874,10
12.8314695358,80.2281036377,52874,52884,10
12.8316402435,80.2288665771,52884,52894,10
12.831870079,80.2291183472,52894,52904,10
12.8319797516,80.2290878296,52904,52914,10
12.8324403763,80.2289962769,52914,52925,11
12.8332700729,80.2288513184,52925,52935,10
12.8342399597,80.2286834717,52935,52945,10
12.8353996277,80.2284927368,52945,52955,10
12.8367300034,80.2282867432,52955,52965,10
12.8380804062,80.2280578613,52965,52975,10
12.8394098282,80.2276229858,52975,52995,20
12.8394098282,80.2276229858,52995,53005,10
12.8396997452,80.2275772095,53005,53016,11
12.8402996063,80.2274627686,53016,53026,10
12.8410997391,80.2272491455,53026,53036,10
12.8421201706,80.2270126343,53036,53046,10
12.8432598114,80.2267913818,53046,53056,10
12.8445301056,80.2266235352,53056,53066,10
12.8453798294,80.2265396118,53066,53076,10
12.8453903198,80.2265396118,53076,53086,10
12.845459938,80.2265319824,53086,53096,10
12.8458995819,80.2265167236,53096,53107,11
12.8466796875,80.2265014648,53107,53117,10
12.8475799561,80.2265014648,53117,53127,10
12.8485298157,80.2265014648,53127,53137,10
12.8495903015,80.2264785767,53137,53147,10
12.8506603241,80.2265090942,53147,53157,10
12.851849556,80.2265777588,53157,53167,10
12.8531799316,80.2266387939,53167,53177,10
12.8545703888,80.2265167236,53177,53188,11
12.8561496735,80.226348877,53188,53198,10
12.8575000763,80.2262115479,53198,53208,10
12.8587999344,80.2262115479,53208,53218,10
12.8601703644,80.2264022827,53218,53228,10
12.8608102798,80.2264785767,53228,53238,10
12.8608198166,80.2264785767,53238,53248,10
12.8614397049,80.2265319824,53248,53258,10
12.8622903824,80.2264862061,53258,53268,10
12.8633003235,80.2264709473,53268,53279,11
12.8646497726,80.2265396118,53279,53289,10
12.8660497665,80.2265396118,53289,53299,10
12.8675403595,80.2264022827,53299,53309,10
12.8690500259,80.2264022827,53309,53319,10
12.8705797195,80.2265625,53319,53329,10
12.8720397949,80.2266235352,53329,53339,10
12.8728904724,80.2266235352,53339,53349,10
12.8730096817,80.2266387939,53349,53359,10
12.873459816,80.2266693115,53359,53370,11
12.874329567,80.2267379761,53370,53380,10
12.8753204346,80.2268600464,53380,53390,10
12.8763399124,80.226890564,53390,53400,10
12.8767004013,80.2268676758,53400,53410,10
12.8768997192,80.2268829346,53410,53420,10
12.8775396347,80.2268371582,53420,53430,10
12.8784303665,80.2267608643,53430,53440,10
12.879529953,80.2267074585,53440,53450,10
12.88078022,80.2266998291,53450,53461,11
12.8822803497,80.2266769409,53461,53471,10
12.8836097717,80.2266616821,53471,53481,10
12.8848600388,80.2266387939,53481,53491,10
12.8861198425,80.2268829346,53491,53501,10
12.8873901367,80.227180481,53501,53511,10
12.8887395859,80.2273025513,53511,53521,10
12.8901901245,80.2273025513,53521,53531,10
12.891500473,80.2272872925,53531,53541,10
12.8923301697,80.2273025513,53541,53552,11
12.8931598663,80.2274169922,53552,53562,10
12.894080162,80.2275390625,53562,53572,10
12.8952102661,80.2276000977,53572,53582,10
12.8965301514,80.2276611328,53582,53592,10
12.8979597092,80.2277374268,53592,53602,10
12.8992004395,80.2278137207,53602,53612,10
12.9000301361,80.2278594971,53612,53622,10
12.9001197815,80.2278823853,53622,53632,10
12.9004096985,80.2278671265,53632,53643,11
12.90102005,80.2279205322,53643,53653,10
12.9019804001,80.2279586792,53653,53663,10
12.9026699066,80.2279663086,53663,53673,10
12.9027204514,80.2279663086,53673,53683,10
12.9031400681,80.2280197144,53683,53693,10
12.9038295746,80.2280502319,53693,53703,10
12.9047203064,80.2281036377,53703,53713,10
12.9056596756,80.2281417847,53713,53723,10
12.9061899185,80.2281799316,53723,53734,11
12.9065303802,80.2282028198,53734,53744,10
12.9069900513,80.2282562256,53744,53754,10
12.9077596664,80.2283782959,53754,53764,10
12.9087600708,80.2285385132,53764,53774,10
12.9099903107,80.2287368774,53774,53784,10
12.911359787,80.2289505005,53784,53794,10
12.912730217,80.2291412354,53794,53804,10
12.9136800766,80.2292327881,53804,53815,11
12.9139003754,80.2292480469,53815,53825,10
12.9141902924,80.229309082,53825,53835,10
12.9147796631,80.2294082642,53835,53845,10
12.9156599045,80.2295227051,53845,53855,10
12.9167804718,80.2296600342,53855,53865,10
12.9180698395,80.229850769,53865,53875,10
12.9194002151,80.2300186157,53875,53885,10
12.9208297729,80.2301712036,53885,53895,10
12.9223003387,80.2303771973,53895,53906,11
12.9239997864,80.2306594849,53906,53916,10
12.9255895615,80.2308578491,53916,53926,10
12.9272403717,80.2310562134,53926,53936,10
12.9286699295,80.2312393188,53936,53946,10
12.9297800064,80.2314529419,53946,53956,10
12.9309501648,80.2317733765,53956,53966,10
12.9321203232,80.2321472168,53966,53976,10
12.9332504272,80.2325363159,53976,53986,10
12.9335899353,80.232711792,53986,53997,11
12.9336395264,80.2327575684,53997,54007,10
12.9338998795,80.2329406738,54007,54017,10
12.9345998764,80.233253479,54017,54027,10
12.9354200363,80.2336425781,54027,54037,10
12.9356002808,80.2337112427,54037,54047,10
12.9356803894,80.2337265015,54047,54057,10
12.9360704422,80.2339172363,54057,54067,10
12.9367303848,80.2342300415,54067,54077,10
12.9376096725,80.2346420288,54077,54088,11
12.938750267,80.2351913452,54088,54098,10
12.9396295547,80.2356033325,54098,54108,10
12.9398202896,80.235710144,54108,54118,10
12.9401102066,80.2358322144,54118,54128,10
12.9406099319,80.2359771729,54128,54138,10
12.9416399002,80.2361984253,54138,54148,10
12.9426603317,80.2365112305,54148,54158,10
12.943570137,80.2372283936,54158,54168,10
12.9445495605,80.23828125,54168,54179,11
12.945400238,80.2391204834,54179,54189,10
12.9462604523,80.2395401001,54189,54199,10
12.9472103119,80.2399215698,54199,54209,10
12.9477100372,80.2401199341,54209,54219,10
12.94810009,80.2403030396,54219,54229,10
12.9485502243,80.2404632568,54229,54239,10
12.9485797882,80.2404632568,54239,54249,10
12.9489297867,80.2406005859,54249,54260,11
12.949640274,80.2408905029,54260,54270,10
12.9504995346,80.2411804199,54270,54280,10
12.9515304565,80.2415237427,54280,54290,10
12.9526796341,80.2419433594,54290,54300,10
12.9537496567,80.2423629761,54300,54310,10
12.9546699524,80.242729187,54310,54320,10
12.955329895,80.2429580688,54320,54330,10
12.956319809,80.2433166504,54330,54351,21
12.956319809,80.2433166504,54351,54361,10
12.9565000534,80.2434234619,54361,54371,10
12.9570198059,80.2436676025,54371,54381,10
12.9577999115,80.2440185547,54381,54391,10
12.9587001801,80.2443771362,54391,54401,10
12.9589796066,80.2444992065,54401,54411,10
12.9593496323,80.2446670532,54411,54421,10
12.959980011,80.2449417114,54421,54431,10
12.9607801437,80.2453079224,54431,54442,11
12.9618396759,80.2458190918,54442,54452,10
12.9627199173,80.2462768555,54452,54462,10
12.963259697,80.2465362549,54462,54472,10
12.9638900757,80.2468185425,54472,54482,10
12.9647197723,80.2471389771,54482,54492,10
12.9656400681,80.247428894,54492,54502,10
12.9665298462,80.247756958,54502,54512,10
12.9668798447,80.2479400635,54512,54522,10
12.9670095444,80.248046875,54522,54533,11
12.9675197601,80.248298645,54533,54543,10
12.9683103561,80.2486190796,54543,54553,10
12.9692697525,80.2490005493,54553,54563,10
12.9703702927,80.249420166,54563,54573,10
12.9716396332,80.2498168945,54573,54583,10
12.9729795456,80.2501602173,54583,54593,10
12.9742202759,80.2504882813,54593,54603,10
12.9755001068,80.250831604,54603,54613,10
12.9767198563,80.2511825562,54613,54624,11
12.9778699875,80.2518234253,54624,54634,10
12.9785604477,80.2523193359,54634,54644,10
12.9785900116,80.2523574829,54644,54654,10
12.9793195724,80.2525634766,54654,54674,20
12.9793195724,80.2525634766,54674,54684,10
12.9795999527,80.2526016235,54684,54694,10
12.9800901413,80.2526321411,54694,54704,10
12.9807701111,80.2526321411,54704,54715,11
12.981760025,80.2525787354,54715,54725,10
12.9828395844,80.2525405884,54725,54735,10
12.9840803146,80.2522964478,54735,54745,10
12.9853601456,80.2519683838,54745,54755,10
12.9863300323,80.2517166138,54755,54765,10
12.9869804382,80.2515182495,54765,54775,10
12.9872598648,80.2514266968,54775,54897,122
12.9872598648,80.2514266968,54897,54907,10
12.9874801636,80.2513427734,54907,54917,10
12.9879102707,80.2512512207,54917,54927,10
12.9885902405,80.2511062622,54927,54937,10
12.9894800186,80.2508926392,54937,54947,10
12.989859581,80.2508163452,54947,54957,10
12.990240097,80.2507324219,54957,54967,10
12.9908599854,80.250579834,54967,54978,11
12.9918203354,80.250328064,54978,54988,10
12.9928302765,80.2500991821,54988,54998,10
12.9939804077,80.2498397827,54998,55008,10
12.9951696396,80.2495498657,55008,55018,10
12.9965496063,80.2493896484,55018,55028,10
12.9980401993,80.2489471436,55028,55038,10
12.9996995926,80.2484512329,55038,55048,10
13.0012102127,80.2480392456,55048,55058,10
13.0023803711,80.247718811,55058,55069,11
13.0036897659,80.2474822998,55069,55079,10
13.0049104691,80.2472991943,55079,55089,10
13.005900383,80.2470779419,55089,55099,10
13.006480217,80.2465515137,55099,55109,10
13.0065498352,80.2463302612,55109,55119,10
13.0066099167,80.2459030151,55119,55129,10
13.0066299438,80.2451782227,55129,55139,10
13.0066604614,80.2443389893,55139,55149,10
13.0066404343,80.2434921265,55149,55160,11
13.006649971,80.2425689697,55160,55170,10
13.0066299438,80.2417221069,55170,55180,10
13.0066795349,80.2409515381,55180,55190,10
13.0068101883,80.2401733398,55190,55200,10
13.0069704056,80.2393035889,55200,55210,10
13.0071601868,80.2383422852,55210,55220,10
13.0073204041,80.237411499,55220,55230,10
13.0073795319,80.2367401123,55230,55240,10
13.0074195862,80.2365722656,55240,55251,11
13.0075502396,80.2361373901,55251,55261,10
13.0076999664,80.2354278564,55261,55271,10
13.0078496933,80.2345581055,55271,55281,10
13.0080404282,80.2335205078,55281,55291,10
13.0082998276,80.2322692871,55291,55301,10
13.0086202621,80.2308425903,55301,55311,10
13.0089197159,80.2292709351,55311,55321,10
13.0092401505,80.2279434204,55321,55332,11
13.0099096298,80.2264404297,55332,55342,10
13.0103902817,80.2254486084,55342,55352,10
13.0107002258,80.2246780396,55352,55362,10
13.0111503601,80.2236709595,55362,55382,20
13.0111503601,80.2236709595,55382,55392,10
13.0112695694,80.2234191895,55392,55402,10
13.0115604401,80.2228393555,55402,55412,10
13.0118598938,80.2219467163,55412,55423,11
13.0119800568,80.2217102051,55423,55433,10
13.0120401382,80.2216415405,55433,55443,10
13.012339592,80.2216186523,55443,55453,10
13.0127000809,80.222038269,55453,55463,10
13.0131597519,80.22265625,55463,55473,10
13.0138301849,80.2233581543,55473,55483,10
13.0143604279,80.2239685059,55483,55493,10
13.0149202347,80.2245483398,55493,55503,10
13.0152301788,80.224822998,55503,55514,11
13.0155696869,80.2250976563,55514,55524,10
13.0157203674,80.2251968384,55524,55534,10
13.016289711,80.2253036499,55534,55544,10
13.0171098709,80.2250518799,55544,55554,10
13.017999649,80.2247009277,55554,55564,10
13.0188598633,80.2243804932,55564,55574,10
13.0196695328,80.2244720459,55574,55584,10
13.0200996399,80.2247619629,55584,55594,10
13.0201501846,80.2248382568,55594,55605,11
13.0202302933,80.2249221802,55605,55615,10
13.0206203461,80.225227356,55615,55625,10
13.0210800171,80.2255783081,55625,55635,10
13.0216197968,80.2259521484,55635,55645,10
13.0219497681,80.2261962891,55645,55655,10
13.0224599838,80.2266387939,55655,55665,10
13.0230398178,80.2271881104,55665,55675,10
13.0235900879,80.2276611328,55675,55685,10
13.0241098404,80.2279891968,55685,55706,21
13.0241498947,80.2281417847,55706,55726,20
13.0241498947,80.2281417847,55726,55736,10
13.0242700577,80.2283401489,55736,55787,51
13.0242700577,80.2283401489,55787,55797,10
13.0242099762,80.2285766602,55797,55807,10
13.0239295959,80.2281570435,55807,55817,10
13.0234603882,80.2276611328,55817,55827,10
13.0230998993,80.2273788452,55827,55857,30
13.0230998993,80.2273788452,55857,55868,11
13.022939682,80.227180481,55868,55878,10
13.0227003098,80.2269287109,55878,55888,10
13.0222902298,80.2265319824,55888,55898,10
13.021780014,80.2260971069,55898,55908,10
13.0212602615,80.225692749,55908,55918,10
13.0205698013,80.2251586914,55918,55928,10
13.0199804306,80.2247924805,55928,55938,10
13.0198602676,80.2247085571,55938,55948,10
13.0197896957,80.2246704102,55948,55959,11
13.0194501877,80.2244796753,55959,55969,10
13.0187702179,80.2244491577,55969,55979,10
13.0179100037,80.2248001099,55979,55989,10
13.0169296265,80.2251968384,55989,55999,10
13.0161304474,80.2255172729,55999,56009,10
13.0152902603,80.2258300781,56009,56019,10
13.0143404007,80.2261962891,56019,56039,20
13.0143404007,80.2261962891,56039,56050,11
13.0141201019,80.22631073,56050,56060,10
13.0136604309,80.2265014648,56060,56070,10
13.0130796432,80.2267303467,56070,56080,10
13.0124197006,80.2269973755,56080,56090,10
13.0118598938,80.2272262573,56090,56100,10
13.0112304688,80.2274780273,56100,56110,10
13.0106201172,80.2277526855,56110,56120,10
13.0101003647,80.2279586792,56120,56130,10
13.00963974,80.2281570435,56130,56141,11
13.0092201233,80.2284698486,56141,56151,10
13.0091199875,80.2289505005,56151,56161,10
13.009059906,80.2294006348,56161,56171,10
13.0089797974,80.2298583984,56171,56181,10
13.0088996887,80.2302627563,56181,56191,10
13.0087995529,80.2305908203,56191,56201,10
13.0087404251,80.2308425903,56201,56211,10
13.0087003708,80.2310180664,56211,56221,10
13.0086097717,80.2313537598,56221,56232,11
13.0085201263,80.2320022583,56232,56242,10
13.0083799362,80.2326583862,56242,56252,10
13.0082302094,80.2335205078,56252,56272,20
13.0082302094,80.2335205078,56272,56282,10
13.0081100464,80.2338180542,56282,56292,10
13.0080404282,80.2341537476,56292,56301,9
13.0079402924,80.2346572876,56301,56313,12
13.0077495575,80.2355575562,56313,56323,10
13.0075597763,80.236541748,56323,56333,10
13.0073795319,80.2375335693,56333,56343,10
13.0071802139,80.2385406494,56343,56353,10
13.0070199966,80.2394180298,56353,56363,10
13.0068998337,80.2399291992,56363,56373,10
13.006819725,80.2405700684,56373,56393,20
13.006819725,80.2405700684,56393,56404,11
13.0067300797,80.2411422729,56404,56414,10
13.0067300797,80.2419281006,56414,56424,10
13.0067300797,80.2428512573,56424,56434,10
13.0067901611,80.2439575195,56434,56444,10
13.0067796707,80.2451095581,56444,56454,10
13.0067796707,80.2460784912,56454,56464,10
13.0068101883,80.2467422485,56464,56474,10
13.0067996979,80.2471008301,56474,56484,10
13.0067796707,80.2472000122,56484,56495,11
13.0065498352,80.2473907471,56495,56505,10
13.0060997009,80.2473831177,56505,56525,20
13.0060997009,80.2473831177,56525,56535,10
13.0058898926,80.2473220825,56535,56545,10
13.0054397583,80.2472991943,56545,56555,10
13.0047903061,80.2473220825,56555,56565,10
13.0040998459,80.2474136353,56565,56575,10
13.0033197403,80.2475509644,56575,56586,11
13.0025501251,80.2476577759,56586,56596,10
13.0019102097,80.247833252,56596,56606,10
13.0010795593,80.248046875,56606,56616,10
13.0002098083,80.2482681274,56616,56626,10
12.9992303848,80.2485198975,56626,56636,10
12.9979600906,80.2488937378,56636,56677,41
12.9979600906,80.2488937378,56677,56687,10
12.9975996017,80.2489624023,56687,56697,10
12.9970197678,80.2490921021,56697,56707,10
12.9962902069,80.2492980957,56707,56717,10
12.9954299927,80.2495117188,56717,56727,10
12.9944295883,80.2497787476,56727,56737,10
12.9933004379,80.2500534058,56737,56747,10
12.992099762,80.2503433228,56747,56757,10
12.9911298752,80.250617981,56757,56768,11
12.9907999039,80.2507019043,56768,56778,10
12.9907398224,80.2507019043,56778,56788,10
12.9903202057,80.2508163452,56788,56798,10
12.9896097183,80.2509918213,56798,56808,10
12.9890804291,80.2511367798,56808,56818,10
12.9887504578,80.2512283325,56818,56828,10
12.9881801605,80.2513809204,56828,56838,10
12.9876699448,80.2515029907,56838,56849,11
12.987159729,80.2516021729,56849,56859,10
12.9864501953,80.2518081665,56859,56869,10
12.9855804443,80.2520065308,56869,56879,10
12.9845695496,80.2522888184,56879,56889,10
12.9834403992,80.2526016235,56889,56899,10
12.9823303223,80.2526931763,56899,56909,10
12.9811096191,80.2527313232,56909,56919,10
12.9804697037,80.2527618408,56919,56929,10
12.9799900055,80.2527999878,56929,56939,10
12.9792699814,80.2527236938,56939,56950,11
12.9786300659,80.2526016235,56950,56960,10
12.9786100388,80.2525863647,56960,56970,10
12.9783401489,80.2524032593,56970,56980,10
12.9778604507,80.251991272,56980,56990,10
12.9771995544,80.2514572144,56990,57000,10
12.9762096405,80.251121521,57000,57010,10
12.9750795364,80.2508010864,57010,57020,10
12.9738702774,80.2504730225,57020,57031,11
12.9724998474,80.2500915527,57031,57041,10
12.9712600708,80.2497711182,57041,57051,10
12.9699897766,80.2493591309,57051,57061,10
12.96875,80.2488708496,57061,57071,10
12.9676303864,80.2484207153,57071,57081,10
12.9667701721,80.2480392456,57081,57091,10
12.966050148,80.2477035522,57091,57101,10
12.9653596878,80.2474594116,57101,57111,10
12.9651498795,80.2473831177,57111,57122,11
12.9651002884,80.2473678589,57122,57132,10
12.9647197723,80.2472229004,57132,57142,10
12.9638900757,80.2469329834,57142,57162,20
12.9638900757,80.2469329834,57162,57172,10
12.9636497498,80.2468338013,57172,57182,10
12.9631099701,80.2465209961,57182,57192,10
12.9623403549,80.246131897,57192,57202,10
12.9614601135,80.2456970215,57202,57213,11
12.9605102539,80.245262146,57213,57223,10
12.959690094,80.2449264526,57223,57233,10
12.9590902328,80.2446670532,57233,57243,10
12.9589796066,80.2446289063,57243,57253,10
12.9585399628,80.2444229126,57253,57263,10
12.9578895569,80.244140625,57263,57273,10
12.9568099976,80.2437362671,57273,57334,61
12.9568099976,80.2437362671,57334,57344,10
12.9564599991,80.2436599731,57344,57354,10
12.9563598633,80.2436294556,57354,57364,10
12.9559402466,80.2434310913,57364,57374,10
12.9553003311,80.2431030273,57374,57385,11
12.9544000626,80.2427368164,57385,57395,10
12.9534702301,80.2423400879,57395,57405,10
12.952460289,80.2419433594,57405,57415,10
12.9517002106,80.2416763306,57415,57425,10
12.9515399933,80.2416229248,57425,57435,10
12.9511203766,80.2414398193,57435,57445,10
12.9504404068,80.2412185669,57445,57455,10
12.9496603012,80.2410202026,57455,57465,10
12.9494104385,80.2409286499,57465,57476,11
12.9492902756,80.2408905029,57476,57486,10
12.9488897324,80.240737915,57486,57496,10
12.9483203888,80.2404937744,57496,57506,10
12.9475698471,80.2401733398,57506,57516,10
12.9468898773,80.2399215698,57516,57526,10
12.9467201233,80.2398529053,57526,57536,10
12.946269989,80.2396621704,57536,57546,10
12.9456195831,80.2393798828,57546,57556,10
12.9449195862,80.2388381958,57556,57567,11
12.944149971,80.237991333,57567,57577,10
12.943479538,80.2372589111,57577,57587,10
12.9428796768,80.2367172241,57587,57597,10
12.9419603348,80.236328125,57597,57607,10
12.940870285,80.2360687256,57607,57617,10
12.9399595261,80.2358398438,57617,57627,10
12.9397802353,80.2357711792,57627,57637,10
12.9397497177,80.2357635498,57637,57647,10
12.9393796921,80.2355804443,57647,57658,11
12.9386301041,80.2351989746,57658,57668,10
12.9377698898,80.2347793579,57668,57678,10
12.9367904663,80.2342987061,57678,57688,10
12.9357404709,80.2337799072,57688,57698,10
12.9346199036,80.2332763672,57698,57708,10
12.9338598251,80.2329406738,57708,57718,10
12.9338102341,80.2329177856,57718,57728,10
12.9334697723,80.232749939,57728,57738,10
12.9328699112,80.2324829102,57738,57749,11
12.9320201874,80.232170105,57749,57759,10
12.9310703278,80.2318496704,57759,57769,10
12.9299898148,80.2315292358,57769,57779,10
12.9288101196,80.2312774658,57779,57789,10
12.9275197983,80.2311019897,57789,57799,10
12.9264297485,80.2309875488,57799,57809,10
12.9260797501,80.23097229,57809,57819,10
12.9258804321,80.2309494019,57819,57829,10
12.925359726,80.2308578491,57829,57840,11
12.9245901108,80.230758667,57840,57850,10
12.923789978,80.2306594849,57850,57860,10
12.9228401184,80.2305374146,57860,57870,10
12.9217195511,80.2303619385,57870,57880,10
12.9204797745,80.2302017212,57880,57890,10
12.9193201065,80.2300567627,57890,57900,10
12.9181699753,80.2299423218,57900,57910,10
12.9168796539,80.2297592163,57910,57921,11
12.9153203964,80.2295379639,57921,57931,10
12.9140701294,80.229347229,57931,57941,10
12.9133996964,80.2293395996,57941,57951,10
12.9132299423,80.229309082,57951,57961,10
12.9130296707,80.2292480469,57961,57971,10
12.9125003815,80.2291412354,57971,57981,10
12.9117202759,80.2290267944,57981,57991,10
12.9107999802,80.2288970947,57991,58001,10
12.9097299576,80.2287368774,58001,58012,11
12.9084701538,80.2285385132,58012,58022,10
12.9074697495,80.2284011841,58022,58032,10
12.9068603516,80.2283401489,58032,58042,10
12.9062795639,80.2283096313,58042,58052,10
12.906129837,80.228302002,58052,58062,10
12.9056196213,80.2282714844,58062,58072,10
12.9048204422,80.2282180786,58072,58082,10
12.9041204453,80.2281723022,58082,58092,10
12.9033498764,80.2281265259,58092,58103,11
12.9020299911,80.2280731201,58103,58123,20
12.9020299911,80.2280731201,58123,58133,10
12.9019804001,80.2280807495,58133,58143,10
12.9016199112,80.2280502319,58143,58153,10
12.9011497498,80.2280273438,58153,58163,10
12.900759697,80.2279815674,58163,58173,10
12.9002304077,80.2279510498,58173,58183,10
12.8996400833,80.2279205322,58183,58194,11
12.8994998932,80.2279205322,58194,58203,9
12.899430275,80.2279205322,58203,58214,11
12.8993301392,80.2279129028,58214,58224,10
12.898900032,80.2278671265,58224,58234,10
12.8981800079,80.2278213501,58234,58244,10
12.8972396851,80.2277832031,58244,58254,10
12.8961000443,80.2277374268,58254,58264,10
12.8948802948,80.2276992798,58264,58274,10
12.8937196732,80.2276077271,58274,58285,11
12.8928899765,80.2275238037,58285,58295,10
12.8925695419,80.2274780273,58295,58305,10
12.8920602798,80.2274169922,58305,58315,10
12.8913097382,80.2274017334,58315,58325,10
12.8903398514,80.2274017334,58325,58335,10
12.8891897202,80.2274017334,58335,58345,10
12.8879098892,80.2273101807,58345,58355,10
12.8866195679,80.2270889282,58355,58365,10
12.8852996826,80.2267990112,58365,58376,11
12.8846998215,80.2267532349,58376,58386,10
12.8843803406,80.2267532349,58386,58396,10
12.8837404251,80.2267532349,58396,58406,10
12.882900238,80.2267532349,58406,58416,10
12.8818998337,80.2267608643,58416,58426,10
12.8807401657,80.2267608643,58426,58436,10
12.8794603348,80.2267684937,58436,58446,10
12.8781204224,80.2268371582,58446,58457,11
12.8768997192,80.2269668579,58457,58467,10
12.8764400482,80.2270126343,58467,58477,10
12.8763904572,80.2270126343,58477,58487,10
12.8759899139,80.2270126343,58487,58497,10
12.8753404617,80.2269668579,58497,58507,10
12.8744802475,80.2268600464,58507,58517,10
12.873459816,80.2267608643,58517,58527,10
12.872879982,80.2267379761,58527,58537,10
12.8726396561,80.2267303467,58537,58548,11
12.8726196289,80.2267303467,58548,58558,10
12.8725700378,80.2267303467,58558,58568,10
12.8721399307,80.2267227173,58568,58578,10
12.8713598251,80.2266769409,58578,58588,10
12.8703899384,80.2266235352,58588,58598,10
12.8692798615,80.2264862061,58598,58608,10
12.8680295944,80.2264099121,58608,58618,10
12.8666801453,80.2265396118,58618,58628,10
12.8652696609,80.2265930176,58628,58639,11
12.8636302948,80.2265396118,58639,58649,10
12.8621702194,80.2265777588,58649,58659,10
12.8610401154,80.2266235352,58659,58669,10
12.8607997894,80.2266082764,58669,58679,10
12.8605699539,80.2265930176,58679,58689,10
12.8599796295,80.2265014648,58689,58699,10
12.8591499329,80.2263717651,58699,58709,10
12.8583297729,80.2262802124,58709,58719,10
12.8573799133,80.2262878418,58719,58730,11
12.8562002182,80.2264099121,58730,58740,10
12.855099678,80.2265319824,58740,58750,10
12.8539495468,80.2266311646,58750,58760,10
12.8527498245,80.2266998291,58760,58770,10
12.8514499664,80.2266616821,58770,58780,10
12.8502702713,80.2266387939,58780,58790,10
12.8498802185,80.2266387939,58790,58800,10
12.8496303558,80.2266235352,58800,58810,10
12.8490400314,80.2266082764,58810,58821,11
12.8480701447,80.2266082764,58821,58831,10
12.8469400406,80.2266235352,58831,58841,10
12.8454504013,80.2266387939,58841,58861,20
12.8454504013,80.2266387939,58861,58871,10
12.8452501297,80.2266387939,58871,58881,10
12.8446598053,80.2266616821,58881,58891,10
12.843870163,80.2267303467,58891,58901,10
12.8428697586,80.2268829346,58901,58912,11
12.8415803909,80.2271881104,58912,58922,10
12.8404102325,80.2275085449,58922,58932,10
12.8398199081,80.2276611328,58932,58942,10
12.839509964,80.2277526855,58942,58952,10
12.8389596939,80.2279129028,58952,58962,10
12.8381795883,80.2281112671,58962,58972,10
12.8372297287,80.2282867432,58972,58982,10
12.8361101151,80.2284622192,58982,58992,10
12.834690094,80.2286834717,58992,59003,11
12.8333902359,80.2289199829,59003,59013,10
12.8323802948,80.229133606,59013,59023,10
12.8321504593,80.2291717529,59023,59033,10
12.8319501877,80.2292098999,59033,59043,10
12.8315200806,80.2293014526,59043,59053,10
12.8308601379,80.2295227051,59053,59063,10
12.8299999237,80.2298202515,59063,59073,10
12.8290596008,80.23021698,59073,59084,11
12.8280296326,80.2307815552,59084,59094,10
12.8271799088,80.2312088013,59094,59104,10
12.8263301849,80.2313690186,59104,59114,10
12.8253002167,80.2314300537,59114,59124,10
12.8242797852,80.2313079834,59124,59134,10
12.8231401443,80.2310028076,59134,59144,10
12.8219003677,80.2305908203,59144,59154,10
12.820520401,80.2304763794,59154,59164,10
12.8192596436,80.2305221558,59164,59175,11
12.818860054,80.2304992676,59175,59185,10
12.8186197281,80.2304000854,59185,59195,10
12.8180398941,80.2301025391,59195,59205,10
12.8172101974,80.2297286987,59205,59215,10
12.8161401749,80.2294692993,59215,59225,10
12.8149003983,80.2292785645,59225,59235,10
12.8135995865,80.2289962769,59235,59245,10
12.8124198914,80.2286224365,59245,59255,10
12.8111696243,80.2281799316,59255,59266,11
12.8098802567,80.2276077271,59266,59276,10
12.8087797165,80.2269363403,59276,59286,10
12.8077402115,80.2260818481,59286,59296,10
12.8068199158,80.2252807617,59296,59306,10
12.8060998917,80.2246398926,59306,59316,10
12.8054103851,80.2241210938,59316,59326,10
12.8049201965,80.2240066528,59326,59336,10
12.804889679,80.2239990234,59336,59346,10
12.8045101166,80.2239227295,59346,59357,11
12.8037996292,80.2238693237,59357,59367,10
12.8030004501,80.2238006592,59367,59377,10
12.8020296097,80.2236709595,59377,59387,10
12.8008804321,80.2235794067,59387,59407,20
12.8008804321,80.2235794067,59407,59417,10
12.8006000519,80.2235717773,59417,59427,10
12.8001003265,80.2235336304,59427,59437,10
12.7994098663,80.2234725952,59437,59448,11
12.7984399796,80.2233810425,59448,59458,10
12.7975702286,80.2232666016,59458,59468,10
12.7967796326,80.2231292725,59468,59478,10
12.7960500717,80.2229919434,59478,59488,10
12.7958498001,80.2229614258,59488,59498,10
12.795800209,80.2229385376,59498,59508,10
12.795419693,80.222869873,59508,59518,10
12.7947797775,80.2227401733,59518,59529,11
12.7938804626,80.2226028442,59529,59539,10
12.7929201126,80.2224578857,59539,59549,10
12.7918395996,80.2222290039,59549,59559,10
12.7906799316,80.2219467163,59559,59569,10
12.7896299362,80.2216873169,59569,59579,10
12.7888097763,80.2213668823,59579,59589,10
12.788020134,80.2210464478,59589,59599,10
12.7873401642,80.2208023071,59599,59609,10
12.7865800858,80.2205200195,59609,59640,31
12.7865800858,80.2205200195,59640,59650,10
12.7863397598,80.2204437256,59650,59670,20
12.7863397598,80.2204437256,59670,59680,10
12.7862195969,80.2203903198,59680,59690,10
12.7861700058,80.2204208374,59690,59700,10
12.7861795425,80.2205505371,59700,59711,11
12.7861995697,80.2208862305,59711,59721,10
12.786239624,80.2212295532,59721,59731,10
12.7862796783,80.2216796875,59731,59741,10
12.7862997055,80.222038269,59741,60439,698
12.7862997055,80.222038269,60439,60449,10
12.7862796783,80.2217330933,60449,60459,10
12.7862195969,80.2215270996,60459,60469,10
12.786190033,80.2213516235,60469,60479,10
12.7861995697,80.2211380005,60479,60489,10
12.7861795425,80.2208633423,60489,60500,11
12.7861604691,80.2205505371,60500,60510,10
12.7862596512,80.2203826904,60510,60520,10
12.7864904404,80.2204818726,60520,60530,10
12.7867498398,80.2205734253,60530,60540,10
12.786860466,80.2206115723,60540,60550,10
12.7871999741,80.2207565308,60550,60560,10
12.7877902985,80.2209777832,60560,60570,10
12.788479805,80.2212600708,60570,60580,10
12.7892599106,80.2215423584,60580,60591,11
12.7899599075,80.2217712402,60591,60601,10
12.7906198502,80.2219390869,60601,60611,10
12.7915000916,80.2221603394,60611,60621,10
12.7926397324,80.2224197388,60621,60631,10
12.7939596176,80.222618103,60631,60641,10
12.7952604294,80.2228164673,60641,60651,10
12.7961502075,80.2229614258,60651,60661,10
12.7965202332,80.2229995728,60661,60671,10
12.7968997955,80.2230987549,60671,60682,11
12.7976799011,80.2232589722,60682,60692,10
12.7985296249,80.2233581543,60692,60702,10
12.799539566,80.2234573364,60702,60712,10
12.8007202148,80.2235412598,60712,60722,10
12.8015098572,80.2236175537,60722,60732,10
12.801609993,80.2236175537,60732,60742,10
12.8018598557,80.2236404419,60742,60752,10
12.8024501801,80.2237167358,60752,60762,10
12.8031597137,80.2238311768,60762,60773,11
12.8038902283,80.2238922119,60773,60783,10
12.8042201996,80.2239074707,60783,60793,10
12.8044996262,80.2239303589,60793,60803,10
12.8047704697,80.2239685059,60803,60813,10
12.8049497604,80.2240066528,60813,60823,10
12.8052396774,80.2240829468,60823,60833,10
12.8055200577,80.2241668701,60833,60843,10
12.8056297302,80.2242507935,60843,60853,10
12.8060503006,80.2245788574,60853,60864,11
12.8067302704,80.2251663208,60864,60874,10
12.8074302673,80.225769043,60874,60884,10
12.8081798553,80.2264022827,60884,60894,10
12.8089799881,80.2270812988,60894,60904,10
12.8099098206,80.2276306152,60904,60914,10
12.8107404709,80.2279891968,60914,60924,10
12.8117198944,80.2283477783,60924,60934,10
12.8128099442,80.2287597656,60934,60944,10
12.8138799667,80.2290878296,60944,60955,11
12.8152103424,80.2293319702,60955,60965,10
12.8160896301,80.2294692993,60965,60975,10
12.8170795441,80.2296600342,60975,60985,10
12.8180103302,80.2300415039,60985,60995,10
12.8188495636,80.2304229736,60995,61005,10
12.8197097778,80.23046875,61005,61015,10
12.8201198578,80.2304534912,61015,61025,10
12.8207302094,80.230430603,61025,61036,11
12.8217096329,80.2304992676,61036,61046,10
12.8227701187,80.230796814,61046,61056,10
12.8238697052,80.2311172485,61056,61066,10
12.8249998093,80.2313766479,61066,61076,10
12.8262395859,80.2313537598,61076,61086,10
12.8274497986,80.231086731,61086,61096,10
12.8285503387,80.2304763794,61096,61106,10
12.8296403885,80.2299804688,61106,61116,10
12.8311395645,80.2293624878,61116,61137,21
12.8311395645,80.2293624878,61137,61147,10
12.8313999176,80.2292709351,61147,61157,10
12.8319597244,80.2291412354,61157,61167,10
12.8326997757,80.2289886475,61167,61177,10
12.8336801529,80.2288513184,61177,61187,10
12.834859848,80.2286300659,61187,61197,10
12.8361196518,80.2284393311,61197,61207,10
12.8374204636,80.2282409668,61207,61218,11
12.8387002945,80.2279510498,61218,61228,10
12.8392801285,80.2277832031,61228,61288,60
12.8392801285,80.2277832031,61288,61298,10
12.8398799896,80.2276000977,61298,61309,11
12.8405799866,80.2274627686,61309,61319,10
12.8414201736,80.2272415161,61319,61329,10
12.8424100876,80.2269897461,61329,61339,10
12.8435897827,80.2267837524,61339,61349,10
12.8447999954,80.2266235352,61349,61359,10
12.8453798294,80.2265701294,61359,61369,10
12.8455200195,80.2265701294,61369,61379,10
12.845700264,80.2265777588,61379,61389,10
12.8461303711,80.226600647,61389,61400,11
12.8469600677,80.2266082764,61400,61410,10
12.8479204178,80.226600647,61410,61420,10
12.8490200043,80.226600647,61420,61430,10
12.8500299454,80.2265396118,61430,61440,10
12.8501996994,80.2265319824,61440,61450,10
12.8506097794,80.2265396118,61450,61460,10
12.8513402939,80.2265777588,61460,61470,10
12.8522701263,80.2266235352,61470,61480,10
12.8534002304,80.2266464233,61480,61491,11
12.8547897339,80.2265319824,61491,61501,10
12.8561401367,80.2263793945,61501,61511,10
12.8575201035,80.2262420654,61511,61521,10
12.8584699631,80.2262191772,61521,61531,10
12.8593797684,80.2263183594,61531,61541,10
12.8604898453,80.2265014648,61541,61551,10
12.8617601395,80.2265625,61551,61561,10
12.8631401062,80.2265014648,61561,61572,11
12.8645601273,80.2265396118,61572,61582,10
12.8658103943,80.2265777588,61582,61592,10
12.8671503067,80.2264709473,61592,61602,10
12.868639946,80.2263793945,61602,61612,10
12.8701400757,80.2265396118,61612,61622,10
12.8716201782,80.2266464233,61622,61632,10
12.8727502823,80.2266464233,61632,61643,11
12.8738203049,80.2267303467,61643,61652,9
12.8749799728,80.226852417,61652,61664,12
12.8756799698,80.2268981934,61664,61674,10
12.875869751,80.2268981934,61674,61684,10
12.8759202957,80.2268981934,61684,61694,10
12.8760995865,80.2268981934,61694,61704,10
12.8763198853,80.2268981934,61704,61734,30
12.8763198853,80.2268981934,61734,61744,10
12.8765201569,80.2268829346,61744,61755,11
12.8767700195,80.2268829346,61755,61765,10
12.876999855,80.2268829346,61765,61775,10
12.8776102066,80.226852417,61775,61785,10
12.8785200119,80.2267990112,61785,61795,10
12.879650116,80.2267379761,61795,61805,10
12.8809700012,80.2267227173,61805,61815,10
12.8824396133,80.2266998291,61815,61825,10
12.8838996887,80.2266769409,61825,61835,10
12.8849401474,80.2266693115,61835,61846,11
12.8856496811,80.2267837524,61846,61856,10
12.8864803314,80.2269973755,61856,61866,10
12.8875198364,80.2272186279,61866,61876,10
12.8887395859,80.2273406982,61876,61886,10
12.8901500702,80.2273406982,61886,61896,10
12.8916301727,80.2273330688,61896,61906,10
12.8927097321,80.2273788452,61906,61916,10
12.8937797546,80.2275390625,61916,61926,10
12.8951702118,80.2276306152,61926,61937,11
12.8965797424,80.2276992798,61937,61947,10
12.8979196548,80.2277603149,61947,61957,10
12.8990497589,80.2278289795,61957,61967,10
12.9006204605,80.2279205322,61967,62028,61
12.9006204605,80.2279205322,62028,62038,10
12.9009399414,80.2279510498,62038,62048,10
12.9014396667,80.2279815674,62048,62058,10
12.902179718,80.2280273438,62058,62068,10
12.9029102325,80.2280197144,62068,62078,10
12.9033098221,80.2280502319,62078,62088,10
12.9040298462,80.2281036377,62088,62098,10
12.9049596786,80.2281417847,62098,62109,11
12.9060497284,80.2282028198,62109,62119,10
12.9064502716,80.2282104492,62119,62129,10
12.9069499969,80.2282562256,62129,62139,10
12.9070796967,80.2282791138,62139,62149,10
12.9075202942,80.2283325195,62149,62159,10
12.9082899094,80.2284698486,62159,62169,10
12.9092702866,80.2286376953,62169,62179,10
12.9104499817,80.2288513184,62179,62189,10
12.9117603302,80.2290420532,62189,62200,11
12.9137802124,80.2292709351,62200,62220,20
12.9137802124,80.2292709351,62220,62230,10
12.9139995575,80.2293167114,62230,62240,10
12.9145698547,80.2294235229,62240,62250,10
12.9153699875,80.2295379639,62250,62260,10
12.9163703918,80.2296981812,62260,62270,10
12.9175395966,80.2298583984,62270,62280,10
12.9187602997,80.2300109863,62280,62291,11
12.9196796417,80.2301101685,62291,62301,10
12.9206695557,80.2302322388,62301,62311,10
12.9217996597,80.2304000854,62311,62321,10
12.9230804443,80.2306137085,62321,62331,10
12.9244003296,80.230758667,62331,62341,10
12.9254598618,80.2308883667,62341,62351,10
12.9263801575,80.2310180664,62351,62361,10
12.9272603989,80.2311325073,62361,62371,10
12.9281997681,80.2312393188,62371,62382,11
12.9289598465,80.2313613892,62382,62392,10
12.9297599792,80.2315216064,62392,62402,10
12.9307203293,80.2317581177,62402,62412,10
12.9318599701,80.2321166992,62412,62422,10
12.9330396652,80.2324905396,62422,62432,10
12.9336204529,80.232749939,62432,62442,10
12.9336500168,80.2327575684,62442,62452,10
12.9339799881,80.2329483032,62452,62463,11
12.9347000122,80.2332687378,62463,62473,10
12.9355201721,80.2336502075,62473,62483,10
12.9364900589,80.2341308594,62483,62493,10
12.9376602173,80.2346878052,62493,62503,10
12.9389095306,80.2352600098,62503,62513,10
12.9394903183,80.2355728149,62513,62523,10
12.939620018,80.2356491089,62523,62533,10
12.9400901794,80.2358779907,62533,62543,10
12.9408998489,80.2361068726,62543,62554,11
12.9420099258,80.236366272,62554,62564,10
12.9430799484,80.2368392944,62564,62574,10
12.9440097809,80.2377471924,62574,62584,10
12.9449596405,80.2388000488,62584,62594,10
12.946100235,80.2395782471,62594,62604,10
12.9469900131,80.2399520874,62604,62614,10
12.947429657,80.2401123047,62614,62624,10
12.9476003647,80.2401580811,62624,62634,10
12.9479999542,80.2403411865,62634,62645,11
12.9486503601,80.2405319214,62645,62655,10
12.9491996765,80.2407836914,62655,62665,10
12.9498996735,80.2410507202,62665,62675,10
12.9507303238,80.2413024902,62675,62685,10
12.9515104294,80.2415237427,62685,62695,10
12.9522104263,80.2417984009,62695,62705,10
12.9530601501,80.2421569824,62705,62715,10
12.9540596008,80.2425613403,62715,62725,10
12.9549598694,80.2428970337,62725,62736,11
12.955909729,80.2432098389,62736,62746,10
12.9563903809,80.2433776855,62746,62756,10
12.956700325,80.2435302734,62756,62766,10
12.9573001862,80.2438430786,62766,62776,10
12.9581098557,80.2442016602,62776,62786,10
12.9588699341,80.2444915771,62786,62796,10
12.9589996338,80.2445526123,62796,62806,10
12.9593896866,80.244758606,62806,62816,10
12.9600696564,80.2450790405,62816,62827,11
12.9610300064,80.2455215454,62827,62837,10
12.9620399475,80.2460174561,62837,62847,10
12.9625902176,80.2462921143,62847,62857,10
12.96296978,80.2464981079,62857,62867,10
12.9635400772,80.2467803955,62867,62877,10
12.9643096924,80.2470703125,62877,62887,10
12.9651498795,80.2473602295,62887,62897,10
12.9664297104,80.2478027344,62897,62918,21
12.9664297104,80.2478027344,62918,62928,10
12.9664697647,80.2478179932,62928,62938,10
12.9668197632,80.2480316162,62938,62948,10
12.9674196243,80.248336792,62948,62958,10
12.9682998657,80.2486801147,62958,62968,10
12.9693403244,80.2490997314,62968,62978,10
12.9705200195,80.2495574951,62978,62989,11
12.9719800949,80.2499694824,62989,63001,12
12.9735498428,80.2503814697,63001,63011,10
12.9748001099,80.2507324219,63011,63021,10
12.9760599136,80.2510910034,63021,63031,10
12.9771203995,80.2514190674,63031,63041,10
12.9780197144,80.2520599365,63041,63051,10
12.9786996841,80.2524795532,63051,63060,9
12.9788103104,80.252532959,63060,63071,11
12.979180336,80.2526397705,63071,63081,10
12.9800596237,80.2526931763,63081,63092,11
12.9807500839,80.2526626587,63092,63102,10
12.9815101624,80.2526473999,63102,63112,10
12.9822702408,80.2526321411,63112,63122,10
12.9832201004,80.2525634766,63122,63132,10
12.9841804504,80.2523269653,63132,63142,10
12.9850997925,80.2520523071,63142,63425,283
12.9850997925,80.2520523071,63425,63435,10
12.9852695465,80.2519989014,63435,63446,11
12.9856700897,80.2518920898,63446,63456,10
12.9861097336,80.2517929077,63456,63466,10
12.986579895,80.2516708374,63466,63476,10
12.9871196747,80.2515182495,63476,63486,10
12.9877700806,80.2513504028,63486,63496,10
12.9885101318,80.2511825562,63496,63506,10
12.9893198013,80.2509384155,63506,63516,10
12.9895401001,80.2508621216,63516,63526,10
12.9897499084,80.2508392334,63526,63537,11
12.9903001785,80.2507324219,63537,63547,10
12.9910802841,80.250541687,63547,63557,10
12.9919900894,80.2503204346,63557,63567,10
12.9930801392,80.2500534058,63567,63577,10
12.9942998886,80.2497406006,63577,63587,10
12.9956102371,80.2494277954,63587,63597,10
12.9968595505,80.2490463257,63597,63607,10
12.9975099564,80.2488708496,63607,63618,11
12.9976997375,80.2488174438,63618,63628,10
12.9982500076,80.2486801147,63628,63638,10
12.9990501404,80.2484893799,63638,63648,10
13.0000095367,80.248260498,63648,63658,10
13.0010404587,80.2479934692,63658,63668,10
13.0015802383,80.2477874756,63668,63678,10
13.0023002625,80.2476196289,63678,63688,10
13.0029802322,80.2475509644,63688,63698,10
13.0038204193,80.247428894,63698,63709,11
13.0048999786,80.2473068237,63709,63719,10
13.0056400299,80.2471389771,63719,63729,10
13.0062198639,80.2469024658,63729,63739,10
13.006480217,80.2465896606,63739,63749,10
13.0065498352,80.2463912964,63749,63759,10
13.0066099167,80.2460784912,63759,63769,10
13.0066404343,80.2454299927,63769,63779,10
13.0066299438,80.244720459,63779,63789,10
13.0066099167,80.2443771362,63789,63800,11
13.0066099167,80.2439880371,63800,63810,10
13.0066003799,80.2436599731,63810,63820,10
13.0065803528,80.2432632446,63820,63830,10
13.0066299438,80.2428207397,63830,63840,10
13.0066299438,80.2420578003,63840,63850,10
13.0066604614,80.2412033081,63850,63860,10
13.0067796707,80.2404403687,63860,63870,10
13.0068998337,80.2397613525,63870,63880,10
13.007060051,80.2389831543,63880,63891,11
13.0072202682,80.2381362915,63891,63901,10
13.0073299408,80.237449646,63901,63911,10
13.0074596405,80.2367477417,63911,63921,10
13.0074701309,80.2367172241,63921,63931,10
13.0075397491,80.2363815308,63931,63941,10
13.0076799393,80.2357330322,63941,63951,10
13.0078401566,80.234916687,63951,63961,10
13.008020401,80.2340621948,63961,63971,10
13.0081996918,80.2331237793,63971,63982,11
13.0084495544,80.2317962646,63982,63992,10
13.0086803436,80.2305221558,63992,64002,10
13.0089101791,80.2293701172,64002,64012,10
13.0091199875,80.2284011841,64012,64022,10
13.0094203949,80.2275619507,64022,64032,10
13.0097799301,80.2267379761,64032,64042,10
13.0101499557,80.2260437012,64042,64052,10
13.0103797913,80.2254714966,64052,64063,11
13.0104503632,80.2252883911,64063,64073,10
13.0105104446,80.225227356,64073,64083,10
13.0106801987,80.2249069214,64083,64093,10
13.0108804703,80.2244262695,64093,64103,10
13.011179924,80.2238616943,64103,64113,10
13.011300087,80.2235794067,64113,64123,10
13.0114803314,80.2231216431,64123,64133,10
13.0117797852,80.2222595215,64133,64143,10
13.0121498108,80.2215194702,64143,64154,11
13.0124197006,80.2217407227,64154,64164,10
13.0128297806,80.2222290039,64164,64174,10
13.013299942,80.2227401733,64174,64184,10
13.0137996674,80.2232818604,64184,64194,10
13.0141401291,80.2237091064,64194,64204,10
13.0146398544,80.2241897583,64204,64214,10
13.0151996613,80.2247619629,64214,64224,10
13.0156698227,80.225151062,64224,64234,10
13.0156898499,80.2251586914,64234,64245,11
13.015999794,80.2253723145,64245,64255,10
13.0166702271,80.2253036499,64255,64265,10
13.0175304413,80.224937439,64265,64275,10
13.0184402466,80.2245635986,64275,64285,10
13.0195398331,80.2244262695,64285,64325,40
13.0195398331,80.2244262695,64325,64336,11
13.0197696686,80.2246170044,64336,64346,10
13.0201702118,80.224899292,64346,64356,10
13.0207004547,80.2252807617,64356,64366,10
13.0212697983,80.2257003784,64366,64376,10
13.0216999054,80.2260513306,64376,64386,10
13.0222101212,80.2264480591,64386,64396,10
13.0228900909,80.2270431519,64396,64406,10
13.0235595703,80.2276611328,64406,64416,10
13.0240802765,80.2281265259,64416,64427,11
13.0241699219,80.2282333374,64427,64437,10
13.0244102478,80.2285003662,64437,64508,71
13.0244102478,80.2285003662,64508,64518,10
13.0244102478,80.2286071777,64518,64528,10
13.024140358,80.228553772,64528,64538,10
13.0238103867,80.2280731201,64538,64548,10
13.0233802795,80.2276306152,64548,64588,40
13.0233802795,80.2276306152,64588,64599,11
13.0231800079,80.2274169922,64599,64629,30
13.0231800079,80.2274169922,64629,64639,10
13.0230998993,80.2273101807,64639,64649,10
13.0228204727,80.2270278931,64649,64659,10
13.0225400925,80.2267303467,64659,64669,10
13.0221099854,80.2263793945,64669,64679,10
13.0215301514,80.2259216309,64679,64690,11
13.0210800171,80.2255630493,64690,64700,10
13.0206604004,80.2252731323,64700,64710,10
13.0199804306,80.2248306274,64710,64740,30
13.0199804306,80.2248306274,64740,64750,10
13.019780159,80.2247314453,64750,64760,10
13.0193395615,80.2245025635,64760,64770,10
13.0186395645,80.2245178223,64770,64781,11
13.0178003311,80.2248535156,64781,64791,10
13.0170001984,80.2251968384,64791,64801,10
13.0163898468,80.225440979,64801,64811,10
13.0158996582,80.2256164551,64811,64821,10
13.0153102875,80.2258529663,64821,64831,10
13.0149402618,80.2260284424,64831,64841,10
13.0148096085,80.2260818481,64841,64851,10
13.0142602921,80.2262802124,64851,64872,21
13.0142602921,80.2262802124,64872,64882,10
13.0140199661,80.2263870239,64882,64892,10
13.0135698318,80.2265625,64892,64902,10
13.0130300522,80.2267608643,64902,64912,10
13.0124397278,80.2269897461,64912,64922,10
13.0118598938,80.2272186279,64922,64932,10
13.0112495422,80.2274780273,64932,64942,10
13.0106401443,80.2277297974,64942,64953,11
13.0100297928,80.2279815674,64953,64963,10
13.0094499588,80.2282485962,64963,64973,10
13.0091495514,80.228729248,64973,64983,10
13.0090799332,80.2291564941,64983,64993,10
13.0089902878,80.229598999,64993,65003,10
13.0088996887,80.2300567627,65003,65013,10
13.0088300705,80.2304077148,65013,65023,10
13.0087499619,80.2308425903,65023,65033,10
13.0085897446,80.231552124,65033,65044,11
13.0084199905,80.2324523926,65044,65054,10
13.0082502365,80.233543396,65054,65074,20
13.0082502365,80.233543396,65074,65084,10
13.0081501007,80.2338409424,65084,65094,10
13.0080699921,80.2341690063,65094,65104,10
13.0079603195,80.2347335815,65104,65114,10
13.0078201294,80.2354202271,65114,65124,10
13.0076904297,80.2361221313,65124,65135,11
13.0075798035,80.236656189,65135,65145,10
13.007519722,80.2369384766,65145,65155,10
13.0074501038,80.2372665405,65155,65165,10
13.0073900223,80.2375793457,65165,65175,10
13.0073204041,80.23802948,65175,65185,10
13.0072202682,80.2385177612,65185,65195,10
13.0071001053,80.2390670776,65195,65205,10
13.0069704056,80.239730835,65205,65337,132
13.0069704056,80.239730835,65337,65347,10
13.0068702698,80.2401885986,65347,65357,10
13.0067596436,80.2408905029,65357,65377,20
13.0067596436,80.2408905029,65377,65387,10
13.0067300797,80.2411193848,65387,65398,11
13.0067195892,80.2418518066,65398,65408,10
13.0067100525,80.2426605225,65408,65418,10
13.0066900253,80.2428588867,65418,65428,10
13.0066995621,80.2431716919,65428,65438,10
13.0066995621,80.2432403564,65438,65448,10
13.0066900253,80.2434997559,65448,65458,10
13.0066795349,80.2438583374,65458,65468,10
13.0067100525,80.2443237305,65468,65478,10
13.0067195892,80.244720459,65478,65489,11
13.0067300797,80.2452163696,65489,65499,10
13.0067195892,80.2455291748,65499,65509,10
13.0067300797,80.2457733154,65509,65519,10
13.0067300797,80.2461090088,65519,65569,50
13.0067300797,80.2461090088,65569,65580,11
13.0067195892,80.2465286255,65580,65590,10
13.0067300797,80.2469329834,65590,65600,10
13.0065803528,80.2473220825,65600,65610,10
13.0058202744,80.2473526001,65610,65630,20
13.0058202744,80.2473526001,65630,65640,10
13.005610466,80.2473220825,65640,65650,10
13.005399704,80.2473068237,65650,65660,10
13.0052404404,80.2473068237,65660,65671,11
13.0047502518,80.2473297119,65671,65681,10
13.0041503906,80.2473983765,65681,65691,10
13.0034103394,80.2474899292,65691,65701,10
13.0026903152,80.2476119995,65701,65711,10
13.0023097992,80.2477035522,65711,65721,10
13.0019197464,80.2478103638,65721,65731,10
13.0013198853,80.2479705811,65731,65741,10
13.000579834,80.2481536865,65741,65751,10
12.9997596741,80.2483596802,65751,65762,11
12.9987602234,80.2486190796,65762,65772,10
12.9978904724,80.248840332,65772,65782,10
12.9969501495,80.2490463257,65782,65792,10
12.9958896637,80.2493209839,65792,65802,10
12.9947395325,80.2496185303,65802,65812,10
12.9935598373,80.2499389648,65812,65822,10
12.9923400879,80.2502288818,65822,65832,10
12.9908895493,80.2506408691,65832,65853,21
12.9908895493,80.2506408691,65853,65863,10
12.9906396866,80.2506790161,65863,65873,10
12.9901103973,80.2508010864,65873,65883,10
12.9894199371,80.2509689331,65883,65893,10
12.9886798859,80.251159668,65893,65903,10
12.9882497787,80.2512969971,65903,66389,486
12.9882497787,80.2512969971,66389,66399,10
12.9879703522,80.251373291,66399,66409,10
12.9877300262,80.2514190674,66409,66419,10
12.9872903824,80.2515411377,66419,66429,10
12.9867095947,80.2517089844,66429,66439,10
12.9860200882,80.2518386841,66439,66449,10
12.9852199554,80.2520599365,66449,66459,10
12.9842195511,80.2523193359,66459,66470,11
12.9832601547,80.2525482178,66470,66480,10
12.9823198318,80.2526321411,66480,66490,10
12.9814500809,80.2526473999,66490,66500,10
12.9807796478,80.2526779175,66500,66510,10
12.9805402756,80.2527236938,66510,66520,10
12.9805202484,80.2527236938,66520,66530,10
12.9803199768,80.2527084351,66530,66540,10
12.9799203873,80.2527236938,66540,66551,11
12.9792604446,80.2526321411,66551,66571,20
12.9792604446,80.2526321411,66571,66581,10
12.9790000916,80.252571106,66581,66591,10
12.9785404205,80.2524337769,66591,66601,10
12.9779396057,80.2520217896,66601,66611,10
12.9772396088,80.2514266968,66611,66621,10
12.9762401581,80.2510604858,66621,66631,10
12.975279808,80.2507781982,66631,66642,11
12.9741802216,80.2504730225,66642,66652,10
12.97315979,80.2501831055,66652,66662,10
12.9721603394,80.2499237061,66662,66672,10
12.9711999893,80.2496566772,66672,66682,10
12.970290184,80.249382019,66682,66692,10
12.969329834,80.2490234375,66692,66702,10
12.9682798386,80.2486572266,66702,66712,10
12.9673099518,80.248298645,66712,66722,10
12.9666996002,80.2479934692,66722,66733,11
12.9665002823,80.2478866577,66733,66743,10
12.9660301208,80.2476730347,66743,66753,10
12.9651899338,80.2473373413,66753,66773,20
12.9651899338,80.2473373413,66773,66783,10
12.9649000168,80.2472305298,66783,66793,10
12.9643697739,80.2470397949,66793,66803,10
12.9640798569,80.2469406128,66803,66813,10
12.9638795853,80.2468566895,66813,66894,81
12.9638795853,80.2468566895,66894,66904,10
12.9634199142,80.2466812134,66904,66915,11
12.9628896713,80.246383667,66915,66925,10
12.9621696472,80.2460403442,66925,66935,10
12.9613199234,80.2456283569,66935,66945,10
12.9603700638,80.2451782227,66945,66955,10
12.9596004486,80.2448501587,66955,66965,10
12.9592504501,80.2446975708,66965,66975,10
12.9592199326,80.2446670532,66975,66985,10
12.9588899612,80.2444992065,66985,66996,11
12.9582500458,80.2442092896,66996,67006,10
12.9576196671,80.2439575195,67006,67016,10
12.9569101334,80.2437362671,67016,67026,10
12.9564199448,80.2435836792,67026,67036,10
12.9563703537,80.2435684204,67036,67046,10
12.9560899734,80.2434463501,67046,67056,10
12.9556798935,80.2432174683,67056,67066,10
12.9548797607,80.2428436279,67066,67076,10
12.9540596008,80.2424926758,67076,67087,11
12.9531097412,80.2420883179,67087,67097,10
12.9521999359,80.2417602539,67097,67107,10
12.9516801834,80.2416000366,67107,67117,10
12.9516401291,80.2415924072,67117,67127,10
12.9514703751,80.2415390015,67127,67137,10
12.9509601593,80.2413330078,67137,67147,10
12.9502601624,80.2411193848,67147,67157,10
12.9494895935,80.2409133911,67157,67167,10
12.9490604401,80.2407684326,67167,67178,11
12.9486904144,80.2405929565,67178,67188,10
12.9482803345,80.2404174805,67188,67198,10
12.9476804733,80.2401580811,67198,67208,10
12.9470396042,80.2399215698,67208,67218,10
12.946969986,80.2398910522,67218,67228,10
12.9467201233,80.2397766113,67228,67238,10
12.9460897446,80.2394866943,67238,67248,10
12.9453802109,80.239151001,67248,67258,10
12.9446897507,80.23853302,67258,67269,11
12.9438800812,80.2376403809,67269,67279,10
12.9431295395,80.2368774414,67279,67289,10
12.9420995712,80.236328125,67289,67299,10
12.9408798218,80.2360229492,67299,67309,10
12.9399499893,80.2357635498,67309,67319,10
12.9396600723,80.2356796265,67319,67329,10
12.9395399094,80.2356109619,67329,67339,10
12.939160347,80.2354202271,67339,67349,10
12.9384202957,80.2350387573,67349,67360,11
12.9374904633,80.2345809937,67360,67370,10
12.9365301132,80.2341308594,67370,67380,10
12.935839653,80.2338180542,67380,67390,10
12.9357700348,80.2337875366,67390,67400,10
12.9354896545,80.2336273193,67400,67410,10
12.9349002838,80.2333679199,67410,67420,10
12.934129715,80.233039856,67420,67430,10
12.9338598251,80.2329101563,67430,67441,11
12.9338197708,80.2328796387,67441,67451,10
12.9334802628,80.2327194214,67451,67461,10
12.932849884,80.2324371338,67461,67471,10
12.9320402145,80.2321472168,67471,67481,10
12.931019783,80.2318191528,67481,67491,10
12.9299497604,80.2315063477,67491,67501,10
12.9291296005,80.2313232422,67501,67511,10
12.9289102554,80.2312698364,67511,67521,10
12.9284801483,80.2312011719,67521,67532,11
12.9276199341,80.2310714722,67532,67542,10
12.9266195297,80.2309494019,67542,67552,10
12.9256801605,80.2308883667,67552,67562,10
12.9255304337,80.2308731079,67562,67572,10
12.9251403809,80.2308120728,67572,67582,10
12.9244699478,80.23072052,67582,67592,10
12.9236097336,80.2305984497,67592,67602,10
12.9225902557,80.2304382324,67602,67612,10
12.9214200974,80.2302627563,67612,67623,11
12.9199800491,80.2300796509,67623,67633,10
12.9185800552,80.2298965454,67633,67643,10
12.9173002243,80.2297286987,67643,67653,10
12.9160995483,80.2295532227,67653,67663,10
12.9148302078,80.2293930054,67663,67673,10
12.9139003754,80.2292480469,67673,67683,10
12.9134702682,80.2292404175,67683,67703,20
12.9134702682,80.2292404175,67703,67714,11
12.913359642,80.2291793823,67714,67724,10
12.9128799438,80.2291183472,67724,67734,10
12.9120597839,80.2290115356,67734,67744,10
12.9110002518,80.2288513184,67744,67754,10
12.9097900391,80.2286529541,67754,67764,10
12.9085502625,80.2284622192,67764,67774,10
12.9075899124,80.2283325195,67774,67784,10
12.9072303772,80.2282409668,67784,67865,81
12.9072303772,80.2282409668,67865,67875,10
12.9070501328,80.2282409668,67875,67886,11
12.9065198898,80.2281799316,67886,67896,10
12.90583992,80.2281417847,67896,67906,10
12.9049501419,80.2281036377,67906,67916,10
12.9039096832,80.2280578613,67916,67926,10
12.9028396606,80.2279968262,67926,67936,10
12.9020795822,80.2279815674,67936,67946,10
12.9014396667,80.2279663086,67946,68118,172
12.9014396667,80.2279663086,68118,68128,10
12.9011602402,80.2280197144,68128,68138,10
12.9008102417,80.2279510498,68138,68148,10
12.9004402161,80.2278900146,68148,68159,11
12.9000701904,80.2278671265,68159,68169,10
12.8996400833,80.2278366089,68169,68179,10
12.8992595673,80.2278213501,68179,68189,10
12.8992300034,80.2278213501,68189,68199,10
12.8989400864,80.2278213501,68199,68209,10
12.8983402252,80.2277603149,68209,68219,10
12.8975200653,80.2276992798,68219,68229,10
12.8965396881,80.2276382446,68229,68239,10
12.8954000473,80.2275772095,68239,68250,11
12.8940000534,80.2275085449,68250,68260,10
12.892539978,80.2273330688,68260,68320,60
12.892539978,80.2273330688,68320,68331,11
12.8922996521,80.2273101807,68331,68341,10
12.8918304443,80.2273025513,68341,68351,10
12.8910999298,80.2272872925,68351,68361,10
12.8901796341,80.2272796631,68361,68371,10
12.8890800476,80.2272872925,68371,68381,10
12.8879098892,80.2272186279,68381,68391,10
12.8866701126,80.2270126343,68391,68401,10
12.8855495453,80.2267532349,68401,68411,10
12.8848600388,80.2266616821,68411,68422,11
12.8847503662,80.2266616821,68422,68432,10
12.8845300674,80.2266616821,68432,68442,10
12.8842697144,80.2266616821,68442,68452,10
12.8837900162,80.2266464233,68452,68462,10
12.8830299377,80.2266616821,68462,68472,10
12.8820896149,80.2266616821,68472,68482,10
12.8809900284,80.2266616821,68482,68492,10
12.8797101974,80.2266464233,68492,68502,10
12.8782901764,80.2267227173,68502,68513,11
12.8770303726,80.2268371582,68513,68523,10
12.8764696121,80.2268981934,68523,68533,10
12.8762397766,80.2269134521,68533,68543,10
12.8759498596,80.2269134521,68543,68553,10
12.8753404617,80.2268829346,68553,68563,10
12.8745098114,80.2267837524,68563,68573,10
12.8734703064,80.2266693115,68573,68583,10
12.8726196289,80.2266464233,68583,68593,10
12.8725595474,80.2266464233,68593,68604,11
12.872179985,80.2266387939,68604,68614,10
12.8714799881,80.226600647,68614,68624,10
12.87059021,80.2265625,68624,68634,10
12.8695297241,80.2264404297,68634,68644,10
12.8683204651,80.2263183594,68644,68654,10
12.8670301437,80.2264099121,68654,68664,10
12.865940094,80.2265014648,68664,68674,10
12.8648796082,80.2265014648,68674,68684,10
12.8634500504,80.2264709473,68684,68695,11
12.8622198105,80.2264862061,68695,68705,10
12.8611402512,80.2265396118,68705,68715,10
12.8609104156,80.2265167236,68715,68725,10
12.8605804443,80.2264785767,68725,68735,10
12.8599100113,80.2263793945,68735,68745,10
12.859120369,80.2262802124,68745,68755,10
12.858590126,80.2262115479,68755,68765,10
12.8579101563,80.2261505127,68765,68776,11
12.8569602966,80.2262191772,68776,68786,10
12.8558797836,80.2263336182,68786,68796,10
12.854640007,80.2264633179,68796,68806,10
12.8532800674,80.226600647,68806,68816,10
12.8518600464,80.2265701294,68816,68826,10
12.8503704071,80.2265090942,68826,68836,10
12.848950386,80.2265014648,68836,68846,10
12.8475599289,80.2265014648,68846,68856,10
12.8458595276,80.2265625,68856,68877,21
12.8458595276,80.2265625,68877,68887,10
12.845749855,80.2265701294,68887,68897,10
12.8454999924,80.2265625,68897,68907,10
12.8453998566,80.2265625,68907,68917,10
12.8449201584,80.2265625,68917,68927,10
12.8441801071,80.226600647,68927,68937,10
12.8432197571,80.2267379761,68937,68947,10
12.8420801163,80.2269821167,68947,68958,11
12.8407897949,80.2273330688,68958,68968,10
12.8400096893,80.2275238037,68968,68978,10
12.8396196365,80.2276229858,68978,68988,10
12.8393697739,80.2276763916,68988,68998,10
12.8387699127,80.2278594971,68998,69008,10
12.8379001617,80.2280578613,69008,69018,10
12.8367795944,80.2282485962,69018,69028,10
12.8354797363,80.2284393311,69028,69038,10
12.8340597153,80.2286682129,69038,69049,11
12.8325996399,80.2289276123,69049,69059,10
12.8318595886,80.2290802002,69059,69069,10
12.831700325,80.2291030884,69069,69079,10
12.8315401077,80.2288208008,69079,69089,10
12.8315000534,80.2286987305,69089,69099,10
12.8314800262,80.228477478,69099,69109,10
12.8313703537,80.2279586792,69109,69119,10
12.8312196732,80.2272491455,69119,69129,10
12.8310604095,80.2264709473,69129,69140,11
12.8310098648,80.225440979,69140,69150,10
12.8310203552,80.2247009277,69150,69160,10
12.8310203552,80.2243804932,69160,69170,10
12.831029892,80.2237319946,69170,69180,10
12.831029892,80.2228393555,69180,69190,10
12.8310403824,80.2221984863,69190,69200,10
12.8310403824,80.2218780518,69200,69210,10
12.8310403824,80.2212524414,69210,69221,11
12.8310403824,80.2202987671,69221,69231,10
12.8310403824,80.2196731567,69231,69241,10
12.8308200836,80.2193984985,69241,69251,10
12.8301496506,80.2193908691,69251,69261,10
12.8293304443,80.2193832397,69261,69271,10
12.8284597397,80.2193908691,69271,69281,10
12.8277797699,80.2193832397,69281,69291,10
12.8275499344,80.2193984985,69291,69301,10
12.8273696899,80.2193603516,69301,69312,11
12.8267297745,80.2193527222,69312,69322,10
12.8260698318,80.2193374634,69322,69332,10
12.8258399963,80.2192764282,69332,69342,10
12.8257799149,80.2190628052,69342,69352,10
12.8257904053,80.2188873291,69352,69362,10
12.825799942,80.2184371948,69362,69372,10
12.8258199692,80.2179718018,69372,69382,10
12.8258199692,80.2173233032,69382,69392,10
12.8258199692,80.2166213989,69392,69403,11
12.8257198334,80.2159805298,69403,69413,10
12.8254699707,80.2159423828,69413,69423,10
12.8250102997,80.2159194946,69423,69433,10
12.8246803284,80.215927124,69433,69625,192
12.8246803284,80.215927124,69625,69635,10
12.8242797852,80.2159500122,69635,69645,10
12.8236999512,80.2159194946,69645,69655,10
12.8229703903,80.2159194946,69655,69666,11
12.8226604462,80.2159423828,69666,69676,10
12.822640419,80.2162704468,69676,69686,10
12.822640419,80.2169723511,69686,69696,10
12.822640419,80.2178878784,69696,69706,10
12.822640419,80.2189025879,69706,69716,10
12.8226804733,80.2192382813,69716,69726,10
12.8226900101,80.219291687,69726,69736,10
12.8229799271,80.2193527222,69736,69745,9
12.8236103058,80.219367981,69745,69757,12
12.824669838,80.2193603516,69757,69767,10
12.8252696991,80.2193832397,69767,69777,10
12.8254804611,80.2194290161,69777,69797,20
12.8254804611,80.2194290161,69797,69807,10
12.8258199692,80.2194290161,69807,69817,10
12.8263397217,80.2194137573,69817,69827,10
12.8268404007,80.2194137573,69827,69837,10
12.8270196915,80.2194213867,69837,69848,11
12.8273601532,80.2194137573,69848,69888,40
12.8273601532,80.2194137573,69888,69898,10
12.8276100159,80.2193527222,69898,69908,10
12.8276796341,80.2193603516,69908,69918,10
12.8279800415,80.2193832397,69918,69928,10
12.8285598755,80.2193832397,69928,69939,11
12.8294000626,80.2193908691,69939,69949,10
12.8302097321,80.2193984985,69949,69959,10
12.8307800293,80.2193984985,69959,69969,10
12.8310403824,80.2194976807,69969,69979,10
12.8311300278,80.2197570801,69979,69989,10
12.8311300278,80.2202987671,69989,69999,10
12.8311195374,80.2210235596,69999,70009,10
12.8311004639,80.2217407227,70009,70020,11
12.8311004639,80.22215271,70020,70030,10
12.8311004639,80.2226028442,70030,70040,10
12.8310899734,80.2233428955,70040,70050,10
12.8310899734,80.2242507935,70050,70060,10
12.8310804367,80.2247085571,70060,70070,10
12.8310804367,80.2252502441,70070,70080,10
12.8310699463,80.2259979248,70080,70090,10
12.8311901093,80.2268676758,70090,70100,10
12.8313999176,80.2278518677,70100,70111,11
12.8316202164,80.2288208008,70111,70121,10
12.8316602707,80.2289733887,70121,70131,10
12.8316898346,80.2291107178,70131,70141,10
12.8318996429,80.2291564941,70141,70151,10
12.8323898315,80.2290267944,70151,70161,10
12.8332195282,80.2288589478,70161,70171,10
12.8341798782,80.2286834717,70171,70181,10
12.8353204727,80.2284927368,70181,70191,10
12.8365602493,80.2282867432,70191,70202,11
12.83796978,80.2280578613,70202,70212,10
12.8388595581,80.2278289795,70212,70222,10
12.8393602371,80.2276992798,70222,70272,50
12.8394603729,80.2276763916,70272,70293,21
12.8394603729,80.2276763916,70293,70303,10
12.8395595551,80.2276382446,70303,70313,10
12.839969635,80.2275238037,70313,70323,10
12.840669632,80.2273101807,70323,70333,10
12.8415603638,80.2270584106,70333,70343,10
12.8425598145,80.2268218994,70343,70353,10
12.8433504105,80.2266998291,70353,70363,10
12.8440999985,80.2265777588,70363,70373,10
12.8449697495,80.2265396118,70373,70384,11
12.8454399109,80.2264862061,70384,70394,10
12.845580101,80.2264862061,70394,70404,10
12.845700264,80.2264862061,70404,70414,10
12.8461704254,80.2265090942,70414,70424,10
12.8469200134,80.2265090942,70424,70434,10
12.8478298187,80.2265014648,70434,70444,10
12.8488998413,80.2265014648,70444,70454,10
12.8499002457,80.2264709473,70454,70465,11
12.8500995636,80.2264633179,70465,70475,10
12.8503704071,80.2264709473,70475,70485,10
12.8509397507,80.2264862061,70485,70495,10
12.8517103195,80.2265319824,70495,70505,10
12.8526601791,80.2265625,70505,70515,10
12.8537597656,80.2265167236,70515,70525,10
12.8549699783,80.2264099121,70525,70535,10
12.8562803268,80.2262802124,70535,70545,10
12.8576202393,80.2261505127,70545,70556,11
12.8588399887,80.2261886597,70556,70566,10
12.8600797653,80.2263870239,70566,70576,10
12.8614196777,80.2264862061,70576,70586,10
12.8622598648,80.2264175415,70586,70596,10
12.8624601364,80.2264328003,70596,70606,10
12.8630199432,80.2264099121,70606,70616,10
12.8638095856,80.2264328003,70616,70626,10
12.8648395538,80.2264709473,70626,70636,10
12.8659200668,80.2264785767,70636,70647,11
12.8665895462,80.2264404297,70647,70687,40
12.8665895462,80.2264404297,70687,70697,10
12.8670396805,80.2264099121,70697,70707,10
12.8676595688,80.2263412476,70707,70717,10
12.868519783,80.22631073,70717,70727,10
12.8696699142,80.2264328003,70727,70738,11
12.870880127,80.2265396118,70738,70748,10
12.8721599579,80.2265701294,70748,70758,10
12.8728599548,80.2265625,70758,70768,10
12.8730096817,80.2265701294,70768,70778,10
12.8735198975,80.226600647,70778,70788,10
12.8742904663,80.2266769409,70788,70798,10
12.8752002716,80.2267990112,70798,70808,10
12.8761997223,80.2268371582,70808,70819,11
12.8767204285,80.2268371582,70819,70829,10
12.877240181,80.2268066406,70829,70839,10
12.8780603409,80.2267532349,70839,70849,10
12.8790597916,80.2266769409,70849,70859,10
12.8802204132,80.2266616821,70859,70869,10
12.8815097809,80.2266464233,70869,70879,10
12.882900238,80.2266387939,70879,70889,10
12.8843202591,80.2266235352,70889,70899,10
12.8852996826,80.2266235352,70899,70910,11
12.8855495453,80.2266616821,70910,70920,10
12.88601017,80.2267990112,70920,70930,10
12.8867301941,80.2269897461,70930,70940,10
12.8875999451,80.2271575928,70940,70950,10
12.8886299133,80.2272567749,70950,70960,10
12.8898200989,80.2272567749,70960,70970,10
12.891119957,80.2272415161,70970,70980,10
12.8923797607,80.2272567749,70980,70990,10
12.8934202194,80.2274093628,70990,71001,11
12.8945798874,80.2275238037,71001,71011,10
12.8956403732,80.2275466919,71011,71021,10
12.8966798782,80.2276229858,71021,71031,10
12.8978099823,80.2276916504,71031,71041,10
12.8990097046,80.2277297974,71041,71051,10
12.9001102448,80.2277526855,71051,71132,81
12.9001102448,80.2277526855,71132,71142,10
12.9003896713,80.2277679443,71142,71152,10
12.9006500244,80.2278213501,71152,71162,10
12.9009799957,80.2278671265,71162,71172,10
12.9013395309,80.227897644,71172,71183,11
12.9019203186,80.2279205322,71183,71193,10
12.9026098251,80.2279281616,71193,71203,10
12.9027900696,80.2279281616,71203,71213,10
12.902970314,80.2279586792,71213,71223,10
12.9035196304,80.2279968262,71223,71233,10
12.9041500092,80.2280273438,71233,71243,10
12.9051399231,80.2280578613,71243,71284,41
12.9051399231,80.2280578613,71284,71294,10
12.9052400589,80.2280731201,71294,71304,10
12.9055099487,80.2280807495,71304,71314,10
12.9057998657,80.2281036377,71314,71324,10
12.90583992,80.2281036377,71324,71334,10
12.9062900543,80.2281265259,71334,71415,81
12.9062900543,80.2281265259,71415,71425,10
12.9063997269,80.2281188965,71425,71435,10
12.9068202972,80.2281570435,71435,71446,11
12.9070196152,80.228187561,71446,71456,10
12.9073200226,80.2282180786,71456,71466,10
12.9078798294,80.2283096313,71466,71476,10
12.9086103439,80.2284164429,71476,71486,10
12.9094495773,80.2285690308,71486,71496,10
12.910369873,80.2287216187,71496,71506,10
12.9113798141,80.2288665771,71506,71517,11
12.9124403,80.2290115356,71517,71527,10
12.913479805,80.2291564941,71527,71538,11
12.9137401581,80.2291793823,71538,71548,10
12.9138698578,80.2292098999,71548,71558,10
12.9143199921,80.2292861938,71558,71568,10
12.9149398804,80.2293701172,71568,71578,10
12.915719986,80.2294998169,71578,71588,10
12.9166498184,80.2296218872,71588,71598,10
12.9176702499,80.2297821045,71598,71608,10
12.9184398651,80.2298812866,71608,71619,11
12.9193096161,80.2300033569,71619,71629,10
12.9202604294,80.2301101685,71629,71639,10
12.921330452,80.2302322388,71639,71649,10
12.9225196838,80.2304077148,71649,71659,10
12.9238004684,80.2306137085,71659,71669,10
12.925069809,80.2307662964,71669,71679,10
12.9263601303,80.2309112549,71679,71689,10
12.9275903702,80.231048584,71689,71699,10
12.9286203384,80.2312011719,71699,71710,11
12.9296798706,80.2314224243,71710,71720,10
12.9307403564,80.2317123413,71720,71730,10
12.931889534,80.2320785522,71730,71740,10
12.9332504272,80.2325515747,71740,71760,20
12.9332504272,80.2325515747,71760,71770,10
12.9335403442,80.2327194214,71770,71780,10
12.9340801239,80.2329711914,71780,71790,10
12.9348201752,80.2332992554,71790,71801,11
12.9357795715,80.2337417603,71801,71811,10
12.936750412,80.2341995239,71811,71821,10
12.9378404617,80.2347183228,71821,71831,10
12.9394598007,80.2354812622,71831,71851,20
12.9394598007,80.2354812622,71851,71861,10
12.9398202896,80.2356719971,71861,71871,10
12.9403600693,80.2358779907,71871,71880,9
12.9411401749,80.2360916138,71880,71892,12
12.9422597885,80.2363815308,71892,71902,10
12.9432001114,80.2368927002,71902,71912,10
12.943980217,80.2376937866,71912,71922,10
12.9447202682,80.2385101318,71922,71932,10
12.9455699921,80.2392272949,71932,71942,10
12.9466295242,80.2396774292,71942,71952,10
12.9471101761,80.2398834229,71952,71962,10
12.9471998215,80.2399215698,71962,71973,11
12.947719574,80.2401504517,71973,71983,10
12.9482498169,80.2403793335,71983,71993,10
12.9485702515,80.2405014038,71993,72003,10
12.9490499496,80.2406921387,72003,72013,10
12.9496803284,80.2409210205,72013,72023,10
12.9504203796,80.2411422729,72023,72033,10
12.950920105,80.2412719727,72033,72043,10
12.951089859,80.2413330078,72043,72053,10
12.9516601563,80.2415771484,72053,72064,11
12.9525098801,80.241897583,72064,72074,10
12.9532804489,80.2422027588,72074,72084,10
12.9537801743,80.2424087524,72084,72094,10
12.9543800354,80.2426376343,72094,72104,10
12.954990387,80.2428894043,72104,72114,10
12.9556398392,80.2431488037,72114,72124,10
12.9562301636,80.243347168,72124,72165,41
12.9562301636,80.243347168,72165,72175,10
12.9567203522,80.2434997559,72175,72185,10
12.9573602676,80.2437820435,72185,72195,10
12.9582004547,80.2441329956,72195,72205,10
12.9589195251,80.244430542,72205,72215,10
12.9589796066,80.2444610596,72215,72225,10
12.9593696594,80.2446517944,72225,72235,10
12.959980011,80.2449264526,72235,72246,11
12.9608697891,80.2453689575,72246,72256,10
12.9618396759,80.24584198,72256,72266,10
12.9631900787,80.2464981079,72266,72306,40
12.9631900787,80.2464981079,72306,72316,10
12.9633998871,80.2466506958,72316,72326,10
12.9638395309,80.2468566895,72326,72337,11
12.9645700455,80.2471313477,72337,72347,10
12.9653902054,80.2473907471,72347,72357,10
12.966050148,80.2476272583,72357,72367,10
12.9664201736,80.2477722168,72367,72387,20
12.9664201736,80.2477722168,72387,72397,10
12.9665498734,80.247833252,72397,72407,10
12.9669599533,80.2480621338,72407,72418,11
12.9676599503,80.2483901978,72418,72428,10
12.9685001373,80.2487335205,72428,72438,10
12.9694900513,80.2491226196,72438,72448,10
12.9706201553,80.2495422363,72448,72458,10
12.9718799591,80.2498931885,72458,72468,10
12.97315979,80.2502288818,72468,72478,10
12.9743404388,80.2505493164,72478,72488,10
12.975569725,80.2509002686,72488,72498,10
12.9768199921,80.2512588501,72498,72509,11
12.9778699875,80.2518768311,72509,72519,10
12.978679657,80.2524108887,72519,72529,10
12.9794101715,80.2525634766,72529,72539,10
12.9794998169,80.2525634766,72539,72549,10
12.9796199799,80.252571106,72549,72559,10
12.980050087,80.2526168823,72559,72569,10
12.9807500839,80.2526168823,72569,72579,10
12.9816198349,80.2526016235,72579,72589,10
12.9827098846,80.2525482178,72589,72600,11
12.9840803146,80.252281189,72600,72610,10
12.985250473,80.2519607544,72610,72620,10
12.9858798981,80.2517471313,72620,72893,273
12.9858798981,80.2517471313,72893,72903,10
12.98595047,80.2516098022,72903,72913,10
12.9862098694,80.2515869141,72913,72923,10
12.9866895676,80.2515029907,72923,72933,10
12.9873504639,80.2513198853,72933,72943,10
12.9879102707,80.2512207031,72943,72954,11
12.9886703491,80.2510299683,72954,72964,10
12.9890499115,80.2509231567,72964,72974,10
12.9891395569,80.2509002686,72974,72984,10
12.9895801544,80.2508163452,72984,72994,10
12.9901199341,80.2506790161,72994,73004,10
12.9908599854,80.25050354,73004,73014,10
12.9917697906,80.2502670288,73014,73024,10
12.9928302765,80.2500228882,73024,73034,10
12.9940395355,80.2497177124,73034,73045,11
12.9954795837,80.2493591309,73045,73055,10
12.9968795776,80.2490005493,73055,73065,10
12.9983196259,80.2486419678,73065,73075,10
12.9997701645,80.2482833862,73075,73085,10
13.0011396408,80.2479400635,73085,73095,10
13.0020599365,80.247718811,73095,73105,10
13.0026903152,80.2475662231,73105,73115,10
13.0035200119,80.2474212646,73115,73125,10
13.0045204163,80.2472915649,73125,73136,11
13.0056400299,80.2470779419,73136,73146,10
13.0063695908,80.2466278076,73146,73156,10
13.0065097809,80.2463226318,73156,73166,10
13.0065698624,80.2460632324,73166,73176,10
13.0066099167,80.2454910278,73176,73186,10
13.0066204071,80.2447433472,73186,73196,10
13.0066204071,80.2438430786,73196,73206,10
13.0066099167,80.2430267334,73206,73217,11
13.0065803528,80.2419281006,73217,73227,10
13.0066003799,80.2410736084,73227,73237,10
13.0066003799,80.241027832,73237,73247,10
13.0066404343,80.2406768799,73247,73257,10
13.0066795349,80.2403793335,73257,73267,10
13.0068397522,80.2398071289,73267,73277,10
13.0069999695,80.2388916016,73277,73287,10
13.0071296692,80.2380905151,73287,73297,10
13.0072603226,80.2375411987,73297,73308,11
13.0073900223,80.2369308472,73308,73318,10
13.0074195862,80.2368011475,73318,73328,10
13.0074996948,80.2364807129,73328,73338,10
13.0076303482,80.2358322144,73338,73348,10
13.0077400208,80.2352981567,73348,73358,10
13.0078697205,80.2346801758,73358,73368,10
13.0080404282,80.2338485718,73368,73378,10
13.0082502365,80.2327575684,73378,73388,10
13.0085000992,80.2314300537,73388,73399,11
13.0087995529,80.2298202515,73399,73409,10
13.0090799332,80.2284164429,73409,73419,10
13.0095396042,80.2271499634,73419,73429,10
13.0100297928,80.2260971069,73429,73439,10
13.0103998184,80.2253036499,73439,73449,10
13.0106897354,80.2247390747,73449,73459,10
13.0109300613,80.2241363525,73459,73469,10
13.0111999512,80.2235488892,73469,73479,10
13.0114202499,80.2231521606,73479,73490,11
13.0116996765,80.2223815918,73490,73500,10
13.0120401382,80.2215194702,73500,73510,10
13.0123901367,80.2214813232,73510,73520,10
13.0128002167,80.2220611572,73520,73530,10
13.0133600235,80.2227172852,73530,73540,10
13.0138902664,80.2233505249,73540,73550,10
13.014380455,80.2239074707,73550,73560,10
13.014960289,80.2245483398,73560,73570,10
13.0155801773,80.2250976563,73570,73581,11
13.0156698227,80.2251281738,73581,73591,10
13.0160903931,80.2252807617,73591,73601,10
13.0168895721,80.2250976563,73601,73611,10
13.0178604126,80.2247314453,73611,73621,10
13.0187597275,80.2243728638,73621,73631,10
13.0196895599,80.2244415283,73631,73662,31
13.0196895599,80.2244415283,73662,73672,10
13.0197896957,80.2245330811,73672,73682,10
13.0202198029,80.224861145,73682,73692,10
13.0208396912,80.2253036499,73692,73702,10
13.0214004517,80.2257385254,73702,73712,10
13.0221004486,80.2263031006,73712,73722,10
13.0228996277,80.2269821167,73722,73732,10
13.0236196518,80.2276535034,73732,73742,10
13.0241298676,80.2281036377,73742,73753,11
13.0241804123,80.2281799316,73753,73763,10
13.0242700577,80.2282791138,73763,73773,10
13.0243396759,80.2283401489,73773,73783,10
13.0243501663,80.228553772,73783,73793,10
13.0241003036,80.2283172607,73793,73803,10
13.0236902237,80.2278366089,73803,73813,10
13.0233402252,80.2275085449,73813,73823,10
13.0231800079,80.2273864746,73823,73833,10
13.0229701996,80.2272262573,73833,74086,253
13.0229701996,80.2272262573,74086,74096,10
13.0228595734,80.2270965576,74096,74107,11
13.0228204727,80.2270431519,74107,74117,10
13.0227804184,80.2269592285,74117,74127,10
13.0225896835,80.2267608643,74127,74137,10
13.0222101212,80.2264175415,74137,74147,10
13.0216503143,80.2259597778,74147,74157,10
13.0210800171,80.2255096436,74157,74167,10
13.0205602646,80.2251586914,74167,74177,10
13.0201396942,80.2248687744,74177,74187,10
13.0199098587,80.2247085571,74187,74198,11
13.0196399689,80.2245407104,74198,74208,10
13.0191001892,80.2244033813,74208,74218,10
13.0183897018,80.2245864868,74218,74228,10
13.0176095963,80.2249069214,74228,74238,10
13.0167999268,80.2252502441,74238,74248,10
13.016119957,80.2255096436,74248,74258,10
13.0154695511,80.2257385254,74258,74268,10
13.0146999359,80.22605896,74268,74279,11
13.0140199661,80.2263412476,74279,74289,10
13.0139102936,80.2264022827,74289,74299,10
13.0137300491,80.2264709473,74299,74309,10
13.0133495331,80.2266235352,74309,74319,10
13.0128698349,80.2267913818,74319,74329,10
13.0122404099,80.2270431519,74329,74339,10
13.0115203857,80.2273406982,74339,74349,10
13.010720253,80.2276611328,74349,74359,10
13.0099000931,80.2279815674,74359,74370,11
13.0091199875,80.2285003662,74370,74380,10
13.0089502335,80.2293395996,74380,74390,10
13.008769989,80.2302398682,74390,74400,10
13.0086097717,80.2311401367,74400,74410,10
13.0084295273,80.2320404053,74410,74420,10
13.0082702637,80.2329101563,74420,74430,10
13.0081596375,80.2335586548,74430,74440,10
13.0081100464,80.23387146,74440,74450,10
13.0080604553,80.2342681885,74450,74461,11
13.007900238,80.2350006104,74461,74471,10
13.0077295303,80.2357788086,74471,74481,10
13.0075397491,80.2367324829,74481,74491,10
13.0073204041,80.2377319336,74491,74501,10
13.0071296692,80.2386398315,74501,74511,10
13.0069799423,80.239402771,74511,74521,10
13.0068502426,80.2400817871,74521,74531,10
13.0067195892,80.240737915,74531,74541,10
13.0066204071,80.2417526245,74541,74552,11
13.0066204071,80.2427825928,74552,74562,10
13.0066795349,80.243598938,74562,74572,10
13.0067100525,80.2445068359,74572,74582,10
13.0067195892,80.2450637817,74582,74592,10
13.0067300797,80.2454299927,74592,74602,10
13.0067396164,80.2459564209,74602,74612,10
13.0067501068,80.2464599609,74612,74622,10
13.0067300797,80.2471923828,74622,74683,61
13.0067300797,80.2471923828,74683,74693,10
13.0064401627,80.2474136353,74693,74703,10
13.0059204102,80.2473678589,74703,74713,10
13.0052995682,80.2473602295,74713,74724,11
13.0045604706,80.2473983765,74724,74734,10
13.0038604736,80.247467041,74734,74744,10
13.0030498505,80.2475891113,74744,74754,10
13.0023002625,80.2477264404,74754,74764,10
13.0015001297,80.2479324341,74764,74774,10
13.0005903244,80.2481613159,74774,74784,10
12.9996204376,80.2484130859,74784,74794,10
12.9986200333,80.2486572266,74794,74804,10
12.9976396561,80.2489013672,74804,74815,11
12.9965600967,80.2491531372,74815,74825,10
12.9956102371,80.249382019,74825,74835,10
12.9946403503,80.2496414185,74835,74845,10
12.9937095642,80.2498779297,74845,74855,10
12.9927501678,80.2501220703,74855,74865,10
12.9918203354,80.2503509521,74865,74875,10
12.9909296036,80.250579834,74875,74885,10
12.9901199341,80.2508010864,74885,74895,10
12.989569664,80.2509384155,74895,74906,11
12.9894895554,80.2509689331,74906,74916,10
12.9891395569,80.2510528564,74916,74926,10
12.9886302948,80.2512283325,74926,74936,10
12.9879703522,80.2515182495,74936,74946,10
12.9880399704,80.251991272,74946,74956,10
12.9880104065,80.2524719238,74956,74966,10
12.9879198074,80.2533187866,74966,74976,10
12.987859726,80.25415802,74976,74986,10
12.9878196716,80.2548980713,74986,74997,11
12.9877300262,80.2554321289,74997,75007,10
12.9876804352,80.2558364868,75007,75017,10
12.9876203537,80.2562866211,75017,75027,10
12.9875802994,80.2566223145,75027,75037,10
12.9875402451,80.2570495605,75037,75047,10
12.9874897003,80.2575683594,75047,75057,10
12.9874401093,80.2581176758,75057,75067,10
12.9874000549,80.2584762573,75067,75078,11
12.9872398376,80.2585525513,75078,75158,80
12.9869098663,80.2584686279,75158,75219,61
12.9867601395,80.2585906982,75219,75593,374
12.9867601395,80.2585906982,75593,75604,11
12.9868202209,80.2585678101,75604,75654,50
12.9867200851,80.2586364746,75654,75856,202
12.9867601395,80.2585983276,75856,75887,31
12.9868402481,80.2585220337,75887,76018,131
12.9867601395,80.2585906982,76018,76575,557
12.9867401123,80.2586517334,76575,76676,101
12.9867401123,80.2586517334,76676,76686,10
12.9866104126,80.2586212158,76686,76716,30
12.986700058,80.2586593628,76716,76929,213
12.986700058,80.2586593628,76929,76939,10
12.9866600037,80.2587280273,76939,76949,10
12.9865398407,80.2587966919,76949,78195,1246
12.9865102768,80.2589111328,78195,78661,466
12.9866399765,80.2588577271,78661,81890,3229
12.9866504669,80.258682251,81890,82254,364
