13.0145101547,80.2252731323,20,1621,1601
13.0143003464,80.2251586914,1621,2101,480
13.0145101547,80.2253036499,2101,5497,3396
13.0145301819,80.2251586914,5497,5953,456
13.0145196915,80.2251586914,5953,6186,233
13.0144796371,80.2252197266,6186,6277,91
13.0144195557,80.2251815796,6277,9219,2942
13.0145397186,80.225151062,9219,9421,202
13.0144701004,80.2252426147,9421,10222,801
13.0146303177,80.2253494263,10222,10283,61
13.0146303177,80.2253494263,10283,10293,10
13.0145301819,80.2252426147,10293,10688,395
13.0145101547,80.2253265381,10688,10759,71
13.0145902634,80.2252426147,10759,12391,1632
13.0145902634,80.2252426147,12391,12401,10
13.0144500732,80.2252883911,12401,12806,405
13.0144701004,80.225189209,12806,14631,1825
13.0144701004,80.2252807617,14631,15492,861
13.0145397186,80.2252426147,15492,17803,2311
13.0145597458,80.2251586914,17803,19648,1845
13.0144901276,80.2251968384,19648,21098,1450
13.0144901276,80.2251968384,21098,21108,10
13.0143499374,80.2255325317,21108,21574,466
13.0142803192,80.2257232666,21574,22152,578
13.0143995285,80.2257232666,22152,24737,2585
13.0143995285,80.2257232666,24737,24747,10
13.0143299103,80.225769043,24747,24757,10
13.0142602921,80.2259674072,24757,24767,10
13.0142498016,80.226348877,24767,24797,30
13.0142498016,80.226348877,24797,24807,10
13.0141096115,80.2264099121,24807,24818,11
13.0136299133,80.2265777588,24818,24828,10
13.0129404068,80.2268218994,24828,24838,10
13.0122003555,80.2270889282,24838,24848,10
13.0113601685,80.2274169922,24848,24858,10
13.0105495453,80.2277374268,24858,24868,10
13.0099401474,80.2279891968,24868,24878,10
13.009519577,80.2276763916,24878,24889,11
13.009759903,80.2270507813,24889,24899,10
13.0100498199,80.2264328003,24899,24909,10
13.0103502274,80.2257080078,24909,24919,10
13.0107002258,80.224937439,24919,24929,10
13.0110397339,80.2241516113,24929,24939,10
13.0112600327,80.2236480713,24939,24949,10
13.0114603043,80.2232437134,24949,24959,10
13.0120296478,80.2235336304,24959,24970,11
13.0127496719,80.2239608765,24970,24980,10
13.0135002136,80.2243423462,24980,24990,10
13.0142498016,80.2247161865,24990,25000,10
13.014960289,80.2250900269,25000,25010,10
13.0153598785,80.2253036499,25010,25020,10
13.0156297684,80.2252807617,25020,25030,10
13.0162401199,80.2253417969,25030,25041,11
13.0171499252,80.2250595093,25041,25051,10
13.0180902481,80.2246704102,25051,25061,10
13.0190200806,80.2243499756,25061,25071,10
13.0196695328,80.2245025635,25071,25091,20
13.0196695328,80.2245025635,25091,25101,10
13.0199098587,80.2246627808,25101,25111,10
13.020359993,80.2249832153,25111,25122,11
13.021030426,80.2254562378,25122,25132,10
13.0216999054,80.225982666,25132,25142,10
13.0224304199,80.2265777588,25142,25152,10
13.0232000351,80.2272415161,25152,25162,10
13.0239601135,80.2279663086,25162,25172,10
13.0244197845,80.2284393311,25172,25203,31
13.0244197845,80.2284393311,25203,25213,10
13.0242204666,80.2285614014,25213,25223,10
13.0239200592,80.2281799316,25223,25233,10
13.0233697891,80.2276077271,25233,25263,30
13.0233697891,80.2276077271,25263,25274,11
13.0233898163,80.2275390625,25274,25284,10
13.0230903625,80.2272796631,25284,25294,10
13.0226202011,80.2268295288,25294,25304,10
13.0220603943,80.2263183594,25304,25314,10
13.0213003159,80.2257385254,25314,25324,10
13.0205402374,80.2252120972,25324,25334,10
13.0199604034,80.2248535156,25334,25345,11
13.0197401047,80.2247009277,25345,25355,10
13.0191001892,80.2245407104,25355,25365,10
13.0182504654,80.2247772217,25365,25375,10
13.0172996521,80.2251586914,25375,25385,10
13.0163803101,80.2255172729,25385,25395,10
13.0155496597,80.2258071899,25395,25405,10
13.0147399902,80.2261428833,25405,25415,10
13.0143995285,80.2262802124,25415,25426,11
13.0143699646,80.2262802124,25426,25436,10
13.013999939,80.2264099121,25436,25446,10
13.0133199692,80.2266769409,25446,25456,10
13.012430191,80.2270202637,25456,25466,10
13.0114297867,80.2274169922,25466,25476,10
13.0103702545,80.2278518677,25476,25486,10
13.0094203949,80.2282562256,25486,25497,11
13.009059906,80.2292404175,25497,25507,10
13.0088500977,80.2304000854,25507,25517,10
13.0086202621,80.2314910889,25517,25527,10
13.0084104538,80.2325363159,25527,25537,10
13.0082998276,80.233291626,25537,25547,10
13.0082902908,80.2333908081,25547,25557,10
13.0082302094,80.2335968018,25557,25567,10
13.0081501007,80.2340011597,25567,25578,11
13.008020401,80.2346801758,25578,25588,10
13.0078496933,80.2355194092,25588,25598,10
13.0076599121,80.2364730835,25598,25608,10
13.0074396133,80.2375030518,25608,25618,10
13.0072097778,80.2385482788,25618,25628,10
13.0070104599,80.2395019531,25628,25638,10
13.0068502426,80.2403182983,25638,25649,11
13.0067100525,80.2412796021,25649,25659,10
13.0066795349,80.2421417236,25659,25669,10
13.0066995621,80.2428817749,25669,25679,10
13.0066795349,80.2437286377,25679,25689,10
13.0066900253,80.2447128296,25689,25699,10
13.0066995621,80.2456283569,25699,25709,10
13.0067501068,80.2465820313,25709,25719,10
13.0067796707,80.2472381592,25719,25730,11
13.0067796707,80.2472763062,25730,25740,10
13.006649971,80.2473983765,25740,25750,10
13.0064401627,80.2473983765,25750,25760,10
13.0064296722,80.2473983765,25760,25770,10
13.0062503815,80.247428894,25770,25780,10
13.0060997009,80.2474517822,25780,25790,10
13.0057897568,80.247467041,25790,25801,11
13.0050201416,80.247428894,25801,25811,10
13.004070282,80.2474975586,25811,25821,10
13.0029296875,80.2476577759,25821,25831,10
13.002240181,80.2478103638,25831,25841,10
13.0015096664,80.2479705811,25841,25851,10
13.0005998611,80.2481765747,25851,25861,10
12.9995298386,80.2484512329,25861,25872,11
12.9983196259,80.2487869263,25872,25882,10
12.9971599579,80.2490768433,25882,25892,10
12.9959602356,80.2493896484,25892,25902,10
12.9946804047,80.2497406006,25902,25912,10
12.993350029,80.2500610352,25912,25922,10
12.9920301437,80.2503509521,25922,25932,10
12.991109848,80.2506408691,25932,25942,10
12.9909200668,80.2506637573,25942,25953,11
12.9902696609,80.2508010864,25953,25963,10
12.98939991,80.2510223389,25963,25973,10
12.9883003235,80.2513809204,25973,26003,30
12.9883003235,80.2513809204,26003,26013,10
12.9880199432,80.2514572144,26013,26024,11
12.9875802994,80.2515335083,26024,26034,10
12.9869298935,80.2517166138,26034,26044,10
12.9863195419,80.2518615723,26044,26054,10
12.9855804443,80.2520294189,26054,26064,10
12.9846601486,80.2522964478,26064,26074,10
12.9836597443,80.2525482178,26074,26084,10
12.982629776,80.2527236938,26084,26094,10
12.9816198349,80.2527236938,26094,26105,11
12.9807100296,80.2527618408,26105,26115,10
12.9801397324,80.2528381348,26115,26135,20
12.9801397324,80.2528381348,26135,26145,10
12.980050087,80.2528381348,26145,26155,10
12.9796895981,80.2527999878,26155,26165,10
12.9793300629,80.2527694702,26165,26176,11
12.9788198471,80.2527236938,26176,26186,10
12.978770256,80.2527008057,26186,26196,10
12.9784603119,80.252532959,26196,26206,10
12.9778995514,80.2520599365,26206,26216,10
12.9771203995,80.2515182495,26216,26226,10
12.9761295319,80.2512435913,26226,26236,10
12.9751701355,80.2509765625,26236,26246,10
12.9742498398,80.2507095337,26246,26257,11
12.9731998444,80.2504196167,26257,26267,10
12.9721803665,80.2501296997,26267,26277,10
12.9710597992,80.2498168945,26277,26287,10
12.9698801041,80.2495803833,26287,26297,10
12.9688396454,80.2490921021,26297,26307,10
12.9677801132,80.2486190796,26307,26317,10
12.9669599533,80.2482223511,26317,26328,11
12.9665803909,80.2480010986,26328,26338,10
12.965959549,80.2477416992,26338,26348,10
12.9652996063,80.2474899292,26348,26358,10
12.9652204514,80.247467041,26358,26368,10
12.9649200439,80.2473526001,26368,26378,10
12.9642801285,80.2471008301,26378,26388,10
12.9634599686,80.2467727661,26388,26398,10
12.9625196457,80.2463302612,26398,26409,11
12.9614095688,80.2457962036,26409,26419,10
12.9603996277,80.2453231812,26419,26429,10
12.95952034,80.2449493408,26429,26439,10
12.959400177,80.2448806763,26439,26449,10
12.9590301514,80.2446594238,26449,26459,10
12.9583597183,80.2443771362,26459,26469,10
12.9576997757,80.244140625,26469,26480,11
12.9569196701,80.243888855,26480,26490,10
12.9564399719,80.2437210083,26490,26510,20
12.9564399719,80.2437210083,26510,26520,10
12.9559803009,80.2435073853,26520,26530,10
12.9553403854,80.2431716919,26530,26540,10
12.9545402527,80.2428283691,26540,26550,10
12.953669548,80.2424621582,26550,26561,11
12.9526395798,80.2420425415,26561,26571,10
12.9520196915,80.2418365479,26571,26581,10
12.9519500732,80.2418212891,26581,26591,10
12.951499939,80.2416687012,26591,26601,10
12.9507799149,80.2414169312,26601,26611,10
12.9499797821,80.2412033081,26611,26621,10
12.9495801926,80.2410583496,26621,26632,11
12.9490299225,80.240852356,26632,26642,10
12.9485702515,80.2406616211,26642,26652,10
12.9480400085,80.2404403687,26652,26662,10
12.9474601746,80.2402191162,26662,26672,10
12.9473495483,80.2401733398,26672,26682,10
12.9471197128,80.2400665283,26682,26692,10
12.9465703964,80.2398605347,26692,26702,10
12.9458398819,80.2395172119,26702,26713,11
12.945019722,80.2389831543,26713,26723,10
12.9444198608,80.2383117676,26723,26733,10
12.9437103271,80.2375564575,26733,26743,10
12.942899704,80.2368011475,26743,26753,10
12.9420003891,80.2364501953,26753,26763,10
12.9412202835,80.2362518311,26763,26773,10
12.9406099319,80.2360916138,26773,26784,11
12.9400596619,80.2359390259,26784,26794,10
12.9397497177,80.2358322144,26794,26804,10
12.9396295547,80.2357788086,26804,26814,10
12.939160347,80.2355499268,26814,26824,10
12.9384899139,80.2352294922,26824,26834,10
12.9377202988,80.2348403931,26834,26844,10
12.9368400574,80.2343978882,26844,26855,11
12.9360399246,80.2340011597,26855,26865,10
12.9353303909,80.2336730957,26865,26875,10
12.9347496033,80.2334213257,26875,26885,10
12.9342098236,80.2331924438,26885,26895,10
12.9338598251,80.2329864502,26895,26905,10
12.9338197708,80.232963562,26905,26915,10
12.9334602356,80.2328033447,26915,26925,10
12.9328203201,80.2325592041,26925,26936,11
12.9319200516,80.2322463989,26936,26946,10
12.9310102463,80.2319412231,26946,26956,10
12.9300098419,80.2316589355,26956,26966,10
12.9290800095,80.2314605713,26966,26976,10
12.9280195236,80.2312774658,26976,26986,10
12.9269599915,80.2311477661,26986,26996,10
12.926199913,80.2310562134,26996,27007,11
12.9260797501,80.2310562134,27007,27017,10
12.9256496429,80.2309875488,27017,27027,10
12.9249801636,80.2309188843,27027,27037,10
12.9241600037,80.2308197021,27037,27047,10
12.9231901169,80.230682373,27047,27057,10
12.9221000671,80.2304992676,27057,27067,10
12.920920372,80.2303466797,27067,27077,10
12.9197597504,80.23021698,27077,27088,11
12.9188299179,80.2300796509,27088,27098,10
12.9179801941,80.2299804688,27098,27108,10
12.9170103073,80.2298736572,27108,27118,10
12.9160003662,80.2297134399,27118,27128,10
12.9149599075,80.2295608521,27128,27138,10
12.9139003754,80.2294082642,27138,27148,10
12.9133701324,80.2293624878,27148,27159,11
12.9133701324,80.2293167114,27159,27169,10
12.9129600525,80.2292633057,27169,27179,10
12.9123001099,80.2291717529,27179,27189,10
12.9114398956,80.2290725708,27189,27199,10
12.9104404449,80.2289123535,27199,27209,10
12.9093999863,80.228767395,27209,27219,10
12.9088201523,80.2286682129,27219,27229,10
12.9086503983,80.2286376953,27229,27240,11
12.9081497192,80.2285614014,27240,27300,60
12.9081497192,80.2285614014,27300,27311,11
12.9080400467,80.2285308838,27311,27321,10
12.9076795578,80.2284698486,27321,27331,10
12.90721035,80.2284622192,27331,27382,51
12.90721035,80.2284622192,27382,27392,10
12.9069499969,80.2284011841,27392,27402,10
12.9064397812,80.2283401489,27402,27412,10
12.9056596756,80.2283096313,27412,27422,10
12.9046602249,80.2282409668,27422,27432,10
12.9035196304,80.2281723022,27432,27442,10
12.9022598267,80.2281112671,27442,27452,10
12.9010696411,80.2280502319,27452,27554,102
12.9010696411,80.2280502319,27554,27564,10
12.9006204605,80.2279510498,27564,27574,10
12.8994598389,80.2279586792,27574,27604,30
12.8994598389,80.2279586792,27604,27615,11
12.899020195,80.2279510498,27615,27625,10
12.8984699249,80.227897644,27625,27635,10
12.8977298737,80.2278366089,27635,27645,10
12.8968801498,80.2277984619,27645,27655,10
12.8959999084,80.2277603149,27655,27665,10
12.8951396942,80.227722168,27665,27675,10
12.8943996429,80.2276611328,27675,27686,11
12.8937101364,80.2276077271,27686,27696,10
12.8933401108,80.2275772095,27696,27706,10
12.893239975,80.2275619507,27706,27756,50
12.893239975,80.2275619507,27756,27767,11
12.8930997849,80.2275619507,27767,27777,10
12.8927001953,80.2275238037,27777,27787,10
12.8921804428,80.2274475098,27787,27797,10
12.8914804459,80.2274093628,27797,27807,10
12.8906202316,80.2274703979,27807,27817,10
12.8897104263,80.2274627686,27817,27827,10
12.8892002106,80.2274398804,27827,27838,11
12.8890199661,80.2274169922,27838,27848,10
12.8887395859,80.2274398804,27848,27858,10
12.8886203766,80.2274398804,27858,27878,20
12.8886203766,80.2274398804,27878,27888,10
12.8884801865,80.2274475098,27888,27898,10
12.8882398605,80.2274017334,27898,27908,10
12.8879699707,80.2274017334,27908,27919,11
12.8877401352,80.2273712158,27919,27929,10
12.8873701096,80.2273101807,27929,27939,10
12.8867301941,80.2271881104,27939,27949,10
12.8859195709,80.2269592285,27949,27959,10
12.8847198486,80.2267608643,27959,27979,20
12.8847198486,80.2267608643,27979,27990,11
12.8843002319,80.2267608643,27990,28000,10
12.883649826,80.2267608643,28000,28010,10
12.8828401566,80.2267684937,28010,28020,10
12.8818998337,80.2267913818,28020,28030,10
12.8808097839,80.2267990112,28030,28040,10
12.8796195984,80.2268218994,28040,28050,10
12.8784103394,80.2268829346,28050,28060,10
12.8773202896,80.2269821167,28060,28071,11
12.8768796921,80.2270126343,28071,28081,10
12.8767299652,80.2270278931,28081,28091,10
12.8764400482,80.2270584106,28091,28101,10
12.8764200211,80.2270584106,28101,28111,10
12.8761301041,80.2270584106,28111,28121,10
12.8755598068,80.2270431519,28121,28131,10
12.8747797012,80.2269363403,28131,28142,11
12.8737697601,80.2268218994,28142,28152,10
12.8729896545,80.2267837524,28152,28162,10
12.8723802567,80.2267684937,28162,28172,10
12.8722000122,80.2267608643,28172,28182,10
12.8717403412,80.2267608643,28182,28192,10
12.8710298538,80.2267227173,28192,28202,10
12.87018013,80.2266464233,28202,28213,11
12.8691101074,80.2265319824,28213,28223,10
12.8680095673,80.2264785767,28223,28233,10
12.8669204712,80.2265777588,28233,28243,10
12.8660202026,80.2266311646,28243,28253,10
12.8650598526,80.2266464233,28253,28263,10
12.8639602661,80.226600647,28263,28273,10
12.8627796173,80.2265777588,28273,28283,10
12.8615398407,80.2266387939,28283,28294,11
12.860159874,80.2265396118,28294,28304,10
12.8589801788,80.2263793945,28304,28314,10
12.8586702347,80.2263565063,28314,28324,10
12.8585996628,80.2263565063,28324,28334,10
12.8582000732,80.2263336182,28334,28344,10
12.8575601578,80.2263336182,28344,28354,10
12.8567399979,80.2264099121,28354,28365,11
12.8557300568,80.2265014648,28365,28375,10
12.8546600342,80.2266082764,28375,28385,10
12.8534698486,80.2267303467,28385,28395,10
12.8521795273,80.2267379761,28395,28405,10
12.8508396149,80.2266921997,28405,28415,10
12.8495101929,80.2266387939,28415,28425,10
12.8481998444,80.2266387939,28425,28435,10
12.8468704224,80.2266616821,28435,28446,11
12.8453397751,80.2266769409,28446,28476,30
12.8453397751,80.2266769409,28476,28486,10
12.8452301025,80.2266387939,28486,28496,10
12.8445796967,80.2267227173,28496,28517,21
12.8445796967,80.2267227173,28517,28527,10
12.8445100784,80.2268295288,28527,28537,10
12.8441095352,80.2268600464,28537,28547,10
12.843460083,80.2269134521,28547,28557,10
12.8426303864,80.2270507813,28557,28567,10
12.841629982,80.2272796631,28567,28577,10
12.8406496048,80.2275390625,28577,28588,11
12.8401899338,80.2276763916,28588,28598,10
12.8398399353,80.2278137207,28598,28618,20
12.8398399353,80.2278137207,28618,28628,10
12.8396596909,80.2278594971,28628,28638,10
12.8393697739,80.2279205322,28638,28648,10
12.8388204575,80.2280197144,28648,28658,10
12.8380403519,80.2282028198,28658,28669,11
12.8370199203,80.2283782959,28669,28679,10
12.8359098434,80.2285385132,28679,28689,10
12.8347196579,80.2287368774,28689,28699,10
12.8334798813,80.2289581299,28699,28709,10
12.8326396942,80.2291183472,28709,28719,10
12.8325595856,80.2291412354,28719,28729,10
12.8318395615,80.2292327881,28729,28750,21
12.8318395615,80.2292327881,28750,28760,10
12.8315601349,80.2287826538,28760,28790,30
12.8315601349,80.2287826538,28790,28800,10
12.831489563,80.2286224365,28800,28810,10
12.831410408,80.2282028198,28810,28821,11
12.8312797546,80.2274932861,28821,28831,10
12.8311195374,80.2266998291,28831,28841,10
12.8310403824,80.2257995605,28841,28851,10
12.8310403824,80.2248764038,28851,28861,10
12.8310499191,80.2245483398,28861,28871,10
12.8310499191,80.2240066528,28871,28881,10
12.8310499191,80.2233963013,28881,28892,11
12.8310403824,80.2232818604,28892,28902,10
12.831029892,80.22315979,28902,28912,10
12.8310403824,80.22265625,28912,28922,10
12.8310403824,80.2222213745,28922,28932,10
12.8310499191,80.2217636108,28932,28942,10
12.8310604095,80.2210464478,28942,28952,10
12.8310604095,80.2202377319,28952,28963,11
12.8310403824,80.2196502686,28963,28973,10
12.8306503296,80.2194976807,28973,28983,10
12.8299503326,80.2194976807,28983,28993,10
12.8290596008,80.2195129395,28993,29003,10
12.8281097412,80.2194976807,29003,29013,10
12.8275995255,80.2195129395,29013,29023,10
12.8270101547,80.2195205688,29023,29074,51
12.8270101547,80.2195205688,29074,29084,10
12.826880455,80.2194976807,29084,29094,10
12.8263502121,80.2194900513,29094,29104,10
12.8258399963,80.2194824219,29104,29115,11
12.8252897263,80.2194824219,29115,29125,10
12.8252296448,80.2195281982,29125,29135,10
12.8248596191,80.219619751,29135,29145,10
12.824139595,80.2195281982,29145,29155,10
12.822930336,80.2194671631,29155,29175,20
12.822930336,80.2194671631,29175,29185,10
12.8228998184,80.2194595337,29185,29196,11
12.8226499557,80.2191619873,29196,29206,10
12.822640419,80.2188262939,29206,29216,10
12.8226299286,80.2172698975,29216,29226,10
12.8226299286,80.2172698975,29226,29236,10
12.822640419,80.2162780762,29236,29246,10
12.8228902817,80.2159729004,29246,29256,10
12.8230800629,80.216003418,29256,29267,11
12.8235702515,80.2159881592,29267,29277,10
12.8241796494,80.2159729004,29277,29290,13
12.8245697021,80.2159729004,29290,29300,10
12.8249502182,80.2159500122,29300,29462,162
12.8249502182,80.2159500122,29462,29472,10
12.8250303268,80.2160568237,29472,29482,10
12.8254003525,80.2160568237,29482,29493,11
12.8257198334,80.2160491943,29493,29503,10
12.8259000778,80.2162704468,29503,29513,10
12.8259000778,80.2168502808,29513,29523,10
12.8259401321,80.2176132202,29523,29533,10
12.8259496689,80.2184524536,29533,29543,10
12.8259496689,80.2191619873,29543,29553,10
12.8260002136,80.2193832397,29553,29563,10
12.8264198303,80.2193908691,29563,29574,11
12.8270902634,80.2193603516,29574,29584,10
12.8273801804,80.2193527222,29584,29594,10
12.8276796341,80.219367981,29594,29604,10
12.8283395767,80.219367981,29604,29614,10
12.8292102814,80.2193603516,29614,29624,10
12.8302698135,80.2193603516,29624,29634,10
12.8308897018,80.2193527222,29634,29645,11
12.831199646,80.2196884155,29645,29655,10
12.831199646,80.220489502,29655,29665,10
12.831199646,80.2215194702,29665,29675,10
12.8312196732,80.2221374512,29675,29685,10
12.831199646,80.2226028442,29685,29695,10
12.831199646,80.2234268188,29695,29705,10
12.831199646,80.2243728638,29705,29715,10
12.8312101364,80.2247619629,29715,29726,11
12.8311901093,80.225479126,29726,29736,10
12.831199646,80.2264175415,29736,29746,10
12.8313999176,80.2274017334,29746,29756,10
12.8316001892,80.2283630371,29756,29766,10
12.8317203522,80.2289886475,29766,29776,10
12.8320198059,80.2290802002,29776,29786,10
12.8326797485,80.2289199829,29786,29797,11
12.8334703445,80.2287826538,29797,29807,10
12.8343200684,80.2286224365,29807,29817,10
12.8353500366,80.2284622192,29817,29827,10
12.8363800049,80.2283096313,29827,29837,10
12.8374700546,80.2281417847,29837,29847,10
12.8383798599,80.2279281616,29847,29888,41
12.8383798599,80.2279281616,29888,29898,10
12.8386802673,80.2278289795,29898,29979,81
12.8386802673,80.2278289795,29979,29989,10
12.839050293,80.2276992798,29989,29999,10
12.8392295837,80.2276687622,29999,30060,61
12.8392295837,80.2276687622,30060,30070,10
12.8395500183,80.2276229858,30070,30080,10
12.8400201797,80.2275009155,30080,30090,10
12.840760231,80.2273025513,30090,30101,11
12.8417396545,80.2270278931,30101,30111,10
12.8428001404,80.2268218994,30111,30121,10
12.8438997269,80.2266464233,30121,30131,10
12.8450498581,80.2265014648,30131,30141,10
12.8453903198,80.2264709473,30141,30151,10
12.8455200195,80.2264709473,30151,30161,10
12.8458900452,80.2264709473,30161,30172,11
12.8466300964,80.2264709473,30172,30182,10
12.8475599289,80.2264785767,30182,30192,10
12.8486099243,80.2265014648,30192,30202,10
12.8497104645,80.2264785767,30202,30212,10
12.8508901596,80.2264862061,30212,30222,10
12.8521203995,80.2265396118,30222,30232,10
12.8534002304,80.2265625,30232,30242,10
12.8547697067,80.2264404297,30242,30253,11
12.8562803268,80.2262878418,30253,30263,10
12.8576002121,80.2261428833,30263,30273,10
12.8583498001,80.2261505127,30273,30283,10
12.8591003418,80.2262191772,30283,30293,10
12.8600702286,80.2263717651,30293,30303,10
12.860619545,80.2264404297,30303,30313,10
12.8606595993,80.2264785767,30313,30324,11
12.8609304428,80.2264862061,30324,30334,10
12.861579895,80.2265014648,30334,30344,10
12.8624696732,80.2264480591,30344,30354,10
12.863530159,80.2264175415,30354,30364,10
12.8645401001,80.2264480591,30364,30374,10
12.8655195236,80.2264785767,30374,30384,10
12.8666601181,80.2264175415,30384,30394,10
12.8678302765,80.22631073,30394,30405,11
12.8691301346,80.2263183594,30405,30415,10
12.8703804016,80.2264633179,30415,30425,10
12.871430397,80.2265396118,30425,30435,10
12.8720798492,80.2265625,30435,30445,10
12.8725099564,80.2265396118,30445,30455,10
12.8725700378,80.2265472412,30455,30465,10
12.8727703094,80.2265701294,30465,30476,11
12.8733997345,80.2266082764,30476,30486,10
12.8742198944,80.2266921997,30486,30496,10
12.8751096725,80.2267990112,30496,30506,10
12.8757200241,80.2268600464,30506,30516,10
12.875869751,80.2268829346,30516,30526,10
12.8760004044,80.2268981934,30526,30536,10
12.8766298294,80.2268371582,30536,30557,21
12.8766298294,80.2268371582,30557,30567,10
12.8767595291,80.2268218994,30567,30577,10
12.8771495819,80.2267990112,30577,30587,10
12.877869606,80.2267532349,30587,30597,10
12.8787899017,80.2266769409,30597,30607,10
12.8798704147,80.2266616821,30607,30617,10
12.8810300827,80.2266387939,30617,30628,11
12.8823699951,80.2266387939,30628,30638,10
12.8835697174,80.2266235352,30638,30648,10
12.8850297928,80.2265625,30648,30668,20
12.8850297928,80.2265625,30668,30678,10
12.8850402832,80.2264862061,30678,30688,10
12.8851203918,80.2265167236,30688,30699,11
12.8854398727,80.2266235352,30699,30709,10
12.8860397339,80.2267913818,30709,30719,10
12.8868398666,80.2269973755,30719,30729,10
12.8877496719,80.2271575928,30729,30739,10
12.888759613,80.2272415161,30739,30749,10
12.889840126,80.2272415161,30749,30759,10
12.890999794,80.2272491455,30759,30769,10
12.8918199539,80.2272491455,30769,30780,11
12.8918800354,80.2272567749,30780,30790,10
12.8920297623,80.2272720337,30790,30800,10
12.8924703598,80.2273178101,30800,30810,10
12.8931303024,80.2273864746,30810,30820,10
12.8940000534,80.2274780273,30820,30830,10
12.8949403763,80.2275390625,30830,30840,10
12.8958997726,80.2275772095,30840,30851,11
12.89702034,80.2276077271,30851,30861,10
12.8977899551,80.2276992798,30861,30911,50
12.8977899551,80.2276992798,30911,30921,10
12.8982601166,80.2276992798,30921,30932,11
12.8984603882,80.2276916504,30932,30942,10
12.8986701965,80.2276992798,30942,30952,10
12.899020195,80.2276992798,30952,30962,10
12.8994998932,80.227722168,30962,30972,10
12.9000797272,80.2277374268,30972,30982,10
12.9003696442,80.2277297974,30982,30992,10
12.9006299973,80.2277526855,30992,31003,11
12.9008703232,80.2277832031,31003,31033,30
12.9008703232,80.2277832031,31033,31043,10
12.9011497498,80.2278900146,31043,31053,10
12.9013004303,80.2278594971,31053,31063,10
12.9013595581,80.2278289795,31063,31074,11
12.9016504288,80.2278823853,31074,31084,10
12.9020795822,80.227897644,31084,31094,10
12.9023799896,80.2279205322,31094,31124,30
12.9023799896,80.2279205322,31124,31134,10
12.9027900696,80.2279205322,31134,31144,10
12.9028396606,80.2279205322,31144,31155,11
12.9031801224,80.2279205322,31155,31165,10
12.9033403397,80.2279281616,31165,31175,10
12.9037303925,80.2279663086,31175,31246,71
12.9037303925,80.2279663086,31246,31256,10
12.9040899277,80.2279815674,31256,31266,10
12.9045000076,80.2279891968,31266,31317,51
12.9045000076,80.2279891968,31317,31327,10
12.9048595428,80.228012085,31327,31357,30
12.9048595428,80.228012085,31357,31367,10
12.9050397873,80.2280197144,31367,31378,11
12.9051198959,80.2280197144,31378,31388,10
12.905380249,80.2279815674,31388,31408,20
12.905380249,80.2279815674,31408,31418,10
12.905579567,80.2278594971,31418,31428,10
12.9057302475,80.2278900146,31428,31438,10
12.9058599472,80.2279586792,31438,31448,10
12.9060602188,80.2280578613,31448,31560,112
12.9060602188,80.2280578613,31560,31570,10
12.9063596725,80.2281188965,31570,31580,10
12.9065799713,80.2281265259,31580,31590,10
12.9070301056,80.2281570435,31590,31601,11
12.9070901871,80.2281799316,31601,31611,10
12.907409668,80.2282333374,31611,31621,10
12.9079999924,80.2283172607,31621,31631,10
12.9088201523,80.2284698486,31631,31641,10
12.9097900391,80.2285995483,31641,31651,10
12.9109296799,80.2287826538,31651,31661,10
12.9121103287,80.2289428711,31661,31671,10
12.9138898849,80.2291717529,31671,31692,21
12.9138898849,80.2291717529,31692,31702,10
12.9139900208,80.2291717529,31702,31712,10
12.9143800735,80.2292404175,31712,31722,10
12.9150104523,80.2292785645,31722,31732,10
12.9158401489,80.2294311523,31732,31742,10
12.9167804718,80.2295379639,31742,31753,11
12.9172697067,80.2296295166,31753,31763,10
12.9176797867,80.2297210693,31763,31773,10
12.9183397293,80.2297973633,31773,31783,10
12.9191598892,80.2298812866,31783,31793,10
12.9199199677,80.2299728394,31793,31803,10
12.9207696915,80.2301101685,31803,31813,10
12.9217596054,80.2302093506,31813,31823,10
12.9228601456,80.2304229736,31823,31834,11
12.924079895,80.2305831909,31834,31844,10
12.9252595901,80.2307510376,31844,31854,10
12.9263401031,80.2308807373,31854,31874,20
12.9263401031,80.2308807373,31874,31884,10
12.9266996384,80.2309188843,31884,31894,10
12.9272603989,80.2309875488,31894,31905,11
12.9280595779,80.2310714722,31905,31915,10
12.9284801483,80.2311019897,31915,31925,10
12.9289197922,80.2311782837,31925,31935,10
12.9295301437,80.2313079834,31935,31945,10
12.9302597046,80.2314987183,31945,31955,10
12.9310503006,80.2317123413,31955,31965,10
12.9319295883,80.2320022583,31965,31975,10
12.9328403473,80.2323226929,31975,31986,11
12.9340696335,80.2328796387,31986,32016,30
12.9340696335,80.2328796387,32016,32026,10
12.9343795776,80.2330169678,32026,32036,10
12.934920311,80.2332611084,32036,32046,10
12.935549736,80.2335586548,32046,32057,11
12.9363002777,80.2339172363,32057,32067,10
12.9371004105,80.2342987061,32067,32077,10
12.9380197525,80.2347488403,32077,32087,10
12.939040184,80.2352294922,32087,32097,10
12.9398603439,80.2356414795,32097,32117,20
12.9398603439,80.2356414795,32117,32127,10
12.9399499893,80.2357025146,32127,32138,11
12.9404201508,80.2358703613,32138,32148,10
12.9411201477,80.2360534668,32148,32158,10
12.9419498444,80.2362365723,32158,32168,10
12.9427995682,80.2365493774,32168,32178,10
12.9435997009,80.2371826172,32178,32188,10
12.9443798065,80.2380371094,32188,32198,10
12.9452199936,80.2389221191,32198,32209,11
12.9469404221,80.2397689819,32209,32239,30
12.9469404221,80.2397689819,32239,32249,10
12.9472799301,80.2398910522,32249,32259,10
12.9478197098,80.2401199341,32259,32269,10
12.9482898712,80.2403335571,32269,32442,173
12.9482898712,80.2403335571,32442,32452,10
12.9484996796,80.2404022217,32452,32462,10
12.9488601685,80.2405319214,32462,32472,10
12.9493503571,80.2407608032,32472,32482,10
12.950050354,80.2409591675,32482,32492,10
12.9506998062,80.2411727905,32492,32502,10
12.9509496689,80.2412719727,32502,32513,11
12.9510402679,80.2413406372,32513,32523,10
12.9514303207,80.2414474487,32523,32533,10
12.9520301819,80.2416381836,32533,32543,10
12.9528102875,80.2419204712,32543,32553,10
12.953669548,80.2422332764,32553,32563,10
12.9539604187,80.2423477173,32563,32573,10
12.9540100098,80.2423934937,32573,32584,11
12.9544095993,80.2425613403,32584,32594,10
12.9549703598,80.242767334,32594,32604,10
12.9554004669,80.2429122925,32604,32614,10
12.9555196762,80.2429504395,32614,32624,10
12.9555301666,80.2429504395,32624,32634,10
12.9557104111,80.2429962158,32634,32644,10
12.9559497833,80.2430801392,32644,32654,10
12.9561300278,80.2431488037,32654,32675,21
12.9561300278,80.2431488037,32675,32685,10
12.9563302994,80.2432403564,32685,32695,10
12.9565896988,80.243347168,32695,32705,10
12.957159996,80.243637085,32705,32715,10
12.9578199387,80.2439804077,32715,32725,10
12.9585800171,80.2442703247,32725,32736,11
12.9588003159,80.2443618774,32736,32746,10
12.9589395523,80.2444229126,32746,32756,10
12.9593801498,80.2446517944,32756,32766,10
12.9600000381,80.2449264526,32766,32776,10
12.9608001709,80.2452774048,32776,32786,10
12.9617004395,80.2457199097,32786,32796,10
12.962439537,80.2460784912,32796,32806,10
12.9630804062,80.2463912964,32806,32827,21
12.9630804062,80.2463912964,32827,32837,10
12.9632797241,80.2464981079,32837,32847,10
12.9635000229,80.2465667725,32847,32857,10
12.9638700485,80.2467422485,32857,32867,10
12.9644804001,80.2469787598,32867,32877,10
12.9652395248,80.2472610474,32877,32888,11
12.9661397934,80.2475891113,32888,32898,10
12.9666996002,80.2478027344,32898,32918,20
12.9666996002,80.2478027344,32918,32928,10
12.9668703079,80.2479019165,32928,32938,10
12.9672698975,80.2481079102,32938,32948,10
12.9679803848,80.2483825684,32948,32959,11
12.9688997269,80.2487716675,32959,32969,10
12.9698801041,80.2491836548,32969,32979,10
12.9709100723,80.2495727539,32979,32989,10
12.9720096588,80.2498703003,32989,32999,10
12.9730596542,80.2501373291,32999,33009,10
12.9741601944,80.2504577637,33009,33019,10
12.9752502441,80.2507629395,33019,33029,10
12.9762802124,80.2510528564,33029,33040,11
12.9774703979,80.2515029907,33040,33050,10
12.9782400131,80.2520904541,33050,33070,20
12.9782400131,80.2520904541,33070,33080,10
12.9784603119,80.2522201538,33080,33090,10
12.9786396027,80.2523193359,33090,33100,10
12.9792604446,80.2525100708,33100,33181,81
12.9792604446,80.2525100708,33181,33192,11
12.979590416,80.252532959,33192,33202,10
12.9798002243,80.2525634766,33202,33212,10
12.9802598953,80.2525863647,33212,33222,10
12.9809303284,80.2525787354,33222,33232,10
12.9817695618,80.2525634766,33232,33242,10
12.9827604294,80.2525024414,33242,33252,10
12.983499527,80.2523880005,33252,33638,386
12.983499527,80.2523880005,33638,33648,10
12.9837999344,80.2523422241,33648,33658,10
12.9842500687,80.2522201538,33658,33668,10
12.9848604202,80.2520370483,33668,33678,10
12.9854097366,80.2518997192,33678,33688,10
12.9857597351,80.2517623901,33688,33698,10
12.9860897064,80.2517166138,33698,33708,10
12.9863796234,80.2516479492,33708,33719,11
12.9869403839,80.2515029907,33719,34114,395
12.9869403839,80.2515029907,34114,34124,10
12.9872398376,80.251411438,34124,34134,10
12.9874897003,80.2513504028,34134,34144,10
12.9879198074,80.2512435913,34144,34154,10
12.9885997772,80.2510910034,34154,34165,11
12.9894599915,80.250831604,34165,34185,20
12.9894599915,80.250831604,34185,34195,10
12.9896602631,80.2507781982,34195,34205,10
12.9900398254,80.2507019043,34205,34215,10
12.9909200668,80.2504806519,34215,34225,10
12.9917898178,80.2502822876,34225,34235,10
12.9927797318,80.2500610352,34235,34246,11
12.9940004349,80.2497406006,34246,34256,10
12.9951496124,80.2494735718,34256,34266,10
12.9960803986,80.2492294312,34266,34276,10
12.9967498779,80.2489929199,34276,34286,10
12.9968595505,80.2489776611,34286,34296,10
12.9971399307,80.2489089966,34296,34306,10
12.9976902008,80.2487716675,34306,34317,11
12.9985399246,80.2485580444,34317,34327,10
12.999420166,80.2483520508,34327,34337,10
13.0004997253,80.2480773926,34337,34347,10
13.0016698837,80.2478027344,34347,34357,10
13.0025596619,80.2476119995,34357,34367,10
13.0035600662,80.2474365234,34367,34377,10
13.0046796799,80.2472610474,34377,34387,10
13.0058298111,80.2470626831,34387,34398,11
13.0065097809,80.2463989258,34398,34418,20
13.0065097809,80.2463989258,34418,34428,10
13.0065402985,80.2461166382,34428,34438,10
13.0065803528,80.24559021,34438,34448,10
13.0065603256,80.2449874878,34448,34458,10
13.006529808,80.2448196411,34458,34469,11
13.0065002441,80.2445068359,34469,34499,30
13.0065498352,80.2442092896,34499,34540,41
13.0065498352,80.2442092896,34540,34550,10
13.0065402985,80.243812561,34550,34560,10
13.0065097809,80.243560791,34560,34570,10
13.0065402985,80.243019104,34570,34580,10
13.0065202713,80.2422790527,34580,34590,10
13.0065402985,80.2414321899,34590,34600,10
13.0066404343,80.2407684326,34600,34610,10
13.0066900253,80.2406234741,34610,34621,11
13.0067396164,80.2404174805,34621,34631,10
13.0068302155,80.2400436401,34631,34641,10
13.0068998337,80.2394180298,34641,34651,10
13.0070295334,80.2386703491,34651,34661,10
13.0071496964,80.2380218506,34661,34671,10
13.0072898865,80.2375030518,34671,34681,10
13.0073699951,80.236869812,34681,34692,11
13.0074100494,80.2367095947,34692,34702,10
13.0074701309,80.2365875244,34702,34712,10
13.0075302124,80.2362518311,34712,34722,10
13.0075397491,80.2362136841,34722,34732,10
13.0075702667,80.2358703613,34732,34742,10
13.0076904297,80.2353820801,34742,34752,10
13.007809639,80.2347183228,34752,34762,10
13.0079803467,80.2340011597,34762,34773,11
13.0081996918,80.2328186035,34773,34783,10
13.0083703995,80.2317581177,34783,34793,10
13.0085496902,80.2307891846,34793,34803,10
13.0086898804,80.2298431396,34803,34813,10
13.0088596344,80.2289581299,34813,34823,10
13.0091104507,80.2281417847,34823,34833,10
13.0095100403,80.2272567749,34833,34844,11
13.0100097656,80.2262573242,34844,34854,10
13.010430336,80.2254180908,34854,34864,10
13.0105304718,80.2251815796,34864,34874,10
13.0106801987,80.2249526978,34874,34884,10
13.0108604431,80.2244110107,34884,34894,10
13.0110702515,80.223739624,34894,34904,10
13.0112495422,80.2232818604,34904,34914,10
13.011759758,80.223487854,34914,34925,11
13.0126399994,80.2239608765,34925,34935,10
13.0134601593,80.2242889404,34935,34945,10
13.0143404007,80.2247314453,34945,34955,10
13.0152397156,80.225189209,34955,34975,20
13.0152397156,80.225189209,34975,34985,10
13.0157299042,80.2252502441,34985,35006,21
13.0157299042,80.2252502441,35006,35016,10
13.0158901215,80.225227356,35016,35026,10
13.0162601471,80.2253265381,35026,35036,10
13.0167798996,80.2252120972,35036,35046,10
13.0172595978,80.2250213623,35046,35056,10
13.0173902512,80.2249679565,35056,35066,10
13.0174798965,80.224937439,35066,35077,11
13.0176200867,80.2248764038,35077,35087,10
13.0179700851,80.2247390747,35087,35097,10
13.0182695389,80.2245864868,35097,35107,10
13.0185003281,80.2244567871,35107,35117,10
13.0187501907,80.2243423462,35117,35127,10
13.0190200806,80.2242736816,35127,35168,41
13.0190200806,80.2242736816,35168,35178,10
13.019370079,80.2242965698,35178,35188,10
13.0194101334,80.2242965698,35188,35198,10
13.019610405,80.2244110107,35198,35208,10
13.0196504593,80.2244186401,35208,35218,10
13.0198602676,80.2245788574,35218,35229,11
13.0199604034,80.224647522,35229,35239,10
13.0200395584,80.2247467041,35239,35249,10
13.0202198029,80.2248916626,35249,35259,10
13.0203800201,80.2249679565,35259,35269,10
13.0206003189,80.2251205444,35269,35279,10
13.0208501816,80.2253265381,35279,35289,10
13.0210800171,80.2254867554,35289,35300,11
13.0214300156,80.2257385254,35300,35320,20
13.0214300156,80.2257385254,35320,35330,10
13.0216999054,80.2259063721,35330,36333,1003
13.0216999054,80.2259063721,36333,36343,10
13.0221500397,80.2262573242,36343,36374,31
13.0221500397,80.2262573242,36374,36384,10
13.0223302841,80.2264175415,36384,36394,10
13.0225400925,80.226600647,36394,36404,10
13.0226802826,80.2267303467,36404,36414,10
13.0228595734,80.2269134521,36414,36425,11
13.0231103897,80.2272415161,36425,36445,20
13.0231103897,80.2272415161,36445,36455,10
13.0233201981,80.2273635864,36455,36465,10
13.0235395432,80.2275924683,36465,36475,10
13.0238103867,80.2277526855,36475,36485,10
13.0240297318,80.2279663086,36485,36496,11
13.0243501663,80.2283172607,36496,36556,60
13.0243501663,80.2283172607,36556,36566,10
13.0242996216,80.2285614014,36566,36577,11
13.0239095688,80.2281265259,36577,36587,10
13.0233802795,80.2275695801,36587,36637,50
13.0233802795,80.2275695801,36637,36648,11
13.0232696533,80.2274398804,36648,36658,10
13.0230798721,80.2272491455,36658,36668,10
13.0228796005,80.2271194458,36668,36678,10
13.0226898193,80.2269592285,36678,36688,10
13.0226202011,80.226852417,36688,36698,10
13.022480011,80.2267303467,36698,36708,10
13.0221395493,80.2264709473,36708,36718,10
13.0218095779,80.2262115479,36718,36729,11
13.0213298798,80.2258377075,36729,36739,10
13.0207300186,80.2253875732,36739,36749,10
13.0202302933,80.2250595093,36749,36759,10
13.0201396942,80.2249679565,36759,36769,10
13.0198202133,80.2247924805,36769,36779,10
13.0192804337,80.2245407104,36779,36789,10
13.0185403824,80.2246322632,36789,36800,11
13.0176496506,80.2249832153,36800,36810,10
13.0168800354,80.2252807617,36810,36820,10
13.0164804459,80.2254562378,36820,36830,10
13.016119957,80.2256088257,36830,36840,10
13.0156002045,80.2257614136,36840,36850,10
13.0150203705,80.2259902954,36850,36860,10
13.0144996643,80.2261962891,36860,36870,10
13.0144395828,80.2262268066,36870,36881,11
13.0143299103,80.2262802124,36881,36891,10
13.0139398575,80.2264175415,36891,36901,10
13.0134496689,80.226600647,36901,36911,10
13.0127801895,80.2268371582,36911,36921,10
13.0119600296,80.2271728516,36921,36931,10
13.0110998154,80.2275085449,36931,36941,10
13.0102500916,80.2278671265,36941,36952,11
13.0093603134,80.2282791138,36952,36962,10
13.0090999603,80.2289962769,36962,36972,10
13.008939743,80.2297210693,36972,36982,10
13.0088195801,80.2304229736,36982,36992,10
13.0086603165,80.2311935425,36992,37053,61
13.0086603165,80.2311935425,37053,37063,10
13.008649826,80.2314834595,37063,37073,10
13.0085802078,80.2317810059,37073,37083,10
13.008480072,80.2321472168,37083,37093,10
13.0083904266,80.2325134277,37093,37104,11
13.0083398819,80.2328720093,37104,37114,10
13.0083198547,80.2334136963,37114,37134,20
13.0083198547,80.2334136963,37134,37144,10
13.0082597733,80.2336578369,37144,37175,31
13.0082597733,80.2336578369,37175,37185,10
13.0081195831,80.234046936,37185,37195,10
13.0080404282,80.2344512939,37195,37205,10
13.0079298019,80.2350234985,37205,37215,10
13.0078001022,80.2356185913,37215,37296,81
13.0078001022,80.2356185913,37296,37306,10
13.0077295303,80.236076355,37306,37316,10
13.0076999664,80.2362365723,37316,37327,11
13.0076599121,80.2364807129,37327,37337,10
13.0075702667,80.2369537354,37337,37347,10
13.0073604584,80.2379074097,37347,37408,61
13.0073604584,80.2379074097,37408,37418,10
13.0073699951,80.2381210327,37418,37428,10
13.0072603226,80.2383270264,37428,37438,10
13.0071401596,80.2387619019,37438,37448,10
13.0070199966,80.2393035889,37448,37458,10
13.0069103241,80.2398529053,37458,37468,10
13.0068302155,80.2403793335,37468,37479,11
13.0066900253,80.2412185669,37479,37489,10
13.0066795349,80.2420425415,37489,37499,10
13.0066900253,80.2426605225,37499,37509,10
13.0067195892,80.2429580688,37509,37519,10
13.0067195892,80.2433319092,37519,37529,10
13.0066900253,80.2438201904,37529,37549,20
13.0066900253,80.2438201904,37549,37560,11
13.0066795349,80.244178772,37560,37590,30
13.0066795349,80.244178772,37590,37600,10
13.0067100525,80.2445526123,37600,37610,10
13.0067100525,80.2447891235,37610,37620,10
13.0067100525,80.2451171875,37620,37631,11
13.0067501068,80.2457427979,37631,37641,10
13.0067796707,80.2463989258,37641,37651,10
13.0067796707,80.2470169067,37651,37661,10
13.0063400269,80.2473907471,37661,37691,30
13.0063400269,80.2473907471,37691,37701,10
13.0061998367,80.2475128174,37701,37712,11
13.0059204102,80.2474594116,37712,37722,10
13.005399704,80.2474212646,37722,37732,10
13.0046195984,80.2474365234,37732,37742,10
13.0036802292,80.247543335,37742,37753,11
13.0026502609,80.2477035522,37753,37763,10
13.0015201569,80.2479782104,37763,37774,11
13.0004501343,80.2482681274,37774,37785,11
12.9990997314,80.2486114502,37785,37795,10
12.9979801178,80.2489013672,37795,37805,10
12.9967899323,80.2491989136,37805,37815,10
12.9955501556,80.2495574951,37815,37825,10
12.9942398071,80.2498626709,37825,37835,10
12.9929504395,80.2501907349,37835,37845,10
12.9920501709,80.2504196167,37845,37927,82
12.9920501709,80.2504196167,37927,37937,10
12.9919500351,80.2504196167,37937,37947,10
12.9915504456,80.2505187988,37947,37957,10
12.9912004471,80.2506408691,37957,37967,10
12.9911699295,80.2506484985,37967,37977,10
12.9910802841,80.2506637573,37977,37987,10
12.9908704758,80.2507019043,37987,37997,10
12.9906101227,80.2507476807,37997,38129,132
12.9904603958,80.2506484985,38129,38301,172
12.9904298782,80.2505493164,38301,38393,92
12.9904298782,80.2505493164,38393,38403,10
12.99036026,80.2506027222,38403,38413,10
12.989979744,80.2507781982,38413,38423,10
12.9896202087,80.2509613037,38423,38433,10
12.9894199371,80.2510528564,38433,38443,10
12.9891300201,80.2511062622,38443,38453,10
12.9889297485,80.2511672974,38453,38464,11
12.9886198044,80.2512283325,38464,38474,10
12.9883203506,80.2513427734,38474,38484,10
12.9879398346,80.2514266968,38484,38494,10
12.987449646,80.2515487671,38494,38504,10
12.9867296219,80.251739502,38504,38513,9
12.9861097336,80.2518692017,38513,38524,11
12.9854097366,80.2520675659,38524,38535,11
12.9842596054,80.2523727417,38535,38545,10
12.9833898544,80.2526092529,38545,38555,10
12.9825000763,80.2527236938,38555,38565,10
12.9816799164,80.2527313232,38565,38575,10
12.9811401367,80.2527389526,38575,38585,10
12.9808797836,80.2527618408,38585,38595,10
12.9807701111,80.2527618408,38595,38606,11
12.9805698395,80.2527694702,38606,38636,30
12.9805698395,80.2527694702,38636,38646,10
12.9803199768,80.252746582,38646,38656,10
12.9799499512,80.2527694702,38656,38666,10
12.9794397354,80.2527236938,38666,38676,10
12.9786701202,80.2526092529,38676,38697,21
12.9786701202,80.2526092529,38697,38707,10
12.9784297943,80.252532959,38707,38717,10
12.97797966,80.2521820068,38717,38727,10
12.9773597717,80.2516326904,38727,38737,10
12.9764995575,80.2513198853,38737,38747,10
12.9755802155,80.2510604858,38747,38758,11
12.9745502472,80.2507400513,38758,38768,10
12.9735898972,80.2504577637,38768,38778,10
12.9726200104,80.2502212524,38778,38788,10
12.971619606,80.2499389648,38788,38798,10
12.9706401825,80.249671936,38798,38808,10
12.9696102142,80.249420166,38808,38818,10
12.9687099457,80.2490081787,38818,38828,10
12.9678096771,80.2486114502,38828,38839,11
12.9666004181,80.248046875,38839,38869,30
12.9666004181,80.248046875,38869,38879,10
12.9664001465,80.2479095459,38879,38889,10
12.965929985,80.2477264404,38889,38899,10
12.9652996063,80.247467041,38899,38910,11
12.9650297165,80.2473831177,38910,38920,10
12.9647502899,80.2472763062,38920,38930,10
12.9642801285,80.2470932007,38930,38940,10
12.9638996124,80.246963501,38940,38950,10
12.9633998871,80.2467422485,38950,38960,10
12.9626903534,80.2463989258,38960,38970,10
12.9618597031,80.2460021973,38970,38980,10
12.9610004425,80.2455825806,38980,38991,11
12.9600696564,80.2451477051,38991,39001,10
12.9595899582,80.244972229,39001,39011,10
12.9594802856,80.2449111938,39011,39021,10
12.9591598511,80.2447433472,39021,39031,10
12.9585504532,80.2444915771,39031,39041,10
12.9578800201,80.2442016602,39041,39051,10
12.9572696686,80.2439804077,39051,39062,11
12.9568796158,80.2438583374,39062,39102,40
12.9565000534,80.2437362671,39102,39132,30
12.9565000534,80.2437362671,39132,39143,11
12.9561195374,80.2435836792,39143,39153,10
12.9555702209,80.2432785034,39153,39163,10
12.9548597336,80.2429580688,39163,39173,10
12.9540596008,80.2426071167,39173,39183,10
12.9531803131,80.2422485352,39183,39193,10
12.9522800446,80.2418899536,39193,39203,10
12.9516601563,80.2416992188,39203,39214,11
12.9516496658,80.2416915894,39214,39224,10
12.9513196945,80.2415924072,39224,39234,10
12.9507198334,80.2413787842,39234,39244,10
12.9499597549,80.2411422729,39244,39254,10
12.9491596222,80.2409133911,39254,39264,10
12.9484701157,80.2406005859,39264,39274,10
12.947640419,80.2402420044,39274,39284,10
12.9471998215,80.2400665283,39284,39295,11
12.9472103119,80.2400817871,39295,39305,10
12.9470396042,80.2400131226,39305,39315,10
12.9465703964,80.2398223877,39315,39325,10
12.9459600449,80.2395629883,39325,39335,10
12.9452400208,80.2392120361,39335,39345,10
12.9445800781,80.2385864258,39345,39355,10
12.9439296722,80.2378997803,39355,39366,11
12.9432401657,80.2371292114,39366,39376,10
12.9423904419,80.236618042,39376,39386,10
12.9414196014,80.2363204956,39386,39396,10
12.9404497147,80.236038208,39396,39406,10
12.9397201538,80.2358016968,39406,39426,20
12.9397201538,80.2358016968,39426,39437,11
12.9393596649,80.2356185913,39437,39447,10
12.9388399124,80.2353820801,39447,39457,10
12.9381504059,80.2350616455,39457,39467,10
12.9373502731,80.2346725464,39467,39477,10
12.9364900589,80.2342834473,39477,39487,10
12.9357204437,80.2339172363,39487,39497,10
12.9348402023,80.2335510254,39497,39507,10
12.9338703156,80.2330627441,39507,39528,21
12.9338703156,80.2330627441,39528,39538,10
12.9336500168,80.2329711914,39538,39548,10
12.9331302643,80.2327423096,39548,39558,10
12.9323997498,80.2324523926,39558,39568,10
12.9315595627,80.2321395874,39568,39578,10
12.9306297302,80.231842041,39578,39589,11
12.9295902252,80.2315597534,39589,39599,10
12.9288597107,80.2314224243,39599,39609,10
12.9280996323,80.2312774658,39609,39619,10
12.9272298813,80.2311477661,39619,39629,10
12.9263896942,80.2310409546,39629,39639,10
12.9261198044,80.2310409546,39639,39649,10
12.9260997772,80.2310409546,39649,39659,10
12.9257698059,80.231010437,39659,39670,11
12.9252004623,80.2309494019,39670,39680,10
12.9244804382,80.2308578491,39680,39690,10
12.9236602783,80.2307434082,39690,39700,10
12.9227199554,80.2306137085,39700,39710,10
12.9216804504,80.2304611206,39710,39720,10
12.9205904007,80.2303237915,39720,39730,10
12.9194898605,80.230178833,39730,39741,11
12.9183101654,80.2300186157,39741,39751,10
12.9172201157,80.2298736572,39751,39761,10
12.9160699844,80.2297210693,39761,39771,10
12.9149103165,80.2295379639,39771,39781,10
12.913769722,80.2293624878,39781,39791,10
12.9132499695,80.2293319702,39791,39832,41
12.9132499695,80.2293319702,39832,39842,10
12.9131097794,80.2292175293,39842,39852,10
12.9126195908,80.2291717529,39852,39862,10
12.9118900299,80.2290802002,39862,39872,10
12.9110298157,80.2289810181,39872,39882,10
12.9100904465,80.228843689,39882,39893,11
12.9090595245,80.2286834717,39893,39903,10
12.9081001282,80.2285308838,39903,39913,10
12.9072704315,80.2283782959,39913,39974,61
12.9072704315,80.2283782959,39974,39984,10
12.9071998596,80.2284088135,39984,39994,10
12.9068899155,80.2283782959,39994,40004,10
12.9063396454,80.2283172607,40004,40014,10
12.905579567,80.2282714844,40014,40024,10
12.9046802521,80.2282409668,40024,40034,10
12.9037303925,80.2281570435,40034,40045,11
12.9026298523,80.2281112671,40045,40055,10
12.9015798569,80.2280578613,40055,40075,20
12.9015798569,80.2280578613,40075,40085,10
12.9012699127,80.228012085,40085,40105,20
12.9012699127,80.228012085,40105,40116,11
12.9010801315,80.2280273438,40116,40126,10
12.9007301331,80.2279891968,40126,40136,10
12.9002103806,80.2279891968,40136,40146,10
12.8992099762,80.2279663086,40146,40166,20
12.8992099762,80.2279663086,40166,40176,10
12.8991003036,80.2279205322,40176,40186,10
12.8986597061,80.2278823853,40186,40197,11
12.8979797363,80.2278366089,40197,40207,10
12.897190094,80.2277984619,40207,40217,10
12.896320343,80.2277526855,40217,40227,10
12.8953800201,80.2277069092,40227,40237,10
12.8944396973,80.2276687622,40237,40247,10
12.8934698105,80.2275695801,40247,40257,10
12.8927497864,80.2274780273,40257,40298,41
12.8927497864,80.2274780273,40298,40308,10
12.8923597336,80.2274627686,40308,40318,10
12.8917703629,80.227432251,40318,40328,10
12.8909597397,80.2274398804,40328,40338,10
12.8900299072,80.2274475098,40338,40349,11
12.8889398575,80.2274398804,40349,40359,10
12.887960434,80.2273712158,40359,40369,10
12.8869800568,80.2272186279,40369,40379,10
12.8859596252,80.2269668579,40379,40389,10
12.8850002289,80.2267837524,40389,40399,10
12.8848400116,80.2267837524,40399,40409,10
12.8844804764,80.2267608643,40409,40420,11
12.8837995529,80.2267684937,40420,40430,10
12.8829803467,80.2267684937,40430,40440,10
12.8820495605,80.2267608643,40440,40450,10
12.8810100555,80.2267608643,40450,40460,10
12.8798599243,80.2267913818,40460,40470,10
12.8786802292,80.2268218994,40470,40480,10
12.8774900436,80.2268981934,40480,40490,10
12.8765001297,80.2270126343,40490,40511,21
12.8765001297,80.2270126343,40511,40521,10
12.8762397766,80.2270507813,40521,40531,10
12.8757600784,80.2270202637,40531,40541,10
12.8750495911,80.2269592285,40541,40551,10
12.8742198944,80.2268600464,40551,40561,10
12.873339653,80.2267608643,40561,40572,11
12.872710228,80.2267303467,40572,40582,10
12.8719701767,80.2267379761,40582,40592,10
12.8710899353,80.2266998291,40592,40602,10
12.8701095581,80.226600647,40602,40612,10
12.8689804077,80.2264785767,40612,40622,10
12.8677902222,80.2264404297,40622,40632,10
12.8666496277,80.2265777588,40632,40642,10
12.865480423,80.2266235352,40642,40653,11
12.8641395569,80.2265777588,40653,40663,10
12.8628702164,80.2265625,40663,40673,10
12.8616104126,80.2266387939,40673,40683,10
12.8607301712,80.2266387939,40683,40693,10
12.8607196808,80.2266387939,40693,40703,10
12.8603696823,80.2265777588,40703,40713,10
12.8597202301,80.2265014648,40713,40724,11
12.8588399887,80.2263717651,40724,40734,10
12.8580303192,80.2263183594,40734,40744,10
12.8570995331,80.2263793945,40744,40754,10
12.8561000824,80.2264709473,40754,40764,10
12.8550195694,80.2265930176,40764,40774,10
12.8538999557,80.2266998291,40774,40784,10
12.8526601791,80.2267608643,40784,40794,10
12.8516197205,80.2267379761,40794,40805,11
12.850230217,80.2266616821,40805,40825,20
12.850230217,80.2266616821,40825,40835,10
12.8499803543,80.2266464233,40835,40845,10
12.8494300842,80.2266464233,40845,40855,10
12.8486003876,80.2266387939,40855,40865,10
12.8476400375,80.2266387939,40865,40876,11
12.8465299606,80.2266693115,40876,40886,10
12.8461704254,80.2266769409,40886,40896,10
12.8457899094,80.2266693115,40896,40906,10
12.8453302383,80.2266921997,40906,40926,20
12.8453302383,80.2266921997,40926,40936,10
12.8452997208,80.2266998291,40936,40947,11
12.8447799683,80.2267303467,40947,40957,10
12.8440599442,80.2267913818,40957,40967,10
12.8431797028,80.2269134521,40967,40977,10
12.842209816,80.2270812988,40977,40987,10
12.8411903381,80.2273178101,40987,40997,10
12.8402996063,80.2275695801,40997,41007,10
12.8399000168,80.2277526855,41007,41028,21
12.8399000168,80.2277526855,41028,41038,10
12.8397502899,80.2277984619,41038,41048,10
12.8395700455,80.2278671265,41048,41058,10
12.8390398026,80.2279510498,41058,41068,10
12.8382797241,80.2281265259,41068,41078,10
12.8374099731,80.2283096313,41078,41088,10
12.8363704681,80.2284622192,41088,41099,11
12.8351097107,80.2286376953,41099,41109,10
12.8339099884,80.2288513184,41109,41119,10
12.8322896957,80.2291793823,41119,41159,40
12.8322896957,80.2291793823,41159,41169,10
12.8322296143,80.2292098999,41169,41180,11
12.8317203522,80.2293167114,41180,41190,10
12.8309402466,80.2295227051,41190,41200,10
12.8300104141,80.2298202515,41200,41210,10
12.8289699554,80.2302398682,41210,41220,10
12.8280801773,80.2307434082,41220,41230,10
12.8272895813,80.2311477661,41230,41240,10
12.8263998032,80.231338501,41240,41251,11
12.825050354,80.2314224243,41251,41261,10
12.8239097595,80.2312088013,41261,41271,10
12.8227596283,80.2308578491,41271,41281,10
12.8204603195,80.2305221558,41281,41291,10
12.8204603195,80.2305221558,41291,41301,10
12.8193702698,80.2305374146,41301,41311,10
12.8189401627,80.2305297852,41311,41321,10
12.8187398911,80.2304611206,41321,41332,11
12.8180704117,80.230178833,41332,41342,10
12.8172197342,80.2297973633,41342,41352,10
12.8161697388,80.2295379639,41352,41362,10
12.8150100708,80.2293624878,41362,41372,10
12.8139200211,80.2291488647,41372,41382,10
12.8126096725,80.2286911011,41382,41392,10
12.8113899231,80.2282562256,41392,41403,11
12.810090065,80.227722168,41403,41413,10
12.8090295792,80.2271728516,41413,41423,10
12.80809021,80.2264022827,41423,41433,10
12.807220459,80.2256622314,41433,41443,10
12.8064203262,80.2249679565,41443,41453,10
12.8056697845,80.2243270874,41453,41463,10
12.8051300049,80.2240982056,41463,41473,10
12.8049402237,80.2240829468,41473,41484,11
12.8048400879,80.2240524292,41484,41494,10
12.8044700623,80.2239837646,41494,41504,10
12.8037500381,80.2239303589,41504,41514,10
12.8028697968,80.2238388062,41514,41524,10
12.8018598557,80.2237014771,41524,41534,10
12.801030159,80.2236175537,41534,41544,10
12.8009300232,80.2236099243,41544,41555,11
12.8004398346,80.2235565186,41555,41565,10
12.799659729,80.2235031128,41565,41575,10
12.7986898422,80.2234191895,41575,41585,10
12.7974796295,80.2232589722,41585,41595,10
12.7962703705,80.2230300903,41595,41605,10
12.7958297729,80.2229919434,41605,41615,10
12.7958097458,80.2229690552,41615,41625,10
12.7954301834,80.2229003906,41625,41636,11
12.7945604324,80.2227706909,41636,41646,10
12.7936296463,80.2226333618,41646,41656,10
12.7926502228,80.2224578857,41656,41666,10
12.7916603088,80.2222290039,41666,41676,10
12.7906599045,80.2219696045,41676,41686,10
12.7896699905,80.2217330933,41686,41696,10
12.7888202667,80.2214126587,41696,41707,11
12.7879600525,80.2211074829,41707,41717,10
12.7873296738,80.2208786011,41717,41727,10
12.7868995667,80.2207336426,41727,41737,10
12.78647995,80.2205734253,41737,41747,10
12.786239624,80.2206115723,41747,41767,20
12.786239624,80.2206115723,41767,41778,11
12.786190033,80.220741272,41778,41788,10
12.7862100601,80.2211303711,41788,41798,10
12.7862300873,80.2214813232,41798,41808,10
12.7863101959,80.2217330933,41808,41818,10
12.7862300873,80.2219772339,41818,43055,1237
12.7862300873,80.2219772339,43055,43065,10
12.7862195969,80.2218093872,43065,43075,10
12.7861795425,80.2214813232,43075,43085,10
12.7861604691,80.2211608887,43085,43095,10
12.7861795425,80.2209320068,43095,43105,10
12.7861795425,80.2209091187,43105,43115,10
12.7861499786,80.2206115723,43115,43186,71
12.7861499786,80.2206115723,43186,43196,10
12.7865400314,80.2203979492,43196,43217,21
12.7865400314,80.2203979492,43217,43227,10
12.7868099213,80.2205123901,43227,43237,10
12.7872896194,80.2206497192,43237,43247,10
12.7879495621,80.2208404541,43247,43257,10
12.7886104584,80.2211380005,43257,43267,10
12.7894001007,80.2213973999,43267,43277,10
12.7899103165,80.2215805054,43277,43288,11
12.7903795242,80.2217025757,43288,43298,10
12.7911100388,80.2219161987,43298,43308,10
12.7919902802,80.2221679688,43308,43318,10
12.7930002213,80.222366333,43318,43328,10
12.7940797806,80.2225189209,43328,43338,10
12.7951602936,80.2226715088,43338,43348,10
12.7961101532,80.2228317261,43348,43359,11
12.7968997955,80.2229919434,43359,43369,10
12.797750473,80.2231521606,43369,43379,10
12.7986602783,80.2232589722,43379,43389,10
12.7996101379,80.2233810425,43389,43399,10
12.800620079,80.2234802246,43399,43409,10
12.8014001846,80.2235488892,43409,43419,10
12.8015499115,80.2235412598,43419,43429,10
12.8021602631,80.2236099243,43429,43440,11
12.8029203415,80.2237701416,43440,43450,10
12.8037796021,80.2238388062,43450,43460,10
12.8046798706,80.2239227295,43460,43470,10
12.8054599762,80.2240600586,43470,43480,10
12.8055696487,80.2240982056,43480,43490,10
12.8059501648,80.224357605,43490,43500,10
12.8065795898,80.224899292,43500,43511,11
12.8074197769,80.2256698608,43511,43521,10
12.8082704544,80.2263870239,43521,43531,10
12.8091201782,80.2270965576,43531,43541,10
12.8100404739,80.2275772095,43541,43551,10
12.8110599518,80.2279815674,43551,43561,10
12.8121595383,80.2283782959,43561,43571,10
12.8132801056,80.2287826538,43571,43582,11
12.8144798279,80.2291564941,43582,43592,10
12.8156204224,80.2293319702,43592,43602,10
12.8166503906,80.2294692993,43602,43612,10
12.8174800873,80.2297286987,43612,43622,10
12.8183097839,80.2301330566,43622,43632,10
12.8191795349,80.2304229736,43632,43642,10
12.8196802139,80.2304000854,43642,43652,10
12.8198404312,80.2304000854,43652,43663,11
12.8204298019,80.2303924561,43663,43673,10
12.8211803436,80.2303771973,43673,43683,10
12.8219995499,80.230506897,43683,43693,10
12.8229103088,80.2307662964,43693,43703,10
12.8238296509,80.2310409546,43703,43713,10
12.8246898651,80.2312393188,43713,43723,10
12.8256397247,80.231300354,43723,43734,11
12.826669693,80.2312164307,43734,43744,10
12.8275499344,80.2309265137,43744,43754,10
12.8283700943,80.2304534912,43754,43764,10
12.8292303085,80.2300186157,43764,43774,10
12.8301496506,80.2296676636,43774,43784,10
12.8309001923,80.2293167114,43784,43794,10
12.8310203552,80.2292785645,43794,43804,10
12.8312301636,80.2292404175,43804,43815,11
12.8314199448,80.2291717529,43815,43825,10
12.8317499161,80.2290725708,43825,43835,10
12.8322401047,80.2289581299,43835,43845,10
12.8324098587,80.2289123535,43845,43855,10
12.8327798843,80.2288513184,43855,43865,10
12.8334302902,80.2287521362,43865,43875,10
12.8341598511,80.2286529541,43875,43886,11
12.8350200653,80.2285232544,43886,43896,10
12.8358402252,80.2283935547,43896,43906,10
12.8366804123,80.2282714844,43906,43916,10
12.8375501633,80.2281265259,43916,43926,10
12.8384304047,80.2279510498,43926,43936,10
12.8394403458,80.2276763916,43936,43967,31
12.8394403458,80.2276763916,43967,43977,10
12.839799881,80.2275695801,43977,43987,10
12.8403596878,80.2274169922,43987,43997,10
12.841050148,80.2272186279,43997,44007,10
12.8418598175,80.2270126343,44007,44017,10
12.8427000046,80.2268676758,44017,44027,10
12.843580246,80.2267227173,44027,44038,11
12.8445501328,80.226600647,44038,44048,10
12.8453798294,80.2265319824,44048,44068,20
12.8453798294,80.2265319824,44068,44078,10
12.8456096649,80.2265167236,44078,44088,10
12.8457202911,80.2265167236,44088,44098,10
12.8462200165,80.2265090942,44098,44108,10
12.8468904495,80.2264785767,44108,44119,11
12.8477401733,80.2264862061,44119,44129,10
12.84856987,80.2264862061,44129,44139,10
12.8494100571,80.2264862061,44139,44149,10
12.8500795364,80.2264709473,44149,44159,10
12.8503503799,80.2264633179,44159,44169,10
12.8509302139,80.2264633179,44169,44179,10
12.8515901566,80.2265014648,44179,44190,11
12.8523902893,80.2265625,44190,44200,10
12.8531599045,80.2265777588,44200,44210,10
12.853969574,80.2265319824,44210,44220,10
12.8548297882,80.2264175415,44220,44230,10
12.8556995392,80.226348877,44230,44240,10
12.856590271,80.2262496948,44240,44250,10
12.8574800491,80.2261428833,44250,44260,10
12.8583498001,80.2261581421,44260,44271,11
12.8593502045,80.2262573242,44271,44281,10
12.8602800369,80.2263870239,44281,44291,10
12.8610200882,80.2264709473,44291,44301,10
12.8618097305,80.2264785767,44301,44311,10
12.8627099991,80.2264328003,44311,44321,10
12.8636798859,80.2264404297,44321,44331,10
12.8647003174,80.2264862061,44331,44342,11
12.8658599854,80.2265167236,44342,44352,10
12.8669099808,80.2264328003,44352,44362,10
12.8679199219,80.22631073,44362,44372,10
12.8689002991,80.22631073,44372,44382,10
12.8698797226,80.2264328003,44382,44392,10
12.8706598282,80.2265319824,44392,44402,10
12.8718004227,80.226600647,44402,44412,10
12.8726797104,80.226600647,44412,44423,11
12.872879982,80.2266082764,44423,44433,10
12.8729896545,80.2266235352,44433,44443,10
12.8734998703,80.2266387939,44443,44453,10
12.8742599487,80.2266998291,44453,44463,10
12.8751096725,80.2268066406,44463,44473,10
12.8760099411,80.2268600464,44473,44483,10
12.8767004013,80.2268371582,44483,44494,11
12.8768997192,80.2268371582,44494,44504,10
12.8774795532,80.2267913818,44504,44514,10
12.8783197403,80.2267303467,44514,44524,10
12.8792695999,80.2266769409,44524,44534,10
12.8802404404,80.2266693115,44534,44544,10
12.8812398911,80.2266616821,44544,44554,10
12.8822603226,80.2266464233,44554,44564,10
12.8832798004,80.2266311646,44564,44575,11
12.8844099045,80.226600647,44575,44585,10
12.8851604462,80.2266082764,44585,44595,10
12.8851699829,80.2266082764,44595,44605,10
12.8855199814,80.2266616821,44605,44615,10
12.886179924,80.2268371582,44615,44625,10
12.8870096207,80.2270584106,44625,44635,10
12.8879804611,80.2272033691,44635,44646,11
12.8890800476,80.2272567749,44646,44656,10
12.8901395798,80.2272567749,44656,44666,10
12.8912096024,80.2272567749,44666,44676,10
12.8922195435,80.2272796631,44676,44686,10
12.8930101395,80.2273635864,44686,44696,10
12.8938798904,80.2274627686,44696,44706,10
12.8947601318,80.2275238037,44706,44716,10
12.8957004547,80.2275619507,44716,44727,11
12.8967599869,80.2276000977,44727,44737,10
12.8977298737,80.2276382446,44737,44747,10
12.8987598419,80.227722168,44747,44757,10
12.8997898102,80.2277908325,44757,44767,10
12.9002504349,80.2277832031,44767,44858,91
12.9002504349,80.2277832031,44858,44868,10
12.9006996155,80.2279205322,44868,44879,11
12.9010896683,80.2279510498,44879,44889,10
12.90143013,80.2279815674,44889,44899,10
12.9019098282,80.2279663086,44899,44909,10
12.9025602341,80.2280197144,44909,44919,10
12.9033098221,80.2280426025,44919,44929,10
12.9041204453,80.2280578613,44929,44939,10
12.9053401947,80.2281112671,44939,44970,31
12.9053401947,80.2281112671,44970,44980,10
12.905500412,80.2281417847,44980,44990,10
12.9056797028,80.2281265259,44990,45000,10
12.9059000015,80.2281112671,45000,45071,71
12.9059000015,80.2281112671,45071,45081,10
12.9063997269,80.2282409668,45081,45132,51
12.9063997269,80.2282409668,45132,45142,10
12.9065303802,80.2282028198,45142,45152,10
12.9065704346,80.2283477783,45152,45173,21
12.9065704346,80.2283477783,45173,45183,10
12.90625,80.2283401489,45183,45193,10
12.9056100845,80.2282867432,45193,45203,10
12.9047403336,80.2282562256,45203,45213,10
12.9037399292,80.228187561,45213,45223,10
12.9028301239,80.2281417847,45223,45233,10
12.9020795822,80.2280883789,45233,45243,10
12.9013795853,80.2280426025,45243,45254,11
12.9008398056,80.2279968262,45254,45264,10
12.9003295898,80.2280273438,45264,45294,30
12.9003295898,80.2280273438,45294,45304,10
12.9001302719,80.2280731201,45304,45314,10
12.899479866,80.2280197144,45314,45477,163
12.899479866,80.2280197144,45477,45487,10
12.8992204666,80.2279510498,45487,45497,10
12.8988103867,80.2279205322,45497,45507,10
12.8981103897,80.2278823853,45507,45517,10
12.8974599838,80.2278366089,45517,45527,10
12.896730423,80.2278137207,45527,45537,10
12.8959999084,80.2277679443,45537,45547,10
12.8951997757,80.2277297974,45547,45558,11
12.8943300247,80.2276763916,45558,45568,10
12.893529892,80.2276077271,45568,45578,10
12.8931703568,80.2275619507,45578,45588,10
12.8928403854,80.2275390625,45588,45598,10
12.8923397064,80.2274703979,45598,45608,10
12.8916702271,80.227432251,45608,45618,10
12.8908996582,80.2274398804,45618,45629,11
12.8900003433,80.2274475098,45629,45639,10
12.8892002106,80.2274475098,45639,45649,10
12.888420105,80.2274169922,45649,45659,10
12.8876399994,80.2273483276,45659,45669,10
12.8867902756,80.2272033691,45669,45679,10
12.8858995438,80.2269821167,45679,45689,10
12.8850603104,80.2268218994,45689,45699,10
12.8848600388,80.2267913818,45699,45710,11
12.8846302032,80.2267837524,45710,45720,10
12.8840703964,80.2267837524,45720,45730,10
12.8832902908,80.2267684937,45730,45740,10
12.8824396133,80.2267837524,45740,45750,10
12.8815402985,80.2267913818,45750,45760,10
12.8806400299,80.2267913818,45760,45770,10
12.8797702789,80.2267990112,45770,45781,11
12.878780365,80.2268295288,45781,45791,10
12.8778600693,80.2269134521,45791,45801,10
12.8764696121,80.2270202637,45801,45821,20
12.8764696121,80.2270202637,45821,45831,10
12.8762102127,80.2270431519,45831,45841,10
12.8755998611,80.2270278931,45841,45851,10
12.8747797012,80.2269515991,45851,45862,11
12.8737602234,80.2268295288,45862,45872,10
12.8729496002,80.2267837524,45872,45882,10
12.8728103638,80.2267837524,45882,45892,10
12.8725404739,80.2267608643,45892,45902,10
12.8719301224,80.2267608643,45902,45912,10
12.8711700439,80.2267227173,45912,45922,10
12.8704004288,80.2266616821,45922,45933,11
12.8695402145,80.2265777588,45933,45943,10
12.8686599731,80.2264862061,45943,45953,10
12.8677902222,80.2265014648,45953,45963,10
12.8669500351,80.2265701294,45963,45973,10
12.8661603928,80.2266387939,45973,45983,10
12.8653898239,80.2266693115,45983,45993,10
12.864569664,80.2266464233,45993,46003,10
12.8637599945,80.2266082764,46003,46014,11
12.8628501892,80.2266082764,46014,46024,10
12.861989975,80.2266464233,46024,46034,10
12.861120224,80.2266387939,46034,46044,10
12.8601999283,80.2265472412,46044,46054,10
12.8593196869,80.2264328003,46054,46064,10
12.8589496613,80.2263717651,46064,46074,10
12.8586101532,80.2263412476,46074,46085,11
12.8579502106,80.2263183594,46085,46095,10
12.8571996689,80.2263717651,46095,46105,10
12.8563804626,80.2264480591,46105,46115,10
12.8554601669,80.2265167236,46115,46125,10
12.854470253,80.2266235352,46125,46135,10
12.8534402847,80.2267227173,46135,46145,10
12.8523397446,80.2267379761,46145,46155,10
12.851269722,80.2267227173,46155,46166,11
12.8502397537,80.2266769409,46166,46176,10
12.8500499725,80.2266693115,46176,46186,10
12.8495903015,80.2266616821,46186,46196,10
12.848859787,80.2266464233,46196,46206,10
12.8479995728,80.2266387939,46206,46216,10
12.8470697403,80.2266616821,46216,46226,10
12.8460998535,80.2266616821,46226,46237,11
12.8455696106,80.2266921997,46237,46257,20
12.8455696106,80.2266921997,46257,46267,10
12.8452396393,80.2266998291,46267,46277,10
12.8446702957,80.2267303467,46277,46287,10
12.8438196182,80.2268066406,46287,46297,10
12.842880249,80.2269592285,46297,46308,11
12.841799736,80.2271575928,46308,46318,10
12.8407802582,80.2274169922,46318,46328,10
12.8401699066,80.2276306152,46328,46338,10
12.8399896622,80.2277297974,46338,46358,20
12.8399896622,80.2277297974,46358,46368,10
12.8398599625,80.2277984619,46368,46389,21
12.8398599625,80.2277984619,46389,46399,10
12.8396396637,80.2278671265,46399,46409,10
12.8393697739,80.2279205322,46409,46419,10
12.838760376,80.2280426025,46419,46429,10
12.8379201889,80.2282409668,46429,46439,10
12.8368396759,80.2284164429,46439,46449,10
12.8355903625,80.2285995483,46449,46460,11
12.8341197968,80.2288284302,46460,46470,10
12.8327598572,80.2290725708,46470,46480,10
12.8318901062,80.2292480469,46480,46490,10
12.8318595886,80.2292480469,46490,46500,10
12.8316202164,80.2290725708,46500,46520,20
12.8316202164,80.2290725708,46520,46530,10
12.8315200806,80.228843689,46530,46642,112
12.8315200806,80.228843689,46642,46652,10
12.8314399719,80.2286911011,46652,46662,10
12.8313798904,80.2283630371,46662,46672,10
12.8313302994,80.2279510498,46672,46682,10
12.8312101364,80.2273025513,46682,46693,11
12.8310604095,80.2264709473,46693,46703,10
12.8310098648,80.2256088257,46703,46713,10
12.8310003281,80.2248382568,46713,46723,10
12.8310003281,80.2244873047,46723,46733,10
12.8310003281,80.2238693237,46733,46743,10
12.8310203552,80.2231216431,46743,46753,10
12.8310098648,80.222328186,46753,46764,11
12.8310098648,80.2219009399,46764,46774,10
12.8310003281,80.2211914063,46774,46784,10
12.8309803009,80.2203826904,46784,46794,10
12.8310003281,80.2197494507,46794,46804,10
12.8307504654,80.2195205688,46804,46814,10
12.8303403854,80.2194976807,46814,46824,10
12.8297195435,80.2194824219,46824,46834,10
12.8289804459,80.2194595337,46834,46845,11
12.8280897141,80.2194671631,46845,46855,10
12.8275203705,80.2194976807,46855,46885,30
12.8275203705,80.2194976807,46885,46895,10
12.8271198273,80.2194900513,46895,46905,10
12.8264198303,80.2195205688,46905,46916,11
12.8258104324,80.2194976807,46916,46946,30
12.8258104324,80.2194976807,46946,46956,10
12.8255195618,80.2194671631,46956,46966,10
12.8250799179,80.2195205688,46966,46976,10
12.8240995407,80.2194671631,46976,46986,10
12.82310009,80.2194900513,46986,46997,11
12.8228302002,80.2194976807,46997,47007,10
12.8226099014,80.2192382813,47007,47017,10
12.8226099014,80.2188720703,47017,47027,10
12.8226203918,80.2182693481,47027,47037,10
12.8226604462,80.2164230347,47037,47047,10
12.8226604462,80.2164230347,47047,47057,10
12.8226699829,80.2160873413,47057,47068,11
12.8228998184,80.2159500122,47068,47078,10
12.8232097626,80.2159423828,47078,47088,10
12.8238401413,80.2159500122,47088,47098,10
12.824379921,80.2159423828,47098,47628,530
12.824379921,80.2159423828,47628,47638,10
12.824760437,80.2159500122,47638,47658,20
12.824760437,80.2159500122,47658,47669,11
12.8250904083,80.215927124,47669,47679,10
12.8256998062,80.2160110474,47679,47689,10
12.8256998062,80.2160110474,47689,47699,10
12.8258495331,80.2164001465,47699,47709,10
12.8258800507,80.2168579102,47709,47719,10
12.8258695602,80.2171325684,47719,47729,10
12.8259000778,80.2175979614,47729,47739,10
12.8259000778,80.2181777954,47739,47753,14
12.8259000778,80.2188568115,47753,47763,10
12.825920105,80.2192230225,47763,47773,10
12.8260803223,80.2193222046,47773,47783,10
12.8265800476,80.2192993164,47783,47793,10
12.8272199631,80.2193222046,47793,47803,10
12.8274402618,80.219291687,47803,47813,10
12.8276100159,80.2193069458,47813,47824,11
12.8280096054,80.219291687,47824,47834,10
12.8287200928,80.219329834,47834,47844,10
12.8295402527,80.2193527222,47844,47854,10
12.8304395676,80.2193527222,47854,47863,9
12.8308496475,80.2193603516,47863,47874,11
12.8311195374,80.2198486328,47874,47884,10
12.8311500549,80.2206192017,47884,47895,11
12.8311595917,80.2215270996,47895,47905,10
12.8311796188,80.2220611572,47905,47915,10
12.8311796188,80.2225418091,47915,47925,10
12.8311901093,80.2233200073,47925,47935,10
12.831199646,80.2241821289,47935,47945,10
12.831199646,80.2246704102,47945,47955,10
12.8311700821,80.2252426147,47955,47965,10
12.8311500549,80.2260971069,47965,47976,11
12.8312902451,80.2269363403,47976,47986,10
12.8314599991,80.2277908325,47986,47996,10
12.8316202164,80.2286071777,47996,48006,10
12.8317203522,80.2290267944,48006,48016,10
12.8317203522,80.2290420532,48016,48026,10
12.831990242,80.2290802002,48026,48036,10
12.8326301575,80.2289276123,48036,48047,11
12.8336696625,80.2287368774,48047,48057,10
12.834859848,80.2285232544,48057,48067,10
12.8361597061,80.2283172607,48067,48077,10
12.8374996185,80.2281036377,48077,48087,10
12.8388004303,80.2278137207,48087,48097,10
12.8393697739,80.2275619507,48097,48107,10
12.8397703171,80.2274703979,48107,48117,10
12.8403701782,80.2273483276,48117,48128,11
12.8413801193,80.2270965576,48128,48138,10
12.8425197601,80.2268600464,48138,48148,10
12.8437595367,80.2266387939,48148,48158,10
12.8448801041,80.2265167236,48158,48168,10
12.8452501297,80.2264709473,48168,48178,10
12.8452997208,80.2264404297,48178,48188,10
12.8458204269,80.2264480591,48188,48199,11
12.8467998505,80.2264709473,48199,48209,10
12.8479604721,80.2264785767,48209,48219,10
12.8492298126,80.2264785767,48219,48229,10
12.8498697281,80.2264633179,48229,48239,10
12.8500995636,80.2264709473,48239,48249,10
12.8507699966,80.2265014648,48249,48259,10
12.8516902924,80.2265396118,48259,48269,10
12.8528699875,80.2265930176,48269,48280,11
12.8542995453,80.2264785767,48280,48290,10
12.8556804657,80.2263183594,48290,48300,10
12.8570899963,80.2261734009,48300,48310,10
12.8585596085,80.2261428833,48310,48320,10
12.8599996567,80.226348877,48320,48330,10
12.860619545,80.2264328003,48330,48340,10
12.8606595993,80.2264404297,48340,48351,11
12.8612003326,80.2264785767,48351,48361,10
12.8620300293,80.2264633179,48361,48371,10
12.8630895615,80.2264175415,48371,48381,10
12.8643398285,80.2264633179,48381,48391,10
12.8656101227,80.2265014648,48391,48401,10
12.8668403625,80.2264175415,48401,48411,10
12.8680896759,80.2262573242,48411,48421,10
12.869389534,80.226348877,48421,48432,11
12.8709001541,80.2265167236,48432,48442,10
12.8720798492,80.2265777588,48442,48452,10
12.8727798462,80.2266082764,48452,48462,10
12.872879982,80.2265777588,48462,48472,10
12.8730201721,80.2265777588,48472,48482,10
12.8735198975,80.226600647,48482,48492,10
12.874329567,80.2266921997,48492,48503,11
12.8754796982,80.2268295288,48503,48513,10
12.8764801025,80.2268218994,48513,48523,10
12.8766899109,80.2267990112,48523,48533,10
12.8770503998,80.2267913818,48533,48543,10
12.8777999878,80.2267303467,48543,48553,10
12.8787899017,80.2266693115,48553,48563,10
12.879989624,80.2266311646,48563,48574,11
12.8814496994,80.2266311646,48574,48583,9
12.8826799393,80.2266235352,48583,48594,11
12.884180069,80.2266082764,48594,48604,10
12.8851995468,80.2265930176,48604,48614,10
12.8858604431,80.2267532349,48614,48624,10
12.8867397308,80.2269897461,48624,48634,10
12.8878498077,80.227180481,48634,48644,10
12.8891201019,80.2272567749,48644,48655,11
12.8906202316,80.2272567749,48655,48665,10
12.8921003342,80.2272567749,48665,48705,40
12.8921003342,80.2272567749,48705,48715,10
12.8924798965,80.2272796631,48715,48726,11
12.8932600021,80.2273635864,48726,48736,10
12.8941602707,80.2274703979,48736,48746,10
12.8951196671,80.2275466919,48746,48756,10
12.8962202072,80.2276000977,48756,48766,10
12.8973999023,80.2276382446,48766,48776,10
12.8986196518,80.227722168,48776,48786,10
12.8996295929,80.2277526855,48786,48796,10
12.9007101059,80.2277679443,48796,48898,102
12.9007101059,80.2277679443,48898,48908,10
12.9009103775,80.2278137207,48908,48918,10
12.9013595581,80.2278518677,48918,48928,10
12.9020395279,80.2278671265,48928,48938,10
12.9026098251,80.227897644,48938,48948,10
12.9026298523,80.227897644,48948,48959,11
12.9027900696,80.2279205322,48959,48969,10
12.9032897949,80.2279586792,48969,48979,10
12.9040603638,80.2279891968,48979,48989,10
12.904999733,80.2280273438,48989,48999,10
12.905960083,80.2280426025,48999,49009,10
12.9064102173,80.2280578613,49009,49030,21
12.9064102173,80.2280578613,49030,49040,10
12.9067201614,80.2281417847,49040,49050,10
12.9073600769,80.2282562256,49050,49060,10
12.9082202911,80.2284088135,49060,49070,10
12.909239769,80.2285766602,49070,49080,10
12.9103899002,80.228767395,49080,49089,9
12.9114704132,80.2289276123,49089,49100,11
12.9128503799,80.2291107178,49100,49111,11
12.9139900208,80.2292175293,49111,49121,10
12.9140901566,80.2292098999,49121,49131,10
12.9144601822,80.2292633057,49131,49141,10
12.915140152,80.2293167114,49141,49151,10
12.9160699844,80.2294998169,49151,49161,10
12.9171495438,80.2296600342,49161,49171,10
12.9183502197,80.2298431396,49171,49182,11
12.9197797775,80.2300033569,49182,49192,10
12.9211502075,80.230178833,49192,49202,10
12.9225196838,80.2304000854,49202,49212,10
12.9239196777,80.2305984497,49212,49222,10
12.9252595901,80.2307662964,49222,49232,10
12.9262695313,80.2308578491,49232,49242,10
12.9263000488,80.2308578491,49242,49252,10
12.926659584,80.2309112549,49252,49263,11
12.9274301529,80.2309875488,49263,49273,10
12.9282999039,80.2311096191,49273,49283,10
12.9292802811,80.2313308716,49283,49293,10
12.9303798676,80.2315979004,49293,49303,10
12.9315004349,80.2319107056,49303,49313,10
12.9326000214,80.2322616577,49313,49323,10
12.9336004257,80.2326889038,49323,49334,11
12.9337396622,80.232749939,49334,49344,10
12.9340896606,80.2329330444,49344,49354,10
12.9347496033,80.2332229614,49354,49364,10
12.9355697632,80.2335586548,49364,49374,10
12.9365196228,80.2340164185,49374,49384,10
12.9376096725,80.2345275879,49384,49394,10
12.938750267,80.2350997925,49394,49404,10
12.9395904541,80.2355117798,49404,49416,12
12.9397201538,80.2355728149,49416,49426,10
12.9399900436,80.2357330322,49426,49436,10
12.9406099319,80.2359085083,49436,49446,10
12.9414100647,80.2361221313,49446,49456,10
12.9423799515,80.2363815308,49456,49466,10
12.9433603287,80.2369918823,49466,49476,10
12.9441795349,80.2379074097,49476,49487,11
12.9452400208,80.2389831543,49487,49497,10
12.9472503662,80.2399215698,49497,49517,20
12.9472503662,80.2399215698,49517,49527,10
12.9475698471,80.2400588989,49527,49537,10
12.9481897354,80.2403335571,49537,49547,10
12.9490203857,80.2406387329,49547,49558,11
12.9500598907,80.2409973145,49558,49568,10
12.951089859,80.2413635254,49568,49578,10
12.9518203735,80.2415390015,49578,49588,10
12.9519195557,80.241569519,49588,49598,10
12.9523696899,80.2417526245,49598,49608,10
12.9530801773,80.2420196533,49608,49618,10
12.9538202286,80.2423400879,49618,49628,10
12.9547996521,80.2427368164,49628,49639,11
12.9556598663,80.2430725098,49639,49649,10
12.9563102722,80.2433013916,49649,49659,10
12.9565896988,80.2434082031,49659,49669,10
12.9572000504,80.2436904907,49669,49679,10
12.9579801559,80.2440414429,49679,49689,10
12.958820343,80.2443618774,49689,49699,10
12.9588899612,80.2443771362,49699,49710,11
12.9591798782,80.2445373535,49710,49720,10
12.9597501755,80.2447967529,49720,49730,10
12.9605398178,80.2451705933,49730,49740,10
12.9614696503,80.2456283569,49740,49750,10
12.9624996185,80.2461471558,49750,49760,10
12.963259697,80.2465133667,49760,49770,10
12.9638204575,80.2467498779,49770,49780,10
12.9644603729,80.2470016479,49780,49791,11
12.9654102325,80.2473220825,49791,49801,10
12.9663000107,80.2476730347,49801,49811,10
12.9668998718,80.2479400635,49811,49821,10
12.966919899,80.2479476929,49821,49831,10
12.9672002792,80.2480926514,49831,49841,10
12.9677696228,80.248336792,49841,49851,10
12.9685697556,80.2486572266,49851,49862,11
12.96971035,80.2491378784,49862,49872,10
12.9708900452,80.2495803833,49872,49882,10
12.9721899033,80.2499008179,49882,49892,10
12.9734601974,80.2502212524,49892,49902,10
12.9746303558,80.2505722046,49902,49911,9
12.9759397507,80.2509613037,49911,49922,11
12.9772701263,80.2514190674,49922,49932,10
12.978269577,80.2521820068,49932,49943,11
12.9786500931,80.2523803711,49943,49953,10
12.9788799286,80.2524719238,49953,49963,10
12.9795503616,80.2525634766,49963,49973,10
12.9803800583,80.2525863647,49973,49983,10
12.9811401367,80.252571106,49983,49993,10
12.9823503494,80.2525634766,49993,50003,10
12.9838895798,80.2522964478,50003,50034,31
12.9838895798,80.2522964478,50034,50044,10
12.9842596054,80.2521896362,50044,50054,10
12.9848604202,80.2520294189,50054,50064,10
12.9854202271,80.2518768311,50064,50074,10
12.98595047,80.2517089844,50074,50084,10
12.9864397049,80.2516174316,50084,50095,11
12.9871101379,80.2514190674,50095,50105,10
12.9875602722,80.2512893677,50105,50115,10
12.9879302979,80.2512207031,50115,50125,10
12.988820076,80.2509918213,50125,50135,10
12.9894599915,80.250831604,50135,50145,10
12.9895200729,80.250831604,50145,50155,10
12.989689827,80.250869751,50155,50166,11
12.9902496338,80.2507171631,50166,50176,10
12.991060257,80.25050354,50176,50186,10
12.9920301437,80.250213623,50186,50196,10
12.9931602478,80.2499313354,50196,50206,10
12.9943599701,80.2496414185,50206,50216,10
12.99559021,80.2493286133,50216,50226,10
12.9966402054,80.2490081787,50226,50236,10
12.9968004227,80.2489471436,50236,50247,11
12.9971599579,80.2489013672,50247,50257,10
12.9978599548,80.2487487793,50257,50267,10
12.9987602234,80.2484970093,50267,50277,10
12.9997701645,80.2482910156,50277,50287,10
13.0009498596,80.2480010986,50287,50297,10
13.001999855,80.247718811,50297,50307,10
13.0026798248,80.2475662231,50307,50318,11
13.003660202,80.2473831177,50318,50328,10
13.0047597885,80.2472610474,50328,50338,10
13.0058698654,80.2470397949,50338,50348,10
13.0064601898,80.2464981079,50348,50358,10
13.0065002441,80.2463684082,50358,50368,10
13.0065603256,80.2459487915,50368,50378,10
13.0066003799,80.245300293,50378,50388,10
13.0065603256,80.2445983887,50388,50399,11
13.0065498352,80.244102478,50399,50409,10
13.0065402985,80.243522644,50409,50418,9
13.0065202713,80.2427215576,50418,50429,11
13.0065202713,80.2416992188,50429,50439,10
13.0065698624,80.2410583496,50439,50449,10
13.0066099167,80.2407608032,50449,50459,10
13.0066699982,80.2403411865,50459,50470,11
13.0067901611,80.2397232056,50470,50480,10
13.0069599152,80.2389984131,50480,50490,10
13.0071296692,80.2380981445,50490,50500,10
13.0073299408,80.2372436523,50500,50510,10
13.0073900223,80.2366790771,50510,50520,10
13.0074300766,80.2365493774,50520,50530,10
13.0075597763,80.2360610962,50530,50540,10
13.0076904297,80.2354202271,50540,50551,11
13.0077695847,80.2350692749,50551,50561,10
13.007900238,80.2344436646,50561,50571,10
13.0080795288,80.2335968018,50571,50581,10
13.0082902908,80.2325820923,50581,50591,10
13.0085201263,80.2314300537,50591,50601,10
13.0087203979,80.23021698,50601,50611,10
13.0089797974,80.2290115356,50611,50622,11
13.0093402863,80.227722168,50622,50632,10
13.0098800659,80.2265701294,50632,50642,10
13.0102500916,80.2258071899,50642,50652,10
13.0104198456,80.2255020142,50652,50662,10
13.0106401443,80.2249679565,50662,50672,10
13.0109100342,80.2243118286,50672,50682,10
13.0112400055,80.2235412598,50682,50692,10
13.011469841,80.2232818604,50692,50703,11
13.0120401382,80.2235717773,50703,50713,10
13.0127296448,80.2239303589,50713,50723,10
13.0135602951,80.224319458,50723,50733,10
13.0142498016,80.2246780396,50733,50743,10
13.0148801804,80.2250671387,50743,50753,10
13.0152702332,80.2252883911,50753,50763,10
13.0153398514,80.2253036499,50763,50774,11
13.0156497955,80.2252807617,50774,50784,10
13.0162296295,80.2253036499,50784,50794,10
13.0168600082,80.2251205444,50794,50804,10
13.0176801682,80.2247924805,50804,50814,10
13.0185403824,80.2244415283,50814,50824,10
13.0191602707,80.224281311,50824,50834,10
13.0195198059,80.2243499756,50834,50855,21
13.0195198059,80.2243499756,50855,50865,10
13.0196399689,80.2244567871,50865,50875,10
13.0198898315,80.2246398926,50875,50885,10
13.0202302933,80.2248916626,50885,50895,10
13.0205602646,80.2251205444,50895,50905,10
13.021030426,80.2254562378,50905,50915,10
13.0214996338,80.2258605957,50915,50926,11
13.0219202042,80.2261581421,50926,50936,10
13.0222997665,80.2264633179,50936,50946,10
13.0227603912,80.2268829346,50946,50956,10
13.0232696533,80.2273406982,50956,50966,10
13.0237197876,80.227722168,50966,50976,10
13.0241298676,80.2281723022,50976,50986,10
13.0243701935,80.2284164429,50986,50996,10
13.0242700577,80.2285614014,50996,51007,11
13.0239200592,80.2281723022,51007,51017,10
13.0234098434,80.2276535034,51017,51027,10
13.0231304169,80.2274093628,51027,51037,10
13.0227403641,80.2270507813,51037,51047,10
13.0221595764,80.2265777588,51047,51088,41
13.0221595764,80.2265777588,51088,51098,10
13.0219602585,80.2264175415,51098,51108,10
13.0216197968,80.2260971069,51108,51118,10
13.0211896896,80.2257614136,51118,51128,10
13.0207700729,80.2254180908,51128,51138,10
13.0203199387,80.2250900269,51138,51148,10
13.019900322,80.2248306274,51148,51159,11
13.0193996429,80.2245864868,51159,51169,10
13.0187196732,80.224609375,51169,51179,10
13.0180196762,80.2248764038,51179,51189,10
13.0173501968,80.225151062,51189,51199,10
13.0167102814,80.2254104614,51199,51209,10
13.0162096024,80.2255783081,51209,51219,10
13.0156803131,80.2257537842,51219,51230,11
13.0151395798,80.2259368896,51230,51240,10
13.0146799088,80.2261123657,51240,51250,10
13.0143098831,80.2262420654,51250,51260,10
13.0142202377,80.2261734009,51260,51270,10
13.0142202377,80.2261123657,51270,51280,10
13.0141401291,80.2257614136,51280,51655,375
13.0141401291,80.2257614136,51655,51665,10
13.0140695572,80.2255783081,51665,51767,102
13.0141296387,80.2253265381,51767,51969,202
13.0141296387,80.2253265381,51969,51980,11
13.0142097473,80.2252426147,51980,51990,10
13.0143995285,80.2255020142,51990,54807,2817
13.0144996643,80.2255172729,54807,54898,91
13.0144395828,80.2254486084,54898,56692,1794
13.0144395828,80.2254486084,56692,56703,11
13.0145397186,80.2258224487,56703,57148,445
13.0143899918,80.2255783081,57148,57219,71
13.0143899918,80.2255783081,57219,57230,11
13.0142803192,80.2258071899,57230,57240,10
13.0142097473,80.2261734009,57240,57250,10
13.0139198303,80.2263793945,57250,57260,10
13.013299942,80.2266616821,57260,57270,10
13.0124998093,80.2269592285,57270,57280,10
13.0116596222,80.2273178101,57280,57290,10
13.010720253,80.2276687622,57290,57300,10
13.0097799301,80.228012085,57300,57311,11
13.0095596313,80.2274627686,57311,57321,10
13.0098400116,80.2267608643,57321,57331,10
13.0102396011,80.2258987427,57331,57341,10
13.0106201172,80.2249984741,57341,57351,10
13.0109901428,80.2240829468,57351,57361,10
13.0112895966,80.2231369019,57361,57371,10
13.0116996765,80.2221984863,57371,57382,11
13.0121498108,80.2215194702,57382,57392,10
13.0124101639,80.2217483521,57392,57402,10
13.0128602982,80.2222671509,57402,57412,10
13.0134601593,80.222869873,57412,57422,10
13.0140695572,80.2235031128,57422,57432,10
13.0144395828,80.2238464355,57432,57442,10
13.0150899887,80.2246170044,57442,57452,10
13.0157899857,80.2252197266,57452,57463,11
13.0167398453,80.2251815796,57463,57473,10
13.0175600052,80.2248535156,57473,57483,10
13.0184202194,80.2245330811,57483,57493,10
13.0195503235,80.2244415283,57493,57513,20
13.0195503235,80.2244415283,57513,57523,10
13.0197000504,80.2244796753,57523,57534,11
13.0200004578,80.2246932983,57534,57544,10
13.0204401016,80.2249984741,57544,57554,10
13.0209503174,80.2253570557,57554,57564,10
13.0214300156,80.2257919312,57564,57574,10
13.0219697952,80.2261810303,57574,57584,10
13.0224704742,80.2265701294,57584,57594,10
13.0230398178,80.2270584106,57594,57605,11
13.0237998962,80.2277374268,57605,57614,9
13.0243501663,80.2283782959,57614,57665,51
13.0243501663,80.2283782959,57665,57675,10
13.0244398117,80.2285614014,57675,57686,11
13.0242204666,80.2285919189,57686,57696,10
13.0240602493,80.2284088135,57696,57706,10
13.0238895416,80.2281799316,57706,57716,10
13.0234298706,80.2277297974,57716,57757,41
13.0234298706,80.2277297974,57757,57767,10
13.0231895447,80.2274932861,57767,57777,10
13.0228204727,80.227180481,57777,57787,10
13.0223197937,80.2266693115,57787,57797,10
13.0217399597,80.2261810303,57797,57807,10
13.0212497711,80.2258377075,57807,57817,10
13.0208597183,80.2255096436,57817,57827,10
13.0202999115,80.2251205444,57827,57838,11
13.0201702118,80.2250671387,57838,57848,10
13.0200004578,80.2249603271,57848,57858,10
13.0195198059,80.2246322632,57858,57868,10
13.0186700821,80.224571228,57868,57878,10
13.0179004669,80.2248764038,57878,57888,10
13.0171699524,80.2252197266,57888,57898,10
13.0166702271,80.225440979,57898,57909,11
13.0161600113,80.2256393433,57909,57919,10
13.015540123,80.2258987427,57919,57929,10
13.0149497986,80.2261123657,57929,57939,10
13.0141401291,80.2264480591,57939,57959,20
13.0141401291,80.2264480591,57959,57969,10
13.0139398575,80.2265167236,57969,57979,10
13.0133600235,80.2267379761,57979,57990,11
13.0124702454,80.2271194458,57990,58000,10
13.0115499496,80.2274475098,58000,58010,10
13.0106096268,80.2278137207,58010,58020,10
13.0097999573,80.2281417847,58020,58030,10
13.009180069,80.2286834717,58030,58040,10
13.0089902878,80.2295074463,58040,58050,10
13.0087795258,80.2305603027,58050,58061,11
13.0085296631,80.2317276001,58061,58071,10
13.0083198547,80.2328262329,58071,58081,10
13.0081996918,80.2337036133,58081,58091,10
13.008190155,80.2338180542,58091,58101,10
13.0080499649,80.2341995239,58101,58111,10
13.007900238,80.234916687,58111,58121,10
13.0077104568,80.2359085083,58121,58131,10
13.0075101852,80.2369766235,58131,58142,11
13.0073003769,80.2380371094,58142,58152,10
13.007109642,80.2390823364,58152,58162,10
13.0069599152,80.2399902344,58162,58223,61
13.0069599152,80.2399902344,58223,58233,10
13.0069599152,80.2400588989,58233,58243,10
13.0068798065,80.2404098511,58243,58253,10
13.0068798065,80.2407531738,58253,58263,10
13.0068702698,80.2409286499,58263,58273,10
13.0067996979,80.2414474487,58273,58283,10
13.0067596436,80.2422409058,58283,58294,11
13.0067195892,80.2431335449,58294,58304,10
13.0066995621,80.2437286377,58304,58314,10
13.0066795349,80.244392395,58314,58324,10
13.006649971,80.2451629639,58324,58334,10
13.0067300797,80.2460784912,58334,58344,10
13.0067396164,80.2464599609,58344,58354,10
13.0067396164,80.2470397949,58354,58365,11
13.0064096451,80.2474136353,58365,58375,10
13.005900383,80.2474594116,58375,58385,10
13.0057897568,80.2474365234,58385,58395,10
13.0055303574,80.2474365234,58395,58405,10
13.0048999786,80.2474594116,58405,58415,10
13.0040502548,80.247543335,58415,58425,10
13.0030002594,80.2477111816,58425,58435,10
13.0024404526,80.247833252,58435,58446,11
13.0018196106,80.2479324341,58446,58456,10
13.0010204315,80.2481231689,58456,58466,10
13.0000495911,80.2483673096,58466,58476,10
12.9988803864,80.2486801147,58476,58486,10
12.9977703094,80.2489700317,58486,58496,10
12.9966602325,80.2492523193,58496,58506,10
12.9954595566,80.2496109009,58506,58517,11
12.9940795898,80.2499694824,58517,58527,10
12.9927396774,80.2502593994,58527,58537,10
12.9915399551,80.2506103516,58537,58547,10
12.9910497665,80.2507019043,58547,58557,10
12.9907102585,80.2507629395,58557,58567,10
12.9900197983,80.2509613037,58567,58577,10
12.9890699387,80.2511978149,58577,58587,10
12.9880895615,80.2514801025,58587,58851,264
12.9880895615,80.2514801025,58851,58861,10
12.9880504608,80.2514724731,58861,58871,10
12.9877300262,80.2515716553,58871,58881,10
12.9870100021,80.2517471313,58881,58892,11
12.9859600067,80.251953125,58892,58902,10
12.9849004745,80.252243042,58902,58912,10
12.9836702347,80.252571106,58912,58922,10
12.9822797775,80.2527694702,58922,58932,10
12.9809999466,80.252822876,58932,58942,10
12.9803104401,80.2528610229,58942,58952,10
12.9798898697,80.2528991699,58952,58962,10
12.9793195724,80.2527770996,58962,58973,11
12.9787397385,80.2527008057,58973,58983,10
12.9786300659,80.2526626587,58983,58993,10
12.978099823,80.2522964478,58993,59003,10
12.9773197174,80.2516403198,59003,59013,10
12.9762601852,80.2512207031,59013,59023,10
12.9752397537,80.2509613037,59023,59033,10
12.9741096497,80.2506484985,59033,59044,11
12.9728603363,80.2503204346,59044,59054,10
12.9717798233,80.2500305176,59054,59064,10
12.9706001282,80.2497024536,59064,59074,10
12.9693603516,80.2492523193,59074,59084,10
12.9681196213,80.2487792969,59084,59094,10
12.9670200348,80.2482833862,59094,59104,10
12.966170311,80.2478713989,59104,59114,10
12.9653501511,80.247543335,59114,59125,11
12.9651699066,80.247467041,59125,59135,10
12.9646997452,80.2472915649,59135,59145,10
12.9639196396,80.2470092773,59145,59155,10
12.9628295898,80.2464828491,59155,59165,10
12.961520195,80.24584198,59165,59175,10
12.9601402283,80.2452087402,59175,59185,10
12.959400177,80.2448806763,59185,59196,11
12.9586200714,80.2445526123,59196,59206,10
12.9582595825,80.2444229126,59206,59216,10
12.9580202103,80.2443084717,59216,59226,10
12.9575099945,80.244102478,59226,59236,10
12.9569301605,80.2438583374,59236,59246,10
12.9566898346,80.2437591553,59246,59256,10
12.9565401077,80.2436828613,59256,59287,31
12.9565401077,80.2436828613,59287,59297,10
12.9561004639,80.2435073853,59297,59307,10
12.9553403854,80.2431411743,59307,59317,10
12.9542999268,80.2427062988,59317,59327,10
12.9533195496,80.2423095703,59327,59337,10
12.9521903992,80.241897583,59337,59348,11
12.9516496658,80.2417297363,59348,59358,10
12.9513998032,80.2416610718,59358,59368,10
12.9506998062,80.2414093018,59368,59378,10
12.9498596191,80.2411575317,59378,59388,10
12.9493598938,80.2410202026,59388,59398,10
12.9489803314,80.2408828735,59398,59408,10
12.9482603073,80.2405319214,59408,59418,10
12.9475097656,80.240196228,59418,59429,11
12.9471597672,80.2400588989,59429,59439,10
12.9466600418,80.2398910522,59439,59449,10
12.9464998245,80.2398376465,59449,59459,10
12.945980072,80.2396087646,59459,59469,10
12.9451704025,80.239151001,59469,59479,10
12.9443798065,80.2383270264,59479,59489,10
12.9435195923,80.2374420166,59489,59500,11
12.9422101974,80.2365188599,59500,59510,10
12.9407300949,80.2361221313,59510,59520,10
12.9397001266,80.2358016968,59520,59530,10
12.9386901855,80.2353515625,59530,59540,10
12.9377403259,80.23487854,59540,59550,10
12.9368000031,80.2344284058,59550,59560,10
12.9360799789,80.2340927124,59560,59570,10
12.9356803894,80.2339019775,59570,59581,11
12.9348697662,80.2335586548,59581,59591,10
12.9338502884,80.2330780029,59591,59601,10
12.9336204529,80.232963562,59601,59611,10
12.9333400726,80.2328414917,59611,59621,10
12.9326496124,80.2325820923,59621,59631,10
12.931599617,80.2321777344,59631,59641,10
12.9303302765,80.2317504883,59641,59652,11
12.9291801453,80.2314682007,59652,59662,10
12.9285802841,80.2313537598,59662,59672,10
12.9277095795,80.2312164307,59672,59682,10
12.9266901016,80.2310791016,59682,59692,10
12.9255104065,80.2309494019,59692,59702,10
12.9244298935,80.230796814,59702,59712,10
12.9227104187,80.2305603027,59712,59722,10
12.9211196899,80.2303466797,59722,59733,11
12.9195203781,80.230140686,59733,59743,10
12.9184703827,80.2300186157,59743,59824,81
12.9184703827,80.2300186157,59824,59834,10
12.9184503555,80.2300186157,59834,59844,10
12.9183397293,80.2300033569,59844,59854,10
12.9182796478,80.2299880981,59854,59864,10
12.9180498123,80.2299575806,59864,59875,11
12.9177999496,80.229927063,59875,59885,10
12.9175395966,80.2298965454,59885,59905,20
12.9175395966,80.2298965454,59905,59915,10
12.9173297882,80.2298736572,59915,59925,10
12.9168996811,80.2298202515,59925,59935,10
12.9161100388,80.2297210693,59935,59945,10
12.9149799347,80.2295608521,59945,59956,11
12.9137802124,80.2294006348,59956,59966,10
12.9134397507,80.2293701172,59966,59976,10
12.9129600525,80.2293014526,59976,59986,10
12.91203022,80.2291717529,59986,59996,10
12.910779953,80.2289962769,59996,60006,10
12.9093399048,80.2287826538,60006,60016,10
12.9078598022,80.2285079956,60016,60026,10
12.906829834,80.2283477783,60026,60037,11
12.906709671,80.2283477783,60037,60047,10
12.9062595367,80.2283630371,60047,60057,10
12.9060096741,80.2283325195,60057,60067,10
12.9054203033,80.2283172607,60067,60077,10
12.9045295715,80.2282409668,60077,60087,10
12.9034204483,80.2281799316,60087,60097,10
12.9018297195,80.2280731201,60097,60128,31
12.9018297195,80.2280731201,60128,60138,10
12.9015398026,80.2280578613,60138,60148,10
12.9011297226,80.2280731201,60148,60158,10
12.9006004333,80.2280197144,60158,60168,10
12.899479866,80.2279968262,60168,60199,31
12.899479866,80.2279968262,60199,60209,10
12.8992795944,80.2280273438,60209,60219,10
12.898730278,80.2279815674,60219,60229,10
12.8979797363,80.2279510498,60229,60239,10
12.8970499039,80.227897644,60239,60249,10
12.8959102631,80.2278289795,60249,60260,11
12.8945703506,80.2277526855,60260,60270,10
12.8933200836,80.2276306152,60270,60280,10
12.8922300339,80.2275238037,60280,60290,10
12.8910799026,80.2274780273,60290,60300,10
12.8897600174,80.2274780273,60300,60310,10
12.8884496689,80.2274627686,60310,60320,10
12.8871202469,80.2273025513,60320,60331,11
12.8858699799,80.2269515991,60331,60341,10
12.8845996857,80.2267913818,60341,60361,20
12.8845996857,80.2267913818,60361,60371,10
12.8844804764,80.2268218994,60371,60381,10
12.8839197159,80.2267990112,60381,60391,10
12.8830900192,80.2268066406,60391,60401,10
12.8820400238,80.2268295288,60401,60412,11
12.8807001114,80.226852417,60412,60422,10
12.8794002533,80.2268600464,60422,60432,10
12.8780298233,80.2269287109,60432,60442,10
12.8764696121,80.2270584106,60442,60462,20
12.8764696121,80.2270584106,60462,60472,10
12.8760404587,80.2270431519,60472,60483,11
12.875169754,80.2269973755,60483,60493,10
12.8740301132,80.2268371582,60493,60503,10
12.872759819,80.2267990112,60503,60513,10
12.8714103699,80.2267913818,60513,60523,10
12.8699302673,80.2266693115,60523,60533,10
12.8684501648,80.2264785767,60533,60543,10
12.8670301437,80.2265625,60543,60553,10
12.8657798767,80.2266616821,60553,60564,11
12.8643503189,80.2266387939,60564,60574,10
12.8629999161,80.2266387939,60574,60584,10
12.861000061,80.2267227173,60584,60604,20
12.861000061,80.2267227173,60604,60614,10
12.8607397079,80.2266616821,60614,60624,10
12.8600997925,80.2265777588,60624,60635,11
12.8590898514,80.2264175415,60635,60645,10
12.8581495285,80.2263031006,60645,60655,10
12.8570404053,80.2263565063,60655,60665,10
12.855799675,80.2264785767,60665,60675,10
12.8544797897,80.2266082764,60675,60685,10
12.853099823,80.2267303467,60685,60695,10
12.8522195816,80.2267608643,60695,60705,10
12.8519001007,80.2267532349,60705,60716,11
12.8511400223,80.2267379761,60716,60726,10
12.850230217,80.2266769409,60726,60736,10
12.8490800858,80.2266693115,60736,60746,10
12.8477802277,80.2266998291,60746,60756,10
12.8464698792,80.2267227173,60756,60766,10
12.8455600739,80.2267379761,60766,60776,10
12.845459938,80.2267379761,60776,60787,11
12.8451595306,80.2267684937,60787,60797,10
12.844420433,80.2267608643,60797,60807,10
12.8435001373,80.2268218994,60807,60817,10
12.8423595428,80.2270431519,60817,60827,10
12.8410997391,80.2273635864,60827,60837,10
12.8402004242,80.2276687622,60837,60847,10
12.8396902084,80.2277832031,60847,60857,10
12.8392601013,80.2278900146,60857,60868,11
12.8384103775,80.2281036377,60868,60878,10
12.8374099731,80.228302002,60878,60888,10
12.8361797333,80.2285003662,60888,60898,10
12.8348503113,80.2286682129,60898,60908,10
12.8334798813,80.2289199829,60908,60918,10
12.831700325,80.2292480469,60918,60949,31
12.831700325,80.2292480469,60949,60959,10
12.8316202164,80.2291412354,60959,60969,10
12.8315095901,80.2286224365,60969,60979,10
12.8313598633,80.2278213501,60979,60989,10
12.8311796188,80.2269821167,60989,60999,10
12.831029892,80.2259674072,60999,61009,10
12.8310604095,80.2248764038,61009,61020,11
12.8310604095,80.2244567871,61020,61030,10
12.8310699463,80.2237625122,61030,61040,10
12.8310699463,80.2228088379,61040,61050,10
12.8310699463,80.2222366333,61050,61060,10
12.8310604095,80.2217178345,61060,61070,10
12.8310604095,80.2210388184,61070,61080,10
12.8310604095,80.2203979492,61080,61091,11
12.8310804367,80.219909668,61091,61101,10
12.8310098648,80.2196426392,61101,61111,10
12.8304796219,80.2195510864,61111,61121,10
12.8296499252,80.2195129395,61121,61131,10
12.8285999298,80.2195281982,61131,61141,10
12.8277101517,80.2195281982,61141,61151,10
12.827340126,80.2195129395,61151,61161,10
12.827340126,80.2195129395,61161,61172,11
12.8266096115,80.2194900513,61172,61182,10
12.8260803223,80.2194824219,61182,61192,10
12.8258800507,80.2192230225,61192,61202,10
12.8258800507,80.2188186646,61202,61212,10
12.8258600235,80.2180480957,61212,61222,10
12.8258800507,80.2170333862,61222,61232,10
12.8257703781,80.2160797119,61232,61243,11
12.8253898621,80.2160568237,61243,61253,10
12.8247203827,80.2160415649,61253,61445,192
12.8247203827,80.2160415649,61445,61455,10
12.8244800568,80.2161331177,61455,61466,11
12.8236398697,80.2160873413,61466,61476,10
12.8228797913,80.2160568237,61476,61486,10
12.822719574,80.2161636353,61486,61496,10
12.8227396011,80.2166595459,61496,61506,10
12.8227396011,80.2174911499,61506,61516,10
12.8227396011,80.218170166,61516,61526,10
12.822719574,80.2192077637,61526,61536,10
12.8227396011,80.2193069458,61536,61547,11
12.8229103088,80.2194137573,61547,61557,10
12.8235197067,80.2193984985,61557,61567,10
12.8244199753,80.2193832397,61567,61577,10
12.825460434,80.2194213867,61577,61597,20
12.825460434,80.2194213867,61597,61607,10
12.8259401321,80.2193908691,61607,61618,11
12.8271903992,80.2194137573,61618,61648,30
12.8271903992,80.2194137573,61648,61658,10
12.8273601532,80.2194137573,61658,61668,10
12.8275403976,80.219367981,61668,61851,183
12.8275403976,80.219367981,61851,61861,10
12.82791996,80.2194213867,61861,61870,9
12.8285598755,80.2194290161,61870,61881,11
12.8294696808,80.2194213867,61881,61891,10
12.8304004669,80.2194213867,61891,61901,10
12.8308496475,80.2194366455,61901,61910,9
12.8311195374,80.219581604,61910,61922,12
12.8311796188,80.2203826904,61922,61932,10
12.8311700821,80.2212524414,61932,61942,10
12.8311796188,80.2220611572,61942,61952,10
12.8311796188,80.2223510742,61952,61962,10
12.8311796188,80.22290802,61962,61972,10
12.8311700821,80.2237014771,61972,61982,10
12.8311700821,80.2245483398,61982,61993,11
12.8311901093,80.2248382568,61993,62003,10
12.831199646,80.2251205444,62003,62114,111
12.831199646,80.2251205444,62114,62124,10
12.831199646,80.2254333496,62124,62134,10
12.831199646,80.2260437012,62134,62145,11
12.831319809,80.2269287109,62145,62155,10
12.8315095901,80.2278137207,62155,62165,10
12.8317098618,80.2288208008,62165,62175,10
12.8318395615,80.2291030884,62175,62185,10
12.8320198059,80.2290725708,62185,62195,10
12.8325195313,80.2289810181,62195,62205,10
12.8332595825,80.2288208008,62205,62215,10
12.8342103958,80.2286529541,62215,62226,11
12.8354301453,80.2284393311,62226,62236,10
12.836640358,80.2282485962,62236,62246,10
12.8378896713,80.2280578613,62246,62256,10
12.8387498856,80.2278594971,62256,62266,10
12.8390197754,80.2277984619,62266,62276,10
12.8391199112,80.2277832031,62276,62286,10
12.8391895294,80.2277526855,62286,62297,11
12.8393802643,80.2276687622,62297,62327,30
12.8393802643,80.2276687622,62327,62337,10
12.8398504257,80.2275619507,62337,62347,10
12.8404197693,80.227432251,62347,62357,10
12.8411998749,80.2272491455,62357,62367,10
12.8421096802,80.2270278931,62367,62378,11
12.8432998657,80.2267608643,62378,62388,10
12.8442897797,80.2266387939,62388,62398,10
12.8451700211,80.2265167236,62398,62408,10
12.8454704285,80.2264862061,62408,62418,10
12.8457803726,80.2264633179,62418,62428,10
12.8463802338,80.2264633179,62428,62438,10
12.8472099304,80.2264633179,62438,62449,11
12.848279953,80.2264785767,62449,62459,10
12.8494100571,80.2264785767,62459,62469,10
12.8501195908,80.2264709473,62469,62479,10
12.8502502441,80.2264709473,62479,62489,10
12.8507604599,80.2264709473,62489,62499,10
12.8515300751,80.2265396118,62499,62509,10
12.8524398804,80.2266082764,62509,62519,10
12.8535404205,80.2265930176,62519,62530,11
12.8548898697,80.2264404297,62530,62540,10
12.8561897278,80.2263031006,62540,62550,10
12.8575401306,80.2261734009,62550,62560,10
12.8588895798,80.2261962891,62560,62570,10
12.8602304459,80.2264022827,62570,62580,10
12.8611001968,80.2264862061,62580,62590,10
12.8612203598,80.2264785767,62590,62601,11
12.8618001938,80.2264785767,62601,62611,10
12.8625602722,80.2264328003,62611,62621,10
12.8634595871,80.2264175415,62621,62631,10
12.8645601273,80.2264633179,62631,62641,10
12.8657197952,80.2264785767,62641,62651,10
12.8669300079,80.2264022827,62651,62661,10
12.8682603836,80.2262802124,62661,62671,10
12.8696498871,80.2264099121,62671,62682,11
12.8711595535,80.2265701294,62682,62692,10
12.8723897934,80.226600647,62692,62702,10
12.8731403351,80.2265777588,62702,62712,10
12.8732995987,80.226600647,62712,62722,10
12.8737802505,80.2266464233,62722,62732,10
12.8745002747,80.2267608643,62732,62742,10
12.8753700256,80.2268676758,62742,62753,11
12.8760995865,80.2268829346,62753,62763,10
12.8761301041,80.2268600464,62763,62773,10
12.8762702942,80.2268676758,62773,62783,10
12.8765201569,80.2268600464,62783,62793,10
12.8768501282,80.226852417,62793,62803,10
12.8773498535,80.2267990112,62803,62813,10
12.8781204224,80.2267227173,62813,62823,10
12.8790597916,80.2266616821,62823,62834,11
12.8803300858,80.2266311646,62834,62844,10
12.8816003799,80.2266235352,62844,62854,10
12.8829298019,80.2265777588,62854,62864,10
12.88422966,80.2265930176,62864,62874,10
12.8850402832,80.2265701294,62874,62884,10
12.8851900101,80.2265777588,62884,62894,10
12.8854799271,80.2266464233,62894,62905,11
12.886179924,80.226852417,62905,62915,10
12.8870000839,80.2270584106,62915,62925,10
12.8880500793,80.2272262573,62925,62935,10
12.8892602921,80.2273101807,62935,62945,10
12.8905200958,80.2272872925,62945,62955,10
12.891579628,80.2272567749,62955,62965,10
12.8922796249,80.2273178101,62965,63007,42
12.8922796249,80.2273178101,63007,63017,10
12.8924999237,80.2273178101,63017,63027,10
12.8930702209,80.2273864746,63027,63037,10
12.8939199448,80.2275238037,63037,63047,10
12.8950004578,80.2275772095,63047,63058,11
12.896320343,80.2276306152,63058,63068,10
12.8976202011,80.2276687622,63068,63078,10
12.8989896774,80.2277069092,63078,63088,10
12.9007701874,80.2278137207,63088,63159,71
12.9007701874,80.2278137207,63159,63169,10
12.9008398056,80.227897644,63169,63179,10
12.9012699127,80.2279205322,63179,63189,10
12.9020204544,80.2279205322,63189,63199,10
12.9027795792,80.2279281616,63199,63210,11
12.9027996063,80.2279434204,63210,63220,10
12.9030895233,80.2279815674,63220,63230,10
12.9036998749,80.228012085,63230,63240,10
12.9045295715,80.2280731201,63240,63250,10
12.9055204391,80.2281036377,63250,63260,10
12.9062900543,80.2281112671,63260,63301,41
12.9062900543,80.2281112671,63301,63311,10
12.9064302444,80.2281570435,63311,63321,10
12.906920433,80.228187561,63321,63331,10
12.9075202942,80.2282409668,63331,63341,10
12.908370018,80.2283782959,63341,63352,11
12.9095401764,80.2285995483,63352,63362,10
12.9106998444,80.2287826538,63362,63372,10
12.9119596481,80.2289810181,63372,63382,10
12.9131402969,80.2291183472,63382,63392,10
12.9137496948,80.2291870117,63392,63402,10
12.9137601852,80.2291793823,63402,63412,10
12.9138202667,80.2291870117,63412,63422,10
12.9142599106,80.2292327881,63422,63433,11
12.9150600433,80.2293701172,63433,63443,10
12.9159297943,80.2295227051,63443,63453,10
12.9170198441,80.2296829224,63453,63463,10
12.9181995392,80.2298583984,63463,63473,10
12.919380188,80.2300262451,63473,63483,10
12.9206695557,80.2302017212,63483,63493,10
12.9220104218,80.2303924561,63493,63504,11
12.9235200882,80.2306289673,63504,63514,10
12.9249401093,80.230796814,63514,63524,10
12.926199913,80.2309265137,63524,63534,10
12.9265203476,80.2309188843,63534,63544,10
12.9268198013,80.23097229,63544,63554,10
12.9274597168,80.2310333252,63554,63564,10
12.9287204742,80.2312088013,63564,63585,21
12.9287204742,80.2312088013,63585,63595,10
12.9289703369,80.2312393188,63595,63605,10
12.9295501709,80.2313690186,63605,63615,10
12.9303398132,80.2315826416,63615,63625,10
12.9313097,80.2318496704,63625,63635,10
12.9324398041,80.2322387695,63635,63645,10
12.9335203171,80.2326431274,63645,63656,11
12.9337797165,80.2327575684,63656,63666,10
12.9339399338,80.2328414917,63666,63676,10
12.9344902039,80.2331008911,63676,63686,10
12.935259819,80.2334518433,63686,63696,10
12.9361400604,80.23387146,63696,63706,10
12.9371995926,80.2343826294,63706,63716,10
12.9383296967,80.2349472046,63716,63726,10
12.9392700195,80.2353973389,63726,63737,11
12.939620018,80.2355804443,63737,63747,10
12.9398403168,80.2357025146,63747,63757,10
12.9404697418,80.2359313965,63757,63767,10
12.9413003922,80.2361221313,63767,63777,10
12.9423398972,80.2363815308,63777,63787,10
12.9433698654,80.2369918823,63787,63797,10
12.9442396164,80.2379226685,63797,63808,11
12.9452199936,80.2389297485,63808,63818,10
12.9462003708,80.2395019531,63818,63828,10
12.9471597672,80.2398910522,63828,63838,10
12.9474897385,80.2400436401,63838,63848,10
12.9476099014,80.2400894165,63848,63858,10
12.9480400085,80.240272522,63858,63868,10
12.9483804703,80.2404174805,63868,63878,10
12.9488296509,80.2405776978,63878,63889,11
12.9491500854,80.2407302856,63889,63899,10
12.9496803284,80.2409133911,63899,63909,10
12.9505300522,80.2411804199,63909,63919,10
12.9512195587,80.2413635254,63919,63929,10
12.9513397217,80.2414093018,63929,63939,10
12.9520597458,80.2416915894,63939,63949,10
12.9529304504,80.2420272827,63949,63960,11
12.9537000656,80.2423095703,63960,63970,10
12.9542102814,80.2425384521,63970,63980,10
12.9548797607,80.2427978516,63980,63990,10
12.955619812,80.2430801392,63990,64000,10
12.9562597275,80.2433929443,64000,64010,10
12.9563398361,80.2434234619,64010,64020,10
12.9565000534,80.2434768677,64020,64030,10
12.9569997787,80.2436828613,64030,64041,11
12.9579000473,80.2440185547,64041,64051,10
12.9585800171,80.2443237305,64051,64061,10
12.9589004517,80.2444381714,64061,64071,10
12.9591197968,80.2445220947,64071,64081,10
12.9597101212,80.2447891235,64081,64091,10
12.9605503082,80.2451934814,64091,64101,10
12.9615402222,80.2456588745,64101,64112,11
12.9625701904,80.2461776733,64112,64122,10
12.963060379,80.2463912964,64122,64152,30
12.963060379,80.2463912964,64152,64162,10
12.9631795883,80.246421814,64162,64172,10
12.9634599686,80.2465820313,64172,64182,10
12.9639396667,80.2468185425,64182,64193,11
12.9646396637,80.2470779419,64193,64203,10
12.9656000137,80.2473831177,64203,64213,10
12.9660196304,80.2475814819,64213,64223,10
12.9666500092,80.2478179932,64223,64243,20
12.9666500092,80.2478179932,64243,64253,10
12.9669303894,80.2480163574,64253,64264,11
12.9675703049,80.2483062744,64264,64274,10
12.9683904648,80.248626709,64274,64284,10
12.9694404602,80.2490386963,64284,64294,10
12.9706697464,80.24949646,64294,64304,10
12.9720897675,80.2499008179,64304,64314,10
12.9735097885,80.2502670288,64314,64324,10
12.9747600555,80.2506027222,64324,64334,10
12.975979805,80.2509536743,64334,64345,11
12.9771099091,80.2512817383,64345,64355,10
12.9780197144,80.2519073486,64355,64365,10
12.9783496857,80.2521820068,64365,64375,10
12.9784603119,80.2522735596,64375,64385,10
12.978679657,80.2524032593,64385,64395,10
12.9787302017,80.2524490356,64395,64405,10
12.979060173,80.2525405884,64405,64416,11
12.9795799255,80.252571106,64416,64426,10
12.9802999496,80.2526016235,64426,64436,10
12.9812297821,80.2525863647,64436,64446,10
12.9820699692,80.2525177002,64446,64659,213
12.9820699692,80.2525177002,64659,64669,10
12.9824800491,80.2524719238,64669,64679,10
12.983039856,80.2524337769,64679,64689,10
12.9835596085,80.2523498535,64689,64699,10
12.9841995239,80.2521972656,64699,64709,10
12.9846696854,80.2520904541,64709,64720,11
12.9851503372,80.2519607544,64720,64730,10
12.9856300354,80.2518463135,64730,64740,10
12.9861898422,80.2516784668,64740,64750,10
12.9868297577,80.2515411377,64750,64760,10
12.9872303009,80.2514190674,64760,64770,10
12.9876499176,80.2513122559,64770,64780,10
12.9883899689,80.2511291504,64780,64791,11
12.9890699387,80.2509231567,64791,64801,10
12.989159584,80.2509002686,64801,64811,10
12.9896297455,80.250793457,64811,64821,10
12.9903202057,80.2506484985,64821,64831,10
12.9912595749,80.2503967285,64831,64841,10
12.9925403595,80.2500915527,64841,64851,10
12.9938201904,80.2497711182,64851,64861,10
12.9951601028,80.2494277954,64861,64872,11
12.9965896606,80.2490615845,64872,64882,10
12.9978199005,80.2487564087,64882,64892,10
12.9991197586,80.2484436035,64892,64902,10
13.0004997253,80.2481079102,64902,64912,10
13.0016298294,80.2478027344,64912,64922,10
13.002120018,80.2476806641,64922,64932,10
13.0026903152,80.2475509644,64932,64943,11
13.0036096573,80.2473983765,64943,64953,10
13.0046796799,80.2472381592,64953,64963,10
13.0057697296,80.2470397949,64963,64973,10
13.0060997009,80.2468338013,64973,64983,10
13.0061597824,80.2467498779,64983,64993,10
13.0062198639,80.2467193604,64993,65003,10
13.0063400269,80.2465820313,65003,65013,10
13.0064496994,80.2463912964,65013,65024,11
13.0064897537,80.2462997437,65024,65034,10
13.0065097809,80.246131897,65034,65044,10
13.006529808,80.2459793091,65044,65054,10
13.0065202713,80.2457199097,65054,65074,20
13.0065202713,80.2457199097,65074,65084,10
13.0065402985,80.2454528809,65084,65095,11
13.006529808,80.2451782227,65095,65105,10
13.0065202713,80.2449493408,65105,65115,10
13.006529808,80.2445907593,65115,65135,20
13.006529808,80.2445907593,65135,65145,10
13.0065803528,80.2444610596,65145,65155,10
13.0065803528,80.2442932129,65155,65166,11
13.0065898895,80.2440414429,65166,65176,10
13.0066003799,80.2437820435,65176,65186,10
13.0065498352,80.2434616089,65186,65196,10
13.0065202713,80.2430419922,65196,65206,10
13.0064897537,80.24243927,65206,65216,10
13.0065002441,80.2419967651,65216,65226,10
13.006529808,80.2416305542,65226,65236,10
13.0065898895,80.2410964966,65236,65247,11
13.0066003799,80.240852356,65247,65257,10
13.0066404343,80.2406311035,65257,65267,10
13.0066795349,80.2404174805,65267,65277,10
13.0067195892,80.2402191162,65277,65287,10
13.0068101883,80.2397766113,65287,65297,10
13.0068998337,80.2393035889,65297,65307,10
13.0070295334,80.2387237549,65307,65318,11
13.0071001053,80.2383422852,65318,65328,10
13.0071697235,80.2380371094,65328,65338,10
13.0072698593,80.2375564575,65338,65348,10
13.0073604584,80.2370071411,65348,65358,10
13.007399559,80.2367630005,65358,65368,10
13.0074501038,80.236656189,65368,65378,10
13.0075597763,80.2362518311,65378,65388,10
13.0076999664,80.2355422974,65388,65399,11
13.0077495575,80.2352294922,65399,65409,10
13.0077695847,80.2350387573,65409,65419,10
13.0078897476,80.2345199585,65419,65429,10
13.0080604553,80.2336578369,65429,65439,10
13.0082902908,80.2325592041,65439,65449,10
13.0085401535,80.231338501,65449,65459,10
13.0087900162,80.2301025391,65459,65470,11
13.0090703964,80.2286071777,65470,65480,10
13.0094804764,80.2274017334,65480,65490,10
13.0100498199,80.2262115479,65490,65500,10
13.0103902817,80.225479126,65500,65510,10
13.0104198456,80.225402832,65510,65520,10
13.0104904175,80.2252426147,65520,65530,10
13.0106897354,80.2248001099,65530,65540,10
13.0109195709,80.2242202759,65540,65551,11
13.0112800598,80.2233810425,65551,65561,10
13.0115995407,80.2225570679,65561,65571,10
13.0119600296,80.2215270996,65571,65581,10
13.0123996735,80.2215805054,65581,65591,10
13.0127096176,80.2221069336,65591,65601,10
13.0130195618,80.2225036621,65601,65611,10
13.0134897232,80.2229309082,65611,65622,11
13.0139198303,80.2232971191,65622,65632,10
13.0141401291,80.2235107422,65632,65642,10
13.0143995285,80.223777771,65642,65652,10
13.0147800446,80.2242202759,65652,65662,10
13.0153102875,80.2248306274,65662,65672,10
13.0158901215,80.2251968384,65672,65682,10
13.0165100098,80.2252120972,65682,65692,10
13.0166797638,80.2251586914,65692,65703,11
13.0172796249,80.2249298096,65703,65713,10
13.0181398392,80.2246017456,65713,65723,10
13.0190696716,80.2243118286,65723,65733,10
13.019610405,80.2244262695,65733,65743,10
13.0200300217,80.2246780396,65743,65753,10
13.0201396942,80.2248001099,65753,65763,10
13.0202503204,80.2248764038,65763,65774,11
13.0208396912,80.2253189087,65774,65784,10
13.0215997696,80.2259292603,65784,65794,10
13.0221996307,80.2264022827,65794,65804,10
13.0229101181,80.2270202637,65804,65814,10
13.0234203339,80.2275009155,65814,65824,10
13.0242500305,80.2283477783,65824,65844,20
13.0242500305,80.2283477783,65844,65855,11
13.0244102478,80.2285003662,65855,65865,10
13.0242996216,80.2285614014,65865,65875,10
13.0240497589,80.2283477783,65875,65885,10
13.0237903595,80.2280273438,65885,65895,10
13.0234298706,80.2276382446,65895,66108,213
13.0234298706,80.2276382446,66108,66118,10
13.0233001709,80.2274780273,66118,66128,10
13.0228900909,80.2271270752,66128,66138,10
13.0222501755,80.2265777588,66138,66149,11
13.0214195251,80.2258682251,66149,66159,10
13.020819664,80.225440979,66159,66169,10
13.0205402374,80.2252502441,66169,66179,10
13.0199403763,80.2248306274,66179,66199,20
13.0199403763,80.2248306274,66199,66209,10
13.0198802948,80.2248001099,66209,66219,10
13.0194997787,80.2245788574,66219,66230,11
13.0186595917,80.2245483398,66230,66240,10
13.0177898407,80.224899292,66240,66250,10
13.0168800354,80.2252807617,66250,66260,10
13.0161504745,80.2255401611,66260,66270,10
13.0157499313,80.2256698608,66270,66280,10
13.0152597427,80.2258834839,66280,66290,10
13.0151195526,80.2259674072,66290,66301,11
13.0149402618,80.2260437012,66301,66311,10
13.0144100189,80.2262420654,66311,66331,20
13.0144100189,80.2262420654,66331,66341,10
13.0142202377,80.2262802124,66341,66351,10
13.013710022,80.2264785767,66351,66361,10
13.0129995346,80.2267379761,66361,66371,10
13.012169838,80.2270812988,66371,66382,11
13.0111503601,80.2274169922,66382,66392,10
13.0101604462,80.2278594971,66392,66402,10
13.0092601776,80.2283630371,66402,66412,10
13.0089998245,80.2294387817,66412,66422,10
13.0087900162,80.2305221558,66422,66432,10
13.0086603165,80.2311401367,66432,66442,10
13.008600235,80.2314605713,66442,66463,21
13.008600235,80.2314605713,66463,66473,10
13.0085897446,80.2316665649,66473,66483,10
13.0085096359,80.2320327759,66483,66493,10
13.0084400177,80.2323303223,66493,66503,10
13.0083799362,80.2326278687,66503,66513,10
13.0082998276,80.2330627441,66513,66523,10
13.0082502365,80.2335205078,66523,66544,21
13.0082502365,80.2335205078,66544,66556,12
13.0081796646,80.2336730957,66556,66566,10
13.0081195831,80.2338790894,66566,66576,10
13.0080604553,80.234161377,66576,66586,10
13.0080099106,80.234413147,66586,66597,11
13.0079698563,80.2347412109,66597,66608,11
13.0079498291,80.2348632813,66608,66618,10
13.0078201294,80.2354507446,66618,66628,10
13.0076704025,80.2361068726,66628,66638,10
13.0076398849,80.2362289429,66638,66648,10
13.0075998306,80.2364807129,66648,66658,10
13.0075702667,80.2366333008,66658,66668,10
13.0074501038,80.2372283936,66668,66800,132
13.0074501038,80.2372283936,66800,66810,10
13.0073604584,80.2375793457,66810,66820,10
13.0073299408,80.2378234863,66820,66831,11
13.0072603226,80.2381591797,66831,66841,10
13.0071201324,80.2388000488,66841,66993,152
13.0071201324,80.2388000488,66993,67003,10
13.0070495605,80.2389297485,67003,67013,10
13.0070199966,80.2395172119,67013,67033,20
13.0070199966,80.2395172119,67033,67043,10
13.0069904327,80.2396774292,67043,67124,81
13.0069904327,80.2396774292,67124,67135,11
13.0069704056,80.2401123047,67135,67145,10
13.0069503784,80.240562439,67145,67155,10
13.0069303513,80.2406082153,67155,67165,10
13.0068902969,80.2407684326,67165,67175,10
13.0067796707,80.241317749,67175,67185,10
13.0067195892,80.2422332764,67185,67195,10
13.0066900253,80.2431869507,67195,67206,11
13.0066795349,80.2445907593,67206,67216,10
13.0066900253,80.2455596924,67216,67226,10
13.0067100525,80.2464675903,67226,67236,10
13.0067100525,80.2472381592,67236,67246,10
13.0063199997,80.2473983765,67246,67266,20
13.0063199997,80.2473983765,67266,67276,10
13.0058498383,80.247428894,67276,67287,11
13.0050802231,80.2473983765,67287,67297,10
13.0040397644,80.2474517822,67297,67307,10
13.0029296875,80.2476196289,67307,67317,10
13.0023097992,80.247756958,67317,67327,10
13.0015497208,80.2479400635,67327,67337,10
13.0005502701,80.2481994629,67337,67347,10
12.9993801117,80.2484970093,67347,67358,11
12.9979295731,80.2488632202,67358,67368,10
12.9964599609,80.2492370605,67368,67378,10
12.9949798584,80.2496414185,67378,67388,10
12.993519783,80.2499923706,67388,67398,10
12.9921302795,80.2503204346,67398,67408,10
12.9912204742,80.2505493164,67408,67418,10
12.9911298752,80.2506027222,67418,67428,10
12.9901895523,80.2508163452,67428,67793,365
12.9901895523,80.2508163452,67793,67803,10
12.9898796082,80.2508773804,67803,67814,11
12.9893703461,80.2510299683,67814,67824,10
12.9890604019,80.251121521,67824,67834,10
12.9886302948,80.2512207031,67834,67844,10
12.9881401062,80.2513580322,67844,67854,10
12.9877500534,80.2514419556,67854,67864,10
12.9872903824,80.2515487671,67864,67874,10
12.9868001938,80.251701355,67874,67885,11
12.9862003326,80.2518310547,67885,67895,10
12.9854602814,80.2520065308,67895,67905,10
12.9845104218,80.252281189,67905,67915,10
12.9834299088,80.2525100708,67915,67925,10
12.9822597504,80.2526321411,67925,67935,10
12.981180191,80.2526702881,67935,67945,10
12.9803304672,80.2527236938,67945,67955,10
12.9797401428,80.2527236938,67955,67966,11
12.9790401459,80.2526779175,67966,67976,10
12.9786596298,80.2526016235,67976,67986,10
12.9786396027,80.2526016235,67986,67996,10
12.9783000946,80.2524185181,67996,68006,10
12.9777698517,80.2519607544,68006,68016,10
12.9770097733,80.2514266968,68016,68026,10
12.9759502411,80.2511367798,68026,68037,11
12.9748096466,80.2508010864,68037,68047,10
12.9738397598,80.2505264282,68047,68057,10
12.9728002548,80.2502822876,68057,68067,10
12.9716100693,80.2499465942,68067,68077,10
12.9703798294,80.2495727539,68077,68087,10
12.969209671,80.2490921021,68087,68097,10
12.9681901932,80.2487411499,68097,68107,10
12.967590332,80.2484817505,68107,68118,11
12.9672603607,80.2483215332,68118,68128,10
12.9668598175,80.2480926514,68128,68138,10
12.9664497375,80.2479095459,68138,68148,10
12.9658298492,80.2476577759,68148,68158,10
12.9655399323,80.2475204468,68158,68168,10
12.9654502869,80.2474899292,68168,68178,10
12.965379715,80.2474594116,68178,68189,11
12.965180397,80.2474136353,68189,68199,10
12.9647197723,80.247253418,68199,68219,20
12.9647197723,80.247253418,68219,68229,10
12.9644699097,80.2471466064,68229,68239,10
12.9641895294,80.2470626831,68239,68249,10
12.9637403488,80.2468795776,68249,68260,11
12.9631099701,80.2465820313,68260,68270,10
12.9623603821,80.2462081909,68270,68280,10
12.961520195,80.2457962036,68280,68290,10
12.9607000351,80.2453765869,68290,68300,10
12.9599704742,80.2450866699,68300,68310,10
12.9595603943,80.2448806763,68310,68320,10
12.9593296051,80.2447967529,68320,68330,10
12.9591398239,80.2447128296,68330,68341,11
12.9584598541,80.2444076538,68341,68351,10
12.9577198029,80.2441101074,68351,68361,10
12.9569396973,80.2438201904,68361,68371,10
12.9563102722,80.243637085,68371,68381,10
12.9562597275,80.2436294556,68381,68391,10
12.9559698105,80.2434616089,68391,68401,10
12.9552898407,80.2431182861,68401,68412,11
12.9542398453,80.2426376343,68412,68422,10
12.9531803131,80.2422103882,68422,68432,10
12.9521398544,80.2418289185,68432,68442,10
12.9518995285,80.2417678833,68442,68452,10
12.951880455,80.2417602539,68452,68462,10
12.951499939,80.2416305542,68462,68472,10
12.9507598877,80.2413864136,68472,68482,10
12.9498796463,80.2411575317,68482,68493,11
12.9490203857,80.2408676147,68493,68503,10
12.9481801987,80.2404632568,68503,68513,10
12.947259903,80.2400436401,68513,68523,10
12.947019577,80.239982605,68523,68533,10
12.9468202591,80.2398986816,68533,68543,10
12.9463396072,80.2397079468,68543,68553,10
12.9456396103,80.239402771,68553,68564,11
12.9449396133,80.2389297485,68564,68574,10
12.9443397522,80.2382965088,68574,68584,10
12.9436197281,80.2375411987,68584,68594,10
12.9427204132,80.2367324829,68594,68604,10
12.9415102005,80.2362823486,68604,68614,10
12.9402198792,80.2359390259,68614,68624,10
12.9397201538,80.2357711792,68624,68634,10
12.9395599365,80.2357025146,68634,68645,11
12.9389896393,80.2354736328,68645,68655,10
12.938249588,80.2350921631,68655,68665,10
12.9373397827,80.2346420288,68665,68675,10
12.9363698959,80.2341766357,68675,68685,10
12.9356098175,80.233833313,68685,68695,10
12.934800148,80.2334823608,68695,68705,10
12.9340200424,80.2331314087,68705,68716,11
12.9337997437,80.2330093384,68716,68726,10
12.9335899353,80.2328872681,68726,68736,10
12.9330196381,80.2326583862,68736,68746,10
12.9322099686,80.2323608398,68746,68756,10
12.9312295914,80.2320404053,68756,68766,10
12.9300699234,80.2317123413,68766,68776,10
12.9291200638,80.2313995361,68776,68786,10
12.9287004471,80.2313079834,68786,68797,11
12.9280700684,80.2312011719,68797,68807,10
12.9272298813,80.2310791016,68807,68817,10
12.9261903763,80.2309494019,68817,68827,10
12.9252700806,80.2308578491,68827,68837,10
12.923789978,80.230682373,68837,68847,10
12.9224796295,80.2304992676,68847,68857,10
12.9210996628,80.2302932739,68857,68868,11
12.919549942,80.2301025391,68868,68878,10
12.9181499481,80.229927063,68878,68888,10
12.9167995453,80.2297821045,68888,68898,10
12.91547966,80.229598999,68898,68908,10
12.9142503738,80.2294464111,68908,68918,10
12.9133996964,80.2293395996,68918,68928,10
12.9132499695,80.2293319702,68928,68938,10
12.9129400253,80.2292785645,68938,68949,11
12.9122495651,80.2291870117,68949,68959,10
12.9113798141,80.2290420532,68959,68969,10
12.9103403091,80.2288894653,68969,68979,10
12.9091701508,80.2286987305,68979,68989,10
12.907409668,80.2284164429,68989,69040,51
12.907409668,80.2284164429,69040,69050,10
12.9072303772,80.2283401489,69050,69060,10
12.9067497253,80.2283401489,69060,69070,10
12.9062795639,80.228302002,69070,69080,10
12.9061698914,80.2282562256,69080,69091,11
12.9056596756,80.2282333374,69091,69101,10
12.9050102234,80.2281799316,69101,69111,10
12.9041595459,80.2281188965,69111,69121,10
12.9027996063,80.2280502319,69121,69273,152
12.9027996063,80.2280502319,69273,69283,10
12.9024496078,80.2279891968,69283,69293,10
12.9020204544,80.2279815674,69293,69303,10
12.9015598297,80.2279586792,69303,69313,10
12.9011497498,80.2279586792,69313,69324,11
12.9006996155,80.2279434204,69324,69364,40
12.9006996155,80.2279434204,69364,69374,10
12.9004001617,80.2279129028,69374,69384,10
12.9002199173,80.2279205322,69384,69395,11
12.8997097015,80.2278823853,69395,69405,10
12.8994903564,80.2278594971,69405,69415,10
12.899310112,80.2278518677,69415,69425,10
12.8987998962,80.2277984619,69425,69435,10
12.8980302811,80.2277526855,69435,69445,10
12.8971300125,80.2277069092,69445,69455,10
12.896030426,80.2276611328,69455,69465,10
12.8948297501,80.2275924683,69465,69476,11
12.8935804367,80.2275238037,69476,69486,10
12.8931303024,80.2274703979,69486,69496,10
12.8927297592,80.227432251,69496,69506,10
12.8921699524,80.2273635864,69506,69516,10
12.8913698196,80.2273178101,69516,69526,10
12.8903903961,80.2273330688,69526,69536,10
12.8892097473,80.2273406982,69536,69547,11
12.8878803253,80.2272796631,69547,69557,10
12.8866701126,80.2270812988,69557,69567,10
12.8854904175,80.2267913818,69567,69577,10
12.8848495483,80.2267074585,69577,69587,10
12.8848199844,80.2266998291,69587,69597,10
12.884469986,80.2266921997,69597,69607,10
12.8838195801,80.2266769409,69607,69618,11
12.8828802109,80.2266769409,69618,69628,10
12.8818502426,80.2266769409,69628,69638,10
12.8806695938,80.2266693115,69638,69648,10
12.8793897629,80.2267227173,69648,69658,10
12.8780403137,80.2267990112,69658,69668,10
12.8768796921,80.2269210815,69668,69688,20
12.8768796921,80.2269210815,69688,69699,11
12.8766498566,80.2269363403,69699,69709,10
12.8762702942,80.2269821167,69709,69719,10
12.8755702972,80.2269668579,69719,69729,10
12.8746299744,80.2268600464,69729,69739,10
12.87362957,80.2267303467,69739,69749,10
12.8726797104,80.2266998291,69749,69759,10
12.8721103668,80.2267303467,69759,69770,11
12.8717699051,80.2266921997,69770,69780,10
12.8710803986,80.2266387939,69780,69790,10
12.8702201843,80.2265625,69790,69800,10
12.8691701889,80.2264633179,69800,69810,10
12.8679504395,80.2263793945,69810,69820,10
12.8667297363,80.2265014648,69820,69830,10
12.8655595779,80.2266082764,69830,69840,10
12.8642902374,80.2265701294,69840,69851,11
12.862830162,80.2265319824,69851,69861,10
12.8615398407,80.2265930176,69861,69871,10
12.86095047,80.226600647,69871,69881,10
12.8607902527,80.2265777588,69881,69891,10
12.8601999283,80.2265014648,69891,69901,10
12.8593502045,80.2263717651,69901,69911,10
12.858499527,80.2262802124,69911,69922,11
12.8575401306,80.2262802124,69922,69932,10
12.8564596176,80.2263793945,69932,69942,10
12.8552598953,80.2265014648,69942,69952,10
12.8539495468,80.2266235352,69952,69962,10
12.8525800705,80.2266998291,69962,69972,10
12.8511600494,80.2266464233,69972,69982,10
12.8501996994,80.2266235352,69982,69992,10
12.8500699997,80.2266464233,69992,70003,11
12.8494195938,80.2265777588,70003,70013,10
12.8486299515,80.2265472412,70013,70023,10
12.8475704193,80.2265625,70023,70033,10
12.8463802338,80.2265777588,70033,70043,10
12.8454799652,80.2266082764,70043,70053,10
12.8453998566,80.2266235352,70053,70063,10
12.8453598022,80.2266235352,70063,70074,11
12.8449001312,80.2266387939,70074,70084,10
12.8431997299,80.2268066406,70084,70094,10
12.8431997299,80.2268066406,70094,70104,10
12.8420600891,80.2270507813,70104,70114,10
12.8408699036,80.2273635864,70114,70124,10
12.8402004242,80.2275390625,70124,70134,10
12.8397502899,80.2276763916,70134,70187,53
12.8397502899,80.2276763916,70187,70197,10
12.8396902084,80.2276992798,70197,70206,9
12.839630127,80.2276992798,70206,70217,11
12.8392496109,80.2277984619,70217,70228,11
12.8382997513,80.2280578613,70228,70238,10
12.8373403549,80.2282409668,70238,70248,10
12.8361701965,80.2284164429,70248,70258,10
12.8348999023,80.2286071777,70258,70268,10
12.8335800171,80.2288284302,70268,70278,10
12.8322000504,80.229133606,70278,70298,20
12.8322000504,80.229133606,70298,70309,11
12.8320798874,80.2291793823,70309,70319,10
12.831609726,80.2292709351,70319,70329,10
12.8309202194,80.2294692993,70329,70339,10
12.8300199509,80.2297592163,70339,70349,10
12.8289604187,80.2301864624,70349,70359,10
12.8278799057,80.2307815552,70359,70369,10
12.8267297745,80.231262207,70369,70380,11
12.8252696991,80.2313690186,70380,70390,10
12.8238897324,80.2311477661,70390,70400,10
12.8226604462,80.2307662964,70400,70410,10
12.8213796616,80.2304382324,70410,70420,10
12.8201904297,80.2304382324,70420,70430,10
12.8191795349,80.2304611206,70430,70440,10
12.8187999725,80.2304534912,70440,70450,10
12.8185596466,80.2303390503,70450,70461,11
12.8178701401,80.2300186157,70461,70471,10
12.8170003891,80.2296524048,70471,70481,10
12.8158903122,80.2294235229,70481,70491,10
12.8147602081,80.2292480469,70491,70501,10
12.8135404587,80.2289581299,70501,70511,10
12.8122901917,80.2285385132,70511,70521,10
12.8110904694,80.2281112671,70521,70532,11
12.8097600937,80.2275390625,70532,70542,10
12.8086004257,80.2267913818,70542,70552,10
12.8075199127,80.2258911133,70552,70562,10
12.8066797256,80.225151062,70562,70572,10
12.8058900833,80.2244415283,70572,70582,10
12.8053798676,80.2240905762,70582,70592,10
12.8050098419,80.223991394,70592,70603,11
12.8049201965,80.2239685059,70603,70613,10
12.8045902252,80.2239227295,70613,70623,10
12.803899765,80.2238769531,70623,70633,10
12.8030004501,80.2238006592,70633,70643,10
12.8019104004,80.2236480713,70643,70653,10
12.8009901047,80.2235870361,70653,70663,10
12.800740242,80.2235565186,70663,70673,10
12.800450325,80.2235183716,70673,70684,11
12.7997503281,80.2234573364,70684,70694,10
12.7988901138,80.2233963013,70694,70704,10
12.7977600098,80.2232513428,70704,70714,10
12.7964801788,80.2230224609,70714,70724,10
12.7958602905,80.2229309082,70724,70734,10
12.7956800461,80.2228775024,70734,70744,10
12.7951202393,80.2227630615,70744,70755,11
12.7941904068,80.2226104736,70755,70765,10
12.7931404114,80.2224502563,70765,70775,10
12.7920198441,80.2222366333,70775,70785,10
12.7910499573,80.2220001221,70785,70795,10
12.7901697159,80.2217712402,70795,70805,10
12.7896299362,80.2216262817,70805,70815,10
12.7891902924,80.2214736938,70815,70825,10
12.7886295319,80.2212677002,70825,70836,11
12.7880496979,80.221031189,70836,70846,10
12.787779808,80.2209396362,70846,70856,10
12.7869796753,80.2206573486,70856,70896,40
12.7869796753,80.2206573486,70896,70907,11
12.7868099213,80.2205963135,70907,70917,10
12.7866802216,80.2205429077,70917,70927,10
12.786529541,80.2204818726,70927,70937,10
12.7863197327,80.2203826904,70937,70947,10
12.7861700058,80.220413208,70947,70957,10
12.7861604691,80.2205734253,70957,70967,10
12.7861795425,80.220916748,70967,70977,10
12.786190033,80.2213668823,70977,70988,11
12.7862596512,80.2216873169,70988,70998,10
12.7862701416,80.2220611572,70998,72396,1398
12.7862701416,80.2220611572,72396,72407,11
12.7862300873,80.221862793,72407,72417,10
12.7861995697,80.2217178345,72417,72427,10
12.7861700058,80.2216491699,72427,72437,10
12.7861404419,80.2213973999,72437,72447,10
12.7861204147,80.221031189,72447,72457,10
12.7861003876,80.2205734253,72457,72467,10
12.7861604691,80.2203369141,72467,72477,10
12.7863101959,80.2203063965,72477,72498,21
12.7863101959,80.2203063965,72498,72508,10
12.7865896225,80.2203979492,72508,72518,10
12.7871103287,80.2205963135,72518,72528,10
12.7878198624,80.2208633423,72528,72538,10
12.7885799408,80.2211608887,72538,72548,10
12.7894296646,80.2214813232,72548,72559,11
12.7902402878,80.2217330933,72559,72569,10
12.7911901474,80.2219772339,72569,72579,10
12.7923297882,80.2222518921,72579,72589,10
12.7935199738,80.222442627,72589,72599,10
12.7947397232,80.2226333618,72599,72609,10
12.7958898544,80.2228088379,72609,72619,10
12.7964296341,80.2228775024,72619,72629,10
12.7964401245,80.2229003906,72629,72640,11
12.7968397141,80.2229919434,72640,72650,10
12.7974796295,80.2231063843,72650,72660,10
12.7982597351,80.223197937,72660,72670,10
12.7990999222,80.2232971191,72670,72680,10
12.8000898361,80.2233886719,72680,72690,10
12.8012399673,80.2235031128,72690,72700,10
12.8022603989,80.2235870361,72700,72711,11
12.8031797409,80.2237091064,72711,72721,10
12.8039703369,80.2237701416,72721,72731,10
12.8045301437,80.2238388062,72731,72741,10
12.8049097061,80.2238998413,72741,72751,10
12.8053302765,80.2240066528,72751,72761,10
12.8054800034,80.2240524292,72761,72771,10
12.8055496216,80.2241210938,72771,72781,10
12.8059101105,80.2243804932,72781,72792,11
12.8065795898,80.2249069214,72792,72802,10
12.8073196411,80.2255630493,72802,72812,10
12.8081903458,80.2263031006,72812,72822,10
12.8091201782,80.2270507813,72822,72832,10
12.8098201752,80.2274627686,72832,72842,10
12.8110704422,80.2280197144,72842,72852,10
12.8122797012,80.2284622192,72852,72863,11
12.8136301041,80.2289199829,72863,72873,10
12.8149404526,80.2292175293,72873,72883,10
12.8163299561,80.2294082642,72883,72893,10
12.8176698685,80.2298202515,72893,72903,10
12.8188695908,80.2303390503,72903,72913,10
12.8197603226,80.2303771973,72913,72923,10
12.8197898865,80.2303771973,72923,72933,10
12.820110321,80.2303466797,72933,72944,11
12.8209199905,80.2303314209,72944,72954,10
12.8219003677,80.2304763794,72954,72964,10
12.8230695724,80.2308120728,72964,72974,10
12.8243198395,80.2311325073,72974,72984,10
12.8256702423,80.2312774658,72984,72994,10
12.8270397186,80.2311019897,72994,73004,10
12.8282604218,80.2304992676,73004,73015,11
12.8295497894,80.2298812866,73015,73025,10
12.8305196762,80.2294769287,73025,73035,10
12.8310098648,80.2292480469,73035,73065,30
12.8310098648,80.2292480469,73065,73075,10
12.831410408,80.2291412354,73075,73096,21
12.831410408,80.2291412354,73096,73106,10
12.8315601349,80.2290725708,73106,73116,10
12.8318901062,80.2290115356,73116,73126,10
12.8324403763,80.2289199829,73126,73136,10
12.8332300186,80.228767395,73136,73146,10
12.8341798782,80.2286300659,73146,73156,10
12.8352603912,80.2284469604,73156,73167,11
12.8364601135,80.2282791138,73167,73177,10
12.8376197815,80.2280883789,73177,73187,10
12.838350296,80.227897644,73187,73197,10
12.8384799957,80.2278594971,73197,73217,20
12.8384799957,80.2278594971,73217,73227,10
12.8388204575,80.2277526855,73227,73248,21
12.8388204575,80.2277526855,73248,73258,10
12.8391199112,80.2276229858,73258,73288,30
12.8391199112,80.2276229858,73288,73298,10
12.8393096924,80.2275466919,73298,73308,10
12.8394498825,80.2275085449,73308,73319,11
12.839679718,80.227432251,73319,73329,10
12.8402004242,80.2273483276,73329,73339,10
12.8408203125,80.2272109985,73339,73349,10
12.8416204453,80.2269897461,73349,73359,10
12.8425598145,80.2267684937,73359,73369,10
12.8436698914,80.2265930176,73369,73379,10
12.8451900482,80.2264404297,73379,73400,21
12.8451900482,80.2264404297,73400,73410,10
12.8453798294,80.2264099121,73410,73420,10
12.8457603455,80.2264175415,73420,73430,10
12.8463401794,80.2264175415,73430,73440,10
12.8471603394,80.2264175415,73440,73450,10
12.8481197357,80.2264404297,73450,73460,10
12.8490896225,80.2264404297,73460,73471,11
12.8498802185,80.2264175415,73471,73491,20
12.8498802185,80.2264175415,73491,73501,10
12.8501796722,80.2265090942,73501,73511,10
12.8506603241,80.2265014648,73511,73521,10
12.851360321,80.2265014648,73521,73531,10
12.8521203995,80.2265167236,73531,73542,11
12.8530302048,80.2265396118,73542,73552,10
12.8537797928,80.2264862061,73552,73562,10
12.8544397354,80.2264022827,73562,73572,10
12.8548603058,80.2263565063,73572,73581,9
12.8552799225,80.2263183594,73581,73592,11
12.8556604385,80.2262573242,73592,73602,10
12.8563098907,80.2261962891,73602,73612,10
12.8571596146,80.2261123657,73612,73623,11
12.8578796387,80.2260665894,73623,73633,10
12.858039856,80.22605896,73633,73643,10
12.8582296371,80.2260971069,73643,73653,10
12.8587303162,80.2261276245,73653,73663,10
12.8595104218,80.2262420654,73663,73673,10
12.8604001999,80.2263565063,73673,73683,10
12.8610696793,80.2264022827,73683,73694,11
12.8610696793,80.2264022827,73694,73704,10
12.8616600037,80.2263793945,73704,73714,10
12.8624897003,80.2263793945,73714,73724,10
12.8634195328,80.2263565063,73724,73734,10
12.8645401001,80.2264175415,73734,73744,10
12.8657999039,80.2264633179,73744,73756,12
12.8669595718,80.2263717651,73756,73766,10
12.8683795929,80.2262573242,73766,73777,11
12.8695201874,80.226348877,73777,73787,10
12.870639801,80.2264633179,73787,73796,9
12.8717403412,80.2265319824,73796,73807,11
12.872590065,80.2265319824,73807,73817,10
12.8729200363,80.2265396118,73817,73827,10
12.8734903336,80.2265472412,73827,73837,10
12.8743400574,80.2266464233,73837,73848,11
12.8753404617,80.2267684937,73848,73858,10
12.8758897781,80.2267837524,73858,73878,20
12.8758897781,80.2267837524,73878,73888,10
12.8760299683,80.2267837524,73888,73898,10
12.8761796951,80.2267913818,73898,73908,10
12.8763599396,80.2267684937,73908,73919,11
12.8764896393,80.2267913818,73919,73929,10
12.876709938,80.2267837524,73929,73939,10
12.8768701553,80.2267837524,73939,73949,10
12.8773803711,80.2267303467,73949,73959,10
12.8781499863,80.2266464233,73959,73969,10
12.8790597916,80.2266082764,73969,73979,10
12.8801202774,80.2265777588,73979,73989,10
12.8812599182,80.2265625,73989,74000,11
12.8824396133,80.2265625,74000,74010,10
12.8834600449,80.2265625,74010,74020,10
12.8849697113,80.2265396118,74020,74040,20
12.8849697113,80.2265396118,74040,74050,10
12.8853902817,80.2266311646,74050,74060,10
12.886059761,80.2267913818,74060,74071,11
12.8870000839,80.2270202637,74071,74081,10
12.8880395889,80.2271881104,74081,74091,10
12.8892402649,80.2272415161,74091,74101,10
12.8905496597,80.2272491455,74101,74111,10
12.8918399811,80.2272567749,74111,74121,10
12.8926401138,80.2273330688,74121,74131,10
12.8934602737,80.227432251,74131,74141,10
12.8944301605,80.2275238037,74141,74152,11
12.8957004547,80.2275466919,74152,74162,10
12.8969802856,80.2276000977,74162,74172,10
12.898150444,80.2276763916,74172,74182,10
12.8992795944,80.227722168,74182,74223,41
12.8992795944,80.227722168,74223,74233,10
12.8995103836,80.2276763916,74233,74243,10
12.8998003006,80.2276992798,74243,74253,10
12.9002599716,80.2277069092,74253,74263,10
12.9006996155,80.2277526855,74263,74273,10
12.9009895325,80.2277984619,74273,74283,10
12.9013996124,80.2278289795,74283,74293,10
12.9019699097,80.2278366089,74293,74304,11
12.9026002884,80.2278823853,74304,74324,20
12.9026002884,80.2278823853,74324,74334,10
12.9028701782,80.2279281616,74334,74344,10
12.9035196304,80.2279586792,74344,74354,10
12.9043998718,80.2279891968,74354,74364,10
12.9048404694,80.2279891968,74364,74375,11
12.9050798416,80.2279891968,74375,74445,70
12.9050798416,80.2279891968,74445,74456,11
12.9054899216,80.2279205322,74456,74466,10
12.905579567,80.2279205322,74466,74476,10
12.9057197571,80.2279434204,74476,74486,10
12.90583992,80.2279891968,74486,74496,10
12.9059495926,80.2280426025,74496,74506,10
12.9061498642,80.2280578613,74506,74567,61
12.9061498642,80.2280578613,74567,74577,10
12.9063301086,80.2280197144,74577,74587,10
12.9065504074,80.2280807495,74587,74597,10
12.906920433,80.2281188965,74597,74608,11
12.9071702957,80.2281265259,74608,74618,10
12.9073600769,80.2281799316,74618,74628,10
12.9079303741,80.2282714844,74628,74638,10
12.9087600708,80.2284088135,74638,74648,10
12.9097795486,80.2285919189,74648,74658,10
12.9109697342,80.2287902832,74658,74668,10
12.9120702744,80.2289505005,74668,74679,11
12.9139499664,80.2292022705,74679,74699,20
12.9139499664,80.2292022705,74699,74709,10
12.9143199921,80.2292633057,74709,74719,10
12.9149999619,80.2293395996,74719,74729,10
12.91588974,80.2294921875,74729,74739,10
12.9169597626,80.229637146,74739,74750,11
12.9182100296,80.2298126221,74750,74760,10
12.9192800522,80.2299499512,74760,74770,10
12.9204397202,80.2300872803,74770,74780,10
12.9216299057,80.2302474976,74780,74790,10
12.922829628,80.2304382324,74790,74800,10
12.924079895,80.2305984497,74800,74810,10
12.925359726,80.2307434082,74810,74820,10
12.9262895584,80.2308425903,74820,74831,11
12.9264001846,80.2308578491,74831,74841,10
12.9265403748,80.2308578491,74841,74851,10
12.9270801544,80.2309265137,74851,74861,10
12.9279003143,80.2310409546,74861,74871,10
12.9285402298,80.2311325073,74871,74881,10
12.9289999008,80.2312088013,74881,74891,10
12.9297399521,80.2313766479,74891,74902,11
12.9307098389,80.231628418,74902,74912,10
12.9317102432,80.2319107056,74912,74922,10
12.9326400757,80.2322235107,74922,74932,10
12.9335002899,80.2325820923,74932,74942,10
12.9337301254,80.2326812744,74942,74952,10
12.9338903427,80.2327575684,74952,74962,10
12.9343996048,80.233001709,74962,74972,10
12.9351196289,80.2333221436,74972,74983,11
12.9355802536,80.2335281372,74983,74993,10
12.9359397888,80.2337188721,74993,75003,10
12.9365596771,80.2340316772,75003,75013,10
12.9373397827,80.2344207764,75013,75023,10
12.9383201599,80.2348937988,75023,75033,10
12.9393396378,80.2353897095,75033,75043,10
12.9397697449,80.2355880737,75043,75054,11
12.9398097992,80.2356033325,75054,75064,10
12.9402198792,80.2357406616,75064,75074,10
12.9409198761,80.2359313965,75074,75083,9
12.9416999817,80.2361221313,75083,75094,11
12.9428100586,80.2365112305,75094,75104,10
12.9436798096,80.2372283936,75104,75114,10
12.9444799423,80.2381362915,75114,75124,10
12.945309639,80.2390136719,75124,75135,11
12.9463596344,80.2395324707,75135,75145,10
12.9471197128,80.2398300171,75145,75155,10
12.9471902847,80.2398605347,75155,75165,10
12.9474201202,80.2399368286,75165,75175,10
12.9479999542,80.2401580811,75175,75185,10
12.9488201141,80.2405090332,75185,75236,51
12.9488201141,80.2405090332,75236,75246,10
12.9491996765,80.2407226563,75246,75256,10
12.9498596191,80.2408981323,75256,75266,10
12.9507102966,80.2411193848,75266,75276,10
12.9511499405,80.2412490845,75276,75287,11
12.9513902664,80.2413711548,75287,75297,10
12.95195961,80.2416000366,75297,75307,10
12.9527702332,80.241897583,75307,75317,10
12.9536895752,80.2422714233,75317,75327,10
12.9542703629,80.2425003052,75327,75337,10
12.9549503326,80.2427597046,75337,75347,10
12.9556903839,80.2430267334,75347,75358,11
12.9563703537,80.2432174683,75358,75368,10
12.9564695358,80.2432403564,75368,75378,10
12.9568996429,80.2434616089,75378,75388,10
12.9575796127,80.243812561,75388,75398,10
12.9582099915,80.2440795898,75398,75408,10
12.958820343,80.2443237305,75408,75418,10
12.9589004517,80.2443618774,75418,75428,10
12.9589595795,80.2444000244,75428,75439,11
12.9593896866,80.2446136475,75439,75449,10
12.9600801468,80.2449493408,75449,75459,10
12.9609498978,80.2453536987,75459,75469,10
12.9619998932,80.2458724976,75469,75479,10
12.9633903503,80.2465820313,75479,75540,61
12.9633903503,80.2465820313,75540,75550,10
12.9636001587,80.2466506958,75550,75560,10
12.9641103745,80.2468338013,75560,75570,10
12.9648399353,80.2470779419,75570,75580,10
12.9657096863,80.2473678589,75580,75591,11
12.9666004181,80.247718811,75591,75601,10
12.9666595459,80.247756958,75601,75611,10
12.9668998718,80.2478866577,75611,75621,10
12.9674196243,80.2481307983,75621,75631,10
12.9682102203,80.2484588623,75631,75641,10
12.9691696167,80.2488632202,75641,75651,10
12.9702997208,80.2493209839,75651,75662,11
12.9716796875,80.2497634888,75662,75672,10
12.9730195999,80.2501220703,75672,75682,10
12.9743404388,80.2504730225,75682,75692,10
12.9756803513,80.2508621216,75692,75702,10
12.9769802094,80.2512588501,75702,75712,10
12.9780302048,80.2519226074,75712,75722,10
12.9786396027,80.2523193359,75722,75733,11
12.9787197113,80.2523269653,75733,75743,10
12.9791402817,80.2524719238,75743,75753,10
12.9796800613,80.252532959,75753,75783,30
12.9796800613,80.252532959,75783,75793,10
12.9797096252,80.2525405884,75793,75803,10
12.9801397324,80.2525405884,75803,75814,11
12.9809303284,80.2525405884,75814,75824,10
12.9818201065,80.2525405884,75824,75834,10
12.9828701019,80.2525024414,75834,75844,10
12.984000206,80.252243042,75844,75854,10
12.9850597382,80.2519836426,75854,75864,10
12.9859895706,80.2517318726,75864,75874,10
12.9865598679,80.2515869141,75874,75885,11
12.9873600006,80.2513580322,75885,75966,81
12.9873600006,80.2513580322,75966,75976,10
12.9876203537,80.2513198853,75976,75986,10
12.9880599976,80.2512207031,75986,75996,10
12.988820076,80.2510070801,75996,76006,10
12.9895496368,80.2507781982,76006,76016,10
12.989569664,80.2507781982,76016,76026,10
12.9899597168,80.2506866455,76026,76037,11
12.9907197952,80.2505187988,76037,76047,10
12.9915504456,80.250289917,76047,76057,10
12.9925699234,80.2500534058,76057,76067,10
12.9938001633,80.2497177124,76067,76077,10
12.9950895309,80.2493972778,76077,76087,10
12.9964199066,80.2490615845,76087,76097,10
12.9977998734,80.2487106323,76097,76107,10
12.9992198944,80.2483673096,76107,76118,11
13.0007600784,80.2480010986,76118,76128,10
13.0020799637,80.2476730347,76128,76138,10
13.0030298233,80.247467041,76138,76148,10
13.0041704178,80.2473220825,76148,76158,10
13.0054197311,80.2471389771,76158,76168,10
13.0062799454,80.2467575073,76168,76177,9
13.0065097809,80.2463531494,76177,76189,12
13.0065498352,80.24609375,76189,76199,10
13.0065803528,80.2455062866,76199,76209,10
13.0065803528,80.244720459,76209,76219,10
13.0065603256,80.243927002,76219,76229,10
13.006529808,80.2432022095,76229,76239,10
13.0065097809,80.2423400879,76239,76249,10
13.0065498352,80.2412796021,76249,76259,10
13.0066204071,80.2406768799,76259,76270,11
13.0066699982,80.240447998,76270,76280,10
13.0067195892,80.2401580811,76280,76290,10
13.0068597794,80.2394485474,76290,76300,10
13.0070199966,80.2385635376,76300,76310,10
13.0072402954,80.2376403809,76310,76320,10
13.0073795319,80.2368011475,76320,76330,10
13.0074396133,80.2365875244,76330,76341,11
13.007519722,80.2363586426,76341,76351,10
13.0076198578,80.2358398438,76351,76361,10
13.0077695847,80.2350921631,76361,76371,10
13.0079202652,80.2341918945,76371,76381,10
13.0081596375,80.2330627441,76381,76391,10
13.0084199905,80.2318267822,76391,76401,10
13.0086402893,80.230682373,76401,76411,10
13.0088596344,80.2294616699,76411,76422,11
13.0091295242,80.2282485962,76422,76432,10
13.0095701218,80.2271575928,76432,76442,10
13.0100603104,80.2260818481,76442,76452,10
13.0104999542,80.2251815796,76452,76462,10
13.0107402802,80.224609375,76462,76472,10
13.0110197067,80.2240066528,76472,76482,10
13.0113096237,80.2233810425,76482,76493,11
13.0116701126,80.2225189209,76493,76503,10
13.0120000839,80.2215805054,76503,76513,10
13.0123701096,80.2215576172,76513,76523,10
13.0126800537,80.2220535278,76523,76533,10
13.0131902695,80.222618103,76533,76543,10
13.0138397217,80.2232437134,76543,76553,10
13.0143404007,80.2236709595,76553,76563,10
13.0148000717,80.2241134644,76563,76574,11
13.015250206,80.2247390747,76574,76584,10
13.0152797699,80.2247619629,76584,76594,10
13.0156297684,80.2250366211,76594,76604,10
13.016169548,80.2252426147,76604,76614,10
13.0168895721,80.2250900269,76614,76624,10
13.0178403854,80.2247314453,76624,76634,10
13.0188798904,80.2242965698,76634,76645,11
13.0201101303,80.2247161865,76645,76675,30
13.0201101303,80.2247161865,76675,76685,10
13.0203399658,80.2249069214,76685,76695,10
13.0208396912,80.2252731323,76695,76705,10
13.0212097168,80.2255935669,76705,76715,10
13.021780014,80.2259902954,76715,76726,11
13.0222501755,80.2263793945,76726,76888,162
13.0222501755,80.2263793945,76888,76898,10
13.0223398209,80.2265777588,76898,76908,10
13.0228204727,80.2269973755,76908,76918,10
13.023440361,80.2275619507,76918,76928,10
13.0243196487,80.2284393311,76928,76979,51
13.0243196487,80.2284393311,76979,76989,10
13.0242595673,80.2285995483,76989,76999,10
13.023900032,80.2282867432,76999,77009,10
13.0233402252,80.2276916504,77009,77030,21
13.0233402252,80.2276916504,77030,77040,10
13.0231895447,80.2275009155,77040,77050,10
13.022769928,80.2271575928,77050,77060,10
13.0221700668,80.2266235352,77060,77070,10
13.0214796066,80.22605896,77070,77080,10
13.0209102631,80.2256011963,77080,77090,10
13.02023983,80.2251586914,77090,77101,11
13.0194597244,80.2246627808,77101,77111,10
13.0185003281,80.224647522,77111,77121,10
13.0175104141,80.2250595093,77121,77131,10
13.0165996552,80.2254180908,77131,77141,10
13.0161104202,80.2256164551,77141,77151,10
13.0156602859,80.2257614136,77151,77161,10
13.0149898529,80.2260437012,77161,77172,11
13.0142498016,80.2263412476,77172,77192,20
13.0142498016,80.2263412476,77192,77202,10
13.0140199661,80.2264404297,77202,77212,10
13.0134296417,80.2266693115,77212,77222,10
13.0126695633,80.2269363403,77222,77232,10
13.011759758,80.2272567749,77232,77242,10
13.0107002258,80.2276916504,77242,77253,11
13.0094804764,80.2282180786,77253,77263,10
13.0089998245,80.2291412354,77263,77273,10
13.0087604523,80.2303466797,77273,77283,10
13.0084896088,80.2316131592,77283,77293,10
13.0082397461,80.2329177856,77293,77303,10
13.0081396103,80.2337036133,77303,77313,10
13.008099556,80.2338409424,77313,77324,11
13.0080003738,80.2342681885,77324,77334,10
13.0078897476,80.2349090576,77334,77344,10
13.0077199936,80.2357635498,77344,77354,10
13.0075101852,80.2368011475,77354,77364,10
13.0073003769,80.2379379272,77364,77374,10
13.0070800781,80.2391204834,77374,77384,10
13.0068302155,80.2401580811,77384,77394,10
13.0067396164,80.2406463623,77394,77405,11
13.0066795349,80.2409667969,77405,77415,10
13.0066204071,80.2416534424,77415,77425,10
13.0066204071,80.2425613403,77425,77435,10
13.0066204071,80.2434234619,77435,77445,10
13.0066204071,80.2441101074,77445,77455,10
13.0066299438,80.2446517944,77455,77465,10
13.0066299438,80.2451171875,77465,77476,11
13.0066604614,80.2456283569,77476,77536,60
13.0066604614,80.2456283569,77536,77546,10
13.0066699982,80.2459487915,77546,77557,11
13.0066795349,80.2462310791,77557,77567,10
13.0066795349,80.2462615967,77567,77577,10
13.0066795349,80.246421814,77577,77587,10
13.0066795349,80.2466278076,77587,77597,10
13.0066795349,80.2470932007,77597,77638,41
13.0066795349,80.2470932007,77638,77648,10
13.0066404343,80.2473678589,77648,77658,10
13.0061197281,80.2474594116,77658,77668,10
13.0060596466,80.2474594116,77668,77678,10
13.0059404373,80.2474517822,77678,77688,10
13.0054502487,80.2474212646,77688,77699,11
13.0045995712,80.2474517822,77699,77709,10
13.0036697388,80.2475891113,77709,77719,10
13.0027198792,80.247756958,77719,77729,10
13.001999855,80.2479095459,77729,77739,10
13.001159668,80.2481231689,77739,77749,10
13.0001401901,80.2483673096,77749,77759,10
12.9989595413,80.2486572266,77759,77769,10
12.9976997375,80.2489929199,77769,77780,11
12.9962501526,80.2493515015,77780,77790,10
12.9948797226,80.2497024536,77790,77800,10
12.9935598373,80.2500305176,77800,77810,10
12.9923000336,80.2503433228,77810,77820,10
12.9913101196,80.250617981,77820,77830,10
12.9910297394,80.2506866455,77830,77840,10
12.9907598495,80.2507400513,77840,77851,11
12.9900503159,80.2509078979,77851,77861,10
12.9891996384,80.251121521,77861,77871,10
12.9885101318,80.2513427734,77871,77881,10
12.9882898331,80.251411438,77881,77891,10
12.988240242,80.2514419556,77891,77901,10
12.9879798889,80.2514877319,77901,77911,10
12.9874801636,80.2515792847,77911,77921,10
12.986700058,80.2517929077,77921,77932,11
12.9858398438,80.251991272,77932,77942,10
12.9848203659,80.252243042,77942,77952,10
12.9836301804,80.2525482178,77952,77962,10
12.982339859,80.2527389526,77962,77972,10
12.9811697006,80.252746582,77972,77982,10
12.9803199768,80.2527923584,77982,77992,10
12.9799900055,80.252822876,77992,78003,11
12.9799203873,80.2528076172,78003,78013,10
12.9795198441,80.2527770996,78013,78023,10
12.9788303375,80.2527084351,78023,78033,10
12.9786596298,80.2526626587,78033,78043,10
12.9785900116,80.2526473999,78043,78053,10
12.9781999588,80.2524185181,78053,78063,10
12.9776296616,80.2519302368,78063,78073,10
12.9767904282,80.251411438,78073,78084,11
12.9755601883,80.2510223389,78084,78094,10
12.9743404388,80.2506713867,78094,78104,10
12.9730901718,80.2503204346,78104,78114,10
12.9717798233,80.2499694824,78114,78124,10
12.9704198837,80.2495880127,78124,78134,10
12.9690799713,80.2490768433,78134,78144,10
12.9678602219,80.248588562,78144,78155,11
12.9667701721,80.2481002808,78155,78165,10
12.9659996033,80.2477493286,78165,78175,10
12.9652900696,80.2474975586,78175,78185,10
12.9651899338,80.247467041,78185,78195,10
12.9650697708,80.247428894,78195,78205,10
12.9645900726,80.2472610474,78205,78215,10
12.9636602402,80.2469329834,78215,78246,31
12.9636602402,80.2469329834,78246,78256,10
12.963259697,80.2467422485,78256,78266,10
12.9625902176,80.2464523315,78266,78276,10
12.9617595673,80.2460479736,78276,78286,10
12.9608001709,80.2455825806,78286,78296,10
12.9598503113,80.2451477051,78296,78307,11
12.959280014,80.2449111938,78307,78317,10
12.9591903687,80.2449035645,78317,78327,10
12.9587898254,80.244682312,78327,78337,10
12.9581098557,80.2444000244,78337,78347,10
12.9575099945,80.244140625,78347,78357,10
12.9568099976,80.2438964844,78357,78367,10
12.9562597275,80.2437210083,78367,78377,10
12.9558801651,80.2435302734,78377,78388,11
12.9551496506,80.2431564331,78388,78398,10
12.9543199539,80.2427902222,78398,78408,10
12.9533596039,80.2423629761,78408,78418,10
12.9523601532,80.2419891357,78418,78428,10
12.9516401291,80.2417526245,78428,78438,10
12.9515695572,80.2417221069,78438,78448,10
12.9512195587,80.241607666,78448,78459,11
12.9504995346,80.2413711548,78459,78469,10
12.9497203827,80.2411270142,78469,78479,10
12.9492998123,80.2410125732,78479,78489,10
12.9486999512,80.2407684326,78489,78499,10
12.9478998184,80.2404327393,78499,78509,10
12.9473199844,80.2401885986,78509,78519,10
12.9472303391,80.2401428223,78519,78529,10
12.946849823,80.2399597168,78529,78540,11
12.9461603165,80.2396621704,78540,78550,10
12.9452800751,80.2392272949,78550,78560,10
12.944439888,80.2384262085,78560,78570,10
12.9435396194,80.2374801636,78570,78580,10
12.9425802231,80.2366867065,78580,78590,10
12.9412603378,80.2362594604,78590,78600,10
12.9400196075,80.2359619141,78600,78611,11
12.9396600723,80.2358322144,78611,78621,10
12.9395503998,80.2358093262,78621,78631,10
12.9390296936,80.2355499268,78631,78641,10
12.9382095337,80.2350997925,78641,78651,10
12.9371900558,80.2345809937,78651,78661,10
12.9362297058,80.23412323,78661,78671,10
12.9354200363,80.2337265015,78671,78681,10
12.9345197678,80.2333374023,78681,78692,11
12.9337596893,80.2330093384,78692,78702,10
12.933719635,80.2329788208,78702,78712,10
12.9335002899,80.2329025269,78712,78722,10
12.9329595566,80.2326431274,78722,78732,10
12.9322004318,80.2323532104,78732,78742,10
12.9312801361,80.2320327759,78742,78752,10
12.930150032,80.2316894531,78752,78763,11
12.9290399551,80.2314605713,78763,78773,10
12.9281101227,80.2312774658,78773,78783,10
12.9269895554,80.2311630249,78783,78793,10
12.925909996,80.2310409546,78793,78813,20
12.925909996,80.2310409546,78813,78823,10
12.925620079,80.2310333252,78823,78834,11
12.9250202179,80.2309570313,78834,78844,10
12.924200058,80.2308578491,78844,78854,10
12.9232797623,80.2307281494,78854,78864,10
12.9221696854,80.2305374146,78864,78874,10
12.9209098816,80.2303619385,78874,78884,10
12.9195804596,80.2301864624,78884,78894,10
12.9181995392,80.2300033569,78894,78904,10
12.9168195724,80.2298202515,78904,78915,11
12.9152803421,80.2296066284,78915,78925,10
12.9139995575,80.2294311523,78925,78935,10
12.9133901596,80.2293701172,78935,78945,10
12.9133796692,80.2293701172,78945,78955,10
12.9131402969,80.2293319702,78955,78965,10
12.9125204086,80.2292175293,78965,78975,10
12.9116096497,80.2290802002,78975,78986,11
12.910320282,80.2288894653,78986,78996,10
12.9090299606,80.2286987305,78996,79006,10
12.9078598022,80.2285003662,79006,79016,10
12.9067401886,80.2283630371,79016,79026,10
12.9061098099,80.2283096313,79026,79036,10
12.9060096741,80.2282791138,79036,79046,10
12.9055299759,80.2282562256,79046,79056,10
12.9047298431,80.2282409668,79056,79067,11
12.9034795761,80.2281799316,79067,79077,10
12.9022397995,80.2280883789,79077,79087,10
12.900970459,80.2280426025,79087,79219,132
12.900970459,80.2280426025,79219,79229,10
12.9009399414,80.2280426025,79229,79239,10
12.9005403519,80.2279815674,79239,79249,10
12.8994903564,80.2279586792,79249,79279,30
12.8994903564,80.2279586792,79279,79290,11
12.8989200592,80.2279434204,79290,79300,10
12.8981599808,80.2278900146,79300,79310,10
12.8972702026,80.2278366089,79310,79320,10
12.8962097168,80.2277908325,79320,79330,10
12.8950796127,80.2277374268,79330,79340,10
12.8938903809,80.2276535034,79340,79350,10
12.8927001953,80.2275238037,79350,79360,10
12.8917102814,80.2274627686,79360,79371,11
12.8903903961,80.2274475098,79371,79381,10
12.8891201019,80.2274169922,79381,79391,10
12.8878498077,80.2273635864,79391,79401,10
12.8865804672,80.2271728516,79401,79411,10
12.8853397369,80.226852417,79411,79421,10
12.8846302032,80.2267990112,79421,79431,10
12.8845901489,80.2267990112,79431,79442,11
12.8842802048,80.2267913818,79442,79452,10
12.8836402893,80.2267684937,79452,79462,10
12.8827600479,80.2267913818,79462,79472,10
12.8816900253,80.2267990112,79472,79482,10
12.8805103302,80.2267990112,79482,79492,10
12.8792695999,80.2268218994,79492,79502,10
12.8780298233,80.2268981934,79502,79512,10
12.8769397736,80.2269821167,79512,79523,11
12.8762197495,80.2270584106,79523,79533,10
12.8761701584,80.2270736694,79533,79543,10
12.8757400513,80.2270278931,79543,79553,10
12.8750095367,80.2269668579,79553,79563,10
12.87403965,80.2268676758,79563,79573,10
12.8729000092,80.2267837524,79573,79583,10
12.8717803955,80.2267608643,79583,79594,11
12.8704099655,80.2266769409,79594,79604,10
12.8691101074,80.2265319824,79604,79614,10
12.867770195,80.2264709473,79614,79624,10
12.8664197922,80.2266082764,79624,79634,10
12.8650798798,80.2266464233,79634,79644,10
12.8636903763,80.226600647,79644,79654,10
12.8624200821,80.2266082764,79654,79664,10
12.8610696793,80.2266616821,79664,79675,11
12.860830307,80.2266464233,79675,79685,10
12.8604202271,80.226600647,79685,79695,10
12.8596601486,80.2265014648,79695,79705,10
12.8587503433,80.2263793945,79705,79715,10
12.8576498032,80.2263336182,79715,79725,10
12.8564395905,80.2264175415,79725,79735,10
12.8551502228,80.2265625,79735,79746,11
12.8536596298,80.2266998291,79746,79756,10
12.8522796631,80.2267379761,79756,79766,10
12.8514604568,80.2267684937,79766,79776,10
12.8512802124,80.2267303467,79776,79786,10
12.8506803513,80.2267074585,79786,79796,10
12.8498401642,80.2266693115,79796,79806,10
12.8487796783,80.2266769409,79806,79817,11
12.847410202,80.2266921997,79817,79827,10
12.8460597992,80.2266998291,79827,79837,10
12.8453397751,80.2267074585,79837,79857,20
12.8453397751,80.2267074585,79857,79867,10
12.8450899124,80.2266769409,79867,79877,10
12.844420433,80.2267303467,79877,79887,10
12.8435201645,80.2268371582,79887,79898,11
12.842300415,80.2270736694,79898,79908,10
12.8410396576,80.2273864746,79908,79918,10
12.8401498795,80.2276229858,79918,79928,10
12.8397197723,80.227722168,79928,79969,41
12.8397197723,80.227722168,79969,79979,10
12.8392896652,80.2278366089,79979,79989,10
12.8386096954,80.2280502319,79989,79999,10
12.8376998901,80.2282409668,79999,80009,10
12.8365697861,80.2284164429,80009,80019,10
12.8353996277,80.2285995483,80019,80029,10
12.83411026,80.2288208008,80029,80039,10
12.8328504562,80.2290420532,80039,80050,11
12.8318595886,80.2292175293,80050,80060,10
12.8315496445,80.2291030884,80060,80070,10
12.8315296173,80.2289810181,80070,80080,10
12.8315000534,80.2287902832,80080,80090,10
12.8313798904,80.228187561,80090,80100,10
12.831199646,80.2273406982,80100,80110,10
12.8310203552,80.2262191772,80110,80121,11
12.8310003281,80.2249298096,80121,80131,10
12.8310003281,80.224647522,80131,80141,10
12.8310003281,80.2240829468,80141,80151,10
12.8310098648,80.2232208252,80151,80161,10
12.831029892,80.2223129272,80161,80171,10
12.831029892,80.2219467163,80171,80181,10
12.831029892,80.2212524414,80181,80191,10
12.8310203552,80.2203979492,80191,80202,11
12.8310203552,80.2196807861,80202,80212,10
12.8306102753,80.2194976807,80212,80222,10
12.8297901154,80.2194976807,80222,80232,10
12.8287601471,80.2194900513,80232,80242,10
12.8277797699,80.2194976807,80242,80252,10
12.827630043,80.2194976807,80252,80262,10
12.8274402618,80.2194976807,80262,80273,11
12.8267498016,80.2194976807,80273,80283,10
12.8260803223,80.2194976807,80283,80293,10
12.8258304596,80.2193222046,80293,80303,10
12.8258199692,80.2191162109,80303,80313,10
12.8258199692,80.218711853,80313,80323,10
12.8258104324,80.2179489136,80323,80333,10
12.8258304596,80.2169036865,80333,80343,10
12.8256797791,80.2160263062,80343,80354,11
12.8253498077,80.2160568237,80354,80364,10
12.8247299194,80.2160263062,80364,80374,10
12.824259758,80.2160568237,80374,80658,284
12.824259758,80.2160568237,80658,80668,10
12.8241300583,80.2160873413,80668,80678,10
12.8236398697,80.2160873413,80678,80688,10
12.8230304718,80.2160568237,80688,80698,10
12.8227796555,80.2160263062,80698,80708,10
12.8226699829,80.2163467407,80708,80718,10
12.8226900101,80.2170410156,80718,80728,10
12.8226995468,80.2177581787,80728,80739,11
12.8226900101,80.2184371948,80739,80749,10
12.8226995468,80.2188415527,80749,80759,10
12.8226995468,80.2191772461,80759,80769,10
12.8230695724,80.2193603516,80769,80779,10
12.8236999512,80.2194137573,80779,80789,10
12.8245201111,80.2194290161,80789,80799,10
12.8252496719,80.2194671631,80799,80810,11
12.8254995346,80.2195281982,80810,80820,10
12.8258399963,80.2194824219,80820,80830,10
12.826499939,80.2194595337,80830,80840,10
12.8270797729,80.2194595337,80840,80851,11
12.8275203705,80.2194519043,80851,80861,10
12.8278999329,80.2194366455,80861,80871,10
12.8285503387,80.2194519043,80871,80882,11
12.8294200897,80.2194595337,80882,80892,10
12.8303003311,80.2194595337,80892,80902,10
12.8308401108,80.2194595337,80902,80912,10
12.8311395645,80.219619751,80912,80922,10
12.8311796188,80.2203292847,80922,80932,10
12.8311700821,80.2212905884,80932,80942,10
12.8311901093,80.222076416,80942,80952,10
12.8311901093,80.2223968506,80952,80963,11
12.8311700821,80.223197937,80963,80973,10
12.8311595917,80.2241516113,80973,80983,10
12.8311595917,80.2246170044,80983,80993,10
12.8311595917,80.2250366211,80993,81003,10
12.8311300278,80.2258071899,81003,81013,10
12.8312397003,80.2268676758,81013,81023,10
12.8314199448,80.2277374268,81023,81034,11
12.8316497803,80.2287979126,81034,81044,10
12.8317604065,80.2291107178,81044,81054,10
12.8320503235,80.229057312,81054,81064,10
12.8326997757,80.2289428711,81064,81074,10
12.8336200714,80.2287826538,81074,81084,10
12.8347902298,80.2285995483,81084,81094,10
12.8360795975,80.2284011841,81094,81105,11
12.8375396729,80.2281570435,81105,81115,10
12.8386898041,80.227897644,81115,81125,10
12.8392295837,80.227722168,81125,81135,10
12.8394804001,80.2276382446,81135,81145,10
12.839969635,80.2275238037,81145,81155,10
12.8407897949,80.2273178101,81155,81165,10
12.8418502808,80.2270278931,81165,81175,10
12.8430900574,80.2267913818,81175,81186,11
12.8445196152,80.2266235352,81186,81196,10
12.8453798294,80.2265396118,81196,81206,10
12.8454399109,80.2265167236,81206,81216,10
12.8459196091,80.2265167236,81216,81226,10
12.8467502594,80.2265167236,81226,81236,10
12.8478298187,80.2265396118,81236,81246,10
12.8490600586,80.2265167236,81246,81257,11
12.8500099182,80.2265319824,81257,81267,10
12.8500795364,80.2265319824,81267,81277,10
12.8504800797,80.2265319824,81277,81287,10
12.8512496948,80.2265625,81287,81297,10
12.8522596359,80.2266082764,81297,81307,10
12.8535003662,80.226600647,81307,81317,10
12.8548202515,80.2264785767,81317,81327,10
12.8562002182,80.2263336182,81327,81338,11
12.8577699661,80.2261962891,81338,81348,10
12.8591995239,80.226272583,81348,81358,10
12.8606100082,80.2264633179,81358,81368,10
12.862039566,80.2265014648,81368,81378,10
12.8634500504,80.2264480591,81378,81388,10
12.8648900986,80.2265090942,81388,81398,10
12.8663797379,80.2264785767,81398,81409,11
12.8680200577,80.226348877,81409,81419,10
12.869509697,80.2264175415,81419,81429,10
12.8706798553,80.2265396118,81429,81439,10
12.8724403381,80.2266235352,81439,81449,10
12.8739004135,80.2266921997,81449,81459,10
12.8753299713,80.2268600464,81459,81469,10
12.8764696121,80.2268676758,81469,81479,10
12.8767995834,80.226852417,81479,81490,11
12.8773403168,80.2268218994,81490,81500,10
12.8781795502,80.2267532349,81500,81510,10
12.8793001175,80.2266769409,81510,81520,10
12.8805704117,80.2266464233,81520,81530,10
12.8819198608,80.2266387939,81530,81540,10
12.8833198547,80.2266311646,81540,81550,10
12.88463974,80.2266235352,81550,81561,11
12.8859901428,80.2268218994,81561,81571,10
12.8873100281,80.2271194458,81571,81581,10
12.8887195587,80.2272415161,81581,81591,10
12.8901796341,80.2272415161,81591,81601,10
12.8916501999,80.2272491455,81601,81611,10
12.8928499222,80.2273635864,81611,81621,10
12.894109726,80.2275238037,81621,81631,10
12.8954496384,80.2275924683,81631,81642,11
12.8970298767,80.2276535034,81642,81652,10
12.8984699249,80.227722168,81652,81662,10
12.8998003006,80.2277832031,81662,81672,10
12.9008598328,80.2278366089,81672,81682,10
12.9016103745,80.2278900146,81682,81692,10
12.9022598267,80.227897644,81692,81702,10
12.9024600983,80.2279129028,81702,81713,11
12.902879715,80.2279510498,81713,81723,10
12.9036502838,80.2279815674,81723,81733,10
12.9046697617,80.2280426025,81733,81743,10
12.9058799744,80.2281112671,81743,81753,10
12.9070100784,80.2282104492,81753,81763,10
12.9081296921,80.2284011841,81763,81773,10
12.9094200134,80.2286071777,81773,81783,10
12.9108104706,80.2288208008,81783,81794,11
12.9123497009,80.2290496826,81794,81804,10
12.9137296677,80.2292404175,81804,81814,10
12.9141302109,80.2292633057,81814,81824,10
12.9144802094,80.2293167114,81824,81834,10
12.915189743,80.2294082642,81834,81844,10
12.9161901474,80.2295532227,81844,81854,10
12.9173002243,80.2297134399,81854,81865,11
12.9185400009,80.2298965454,81865,81875,10
12.9198303223,80.2300491333,81875,81885,10
12.9211101532,80.2302093506,81885,81895,10
12.9221601486,80.2303695679,81895,81905,10
12.9233598709,80.2305603027,81905,81915,10
12.9246902466,80.2307434082,81915,81925,10
12.9261302948,80.2309036255,81925,81936,11
12.9277296066,80.2310791016,81936,81946,10
12.9291000366,80.231300354,81946,81956,10
12.930390358,80.2316131592,81956,81966,10
12.9317398071,80.2320022583,81966,81976,10
12.9330301285,80.2324295044,81976,81986,10
12.9336795807,80.2327194214,81986,81996,10
12.9340801239,80.2329025269,81996,82006,10
12.9348297119,80.2332611084,82006,82017,11
12.935839653,80.2337417603,82017,82027,10
12.9368495941,80.2341766357,82027,82037,10
12.9379901886,80.2347412109,82037,82047,10
12.9391803741,80.2353515625,82047,82057,10
12.9403400421,80.2358322144,82057,82067,10
12.941619873,80.2361831665,82067,82077,10
12.9429101944,80.2366409302,82077,82088,11
12.9440603256,80.2377090454,82088,82098,10
12.9450397491,80.2388000488,82098,82108,10
12.9462203979,80.2395401001,82108,82118,10
12.9475297928,80.2400665283,82118,82128,10
12.9485797882,80.2404937744,82128,82138,10
12.9488601685,80.2405929565,82138,82148,10
12.9489603043,80.2406311035,82148,82158,10
12.9491996765,80.2407226563,82158,82169,11
12.9498996735,80.2409362793,82169,82179,10
12.9507904053,80.2412185669,82179,82189,10
12.951880455,80.2416000366,82189,82199,10
12.9530696869,80.2420425415,82199,82209,10
12.9542703629,80.2425231934,82209,82219,10
12.955039978,80.2427978516,82219,82228,9
12.9556798935,80.243019104,82228,82240,12
12.9565200806,80.2433166504,82240,82250,10
12.9572896957,80.2436828613,82250,82260,10
12.9582796097,80.2441177368,82260,82270,10
12.9588603973,80.2443466187,82270,82280,10
12.9591197968,80.2444763184,82280,82290,10
12.9597501755,80.244758606,82290,82300,10
12.9605998993,80.2451629639,82300,82310,10
12.9616603851,80.2456665039,82310,82321,11
12.9629497528,80.2462997437,82321,82331,10
12.9635601044,80.24659729,82331,82341,10
12.9641504288,80.2468338013,82341,82351,10
12.9649896622,80.2471618652,82351,82361,10
12.9659996033,80.2475128174,82361,82371,10
12.9668903351,80.2478790283,82371,82381,10
12.9669799805,80.2479324341,82381,82392,11
12.9674301147,80.2481918335,82392,82402,10
12.9681997299,80.2485198975,82402,82412,10
12.9691896439,80.248916626,82412,82422,10
12.9703502655,80.2493896484,82422,82432,10
12.9716300964,80.2497787476,82432,82442,10
12.9729404449,80.2501220703,82442,82452,10
12.9742603302,80.2504577637,82452,82462,10
12.9755897522,80.2508621216,82462,82473,11
12.9771203995,80.2513427734,82473,82483,10
12.978269577,80.2521591187,82483,82493,10
12.9797496796,80.2526397705,82493,82533,40
12.9797496796,80.2526397705,82533,82544,11
12.9799098969,80.2527008057,82544,82554,10
12.980509758,80.2526779175,82554,82564,10
12.9813995361,80.2526626587,82564,82574,10
12.9825401306,80.2526016235,82574,82584,10
12.983830452,80.2524032593,82584,82594,10
12.9851799011,80.2520294189,82594,82604,10
12.9863300323,80.2517089844,82604,82614,10
12.9866399765,80.2516174316,82614,82625,11
12.9867200851,80.2515869141,82625,82635,10
12.9870004654,80.2515029907,82635,82645,10
12.9875497818,80.2513427734,82645,82746,101
12.9875497818,80.2513427734,82746,82756,10
12.9877300262,80.2512588501,82756,82766,10
12.9883098602,80.2511367798,82766,82777,11
12.9893102646,80.2509231567,82777,82787,10
12.9895801544,80.250869751,82787,82797,10
12.9899196625,80.2507781982,82797,82807,10
12.9906101227,80.250579834,82807,82817,10
12.9915103912,80.2503585815,82817,82827,10
12.9925298691,80.2501220703,82827,82837,10
12.9938602448,80.2498092651,82837,82848,11
12.9952297211,80.2494735718,82848,82858,10
12.9965696335,80.249168396,82858,82868,10
12.9979600906,80.2488174438,82868,82878,10
12.9993600845,80.2484588623,82878,82888,10
13.0007896423,80.2481079102,82888,82898,10
13.0021400452,80.2477798462,82898,82908,10
13.0032596588,80.2475128174,82908,82918,10
13.0042600632,80.2473373413,82918,82929,11
13.0054197311,80.2471466064,82929,82939,10
13.0062599182,80.2468109131,82939,82949,10
13.0065603256,80.2462081909,82949,82959,10
13.0066099167,80.2453308105,82959,82969,10
13.0066099167,80.2442398071,82969,82979,10
13.0065803528,80.2436218262,82979,82989,10
13.0065498352,80.2429580688,82989,83000,11
13.0065202713,80.2419433594,83000,83010,10
13.0066204071,80.2408599854,83010,83020,10
13.0067996979,80.2399978638,83020,83030,10
13.0069799423,80.238861084,83030,83040,10
13.0072002411,80.2378616333,83040,83050,10
13.0075597763,80.2362823486,83050,83060,10
13.0078296661,80.2349624634,83060,83070,10
13.008099556,80.2335281372,83070,83081,11
13.0083799362,80.232208252,83081,83091,10
13.0086202621,80.2309188843,83091,83101,10
13.0087995529,80.2299804688,83101,83111,10
13.0089797974,80.2291564941,83111,83121,10
13.0092601776,80.2280426025,83121,83131,10
13.009759903,80.2268295288,83131,83141,10
13.0103302002,80.2255783081,83141,83152,11
13.0108804703,80.2243728638,83152,83162,10
13.0111999512,80.2235717773,83162,83172,10
13.0114402771,80.22290802,83172,83182,10
13.0118103027,80.222038269,83182,83192,10
13.0122804642,80.2214279175,83192,83202,10
13.0126800537,80.2219696045,83202,83212,10
13.013130188,80.2225418091,83212,83222,10
13.0138196945,80.2231903076,83222,83233,11
13.0146503448,80.2241592407,83233,83243,10
13.0155601501,80.2250137329,83243,83253,10
13.0167102814,80.225151062,83253,83263,10
13.0178699493,80.2247085571,83263,83273,10
13.0191202164,80.224319458,83273,83282,9
13.0201396942,80.2247619629,83282,83304,22
13.0201396942,80.2247619629,83304,83314,10
13.0204896927,80.2249984741,83314,83324,10
13.0210800171,80.2254562378,83324,83334,10
13.0218601227,80.2260971069,83334,83344,10
13.0228204727,80.2268829346,83344,83354,10
13.0236501694,80.2276687622,83354,83364,10
13.0243301392,80.2283630371,83364,83374,10
13.0244197845,80.2284622192,83374,83385,11
13.024430275,80.2285232544,83385,83395,10
13.0241603851,80.2284088135,83395,83405,10
13.0236902237,80.2278594971,83405,83415,10
13.0229797363,80.2272186279,83415,83425,10
13.0220603943,80.2264404297,83425,83435,10
13.0210399628,80.2256317139,83435,83445,10
13.0200004578,80.224899292,83445,83456,11
13.0186796188,80.2245635986,83456,83466,10
13.0175304413,80.2250137329,83466,83476,10
13.0169401169,80.2252731323,83476,83486,10
13.016579628,80.2253799438,83486,83496,10
13.0163097382,80.225402832,83496,83506,10
13.0160503387,80.2255096436,83506,83516,10
13.0155801773,80.2257385254,83516,83526,10
13.0148696899,80.226020813,83526,83537,11
13.0141801834,80.2260818481,83537,83587,50
13.0141801834,80.2260818481,83587,83597,10
