12.9864997864,80.2596282959,18,3988,3970
12.986700058,80.2596282959,3988,5499,1511
12.986700058,80.2596206665,5499,9511,4012
12.9866304398,80.2595672607,9511,12873,3362
12.9867696762,80.2596435547,12873,19850,6977
12.9867696762,80.2596435547,19850,19860,10
12.9867696762,80.2595291138,19860,19870,10
12.9868497849,80.2594985962,19870,19880,10
12.9871902466,80.2595291138,19880,19900,20
12.9871902466,80.2595291138,19900,19911,11
12.9873199463,80.2592926025,19911,19921,10
12.9873399734,80.2591400146,19921,19931,10
12.9873800278,80.2587890625,19931,19941,10
12.9874401093,80.2583007813,19941,19951,10
12.9874401093,80.2576980591,19951,20235,284
12.9874401093,80.2576980591,20235,20245,10
12.9875097275,80.2576904297,20245,20306,61
12.9875097275,80.2576904297,20306,20316,10
12.9876003265,80.2574920654,20316,20326,10
12.9876003265,80.2570114136,20326,20336,10
12.9876403809,80.2562408447,20336,20346,10
12.9875898361,80.2557296753,20346,20356,10
12.9869804382,80.2556381226,20356,20366,10
12.9861602783,80.2554779053,20366,20376,10
12.9853601456,80.2553100586,20376,20387,11
12.9844303131,80.2550964355,20387,20397,10
12.9836797714,80.2549209595,20397,20407,10
12.9827899933,80.2546768188,20407,20417,10
12.9820604324,80.2542266846,20417,20427,10
12.9818000793,80.253326416,20427,20437,10
12.9812297821,80.2527770996,20437,20447,10
12.9804897308,80.2527770996,20447,20457,10
12.9796800613,80.2527008057,20457,20468,11
12.9785900116,80.2525024414,20468,20478,10
12.9776000977,80.2517471313,20478,20488,10
12.9763202667,80.251159668,20488,20498,10
12.9748802185,80.2507476807,20498,20508,10
12.9734096527,80.2503433228,20508,20518,10
12.9718999863,80.2499389648,20518,20528,10
12.9706897736,80.2496109009,20528,20538,10
12.9688796997,80.248916626,20538,20549,11
12.9672803879,80.2482681274,20549,20559,10
12.9659900665,80.2476501465,20559,20569,10
12.9646196365,80.2471694946,20569,20579,10
12.9632301331,80.2466125488,20579,20589,10
12.9618396759,80.2459182739,20589,20599,10
12.9606103897,80.2453384399,20599,20609,10
12.95952034,80.2448425293,20609,20619,10
12.9583101273,80.2443237305,20619,20629,10
12.9575901031,80.2440719604,20629,20640,11
12.9566698074,80.2437667847,20640,20650,10
12.9562797546,80.2435913086,20650,20660,10
12.9557800293,80.2433624268,20660,20670,10
12.9551401138,80.2430419922,20670,20680,10
12.9539499283,80.2425231934,20680,20690,10
12.9527702332,80.2420272827,20690,20700,10
12.9514398575,80.2415618896,20700,20710,10
12.9499797821,80.2411193848,20710,20721,11
12.9484500885,80.240562439,20721,20731,10
12.9472703934,80.2400665283,20731,20741,10
12.9461297989,80.2396087646,20741,20751,10
12.9451303482,80.2390594482,20751,20761,10
12.9442796707,80.2381668091,20761,20771,10
12.943570137,80.2373809814,20771,20781,10
12.9426898956,80.236656189,20781,20791,10
12.9412403107,80.2362136841,20791,20802,11
12.9399499893,80.2358627319,20802,20812,10
12.9388504028,80.2353363037,20812,20822,10
12.9376401901,80.2347412109,20822,20832,10
12.9363698959,80.23412323,20832,20842,10
12.9350500107,80.2334976196,20842,20852,10
12.9336595535,80.2328720093,20852,20861,9
12.9323997498,80.2323379517,20861,20872,11
12.9309501648,80.231842041,20872,20883,11
12.9292297363,80.2313995361,20883,20893,10
12.9276695251,80.2311477661,20893,20903,10
12.9260997772,80.2309799194,20903,20913,10
12.9246196747,80.230796814,20913,20923,10
12.9231796265,80.2306289673,20923,20933,10
12.9216804504,80.2304000854,20933,20943,10
12.920249939,80.2302017212,20943,20953,10
12.9187002182,80.2300109863,20953,20964,11
12.9169397354,80.2297821045,20964,20974,10
12.9153404236,80.2295532227,20974,20984,10
12.9140901566,80.2294082642,20984,20994,10
12.913069725,80.2292785645,20994,21004,10
12.9120101929,80.2291107178,21004,21014,10
12.9106302261,80.2289123535,21014,21024,10
12.9090995789,80.2286529541,21024,21034,10
12.907500267,80.2284011841,21034,21045,11
12.9060697556,80.2282409668,21045,21055,10
12.9047403336,80.2281723022,21055,21065,10
12.9032897949,80.2280883789,21065,21075,10
12.9018001556,80.228012085,21075,21085,10
12.9007196426,80.2279586792,21085,21095,10
12.8997001648,80.2278900146,21095,21105,10
12.898900032,80.2278594971,21105,21115,10
12.8978300095,80.2277984619,21115,21126,11
12.8964195251,80.2276992798,21126,21136,10
12.8949804306,80.2276306152,21136,21146,10
12.8935098648,80.2275390625,21146,21156,10
12.8923196793,80.2274169922,21156,21166,10
12.8911895752,80.2273635864,21166,21176,10
12.8898296356,80.2273635864,21176,21186,10
12.8883399963,80.2273483276,21186,21196,10
12.8868198395,80.227142334,21196,21207,11
12.8851499557,80.2267684937,21207,21217,10
12.8835697174,80.2267379761,21217,21227,10
12.8819599152,80.2267608643,21227,21237,10
12.8803396225,80.2267608643,21237,21247,10
12.8787097931,80.2268066406,21247,21257,10
12.8772001266,80.2269363403,21257,21267,10
12.8759202957,80.2269668579,21267,21277,10
12.8745098114,80.2268295288,21277,21288,11
12.8728904724,80.2267227173,21288,21298,10
12.8714103699,80.2266769409,21298,21308,10
12.8698396683,80.2265625,21308,21318,10
12.8682699203,80.2264022827,21318,21328,10
12.8667097092,80.2265319824,21328,21338,10
12.8651504517,80.2266082764,21338,21348,10
12.8635597229,80.2265396118,21348,21358,10
12.8619499207,80.2265777588,21358,21369,11
12.8603801727,80.2265319824,21369,21379,10
12.8592195511,80.2263870239,21379,21389,10
12.8586196899,80.2263183594,21389,21399,10
12.8578996658,80.226272583,21399,21409,10
12.8567895889,80.226348877,21409,21419,10
12.8554496765,80.2264709473,21419,21429,10
12.8539199829,80.2266082764,21429,21439,10
12.8522901535,80.2266693115,21439,21450,11
12.8504400253,80.2265777588,21450,21460,10
12.8489198685,80.2265777588,21460,21470,10
12.8473796844,80.2265777588,21470,21480,10
12.8459997177,80.2265777588,21480,21490,10
12.8451299667,80.2266235352,21490,21500,10
12.8440303802,80.2267303467,21500,21510,10
12.8427801132,80.2269287109,21510,21520,10
12.8413896561,80.2272415161,21520,21531,11
12.840180397,80.2275619507,21531,21541,10
12.8396997452,80.2276992798,21541,21561,20
12.8396997452,80.2276992798,21561,21571,10
12.8396196365,80.2277297974,21571,21581,10
12.8391304016,80.2278594971,21581,21591,10
12.8382797241,80.2280578613,21591,21601,10
12.8372001648,80.2282791138,21601,21612,11
12.8357601166,80.2285003662,21612,21622,10
12.8343296051,80.2287368774,21622,21632,10
12.832859993,80.2289962769,21632,21642,10
12.831609726,80.2292633057,21642,21652,10
12.8303098679,80.2296981812,21652,21662,10
12.8289699554,80.2302322388,21662,21672,10
12.8277101517,80.2309417725,21672,21682,10
12.8263998032,80.2313690186,21682,21693,11
12.8255596161,80.2314376831,21693,21703,10
12.8245601654,80.2313766479,21703,21713,10
12.8233604431,80.2310409546,21713,21723,10
12.8219995499,80.2306213379,21723,21733,10
12.820520401,80.23046875,21733,21743,10
12.8191900253,80.2304916382,21743,21753,10
12.8178901672,80.2300262451,21753,21763,10
12.8164396286,80.2295227051,21763,21774,11
12.814740181,80.2292633057,21774,21784,10
12.8132200241,80.2288665771,21784,21794,10
12.8117303848,80.2283477783,21794,21804,10
12.810259819,80.2277832031,21804,21814,10
12.8089199066,80.2270736694,21814,21824,10
12.8077201843,80.2260818481,21824,21834,10
12.8068399429,80.2253036499,21834,21844,10
12.8061304092,80.2246627808,21844,21855,11
12.8053102493,80.2240905762,21855,21865,10
12.8050403595,80.2240219116,21865,21875,10
12.8046503067,80.2239532471,21875,21885,10
12.8039102554,80.2238922119,21885,21895,10
12.8030099869,80.2238006592,21895,21905,10
12.80189991,80.2236480713,21905,21915,10
12.8006000519,80.2235183716,21915,21925,10
12.7991800308,80.2234115601,21925,21936,11
12.7974796295,80.223197937,21936,21946,10
12.7959098816,80.22290802,21946,21956,10
12.7943096161,80.2226486206,21956,21966,10
12.7926998138,80.2223968506,21966,21976,10
12.7911300659,80.222038269,21976,21986,10
12.7896604538,80.2216796875,21986,21996,10
12.788479805,80.2212524414,21996,22006,10
12.7876195908,80.2209320068,22006,22017,11
12.7868995667,80.2206573486,22017,22027,10
12.7866601944,80.2205734253,22027,22037,10
12.7864198685,80.2204818726,22037,22047,10
12.786239624,80.220413208,22047,22057,10
12.7861995697,80.2207107544,22057,22067,10
12.7862100601,80.2212219238,22067,22077,10
12.7862796783,80.2217636108,22077,22087,10
12.7861499786,80.2220687866,22087,22098,11
12.7862100601,80.2218933105,22098,22108,10
12.7862100601,80.2215194702,22108,22118,10
12.7861795425,80.2209777832,22118,22128,10
12.7861700058,80.2204818726,22128,22138,10
12.786450386,80.2204208374,22138,22168,30
12.786450386,80.2204208374,22168,22179,11
12.7868299484,80.2205963135,22179,22189,10
12.7874202728,80.2208175659,22189,22199,10
12.7881498337,80.2210998535,22199,22209,10
12.789059639,80.2214584351,22209,22219,10
12.789899826,80.2217636108,22219,22229,10
12.7907800674,80.2219772339,22229,22239,10
12.7918796539,80.2222518921,22239,22249,10
12.7931203842,80.2224807739,22249,22260,11
12.7945203781,80.2226791382,22260,22270,10
12.7957601547,80.2228775024,22270,22280,10
12.7963895798,80.2229766846,22280,22290,10
12.796500206,80.2229995728,22290,22300,10
12.7970399857,80.2230987549,22300,22310,10
12.7979001999,80.2232589722,22310,22320,10
12.7989196777,80.2233734131,22320,22330,10
12.8001003265,80.2234573364,22330,22341,11
12.8012399673,80.2235565186,22341,22351,10
12.8014602661,80.2235870361,22351,22361,10
12.8017902374,80.2236404419,22361,22371,10
12.8025302887,80.2237167358,22371,22381,10
12.803440094,80.2238388062,22381,22391,10
12.8044900894,80.2238998413,22391,22401,10
12.8053598404,80.224067688,22401,22411,10
12.8055000305,80.2241210938,22411,22422,11
12.8058595657,80.2243499756,22422,22432,10
12.806429863,80.2248382568,22432,22442,10
12.8071403503,80.2254562378,22442,22452,10
12.8079204559,80.2261428833,22452,22462,10
12.8088998795,80.2269363403,22462,22472,10
12.8100700378,80.2276535034,22472,22482,10
12.8114204407,80.2282180786,22482,22492,10
12.8128995895,80.2287597656,22492,22503,11
12.8145999908,80.2292480469,22503,22513,10
12.8162202835,80.2294769287,22513,22523,10
12.8177995682,80.2299423218,22523,22533,10
12.8191699982,80.2304763794,22533,22543,10
12.8197898865,80.23046875,22543,22553,10
12.8200702667,80.2304534912,22553,22563,10
12.8208503723,80.2304382324,22563,22573,10
12.8219003677,80.2305221558,22573,22584,11
12.8232698441,80.2309417725,22584,22594,10
12.8245897293,80.2312698364,22594,22604,10
12.8259096146,80.231338501,22604,22614,10
12.8272895813,80.2311325073,22614,22624,10
12.828619957,80.2304077148,22624,22634,10
12.8299503326,80.2298202515,22634,22644,10
12.8303699493,80.2296600342,22644,22654,10
12.8308801651,80.2294387817,22654,22665,11
12.8311300278,80.2293395996,22665,22675,10
12.8315496445,80.2292098999,22675,22685,10
12.8322601318,80.229057312,22685,22695,10
12.8332004547,80.2288818359,22695,22705,10
12.8343601227,80.2286834717,22705,22715,10
12.8356800079,80.2284622192,22715,22725,10
12.8370800018,80.2282409668,22725,22735,10
12.8383598328,80.2279663086,22735,22746,11
12.8392601013,80.2277679443,22746,22756,10
12.839630127,80.2276763916,22756,22766,10
12.8398599625,80.2276000977,22766,22776,10
12.8404998779,80.2274169922,22776,22786,10
12.8414402008,80.2271728516,22786,22796,10
12.8425998688,80.226890564,22796,22806,10
12.8439302444,80.2266464233,22806,22816,10
12.8448801041,80.2265396118,22816,22826,10
12.8454303741,80.2265167236,22826,22837,11
12.8456001282,80.2265319824,22837,22847,10
12.8462400436,80.2265167236,22847,22857,10
12.8471899033,80.2265167236,22857,22867,10
12.8483200073,80.2265090942,22867,22877,10
12.8495903015,80.2265319824,22877,22887,10
12.850979805,80.2265625,22887,22897,10
12.8524198532,80.2266387939,22897,22907,10
12.8539104462,80.226600647,22907,22918,11
12.8555698395,80.2264099121,22918,22928,10
12.8570899963,80.2262268066,22928,22938,10
12.858499527,80.2261734009,22938,22948,10
12.8599500656,80.2263565063,22948,22958,10
12.8614196777,80.2265090942,22958,22968,10
12.8629102707,80.2264480591,22968,22978,10
12.86439991,80.2264785767,22978,22988,10
12.8659000397,80.2265090942,22988,22999,11
12.8675699234,80.2263870239,22999,23009,10
12.8691101074,80.2263793945,23009,23019,10
12.8706197739,80.2265472412,23019,23029,10
12.8719797134,80.2266082764,23029,23039,10
12.8729295731,80.2266082764,23039,23049,10
12.8730802536,80.2266082764,23049,23059,10
12.87362957,80.2266387939,23059,23069,10
12.8745498657,80.2267303467,23069,23080,11
12.8758001328,80.2268676758,23080,23090,10
12.8766202927,80.226852417,23090,23100,10
12.8768100739,80.2268295288,23100,23110,10
12.8772602081,80.2267990112,23110,23120,10
12.8781404495,80.2267379761,23120,23130,10
12.8793001175,80.2266693115,23130,23140,10
12.8806600571,80.2266616821,23140,23150,10
12.8821001053,80.2266464233,23150,23161,11
12.8836097717,80.2266311646,23161,23171,10
12.884759903,80.2266082764,23171,23181,10
12.8852996826,80.2266387939,23181,23191,10
12.8855695724,80.2266921997,23191,23201,10
12.8862800598,80.2268829346,23201,23211,10
12.8872995377,80.2271194458,23211,23221,10
12.888589859,80.2272796631,23221,23231,10
12.8900499344,80.2272720337,23231,23242,11
12.8917503357,80.2272720337,23242,23252,10
12.8931999207,80.2273864746,23252,23262,10
12.8946800232,80.2275390625,23262,23272,10
12.8962202072,80.2276077271,23272,23282,10
12.8977098465,80.2276763916,23282,23292,10
12.8991699219,80.2277603149,23292,23302,10
12.9003601074,80.2278213501,23302,23312,10
12.9008398056,80.2278213501,23312,23343,31
12.9008398056,80.2278213501,23343,23355,12
12.9009895325,80.2278518677,23355,23365,10
12.9014596939,80.2279129028,23365,23375,10
12.9022197723,80.2279205322,23375,23385,10
12.9030799866,80.2279663086,23385,23395,10
12.9034795761,80.2279815674,23395,23406,11
12.9038600922,80.2279891968,23406,23416,10
12.9047603607,80.2280426025,23416,23426,10
12.9058103561,80.2281036377,23426,23436,10
12.9068403244,80.2281570435,23436,23446,10
12.9070396423,80.2282028198,23446,23456,10
12.9074497223,80.2282562256,23456,23466,10
12.9085597992,80.2284393311,23466,23477,11
12.9098901749,80.2286682129,23477,23487,10
12.9112596512,80.2288818359,23487,23497,10
12.9126596451,80.2291030884,23497,23507,10
12.9138898849,80.2292404175,23507,23517,10
12.9147396088,80.2293395996,23517,23527,10
12.91588974,80.2294998169,23527,23537,10
12.9172296524,80.2296905518,23537,23547,10
12.9187002182,80.2298965454,23547,23558,11
12.9203596115,80.2301177979,23558,23568,10
12.9218196869,80.2303237915,23568,23578,10
12.9233703613,80.2305603027,23578,23588,10
12.9249401093,80.230758667,23588,23598,10
12.92648983,80.2309494019,23598,23608,10
12.9280900955,80.2311325073,23608,23618,10
12.9296703339,80.2314224243,23618,23628,10
12.9312295914,80.2318496704,23628,23638,10
12.9327297211,80.2323379517,23638,23649,11
12.9342699051,80.233001709,23649,23659,10
12.935669899,80.2336273193,23659,23669,10
12.9367103577,80.2341308594,23669,23679,10
12.9370803833,80.2342987061,23679,23689,10
12.9378595352,80.2346878052,23689,23699,10
12.9388904572,80.2351989746,23699,23708,9
12.9398002625,80.2356567383,23708,23719,11
12.9410400391,80.2360610962,23719,23730,11
12.9423398972,80.2363891602,23730,23740,10
12.9435501099,80.2371673584,23740,23750,10
12.9444904327,80.2382125854,23750,23760,10
12.9454402924,80.2391204834,23760,23770,10
12.9466495514,80.2397003174,23770,23780,10
12.9478902817,80.2402114868,23780,23790,10
12.9489002228,80.2406311035,23790,23821,31
12.9489002228,80.2406311035,23821,23831,10
12.9491996765,80.2407836914,23831,23841,10
12.9499197006,80.2410125732,23841,23851,10
12.9511404037,80.2413787842,23851,23871,20
12.9511404037,80.2413787842,23871,23881,10
12.9515199661,80.2415084839,23881,23892,11
12.9522199631,80.2417602539,23892,23902,10
12.9531097412,80.2420883179,23902,23912,10
12.9540500641,80.2424621582,23912,23922,10
12.9549398422,80.2428207397,23922,23932,10
12.9556798935,80.2431488037,23932,23942,10
12.9563398361,80.2434387207,23942,23952,10
12.9565401077,80.2435379028,23952,23962,10
12.9571800232,80.2437820435,23962,23973,11
12.9581003189,80.2441329956,23973,23983,10
12.9589195251,80.2444610596,23983,23993,10
12.9598703384,80.2448577881,23993,24003,10
12.9609298706,80.2453689575,24003,24013,10
12.9621200562,80.2459564209,24013,24023,10
12.9631795883,80.2464981079,24023,24033,10
12.9641599655,80.2469329834,24033,24043,10
12.9653396606,80.2473373413,24043,24054,11
12.9664802551,80.247756958,24054,24064,10
12.9666099548,80.2478179932,24064,24074,10
12.9669504166,80.2479934692,24074,24084,10
12.9676399231,80.2483062744,24084,24094,10
12.9686203003,80.2487182617,24094,24104,10
12.9698495865,80.2491989136,24104,24114,10
12.9712200165,80.2496795654,24114,24124,10
12.9728403091,80.2501220703,24124,24135,11
12.9743404388,80.2505187988,24135,24145,10
12.9758300781,80.2509613037,24145,24155,10
12.9772100449,80.251411438,24155,24165,10
12.978219986,80.252166748,24165,24175,10
12.9792804718,80.2526016235,24175,24185,10
12.9801301956,80.2526779175,24185,24195,10
12.9811401367,80.2526626587,24195,24205,10
12.9821996689,80.2526321411,24205,24216,11
12.9834604263,80.2525024414,24216,24226,10
12.984749794,80.2521896362,24226,24236,10
12.9859600067,80.2518386841,24236,24246,10
12.986869812,80.2515792847,24246,24256,10
12.9873199463,80.251411438,24256,24276,20
12.9873199463,80.251411438,24276,24286,10
12.987569809,80.2513427734,24286,24297,11
12.9880800247,80.2512283325,24297,24307,10
12.9889202118,80.2510223389,24307,24317,10
12.989569664,80.2508392334,24317,24327,10
12.989689827,80.2508087158,24327,24337,10
12.9902200699,80.2506866455,24337,24347,10
12.9911003113,80.2504730225,24347,24357,10
12.9922399521,80.250213623,24357,24367,10
12.9935703278,80.2498626709,24367,24378,11
12.99518013,80.249458313,24378,24388,10
12.9967002869,80.2490692139,24388,24398,10
12.998290062,80.2486877441,24398,24408,10
12.9999103546,80.2482681274,24408,24418,10
13.0015201569,80.2478713989,24418,24428,10
13.0029001236,80.2475585938,24428,24438,10
13.0043296814,80.2473373413,24438,24448,10
13.0055599213,80.2471313477,24448,24459,11
13.0064001083,80.2466812134,24459,24469,10
13.0065202713,80.246421814,24469,24479,10
13.0065698624,80.2462081909,24479,24489,10
13.0066299438,80.24559021,24489,24499,10
13.0066299438,80.2446594238,24499,24509,10
13.0066404343,80.2435836792,24509,24519,10
13.0066099167,80.2424163818,24519,24529,10
13.0066404343,80.2411422729,24529,24540,11
13.0067195892,80.2404327393,24540,24550,10
13.0067195892,80.2403030396,24550,24560,10
13.0068397522,80.2397994995,24560,24570,10
13.0069904327,80.2390289307,24570,24580,10
13.0071401596,80.2382278442,24580,24590,10
13.007349968,80.2373123169,24590,24600,10
13.0074195862,80.2366714478,24600,24610,10
13.0074796677,80.2365112305,24610,24621,11
13.0076303482,80.2358779907,24621,24631,10
13.007809639,80.2349700928,24631,24641,10
13.0080299377,80.2338485718,24641,24651,10
13.0082702637,80.2325897217,24651,24661,10
13.0085601807,80.2312393188,24661,24671,10
13.0088500977,80.2297592163,24671,24681,10
13.0091400146,80.2283096313,24681,24691,10
13.0097198486,80.2269210815,24691,24702,11
13.0103597641,80.2256393433,24702,24712,10
13.0108299255,80.2246704102,24712,24722,10
13.0112600327,80.2236785889,24722,24732,10
13.0115604401,80.2228164673,24732,24742,10
13.0119800568,80.2217636108,24742,24750,8
13.0123300552,80.2214584351,24750,24762,12
13.0127696991,80.2221298218,24762,24773,11
13.0135097504,80.222869873,24773,24783,10
13.0142498016,80.2237625122,24783,24793,10
13.0148801804,80.2245178223,24793,24803,10
13.01541996,80.224899292,24803,24813,10
13.0154495239,80.2249221802,24813,24823,10
13.0157203674,80.2251815796,24823,24833,10
13.0163698196,80.2253417969,24833,24843,10
13.0171604156,80.2250595093,24843,24853,10
13.0179901123,80.2247161865,24853,24864,11
13.018910408,80.224357605,24864,24874,10
13.0195198059,80.2243499756,24874,24955,81
13.0195198059,80.2243499756,24955,24965,10
13.0196304321,80.2244262695,24965,24985,20
13.0196304321,80.2244262695,24985,24995,10
13.0197601318,80.2245635986,24995,25005,10
13.0201101303,80.2248382568,25005,25015,10
13.0206098557,80.2251663208,25015,25026,11
13.0212001801,80.2256317139,25026,25036,10
13.0217399597,80.2260284424,25036,25046,10
13.0223398209,80.2265319824,25046,25056,10
13.0230302811,80.2271499634,25056,25066,10
13.0236597061,80.2276992798,25066,25076,10
13.0241804123,80.2282104492,25076,25086,10
13.0244197845,80.2284927368,25086,25127,41
13.0244197845,80.2284927368,25127,25137,10
13.0243997574,80.2286911011,25137,25147,10
13.0241203308,80.228553772,25147,25157,10
13.0237903595,80.2280578613,25157,25167,10
13.0234498978,80.2277374268,25167,25350,183
13.0234203339,80.2274017334,25350,25957,607
13.0234203339,80.2274017334,25957,25967,10
13.023229599,80.2273635864,25967,25977,10
13.0231399536,80.2272796631,25977,25988,11
13.0229501724,80.2271194458,25988,25998,10
13.022600174,80.2267608643,25998,26008,10
13.0221004486,80.2263183594,26008,26018,10
13.0214395523,80.2258300781,26018,26028,10
13.0206604004,80.2252197266,26028,26038,10
13.020070076,80.224861145,26038,26048,10
13.0198602676,80.2247467041,26048,26058,10
13.0198602676,80.2247390747,26058,26069,11
13.0198202133,80.2247390747,26069,26079,10
13.0195302963,80.2245635986,26079,26089,10
13.0188999176,80.2244873047,26089,26099,10
13.0181598663,80.2247619629,26099,26109,10
13.0173196793,80.2250976563,26109,26119,10
13.016500473,80.225440979,26119,26129,10
13.015709877,80.2257080078,26129,26139,10
13.0144500732,80.2261886597,26139,26170,31
13.0144500732,80.2261886597,26170,26180,10
13.0142402649,80.2262573242,26180,26190,10
13.0137796402,80.2264404297,26190,26200,10
13.0130901337,80.2266998291,26200,26210,10
13.012260437,80.2270126343,26210,26220,10
13.0113401413,80.2273712158,26220,26231,11
13.0103998184,80.2277679443,26231,26241,10
13.0095901489,80.2281036377,26241,26251,10
13.0090999603,80.2287597656,26251,26261,10
13.0089998245,80.2295532227,26261,26271,10
13.0088796616,80.2302703857,26271,26281,10
13.008769989,80.2309799194,26281,26291,10
13.008649826,80.2315292358,26291,26301,10
13.0084896088,80.2322998047,26301,26311,10
13.0082902908,80.233581543,26311,26332,21
13.0082902908,80.233581543,26332,26342,10
13.0081996918,80.233757019,26342,26352,10
13.0080900192,80.2342681885,26352,26362,10
13.0079603195,80.2350082397,26362,26372,10
13.0077896118,80.2359085083,26372,26382,10
13.0075998306,80.2369308472,26382,26393,11
13.007399559,80.2380218506,26393,26403,10
13.0072202682,80.2389526367,26403,26413,10
13.007060051,80.2396697998,26413,26423,10
13.0069503784,80.2401885986,26423,26433,10
13.0068998337,80.2405090332,26433,26443,10
13.0068597794,80.2406387329,26443,26453,10
13.0067996979,80.241027832,26453,26463,10
13.0067596436,80.2416763306,26463,26473,10
13.0067796707,80.2426223755,26473,26484,11
13.0067396164,80.2436599731,26484,26494,10
13.0066995621,80.2448120117,26494,26504,10
13.006770134,80.2459411621,26504,26514,10
13.0067796707,80.2467575073,26514,26524,10
13.0067501068,80.2471237183,26524,26534,10
13.0065002441,80.2474212646,26534,26544,10
13.0061302185,80.2474365234,26544,26555,11
13.0060796738,80.2474365234,26555,26565,10
13.00578022,80.2473831177,26565,26575,10
13.0051498413,80.2473678589,26575,26585,10
13.0042800903,80.2474212646,26585,26595,10
13.0032901764,80.2475814819,26595,26605,10
13.0021896362,80.2477874756,26605,26615,10
13.0010204315,80.2481079102,26615,26625,10
12.9997997284,80.2484207153,26625,26636,11
12.9987001419,80.2486801147,26636,26646,10
12.9980802536,80.2488632202,26646,26656,10
12.9979801178,80.248878479,26656,26666,10
12.9975004196,80.2489929199,26666,26676,10
12.996720314,80.2491836548,26676,26686,10
12.9958295822,80.2493972778,26686,26696,10
12.99477005,80.2496795654,26696,26706,10
12.9936199188,80.2499771118,26706,26716,10
12.9926099777,80.2502212524,26716,26727,11
12.9914398193,80.250541687,26727,26737,10
12.991109848,80.250617981,26737,26747,10
12.9910001755,80.2506408691,26747,26757,10
12.9905004501,80.2507476807,26757,26767,10
12.9897298813,80.2509384155,26767,26777,10
12.9888496399,80.2511672974,26777,26787,10
12.9880800247,80.251373291,26787,26797,10
12.9873800278,80.2515563965,26797,26808,11
12.986530304,80.2518005371,26808,26818,10
12.985619545,80.2519989014,26818,26828,10
12.9845504761,80.2522964478,26828,26838,10
12.9834604263,80.2525787354,26838,26848,10
12.982339859,80.2526931763,26848,26858,10
12.9813404083,80.2527236938,26858,26868,10
12.9806003571,80.252746582,26868,26878,10
12.980340004,80.252746582,26878,26889,11
12.9801502228,80.2527618408,26889,26899,10
12.9797697067,80.2526779175,26899,26909,10
12.9791402817,80.2526473999,26909,26919,10
12.9787797928,80.2526321411,26919,26929,10
12.9786996841,80.2526168823,26929,26939,10
12.9783000946,80.2523727417,26939,26949,10
12.9777002335,80.2518463135,26949,26959,10
12.9768695831,80.2513275146,26959,26970,11
12.975689888,80.2509689331,26970,26980,10
12.9746398926,80.2507019043,26980,26990,10
12.9734802246,80.2503585815,26990,27000,10
12.972319603,80.2500534058,27000,27010,10
12.9711198807,80.249710083,27010,27020,10
12.9699401855,80.2493209839,27020,27030,10
12.9688596725,80.2489013672,27030,27040,10
12.9679403305,80.2485580444,27040,27051,11
12.9670600891,80.2481765747,27051,27061,10
12.9662704468,80.2477798462,27061,27071,10
12.9654598236,80.2474365234,27071,27081,10
12.9652700424,80.2473373413,27081,27091,10
12.9651403427,80.2472763062,27091,27101,10
12.9646100998,80.2471084595,27101,27111,10
12.9638204575,80.2468414307,27111,27122,11
12.963060379,80.2464828491,27122,27132,10
12.9619598389,80.2459182739,27132,27142,10
12.9607696533,80.2453613281,27142,27152,10
12.9596700668,80.2449188232,27152,27162,10
12.9593296051,80.2447662354,27162,27172,10
12.9589796066,80.2446136475,27172,27182,10
12.9582700729,80.2442779541,27182,27192,10
12.9575500488,80.2439804077,27192,27202,10
12.9568195343,80.2436828613,27202,27213,11
12.9565095901,80.2435913086,27213,27263,50
12.9565095901,80.2435913086,27263,27273,10
12.9559402466,80.2433624268,27273,27284,11
12.9551696777,80.243019104,27284,27294,10
12.9542503357,80.2426300049,27294,27304,10
12.9533996582,80.2422485352,27304,27314,10
12.9526195526,80.2419433594,27314,27324,10
12.9519395828,80.2417068481,27324,27334,10
12.9517803192,80.2416610718,27334,27344,10
12.9511804581,80.2414321899,27344,27354,10
12.9502096176,80.2410964966,27354,27364,10
12.9492101669,80.2407836914,27364,27375,11
12.9483299255,80.240447998,27375,27385,10
12.9473495483,80.2401123047,27385,27405,20
12.9473495483,80.2401123047,27405,27415,10
12.9471797943,80.240020752,27415,27425,10
12.9467496872,80.2398376465,27425,27435,10
12.9457902908,80.2394180298,27435,27445,10
12.9449901581,80.238899231,27445,27456,11
12.9442195892,80.2380523682,27456,27466,10
12.943400383,80.2371673584,27466,27476,10
12.9424200058,80.2365036011,27476,27486,10
12.9412603378,80.2361831665,27486,27496,10
12.940320015,80.2359695435,27496,27506,10
12.9399204254,80.2358474731,27506,27527,21
12.9399204254,80.2358474731,27527,27537,10
12.9397201538,80.2357635498,27537,27547,10
12.938949585,80.2353668213,27547,27557,10
12.9379901886,80.2348937988,27557,27567,10
12.9369001389,80.2343521118,27567,27577,10
12.935959816,80.2339096069,27577,27587,10
12.9351997375,80.233581543,27587,27597,10
12.9343795776,80.2332000732,27597,27607,10
12.9342098236,80.2331314087,27607,27618,11
12.934009552,80.2330474854,27618,27628,10
12.9339504242,80.2330322266,27628,27638,10
12.9336395264,80.2328796387,27638,27648,10
12.9329395294,80.2325592041,27648,27658,10
12.9319801331,80.232208252,27658,27668,10
12.9308795929,80.2318496704,27668,27678,10
12.9298400879,80.2315597534,27678,27688,10
12.9290704727,80.2313995361,27688,27699,11
12.9280099869,80.2312393188,27699,27709,10
12.9270000458,80.2311325073,27709,27719,10
12.9262800217,80.231048584,27719,27729,10
12.9261598587,80.2310409546,27729,27739,10
12.9258899689,80.231010437,27739,27749,10
12.9252796173,80.2309188843,27749,27759,10
12.9244403839,80.2308197021,27759,27769,10
12.9234199524,80.2306900024,27769,27780,11
12.9220895767,80.23046875,27780,27790,10
12.9207000732,80.2302703857,27790,27800,10
12.9191999435,80.2300796509,27800,27810,10
12.9176597595,80.2298812866,27810,27820,10
12.9161195755,80.2296676636,27820,27830,10
12.9147500992,80.2294769287,27830,27840,10
12.9133195877,80.2293014526,27840,27861,21
12.9133195877,80.2293014526,27861,27871,10
12.9129600525,80.2292404175,27871,27881,10
12.9122600555,80.2291412354,27881,27891,10
12.9113101959,80.2289962769,27891,27901,10
12.9101800919,80.2288284302,27901,27911,10
12.9089403152,80.2286376953,27911,27921,10
12.9077796936,80.2284622192,27921,27932,11
12.9071903229,80.2283782959,27932,27952,20
12.9071903229,80.2283782959,27952,27962,10
12.9069404602,80.2282791138,27962,27972,10
12.9063596725,80.2282485962,27972,27982,10
12.9061899185,80.2282562256,27982,27992,10
12.9056901932,80.2282180786,27992,28002,10
12.904800415,80.2281417847,28002,28013,11
12.903670311,80.2281112671,28013,28023,10
12.9025201797,80.2280578613,28023,28033,10
12.9015703201,80.2279586792,28033,28093,60
12.9015703201,80.2279586792,28093,28104,11
12.9014501572,80.2278366089,28104,28114,10
12.9010000229,80.2278671265,28114,28124,10
12.9003896713,80.2278671265,28124,28134,10
12.8995704651,80.2278671265,28134,28154,20
12.8995704651,80.2278671265,28154,28164,10
12.899310112,80.2278823853,28164,28175,11
12.8986597061,80.2278671265,28175,28185,10
12.8976297379,80.2277832031,28185,28195,10
12.8964996338,80.2277297974,28195,28205,10
12.8952703476,80.2276916504,28205,28215,10
12.8945398331,80.2276611328,28215,28225,10
12.8944101334,80.2276611328,28225,28235,10
12.8942203522,80.2276306152,28235,28245,10
12.8934497833,80.2275619507,28245,28306,61
12.8934497833,80.2275619507,28306,28316,10
12.8932104111,80.2275466919,28316,28326,10
12.8928804398,80.2275085449,28326,28336,10
12.8924198151,80.2274627686,28336,28347,11
12.8916101456,80.2274017334,28347,28357,10
12.8907203674,80.2273864746,28357,28367,10
12.890080452,80.2273864746,28367,28377,10
12.8896598816,80.2273864746,28377,28387,10
12.889550209,80.2274017334,28387,28397,10
12.8892498016,80.2274017334,28397,28417,20
12.8892498016,80.2274017334,28417,28428,11
12.8889799118,80.2273864746,28428,28438,10
12.888759613,80.2274017334,28438,28448,10
12.8886098862,80.2273864746,28448,28458,10
12.8885402679,80.2273788452,28458,28468,10
12.8884801865,80.2273788452,28468,28478,10
12.8883304596,80.2273712158,28478,28488,10
12.8881502151,80.2273712158,28488,28499,11
12.8880500793,80.2273635864,28499,28509,10
12.8878297806,80.2273406982,28509,28519,10
12.8877000809,80.2273178101,28519,28529,10
12.8873100281,80.2272491455,28529,28539,10
12.8865804672,80.2270965576,28539,28549,10
12.8856401443,80.2268600464,28549,28559,10
12.8849496841,80.2267608643,28559,28569,10
12.884929657,80.2267608643,28569,28579,10
12.884759903,80.2267227173,28579,28590,11
12.8841104507,80.2267303467,28590,28600,10
12.8831996918,80.2267379761,28600,28610,10
12.8821201324,80.2267608643,28610,28620,10
12.8808898926,80.2267684937,28620,28630,10
12.8796396255,80.2267837524,28630,28640,10
12.8785896301,80.2268218994,28640,28650,10
12.8777999878,80.2269134521,28650,28661,11
12.8775596619,80.2269287109,28661,28671,10
12.8772602081,80.2269515991,28671,28681,10
12.8769598007,80.2269821167,28681,28691,10
12.876709938,80.2269897461,28691,28701,10
12.8765201569,80.2269973755,28701,28711,10
12.8763999939,80.2269973755,28711,28721,10
12.8759202957,80.2269821167,28721,28731,10
12.8751497269,80.2269287109,28731,28741,10
12.8741798401,80.2268218994,28741,28752,11
12.8726701736,80.2267303467,28752,28772,20
12.8726701736,80.2267303467,28772,28782,10
12.8725795746,80.2267303467,28782,28792,10
12.8720798492,80.2267227173,28792,28802,10
12.8712596893,80.2266769409,28802,28812,10
12.8702297211,80.226600647,28812,28822,10
12.8690395355,80.2264633179,28822,28833,11
12.8675699234,80.2264633179,28833,28843,10
12.8661603928,80.226600647,28843,28853,10
12.8647003174,80.226600647,28853,28863,10
12.8632097244,80.2265396118,28863,28873,10
12.8618497849,80.2266082764,28873,28883,10
12.861000061,80.2266387939,28883,28903,20
12.861000061,80.2266387939,28903,28914,11
12.8608398438,80.2266387939,28914,28924,10
12.8602695465,80.2265625,28924,28934,10
12.8593997955,80.2264175415,28934,28944,10
12.8589200974,80.2263412476,28944,28954,10
12.8583202362,80.2262802124,28954,28964,10
12.8574199677,80.2262878418,28964,28974,10
12.8563995361,80.2263870239,28974,28984,10
12.8552303314,80.2265090942,28984,28995,11
12.8537998199,80.2266693115,28995,29005,10
12.8524103165,80.2267227173,29005,29015,10
12.8510198593,80.2266464233,29015,29025,10
12.8496904373,80.2266235352,29025,29035,10
12.848400116,80.2266387939,29035,29045,10
12.8482103348,80.2266387939,29045,29055,10
12.8479995728,80.2266235352,29055,29066,11
12.8473100662,80.2266235352,29066,29076,10
12.8464202881,80.2266387939,29076,29086,10
12.8453598022,80.2266464233,29086,29106,20
12.8453598022,80.2266464233,29106,29116,10
12.8451700211,80.2266464233,29116,29126,10
12.8445997238,80.2266769409,29126,29136,10
12.84375,80.2267608643,29136,29146,10
12.8427495956,80.2269363403,29146,29157,11
12.8415002823,80.227180481,29157,29167,10
12.8402900696,80.2275695801,29167,29238,71
12.8399496078,80.2277374268,29238,29298,60
12.8399496078,80.2277374268,29298,29308,10
12.839679718,80.2278518677,29308,29319,11
12.8391504288,80.2279510498,29319,29329,10
12.8383703232,80.2281036377,29329,29339,10
12.837439537,80.2282791138,29339,29349,10
12.8363199234,80.2284622192,29349,29359,10
12.8350496292,80.2286376953,29359,29369,10
12.8336801529,80.2288818359,29369,29379,10
12.8324098587,80.2291030884,29379,29389,10
12.8316802979,80.2292175293,29389,29440,51
12.8316802979,80.2292175293,29440,29450,10
12.8315601349,80.2288665771,29450,29481,31
12.8315601349,80.2288665771,29481,29491,10
12.8315200806,80.2284469604,29491,29501,10
12.8313999176,80.2278137207,29501,29511,10
12.8312196732,80.2269287109,29511,29521,10
12.8311004639,80.2258682251,29521,29531,10
12.8310899734,80.224937439,29531,29541,10
12.8310804367,80.2246170044,29541,29551,10
12.8311004639,80.2241363525,29551,29562,11
12.8311195374,80.2234420776,29562,29572,10
12.8311195374,80.2226333618,29572,29582,10
12.8311195374,80.2221984863,29582,29592,10
12.8311195374,80.2221603394,29592,29602,10
12.8311300278,80.2219161987,29602,29612,10
12.8311300278,80.221321106,29612,29622,10
12.8311796188,80.2205123901,29622,29632,10
12.8311500549,80.2197875977,29632,29643,11
12.8311300278,80.219619751,29643,29653,10
12.8308200836,80.2194290161,29653,29663,10
12.8301000595,80.2194519043,29663,29673,10
12.8291501999,80.2194595337,29673,29683,10
12.8281097412,80.2194824219,29683,29693,10
12.827580452,80.2194900513,29693,29744,51
12.827580452,80.2194900513,29744,29754,10
12.8272895813,80.2194900513,29754,29764,10
12.8266096115,80.2194900513,29764,29774,10
12.8260602951,80.2194824219,29774,29784,10
12.8255796432,80.2194595337,29784,29794,10
12.8253297806,80.2194824219,29794,29804,10
12.8253002167,80.2194824219,29804,29815,11
12.8247900009,80.2194366455,29815,29825,10
12.8239402771,80.2194366455,29825,29835,10
12.8227996826,80.2194366455,29835,29855,20
12.8227996826,80.2194366455,29855,29865,10
12.8226995468,80.2193832397,29865,29874,9
12.8226203918,80.2190475464,29874,29885,11
12.8226604462,80.2185974121,29885,29896,11
12.8226604462,80.2176132202,29896,29906,10
12.8226900101,80.216468811,29906,29916,10
12.8226995468,80.2160568237,29916,29926,10
12.8228197098,80.2159805298,29926,29936,10
12.8230695724,80.216003418,29936,29946,10
12.8237400055,80.216003418,29946,29956,10
12.8243198395,80.2159805298,29956,31722,1766
12.8243198395,80.2159805298,31722,31732,10
12.8247203827,80.2160873413,31732,31743,11
12.8250999451,80.2160720825,31743,31753,10
12.8255500793,80.2160568237,31753,31763,10
12.8258304596,80.2161102295,31763,31773,10
12.8259401321,80.2164230347,31773,31783,10
12.825920105,80.2170028687,31783,31793,10
12.8259096146,80.2176513672,31793,31803,10
12.825920105,80.2185592651,31803,31813,10
12.825920105,80.21925354,31813,31824,11
12.8261003494,80.2194137573,31824,31834,10
12.8265304565,80.2194137573,31834,31843,9
12.8269901276,80.2193984985,31843,31854,11
12.8273801804,80.2194137573,31854,31864,10
12.827580452,80.2194290161,31864,31874,10
12.8280200958,80.2194366455,31874,31884,10
12.8285503387,80.2194519043,31884,31894,10
12.8291196823,80.2194824219,31894,31905,11
12.8299703598,80.2194976807,31905,31915,10
12.8307695389,80.2194900513,31915,31925,10
12.8310699463,80.2195510864,31925,31935,10
12.8312101364,80.2200012207,31935,31945,10
12.8311901093,80.2207794189,31945,31955,10
12.8311700821,80.2216873169,31955,31965,10
12.8311700821,80.2221679688,31965,31975,10
12.8311595917,80.2227020264,31975,31986,11
12.8311595917,80.2236328125,31986,31996,10
12.8311500549,80.2244873047,31996,32006,10
12.8311395645,80.224822998,32006,32016,10
12.8311300278,80.2255401611,32016,32026,10
12.8311595917,80.2264785767,32026,32036,10
12.8313703537,80.2274932861,32036,32046,10
12.831580162,80.2284393311,32046,32056,10
12.8317403793,80.229057312,32056,32067,11
12.8318796158,80.2291564941,32067,32077,10
12.8323297501,80.2290725708,32077,32087,10
12.8330202103,80.2289505005,32087,32097,10
12.8339099884,80.2287826538,32097,32107,10
12.8349599838,80.2285995483,32107,32117,10
12.8360996246,80.2284393311,32117,32127,10
12.837269783,80.2282562256,32127,32137,10
12.8383197784,80.2280578613,32137,32148,11
12.8394098282,80.2277984619,32148,32208,60
12.8394098282,80.2277984619,32208,32218,10
12.8397598267,80.2276382446,32218,32228,10
12.8403701782,80.2274780273,32228,32239,11
12.8413200378,80.2272186279,32239,32249,10
12.842300415,80.2269821167,32249,32259,10
12.8433599472,80.2267608643,32259,32269,10
12.8442201614,80.2266464233,32269,32279,10
12.8454399109,80.2265396118,32279,32299,20
12.8454399109,80.2265396118,32299,32309,10
12.8454999924,80.2265625,32309,32320,11
12.8456296921,80.2265625,32320,32330,10
12.8458499908,80.2265625,32330,32340,10
12.8464403152,80.2265777588,32340,32350,10
12.8472900391,80.2265777588,32350,32360,10
12.8482599258,80.2265777588,32360,32370,10
12.8493003845,80.2265701294,32370,32380,10
12.8500900269,80.2265472412,32380,32390,10
12.8502502441,80.2265472412,32390,32401,11
12.8508300781,80.2265777588,32401,32411,10
12.8516998291,80.2266311646,32411,32421,10
12.8527402878,80.2266693115,32421,32431,10
12.8539104462,80.2266082764,32431,32441,10
12.8551597595,80.2264785767,32441,32451,10
12.8564395905,80.226348877,32451,32461,10
12.8576803207,80.2262420654,32461,32471,10
12.8588199615,80.226272583,32471,32482,11
12.8607702255,80.2265167236,32482,32502,20
12.8607702255,80.2265167236,32502,32512,10
12.8608398438,80.2265396118,32512,32522,10
12.8613395691,80.2265472412,32522,32532,10
12.8622598648,80.2265167236,32532,32542,10
12.8633804321,80.2264785767,32542,32552,10
12.864689827,80.2265396118,32552,32562,10
12.866109848,80.2265396118,32562,32573,11
12.8677501678,80.2263793945,32573,32583,10
12.8692598343,80.2264328003,32583,32593,10
12.8707399368,80.2265777588,32593,32603,10
12.8719797134,80.2266464233,32603,32613,10
12.8728504181,80.2266693115,32613,32623,10
12.8738603592,80.2267303467,32623,32633,10
12.8751001358,80.2268829346,32633,32643,10
12.8761301041,80.2269210815,32643,32654,11
12.8763399124,80.2269134521,32654,32664,10
12.8766403198,80.2268829346,32664,32674,10
12.8767204285,80.2268676758,32674,32684,10
12.8769197464,80.2268829346,32684,32694,10
12.8775901794,80.2268295288,32694,32704,10
12.8786001205,80.2267608643,32704,32714,10
12.8797998428,80.2267227173,32714,32725,11
12.8812999725,80.2267074585,32725,32735,10
12.8828001022,80.2266998291,32735,32745,10
12.8842802048,80.2266616821,32745,32755,10
12.885219574,80.2266616821,32755,32775,20
12.885219574,80.2266616821,32775,32785,10
12.8855199814,80.2266998291,32785,32795,10
12.8861198425,80.2268600464,32795,32806,11
12.8869304657,80.2270584106,32806,32816,10
12.8879899979,80.2272415161,32816,32826,10
12.8890600204,80.2273178101,32826,32836,10
12.8901796341,80.2273025513,32836,32846,10
12.8912401199,80.2273025513,32846,32856,10
12.8918600082,80.2273025513,32856,32866,10
12.8922595978,80.2273330688,32866,32876,10
12.8928804398,80.2274093628,32876,32887,11
12.8937501907,80.2275238037,32887,32897,10
12.8947401047,80.2276000977,32897,32907,10
12.8958597183,80.2276382446,32907,32917,10
12.8969802856,80.2276916504,32917,32927,10
12.8979597092,80.2277374268,32927,32937,10
12.8988704681,80.2277984619,32937,32947,10
12.8995800018,80.2278366089,32947,32957,10
12.9002103806,80.227897644,32957,32968,11
12.9007997513,80.2279281616,32968,32978,10
12.9010095596,80.2279586792,32978,32988,10
12.9013004303,80.2279663086,32988,32998,10
12.9015703201,80.2279815674,32998,33008,10
12.9019899368,80.2279891968,33008,33018,10
12.9027996063,80.2280197144,33018,33038,20
12.9027996063,80.2280197144,33038,33048,10
12.9028301239,80.2279968262,33048,33059,11
12.903260231,80.2280273438,33059,33069,10
12.9038696289,80.2280578613,33069,33079,10
12.9044599533,80.2281036377,33079,33089,10
12.9049100876,80.2281188965,33089,33099,10
12.9050102234,80.2281265259,33099,33109,10
12.9051303864,80.2281188965,33109,33119,10
12.9055099487,80.2281265259,33119,33130,11
12.9056797028,80.2281417847,33130,33231,101
12.9056797028,80.2281417847,33231,33241,10
12.9059095383,80.2281799316,33241,33251,10
12.9059801102,80.2282028198,33251,33261,10
12.9062595367,80.2282104492,33261,33271,10
12.9067201614,80.2282409668,33271,33281,10
12.9070196152,80.2282562256,33281,33291,10
12.9070997238,80.2282714844,33291,33302,11
12.9076299667,80.2283325195,33302,33312,10
12.9083900452,80.2284393311,33312,33322,10
12.9093599319,80.2285919189,33322,33332,10
12.9104795456,80.228767395,33332,33342,10
12.9116697311,80.2289505005,33342,33352,10
12.9128103256,80.2291107178,33352,33362,10
12.9136600494,80.2292098999,33362,33372,10
12.9139499664,80.2292480469,33372,33383,11
12.9140901566,80.2292861938,33383,33393,10
12.914560318,80.229347229,33393,33403,10
12.9152803421,80.2294616699,33403,33413,10
12.916179657,80.229598999,33413,33423,10
12.9171495438,80.2297286987,33423,33433,10
12.9180603027,80.2298583984,33433,33443,10
12.9191102982,80.2300033569,33443,33453,10
12.920249939,80.230140686,33453,33464,11
12.9215402603,80.2303009033,33464,33474,10
12.9228200912,80.2304763794,33474,33484,10
12.9241895676,80.2306671143,33484,33494,10
12.9255199432,80.2308425903,33494,33504,10
12.926320076,80.2309188843,33504,33514,10
12.9263896942,80.2309265137,33514,33524,10
12.9265298843,80.2309265137,33524,33534,10
12.9270401001,80.2310028076,33534,33545,11
12.9279003143,80.2311096191,33545,33555,10
12.928899765,80.231262207,33555,33565,10
12.9300298691,80.2315063477,33565,33575,10
12.9312801361,80.231880188,33575,33585,10
12.9325199127,80.2322692871,33585,33595,10
12.9336795807,80.2327575684,33595,33615,20
12.9336795807,80.2327575684,33615,33625,10
12.9338998795,80.2328796387,33625,33636,11
12.9344501495,80.2331314087,33636,33646,10
12.9352502823,80.2334823608,33646,33656,10
12.9361200333,80.2338867188,33656,33666,10
12.9371099472,80.2343902588,33666,33676,10
12.9382200241,80.2349319458,33676,33686,10
12.9392499924,80.2354278564,33686,33696,10
12.9397296906,80.2356567383,33696,33717,21
12.9397296906,80.2356567383,33717,33727,10
12.9398298264,80.2357177734,33727,33737,10
12.9402799606,80.2358932495,33737,33747,10
12.9409503937,80.2360916138,33747,33757,10
12.9418201447,80.2362976074,33757,33767,10
12.9427604675,80.236618042,33767,33777,10
12.9435596466,80.2372436523,33777,33788,11
12.9443702698,80.2381210327,33788,33798,10
12.9451398849,80.2389526367,33798,33808,10
12.9456996918,80.2393417358,33808,33818,10
12.9461402893,80.2395172119,33818,33828,10
12.9465303421,80.2396469116,33828,33838,10
12.9466600418,80.2397232056,33838,33848,10
12.9468898773,80.2398223877,33848,33858,10
12.9472503662,80.239982605,33858,33889,31
12.9472503662,80.239982605,33889,33899,10
12.9478397369,80.2402191162,33899,33980,81
12.9478397369,80.2402191162,33980,33990,10
12.9483499527,80.2404403687,33990,34000,10
12.9487600327,80.2405776978,34000,34010,10
12.9490404129,80.2406997681,34010,34020,10
12.9493904114,80.240852356,34020,34031,11
12.9499998093,80.2410430908,34031,34041,10
12.9508695602,80.2413101196,34041,34061,20
12.9508695602,80.2413101196,34061,34071,10
12.951089859,80.2414093018,34071,34081,10
12.951499939,80.2415466309,34081,34091,10
12.9522695541,80.2417907715,34091,34101,10
12.9530696869,80.2421112061,34101,34112,11
12.9538097382,80.242401123,34112,34122,10
12.9544496536,80.2426605225,34122,34132,10
12.9550800323,80.2429199219,34132,34142,10
12.9556398392,80.2431182861,34142,34152,10
12.9560804367,80.2432632446,34152,34263,111
12.9560804367,80.2432632446,34263,34274,11
12.9565696716,80.2434463501,34274,34284,10
12.957110405,80.2437133789,34284,34294,10
12.9578399658,80.2440414429,34294,34304,10
12.9588899612,80.2444915771,34304,34324,20
12.9588899612,80.2444915771,34324,34334,10
12.9590597153,80.2445297241,34334,34344,10
12.9594602585,80.2447433472,34344,34355,11
12.9601297379,80.2450637817,34355,34365,10
12.9608802795,80.2454071045,34365,34375,10
12.9617500305,80.2458267212,34375,34385,10
12.9625501633,80.2462234497,34385,34395,10
12.9630203247,80.2464904785,34395,34425,30
12.9630203247,80.2464904785,34425,34436,11
12.9632701874,80.2466812134,34436,34446,10
12.96352005,80.2467803955,34446,34456,10
12.9639596939,80.2469329834,34456,34466,10
12.9645795822,80.2471389771,34466,34476,10
12.9653396606,80.2473983765,34476,34486,10
12.9661502838,80.2476882935,34486,34496,10
12.9666996002,80.2478790283,34496,34516,20
12.9666996002,80.2478790283,34516,34527,11
12.9668102264,80.2479400635,34527,34537,10
12.9671297073,80.2481307983,34537,34547,10
12.9678297043,80.2484436035,34547,34557,10
12.9686603546,80.2487564087,34557,34567,10
12.9695997238,80.2491531372,34567,34577,10
12.9705696106,80.2495193481,34577,34587,10
12.9716100693,80.2498397827,34587,34598,11
12.9728097916,80.2501373291,34598,34608,10
12.9738903046,80.2504425049,34608,34618,10
12.9749002457,80.2507019043,34618,34628,10
12.9757404327,80.2509231567,34628,34638,10
12.9766597748,80.2511825562,34638,34648,10
12.9775400162,80.2515563965,34648,34658,10
12.9781198502,80.2520217896,34658,34871,213
12.9781198502,80.2520217896,34871,34881,10
12.9781904221,80.2520980835,34881,34891,10
12.9785203934,80.2523574829,34891,34911,20
12.9785203934,80.2523574829,34911,34921,10
12.978770256,80.2524871826,34921,34962,41
12.978770256,80.2524871826,34962,34972,10
12.9790096283,80.2525405884,34972,34982,10
12.9794101715,80.252571106,34982,34992,10
12.979809761,80.2526016235,34992,35002,10
12.980219841,80.2526168823,35002,35013,11
12.9809103012,80.2526092529,35013,35023,10
12.9813899994,80.2525787354,35023,35337,314
12.9813899994,80.2525787354,35337,35347,10
12.9814796448,80.2525787354,35347,35357,10
12.9819402695,80.2525787354,35357,35367,10
12.9826698303,80.2525405884,35367,35377,10
12.9832496643,80.2524871826,35377,35387,10
12.9838695526,80.2523727417,35387,35397,10
12.9845399857,80.2521972656,35397,35407,10
12.985250473,80.251991272,35407,35691,284
12.985250473,80.251991272,35691,35701,10
12.9854001999,80.2519226074,35701,35711,10
12.9857997894,80.2518005371,35711,35721,10
12.9863004684,80.2516937256,35721,35731,10
12.9864397049,80.2516708374,35731,35741,10
12.9868497849,80.2515487671,35741,35752,11
12.9877500534,80.2512969971,35752,35762,10
12.9887695313,80.2510528564,35762,35772,10
12.9896602631,80.2508010864,35772,35792,20
12.9896602631,80.2508010864,35792,35802,10
12.9897899628,80.2507705688,35802,35812,10
12.9902896881,80.2506637573,35812,35823,11
12.9912004471,80.2504425049,35823,35833,10
12.9922599792,80.2501678467,35833,35843,10
12.9934797287,80.2498626709,35843,35853,10
12.9945201874,80.2496109009,35853,35863,10
12.9959602356,80.2492675781,35863,35873,10
12.9967803955,80.2490386963,35873,35883,10
12.9968204498,80.2490310669,35883,35893,10
12.9972200394,80.2489471436,35893,35904,11
12.9979295731,80.2487792969,35904,35914,10
12.9990100861,80.2484970093,35914,35924,10
13.0000600815,80.2482223511,35924,35934,10
13.0011796951,80.2479400635,35934,35944,10
13.0022001266,80.2476806641,35944,35954,10
13.0031995773,80.2474975586,35954,35964,10
13.0043802261,80.2473220825,35964,35974,10
13.0055198669,80.2471389771,35974,35985,11
13.0063495636,80.2467422485,35985,35995,10
13.006480217,80.2465209961,35995,36005,10
13.0065202713,80.2464599609,36005,36015,10
13.0066099167,80.2460174561,36015,36025,10
13.0066204071,80.2454299927,36025,36035,10
13.0066204071,80.2451019287,36035,36066,31
13.0066204071,80.2451019287,36066,36076,10
13.0066099167,80.2446975708,36076,36086,10
13.0066003799,80.2444381714,36086,36096,10
13.0066204071,80.2442092896,36096,36106,10
13.0066099167,80.243888855,36106,36116,10
13.0065803528,80.2436828613,36116,36126,10
13.0066003799,80.2433624268,36126,36258,132
13.0066003799,80.2433624268,36258,36268,10
13.006649971,80.2429504395,36268,36278,10
13.0066604614,80.2426986694,36278,36288,10
13.0066404343,80.2422409058,36288,36298,10
13.0066299438,80.2417221069,36298,36309,11
13.0066604614,80.2412185669,36309,36319,10
13.0067396164,80.2405776978,36319,36329,10
13.0068502426,80.2400665283,36329,36339,10
13.0069799423,80.2393875122,36339,36349,10
13.0071001053,80.2387237549,36349,36359,10
13.0072002411,80.2380065918,36359,36369,10
13.0073404312,80.2373199463,36369,36379,10
13.0074195862,80.2366867065,36379,36389,10
13.0074300766,80.2366714478,36389,36400,11
13.007519722,80.2363891602,36400,36410,10
13.0076398849,80.2358169556,36410,36420,10
13.0077896118,80.2350997925,36420,36430,10
13.0079603195,80.2342376709,36430,36440,10
13.0081596375,80.2332687378,36440,36450,10
13.0083999634,80.2322235107,36450,36460,10
13.0085802078,80.2312774658,36460,36470,10
13.0087404251,80.2304534912,36470,36481,11
13.008939743,80.2293777466,36481,36491,10
13.0091495514,80.228302002,36491,36501,10
13.0095701218,80.2272567749,36501,36511,10
13.0100603104,80.2261962891,36511,36521,10
13.010430336,80.2254104614,36521,36531,10
13.0105199814,80.2252197266,36531,36541,10
13.0105600357,80.225151062,36541,36551,10
13.0107402802,80.2248382568,36551,36562,11
13.0108995438,80.2244415283,36562,36572,10
13.0111598969,80.2238388062,36572,36582,10
13.0116100311,80.2228317261,36582,36592,10
13.0119400024,80.2217712402,36592,36602,10
13.012260437,80.2213821411,36602,36612,10
13.0125398636,80.2218017578,36612,36622,10
13.0128097534,80.2221984863,36622,36632,10
13.0131502151,80.2225189209,36632,36643,11
13.0135803223,80.2229385376,36643,36653,10
13.0140199661,80.2235107422,36653,36663,10
13.0144195557,80.2240371704,36663,36673,10
13.0154800415,80.2249832153,36673,36703,30
13.0154800415,80.2249832153,36703,36713,10
13.0155601501,80.2250289917,36713,36724,11
13.0160198212,80.2253417969,36724,36734,10
13.0169000626,80.2251815796,36734,36744,10
13.0179300308,80.2247619629,36744,36754,10
13.0188798904,80.2243728638,36754,36764,10
13.0195398331,80.2243499756,36764,36794,30
13.0195398331,80.2243499756,36794,36805,11
13.0197601318,80.2245483398,36805,36815,10
13.0197601318,80.2245635986,36815,36825,10
13.0200395584,80.2248001099,36825,36835,10
13.0205097198,80.2251281738,36835,36845,10
13.0209999084,80.2254867554,36845,36855,10
13.0213499069,80.2257995605,36855,36865,10
13.0215902328,80.2259597778,36865,36875,10
13.0217599869,80.2260665894,36875,36886,11
13.0220298767,80.226272583,36886,36896,10
13.0222501755,80.2264099121,36896,36926,30
13.0222501755,80.2264099121,36926,36936,10
13.0225000381,80.226600647,36936,36946,10
13.0226402283,80.2267379761,36946,36956,10
13.022769928,80.2268829346,36956,36967,11
13.0228996277,80.2270202637,36967,36977,10
13.0229902267,80.227142334,36977,36987,10
13.0231199265,80.2272567749,36987,36997,10
13.0233097076,80.2274398804,36997,37007,10
13.0236101151,80.2276992798,37007,37017,10
13.0240001678,80.2280197144,37017,37058,41
13.0240001678,80.2280197144,37058,37068,10
13.0243597031,80.2283782959,37068,37118,50
13.0243597031,80.2283782959,37118,37129,11
13.0244398117,80.2284927368,37129,37139,10
13.0243501663,80.2285690308,37139,37149,10
13.024020195,80.2282714844,37149,37159,10
13.0236997604,80.2278823853,37159,37169,10
13.0234098434,80.2276229858,37169,37311,142
13.0234298706,80.2274627686,37311,37483,172
13.0234298706,80.2274627686,37483,37493,10
13.0232400894,80.2274093628,37493,37503,10
13.0230197906,80.2271881104,37503,37513,10
13.022649765,80.226852417,37513,37523,10
13.0222196579,80.2264633179,37523,37534,11
13.0216398239,80.2259902954,37534,37544,10
13.0210399628,80.2255401611,37544,37554,10
13.0204000473,80.225112915,37554,37564,10
13.0198602676,80.2247619629,37564,37584,20
13.0198602676,80.2247619629,37584,37594,10
13.0197000504,80.2246627808,37594,37604,10
13.0192403793,80.2244873047,37604,37615,11
13.0185499191,80.2245788574,37615,37625,10
13.0177402496,80.2249069214,37625,37635,10
13.0169200897,80.2252426147,37635,37645,10
13.0161504745,80.2255401611,37645,37655,10
13.0153799057,80.2258071899,37655,37665,10
13.0145998001,80.2261199951,37665,37675,10
13.0143003464,80.2262496948,37675,37685,10
13.0141496658,80.22631073,37685,37696,11
13.0136003494,80.2265014648,37696,37706,10
13.0129203796,80.2267608643,37706,37716,10
13.0121202469,80.2271118164,37716,37726,10
13.0111999512,80.2274627686,37726,37736,10
13.0102300644,80.2278366089,37736,37746,10
13.0093097687,80.2282867432,37746,37756,10
13.0090103149,80.2292175293,37756,37766,10
13.0088100433,80.2302703857,37766,37777,11
13.008649826,80.2312927246,37777,37787,10
13.0085496902,80.231842041,37787,37807,20
13.0085496902,80.231842041,37807,37817,10
13.0085096359,80.232093811,37817,37827,10
13.0084695816,80.2322235107,37827,37837,10
13.0084104538,80.2324981689,37837,37847,10
13.0083503723,80.2328491211,37847,37857,10
13.0083198547,80.2333984375,37857,37898,41
13.0083198547,80.2333984375,37898,37908,10
13.0082302094,80.2336578369,37908,37918,10
13.0081596375,80.2338180542,37918,37928,10
13.0080699921,80.2342605591,37928,37938,10
13.0079097748,80.234992981,37938,37959,21
13.0079097748,80.234992981,37959,37969,10
13.0078401566,80.2351913452,37969,37979,10
13.0077495575,80.2357635498,37979,37989,10
13.007610321,80.2365493774,37989,37999,10
13.0074796677,80.2372207642,37999,38009,10
13.0074300766,80.2373809814,38009,38019,10
13.0073900223,80.2376022339,38019,38030,11
13.0073795319,80.2376403809,38030,38040,10
13.0073204041,80.2379226685,38040,38050,10
13.0072803497,80.2382583618,38050,38060,10
13.0071802139,80.2387924194,38060,38070,10
13.0069999695,80.2398071289,38070,38273,203
13.0069999695,80.2398071289,38273,38283,10
13.006939888,80.240196228,38283,38293,10
13.0068397522,80.240562439,38293,38303,10
13.0068397522,80.2406311035,38303,38313,10
13.006819725,80.2408370972,38313,38323,10
13.0067901611,80.2414169312,38323,38333,10
13.0067596436,80.2423019409,38333,38343,10
13.006770134,80.2428817749,38343,38354,11
13.0067796707,80.2432098389,38354,38364,10
13.0067596436,80.2434768677,38364,38374,10
13.0067901611,80.2438964844,38374,38384,10
13.0067596436,80.2443618774,38384,38394,10
13.0067396164,80.2447433472,38394,38404,10
13.0067396164,80.2452087402,38404,38424,20
13.0067396164,80.2452087402,38424,38435,11
13.0067100525,80.2454071045,38435,38445,10
13.0067195892,80.2454681396,38445,38455,10
13.0067396164,80.2457809448,38455,38465,10
13.0067996979,80.2461776733,38465,38475,10
13.0068397522,80.2467193604,38475,38485,10
13.0067501068,80.2473068237,38485,38495,10
13.0063199997,80.2474594116,38495,38505,10
13.0060997009,80.2475204468,38505,38516,11
13.005979538,80.2475585938,38516,38526,10
13.0054702759,80.247428894,38526,38536,10
13.0047101974,80.2474517822,38536,38546,10
13.003780365,80.2475814819,38546,38556,10
13.0027599335,80.2477035522,38556,38566,10
13.0017204285,80.2479171753,38566,38576,10
13.0005903244,80.2481765747,38576,38586,10
12.9994297028,80.2484970093,38586,38597,11
12.9983501434,80.2488098145,38597,38607,10
12.9981203079,80.2488708496,38607,38617,10
12.9978904724,80.2489013672,38617,38627,10
12.9972496033,80.2490310669,38627,38637,10
12.9963798523,80.2492523193,38637,38647,10
12.9953603745,80.2495269775,38647,38657,10
12.99421978,80.2498168945,38657,38667,10
12.9930295944,80.2501296997,38667,38678,11
12.991979599,80.2503967285,38678,38900,222
12.991979599,80.2503967285,38900,38910,10
12.9916801453,80.2504577637,38910,39123,213
12.9916801453,80.2504577637,39123,39133,10
12.9915399551,80.250541687,39133,39143,10
12.9910802841,80.2506484985,39143,39153,10
12.9907503128,80.2507324219,39153,39164,11
12.9902200699,80.2508392334,39164,39174,10
12.9898500443,80.2509078979,39174,39184,10
12.9896001816,80.2509765625,39184,39194,10
12.9892902374,80.2510070801,39194,39396,202
12.9892902374,80.2510070801,39396,39407,11
12.9888896942,80.2511825562,39407,39417,10
12.9886102676,80.2512588501,39417,39427,10
12.9881401062,80.2514038086,39427,39437,10
12.9877195358,80.2514801025,39437,39447,10
12.9874897003,80.2515106201,39447,39457,10
12.9870595932,80.2516174316,39457,39467,10
12.9866504669,80.2517471313,39467,39477,10
12.9861097336,80.2518768311,39477,39487,10
12.985449791,80.2520370483,39487,39498,11
12.9844398499,80.2523193359,39498,39508,10
12.9835996628,80.2525482178,39508,39518,10
12.9827098846,80.2526779175,39518,39528,10
12.9818201065,80.2527008057,39528,39538,10
12.980919838,80.2527236938,39538,39548,10
12.9802703857,80.252746582,39548,39558,10
12.9798002243,80.2527313232,39558,39568,10
12.9793100357,80.2526779175,39568,39579,11
12.9788103104,80.2526321411,39579,39589,10
12.9786396027,80.2526016235,39589,39599,10
12.9784698486,80.2525177002,39599,39609,10
12.9780197144,80.2521820068,39609,39619,10
12.9774198532,80.2516479492,39619,39629,10
12.9766302109,80.2512664795,39629,39639,10
12.9757604599,80.2510070801,39639,39649,10
12.9749002457,80.2507781982,39649,39660,11
12.9739198685,80.2504882813,39660,39670,10
12.9732398987,80.2503204346,39670,39680,10
12.9724197388,80.2500991821,39680,39690,10
12.9714603424,80.2498321533,39690,39700,10
12.9706001282,80.2496032715,39700,39710,10
12.9693202972,80.2490921021,39710,39720,10
12.9683198929,80.2486801147,39720,39730,10
12.9674596786,80.2483291626,39730,39741,11
12.9670295715,80.2481231689,39741,39751,10
12.9665899277,80.2479019165,39751,39761,10
12.9659004211,80.2476119995,39761,39771,10
12.9651603699,80.2473602295,39771,39781,10
12.9650297165,80.2473373413,39781,39791,10
12.9648599625,80.2472915649,39791,39801,10
12.9643697739,80.2471008301,39801,39811,10
12.9638900757,80.246887207,39811,39822,11
12.9636096954,80.2468109131,39822,39832,10
12.9629898071,80.2464904785,39832,39842,10
12.9621601105,80.2460479736,39842,39852,10
12.9612398148,80.2455825806,39852,39862,10
12.9602298737,80.2451324463,39862,39872,10
12.9594497681,80.2448272705,39872,39882,10
12.9593601227,80.2447662354,39882,39892,10
12.9590101242,80.2445907593,39892,39903,11
12.9582901001,80.2443008423,39903,39913,10
12.9577198029,80.2440795898,39913,39923,10
12.9570302963,80.2438735962,39923,40014,91
12.956700325,80.2437210083,40014,40044,30
12.956700325,80.2437210083,40044,40054,10
12.9562501907,80.243560791,40054,40065,11
12.9554901123,80.2431716919,40065,40075,10
12.9545402527,80.2427215576,40075,40085,10
12.9537496567,80.2423782349,40085,40095,10
12.952870369,80.2420196533,40095,40105,10
12.9521398544,80.2417907715,40105,40115,10
12.9517698288,80.2416763306,40115,40125,10
12.9517202377,80.2416610718,40125,40135,10
12.9512796402,80.2415084839,40135,40146,11
12.9504499435,80.2412261963,40146,40156,10
12.9497804642,80.2409973145,40156,40176,20
12.9497804642,80.2409973145,40176,40186,10
12.9497098923,80.2409591675,40186,40196,10
12.9492101669,80.2407913208,40196,40206,10
12.9484701157,80.2405395508,40206,40216,10
12.947640419,80.240196228,40216,40227,11
12.9472198486,80.2400436401,40227,40237,10
12.9471998215,80.2400283813,40237,40247,10
12.9468202591,80.2398605347,40247,40257,10
12.9461698532,80.2395935059,40257,40267,10
12.9453496933,80.2392120361,40267,40277,10
12.9445896149,80.2385025024,40277,40287,10
12.9437799454,80.2375869751,40287,40297,10
12.9428300858,80.2366867065,40297,40307,10
12.9415302277,80.2362136841,40307,40318,11
12.9398202896,80.2357711792,40318,40338,20
12.9398202896,80.2357711792,40338,40348,10
12.9394397736,80.2356033325,40348,40358,10
12.9387302399,80.2352676392,40358,40368,10
12.9378404617,80.2348480225,40368,40378,10
12.9368495941,80.2343902588,40378,40388,10
12.9359397888,80.2339782715,40388,40399,11
12.9349002838,80.2334976196,40399,40409,10
12.9339799881,80.2331008911,40409,40419,10
12.9338302612,80.233001709,40419,40429,10
12.933719635,80.2329025269,40429,40439,10
12.9332504272,80.232711792,40439,40449,10
12.9324903488,80.232421875,40449,40459,10
12.9315299988,80.232093811,40459,40469,10
12.9303798676,80.2316970825,40469,40480,11
12.9291696548,80.2313995361,40480,40490,10
12.9281702042,80.2312011719,40490,40500,10
12.9272203445,80.231086731,40500,40510,10
12.9264202118,80.2310180664,40510,40520,10
12.9260902405,80.2310028076,40520,40530,10
12.9259395599,80.23097229,40530,40540,10
12.9254398346,80.2309036255,40540,40550,10
12.9246997833,80.2308120728,40550,40561,11
12.9236001968,80.230682373,40561,40571,10
12.922369957,80.2304992676,40571,40581,10
12.9209604263,80.2303009033,40581,40591,10
12.9194202423,80.2301330566,40591,40601,10
12.9179096222,80.229927063,40601,40611,10
12.9168100357,80.2297821045,40611,40621,10
12.9156303406,80.2295913696,40621,40631,10
12.9143695831,80.2294006348,40631,40642,11
12.9133701324,80.2293014526,40642,40652,10
12.9132995605,80.2293014526,40652,40662,10
12.9132900238,80.2292861938,40662,40672,10
12.9128599167,80.2292098999,40672,40682,10
12.9121103287,80.2291107178,40682,40692,10
12.9111604691,80.2289733887,40692,40702,10
12.9100503922,80.2288131714,40702,40712,10
12.9089403152,80.2286224365,40712,40723,11
12.9080400467,80.2285232544,40723,40743,20
12.9080400467,80.2285232544,40743,40753,10
12.9079999924,80.2284927368,40753,40763,10
12.9076404572,80.2284393311,40763,40773,10
12.9067802429,80.2283401489,40773,40864,91
12.9067802429,80.2283401489,40864,40874,10
12.9066696167,80.2283401489,40874,40885,11
12.9062700272,80.228302002,40885,40895,10
12.906129837,80.2282791138,40895,40905,10
12.9055595398,80.2282791138,40905,40915,10
12.9045801163,80.2282333374,40915,40925,10
12.9034004211,80.2281417847,40925,40935,10
12.9021196365,80.2280731201,40935,40945,10
12.9013299942,80.228012085,40945,40955,10
12.9011497498,80.2279891968,40955,40966,11
12.9006595612,80.2279510498,40966,40976,10
12.9002304077,80.2279281616,40976,40986,10
12.8996200562,80.2279205322,40986,40996,10
12.8992996216,80.2279129028,40996,41006,10
12.8992204666,80.227897644,41006,41016,10
12.8988304138,80.2278671265,41016,41026,10
12.8980998993,80.2278213501,41026,41036,10
12.8971796036,80.2277679443,41036,41047,11
12.8960800171,80.227722168,41047,41057,10
12.8949604034,80.2276687622,41057,41067,10
12.894200325,80.2276382446,41067,41077,10
12.8938798904,80.2276229858,41077,41087,10
12.8936395645,80.2276077271,41087,41097,10
12.8932800293,80.2275466919,41097,41117,20
12.8932800293,80.2275466919,41117,41127,10
12.892999649,80.2275085449,41127,41178,51
12.892999649,80.2275085449,41178,41188,10
12.8928098679,80.2274780273,41188,41198,10
12.892490387,80.2274398804,41198,41208,10
12.8919095993,80.2273864746,41208,41219,11
12.8909196854,80.2273712158,41219,41229,10
12.8898000717,80.2273712158,41229,41239,10
12.8886899948,80.2273712158,41239,41249,10
12.8877096176,80.2273025513,41249,41259,10
12.8866996765,80.2271270752,41259,41269,10
12.88560009,80.2268829346,41269,41279,10
12.8847503662,80.2267532349,41279,41289,10
12.8847503662,80.2267532349,41289,41300,11
12.8844604492,80.2267379761,41300,41310,10
12.883769989,80.2267379761,41310,41320,10
12.8828296661,80.2267608643,41320,41330,10
12.8816795349,80.2267837524,41330,41340,10
12.8804197311,80.2267990112,41340,41351,11
12.8790597916,80.2268218994,41351,41361,10
12.8775901794,80.2268981934,41361,41371,10
12.8767595291,80.2269897461,41371,41381,10
12.8763303757,80.2270202637,41381,41392,11
12.8762197495,80.2270202637,41392,41402,10
12.8757095337,80.2269897461,41402,41412,10
12.8748998642,80.2268981934,41412,41422,10
12.8739004135,80.2267837524,41422,41432,10
12.8729400635,80.2267303467,41432,41442,10
12.8726997375,80.2267379761,41442,41452,10
12.8724803925,80.2267379761,41452,41463,11
12.871720314,80.2267074585,41463,41473,10
12.8707399368,80.2266616821,41473,41483,10
12.869600296,80.2265396118,41483,41493,10
12.8683099747,80.2264099121,41493,41503,10
12.866900444,80.2265014648,41503,41513,10
12.8654203415,80.226600647,41513,41523,10
12.8638896942,80.2265396118,41523,41533,10
12.8624200821,80.2265625,41533,41544,11
12.8611803055,80.2266387939,41544,41554,10
12.8609304428,80.2266387939,41554,41564,10
12.8605804443,80.2265777588,41564,41574,10
12.8598804474,80.2264709473,41574,41584,10
12.8589200974,80.2263336182,41584,41594,10
12.8579397202,80.2262878418,41594,41604,10
12.8567695618,80.2263717651,41604,41614,10
12.8554601669,80.2265014648,41614,41625,11
12.8538703918,80.2266616821,41625,41635,10
12.8523597717,80.2267227173,41635,41645,10
12.8510198593,80.2266693115,41645,41655,10
12.8500099182,80.2266311646,41655,41665,10
12.8498096466,80.2266311646,41665,41675,10
12.8497400284,80.2266387939,41675,41685,10
12.8492698669,80.2266235352,41685,41695,10
12.8484401703,80.2266235352,41695,41706,11
12.8471803665,80.2266235352,41706,41716,10
12.845410347,80.2266387939,41716,41736,20
12.845410347,80.2266387939,41736,41746,10
12.8452596664,80.2266693115,41746,41756,10
12.8446702957,80.2266998291,41756,41766,10
12.8437204361,80.2267684937,41766,41776,10
12.8425302505,80.2269821167,41776,41787,11
12.8410196304,80.2273178101,41787,41797,10
12.8398103714,80.2276382446,41797,41817,20
12.8398103714,80.2276382446,41817,41827,10
12.8395395279,80.2276992798,41827,41837,10
12.8389797211,80.2278671265,41837,41847,10
12.8380899429,80.2281036377,41847,41857,10
12.8369598389,80.2283096313,41857,41868,11
12.8355398178,80.2285308838,41868,41878,10
12.8341197968,80.228767395,41878,41888,10
12.8322000504,80.2291488647,41888,41908,20
12.8322000504,80.2291488647,41908,41918,10
12.8320398331,80.2291793823,41918,41928,10
12.8313999176,80.2293395996,41928,41938,10
12.8304796219,80.229637146,41938,41948,10
12.8292198181,80.2301330566,41948,41959,11
12.8280000687,80.230758667,41959,41969,10
12.8267602921,80.2313079834,41969,41979,10
12.8253602982,80.2314300537,41979,41989,10
12.8239202499,80.2312164307,41989,41999,10
12.8225002289,80.2307662964,41999,42009,10
12.8210496902,80.2304611206,42009,42019,10
12.8196296692,80.2304916382,42019,42029,10
12.8189296722,80.2304992676,42029,42040,11
12.8187503815,80.2304534912,42040,42050,10
12.8181200027,80.2301635742,42050,42060,10
12.817150116,80.2297286987,42060,42070,10
12.8159198761,80.2294387817,42070,42080,10
12.8145399094,80.2292327881,42080,42090,10
12.813079834,80.2288284302,42090,42100,10
12.8116598129,80.2283325195,42100,42110,10
12.8102197647,80.2277679443,42110,42121,11
12.8087997437,80.2269897461,42121,42131,10
12.8076295853,80.2260131836,42131,42141,10
12.8066196442,80.2251205444,42141,42151,10
12.805729866,80.2243499756,42151,42161,10
12.8049001694,80.2240219116,42161,42171,10
12.8048000336,80.2239990234,42171,42181,10
12.8043603897,80.2239379883,42181,42191,10
12.8036403656,80.2238998413,42191,42202,11
12.8026103973,80.2237930298,42202,42212,10
12.801440239,80.2236480713,42212,42222,10
12.8002700806,80.2235412598,42222,42232,10
12.7989597321,80.2234268188,42232,42242,10
12.7975902557,80.2232589722,42242,42252,10
12.7964000702,80.2230300903,42252,42262,10
12.795800209,80.2229232788,42262,42272,10
12.7956695557,80.2229003906,42272,42283,11
12.7949399948,80.2227783203,42283,42293,10
12.7939195633,80.2226409912,42293,42303,10
12.7926597595,80.2224502563,42303,42313,10
12.7913398743,80.2221298218,42313,42323,10
12.790189743,80.2218399048,42323,42333,10
12.7893800735,80.2216033936,42333,42343,10
12.7888498306,80.2213821411,42343,42353,10
12.7881603241,80.2210769653,42353,42364,11
12.7873802185,80.2208328247,42364,42374,10
12.7865896225,80.2205505371,42374,42434,60
12.7865896225,80.2205505371,42434,42445,11
12.7862997055,80.2204208374,42445,42455,10
12.7861995697,80.2206268311,42455,42465,10
12.7861795425,80.2209396362,42465,42475,10
12.786190033,80.2212982178,42475,42485,10
12.7861995697,80.2214431763,42485,42495,10
12.7862701416,80.2219619751,42495,42860,365
12.7862701416,80.2219619751,42860,42870,10
12.786239624,80.2216186523,42870,42880,10
12.7862195969,80.2215270996,42880,42890,10
12.7861604691,80.2210464478,42890,42910,20
12.7861604691,80.2210464478,42910,42920,10
12.7861604691,80.2208404541,42920,42930,10
12.7861604691,80.2204589844,42930,42971,41
12.7861604691,80.2204589844,42971,42981,10
12.7864599228,80.2204818726,42981,42991,10
12.7867898941,80.2205810547,42991,43001,10
12.7874097824,80.2208023071,43001,43011,10
12.7881002426,80.2210388184,43011,43022,11
12.7889604568,80.2213516235,43022,43032,10
12.7897500992,80.2216720581,43032,43042,10
12.7905502319,80.2218933105,43042,43052,10
12.7915096283,80.2221298218,43052,43062,10
12.7926197052,80.2223968506,43062,43072,10
12.7938299179,80.2225799561,43072,43082,10
12.7950201035,80.2227630615,43082,43092,10
12.7960596085,80.2229232788,43092,43103,11
12.7963895798,80.2229614258,43103,43113,10
12.796500206,80.2229995728,43113,43123,10
12.7968997955,80.2230911255,43123,43133,10
12.7975301743,80.223197937,43133,43143,10
12.7982902527,80.2232971191,43143,43153,10
12.7991199493,80.2233581543,43153,43163,10
12.8000898361,80.223449707,43163,43173,10
12.8009901047,80.2235336304,43173,43184,11
12.8014001846,80.2235794067,43184,43194,10
12.8017196655,80.2236328125,43194,43204,10
12.8023500443,80.2236862183,43204,43214,10
12.8030395508,80.2238006592,43214,43224,10
12.8037004471,80.2238693237,43224,43234,10
12.8042402267,80.2239227295,43234,43244,10
12.8048000336,80.2239837646,43244,43254,10
12.8053998947,80.2241210938,43254,43265,11
12.8054895401,80.2241363525,43265,43275,10
12.8057203293,80.2242965698,43275,43285,10
12.8060598373,80.2245788574,43285,43295,10
12.8067998886,80.2252197266,43295,43305,10
12.8074998856,80.2258300781,43305,43315,10
12.8082895279,80.2264785767,43315,43325,10
12.8091201782,80.2271728516,43325,43335,10
12.8100996017,80.2276763916,43335,43346,11
12.811340332,80.228187561,43346,43356,10
12.8125200272,80.2286224365,43356,43366,10
12.8137102127,80.2290115356,43366,43376,10
12.8148803711,80.2292709351,43376,43386,10
12.8161401749,80.2294387817,43386,43396,10
12.8173704147,80.2297515869,43396,43406,10
12.8184404373,80.2302398682,43406,43416,10
12.8194599152,80.2304611206,43416,43427,11
12.8197402954,80.2304534912,43427,43437,10
12.8200597763,80.2304382324,43437,43447,10
12.8207597733,80.2304229736,43447,43457,10
12.8216600418,80.2304992676,43457,43467,10
12.8226804733,80.230758667,43467,43477,10
12.8237600327,80.2310714722,43477,43487,10
12.824839592,80.2313308716,43487,43497,10
12.8258600235,80.231338501,43497,43507,10
12.8263397217,80.2312927246,43507,43518,11
12.8266000748,80.231262207,43518,43528,10
12.8272304535,80.2311019897,43528,43538,10
12.828040123,80.2306976318,43538,43548,10
12.8289804459,80.230178833,43548,43558,10
12.8300504684,80.2297592163,43558,43568,10
12.8309202194,80.2294006348,43568,43578,10
12.8310403824,80.2293624878,43578,43588,10
12.8311595917,80.2293167114,43588,43599,11
12.8315200806,80.2292098999,43599,43609,10
12.8315200806,80.2292022705,43609,43619,10
12.8316497803,80.2291412354,43619,43629,10
12.832110405,80.2290420532,43629,43639,10
12.8328399658,80.2288970947,43639,43649,10
12.8337402344,80.2287597656,43649,43659,10
12.8347597122,80.2285766602,43659,43669,10
12.8358697891,80.2284088135,43669,43680,11
12.8371400833,80.2282180786,43680,43690,10
12.8382196426,80.2280197144,43690,43700,10
12.8390302658,80.2277908325,43700,43710,10
12.8394203186,80.2276229858,43710,43720,10
12.8395204544,80.2276000977,43720,43730,10
12.8399095535,80.2275390625,43730,43740,10
12.8405799866,80.2273788452,43740,43750,10
12.841460228,80.227142334,43750,43761,11
12.842590332,80.2268981934,43761,43771,10
12.8437299728,80.2267074585,43771,43781,10
12.8448696136,80.226600647,43781,43791,10
12.8453998566,80.2265625,43791,43801,10
12.8454704285,80.2265701294,43801,43811,10
12.8458499908,80.2265625,43811,43821,10
12.8464603424,80.2265625,43821,43831,10
12.847319603,80.2265625,43831,43842,11
12.8484401703,80.2265472412,43842,43852,10
12.8495101929,80.2265396118,43852,43862,10
12.8500900269,80.2265319824,43862,43872,10
12.8501901627,80.2265319824,43872,43882,10
12.8507099152,80.2265396118,43882,43892,10
12.8515100479,80.226600647,43892,43902,10
12.8524599075,80.2266464233,43902,43912,10
12.8535499573,80.2266235352,43912,43923,11
12.8547697067,80.2265014648,43923,43933,10
12.8559303284,80.2263793945,43933,43943,10
12.8571100235,80.2262573242,43943,43953,10
12.85820961,80.2262115479,43953,43963,10
12.859290123,80.22631073,43963,43973,10
12.8603601456,80.2264633179,43973,43983,10
12.8608102798,80.2265014648,43983,43993,10
12.8609399796,80.2265090942,43993,44004,11
12.8614597321,80.2265319824,44004,44014,10
12.8622598648,80.2265014648,44014,44024,10
12.8632202148,80.2264633179,44024,44034,10
12.8643102646,80.2265014648,44034,44044,10
12.8654699326,80.2265472412,44044,44054,10
12.8666601181,80.2264709473,44054,44064,10
12.8679199219,80.2263565063,44064,44074,10
12.8691501617,80.2264022827,44074,44085,11
12.8700704575,80.2265014648,44085,44095,10
12.8710803986,80.2265777588,44095,44105,10
12.8722696304,80.2266235352,44105,44115,10
12.8729000092,80.2266235352,44115,44125,10
12.8729496002,80.2266235352,44125,44135,10
12.8733997345,80.2266387939,44135,44145,10
12.8742103577,80.2267074585,44145,44155,10
12.8752202988,80.226852417,44155,44166,11
12.8762302399,80.226890564,44166,44176,10
12.8765497208,80.2268600464,44176,44186,10
12.8766403198,80.2268600464,44186,44196,10
12.8769702911,80.226852417,44196,44206,10
12.8776597977,80.2267990112,44206,44216,10
12.8783998489,80.2267303467,44216,44226,10
12.8796796799,80.2266769409,44226,44236,10
12.8808803558,80.2266616821,44236,44247,11
12.8822898865,80.2266464233,44247,44257,10
12.8835601807,80.2266387939,44257,44267,10
12.8847198486,80.2266311646,44267,44277,10
12.8851499557,80.2266387939,44277,44287,10
12.8852500916,80.2266464233,44287,44297,10
12.8857603073,80.2267608643,44297,44307,10
12.8865604401,80.2269821167,44307,44317,10
12.8875303268,80.2271728516,44317,44328,11
12.8887796402,80.2272872925,44328,44338,10
12.8900499344,80.2273025513,44338,44348,10
12.8913202286,80.2272872925,44348,44358,10
12.8921804428,80.2272796631,44358,44368,10
12.8925600052,80.2273178101,44368,44378,10
12.8932504654,80.2274017334,44378,44388,10
12.8941698074,80.2275238037,44388,44398,10
12.8952798843,80.2275695801,44398,44408,10
12.8966598511,80.2276306152,44408,44419,11
12.8979797363,80.227722168,44419,44429,10
12.8991804123,80.2278137207,44429,44439,10
12.9003200531,80.2278671265,44439,44449,10
12.9013395309,80.2279434204,44449,44459,10
12.9025802612,80.2279815674,44459,44479,20
12.9025802612,80.2279815674,44479,44489,10
12.9026403427,80.2279891968,44489,44500,11
12.9030704498,80.2280197144,44500,44510,10
12.9037504196,80.2280502319,44510,44520,10
12.9043397903,80.2280807495,44520,44530,10
12.9044504166,80.2280807495,44530,44540,10
12.9048404694,80.2281112671,44540,44550,10
12.9051799774,80.2281265259,44550,44591,41
12.9051799774,80.2281265259,44591,44601,10
12.9054203033,80.2281570435,44601,44611,10
12.9058599472,80.2281799316,44611,44621,10
12.9061498642,80.2282104492,44621,44662,41
12.9061498642,80.2282104492,44662,44672,10
12.9063396454,80.2282333374,44672,44682,10
12.9065799713,80.2282485962,44682,44692,10
12.9069299698,80.2282791138,44692,44702,10
12.9070100784,80.2282791138,44702,44712,10
12.9073801041,80.2283096313,44712,44722,10
12.9082899094,80.2284393311,44722,44732,10
12.9092597961,80.2285919189,44732,44743,11
12.9104404449,80.2287597656,44743,44753,10
12.9116601944,80.2289581299,44753,44763,10
12.9128704071,80.229133606,44763,44773,10
12.9138498306,80.2292633057,44773,44783,10
12.914059639,80.2293014526,44783,44793,10
12.9142599106,80.2293395996,44793,44803,10
12.9148302078,80.2294311523,44803,44813,10
12.9156599045,80.2295379639,44813,44824,11
12.9167995453,80.2296905518,44824,44834,10
12.9179496765,80.2298736572,44834,44844,10
12.9191303253,80.2299880981,44844,44854,10
12.9204101563,80.2301635742,44854,44864,10
12.9214696884,80.2302780151,44864,44874,10
12.9231004715,80.2305297852,44874,44884,10
12.9244699478,80.23072052,44884,44894,10
12.9257097244,80.2308578491,44894,44905,11
12.9263601303,80.2309265137,44905,44915,10
12.9263801575,80.2309265137,44915,44925,10
12.9267597198,80.2309799194,44925,44935,10
12.9274396896,80.2310562134,44935,44945,10
12.9282302856,80.2311630249,44945,44955,10
12.9285097122,80.2311935425,44955,44965,10
12.9289302826,80.2312774658,44965,44975,10
12.9296197891,80.2314529419,44975,44986,11
12.9306001663,80.2316970825,44986,44996,10
12.9316396713,80.2320404053,44996,45006,10
12.9327402115,80.2323989868,45006,45016,10
12.9336700439,80.2327575684,45016,45036,20
12.9336700439,80.2327575684,45036,45046,10
12.9338197708,80.2328262329,45046,45056,10
12.9342002869,80.2330093384,45056,45067,11
12.9349403381,80.2333602905,45067,45077,10
12.9356899261,80.2337188721,45077,45087,10
12.93653965,80.2341308594,45087,45097,10
12.9375,80.2345962524,45097,45107,10
12.9385204315,80.2350921631,45107,45117,10
12.9394102097,80.2355194092,45117,45127,10
12.9398202896,80.2357177734,45127,45137,10
12.9399204254,80.2357635498,45137,45148,11
12.9404401779,80.2359390259,45148,45158,10
12.9412202835,80.2361526489,45158,45168,10
12.942150116,80.236366272,45168,45178,10
12.9431200027,80.2368392944,45178,45188,10
12.9439201355,80.2376785278,45188,45198,10
12.9447402954,80.2385787964,45198,45208,10
12.945599556,80.2392807007,45208,45218,10
12.9466495514,80.239730835,45218,45229,11
12.9472398758,80.2399597168,45229,45239,10
12.9472503662,80.2399597168,45239,45249,10
12.9473600388,80.2400131226,45249,45259,10
12.9477701187,80.2401885986,45259,45269,10
12.9487895966,80.2405776978,45269,45310,41
12.9487895966,80.2405776978,45310,45320,10
12.9490699768,80.2406768799,45320,45330,10
12.9497003555,80.2409210205,45330,45340,10
12.9505500793,80.2411880493,45340,45350,10
12.9510402679,80.2413406372,45350,45360,10
12.9511995316,80.2414169312,45360,45370,10
12.9517297745,80.241607666,45370,45380,10
12.9524803162,80.2418823242,45380,45391,11
12.9534196854,80.2422485352,45391,45401,10
12.9539899826,80.2424697876,45401,45411,10
12.9546403885,80.2427368164,45411,45421,10
12.9553003311,80.2429733276,45421,45431,10
12.9560699463,80.2432479858,45431,45492,61
12.9560699463,80.2432479858,45492,45502,10
12.9565200806,80.2433929443,45502,45512,10
12.9570798874,80.2436599731,45512,45522,10
12.9578895569,80.2440338135,45522,45532,10
12.9587097168,80.2443618774,45532,45542,10
12.9588804245,80.2444381714,45542,45553,11
12.9593400955,80.244682312,45553,45563,10
12.9600200653,80.2449874878,45563,45573,10
12.9609003067,80.2453918457,45573,45583,10
12.9619398117,80.2459106445,45583,45593,10
12.9633998871,80.2466278076,45593,45664,71
12.9633998871,80.2466278076,45664,45674,10
12.9637899399,80.2468032837,45674,45684,10
12.9644298553,80.2470397949,45684,45694,10
12.965259552,80.2473297119,45694,45704,10
12.9662303925,80.2477035522,45704,45715,11
12.9669599533,80.248008728,45715,45725,10
12.9669904709,80.2480392456,45725,45735,10
12.967089653,80.2481079102,45735,45745,10
12.9673900604,80.2482376099,45745,45755,10
12.9681100845,80.2485427856,45755,45765,10
12.9690704346,80.248916626,45765,45775,10
12.9702196121,80.2493591309,45775,45785,10
12.9714803696,80.249786377,45785,45796,11
12.972869873,80.2501525879,45796,45806,10
12.9741401672,80.25050354,45806,45816,10
12.9754495621,80.250869751,45816,45826,10
12.9767398834,80.2512283325,45826,45836,10
12.9777898788,80.2518005371,45836,45846,10
12.9784898758,80.2523193359,45846,45856,10
12.9785804749,80.2523727417,45856,45866,10
12.9790096283,80.252532959,45866,45876,10
12.9797201157,80.2526168823,45876,45917,41
12.9797201157,80.2526168823,45917,45927,10
12.9798803329,80.2527008057,45927,45937,10
12.9801397324,80.2526931763,45937,45947,10
12.9806604385,80.2526626587,45947,45957,10
12.9814596176,80.2526168823,45957,45968,11
12.9824895859,80.2525787354,45968,45978,10
12.9835300446,80.2524490356,45978,45988,10
12.9845695496,80.2521820068,45988,45998,10
12.9854698181,80.2519226074,45998,46008,10
12.9861698151,80.251739502,46008,46018,10
12.9863595963,80.251701355,46018,46028,10
12.9868402481,80.2515792847,46028,46038,10
12.9872903824,80.2514266968,46038,46079,41
12.9872903824,80.2514266968,46079,46089,10
12.9874801636,80.2513809204,46089,46099,10
12.9880304337,80.2512588501,46099,46109,10
12.9888801575,80.2510528564,46109,46119,10
12.9894304276,80.2508926392,46119,46130,11
12.9895401001,80.2508926392,46130,46140,10
12.9900398254,80.2507781982,46140,46150,10
12.990819931,80.2505874634,46150,46160,10
12.9918003082,80.2503433228,46160,46170,10
12.9929504395,80.2500610352,46170,46180,10
12.9941196442,80.2497634888,46180,46190,10
12.9953098297,80.2494506836,46190,46200,10
12.9965200424,80.2491607666,46200,46211,11
12.9978904724,80.2488327026,46211,46221,10
12.9991703033,80.2484970093,46221,46231,10
13.0005197525,80.2481536865,46231,46241,10
13.0017404556,80.2478408813,46241,46251,10
13.0026597977,80.2476196289,46251,46261,10
13.0037899017,80.2474365234,46261,46271,10
13.0048904419,80.2472763062,46271,46281,10
13.0058603287,80.2470397949,46281,46292,11
13.0064001083,80.2465896606,46292,46302,10
13.0064296722,80.2465286255,46302,46312,10
13.006529808,80.2461624146,46312,46322,10
13.0065603256,80.2454528809,46322,46332,10
13.0065498352,80.2445526123,46332,46342,10
13.0065698624,80.2435684204,46342,46352,10
13.0065402985,80.2425231934,46352,46362,10
13.0065498352,80.2414016724,46362,46373,11
13.0066699982,80.2403182983,46373,46383,10
13.0066900253,80.2395095825,46383,46393,10
13.0069999695,80.2382965088,46393,46403,10
13.0072898865,80.2373962402,46403,46413,10
13.0073099136,80.2373123169,46413,46423,10
13.007399559,80.2370376587,46423,46433,10
13.007519722,80.2363815308,46433,46443,10
13.0076704025,80.2355270386,46443,46454,11
13.0076999664,80.2351837158,46454,46464,10
13.0077600479,80.2350006104,46464,46474,10
13.0078802109,80.2343978882,46474,46484,10
13.0080795288,80.2334976196,46484,46494,10
13.0082798004,80.2323913574,46494,46504,10
13.0085401535,80.2311706543,46504,46514,10
13.0087795258,80.229927063,46514,46524,10
13.0090398788,80.2286834717,46524,46535,11
13.0094604492,80.2274398804,46535,46545,10
13.0099401474,80.2263565063,46545,46555,10
13.0103998184,80.225402832,46555,46565,10
13.010720253,80.2247161865,46565,46575,10
13.0109796524,80.224067688,46575,46585,10
13.0112600327,80.2233505249,46585,46595,10
13.0115098953,80.2227172852,46595,46605,10
13.0117998123,80.2218170166,46605,46616,11
13.0122699738,80.2215270996,46616,46626,10
13.0126895905,80.2221374512,46626,46636,10
13.0131998062,80.2226486206,46636,46646,10
13.0137901306,80.2232589722,46646,46656,10
13.0141801834,80.2237091064,46656,46666,10
13.0146303177,80.224281311,46666,46676,10
13.0151700974,80.2247695923,46676,46686,10
13.0154895782,80.2250213623,46686,46697,11
13.0155696869,80.2250595093,46697,46707,10
13.0159902573,80.2252883911,46707,46717,10
13.0168104172,80.2251586914,46717,46727,10
13.0178003311,80.2247695923,46727,46737,10
13.0188398361,80.2244033813,46737,46747,10
13.0195302963,80.2243728638,46747,46818,71
13.0195302963,80.2243728638,46818,46828,10
13.0198402405,80.2246398926,46828,46838,10
13.0201797485,80.2249069214,46838,46848,10
13.0207195282,80.2253036499,46848,46859,11
13.0213804245,80.2257995605,46859,46869,10
13.0219497681,80.2262191772,46869,46879,10
13.0225896835,80.2267608643,46879,46889,10
13.0231199265,80.2272415161,46889,46899,10
13.0235795975,80.2276611328,46899,46909,10
13.0239896774,80.2279663086,46909,47415,506
13.0239896774,80.2279663086,47415,47426,11
13.0241699219,80.2283401489,47426,47456,30
13.0241699219,80.2283401489,47456,47466,10
13.0242395401,80.2284164429,47466,47476,10
13.0243902206,80.2285690308,47476,47537,61
13.0243902206,80.2285690308,47537,47547,10
13.0243501663,80.2286529541,47547,47557,10
13.0241098404,80.2284622192,47557,47567,10
13.0238599777,80.2281112671,47567,47577,10
13.0233802795,80.2276535034,47577,47618,41
13.0232496262,80.2275085449,47618,47699,81
13.0233602524,80.2275924683,47699,47770,71
13.0233602524,80.2275924683,47770,47780,10
13.0232801437,80.2275009155,47780,47831,51
13.0232200623,80.2273712158,47831,47881,50
13.0232200623,80.2273712158,47881,47891,10
13.0231304169,80.2272186279,47891,47962,71
13.0230302811,80.2273483276,47962,48053,91
13.0231895447,80.227432251,48053,48175,122
13.0232601166,80.2273788452,48175,48225,50
13.0232801437,80.2274398804,48225,48286,61
13.0232801437,80.2274398804,48286,48296,10
13.0231800079,80.2273712158,48296,48306,10
13.0230798721,80.2272720337,48306,48317,11
13.0228796005,80.2270965576,48317,48327,10
13.0225696564,80.2267837524,48327,48337,10
13.0222101212,80.2264480591,48337,48347,10
13.0217599869,80.2261123657,48347,48357,10
13.0212402344,80.225692749,48357,48367,10
13.0207195282,80.2252807617,48367,48377,10
13.0198602676,80.2247314453,48377,48398,21
13.0198602676,80.2247314453,48398,48408,10
13.0197496414,80.2246932983,48408,48418,10
13.0193395615,80.2245407104,48418,48428,10
13.0186796188,80.2245483398,48428,48438,10
13.0179796219,80.2248382568,48438,48448,10
13.0172195435,80.2251434326,48448,48458,10
13.016500473,80.2254180908,48458,48468,10
13.0158596039,80.2256393433,48468,48478,10
13.0151500702,80.2258987427,48478,48489,11
13.0150203705,80.2259597778,48489,48499,10
13.0147800446,80.2260665894,48499,48509,10
13.0144100189,80.2261810303,48509,48519,10
13.0143995285,80.2261810303,48519,48529,10
13.0143003464,80.2262268066,48529,48539,10
13.0139303207,80.2263793945,48539,48549,10
13.0134401321,80.2265625,48549,48559,10
13.012720108,80.2268600464,48559,48570,11
13.0119695663,80.2271881104,48570,48580,10
13.0111703873,80.2275390625,48580,48590,10
13.0103797913,80.2278366089,48590,48600,10
13.0095396042,80.2281799316,48600,48610,10
13.0091199875,80.2287826538,48610,48620,10
13.0089998245,80.2295379639,48620,48630,10
13.0088195801,80.2303771973,48630,48640,10
13.0087099075,80.2311706543,48640,48651,11
13.0085201263,80.2320327759,48651,48661,10
13.0083599091,80.2328109741,48661,48671,10
13.0082597733,80.2334976196,48671,48681,10
13.0082397461,80.233581543,48681,48691,10
13.0081701279,80.2337188721,48691,48701,10
13.0080795288,80.23412323,48701,48711,10
13.0079402924,80.2347488403,48711,48721,10
13.0078001022,80.2354812622,48721,48732,11
13.0076398849,80.2363967896,48732,48742,10
13.0074701309,80.2373199463,48742,48752,10
13.0073099136,80.2381362915,48752,48762,10
13.0071001053,80.2391662598,48762,48792,30
13.0071001053,80.2391662598,48792,48802,10
13.0070695877,80.239402771,48802,48813,11
13.006939888,80.239982605,48813,48883,70
13.006939888,80.239982605,48883,48894,11
13.0068597794,80.2405166626,48894,48924,30
13.0068597794,80.2405166626,48924,48934,10
13.0068101883,80.2408065796,48934,48944,10
13.0067596436,80.2412033081,48944,48954,10
13.0067300797,80.2418518066,48954,48964,10
13.0067300797,80.2425384521,48964,48985,21
13.0067300797,80.2425384521,48985,48995,10
13.0066795349,80.2431030273,48995,49015,20
13.0066795349,80.2431030273,49015,49025,10
13.0066900253,80.2433624268,49025,49035,10
13.0066604614,80.2436599731,49035,49045,10
13.0066900253,80.244140625,49045,49056,11
13.0066795349,80.2447662354,49056,49066,10
13.0066795349,80.2452316284,49066,49086,20
13.0066795349,80.2452316284,49086,49096,10
13.0066795349,80.24559021,49096,49106,10
13.0066995621,80.2458190918,49106,49116,10
13.0067195892,80.2462005615,49116,49126,10
13.0067596436,80.2468338013,49126,49137,11
13.0065603256,80.2473068237,49137,49147,10
13.0061702728,80.2473526001,49147,49157,10
13.0060796738,80.2473602295,49157,49167,10
13.0060195923,80.2473831177,49167,49177,10
13.0058002472,80.2473220825,49177,49187,10
13.0053596497,80.2473068237,49187,49197,10
13.0046901703,80.2473297119,49197,49207,10
13.0038499832,80.2474365234,49207,49218,11
13.0029001236,80.2476196289,49218,49228,10
13.0020704269,80.2478027344,49228,49238,10
13.0012102127,80.2480392456,49238,49248,10
13.0002498627,80.2482910156,49248,49258,10
12.9991998672,80.2485427856,49258,49268,10
12.9982700348,80.2487716675,49268,49278,10
12.9980697632,80.2488174438,49278,49288,10
12.9977903366,80.2488937378,49288,49299,11
12.9970998764,80.2490615845,49299,49309,10
12.9961204529,80.2493209839,49309,49319,10
12.9950199127,80.2496337891,49319,49329,10
12.9938497543,80.2499237061,49329,49339,10
12.9926795959,80.2501907349,49339,49349,10
12.991109848,80.250617981,49349,49369,20
12.991109848,80.250617981,49369,49379,10
12.9910001755,80.2506332397,49379,49390,11
12.9904403687,80.2507476807,49390,49400,10
12.9895401001,80.2509689331,49400,49410,10
12.9886598587,80.2512283325,49410,49460,50
12.9886598587,80.2512283325,49460,49471,11
12.9883899689,80.2511978149,49471,49481,10
12.9880399704,80.2513122559,49481,49491,10
12.9876098633,80.2514266968,49491,49501,10
12.9870195389,80.2516174316,49501,49511,10
12.9864501953,80.2518005371,49511,49521,10
12.985710144,80.251991272,49521,49531,10
12.9846401215,80.2522735596,49531,49541,10
12.9834604263,80.252571106,49541,49552,11
12.9821901321,80.2526779175,49552,49562,10
12.9810304642,80.2527084351,49562,49572,10
12.9803304672,80.2527694702,49572,49582,10
12.9800395966,80.2527999878,49582,49591,9
12.9796304703,80.2527084351,49591,49602,11
12.978890419,80.2526397705,49602,49612,10
12.9785804749,80.252571106,49612,49622,10
12.9783401489,80.2524337769,49622,49633,11
12.977689743,80.2518768311,49633,49643,10
12.976770401,80.2512969971,49643,49653,10
12.9755802155,80.2509384155,49653,49663,10
12.9742898941,80.250579834,49663,49673,10
12.9729499817,80.2502212524,49673,49683,10
12.971619606,80.2498779297,49683,49693,10
12.9704799652,80.2495574951,49693,49703,10
12.9695301056,80.2491836548,49703,49714,11
12.968580246,80.2488098145,49714,49724,10
12.9676599503,80.2484588623,49724,49734,10
12.9668197632,80.2480697632,49734,49744,10
12.966170311,80.2477722168,49744,49754,10
12.9651002884,80.2473983765,49754,49774,20
12.9651002884,80.2473983765,49774,49784,10
12.9647302628,80.2472610474,49784,49795,11
12.9638004303,80.2469177246,49795,49835,40
12.9638004303,80.2469177246,49835,49845,10
12.9637298584,80.2469024658,49845,49855,10
12.9631996155,80.2466201782,49855,49865,10
12.9624004364,80.2462234497,49865,49876,11
12.9613399506,80.2456893921,49876,49886,10
12.9602804184,80.2452011108,49886,49894,8
12.9595403671,80.2449035645,49894,49906,12
12.9593801498,80.2448425293,49906,49916,10
12.9591197968,80.2447128296,49916,49927,11
12.9585599899,80.2444381714,49927,49936,9
12.957859993,80.2441635132,49936,49947,11
12.9572296143,80.243888855,49947,49958,11
12.956410408,80.2435684204,49958,49968,10
12.9559602737,80.2433624268,49968,49978,10
12.9552402496,80.243057251,49978,49989,11
12.9546203613,80.2427902222,49989,49999,10
12.9534301758,80.2423171997,49999,50009,10
12.9524297714,80.2419204712,50009,50019,10
12.9517202377,80.2416915894,50019,50029,10
12.9516801834,80.2416763306,50029,50040,11
12.9512500763,80.2415237427,50040,50050,10
12.9505996704,80.2413024902,50050,50060,10
12.9499397278,80.2411117554,50060,50070,10
12.9491901398,80.2408828735,50070,50080,10
12.9485197067,80.2406005859,50080,50090,10
12.9476699829,80.2402420044,50090,50100,10
12.9471197128,80.240020752,50100,50110,10
12.9470996857,80.240020752,50110,50121,11
12.9470500946,80.2400131226,50121,50131,10
12.9466400146,80.2398376465,50131,50141,10
12.9461603165,80.2396316528,50141,50151,10
12.9454698563,80.2393112183,50151,50161,10
12.9448003769,80.2387313843,50161,50171,10
12.9441003799,80.2379837036,50171,50181,10
12.9433603287,80.2371673584,50181,50191,10
12.9423999786,80.2365188599,50191,50202,11
12.9411001205,80.2361602783,50202,50212,10
12.9397201538,80.2357788086,50212,50232,20
12.9397201538,80.2357788086,50232,50242,10
12.9394397736,80.2356491089,50242,50252,10
12.9390096664,80.2354202271,50252,50262,10
12.9380903244,80.2349624634,50262,50271,9
12.9372501373,80.2345504761,50271,50282,11
12.9363203049,80.23412323,50282,50293,11
12.9355697632,80.2337493896,50293,50303,10
12.9347400665,80.2333602905,50303,50313,10
12.9338598251,80.2329788208,50313,50333,20
12.9338598251,80.2329788208,50333,50343,10
12.9337596893,80.2329330444,50343,50353,10
12.9333200455,80.2327270508,50353,50363,10
12.9325399399,80.232421875,50363,50374,11
12.931429863,80.2320404053,50374,50384,10
12.9303302765,80.2316894531,50384,50394,10
12.9291696548,80.2314224243,50394,50404,10
12.9279899597,80.2312164307,50404,50414,10
12.926779747,80.2310714722,50414,50424,10
12.9260597229,80.2309875488,50424,50444,20
12.9260597229,80.2309875488,50444,50455,11
12.9258298874,80.2309799194,50455,50465,10
12.925359726,80.2308807373,50465,50475,10
12.9246702194,80.230796814,50475,50485,10
12.9238100052,80.2307128906,50485,50495,10
12.9228200912,80.2305603027,50495,50505,10
12.9216995239,80.2303771973,50505,50515,10
12.9205303192,80.2302398682,50515,50525,10
12.919380188,80.2301025391,50525,50536,11
12.918129921,80.229927063,50536,50546,10
12.9169597626,80.2297668457,50546,50556,10
12.9158000946,80.2295913696,50556,50566,10
12.9146699905,80.2294235229,50566,50576,10
12.9136800766,80.2293014526,50576,50586,10
12.9133195877,80.2292709351,50586,50596,10
12.9131097794,80.2292175293,50596,50606,10
12.9125404358,80.2291412354,50606,50617,11
12.9116802216,80.2289962769,50617,50627,10
12.9107398987,80.2288665771,50627,50637,10
12.9097204208,80.2287216187,50637,50647,10
12.908659935,80.2285385132,50647,50657,10
12.9077100754,80.2284088135,50657,50667,10
12.906920433,80.2283325195,50667,50708,41
12.906920433,80.2283325195,50708,50718,10
12.9066896439,80.2283630371,50718,50728,10
12.9061803818,80.2283096313,50728,50738,10
12.9054298401,80.2282562256,50738,50748,10
12.9045495987,80.2282028198,50748,50758,10
12.9037599564,80.2281494141,50758,50768,10
12.9028501511,80.2280731201,50768,50779,11
12.9019098282,80.2280197144,50779,50789,10
12.9013595581,80.228012085,50789,50799,10
12.9007997513,80.2279815674,50799,50809,10
12.9004402161,80.2279586792,50809,50819,10
12.9001903534,80.2279510498,50819,50829,10
12.8999900818,80.2279510498,50829,50860,31
12.8999900818,80.2279510498,50860,50870,10
12.8997497559,80.2279205322,50870,50880,10
12.8994503021,80.2279129028,50880,50900,20
12.8994503021,80.2279129028,50900,50910,10
12.8991804123,80.227897644,50910,50920,10
12.8987102509,80.2278594971,50920,50930,10
12.8980503082,80.2278137207,50930,50941,11
12.8971996307,80.2277679443,50941,50951,10
12.8963003159,80.2277069092,50951,50961,10
12.895359993,80.2276763916,50961,50971,10
12.8944301605,80.2276229858,50971,50981,10
12.8934803009,80.2275314331,50981,50991,10
12.8925695419,80.2274169922,50991,51001,10
12.8916797638,80.2273712158,51001,51011,10
12.890709877,80.2273635864,51011,51022,11
12.8895998001,80.2273712158,51022,51032,10
12.888589859,80.2273635864,51032,51042,10
12.8875904083,80.2272796631,51042,51052,10
12.8865995407,80.2270889282,51052,51062,10
12.8856601715,80.2268600464,51062,51072,10
12.8849697113,80.2267532349,51072,51082,10
12.8849096298,80.2267379761,51082,51092,10
12.8848199844,80.2267303467,51092,51103,11
12.8843002319,80.2267227173,51103,51113,10
12.8835601807,80.2267227173,51113,51123,10
12.8826599121,80.2267303467,51123,51133,10
12.881649971,80.2267379761,51133,51143,10
12.8805799484,80.2267608643,51143,51153,10
12.8794698715,80.2267684937,51153,51163,10
12.8782997131,80.2268295288,51163,51173,10
12.8767595291,80.2269668579,51173,51194,21
12.8767595291,80.2269668579,51194,51204,10
12.8765001297,80.2269821167,51204,51214,10
12.8759803772,80.2269973755,51214,51224,10
12.8752002716,80.2269592285,51224,51234,10
12.8742303848,80.2268295288,51234,51244,10
12.8731803894,80.2267379761,51244,51254,10
12.8726196289,80.2267379761,51254,51264,10
12.8724403381,80.2267303467,51264,51275,11
12.8718099594,80.2267227173,51275,51285,10
12.8710403442,80.2266769409,51285,51295,10
12.8701000214,80.2266082764,51295,51305,10
12.869099617,80.2264785767,51305,51315,10
12.8680095673,80.2264099121,51315,51325,10
12.8669204712,80.2265167236,51325,51335,10
12.8658103943,80.2266082764,51335,51345,10
12.8645095825,80.2265777588,51345,51356,11
12.8633804321,80.2265396118,51356,51366,10
12.8622198105,80.2265701294,51366,51376,10
12.8612499237,80.2266082764,51376,51386,10
12.8610601425,80.2266235352,51386,51396,10
12.8607501984,80.2265777588,51396,51406,10
12.8600997925,80.2264785767,51406,51416,10
12.8592596054,80.226348877,51416,51426,10
12.858590126,80.226272583,51426,51437,11
12.8578796387,80.2262268066,51437,51447,10
12.8569602966,80.2262802124,51447,51457,10
12.8558797836,80.2264099121,51457,51467,10
12.8547401428,80.2265319824,51467,51477,10
12.8535604477,80.2266616821,51477,51487,10
12.8523797989,80.2266769409,51487,51497,10
12.8511400223,80.2266235352,51497,51507,10
12.850060463,80.226600647,51507,51518,11
12.8498096466,80.226600647,51518,51528,10
12.8496303558,80.2265930176,51528,51538,10
12.8490600586,80.2265930176,51538,51548,10
12.8482599258,80.226600647,51548,51558,10
12.8472795486,80.226600647,51558,51568,10
12.8462600708,80.226600647,51568,51578,10
12.8453798294,80.2266235352,51578,51599,21
12.8453798294,80.2266235352,51599,51609,10
12.8452396393,80.2266235352,51609,51619,10
12.84471035,80.2266464233,51619,51629,10
12.8439702988,80.2267227173,51629,51639,10
12.8430595398,80.2268600464,51639,51649,10
12.8420801163,80.2270431519,51649,51659,10
12.8410797119,80.2273101807,51659,51669,10
12.8402299881,80.2275619507,51669,51680,11
12.8397397995,80.227722168,51680,51690,10
12.8396701813,80.2277526855,51690,51700,10
12.8391599655,80.2278823853,51700,51710,10
12.8384199142,80.2280578613,51710,51720,10
12.8374795914,80.2282485962,51720,51730,10
12.8364295959,80.2284011841,51730,51739,9
12.8354902267,80.2285232544,51739,51749,10
12.8344602585,80.2286834717,51749,51761,12
12.8332195282,80.2289123535,51761,51771,10
12.8322000504,80.2291030884,51771,51781,10
12.831609726,80.2291183472,51781,51791,10
12.8315401077,80.2288894653,51791,51801,10
12.8315401077,80.2288208008,51801,51811,10
12.8314800262,80.2285003662,51811,51821,10
12.8313398361,80.2277526855,51821,51831,10
12.8311796188,80.2269363403,51831,51842,11
12.8310403824,80.2258911133,51842,51852,10
12.8310403824,80.2249908447,51852,51862,10
12.8310403824,80.2245788574,51862,51872,10
12.8310499191,80.2239379883,51872,51882,10
12.8310604095,80.2230606079,51882,51892,10
12.8310604095,80.2222671509,51892,51902,10
12.8310604095,80.2219467163,51902,51912,10
12.8310699463,80.2212295532,51912,51923,11
12.8310804367,80.2202835083,51923,51933,10
12.8310604095,80.2197265625,51933,51943,10
12.8308296204,80.2194519043,51943,51953,10
12.8301401138,80.2194595337,51953,51963,10
12.8292703629,80.2194595337,51963,51973,10
12.8283596039,80.2194595337,51973,51983,10
12.8274898529,80.2194595337,51983,52004,21
12.8274898529,80.2194595337,52004,52014,10
12.8272600174,80.2194366455,52014,52024,10
12.8266897202,80.2194366455,52024,52034,10
12.8261098862,80.2194290161,52034,52044,10
12.825799942,80.2193984985,52044,52054,10
12.8253803253,80.2194213867,52054,52064,10
12.8252401352,80.2194290161,52064,52074,10
12.8246803284,80.2194366455,52074,52085,11
12.8238201141,80.2194213867,52085,52105,20
12.8227796555,80.219367981,52105,52115,10
12.8226203918,80.2190704346,52115,52125,10
12.8226299286,80.2187728882,52125,52134,9
12.822640419,80.2181930542,52134,52145,11
12.8226604462,80.217338562,52145,52155,10
12.8226604462,80.2164916992,52155,52165,10
12.8227701187,80.2159576416,52165,52176,11
12.8230695724,80.2159729004,52176,52186,10
12.8235998154,80.2159805298,52186,52196,10
12.824259758,80.2159805298,52196,52601,405
12.824259758,80.2159805298,52601,52611,10
12.8244600296,80.2159805298,52611,52621,10
12.8247804642,80.216003418,52621,52631,10
12.8252401352,80.2160186768,52631,52641,10
12.8256998062,80.2160263062,52641,52651,10
12.8259096146,80.2162322998,52651,52662,11
12.8259096146,80.2168273926,52662,52672,10
12.8259096146,80.2176132202,52672,52682,10
12.8259000778,80.2184524536,52682,52692,10
12.8259096146,80.2192230225,52692,52702,10
12.8260402679,80.2193984985,52702,52712,10
12.826259613,80.2193984985,52712,52722,10
12.8268299103,80.2194213867,52722,52732,10
12.8273801804,80.2194290161,52732,52743,11
12.8277797699,80.2194137573,52743,52753,10
12.8285503387,80.2193832397,52753,52763,10
12.8295602798,80.2193984985,52763,52773,10
12.8305702209,80.2194137573,52773,52783,10
12.8309898376,80.2194213867,52783,52793,10
12.831199646,80.2198867798,52793,52803,10
12.831199646,80.2207565308,52803,52813,10
12.8311901093,80.2217330933,52813,52824,11
12.8311796188,80.2222213745,52824,52834,10
12.8311700821,80.2228622437,52834,52844,10
12.8311595917,80.223739624,52844,52854,10
12.8311395645,80.2245178223,52854,52864,10
12.8311300278,80.2248764038,52864,52874,10
12.8311300278,80.2256393433,52874,52884,10
12.831199646,80.2266387939,52884,52894,10
12.8314199448,80.2277374268,52894,52905,11
12.8316497803,80.2289581299,52905,52925,20
12.8316497803,80.2289581299,52925,52935,10
12.8317604065,80.2291412354,52935,52945,10
12.8323001862,80.2290878296,52945,52955,10
12.8332195282,80.2289199829,52955,52965,10
12.834400177,80.2286911011,52965,52975,10
12.8357496262,80.2284622192,52975,52986,11
12.8373098373,80.2282333374,52986,52996,10
12.8385400772,80.2279663086,52996,53006,10
12.8395004272,80.2276000977,53006,53026,20
12.8395004272,80.2276000977,53026,53036,10
12.839630127,80.2275238037,53036,53046,10
12.8402004242,80.2274398804,53046,53056,10
12.8411502838,80.2271881104,53056,53067,11
12.8424100876,80.2268981934,53067,53077,10
12.8435497284,80.2266769409,53077,53087,10
12.844619751,80.2265396118,53087,53097,10
12.8454399109,80.2265014648,53097,53107,10
12.8459396362,80.2265014648,53107,53117,10
12.8469495773,80.2265090942,53117,53127,10
12.8481302261,80.2265014648,53127,53137,10
12.8493003845,80.2264862061,53137,53148,11
12.8502702713,80.2265090942,53148,53158,10
12.8514795303,80.2265625,53158,53168,10
12.852930069,80.2266235352,53168,53178,10
12.8545103073,80.2264709473,53178,53188,10
12.8561401367,80.2262878418,53188,53198,10
12.8577604294,80.2261428833,53198,53208,10
12.8593597412,80.2262573242,53208,53218,10
12.8609695435,80.2265014648,53218,53229,11
12.862739563,80.2264709473,53229,53239,10
12.8643798828,80.2264862061,53239,53249,10
12.8658504486,80.2265167236,53249,53259,10
12.8671302795,80.2263870239,53259,53269,10
12.8685102463,80.2263031006,53269,53279,10
12.8699598312,80.2264709473,53279,53289,10
12.8713998795,80.2265777588,53289,53299,10
12.8727998734,80.226600647,53299,53310,11
12.8743495941,80.2267074585,53310,53320,10
12.8758802414,80.2268981934,53320,53330,10
12.8769197464,80.2268676758,53330,53340,10
12.8781404495,80.2267608643,53340,53350,10
12.8795099258,80.2266921997,53350,53360,10
12.8809499741,80.2266616821,53360,53370,10
12.8824300766,80.2266387939,53370,53380,10
12.8840398788,80.2266235352,53380,53390,10
12.8855695724,80.2267227173,53390,53401,11
12.8871803284,80.2271499634,53401,53411,10
12.8886699677,80.2273101807,53411,53421,10
12.8902997971,80.2273178101,53421,53431,10
12.8917598724,80.2272872925,53431,53441,10
12.8923797607,80.2272872925,53441,53451,10
12.8930797577,80.2273712158,53451,53461,10
12.8940896988,80.2275390625,53461,53471,10
12.8952598572,80.2276077271,53471,53482,11
12.8967199326,80.2276611328,53482,53492,10
12.8981199265,80.2277297974,53492,53502,10
12.899189949,80.2277832031,53502,53512,10
12.9001998901,80.2278289795,53512,53522,10
12.9009599686,80.227897644,53522,53532,10
12.901309967,80.2279129028,53532,53542,10
12.9017801285,80.2279205322,53542,53552,10
12.9021396637,80.2279586792,53552,53563,11
12.902759552,80.2279510498,53563,53583,20
12.902759552,80.2279510498,53583,53593,10
12.903169632,80.2279815674,53593,53603,10
12.9039802551,80.2280197144,53603,53613,10
12.9050102234,80.2281036377,53613,53623,10
12.9057703018,80.2281265259,53623,53633,10
12.9061899185,80.2281723022,53633,53694,61
12.9061899185,80.2281723022,53694,53704,10
12.9066200256,80.2282333374,53704,53714,10
12.9069299698,80.2282409668,53714,53725,11
12.9072198868,80.2282562256,53725,53735,10
12.9079504013,80.2283477783,53735,53745,10
12.9089698792,80.2285079956,53745,53755,10
12.9100999832,80.2286911011,53755,53765,10
12.9113302231,80.2288589478,53765,53775,10
12.9125404358,80.2290267944,53775,53785,10
12.913479805,80.2291717529,53785,53795,10
12.9138498306,80.2292098999,53795,53806,11
12.914059639,80.2292480469,53806,53816,10
12.9147596359,80.229347229,53816,53826,10
12.9158000946,80.2294769287,53826,53836,10
12.9168796539,80.2296066284,53836,53846,10
12.918009758,80.2297821045,53846,53856,10
12.9192495346,80.2299575806,53856,53866,10
12.9206199646,80.2301330566,53866,53876,10
12.9219303131,80.2302932739,53876,53887,11
12.9237003326,80.2305603027,53887,53897,10
12.9250602722,80.2307281494,53897,53907,10
12.9264202118,80.2308883667,53907,53917,10
12.9278202057,80.231048584,53917,53927,10
12.9287099838,80.2311630249,53927,53937,10
12.9295196533,80.2313690186,53937,53947,10
12.9305095673,80.231628418,53947,53957,10
12.9316902161,80.2319717407,53957,53968,11
12.9337301254,80.232711792,53968,53988,20
12.9337301254,80.232711792,53988,53998,10
12.933839798,80.2327804565,53998,54008,10
12.9344100952,80.2330703735,54008,54018,10
12.9357099533,80.2336425781,54018,54038,20
12.9357099533,80.2336425781,54038,54049,11
12.936050415,80.2338104248,54049,54059,10
12.9367904663,80.2341690063,54059,54069,10
12.9377803802,80.2346801758,54069,54079,10
12.9389400482,80.2352523804,54079,54089,10
12.9402503967,80.2358322144,54089,54099,10
12.9417104721,80.2361831665,54099,54109,10
12.9430999756,80.2367172241,54109,54119,10
12.9441795349,80.2378387451,54119,54130,11
12.9454097748,80.2391204834,54130,54140,10
12.9468097687,80.2397384644,54140,54150,10
12.9473600388,80.2399520874,54150,54160,10
12.9474096298,80.239982605,54160,54170,10
12.9478597641,80.2401733398,54170,54180,10
12.9488897324,80.2405776978,54180,54231,51
12.9488897324,80.2405776978,54231,54241,10
12.9491300583,80.2407836914,54241,54251,10
12.9497404099,80.2409591675,54251,54261,10
12.9506597519,80.2412414551,54261,54271,10
12.9511203766,80.2413635254,54271,54281,10
12.9513196945,80.2414169312,54281,54292,11
12.9519796371,80.2416229248,54292,54302,10
12.9527902603,80.2419204712,54302,54312,10
12.9535703659,80.2422103882,54312,54322,10
12.954079628,80.242401123,54322,54332,10
12.9547595978,80.2426986694,54332,54342,10
12.9555702209,80.2429962158,54342,54352,10
12.9562797546,80.243270874,54352,54373,21
12.9562797546,80.243270874,54373,54383,10
12.9567499161,80.2435073853,54383,54393,10
12.957570076,80.2439117432,54393,54403,10
12.9584598541,80.2442703247,54403,54413,10
12.9588603973,80.2444229126,54413,54423,10
12.9591999054,80.2445831299,54423,54433,10
12.9599599838,80.2449188232,54433,54443,10
12.9610204697,80.2453994751,54443,54453,10
12.9622402191,80.2459869385,54453,54464,11
12.9631996155,80.2464599609,54464,54474,10
12.9637298584,80.2467193604,54474,54484,10
12.9644804001,80.2470397949,54484,54494,10
12.9654302597,80.2473602295,54494,54504,10
12.9667901993,80.2478790283,54504,54524,20
12.9667901993,80.2478790283,54524,54534,10
12.9669904709,80.2480010986,54534,54545,11
12.9677000046,80.2483596802,54545,54555,10
12.9687700272,80.2487564087,54555,54565,10
12.9700698853,80.2492218018,54565,54575,10
12.9715204239,80.2497024536,54575,54585,10
12.9729700089,80.2500762939,54585,54595,10
12.974240303,80.2504196167,54595,54605,10
12.9754896164,80.2507705688,54605,54615,10
12.9767103195,80.2511062622,54615,54626,11
12.9778203964,80.2517089844,54626,54636,10
12.9784698486,80.2522125244,54636,54646,10
12.9785499573,80.2522735596,54646,54656,10
12.9792804718,80.252532959,54656,54676,20
12.9792804718,80.252532959,54676,54686,10
12.979590416,80.2525405884,54686,54696,10
12.9800796509,80.2525787354,54696,54707,11
12.9808397293,80.2525787354,54707,54717,10
12.981760025,80.2525634766,54717,54727,10
12.9829101563,80.2525024414,54727,54737,10
12.984120369,80.2522583008,54737,54747,10
12.9853801727,80.2519226074,54747,54757,10
12.9863595963,80.251701355,54757,54767,10
12.9871797562,80.2514724731,54767,54899,132
12.9871797562,80.2514724731,54899,54909,10
12.9872999191,80.2514266968,54909,54919,10
12.9876899719,80.2513198853,54919,54929,10
12.9883899689,80.2511520386,54929,54939,10
12.9893198013,80.2509002686,54939,54950,11
12.9894199371,80.2508621216,54950,54960,10
12.9897203445,80.2508163452,54960,54970,10
12.9905004501,80.2506484985,54970,54980,10
12.9915895462,80.2503814697,54980,54990,10
12.9927997589,80.2500686646,54990,55000,10
12.9938697815,80.2497787476,55000,55010,10
12.9955301285,80.2493362427,55010,55020,10
12.9967899323,80.2490234375,55020,55031,11
12.9983901978,80.2486572266,55031,55041,10
12.999879837,80.2482910156,55041,55051,10
13.0013599396,80.2479171753,55051,55061,10
13.0024995804,80.2476425171,55061,55071,10
13.0037899017,80.2474212646,55071,55081,10
13.0049800873,80.2472610474,55081,55091,10
13.0059099197,80.2470397949,55091,55101,10
13.006480217,80.2465591431,55101,55112,11
13.0065002441,80.2464675903,55112,55122,10
13.0065498352,80.2462387085,55122,55132,10
13.0066099167,80.2455291748,55132,55142,10
13.0066404343,80.2445373535,55142,55152,10
13.0066995621,80.2436904907,55152,55162,10
13.006649971,80.242767334,55162,55172,10
13.0066299438,80.2419204712,55172,55182,10
13.0066604614,80.2411193848,55182,55193,11
13.006770134,80.2403106689,55193,55203,10
13.0069103241,80.2395095825,55203,55213,10
13.0071001053,80.2385482788,55213,55223,10
13.0072402954,80.2377471924,55223,55233,10
13.007349968,80.2370986938,55233,55243,10
13.0073900223,80.2368927002,55243,55253,10
13.0074996948,80.2363815308,55253,55263,10
13.0076999664,80.2354507446,55263,55274,11
13.0079298019,80.2342681885,55274,55284,10
13.0081300735,80.2332229614,55284,55294,10
13.0083799362,80.2319793701,55294,55304,10
13.008649826,80.2305297852,55304,55314,10
13.0089197159,80.2291793823,55314,55324,10
13.0093698502,80.2275924683,55324,55334,10
13.0098695755,80.2265014648,55334,55343,9
13.010430336,80.2255020142,55343,55355,12
13.0108203888,80.2246780396,55355,55365,10
13.0112400055,80.2238998413,55365,55385,20
13.0112400055,80.2238998413,55385,55395,10
13.0112695694,80.2234573364,55395,55405,10
13.0115804672,80.2230072021,55405,55415,10
13.011759758,80.2221679688,55415,55425,10
13.0118999481,80.2218780518,55425,55436,11
13.0120601654,80.2217483521,55436,55446,10
13.0123100281,80.2215881348,55446,55456,10
13.0124197006,80.2217330933,55456,55466,10
13.0128297806,80.2222518921,55466,55476,10
13.0134801865,80.2229232788,55476,55486,10
13.0139503479,80.2235565186,55486,55496,10
13.014550209,80.2242202759,55496,55506,10
13.0150098801,80.2246627808,55506,55517,11
13.0153799057,80.224937439,55517,55527,10
13.0154895782,80.2250289917,55527,55537,10
13.0158100128,80.2252502441,55537,55547,10
13.0165596008,80.2252426147,55547,55557,10
13.0174503326,80.2249221802,55557,55567,10
13.0182800293,80.2245788574,55567,55577,10
13.0190896988,80.2243423462,55577,55587,10
13.0200395584,80.2247085571,55587,55608,21
13.0200395584,80.2247085571,55608,55618,10
13.0202903748,80.2250213623,55618,55628,10
13.0209302902,80.2255020142,55628,55638,10
13.0215997696,80.2259674072,55638,55648,10
13.0220804214,80.2263031006,55648,55658,10
13.0226202011,80.2267608643,55658,55668,10
13.0232801437,80.2273864746,55668,55678,10
13.0241003036,80.2281036377,55678,55719,41
13.0241003036,80.2281036377,55719,55729,10
13.0243301392,80.2284011841,55729,55780,51
13.0243301392,80.2284011841,55780,55790,10
13.0242500305,80.2286529541,55790,55800,10
13.024020195,80.2284164429,55800,55810,10
13.0237798691,80.2280807495,55810,55820,10
13.023440361,80.2277603149,55820,55830,10
13.023349762,80.2276382446,55830,56023,193
13.0231599808,80.2274169922,56023,56377,354
13.0231599808,80.2274169922,56377,56387,10
13.0230798721,80.2273330688,56387,56397,10
13.0228996277,80.227142334,56397,56407,10
13.0225696564,80.2268295288,56407,56418,11
13.0221796036,80.2264633179,56418,56428,10
13.0217399597,80.2261199951,56428,56438,10
13.0214300156,80.2258911133,56438,56448,10
13.0209999084,80.2255325317,56448,56458,10
13.0204496384,80.2251434326,56458,56468,10
13.0200395584,80.2248687744,56468,56478,10
13.0199699402,80.2248306274,56478,56488,10
13.0195999146,80.2245864868,56488,56499,11
13.0187702179,80.2245025635,56499,56509,10
13.0179195404,80.2248535156,56509,56519,10
13.0170202255,80.2252197266,56519,56529,10
13.0162000656,80.2255630493,56529,56539,10
13.0153999329,80.2258377075,56539,56549,10
13.0148696899,80.2260665894,56549,56559,10
13.0143995285,80.2262496948,56559,56569,10
13.0143203735,80.2262802124,56569,56580,11
13.0139503479,80.2264328003,56580,56590,10
13.0133695602,80.2266464233,56590,56600,10
13.0126600266,80.2269210815,56600,56610,10
13.0118503571,80.2272415161,56610,56620,10
13.0109996796,80.2275924683,56620,56630,10
13.0100803375,80.2279586792,56630,56640,10
13.0092496872,80.2284011841,56640,56650,10
13.0090398788,80.2292785645,56650,56661,11
13.0088300705,80.2304229736,56661,56671,10
13.0086402893,80.2314300537,56671,56681,10
13.0084104538,80.2324981689,56681,56691,10
13.0082798004,80.2334289551,56691,56701,10
13.0082397461,80.2337188721,56701,56711,10
13.0081796646,80.2338485718,56711,56721,10
13.008099556,80.2342605591,56721,56731,10
13.0079603195,80.2349090576,56731,56742,11
13.007809639,80.2357406616,56742,56752,10
13.0076303482,80.2366333008,56752,56762,10
13.0074300766,80.2375793457,56762,56772,10
13.0072803497,80.2384262085,56772,56782,10
13.0071802139,80.2391662598,56782,56792,10
13.0069599152,80.2398376465,56792,56802,10
13.0068998337,80.2399978638,56802,56812,10
13.0068998337,80.2401580811,56812,56823,11
13.0068397522,80.2406692505,56823,56833,10
13.006819725,80.2408294678,56833,56843,10
13.0067596436,80.2412796021,56843,56853,10
13.006770134,80.2421264648,56853,56863,10
13.0067396164,80.2431030273,56863,56873,10
13.0067396164,80.2440032959,56873,56883,10
13.0067300797,80.2446517944,56883,56893,10
13.0067596436,80.2458114624,56893,56904,11
13.0068397522,80.2465286255,56904,56914,10
13.0068397522,80.2470092773,56914,56924,10
13.0065803528,80.247428894,56924,56934,10
13.0061702728,80.2474517822,56934,56944,10
13.0060997009,80.2474517822,56944,56954,10
13.0059299469,80.2474594116,56954,56964,10
13.0054101944,80.2473678589,56964,56974,10
13.0046701431,80.2474136353,56974,56985,11
13.0036697388,80.2475509644,56985,56995,10
13.0027303696,80.2477111816,56995,57005,10
13.0018997192,80.2479095459,57005,57015,10
13.0009202957,80.2481613159,57015,57025,10
12.9998598099,80.2484283447,57025,57035,10
12.9987897873,80.2487106323,57035,57045,10
12.9981603622,80.2488937378,57045,57055,10
12.9980697632,80.248916626,57055,57066,11
12.9975404739,80.2490310669,57066,57076,10
12.9967803955,80.2492218018,57076,57086,10
12.9958400726,80.249458313,57086,57096,10
12.9947595596,80.24974823,57096,57106,10
12.9937000275,80.250038147,57106,57116,10
12.9926204681,80.2502975464,57116,57126,10
12.9915599823,80.2505569458,57126,57136,10
12.9912099838,80.2506637573,57136,57146,10
12.9910802841,80.2506790161,57146,57157,11
12.9904899597,80.2508392334,57157,57167,10
12.9897203445,80.2510299683,57167,57177,10
12.9888896942,80.2512435913,57177,57187,10
12.988240242,80.251411438,57187,57308,121
12.988240242,80.251411438,57308,57319,11
12.9880199432,80.2514266968,57319,57329,10
12.9877595901,80.251449585,57329,57339,10
12.9871797562,80.2516174316,57339,57349,10
12.986579895,80.2518234253,57349,57359,10
12.9859399796,80.2519607544,57359,57369,10
12.9850301743,80.2521972656,57369,57379,10
12.9839696884,80.2524871826,57379,57389,10
12.9827899933,80.2527084351,57389,57400,11
12.9814395905,80.2527389526,57400,57410,10
12.9803695679,80.2527923584,57410,57420,10
12.9795999527,80.2527618408,57420,57430,10
12.979060173,80.2527084351,57430,57440,10
12.9788999557,80.2526779175,57440,57450,10
12.9785995483,80.2525634766,57450,57460,10
12.9780101776,80.2521820068,57460,57470,10
12.9773302078,80.2515792847,57470,57481,11
12.9762897491,80.251159668,57481,57491,10
12.9751596451,80.250831604,57491,57501,10
12.9739704132,80.2504806519,57501,57511,10
12.9728097916,80.2501678467,57511,57521,10
12.9716796875,80.2498626709,57521,57531,10
12.9704704285,80.2495193481,57531,57541,10
12.9692802429,80.2490615845,57541,57551,10
12.9680900574,80.2485809326,57551,57562,11
12.966799736,80.2480316162,57562,57572,10
12.965760231,80.2475585938,57572,57582,10
12.9652299881,80.2473907471,57582,57592,10
12.9651098251,80.2473373413,57592,57602,10
12.9645996094,80.2471618652,57602,57612,10
12.9638299942,80.246887207,57612,57632,20
12.9638299942,80.246887207,57632,57643,11
12.9637899399,80.2469024658,57643,57653,10
12.9633598328,80.2466964722,57653,57663,10
12.962679863,80.2463531494,57663,57673,10
12.9617795944,80.2459106445,57673,57683,10
12.9607601166,80.2454223633,57683,57693,10
12.9597997665,80.2449874878,57693,57703,10
12.9593696594,80.2448120117,57703,57713,10
12.9591703415,80.244682312,57713,57724,11
12.9586601257,80.2444534302,57724,57734,10
12.9579801559,80.244178772,57734,57744,10
12.9573698044,80.2439575195,57744,57754,10
12.9565601349,80.2437667847,57754,57815,61
12.9565601349,80.2437667847,57815,57825,10
12.9564599991,80.2437210083,57825,57835,10
12.9563503265,80.2436828613,57835,57845,10
12.9559698105,80.2434997559,57845,57855,10
12.9553203583,80.2431182861,57855,57865,10
12.954580307,80.242767334,57865,57875,10
12.9536895752,80.2424087524,57875,57886,11
12.9525995255,80.2419967651,57886,57896,10
12.9517698288,80.2417068481,57896,57906,10
12.9516496658,80.2416763306,57906,57916,10
12.9515104294,80.2416305542,57916,57926,10
12.9511404037,80.2415084839,57926,57936,10
12.9504299164,80.2412719727,57936,57946,10
12.9496297836,80.241027832,57946,57956,10
12.9488401413,80.2407302856,57956,57967,11
12.9476699829,80.2402496338,57967,57977,10
12.9470796585,80.240020752,57977,57987,10
12.9470596313,80.240020752,57987,57997,10
12.9468603134,80.2399368286,57997,58007,10
12.9462795258,80.2397003174,58007,58017,10
12.9455299377,80.2393569946,58017,58027,10
12.9447898865,80.2387313843,58027,58037,10
12.9440402985,80.2378997803,58037,58048,11
12.943189621,80.2369918823,58048,58058,10
12.9421396255,80.2364196777,58058,58068,10
12.9409999847,80.2361373901,58068,58078,10
12.9396800995,80.2357711792,58078,58098,20
12.9396800995,80.2357711792,58098,58108,10
12.9393596649,80.2356033325,58108,58118,10
12.9386701584,80.2352523804,58118,58129,11
12.9377698898,80.2347869873,58129,58139,10
12.9368200302,80.2343215942,58139,58149,10
12.9360303879,80.2339477539,58149,58159,10
12.9352197647,80.2335662842,58159,58169,10
12.9338598251,80.2329483032,58169,58189,20
12.9338598251,80.2329483032,58189,58199,10
12.9336500168,80.2328567505,58199,58210,11
12.9329395294,80.2325363159,58210,58220,10
12.9320402145,80.2322311401,58220,58230,10
12.9309396744,80.2318725586,58230,58240,10
12.9297704697,80.2315292358,58240,58250,10
12.9285802841,80.2313079834,58250,58260,10
12.9273395538,80.2311401367,58260,58270,10
12.9263095856,80.2310409546,58270,58280,10
12.9260396957,80.2310180664,58280,58291,11
12.9256000519,80.2309570313,58291,58301,10
12.9248800278,80.2308578491,58301,58311,10
12.9241104126,80.230758667,58311,58321,10
12.923119545,80.2306213379,58321,58331,10
12.921959877,80.2304382324,58331,58341,10
12.9207201004,80.2302780151,58341,58351,10
12.9194202423,80.2301177979,58351,58361,10
12.918129921,80.2299499512,58361,58371,10
12.9169902802,80.2297973633,58371,58382,11
12.9156703949,80.2296218872,58382,58392,10
12.9144201279,80.2294387817,58392,58402,10
12.913479805,80.229347229,58402,58412,10
12.913310051,80.2293395996,58412,58422,10
12.9131202698,80.2293167114,58422,58432,10
12.9125995636,80.2292327881,58432,58442,10
12.9117603302,80.2291030884,58442,58452,10
12.9107103348,80.2289428711,58452,58463,11
12.9094200134,80.2287216187,58463,58473,10
12.9082603455,80.2285308838,58473,58483,10
12.9072198868,80.2283782959,58483,58493,10
12.9063100815,80.2282791138,58493,58503,10
12.9054403305,80.2282562256,58503,58513,10
12.9050598145,80.2282333374,58513,58523,10
12.9042901993,80.228187561,58523,58533,10
12.9033603668,80.2281265259,58533,58544,11
12.9019699097,80.2280807495,58544,58594,50
12.9019699097,80.2280807495,58594,58604,10
12.9019098282,80.2280883789,58604,58614,10
12.9016304016,80.2280502319,58614,58625,11
12.9010601044,80.2280197144,58625,58635,10
12.9004402161,80.2279815674,58635,58645,10
12.8999996185,80.2279586792,58645,58655,10
12.8999500275,80.2279586792,58655,58665,10
12.8996400833,80.2279586792,58665,58685,20
12.8996400833,80.2279586792,58685,58695,10
12.899430275,80.2279281616,58695,58706,11
12.8993196487,80.2279205322,58706,58716,10
12.8990001678,80.227897644,58716,58726,10
12.898900032,80.2278823853,58726,58736,10
12.898440361,80.2278366089,58736,58746,10
12.8976802826,80.2277908325,58746,58756,10
12.8966598511,80.2277297974,58756,58766,10
12.8954801559,80.2276763916,58766,58776,10
12.8942298889,80.2276229858,58776,58787,11
12.892950058,80.2274627686,58787,58797,10
12.8922700882,80.2273864746,58797,58807,10
12.8914203644,80.2273635864,58807,58817,10
12.8902997971,80.2273712158,58817,58827,10
12.8890399933,80.2273788452,58827,58837,10
12.8877696991,80.2273025513,58837,58847,10
12.8864603043,80.2270812988,58847,58857,10
12.885310173,80.2268218994,58857,58868,11
12.8848104477,80.2267608643,58868,58878,10
12.8847799301,80.2267379761,58878,58888,10
12.8844003677,80.2267303467,58888,58898,10
12.8836803436,80.2267303467,58898,58908,10
12.8827104568,80.2267303467,58908,58918,10
12.8815498352,80.2267379761,58918,58928,10
12.8802995682,80.2267303467,58928,58938,10
12.8789701462,80.2267837524,58938,58949,11
12.877530098,80.2268676758,58949,58959,10
12.8764696121,80.2269897461,58959,58979,20
12.8764696121,80.2269897461,58979,58989,10
12.8763303757,80.2270202637,58989,58999,10
12.8758296967,80.2270126343,58999,59009,10
12.8750400543,80.2269515991,59009,59019,10
12.8740501404,80.2268218994,59019,59030,11
12.8729295731,80.2267379761,59030,59040,10
12.8726196289,80.2267379761,59040,59050,10
12.872300148,80.2267303467,59050,59060,10
12.8715496063,80.2266998291,59060,59070,10
12.8705301285,80.2266464233,59070,59080,10
12.8693399429,80.2265319824,59080,59090,10
12.8680295944,80.2264404297,59090,59100,10
12.8666601181,80.2265625,59100,59111,11
12.8651399612,80.2266311646,59111,59121,10
12.8637399673,80.2265777588,59121,59131,10
12.8623800278,80.226600647,59131,59141,10
12.8612699509,80.2266464233,59141,59151,10
12.8609800339,80.2266387939,59151,59161,10
12.8607597351,80.2266082764,59161,59171,10
12.8601102829,80.2265319824,59171,59181,10
12.8591995239,80.2264022827,59181,59192,11
12.8582601547,80.2262878418,59192,59202,10
12.8571996689,80.2263183594,59202,59212,10
12.8559799194,80.2264404297,59212,59222,10
12.8546495438,80.2265701294,59222,59232,10
12.8532600403,80.2266998291,59232,59242,10
12.8518600464,80.2266769409,59242,59252,10
12.8506002426,80.2266387939,59252,59262,10
12.8498802185,80.2266387939,59262,59273,11
12.8493995667,80.2266235352,59273,59283,10
12.8474998474,80.2266235352,59283,59293,10
12.8474998474,80.2266235352,59293,59303,10
12.8463897705,80.2266235352,59303,59313,10
12.8455495834,80.2266387939,59313,59343,30
12.8455495834,80.2266387939,59343,59354,11
12.8451700211,80.2266464233,59354,59365,11
12.8442001343,80.2266998291,59365,59375,10
12.8431596756,80.2268218994,59375,59385,10
12.8419599533,80.2270584106,59385,59395,10
12.840880394,80.2273635864,59395,59405,10
12.8400201797,80.2276000977,59405,59415,10
12.8395996094,80.2277297974,59415,59425,10
12.8389797211,80.2279205322,59425,59435,10
12.8379001617,80.2281723022,59435,59446,11
12.8367595673,80.2283401489,59446,59456,10
12.8355998993,80.2285003662,59456,59466,10
12.8345403671,80.2286529541,59466,59476,10
12.8334703445,80.2288589478,59476,59486,10
12.8323001862,80.2290420532,59486,59496,10
12.8316898346,80.2291412354,59496,59506,10
12.8315200806,80.2289199829,59506,59516,10
12.8315200806,80.2288818359,59516,59527,11
12.831489563,80.2285766602,59527,59537,10
12.8313703537,80.2278900146,59537,59547,10
12.8311901093,80.2269897461,59547,59557,10
12.8310403824,80.2259292603,59557,59567,10
12.8310403824,80.2248764038,59567,59577,10
12.8310403824,80.2245101929,59577,59587,10
12.8310604095,80.2238006592,59587,59597,10
12.8310699463,80.2228469849,59597,59608,11
12.8310604095,80.2221984863,59608,59618,10
12.8310604095,80.2218780518,59618,59628,10
12.8310804367,80.2211685181,59628,59638,10
12.8311004639,80.2202682495,59638,59648,10
12.8310804367,80.2196807861,59648,59658,10
12.8307304382,80.2194519043,59658,59668,10
12.8299198151,80.2194366455,59668,59678,10
12.8289699554,80.2194366455,59678,59689,11
12.8278903961,80.2194213867,59689,59699,10
12.8275203705,80.2194290161,59699,59709,10
12.8275003433,80.2194213867,59709,59719,10
12.8273801804,80.2194213867,59719,59728,9
12.8268203735,80.2194137573,59728,59739,11
12.8261003494,80.2194137573,59739,59749,10
12.8258399963,80.2192687988,59749,59759,10
12.8258399963,80.219039917,59759,59770,11
12.8258399963,80.2183609009,59770,59780,10
12.8258600235,80.2174911499,59780,59790,10
12.8258600235,80.2165222168,59790,59800,10
12.8256597519,80.2159805298,59800,59810,10
12.8252496719,80.2159500122,59810,59820,10
12.824760437,80.2159423828,59820,60449,629
12.824760437,80.2159423828,60449,60459,10
12.8245601654,80.2160797119,60459,60469,10
12.824379921,80.2160568237,60469,60479,10
12.8240804672,80.2160415649,60479,60489,10
12.8236503601,80.2160186768,60489,60500,11
12.8230304718,80.2160263062,60500,60510,10
12.8228502274,80.2160263062,60510,60520,10
12.8226995468,80.2160415649,60520,60530,10
12.8226499557,80.2164077759,60530,60540,10
12.8226604462,80.2170028687,60540,60550,10
12.8226699829,80.2177200317,60550,60560,10
12.8226804733,80.2184829712,60560,60570,10
12.8226804733,80.2191467285,60570,60582,12
12.8227100372,80.2193908691,60582,60592,10
12.8231601715,80.2194824219,60592,60602,10
12.8238201141,80.2194824219,60602,60612,10
12.8244600296,80.2194671631,60612,60622,10
12.8248300552,80.2194824219,60622,60632,10
12.8253202438,80.2194824219,60632,60642,10
12.8255596161,80.2194824219,60642,60652,10
12.8260202408,80.2194900513,60652,60663,11
12.8265600204,80.2194900513,60663,60673,10
12.8267602921,80.2194900513,60673,60683,10
12.8272600174,80.2194976807,60683,60703,20
12.8272600174,80.2194976807,60703,60713,10
12.8273000717,80.2194976807,60713,60723,10
12.827460289,80.2194900513,60723,60733,10
12.8276796341,80.2194595337,60733,60744,11
12.8276996613,80.2194595337,60744,60754,10
12.8278999329,80.2194824219,60754,60764,10
12.828379631,80.2194824219,60764,60774,10
12.8290996552,80.2194671631,60774,60784,10
12.8298997879,80.2194671631,60784,60793,9
12.8306398392,80.2194824219,60793,60804,11
12.8309803009,80.2194976807,60804,60814,10
12.8312501907,80.2199783325,60814,60825,11
12.8312397003,80.2207107544,60825,60835,10
12.8312301636,80.2214736938,60835,60845,10
12.8312196732,80.2220993042,60845,60855,10
12.8312101364,80.2224273682,60855,60865,10
12.831199646,80.2230606079,60865,60875,10
12.831199646,80.2238006592,60875,60885,10
12.831199646,80.2242507935,60885,60895,10
12.831199646,80.2245330811,60895,60906,11
12.8311901093,80.224822998,60906,60916,10
12.8311901093,80.2250976563,60916,60926,10
12.8311901093,80.2253036499,60926,60936,10
12.831199646,80.225479126,60936,60946,10
12.8311901093,80.2259292603,60946,60956,10
12.8312501907,80.2266616821,60956,60966,10
12.831410408,80.2275085449,60966,60976,10
12.831609726,80.2284088135,60976,60987,11
12.8317499161,80.2290725708,60987,60997,10
12.8317899704,80.2291412354,60997,61007,10
12.832110405,80.2291183472,61007,61017,10
12.8327302933,80.2289962769,61017,61027,10
12.8335399628,80.2288589478,61027,61037,10
12.8344697952,80.2287063599,61037,61047,10
12.8354301453,80.2285614014,61047,61057,10
12.8364496231,80.2284088135,61057,61068,11
12.8375396729,80.2282485962,61068,61078,10
12.8384103775,80.2280731201,61078,61088,10
12.8390102386,80.2279129028,61088,61098,10
12.8393297195,80.2278137207,61098,61128,30
12.8393297195,80.2278137207,61128,61138,10
12.8397502899,80.2276611328,61138,61149,11
12.8404397964,80.2275238037,61149,61158,9
12.8411798477,80.2273330688,61158,61169,11
12.842300415,80.2270507813,61169,61179,10
12.8434000015,80.2268218994,61179,61189,10
12.8444595337,80.2266769409,61189,61199,10
12.8453197479,80.2266235352,61199,61209,10
12.8454303741,80.2266235352,61209,61219,10
12.8456401825,80.2266235352,61219,61230,11
12.8462400436,80.2266082764,61230,61240,10
12.8470096588,80.226600647,61240,61250,10
12.8479204178,80.226600647,61250,61260,10
12.8488998413,80.2265930176,61260,61270,10
12.8497600555,80.2265777588,61270,61280,10
12.8500795364,80.2265625,61280,61290,10
12.8502502441,80.2265625,61290,61300,10
12.8508300781,80.2265930176,61300,61311,11
12.8517303467,80.2266311646,61311,61321,10
12.852689743,80.2266769409,61321,61331,10
12.8537302017,80.2266387939,61331,61341,10
12.85476017,80.2265472412,61341,61351,10
12.8558702469,80.2264404297,61351,61361,10
12.8570098877,80.2263412476,61361,61371,10
12.8580303192,80.226272583,61371,61381,10
12.859000206,80.2263336182,61381,61392,11
12.8601303101,80.2264862061,61392,61402,10
12.8607597351,80.2265625,61402,61412,10
12.8607702255,80.2265625,61412,61422,10
12.8608999252,80.2265777588,61422,61432,10
12.8613395691,80.2265930176,61432,61442,10
12.8621101379,80.2265625,61442,61452,10
12.8630504608,80.2265090942,61452,61462,10
12.8640804291,80.2265396118,61462,61472,10
12.8652696609,80.226600647,61472,61483,11
12.8662996292,80.2265701294,61483,61493,10
12.8674097061,80.2264785767,61493,61503,10
12.8684797287,80.2264022827,61503,61513,10
12.8695602417,80.2265014648,61513,61523,10
12.8705301285,80.2266235352,61523,61533,10
12.8714895248,80.2266693115,61533,61543,10
12.8724298477,80.2266769409,61543,61553,10
12.8729801178,80.2266693115,61553,61564,11
12.8730201721,80.2266693115,61564,61574,10
12.8734397888,80.2266998291,61574,61584,10
12.8741397858,80.2267532349,61584,61595,11
12.874830246,80.2268295288,61595,61605,10
12.8758001328,80.2269210815,61605,61615,10
12.8761997223,80.2269363403,61615,61646,31
12.8761997223,80.2269363403,61646,61656,10
12.8762798309,80.2269897461,61656,61666,10
12.876449585,80.2269515991,61666,61676,10
12.8765897751,80.2269210815,61676,61686,10
12.8767595291,80.2269363403,61686,61696,10
12.8767995834,80.2269668579,61696,61706,10
12.8771400452,80.2269287109,61706,61716,10
12.8777999878,80.2268600464,61716,61727,11
12.8787403107,80.2267913818,61727,61737,10
12.8797397614,80.2267379761,61737,61747,10
12.8808603287,80.2267379761,61747,61756,9
12.8819103241,80.2267227173,61756,61767,11
12.8832197189,80.2267074585,61767,61777,10
12.884349823,80.2266998291,61777,61787,10
12.8850402832,80.2266998291,61787,61797,10
12.8851604462,80.2267227173,61797,61808,11
12.8854904175,80.2267608643,61808,61818,10
12.8861103058,80.2269210815,61818,61828,10
12.8869304657,80.227142334,61828,61838,10
12.8879098892,80.2273025513,61838,61848,10
12.8889598846,80.2273788452,61848,61858,10
12.8900098801,80.2273788452,61858,61868,10
12.8911304474,80.2273788452,61868,61878,10
12.8922195435,80.2273864746,61878,61889,11
12.8932199478,80.2275085449,61889,61899,10
12.8942899704,80.2276306152,61899,61909,10
12.8954401016,80.2276763916,61909,61919,10
12.8965902328,80.2277297974,61919,61929,10
12.8977899551,80.2277908325,61929,61939,10
12.8989400864,80.2278594971,61939,61949,10
12.899939537,80.2279205322,61949,61959,10
12.9006795883,80.2279205322,61959,62020,61
12.9006795883,80.2279205322,62020,62030,10
12.9008102417,80.2280197144,62030,62040,10
12.9013004303,80.2280807495,62040,62051,11
12.9026603699,80.2281112671,62051,62071,20
12.9026603699,80.2281112671,62071,62081,10
12.9029397964,80.2281112671,62081,62091,10
12.9036598206,80.2281570435,62091,62101,10
12.9046297073,80.2282104492,62101,62111,10
12.9057197571,80.2282562256,62111,62121,10
12.9062995911,80.2282867432,62121,62132,11
12.9067697525,80.2283096313,62132,62142,10
12.9073095322,80.2283782959,62142,62152,10
12.9082803726,80.2285232544,62152,62162,10
12.9095802307,80.228729248,62162,62172,10
12.9111003876,80.2289733887,62172,62182,10
12.9126501083,80.2291870117,62182,62192,10
12.9139099121,80.2293167114,62192,62213,21
12.9139099121,80.2293167114,62213,62223,10
12.9141101837,80.2293624878,62223,62233,10
12.9147996902,80.2294616699,62233,62243,10
12.9158401489,80.2296066284,62243,62253,10
12.9170598984,80.2297897339,62253,62263,10
12.9183502197,80.2299728394,62263,62273,10
12.919549942,80.2301177979,62273,62283,10
12.9208297729,80.2302474976,62283,62294,11
12.9223899841,80.2304992676,62294,62304,10
12.9238996506,80.2307128906,62304,62314,10
12.9252796173,80.2308578491,62314,62324,10
12.9262895584,80.2309570313,62324,62334,10
12.9263896942,80.23097229,62334,62344,10
12.9265403748,80.2310180664,62344,62354,10
12.9271602631,80.2311019897,62354,62364,10
12.9280996323,80.2312164307,62364,62375,11
12.9293498993,80.2314300537,62375,62385,10
12.9306697845,80.2317428589,62385,62395,10
12.9320898056,80.2322006226,62395,62405,10
12.9333095551,80.2326202393,62405,62415,10
12.9336099625,80.232749939,62415,62425,10
12.9337596893,80.2328262329,62425,62435,10
12.9343900681,80.2331314087,62435,62445,10
12.9353399277,80.2335662842,62445,62456,11
12.9361200333,80.2339172363,62456,62466,10
12.9368095398,80.2342681885,62466,62476,10
12.9376296997,80.2346725464,62476,62486,10
12.9384803772,80.2350769043,62486,62496,10
12.9392995834,80.2354812622,62496,62506,10
12.9395399094,80.2356033325,62506,62516,10
12.9396600723,80.2356719971,62516,62526,10
12.9402399063,80.2359008789,62526,62537,11
12.941280365,80.2361679077,62537,62547,10
12.9423704147,80.2364501953,62547,62557,10
12.9433403015,80.2370223999,62557,62567,10
12.9440698624,80.2377700806,62567,62577,10
12.9448900223,80.2386932373,62577,62587,10
12.9458398819,80.2394638062,62587,62597,10
12.9468297958,80.2398681641,62597,62607,10
12.9472398758,80.240020752,62607,62618,11
12.9472503662,80.240020752,62618,62628,10
12.9474401474,80.2401199341,62628,62638,10
12.9479398727,80.2403106689,62638,62648,10
12.94851017,80.2405166626,62648,62658,10
12.9490299225,80.2407226563,62658,62668,10
12.9497003555,80.2409820557,62668,62678,10
12.950920105,80.241317749,62678,62699,21
12.950920105,80.241317749,62699,62709,10
12.9510498047,80.2413635254,62709,62719,10
12.9511299133,80.2414016724,62719,62729,10
12.9514799118,80.2415390015,62729,62739,10
12.9521398544,80.2417831421,62739,62749,10
12.9529495239,80.2420883179,62749,62759,10
12.9537696838,80.2424163818,62759,62769,10
12.9540596008,80.2425308228,62769,62780,11
12.9548597336,80.2428436279,62780,62790,10
12.9555997849,80.2430877686,62790,62800,10
12.9563598633,80.243309021,62800,62810,10
12.9567604065,80.2434997559,62810,62820,10
12.9574098587,80.2438278198,62820,62830,10
12.9585399628,80.2443313599,62830,62850,20
12.9585399628,80.2443313599,62850,62861,11
12.9589099884,80.2445373535,62861,62871,10
12.9594802856,80.2447814941,62871,62881,10
12.9610500336,80.2454605103,62881,62891,10
12.9610500336,80.2454605103,62891,62901,10
12.9619903564,80.2459106445,62901,62911,10
12.96296978,80.2464065552,62911,62952,41
12.96296978,80.2464065552,62952,62962,10
12.9629898071,80.2464904785,62962,62972,10
12.9632997513,80.2466430664,62972,62982,10
12.9639196396,80.2469100952,62982,62992,10
12.9646501541,80.2471618652,62992,63002,10
12.9654798508,80.2474365234,63002,63012,10
12.9661502838,80.2476882935,63012,63022,10
12.9662599564,80.2477416992,63022,63033,11
12.9665002823,80.2478408813,63033,63043,10
12.9667196274,80.2479629517,63043,63053,10
12.9670000076,80.248046875,63053,63063,10
12.9671096802,80.2481231689,63063,63073,10
12.9675502777,80.2483215332,63073,63083,10
12.9683103561,80.2486572266,63083,63093,10
12.9692401886,80.2490615845,63093,63103,10
12.970199585,80.2494506836,63103,63114,11
12.9710903168,80.2497406006,63114,63124,10
12.9720602036,80.2499771118,63124,63134,10
12.9731397629,80.2502593994,63134,63144,10
12.9743204117,80.250579834,63144,63153,9
12.9753799438,80.250869751,63153,63164,11
12.9766902924,80.2512435913,63164,63174,10
12.9777002335,80.251739502,63174,63184,10
12.9785404205,80.2523574829,63184,63245,61
12.9785404205,80.2523574829,63245,63255,10
12.9788103104,80.2524871826,63255,63265,10
12.9793395996,80.2525787354,63265,63306,41
12.9793395996,80.2525787354,63306,63316,10
12.9797000885,80.2526016235,63316,63326,10
12.9802904129,80.2526321411,63326,63336,10
12.9809999466,80.2526092529,63336,63346,10
12.9817199707,80.2525863647,63346,63357,11
12.9824199677,80.2525634766,63357,63367,10
12.9828596115,80.2525100708,63367,63488,121
12.9828596115,80.2525100708,63488,63498,10
12.9830503464,80.2525405884,63498,63508,10
12.9833402634,80.2525100708,63508,63519,11
12.9838895798,80.2523880005,63519,63529,10
12.9844799042,80.252243042,63529,63539,10
12.9848403931,80.2521362305,63539,63549,10
12.9852800369,80.2520065308,63549,63559,10
12.9860296249,80.2518005371,63559,63569,10
12.9867296219,80.2516174316,63569,63579,10
12.9871797562,80.2514801025,63579,63589,10
12.987660408,80.2513504028,63589,63600,11
12.988360405,80.2511978149,63600,63610,10
12.9891004562,80.2510070801,63610,63620,10
12.9895496368,80.250869751,63620,63630,10
12.9895601273,80.250869751,63630,63640,10
12.9897298813,80.250869751,63640,63650,10
12.9902801514,80.2507629395,63650,63660,10
12.9909896851,80.2505874634,63660,63670,10
12.9920301437,80.250328064,63670,63681,11
12.9931697845,80.250038147,63681,63691,10
12.9942903519,80.2497406006,63691,63701,10
12.9953804016,80.2494812012,63701,63711,10
12.9964599609,80.2491912842,63711,63721,10
12.9968795776,80.2490692139,63721,63731,10
12.9974298477,80.2489395142,63731,63741,10
12.9982995987,80.2487335205,63741,63751,10
12.999329567,80.2484664917,63751,63762,11
13.0004796982,80.2481765747,63762,63772,10
13.001449585,80.2479400635,63772,63782,10
13.0019197464,80.2478179932,63782,63792,10
13.0021400452,80.2477722168,63792,63802,10
13.0026302338,80.2476501465,63802,63812,10
13.0034704208,80.2474975586,63812,63822,10
13.0045003891,80.2473602295,63822,63832,10
13.0053901672,80.2472229004,63832,63843,11
13.0059299469,80.2470779419,63843,63853,10
13.0062999725,80.2468032837,63853,63863,10
13.006480217,80.2464981079,63863,63873,10
13.0064897537,80.2464981079,63873,63883,10
13.0065603256,80.2462615967,63883,63893,10
13.0065898895,80.2457427979,63893,63903,10
13.0066099167,80.2453994751,63903,63913,10
13.0066099167,80.2450714111,63913,63924,11
13.0066003799,80.2446975708,63924,63934,10
13.0065898895,80.2444000244,63934,63944,10
13.0066099167,80.2442016602,63944,63954,10
13.0066003799,80.2438583374,63954,63964,10
13.0065698624,80.243522644,63964,63974,10
13.0065402985,80.2427978516,63974,63984,10
13.006529808,80.2419281006,63984,63994,10
13.0065402985,80.2415313721,63994,64005,11
13.0066204071,80.2411422729,64005,64015,10
13.0067501068,80.2404098511,64015,64025,10
13.006939888,80.2393417358,64025,64035,10
13.0071296692,80.2383117676,64035,64045,10
13.0072898865,80.2375869751,64045,64055,10
13.0074100494,80.2370223999,64055,64065,10
13.0074100494,80.2370071411,64065,64075,10
13.0074796677,80.2367782593,64075,64086,11
13.0076198578,80.236076355,64086,64096,10
13.0077896118,80.2351837158,64096,64116,20
13.0077896118,80.2351837158,64116,64126,10
13.0078201294,80.2350387573,64126,64136,10
13.0079202652,80.2345504761,64136,64146,10
13.008099556,80.2337417603,64146,64156,10
13.0083198547,80.2326202393,64156,64167,11
13.0085697174,80.2313079834,64167,64177,10
13.0087995529,80.2300491333,64177,64187,10
13.0090398788,80.2288284302,64187,64197,10
13.0093297958,80.2278289795,64197,64207,10
13.0098199844,80.2267837524,64207,64217,10
13.0103197098,80.2257232666,64217,64227,10
13.0108299255,80.2246932983,64227,64237,10
13.0110702515,80.2240905762,64237,64248,11
13.0112495422,80.2238311768,64248,64258,10
13.0114402771,80.2233123779,64258,64268,10
13.0117301941,80.2224578857,64268,64278,10
13.0120401382,80.2216262817,64278,64288,10
13.0123996735,80.2217178345,64288,64298,10
13.0128803253,80.2223129272,64298,64308,10
13.0133895874,80.2228622437,64308,64318,10
13.0138502121,80.2233505249,64318,64329,11
13.0141000748,80.2236175537,64329,64339,10
13.0144195557,80.2240219116,64339,64349,10
13.0151100159,80.2247161865,64349,64369,20
13.0151100159,80.2247161865,64369,64379,10
13.0151996613,80.224822998,64379,64389,10
13.0155000687,80.2250900269,64389,64399,10
13.0160903931,80.2253799438,64399,64410,11
13.0169801712,80.2251663208,64410,64420,10
13.017780304,80.224822998,64420,64430,10
13.0186195374,80.2244720459,64430,64440,10
13.0195798874,80.2244110107,64440,64460,20
13.0195798874,80.2244110107,64460,64470,10
13.019659996,80.2245101929,64470,64480,10
13.0198402405,80.224609375,64480,64491,11
13.0201597214,80.2248535156,64491,64501,10
13.0205402374,80.2250976563,64501,64511,10
13.0209102631,80.2253417969,64511,64521,10
13.0210504532,80.2255020142,64521,65260,739
13.0211496353,80.2257766724,65260,65422,162
13.0211496353,80.2257766724,65422,65432,10
13.0214996338,80.2258682251,65432,65442,10
13.0218000412,80.2260437012,65442,65452,10
13.022069931,80.2262573242,65452,65463,11
13.0225200653,80.2266387939,65463,65473,10
13.0228996277,80.2269821167,65473,65483,10
13.0232896805,80.2273406982,65483,65493,10
13.0236797333,80.2276763916,65493,65503,10
13.0240001678,80.2279968262,65503,65513,10
13.0243797302,80.2284164429,65513,65564,51
13.0243797302,80.2284164429,65564,65574,10
13.0243797302,80.2285614014,65574,65584,10
13.0242700577,80.2286224365,65584,65594,10
13.0240802765,80.2284698486,65594,65604,10
13.0238599777,80.2281417847,65604,65614,10
13.0234298706,80.2276916504,65614,65675,61
13.0234298706,80.2276916504,65675,65685,10
13.0232801437,80.2274780273,65685,65888,203
13.0232801437,80.2274780273,65888,65898,10
13.0231704712,80.2273406982,65898,65908,10
13.0229301453,80.2270889282,65908,65918,10
13.0225496292,80.2267303467,65918,65928,10
13.0220499039,80.2263412476,65928,65938,10
13.0214996338,80.2258987427,65938,65949,11
13.0208597183,80.2253799438,65949,65959,10
13.0198097229,80.2246627808,65959,65989,30
13.0198097229,80.2246627808,65989,65999,10
13.0197696686,80.224647522,65999,66009,10
13.0194597244,80.2244873047,66009,66019,10
13.0188703537,80.2244262695,66019,66030,11
13.0181303024,80.2247009277,66030,66040,10
13.017370224,80.2250213623,66040,66050,10
13.0166196823,80.2253265381,66050,66060,10
13.0159597397,80.2255706787,66060,66070,10
13.0152797699,80.2258224487,66070,66080,10
13.0143404007,80.2261810303,66080,66100,20
13.0143404007,80.2261810303,66100,66111,11
13.0143003464,80.2262115479,66111,66121,10
13.013999939,80.2263336182,66121,66131,10
13.0135297775,80.2265014648,66131,66141,10
13.0129404068,80.2267379761,66141,66151,10
13.0122900009,80.2269973755,66151,66161,10
13.0115699768,80.2272567749,66161,66171,10
13.0108604431,80.2275466919,66171,66181,10
13.0101099014,80.2278671265,66181,66192,11
13.0093297958,80.2282180786,66192,66202,10
13.0090904236,80.228843689,66202,66212,10
13.0090198517,80.2294464111,66212,66222,10
13.0089197159,80.2300186157,66222,66232,10
13.0088300705,80.2304992676,66232,66242,10
13.0087795258,80.2308578491,66242,66252,10
13.0087003708,80.2312011719,66252,66262,10
13.0086202621,80.2315826416,66262,66273,11
13.0085296631,80.2322006226,66273,66283,10
13.0084400177,80.2325897217,66283,66293,10
13.0083799362,80.2329788208,66293,66303,10
13.0082902908,80.2334671021,66303,66354,51
13.0082902908,80.2334671021,66354,66364,10
13.0081596375,80.2337417603,66364,66374,10
13.008099556,80.2339935303,66374,66394,20
13.008099556,80.2339935303,66394,66404,10
13.0080499649,80.23412323,66404,66414,10
13.008020401,80.2344436646,66414,66424,10
13.0079498291,80.2348098755,66424,66435,11
13.0078201294,80.2354507446,66435,66445,10
13.0076999664,80.2361221313,66445,66455,10
13.0076198578,80.2365188599,66455,66465,10
13.0075702667,80.2368087769,66465,66475,10
13.0074901581,80.2371902466,66475,66485,10
13.0074300766,80.237411499,66485,66495,10
13.0073795319,80.2377700806,66495,66505,10
13.0072898865,80.2382888794,66505,66516,11
13.0071897507,80.2388381958,66516,66526,10
13.0071296692,80.2391433716,66526,66566,40
13.0070896149,80.2394790649,66566,66750,184
13.0070896149,80.2394790649,66750,66761,11
13.0070104599,80.2398910522,66761,66771,10
13.0069303513,80.2403182983,66771,66781,10
13.0068798065,80.2406311035,66781,66801,20
13.0068798065,80.2406311035,66801,66811,10
13.0067796707,80.2410125732,66811,66821,10
13.0067501068,80.2415237427,66821,66831,10
13.0067396164,80.2422485352,66831,66842,11
13.0066900253,80.2431793213,66842,66852,10
13.0066995621,80.2438812256,66852,66862,10
13.0067195892,80.244720459,66862,66872,10
13.0067195892,80.2459335327,66872,66902,30
13.0067195892,80.2459335327,66902,66912,10
13.0067501068,80.2464065552,66912,66923,11
13.0067796707,80.2468490601,66923,66933,10
13.0066204071,80.2473068237,66933,66943,10
13.0061397552,80.2473831177,66943,66963,20
13.0061397552,80.2473831177,66963,66973,10
13.0058803558,80.2473983765,66973,66983,10
13.005399704,80.2473602295,66983,66993,10
13.0047597885,80.2473831177,66993,67004,11
13.0039196014,80.247467041,67004,67014,10
13.0031404495,80.2475967407,67014,67024,10
13.0024204254,80.247718811,67024,67034,10
13.0017700195,80.2478790283,67034,67044,10
13.0009498596,80.2481002808,67044,67054,10
13.0000200272,80.248336792,67054,67064,10
12.9991502762,80.2485580444,67064,67074,10
12.9983997345,80.2487716675,67074,67085,11
12.9981403351,80.248840332,67085,67095,10
12.9980802536,80.2488632202,67095,67105,10
12.9976902008,80.2489395142,67105,67115,10
12.9970798492,80.2490692139,67115,67125,10
12.9963502884,80.2492370605,67125,67135,10
12.9955396652,80.2494430542,67135,67145,10
12.9946603775,80.249671936,67145,67155,10
12.9937801361,80.2499008179,67155,67166,11
12.9928398132,80.2501220703,67166,67176,10
12.9923601151,80.2502365112,67176,67186,10
12.9923095703,80.2502593994,67186,67196,10
12.9922704697,80.2502670288,67196,67206,10
12.9919595718,80.2503509521,67206,67216,10
12.9915800095,80.2504501343,67216,67226,10
12.9911203384,80.250579834,67226,67247,21
12.9911203384,80.250579834,67247,67257,10
12.9908103943,80.2506484985,67257,67267,10
12.9903097153,80.2507705688,67267,67277,10
12.9898195267,80.2508773804,67277,67287,10
12.9894695282,80.2509613037,67287,67297,10
12.9892396927,80.2509918213,67297,67307,10
12.9888801575,80.2510375977,67307,67753,446
12.9888801575,80.2510375977,67753,67763,10
12.9885702133,80.2511672974,67763,67773,10
12.988240242,80.2512588501,67773,67783,10
12.9877700806,80.2513809204,67783,67793,10
12.9873504639,80.2514877319,67793,67803,10
12.9869804382,80.2516021729,67803,67814,11
12.9865198135,80.2517166138,67814,67824,10
12.9859199524,80.2518615723,67824,67834,10
12.9850797653,80.2520599365,67834,67844,10
12.9841499329,80.2523193359,67844,67854,10
12.983130455,80.2525405884,67854,67864,10
12.9820995331,80.2526168823,67864,67874,10
12.9812002182,80.2526626587,67874,67884,10
12.9805698395,80.2526931763,67884,67895,11
12.9804096222,80.2527236938,67895,67905,10
12.9802103043,80.2527389526,67905,67915,10
12.97976017,80.2526779175,67915,67925,10
12.9792003632,80.2526016235,67925,67935,10
12.9787597656,80.2525634766,67935,67945,10
12.9787397385,80.2525634766,67945,67955,10
12.9785604477,80.2525100708,67955,67965,10
12.9781799316,80.252281189,67965,67976,11
12.977689743,80.2518386841,67976,67986,10
12.9770698547,80.2514038086,67986,67996,10
12.9763002396,80.2511367798,67996,68006,10
12.9754896164,80.2509002686,68006,68016,10
12.9745903015,80.250617981,68016,68026,10
12.9736404419,80.2503585815,68026,68036,10
12.9727201462,80.2501220703,68036,68046,10
12.9717903137,80.2498703003,68046,68056,10
12.970870018,80.2496185303,68056,68067,11
12.9698896408,80.2492828369,68067,68077,10
12.9689998627,80.248916626,68077,68087,10
12.9682102203,80.2486572266,68087,68097,10
12.9674797058,80.2483596802,68097,68107,10
12.9671096802,80.2481994629,68107,68117,10
12.9668397903,80.2480392456,68117,68127,10
12.9664297104,80.2478179932,68127,68137,10
12.9658403397,80.2475814819,68137,68148,11
12.9652996063,80.2473983765,68148,68168,20
12.9652996063,80.2473983765,68168,68178,10
12.965180397,80.2473602295,68178,68188,10
12.9645996094,80.2471618652,68188,68208,20
12.9645996094,80.2471618652,68208,68218,10
12.9644699097,80.2470932007,68218,68229,11
12.9643096924,80.2470169067,68229,68239,10
12.9640102386,80.2469177246,68239,68249,10
12.9635696411,80.2467498779,68249,68259,10
12.9629802704,80.246421814,68259,68269,10
12.9622898102,80.2460708618,68269,68279,10
12.9614896774,80.2456665039,68279,68289,10
12.960650444,80.2452774048,68289,68299,10
12.9598703384,80.2449493408,68299,68310,11
12.9594497681,80.2447662354,68310,68330,20
12.9594497681,80.2447662354,68330,68340,10
12.9591398239,80.2446212769,68340,68350,10
12.9586400986,80.2443695068,68350,68360,10
12.9580097198,80.2441101074,68360,68370,10
12.9578304291,80.2440414429,68370,68380,10
12.9576101303,80.2439575195,68380,68391,11
12.9570102692,80.2437820435,68391,68401,10
12.9564399719,80.243637085,68401,68411,10
12.9563598633,80.2436218262,68411,68421,10
12.9559602737,80.2434234619,68421,68431,10
12.9553604126,80.2430725098,68431,68441,10
12.9546403885,80.242729187,68441,68451,10
12.9538202286,80.2423782349,68451,68461,10
12.9529695511,80.2420425415,68461,68472,11
12.9521198273,80.2417221069,68472,68482,10
12.9518203735,80.2416534424,68482,68492,10
12.9517402649,80.2416305542,68492,68502,10
12.9513397217,80.2414779663,68502,68512,10
12.9506998062,80.2412490845,68512,68522,10
12.9498100281,80.2409820557,68522,68542,20
12.9498100281,80.2409820557,68542,68553,11
12.9495601654,80.2408905029,68553,68563,10
12.9490804672,80.240737915,68563,68573,10
12.948390007,80.240447998,68573,68583,10
12.9476099014,80.2401199341,68583,68593,10
12.9471998215,80.2399597168,68593,68603,10
12.9471702576,80.2399520874,68603,68613,10
12.9469404221,80.2398605347,68613,68623,10
12.9464502335,80.2396621704,68623,68634,11
12.9457101822,80.2393417358,68634,68644,10
12.945019722,80.2388916016,68644,68654,10
12.9443702698,80.238243103,68654,68664,10
12.9437103271,80.2375411987,68664,68674,10
12.9430799484,80.2368621826,68674,68684,10
12.942199707,80.236366272,68684,68694,10
12.9412002563,80.2361221313,68694,68704,10
12.9398202896,80.2357635498,68704,68725,21
12.9398202896,80.2357635498,68725,68735,10
12.9395599365,80.2356414795,68735,68745,10
12.9390296936,80.2353591919,68745,68755,10
12.9383602142,80.2350234985,68755,68765,10
12.9375896454,80.23462677,68765,68775,10
12.9367599487,80.2342224121,68775,68785,10
12.9359397888,80.2338409424,68785,68796,11
12.9351396561,80.2334671021,68796,68806,10
12.9343996048,80.2331314087,68806,68816,10
12.9340000153,80.2329788208,68816,68826,10
12.9339704514,80.232963562,68826,68836,10
12.9338302612,80.2329025269,68836,68846,10
12.9333200455,80.2326583862,68846,68856,10
12.9326000214,80.2323684692,68856,68866,10
12.9317598343,80.232093811,68866,68877,11
12.9307804108,80.2317581177,68877,68887,10
12.9298400879,80.2315216064,68887,68897,10
12.9289999008,80.231338501,68897,68907,10
12.9280996323,80.2311706543,68907,68917,10
12.9271497726,80.2310562134,68917,68927,10
12.9263801575,80.2309799194,68927,68937,10
12.9260797501,80.2309494019,68937,68947,10
12.9259796143,80.2309265137,68947,68958,11
12.9254302979,80.2308578491,68958,68968,10
12.9247398376,80.2307662964,68968,68978,10
12.9239301682,80.230682373,68978,68988,10
12.9230203629,80.2305374146,68988,68998,10
12.9219799042,80.2303619385,68998,69008,10
12.9208498001,80.2302017212,69008,69018,10
12.9197301865,80.2300567627,69018,69028,10
12.9186401367,80.2299194336,69028,69039,11
12.9174499512,80.2297668457,69039,69049,10
12.9163703918,80.2296218872,69049,69059,10
12.9152898788,80.2294616699,69059,69069,10
12.9142999649,80.2293319702,69069,69079,10
12.9132900238,80.2292404175,69079,69099,20
12.9132900238,80.2292404175,69099,69109,10
12.9132099152,80.2292175293,69109,69120,11
12.9127397537,80.2291412354,69120,69130,10
12.9120798111,80.2290420532,69130,69140,10
12.9112997055,80.2289123535,69140,69150,10
12.9104204178,80.2287826538,69150,69160,10
12.9095001221,80.2286224365,69160,69170,10
12.9085302353,80.2284622192,69170,69180,10
12.9076900482,80.2283401489,69180,69190,10
12.9072198868,80.2283096313,69190,69221,31
12.9072198868,80.2283096313,69221,69231,10
12.9068098068,80.2282409668,69231,69241,10
12.9062299728,80.2281570435,69241,69261,20
12.9062299728,80.2281570435,69261,69271,10
12.9060001373,80.2281036377,69271,69282,11
12.9054603577,80.2280883789,69282,69292,10
12.9047803879,80.2280578613,69292,69302,10
12.9042396545,80.2280578613,69302,69322,20
12.9042396545,80.2280578613,69322,69332,10
12.9039001465,80.2280731201,69332,69342,10
12.9034099579,80.2280502319,69342,69352,10
12.9031600952,80.228012085,69352,69363,11
12.9025697708,80.2279586792,69363,69373,10
12.9019002914,80.2279434204,69373,69403,30
12.9019002914,80.2279434204,69403,69413,10
12.9015398026,80.2279129028,69413,69626,213
12.9015398026,80.2279129028,69626,69636,10
12.9013004303,80.2279434204,69636,69646,10
12.9010896683,80.2279586792,69646,69656,10
12.900639534,80.2278823853,69656,69666,10
12.9002599716,80.2278518677,69666,69676,10
12.8998498917,80.2278137207,69676,69687,11
12.899479866,80.2278137207,69687,69697,10
12.8993501663,80.2277984619,69697,69707,10
12.8992300034,80.2278137207,69707,69717,10
12.899020195,80.2277984619,69717,69727,10
12.8984899521,80.2277603149,69727,69737,10
12.8978099823,80.227722168,69737,69747,10
12.8969802856,80.2276916504,69747,69757,10
12.8960800171,80.2276382446,69757,69768,11
12.8951396942,80.2276229858,69768,69778,10
12.8942098618,80.2275695801,69778,69788,10
12.893239975,80.2274627686,69788,69798,10
12.8924198151,80.2273635864,69798,69808,10
12.8915395737,80.2273178101,69808,69818,10
12.8905496597,80.2273330688,69818,69828,10
12.8895196915,80.2273406982,69828,69838,10
12.8885202408,80.2273178101,69838,69849,11
12.8873996735,80.2272109985,69849,69859,10
12.8864002228,80.2270126343,69859,69869,10
12.8854999542,80.2267837524,69869,69879,10
12.8849096298,80.2266998291,69879,69889,10
12.8848104477,80.2266998291,69889,69899,10
12.8846998215,80.2266998291,69899,69909,10
12.8842697144,80.2266921997,69909,69919,10
12.8835897446,80.2266998291,69919,69930,11
12.8826503754,80.2267074585,69930,69940,10
12.8816900253,80.2267227173,69940,69950,10
12.8806800842,80.2267227173,69950,69960,10
12.8796300888,80.2267303467,69960,69970,10
12.8785495758,80.2267684937,69970,69980,10
12.8775396347,80.2268295288,69980,69990,10
12.8766698837,80.2269134521,69990,70000,10
12.8763904572,80.2269287109,70000,70011,11
12.876250267,80.2269287109,70011,70021,10
12.8757801056,80.2269287109,70021,70031,10
12.8750400543,80.2268600464,70031,70041,10
12.8741102219,80.2267532349,70041,70051,10
12.8731803894,80.2266693115,70051,70061,10
12.8722496033,80.2266464233,70061,70071,10
12.8712997437,80.2266387939,70071,70081,10
12.8709602356,80.2266235352,70081,70092,11
12.8702898026,80.2265777588,70092,70102,10
12.8694601059,80.2264862061,70102,70112,10
12.8685398102,80.2263870239,70112,70122,10
12.8675804138,80.2264099121,70122,70132,10
12.8665895462,80.2265014648,70132,70142,10
12.8655500412,80.2265625,70142,70152,10
12.8645000458,80.2265396118,70152,70162,10
12.8634500504,80.2265014648,70162,70173,11
12.8623504639,80.2265396118,70173,70183,10
12.861410141,80.2265625,70183,70193,10
12.8606395721,80.2265319824,70193,70203,10
12.8597002029,80.2264022827,70203,70213,10
12.8588600159,80.226272583,70213,70223,10
12.8581495285,80.2262268066,70223,70233,10
12.857170105,80.226272583,70233,70243,10
12.8560695648,80.2263793945,70243,70254,11
12.8548603058,80.2265167236,70254,70264,10
12.8537397385,80.2266387939,70264,70274,10
12.8525896072,80.2266769409,70274,70284,10
12.8513803482,80.2266311646,70284,70294,10
12.8503198624,80.226600647,70294,70304,10
12.8497600555,80.2266082764,70304,70314,10
12.8495397568,80.2266082764,70314,70324,10
12.8489303589,80.2265930176,70324,70335,11
12.8480195999,80.2265930176,70335,70345,10
12.8470497131,80.2265930176,70345,70355,10
12.8460903168,80.2265930176,70355,70365,10
12.8453998566,80.2266235352,70365,70375,10
12.8453102112,80.2266235352,70375,70385,10
12.8451004028,80.2266082764,70385,70395,10
12.8445997238,80.2266311646,70395,70405,10
12.843870163,80.2266998291,70405,70416,11
12.842880249,80.2268295288,70416,70426,10
12.8419399261,80.2270431519,70426,70436,10
12.8409204483,80.2273025513,70436,70446,10
12.8401298523,80.2275238037,70446,70456,10
12.8397102356,80.2276077271,70456,70466,10
12.8393201828,80.2277297974,70466,70476,10
12.8385601044,80.2279434204,70476,70486,10
12.8376197815,80.2281570435,70486,70497,11
12.8364496231,80.2283401489,70497,70507,10
12.8353395462,80.2285232544,70507,70517,10
12.8342695236,80.2287063599,70517,70527,10
12.8332195282,80.2288970947,70527,70537,10
12.8324203491,80.2290725708,70537,70547,10
12.8322696686,80.2291030884,70547,70557,10
12.8321399689,80.229133606,70557,70567,10
12.8317499161,80.2292175293,70567,70578,11
12.8310804367,80.2294006348,70578,70588,10
12.8303899765,80.2296295166,70588,70598,10
12.8295001984,80.2299575806,70598,70608,10
12.8285503387,80.2303695679,70608,70618,10
12.827630043,80.2308807373,70618,70628,10
12.8267002106,80.2312469482,70628,70638,10
12.8258600235,80.2313613892,70638,70648,10
12.8256196976,80.2313613892,70648,70659,11
12.8251495361,80.2313766479,70659,70669,10
12.8244304657,80.2312927246,70669,70679,10
12.8235702515,80.2310562134,70679,70689,10
12.8226203918,80.2307510376,70689,70699,10
12.8216600418,80.2304916382,70699,70709,10
12.8206701279,80.2304077148,70709,70719,10
12.8198204041,80.2304534912,70719,70729,10
12.8189296722,80.2304229736,70729,70739,10
12.8180398941,80.2300567627,70739,70750,11
12.8170204163,80.2296066284,70750,70760,10
12.8159303665,80.2293777466,70760,70770,10
12.8148097992,80.2292175293,70770,70780,10
12.8137102127,80.2289886475,70780,70790,10
12.8126802444,80.2286529541,70790,70800,10
12.8116598129,80.2282791138,70800,70810,10
12.8106403351,80.2278900146,70810,70820,10
12.8096399307,80.2274703979,70820,70831,11
12.808719635,80.2268676758,70831,70841,10
12.8079395294,80.2262268066,70841,70851,10
12.8072299957,80.2256317139,70851,70861,10
12.8066396713,80.2250976563,70861,70871,10
12.8060703278,80.2246017456,70871,70881,10
12.8054895401,80.2241363525,70881,70891,10
12.804980278,80.2239608765,70891,70901,10
12.8049497604,80.2239608765,70901,70912,11
12.8046598434,80.2239227295,70912,70922,10
12.8041601181,80.2238693237,70922,70932,10
12.8035202026,80.2238311768,70932,70942,10
12.8027496338,80.2237472534,70942,70952,10
12.80189991,80.2236404419,70952,70962,10
12.8011198044,80.2235794067,70962,70972,10
12.8009595871,80.2235565186,70972,70982,10
12.8006896973,80.2235412598,70982,70993,11
12.8000001907,80.2234725952,70993,71003,10
12.7992401123,80.2234420776,71003,71013,10
12.7983398438,80.2233123779,71013,71023,10
12.7974100113,80.2231826782,71023,71033,10
12.7965602875,80.2230377197,71033,71043,10
12.7958698273,80.2229309082,71043,71053,10
12.79570961,80.2229003906,71053,71063,10
12.7952404022,80.2228164673,71063,71074,11
12.7944402695,80.2226791382,71074,71084,10
12.7935695648,80.2225418091,71084,71094,10
12.7925901413,80.2223815918,71094,71104,10
12.7916698456,80.2221603394,71104,71114,10
12.7907800674,80.2219390869,71114,71124,10
12.7899303436,80.2217178345,71124,71134,10
12.7894802094,80.2215576172,71134,71144,10
12.7893896103,80.2215194702,71144,71155,11
12.7890195847,80.2213897705,71155,71165,10
12.7884502411,80.2211837769,71165,71175,10
12.7877998352,80.220916748,71175,71185,10
12.7871799469,80.2206802368,71185,71195,10
12.7863998413,80.2203903198,71195,71225,30
12.7863998413,80.2203903198,71225,71236,11
12.7862596512,80.2203216553,71236,71246,10
12.7862300873,80.2203216553,71246,71256,10
12.7861099243,80.2203903198,71256,71266,10
12.7861204147,80.2206726074,71266,71276,10
12.7861499786,80.2209777832,71276,71286,10
12.7861604691,80.2213134766,71286,71296,10
12.7862195969,80.2216110229,71296,71884,588
12.7862195969,80.2216110229,71884,71894,10
12.7862901688,80.2217407227,71894,71904,10
12.786239624,80.2215270996,71904,71914,10
12.7861995697,80.2213668823,71914,71924,10
12.7861795425,80.2211608887,71924,71934,10
12.7861700058,80.2209014893,71934,71944,10
12.7861404419,80.220489502,71944,72005,61
12.7861404419,80.220489502,72005,72015,10
12.7862901688,80.2202224731,72015,72025,10
12.7864303589,80.2202835083,72025,72036,11
12.7864599228,80.2203292847,72036,72046,10
12.7867202759,80.2204589844,72046,72056,10
12.7871303558,80.2206268311,72056,72066,10
12.7876195908,80.2208099365,72066,72076,10
12.7881498337,80.221031189,72076,72086,10
12.788769722,80.221282959,72086,72096,10
12.7894296646,80.2215270996,72096,72106,10
12.7898597717,80.2216796875,72106,72117,11
12.7905397415,80.221862793,72117,72127,10
12.7913198471,80.2220535278,72127,72137,10
12.7922000885,80.2222671509,72137,72147,10
12.7931203842,80.222442627,72147,72157,10
12.7940397263,80.2225799561,72157,72167,10
12.7949495316,80.2227172852,72167,72177,10
12.7958498001,80.2228469849,72177,72187,10
12.7963399887,80.2229232788,72187,72198,11
12.7965803146,80.2229614258,72198,72208,10
12.797129631,80.2230606079,72208,72218,10
12.7978801727,80.2231826782,72218,72228,10
12.798740387,80.2232818604,72228,72238,10
12.7996301651,80.2233886719,72238,72248,10
12.8005304337,80.2234573364,72248,72258,10
12.8013296127,80.2235412598,72258,72268,10
12.8021202087,80.2236328125,72268,72279,11
12.8030500412,80.2237472534,72279,72289,10
12.8038597107,80.2238311768,72289,72299,10
12.804599762,80.2238922119,72299,72309,10
12.8052797318,80.2240219116,72309,72319,10
12.8055095673,80.2240905762,72319,72329,10
12.805560112,80.2241134644,72329,72339,10
12.8058900833,80.224357605,72339,72349,10
12.8064002991,80.2248077393,72349,72360,11
12.8070497513,80.225402832,72360,72370,10
12.8077001572,80.2259521484,72370,72380,10
12.8084402084,80.2265777588,72380,72390,10
12.8092403412,80.2272033691,72390,72400,10
12.8101501465,80.2276611328,72400,72410,10
12.8111200333,80.2280731201,72410,72420,10
12.8121004105,80.2284164429,72420,72430,10
12.8131103516,80.2287826538,72430,72440,10
12.8141298294,80.2290802002,72440,72451,11
12.8153095245,80.2292785645,72451,72461,10
12.8164396286,80.2294464111,72461,72471,10
12.8175401688,80.2297821045,72471,72481,10
12.8185300827,80.2302474976,72481,72491,10
12.8194303513,80.2304382324,72491,72501,10
12.8203296661,80.2304382324,72501,72511,10
12.8213396072,80.2304382324,72511,72521,10
12.8223199844,80.2306365967,72521,72532,11
12.8233804703,80.2309570313,72532,72542,10
12.8243198395,80.2311782837,72542,72552,10
12.8252496719,80.2313232422,72552,72562,10
12.8262395859,80.2312774658,72562,72572,10
12.8271903992,80.2311096191,72572,72582,10
12.8280496597,80.2306518555,72582,72592,10
12.8288898468,80.230178833,72592,72602,10
12.8295898438,80.2298583984,72602,72613,11
12.8306999207,80.2294311523,72613,72643,30
12.8306999207,80.2294311523,72643,72653,10
12.8307800293,80.2294006348,72653,72663,10
12.8311395645,80.2292785645,72663,72673,10
12.8315200806,80.2291412354,72673,72734,61
12.8315200806,80.2291412354,72734,72744,10
12.8316497803,80.2291183472,72744,72754,10
12.831990242,80.2290420532,72754,72764,10
12.8324604034,80.2289505005,72764,72775,11
12.8331804276,80.2288208008,72775,72785,10
12.8337202072,80.2287368774,72785,72795,10
12.8344297409,80.2286300659,72795,72805,10
12.8352499008,80.2285003662,72805,72815,10
12.8361196518,80.2283706665,72815,72825,10
12.836979866,80.2282409668,72825,72835,10
12.837679863,80.2281036377,72835,72845,10
12.838060379,80.2280197144,72845,72856,11
12.8382396698,80.2279815674,72856,72876,20
12.8382396698,80.2279815674,72876,72886,10
12.838549614,80.227897644,72886,72937,51
12.838549614,80.227897644,72937,72947,10
12.8388700485,80.2277984619,72947,72957,10
12.839099884,80.227722168,72957,72967,10
12.8392601013,80.2276611328,72967,72977,10
12.8392696381,80.2276535034,72977,72987,10
12.8394498825,80.2275619507,72987,72997,10
12.8397598267,80.2275085449,72997,73007,10
12.8402996063,80.2274169922,73007,73018,11
12.8410396576,80.2272415161,73018,73028,10
12.8417596817,80.2270584106,73028,73038,10
12.8424797058,80.2268981934,73038,73048,10
12.843290329,80.2267532349,73048,73058,10
12.8440904617,80.2266387939,73058,73068,10
12.8444795609,80.226600647,73068,73078,10
12.84471035,80.2265701294,73078,73088,10
12.8449401855,80.2265472412,73088,73099,11
12.8449602127,80.2265396118,73099,73109,10
12.8452396393,80.2265396118,73109,73129,20
12.8452396393,80.2265396118,73129,73139,10
12.8454399109,80.2265396118,73139,73149,10
12.8456296921,80.2265396118,73149,73159,10
12.8458995819,80.2265472412,73159,73169,10
12.8464298248,80.2265396118,73169,73180,11
12.8472204208,80.2265319824,73180,73190,10
12.847990036,80.2265319824,73190,73200,10
12.8487796783,80.2265167236,73200,73210,10
12.8494701385,80.2265090942,73210,73220,10
12.8499097824,80.2265014648,73220,73230,10
12.8499603271,80.2265014648,73230,73240,10
12.8500003815,80.2265396118,73240,73250,10
12.8503103256,80.2265396118,73250,73261,11
12.8509197235,80.2265625,73261,73271,10
12.8516302109,80.226600647,73271,73281,10
12.8524303436,80.2266387939,73281,73291,10
12.8532400131,80.2266387939,73291,73301,10
12.8539600372,80.2265777588,73301,73311,10
12.8546104431,80.2264709473,73311,73321,10
12.8551702499,80.2264022827,73321,73331,10
12.855629921,80.226348877,73331,73342,11
12.8558998108,80.2263183594,73342,73352,10
12.8562402725,80.2262878418,73352,73362,10
12.8568601608,80.2262268066,73362,73372,10
12.8574695587,80.2261581421,73372,73382,10
12.8578500748,80.2261428833,73382,73392,10
12.8580703735,80.2261276245,73392,73402,10
12.8582601547,80.2261505127,73402,73412,10
12.8585996628,80.2261810303,73412,73423,11
12.8593101501,80.226272583,73423,73433,10
12.8600902557,80.2263793945,73433,73443,10
12.8606996536,80.2264633179,73443,73453,10
12.8607597351,80.2264785767,73453,73463,10
12.8611097336,80.2265167236,73463,73473,10
12.8616895676,80.2265090942,73473,73483,10
12.862449646,80.2264709473,73483,73493,10
12.8633203506,80.2264404297,73493,73504,11
12.8643503189,80.2264785767,73504,73514,10
12.8653202057,80.2265167236,73514,73524,10
12.8662700653,80.2264785767,73524,73534,10
12.8672103882,80.2263870239,73534,73544,10
12.8682003021,80.2263183594,73544,73554,10
12.8691396713,80.2263717651,73554,73564,10
12.8702802658,80.2265014648,73564,73573,9
12.8711795807,80.2265625,73573,73585,12
12.872300148,80.2265777588,73585,73595,10
12.8728399277,80.2265930176,73595,73605,10
12.8729496002,80.2265930176,73605,73615,10
12.8733100891,80.2266082764,73615,73625,10
12.8738803864,80.2266464233,73625,73635,10
12.8746004105,80.2267532349,73635,73645,10
12.87541008,80.226852417,73645,73655,10
12.8761301041,80.2268829346,73655,73666,11
12.8765201569,80.226852417,73666,73676,10
12.8766202927,80.226852417,73676,73686,10
12.8768701553,80.2268295288,73686,73696,10
12.8774003983,80.2267837524,73696,73706,10
12.8781003952,80.2267303467,73706,73716,10
12.8788795471,80.2266769409,73716,73726,10
12.8797197342,80.2266464233,73726,73736,10
12.880610466,80.2266387939,73736,73747,11
12.8815803528,80.2266311646,73747,73757,10
12.8824701309,80.2266311646,73757,73767,10
12.8833799362,80.2266311646,73767,73777,10
12.8842201233,80.2266235352,73777,73789,12
12.8848800659,80.2266082764,73789,73799,10
12.8852701187,80.2266311646,73799,73809,10
12.8852796555,80.2266311646,73809,73819,10
12.8854598999,80.2266616821,73819,73830,11
12.8860197067,80.2268066406,73830,73840,10
12.8866901398,80.2269821167,73840,73850,10
12.8874797821,80.227142334,73850,73860,10
12.8883695602,80.2272415161,73860,73870,10
12.8893098831,80.2272567749,73870,73880,10
12.890250206,80.2272567749,73880,73890,10
12.8912000656,80.2272567749,73890,73900,10
12.8921403885,80.2272720337,73900,73911,11
12.8930501938,80.2273635864,73911,73921,10
12.8939399719,80.2274703979,73921,73931,10
12.8948402405,80.2275390625,73931,73941,10
12.8957195282,80.2275695801,73941,73951,10
12.8966703415,80.2276000977,73951,73961,10
12.8976402283,80.2276535034,73961,73971,10
12.8984003067,80.2276916504,73971,73981,10
12.8987903595,80.2276916504,73981,73992,11
12.899140358,80.227722168,73992,74002,10
12.8996601105,80.2277526855,74002,74012,10
12.9001703262,80.2277908325,74012,74022,10
12.9006900787,80.2278213501,74022,74032,10
12.9012002945,80.2278900146,74032,74042,10
12.9017801285,80.2279129028,74042,74052,10
12.9026203156,80.2279510498,74052,74113,61
12.9026203156,80.2279510498,74113,74123,10
12.9027996063,80.2279510498,74123,74133,10
12.903260231,80.2279891968,74133,74143,10
12.9038801193,80.2280197144,74143,74154,11
12.9045801163,80.2280883789,74154,74164,10
12.9051799774,80.2281265259,74164,74174,10
12.9054603577,80.2281265259,74174,74184,10
12.9056196213,80.2281417847,74184,74194,10
12.9057397842,80.2281417847,74194,74204,10
12.9060096741,80.2281494141,74204,74214,10
12.9062595367,80.2281112671,74214,74265,51
12.9062595367,80.2281112671,74265,74275,10
12.9064598083,80.2282409668,74275,74285,10
12.9068498611,80.2282562256,74285,74295,10
12.9069404602,80.2282562256,74295,74305,10
12.9072999954,80.2282714844,74305,74316,11
12.907959938,80.2283782959,74316,74326,10
12.9086799622,80.2285003662,74326,74336,10
12.9094800949,80.2286376953,74336,74346,10
12.9103403091,80.2287826538,74346,74356,10
12.9112596512,80.2289428711,74356,74366,10
12.9121704102,80.229057312,74366,74376,10
12.9131002426,80.2291793823,74376,74386,10
12.9138097763,80.2292709351,74386,74397,11
12.9138898849,80.2292709351,74397,74407,10
12.9139699936,80.2292785645,74407,74417,10
12.9142799377,80.2293167114,74417,74427,10
12.9148397446,80.2293777466,74427,74437,10
12.9155397415,80.2294769287,74437,74447,10
12.9163599014,80.229598999,74447,74457,10
12.9172401428,80.2297210693,74457,74467,10
12.9181499481,80.2298431396,74467,74478,11
12.9191799164,80.2299575806,74478,74488,10
12.9201202393,80.2300796509,74488,74498,10
12.921090126,80.23021698,74498,74508,10
12.9221096039,80.2303619385,74508,74518,10
12.9231395721,80.2305221558,74518,74528,10
12.9241399765,80.2306518555,74528,74538,10
12.9250602722,80.2307662964,74538,74548,10
12.9263801575,80.2309036255,74548,74569,21
12.9263801575,80.2309036255,74569,74579,10
12.9265699387,80.2309188843,74579,74589,10
12.9271097183,80.2309799194,74589,74599,10
12.9278497696,80.2310714722,74599,74609,10
12.9285001755,80.2311630249,74609,74619,10
12.9287595749,80.2311935425,74619,74629,10
12.9291000366,80.2312774658,74629,74640,11
12.9298095703,80.2314605713,74640,74650,10
12.9305896759,80.2316818237,74650,74660,10
12.9314899445,80.2319564819,74660,74670,10
12.9323797226,80.2322387695,74670,74680,10
12.9331998825,80.2325515747,74680,74690,10
12.9336395264,80.2327423096,74690,74700,10
12.9336500168,80.2327423096,74700,74710,10
12.9338598251,80.2328414917,74710,74721,11
12.9343595505,80.2330627441,74721,74731,10
12.9350099564,80.2333602905,74731,74741,10
12.9355201721,80.233581543,74741,74751,10
12.9357700348,80.2336883545,74751,74761,10
12.9362897873,80.2339477539,74761,74771,10
12.9369001389,80.2342529297,74771,74781,10
12.9376602173,80.2346115112,74781,74791,10
12.9385204315,80.2350387573,74791,74802,11
12.9396400452,80.2356033325,74802,74822,20
12.9396400452,80.2356033325,74822,74832,10
12.9398698807,80.2356719971,74832,74842,10
12.9403800964,80.2358474731,74842,74852,10
12.9411001205,80.236038208,74852,74862,10
12.9419403076,80.2362365723,74862,74872,10
12.9427900314,80.236541748,74872,74883,11
12.9435997009,80.2371826172,74883,74893,10
12.9442996979,80.2379379272,74893,74903,10
12.9449996948,80.2387008667,74903,74913,10
12.9457702637,80.2393035889,74913,74923,10
12.9466400146,80.2396621704,74923,74933,10
12.9471702576,80.2398681641,74933,74943,10
12.9472198486,80.2398986816,74943,74953,10
12.947520256,80.2400283813,74953,74964,11
12.9480800629,80.2402572632,74964,74974,10
12.9488601685,80.2405700684,74974,75024,50
12.9488601685,80.2405700684,75024,75034,10
12.9490499496,80.2406997681,75034,75045,11
12.9496097565,80.2409133911,75045,75055,10
12.950340271,80.2411193848,75055,75065,10
12.9510202408,80.2413024902,75065,75075,10
12.9510803223,80.2413330078,75075,75085,10
12.9512796402,80.2414016724,75085,75095,10
12.9519100189,80.2416534424,75095,75105,10
12.9525499344,80.2418670654,75105,75115,10
12.9532804489,80.2421569824,75115,75126,11
12.9542598724,80.2425613403,75126,75136,10
12.9549598694,80.2428207397,75136,75146,10
12.9556703568,80.243057251,75146,75156,10
12.9563102722,80.2432632446,75156,75176,20
12.9563102722,80.2432632446,75176,75186,10
12.9567403793,80.2434463501,75186,75196,10
12.9574403763,80.2437896729,75196,75207,11
12.9582500458,80.2441635132,75207,75217,10
12.9588298798,80.2444000244,75217,75227,10
12.9588899612,80.244430542,75227,75237,10
12.9591999054,80.2445602417,75237,75247,10
12.959690094,80.2448120117,75247,75257,10
12.9603300095,80.2451019287,75257,75267,10
12.9611301422,80.2454681396,75267,75277,10
12.9619903564,80.2458877563,75277,75288,11
12.9628000259,80.2462768555,75288,75298,10
12.9630804062,80.2464294434,75298,75308,10
12.9632101059,80.2465133667,75308,75318,10
12.9632902145,80.2465667725,75318,75328,10
12.9636497498,80.2467422485,75328,75338,10
12.9641895294,80.246963501,75338,75348,10
12.9648599625,80.2471923828,75348,75358,10
12.9656400681,80.2474365234,75358,75369,11
12.9665803909,80.2478179932,75369,75389,20
12.9665803909,80.2478179932,75389,75399,10
12.9667196274,80.2478866577,75399,75409,10
12.9670801163,80.2480773926,75409,75419,10
12.9676599503,80.2483291626,75419,75429,10
12.9684095383,80.2486419678,75429,75439,10
12.9692497253,80.2489776611,75439,75450,11
12.9702196121,80.2493667603,75450,75460,10
12.9711103439,80.2496490479,75460,75470,10
12.9720001221,80.2498779297,75470,75480,10
12.9729299545,80.2501296997,75480,75490,10
12.9738702774,80.2503890991,75490,75500,10
12.9748401642,80.2506637573,75500,75510,10
12.9758396149,80.2509384155,75510,75520,10
12.9768896103,80.2512435913,75520,75531,11
12.9778203964,80.2517623901,75531,75541,10
12.9784002304,80.2522201538,75541,75551,10
12.9785900116,80.2523498535,75551,75561,10
12.978679657,80.2524108887,75561,75571,10
12.9791603088,80.2525634766,75571,75581,10
12.979590416,80.2526092529,75581,75591,10
12.980050087,80.2526321411,75591,75601,10
12.9807901382,80.2526092529,75601,75612,11
12.9817199707,80.2525787354,75612,75622,10
12.9826498032,80.2525482178,75622,75632,10
12.9835596085,80.2524414063,75632,75642,10
12.9844398499,80.2521972656,75642,75652,10
12.9852399826,80.2519836426,75652,75662,10
12.9858703613,80.2517929077,75662,75672,10
12.9864597321,80.251663208,75672,75682,10
12.9869298935,80.2515182495,75682,75693,11
12.9871902466,80.2514419556,75693,75753,60
12.9871902466,80.2514419556,75753,75763,10
12.9874601364,80.251373291,75763,75774,11
12.9879703522,80.2512588501,75774,75784,10
12.9886798859,80.2510910034,75784,75794,10
12.9893503189,80.2508926392,75794,75804,10
12.9895095825,80.2508468628,75804,75814,10
12.9897203445,80.2508010864,75814,75824,10
12.9902696609,80.2506790161,75824,75834,10
12.9909801483,80.25050354,75834,75844,10
12.9917697906,80.2502975464,75844,75855,11
12.992650032,80.2500762939,75855,75865,10
12.9935998917,80.2498397827,75865,75875,10
12.9945697784,80.2496032715,75875,75885,10
12.9955596924,80.2493591309,75885,75895,10
12.996430397,80.2491226196,75895,75905,10
12.9973602295,80.248878479,75905,75915,10
12.9983797073,80.248626709,75915,75925,10
12.9994802475,80.2483596802,75925,75936,11
13.0006904602,80.2480621338,75936,75946,10
13.0016803741,80.2478179932,75946,75956,10
13.0025501251,80.2476119995,75956,75966,10
13.0034999847,80.2474365234,75966,75976,10
13.0044803619,80.2473068237,75976,75986,10
13.0053701401,80.2471694946,75986,75996,10
13.0060997009,80.2469406128,75996,76006,10
13.0064897537,80.2465209961,76006,76017,11
13.0065002441,80.2464599609,76017,76027,10
13.0065698624,80.2463302612,76027,76037,10
13.0066299438,80.245880127,76037,76047,10
13.0066404343,80.245300293,76047,76057,10
13.0066099167,80.2446212769,76057,76067,10
13.0066204071,80.2438430786,76067,76077,10
13.0066003799,80.2430877686,76077,76087,10
13.0065803528,80.2422714233,76087,76098,11
13.0066204071,80.2411727905,76098,76118,20
13.0066204071,80.2411727905,76118,76128,10
13.0066404343,80.2409133911,76128,76138,10
13.0066404343,80.2407913208,76138,76148,10
13.0066699982,80.2406005859,76148,76158,10
13.0067501068,80.2401428223,76158,76168,10
13.0068597794,80.2395324707,76168,76179,11
13.0070295334,80.2387084961,76179,76189,10
13.0071697235,80.2380065918,76189,76199,10
13.0073099136,80.2374420166,76199,76209,10
13.007399559,80.236907959,76209,76219,10
13.0074100494,80.2368927002,76219,76229,10
13.0074300766,80.2367782593,76229,76239,10
13.0074701309,80.236618042,76239,76249,10
13.0075397491,80.2364273071,76249,76260,11
13.0076599121,80.2359008789,76260,76270,10
13.0077800751,80.2353134155,76270,76280,10
13.0078201294,80.2350692749,76280,76290,10
13.0078496933,80.2349472046,76290,76300,10
13.0079402924,80.2344589233,76300,76310,10
13.008099556,80.2337265015,76310,76320,10
13.0082702637,80.2328491211,76320,76330,10
13.0084295273,80.2320327759,76330,76341,11
13.0086402893,80.2309188843,76341,76351,10
13.0088195801,80.2299499512,76351,76361,10
13.0090103149,80.2290115356,76361,76371,10
13.0092096329,80.2281188965,76371,76381,10
13.0095701218,80.2272415161,76381,76391,10
13.0099601746,80.2263565063,76391,76401,10
13.0103397369,80.2255783081,76401,76411,10
13.0106601715,80.2249221802,76411,76422,11
13.0108804703,80.2243804932,76422,76432,10
13.0111703873,80.2237091064,76432,76442,10
13.0112495422,80.2235412598,76442,76452,10
13.0113801956,80.2232284546,76452,76462,10
13.0116100311,80.2226715088,76462,76472,10
13.011759758,80.22215271,76472,76482,10
13.0120296478,80.2215576172,76482,76492,10
13.0123596191,80.2215423584,76492,76503,11
13.0128002167,80.2221603394,76503,76513,10
13.013299942,80.2226867676,76513,76523,10
13.0138998032,80.2233200073,76523,76533,10
13.0143203735,80.2238311768,76533,76543,10
13.0147600174,80.2244033813,76543,76553,10
13.0151901245,80.2248077393,76553,76563,10
13.0155096054,80.2249832153,76563,76573,10
13.0155296326,80.2249984741,76573,76584,11
13.0155897141,80.2250366211,76584,76594,10
13.0158500671,80.2252502441,76594,76604,10
13.0163898468,80.2253417969,76604,76614,10
13.0170602798,80.2250900269,76614,76624,10
13.0177898407,80.2247924805,76624,76634,10
13.0185003281,80.2245025635,76634,76644,10
13.0194501877,80.2243118286,76644,76705,61
13.0194501877,80.2243118286,76705,76715,10
13.0195703506,80.2244720459,76715,76725,10
13.0197296143,80.2245864868,76725,76735,10
13.0199699402,80.2248001099,76735,76746,11
13.0202798843,80.2250289917,76746,76756,10
13.0205097198,80.2252120972,76756,76766,10
13.0207700729,80.225402832,76766,76776,10
13.0210895538,80.2256393433,76776,77171,395
13.0210895538,80.2256393433,77171,77181,10
13.0213298798,80.2258071899,77181,77191,10
13.0214700699,80.2259216309,77191,77201,10
13.02161026,80.226020813,77201,77211,10
13.0217399597,80.2261199951,77211,77221,10
13.0218801498,80.2262191772,77221,77232,11
13.0220603943,80.2263565063,77232,77242,10
13.0221996307,80.2264862061,77242,77252,10
13.0223302841,80.2266235352,77252,77262,10
13.022480011,80.2267379761,77262,77272,10
13.0226097107,80.2268676758,77272,77282,10
13.0227499008,80.2270126343,77282,77292,10
13.0228796005,80.2271499634,77292,77302,10
13.0230197906,80.2272872925,77302,77313,11
13.0231800079,80.2274398804,77313,77323,10
13.0233201981,80.2275772095,77323,77333,10
13.0234699249,80.2276992798,77333,77343,10
13.0236301422,80.2278289795,77343,77353,10
13.0238599777,80.2280426025,77353,77363,10
13.0240497589,80.2282485962,77363,77373,10
13.0242204666,80.2284164429,77373,77383,10
13.0242996216,80.2285308838,77383,77394,11
13.0241603851,80.2286376953,77394,77404,10
13.0239801407,80.2284622192,77404,77414,10
13.0237503052,80.2281112671,77414,77424,10
13.0234603882,80.2277984619,77424,77434,10
13.0230398178,80.2273712158,77434,77859,425
13.0230398178,80.2270812988,77859,78254,395
13.0230398178,80.2270812988,78254,78264,10
13.0227098465,80.2269592285,78264,78274,10
13.0225000381,80.2267379761,78274,78285,11
13.0220804214,80.2263870239,78285,78295,10
13.0216197968,80.2260284424,78295,78305,10
13.0211200714,80.2256317139,78305,78315,10
13.0205497742,80.225227356,78315,78325,10
13.0199403763,80.224822998,78325,78335,10
13.0192403793,80.2244720459,78335,78345,10
13.0184297562,80.224609375,78345,78355,10
13.0176801682,80.2249069214,78355,78366,11
13.0168399811,80.2252578735,78366,78376,10
13.0162401199,80.2255401611,78376,78386,10
13.0156002045,80.2257614136,78386,78396,10
13.014960289,80.2260131836,78396,78406,10
13.0142803192,80.226272583,78406,78426,20
13.0142803192,80.226272583,78426,78436,10
13.014169693,80.2262802124,78436,78447,11
13.0139198303,80.2263793945,78447,78457,10
13.0134496689,80.2265777588,78457,78467,10
13.0128297806,80.2268295288,78467,78477,10
13.0121002197,80.2271194458,78477,78487,10
13.0113401413,80.2274169922,78487,78497,10
13.0105695724,80.2277374268,78497,78507,10
13.0098199844,80.2280502319,78507,78517,10
13.0091600418,80.2284622192,78517,78528,11
13.0089797974,80.2292785645,78528,78538,10
13.0088396072,80.2301712036,78538,78548,10
13.0086898804,80.2309265137,78548,78558,10
13.0085401535,80.2316894531,78558,78568,10
13.0083799362,80.2324981689,78568,78578,10
13.0082302094,80.2334136963,78578,78609,31
13.0082302094,80.2334136963,78609,78619,10
13.0081596375,80.2336120605,78619,78629,10
13.0080900192,80.233833313,78629,78639,10
13.0080795288,80.2338562012,78639,78649,10
13.0080499649,80.2340316772,78649,78659,10
13.0079803467,80.2344589233,78659,78669,10
13.0078401566,80.2350387573,78669,78679,10
13.0077104568,80.2357635498,78679,78690,11
13.0075902939,80.2364425659,78690,78700,10
13.0074195862,80.2372436523,78700,78710,10
13.0072603226,80.238067627,78710,78720,10
13.0071401596,80.2387466431,78720,78730,10
13.0070104599,80.2393188477,78730,78740,10
13.0068798065,80.2399291992,78740,78760,20
13.0068798065,80.2399291992,78760,78771,11
13.0067996979,80.2400283813,78771,78811,40
13.0067996979,80.2400283813,78811,78821,10
13.0068101883,80.2403488159,78821,78831,10
13.0067596436,80.2406768799,78831,78841,10
13.0067300797,80.2408828735,78841,78852,11
13.0066900253,80.2413406372,78852,78862,10
13.0066699982,80.2420578003,78862,78872,10
13.006649971,80.2427902222,78872,78882,10
13.0066699982,80.2434234619,78882,78892,10
13.0066404343,80.2443618774,78892,78902,10
13.006649971,80.2453231812,78902,78912,10
13.0066900253,80.2460632324,78912,78922,10
13.0067300797,80.2466201782,78922,78933,11
13.0067501068,80.2471618652,78933,78943,10
13.0065498352,80.247428894,78943,78953,10
13.0060100555,80.2474212646,78953,78973,20
13.0060100555,80.2474212646,78973,78983,10
13.005610466,80.2473526001,78983,78993,10
13.0050296783,80.2473602295,78993,79003,10
13.0042800903,80.247428894,79003,79014,11
13.003370285,80.2475662231,79014,79024,10
13.0024995804,80.247718811,79024,79034,10
13.0017404556,80.2479171753,79034,79044,10
13.0008602142,80.2481536865,79044,79054,10
12.9999704361,80.2483673096,79054,79064,10
12.9990797043,80.248588562,79064,79074,10
12.9982995987,80.2488174438,79074,79084,10
12.9981498718,80.2488632202,79084,79095,11
12.9977502823,80.2489471436,79095,79105,10
12.9971199036,80.2490921021,79105,79115,10
12.9963302612,80.2492675781,79115,79125,10
12.9954795837,80.2494888306,79125,79135,10
12.9946203232,80.2497024536,79135,79145,10
12.9937801361,80.2499313354,79145,79155,10
12.9928998947,80.2501373291,79155,79165,10
12.9920701981,80.2503509521,79165,79176,11
12.9913396835,80.2505493164,79176,79186,10
12.9910202026,80.2506408691,79186,79196,10
12.990940094,80.2506637573,79196,79206,10
12.9904899597,80.2507629395,79206,79216,10
12.9898195267,80.2509307861,79216,79226,10
12.9890804291,80.2511062622,79226,79236,10
12.9883899689,80.2512969971,79236,79257,21
12.9883899689,80.2512969971,79257,79267,10
12.9882898331,80.2513198853,79267,79277,10
12.9879398346,80.2514724731,79277,79287,10
12.9878902435,80.2518386841,79287,79297,10
12.9879398346,80.2524185181,79297,79307,10
12.9878902435,80.2531509399,79307,79317,10
12.9878196716,80.2539520264,79317,79327,10
12.9877500534,80.2547073364,79327,79338,11
12.9876203537,80.2557983398,79338,79429,91
12.9876203537,80.2557983398,79429,79439,10
12.9876003265,80.2558364868,79439,79449,10
12.9875297546,80.2561264038,79449,79459,10
12.9874897003,80.2566375732,79459,79469,10
12.9874401093,80.2572021484,79469,79479,10
12.9873895645,80.2578811646,79479,79489,10
12.9873199463,80.2584609985,79489,79651,162
12.9873199463,80.2584609985,79651,79662,11
12.9871397018,80.2585830688,79662,79672,10
12.9868202209,80.2585678101,79672,79884,212
12.9868202209,80.2585678101,79884,79894,10
12.9867401123,80.258682251,79894,79905,11
12.9866600037,80.2588729858,79905,81961,2056
