12.9868803024,80.2590484619,20,3985,3965
12.9867200851,80.2589111328,3985,4065,80
12.9867200851,80.2589111328,4065,4076,11
12.9869003296,80.2590637207,4076,5659,1583
12.9869098663,80.2591323853,5659,6144,485
12.9868402481,80.2591094971,6144,6376,232
12.986749649,80.2591018677,6376,6628,252
12.9867897034,80.2590713501,6628,6880,252
12.9867897034,80.2590713501,6880,6890,10
12.9870004654,80.2591323853,6890,6930,40
12.9870004654,80.2591323853,6930,6941,11
12.9870195389,80.2590866089,6941,7062,121
12.9869298935,80.2590103149,7062,7243,181
12.9869003296,80.2590103149,7243,7727,484
12.9868898392,80.2590866089,7727,7980,253
12.9869403839,80.2590026855,7980,8030,50
12.9869003296,80.2588729858,8030,8222,192
12.986869812,80.2590103149,8222,9906,1684
12.9868001938,80.2589492798,9906,10380,474
12.9869098663,80.2589416504,10380,12418,2038
12.986989975,80.2590408325,12418,12458,40
12.9869699478,80.2590179443,12458,15697,3239
12.9868402481,80.2590026855,15697,16070,373
12.9868898392,80.2591094971,16070,18804,2734
12.9867801666,80.2588195801,18804,18864,60
12.9867801666,80.2588195801,18864,18874,10
12.9869699478,80.2590103149,18874,18935,61
12.9869699478,80.2590103149,18935,18945,10
12.9872703552,80.2591094971,18945,18965,20
12.9872703552,80.2591094971,18965,18975,10
12.9874000549,80.2587814331,18975,18985,10
12.9874401093,80.2582626343,18985,18996,11
12.987449646,80.2580337524,18996,19006,10
12.9874801636,80.2576065063,19006,19016,10
12.9875297546,80.2569503784,19016,19026,10
12.9875898361,80.2561721802,19026,19036,10
12.9876403809,80.2557983398,19036,19046,10
12.9877004623,80.2554168701,19046,19056,10
12.987739563,80.2548675537,19056,19066,10
12.9877595901,80.2547302246,19066,19076,10
12.9877996445,80.2542114258,19076,19086,10
12.987859726,80.2534484863,19086,19096,10
12.9879398346,80.2525482178,19096,19106,10
12.987859726,80.2517700195,19106,19117,11
12.987739563,80.2515792847,19117,19127,10
12.987569809,80.2515563965,19127,19137,10
12.9870004654,80.2516479492,19137,19147,10
12.9862499237,80.2518386841,19147,19157,10
12.9854001999,80.2520599365,19157,19167,10
12.9844303131,80.2523193359,19167,19177,10
12.9834098816,80.2525787354,19177,19187,10
12.9822998047,80.2526779175,19187,19197,10
12.9811296463,80.2527084351,19197,19207,10
12.9801597595,80.2527236938,19207,19217,10
12.9798402786,80.2525177002,19217,19228,11
12.9798698425,80.2522964478,19228,19238,10
12.9799203873,80.2521820068,19238,19248,10
12.9800596237,80.2517166138,19248,19258,10
12.9803104401,80.2509613037,19258,19268,10
12.9805402756,80.2500686646,19268,19278,10
12.9807100296,80.2491226196,19278,19288,10
12.9807796478,80.2480697632,19288,19298,10
12.9808797836,80.2469787598,19298,19308,10
12.9809904099,80.245880127,19308,19318,10
12.9811296463,80.244720459,19318,19328,10
12.9812202454,80.2438201904,19328,19339,11
12.9813604355,80.2435073853,19339,19349,10
12.9813899994,80.242767334,19349,19369,20
12.9813899994,80.242767334,19369,19379,10
12.9814195633,80.2425537109,19379,19389,10
12.9813995361,80.2421112061,19389,19399,10
12.9813995361,80.2414016724,19399,19409,10
12.9813899994,80.2405929565,19409,19419,10
12.9813604355,80.2397537231,19419,19429,10
12.9813404083,80.2389068604,19429,19439,10
12.9813098907,80.2380905151,19439,19449,10
12.981300354,80.2379302979,19449,19460,11
12.981300354,80.237701416,19460,19470,10
12.9812898636,80.2371826172,19470,19480,10
12.9812698364,80.236366272,19480,19490,10
12.9812402725,80.2354431152,19490,19500,10
12.9812297821,80.2345123291,19500,19510,10
12.9814901352,80.2336578369,19510,19520,10
12.9816904068,80.2332611084,19520,19530,10
12.9817304611,80.2331771851,19530,19540,10
12.9819097519,80.2328109741,19540,19550,10
12.9820404053,80.2322387695,19550,19559,9
12.9820203781,80.2317886353,19559,19571,12
12.9819297791,80.2311782837,19571,19581,10
12.981760025,80.230758667,19581,19591,10
12.9814500809,80.23021698,19591,19601,10
12.9810400009,80.2295608521,19601,19611,10
12.980799675,80.2291870117,19611,19621,10
12.9806699753,80.2289733887,19621,19631,10
12.9806203842,80.2288665771,19631,19641,10
12.980389595,80.2284927368,19641,19651,10
12.9801797867,80.2280502319,19651,19661,10
12.97976017,80.2273635864,19661,19671,10
12.9792604446,80.2265319824,19671,19682,11
12.978679657,80.2255706787,19682,19692,10
12.9781599045,80.2247314453,19692,19702,10
12.9777603149,80.2241821289,19702,19711,9
12.9774198532,80.2236099243,19711,19722,11
12.9769802094,80.2228622437,19722,19732,10
12.9766998291,80.2224121094,19732,19742,10
12.9763002396,80.2217636108,19742,19752,10
12.9757604599,80.2211380005,19752,19772,20
12.9757604599,80.2211380005,19772,19782,10
12.9757099152,80.2210922241,19782,19793,11
12.9753303528,80.2207794189,19793,19803,10
12.9747104645,80.2205429077,19803,19813,10
12.9744701385,80.220451355,19813,19823,10
12.9743003845,80.2203521729,19823,19833,10
12.9737701416,80.2200775146,19833,19843,10
12.9729995728,80.2197570801,19843,19853,10
12.9721002579,80.2194519043,19853,19863,10
12.9713001251,80.2192230225,19863,19873,10
12.970990181,80.2191314697,19873,19883,10
12.9707803726,80.2190170288,19883,19893,10
12.9702396393,80.2187576294,19893,19903,10
12.9695596695,80.2184906006,19903,19914,11
12.9688501358,80.218208313,19914,19924,10
12.9682703018,80.2179718018,19924,19934,10
12.9676799774,80.2177429199,19934,19944,10
12.9670295715,80.2174606323,19944,19954,10
12.9663801193,80.2172012329,19954,19964,10
12.9656400681,80.2168884277,19964,19974,10
12.9648199081,80.2165603638,19974,19984,10
12.9640703201,80.2162322998,19984,19994,10
12.9636201859,80.2160186768,19994,20004,10
12.9635601044,80.2156982422,20004,20014,10
12.9636096954,80.2154769897,20014,20025,11
12.9637098312,80.2152175903,20025,20035,10
12.9638004303,80.2147521973,20035,20045,10
12.9639101028,80.2141723633,20045,20055,10
12.9640102386,80.2135620117,20055,20065,10
12.9641103745,80.2129669189,20065,20075,10
12.9642496109,80.2123336792,20075,20085,10
12.96434021,80.2118530273,20085,20095,10
12.9645500183,80.2113037109,20095,20105,10
12.9646902084,80.210647583,20105,20115,10
12.9647903442,80.2099075317,20115,20125,10
12.9648895264,80.2091293335,20125,20136,11
12.9650297165,80.2082901001,20136,20146,10
12.9651699066,80.2075424194,20146,20156,10
12.965259552,80.2069702148,20156,20166,10
12.9653596878,80.2064437866,20166,20176,10
12.9653596878,80.2058334351,20176,20186,10
12.9654598236,80.2052307129,20186,20196,10
12.9655504227,80.2046890259,20196,20206,10
12.9655704498,80.2045516968,20206,20216,10
12.9656600952,80.2041397095,20216,20226,10
12.9657802582,80.2034988403,20226,20236,10
12.9658002853,80.2027664185,20236,20246,10
12.9658203125,80.2020263672,20246,20257,11
12.9653997421,80.201713562,20257,20267,10
12.9653596878,80.2011184692,20267,20277,10
12.9654998779,80.2004776001,20277,20287,10
12.9653596878,80.2001190186,20287,20297,10
12.9649496078,80.1998825073,20297,20307,10
12.9648399353,80.1993484497,20307,20317,10
12.9648504257,80.1987533569,20317,20327,10
12.9647598267,80.1979980469,20327,20337,10
12.9647798538,80.1972198486,20337,20347,10
12.9647798538,80.1965789795,20347,20356,9
12.9647798538,80.1963882446,20356,20368,12
12.9647598267,80.1961669922,20368,20378,10
12.964679718,80.1958618164,20378,20388,10
12.9647703171,80.1952972412,20388,20398,10
12.9647903442,80.1946868896,20398,20408,10
12.9649600983,80.1940307617,20408,20418,10
12.9650697708,80.1932678223,20418,20428,10
12.9651203156,80.1925506592,20428,20438,10
12.9652900696,80.1918334961,20438,20448,10
12.9654397964,80.1911621094,20448,20458,10
12.9655895233,80.1904602051,20458,20468,10
12.9657201767,80.1898880005,20468,20479,11
12.9658498764,80.1892166138,20479,20489,10
12.965880394,80.1890335083,20489,20499,10
12.9659404755,80.1887283325,20499,20509,10
12.9658403397,80.1885910034,20509,20519,10
12.965470314,80.1884384155,20519,20529,10
12.965180397,80.188293457,20529,20539,10
12.9648199081,80.1881637573,20539,20549,10
12.9643297195,80.1879882813,20549,20559,10
12.9638004303,80.1878204346,20559,20569,10
12.9633102417,80.1876678467,20569,20579,10
12.9628295898,80.1875915527,20579,20590,11
12.9622097015,80.1874465942,20590,20600,10
12.9616699219,80.1873626709,20600,20610,10
12.9611501694,80.1872711182,20610,20620,10
12.9606800079,80.1872024536,20620,20630,10
12.9603395462,80.1871490479,20630,20640,10
12.9600095749,80.1871185303,20640,20650,10
12.9594898224,80.1870803833,20650,20660,10
12.9588003159,80.1870193481,20660,20670,10
12.9582500458,80.1870193481,20670,20680,10
12.9576597214,80.1870269775,20680,20690,10
12.9570903778,80.1870117188,20690,20699,9
12.9565601349,80.186958313,20699,20711,12
12.9558200836,80.1869277954,20711,20731,20
12.9558200836,80.1869277954,20731,20741,10
12.9555997849,80.1868286133,20741,20751,10
12.9555997849,80.1866073608,20751,20761,10
12.9556303024,80.1863632202,20761,20771,10
12.9557104111,80.1860961914,20771,20781,10
12.955789566,80.1858215332,20781,20791,10
12.955789566,80.1856002808,20791,20801,10
12.9559001923,80.185508728,20801,20811,10
12.9560403824,80.1855773926,20811,20822,11
12.9561100006,80.1859436035,20822,21013,191
12.9561100006,80.1859436035,21013,21023,10
12.9561004639,80.1862487793,21023,21033,10
12.9560499191,80.1865997314,21033,21043,10
12.9560499191,80.1867904663,21043,21054,11
12.9561100006,80.186920166,21054,21064,10
12.9564695358,80.186958313,21064,21074,10
12.9569797516,80.1870117188,21074,21084,10
12.9574403763,80.1870193481,21084,21094,10
12.9580001831,80.1870269775,21094,21104,10
12.9585895538,80.1870422363,21104,21114,10
12.9591999054,80.1870574951,21114,21124,10
12.9597101212,80.1871032715,21124,21134,10
12.9601697922,80.1871337891,21134,21144,10
12.9605197906,80.1871566772,21144,21154,10
12.9608898163,80.1872329712,21154,21165,11
12.9613800049,80.1873016357,21165,21175,10
12.9615297318,80.1873397827,21175,21185,10
12.9620103836,80.1874237061,21185,21195,10
12.9625797272,80.187538147,21195,21205,10
12.9630899429,80.1876373291,21205,21215,10
12.9636802673,80.1877670288,21215,21225,10
12.9643201828,80.1879730225,21225,21235,10
12.9649200439,80.1881713867,21235,21245,10
12.9654397964,80.1883621216,21245,21255,10
12.9655303955,80.1884002686,21255,21265,10
12.9658298492,80.1884994507,21265,21276,11
12.9659500122,80.1887893677,21276,21286,10
12.9658203125,80.1894302368,21286,21296,10
12.9656496048,80.1902236938,21296,21306,10
12.9654798508,80.1910018921,21306,21316,10
12.9653396606,80.1916885376,21316,21326,10
12.9652004242,80.1923294067,21326,21336,10
12.9651098251,80.1930923462,21336,21346,10
12.9649896622,80.193862915,21346,21356,10
12.9648895264,80.1942214966,21356,21366,10
12.9647397995,80.1948013306,21366,21376,10
12.9647102356,80.1954574585,21376,21387,11
12.9646701813,80.1960983276,21387,21397,10
12.9647798538,80.1964492798,21397,21407,10
12.9647598267,80.1969680786,21407,21417,10
12.9647703171,80.1970901489,21417,21427,10
12.9647798538,80.1976089478,21427,21437,10
12.9648303986,80.1983795166,21437,21447,10
12.964799881,80.1990890503,21447,21457,10
12.9649896622,80.1996612549,21457,21467,10
12.9651498795,80.2000579834,21467,21477,10
12.9655199051,80.2002487183,21477,21487,10
12.9654397964,80.2009277344,21487,21497,10
12.9653902054,80.2012634277,21497,21508,11
12.9654502869,80.201713562,21508,21518,10
12.9658298492,80.2018585205,21518,21528,10
12.9658002853,80.2025527954,21528,21538,10
12.9657697678,80.2034225464,21538,21548,10
12.9656600952,80.2041168213,21548,21558,10
12.9656000137,80.2044525146,21558,21568,10
12.9654998779,80.2049407959,21568,21578,10
12.9653701782,80.2056427002,21578,21588,10
12.9653100967,80.206237793,21588,21598,10
12.9652500153,80.20677948,21598,21607,9
12.9652299881,80.2070770264,21607,21619,12
12.9652004242,80.2072982788,21619,21629,10
12.9651002884,80.2078704834,21629,21639,10
12.9649896622,80.2085266113,21639,21649,10
12.9649000168,80.2092132568,21649,21659,10
12.964799881,80.2098922729,21659,21669,10
12.9646997452,80.2106781006,21669,21679,10
12.9645996094,80.2112884521,21679,21689,10
12.9643802643,80.2117080688,21689,21699,10
12.9642696381,80.2122879028,21699,21709,10
12.9641599655,80.2129211426,21709,21719,10
12.9640703201,80.2132873535,21719,21729,10
12.9639596939,80.2138214111,21729,21740,11
12.9638700485,80.2144470215,21740,21750,10
12.9637699127,80.2150802612,21750,21760,10
12.9636697769,80.2156066895,21760,21770,10
12.9636697769,80.2159729004,21770,21780,10
12.964099884,80.216178894,21780,21790,10
12.9647197723,80.2164382935,21790,21800,10
12.9654102325,80.2167205811,21800,21810,10
12.9661197662,80.2170028687,21810,21820,10
12.9668502808,80.2172927856,21820,21830,10
12.967590332,80.217590332,21830,21840,10
12.9682302475,80.2178726196,21840,21851,11
12.9688997269,80.218132019,21851,21861,10
12.9695196152,80.2183685303,21861,21871,10
12.9702596664,80.2186431885,21871,21881,10
12.9710302353,80.2189102173,21881,21891,10
12.9712600708,80.2189788818,21891,21901,10
12.9715995789,80.2191162109,21901,21911,10
12.9722795486,80.2193984985,21911,21921,10
12.973110199,80.2197113037,21921,21931,10
12.9739398956,80.2200164795,21931,21941,10
12.9746704102,80.2203674316,21941,21951,10
12.9753398895,80.2206268311,21951,21982,31
12.9753398895,80.2206268311,21982,21992,10
12.9755897522,80.2207565308,21992,22002,10
12.9759597778,80.2211608887,22002,22012,10
12.9762496948,80.2215881348,22012,22032,20
12.9762496948,80.2215881348,22032,22042,10
12.9762897491,80.2217102051,22042,22052,10
12.9764604568,80.2219772339,22052,22062,10
12.9767503738,80.2224807739,22062,22073,11
12.9771995544,80.2232208252,22073,22083,10
12.9776496887,80.2239227295,22083,22093,10
12.978099823,80.2246322632,22093,22103,10
12.978509903,80.2252807617,22103,22113,10
12.9788799286,80.2258987427,22113,22123,10
12.9793300629,80.2266693115,22123,22133,10
12.979640007,80.2271728516,22133,22143,10
12.9797096252,80.2273101807,22143,22153,10
12.9797897339,80.2274169922,22153,22163,10
12.9800195694,80.2277832031,22163,22173,10
12.9803600311,80.2283782959,22173,22183,10
12.9807500839,80.2290420532,22183,22194,11
12.9811601639,80.2297592163,22194,22204,10
12.9816398621,80.2305297852,22204,22214,10
12.9819803238,80.2313995361,22214,22224,10
12.9820299149,80.2322311401,22224,22234,10
12.9819097519,80.2329330444,22234,22244,10
12.9816598892,80.2334899902,22244,22254,10
12.9816398621,80.2335205078,22254,22264,10
12.9814500809,80.2339019775,22264,22274,10
12.9812402725,80.2345581055,22274,22284,10
12.9812297821,80.2353286743,22284,22294,10
12.9812602997,80.2360687256,22294,22305,11
12.9812898636,80.2369918823,22305,22315,10
12.9813098907,80.2377929688,22315,22325,10
12.9813098907,80.2384719849,22325,22335,10
12.9813098907,80.2385482788,22335,22345,10
12.9813098907,80.2388916016,22345,22355,10
12.9813203812,80.2395782471,22355,22365,10
12.9813404083,80.2403335571,22365,22375,10
12.9813404083,80.2411880493,22375,22385,10
12.9813404083,80.2420883179,22385,22395,10
12.9813699722,80.2426300049,22395,22405,10
12.9813699722,80.2426834106,22405,22416,11
12.9813699722,80.2430419922,22416,22426,10
12.9813604355,80.2436828613,22426,22436,10
12.9812498093,80.2445373535,22436,22446,10
12.9811296463,80.2455291748,22446,22456,10
12.9810199738,80.24659729,22456,22466,10
12.980919838,80.2477493286,22466,22476,10
12.9808197021,80.248878479,22476,22486,10
12.9806404114,80.2500076294,22486,22496,10
12.9803800583,80.2511062622,22496,22506,10
12.9801902771,80.2519607544,22506,22516,10
12.9801397324,80.2521820068,22516,22526,10
12.9800901413,80.2523880005,22526,22537,11
12.9802503586,80.2526016235,22537,22547,10
12.9806995392,80.2526397705,22547,22557,10
12.981470108,80.2526168823,22557,22567,10
12.982460022,80.2525863647,22567,22577,10
12.9835700989,80.2524719238,22577,22587,10
12.9847097397,80.2521820068,22587,22597,10
12.985830307,80.2518997192,22597,22607,10
12.9867601395,80.2516326904,22607,22617,10
12.9873504639,80.2514419556,22617,22627,10
12.9874000549,80.2514266968,22627,22637,10
12.9876298904,80.2513809204,22637,22648,11
12.987950325,80.2516174316,22648,22658,10
12.9880504608,80.2522201538,22658,22668,10
12.9879798889,80.2530593872,22668,22678,10
12.9878902435,80.2540283203,22678,22688,10
12.9878101349,80.254989624,22688,22698,10
12.9876899719,80.2557220459,22698,22738,40
12.9876899719,80.2557220459,22738,22747,9
12.9876098633,80.2559509277,22747,22759,12
12.9875602722,80.256690979,22759,22769,10
12.9874601364,80.2574996948,22769,22779,10
12.9873695374,80.258392334,22779,22789,10
12.9873104095,80.2590332031,22789,22829,40
12.9873104095,80.2590332031,22829,22839,10
12.9872999191,80.2592086792,22839,22849,10
12.9872198105,80.2595672607,22849,22910,61
12.9872198105,80.2595672607,22910,22920,10
12.9869298935,80.2595367432,22920,22930,10
12.9866304398,80.259437561,22930,22940,10
12.9867401123,80.2591018677,22940,26925,3985
12.9867401123,80.2591018677,26925,26935,10
12.9868202209,80.2588195801,26935,26945,10
12.9868202209,80.258682251,26945,27177,232
12.9868202209,80.258682251,27177,27187,10
12.9868803024,80.2586288452,27187,27197,10
12.9869003296,80.2586288452,27197,27207,10
12.9871501923,80.2585983276,27207,27570,363
12.9872398376,80.2584381104,27570,27611,41
12.9872398376,80.2584381104,27611,27621,10
12.9873600006,80.2584915161,27621,27631,10
12.987449646,80.2583312988,27631,27641,10
12.9874601364,80.2579574585,27641,27651,10
12.9875202179,80.2574234009,27651,27661,10
12.9875602722,80.2568435669,27661,27671,10
12.9876098633,80.2559890747,27671,27782,111
12.9876098633,80.2559890747,27782,27792,10
12.9876804352,80.2557830811,27792,27802,10
12.9880399704,80.2557373047,27802,27813,11
12.9885902405,80.2558288574,27813,27833,20
12.9885902405,80.2558288574,27833,27843,10
12.988699913,80.255859375,27843,27853,10
12.9892196655,80.2559204102,27853,27863,10
12.9899597168,80.2559967041,27863,27873,10
12.9905595779,80.2559890747,27873,27883,10
12.9911603928,80.2560272217,27883,27893,10
12.9919204712,80.2560577393,27893,27903,10
12.9928398132,80.2560501099,27903,27913,10
12.9937400818,80.2559967041,27913,27924,11
12.9946403503,80.2559509277,27924,27934,10
12.9954299927,80.2559127808,27934,27944,10
12.9962501526,80.2558822632,27944,27954,10
12.9970197678,80.255859375,27954,27964,10
12.9976902008,80.2559127808,27964,27974,10
12.998459816,80.2559967041,27974,27984,10
12.9990196228,80.2560577393,27984,27994,10
12.99903965,80.2560577393,27994,28004,10
12.9991598129,80.2560501099,28004,28014,10
12.9995603561,80.2561416626,28014,28024,10
13.0001802444,80.2562866211,28024,28035,11
13.0010204315,80.2564468384,28035,28045,10
13.0017299652,80.2565689087,28045,28055,10
13.0024795532,80.2566833496,28055,28065,10
13.0032596588,80.2568435669,28065,28075,10
13.0040502548,80.2570037842,28075,28085,10
13.0048398972,80.2571563721,28085,28095,10
13.0055904388,80.2572937012,28095,28105,10
13.0062198639,80.2574081421,28105,28115,10
13.0067996979,80.2575912476,28115,28125,10
13.0071697235,80.2582168579,28125,28135,10
13.0077695847,80.258682251,28135,28144,9
13.0083503723,80.2589263916,28144,28156,12
13.0085201263,80.2589874268,28156,28166,10
13.0086898804,80.2590637207,28166,28176,10
13.0092201233,80.2591018677,28176,28186,10
13.0101203918,80.2591018677,28186,28196,10
13.0111703873,80.2590713501,28196,28206,10
13.0122699738,80.2590789795,28206,28216,10
13.013469696,80.2591323853,28216,28226,10
13.0146598816,80.2591705322,28226,28236,10
13.0157403946,80.2593231201,28236,28246,10
13.0164003372,80.2596511841,28246,28256,10
13.0164899826,80.2597198486,28256,28267,11
13.0166702271,80.2598876953,28267,28277,10
13.0171899796,80.260269165,28277,28287,10
13.0179300308,80.2608032227,28287,28297,10
13.0187196732,80.2613296509,28297,28307,10
13.0193195343,80.2618713379,28307,28317,10
13.019900322,80.2624511719,28317,28327,10
13.0202703476,80.2630004883,28327,28337,10
13.0198497772,80.2630004883,28337,28347,10
13.0191802979,80.2629699707,28347,28357,10
13.0190401077,80.2632904053,28357,28367,10
13.0191202164,80.2638702393,28367,28378,11
13.0191297531,80.2640686035,28378,28388,10
13.0190601349,80.264541626,28388,28398,10
13.0188598633,80.2651977539,28398,28408,10
13.0187301636,80.2657623291,28408,28418,10
13.0187196732,80.2666168213,28418,28428,10
13.0190200806,80.2674713135,28428,28438,10
13.0196695328,80.2683105469,28438,28448,10
13.0203504562,80.2691268921,28448,28458,10
13.0209197998,80.2698135376,28458,28468,10
13.0214004517,80.2703781128,28468,28478,10
13.0214796066,80.2704772949,28478,28488,10
13.0215797424,80.2706375122,28488,28499,11
13.02202034,80.2711486816,28499,28509,10
13.0225496292,80.2718505859,28509,28519,10
13.023150444,80.2726593018,28519,28529,10
13.0237798691,80.2735290527,28529,28559,30
13.0237798691,80.2735290527,28559,28569,10
13.0237998962,80.2735671997,28569,28579,10
13.024020195,80.2738723755,28579,28589,10
13.0242996216,80.274269104,28589,28599,10
13.0248804092,80.2747268677,28599,28610,11
13.0254402161,80.2749481201,28610,28620,10
13.0254497528,80.2749481201,28620,28630,10
13.0255804062,80.2749786377,28630,28640,10
13.0259599686,80.2751922607,28640,28650,10
13.0265798569,80.2754974365,28650,28660,10
13.027130127,80.2757415771,28660,28670,10
13.0277996063,80.2760696411,28670,28680,10
13.0285596848,80.2764129639,28680,28690,10
13.0292100906,80.2766113281,28690,28700,10
13.0298900604,80.2767715454,28700,28710,10
13.0305700302,80.2770614624,28710,28720,10
13.0312404633,80.2774581909,28720,28731,11
13.0322303772,80.2775421143,28731,28771,40
13.0322303772,80.2775421143,28771,28781,10
13.0325803757,80.2774810791,28781,28791,10
13.0330600739,80.2774429321,28791,28821,30
13.0330600739,80.2774429321,28821,28830,9
13.0333299637,80.2773590088,28830,28842,12
13.0337095261,80.2773284912,28842,28852,10
13.0342197418,80.2774734497,28852,28862,10
13.0345497131,80.2775802612,28862,28872,10
13.0347700119,80.2776184082,28872,28882,10
13.0351200104,80.277671814,28882,28892,10
13.0354404449,80.2777404785,28892,28902,10
13.0358695984,80.2778015137,28902,28912,10
13.03647995,80.2779464722,28912,28922,10
13.0370397568,80.2781677246,28922,28932,10
13.0375900269,80.2783508301,28932,28942,10
13.0384702682,80.2785568237,28942,28953,11
13.0387802124,80.2786483765,28953,28963,10
13.039059639,80.2787475586,28963,28973,10
13.0394697189,80.2788772583,28973,28983,10
13.0402297974,80.279083252,28983,28993,10
13.041179657,80.279296875,28993,29003,10
13.0421600342,80.2794494629,29003,29013,10
13.0431003571,80.2795562744,29013,29064,51
13.0431003571,80.2795562744,29064,29074,10
13.0432796478,80.2795715332,29074,29084,10
13.0438804626,80.2797470093,29084,29094,10
13.0446996689,80.2799224854,29094,29104,10
13.0455598831,80.2800369263,29104,29114,10
13.0458498001,80.2800827026,29114,29124,10
13.0459604263,80.2800979614,29124,29134,10
13.0465803146,80.2801895142,29134,29144,10
13.0475196838,80.2803192139,29144,29154,10
13.0486001968,80.2804794312,29154,29164,10
13.0493297577,80.2805786133,29164,29174,10
13.049489975,80.2806015015,29174,29185,11
13.0501499176,80.2807006836,29185,29195,10
13.0510902405,80.2808609009,29195,29205,10
13.0522298813,80.2810287476,29205,29215,10
13.0532798767,80.2811965942,29215,29225,10
13.0543298721,80.2813720703,29225,29235,10
13.055270195,80.281539917,29235,29245,10
13.0558900833,80.2816619873,29245,29255,10
13.0563097,80.2817382813,29255,29265,10
13.0565004349,80.2817764282,29265,29275,10
13.0570602417,80.2818984985,29275,29296,21
13.0570602417,80.2818984985,29296,29306,10
13.0574398041,80.2819824219,29306,29316,10
13.0581998825,80.282119751,29316,29326,10
13.0591096878,80.2823181152,29326,29336,10
13.0600204468,80.2825088501,29336,29346,10
13.0609798431,80.2827072144,29346,29356,10
13.0620603561,80.282951355,29356,29366,10
13.0629796982,80.2831420898,29366,29376,10
13.0631799698,80.2831878662,29376,29386,10
13.0634403229,80.2832565308,29386,29396,10
13.064160347,80.2834396362,29396,29406,10
13.0650596619,80.2836608887,29406,29417,11
13.0661296844,80.2838973999,29417,29427,10
13.0672903061,80.2841491699,29427,29437,10
13.0683698654,80.2843399048,29437,29447,10
13.0695199966,80.2846221924,29447,29457,10
13.0706996918,80.2849121094,29457,29467,10
13.0719203949,80.2852020264,29467,29477,10
13.07310009,80.2853164673,29477,29487,10
13.0739202499,80.2855300903,29487,29497,10
13.0743503571,80.2860565186,29497,29507,10
13.0750198364,80.2864990234,29507,29517,10
13.0758304596,80.2869796753,29517,29527,10
13.0768604279,80.2872467041,29527,29538,11
13.0781497955,80.2875671387,29538,29548,10
13.0790901184,80.2878723145,29548,29558,10
13.0796098709,80.2880706787,29558,29568,10
13.0802001953,80.2881622314,29568,29578,10
13.0808200836,80.2883300781,29578,29588,10
13.0810499191,80.2883987427,29588,29598,10
13.0813102722,80.2884902954,29598,29608,10
13.0819997787,80.2887268066,29608,29618,10
13.0828895569,80.2891235352,29618,29628,10
13.0839195251,80.2891998291,29628,29638,10
13.0850400925,80.2891616821,29638,29649,11
13.0862998962,80.289390564,29649,29659,10
13.0873098373,80.2897033691,29659,29669,10
13.0886096954,80.2901535034,29669,29699,30
13.0886096954,80.2901535034,29699,29709,10
13.0888204575,80.2901916504,29709,29719,10
13.0888500214,80.2903823853,29719,29729,10
13.0884199142,80.2903213501,29729,29739,10
13.0876398087,80.2899932861,29739,29749,10
13.0867795944,80.2897109985,29749,29760,11
13.0859804153,80.2894973755,29760,29770,10
13.0854902267,80.2889785767,29770,29780,10
13.085149765,80.2880706787,29780,29790,10
13.0851802826,80.2869262695,29790,29800,10
13.0852804184,80.2857818604,29800,29810,10
13.0853500366,80.2848129272,29810,29820,10
13.0852804184,80.2841796875,29820,29830,10
13.0853700638,80.2839202881,29830,29840,10
13.0854701996,80.2836227417,29840,29850,10
13.0857095718,80.2835235596,29850,29860,10
13.0860900879,80.2835388184,29860,29870,10
13.0864295959,80.2836380005,29870,29881,11
13.0867900848,80.2837295532,29881,29891,10
13.0870399475,80.283706665,29891,29911,20
13.0870399475,80.283706665,29911,29921,10
13.0874004364,80.2836990356,29921,29931,10
13.0875797272,80.2837219238,29931,29941,10
13.0877504349,80.283706665,29941,29951,10
13.0881004333,80.2836990356,29951,31030,1079
13.0881004333,80.2836990356,31030,31041,11
13.0883197784,80.2835693359,31041,31051,10
13.0883197784,80.2832107544,31051,31061,10
13.0883102417,80.2826690674,31061,31071,10
13.0883102417,80.2825698853,31071,31081,10
13.0883102417,80.282371521,31081,31091,10
13.0882301331,80.2819213867,31091,31101,10
13.0881795883,80.2814178467,31101,31111,10
13.0885896683,80.2816390991,31111,31121,10
13.0884799957,80.2822113037,31121,31131,10
13.088350296,80.2828521729,31131,31141,10
13.0883102417,80.2833709717,31141,31152,11
13.0883703232,80.2841796875,31152,31162,10
13.0883998871,80.285118103,31162,31172,10
13.0884304047,80.2858123779,31172,31182,10
13.0884599686,80.2863235474,31182,31192,10
13.088470459,80.2865905762,31192,31202,10
13.0885000229,80.287109375,31202,31212,10
13.0885601044,80.2874832153,31212,31222,10
13.0885801315,80.2877731323,31222,31232,10
13.088640213,80.2883605957,31232,31242,10
13.0886697769,80.2886276245,31242,31252,10
13.0887002945,80.2892608643,31252,31273,21
13.0887002945,80.2892608643,31273,31283,10
13.0886001587,80.2895202637,31283,31293,10
13.0886697769,80.2899475098,31293,31303,10
13.0886898041,80.2901992798,31303,31313,10
13.0886697769,80.2904815674,31313,31323,10
13.0883398056,80.2903823853,31323,31333,10
13.0877599716,80.2900390625,31333,31343,10
13.0870304108,80.2896881104,31343,31353,10
13.0860996246,80.2893981934,31353,31363,10
13.0853099823,80.2891387939,31363,31373,10
13.0843095779,80.2891311646,31373,31384,11
13.0833997726,80.2892074585,31384,31394,10
13.0825195313,80.2889862061,31394,31404,10
13.0815200806,80.2886123657,31404,31414,10
13.0805702209,80.2883377075,31414,31424,10
13.0802297592,80.2882537842,31424,31434,10
13.0799598694,80.2881774902,31434,31444,10
13.0792999268,80.2880401611,31444,31454,10
13.078499794,80.2877120972,31454,31464,10
13.0775995255,80.2874603271,31464,31474,10
13.0766096115,80.2872009277,31474,31484,10
13.0755395889,80.2868881226,31484,31493,9
13.0746297836,80.2863082886,31493,31505,12
13.0733003616,80.2858963013,31505,31515,10
13.0723104477,80.2853927612,31515,31525,10
13.0711603165,80.2850799561,31525,31535,10
13.0699596405,80.2847900391,31535,31545,10
13.0688199997,80.2845230103,31545,31555,10
13.06772995,80.2843017578,31555,31565,10
13.0665597916,80.2840576172,31565,31575,10
13.0653495789,80.283782959,31575,31585,10
13.0642795563,80.2835464478,31585,31595,10
13.0633001328,80.2833023071,31595,31605,10
13.0627403259,80.2831802368,31605,31616,11
13.062669754,80.2831573486,31616,31626,10
13.062620163,80.2831497192,31626,31636,10
13.0625801086,80.2831573486,31636,31646,10
13.0621299744,80.2830429077,31646,31656,10
13.0613603592,80.2828216553,31656,31666,10
13.0605297089,80.2826538086,31666,31676,10
13.0597295761,80.2825012207,31676,31686,10
13.0587100983,80.2822799683,31686,31696,10
13.0577898026,80.282119751,31696,31706,10
13.0568399429,80.2819213867,31706,31727,21
13.0568399429,80.2819213867,31727,31737,10
13.0564002991,80.281829834,31737,31747,10
13.0557699203,80.2817001343,31747,31757,10
13.0549201965,80.2815322876,31757,31767,10
13.0538702011,80.2813186646,31767,31777,10
13.052740097,80.2811279297,31777,31787,10
13.0516700745,80.2809829712,31787,31797,10
13.0509195328,80.2808837891,31797,31807,10
13.0502195358,80.2807693481,31807,31817,10
13.0494203568,80.2806625366,31817,31827,10
13.0484600067,80.2805175781,31827,31837,10
13.0473804474,80.2803573608,31837,31848,11
13.0456600189,80.280128479,31848,31868,20
13.0456600189,80.280128479,31868,31878,10
13.0453796387,80.280090332,31878,31888,10
13.0446901321,80.2799911499,31888,31898,10
13.0436201096,80.2798309326,31898,31918,20
13.0436201096,80.2798309326,31918,31928,10
13.0433101654,80.2797622681,31928,31938,10
13.0426502228,80.2796020508,31938,31948,10
13.0417203903,80.2794265747,31948,31959,11
13.0405197144,80.2791976929,31959,31969,10
13.039440155,80.2788772583,31969,31989,20
13.039440155,80.2788772583,31989,31999,10
13.0392799377,80.279296875,31999,32019,20
13.0392799377,80.279296875,32019,32029,10
13.0391998291,80.2796020508,32029,32039,10
13.0391101837,80.2799606323,32039,32049,10
13.0389099121,80.2803192139,32049,32059,10
13.0388298035,80.2803268433,32059,32068,9
13.0383300781,80.2802734375,32068,32090,22
13.0383300781,80.2802734375,32090,32100,10
13.0380496979,80.2802200317,32100,32110,10
13.037899971,80.2801971436,32110,32120,10
13.0375900269,80.280166626,32120,32130,10
13.037150383,80.280128479,32130,32140,10
13.0367698669,80.2800827026,32140,32150,10
13.0362195969,80.2800216675,32150,32160,10
13.0358600616,80.2799835205,32160,32170,10
13.0355100632,80.2799301147,32170,32180,10
13.0350503922,80.2798690796,32180,32191,11
13.0345401764,80.2798233032,32191,32201,10
13.0343599319,80.2798080444,32201,32211,10
13.0338897705,80.2797622681,32211,32221,10
13.0331697464,80.2796707153,32221,32231,10
13.0326900482,80.2796020508,32231,32241,10
13.0320196152,80.2795181274,32241,32251,10
13.0313501358,80.2794418335,32251,32261,10
13.0309000015,80.2793731689,32261,32271,10
13.0302495956,80.2792892456,32271,32281,10
13.0298204422,80.2792510986,32281,32291,10
13.0296401978,80.2792205811,32291,32301,10
13.0292797089,80.2791900635,32301,32312,11
13.0286197662,80.2791137695,32312,32322,10
13.0282096863,80.2790603638,32322,32332,10
13.0278100967,80.2790222168,32332,32342,10
13.0271596909,80.2789230347,32342,32352,10
13.0267896652,80.2788772583,32352,32362,10
13.0265798569,80.2788314819,32362,32372,10
13.0262403488,80.2787780762,32372,32382,10
13.0256500244,80.2787094116,32382,32392,10
13.0250997543,80.2786178589,32392,32402,10
13.0248298645,80.2785873413,32402,32411,9
13.0245895386,80.2785491943,32411,32423,12
13.0240497589,80.2784881592,32423,32433,10
13.0238103867,80.2784576416,32433,32443,10
13.0233402252,80.2783889771,32443,32453,10
13.0230398178,80.2783203125,32453,32463,10
13.0225896835,80.2781295776,32463,32473,10
13.0223197937,80.2778701782,32473,32483,10
13.0221996307,80.2774581909,32483,32493,10
13.0223302841,80.2770385742,32493,32503,10
13.0225095749,80.2767410278,32503,32513,10
13.0227804184,80.2762298584,32513,32523,10
13.0231599808,80.2755126953,32523,32533,10
13.0235996246,80.2746429443,32533,32544,11
13.0238199234,80.2741775513,32544,32554,10
13.023900032,80.2740325928,32554,32564,10
13.0238895416,80.2737426758,32564,32574,10
13.0235204697,80.2732620239,32574,32584,10
13.0230102539,80.2725830078,32584,32594,10
13.0223398209,80.2716903687,32594,32604,10
13.0216999054,80.2708587646,32604,32614,10
13.0210599899,80.2700576782,32614,32634,20
13.0210599899,80.2700576782,32634,32644,10
13.0208597183,80.2698287964,32644,32655,11
13.0205001831,80.2693862915,32655,32665,10
13.0199804306,80.2687225342,32665,32675,10
13.0194396973,80.2679977417,32675,32685,10
13.0190696716,80.2676086426,32685,32695,10
13.018819809,80.2672271729,32695,32705,10
13.0186595917,80.2665786743,32705,32715,10
13.0186395645,80.2659301758,32715,32725,10
13.018819809,80.2651977539,32725,32735,10
13.0190601349,80.2643432617,32735,32745,10
13.0190200806,80.2636184692,32745,32754,9
13.0189695358,80.263343811,32754,32766,12
13.0189399719,80.2631225586,32766,32776,10
13.0188903809,80.2627182007,32776,32786,10
13.0187902451,80.2619400024,32786,32796,10
13.0186195374,80.2612533569,32796,32806,10
13.017999649,80.260848999,32806,32816,10
13.0172100067,80.2603378296,32816,32826,10
13.0162601471,80.2597198486,32826,32846,20
13.0162601471,80.2597198486,32846,32856,10
13.0159301758,80.2595672607,32856,32866,10
13.0152597427,80.2593612671,32866,32876,10
13.0144300461,80.2592697144,32876,32887,11
13.0133104324,80.2592315674,32887,32897,10
13.0122404099,80.2592010498,32897,32907,10
13.0113296509,80.2591629028,32907,32917,10
13.0105304718,80.2591781616,32917,32927,10
13.0095701218,80.2592163086,32927,32987,60
13.0095701218,80.2592163086,32987,32998,11
13.0093297958,80.2591934204,32998,33008,10
13.0091400146,80.2592010498,33008,33018,10
13.0089502335,80.2592163086,33018,33028,10
13.0087404251,80.2591629028,33028,33038,10
13.0083799362,80.2591018677,33038,33048,10
13.0079698563,80.2592391968,33048,33058,10
13.007519722,80.2592773438,33058,33078,20
13.007519722,80.2592773438,33078,33088,10
13.0072097778,80.2587738037,33088,33108,20
13.0072097778,80.2587738037,33108,33119,11
13.0071601868,80.2585067749,33119,33129,10
13.0068998337,80.2580871582,33129,33139,10
13.0064401627,80.2576828003,33139,33149,10
13.0057096481,80.2573928833,33149,33159,10
13.0048904419,80.2571411133,33159,33169,10
13.0040302277,80.2569732666,33169,33179,10
13.0032596588,80.2568206787,33179,33250,71
13.0032596588,80.2568206787,33250,33260,10
13.0031404495,80.2567825317,33260,33270,10
13.002869606,80.2567367554,33270,33280,10
13.0024700165,80.256652832,33280,33290,10
13.0021400452,80.2566223145,33290,33300,10
13.0016298294,80.2565765381,33300,33310,10
13.0008602142,80.2564163208,33310,33320,10
13.0003404617,80.2563476563,33320,33330,10
13.0001802444,80.2562789917,33330,33339,9
12.999830246,80.2563018799,33339,33351,12
12.9991703033,80.2561416626,33351,33361,10
12.9987602234,80.2560577393,33361,33371,10
12.998749733,80.2560577393,33371,33381,10
12.9986095428,80.2560119629,33381,33391,10
12.9983596802,80.2559967041,33391,33401,10
12.9980401993,80.2559814453,33401,33411,10
12.9972801208,80.2559204102,33411,33472,61
12.9972801208,80.2559204102,33472,33482,10
12.9968900681,80.255859375,33482,33492,10
12.9965801239,80.255859375,33492,33502,10
12.9959602356,80.2558364868,33502,33512,10
12.9953804016,80.255821228,33512,33522,10
12.9947299957,80.2558822632,33522,33532,10
12.994020462,80.2559585571,33532,33542,10
12.9931697845,80.2560119629,33542,33552,10
12.992099762,80.2560501099,33552,33562,10
12.9911603928,80.2560272217,33562,33572,10
12.9907197952,80.2560119629,33572,33603,31
12.9907197952,80.2560119629,33603,33613,10
12.9903402328,80.2559967041,33613,33623,10
12.9899396896,80.2560272217,33623,33633,10
12.9894304276,80.2559585571,33633,33643,10
12.9885702133,80.255897522,33643,33663,20
12.9885702133,80.255897522,33663,33673,10
12.9881696701,80.255821228,33673,33704,31
12.9881696701,80.255821228,33704,33714,10
12.9879703522,80.2557678223,33714,33724,10
12.9877195358,80.2558135986,33724,33734,10
12.9876499176,80.2564086914,33734,33744,10
12.9875602722,80.2571792603,33744,33754,10
12.9874897003,80.258140564,33754,33764,10
12.9874095917,80.2590637207,33764,33774,10
12.9872303009,80.259727478,33774,33784,10
12.9866199493,80.2597503662,33784,33794,10
12.9859399796,80.2596588135,33794,33804,10
12.9852895737,80.2596435547,33804,33815,11
12.9852104187,80.2596511841,33815,33825,10
12.9850902557,80.2596130371,33825,33835,10
12.984919548,80.259552002,33835,33845,10
12.9846897125,80.2594833374,33845,33855,10
12.9843196869,80.2594604492,33855,33865,10
12.9837903976,80.2594223022,33865,33875,10
12.9830503464,80.2593765259,33875,33885,10
12.982339859,80.2593536377,33885,33895,10
12.9813995361,80.2593078613,33895,33905,10
12.9806995392,80.2592926025,33905,33915,10
12.9802398682,80.2592391968,33915,33926,11
12.9799499512,80.2592010498,33926,33936,10
12.9795398712,80.2591171265,33936,33946,10
12.9791898727,80.2590789795,33946,33956,10
12.9790697098,80.2590637207,33956,33966,10
12.9788303375,80.2590408325,33966,33976,10
12.9788198471,80.2590408325,33976,33986,10
12.9785203934,80.2590179443,33986,33996,10
12.9781999588,80.2590408325,33996,34006,10
12.9780101776,80.2590789795,34006,34016,10
12.9778995514,80.2591018677,34016,34026,10
12.9777297974,80.2591094971,34026,34036,10
12.9770498276,80.259147644,34036,34087,51
12.9770498276,80.259147644,34087,34097,10
12.9767103195,80.2590866089,34097,34107,10
12.9764995575,80.2590866089,34107,34127,20
12.9764995575,80.2590866089,34127,34137,10
12.9759597778,80.2589569092,34137,34218,81
12.9759597778,80.2589569092,34218,34228,10
12.9755296707,80.2588119507,34228,34238,10
12.9750003815,80.2586517334,34238,34248,10
12.9742002487,80.2584533691,34248,34258,10
12.9733600616,80.2582702637,34258,34268,10
12.9724397659,80.258140564,34268,34279,11
12.9712400436,80.258140564,34279,34289,10
12.9703702927,80.2580032349,34289,34299,10
12.9697303772,80.2577896118,34299,34309,10
12.9696598053,80.2577590942,34309,34319,10
12.9694595337,80.2576599121,34319,34329,10
12.9688301086,80.2574691772,34329,34339,10
12.9684295654,80.2573776245,34339,34349,10
12.9679603577,80.257232666,34349,34359,10
12.9671697617,80.2570419312,34359,34369,10
12.9665899277,80.2569274902,34369,34379,10
12.9663200378,80.2569122314,34379,34389,10
12.9659204483,80.2568435669,34389,34400,11
12.9656200409,80.2567596436,34400,34410,10
12.965470314,80.2567062378,34410,34420,10
12.9651002884,80.2566299438,34420,34430,10
12.9642400742,80.2565307617,34430,34450,20
12.9642400742,80.2565307617,34450,34460,10
12.9640302658,80.2565002441,34460,34470,10
12.9636802673,80.2564697266,34470,34480,10
12.9631204605,80.2564315796,34480,34490,10
12.9623403549,80.256362915,34490,34500,10
12.9618501663,80.2562866211,34500,34531,31
12.9618501663,80.2562866211,34531,34541,10
12.9617004395,80.2562484741,34541,34551,10
12.9609804153,80.2561187744,34551,34571,20
12.9609804153,80.2561187744,34571,34581,10
12.9608602524,80.256072998,34581,34591,10
12.960269928,80.2559509277,34591,34601,10
12.9596099854,80.2557983398,34601,34611,10
12.9588298798,80.2556533813,34611,34622,11
12.9582099915,80.2555236816,34622,34652,30
12.95814991,80.2553710938,34652,34672,20
12.95814991,80.2553710938,34672,34682,10
12.958530426,80.2554397583,34682,34773,91
12.958530426,80.2554397583,34773,34783,10
12.9587602615,80.2555465698,34783,34793,10
12.9593095779,80.2556991577,34793,34803,10
12.9601097107,80.2558822632,34803,34813,10
12.9613103867,80.2561416626,34813,34833,20
12.9613103867,80.2561416626,34833,34843,10
12.9617099762,80.2562637329,34843,34854,11
12.9623298645,80.2564086914,34854,34864,10
12.9626903534,80.2564697266,34864,34904,40
12.9626903534,80.2564697266,34904,34914,10
12.9630699158,80.2565078735,34914,34924,10
12.9632196426,80.2565231323,34924,34934,10
12.9633998871,80.2565231323,34934,34944,10
12.9635896683,80.2565307617,34944,34954,10
12.9636697769,80.2565383911,34954,34964,10
12.9639701843,80.2565689087,34964,34975,11
12.964509964,80.2566299438,34975,34985,10
12.9652900696,80.256729126,34985,34995,10
12.9658498764,80.2568283081,34995,35005,10
12.9659500122,80.2568511963,35005,35015,10
12.9664001465,80.2569274902,35015,35025,10
12.9671096802,80.2570571899,35025,35035,10
12.9679298401,80.2572479248,35035,35045,10
12.9687204361,80.2574615479,35045,35055,10
12.9692001343,80.2575836182,35055,35065,10
12.9696102142,80.2577209473,35065,35085,20
12.9696102142,80.2577209473,35085,35096,11
12.9700403214,80.2578964233,35096,35106,10
12.9708003998,80.2581100464,35106,35116,10
12.9718503952,80.2581176758,35116,35126,10
12.9729204178,80.2581710815,35126,35136,10
12.974029541,80.2583465576,35136,35156,20
12.974029541,80.2583465576,35156,35166,10
12.9743204117,80.2584533691,35166,35176,10
12.9748897552,80.2586212158,35176,35186,10
12.9757499695,80.2588729858,35186,35196,10
12.9766302109,80.2590866089,35196,35207,11
12.9768400192,80.2591094971,35207,35217,10
12.9773397446,80.2591323853,35217,35247,30
12.9773397446,80.2591323853,35247,35257,10
12.9775600433,80.2591323853,35257,35267,10
12.9779100418,80.2591171265,35267,35277,10
12.9785604477,80.2590866089,35277,35287,10
12.9793901443,80.2591171265,35287,35297,10
12.9800901413,80.2592163086,35297,35307,10
12.9806995392,80.2592773438,35307,35317,10
12.9814395905,80.2593078613,35317,35328,11
12.9826002121,80.2593612671,35328,35358,30
12.9826002121,80.2593612671,35358,35368,10
12.9830102921,80.2593917847,35368,35378,10
12.9836101532,80.2594223022,35378,35388,10
12.9839601517,80.2593765259,35388,35398,10
12.984000206,80.2589035034,35398,35408,10
12.9840602875,80.2581634521,35408,35418,10
12.9843301773,80.2578125,35418,35427,9
12.9849596024,80.2578277588,35427,35439,12
12.9859895706,80.2578887939,35439,35449,10
12.9867897034,80.2579574585,35449,35469,20
12.9867897034,80.2579574585,35469,35479,10
12.9874696732,80.2578125,35479,35499,20
12.9874696732,80.2578125,35499,35509,10
12.9875602722,80.2574615479,35509,35519,10
12.9875602722,80.2569503784,35519,35528,9
12.9876098633,80.2560272217,35528,35701,173
12.9876098633,80.2560272217,35701,35711,10
12.9877700806,80.2556381226,35711,35721,10
12.9886398315,80.2557983398,35721,35751,30
12.9886398315,80.2557983398,35751,35761,10
12.9890098572,80.2558517456,35761,35771,10
12.9896202087,80.2559204102,35771,35781,10
12.9902200699,80.2559661865,35781,35792,11
12.9904899597,80.2559661865,35792,35802,10
12.990650177,80.2559814453,35802,35812,10
12.9910402298,80.2560119629,35812,35822,10
12.9917097092,80.2560119629,35822,35832,10
12.9925498962,80.2559890747,35832,35842,10
12.9934997559,80.2559509277,35842,35852,10
12.9942302704,80.2559280396,35852,35862,10
12.9948596954,80.2558898926,35862,35872,10
12.9954500198,80.2558670044,35872,35882,10
12.9963302612,80.2558670044,35882,35933,51
12.9963302612,80.2558670044,35933,35943,10
12.996629715,80.2558822632,35943,35953,10
12.9969100952,80.255859375,35953,35963,10
12.9972295761,80.2558670044,35963,35973,10
12.9977998734,80.2558822632,35973,35983,10
12.9982595444,80.2559204102,35983,35993,10
12.9990596771,80.2560119629,35993,36044,51
12.9990596771,80.2560119629,36044,36054,10
12.9994001389,80.2561035156,36054,36064,10
12.9998197556,80.2562026978,36064,36074,10
13.0002098083,80.2562866211,36074,36084,10
13.0009298325,80.2564163208,36084,36094,10
13.0016498566,80.2565383911,36094,36104,10
13.0020399094,80.2565994263,36104,36114,10
13.0026397705,80.256690979,36114,36123,9
13.0032396317,80.2567672729,36123,36135,12
13.0042200089,80.256942749,36135,36145,10
13.0050401688,80.2571029663,36145,36155,10
13.0057601929,80.257270813,36155,36165,10
13.0058803558,80.25730896,36165,36175,10
13.0061101913,80.2573699951,36175,36215,40
13.0061101913,80.2573699951,36215,36225,10
13.0064897537,80.257522583,36225,36235,10
13.0068302155,80.2576980591,36235,36244,9
13.007109642,80.2582168579,36244,36256,12
13.007900238,80.2587738037,36256,36266,10
13.0085697174,80.2590179443,36266,36276,10
13.008600235,80.2590332031,36276,36286,10
13.0087795258,80.2590789795,36286,36296,10
13.0089998245,80.2590713501,36296,36306,10
13.0095396042,80.2590637207,36306,36316,10
13.0103702545,80.2590179443,36316,36326,10
13.0113096237,80.2590179443,36326,36336,10
13.0123500824,80.2590332031,36336,36346,10
13.0130195618,80.2590408325,36346,36356,10
13.0132102966,80.2590484619,36356,36365,9
13.0135202408,80.2590713501,36365,36377,12
13.0135297775,80.2590789795,36377,36387,10
13.0136404037,80.2590789795,36387,36397,10
13.013710022,80.2590789795,36397,36407,10
13.0140304565,80.2591018677,36407,36417,10
13.0142602921,80.2591094971,36417,36427,10
13.014550209,80.2591323853,36427,36437,10
13.014840126,80.2591400146,36437,36447,10
13.014960289,80.259147644,36447,36457,10
13.0150699615,80.259147644,36457,36467,10
13.0153999329,80.2591781616,36467,36477,10
13.0156497955,80.2592391968,36477,36488,11
13.0158195496,80.2593002319,36488,36498,10
13.01583004,80.2593078613,36498,36508,10
13.0161304474,80.2594604492,36508,36578,70
13.0163898468,80.2597198486,36578,36598,20
13.0163898468,80.2597198486,36598,36609,11
13.0165300369,80.2598190308,36609,36619,10
13.0166301727,80.2599182129,36619,36629,10
13.0169200897,80.2600784302,36629,36639,10
13.0172395706,80.2602767944,36639,36649,10
13.017539978,80.2604904175,36649,36659,10
13.0179100037,80.2607421875,36659,36669,10
13.0184001923,80.2610931396,36669,36679,10
13.0187196732,80.2613220215,36679,36689,10
13.018989563,80.2615814209,36689,36699,10
13.0193195343,80.2618408203,36699,36709,10
13.0196199417,80.2621994019,36709,36720,11
13.0201997757,80.2627334595,36720,36730,10
13.0201196671,80.2629776001,36730,36740,10
13.019610405,80.2629394531,36740,36750,10
13.0191898346,80.2629165649,36750,36760,10
13.019080162,80.2632064819,36760,36770,10
13.0191497803,80.2638168335,36770,36780,10
13.0190095901,80.2646484375,36780,36790,10
13.0188398361,80.2652206421,36790,36800,10
13.018699646,80.2658233643,36800,36810,10
13.0187101364,80.2665786743,36810,36820,10
13.0190095901,80.2673873901,36820,36831,11
13.0195903778,80.268157959,36831,36841,10
13.0201396942,80.2688598633,36841,36851,10
13.0205898285,80.2693481445,36851,36861,10
13.0207099915,80.2695388794,36861,36871,10
13.0209302902,80.2698669434,36871,36881,10
13.0213603973,80.2703781128,36881,36891,10
13.0214700699,80.2705230713,36891,36901,10
13.0215501785,80.2705993652,36901,36911,10
13.0218200684,80.2709274292,36911,36921,10
13.0222797394,80.2715072632,36921,36931,10
13.0228099823,80.2722015381,36931,36941,10
13.0233402252,80.2729492188,36941,36952,11
13.0237197876,80.2734832764,36952,36982,30
13.0237197876,80.2734832764,36982,36992,10
13.0239095688,80.273727417,36992,37002,10
13.0242395401,80.2741622925,37002,37012,10
13.024600029,80.2745819092,37012,37022,10
13.0254201889,80.2749404907,37022,37042,20
13.0254201889,80.2749404907,37042,37052,10
13.025560379,80.2750015259,37052,37062,10
13.0260000229,80.2752227783,37062,37073,11
13.0267601013,80.2755584717,37073,37083,10
13.0275001526,80.2759017944,37083,37093,10
13.0281600952,80.2761993408,37093,37103,10
13.0286197662,80.2763977051,37103,37113,10
13.0289201736,80.2764816284,37113,37123,10
13.0294704437,80.2766418457,37123,37133,10
13.0302200317,80.2768630981,37133,37143,10
13.0309400558,80.2772598267,37143,37153,10
13.031539917,80.277557373,37153,37163,10
13.0319595337,80.2775726318,37163,37173,10
13.0320796967,80.2775268555,37173,37184,11
13.0325098038,80.2774810791,37184,37194,10
13.0327301025,80.2774581909,37194,37204,10
13.0331802368,80.2774124146,37204,37234,30
13.0331802368,80.2774124146,37234,37244,10
13.0334196091,80.2773208618,37244,37254,10
13.0337400436,80.2772827148,37254,37264,10
13.0342998505,80.2774429321,37264,37274,10
13.0349798203,80.2776107788,37274,37284,10
13.0356302261,80.2777175903,37284,37294,10
13.0362701416,80.2778778076,37294,37305,11
13.0369901657,80.278137207,37305,37315,10
13.0376195908,80.2783279419,37315,37325,10
13.0382699966,80.278503418,37325,37335,10
13.0388402939,80.2786331177,37335,37345,10
13.0389204025,80.2786712646,37345,37355,10
13.0391702652,80.2787399292,37355,37365,10
13.0396604538,80.2788925171,37365,37375,10
13.0404195786,80.2791137695,37375,37385,10
13.0413703918,80.2793121338,37385,37395,10
13.0424804688,80.2794570923,37395,37405,10
13.0435800552,80.2796707153,37405,37416,11
13.0447702408,80.2799224854,37416,37426,10
13.0455703735,80.2800216675,37426,37436,10
13.045800209,80.2800369263,37436,37446,10
13.0460700989,80.280090332,37446,37456,10
13.0467195511,80.2801971436,37456,37466,10
13.0476198196,80.2803192139,37466,37476,10
13.0486803055,80.280456543,37476,37486,10
13.0493402481,80.2805633545,37486,37496,10
13.0493497849,80.2805633545,37496,37506,10
13.0496301651,80.280632019,37506,37516,10
13.0503196716,80.2807235718,37516,37525,9
13.0511398315,80.2808380127,37525,37537,12
13.0523300171,80.2810211182,37537,37547,10
13.0533103943,80.2811737061,37547,37557,10
13.0543498993,80.2813415527,37557,37567,10
13.0553598404,80.2815704346,37567,37577,10
13.0565395355,80.2817993164,37577,37597,20
13.0565395355,80.2817993164,37597,37607,10
13.0569000244,80.2818832397,37607,37617,10
13.0576095581,80.2820129395,37617,37627,10
13.0585002899,80.2822113037,37627,37637,10
13.0595197678,80.2824172974,37637,37648,11
13.0607004166,80.2826690674,37648,37658,10
13.0616903305,80.2828826904,37658,37668,10
13.0624799728,80.2830276489,37668,37678,10
13.0630903244,80.2831802368,37678,37688,10
13.0631799698,80.2832183838,37688,37698,10
13.0635299683,80.2832870483,37698,37708,10
13.0642404556,80.2834701538,37708,37718,10
13.0651102066,80.2836380005,37718,37728,10
13.0662097931,80.2838668823,37728,37738,10
13.0670700073,80.2840194702,37738,37748,10
13.0673799515,80.2840805054,37748,37758,10
13.0678596497,80.2841491699,37758,37769,11
13.0682001114,80.2842483521,37769,37779,10
13.0688695908,80.2844009399,37779,37789,10
13.0696401596,80.2845916748,37789,37799,10
13.0704298019,80.2848129272,37799,37809,10
13.0714101791,80.2850570679,37809,37819,10
13.0724802017,80.2853012085,37819,37829,10
13.0733995438,80.2852935791,37829,37839,10
13.0739002228,80.2854995728,37839,37849,10
13.0743503571,80.2860412598,37849,37859,10
13.0750703812,80.2865066528,37859,37869,10
13.0759000778,80.2869796753,37869,37879,10
13.0769195557,80.2872390747,37879,37890,11
13.0781097412,80.2875289917,37890,37900,10
13.0790395737,80.2878036499,37900,37910,10
13.07970047,80.2880172729,37910,37920,10
13.0797595978,80.2880172729,37920,37930,10
13.0798902512,80.2880325317,37930,37940,10
13.0804300308,80.2881469727,37940,37950,10
13.080909729,80.2882766724,37950,37960,10
13.0810098648,80.2883224487,37960,37970,10
13.081410408,80.2884674072,37970,37980,10
13.0821695328,80.2887496948,37980,37990,10
13.0829696655,80.2891235352,37990,38001,11
13.0839099884,80.2891616821,38001,38011,10
13.0848798752,80.2891387939,38011,38021,10
13.0858297348,80.2893218994,38021,38031,10
13.0868797302,80.2895507813,38031,38041,10
13.0876502991,80.2898330688,38041,38051,10
13.0883598328,80.2901000977,38051,38061,10
13.088809967,80.2901229858,38061,38081,20
13.088809967,80.2901229858,38081,38091,10
13.0888700485,80.2902984619,38091,38101,10
13.0886602402,80.2903900146,38101,38112,11
13.088139534,80.2901382446,38112,38122,10
13.0874204636,80.2898712158,38122,38132,10
13.0865697861,80.2896194458,38132,38142,10
13.0857601166,80.289390564,38142,38152,10
13.0853204727,80.2886734009,38152,38162,10
13.0851202011,80.2876663208,38162,38172,10
13.0852804184,80.2856216431,38172,38182,10
13.0852804184,80.2856216431,38182,38192,10
13.0853395462,80.2846908569,38192,38202,10
13.0859003067,80.2835235596,38202,38251,49
13.0871601105,80.2836608887,38251,38281,30
13.0871601105,80.2836608887,38281,38301,20
13.087679863,80.2836380005,38301,38311,10
13.0880498886,80.283706665,38311,38947,636
13.0880298615,80.2836990356,38947,38997,50
13.0880298615,80.2836990356,38997,39007,10
13.0881900787,80.2835922241,39007,39017,10
13.0882797241,80.2834777832,39017,39027,10
13.0882997513,80.2832107544,39027,39037,10
13.0882997513,80.2827529907,39037,39048,11
13.0882797241,80.282333374,39048,39058,10
13.0881795883,80.2818374634,39058,39068,10
13.0881500244,80.2814178467,39068,39078,10
13.0884599686,80.2816009521,39078,39088,10
13.0884199142,80.2820663452,39088,39098,10
13.088350296,80.2825164795,39098,39108,10
13.0882997513,80.282951355,39108,39118,10
13.0883398056,80.2835693359,39118,39128,10
13.0883598328,80.2841110229,39128,39138,10
13.0883998871,80.2851409912,39138,39239,101
13.0883998871,80.2851409912,39239,39249,10
13.0884504318,80.2856369019,39249,39259,10
13.0884599686,80.2860794067,39259,39269,10
13.0884799957,80.2864837646,39269,39280,11
13.0885095596,80.2869262695,39280,39290,10
13.0885400772,80.2874603271,39290,39300,10
13.0885601044,80.2876968384,39300,39310,10
13.0886001587,80.2882766724,39310,39320,10
13.0886497498,80.2886123657,39320,39330,10
13.0887098312,80.2890472412,39330,39340,10
13.0887403488,80.2894287109,39340,39350,10
13.0887403488,80.2895736694,39350,39360,10
13.0887699127,80.2899703979,39360,39401,41
13.0887699127,80.2899703979,39401,39411,10
13.0887804031,80.2900466919,39411,39421,10
13.0887899399,80.2902679443,39421,39431,10
13.0886497498,80.2904586792,39431,39441,10
13.0882101059,80.2902069092,39441,39451,10
13.0876502991,80.2899627686,39451,39461,10
13.0872001648,80.2897567749,39461,39471,10
13.0863895416,80.2894668579,39471,39481,10
13.0853796005,80.2892303467,39481,39491,10
13.0843896866,80.2891387939,39491,39501,10
13.0834598541,80.2891693115,39501,39512,11
13.0823402405,80.2889328003,39512,39522,10
13.081199646,80.288520813,39522,39532,10
13.0801296234,80.2882232666,39532,39552,20
13.0801296234,80.2882232666,39552,39562,10
13.080039978,80.2881774902,39562,39572,10
13.0795297623,80.2881011963,39572,39582,10
13.0787601471,80.2878036499,39582,39592,10
13.0777797699,80.2874984741,39592,39602,10
13.0766401291,80.2872085571,39602,39612,10
13.0754699707,80.286857605,39612,39622,10
13.0744400024,80.2862167358,39622,39633,11
13.0731897354,80.2858810425,39633,39643,10
13.0721302032,80.2853622437,39643,39653,10
13.0708904266,80.2850189209,39653,39663,10
13.0696296692,80.2847290039,39663,39673,10
13.0684499741,80.2844619751,39673,39683,10
13.0680799484,80.2843780518,39683,39693,10
13.0679798126,80.284362793,39693,39703,10
13.0673999786,80.2843017578,39703,39713,10
13.0665397644,80.2841033936,39713,39723,10
13.0655202866,80.2838668823,39723,39732,9
13.0646295547,80.2836685181,39732,39744,12
13.0642404556,80.2835769653,39744,39754,10
13.0642004013,80.2835617065,39754,39764,10
13.0637998581,80.2834396362,39764,39774,10
13.0631103516,80.2832565308,39774,39784,10
13.0625200272,80.2831268311,39784,39794,10
13.0624103546,80.2831192017,39794,39804,10
13.061920166,80.2830123901,39804,39814,10
13.0611600876,80.2828292847,39814,39824,10
13.0603599548,80.2826538086,39824,39834,10
13.0594301224,80.2824630737,39834,39844,10
13.0584402084,80.2822570801,39844,39854,10
13.0577001572,80.282119751,39854,39865,11
13.0569200516,80.2819595337,39865,39875,10
13.0567102432,80.2819137573,39875,39885,10
13.056599617,80.2818908691,39885,39895,10
13.0560398102,80.2817764282,39895,39905,10
13.0552196503,80.2816009521,39905,39915,10
13.0542001724,80.2813796997,39915,39925,10
13.0530796051,80.2811889648,39925,39935,10
13.0519504547,80.28099823,39935,39945,10
13.0510196686,80.2808837891,39945,39955,10
13.0504798889,80.2808303833,39955,39965,10
13.0502595901,80.2807998657,39965,39976,11
13.0498600006,80.2807388306,39976,39986,10
13.0491399765,80.280632019,39986,39996,10
13.0482797623,80.2805099487,39996,40006,10
13.047369957,80.2803726196,40006,40016,10
13.0464296341,80.2802505493,40016,40026,10
13.0455303192,80.280128479,40026,40036,10
13.0445804596,80.2799987793,40036,40046,10
13.0437402725,80.279876709,40046,40056,10
13.0430803299,80.2797622681,40056,40066,10
13.0422401428,80.2795715332,40066,40076,10
13.0411996841,80.2793884277,40076,40085,9
13.0402603149,80.2791900635,40085,40097,12
13.0390396118,80.2788619995,40097,40117,20
13.0390396118,80.2788619995,40117,40127,10
13.038769722,80.2787475586,40127,40137,10
13.0381498337,80.2785415649,40137,40147,10
13.0375204086,80.2783889771,40147,40157,10
13.0371599197,80.2782897949,40157,40167,10
13.0365104675,80.2780227661,40167,40177,10
13.0356903076,80.2778015137,40177,40187,10
13.0349302292,80.2776412964,40187,40197,10
13.0342998505,80.2775192261,40197,40207,10
13.0335597992,80.277381897,40207,40218,11
13.0331001282,80.2774810791,40218,40228,10
13.0329399109,80.2774810791,40228,40238,10
13.0327596664,80.2775115967,40238,40248,10
13.0326099396,80.2775421143,40248,40258,10
13.032119751,80.2775878906,40258,40268,10
13.0314998627,80.2776184082,40268,40278,10
13.0308904648,80.2773132324,40278,40298,20
13.0308904648,80.2773132324,40298,40308,10
13.0305900574,80.2771072388,40308,40317,9
13.0300703049,80.2768630981,40317,40329,12
13.0291204453,80.2765808105,40329,40339,10
13.0285100937,80.2763824463,40339,40349,10
13.027879715,80.2761077881,40349,40359,10
13.0271396637,80.2757797241,40359,40369,10
13.0259895325,80.2752609253,40369,40389,20
13.0259895325,80.2752609253,40389,40399,10
13.0257301331,80.2751235962,40399,40409,10
13.0252599716,80.2749176025,40409,40419,10
13.0245199203,80.274559021,40419,40429,10
13.0243902206,80.2744064331,40429,40440,11
13.0242595673,80.2742385864,40440,40450,10
13.0239400864,80.2738189697,40450,40460,10
13.0234899521,80.2732086182,40460,40470,10
13.0229501724,80.2724990845,40470,40480,10
13.0222997665,80.2716598511,40480,40490,10
13.0216903687,80.2708587646,40490,40500,10
13.0211496353,80.2702178955,40500,40510,10
13.0208997726,80.2699203491,40510,40530,20
13.0208997726,80.2699203491,40530,40540,10
13.0207500458,80.2696762085,40540,40550,10
13.0204496384,80.2693023682,40550,40561,11
13.0198602676,80.268661499,40561,40571,10
13.0192804337,80.2679519653,40571,40581,10
13.0187702179,80.2672805786,40581,40591,10
13.0186004639,80.2664489746,40591,40601,10
13.0186395645,80.2658004761,40601,40611,10
13.0188102722,80.2650985718,40611,40621,10
13.0190401077,80.264213562,40621,40631,10
13.0189800262,80.2635269165,40631,40641,10
13.0188999176,80.2630767822,40641,40651,10
13.0188102722,80.262336731,40651,40661,10
13.018699646,80.2616424561,40661,40671,10
13.0186004639,80.2612915039,40671,40682,11
13.0182800293,80.2610473633,40682,40692,10
13.0178604126,80.2607727051,40692,40702,10
13.0172796249,80.2603912354,40702,40712,10
13.0166797638,80.2600097656,40712,40722,10
13.0161304474,80.259727478,40722,40732,10
13.0160598755,80.2596969604,40732,40742,10
13.0157604218,80.2595596313,40742,40752,10
13.0151596069,80.2593765259,40752,40762,10
13.0143995285,80.2593002319,40762,40772,10
13.0135002136,80.259262085,40772,40782,10
13.0124797821,80.2592163086,40782,40793,11
13.0114898682,80.2591934204,40793,40803,10
13.0106296539,80.2592010498,40803,40813,10
13.0097503662,80.2591934204,40813,40823,10
13.009180069,80.2591781616,40823,40833,10
13.0088396072,80.2591934204,40833,40843,10
13.0085802078,80.2591781616,40843,40853,10
13.0081396103,80.2592010498,40853,40863,10
13.0075798035,80.2593307495,40863,40873,10
13.0072402954,80.2589416504,40873,40883,10
13.0071802139,80.2586898804,40883,40893,10
13.0071401596,80.2585601807,40893,40903,10
13.0069198608,80.2582092285,40903,40914,11
13.0067100525,80.2579421997,40914,40924,10
13.0062198639,80.257598877,40924,40934,10
13.0055799484,80.2574005127,40934,40944,10
13.0048599243,80.2572021484,40944,40954,10
13.0040597916,80.2570495605,40954,40974,20
13.0040597916,80.2570495605,40974,40984,10
13.0038499832,80.2570037842,40984,40994,10
13.0036697388,80.256942749,40994,41004,10
13.0035295486,80.2569198608,41004,41014,10
13.0032396317,80.2568588257,41014,41025,11
13.002790451,80.2567901611,41025,41075,50
13.002790451,80.2567901611,41075,41085,10
13.0024700165,80.2567214966,41085,41095,10
13.0020799637,80.256652832,41095,41105,10
13.0015897751,80.2565765381,41105,41115,10
13.00096035,80.2565002441,41115,41125,10
12.9999599457,80.2563171387,41125,41146,21
12.9999599457,80.2563171387,41146,41156,10
12.9998197556,80.2562789917,41156,41166,10
12.9995002747,80.2562332153,41166,41176,10
12.9991197586,80.2561721802,41176,41186,10
12.9987602234,80.256111145,41186,41196,10
12.9987401962,80.2561035156,41196,41206,10
12.9984798431,80.256072998,41206,41216,10
12.9981298447,80.2559967041,41216,41226,10
12.9978399277,80.2559432983,41226,41236,10
12.9976596832,80.2559280396,41236,41245,9
12.9971199036,80.2559127808,41245,41267,22
12.9971199036,80.2559127808,41267,41277,10
12.9967002869,80.255897522,41277,41287,10
12.9962596893,80.2559127808,41287,41297,10
12.9960298538,80.255897522,41297,41307,10
12.995639801,80.2558898926,41307,41317,10
12.9952001572,80.2559509277,41317,41327,10
12.9946804047,80.2559204102,41327,41337,10
12.9942703247,80.2559585571,41337,41347,10
12.9935903549,80.2559814453,41347,41357,10
12.9926395416,80.2560119629,41357,41367,10
12.9917898178,80.2560424805,41367,41378,11
12.9912700653,80.2560272217,41378,41388,10
12.9909601212,80.2560272217,41388,41398,10
12.9907398224,80.2559967041,41398,41408,10
12.9905500412,80.2559890747,41408,41418,10
12.9901504517,80.2560195923,41418,41428,10
12.9894895554,80.2559585571,41428,41438,10
12.9886102676,80.2559280396,41438,41458,20
12.9886102676,80.2559280396,41458,41468,10
12.9883899689,80.2559280396,41468,41488,20
12.9883899689,80.2559280396,41488,41499,11
12.9881401062,80.255897522,41499,41509,10
12.9877500534,80.2558822632,41509,41519,10
12.9876098633,80.2563476563,41519,41529,10
12.9875602722,80.2568511963,41529,41539,10
12.9874696732,80.2575073242,41539,41549,10
12.9874000549,80.2581100464,41549,41559,10
12.9873800278,80.2588424683,41559,41579,20
12.9873800278,80.2588424683,41579,41589,10
12.9873600006,80.2591323853,41589,41599,10
12.9872703552,80.259552002,41599,41610,11
12.9869298935,80.2598266602,41610,41620,10
12.9862604141,80.259803772,41620,41630,10
12.9858398438,80.2597122192,41630,41640,10
12.9854097366,80.2596664429,41640,41650,10
12.9850797653,80.2596817017,41650,41670,20
12.9850797653,80.2596817017,41670,41680,10
12.9848003387,80.2595977783,41680,41690,10
12.9843196869,80.2595367432,41690,41700,10
12.9838199615,80.2595062256,41700,41710,10
12.9832897186,80.2594680786,41710,41720,10
12.9829998016,80.2594223022,41720,41731,11
12.9826097488,80.2593917847,41731,41741,10
12.981880188,80.2593383789,41741,41751,10
12.9810400009,80.2593383789,41751,41761,10
12.9804801941,80.2593002319,41761,41771,10
12.9798698425,80.2592163086,41771,41781,10
12.9790201187,80.2591018677,41781,41791,10
12.9777603149,80.2590789795,41791,41862,71
12.9777603149,80.2590789795,41862,41872,10
12.9775295258,80.2591629028,41872,41882,10
12.9765100479,80.2591018677,41882,41902,20
12.9765100479,80.2591018677,41902,41912,10
12.9761104584,80.2590103149,41912,41922,10
12.9754295349,80.2588195801,41922,41932,10
12.9747495651,80.2586288452,41932,41942,10
12.9739398956,80.2584228516,41942,41951,9
12.97315979,80.2582397461,41951,41963,12
12.9719800949,80.2581176758,41963,41973,10
12.9709997177,80.2581100464,41973,41983,10
12.9700603485,80.2578887939,41983,41993,10
12.9695796967,80.2577285767,41993,42003,10
12.9695701599,80.2577285767,42003,42013,10
12.969329834,80.2576217651,42013,42023,10
12.9687204361,80.2574386597,42023,42033,10
12.968170166,80.2573165894,42033,42043,10
12.9674100876,80.2571182251,42043,42053,10
12.9666900635,80.256980896,42053,42063,10
12.9662504196,80.2569122314,42063,42073,10
12.9662303925,80.2569122314,42073,42084,11
12.9657402039,80.2568206787,42084,42094,10
12.9649896622,80.2566833496,42094,42104,10
12.9640798569,80.2565612793,42104,42114,10
12.9630498886,80.2564620972,42114,42124,10
12.9620895386,80.2563476563,42124,42134,10
12.961689949,80.2562789917,42134,42144,10
12.9611101151,80.2561798096,42144,42154,10
12.960849762,80.2561187744,42154,42164,10
12.9606895447,80.2560806274,42164,42174,10
12.9600896835,80.2559661865,42174,42184,10
12.9592399597,80.2557983398,42184,42195,11
12.9581899643,80.2555999756,42195,42205,10
12.9574403763,80.2554168701,42205,42215,10
12.9564504623,80.2552719116,42215,42225,10
12.9555797577,80.2552337646,42225,42235,10
12.955329895,80.2552337646,42235,42245,10
12.9549598694,80.2552185059,42245,42255,10
12.9543304443,80.2552108765,42255,42265,10
12.954079628,80.2552108765,42265,42275,10
12.9536304474,80.2551879883,42275,42285,10
12.9528598785,80.2551727295,42285,42295,10
12.951880455,80.2551116943,42295,42305,10
12.9505195618,80.2550201416,42305,42326,21
12.9505195618,80.2550201416,42326,42336,10
12.9502696991,80.2549591064,42336,42346,10
12.9495897293,80.2548217773,42346,42356,10
12.9488601685,80.2546310425,42356,42366,10
12.9479904175,80.2543716431,42366,42376,10
12.9469203949,80.2540664673,42376,42386,10
12.9457397461,80.2538604736,42386,42396,10
12.9445400238,80.2537002563,42396,42406,10
12.9436397552,80.2535476685,42406,42416,10
12.9429197311,80.2534103394,42416,42427,11
12.9420900345,80.253288269,42427,42437,10
12.9413099289,80.2531585693,42437,42447,10
12.9404602051,80.2529830933,42447,42457,10
12.9395599365,80.2528533936,42457,42467,10
12.9384298325,80.2527618408,42467,42487,20
12.9384298325,80.2527618408,42487,42497,10
12.9382400513,80.2526473999,42497,42507,10
12.9378204346,80.2525634766,42507,42517,10
12.9370803833,80.252456665,42517,42527,10
12.93612957,80.2523727417,42527,42537,10
12.9349603653,80.252243042,42537,42548,11
12.933719635,80.2521133423,42548,42558,10
12.9326601028,80.2519989014,42558,42568,10
12.9315900803,80.2518692017,42568,42578,10
12.9305095673,80.251739502,42578,42588,10
12.9295597076,80.2516326904,42588,42598,10
12.9287500381,80.2515716553,42598,42608,10
12.9278097153,80.2515029907,42608,42618,10
12.9273796082,80.251449585,42618,42628,10
12.9273700714,80.251449585,42628,42638,10
12.9270296097,80.251411438,42638,42648,10
12.9263401031,80.2512969971,42648,42659,11
12.925239563,80.2512207031,42659,42669,10
12.9240598679,80.2511978149,42669,42679,10
12.9229097366,80.2511062622,42679,42689,10
12.9216604233,80.2511520386,42689,42699,10
12.9204902649,80.251411438,42699,42709,10
12.9196195602,80.2511291504,42709,42719,10
12.9188404083,80.2509002686,42719,42749,30
12.9188404083,80.2509002686,42749,42759,10
12.9186496735,80.2508468628,42759,42769,10
12.9181098938,80.2507476807,42769,42780,11
12.9173202515,80.2506408691,42780,42790,10
12.9162797928,80.2505264282,42790,42800,10
12.9152002335,80.2504806519,42800,42810,10
12.9146099091,80.2504425049,42810,42820,10
12.9145898819,80.2504272461,42820,42830,10
12.9145298004,80.2503509521,42830,42840,10
12.9146299362,80.25025177,42840,42880,40
12.9146299362,80.25025177,42880,42890,10
12.9151096344,80.2502975464,42890,42941,51
12.9151096344,80.2502975464,42941,42951,10
12.9153203964,80.2503433228,42951,42961,10
12.9159498215,80.2503967285,42961,42971,10
12.9168395996,80.25050354,42971,42981,10
12.9178600311,80.2506332397,42981,42991,10
12.9189100266,80.2508163452,42991,43000,9
12.9195699692,80.2510375977,43000,43012,12
12.9200801849,80.2511978149,43012,43334,322
12.9200801849,80.2511978149,43334,43344,10
12.9201803207,80.2512817383,43344,43354,10
12.9204797745,80.2513427734,43354,43365,11
12.9204902649,80.2513427734,43365,43375,10
12.9208698273,80.2513427734,43375,43385,10
12.921500206,80.2511978149,43385,43395,10
12.9223299026,80.2510604858,43395,43405,10
12.9232702255,80.2511062622,43405,43415,10
12.9241695404,80.251159668,43415,43425,10
12.924949646,80.2511901855,43425,43435,10
12.9258899689,80.2512207031,43435,43445,10
12.9269104004,80.2513427734,43445,43455,10
12.9277801514,80.251411438,43455,43465,10
12.9286603928,80.2515029907,43465,43475,10
12.9293203354,80.2515487671,43475,43486,11
12.9294099808,80.2515487671,43486,43496,10
12.9297599792,80.2515869141,43496,43506,10
12.9304199219,80.2516708374,43506,43516,10
12.9312200546,80.2517623901,43516,43526,10
12.9320602417,80.2518692017,43526,43536,10
12.9328699112,80.2519607544,43536,43546,10
12.9338302612,80.2520980835,43546,43556,10
12.9349002838,80.2522201538,43556,43566,10
12.9359502792,80.2523422241,43566,43576,10
12.9364004135,80.2523803711,43576,43586,10
12.9368801117,80.2524414063,43586,43596,10
12.9376897812,80.2525482178,43596,43607,11
12.9384202957,80.2526473999,43607,43637,30
12.9384202957,80.2526473999,43637,43647,10
12.9386396408,80.2527084351,43647,43657,10
12.9389600754,80.2527618408,43657,43667,10
12.9396095276,80.2528076172,43667,43677,10
12.9404802322,80.2529296875,43677,43687,10
12.9413795471,80.2531204224,43687,43697,10
12.942199707,80.2532272339,43697,43798,101
12.942199707,80.2532272339,43798,43808,10
12.9425096512,80.2533493042,43808,43818,10
12.9428901672,80.2534103394,43818,43828,10
12.9435596466,80.2535324097,43828,43839,11
12.9444999695,80.2536773682,43839,43849,10
12.9453601837,80.2537918091,43849,43859,10
12.9462499619,80.2539215088,43859,43869,10
12.9471197128,80.2541122437,43869,43879,10
12.9478302002,80.2543029785,43879,43889,10
12.948340416,80.2544326782,43889,44081,192
12.948340416,80.2544326782,44081,44091,10
12.9488296509,80.2545776367,44091,44101,10
12.948969841,80.2546234131,44101,44111,10
12.9496202469,80.2547912598,44111,44131,20
12.9496202469,80.2547912598,44131,44141,10
12.9499702454,80.2548904419,44141,44151,10
12.9505596161,80.2550201416,44151,44161,10
12.9513702393,80.2550888062,44161,44171,10
12.952249527,80.2551193237,44171,44181,10
12.9530801773,80.2551498413,44181,44192,11
12.9540901184,80.2551498413,44192,44202,10
12.9545297623,80.2551498413,44202,44212,10
12.9545402527,80.2551498413,44212,44222,10
12.9549303055,80.2551727295,44222,44232,10
12.9555301666,80.2551803589,44232,44242,10
12.9563503265,80.2552108765,44242,44252,10
12.9572000504,80.255317688,44252,44262,10
12.9579296112,80.2554168701,44262,44272,10
12.9585399628,80.255531311,44272,44282,10
12.9593601227,80.2556762695,44282,44292,10
12.9602603912,80.2558898926,44292,44302,10
12.9610004425,80.2560577393,44302,44313,11
12.9611501694,80.2561035156,44313,44323,10
12.9612703323,80.256149292,44323,44333,10
12.9616203308,80.2562637329,44333,44343,10
12.9621801376,80.2563934326,44343,44353,10
12.9629602432,80.2564697266,44353,44363,10
12.96352005,80.2565231323,44363,44373,10
12.9639997482,80.2565612793,44373,44383,10
12.964679718,80.256652832,44383,44393,10
12.9654598236,80.2567596436,44393,44403,10
12.9662599564,80.2568817139,44403,44412,9
12.9670696259,80.2570114136,44412,44424,12
12.9681901932,80.2573165894,44424,44434,10
12.9689903259,80.2575378418,44434,44444,10
12.969499588,80.2576828003,44444,44454,10
12.9695196152,80.2576904297,44454,44464,10
12.969619751,80.2577362061,44464,44474,10
12.9699897766,80.2578582764,44474,44484,10
12.9706096649,80.2580413818,44484,44494,10
12.9713201523,80.2581634521,44494,44504,10
12.972240448,80.2581100464,44504,44514,10
12.9731502533,80.2582168579,44514,44524,10
12.9737300873,80.2583389282,44524,44534,10
12.9738197327,80.2583694458,44534,44545,11
12.9742698669,80.2584609985,44545,44555,10
12.9747896194,80.2585830688,44555,44565,10
12.9753704071,80.2587509155,44565,44575,10
12.9760503769,80.2589492798,44575,44585,10
12.9767799377,80.2591094971,44585,44605,20
12.9767799377,80.2591094971,44605,44615,10
12.9769496918,80.2591629028,44615,44625,10
12.9773302078,80.2591781616,44625,44645,20
12.9773302078,80.2591781616,44645,44656,11
12.9775695801,80.2591705322,44656,44666,10
12.9780502319,80.2591629028,44666,44676,10
12.9787797928,80.2591323853,44676,44686,10
12.9796199799,80.2592315674,44686,44696,10
12.9804401398,80.2593307495,44696,44706,10
12.981010437,80.2593612671,44706,44716,10
12.9816598892,80.2593994141,44716,44726,10
12.9825601578,80.2594070435,44726,44736,10
12.9834003448,80.259437561,44736,44746,10
12.9839696884,80.2593002319,44746,44756,10
12.9840202332,80.2587585449,44756,44766,10
12.9840803146,80.258102417,44766,44777,11
12.9843902588,80.2577362061,44777,44787,10
12.9847602844,80.2577209473,44787,44867,80
12.9847602844,80.2577209473,44867,44877,10
12.9849996567,80.2576980591,44877,44908,31
12.9849996567,80.2576980591,44908,44918,10
12.9851799011,80.2577362061,44918,44928,10
12.9856300354,80.2578277588,44928,44938,10
12.9863700867,80.2578964233,44938,44948,10
12.9868803024,80.2580108643,44948,44988,40
12.9868803024,80.2580108643,44988,44998,10
12.9871196747,80.2580490112,44998,45009,11
12.9874601364,80.2579803467,45009,45019,10
12.9875097275,80.2573928833,45019,45029,10
12.9875497818,80.2562332153,45029,45099,70
12.9875497818,80.2562332153,45099,45109,10
12.9875402451,80.2560424805,45109,45119,10
12.9876098633,80.2558135986,45119,45130,11
12.9878501892,80.2557830811,45130,45140,10
12.988530159,80.2558670044,45140,45160,20
12.988530159,80.2558670044,45160,45170,10
12.9887399673,80.2558822632,45170,45180,10
12.9892396927,80.2559509277,45180,45190,10
12.9899902344,80.2560272217,45190,45200,10
12.9904899597,80.2560119629,45200,45210,10
12.9910202026,80.2560195923,45210,45220,10
12.9918203354,80.2560424805,45220,45230,10
12.992770195,80.2560195923,45230,45241,11
12.9937801361,80.2559661865,45241,45251,10
12.9944801331,80.2559204102,45251,45261,10
12.9951696396,80.2558822632,45261,45271,10
12.99559021,80.2558822632,45271,45281,10
12.9959201813,80.2558670044,45281,45321,40
12.9959201813,80.2558670044,45321,45331,10
12.9960699081,80.255859375,45331,45341,10
12.9965801239,80.255859375,45341,45350,9
12.996919632,80.2558822632,45350,45362,12
12.9973201752,80.255897522,45362,45372,10
12.9978599548,80.2559204102,45372,45382,10
12.9984102249,80.2559814453,45382,45402,20
12.9984102249,80.2559814453,45402,45412,10
12.9987001419,80.2560195923,45412,45452,40
12.9987001419,80.2560195923,45452,45462,10
12.9989204407,80.2560577393,45462,45471,9
12.9992904663,80.2561187744,45471,45483,12
12.9999599457,80.2562484741,45483,45493,10
13.0003995895,80.2563400269,45493,45503,10
13.0007200241,80.2564086914,45503,45513,10
13.0010404587,80.2564468384,45513,45523,10
13.0013103485,80.2565231323,45523,45533,10
13.0017900467,80.2566223145,45533,45543,10
13.002409935,80.2567062378,45543,45553,10
13.002820015,80.2567901611,45553,45563,10
13.0031404495,80.2568511963,45563,45573,10
13.0036497116,80.256942749,45573,45583,10
13.0042200089,80.2570495605,45583,45594,11
13.0048599243,80.2571792603,45594,45604,10
13.0053701401,80.2572479248,45604,45624,20
13.0053701401,80.2572479248,45624,45634,10
13.0056800842,80.2573318481,45634,45644,10
13.0061302185,80.2574386597,45644,45654,10
13.0067100525,80.2575683594,45654,45664,10
13.0069198608,80.2578964233,45664,45674,10
13.0072603226,80.2583999634,45674,45684,10
13.0079202652,80.2587509155,45684,45694,10
13.0084495544,80.2589416504,45694,45704,10
13.0084695816,80.2589492798,45704,45715,11
13.0087404251,80.2590789795,45715,45725,10
13.008939743,80.2590789795,45725,45735,10
13.0092697144,80.2590637207,45735,45745,10
13.0099601746,80.2590789795,45745,45755,10
13.0108604431,80.2590866089,45755,45765,10
13.0119104385,80.2591018677,45765,45775,10
13.0131397247,80.2591629028,45775,45785,10
13.0144195557,80.2592086792,45785,45795,10
13.0155496597,80.2592926025,45795,45805,10
13.0162401199,80.259552002,45805,45815,10
13.016289711,80.2595825195,45815,45826,11
13.0163898468,80.2596588135,45826,45836,10
13.0166702271,80.2598876953,45836,45846,10
13.0170202255,80.2601089478,45846,45856,10
13.0175600052,80.2604675293,45856,45866,10
13.0179004669,80.2607116699,45866,45876,10
13.0182304382,80.2609863281,45876,45886,10
13.0186395645,80.2612991333,45886,45896,10
13.0188903809,80.2614898682,45896,45906,10
13.0191001892,80.2616577148,45906,45916,10
13.019200325,80.2617263794,45916,45926,10
13.0194301605,80.2619628906,45926,45936,10
13.0197496414,80.2622909546,45936,45947,11
13.0202302933,80.2627487183,45947,45957,10
13.0201396942,80.2629699707,45957,45967,10
13.0195503235,80.2629470825,45967,45977,10
13.0190696716,80.2629623413,45977,45987,10
13.0190200806,80.2633895874,45987,45997,10
13.0190601349,80.2641525269,45997,46007,10
13.0188903809,80.2649917603,46007,46017,10
13.0187702179,80.2654800415,46017,46027,10
13.0186700821,80.2661437988,46027,46037,10
13.0187501907,80.2668991089,46037,46047,10
13.0191802979,80.2677001953,46047,46058,11
13.0198497772,80.2685012817,46058,46068,10
13.0204801559,80.2692871094,46068,46078,10
13.0210504532,80.2699508667,46078,46088,10
13.0215501785,80.2705612183,46088,46098,10
13.0221099854,80.2712631226,46098,46108,10
13.0225296021,80.2717895508,46108,46189,81
13.0225296021,80.2717895508,46189,46199,10
13.0227003098,80.2720413208,46199,46209,10
13.0228204727,80.2722091675,46209,46219,10
13.023059845,80.2725372314,46219,46229,10
13.0233602524,80.2729415894,46229,46239,10
13.023639679,80.2733535767,46239,46249,10
13.023900032,80.2736968994,46249,46259,10
13.0239295959,80.2737426758,46259,46269,10
13.0240497589,80.2739028931,46269,46279,10
13.024189949,80.2740936279,46279,46290,11
13.0244102478,80.2743682861,46290,46300,10
13.0246801376,80.2745895386,46300,46310,10
13.024939537,80.2747192383,46310,46320,10
13.0251703262,80.2748336792,46320,46330,10
13.0253896713,80.2749099731,46330,46340,10
13.0254402161,80.2749404907,46340,46350,10
13.025759697,80.2750701904,46350,46360,10
13.0261802673,80.2752838135,46360,46370,10
13.0266304016,80.2754669189,46370,46380,10
13.0269899368,80.2756500244,46380,46390,10
13.027299881,80.2758102417,46390,46399,9
13.0276203156,80.2759475708,46399,46411,12
13.0278396606,80.2760314941,46411,46421,10
13.0282497406,80.2761917114,46421,46451,30
13.0282497406,80.2761917114,46451,46461,10
13.0288095474,80.2764205933,46461,46471,10
13.0293397903,80.2765808105,46471,46481,10
13.0296497345,80.2766723633,46481,46491,10
13.0300102234,80.276802063,46491,46501,10
13.0306596756,80.2770614624,46501,46511,10
13.0311098099,80.2773513794,46511,46521,10
13.0314397812,80.2774963379,46521,46532,11
13.03166008,80.2775115967,46532,46542,10
13.0319795609,80.2775115967,46542,46552,10
13.031999588,80.2775115967,46552,46562,10
13.0321798325,80.2775115967,46562,46572,10
13.032500267,80.2774963379,46572,46582,10
13.0330400467,80.2774581909,46582,46592,10
13.0333404541,80.2773895264,46592,46602,10
13.0334196091,80.2773590088,46602,46612,10
13.0335903168,80.2773666382,46612,46622,10
13.0339097977,80.2774200439,46622,46673,51
13.0339097977,80.2774200439,46673,46683,10
13.0342798233,80.2774963379,46683,46693,10
13.0345001221,80.2775268555,46693,46703,10
13.0352201462,80.2776489258,46703,46723,20
13.0352201462,80.2776489258,46723,46733,10
13.0353603363,80.2776870728,46733,46743,10
13.0358295441,80.2777862549,46743,46753,10
13.0365400314,80.277961731,46753,46764,11
13.0373001099,80.2782363892,46764,46774,10
13.0380296707,80.2784500122,46774,46784,10
13.0386695862,80.2786102295,46784,46794,10
13.0386896133,80.2786178589,46794,46804,10
13.0389499664,80.2787017822,46804,46814,10
13.0393104553,80.2788391113,46814,46824,10
13.0399999619,80.2790374756,46824,46834,10
13.04088974,80.2792510986,46834,46844,10
13.0419197083,80.2794265747,46844,46854,10
13.0427398682,80.2795181274,46854,46864,10
13.0429601669,80.2795333862,46864,46875,11
13.0430402756,80.2795410156,46875,46885,10
13.0433998108,80.2796478271,46885,46895,10
13.0438804626,80.279800415,46895,46905,10
13.0445404053,80.2799377441,46905,46915,10
13.0453596115,80.2800521851,46915,46925,10
13.0460195541,80.280128479,46925,46935,10
13.046090126,80.2801437378,46935,46945,10
13.0465297699,80.2801971436,46945,46955,10
13.0473098755,80.2802963257,46955,46965,10
13.0482702255,80.2804412842,46965,46975,10
13.0492401123,80.2805786133,46975,46985,10
13.0499601364,80.2806930542,46985,46996,11
13.0505304337,80.2807769775,46996,47006,10
13.0512199402,80.2808990479,47006,47016,10
13.0520496368,80.2810287476,47016,47026,10
13.0529003143,80.2811584473,47026,47036,10
13.0537595749,80.281288147,47036,47046,10
13.0545701981,80.2814483643,47046,47056,10
13.0553798676,80.2816009521,47056,47066,10
13.0562400818,80.2817611694,47066,47076,10
13.0564804077,80.2818069458,47076,47086,10
13.0565395355,80.2818222046,47086,47096,10
13.0570201874,80.2819137573,47096,47117,21
13.0570201874,80.2819137573,47117,47127,10
13.0572099686,80.2819595337,47127,47137,10
13.057800293,80.282081604,47137,47147,10
13.0585403442,80.2822418213,47147,47157,10
13.0593996048,80.282409668,47157,47167,10
13.060379982,80.2826080322,47167,47177,10
13.061249733,80.2827911377,47177,47187,10
13.0619001389,80.2829437256,47187,47197,10
13.0626802444,80.2831192017,47197,47207,10
13.0631198883,80.2832183838,47207,47217,10
13.0632095337,80.2832489014,47217,47228,11
13.0638599396,80.2833709717,47228,47258,30
13.0638599396,80.2833709717,47258,47268,10
13.0642795563,80.2835006714,47268,47278,10
13.0650196075,80.2836685181,47278,47288,10
13.0660295486,80.2838897705,47288,47298,10
13.0671901703,80.2841491699,47298,47308,10
13.0683403015,80.2843475342,47308,47318,10
13.0694999695,80.2846298218,47318,47328,10
13.0705795288,80.2848968506,47328,47339,11
13.0717697144,80.2851867676,47339,47349,10
13.0728702545,80.2853469849,47349,47359,10
13.0737400055,80.2854385376,47359,47369,10
13.0741100311,80.2858505249,47369,47379,10
13.0747499466,80.2863464355,47379,47389,10
13.0754995346,80.2868118286,47389,47399,10
13.0763301849,80.2871017456,47399,47409,10
13.077249527,80.2873382568,47409,47419,10
13.0781803131,80.2875671387,47419,47429,10
13.0790100098,80.2878265381,47429,47439,10
13.0798301697,80.2880325317,47439,47460,21
13.0798301697,80.2880325317,47460,47470,10
13.0800800323,80.2880706787,47470,47480,10
13.0808296204,80.2882919312,47480,47500,20
13.0808296204,80.2882919312,47500,47510,10
13.0811901093,80.2884216309,47510,47520,10
13.0818796158,80.2886734009,47520,47530,10
13.0827302933,80.2890396118,47530,47540,10
13.0836601257,80.2891616821,47540,47550,10
13.084690094,80.2891311646,47550,47560,10
13.0858201981,80.2892608643,47560,47571,11
13.0870199203,80.2895889282,47571,47581,10
13.0878601074,80.2899475098,47581,47591,10
13.0884504318,80.2901306152,47591,47692,101
13.0884504318,80.2901306152,47692,47702,10
13.0888004303,80.2901382446,47702,47712,10
13.0888795853,80.2902603149,47712,47722,10
13.088640213,80.2904129028,47722,47732,10
13.0881595612,80.2901535034,47732,47742,10
13.0875797272,80.2899169922,47742,47752,10
13.0868701935,80.2896881104,47752,47762,10
13.0861196518,80.2894973755,47762,47772,10
13.0858201981,80.2894210815,47772,47782,10
13.0857400894,80.2893371582,47782,47792,10
13.0855102539,80.2889404297,47792,47803,11
13.0851802826,80.288192749,47803,47813,10
13.0851297379,80.287322998,47813,47823,10
13.0852203369,80.2863006592,47823,47833,10
13.0853204727,80.2852325439,47833,47843,10
13.0852804184,80.284362793,47843,47853,10
13.0853395462,80.2839279175,47853,47863,10
13.0854701996,80.2835464478,47863,47912,49
13.0854701996,80.2835464478,47912,47924,12
13.0860004425,80.2835235596,47924,47964,40
13.0860004425,80.2835235596,47964,47974,10
13.0863304138,80.2835464478,47974,47984,10
13.0866203308,80.2836990356,47984,47994,10
13.0868301392,80.2836914063,47994,48004,10
13.0872001648,80.2836608887,48004,48014,10
13.087439537,80.2836532593,48014,48023,9
13.0875301361,80.2836608887,48023,48034,11
13.0878095627,80.2836532593,48034,48055,21
13.0878095627,80.2836532593,48055,48065,10
13.0880899429,80.2837371826,48065,48751,686
13.0882396698,80.2834014893,48751,48872,121
13.0881595612,80.2831802368,48872,49497,625
13.0881900787,80.2831573486,49497,49598,101
13.0882701874,80.2830734253,49598,50253,655
13.0883703232,80.2831115723,50253,51010,757
13.0882997513,80.2827377319,51010,54056,3046
13.0883197784,80.282371521,54056,54933,877
13.0883197784,80.282371521,54933,54943,10
13.0882701874,80.2823028564,54943,54953,10
13.0882396698,80.282119751,54953,54962,9
13.0881996155,80.2819137573,54962,54973,11
13.0881500244,80.281791687,54973,54984,11
13.0880002975,80.28150177,54984,54994,10
13.0876903534,80.2813415527,54994,55004,10
13.0872097015,80.2812194824,55004,55014,10
13.0867204666,80.2810668945,55014,55024,10
13.0861701965,80.280921936,55024,55034,10
13.085849762,80.2808609009,55034,55044,10
13.0857400894,80.28099823,55044,55054,10
13.0856895447,80.2813415527,55054,55064,10
13.0856399536,80.2816925049,55064,55084,20
13.0856399536,80.2816925049,55084,55095,11
13.085559845,80.2822570801,55095,55105,10
13.0854902267,80.2826919556,55105,55115,10
13.085439682,80.2830276489,55115,55125,10
13.085439682,80.2833328247,55125,55145,20
13.085439682,80.2833328247,55145,55155,10
13.085650444,80.2835006714,55155,55165,10
13.0861997604,80.2835464478,55165,55185,20
13.0862998962,80.283706665,55185,55204,19
13.0862998962,80.283706665,55204,55216,12
13.0866804123,80.2836990356,55216,55286,70
13.0866804123,80.2836990356,55286,55296,10
13.0871601105,80.283706665,55296,55306,10
13.0871696472,80.283706665,55306,55316,10
13.0874204636,80.2836990356,55316,55327,11
13.0877599716,80.2836685181,55327,55347,20
13.0877599716,80.2836685181,55347,55357,10
13.0879898071,80.2837600708,55357,58685,3328
13.0881795883,80.2840881348,58685,59512,827
13.0880203247,80.2838668823,59512,59704,192
13.0880203247,80.2838668823,59704,59714,10
13.0880804062,80.2839584351,59714,59895,181
13.0880498886,80.283821106,59895,60127,232
13.0880804062,80.2838973999,60127,60238,111
13.08796978,80.2837982178,60238,60662,424
13.0880403519,80.2840194702,60662,60914,252
13.0880203247,80.2838821411,60914,61207,293
13.0881004333,80.283996582,61207,61640,433
13.0880804062,80.2838363647,61640,63194,1554
13.0882902145,80.2836074829,63194,63214,20
13.0882902145,80.2836074829,63214,63224,10
13.0883598328,80.2834320068,63224,63234,10
13.0883398056,80.2830886841,63234,63244,10
13.0883197784,80.2827301025,63244,63254,10
13.0882902145,80.282371521,63254,63264,10
13.0882301331,80.2820587158,63264,63274,10
13.0881299973,80.2817382813,63274,63285,11
13.0881004333,80.2814865112,63285,63295,10
13.0883903503,80.2815093994,63295,63305,10
13.088549614,80.2817611694,63305,63315,10
13.0884799957,80.2821502686,63315,63325,10
13.0884399414,80.282409668,63325,63335,10
13.0883598328,80.282913208,63335,63345,10
13.0883703232,80.283531189,63345,63355,10
13.0883798599,80.2840194702,63355,63365,10
13.0883903503,80.2844619751,63365,63375,10
13.0884304047,80.2849807739,63375,63385,10
13.0884399414,80.2850570679,63385,63396,11
13.0884504318,80.2851791382,63396,63406,10
13.0885000229,80.2856369019,63406,63416,10
13.0885000229,80.2860107422,63416,63426,10
13.0885000229,80.2863693237,63426,63436,10
13.0885295868,80.2866516113,63436,63446,10
13.0885601044,80.2871704102,63446,63456,10
13.0885896683,80.2875289917,63456,63466,10
13.0886297226,80.2878723145,63466,63476,10
13.0886802673,80.2883834839,63476,63486,10
13.0887002945,80.2885971069,63486,63496,10
13.0887298584,80.2889785767,63496,63506,10
13.0887298584,80.2892074585,63506,63517,11
13.0887002945,80.2892913818,63517,63527,10
13.0887403488,80.2897567749,63527,63537,10
13.0887804031,80.2901687622,63537,63607,70
13.0887804031,80.2901687622,63607,63616,9
13.0887498856,80.2904129028,63616,63628,12
13.0887098312,80.2905807495,63628,63638,10
13.0886297226,80.2905578613,63638,63648,10
13.0884304047,80.2903823853,63648,63658,10
13.088139534,80.2901763916,63658,63668,10
13.0875997543,80.2899475098,63668,63678,10
13.0868997574,80.2896499634,63678,63688,10
13.0859804153,80.289390564,63688,63698,10
13.0851097107,80.2891769409,63698,63708,10
13.084280014,80.2891921997,63708,63718,10
13.0835800171,80.2892074585,63718,63728,10
13.0829000473,80.2891616821,63728,63739,11
13.0821199417,80.2888183594,63739,63749,10
13.0814599991,80.2885665894,63749,63759,10
13.0808000565,80.2883682251,63759,63769,10
13.0801200867,80.288192749,63769,63799,30
13.0801200867,80.288192749,63799,63809,10
13.0797901154,80.2881164551,63809,63819,10
13.079199791,80.2879714966,63819,63829,10
13.0784196854,80.2876815796,63829,63839,10
13.0774402618,80.2874298096,63839,63849,10
13.0763998032,80.2871704102,63849,63860,11
13.0753002167,80.2867584229,63860,63870,10
13.0745000839,80.2862701416,63870,63880,10
13.073679924,80.2860336304,63880,63890,10
13.0728902817,80.2857208252,63890,63900,10
13.0720100403,80.2853317261,63900,63910,10
13.070980072,80.2850570679,63910,63920,10
13.0698699951,80.2847976685,63920,63930,10
13.0688400269,80.2845611572,63930,63940,10
13.0679597855,80.2843704224,63940,63950,10
13.0676898956,80.2843399048,63950,63960,10
13.067199707,80.2842483521,63960,63971,11
13.0663404465,80.2840499878,63971,63981,10
13.0654602051,80.2838516235,63981,63991,10
13.0646295547,80.2836685181,63991,64001,10
13.0639801025,80.283493042,64001,64011,10
13.0633401871,80.2833328247,64011,64020,9
13.0632200241,80.2833099365,64020,64031,11
13.0624904633,80.2831420898,64031,64051,20
13.0624904633,80.2831420898,64051,64061,10
13.0623197556,80.2830963135,64061,64071,10
13.0617799759,80.2829666138,64071,64081,10
13.0611200333,80.2828292847,64081,64092,11
13.0608501434,80.2827835083,64092,64102,10
13.0605802536,80.2827301025,64102,64112,10
13.0601501465,80.2826538086,64112,64122,10
13.0594596863,80.2825088501,64122,64132,10
13.0587797165,80.2823562622,64132,64142,10
13.0583496094,80.2822799683,64142,64152,10
13.0579996109,80.2822036743,64152,64162,10
13.057510376,80.2820892334,64162,64172,10
13.0567398071,80.2819290161,64172,64192,20
13.0567398071,80.2819290161,64192,64203,11
13.0565900803,80.2819137573,64203,64213,10
13.0560998917,80.2818069458,64213,64223,10
13.0554103851,80.2816696167,64223,64233,10
13.0547399521,80.2815322876,64233,64243,10
13.0542201996,80.2814025879,64243,64253,10
13.0534896851,80.281288147,64253,64263,10
13.0529899597,80.2812194824,64263,64273,10
13.0527200699,80.2811737061,64273,64283,10
13.0521802902,80.2810897827,64283,64293,10
13.0515499115,80.28099823,64293,64303,10
13.0509700775,80.2809066772,64303,64314,11
13.0504102707,80.2808303833,64314,64324,10
13.050359726,80.2808227539,64324,64334,10
13.0500898361,80.2807769775,64334,64344,10
13.049489975,80.2806930542,64344,64354,10
13.0487003326,80.2805786133,64354,64364,10
13.0478496552,80.280456543,64364,64374,10
13.0469703674,80.2803268433,64374,64384,10
13.0457401276,80.280166626,64384,64404,20
13.0457401276,80.280166626,64404,64414,10
13.0456895828,80.2801589966,64414,64424,10
13.0452604294,80.2800979614,64424,64435,11
13.0444602966,80.2799987793,64435,64445,10
13.0436697006,80.279876709,64445,64455,10
13.0428800583,80.2797012329,64455,64465,10
13.0419597626,80.2795333862,64465,64475,10
13.0410299301,80.2793579102,64475,64485,10
13.0403203964,80.2791976929,64485,64495,10
13.0399198532,80.2790603638,64495,64505,10
13.0396003723,80.2789535522,64505,64515,10
13.0389995575,80.2788162231,64515,64534,19
13.0389995575,80.2788162231,64534,64546,12
13.0389099121,80.2788391113,64546,64556,10
13.0385398865,80.278678894,64556,64566,10
13.0379199982,80.2784805298,64566,64576,10
13.0373697281,80.2783508301,64576,64586,10
13.0369596481,80.2782211304,64586,64596,10
13.0364303589,80.2780075073,64596,64606,10
13.0358104706,80.27784729,64606,64616,10
13.035320282,80.2777328491,64616,64626,10
13.0346698761,80.2776031494,64626,64636,10
13.0339603424,80.2774429321,64636,64646,10
13.0335302353,80.2773895264,64646,64657,11
13.032959938,80.2774887085,64657,64667,10
13.0325403214,80.2775115967,64667,64677,10
13.0320596695,80.2775497437,64677,64687,10
13.0314397812,80.277557373,64687,64697,10
13.0309295654,80.2772598267,64697,64717,20
13.0309295654,80.2772598267,64717,64727,10
13.0305404663,80.2770690918,64727,64737,10
13.0301198959,80.2768783569,64737,64747,10
13.029800415,80.2767105103,64747,64757,10
13.0292100906,80.2765808105,64757,64767,10
13.0286197662,80.2763595581,64767,64778,11
13.0277500153,80.2760162354,64778,64798,20
13.0277500153,80.2760162354,64798,64808,10
13.0274000168,80.2759170532,64808,64818,10
13.026889801,80.2756576538,64818,64828,10
13.0264701843,80.2754364014,64828,64838,10
13.0260000229,80.2752380371,64838,64848,10
13.0259399414,80.2751998901,64848,64858,10
13.0258197784,80.2751617432,64858,64868,10
13.0254001617,80.2749786377,64868,64877,9
13.0248203278,80.2746963501,64877,64889,12
13.0242300034,80.2741775513,64889,64899,10
13.0237998962,80.2736587524,64899,64909,10
13.0233402252,80.2730484009,64909,64919,10
13.0228300095,80.2723464966,64919,64929,10
13.0222797394,80.2716598511,64929,64939,10
13.0217504501,80.2709579468,64939,64949,10
13.0212802887,80.2703781128,64949,64959,10
13.0210199356,80.270072937,64959,64969,10
13.0210103989,80.2700576782,64969,64979,10
13.0207595825,80.2697906494,64979,64989,10
13.0203895569,80.269317627,64989,64999,10
13.0200099945,80.2687530518,64999,65010,11
13.0193996429,80.2680511475,65010,65020,10
13.0189800262,80.2675933838,65020,65030,10
13.0187397003,80.2671813965,65030,65040,10
13.0186395645,80.2666015625,65040,65050,10
13.0186300278,80.2660293579,65050,65060,10
13.0187702179,80.2654037476,65060,65070,10
13.0189800262,80.2646331787,65070,65080,10
13.0190200806,80.2638626099,65080,65090,10
13.0189695358,80.263458252,65090,65100,10
13.0188999176,80.2630996704,65100,65110,10
13.0188999176,80.2630386353,65110,65121,11
13.018819809,80.2624435425,65121,65161,40
13.018819809,80.2624435425,65161,65171,10
13.0187797546,80.2620162964,65171,65181,10
13.0187501907,80.2618179321,65181,65211,30
13.0187196732,80.2614364624,65211,65242,31
13.0187196732,80.2614364624,65242,65252,10
13.018409729,80.2611694336,65252,65262,10
13.0181999207,80.2610626221,65262,65272,10
13.0178604126,80.2608413696,65272,65282,10
13.0173397064,80.2604980469,65282,65292,10
13.0167598724,80.2601165771,65292,65302,10
13.0160198212,80.2596817017,65302,65322,20
13.0160198212,80.2596817017,65322,65332,10
13.0159301758,80.2596130371,65332,65342,10
13.0155696869,80.2594680786,65342,65353,11
13.0149097443,80.2593307495,65353,65363,10
13.0141897202,80.2593002319,65363,65373,10
13.0133495331,80.2592773438,65373,65383,10
13.0124702454,80.259262085,65383,65393,10
13.011639595,80.2592315674,65393,65403,10
13.0109500885,80.2592163086,65403,65413,10
13.0101900101,80.259262085,65413,65423,10
13.0094499588,80.2592468262,65423,65433,10
13.008890152,80.2592391968,65433,65443,10
13.0085601807,80.2592468262,65443,65452,9
13.0081796646,80.2592315674,65452,65464,12
13.0077104568,80.2593917847,65464,65474,10
13.007349968,80.2591400146,65474,65484,10
13.0071897507,80.2587966919,65484,65494,10
13.0071802139,80.2587890625,65494,65504,10
13.0071697235,80.2586135864,65504,65514,10
13.0069904327,80.2583236694,65514,65524,10
13.0066604614,80.257850647,65524,65534,10
13.0060596466,80.2575378418,65534,65544,10
13.0054302216,80.2573928833,65544,65554,10
13.0047702789,80.2571792603,65554,65564,10
13.0040597916,80.2570419312,65564,65574,10
13.0034198761,80.2569122314,65574,65585,11
13.0025997162,80.2567367554,65585,65635,50
13.0025997162,80.2567367554,65635,65645,10
13.0022602081,80.2567062378,65645,65655,10
13.001950264,80.2566833496,65655,65665,10
13.0013999939,80.2565765381,65665,65675,10
13.0007400513,80.256477356,65675,65684,9
13.0001497269,80.256401062,65684,65696,12
12.999540329,80.2562713623,65696,65706,10
12.9991102219,80.2561798096,65706,65716,10
12.9987201691,80.256111145,65716,65766,50
12.9987201691,80.256111145,65766,65776,10
12.9982500076,80.2559814453,65776,65786,10
12.9980201721,80.2559967041,65786,65796,10
12.9977903366,80.2559814453,65796,65806,10
12.9976301193,80.2559967041,65806,65817,11
12.9971199036,80.2559661865,65817,65837,20
12.9971199036,80.2559661865,65837,65847,10
12.9966697693,80.2559280396,65847,65857,10
12.9961204529,80.2559204102,65857,65867,10
12.9955701828,80.2559432983,65867,65877,10
12.9949903488,80.2559585571,65877,65887,10
12.9945001602,80.2559890747,65887,65897,10
12.9941196442,80.2560195923,65897,65907,10
12.9934196472,80.2560806274,65907,65916,9
12.9927101135,80.256111145,65916,65928,12
12.9917602539,80.2561035156,65928,65938,10
12.9910802841,80.2560501099,65938,65948,10
12.9905500412,80.2560424805,65948,65958,10
12.9899902344,80.2560501099,65958,65968,10
12.9896001816,80.2560272217,65968,65978,10
12.9893503189,80.2560119629,65978,65988,10
12.9886703491,80.2559814453,65988,66028,40
12.9886703491,80.2559814453,66028,66039,11
12.9883203506,80.2559661865,66039,66049,10
12.9880504608,80.2559127808,66049,66059,10
12.987859726,80.2558898926,66059,66069,10
12.9876298904,80.2561264038,66069,66079,10
12.9875898361,80.2566986084,66079,66089,10
12.9875202179,80.2574081421,66089,66099,10
12.9874601364,80.258140564,66099,66109,10
12.9874095917,80.2587890625,66109,66119,10
12.9873504639,80.2593765259,66119,66129,10
12.9872398376,80.2597885132,66129,66139,10
12.9868898392,80.2598724365,66139,66149,10
12.9864597321,80.2598495483,66149,66160,11
12.9859304428,80.2597579956,66160,66170,10
12.9854297638,80.2596893311,66170,66180,10
12.9850702286,80.2596664429,66180,66240,60
12.9850702286,80.2596664429,66240,66250,10
12.9846601486,80.2595596313,66250,66260,10
12.98416996,80.2595291138,66260,66271,11
12.9835500717,80.2594985962,66271,66291,20
12.9835500717,80.2594985962,66291,66301,10
12.9831895828,80.2594680786,66301,66311,10
12.9828395844,80.2594223022,66311,66321,10
12.9822397232,80.2593612671,66321,66331,10
12.9814901352,80.2593536377,66331,66341,10
12.9808998108,80.2593688965,66341,66351,10
12.9804601669,80.2593536377,66351,66361,10
12.979929924,80.2592697144,66361,66371,10
12.9793100357,80.2591705322,66371,66382,11
12.9785203934,80.2591171265,66382,66392,10
12.977930069,80.259147644,66392,66402,10
12.9774799347,80.2591629028,66402,66412,10
12.9766302109,80.2591323853,66412,66462,50
12.9766302109,80.2591323853,66462,66472,10
12.9761295319,80.2591171265,66472,66492,20
12.9761295319,80.2591171265,66492,66503,11
12.9759101868,80.2589874268,66503,66511,8
12.9757003784,80.2589111328,66511,66543,32
12.9757003784,80.2589111328,66543,66553,10
12.9751596451,80.2587585449,66553,66563,10
12.9745998383,80.2585983276,66563,66573,10
12.9742298126,80.2585067749,66573,66583,10
12.9740600586,80.2584686279,66583,66593,10
12.9736499786,80.2583770752,66593,66603,10
12.9730396271,80.2582473755,66603,66614,11
12.9722204208,80.2581481934,66614,66624,10
12.9714097977,80.2581863403,66624,66634,10
12.9706096649,80.2581100464,66634,66644,10
12.9696903229,80.2578277588,66644,66684,40
12.9696903229,80.2578277588,66684,66694,10
12.969329834,80.2577133179,66694,66704,10
12.96875,80.2575378418,66704,66714,10
12.9681301117,80.2573623657,66714,66724,10
12.9674196243,80.2571792603,66724,66735,11
12.9665603638,80.2570114136,66735,66745,10
12.9658699036,80.2568893433,66745,66755,10
12.9651002884,80.256729126,66755,66765,10
12.9643697739,80.2566299438,66765,66775,10
12.9638299942,80.2565689087,66775,66785,10
12.9633102417,80.2565078735,66785,66795,10
12.9626598358,80.2564697266,66795,66805,10
12.961930275,80.2563705444,66805,66815,10
12.9614696503,80.2562637329,66815,66825,10
12.9609098434,80.2561721802,66825,66846,21
12.9609098434,80.2561721802,66846,66856,10
12.9608297348,80.2561416626,66856,66866,10
12.9604196548,80.2560424805,66866,66876,10
12.9597196579,80.2558898926,66876,66886,10
12.9588699341,80.2557067871,66886,66896,10
12.9581403732,80.2555770874,66896,66906,10
12.9573297501,80.2554016113,66906,66916,10
12.9564304352,80.2552871704,66916,66926,10
12.9555501938,80.2552490234,66926,66936,10
12.9547595978,80.2552490234,66936,66946,10
12.9541196823,80.2552337646,66946,66967,21
12.9541196823,80.2552337646,66967,66977,10
12.9540395737,80.2552108765,66977,66987,10
12.9536304474,80.2551879883,66987,66997,10
12.9529304504,80.2551727295,66997,67007,10
12.9520597458,80.2551422119,67007,67017,10
12.9511604309,80.2550964355,67017,67027,10
12.9504899979,80.2550430298,67027,67047,20
12.9504899979,80.2550430298,67047,67057,10
12.9503898621,80.2550735474,67057,67078,21
12.9503898621,80.2550735474,67078,67088,10
12.9501399994,80.2549514771,67088,67098,10
12.9497900009,80.2548828125,67098,67108,10
12.9493103027,80.2547836304,67108,67118,10
12.9486398697,80.2546081543,67118,67128,10
12.9478197098,80.2543869019,67128,67138,10
12.946969986,80.2541427612,67138,67148,10
12.946149826,80.2539596558,67148,67158,10
12.9452695847,80.2538528442,67158,67168,10
12.944319725,80.2537231445,67168,67178,10
12.9435100555,80.253578186,67178,67189,11
12.9429702759,80.2534790039,67189,67199,10
12.9422903061,80.2533798218,67199,67209,10
12.942150116,80.2533493042,67209,67219,10
12.9420204163,80.2533187866,67219,67229,10
12.9414396286,80.2532272339,67229,67239,10
12.9406700134,80.2530670166,67239,67249,10
12.9398403168,80.2529067993,67249,67259,10
12.9390802383,80.2528610229,67259,67269,10
12.9385900497,80.2528076172,67269,67300,31
12.9385900497,80.2528076172,67300,67310,10
12.9384298325,80.2527618408,67310,67320,10
12.9378700256,80.2526626587,67320,67330,10
12.9371299744,80.2525405884,67330,67340,10
12.9363002777,80.2524414063,67340,67350,10
12.9353599548,80.2523269653,67350,67360,10
12.9343004227,80.2522125244,67360,67370,10
12.933259964,80.2520980835,67370,67380,10
12.932220459,80.2519683838,67380,67390,10
12.9312200546,80.2518386841,67390,67400,10
12.9301795959,80.2517166138,67400,67409,9
12.9293003082,80.2516403198,67409,67421,12
12.9281396866,80.2515335083,67421,67431,10
12.9275302887,80.2514724731,67431,67441,10
12.9274902344,80.2514572144,67441,67451,10
12.9273195267,80.2514419556,67451,67461,10
12.9267501831,80.251373291,67461,67471,10
12.925909996,80.2512817383,67471,67481,10
12.9249696732,80.2512588501,67481,67491,10
12.9243097305,80.2512512207,67491,67501,10
12.9242601395,80.2512512207,67501,67511,10
12.9241695404,80.2512435913,67511,67521,10
12.9236297607,80.2511825562,67521,67532,11
12.9226999283,80.251083374,67532,67542,10
12.9217100143,80.2511825562,67542,67552,10
12.9207296371,80.251411438,67552,67562,10
12.919960022,80.2512817383,67562,67572,10
12.9188995361,80.2509384155,67572,67632,60
12.9188995361,80.2509384155,67632,67642,10
12.9187602997,80.2509002686,67642,67653,11
12.9182300568,80.2508010864,67653,67663,10
12.9177598953,80.2507095337,67663,67673,10
12.9170303345,80.2506332397,67673,67683,10
12.9161396027,80.2505569458,67683,67693,10
12.9152698517,80.2505111694,67693,67703,10
12.9146099091,80.2504730225,67703,67723,20
12.9146099091,80.2504730225,67723,67733,10
12.9145402908,80.2503585815,67733,67743,10
12.914850235,80.2503662109,67743,67844,101
12.914850235,80.2503662109,67844,67854,10
12.9151802063,80.2504501343,67854,67864,10
12.9158201218,80.2505111694,67864,67874,10
12.9166002274,80.2505722046,67874,67885,11
12.9174804688,80.2506713867,67885,67895,10
12.9183797836,80.2508087158,67895,67905,10
12.9191999435,80.2509918213,67905,67915,10
12.9197301865,80.2511672974,67915,67925,10
12.9204301834,80.2514038086,67925,67955,30
12.9204301834,80.2514038086,67955,67965,10
12.920539856,80.2514724731,67965,67975,10
12.9208698273,80.2514266968,67975,67985,10
12.9214096069,80.2512969971,67985,67996,11
12.9221897125,80.2511367798,67996,68006,10
12.9229202271,80.2511367798,68006,68016,10
12.9236803055,80.2511978149,68016,68026,10
12.9243202209,80.2512207031,68026,68036,10
12.9247703552,80.2512207031,68036,68137,101
12.9247703552,80.2512207031,68137,68147,10
12.9248895645,80.2512283325,68147,68157,10
12.9253997803,80.2512435913,68157,68167,10
12.9261302948,80.2512893677,68167,68177,10
12.9269504547,80.2513809204,68177,68187,10
12.9276800156,80.251449585,68187,68197,10
12.9284200668,80.2515487671,68197,68207,10
12.9289503098,80.2515869141,68207,68217,10
12.929309845,80.2516098022,68217,68238,21
12.929309845,80.2516098022,68238,68248,10
12.9295196533,80.2516403198,68248,68258,10
12.9300403595,80.251701355,68258,68268,10
12.9307804108,80.2517929077,68268,68278,10
12.9315595627,80.2518768311,68278,68288,10
12.9322395325,80.2519607544,68288,68298,10
12.932970047,80.2520523071,68298,68308,10
12.9337501526,80.2521362305,68308,68318,10
12.9345903397,80.252243042,68318,68328,10
12.9354400635,80.2523269653,68328,68339,11
12.9363203049,80.2524414063,68339,68349,10
12.9370603561,80.252532959,68349,68359,10
12.9377403259,80.2526168823,68359,68369,10
12.9381504059,80.2526779175,68369,68379,10
12.9382896423,80.2527236938,68379,68389,10
12.9386501312,80.2527770996,68389,68409,20
12.9386501312,80.2527770996,68409,68419,10
12.9387197495,80.252822876,68419,68429,10
12.9390296936,80.2528533936,68429,68439,10
12.9395399094,80.2528915405,68439,68448,9
12.9401597977,80.2529525757,68448,68460,12
12.9410400391,80.2531585693,68460,68470,10
12.941860199,80.253288269,68470,68480,10
12.9426403046,80.2534103394,68480,68490,10
12.9433803558,80.2535324097,68490,68500,10
12.9440803528,80.2536697388,68500,68510,10
12.9447803497,80.2537765503,68510,68520,10
12.9455404282,80.253868103,68520,68530,10
12.9463396072,80.2539825439,68530,68540,10
12.9470901489,80.2541503906,68540,68550,10
12.9477901459,80.2543411255,68550,68560,10
12.9485502243,80.2545776367,68560,68571,11
12.9492197037,80.2547531128,68571,68581,10
12.9495697021,80.2548370361,68581,68591,10
12.9498500824,80.2548980713,68591,68601,10
12.9502296448,80.254989624,68601,68611,10
12.9503097534,80.2550201416,68611,68621,10
12.9504404068,80.2550430298,68621,68631,10
12.9508199692,80.2550964355,68631,68641,10
12.9514102936,80.2551269531,68641,68651,10
12.9521198273,80.2551574707,68651,68661,10
12.9528903961,80.2551803589,68661,68671,10
12.953619957,80.2551803589,68671,68682,11
12.9542102814,80.2551879883,68682,68702,20
12.9542102814,80.2551879883,68702,68712,10
12.9544000626,80.2552108765,68712,68722,10
12.9548501968,80.2552337646,68722,68732,10
12.9552297592,80.2552185059,68732,68742,10
12.9557199478,80.2552337646,68742,68752,10
12.9562797546,80.2552490234,68752,68762,10
12.9569797516,80.255317688,68762,68772,10
12.9576797485,80.2554473877,68772,68782,10
12.9583101273,80.2555618286,68782,68791,9
12.9589300156,80.2556762695,68791,68803,12
12.9598302841,80.2558898926,68803,68813,10
12.9604997635,80.2560272217,68813,68823,10
12.9610300064,80.2561416626,68823,68833,10
12.9611101151,80.2561569214,68833,68843,10
12.9612398148,80.2562103271,68843,68853,10
12.9615602493,80.2562789917,68853,68863,10
12.9618396759,80.2563476563,68863,68873,10
12.9622097015,80.256439209,68873,68883,10
12.9626903534,80.2565002441,68883,68893,10
12.96296978,80.2565307617,68893,68903,10
12.9634504318,80.2565536499,68903,68944,41
12.9634504318,80.2565536499,68944,68954,10
12.9635601044,80.2565765381,68954,68964,10
12.9638299942,80.2565994263,68964,68974,10
12.96434021,80.256652832,68974,68984,10
12.9650001526,80.2567214966,68984,68994,10
12.9657096863,80.2568511963,68994,69004,10
12.9664297104,80.2569732666,69004,69014,10
12.9671201706,80.2570877075,69014,69025,11
12.967880249,80.2572784424,69025,69035,10
12.9682197571,80.2573776245,69035,69045,10
12.9685001373,80.2574462891,69045,69055,10
12.9688596725,80.25756073,69055,69065,10
12.9690504074,80.2576217651,69065,69075,10
12.9692897797,80.2576828003,69075,69085,10
12.9695701599,80.2577819824,69085,69125,40
12.9695701599,80.2577819824,69125,69135,10
12.9697599411,80.2578430176,69135,69146,11
12.9702701569,80.2580184937,69146,69156,10
12.970870018,80.2581863403,69156,69166,10
12.9714603424,80.2582321167,69166,69176,10
12.972240448,80.2581787109,69176,69186,10
12.9729700089,80.2582473755,69186,69196,10
12.9735603333,80.2583618164,69196,69206,10
12.9738302231,80.258430481,69206,69216,10
12.9741697311,80.2584991455,69216,69226,10
12.9747200012,80.2586364746,69226,69236,10
12.975230217,80.2587966919,69236,69246,10
12.9753904343,80.2588577271,69246,69257,11
12.9757404327,80.2589874268,69257,69267,10
12.9764900208,80.259147644,69267,69307,40
12.9764900208,80.259147644,69307,69317,10
12.9766798019,80.2591171265,69317,69327,10
12.9767999649,80.2591400146,69327,69337,10
12.9769496918,80.2591629028,69337,69347,10
12.9771699905,80.2592010498,69347,69357,10
12.9773797989,80.2591934204,69357,69366,9
12.9775600433,80.2591934204,69366,69378,12
12.9780101776,80.2591781616,69378,69388,10
12.9784803391,80.259147644,69388,69398,10
12.9788999557,80.259147644,69398,69408,10
12.9794197083,80.2592163086,69408,69418,10
12.9798402786,80.2592926025,69418,69428,10
12.9801397324,80.2593383789,69428,69438,10
12.9805202484,80.2593765259,69438,69448,10
12.981089592,80.2594070435,69448,69458,10
12.981710434,80.2594223022,69458,69468,10
12.9823598862,80.259437561,69468,69478,10
12.9828195572,80.2594528198,69478,69489,11
12.9832801819,80.2594833374,69489,69499,10
12.9836902618,80.2595291138,69499,69509,10
12.9839096069,80.259437561,69509,69519,10
12.9839601517,80.2589569092,69519,69529,10
12.9840402603,80.2582626343,69529,69539,10
12.9841995239,80.2578430176,69539,69549,10
12.9847097397,80.2578430176,69549,69559,10
12.9854097366,80.2578811646,69559,69569,10
12.9862003326,80.2579498291,69569,69579,10
12.9867200851,80.2580413818,69579,69650,71
12.9870996475,80.258140564,69650,69680,30
12.9870996475,80.258140564,69680,69690,10
12.9874095917,80.2581634521,69690,69700,10
12.9873600006,80.2585372925,69700,69721,21
12.9873600006,80.2585372925,69721,69731,10
12.9869003296,80.2586135864,69731,72938,3207
12.9869003296,80.2586135864,72938,72948,10
12.9871902466,80.2586135864,72948,73897,949
12.9871902466,80.2586135864,73897,73907,10
12.9871997833,80.2586517334,73907,75480,1573
12.9871902466,80.2586669922,75480,76620,1140
12.9870796204,80.2584686279,76620,76691,71
12.9870796204,80.2584686279,76691,76701,10
12.9871301651,80.2585601807,76701,82814,6113
12.9872102737,80.2585983276,82814,83752,938
