13.0989398956,80.2407226563,19,20535,20516
13.0989303589,80.240737915,20535,20555,20
13.0989303589,80.240737915,20555,20565,10
13.0989599228,80.2408981323,20565,20575,10
13.0989398956,80.2410964966,20575,20585,10
13.0988798141,80.2413330078,20585,20626,41
13.0988798141,80.2413330078,20626,20636,10
13.0988302231,80.2415390015,20636,20676,40
13.0988302231,80.2415390015,20676,20686,10
13.0987596512,80.2419204712,20686,20696,10
13.0987596512,80.2419815063,20696,20706,10
13.0986995697,80.2421875,20706,20716,10
13.0985603333,80.2422332764,20716,20727,11
13.0983896255,80.2422409058,20727,21332,605
13.0983896255,80.2422409058,21332,21342,10
13.0984201431,80.2423095703,21342,21352,10
13.09815979,80.2423324585,21352,21363,11
13.0976200104,80.2422409058,21363,21373,10
13.0974597931,80.2422027588,21373,21383,10
13.0974197388,80.2419586182,21383,21393,10
13.0975503922,80.2414169312,21393,21403,10
13.0976400375,80.2407302856,21403,21413,10
13.097700119,80.2400436401,21413,21423,10
13.0977602005,80.2392883301,21423,21433,10
13.0978498459,80.2384719849,21433,21443,10
13.0980396271,80.2375717163,21443,21453,10
13.0981998444,80.2366867065,21453,21464,11
13.0983800888,80.2357406616,21464,21474,10
13.0985002518,80.2348098755,21474,21484,10
13.0986003876,80.2339782715,21484,21494,10
13.0987100601,80.2329406738,21494,21503,9
13.0989599228,80.2319564819,21503,21514,11
13.099360466,80.2309875488,21514,21522,8
13.0996198654,80.2302703857,21522,21533,11
13.0998497009,80.2292098999,21533,21543,10
13.0999698639,80.2284011841,21543,21554,11
13.1000795364,80.2274475098,21554,21565,11
13.1000099182,80.2262420654,21565,21575,10
13.0999097824,80.2252731323,21575,21585,10
13.0997104645,80.2244796753,21585,21595,10
13.0993995667,80.2237625122,21595,21605,10
13.099240303,80.2235488892,21605,21615,10
13.0990495682,80.2232971191,21615,21625,10
13.0988502502,80.2230300903,21625,21635,10
13.098739624,80.2226028442,21635,21645,10
13.0987901688,80.2217788696,21645,21655,10
13.0989704132,80.2206878662,21655,21665,10
13.0991802216,80.2195892334,21665,21676,11
13.099240303,80.2192230225,21676,21686,10
13.0993204117,80.2186584473,21686,21696,10
13.0994701385,80.2177810669,21696,21706,10
13.0997600555,80.2166671753,21706,21716,10
13.0999403,80.2159576416,21716,21726,10
13.1000404358,80.2156677246,21726,21736,10
13.1001701355,80.2153625488,21736,21746,10
13.100279808,80.2147064209,21746,22251,505
13.100279808,80.2147064209,22251,22261,10
13.1002998352,80.2146224976,22261,22281,20
13.1002998352,80.2146224976,22281,22291,10
13.1000204086,80.2144393921,22291,22301,10
13.0997600555,80.2143783569,22301,22312,11
13.0991401672,80.2142028809,22312,22322,10
13.0985898972,80.2140197754,22322,22332,10
13.098279953,80.2145614624,22332,22342,10
13.0979003906,80.2153930664,22342,22352,10
13.0974798203,80.2163619995,22352,22362,10
13.0973396301,80.2167434692,22362,22372,10
13.0972499847,80.2169570923,22372,22382,10
13.0970001221,80.2175827026,22382,22392,10
13.0967102051,80.218460083,22392,22402,10
13.0963497162,80.2194976807,22402,22412,10
13.0959997177,80.2204971313,22412,22423,11
13.0956602097,80.2215194702,22423,22433,10
13.0953798294,80.2223815918,22433,22443,10
13.0953197479,80.2224731445,22443,22453,10
13.0951900482,80.2228393555,22453,22463,10
13.0948495865,80.2235031128,22463,22473,10
13.0942497253,80.2243423462,22473,22483,10
13.0935401917,80.2251968384,22483,22493,10
13.0927696228,80.2259979248,22493,22503,10
13.0919704437,80.2267990112,22503,22513,10
13.0912799835,80.2275466919,22513,22524,11
13.0911197662,80.227722168,22524,22534,10
13.0907697678,80.2281036377,22534,22544,10
13.0902004242,80.2287216187,22544,22554,10
13.0894804001,80.2295532227,22554,22564,10
13.0891399384,80.2302017212,22564,22574,10
13.0890398026,80.2304077148,22574,22584,10
13.0889196396,80.230682373,22584,22594,10
13.0887899399,80.2309494019,22594,22604,10
13.0886802673,80.2311630249,22604,22614,10
13.0884599686,80.2317733765,22614,22624,10
13.0882196426,80.2326202393,22624,22635,11
13.0880203247,80.2336273193,22635,22645,10
13.0878601074,80.234413147,22645,22655,10
13.0871496201,80.2345428467,22655,22665,10
13.0863895416,80.2344818115,22665,22675,10
13.0860700607,80.2344436646,22675,22685,10
13.0857200623,80.2343521118,22685,22695,10
13.0850095749,80.2341690063,22695,22705,10
13.0842103958,80.2339630127,22705,22715,10
13.0836200714,80.2338409424,22715,22725,10
13.0833396912,80.2338027954,22725,22736,11
13.0823202133,80.2335968018,22736,22756,20
13.0823202133,80.2335968018,22756,22766,10
13.0819597244,80.233543396,22766,22776,10
13.0812797546,80.2334976196,22776,22786,10
13.0803899765,80.2334976196,22786,22796,10
13.0795898438,80.2335205078,22796,22806,10
13.0794801712,80.2335205078,22806,22816,10
13.0791301727,80.233543396,22816,22826,10
13.0784702301,80.2335586548,22826,22836,10
13.0777196884,80.2335891724,22836,22847,11
13.0767097473,80.2337417603,22847,22857,10
13.0759401321,80.2339096069,22857,22867,10
13.0758600235,80.2339401245,22867,22877,10
13.075920105,80.2343978882,22877,22887,10
13.0760698318,80.2352218628,22887,22897,10
13.0762500763,80.2362976074,22897,22907,10
13.0764503479,80.2372283936,22907,22917,10
13.0764799118,80.2373428345,22917,22927,10
13.0765800476,80.2378387451,22927,22937,10
13.0767602921,80.2386703491,22937,22948,11
13.0770397186,80.2397766113,22948,22958,10
13.0771999359,80.2405166626,22958,22968,10
13.0773000717,80.2408828735,22968,22978,10
13.0774497986,80.2415084839,22978,22988,10
13.0776596069,80.24243927,22988,22998,10
13.0778102875,80.2434768677,22998,23008,10
13.0778598785,80.2442932129,23008,23018,10
13.07791996,80.2452087402,23018,23028,10
13.0779695511,80.2462615967,23028,23038,10
13.0782003403,80.2473526001,23038,23048,10
13.0783996582,80.2482833862,23048,23059,11
13.078619957,80.2492370605,23059,23069,10
13.0787601471,80.2500762939,23069,23079,10
13.0788097382,80.250869751,23079,23089,10
13.0788002014,80.2516098022,23089,23099,10
13.0782499313,80.2517089844,23099,23109,10
13.077460289,80.2518386841,23109,23119,10
13.0764799118,80.2520217896,23119,23129,10
13.075340271,80.2521362305,23129,23139,10
13.0744800568,80.2522735596,23139,23149,10
13.0740804672,80.2523880005,23149,23165,16
13.0732498169,80.2524337769,23165,23178,13
13.0722398758,80.2520904541,23178,23186,8
13.0720701218,80.2512893677,23186,23198,12
13.0717201233,80.2500686646,23198,23208,10
13.0714797974,80.2489013672,23208,23218,10
13.0711803436,80.247756958,23218,23228,10
13.0707101822,80.2466964722,23228,23238,10
13.0701999664,80.2456436157,23238,23248,10
13.0697698593,80.2445602417,23248,23258,10
13.069439888,80.243560791,23258,23269,11
13.0692996979,80.2432022095,23269,23279,10
13.0692501068,80.2429733276,23279,23289,10
13.0692501068,80.2427902222,23289,23299,10
13.0690202713,80.2424926758,23299,23309,10
13.0683603287,80.2426300049,23309,23319,10
13.0674295425,80.2429275513,23319,23329,10
13.0664196014,80.243347168,23329,23339,10
13.0661697388,80.244140625,23339,23349,10
13.0663099289,80.2452697754,23349,23359,10
13.0667104721,80.2460403442,23359,23369,10
13.0676803589,80.2464599609,23369,23380,11
13.0678300858,80.2465820313,23380,23390,10
13.0679101944,80.2468414307,23390,23400,10
13.0679101944,80.2475280762,23400,23409,9
13.0675001144,80.2479095459,23409,23419,10
13.0666599274,80.2478637695,23419,23430,11
13.0652799606,80.2477493286,23430,23439,9
13.0642299652,80.2476882935,23439,23450,11
13.062959671,80.2476196289,23450,23460,10
13.0619697571,80.2475585938,23460,23470,10
13.0613603592,80.2470092773,23470,23480,10
13.0617704391,80.2465286255,23480,23491,11
13.0620002747,80.2455368042,23491,23501,10
13.0627403259,80.2447891235,23501,23511,10
13.0631904602,80.2442779541,23511,23521,10
13.0633497238,80.2440414429,23521,23531,10
13.0634498596,80.2435836792,23531,23541,10
13.0627698898,80.2434005737,23541,23551,10
13.0619401932,80.2432327271,23551,23561,10
13.061050415,80.243057251,23561,23571,10
13.0602502823,80.2427825928,23571,23580,9
13.0595197678,80.2425308228,23580,23592,12
13.0587396622,80.2425918579,23592,23602,10
13.0586299896,80.2425918579,23602,23612,10
13.0581598282,80.24269104,23612,23622,10
13.0573701859,80.2427902222,23622,23632,10
13.0565700531,80.2426300049,23632,23642,10
13.0557603836,80.2422485352,23642,23652,10
13.0547704697,80.2423324585,23652,23662,10
13.0538797379,80.2422637939,23662,23672,10
13.0537900925,80.2422409058,23672,23682,10
13.0537099838,80.2421875,23682,23693,11
13.05327034,80.2419586182,23693,23703,10
13.0528202057,80.2418289185,23703,23713,10
13.0528001785,80.2418212891,23713,23723,10
13.0525398254,80.2416687012,23723,23733,10
13.0522403717,80.2412261963,23733,23743,10
13.0521001816,80.2409820557,23743,23753,10
13.0519104004,80.2407608032,23753,23763,10
13.0516500473,80.2406921387,23763,23773,10
13.051150322,80.2405776978,23773,23783,10
13.0508804321,80.2405166626,23783,23793,10
13.0508203506,80.2405014038,23793,23804,11
13.0502996445,80.2403869629,23804,23820,16
13.0491199493,80.2401275635,23820,23832,12
13.048119545,80.2399520874,23832,23842,10
13.0474596024,80.2397994995,23842,23850,8
13.0466499329,80.239616394,23850,23861,11
13.046210289,80.239402771,23861,23873,12
13.0463399887,80.2388534546,23873,23883,10
13.0465602875,80.2380218506,23883,23893,10
13.0467100143,80.237197876,23893,23903,10
13.0468797684,80.2363967896,23903,23914,11
13.0470104218,80.2359619141,23914,23924,10
13.0470695496,80.2356491089,23924,23934,10
13.047129631,80.2352294922,23934,23944,10
13.0472097397,80.2344512939,23944,23954,10
13.0472898483,80.2336273193,23954,23964,10
13.0473604202,80.2331237793,23964,23974,10
13.0470199585,80.2329788208,23974,23984,10
13.0463104248,80.2328491211,23984,23994,10
13.0451602936,80.2326202393,23994,24015,21
13.0451602936,80.2326202393,24015,24025,10
13.0447998047,80.2325515747,24025,24035,10
13.044090271,80.232421875,24035,24045,10
13.0432195663,80.2323226929,24045,24055,10
13.0424098969,80.2322998047,24055,24065,10
13.0415401459,80.2321777344,24065,24075,10
13.0404901505,80.231842041,24075,24085,10
13.0396299362,80.231590271,24085,24095,10
13.0384197235,80.231262207,24095,24105,10
13.0374698639,80.2309570313,24105,24116,11
13.0368204117,80.2307662964,24116,24126,10
13.0363998413,80.2305984497,24126,24136,10
13.0356798172,80.2303695679,24136,24146,10
13.0353803635,80.2303009033,24146,24156,10
13.0350198746,80.2302398682,24156,24166,10
13.0348501205,80.2302627563,24166,24176,10
13.0345802307,80.2303009033,24176,24186,10
13.0342998505,80.2303695679,24186,24196,10
13.0341100693,80.2304000854,24196,24206,10
13.0340995789,80.2304000854,24206,24216,10
13.034040451,80.2304000854,24216,24227,11
13.0335597992,80.230430603,24227,24243,16
13.032699585,80.2304992676,24243,24255,12
13.0319795609,80.2305679321,24255,24265,10
13.0313196182,80.2306213379,24265,24273,8
13.0306301117,80.2306671143,24273,24285,12
13.0299301147,80.2307662964,24285,24294,9
13.0299100876,80.2307662964,24294,24305,11
13.0295801163,80.230796814,24305,24315,10
13.0290203094,80.2308502197,24315,24325,10
13.0282297134,80.2309265137,24325,24336,11
13.027680397,80.231010437,24336,24346,10
13.0276699066,80.2314376831,24346,24356,10
13.0277996063,80.2321624756,24356,24366,10
13.0278301239,80.2327804565,24366,24376,10
13.0272102356,80.2328796387,24376,24386,10
13.0268201828,80.2329483032,24386,24396,10
13.0264501572,80.2328186035,24396,24406,10
13.0262298584,80.232208252,24406,24416,10
13.02602005,80.2313995361,24416,24425,9
13.0257196426,80.23046875,24425,24437,12
13.0249500275,80.2294082642,24437,24447,10
13.0243902206,80.2286834717,24447,24457,10
13.0239896774,80.2282562256,24457,24467,10
13.0239801407,80.2282409668,24467,24477,10
13.0239095688,80.2281112671,24477,24487,10
13.0235795975,80.2277526855,24487,24497,10
13.0230903625,80.2272491455,24497,24507,10
13.0224704742,80.2266387939,24507,24517,10
13.0216197968,80.2259521484,24517,24527,10
13.0207500458,80.2253036499,24527,24537,10
13.0198497772,80.2247161865,24537,24558,21
13.0198497772,80.2247161865,24558,24568,10
13.019780159,80.2246932983,24568,24578,10
13.0192499161,80.2245025635,24578,24588,10
13.0183801651,80.2246780396,24588,24598,10
13.0173301697,80.2250976563,24598,24608,10
13.0162696838,80.2255172729,24608,24618,10
13.0152301788,80.2258987427,24618,24628,10
13.0144300461,80.2262191772,24628,24638,10
13.0143203735,80.2262573242,24638,24655,17
13.0137796402,80.2264633179,24655,24667,12
13.0128297806,80.2268066406,24667,24677,10
13.0120096207,80.227142334,24677,24687,10
13.0107402802,80.2276611328,24687,24697,10
13.0096797943,80.2280883789,24697,24706,9
13.0091400146,80.2286682129,24706,24717,11
13.0088701248,80.2300415039,24717,24727,10
13.0086803436,80.2310409546,24727,24737,10
13.0084199905,80.2322998047,24737,24747,10
13.0082597733,80.233291626,24747,24758,11
13.0082302094,80.2335891724,24758,24768,10
13.0081996918,80.2336730957,24768,24778,10
13.0080900192,80.2340927124,24778,24788,10
13.0079402924,80.2347869873,24788,24798,10
13.0077400208,80.235748291,24798,24808,10
13.0075101852,80.2368774414,24808,24818,10
13.0073003769,80.237991333,24818,24828,10
13.0071401596,80.2389373779,24828,24838,10
13.0069103241,80.2400436401,24838,24869,31
13.0069103241,80.2400436401,24869,24879,10
13.0068397522,80.2400817871,24879,24889,10
13.0067996979,80.2406005859,24889,24899,10
13.0067596436,80.2410430908,24899,24909,10
13.0067501068,80.2412490845,24909,24919,10
13.0067195892,80.2417831421,24919,24929,10
13.0067100525,80.2425994873,24929,24939,10
13.0066604614,80.2435073853,24939,24949,10
13.0066099167,80.2444992065,24949,24959,10
13.006649971,80.2455215454,24959,24970,11
13.0066995621,80.2460708618,24970,24979,9
13.0067195892,80.2461929321,24979,24990,11
13.0067396164,80.2465515137,24990,25000,10
13.0067396164,80.2472991943,25000,25010,10
13.0067195892,80.2481689453,25010,25020,10
13.0068597794,80.2492370605,25020,25030,10
13.0068798065,80.2497329712,25030,25040,10
13.0068597794,80.2498931885,25040,25050,10
13.0068101883,80.2504730225,25050,25060,10
13.0067796707,80.2513275146,25060,25070,10
13.0065803528,80.2523574829,25070,25081,11
13.0065603256,80.2536773682,25081,25091,10
13.0066204071,80.254989624,25091,25111,20
13.0066204071,80.254989624,25111,25121,10
13.0066099167,80.2553482056,25121,25131,10
13.0066099167,80.2561035156,25131,25141,10
13.0066795349,80.2570800781,25141,25151,10
13.0063199997,80.2575531006,25151,25161,10
13.0054502487,80.2573165894,25161,25171,10
13.0043401718,80.2570571899,25171,25182,11
13.0031900406,80.2568130493,25182,25192,10
13.0022201538,80.2566375732,25192,25202,10
13.0011196136,80.256477356,25202,25212,10
13.0002002716,80.2563476563,25212,25232,20
13.0002002716,80.2563476563,25232,25242,10
12.9997997284,80.2562484741,25242,25252,10
12.9991102219,80.2561187744,25252,25262,10
12.9983596802,80.2559967041,25262,25272,10
12.997710228,80.2559509277,25272,25282,10
12.9974298477,80.2559280396,25282,25293,11
12.9974002838,80.2559280396,25293,25303,10
12.9971904755,80.2559204102,25303,25313,10
12.9969100952,80.2561569214,25313,25323,10
12.9968595505,80.2569732666,25323,25343,20
12.9968595505,80.2569732666,25343,25353,10
12.9968500137,80.2571334839,25353,25363,10
12.9968004227,80.2576828003,25363,25373,10
12.9966897964,80.2584991455,25373,25383,10
12.9966001511,80.2592926025,25383,25393,10
12.9965295792,80.2600631714,25393,25404,11
12.9964399338,80.2609100342,25404,25414,10
12.9963598251,80.2615585327,25414,25424,10
12.9962997437,80.2621002197,25424,25434,10
12.9962396622,80.2623596191,25434,25444,10
12.9961996078,80.2624206543,25444,25454,10
12.9961500168,80.2628097534,25454,25464,10
12.9961204529,80.2635421753,25464,25474,10
12.9960098267,80.2645187378,25474,25484,10
12.9959201813,80.26537323,25484,25494,10
12.9958200455,80.2663269043,25494,25505,11
12.9957103729,80.2674407959,25505,25515,10
12.9960403442,80.2677001953,25515,25525,10
12.9961500168,80.2677230835,25525,25535,10
12.9963798523,80.2678070068,25535,25545,10
12.9970598221,80.2677612305,25545,25555,10
12.9979896545,80.2674789429,25555,25565,10
12.9990501404,80.2671737671,25565,25575,10
12.9999399185,80.2668762207,25575,25585,10
13.0001401901,80.2665023804,25585,25595,10
13.0001401901,80.2664871216,25595,25605,10
13.0001602173,80.2662811279,25605,25616,11
13.0002098083,80.2660903931,25616,25626,10
13.0003004074,80.2657089233,25626,25636,10
13.0003499985,80.26587677,25636,25646,10
13.0002803802,80.2661437988,25646,27140,1494
13.0002002716,80.2664031982,27140,27322,182
13.0002002716,80.2664031982,27322,27332,10
13.0002698898,80.2664108276,27332,27352,20
13.0002698898,80.2664108276,27352,27362,10
13.0002698898,80.266708374,27362,27372,10
13.0002603531,80.2667388916,27372,27382,10
13.0001602173,80.2668380737,27382,27392,10
12.9997701645,80.266960144,27392,27402,10
12.99903965,80.2671508789,27402,27412,10
12.9982404709,80.2673492432,27412,27423,11
12.9972496033,80.2676315308,27423,27433,10
12.9962997437,80.2677230835,27433,27443,10
12.9956998825,80.267578125,27443,27453,10
12.9956998825,80.2673492432,27453,27463,10
12.9956998825,80.2673187256,27463,27473,10
12.9957704544,80.2669296265,27473,27483,10
12.9958496094,80.2662200928,27483,27493,10
12.9959497452,80.2653427124,27493,27503,10
12.9960603714,80.2644577026,27503,27513,10
12.9961595535,80.2635803223,27513,27523,10
12.9962701797,80.262512207,27523,27544,21
12.9962701797,80.262512207,27544,27554,10
12.9963302612,80.2621002197,27554,27564,10
12.9963903427,80.2616500854,27564,27574,10
12.9964504242,80.2610092163,27574,27584,10
12.9965400696,80.2602462769,27584,27594,10
12.9965896606,80.2595672607,27594,27604,10
12.9966802597,80.2587966919,27604,27614,10
12.9967498779,80.2580108643,27614,27624,10
12.9968395233,80.2571716309,27624,27634,10
12.996919632,80.2561721802,27634,27711,77
12.996919632,80.2561721802,27711,27723,12
12.9970598221,80.255859375,27723,27733,10
12.9976596832,80.255897522,27733,27743,10
12.9988698959,80.2560501099,27743,27764,21
12.9988698959,80.2560501099,27764,27774,10
12.9993200302,80.2561416626,27774,27784,10
13.0000696182,80.2563095093,27784,27794,10
13.0010795593,80.256477356,27794,27804,10
13.0021495819,80.2566604614,27804,27814,10
13.003080368,80.2568283081,27814,27824,10
13.0039796829,80.2570037842,27824,27834,10
13.0048999786,80.2571792603,27834,27844,10
13.0058498383,80.2573776245,27844,27855,11
13.0063400269,80.2574462891,27855,27875,20
13.0063400269,80.2574462891,27875,27885,10
13.0065898895,80.2573699951,27885,27895,10
13.0065803528,80.256729126,27895,27905,10
13.0065498352,80.2558822632,27905,27915,10
13.0065603256,80.2553787231,27915,27925,10
13.0065803528,80.2546234131,27925,27935,10
13.0065498352,80.2537689209,27935,27944,9
13.0065498352,80.2534179688,27944,27956,12
13.0065603256,80.2532272339,27956,27966,10
13.0065698624,80.2526016235,27966,27976,10
13.0067501068,80.2516937256,27976,27986,10
13.0068302155,80.2506790161,27986,27996,10
13.0067996979,80.2498397827,27996,28006,10
13.0067901611,80.2495803833,28006,28016,10
13.0067300797,80.2486724854,28016,28145,129
13.0067300797,80.2486724854,28145,28155,10
13.0067100525,80.2484283447,28155,28165,10
13.0066995621,80.2484207153,28165,28176,11
13.0066604614,80.2480163574,28176,28186,10
13.0066604614,80.2475967407,28186,28196,10
13.0066795349,80.2468795776,28196,28216,20
13.0066795349,80.2468795776,28216,28225,9
13.0066604614,80.2468185425,28225,28236,11
13.006649971,80.246383667,28236,28246,10
13.0066699982,80.2456207275,28246,28256,10
13.0066604614,80.2448501587,28256,28266,10
13.0066604614,80.2443389893,28266,28277,11
13.0066604614,80.2437667847,28277,28287,10
13.006649971,80.2433395386,28287,28297,10
13.0066299438,80.2426071167,28297,28307,10
13.0065803528,80.2418136597,28307,28317,10
13.0065803528,80.2416534424,28317,28327,10
13.0066204071,80.2412414551,28327,28337,10
13.0066995621,80.2407073975,28337,28347,10
13.0067996979,80.240196228,28347,28357,10
13.0069599152,80.2394638062,28357,28373,16
13.0072698593,80.2378387451,28373,28385,12
13.0074195862,80.2369308472,28385,28396,11
13.0074300766,80.2367935181,28396,28406,10
13.0074701309,80.2367019653,28406,28414,8
13.0075998306,80.2362976074,28414,28426,12
13.0077800751,80.2354125977,28426,28436,10
13.0080099106,80.2342376709,28436,28446,10
13.0082397461,80.233039856,28446,28456,10
13.0084495544,80.231918335,28456,28466,10
13.0087099075,80.2305908203,28466,28476,10
13.008939743,80.2294464111,28476,28486,10
13.0091695786,80.228302002,28486,28497,11
13.0096302032,80.2272109985,28497,28507,10
13.0101099014,80.2262268066,28507,28517,10
13.0106201172,80.2252731323,28517,28527,10
13.0109901428,80.2243881226,28527,28537,10
13.0111999512,80.2238998413,28537,28547,10
13.0114803314,80.2232589722,28547,28557,10
13.0117902756,80.2224807739,28557,28567,10
13.0120897293,80.2216415405,28567,28577,10
13.0124502182,80.2216186523,28577,28587,10
13.0128698349,80.2222290039,28587,28598,11
13.013420105,80.2228088379,28598,28608,10
13.0139102936,80.2232971191,28608,28618,10
13.0141201019,80.2235412598,28618,28628,10
13.0143995285,80.2238006592,28628,28638,10
13.0149297714,80.2244415283,28638,28648,10
13.0153799057,80.2248764038,28648,28668,20
13.0153799057,80.2248764038,28668,28678,10
13.0155801773,80.2250518799,28678,28688,10
13.0161104202,80.2253570557,28688,28698,10
13.0169897079,80.2251586914,28698,28709,11
13.0181798935,80.2247009277,28709,28719,10
13.0193004608,80.2244262695,28719,28729,10
13.0202598572,80.2248916626,28729,28738,9
13.0207700729,80.2252578735,28738,28748,10
13.0210800171,80.2255020142,28748,28759,11
13.0219202042,80.2260894775,28759,28779,20
13.0219202042,80.2260894775,28779,28789,10
13.0221796036,80.2263793945,28789,28799,10
13.0227804184,80.226890564,28799,28809,10
13.0235500336,80.2276077271,28809,28820,11
13.0242395401,80.2283172607,28820,28830,10
13.0245103836,80.2286834717,28830,28840,10
13.024720192,80.2289962769,28840,28850,10
13.0251302719,80.2295532227,28850,28860,10
13.0255899429,80.2301712036,28860,28870,10
13.025759697,80.2304382324,28870,28880,10
13.0257701874,80.2304992676,28880,28890,10
13.0258903503,80.2307815552,28890,28900,10
13.0259599686,80.2310714722,28900,28910,10
13.0261201859,80.2313690186,28910,28921,11
13.0267696381,80.2312164307,28921,28931,10
13.0274600983,80.2310409546,28931,28947,16
13.0285396576,80.2309112549,28947,28959,12
13.0286998749,80.2309036255,28959,28969,10
13.0289201736,80.2308883667,28969,28979,10
13.0293397903,80.2308578491,28979,28989,10
13.029589653,80.2308425903,28989,28997,8
13.0300102234,80.2308120728,28997,29009,12
13.0307703018,80.2307434082,29009,29019,10
13.0312900543,80.2307128906,29019,29030,11
13.0320997238,80.2306518555,29030,29040,10
13.0329999924,80.2305679321,29040,29050,10
13.0342102051,80.2304534912,29050,29070,20
13.0342102051,80.2304534912,29070,29079,9
13.0343503952,80.2304611206,29079,29090,11
13.034819603,80.2303771973,29090,29100,10
13.0349998474,80.2305603027,29100,29110,10
13.0349502563,80.2308273315,29110,29120,10
13.0348796844,80.2314071655,29120,29131,11
13.0347604752,80.2322387695,29131,29141,10
13.0346603394,80.233039856,29141,29151,10
13.0345401764,80.2338562012,29151,29161,10
13.0344295502,80.2347412109,29161,29171,10
13.034330368,80.2356262207,29171,29181,10
13.0342102051,80.2364578247,29181,29191,10
13.0341997147,80.237197876,29191,29242,51
13.0341997147,80.237197876,29242,29258,16
13.0343799591,80.2376098633,29258,29270,12
13.0347099304,80.2380981445,29270,29278,8
13.0349998474,80.238571167,29278,29290,12
13.0354299545,80.2392730713,29290,29300,10
13.0361404419,80.2394180298,29300,29310,10
13.0369596481,80.2395324707,29310,29319,9
13.0378704071,80.2396392822,29319,29330,11
13.038860321,80.2397766113,29330,29340,10
13.039899826,80.239906311,29340,29351,11
13.0404701233,80.2400283813,29351,29361,10
13.040430069,80.2404632568,29361,29371,10
13.0410804749,80.2406234741,29371,29381,10
13.0418701172,80.2407302856,29381,29391,10
13.0426797867,80.2408370972,29391,29401,10
13.0437202454,80.2409820557,29401,29411,10
13.044719696,80.2404785156,29411,29462,51
13.044719696,80.2404785156,29462,29472,10
13.0450696945,80.240196228,29472,29482,10
13.0456104279,80.2398376465,29482,29492,10
13.0462598801,80.2395019531,29492,29502,10
13.0468797684,80.2396774292,29502,29512,10
13.0475702286,80.2398376465,29512,29522,10
13.0481796265,80.2399673462,29522,29532,10
13.0487804413,80.2401199341,29532,29542,10
13.0491600037,80.2401809692,29542,29552,10
13.0495595932,80.2402572632,29552,29563,11
13.0501003265,80.2403793335,29563,29573,10
13.0506896973,80.2405014038,29573,29583,10
13.051030159,80.240562439,29583,29593,10
13.0512399673,80.2405929565,29593,29603,10
13.0515403748,80.2406768799,29603,29613,10
13.0523099899,80.2408676147,29613,29663,50
13.0523099899,80.2408676147,29663,29674,11
13.0524997711,80.2409362793,29674,29684,10
13.0526199341,80.2412185669,29684,29694,10
13.0526199341,80.2414016724,29694,29704,10
13.0528697968,80.2417526245,29704,29714,10
13.0535402298,80.2420578003,29714,29724,10
13.053899765,80.2422103882,29724,29734,10
13.0539102554,80.2422103882,29734,29744,10
13.054189682,80.2423019409,29744,29754,10
13.0548801422,80.2423400879,29754,29764,10
13.0557603836,80.2422866821,29764,29774,10
13.0567703247,80.2426376343,29774,29845,71
13.0567703247,80.2426376343,29845,29855,10
13.0571498871,80.2427902222,29855,29865,10
13.0578699112,80.2427902222,29865,29875,10
13.0582704544,80.2427215576,29875,29886,11
13.0590200424,80.2425689697,29886,29896,10
13.0598297119,80.2426605225,29896,29906,10
13.0603599548,80.2428512573,29906,29916,10
13.0609502792,80.2430419922,29916,29926,10
13.06153965,80.2432022095,29926,29936,10
13.0621099472,80.2433013916,29936,29946,10
13.0623598099,80.2433395386,29946,29956,10
13.0624103546,80.2433395386,29956,29966,10
13.0628204346,80.2434082031,29966,29976,10
13.0635995865,80.2435073853,29976,29986,10
13.0644598007,80.243560791,29986,29997,11
13.0655698776,80.243522644,29997,30035,38
13.0655698776,80.243522644,30035,30045,10
13.0657596588,80.243522644,30045,30055,10
13.0662603378,80.2434387207,30055,30065,10
13.0668401718,80.2432174683,30065,30075,10
13.067199707,80.2430801392,30075,30085,10
13.0680503845,80.242767334,30085,30095,10
13.0689201355,80.242477417,30095,30105,10
13.0699796677,80.2421417236,30105,30126,21
13.0699796677,80.2421417236,30126,30136,10
13.0701599121,80.2420883179,30136,30146,10
13.0706195831,80.2419433594,30146,30156,10
13.0712404251,80.2417526245,30156,30166,10
13.0719003677,80.2414474487,30166,30176,10
13.0725698471,80.2409973145,30176,30186,10
13.0733299255,80.2407302856,30186,30196,10
13.0741300583,80.2405319214,30196,30206,10
13.0752000809,80.2405014038,30206,30217,11
13.0763397217,80.2405014038,30217,30227,10
13.0769500732,80.2405776978,30227,30237,10
13.0771598816,80.2404403687,30237,30247,10
13.0770998001,80.2399978638,30247,30257,10
13.0770797729,80.2398605347,30257,30267,10
13.0770301819,80.2396774292,30267,30318,51
13.0770301819,80.2396774292,30318,30328,10
13.0770101547,80.2396469116,30328,30338,10
13.0769500732,80.2394485474,30338,30348,10
13.0769195557,80.2393035889,30348,30358,10
13.0768899918,80.2391815186,30358,30368,10
13.0768604279,80.2390518188,30368,30378,10
13.0768003464,80.2388000488,30378,30530,152
13.0768003464,80.2388000488,30530,30540,10
13.0767202377,80.2385787964,30540,30551,11
13.0766801834,80.2384490967,30551,30561,10
13.0766401291,80.2382736206,30561,30572,11
13.0764598846,80.2374267578,30572,30592,20
13.0764598846,80.2374267578,30592,30601,9
13.0764198303,80.237159729,30601,30611,10
13.0762796402,80.2364807129,30611,30622,11
13.0761804581,80.2357177734,30622,30632,10
13.0760402679,80.2350616455,30632,30643,11
13.0758304596,80.2342529297,30643,30673,30
13.0758304596,80.2342529297,30673,30683,10
13.0758399963,80.23387146,30683,30693,10
13.0761804581,80.2337493896,30693,30703,10
13.0764598846,80.2337112427,30703,30713,10
13.0766601563,80.2336807251,30713,30723,10
13.0770101547,80.2336425781,30723,30733,10
13.0777101517,80.233581543,30733,30744,11
13.0786104202,80.2335510254,30744,30754,10
13.0794095993,80.2335510254,30754,30764,10
13.0800600052,80.2335205078,30764,30774,10
13.0803804398,80.2335281372,30774,30784,10
13.0805797577,80.2335510254,30784,30794,10
13.0812196732,80.2335586548,30794,30804,10
13.0819597244,80.2335586548,30804,30814,10
13.0820198059,80.2331619263,30814,30824,10
13.0820999146,80.2326583862,30824,30834,10
13.0822896957,80.2321014404,30834,30844,10
13.0825901031,80.231338501,30844,30855,11
13.0828800201,80.230682373,30855,30865,10
13.0831604004,80.2310180664,30865,30875,10
13.0832099915,80.2319335938,30875,30885,10
13.0833396912,80.2329177856,30885,30895,10
13.0834798813,80.2336730957,30895,30905,10
13.0838403702,80.2339172363,30905,30915,10
13.0840501785,80.2339630127,30915,30925,10
13.0841302872,80.2340011597,30925,30935,10
13.0845003128,80.2340774536,30935,30945,10
13.0852298737,80.2342681885,30945,30956,11
13.0860099792,80.2344436646,30956,30966,10
13.086640358,80.2345581055,30966,30976,10
13.0875501633,80.234588623,30976,30986,10
13.0880002975,80.2337722778,30986,30996,10
13.0882196426,80.2326278687,30996,31006,10
13.0885095596,80.2315597534,31006,31016,10
13.0887804031,80.2308425903,31016,31026,10
13.0889396667,80.2304763794,31026,31036,10
13.0890798569,80.2302322388,31036,31045,9
13.089389801,80.2296829224,31045,31056,11
13.0900802612,80.2287979126,31056,31067,11
13.0909204483,80.2278900146,31067,31077,10
13.0913496017,80.2273635864,31077,31087,10
13.0914201736,80.2273025513,31087,31097,10
13.0917196274,80.2270202637,31097,31106,9
13.092209816,80.2265396118,31106,31117,11
13.0928297043,80.2259216309,31117,31127,10
13.0932998657,80.2253799438,31127,31137,10
13.0934400558,80.2252426147,31137,31147,10
13.0936603546,80.2249908447,31147,31157,10
13.0940999985,80.2244567871,31157,31167,10
13.0947303772,80.2236175537,31167,31177,10
13.095199585,80.2227172852,31177,31188,11
13.0952596664,80.2225418091,31188,31198,10
13.0954198837,80.2221374512,31198,31208,10
13.0956802368,80.2214584351,31208,31218,10
13.0959196091,80.2207565308,31218,31228,10
13.0962095261,80.2199630737,31228,31238,10
13.0963897705,80.2193984985,31238,31248,10
13.0964803696,80.2191619873,31248,31258,10
13.0965795517,80.2188873291,31258,31268,10
13.0967597961,80.2183380127,31268,31279,11
13.097029686,80.2175292969,31279,31289,10
13.0972499847,80.2169723511,31289,31299,10
13.0973300934,80.2167205811,31299,31309,10
13.0975904465,80.2160797119,31309,31319,10
13.0979204178,80.2152481079,31319,31329,10
13.0980997086,80.21484375,31329,31339,10
13.0982599258,80.2144622803,31339,31369,30
13.0982599258,80.2144622803,31369,31379,10
13.0982999802,80.2144012451,31379,31390,11
13.0983800888,80.2142410278,31390,31420,30
13.0983800888,80.2142410278,31420,31430,10
13.098400116,80.2142028809,31430,31440,10
13.0985498428,80.2139587402,31440,31450,10
13.098739624,80.2139968872,31450,31460,10
13.0992002487,80.2142333984,31460,31470,10
13.099820137,80.2143936157,31470,31480,10
13.1000795364,80.2144699097,31480,31491,11
13.1002597809,80.2145462036,31491,31501,10
13.1005096436,80.2146072388,31501,31511,10
13.1006298065,80.21484375,31511,31521,10
13.1003503799,80.2153930664,31521,31531,10
13.1000900269,80.2159423828,31531,31541,10
13.0999202728,80.2160415649,31541,31551,10
13.0999298096,80.2157897949,31551,31622,71
13.0999298096,80.2157897949,31622,31632,10
13.100060463,80.2155609131,31632,31642,10
13.1002101898,80.2152023315,31642,31652,10
13.1002502441,80.2147674561,31652,32510,858
13.1002502441,80.2147674561,32510,32520,10
13.1002702713,80.2145614624,32520,32530,10
13.1002597809,80.2145309448,32530,32540,10
13.0999698639,80.2144393921,32540,32550,10
13.0996599197,80.2143478394,32550,32560,10
13.0988397598,80.2140808105,32560,32581,21
13.0988397598,80.2140808105,32581,32591,10
13.0985603333,80.2139968872,32591,32601,10
13.0983800888,80.214302063,32601,32611,10
13.0981302261,80.2148666382,32611,32621,10
13.0978403091,80.2155303955,32621,32630,9
13.0975999832,80.2160720825,32630,32641,11
13.0973300934,80.216758728,32641,32651,10
13.0972995758,80.2168502808,32651,32661,10
13.0972499847,80.2169723511,32661,32672,11
13.0970401764,80.2174682617,32672,32682,10
13.0967798233,80.2182006836,32682,32692,10
13.0965595245,80.2189407349,32692,32702,10
13.0962600708,80.2197494507,32702,32712,10
13.0959796906,80.2205734253,32712,32722,10
13.0957403183,80.221282959,32722,32732,10
13.0954999924,80.222038269,32732,32742,10
13.0953502655,80.2225036621,32742,32752,10
13.095290184,80.2226028442,32752,32762,10
13.09512043,80.2230377197,32762,32772,10
13.0947799683,80.2236328125,32772,32783,11
13.0942001343,80.2244110107,32783,32793,10
13.0936403275,80.2251205444,32793,32803,10
13.0930204391,80.2257766724,32803,32813,10
13.0924100876,80.2263793945,32813,32823,10
13.0917196274,80.2270812988,32823,32833,10
13.0911397934,80.2276992798,32833,32853,20
13.0911397934,80.2276992798,32853,32863,10
13.0910797119,80.2277374268,32863,32873,10
13.0908699036,80.2279586792,32873,32883,10
13.0904903412,80.2283782959,32883,32894,11
13.0899200439,80.2289962769,32894,32904,10
13.0894203186,80.2296676636,32904,32914,10
13.0891799927,80.2301635742,32914,32924,10
13.0890703201,80.2303466797,32924,32934,10
13.0888204575,80.2309188843,32934,32954,20
13.0888204575,80.2309188843,32954,32964,10
13.0886898041,80.2312011719,32964,32974,10
13.08852005,80.2315673828,32974,32984,10
13.0883903503,80.232093811,32984,32995,11
13.0881795883,80.2328872681,32995,33005,10
13.0880403519,80.2336196899,33005,33015,10
13.0879602432,80.2342300415,33015,33025,10
13.0871801376,80.2345581055,33025,33085,60
13.0871801376,80.2345581055,33085,33095,10
13.086930275,80.2345199585,33095,33106,11
13.086400032,80.2344818115,33106,33156,50
13.086400032,80.2344818115,33156,33166,10
13.0859298706,80.2343978882,33166,33176,10
13.0854997635,80.2342834473,33176,33186,10
13.0850000381,80.2341766357,33186,33196,10
13.08452034,80.2340316772,33196,33206,10
13.0840902328,80.2339630127,33206,33217,11
13.0837402344,80.2339172363,33217,33227,10
13.0834302902,80.2338180542,33227,33237,10
13.0830802917,80.2338180542,33237,33247,10
13.0823602676,80.2336502075,33247,33267,20
13.0823602676,80.2336502075,33267,33277,10
13.082110405,80.2335510254,33277,33287,10
13.081609726,80.2335205078,33287,33297,10
13.0809898376,80.2334899902,33297,33307,10
13.0803003311,80.2334976196,33307,33318,11
13.0795001984,80.2334899902,33318,33338,20
13.0795001984,80.2334899902,33338,33348,10
13.079079628,80.2335205078,33348,33358,10
13.0786600113,80.2335205078,33358,33368,10
13.0779399872,80.2335510254,33368,33378,10
13.0770998001,80.2336578369,33378,33388,10
13.0760002136,80.2339019775,33388,33408,20
13.0760002136,80.2339019775,33408,33418,10
13.0758304596,80.2340011597,33418,33429,11
13.0759401321,80.2345275879,33429,33439,10
13.0760402679,80.2350769043,33439,33449,10
13.0761995316,80.2358322144,33449,33459,10
13.0763101578,80.2366027832,33459,33469,10
13.0764799118,80.2372436523,33469,33499,30
13.0764799118,80.2372436523,33499,33509,10
13.0765199661,80.2376098633,33509,33519,10
13.07654953,80.2376480103,33519,33530,11
13.0766201019,80.2379608154,33530,33540,10
13.0767097473,80.2384567261,33540,33550,10
13.0768404007,80.2390213013,33550,33560,10
13.0770101547,80.239692688,33560,33570,10
13.0771799088,80.2404022217,33570,33580,10
13.077340126,80.2410583496,33580,33590,10
13.0774002075,80.2414932251,33590,33600,10
13.0775403976,80.2421112061,33600,33610,10
13.0776796341,80.2429580688,33610,33620,10
13.0777997971,80.2437591553,33620,33630,10
13.0777702332,80.244430542,33630,33641,11
13.0778999329,80.2453536987,33641,33651,10
13.0779399872,80.2462615967,33651,33661,10
13.0781402588,80.2472076416,33661,33671,10
13.0783596039,80.2481765747,33671,33681,10
13.078499794,80.2487869263,33681,33691,10
13.0785799026,80.2489776611,33691,33701,10
13.0786304474,80.2492370605,33701,33711,10
13.0787000656,80.2496032715,33711,33721,10
13.0787601471,80.2499389648,33721,33731,10
13.0787401199,80.2500228882,33731,33741,10
13.0787200928,80.250213623,33741,33788,47
13.0787200928,80.250213623,33788,33800,12
13.078499794,80.2505187988,33800,33810,10
13.0784902573,80.2506790161,33810,33819,9
13.078499794,80.2508010864,33819,33830,11
13.0785198212,80.2510375977,33830,33870,40
13.0786600113,80.251411438,33870,33921,51
13.0786600113,80.251411438,33921,33931,10
13.0783996582,80.251663208,33931,33941,10
13.0782804489,80.2516937256,33941,33951,10
13.0779495239,80.251739502,33951,33962,11
13.077249527,80.2518615723,33962,33972,10
13.0766000748,80.2519836426,33972,33982,10
13.0757703781,80.2521286011,33982,33992,10
13.0751600266,80.252166748,33992,34002,10
13.0748195648,80.2521972656,34002,34012,10
13.0743303299,80.252281189,34012,34022,10
13.0740804672,80.2523803711,34022,34032,10
13.0738096237,80.2525100708,34032,34042,10
13.0733203888,80.2524108887,34042,34052,10
13.072719574,80.2522964478,34052,34062,10
13.0722303391,80.2519607544,34062,34073,11
13.0720901489,80.2510910034,34073,34083,10
13.0718002319,80.25025177,34083,34093,10
13.071559906,80.2493209839,34093,34103,10
13.0713396072,80.2482223511,34103,34112,9
13.0710296631,80.2474212646,34112,34123,11
13.0705900192,80.2464904785,34123,34133,10
13.0701303482,80.2455062866,34133,34143,10
13.0698003769,80.244682312,34143,34153,10
13.0695295334,80.243888855,34153,34163,10
13.0693502426,80.2433700562,34163,34184,21
13.0693502426,80.2433700562,34184,34194,10
13.0693101883,80.2432022095,34194,34204,10
13.0692195892,80.2427062988,34204,34214,10
13.0688800812,80.2424926758,34214,34224,10
13.0686101913,80.2425384521,34224,34234,10
13.0680904388,80.24269104,34234,34244,10
13.0675096512,80.2428970337,34244,34254,10
13.0670900345,80.2430877686,34254,34264,10
13.0668401718,80.2431488037,34264,34274,10
13.0665102005,80.243270874,34274,34285,11
13.0662002563,80.2435073853,34285,34295,10
13.0661201477,80.2436828613,34295,34305,10
13.0661401749,80.2438583374,34305,34315,10
13.0661697388,80.2441101074,34315,34325,10
13.0661897659,80.2442932129,34325,34335,10
13.0662002563,80.2445220947,34335,34345,10
13.0662603378,80.2448196411,34345,34355,10
13.0663099289,80.2452087402,34355,34365,10
13.0664100647,80.2457199097,34365,34375,10
13.0668897629,80.2461013794,34375,34385,10
13.0674600601,80.2463531494,34385,34396,11
13.0678100586,80.2465591431,34396,34416,20
13.0678100586,80.2465591431,34416,34426,10
13.0678596497,80.2466964722,34426,34436,10
13.0678596497,80.2472381592,34436,34446,10
13.0677700043,80.2478103638,34446,34456,10
13.06731987,80.2478637695,34456,34466,10
13.0667200089,80.2478713989,34466,34476,10
13.0663604736,80.2478637695,34476,34486,10
13.0657596588,80.2478027344,34486,34497,11
13.0649204254,80.2477035522,34497,34507,10
13.0640096664,80.2476196289,34507,34517,10
13.063249588,80.2475814819,34517,34527,10
13.0625,80.2475662231,34527,34537,10
13.0617904663,80.2474136353,34537,34547,10
13.0614995956,80.2468566895,34547,34557,10
13.0618801117,80.2463378906,34557,34567,10
13.062040329,80.2455215454,34567,34577,10
13.0625,80.2449188232,34577,34587,10
13.0632095337,80.2442016602,34587,34618,31
13.0632095337,80.2442016602,34618,34628,10
13.0634202957,80.2438964844,34628,34644,16
13.0629701614,80.2434005737,34644,34656,12
13.06208992,80.2432098389,34656,34666,10
13.0614700317,80.2430877686,34666,34676,10
13.0612602234,80.2430725098,34676,34686,10
13.0608797073,80.2429504395,34686,34696,10
13.0601501465,80.2426986694,34696,34706,10
13.0595302582,80.2425003052,34706,34716,10
13.0586996078,80.2425994873,34716,34737,21
13.0586996078,80.2425994873,34737,34747,10
13.0584096909,80.2426834106,34747,34755,8
13.0580797195,80.2427597046,34755,34766,11
13.0573101044,80.2428436279,34766,34777,11
13.0571804047,80.2428283691,34777,34788,11
13.0568704605,80.2427062988,34788,34798,10
13.0563802719,80.2425079346,34798,34809,11
13.0559196472,80.2423324585,34809,34819,10
13.0551395416,80.2423171997,34819,34829,10
13.0544099808,80.2423400879,34829,34840,11
13.0537004471,80.2421722412,34840,34870,30
13.0537004471,80.2421722412,34870,34880,10
13.0534601212,80.2419815063,34880,34890,10
13.053319931,80.2419204712,34890,34900,10
13.0529699326,80.2417907715,34900,34910,10
13.0524902344,80.2415008545,34910,34920,10
13.0521402359,80.2409820557,34920,34931,11
13.0519304276,80.2407073975,34931,34941,10
13.0517301559,80.2406387329,34941,34951,10
13.0513095856,80.240562439,34951,34961,10
13.0511598587,80.2405471802,34961,34971,10
13.0508899689,80.2405014038,34971,34981,10
13.0508804321,80.2404937744,34981,34991,10
13.0506095886,80.2404174805,34991,35001,10
13.0500802994,80.2403106689,35001,35011,10
13.0496997833,80.2402191162,35011,35021,10
13.0491104126,80.2400665283,35021,35031,10
13.0483398438,80.2399215698,35031,35042,11
13.0474996567,80.2397689819,35042,35052,10
13.0473003387,80.2397079468,35052,35062,10
13.0468301773,80.2395935059,35062,35072,10
13.0462598801,80.2394485474,35072,35082,10
13.0463695526,80.2389602661,35082,35092,10
13.046500206,80.2383117676,35092,35102,10
13.0466403961,80.2376403809,35102,35112,10
13.0468196869,80.2367477417,35112,35122,10
13.0469799042,80.2360916138,35122,35132,10
13.0470600128,80.2356491089,35132,35142,10
13.0470695496,80.2353973389,35142,35153,11
13.0471401215,80.2347488403,35153,35162,9
13.0472297668,80.2340164185,35162,35173,11
13.0473403931,80.2331466675,35173,35183,10
13.0468597412,80.2329406738,35183,35193,10
13.0460996628,80.2328109741,35193,35203,10
13.0451602936,80.2326126099,35203,35233,30
13.0451602936,80.2326126099,35233,35243,10
13.0448198318,80.2324905396,35243,35253,10
13.0441904068,80.232383728,35253,35264,11
13.043390274,80.2322921753,35264,35274,10
13.0426797867,80.2322769165,35274,35284,10
13.0419197083,80.2322311401,35284,35294,10
13.0410203934,80.2320327759,35294,35304,10
13.0399904251,80.2316818237,35304,35314,10
13.0389699936,80.2314071655,35314,35324,10
13.0379295349,80.2311019897,35324,35334,10
13.0371799469,80.2308502197,35334,35344,10
13.0367803574,80.2307510376,35344,35354,10
13.0363302231,80.2306594849,35354,35364,10
13.035369873,80.2303390503,35364,35453,89
13.035369873,80.2303390503,35453,35463,10
13.0352201462,80.2302932739,35463,35473,10
13.0349397659,80.2303009033,35473,35484,11
13.0345697403,80.2303771973,35484,35494,10
13.0340499878,80.2304229736,35494,35504,10
13.0334997177,80.23046875,35504,35514,10
13.0334796906,80.2304763794,35514,35524,10
13.0332899094,80.2305374146,35524,35534,10
13.0328702927,80.2305526733,35534,35544,10
13.0322399139,80.2305908203,35544,35554,10
13.0313796997,80.2306671143,35554,35625,71
13.0313796997,80.2306671143,35625,35635,10
13.0311803818,80.2306594849,35635,35645,10
13.0309400558,80.230682373,35645,35655,10
13.0307502747,80.2306976318,35655,35665,10
13.0303096771,80.2307434082,35665,35675,10
13.0298404694,80.2307815552,35675,35686,11
13.0297203064,80.2308120728,35686,35696,10
13.029250145,80.2308425903,35696,35706,10
13.0285596848,80.2309265137,35706,35716,10
13.0277900696,80.2309799194,35716,35726,10
13.0276603699,80.2312393188,35726,35736,10
13.0277004242,80.2318572998,35736,35746,10
13.0277996063,80.2325820923,35746,35756,10
13.0276098251,80.2327880859,35756,35766,10
13.0269804001,80.2329406738,35766,35817,51
13.0269804001,80.2329406738,35817,35827,10
13.0268201828,80.2330093384,35827,35837,10
13.0264701843,80.2329330444,35837,35847,10
13.0263004303,80.2325820923,35847,35857,10
13.0262403488,80.2323608398,35857,35867,10
13.0262203217,80.2322006226,35867,35877,10
13.0261602402,80.2319793701,35877,35887,10
13.0261096954,80.2316131592,35887,35897,10
13.0259399414,80.2309188843,35897,35908,11
13.0254297256,80.2299423218,35908,35918,10
13.0249004364,80.2292633057,35918,35928,10
13.0246601105,80.2289962769,35928,35938,10
13.024479866,80.228767395,35938,35948,10
13.0239801407,80.2281799316,35948,35968,20
13.0239801407,80.2281799316,35968,35977,9
13.0237903595,80.227897644,35977,35988,11
13.0233201981,80.2274398804,35988,35998,10
13.0227403641,80.2268981934,35998,36007,9
13.0221004486,80.226272583,36007,36019,12
13.0210399628,80.2254486084,36019,36029,10
13.0201101303,80.2248382568,36029,36039,10
13.0190696716,80.2244110107,36039,36049,10
13.0179395676,80.2247772217,36049,36059,10
13.0168600082,80.225227356,36059,36069,10
13.0162601471,80.2255020142,36069,36079,10
13.015999794,80.2256011963,36079,36089,10
13.0154800415,80.2257766724,36089,36099,10
13.0148696899,80.2260513306,36099,36109,10
13.0141401291,80.2263565063,36109,36130,21
13.0141401291,80.2263565063,36130,36140,10
13.0138397217,80.2264480591,36140,36150,10
13.013250351,80.2266769409,36150,36166,16
13.0126199722,80.2269287109,36166,36178,12
13.0119600296,80.2272109985,36178,36186,8
13.0113401413,80.2274475098,36186,36198,12
13.0102996826,80.2278594971,36198,36208,10
13.0093402863,80.2282867432,36208,36218,10
13.0091199875,80.2288894653,36218,36228,10
13.0089998245,80.2295379639,36228,36248,20
13.0089998245,80.2295379639,36248,36259,11
13.008939743,80.2298736572,36259,36289,30
13.008939743,80.2298736572,36289,36299,10
13.0088596344,80.2301712036,36299,36309,10
13.008769989,80.2305908203,36309,36319,10
13.0087099075,80.2309036255,36319,36329,10
13.0086297989,80.2313613892,36329,36380,51
13.0086297989,80.2313613892,36380,36390,10
13.0085096359,80.231918335,36390,36400,10
13.0084495544,80.2322769165,36400,36410,10
13.0083799362,80.2326583862,36410,36420,10
13.0083198547,80.2330322266,36420,36430,10
13.0082702637,80.2334823608,36430,36451,21
13.0082702637,80.2334823608,36451,36461,10
13.0081501007,80.2337799072,36461,36471,10
13.0080404282,80.2342376709,36471,36481,10
13.007900238,80.2348937988,36481,36491,10
13.0078496933,80.2352523804,36491,36511,20
13.0078496933,80.2352523804,36511,36527,16
13.0077695847,80.2356491089,36527,36539,12
13.0076799393,80.2361679077,36539,36547,8
13.007610321,80.2365493774,36547,36560,13
13.0075397491,80.2369232178,36560,36570,10
13.0074901581,80.2371673584,36570,36580,10
13.0074300766,80.2374572754,36580,36590,10
13.0073795319,80.237739563,36590,36599,9
13.0073003769,80.2382125854,36599,36610,11
13.007060051,80.2393569946,36610,36681,71
13.007060051,80.2393569946,36681,36691,10
13.0070400238,80.2396621704,36691,36812,121
13.0070400238,80.2396621704,36812,36822,10
13.0069904327,80.240020752,36822,36832,10
13.0068998337,80.240562439,36832,36842,10
13.006819725,80.2408981323,36842,36852,10
13.0067996979,80.2409896851,36852,36862,10
13.0067396164,80.2415237427,36862,36872,10
13.0067300797,80.2424087524,36872,36883,11
13.0067100525,80.2431030273,36883,36893,10
13.0066995621,80.243347168,36893,36903,10
13.0066995621,80.2437133789,36903,36913,10
13.0066795349,80.2441101074,36913,36923,10
13.0066795349,80.2445373535,36923,36933,10
13.0066404343,80.245010376,36933,36943,10
13.0066795349,80.2453765869,36943,36953,10
13.0066900253,80.2456130981,36953,36963,10
13.0066995621,80.2457199097,36963,36973,10
13.0067195892,80.2459487915,36973,36984,11
13.0067300797,80.2462921143,36984,36994,10
13.0067501068,80.2467575073,36994,37004,10
13.0067396164,80.247428894,37004,37014,10
13.0067596436,80.2482833862,37014,37024,10
13.0068798065,80.2497024536,37024,37044,20
13.0068798065,80.2497024536,37044,37054,10
13.0068397522,80.250038147,37054,37064,10
13.0068502426,80.2510375977,37064,37084,20
13.0068502426,80.2510375977,37084,37095,11
13.0068798065,80.2512207031,37095,37105,10
13.0068302155,80.2515029907,37105,37115,10
13.0066699982,80.2520980835,37115,37125,10
13.0065698624,80.2530517578,37125,37135,10
13.0065498352,80.2542037964,37135,37145,10
13.0066099167,80.2550964355,37145,37155,10
13.0066099167,80.2551574707,37155,37165,10
13.0066099167,80.2553634644,37165,37175,10
13.0066003799,80.2559967041,37175,37185,10
13.0066204071,80.2567977905,37185,37195,10
13.0066795349,80.2573394775,37195,37206,11
13.0062904358,80.2575378418,37206,37216,10
13.0057001114,80.2573928833,37216,37226,10
13.0050096512,80.2572174072,37226,37236,10
13.0042104721,80.2570266724,37236,37246,10
13.0034599304,80.2568817139,37246,37256,10
13.0026702881,80.2567214966,37256,37306,50
13.0026702881,80.2567214966,37306,37323,17
13.0024795532,80.2566833496,37323,37335,12
13.0020103455,80.2566070557,37335,37345,10
13.001540184,80.2565536499,37345,37354,9
13.0008001328,80.2564468384,37354,37365,11
13.0000295639,80.2563323975,37365,37405,40
13.0000295639,80.2563323975,37405,37415,10
12.9997396469,80.2562179565,37415,37426,11
12.9993801117,80.2561569214,37426,37437,11
12.998840332,80.256072998,37437,37446,9
12.9984302521,80.2560424805,37446,37457,11
12.9979696274,80.2559585571,37457,37467,10
12.9973602295,80.2559127808,37467,37477,10
12.9969701767,80.2559661865,37477,37487,10
12.9968900681,80.2562179565,37487,37497,10
12.9968299866,80.2568511963,37497,37507,10
12.9968204498,80.2569732666,37507,37517,10
12.9967899323,80.2570266724,37517,37528,11
12.9967403412,80.25756073,37528,37538,10
12.9966497421,80.258392334,37538,37548,10
12.9965400696,80.259262085,37548,37558,10
12.9964895248,80.2599487305,37558,37568,10
12.9963998795,80.2607498169,37568,37578,10
12.9963197708,80.2615585327,37578,37588,10
12.9962100983,80.2623825073,37588,37608,20
12.9962100983,80.2623825073,37608,37618,10
12.9961500168,80.2628479004,37618,37628,10
12.9960803986,80.2636489868,37628,37639,11
12.9959697723,80.2646789551,37639,37649,10
12.995929718,80.2652435303,37649,37659,10
12.9959096909,80.2653274536,37659,37669,10
12.9958496094,80.2658920288,37669,37679,10
12.9957304001,80.2668075562,37679,37689,10
12.9957399368,80.2675933838,37689,37705,16
12.9962100983,80.2676620483,37705,37717,12
12.9962797165,80.2677001953,37717,37725,8
12.9966096878,80.2677536011,37725,37737,12
12.9974403381,80.267578125,37737,37747,10
12.9981899261,80.2673721313,37747,37758,11
12.9993495941,80.2670593262,37758,37768,10
13.000120163,80.2666015625,37768,37778,10
13.000169754,80.266418457,37778,37788,10
13.0001802444,80.2662963867,37788,37798,10
13.0002202988,80.2658309937,37798,37808,10
13.0003595352,80.2657318115,37808,37818,10
13.0003595352,80.2660217285,37818,38043,225
13.0003595352,80.2660217285,38043,38053,10
13.0003595352,80.2661590576,38053,38084,31
13.0003595352,80.2660827637,38084,38457,373
13.0003595352,80.2660827637,38457,38467,10
13.000289917,80.2662582397,38467,38477,10
13.0002698898,80.2665634155,38477,38487,10
13.0002803802,80.2666778564,38487,38498,11
13.0001497269,80.2668075562,38498,38508,10
12.9997501373,80.2669525146,38508,38518,10
12.9992198944,80.2670974731,38518,38528,10
12.9987297058,80.2672424316,38528,38538,10
12.9983797073,80.2673416138,38538,38548,10
12.9981603622,80.2673797607,38548,38558,10
12.9976701736,80.2675323486,38558,38568,10
12.9970903397,80.2677001953,38568,38578,10
12.9964799881,80.2677383423,38578,38588,10
12.9959201813,80.2677230835,38588,38598,10
12.9957103729,80.2674102783,38598,38609,11
12.9957103729,80.267250061,38609,38619,10
12.9957504272,80.2669067383,38619,38629,10
12.9958295822,80.2661895752,38629,38639,10
12.9959402084,80.2652664185,38639,38649,10
12.996049881,80.2643966675,38649,38659,10
12.9961595535,80.2633590698,38659,38669,10
12.9962100983,80.2626800537,38669,38689,20
12.9962100983,80.2626800537,38689,38699,10
12.9962596893,80.2623062134,38699,38709,10
12.9963197708,80.2618408203,38709,38720,11
12.9963798523,80.2612686157,38720,38730,10
12.9964704514,80.2604980469,38730,38740,10
12.9965400696,80.2598419189,38740,38756,16
12.9965896606,80.2592391968,38756,38768,12
12.9966897964,80.2582702637,38768,38778,10
12.9967899323,80.2572937012,38778,38788,10
12.9968500137,80.2566223145,38788,38798,10
12.9968595505,80.2562103271,38798,38879,81
12.9968595505,80.2562103271,38879,38889,10
12.9970598221,80.2557983398,38889,38899,10
12.9975299835,80.2558288574,38899,38909,10
12.9983596802,80.2559204102,38909,38940,31
12.9986000061,80.2559661865,38940,38960,20
12.9986000061,80.2559661865,38960,38970,10
12.9987602234,80.2560195923,38970,38980,10
12.9989299774,80.2560806274,38980,38990,10
12.9995002747,80.2561798096,38990,39000,10
13.0002298355,80.2563171387,39000,39010,10
13.0008802414,80.2564315796,39010,39020,10
13.0011301041,80.256477356,39020,39061,41
13.0011301041,80.256477356,39061,39071,10
13.0013599396,80.2566070557,39071,39081,10
13.0018901825,80.2566680908,39081,39091,10
13.002699852,80.2567825317,39091,39101,10
13.0034303665,80.2568969727,39101,39111,10
13.0044698715,80.2570800781,39111,39121,10
13.0052404404,80.2572174072,39121,39131,10
13.0057096481,80.2573318481,39131,39172,41
13.0057096481,80.2573318481,39172,39182,10
13.0061101913,80.2573928833,39182,39192,10
13.0065202713,80.2573165894,39192,39202,10
13.0065002441,80.2566680908,39202,39212,10
13.0065002441,80.2557678223,39212,39222,10
13.0065402985,80.2550506592,39222,39232,10
13.0065202713,80.2541427612,39232,39242,10
13.0065002441,80.2532119751,39242,39253,11
13.0064897537,80.253036499,39253,39263,10
13.0065202713,80.2526016235,39263,39313,50
13.0065202713,80.2526016235,39313,39323,10
13.0065402985,80.2524490356,39323,39339,16
13.0066900253,80.251739502,39339,39351,12
13.006770134,80.2506332397,39351,39359,8
13.0067396164,80.2498779297,39359,39483,124
13.0067396164,80.2498779297,39483,39493,10
13.0067195892,80.2493362427,39493,39503,10
13.0066900253,80.2488937378,39503,39513,10
13.0066699982,80.2484664917,39513,39523,10
13.0066404343,80.2481307983,39523,39634,111
13.0066204071,80.2479705811,39634,39745,111
13.0066204071,80.2479705811,39745,39755,10
13.0066204071,80.2479400635,39755,39765,10
13.0066404343,80.2475128174,39765,39775,10
13.0066404343,80.2468338013,39775,39785,10
13.0065803528,80.2464904785,39785,39796,11
13.0066099167,80.2464523315,39796,39806,10
13.0066404343,80.2460479736,39806,39816,10
13.0066404343,80.2453231812,39816,39826,10
13.0066299438,80.2445831299,39826,39836,10
13.0066204071,80.2440032959,39836,39846,10
13.0066204071,80.2434921265,39846,39856,10
13.0065898895,80.2430419922,39856,39866,10
13.0065803528,80.2422332764,39866,39876,10
13.0065603256,80.2414627075,39876,39886,10
13.0065803528,80.2412414551,39886,39896,10
13.0067596436,80.2403030396,39896,39957,61
13.0067596436,80.2403030396,39957,39973,16
13.0069198608,80.2396774292,39973,39985,12
13.0071201324,80.2385864258,39985,39993,8
13.0072498322,80.2378616333,39993,40005,12
13.0074300766,80.2370605469,40005,40016,11
13.0074300766,80.2368011475,40016,40026,10
13.0074796677,80.2366790771,40026,40036,10
13.0076198578,80.2361831665,40036,40046,10
13.0077695847,80.2354507446,40046,40056,10
13.0078697205,80.2349700928,40056,40066,10
13.0079898834,80.2343826294,40066,40076,10
13.0082397461,80.2331619263,40076,40085,9
13.0084600449,80.2319869995,40085,40096,11
13.0087499619,80.2304534912,40096,40106,10
13.0089998245,80.2292175293,40106,40116,10
13.0092401505,80.2281570435,40116,40127,11
13.0097103119,80.2270507813,40127,40137,10
13.0101203918,80.2261276245,40137,40147,10
13.0105400085,80.2251815796,40147,40157,10
13.0108203888,80.2246170044,40157,40167,10
13.0110702515,80.2241134644,40167,40177,10
13.011349678,80.2234191895,40177,40187,10
13.0116100311,80.2228164673,40187,40197,10
13.0118103027,80.2222671509,40197,40207,10
13.0121002197,80.2216491699,40207,40217,10
13.0122804642,80.2214889526,40217,40228,11
13.0125398636,80.2218399048,40228,40238,10
13.0129899979,80.2223815918,40238,40248,10
13.0134401321,80.2229232788,40248,40258,10
13.0139904022,80.2233810425,40258,40268,10
13.0142498016,80.2236099243,40268,40278,10
13.0146198273,80.2240829468,40278,40288,10
13.0151796341,80.2247390747,40288,40298,10
13.0153598785,80.2248764038,40298,40308,10
13.0155096054,80.2250289917,40308,40318,10
13.0159902573,80.2253417969,40318,40328,10
13.0167999268,80.2252426147,40328,40339,11
13.0178604126,80.2248382568,40339,40349,10
13.0189399719,80.2244186401,40349,40359,10
13.0197200775,80.2245178223,40359,40369,10
13.0202999115,80.2249221802,40369,40379,10
13.0207996368,80.2253189087,40379,40389,10
13.0212697983,80.2257232666,40389,40399,10
13.0217895508,80.2261123657,40399,40409,10
13.0221300125,80.22631073,40409,40419,10
13.0222997665,80.2264785767,40419,40429,10
13.022649765,80.2268066406,40429,40439,10
13.0229797363,80.2270965576,40439,40450,11
13.0231304169,80.2272872925,40450,40460,10
13.0232801437,80.2274398804,40460,40470,10
13.0236196518,80.2277374268,40470,40480,10
13.0239496231,80.2279891968,40480,40490,10
13.0241203308,80.2281799316,40490,40500,10
13.024140358,80.2282028198,40500,40510,10
13.0241699219,80.2283096313,40510,40520,10
13.0244102478,80.2286224365,40520,40530,10
13.0245399475,80.228767395,40530,40540,10
13.0246801376,80.2289581299,40540,40551,11
13.0248498917,80.2292098999,40551,40561,10
13.0252304077,80.2296829224,40561,40571,10
13.0256595612,80.2303085327,40571,40581,10
13.0258703232,80.2307891846,40581,40591,10
13.0259799957,80.2311706543,40591,40631,40
13.0259799957,80.2311706543,40631,40641,10
13.026260376,80.2313232422,40641,40651,10
13.0269899368,80.2311401367,40651,40662,11
13.0277299881,80.2309799194,40662,40672,10
13.0279598236,80.2309570313,40672,40682,10
13.028380394,80.2308502197,40682,40692,10
13.0288000107,80.2308120728,40692,40702,10
13.0292396545,80.230796814,40702,40712,10
13.0296802521,80.230758667,40712,40722,10
13.0304298401,80.23072052,40722,40833,111
13.0304298401,80.23072052,40833,40843,10
13.0305204391,80.2307128906,40843,40853,10
13.0306797028,80.23072052,40853,40863,10
13.03125,80.230682373,40863,40874,11
13.0320196152,80.2305984497,40874,40884,10
13.032959938,80.2305526733,40884,40914,30
13.032959938,80.2305526733,40914,40924,10
13.0331096649,80.2306289673,40924,40934,10
13.0333900452,80.2305679321,40934,40944,10
13.033659935,80.2305374146,40944,40954,10
13.0340499878,80.2304611206,40954,40985,31
13.0340499878,80.2304611206,40985,40995,10
13.0342998505,80.2304382324,40995,41005,10
13.0343999863,80.2304534912,41005,41015,10
13.0347995758,80.2303466797,41015,41025,10
13.0349597931,80.2304534912,41025,41035,10
13.0349397659,80.2308502197,41035,41045,10
13.0348501205,80.2314605713,41045,41055,10
13.0347299576,80.2323532104,41055,41065,10
13.034620285,80.2331314087,41065,41075,10
13.0344896317,80.2340011597,41075,41085,10
13.0344295502,80.2345199585,41085,41096,11
13.0343704224,80.2350769043,41096,41106,10
13.0342597961,80.2359924316,41106,41116,10
13.0341596603,80.2368774414,41116,41166,50
13.0341596603,80.2368774414,41166,41176,10
13.0340795517,80.2370605469,41176,41186,10
13.0341596603,80.2373428345,41186,41196,10
13.0343999863,80.2377090454,41196,41206,10
13.0346403122,80.238067627,41206,41217,11
13.0349903107,80.238571167,41217,41226,9
13.0351896286,80.2388763428,41226,41237,11
13.0356502533,80.2393417358,41237,41247,10
13.0362997055,80.2393493652,41247,41257,10
13.0372600555,80.2395172119,41257,41267,10
13.0378599167,80.2395935059,41267,41277,10
13.038860321,80.2396774292,41277,41287,10
13.0391101837,80.2397079468,41287,41297,10
13.0397396088,80.2398071289,41297,41318,21
13.040019989,80.2398605347,41318,41358,40
13.040019989,80.2398605347,41358,41368,10
13.0402898788,80.2399215698,41368,41378,10
13.0403900146,80.2403030396,41378,41398,20
13.0403900146,80.2403030396,41398,41408,10
13.0404396057,80.2404708862,41408,41419,11
13.0408296585,80.2405319214,41419,41429,10
13.0409803391,80.240562439,41429,41439,10
13.0410604477,80.2405700684,41439,41449,10
13.0413799286,80.2405471802,41449,41459,10
13.0422096252,80.2406616211,41459,41469,10
13.0433502197,80.2408676147,41469,41479,10
13.0439195633,80.2409591675,41479,41489,10
13.0442399979,80.2408218384,41489,41631,142
13.0442399979,80.2408218384,41631,41641,10
13.0445995331,80.2405700684,41641,41651,10
13.0449800491,80.2403106689,41651,41661,10
13.0454797745,80.2399978638,41661,41671,10
13.045999527,80.2396469116,41671,41681,10
13.0463495255,80.2396011353,41681,41691,10
13.0464696884,80.2396011353,41691,41701,10
13.0468397141,80.2396621704,41701,41711,10
13.0474300385,80.2397613525,41711,41721,10
13.0481595993,80.2399215698,41721,41731,10
13.0487804413,80.2400131226,41731,41742,11
13.0495004654,80.2401580811,41742,41752,10
13.0501403809,80.2402801514,41752,41762,10
13.0508699417,80.240447998,41762,41772,10
13.0510797501,80.2405166626,41772,41782,10
13.0513095856,80.240562439,41782,41792,10
13.0519104004,80.2406463623,41792,41802,10
13.0524902344,80.2410736084,41802,41812,10
13.0525503159,80.2413711548,41812,41822,10
13.0529899597,80.2418136597,41822,41832,10
13.0536403656,80.2421417236,41832,41842,10
13.0539598465,80.2422332764,41842,41853,11
13.0543203354,80.2423171997,41853,41863,10
13.0551204681,80.2422485352,41863,41873,10
13.056019783,80.2423477173,41873,41883,10
13.0564699173,80.2425765991,41883,41893,10
13.0565900803,80.2426071167,41893,41903,10
13.0570297241,80.2427062988,41903,41913,10
13.0575199127,80.2427825928,41913,41923,10
13.0580196381,80.2426681519,41923,41933,10
13.058549881,80.2425537109,41933,41949,16
13.0594902039,80.242477417,41949,41962,13
13.0601701736,80.242729187,41962,41972,10
13.0606899261,80.2429199219,41972,41981,9
13.0611400604,80.2430496216,41981,41992,11
13.0617198944,80.2431182861,41992,42002,10
13.0618400574,80.2431716919,42002,42012,10
13.0621404648,80.243270874,42012,42021,9
13.0624303818,80.2433013916,42021,42033,12
13.0628004074,80.2433700562,42033,42043,10
13.0635404587,80.2434768677,42043,42053,10
13.0642299652,80.2435379028,42053,42064,11
13.0650396347,80.2435073853,42064,42074,10
13.065369606,80.2435379028,42074,42104,30
13.065369606,80.2435379028,42104,42114,10
13.0657100677,80.2435531616,42114,42124,10
13.066160202,80.2434692383,42124,42134,10
13.0664796829,80.2433166504,42134,42144,10
13.0670099258,80.2431182861,42144,42154,10
13.0676498413,80.2428436279,42154,42164,10
13.068400383,80.2426376343,42164,42175,11
13.0689601898,80.242477417,42175,42195,20
13.0689601898,80.242477417,42195,42205,10
13.0693798065,80.2423400879,42205,42215,10
13.0693798065,80.2423400879,42215,42225,10
13.0700101852,80.2420806885,42225,42245,20
13.0700101852,80.2420806885,42245,42255,10
13.0701999664,80.2421188354,42255,42265,10
13.070520401,80.2419509888,42265,42275,10
13.0711202621,80.2417068481,42275,42286,11
13.0720300674,80.2412796021,42286,42296,10
13.0729799271,80.2407913208,42296,42306,10
13.0736503601,80.2406005859,42306,42316,10
13.0745000839,80.2404937744,42316,42326,10
13.0755195618,80.2404785156,42326,42336,10
13.076499939,80.2405166626,42336,42346,10
13.0770702362,80.2405014038,42346,42356,10
13.0770902634,80.2401123047,42356,42366,10
13.0769300461,80.2393493652,42366,42376,10
13.0767002106,80.2385482788,42376,42386,10
13.076669693,80.2384414673,42386,42397,11
13.0766296387,80.2381820679,42397,42407,10
13.0765199661,80.2378005981,42407,42417,10
13.0763998032,80.2373580933,42417,42427,10
13.0763702393,80.2372436523,42427,42436,9
13.0763597488,80.2371368408,42436,42447,11
13.0763101578,80.2368774414,42447,42457,10
13.0762195587,80.2361984253,42457,42467,10
13.0760498047,80.2352828979,42467,42477,10
13.075799942,80.2341690063,42477,42509,32
13.075799942,80.2341690063,42509,42519,10
13.0758895874,80.2340774536,42519,42529,10
13.0759401321,80.2337875366,42529,42539,10
13.0764198303,80.2337188721,42539,42549,10
13.0767402649,80.2336578369,42549,42559,10
13.076880455,80.2336730957,42559,42569,10
13.0774002075,80.2335891724,42569,42579,10
13.0780200958,80.2335128784,42579,42589,10
13.0787401199,80.2334823608,42589,42600,11
13.079460144,80.2334823608,42600,42610,10
13.079870224,80.2334594727,42610,42620,10
13.0802898407,80.2334594727,42620,42630,10
13.0805501938,80.2334671021,42630,42640,10
13.0812397003,80.2334823608,42640,42650,10
13.0818996429,80.2334594727,42650,42660,10
13.0820102692,80.2329177856,42660,42670,10
13.0822401047,80.2321624756,42670,42680,10
13.0825595856,80.2313919067,42680,42690,10
13.0827102661,80.2310409546,42690,42700,10
13.0828199387,80.2307434082,42700,42711,11
13.0831403732,80.2309188843,42711,42721,10
13.0831699371,80.2316970825,42721,42731,10
13.0832195282,80.2326202393,42731,42741,10
13.0833702087,80.2333297729,42741,42751,10
13.0833997726,80.2334365845,42751,42761,10
13.0834999084,80.2337875366,42761,42771,10
13.0837697983,80.2338790894,42771,42781,10
13.0839500427,80.2339019775,42781,42791,10
13.0844802856,80.2340011597,42791,42801,10
13.0850400925,80.2341308594,42801,42811,10
13.0855798721,80.2342529297,42811,42822,11
13.0863599777,80.2344818115,42822,42832,10
13.0870504379,80.2345809937,42832,42842,10
13.0878000259,80.2344436646,42842,42852,10
13.0879602432,80.2336425781,42852,42862,10
13.0881996155,80.2324905396,42862,42872,10
13.08852005,80.2313995361,42872,42882,10
13.0888299942,80.2306671143,42882,42892,10
13.0888795853,80.2305908203,42892,42902,10
13.089099884,80.2302093506,42902,42912,10
13.0895204544,80.2294616699,42912,42923,11
13.0903396606,80.2285003662,42923,42932,9
13.0910196304,80.2277526855,42932,42943,11
13.0913696289,80.2273635864,42943,42953,10
13.091629982,80.2270889282,42953,42963,10
13.0921297073,80.2265777588,42963,42973,10
13.0927801132,80.2259292603,42973,42983,10
13.0933103561,80.2253417969,42983,42993,10
13.0934400558,80.2251968384,42993,43003,10
13.093870163,80.2247467041,43003,43013,10
13.094329834,80.2241973877,43013,43023,10
13.0948600769,80.2234420776,43023,43034,11
13.0953702927,80.2222671509,43034,43044,10
13.0957403183,80.2212371826,43044,43054,10
13.096039772,80.2203063965,43054,43064,10
13.0961503983,80.2200164795,43064,43073,9
13.096329689,80.2194671631,43073,43084,11
13.0965795517,80.2188186646,43084,43094,10
13.0968198776,80.2180786133,43094,43104,10
13.0971097946,80.2172927856,43104,43114,10
13.0974397659,80.2164382935,43114,43124,10
13.0978097916,80.2155227661,43124,43134,10
13.0984897614,80.2140197754,43134,43215,81
13.0984897614,80.2140197754,43215,43225,10
13.09856987,80.2139816284,43225,43235,10
13.0989999771,80.2141799927,43235,43245,10
13.0997800827,80.2143783569,43245,43256,11
13.100060463,80.2144622803,43256,43266,10
13.1005096436,80.2146224976,43266,43326,60
13.1005096436,80.2146224976,43326,43336,10
13.1006202698,80.2147216797,43336,43346,10
13.1004695892,80.2150878906,43346,43357,11
13.100110054,80.2158813477,43357,43367,10
13.0998897552,80.2158508301,43367,43488,121
13.0998897552,80.2158508301,43488,43498,10
13.0999898911,80.2156600952,43498,43508,10
13.1001701355,80.2152481079,43508,43518,10
13.1002101898,80.2147216797,43518,43881,363
13.1002101898,80.2147216797,43881,43891,10
13.1002502441,80.21459198,43891,43902,11
13.100060463,80.2144622803,43902,43912,10
13.099729538,80.2143783569,43912,43922,10
13.0991201401,80.2142333984,43922,43932,10
13.0984897614,80.2140808105,43932,43942,10
13.0981903076,80.2147216797,43942,43952,10
13.0977897644,80.2156600952,43952,43962,10
13.0973396301,80.2167434692,43962,43972,10
13.0969104767,80.2178573608,43972,43982,10
13.0965595245,80.2188568115,43982,43992,10
13.0963602066,80.219367981,43992,44003,11
13.0960302353,80.2203063965,44003,44012,9
13.0957298279,80.2211914063,44012,44023,11
13.0953598022,80.2222518921,44023,44033,10
13.0949296951,80.2232894897,44033,44043,10
13.0942497253,80.224281311,44043,44053,10
13.0936803818,80.2250137329,44053,44063,10
13.0935401917,80.2251663208,44063,44073,10
13.0931596756,80.2255783081,44073,44083,10
13.092499733,80.2261962891,44083,44093,10
13.0917396545,80.2269821167,44093,44103,10
13.0911998749,80.2275619507,44103,44114,11
13.091050148,80.2277297974,44114,44124,10
13.0906095505,80.2282028198,44124,44134,10
13.0899600983,80.2288970947,44134,44144,10
13.0893697739,80.2296218872,44144,44154,10
13.0890703201,80.2302398682,44154,44164,10
13.0888204575,80.2307662964,44164,44174,10
13.0887298584,80.2309265137,44174,44184,10
13.0885801315,80.2312698364,44184,44194,10
13.0883598328,80.2318496704,44194,44204,10
13.0881299973,80.2327194214,44204,44214,10
13.0879602432,80.2336578369,44214,44225,11
13.087679863,80.2345199585,44225,44235,10
13.0869197845,80.2345428467,44235,44245,10
13.0863895416,80.2344970703,44245,44255,10
13.0860204697,80.2344436646,44255,44271,16
13.0852804184,80.2342224121,44271,44283,12
13.0849895477,80.2341766357,44283,44291,8
13.0847902298,80.23412323,44291,44302,11
13.0838098526,80.2338867188,44302,44324,22
13.0838098526,80.2338867188,44324,44335,11
13.0834903717,80.233833313,44335,44345,10
13.083029747,80.2337722778,44345,44354,9
13.082449913,80.2336120605,44354,44375,21
13.082449913,80.2336120605,44375,44385,10
13.0820398331,80.233581543,44385,44395,10
13.0816802979,80.2335586548,44395,44405,10
13.0810203552,80.2334976196,44405,44415,10
13.0803899765,80.2335128784,44415,44425,10
13.0800104141,80.233543396,44425,44435,10
13.079460144,80.2335205078,44435,44446,11
13.0788497925,80.233543396,44446,44456,10
13.0782604218,80.2335586548,44456,44466,10
13.0777101517,80.2335891724,44466,44476,10
13.0769300461,80.2337036133,44476,44486,10
13.0763301849,80.2338104248,44486,44496,10
13.075920105,80.2339324951,44496,44506,10
13.0759496689,80.2343521118,44506,44516,10
13.0760202408,80.2349624634,44516,44526,10
13.0761404037,80.235710144,44526,44536,10
13.0762195587,80.2363586426,44536,44563,27
13.0762195587,80.2363586426,44563,44575,12
13.076259613,80.2366790771,44575,44585,10
13.0762996674,80.2369537354,44585,44595,10
13.076379776,80.2371902466,44595,44604,9
13.076379776,80.2373962402,44604,44659,55
13.076379776,80.2373962402,44659,44669,10
13.0763998032,80.2376098633,44669,44679,10
13.0765104294,80.238067627,44679,44688,9
13.0766296387,80.2386169434,44688,44699,11
13.0768098831,80.2392425537,44699,44709,10
13.0770101547,80.2400588989,44709,44719,10
13.0771799088,80.2406616211,44719,44729,10
13.077340126,80.2413024902,44729,44739,10
13.0773696899,80.2416610718,44739,44749,10
13.0775499344,80.2424163818,44749,44759,10
13.0776996613,80.2434387207,44759,44770,11
13.0777301788,80.2443771362,44770,44780,10
13.0777997971,80.2453079224,44780,44790,10
13.07791996,80.246421814,44790,44800,10
13.0781402588,80.2475509644,44800,44810,10
13.0783996582,80.2486572266,44810,44820,10
13.0785799026,80.2494888306,44820,44830,10
13.0785799026,80.2503433228,44830,44840,10
13.0784902573,80.2510681152,44840,44850,10
13.0785398483,80.2514419556,44850,44860,10
13.0782299042,80.2516479492,44860,44870,10
13.0774898529,80.2518081665,44870,44881,11
13.07654953,80.2519989014,44881,44891,10
13.0757198334,80.2521286011,44891,44901,10
13.0749998093,80.2521820068,44901,44911,10
13.0744104385,80.2522735596,44911,44921,10
13.0740804672,80.2523880005,44921,44931,10
13.0737400055,80.2525024414,44931,44941,10
13.0732698441,80.2524032593,44941,44951,10
13.0725698471,80.2523269653,44951,44962,11
13.07213974,80.2517166138,44962,44972,10
13.0720796585,80.251373291,44972,44983,11
13.0719003677,80.2506790161,44983,44993,10
13.071680069,80.2499465942,44993,45003,10
13.0715303421,80.2492599487,45003,45012,9
13.0713796616,80.2484893799,45012,45023,11
13.0710697174,80.247543335,45023,45033,10
13.0707397461,80.2468185425,45033,45042,9
13.0703802109,80.2460708618,45042,45053,11
13.0699300766,80.2450790405,45053,45063,10
13.0695495605,80.2440414429,45063,45073,10
13.0693101883,80.2433624268,45073,45083,10
13.069270134,80.2432098389,45083,45094,11
13.0690803528,80.2425765991,45094,45104,10
13.0684204102,80.2425994873,45104,45114,10
13.0676002502,80.2428436279,45114,45124,10
13.0669803619,80.2431564331,45124,45134,10
13.0664300919,80.243270874,45134,45144,10
13.0662698746,80.2433776855,45144,45154,10
13.0660600662,80.2438964844,45154,45164,10
13.0661401749,80.2445373535,45164,45174,10
13.0662097931,80.2449264526,45174,45184,10
13.0662498474,80.2453613281,45184,45194,10
13.0664596558,80.2458496094,45194,45205,11
13.0676803589,80.2464599609,45205,45225,20
13.0676803589,80.2464599609,45225,45235,10
13.0678195953,80.2467422485,45235,45245,10
13.0678195953,80.247467041,45245,45255,10
13.0676002502,80.2478485107,45255,45265,10
13.067150116,80.2478408813,45265,45275,10
13.0664997101,80.2478485107,45275,45285,10
13.0655498505,80.2478637695,45285,45295,10
13.0643596649,80.2476882935,45295,45306,11
13.0633096695,80.2475967407,45306,45316,10
13.0624504089,80.2475891113,45316,45326,10
13.0615797043,80.2473831177,45326,45336,10
13.0614204407,80.2469177246,45336,45346,10
13.0617198944,80.2466201782,45346,45362,16
13.0618495941,80.2460632324,45362,45374,12
13.0621595383,80.2452392578,45374,45382,8
13.0626401901,80.2448730469,45382,45394,12
13.0631599426,80.2442626953,45394,45404,10
13.0634202957,80.2436676025,45404,45414,10
13.0631103516,80.2434921265,45414,45424,10
13.0626602173,80.2434005737,45424,45435,11
13.0620603561,80.2432632446,45435,45445,10
13.0616397858,80.2431793213,45445,45454,9
13.0616197586,80.2431793213,45454,45465,11
13.0613899231,80.2431335449,45465,45476,11
13.0610799789,80.243057251,45476,45486,10
13.0608797073,80.2429885864,45486,45496,10
13.0607595444,80.2429504395,45496,45506,10
13.0604000092,80.2428207397,45506,45516,10
13.0599098206,80.2426528931,45516,45527,11
13.059419632,80.2425537109,45527,45537,10
13.0590295792,80.2425689697,45537,45547,10
13.0587902069,80.2425994873,45547,45556,9
13.0581102371,80.2427368164,45556,45567,11
13.0571403503,80.2427978516,45567,45597,30
13.0571403503,80.2427978516,45597,45607,10
13.05671978,80.2425994873,45607,45617,10
13.0562496185,80.242477417,45617,45627,10
13.0559396744,80.2423095703,45627,45638,11
13.0551395416,80.2422790527,45638,45648,10
13.0545597076,80.2423706055,45648,45658,10
13.0537996292,80.2422790527,45658,45708,50
13.0537996292,80.2422790527,45708,45724,16
13.053319931,80.2420425415,45724,45736,12
13.0528697968,80.2418670654,45736,45747,11
13.0523004532,80.2413864136,45747,45757,10
13.0519599915,80.2407989502,45757,45786,29
13.0519599915,80.2407989502,45786,45797,11
13.0517196655,80.2406997681,45797,45806,9
13.0515403748,80.2406387329,45806,45817,11
13.0511598587,80.2405700684,45817,45827,10
13.0507602692,80.2404937744,45827,45837,10
13.0503902435,80.2404098511,45837,45847,10
13.0501804352,80.2403717041,45847,45858,11
13.0500297546,80.2403564453,45858,45868,10
13.0498104095,80.2403030396,45868,45878,10
13.0495100021,80.2402191162,45878,45888,10
13.0492296219,80.2401580811,45888,45898,10
13.049079895,80.2401199341,45898,45908,10
13.0488300323,80.2400665283,45908,45918,10
13.0485801697,80.240020752,45918,45928,10
13.048210144,80.2399597168,45928,45948,20
13.048210144,80.2399597168,45948,45959,11
13.0476703644,80.2398376465,45959,45969,10
13.0472002029,80.239730835,45969,45979,10
13.0464801788,80.2395782471,45979,45989,10
13.0462598801,80.2393417358,45989,45999,10
13.0462799072,80.238822937,45999,46009,10
13.0464296341,80.2381210327,46009,46019,10
13.0465803146,80.2373123169,46019,46029,10
13.0467700958,80.2364883423,46029,46039,10
13.0469903946,80.2359771729,46039,46049,10
13.0470600128,80.2356491089,46049,46059,10
13.0471401215,80.2351837158,46059,46070,11
13.0472202301,80.234336853,46070,46080,10
13.0473003387,80.2334594727,46080,46090,10
13.0471801758,80.2330322266,46090,46100,10
13.0465803146,80.2329025269,46100,46110,10
13.0460100174,80.2327804565,46110,46120,10
13.0450801849,80.2326202393,46120,46140,20
13.0450801849,80.2326202393,46140,46150,10
13.044839859,80.2325973511,46150,46160,10
13.0443000793,80.2324676514,46160,46170,10
13.0434598923,80.2323226929,46170,46181,11
13.042599678,80.2322921753,46181,46191,10
13.0419101715,80.2322692871,46191,46201,10
13.0408401489,80.2319793701,46201,46211,10
13.0397596359,80.2316436768,46211,46221,10
13.0387496948,80.2313919067,46221,46231,10
13.0378198624,80.231086731,46231,46241,10
13.0367698669,80.2307434082,46241,46261,20
13.0367698669,80.2307434082,46261,46271,10
13.036359787,80.2305526733,46271,46281,10
13.0358600616,80.2304229736,46281,46292,11
13.0354700089,80.2303237915,46292,46302,10
13.0351200104,80.2302703857,46302,46312,10
13.0348901749,80.2302703857,46312,46322,10
13.0346603394,80.2303009033,46322,46332,10
13.0342903137,80.2303924561,46332,46352,20
13.034119606,80.2304000854,46352,46372,20
13.034119606,80.2304000854,46372,46382,10
13.033780098,80.2303466797,46382,46393,11
13.0333204269,80.2304000854,46393,46403,10
13.0329999924,80.2304382324,46403,46413,10
13.0324897766,80.23046875,46413,46423,10
13.0319299698,80.2305603027,46423,46433,10
13.0312299728,80.2306213379,46433,46463,30
13.0312299728,80.2306213379,46463,46473,10
13.0310697556,80.2306594849,46473,46483,10
13.0308504105,80.2306671143,46483,46493,10
13.0304098129,80.23072052,46493,46503,10
13.0299396515,80.2307815552,46503,46514,11
13.0298204422,80.230796814,46514,46524,10
13.0295495987,80.2308425903,46524,46534,10
13.0289096832,80.2308731079,46534,46544,10
13.0281095505,80.2309112549,46544,46554,10
13.0276603699,80.2309875488,46554,46564,10
13.0276203156,80.2314605713,46564,46574,10
13.0276603699,80.2322006226,46574,46584,10
13.027680397,80.2327880859,46584,46594,10
13.026889801,80.2329406738,46594,46671,77
13.026889801,80.2329406738,46671,46683,12
13.0264797211,80.2329711914,46683,46691,8
13.026309967,80.2325973511,46691,46703,12
13.0262002945,80.2321624756,46703,46713,10
13.0261497498,80.2319564819,46713,46724,11
13.0260601044,80.2316131592,46724,46744,20
13.0260601044,80.2316131592,46744,46754,10
13.0260095596,80.2311935425,46754,46764,10
13.0257196426,80.23046875,46764,46774,10
13.0251598358,80.2296676636,46774,46784,10
13.0246095657,80.2289581299,46784,46793,9
13.0240402222,80.2283096313,46793,46804,11
13.0239200592,80.2281723022,46804,46814,10
13.0237398148,80.2279434204,46814,46824,10
13.023349762,80.2275314331,46824,46835,11
13.0227603912,80.2269210815,46835,46845,10
13.0219602585,80.2262268066,46845,46855,10
13.0211801529,80.2256393433,46855,46865,10
13.0202999115,80.2250289917,46865,46874,9
13.0194997787,80.2245483398,46874,46885,11
13.0185804367,80.224571228,46885,46895,10
13.0177297592,80.2249298096,46895,46905,10
13.0168800354,80.2252731323,46905,46915,10
13.0165901184,80.2253875732,46915,46925,10
13.0163202286,80.2254867554,46925,46935,10
13.0158004761,80.2256774902,46935,46946,11
13.0151596069,80.225982666,46946,46956,10
13.0145301819,80.2261962891,46956,46966,10
13.0142202377,80.2263412476,46966,46976,10
13.0138101578,80.2264862061,46976,46986,10
13.0130796432,80.2267608643,46986,46996,10
13.0123596191,80.2270202637,46996,47012,16
13.0109195709,80.2275772095,47012,47024,12
13.0098800659,80.2279891968,47024,47032,8
13.0092601776,80.2282867432,47032,47044,12
13.0089502335,80.2293395996,47044,47055,11
13.0087099075,80.2304382324,47055,47065,10
13.0085096359,80.2314071655,47065,47075,10
13.0083198547,80.2324371338,47075,47085,10
13.0082197189,80.2331695557,47085,47095,10
13.0081796646,80.2333679199,47095,47105,10
13.0080499649,80.2338790894,47105,47115,10
13.007900238,80.2345733643,47115,47125,10
13.0078201294,80.2350234985,47125,47135,10
13.0076904297,80.2356262207,47135,47145,10
13.0074901581,80.2366409302,47145,47156,11
13.0072498322,80.2378921509,47156,47166,10
13.0071001053,80.2388381958,47166,47196,30
13.007109642,80.2389984131,47196,47216,20
13.007109642,80.2389984131,47216,47226,10
13.0070400238,80.2393035889,47226,47236,10
13.0069198608,80.2397613525,47236,47297,61
13.0069198608,80.2397613525,47297,47307,10
13.0069198608,80.2399520874,47307,47317,10
13.0068101883,80.2404708862,47317,47327,10
13.0067796707,80.2406768799,47327,47337,10
13.0067501068,80.2407989502,47337,47347,10
13.0066795349,80.2413406372,47347,47357,10
13.0066604614,80.2421188354,47357,47367,10
13.0066404343,80.2429199219,47367,47378,11
13.0066404343,80.2434005737,47378,47388,10
13.0065898895,80.2438735962,47388,47418,30
13.0065803528,80.2440872192,47418,47458,40
13.0065803528,80.2440872192,47458,47468,10
13.0066299438,80.2444229126,47468,47478,10
13.0065898895,80.244972229,47478,47489,11
13.0066404343,80.2458496094,47489,47499,10
13.0066900253,80.2466201782,47499,47509,10
13.0066900253,80.247428894,47509,47519,10
13.0066795349,80.2483596802,47519,47529,10
13.0067996979,80.2492523193,47529,47539,10
13.0068101883,80.2493515015,47539,47549,10
13.0068397522,80.2495880127,47549,47559,10
13.0067796707,80.2501983643,47559,47569,10
13.0067596436,80.2510986328,47569,47610,41
13.0067596436,80.2510986328,47610,47620,10
13.0068101883,80.2513198853,47620,47630,10
13.0066795349,80.2518310547,47630,47640,10
13.0065402985,80.252456665,47640,47650,10
13.0066299438,80.2527236938,47650,47660,10
13.0065803528,80.2533493042,47660,47859,199
13.0065803528,80.2533493042,47859,47870,11
13.0066604614,80.2536773682,47870,47880,10
13.0066003799,80.2542724609,47880,47890,10
13.0065498352,80.2546081543,47890,47900,10
13.0065202713,80.2548675537,47900,47910,10
13.0065202713,80.2555389404,47910,47921,11
13.0065202713,80.2565994263,47921,47931,10
13.0066099167,80.2572097778,47931,48021,90
13.0066099167,80.2572097778,48021,48032,11
13.0066404343,80.2575302124,48032,48042,10
13.0068597794,80.2580795288,48042,48052,10
13.0073204041,80.2585983276,48052,48062,10
13.0077400208,80.2588424683,48062,48072,10
13.0080299377,80.2591171265,48072,48082,10
13.0076799393,80.2593231201,48082,48092,10
13.007349968,80.2591400146,48092,48102,10
13.0071401596,80.2585296631,48102,48112,10
13.0067195892,80.2578430176,48112,48143,31
13.0067195892,80.2578430176,48143,48153,10
13.0064601898,80.2576828003,48153,48163,10
13.0064697266,80.2573623657,48163,48173,10
13.006480217,80.2569885254,48173,48183,10
13.0064401627,80.256439209,48183,48199,16
13.0065002441,80.2553024292,48199,48211,12
13.0065097809,80.2545089722,48211,48219,8
13.0064697266,80.2541809082,48219,48231,12
13.0065002441,80.2539901733,48231,48241,10
13.0065002441,80.2534179688,48241,48252,11
13.0065002441,80.2528076172,48252,48282,30
13.0065002441,80.2528076172,48282,48292,10
13.0065202713,80.2526092529,48292,48302,10
13.0065698624,80.2522888184,48302,48312,10
13.0066795349,80.2516098022,48312,48322,10
13.0067796707,80.2507629395,48322,48332,10
13.0067901611,80.2496566772,48332,48352,20
13.0067901611,80.2496566772,48352,48363,11
13.0067996979,80.2495193481,48363,48403,40
13.0067996979,80.2495193481,48403,48413,10
13.0067796707,80.2493896484,48413,48423,10
13.0067501068,80.2489471436,48423,48433,10
13.0066995621,80.2483825684,48433,48443,10
13.0066604614,80.2479476929,48443,48453,10
13.0066404343,80.247428894,48453,48464,11
13.0066404343,80.2469100952,48464,48474,10
13.0065603256,80.2465667725,48474,48484,10
13.0065603256,80.2465591431,48484,48494,10
13.0066404343,80.2463531494,48494,48504,10
13.0066204071,80.2459793091,48504,48514,10
13.0066204071,80.2458267212,48514,48524,10
13.0066299438,80.2454376221,48524,48544,20
13.0066299438,80.2454376221,48544,48554,10
13.0066299438,80.2451934814,48554,48564,10
13.0066204071,80.244972229,48564,48585,21
13.0066204071,80.244972229,48585,48595,10
13.0065803528,80.2445602417,48595,48605,10
13.0066099167,80.2443618774,48605,48615,10
13.0066204071,80.2440719604,48615,48625,10
13.0066204071,80.2436676025,48625,48635,10
13.0066003799,80.243057251,48635,48645,10
13.0065803528,80.2423171997,48645,48655,10
13.0065698624,80.2414627075,48655,48665,10
13.0066604614,80.2408676147,48665,48675,10
13.0066604614,80.2408218384,48675,48686,11
13.0066795349,80.2406234741,48686,48696,10
13.0067501068,80.2402572632,48696,48706,10
13.0068998337,80.2396774292,48706,48716,10
13.0070400238,80.2388076782,48716,48726,10
13.0072202682,80.2379302979,48726,48736,10
13.007399559,80.2369613647,48736,48766,30
13.007399559,80.2369613647,48766,48776,10
13.0074796677,80.2365875244,48776,48787,11
13.0076799393,80.2358093262,48787,48797,10
13.0078697205,80.2348632813,48797,48807,10
13.0080900192,80.2337265015,48807,48817,10
13.0082998276,80.2325515747,48817,48827,10
13.0085401535,80.2313537598,48827,48837,10
13.0087604523,80.23021698,48837,48847,10
13.0089797974,80.2291870117,48847,48857,10
13.0092601776,80.2279968262,48857,48867,10
13.0096902847,80.2269821167,48867,48877,10
13.0101699829,80.2259597778,48877,48887,10
13.01060009,80.2251205444,48887,48898,11
13.0109100342,80.2244567871,48898,48908,10
13.0112400055,80.223777771,48908,48918,10
13.0114297867,80.2230834961,48918,48928,10
13.0117301941,80.2222976685,48928,48938,10
13.012049675,80.2215576172,48938,48948,10
13.0124197006,80.2216033936,48948,48958,10
13.0127801895,80.2221069336,48958,48968,10
13.0132303238,80.2226028442,48968,48978,10
13.013710022,80.2231292725,48978,48988,10
13.0140695572,80.2234420776,48988,48998,10
13.0143404007,80.2236862183,48998,49009,11
13.0147800446,80.224281311,49009,49019,10
13.015080452,80.2246704102,49019,49029,10
13.0154304504,80.2249221802,49029,49049,20
13.0154304504,80.2249221802,49049,49059,10
13.0156898499,80.2252120972,49059,49069,10
13.0164403915,80.2253265381,49069,49079,10
13.0173597336,80.2249908447,49079,49089,10
13.0183095932,80.224609375,49089,49099,10
13.0190896988,80.2244033813,49099,49109,10
13.019659996,80.2245635986,49109,49130,21
13.019659996,80.2245635986,49130,49140,10
13.0198402405,80.2247085571,49140,49150,10
13.0203695297,80.2250823975,49150,49160,10
13.0210895538,80.2255783081,49160,49170,10
13.0217199326,80.2260284424,49170,49186,16
13.0218496323,80.2260971069,49186,49198,12
13.0219202042,80.2261734009,49198,49206,8
13.0222501755,80.2264633179,49206,49217,11
13.0229301453,80.2270507813,49217,49228,11
13.0235795975,80.2276535034,49228,49242,14
13.0242004395,80.2282791138,49242,49252,10
13.024310112,80.2284698486,49252,49262,10
13.0245895386,80.2288589478,49262,49272,10
13.0249500275,80.2293701172,49272,49282,10
13.0253696442,80.2299194336,49282,49292,10
13.0257196426,80.2304992676,49292,49302,10
13.0258998871,80.2309570313,49302,49312,10
13.0259504318,80.2310791016,49312,49335,23
13.0266199112,80.2312164307,49335,49348,13
13.0274801254,80.231010437,49348,49358,10
13.0279302597,80.23097229,49358,49368,10
13.0284004211,80.2309036255,49368,49388,20
13.0284004211,80.2309036255,49388,49397,9
13.028550148,80.2309112549,49397,49408,11
13.0290699005,80.2308578491,49408,49418,10
13.0296297073,80.230796814,49418,49428,10
13.0300798416,80.230758667,49428,49438,10
13.0304698944,80.2307128906,49438,49448,10
13.0308198929,80.2306976318,49448,49459,11
13.0315103531,80.2306594849,49459,49469,10
13.0319700241,80.2306213379,49469,49479,10
13.0325403214,80.2305679321,49479,49489,10
13.033080101,80.2305297852,49489,49499,10
13.0334997177,80.2304992676,49499,49509,10
13.0338201523,80.2304916382,49509,49550,41
13.0338201523,80.2304916382,49550,49560,10
13.0342702866,80.2304077148,49560,49580,20
13.0342702866,80.2304077148,49580,49590,10
13.0347003937,80.2303237915,49590,49737,147
13.0347003937,80.2303237915,49737,49749,12
13.0350198746,80.23046875,49749,49759,10
13.0349798203,80.2306213379,49759,49770,11
13.0348997116,80.2311019897,49770,49779,9
13.034819603,80.2317504883,49779,49790,11
13.0347003937,80.2325820923,49790,49800,10
13.0346298218,80.2329483032,49800,49810,10
13.0345602036,80.2333602905,49810,49820,10
13.0344696045,80.2340087891,49820,49830,10
13.0343799591,80.2347717285,49830,49839,9
13.0342998505,80.2352218628,49839,49850,11
13.0342102051,80.2359619141,49850,49860,10
13.034119606,80.2370300293,49860,49881,21
13.034119606,80.2370300293,49881,49891,10
13.0341100693,80.237159729,49891,49901,10
13.0342998505,80.2375030518,49901,49911,10
13.0346002579,80.2380065918,49911,49921,10
13.0349798203,80.2385482788,49921,49931,10
13.0353298187,80.2391281128,49931,49941,10
13.0357303619,80.2393722534,49941,49951,10
13.0361404419,80.2394638062,49951,49961,10
13.0367298126,80.2395019531,49961,49971,10
13.0373802185,80.2395629883,49971,49981,10
13.0380802155,80.2396621704,49981,49992,11
13.0388002396,80.2397384644,49992,50002,10
13.0393896103,80.2398300171,50002,50012,10
13.039899826,80.239906311,50012,50022,10
13.040189743,80.2399520874,50022,50032,10
13.040309906,80.240196228,50032,50042,10
13.0404996872,80.2405166626,50042,50052,10
13.0410604477,80.2406311035,50052,50061,9
13.0417699814,80.2407226563,50061,50072,11
13.042889595,80.2408676147,50072,50082,10
13.0437803268,80.2409667969,50082,50093,11
13.0447797775,80.2404022217,50093,50163,70
13.0447797775,80.2404022217,50163,50173,10
13.0449104309,80.2402496338,50173,50183,10
13.0453596115,80.239982605,50183,50193,10
13.0459499359,80.239616394,50193,50204,11
13.0462598801,80.2395172119,50204,50214,10
13.0465402603,80.2396469116,50214,50224,10
13.0471096039,80.2397766113,50224,50234,10
13.047949791,80.2399368286,50234,50244,10
13.0486602783,80.2400665283,50244,50254,10
13.0493402481,80.2402114868,50254,50264,10
13.0499095917,80.2403411865,50264,50274,10
13.0506696701,80.2404785156,50274,50285,11
13.0515499115,80.2406082153,50285,50295,10
13.0522298813,80.2407531738,50295,50305,10
13.052280426,80.2407684326,50305,50316,11
13.0523300171,80.2407989502,50316,50326,10
13.0525197983,80.2410888672,50326,50336,10
13.0526399612,80.2415771484,50336,50346,10
13.0533399582,80.2419586182,50346,50356,10
13.054019928,80.2422409058,50356,50366,10
13.0540599823,80.2422409058,50366,50376,10
13.0542201996,80.2422790527,50376,50386,10
13.0547800064,80.2423171997,50386,50396,10
13.0555696487,80.2422485352,50396,50406,10
13.0564899445,80.2425918579,50406,50437,31
13.0564899445,80.2425918579,50437,50447,10
13.0567903519,80.2425613403,50447,50457,10
13.0572395325,80.2427597046,50457,50467,10
13.0578298569,80.2427368164,50467,50477,10
13.058429718,80.2426528931,50477,50487,10
13.0591096878,80.2425613403,50487,50497,10
13.0601100922,80.2427597046,50497,50517,20
13.0603399277,80.2428436279,50517,50538,21
13.0603399277,80.2428436279,50538,50548,10
13.0606298447,80.2429275513,50548,50558,10
13.0610904694,80.2430801392,50558,50568,10
13.0616197586,80.2432022095,50568,50578,10
13.0621299744,80.243270874,50578,50588,10
13.0623998642,80.2433166504,50588,50598,10
13.0625095367,80.2433395386,50598,50608,10
13.06291008,80.2434234619,50608,50618,10
13.0635499954,80.2434997559,50618,50628,10
13.0640802383,80.243522644,50628,50639,11
13.0644598007,80.243560791,50639,50649,10
13.0649995804,80.243560791,50649,50659,10
13.0651798248,80.2435379028,50659,50669,10
13.0654602051,80.243560791,50669,50679,10
13.0658597946,80.243522644,50679,50689,10
13.0662298203,80.2434005737,50689,50699,10
13.0664701462,80.2433166504,50699,50709,10
13.066619873,80.2433013916,50709,50719,10
13.0670003891,80.2431564331,50719,50729,10
13.0676498413,80.2428588867,50729,50740,11
13.0684499741,80.2426223755,50740,50750,10
13.0687999725,80.2424697876,50750,50760,10
13.0688400269,80.2424468994,50760,50770,10
13.0689401627,80.2424468994,50770,50780,10
13.0693302155,80.2423019409,50780,50790,10
13.0699596405,80.2421569824,50790,50830,40
13.0699596405,80.2421569824,50830,50840,10
13.0700998306,80.2421875,50840,50851,11
13.0705604553,80.2420120239,50851,50861,10
13.0710897446,80.2417984009,50861,50871,10
13.0717601776,80.2415008545,50871,50881,10
13.0723400116,80.2411270142,50881,50891,10
13.0727596283,80.2408905029,50891,50901,10
13.0729799271,80.2408218384,50901,50911,10
13.0731201172,80.2407836914,50911,50921,10
13.0733995438,80.2406997681,50921,50931,10
13.073800087,80.2405776978,50931,50941,10
13.0744895935,80.2405014038,50941,50951,10
13.0753602982,80.2404937744,50951,50961,10
13.0760803223,80.2404937744,50961,50972,11
13.076499939,80.2405319214,50972,50982,10
13.0767698288,80.2405929565,50982,50992,10
13.0769996643,80.2406005859,50992,51002,10
13.0770998001,80.2403717041,51002,51012,10
13.0770196915,80.239906311,51012,51022,10
13.0768899918,80.2393264771,51022,51032,10
13.0768003464,80.2389526367,51032,51042,10
13.0767002106,80.2386016846,51042,51052,10
13.0766096115,80.2383499146,51052,51062,10
13.0765600204,80.23802948,51062,51073,11
13.0764904022,80.2376480103,51073,51083,10
13.0764398575,80.2373733521,51083,51093,10
13.0764398575,80.2373580933,51093,51103,10
13.0764303207,80.2372817993,51103,51113,10
13.0764303207,80.237197876,51113,51123,10
13.0763301849,80.2367782593,51123,51133,10
13.0762395859,80.236076355,51133,51143,10
13.076089859,80.2352905273,51143,51153,10
13.0758800507,80.2344665527,51153,51163,10
13.0758104324,80.2341003418,51163,51214,51
13.0758104324,80.2341003418,51214,51224,10
13.0758304596,80.2338485718,51224,51234,10
13.0762195587,80.2337265015,51234,51244,10
13.0767803192,80.2337036133,51244,51254,10
13.077580452,80.2335968018,51254,51264,10
13.0783395767,80.233581543,51264,51274,10
13.0790195465,80.233543396,51274,51285,11
13.0795602798,80.2335205078,51285,51295,10
13.0798797607,80.2335281372,51295,51305,10
13.0802602768,80.2335510254,51305,51315,10
13.080280304,80.2335510254,51315,51325,10
13.0804796219,80.2335586548,51325,51335,10
13.0809602737,80.233581543,51335,51345,10
13.081700325,80.2336196899,51345,51355,10
13.0818996429,80.2336120605,51355,51365,10
13.0819797516,80.2333221436,51365,51375,10
13.0820703506,80.2327194214,51375,51385,10
13.0822601318,80.232093811,51385,51396,11
13.0825500488,80.231338501,51396,51406,10
13.0827503204,80.2308425903,51406,51416,10
13.0830698013,80.2307434082,51416,51426,10
13.0831604004,80.231300354,51426,51436,10
13.0832004547,80.2321472168,51436,51446,10
13.0832901001,80.232673645,51446,51456,10
13.0833702087,80.2329406738,51456,51466,10
13.0834102631,80.2332000732,51466,51497,31
13.0834102631,80.2332000732,51497,51507,10
13.0834598541,80.2335128784,51507,51517,10
13.0835800171,80.2337875366,51517,51527,10
13.0840196609,80.2339172363,51527,51537,10
13.0840597153,80.2339172363,51537,51547,10
13.0842199326,80.2339782715,51547,51557,10
13.0847501755,80.234161377,51557,51567,10
13.0854902267,80.2343063354,51567,51577,10
13.0861797333,80.2344818115,51577,51587,10
13.0869197845,80.2345733643,51587,51597,10
13.087679863,80.2345275879,51597,51608,11
13.0879802704,80.233757019,51608,51618,10
13.0881700516,80.2327270508,51618,51628,10
13.0884304047,80.2316970825,51628,51638,10
13.0885896683,80.2312469482,51638,51648,10
13.0888395309,80.2306518555,51648,51658,10
13.0889196396,80.23046875,51658,51668,10
13.0889797211,80.2303771973,51668,51678,10
13.0892000198,80.2299118042,51678,51688,10
13.0896902084,80.2292022705,51688,51698,10
13.0904397964,80.2283706665,51698,51708,10
13.0911998749,80.2275390625,51708,51719,11
13.091460228,80.2272415161,51719,51729,10
13.0914897919,80.2272186279,51729,51739,10
13.0918102264,80.2269210815,51739,51749,10
13.0923700333,80.226348877,51749,51759,10
13.092880249,80.2258377075,51759,51769,10
13.0934896469,80.225189209,51769,51779,10
13.0939998627,80.2245864868,51779,51789,10
13.0946302414,80.223739624,51789,51799,10
13.0951900482,80.2227172852,51799,51809,10
13.0954198837,80.2220687866,51809,51820,11
13.0955200195,80.2218322754,51820,51830,10
13.0957403183,80.2211914063,51830,51840,10
13.0960798264,80.2202529907,51840,51850,10
13.0963802338,80.2193527222,51850,51860,10
13.096570015,80.2188568115,51860,51870,10
13.0967998505,80.2181167603,51870,51880,10
13.097120285,80.2172012329,51880,51890,10
13.0972204208,80.2168807983,51890,51900,10
13.0973100662,80.2166900635,51900,51910,10
13.0975704193,80.2160873413,51910,51920,10
13.0979404449,80.2152023315,51920,51931,11
13.0983200073,80.2143173218,51931,51961,30
13.0983200073,80.2143173218,51961,51971,10
13.0983896255,80.2142105103,51971,51981,10
13.0986099243,80.2139434814,51981,51991,10
13.09897995,80.2141418457,51991,52001,10
13.0994901657,80.2143173218,52001,52011,10
13.100060463,80.2144927979,52011,52021,10
13.1004295349,80.21459198,52021,52031,10
13.1004495621,80.2145996094,52031,52042,11
13.1006202698,80.2146835327,52042,52052,10
13.1003799438,80.2152786255,52052,52062,10
13.1000299454,80.2160415649,52062,52072,10
13.0998601913,80.2160415649,52072,52082,10
13.1000003815,80.2156677246,52082,52092,10
13.1001796722,80.2152709961,52092,52102,10
13.1002702713,80.2151031494,52102,52526,424
13.1002702713,80.2151031494,52526,52536,10
13.1002902985,80.2146911621,52536,52546,10
13.0999698639,80.2144470215,52546,52556,10
13.0995998383,80.2143478394,52556,52566,10
13.099149704,80.2142410278,52566,52577,11
13.0986604691,80.2140426636,52577,52587,10
13.0983400345,80.2143936157,52587,52597,10
13.0979995728,80.2151184082,52597,52607,10
13.0976295471,80.2159576416,52607,52617,10
13.0973300934,80.216758728,52617,52627,10
13.0969800949,80.2176818848,52627,52637,10
13.0966501236,80.2186279297,52637,52647,10
13.0963897705,80.2194213867,52647,52657,10
13.0960798264,80.2202835083,52657,52667,10
13.0957899094,80.2210998535,52667,52677,10
13.0955400467,80.2218399048,52677,52688,11
13.095290184,80.2225570679,52688,52698,10
13.0951004028,80.2230377197,52698,52708,10
13.0946903229,80.2237091064,52708,52718,10
13.0940799713,80.2245330811,52718,52728,10
13.0934200287,80.2253112793,52728,52738,10
13.0927200317,80.226020813,52738,52748,10
13.0921096802,80.2266235352,52748,52758,10
13.0911598206,80.2276382446,52758,52778,20
13.0911598206,80.2276382446,52778,52788,10
13.0909004211,80.2279129028,52788,52799,11
13.0903501511,80.228477478,52799,52809,10
13.0897102356,80.2291870117,52809,52819,10
13.0892095566,80.2299804688,52819,52829,10
13.0890798569,80.2302627563,52829,52839,10
13.0888395309,80.2307662964,52839,52849,10
13.0887804031,80.2308883667,52849,52859,10
13.0886697769,80.2311019897,52859,52869,10
13.0885601044,80.2314300537,52869,52879,10
13.0883598328,80.2320632935,52879,52889,10
13.0881204605,80.2329406738,52889,52899,10
13.0879802704,80.2338485718,52899,52910,11
13.0876197815,80.2345428467,52910,52920,10
13.0868196487,80.2345199585,52920,52930,10
13.0862903595,80.2344436646,52930,52940,10
13.0856599808,80.2342834473,52940,52950,10
13.0850000381,80.2341308594,52950,52960,10
13.0844697952,80.2340011597,52960,52970,10
13.0841197968,80.2339401245,52970,52980,10
13.0836696625,80.2338562012,52980,52990,10
13.0830602646,80.2337722778,52990,53000,10
13.0824699402,80.2336730957,53000,53011,11
13.0823802948,80.2336273193,53011,53021,10
13.0819597244,80.2335662842,53021,53031,10
13.0813503265,80.2335205078,53031,53041,10
13.080739975,80.2335205078,53041,53051,10
13.0801496506,80.2335205078,53051,53061,10
13.0795402527,80.233543396,53061,53071,10
13.0788202286,80.2335586548,53071,53081,10
13.0782003403,80.2335662842,53081,53091,10
13.0774202347,80.2336196899,53091,53101,10
13.0765304565,80.2337188721,53101,53111,10
13.0758495331,80.2338867188,53111,53122,11
13.0758800507,80.2342224121,53122,53132,10
13.0760002136,80.2349090576,53132,53142,10
13.0761499405,80.2356719971,53142,53152,10
13.0763397217,80.2367401123,53152,53172,20
13.0763397217,80.2367401123,53172,53182,10
13.0763397217,80.2368774414,53182,53192,10
13.0764398575,80.2371826172,53192,53202,10
13.0764703751,80.2372665405,53202,53212,10
13.0766296387,80.2378387451,53212,53273,61
13.0766296387,80.2378387451,53273,53283,10
13.0766897202,80.2379989624,53283,53293,10
13.0767402649,80.2384109497,53293,53303,10
13.0769796371,80.2393798828,53303,53364,61
13.0769796371,80.2393798828,53364,53374,10
13.0770902634,80.2395629883,53374,53445,71
13.0770998001,80.2399520874,53445,53495,50
13.0771503448,80.2403182983,53495,53515,20
13.0771503448,80.2403182983,53515,53525,10
13.0771999359,80.2405014038,53525,53535,10
13.0772304535,80.2406082153,53535,53545,10
13.0771903992,80.2407302856,53545,53556,11
13.0771999359,80.2409820557,53556,53566,10
13.0772895813,80.2412567139,53566,53576,10
13.0774002075,80.2416992188,53576,53586,10
13.0775203705,80.2422332764,53586,53596,10
13.0775995255,80.2426376343,53596,53606,10
13.0776700974,80.2430877686,53606,53616,10
13.0777196884,80.2433395386,53616,53626,10
13.0777301788,80.2433776855,53626,53636,10
13.0777797699,80.2437133789,53636,53646,10
13.077750206,80.2440795898,53646,53677,31
13.077750206,80.2440795898,53677,53687,10
13.0777797699,80.2443466187,53687,53697,10
13.0778503418,80.2448272705,53697,53707,10
13.0779304504,80.2455978394,53707,53717,10
13.078040123,80.24659729,53717,53727,10
13.0782604218,80.247756958,53727,53737,10
13.0785198212,80.2488479614,53737,53747,10
13.0786895752,80.2498321533,53747,53757,10
13.0784397125,80.2506408691,53757,53767,10
13.0785598755,80.251449585,53767,53778,11
13.0781297684,80.251701355,53778,53788,10
13.0773897171,80.2518310547,53788,53798,10
13.0766601563,80.2519607544,53798,53814,16
13.0756597519,80.2521362305,53814,53826,12
13.0748796463,80.2521896362,53826,53836,10
13.074259758,80.2521972656,53836,53846,10
13.0734901428,80.2524185181,53846,53856,10
13.0725603104,80.252281189,53856,53866,10
13.0720901489,80.2515869141,53866,53876,10
13.0719203949,80.2506103516,53876,53887,11
13.0715904236,80.24949646,53887,53897,10
13.0713996887,80.2483978271,53897,53907,10
13.0712003708,80.2476882935,53907,53917,10
13.0708503723,80.2469024658,53917,53926,9
13.0704202652,80.2460021973,53926,53937,11
13.069899559,80.2448196411,53937,53947,10
13.069560051,80.2439193726,53947,53957,10
13.0692996979,80.2432632446,53957,53967,10
13.0692901611,80.2431716919,53967,53977,10
13.0692396164,80.2427368164,53977,53988,11
13.0686502457,80.242477417,53988,53998,10
13.067779541,80.2427520752,53998,54008,10
13.0669698715,80.2430725098,54008,54018,10
13.0662403107,80.2434387207,54018,54028,10
13.0661401749,80.2442703247,54028,54038,10
13.0662603378,80.2451171875,54038,54048,10
13.0664701462,80.2457504272,54048,54058,10
13.0670604706,80.2461090088,54058,54068,10
13.0676803589,80.2464675903,54068,54078,10
13.0676803589,80.2464904785,54078,54088,10
13.0678300858,80.2467727661,54088,54099,11
13.0678796768,80.2475814819,54099,54109,10
13.0675001144,80.2479095459,54109,54119,10
13.0667495728,80.2478637695,54119,54129,10
13.0658798218,80.2477798462,54129,54139,10
13.0650196075,80.247756958,54139,54149,10
13.0641803741,80.2476806641,54149,54159,10
13.0631399155,80.2476196289,54159,54169,10
13.06208992,80.2475967407,54169,54179,10
13.0614404678,80.2471694946,54179,54189,10
13.0615701675,80.2466430664,54189,54200,11
13.061920166,80.24609375,54200,54210,10
13.0621700287,80.2451934814,54210,54220,10
13.0628700256,80.244720459,54220,54230,10
13.0632896423,80.2441101074,54230,54240,10
13.0633497238,80.243522644,54240,54250,10
13.0628299713,80.2434005737,54250,54260,10
13.0625896454,80.2433624268,54260,54270,10
13.06208992,80.2432785034,54270,54280,10
13.0614900589,80.2431793213,54280,54290,10
13.060959816,80.2430725098,54290,54300,10
13.0603399277,80.2428436279,54300,54311,11
13.0597200394,80.2426681519,54311,54321,10
13.0590896606,80.2425537109,54321,54331,10
13.0587100983,80.2426071167,54331,54341,10
13.0584897995,80.2426376343,54341,54351,10
13.0579595566,80.2427368164,54351,54361,10
13.0571403503,80.2428131104,54361,54371,10
13.0564002991,80.2425231934,54371,54381,10
13.0558204651,80.2422790527,54381,54391,10
13.0550403595,80.2422790527,54391,54401,10
13.0543498993,80.2423400879,54401,54411,10
13.0539798737,80.2422714233,54411,54422,11
13.0538301468,80.2422409058,54422,54432,10
13.0537595749,80.2422103882,54432,54442,10
13.053560257,80.2421035767,54442,54452,10
13.0532798767,80.2419662476,54452,54472,20
13.0532798767,80.2419662476,54472,54488,16
13.053150177,80.2418670654,54488,54500,12
13.0526504517,80.2416687012,54500,54508,8
13.052280426,80.2412796021,54508,54520,12
13.0519800186,80.2407913208,54520,54531,11
13.0517702103,80.2407073975,54531,54541,10
13.0513896942,80.2407226563,54541,54551,10
13.0509996414,80.240562439,54551,54561,10
13.0508699417,80.2405166626,54561,54571,10
13.050359726,80.2404174805,54571,54582,11
13.0497703552,80.2402877808,54582,54591,9
13.0493803024,80.240196228,54591,54601,10
13.0489902496,80.2400817871,54601,54612,11
13.0485401154,80.2400131226,54612,54622,10
13.0479297638,80.2398529053,54622,54633,11
13.0472898483,80.2397003174,54633,54643,10
13.0466499329,80.2395629883,54643,54653,10
13.0464696884,80.2395477295,54653,54663,10
13.0462799072,80.2393035889,54663,54673,10
13.0464296341,80.2387924194,54673,54683,10
13.0465898514,80.2379989624,54683,54693,10
13.0467395782,80.2372589111,54693,54703,10
13.0469198227,80.2364501953,54703,54713,10
13.0470104218,80.2360305786,54713,54723,10
13.0470600128,80.235786438,54723,54733,10
13.047129631,80.2353820801,54733,54744,11
13.0472202301,80.2345428467,54744,54754,10
13.0474300385,80.2337722778,54754,54765,11
13.0472402573,80.2331237793,54765,54775,10
13.0464200974,80.2329025269,54775,54785,10
13.0455799103,80.2327194214,54785,54795,10
13.0450000763,80.2325820923,54795,54805,10
13.044839859,80.2325363159,54805,54815,10
13.0443201065,80.2324371338,54815,54825,10
13.0435400009,80.2322998047,54825,54835,10
13.0428104401,80.2322769165,54835,54846,11
13.0420303345,80.2322692871,54846,54856,10
13.041179657,80.2321014404,54856,54866,10
13.0403900146,80.2318115234,54866,54876,10
13.0393896103,80.2315292358,54876,54886,10
13.0383996964,80.2312469482,54886,54896,10
13.037320137,80.2309036255,54896,54906,10
13.0367603302,80.2307434082,54906,54916,10
13.0367498398,80.2307434082,54916,54926,10
13.0364303589,80.2306213379,54926,54936,10
13.0353097916,80.2302627563,54936,54967,31
13.0353097916,80.2302627563,54967,54977,10
13.0352602005,80.2302398682,54977,54987,10
13.0348796844,80.2302398682,54987,54997,10
13.034529686,80.2303009033,54997,55007,10
13.0340499878,80.2303924561,55007,55017,10
13.0335798264,80.2304077148,55017,55027,10
13.0334100723,80.2304000854,55027,55037,10
13.0332803726,80.2303771973,55037,55047,10
13.0328397751,80.2304611206,55047,55058,11
13.0320196152,80.2305603027,55058,55068,10
13.0312204361,80.2306365967,55068,55078,10
13.0304498672,80.2307128906,55078,55088,10
13.0297002792,80.230796814,55088,55098,10
13.0292901993,80.2308502197,55098,55108,10
13.0285797119,80.2309188843,55108,55118,10
13.0278100967,80.2310028076,55118,55128,10
13.0276298523,80.2312164307,55128,55138,10
13.027680397,80.2317810059,55138,55148,10
13.0277700424,80.2323989868,55148,55158,10
13.0275402069,80.2327804565,55158,55169,11
13.0269498825,80.232963562,55169,55189,20
13.0269498825,80.232963562,55189,55199,10
13.0268297195,80.2329788208,55199,55209,10
13.0264701843,80.232963562,55209,55219,10
13.0262203217,80.2323303223,55219,55229,10
13.0260601044,80.2317733765,55229,55239,10
13.0260400772,80.2314834595,55239,55249,10
13.0258798599,80.2308120728,55249,55259,10
13.0253696442,80.2299499512,55259,55269,10
13.0246801376,80.229057312,55269,55280,11
13.0241098404,80.2283782959,55280,55290,10
13.0241003036,80.2283706665,55290,55300,10
13.0240001678,80.2282562256,55300,55310,10
13.0236997604,80.2279129028,55310,55326,16
13.0230197906,80.2271575928,55326,55338,12
13.0222997665,80.2265090942,55338,55348,10
13.0217199326,80.2260284424,55348,55357,9
13.0209503174,80.2254180908,55357,55368,11
13.0200500488,80.2248001099,55368,55378,10
13.0191202164,80.2244415283,55378,55389,11
13.0180702209,80.2247390747,55389,55399,10
13.0171098709,80.225112915,55399,55407,8
13.0166702271,80.2253112793,55407,55419,12
13.0164403915,80.225402832,55419,55429,10
13.0162200928,80.2254714966,55429,55439,10
13.0158901215,80.2255783081,55439,55449,10
13.0153598785,80.2257995605,55449,55459,10
13.0142297745,80.2262573242,55459,55479,20
13.0142297745,80.2262573242,55479,55490,11
13.0138702393,80.2264175415,55490,55500,10
13.0131998062,80.2266921997,55500,55510,10
13.0122804642,80.2270278931,55510,55520,10
13.0112600327,80.2274398804,55520,55530,10
13.0101804733,80.2278594971,55530,55540,10
13.0092201233,80.2283096313,55540,55550,10
13.0089502335,80.2293167114,55550,55560,10
13.008769989,80.2303390503,55560,55576,16
13.0084104538,80.2321014404,55576,55588,12
13.0081996918,80.2334213257,55588,55598,10
13.0081396103,80.2336883545,55598,55609,11
13.0080604553,80.2341079712,55609,55619,10
13.0079097748,80.2348098755,55619,55629,10
13.0077400208,80.2355575562,55629,55639,10
13.0075502396,80.2365875244,55639,55649,10
13.0073404312,80.2377090454,55649,55659,10
13.0071601868,80.2386398315,55659,55669,10
13.0069799423,80.2395172119,55669,55679,10
13.0069198608,80.2400512695,55679,55699,20
13.0069198608,80.2400512695,55699,55709,10
13.0068902969,80.2405166626,55709,55720,11
13.0068101883,80.2409591675,55720,55730,10
13.0067396164,80.2413787842,55730,55739,9
13.0066995621,80.2421188354,55739,55751,12
13.0066604614,80.2431869507,55751,55761,10
13.006649971,80.2440414429,55761,55771,10
13.0066204071,80.2450180054,55771,55781,10
13.0066795349,80.2460021973,55781,55791,10
13.0066995621,80.2469787598,55791,55801,10
13.0066900253,80.2479705811,55801,55811,10
13.0067396164,80.2488937378,55811,55821,10
13.0068101883,80.2496490479,55821,55832,11
13.0068101883,80.2499237061,55832,55845,13
13.0067796707,80.2509307861,55845,55865,20
13.0067796707,80.2509307861,55865,55875,10
13.0068397522,80.2512969971,55875,55885,10
13.0067195892,80.2516479492,55885,55895,10
13.0065402985,80.2523498535,55895,55905,10
13.006649971,80.252746582,55905,55915,10
13.0066299438,80.2533035278,55915,56006,91
13.0066299438,80.2533035278,56006,56016,10
13.0065002441,80.2536010742,56016,56026,10
13.0065698624,80.2537994385,56026,56252,226
13.0065698624,80.2537994385,56252,56262,10
13.0065202713,80.2542114258,56262,56272,10
13.0064897537,80.2546234131,56272,56283,11
13.0065202713,80.2554626465,56283,56293,10
13.0065402985,80.2563323975,56293,56303,10
13.0065898895,80.2568817139,56303,56313,10
13.0067396164,80.2574615479,56313,56323,10
13.0071401596,80.2582702637,56323,56333,10
13.0077800751,80.2587966919,56333,56343,10
13.0079298019,80.2592010498,56343,56353,10
13.0074796677,80.259262085,56353,56363,10
13.0072803497,80.2588272095,56363,56372,9
13.0071401596,80.2585983276,56372,56385,13
13.0069503784,80.2582626343,56385,56396,11
13.0065803528,80.2576065063,56396,56416,20
13.0065803528,80.2576065063,56416,56426,10
13.0065202713,80.2572784424,56426,56436,10
13.0065097809,80.2568283081,56436,56446,10
13.0065202713,80.256187439,56446,56456,10
13.0065498352,80.2555618286,56456,56466,10
13.0066003799,80.2548294067,56466,56476,10
13.0065603256,80.2538986206,56476,56486,10
13.0065603256,80.2532272339,56486,56497,11
13.0065498352,80.2531661987,56497,56507,10
13.0065498352,80.2526931763,56507,56517,10
13.0065898895,80.2523269653,56517,56527,10
13.0066795349,80.2517776489,56527,56537,10
13.0067596436,80.2510528564,56537,56547,10
13.006770134,80.2501602173,56547,56557,10
13.006770134,80.2493286133,56557,56567,10
13.0066604614,80.2481384277,56567,56607,40
13.0066604614,80.2481384277,56607,56619,12
13.0066204071,80.2479705811,56619,56629,10
13.0066204071,80.2475280762,56629,56639,10
13.0065898895,80.2467880249,56639,56669,30
13.0065898895,80.2467880249,56669,56679,10
13.0065898895,80.2465515137,56679,56689,10
13.0066404343,80.246131897,56689,56699,10
13.0066404343,80.2453765869,56699,56712,13
13.0066404343,80.2447433472,56712,56722,10
13.0066795349,80.2444610596,56722,56733,11
13.0066900253,80.2440032959,56733,56743,10
13.0066299438,80.2432479858,56743,56753,10
13.0066003799,80.2423400879,56753,56763,10
13.0066404343,80.2412261963,56763,56773,10
13.0066795349,80.240562439,56773,56803,30
13.0066795349,80.240562439,56803,56813,10
13.0066995621,80.2403793335,56813,56823,10
13.0068397522,80.2398071289,56823,56834,11
13.0069999695,80.238861084,56834,56845,11
13.0072498322,80.2378234863,56845,56855,10
13.0073900223,80.236869812,56855,56875,20
13.0073900223,80.236869812,56875,56885,10
13.0074300766,80.2367172241,56885,56895,10
13.0075397491,80.2363433838,56895,56905,10
13.0076904297,80.2357177734,56905,56915,10
13.007809639,80.2352218628,56915,56928,13
13.0079698563,80.2344436646,56928,56938,10
13.0081300735,80.2335968018,56938,56949,11
13.0083503723,80.232460022,56949,56959,10
13.0085601807,80.2313232422,56959,56969,10
13.0087900162,80.2301330566,56969,56979,10
13.0090103149,80.2290115356,56979,56989,10
13.0092802048,80.2279434204,56989,56999,10
13.009759903,80.226890564,56999,57009,10
13.0101995468,80.2259063721,57009,57019,10
13.010720253,80.2248001099,57019,57029,10
13.0110397339,80.224029541,57029,57039,10
13.0111398697,80.2237319946,57039,57049,10
13.011300087,80.2233123779,57049,57060,11
13.0115995407,80.2225875854,57060,57070,10
13.0118598938,80.2218475342,57070,57080,10
13.0122203827,80.2214431763,57080,57089,9
13.0124597549,80.2217025757,57089,57100,11
13.0128602982,80.2222671509,57100,57110,10
13.0134801865,80.2229614258,57110,57120,10
13.0140695572,80.2237014771,57120,57129,9
13.0143899918,80.2240600586,57129,57140,11
13.014840126,80.2245330811,57140,57150,10
13.0151796341,80.2248382568,57150,57161,11
13.0153999329,80.2249221802,57161,57171,10
13.0154895782,80.2249832153,57171,57181,10
13.015879631,80.2253036499,57181,57191,10
13.0165596008,80.2253112793,57191,57201,10
13.0176095963,80.2249221802,57201,57211,10
13.0186500549,80.2245025635,57211,57221,10
13.0194702148,80.2244720459,57221,57231,10
13.0199604034,80.2247085571,57231,57241,10
13.0204200745,80.2250823975,57241,57251,10
13.0208597183,80.225402832,57251,57261,10
13.0213699341,80.2258300781,57261,57272,11
13.021900177,80.2261199951,57272,57291,19
13.021900177,80.2261199951,57291,57303,12
13.0220804214,80.2263031006,57303,57313,10
13.0223999023,80.2266082764,57313,57323,10
13.0229597092,80.2270965576,57323,57333,10
13.0236701965,80.2277374268,57333,57343,10
13.0243501663,80.2285003662,57343,57353,10
13.0247402191,80.2290725708,57353,57364,11
13.0251903534,80.229637146,57364,57374,10
13.0255899429,80.2302017212,57374,57384,10
13.0259199142,80.2308578491,57384,57424,40
13.0259199142,80.2308578491,57424,57434,10
13.0259199142,80.2312088013,57434,57444,10
13.0263004303,80.231338501,57444,57454,10
13.0270204544,80.2311477661,57454,57465,11
13.0279598236,80.2309875488,57465,57475,10
13.0285196304,80.2308883667,57475,57485,10
13.0287103653,80.2308807373,57485,57495,10
13.0291595459,80.2308578491,57495,57504,9
13.0292701721,80.2308731079,57504,57515,11
13.0294103622,80.2308578491,57515,57525,10
13.0298500061,80.2308120728,57525,57534,9
13.0302801132,80.2307662964,57534,57545,11
13.0308904648,80.2307128906,57545,57555,10
13.0314598083,80.2306365967,57555,57565,10
13.0321998596,80.2305984497,57565,57576,11
13.0329799652,80.2305526733,57576,57586,10
13.0336799622,80.230506897,57586,57596,10
13.0342102051,80.230430603,57596,57606,10
13.0343999863,80.2304000854,57606,57656,50
13.0343999863,80.2304000854,57656,57667,11
13.0347900391,80.2304077148,57667,57677,10
13.0349302292,80.2305984497,57677,57687,10
13.0348997116,80.231048584,57687,57697,10
13.034819603,80.2318115234,57697,57707,10
13.0347204208,80.2325134277,57707,57717,10
13.0346603394,80.233039856,57717,57727,10
13.0346298218,80.2333908081,57727,57737,10
13.0345697403,80.2337036133,57737,57747,10
13.0344600677,80.2344284058,57747,57757,10
13.0343799591,80.2352523804,57757,57767,10
13.0342998505,80.2360992432,57767,57778,11
13.0342197418,80.2370223999,57778,57889,111
13.0342197418,80.2370223999,57889,57898,9
13.0342702866,80.2373886108,57898,57909,11
13.0343799591,80.2376327515,57909,57919,10
13.0345897675,80.2379379272,57919,57929,10
13.0349197388,80.2384414673,57929,57939,10
13.0350799561,80.2386779785,57939,57949,10
13.035369873,80.2391433716,57949,57959,10
13.0358400345,80.2393798828,57959,57969,10
13.03647995,80.2394790649,57969,57980,11
13.0370798111,80.2396011353,57980,57990,10
13.0377902985,80.2396774292,57990,58000,10
13.0385799408,80.2397384644,58000,58010,10
13.0391702652,80.2398300171,58010,58020,10
13.0397996902,80.2399291992,58020,58030,10
13.0402402878,80.2399520874,58030,58040,10
13.0403900146,80.2401428223,58040,58050,10
13.0405101776,80.2405471802,58050,58060,10
13.0410404205,80.2406082153,58060,58070,10
13.0410699844,80.2406082153,58070,58080,10
13.0413198471,80.2406234741,58080,58091,11
13.0419797897,80.2407302856,58091,58101,10
13.0428199768,80.2408599854,58101,58111,10
13.0437097549,80.2409820557,58111,58121,10
13.0444402695,80.2406768799,58121,58151,30
13.0444402695,80.2406768799,58151,58161,10
13.0446100235,80.2405395508,58161,58171,10
13.0449399948,80.2403182983,58171,58181,10
13.0454702377,80.239982605,58181,58192,11
13.0459604263,80.2396621704,58192,58202,10
13.0464696884,80.2396469116,58202,58212,10
13.046620369,80.239692688,58212,58222,10
13.0468797684,80.2397384644,58222,58232,10
13.0474500656,80.2398834229,58232,58242,10
13.0481700897,80.2400283813,58242,58252,10
13.0488796234,80.2401733398,58252,58262,10
13.0496196747,80.2403182983,58262,58272,10
13.0502300262,80.2404327393,58272,58282,10
13.0507698059,80.2405166626,58282,58292,10
13.0510797501,80.2405776978,58292,58303,11
13.0512504578,80.2406082153,58303,58313,10
13.0515098572,80.2406692505,58313,58323,10
13.0523300171,80.2408599854,58323,58363,40
13.0523300171,80.2408599854,58363,58373,10
13.0524101257,80.2409133911,58373,58383,10
13.0525503159,80.2412796021,58383,58393,10
13.0526504517,80.2416229248,58393,58404,11
13.0532598495,80.2419433594,58404,58414,10
13.0540800095,80.2422790527,58414,58434,20
13.0540800095,80.2422790527,58434,58444,10
13.0543804169,80.2423629761,58444,58454,10
13.054889679,80.2423629761,58454,58464,10
13.0556297302,80.2423019409,58464,58474,10
13.0563802719,80.2426071167,58474,58484,10
13.0566902161,80.2426376343,58484,58494,10
13.0568704605,80.2425994873,58494,58504,10
13.0570402145,80.2427520752,58504,58515,11
13.0574302673,80.2428588867,58515,58525,10
13.0577602386,80.2428588867,58525,58535,10
13.0580101013,80.2428436279,58535,58545,10
13.0586299896,80.242729187,58545,58555,10
13.0592403412,80.2426376343,58555,58565,10
13.0599498749,80.2427902222,58565,58575,10
13.0605201721,80.2429580688,58575,58585,10
13.0610198975,80.2431182861,58585,58595,10
13.0612602234,80.2431488037,58595,58605,10
13.0615596771,80.2431793213,58605,58621,16
13.0624799728,80.2433776855,58621,58642,21
13.0624799728,80.2433776855,58642,58654,12
13.0629501343,80.2434616089,58654,58664,10
13.0636100769,80.243560791,58664,58674,10
13.064160347,80.2436065674,58674,58683,9
13.0645904541,80.2437210083,58683,58694,11
13.0653600693,80.2436904907,58694,58703,9
13.0662202835,80.2434768677,58703,58756,53
13.0662202835,80.2434768677,58756,58766,10
13.0667200089,80.243347168,58766,58776,10
13.0672597885,80.2431182861,58776,58786,10
13.0680198669,80.2428207397,58786,58796,10
13.0686597824,80.2426223755,58796,58806,10
13.0690202713,80.2424316406,58806,58816,10
13.0695400238,80.2422409058,58816,58826,10
13.0700302124,80.2421417236,58826,58837,11
13.0700502396,80.2421264648,58837,58847,10
13.0702199936,80.2421035767,58847,58857,10
13.0707397461,80.2419204712,58857,58867,10
13.0714797974,80.2416763306,58867,58877,10
13.0722799301,80.2412261963,58877,58887,10
13.0730495453,80.240852356,58887,58897,10
13.0734901428,80.2407226563,58897,58907,10
13.0740499496,80.240562439,58907,58917,10
13.0749702454,80.2405166626,58917,58927,10
13.0761003494,80.2405014038,58927,58937,10
13.0769395828,80.2406387329,58937,58948,11
13.0771303177,80.2401809692,58948,58958,10
13.0769500732,80.2394790649,58958,58968,10
13.0768699646,80.2392272949,58968,58978,10
13.076789856,80.2390289307,58978,58988,10
13.0766897202,80.2386703491,58988,58998,10
13.0766897202,80.2386398315,58998,59008,10
13.0766000748,80.2382507324,59008,59079,71
13.0766000748,80.2382507324,59079,59089,10
13.0765600204,80.2380371094,59089,59099,10
13.0764398575,80.2374572754,59099,59129,30
13.0764398575,80.2374572754,59129,59139,10
13.0764198303,80.237121582,59139,59149,10
13.0762996674,80.2364807129,59149,59160,11
13.0761604309,80.2355880737,59160,59170,10
13.0759401321,80.2347106934,59170,59180,10
13.0757598877,80.2340698242,59180,59210,30
13.0757598877,80.2340698242,59210,59220,10
13.0757904053,80.2339477539,59220,59230,10
13.0760803223,80.2337875366,59230,59240,10
13.07654953,80.2337417603,59240,59250,10
13.0767803192,80.2337417603,59250,59260,10
13.0769901276,80.2337188721,59260,59271,11
13.0773696899,80.2336730957,59271,59281,10
13.0786600113,80.2335968018,59281,59291,10
13.0786600113,80.2335968018,59291,59301,10
13.0793600082,80.2335968018,59301,59311,10
13.0801496506,80.233581543,59311,59331,20
13.0801496506,80.233581543,59331,59341,10
13.0802602768,80.233581543,59341,59352,11
13.080329895,80.2335662842,59352,59363,11
13.080450058,80.233581543,59363,59375,12
13.0810403824,80.233581543,59375,59385,10
13.081700325,80.2335968018,59385,59395,10
13.0819702148,80.2333984375,59395,59404,9
13.0820398331,80.2328567505,59404,59415,11
13.0822601318,80.2321624756,59415,59425,10
13.0825996399,80.2312316895,59425,59435,10
13.0829000473,80.2306594849,59435,59445,10
13.0831203461,80.2309875488,59445,59455,10
13.0831604004,80.2317123413,59455,59465,10
13.0832395554,80.2325820923,59465,59475,10
13.0833501816,80.2332000732,59475,59486,11
13.0835199356,80.2337875366,59486,59496,10
13.0839595795,80.2339401245,59496,59506,10
13.0840702057,80.2339782715,59506,59516,10
13.0842103958,80.234046936,59516,59526,10
13.0846595764,80.234161377,59526,59536,10
13.0852804184,80.2342987061,59536,59546,10
13.0860500336,80.2344894409,59546,59556,10
13.0868396759,80.2346191406,59556,59566,10
13.0876502991,80.2345581055,59566,59576,10
13.0879497528,80.2339401245,59576,59587,11
13.0881004333,80.2329483032,59587,59597,10
13.0883197784,80.2320327759,59597,59607,10
13.0885400772,80.2312927246,59607,59617,10
13.0888395309,80.2305908203,59617,59627,10
13.0888795853,80.2305297852,59627,59637,10
13.0889701843,80.2303695679,59637,59647,10
13.089220047,80.229850769,59647,59657,10
13.0896596909,80.2292022705,59657,59667,10
13.0903596878,80.2284393311,59667,59677,10
13.0910902023,80.2276611328,59677,59687,10
13.091460228,80.2272491455,59687,59697,10
13.0914802551,80.2272415161,59697,59708,11
13.0917196274,80.2270202637,59708,59718,10
13.092209816,80.2265396118,59718,59728,10
13.0928096771,80.2259597778,59728,59738,10
13.0934801102,80.2252197266,59738,59748,10
13.0939998627,80.2246170044,59748,59758,10
13.0945997238,80.2238006592,59758,59768,10
13.0951499939,80.2228164673,59768,59778,10
13.0953197479,80.2223205566,59778,59788,10
13.0953903198,80.22215271,59788,59799,11
13.0956096649,80.221572876,59799,59809,10
13.095870018,80.2208328247,59809,59819,10
13.0961503983,80.2200622559,59819,59829,10
13.0963897705,80.2193603516,59829,59839,10
13.0964202881,80.2192611694,59839,59849,10
13.096540451,80.2188796997,59849,59859,10
13.0967597961,80.2182388306,59859,59869,10
13.0972499847,80.2168197632,59869,59889,20
13.0972499847,80.2168197632,59889,59899,10
13.0972995758,80.2167434692,59899,59910,11
13.0974798203,80.2162628174,59910,59920,10
13.0978002548,80.2155075073,59920,59930,10
13.098279953,80.2143783569,59930,59960,30
13.098279953,80.2143783569,59960,59970,10
13.0983295441,80.2142791748,59970,59980,10
13.0985603333,80.2139663696,59980,59990,10
13.0990400314,80.2142028809,59990,60000,10
13.0995798111,80.2143630981,60000,60010,10
13.1004400253,80.2146224976,60010,60041,31
13.1004400253,80.2146224976,60041,60051,10
13.1005296707,80.2146835327,60051,60061,10
13.1005401611,80.2150421143,60061,60071,10
13.1001996994,80.2157669067,60071,60081,10
13.0999097824,80.2160873413,60081,60091,10
13.1000204086,80.2157211304,60091,60101,10
13.1001996994,80.2153091431,60101,60111,10
13.100230217,80.2147827148,60111,60990,879
13.100230217,80.2147827148,60990,61000,10
13.100230217,80.2145614624,61000,61010,10
13.1000099182,80.2144622803,61010,61020,10
13.0997200012,80.2144012451,61020,61030,10
13.0992898941,80.2142791748,61030,61040,10
13.0989103317,80.2141418457,61040,61050,10
13.0987596512,80.2140884399,61050,61060,10
13.0986404419,80.2140426636,61060,61070,10
13.0984296799,80.2141418457,61070,61080,10
13.0982198715,80.2146377563,61080,61091,11
13.0979299545,80.2153015137,61091,61101,10
13.0976200104,80.2160415649,61101,61111,10
13.0973300934,80.2167663574,61111,61121,10
13.0972995758,80.2168579102,61121,61131,10
13.0971403122,80.2172622681,61131,61141,10
13.0968904495,80.2179718018,61141,61151,10
13.0966396332,80.2187576294,61151,61161,10
13.0965795517,80.2189788818,61161,61171,10
13.0965204239,80.2191467285,61171,61181,10
13.0963096619,80.2197036743,61181,61191,10
13.0960302353,80.220451355,61191,61201,10
13.0957803726,80.2211990356,61201,61212,11
13.0956497192,80.2216186523,61212,61222,10
13.0954198837,80.2222824097,61222,61232,10
13.0953502655,80.2224731445,61232,61242,10
13.0952701569,80.2226409912,61242,61252,10
13.0950698853,80.2231369019,61252,61262,10
13.094619751,80.2238311768,61262,61272,10
13.0939998627,80.2246627808,61272,61282,10
13.0933599472,80.2254104614,61282,61292,10
13.0926799774,80.2260971069,61292,61302,10
13.0921697617,80.2266235352,61302,61313,11
13.0911502838,80.2276763916,61313,61333,20
13.0911502838,80.2276763916,61333,61343,10
13.0910301208,80.2277526855,61343,61353,10
13.0907297134,80.2281036377,61353,61363,10
13.0903396606,80.2285385132,61363,61373,10
13.089799881,80.2291183472,61373,61382,9
13.0892801285,80.229850769,61382,61393,11
13.0890598297,80.2303237915,61393,61403,10
13.0888299942,80.2308425903,61403,61415,12
13.0887699127,80.23097229,61415,61425,10
13.0887498856,80.2309875488,61425,61435,10
13.0886297226,80.2313079834,61435,61445,10
13.0884799957,80.2317428589,61445,61455,10
13.0882701874,80.2324829102,61455,61465,10
13.088060379,80.2334289551,61465,61475,10
13.0879497528,80.234336853,61475,61485,10
13.0873098373,80.2346191406,61485,61495,10
13.0867004395,80.2345733643,61495,61505,10
13.0861797333,80.2344818115,61505,61515,10
13.0860700607,80.2344436646,61515,61526,11
13.0858898163,80.2343826294,61526,61536,10
13.0853796005,80.2342376709,61536,61546,10
13.0848903656,80.23412323,61546,61556,10
13.0843200684,80.2339782715,61556,61566,10
13.0837802887,80.2338790894,61566,61576,10
13.0837602615,80.2338790894,61576,61592,16
13.0833396912,80.2338180542,61592,61604,12
13.0827999115,80.2337112427,61604,61613,9
13.082400322,80.2336196899,61613,61624,11
13.082280159,80.2336120605,61624,61635,11
13.0818901062,80.233543396,61635,61645,10
13.0815200806,80.2335128784,61645,61655,10
13.0808696747,80.2334899902,61655,61665,10
13.0801801682,80.2334823608,61665,61675,10
13.0797300339,80.2334899902,61675,61685,10
13.0794696808,80.2334899902,61685,61695,10
13.0792598724,80.2335205078,61695,61705,10
13.0787296295,80.2335205078,61705,61715,10
13.0781002045,80.2335510254,61715,61725,10
13.0773200989,80.2336196899,61725,61736,11
13.0763502121,80.2338027954,61736,61746,10
13.0758600235,80.2340621948,61746,61756,10
13.0759496689,80.2345428467,61756,61766,10
13.0760002136,80.2347412109,61766,61776,10
13.0760803223,80.2351837158,61776,61786,10
13.0762395859,80.2359085083,61786,61796,10
13.0765104294,80.2373504639,61796,61816,20
13.0765104294,80.2373504639,61816,61826,10
13.0765695572,80.2375030518,61826,61836,10
13.0766601563,80.2378997803,61836,61847,11
13.0766601563,80.2379302979,61847,61857,10
13.0767002106,80.2380981445,61857,61867,10
13.076789856,80.2386703491,61867,61877,10
13.0769796371,80.2394790649,61877,61887,10
13.0772199631,80.2404098511,61887,61897,10
13.0773897171,80.2412414551,61897,61907,10
13.0775403976,80.2419662476,61907,61917,10
13.0776901245,80.2427902222,61917,61927,10
13.0778102875,80.2436828613,61927,61937,10
13.0777597427,80.2443389893,61937,61947,10
13.0778903961,80.2451782227,61947,61958,11
13.0779399872,80.2460784912,61958,61968,10
13.0780601501,80.2468338013,61968,61978,10
13.0782499313,80.2479171753,61978,61988,10
13.0784797668,80.2488632202,61988,61998,10
13.0786399841,80.24949646,61998,62008,10
13.078619957,80.2503967285,62008,62018,10
13.0785198212,80.251083374,62018,62028,10
13.0785503387,80.2516479492,62028,62038,10
13.078209877,80.2517166138,62038,62048,10
13.0776500702,80.2518081665,62048,62059,11
13.0768404007,80.2519378662,62059,62069,10
13.0761098862,80.2520675659,62069,62079,10
13.075340271,80.2521820068,62079,62089,10
13.0748996735,80.2521972656,62089,62099,10
13.074379921,80.252243042,62099,62109,10
13.0741500854,80.2522735596,62109,62119,10
13.0738801956,80.2523574829,62119,62129,10
13.0733203888,80.2524108887,62129,62139,10
13.0726995468,80.2523193359,62139,62149,10
13.0722799301,80.2520599365,62149,62160,11
13.0721197128,80.2515029907,62160,62170,10
13.0720796585,80.2510223389,62170,62180,10
13.0718402863,80.2502593994,62180,62190,10
13.0716104507,80.2493972778,62190,62200,10
13.0714597702,80.248550415,62200,62210,10
13.071149826,80.2475280762,62210,62220,10
13.0707597733,80.246673584,62220,62229,9
13.0703296661,80.2457809448,62229,62240,11
13.0699100494,80.2448196411,62240,62250,10
13.0696201324,80.2440032959,62250,62260,10
13.0694103241,80.2435073853,62260,62271,11
13.0693397522,80.243347168,62271,62281,10
13.0693397522,80.243309021,62281,62291,10
13.069270134,80.2429199219,62291,62301,10
13.0689697266,80.2425231934,62301,62311,10
13.0685596466,80.2426071167,62311,62321,10
13.0679397583,80.2427825928,62321,62331,10
13.0673599243,80.2429885864,62331,62341,10
13.0672502518,80.2430419922,62341,62351,10
13.0669698715,80.2431716919,62351,62361,10
13.0668201447,80.2432327271,62361,62371,10
13.0666103363,80.2433013916,62371,62382,11
13.0664300919,80.2433776855,62382,62392,10
13.0661802292,80.243560791,62392,62402,10
13.0661497116,80.2442321777,62402,62412,10
13.066280365,80.2450790405,62412,62422,10
13.0665597916,80.2459411621,62422,62432,10
13.0674495697,80.2463607788,62432,62442,10
13.0678701401,80.2466430664,62442,62452,10
13.0678901672,80.2466812134,62452,62462,10
13.0679302216,80.2471237183,62462,62472,10
13.0678396225,80.2478179932,62472,62481,9
13.0673303604,80.2479019165,62481,62493,12
13.0664100647,80.2478485107,62493,62503,10
13.0655002594,80.2477874756,62503,62513,10
13.0646295547,80.247718811,62513,62523,10
13.0636901855,80.2476501465,62523,62533,10
13.0627403259,80.2475967407,62533,62543,10
13.0617704391,80.247543335,62543,62553,10
13.061340332,80.2470779419,62553,62563,10
13.0616102219,80.2467269897,62563,62573,10
13.0618495941,80.2463684082,62573,62583,10
13.0619697571,80.2458572388,62583,62594,11
13.0621404648,80.2452697754,62594,62604,10
13.0625295639,80.2449569702,62604,62614,10
13.0628204346,80.2447509766,62614,62624,10
13.0631399155,80.2443389893,62624,62634,10
13.0632295609,80.2442626953,62634,62644,10
13.0634002686,80.2439193726,62644,62654,10
13.0633401871,80.2435379028,62654,62664,10
13.06291008,80.2434387207,62664,62674,10
13.0624103546,80.243309021,62674,62684,10
13.0618896484,80.2431793213,62684,62694,10
13.0613698959,80.2430801392,62694,62705,11
13.060839653,80.2429199219,62705,62715,10
13.0604400635,80.2427978516,62715,62725,10
13.0599603653,80.2426376343,62725,62735,10
13.0593795776,80.2424621582,62735,62745,10
13.0591802597,80.242477417,62745,62755,10
13.0590200424,80.2425003052,62755,62765,10
13.058719635,80.2425689697,62765,62775,10
13.0586395264,80.2425918579,62775,62791,16
13.0579395294,80.2427215576,62791,62803,12
13.0572395325,80.2427978516,62803,62811,8
13.0568599701,80.2427062988,62811,62824,13
13.0562801361,80.2424697876,62824,62834,10
13.0560302734,80.2422790527,62834,62843,9
13.0556297302,80.2422027588,62843,62854,11
13.0549602509,80.2423477173,62854,62864,10
13.054479599,80.2423629761,62864,62874,10
13.0539197922,80.2422332764,62874,62884,10
13.0537395477,80.2421569824,62884,62894,10
13.0536699295,80.2420806885,62894,62904,10
13.0533599854,80.2419128418,62904,62935,31
13.0533599854,80.2419128418,62935,62945,10
13.0532197952,80.241897583,62945,62954,9
13.05286026,80.2417831421,62954,62965,11
13.0523500443,80.2413482666,62965,62975,10
13.0521297455,80.2409667969,62975,62985,10
13.0518703461,80.2407073975,62985,62995,10
13.0514802933,80.2406005859,62995,63005,10
13.0510396957,80.2405166626,63005,63015,10
13.0510101318,80.2405090332,63015,63026,11
13.0507898331,80.2404403687,63026,63036,10
13.0502300262,80.2403488159,63036,63046,10
13.0496196747,80.2402114868,63046,63056,10
13.0489397049,80.2400894165,63056,63066,10
13.0482797623,80.2399520874,63066,63076,10
13.0479202271,80.2398605347,63076,63086,10
13.047750473,80.2398071289,63086,63096,10
13.0473203659,80.2397232056,63096,63106,10
13.0467395782,80.2396087646,63106,63116,10
13.0463199615,80.2395172119,63116,63126,10
13.0462799072,80.2393417358,63126,63137,11
13.046380043,80.2388763428,63137,63147,10
13.0465297699,80.2382125854,63147,63157,10
13.0466899872,80.2374725342,63157,63167,10
13.0468397141,80.2366867065,63167,63177,10
13.0469703674,80.2362289429,63177,63187,10
13.0470399857,80.2358627319,63187,63197,10
13.0470600128,80.2356262207,63197,63207,10
13.0471401215,80.235168457,63207,63217,10
13.0472297668,80.2344207764,63217,63227,10
13.0472898483,80.2336883545,63227,63238,11
13.0473604202,80.2332763672,63238,63248,10
13.04708004,80.2330780029,63248,63258,10
13.0466299057,80.2329025269,63258,63268,10
13.0461397171,80.2327804565,63268,63278,10
13.0453395844,80.2325973511,63278,63298,20
13.0453395844,80.2325973511,63298,63308,10
13.0451803207,80.2325668335,63308,63318,10
13.0447502136,80.232460022,63318,63328,10
13.0439596176,80.2323303223,63328,63338,10
13.0431604385,80.2322921753,63338,63349,11
13.0423803329,80.2322769165,63349,63359,10
13.0416898727,80.2321777344,63359,63369,10
13.0408496857,80.2319564819,63369,63379,10
13.0397996902,80.2316207886,63379,63389,10
13.0387096405,80.231338501,63389,63399,10
13.0377101898,80.2310180664,63399,63409,10
13.0369195938,80.2307815552,63409,63419,10
13.0366096497,80.2306365967,63419,63439,20
13.0366096497,80.2306365967,63439,63449,10
13.0363502502,80.2305374146,63449,63460,11
13.0359601974,80.2304229736,63460,63470,10
13.0354700089,80.2302932739,63470,63480,10
13.0351696014,80.2302474976,63480,63490,10
13.0347499847,80.2302932739,63490,63500,10
13.0344295502,80.2303695679,63500,63510,10
13.0340795517,80.2304229736,63510,63520,10
13.0335197449,80.2304534912,63520,63530,10
13.0334300995,80.2304611206,63530,63540,10
13.0332298279,80.2304992676,63540,63550,10
13.0326795578,80.2305297852,63550,63560,10
13.0319499969,80.2305984497,63560,63571,11
13.0310096741,80.2306671143,63571,63661,90
13.0310096741,80.2306671143,63661,63672,11
13.0306196213,80.2307434082,63672,63682,10
13.0297698975,80.2308273315,63682,63712,30
13.0297698975,80.2308273315,63712,63722,10
13.0294704437,80.2308731079,63722,63732,10
13.0290002823,80.2308578491,63732,63742,10
13.0283203125,80.2309112549,63742,63752,10
13.0277395248,80.231010437,63752,63761,9
13.0277004242,80.2313766479,63761,63771,10
13.0277500153,80.2320404053,63771,63783,12
13.0278701782,80.232749939,63783,63793,10
13.0274295807,80.2328872681,63793,63803,10
13.0271596909,80.2329101563,63803,63813,10
13.0269203186,80.2329406738,63813,63823,10
13.0265903473,80.232963562,63823,63833,10
13.0263395309,80.2325134277,63833,63842,9
13.0261802673,80.2319488525,63842,63853,11
13.0261001587,80.2317504883,63853,63862,9
13.0260601044,80.2316436768,63862,63873,11
13.02602005,80.2313995361,63873,63884,11
13.0257997513,80.230682373,63884,63894,10
13.0253095627,80.2298736572,63894,63904,10
13.0249004364,80.2293624878,63904,63914,10
13.0248298645,80.2292861938,63914,63924,10
13.0247402191,80.2291793823,63924,63934,10
13.0245103836,80.2288589478,63934,63944,10
13.0242300034,80.2285308838,63944,63954,10
13.0240802765,80.2283782959,63954,63964,10
13.0240602493,80.2283172607,63964,63974,10
13.0238103867,80.2279891968,63974,63984,10
13.0234603882,80.2276611328,63984,63995,11
13.0233001709,80.2275085449,63995,64004,9
13.0230302811,80.2271728516,64004,64015,11
13.0224103928,80.2266235352,64015,64025,10
13.0216999054,80.2260284424,64025,64035,10
13.0210199356,80.2255020142,64035,64045,10
13.0203695297,80.2250595093,64045,64055,10
13.0197095871,80.2246170044,64055,64065,10
13.0187196732,80.2244873047,64065,64075,10
13.0176200867,80.224937439,64075,64085,10
13.0166797638,80.2253417969,64085,64096,11
13.0160903931,80.2255783081,64096,64106,10
13.0154304504,80.2258071899,64106,64116,10
13.0147895813,80.2260437012,64116,64126,10
13.0142202377,80.2262878418,64126,64136,10
13.0140399933,80.2264022827,64136,64146,10
13.0138196945,80.2264862061,64146,64156,10
13.0132303238,80.2267227173,64156,64166,10
13.0123996735,80.2270507813,64166,64176,10
13.0113697052,80.2274398804,64176,64186,10
13.0102996826,80.2278671265,64186,64196,10
13.0092897415,80.2283401489,64196,64207,11
13.0089702606,80.2294311523,64207,64217,10
13.0087604523,80.2305603027,64217,64227,10
13.0085496902,80.2316665649,64227,64237,10
13.0083799362,80.2325973511,64237,64247,10
13.0082597733,80.2335510254,64247,64267,20
13.0082597733,80.2335510254,64267,64277,10
13.0081996918,80.2337188721,64277,64287,10
13.0080699921,80.2341995239,64287,64297,10
13.0079097748,80.2349624634,64297,64307,10
13.0077695847,80.235748291,64307,64318,11
13.0076599121,80.2362213135,64318,64328,10
13.0075998306,80.2365493774,64328,64338,10
13.0075702667,80.2367172241,64338,64348,10
13.0075397491,80.2368927002,64348,64358,10
13.0074996948,80.2371063232,64358,64368,10
13.0074501038,80.2373504639,64368,64388,20
13.0074501038,80.2373504639,64388,64398,10
13.007349968,80.2377319336,64398,64408,10
13.0072898865,80.2381515503,64408,64419,11
13.0071802139,80.2387313843,64419,64429,10
13.0071001053,80.2391662598,64429,64439,10
13.0070295334,80.2396774292,64439,64469,30
13.0069599152,80.239982605,64469,64630,161
13.0069599152,80.239982605,64630,64641,11
13.0069103241,80.2406005859,64641,64651,10
13.0068597794,80.2408218384,64651,64661,10
13.0068397522,80.2409210205,64661,64671,10
13.0067796707,80.2411804199,64671,64681,10
13.0067396164,80.2416992188,64681,64691,10
13.0067300797,80.2423400879,64691,64701,10
13.0066995621,80.243057251,64701,64711,10
13.0066795349,80.2438430786,64711,64721,10
13.0066795349,80.2446899414,64721,64731,10
13.0066995621,80.2455368042,64731,64742,11
13.0067195892,80.2464828491,64742,64752,10
13.0067501068,80.2470169067,64752,64762,10
13.0067396164,80.2473831177,64762,64772,10
13.0067195892,80.2479934692,64772,64782,10
13.0067501068,80.2488098145,64782,64792,10
13.0068702698,80.2494125366,64792,64802,10
13.0068702698,80.2494506836,64802,64812,10
13.0068597794,80.2495193481,64812,64822,10
13.0068397522,80.2499465942,64822,64832,10
13.0068101883,80.250617981,64832,64842,10
13.0068302155,80.2509994507,64842,64853,11
13.0068302155,80.2511062622,64853,64863,10
13.0067996979,80.2514801025,64863,64873,10
13.0066404343,80.252166748,64873,64883,10
13.0065498352,80.2531204224,64883,64893,10
13.0065402985,80.254119873,64893,64903,10
13.0066003799,80.2548370361,64903,64923,20
13.0066003799,80.2548370361,64923,64933,10
13.0065603256,80.2550430298,64933,64943,10
13.0065803528,80.2556762695,64943,64953,10
13.0065803528,80.2565765381,64953,64964,11
13.0065698624,80.2575378418,64964,64974,10
13.0059604645,80.2574768066,64974,64984,10
13.0052995682,80.25730896,64984,64994,10
13.0047302246,80.2571868896,64994,65004,10
13.004070282,80.2570419312,65004,65014,10
13.003569603,80.2569198608,65014,65024,10
13.0031604767,80.2568283081,65024,65034,10
13.0025501251,80.256729126,65034,65044,10
13.0017995834,80.2566223145,65044,65054,10
13.0013198853,80.2565612793,65054,65145,91
13.0013198853,80.2565612793,65145,65155,10
13.0012102127,80.2565689087,65155,65165,10
13.0007600784,80.2565002441,65165,65176,11
13.0000696182,80.2563781738,65176,65186,10
12.9999904633,80.256362915,65186,65196,10
12.9996900558,80.2563018799,65196,65206,10
12.9992103577,80.2561721802,65206,65216,10
12.9988098145,80.2560806274,65216,65226,10
12.9983100891,80.2560119629,65226,65236,10
12.9977302551,80.2559661865,65236,65246,10
12.9971399307,80.2559585571,65246,65266,20
12.9971399307,80.2559585571,65266,65277,11
12.9969396591,80.2561264038,65277,65287,10
12.9969100952,80.256401062,65287,65297,10
12.9968500137,80.2570266724,65297,65327,30
12.9968500137,80.2570266724,65327,65337,10
12.9968004227,80.2571563721,65337,65347,10
12.9967498779,80.2576065063,65347,65357,10
12.9966697693,80.2583465576,65357,65367,10
12.9965801239,80.259147644,65367,65377,10
12.9965600967,80.2592926025,65377,65388,11
12.9965295792,80.2595214844,65388,65398,10
12.9964599609,80.2600402832,65398,65408,10
12.9964103699,80.2606964111,65408,65418,10
12.9963502884,80.2613372803,65418,65428,10
12.9962797165,80.2619934082,65428,65438,10
12.996219635,80.2624816895,65438,65448,10
12.9961996078,80.2625732422,65448,65458,10
12.9961395264,80.2629776001,65458,65468,10
12.9961004257,80.2634887695,65468,65478,10
12.9960203171,80.2643127441,65478,65489,11
12.9959096909,80.2651824951,65489,65499,10
12.9958095551,80.2661437988,65499,65509,10
12.9956998825,80.2671279907,65509,65519,10
12.9957399368,80.2677001953,65519,65529,10
12.9962396622,80.2677764893,65529,65549,20
12.9962396622,80.2677764893,65549,65559,10
12.9964799881,80.267829895,65559,65569,10
12.9970998764,80.2677764893,65569,65579,10
12.9978399277,80.267539978,65579,65589,10
12.9986600876,80.2673187256,65589,65600,11
12.9997797012,80.2669677734,65600,65610,10
13.0001401901,80.2665634155,65610,65620,10
13.0001401901,80.2665481567,65620,65630,10
13.0001802444,80.266166687,65630,65640,10
13.0002803802,80.2657470703,65640,65650,10
13.0002403259,80.2661972046,65650,65870,220
13.0002698898,80.2663803101,65870,65900,30
13.0002698898,80.2663803101,65900,65910,10
13.0003004074,80.2666320801,65910,65921,11
13.0000696182,80.2668991089,65921,65931,10
12.9994401932,80.2670822144,65931,65941,10
12.9986600876,80.2673110962,65941,65951,10
12.9980401993,80.2674636841,65951,65961,10
12.9977502823,80.2675628662,65961,65971,10
12.9972496033,80.2676925659,65971,65981,10
12.9966402054,80.2677764893,65981,65991,10
12.9960699081,80.2677612305,65991,66001,10
12.9956798553,80.2676620483,66001,66011,10
12.9957103729,80.2675170898,66011,66021,10
12.9957199097,80.2674789429,66021,66032,11
12.995759964,80.2670135498,66032,66042,10
12.9958095551,80.2662734985,66042,66052,10
12.9959201813,80.2653427124,66052,66062,10
12.9960298538,80.2644729614,66062,66078,16
12.9962396622,80.2626190186,66078,66098,20
12.9962396622,80.2626190186,66098,66110,12
12.9962997437,80.2621765137,66110,66120,10
12.9963598251,80.2615966797,66120,66127,7
12.9963998795,80.261100769,66127,66141,14
12.9965000153,80.2600784302,66141,66151,10
12.9965496063,80.2594528198,66151,66161,10
12.9966096878,80.2589035034,66161,66171,10
12.9966802597,80.2581787109,66171,66181,10
12.9967699051,80.2574005127,66181,66191,10
12.9968204498,80.257019043,66191,66201,10
12.9968500137,80.2565765381,66201,66211,10
12.9968795776,80.2561035156,66211,66234,23
12.9978599548,80.2559814453,66234,66247,13
12.9986095428,80.2560501099,66247,66257,10
12.9986095428,80.2560577393,66257,66267,10
12.9988002777,80.256111145,66267,66287,20
12.9988002777,80.256111145,66287,66297,10
12.9989404678,80.2561264038,66297,66307,10
12.999250412,80.2561569214,66307,66317,10
12.9997501373,80.2562789917,66317,66327,10
13.0005702972,80.2564620972,66327,66369,42
13.0005702972,80.2564620972,66369,66379,10
13.0009202957,80.2565383911,66379,66389,10
13.0012197495,80.2565917969,66389,66399,10
13.0015296936,80.256652832,66399,66409,10
13.0020103455,80.256729126,66409,66419,10
13.0024900436,80.2567977905,66419,66429,10
13.0027399063,80.2568511963,66429,66439,10
13.0030498505,80.2568969727,66439,66449,10
13.0033302307,80.2569580078,66449,66460,11
13.003950119,80.2570800781,66460,66470,10
13.0044898987,80.2571563721,66470,66480,10
13.0051698685,80.2572784424,66480,66490,10
13.0058097839,80.2574234009,66490,66587,97
13.0058097839,80.2574234009,66587,66599,12
13.0062503815,80.2574462891,66599,66609,10
13.006529808,80.2573623657,66609,66619,10
13.0065097809,80.2568969727,66619,66629,10
13.0065097809,80.2562179565,66629,66639,10
13.0065097809,80.2557678223,66639,66649,10
13.006529808,80.255317688,66649,66659,10
13.0065402985,80.2546691895,66659,66669,10
13.0065202713,80.2533874512,66669,66691,22
13.0065202713,80.2533874512,66691,66701,10
13.0065498352,80.2532272339,66701,66710,9
13.0065202713,80.2530212402,66710,66721,11
13.0065202713,80.2526092529,66721,66731,10
13.0066404343,80.2519378662,66731,66741,10
13.006770134,80.2511901855,66741,66751,10
13.0067796707,80.2500305176,66751,66842,91
13.0067796707,80.2500305176,66842,66852,10
13.0068397522,80.249671936,66852,66862,10
13.0067796707,80.2491836548,66862,66872,10
13.0067396164,80.2487716675,66872,66883,11
13.0066900253,80.2483978271,66883,66893,10
13.006649971,80.2482299805,66893,66903,10
13.006649971,80.2481918335,66903,66913,10
13.0066404343,80.2480010986,66913,67024,111
13.0066404343,80.2480010986,67024,67034,10
13.0066299438,80.2475585938,67034,67044,10
13.0066404343,80.2471008301,67044,67054,10
13.0065803528,80.2466812134,67054,67074,20
13.0065803528,80.2466812134,67074,67084,10
13.0066099167,80.246421814,67084,67095,11
13.0066003799,80.2459182739,67095,67105,10
13.0065803528,80.2456588745,67105,67115,10
13.0065803528,80.2453765869,67115,67125,10
13.0065803528,80.2451095581,67125,67135,10
13.0065803528,80.2449264526,67135,67145,10
13.0065898895,80.2447433472,67145,67155,10
13.0066099167,80.244468689,67155,67165,10
13.0065898895,80.2440795898,67165,67175,10
13.0066099167,80.2438278198,67175,67185,10
13.0065898895,80.2434005737,67185,67195,10
13.0065498352,80.2428817749,67195,67236,41
13.0065498352,80.2428817749,67236,67246,10
13.0065402985,80.2424926758,67246,67307,61
13.0065402985,80.2424926758,67307,67317,10
13.0065402985,80.2422027588,67317,67327,10
13.006529808,80.2419281006,67327,67337,10
13.0065402985,80.2416763306,67337,67347,10
13.0065603256,80.2414932251,67347,67357,10
13.0066003799,80.2410812378,67357,67367,10
13.0066604614,80.2405929565,67367,67377,10
13.0067796707,80.2398834229,67377,67387,10
13.0069599152,80.2389984131,67387,67397,10
13.0071401596,80.2382202148,67397,67407,10
13.0072498322,80.2377624512,67407,67418,11
13.0073900223,80.2369995117,67418,67438,20
13.0073900223,80.2369995117,67438,67448,10
13.0074501038,80.2367401123,67448,67458,10
13.0074901581,80.236579895,67458,67468,10
13.0075101852,80.2365112305,67468,67478,10
13.0075597763,80.2363128662,67478,67488,10
13.0076398849,80.2358703613,67488,67498,10
13.0077400208,80.2353820801,67498,67508,10
13.0078601837,80.2347793579,67508,67518,10
13.0079402924,80.2343215942,67518,67529,11
13.0079498291,80.2343063354,67529,67539,10
13.0080099106,80.2340621948,67539,67549,10
13.008099556,80.2335662842,67549,67559,10
13.0081796646,80.2330780029,67559,67569,10
13.008190155,80.2330093384,67569,67579,10
13.0082197189,80.2328720093,67579,67589,10
13.0083198547,80.2323684692,67589,67599,10
13.0084295273,80.2317733765,67599,67609,10
13.008480072,80.2314376831,67609,67619,10
13.0085496902,80.2311401367,67619,67630,11
13.0086297989,80.2308502197,67630,67640,10
13.0087003708,80.2304611206,67640,67650,10
13.0087604523,80.2301864624,67650,67660,10
13.0088195801,80.2298126221,67660,67670,10
13.0089101791,80.2294387817,67670,67680,10
13.0089902878,80.229057312,67680,67690,10
13.0090999603,80.2285003662,67690,67700,10
13.0093402863,80.2278594971,67700,67710,10
13.0096797943,80.2271118164,67710,67720,10
13.0099802017,80.2264328003,67720,67730,10
13.0103397369,80.2256622314,67730,67751,21
13.0103397369,80.2256622314,67751,67761,10
13.0104198456,80.2255020142,67761,67771,10
13.0105495453,80.2252120972,67771,67781,10
13.0107097626,80.224937439,67781,67791,10
13.010840416,80.2245864868,67791,67801,10
13.0111103058,80.2239608765,67801,67811,10
13.0114202499,80.2232437134,67811,67821,10
13.0116596222,80.2225723267,67821,67831,10
13.0118398666,80.2219696045,67831,67841,10
13.0121002197,80.2216186523,67841,67852,11
13.0124797821,80.2218322754,67852,67862,10
13.0128698349,80.2223510742,67862,67872,10
13.0133800507,80.2228622437,67872,67882,10
13.013879776,80.2233963013,67882,67892,10
13.0141801834,80.2238082886,67892,67902,10
13.0145196915,80.2242202759,67902,67912,10
13.0150499344,80.2247314453,67912,67922,10
13.0152797699,80.2249221802,67922,67932,10
13.0152797699,80.2249298096,67932,67942,10
13.0155200958,80.2251205444,67942,67953,11
13.0156297684,80.2251815796,67953,67963,10
13.0159397125,80.2253799438,67963,67973,10
13.0166196823,80.2253494263,67973,67982,9
13.0172796249,80.2250900269,67982,67993,11
13.0181798935,80.2247390747,67993,68003,10
13.018819809,80.2244796753,68003,68013,10
13.0193004608,80.2244415283,68013,68023,10
13.0195398331,80.2245178223,68023,68033,10
13.0197496414,80.2246627808,68033,68043,10
13.0200996399,80.2248916626,68043,68053,10
13.0206098557,80.2252426147,68053,68064,11
13.0212497711,80.2257080078,68064,68074,10
13.0218801498,80.2261428833,68074,68094,20
13.0218801498,80.2261428833,68094,68104,10
13.0220899582,80.226348877,68104,68114,10
13.0225400925,80.2267227173,68114,68124,10
13.0230998993,80.2272567749,68124,68134,10
13.0236301422,80.2277603149,68134,68144,10
13.0241203308,80.2282791138,68144,68154,10
13.0245399475,80.2288284302,68154,68165,11
13.0250196457,80.2294769287,68165,68175,10
13.0253200531,80.2298583984,68175,68185,10
13.0254898071,80.2300491333,68185,68195,10
13.0256004333,80.2302017212,68195,68205,10
13.0257396698,80.2304611206,68205,68215,10
13.0258703232,80.2307510376,68215,68225,10
13.0259799957,80.2311172485,68225,68235,10
13.0261001587,80.2314224243,68235,68245,10
13.0266199112,80.2313079834,68245,68255,10
13.0278596878,80.2310409546,68255,68336,81
13.0278596878,80.2310409546,68336,68346,10
13.0281400681,80.2310714722,68346,68366,20
13.0281400681,80.2310714722,68366,68377,11
13.0283699036,80.231010437,68377,68387,10
13.0284900665,80.2309799194,68387,68397,10
13.0289201736,80.2309265137,68397,68407,10
13.0291700363,80.2309188843,68407,68417,10
13.0293397903,80.2308883667,68417,68427,10
13.0296401978,80.2308807373,68427,68437,10
13.0300502777,80.2308502197,68437,68447,10
13.0304203033,80.2308197021,68447,68457,10
13.0308599472,80.2307891846,68457,68467,10
13.0313501358,80.2307510376,68467,68477,10
13.0318403244,80.2307434082,68477,68494,17
13.0327997208,80.2306594849,68494,68506,12
13.0331001282,80.2306365967,68506,68516,10
13.0332603455,80.2306365967,68516,68525,9
13.0334997177,80.2306213379,68525,68576,51
13.0334997177,80.2306213379,68576,68586,10
13.0337095261,80.230682373,68586,68597,11
13.0340900421,80.2306365967,68597,68607,10
13.0342798233,80.2305603027,68607,68627,20
13.0342798233,80.2305603027,68627,68636,9
13.0345697403,80.23046875,68636,68667,31
13.0345697403,80.23046875,68667,68677,10
13.0347003937,80.2304229736,68677,68687,10
13.0349302292,80.2304992676,68687,68698,11
13.0349397659,80.2305221558,68698,68708,10
13.0349197388,80.2308502197,68708,68718,10
13.0348396301,80.2313995361,68718,68728,10
13.0347604752,80.2320632935,68728,68738,10
13.0346603394,80.2327575684,68738,68748,10
13.0345802307,80.2332382202,68748,68758,10
13.0345497131,80.2335510254,68758,68768,10
13.0344800949,80.2340393066,68768,68778,10
13.0343999863,80.2346725464,68778,68788,10
13.0342998505,80.2353820801,68788,68798,10
13.034239769,80.2360916138,68798,68809,11
13.0341501236,80.2369232178,68809,68819,10
13.0342702866,80.2374725342,68819,68910,91
13.0342702866,80.2374725342,68910,68920,10
13.034330368,80.2377624512,68920,68930,10
13.0345401764,80.23802948,68930,68940,10
13.0348596573,80.2384796143,68940,68950,10
13.0352201462,80.2390289307,68950,68960,10
13.0355100632,80.2394638062,68960,68970,10
13.0360603333,80.2395095825,68970,68980,10
13.0366296768,80.2395629883,68980,68990,10
13.0371999741,80.2396316528,68990,69000,10
13.0378198624,80.2397003174,69000,69010,10
13.0386199951,80.2397994995,69010,69021,11
13.0391702652,80.2398834229,69021,69031,10
13.0396900177,80.2399368286,69031,69041,10
13.0402297974,80.2399978638,69041,69051,10
13.0403699875,80.2400588989,69051,69061,10
13.0403604507,80.2404174805,69061,69071,10
13.0405597687,80.2405929565,69071,69081,10
13.041009903,80.2406387329,69081,69091,10
13.0410804749,80.2406921387,69091,69101,10
13.0414199829,80.240737915,69101,69111,10
13.0420503616,80.2408065796,69111,69121,10
13.0427999496,80.2408905029,69121,69132,11
13.0437002182,80.241027832,69132,69142,10
13.0443696976,80.2407608032,69142,69202,60
13.0443696976,80.2407608032,69202,69212,10
13.0446395874,80.2406311035,69212,69222,10
13.0449895859,80.2403717041,69222,69232,10
13.045539856,80.240020752,69232,69243,11
13.045920372,80.2397766113,69243,69253,10
13.0460596085,80.2396621704,69253,69263,10
13.0464496613,80.2396697998,69263,69273,10
13.0466499329,80.2397232056,69273,69283,10
13.0468597412,80.2397689819,69283,69293,10
13.0473403931,80.2398605347,69293,69303,10
13.0480098724,80.2399978638,69303,69313,10
13.0486803055,80.2401428223,69313,69323,10
13.0491504669,80.2402191162,69323,69333,10
13.0495500565,80.2403182983,69333,69344,11
13.0499897003,80.2404174805,69344,69354,10
13.050450325,80.2405014038,69354,69364,10
13.0509796143,80.2406082153,69364,69374,10
13.0513000488,80.2406692505,69374,69384,10
13.0514698029,80.2407073975,69384,69394,10
13.0520200729,80.2408370972,69394,69404,10
13.0524997711,80.2412796021,69404,69414,10
13.0528697968,80.2418518066,69414,69424,10
13.0539703369,80.2423095703,69424,69445,21
13.0539703369,80.2423095703,69445,69455,10
13.0541496277,80.2423629761,69455,69465,10
13.0546998978,80.2424163818,69465,69475,10
13.0554704666,80.2423171997,69475,69485,10
13.056429863,80.2426376343,69485,69525,40
13.056429863,80.2426376343,69525,69535,10
13.0566797256,80.2427520752,69535,69546,11
13.0571098328,80.2428817749,69546,69556,10
13.0574398041,80.2429122925,69556,69566,10
13.0577001572,80.2428817749,69566,69576,10
13.0578203201,80.2428817749,69576,69586,10
13.0581703186,80.2428131104,69586,69596,10
13.0587797165,80.2426986694,69596,69606,10
13.0591497421,80.2426223755,69606,69616,10
13.0595998764,80.24269104,69616,69626,10
13.0602703094,80.2429122925,69626,69636,10
13.0607299805,80.2430419922,69636,69646,10
13.0611200333,80.2431564331,69646,69656,10
13.0614299774,80.2432403564,69656,69667,11
13.0621299744,80.2433624268,69667,69687,20
13.0621299744,80.2433624268,69687,69697,10
13.0622301102,80.2434005737,69697,69707,10
13.0624599457,80.2434310913,69707,69717,10
13.0624704361,80.2434310913,69717,69727,10
13.0626401901,80.2434616089,69727,69737,10
13.0631904602,80.2435684204,69737,69747,10
13.0637397766,80.2435913086,69747,69757,10
13.0639896393,80.2436218262,69757,69768,11
13.0643196106,80.243637085,69768,69778,10
13.0647201538,80.243598938,69778,69885,107
13.0647201538,80.243598938,69885,69897,12
13.0648698807,80.243598938,69897,69907,10
13.0650100708,80.243598938,69907,69917,10
13.0653400421,80.2436294556,69917,69927,10
13.0656204224,80.2436065674,69927,69937,10
13.0658597946,80.2435531616,69937,69967,30
13.0658597946,80.2435531616,69967,69978,11
13.0662202835,80.2435684204,69978,69988,10
13.0664997101,80.2434387207,69988,69998,10
13.0668201447,80.2433013916,69998,70008,10
13.0671796799,80.2431411743,70008,70018,10
13.0678100586,80.2428817749,70018,70038,20
13.0678100586,80.2428817749,70038,70048,10
13.0680799484,80.242767334,70048,70058,10
13.0685596466,80.2426376343,70058,70068,10
13.0690698624,80.2424621582,70068,70079,11
13.069439888,80.2423095703,70079,70089,10
13.0696802139,80.2422485352,70089,70099,10
13.0697202682,80.2422409058,70099,70109,10
13.0698204041,80.2422637939,70109,70119,10
13.0700502396,80.2422180176,70119,70129,10
13.0702896118,80.2421417236,70129,70139,10
13.0707597733,80.2419891357,70139,70149,10
13.0711803436,80.2418518066,70149,70159,10
13.0713500977,80.2417602539,70159,70169,10
13.07172966,80.2415771484,70169,70179,10
13.0722799301,80.2412185669,70179,70190,11
13.0728197098,80.2409362793,70190,70200,10
13.0730600357,80.2408676147,70200,70210,10
13.0733995438,80.2407684326,70210,70220,10
13.0738697052,80.2406463623,70220,70230,10
13.0745697021,80.2406234741,70230,70240,10
13.0755300522,80.2406234741,70240,70250,10
13.0763902664,80.2406387329,70250,70260,10
13.0769195557,80.2406921387,70260,70270,10
13.0771198273,80.240447998,70270,70280,10
13.0769996643,80.2399215698,70280,70290,10
13.0768098831,80.239151001,70290,70301,11
13.0766296387,80.2385406494,70301,70311,10
13.0765695572,80.2383422852,70311,70321,10
13.0764799118,80.2379074097,70321,70341,20
13.0764799118,80.2379074097,70341,70351,10
13.0764799118,80.2377090454,70351,70361,10
13.0764198303,80.2374572754,70361,70371,10
13.0764102936,80.237411499,70371,70381,10
13.0763998032,80.2372512817,70381,70391,10
13.0763301849,80.2369995117,70391,70402,11
13.076210022,80.2363510132,70402,70412,10
13.0760803223,80.2355422974,70412,70422,10
13.0759096146,80.2347564697,70422,70432,10
13.0757598877,80.2342834473,70432,70462,30
13.0757598877,80.2342834473,70462,70472,10
13.0757398605,80.2341003418,70472,70482,10
13.0759601593,80.2338562012,70482,70492,10
13.076379776,80.233833313,70492,70502,10
13.0767002106,80.2337799072,70502,70513,11
13.0768098831,80.2337722778,70513,70523,10
13.0772600174,80.2337036133,70523,70533,10
13.07791996,80.2336502075,70533,70543,10
13.0786104202,80.2336196899,70543,70553,10
13.0792703629,80.2335968018,70553,70563,10
13.0798501968,80.2335891724,70563,70573,10
13.0802698135,80.233581543,70573,70583,10
13.0803403854,80.233581543,70583,70593,10
13.0804901123,80.2336196899,70593,70603,10
13.0809497833,80.2336196899,70603,70613,10
13.0815296173,80.2336578369,70613,70624,11
13.0819797516,80.2335586548,70624,70634,10
13.081990242,80.2331008911,70634,70644,10
13.0820102692,80.2328186035,70644,70654,10
13.0821199417,80.2323989868,70654,70664,10
13.0823497772,80.2317276001,70664,70674,10
13.0825996399,80.2311325073,70674,70683,9
13.0827598572,80.2307815552,70683,70693,10
13.083029747,80.2307662964,70693,70704,11
13.0831003189,80.2314376831,70704,70715,11
13.08314991,80.2323989868,70715,70725,10
13.083319664,80.2331237793,70725,70735,10
13.0834197998,80.2335891724,70735,70745,10
13.0835399628,80.2339019775,70745,70755,10
13.0838003159,80.2339706421,70755,70765,10
13.0839004517,80.2340011597,70765,70774,9
13.0840597153,80.2340316772,70774,70785,11
13.0842504501,80.2340927124,70785,70795,10
13.084690094,80.2341995239,70795,70805,10
13.0852499008,80.234336853,70805,70815,10
13.0858297348,80.2344894409,70815,70825,10
13.086139679,80.2345428467,70825,70836,11
13.0865497589,80.2345962524,70836,70846,10
13.0868501663,80.2346420288,70846,70856,10
13.0874595642,80.2346420288,70856,70866,10
13.0879096985,80.2341537476,70866,70876,10
13.0879898071,80.2333908081,70876,70886,10
13.0881595612,80.2325973511,70886,70896,10
13.0883302689,80.2319030762,70896,70906,10
13.0884895325,80.2313613892,70906,70916,10
13.0886697769,80.2309188843,70916,70926,10
13.0887899399,80.230682373,70926,70936,10
13.0888595581,80.2305831909,70936,70947,11
13.0890798569,80.2301101685,70947,70957,10
13.0894699097,80.2294311523,70957,70967,10
13.0901203156,80.2287063599,70967,70977,10
13.0913000107,80.2274398804,70977,70997,20
13.0913000107,80.2274398804,70997,71007,10
13.0914001465,80.2273712158,71007,71017,10
13.0917396545,80.2269973755,71017,71027,10
13.0922899246,80.2264328003,71027,71037,10
13.0929098129,80.2258071899,71037,71048,11
13.0932598114,80.225440979,71048,71058,10
13.093460083,80.2252120972,71058,71068,10
13.0935602188,80.2250976563,71068,71078,10
13.0938100815,80.2248077393,71078,71088,10
13.0941801071,80.224281311,71088,71098,10
13.0947399139,80.223487854,71098,71108,10
13.0951499939,80.2226333618,71108,71118,10
13.0952301025,80.2224578857,71118,71128,10
13.0953798294,80.2220611572,71128,71138,10
13.0956201553,80.2214202881,71138,71148,10
13.0958499908,80.2207565308,71148,71159,11
13.0961303711,80.2200012207,71159,71169,10
13.0963697433,80.2192764282,71169,71179,10
13.0965299606,80.2188034058,71179,71189,10
13.0967502594,80.2181472778,71189,71199,10
13.0969495773,80.2175521851,71199,71209,10
13.0970001221,80.217376709,71209,71219,10
13.0970897675,80.2171478271,71219,71229,10
13.0972995758,80.2166366577,71229,71239,10
13.0975103378,80.2161331177,71239,71249,10
13.0975904465,80.2159423828,71249,71260,11
13.0977697372,80.2155075073,71260,71270,10
13.0979204178,80.2151565552,71270,71280,10
13.0980501175,80.214881897,71280,71320,40
13.09815979,80.2146911621,71320,71350,30
13.09815979,80.2146911621,71350,71361,11
13.0981798172,80.21459198,71361,71371,10
13.0982904434,80.2143478394,71371,71381,10
13.0983800888,80.2141571045,71381,71391,10
13.0985097885,80.2140197754,71391,71401,10
13.0985498428,80.2140197754,71401,71411,10
13.0986404419,80.2140197754,71411,71421,10
13.0987701416,80.2141036987,71421,71431,10
13.099029541,80.2142333984,71431,71441,10
13.0994195938,80.2143478394,71441,71451,10
13.1000404358,80.2145385742,71451,71512,61
13.1000404358,80.2145385742,71512,71522,10
13.1002597809,80.2146072388,71522,71532,10
13.1005401611,80.2147369385,71532,71542,10
13.100399971,80.2151565552,71542,71552,10
13.1001596451,80.2156982422,71552,71562,10
13.1000003815,80.2160491943,71562,71573,11
13.0998401642,80.2160568237,71573,71583,10
13.0998802185,80.2158432007,71583,71593,10
13.1000003815,80.2155838013,71593,71603,10
13.1002597809,80.2150421143,71603,72461,858
13.1002597809,80.2150421143,72461,72471,10
13.1001901627,80.2147216797,72471,72481,10
13.1000299454,80.2145004272,72481,72491,10
13.0997800827,80.2144393921,72491,72501,10
13.0993995667,80.2143478394,72501,72511,10
13.0990200043,80.2142333984,72511,72521,10
13.0985898972,80.2140808105,72521,72541,20
13.0985898972,80.2140808105,72541,72552,11
13.098400116,80.2140884399,72552,72562,10
13.0982704163,80.2143936157,72562,72572,10
13.097990036,80.2150268555,72572,72582,10
13.0976600647,80.2157592773,72582,72592,10
13.0973300934,80.2165603638,72592,72602,10
13.0970201492,80.2173995972,72602,72612,10
13.0966796875,80.2183380127,72612,72622,10
13.0964298248,80.2191314697,72622,72632,10
13.0962696075,80.219581604,72632,72642,10
13.0960197449,80.2202835083,72642,72653,11
13.0957698822,80.2210083008,72653,72663,10
13.0955200195,80.2217407227,72663,72673,10
13.0952301025,80.2225570679,72673,72683,10
13.0947999954,80.2234802246,72683,72693,10
13.0941495895,80.2244033813,72693,72703,10
13.0935297012,80.2251434326,72703,72713,10
13.0929899216,80.225730896,72713,72723,10
13.0924596786,80.2262573242,72723,72739,16
13.0915603638,80.2271575928,72739,72751,12
13.0910997391,80.2276916504,72751,72759,8
13.0909404755,80.2278366089,72759,72772,13
13.0903596878,80.2284622192,72772,72782,10
13.0897397995,80.229133606,72782,72792,10
13.0892496109,80.2298126221,72792,72802,10
13.0890398026,80.2302474976,72802,72812,10
13.0888795853,80.2305984497,72812,72822,10
13.0887203217,80.23097229,72822,72832,10
13.0886602402,80.2311019897,72832,72842,10
13.0886096954,80.2312393188,72842,72852,10
13.0885400772,80.2313919067,72852,72863,11
13.0883798599,80.231842041,72863,72873,10
13.0881595612,80.2325668335,72873,72883,10
13.0879802704,80.2333831787,72883,72893,10
13.0879096985,80.2341308594,72893,72903,10
13.0875501633,80.2345962524,72903,72913,10
13.0871400833,80.2345962524,72913,72923,10
13.0867795944,80.2345733643,72923,72933,10
13.0864400864,80.2345504761,72933,72943,10
13.0859603882,80.2344207764,72943,72953,10
13.0855197906,80.2343215942,72953,72963,10
13.0852804184,80.2342376709,72963,72974,11
13.0852003098,80.2342224121,72974,72984,10
13.0848999023,80.234161377,72984,72994,10
13.084569931,80.2340621948,72994,73004,10
13.0842695236,80.2340164185,73004,73014,10
13.0840396881,80.2339630127,73014,73024,10
13.0837202072,80.2339019775,73024,73034,10
13.0837097168,80.2339019775,73034,73044,10
13.0833797455,80.2338485718,73044,73054,10
13.0829401016,80.2337875366,73054,73064,10
13.0823802948,80.2336578369,73064,73074,10
13.0823202133,80.2336425781,73074,73085,11
13.0819301605,80.2335510254,73085,73095,10
13.081319809,80.2335205078,73095,73105,10
13.0806303024,80.2335205078,73105,73115,10
13.0799503326,80.2335281372,73115,73125,10
13.0794296265,80.2335205078,73125,73135,10
13.0790195465,80.2335281372,73135,73145,10
13.0784797668,80.233543396,73145,73155,10
13.0779399872,80.2335586548,73155,73165,10
13.0774202347,80.2336196899,73165,73175,10
13.0768499374,80.2337188721,73175,73186,11
13.0761003494,80.23387146,73186,73196,10
13.0757799149,80.2340087891,73196,73206,10
13.0758495331,80.2344589233,73206,73216,10
13.0760097504,80.2352600098,73216,73226,10
13.0761995316,80.2363204956,73226,73236,10
13.076379776,80.2372436523,73236,73246,10
13.0764598846,80.2375030518,73246,73256,10
13.0765399933,80.237991333,73256,73266,10
13.0767402649,80.2389297485,73266,73276,10
13.0770998001,80.240196228,73276,73307,31
13.0770998001,80.240196228,73307,73317,10
13.0771303177,80.2404937744,73317,73327,10
13.0772199631,80.2408370972,73327,73337,10
13.0773000717,80.2412796021,73337,73347,10
13.0773096085,80.2415466309,73347,73357,10
13.0774297714,80.2419662476,73357,73367,10
13.0776100159,80.242980957,73367,73377,10
13.0777196884,80.2438735962,73377,73387,10
13.0776596069,80.2443237305,73387,73398,11
13.0777301788,80.2448883057,73398,73408,10
13.0778198242,80.2456970215,73408,73418,10
13.0778999329,80.2465667725,73418,73428,10
13.0781002045,80.2475204468,73428,73438,10
13.0782804489,80.2484893799,73438,73448,10
13.0784902573,80.2491836548,73448,73458,10
13.0786104202,80.2498321533,73458,73468,10
13.0784196854,80.2505569458,73468,73478,10
13.0784502029,80.2512588501,73478,73488,10
13.0783700943,80.2516784668,73488,73499,11
13.0780601501,80.2517471313,73499,73509,10
13.0774402618,80.2518463135,73509,73519,10
13.0766801834,80.2519989014,73519,73529,10
13.0757398605,80.2521286011,73529,73539,10
13.0749998093,80.2521896362,73539,73549,10
13.0745897293,80.2522201538,73549,73559,10
13.0740804672,80.2522277832,73559,73569,10
13.0737400055,80.2523880005,73569,73579,10
13.0731401443,80.2523880005,73579,73589,10
13.0725097656,80.2522964478,73589,73599,10
13.0721302032,80.2518081665,73599,73609,10
13.0719995499,80.2509613037,73609,73620,11
13.0718002319,80.2505187988,73620,73630,10
13.0715999603,80.2498321533,73630,73640,10
13.0714197159,80.2489395142,73640,73650,10
13.0711698532,80.2479171753,73650,73660,10
13.0707397461,80.2469177246,73660,73670,10
13.0702896118,80.2459793091,73670,73680,10
13.0698404312,80.244972229,73680,73690,10
13.0694999695,80.2440338135,73690,73700,10
13.0692396164,80.2432479858,73700,73710,10
13.0691204071,80.2425994873,73710,73721,11
13.0687599182,80.242477417,73721,73731,10
13.0683298111,80.2426223755,73731,73741,10
13.067700386,80.2428207397,73741,73751,10
13.0671396255,80.243057251,73751,73761,10
13.0664997101,80.243347168,73761,73771,10
13.0660295486,80.2437820435,73771,73781,10
13.0660896301,80.244468689,73781,73791,10
13.0661897659,80.2451171875,73791,73801,10
13.0663003922,80.2456893921,73801,73811,10
13.0668802261,80.2461700439,73811,73822,11
13.0675802231,80.2464370728,73822,73832,10
13.0677700043,80.24659729,73832,73842,10
13.0678195953,80.246963501,73842,73852,10
13.0678195953,80.2475967407,73852,73862,10
13.0675401688,80.2479400635,73862,73872,10
13.066740036,80.2478408813,73872,73882,10
13.065779686,80.2477874756,73882,73892,10
13.064909935,80.2477416992,73892,73902,10
13.0640802383,80.2476806641,73902,73912,10
13.0632400513,80.2476196289,73912,73922,10
13.0624399185,80.2475967407,73922,73932,10
13.0617198944,80.2474899292,73932,73943,11
13.0613203049,80.2470092773,73943,73953,10
13.0616502762,80.2466812134,73953,73963,10
13.0618600845,80.2461776733,73963,73973,10
13.0620298386,80.2454376221,73973,73983,10
13.0622396469,80.2451171875,73983,73993,10
13.0627098083,80.2448196411,73993,74003,10
13.0631303787,80.2443313599,74003,74013,10
13.0631999969,80.2442169189,74013,74023,10
13.0633897781,80.2437973022,74023,74033,10
13.0631504059,80.2434997559,74033,74044,11
13.0625295639,80.2433624268,74044,74054,10
13.0619602203,80.2432403564,74054,74064,10
13.0616102219,80.2431716919,74064,74074,10
13.0611495972,80.2430877686,74074,74084,10
13.0606899261,80.2429275513,74084,74100,16
13.0599002838,80.2426681519,74100,74112,12
13.0593204498,80.2425079346,74112,74122,10
13.0588798523,80.2425537109,74122,74132,10
13.0586795807,80.2425765991,74132,74142,10
13.0583400726,80.2426681519,74142,74153,11
13.057800293,80.242767334,74153,74163,10
13.0569000244,80.2428207397,74163,74193,30
13.0569000244,80.2428207397,74193,74203,10
13.0565500259,80.2426986694,74203,74213,10
13.0561199188,80.242477417,74213,74223,10
13.0556201935,80.2422714233,74223,74233,10
13.0550403595,80.2423095703,74233,74243,10
13.0543603897,80.2423934937,74243,74253,10
13.0536699295,80.2422409058,74253,74274,21
13.0536699295,80.2422409058,74274,74284,10
13.0535097122,80.2421417236,74284,74294,10
13.0534601212,80.2421112061,74294,74304,10
13.0532798767,80.2420120239,74304,74314,10
13.0530996323,80.2419204712,74314,74324,10
13.0529603958,80.2418823242,74324,74340,16
13.0524396896,80.2416229248,74340,74352,12
13.0520496368,80.2409973145,74352,74360,8
13.0518102646,80.240737915,74360,74372,12
13.0513000488,80.2406234741,74372,74383,11
13.050860405,80.2405395508,74383,74392,9
13.0507001877,80.2405166626,74392,74403,11
13.0499801636,80.2403717041,74403,74413,10
13.0494203568,80.2402191162,74413,74423,10
13.048740387,80.2400817871,74423,74433,10
13.0480003357,80.2399291992,74433,74443,10
13.0472898483,80.2397766113,74443,74453,10
13.0467700958,80.2396774292,74453,74464,11
13.0462999344,80.2395706177,74464,74474,10
13.0462198257,80.2393417358,74474,74484,10
13.0463399887,80.2388000488,74484,74494,10
13.0464696884,80.2382507324,74494,74504,10
13.0466098785,80.2377166748,74504,74514,10
13.0467300415,80.2370300293,74514,74524,10
13.0468902588,80.2362823486,74524,74534,10
13.0469799042,80.2358398438,74534,74544,10
13.0470199585,80.2356033325,74544,74554,10
13.0470695496,80.2351074219,74554,74564,10
13.0471801758,80.2343673706,74564,74575,11
13.0472202301,80.2330474854,74575,74595,20
13.0472202301,80.2330474854,74595,74605,10
13.0469503403,80.232963562,74605,74615,10
13.0463199615,80.2328567505,74615,74625,10
13.0451498032,80.2326431274,74625,74645,20
13.0451498032,80.2326431274,74645,74655,10
13.0449199677,80.2325134277,74655,74665,10
13.0443000793,80.232421875,74665,74675,10
13.0434703827,80.2323074341,74675,74686,11
13.0426301956,80.2322921753,74686,74696,10
13.0419101715,80.2322692871,74696,74706,10
13.0410404205,80.2320709229,74706,74716,10
13.0401096344,80.2317276001,74716,74726,10
13.039150238,80.2314682007,74726,74736,10
13.0381803513,80.2312088013,74736,74746,10
13.037150383,80.2309036255,74746,74756,10
13.0367002487,80.2307434082,74756,74766,10
13.0361795425,80.2305679321,74766,74782,16
13.0354499817,80.2303771973,74782,74805,23
13.0354499817,80.2303771973,74805,74815,10
13.0352497101,80.2302932739,74815,74825,10
13.0348997116,80.2302627563,74825,74835,10
13.0346002579,80.2303237915,74835,74845,10
13.0343198776,80.2303924561,74845,74855,10
13.0340595245,80.2304534912,74855,74875,20
13.0340595245,80.2304534912,74875,74885,10
13.0338401794,80.2304534912,74885,74895,10
13.0334997177,80.23046875,74895,74906,11
13.0334100723,80.2304763794,74906,74916,10
13.0330600739,80.2304992676,74916,74926,10
13.0324201584,80.2305374146,74926,74936,10
13.03166008,80.2306213379,74936,74946,10
13.0308599472,80.2306976318,74946,74956,10
13.030380249,80.2307510376,74956,74966,10
13.0298204422,80.2308120728,74966,74976,10
13.0296602249,80.2308425903,74976,74986,10
13.0294599533,80.2308731079,74986,74997,11
13.0291700363,80.2308883667,74997,75007,10
13.0285797119,80.2309494019,75007,75017,10
13.0278301239,80.2310409546,75017,75027,10
13.0275802612,80.2312469482,75027,75037,10
13.0276498795,80.2318572998,75037,75047,10
13.0277795792,80.2325973511,75047,75057,10
13.0275602341,80.2328796387,75057,75067,10
13.0269603729,80.2329330444,75067,75108,41
13.0269603729,80.2329330444,75108,75118,10
13.026889801,80.2330169678,75118,75128,10
13.0266504288,80.2330322266,75128,75144,16
13.0262002945,80.2323074341,75144,75156,12
13.0260400772,80.2317276001,75156,75166,10
13.0259799957,80.2314987183,75166,75175,9
13.0257797241,80.2308502197,75175,75186,11
13.0252103806,80.2298202515,75186,75196,10
13.0247297287,80.2292480469,75196,75206,10
13.0245199203,80.2289505005,75206,75217,11
13.0242004395,80.2285385132,75217,75227,10
13.0240001678,80.2283477783,75227,75236,9
13.0239896774,80.2283172607,75236,75247,11
13.0237398148,80.2279891968,75247,75257,10
13.0233402252,80.2276000977,75257,75267,10
13.0228900909,80.2271270752,75267,75277,10
13.0224599838,80.2267379761,75277,75287,10
13.0219202042,80.226272583,75287,75297,10
13.021229744,80.2257385254,75297,75307,10
13.0205202103,80.2252120972,75307,75318,11
13.0199203491,80.2248001099,75318,75328,10
13.0197000504,80.2246704102,75328,75338,10
13.0190200806,80.2244491577,75338,75348,10
13.0180196762,80.2247695923,75348,75358,10
13.0170001984,80.2252120972,75358,75368,10
13.0164003372,80.2254562378,75368,75378,10
13.0160503387,80.2255783081,75378,75388,10
13.0156202316,80.225730896,75388,75398,10
13.0149497986,80.2259979248,75398,75408,10
13.0143699646,80.2262420654,75408,75418,10
13.0143404007,80.2262496948,75418,75429,11
13.0142097473,80.2262878418,75429,75439,10
13.0136995316,80.2264709473,75439,75449,10
13.0128898621,80.2267684937,75449,75459,10
13.0118503571,80.2271728516,75459,75469,10
13.0107698441,80.2276000977,75469,75479,10
13.0097198486,80.2280578613,75479,75489,10
13.0090303421,80.2287979126,75489,75499,10
13.0088100433,80.2299423218,75499,75509,10
13.0085697174,80.2311325073,75509,75519,10
13.0083703995,80.2322769165,75519,75530,11
13.008190155,80.2333984375,75530,75540,10
13.0081501007,80.2336273193,75540,75550,10
13.0080900192,80.2338027954,75550,75560,10
13.0079898834,80.2343215942,75560,75570,10
13.0078296661,80.2350921631,75570,75580,10
13.0076503754,80.2360076904,75580,75590,10
13.0074396133,80.2370605469,75590,75600,10
13.0072402954,80.2381286621,75600,75610,10
13.0071001053,80.238899231,75610,75620,10
13.0070104599,80.2394866943,75620,75631,11
13.0069198608,80.2398910522,75631,75641,10
13.0068502426,80.240272522,75641,75651,10
13.0067796707,80.2407608032,75651,75661,10
13.0067300797,80.2409286499,75661,75671,10
13.0066699982,80.2415618896,75671,75681,10
13.0066604614,80.242477417,75681,75691,10
13.0066299438,80.2434692383,75691,75701,10
13.0066204071,80.2443313599,75701,75711,10
13.0066003799,80.245262146,75711,75727,16
13.006649971,80.246673584,75727,75739,12
13.0066404343,80.2477798462,75739,75747,8
13.0066604614,80.248588562,75747,75760,13
13.0067396164,80.2490997314,75760,75770,10
13.0067195892,80.2492218018,75770,75780,10
13.0067195892,80.2497406006,75780,75790,10
13.0067195892,80.2505264282,75790,75800,10
13.0067100525,80.2514877319,75800,75852,52
13.0067100525,80.2514877319,75852,75862,10
13.0066604614,80.2516174316,75862,75872,10
13.0065402985,80.252166748,75872,75882,10
13.0064601898,80.2529067993,75882,75892,10
13.006480217,80.2537994385,75892,75902,10
13.0065002441,80.2545318604,75902,75912,10
13.0065202713,80.2551879883,75912,75922,10
13.0065498352,80.2554397583,75922,75932,10
13.0065402985,80.2559509277,75932,75942,10
13.0065402985,80.2567520142,75942,75953,11
13.0065698624,80.2572784424,75953,75963,10
13.0064601898,80.2575912476,75963,75973,10
13.0060195923,80.2575302124,75973,75983,10
13.0054998398,80.2574005127,75983,75993,10
13.0049495697,80.2572631836,75993,76003,10
13.0043096542,80.2571182251,76003,76013,10
13.0038604736,80.257019043,76013,76023,10
13.0035800934,80.2569580078,76023,76033,10
13.0032396317,80.2568969727,76033,76043,10
13.002869606,80.2568206787,76043,76053,10
13.0020999908,80.2566833496,76053,76114,61
13.0020999908,80.2566833496,76114,76124,10
13.0018100739,80.2565994263,76124,76134,10
13.0012998581,80.2565536499,76134,76144,10
13.0007400513,80.2564620972,76144,76154,10
13.0001897812,80.256401062,76154,76165,11
12.9996404648,80.2563018799,76165,76195,30
12.9996404648,80.2563018799,76195,76205,10
12.9993495941,80.2562103271,76205,76215,10
12.9988899231,80.2561264038,76215,76225,10
12.9983797073,80.2560424805,76225,76235,10
12.9977998734,80.2559814453,76235,76245,10
12.9974002838,80.2559585571,76245,76255,10
12.9973402023,80.2559509277,76255,76265,10
12.9972200394,80.2559204102,76265,76276,11
12.9968795776,80.2560195923,76276,76286,10
12.9968204498,80.2564620972,76286,76296,10
12.9968004227,80.256729126,76296,76306,10
12.9967699051,80.2568435669,76306,76316,10
12.9967403412,80.2570724487,76316,76326,10
12.9966802597,80.2576599121,76326,76336,10
12.9966201782,80.2583236694,76336,76346,10
12.9965400696,80.2589111328,76346,76356,10
12.9964599609,80.2595291138,76356,76366,10
12.9963998795,80.2602233887,76366,76376,10
12.996339798,80.2609176636,76376,76387,11
12.9962797165,80.2615966797,76387,76397,10
12.996219635,80.2620697021,76397,76407,10
12.9961700439,80.2623519897,76407,76417,10
12.9961004257,80.2626800537,76417,76427,10
12.9960803986,80.2631378174,76427,76437,10
12.9960203171,80.2637786865,76437,76447,10
12.995929718,80.2646026611,76447,76457,10
12.9958400726,80.2654724121,76457,76467,10
12.9957399368,80.2663726807,76467,76477,10
12.995639801,80.2673034668,76477,76488,11
12.9958496094,80.2677230835,76488,76498,10
12.9960403442,80.2677536011,76498,76508,10
12.9961204529,80.2677688599,76508,76518,10
12.9966001511,80.2678070068,76518,76528,10
12.9972000122,80.2676773071,76528,76538,10
12.9978103638,80.2675170898,76538,76548,10
12.9984197617,80.2673492432,76548,76558,10
12.99903965,80.2671813965,76558,76568,10
12.9997196198,80.2669525146,76568,76578,10
13.0000600815,80.2666702271,76578,76588,10
13.0000696182,80.2666702271,76588,76599,11
13.0001497269,80.266242981,76599,76609,10
13.0001897812,80.2657699585,76609,76619,10
13.0003099442,80.2657928467,76619,76629,10
13.0002803802,80.2660217285,76629,76639,10
13.0002403259,80.266456604,76639,76659,20
13.0002403259,80.266456604,76659,76669,10
13.0002098083,80.2665710449,76669,76679,10
13.0001802444,80.2667999268,76679,76689,10
12.9999399185,80.2669372559,76689,76700,11
12.9993400574,80.2670974731,76700,76710,10
12.9986696243,80.267288208,76710,76720,10
12.9980602264,80.2674331665,76720,76730,10
12.9975099564,80.267578125,76730,76740,10
12.9968795776,80.2677612305,76740,76750,10
12.9962596893,80.2677764893,76750,76759,9
12.9957799911,80.2677383423,76759,76770,11
12.9956302643,80.2674865723,76770,76780,10
12.995639801,80.2674026489,76780,76790,10
12.9956903458,80.2669296265,76790,76800,10
12.9957799911,80.26612854,76800,76811,11
12.9959201813,80.265007019,76811,76821,10
12.9960203171,80.2641067505,76821,76831,10
12.9960803986,80.2635498047,76831,76841,10
12.9961204529,80.2631530762,76841,76851,10
12.9961500168,80.2627868652,76851,76861,10
12.9961795807,80.2625808716,76861,76871,10
12.996219635,80.2622299194,76871,76881,10
12.9962596893,80.2618637085,76881,76891,10
12.9963197708,80.2613830566,76891,76901,10
12.9963998795,80.2606964111,76901,76912,11
12.9964895248,80.2598419189,76912,76922,10
12.996509552,80.259262085,76922,76932,10
12.9965896606,80.2585296631,76932,76942,10
12.9966602325,80.2578887939,76942,76952,10
12.9967403412,80.2572097778,76952,76962,10
12.9968004227,80.2566604614,76962,76972,10
12.9967899323,80.256362915,76972,77053,81
12.9967899323,80.256362915,77053,77063,10
12.9968004227,80.2559814453,77063,77073,10
12.997130394,80.255897522,77073,77083,10
12.9975204468,80.2559509277,77083,77093,10
12.9979000092,80.2559814453,77093,77103,10
12.9983596802,80.2560424805,77103,77113,10
12.9986600876,80.2560806274,77113,77124,11
12.9987897873,80.2561035156,77124,77134,10
12.9990301132,80.2561416626,77134,77144,10
12.9990901947,80.256149292,77144,77154,10
12.999540329,80.2562484741,77154,77164,10
13.0001602173,80.256362915,77164,77174,10
13.0009202957,80.2565002441,77174,77184,10
13.0015001297,80.2566070557,77184,77194,10
13.0023403168,80.2567367554,77194,77204,10
13.0030298233,80.2568817139,77204,77214,10
13.003780365,80.2570266724,77214,77223,9
13.004360199,80.2571334839,77223,77235,12
13.0051298141,80.2572631836,77235,77245,10
13.0058298111,80.2573776245,77245,77295,50
13.0058298111,80.2573776245,77295,77305,10
13.0062599182,80.2574386597,77305,77315,10
13.0064601898,80.2571105957,77315,77325,10
13.0064496994,80.2563171387,77325,77335,10
13.0064401627,80.2554473877,77335,77346,11
13.0064897537,80.2546920776,77346,77356,10
13.006480217,80.2538604736,77356,77367,11
13.0065097809,80.25340271,77367,77377,10
13.006529808,80.2533187866,77377,77387,10
13.0065202713,80.2528686523,77387,77397,10
13.0065498352,80.2523880005,77397,77459,62
13.0065498352,80.2523880005,77459,77469,10
13.0065698624,80.2521133423,77469,77479,10
13.0066900253,80.251411438,77479,77489,10
13.0067501068,80.2504425049,77489,77499,10
13.006770134,80.2494812012,77499,77509,10
13.0066995621,80.2486572266,77509,77519,10
13.0065803528,80.2476577759,77519,77570,51
13.0065803528,80.2476577759,77570,77580,10
13.0065803528,80.247428894,77580,77590,10
13.0066003799,80.2470321655,77590,77600,10
13.0065498352,80.2466964722,77600,77610,10
13.0065402985,80.2466430664,77610,77620,10
13.0065898895,80.2462997437,77620,77630,10
13.0065698624,80.2455825806,77630,77640,10
13.0065402985,80.2447433472,77640,77650,10
13.0065097809,80.2439727783,77650,77661,11
13.0065202713,80.2433929443,77661,77671,10
13.0065002441,80.2426528931,77671,77681,10
13.006480217,80.2418670654,77681,77691,10
13.0065402985,80.2409820557,77691,77701,10
13.0066099167,80.2405776978,77701,77711,10
13.0066699982,80.2403030396,77711,77721,10
13.0067596436,80.2396774292,77721,77731,10
13.0069303513,80.2388381958,77731,77741,10
13.007109642,80.2380371094,77741,77751,10
13.0072603226,80.2373962402,77751,77762,11
13.0073204041,80.2368469238,77762,77772,10
13.0073404312,80.2368011475,77772,77782,10
13.0074501038,80.2364196777,77782,77792,10
13.0075902939,80.2357330322,77792,77802,10
13.0077104568,80.2351989746,77802,77812,10
13.0078401566,80.2346420288,77812,77822,10
13.008020401,80.233833313,77822,77832,10
13.0082302094,80.2327194214,77832,77842,10
13.0084600449,80.2314910889,77842,77852,10
13.0087003708,80.2302627563,77852,77862,10
13.0089197159,80.2291183472,77862,77873,11
13.0092201233,80.2279586792,77873,77883,10
13.0096597672,80.2269592285,77883,77893,10
13.0100803375,80.2260513306,77893,77903,10
13.010430336,80.2253494263,77903,77913,10
13.0106496811,80.2249221802,77913,77923,10
13.0108203888,80.2244491577,77923,77933,10
13.0111103058,80.2238006592,77933,77943,10
13.0114202499,80.2230377197,77943,77953,10
13.0117502213,80.2221298218,77953,77963,10
13.0120897293,80.2214889526,77963,77974,11
13.0124197006,80.2217407227,77974,77984,10
13.0128202438,80.2223129272,77984,77994,10
13.0133600235,80.22290802,77994,78004,10
13.0139398575,80.2235412598,78004,78014,10
13.0143299103,80.2240905762,78014,78024,10
13.0148897171,80.2246398926,78024,78034,10
13.0153598785,80.2249908447,78034,78044,10
13.0154800415,80.2250900269,78044,78054,10
13.0156002045,80.2252502441,78054,78064,10
13.0161600113,80.2254180908,78064,78074,10
13.0170602798,80.225151062,78074,78085,11
13.0181598663,80.2247085571,78085,78095,10
13.0190601349,80.2244491577,78095,78105,10
13.0199098587,80.2247924805,78105,78121,16
13.0211400986,80.2256774902,78121,78133,12
13.0219097137,80.2261962891,78133,78143,10
13.0219602585,80.2262496948,78143,78153,10
13.0221796036,80.2264709473,78153,78163,10
13.0227203369,80.2269821167,78163,78173,10
13.0233898163,80.2276000977,78173,78182,9
13.0239696503,80.2281570435,78182,78194,12
13.0242300034,80.2284622192,78194,78204,10
13.0243902206,80.2287063599,78204,78214,10
13.0247602463,80.2292480469,78214,78224,10
13.0253295898,80.2299880981,78224,78234,10
13.0258998871,80.2311630249,78234,78254,20
13.0258998871,80.2311630249,78254,78264,10
13.0261001587,80.2314224243,78264,78274,10
13.0267601013,80.2312393188,78274,78284,10
13.0275602341,80.2310562134,78284,78294,10
13.0283403397,80.2309799194,78294,78305,11
13.0285396576,80.2309494019,78305,78315,10
13.0289697647,80.2309188843,78315,78325,10
13.0293703079,80.2308883667,78325,78335,10
13.0297498703,80.2308425903,78335,78345,10
13.0301599503,80.230796814,78345,78355,10
13.0304298401,80.2307815552,78355,78365,10
13.0306501389,80.2307662964,78365,78375,10
13.0310297012,80.2307434082,78375,78385,10
13.0314998627,80.2307128906,78385,78395,10
13.0319900513,80.230682373,78395,78406,11
13.0325803757,80.2306213379,78406,78416,10
13.0331201553,80.2305831909,78416,78426,10
13.0333995819,80.2305603027,78426,78436,10
13.0338497162,80.2305221558,78436,78486,50
13.0338497162,80.2305221558,78486,78496,10
13.0339403152,80.2304611206,78496,78507,11
13.0344200134,80.2304077148,78507,78527,20
13.0346603394,80.2303695679,78527,78547,20
13.0346603394,80.2303695679,78547,78557,10
13.0347795486,80.2304000854,78557,78567,10
13.0348997116,80.2305679321,78567,78597,30
13.0348997116,80.2305679321,78597,78607,10
13.0349502563,80.2307128906,78607,78648,41
13.0349502563,80.2307128906,78648,78658,10
13.034910202,80.2309494019,78658,78668,10
13.0348596573,80.2311630249,78668,78678,10
13.0348100662,80.2314376831,78678,78688,10
13.0347204208,80.2319412231,78688,78698,10
13.0346002579,80.2325363159,78698,78708,10
13.034529686,80.2331237793,78708,78718,10
13.0344600677,80.233581543,78718,78729,11
13.0343599319,80.234413147,78729,78739,10
13.0342197418,80.2353515625,78739,78749,10
13.034119606,80.2363204956,78749,78759,10
13.0340900421,80.2371368408,78759,78769,10
13.0342302322,80.237487793,78769,78779,10
13.0343904495,80.2377700806,78779,78789,10
13.034740448,80.2383270264,78789,78799,10
13.0351600647,80.2390213013,78799,78809,10
13.0355701447,80.2394104004,78809,78819,10
13.036239624,80.2394790649,78819,78830,11
13.0370998383,80.2395706177,78830,78840,10
13.0378303528,80.2396469116,78840,78850,10
13.0385398865,80.2397384644,78850,78860,10
13.0392303467,80.2398300171,78860,78870,10
13.0397596359,80.2398986816,78870,78880,10
13.0399799347,80.2399368286,78880,78890,10
13.0402002335,80.239982605,78890,78900,10
13.0403003693,80.2403717041,78900,78910,10
13.0406599045,80.2405471802,78910,78920,10
13.0408201218,80.240562439,78920,78931,11
13.0410203934,80.2406234741,78931,78941,10
13.0415401459,80.2406997681,78941,78951,10
13.0422201157,80.2407913208,78951,78961,10
13.042889595,80.2408599854,78961,78971,10
13.0434398651,80.2409362793,78971,78981,10
13.0439996719,80.2409362793,78981,78991,10
13.0444898605,80.2406082153,78991,79001,10
13.0449800491,80.2402420044,79001,79011,10
13.0454301834,80.2399368286,79011,79021,10
13.0458698273,80.239616394,79021,79031,10
13.0462503433,80.2395706177,79031,79042,11
13.0466299057,80.2396621704,79042,79052,10
13.0468397141,80.2397232056,79052,79062,10
13.0472698212,80.2398071289,79062,79072,10
13.0477800369,80.239906311,79072,79082,10
13.0484399796,80.2400588989,79082,79092,10
13.0491399765,80.2402191162,79092,79102,10
13.0497703552,80.2403411865,79102,79112,10
13.0504302979,80.2404632568,79112,79122,10
13.0510997772,80.2406005859,79122,79132,10
13.051320076,80.2406387329,79132,79142,10
13.0517101288,80.2407226563,79142,79153,11
13.0523300171,80.2408676147,79153,79163,10
13.0524997711,80.2414398193,79163,79173,10
13.0529098511,80.2418670654,79173,79183,10
13.053440094,80.2420883179,79183,79193,10
13.0539999008,80.2422866821,79193,79203,10
13.054019928,80.2423019409,79203,79213,10
13.0544204712,80.2423782349,79213,79223,10
13.055150032,80.2422790527,79223,79233,10
13.0559997559,80.2424163818,79233,79243,10
13.0566196442,80.2426376343,79243,79254,11
13.0571098328,80.2428283691,79254,79264,10
13.0577096939,80.2428207397,79264,79274,10
13.0579204559,80.2427825928,79274,79284,10
13.0584201813,80.2426605225,79284,79294,10
13.0590295792,80.2425308228,79294,79304,10
13.0597801208,80.24269104,79304,79314,10
13.0604295731,80.2429199219,79314,79323,9
13.0610399246,80.2431182861,79323,79334,11
13.0617303848,80.2432632446,79334,79344,10
13.0623998642,80.2433624268,79344,79354,10
13.0624799728,80.2433929443,79354,79365,11
13.062789917,80.2434387207,79365,79375,10
13.0634202957,80.2435302734,79375,79385,10
13.0642404556,80.2435836792,79385,79395,10
13.0650596619,80.2435913086,79395,79405,10
13.0655002594,80.2435531616,79405,79425,20
13.0655002594,80.2435531616,79425,79435,10
13.065779686,80.2435073853,79435,79445,10
13.0662403107,80.2433929443,79445,79455,10
13.0665397644,80.243347168,79455,79465,10
13.0670700073,80.2431335449,79465,79476,11
13.067779541,80.2428283691,79476,79486,10
13.0685901642,80.2425765991,79486,79502,16
13.0695295334,80.2422409058,79502,79514,12
13.069849968,80.242149353,79514,79524,10
13.069899559,80.2421417236,79524,79534,10
13.0703496933,80.2420578003,79534,79544,10
13.0708904266,80.2418518066,79544,79554,10
13.0716400146,80.2415771484,79554,79564,10
13.0723800659,80.2411193848,79564,79574,10
13.0731897354,80.2407989502,79574,79585,11
13.0740499496,80.2405776978,79585,79595,10
13.0751199722,80.240562439,79595,79604,9
13.0761203766,80.2405471802,79604,79615,11
13.0769300461,80.2406234741,79615,79625,10
13.0770196915,80.2399368286,79625,79635,10
13.0767803192,80.2389984131,79635,79645,10
13.0765695572,80.2382202148,79645,79655,10
13.0764598846,80.2377090454,79655,79665,10
13.0764102936,80.2374572754,79665,79675,10
13.0763702393,80.2372589111,79675,79686,11
13.0762395859,80.2366409302,79686,79696,10
13.0761404037,80.2358322144,79696,79706,10
13.0759401321,80.234916687,79706,79716,10
13.075750351,80.2341003418,79716,79726,10
13.0760698318,80.2338027954,79726,79736,10
13.0767498016,80.2337112427,79736,79746,10
13.0770196915,80.2336883545,79746,79756,10
13.0775499344,80.2336196899,79756,79766,10
13.0783395767,80.2335968018,79766,79776,10
13.0791397095,80.2335662842,79776,79787,11
13.080039978,80.2335586548,79787,79797,10
13.0804100037,80.2335586548,79797,79807,10
13.0805301666,80.2335891724,79807,79817,10
13.0810604095,80.2335662842,79817,79827,10
13.0818195343,80.2336120605,79827,79837,10
13.0819702148,80.2331695557,79837,79847,10
13.0821199417,80.2324066162,79847,79857,10
13.0824098587,80.2315216064,79857,79867,10
13.0825099945,80.2312698364,79867,79877,10
13.0826797485,80.2308273315,79877,79887,10
13.0830402374,80.2307434082,79887,79898,11
13.0830898285,80.2315292358,79898,79908,10
13.0831604004,80.2325363159,79908,79918,10
13.0833501816,80.2333679199,79918,79928,10
13.0833997726,80.2336883545,79928,79938,10
13.083729744,80.2339172363,79938,79948,10
13.0839796066,80.2340011597,79948,79958,10
13.0841999054,80.2340621948,79958,79968,10
13.0847597122,80.2341995239,79968,79978,10
13.0850496292,80.2342605591,79978,79988,10
13.0854196548,80.2343521118,79988,79998,10
13.0860500336,80.2344970703,79998,80009,11
13.0868501663,80.2346191406,80009,80019,10
13.087679863,80.2345275879,80019,80035,16
13.0880002975,80.2332305908,80035,80047,12
13.0883398056,80.231880188,80047,80057,10
13.0886297226,80.2310562134,80057,80067,10
13.0888595581,80.2305374146,80067,80076,9
13.0888900757,80.2304992676,80076,80087,11
13.0890398026,80.2301712036,80087,80097,10
13.0892601013,80.2297363281,80097,80107,10
13.0897502899,80.229057312,80107,80118,11
13.0904998779,80.2282333374,80118,80126,8
13.0910596848,80.2276229858,80126,80138,12
13.0914201736,80.2272415161,80138,80148,10
13.0915803909,80.2270736694,80148,80158,10
13.0920095444,80.2266311646,80158,80168,10
13.0926704407,80.2259597778,80168,80178,10
13.0933799744,80.225227356,80178,80188,10
13.0935001373,80.2251205444,80188,80198,10
13.0937900543,80.2247924805,80198,80208,10
13.0942802429,80.2241516113,80208,80219,11
13.0949602127,80.2231216431,80219,80229,10
13.0952796936,80.2223129272,80229,80239,10
13.0953998566,80.2220611572,80239,80249,10
13.0956201553,80.2214431763,80249,80259,10
13.0959300995,80.2205734253,80259,80269,10
13.0962400436,80.2196807861,80269,80279,10
13.0964603424,80.2190628052,80279,80289,10
13.0966901779,80.2182922363,80289,80299,10
13.0969896317,80.2174224854,80299,80309,10
13.0971899033,80.2168426514,80309,80320,11
13.0972604752,80.2166824341,80320,80330,10
13.0974798203,80.2161178589,80330,80340,10
13.0978403091,80.2152709961,80340,80350,10
13.0982704163,80.214302063,80350,80360,10
13.0986299515,80.2139663696,80360,80370,10
13.099240303,80.2142562866,80370,80380,10
13.0999603271,80.2144622803,80380,80390,10
13.1004695892,80.2146224976,80390,80451,61
13.1004695892,80.2146224976,80451,80461,10
13.1005401611,80.2146606445,80461,80471,10
13.100520134,80.2149200439,80471,80481,10
13.1003198624,80.2153625488,80481,80491,10
13.1000099182,80.2160415649,80491,80501,10
13.0996999741,80.2167816162,80501,80511,10
13.0994796753,80.2175598145,80511,80521,10
13.0993204117,80.2184524536,80521,80532,11
13.0991802216,80.2193374634,80532,80542,10
13.0991201401,80.2197189331,80542,80552,10
13.09897995,80.2203979492,80552,80562,10
13.0988197327,80.2212600708,80562,80571,9
13.0986995697,80.2221374512,80571,80583,12
13.0988397598,80.2231674194,80583,80593,10
13.0992603302,80.2236785889,80593,80603,10
13.0995597839,80.2242126465,80603,80613,10
13.0997400284,80.224861145,80613,80623,10
13.0998601913,80.2255477905,80623,80633,10
13.0999403,80.2261962891,80633,80644,11
13.0999803543,80.2268981934,80644,80654,10
13.0999803543,80.2276077271,80654,80664,10
13.0999202728,80.2284011841,80664,80674,10
13.0998296738,80.2289428711,80674,80685,11
13.0997200012,80.2295608521,80685,80694,9
13.0995998383,80.2301177979,80694,80705,11
13.0994300842,80.2306900024,80705,80715,10
13.0991201401,80.2313995361,80715,80725,10
13.0988397598,80.2320785522,80725,80735,10
13.0986995697,80.2325973511,80735,80746,11
13.0986003876,80.2332077026,80746,80756,10
13.0985202789,80.2336807251,80756,80766,10
13.0985097885,80.2338485718,80766,80776,10
13.0984697342,80.2342987061,80776,80786,10
13.0983800888,80.2349777222,80786,80796,10
13.0982904434,80.2356033325,80796,80806,10
13.0982198715,80.2360992432,80806,80816,10
13.0981302261,80.236618042,80816,80826,10
13.0980300903,80.2372207642,80826,80836,10
13.0979204178,80.2378234863,80836,80846,10
13.0978097916,80.2382736206,80846,80857,11
13.0977096558,80.2389907837,80857,80867,10
13.0976896286,80.2394714355,80867,80877,10
13.0976696014,80.2397689819,80877,80887,10
13.0976400375,80.2402420044,80887,80897,10
13.0975904465,80.2408065796,80897,80907,10
13.0974998474,80.2414169312,80907,80917,10
13.097410202,80.2420120239,80917,80927,10
13.0974397659,80.2421417236,80927,80943,16
13.0980501175,80.2423095703,80943,80955,12
13.0985498428,80.2423400879,80955,80966,11
13.0987100601,80.2421264648,80966,80976,10
13.0987701416,80.2418136597,80976,80986,10
13.0988197327,80.2415924072,80986,80996,10
13.0988101959,80.2412033081,80996,81167,171
13.0988101959,80.2412033081,81167,81178,11
13.0988702774,80.2409973145,81178,81188,10
13.0989704132,80.2407913208,81188,81198,10
13.0988998413,80.2404632568,81198,81258,60
13.0988798141,80.2403335571,81258,81390,132
13.0988798141,80.2403335571,81390,81400,10
13.0989303589,80.2402801514,81400,81410,10
13.099029541,80.2401504517,81410,81420,10
13.0991802216,80.2403717041,81420,81430,10
13.0990896225,80.2406311035,81430,81440,10
13.0990400314,80.2408599854,81440,81450,10
13.0989704132,80.2410583496,81450,81460,10
