12.9983997345,80.2568588257,19,39,20
12.998290062,80.2569732666,39,3599,3560
12.9984798431,80.2568664551,3599,4682,1083
12.9984798431,80.2568664551,4682,4692,10
12.9983997345,80.2569503784,4692,7696,3004
12.9984798431,80.2569732666,7696,9010,1314
12.9984798431,80.2569580078,9010,9961,951
12.998459816,80.2568588257,9961,14383,4422
12.998459816,80.2568588257,14383,14393,10
12.998169899,80.2570877075,14393,14636,243
12.9977998734,80.2570571899,14636,14949,313
12.9978399277,80.2566986084,14949,18530,3581
12.9978399277,80.2566986084,18530,18540,10
12.997759819,80.2565231323,18540,18570,30
12.997759819,80.2565231323,18570,18580,10
12.9977798462,80.2562408447,18580,18671,91
12.9977798462,80.2562408447,18671,18681,10
12.9978103638,80.2558822632,18681,18691,10
12.9979801178,80.2559204102,18691,18701,10
12.9983596802,80.2559280396,18701,18742,41
12.9985399246,80.2560806274,18742,19197,455
12.9986400604,80.2559967041,19197,19328,131
12.9986400604,80.2559967041,19328,19339,11
12.9985303879,80.2560806274,19339,19450,111
12.9985799789,80.2559967041,19450,19837,387
12.9985799789,80.2559967041,19837,19846,9
12.998749733,80.2560806274,19846,19857,11
12.9990196228,80.256111145,19857,19868,11
12.9996099472,80.2562332153,19868,19878,10
13.0003204346,80.256362915,19878,19888,10
13.0010995865,80.256477356,19888,19898,10
13.0018701553,80.2565765381,19898,19908,10
13.002699852,80.2567214966,19908,19918,10
13.0035400391,80.2568817139,19918,19928,10
13.0043897629,80.2570266724,19928,19938,10
13.0053300858,80.2572021484,19938,19948,10
13.0061597824,80.2574005127,19948,19959,11
13.0065603256,80.2571563721,19959,19969,10
13.0065402985,80.2564926147,19969,19979,10
13.0065202713,80.2556610107,19979,19989,10
13.0065402985,80.2547607422,19989,19999,10
13.0065202713,80.2537612915,19999,20009,10
13.0065202713,80.2530822754,20009,20019,10
13.0065803528,80.2521972656,20019,20029,10
13.0067300797,80.2515029907,20029,20039,10
13.0067195892,80.250793457,20039,20050,11
13.0066900253,80.249786377,20050,20060,10
13.0066795349,80.2487182617,20060,20070,10
13.006649971,80.2475662231,20070,20090,20
13.006649971,80.2475662231,20090,20100,10
13.0066604614,80.2473068237,20100,20110,10
13.0066604614,80.2468109131,20110,20120,10
13.006649971,80.2459564209,20120,20130,10
13.0066404343,80.2449569702,20130,20141,11
13.0066204071,80.2439727783,20141,20151,10
13.0066099167,80.2430419922,20151,20161,10
13.0065898895,80.2420806885,20161,20171,10
13.0066404343,80.2411804199,20171,20181,10
13.006819725,80.2403869629,20181,20191,10
13.0069799423,80.2394485474,20191,20201,10
13.0071496964,80.2384033203,20201,20211,10
13.0073404312,80.2375030518,20211,20221,10
13.007519722,80.2365493774,20221,20232,11
13.0077295303,80.2355194092,20232,20242,10
13.0079097748,80.2345275879,20242,20252,10
13.0081100464,80.2335510254,20252,20262,10
13.0082998276,80.2325515747,20262,20272,10
13.0085096359,80.2314834595,20272,20282,10
13.0087203979,80.2303771973,20282,20292,10
13.008939743,80.2293395996,20292,20302,10
13.0091199875,80.2284317017,20302,20312,10
13.0095300674,80.2273712158,20312,20323,11
13.010020256,80.2263031006,20323,20333,10
13.0104703903,80.225402832,20333,20343,10
13.010840416,80.2245635986,20343,20353,10
13.0114202499,80.2232666016,20353,20373,20
13.0114202499,80.2232666016,20373,20383,10
13.0116100311,80.2227935791,20383,20393,10
13.0119304657,80.2219696045,20393,20403,10
13.0122900009,80.2214736938,20403,20414,11
13.0124502182,80.2216033936,20414,20424,10
13.0127897263,80.2220993042,20424,20434,10
13.0133600235,80.2227172852,20434,20444,10
13.0139303207,80.2233886719,20444,20454,10
13.0142602921,80.223777771,20454,20464,10
13.014670372,80.2242507935,20464,20474,10
13.0152101517,80.2248001099,20474,20484,10
13.0157604218,80.2252502441,20484,20494,10
13.0164899826,80.2253036499,20494,20505,11
13.0174798965,80.224937439,20505,20515,10
13.0183601379,80.2245864868,20515,20525,10
13.0191497803,80.2243728638,20525,20535,10
13.0199699402,80.2247085571,20535,20545,10
13.0207796097,80.2252807617,20545,20555,10
13.0215196609,80.2258300781,20555,20565,10
13.0223197937,80.2264633179,20565,20575,10
13.0232000351,80.227180481,20575,20585,10
13.0239601135,80.227897644,20585,20596,11
13.0244102478,80.2284011841,20596,20646,50
13.0244102478,80.2284011841,20646,20656,10
13.0244102478,80.2286071777,20656,20666,10
13.0242204666,80.2286224365,20666,20676,10
13.0239295959,80.2282409668,20676,20687,11
13.0234203339,80.227722168,20687,20737,50
13.0234203339,80.227722168,20737,20747,10
13.0233001709,80.2275238037,20747,20757,10
13.0231103897,80.2273178101,20757,20767,10
13.0229501724,80.227180481,20767,20778,11
13.0225601196,80.2267990112,20778,20788,10
13.0220603943,80.2263412476,20788,20798,10
13.0215501785,80.2259521484,20798,20808,10
13.0210800171,80.2256011963,20808,20818,10
13.0208396912,80.2254562378,20818,20828,10
13.0203895569,80.2251663208,20828,20838,10
13.0197896957,80.2247390747,20838,20848,10
13.0195398331,80.2246322632,20848,20858,10
13.0193901062,80.2245635986,20858,20869,11
13.0187702179,80.2245330811,20869,20879,10
13.0180397034,80.224822998,20879,20889,10
13.0171804428,80.2251663208,20889,20899,10
13.0165596008,80.2253723145,20899,20909,10
13.0164299011,80.2253570557,20909,20919,10
13.0161800385,80.225402832,20919,20929,10
13.0160398483,80.225479126,20929,20939,10
13.0156602859,80.2257232666,20939,20949,10
13.0149698257,80.226020813,20949,20960,11
13.0143499374,80.2262573242,20960,20970,10
13.0143203735,80.226272583,20970,20980,10
13.0142202377,80.2263183594,20980,20990,10
13.0137996674,80.2264633179,20990,21000,10
13.0131502151,80.2267074585,21000,21010,10
13.0123300552,80.2270202637,21010,21020,10
13.0113897324,80.2274017334,21020,21030,10
13.010430336,80.2278137207,21030,21040,10
13.0094995499,80.2282028198,21040,21051,11
13.0090799332,80.2290725708,21051,21061,10
13.0088701248,80.2301177979,21061,21071,10
13.0086402893,80.2312469482,21071,21081,10
13.0084400177,80.232460022,21081,21091,10
13.0083303452,80.2332992554,21091,21101,10
13.0082902908,80.2333984375,21101,21111,10
13.0081996918,80.2337188721,21111,21121,10
13.0080699921,80.2343215942,21121,21132,11
13.0078601837,80.2352600098,21132,21142,10
13.0076799393,80.2362213135,21142,21152,10
13.0074796677,80.2372817993,21152,21162,10
13.0072803497,80.2383117676,21162,21172,10
13.0071296692,80.2391433716,21172,21182,10
13.0069999695,80.2399368286,21182,21233,51
13.0069999695,80.2399368286,21233,21243,10
13.0069599152,80.2405776978,21243,21253,10
13.0069103241,80.2407913208,21253,21263,10
13.0068502426,80.2411499023,21263,21273,10
13.0067901611,80.2419662476,21273,21283,10
13.0067396164,80.2429962158,21283,21293,10
13.0067300797,80.2439727783,21293,21303,10
13.0067100525,80.245010376,21303,21314,11
13.0067396164,80.2461776733,21314,21324,10
13.0067796707,80.2470016479,21324,21334,10
13.0066795349,80.2473983765,21334,21344,10
13.0062198639,80.2474594116,21344,21354,10
13.006070137,80.2474517822,21354,21364,10
13.0055503845,80.2473983765,21364,21374,10
13.0047397614,80.2474212646,21374,21384,10
13.0037403107,80.2475204468,21384,21394,10
13.0025901794,80.2477111816,21394,21405,11
13.0012903214,80.248046875,21405,21415,10
13.0001001358,80.2483596802,21415,21425,10
12.9989099503,80.2486572266,21425,21435,10
12.997759819,80.2489471436,21435,21445,10
12.9972000122,80.2490692139,21445,21455,10
12.9969100952,80.249130249,21455,21465,10
12.9962902069,80.2492675781,21465,21475,10
12.9955301285,80.249458313,21475,21485,10
12.9946098328,80.2497177124,21485,21496,11
12.9935102463,80.2500076294,21496,21506,10
12.992389679,80.2502975464,21506,21516,10
12.9914398193,80.250579834,21516,21526,10
12.9911298752,80.2506484985,21526,21536,10
12.9909601212,80.2506484985,21536,21546,10
12.9903802872,80.250793457,21546,21556,10
12.9895401001,80.2510223389,21556,21566,10
12.9885997772,80.2512512207,21566,21575,9
12.9879398346,80.2514190674,21575,21647,72
12.9879398346,80.2514190674,21647,21657,10
12.9877996445,80.251449585,21657,21667,10
12.9873504639,80.2515563965,21667,21678,11
12.9865503311,80.2517929077,21678,21688,10
12.9857597351,80.2519836426,21688,21698,10
12.9848203659,80.2522201538,21698,21708,10
12.9838199615,80.2525024414,21708,21718,10
12.982749939,80.2526779175,21718,21728,10
12.9816303253,80.2527084351,21728,21738,10
12.9805603027,80.252746582,21738,21748,10
12.9797697067,80.2527389526,21748,21758,10
12.9789600372,80.2526626587,21758,21769,11
12.9785995483,80.2525863647,21769,21779,10
12.978219986,80.2523422241,21779,21789,10
12.9775695801,80.2517700195,21789,21799,10
12.9766101837,80.2512893677,21799,21809,10
12.9755601883,80.2509613037,21809,21819,10
12.9744501114,80.250617981,21819,21829,10
12.9732904434,80.2502975464,21829,21839,10
12.9720401764,80.2499771118,21839,21849,10
12.9707803726,80.2496414185,21849,21860,11
12.9694099426,80.249130249,21860,21870,10
12.9681901932,80.2486419678,21870,21880,10
12.9670801163,80.2481384277,21880,21890,10
12.9660396576,80.2476806641,21890,21900,10
12.965180397,80.2473983765,21900,21910,10
12.9650802612,80.2473602295,21910,21920,10
12.9646997452,80.2472000122,21920,21930,10
12.9640102386,80.2469482422,21930,21940,10
12.9631795883,80.2465820313,21940,21951,11
12.962100029,80.2460327148,21951,21961,10
12.9610395432,80.2455215454,21961,21971,10
12.960100174,80.2451019287,21971,21981,10
12.9594097137,80.2448272705,21981,21991,10
12.9593000412,80.244758606,21991,22001,10
12.958820343,80.2445373535,22001,22011,10
12.9580802917,80.2442092896,22011,22021,10
12.9574899673,80.2440032959,22021,22031,10
12.9567499161,80.2437591553,22031,22042,11
12.9563798904,80.2436294556,22042,22052,10
12.9559497833,80.2434387207,22052,22062,10
12.9551696777,80.2430419922,22062,22072,10
12.9542303085,80.2426376343,22072,22082,10
12.9533195496,80.2422790527,22082,22092,10
12.952460289,80.2419281006,22092,22102,10
12.9517698288,80.2416915894,22102,22112,10
12.9516296387,80.2416534424,22112,22122,10
12.951089859,80.2414703369,22122,22133,11
12.9501895905,80.2412109375,22133,22143,10
12.9491901398,80.2408905029,22143,22153,10
12.9482297897,80.2404937744,22153,22163,10
12.9473495483,80.2401199341,22163,22173,10
12.9471597672,80.2400436401,22173,22183,10
12.9469099045,80.2399291992,22183,22193,10
12.9462795258,80.2396621704,22193,22203,10
12.9454402924,80.2392730713,22203,22213,10
12.9446601868,80.2385406494,22213,22224,11
12.9439201355,80.2377166748,22224,22234,10
12.9433603287,80.2371520996,22234,22244,10
12.9426698685,80.236618042,22244,22254,10
12.9417695999,80.236328125,22254,22264,10
12.9409599304,80.2361221313,22264,22274,10
12.940079689,80.2358627319,22274,22284,10
12.9391698837,80.235458374,22284,22294,10
12.9380903244,80.2349014282,22294,22304,10
12.9369001389,80.2343215942,22304,22315,11
12.9356603622,80.2337417603,22315,22325,10
12.934510231,80.233253479,22325,22335,10
12.933839798,80.232963562,22335,22345,10
12.9336900711,80.2328872681,22345,22355,10
12.9331703186,80.2326507568,22355,22365,10
12.9323396683,80.2323226929,22365,22375,10
12.9312801361,80.2319564819,22375,22385,10
12.9301300049,80.2316207886,22385,22395,10
12.9289398193,80.2313613892,22395,22406,11
12.9275999069,80.2311477661,22406,22416,10
12.926440239,80.2310409546,22416,22426,10
12.926150322,80.231010437,22426,22436,10
12.9257497787,80.23097229,22436,22446,10
12.9250001907,80.2308807373,22446,22456,10
12.9239997864,80.230758667,22456,22466,10
12.9227895737,80.2305831909,22466,22476,10
12.9214801788,80.2303771973,22476,22486,10
12.9201402664,80.23021698,22486,22497,11
12.9186897278,80.2300186157,22497,22507,10
12.9174203873,80.2298583984,22507,22517,10
12.916179657,80.2296829224,22517,22527,10
12.9149303436,80.2295074463,22527,22537,10
12.913769722,80.2293624878,22537,22547,10
12.9133901596,80.2293319702,22547,22557,10
12.9129896164,80.2292480469,22557,22567,10
12.9121999741,80.2291412354,22567,22577,10
12.9110603333,80.2289581299,22577,22588,11
12.9098997116,80.2287597656,22588,22598,10
12.908659935,80.228553772,22598,22608,10
12.9074802399,80.2283935547,22608,22618,10
12.9065103531,80.2282791138,22618,22628,10
12.9062795639,80.2282867432,22628,22638,10
12.9059896469,80.2282562256,22638,22648,10
12.9051504135,80.2282028198,22648,22658,10
12.9041996002,80.2281570435,22658,22669,11
12.9030399323,80.2281036377,22669,22679,10
12.902009964,80.2280502319,22679,22689,10
12.9010400772,80.228012085,22689,22770,81
12.9010400772,80.228012085,22770,22780,10
12.9009304047,80.2279663086,22780,22790,10
12.9005203247,80.2279510498,22790,22800,10
12.8995199203,80.227897644,22800,22840,40
12.8995199203,80.227897644,22840,22851,11
12.8993701935,80.2278900146,22851,22861,10
12.8988199234,80.2278366089,22861,22871,10
12.8980503082,80.2277908325,22871,22881,10
12.8970499039,80.227722168,22881,22891,10
12.895939827,80.2276611328,22891,22901,10
12.8947896957,80.2276077271,22901,22911,10
12.8936004639,80.2275238037,22911,22921,10
12.8927297592,80.2274475098,22921,22931,10
12.892660141,80.2274475098,22931,22942,11
12.8922595978,80.2274169922,22942,22952,10
12.8915500641,80.2274093628,22952,22962,10
12.8905601501,80.2274093628,22962,22972,10
12.8893995285,80.2274093628,22972,22982,10
12.8882198334,80.2273635864,22982,22992,10
12.8870601654,80.2272033691,22992,23002,10
12.8858604431,80.2269134521,23002,23012,10
12.8849496841,80.2267532349,23012,23022,10
12.8848896027,80.2267532349,23022,23033,11
12.884469986,80.2267303467,23033,23043,10
12.8837003708,80.2267303467,23043,23053,10
12.8827199936,80.2267608643,23053,23063,10
12.8816299438,80.2267837524,23063,23073,10
12.8805398941,80.2267532349,23073,23083,10
12.8793697357,80.2267837524,23083,23093,10
12.878080368,80.2268600464,23093,23103,10
12.876950264,80.2269515991,23103,23113,10
12.8765001297,80.2269973755,23113,23124,11
12.8763999939,80.2269973755,23124,23134,10
12.8760004044,80.2269973755,23134,23144,10
12.8752803802,80.2269592285,23144,23154,10
12.8743600845,80.2268371582,23154,23164,10
12.8728599548,80.2267379761,23164,23184,20
12.8728599548,80.2267379761,23184,23194,10
12.8725700378,80.2267379761,23194,23204,10
12.8719396591,80.2267303467,23204,23215,11
12.8709697723,80.2266769409,23215,23225,10
12.8699102402,80.2265930176,23225,23235,10
12.8687496185,80.2264480591,23235,23245,10
12.8675403595,80.2264709473,23245,23255,10
12.8663301468,80.2265930176,23255,23265,10
12.8651599884,80.2266235352,23265,23275,10
12.8638896942,80.2265701294,23275,23285,10
12.8626003265,80.2265701294,23285,23295,10
12.8614501953,80.2266311646,23295,23306,11
12.8611001968,80.2266387939,23306,23316,10
12.8607902527,80.2266082764,23316,23326,10
12.8600597382,80.2265167236,23326,23336,10
12.8591403961,80.2263870239,23336,23346,10
12.8585996628,80.2263183594,23346,23356,10
12.8578500748,80.2262802124,23356,23366,10
12.8569002151,80.226348877,23366,23376,10
12.8557395935,80.2264709473,23376,23386,10
12.8544502258,80.2266082764,23386,23397,11
12.85297966,80.2267303467,23397,23407,10
12.8516302109,80.2266921997,23407,23417,10
12.8504400253,80.2266464233,23417,23427,10
12.8497400284,80.2266387939,23427,23437,10
12.8495597839,80.2266311646,23437,23447,10
12.8489398956,80.2266235352,23447,23457,10
12.8480300903,80.2266235352,23457,23467,10
12.8468999863,80.2266387939,23467,23477,10
12.8458404541,80.2266387939,23477,23488,11
12.8453702927,80.2266464233,23488,23498,10
12.8452396393,80.2266387939,23498,23508,10
12.84471035,80.2266616821,23508,23518,10
12.8438396454,80.2267608643,23518,23528,10
12.8427400589,80.2269363403,23528,23538,10
12.8415002823,80.2272109985,23538,23548,10
12.8404598236,80.2275085449,23548,23558,10
12.8400001526,80.2276763916,23558,23568,10
12.8398704529,80.2277374268,23568,23619,51
12.8398704529,80.2277374268,23619,23629,10
12.8393697739,80.2278594971,23629,23639,10
12.8386602402,80.2279891968,23639,23649,10
12.837679863,80.2282180786,23649,23659,10
12.8364896774,80.2284011841,23659,23670,11
12.835100174,80.2285995483,23670,23680,10
12.833820343,80.2288284302,23680,23690,10
12.8326597214,80.229057312,23690,23700,10
12.8322601318,80.2291412354,23700,23710,10
12.8320198059,80.2291870117,23710,23720,10
12.8318004608,80.2292480469,23720,23730,10
12.8312997818,80.2293624878,23730,23740,10
12.8304796219,80.2296600342,23740,23750,10
12.8293304443,80.2300872803,23750,23761,11
12.8282604218,80.2306518555,23761,23771,10
12.8270998001,80.2312164307,23771,23781,10
12.825799942,80.2313919067,23781,23791,10
12.8245096207,80.2313308716,23791,23801,10
12.8232803345,80.2310028076,23801,23811,10
12.8220701218,80.2306289673,23811,23821,10
12.8211097717,80.2304763794,23821,23831,10
12.8201198578,80.230506897,23831,23841,10
12.8191404343,80.2305221558,23841,23852,11
12.8188695908,80.2304916382,23852,23862,10
12.8184404373,80.2303009033,23862,23872,10
12.8176603317,80.2299118042,23872,23882,10
12.8166103363,80.2295379639,23882,23892,10
12.8153600693,80.2293624878,23892,23902,10
12.814040184,80.2291412354,23902,23912,10
12.8127603531,80.2286987305,23912,23922,10
12.8114500046,80.2282333374,23922,23933,11
12.8100500107,80.2276687622,23933,23943,10
12.8090896606,80.2271575928,23943,23953,10
12.8081903458,80.2264480591,23953,23963,10
12.8072795868,80.2256774902,23963,23973,10
12.8064899445,80.2249832153,23973,23983,10
12.8057603836,80.2243423462,23983,23993,10
12.8050899506,80.2240371704,23993,24003,10
12.8050003052,80.2240066528,24003,24013,10
12.8046302795,80.2239379883,24013,24024,11
12.8038196564,80.2238616943,24024,24034,10
12.80286026,80.2237625122,24034,24044,10
12.8017196655,80.2236404419,24044,24054,10
12.8009500504,80.2235870361,24054,24064,10
12.8006896973,80.2235717773,24064,24074,10
12.8000297546,80.2234802246,24074,24084,10
12.7990503311,80.2233963013,24084,24094,10
12.7977600098,80.2232589722,24094,24104,10
12.7964401245,80.2230377197,24104,24115,11
12.7958698273,80.2229614258,24115,24125,10
12.7954702377,80.2228927612,24125,24135,10
12.794670105,80.2227325439,24135,24145,10
12.7936000824,80.2225570679,24145,24155,10
12.7923498154,80.2223434448,24155,24165,10
12.7910604477,80.2220306396,24165,24175,10
12.789899826,80.2217330933,24175,24185,10
12.7889900208,80.2214126587,24185,24195,10
12.7880897522,80.2210617065,24195,24206,11
12.7870998383,80.2206802368,24206,24236,30
12.7870998383,80.2206802368,24236,24246,10
12.786939621,80.2205886841,24246,24256,10
12.7865495682,80.2204437256,24256,24266,10
12.7862997055,80.2203521729,24266,24276,10
12.7861995697,80.2204971313,24276,24286,10
12.7861995697,80.2208099365,24286,24297,11
12.7862195969,80.221206665,24297,24307,10
12.7863197327,80.2216796875,24307,24317,10
12.7862596512,80.2219390869,24317,26269,1952
12.7862596512,80.2219390869,26269,26279,10
12.7862596512,80.2216415405,26279,26289,10
12.7862501144,80.2213363647,26289,26299,10
12.786239624,80.2209625244,26299,26309,10
12.7862195969,80.2205505371,26309,26350,41
12.7864704132,80.2203598022,26350,26370,20
12.7864704132,80.2203598022,26370,26380,10
12.7868003845,80.2205429077,26380,26390,10
12.7873601913,80.2207565308,26390,26400,10
12.7881402969,80.2210464478,26400,26410,10
12.7889699936,80.2213821411,26410,26420,10
12.7895298004,80.221572876,26420,26430,10
12.7897996902,80.2216796875,26430,26441,11
12.7902202606,80.2218017578,26441,26451,10
12.7909402847,80.2219772339,26451,26461,10
12.7918996811,80.2222213745,26461,26471,10
12.7931499481,80.2224578857,26471,26481,10
12.7945404053,80.2226715088,26481,26491,10
12.7958202362,80.2228775024,26491,26501,10
12.7970695496,80.2231216431,26501,26511,10
12.7984304428,80.2233200073,26511,26521,10
12.7998199463,80.223449707,26521,26532,11
12.8012399673,80.2235565186,26532,26542,10
12.8015003204,80.2235794067,26542,26552,10
12.8018703461,80.2236480713,26552,26562,10
12.8025999069,80.223739624,26562,26572,10
12.8035402298,80.2238464355,26572,26582,10
12.8045396805,80.2239227295,26582,26592,10
12.8053398132,80.224067688,26592,26602,10
12.8055000305,80.2241134644,26602,26612,10
12.8058595657,80.224319458,26612,26623,11
12.8064603806,80.224861145,26623,26633,10
12.8071699142,80.2255020142,26633,26643,10
12.8079996109,80.2262496948,26643,26653,10
12.8089704514,80.2270812988,26653,26663,10
12.8101902008,80.227722168,26663,26673,10
12.8115501404,80.2282714844,26673,26683,10
12.8129501343,80.228767395,26683,26693,10
12.814330101,80.2291793823,26693,26703,10
12.8157701492,80.2293930054,26703,26714,11
12.8173503876,80.2297210693,26714,26724,10
12.8186702728,80.2303390503,26724,26734,10
12.8197402954,80.23046875,26734,26744,10
12.8201904297,80.2304534912,26744,26754,10
12.8210401535,80.2304611206,26754,26764,10
12.8221797943,80.2306289673,26764,26774,10
12.8234500885,80.2310180664,26774,26784,10
12.8247203827,80.2313232422,26784,26794,10
12.8258199692,80.2313613892,26794,26805,11
12.8270301819,80.2312393188,26805,26815,10
12.8282203674,80.2306518555,26815,26825,10
12.8294696808,80.2300262451,26825,26835,10
12.8306303024,80.2295532227,26835,26845,10
12.8310203552,80.2293930054,26845,26855,10
12.8311796188,80.229347229,26855,26865,10
12.8314304352,80.2292709351,26865,26875,10
12.8318500519,80.2291488647,26875,26886,11
12.8326702118,80.2289733887,26886,26896,10
12.8337097168,80.2287826538,26896,26906,10
12.8349504471,80.2285919189,26906,26916,10
12.8362703323,80.2284011841,26916,26925,9
12.8374996185,80.2282028198,26925,26936,11
12.8388395309,80.227897644,26936,26946,10
12.8394603729,80.2276992798,26946,26966,20
12.8394603729,80.2276992798,26966,26977,11
12.8398199081,80.2275772095,26977,26987,10
12.8405399323,80.227432251,26987,26997,10
12.8414697647,80.2271575928,26997,27007,10
12.8426198959,80.2268676758,27007,27017,10
12.843919754,80.2266616821,27017,27027,10
12.8450899124,80.2265396118,27027,27037,10
12.8454399109,80.2265319824,27037,27047,10
12.8456497192,80.2265319824,27047,27057,10
12.8459100723,80.2265319824,27057,27068,11
12.8465299606,80.2265396118,27068,27078,10
12.847410202,80.2265319824,27078,27088,10
12.8484697342,80.2265319824,27088,27098,10
12.8496303558,80.2265167236,27098,27108,10
12.850060463,80.2265014648,27108,27118,10
12.8501195908,80.2265090942,27118,27128,10
12.8505897522,80.2265167236,27128,27138,10
12.8514204025,80.2265625,27138,27148,10
12.8524303436,80.2266235352,27148,27159,11
12.8539199829,80.2265625,27159,27169,10
12.8553800583,80.2264099121,27169,27179,10
12.8569097519,80.2262420654,27179,27189,10
12.8582801819,80.2261810303,27189,27199,10
12.8594999313,80.2263183594,27199,27209,10
12.8605699539,80.2264709473,27209,27219,10
12.8607196808,80.2264862061,27219,27229,10
12.8610696793,80.2265167236,27229,27239,10
12.861869812,80.2265014648,27239,27250,11
12.8630399704,80.2264480591,27250,27260,10
12.8642997742,80.2265014648,27260,27270,10
12.8656997681,80.2265396118,27270,27280,10
12.8671102524,80.2264480591,27280,27290,10
12.8685503006,80.2263565063,27290,27300,10
12.8699998856,80.2265167236,27300,27310,10
12.8714599609,80.2266311646,27310,27320,10
12.8726100922,80.2266082764,27320,27330,10
12.8728599548,80.2266235352,27330,27341,11
12.8730201721,80.2266387939,27341,27351,10
12.8735799789,80.2266616821,27351,27361,10
12.8744697571,80.2267684937,27361,27371,10
12.8755598068,80.2268981934,27371,27381,10
12.8762197495,80.2269210815,27381,27391,10
12.8763999939,80.2268829346,27391,27401,10
12.8764896393,80.2268676758,27401,27411,10
12.8765802383,80.2268676758,27411,27421,10
12.8767004013,80.2268676758,27421,27432,11
12.876950264,80.2268600464,27432,27442,10
12.8776102066,80.2268218994,27442,27452,10
12.8785400391,80.2267532349,27452,27462,10
12.8796796799,80.2267074585,27462,27472,10
12.8809404373,80.2266998291,27472,27482,10
12.8823003769,80.2266769409,27482,27492,10
12.8837203979,80.2266616821,27492,27502,10
12.8849201202,80.2266387939,27502,27512,10
12.8852100372,80.2266616821,27512,27523,11
12.8854999542,80.2267074585,27523,27533,10
12.8861703873,80.2268829346,27533,27543,10
12.8871002197,80.2271194458,27543,27553,10
12.8882799149,80.2272796631,27553,27563,10
12.8895397186,80.2273101807,27563,27573,10
12.8908901215,80.2273101807,27573,27583,10
12.8919095993,80.2273025513,27583,27593,10
12.8923101425,80.2273025513,27593,27603,10
12.8929100037,80.2273712158,27603,27614,11
12.8937902451,80.2274932861,27614,27624,10
12.8947401047,80.2275695801,27624,27634,10
12.8956403732,80.2276382446,27634,27644,10
12.8968400955,80.2276763916,27644,27654,10
12.8981704712,80.2277526855,27654,27664,10
12.8993396759,80.2278137207,27664,27674,10
12.8999595642,80.2277984619,27674,27715,41
12.8999595642,80.2277984619,27715,27725,10
12.900179863,80.2278213501,27725,27735,10
12.9004096985,80.2278137207,27735,27755,20
12.9004096985,80.2278137207,27755,27765,10
12.9006500244,80.2278366089,27765,27775,10
12.9009799957,80.2278900146,27775,27785,10
12.901550293,80.2279815674,27785,27796,11
12.9023199081,80.2279815674,27796,27806,10
12.9026098251,80.2279815674,27806,27816,10
12.902879715,80.2279891968,27816,27826,10
12.9034996033,80.2280273438,27826,27836,10
12.9043502808,80.2280731201,27836,27846,10
12.9053497314,80.2281265259,27846,27856,10
12.906080246,80.2281417847,27856,27887,31
12.906080246,80.2281417847,27887,27897,10
12.9061899185,80.2281417847,27897,27907,10
12.9063997269,80.2281570435,27907,27917,10
12.9067401886,80.2282028198,27917,27927,10
12.9069404602,80.2282409668,27927,27937,10
12.9072303772,80.2282867432,27937,27947,10
12.9078798294,80.2283782959,27947,27957,10
12.9088096619,80.228553772,27957,27967,10
12.9099397659,80.2287368774,27967,27978,11
12.9113397598,80.2289505005,27978,27988,10
12.9125995636,80.229133606,27988,27998,10
12.9139299393,80.2292861938,27998,28028,30
12.9139299393,80.2292861938,28028,28038,10
12.9144201279,80.2293624878,28038,28048,10
12.9151697159,80.2294769287,28048,28058,10
12.9161901474,80.2296218872,28058,28069,11
12.9174203873,80.2297973633,28069,28079,10
12.9185695648,80.2299423218,28079,28089,10
12.9198503494,80.2301330566,28089,28099,10
12.9212598801,80.2303009033,28099,28109,10
12.9227104187,80.2305221558,28109,28119,10
12.9241504669,80.23072052,28119,28129,10
12.9255800247,80.2308578491,28129,28139,10
12.9264001846,80.2309417725,28139,28149,10
12.926609993,80.2309570313,28149,28160,11
12.927280426,80.2310409546,28160,28170,10
12.9281797409,80.2311630249,28170,28180,10
12.9292697906,80.231338501,28180,28190,10
12.9303398132,80.2316436768,28190,28200,10
12.931599617,80.2320175171,28200,28210,10
12.9328699112,80.2324371338,28210,28220,10
12.9335899353,80.2326889038,28220,28230,10
12.9336700439,80.2327194214,28230,28241,11
12.9339799881,80.2328796387,28241,28251,10
12.9345903397,80.2331695557,28251,28261,10
12.9353704453,80.2335205078,28261,28271,10
12.935839653,80.2337722778,28271,28281,10
12.9361200333,80.2339019775,28281,28291,10
12.9366903305,80.234161377,28291,28301,10
12.9374704361,80.2345581055,28301,28311,10
12.9383897781,80.2350082397,28311,28321,10
12.939740181,80.2356796265,28321,28342,21
12.939740181,80.2356796265,28342,28352,10
12.9400701523,80.2358322144,28352,28362,10
12.9407396317,80.236038208,28362,28372,10
12.9416303635,80.2362518311,28372,28382,10
12.9426603317,80.2365570068,28382,28392,10
12.9436302185,80.2372817993,28392,28402,10
12.9443998337,80.2381820679,28402,28412,10
12.9454898834,80.2392272949,28412,28423,11
12.9468002319,80.2397689819,28423,28433,10
12.9472999573,80.239982605,28433,28443,10
12.9474802017,80.2400588989,28443,28453,10
12.9479904175,80.2402801514,28453,28463,10
12.948849678,80.2406234741,28463,28503,40
12.948849678,80.2406234741,28503,28514,11
12.9489297867,80.2406463623,28514,28524,10
12.9493198395,80.2408065796,28524,28534,10
12.9500303268,80.2410507202,28534,28544,10
12.9508895874,80.2412719727,28544,28554,10
12.9511995316,80.2413711548,28554,28564,10
12.9512996674,80.2414169312,28564,28574,10
12.9517498016,80.2416000366,28574,28584,10
12.9525003433,80.2418289185,28584,28593,9
12.9531602859,80.2421188354,28593,28605,12
12.954079628,80.2425079346,28605,28615,10
12.9548797607,80.2428283691,28615,28625,10
12.955619812,80.2431030273,28625,28635,10
12.956199646,80.2432937622,28635,28665,30
12.956199646,80.2432937622,28665,28675,10
12.9565200806,80.2434082031,28675,28685,10
12.9570903778,80.2436599731,28685,28696,11
12.9580001831,80.2440719604,28696,28706,10
12.958729744,80.2443618774,28706,28716,10
12.9588899612,80.2444534302,28716,28726,10
12.9590396881,80.2445602417,28726,28736,10
12.9595003128,80.2447662354,28736,28746,10
12.9602203369,80.2451019287,28746,28756,10
12.961139679,80.2455291748,28756,28766,10
12.9621601105,80.2460403442,28766,28776,10
12.9631996155,80.2465133667,28776,28787,11
12.9639997482,80.2469024658,28787,28797,10
12.9647502899,80.2471466064,28797,28807,10
12.9656896591,80.2474594116,28807,28817,10
12.9665498734,80.2478179932,28817,28827,10
12.9670000076,80.2480316162,28827,28837,10
12.9670095444,80.2480316162,28837,28847,10
12.9672603607,80.2482070923,28847,28857,10
12.9679298401,80.2484817505,28857,28867,10
12.9688196182,80.2488327026,28867,28878,11
12.9700202942,80.2493362427,28878,28888,10
12.9712600708,80.24974823,28888,28898,10
12.9725599289,80.2500762939,28898,28908,10
12.9738197327,80.2503967285,28908,28918,10
12.975110054,80.2507629395,28918,28928,10
12.9764003754,80.2511367798,28928,28938,10
12.9774999619,80.2515716553,28938,28948,10
12.9783401489,80.2521972656,28948,28958,10
12.9786195755,80.2523803711,28958,28969,11
12.9786300659,80.2523803711,28969,28979,10
12.9789800644,80.252532959,28979,28989,10
12.9798002243,80.2526397705,28989,29039,50
12.9798002243,80.2526397705,29039,29049,10
12.9800701141,80.2527236938,29049,29060,11
12.9807195663,80.2527084351,29060,29070,10
12.9815702438,80.2526626587,29070,29080,10
12.9826097488,80.2526168823,29080,29090,10
12.9836997986,80.2524795532,29090,29100,10
12.9846897125,80.2521972656,29100,29110,10
12.9852600098,80.2520065308,29110,29120,10
12.9852800369,80.2519989014,29120,29130,10
12.9855499268,80.2519073486,29130,29140,10
12.9856796265,80.2518768311,29140,29151,11
12.9862003326,80.251739502,29151,29161,10
12.9867095947,80.2516098022,29161,29171,10
12.9872503281,80.2514572144,29171,29181,10
12.9875602722,80.2513504028,29181,29302,121
12.9875602722,80.2513504028,29302,29312,10
12.9878396988,80.2513427734,29312,29323,11
12.9882602692,80.2511978149,29323,29333,10
12.9891796112,80.2509613037,29333,29343,10
12.9895000458,80.250869751,29343,29353,10
12.9898099899,80.2508010864,29353,29363,10
12.9904603958,80.2506637573,29363,29373,10
12.9913396835,80.2504425049,29373,29383,10
12.9924201965,80.2501678467,29383,29393,10
12.9936599731,80.2498626709,29393,29403,10
12.9949598312,80.2495422363,29403,29414,11
12.9962100983,80.249206543,29414,29424,10
12.9967699051,80.2490386963,29424,29434,10
12.9968996048,80.2490310669,29434,29444,10
12.9973497391,80.248916626,29444,29454,10
12.9981603622,80.2487106323,29454,29464,10
12.9992399216,80.2484512329,29464,29474,10
13.00041008,80.2481536865,29474,29484,10
13.0016202927,80.2478790283,29484,29494,10
13.0027198792,80.2476196289,29494,29504,10
13.0040397644,80.2473983765,29504,29515,11
13.0052604675,80.2472000122,29515,29525,10
13.0062303543,80.2468566895,29525,29535,10
13.0065603256,80.2463531494,29535,29545,10
13.0065603256,80.2463378906,29545,29555,10
13.0065803528,80.2462310791,29555,29565,10
13.0066299438,80.2458114624,29565,29575,10
13.0066299438,80.2452316284,29575,29585,10
13.0066204071,80.2446365356,29585,29596,11
13.0066099167,80.2439880371,29596,29606,10
13.0065898895,80.2434692383,29606,29616,10
13.0065498352,80.2428207397,29616,29626,10
13.0065402985,80.2420120239,29626,29636,10
13.0065803528,80.2410736084,29636,29646,10
13.0066604614,80.2405166626,29646,29656,10
13.0067396164,80.2401733398,29656,29666,10
13.0068998337,80.239692688,29666,29676,10
13.0070400238,80.2386169434,29676,29687,11
13.0072803497,80.2375564575,29687,29697,10
13.0073795319,80.2369003296,29697,29707,10
13.0073900223,80.236869812,29707,29717,10
13.0074596405,80.236618042,29717,29727,10
13.0076398849,80.2359771729,29727,29737,10
13.0078001022,80.2351226807,29737,29747,10
13.0080003738,80.2341079712,29747,29757,10
13.0081996918,80.2331008911,29757,29767,10
13.0084400177,80.2318115234,29767,29778,11
13.0086603165,80.23046875,29778,29788,10
13.008939743,80.2292175293,29788,29798,10
13.00922966,80.2281417847,29798,29808,10
13.0097303391,80.2269897461,29808,29818,10
13.0101900101,80.2259902954,29818,29828,10
13.0105695724,80.2252426147,29828,29838,10
13.0109395981,80.2244186401,29838,29848,10
13.0112895966,80.2236328125,29848,29858,10
13.0113201141,80.2235031128,29858,29869,11
13.0113801956,80.2233276367,29869,29879,10
13.0115699768,80.2229309082,29879,29889,10
13.0118598938,80.222076416,29889,29899,10
13.0122804642,80.2215118408,29899,29909,10
13.0124702454,80.2217025757,29909,29919,10
13.0129203796,80.2222518921,29919,29929,10
13.0135402679,80.2229309082,29929,29939,10
13.0141801834,80.2236785889,29939,29949,10
13.0148601532,80.2244415283,29949,29960,11
13.0157003403,80.2251663208,29960,29980,20
13.0157003403,80.2251663208,29980,29990,10
13.0159101486,80.2253036499,29990,30000,10
13.0164699554,80.2253570557,30000,30010,10
13.0172996521,80.2250518799,30010,30020,10
13.0181903839,80.2247009277,30020,30030,10
13.0188798904,80.2244415283,30030,30040,10
13.0194997787,80.2244186401,30040,30051,11
13.0198802948,80.2246398926,30051,30061,10
13.02023983,80.2248764038,30061,30081,20
13.02023983,80.2248764038,30081,30091,10
13.0205001831,80.2250823975,30091,30101,10
13.0209598541,80.2254180908,30101,30111,10
13.0215301514,80.2258834839,30111,30121,10
13.022190094,80.2263565063,30121,30131,10
13.0228300095,80.2269134521,30131,30142,11
13.0234699249,80.2275238037,30142,30152,10
13.0240402222,80.2280197144,30152,30162,10
13.0243597031,80.2283630371,30162,30182,20
13.0243597031,80.2283630371,30182,30192,10
13.0242700577,80.2285766602,30192,30202,10
13.023900032,80.2281570435,30202,30212,10
13.0235300064,80.2277984619,30212,30263,51
13.0234203339,80.2275390625,30263,30718,455
13.0234203339,80.2275390625,30718,30728,10
13.0233802795,80.2275924683,30728,30738,10
13.0232801437,80.2275009155,30738,30748,10
13.0230102539,80.2273178101,30748,30758,10
13.0225896835,80.2267990112,30758,30769,11
13.0219602585,80.2262191772,30769,30779,10
13.021320343,80.2257232666,30779,30789,10
13.0206403732,80.2252120972,30789,30799,10
13.0200004578,80.224822998,30799,30809,10
13.019200325,80.2244567871,30809,30819,10
13.0182600021,80.2246932983,30819,30829,10
13.0172700882,80.2250900269,30829,30839,10
13.0164804459,80.225440979,30839,30849,10
13.0158195496,80.2257232666,30849,30860,11
13.0151395798,80.225982666,30860,30870,10
13.0144901276,80.2262191772,30870,30890,20
13.0144901276,80.2262191772,30890,30900,10
13.0143098831,80.2262573242,30900,30910,10
13.0138502121,80.2264480591,30910,30920,10
13.0131397247,80.2267379761,30920,30930,10
13.0122203827,80.2270812988,30930,30940,10
13.0113401413,80.2275009155,30940,30951,11
13.0102500916,80.228012085,30951,30961,10
13.0093002319,80.2284469604,30961,30971,10
13.009059906,80.2291870117,30971,30981,10
13.0089502335,80.2298278809,30981,30991,10
13.0088396072,80.2304992676,30991,31001,10
13.0086603165,80.231300354,31001,31011,10
13.0084495544,80.2323303223,31011,31021,10
13.0082998276,80.2335281372,31021,31062,41
13.0082597733,80.2336730957,31062,31102,40
13.0082597733,80.2336730957,31102,31112,10
13.0082502365,80.2337417603,31112,31122,10
13.008190155,80.23387146,31122,31133,11
13.008099556,80.2342834473,31133,31143,10
13.0079698563,80.234916687,31143,31153,10
13.0078897476,80.2352371216,31153,31163,10
13.0078601837,80.2353591919,31163,31173,10
13.0077896118,80.235710144,31173,31183,10
13.0076799393,80.2362594604,31183,31203,20
13.0076799393,80.2362594604,31203,31213,10
13.0076198578,80.2365188599,31213,31224,11
13.0075302124,80.2370223999,31224,31234,10
13.0074300766,80.2373886108,31234,31244,10
13.0073795319,80.23777771,31244,31254,10
13.0072803497,80.2383880615,31254,31264,10
13.0072603226,80.2384796143,31264,31274,10
13.0071897507,80.2387619019,31274,31396,122
13.0071897507,80.2387619019,31396,31406,10
13.0071001053,80.2391281128,31406,31416,10
13.0069198608,80.2397003174,31416,31426,10
13.0067796707,80.2404327393,31426,31436,10
13.0067996979,80.2405929565,31436,31446,10
13.0067796707,80.2408828735,31446,31456,10
13.0067195892,80.2414627075,31456,31466,10
13.0067596436,80.2421569824,31466,31476,10
13.0067501068,80.2425537109,31476,31487,11
13.0067195892,80.2428817749,31487,31497,10
13.0066995621,80.2433319092,31497,31527,30
13.0066699982,80.2437286377,31527,31578,51
13.0066699982,80.2437286377,31578,31588,10
13.0066404343,80.244140625,31588,31598,10
13.0066404343,80.2447128296,31598,31608,10
13.006649971,80.2452468872,31608,31618,10
13.0067300797,80.2458877563,31618,31628,10
13.0067596436,80.2464065552,31628,31638,10
13.006770134,80.2467498779,31638,31648,10
13.0066995621,80.2472915649,31648,31658,10
13.0062704086,80.247428894,31658,31669,11
13.0060796738,80.2473907471,31669,31679,10
13.0059700012,80.2472915649,31679,31689,10
13.0054702759,80.2473373413,31689,31699,10
13.0046701431,80.2473831177,31699,31709,10
13.003660202,80.2475204468,31709,31719,10
13.0025596619,80.2477035522,31719,31729,10
13.0015201569,80.2480010986,31729,31739,10
13.0003595352,80.2483215332,31739,31749,10
12.9991598129,80.2486190796,31749,31759,10
12.9983100891,80.2489013672,31759,31770,11
12.9981603622,80.2489089966,31770,31780,10
12.9979896545,80.2488937378,31780,31790,10
12.9975404739,80.2491226196,31790,31800,10
12.996720314,80.2493362427,31800,31810,10
12.9957304001,80.2497024536,31810,31820,10
12.9944896698,80.2497711182,31820,31830,10
12.9931497574,80.2501220703,31830,31840,10
12.9918899536,80.2504501343,31840,31851,11
12.9911499023,80.2506332397,31851,31861,10
12.9910497665,80.2507019043,31861,31871,10
12.9906797409,80.250831604,31871,31881,10
12.9899597168,80.2509765625,31881,31891,10
12.9891300201,80.251121521,31891,32184,293
12.9891300201,80.251121521,32184,32194,10
12.988940239,80.2509384155,32194,32204,10
12.9887800217,80.2510604858,32204,32215,11
12.9885396957,80.251121521,32215,32225,10
12.9882497787,80.2512435913,32225,32235,10
12.9879703522,80.251373291,32235,32245,10
12.987739563,80.2514419556,32245,32255,10
12.9873800278,80.2515563965,32255,32265,10
12.9870901108,80.251663208,32265,32275,10
12.9867401123,80.2517700195,32275,32285,10
12.9862699509,80.2518692017,32285,32295,10
12.9855298996,80.2520370483,32295,32306,11
12.9844102859,80.2523422241,32306,32316,10
12.9832296371,80.2526397705,32316,32326,10
12.9820899963,80.2527008057,32326,32336,10
12.9808101654,80.2527236938,32336,32397,61
12.9808101654,80.2527236938,32397,32407,10
12.9803600311,80.2527618408,32407,32417,10
12.9800596237,80.2527923584,32417,32427,10
12.9795198441,80.2527008057,32427,32437,10
12.9786396027,80.2525863647,32437,32579,142
12.9786396027,80.2525863647,32579,32589,10
12.9784803391,80.2524490356,32589,32599,10
12.9779996872,80.2521209717,32599,32609,10
12.9773397446,80.2515335083,32609,32619,10
12.9762897491,80.2511291504,32619,32629,10
12.9750995636,80.2508010864,32629,32639,10
12.9739398956,80.2504806519,32639,32649,10
12.9729204178,80.250213623,32649,32659,10
12.9719896317,80.249961853,32659,32670,11
12.970870018,80.2496566772,32670,32680,10
12.9699497223,80.2493286133,32680,32690,10
12.9691095352,80.2489776611,32690,32700,10
12.9681501389,80.248588562,32700,32710,10
12.9673204422,80.2482528687,32710,32720,10
12.966799736,80.248008728,32720,32730,10
12.9663295746,80.2478027344,32730,32740,10
12.9656095505,80.2474975586,32740,32750,10
12.9650602341,80.2472991943,32750,32771,21
12.9650602341,80.2472991943,32771,32781,10
12.9647397995,80.2472229004,32781,32791,10
12.96434021,80.2470779419,32791,32801,10
12.9639196396,80.2469482422,32801,32811,10
12.9637002945,80.2468185425,32811,32821,10
12.9631204605,80.2464370728,32821,32831,10
12.9623003006,80.2461166382,32831,32841,10
12.9613599777,80.2456893921,32841,32852,11
12.9603595734,80.2452163696,32852,32862,10
12.9596004486,80.2448806763,32862,32882,20
12.9596004486,80.2448806763,32882,32892,10
12.9593000412,80.2446975708,32892,32902,10
12.9588003159,80.244468689,32902,32912,10
12.9581003189,80.2442626953,32912,32922,10
12.957449913,80.2439804077,32922,32932,10
12.9567203522,80.2437210083,32932,32983,51
12.9567203522,80.2437210083,32983,32993,10
12.956410408,80.2436599731,32993,33003,10
12.9558496475,80.2433624268,33003,33013,10
12.9550600052,80.2429199219,33013,33023,10
12.9543104172,80.2426376343,33023,33034,11
12.9537601471,80.242401123,33034,33044,10
12.9529304504,80.2420120239,33044,33054,10
12.9518899918,80.2417221069,33054,33074,20
12.9518899918,80.2417221069,33074,33084,10
12.9515399933,80.2415618896,33084,33094,10
12.950920105,80.2413406372,33094,33104,10
12.9502496719,80.2411727905,33104,33205,101
12.9502496719,80.2411727905,33205,33216,11
12.9498596191,80.2409973145,33216,33226,10
12.9495201111,80.2408905029,33226,33236,10
12.949090004,80.2407836914,33236,33246,10
12.9484701157,80.2405090332,33246,33256,10
12.9476804733,80.2401733398,33256,33266,10
12.9472198486,80.239982605,33266,33276,10
12.9471902847,80.2399673462,33276,33286,10
12.94713974,80.2399215698,33286,33296,10
12.9467897415,80.2397994995,33296,33307,11
12.9460802078,80.2394714355,33307,33317,10
12.9452896118,80.2390823364,33317,33327,10
12.9444904327,80.2383422852,33327,33337,10
12.9436903,80.2375488281,33337,33347,10
12.9430103302,80.236869812,33347,33357,10
12.9419698715,80.2363967896,33357,33367,10
12.9408302307,80.2360916138,33367,33377,10
12.9399595261,80.2358169556,33377,33387,10
12.9398403168,80.2358016968,33387,33398,11
12.9397201538,80.2357025146,33398,33408,10
12.9392404556,80.2354736328,33408,33418,10
12.9384803772,80.2351074219,33418,33428,10
12.9376001358,80.2346496582,33428,33438,10
12.9365196228,80.2341079712,33438,33448,10
12.9357995987,80.2338104248,33448,33458,10
12.9349803925,80.2334365845,33458,33468,10
12.9340295792,80.2329711914,33468,33489,21
12.9340295792,80.2329711914,33489,33499,10
12.9338102341,80.2329711914,33499,33509,10
12.9332304001,80.2326889038,33509,33519,10
12.9323797226,80.2323608398,33519,33529,10
12.9314203262,80.2320022583,33529,33539,10
12.9303798676,80.2316665649,33539,33549,10
12.9293298721,80.2314300537,33549,33559,10
12.9284200668,80.2312316895,33559,33569,10
12.9273300171,80.2311019897,33569,33580,11
12.9261398315,80.2310028076,33580,33600,20
12.9261398315,80.2310028076,33600,33610,10
12.9258203506,80.2309570313,33610,33620,10
12.925239563,80.2308883667,33620,33630,10
12.9243803024,80.2307815552,33630,33640,10
12.9234304428,80.2306518555,33640,33650,10
12.9222698212,80.23046875,33650,33660,10
12.9210700989,80.2302932739,33660,33671,11
12.919670105,80.2300872803,33671,33681,10
12.9183797836,80.229927063,33681,33691,10
12.9173803329,80.229850769,33691,33701,10
12.9164800644,80.2297286987,33701,33711,10
12.9154396057,80.2295837402,33711,33721,10
12.9143295288,80.2294311523,33721,33731,10
12.9133501053,80.229309082,33731,33762,31
12.9133501053,80.229309082,33762,33772,10
12.9131803513,80.2292404175,33772,33782,10
12.9126701355,80.2291564941,33782,33792,10
12.911860466,80.229057312,33792,33802,10
12.9108800888,80.2289199829,33802,33812,10
12.9097795486,80.2287368774,33812,33822,10
12.9087600708,80.228553772,33822,33832,10
12.9075899124,80.2284469604,33832,33903,71
12.9075899124,80.2284469604,33903,33913,10
12.9073495865,80.2283477783,33913,33923,10
12.906999588,80.2283325195,33923,33934,11
12.906419754,80.2282562256,33934,33944,10
12.90625,80.2282562256,33944,33954,10
12.9058198929,80.2282485962,33954,33964,10
12.9050998688,80.2282028198,33964,33974,10
12.9043397903,80.2281570435,33974,33984,10
12.9037504196,80.2281570435,33984,33994,10
12.9033603668,80.2281494141,33994,34004,10
12.9030895233,80.2281417847,34004,34014,10
12.9028997421,80.2281188965,34014,34025,11
12.902759552,80.2281112671,34025,34035,10
12.9025201797,80.2280807495,34035,34126,91
12.902179718,80.228012085,34126,34217,91
12.902179718,80.228012085,34217,34227,10
12.9020204544,80.2279891968,34227,34237,10
12.9018096924,80.2279968262,34237,34247,10
12.9015302658,80.2279891968,34247,34257,10
12.9011001587,80.2279586792,34257,34267,10
12.9005203247,80.2279129028,34267,34277,10
12.899720192,80.2278900146,34277,34287,10
12.8987197876,80.2278823853,34287,34328,41
12.8987197876,80.2278823853,34328,34338,10
12.8984699249,80.2277679443,34338,34348,10
12.8979997635,80.2277526855,34348,34358,10
12.8972597122,80.2277297974,34358,34368,10
12.8963499069,80.2276992798,34368,34378,10
12.8953399658,80.2276763916,34378,34389,11
12.8941802979,80.2276229858,34389,34399,10
12.8933296204,80.2275390625,34399,34409,10
12.8927698135,80.2274398804,34409,34419,10
12.8923397064,80.2273864746,34419,34429,10
12.8917303085,80.2273712158,34429,34439,10
12.8908700943,80.2273635864,34439,34449,10
12.8898696899,80.2273406982,34449,34459,10
12.8889904022,80.2273635864,34459,34469,10
12.8883600235,80.2273178101,34469,34480,11
12.8879804611,80.2273025513,34480,34490,10
12.8875598907,80.2272415161,34490,34500,10
12.8869104385,80.2271118164,34500,34510,10
12.8860797882,80.2269134521,34510,34520,10
12.8852500916,80.2267379761,34520,34530,10
12.8848800659,80.2267074585,34530,34550,20
12.8848800659,80.2267074585,34550,34560,10
12.8846998215,80.2266616821,34560,34571,11
12.8842601776,80.2266998291,34571,34581,10
12.8835201263,80.2267074585,34581,34591,10
12.8825998306,80.2266998291,34591,34601,10
12.8814897537,80.2267227173,34601,34611,10
12.8802604675,80.2267303467,34611,34621,10
12.8789796829,80.2267837524,34621,34631,10
12.8777704239,80.2268829346,34631,34641,10
12.8766803741,80.2269973755,34641,34662,21
12.8766803741,80.2269973755,34662,34672,10
12.8765602112,80.2270126343,34672,34682,10
12.8761796951,80.2270278931,34682,34692,10
12.8755397797,80.2269973755,34692,34702,10
12.8746795654,80.226890564,34702,34712,10
12.8736801147,80.2267608643,34712,34722,10
12.8728599548,80.2267303467,34722,34732,10
12.8726100922,80.2267227173,34732,34742,10
12.8724803925,80.2267074585,34742,34753,11
12.8719902039,80.2266921997,34753,34763,10
12.8712396622,80.2266693115,34763,34773,10
12.8703098297,80.2265930176,34773,34783,10
12.8692302704,80.2264709473,34783,34793,10
12.8680095673,80.2264099121,34793,34803,10
12.8668203354,80.2265396118,34803,34813,10
12.8655900955,80.2266311646,34813,34823,10
12.8642997742,80.2265777588,34823,34833,10
12.862950325,80.2265396118,34833,34844,11
12.8615703583,80.2266235352,34844,34854,10
12.8609600067,80.226600647,34854,34864,10
12.8609104156,80.2265930176,34864,34874,10
12.8606796265,80.2265625,34874,34884,10
12.8600902557,80.2265014648,34884,34894,10
12.8593301773,80.2263793945,34894,34904,10
12.8586397171,80.2262420654,34904,34914,10
12.8578300476,80.2262496948,34914,34924,10
12.8568496704,80.2263336182,34924,34935,11
12.855629921,80.2264633179,34935,34945,10
12.8545198441,80.2265930176,34945,34955,10
12.8533201218,80.2267074585,34955,34965,10
12.8520698547,80.2266769409,34965,34975,10
12.8508996964,80.2266311646,34975,34985,10
12.8497200012,80.2266082764,34985,35015,30
12.8497200012,80.2266082764,35015,35026,11
12.8493404388,80.2265396118,35026,35036,10
12.8487100601,80.2265701294,35036,35046,10
12.8478002548,80.2265777588,35046,35056,10
12.846830368,80.2265777588,35056,35066,10
12.8461198807,80.226600647,35066,35076,10
12.8454303741,80.2265701294,35076,35106,30
12.8454303741,80.2265701294,35106,35117,11
12.8449897766,80.226600647,35117,35127,10
12.8444900513,80.2266311646,35127,35137,10
12.8439798355,80.2266464233,35137,35147,10
12.8431501389,80.2267837524,35147,35157,10
12.8422803879,80.2269668579,35157,35167,10
12.8416204453,80.2271194458,35167,35208,41
12.8416204453,80.2271194458,35208,35218,10
12.8413000107,80.2272720337,35218,35238,20
12.8410797119,80.2273406982,35238,35268,30
12.8410797119,80.2273406982,35268,35278,10
12.8408603668,80.2273788452,35278,35288,10
12.8406801224,80.227432251,35288,35299,11
12.8405199051,80.2274780273,35299,35309,10
12.8402700424,80.2275466919,35309,35319,10
12.8401098251,80.2276000977,35319,35329,10
12.8399496078,80.2276306152,35329,35369,40
12.8399496078,80.2276306152,35369,35379,10
12.8396396637,80.227722168,35379,35390,11
12.8392400742,80.2278671265,35390,35400,10
12.8388595581,80.2279510498,35400,35410,10
12.8381795883,80.2281036377,35410,35420,10
12.8372802734,80.2282714844,35420,35430,10
12.8361997604,80.2284393311,35430,35440,10
12.8350000381,80.2286300659,35440,35450,10
12.8337602615,80.2288513184,35450,35460,10
12.8327302933,80.2290420532,35460,35470,10
12.8320302963,80.2291793823,35470,35481,11
12.8318099976,80.2292480469,35481,35491,10
12.8316898346,80.2292404175,35491,35501,10
12.8315200806,80.228729248,35501,35521,20
12.8315200806,80.228729248,35521,35531,10
12.8315496445,80.2286529541,35531,35541,10
12.8315095901,80.2283096313,35541,35551,10
12.8313703537,80.2276535034,35551,35561,10
12.8311796188,80.2267684937,35561,35572,11
12.8310804367,80.2255477905,35572,35582,10
12.8310899734,80.2247619629,35582,35592,10
12.8311004639,80.2244110107,35592,35602,10
12.8311100006,80.2237472534,35602,35612,10
12.8311195374,80.22290802,35612,35622,10
12.8311195374,80.2222824097,35622,35632,10
12.8311300278,80.2219619751,35632,35642,10
12.8311100006,80.2213363647,35642,35652,10
12.8310804367,80.2204971313,35652,35663,11
12.8311195374,80.2197723389,35663,35673,10
12.8310003281,80.2194824219,35673,35683,10
12.8304004669,80.2194366455,35683,35693,10
12.8295001984,80.2194213867,35693,35703,10
12.8285198212,80.2194213867,35703,35713,10
12.8277702332,80.2194290161,35713,35723,10
12.8273200989,80.2194366455,35723,35764,41
12.8273200989,80.2194366455,35764,35774,10
12.8272304535,80.2194137573,35774,35784,10
12.8268003464,80.2194290161,35784,35794,10
12.8262395859,80.2193984985,35794,35804,10
12.8259401321,80.2193603516,35804,35814,10
12.8252601624,80.2193832397,35814,35834,20
12.8252601624,80.2193832397,35834,35845,11
12.8247499466,80.2193832397,35845,35855,10
12.8240499496,80.2194213867,35855,35865,10
12.8231801987,80.2194137573,35865,35875,10
12.8228998184,80.2193984985,35875,35885,10
12.8227100372,80.2191696167,35885,35895,10
12.8226995468,80.2190933228,35895,35905,10
12.8227396011,80.2189407349,35905,35915,10
12.8226995468,80.2185211182,35915,35925,10
12.8226604462,80.217880249,35925,35936,11
12.8226604462,80.2170791626,35936,35946,10
12.8226804733,80.2164077759,35946,35956,10
12.8226995468,80.2160491943,35956,35966,10
12.8229398727,80.2159118652,35966,35976,10
12.8232498169,80.215927124,35976,35986,10
12.8239002228,80.2159423828,35986,35994,8
12.824760437,80.2159500122,35994,36037,43
12.824760437,80.2159500122,36037,36047,10
12.824930191,80.2159881592,36047,36067,20
12.824930191,80.2159881592,36067,36077,10
12.8250904083,80.216003418,36077,36087,10
12.8252801895,80.2160110474,36087,36097,10
12.8257398605,80.216003418,36097,36107,10
12.8259000778,80.2163314819,36107,36118,11
12.8259000778,80.2170028687,36118,36128,10
12.8258895874,80.217918396,36128,36138,10
12.8258800507,80.2187194824,36138,36148,10
12.8259000778,80.2192001343,36148,36158,10
12.8259801865,80.219329834,36158,36168,10
12.8266096115,80.2193832397,36168,36178,10
12.8273000717,80.2193832397,36178,36188,10
12.827580452,80.219367981,36188,36198,10
12.8281202316,80.2193527222,36198,36209,11
12.8291196823,80.2193527222,36209,36219,10
12.8302001953,80.2193603516,36219,36229,10
12.8308801651,80.2193832397,36229,36239,10
12.8311395645,80.2194900513,36239,36249,10
12.8312196732,80.2199172974,36249,36259,10
12.8311595917,80.2205276489,36259,36269,10
12.8311004639,80.2214508057,36269,36279,10
12.8311100006,80.222038269,36279,36289,10
12.8311100006,80.2226333618,36289,36300,11
12.8311100006,80.2235031128,36300,36310,10
12.8311100006,80.224357605,36310,36320,10
12.8311100006,80.2246780396,36320,36330,10
12.8311004639,80.225227356,36330,36340,10
12.8311195374,80.2259979248,36340,36350,10
12.8312501907,80.2269821167,36350,36360,10
12.8314599991,80.227897644,36360,36370,10
12.8316297531,80.2286300659,36370,36380,10
12.831700325,80.2289276123,36380,36391,11
12.8319501877,80.2291030884,36391,36401,10
12.8325300217,80.2289581299,36401,36411,10
12.8333597183,80.2288208008,36411,36421,10
12.8343400955,80.2286605835,36421,36431,10
12.8354196548,80.2285003662,36431,36441,10
12.8365602493,80.2283325195,36441,36451,10
12.837679863,80.2281494141,36451,36461,10
12.8386602402,80.2279205322,36461,36471,10
12.8392801285,80.2277679443,36471,36482,11
12.8395204544,80.2277069092,36482,36492,10
12.8399000168,80.2276077271,36492,36502,10
12.8404598236,80.2274475098,36502,36512,10
12.8411598206,80.2272567749,36512,36522,10
12.8420000076,80.2270278931,36522,36532,10
12.8429803848,80.2268295288,36532,36542,10
12.8440704346,80.2266693115,36542,36552,10
12.8448295593,80.2265930176,36552,36562,10
12.8452596664,80.2265396118,36562,36573,11
12.8453598022,80.2265396118,36573,36583,10
12.8457803726,80.2265396118,36583,36593,10
12.846540451,80.2265472412,36593,36603,10
12.8475503922,80.2265625,36603,36613,10
12.8485803604,80.2265625,36613,36623,10
12.8495502472,80.2265396118,36623,36633,10
12.8503704071,80.2265472412,36633,36643,10
12.8512096405,80.2265777588,36643,36654,11
12.852350235,80.2266235352,36654,36664,10
12.853509903,80.226600647,36664,36674,10
12.8547201157,80.2265014648,36674,36684,10
12.8558998108,80.2263793945,36684,36694,10
12.857000351,80.2262496948,36694,36704,10
12.858039856,80.2261734009,36704,36714,10
12.8589696884,80.2262268066,36714,36724,10
12.8601398468,80.2264328003,36724,36734,10
12.861289978,80.2265319824,36734,36745,11
12.8627996445,80.2264709473,36745,36755,10
12.8642501831,80.2264862061,36755,36765,10
12.8656101227,80.2265319824,36765,36775,10
12.8668498993,80.2264404297,36775,36785,10
12.8681697845,80.2263412476,36785,36795,10
12.8695497513,80.2264404297,36795,36805,10
12.8709802628,80.2265777588,36805,36815,10
12.8721504211,80.2266235352,36815,36825,10
12.8730401993,80.2266464233,36825,36836,11
12.8743095398,80.2267379761,36836,36846,10
12.8755903244,80.2268829346,36846,36856,10
12.8764600754,80.226890564,36856,36866,10
12.876950264,80.2268600464,36866,36876,10
12.8777103424,80.2267990112,36876,36886,10
12.878780365,80.2267074585,36886,36896,10
12.8800497055,80.2266693115,36896,36906,10
12.8813800812,80.2266693115,36906,36916,10
12.8826904297,80.2266616821,36916,36926,10
12.8839597702,80.2266387939,36926,36937,11
12.8850402832,80.2266235352,36937,36947,10
12.8857603073,80.2267379761,36947,36957,10
12.886759758,80.2269973755,36957,36967,10
12.887840271,80.2272033691,36967,36977,10
12.8891201019,80.2272720337,36977,36987,10
12.8904104233,80.2272796631,36987,36997,10
12.8915300369,80.2272567749,36997,37007,10
12.892080307,80.2272567749,37007,37048,41
12.892080307,80.2272567749,37048,37058,10
12.8923902512,80.2273025513,37058,37068,10
12.8930301666,80.2273635864,37068,37078,10
12.8937902451,80.2274627686,37078,37088,10
12.8945903778,80.2275314331,37088,37098,10
12.8955001831,80.2275695801,37098,37109,11
12.8966503143,80.2276077271,37109,37119,10
12.8973503113,80.2276306152,37119,37129,10
12.8976802826,80.2276535034,37129,37139,10
12.8982601166,80.2276916504,37139,37149,10
12.8986902237,80.2277069092,37149,37159,10
12.8990001678,80.2277374268,37159,37169,10
12.8992204666,80.2277679443,37169,37179,10
12.899479866,80.2278137207,37179,37189,10
12.8999204636,80.2278137207,37189,37200,11
12.9003200531,80.2278137207,37200,37210,10
12.9005203247,80.2278213501,37210,37220,10
12.9006700516,80.2278518677,37220,37230,10
12.9008598328,80.2278518677,37230,37240,10
12.901049614,80.2278671265,37240,37250,10
12.9012699127,80.2278823853,37250,37260,10
12.9015703201,80.2279205322,37260,37270,10
12.9019603729,80.2279205322,37270,37280,10
12.9021501541,80.2279434204,37280,37291,11
12.9022703171,80.2279434204,37291,37301,10
12.9027204514,80.2279663086,37301,37311,10
12.9030599594,80.2279281616,37311,37321,10
12.9033203125,80.2279205322,37321,37331,10
12.9034900665,80.2279586792,37331,37341,10
12.9036102295,80.2279815674,37341,37351,10
12.9040002823,80.228012085,37351,37361,10
12.9043397903,80.2280426025,37361,37371,10
12.9043598175,80.2280502319,37371,37382,11
12.9048204422,80.2280807495,37382,37392,10
12.9054803848,80.2281112671,37392,37483,91
12.9054803848,80.2281112671,37483,37493,10
12.905670166,80.228187561,37493,37503,10
12.9060096741,80.2282028198,37503,37513,10
12.9062404633,80.2281799316,37513,37523,10
12.9065904617,80.228187561,37523,37533,10
12.9070501328,80.2282485962,37533,37543,10
12.9077796936,80.2283401489,37543,37553,10
12.9086399078,80.2285003662,37553,37564,11
12.9098997116,80.2287216187,37564,37574,10
12.9111204147,80.2288970947,37574,37584,10
12.9122800827,80.2290496826,37584,37594,10
12.9132699966,80.2291870117,37594,37604,10
12.913769722,80.2292404175,37604,37614,10
12.9143600464,80.2293167114,37614,37624,10
12.9152603149,80.2294464111,37624,37634,10
12.916270256,80.229598999,37634,37644,10
12.9169597626,80.2296905518,37644,37655,11
12.9174499512,80.2297821045,37655,37665,10
12.9181699753,80.2298812866,37665,37675,10
12.9190998077,80.2300109863,37675,37685,10
12.9201898575,80.230140686,37685,37695,10
12.9213199615,80.2302932739,37695,37705,10
12.9225301743,80.23046875,37705,37715,10
12.9237699509,80.2306594849,37715,37725,10
12.9250602722,80.230796814,37725,37735,10
12.9262304306,80.2309494019,37735,37746,11
12.9274396896,80.231086731,37746,37756,10
12.9282302856,80.2312011719,37756,37766,10
12.9288702011,80.231300354,37766,37776,10
12.9294595718,80.2314224243,37776,37786,10
12.9300699234,80.2315597534,37786,37796,10
12.9310398102,80.2318191528,37796,37806,10
12.9321804047,80.2321929932,37806,37815,9
12.9331798553,80.2325668335,37815,37826,11
12.9335298538,80.2327194214,37826,37837,11
12.9337797165,80.2328414917,37837,37847,10
12.9343700409,80.2330780029,37847,37857,10
12.9350795746,80.2333984375,37857,37867,10
12.9355201721,80.2336196899,37867,37877,10
12.9356603622,80.2336730957,37877,37887,10
12.93612957,80.2338790894,37887,37897,10
12.9368696213,80.2342300415,37897,37907,10
12.9377698898,80.2346572876,37907,37917,10
12.9387397766,80.2351608276,37917,37928,11
12.9396600723,80.2356414795,37928,37938,10
12.9404697418,80.2359237671,37938,37948,10
12.9415502548,80.2361831665,37948,37958,10
12.9426603317,80.2365112305,37958,37968,10
12.9434995651,80.2371063232,37968,37978,10
12.9442396164,80.2379837036,37978,37988,10
12.9451198578,80.2389221191,37988,37998,10
12.9460601807,80.2394790649,37998,38008,10
12.9469404221,80.2398071289,38008,38019,11
12.9474000931,80.2400131226,38019,38029,10
12.9475402832,80.2400512695,38029,38039,10
12.9476604462,80.2400970459,38039,38049,10
12.9479904175,80.2402420044,38049,38059,10
12.9484395981,80.2404327393,38059,38069,10
12.9489898682,80.2406616211,38069,38079,10
12.9493999481,80.2408218384,38079,38089,10
12.9500398636,80.241027832,38089,38099,10
12.9506597519,80.2412109375,38099,38110,11
12.9511804581,80.2414016724,38110,38120,10
12.9516496658,80.2415618896,38120,38130,10
12.9522695541,80.2417602539,38130,38140,10
12.953040123,80.2420806885,38140,38150,10
12.9538097382,80.2423706055,38150,38160,10
12.9545001984,80.2426528931,38160,38170,10
12.9553403854,80.242980957,38170,38180,10
12.9560003281,80.2432403564,38180,38190,10
12.9561595917,80.2433013916,38190,38231,41
12.9561595917,80.2433013916,38231,38241,10
12.9564304352,80.2434005737,38241,38251,10
12.9570198059,80.2436599731,38251,38261,10
12.9578504562,80.2440032959,38261,38271,10
12.9586696625,80.2443237305,38271,38281,10
12.9592399597,80.2446212769,38281,38292,11
12.9601602554,80.2450637817,38292,38302,10
12.9611101151,80.2454910278,38302,38312,10
12.9621295929,80.2459793091,38312,38322,10
12.9628295898,80.2463226318,38322,38362,40
12.9628295898,80.2463226318,38362,38372,10
12.963139534,80.2465362549,38372,38383,11
12.9635696411,80.2467727661,38383,38393,10
12.9641399384,80.2469711304,38393,38403,10
12.9649400711,80.2472381592,38403,38413,10
12.9659004211,80.2475662231,38413,38423,10
12.9665203094,80.247833252,38423,38433,10
12.9669103622,80.2480316162,38433,38443,10
12.9677295685,80.2483901978,38443,38453,10
12.9687995911,80.2487869263,38453,38463,10
12.969909668,80.2492370605,38463,38474,11
12.9704999924,80.249458313,38474,38484,10
12.9712295532,80.2496871948,38484,38494,10
12.972240448,80.2499465942,38494,38504,10
12.9733600616,80.25025177,38504,38514,10
12.9744796753,80.2505569458,38514,38524,10
12.9755802155,80.250869751,38524,38534,10
12.9766597748,80.2511825562,38534,38544,10
12.977640152,80.2516403198,38544,38554,10
12.9783000946,80.2521972656,38554,38565,11
12.979180336,80.2525482178,38565,38575,10
12.980099678,80.2526321411,38575,38585,10
12.9810495377,80.2526016235,38585,38595,10
12.9820299149,80.252571106,38595,38605,10
12.9825801849,80.252532959,38605,38666,61
12.9825801849,80.252532959,38666,38676,10
12.9826698303,80.2525482178,38676,38686,10
12.9830303192,80.252532959,38686,38696,10
12.9834003448,80.2524795532,38696,38706,10
12.9839496613,80.2523498535,38706,38716,10
12.9846401215,80.2521514893,38716,38726,10
12.9852399826,80.251991272,38726,38736,10
12.9856901169,80.2518615723,38736,38747,11
12.9862203598,80.2517318726,38747,38757,10
12.9867801666,80.2515792847,38757,38767,10
12.987279892,80.2514190674,38767,38777,10
12.9875802994,80.2513427734,38777,38787,10
12.9878902435,80.2514266968,38787,38797,10
12.987950325,80.2517166138,38797,38807,10
12.9880104065,80.2523498535,38807,38817,10
12.9879398346,80.2530136108,38817,38827,10
12.9878797531,80.253616333,38827,38838,11
12.9878196716,80.2542419434,38838,38898,60
12.9878196716,80.2542419434,38898,38908,10
12.9878101349,80.254447937,38908,38918,10
12.9877796173,80.2548217773,38918,38929,11
12.9877595901,80.255317688,38929,38939,10
12.9877195358,80.2556610107,38939,38949,10
12.9879903793,80.255821228,38949,38959,10
12.9883298874,80.2558670044,38959,38969,10
12.9884901047,80.2558898926,38969,38979,10
12.9886302948,80.255897522,38979,38989,10
12.9890098572,80.2559127808,38989,38999,10
12.9895801544,80.2559280396,38999,39009,10
12.9903001785,80.2559585571,39009,39020,11
12.9909496307,80.2559585571,39020,39030,10
12.9919204712,80.2559585571,39030,39040,10
12.9929504395,80.2559432983,39040,39050,10
12.9936704636,80.2559204102,39050,39060,10
12.9940795898,80.2559585571,39060,39100,40
12.9940795898,80.2559585571,39100,39111,11
12.9942798615,80.2559814453,39111,39121,10
12.9945898056,80.255897522,39121,39131,10
12.9948101044,80.2558822632,39131,39141,10
12.995010376,80.255859375,39141,39151,10
12.9952402115,80.2558288574,39151,39161,10
12.9954795837,80.2558517456,39161,39222,61
12.9954795837,80.2558517456,39222,39232,10
12.995639801,80.2559204102,39232,39242,10
12.9959697723,80.2558898926,39242,39252,10
12.9968004227,80.2558822632,39252,39313,61
12.9968004227,80.2558822632,39313,39323,10
12.997010231,80.2558670044,39323,39333,10
12.9974098206,80.2558822632,39333,39343,10
12.9977397919,80.2558822632,39343,39353,10
12.9977798462,80.2559280396,39353,39363,10
12.997759819,80.2560501099,39363,39373,10
12.9976902008,80.256187439,39373,39384,11
12.9975595474,80.256690979,39384,39394,10
12.9972295761,80.2570037842,39394,39798,404
12.9969396591,80.257019043,39798,40627,829
12.9969396591,80.257019043,40627,40638,11
12.9971704483,80.2569732666,40638,40648,10
12.9972295761,80.2567825317,40648,40658,10
12.9975404739,80.2564086914,40658,40961,303
12.997879982,80.2563476563,40961,41012,51
12.997879982,80.2563476563,41012,41022,10
12.997710228,80.256072998,41022,41042,20
12.997710228,80.256072998,41042,41052,10
12.9975004196,80.2559280396,41052,41083,31
12.9975004196,80.2559280396,41083,41093,10
12.9972400665,80.2559432983,41093,41103,10
12.9970397949,80.2559280396,41103,41113,10
12.9967803955,80.2559280396,41113,41123,10
12.9964103699,80.2559585571,41123,41133,10
12.9958400726,80.2559204102,41133,41143,10
12.9952402115,80.2559280396,41143,41153,10
12.9947099686,80.2559204102,41153,41163,10
12.9941596985,80.2559890747,41163,41174,11
12.9935302734,80.2560577393,41174,41194,20
12.9935302734,80.2560577393,41194,41204,10
12.9932003021,80.2560577393,41204,41214,10
12.9926996231,80.2560882568,41214,41224,10
12.9920597076,80.2560882568,41224,41234,10
12.9914102554,80.2560577393,41234,41244,10
12.9909496307,80.2560424805,41244,41254,10
12.9905099869,80.2559967041,41254,41265,11
12.9898996353,80.2560119629,41265,41275,10
12.9894599915,80.2559967041,41275,41285,10
12.9888496399,80.2559661865,41285,41295,10
12.9882097244,80.2559204102,41295,41305,10
12.9877004623,80.255821228,41305,41315,10
12.9871997833,80.2557220459,41315,41325,10
12.9867696762,80.2556533813,41325,41335,10
12.9863796234,80.2555999756,41335,41345,10
12.9861803055,80.2555618286,41345,41356,11
12.9859695435,80.2555236816,41356,41366,10
12.9857597351,80.2554321289,41366,41376,10
12.98554039,80.2553710938,41376,41386,10
12.9850597382,80.2553024292,41386,41396,10
12.9844198227,80.2551422119,41396,41406,10
12.983880043,80.2549972534,41406,41416,10
12.9836196899,80.2549285889,41416,41426,10
12.9832801819,80.2548217773,41426,41436,10
12.9829797745,80.2547531128,41436,41447,11
12.9826202393,80.2546310425,41447,41457,10
12.9821395874,80.2542800903,41457,41467,10
12.981880188,80.2536697388,41467,41477,10
12.9816799164,80.2529602051,41477,41487,10
12.9809799194,80.2527999878,41487,41497,10
12.9804697037,80.2528305054,41497,41507,10
12.9802904129,80.2528381348,41507,41517,10
12.9800901413,80.2528610229,41517,41527,10
12.9796800613,80.252746582,41527,41538,11
12.9790201187,80.2526626587,41538,41548,10
12.978679657,80.2525787354,41548,41558,10
12.9784097672,80.2524414063,41558,41568,10
12.9779596329,80.2521133423,41568,41578,10
12.9772195816,80.2515029907,41578,41588,10
12.9761295319,80.251121521,41588,41598,10
12.975060463,80.2508087158,41598,41608,10
12.9740104675,80.2505111694,41608,41618,10
12.9729404449,80.2502365112,41618,41629,11
12.971739769,80.2499084473,41629,41639,10
12.9707403183,80.2496414185,41639,41648,9
12.9696998596,80.2492599487,41648,41659,11
12.9686899185,80.248878479,41659,41669,10
12.9677801132,80.2484817505,41669,41679,10
12.9668397903,80.2480621338,41679,41689,10
12.9659004211,80.2476577759,41689,41699,10
12.9647903442,80.2472229004,41699,41709,10
12.9639501572,80.2469024658,41709,41720,11
12.9636001587,80.2468032837,41720,41730,10
12.9630098343,80.2464981079,41730,41740,10
12.9620895386,80.2460479736,41740,41750,10
12.9610300064,80.245552063,41750,41760,10
12.9601097107,80.2451400757,41760,41770,10
12.9594297409,80.2448425293,41770,41780,10
12.958729744,80.2445220947,41780,41790,10
12.9581003189,80.2442321777,41790,41800,10
12.9577903748,80.2441101074,41800,41811,11
12.9575195313,80.2440032959,41811,41821,10
12.9572200775,80.2438735962,41821,41831,10
12.9571695328,80.243850708,41831,41841,10
12.9568796158,80.2437362671,41841,41881,40
12.9565296173,80.2435684204,41881,41942,61
12.9565296173,80.2435684204,41942,41952,10
12.956199646,80.2433929443,41952,41962,10
12.9554796219,80.2431411743,41962,41972,10
12.9546003342,80.2427978516,41972,41982,10
12.9537401199,80.24243927,41982,41993,11
12.9526395798,80.2419815063,41993,42003,10
12.9517097473,80.2416763306,42003,42013,10
12.9514904022,80.241607666,42013,42023,10
12.9508600235,80.2413864136,42023,42033,10
12.9499797821,80.2411193848,42033,42043,10
12.9495801926,80.2409820557,42043,42053,10
12.9491195679,80.2408370972,42053,42063,10
12.9484395981,80.240562439,42063,42073,10
12.9476299286,80.240196228,42073,42084,11
12.947019577,80.2399368286,42084,42094,10
12.9461698532,80.2396011353,42094,42104,10
12.9451999664,80.2391204834,42104,42114,10
12.9442596436,80.2381362915,42114,42124,10
12.94328022,80.2371063232,42124,42134,10
12.9420204163,80.2363967896,42134,42144,10
12.9406795502,80.2360610962,42144,42154,10
12.939740181,80.235786438,42154,42164,10
12.9395399094,80.2357177734,42164,42175,11
12.9388799667,80.2353973389,42175,42185,10
12.9379997253,80.2349624634,42185,42195,10
12.9369697571,80.2344207764,42195,42205,10
12.9360599518,80.2340164185,42205,42215,10
12.9354496002,80.2337417603,42215,42225,10
12.9345903397,80.2333297729,42225,42235,10
12.9339399338,80.2330474854,42235,42245,10
12.9338798523,80.2330093384,42245,42255,10
12.9336595535,80.2328872681,42255,42266,11
12.9330396652,80.2325973511,42266,42276,10
12.9321403503,80.2322616577,42276,42286,10
12.9310398102,80.231880188,42286,42296,10
12.929889679,80.2315597534,42296,42306,10
12.9290399551,80.2313613892,42306,42316,10
12.9283800125,80.231262207,42316,42326,10
12.9275302887,80.2311401367,42326,42336,10
12.9265604019,80.2310409546,42336,42346,10
12.9256601334,80.2309265137,42346,42357,11
12.9245901108,80.230796814,42357,42367,10
12.9233798981,80.2306518555,42367,42377,10
12.9220304489,80.2304382324,42377,42387,10
12.9207000732,80.2302780151,42387,42397,10
12.9194002151,80.2301177979,42397,42407,10
12.9184398651,80.2300033569,42407,42417,10
12.9173402786,80.2298583984,42417,42427,10
12.9162797928,80.2297210693,42427,42437,10
12.915140152,80.2295837402,42437,42448,11
12.9139099121,80.2293777466,42448,42458,10
12.9133195877,80.229309082,42458,42468,10
12.9132404327,80.2292861938,42468,42478,10
12.9127998352,80.2292022705,42478,42488,10
12.9120798111,80.2290878296,42488,42498,10
12.9110803604,80.2289505005,42498,42508,10
12.9098396301,80.2287826538,42508,42518,10
12.9085302353,80.2285766602,42518,42528,10
12.907699585,80.2284622192,42528,42539,11
12.9075803757,80.2284393311,42539,42549,10
12.9071702957,80.2284011841,42549,42559,10
12.9066495895,80.2283325195,42559,42569,10
12.9059200287,80.2282791138,42569,42579,10
12.9048404694,80.2282333374,42579,42589,10
12.9036598206,80.2281570435,42589,42599,10
12.9024200439,80.2280731201,42599,42609,10
12.9012098312,80.2280197144,42609,42619,10
12.9005699158,80.2279586792,42619,42630,11
12.9002199173,80.2279815674,42630,42640,10
12.8999004364,80.2279891968,42640,42650,10
12.8996601105,80.2279815674,42650,42680,30
12.8996601105,80.2279815674,42680,42690,10
12.8993597031,80.2279510498,42690,42700,10
12.8992004395,80.2279510498,42700,42710,10
12.8990602493,80.2279281616,42710,42721,11
12.8985004425,80.2278823853,42721,42731,10
12.8976297379,80.2278137207,42731,42741,10
12.8965301514,80.2277374268,42741,42751,10
12.8952903748,80.2276992798,42751,42761,10
12.8940601349,80.2276229858,42761,42771,10
12.892950058,80.2274932861,42771,42781,10
12.892490387,80.2274475098,42781,42822,41
12.892490387,80.2274475098,42822,42832,10
12.8921203613,80.2274169922,42832,42842,10
12.8914003372,80.2274017334,42842,42852,10
12.8903398514,80.2274017334,42852,42862,10
12.8892097473,80.2273864746,42862,42872,10
12.8881597519,80.2273635864,42872,42882,10
12.8869695663,80.2272033691,42882,42892,10
12.8856801987,80.2268981934,42892,42903,11
12.8847904205,80.2267684937,42903,42913,10
12.8844203949,80.2267608643,42913,42923,10
12.8836297989,80.2267608643,42923,42933,10
12.8825502396,80.2267608643,42933,42943,10
12.8813295364,80.2267608643,42943,42953,10
12.8800401688,80.2267608643,42953,42963,10
12.8786697388,80.2267990112,42963,42973,10
12.877409935,80.2268981934,42973,42983,10
12.8766202927,80.2269897461,42983,42994,11
12.8758802414,80.2269973755,42994,43004,10
12.8748998642,80.2269210815,43004,43014,10
12.8737297058,80.2267913818,43014,43024,10
12.872759819,80.2267532349,43024,43034,10
12.8725099564,80.2267379761,43034,43044,10
12.8719797134,80.2267303467,43044,43054,10
12.8711099625,80.2266998291,43054,43064,10
12.8699998856,80.2266082764,43064,43074,10
12.8687496185,80.2264633179,43074,43085,11
12.8673400879,80.2265090942,43085,43095,10
12.8660097122,80.2266311646,43095,43105,10
12.8646602631,80.2266235352,43105,43115,10
12.8632698059,80.2265625,43115,43125,10
12.861989975,80.2266082764,43125,43135,10
12.860830307,80.226600647,43135,43145,10
12.8597402573,80.2264633179,43145,43155,10
12.8588895798,80.2263412476,43155,43165,10
12.8581600189,80.2262878418,43165,43176,11
12.8570604324,80.2263183594,43176,43186,10
12.8558101654,80.2264480591,43186,43196,10
12.8544902802,80.2265930176,43196,43206,10
12.8531103134,80.2267227173,43206,43216,10
12.8516597748,80.2266693115,43216,43226,10
12.8503398895,80.2266235352,43226,43236,10
12.8498401642,80.2266464233,43236,43246,10
12.8494997025,80.2266387939,43246,43256,10
12.8487100601,80.2266311646,43256,43267,11
12.8474798203,80.2266235352,43267,43277,10
12.8463401794,80.2266387939,43277,43287,10
12.8458499908,80.2266387939,43287,43297,10
12.8454303741,80.2266387939,43297,43307,10
12.8452796936,80.2266464233,43307,43317,10
12.844909668,80.2266616821,43317,43327,10
12.8442201614,80.2266921997,43327,43337,10
12.8432798386,80.2268066406,43337,43347,10
12.8421897888,80.2269668579,43347,43358,11
12.840880394,80.2273178101,43358,43368,10
12.8398199081,80.2276229858,43368,43398,30
12.8398199081,80.2276229858,43398,43408,10
12.8395795822,80.2277297974,43408,43418,10
12.8390102386,80.2278823853,43418,43428,10
12.8381500244,80.2281036377,43428,43438,10
12.8370399475,80.228302002,43438,43449,11
12.8356599808,80.2285232544,43449,43459,10
12.8343296051,80.2287216187,43459,43469,10
12.8330402374,80.2289581299,43469,43479,10
12.8323097229,80.229133606,43479,43489,10
12.8322496414,80.2291412354,43489,43499,10
12.8319597244,80.2292022705,43499,43509,10
12.8312702179,80.2293701172,43509,43519,10
12.8303499222,80.2296905518,43519,43529,10
12.8292598724,80.2301330566,43529,43540,11
12.8279895782,80.2307662964,43540,43550,10
12.826789856,80.231300354,43550,43560,10
12.825460434,80.2313995361,43560,43570,10
12.824090004,80.2312393188,43570,43580,10
12.8228502274,80.2308807373,43580,43590,10
12.821680069,80.2305603027,43590,43600,10
12.8206300735,80.2304916382,43600,43610,10
12.8197097778,80.2305297852,43610,43620,10
12.8188495636,80.2304916382,43620,43631,11
12.8180999756,80.230140686,43631,43641,10
12.8175096512,80.229888916,43641,43651,10
12.816619873,80.2295837402,43651,43661,10
12.8154802322,80.2294006348,43661,43671,10
12.8142995834,80.2292404175,43671,43681,10
12.8131999969,80.2289199829,43681,43691,10
12.8119401932,80.228477478,43691,43701,10
12.8106403351,80.2279815674,43701,43711,10
12.809419632,80.227432251,43711,43722,11
12.8082704544,80.2265777588,43722,43732,10
12.8072299957,80.2257003784,43732,43742,10
12.8064403534,80.2249679565,43742,43752,10
12.8056697845,80.2242965698,43752,43762,10
12.8050699234,80.224067688,43762,43772,10
12.8043403625,80.2239532471,43772,43782,10
12.8035297394,80.2238769531,43782,43792,10
12.8025197983,80.2237701416,43792,43802,10
12.8014297485,80.2236480713,43802,43813,11
12.8010101318,80.2236328125,43813,43823,10
12.8008203506,80.2236099243,43823,43833,10
12.8002195358,80.2235488892,43833,43843,10
12.7993097305,80.223449707,43843,43853,10
12.7982597351,80.2233200073,43853,43863,10
12.7969398499,80.2230987549,43863,43873,10
12.795920372,80.2229614258,43873,43883,10
12.7957000732,80.2229614258,43883,43893,10
12.7952299118,80.2228622437,43893,43904,11
12.7943201065,80.2226867676,43904,43914,10
12.7931995392,80.2225189209,43914,43924,10
12.7919998169,80.2222976685,43924,43934,10
12.7907800674,80.2220001221,43934,43944,10
12.7897396088,80.2217330933,43944,43954,10
12.789059639,80.221496582,43954,43964,10
12.7884197235,80.2212600708,43964,43974,10
12.7878198624,80.221031189,43974,43984,10
12.7874097824,80.2208709717,43984,43995,11
12.7871704102,80.2207870483,43995,44096,101
12.7871704102,80.2207870483,44096,44106,10
12.7868995667,80.220703125,44106,44116,10
12.7867698669,80.2206268311,44116,44156,40
12.7867698669,80.2206268311,44156,44166,10
12.7866001129,80.2205429077,44166,44177,11
12.7862796783,80.2203903198,44177,44187,10
12.7862596512,80.2203826904,44187,44197,10
12.7861795425,80.2206115723,44197,44207,10
12.7861700058,80.2208404541,44207,44217,10
12.7861604691,80.2210693359,44217,44227,10
12.7861795425,80.2214126587,44227,44237,10
12.7861700058,80.2214279175,44237,44247,10
12.7861795425,80.2217102051,44247,44257,10
12.7861995697,80.2220993042,44257,44925,668
12.7861995697,80.2220993042,44925,44935,10
12.7862901688,80.221862793,44935,44945,10
12.7862300873,80.2216033936,44945,44955,10
12.786239624,80.2213821411,44955,44965,10
12.7862300873,80.2211303711,44965,44975,10
12.7862195969,80.220916748,44975,44986,11
12.7862300873,80.2205810547,44986,44996,10
12.786239624,80.2205276489,44996,45006,10
12.7863502502,80.2203979492,45006,45016,10
12.7864999771,80.2204666138,45016,45026,10
12.7867202759,80.2205581665,45026,45036,10
12.7871799469,80.2207336426,45036,45046,10
12.7876501083,80.2209014893,45046,45056,10
12.7879495621,80.2210235596,45056,45066,10
12.7882795334,80.2211532593,45066,45077,11
12.7889499664,80.2213821411,45077,45087,10
12.7895698547,80.2216110229,45087,45097,10
12.7901296616,80.2217788696,45097,45107,10
12.7909803391,80.2219772339,45107,45117,10
12.7920198441,80.2222518921,45117,45127,10
12.7932901382,80.2224884033,45127,45137,10
12.7946100235,80.2227020264,45137,45147,10
12.7958202362,80.2228927612,45147,45157,10
12.7966604233,80.2230224609,45157,45168,11
12.7976799011,80.2232208252,45168,45178,10
12.7988195419,80.2233581543,45178,45188,10
12.8000602722,80.2234573364,45188,45198,10
12.8011102676,80.2235488892,45198,45208,10
12.8014802933,80.2235870361,45208,45218,10
12.8019504547,80.2236480713,45218,45228,10
12.8027296066,80.2237625122,45228,45238,10
12.8035001755,80.2238464355,45238,45248,10
12.8042802811,80.2238998413,45248,45259,11
12.8050298691,80.2240066528,45259,45269,10
12.8054800034,80.2241287231,45269,45279,10
12.8059501648,80.2244567871,45279,45289,10
12.8064804077,80.224937439,45289,45299,10
12.8071203232,80.2255020142,45299,45309,10
12.8078603745,80.2261428833,45309,45319,10
12.8087301254,80.2268676758,45319,45329,10
12.8096904755,80.2275085449,45329,45339,10
12.8107099533,80.2279586792,45339,45350,11
12.8119697571,80.2284164429,45350,45360,10
12.8131999969,80.2288589478,45360,45370,10
12.8143396378,80.2292022705,45370,45380,10
12.815489769,80.229347229,45380,45390,10
12.8167295456,80.2295303345,45390,45400,10
12.8178796768,80.2300186157,45400,45410,10
12.8190002441,80.2304763794,45410,45420,10
12.8199501038,80.2304916382,45420,45430,10
12.8210697174,80.2304611206,45430,45441,11
12.8224601746,80.23072052,45441,45451,10
12.8237895966,80.2311019897,45451,45461,10
12.8250999451,80.2313766479,45461,45471,10
12.826379776,80.2313232422,45471,45481,10
12.8275403976,80.2310028076,45481,45491,10
12.828619957,80.2303924561,45491,45501,10
12.8297300339,80.2298965454,45501,45511,10
12.8306303024,80.2295379639,45511,45521,10
12.8308897018,80.2294311523,45521,45532,11
12.8312797546,80.2293395996,45532,45542,10
12.831489563,80.2292785645,45542,45552,10
12.8318595886,80.2291793823,45552,45562,10
12.8324203491,80.229057312,45562,45572,10
12.8332700729,80.2288894653,45572,45582,10
12.8343200684,80.2286987305,45582,45592,10
12.8354501724,80.2285003662,45592,45602,10
12.8365898132,80.2283172607,45602,45612,10
12.8377599716,80.2281112671,45612,45623,11
12.8388996124,80.2278213501,45623,45633,10
12.8392496109,80.2276992798,45633,45683,50
12.8392496109,80.2276992798,45683,45693,10
12.8395595551,80.2275695801,45693,45703,10
12.8400201797,80.2275085449,45703,45714,11
12.8409204483,80.2272796631,45714,45724,10
12.8419399261,80.2270278931,45724,45734,10
12.8430299759,80.2267990112,45734,45744,10
12.8441295624,80.2266387939,45744,45754,10
12.8451004028,80.2265625,45754,45764,10
12.8453798294,80.2265396118,45764,45774,10
12.8454999924,80.2265396118,45774,45784,10
12.8459997177,80.2265396118,45784,45794,10
12.8468599319,80.2265625,45794,45805,11
12.8480596542,80.2265625,45805,45815,10
12.8492202759,80.2265472412,45815,45825,10
12.850060463,80.2265167236,45825,45835,10
12.8503198624,80.2265167236,45835,45845,10
12.8510398865,80.2265396118,45845,45855,10
12.8520202637,80.226600647,45855,45865,10
12.8531599045,80.2266387939,45865,45875,10
12.8543901443,80.2265167236,45875,45885,10
12.8556499481,80.2263793945,45885,45896,11
12.8570604324,80.2262268066,45896,45906,10
12.8582201004,80.2261810303,45906,45916,10
12.8593101501,80.2263031006,45916,45926,10
12.8604297638,80.2264633179,45926,45936,10
12.8613004684,80.2265396118,45936,45946,10
12.8622703552,80.2265167236,45946,45956,10
12.8633699417,80.2264862061,45956,45966,10
12.8644504547,80.2265319824,45966,45976,10
12.8654003143,80.2265625,45976,45987,11
12.8662996292,80.2265319824,45987,45997,10
12.8672704697,80.2264404297,45997,46007,10
12.8683300018,80.226348877,46007,46017,10
12.8694095612,80.2264404297,46017,46027,10
12.8705301285,80.2265701294,46027,46037,10
12.871629715,80.2266311646,46037,46047,10
12.8724002838,80.2266311646,46047,46057,10
12.8729000092,80.2266693115,46057,46067,10
12.8737297058,80.2266998291,46067,46078,11
12.8749599457,80.2268600464,46078,46088,10
12.8761396408,80.2269134521,46088,46098,10
12.8771095276,80.2268829346,46098,46108,10
12.8783502579,80.2267837524,46108,46118,10
12.8797597885,80.2267074585,46118,46128,10
12.8812398911,80.2266998291,46128,46138,10
12.8826503754,80.2266769409,46138,46148,10
12.884059906,80.2266387939,46148,46158,10
12.8852100372,80.2266464233,46158,46169,11
12.8855695724,80.2267074585,46169,46179,10
12.8862895966,80.2269134521,46179,46189,10
12.8872804642,80.2271575928,46189,46199,10
12.8884801865,80.2272796631,46199,46209,10
12.8898000717,80.2273025513,46209,46219,10
12.8911104202,80.2272872925,46219,46229,10
12.8922395706,80.2272796631,46229,46280,51
12.8922395706,80.2272796631,46280,46290,10
12.8926496506,80.2273406982,46290,46300,10
12.893409729,80.2274398804,46300,46310,10
12.8944196701,80.2275466919,46310,46320,10
12.8955097198,80.2276229858,46320,46330,10
12.8967103958,80.2276611328,46330,46340,10
12.8979301453,80.227722168,46340,46351,11
12.899140358,80.2277984619,46351,46361,10
12.8998603821,80.2278137207,46361,46371,10
12.9001302719,80.2278289795,46371,46381,10
12.9005098343,80.2278671265,46381,46391,10
12.9009199142,80.227897644,46391,46401,10
12.9013204575,80.2279434204,46401,46411,10
12.9016504288,80.2279586792,46411,46421,10
12.9020900726,80.2279815674,46421,46431,10
12.9023599625,80.2279815674,46431,46442,11
12.9027996063,80.2279968262,46442,46452,10
12.9034204483,80.2280197144,46452,46462,10
12.9036102295,80.2280273438,46462,46472,10
12.9039697647,80.2280578613,46472,46482,10
12.9047203064,80.2281036377,46482,46492,10
12.9052295685,80.2281036377,46492,46502,10
12.9054203033,80.2281188965,46502,46512,10
12.9057197571,80.2281417847,46512,46522,10
12.9060697556,80.2281417847,46522,46563,41
12.9060697556,80.2281417847,46563,46573,10
12.9062900543,80.2281112671,46573,46583,10
12.9066095352,80.2281417847,46583,46593,10
12.9071903229,80.2282485962,46593,46603,10
12.9081096649,80.2283935547,46603,46613,10
12.9092197418,80.2286071777,46613,46624,11
12.9104404449,80.2288208008,46624,46634,10
12.9115400314,80.2289962769,46634,46644,10
12.9127502441,80.2291564941,46644,46654,10
12.9137296677,80.2292785645,46654,46664,10
12.9139699936,80.229309082,46664,46674,10
12.9142904282,80.2293624878,46674,46684,10
12.9147796631,80.2294387817,46684,46694,10
12.9153795242,80.2295379639,46694,46704,10
12.9163198471,80.2296600342,46704,46715,11
12.917599678,80.2298431396,46715,46725,10
12.918800354,80.2300033569,46725,46735,10
12.9201002121,80.2301635742,46735,46745,10
12.9214200974,80.2303085327,46745,46755,10
12.9227199554,80.2304992676,46755,46765,10
12.9239797592,80.230682373,46765,46775,10
12.9253196716,80.2308502197,46775,46785,10
12.9266901016,80.2310028076,46785,46795,10
12.9280004501,80.2311630249,46795,46806,11
12.9292697906,80.2313766479,46806,46816,10
12.9304599762,80.2316818237,46816,46826,10
12.9316701889,80.2320404053,46826,46836,10
12.9328804016,80.2324295044,46836,46846,10
12.9336204529,80.232749939,46846,46856,10
12.9337701797,80.2328109741,46856,46866,10
12.9342899323,80.2330474854,46866,46876,10
12.9351196289,80.2334289551,46876,46886,10
12.9360904694,80.2338790894,46886,46897,11
12.937210083,80.2344207764,46897,46907,10
12.9383497238,80.2349777222,46907,46917,10
12.9393701553,80.2354812622,46917,46927,10
12.9397802353,80.2356491089,46927,46937,10
12.9400396347,80.2357711792,46937,46947,10
12.9406795502,80.2359695435,46947,46957,10
12.9415798187,80.2361831665,46957,46967,10
12.9426002502,80.2365036011,46967,46977,10
12.9434995651,80.2371368408,46977,46988,11
12.9442396164,80.2379684448,46988,46998,10
12.9450798035,80.238899231,46998,47008,10
12.9460000992,80.2394332886,47008,47018,10
12.9469404221,80.2398300171,47018,47028,10
12.9472904205,80.2399673462,47028,47038,10
12.9477901459,80.2401733398,47038,47048,10
12.9487600327,80.240562439,47048,47099,51
12.9487600327,80.240562439,47099,47109,10
12.9489898682,80.2406311035,47109,47119,10
12.9494600296,80.2408370972,47119,47129,10
12.9501495361,80.2410507202,47129,47139,10
12.9509401321,80.2412796021,47139,47149,10
12.9510402679,80.241317749,47149,47159,10
12.9512395859,80.2413864136,47159,47170,11
12.9519796371,80.2416610718,47170,47180,10
12.9527797699,80.2419815063,47180,47190,10
12.9535198212,80.2422714233,47190,47200,10
12.9540500641,80.2424621582,47200,47210,10
12.9547796249,80.2427520752,47210,47220,10
12.9554100037,80.2429962158,47220,47230,10
12.956199646,80.243270874,47230,47240,10
12.9564800262,80.2433700562,47240,47250,10
12.9570503235,80.243637085,47250,47261,11
12.9578800201,80.2440338135,47261,47271,10
12.9586200714,80.2443237305,47271,47281,10
12.9590797424,80.2445373535,47281,47291,10
12.9593000412,80.2446289063,47291,47301,10
12.9598197937,80.2448577881,47301,47311,10
12.9606399536,80.2452392578,47311,47321,10
12.9616003036,80.2456970215,47321,47331,10
12.9625701904,80.2461776733,47331,47341,10
12.963139534,80.2464523315,47341,47352,11
12.9632396698,80.2465209961,47352,47362,10
12.9635095596,80.246673584,47362,47372,10
12.96393013,80.2468414307,47372,47382,10
12.9646701813,80.2471084595,47382,47392,10
12.9656295776,80.2473983765,47392,47402,10
12.9663801193,80.2477111816,47402,47412,10
12.9668703079,80.2479324341,47412,47422,10
12.9669399261,80.2479705811,47422,47432,10
12.9672803879,80.2481613159,47432,47443,11
12.968079567,80.2485275269,47443,47453,10
12.9691200256,80.2489318848,47453,47463,10
12.9703197479,80.2493972778,47463,47473,10
12.971570015,80.2497787476,47473,47483,10
12.9727096558,80.2500762939,47483,47493,10
12.9738502502,80.2503890991,47493,47503,10
12.975060463,80.2507171631,47503,47513,10
12.9763002396,80.251083374,47513,47523,10
12.977399826,80.2514877319,47523,47534,11
12.9783201218,80.2521820068,47534,47544,10
12.9785699844,80.2523422241,47544,47554,10
12.9788999557,80.2524795532,47554,47564,10
12.979640007,80.2525863647,47564,47574,10
12.9805002213,80.2526397705,47574,47584,10
12.9812898636,80.2526016235,47584,47594,10
12.9822502136,80.252571106,47594,47604,10
12.9833498001,80.2524795532,47604,47614,10
12.984000206,80.2523117065,47614,47665,51
12.984000206,80.2523117065,47665,47675,10
12.9843997955,80.2521896362,47675,47685,10
12.9849395752,80.2520370483,47685,47695,10
12.9855203629,80.2518768311,47695,47705,10
12.9858598709,80.2517700195,47705,47827,122
12.9858598709,80.2517700195,47827,47837,10
12.986240387,80.2516174316,47837,47847,10
12.9863796234,80.2516174316,47847,47857,10
12.9867801666,80.2515335083,47857,47867,10
12.9872398376,80.251411438,47867,47877,10
12.9877500534,80.2512893677,47877,47887,10
12.9884700775,80.251121521,47887,47898,11
12.9894104004,80.2508621216,47898,47908,10
12.9895095825,80.2508468628,47908,47918,10
12.989979744,80.2507476807,47918,47928,10
12.9907798767,80.2505493164,47928,47938,10
12.991809845,80.2502975464,47938,47948,10
12.9929304123,80.2500305176,47948,47958,10
12.9940595627,80.2497787476,47958,47968,10
12.99518013,80.2495193481,47968,47978,10
12.9964504242,80.2492523193,47978,47989,11
12.9975204468,80.2489013672,47989,47999,10
12.9988298416,80.2485733032,47999,48009,10
13.0000696182,80.248260498,48009,48019,10
13.0013599396,80.2479400635,48019,48029,10
13.0020503998,80.247756958,48029,48039,10
13.0024299622,80.2476501465,48039,48049,10
13.0031995773,80.2474975586,48049,48059,10
13.0041999817,80.2473983765,48059,48069,10
13.0053300858,80.2472076416,48069,48080,11
13.0063400269,80.2467498779,48080,48090,10
13.0065498352,80.2463378906,48090,48100,10
13.0065898895,80.2460327148,48100,48110,10
13.0066404343,80.2453536987,48110,48120,10
13.0066204071,80.2444763184,48120,48130,10
13.0066003799,80.2435836792,48130,48140,10
13.0065603256,80.2425384521,48140,48150,10
13.006649971,80.2407608032,48150,48171,21
13.006649971,80.2407608032,48171,48181,10
13.0067195892,80.2403182983,48181,48191,10
13.0068597794,80.2398376465,48191,48201,10
13.0070495605,80.2389373779,48201,48211,10
13.0072402954,80.2377700806,48211,48221,10
13.0073900223,80.2369995117,48221,48231,10
13.0074195862,80.2367706299,48231,48241,10
13.0074396133,80.2367706299,48241,48251,10
13.0075397491,80.2364273071,48251,48262,11
13.0076799393,80.2357635498,48262,48272,10
13.0078601837,80.2349700928,48272,48282,10
13.0080795288,80.2339782715,48282,48292,10
13.0082597733,80.232963562,48292,48302,10
13.0084600449,80.2318572998,48302,48312,10
13.0086803436,80.2306289673,48312,48322,10
13.0089702606,80.2292480469,48322,48332,10
13.0092802048,80.2279510498,48332,48342,10
13.0098199844,80.2266998291,48342,48353,11
13.0103797913,80.2255783081,48353,48363,10
13.0108098984,80.2247161865,48363,48373,10
13.011059761,80.2241134644,48373,48383,10
13.0110797882,80.2240829468,48383,48393,10
13.0111103058,80.2239608765,48393,48403,10
13.0112304688,80.2235336304,48403,48413,10
13.0114898682,80.2228469849,48413,48423,10
13.0118398666,80.2219924927,48423,48434,11
13.0122499466,80.2214279175,48434,48444,10
13.0124397278,80.2216796875,48444,48454,10
13.0128898621,80.2222518921,48454,48464,10
13.0135698318,80.2229919434,48464,48474,10
13.0141401291,80.2237167358,48474,48484,10
13.0147304535,80.2242584229,48484,48494,10
13.0150699615,80.2245864868,48494,48504,10
13.015080452,80.2245864868,48504,48514,10
13.0151901245,80.2247314453,48514,48525,11
13.0156002045,80.2251205444,48525,48535,10
13.0158004761,80.2252578735,48535,48545,10
13.0164003372,80.2252883911,48545,48555,10
13.0172195435,80.2249984741,48555,48565,10
13.0180902481,80.224647522,48565,48575,10
13.0189199448,80.2243499756,48575,48585,10
13.0196895599,80.2244567871,48585,48605,20
13.0196895599,80.2244567871,48605,48616,11
13.0198297501,80.224609375,48616,48626,10
13.0202102661,80.2249069214,48626,48636,10
13.0207595825,80.2252883911,48636,48646,10
13.0212097168,80.2256164551,48646,48656,10
13.0214500427,80.2258071899,48656,48666,10
13.0216197968,80.2259292603,48666,48676,10
13.0218601227,80.2260971069,48676,48686,10
13.0222101212,80.2263793945,48686,48696,10
13.0225696564,80.2266769409,48696,48707,11
13.0228595734,80.2269210815,48707,48737,30
13.0229301453,80.2272109985,48737,50173,1436
13.0229301453,80.2272109985,50173,50183,10
13.0230398178,80.2273330688,50183,50193,10
13.0233097076,80.2274932861,50193,50203,10
13.0236701965,80.2277679443,50203,50213,10
13.0239896774,80.2280197144,50213,50223,10
13.0243501663,80.2283630371,50223,50254,31
13.0243501663,80.2283630371,50254,50264,10
13.0243396759,80.2286300659,50264,50274,10
13.024140358,80.2285003662,50274,50284,10
13.0238800049,80.2281417847,50284,50294,10
13.0235795975,80.2278594971,50294,50355,61
13.0233697891,80.2276611328,50355,50679,324
13.0233697891,80.2276611328,50679,50689,10
13.0233201981,80.2274703979,50689,50911,222
13.0233201981,80.2274703979,50911,50921,10
13.0232896805,80.2274627686,50921,50941,20
13.0232896805,80.2274627686,50941,50952,11
13.0230998993,80.2272186279,50952,50962,10
13.0226602554,80.2268218994,50962,50972,10
13.0221204758,80.2263717651,50972,50982,10
13.0216503143,80.2259979248,50982,50992,10
13.0211000443,80.2255706787,50992,51002,10
13.0203800201,80.2250595093,51002,51012,10
13.0198698044,80.2247390747,51012,51022,10
13.0198497772,80.2247314453,51022,51032,10
13.0197000504,80.2246398926,51032,51043,11
13.0191402435,80.2244567871,51043,51053,10
13.0183801651,80.2246398926,51053,51063,10
13.0174798965,80.2250137329,51063,51073,10
13.0165901184,80.2253799438,51073,51083,10
13.0159196854,80.2256317139,51083,51093,10
13.0151195526,80.2259521484,51093,51103,10
13.0144195557,80.2262115479,51103,51113,10
13.0142602921,80.226272583,51113,51123,10
13.01404953,80.2263870239,51123,51134,11
13.0134401321,80.2266387939,51134,51144,10
13.0126895905,80.2269134521,51144,51152,8
13.0120000839,80.2272109985,51152,51164,12
13.010840416,80.2276611328,51164,51174,10
13.0099000931,80.2280273438,51174,51184,10
13.0091495514,80.2286376953,51184,51194,10
13.008939743,80.229637146,51194,51204,10
13.0087099075,80.2308273315,51204,51214,10
13.008480072,80.2319564819,51214,51225,11
13.0082998276,80.2331085205,51225,51235,10
13.0082197189,80.2336196899,51235,51245,10
13.0081596375,80.2338027954,51245,51255,10
13.0080795288,80.2343292236,51255,51265,10
13.0079202652,80.2350769043,51265,51275,10
13.0077695847,80.2359466553,51275,51285,10
13.0075397491,80.2368927002,51285,51295,10
13.0073795319,80.2376785278,51295,51306,11
13.0072803497,80.2382888794,51306,51316,10
13.0071802139,80.238899231,51316,51326,10
13.0070800781,80.2393493652,51326,51336,10
13.0068998337,80.2400817871,51336,51407,71
13.0068998337,80.2400817871,51407,51417,10
13.0069103241,80.2404327393,51417,51427,10
13.0068502426,80.2407684326,51427,51437,10
13.0068302155,80.2408218384,51437,51447,10
13.0067996979,80.2412414551,51447,51457,10
13.006770134,80.2418899536,51457,51467,10
13.006770134,80.2426605225,51467,51477,10
13.0067501068,80.2429962158,51477,51488,11
13.0067195892,80.2433700562,51488,51498,10
13.0067195892,80.2436523438,51498,51508,10
13.0067195892,80.2442932129,51508,51538,30
13.0066900253,80.2446594238,51538,51558,20
13.0066900253,80.2446594238,51558,51568,10
13.0066900253,80.2450408936,51568,51579,11
13.0066900253,80.2452011108,51579,51589,10
13.0067396164,80.2456665039,51589,51599,10
13.0067996979,80.246307373,51599,51609,10
13.0067901611,80.2471008301,51609,51619,10
13.0065402985,80.2473983765,51619,51629,10
13.0062303543,80.2474212646,51629,51639,10
13.0060501099,80.2473983765,51639,51649,10
13.0053796768,80.2473526001,51649,51659,10
13.0045003891,80.2473983765,51659,51670,11
13.0033998489,80.2475585938,51670,51680,10
13.0028600693,80.2476425171,51680,51690,10
13.002579689,80.2477035522,51690,51700,10
13.0023803711,80.2477798462,51700,51710,10
13.0018596649,80.2479019165,51710,51720,10
13.0010404587,80.2481079102,51720,51730,10
13.0,80.2483596802,51730,51740,10
12.9989004135,80.2486572266,51740,51750,10
12.9982500076,80.248840332,51750,51761,11
12.9979496002,80.248916626,51761,51771,10
12.9972696304,80.2490692139,51771,51781,10
12.9963302612,80.2492675781,51781,51791,10
12.9952001572,80.2495269775,51791,51801,10
12.9941101074,80.2498321533,51801,51811,10
12.9930801392,80.2501220703,51811,51821,10
12.9919996262,80.2503890991,51821,51831,10
12.9912004471,80.250617981,51831,51841,10
12.9910202026,80.2506637573,51841,51852,11
12.9905099869,80.2507629395,51852,51862,10
12.9897298813,80.2509613037,51862,51872,10
12.9891004562,80.251121521,51872,51882,10
12.9889297485,80.2511978149,51882,51892,10
12.9887304306,80.2512435913,51892,51902,10
12.9887104034,80.2512512207,51902,51912,10
12.9884996414,80.2513427734,51912,51922,10
12.9882097244,80.2513885498,51922,51932,10
12.9878396988,80.2514572144,51932,51943,11
12.9870996475,80.2516403198,51943,51953,10
12.9863100052,80.2518463135,51953,51963,10
12.9853801727,80.2520828247,51963,51973,10
12.9842996597,80.2523498535,51973,51983,10
12.9831199646,80.2526092529,51983,51993,10
12.9818696976,80.2526779175,51993,52003,10
12.9807300568,80.2527084351,52003,52013,10
12.9800796509,80.2527084351,52013,52023,10
12.9795103073,80.2526779175,52023,52034,11
12.9787502289,80.2526321411,52034,52044,10
12.9785604477,80.2525634766,52044,52054,10
12.9781904221,80.2523117065,52054,52064,10
12.9776296616,80.2518005371,52064,52074,10
12.9767999649,80.2513122559,52074,52084,10
12.9757995605,80.2509918213,52084,52094,10
12.9747400284,80.2506790161,52094,52104,10
12.9736700058,80.2503814697,52104,52114,10
12.9725599289,80.2500762939,52114,52125,11
12.9713497162,80.2497634888,52125,52135,10
12.9703702927,80.249458313,52135,52145,10
12.9693698883,80.2490615845,52145,52155,10
12.9684295654,80.2487411499,52155,52165,10
12.9676504135,80.2483825684,52165,52175,10
12.9668998718,80.2480163574,52175,52185,10
12.966170311,80.2476806641,52185,52195,10
12.9654302597,80.2474136353,52195,52205,10
12.9651498795,80.2473297119,52205,52216,11
12.9650802612,80.2472991943,52216,52226,10
12.9647397995,80.2471618652,52226,52236,10
12.9642095566,80.2469711304,52236,52246,10
12.9640302658,80.2469024658,52246,52256,10
12.9637403488,80.2468032837,52256,52266,10
12.9632196426,80.2465209961,52266,52276,10
12.9623804092,80.24609375,52276,52286,10
12.9613199234,80.2455673218,52286,52296,10
12.9601202011,80.2450408936,52296,52307,11
12.9593801498,80.2447433472,52307,52317,10
12.9592399597,80.2446899414,52317,52327,10
12.9586896896,80.244430542,52327,52337,10
12.9579200745,80.244102478,52337,52347,10
12.9572896957,80.2438735962,52347,52357,10
12.9565095901,80.2435913086,52357,52398,41
12.9565095901,80.2435913086,52398,52408,10
12.9560499191,80.2434234619,52408,52418,10
12.9553499222,80.2430877686,52418,52428,10
12.9544897079,80.2427062988,52428,52438,10
12.9535598755,80.2423324585,52438,52448,10
12.9525299072,80.241897583,52448,52458,10
12.9518995285,80.2416763306,52458,52468,10
12.9516296387,80.2415771484,52468,52478,10
12.9511299133,80.2414093018,52478,52489,11
12.9504003525,80.2412033081,52489,52499,10
12.9501695633,80.2411499023,52499,52509,10
12.9498901367,80.2410507202,52509,52549,40
12.9498901367,80.2410507202,52549,52559,10
12.9498195648,80.2410736084,52559,52569,10
12.9495096207,80.2409896851,52569,52580,11
12.9491901398,80.2408828735,52580,52590,10
12.9487800598,80.2406921387,52590,52600,10
12.9481201172,80.2403869629,52600,52610,10
12.9474496841,80.2401275635,52610,52620,10
12.9472799301,80.2400512695,52620,52630,10
12.9470996857,80.2399597168,52630,52640,10
12.9465303421,80.2397079468,52640,52650,10
12.9456796646,80.2393417358,52650,52660,10
12.9447803497,80.2386703491,52660,52671,11
12.9438800812,80.2377090454,52671,52681,10
12.9429998398,80.2368164063,52681,52691,10
12.9417695999,80.2362823486,52691,52701,10
12.9405298233,80.2359771729,52701,52711,10
12.9397602081,80.2357406616,52711,52721,10
12.9396400452,80.2356872559,52721,52731,10
12.9391803741,80.2354431152,52731,52741,10
12.9383897781,80.2350387573,52741,52751,10
12.9374103546,80.2345581055,52751,52762,11
12.9364299774,80.2340927124,52762,52772,10
12.9358596802,80.2338409424,52772,52782,10
12.9354000092,80.2335891724,52782,52792,10
12.934630394,80.233253479,52792,52802,10
12.9338703156,80.2329177856,52802,52812,10
12.9338302612,80.2329025269,52812,52822,10
12.933380127,80.2326965332,52822,52832,10
12.9325895309,80.2323608398,52832,52842,10
12.9316196442,80.2320404053,52842,52853,11
12.930439949,80.2316665649,52853,52863,10
12.9295196533,80.2314376831,52863,52873,10
12.9291601181,80.2313690186,52873,52883,10
12.9287595749,80.2313079834,52883,52893,10
12.928030014,80.2311630249,52893,52903,10
12.9271097183,80.2310333252,52903,52913,10
12.926199913,80.2309570313,52913,52923,10
12.9259595871,80.2309265137,52923,52933,10
12.9254398346,80.2308578491,52933,52944,11
12.924489975,80.2307434082,52944,52954,10
12.9233598709,80.2305908203,52954,52964,10
12.92208004,80.2304000854,52964,52974,10
12.9207201004,80.23021698,52974,52984,10
12.9193401337,80.2300415039,52984,52994,10
12.9179801941,80.2298583984,52994,53004,10
12.9169301987,80.2297286987,53004,53014,10
12.9160499573,80.229598999,53014,53024,10
12.9153003693,80.2294769287,53024,53035,11
12.9143199921,80.2293395996,53035,53045,10
12.9133396149,80.2292327881,53045,53055,10
12.9131202698,80.2292175293,53055,53065,10
12.9126396179,80.2291412354,53065,53075,10
12.9118003845,80.2290420532,53075,53085,10
12.91065979,80.2288665771,53085,53095,10
12.9093904495,80.2286682129,53095,53105,10
12.908200264,80.228477478,53105,53115,10
12.9067497253,80.2283096313,53115,53176,61
12.9067497253,80.2283096313,53176,53186,10
12.9064598083,80.2282485962,53186,53196,10
12.9061403275,80.2282180786,53196,53206,10
12.9058599472,80.2282028198,53206,53217,11
12.905090332,80.2281723022,53217,53227,10
12.9041500092,80.2281188965,53227,53237,10
12.9031600952,80.2280578613,53237,53247,10
12.9021997452,80.2280197144,53247,53257,10
12.9015197754,80.228012085,53257,53267,10
12.9013595581,80.2280426025,53267,53277,10
12.9011201859,80.2279815674,53277,53287,10
12.9006299973,80.227897644,53287,53297,10
12.8996200562,80.2278671265,53297,53318,21
12.8996200562,80.2278671265,53318,53328,10
12.899430275,80.2278289795,53328,53338,10
12.8989496231,80.2277832031,53338,53348,10
12.8981800079,80.2277374268,53348,53358,10
12.8971996307,80.2276916504,53358,53368,10
12.8960695267,80.2276306152,53368,53378,10
12.8949298859,80.2275772095,53378,53388,10
12.8938598633,80.2275238037,53388,53399,11
12.8929796219,80.2274017334,53399,53409,10
12.8926000595,80.2273712158,53409,53419,10
12.8921604156,80.2273330688,53419,53429,10
12.8913602829,80.2273178101,53429,53439,10
12.8902997971,80.2273330688,53439,53449,10
12.8892202377,80.2273330688,53449,53459,10
12.8882598877,80.2272720337,53459,53469,10
12.887169838,80.227142334,53469,53479,10
12.8860998154,80.226890564,53479,53490,11
12.8850898743,80.2266998291,53490,53500,10
12.884759903,80.2266921997,53500,53510,10
12.8842201233,80.2266998291,53510,53520,10
12.8833503723,80.2266769409,53520,53530,10
12.8822803497,80.2266769409,53530,53540,10
12.8810901642,80.2266998291,53540,53550,10
12.8799104691,80.2267074585,53550,53560,10
12.8787202835,80.2267532349,53560,53570,10
12.8775100708,80.2268829346,53570,53581,11
12.8765096664,80.2269821167,53581,53591,10
12.8762798309,80.2269897461,53591,53601,10
12.8759403229,80.2269821167,53601,53611,10
12.8752002716,80.2269363403,53611,53621,10
12.874250412,80.2268066406,53621,53631,10
12.873169899,80.2267227173,53631,53641,10
12.8719902039,80.2266769409,53641,53651,10
12.8706998825,80.2266235352,53651,53661,10
12.8694000244,80.2265014648,53661,53672,11
12.8682203293,80.2264022827,53672,53682,10
12.8670396805,80.2265014648,53682,53692,10
12.8657999039,80.226600647,53692,53702,10
12.8645000458,80.2265777588,53702,53712,10
12.8631696701,80.2265167236,53712,53722,10
12.8618803024,80.2265930176,53722,53732,10
12.8605804443,80.2265625,53732,53742,10
12.859290123,80.2263793945,53742,53752,10
12.8582496643,80.226272583,53752,53763,11
12.8569202423,80.2263183594,53763,53773,10
12.8555603027,80.2264633179,53773,53783,10
12.8541297913,80.2266235352,53783,53793,10
12.8527803421,80.2266998291,53793,53803,10
12.8514204025,80.2266387939,53803,53813,10
12.850110054,80.2265930176,53813,53823,10
12.8487701416,80.2265930176,53823,53833,10
12.8474798203,80.2265930176,53833,53843,10
12.8464603424,80.2266235352,53843,53854,11
12.8457698822,80.2265930176,53854,53864,10
12.8452701569,80.2266235352,53864,53874,10
12.8451404572,80.2266082764,53874,53884,10
12.8448801041,80.2266387939,53884,53894,10
12.8441896439,80.2266998291,53894,53904,10
12.8432397842,80.2268295288,53904,53914,10
12.8421697617,80.2270278931,53914,53924,10
12.8410902023,80.2273101807,53924,53934,10
12.8402700424,80.2275390625,53934,53945,11
12.8397903442,80.2276763916,53945,53965,20
12.8397903442,80.2276763916,53965,53975,10
12.8397197723,80.2276763916,53975,53985,10
12.8394699097,80.2277374268,53985,53995,10
12.838760376,80.2279281616,53995,54005,10
12.8378000259,80.2281570435,54005,54015,10
12.8366298676,80.2283477783,54015,54025,10
12.8353700638,80.2285308838,54025,54036,11
12.8339595795,80.228767395,54036,54046,10
12.8326997757,80.2289886475,54046,54056,10
12.8319196701,80.2291488647,54056,54066,10
12.8318595886,80.2291717529,54066,54076,10
12.8316202164,80.2290725708,54076,54086,10
12.8315401077,80.228843689,54086,54096,10
12.8315200806,80.2287216187,54096,54106,10
12.8314304352,80.2281723022,54106,54116,10
12.8312501907,80.2272872925,54116,54127,11
12.8310403824,80.2260894775,54127,54137,10
12.8310499191,80.2249526978,54137,54147,10
12.8310403824,80.2245788574,54147,54157,10
12.8310499191,80.2239837646,54157,54167,10
12.8310604095,80.2230682373,54167,54177,10
12.8310604095,80.2222824097,54177,54187,10
12.8310604095,80.2219314575,54187,54197,10
12.8310604095,80.2211914063,54197,54207,10
12.8310604095,80.2202377319,54207,54218,11
12.8310604095,80.2196273804,54218,54228,10
12.8306798935,80.2194213867,54228,54238,10
12.8298997879,80.2193984985,54238,54248,10
12.8288497925,80.2194213867,54248,54258,10
12.8278598785,80.2193984985,54258,54268,10
12.8275699615,80.2194595337,54268,54278,10
12.8275604248,80.2194595337,54278,54288,10
12.8273601532,80.2194366455,54288,54298,10
12.8267097473,80.2194213867,54298,54309,11
12.8260698318,80.2194137573,54309,54319,10
12.8256196976,80.2193908691,54319,54329,10
12.8250198364,80.2194366455,54329,54339,10
12.8241195679,80.2194137573,54339,54349,10
12.8230400085,80.2194137573,54349,54359,10
12.8226804733,80.2193527222,54359,54369,10
12.8224697113,80.2190093994,54369,54379,10
12.8225402832,80.2186508179,54379,54389,10
12.8225603104,80.2178497314,54389,54400,11
12.8225803375,80.216796875,54400,54410,10
12.822640419,80.2159805298,54410,54420,10
12.8229103088,80.2159194946,54420,54430,10
12.8233995438,80.2159423828,54430,54440,10
12.8240098953,80.2159500122,54440,54449,9
12.8247003555,80.2159423828,54449,54460,11
12.8247299194,80.2159500122,54460,54469,9
12.8247299194,80.2159500122,54469,54480,11
12.8251800537,80.2159576416,54480,54491,11
12.8256998062,80.2159805298,54491,54501,10
12.8258600235,80.2163009644,54501,54511,10
12.8258600235,80.217086792,54511,54521,10
12.8258495331,80.2180862427,54521,54534,13
12.8258495331,80.2190704346,54534,54544,10
12.8260402679,80.2193069458,54544,54554,10
12.8267002106,80.219329834,54554,54564,10
12.8273601532,80.2193069458,54564,54595,31
12.8273601532,80.2193069458,54595,54605,10
12.8275499344,80.2192764282,54605,54615,10
12.8276195526,80.219291687,54615,54625,10
12.8277397156,80.2193222046,54625,54635,10
12.8278102875,80.219329834,54635,54644,9
12.8281898499,80.219329834,54644,54655,11
12.8287200928,80.2193527222,54655,54665,10
12.8296403885,80.2193832397,54665,54676,11
12.8305101395,80.2193603516,54676,54686,10
12.8309001923,80.2193603516,54686,54696,10
12.8311500549,80.2196426392,54696,54706,10
12.8311395645,80.2203598022,54706,54716,10
12.8311300278,80.2212600708,54716,54726,10
12.8311195374,80.2220306396,54726,54736,10
12.8311195374,80.2222671509,54736,54746,10
12.8311100006,80.2227325439,54746,54756,10
12.8311004639,80.2233200073,54756,54767,11
12.8311004639,80.2239685059,54767,54777,10
12.8311004639,80.2244873047,54777,54787,10
12.8311004639,80.2248001099,54787,54797,10
12.8311004639,80.2253570557,54797,54807,10
12.8311004639,80.2260818481,54807,54817,10
12.831199646,80.2268829346,54817,54827,10
12.8313703537,80.2276611328,54827,54837,10
12.8315095901,80.2283401489,54837,54847,10
12.8316402435,80.2289123535,54847,54858,11
12.8317203522,80.2291030884,54858,54868,10
12.8319101334,80.2291183472,54868,54878,10
12.8321695328,80.2290420532,54878,54888,10
12.8327598572,80.2289199829,54888,54898,10
12.8336000443,80.2287902832,54898,54908,10
12.8346004486,80.2285995483,54908,54918,10
12.8356704712,80.2284317017,54918,54928,10
12.8367395401,80.2282791138,54928,54938,10
12.8378295898,80.2281036377,54938,54949,11
12.8388996124,80.2278213501,54949,54959,10
12.8393497467,80.2277374268,54959,54969,10
12.8395004272,80.2276992798,54969,54979,10
12.8397302628,80.2276229858,54979,54989,10
12.8402996063,80.2274932861,54989,54999,10
12.8410596848,80.2272720337,54999,55009,10
12.8420295715,80.2270889282,55009,55019,10
12.8431100845,80.2268371582,55019,55029,10
12.8440303802,80.2266311646,55029,55040,11
12.8450899124,80.2265319824,55040,55050,10
12.8452596664,80.2265472412,55050,55060,10
12.8454399109,80.2265930176,55060,55070,10
12.8459596634,80.2265625,55070,55080,10
12.8467998505,80.2265472412,55080,55090,10
12.8477602005,80.2265319824,55090,55100,10
12.8487796783,80.2265319824,55100,55110,10
12.849729538,80.2265014648,55110,55120,10
12.8500499725,80.2264862061,55120,55131,11
12.8502502441,80.2264862061,55131,55141,10
12.8508396149,80.2265167236,55141,55151,10
12.8517198563,80.2265625,55151,55161,10
12.8527603149,80.2266311646,55161,55171,10
12.8539104462,80.2265701294,55171,55181,10
12.8550796509,80.2264404297,55181,55191,10
12.8562602997,80.22631073,55191,55201,10
12.8574495316,80.2261962891,55201,55211,10
12.8584403992,80.2262115479,55211,55222,11
12.8593797684,80.2263031006,55222,55232,10
12.8607797623,80.2264785767,55232,55252,20
12.8607797623,80.2264785767,55252,55262,10
12.8614597321,80.2265319824,55262,55272,10
12.8623600006,80.2264785767,55272,55282,10
12.8634395599,80.2264633179,55282,55292,10
12.8646602631,80.2265014648,55292,55302,10
12.8654098511,80.2265319824,55302,55313,11
12.8656196594,80.2265396118,55313,55323,10
12.8662204742,80.2264862061,55323,55333,10
12.867099762,80.2263870239,55333,55343,10
12.8681898117,80.2262802124,55343,55353,10
12.8692998886,80.2263717651,55353,55363,10
12.8704795837,80.2265167236,55363,55373,10
12.871629715,80.226600647,55373,55383,10
12.8725700378,80.226600647,55383,55393,10
12.8727798462,80.2266082764,55393,55404,11
12.873049736,80.2266235352,55404,55414,10
12.8737001419,80.2266464233,55414,55424,10
12.87458992,80.2267608643,55424,55434,10
12.875579834,80.2268676758,55434,55444,10
12.8763399124,80.2268829346,55444,55454,10
12.8764295578,80.2268829346,55454,55464,10
12.8765897751,80.2268600464,55464,55474,10
12.8767404556,80.226852417,55474,55484,10
12.876999855,80.2268295288,55484,55495,11
12.8777799606,80.2267684937,55495,55505,10
12.8787097931,80.2267227173,55505,55515,10
12.8797397614,80.2266693115,55515,55525,10
12.8808002472,80.2266464233,55525,55535,10
12.8819198608,80.2266311646,55535,55545,10
12.8830795288,80.2266235352,55545,55555,10
12.8842201233,80.2266082764,55555,55565,10
12.8851203918,80.2266387939,55565,55575,10
12.8858299255,80.2267837524,55575,55586,11
12.887049675,80.2270965576,55586,55596,10
12.8880901337,80.2272415161,55596,55606,10
12.8892498016,80.2272720337,55606,55616,10
12.8904104233,80.2272720337,55616,55626,10
12.8915500641,80.2272567749,55626,55636,10
12.8922796249,80.2272567749,55636,55646,10
12.8924398422,80.2272720337,55646,55656,10
12.8928604126,80.2273406982,55656,55666,10
12.8937196732,80.2274475098,55666,55677,11
12.8948402405,80.2275238037,55677,55687,10
12.8960695267,80.2275772095,55687,55697,10
12.897310257,80.2276306152,55697,55707,10
12.8985300064,80.227722168,55707,55717,10
12.8996200562,80.2277984619,55717,55727,10
12.9005699158,80.2277984619,55727,55778,51
12.9005699158,80.2277984619,55778,55788,10
12.9009895325,80.2278671265,55788,55798,10
12.9015102386,80.227897644,55798,55808,10
12.9022302628,80.2279205322,55808,55818,10
12.9025201797,80.2279510498,55818,55828,10
12.9030103683,80.2279891968,55828,55838,10
12.9037399292,80.2280273438,55838,55848,10
12.904589653,80.2280807495,55848,55859,11
12.905579567,80.2281188965,55859,55869,10
12.9061002731,80.2281417847,55869,55879,10
12.9061098099,80.2281265259,55879,55889,10
12.906419754,80.2281417847,55889,55899,10
12.9068098068,80.2282028198,55899,55909,10
12.9069404602,80.2282180786,55909,55919,10
12.9074497223,80.2282791138,55919,55929,10
12.9083003998,80.2284088135,55929,55940,11
12.9093704224,80.2285995483,55940,55950,10
12.9104204178,80.2287826538,55950,55960,10
12.911529541,80.2289733887,55960,55970,10
12.9126195908,80.2291183472,55970,55980,10
12.9135799408,80.2292404175,55980,55990,10
12.9140100479,80.2292709351,55990,56000,10
12.9141597748,80.2293624878,56000,56010,10
12.9145698547,80.2293777466,56010,56020,10
12.9152402878,80.2294692993,56020,56031,11
12.9163599014,80.229637146,56031,56041,10
12.917140007,80.2297897339,56041,56051,10
12.9175701141,80.2298431396,56051,56061,10
12.9183301926,80.229927063,56061,56071,10
12.9193296432,80.2300567627,56071,56081,10
12.9204797745,80.2302017212,56081,56091,10
12.9214696884,80.2303237915,56091,56101,10
12.9229803085,80.2305374146,56101,56111,10
12.9242801666,80.2307128906,56111,56122,11
12.9256601334,80.2308578491,56122,56132,10
12.9268703461,80.231010437,56132,56142,10
12.9280595779,80.2311477661,56142,56152,10
12.9290895462,80.2313232422,56152,56162,10
12.9301595688,80.2315826416,56162,56172,10
12.9313201904,80.231918335,56172,56182,10
12.9325304031,80.2322998047,56182,56192,10
12.9334697723,80.2326507568,56192,56202,10
12.9336204529,80.2327194214,56202,56213,11
12.9338598251,80.2328414917,56213,56223,10
12.9345703125,80.2331695557,56223,56233,10
12.9354801178,80.2335662842,56233,56243,10
12.9364404678,80.2340164185,56243,56253,10
12.9375,80.2345123291,56253,56263,10
12.9385004044,80.2350234985,56263,56273,10
12.9393396378,80.2354431152,56273,56283,10
12.9396495819,80.2356033325,56283,56293,10
12.9397497177,80.2356491089,56293,56304,11
12.940320015,80.2358627319,56304,56314,10
12.9411802292,80.2360916138,56314,56324,10
12.942150116,80.2363510132,56324,56334,10
12.9430999756,80.236831665,56334,56344,10
12.9438695908,80.2376022339,56344,56354,10
12.9445199966,80.2383117676,56354,56364,10
12.9453296661,80.239112854,56364,56374,10
12.9464998245,80.2396621704,56374,56384,10
12.9470396042,80.2398605347,56384,56395,11
12.9471101761,80.2398834229,56395,56405,10
12.9475297928,80.2400436401,56405,56415,10
12.9481401443,80.2403182983,56415,56425,10
12.9484901428,80.2404708862,56425,56435,10
12.9485197067,80.2404785156,56435,56445,10
12.9486398697,80.2405166626,56445,56455,10
12.9490499496,80.2406997681,56455,56465,10
12.9495801926,80.2408905029,56465,56475,10
12.9504003525,80.2411422729,56475,56486,11
12.9509601593,80.2412872314,56486,56496,10
12.9510498047,80.241317749,56496,56506,10
12.9514703751,80.2414474487,56506,56516,10
12.9520797729,80.2416763306,56516,56526,10
12.952750206,80.2419433594,56526,56536,10
12.9535703659,80.2422714233,56536,56546,10
12.9542303085,80.2425231934,56546,56556,10
12.9550800323,80.2428512573,56556,56566,10
12.9558200836,80.2431030273,56566,56577,11
12.9562597275,80.2432479858,56577,56587,10
12.9564599991,80.243309021,56587,56597,10
12.9570999146,80.243637085,56597,56607,10
12.9579200745,80.2440490723,56607,56617,10
12.9587202072,80.2443618774,56617,56627,10
12.9589195251,80.2444381714,56627,56637,10
12.9593000412,80.2446365356,56637,56647,10
12.9599504471,80.2449417114,56647,56657,10
12.9608001709,80.2453384399,56657,56668,11
12.9618196487,80.2458267212,56668,56678,10
12.9627304077,80.2462387085,56678,56708,30
12.9627304077,80.2462387085,56708,56718,10
12.9628400803,80.2463531494,56718,56728,10
12.9630002975,80.2464675903,56728,56738,10
12.9635095596,80.2466888428,56738,56748,10
12.9641504288,80.2469482422,56748,56759,11
12.9651498795,80.2472915649,56759,56769,10
12.9660196304,80.2475585938,56769,56779,10
12.9665603638,80.2477722168,56779,56789,10
12.9667301178,80.2478790283,56789,56799,10
12.9669399261,80.248046875,56799,56809,10
12.9675102234,80.248298645,56809,56819,10
12.968290329,80.2486114502,56819,56829,10
12.9692697525,80.2489624023,56829,56839,10
12.9703102112,80.249382019,56839,56850,11
12.9715299606,80.2497711182,56850,56860,10
12.9725999832,80.2500305176,56860,56870,10
12.9735403061,80.2502670288,56870,56880,10
12.9745397568,80.2505569458,56880,56890,10
12.9756402969,80.2508468628,56890,56900,10
12.9768104553,80.2511825562,56900,56910,10
12.9777803421,80.2517623901,56910,56920,10
12.9784202576,80.252243042,56920,56930,10
12.9785604477,80.2523422241,56930,56941,11
12.9789800644,80.2525177002,56941,56951,10
12.9795703888,80.2525787354,56951,56961,10
12.9802103043,80.2526168823,56961,56971,10
12.9808397293,80.2526168823,56971,56981,10
12.9816999435,80.2525863647,56981,56991,10
12.9826002121,80.2525634766,56991,57001,10
12.9835195541,80.2524490356,57001,57011,10
12.9845600128,80.2521514893,57011,57021,10
12.9855804443,80.2518768311,57021,57032,11
12.9867401123,80.2516098022,57032,57153,121
12.9867401123,80.2516098022,57153,57163,10
12.9871501923,80.2514801025,57163,57173,10
12.9876804352,80.2513427734,57173,57183,10
12.9884004593,80.2511825562,57183,57193,10
12.9893102646,80.2510223389,57193,57203,10
12.9895496368,80.2508926392,57203,57214,11
12.9898900986,80.2508163452,57214,57224,10
12.9905796051,80.2506103516,57224,57234,10
12.991519928,80.2503204346,57234,57244,10
12.9926099777,80.2500610352,57244,57254,10
12.9937095642,80.2498321533,57254,57264,10
12.9945497513,80.249671936,57264,57274,10
12.9959001541,80.249458313,57274,57284,10
12.9967098236,80.2490386963,57284,57294,10
12.9970502853,80.2489624023,57294,57305,11
12.9975996017,80.2488327026,57305,57315,10
12.9984703064,80.248626709,57315,57325,10
12.9995098114,80.2483596802,57325,57335,10
13.0005702972,80.2480773926,57335,57345,10
13.0016298294,80.2478179932,57345,57355,10
13.0023803711,80.2476425171,57355,57365,10
13.0033597946,80.2474975586,57365,57375,10
13.0044403076,80.2473526001,57375,57385,10
13.0053300858,80.2472076416,57385,57396,11
13.0062303543,80.246887207,57396,57406,10
13.006529808,80.2463607788,57406,57416,10
13.0065498352,80.2462615967,57416,57426,10
13.0066003799,80.24584198,57426,57436,10
13.006649971,80.2451782227,57436,57446,10
13.0066604614,80.2443695068,57446,57456,10
13.0066604614,80.2437515259,57456,57466,10
13.0066699982,80.2432403564,57466,57476,10
13.0066299438,80.2423400879,57476,57487,11
13.0066204071,80.2412796021,57487,57497,10
13.0066404343,80.2409362793,57497,57507,10
13.0067396164,80.2403717041,57507,57517,10
13.0069303513,80.2396774292,57517,57527,10
13.007109642,80.2387313843,57527,57537,10
13.0073099136,80.2376785278,57537,57547,10
13.0074100494,80.2371368408,57547,57557,10
13.0074100494,80.2371292114,57557,57567,10
13.0074300766,80.2368011475,57567,57578,11
13.0075702667,80.2363204956,57578,57588,10
13.0077104568,80.2355804443,57588,57598,10
13.0078601837,80.2347183228,57598,57608,10
13.0080699921,80.2337265015,57608,57618,10
13.0082597733,80.2326812744,57618,57628,10
13.0084695816,80.2315826416,57628,57638,10
13.0086698532,80.230506897,57638,57648,10
13.0088500977,80.2295608521,57648,57658,10
13.0090503693,80.2285308838,57658,57669,11
13.0093803406,80.2275314331,57669,57679,10
13.0098199844,80.2266235352,57679,57689,10
13.0102796555,80.2256622314,57689,57699,10
13.0107097626,80.2247314453,57699,57709,10
13.0110702515,80.2239303589,57709,57719,10
13.0113401413,80.2233428955,57719,57749,30
13.0113401413,80.2233428955,57749,57760,11
13.0114603043,80.2230606079,57760,57770,10
13.011639595,80.2226715088,57770,57780,10
13.0119600296,80.2219009399,57780,57790,10
13.0123796463,80.221496582,57790,57800,10
13.0126495361,80.2217636108,57800,57809,9
13.0130395889,80.222366333,57809,57820,11
13.0136098862,80.2230911255,57820,57830,10
13.0141897202,80.2237091064,57830,57841,11
13.0148801804,80.224357605,57841,57851,10
13.0153102875,80.2248306274,57851,57861,10
13.0156097412,80.2250900269,57861,57871,10
13.0157003403,80.225151062,57871,57881,10
13.0160999298,80.2252578735,57881,57891,10
13.0167598724,80.2251281738,57891,57901,10
13.0178403854,80.2247161865,57901,57911,10
13.0186395645,80.2244110107,57911,57921,10
13.0194501877,80.2242965698,57921,57952,31
13.0194501877,80.2242965698,57952,57962,10
13.019659996,80.2245025635,57962,57972,10
13.0199098587,80.2246704102,57972,57982,10
13.0202999115,80.2249679565,57982,57992,10
13.0207004547,80.2252807617,57992,58002,10
13.0210504532,80.2255630493,58002,58012,10
13.0215301514,80.2259292603,58012,58023,11
13.0220499039,80.2263336182,58023,58033,10
13.0226898193,80.226852417,58033,58043,10
13.0233201981,80.2274398804,58043,58053,10
13.0236701965,80.227722168,58053,58073,20
13.0236701965,80.227722168,58073,58083,10
13.0238199234,80.2278366089,58083,58093,10
13.0240602493,80.2280807495,58093,58103,10
13.0241804123,80.2281799316,58103,58114,11
13.0244102478,80.2285003662,58114,58164,50
13.0244102478,80.2285003662,58164,58174,10
13.0243797302,80.2286605835,58174,58184,10
13.0242099762,80.2286300659,58184,58194,10
13.0239896774,80.2283096313,58194,58205,11
13.0235900879,80.2278823853,58205,58356,151
13.0233898163,80.2276000977,58356,58801,445
13.0233898163,80.2276000977,58801,58811,10
13.0233697891,80.2276000977,58811,58821,10
13.0231599808,80.2274169922,58821,58832,11
13.0228700638,80.2271270752,58832,58842,10
13.0225400925,80.2267990112,58842,58852,10
13.0221204758,80.2264022827,58852,58862,10
13.021780014,80.2261199951,58862,58872,10
13.0215797424,80.2259979248,58872,58882,10
13.0211696625,80.2256774902,58882,58892,10
13.0205698013,80.2252502441,58892,58902,10
13.0200901031,80.224937439,58902,58912,10
13.019949913,80.2248535156,58912,58923,11
13.019490242,80.2245788574,58923,58933,10
13.0187397003,80.2245330811,58933,58943,10
13.0179595947,80.2248382568,58943,58953,10
13.0171804428,80.2251586914,58953,58963,10
13.0165596008,80.2254333496,58963,58973,10
13.0163402557,80.2255401611,58973,58983,10
13.0158395767,80.2257080078,58983,58993,10
13.0151395798,80.2259674072,58993,59003,10
13.01445961,80.2262420654,59003,59014,11
13.0143404007,80.2262802124,59014,59024,10
13.0141000748,80.226348877,59024,59034,10
13.0135602951,80.2265625,59034,59044,10
13.0128297806,80.2268600464,59044,59054,10
13.0119800568,80.2271881104,59054,59064,10
13.0111303329,80.2275238037,59064,59074,10
13.0101900101,80.2279129028,59074,59084,10
13.0093002319,80.2283401489,59084,59094,10
13.0090503693,80.2292022705,59094,59105,11
13.0088596344,80.2303466797,59105,59115,10
13.0087003708,80.2313537598,59115,59125,10
13.0085000992,80.232421875,59125,59135,10
13.0083303452,80.2334136963,59135,59145,10
13.0082502365,80.2337188721,59145,59155,10
13.008190155,80.23387146,59155,59165,10
13.0081396103,80.2343521118,59165,59175,10
13.0079803467,80.2350006104,59175,59196,21
13.0079803467,80.2350006104,59196,59206,10
13.007900238,80.2353134155,59206,59216,10
13.0078201294,80.2359390259,59216,59226,10
13.0076398849,80.2368774414,59226,59236,10
13.0074396133,80.2379989624,59236,59246,10
13.0072202682,80.2390594482,59246,59256,10
13.0069503784,80.2400894165,59256,59276,20
13.0069503784,80.2400894165,59276,59287,11
13.006939888,80.2403106689,59287,59327,40
13.006939888,80.2403106689,59327,59337,10
13.0069303513,80.2404174805,59337,59347,10
13.0068798065,80.2408065796,59347,59357,10
13.0068302155,80.2409973145,59357,59367,10
13.006819725,80.2415390015,59367,59378,11
13.0068101883,80.2424621582,59378,59388,10
13.0067996979,80.2433776855,59388,59398,10
13.0067796707,80.2442169189,59398,59408,10
13.0067996979,80.2452697754,59408,59418,10
13.006819725,80.2462310791,59418,59428,10
13.0068702698,80.2470169067,59428,59438,10
13.0067596436,80.2474212646,59438,59458,20
13.0067596436,80.2474212646,59458,59469,11
13.0066003799,80.247467041,59469,59479,10
13.0060195923,80.2474517822,59479,59499,20
13.0060195923,80.2474517822,59499,59509,10
13.0058898926,80.247428894,59509,59519,10
13.0056600571,80.2474136353,59519,59529,10
13.0050096512,80.2473983765,59529,59539,10
13.004119873,80.2474899292,59539,59549,10
13.0031204224,80.2476272583,59549,59560,11
13.0019197464,80.2478713989,59560,59570,10
13.0008096695,80.2481536865,59570,59580,10
12.9996004105,80.2484436035,59580,59590,10
12.9984798431,80.2487030029,59590,59600,10
12.9975404739,80.2489776611,59600,59610,10
12.9973897934,80.2490081787,59610,59620,10
12.9969501495,80.2490997314,59620,59630,10
12.9961700439,80.2493133545,59630,59640,10
12.99518013,80.2495727539,59640,59651,11
12.9939203262,80.2499008179,59651,59661,10
12.9926795959,80.2501983643,59661,59671,10
12.9915504456,80.25050354,59671,59681,10
12.9912004471,80.250617981,59681,59691,10
12.9909801483,80.2506408691,59691,59701,10
12.9903898239,80.2507781982,59701,59711,10
12.9896297455,80.2509613037,59711,59721,10
12.9887800217,80.2511978149,59721,59731,10
12.9883499146,80.2513504028,59731,59883,152
12.9883499146,80.2513504028,59883,59893,10
12.9882202148,80.2513504028,59893,59903,10
12.987950325,80.251411438,59903,59913,10
12.9875001907,80.2515182495,59913,59924,11
12.9867696762,80.2517089844,59924,59934,10
12.98595047,80.2519073486,59934,59944,10
12.9849996567,80.2521591187,59944,59954,10
12.9839401245,80.2524490356,59954,59964,10
12.9827404022,80.2526397705,59964,59974,10
12.9813995361,80.2526931763,59974,59984,10
12.9802398682,80.2527389526,59984,60004,20
12.9802398682,80.2527389526,60004,60015,11
12.9799203873,80.2527236938,60015,60025,10
12.9793701172,80.2526779175,60025,60035,10
12.9788703918,80.2526397705,60035,60045,10
12.9785699844,80.252571106,60045,60055,10
12.9784603119,80.2525024414,60055,60065,10
12.9779996872,80.2521591187,60065,60075,10
12.977350235,80.2515869141,60075,60085,10
12.9763402939,80.2511901855,60085,60095,10
12.9751501083,80.2508392334,60095,60106,11
12.9740495682,80.250541687,60106,60116,10
12.9730396271,80.2502593994,60116,60126,10
12.9722700119,80.2500610352,60126,60136,10
12.9715995789,80.2498703003,60136,60146,10
12.9707403183,80.2496185303,60146,60156,10
12.9697198868,80.2492370605,60156,60166,10
12.9686002731,80.2488327026,60166,60176,10
12.9675197601,80.2483978271,60176,60186,10
12.9666404724,80.2479782104,60186,60197,11
12.9656295776,80.2475509644,60197,60207,10
12.9651699066,80.2473983765,60207,60217,10
12.9650802612,80.2473602295,60217,60227,10
12.9646100998,80.2472000122,60227,60237,10
12.9639396667,80.246963501,60237,60247,10
12.9636201859,80.2468414307,60247,60277,30
12.9636201859,80.2468414307,60277,60288,11
12.9632997513,80.246673584,60288,60298,10
12.962679863,80.2463607788,60298,60308,10
12.961930275,80.2459869385,60308,60318,10
12.9610004425,80.2455368042,60318,60328,10
12.9599399567,80.2450485229,60328,60338,10
12.9593095779,80.2447967529,60338,60348,10
12.9592599869,80.2447891235,60348,60358,10
12.9590196609,80.244682312,60358,60368,10
12.9582901001,80.2443771362,60368,60379,11
12.9578104019,80.2441635132,60379,60389,10
12.9572401047,80.243927002,60389,60399,10
12.956489563,80.2435684204,60399,60419,20
12.956489563,80.2435684204,60419,60429,10
12.9563999176,80.2435073853,60429,60439,10
12.9559202194,80.2433319092,60439,60449,10
12.9551496506,80.2430267334,60449,60459,10
12.9542703629,80.24269104,60459,60470,11
12.9535799026,80.242401123,60470,60480,10
12.952750206,80.2420578003,60480,60490,10
12.9519100189,80.2417831421,60490,60500,10
12.9516801834,80.2416992188,60500,60510,10
12.9515600204,80.2416610718,60510,60520,10
12.9510803223,80.2414779663,60520,60530,10
12.9502601624,80.2412185669,60530,60540,10
12.9493904114,80.2409591675,60540,60550,10
12.9486703873,80.2406768799,60550,60561,11
12.9477901459,80.2403106689,60561,60571,10
12.9470996857,80.239982605,60571,60581,10
12.9462995529,80.2396469116,60581,60591,10
12.9453001022,80.2391662598,60591,60601,10
12.9443998337,80.2382736206,60601,60611,10
12.9434995651,80.2372817993,60611,60621,10
12.9424200058,80.2365036011,60621,60631,10
12.9410400391,80.2361221313,60631,60642,11
12.9398698807,80.2358322144,60642,60652,10
12.9397001266,80.2357635498,60652,60662,10
12.9393796921,80.2356109619,60662,60672,10
12.9387598038,80.2352905273,60672,60682,10
12.9378995895,80.23487854,60682,60692,10
12.936920166,80.2343826294,60692,60702,10
12.9359502792,80.2339401245,60702,60712,10
12.9350700378,80.2335205078,60712,60722,10
12.9340295792,80.2330932617,60722,60753,31
12.9340295792,80.2330932617,60753,60763,10
12.9335002899,80.2327804565,60763,60773,10
12.9327697754,80.2324676514,60773,60783,10
12.9317998886,80.2321395874,60783,60793,10
12.9306602478,80.2317733765,60793,60803,10
12.9294900894,80.2314910889,60803,60813,10
12.9283599854,80.2312698364,60813,60824,11
12.9270095825,80.2311019897,60824,60834,10
12.9261302948,80.2310333252,60834,60844,10
12.925909996,80.231010437,60844,60855,11
12.9254398346,80.2309417725,60855,60864,9
12.9247198105,80.2308425903,60864,60875,11
12.9237003326,80.2306976318,60875,60885,10
12.922539711,80.2305297852,60885,60895,10
12.9212503433,80.2303390503,60895,60905,10
12.9199199677,80.2301712036,60905,60916,11
12.9184398651,80.2299804688,60916,60926,10
12.9172697067,80.2298431396,60926,60936,10
12.9163599014,80.2297210693,60936,60946,10
12.9155397415,80.2296066284,60946,60956,10
12.9145202637,80.2294616699,60956,60966,10
12.9136600494,80.2293624878,60966,60976,10
12.9133300781,80.2293319702,60976,60986,10
12.913020134,80.2292785645,60986,60996,10
12.912320137,80.2291870117,60996,61007,11
12.9112701416,80.2290420532,61007,61017,10
12.9101104736,80.2288589478,61017,61027,10
12.9088897705,80.2286376953,61027,61037,10
12.9077596664,80.228477478,61037,61047,10
12.9066896439,80.2283401489,61047,61057,10
12.90625,80.2283172607,61057,61067,10
12.9060897827,80.2283172607,61067,61077,10
12.9055404663,80.2282791138,61077,61087,10
12.9046602249,80.2282333374,61087,61098,11
12.9034795761,80.2281417847,61098,61108,10
12.9024295807,80.2280883789,61108,61118,10
12.9017400742,80.2280426025,61118,61128,10
12.9014997482,80.2280197144,61128,61138,10
12.9013204575,80.2280197144,61138,61148,10
12.9008998871,80.2279968262,61148,61158,10
12.9004602432,80.2279586792,61158,61168,10
12.8998298645,80.2279510498,61168,61178,10
12.8993701935,80.2279434204,61178,61189,11
12.898850441,80.2279510498,61189,61199,10
12.8987197876,80.2279281616,61199,61209,10
12.8983001709,80.2278594971,61209,61219,10
12.8975400925,80.2277984619,61219,61229,10
12.8965501785,80.2277374268,61229,61239,10
12.8953695297,80.2276992798,61239,61249,10
12.8941202164,80.2276306152,61249,61259,10
12.8930397034,80.2275085449,61259,61269,10
12.8922195435,80.2274169922,61269,61280,11
12.8912000656,80.2273864746,61280,61290,10
12.890080452,80.2273788452,61290,61300,10
12.8890695572,80.2274017334,61300,61310,10
12.8880195618,80.2273406982,61310,61320,10
12.8868103027,80.2271575928,61320,61330,10
12.8850803375,80.2267837524,61330,61350,20
12.8850803375,80.2267837524,61350,61360,10
12.8849201202,80.2267684937,61360,61371,11
12.8843202591,80.2267608643,61371,61381,10
12.8834199905,80.2267608643,61381,61391,10
12.8822698593,80.2267684937,61391,61401,10
12.8810396194,80.2267913818,61401,61411,10
12.87981987,80.2267990112,61411,61421,10
12.878569603,80.2268371582,61421,61431,10
12.8774795532,80.2269210815,61431,61441,10
12.8765697479,80.2270202637,61441,61462,21
12.8765697479,80.2270202637,61462,61472,10
12.8764200211,80.2270126343,61472,61482,10
12.8757896423,80.2269821167,61482,61492,10
12.8748598099,80.2268981934,61492,61502,10
12.8737201691,80.2267684937,61502,61512,10
12.872759819,80.2267608643,61512,61522,10
12.8725595474,80.2267837524,61522,61532,10
12.8721599579,80.2267608643,61532,61542,10
12.8713903427,80.2267379761,61542,61553,11
12.8702096939,80.2266464233,61553,61563,10
12.8689699173,80.2265014648,61563,61573,10
12.867650032,80.2264862061,61573,61583,10
12.8662996292,80.2266082764,61583,61593,10
12.8649501801,80.2266387939,61593,61603,10
12.8635396957,80.2265777588,61603,61613,10
12.8622303009,80.2266082764,61613,61623,10
12.8613195419,80.2266464233,61623,61633,10
12.8611402512,80.2266616821,61633,61644,11
12.8605499268,80.2265930176,61644,61654,10
12.8597202301,80.2264709473,61654,61664,10
12.8589200974,80.2263565063,61664,61674,10
12.8584804535,80.2262878418,61674,61684,10
12.8579797745,80.226272583,61684,61694,10
12.8571395874,80.22631073,61694,61704,10
12.8561000824,80.2264099121,61704,61714,10
12.8549203873,80.2265319824,61714,61724,10
12.8536701202,80.2266616821,61724,61735,11
12.8522396088,80.2266998291,61735,61745,10
12.8509702682,80.2266387939,61745,61755,10
12.8500299454,80.2266464233,61755,61765,10
12.8497495651,80.2266464233,61765,61775,10
12.84953022,80.2266464233,61775,61785,10
12.8488998413,80.2266387939,61785,61795,10
12.8479795456,80.2266387939,61795,61805,10
12.8468503952,80.2266387939,61805,61815,10
12.8459100723,80.2266464233,61815,61826,11
12.8453702927,80.2266616821,61826,61836,10
12.8453798294,80.2266616821,61836,61846,10
12.8452196121,80.2266616821,61846,61856,10
12.8447198868,80.2266921997,61856,61866,10
12.8439798355,80.2267684937,61866,61876,10
12.8430995941,80.2269134521,61876,61886,10
12.8421201706,80.2271194458,61886,61896,10
12.8410301208,80.2273788452,61896,61906,10
12.8402299881,80.2275924683,61906,61917,11
12.8398103714,80.2277297974,61917,61927,10
12.8395299911,80.2277908325,61927,61937,10
12.8389101028,80.2279205322,61937,61947,10
12.8380203247,80.2281417847,61947,61957,10
12.836979866,80.2283172607,61957,61967,10
12.8358001709,80.2285003662,61967,61977,10
12.8345603943,80.2286834717,61977,61987,10
12.8333702087,80.2288970947,61987,61997,10
12.832449913,80.2291030884,61997,62008,11
12.8322696686,80.2291412354,62008,62018,10
12.8318796158,80.2292098999,62018,62028,10
12.8317499161,80.2292404175,62028,62038,10
12.8312196732,80.2293930054,62038,62048,10
12.8303899765,80.2296905518,62048,62058,10
12.8298196793,80.2299118042,62058,62068,10
12.8290996552,80.230178833,62068,62078,10
12.8281602859,80.2306671143,62078,62088,10
12.8270597458,80.2312164307,62088,62099,11
12.8257102966,80.2314224243,62099,62109,10
12.8246202469,80.2313995361,62109,62119,10
12.8235797882,80.2311096191,62119,62129,10
12.8224802017,80.2307510376,62129,62139,10
12.8214502335,80.2304916382,62139,62149,10
12.8203802109,80.2304763794,62149,62159,10
12.8192901611,80.2304916382,62159,62169,10
12.8189401627,80.23046875,62169,62179,10
12.8187799454,80.230430603,62179,62190,11
12.81828022,80.2302017212,62190,62200,10
12.8175096512,80.2298583984,62200,62210,10
12.8164396286,80.2295227051,62210,62220,10
12.8151903152,80.229347229,62220,62230,10
12.8138799667,80.2290725708,62230,62240,10
12.8124799728,80.2286071777,62240,62250,10
12.8110599518,80.2281036377,62250,62260,10
12.8097801208,80.2275466919,62260,62270,10
12.8086700439,80.2268371582,62270,62281,11
12.8074903488,80.2258377075,62281,62291,10
12.8066797256,80.2251205444,62291,62301,10
12.8060598373,80.224571228,62301,62311,10
12.805729866,80.2242965698,62311,62331,20
12.805729866,80.2242965698,62331,62341,10
12.8055095673,80.2241287231,62341,62351,10
12.8052501678,80.2240524292,62351,62361,10
12.8047800064,80.2239608765,62361,62372,11
12.8041400909,80.2238998413,62372,62382,10
12.803560257,80.2238616943,62382,62392,10
12.8026399612,80.2237472534,62392,62402,10
12.8016901016,80.2236328125,62402,62412,10
12.8005895615,80.2235488892,62412,62422,10
12.7996196747,80.2234725952,62422,62432,10
12.798620224,80.2233581543,62432,62442,10
12.7974596024,80.2232437134,62442,62452,10
12.7963695526,80.2230377197,62452,62463,11
12.7957801819,80.2229385376,62463,62473,10
12.7954998016,80.222869873,62473,62483,10
12.7947902679,80.2227630615,62483,62493,10
12.7937803268,80.2226028442,62493,62503,10
12.7926301956,80.2224197388,62503,62513,10
12.7916097641,80.2221908569,62513,62523,10
12.7906198502,80.2219467163,62523,62533,10
12.7898397446,80.2217407227,62533,62543,10
12.7890901566,80.2214736938,62543,62554,11
12.7883901596,80.2211990356,62554,62564,10
12.7878904343,80.2210083008,62564,62574,10
12.7872896194,80.2207717896,62574,62624,50
12.7872896194,80.2207717896,62624,62634,10
12.787150383,80.2206802368,62634,62645,11
12.7868404388,80.2205734253,62645,62655,10
12.7864398956,80.2204208374,62655,62665,10
12.7861995697,80.220413208,62665,62675,10
12.7861995697,80.220741272,62675,62685,10
12.7861995697,80.2210235596,62685,62695,10
12.7862100601,80.2213363647,62695,62705,10
12.7862501144,80.2216491699,62705,62756,51
12.7862501144,80.2216491699,62756,62766,10
12.7862596512,80.2219467163,62766,62776,10
12.7862300873,80.2221374512,62776,63120,344
12.7861995697,80.2218933105,63120,64617,1497
12.7862701416,80.222038269,64617,64839,222
12.7862701416,80.222038269,64839,64849,10
12.7862100601,80.2216110229,64849,64859,10
12.7861795425,80.2214126587,64859,64869,10
12.786190033,80.2211380005,64869,64880,11
12.7861604691,80.2205734253,64880,64910,30
12.7861604691,80.2205734253,64910,64920,10
12.7865400314,80.220489502,64920,64940,20
12.7865400314,80.220489502,64940,64950,10
12.7868499756,80.2206497192,64950,64960,10
12.7871904373,80.2207794189,64960,64971,11
12.7876901627,80.2209625244,64971,64981,10
12.7882795334,80.2211990356,64981,64991,10
12.7889299393,80.2214584351,64991,65001,10
12.7895097733,80.2216567993,65001,65011,10
12.7899303436,80.2218017578,65011,65021,10
12.7906198502,80.2219772339,65021,65031,10
12.7914896011,80.2221908569,65031,65041,10
12.792429924,80.2224197388,65041,65051,10
12.7934303284,80.2225799561,65051,65062,11
12.7944803238,80.2227172852,65062,65072,10
12.7953796387,80.2228775024,65072,65082,10
12.7964401245,80.2230377197,65082,65102,20
12.7964401245,80.2230377197,65102,65112,10
12.79666996,80.2230987549,65112,65122,10
12.79708004,80.2231826782,65122,65132,10
12.7978200912,80.2232894897,65132,65142,10
12.7987098694,80.2233886719,65142,65153,11
12.7997903824,80.223487854,65153,65163,10
12.8007698059,80.2235717773,65163,65173,10
12.8015098572,80.2236404419,65173,65183,10
12.8022003174,80.2237167358,65183,65193,10
12.8029603958,80.2238311768,65193,65203,10
12.803730011,80.2238998413,65203,65213,10
12.8044996262,80.2239685059,65213,65223,10
12.8050804138,80.224067688,65223,65233,10
12.8055095673,80.2241821289,65233,65244,11
12.805680275,80.224281311,65244,65254,10
12.8061199188,80.2246398926,65254,65264,10
12.80671978,80.2251815796,65264,65274,10
12.8073196411,80.2257080078,65274,65284,10
12.8079795837,80.226272583,65284,65294,10
12.8086595535,80.2268371582,65294,65304,10
12.8093900681,80.2273788452,65304,65314,10
12.8102502823,80.2277908325,65314,65324,10
12.8111896515,80.2281799316,65324,65335,11
12.8123197556,80.2285995483,65335,65345,10
12.8133201599,80.2289505005,65345,65355,10
12.8142204285,80.2292098999,65355,65365,10
12.8152399063,80.2293930054,65365,65375,10
12.8163499832,80.2295532227,65375,65385,10
12.8175001144,80.2298736572,65385,65395,10
12.8185796738,80.2303695679,65395,65405,10
12.8195199966,80.2305221558,65405,65415,10
12.8197402954,80.2305221558,65415,65426,11
12.8201599121,80.2304992676,65426,65436,10
12.8210000992,80.230506897,65436,65446,10
12.8220300674,80.2306518555,65446,65456,10
12.8231201172,80.23097229,65456,65466,10
12.8242101669,80.2312469482,65466,65476,10
12.8253002167,80.2314529419,65476,65486,10
12.8264598846,80.2313919067,65486,65496,10
12.8275604248,80.2310562134,65496,65506,10
12.8285999298,80.23046875,65506,65517,11
12.8297796249,80.2299423218,65517,65527,10
12.8308601379,80.2294616699,65527,65547,20
12.8308601379,80.2294616699,65547,65557,10
12.8310699463,80.2294006348,65557,65567,10
12.8313503265,80.2292785645,65567,65587,20
12.8313503265,80.2292785645,65587,65597,10
12.8316698074,80.2292022705,65597,65608,11
12.8320598602,80.2291030884,65608,65618,10
12.8326396942,80.2289962769,65618,65628,10
12.8334903717,80.2288513184,65628,65638,10
12.8344497681,80.2286834717,65638,65648,10
12.8354997635,80.2285232544,65648,65658,10
12.8366003036,80.2283477783,65658,65668,10
12.8376598358,80.2281799316,65668,65678,10
12.8385896683,80.2279663086,65678,65688,10
12.8395004272,80.2276382446,65688,65719,31
12.8395004272,80.2276382446,65719,65729,10
12.8396396637,80.2275390625,65729,65739,10
12.840089798,80.2275085449,65739,65749,10
12.8408002853,80.2273483276,65749,65759,10
12.841750145,80.2271118164,65759,65769,10
12.8428096771,80.2268829346,65769,65779,10
12.8438596725,80.2267227173,65779,65790,11
12.8449802399,80.226600647,65790,65800,10
12.8453798294,80.2265777588,65800,65810,10
12.8454399109,80.2265930176,65810,65820,10
12.8457803726,80.2265777588,65820,65840,20
12.8457803726,80.2265777588,65840,65850,10
12.8460597992,80.226600647,65850,65860,10
12.8466396332,80.2265930176,65860,65870,10
12.8474798203,80.2265777588,65870,65881,11
12.8484601974,80.2265777588,65881,65891,10
12.8493995667,80.2265625,65891,65901,10
12.8500795364,80.2265625,65901,65911,10
12.8501596451,80.2265777588,65911,65921,10
12.8506202698,80.2265930176,65921,65931,10
12.8514299393,80.2266235352,65931,65941,10
12.8523902893,80.2266769409,65941,65951,10
12.8534402847,80.2266998291,65951,65961,10
12.8545303345,80.2265777588,65961,65972,11
12.855799675,80.2264404297,65972,65982,10
12.8569698334,80.2263183594,65982,65992,10
12.8578901291,80.2262496948,65992,66002,10
12.8582401276,80.2262420654,66002,66012,10
12.8587503433,80.2262573242,66012,66022,10
12.8595695496,80.2263793945,66022,66032,10
12.8604602814,80.2265167236,66032,66042,10
12.8607997894,80.2265396118,66042,66052,10
12.8611402512,80.2265625,66052,66063,11
12.8619098663,80.2265396118,66063,66073,10
12.8628797531,80.2265014648,66073,66083,10
12.8640298843,80.2265167236,66083,66093,10
12.8652801514,80.2265625,66093,66103,10
12.8664999008,80.2265090942,66103,66113,10
12.8676395416,80.2264022827,66113,66123,10
12.8687601089,80.2263793945,66123,66133,10
12.8699302673,80.2265014648,66133,66143,10
12.8710002899,80.2265930176,66143,66154,11
12.8723096848,80.2266387939,66154,66164,10
12.872879982,80.2266387939,66164,66174,10
12.873049736,80.2266464233,66174,66184,10
12.87362957,80.2266921997,66184,66194,10
12.8744697571,80.2267913818,66194,66204,10
12.8754997253,80.2268981934,66204,66214,10
12.8763904572,80.2269210815,66214,66224,10
12.8766899109,80.2268981934,66224,66234,10
12.8768100739,80.2268981934,66234,66245,11
12.8773603439,80.2268600464,66245,66255,10
12.8781995773,80.2267990112,66255,66265,10
12.8791599274,80.2267379761,66265,66275,10
12.8802404404,80.2267227173,66275,66285,10
12.881360054,80.2267074585,66285,66295,10
12.8824901581,80.2266998291,66295,66305,10
12.8836202621,80.2266998291,66305,66315,10
12.8846197128,80.2266693115,66315,66325,10
12.8851203918,80.2266769409,66325,66336,11
12.8852996826,80.2267074585,66336,66346,10
12.8858299255,80.2268218994,66346,66356,10
12.886639595,80.2270431519,66356,66366,10
12.8875904083,80.2272567749,66366,66376,10
12.8886404037,80.2273406982,66376,66386,10
12.889749527,80.2273406982,66386,66396,10
12.8909101486,80.2273406982,66396,66406,10
12.8919401169,80.2273406982,66406,66417,11
12.8928203583,80.2274017334,66417,66427,10
12.8935003281,80.2275238037,66427,66437,10
12.8941202164,80.2276000977,66437,66447,10
12.8948602676,80.2276382446,66447,66457,10
12.8958396912,80.2276611328,66457,66467,10
12.8969497681,80.2276992798,66467,66477,10
12.8980102539,80.2277374268,66477,66487,10
12.8990802765,80.2278213501,66487,66497,10
12.8999700546,80.2278823853,66497,66508,11
12.900759697,80.227897644,66508,66518,10
12.9012098312,80.2279205322,66518,66528,10
12.9015102386,80.2279510498,66528,66538,10
12.90184021,80.2279891968,66538,66548,10
12.902469635,80.228012085,66548,66558,10
12.9029798508,80.2279968262,66558,66568,10
12.9030599594,80.2279891968,66568,66578,10
12.9031801224,80.2279891968,66578,66588,10
12.9033203125,80.228012085,66588,66599,11
12.9037399292,80.2280807495,66599,66609,10
12.904299736,80.2281112671,66609,66619,10
12.904999733,80.2281417847,66619,66629,10
12.9056797028,80.2281723022,66629,66639,10
12.9060096741,80.2281799316,66639,66649,10
12.9063997269,80.2282104492,66649,66659,10
12.9068202972,80.2282562256,66659,66669,10
12.9069404602,80.2282791138,66669,66679,10
12.9071998596,80.2283096313,66679,66690,11
12.907500267,80.2283782959,66690,66700,10
12.907959938,80.2284622192,66700,66710,10
12.9088001251,80.2285766602,66710,66720,10
12.9098501205,80.2287521362,66720,66730,10
12.9109802246,80.2289199829,66730,66740,10
12.9121398926,80.2290802002,66740,66750,10
12.9130001068,80.2292022705,66750,66760,10
12.9135198593,80.2292480469,66760,66770,10
12.913769722,80.2292709351,66770,66781,11
12.9138898849,80.2293014526,66781,66791,10
12.9143400192,80.2293624878,66791,66801,10
12.9150495529,80.2294921875,66801,66811,10
12.9159803391,80.2296295166,66811,66821,10
12.9169101715,80.2297592163,66821,66831,10
12.9177398682,80.2298736572,66831,66841,10
12.9187202454,80.2300033569,66841,66851,10
12.9195404053,80.2301177979,66851,66861,10
12.9205999374,80.2302627563,66861,66872,11
12.9219398499,80.2304382324,66872,66882,10
12.9232301712,80.2306365967,66882,66892,10
12.9245300293,80.230796814,66892,66902,10
12.9256401062,80.2309417725,66902,66912,10
12.9265003204,80.231048584,66912,66922,10
12.9273700714,80.2311477661,66922,66932,10
12.9281101227,80.2312393188,66932,66942,10
12.9284601212,80.2312774658,66942,66952,10
12.9286203384,80.2312774658,66952,66963,11
12.9288101196,80.2313232422,66963,66973,10
12.9293603897,80.2314300537,66973,66983,10
12.930150032,80.2316207886,66983,66993,10
12.9310798645,80.2318878174,66993,67003,10
12.9320402145,80.2321929932,67003,67013,10
12.9328899384,80.232460022,67013,67023,10
12.9333400726,80.2326507568,67023,67033,10
12.933429718,80.2326965332,67033,67043,10
12.9339103699,80.2329483032,67043,67054,11
12.9348096848,80.2333526611,67054,67064,10
12.9355096817,80.2336273193,67064,67074,10
12.9356298447,80.2336807251,67074,67084,10
12.9356603622,80.2336807251,67084,67094,10
12.9360399246,80.2338790894,67094,67104,10
12.9367198944,80.2342300415,67104,67114,10
12.937620163,80.2346572876,67114,67124,10
12.9386901855,80.2351837158,67124,67134,10
12.9394197464,80.2355728149,67134,67145,11
12.9395503998,80.2356185913,67145,67155,10
12.9398899078,80.2357788086,67155,67165,10
12.9405899048,80.2360305786,67165,67175,10
12.9415397644,80.2362670898,67175,67185,10
12.9426803589,80.236618042,67185,67195,10
12.9436597824,80.2373962402,67195,67205,10
12.9443798065,80.2381820679,67205,67215,10
12.9453201294,80.2391204834,67215,67225,10
12.9455795288,80.2392883301,67225,67236,11
12.9460201263,80.2395477295,67236,67246,10
12.9463996887,80.2397079468,67246,67256,10
12.9467096329,80.2398376465,67256,67266,10
12.9468402863,80.2398834229,67266,67276,10
12.9470100403,80.2399673462,67276,67367,91
12.9470100403,80.2399673462,67367,67377,10
12.9473600388,80.2401275635,67377,67387,10
12.9475002289,80.2401733398,67387,67397,10
12.9479198456,80.2403411865,67397,67407,10
12.948340416,80.2405090332,67407,67418,11
12.9487400055,80.2406463623,67418,67428,10
12.9494199753,80.2409133911,67428,67438,10
12.9503002167,80.2411727905,67438,67448,10
12.950920105,80.2413635254,67448,67458,10
12.9510803223,80.2414093018,67458,67468,10
12.951259613,80.2414779663,67468,67478,10
12.9515399933,80.2415771484,67478,67488,10
12.9518995285,80.2417221069,67488,67498,10
12.9525499344,80.2419586182,67498,67509,11
12.95333004,80.2422485352,67509,67519,10
12.9534101486,80.2422790527,67519,67529,10
12.953619957,80.2423400879,67529,67539,10
12.953909874,80.2424468994,67539,67549,10
12.9543504715,80.2426376343,67549,67559,10
12.9549703598,80.2428817749,67559,67569,10
12.955619812,80.2431182861,67569,67579,10
12.9562301636,80.243347168,67579,67589,10
12.9563598633,80.2434234619,67589,67600,11
12.9565496445,80.2434768677,67600,67610,10
12.957159996,80.2437591553,67610,67620,10
12.957909584,80.244102478,67620,67630,10
12.9583997726,80.2442779541,67630,67640,10
12.9586000443,80.2443618774,67640,67650,10
12.9586601257,80.244392395,67650,67660,10
12.9588804245,80.2444763184,67660,67670,10
12.9590396881,80.2445678711,67670,67680,10
12.9595403671,80.2447967529,67680,67691,11
12.9604196548,80.2452011108,67691,67701,10
12.9613199234,80.2456207275,67701,67711,10
12.9622097015,80.2460479736,67711,67721,10
12.9629096985,80.2464065552,67721,67731,10
12.963259697,80.24659729,67731,67741,10
12.9637403488,80.2468185425,67741,67751,10
12.9644002914,80.2470626831,67751,67761,10
12.964679718,80.2471466064,67761,67771,10
12.9650001526,80.2472763062,67771,67782,11
12.9654903412,80.2474136353,67782,67792,10
12.9656801224,80.2474975586,67792,67802,10
12.9661397934,80.2477035522,67802,67832,30
12.9661397934,80.2477035522,67832,67842,10
12.9663696289,80.2478027344,67842,67852,10
12.9667196274,80.2479400635,67852,67862,10
12.9668998718,80.2480316162,67862,67873,11
12.9670801163,80.2481613159,67873,67883,10
12.9676303864,80.2484207153,67883,67893,10
12.9684400558,80.2487182617,67893,67903,10
12.9693498611,80.2490692139,67903,67913,10
12.9702796936,80.2494277954,67913,67923,10
12.971280098,80.2497634888,67923,67933,10
12.9723796844,80.2500610352,67933,67943,10
12.9734401703,80.2503585815,67943,67953,10
12.9744796753,80.2506484985,67953,67964,11
12.9755802155,80.2509613037,67964,67973,9
12.9765996933,80.2512588501,67973,67984,11
12.9775400162,80.2516708374,67984,67994,10
12.978099823,80.2521133423,67994,68004,10
12.9783496857,80.2522964478,68004,68014,10
12.9784202576,80.2523574829,68014,68024,10
12.9787902832,80.2525405884,68024,68034,10
12.9789199829,80.2525787354,68034,68045,11
12.9791202545,80.2526168823,68045,68055,10
12.9791498184,80.2526168823,68055,68065,10
12.9793195724,80.2526397705,68065,68075,10
12.9796304703,80.2526931763,68075,68085,10
12.9801797867,80.2527236938,68085,68095,10
12.9808397293,80.2526931763,68095,68105,10
12.9816398621,80.2526397705,68105,68146,41
12.9816398621,80.2526397705,68146,68156,10
12.982000351,80.2526321411,68156,68166,10
12.9826402664,80.2526016235,68166,68176,10
12.9830904007,80.2525634766,68176,68186,10
12.9835500717,80.2525024414,68186,68196,10
12.984120369,80.2523727417,68196,68206,10
12.9846200943,80.2522277832,68206,68216,10
12.9850997925,80.2520904541,68216,68227,11
12.9857597351,80.2518997192,68227,68510,283
12.9857597351,80.2518997192,68510,68520,10
12.9858999252,80.2517700195,68520,68530,10
12.9862003326,80.2517089844,68530,68540,10
12.986579895,80.2516403198,68540,68550,10
12.9869003296,80.2515563965,68550,68560,10
12.9872503281,80.2514724731,68560,68570,10
12.9876499176,80.251373291,68570,68580,10
12.9882898331,80.2512283325,68580,68591,11
12.9891395569,80.2510223389,68591,68601,10
12.9893102646,80.2509765625,68601,68611,10
12.9896097183,80.2509384155,68611,68621,10
12.9903001785,80.2507781982,68621,68631,10
12.9912004471,80.2505493164,68631,68641,10
12.9921503067,80.2503204346,68641,68651,10
12.9929704666,80.2501220703,68651,68661,10
12.9937801361,80.2499237061,68661,68671,10
12.994720459,80.2496795654,68671,68682,11
12.995759964,80.249382019,68682,68692,10
12.9965801239,80.2491531372,68692,68702,10
12.9967699051,80.2490997314,68702,68712,10
12.9971704483,80.2490081787,68712,68722,10
12.9979400635,80.2488327026,68722,68732,10
12.9989299774,80.2485809326,68732,68742,10
13.0,80.2483215332,68742,68752,10
13.0010404587,80.2480621338,68752,68762,10
13.0018396378,80.2478790283,68762,68773,11
13.0022602081,80.247756958,68773,68783,10
13.0029602051,80.2476425171,68783,68793,10
13.0038995743,80.247467041,68793,68803,10
13.0049200058,80.2473526001,68803,68813,10
13.0058097839,80.2471389771,68813,68823,10
13.0064001083,80.2467193604,68823,68833,10
13.0065498352,80.2463607788,68833,68843,10
13.0065498352,80.2463531494,68843,68854,11
13.0065803528,80.2459411621,68854,68864,10
13.0066099167,80.2455291748,68864,68874,10
13.0065898895,80.2452697754,68874,68884,10
13.0065803528,80.2450180054,68884,68894,10
13.0065803528,80.2447662354,68894,68904,10
13.0066204071,80.2445373535,68904,68914,10
13.0065898895,80.2441635132,68914,68934,20
13.0065898895,80.2441635132,68934,68945,11
13.0066204071,80.2438735962,68945,68955,10
13.0066099167,80.2436904907,68955,68965,10
13.0065898895,80.2433700562,68965,68975,10
13.0065498352,80.2428283691,68975,68985,10
13.0065402985,80.2419662476,68985,68995,10
13.0065402985,80.2411727905,68995,69005,10
13.0066299438,80.2405700684,69005,69015,10
13.006819725,80.2398071289,69015,69025,10
13.0070199966,80.2390518188,69025,69036,11
13.0071401596,80.2381210327,69036,69046,10
13.0072603226,80.2375183105,69046,69056,10
13.0073204041,80.2369995117,69056,69066,10
13.0073404312,80.2369308472,69066,69076,10
13.007399559,80.2366867065,69076,69086,10
13.007519722,80.2362136841,69086,69096,10
13.0076198578,80.235710144,69096,69106,10
13.0076398849,80.2355575562,69106,69116,10
13.0077104568,80.2352600098,69116,69127,11
13.0078201294,80.234703064,69127,69137,10
13.0080099106,80.2340316772,69137,69147,10
13.0081501007,80.2331771851,69147,69157,10
13.0083398819,80.2322235107,69157,69167,10
13.0085201263,80.2312164307,69167,69177,10
13.0087404251,80.2301712036,69177,69187,10
13.0089197159,80.2291793823,69187,69197,10
13.009180069,80.2281799316,69197,69207,10
13.0095396042,80.2273101807,69207,69218,11
13.0097703934,80.2268600464,69218,69278,60
13.0097703934,80.2268600464,69278,69288,10
13.0100097656,80.2263870239,69288,69298,10
13.0101203918,80.2260818481,69298,69309,11
13.0102701187,80.225730896,69309,69319,10
13.0103998184,80.2254562378,69319,69329,10
13.0105104446,80.2252426147,69329,69339,10
13.0106401443,80.2250289917,69339,69349,10
13.0107498169,80.2248001099,69349,69359,10
13.0110797882,80.2238998413,69359,69400,41
13.0111999512,80.2235031128,69400,69430,30
13.0111999512,80.2235031128,69430,69440,10
13.0113201141,80.2231903076,69440,69450,10
13.0115404129,80.2227630615,69450,69460,10
13.0117101669,80.2222900391,69460,69470,10
13.0119600296,80.2217330933,69470,69480,10
13.0122003555,80.2214813232,69480,69491,11
13.0124797821,80.2217178345,69491,69501,10
13.0128898621,80.2222366333,69501,69511,10
13.0132904053,80.2227478027,69511,69521,10
13.0137300491,80.2232437134,69521,69531,10
13.0139198303,80.2234191895,69531,69541,10
13.0140304565,80.2235336304,69541,69551,10
13.0142602921,80.2238311768,69551,69561,10
13.0146999359,80.2242965698,69561,69571,10
13.0153398514,80.224937439,69571,69592,21
13.0153398514,80.224937439,69592,69602,10
13.0154600143,80.2251281738,69602,69612,10
13.0159597397,80.2254180908,69612,69622,10
13.0168895721,80.2252426147,69622,69632,10
13.017829895,80.224861145,69632,69642,10
13.0184297562,80.2246017456,69642,69652,10
13.0188703537,80.2244262695,69652,69662,10
13.0194301605,80.2244033813,69662,69703,41
13.0194301605,80.2244033813,69703,69713,10
13.0196800232,80.2245330811,69713,69723,10
13.0200195313,80.2248001099,69723,69733,10
13.020409584,80.2250976563,69733,69743,10
13.0208501816,80.2254104614,69743,69753,10
13.0212402344,80.2257614136,69753,69764,11
13.0215997696,80.2260284424,69764,69774,10
13.0220298767,80.2263412476,69774,69784,10
13.0224599838,80.2267227173,69784,69794,10
13.0230398178,80.2272262573,69794,69804,10
13.0235204697,80.2276687622,69804,69814,10
13.0237598419,80.2278289795,69814,69844,30
13.0237598419,80.2278289795,69844,69855,11
13.0239095688,80.2279815674,69855,69865,10
13.0240497589,80.2281112671,69865,69905,40
13.0240497589,80.2281112671,69905,69915,10
13.0242996216,80.2284317017,69915,69996,81
13.0242996216,80.2284317017,69996,70006,10
13.0243797302,80.2287216187,70006,70016,10
13.0240802765,80.2284698486,70016,70026,10
13.0235700607,80.2279129028,70026,70067,41
13.0233402252,80.2276306152,70067,70542,475
13.0233402252,80.2276306152,70542,70552,10
13.0232095718,80.2275238037,70552,70562,10
13.0229797363,80.2272720337,70562,70573,11
13.0224504471,80.2267684937,70573,70583,10
13.0217199326,80.2261505127,70583,70593,10
13.020939827,80.2255477905,70593,70603,10
13.0201997757,80.2250595093,70603,70613,10
13.0199098587,80.2248535156,70613,70623,10
13.0198402405,80.2248077393,70623,70633,10
13.019490242,80.2245864868,70633,70643,10
13.0187997818,80.2245025635,70643,70653,10
13.0180702209,80.2248001099,70653,70664,11
13.0171098709,80.225189209,70664,70674,10
13.0164203644,80.225479126,70674,70684,10
13.0159597397,80.2256393433,70684,70694,10
13.0153503418,80.2258377075,70694,70704,10
13.0146903992,80.2260971069,70704,70714,10
13.0143203735,80.2262573242,70714,70724,10
13.0141801834,80.2262878418,70724,70734,10
13.0136604309,80.2264785767,70734,70744,10
13.0129003525,80.2267913818,70744,70755,11
13.0119104385,80.2271881104,70755,70765,10
13.0109300613,80.2276000977,70765,70775,10
13.0099201202,80.228012085,70775,70785,10
13.0091600418,80.2284317017,70785,70795,10
13.0090198517,80.2291488647,70795,70805,10
13.0088500977,80.2301101685,70805,70815,10
13.0086603165,80.2311706543,70815,70825,10
13.0084600449,80.2322387695,70825,70835,10
13.0082998276,80.2332763672,70835,70846,11
13.0081996918,80.2336578369,70846,70856,10
13.008099556,80.2340164185,70856,70866,10
13.0080299377,80.2344207764,70866,70876,10
13.0079698563,80.2346191406,70876,70886,10
13.0078802109,80.2350234985,70886,70896,10
13.0077695847,80.2356796265,70896,70906,10
13.0077104568,80.2359924316,70906,70916,10
13.0076303482,80.2364196777,70916,70926,10
13.0075397491,80.2368927002,70926,70937,11
13.0074596405,80.2372589111,70937,70947,10
13.0073900223,80.2376098633,70947,70957,10
13.0073299408,80.2379302979,70957,70967,10
13.0072402954,80.2384567261,70967,70977,10
13.007109642,80.2391967773,70977,70987,10
13.0069198608,80.2399368286,70987,71078,91
13.0069198608,80.2399368286,71078,71088,10
13.0067996979,80.2406387329,71088,71098,10
13.0067396164,80.2412261963,71098,71109,11
13.0067195892,80.2421722412,71109,71119,10
13.0066995621,80.2430114746,71119,71139,20
13.0066995621,80.2430114746,71139,71149,10
13.0066604614,80.2434234619,71149,71179,30
13.0066604614,80.2434234619,71179,71189,10
13.0066299438,80.243888855,71189,71280,91
13.0066299438,80.243888855,71280,71291,11
13.0066404343,80.2446136475,71291,71301,10
13.0066404343,80.2450332642,71301,71311,10
13.0066604614,80.2454681396,71311,71321,10
13.0066995621,80.2461166382,71321,71331,10
13.0067396164,80.2467803955,71331,71341,10
13.0066404343,80.2473678589,71341,71351,10
13.0062599182,80.2474594116,71351,71361,10
13.0060596466,80.2474365234,71361,71371,10
13.0058803558,80.247428894,71371,71382,11
13.0052404404,80.2474212646,71382,71392,10
13.004360199,80.2474975586,71392,71402,10
13.0032300949,80.2476425171,71402,71412,10
13.0023002625,80.2478179932,71412,71422,10
13.0013399124,80.2480316162,71422,71432,10
13.0002298355,80.248298645,71432,71442,10
12.9991102219,80.248588562,71442,71452,10
12.9982099533,80.2488632202,71452,71462,10
12.9979400635,80.2489089966,71462,71473,11
12.9974498749,80.2490081787,71473,71483,10
12.9966697693,80.2491836548,71483,71493,10
12.9956798553,80.2494506836,71493,71503,10
12.9945898056,80.249710083,71503,71513,10
12.9934597015,80.25,71513,71523,10
12.9924497604,80.2502593994,71523,71533,10
12.9913797379,80.250541687,71533,71543,10
12.9909095764,80.2506637573,71543,71553,10
12.9906396866,80.2507095337,71553,71564,11
12.9900102615,80.2508926392,71564,71574,10
12.9896402359,80.2509765625,71574,71584,10
12.9893598557,80.2510528564,71584,71594,10
12.9892396927,80.2510604858,71594,71604,10
12.9889497757,80.251121521,71604,71614,10
12.9887599945,80.251159668,71614,71624,10
12.9884500504,80.2512817383,71624,71968,344
12.9884500504,80.2512817383,71968,71978,10
12.9879999161,80.2514266968,71978,71988,10
12.9876499176,80.2515029907,71988,71998,10
12.9873504639,80.2515792847,71998,72009,11
12.9870700836,80.251663208,72009,72019,10
12.9865598679,80.2517929077,72019,72029,10
12.9860696793,80.2519073486,72029,72039,10
12.985449791,80.2520523071,72039,72049,10
12.9848899841,80.2521820068,72049,72059,10
12.98416996,80.2523803711,72059,72069,10
12.9834098816,80.2525634766,72069,72079,10
12.9820995331,80.2526779175,72079,72089,10
12.9811897278,80.2527084351,72089,72100,11
12.9802598953,80.2528076172,72100,72120,20
12.9802598953,80.2528076172,72120,72130,10
12.9800100327,80.2527770996,72130,72140,10
12.9795999527,80.2527236938,72140,72150,10
12.9789896011,80.2526779175,72150,72160,10
12.9785995483,80.2526397705,72160,72170,10
12.9783802032,80.252532959,72170,72180,10
12.977809906,80.2520904541,72180,72191,11
12.9769802094,80.2514419556,72191,72201,10
12.9760198593,80.251121521,72201,72211,10
12.9750299454,80.2508392334,72211,72221,10
12.9740400314,80.2505569458,72221,72231,10
12.9730195999,80.2502822876,72231,72241,10
12.9720697403,80.2500305176,72241,72251,10
12.9710302353,80.2497634888,72251,72261,10
12.970000267,80.249420166,72261,72271,10
12.9690198898,80.2490234375,72271,72282,11
12.968000412,80.248588562,72282,72292,10
12.9675703049,80.2484512329,72292,72302,10
12.9671497345,80.248260498,72302,72312,10
12.9665498734,80.2479476929,72312,72322,10
12.9658603668,80.2476272583,72322,72332,10
12.9652795792,80.2474365234,72332,72342,10
12.9652204514,80.2474136353,72342,72352,10
12.9651203156,80.2473526001,72352,72362,10
12.9646501541,80.2472000122,72362,72373,11
12.9639101028,80.2469100952,72373,72393,20
12.9639101028,80.2469100952,72393,72403,10
12.9637403488,80.2468566895,72403,72413,10
12.9633903503,80.246711731,72413,72423,10
12.9627399445,80.2463912964,72423,72433,10
12.9619102478,80.2459793091,72433,72443,10
12.9610300064,80.2455596924,72443,72453,10
12.9600896835,80.2451477051,72453,72464,11
12.9593000412,80.2448272705,72464,72474,10
12.9592695236,80.2447967529,72474,72484,10
12.9589796066,80.2446594238,72484,72494,10
12.9583597183,80.2443695068,72494,72504,10
12.9576997757,80.2441101074,72504,72514,10
12.9570302963,80.243888855,72514,72524,10
12.9563999176,80.2436676025,72524,72555,31
12.9563999176,80.2436676025,72555,72565,10
12.9558401108,80.2434387207,72565,72575,10
12.9551296234,80.2430725098,72575,72585,10
12.9543600082,80.242729187,72585,72595,10
12.9535102844,80.2423706055,72595,72605,10
12.9524898529,80.2419815063,72605,72615,10
12.9518499374,80.2417831421,72615,72625,10
12.9515600204,80.2416915894,72625,72635,10
12.9511299133,80.2415237427,72635,72646,11
12.9503898621,80.2412796021,72646,72666,20
12.9503898621,80.2412796021,72666,72676,10
12.9501800537,80.2412185669,72676,72686,10
12.9496097565,80.2410812378,72686,72696,10
12.9490699768,80.2408905029,72696,72706,10
12.9483804703,80.2405929565,72706,72716,10
12.9475402832,80.2402420044,72716,72726,10
12.9472303391,80.2401123047,72726,72737,11
12.9469995499,80.240020752,72737,72747,10
12.946439743,80.2397766113,72747,72757,10
12.9456796646,80.2394485474,72757,72767,10
12.9449596405,80.2389602661,72767,72777,10
12.9443702698,80.2383422852,72777,72787,10
12.9435195923,80.2373962402,72787,72797,10
12.9428396225,80.2367782593,72797,72807,10
12.941860199,80.236366272,72807,72817,10
12.940779686,80.2361068726,72817,72828,11
12.9398899078,80.2358932495,72828,72838,10
12.9397602081,80.2358016968,72838,72848,10
12.9393596649,80.2356491089,72848,72858,10
12.9386997223,80.2352981567,72858,72868,10
12.9378299713,80.23487854,72868,72878,10
12.9370002747,80.2344589233,72878,72888,10
12.936340332,80.234161377,72888,72898,10
12.9360704422,80.2340393066,72898,72908,10
12.9360599518,80.2340393066,72908,72919,11
12.9357500076,80.2339019775,72919,72929,10
12.9351301193,80.2335891724,72929,72939,10
12.9342603683,80.2332077026,72939,72949,10
12.9337596893,80.233001709,72949,72959,10
12.9336900711,80.2329483032,72959,72969,10
12.9332199097,80.2327423096,72969,72979,10
12.9324502945,80.2324295044,72979,72989,10
12.9314403534,80.2321014404,72989,72999,10
12.9303703308,80.2317581177,72999,73010,11
12.9289102554,80.2314224243,73010,73030,20
12.9289102554,80.2314224243,73030,73040,10
12.9286003113,80.2313690186,73040,73050,10
12.9280500412,80.231262207,73050,73060,10
12.9273300171,80.2311706543,73060,73070,10
12.9265899658,80.2310791016,73070,73080,10
12.9260501862,80.2310180664,73080,73090,10
12.9259300232,80.2310333252,73090,73101,11
12.9254999161,80.23097229,73101,73111,10
12.9247598648,80.2308731079,73111,73121,10
12.9238195419,80.2307510376,73121,73131,10
12.9226903915,80.2305908203,73131,73141,10
12.9214696884,80.2303924561,73141,73151,10
12.9201803207,80.2302322388,73151,73161,10
12.9189395905,80.2300720215,73161,73171,10
12.9177103043,80.2298965454,73171,73182,11
12.9165496826,80.2297668457,73182,73192,10
12.9153995514,80.2296295166,73192,73202,10
12.9143800735,80.2294769287,73202,73212,10
12.913769722,80.2293701172,73212,73222,10
12.9132604599,80.2293624878,73222,73232,10
12.9131097794,80.2293167114,73232,73242,10
12.9126195908,80.2292175293,73242,73252,10
12.9117603302,80.2290802002,73252,73262,10
12.9108400345,80.2289428711,73262,73273,11
12.9096403122,80.2287597656,73273,73283,10
12.9085998535,80.2286071777,73283,73293,10
12.9075403214,80.2284469604,73293,73323,30
12.9075403214,80.2284469604,73323,73333,10
12.9073295593,80.2284393311,73333,73343,10
12.9068803787,80.2283782959,73343,73353,10
12.9063997269,80.2283096313,73353,73364,11
12.906080246,80.2282791138,73364,73374,10
12.9054403305,80.2282333374,73374,73384,10
12.9046497345,80.228187561,73384,73394,10
12.9038600922,80.2281570435,73394,73404,10
12.9029102325,80.2281265259,73404,73414,10
12.9023704529,80.2281036377,73414,73424,10
12.9019498825,80.2280807495,73424,73434,10
12.901550293,80.2280502319,73434,73444,10
12.9011201859,80.2280731201,73444,73455,11
12.9008102417,80.2280197144,73455,73465,10
12.9006299973,80.2279968262,73465,73475,10
12.9002304077,80.2279815674,73475,73485,10
12.8999996185,80.2279815674,73485,73495,10
12.8999700546,80.2279815674,73495,73505,10
12.899889946,80.2279510498,73505,73515,10
12.8996696472,80.2279205322,73515,73525,10
12.8994903564,80.2279205322,73525,73535,10
12.8992395401,80.2278823853,73535,73546,11
12.8984699249,80.2278137207,73546,73556,10
12.8974895477,80.2277526855,73556,73566,10
12.8963403702,80.2276916504,73566,73576,10
12.8951396942,80.2276382446,73576,73586,10
12.8939399719,80.2275924683,73586,73596,10
12.8929004669,80.2274475098,73596,73606,10
12.8924398422,80.2274017334,73606,73616,10
12.8917999268,80.2273712158,73616,73626,10
12.8908901215,80.2273712158,73626,73637,11
12.8897895813,80.2273712158,73637,73647,10
12.8887395859,80.2273712158,73647,73657,10
12.8875999451,80.2272720337,73657,73667,10
12.8864202499,80.2270431519,73667,73677,10
12.8854598999,80.2268218994,73677,73687,10
12.8851299286,80.2267837524,73687,73697,10
12.8850002289,80.2267684937,73697,73707,10
12.8846702576,80.2267227173,73707,73717,10
12.883939743,80.2266998291,73717,73728,11
12.8828201294,80.2267074585,73728,73738,10
12.8816404343,80.2267227173,73738,73748,10
12.8804197311,80.2267303467,73748,73758,10
12.8791704178,80.2267532349,73758,73768,10
12.8779096603,80.2268371582,73768,73778,10
12.876950264,80.2269515991,73778,73788,10
12.8763599396,80.2270202637,73788,73798,10
12.8762197495,80.2270278931,73798,73808,10
12.8758296967,80.2270202637,73808,73819,11
12.8749303818,80.2269287109,73819,73829,10
12.8739004135,80.2267837524,73829,73839,10
12.8728399277,80.2267303467,73839,73849,10
12.8717498779,80.2266693115,73849,73859,10
12.8705396652,80.2266082764,73859,73869,10
12.8692903519,80.2264709473,73869,73879,10
12.8679895401,80.2263870239,73879,73889,10
12.866689682,80.2265319824,73889,73899,10
12.8654003143,80.226600647,73899,73910,11
12.8640604019,80.2265930176,73910,73920,10
12.8627700806,80.2265625,73920,73930,10
12.8615598679,80.226600647,73930,73940,10
12.8603897095,80.2265625,73940,73950,10
12.8592395782,80.2263870239,73950,73960,10
12.858590126,80.2263183594,73960,73970,10
12.8582801819,80.2263031006,73970,73980,10
12.8577899933,80.2262496948,73980,73990,10
12.857000351,80.2263031006,73990,74001,11
12.8558397293,80.2264328003,74001,74011,10
12.8545398712,80.2265625,74011,74021,10
12.8531904221,80.2266998291,74021,74031,10
12.8518400192,80.2266616821,74031,74041,10
12.8507604599,80.2266235352,74041,74051,10
12.8500995636,80.2266235352,74051,74061,10
12.8497800827,80.2266387939,74061,74071,10
12.8494701385,80.2266387939,74071,74081,10
12.8487195969,80.2266311646,74081,74092,11
12.8475704193,80.2266235352,74092,74102,10
12.8465204239,80.2266387939,74102,74112,10
12.845410347,80.2266616821,74112,74132,20
12.845410347,80.2266616821,74132,74142,10
12.845290184,80.2266693115,74142,74152,10
12.844909668,80.2266998291,74152,74162,10
12.8442802429,80.2267532349,74162,74172,10
12.8433799744,80.2268600464,74172,74183,11
12.8424396515,80.2270431519,74183,74193,10
12.8411998749,80.2273178101,74193,74203,10
12.8402204514,80.2276229858,74203,74213,10
12.8397102356,80.2278366089,74213,74233,20
12.8397102356,80.2278366089,74233,74243,10
12.8393096924,80.2279663086,74243,74253,10
12.8385896683,80.2280807495,74253,74263,10
12.8375997543,80.2282791138,74263,74274,11
12.8363599777,80.2284393311,74274,74284,10
12.8353099823,80.2286071777,74284,74294,10
12.8342199326,80.2287826538,74294,74304,10
12.8330602646,80.2289886475,74304,74314,10
12.8320903778,80.2291793823,74314,74324,10
12.8318099976,80.2292480469,74324,74334,10
12.831700325,80.2292785645,74334,74344,10
12.8315095901,80.2290267944,74344,74354,10
12.831489563,80.2288131714,74354,74365,11
12.8313703537,80.2281112671,74365,74375,10
12.8311901093,80.2272033691,74375,74385,10
12.8310098648,80.2260818481,74385,74395,10
12.8310203552,80.224937439,74395,74405,10
12.8310203552,80.2245864868,74405,74415,10
12.831029892,80.2239685059,74415,74425,10
12.8310403824,80.2230606079,74425,74435,10
12.8310403824,80.2223129272,74435,74445,10
12.8310403824,80.222076416,74445,74456,11
12.8310499191,80.2213897705,74456,74466,10
12.8310403824,80.2204818726,74466,74476,10
12.8310403824,80.2197799683,74476,74486,10
12.8308801651,80.2194900513,74486,74496,10
12.8302001953,80.2194976807,74496,74506,10
12.8292598724,80.2194976807,74506,74516,10
12.8282604218,80.2194976807,74516,74526,10
12.8276395798,80.2194976807,74526,74537,11
12.8273601532,80.2195205688,74537,74547,10
12.8272895813,80.2195129395,74547,74557,10
12.8269701004,80.2194976807,74557,74567,10
12.826379776,80.2194976807,74567,74577,10
12.8260498047,80.2194824219,74577,74587,10
12.8257904053,80.2193069458,74587,74597,10
12.825799942,80.2191619873,74597,74607,10
12.8258199692,80.2186431885,74607,74617,10
12.8258199692,80.2178726196,74617,74629,12
12.8258304596,80.217010498,74629,74639,10
12.8258199692,80.2162322998,74639,74649,10
12.8256101608,80.2160186768,74649,74659,10
12.8251895905,80.216003418,74659,74669,10
12.8246202469,80.2160568237,74669,74679,10
12.8243398666,80.2160491943,74679,74689,10
12.8239002228,80.2160491943,74689,74699,10
12.8232498169,80.2160415649,74699,74709,10
12.822810173,80.2160263062,74709,74720,11
12.8226203918,80.216217041,74720,74730,10
12.8226299286,80.2168731689,74730,74740,10
12.8226299286,80.2177276611,74740,74750,10
12.8226203918,80.2185592651,74750,74760,10
12.8226203918,80.2192001343,74760,74770,10
12.822719574,80.2194366455,74770,74780,10
12.8232402802,80.2194366455,74780,74790,10
12.823969841,80.2194137573,74790,74800,10
12.8247003555,80.2193832397,74800,74811,11
12.825340271,80.2193069458,74811,74821,10
12.8256397247,80.2193374634,74821,74831,10
12.8263101578,80.2193527222,74831,74841,10
12.82695961,80.219367981,74841,74851,10
12.8270902634,80.2193832397,74851,74861,10
12.827340126,80.2193984985,74861,74972,111
12.827340126,80.2193984985,74972,74982,10
12.8277301788,80.2194595337,74982,74993,11
12.8283004761,80.2194671631,74993,75003,10
12.8291196823,80.2194671631,75003,75013,10
12.8301401138,80.2194900513,75013,75023,10
12.8308200836,80.2194671631,75023,75033,10
12.8310899734,80.2195968628,75033,75043,10
12.8311595917,80.2202682495,75043,75053,10
12.8311300278,80.2211837769,75053,75063,10
12.8311195374,80.2221221924,75063,75094,31
12.8311195374,80.2221221924,75094,75104,10
12.8311300278,80.2225418091,75104,75114,10
12.8311195374,80.2233428955,75114,75124,10
12.8311004639,80.2242965698,75124,75134,10
12.8311004639,80.2247619629,75134,75144,10
12.8311004639,80.2254333496,75144,75154,10
12.8311100006,80.2263870239,75154,75164,10
12.8313302994,80.2275314331,75164,75175,11
12.8315601349,80.2286834717,75175,75185,10
12.831700325,80.2291488647,75185,75205,20
12.831700325,80.2291488647,75205,75215,10
12.8318996429,80.2291793823,75215,75225,10
12.832400322,80.229057312,75225,75235,10
12.83314991,80.2289276123,75235,75245,10
12.8339500427,80.2287826538,75245,75255,10
12.8347797394,80.2286376953,75255,75266,11
12.8360004425,80.2284622192,75266,75276,10
12.836979866,80.2283096313,75276,75286,10
12.8378801346,80.2281265259,75286,75296,10
12.8387298584,80.227897644,75296,75316,20
12.8387298584,80.227897644,75316,75326,10
12.8388395309,80.2278823853,75326,75336,10
12.8391704559,80.2277297974,75336,75367,31
12.8391704559,80.2277297974,75367,75377,10
12.8395004272,80.2276000977,75377,75387,10
12.8398103714,80.2275390625,75387,75397,10
12.8404397964,80.2274169922,75397,75407,10
12.841340065,80.2272109985,75407,75417,10
12.8423299789,80.2269897461,75417,75427,10
12.8433103561,80.2267990112,75427,75437,10
12.8442201614,80.2266464233,75437,75448,11
12.8449602127,80.2265777588,75448,75468,20
12.8449602127,80.2265777588,75468,75478,10
12.8453798294,80.2265625,75478,75488,10
12.8459997177,80.2265625,75488,75498,10
12.8468198776,80.2265396118,75498,75508,10
12.8477201462,80.2265472412,75508,75518,10
12.84856987,80.2265625,75518,75528,10
12.8494701385,80.2265625,75528,75539,11
12.8500499725,80.2265701294,75539,75549,10
12.8507699966,80.2265930176,75549,75559,10
12.8515396118,80.2266311646,75559,75569,10
12.8524503708,80.2266693115,75569,75579,10
12.8534603119,80.2266616821,75579,75589,10
12.8545503616,80.2265625,75589,75599,10
12.8556804657,80.2264404297,75599,75609,10
12.8567895889,80.2263336182,75609,75619,10
12.8577604294,80.2262420654,75619,75630,11
12.8583402634,80.2262268066,75630,75640,10
12.8589696884,80.2262878418,75640,75650,10
12.8598804474,80.2264328003,75650,75660,10
12.8605899811,80.2264862061,75660,75670,10
12.8606500626,80.2265014648,75670,75680,10
12.8610801697,80.2265396118,75680,75690,10
12.8618497849,80.2265319824,75690,75700,10
12.862859726,80.2264785767,75700,75710,10
12.8640604019,80.2265090942,75710,75721,11
12.8651599884,80.2265472412,75721,75731,10
12.8661499023,80.2265167236,75731,75741,10
12.8671398163,80.2264328003,75741,75751,10
12.8682403564,80.226348877,75751,75761,10
12.8693799973,80.2264480591,75761,75771,10
12.8705701828,80.2265777588,75771,75781,10
12.8717002869,80.2266235352,75781,75791,10
12.8725996017,80.2266311646,75791,75801,10
12.8735599518,80.2266693115,75801,75812,11
12.8745698929,80.2267913818,75812,75822,10
12.8754796982,80.226890564,75822,75832,10
12.8760900497,80.2268981934,75832,75842,10
12.8763103485,80.2268981934,75842,75852,10
12.8766803741,80.226890564,75852,75872,20
12.8766803741,80.226890564,75872,75882,10
12.8769702911,80.2268829346,75882,75893,11
12.8777198792,80.2268218994,75893,75903,10
12.8786497116,80.2267684937,75903,75913,10
12.8797197342,80.2267379761,75913,75923,10
12.8808403015,80.2267227173,75923,75933,10
12.8819999695,80.2267227173,75933,75943,10
12.8831596375,80.2266998291,75943,75953,10
12.8842096329,80.2266693115,75953,75963,10
12.8847999573,80.2266616821,75963,75973,10
12.8849802017,80.2266616821,75973,75984,11
12.8853998184,80.2267227173,75984,75994,10
12.8861198425,80.2268981934,75994,76004,10
12.8870601654,80.2271575928,76004,76014,10
12.8880796432,80.2272872925,76014,76024,10
12.8891601563,80.2273406982,76024,76034,10
12.8902902603,80.2273483276,76034,76044,10
12.8914403915,80.2273406982,76044,76054,10
12.8926000595,80.2273864746,76054,76064,10
12.8936100006,80.2275238037,76064,76075,11
12.8947401047,80.2276229858,76075,76085,10
12.895939827,80.2276611328,76085,76095,10
12.8972501755,80.227722168,76095,76105,10
12.8982200623,80.2277679443,76105,76115,10
12.8985795975,80.2277984619,76115,76125,10
12.8990602493,80.2278289795,76125,76135,10
12.8995800018,80.2278518677,76135,76145,10
12.8999996185,80.2278671265,76145,76155,10
12.9004602432,80.2278823853,76155,76166,11
12.9009895325,80.2279205322,76166,76176,10
12.9015703201,80.2279510498,76176,76186,10
12.9021997452,80.2279586792,76186,76196,10
12.9024600983,80.2279815674,76196,76206,10
12.9025802612,80.2279891968,76206,76216,10
12.9030399323,80.2280197144,76216,76226,10
12.9037904739,80.2280578613,76226,76236,10
12.9045095444,80.2280883789,76236,76246,10
12.9048204422,80.2281036377,76246,76257,11
12.905090332,80.2281265259,76257,76267,10
12.905500412,80.2281570435,76267,76277,10
12.9060201645,80.2281723022,76277,76287,10
12.9063997269,80.2282028198,76287,76358,71
12.9063997269,80.2282028198,76358,76368,10
12.9064798355,80.2281799316,76368,76378,10
12.9068603516,80.2282180786,76378,76388,10
12.9076004028,80.2283172607,76388,76398,10
12.908659935,80.2285003662,76398,76408,10
12.9095802307,80.2286605835,76408,76418,10
12.9109601974,80.2288894653,76418,76428,10
12.9121599197,80.229057312,76428,76439,11
12.9134597778,80.2292480469,76439,76449,10
12.9140701294,80.2293319702,76449,76459,10
12.9142198563,80.2293624878,76459,76469,10
12.9147195816,80.2294311523,76469,76479,10
12.9155197144,80.2295532227,76479,76489,10
12.916560173,80.2296905518,76489,76499,10
12.9176797867,80.2298431396,76499,76509,10
12.9188604355,80.2300033569,76509,76519,10
12.9201002121,80.2301635742,76519,76530,11
12.9213895798,80.2303237915,76530,76540,10
12.9224596024,80.2304992676,76540,76550,10
12.9236297607,80.230682373,76550,76560,10
12.9248800278,80.2308273315,76560,76570,10
12.9260702133,80.2309799194,76570,76580,10
12.927189827,80.2311096191,76580,76590,10
12.9284095764,80.2312393188,76590,76600,10
12.9294300079,80.2314529419,76600,76610,10
12.9305200577,80.2317123413,76610,76621,11
12.9316701889,80.2320632935,76621,76631,10
12.9326295853,80.232383728,76631,76641,10
12.933380127,80.2326812744,76641,76651,10
12.9334802628,80.2327194214,76651,76661,10
12.9337501526,80.2328720093,76661,76671,10
12.9343004227,80.2331390381,76671,76681,10
12.9348602295,80.2333984375,76681,76691,10
12.9354600906,80.2336730957,76691,76701,10
12.9361400604,80.2339782715,76701,76712,11
12.937040329,80.2343902588,76712,76722,10
12.9379396439,80.2348403931,76722,76732,10
12.9388599396,80.2353210449,76732,76742,10
12.9395399094,80.2356567383,76742,76752,10
12.9402503967,80.2359390259,76752,76762,10
12.9411001205,80.2361373901,76762,76772,10
12.9421300888,80.2363815308,76772,76782,10
12.9431200027,80.2368927002,76782,76792,10
12.9439401627,80.2377090454,76792,76803,11
12.9448003769,80.2386474609,76803,76813,10
12.9456100464,80.2393493652,76813,76822,9
12.9465703964,80.2397766113,76822,76833,11
12.9473495483,80.2401199341,76833,76843,10
12.9483299255,80.2405090332,76843,76853,10
12.9492998123,80.2408828735,76853,76863,10
12.9501304626,80.2411422729,76863,76873,10
12.9505796432,80.2412490845,76873,76883,10
12.9508800507,80.2413635254,76883,76894,11
12.9513101578,80.2415008545,76894,76904,10
12.9520301819,80.2417831421,76904,76914,10
12.9529895782,80.2421264648,76914,76924,10
12.9539203644,80.2425003052,76924,76934,10
12.9547700882,80.2428283691,76934,76944,10
12.9554300308,80.243057251,76944,76954,10
12.9563102722,80.2433776855,76954,76974,20
12.9563102722,80.2433776855,76974,76985,11
12.956870079,80.2436599731,76985,76995,10
12.9576997757,80.2440490723,76995,77005,10
12.9586400986,80.2444000244,77005,77015,10
12.9589595795,80.2445373535,77015,77025,10
12.9593496323,80.244720459,77025,77035,10
12.9600696564,80.2450408936,77035,77045,10
12.9610004425,80.2454681396,77045,77055,10
12.9619598389,80.2459335327,77055,77065,10
12.9629096985,80.2464523315,77065,77106,41
12.9629096985,80.2464523315,77106,77116,10
12.9628200531,80.2465362549,77116,77126,10
12.9631795883,80.2466888428,77126,77136,10
12.9636602402,80.246887207,77136,77146,10
12.9643497467,80.2471237183,77146,77156,10
12.9651098251,80.2473907471,77156,77167,11
12.9658002853,80.2476119995,77167,77177,10
12.9660902023,80.247718811,77177,77187,10
12.9663696289,80.2478485107,77187,77197,10
12.966799736,80.2480621338,77197,77207,10
12.9674701691,80.2483596802,77207,77217,10
12.9684000015,80.2487335205,77217,77227,10
12.9694004059,80.2491378784,77227,77237,10
12.9703598022,80.2495117188,77237,77247,10
12.9714002609,80.2498397827,77247,77258,11
12.9725799561,80.2501525879,77258,77268,10
12.9736604691,80.2504196167,77268,77278,10
12.9747800827,80.2507400513,77278,77288,10
12.9758996964,80.2510604858,77288,77298,10
12.9770698547,80.2514190674,77298,77308,10
12.9779596329,80.2520294189,77308,77318,10
12.9785003662,80.2523880005,77318,77328,10
12.9786996841,80.2524795532,77328,77338,10
12.97935009,80.2526321411,77338,77349,11
12.9802598953,80.2526931763,77349,77359,10
12.9812602997,80.2526626587,77359,77369,10
12.9823598862,80.2526168823,77369,77379,10
12.983499527,80.2524795532,77379,77389,10
12.9846401215,80.252166748,77389,77399,10
12.9856004715,80.2518997192,77399,77409,10
12.9859800339,80.2517776489,77409,77419,10
12.9862699509,80.251701355,77419,77429,10
12.986869812,80.2515487671,77429,77480,51
12.986869812,80.2515487671,77480,77490,10
12.9870595932,80.2515029907,77490,77500,10
12.9873304367,80.251411438,77500,77510,10
12.9876699448,80.251373291,77510,77520,10
12.9878702164,80.2516403198,77520,77531,11
12.9879398346,80.2522583008,77531,77541,10
12.987859726,80.2530822754,77541,77551,10
12.9877996445,80.2538909912,77551,77561,10
12.9877500534,80.254737854,77561,77571,10
12.9876499176,80.2556228638,77571,77581,10
12.987830162,80.255897522,77581,77591,10
12.9879999161,80.255897522,77591,77601,10
12.9882898331,80.2559204102,77601,77612,11
12.9886302948,80.2559585571,77612,77622,10
12.9891395569,80.2559967041,77622,77632,10
12.9897499084,80.2560272217,77632,77642,10
12.9902801514,80.2560119629,77642,77652,10
12.9906196594,80.2560119629,77652,77662,10
12.9911499023,80.2560424805,77662,77672,10
12.9920501709,80.256072998,77672,77682,10
12.9929199219,80.2560424805,77682,77692,10
12.9936199188,80.2559814453,77692,77703,11
12.9942302704,80.2559661865,77703,77713,10
12.9951000214,80.2559280396,77713,77723,10
12.9963798523,80.255897522,77723,77753,30
12.9963798523,80.255897522,77753,77763,10
12.9967403412,80.2558898926,77763,77773,10
12.9973602295,80.2559204102,77773,77794,21
12.9973602295,80.2559204102,77794,77804,10
12.9975795746,80.2559509277,77804,77814,10
12.9976396561,80.2560272217,77814,77824,10
12.9976301193,80.2562637329,77824,77834,10
12.9976797104,80.2567367554,77834,78046,212
12.9976596832,80.2571182251,78046,78158,112
12.9976596832,80.2571182251,78158,78168,10
12.9976596832,80.2573471069,78168,78178,10
12.9978303909,80.2569732666,78178,78188,10
12.9980602264,80.2567214966,78188,79887,1699
12.9980602264,80.2567214966,79887,79897,10
12.9983301163,80.2565307617,79897,81515,1618
12.998290062,80.2565689087,81515,82668,1153
12.998339653,80.2567901611,82668,83406,738
12.9983797073,80.2567825317,83406,83922,516
12.9983797073,80.2567825317,83922,83932,10
12.998339653,80.2567214966,83932,84205,273
12.9984102249,80.2566680908,84205,84347,142
12.9983701706,80.2565765381,84347,84752,405
12.998339653,80.2567672729,84752,84863,111
12.998339653,80.2567672729,84863,84873,10
