12.9881896973,80.2237167358,15,9192,9177
12.9881896973,80.2237167358,9192,9202,10
12.9882097244,80.2235336304,9202,9263,61
12.9882898331,80.2236709595,9263,20859,11596
12.9884996414,80.2235031128,20859,23112,2253
12.9884996414,80.2235031128,23112,23122,10
12.9884700775,80.2233581543,23122,23132,10
12.9890003204,80.2233505249,23132,23142,10
12.9894199371,80.2238082886,23142,23151,9
12.9894304276,80.2243881226,23151,23162,11
12.9896602631,80.2250976563,23162,23172,10
12.9900798798,80.2260131836,23172,23182,10
12.9900999069,80.2266921997,23182,23192,10
12.9901504517,80.2275695801,23192,23203,11
12.9896001816,80.2279586792,23203,23212,9
12.98898983,80.2283630371,23212,23223,11
12.9884996414,80.2295837402,23223,23233,10
12.9882297516,80.2302398682,23233,23243,10
12.9878797531,80.2311935425,23243,23253,10
12.9875297546,80.2323379517,23253,23263,10
12.9874601364,80.2331314087,23263,23273,10
12.9868402481,80.2332992554,23273,23283,10
12.9862604141,80.2333221436,23283,23293,10
12.9861297607,80.2339172363,23293,23304,11
12.9862298965,80.2347412109,23304,23314,10
12.9865598679,80.2356491089,23314,23324,10
12.9865903854,80.2363891602,23324,23334,10
12.9866199493,80.2371368408,23334,23344,10
12.9866399765,80.2382125854,23344,23353,9
12.9865198135,80.2386703491,23353,23364,11
12.9866304398,80.2378921509,23364,23374,10
12.9865999222,80.2369613647,23374,23384,10
12.986579895,80.2364425659,23384,23394,10
12.9864902496,80.2352981567,23394,23415,21
12.9864902496,80.2352981567,23415,23425,10
12.9864501953,80.2351226807,23425,23435,10
12.9862098694,80.2345428467,23435,23445,10
12.9861097336,80.2338027954,23445,23455,10
12.9863300323,80.2333068848,23455,23465,10
12.9868898392,80.2332763672,23465,23475,10
12.9874095917,80.2331085205,23475,23485,10
12.9874601364,80.2325820923,23485,23495,10
12.9876699448,80.2316818237,23495,23506,11
12.9880695343,80.2306900024,23506,23516,10
12.9883804321,80.2297821045,23516,23526,10
12.9885997772,80.2292785645,23526,23536,10
12.9888896942,80.2284622192,23536,23546,10
12.9896297455,80.2279586792,23546,23556,10
12.9900999069,80.2276535034,23556,23566,10
12.9900903702,80.2269134521,23566,23582,16
12.9900903702,80.2258834839,23582,23594,12
12.9896297455,80.2250366211,23594,23605,11
12.9894800186,80.2241516113,23605,23615,10
12.9893503189,80.2235794067,23615,23625,10
12.9888296127,80.2233505249,23625,23635,10
12.988360405,80.2233505249,23635,23655,20
12.988360405,80.2233505249,23655,23665,10
12.9887504578,80.2233123779,23665,23675,10
12.9892597198,80.2234573364,23675,23685,10
12.9894504547,80.2239837646,23685,23695,10
12.9895401001,80.2247390747,23695,23706,11
12.9898996353,80.2254333496,23706,23715,9
12.9900398254,80.2262802124,23715,23724,9
12.9900598526,80.2267684937,23724,23736,12
12.9902496338,80.228012085,23736,23745,9
12.9904899597,80.2287826538,23745,23756,11
12.9907102585,80.2294998169,23756,23766,10
12.9908800125,80.2304916382,23766,23776,10
12.9909296036,80.2311096191,23776,23786,10
12.9909696579,80.2319412231,23786,23796,10
12.9909801483,80.2322006226,23796,23808,12
12.9911603928,80.233039856,23808,23818,10
12.9914798737,80.2335586548,23818,23828,10
12.9917001724,80.2336578369,23828,23838,10
12.992099762,80.2337417603,23838,23848,10
12.9928703308,80.2338867188,23848,23858,10
12.9934597015,80.2341690063,23858,23868,10
12.9938497543,80.2344589233,23868,23878,10
12.9938697815,80.2344665527,23878,23888,10
12.9943599701,80.2347412109,23888,23898,10
12.9950799942,80.2351608276,23898,23908,10
12.9955797195,80.235496521,23908,23919,11
12.9959802628,80.2358932495,23919,23929,10
12.9962100983,80.2362136841,23929,23939,10
12.9966802597,80.2370834351,23939,23949,10
12.9970703125,80.2377700806,23949,23959,10
12.9975404739,80.2385101318,23959,23969,10
12.9980096817,80.2389526367,23969,23979,10
12.9986896515,80.2391815186,23979,23989,10
12.9987401962,80.2391891479,23989,24000,11
12.9992399216,80.2393188477,24000,24010,10
13.0001001358,80.2394866943,24010,24020,10
13.0010995865,80.2396316528,24020,24030,10
13.0016498566,80.2397994995,24030,24040,10
13.0024404526,80.2400436401,24040,24050,10
13.0031700134,80.2402801514,24050,24060,10
13.0036802292,80.2408981323,24060,24070,10
13.0040597916,80.2416915894,24070,24080,10
13.0047597885,80.241859436,24080,24090,10
13.0059499741,80.2418670654,24090,24111,21
13.0059499741,80.2418670654,24111,24121,10
13.005979538,80.2421188354,24121,24131,10
13.0056800842,80.2423171997,24131,24747,616
13.0056800842,80.2423171997,24747,24757,10
13.0054597855,80.2423095703,24757,25090,333
13.0054597855,80.2423095703,25090,25100,10
13.0054101944,80.2420120239,25100,25110,10
13.0050096512,80.2418289185,25110,25121,11
13.0041599274,80.2418136597,25121,25131,10
13.0038003922,80.2411499023,25131,25141,10
13.0034103394,80.2404174805,25141,25151,10
13.0025901794,80.2401199341,25151,25161,10
13.0020198822,80.2399215698,25161,25171,10
13.0011901855,80.2396774292,25171,25181,10
13.0004997253,80.2395706177,25181,25191,10
12.9995498657,80.239402771,25191,25201,10
12.9989004135,80.2392196655,25201,25211,10
12.9982299805,80.2389984131,25211,25222,11
12.9977397919,80.2386779785,25222,25232,10
12.9972496033,80.237991333,25232,25242,10
12.996919632,80.2374572754,25242,25252,10
12.996509552,80.2366867065,25252,25262,10
12.9963502884,80.2363967896,25262,25272,10
12.9963197708,80.2363586426,25272,25282,10
12.9959802628,80.2358703613,25282,25292,10
12.995349884,80.2353515625,25292,25302,10
12.9948997498,80.2350692749,25302,25312,10
12.9941301346,80.2346496582,25312,25323,11
12.9938697815,80.2344436646,25323,25333,10
12.9934396744,80.23412323,25333,25343,10
12.9928998947,80.2338790894,25343,25353,10
12.9920902252,80.233757019,25353,25363,10
12.9915599823,80.2337799072,25363,25373,10
12.9913301468,80.2332000732,25373,25383,10
12.9912004471,80.2327575684,25383,25393,10
12.9910297394,80.2319412231,25393,25403,10
12.9910001755,80.2317504883,25403,25413,10
12.9909601212,80.2316589355,25413,25424,11
12.9909000397,80.2309875488,25424,25434,10
12.9908504486,80.2302703857,25434,25444,10
12.9906797409,80.2293167114,25444,25454,10
12.9904899597,80.2286834717,25454,25464,10
12.9902896881,80.2279586792,25464,25474,10
12.9901599884,80.2269973755,25474,25484,10
12.9900798798,80.2263183594,25484,25494,10
12.9899702072,80.2255172729,25494,25504,10
12.9896001816,80.2247695923,25504,25514,10
12.9895200729,80.2239990234,25514,25525,11
12.9891901016,80.2234115601,25525,25535,10
12.9886302948,80.2233276367,25535,25545,10
12.9883699417,80.2233276367,25545,25575,30
12.9883699417,80.2233276367,25575,25585,10
12.9885396957,80.2232971191,25585,25595,10
12.9890699387,80.2233581543,25595,25605,10
12.9894695282,80.2238006592,25605,25615,10
12.9895000458,80.2243118286,25615,25626,11
12.9897699356,80.2251663208,25626,25636,10
12.9901103973,80.2260131836,25636,25646,10
12.9900798798,80.2265777588,25646,25655,9
12.9902000427,80.2273406982,25655,25666,11
12.9897003174,80.2278900146,25666,25676,10
12.9890699387,80.2282409668,25676,25686,10
12.9886798859,80.2291030884,25686,25696,10
12.9884004593,80.2298126221,25696,25706,10
12.9883298874,80.2300491333,25706,25716,10
12.9882497787,80.23021698,25716,25727,11
12.9878797531,80.231086731,25727,25737,10
12.9875202179,80.2320632935,25737,25747,10
12.9874401093,80.2329788208,25747,25757,10
12.9871997833,80.2332992554,25757,25767,10
12.9866304398,80.2333221436,25767,25777,10
12.9864902496,80.2333068848,25777,25787,10
12.9861402512,80.2335891724,25787,25797,10
12.9862098694,80.2341690063,25797,25807,10
12.9864597321,80.2350463867,25807,25817,10
12.9865398407,80.2351989746,25817,25828,11
12.9866199493,80.2358398438,25828,25838,10
12.9866504669,80.2366333008,25838,25848,10
12.9866600037,80.2372817993,25848,25858,10
12.9866695404,80.2383117676,25858,25868,10
12.9865999222,80.2384796143,25868,25908,40
12.9866504669,80.2382888794,25908,25929,21
12.9866504669,80.2382888794,25929,25939,10
12.9867200851,80.2382507324,25939,25949,10
12.9866895676,80.2377624512,25949,25959,10
12.9866199493,80.2369766235,25959,25969,10
12.9866199493,80.236831665,25969,25979,10
12.9866104126,80.2367477417,25979,25989,10
12.9865999222,80.2363433838,25989,25999,10
12.986579895,80.2357635498,25999,26009,10
12.9863595963,80.2349777222,26009,26019,10
12.9861402512,80.2340316772,26019,26030,11
12.9866600037,80.2333526611,26030,26050,20
12.9866600037,80.2333526611,26050,26060,10
12.9871397018,80.2333526611,26060,26070,10
12.9873895645,80.2332992554,26070,26080,10
12.9874401093,80.2330093384,26080,26090,10
12.9875402451,80.2321624756,26090,26100,10
12.9879198074,80.2311630249,26100,26110,10
12.9882602692,80.2302017212,26110,26120,10
12.9883003235,80.2301025391,26120,26131,11
12.9884595871,80.2296676636,26131,26141,10
12.9887399673,80.2289123535,26141,26151,10
12.9892702103,80.2281570435,26151,26161,10
12.9898796082,80.2277908325,26161,26171,10
12.9901103973,80.2271728516,26171,26181,10
12.9900197983,80.2263870239,26181,26191,10
12.9899902344,80.2256011963,26191,26201,10
12.9895801544,80.2248077393,26201,26211,10
12.9895000458,80.2240066528,26211,26221,10
12.9893798828,80.2236175537,26221,26232,11
12.9886798859,80.2233276367,26232,26242,10
12.9883499146,80.2233734131,26242,26292,50
12.9883499146,80.2233734131,26292,26302,10
12.9887599945,80.2233276367,26302,26312,10
12.989279747,80.2235336304,26312,26322,10
12.9894599915,80.2240066528,26322,26333,11
12.9895401001,80.2246170044,26333,26343,10
12.9896001816,80.2247772217,26343,26353,10
12.9899196625,80.2253875732,26353,26363,10
12.9900398254,80.2261962891,26363,26373,10
12.9900398254,80.2263183594,26373,26383,10
12.9901304245,80.2267837524,26383,26393,10
12.9902896881,80.2278213501,26393,26403,10
12.9905595779,80.2287597656,26403,26413,10
12.99077034,80.2294616699,26413,26422,9
12.9908800125,80.2299118042,26422,26434,12
12.9909000397,80.2302627563,26434,26444,10
12.9909296036,80.231010437,26444,26453,9
12.9910001755,80.231590271,26453,26464,11
12.9910202026,80.2319107056,26464,26474,10
12.9910297394,80.232208252,26474,26484,10
12.9912700653,80.2329711914,26484,26494,10
12.9915304184,80.2335128784,26494,26504,10
12.9918298721,80.2336807251,26504,26514,10
12.991900444,80.2337265015,26514,26524,10
12.992389679,80.233757019,26524,26535,11
12.9932003021,80.2339935303,26535,26545,10
12.9937295914,80.2343063354,26545,26555,10
12.9942798615,80.2347106934,26555,26565,10
12.9947500229,80.2349624634,26565,26575,10
12.9948797226,80.2350234985,26575,26585,10
12.9953203201,80.2353210449,26585,26595,10
12.9959697723,80.2358779907,26595,26605,10
12.9965295792,80.2368087769,26605,26615,10
12.9969797134,80.2376022339,26615,26625,10
12.9974002838,80.2382736206,26625,26636,11
12.998459816,80.2390899658,26636,26656,20
12.998459816,80.2390899658,26656,26666,10
12.9989299774,80.2392425537,26666,26676,10
12.9995002747,80.2393798828,26676,26686,10
13.0004396439,80.2395324707,26686,26696,10
13.0012197495,80.2396469116,26696,26706,10
13.001999855,80.2398910522,26706,26716,10
13.0026502609,80.2400970459,26716,26726,10
13.0034399033,80.2403793335,26726,26737,11
13.0038299561,80.2411880493,26737,26747,10
13.0044403076,80.2418670654,26747,26757,10
13.0054197311,80.2418289185,26757,26767,10
13.0059995651,80.2421035767,26767,26777,10
13.0057201385,80.2423706055,26777,27668,891
13.0057201385,80.2423706055,27668,27678,10
13.0056295395,80.2423095703,27678,27688,10
13.0052995682,80.2419281006,27688,27698,10
13.0046596527,80.2418670654,27698,27708,10
13.0039901733,80.2416992188,27708,27718,10
13.0036897659,80.2409362793,27718,27728,10
13.0025901794,80.2400970459,27728,27748,20
13.0025901794,80.2400970459,27748,27759,11
13.0022602081,80.2399902344,27759,27769,10
13.001540184,80.2397613525,27769,27779,10
13.000869751,80.2396011353,27779,27789,10
13.0000896454,80.2394790649,27789,27799,10
12.9991798401,80.2393264771,27799,27839,40
12.9991798401,80.2393264771,27839,27850,11
12.9988803864,80.2392425537,27850,27860,10
12.9982404709,80.2390518188,27860,27870,10
12.9977397919,80.2387084961,27870,27880,10
12.9973201752,80.2381362915,27880,27890,10
12.996919632,80.2375030518,27890,27900,10
12.9965600967,80.2368469238,27900,27910,10
12.9960803986,80.2360229492,27910,27920,10
12.9954004288,80.2353591919,27920,27930,10
12.9949302673,80.2350769043,27930,27940,10
12.9939098358,80.2344894409,27940,27971,31
12.9939098358,80.2344894409,27971,27981,10
12.9938402176,80.2343978882,27981,27991,10
12.9934301376,80.2341079712,27991,28001,10
12.992890358,80.2338562012,28001,28011,10
12.9923200607,80.2337493896,28011,28021,10
12.9919700623,80.2337188721,28021,28031,10
12.9918203354,80.2337417603,28031,28041,10
12.9917402267,80.2337188721,28041,28051,10
12.9915399551,80.233757019,28051,28068,17
12.9912004471,80.2329406738,28068,28080,12
12.9909496307,80.2317199707,28080,28120,40
12.9909496307,80.2317199707,28120,28130,10
12.990940094,80.2313995361,28130,28140,10
12.9908800125,80.230758667,28140,28150,10
12.990819931,80.2300567627,28150,28161,11
12.990819931,80.2300186157,28161,28171,10
12.9907503128,80.2295379639,28171,28181,10
12.990530014,80.2287979126,28181,28191,10
12.99036026,80.2282791138,28191,28201,10
12.9902095795,80.2275466919,28201,28211,10
12.9902000427,80.2273864746,28211,28221,10
12.9901895523,80.2272720337,28221,28231,10
12.9900598526,80.2266082764,28231,28241,10
12.9901199341,80.2259979248,28241,28251,10
12.9897403717,80.2251663208,28251,28262,11
12.9895200729,80.2244262695,28262,28272,10
12.9894695282,80.223739624,28272,28282,10
12.9889497757,80.2233734131,28282,28292,10
12.9883499146,80.2233123779,28292,28323,31
12.9883499146,80.2233123779,28323,28333,10
12.9884595871,80.2233428955,28333,28343,10
12.9885396957,80.2233200073,28343,28353,10
12.9890699387,80.2233505249,28353,28364,11
12.9894599915,80.2238616943,28364,28374,10
12.9895000458,80.2242965698,28374,28384,10
12.9896001816,80.2247467041,28384,28394,10
12.9899702072,80.2254562378,28394,28404,10
12.9900598526,80.2263412476,28404,28414,10
12.9901695251,80.2270202637,28414,28424,10
12.9899702072,80.227722168,28424,28434,10
12.989780426,80.2278823853,28434,28444,10
12.9891500473,80.2282104492,28444,28454,10
12.9886798859,80.2291030884,28454,28471,17
12.9883203506,80.2300796509,28471,28483,12
12.988120079,80.2306137085,28483,28493,10
12.9877195358,80.2315597534,28493,28503,10
12.9875097275,80.2325592041,28503,28513,10
12.9875001907,80.2331695557,28513,28523,10
12.9869403839,80.2332992554,28523,28533,10
12.9865398407,80.2333221436,28533,28543,10
12.9862003326,80.2333679199,28543,28553,10
12.9861402512,80.2339096069,28553,28563,10
12.9862499237,80.2346496582,28563,28574,11
12.9864997864,80.235206604,28574,28584,10
12.9865598679,80.2354278564,28584,28594,10
12.9865999222,80.236000061,28594,28604,10
12.9866399765,80.2368392944,28604,28614,10
12.9866600037,80.2374801636,28614,28624,10
12.986700058,80.2384719849,28624,28634,10
12.9865999222,80.2384872437,28634,28836,202
12.9866104126,80.2383575439,28836,29058,222
12.9865999222,80.2384567261,29058,29533,475
12.9865999222,80.2384567261,29533,29543,10
12.9866695404,80.2383117676,29543,29553,10
12.9866600037,80.2376708984,29553,29563,10
12.9866304398,80.2369384766,29563,29573,10
12.9865903854,80.2363204956,29573,29584,11
12.9865102768,80.2353286743,29584,29604,20
12.9865102768,80.2353286743,29604,29614,10
12.9864196777,80.2350921631,29614,29624,10
12.9861698151,80.2343978882,29624,29634,10
12.9861097336,80.233757019,29634,29644,10
12.9863996506,80.2333297729,29644,29654,10
12.9866695404,80.2333526611,29654,29664,10
12.9869804382,80.2333374023,29664,29674,10
12.9874296188,80.2331008911,29674,29685,11
12.9874696732,80.2323379517,29685,29695,10
12.9878196716,80.2312774658,29695,29705,10
12.9882097244,80.2302932739,29705,29715,10
12.9882802963,80.2300262451,29715,29725,10
12.9884195328,80.2297134399,29725,29735,10
12.9886798859,80.2290496826,29735,29745,10
12.9891195297,80.2282409668,29745,29755,10
12.9897899628,80.2278366089,29755,29765,10
12.9900197983,80.2276763916,29765,29775,10
12.9901800156,80.2273788452,29775,29785,10
12.9900398254,80.2265625,29785,29796,11
12.9900999069,80.226020813,29796,29806,10
12.9897403717,80.2251968384,29806,29816,10
12.9895296097,80.2244873047,29816,29826,10
12.9894695282,80.2237472534,29826,29836,10
12.9889602661,80.2233886719,29836,29846,10
12.9883403778,80.2233810425,29846,29882,36
12.9883403778,80.2233810425,29882,29895,13
12.9887695313,80.2233200073,29895,29905,10
12.989279747,80.2234573364,29905,29915,10
12.9894800186,80.223991394,29915,29925,10
12.9895601273,80.2246627808,29925,29935,10
12.989859581,80.2253036499,29935,29945,10
12.990070343,80.2261123657,29945,29955,10
12.9901199341,80.2266998291,29955,29965,10
12.9902296066,80.2274932861,29965,29975,10
12.9902296066,80.2275390625,29975,29986,11
12.9903402328,80.2281799316,29986,29997,11
12.9905900955,80.2289886475,29997,30007,10
12.9908304214,80.2299118042,30007,30017,10
12.9908704758,80.2302017212,30017,30027,10
12.9908800125,80.2306289673,30027,30037,10
12.9909296036,80.2311935425,30037,30047,10
12.9909801483,80.2320022583,30047,30057,10
12.9909801483,80.2320404053,30057,30067,10
12.9911403656,80.2325668335,30067,30077,10
12.9913597107,80.2332382202,30077,30087,10
12.9917802811,80.2336502075,30087,30098,11
12.9917802811,80.2336578369,30098,30108,10
12.9919700623,80.2337493896,30108,30118,10
12.9925804138,80.2338027954,30118,30128,10
12.9932699203,80.2340393066,30128,30138,10
12.9937896729,80.2343597412,30138,30148,10
12.9939699173,80.2344970703,30148,30158,10
12.9946203232,80.2348632813,30158,30168,10
12.995349884,80.2353515625,30168,30178,10
12.9959897995,80.2359237671,30178,30188,10
12.9960403442,80.2359771729,30188,30199,11
12.9963302612,80.2364501953,30199,30209,10
12.9967803955,80.2372894287,30209,30219,10
12.997130394,80.2378616333,30219,30229,10
12.9976596832,80.2386169434,30229,30239,10
12.9981498718,80.2389831543,30239,30249,10
12.9987602234,80.2391891479,30249,30269,20
12.9987602234,80.2391891479,30269,30279,10
12.9990196228,80.2392883301,30279,30289,10
12.9995603561,80.239402771,30289,30300,11
13.0005598068,80.2395324707,30300,30310,10
13.0012998581,80.2396469116,30310,30320,10
13.0020704269,80.2398834229,30320,30330,10
13.002579689,80.2400665283,30330,30340,10
13.0026502609,80.2400970459,30340,30350,10
13.0033102036,80.2403106689,30350,30360,10
13.003780365,80.2410430908,30360,30370,10
13.0042295456,80.2418136597,30370,30379,9
13.0050096512,80.2418365479,30379,30390,11
13.0059404373,80.2418670654,30390,30401,11
13.0056600571,80.2423019409,30401,31332,931
13.0056600571,80.2423019409,31332,31342,10
13.0053901672,80.2420120239,31342,31352,10
13.0048904419,80.2418365479,31352,31362,10
13.0041799545,80.2418212891,31362,31372,10
13.0037698746,80.2411727905,31372,31382,10
13.0033798218,80.2404403687,31382,31392,10
13.0026397705,80.2401275635,31392,31402,10
13.0026102066,80.2401199341,31402,31412,10
13.0023899078,80.240020752,31412,31423,11
13.0016803741,80.2397766113,31423,31433,10
13.0009803772,80.2395935059,31433,31443,10
13.0002603531,80.2394714355,31443,31453,10
12.9991798401,80.2393188477,31453,31473,20
12.9991598129,80.2393493652,31473,31493,20
12.9991598129,80.2393493652,31493,31503,10
12.9989795685,80.2393035889,31503,31513,10
12.9984397888,80.2391204834,31513,31524,11
12.9977998734,80.2388000488,31524,31534,10
12.9974098206,80.238319397,31534,31544,10
12.9969596863,80.2376174927,31544,31554,10
12.9962797165,80.2363586426,31554,31574,20
12.9962797165,80.2363586426,31574,31584,10
12.9961700439,80.2361373901,31584,31594,10
12.9956798553,80.2355575562,31594,31604,10
12.9951400757,80.2351989746,31604,31614,10
12.9946203232,80.2349090576,31614,31625,11
12.9940004349,80.2344970703,31625,31635,10
12.9939899445,80.2344970703,31635,31645,10
12.9937496185,80.2343063354,31645,31655,10
12.9932403564,80.2339706421,31655,31665,10
12.9926700592,80.233757019,31665,31675,10
12.9918003082,80.2337493896,31675,31705,30
12.9918003082,80.2337493896,31705,31715,10
12.9916400909,80.233757019,31715,31726,11
12.991350174,80.2334289551,31726,31736,10
12.9912099838,80.232963562,31736,31746,10
12.9910402298,80.2324295044,31746,31756,10
12.990940094,80.2317504883,31756,31786,30
12.990940094,80.2317504883,31786,31796,10
12.9909095764,80.231262207,31796,31806,10
12.9908599854,80.230682373,31806,31816,10
12.9908103943,80.2300567627,31816,31827,11
12.9908103943,80.2300491333,31827,31837,10
12.9907197952,80.2295227051,31837,31847,10
12.9905099869,80.2287979126,31847,31857,10
12.9903497696,80.2283096313,31857,31867,10
12.9901895523,80.2275924683,31867,31877,10
12.9901695251,80.2274398804,31877,31887,10
12.9901399612,80.2271499634,31887,31897,10
12.9900398254,80.2265396118,31897,31907,10
12.9900999069,80.2259979248,31907,31917,10
12.9898700714,80.225402832,31917,31927,10
12.9895601273,80.2247390747,31927,31938,11
12.9894504547,80.2240829468,31938,31948,10
12.9894504547,80.2238311768,31948,31958,10
12.9890403748,80.2233886719,31958,31968,10
12.988360405,80.2233734131,31968,32008,40
12.988360405,80.2233734131,32008,32018,10
12.9884595871,80.2232589722,32018,32028,10
12.9890298843,80.2233200073,32028,32039,11
12.9894599915,80.2238006592,32039,32049,10
12.9894599915,80.2243270874,32049,32059,10
12.9896602631,80.2249832153,32059,32069,10
12.9901199341,80.225730896,32069,32079,10
12.9900598526,80.2264633179,32079,32089,10
12.9899196625,80.2276916504,32089,32109,20
12.9899196625,80.2276916504,32109,32119,10
12.9896097183,80.2279205322,32119,32129,10
12.9889802933,80.2284011841,32129,32140,11
12.9885797501,80.2294006348,32140,32150,10
12.988360405,80.2299804688,32150,32160,10
12.9883403778,80.2300033569,32160,32170,10
12.9882602692,80.23021698,32170,32180,10
12.9880304337,80.2308425903,32180,32190,10
12.9876699448,80.2317276001,32190,32200,10
12.9875001907,80.2326965332,32200,32209,9
12.9874601364,80.2332000732,32209,32220,11
12.9868202209,80.2333221436,32220,32231,11
12.9865598679,80.2333221436,32231,32241,10
12.9864797592,80.2333297729,32241,32251,10
12.9861297607,80.2335205078,32251,32261,10
12.9861402512,80.2340621948,32261,32271,10
12.9864797592,80.2351989746,32271,32301,30
12.9864797592,80.2351989746,32301,32311,10
12.9865703583,80.2355575562,32311,32321,10
12.9865999222,80.2362289429,32321,32331,10
12.9866304398,80.2370376587,32331,32341,10
12.9866399765,80.2377624512,32341,32352,11
12.9865503311,80.2385177612,32352,33846,1494
12.9865503311,80.2385177612,33846,33856,10
12.9866199493,80.2384033203,33856,33866,10
12.9866695404,80.2380065918,33866,33877,11
12.9866199493,80.2372817993,33877,33887,10
12.9865903854,80.2367477417,33887,33897,10
12.986579895,80.2360916138,33897,33907,10
12.9864902496,80.2353210449,33907,33926,19
12.9864902496,80.2353210449,33926,33937,11
12.9863100052,80.2348403931,33937,33947,10
12.986120224,80.2341003418,33947,33957,10
12.9860897064,80.233581543,33957,33967,10
12.9865398407,80.2332992554,33967,33978,11
12.9866600037,80.2332992554,33978,33988,10
12.9870996475,80.2332992554,33988,33998,10
12.9874401093,80.2330169678,33998,34008,10
12.9875097275,80.232383728,34008,34018,10
12.9877700806,80.2315063477,34018,34028,10
12.988120079,80.2305831909,34028,34038,10
12.9882802963,80.2300491333,34038,34048,10
12.9883003235,80.2300033569,34048,34058,10
12.9884796143,80.2295608521,34058,34068,10
12.9887399673,80.2288818359,34068,34079,11
12.9898004532,80.2278366089,34079,34089,10
12.9899597168,80.2277297974,34089,34109,20
12.9899597168,80.2277297974,34109,34119,10
12.9901599884,80.2275695801,34119,34129,10
12.9900999069,80.2269973755,34129,34139,10
12.9899902344,80.2263793945,34139,34149,10
12.989979744,80.2256164551,34149,34162,13
12.9895200729,80.2246704102,34162,34172,10
12.9894399643,80.2243423462,34172,34182,10
12.9894504547,80.224029541,34182,34192,10
12.9892597198,80.2235107422,34192,34203,11
12.9886598587,80.2233123779,34203,34213,10
12.988360405,80.2233428955,34213,34243,30
12.988360405,80.2233428955,34243,34252,9
12.9886302948,80.2232818604,34252,34263,11
12.9891796112,80.2233963013,34263,34273,10
12.9894504547,80.2237930298,34273,34284,11
12.9895401001,80.2244873047,34284,34294,10
12.989780426,80.2251586914,34294,34304,10
12.9900903702,80.2258911133,34304,34314,10
12.9900398254,80.2265167236,34314,34324,10
12.9902000427,80.2273025513,34324,34334,10
12.9902200699,80.2274475098,34334,34344,10
12.9903297424,80.2280197144,34344,34354,10
12.9905395508,80.2287521362,34354,34364,10
12.9907302856,80.2294311523,34364,34374,10
12.9908800125,80.2301101685,34374,34384,10
12.9909000397,80.2303237915,34384,34395,11
12.9909601212,80.2310028076,34395,34411,16
12.9910001755,80.2319564819,34411,34423,12
12.9910497665,80.2323379517,34423,34433,10
12.9913101196,80.233001709,34433,34443,10
12.9917697906,80.2335968018,34443,34462,19
12.9917697906,80.2335968018,34462,34473,11
12.9919700623,80.2337036133,34473,34483,10
12.9925298691,80.233757019,34483,34494,11
12.9932603836,80.2340164185,34494,34504,10
12.9937696457,80.2343521118,34504,34514,10
12.9938898087,80.2344284058,34514,34523,9
12.9941396713,80.2345809937,34523,34534,11
12.9949398041,80.2350616455,34534,34544,10
12.9955396652,80.2354736328,34544,34554,10
12.9960098267,80.2359313965,34554,34564,10
12.9960803986,80.236000061,34564,34574,10
12.9964895248,80.2367324829,34574,34584,10
12.9969396591,80.2375869751,34584,34595,11
12.9974098206,80.2382888794,34595,34605,10
12.9979600906,80.2388916016,34605,34615,10
12.9986495972,80.239151001,34615,34625,10
12.9987602234,80.2391815186,34625,34635,10
12.9991197586,80.2393035889,34635,34645,10
12.9999103546,80.2394638062,34645,34655,10
13.0009803772,80.2396087646,34655,34665,10
13.0016498566,80.2397766113,34665,34675,10
13.0024700165,80.2400436401,34675,34685,10
13.0032501221,80.2403030396,34685,34696,11
13.0038499832,80.2412796021,34696,34706,10
13.0045003891,80.2418670654,34706,34716,10
13.0054998398,80.2418212891,34716,34726,10
13.0059700012,80.2422027588,34726,34746,20
13.0059700012,80.2422027588,34746,34756,10
13.0057401657,80.2422332764,34756,35857,1101
13.0057401657,80.2422332764,35857,35867,10
13.0054597855,80.2419586182,35867,35877,10
13.0050401688,80.2417602539,35877,35887,10
13.0041799545,80.2417526245,35887,35897,10
13.0037698746,80.2410430908,35897,35907,10
13.0032596588,80.2402801514,35907,35917,10
13.0026397705,80.2400894165,35917,35928,11
13.0024003983,80.2399902344,35928,35938,10
13.0017204285,80.2397689819,35938,35947,9
13.0010595322,80.2395935059,35947,35958,11
13.0003099442,80.2394790649,35958,35968,10
12.9991998672,80.2392883301,35968,35998,30
12.9991998672,80.2392883301,35998,36008,10
12.9988803864,80.2391662598,36008,36018,10
12.9981203079,80.2389297485,36018,36029,11
12.9976396561,80.2385406494,36029,36039,10
12.9971199036,80.237739563,36039,36049,10
12.9967699051,80.2371673584,36049,36059,10
12.9963502884,80.2363891602,36059,36069,10
12.9962902069,80.2362670898,36069,36079,10
12.9959096909,80.2357711792,36079,36089,10
12.9952402115,80.2352371216,36089,36099,10
12.9946403503,80.2348937988,36099,36109,10
12.9939899445,80.2345428467,36109,36119,10
12.9939899445,80.2345504761,36119,36130,11
12.9936800003,80.2342987061,36130,36140,10
12.9931001663,80.2339401245,36140,36150,10
12.9923200607,80.2337417603,36150,36160,10
12.9917898178,80.2337417603,36160,36180,20
12.9917898178,80.2337417603,36180,36190,10
12.9915304184,80.2338180542,36190,36200,10
12.9913101196,80.2332611084,36200,36210,10
12.991109848,80.2327194214,36210,36220,10
12.9909200668,80.2319488525,36220,36230,10
12.9909200668,80.2317733765,36230,36241,11
12.9908895493,80.231338501,36241,36251,10
12.9908504486,80.2306518555,36251,36261,10
12.990819931,80.2300720215,36261,36271,10
12.990819931,80.2300567627,36271,36281,10
12.99077034,80.2295684814,36281,36291,10
12.9905395508,80.2287902832,36291,36301,10
12.9903697968,80.2282028198,36301,36311,10
12.9902200699,80.2274093628,36311,36321,10
12.9902200699,80.2273712158,36321,36337,16
12.9901895523,80.2270965576,36337,36350,13
12.9900503159,80.2262191772,36350,36360,10
12.9898004532,80.2253112793,36360,36370,10
12.9895401001,80.2245864868,36370,36380,10
12.9894695282,80.2238311768,36380,36390,10
12.9890203476,80.2233581543,36390,36400,10
12.9884796143,80.2234268188,36400,36410,10
12.988409996,80.2235717773,36410,36420,10
12.9881801605,80.2236862183,36420,36996,576
12.9881601334,80.2236404419,36996,37036,40
12.9881601334,80.2236404419,37036,37046,10
12.9885196686,80.2235031128,37046,37784,738
12.9882297516,80.2237319946,37784,39268,1484
12.9882297516,80.2237319946,39268,39278,10
12.9884195328,80.2235031128,39278,39329,51
12.9884195328,80.2235031128,39329,39339,10
12.9888296127,80.2233123779,39339,39349,10
12.9893102646,80.2235031128,39349,39359,10
12.9894695282,80.2240066528,39359,39369,10
12.9895095825,80.2245483398,39369,39379,10
12.9896097183,80.2249069214,39379,39389,10
12.9899301529,80.2254486084,39389,39399,10
12.9900503159,80.2260513306,39399,39409,10
12.9900398254,80.2265625,39409,39418,9
12.9901599884,80.2272186279,39418,39429,11
12.9903402328,80.2281570435,39429,39441,12
12.9905700684,80.2289581299,39441,39451,10
12.9907999039,80.2298431396,39451,39461,10
12.9908704758,80.2307662964,39461,39471,10
12.9909200668,80.2313308716,39471,39481,10
12.9909896851,80.2322463989,39481,39491,10
12.9912595749,80.2330093384,39491,39501,10
12.9915399551,80.233543396,39501,39511,10
12.9917001724,80.2340316772,39511,39521,10
12.9920396805,80.2345733643,39521,39532,11
12.992650032,80.2353820801,39532,39542,10
12.9934997559,80.2359237671,39542,39552,10
12.9941596985,80.2365722656,39552,39562,10
12.9948196411,80.2370834351,39562,39572,10
12.9954595566,80.2374191284,39572,39582,10
12.9961204529,80.238067627,39582,39592,10
12.9967498779,80.2388381958,39592,39602,10
12.9972200394,80.2396774292,39602,39612,10
12.9975004196,80.2401275635,39612,39622,10
12.9981098175,80.2403793335,39622,39632,10
12.9989595413,80.2406997681,39632,39643,11
12.9997501373,80.2408599854,39643,39653,10
13.0006799698,80.2410430908,39653,39663,10
13.001660347,80.2413024902,39663,39673,10
13.0023498535,80.2414627075,39673,39683,10
13.0031995773,80.241569519,39683,39693,10
13.0038099289,80.2416305542,39693,39703,10
13.0045003891,80.2418365479,39703,39713,10
13.0054397583,80.2418136597,39713,39723,10
13.0059995651,80.2420425415,39723,39732,9
13.005689621,80.2423171997,39732,39774,42
13.005689621,80.2423171997,39774,39784,10
13.005399704,80.2419662476,39784,39794,10
13.0048303604,80.2418212891,39794,39804,10
13.0039701462,80.2416305542,39804,39814,10
13.0035800934,80.2407073975,39814,39824,10
13.002820015,80.240196228,39824,39834,10
13.0026102066,80.2401199341,39834,39845,11
13.0022201538,80.2399902344,39845,39854,9
13.0014600754,80.2397537231,39854,39865,11
13.0007095337,80.2396011353,39865,39875,10
12.9991903305,80.2393493652,39875,39895,20
12.9991903305,80.2393493652,39895,39905,10
12.9986600876,80.2391967773,39905,39915,10
12.9978904724,80.2388916016,39915,39925,10
12.997469902,80.2384796143,39925,39935,10
12.9969396591,80.2376480103,39935,39946,11
12.9965400696,80.2369537354,39946,39956,10
12.9960203171,80.2360076904,39956,39966,10
12.9952898026,80.2353515625,39966,39976,10
12.994799614,80.2350311279,39976,39986,10
12.9940700531,80.2346115112,39986,39996,10
12.9939603806,80.2345581055,39996,40006,10
12.9938201904,80.2344589233,40006,40016,10
12.9934101105,80.2341384888,40016,40026,10
12.9929199219,80.2339172363,40026,40036,10
12.9921398163,80.2337722778,40036,40046,10
12.9917898178,80.2337722778,40046,40057,11
12.9916200638,80.2338027954,40057,40067,10
12.9913301468,80.2333831787,40067,40077,10
12.9911603928,80.2329025269,40077,40087,10
12.9909296036,80.2317733765,40087,40107,20
12.9909296036,80.2317733765,40107,40117,10
12.9909095764,80.2313613892,40117,40127,10
12.9908599854,80.2307434082,40127,40137,10
12.990819931,80.2300415039,40137,40147,10
12.9907999039,80.2298202515,40147,40158,11
12.9905700684,80.2289962769,40158,40168,10
12.9904003143,80.2284469604,40168,40178,10
12.9902095795,80.2276611328,40178,40188,10
12.9901599884,80.2274169922,40188,40198,10
12.9901599884,80.2272186279,40198,40208,10
12.9900302887,80.2265396118,40208,40218,10
12.9900903702,80.2259216309,40218,40228,10
12.9897603989,80.2252807617,40228,40238,10
12.9895095825,80.2246170044,40238,40248,10
12.9894599915,80.2239685059,40248,40259,11
12.9890699387,80.2234115601,40259,40269,10
12.9884996414,80.2233734131,40269,40279,10
12.9883098602,80.2233810425,40279,40297,18
12.9883098602,80.2233810425,40297,40309,12
12.9884500504,80.2232971191,40309,40319,10
12.9890403748,80.2233505249,40319,40329,10
12.9894399643,80.2237625122,40329,40339,10
12.9894800186,80.2243423462,40339,40349,10
12.9896802902,80.2249908447,40349,40360,11
12.9901103973,80.2258377075,40360,40370,10
12.9900598526,80.2265396118,40370,40380,10
12.9899196625,80.2276763916,40380,40411,31
12.9899196625,80.2276763916,40411,40421,10
12.9896097183,80.2278823853,40421,40431,10
12.9890003204,80.2282791138,40431,40441,10
12.9886302948,80.2291564941,40441,40451,10
12.9883804321,80.2298202515,40451,40461,10
12.9883203506,80.2299804688,40461,40472,11
12.9882297516,80.2302017212,40472,40482,10
12.9879302979,80.2309265137,40482,40498,16
12.987449646,80.232421875,40498,40510,12
12.9874095917,80.2331619263,40510,40520,10
12.9868497849,80.2332992554,40520,40530,10
12.986530304,80.2333297729,40530,40540,10
12.9864501953,80.2333221436,40540,40550,10
12.9861001968,80.2335586548,40550,40560,10
12.9861497879,80.2340621948,40560,40570,10
12.9864797592,80.2351837158,40570,40591,21
12.9864797592,80.2351837158,40591,40601,10
12.9865198135,80.2353210449,40601,40611,10
12.9865903854,80.2359008789,40611,40621,10
12.9866104126,80.2366867065,40621,40630,9
12.9866199493,80.2372283936,40630,40640,10
12.9866504669,80.2380905151,40640,40651,11
12.9865598679,80.2384567261,40651,41227,576
12.9865598679,80.2384567261,41227,41237,10
12.986530304,80.2384262085,41237,41247,10
12.986579895,80.2378234863,41247,41257,10
12.9865598679,80.2370376587,41257,41267,10
12.9865398407,80.2364807129,41267,41277,10
12.9864597321,80.2353286743,41277,41298,21
12.9864597321,80.2353286743,41298,41308,10
12.9862604141,80.2348632813,41308,41318,10
12.9860696793,80.2340164185,41318,41328,10
12.986120224,80.2334365845,41328,41338,10
12.9866504669,80.2333374023,41338,41348,10
12.9868001938,80.2333374023,41348,41358,10
12.9873399734,80.2332763672,41358,41368,10
12.9874296188,80.2326965332,41368,41378,10
12.9876098633,80.2317886353,41378,41389,11
12.9879798889,80.2308120728,41389,41399,10
12.988240242,80.2301101685,41399,41409,10
12.9882898331,80.2299804688,41409,41419,10
12.9884796143,80.2295074463,41419,41429,10
12.9887599945,80.2287597656,41429,41439,10
12.989279747,80.2281417847,41439,41449,10
12.9898195267,80.2277984619,41449,41459,10
12.989979744,80.2276992798,41459,41469,10
12.9901304245,80.2273483276,41469,41479,10
12.9900503159,80.2266311646,41479,41489,10
12.9900999069,80.225982666,41489,41500,11
12.9896402359,80.2250671387,41500,41509,9
12.9895401001,80.2245407104,41509,41520,11
12.9894695282,80.2237625122,41520,41530,10
12.9889497757,80.2233963013,41530,41540,10
12.9883203506,80.2233886719,41540,41590,50
12.9883203506,80.2233886719,41590,41601,11
12.9884195328,80.2232818604,41601,41611,10
12.9889097214,80.2233276367,41611,41621,10
12.9893798828,80.2235870361,41621,41631,10
12.9894599915,80.2240524292,41631,41641,10
12.9896001816,80.2247619629,41641,41651,10
12.9899301529,80.2253570557,41651,41667,16
12.9900503159,80.2264709473,41667,41679,12
12.9901800156,80.2273101807,41679,41689,10
12.9902601242,80.2277832031,41689,41699,10
12.990480423,80.2285308838,41699,41710,11
12.9906702042,80.2291412354,41710,41720,10
12.9908599854,80.2299804688,41720,41730,10
12.9908704758,80.2301177979,41730,41740,10
12.9909095764,80.2306213379,41740,41750,10
12.9909601212,80.2312011719,41750,41760,10
12.9910001755,80.2318115234,41760,41770,10
12.9910001755,80.231918335,41770,41780,10
12.9911403656,80.2324829102,41780,41790,10
12.9913101196,80.2329788208,41790,41799,9
12.9917697906,80.2335891724,41799,41841,42
12.9917697906,80.2335891724,41841,41851,10
12.9918603897,80.2337188721,41851,41861,10
12.9922800064,80.2337417603,41861,41871,10
12.9929800034,80.2338867188,41871,41881,10
12.9934797287,80.2341537476,41881,41891,10
12.9938402176,80.234413147,41891,41912,21
12.9938402176,80.234413147,41912,41922,10
12.994020462,80.2344970703,41922,41932,10
12.9943799973,80.234703064,41932,41942,10
12.9951000214,80.2351379395,41942,41952,10
12.9956598282,80.2355804443,41952,41962,10
12.9959697723,80.2359008789,41962,41972,10
12.9961500168,80.2361373901,41972,41982,10
12.9965696335,80.2368774414,41982,41992,10
12.9969797134,80.2375869751,41992,42002,10
12.9973297119,80.2381668091,42002,42013,11
12.9979095459,80.2388305664,42013,42023,10
12.9987201691,80.2391662598,42023,42053,30
12.9987201691,80.2391662598,42053,42063,10
12.99903965,80.2392883301,42063,42073,10
12.9996900558,80.239440918,42073,42083,10
13.0006799698,80.2395935059,42083,42093,10
13.0013599396,80.2397079468,42093,42103,10
13.0020799637,80.2399368286,42103,42114,11
13.0025196075,80.2400665283,42114,42124,10
13.0025501251,80.2400970459,42124,42134,10
13.0030603409,80.2402572632,42134,42144,10
13.003569603,80.2406768799,42144,42154,10
13.0039796829,80.2415618896,42154,42164,10
13.0047998428,80.2418289185,42164,42174,10
13.0055398941,80.2418289185,42174,42184,10
13.0057201385,80.2422332764,42184,43113,929
13.0057201385,80.2422332764,43113,43123,10
13.005490303,80.2420578003,43123,43133,10
13.0050601959,80.2418289185,43133,43144,11
13.0041799545,80.2418212891,43144,43154,10
13.0037498474,80.2410736084,43154,43164,10
13.0032196045,80.2403488159,43164,43174,10
13.0024795532,80.2400970459,43174,43184,10
13.0018901825,80.2398529053,43184,43194,10
13.0011701584,80.2397003174,43194,43204,10
13.0003404617,80.2396087646,43204,43214,10
12.999250412,80.2394104004,43214,43234,20
12.999250412,80.2394104004,43234,43245,11
12.9987802505,80.2392272949,43245,43255,10
12.9980201721,80.2389373779,43255,43256,1
12.9979696274,80.2389068604,43256,43257,1
12.9979295731,80.2388763428,43257,43303,46
12.9959602356,80.2359085083,43303,43313,10
12.9952602386,80.2353515625,43313,43323,10
12.9947099686,80.2350921631,43323,43333,10
12.9939498901,80.2346115112,43333,43354,21
12.9939498901,80.2346115112,43354,43364,10
12.9939002991,80.2344818115,43364,43374,10
12.9935798645,80.2342376709,43374,43384,10
12.9931097031,80.2339477539,43384,43396,12
12.9922504425,80.2338027954,43396,43407,11
12.9918403625,80.2338104248,43407,43437,30
12.9918403625,80.2338104248,43437,43447,10
12.9916496277,80.2338409424,43447,43458,11
12.9913597107,80.2334976196,43458,43468,10
12.9912595749,80.2330780029,43468,43478,10
12.991060257,80.2324523926,43478,43488,10
12.9910001755,80.2318267822,43488,43507,19
12.9910001755,80.2318267822,43507,43518,11
12.9909296036,80.2315673828,43518,43528,10
12.9909095764,80.23097229,43528,43538,10
12.9908504486,80.2301101685,43538,43559,21
12.9908504486,80.2301101685,43559,43569,10
12.9907999039,80.2298202515,43569,43579,10
12.9906101227,80.229133606,43579,43589,10
12.9904899597,80.2286376953,43589,43599,10
12.9903402328,80.2280426025,43599,43609,10
12.9902000427,80.2274780273,43609,43618,9
12.9902000427,80.2274703979,43618,43628,10
12.9901399612,80.2270126343,43628,43639,11
12.9900798798,80.2263565063,43639,43649,10
12.989979744,80.2256164551,43649,43660,11
12.9896097183,80.224861145,43660,43670,10
12.9894800186,80.2242507935,43670,43680,10
12.9894199371,80.223777771,43680,43690,10
12.9889802933,80.2234420776,43690,43700,10
12.988360405,80.2234420776,43700,43750,50
12.988360405,80.2234420776,43750,43761,11
12.9886198044,80.2233581543,43761,43771,10
12.9890604019,80.2233963013,43771,43781,10
12.98939991,80.2238235474,43781,43791,10
12.9894304276,80.2242736816,43791,43801,10
12.9895200729,80.2246398926,43801,43811,10
12.9897298813,80.2251663208,43811,43821,10
12.9900503159,80.2259216309,43821,43830,9
12.9900102615,80.2263412476,43830,43840,10
12.9900999069,80.2267990112,43840,43851,11
12.9901800156,80.2273864746,43851,43862,11
12.9899196625,80.2276992798,43862,43892,30
12.9899196625,80.2276992798,43892,43902,10
12.9898395538,80.2277908325,43902,43912,10
12.9894304276,80.2280197144,43912,43922,10
12.9889001846,80.2285232544,43922,43932,10
12.9885702133,80.2292785645,43932,43942,10
12.9883499146,80.2299423218,43942,43962,20
12.9883499146,80.2299423218,43962,43973,11
12.9882698059,80.2301177979,43973,43983,10
12.9881496429,80.2304992676,43983,43993,10
12.9878997803,80.2311401367,43993,44003,10
12.9876003265,80.2320022583,44003,44013,10
12.9874801636,80.2328567505,44013,44023,10
12.9872903824,80.2332229614,44023,44033,10
12.9866104126,80.2333221436,44033,44063,30
12.9866104126,80.2333221436,44063,44074,11
12.9861402512,80.2334671021,44074,44084,10
12.9861402512,80.2339401245,44084,44094,10
12.9862003326,80.234588623,44094,44104,10
12.9864797592,80.2352218628,44104,44134,30
12.9864797592,80.2352218628,44134,44144,10
12.9865398407,80.2354812622,44144,44154,10
12.986579895,80.2360610962,44154,44164,10
12.986579895,80.236907959,44164,44175,11
12.9865999222,80.237701416,44175,44185,10
12.9866399765,80.238609314,44185,44195,10
12.9865503311,80.2384796143,44195,44973,778
12.9865503311,80.2384796143,44973,44983,10
12.9865903854,80.2383880615,44983,44993,10
12.9866199493,80.2380523682,44993,45004,11
12.9865999222,80.2372589111,45004,45014,10
12.9865999222,80.2366790771,45014,45024,10
12.9865903854,80.2359085083,45024,45034,10
12.9865198135,80.2353363037,45034,45044,10
12.9865198135,80.2353286743,45044,45054,10
12.9864597321,80.2351379395,45054,45064,10
12.9861898422,80.2345504761,45064,45074,10
12.9861297607,80.2338790894,45074,45084,10
12.9862804413,80.2333679199,45084,45094,10
12.9866104126,80.2333374023,45094,45105,11
12.9869804382,80.2333068848,45105,45125,20
12.9874897003,80.232208252,45125,45137,12
12.9877796173,80.231338501,45137,45147,10
12.9881401062,80.2304000854,45147,45157,10
12.988240242,80.2301101685,45157,45167,10
12.9882698059,80.2299423218,45167,45177,10
12.9885196686,80.2293624878,45177,45187,10
12.9889001846,80.2284393311,45187,45197,10
12.9896297455,80.2279586792,45197,45207,10
12.9899702072,80.2276992798,45207,45218,11
12.9901399612,80.2274017334,45218,45228,10
12.990070343,80.2265625,45228,45238,10
12.9900999069,80.2259063721,45238,45248,10
12.9896402359,80.2250289917,45248,45258,10
12.9894304276,80.224281311,45258,45268,10
12.9893798828,80.2237091064,45268,45278,10
12.9888601303,80.2233886719,45278,45288,10
12.9883098602,80.2233886719,45288,45319,31
12.9883098602,80.2233886719,45319,45329,10
12.9883804321,80.2233123779,45329,45339,10
12.9888496399,80.2233276367,45339,45349,10
12.9893198013,80.2236175537,45349,45359,10
12.98939991,80.2241516113,45359,45369,10
12.9895401001,80.224861145,45369,45379,10
12.9899196625,80.2255172729,45379,45389,10
12.9899597168,80.2263565063,45389,45399,10
12.9900798798,80.2270126343,45399,45410,11
12.9901599884,80.2275390625,45410,45422,12
12.9902000427,80.2276229858,45422,45432,10
12.9903001785,80.2282028198,45432,45442,10
12.9904899597,80.2288589478,45442,45452,10
12.9907903671,80.2301712036,45452,45472,20
12.9907903671,80.2301712036,45472,45482,10
12.990819931,80.230682373,45482,45492,10
12.9909000397,80.231300354,45492,45502,10
12.9909601212,80.2319869995,45502,45512,10
12.9909801483,80.2320480347,45512,45522,10
12.9910202026,80.2323989868,45522,45533,11
12.9912099838,80.2330932617,45533,45545,12
12.9917201996,80.2336807251,45545,45565,20
12.9917201996,80.2336807251,45565,45575,10
12.9920501709,80.2337265015,45575,45585,10
12.9925699234,80.2337875366,45585,45595,10
12.993180275,80.2340087891,45595,45605,10
12.9936199188,80.2342605591,45605,45615,10
12.9938201904,80.2344207764,45615,45626,11
12.9941902161,80.2346572876,45626,45636,10
12.9948997498,80.2350769043,45636,45646,10
12.9954299927,80.2354431152,45646,45656,10
12.995929718,80.2358779907,45656,45666,10
12.9960603714,80.2360534668,45666,45676,10
12.9964399338,80.2367324829,45676,45686,10
12.9968595505,80.2375488281,45686,45696,10
12.9972295761,80.2381286621,45696,45706,10
12.9977798462,80.2387924194,45706,45716,10
12.9986896515,80.2391815186,45716,45737,21
12.9986896515,80.2391815186,45737,45747,10
12.9987401962,80.2392120361,45747,45757,10
12.9991703033,80.2393188477,45757,45767,10
12.9999799728,80.2394638062,45767,45777,10
13.0009298325,80.2395935059,45777,45787,10
13.001540184,80.2397384644,45787,45797,10
13.0022802353,80.239982605,45797,45807,10
13.0024404526,80.2400436401,45807,45817,10
13.0025596619,80.2400665283,45817,45828,11
13.0031700134,80.2402572632,45828,45838,10
13.0036497116,80.2409133911,45838,45848,10
13.0040502548,80.2417221069,45848,45858,10
13.0049295425,80.2418136597,45858,45868,10
13.0057897568,80.2418289185,45868,45877,9
13.0056400299,80.2422332764,45877,46706,829
13.0056400299,80.2422332764,46706,46716,10
13.0055704117,80.2421264648,46716,46726,10
13.005399704,80.2420120239,46726,46736,10
13.0050697327,80.2418289185,46736,46746,10
13.0042600632,80.2418365479,46746,46757,11
13.0037603378,80.2411193848,46757,46767,10
13.0033102036,80.2403717041,46767,46777,10
13.0026798248,80.2401504517,46777,46806,29
13.0026798248,80.2401504517,46806,46817,11
13.0022602081,80.239982605,46817,46827,10
13.001540184,80.2397766113,46827,46837,10
13.0008802414,80.239616394,46837,46847,10
13.0000400543,80.2395172119,46847,46858,11
12.9991903305,80.2393417358,46858,46878,20
12.9991903305,80.2393417358,46878,46888,10
12.9990997314,80.2392883301,46888,46898,10
12.9987001419,80.2391891479,46898,46908,10
12.9981002808,80.2389907837,46908,46918,10
12.9977197647,80.2386779785,46918,46928,10
12.9972000122,80.237991333,46928,46938,10
12.9968395233,80.2373886108,46938,46947,9
12.9964599609,80.2366790771,46947,46959,12
12.9962797165,80.2363815308,46959,46968,9
12.9962396622,80.2362670898,46968,46979,11
12.9957799911,80.2356796265,46979,46989,10
12.9952096939,80.2352828979,46989,46999,10
12.9946098328,80.2349090576,46999,47009,10
12.994020462,80.2346420288,47009,47019,10
12.9939804077,80.2346115112,47019,47029,10
12.9938001633,80.2344284058,47029,47039,10
12.9934196472,80.2341537476,47039,47049,10
12.9929199219,80.2339172363,47049,47060,11
12.992099762,80.2337799072,47060,47070,10
12.9918003082,80.233757019,47070,47080,10
12.9917402267,80.2337493896,47080,47090,10
12.9913902283,80.2336730957,47090,47100,10
12.9912900925,80.2331466675,47100,47110,10
12.9911203384,80.2326583862,47110,47120,10
12.9909296036,80.2317428589,47120,47150,30
12.9909296036,80.2317428589,47150,47160,10
12.9908704758,80.2312774658,47160,47171,11
12.9907999039,80.2306289673,47171,47181,10
12.99077034,80.2300872803,47181,47201,20
12.99077034,80.2300872803,47201,47211,10
12.9908103943,80.2299575806,47211,47221,10
12.9906902313,80.2294769287,47221,47231,10
12.9905004501,80.2288208008,47231,47241,10
12.9903697968,80.2283477783,47241,47251,10
12.9902200699,80.2276611328,47251,47261,10
12.9901895523,80.2275695801,47261,47272,11
12.9901895523,80.2274398804,47272,47282,10
12.9900999069,80.2269134521,47282,47292,10
12.9900598526,80.2263412476,47292,47302,10
12.9899301529,80.2255401611,47302,47312,10
12.9896001816,80.2248382568,47312,47322,10
12.9894800186,80.2241210938,47322,47332,10
12.9892997742,80.2235565186,47332,47340,8
12.9888896942,80.2233810425,47340,47352,12
12.9883203506,80.2233581543,47352,47382,30
12.9883203506,80.2233581543,47382,47393,11
12.9884700775,80.2232437134,47393,47403,10
12.9890203476,80.2232894897,47403,47413,10
12.9894199371,80.2237167358,47413,47423,10
12.9894304276,80.2242736816,47423,47433,10
12.9896001816,80.2249679565,47433,47443,10
12.9900598526,80.2257537842,47443,47453,10
12.9899997711,80.2264404297,47453,47463,10
12.9900798798,80.227180481,47463,47474,11
12.9898900986,80.2276916504,47474,47504,30
12.9898900986,80.2276916504,47504,47514,10
12.9896097183,80.227897644,47514,47524,10
12.9890203476,80.2282333374,47524,47534,10
12.9886903763,80.2289581299,47534,47544,10
12.9884004593,80.2297210693,47544,47554,10
12.9883003235,80.2300262451,47554,47564,10
12.9881801605,80.23021698,47564,47574,10
12.9879398346,80.2309112549,47574,47585,11
12.9877300262,80.2314071655,47585,47595,10
12.9875202179,80.2320709229,47595,47605,10
12.9874200821,80.2329711914,47605,47615,10
12.9871101379,80.2332305908,47615,47625,10
12.986579895,80.233291626,47625,47635,10
12.9865102768,80.2332992554,47635,47645,10
12.9862203598,80.2333221436,47645,47655,10
12.9860801697,80.2337875366,47655,47665,10
12.9861001968,80.2343521118,47665,47675,10
12.9864301682,80.2351531982,47675,47706,31
12.9864301682,80.2351531982,47706,47716,10
12.986530304,80.2353134155,47716,47726,10
12.986530304,80.2353363037,47726,47736,10
12.9865503311,80.2354125977,47736,47746,10
12.9865703583,80.2357635498,47746,47756,10
12.9865703583,80.2362670898,47756,47766,10
12.9865903854,80.2369232178,47766,47776,10
12.9865903854,80.2375411987,47776,47787,11
12.9866104126,80.2384567261,47787,47797,10
12.9865398407,80.2384414673,47797,48360,563
12.9865398407,80.2384414673,48360,48370,10
12.986579895,80.2383575439,48370,48380,10
12.9866104126,80.2378463745,48380,48390,10
12.9865999222,80.2370834351,48390,48400,10
12.986579895,80.2365493774,48400,48411,11
12.9865398407,80.2357406616,48411,48420,9
12.9864797592,80.2353134155,48420,48440,20
12.9864797592,80.2353134155,48440,48451,11
12.9863195419,80.2350006104,48451,48461,10
12.9861097336,80.2341766357,48461,48471,10
12.9860696793,80.2335891724,48471,48481,10
12.986579895,80.2333068848,48481,48491,10
12.9866199493,80.2333221436,48491,48501,10
12.9867296219,80.2333374023,48501,48512,11
12.9873199463,80.2332382202,48512,48522,10
12.9873800278,80.2327423096,48522,48532,10
12.9875402451,80.231880188,48532,48542,10
12.9878997803,80.2310333252,48542,48553,11
12.9882898331,80.23021698,48553,48565,12
12.9883203506,80.2301101685,48565,48575,10
12.988360405,80.2297363281,48575,48585,10
12.9885797501,80.2292480469,48585,48595,10
12.9889202118,80.2284164429,48595,48605,10
12.9899997711,80.2276611328,48605,48626,21
12.9899997711,80.2276611328,48626,48636,10
12.9901399612,80.2275238037,48636,48646,10
12.9900598526,80.226890564,48646,48656,10
12.9900398254,80.2262573242,48656,48666,10
12.9899301529,80.2255096436,48666,48676,10
12.9896001816,80.2247924805,48676,48686,10
12.9894800186,80.2239532471,48686,48695,9
12.9892196655,80.223449707,48695,48707,12
12.9885702133,80.2233276367,48707,48716,9
12.9883098602,80.2233581543,48716,48747,31
12.9883098602,80.2233581543,48747,48757,10
12.9883098602,80.2232894897,48757,48767,10
12.988699913,80.2232818604,48767,48777,10
12.9891700745,80.2233963013,48777,48787,10
12.98939991,80.2239074707,48787,48797,10
12.9894399643,80.2245025635,48797,48807,10
12.9896697998,80.2251281738,48807,48818,11
12.9900197983,80.2259979248,48818,48828,10
12.989979744,80.2265167236,48828,48838,10
12.9901304245,80.2275009155,48838,48858,20
12.9901304245,80.2275009155,48858,48868,10
12.9901695251,80.2278289795,48868,48878,10
12.9903402328,80.2284698486,48878,48888,10
12.9905395508,80.229057312,48888,48898,10
12.9907398224,80.2298583984,48898,48908,10
12.9907798767,80.230140686,48908,48918,10
12.9907903671,80.2303085327,48918,48929,11
12.9908304214,80.2309494019,48929,48939,10
12.9908704758,80.2314834595,48939,48949,10
12.9909095764,80.2319564819,48949,48959,10
12.9909095764,80.2319717407,48959,48969,10
12.990940094,80.2321929932,48969,48979,10
12.9911298752,80.2328262329,48979,48989,10
12.991350174,80.2333831787,48989,48999,10
12.9917201996,80.2336425781,48999,49019,20
12.9917201996,80.2336425781,49019,49030,11
12.9919996262,80.2337112427,49030,49040,10
12.9925403595,80.2337722778,49040,49050,10
12.993180275,80.2339706421,49050,49060,10
12.9936599731,80.2342910767,49060,49070,10
12.9938097,80.2344207764,49070,49080,10
12.9940500259,80.2345809937,49080,49090,10
12.9946899414,80.2349624634,49090,49100,10
12.9952898026,80.2353286743,49100,49110,10
12.995880127,80.2358322144,49110,49120,10
12.9960002899,80.2359313965,49120,49131,11
12.9962797165,80.236366272,49131,49141,10
12.9966897964,80.2371902466,49141,49151,10
12.9970598221,80.2378082275,49151,49161,10
12.9975099564,80.2384796143,49161,49171,10
12.998000145,80.238899231,49171,49181,10
12.9987096786,80.2391586304,49181,49242,61
12.9987096786,80.2391586304,49242,49252,10
12.9987897873,80.2392425537,49252,49262,10
12.9991197586,80.2393188477,49262,49272,10
12.9996004105,80.2394104004,49272,49282,10
13.0005598068,80.2395324707,49282,49292,10
13.0012397766,80.2396469116,49292,49302,10
13.0020103455,80.2398910522,49302,49312,10
13.0024595261,80.2400283813,49312,49322,10
13.002579689,80.2400894165,49322,49333,11
13.0033197403,80.2403182983,49333,49343,10
13.0037298203,80.2410964966,49343,49353,10
13.0042104721,80.2418136597,49353,49363,10
13.0049800873,80.2418136597,49363,49373,10
13.0059099197,80.2422409058,49373,49403,30
13.0059099197,80.2422409058,49403,49413,10
13.0057096481,80.2422103882,49413,50152,739
13.0055704117,80.2421188354,50152,50173,21
13.0055704117,80.2421188354,50173,50183,10
13.005279541,80.2418823242,50183,50193,10
13.0048799515,80.2418212891,50193,50203,10
13.0041904449,80.2417984009,50203,50213,10
13.0037097931,80.2409896851,50213,50223,10
13.0026197433,80.2400970459,50223,50253,30
13.0026197433,80.2400970459,50253,50264,11
13.002579689,80.2400970459,50264,50274,10
13.0020904541,80.2399291992,50274,50283,9
13.0013198853,80.2397003174,50283,50294,11
13.0006198883,80.2395782471,50294,50304,10
12.9991998672,80.2393417358,50304,50334,30
12.9991998672,80.2393417358,50334,50344,10
12.9990100861,80.2392730713,50344,50354,10
12.9983797073,80.2390975952,50354,50365,11
12.9977703094,80.2387771606,50365,50375,10
12.9973096848,80.2382202148,50375,50385,10
12.9969396591,80.2376022339,50385,50395,10
12.9966802597,80.2371368408,50395,50405,10
12.9963302612,80.2364807129,50405,50415,10
12.9962396622,80.236366272,50415,50425,10
12.9959001541,80.2358474731,50425,50435,10
12.9952096939,80.2352828979,50435,50445,10
12.9946403503,80.2349319458,50445,50455,10
12.9939804077,80.2345504761,50455,50466,11
12.9939603806,80.2345428467,50466,50476,10
12.993639946,80.2342376709,50476,50486,10
12.9931201935,80.2339172363,50486,50496,10
12.9923400879,80.233757019,50496,50506,10
12.9917898178,80.2337417603,50506,50536,30
12.9917898178,80.2337417603,50536,50546,10
12.9914398193,80.2337799072,50546,50556,10
12.9912595749,80.2331924438,50556,50567,11
12.9910497665,80.2325363159,50567,50577,10
12.9909200668,80.2317886353,50577,50587,10
12.9909095764,80.2317581177,50587,50597,10
12.9908895493,80.2314376831,50597,50607,10
12.9908304214,80.2308197021,50607,50617,10
12.99077034,80.2301025391,50617,50627,10
12.99077034,80.2300186157,50627,50637,10
12.990650177,80.2294235229,50637,50647,10
12.9904499054,80.2286911011,50647,50657,10
12.9902601242,80.2280197144,50657,50668,11
12.9901304245,80.2273712158,50668,50678,10
12.9901399612,80.2272796631,50678,50688,10
12.9900398254,80.2266616821,50688,50698,10
12.9900598526,80.226020813,50698,50708,10
12.9896602631,80.2251586914,50708,50717,9
12.9895000458,80.2245483398,50717,50729,12
12.9893798828,80.2236633301,50729,50739,10
12.9888296127,80.2233505249,50739,50749,10
12.9883899689,80.2235717773,50749,50769,20
12.9883899689,80.2235717773,50769,50780,11
12.9883804321,80.2236099243,50780,50790,10
12.9881601334,80.223739624,50790,51497,707
12.9881601334,80.223739624,51497,51507,10
12.9885101318,80.2233810425,51507,51537,30
12.9885101318,80.2233810425,51537,51547,10
12.9887199402,80.2233276367,51547,51557,10
12.9893302917,80.2235412598,51557,51567,10
12.9894599915,80.2241592407,51567,51577,10
12.9896697998,80.2250213623,51577,51587,10
12.9900999069,80.2259216309,51587,51598,11
12.9900903702,80.2266921997,51598,51608,10
12.9902200699,80.2275924683,51608,51618,10
12.9902601242,80.2278289795,51618,51628,10
12.9904699326,80.2285919189,51628,51638,10
12.9906702042,80.2292404175,51638,51648,10
12.9908399582,80.2301101685,51648,51658,10
12.9908399582,80.2301330566,51658,51668,10
12.9908399582,80.2302093506,51668,51678,10
12.9908800125,80.2308425903,51678,51688,10
12.9909496307,80.2314300537,51688,51698,10
12.9909896851,80.2320404053,51698,51709,11
12.9910001755,80.2321166992,51709,51719,10
12.9911603928,80.2327194214,51719,51729,10
12.991399765,80.2333068848,51729,51739,10
12.9920396805,80.2336807251,51739,51759,20
12.9920396805,80.2336807251,51759,51769,10
12.9921197891,80.2337265015,51769,51779,10
12.9927902222,80.2338180542,51779,51789,10
12.9933595657,80.2340774536,51789,51799,10
12.993639946,80.2343063354,51799,51810,11
12.9941101074,80.2346572876,51810,51820,10
12.9949598312,80.2351531982,51820,51830,10
12.9955596924,80.2355194092,51830,51840,10
12.9959697723,80.2358932495,51840,51850,10
12.9961996078,80.2362365723,51850,51860,10
12.9965801239,80.2369766235,51860,51870,10
12.9969997406,80.2376708984,51870,51880,10
12.9975004196,80.2383880615,51880,51890,10
12.9980201721,80.2389373779,51890,51900,10
12.9987001419,80.2391815186,51900,51921,21
12.9987001419,80.2391815186,51921,51931,10
12.9988803864,80.2392578125,51931,51941,10
12.999420166,80.239402771,51941,51951,10
13.0003004074,80.2395172119,51951,51961,10
13.0011901855,80.2396621704,51961,51971,10
13.0018596649,80.2398681641,51971,51981,10
13.0025196075,80.2400665283,51981,51991,10
13.0026397705,80.2400970459,51991,52001,10
13.0033197403,80.2403335571,52001,52012,11
13.0038204193,80.2412109375,52012,52028,16
13.004940033,80.2417984009,52028,52040,12
13.0059604645,80.2419433594,52040,52050,10
13.0057401657,80.2422485352,52050,52121,71
13.0057401657,80.2422485352,52121,52131,10
13.0053796768,80.2419586182,52131,52141,10
13.0047197342,80.2418518066,52141,52151,10
13.0039396286,80.2415771484,52151,52161,10
13.0036201477,80.2407836914,52161,52171,10
13.0027599335,80.2401580811,52171,52181,10
13.0025701523,80.2400894165,52181,52190,9
13.0023002625,80.2399902344,52190,52201,11
13.0014600754,80.2397232056,52201,52211,10
13.0008096695,80.2395782471,52211,52222,11
12.9991798401,80.2393417358,52222,52252,30
12.9991798401,80.2393417358,52252,52262,10
12.9990100861,80.2392578125,52262,52272,10
12.9984397888,80.2390975952,52272,52282,10
12.9977798462,80.2387466431,52282,52292,10
12.997300148,80.2381286621,52292,52302,10
12.9968700409,80.2374801636,52302,52312,10
12.9964895248,80.2367706299,52312,52323,11
12.9962797165,80.236366272,52323,52333,10
12.9962301254,80.2362594604,52333,52342,9
12.9958600998,80.2357788086,52342,52353,11
12.9952001572,80.2352676392,52353,52363,10
12.9946203232,80.2349014282,52363,52373,10
12.9939699173,80.2345275879,52373,52383,10
12.9936800003,80.2342681885,52383,52393,10
12.9932804108,80.2340164185,52393,52404,11
12.9926795959,80.2338180542,52404,52414,10
12.9917697906,80.2337417603,52414,52445,31
12.9917697906,80.2337417603,52445,52455,10
12.991399765,80.2336502075,52455,52465,10
12.9912595749,80.2331237793,52465,52475,10
12.991060257,80.2325592041,52475,52485,10
12.990940094,80.2317733765,52485,52496,11
12.990940094,80.2317733765,52496,52536,40
12.9907903671,80.2300415039,52536,52546,10
12.9907903671,80.2300262451,52546,52556,10
12.9907598495,80.2297286987,52556,52566,10
12.9905500412,80.2289733887,52566,52576,10
12.9903802872,80.2284164429,52576,52586,10
12.9902000427,80.2276535034,52586,52596,10
12.9901599884,80.2274169922,52596,52606,10
12.9901399612,80.2271575928,52606,52616,10
12.9900197983,80.2265472412,52616,52634,18
12.9897098541,80.2252731323,52634,52642,8
12.9895200729,80.2247009277,52642,52654,12
12.9894199371,80.2238311768,52654,52664,10
12.9889497757,80.2233963013,52664,52674,10
12.9884500504,80.2234191895,52674,52684,10
12.9883203506,80.2233734131,52684,52694,10
12.9883403778,80.2233276367,52694,52704,10
12.9888401031,80.2233505249,52704,52714,10
12.9893398285,80.2235870361,52714,52724,10
12.9894304276,80.2240524292,52724,52734,10
12.9896001816,80.2248687744,52734,52745,11
12.9900598526,80.2256469727,52745,52755,10
12.9900302887,80.2264404297,52755,52765,10
12.9901504517,80.2271728516,52765,52775,10
12.9898700714,80.2277297974,52775,52784,9
12.9897603989,80.2278289795,52784,52795,11
12.989159584,80.2281265259,52795,52805,10
12.9887800217,80.228767395,52805,52814,9
12.9884395599,80.229637146,52814,52825,11
12.9883203506,80.229927063,52825,52836,11
12.988120079,80.2304763794,52836,52846,10
12.9877796173,80.2313079834,52846,52856,10
12.9875202179,80.2323684692,52856,52866,10
12.9874696732,80.2331314087,52866,52876,10
12.9869604111,80.2332992554,52876,52885,9
12.9865198135,80.2333221436,52885,52896,11
12.9863004684,80.2333221436,52896,52906,10
12.9861297607,80.2338485718,52906,52916,10
12.9862003326,80.2345275879,52916,52926,10
12.9864997864,80.2352218628,52926,52937,11
12.9864997864,80.2352371216,52937,52946,9
12.9865503311,80.2354278564,52946,52956,10
12.986579895,80.236076355,52956,52966,10
12.9866104126,80.2369384766,52966,52977,11
12.9866399765,80.2377090454,52977,52987,10
12.9866695404,80.2386169434,52987,52996,9
12.986579895,80.2384262085,52996,53967,971
12.986579895,80.2384262085,53967,53977,10
12.9866199493,80.2381286621,53977,53987,10
12.9866304398,80.2377624512,53987,53997,10
12.9866104126,80.2369766235,53997,54007,10
12.9865903854,80.2363586426,54007,54017,10
12.9865703583,80.2355880737,54017,54027,10
12.9864902496,80.2352981567,54027,54037,10
12.9864702225,80.2352218628,54037,54047,10
12.9862203598,80.2346572876,54047,54057,10
12.986120224,80.2339172363,54057,54068,11
12.9862003326,80.2333526611,54068,54078,10
12.9866695404,80.233291626,54078,54088,10
12.9868803024,80.2332763672,54088,54098,10
12.9872598648,80.2332611084,54098,54118,20
12.9875297546,80.2320404053,54118,54130,12
12.9879999161,80.2309188843,54130,54140,10
12.9882698059,80.2301025391,54140,54150,10
12.9882698059,80.2300567627,54150,54160,10
12.9884195328,80.229637146,54160,54170,10
12.9887304306,80.2288589478,54170,54181,11
12.9894304276,80.2280578613,54181,54191,10
12.9899597168,80.2276535034,54191,54201,10
12.9900903702,80.2275619507,54201,54211,10
12.9901399612,80.2273406982,54211,54221,10
12.9900798798,80.2266769409,54221,54231,10
12.9900798798,80.2261123657,54231,54241,10
12.9896697998,80.225151062,54241,54251,10
12.9895000458,80.2243804932,54251,54261,10
12.98939991,80.2236785889,54261,54271,10
12.9888401031,80.2233810425,54271,54282,11
12.9883298874,80.2233276367,54282,54312,30
12.9883298874,80.2233276367,54312,54322,10
12.9884195328,80.2232971191,54322,54332,10
12.988820076,80.2233276367,54332,54342,10
12.9893598557,80.2236175537,54342,54352,10
12.9894199371,80.2241516113,54352,54362,10
12.9895401001,80.2248077393,54362,54372,10
12.9898796082,80.2253875732,54372,54383,11
12.9899997711,80.2261734009,54383,54393,10
12.9900503159,80.2267837524,54393,54403,10
12.9901895523,80.227722168,54403,54413,10
12.9902296066,80.2278594971,54413,54423,10
12.9903402328,80.2283477783,54423,54433,10
12.9905395508,80.2289810181,54433,54443,10
12.9907503128,80.2298736572,54443,54453,10
12.9907999039,80.2302398682,54453,54463,10
12.9908399582,80.2309036255,54463,54473,10
12.9908800125,80.2315368652,54473,54483,10
12.9909296036,80.2319564819,54483,54494,11
12.9910297394,80.2324523926,54494,54504,10
12.991230011,80.2330780029,54504,54514,10
12.9919900894,80.2336425781,54514,54534,20
12.9919900894,80.2336425781,54534,54544,10
12.9923095703,80.2337265015,54544,54554,10
12.9930496216,80.2339096069,54554,54564,10
12.9935302734,80.2341995239,54564,54574,10
12.9938297272,80.234413147,54574,54584,10
12.9940004349,80.2344970703,54584,54595,11
12.9946804047,80.2348937988,54595,54605,10
12.9952898026,80.2353210449,54605,54615,10
12.995929718,80.2358627319,54615,54625,10
12.9959802628,80.2359237671,54625,54635,10
12.9961795807,80.2361984253,54635,54645,10
12.9965896606,80.2369918823,54645,54655,10
12.9969701767,80.2376708984,54655,54665,10
12.9974899292,80.2384185791,54665,54675,10
12.9980802536,80.2389068604,54675,54685,10
12.9987001419,80.2391281128,54685,54696,11
12.9988098145,80.2391815186,54696,54706,10
12.9992704391,80.2393112183,54706,54716,10
13.0000200272,80.2394180298,54716,54726,10
13.0009202957,80.2395629883,54726,54736,10
13.0016498566,80.2397537231,54736,54746,10
13.0024003983,80.2399978638,54746,54756,10
13.0030698776,80.2402267456,54756,54766,10
13.0036697388,80.2409133911,54766,54776,10
13.0041399002,80.2417678833,54776,54786,10
13.0050096512,80.2418212891,54786,54797,11
13.0059299469,80.241897583,54797,54807,10
13.0057601929,80.2422866821,54807,55675,868
13.0057601929,80.2422866821,55675,55685,10
13.0056800842,80.2422637939,55685,55695,10
13.0053195953,80.2419433594,55695,55705,10
13.0049200058,80.2418365479,55705,55715,10
13.0046300888,80.2418670654,55715,55725,10
13.0039396286,80.2416229248,55725,55736,11
13.0035600662,80.2406768799,55736,55746,10
13.0027103424,80.2401580811,55746,55756,10
13.0020999908,80.2399368286,55756,55766,10
13.0012397766,80.2396469116,55766,55776,10
13.0005598068,80.2395172119,55776,55786,10
12.9991998672,80.2393035889,55786,55816,30
12.9991998672,80.2393035889,55816,55826,10
12.9990196228,80.2392425537,55826,55837,11
12.9987401962,80.2391815186,55837,55847,10
12.9987297058,80.2391815186,55847,55857,10
12.998459816,80.239112854,55857,55867,10
12.9982404709,80.2390365601,55867,55877,10
12.9977798462,80.2387619019,55877,55887,10
12.9973602295,80.2382278442,55887,55897,10
12.9969701767,80.2376174927,55897,55907,10
12.9966402054,80.2370605469,55907,55917,10
12.9962997437,80.2364196777,55917,55927,10
12.9962596893,80.2363586426,55927,55937,10
12.9959602356,80.2359008789,55937,55948,11
12.9953403473,80.2353591919,55948,55958,10
12.9948596954,80.2350387573,55958,55968,10
12.9941701889,80.2346572876,55968,55978,10
12.9939203262,80.2344970703,55978,55988,10
12.9937000275,80.2342987061,55988,55998,10
12.9932899475,80.2340087891,55998,56008,10
12.9926996231,80.2337875366,56008,56018,10
12.9917898178,80.2337417603,56018,56038,20
12.9917898178,80.2337417603,56038,56049,11
12.9914798737,80.233757019,56049,56059,10
12.9913301468,80.2332382202,56059,56069,10
12.9911699295,80.2328186035,56069,56079,10
12.9910001755,80.2322463989,56079,56089,10
12.9909000397,80.2317428589,56089,56109,20
12.9909000397,80.2317428589,56109,56119,10
12.9909095764,80.2313232422,56119,56129,10
12.9908399582,80.2307434082,56129,56139,10
12.9907999039,80.2300796509,56139,56160,21
12.9907999039,80.2300796509,56160,56170,10
12.9907598495,80.2296829224,56170,56180,10
12.9905900955,80.229057312,56180,56190,10
12.9904403687,80.2285385132,56190,56200,10
12.990240097,80.2278823853,56200,56210,10
12.9901599884,80.227432251,56210,56220,10
12.9901199341,80.2273712158,56220,56230,10
12.9900503159,80.2267913818,56230,56240,10
12.9900598526,80.2261962891,56240,56251,11
12.989780426,80.2253112793,56251,56261,10
12.9895296097,80.2246627808,56261,56271,10
12.9894695282,80.2239074707,56271,56281,10
12.9891700745,80.2234268188,56281,56291,10
12.9886198044,80.2233428955,56291,56300,9
12.988360405,80.2233276367,56300,56321,21
12.988360405,80.2233276367,56321,56331,10
12.9887504578,80.2233123779,56331,56341,10
12.9892597198,80.2234725952,56341,56351,10
12.9894399643,80.2238998413,56351,56362,11
12.9895601273,80.2247085571,56362,56372,10
12.9898996353,80.2253570557,56372,56382,10
12.9900197983,80.2260971069,56382,56391,9
12.9899902344,80.2263717651,56391,56402,11
12.9900798798,80.2268371582,56402,56412,10
12.9901504517,80.2272567749,56412,56422,10
12.9901304245,80.2275390625,56422,56432,10
12.9899196625,80.2276992798,56432,56442,10
12.9898395538,80.2277908325,56442,56452,10
12.9894399643,80.2279815674,56452,56463,11
12.9888296127,80.2286224365,56463,56473,10
12.9884595871,80.2295227051,56473,56483,10
12.9883203506,80.2299575806,56483,56493,10
12.9883098602,80.2299575806,56493,56503,10
12.9882001877,80.2301330566,56503,56513,10
12.9880599976,80.2305221558,56513,56523,10
12.987739563,80.2312088013,56523,56533,10
12.9875097275,80.2320022583,56533,56543,10
12.9874296188,80.2328109741,56543,56553,10
12.9872903824,80.2332077026,56553,56564,11
12.9866504669,80.2332687378,56564,56574,10
12.9864797592,80.233291626,56574,56584,10
12.9861097336,80.2334899902,56584,56594,10
12.9861402512,80.2340621948,56594,56604,10
12.9863500595,80.2348632813,56604,56614,10
12.9864997864,80.2351989746,56614,56624,10
12.9865198135,80.2352981567,56624,56634,10
12.9865598679,80.2358474731,56634,56644,10
12.986579895,80.2366409302,56644,56654,10
12.9865999222,80.2372894287,56654,56665,11
12.9866304398,80.2383728027,56665,56675,10
12.986579895,80.2384490967,56675,57836,1161
12.986579895,80.2384490967,57836,57846,10
12.9866600037,80.2381820679,57846,57856,10
12.9866600037,80.2381591797,57856,57866,10
12.9866504669,80.2379608154,57866,57876,10
12.9866199493,80.2371673584,57876,57886,10
12.9865999222,80.2366485596,57886,57896,10
12.9865598679,80.2359466553,57896,57906,10
12.986530304,80.2353897095,57906,57917,11
12.9865102768,80.2353363037,57917,57927,10
12.9864301682,80.235168457,57927,57937,10
12.9863996506,80.2350997925,57937,57947,10
12.9861898422,80.2345581055,57947,57957,10
12.986120224,80.2338562012,57957,57967,10
12.9862604141,80.2333602905,57967,57977,10
12.9867200851,80.2333068848,57977,57987,10
12.9867401123,80.2332992554,57987,57997,10
12.987159729,80.2332992554,57997,58007,10
12.9874095917,80.232963562,58007,58018,11
12.9875001907,80.2321166992,58018,58028,10
12.9878101349,80.2313308716,58028,58038,10
12.9879598618,80.2309417725,58038,58048,10
12.9880399704,80.2307510376,58048,58058,10
12.9882202148,80.230178833,58058,58068,10
12.988240242,80.230140686,58068,58078,10
12.9882898331,80.2300491333,58078,58088,10
12.9884500504,80.2295684814,58088,58098,10
12.9887695313,80.2287826538,58098,58108,10
12.9893903732,80.2281036377,58108,58119,11
12.9901199341,80.2276306152,58119,58139,20
12.9901199341,80.2276306152,58139,58149,10
12.9901399612,80.2270736694,58149,58159,10
12.9900197983,80.225692749,58159,58169,10
12.9900197983,80.225692749,58169,58179,10
12.9896001816,80.2249069214,58179,58189,10
12.9895000458,80.2241668701,58189,58199,10
12.9893198013,80.2235870361,58199,58209,10
12.9887399673,80.2233886719,58209,58219,10
12.988360405,80.2233581543,58219,58250,31
12.988360405,80.2233581543,58250,58260,10
12.9884595871,80.2233123779,58260,58270,10
12.9890098572,80.2233276367,58270,58280,10
12.9894399643,80.2236709595,58280,58289,9
12.9894800186,80.2241592407,58289,58300,11
12.989689827,80.2249832153,58300,58310,10
12.9901199341,80.2257537842,58310,58320,10
12.9900798798,80.2264633179,58320,58331,11
12.9902200699,80.2273788452,58331,58341,10
12.9902296066,80.2275695801,58341,58351,10
12.9902000427,80.2276763916,58351,58360,9
12.9903202057,80.2281417847,58360,58371,11
12.9905700684,80.2288894653,58371,58381,10
12.9907798767,80.2296524048,58381,58391,10
12.9908704758,80.23021698,58391,58401,10
12.9908800125,80.2303466797,58401,58411,10
12.9909095764,80.2309494019,58411,58421,10
12.9910097122,80.2320480347,58421,58462,41
12.9910097122,80.2320480347,58462,58472,10
12.991060257,80.2323989868,58472,58492,20
12.991060257,80.2323989868,58492,58502,10
12.9911804199,80.2328262329,58502,58512,10
12.9913597107,80.2332763672,58512,58522,10
12.9918498993,80.2336807251,58522,58553,31
12.9918498993,80.2336807251,58553,58563,10
12.9920196533,80.2337493896,58563,58573,10
12.9925098419,80.2338027954,58573,58583,10
12.9931898117,80.2340011597,58583,58593,10
12.9938697815,80.2344818115,58593,58623,30
12.9938697815,80.2344818115,58623,58633,10
12.9941797256,80.234703064,58633,58644,11
12.9948596954,80.2350311279,58644,58654,10
12.9953203201,80.2353363037,58654,58664,10
12.9958400726,80.2358016968,58664,58674,10
12.9959497452,80.2359313965,58674,58684,10
12.9961795807,80.2361984253,58684,58694,10
12.996509552,80.2368164063,58694,58704,10
12.9969501495,80.2375564575,58704,58714,10
12.997300148,80.2380981445,58714,58724,10
12.9978599548,80.2388000488,58724,58734,10
12.9987401962,80.2391891479,58734,58765,31
12.9987401962,80.2391891479,58765,58775,10
12.9988803864,80.2392578125,58775,58785,10
12.9994401932,80.2393875122,58785,58795,10
13.0003900528,80.2395172119,58795,58805,10
13.0012598038,80.2396774292,58805,58815,10
13.0019798279,80.239906311,58815,58825,10
13.0025196075,80.2400817871,58825,58835,10
13.0026102066,80.2401123047,58835,58845,10
13.0031795502,80.2402877808,58845,58856,11
13.0037202835,80.241027832,58856,58866,10
13.004240036,80.2418365479,58866,58876,10
13.0052099228,80.2418518066,58876,58886,10
13.005979538,80.2419433594,58886,58896,10
13.0057401657,80.2422637939,58896,59371,475
13.0057401657,80.2422637939,59371,59381,10
13.0053596497,80.2419815063,59381,59391,10
13.0047302246,80.241859436,59391,59401,10
13.0039300919,80.2416381836,59401,59411,10
13.0036001205,80.2408065796,59411,59421,10
13.0025701523,80.2401428223,59421,59441,20
13.0025701523,80.2401428223,59441,59451,10
13.0022497177,80.2400436401,59451,59461,10
13.0016202927,80.2398223877,59461,59472,11
13.000869751,80.2396316528,59472,59482,10
13.0000696182,80.2395172119,59482,59492,10
12.9991798401,80.2393569946,59492,59512,20
12.9991798401,80.2393569946,59512,59522,10
12.9991703033,80.2393722534,59522,59532,10
12.9988203049,80.2392730713,59532,59542,10
12.9983797073,80.239151001,59542,59552,10
12.9982795715,80.239112854,59552,59603,51
12.9982795715,80.239112854,59603,59613,10
12.9979496002,80.2389526367,59613,59623,10
12.9975004196,80.2384796143,59623,59633,10
12.9969797134,80.2377090454,59633,59643,10
12.9966697693,80.2371368408,59643,59653,10
12.9962701797,80.2363815308,59653,59673,20
12.9962701797,80.2363815308,59673,59684,11
12.995929718,80.2359008789,59684,59694,10
12.995300293,80.2353820801,59694,59704,10
12.9947900772,80.2350387573,59704,59714,10
12.9940500259,80.23462677,59714,59724,10
12.9939002991,80.2345504761,59724,59734,10
12.9938201904,80.2344894409,59734,59744,10
12.9934101105,80.234161377,59744,59754,10
12.9928503036,80.2338790894,59754,59764,10
12.9921102524,80.233757019,59764,59774,10
12.9917497635,80.2337799072,59774,59785,11
12.9917402267,80.2337799072,59785,59795,10
12.9915895462,80.2338104248,59795,59805,10
12.9913301468,80.2333984375,59805,59815,10
12.9911804199,80.2329330444,59815,59825,10
12.9910097122,80.2322998047,59825,59835,10
12.9909601212,80.2317886353,59835,59845,10
12.9909601212,80.2317810059,59845,59855,10
12.9909296036,80.2315216064,59855,59865,10
12.9908800125,80.2309494019,59865,59875,10
12.9908103943,80.2300415039,59875,59896,21
12.9908103943,80.2300415039,59896,59906,10
12.9907798767,80.2298278809,59906,59916,10
12.990650177,80.2293014526,59916,59926,10
12.9904603958,80.2287063599,59926,59936,10
12.9902601242,80.2279510498,59936,59946,10
12.9901800156,80.2274169922,59946,59956,10
12.9901599884,80.2272567749,59956,59966,10
12.9900398254,80.2266464233,59966,59976,10
12.9900798798,80.2260894775,59976,59987,11
12.989689827,80.2251968384,59987,59997,10
12.9895200729,80.224571228,59997,60006,9
12.9894599915,80.2239227295,60006,60016,10
12.9891004562,80.2234420776,60016,60027,11
12.9885597229,80.2233505249,60027,60037,10
12.9883403778,80.2233581543,60037,60077,40
12.9883403778,80.2233581543,60077,60087,10
12.9883899689,80.2232971191,60087,60098,11
12.9889202118,80.2233505249,60098,60108,10
12.9894199371,80.2236633301,60108,60118,10
12.9894599915,80.2241821289,60118,60128,10
12.9896001816,80.2248916626,60128,60138,10
12.9900102615,80.2255477905,60138,60148,10
12.9900503159,80.2264099121,60148,60158,10
12.9901399612,80.2270431519,60158,60168,10
12.9899196625,80.2277603149,60168,60199,31
12.9899196625,80.2277603149,60199,60209,10
12.9897203445,80.2278671265,60209,60219,10
12.9891901016,80.2281570435,60219,60228,9
12.9887695313,80.2288665771,60228,60238,10
12.9883298874,80.2300033569,60238,60259,21
12.9883298874,80.2300033569,60259,60268,9
12.9882698059,80.2301483154,60268,60279,11
12.9880895615,80.2305908203,60279,60289,10
12.9877901077,80.2313079834,60289,60300,11
12.9875097275,80.2323532104,60300,60310,10
12.9874801636,80.2330780029,60310,60320,10
12.987159729,80.2332763672,60320,60330,10
12.9865598679,80.2333068848,60330,60370,40
12.9865598679,80.2333068848,60370,60380,10
12.9862298965,80.2333221436,60380,60390,10
12.986120224,80.2338790894,60390,60401,11
12.9864797592,80.2352371216,60401,60441,40
12.9864797592,80.2352371216,60441,60451,10
12.9865598679,80.235786438,60451,60461,10
12.986579895,80.2366027832,60461,60471,10
12.9866104126,80.2372817993,60471,60481,10
12.9866399765,80.2381591797,60481,60491,10
12.986579895,80.2384796143,60491,61309,818
12.986579895,80.2384796143,61309,61319,10
12.9866600037,80.2378463745,61319,61330,11
12.9865999222,80.2369995117,61330,61340,10
12.9865703583,80.2364425659,61340,61350,10
12.9864797592,80.2353515625,61350,61370,20
12.9864797592,80.2353515625,61370,61380,10
12.9864501953,80.235206604,61380,61400,20
12.9864501953,80.235206604,61400,61410,10
12.9863595963,80.2350006104,61410,61420,10
12.9861602783,80.2344207764,61420,61430,10
12.9860897064,80.2339096069,61430,61441,11
12.9861001968,80.2334365845,61441,61451,10
12.9866399765,80.2333297729,61451,61461,10
12.9867897034,80.2333297729,61461,61471,10
12.9873895645,80.2332382202,61471,61481,10
12.987449646,80.2325973511,61481,61491,10
12.9876203537,80.2317581177,61491,61501,10
12.9879198074,80.231010437,61501,61511,10
12.988240242,80.2301864624,61511,61521,10
12.9882898331,80.2300796509,61521,61531,10
12.988360405,80.229850769,61531,61542,11
12.9886198044,80.2292175293,61542,61552,10
12.9889497757,80.2283782959,61552,61562,10
12.9896402359,80.2279205322,61562,61572,10
12.9900903702,80.2276382446,61572,61582,10
12.9900999069,80.2276382446,61582,61592,10
12.9901399612,80.2274780273,61592,61602,10
12.9900302887,80.2268066406,61602,61612,10
12.9900302887,80.2261428833,61612,61622,10
12.9898004532,80.2253417969,61622,61632,10
12.9895401001,80.2247161865,61632,61643,11
12.9894399643,80.2239532471,61643,61653,10
12.9890899658,80.2234420776,61653,61663,10
12.9885396957,80.2233734131,61663,61673,10
12.988360405,80.2233505249,61673,61703,30
12.988360405,80.2233505249,61703,61713,10
12.988699913,80.2233276367,61713,61723,10
12.9892501831,80.2234420776,61723,61733,10
12.9894895554,80.2239837646,61733,61743,10
12.9895801544,80.2247161865,61743,61754,11
12.989979744,80.2254867554,61754,61764,10
12.990070343,80.2262191772,61764,61774,10
12.9901103973,80.2267837524,61774,61784,10
12.9902296066,80.2275314331,61784,61794,10
12.9902296066,80.2276077271,61794,61804,10
12.990240097,80.2277374268,61804,61814,10
12.9904003143,80.2283706665,61814,61824,10
12.9905900955,80.2289810181,61824,61834,10
12.9907798767,80.2296829224,61834,61844,10
12.9908704758,80.2302017212,61844,61855,11
12.9908704758,80.2302093506,61855,61865,10
12.9908704758,80.2302932739,61865,61875,10
12.9909000397,80.2309036255,61875,61885,10
12.9909496307,80.2315368652,61885,61895,10
12.9909801483,80.2321014404,61895,61915,20
12.9909801483,80.2321014404,61915,61925,10
12.9910001755,80.2321166992,61925,61935,10
12.991109848,80.2325820923,61935,61945,10
12.9913396835,80.2331771851,61945,61956,11
12.991809845,80.2336883545,61956,61976,20
12.991809845,80.2336883545,61976,61986,10
12.9919395447,80.233757019,61986,61996,10
12.9923295975,80.2337799072,61996,62006,10
12.9931001663,80.2339706421,62006,62016,10
12.9939098358,80.2344970703,62016,62036,20
12.9939098358,80.2344970703,62036,62046,10
12.9941701889,80.2346572876,62046,62056,10
12.9947595596,80.2349624634,62056,62067,11
12.9954299927,80.2353897095,62067,62077,10
12.9959697723,80.2359008789,62077,62087,10
12.9960403442,80.2359771729,62087,62097,10
12.9962701797,80.2362823486,62097,62107,10
12.9966001511,80.2369232178,62107,62117,10
12.9969997406,80.2376174927,62117,62127,10
12.9973402023,80.2381820679,62127,62137,10
12.9979000092,80.238861084,62137,62147,10
12.9987602234,80.2392196655,62147,62178,31
12.9987602234,80.2392196655,62178,62188,10
12.9990196228,80.2393112183,62188,62198,10
12.9993600845,80.2393798828,62198,62208,10
12.9999399185,80.2395019531,62208,62218,10
13.0007896423,80.2396087646,62218,62228,10
13.0013399124,80.2397079468,62228,62238,10
13.0020799637,80.2399520874,62238,62248,10
13.002579689,80.2401199341,62248,62258,10
13.0026798248,80.2401580811,62258,62269,11
13.0031900406,80.2403182983,62269,62279,10
13.0036802292,80.2408599854,62279,62289,10
13.0040798187,80.2416992188,62289,62299,10
13.0047397614,80.2418823242,62299,62309,10
13.0056600571,80.241859436,62309,62319,10
13.0059995651,80.2421875,62319,62329,10
13.0057201385,80.2423782349,62329,63016,687
13.0057201385,80.2423782349,63016,63026,10
13.0056600571,80.2422637939,63026,63036,10
13.0052900314,80.2418823242,63036,63046,10
13.0044698715,80.241859436,63046,63056,10
13.0038900375,80.2414016724,63056,63066,10
13.0034799576,80.2405090332,63066,63076,10
13.0025901794,80.2401199341,63076,63086,10
13.002530098,80.2400970459,63086,63097,11
13.0024795532,80.2400817871,63097,63107,10
13.0020103455,80.2399215698,63107,63117,10
13.0012397766,80.239692688,63117,63127,10
13.0004796982,80.2395629883,63127,63137,10
12.9991798401,80.2393417358,63137,63218,81
12.9991798401,80.2393417358,63218,63228,10
12.998840332,80.2392578125,63228,63238,10
12.9988098145,80.2392501831,63238,63248,10
12.9987201691,80.2392196655,63248,63258,10
12.9982595444,80.2390670776,63258,63268,10
12.9978103638,80.2387924194,63268,63278,10
12.9973096848,80.2381668091,63278,63288,10
12.9969100952,80.2375335693,63288,63299,11
12.9962997437,80.2364120483,63299,63329,30
12.9962997437,80.2364120483,63329,63339,10
12.996219635,80.236328125,63339,63349,10
12.9958600998,80.2358322144,63349,63359,10
12.9952802658,80.2353591919,63359,63369,10
12.994799614,80.2350387573,63369,63379,10
12.9939699173,80.2345428467,63379,63399,20
12.9939699173,80.2345428467,63399,63410,11
12.9938497543,80.2344436646,63410,63420,10
12.9935398102,80.2341995239,63420,63430,10
12.9930801392,80.2339706421,63430,63440,10
12.9924898148,80.2338180542,63440,63450,10
12.9917402267,80.2338027954,63450,63480,30
12.9917402267,80.2338027954,63480,63490,10
12.9914102554,80.2337493896,63490,63500,10
12.9912595749,80.2332077026,63500,63511,11
12.9910697937,80.2326278687,63511,63521,10
12.990940094,80.2317962646,63521,63571,50
12.990940094,80.2317962646,63571,63581,10
12.990940094,80.2314224243,63581,63591,10
12.9908895493,80.2309188843,63591,63601,10
12.990819931,80.2300796509,63601,63642,41
12.990819931,80.2300796509,63642,63652,10
12.9908304214,80.2299880981,63652,63662,10
12.9907598495,80.2296218872,63662,63672,10
12.9905796051,80.2289962769,63672,63682,10
12.9904403687,80.2285385132,63682,63692,10
12.9902801514,80.2279968262,63692,63702,10
12.9901895523,80.2274169922,63702,63713,11
12.9901800156,80.2274017334,63713,63723,10
12.9901695251,80.227180481,63723,63733,10
12.9900398254,80.2265396118,63733,63743,10
12.9900903702,80.2258529663,63743,63753,10
12.9896802902,80.2251434326,63753,63763,10
12.9895095825,80.2245101929,63763,63773,10
12.9894599915,80.2238464355,63773,63783,10
12.9890203476,80.2234802246,63783,63793,10
12.9883499146,80.2234725952,63793,63874,81
12.9883499146,80.2234725952,63874,63884,10
12.9883403778,80.2233505249,63884,63894,10
12.9887199402,80.2233581543,63894,63904,10
12.9892196655,80.2234725952,63904,63914,10
12.9894599915,80.2240066528,63914,63925,11
12.989569664,80.2248382568,63925,63935,10
12.9899997711,80.2255783081,63935,63945,10
12.9900102615,80.2264328003,63945,63955,10
12.9901304245,80.2271194458,63955,63965,10
12.9899301529,80.2277679443,63965,63985,20
12.9899301529,80.2277679443,63985,63995,10
12.9896402359,80.2279663086,63995,64005,10
12.9890403748,80.2282867432,64005,64015,10
12.9887199402,80.2289810181,64015,64026,11
12.9884300232,80.2297515869,64026,64036,10
12.9883298874,80.2300186157,64036,64046,10
12.9882698059,80.2301177979,64046,64056,10
12.9880599976,80.2307128906,64056,64066,10
12.9877195358,80.231552124,64066,64076,10
12.9874897003,80.232460022,64076,64086,10
12.9874601364,80.2332229614,64086,64096,10
12.9865398407,80.2333602905,64096,64116,20
12.9865398407,80.2333602905,64116,64127,11
12.9864301682,80.2333602905,64127,64137,10
12.9863395691,80.2333679199,64137,64147,10
12.986120224,80.2337036133,64147,64157,10
12.9861602783,80.2343597412,64157,64167,10
12.9864797592,80.2352218628,64167,64177,10
12.9864997864,80.2352905273,64177,64187,10
12.9865503311,80.2355422974,64187,64197,10
12.9865598679,80.2362213135,64197,64207,10
12.9866104126,80.2370605469,64207,64217,10
12.9866304398,80.2378005981,64217,64227,10
12.9866600037,80.2388763428,64227,64248,21
12.9866600037,80.2388763428,64248,64258,10
12.9866800308,80.2390289307,64258,64268,10
12.9868602753,80.2394180298,64268,64278,10
12.9870796204,80.2399291992,64278,64288,10
12.9870004654,80.2406768799,64288,64297,9
12.9875497818,80.2409515381,64297,64308,11
12.9882001877,80.2410583496,64308,64318,10
12.9884595871,80.2411422729,64318,64327,9
12.9890699387,80.2414093018,64327,64339,12
12.9901199341,80.2416381836,64339,64379,40
12.9899396896,80.2416534424,64379,64399,20
12.9899396896,80.2416534424,64399,64409,10
12.9898300171,80.2416000366,64409,64944,535
12.9898300171,80.2416000366,64944,64955,11
12.9897003174,80.2415618896,64955,64965,10
12.9891796112,80.2414169312,64965,64975,10
12.9887599945,80.2412872314,64975,64985,10
12.9884500504,80.2411193848,64985,64995,10
12.9879102707,80.2409896851,64995,65005,10
12.9872198105,80.2408905029,65005,65015,10
12.9870300293,80.2404327393,65015,65025,10
12.987039566,80.2396316528,65025,65035,10
12.9866800308,80.2394332886,65035,65045,10
12.9865903854,80.2385025024,65045,65076,31
12.9865903854,80.2385025024,65076,65086,10
12.9866399765,80.238319397,65086,65096,10
12.9866399765,80.2378463745,65096,65106,10
12.9866104126,80.2371292114,65106,65116,10
12.9865999222,80.236618042,65116,65126,10
12.9864902496,80.2353591919,65126,65146,20
12.9864902496,80.2353591919,65146,65156,10
12.9864597321,80.2352600098,65156,65167,11
12.9862003326,80.2346572876,65167,65177,10
12.9861001968,80.2339324951,65177,65187,10
12.9866800308,80.2333679199,65187,65207,20
12.9866800308,80.2333679199,65207,65216,9
12.9870996475,80.2333297729,65216,65227,11
12.9874095917,80.233039856,65227,65237,10
12.9874696732,80.2323226929,65237,65247,10
12.9877595901,80.2313919067,65247,65257,10
12.9881696701,80.2303771973,65257,65268,11
12.9882602692,80.2301177979,65268,65278,10
12.9882802963,80.2300491333,65278,65288,10
12.9884595871,80.2296905518,65288,65298,10
12.9886703491,80.2291030884,65298,65308,10
12.9890203476,80.2283477783,65308,65318,10
12.9897403717,80.2279663086,65318,65327,9
12.9901103973,80.2276992798,65327,65338,11
12.9901199341,80.2276992798,65338,65348,10
12.9901800156,80.2275924683,65348,65358,10
12.9900598526,80.2268981934,65358,65369,11
12.9900598526,80.2261962891,65369,65379,10
12.9898395538,80.225479126,65379,65389,10
12.9895401001,80.2247619629,65389,65399,10
12.9894800186,80.2239990234,65399,65409,10
12.9891996384,80.2235031128,65409,65419,10
12.9887104034,80.2233963013,65419,65428,9
12.9883804321,80.2233734131,65428,65520,92
12.9883804321,80.2233734131,65520,65530,10
12.9887599945,80.2233886719,65530,65540,10
12.9893102646,80.2235565186,65540,65550,10
12.9894800186,80.2240600586,65550,65560,10
12.9895401001,80.224647522,65560,65570,10
12.9896697998,80.2250900269,65570,65581,11
12.9900197983,80.2256164551,65581,65590,9
12.9900503159,80.2261581421,65590,65601,11
12.9900598526,80.2265090942,65601,65611,10
12.9901399612,80.2269668579,65611,65621,10
12.9902095795,80.2276000977,65621,65641,20
12.9902095795,80.2276000977,65641,65651,10
12.9902496338,80.2278366089,65651,65661,10
12.9904203415,80.2285308838,65661,65671,10
12.9905996323,80.2291107178,65671,65682,11
12.9908504486,80.2302322388,65682,65712,30
12.9908504486,80.2302322388,65712,65722,10
12.9908599854,80.2303466797,65722,65732,10
12.9908800125,80.2309036255,65732,65742,10
12.9909200668,80.2314224243,65742,65752,10
12.9910001755,80.2321014404,65752,65772,20
12.9910001755,80.2321014404,65772,65783,11
12.9910202026,80.2322006226,65783,65793,10
12.9911003113,80.2326202393,65793,65803,10
12.9912996292,80.2331619263,65803,65813,10
12.9917602539,80.2337036133,65813,65863,50
12.9917602539,80.2337036133,65863,65873,10
12.9918298721,80.2337875366,65873,65883,10
12.9921503067,80.2338027954,65883,65894,11
12.9927101135,80.23387146,65894,65904,10
12.9932003021,80.234046936,65904,65914,10
12.9935998917,80.2342987061,65914,65924,10
12.9938697815,80.2345123291,65924,65934,10
12.9938802719,80.2345199585,65934,65944,10
12.9940900803,80.2346572876,65944,65974,30
12.9940900803,80.2346572876,65974,65984,10
12.9944295883,80.2348175049,65984,65995,11
12.9949398041,80.2351074219,65995,66005,10
12.9954099655,80.2354278564,66005,66015,10
12.9960098267,80.2359771729,66015,66035,20
12.9960098267,80.2359771729,66035,66045,10
12.9960603714,80.236038208,66045,66055,10
12.9962701797,80.2363815308,66055,66065,10
12.9965400696,80.2369003296,66065,66075,10
12.9968595505,80.2375030518,66075,66085,10
12.9971599579,80.2379837036,66085,66096,11
12.9975595474,80.238571167,66096,66106,10
12.9979600906,80.2389526367,66106,66116,10
12.9987297058,80.2392425537,66116,66156,40
12.9987297058,80.2392425537,66156,66166,10
12.9988803864,80.2393112183,66166,66176,10
12.9992799759,80.2394104004,66176,66186,10
12.9999103546,80.2395172119,66186,66197,11
13.0008001328,80.2396469116,66197,66207,10
13.0013999939,80.2397689819,66207,66217,10
13.0021295547,80.2400131226,66217,66227,10
13.0026197433,80.2401733398,66227,66237,10
13.0026397705,80.2401733398,66237,66247,10
13.0028295517,80.2402420044,66247,66257,10
13.003370285,80.2404022217,66257,66267,10
13.0037202835,80.2410430908,66267,66277,10
13.0041799545,80.2418365479,66277,66287,10
13.0051803589,80.241897583,66287,66297,10
13.0059404373,80.2419433594,66297,66308,11
13.005900383,80.2424163818,66308,66318,10
13.005689621,80.2423782349,66318,66570,252
13.005689621,80.2423782349,66570,66580,10
13.0055799484,80.2422332764,66580,66590,10
13.00522995,80.2419128418,66590,66600,10
13.0044002533,80.2419128418,66600,66611,11
13.0039196014,80.2415466309,66611,66621,10
13.0036001205,80.2407836914,66621,66631,10
13.002869606,80.2402496338,66631,66641,10
13.0022697449,80.2400588989,66641,66651,10
13.0016803741,80.2398681641,66651,66661,10
13.0009803772,80.2396774292,66661,66671,10
13.0001401901,80.2395782471,66671,66681,10
12.9991998672,80.2393875122,66681,66701,20
12.9991998672,80.2393875122,66701,66712,11
12.9988203049,80.2392501831,66712,66722,10
12.9981203079,80.2390518188,66722,66732,10
12.9976997375,80.2387466431,66732,66742,10
12.997209549,80.238067627,66742,66752,10
12.9968500137,80.2375030518,66752,66762,10
12.9962701797,80.2364120483,66762,66782,20
12.9962701797,80.2364120483,66782,66792,10
12.9960899353,80.2361602783,66792,66802,10
12.9956197739,80.2356109619,66802,66812,10
12.9951400757,80.2352600098,66812,66823,11
12.9944896698,80.2348175049,66823,66833,10
12.994020462,80.2345733643,66833,66843,10
12.9939203262,80.2344970703,66843,66853,10
12.9935703278,80.2342224121,66853,66863,10
12.993060112,80.2339782715,66863,66873,10
12.992389679,80.2338180542,66873,66883,10
12.9917402267,80.2338180542,66883,66903,20
12.9917402267,80.2338180542,66903,66913,10
12.9914703369,80.2338485718,66913,66924,11
12.9912796021,80.2332763672,66924,66934,10
12.9911003113,80.2328033447,66934,66944,10
12.9909200668,80.2321166992,66944,66954,10
12.9909095764,80.2317886353,66954,66964,10
12.990940094,80.2317504883,66964,66974,10
12.9909200668,80.2315826416,66974,66984,10
12.9909000397,80.2313537598,66984,66994,10
12.9908504486,80.2308578491,66994,67004,10
12.9907999039,80.2302093506,67004,67014,10
12.9907903671,80.2301177979,67014,67025,11
12.9907903671,80.229927063,67025,67035,10
12.990650177,80.2293167114,67035,67045,10
12.9904699326,80.228729248,67045,67055,10
12.9902801514,80.2281188965,67055,67065,10
12.9901800156,80.2275238037,67065,67075,10
12.9901800156,80.2275009155,67075,67085,10
12.9901199341,80.2270126343,67085,67095,10
12.9900102615,80.2264404297,67095,67105,10
12.9900302887,80.2257995605,67105,67115,10
12.9896297455,80.2251205444,67115,67126,11
12.9894599915,80.2245101929,67126,67136,10
12.9894104004,80.2238922119,67136,67146,10
12.9890499115,80.2234802246,67146,67156,10
12.9885501862,80.2233963013,67156,67166,10
12.9883298874,80.2233963013,67166,67196,30
12.9883298874,80.2233963013,67196,67206,10
12.9885501862,80.2233810425,67206,67216,10
12.9890699387,80.2234268188,67216,67226,10
12.9894599915,80.2237625122,67226,67237,11
12.9894800186,80.2242889404,67237,67247,10
12.9896001816,80.2249221802,67247,67257,10
12.9899196625,80.2255020142,67257,67267,10
12.9900398254,80.2262573242,67267,67276,9
12.9900798798,80.2267837524,67276,67287,11
12.9899301529,80.2277679443,67287,67307,20
12.9899301529,80.2277679443,67307,67317,10
12.9897098541,80.2279281616,67317,67327,10
12.9891195297,80.2282485962,67327,67338,11
12.9887399673,80.2289886475,67338,67348,10
12.9884595871,80.2297134399,67348,67358,10
12.9883203506,80.2300567627,67358,67368,10
12.9883098602,80.2300720215,67368,67378,10
12.988240242,80.23021698,67378,67388,10
12.9880504608,80.2307434082,67388,67398,10
12.987739563,80.2314987183,67398,67408,10
12.9874801636,80.232460022,67408,67418,10
12.9874601364,80.2331466675,67418,67428,10
12.9872398376,80.2333297729,67428,67439,11
12.986530304,80.2333526611,67439,67459,20
12.986530304,80.2333526611,67459,67469,10
12.9862003326,80.2333831787,67469,67479,10
12.9861097336,80.2338867188,67479,67489,10
12.9861602783,80.234413147,67489,67499,10
12.9864797592,80.2352905273,67499,67519,20
12.9864797592,80.2352905273,67519,67529,10
12.9865598679,80.2355804443,67529,67540,11
12.9865903854,80.2363128662,67540,67550,10
12.9865999222,80.2370605469,67550,67560,10
12.9866104126,80.2376937866,67560,67570,10
12.9866304398,80.2384414673,67570,67579,9
12.9865398407,80.2385406494,67579,68347,768
12.9865398407,80.2385406494,68347,68357,10
12.9866104126,80.2384414673,68357,68368,11
12.9866399765,80.2380599976,68368,68378,10
12.9865999222,80.2373733521,68378,68388,10
12.9865598679,80.2368087769,68388,68398,10
12.9865198135,80.2361221313,68398,68408,10
12.9864597321,80.2353820801,68408,68428,20
12.9864597321,80.2353820801,68428,68438,10
12.9863595963,80.2351074219,68438,68448,10
12.9861698151,80.2346115112,68448,68458,10
12.9860801697,80.2340621948,68458,68469,11
12.9860401154,80.2335510254,68469,68479,10
12.9866199493,80.2334136963,68479,68499,20
12.9866199493,80.2334136963,68499,68509,10
12.9869298935,80.2334136963,68509,68519,10
12.9873695374,80.2332611084,68519,68529,10
12.9874095917,80.2326812744,68529,68538,9
12.9875802994,80.231880188,68538,68549,11
12.9879999161,80.2308502197,68549,68559,10
12.9882001877,80.230140686,68559,68580,21
12.9882001877,80.230140686,68580,68590,10
12.9883203506,80.2299575806,68590,68600,10
12.9885196686,80.2294464111,68600,68610,10
12.9888095856,80.2286605835,68610,68620,10
12.9893503189,80.2281799316,68620,68630,10
12.9900398254,80.227722168,68630,68650,20
12.9900398254,80.227722168,68650,68660,10
12.9900999069,80.227180481,68660,68670,10
12.989979744,80.2264785767,68670,68681,11
12.989979744,80.2257385254,68681,68691,10
12.9895601273,80.2249526978,68691,68701,10
12.9894304276,80.2242202759,68701,68711,10
12.9892997742,80.2236175537,68711,68721,10
12.9888696671,80.2234115601,68721,68731,10
12.9884300232,80.2235336304,68731,68740,9
12.9881601334,80.223777771,68740,73699,4959
12.9881000519,80.2237167358,73699,74113,414
12.9880800247,80.2237167358,74113,80728,6615
12.9882202148,80.2236404419,80728,81314,586
12.9881496429,80.2236633301,81314,82687,1373
12.9882001877,80.2237014771,82687,83263,576
