13.0748596191,80.2755889893,20,18459,18439
13.0748596191,80.2755889893,18459,18470,11
13.0749597549,80.2752914429,18470,18480,10
13.0749197006,80.2752990723,18480,18621,141
13.0749197006,80.2752990723,18621,18631,10
13.0751399994,80.2750320435,18631,18641,10
13.0753202438,80.2749481201,18641,18651,10
13.0755395889,80.2748718262,18651,18661,10
13.0757598877,80.2749023438,18661,18671,10
13.0759000778,80.2752227783,18671,18681,10
13.0760097504,80.2757720947,18681,18692,11
13.075969696,80.2760467529,18692,18712,20
13.075969696,80.2760467529,18712,18722,10
13.0759401321,80.2762298584,18722,18732,10
13.0760202408,80.2762832642,18732,18742,10
13.076379776,80.2762832642,18742,18752,10
13.0769300461,80.2762374878,18752,18762,10
13.077460289,80.2761993408,18762,18772,10
13.0780897141,80.2760620117,18772,18782,10
13.0783596039,80.2753677368,18782,18792,10
13.079079628,80.2751464844,18792,18803,11
13.079870224,80.2752914429,18803,18813,10
13.080619812,80.2752075195,18813,18823,10
13.0813102722,80.2751464844,18823,18833,10
13.0819797516,80.2753372192,18833,18883,50
13.0819797516,80.2753372192,18883,18893,10
13.0820598602,80.2757720947,18893,18914,21
13.0820598602,80.2757720947,18914,18924,10
13.0819396973,80.2760162354,18924,18934,10
13.0818796158,80.276222229,18934,18944,10
13.0819301605,80.2767028809,18944,18954,10
13.0820302963,80.2774887085,18954,18964,10
13.0821399689,80.2783203125,18964,18974,10
13.0821895599,80.2791900635,18974,18984,10
13.0822696686,80.2802200317,18984,18994,10
13.0823497772,80.2812194824,18994,19004,10
13.0820503235,80.2815933228,19004,19014,10
13.0816802979,80.2812271118,19014,19025,11
13.0811300278,80.2808227539,19025,19035,10
13.0803699493,80.2808380127,19035,19045,10
13.0796899796,80.281463623,19045,19054,9
13.0791101456,80.2819976807,19054,19065,11
13.0786104202,80.2823410034,19065,19075,10
13.0777902603,80.2826766968,19075,19085,10
13.0769300461,80.2831192017,19085,19095,10
13.0761299133,80.2837371826,19095,19105,10
13.0754203796,80.2845001221,19105,19115,10
13.0747003555,80.2852706909,19115,19125,10
13.0742702484,80.2857131958,19125,19136,11
13.0739803314,80.2859191895,19136,19146,10
13.0739202499,80.2859573364,19146,19156,10
13.0738201141,80.2859802246,19156,19166,10
13.073340416,80.2859268188,19166,19176,10
13.0726099014,80.2855072021,19176,19186,10
13.0716600418,80.2852172852,19186,19196,10
13.0705404282,80.2849273682,19196,19206,10
13.0693597794,80.28465271,19206,19216,10
13.0683097839,80.2844085693,19216,19226,10
13.0673599243,80.2842788696,19226,19236,10
13.0663795471,80.2840423584,19236,19246,10
13.0653400421,80.2837982178,19246,19257,11
13.0644302368,80.2835998535,19257,19267,10
13.0635795593,80.2833709717,19267,19277,10
13.0625200272,80.2831192017,19277,19307,30
13.0625200272,80.2831192017,19307,19317,10
13.0622301102,80.2830505371,19317,19327,10
13.061630249,80.2829208374,19327,19337,10
13.0607404709,80.2827224731,19337,19347,10
13.0597496033,80.2825164795,19347,19358,11
13.0586004257,80.2822799683,19358,19368,10
13.0576400757,80.2820892334,19368,19378,10
13.0567102432,80.2818984985,19378,19398,20
13.0567102432,80.2818984985,19398,19408,10
13.0563402176,80.2818222046,19408,19418,10
13.0557203293,80.2816925049,19418,19428,10
13.0548400879,80.2815093994,19428,19438,10
13.0538797379,80.2813034058,19438,19448,10
13.0528202057,80.2811279297,19448,19458,10
13.0517196655,80.2809677124,19458,19468,10
13.0502996445,80.2807922363,19468,19489,21
13.0502996445,80.2807922363,19489,19499,10
13.0500402451,80.2807388306,19499,19509,10
13.0494298935,80.2806472778,19509,19519,10
13.0486097336,80.2805328369,19519,19529,10
13.0476703644,80.2803878784,19529,19539,10
13.0466804504,80.2802581787,19539,19549,10
13.0458498001,80.2801589966,19549,19559,10
13.0456695557,80.2801437378,19559,19569,10
13.0454902649,80.2801132202,19569,19579,10
13.0449104309,80.2800292969,19579,19590,11
13.0440597534,80.2798995972,19590,19600,10
13.0432195663,80.2797470093,19600,19610,10
13.0423603058,80.279548645,19610,19620,10
13.0413999557,80.2793807983,19620,19630,10
13.0403995514,80.2791824341,19630,19640,10
13.0395202637,80.2789611816,19640,19650,10
13.0390701294,80.2788314819,19650,19660,10
13.0389795303,80.2787780762,19660,19670,10
13.0385103226,80.2786102295,19670,19680,10
13.0378103256,80.2783966064,19680,19690,10
13.0370397568,80.2781524658,19690,19701,11
13.036239624,80.2778701782,19701,19711,10
13.0354404449,80.2777099609,19711,19721,10
13.0345602036,80.2775726318,19721,19731,10
13.033829689,80.2773666382,19731,19741,10
13.0331802368,80.2774429321,19741,19751,10
13.0324401855,80.2774810791,19751,19761,10
13.0316896439,80.2775497437,19761,19771,10
13.0311203003,80.2773513794,19771,19781,10
13.0308599472,80.2771835327,19781,19791,10
13.0304698944,80.2769622803,19791,19801,10
13.0298299789,80.2767028809,19801,19811,10
13.0290603638,80.2764968872,19811,19822,11
13.0283203125,80.2762298584,19822,19832,10
13.0275497437,80.2758789063,19832,19842,10
13.0266895294,80.2754821777,19842,19852,10
13.026049614,80.2751998901,19852,19862,10
13.0259799957,80.2751693726,19862,19872,10
13.0258998871,80.2751083374,19872,19882,10
13.0254802704,80.2749404907,19882,19892,10
13.0248804092,80.2746582031,19892,19902,10
13.0243501663,80.2742767334,19902,19912,10
13.0242300034,80.2741394043,19912,19923,11
13.0238704681,80.2736587524,19923,19933,10
13.0234203339,80.2730712891,19933,19943,10
13.0228900909,80.2723617554,19943,19953,10
13.0223302841,80.2716293335,19953,19963,10
13.0218601227,80.2710037231,19963,19973,10
13.0214004517,80.2704467773,19973,19983,10
13.0210103989,80.2700119019,19983,19993,10
13.0209703445,80.2699508667,19993,20003,10
13.0207300186,80.2696609497,20003,20013,10
13.0203104019,80.2691192627,20013,20023,10
13.0198402405,80.2685470581,20023,20034,11
13.0192699432,80.2678527832,20034,20050,16
13.018699646,80.2667388916,20050,20062,12
13.0186300278,80.2660217285,20062,20072,10
13.0187301636,80.2655410767,20072,20082,10
13.0189199448,80.2648620605,20082,20090,8
13.0190696716,80.2642364502,20090,20101,11
13.0189800262,80.2636108398,20101,20113,12
13.0188999176,80.2631378174,20113,20123,10
13.0188302994,80.2623977661,20123,20133,10
13.0187196732,80.2615890503,20133,20144,11
13.0183000565,80.2610778809,20144,20154,10
13.0175895691,80.260597229,20154,20164,10
13.0168304443,80.2600784302,20164,20174,10
13.0161600113,80.259727478,20174,20184,10
13.0160398483,80.2596588135,20184,20194,10
13.0155801773,80.2594680786,20194,20204,10
13.014840126,80.2593231201,20204,20214,10
13.0139398575,80.2592773438,20214,20224,10
13.0129899979,80.2592391968,20224,20234,10
13.0119695663,80.2592086792,20234,20244,10
13.0109996796,80.2591934204,20244,20255,11
13.0100002289,80.2592163086,20255,20265,10
13.0091199875,80.2592086792,20265,20275,10
13.0087099075,80.2592086792,20275,20285,10
13.008310318,80.2592010498,20285,20295,10
13.0079698563,80.259262085,20295,20304,9
13.007900238,80.2592926025,20304,20315,11
13.0075302124,80.2594680786,20315,20325,10
13.007229805,80.2600021362,20325,20334,9
13.0072603226,80.2605819702,20334,20345,11
13.0074300766,80.2612991333,20345,20354,9
13.0075798035,80.2619018555,20354,20366,12
13.0077695847,80.2626571655,20366,20376,10
13.0078697205,80.2630004883,20376,20386,10
13.008020401,80.2636413574,20386,20396,10
13.008099556,80.2643508911,20396,20406,10
13.0079698563,80.2652130127,20406,20416,10
13.0077800751,80.2661209106,20416,20425,9
13.007610321,80.2667770386,20425,20436,11
13.0073795319,80.2677001953,20436,20446,10
13.0071897507,80.2685775757,20446,20456,10
13.0070495605,80.2693862915,20456,20466,10
13.0067996979,80.2702026367,20466,20477,11
13.0060997009,80.2704162598,20477,20487,10
13.0054197311,80.2699813843,20487,20497,10
13.0047197342,80.2695388794,20497,20507,10
13.004070282,80.2691192627,20507,20517,10
13.0034303665,80.2688064575,20517,20527,10
13.0032901764,80.2687301636,20527,20537,10
13.0030899048,80.2685928345,20537,20547,10
13.0025997162,80.2682571411,20547,20557,10
13.0019102097,80.2678375244,20557,20567,10
13.0014095306,80.2675170898,20567,20577,10
13.0010499954,80.267326355,20577,20588,11
13.0009002686,80.2672195435,20588,20598,10
13.0004701614,80.2669219971,20598,20608,10
12.9998397827,80.2669296265,20608,20618,10
12.999250412,80.2670822144,20618,20628,10
12.9984102249,80.2673187256,20628,20638,10
12.9975404739,80.2675704956,20638,20648,10
12.9966402054,80.2677612305,20648,20658,10
12.9959096909,80.2677230835,20658,20668,10
12.9956502914,80.2675094604,20668,20678,10
12.9956598282,80.2674331665,20678,20688,10
12.9957304001,80.2670135498,20688,20699,11
12.9957704544,80.2662963867,20699,20709,10
12.9958600998,80.2655410767,20709,20719,10
12.9959497452,80.2648010254,20719,20729,10
12.9960403442,80.263961792,20729,20739,10
12.9961500168,80.2627182007,20739,20759,20
12.9961500168,80.2627182007,20759,20769,10
12.9961900711,80.2624282837,20769,20779,10
12.9962596893,80.2619171143,20779,20789,10
12.9962997437,80.2615203857,20789,20799,10
12.9963998795,80.2607192993,20799,21013,214
12.988820076,80.2559585571,21013,21025,12
12.9887199402,80.2559432983,21025,21035,10
12.9882097244,80.2558822632,21035,21046,11
12.987739563,80.255859375,21046,21057,11
12.9876298904,80.256111145,21057,21069,12
12.9875602722,80.2568130493,21069,21079,10
12.9874801636,80.2576522827,21079,21089,10
12.9874401093,80.2583770752,21089,21099,10
12.9874000549,80.2587890625,21099,21109,10
12.987279892,80.2593612671,21109,21149,40
12.987279892,80.2593612671,21149,21160,11
12.9871702194,80.2595825195,21160,21230,70
12.9871702194,80.2595825195,21230,21240,10
12.9866695404,80.2594680786,21240,22229,989
12.9866695404,80.2594680786,22229,22239,10
12.9866600037,80.2591629028,22239,22249,10
12.9868402481,80.2590484619,22249,22280,31
12.9868402481,80.2590484619,22280,22290,10
12.9868001938,80.2587280273,22290,22380,90
12.9868001938,80.2587280273,22380,22391,11
12.9868898392,80.2590408325,22391,22401,10
12.9871101379,80.2590789795,22401,22411,10
12.9873104095,80.2590637207,22411,22421,10
12.9873600006,80.2587966919,22421,22431,10
12.9873800278,80.2585906982,22431,22441,10
12.9874095917,80.2582778931,22441,22451,10
12.9874401093,80.258102417,22451,22461,10
12.9874601364,80.2578277588,22461,22471,10
12.9875001907,80.2572784424,22471,22481,10
12.987569809,80.2564620972,22481,22491,10
12.9876298904,80.2558135986,22491,22502,11
12.9880199432,80.2557601929,22502,22512,10
12.9885196686,80.255821228,22512,22522,10
12.9886598587,80.2558364868,22522,22532,10
12.9887504578,80.2558517456,22532,22542,10
12.9891004562,80.255897522,22542,22552,10
12.9897298813,80.2559509277,22552,22562,10
12.9904699326,80.2559585571,22562,22572,10
12.9911603928,80.2559967041,22572,22582,10
12.991979599,80.2559967041,22582,22592,10
12.9929599762,80.2559814453,22592,22602,10
12.9938402176,80.2559432983,22602,22612,10
12.9946098328,80.2558898926,22612,22623,11
12.9955101013,80.255859375,22623,22633,10
12.9963598251,80.2558364868,22633,22643,10
12.9969797134,80.2558517456,22643,22653,10
12.9976196289,80.2558670044,22653,22663,10
12.9982404709,80.2559509277,22663,22673,10
12.9988803864,80.2560195923,22673,22683,10
12.99903965,80.2560501099,22683,22693,10
12.9994001389,80.2561264038,22693,22703,10
13.0001001358,80.2562789917,22703,22713,10
13.0010404587,80.2564468384,22713,22724,11
13.0019903183,80.2565994263,22724,22734,10
13.0028095245,80.2567367554,22734,22744,10
13.0034999847,80.2568588257,22744,22754,10
13.0041503906,80.256980896,22754,22764,10
13.0050001144,80.2571182251,22764,22774,10
13.0058803558,80.2572784424,22774,22784,10
13.0063800812,80.2573928833,22784,22794,10
13.0064096451,80.2574005127,22794,22804,10
13.0066299438,80.2574691772,22804,22814,10
13.0068998337,80.2578582764,22814,22824,10
13.007399559,80.2584915161,22824,22834,10
13.0081396103,80.2588119507,22834,22845,11
13.0085296631,80.2589416504,22845,22855,10
13.0085897446,80.258972168,22855,22871,16
13.0095500946,80.2590408325,22871,22883,12
13.0107498169,80.2590637207,22883,22893,10
13.0117998123,80.2590484619,22893,22903,10
13.0128202438,80.2590866089,22903,22913,10
13.0140304565,80.2591400146,22913,22923,10
13.0151796341,80.2592010498,22923,22933,10
13.0161104202,80.2594833374,22933,22943,10
13.0163497925,80.2596206665,22943,22954,11
13.0163898468,80.2596588135,22954,22964,10
13.0166797638,80.2599029541,22964,22974,10
13.0171003342,80.2602005005,22974,22984,10
13.0175600052,80.2605209351,22984,22994,10
13.0181303024,80.2609024048,22994,23004,10
13.0187397003,80.2613296509,23004,23014,10
13.0192604065,80.2618026733,23014,23024,10
13.0197296143,80.2622909546,23024,23034,10
13.0200996399,80.2625808716,23034,23044,10
13.0202903748,80.262802124,23044,23054,10
13.0201597214,80.2630310059,23054,23065,11
13.0195798874,80.2629776001,23065,23075,10
13.0190696716,80.2629699707,23075,23085,10
13.0190496445,80.2634277344,23085,23095,10
13.0191297531,80.2640304565,23095,23105,10
13.0191402435,80.2641601563,23105,23115,10
13.0190601349,80.2646102905,23115,23125,10
13.0188798904,80.2651596069,23125,23135,10
13.0187902451,80.2654724121,23135,23145,10
13.0186700821,80.2662582397,23145,23155,10
13.0187997818,80.2670898438,23155,23165,10
13.0191898346,80.2677612305,23165,23176,11
13.0193595886,80.2679672241,23176,23186,10
13.0195503235,80.2682723999,23186,23196,10
13.0199699402,80.2687683105,23196,23206,10
13.0204801559,80.2693481445,23206,23216,10
13.0210103989,80.2699813843,23216,23226,10
13.0214395523,80.2704467773,23226,23236,10
13.0214996338,80.2705383301,23236,23246,10
13.0217895508,80.2708816528,23246,23256,10
13.0221996307,80.2714004517,23256,23266,10
13.0227003098,80.2720489502,23266,23276,10
13.0232095718,80.2727432251,23276,23287,11
13.0235900879,80.2732772827,23287,23297,10
13.0239801407,80.2738113403,23297,23307,10
13.0243196487,80.2742919922,23307,23317,10
13.0248498917,80.2747192383,23317,23327,10
13.0253295898,80.2749099731,23327,23337,10
13.0253696442,80.2749328613,23337,23347,10
13.0256299973,80.2750473022,23347,23357,10
13.0260601044,80.2752609253,23357,23369,12
13.026720047,80.2755584717,23369,23379,10
13.0273799896,80.2758712769,23379,23389,10
13.0280103683,80.2761535645,23389,23400,11
13.0286998749,80.2763900757,23400,23410,10
13.0294399261,80.2766113281,23410,23420,10
13.0299501419,80.2767410278,23420,23430,10
13.0300798416,80.2768173218,23430,23439,9
13.0304803848,80.2770233154,23439,23450,11
13.0310897827,80.2773895264,23450,23460,10
13.031709671,80.277557373,23460,23469,9
13.0324001312,80.2774810791,23469,23479,10
13.0327100754,80.2774505615,23479,23489,10
13.0328598022,80.2774429321,23489,23500,11
13.0333003998,80.2773590088,23500,23511,11
13.0336303711,80.2773208618,23511,23521,10
13.0341901779,80.2774505615,23521,23531,10
13.0348396301,80.2775726318,23531,23541,10
13.0354995728,80.2777023315,23541,23551,10
13.0362195969,80.2778625488,23551,23561,10
13.036939621,80.2781066895,23561,23571,10
13.037560463,80.2782974243,23571,23581,10
13.0383195877,80.2785186768,23581,23591,10
13.0389099121,80.278678894,23591,23601,10
13.0392999649,80.2788085938,23601,23611,10
13.0397901535,80.278968811,23611,23627,16
13.0410404205,80.2792892456,23627,23639,12
13.0421304703,80.2794570923,23639,23650,11
13.0431404114,80.2796020508,23650,23659,9
13.0438699722,80.279800415,23659,23670,11
13.0448999405,80.2799682617,23670,23680,10
13.0455703735,80.2800598145,23680,23690,10
13.0461101532,80.2801513672,23690,23699,9
13.0467996597,80.2802429199,23699,23710,11
13.0478200912,80.280380249,23710,23720,10
13.0487499237,80.2805175781,23720,23730,10
13.049249649,80.2805786133,23730,23741,11
13.0493402481,80.2805862427,23741,23751,10
13.0498304367,80.2806777954,23751,23761,10
13.0505199432,80.2807922363,23761,23771,10
13.0511598587,80.2808990479,23771,23781,10
13.0520095825,80.2810134888,23781,23791,10
13.0527801514,80.2811279297,23791,23801,10
13.0537099838,80.2812805176,23801,23811,10
13.0546798706,80.2814483643,23811,23821,10
13.0555200577,80.2816162109,23821,23831,10
13.0562601089,80.2817611694,23831,23841,10
13.0564603806,80.2817993164,23841,23852,11
13.0567798615,80.281867981,23852,23862,10
13.0574197769,80.2819976807,23862,23882,20
13.0574197769,80.2819976807,23882,23892,10
13.0574598312,80.2819976807,23892,23902,10
13.0579299927,80.2820968628,23902,23912,10
13.0586299896,80.2822494507,23912,23922,10
13.0594701767,80.2824325562,23922,23932,10
13.0603599548,80.2826080322,23932,23942,10
13.0612802505,80.2827987671,23942,23952,10
13.0621004105,80.2829666138,23952,23963,11
13.0627698898,80.2831115723,23963,23973,10
13.0631599426,80.2831878662,23973,23993,20
13.0631599426,80.2831878662,23993,24003,10
13.0632696152,80.283203125,24003,24013,10
13.0638399124,80.2833404541,24013,24033,20
13.0638399124,80.2833404541,24033,24043,10
13.064040184,80.2834014893,24043,24053,10
13.064499855,80.2835083008,24053,24063,10
13.0652303696,80.2836685181,24063,24074,11
13.0662002563,80.2838821411,24074,24084,10
13.0671195984,80.2840805054,24084,24094,10
13.0678596497,80.2842330933,24094,24103,9
13.0685596466,80.2843704224,24103,24114,11
13.0694503784,80.2845916748,24114,24124,10
13.0704202652,80.2848510742,24124,24134,10
13.0712499619,80.2850189209,24134,24144,10
13.0722303391,80.2852630615,24144,24154,10
13.0732603073,80.2852783203,24154,24164,10
13.0741701126,80.2853622437,24164,24174,10
13.0749702454,80.2849502563,24174,24185,11
13.0757799149,80.284072876,24185,24195,10
13.0765800476,80.2833023071,24195,24205,10
13.0774402618,80.2828063965,24205,24215,10
13.0783996582,80.2823867798,24215,24225,10
13.0787401199,80.2818984985,24225,24235,10
13.0782203674,80.281288147,24235,24245,10
13.0776700974,80.2807006836,24245,24255,10
13.0767297745,80.2797164917,24255,24265,10
13.075969696,80.279006958,24265,24275,10
13.0753097534,80.2782287598,24275,24284,9
13.0746297836,80.2775192261,24284,24294,10
13.0739603043,80.2768325806,24294,24306,12
13.0738697052,80.2763290405,24306,24316,10
13.0745401382,80.2762908936,24316,24326,10
13.0752801895,80.276260376,24326,24336,10
13.0758304596,80.276260376,24336,24346,10
13.0759801865,80.2760162354,24346,24356,10
13.0759801865,80.2757034302,24356,24366,10
13.075969696,80.2756271362,24366,24376,10
13.0757598877,80.2753295898,24376,27739,3363
13.0758304596,80.2752532959,27739,27769,30
13.0758304596,80.2752532959,27769,27779,10
13.0756797791,80.2751464844,27779,28042,263
13.0756797791,80.2751464844,28042,28052,10
13.0756797791,80.2751617432,28052,28062,10
13.0756702423,80.2750473022,28062,28072,10
13.0758600235,80.2752380371,28072,28082,10
13.0758600235,80.275718689,28082,28163,81
13.0758600235,80.275718689,28163,28173,10
13.0759401321,80.2758712769,28173,28183,10
13.0759401321,80.275970459,28183,28193,10
13.0759496689,80.2761917114,28193,28203,10
13.0760297775,80.2763137817,28203,28213,10
13.0763502121,80.2762985229,28213,28223,10
13.0770397186,80.2762527466,28223,28233,10
13.07791996,80.2761764526,28233,28244,11
13.0782899857,80.2756118774,28244,28254,10
13.0786304474,80.2751922607,28254,28264,10
13.0792798996,80.2752304077,28264,28274,10
13.0798997879,80.2753067017,28274,28284,10
13.080619812,80.2752304077,28284,28294,10
13.0812301636,80.2751693726,28294,28334,40
13.0812301636,80.2751693726,28334,28344,10
13.0813102722,80.275138855,28344,28355,11
13.081580162,80.2751083374,28355,28365,10
13.0818595886,80.2752227783,28365,28375,10
13.0819301605,80.2752685547,28375,28385,10
13.0819797516,80.2756195068,28385,28405,20
13.0819797516,80.2756195068,28405,28415,10
13.081990242,80.2757492065,28415,28425,10
13.0819196701,80.2759933472,28425,28435,10
13.0818796158,80.2763595581,28435,28445,10
13.0819597244,80.2770080566,28445,28455,10
13.0820798874,80.2778167725,28455,28466,11
13.0821695328,80.2783126831,28466,28496,30
13.0821695328,80.2783126831,28496,28506,10
13.082159996,80.2784194946,28506,28516,10
13.0821800232,80.2789535522,28516,28526,10
13.0822401047,80.2797622681,28526,28536,10
13.0823402405,80.2806472778,28536,28546,10
13.0824098587,80.2814865112,28546,28556,10
13.0828304291,80.282043457,28556,28565,9
13.0835399628,80.2824783325,28565,28577,12
13.0844202042,80.2830505371,28577,28587,10
13.0849599838,80.2835693359,28587,28597,10
13.0853900909,80.283821106,28597,28607,10
13.0855703354,80.2835922241,28607,28617,10
13.0858402252,80.2835769653,28617,28627,10
13.0861597061,80.2835769653,28627,28637,10
13.0864295959,80.2836990356,28637,28647,10
13.0867300034,80.2839584351,28647,28657,10
13.0870599747,80.2839813232,28657,28667,10
13.0873403549,80.2839813232,28667,28677,10
13.0876398087,80.2839813232,28677,28687,10
13.0880002975,80.2839813232,28687,28708,21
13.0880002975,80.2839813232,28708,28718,10
13.0881795883,80.2838821411,28718,28764,46
13.0881795883,80.2835998535,28764,28978,214
13.0881795883,80.2835998535,28978,28988,10
13.0881500244,80.2833709717,28988,29160,172
13.0881500244,80.2833709717,29160,29170,10
13.0882997513,80.2833099365,29170,29180,10
13.0883197784,80.2830810547,29180,29190,10
13.0883102417,80.282699585,29190,29200,10
13.0882501602,80.282043457,29200,29210,10
13.0880699158,80.2814788818,29210,29220,10
13.0884599686,80.2814712524,29220,29230,10
13.0885000229,80.2819366455,29230,29240,10
13.0883598328,80.2827377319,29240,29256,16
13.0883798599,80.2838516235,29256,29269,13
13.0884399414,80.2850799561,29269,29289,20
13.0884399414,80.2850799561,29289,29299,10
13.0884599686,80.2853622437,29299,29309,10
13.0885000229,80.2860336304,29309,29319,10
13.0885095596,80.2864303589,29319,29328,9
13.08852005,80.2867431641,29328,29339,11
13.088549614,80.287322998,29339,29349,10
13.0885696411,80.2875671387,29349,29359,10
13.0886201859,80.2881011963,29359,29370,11
13.0886602402,80.2885971069,29370,29380,10
13.088760376,80.2894592285,29380,29400,20
13.088760376,80.2894592285,29400,29410,10
13.0887498856,80.2895889282,29410,29420,10
13.0887804031,80.2901535034,29420,29429,9
13.088760376,80.290222168,29429,29439,10
13.0887403488,80.2903594971,29439,29491,52
13.0887403488,80.2903594971,29491,29501,10
13.0887298584,80.2906265259,29501,29511,10
13.0885000229,80.2905197144,29511,29521,10
13.0878601074,80.2901382446,29521,29531,10
13.0870199203,80.2897415161,29531,29541,10
13.0858898163,80.2893829346,29541,29551,10
13.0846996307,80.2891998291,29551,29561,10
13.083439827,80.2892379761,29561,29571,10
13.082280159,80.2888870239,29571,29581,10
13.080909729,80.2884216309,29581,29592,11
13.0800104141,80.2881698608,29592,29602,10
13.0800104141,80.2881774902,29602,29612,10
13.0796403885,80.2881164551,29612,29622,10
13.0788602829,80.2878189087,29622,29632,10
13.077750206,80.2874832153,29632,29642,10
13.0763702393,80.2871170044,29642,29652,10
13.0749998093,80.286529541,29652,29662,10
13.0737895966,80.2860336304,29662,29672,10
13.0728597641,80.28565979,29672,29682,10
13.0721197128,80.2853164673,29682,29692,10
13.0709600449,80.2850265503,29692,29703,11
13.0696401596,80.2847137451,29703,29713,10
13.0683803558,80.2844161987,29713,29723,10
13.0672798157,80.2842483521,29723,29733,10
13.0659799576,80.2839584351,29733,29743,10
13.0648298264,80.2836990356,29743,29753,10
13.0642995834,80.2835769653,29753,29763,10
13.0642499924,80.2835769653,29763,29773,10
13.0637798309,80.2834320068,29773,29783,10
13.0631504059,80.2832794189,29783,29793,10
13.0625,80.2831192017,29793,29824,31
13.0625,80.2831192017,29824,29834,10
13.0624799728,80.2831268311,29834,29844,10
13.0621099472,80.2830429077,29844,29854,10
13.0615196228,80.282913208,29854,29864,10
13.0610103607,80.2827835083,29864,29874,10
13.0603599548,80.2826385498,29874,29884,10
13.0596103668,80.2824935913,29884,29894,10
13.0587997437,80.2823410034,29894,29904,10
13.0579900742,80.2821807861,29904,29914,10
13.0569896698,80.2819671631,29914,29945,31
13.0569896698,80.2819671631,29945,29955,10
13.0569000244,80.2819366455,29955,29965,10
13.056520462,80.2818374634,29965,29975,10
13.0557003021,80.2817001343,29975,29985,10
13.0546197891,80.281463623,29985,29995,10
13.0534296036,80.2812194824,29995,30005,10
13.0522499084,80.281036377,30005,30015,10
13.0512304306,80.2808990479,30015,30025,10
13.0504198074,80.2807769775,30025,30034,9
13.0496101379,80.280670166,30034,30046,12
13.048330307,80.2804794312,30046,30056,10
13.0470399857,80.2802886963,30056,30066,10
13.0455303192,80.2801132202,30066,30106,40
13.0455303192,80.2801132202,30106,30116,10
13.0454101563,80.280090332,30116,30126,10
13.0447797775,80.2800216675,30126,30136,10
13.0441102982,80.2799072266,30136,30146,10
13.0438404083,80.2798690796,30146,30157,11
13.0436897278,80.2798614502,30157,30167,10
13.0435800552,80.279838562,30167,30177,10
13.0430698395,80.2797317505,30177,30187,10
13.0420598984,80.2795181274,30187,30197,10
13.0407495499,80.2792663574,30197,30207,10
13.0391101837,80.2788467407,30207,30227,20
13.0391101837,80.2788467407,30227,30237,10
13.0389604568,80.2788009644,30237,30247,10
13.0385103226,80.2786636353,30247,30257,10
13.037899971,80.2784576416,30257,30267,10
13.0372695923,80.2782821655,30267,30278,11
13.0366001129,80.2780380249,30278,30288,10
13.0359897614,80.2778701782,30288,30298,10
13.0354099274,80.2777328491,30298,30308,10
13.0348701477,80.2776412964,30308,30318,10
13.0343103409,80.2775497437,30318,30328,10
13.033780098,80.2774124146,30328,30338,10
13.0332298279,80.2774734497,30338,30348,10
13.0327100754,80.2775192261,30348,30358,10
13.0321302414,80.2775726318,30358,30368,10
13.0314302444,80.2775878906,30368,30378,10
13.0309495926,80.2773284912,30378,30389,11
13.0309200287,80.2772979736,30389,30399,10
13.0307798386,80.2772064209,30399,30409,10
13.0304098129,80.2769775391,30409,30419,10
13.0299901962,80.276802063,30419,30429,10
13.0294704437,80.2766723633,30429,30439,10
13.0288000107,80.2764282227,30439,30449,10
13.0283403397,80.2762298584,30449,30459,10
13.0275402069,80.2759017944,30459,30469,10
13.0268096924,80.2755966187,30469,30479,10
13.0260095596,80.2752380371,30479,30500,21
13.025850296,80.275138855,30500,30520,20
13.025850296,80.275138855,30520,30530,10
13.0256996155,80.2750930786,30530,30540,10
13.0251197815,80.2748413086,30540,30550,10
13.0243797302,80.2743835449,30550,30560,10
13.0234699249,80.2732315063,30560,30580,20
13.0234699249,80.2732315063,30580,30590,10
13.0233697891,80.2730865479,30590,30600,10
13.0231199265,80.2727508545,30600,30611,11
13.0230102539,80.2726211548,30611,30621,10
13.022769928,80.272277832,30621,30631,10
13.0224399567,80.2718582153,30631,30641,10
13.0221996307,80.271522522,30641,30651,10
13.02202034,80.2713012695,30651,30661,10
13.0218896866,80.2711410522,30661,30681,20
13.0217399597,80.2709503174,30681,30782,101
13.0217399597,80.2709503174,30782,30792,10
13.0216903687,80.2708435059,30792,30802,10
13.0214595795,80.2705688477,30802,30812,10
13.0213003159,80.270362854,30812,30822,10
13.0211801529,80.2702178955,30822,30832,10
13.0209798813,80.2699508667,30832,30933,101
13.0209798813,80.2699508667,30933,30943,10
13.0206403732,80.269493103,30943,30954,11
13.020070076,80.2687530518,30954,30964,10
13.0194997787,80.2680282593,30964,30974,10
13.0188598633,80.2672576904,30974,30984,10
13.0186595917,80.2664489746,30984,30994,10
13.0186595917,80.2658615112,30994,31004,10
13.0188102722,80.2651901245,31004,31014,10
13.0190095901,80.2644729614,31014,31024,10
13.0190095901,80.2637481689,31024,31034,10
13.0189599991,80.263343811,31034,31044,10
13.0188999176,80.2630004883,31044,31054,10
13.0188999176,80.2628326416,31054,31065,11
13.0188398361,80.2621994019,31065,31075,10
13.0186796188,80.2613296509,31075,31085,10
13.0180902481,80.2609100342,31085,31095,10
13.0175304413,80.2605285645,31095,31105,10
13.0169200897,80.2601165771,31105,31115,10
13.0160598755,80.2596893311,31115,31135,20
13.0160598755,80.2596893311,31135,31145,10
13.0159797668,80.2596511841,31145,31155,10
13.0154800415,80.2594299316,31155,31165,10
13.0145998001,80.2593002319,31165,31182,17
13.0126399994,80.2592391968,31182,31194,12
13.0112895966,80.2591934204,31194,31204,10
13.0102901459,80.2592163086,31204,31213,9
13.0095701218,80.2592086792,31213,31224,11
13.0090999603,80.2592315674,31224,31234,10
13.0088300705,80.2591705322,31234,31243,9
13.0086097717,80.259147644,31243,31253,10
13.0079803467,80.2592391968,31253,31264,11
13.0073900223,80.2591171265,31264,31274,10
13.0072097778,80.2586975098,31274,31286,12
13.0071001053,80.2584762573,31286,31296,10
13.006819725,80.2580108643,31296,31306,10
13.0063695908,80.2576293945,31306,31316,10
13.0056200027,80.2574310303,31316,31326,10
13.0047597885,80.2571792603,31326,31336,10
13.0040397644,80.257019043,31336,31346,10
13.0033903122,80.2568817139,31346,31356,10
13.0028600693,80.2567977905,31356,31386,30
13.0028600693,80.2567977905,31386,31397,11
13.0024404526,80.2567214966,31397,31407,10
13.0022602081,80.2566833496,31407,31417,10
13.0020799637,80.2566375732,31417,31427,10
13.0017595291,80.2565994263,31427,31437,10
13.0008897781,80.2565078735,31437,31447,10
13.0002403259,80.2563705444,31447,31457,10
12.9999198914,80.2563171387,31457,31467,10
12.9993200302,80.2562179565,31467,31477,10
12.9990501404,80.2561721802,31477,31487,10
12.9987602234,80.2561035156,31487,31508,21
12.9987602234,80.2561035156,31508,31518,10
12.9985399246,80.2560806274,31518,31528,10
12.9981203079,80.2559967041,31528,31538,10
12.9973096848,80.2559509277,31538,31558,20
12.9973096848,80.2559509277,31558,31568,10
12.9972000122,80.2559280396,31568,31578,10
12.9969396591,80.2559432983,31578,31588,10
12.9965400696,80.2558898926,31588,31598,10
12.9960002899,80.2558898926,31598,31608,10
12.9955701828,80.2559204102,31608,31618,10
12.9949598312,80.2559204102,31618,31629,11
12.9941797256,80.2560195923,31629,31639,10
12.9932603836,80.2560806274,31639,31649,10
12.9922704697,80.2561569214,31649,31659,10
12.9914197922,80.2561035156,31659,31669,10
12.9908504486,80.2561035156,31669,31679,10
12.9901399612,80.256072998,31679,31689,10
12.98939991,80.2560119629,31689,31699,10
12.9885997772,80.2559127808,31699,31709,10
12.987950325,80.255821228,31709,31807,98
12.987950325,80.255821228,31807,31819,12
12.9874200821,80.2557067871,31819,31829,10
12.9870500565,80.2556228638,31829,31839,10
12.986530304,80.2555084229,31839,31850,11
12.9863796234,80.2554931641,31850,31859,9
12.9860496521,80.2554626465,31859,31870,11
12.9854602814,80.2552871704,31870,31880,10
12.9848804474,80.2551422119,31880,31890,10
12.9843301773,80.254989624,31890,31900,10
12.9837398529,80.2548980713,31900,31910,10
12.9832000732,80.2547912598,31910,31920,10
12.9827203751,80.2546768188,31920,31940,20
12.9827203751,80.2546768188,31940,31950,10
12.9824104309,80.2545318604,31950,31961,11
12.9820995331,80.2542190552,31961,31971,10
12.9818696976,80.2536468506,31971,31981,10
12.9816904068,80.2529678345,31981,31991,10
12.9811601639,80.2527923584,31991,32001,10
12.9806900024,80.2527770996,32001,32031,30
12.9806900024,80.2527770996,32031,32041,10
12.9801797867,80.2527313232,32041,32051,10
12.978969574,80.2526168823,32051,32071,20
12.978969574,80.2526168823,32071,32082,11
12.9788198471,80.2525405884,32082,32092,10
12.9782896042,80.2522964478,32092,32108,16
12.9767999649,80.2512588501,32108,32120,12
12.9750204086,80.2507629395,32120,32130,10
12.9734601974,80.250328064,32130,32140,10
12.9721899033,80.25,32140,32150,10
12.9709596634,80.2496795654,32150,32160,10
12.9697904587,80.2492828369,32160,32170,10
12.9686603546,80.2488021851,32170,32180,10
12.9676303864,80.2483825684,32180,32191,11
12.9668998718,80.2480621338,32191,32201,10
12.9663200378,80.247756958,32201,32211,10
12.9656095505,80.2474899292,32211,32221,10
12.9651498795,80.2473068237,32221,32231,10
12.9651403427,80.2473068237,32231,32241,10
12.9646396637,80.2471618652,32241,32251,10
12.9638700485,80.246887207,32251,32261,10
12.9629402161,80.2463912964,32261,32271,10
12.9619503021,80.2459182739,32271,32281,10
12.9610996246,80.2454833984,32281,32291,10
12.9602003098,80.2450790405,32291,32301,10
12.9594802856,80.2447967529,32301,32312,11
12.9593696594,80.244758606,32312,32322,10
12.9591703415,80.2446899414,32322,32338,16
12.9580802917,80.2441864014,32338,32350,12
12.9572601318,80.2439193726,32350,32360,10
12.9565496445,80.2436599731,32360,32410,50
12.9565496445,80.2436599731,32410,32421,11
12.9560203552,80.2434463501,32421,32431,10
12.9552097321,80.243019104,32431,32441,10
12.9542198181,80.2425994873,32441,32451,10
12.953499794,80.2423019409,32451,32461,10
12.952580452,80.2419204712,32461,32471,10
12.9517202377,80.2416610718,32471,32481,10
12.9516801834,80.2416610718,32481,32491,10
12.9511499405,80.2414703369,32491,32501,10
12.9502401352,80.2411422729,32501,32511,10
12.9495000839,80.2409515381,32511,32521,10
12.9491195679,80.2408065796,32521,32532,11
12.9484500885,80.2405166626,32532,32542,10
12.9469604492,80.2399520874,32542,32562,20
12.9469604492,80.2399520874,32562,32572,10
12.9467802048,80.2398834229,32572,32582,10
12.9461202621,80.2395935059,32582,32592,10
12.9452695847,80.2391586304,32592,32602,10
12.9445199966,80.2384033203,32602,32618,16
12.943400383,80.2371826172,32618,32630,12
12.9425497055,80.2365722656,32630,32640,10
12.9412097931,80.2361907959,32640,32651,11
12.939909935,80.235786438,32651,32671,20
12.939909935,80.235786438,32671,32680,9
12.9394197464,80.2355499268,32680,32691,11
12.9383001328,80.234992981,32691,32701,10
12.9371500015,80.2344512939,32701,32711,10
12.9359798431,80.2339172363,32711,32721,10
12.9356803894,80.2340698242,32721,32731,10
12.9356803894,80.2340774536,32731,32741,10
12.9355096817,80.2344589233,32741,32751,10
12.9351797104,80.2353363037,32751,32802,51
12.9351797104,80.2353363037,32802,32812,10
12.9349803925,80.2354431152,32812,32822,10
12.9348297119,80.2353591919,32822,32832,10
12.934419632,80.2351837158,32832,32842,10
12.9340000153,80.234992981,32842,32852,10
12.9338598251,80.2352371216,32852,32862,10
12.9337100983,80.2357711792,32862,32873,11
12.9334802628,80.2361526489,32873,32883,10
12.9333200455,80.2361068726,32883,32893,10
12.9331598282,80.2360610962,32893,32903,10
12.9329996109,80.2362213135,32903,32913,10
12.9329395294,80.236618042,32913,32923,10
12.9327802658,80.2370986938,32923,32933,10
12.93268013,80.2373809814,32933,32943,10
12.9324798584,80.2378921509,32943,32953,10
12.9322595596,80.2384414673,32953,32963,10
12.9321203232,80.2387008667,32963,32973,10
12.9313497543,80.2385635376,32973,33004,31
12.9313497543,80.2385635376,33004,33014,10
12.9311800003,80.2385406494,33014,33024,10
12.9307203293,80.2383804321,33024,33034,10
12.9300003052,80.2380981445,33034,33044,10
12.9295701981,80.23802948,33044,33054,10
12.9295301437,80.2382278442,33054,33064,10
12.9293804169,80.2387313843,33064,33074,10
12.9292402267,80.2390289307,33074,33084,10
12.9284095764,80.2388000488,33084,33105,21
12.9284095764,80.2388000488,33105,33115,10
12.928150177,80.2387619019,33115,33125,10
12.9276399612,80.238609314,33125,33135,10
12.927280426,80.2384719849,33135,33145,10
12.9266195297,80.2383422852,33145,33155,10
12.9260101318,80.2381668091,33155,33165,10
12.9255895615,80.238067627,33165,33175,10
12.925620079,80.23828125,33175,33306,131
12.925620079,80.23828125,33306,33316,10
12.9258003235,80.238243103,33316,33337,21
12.9258003235,80.238243103,33337,33347,10
12.9260597229,80.2382507324,33347,33357,10
12.926199913,80.2382888794,33357,33367,10
12.9266500473,80.2384033203,33367,33377,10
12.9272499084,80.2385406494,33377,33387,10
12.9281997681,80.2387924194,33387,33407,20
12.9281997681,80.2387924194,33407,33417,10
12.9283895493,80.2388381958,33417,33427,10
12.9289102554,80.2389831543,33427,33438,11
12.9293403625,80.2388763428,33438,33448,10
12.9294700623,80.2384796143,33448,33458,10
12.9295797348,80.2380905151,33458,33468,10
12.9298801422,80.2380065918,33468,33478,10
12.9311800003,80.2385025024,33478,33528,50
12.9311800003,80.2385025024,33528,33538,10
12.9314603806,80.2386016846,33538,33549,11
12.9320898056,80.2387313843,33549,33559,10
12.9322795868,80.2383728027,33559,33569,10
12.932390213,80.2380599976,33569,33579,10
12.9326496124,80.2374267578,33579,33589,10
12.9327602386,80.2371292114,33589,33599,10
12.9329004288,80.2367019653,33599,33609,10
12.9329595566,80.2363967896,33609,33619,10
12.9330301285,80.2361526489,33619,33629,10
12.9333095551,80.2361602783,33629,33639,10
12.9336004257,80.2360229492,33639,33649,10
12.9338798523,80.2350463867,33649,33670,21
12.9338798523,80.2350463867,33670,33680,10
12.9339504242,80.2349700928,33680,33690,10
12.934220314,80.2350997925,33690,33700,10
12.9348297119,80.2353668213,33700,33710,10
12.9350996017,80.2354278564,33710,33720,10
12.9352197647,80.2351379395,33720,33730,10
12.9354496002,80.2345504761,33730,33740,10
12.9357004166,80.2339019775,33740,33760,20
12.9357004166,80.2339019775,33760,33771,11
12.9357700348,80.2338409424,33771,33781,10
12.9360799789,80.2338180542,33781,33791,10
12.9367704391,80.234161377,33791,33801,10
12.9377803802,80.2346801758,33801,33811,10
12.9389696121,80.2352676392,33811,33821,10
12.9396800995,80.2356109619,33821,33831,10
12.9396896362,80.2356109619,33831,33841,10
12.9399003983,80.2357025146,33841,33851,10
12.9406404495,80.2359390259,33851,33861,10
12.9416799545,80.2361984253,33861,33871,10
12.9427995682,80.236618042,33871,33882,11
12.9439296722,80.2376022339,33882,33892,10
12.9449701309,80.2387619019,33892,33902,10
12.9462099075,80.2395401001,33902,33912,10
12.9469499588,80.2398223877,33912,33928,16
12.9469900131,80.2398300171,33928,33940,12
12.9472503662,80.2399368286,33940,33990,50
12.9472503662,80.2399368286,33990,34001,11
12.9474802017,80.2400436401,34001,34011,10
12.9478702545,80.240196228,34011,34021,10
12.9483203888,80.2403793335,34021,34163,142
12.9483203888,80.2403793335,34163,34173,10
12.9484996796,80.2404632568,34173,34182,9
12.9488201141,80.2405776978,34182,34193,11
12.9492301941,80.2407608032,34193,34203,10
12.9495801926,80.2408828735,34203,34213,10
12.9502496719,80.2410888672,34213,34224,11
12.9508800507,80.2412719727,34224,34244,20
12.9508800507,80.2412719727,34244,34254,10
12.9511003494,80.2414016724,34254,34264,10
12.951669693,80.2416000366,34264,34274,10
12.9524097443,80.241859436,34274,34284,10
12.9532699585,80.2422027588,34284,34294,10
12.9539299011,80.2424468994,34294,34304,10
12.9544200897,80.2426605225,34304,34314,10
12.9552497864,80.2429733276,34314,34324,10
12.9563999176,80.2433166504,34324,34345,21
12.9563999176,80.2433166504,34345,34355,10
12.9565896988,80.2433776855,34355,34365,10
12.9571399689,80.2436828613,34365,34375,10
12.9578800201,80.2440185547,34375,34385,10
12.9586496353,80.2443389893,34385,34395,10
12.958820343,80.2444229126,34395,34405,10
12.9591503143,80.2445983887,34405,34415,10
12.9598999023,80.2449798584,34415,34425,10
12.960940361,80.2454528809,34425,34435,10
12.9620199203,80.2459564209,34435,34446,11
12.962679863,80.2462615967,34446,34456,10
12.9631700516,80.2464904785,34456,34466,10
12.9633998871,80.2466201782,34466,34476,10
12.9635801315,80.246711731,34476,34486,10
12.964099884,80.2469024658,34486,34496,10
12.9649896622,80.2472305298,34496,34506,10
12.9658699036,80.2475509644,34506,34516,10
12.9664001465,80.2477493286,34516,34526,10
12.9664497375,80.2477722168,34526,34536,10
12.9665298462,80.2478179932,34536,34546,10
12.9667797089,80.2479171753,34546,34557,11
12.9674596786,80.2482528687,34557,34567,10
12.968460083,80.2486572266,34567,34577,10
12.9695301056,80.2490921021,34577,34587,10
12.970580101,80.24949646,34587,34597,10
12.9716701508,80.2498397827,34597,34607,10
12.9727602005,80.2501373291,34607,34617,10
12.9738197327,80.2504196167,34617,34627,10
12.9749403,80.2507400513,34627,34637,10
12.9760398865,80.2510528564,34637,34647,10
12.977060318,80.2513580322,34647,34657,10
12.977640152,80.2516708374,34657,34667,10
12.9778900146,80.2518615723,34667,34879,212
12.9778900146,80.2518615723,34879,34889,10
12.97797966,80.2519378662,34889,34900,11
12.9783601761,80.252243042,34900,34920,20
12.9785604477,80.2523727417,34920,34950,30
12.9785604477,80.2523727417,34950,34960,10
12.9786396027,80.2524108887,34960,34970,10
12.9787101746,80.2524414063,34970,34980,10
12.9789800644,80.2525177002,34980,34990,10
12.9794197083,80.2525634766,34990,35000,10
12.9796199799,80.2526016235,35000,35011,11
12.9800395966,80.2526321411,35011,35021,10
12.9806499481,80.2526321411,35021,35031,10
12.9809999466,80.2526016235,35031,35354,323
12.9809999466,80.2526016235,35354,35364,10
12.9812602997,80.2525787354,35364,35374,10
12.9818696976,80.2525634766,35374,35384,10
12.9827604294,80.2525100708,35384,35394,10
12.9834899902,80.2524414063,35394,35404,10
12.9841804504,80.2522735596,35404,35414,10
12.9849500656,80.2520599365,35414,35697,283
12.9849500656,80.2520599365,35697,35707,10
12.9852199554,80.251991272,35707,35717,10
12.985619545,80.2518692017,35717,35727,10
12.9860801697,80.2517623901,35727,35737,10
12.9862499237,80.2517166138,35737,35747,10
12.9866399765,80.2516326904,35747,35757,10
12.9873800278,80.2514190674,35757,35767,10
12.9879198074,80.2514724731,35767,35777,10
12.9880199432,80.2519378662,35777,35787,10
12.9880599976,80.2523574829,35787,35798,11
12.9880199432,80.2526092529,35798,35808,10
12.9879398346,80.2531280518,35808,35818,10
12.9878997803,80.2535934448,35818,35828,10
12.987830162,80.2540817261,35828,35838,10
12.987830162,80.2543106079,35838,35848,10
12.9877901077,80.2547225952,35848,35858,10
12.9877004623,80.2556533813,35858,35878,20
12.9877004623,80.2556533813,35878,35888,10
12.9878396988,80.255821228,35888,35898,10
12.9882202148,80.2558822632,35898,35919,21
12.9882202148,80.2558822632,35919,35929,10
12.9885702133,80.2558898926,35929,35939,10
12.9885797501,80.2558822632,35939,35949,10
12.9885997772,80.2558670044,35949,35959,10
12.9889097214,80.2558898926,35959,35969,10
12.9894504547,80.2559509277,35969,35979,10
12.9901199341,80.2559661865,35979,35989,10
12.9904899597,80.2559509277,35989,35999,10
12.9908399582,80.2559661865,35999,36009,10
12.9914398193,80.2560119629,36009,36019,10
12.9921998978,80.2560272217,36019,36030,11
12.9933900833,80.2559585571,36030,36040,10
12.9942798615,80.2559127808,36040,36050,10
12.9953098297,80.2558364868,36050,36080,30
12.9953098297,80.2558364868,36080,36090,10
12.9954996109,80.255859375,36090,36100,10
12.9958696365,80.255859375,36100,36110,10
12.9962501526,80.2558517456,36110,36120,10
12.9967899323,80.2558288574,36120,36130,10
12.9972400665,80.2558288574,36130,36141,11
12.9976997375,80.255859375,36141,36151,10
12.9982004166,80.2558898926,36151,36161,10
12.9989004135,80.2559890747,36161,36201,40
12.9989004135,80.2559890747,36201,36211,10
12.9991703033,80.256072998,36211,36241,30
12.9991703033,80.256072998,36241,36252,11
12.999420166,80.256111145,36252,36262,10
12.9999399185,80.2562332153,36262,36272,10
13.0005102158,80.2563400269,36272,36282,10
13.0010204315,80.256439209,36282,36292,10
13.0015497208,80.2565536499,36292,36301,9
13.0020599365,80.2566223145,36301,36312,11
13.002579689,80.2567214966,36312,36322,10
13.0031404495,80.2568206787,36322,36332,10
13.0038604736,80.2569503784,36332,36342,10
13.0045700073,80.2570877075,36342,36352,10
13.0052404404,80.2572097778,36352,36363,11
13.0054597855,80.2572631836,36363,36373,10
13.0055904388,80.2573013306,36373,36383,10
13.0057601929,80.2573471069,36383,36393,10
13.0061597824,80.2574310303,36393,36403,10
13.0066995621,80.257522583,36403,36413,10
13.0069198608,80.2579269409,36413,36423,10
13.0072603226,80.2583999634,36423,36433,10
13.0080003738,80.2587814331,36433,36443,10
13.0085897446,80.2589797974,36443,36453,10
13.008649826,80.2590179443,36453,36463,10
13.0088195801,80.2590408325,36463,36474,11
13.009059906,80.2590637207,36474,36484,10
13.0096597672,80.2590637207,36484,36494,10
13.0106401443,80.2590637207,36494,36504,10
13.0117301941,80.2590637207,36504,36514,10
13.0127096176,80.2590637207,36514,36524,10
13.0133495331,80.2590789795,36524,36534,10
13.0136003494,80.2590866089,36534,36544,10
13.013710022,80.2590866089,36544,36564,20
13.013710022,80.2590866089,36564,36574,10
13.0138597488,80.2591018677,36574,36585,11
13.0140695572,80.2591094971,36585,36595,10
13.0141000748,80.2591094971,36595,36605,10
13.0143995285,80.2591171265,36605,36635,30
13.0143995285,80.2591171265,36635,36645,10
13.0144195557,80.2591171265,36645,36655,10
13.0147695541,80.2591323853,36655,36665,10
13.0151100159,80.259147644,36665,36675,10
13.0153503418,80.2591781616,36675,36685,10
13.0155096054,80.2592010498,36685,36695,10
13.0156698227,80.259262085,36695,36706,11
13.0157403946,80.2592926025,36706,36716,10
13.0160598755,80.2594223022,36716,36736,20
13.0160598755,80.2594223022,36736,36746,10
13.0161600113,80.2594985962,36746,36756,10
13.0163002014,80.2595977783,36756,36766,10
13.0163698196,80.2596588135,36766,36776,10
13.0164699554,80.2597579956,36776,36786,10
13.0166397095,80.2599029541,36786,36796,10
13.0168800354,80.2600631714,36796,36806,10
13.0172796249,80.2603225708,36806,36817,11
13.0175695419,80.2605209351,36817,36827,10
13.0177898407,80.2606582642,36827,36837,10
13.0180797577,80.2608566284,36837,36847,10
13.0185403824,80.2612075806,36847,36857,10
13.0190601349,80.2616271973,36857,36867,10
13.0193796158,80.2619171143,36867,36877,10
13.0197095871,80.2621994019,36877,36887,10
13.0202503204,80.2627105713,36887,36897,10
13.0200996399,80.2629928589,36897,36907,10
13.0195198059,80.2629470825,36907,36917,10
13.019080162,80.2629623413,36917,36927,10
13.0190401077,80.2634124756,36927,36938,11
13.0191297531,80.263923645,36938,36948,10
13.0191402435,80.2640380859,36948,36958,10
13.019080162,80.264541626,36958,36968,10
13.0189199448,80.2652206421,36968,36978,10
13.0187501907,80.2658233643,36978,36988,10
13.0187501907,80.2667312622,36988,36998,10
13.0192403793,80.2678222656,36998,37008,10
13.0199098587,80.2686004639,37008,37018,10
13.020409584,80.2692184448,37018,37028,10
13.0205202103,80.2693710327,37028,37038,10
13.0207395554,80.2696533203,37038,37049,11
13.0212402344,80.2702102661,37049,37059,10
13.021490097,80.2704772949,37059,37069,10
13.0216999054,80.2707672119,37069,37079,10
13.0221395493,80.2713317871,37079,37089,10
13.0227003098,80.2720413208,37089,37098,9
13.0233402252,80.2728805542,37098,37129,31
13.0233402252,80.2728805542,37129,37139,10
13.0235300064,80.273147583,37139,37149,10
13.0239200592,80.2736816406,37149,37160,11
13.0243396759,80.2742462158,37160,37170,10
13.0245800018,80.2744903564,37170,37180,10
13.0249795914,80.2747192383,37180,37190,10
13.025270462,80.274848938,37190,37200,10
13.0253696442,80.2749023438,37200,37210,10
13.0255899429,80.2750015259,37210,37220,10
13.025759697,80.2750930786,37220,37230,10
13.026140213,80.2752685547,37230,37240,10
13.0267000198,80.2755432129,37240,37250,10
13.027299881,80.2758178711,37250,37260,10
13.0278196335,80.2760696411,37260,37271,11
13.0283203125,80.276260376,37271,37281,10
13.0284404755,80.2763137817,37281,37291,10
13.0285396576,80.2763595581,37291,37301,10
13.0290203094,80.2765274048,37301,37311,10
13.0297002792,80.2767028809,37311,37321,10
13.0303201675,80.2769393921,37321,37331,10
13.0309896469,80.27734375,37331,37341,10
13.0314903259,80.2775802612,37341,37351,10
13.0320196152,80.2775497437,37351,37361,10
13.0327396393,80.2774581909,37361,37380,19
13.0327396393,80.2774581909,37380,37392,12
13.0332603455,80.2773666382,37392,37422,30
13.0332603455,80.2773666382,37422,37432,10
13.0335197449,80.2773208618,37432,37442,10
13.0340595245,80.2773971558,37442,37452,10
13.0347700119,80.2775802612,37452,37462,10
13.0355997086,80.2777328491,37462,37470,8
13.0363197327,80.2778701782,37470,37482,12
13.0373001099,80.2782516479,37482,37492,10
13.0379695892,80.2784423828,37492,37503,11
13.0388002396,80.2786483765,37503,37513,10
13.0389299393,80.2787017822,37513,37523,10
13.0391998291,80.2788085938,37523,37533,10
13.0397396088,80.2789764404,37533,37543,10
13.0405797958,80.2792129517,37543,37553,10
13.0416402817,80.2794036865,37553,37563,10
13.0425701141,80.2794799805,37563,37573,10
13.0431404114,80.2795333862,37573,37583,10
13.0436897278,80.2797164917,37583,37593,10
13.0442800522,80.2798614502,37593,37603,10
13.0456800461,80.2800521851,37603,37619,16
13.0456800461,80.2800521851,37619,37632,13
13.0459098816,80.2800827026,37632,37642,10
13.0464897156,80.2801589966,37642,37652,10
13.0472002029,80.2802581787,37652,37662,10
13.0479698181,80.2803573608,37662,37672,10
13.0487003326,80.2804718018,37672,37682,10
13.0495901108,80.2805862427,37682,37692,10
13.0504302979,80.2807235718,37692,37702,10
13.0510396957,80.2808074951,37702,37712,10
13.0517196655,80.280921936,37712,37722,10
13.0524702072,80.2810287476,37722,37733,11
13.0532903671,80.2811584473,37733,37743,10
13.0541095734,80.281288147,37743,37750,7
13.0546798706,80.2814025879,37750,37763,13
13.0557804108,80.2816314697,37763,37773,10
13.0563898087,80.28175354,37773,37783,10
13.0564899445,80.2817687988,37783,37793,10
13.0565500259,80.2817764282,37793,37803,10
13.0567598343,80.2818374634,37803,37813,10
13.0567798615,80.2818374634,37813,37823,10
13.0571403503,80.2819213867,37823,37833,10
13.0577297211,80.2820281982,37833,37845,12
13.0586299896,80.2822113037,37845,37855,10
13.0594501495,80.2823791504,37855,37865,10
13.0603199005,80.2825622559,37865,37875,10
13.0612201691,80.2827606201,37875,37885,10
13.0620498657,80.282951355,37885,37895,10
13.0629301071,80.2831420898,37895,37905,10
13.0634803772,80.2832183838,37905,37915,10
13.0635995865,80.2832489014,37915,37925,10
13.0636501312,80.2832717896,37925,37935,10
13.0637397766,80.2833099365,37935,37945,10
13.0641803741,80.2834396362,37945,37956,11
13.0649499893,80.2836227417,37956,37966,10
13.0658197403,80.2837982178,37966,37976,10
13.066740036,80.2839889526,37976,37986,10
13.0674600601,80.2841033936,37986,37996,10
13.0678596497,80.2841796875,37996,38006,10
13.0684404373,80.2843093872,38006,38015,9
13.0690898895,80.2844696045,38015,38026,11
13.0698795319,80.2846679688,38026,38036,10
13.0708599091,80.2848968506,38036,38046,10
13.0717897415,80.2851333618,38046,38056,10
13.0727500916,80.2852706909,38056,38067,11
13.073679924,80.2853469849,38067,38077,10
13.0742301941,80.2858581543,38077,38087,10
13.074839592,80.2863388062,38087,38097,10
13.0755796432,80.2867965698,38097,38107,10
13.0764503479,80.2870788574,38107,38117,10
13.077340126,80.287322998,38117,38127,10
13.0782499313,80.2875518799,38127,38137,10
13.0791196823,80.2878417969,38137,38147,10
13.0797796249,80.2880172729,38147,38157,10
13.0798101425,80.2880325317,38157,38167,10
13.0798902512,80.2880401611,38167,38178,11
13.0804395676,80.2881698608,38178,38188,10
13.0808296204,80.2882766724,38188,38198,10
13.0808496475,80.2883071899,38198,38208,10
13.0812301636,80.2884521484,38208,38218,10
13.081990242,80.2887115479,38218,38228,10
13.082859993,80.2891235352,38228,38238,10
13.0838403702,80.2891769409,38238,38248,10
13.0848197937,80.2891616821,38248,38258,10
13.0858602524,80.2892990112,38258,38268,10
13.0869703293,80.2895965576,38268,38278,10
13.0879402161,80.2899703979,38278,38288,10
13.0888004303,80.2901687622,38288,38359,71
13.0888004303,80.2901687622,38359,38369,10
13.0888595581,80.2903671265,38369,38379,10
13.0885095596,80.2903213501,38379,38389,10
13.0879402161,80.2900772095,38389,38399,10
13.0872898102,80.2898483276,38399,38410,11
13.0865297318,80.2896499634,38410,38420,10
13.0858402252,80.2894897461,38420,38430,10
13.0854597092,80.2889328003,38430,38440,10
13.0851602554,80.2882232666,38440,38450,10
13.0851202011,80.2875671387,38450,38460,10
13.0851802826,80.2869033813,38460,38470,10
13.0852499008,80.2860717773,38470,38480,10
13.0853500366,80.2851104736,38480,38490,10
13.0853099823,80.2843399048,38490,38500,10
13.0852298737,80.2841110229,38500,38541,41
13.0852298737,80.2841110229,38541,38551,10
13.0853700638,80.2839736938,38551,38561,10
13.085439682,80.283706665,38561,38571,10
13.0855102539,80.2835769653,38571,38581,10
13.0857400894,80.2835464478,38581,38591,10
13.0861196518,80.283531189,38591,38601,10
13.0864400864,80.2836990356,38601,38611,10
13.0869998932,80.2836608887,38611,38642,31
13.0869998932,80.2836608887,38642,38652,10
13.0870304108,80.2837219238,38652,38692,40
13.0870304108,80.2837219238,38692,38702,10
13.0872001648,80.2836914063,38702,38712,10
13.0874204636,80.2836914063,38712,38722,10
13.0876197815,80.2836837769,38722,38732,10
13.0878400803,80.2836532593,38732,38793,61
13.0878400803,80.2836532593,38793,38803,10
13.0879402161,80.2836914063,38803,38813,10
13.0881204605,80.2836074829,38813,38823,10
13.0881795883,80.2835769653,38823,38833,10
13.0882997513,80.2834396362,38833,38843,10
13.0883197784,80.2832183838,38843,38853,10
13.0883398056,80.2828979492,38853,38864,11
13.0883197784,80.2824630737,38864,38874,10
13.088259697,80.2820205688,38874,38884,10
13.0880298615,80.2815322876,38884,38894,10
13.0874996185,80.2813186646,38894,38904,10
13.0868902206,80.2811584473,38904,38914,10
13.0862998962,80.2809829712,38914,38924,10
13.0858201981,80.2808074951,38924,38934,10
13.0856704712,80.2803268433,38934,38944,10
13.0854701996,80.2796783447,38944,38954,10
13.0848999023,80.2793197632,38954,38964,10
13.0843696594,80.2792205811,38964,38975,11
13.0837497711,80.2791213989,38975,38985,10
13.0830898285,80.2788619995,38985,38994,9
13.0824899673,80.2786331177,38994,39025,31
13.0824899673,80.2786331177,39025,39035,10
13.0823698044,80.2786026001,39035,39045,10
13.0820198059,80.278427124,39045,39055,10
13.0819101334,80.2779693604,39055,39065,10
13.0818595886,80.2773666382,39065,39075,10
13.0817804337,80.2766799927,39075,39086,11
13.0816297531,80.275932312,39086,39156,70
13.0816297531,80.275932312,39156,39166,10
13.0815200806,80.2753601074,39166,39186,20
13.0815200806,80.2753601074,39186,39195,9
13.0814399719,80.2751617432,39195,39207,12
13.0812501907,80.2751464844,39207,39217,10
13.080909729,80.2752075195,39217,39227,10
13.080450058,80.2752685547,39227,39237,10
13.0800199509,80.2753219604,39237,39247,10
13.0794897079,80.2753219604,39247,39257,10
13.0788898468,80.2751922607,39257,39267,10
13.0783100128,80.2755126953,39267,39277,10
13.0779600143,80.2761993408,39277,39287,10
13.0771799088,80.276260376,39287,39297,10
13.0765104294,80.2762985229,39297,39307,10
13.0760097504,80.2763290405,39307,39318,11
13.0759801865,80.2763290405,39318,39328,10
13.0759096146,80.2761383057,39328,39338,10
13.075920105,80.2758407593,39338,39348,10
13.0759000778,80.2756271362,39348,39358,10
13.0758600235,80.275062561,39358,39368,10
13.0762300491,80.2745819092,39368,39580,212
13.0762300491,80.2745819092,39580,39590,10
13.0760698318,80.2747573853,39590,39600,10
13.0760202408,80.2750778198,39600,39610,10
13.0761404037,80.2755966187,39610,39620,10
13.0761604309,80.2760162354,39620,40135,515
13.0761604309,80.2760162354,40135,40145,10
13.0759096146,80.2759628296,40145,40155,10
13.0758895874,80.2755126953,40155,40165,10
13.0758695602,80.2749176025,40165,40175,10
13.0761899948,80.274597168,40175,52603,12428
13.0761899948,80.274597168,52603,52613,10
13.0761995316,80.2746429443,52613,53067,454
13.0761995316,80.2746429443,53067,53077,10
13.0760097504,80.2748031616,53077,53097,20
13.0760097504,80.2748031616,53097,53107,10
13.0760097504,80.2750473022,53107,53117,10
13.0759801865,80.2752380371,53117,53128,11
13.0759496689,80.275428772,53128,53138,10
13.0759601593,80.275680542,53138,53148,10
13.075920105,80.2761230469,53148,53168,20
13.075920105,80.2761230469,53168,53178,10
13.075799942,80.2763366699,53178,53188,10
13.0752401352,80.2763366699,53188,53198,10
13.0745201111,80.2763519287,53198,53208,10
13.0740499496,80.2766418457,53208,53218,10
13.0744600296,80.2771835327,53218,53229,11
13.0751304626,80.2779006958,53229,53239,10
13.0757198334,80.2784500122,53239,53249,10
13.0761804581,80.278968811,53249,53259,10
13.0766201019,80.2794799805,53259,53269,10
13.0771303177,80.2800216675,53269,53279,10
13.077630043,80.2805633545,53279,53289,10
13.0781097412,80.2810897827,53289,53299,10
13.0786104202,80.2816390991,53299,53309,10
13.0790996552,80.2818603516,53309,53319,10
13.079580307,80.2814712524,53319,53329,10
13.0800104141,80.2810516357,53329,53340,11
13.0805101395,80.2807235718,53340,53350,10
13.0810699463,80.2807312012,53350,53360,10
13.0816402435,80.2810974121,53360,53370,10
13.0820503235,80.2814788818,53370,53390,20
13.0820503235,80.2814788818,53390,53400,10
13.0822095871,80.2816085815,53400,53410,10
13.0825595856,80.2818603516,53410,53420,10
13.0831098557,80.2822113037,53420,53430,10
13.0837097168,80.2825775146,53430,53440,10
13.0843296051,80.2829666138,53440,53451,11
13.084859848,80.2834320068,53451,53461,10
13.0852003098,80.2838287354,53461,53471,10
13.0854101181,80.2836914063,53471,53481,10
13.0856199265,80.2835617065,53481,53491,10
13.0859003067,80.2835693359,53491,53501,10
13.0861701965,80.2835769653,53501,53511,10
13.0864400864,80.2837371826,53511,53521,10
13.0869197845,80.2839813232,53521,53582,61
13.0869197845,80.2839813232,53582,53592,10
13.0873003006,80.2840118408,53592,53602,10
13.0875301361,80.283996582,53602,53652,50
13.0879201889,80.283996582,53652,53713,61
13.0880699158,80.2836914063,53713,53874,161
13.0880699158,80.2836914063,53874,53884,10
13.0882301331,80.2834777832,53884,53894,10
13.0882396698,80.2832794189,53894,53905,11
13.0882396698,80.2829208374,53905,53915,10
13.0882501602,80.2825622559,53915,53925,10
13.0882196426,80.2821578979,53925,53935,10
13.0881004333,80.2817001343,53935,53945,10
13.088060379,80.2814025879,53945,53955,10
13.088259697,80.2813873291,53955,53965,10
13.0884599686,80.2815933228,53965,53975,10
13.0884599686,80.2818222046,53975,53985,10
13.0884199142,80.2820968628,53985,53995,10
13.0883598328,80.2823562622,53995,54005,10
13.0883302689,80.2826004028,54005,54016,11
13.0883102417,80.2828369141,54016,54026,10
13.0882997513,80.2832717896,54026,54036,10
13.0883102417,80.2836914063,54036,54046,10
13.088350296,80.2841720581,54046,54056,10
13.0883998871,80.2847366333,54056,54096,40
13.0883998871,80.2847366333,54096,54106,10
13.0883903503,80.2851486206,54106,54116,10
13.0883998871,80.2854690552,54116,54127,11
13.0884199142,80.2855300903,54127,54137,10
13.0884599686,80.2857284546,54137,54147,10
13.0884399414,80.2860412598,54147,54157,10
13.0884399414,80.2863082886,54157,54167,10
13.0884504318,80.2866287231,54167,54177,10
13.0884799957,80.2871398926,54177,54187,10
13.0885000229,80.2873916626,54187,54197,10
13.0885295868,80.287727356,54197,54207,10
13.0886001587,80.2883224487,54207,54217,10
13.0886201859,80.28855896,54217,54227,10
13.0886802673,80.2890319824,54227,54237,10
13.0886898041,80.2893218994,54237,54248,11
13.0887002945,80.2895889282,54248,54258,10
13.0887203217,80.2901077271,54258,54288,30
13.0887203217,80.2901077271,54288,54298,10
13.0887002945,80.2902832031,54298,54308,10
13.088549614,80.2903671265,54308,54318,10
13.0881595612,80.2901382446,54318,54328,10
13.087679863,80.2899093628,54328,54338,10
13.086930275,80.2895965576,54338,54348,10
13.085849762,80.2892990112,54348,54359,11
13.0849304199,80.2892074585,54359,54369,10
13.0839195251,80.2892227173,54369,54379,10
13.0829801559,80.2891921997,54379,54389,10
13.0820198059,80.2887878418,54389,54399,10
13.0809001923,80.2884063721,54399,54409,10
13.0802402496,80.2882080078,54409,54419,10
13.0802297592,80.2882003784,54419,54429,10
13.0801496506,80.2881698608,54429,54439,10
13.0800104141,80.2881622314,54439,54449,10
13.0798301697,80.2881317139,54449,54459,10
13.0791902542,80.287979126,54459,54470,11
13.0782299042,80.287612915,54470,54480,10
13.0772399902,80.2873535156,54480,54496,16
13.0756196976,80.2869262695,54496,54508,12
13.0746002197,80.2863082886,54508,54518,10
13.074139595,80.2861328125,54518,54528,10
13.0739097595,80.2860794067,54528,54538,10
13.073340416,80.2859420776,54538,54548,10
13.0726900101,80.2855682373,54548,54558,10
13.0718603134,80.2852783203,54558,54568,10
13.0708703995,80.2850189209,54568,54578,10
13.0697402954,80.2847366333,54578,54588,10
13.0686903,80.2844772339,54588,54600,12
13.0678901672,80.2843170166,54600,54610,10
13.0672101974,80.2842102051,54610,54620,10
13.0663299561,80.2840194702,54620,54630,10
13.0653600693,80.2837905884,54630,54640,10
13.0645599365,80.2836074829,54640,54650,10
13.0643701553,80.2835617065,54650,54659,9
13.0642900467,80.2835388184,54659,54670,11
13.0639801025,80.2834625244,54670,54680,10
13.0634098053,80.2833175659,54680,54690,10
13.0627603531,80.2831573486,54690,54701,11
13.0624599457,80.2830963135,54701,54711,10
13.0624198914,80.2830963135,54711,54721,10
13.0619697571,80.282989502,54721,54731,10
13.0613498688,80.2828369141,54731,54741,10
13.0609197617,80.2827529907,54741,54751,10
13.0602998734,80.2826309204,54751,54760,9
13.0594997406,80.2824630737,54760,54771,11
13.0584402084,80.2822418213,54771,54781,10
13.0576200485,80.2820892334,54781,54790,9
13.0569801331,80.2819519043,54790,54801,11
13.05671978,80.2819137573,54801,54812,11
13.0564804077,80.2818527222,54812,54822,10
13.0558300018,80.2817077637,54822,54832,10
13.0549402237,80.2815170288,54832,54842,10
13.0539703369,80.2813186646,54842,54852,10
13.0531196594,80.2811813354,54852,54862,10
13.0522699356,80.2810516357,54862,54872,10
13.0511798859,80.2808990479,54872,54892,20
13.0511798859,80.2808990479,54892,54902,10
13.0510501862,80.2808914185,54902,54912,10
13.0505599976,80.2808227539,54912,54923,11
13.0496902466,80.2806777954,54923,54933,10
13.0487203598,80.2805404663,54933,54943,10
13.0475902557,80.280380249,54943,54953,10
13.0465202332,80.2802505493,54953,54963,10
13.0457601547,80.2801513672,54963,54973,10
13.0457000732,80.2801437378,54973,54983,10
13.0454702377,80.2801132202,54983,54993,10
13.0447797775,80.2800216675,54993,55003,10
13.0441999435,80.2799301147,55003,55013,10
13.0437803268,80.2798690796,55013,55023,10
13.0433998108,80.2798233032,55023,55034,11
13.0428199768,80.2796630859,55034,55044,10
13.0419797897,80.2795028687,55044,55054,10
13.0410404205,80.2793273926,55054,55064,10
13.0402202606,80.2791519165,55064,55074,10
13.0395097733,80.278968811,55074,55084,10
13.0392503738,80.2788925171,55084,55094,10
13.0389699936,80.2788085938,55094,55104,10
13.0389299393,80.2788009644,55104,55114,10
13.0385599136,80.2786483765,55114,55124,10
13.037899971,80.2784500122,55124,55134,10
13.0371799469,80.2782363892,55134,55145,11
13.03647995,80.2779922485,55145,55155,10
13.0358600616,80.2778320313,55155,55165,10
13.0354404449,80.2777404785,55165,55175,10
13.035030365,80.2776565552,55175,55185,10
13.0344696045,80.2775802612,55185,55194,9
13.0339603424,80.2774429321,55194,55204,10
13.0334396362,80.2773895264,55204,55215,11
13.0331497192,80.2774581909,55215,55225,10
13.0330095291,80.2774810791,55225,55235,10
13.0327596664,80.2774963379,55235,55245,10
13.0323600769,80.2775115967,55245,55256,11
13.0317697525,80.2775726318,55256,55266,10
13.0312299728,80.2774429321,55266,55275,9
13.030960083,80.2772827148,55275,55286,11
13.0309495926,80.2772827148,55286,55296,10
13.0305700302,80.2770614624,55296,55306,10
13.0299396515,80.276802063,55306,55316,10
13.029299736,80.2766113281,55316,55326,10
13.0287599564,80.2764205933,55326,55336,10
13.0283603668,80.2762527466,55336,55346,10
13.0278596878,80.2760391235,55346,55356,10
13.027179718,80.2757415771,55356,55367,11
13.02602005,80.2752380371,55367,55387,20
13.02602005,80.2752380371,55387,55397,10
13.0257301331,80.2750930786,55397,55407,10
13.0251703262,80.274848938,55407,55417,10
13.0244703293,80.2744827271,55417,55427,10
13.0239200592,80.2738418579,55427,55437,10
13.0236597061,80.2734680176,55437,55447,10
13.0232400894,80.2729110718,55447,55457,10
13.0227603912,80.2722702026,55457,55467,10
13.0222301483,80.2715682983,55467,55477,10
13.0215396881,80.270690918,55477,55488,11
13.0209598541,80.2700119019,55488,55499,11
13.0208702087,80.2698974609,55499,55509,10
13.0207395554,80.2697601318,55509,55519,10
13.0204000473,80.2693023682,55519,55529,10
13.0198402405,80.2686080933,55529,55539,10
13.0192203522,80.2678604126,55539,55549,10
13.0186901093,80.2670211792,55549,55559,10
13.0185899734,80.26612854,55559,55569,10
13.0186901093,80.2655334473,55569,55579,10
13.0189304352,80.2646789551,55579,55589,10
13.0190095901,80.2637710571,55589,55600,11
13.0189504623,80.2633590698,55600,55610,10
13.0188798904,80.2630004883,55610,55620,10
13.0188703537,80.2628631592,55620,55630,10
13.0188102722,80.2622528076,55630,55640,10
13.0186796188,80.2614974976,55640,55650,10
13.0184202194,80.2611236572,55650,55666,16
13.0172996521,80.2603683472,55666,55678,12
13.0163002014,80.2597579956,55678,55688,10
13.0159797668,80.2596206665,55688,55698,10
13.0158195496,80.259552002,55698,55708,10
13.0152101517,80.2593383789,55708,55719,11
13.0142202377,80.259262085,55719,55729,10
13.0131902695,80.2592163086,55729,55739,10
13.0122804642,80.2591705322,55739,55749,10
13.0111303329,80.259147644,55749,55758,9
13.0102596283,80.2591781616,55758,55769,11
13.0092897415,80.2591629028,55769,55779,10
13.0087203979,80.2591400146,55779,55789,10
13.008310318,80.2591400146,55789,55799,10
13.0076704025,80.2592773438,55799,55809,10
13.0070800781,80.2586135864,55809,55830,21
13.0070800781,80.2586135864,55830,55840,10
13.0071401596,80.2585372925,55840,55850,10
13.0069303513,80.2581634521,55850,55860,10
13.0065002441,80.2575912476,55860,55870,10
13.0057401657,80.2573928833,55870,55880,10
13.0047502518,80.2571792603,55880,55890,10
13.0037498474,80.2569274902,55890,55900,10
13.0029802322,80.2567901611,55900,55941,41
13.0029802322,80.2567901611,55941,55951,10
13.0027799606,80.2567367554,55951,55961,10
13.0022296906,80.2566299438,55961,55971,10
13.0013198853,80.2565002441,55971,55981,10
13.0005502701,80.2563476563,55981,55991,10
13.0002698898,80.2562866211,55991,56001,10
12.999879837,80.2562484741,56001,56011,10
12.9995002747,80.256187439,56011,56021,10
12.9991903305,80.2561264038,56021,56031,10
12.9988698959,80.2560501099,56031,56041,10
12.9984197617,80.2560119629,56041,56082,41
12.9984197617,80.2560119629,56082,56092,10
12.9981498718,80.2559432983,56092,56102,10
12.9978199005,80.2559204102,56102,56112,10
12.9973802567,80.255897522,56112,56122,10
12.9973497391,80.255897522,56122,56132,10
12.9971504211,80.2558898926,56132,56142,10
12.9967699051,80.2558517456,56142,56152,10
12.996430397,80.255821228,56152,56163,11
12.9961595535,80.2558288574,56163,56173,10
12.9957799911,80.2558364868,56173,56183,10
12.9952297211,80.255859375,56183,56193,10
12.9946899414,80.2559204102,56193,56203,10
12.9942102432,80.2559585571,56203,56213,10
12.9934797287,80.2560119629,56213,56223,10
12.992600441,80.2560577393,56223,56233,10
12.9915800095,80.2560424805,56233,56243,10
12.9907598495,80.2560195923,56243,56253,10
12.9900999069,80.2560119629,56253,56263,10
12.9896297455,80.2559814453,56263,56304,41
12.9896297455,80.2559814453,56304,56314,10
12.9893503189,80.2559814453,56314,56324,10
12.9888296127,80.2559280396,56324,56334,10
12.9882602692,80.2558822632,56334,56344,10
12.987739563,80.2557983398,56344,56354,10
12.9870901108,80.2556610107,56354,56364,10
12.9861402512,80.2555007935,56364,56385,21
12.9861402512,80.2555007935,56385,56395,10
12.9859399796,80.2554626465,56395,56405,10
12.9854001999,80.255317688,56405,56415,10
12.9847297668,80.2551574707,56415,56425,10
12.9840202332,80.254989624,56425,56434,9
12.9834299088,80.2548370361,56434,56445,11
12.9831104279,80.2547225952,56445,56455,10
12.9827899933,80.2546386719,56455,56465,10
12.9822597504,80.2544403076,56465,56475,10
12.9819202423,80.2538833618,56475,56485,10
12.9817495346,80.2531585693,56485,56496,11
12.981300354,80.2527923584,56496,56506,10
12.9806995392,80.2527923584,56506,56516,10
12.9803800583,80.2527770996,56516,56526,10
12.9801797867,80.252746582,56526,56536,10
12.9797697067,80.2527313232,56536,56546,10
12.9793300629,80.2526779175,56546,56556,10
12.9788398743,80.2526092529,56556,56566,10
12.9786701202,80.252571106,56566,56576,10
12.9785499573,80.2525177002,56576,56586,10
12.9780302048,80.252166748,56586,56596,10
12.9773597717,80.2515563965,56596,56607,11
12.9763002396,80.2511825562,56607,56617,10
12.9751396179,80.2508163452,56617,56627,10
12.9739198685,80.2504501343,56627,56637,10
12.9729003906,80.2501983643,56637,56647,10
12.9719800949,80.249961853,56647,56657,10
12.9709100723,80.2496490479,56657,56667,10
12.9697599411,80.2492218018,56667,56677,10
12.9685697556,80.2487487793,56677,56687,10
12.9675197601,80.2483291626,56687,56697,10
12.9666204453,80.2479095459,56697,56707,10
12.9658203125,80.2475814819,56707,56717,10
12.9650602341,80.2473373413,56717,56728,11
12.9649496078,80.2472915649,56728,56738,10
12.9648895264,80.2472763062,56738,56748,10
12.9644804001,80.2471084595,56748,56758,10
12.9638004303,80.2468719482,56758,56798,40
12.9638004303,80.2468719482,56798,56808,10
12.9636201859,80.2467803955,56808,56818,10
12.963060379,80.2464599609,56818,56828,10
12.9621696472,80.2460632324,56828,56839,11
12.9610500336,80.2455062866,56839,56849,10
12.9596595764,80.2449111938,56849,56869,20
12.9596595764,80.2449111938,56869,56879,10
12.9595603943,80.2448425293,56879,56889,10
12.9590501785,80.2445983887,56889,56899,10
12.9582796097,80.2442474365,56899,56909,10
12.9577999115,80.2440490723,56909,56919,10
12.9575595856,80.2439727783,56919,56929,10
12.9566497803,80.2437362671,56929,57020,91
12.9563903809,80.2436904907,57020,57061,41
12.9563903809,80.2436904907,57061,57071,10
12.9561004639,80.2435836792,57071,57081,10
12.9553899765,80.2431564331,57081,57091,10
12.9543800354,80.2427062988,57091,57101,10
12.9533996582,80.2423019409,57101,57111,10
12.9524002075,80.241897583,57111,57121,10
12.9515800476,80.2416000366,57121,57131,10
12.9511699677,80.2414932251,57131,57141,10
12.9511404037,80.2414703369,57141,57151,10
12.9507102966,80.241317749,57151,57161,10
12.9499702454,80.2410812378,57161,57172,11
12.9492797852,80.2408676147,57172,57182,10
12.9486198425,80.2406082153,57182,57192,10
12.9478197098,80.2402801514,57192,57202,10
12.9473495483,80.2400588989,57202,57212,10
12.9469604492,80.2398910522,57212,57222,10
12.9461202621,80.2395477295,57222,57232,10
12.9451398849,80.2390136719,57232,57242,10
12.9441900253,80.2380218506,57242,57252,10
12.9432601929,80.2370223999,57252,57262,10
12.942150116,80.2363891602,57262,57272,10
12.9408397675,80.2360610962,57272,57282,10
12.939740181,80.2357635498,57282,57293,11
12.9393100739,80.2356033325,57293,57303,10
12.9392595291,80.2355575562,57303,57313,10
12.9388599396,80.2353363037,57313,57323,10
12.9380302429,80.2349090576,57323,57333,10
12.9371099472,80.2344589233,57333,57343,10
12.9362001419,80.2340164185,57343,57353,10
12.9356203079,80.2339782715,57353,57363,10
12.9354000092,80.2345809937,57363,57373,10
12.9351596832,80.2352218628,57373,57383,10
12.9350700378,80.2354431152,57383,57393,10
12.934800148,80.2353515625,57393,57404,11
12.934220314,80.2350997925,57404,57414,10
12.9338903427,80.2349777222,57414,57424,10
12.9337396622,80.2354278564,57424,57434,10
12.9337396622,80.2354507446,57434,57444,10
12.9336996078,80.2355575562,57444,57454,10
12.9335899353,80.2359390259,57454,57464,10
12.9333095551,80.2361526489,57464,57474,10
12.9332504272,80.2361221313,57474,57484,10
12.9329500198,80.2361297607,57484,57494,10
12.9329004288,80.2365112305,57494,57504,10
12.9327001572,80.237159729,57504,57515,11
12.9325799942,80.2375335693,57515,57525,10
12.9323396683,80.2381896973,57525,57535,10
12.9322004318,80.2385787964,57535,57545,10
12.9317798615,80.2387390137,57545,57555,10
12.9312400818,80.2385635376,57555,57585,30
12.9312400818,80.2385635376,57585,57595,10
12.9308795929,80.2384033203,57595,57605,10
12.9301795959,80.2381591797,57605,57615,10
12.9295396805,80.23802948,57615,57626,11
12.9294500351,80.2383880615,57626,57636,10
12.9293003082,80.2389068604,57636,57646,10
12.9292001724,80.2390823364,57646,57656,10
12.9283399582,80.238822937,57656,57686,30
12.9283399582,80.238822937,57686,57696,10
12.9282798767,80.2388000488,57696,57706,10
12.9278697968,80.2387008667,57706,57716,10
12.9274997711,80.238609314,57716,57726,10
12.927479744,80.2386016846,57726,57737,11
12.9273996353,80.238571167,57737,57747,10
12.9269800186,80.2384567261,57747,57757,10
12.9263000488,80.2382888794,57757,57767,10
12.9256000519,80.2381134033,57767,57777,10
12.925450325,80.2382736206,57777,57797,20
12.925450325,80.2382736206,57797,57807,10
12.9256601334,80.2383575439,57807,58604,797
12.9256601334,80.2383575439,58604,58614,10
12.9258098602,80.238243103,58614,58624,10
12.9263801575,80.2383880615,58624,58634,10
12.9272098541,80.2385787964,58634,58645,11
12.9280395508,80.2387924194,58645,58655,10
12.9285497665,80.2389068604,58655,58665,10
12.9288396835,80.2389831543,58665,58675,10
12.9293003082,80.2390289307,58675,58685,10
12.929400444,80.2387008667,58685,58695,10
12.9295396805,80.2381896973,58695,58705,10
12.9297599792,80.2380065918,58705,58715,10
12.9303798676,80.2382507324,58715,58725,10
12.9309597015,80.2384872437,58725,58735,10
12.9313097,80.2385864258,58735,58745,10
12.9317502975,80.2387466431,58745,58756,11
12.932220459,80.2385406494,58756,58766,10
12.9322900772,80.2382965088,58766,58776,10
12.9324998856,80.2377700806,58776,58786,10
12.93268013,80.2372970581,58786,58796,10
12.9327898026,80.2370376587,58796,58806,10
12.9329204559,80.236541748,58806,58816,10
12.9329795837,80.2362136841,58816,58826,10
12.9333000183,80.2362136841,58826,58836,10
12.9335803986,80.2360916138,58836,58846,10
12.9336996078,80.2356109619,58846,58856,10
12.9337797165,80.2353515625,58856,58867,11
12.9339199066,80.2350387573,58867,58877,10
12.9342498779,80.2351913452,58877,58887,10
12.9347696304,80.2353973389,58887,58897,10
12.9350099564,80.2354736328,58897,58907,10
12.9351396561,80.2352981567,58907,58917,10
12.9352798462,80.2349395752,58917,58927,10
12.9357204437,80.2339401245,58927,58978,51
12.9357204437,80.2339401245,58978,58988,10
12.9360303879,80.2338409424,58988,58998,10
12.9366598129,80.234161377,58998,59008,10
12.9376497269,80.23462677,59008,59018,10
12.9387598038,80.2351837158,59018,59028,10
12.9397001266,80.2356719971,59028,59048,20
12.9397001266,80.2356719971,59048,59058,10
12.9402303696,80.2358627319,59058,59068,10
12.9412698746,80.2361526489,59068,59078,10
12.9425897598,80.2365264893,59078,59088,10
12.9436998367,80.2373962402,59088,59099,11
12.9449195862,80.2387466431,59099,59109,10
12.9460296631,80.2395172119,59109,59119,10
12.9471797943,80.2399291992,59119,59139,20
12.9471797943,80.2399291992,59139,59149,10
12.9473400116,80.2400131226,59149,59159,10
12.9479999542,80.2402877808,59159,59169,10
12.9486703873,80.2405319214,59169,59179,10
12.9489498138,80.2406463623,59179,59189,10
12.9494600296,80.2408905029,59189,59199,10
12.9501104355,80.2410812378,59199,59209,10
12.9510402679,80.2413635254,59209,59220,11
12.9519395828,80.2416610718,59220,59230,10
12.9521598816,80.2417526245,59230,59240,10
12.9528503418,80.2420196533,59240,59250,10
12.9536504745,80.2423171997,59250,59260,10
12.9538698196,80.2423782349,59260,59270,10
12.9543199539,80.2425689697,59270,59280,10
12.955739975,80.2431716919,59280,59290,10
12.955739975,80.2431716919,59290,59300,10
12.9563999176,80.2434768677,59300,59310,10
12.9567203522,80.243598938,59310,59321,11
12.9576797485,80.2439880371,59321,59331,10
12.9582395554,80.2442169189,59331,59341,10
12.9589700699,80.2444915771,59341,59351,10
12.9591197968,80.2445831299,59351,59363,12
12.9597902298,80.2449035645,59363,59373,10
12.9607000351,80.2453231812,59373,59383,10
12.9617204666,80.2457962036,59383,59393,10
12.9630002975,80.246421814,59393,59403,10
12.9633998871,80.2466278076,59403,59464,61
12.9633998871,80.2466278076,59464,59474,10
12.9635896683,80.2467422485,59474,59484,10
12.9641199112,80.246963501,59484,59494,10
12.9647903442,80.2472229004,59494,59504,10
12.965669632,80.2475204468,59504,59514,10
12.9667901993,80.2479705811,59514,59534,20
12.9667901993,80.2479705811,59534,59545,11
12.9671802521,80.2481918335,59545,59555,10
12.9679899216,80.2485427856,59555,59565,10
12.9688396454,80.2488937378,59565,59575,10
12.9697303772,80.2492599487,59575,59585,10
12.970870018,80.2496414185,59585,59595,10
12.9720201492,80.249961853,59595,59605,10
12.9732398987,80.2502670288,59605,59615,10
12.9745502472,80.2506408691,59615,59625,10
12.9758796692,80.2510070801,59625,59635,10
12.9770002365,80.2513427734,59635,59645,10
12.9779100418,80.2519073486,59645,59656,11
12.9786396027,80.2524185181,59656,59666,10
12.9789400101,80.252532959,59666,59675,9
12.9791297913,80.2525634766,59675,59686,11
12.9794197083,80.2526016235,59686,59696,10
12.9799499512,80.2526473999,59696,59706,10
12.9804801941,80.2526626587,59706,59716,10
12.9810695648,80.2526397705,59716,59726,10
12.9818296432,80.2526321411,59726,59736,10
12.982749939,80.2526016235,59736,59746,10
12.9836502075,80.2524719238,59746,59756,10
12.9842796326,80.252281189,59756,59766,10
12.984629631,80.2521896362,59766,59777,11
12.9852399826,80.2520217896,59777,59787,10
12.9856700897,80.2519073486,59787,59797,10
12.9861803055,80.2517929077,59797,59807,10
12.986700058,80.2516708374,59807,59817,10
12.9874200821,80.2514190674,59817,59827,10
12.9878396988,80.2514266968,59827,59837,10
12.9879598618,80.2517929077,59837,59847,10
12.9880104065,80.2524795532,59847,59857,10
12.9879398346,80.2531661987,59857,59867,10
12.9878902435,80.2538299561,59867,59877,10
12.9877996445,80.2547302246,59877,59888,11
12.9877500534,80.2554397583,59888,59918,30
12.9877500534,80.2554397583,59918,59928,10
12.9877595901,80.2556762695,59928,59948,20
12.9877595901,80.2556762695,59948,59958,10
12.9878997803,80.2558670044,59958,59968,10
12.988409996,80.2559127808,59968,59978,10
12.9887199402,80.2559432983,59978,59988,10
12.9887800217,80.2559585571,59988,59999,11
12.9891996384,80.2559890747,59999,60009,10
12.9898996353,80.2560501099,60009,60019,10
12.990530014,80.2560501099,60019,60029,10
12.991230011,80.256072998,60029,60039,10
12.9920797348,80.2560806274,60039,60049,10
12.9929895401,80.2560272217,60049,60059,10
12.9939002991,80.2559967041,60059,60069,10
12.9946498871,80.2559585571,60069,60079,10
12.9953203201,80.2559509277,60079,60089,10
12.9955596924,80.2559204102,60089,60099,10
12.9957895279,80.2559280396,60099,60110,11
12.9962701797,80.2559280396,60110,60120,10
12.9968204498,80.2559204102,60120,60130,10
12.997300148,80.2559204102,60130,60140,10
12.9977998734,80.2559585571,60140,60150,10
12.9982004166,80.2559814453,60150,60160,10
12.9989004135,80.256072998,60160,60190,30
12.9991397858,80.256111145,60190,60220,30
12.9991397858,80.256111145,60220,60231,11
12.9992599487,80.2561569214,60231,60241,10
12.9996004105,80.2562332153,60241,60251,10
13.0000200272,80.2563018799,60251,60261,10
13.000670433,80.2564315796,60261,60271,10
13.0013198853,80.2565383911,60271,60281,10
13.001709938,80.2565994263,60281,60291,10
13.0020103455,80.2566375732,60291,60301,10
13.0025100708,80.2567214966,60301,60311,10
13.0030603409,80.2568206787,60311,60321,10
13.0034799576,80.2568817139,60321,60331,10
13.004070282,80.2570037842,60331,60342,11
13.0047502518,80.2571334839,60342,60352,10
13.0053796768,80.2572402954,60352,60372,20
13.0053796768,80.2572402954,60372,60382,10
13.0056800842,80.2573776245,60382,60392,10
13.0061998367,80.2574691772,60392,60402,10
13.0067796707,80.2576522827,60402,60412,10
13.0071401596,80.2583007813,60412,60422,10
13.0078601837,80.2588119507,60422,60432,10
13.0085201263,80.2590332031,60432,60448,16
13.0088195801,80.2591400146,60448,60461,13
13.0093898773,80.2591171265,60461,60471,10
13.0102500916,80.2591323853,60471,60481,10
13.0112304688,80.2591171265,60481,60491,10
13.012260437,80.259147644,60491,60501,10
13.0132398605,80.2591934204,60501,60511,10
13.0144195557,80.2592163086,60511,60521,10
13.0152997971,80.259262085,60521,60530,9
13.0160799026,80.2594985962,60530,60540,10
13.0164403915,80.259727478,60540,60551,11
13.0165996552,80.2598571777,60551,60562,11
13.0170898438,80.2601928711,60562,60572,10
13.0177097321,80.2606277466,60572,60582,10
13.0184202194,80.2611083984,60582,60592,10
13.0190401077,80.2615966797,60592,60602,10
13.0194997787,80.262008667,60602,60612,10
13.0199604034,80.2624816895,60612,60622,10
13.0202598572,80.2630081177,60622,60632,10
13.0198001862,80.2629699707,60632,60642,10
13.0193395615,80.2629470825,60642,60652,10
13.0190200806,80.2630691528,60652,60662,10
13.019080162,80.2636184692,60662,60672,10
13.019109726,80.2644424438,60672,60683,11
13.0188999176,80.2651977539,60683,60693,10
13.0187702179,80.265663147,60693,60703,10
13.0187101364,80.2664337158,60703,60713,10
13.0189199448,80.267288208,60713,60723,10
13.0194396973,80.2680206299,60723,60733,10
13.0200595856,80.2687835693,60733,60743,10
13.0206604004,80.2695083618,60743,60753,10
13.0212097168,80.2701416016,60753,60763,10
13.0215101242,80.2705001831,60763,60773,10
13.0217399597,80.2707901001,60773,60783,10
13.0222101212,80.2714080811,60783,60794,11
13.0228796005,80.2723083496,60794,60804,10
13.0235595703,80.2732009888,60804,60824,20
13.0235595703,80.2732009888,60824,60834,10
13.0236597061,80.2733612061,60834,60844,10
13.0239295959,80.2737197876,60844,60854,10
13.0242795944,80.2742080688,60854,60870,16
13.0249300003,80.2747573853,60870,60882,12
13.0253000259,80.2749099731,60882,60892,10
13.0254201889,80.2749633789,60892,60902,10
13.0255203247,80.2750167847,60902,60913,11
13.0258197784,80.275138855,60913,60923,10
13.0259399414,80.2751922607,60923,60932,9
13.026260376,80.2753372192,60932,61025,93
13.026260376,80.2753372192,61025,61035,10
13.0266399384,80.2754974365,61035,61156,121
13.0266399384,80.2754974365,61156,61166,10
13.0269403458,80.275642395,61166,61176,10
13.0270204544,80.275680542,61176,61186,10
13.0272102356,80.2757797241,61186,61226,40
13.0273704529,80.2759017944,61226,61327,101
13.0273704529,80.2759017944,61327,61337,10
13.0275201797,80.275932312,61337,61347,10
13.0277700424,80.2760391235,61347,61388,41
13.0277700424,80.2760391235,61388,61398,10
13.0283203125,80.276260376,61398,61428,30
13.0283203125,80.276260376,61428,61438,10
13.0285301208,80.2763519287,61438,61448,10
13.0286998749,80.2764129639,61448,61458,10
13.0291099548,80.2765426636,61458,61499,41
13.0291099548,80.2765426636,61499,61509,10
13.0293102264,80.2765808105,61509,61559,50
13.0293102264,80.2765808105,61559,61569,10
13.0295095444,80.2766723633,61569,61580,11
13.0298204422,80.2767562866,61580,61650,70
13.0298204422,80.2767562866,61650,61660,10
13.0301799774,80.2768783569,61660,61670,10
13.0302801132,80.2769317627,61670,61711,41
13.0302801132,80.2769317627,61711,61721,10
13.0306396484,80.2771224976,61721,61741,20
13.0307502747,80.2771987915,61741,61781,40
13.0307798386,80.2772827148,61781,61973,192
13.0307798386,80.2772827148,61973,61983,10
13.0311403275,80.2774810791,61983,62003,20
13.0312595367,80.2775421143,62003,62064,61
13.0312595367,80.2775421143,62064,62074,10
13.0316200256,80.2776184082,62074,62084,10
13.0317897797,80.2776184082,62084,62094,10
13.0318002701,80.2776184082,62094,62104,10
13.0319404602,80.2776184082,62104,62114,10
13.0324401855,80.2776031494,62114,62124,10
13.033080101,80.2775115967,62124,62215,91
13.033080101,80.2775115967,62215,62225,10
13.0333795547,80.2774429321,62225,62235,10
13.0337495804,80.2773971558,62235,62256,21
13.0339403152,80.2774200439,62256,62362,106
13.0342903137,80.2775726318,62362,62424,62
13.0342903137,80.2775726318,62424,62435,11
13.0345001221,80.277633667,62435,62445,10
13.0347099304,80.2776794434,62445,62465,20
13.0347099304,80.2776794434,62465,62476,11
13.0348901749,80.2777023315,62476,62486,10
13.0349597931,80.2777023315,62486,62496,10
13.0350999832,80.2777481079,62496,62526,30
13.0350999832,80.2777481079,62526,62536,10
13.0353002548,80.2777481079,62536,62546,10
13.0354700089,80.2777709961,62546,62556,10
13.035610199,80.2778167725,62556,62637,81
13.035610199,80.2778167725,62637,62647,10
13.0360603333,80.277923584,62647,62657,10
13.0362901688,80.277961731,62657,62677,20
13.0362901688,80.277961731,62677,62687,10
13.0365400314,80.2780227661,62687,62698,11
13.0367202759,80.2780914307,62698,62708,10
13.0367298126,80.2780990601,62708,62718,10
13.036860466,80.2781677246,62718,62728,10
13.0374002457,80.2783584595,62728,62738,10
13.037779808,80.2784500122,62738,62748,10
13.0378799438,80.2784805298,62748,62758,10
13.0381498337,80.2785263062,62758,62839,81
13.0385303497,80.2786483765,62839,62869,30
13.0385303497,80.2786483765,62869,62879,10
13.0389099121,80.2787322998,62879,62889,10
13.0389204025,80.2787399292,62889,62899,10
13.0389995575,80.2787704468,62899,62909,10
13.0393400192,80.2789230347,62909,62919,10
13.039349556,80.2789230347,62919,62930,11
13.0397596359,80.2790222168,62930,62940,10
13.0406303406,80.2792510986,62940,62950,10
13.0417604446,80.2794570923,62950,62960,10
13.0427703857,80.2795562744,62960,62970,10
13.0433301926,80.2796096802,62970,62979,9
13.0438699722,80.2798233032,62979,62991,12
13.044549942,80.2799682617,62991,63001,10
13.0452203751,80.280090332,63001,63011,10
13.0461502075,80.2801818848,63011,63031,20
13.0461502075,80.2801818848,63031,63042,11
13.0464601517,80.2802200317,63042,63052,10
13.04708004,80.2802963257,63052,63062,10
13.0478200912,80.2804107666,63062,63072,10
13.0485401154,80.2805175781,63072,63082,10
13.0492601395,80.2806472778,63082,63092,10
13.0500602722,80.2807617188,63092,63102,10
13.0507698059,80.2808609009,63102,63112,10
13.0510597229,80.2809066772,63112,63122,10
13.0515003204,80.2809829712,63122,63132,10
13.0522098541,80.2810821533,63132,63142,10
13.0530796051,80.281211853,63142,63153,11
13.0541496277,80.2813796997,63153,63163,10
13.0551595688,80.281578064,63163,63173,10
13.0565004349,80.2818374634,63173,63203,30
13.0565004349,80.2818374634,63203,63213,10
13.0568304062,80.2818984985,63213,63223,10
13.0575304031,80.2820587158,63223,63233,10
13.058380127,80.2822418213,63233,63243,10
13.0593004227,80.2824401855,63243,63253,10
13.060259819,80.2826385498,63253,63264,11
13.0612697601,80.2828521729,63264,63274,10
13.0621595383,80.2830276489,63274,63283,9
13.0631103516,80.2832336426,63283,63314,31
13.0631103516,80.2832336426,63314,63324,10
13.0633096695,80.2832717896,63324,63334,10
13.0638599396,80.2834014893,63334,63344,10
13.0645599365,80.2835617065,63344,63354,10
13.0653400421,80.2837371826,63354,63364,10
13.0662298203,80.2839431763,63364,63374,10
13.0676002502,80.2842025757,63374,63396,22
13.0676002502,80.2842025757,63396,63406,10
13.0677204132,80.2842330933,63406,63416,10
13.0680904388,80.2843170166,63416,63426,10
13.0686197281,80.2844390869,63426,63436,10
13.0693597794,80.2846069336,63436,63446,10
13.0701999664,80.2848434448,63446,63456,10
13.0709695816,80.2850418091,63456,63466,10
13.0721197128,80.2852783203,63466,63476,10
13.0733098984,80.2852401733,63476,63497,21
13.0733098984,80.2852401733,63497,63507,10
13.073559761,80.2852783203,63507,63517,10
13.0738601685,80.2854919434,63517,63527,10
13.0741195679,80.2858581543,63527,63537,10
13.0745401382,80.2862472534,63537,63547,10
13.0753097534,80.2867279053,63547,63557,10
13.0760602951,80.2870788574,63557,63567,10
13.0773897171,80.2874069214,63567,63577,10
13.078619957,80.287727356,63577,63587,10
13.0798797607,80.2881393433,63587,63608,21
13.0798797607,80.2881393433,63608,63618,10
13.0802001953,80.288192749,63618,63628,10
13.0807695389,80.2883071899,63628,63638,10
13.0808000565,80.2883224487,63638,63648,10
13.0810203552,80.2884368896,63648,63658,10
13.0816202164,80.2886428833,63658,63668,10
13.0824203491,80.2889633179,63668,63678,10
13.0833501816,80.2892532349,63678,63688,10
13.0842399597,80.2892227173,63688,63698,10
13.0851202011,80.2892074585,63698,63708,10
13.0860700607,80.2894134521,63708,63719,11
13.0871400833,80.2897186279,63719,63729,10
13.0879001617,80.2900238037,63729,63739,10
13.0884599686,80.2901763916,63739,63749,10
13.0887203217,80.2901382446,63749,63779,30
13.0887804031,80.2901687622,63779,63869,90
13.0887804031,80.2901687622,63869,63880,11
13.0888595581,80.2903823853,63880,63890,10
13.0886297226,80.2904510498,63890,63900,10
13.088139534,80.2901763916,63900,63910,10
13.087439537,80.2898788452,63910,63920,10
13.0866699219,80.2896499634,63920,63930,10
13.0859498978,80.2894821167,63930,63941,11
13.0855197906,80.2889785767,63941,63951,10
13.0852003098,80.2882766724,63951,63961,10
13.0851602554,80.2872619629,63961,63971,10
13.0852499008,80.2861785889,63971,63981,10
13.0853500366,80.2851333618,63981,63990,9
13.0852804184,80.2842788696,63990,64011,21
13.0852804184,80.2842788696,64011,64021,10
13.0853099823,80.2840805054,64021,64031,10
13.0854101181,80.2838821411,64031,64041,10
13.0854797363,80.2836608887,64041,64052,11
13.0856599808,80.2835769653,64052,64062,10
13.0860300064,80.2835998535,64062,64072,10
13.0863103867,80.2836380005,64072,64082,10
13.0868997574,80.2839813232,64082,64122,40
13.0868997574,80.2839813232,64122,64132,10
13.0871801376,80.2839813232,64132,64142,10
13.0874595642,80.2839736938,64142,64152,10
13.0878000259,80.283996582,64152,64163,11
13.0881204605,80.2838973999,64163,65464,1301
13.0881204605,80.2838973999,65464,65474,10
13.0881299973,80.2838363647,65474,65484,10
13.0881900787,80.2836532593,65484,65494,10
13.0883197784,80.2834320068,65494,65504,10
13.0883197784,80.2829208374,65504,65514,10
13.0882902145,80.2824478149,65514,65525,11
13.0881900787,80.2819213867,65525,65535,10
13.0880699158,80.2815628052,65535,65545,10
13.0881900787,80.2814788818,65545,65555,10
13.0884895325,80.2816009521,65555,65565,10
13.0885095596,80.2819366455,65565,65575,10
13.0884504318,80.282333374,65575,65585,10
13.0883903503,80.2826080322,65585,65595,10
13.0883197784,80.2830734253,65595,65605,10
13.0883398056,80.2835922241,65605,65615,10
13.0883703232,80.2841033936,65615,65625,10
13.0884103775,80.2847976685,65625,65646,21
13.0884103775,80.2847976685,65646,65656,10
13.0884304047,80.2849197388,65656,65666,10
13.0884504318,80.2851486206,65666,65676,10
13.0884504318,80.2854919434,65676,65686,10
13.0884799957,80.2858886719,65686,65696,10
13.0885000229,80.2864074707,65696,65706,10
13.08852005,80.2866287231,65706,65716,10
13.08852005,80.2870407104,65716,65726,10
13.08852005,80.2872924805,65726,65736,10
13.08852005,80.2874221802,65736,65747,11
13.0885400772,80.2876205444,65747,65757,10
13.0885696411,80.2879333496,65757,65767,10
13.0886297226,80.288482666,65767,65777,10
13.0886497498,80.2886886597,65777,65787,10
13.0886802673,80.2889633179,65787,65797,10
13.088760376,80.2895507813,65797,65817,20
13.088760376,80.2895507813,65817,65827,10
13.088760376,80.2898101807,65827,65837,10
13.0888004303,80.2901992798,65837,65847,10
13.0887298584,80.2905578613,65847,65858,11
13.0883197784,80.2903518677,65858,65868,10
13.0878295898,80.2901229858,65868,65878,10
13.087220192,80.2898330688,65878,65888,10
13.0862798691,80.2895126343,65888,65898,10
13.0852203369,80.2892608643,65898,65908,10
13.0842199326,80.2892608643,65908,65918,10
13.0832595825,80.2892837524,65918,65928,10
13.0824604034,80.2890167236,65928,65938,10
13.0815496445,80.2886962891,65938,65948,10
13.0806598663,80.2883987427,65948,65958,10
13.0802297592,80.2882766724,65958,65968,10
13.0802202225,80.2882766724,65968,65979,11
13.0800895691,80.2882537842,65979,65989,10
13.080039978,80.2882385254,65989,65999,10
13.0799398422,80.288230896,65999,66009,10
13.079460144,80.2881469727,66009,66019,10
13.0788202286,80.2878875732,66019,66029,10
13.0778598785,80.287612915,66029,66039,10
13.0768299103,80.2873306274,66039,66049,10
13.0759296417,80.2871017456,66049,66059,10
13.0751600266,80.2867202759,66059,66069,10
13.0744400024,80.2863006592,66069,66079,10
13.0733604431,80.2860565186,66079,66100,21
13.0733604431,80.2860565186,66100,66110,10
13.0731201172,80.2859191895,66110,66120,10
13.0726604462,80.2856369019,66120,66130,10
13.0720901489,80.2854385376,66130,66140,10
13.0717096329,80.2853164673,66140,66150,10
13.0714902878,80.2852706909,66150,66160,10
13.0711402893,80.2851867676,66160,66170,10
13.0705900192,80.2850494385,66170,66180,10
13.0701999664,80.2849578857,66180,66190,10
13.0700597763,80.2848968506,66190,66201,11
13.0697898865,80.2848434448,66201,66211,10
13.0695896149,80.2847976685,66211,66221,10
13.069270134,80.2847213745,66221,66231,10
13.0690603256,80.2846679688,66231,66241,10
13.0689001083,80.2846298218,66241,66251,10
13.0687198639,80.2845993042,66251,66261,10
13.0684604645,80.284538269,66261,66270,9
13.0682001114,80.2844772339,66270,66281,11
13.0677995682,80.2844161987,66281,66291,10
13.0671396255,80.2843093872,66291,66301,10
13.0662002563,80.2840881348,66301,66312,11
13.0652799606,80.2838973999,66312,66322,10
13.0649900436,80.283821106,66322,66332,10
13.0649700165,80.283821106,66332,66342,10
13.0648803711,80.2837905884,66342,66352,10
13.0646800995,80.2837600708,66352,66362,10
13.0645399094,80.2837219238,66362,66372,10
13.0644598007,80.2836990356,66372,66382,10
13.0642204285,80.2836380005,66382,66392,10
13.0640697479,80.2835922241,66392,66402,10
13.0635995865,80.2834396362,66402,66412,10
13.0631399155,80.2833328247,66412,66422,10
13.0626001358,80.2832107544,66422,66443,21
13.0626001358,80.2832107544,66443,66453,10
13.0623397827,80.2831497192,66453,66463,10
13.0619602203,80.2830581665,66463,66473,10
13.0615901947,80.2829589844,66473,66483,10
13.0612001419,80.2828826904,66483,66503,20
13.0612001419,80.2828826904,66503,66513,10
13.0610704422,80.2828369141,66513,66523,10
13.0607795715,80.2827835083,66523,66533,10
13.0602703094,80.2826766968,66533,66544,11
13.0595598221,80.2825317383,66544,66554,10
13.0588502884,80.2823867798,66554,66565,11
13.0584402084,80.2823181152,66565,66575,10
13.0581998825,80.2822723389,66575,66585,10
13.0581102371,80.2822494507,66585,66595,10
13.0579795837,80.2822265625,66595,66604,9
13.0579595566,80.2822189331,66604,66614,10
13.0577898026,80.2822036743,66614,66625,11
13.0573596954,80.2821121216,66625,66635,10
13.0566797256,80.2819595337,66635,66656,21
13.0566797256,80.2819595337,66656,66666,10
13.0563602448,80.2819137573,66666,66676,10
13.0559597015,80.2818222046,66676,66686,10
13.0553302765,80.2817001343,66686,66696,10
13.0545196533,80.281539917,66696,66706,10
13.0536003113,80.2813720703,66706,66716,10
13.0527601242,80.2812423706,66716,66726,10
13.0519104004,80.2811203003,66726,66736,10
13.0510797501,80.2809906006,66736,66746,10
13.050330162,80.2808837891,66746,66756,10
13.0495004654,80.2807617188,66756,66767,11
13.048500061,80.2806167603,66767,66777,10
13.0474996567,80.2804794312,66777,66787,10
13.0466604233,80.2803421021,66787,66797,10
13.0456600189,80.2802200317,66797,66817,20
13.0456600189,80.2802200317,66817,66833,16
13.0452604294,80.280166626,66833,66845,12
13.0445995331,80.2800674438,66845,66855,10
13.0442495346,80.2800292969,66855,66865,10
13.0441198349,80.2799987793,66865,66876,11
13.0437498093,80.2799377441,66876,66886,10
13.043129921,80.279800415,66886,66895,9
13.0423603058,80.2796173096,66895,66906,11
13.0413799286,80.2794570923,66906,66915,9
13.0407400131,80.2793502808,66915,66925,10
13.0401601791,80.2791824341,66925,66936,11
13.0396604538,80.2790298462,66936,66946,10
13.0395097733,80.278968811,66946,66956,10
13.0392503738,80.2789001465,66956,66966,10
13.0389900208,80.2788925171,66966,66986,20
13.0389900208,80.2788925171,66986,66997,11
13.0388202667,80.2788085938,66997,67007,10
13.0382995605,80.2786178589,67007,67017,10
13.0376901627,80.2784576416,67017,67027,10
13.037229538,80.2783432007,67027,67037,10
13.0368299484,80.2781982422,67037,67047,10
13.0364103317,80.2780609131,67047,67057,10
13.0358295441,80.2779083252,67057,67067,10
13.0352897644,80.2777862549,67067,67077,10
13.0347099304,80.2776870728,67077,67087,10
13.0340299606,80.2775115967,67087,67097,10
13.0334196091,80.2774429321,67097,67108,11
13.0328302383,80.2775115967,67108,67118,10
13.0322904587,80.2775421143,67118,67128,10
13.0316801071,80.2776184082,67128,67138,10
13.0311899185,80.2774810791,67138,67148,10
13.0309200287,80.2773284912,67148,67158,10
13.0308904648,80.2773284912,67158,67168,10
13.0307598114,80.2772598267,67168,67178,10
13.0305204391,80.2771224976,67178,67188,10
13.0300798416,80.2769165039,67188,67198,10
13.0298204422,80.2768173218,67198,67208,10
13.0294399261,80.2767410278,67208,67219,11
13.0287904739,80.276512146,67219,67229,10
13.0281295776,80.276260376,67229,67239,10
13.0274896622,80.2760009766,67239,67249,10
13.0268001556,80.275680542,67249,67259,10
13.0262403488,80.2754211426,67259,67289,30
13.0262403488,80.2754211426,67289,67299,10
13.0261602402,80.2753677368,67299,67309,10
13.0258903503,80.2752532959,67309,67319,10
13.0256996155,80.2751693726,67319,67336,17
13.0247898102,80.2747802734,67336,67348,12
13.0242004395,80.2742919922,67348,67358,10
13.0240602493,80.2741165161,67358,67367,9
13.023850441,80.2738037109,67367,67377,10
13.0235204697,80.2733612061,67377,67387,10
13.0231103897,80.2727890015,67387,67398,11
13.0225296021,80.2720184326,67398,67408,10
13.0220499039,80.2714004517,67408,67418,10
13.021490097,80.270690918,67418,67428,10
13.0208597183,80.2699737549,67428,67469,41
13.0208597183,80.2699737549,67469,67479,10
13.0206298828,80.2697601318,67479,67489,10
13.0203399658,80.2693405151,67489,67499,10
13.0199403763,80.2688369751,67499,67509,10
13.0194597244,80.2682418823,67509,67519,10
13.0189599991,80.2676391602,67519,67529,10
13.0186595917,80.2668991089,67529,67539,10
13.0186004639,80.266242981,67539,67549,10
13.0186595917,80.2658233643,67549,67560,11
13.0188503265,80.2651062012,67560,67570,10
13.0190496445,80.2643280029,67570,67580,10
13.018989563,80.2637176514,67580,67590,10
13.0189599991,80.2634277344,67590,67606,16
13.0188903809,80.2630081177,67606,67618,12
13.0188903809,80.262840271,67618,67628,10
13.0188503265,80.2623977661,67628,67638,10
13.0187902451,80.2619628906,67638,67648,10
13.0187196732,80.2616729736,67648,67658,10
13.018699646,80.2615127563,67658,67669,11
13.0186004639,80.2613296509,67669,67679,10
13.0183801651,80.261177063,67679,67689,10
13.0181303024,80.2610168457,67689,67699,10
13.017780304,80.2608032227,67699,67710,11
13.0173301697,80.2604980469,67710,67720,10
13.0170001984,80.2602767944,67720,67730,10
13.016579628,80.2600097656,67730,67740,10
13.0161104202,80.2597732544,67740,67760,20
13.0161104202,80.2597732544,67760,67770,10
13.0160303116,80.259727478,67770,67781,11
13.0157299042,80.2595901489,67781,67791,10
13.0152797699,80.2594604492,67791,67801,10
13.0147600174,80.2593917847,67801,67811,10
13.0142602921,80.2593994141,67811,67902,91
13.0142602921,80.2593994141,67902,67912,10
13.0140895844,80.2593994141,67912,67922,10
13.0136499405,80.2593917847,67922,67932,10
13.0130901337,80.2593536377,67932,67942,10
13.0124998093,80.2593307495,67942,67952,10
13.0118904114,80.2593078613,67952,67962,10
13.0112495422,80.2593002319,67962,67972,10
13.01060009,80.2593231201,67972,67982,10
13.0099201202,80.2593078613,67982,67992,10
13.0093803406,80.2592773438,67992,68003,11
13.0089197159,80.259262085,68003,68013,10
13.0086402893,80.259262085,68013,68023,10
13.0082397461,80.259262085,68023,68033,10
13.0077295303,80.2594299316,68033,68043,10
13.007399559,80.2592468262,68043,68053,10
13.0071001053,80.2585983276,68053,68073,20
13.0071001053,80.2585983276,68073,68083,10
13.0069599152,80.2583694458,68083,68093,10
13.0068397522,80.2581634521,68093,68103,10
13.0067195892,80.2579269409,68103,68114,11
13.0062303543,80.2576293945,68114,68124,10
13.0056800842,80.2574615479,68124,68134,10
13.0050401688,80.2573165894,68134,68144,10
13.0043897629,80.2571792603,68144,68154,10
13.0037403107,80.2570419312,68154,68164,10
13.0032501221,80.256942749,68164,68174,10
13.0028095245,80.2568588257,68174,68184,10
13.0023603439,80.2567825317,68184,68194,10
13.0020399094,80.2567214966,68194,68204,10
13.0016002655,80.2566833496,68204,68214,10
13.0009803772,80.2565994263,68214,68225,11
13.0001897812,80.256439209,68225,68235,10
12.9995603561,80.2563400269,68235,68275,40
12.9995603561,80.2563400269,68275,68285,10
12.9993600845,80.2562408447,68285,68295,10
12.9990301132,80.2561569214,68295,68305,10
12.9987001419,80.2561187744,68305,68315,10
12.9983596802,80.2561264038,68315,68356,41
12.9983596802,80.2561264038,68356,68366,10
12.9980201721,80.256072998,68366,68376,10
12.997759819,80.2560424805,68376,68386,10
12.9975595474,80.2560272217,68386,68396,10
12.9971599579,80.2559967041,68396,68406,10
12.9968595505,80.2559814453,68406,68416,10
12.996509552,80.2559967041,68416,68426,10
12.9961500168,80.2559890747,68426,68436,10
12.9958095551,80.2559814453,68436,68446,10
12.9954795837,80.2559967041,68446,68457,11
12.9949903488,80.2559814453,68457,68467,10
12.9946804047,80.2559967041,68467,68477,10
12.9942998886,80.2560424805,68477,68487,10
12.9937801361,80.2561035156,68487,68497,10
12.9931602478,80.256111145,68497,68507,10
12.9923496246,80.2561187744,68507,68517,10
12.9915895462,80.2560806274,68517,68527,10
12.9909696579,80.2561035156,68527,68537,10
12.99036026,80.2560577393,68537,68547,10
12.9896497726,80.2560577393,68547,68578,31
12.9896497726,80.2560577393,68578,68588,10
12.9893398285,80.2560577393,68588,68598,10
12.9891004562,80.2560577393,68598,68608,10
12.9889497757,80.2560501099,68608,68617,9
12.9886903763,80.2560119629,68617,68627,10
12.9885396957,80.2560195923,68627,68638,11
12.9883203506,80.2559967041,68638,68648,10
12.9880599976,80.2559509277,68648,68658,10
12.9875097275,80.255859375,68658,68668,10
12.9869403839,80.2557601929,68668,68679,11
12.986410141,80.2556762695,68679,68699,20
12.986410141,80.2556762695,68699,68709,10
12.986289978,80.255607605,68709,68719,10
12.986120224,80.2555770874,68719,68729,10
12.9858798981,80.2555236816,68729,68739,10
12.9856500626,80.2554702759,68739,68749,10
12.9851903915,80.2553482056,68749,68759,10
12.9846401215,80.2551879883,68759,68769,10
12.9843196869,80.2551422119,68769,68785,16
12.9835596085,80.2549591064,68785,68798,13
12.9829998016,80.2547836304,68798,68808,10
12.9825801849,80.2546386719,68808,68817,9
12.9822397232,80.2544937134,68817,68828,11
12.9821100235,80.2543563843,68828,68838,10
12.9819202423,80.2539672852,68838,68848,10
12.9818000793,80.2535018921,68848,68857,9
12.9815998077,80.2529373169,68857,68868,11
12.9809103012,80.2528381348,68868,68878,10
12.9803495407,80.2528610229,68878,68888,10
12.9800701141,80.2528610229,68888,68899,11
12.9797897339,80.2528305054,68899,68909,10
12.9793195724,80.2527694702,68909,68919,10
12.9784002304,80.2525634766,68919,68949,30
12.9784002304,80.2525634766,68949,68959,10
12.9782495499,80.2524414063,68959,68969,10
12.9778995514,80.2521362305,68969,68979,10
12.9773797989,80.251701355,68979,68989,10
12.9766798019,80.2513809204,68989,68999,10
12.9758701324,80.2511367798,68999,69009,10
12.9750204086,80.2508773804,69009,69020,11
12.9740400314,80.2506027222,69020,69030,10
12.9731197357,80.250328064,69030,69040,10
12.9721298218,80.2500762939,69040,69050,10
12.9711198807,80.2498092651,69050,69060,10
12.97012043,80.2494888306,69060,69070,10
12.9691295624,80.2490997314,69070,69080,10
12.9682798386,80.2487792969,69080,69090,10
12.9675598145,80.2484893799,69090,69100,10
12.9669799805,80.2482223511,69100,69110,10
12.9664802551,80.2479705811,69110,69120,10
12.9659204483,80.2477416992,69120,69131,11
12.9656095505,80.2476272583,69131,69151,20
12.9656095505,80.2476272583,69151,69161,10
12.9655199051,80.2475814819,69161,69171,10
12.9651498795,80.247467041,69171,69181,10
12.9645900726,80.247253418,69181,69191,10
12.96393013,80.2470016479,69191,69201,10
12.9635896683,80.246887207,69201,69211,10
12.9631204605,80.2466430664,69211,69221,10
12.9625101089,80.2463302612,69221,69231,10
12.9618797302,80.2460327148,69231,69242,11
12.9611597061,80.2456817627,69242,69251,9
12.9605798721,80.2454071045,69251,69262,11
12.9598503113,80.2450790405,69262,69272,10
12.9592599869,80.2448425293,69272,69282,10
12.9591197968,80.2447891235,69282,69292,10
12.9590196609,80.2447433472,69292,69302,10
12.9586601257,80.2445678711,69302,69312,10
12.9581804276,80.2443695068,69312,69322,10
12.9576396942,80.244140625,69322,69332,10
12.9569597244,80.2438964844,69332,69342,10
12.9564599991,80.2437133789,69342,69353,11
12.9563798904,80.2436904907,69353,69363,10
12.9560098648,80.2435379028,69363,69373,10
12.9554595947,80.243270874,69373,69383,10
12.9548196793,80.242980957,69383,69393,10
12.9541101456,80.24269104,69393,69403,10
12.9533700943,80.2423782349,69403,69413,10
12.9525995255,80.2420806885,69413,69423,10
12.9514398575,80.2416687012,69423,69443,20
12.9514398575,80.2416687012,69443,69453,10
12.9513502121,80.2416305542,69453,69464,11
12.9509601593,80.2414779663,69464,69474,10
12.9504804611,80.241317749,69474,69484,10
12.9500303268,80.2412185669,69484,69494,10
12.9495401382,80.2410736084,69494,69504,10
12.9490203857,80.2408981323,69504,69514,10
12.9484300613,80.2406387329,69514,69524,10
12.9477596283,80.2403717041,69524,69534,10
12.9471197128,80.2400970459,69534,69544,10
12.9466400146,80.2399520874,69544,69564,20
12.9466400146,80.2399520874,69564,69575,11
12.9464797974,80.2398605347,69575,69585,10
12.9461202621,80.2396774292,69585,69595,10
12.9456501007,80.2394714355,69595,69605,10
12.9450702667,80.2390823364,69605,69615,10
12.9445295334,80.2385177612,69615,69625,10
12.9439496994,80.2378921509,69625,69635,10
12.943400383,80.2372817993,69635,69645,10
12.9427099228,80.2367477417,69645,69655,10
12.9418497086,80.2364425659,69655,69665,10
12.941069603,80.2362518311,69665,69675,10
12.9403800964,80.2360992432,69675,69696,21
12.9403800964,80.2360992432,69696,69706,10
12.9402303696,80.2360534668,69706,69716,10
12.9398899078,80.2359313965,69716,69726,10
12.9394197464,80.2357177734,69726,69736,10
12.9387702942,80.2353897095,69736,69746,10
12.9380397797,80.2350311279,69746,69756,10
12.9372501373,80.2346420288,69756,69766,10
12.9365797043,80.2343292236,69766,69776,10
12.936050415,80.2340774536,69776,69786,10
12.9358901978,80.2340087891,69786,69796,10
12.9355697632,80.2342605591,69796,69817,21
12.9355697632,80.2342605591,69817,69827,10
12.9354896545,80.2344665527,69827,69837,10
12.9353399277,80.2348632813,69837,69847,10
12.9351596832,80.2353210449,69847,69857,10
12.9350500107,80.2355270386,69857,69867,10
12.9348201752,80.235458374,69867,69877,10
12.9343996048,80.2352905273,69877,69887,10
12.9339895248,80.2350997925,69887,69897,10
12.9338197708,80.2352523804,69897,69907,10
12.9336795807,80.235710144,69907,69918,11
12.9334897995,80.2362518311,69918,69928,10
12.9332399368,80.2362213135,69928,69938,10
12.9329500198,80.2362365723,69938,69948,10
12.9329395294,80.2362594604,69948,69958,10
12.9328899384,80.236541748,69958,69968,10
12.9327802658,80.2370223999,69968,69978,10
12.9326400757,80.2373504639,69978,69988,10
12.9325199127,80.237701416,69988,69998,10
12.9324302673,80.237953186,69998,70008,10
12.9323797226,80.2380981445,70008,70018,10
12.9322500229,80.2384414673,70018,70029,11
12.9321203232,80.2387084961,70029,70039,10
12.9316701889,80.2387390137,70039,70049,10
12.9312696457,80.2386169434,70049,70109,60
12.9312696457,80.2386169434,70109,70119,10
12.9310102463,80.23853302,70119,70129,10
12.9305496216,80.2383804321,70129,70139,10
12.9299602509,80.2381591797,70139,70150,11
12.9294900894,80.2381515503,70150,70160,10
12.9294204712,80.2384567261,70160,70170,10
12.9292802811,80.2389297485,70170,70180,10
12.9291496277,80.239112854,70180,70190,10
12.9284200668,80.2389297485,70190,70261,71
12.9284200668,80.2389297485,70261,70271,10
12.9282503128,80.238861084,70271,70281,10
12.927980423,80.238822937,70281,70291,10
12.9275197983,80.2387008667,70291,70301,10
12.9270200729,80.2385787964,70301,70311,10
12.9265298843,80.2384490967,70311,70321,10
12.9256696701,80.238243103,70321,70351,30
12.9256696701,80.238243103,70351,70361,10
12.9255304337,80.2381973267,70361,70372,11
12.9255399704,80.2383880615,70372,70674,302
12.9255399704,80.2383880615,70674,70684,10
12.9256601334,80.2383804321,70684,70694,10
12.9258899689,80.2383117676,70694,70705,11
12.9263896942,80.2384414673,70705,70715,10
12.926659584,80.2385101318,70715,70725,10
12.9268798828,80.2385787964,70725,70735,10
12.9271297455,80.2386398315,70735,70745,10
12.9274597168,80.2387237549,70745,70755,10
12.9281597137,80.2388687134,70755,70775,20
12.9281597137,80.2388687134,70775,70785,10
12.9282302856,80.2388916016,70785,70795,10
12.9285202026,80.2389602661,70795,70805,10
12.9289302826,80.2390594482,70805,70816,11
12.9292802811,80.2390365601,70816,70826,10
12.9293498993,80.2388076782,70826,70836,10
12.9294500351,80.2384033203,70836,70846,10
12.9295301437,80.2381362915,70846,70856,10
12.9296398163,80.23802948,70856,70866,10
12.9300003052,80.2381362915,70866,70876,10
12.9304800034,80.2383422852,70876,70886,10
12.931019783,80.2385177612,70886,70896,10
12.9310798645,80.2385482788,70896,70906,10
12.9311599731,80.2385864258,70906,70916,10
12.9313802719,80.2386627197,70916,70926,10
12.9317903519,80.2388000488,70926,70937,11
12.9321804047,80.2386474609,70937,70947,10
12.9322395325,80.2384185791,70947,70957,10
12.9323596954,80.238067627,70957,70967,10
12.9325399399,80.2376174927,70967,70977,10
12.9326400757,80.2373275757,70977,70987,10
12.9327402115,80.2370834351,70987,70997,10
12.9328603745,80.236618042,70997,71007,10
12.9329204559,80.2362976074,71007,71017,10
12.9330797195,80.2361984253,71017,71027,10
12.9331798553,80.2362213135,71027,71037,10
12.9333095551,80.2362365723,71037,71048,11
12.9335203171,80.2362518311,71048,71058,10
12.9335803986,80.2359619141,71058,71068,10
12.933719635,80.2354812622,71068,71078,10
12.9338903427,80.2350616455,71078,71088,10
12.9341402054,80.2351608276,71088,71098,10
12.9346199036,80.2353591919,71098,71108,10
12.9349498749,80.2355194092,71108,71118,10
12.9351196289,80.2353820801,71118,71128,10
12.935210228,80.2350997925,71128,71138,10
12.9354000092,80.2346191406,71138,71148,10
12.9357099533,80.2339401245,71148,71199,51
12.9357099533,80.2339401245,71199,71209,10
12.9358100891,80.2338027954,71209,71219,10
12.9360704422,80.2339019775,71219,71229,10
12.9365100861,80.23412323,71229,71239,10
12.937210083,80.2344589233,71239,71249,10
12.9380397797,80.23487854,71249,71259,10
12.9388599396,80.2352905273,71259,71270,11
12.9394598007,80.2355880737,71270,71300,30
12.9394598007,80.2355880737,71300,71310,10
12.939620018,80.2356796265,71310,71320,10
12.9400501251,80.2358474731,71320,71330,10
12.9406099319,80.2360229492,71330,71340,10
12.9412403107,80.2361831665,71340,71350,10
12.9419298172,80.2363433838,71350,71360,10
12.9426403046,80.2365875244,71360,71370,10
12.9433097839,80.2370529175,71370,71381,11
12.9439296722,80.2377090454,71381,71391,10
12.9445199966,80.2383728027,71391,71400,9
12.9450798035,80.2389602661,71400,71411,11
12.9457998276,80.2394485474,71411,71421,10
12.946559906,80.2397613525,71421,71431,10
12.9469099045,80.2398986816,71431,71441,10
12.9469299316,80.239906311,71441,71451,10
12.9469995499,80.2399520874,71451,71461,10
12.9473400116,80.2400817871,71461,71471,10
12.947810173,80.2402801514,71471,71481,10
12.9484796524,80.2405319214,71481,71512,31
12.9484796524,80.2405319214,71512,71522,10
12.9487400055,80.2406387329,71522,71532,10
12.9491701126,80.2408065796,71532,71542,10
12.9497203827,80.2409973145,71542,71552,10
12.9503202438,80.2411804199,71552,71562,10
12.950750351,80.2413101196,71562,71572,10
12.9510602951,80.2414016724,71572,71582,10
12.9510698318,80.2414016724,71582,71592,10
12.9511804581,80.2414398193,71592,71602,10
12.9515695572,80.2416000366,71602,71613,11
12.9522304535,80.2418670654,71613,71623,10
12.9529600143,80.2421569824,71623,71633,10
12.9536800385,80.24243927,71633,71643,10
12.9543504715,80.2427215576,71643,71659,16
12.9553203583,80.2430801392,71659,71671,12
12.9559602737,80.2432403564,71671,71681,10
12.9563798904,80.2433776855,71681,71691,10
12.9565000534,80.2434234619,71691,71701,10
12.9569301605,80.2436599731,71701,71711,10
12.9575796127,80.2439727783,71711,71721,10
12.9581804276,80.2442169189,71721,71732,11
12.9587602615,80.2444610596,71732,71742,10
12.9587802887,80.244468689,71742,71751,9
12.9589395523,80.2445831299,71751,71762,11
12.9594202042,80.2448196411,71762,71772,10
12.960100174,80.2451095581,71772,71782,10
12.9608802795,80.2454605103,71782,71792,10
12.9617099762,80.2458572388,71792,71802,10
12.9624795914,80.2462463379,71802,71812,10
12.9630298615,80.2465209961,71812,71833,21
12.9630298615,80.2465209961,71833,71843,10
12.963139534,80.2465820313,71843,71853,10
12.9635295868,80.2467727661,71853,71863,10
12.9642000198,80.2470321655,71863,71873,10
12.9650497437,80.2473373413,71873,71883,10
12.9658699036,80.2476501465,71883,71893,10
12.9666404724,80.2479400635,71893,71913,20
12.9666404724,80.2479400635,71913,71923,10
12.9667396545,80.2480316162,71923,71933,10
12.967040062,80.2481994629,71933,71944,11
12.9676799774,80.2484817505,71944,71954,10
12.9684696198,80.2488098145,71954,71964,10
12.9693202972,80.2491378784,71964,71974,10
12.9701900482,80.2494812012,71974,71984,10
12.9710903168,80.2497787476,71984,71994,10
12.9720096588,80.2500076294,71994,72004,10
12.972869873,80.2501831055,72004,72034,30
12.972869873,80.2501831055,72034,72044,10
12.9729299545,80.2501907349,72044,72055,11
12.9732198715,80.2502975464,72055,72065,10
12.9736499786,80.2503967285,72065,72075,10
12.9742603302,80.2505722046,72075,72085,10
12.9750003815,80.2507781982,72085,72095,10
12.9758195877,80.2510223389,72095,72105,10
12.9767198563,80.2512893677,72105,72115,10
12.9776000977,80.2517318726,72115,72131,16
12.9785203934,80.2524108887,72131,72153,22
12.9785203934,80.2524108887,72153,72163,10
12.9787597656,80.252532959,72163,72174,11
12.9792098999,80.2526397705,72174,72182,8
12.9794397354,80.2526626587,72182,72196,14
12.9801301956,80.2527236938,72196,72206,10
12.9806995392,80.2527236938,72206,72216,10
12.9814796448,80.2526931763,72216,72226,10
12.9823904037,80.2526626587,72226,72236,10
12.9832000732,80.2525787354,72236,72246,10
12.9835500717,80.2525024414,72246,72289,43
12.9835500717,80.2525024414,72289,72302,13
12.9841003418,80.2523574829,72302,72312,10
12.9847698212,80.2521820068,72312,72322,10
12.9853401184,80.2520294189,72322,72332,10
12.9857597351,80.2519226074,72332,72342,10
12.9862604141,80.2517929077,72342,72352,10
12.9866399765,80.2516937256,72352,72362,10
12.9870595932,80.2515716553,72362,72372,10
12.9874601364,80.2514419556,72372,72382,10
12.9876003265,80.2514038086,72382,72393,11
12.9878101349,80.2514572144,72393,72403,10
12.9878396988,80.2514877319,72403,72413,10
12.9878702164,80.251663208,72413,72423,10
12.9879302979,80.251991272,72423,72431,8
12.9879703522,80.2522583008,72431,72443,12
12.9878997803,80.2529067993,72443,72453,10
12.987830162,80.2537078857,72453,72463,10
12.9877796173,80.2546386719,72463,72534,71
12.9877796173,80.2546386719,72534,72544,10
12.9877195358,80.2549285889,72544,72554,10
12.9876899719,80.2553024292,72554,72564,10
12.9876499176,80.2556686401,72564,72574,10
12.9878101349,80.255859375,72574,72584,10
12.9882001877,80.2558898926,72584,72594,10
12.9883298874,80.2558898926,72594,72604,10
12.9883899689,80.2559127808,72604,72614,10
12.9887399673,80.2559509277,72614,72625,11
12.9894104004,80.2560195923,72625,72635,10
12.9900798798,80.2560424805,72635,72645,10
12.9904003143,80.2560424805,72645,72655,10
12.9905004501,80.2560424805,72655,72665,10
12.9908800125,80.2560501099,72665,72675,10
12.9913597107,80.256072998,72675,72685,10
12.9921998978,80.2561035156,72685,72695,10
12.9930400848,80.2560424805,72695,72705,10
12.9936599731,80.2559890747,72705,72715,10
12.9942798615,80.2559814453,72715,72725,10
12.9951000214,80.2559204102,72725,72776,51
12.9951000214,80.2559204102,72776,72786,10
12.9952201843,80.255859375,72786,72796,10
12.9956197739,80.2558670044,72796,72806,10
12.9961395264,80.2558670044,72806,72816,10
12.9965896606,80.255859375,72816,72826,10
12.996919632,80.2558898926,72826,72836,10
12.9972200394,80.2558898926,72836,72847,11
12.9975099564,80.2559204102,72847,72857,10
12.9977798462,80.2559432983,72857,72867,10
12.9983196259,80.2559967041,72867,72897,30
12.9983196259,80.2559967041,72897,72907,10
12.9986600876,80.2560501099,72907,72917,10
12.9989099503,80.2560882568,72917,72927,10
12.9991502762,80.256149292,72927,72937,10
12.9996500015,80.2562789917,72937,72947,10
13.0001602173,80.2563781738,72947,72958,11
13.0008001328,80.2564697266,72958,72968,10
13.0013198853,80.2565917969,72968,72978,10
13.0017700195,80.2566680908,72978,72988,10
13.0023002625,80.2567596436,72988,72998,10
13.0028896332,80.2568664551,72998,73008,10
13.0034399033,80.2569732666,73008,73018,10
13.0038700104,80.2570495605,73018,73028,10
13.00440979,80.2571334839,73028,73038,10
13.0050697327,80.257270813,73038,73048,10
13.0061702728,80.2574462891,73048,73089,41
13.0061702728,80.2574462891,73089,73099,10
13.0063199997,80.2574462891,73099,73129,30
13.0063199997,80.2574462891,73129,73139,10
13.0064096451,80.2574615479,73139,73149,10
13.0066995621,80.2575683594,73149,73159,10
13.006939888,80.258102417,73159,73175,16
13.007809639,80.2587738037,73175,73188,13
13.0085000992,80.2590332031,73188,73198,10
13.0086202621,80.2590866089,73198,73208,10
13.0090904236,80.2591400146,73208,73218,10
13.0099000931,80.2591400146,73218,73228,10
13.010890007,80.2591400146,73228,73238,10
13.0119199753,80.2591400146,73238,73248,10
13.0130195618,80.2591934204,73248,73258,10
13.0141401291,80.2592315674,73258,73268,10
13.0151700974,80.2592926025,73268,73278,10
13.0159196854,80.2594985962,73278,73288,10
13.0162401199,80.2596588135,73288,73299,11
13.0162801743,80.2596893311,73299,73309,10
13.0163402557,80.2597503662,73309,73319,10
13.0166902542,80.2599868774,73319,73329,10
13.0172395706,80.2603530884,73329,73339,10
13.0178203583,80.2607498169,73339,73349,10
13.0184001923,80.2611618042,73349,73359,10
13.0188999176,80.2615814209,73359,73369,10
13.0193195343,80.2619476318,73369,73379,10
13.0198097229,80.2624435425,73379,73389,10
13.0201997757,80.2629394531,73389,73399,10
13.0199098587,80.2630081177,73399,73410,11
13.0193099976,80.2630004883,73410,73426,16
13.0189599991,80.2634277344,73426,73438,12
13.0190200806,80.2643432617,73438,73447,9
13.0188398361,80.2650299072,73447,73459,12
13.0186901093,80.2655563354,73459,73469,10
13.0185804367,80.266166687,73469,73479,10
13.0186796188,80.266998291,73479,73489,10
13.0190601349,80.2677001953,73489,73499,10
13.0195503235,80.2682876587,73499,73509,10
13.0201396942,80.26902771,73509,73520,11
13.0206804276,80.2696762085,73520,73530,10
13.0210599899,80.270149231,73530,73540,10
13.0215597153,80.2707519531,73540,73550,10
13.0220003128,80.2712783813,73550,73560,10
13.0222396851,80.2715988159,73560,73570,10
13.0227499008,80.2722930908,73570,73580,10
13.0232400894,80.2729797363,73580,73600,20
13.0232400894,80.2729797363,73600,73610,10
13.0233602524,80.2731323242,73610,73620,10
13.0237998962,80.2737197876,73620,73691,71
13.0237998962,80.2737197876,73691,73701,10
13.0239200592,80.2738876343,73701,73711,10
13.0242099762,80.2742767334,73711,73721,10
13.024720192,80.2747116089,73721,73731,10
13.0252895355,80.2749404907,73731,73741,10
13.0253896713,80.2749786377,73741,73752,11
13.0256299973,80.2750930786,73752,73762,10
13.0257396698,80.275138855,73762,73772,10
13.0257997513,80.2751693726,73772,73782,10
13.0261297226,80.2753295898,73782,73792,10
13.0265598297,80.2755432129,73792,73802,10
13.0271100998,80.2758026123,73802,73812,10
13.0275297165,80.2760009766,73812,73822,10
13.0278396606,80.2761306763,73822,73832,10
13.0281095505,80.2762298584,73832,73842,10
13.0283603668,80.2763290405,73842,73852,10
13.0284700394,80.2763671875,73852,73863,11
13.028840065,80.2765197754,73863,73873,10
13.0290203094,80.2765731812,73873,73883,10
13.0292396545,80.2766418457,73883,73893,10
13.0293703079,80.2766799927,73893,73903,10
13.0296497345,80.2767181396,73903,73923,20
13.0296497345,80.2767181396,73923,73933,10
13.0299196243,80.276802063,73933,73943,10
13.0299501419,80.2768173218,73943,73953,10
13.0302400589,80.2769470215,73953,73963,10
13.0308704376,80.2772979736,73963,73984,21
13.0308704376,80.2772979736,73984,74000,16
13.0311403275,80.2774734497,74000,74012,12
13.0315504074,80.2776031494,74012,74032,20
13.0315504074,80.2776031494,74032,74042,10
13.0317897797,80.2776107788,74042,74082,40
13.0317897797,80.2776107788,74082,74093,11
13.0320997238,80.2776031494,74093,74132,39
13.0320997238,80.2776031494,74132,74143,11
13.0326004028,80.2775115967,74143,74153,10
13.0328702927,80.2774810791,74153,74173,20
13.0328702927,80.2774810791,74173,74183,10
13.0331401825,80.2774734497,74183,74194,11
13.0334100723,80.277381897,74194,74204,10
13.0336399078,80.2773971558,74204,74214,10
13.0338497162,80.2774505615,74214,74224,10
13.0341396332,80.2775421143,74224,74234,10
13.0344104767,80.2776184082,74234,74244,10
13.0347604752,80.2776565552,74244,74254,10
13.035030365,80.2777175903,74254,74264,10
13.0351600647,80.2777633667,74264,74274,10
13.0354604721,80.2778167725,74274,74284,10
13.035900116,80.2779083252,74284,74294,10
13.0364198685,80.2780227661,74294,74304,10
13.0368499756,80.278213501,74304,74321,17
13.0374898911,80.2783966064,74321,74333,12
13.0382204056,80.2785873413,74333,74343,10
13.0388002396,80.2787322998,74343,74353,10
13.038860321,80.2787475586,74353,74363,10
13.0390996933,80.2788467407,74363,74373,10
13.0394601822,80.2789611816,74373,74383,10
13.0402803421,80.2791976929,74383,74392,9
13.0410699844,80.2793884277,74392,74404,12
13.04226017,80.279548645,74404,74414,10
13.0429601669,80.279586792,74414,74425,11
13.0435400009,80.2797698975,74425,74434,9
13.0440797806,80.2799224854,74434,74445,11
13.0448999405,80.2800521851,74445,74455,10
13.0455904007,80.2801437378,74455,74465,10
13.0457000732,80.2801513672,74465,74475,10
13.0459604263,80.2801895142,74475,74484,9
13.0464200974,80.2802581787,74484,74495,11
13.0470600128,80.2803573608,74495,74505,10
13.0478401184,80.2804794312,74505,74515,10
13.0486803055,80.2805862427,74515,74525,10
13.0495500565,80.2807235718,74525,74536,11
13.0502796173,80.2808227539,74536,74546,10
13.0504999161,80.2808609009,74546,74556,10
13.0509595871,80.2809371948,74556,74566,10
13.0516901016,80.281036377,74566,74576,10
13.0525598526,80.2811813354,74576,74586,10
13.0534696579,80.2813110352,74586,74596,10
13.0544099808,80.2814788818,74596,74606,10
13.0552797318,80.2816467285,74606,74616,10
13.0560102463,80.2817764282,74616,74626,10
13.0564203262,80.2818527222,74626,74636,10
13.056429863,80.2818527222,74636,74647,11
13.0567502975,80.2819213867,74647,74657,10
13.0570497513,80.2819671631,74657,74667,10
13.0571203232,80.2819900513,74667,74677,10
13.0574703217,80.2820587158,74677,74687,10
13.0580301285,80.2821807861,74687,74697,10
13.0587701797,80.282333374,74697,74707,10
13.0595598221,80.2825012207,74707,74717,10
13.0603904724,80.2826690674,74717,74727,10
13.0610904694,80.2828063965,74727,74737,10
13.0616197586,80.2829437256,74737,74747,10
13.06208992,80.2830276489,74747,74758,11
13.0628404617,80.2831878662,74758,74768,10
13.0630998611,80.283241272,74768,74778,10
13.0632600784,80.2832794189,74778,74788,10
13.0637702942,80.2833786011,74788,74804,16
13.0638999939,80.2834014893,74804,74816,12
13.0639801025,80.283416748,74816,74826,10
13.0644598007,80.2835617065,74826,74836,10
13.0652799606,80.2837524414,74836,74846,10
13.0664196014,80.2840118408,74846,74856,10
13.0673999786,80.2842178345,74856,74866,10
13.0683403015,80.2843933105,74866,74877,11
13.0694303513,80.28465271,74877,74887,10
13.0705299377,80.2849273682,74887,74897,10
13.0716600418,80.2852096558,74897,74907,10
13.0726499557,80.2853088379,74907,74917,10
13.0736103058,80.2853164673,74917,74935,18
13.0736103058,80.2853164673,74935,74947,12
13.0737199783,80.2853775024,74947,74957,10
13.0739002228,80.2856063843,74957,74967,10
13.0740203857,80.2857589722,74967,74977,10
13.0743598938,80.2861404419,74977,74988,11
13.074930191,80.2865219116,74988,74998,10
13.0752696991,80.2867584229,74998,75007,9
13.0756101608,80.2869415283,75007,75018,11
13.0762796402,80.2871627808,75018,75028,10
13.0772199631,80.287399292,75028,75038,10
13.0782003403,80.287651062,75038,75048,10
13.079079628,80.2879486084,75048,75058,10
13.0796298981,80.2881317139,75058,75068,10
13.0797996521,80.2881469727,75068,75078,10
13.0801801682,80.2882232666,75078,75088,10
13.0804595947,80.2882766724,75088,75099,11
13.0808200836,80.2883987427,75099,75109,10
13.0814504623,80.2886199951,75109,75119,10
13.0820798874,80.2888031006,75119,75129,10
13.08273983,80.2891387939,75129,75139,10
13.0835695267,80.2892379761,75139,75149,10
13.0844202042,80.2892227173,75149,75159,10
13.085269928,80.2892074585,75159,75169,10
13.0862903595,80.2894363403,75169,75179,10
13.0871801376,80.2897186279,75179,75189,10
13.0879402161,80.2900466919,75189,75199,10
13.0885696411,80.2901687622,75199,75210,11
13.088640213,80.2901687622,75210,75220,10
13.0887804031,80.2902069092,75220,75280,60
13.0887804031,80.2902069092,75280,75290,10
13.0888004303,80.2905502319,75290,75300,10
13.0883598328,80.2903289795,75300,75310,10
13.0877599716,80.2900390625,75310,75321,11
13.0871095657,80.2898178101,75321,75331,10
13.086520195,80.2896499634,75331,75341,10
13.0859603882,80.2895126343,75341,75351,10
13.0855503082,80.2891311646,75351,75361,10
13.0852003098,80.2885437012,75361,75371,10
13.0850801468,80.2879180908,75371,75381,10
13.0851402283,80.2867202759,75381,75391,10
13.0852203369,80.2857589722,75391,75401,10
13.0852804184,80.2849197388,75401,75411,10
13.085149765,80.2842407227,75411,75421,10
13.0853300095,80.2838821411,75421,75432,11
13.0853996277,80.2836990356,75432,75442,10
13.0855903625,80.2835769653,75442,75452,10
13.0858297348,80.2835769653,75452,75462,10
13.0861501694,80.2835998535,75462,75472,10
13.0865602493,80.2839279175,75472,75542,70
13.0865602493,80.2839279175,75542,75559,17
13.0869703293,80.2840194702,75559,75571,12
13.0873003006,80.283996582,75571,75581,10
13.087849617,80.283996582,75581,75641,60
13.087849617,80.283996582,75641,75651,10
13.088060379,80.283821106,75651,75662,11
13.0880804062,80.2837600708,75662,75672,10
13.0881795883,80.2835998535,75672,75682,10
13.0882396698,80.2834701538,75682,75692,10
13.0882396698,80.2832794189,75692,75702,10
13.0882396698,80.2830581665,75702,75712,10
13.0882396698,80.2828826904,75712,75722,10
13.0882301331,80.2827835083,75722,75732,10
13.0882396698,80.2825698853,75732,75742,10
13.0882196426,80.2822723389,75742,75752,10
13.0881099701,80.2818374634,75752,75762,10
13.0878400803,80.28150177,75762,75773,11
13.0873098373,80.2813568115,75773,75783,10
13.0868501663,80.2812194824,75783,75793,10
13.0865898132,80.2811431885,75793,75803,10
13.0861501694,80.2810134888,75803,75813,10
13.0857000351,80.2807998657,75813,75823,10
13.085559845,80.2803268433,75823,75833,10
13.0854196548,80.279838562,75833,75843,10
13.0850000381,80.2794494629,75843,75853,10
13.0844402313,80.279258728,75853,75863,10
13.0839700699,80.2791976929,75863,75873,10
13.0835199356,80.279083252,75873,75884,11
13.0828695297,80.2788009644,75884,75894,10
13.0823297501,80.2785873413,75894,75930,36
13.0823297501,80.2785873413,75930,75942,12
13.0822696686,80.2785873413,75942,75952,10
13.081990242,80.2784423828,75952,75960,8
13.0818595886,80.2781829834,75960,75972,12
13.0817804337,80.2775115967,75972,75982,10
13.0817203522,80.2768478394,75982,75992,10
13.0815496445,80.2760696411,75992,76023,31
13.0815496445,80.2760696411,76023,76033,10
13.0814695358,80.2757720947,76033,76043,10
13.081410408,80.2754135132,76043,76053,10
13.0811395645,80.2752304077,76053,76061,8
13.0806798935,80.2752685547,76061,76072,11
13.0799798965,80.2753372192,76072,76082,10
13.079460144,80.2753372192,76082,76093,11
13.0787601471,80.2752075195,76093,76103,10
13.0782003403,80.2756118774,76103,76114,11
13.0777301788,80.276260376,76114,76124,10
13.0769195557,80.2762908936,76124,76134,10
13.0758800507,80.2763366699,76134,76154,20
13.0758800507,80.2763366699,76154,76164,10
13.0758199692,80.2760314941,76164,76174,10
13.0760002136,80.2755432129,76174,76225,51
13.0760002136,80.2755432129,76225,76235,10
13.0758495331,80.2751083374,76235,76245,10
13.0753602982,80.2749176025,76245,76255,10
13.0750398636,80.275062561,76255,76265,10
