12.9985599518,80.2571487427,275,700,425
12.9984998703,80.257270813,700,1204,504
12.9986000061,80.2572097778,1204,1719,515
12.9986000061,80.2572097778,1719,2136,417
12.9985303879,80.2572097778,2136,2247,111
12.9985799789,80.2571487427,2247,3815,1568
12.9985799789,80.2571487427,3815,4931,1116
12.9985103607,80.2571563721,4931,5427,496
12.9985103607,80.2571563721,5427,6272,845
12.9985303879,80.2570800781,6272,6333,61
12.9985399246,80.2570495605,6333,6363,30
12.9986400604,80.2570571899,6363,6400,37
12.9985399246,80.2571334839,6400,28471,22071
12.9985399246,80.2571334839,28471,28481,10
12.8850603104,80.2266998291,28481,28491,10
12.8850898743,80.2265701294,28491,28499,8
12.8853502274,80.2268218994,28499,28511,12
12.8855800629,80.2267303467,28511,28521,10
12.8861198425,80.2268676758,28521,28530,9
12.8867702484,80.2270507813,28530,28541,11
12.8879003525,80.2272491455,28541,28551,10
12.8886899948,80.2272567749,28551,28561,10
12.8888301849,80.2272415161,28561,28572,11
12.8894300461,80.2272033691,28572,28582,10
12.8902702332,80.2272109985,28582,28592,10
12.8912496567,80.2272109985,28592,28602,10
12.8922796249,80.2272491455,28602,28612,10
12.8933000565,80.2273788452,28612,28622,10
12.8942499161,80.2274780273,28622,28632,10
12.8942804337,80.2275009155,28632,28642,10
12.8944797516,80.2274780273,28642,28652,10
12.895070076,80.2275009155,28652,28663,11
12.8959703445,80.2275238037,28663,28673,10
12.8969697952,80.2276000977,28673,28683,10
12.898150444,80.2276916504,28683,28692,9
12.8992395401,80.2277526855,28692,28703,11
12.9002504349,80.2277984619,28703,28713,10
12.9003896713,80.2277984619,28713,28723,10
12.9006204605,80.2278289795,28723,28733,10
12.9011096954,80.2278823853,28733,28743,10
12.9014902115,80.2279281616,28743,28752,9
12.902009964,80.2279129028,28752,28763,11
12.902589798,80.2279281616,28763,28784,21
12.902589798,80.2279281616,28784,28794,10
12.9027500153,80.2279586792,28794,28804,10
12.9031095505,80.2280426025,28804,28814,10
12.9039402008,80.2280578613,28814,28824,10
12.9048595428,80.2280883789,28824,28834,10
12.9057502747,80.2281036377,28834,28844,10
12.9064798355,80.2281494141,28844,28865,21
12.9069404602,80.2281799316,28865,28877,12
12.9069595337,80.2282180786,28877,28885,8
12.9071998596,80.2282485962,28885,28896,11
12.9078397751,80.2283172607,28896,28908,12
12.9088497162,80.228477478,28908,28918,10
12.910030365,80.2286834717,28918,28927,9
12.9110002518,80.2288894653,28927,28938,11
12.9125204086,80.2290725708,28938,28948,10
12.9138803482,80.2292327881,28948,28968,20
12.9138803482,80.2292327881,28968,28978,10
12.9140996933,80.2292022705,28978,28988,10
12.9144897461,80.2292480469,28988,28999,11
12.9155101776,80.2294082642,28999,29009,10
12.9163799286,80.2295379639,29009,29019,10
12.9174804688,80.2296981812,29019,29029,10
12.9185400009,80.2299423218,29029,29039,10
12.9191799164,80.2299499512,29039,29049,10
12.9193096161,80.2299499512,29049,29059,10
12.9194297791,80.2299423218,29059,29069,10
12.9197397232,80.2300186157,29069,29079,10
12.9204998016,80.2300872803,29079,29089,10
12.9213199615,80.2302627563,29089,29099,10
12.9224596024,80.2304000854,29099,29110,11
12.923789978,80.2305984497,29110,29120,10
12.9250402451,80.230758667,29120,29130,10
12.9260797501,80.2308502197,29130,29140,10
12.9264602661,80.2308807373,29140,29150,10
12.9262104034,80.2309494019,29150,29160,10
12.9265298843,80.2309417725,29160,29170,10
12.9271802902,80.2310409546,29170,29178,8
12.9277801514,80.2311325073,29178,29190,12
12.9287395477,80.2312774658,29190,29200,10
12.929479599,80.2314910889,29200,29210,10
12.9304504395,80.2317123413,29210,29221,11
12.9318799973,80.2320404053,29221,29231,10
12.9328403473,80.2323913574,29231,29241,10
12.9335098267,80.2326583862,29241,29251,10
12.9338302612,80.2327575684,29251,29261,10
12.9337997437,80.2327804565,29261,29271,10
12.933930397,80.2328872681,29271,29281,10
12.9344797134,80.2331390381,29281,29291,10
12.9351997375,80.2335128784,29291,29301,10
12.9358100891,80.233757019,29301,29311,10
12.9358997345,80.2337799072,29311,29322,11
12.9359397888,80.2338104248,29322,29332,10
12.9363002777,80.2339477539,29332,29342,10
12.9369802475,80.2342376709,29342,29352,10
12.9377603531,80.2346420288,29352,29362,10
12.9387397766,80.2351226807,29362,29372,10
12.939620018,80.2355880737,29372,29392,20
12.939620018,80.2355880737,29392,29402,10
12.9398603439,80.235710144,29402,29412,10
12.9404602051,80.2359237671,29412,29422,10
12.9411201477,80.236076355,29422,29432,10
12.9419698715,80.2362823486,29432,29443,11
12.9430103302,80.2367172241,29443,29453,10
12.9436903,80.2372207642,29453,29463,10
12.9437904358,80.2373199463,29463,29473,10
12.9440498352,80.2376480103,29473,29483,10
12.9445199966,80.2382202148,29483,29493,10
12.9450397491,80.2387466431,29493,29503,10
12.945980072,80.239440918,29503,29513,10
12.9468898773,80.2397918701,29513,29523,10
12.9473199844,80.2399597168,29523,29543,20
12.9473199844,80.2399597168,29543,29554,11
12.9476804733,80.2400970459,29554,29564,10
12.9479799271,80.2402114868,29564,29604,40
12.9479799271,80.2402114868,29604,29614,10
12.9482498169,80.2403411865,29614,29624,10
12.948559761,80.2404937744,29624,29634,10
12.9489202499,80.2406005859,29634,29644,10
12.9492902756,80.2407531738,29644,29654,10
12.9499597549,80.2409362793,29654,29665,11
12.950920105,80.2412567139,29665,29675,10
12.951259613,80.2413330078,29675,29685,10
12.9512796402,80.2413330078,29685,29695,10
12.9512996674,80.2414016724,29695,29705,10
12.9518098831,80.2415771484,29705,29715,10
12.9525699615,80.2418365479,29715,29725,10
12.9534196854,80.2421875,29725,29735,10
12.9542198181,80.2425308228,29735,29745,10
12.9549703598,80.2428207397,29745,29755,10
12.9554796219,80.243019104,29755,29765,10
12.9556102753,80.243057251,29765,29775,10
12.955739975,80.2430419922,29775,29786,11
12.9560604095,80.2431793213,29786,29796,10
12.9560003281,80.2431411743,29796,29806,10
12.9559803009,80.2431488037,29806,29816,10
12.9559202194,80.2431488037,29816,29826,10
12.9561395645,80.2432632446,29826,29836,10
12.9563102722,80.2433166504,29836,29846,10
12.9564695358,80.2433624268,29846,29856,10
12.9566202164,80.2434692383,29856,29866,10
12.9571895599,80.2436599731,29866,29876,10
12.957909584,80.2440032959,29876,29886,10
12.9586801529,80.2443313599,29886,29895,9
12.9589996338,80.244430542,29895,29907,12
12.9591302872,80.2444076538,29907,29917,10
12.9593801498,80.2445983887,29917,29927,10
12.9598703384,80.2448196411,29927,29937,10
12.9605798721,80.2451477051,29937,29947,10
12.9614496231,80.245552063,29947,29957,10
12.9623403549,80.2460174561,29957,29967,10
12.9629402161,80.246307373,29967,29977,10
12.9635400772,80.2466278076,29977,29987,10
12.964220047,80.246887207,29987,29997,10
12.9650402069,80.247177124,29997,30007,10
12.9659004211,80.2474899292,30007,30018,11
12.9664201736,80.2476425171,30018,30048,30
12.9664201736,80.2476425171,30048,30064,16
12.9667196274,80.2478027344,30064,30076,12
12.9667396545,80.2478179932,30076,30084,8
12.9668798447,80.2479400635,30084,30096,12
12.967590332,80.248260498,30096,30106,10
12.9684000015,80.2485809326,30106,30116,10
12.9693403244,80.2489776611,30116,30126,10
12.9703998566,80.249420166,30126,30137,11
12.9715995789,80.249786377,30137,30147,10
12.9727497101,80.2500686646,30147,30157,10
12.9739198685,80.2503433228,30157,30167,10
12.9745101929,80.2504577637,30167,30177,10
12.9745197296,80.2504577637,30177,30187,10
12.9748401642,80.250579834,30187,30197,10
12.975399971,80.250793457,30197,30207,10
12.9762802124,80.2510223389,30207,30217,10
12.9771299362,80.2513122559,30217,30227,10
12.9778995514,80.2518310547,30227,30238,11
12.9785203934,80.2522583008,30238,30248,10
12.9787797928,80.2524185181,30248,30258,10
12.9794301987,80.2525405884,30258,30268,10
12.9799003601,80.2524337769,30268,30278,10
12.9802103043,80.2522201538,30278,30298,20
12.9802103043,80.2522201538,30298,30314,16
12.9802799225,80.2516021729,30314,30326,12
12.9804096222,80.2507324219,30326,30334,8
12.9805803299,80.2499694824,30334,30346,12
12.9807796478,80.2485961914,30346,30358,12
12.980890274,80.2469787598,30358,30368,10
12.9810600281,80.245552063,30368,30378,10
12.9811601639,80.2445983887,30378,30388,10
12.9812002182,80.2444229126,30388,30398,10
12.9811897278,80.2444229126,30398,30447,49
12.9811897278,80.2444229126,30447,30458,11
12.9811897278,80.2440109253,30458,30469,11
12.9812002182,80.2438812256,30469,30479,10
12.9813699722,80.2434692383,30479,30489,10
12.9813699722,80.2434692383,30489,30499,10
12.9813604355,80.2429428101,30499,30519,20
12.9813604355,80.2429428101,30519,30529,10
12.9813604355,80.2427597046,30529,30539,10
12.9813499451,80.2422332764,30539,30549,10
12.9813699722,80.2413787842,30549,30560,11
12.9813499451,80.2403488159,30560,30570,10
12.9813995361,80.2397994995,30570,30581,11
12.9813699722,80.2395019531,30581,30591,10
12.9813404083,80.2389221191,30591,30601,10
12.981300354,80.2380065918,30601,30631,30
12.981300354,80.2380065918,30631,30641,10
12.981300354,80.237739563,30641,30651,10
12.9812898636,80.237159729,30651,30661,10
12.9812602997,80.2363586426,30661,30671,10
12.9812498093,80.2353515625,30671,30681,10
12.9812498093,80.2344436646,30681,30692,11
12.9816398621,80.2333984375,30692,30712,20
12.9816398621,80.2333984375,30712,30722,10
12.9816904068,80.2333221436,30722,30732,10
12.9818696976,80.2329330444,30732,30742,10
12.9820404053,80.2323608398,30742,30752,10
12.982000351,80.2318115234,30752,30762,10
12.9819097519,80.2312011719,30762,30772,10
12.9815597534,80.2304763794,30772,30782,10
12.9810600281,80.229637146,30782,30792,10
12.9806804657,80.229019165,30792,30813,21
12.9806804657,80.229019165,30813,30822,9
12.9804697037,80.228767395,30822,30833,11
12.9802598953,80.2282791138,30833,30843,10
12.9799499512,80.2277679443,30843,30853,10
12.9794998169,80.2269515991,30853,30863,10
12.978969574,80.2260894775,30863,30873,10
12.9784698486,80.225227356,30873,30883,10
12.9782400131,80.2248764038,30883,30893,10
12.9780302048,80.2246170044,30893,30903,10
12.9777698517,80.2242965698,30903,30913,10
12.9777202606,80.2242202759,30913,30924,11
12.9776601791,80.2240524292,30924,30934,10
12.9774198532,80.2236480713,30934,30944,10
12.9770698547,80.2230377197,30944,30954,10
12.9769897461,80.2228775024,30954,30964,10
12.9773101807,80.2227172852,30964,30984,20
12.9773101807,80.2227172852,30984,30994,10
12.9774398804,80.2227478027,30994,31004,10
12.9775495529,80.2223434448,31004,31014,10
12.9774799347,80.2218475342,31014,31024,10
12.9774999619,80.2214202881,31024,31035,11
12.9775600433,80.221282959,31035,31045,10
12.9780502319,80.2212371826,31045,31055,10
12.9787502289,80.2211303711,31055,31065,10
12.9795598984,80.2210693359,31065,31075,10
12.9803600311,80.2210235596,31075,31085,10
12.9811401367,80.2210388184,31085,31095,10
12.9816799164,80.2213287354,31095,31105,10
12.9822797775,80.2217025757,31105,31115,10
12.9825401306,80.2218780518,31115,31125,10
12.9826202393,80.2218933105,31125,31135,10
12.98279953,80.2220001221,31135,31145,10
12.9829502106,80.2220230103,31145,31156,11
12.9829702377,80.222038269,31156,31166,10
12.9831695557,80.2221984863,31166,31176,10
12.9835300446,80.2223892212,31176,31186,10
12.9841299057,80.2227172852,31186,31196,10
12.984749794,80.2231292725,31196,31206,10
12.9852399826,80.2232589722,31206,31216,10
12.985619545,80.2230377197,31216,31226,10
12.9863500595,80.2229385376,31226,31246,20
12.9863500595,80.2229385376,31246,31256,10
12.9865503311,80.2229385376,31256,31267,11
12.9869203568,80.2230072021,31267,31277,10
12.987159729,80.2230300903,31277,31287,10
12.9874801636,80.2230529785,31287,31297,10
12.9877195358,80.2229995728,31297,31307,10
12.9881296158,80.222618103,31307,31317,10
12.9887399673,80.2220306396,31317,31327,10
12.9892997742,80.2214889526,31327,31337,10
12.9897699356,80.2208328247,31337,31347,10
12.9903202057,80.220413208,31347,31367,20
12.9903202057,80.220413208,31367,31378,11
12.9906997681,80.2201690674,31378,31388,10
12.9910402298,80.2199020386,31388,31398,10
12.9912900925,80.2196807861,31398,31408,10
12.9917201996,80.2193603516,31408,31418,10
12.9922504425,80.2189788818,31418,31428,10
12.9927902222,80.2185516357,31428,31438,10
12.9934501648,80.2180786133,31438,31448,10
12.9939699173,80.2177429199,31448,31458,10
12.9944295883,80.2173919678,31458,31468,10
12.9947595596,80.2171325684,31468,31478,10
12.995059967,80.2169418335,31478,31488,10
12.9954996109,80.2166900635,31488,31499,11
12.9962501526,80.2165679932,31499,31519,20
12.9962501526,80.2165679932,31519,31529,10
12.9966897964,80.2164611816,31529,31539,10
12.9969396591,80.2164001465,31539,31549,10
12.9971599579,80.2162017822,31549,31559,10
12.9974803925,80.2159805298,31559,31579,20
12.9974803925,80.2159805298,31579,31589,10
12.9977502823,80.2158813477,31589,31599,10
12.9981203079,80.2155075073,31599,31610,11
12.9987001419,80.2149963379,31610,31620,10
12.9989204407,80.21484375,31620,31630,10
12.9990701675,80.2147293091,31630,31640,10
12.9992198944,80.2145614624,31640,31650,10
12.9994897842,80.2143707275,31650,31660,10
12.9998598099,80.2141036987,31660,31670,10
13.0002698898,80.213760376,31670,31680,10
13.00041008,80.2135772705,31680,31690,10
13.0006399155,80.2133789063,31690,31700,10
13.0010595322,80.2129974365,31700,31710,10
13.0015602112,80.2126617432,31710,31721,11
13.0020599365,80.2123565674,31721,31731,10
13.0024299622,80.2121429443,31731,31741,10
13.0027503967,80.2120513916,31741,31751,10
13.0033102036,80.212020874,31751,31761,10
13.0036296844,80.2119216919,31761,31781,20
13.0036296844,80.2119216919,31781,31791,10
13.0037002563,80.2116012573,31791,31801,10
13.0036697388,80.2111434937,31801,31811,10
13.0036201477,80.2105178833,31811,31821,10
13.0035400391,80.2098999023,31821,31831,10
13.0036497116,80.2091598511,31831,31842,11
13.0040302277,80.2086410522,31842,31852,10
13.0048799515,80.2089996338,31852,31862,10
13.0058698654,80.2094421387,31862,31872,10
13.0066604614,80.2097091675,31872,31902,30
13.0066604614,80.2097091675,31902,31912,10
13.0069198608,80.2097396851,31912,31922,10
13.0071001053,80.209777832,31922,31932,10
13.0074300766,80.2098388672,31932,31942,10
13.0078001022,80.2098770142,31942,31953,11
13.0079698563,80.2099227905,31953,31963,10
13.0082302094,80.2098770142,31963,31973,10
13.0081701279,80.209487915,31973,31983,10
13.008020401,80.2087631226,31983,31993,10
13.0078601837,80.2076187134,31993,32003,10
13.0077199936,80.2068481445,32003,32012,9
13.0075998306,80.2061004639,32012,32023,11
13.0075302124,80.2051773071,32023,32033,10
13.0075397491,80.2043075562,32033,32043,10
13.0074300766,80.2034835815,32043,32053,10
13.0071697235,80.2025909424,32053,32064,11
13.0064897537,80.2029190063,32064,32074,10
13.0067396164,80.2033615112,32074,32084,10
13.0072698593,80.2035598755,32084,32094,10
13.0079202652,80.2037200928,32094,32104,10
13.0086202621,80.2036819458,32104,32114,10
13.0095796585,80.2036437988,32114,32124,10
13.0109596252,80.2036514282,32124,32134,10
13.0121202469,80.2038192749,32134,32144,10
13.0129995346,80.2039794922,32144,32154,10
13.0135698318,80.2041702271,32154,32175,21
13.0135698318,80.2041702271,32175,32185,10
13.0136995316,80.204246521,32185,32195,10
13.013710022,80.2044067383,32195,32205,10
13.0136499405,80.2046813965,32205,32225,20
13.0136499405,80.2046813965,32225,32235,10
13.0134096146,80.205116272,32235,32245,10
13.0132398605,80.2057418823,32245,32255,10
13.0130701065,80.2066726685,32255,32265,10
13.0129699707,80.2075576782,32265,32275,10
13.0129003525,80.2079162598,32275,32285,10
13.0128803253,80.2081832886,32285,32296,11
13.0128698349,80.208366394,32296,32306,10
13.0128898621,80.2087097168,32306,32316,10
13.0129299164,80.2093200684,32316,32326,10
13.0131702423,80.2098999023,32326,32335,9
13.0130796432,80.2106170654,32335,32346,11
13.012720108,80.2114486694,32346,32356,10
13.0123796463,80.2119979858,32356,32366,10
13.012169838,80.2123413086,32366,32376,10
13.0120296478,80.212638855,32376,32386,10
13.0117101669,80.2127075195,32386,32396,10
13.0113697052,80.2125015259,32396,32407,11
13.0105199814,80.2117996216,32407,32417,10
13.0100297928,80.2114715576,32417,32497,80
13.0100297928,80.2114715576,32497,32507,10
13.0099096298,80.2115936279,32507,32528,21
13.0098495483,80.2114028931,32528,32558,30
13.0098600388,80.2115325928,32558,32628,70
13.0098400116,80.2112503052,32628,32699,71
13.0098400116,80.2112503052,32699,32709,10
13.0098400116,80.2113418579,32709,32719,10
13.0098400116,80.2113494873,32719,32729,10
13.0097799301,80.2113418579,32729,32739,10
13.0097703934,80.2114181519,32739,32800,61
13.0099201202,80.2113418579,32800,32830,30
13.0099201202,80.2113418579,32830,32840,10
13.0098896027,80.2110824585,32840,32850,10
13.0099201202,80.2115478516,32850,32911,61
13.0099201202,80.2115478516,32911,32921,10
13.0099401474,80.2114181519,32921,32931,10
13.0098600388,80.2116317749,32931,32941,10
13.0098600388,80.2115402222,32941,32951,10
13.0099000931,80.21144104,32951,32961,10
13.0098304749,80.2112503052,32961,32971,10
13.009759903,80.2111282349,32971,32992,21
13.009759903,80.2111282349,32992,33002,10
13.0098400116,80.2114334106,33002,33012,10
13.0098495483,80.211479187,33012,33022,10
13.0097398758,80.2114334106,33022,33032,10
13.0097904205,80.2113189697,33032,33042,10
13.0097703934,80.21144104,33042,33062,20
13.0098104477,80.21144104,33062,33082,20
13.0096797943,80.2114105225,33082,33103,21
13.0096797943,80.2114105225,33103,33113,10
13.0096197128,80.2113876343,33113,33123,10
13.0097198486,80.2111816406,33123,33133,10
13.0099096298,80.2114715576,33133,33153,20
13.0099096298,80.2114715576,33153,33163,10
13.0098495483,80.2113265991,33163,33183,20
13.0098495483,80.2113265991,33183,33193,10
13.0098600388,80.2113876343,33193,33214,21
13.0098600388,80.2113876343,33214,33224,10
13.0098600388,80.2115783691,33224,33234,10
13.0098400116,80.2115402222,33234,33405,171
13.0098400116,80.2115402222,33405,33415,10
13.0099201202,80.2114028931,33415,33425,10
13.0097799301,80.2113189697,33425,33446,21
13.0097799301,80.2113189697,33446,33456,10
13.0095701218,80.2110824585,33456,33506,50
13.0095701218,80.2110824585,33506,33516,10
13.0092601776,80.2111816406,33516,33557,41
13.0090904236,80.2114715576,33557,33587,30
13.0090904236,80.2114715576,33587,33597,10
13.0090398788,80.2116699219,33597,33607,10
13.0090703964,80.2117385864,33607,33617,10
13.0091199875,80.2119293213,33617,33627,10
13.009180069,80.2121582031,33627,33637,10
13.0092401505,80.2123031616,33637,33647,10
13.0093297958,80.2125930786,33647,33657,10
13.0094604492,80.2129898071,33657,33668,11
13.0096797943,80.2134628296,33668,33678,10
13.0098896027,80.2141189575,33678,33688,10
13.0100803375,80.21459198,33688,33698,10
13.0101604462,80.2152481079,33698,33708,10
13.0103998184,80.2161331177,33708,33718,10
13.0108604431,80.2170562744,33718,33728,10
13.011300087,80.2180404663,33728,33738,10
13.0116996765,80.2191696167,33738,33748,10
13.0120401382,80.2201919556,33748,33758,10
13.0122900009,80.2210464478,33758,33768,10
13.0124397278,80.2216033936,33768,33778,10
13.0126800537,80.2221984863,33778,33789,11
13.0132703781,80.2227706909,33789,33799,10
13.013879776,80.2234191895,33799,33809,10
13.0143699646,80.2238235474,33809,33819,10
13.014749527,80.2243270874,33819,33829,10
13.0150604248,80.2249221802,33829,33839,10
13.0151796341,80.225151062,33839,33849,10
13.0151500702,80.2251815796,33849,33859,10
13.0151596069,80.2251815796,33859,33869,10
13.015370369,80.2253112793,33869,33879,10
13.0153102875,80.2256393433,33879,33889,10
13.0149202347,80.2257614136,33889,33900,11
13.0141801834,80.2259902954,33900,33910,10
13.0133399963,80.2263565063,33910,33920,10
13.0123100281,80.2268600464,33920,33930,10
13.0111103058,80.2275314331,33930,33940,10
13.0100603104,80.2281723022,33940,33950,10
13.0096597672,80.2281112671,33950,33960,10
13.0094995499,80.2276229858,33960,33970,10
13.0097103119,80.2270812988,33970,33980,10
13.0101099014,80.2263565063,33980,33990,10
13.0104198456,80.2256317139,33990,34000,10
13.0106801987,80.2250289917,34000,34011,11
13.0109596252,80.2243499756,34011,34021,10
13.0110797882,80.2238006592,34021,34031,10
13.0110998154,80.2235031128,34031,34041,10
13.0111598969,80.2232589722,34041,34051,10
13.0108098984,80.2230300903,34051,34061,10
13.0102996826,80.2227401733,34061,34071,10
13.0097703934,80.2224578857,34071,34081,10
13.0089998245,80.222038269,34081,34091,10
13.0081701279,80.2215805054,34091,34101,10
13.0073003769,80.221031189,34101,34111,10
13.0065002441,80.2207183838,34111,34121,10
13.0055398941,80.2205429077,34121,34132,11
13.0045404434,80.2202911377,34132,34142,10
13.0038604736,80.2199630737,34142,34152,10
13.0032300949,80.2197265625,34152,34162,10
13.0023803711,80.2192993164,34162,34172,10
13.0017995834,80.2186508179,34172,34182,10
13.0013999939,80.2183074951,34182,34192,10
13.0009899139,80.2180480957,34192,34202,10
13.000459671,80.217628479,34202,34212,10
12.9997797012,80.2171783447,34212,34221,9
12.9989995956,80.2167205811,34221,34232,11
12.9982404709,80.2163162231,34232,34243,11
12.9982004166,80.2163925171,34243,34253,10
12.9982595444,80.2166366577,34253,34263,10
12.9980297089,80.2166519165,34263,34273,10
12.9978303909,80.2165679932,34273,34283,10
12.9977903366,80.2165374756,34283,34293,10
12.9976501465,80.2165679932,34293,34384,91
12.9976501465,80.2165679932,34384,34394,10
12.9974803925,80.2165222168,34394,34404,10
12.9972696304,80.2164916992,34404,34414,10
12.9970998764,80.2165527344,34414,34424,10
12.9970798492,80.2165527344,34424,34434,10
12.9968395233,80.2165985107,34434,34444,10
12.9968004227,80.2165298462,34444,34454,10
12.9966001511,80.2164916992,34454,34464,10
12.9964399338,80.2164916992,34464,34475,11
12.9962797165,80.2165374756,34475,34485,10
12.9960803986,80.2165679932,34485,34495,10
12.9959096909,80.2166366577,34495,34505,10
12.9957103729,80.2167510986,34505,34515,10
12.9954595566,80.2169036865,34515,34535,20
12.9954595566,80.2169036865,34535,34545,10
12.9952096939,80.2170715332,34545,34555,10
12.9949197769,80.2172012329,34555,34565,10
12.9945001602,80.2174987793,34565,34575,10
12.9940500259,80.2177963257,34575,34586,11
12.9933300018,80.2182769775,34586,34596,10
12.9926795959,80.2186737061,34596,34606,10
12.9920101166,80.2192611694,34606,34616,10
12.9915504456,80.2196578979,34616,34626,10
12.9908399582,80.220161438,34626,34646,20
12.9908399582,80.220161438,34646,34656,10
12.9904603958,80.2202301025,34656,34666,10
12.9897098541,80.2204818726,34666,34676,10
12.9893102646,80.2211914063,34676,34686,10
12.9891004562,80.2218475342,34686,34697,11
12.9883003235,80.2224197388,34697,34707,10
12.9878101349,80.2227935791,34707,34717,10
12.9876003265,80.2229919434,34717,34727,10
12.9875097275,80.2230224609,34727,34737,10
12.9871797562,80.2230377197,34737,34747,10
12.9871397018,80.2230606079,34747,34757,10
12.9868202209,80.2229919434,34757,34767,10
12.9863004684,80.2230529785,34767,34777,10
12.9856100082,80.2231369019,34777,34787,10
12.9850597382,80.2232437134,34787,34797,10
12.984459877,80.2230682373,34797,34808,11
12.9838199615,80.2229995728,34808,34818,10
12.9836196899,80.22265625,34818,34828,10
12.9835796356,80.222328186,34828,34838,10
12.9833803177,80.2220687866,34838,34848,10
12.9833297729,80.2220001221,34848,34858,10
12.98320961,80.2220687866,34858,34868,10
12.982919693,80.2220993042,34868,34878,10
12.9827203751,80.2221298218,34878,34888,10
12.982460022,80.2219085693,34888,34898,10
12.9820203781,80.2216415405,34898,34908,10
12.9813604355,80.2215270996,34908,34918,10
12.9806003571,80.2212905884,34918,34929,11
12.9795999527,80.2211685181,34929,34939,10
12.9786996841,80.2211074829,34939,34949,10
12.9778604507,80.2210388184,34949,34959,10
12.9769096375,80.2211303711,34959,34969,10
12.9765195847,80.2212219238,34969,34979,10
12.976269722,80.2212982178,34979,34989,10
12.9762201309,80.2215194702,34989,34999,10
12.9763002396,80.2218017578,34999,35060,61
12.9763002396,80.2218017578,35060,35070,10
12.9765100479,80.2220993042,35070,35080,10
12.9767904282,80.2226028442,35080,35090,10
12.9771604538,80.2231674194,35090,35100,10
12.9775695801,80.2238082886,35100,35110,10
12.9779996872,80.2244567871,35110,35120,10
12.9782104492,80.2247695923,35120,35130,10
12.9782800674,80.2248764038,35130,35140,10
12.9783601761,80.2249984741,35140,35150,10
12.9784202576,80.2251205444,35150,35161,11
12.9786901474,80.2254867554,35161,35181,20
12.9786901474,80.2254867554,35181,35191,10
12.9787101746,80.2256088257,35191,35201,10
12.9788999557,80.2258987427,35201,35211,10
12.979180336,80.2264022827,35211,35221,10
12.9794998169,80.2269668579,35221,35231,10
12.9797897339,80.2274169922,35231,35241,10
12.9799203873,80.2276000977,35241,35251,10
12.9801197052,80.2279815674,35251,35261,10
12.9803495407,80.2284698486,35261,35272,11
12.9806995392,80.229057312,35272,35282,10
12.9809999466,80.2294387817,35282,35292,10
12.9813203812,80.2299423218,35292,35302,10
12.981760025,80.2305526733,35302,35328,26
12.9817495346,80.2306671143,35328,35350,22
12.9817495346,80.2306671143,35350,35360,10
12.9819097519,80.231048584,35360,35370,10
12.982049942,80.2315368652,35370,35380,10
12.9820404053,80.2323074341,35380,35391,11
12.9816198349,80.2335510254,35391,35411,20
12.9816198349,80.2335510254,35411,35421,10
12.9815196991,80.2336730957,35421,35431,10
12.9813203812,80.2342224121,35431,35441,10
12.9812602997,80.2350387573,35441,35451,10
12.9812498093,80.2360992432,35451,35461,10
12.9812602997,80.2371826172,35461,35471,10
12.981300354,80.2379837036,35471,35481,10
12.9813499451,80.2387695313,35481,35502,21
12.9813499451,80.2387695313,35502,35512,10
12.9813299179,80.239112854,35512,35522,10
12.9813098907,80.2396697998,35522,35532,10
12.9813203812,80.2404174805,35532,35542,10
12.9813804626,80.2413101196,35542,35552,10
12.9813699722,80.2420806885,35552,35562,10
12.9814100266,80.2425308228,35562,35572,10
12.9813804626,80.2427520752,35572,35602,30
12.9813804626,80.2427520752,35602,35612,10
12.9814195633,80.2429885864,35612,35623,11
12.9814195633,80.2432479858,35623,35633,10
12.9813804626,80.2437362671,35633,35643,10
12.9812602997,80.244468689,35643,35653,10
12.9811201096,80.2454299927,35653,35663,10
12.9809999466,80.2464675903,35663,35673,10
12.980919838,80.247428894,35673,35683,10
12.9808301926,80.2487487793,35683,35754,71
12.9808301926,80.2487487793,35754,35764,10
12.9808397293,80.2490386963,35764,35774,10
12.9807500839,80.2495422363,35774,35784,10
12.9805898666,80.2502975464,35784,35794,10
12.9803199768,80.2512664795,35794,35804,10
12.9801502228,80.2520370483,35804,35814,10
12.9799995422,80.252532959,35814,35834,20
12.9799995422,80.252532959,35834,35845,11
12.9801902771,80.2526626587,35845,35945,100
12.9801197052,80.2525863647,35945,35976,31
12.9801197052,80.2525863647,35976,35986,10
12.9798002243,80.2527389526,35986,35996,10
12.9792699814,80.2526397705,35996,36006,10
12.9786396027,80.2525405884,36006,36026,20
12.9786396027,80.2525405884,36026,36036,10
12.9783000946,80.2523803711,36036,36046,10
12.9777803421,80.2519836426,36046,36056,10
12.9770002365,80.251411438,36056,36066,10
12.976099968,80.2511291504,36066,36076,10
12.9749803543,80.2508010864,36076,36087,11
12.9737997055,80.2504425049,36087,36097,10
12.9725503922,80.25025177,36097,36117,20
12.9725503922,80.25025177,36117,36127,10
12.9722204208,80.2500991821,36127,36137,10
12.9716100693,80.2499084473,36137,36147,10
12.9707603455,80.2496795654,36147,36157,10
12.9698200226,80.2493515015,36157,36167,10
12.968870163,80.2489700317,36167,36177,10
12.9679298401,80.2486114502,36177,36187,10
12.9668903351,80.2481536865,36187,36198,11
12.9659700394,80.2477416992,36198,36208,10
12.9650402069,80.2474212646,36208,36248,40
12.9650402069,80.2474212646,36248,36258,10
12.9647397995,80.2472610474,36258,36268,10
12.9641895294,80.2470397949,36268,36278,10
12.9633798599,80.2466583252,36278,36288,10
12.9624500275,80.2462387085,36288,36298,10
12.9613599777,80.2456665039,36298,36309,11
12.9601202011,80.2450790405,36309,36319,10
12.9593400955,80.244682312,36319,36339,20
12.9593400955,80.244682312,36339,36349,10
12.9592199326,80.2446670532,36349,36359,10
12.958820343,80.2444534302,36359,36369,10
12.9582004547,80.2442169189,36369,36379,10
12.9576301575,80.2440795898,36379,36389,10
12.9568500519,80.2437973022,36389,36399,10
12.9563999176,80.2435531616,36399,36409,10
12.9563999176,80.2435073853,36409,36420,11
12.9561595917,80.2434692383,36420,36430,10
12.9554901123,80.2432022095,36430,36440,10
12.9547395706,80.2428588867,36440,36450,10
12.9538602829,80.2425231934,36450,36460,10
12.9527702332,80.2421035767,36460,36470,10
12.9518499374,80.2417297363,36470,36480,10
12.9516000748,80.2415924072,36480,36490,10
12.9514398575,80.2414016724,36490,36500,10
12.950920105,80.2410812378,36500,36510,10
12.9503002167,80.2410202026,36510,36520,10
12.9495401382,80.2408905029,36520,36530,10
12.9488201141,80.2407531738,36530,36541,11
12.9479198456,80.2403793335,36541,36551,10
12.9474096298,80.2401580811,36551,36561,10
12.9471902847,80.2400817871,36561,36581,20
12.9471902847,80.2400817871,36581,36591,10
12.9469604492,80.2399597168,36591,36601,10
12.9464597702,80.2398071289,36601,36611,10
12.9457998276,80.2395172119,36611,36621,10
12.9450101852,80.2389602661,36621,36631,10
12.944319725,80.2381362915,36631,36641,10
12.9435901642,80.2374572754,36641,36652,11
12.9432497025,80.2370529175,36652,36662,10
12.9432697296,80.2370605469,36662,36672,10
12.9429998398,80.2368621826,36672,36682,10
12.9423799515,80.2365875244,36682,36692,10
12.9415197372,80.2362823486,36692,36702,10
12.9404802322,80.2359771729,36702,36712,10
12.9396600723,80.2357635498,36712,36732,20
12.9396600723,80.2357635498,36732,36742,10
12.9395503998,80.2356719971,36742,36752,10
12.9391403198,80.2355422974,36752,36762,10
12.9385499954,80.2352905273,36762,36773,11
12.9375801086,80.2347717285,36773,36783,10
12.936630249,80.2342834473,36783,36799,16
12.9351902008,80.2336120605,36799,36811,12
12.9337797165,80.2329483032,36811,36831,20
12.9337797165,80.2329483032,36831,36840,9
12.9336500168,80.2328796387,36840,36851,11
12.9332304001,80.2327423096,36851,36861,10
12.9325399399,80.2324676514,36861,36871,10
12.931599617,80.2321166992,36871,36882,11
12.9304800034,80.2316970825,36882,36892,10
12.9293498993,80.2314376831,36892,36903,11
12.9282302856,80.2312316895,36903,36913,10
12.9270095825,80.2310562134,36913,36923,10
12.9261302948,80.2309188843,36923,36933,10
12.9261598587,80.231010437,36933,36943,10
12.9259996414,80.2310409546,36943,36953,10
12.925620079,80.2309799194,36953,36963,10
12.9249696732,80.2309036255,36963,36973,10
12.9241399765,80.2308120728,36973,36983,10
12.9231796265,80.230682373,36983,36994,11
12.9220399857,80.2304382324,36994,37004,10
12.9207696915,80.2303009033,37004,37014,10
12.9195404053,80.230140686,37014,37024,10
12.9190797806,80.2300567627,37024,37034,10
12.9190797806,80.2300720215,37034,37044,10
12.9189796448,80.2300567627,37044,37054,10
12.9184799194,80.2299728394,37054,37064,10
12.9176998138,80.2299118042,37064,37074,10
12.9167900085,80.2297821045,37074,37084,10
12.9157600403,80.2296600342,37084,37094,10
12.9145803452,80.2294921875,37094,37104,10
12.9132404327,80.2293167114,37104,37125,21
12.9132404327,80.2293167114,37125,37135,10
12.9131402969,80.2293167114,37135,37145,10
12.9127502441,80.2292709351,37145,37155,10
12.9121303558,80.2291412354,37155,37171,16
12.9106798172,80.2288970947,37171,37183,12
12.9095897675,80.2286529541,37183,37193,10
12.9089202881,80.2285614014,37193,37203,10
12.9079399109,80.2284088135,37203,37213,10
12.9078197479,80.2284164429,37213,37223,10
12.9075298309,80.2284088135,37223,37234,11
12.9069595337,80.2283401489,37234,37244,10
12.9062795639,80.2283172607,37244,37264,20
12.9062795639,80.2283172607,37264,37274,10
12.9059495926,80.2282562256,37274,37284,10
12.9053096771,80.2282333374,37284,37294,10
12.9046297073,80.2281570435,37294,37415,121
12.9046297073,80.2281570435,37415,37425,10
12.9045200348,80.2281799316,37425,37435,10
12.9043302536,80.228187561,37435,37445,10
12.9041595459,80.2281494141,37445,37456,11
12.9038696289,80.2281417847,37456,37466,10
12.9035596848,80.2281112671,37466,37476,10
12.9030704498,80.2280807495,37476,37486,10
12.9025096893,80.2280578613,37486,37496,10
12.9020500183,80.2280197144,37496,37506,10
12.9017601013,80.2279891968,37506,37516,10
12.90143013,80.2279663086,37516,37526,10
12.9011497498,80.2279586792,37526,37536,10
12.900850296,80.2279968262,37536,37546,10
12.9005804062,80.227897644,37546,37556,10
12.9003295898,80.2279510498,37556,37566,10
12.9000597,80.2279586792,37566,37577,11
12.8994598389,80.2279434204,37577,37587,10
12.899140358,80.2279434204,37587,37597,10
12.8984203339,80.2278900146,37597,37627,30
12.8984203339,80.2278900146,37627,37637,10
12.8983201981,80.2277984619,37637,37647,10
12.8979301453,80.2277984619,37647,37657,10
12.8972196579,80.2277679443,37657,37667,10
12.8963699341,80.2277297974,37667,37677,10
12.8953800201,80.2276916504,37677,37716,39
12.8953800201,80.2276916504,37716,37726,10
12.8951702118,80.2276306152,37726,37736,10
12.8947601318,80.2276306152,37736,37746,10
12.8943796158,80.2276077271,37746,37807,61
12.8943796158,80.2276077271,37807,37817,10
12.894109726,80.2276229858,37817,37827,10
12.8935203552,80.2275619507,37827,37897,70
12.8935203552,80.2275619507,37897,37907,10
12.8933000565,80.2275390625,37907,37918,11
12.8928899765,80.2274703979,37918,37928,10
12.8926000595,80.2274398804,37928,37978,50
12.8926000595,80.2274398804,37978,37988,10
12.8923797607,80.2273864746,37988,37998,10
12.8919496536,80.2273483276,37998,38008,10
12.8912801743,80.2273483276,38008,38018,10
12.8904304504,80.2273788452,38018,38029,11
12.8894100189,80.2273330688,38029,38039,10
12.8886995316,80.2273635864,38039,38049,10
12.8884000778,80.2273406982,38049,38059,10
12.8883495331,80.2273406982,38059,38069,10
12.8881597519,80.2273330688,38069,38079,10
12.8875999451,80.2272567749,38079,38089,10
12.8868598938,80.2271499634,38089,38099,10
12.885890007,80.2268981934,38099,38109,10
12.8851003647,80.2267379761,38109,38119,10
12.8850402832,80.2267532349,38119,38129,10
12.8849401474,80.2267532349,38129,38139,10
12.8845100403,80.2267532349,38139,38150,11
12.8837099075,80.2267532349,38150,38159,9
12.8828201294,80.2267379761,38159,38170,11
12.8815803528,80.2267608643,38170,38180,10
12.8805503845,80.2267684937,38180,38190,10
12.87940979,80.2267837524,38190,38200,10
12.8782997131,80.2268295288,38200,38210,10
12.877289772,80.2268981934,38210,38220,10
12.8769302368,80.2269287109,38220,38230,10
12.8769197464,80.2269210815,38230,38240,10
12.8768501282,80.2269287109,38240,38250,10
12.8765096664,80.2269134521,38250,38281,31
12.8765096664,80.2269134521,38281,38291,10
12.8764400482,80.2268371582,38291,38301,10
12.876449585,80.2266387939,38301,38311,10
12.876449585,80.2265090942,38311,38321,10
12.8764696121,80.226348877,38321,38331,10
12.8765602112,80.2258224487,38331,38341,10
12.8766202927,80.2249984741,38341,38351,10
12.8767204285,80.2239685059,38351,38361,10
12.876999855,80.2228164673,38361,38371,10
12.8773298264,80.2215194702,38371,38382,11
12.8776397705,80.220161438,38382,38392,10
12.8778600693,80.2194290161,38392,38402,10
12.8780202866,80.2187423706,38402,38412,10
12.8781795502,80.2177581787,38412,38422,10
12.8784103394,80.2165374756,38422,38432,10
12.8787202835,80.215171814,38432,38442,10
12.8789701462,80.2138137817,38442,38452,10
12.8792295456,80.2123794556,38452,38462,10
12.8794698715,80.2112426758,38462,38472,10
12.8791799545,80.2108764648,38472,38482,10
12.8791303635,80.210899353,38482,38493,11
12.8789596558,80.2109222412,38493,38503,10
12.8786001205,80.2108306885,38503,38513,10
12.8779401779,80.2107391357,38513,38523,10
12.8770999908,80.2105865479,38523,38533,10
12.876159668,80.210357666,38533,38543,10
12.8752698898,80.2102279663,38543,38553,10
12.8747596741,80.2101364136,38553,38563,10
12.8746404648,80.2101287842,38563,38573,10
12.87458992,80.2101593018,38573,38583,10
12.8743400574,80.2099380493,38583,38593,10
12.8744697571,80.209602356,38593,38603,10
12.8747901917,80.2096786499,38603,38614,11
12.8747501373,80.2099685669,38614,38906,292
12.8747501373,80.2099685669,38906,38916,10
12.8747301102,80.2100601196,38916,38926,10
12.8746995926,80.2100906372,38926,38936,10
12.8747196198,80.2101593018,38936,38946,10
12.8751001358,80.2102127075,38946,38957,11
12.8758001328,80.2102279663,38957,38967,10
12.876449585,80.2103271484,38967,38977,10
12.8772201538,80.2104797363,38977,38987,10
12.8779802322,80.210647583,38987,38997,10
12.8787603378,80.2108001709,38997,39007,10
12.8791799545,80.2109298706,39007,39027,20
12.8791799545,80.2109298706,39027,39037,10
12.8794698715,80.2110900879,39037,39046,9
12.8794698715,80.2114028931,39046,39057,11
12.8793296814,80.212020874,39057,39066,9
12.8791904449,80.2127304077,39066,39078,12
12.8789596558,80.2138977051,39078,39088,10
12.8787498474,80.2150268555,39088,39098,10
12.8784799576,80.2163009644,39098,39108,10
12.8782196045,80.2176132202,39108,39118,10
12.8779497147,80.218963623,39118,39128,10
12.8776702881,80.2202835083,39128,39138,10
12.8774404526,80.2212600708,39138,39148,10
12.8773298264,80.2217636108,39148,39158,10
12.8771896362,80.2222900391,39158,39249,91
12.8771896362,80.2222900391,39249,39259,10
12.8771696091,80.2223205566,39259,39269,10
12.8770704269,80.2227401733,39269,39279,10
12.8769302368,80.2234420776,39279,39289,10
12.8767499924,80.2243881226,39289,39300,11
12.8766202927,80.2255706787,39300,39310,10
12.876449585,80.2263870239,39310,39320,10
12.876449585,80.2267990112,39320,39330,10
12.8765096664,80.2268600464,39330,39340,10
12.876709938,80.2268600464,39340,39350,10
12.876709938,80.226852417,39350,39360,10
12.8768396378,80.2268829346,39360,39370,10
12.8772602081,80.2268066406,39370,39380,10
12.8781099319,80.2267684937,39380,39390,10
12.8791303635,80.2266693115,39390,39400,10
12.8803596497,80.2266464233,39400,39410,10
12.8814096451,80.2266693115,39410,39421,11
12.8827104568,80.2266235352,39421,39431,10
12.8840198517,80.2265396118,39431,39441,10
12.8850603104,80.2265777588,39441,39451,10
12.8851003647,80.2266235352,39451,39461,10
12.8853597641,80.2266921997,39461,39471,10
12.8859701157,80.2268066406,39471,39481,10
12.8868598938,80.2270126343,39481,39491,10
12.8879404068,80.2272109985,39491,39501,10
12.8885297775,80.2272415161,39501,39511,10
12.8885498047,80.2272109985,39511,39521,10
12.888759613,80.2272109985,39521,39532,11
12.8895397186,80.2272567749,39532,39542,10
12.8904800415,80.2273178101,39542,39552,10
12.8914203644,80.2273330688,39552,39562,10
12.8920898438,80.2272491455,39562,39572,10
12.8921203613,80.2272415161,39572,39582,10
12.8921403885,80.2272415161,39582,39592,10
12.8923997879,80.2272567749,39592,39602,10
12.8929195404,80.2273406982,39602,39612,10
12.8937501907,80.2274475098,39612,39622,10
12.894080162,80.2274780273,39622,39632,10
12.8941202164,80.2275009155,39632,39642,10
12.8944396973,80.2275085449,39642,39652,10
12.8951702118,80.2276000977,39652,39663,11
12.896229744,80.2276306152,39663,39673,10
12.8973503113,80.2276763916,39673,39683,10
12.8984003067,80.2277374268,39683,39693,10
12.8993301392,80.2277679443,39693,39703,10
12.9003000259,80.2278518677,39703,39713,10
12.9009199142,80.2278823853,39713,39723,10
12.9014396667,80.2279129028,39723,39733,10
12.9021997452,80.2279510498,39733,39743,10
12.9026203156,80.2279510498,39743,39753,10
12.9026403427,80.2279586792,39753,39764,11
12.9027500153,80.2279586792,39764,39774,10
12.903260231,80.2279968262,39774,39784,10
12.9040803909,80.2280578613,39784,39794,10
12.9050397873,80.2281036377,39794,39804,10
12.9060096741,80.2281417847,39804,39814,10
12.9065103531,80.2282028198,39814,39874,60
12.9065103531,80.2282028198,39874,39885,11
12.9065904617,80.2282028198,39885,39895,10
12.9067401886,80.2281799316,39895,39905,10
12.9072303772,80.2282333374,39905,39915,10
12.9079799652,80.2283630371,39915,39925,10
12.9089603424,80.228553772,39925,39935,10
12.9101800919,80.2287826538,39935,39945,10
12.9115600586,80.2289505005,39945,39955,10
12.9129600525,80.2291488647,39955,39965,10
12.9140300751,80.2292709351,39965,39975,10
12.914059639,80.2292480469,39975,39985,10
12.9142599106,80.2292861938,39985,39996,11
12.9148902893,80.2293395996,39996,40006,10
12.9157896042,80.2294921875,40006,40016,10
12.9169397354,80.2296676636,40016,40026,10
12.9180498123,80.2297592163,40026,40036,10
12.9190397263,80.229888916,40036,40046,10
12.9193096161,80.2299423218,40046,40056,10
12.9193897247,80.2299728394,40056,40066,10
12.9199495316,80.2300415039,40066,40076,10
12.9207201004,80.2301635742,40076,40086,10
12.9217100143,80.2303237915,40086,40096,10
12.922829628,80.2304763794,40096,40106,10
12.9240198135,80.2306594849,40106,40117,11
12.9252996445,80.2308120728,40117,40127,10
12.9261302948,80.2309188843,40127,40137,10
12.9263696671,80.2309112549,40137,40147,10
12.9265098572,80.2309188843,40147,40157,10
12.9270095825,80.2310333252,40157,40167,10
12.9277896881,80.2311019897,40167,40177,10
12.9287900925,80.231262207,40177,40187,10
12.929889679,80.2314910889,40187,40197,10
12.9309196472,80.2317428589,40197,40207,10
12.9318599701,80.2320175171,40207,40217,10
12.9329004288,80.2323684692,40217,40228,11
12.9336795807,80.2327194214,40228,40238,10
12.9336996078,80.2327270508,40238,40248,10
12.9338598251,80.2328262329,40248,40258,10
12.9343795776,80.2330703735,40258,40268,10
12.9351701736,80.2334518433,40268,40278,10
12.9358196259,80.2336807251,40278,40288,10
12.9364795685,80.2339401245,40288,40298,10
12.9373197556,80.2343902588,40298,40308,10
12.9382400513,80.2348480225,40308,40318,10
12.939209938,80.2353363037,40318,40328,10
12.9398097992,80.2356567383,40328,40339,11
12.9398202896,80.2356872559,40339,40349,10
12.9401397705,80.2357635498,40349,40359,10
12.9407701492,80.2359313965,40359,40369,10
12.9416904449,80.2361679077,40369,40379,10
12.9426403046,80.2364807129,40379,40389,10
12.9434099197,80.2369995117,40389,40399,10
12.9436798096,80.2372894287,40399,40409,10
12.9438199997,80.237449646,40409,40419,10
12.9442501068,80.2378616333,40419,40429,10
12.9448900223,80.2385482788,40429,40439,10
12.9455699921,80.2391967773,40439,40449,10
12.9464597702,80.2396316528,40449,40460,11
12.9472799301,80.2399597168,40460,40480,20
12.9472799301,80.2399597168,40480,40490,10
12.947640419,80.2400970459,40490,40500,10
12.948220253,80.2403411865,40500,40510,10
12.9488697052,80.2406082153,40510,40520,10
12.949640274,80.2408828735,40520,40530,10
12.950510025,80.2411575317,40530,40540,10
12.9511804581,80.2414016724,40540,40550,10
12.9511899948,80.2413787842,40550,40560,10
12.9515800476,80.2415237427,40560,40571,11
12.9523200989,80.2417907715,40571,40581,10
12.9531698227,80.2421112061,40581,40591,10
12.9539899826,80.2424316406,40591,40601,10
12.9547300339,80.2427597046,40601,40611,10
12.9553098679,80.2429733276,40611,40621,10
12.955909729,80.2431793213,40621,40631,10
12.9562196732,80.2433013916,40631,40661,30
12.9562196732,80.2433013916,40661,40671,10
12.9562501907,80.243309021,40671,40681,10
12.9563503265,80.2433395386,40681,40692,11
12.9563598633,80.243347168,40692,40702,10
12.9566602707,80.2434997559,40702,40712,10
12.9572401047,80.2437133789,40712,40722,10
12.957909584,80.2440185547,40722,40732,10
12.9585599899,80.2442474365,40732,40742,10
12.959280014,80.2445297241,40742,40752,10
12.9600801468,80.2449264526,40752,40762,10
12.960940361,80.2453536987,40762,40772,10
12.9617996216,80.2457885742,40772,40782,10
12.9625797272,80.2461700439,40782,40792,10
12.9633102417,80.2465286255,40792,40863,71
12.9633102417,80.2465286255,40863,40873,10
12.9634399414,80.2465591431,40873,40883,10
12.9638700485,80.2468032837,40883,40893,10
12.9644804001,80.2470016479,40893,40903,10
12.965180397,80.247253418,40903,40912,9
12.9659004211,80.2474975586,40912,40924,12
12.9669103622,80.2479782104,40924,40944,20
12.9669103622,80.2479782104,40944,40954,10
12.9671401978,80.2480621338,40954,40964,10
12.9676904678,80.2482833862,40964,40974,10
12.968460083,80.248588562,40974,40984,10
12.9690904617,80.248878479,40984,40994,10
12.9698495865,80.2491607666,40994,41004,10
12.9707603455,80.2495193481,41004,41014,10
12.9716501236,80.24974823,41014,41024,10
12.9726896286,80.250038147,41024,41034,10
12.9738397598,80.2503204346,41034,41051,17
12.974439621,80.2504501343,41051,41063,12
12.9749403,80.250617981,41063,41073,10
12.9756498337,80.2508392334,41073,41081,8
12.976269722,80.2510223389,41081,41093,12
12.9773597717,80.251411438,41093,41103,10
12.9782600403,80.2521362305,41103,41113,10
12.979180336,80.2525100708,41113,41123,10
12.9799203873,80.2524490356,41123,41133,10
12.9799900055,80.2523727417,41133,41143,10
12.9798803329,80.2523117065,41143,41154,11
12.9799404144,80.2520599365,41154,41164,10
12.9800901413,80.2517089844,41164,41174,10
12.9803199768,80.2509994507,41174,41184,10
12.9806003571,80.2500534058,41184,41194,10
12.9807596207,80.2490081787,41194,41204,10
12.9808397293,80.2477722168,41204,41213,9
12.980919838,80.2465667725,41213,41224,11
12.9810800552,80.245262146,41224,41234,10
12.9812097549,80.2441177368,41234,41244,10
12.9812097549,80.243927002,41244,41254,10
12.9812402725,80.2436904907,41254,41265,11
12.9813499451,80.2434997559,41265,41275,10
12.9813699722,80.2431564331,41275,41285,10
12.9813899994,80.2429504395,41285,41295,10
12.9813804626,80.2429428101,41295,41305,10
12.9813699722,80.2427825928,41305,41315,10
12.9813804626,80.2424621582,41315,41325,10
12.9813499451,80.2418823242,41325,41335,10
12.9813499451,80.2412796021,41335,41345,10
12.9813404083,80.2406997681,41345,41355,10
12.9813404083,80.2401275635,41355,41365,10
12.9813098907,80.239616394,41365,41375,10
12.981300354,80.239440918,41375,41386,11
12.9812803268,80.2390213013,41386,41396,10
12.981300354,80.2383728027,41396,41406,10
12.9812898636,80.2379837036,41406,41416,10
12.9812803268,80.2379379272,41416,41426,10
12.9812602997,80.2375106812,41426,41436,10
12.9812202454,80.2368087769,41436,41446,10
12.9812097549,80.2359237671,41446,41456,10
12.9811897278,80.235206604,41456,41466,10
12.981180191,80.2346420288,41466,41476,10
12.9812097549,80.2343063354,41476,41497,21
12.9812097549,80.2343063354,41497,41507,10
12.9813098907,80.2339706421,41507,41517,10
12.981470108,80.2336883545,41517,41547,30
12.981470108,80.2336883545,41547,41557,10
12.9816102982,80.2333602905,41557,41577,20
12.9816102982,80.2333602905,41577,41587,10
12.9816398621,80.233253479,41587,41597,10
12.9818401337,80.2327880859,41597,41607,10
12.982000351,80.2322387695,41607,41618,11
12.9819602966,80.2317428589,41618,41628,10
12.9818696976,80.2312011719,41628,41638,10
12.9815702438,80.2305908203,41638,41648,10
12.9811000824,80.2297897339,41648,41658,10
12.9807100296,80.2291793823,41658,41668,10
12.9805803299,80.2288894653,41668,41678,10
12.9805402756,80.2288208008,41678,41688,10
12.9804296494,80.2286682129,41688,41698,10
12.9802598953,80.2283630371,41698,41708,10
12.9799995422,80.2278823853,41708,41718,10
12.9795598984,80.227142334,41718,41729,11
12.9792299271,80.2265625,41729,41739,10
12.9787902832,80.2258300781,41739,41749,10
12.9783401489,80.2250823975,41749,41758,9
12.9780302048,80.2245864868,41758,41769,11
12.9778203964,80.2243804932,41769,41779,10
12.9777402878,80.2242202759,41779,41789,10
12.9775400162,80.2238616943,41789,41799,10
12.9771699905,80.2232513428,41799,41809,10
12.9769496918,80.2227630615,41809,41819,10
12.9771900177,80.22265625,41819,41829,10
12.9772195816,80.2227020264,41829,41840,11
12.977399826,80.2226409912,41840,41850,10
12.977519989,80.2223587036,41850,41860,10
12.9774799347,80.2218170166,41860,41870,10
12.9774904251,80.221496582,41870,41880,10
12.9774599075,80.2213516235,41880,41890,10
12.9775295258,80.2212295532,41890,41900,10
12.9779195786,80.2210998535,41900,41910,10
12.9783401489,80.220916748,41910,41920,10
12.9788198471,80.2206115723,41920,41930,10
12.9800701141,80.2208175659,41930,41940,10
12.9809398651,80.2209014893,41940,41951,11
12.9817800522,80.2214431763,41951,41961,10
12.9823999405,80.2216567993,41961,41971,10
12.9827404022,80.2218170166,41971,41981,10
12.9830904007,80.2220687866,41981,41991,10
12.9831199646,80.2220611572,41991,42001,10
12.983420372,80.2221832275,42001,42011,10
12.9836397171,80.2223434448,42011,42021,10
12.983830452,80.2224121094,42021,42031,10
12.9842596054,80.222618103,42031,42033,2
12.9842596054,80.222618103,42033,42080,47
12.9865999222,80.2229003906,42080,42090,10
12.9867095947,80.2228088379,42090,42100,10
12.9870004654,80.222869873,42100,42110,10
12.9874095917,80.2229995728,42110,42120,10
12.9878396988,80.2228164673,42120,42130,10
12.9883298874,80.2222213745,42130,42140,10
12.9887104034,80.2214736938,42140,42150,10
12.9893398285,80.2213363647,42150,42160,10
12.989859581,80.2207336426,42160,42171,11
12.9903697968,80.2203216553,42171,42181,10
12.9903802872,80.2203216553,42181,42192,11
12.9906702042,80.220123291,42192,42202,10
12.9909801483,80.2198410034,42202,42212,10
12.9914999008,80.2194290161,42212,42222,10
12.9921598434,80.2189865112,42222,42232,10
12.9928398132,80.218460083,42232,42242,10
12.9935798645,80.2179031372,42242,42252,10
12.9942398071,80.2174606323,42252,42262,10
12.9947004318,80.2171096802,42262,42278,16
12.9952497482,80.2167434692,42278,42290,12
12.9962396622,80.2164611816,42290,42300,10
12.9968996048,80.2164382935,42300,42309,9
12.9975099564,80.2160110474,42309,42331,22
12.9975099564,80.2160110474,42331,42341,10
12.9976396561,80.2160797119,42341,42351,10
12.9978599548,80.2158432007,42351,42361,10
12.9983701706,80.2153778076,42361,42371,10
12.9989900589,80.2148590088,42371,42381,10
12.9991703033,80.21459198,42381,42391,10
12.9996995926,80.2141799927,42391,42401,10
13.0001096725,80.2138366699,42401,42412,11
13.0010404587,80.2130737305,42412,42422,10
13.0017404556,80.2126312256,42422,42432,10
13.001999855,80.2124786377,42432,42441,9
13.0024204254,80.2121429443,42441,42452,11
13.0027704239,80.2115020752,42452,42462,10
13.0031700134,80.2114868164,42462,42472,10
13.0036697388,80.2117233276,42472,42481,9
13.0037202835,80.2113571167,42481,42491,10
13.003660202,80.2106399536,42491,42502,11
13.0035200119,80.2098388672,42502,42512,10
13.0035495758,80.2091522217,42512,42521,9
13.0037403107,80.2086181641,42521,42533,12
13.004529953,80.2088088989,42533,42543,10
13.0053300858,80.2091827393,42543,42553,10
13.0056400299,80.2092819214,42553,42563,10
13.00578022,80.2092819214,42563,42573,10
13.0060997009,80.2094421387,42573,42583,10
13.0064601898,80.2095184326,42583,42593,10
13.0069904327,80.2097396851,42593,42603,10
13.0073699951,80.2097473145,42603,42613,10
13.007809639,80.2098312378,42613,42634,21
13.007809639,80.2098312378,42634,42644,10
13.0079898834,80.2098083496,42644,42654,10
13.0082702637,80.2098388672,42654,42664,10
13.0081596375,80.2092208862,42664,42674,10
13.008020401,80.2082214355,42674,42684,10
13.0078401566,80.2074432373,42684,42694,10
13.0075998306,80.2065200806,42694,42704,10
13.0074901581,80.2055282593,42704,42714,10
13.0075397491,80.2046203613,42714,42724,10
13.0074796677,80.2038269043,42724,42734,10
13.0073204041,80.2029418945,42734,42744,10
13.0068597794,80.2025375366,42744,42755,11
13.0065898895,80.2032775879,42755,42765,10
13.0069999695,80.2034835815,42765,42775,10
13.007519722,80.2036590576,42775,42785,10
13.0083303452,80.2037277222,42785,42795,10
13.0092897415,80.2036590576,42795,42805,10
13.010310173,80.2036209106,42805,42815,10
13.0113801956,80.2037124634,42815,42825,10
13.0122699738,80.2037963867,42825,42835,10
13.0133304596,80.2039337158,42835,42866,31
13.0133304596,80.2039337158,42866,42876,10
13.0134801865,80.2042388916,42876,42886,10
13.0135297775,80.2045974731,42886,42896,10
13.0133104324,80.2052307129,42896,42906,10
13.0130596161,80.2060775757,42906,42916,10
13.0129804611,80.2069625854,42916,42926,10
13.0128803253,80.2076721191,42926,42936,10
13.0128498077,80.2080307007,42936,42946,10
13.0127601624,80.2086410522,42946,42956,10
13.0128202438,80.2087783813,42956,42966,10
13.0128898621,80.2092514038,42966,42976,10
13.013130188,80.2096862793,42976,42987,11
13.0130796432,80.2104034424,42987,42997,10
13.0128297806,80.2112503052,42997,43007,10
13.0124397278,80.2119369507,43007,43017,10
13.012049675,80.212562561,43017,43027,10
13.0118598938,80.2127990723,43027,43037,10
13.0116195679,80.2127914429,43037,43047,10
13.0113697052,80.2125320435,43047,43057,10
13.0108499527,80.2119903564,43057,43067,10
13.0103597641,80.2115402222,43067,43077,10
13.0102901459,80.2114105225,43077,43098,21
13.0102901459,80.2114105225,43098,43108,10
13.0101804733,80.2115402222,43108,43118,10
13.0099897385,80.2113189697,43118,43128,10
13.0097703934,80.2111663818,43128,43138,10
13.0096998215,80.2110290527,43138,43148,10
13.0094499588,80.2110366821,43148,43178,30
13.0094499588,80.2110366821,43178,43188,10
13.0092496872,80.2112121582,43188,43277,89
13.0092496872,80.2112121582,43277,43287,10
13.0090398788,80.2115402222,43287,43307,20
13.0090398788,80.2115402222,43307,43317,10
13.0089502335,80.2116775513,43317,43328,11
13.0090904236,80.2120132446,43328,43338,10
13.0092201233,80.2123184204,43338,43348,10
13.0094203949,80.2128829956,43348,43358,10
13.0096597672,80.2134628296,43358,43368,10
13.0099802017,80.2142181396,43368,43378,10
13.0101900101,80.2151870728,43378,43388,10
13.0103902817,80.2160568237,43388,43398,10
13.0108098984,80.2169799805,43398,43408,10
13.0112600327,80.2179031372,43408,43418,10
13.0116100311,80.2188796997,43418,43428,10
13.0119800568,80.2199783325,43428,43439,11
13.012260437,80.2208786011,43439,43448,9
13.0123300552,80.2213287354,43448,43459,11
13.0125398636,80.2218933105,43459,43469,10
13.0130395889,80.2225189209,43469,43479,10
13.0136098862,80.2231063843,43479,43489,10
13.0141601563,80.2235794067,43489,43499,10
13.0143699646,80.2238922119,43499,43509,10
13.0147304535,80.2242507935,43509,43519,10
13.0150604248,80.2247314453,43519,43529,10
13.0155096054,80.2255172729,43529,43539,10
13.0151796341,80.2258911133,43539,43549,10
13.0146598816,80.2260818481,43549,43560,11
13.0137500763,80.2265014648,43560,43570,10
13.0127801895,80.2268600464,43570,43580,10
13.0116195679,80.2273025513,43580,43590,10
13.0104103088,80.2277832031,43590,43600,10
13.0093603134,80.2278671265,43600,43610,10
13.0095300674,80.2271881104,43610,43620,10
13.0097999573,80.2267608643,43620,43630,10
13.0100603104,80.2261276245,43630,43640,10
13.0104904175,80.2252731323,43640,43650,10
13.0108299255,80.2245864868,43650,43660,10
13.0112104416,80.2238082886,43660,43671,11
13.0113401413,80.2230300903,43671,43681,10
13.010720253,80.2229232788,43681,43691,10
13.0102996826,80.2226333618,43691,43701,10
13.009519577,80.2221832275,43701,43711,10
13.0084600449,80.2217483521,43711,43721,10
13.0075397491,80.2213363647,43721,43731,10
13.0066404343,80.2210083008,43731,43741,10
13.0057201385,80.2207107544,43741,43751,10
13.0051603317,80.2202224731,43751,43761,10
13.0040597916,80.2202072144,43761,43771,10
13.0031499863,80.2199783325,43771,43781,10
13.002120018,80.2196578979,43781,43792,11
13.0016803741,80.2189483643,43792,43802,10
13.0016498566,80.2186584473,43802,43812,10
13.001159668,80.2182769775,43812,43822,10
13.000289917,80.2180633545,43822,43832,10
12.9994401932,80.2177581787,43832,43842,10
12.9987297058,80.217338562,43842,43852,10
12.9980802536,80.2167892456,43852,43862,10
12.9976196289,80.2165222168,43862,43873,11
12.997130394,80.2165298462,43873,43883,10
12.9970998764,80.2165374756,43883,43893,10
12.9966602325,80.2165985107,43893,43904,11
12.9960699081,80.2167434692,43904,43914,10
12.9956598282,80.2168197632,43914,43924,10
12.99559021,80.2168502808,43924,43934,10
12.9954395294,80.2168884277,43934,43944,10
12.9952402115,80.2169494629,43944,43954,10
12.9951000214,80.2170410156,43954,43964,10
12.9949197769,80.2171783447,43964,43974,10
12.9945497513,80.2174682617,43974,43984,10
12.9941902161,80.217666626,43984,43994,10
12.9938898087,80.2179031372,43994,44004,10
12.9933996201,80.2182235718,44004,44015,11
12.9932498932,80.218421936,44015,44025,10
12.9928197861,80.2188262939,44025,44035,10
12.9920701981,80.219329834,44035,44045,10
12.9911003113,80.2199707031,44045,44055,10
12.9907302856,80.2202835083,44055,44065,10
12.9901895523,80.2206268311,44065,44075,10
12.9893903732,80.2213516235,44075,44085,10
12.9888296127,80.2220687866,44085,44095,10
12.9882297516,80.2227020264,44095,44105,10
12.9876298904,80.2230682373,44105,44115,10
12.9873199463,80.2230911255,44115,44125,10
12.9866895676,80.2229614258,44125,44136,11
12.9854001999,80.2229614258,44136,44146,10
12.9851799011,80.2232818604,44146,44156,10
12.9846496582,80.22315979,44156,44166,10
12.9839601517,80.2230300903,44166,44176,10
12.9834804535,80.2227478027,44176,44186,10
12.9831399918,80.2224578857,44186,44216,30
12.9831399918,80.2224578857,44216,44226,10
12.9829998016,80.2220687866,44226,44236,10
12.9829797745,80.2220077515,44236,44247,11
12.9827804565,80.2217025757,44247,44257,10
12.9824800491,80.2215576172,44257,44267,10
12.9821796417,80.2213821411,44267,44277,10
12.9819898605,80.2209396362,44277,44287,10
12.980890274,80.2210006714,44287,44297,10
12.9795503616,80.2212524414,44297,44307,10
12.9787502289,80.2212600708,44307,44317,10
12.9777402878,80.2213134766,44317,44327,10
12.9766397476,80.2213287354,44327,44337,10
12.9759597778,80.2214736938,44337,44347,10
12.9760799408,80.2218475342,44347,44378,31
12.9760799408,80.2218475342,44378,44388,10
12.9764499664,80.2219390869,44388,44398,10
12.9766302109,80.2222976685,44398,44408,10
12.9770097733,80.2229232788,44408,44418,10
12.9774999619,80.2237091064,44418,44428,10
12.977930069,80.2244033813,44428,44438,10
12.9781599045,80.2246704102,44438,44448,10
12.9785003662,80.2253036499,44448,44458,10
12.9789600372,80.2260131836,44458,44468,10
12.9793195724,80.2266387939,44468,44479,11
12.9795398712,80.2269973755,44479,44489,10
12.9798202515,80.2275619507,44489,44505,16
12.9804801941,80.2286987305,44505,44517,12
12.9809799194,80.2294387817,44517,44527,10
12.9813404083,80.2300033569,44527,44535,8
12.9816799164,80.2305679321,44535,44546,11
12.9817304611,80.2306365967,44546,44558,12
12.9818601608,80.2309494019,44558,44568,10
12.9820203781,80.2316436768,44568,44578,10
12.982000351,80.2322463989,44578,44589,11
12.9819002151,80.2328186035,44589,44599,10
12.9817199707,80.233253479,44599,44609,10
12.9816102982,80.2334899902,44609,44629,20
12.9816102982,80.2334899902,44629,44639,10
12.9813299179,80.2339019775,44639,44649,10
12.9811496735,80.234413147,44649,44659,10
12.981180191,80.2355728149,44659,44669,10
12.9812297821,80.2364501953,44669,44679,10
12.9812602997,80.2373733521,44679,44689,10
12.9813098907,80.2381591797,44689,44699,10
12.9813098907,80.2387771606,44699,44710,11
12.9813203812,80.2387695313,44710,44720,10
12.9813404083,80.2391281128,44720,44730,10
12.9813098907,80.2394180298,44730,44740,10
12.9813203812,80.2397079468,44740,44750,10
12.9813203812,80.2402114868,44750,44760,10
12.9813404083,80.2410202026,44760,44770,10
12.9813299179,80.2419891357,44770,44780,10
12.9814395905,80.2428131104,44780,44800,20
12.9814395905,80.2428131104,44800,44810,10
12.9814100266,80.243057251,44810,44821,11
12.9813804626,80.2437362671,44821,44831,10
12.9811697006,80.2445678711,44831,44841,10
12.9810199738,80.2456283569,44841,44851,10
12.9808998108,80.246963501,44851,44861,10
12.9808197021,80.2480621338,44861,44871,10
12.980629921,80.249786377,44871,44881,10
12.9802999496,80.2511367798,44881,44891,10
12.9800901413,80.2520980835,44891,44901,10
12.9799404144,80.252571106,44901,44952,51
12.9799203873,80.2523880005,44952,44972,20
12.9799203873,80.2523880005,44972,44981,9
12.9798603058,80.2526779175,44981,44991,10
12.9795198441,80.252746582,44991,45002,11
12.9787998199,80.2526779175,45002,45012,10
12.978679657,80.2526626587,45012,45022,10
12.9786100388,80.2526016235,45022,45032,10
12.9781799316,80.2523193359,45032,45042,10
12.9774703979,80.251739502,45042,45053,11
12.9763803482,80.2511672974,45053,45063,10
12.9750900269,80.2508010864,45063,45073,10
12.9736700058,80.2504577637,45073,45083,10
12.9725599289,80.2501831055,45083,45093,10
12.9723796844,80.2501373291,45093,45103,10
12.9719400406,80.25,45103,45113,10
12.971159935,80.2498626709,45113,45129,16
12.9695701599,80.2492370605,45129,45141,12
12.968079567,80.2486419678,45141,45149,8
12.9670801163,80.2482376099,45149,45160,11
12.9659204483,80.2476806641,45160,45172,12
12.9649095535,80.2473220825,45172,45182,10
12.964799881,80.2473373413,45182,45192,10
12.9643201828,80.2472229004,45192,45202,10
12.9637403488,80.2469406128,45202,45212,10
12.9631795883,80.2466583252,45212,45221,9
12.9625396729,80.2463378906,45221,45232,11
12.9613895416,80.2457199097,45232,45242,10
12.9600801468,80.2451400757,45242,45252,10
12.9593000412,80.2448272705,45252,45262,10
12.9593000412,80.2448196411,45262,45273,11
12.9588699341,80.2445831299,45273,45283,10
12.9581403732,80.2442932129,45283,45293,10
12.9573898315,80.244102478,45293,45303,10
12.9564304352,80.2437820435,45303,45333,30
12.9564304352,80.2437820435,45333,45343,10
12.9561300278,80.2435913086,45343,45353,10
12.9555702209,80.243270874,45353,45363,10
12.9547195435,80.2428665161,45363,45373,10
12.9537801743,80.2425689697,45373,45383,10
12.9527902603,80.2421264648,45383,45394,11
12.9518003464,80.2418136597,45394,45404,10
12.9515304565,80.2416992188,45404,45414,10
12.9512796402,80.2416610718,45414,45424,10
12.9507102966,80.2414627075,45424,45434,10
12.9499702454,80.2411499023,45434,45444,10
12.9491100311,80.2408599854,45444,45454,10
12.94851017,80.2405929565,45454,45464,10
12.9476699829,80.2402572632,45464,45474,10
12.9471597672,80.2400665283,45474,45484,10
12.9471302032,80.2400588989,45484,45494,10
12.9468402863,80.2399368286,45494,45504,10
12.9462299347,80.2396621704,45504,45515,11
12.9452495575,80.2393112183,45515,45525,10
12.9439201355,80.2390213013,45525,45535,10
12.9430599213,80.2381210327,45535,45545,10
12.9430799484,80.2373199463,45545,45555,10
12.9431600571,80.2372283936,45555,45564,9
12.9431295395,80.2370605469,45564,45575,11
12.9425697327,80.236579895,45575,45585,10
12.9418096542,80.2363433838,45585,45595,10
12.9408502579,80.2361221313,45595,45605,10
12.9398097992,80.2358398438,45605,45615,10
12.939620018,80.2357635498,45615,45626,11
12.9393100739,80.2356491089,45626,45636,10
12.9387397766,80.2352828979,45636,45646,10
12.9378595352,80.2348403931,45646,45656,10
12.9368696213,80.234336853,45656,45666,10
12.9359397888,80.2339324951,45666,45676,10
12.9350795746,80.233581543,45676,45686,10
12.9341402054,80.2331390381,45686,45696,10
12.9337596893,80.2329788208,45696,45706,10
12.9335803986,80.2328262329,45706,45716,10
12.9330596924,80.2326507568,45716,45726,10
12.9323997498,80.2323226929,45726,45737,11
12.9313802719,80.2320175171,45737,45747,10
12.9303703308,80.2317276001,45747,45757,10
12.9294395447,80.2314987183,45757,45767,10
12.9288702011,80.2313690186,45767,45777,10
12.9284896851,80.2313308716,45777,45787,10
12.9277896881,80.2312164307,45787,45797,10
12.9268598557,80.2311019897,45797,45807,10
12.9261302948,80.2310562134,45807,45837,30
12.9261302948,80.2310562134,45837,45847,10
12.9256601334,80.2309799194,45847,45858,11
12.9249801636,80.2309417725,45858,45868,10
12.9243402481,80.2308425903,45868,45878,10
12.9233999252,80.2307128906,45878,45888,10
12.9222803116,80.2305374146,45888,45898,10
12.9209604263,80.2303466797,45898,45908,10
12.9196100235,80.2302093506,45908,45918,10
12.9188203812,80.2301101685,45918,45928,10
12.918800354,80.2301177979,45928,45938,10
12.9185400009,80.2300720215,45938,45948,10
12.9178304672,80.2299575806,45948,45958,10
12.9168596268,80.2298126221,45958,45969,11
12.9155702591,80.2296218872,45969,45979,10
12.9144001007,80.2294692993,45979,45989,10
12.9135103226,80.2293319702,45989,45999,10
12.913310051,80.2293014526,45999,46009,10
12.9132204056,80.2292480469,46009,46019,10
12.9126796722,80.2292022705,46019,46029,10
12.9119796753,80.2290802002,46029,46039,10
12.9109601974,80.2289505005,46039,46049,10
12.9096899033,80.2287521362,46049,46059,10
12.9084596634,80.2285308838,46059,46069,10
12.9078998566,80.2284393311,46069,46080,11
12.9077796936,80.2284698486,46080,46090,10
12.9073896408,80.2284088135,46090,46100,10
12.9071397781,80.2283172607,46100,46110,10
12.9072704315,80.2282867432,46110,46120,10
12.9072999954,80.2282333374,46120,46130,10
12.9071998596,80.2283782959,46130,46150,20
12.9071998596,80.2283782959,46150,46160,10
12.9072904587,80.2282562256,46160,46170,10
12.9067401886,80.2282485962,46170,46180,10
12.9059400558,80.2282791138,46180,46190,10
12.9049396515,80.2281723022,46190,46201,11
12.9039402008,80.2281417847,46201,46211,10
12.9030199051,80.2280883789,46211,46221,10
12.9024801254,80.2280807495,46221,46251,30
12.9024801254,80.2280807495,46251,46260,9
12.9023103714,80.2279510498,46260,46271,11
12.9017801285,80.2279891968,46271,46281,10
12.9012203217,80.2279815674,46281,46291,10
12.9005899429,80.2279281616,46291,46301,10
12.8998498917,80.227897644,46301,46312,11
12.8992996216,80.2278823853,46312,46322,10
12.899020195,80.227897644,46322,46332,10
12.8989400864,80.2279205322,46332,46342,10
12.8985300064,80.2278823853,46342,46352,10
12.8978796005,80.2277984619,46352,46362,10
12.89702034,80.2277297974,46362,46372,10
12.8959703445,80.2276992798,46372,46382,10
12.8948602676,80.2276763916,46382,46392,10
12.8937397003,80.2276229858,46392,46402,10
12.8933200836,80.2275390625,46402,46422,20
12.8931503296,80.2275238037,46422,46463,41
12.8931503296,80.2275238037,46463,46473,10
12.8927698135,80.2275238037,46473,46483,10
12.8923797607,80.2274627686,46483,46493,10
12.8919801712,80.2273788452,46493,46503,10
12.8912096024,80.2273330688,46503,46513,10
12.8900499344,80.2273406982,46513,46523,10
12.8887395859,80.2273788452,46523,46533,10
12.8874797821,80.2272109985,46533,46544,11
12.8859701157,80.2268829346,46544,46554,10
12.8850097656,80.2267532349,46554,46564,10
12.8840703964,80.2267227173,46564,46574,10
12.8828401566,80.2267227173,46574,46584,10
12.8814401627,80.2267532349,46584,46594,10
12.8799600601,80.2267837524,46594,46604,10
12.878490448,80.2267684937,46604,46614,10
12.8772602081,80.2266769409,46614,46624,10
12.8769598007,80.2267608643,46624,46634,10
12.876709938,80.2268600464,46634,46644,10
12.8764400482,80.2269134521,46644,46654,10
12.8763599396,80.2266998291,46654,46665,11
12.8763599396,80.2265625,46665,46675,10
12.8764200211,80.2263793945,46675,46685,10
12.8764896393,80.2256393433,46685,46695,10
12.8766202927,80.2247009277,46695,46705,10
12.8768196106,80.2234420776,46705,46715,10
12.8771600723,80.2220077515,46715,46725,10
12.8774595261,80.220703125,46725,46735,10
12.8778600693,80.2193374634,46735,46745,10
12.8782596588,80.217918396,46745,46755,10
12.8784503937,80.2167205811,46755,46765,10
12.8785295486,80.2158203125,46765,46776,11
12.8787002563,80.2147064209,46776,46786,10
12.8789300919,80.213432312,46786,46796,10
12.8790998459,80.2121276855,46796,46806,10
12.8792104721,80.2111816406,46806,46816,10
12.8788795471,80.2109298706,46816,46826,10
12.8789596558,80.2109603882,46826,46836,10
12.8786401749,80.2109603882,46836,46846,10
12.8778295517,80.2108306885,46846,46855,9
12.8770103455,80.2106323242,46855,46865,10
12.8759403229,80.2103424072,46865,46876,11
12.8750295639,80.2101974487,46876,46886,10
12.8744497299,80.2100982666,46886,46897,11
12.8743095398,80.2098770142,46897,46907,10
12.8743400574,80.2097625732,46907,46917,10
12.8743600845,80.2097167969,46917,46937,20
12.8743200302,80.2097473145,46937,47179,242
12.8743200302,80.2097473145,47179,47189,10
12.8743200302,80.2096633911,47189,47199,10
12.8746004105,80.2095413208,47199,47209,10
12.8745002747,80.2097473145,47209,47240,31
12.8745002747,80.2097473145,47240,47250,10
12.8746404648,80.2099990845,47250,47260,10
12.8749103546,80.2101669312,47260,47270,10
12.8751497269,80.2102279663,47270,47280,10
12.875670433,80.2103424072,47280,47290,10
12.8762998581,80.2104110718,47290,47300,10
12.8771800995,80.2105789185,47300,47310,10
12.8781204224,80.2107162476,47310,47320,10
12.8788795471,80.2108535767,47320,47329,9
12.8792295456,80.2109680176,47329,47340,11
12.8794202805,80.2114105225,47340,47351,11
12.879240036,80.2122802734,47351,47360,9
12.8790798187,80.213180542,47360,47371,11
12.8788499832,80.2145004272,47371,47381,10
12.878569603,80.2158203125,47381,47391,10
12.878279686,80.2172012329,47391,47401,10
12.877989769,80.2186431885,47401,47411,10
12.8776903152,80.2200927734,47411,47421,10
12.8773403168,80.2215118408,47421,47431,10
12.8769798279,80.2229614258,47431,47441,10
12.8766899109,80.2244110107,47441,47451,10
12.876540184,80.2258834839,47451,47461,10
12.8764200211,80.2269363403,47461,47472,11
12.8764600754,80.2272872925,47472,47482,10
12.8764400482,80.2269363403,47482,47492,10
12.8766298294,80.2269134521,47492,47502,10
12.8771095276,80.226852417,47502,47512,10
12.8780202866,80.2267532349,47512,47522,10
12.8791399002,80.2266693115,47522,47531,9
12.8803195953,80.2266464233,47531,47542,11
12.881819725,80.2266387939,47542,47552,10
12.8832597733,80.226600647,47552,47562,10
12.8846702576,80.2265777588,47562,47572,10
12.8858604431,80.2267532349,47572,47583,11
12.8872900009,80.2271575928,47583,47593,10
12.8885498047,80.2273330688,47593,47603,10
12.8899402618,80.2273025513,47603,47613,10
12.891289711,80.2272796631,47613,47623,10
12.8921604156,80.2272872925,47623,47633,10
12.8929195404,80.2273406982,47633,47643,10
12.8937702179,80.2274398804,47643,47653,10
12.8941402435,80.2274780273,47653,47663,10
12.8941898346,80.2274627686,47663,47673,10
12.8947200775,80.2275085449,47673,47683,10
12.8954296112,80.2275238037,47683,47694,11
12.8965597153,80.2275466919,47694,47704,10
12.8978500366,80.2276611328,47704,47714,10
12.8991603851,80.2277603149,47714,47724,10
12.9005002975,80.2277908325,47724,47855,131
12.9005002975,80.2277908325,47855,47865,10
12.9007101059,80.2277908325,47865,47875,10
12.9009504318,80.2277908325,47875,47885,10
12.9013204575,80.2277832031,47885,47895,10
12.9023599625,80.2278518677,47895,47915,20
12.9023599625,80.2278518677,47915,47926,11
12.9027395248,80.2279205322,47926,47936,10
12.903380394,80.2279434204,47936,47946,10
12.9043798447,80.2279586792,47946,47956,10
12.9055404663,80.2280426025,47956,47966,10
12.9061002731,80.2281417847,47966,47996,30
12.9061002731,80.2281417847,47996,48006,10
12.9063596725,80.2281723022,48006,48016,10
12.9065704346,80.2281570435,48016,48026,10
12.9066801071,80.2281799316,48026,48036,10
12.9068098068,80.2282028198,48036,48047,11
12.9070997238,80.2283096313,48047,48057,10
12.9076004028,80.2283477783,48057,48067,10
12.9084701538,80.2284698486,48067,48077,10
12.909620285,80.2286834717,48077,48087,10
12.9108800888,80.228843689,48087,48097,10
12.9122600555,80.229019165,48097,48107,10
12.9137201309,80.2292327881,48107,48117,10
12.9142503738,80.2292404175,48117,48127,10
12.914150238,80.2291793823,48127,48137,10
12.9145698547,80.2292633057,48137,48147,10
12.9153003693,80.2294082642,48147,48158,11
12.9163799286,80.229598999,48158,48168,10
12.9174699783,80.2297515869,48168,48178,10
12.9186401367,80.2299118042,48178,48188,10
12.9193601608,80.2299880981,48188,48198,10
12.9193601608,80.2300033569,48198,48208,10
12.9197502136,80.2300720215,48208,48218,10
12.9203701019,80.230140686,48218,48228,10
12.9212903976,80.2302093506,48228,48238,10
12.9224500656,80.2304000854,48238,48248,10
12.9237203598,80.2305984497,48248,48258,10
12.9250497818,80.2307434082,48258,48269,11
12.9265699387,80.2312316895,48269,48279,10
12.9263095856,80.2309188843,48279,48289,10
12.9266004562,80.2309417725,48289,48299,10
12.9273099899,80.2310180664,48299,48309,10
12.9282598495,80.2311325073,48309,48319,10
12.9291696548,80.2313232422,48319,48329,10
12.9301595688,80.2315597534,48329,48339,10
12.9312696457,80.231842041,48339,48349,10
12.9324998856,80.2322387695,48349,48359,10
12.9334602356,80.2325897217,48359,48369,10
12.9335403442,80.2326812744,48369,48379,10
12.9336500168,80.2327575684,48379,48390,11
12.9342298508,80.2330322266,48390,48400,10
12.934510231,80.2331237793,48400,48410,10
12.935090065,80.2333831787,48410,48420,10
12.935839653,80.2337417603,48420,48430,10
12.9368200302,80.2341766357,48430,48440,10
12.937959671,80.2347183228,48440,48450,10
12.9391403198,80.2353286743,48450,48459,9
12.9398498535,80.2356796265,48459,48469,10
12.9398403168,80.2356796265,48469,48480,11
12.9403095245,80.2358093262,48480,48490,10
12.9410495758,80.2360305786,48490,48500,10
12.9419898987,80.2362365723,48500,48511,11
12.9431400299,80.2367782593,48511,48521,10
12.9440603256,80.2377166748,48521,48531,10
12.9449796677,80.2387619019,48531,48541,10
12.9461603165,80.2395019531,48541,48551,10
12.9474096298,80.2400131226,48551,48571,20
12.9474096298,80.2400131226,48571,48581,10
12.9476604462,80.2400817871,48581,48591,10
12.9483804703,80.2403564453,48591,48600,9
12.9491701126,80.2406616211,48600,48610,10
12.9500999451,80.2410125732,48610,48622,12
12.951210022,80.2413330078,48622,48632,10
12.9511995316,80.2413406372,48632,48642,10
12.9514703751,80.2414474487,48642,48652,10
12.9521198273,80.2416915894,48652,48662,10
12.9529800415,80.2419891357,48662,48672,10
12.9539203644,80.2423706055,48672,48682,10
12.95470047,80.2426605225,48682,48692,10
12.955450058,80.2429199219,48692,48702,10
12.9562101364,80.2433013916,48702,48712,10
12.9563598633,80.2434310913,48712,48722,10
12.9568004608,80.2436523438,48722,48733,11
12.9578504562,80.2440109253,48733,48742,9
12.9586896896,80.2443466187,48742,48753,11
12.9590501785,80.2445373535,48753,48763,10
12.9590597153,80.2445297241,48763,48773,10
12.9593400955,80.2446365356,48773,48783,10
12.9598903656,80.2448883057,48783,48793,10
12.9606895447,80.245262146,48793,48803,10
12.9617099762,80.2457427979,48803,48813,10
12.9628696442,80.2463226318,48813,48823,10
12.9638996124,80.2468185425,48823,48833,10
12.9650802612,80.2471923828,48833,48843,10
12.9661502838,80.2475509644,48843,48854,11
12.9666004181,80.2477798462,48854,48864,10
12.9666700363,80.2478179932,48864,48874,10
12.9670600891,80.2480392456,48874,48884,10
12.9677495956,80.2483215332,48884,48894,10
12.9687204361,80.2487182617,48894,48904,10
12.9698801041,80.2491607666,48904,48914,10
12.9710903168,80.2496032715,48914,48924,10
12.9721899033,80.2498931885,48924,48934,10
12.9732303619,80.2501373291,48934,48944,10
12.9743003845,80.2504425049,48944,48954,10
12.9744195938,80.2504577637,48954,48965,11
12.9746198654,80.2505187988,48965,48975,10
12.9752101898,80.2507019043,48975,48985,10
12.976099968,80.2509765625,48985,48995,10
12.9771203995,80.2513122559,48995,49005,10
12.9780902863,80.2520370483,49005,49021,16
12.9795303345,80.2525405884,49021,49033,12
12.9799203873,80.2522964478,49033,49041,8
12.9799203873,80.252281189,49041,49053,12
12.9799404144,80.252166748,49053,49063,10
12.9800701141,80.251701355,49063,49073,10
12.9803600311,80.2509307861,49073,49084,11
12.9806098938,80.2498474121,49084,49094,10
12.9807596207,80.2486877441,49094,49103,9
12.9809103012,80.2475204468,49103,49114,11
12.981010437,80.2459564209,49114,49124,10
12.9811296463,80.2446594238,49124,49134,10
12.9811496735,80.2438278198,49134,49144,10
12.9812202454,80.2436523438,49144,49154,10
12.9812898636,80.2433929443,49154,49164,10
12.9812803268,80.2431030273,49164,49174,10
12.9812498093,80.242980957,49174,49184,10
12.9813098907,80.2428817749,49184,49195,11
12.9814596176,80.2425231934,49195,49205,10
12.9813203812,80.2418899536,49205,49215,10
12.9813203812,80.2409515381,49215,49225,10
12.9812498093,80.2400665283,49225,49235,10
12.9812402725,80.2396621704,49235,49245,10
12.9812803268,80.2395935059,49245,49255,10
12.9811897278,80.2392272949,49255,49265,10
12.9812202454,80.2386627197,49265,49275,10
12.9812202454,80.2380828857,49275,49285,10
12.9812803268,80.2379302979,49285,49295,10
12.9812602997,80.2375106812,49295,49305,10
12.9811897278,80.2368164063,49305,49316,11
12.9811697006,80.2361297607,49316,49326,10
12.981180191,80.235786438,49326,49336,10
12.981180191,80.2354278564,49336,49346,10
12.981180191,80.2350463867,49346,49356,10
12.9811897278,80.2344436646,49356,49366,10
12.9812498093,80.2342071533,49366,49376,10
12.9813995361,80.2339019775,49376,49386,10
12.9814300537,80.2338485718,49386,49396,10
12.9817199707,80.2334365845,49396,49416,20
12.9817199707,80.2334365845,49416,49427,11
12.9817495346,80.2332611084,49427,49437,10
12.9818000793,80.2331390381,49437,49467,30
12.9818000793,80.2331390381,49467,49477,10
12.9818696976,80.2328109741,49477,49487,10
12.9819602966,80.2324981689,49487,49497,10
12.9819898605,80.2321166992,49497,49507,10
12.9819803238,80.2315673828,49507,49517,10
12.9817895889,80.2308578491,49517,49527,10
12.9814596176,80.2301635742,49527,49538,11
12.9808998108,80.229347229,49538,49548,10
12.9807596207,80.2291183472,49548,49558,10
12.9805898666,80.2287521362,49558,49568,10
12.9803800583,80.2283172607,49568,49578,10
12.9802703857,80.2281570435,49578,49588,10
12.9799699783,80.2278823853,49588,49598,10
12.9799203873,80.2278900146,49598,49608,10
12.9799003601,80.2276306152,49608,49618,10
12.9796600342,80.2272720337,49618,49628,10
12.9793796539,80.2268371582,49628,49638,10
12.9790496826,80.2261810303,49638,49654,16
12.9784202576,80.2248535156,49654,49667,13
12.9779195786,80.2244262695,49667,49677,10
12.9776697159,80.2240524292,49677,49687,10
12.9773397446,80.2234802246,49687,49697,10
12.9768104553,80.2234725952,49697,49707,10
12.9767799377,80.22290802,49707,49716,9
12.9772596359,80.2227096558,49716,49737,21
12.9772596359,80.2227096558,49737,49747,10
12.9773597717,80.2225570679,49747,49757,10
12.9772596359,80.2222137451,49757,49768,11
12.977350235,80.2215118408,49768,49778,10
12.9773702621,80.2212677002,49778,49788,10
12.9775104523,80.2211608887,49788,49798,10
12.9780397415,80.2211227417,49798,49808,10
12.9787797928,80.2210693359,49808,49818,10
12.9797096252,80.2210617065,49818,49828,10
12.9808301926,80.2209091187,49828,49836,8
12.9814796448,80.2211380005,49836,49847,11
12.9821796417,80.2216796875,49847,49857,10
12.9827299118,80.221786499,49857,49868,11
12.983300209,80.2218170166,49868,49878,10
12.9833698273,80.2222213745,49878,49889,11
12.9842596054,80.2225265503,49889,49899,10
12.9848804474,80.2227783203,49899,49909,10
12.9850997925,80.223197937,49909,49919,10
12.9855098724,80.22315979,49919,49929,10
12.9861097336,80.2229537964,49929,49949,20
12.9861097336,80.2229537964,49949,49959,10
12.9863300323,80.2229309082,49959,49976,17
12.9867601395,80.2229309082,49976,49988,12
12.987279892,80.2230606079,49988,49996,8
12.9877595901,80.2230377197,49996,50009,13
12.9885702133,80.2224731445,50009,50019,10
12.9890804291,80.2218017578,50019,50029,10
12.9902896881,80.220451355,50029,50039,10
12.9905099869,80.2201690674,50039,50049,10
12.9906997681,80.2200164795,50049,50059,10
12.9910802841,80.2198104858,50059,50079,20
12.9910802841,80.2198104858,50079,50089,10
12.991519928,80.2195587158,50089,50099,10
12.9921102524,80.2191696167,50099,50109,10
12.9928598404,80.2185974121,50109,50119,10
12.9937801361,80.2179412842,50119,50130,11
12.9946403503,80.2173233032,50130,50140,10
12.994720459,80.2172164917,50140,50150,10
12.9950399399,80.2170028687,50150,50160,10
12.9955396652,80.2167434692,50160,50170,10
12.9964504242,80.2164916992,50170,50180,10
12.9971904755,80.2163772583,50180,50190,10
12.9974403381,80.2160873413,50190,50200,10
12.9976196289,80.215927124,50200,50210,10
12.9979200363,80.2156677246,50210,50220,10
12.9984998703,80.2151794434,50220,50231,11
12.9992599487,80.2146224976,50231,50241,10
12.9997596741,80.2141494751,50241,50251,10
12.9998598099,80.2139663696,50251,50260,9
13.0000801086,80.2138214111,50260,50271,11
13.000579834,80.2133789063,50271,50281,10
13.0013599396,80.2127685547,50281,50291,10
13.0022602081,80.2122192383,50291,50301,10
13.0030403137,80.212059021,50301,50311,10
13.0036697388,80.2119598389,50311,50321,10
13.0037002563,80.2118682861,50321,50331,10
13.0037603378,80.2116394043,50331,50342,11
13.0037403107,80.2109985352,50342,50352,10
13.0036096573,80.2103500366,50352,50362,10
13.0034999847,80.2097396851,50362,50372,10
13.0036401749,80.2089996338,50372,50382,10
13.0041303635,80.2086029053,50382,50392,10
13.0050401688,80.2090682983,50392,50402,10
13.0059604645,80.2095031738,50402,50422,20
13.0059604645,80.2095031738,50422,50432,10
13.0060100555,80.2095108032,50432,50442,10
13.0064096451,80.2096176147,50442,50452,10
13.006649971,80.2097091675,50452,50463,11
13.0068702698,80.2098312378,50463,50473,10
13.0073299408,80.2100067139,50473,50483,10
13.0080003738,80.2099609375,50483,50493,10
13.0081796646,80.2097396851,50493,50503,10
13.008099556,80.2089080811,50503,50513,10
13.0080604553,80.2078170776,50513,50523,10
13.0078496933,80.2069015503,50523,50533,10
13.0075798035,80.2059402466,50533,50543,10
13.0075397491,80.2048797607,50543,50553,10
13.007519722,80.2039413452,50553,50563,10
13.007349968,80.2030181885,50563,50574,11
13.0065698624,80.2025222778,50574,50584,10
13.0068597794,80.2034835815,50584,50594,10
13.007809639,80.2037506104,50594,50604,10
13.0091199875,80.2036819458,50604,50614,10
13.01060009,80.2036209106,50614,50624,10
13.0119400024,80.2037200928,50624,50634,10
13.0131196976,80.2039413452,50634,50644,10
13.0136404037,80.2041931152,50644,50654,10
13.0136203766,80.2043991089,50654,50664,10
13.0134897232,80.204750061,50664,50674,10
13.0132703781,80.2053604126,50674,50684,10
13.0130195618,80.2063293457,50684,50695,11
13.0129804611,80.207321167,50695,50705,10
13.0129804611,80.2078933716,50705,50715,10
13.0130395889,80.2087631226,50715,50725,10
13.0129995346,80.2088088989,50725,50735,10
13.0130395889,80.2090682983,50735,50745,10
13.0132398605,80.2096099854,50745,50755,10
13.0131902695,80.2102813721,50755,50765,10
13.0129804611,80.2111434937,50765,50775,10
13.0126695633,80.2114868164,50775,50785,10
13.0123596191,80.2121505737,50785,50795,10
13.012049675,80.2125167847,50795,50806,11
13.0117998123,80.2127990723,50806,50816,10
13.0112400055,80.2124023438,50816,50866,50
13.011059761,80.2124481201,50866,50896,30
13.0111103058,80.2124404907,50896,51370,474
13.0111103058,80.2124404907,51370,51381,11
13.0111999512,80.2124023438,51381,51693,312
13.0109596252,80.2123184204,51693,51905,212
13.0109596252,80.2123184204,51905,51915,10
13.0110797882,80.2124023438,51915,52046,131
13.0110797882,80.2124023438,52046,52056,10
13.0112695694,80.2124023438,52056,52077,21
13.0108995438,80.2123184204,52077,52107,30
13.0108995438,80.2123184204,52107,52117,10
13.0109996796,80.2123413086,52117,52127,10
13.0107898712,80.2123031616,52127,52835,708
13.0107898712,80.2123031616,52835,52845,10
13.0107498169,80.2120666504,52845,52855,10
13.0105199814,80.2117462158,52855,52865,10
13.0100402832,80.2114105225,52865,52876,11
13.0096197128,80.2111434937,52876,53025,149
13.0096197128,80.2111434937,53025,53035,10
13.0092601776,80.2112426758,53035,53045,10
13.0092601776,80.2112197876,53045,53054,9
13.0092096329,80.2112884521,53054,53065,11
13.0091495514,80.2112579346,53065,53075,10
13.0090303421,80.2115020752,53075,53086,11
13.0091495514,80.2118988037,53086,53096,10
13.0093002319,80.2124099731,53096,53107,11
13.0095300674,80.2129821777,53107,53117,10
13.0098400116,80.2136688232,53117,53127,10
13.0101003647,80.2145385742,53127,53137,10
13.0102300644,80.2155227661,53137,53147,10
13.0106201172,80.2165298462,53147,53156,9
13.0109500885,80.2171630859,53156,53167,11
13.011300087,80.2179870605,53167,53177,10
13.0116996765,80.2191467285,53177,53185,8
13.0119600296,80.2199783325,53185,53197,12
13.0121603012,80.2211837769,53197,53207,10
13.012430191,80.2217025757,53207,53218,11
13.0130195618,80.22215271,53218,53228,10
13.0136804581,80.2224884033,53228,53238,10
13.0140800476,80.2232666016,53238,53248,10
13.0145797729,80.2240066528,53248,53258,10
13.0151195526,80.2247924805,53258,53268,10
13.0151796341,80.224861145,53268,53278,10
13.0153799057,80.2256164551,53278,53288,10
13.0148096085,80.2259368896,53288,53298,10
13.0140304565,80.2263412476,53298,53308,10
13.013250351,80.2266464233,53308,53318,10
13.0124197006,80.2269515991,53318,53328,10
13.0115299225,80.2273330688,53328,53339,11
13.0106201172,80.2276611328,53339,53349,10
13.0099000931,80.2279205322,53349,53359,10
13.0095100403,80.2275390625,53359,53369,10
13.0098400116,80.226852417,53369,53379,10
13.0102596283,80.226020813,53379,53389,10
13.0107097626,80.225151062,53389,53405,16
13.0108604431,80.2246627808,53405,53417,12
13.0107698441,80.2241363525,53417,53427,10
13.0111103058,80.2232208252,53427,53437,10
13.0110797882,80.2230300903,53437,53447,10
13.0105304718,80.2229385376,53447,53458,11
13.0102701187,80.2227630615,53458,53468,10
13.010219574,80.2227096558,53468,53478,10
13.0098896027,80.2224884033,53478,53487,9
13.0094995499,80.2222366333,53487,53498,11
13.0086803436,80.2218093872,53498,53508,10
13.0080699921,80.2214431763,53508,53518,10
13.0071601868,80.2209701538,53518,53528,10
13.0062599182,80.2206420898,53528,53537,9
13.0055503845,80.2204666138,53537,53548,11
13.004650116,80.2202987671,53548,53558,10
13.0043497086,80.220199585,53558,53569,11
13.0040397644,80.220161438,53569,53579,10
13.0035600662,80.2201309204,53579,53589,10
13.0029401779,80.2199325562,53589,53599,10
13.0022296906,80.2194595337,53599,53609,10
13.0017204285,80.2188034058,53609,53619,10
13.001159668,80.2182998657,53619,53629,10
13.000459671,80.2178726196,53629,53639,10
12.9998397827,80.2174682617,53639,53647,8
12.9992303848,80.2171478271,53647,53659,12
12.9982995987,80.2166976929,53659,53669,10
12.9975795746,80.2165222168,53669,53680,11
12.9972496033,80.2164230347,53680,53710,30
12.9972496033,80.2164230347,53710,53720,10
12.9970302582,80.2163314819,53720,53730,10
12.9967498779,80.2164764404,53730,53740,10
12.9963598251,80.2165527344,53740,53750,10
12.9958496094,80.2167816162,53750,53760,10
12.9952402115,80.2169189453,53760,53770,10
12.9947395325,80.2172393799,53770,53780,10
12.9942798615,80.2176437378,53780,53790,10
12.9937801361,80.2180862427,53790,53801,11
12.993060112,80.2185897827,53801,53811,10
12.9923801422,80.2190475464,53811,53821,10
12.9916601181,80.2194976807,53821,53831,10
12.9911403656,80.2200393677,53831,53841,10
12.9909200668,80.2201309204,53841,53851,10
12.9908704758,80.2201004028,53851,53861,10
12.99077034,80.2202301025,53861,53871,10
12.9904098511,80.220451355,53871,53881,10
12.9898996353,80.220916748,53881,53891,10
12.9892501831,80.2214736938,53891,53901,10
12.9888896942,80.2218475342,53901,53912,11
12.988240242,80.2222518921,53912,53922,10
12.9876098633,80.2230224609,53922,53942,20
12.9876098633,80.2230224609,53942,53952,10
12.9875097275,80.2230987549,53952,53962,10
12.9872303009,80.22315979,53962,53972,10
12.987039566,80.2230834961,53972,53982,10
12.9866695404,80.2230606079,53982,53992,10
12.9863195419,80.2230606079,53992,54002,10
12.9856996536,80.2231369019,54002,54012,10
12.9853000641,80.2233505249,54012,54023,11
12.984629631,80.2230987549,54023,54033,10
12.9839897156,80.2227020264,54033,54043,10
12.9830904007,80.2220916748,54043,54063,20
12.9830904007,80.2220916748,54063,54073,10
12.9830303192,80.222038269,54073,54083,10
12.9825696945,80.2219696045,54083,54093,10
12.9818696976,80.2217330933,54093,54103,10
12.9812803268,80.2214279175,54103,54113,10
12.9804801941,80.221206665,54113,54123,10
12.9798297882,80.2212219238,54123,54133,10
12.9790897369,80.2212295532,54133,54144,11
12.9781799316,80.2212600708,54144,54154,10
12.9773902893,80.2211837769,54154,54164,10
12.9766798019,80.2213287354,54164,54174,10
12.976269722,80.2214279175,54174,54184,10
12.9763498306,80.2218322754,54184,54194,10
12.9763402939,80.2217102051,54194,54204,10
12.9762496948,80.2216491699,54204,54214,10
12.9764204025,80.2217788696,54214,54224,10
12.9767198563,80.222366333,54224,54234,10
12.9769496918,80.2228012085,54234,54244,10
12.9772396088,80.223197937,54244,54255,11
12.9776296616,80.2238006592,54255,54265,10
12.9778699875,80.2242889404,54265,54275,10
12.9782896042,80.224899292,54275,54285,10
12.9785995483,80.2254333496,54285,54295,10
12.9787197113,80.2255706787,54295,54305,10
12.9790096283,80.2259674072,54305,54315,10
12.9793395996,80.2265777588,54315,54325,10
12.97976017,80.2272720337,54325,54335,10
12.9802598953,80.2281570435,54335,54345,10
12.9807300568,80.2289962769,54345,54355,10
12.9809503555,80.2294311523,54355,54365,10
12.9814100266,80.2300567627,54365,54376,11
12.9816703796,80.2304000854,54376,54386,10
12.981710434,80.2304992676,54386,54396,10
12.981880188,80.23097229,54396,54406,10
12.9820098877,80.2316436768,54406,54416,10
12.9820404053,80.2323303223,54416,54426,10
12.9818496704,80.2330474854,54426,54436,10
12.9815797806,80.2336120605,54436,54446,10
12.9815397263,80.2336730957,54446,54456,10
12.9814596176,80.2339096069,54456,54466,10
12.9812602997,80.2343597412,54466,54476,10
12.9812498093,80.2350387573,54476,54487,11
12.9812498093,80.2359237671,54487,54497,10
12.9812698364,80.2369308472,54497,54507,10
12.9812803268,80.237739563,54507,54517,10
12.9812602997,80.238609314,54517,54537,20
12.9812602997,80.238609314,54537,54547,10
12.9813098907,80.238861084,54547,54557,10
12.9813203812,80.2394104004,54557,54567,10
12.9813404083,80.2397918701,54567,54577,10
12.9813699722,80.2404174805,54577,54587,10
12.9813604355,80.2412719727,54587,54597,10
12.9813699722,80.2420806885,54597,54608,11
12.9813604355,80.2427902222,54608,54618,10
12.9813699722,80.2428817749,54618,54628,10
12.9813995361,80.2429962158,54628,54638,10
12.9813899994,80.243522644,54638,54648,10
12.981300354,80.2442474365,54648,54658,10
12.981180191,80.2452011108,54658,54668,10
12.9810400009,80.2462387085,54668,54678,10
12.9809303284,80.2472000122,54678,54688,10
12.9808797836,80.2480621338,54688,54698,10
12.9807796478,80.2491378784,54698,54708,10
12.9805898666,80.2502212524,54708,54719,11
12.9802598953,80.251411438,54719,54729,10
12.9800596237,80.2521972656,54729,54739,10
12.9799499512,80.252571106,54739,54848,109
12.9799499512,80.252571106,54848,54858,10
12.9798603058,80.2527999878,54858,54868,10
12.9794502258,80.2527923584,54868,54878,10
12.9788398743,80.2526626587,54878,54898,20
12.9788398743,80.2526626587,54898,54908,10
12.9783496857,80.2524490356,54908,54918,10
12.9778499603,80.2520217896,54918,54928,10
12.9771604538,80.2514801025,54928,54938,10
12.9762296677,80.2511978149,54938,54948,10
12.9751996994,80.2509307861,54948,54959,11
12.9740695953,80.250617981,54959,54969,10
12.972820282,80.2503204346,54969,54978,9
12.9717502594,80.25,54978,54989,11
12.9703903198,80.2497024536,54989,54999,10
12.9692401886,80.2492828369,54999,55009,10
12.9681301117,80.2488174438,55009,55019,10
12.9669599533,80.2482833862,55019,55029,10
12.9659404755,80.2477493286,55029,55039,10
12.9648504257,80.2473602295,55039,55059,20
12.9648504257,80.2473602295,55059,55070,11
12.9645996094,80.247253418,55070,55080,10
12.9641599655,80.2470703125,55080,55090,10
12.9636898041,80.246887207,55090,55118,28
12.9636898041,80.246887207,55118,55128,10
12.9634103775,80.2467880249,55128,55137,9
12.9630899429,80.24659729,55137,55148,11
12.962389946,80.2462692261,55148,55158,10
12.9615898132,80.2458190918,55158,55168,10
12.9607000351,80.2453918457,55168,55178,10
12.9596595764,80.2449417114,55178,55188,10
12.959400177,80.2448120117,55188,55199,11
12.9592103958,80.244720459,55199,55209,10
12.9585695267,80.2444763184,55209,55219,10
12.9578895569,80.244178772,55219,55229,10
12.9572601318,80.2439727783,55229,55239,10
12.9564695358,80.243637085,55239,55300,61
12.9564695358,80.243637085,55300,55310,10
12.9562702179,80.2435836792,55310,55320,10
12.9559602737,80.2433700562,55320,55330,10
12.9553499222,80.2431030273,55330,55340,10
12.9542198181,80.2426528931,55340,55350,10
12.9530601501,80.2421875,55350,55360,10
12.95195961,80.2417526245,55360,55370,10
12.9510803223,80.2414627075,55370,55380,10
12.9498300552,80.2411499023,55380,55390,10
12.9495000839,80.2410507202,55390,55400,10
12.9489803314,80.2408828735,55400,55411,11
12.948220253,80.2405471802,55411,55421,10
12.9474000931,80.2401580811,55421,55431,10
12.9471101761,80.2400436401,55431,55441,10
12.9470996857,80.2400436401,55441,55451,10
12.9467000961,80.2398681641,55451,55461,10
12.9459896088,80.2395935059,55461,55471,10
12.9451303482,80.2390823364,55471,55481,10
12.944439888,80.238319397,55481,55491,10
12.9435796738,80.2375106812,55491,55501,10
12.9432601929,80.2371292114,55501,55511,10
12.9431400299,80.2370223999,55511,55522,11
12.9426002502,80.2366485596,55522,55532,10
12.9418201447,80.2363815308,55532,55542,10
12.9408502579,80.2361221313,55542,55552,10
12.9398403168,80.2358322144,55552,55562,10
12.9395799637,80.2357635498,55562,55572,10
12.939499855,80.2357406616,55572,55582,10
12.9391098022,80.2355270386,55582,55592,10
12.9383201599,80.235168457,55592,55602,10
12.9374799728,80.2347412109,55602,55612,10
12.9364299774,80.2342834473,55612,55622,10
12.9355297089,80.2338409424,55622,55632,10
12.9345998764,80.2333908081,55632,55643,11
12.9337902069,80.2329788208,55643,55653,10
12.9336795807,80.2329406738,55653,55663,10
12.9333496094,80.2328033447,55663,55673,10
12.9327602386,80.2325363159,55673,55683,10
12.9319000244,80.2322463989,55683,55693,10
12.9307804108,80.231880188,55693,55703,10
12.9297103882,80.2315979004,55703,55713,10
12.9284801483,80.2313690186,55713,55723,10
12.9273004532,80.2311782837,55723,55733,10
12.926320076,80.2310714722,55733,55743,10
12.9260501862,80.2311019897,55743,55754,11
12.9257297516,80.2311706543,55754,55764,10
12.9251403809,80.2310562134,55764,55774,10
12.9243001938,80.2309036255,55774,55784,10
12.9233102798,80.2307510376,55784,55796,12
12.9218797684,80.2304992676,55796,55805,9
12.9206399918,80.2303390503,55805,55816,11
12.9194498062,80.2301864624,55816,55824,8
12.919090271,80.2301101685,55824,55835,11
12.9187498093,80.2300796509,55835,55846,11
12.9179601669,80.2299804688,55846,55855,9
12.917140007,80.2298583984,55855,55866,11
12.9159698486,80.2296829224,55866,55877,11
12.9145002365,80.2294921875,55877,55887,10
12.913359642,80.2293395996,55887,55897,10
12.9131202698,80.229309082,55897,55907,10
12.912779808,80.2292404175,55907,55917,10
12.9121103287,80.2291488647,55917,55927,10
12.9111604691,80.2289810181,55927,55937,10
12.910030365,80.2287979126,55937,55947,10
12.9087600708,80.2285995483,55947,55957,10
12.9075899124,80.2284088135,55957,55967,10
12.9066495895,80.2283096313,55967,56018,51
12.9066495895,80.2283096313,56018,56028,10
12.9065103531,80.2283325195,56028,56038,10
12.9059095383,80.2283401489,56038,56048,10
12.9050302505,80.228302002,56048,56058,10
12.9039402008,80.2282180786,56058,56068,10
12.9026699066,80.2281188965,56068,56078,10
12.9016103745,80.2280502319,56078,56088,10
12.9011201859,80.2280578613,56088,56099,11
12.9010896683,80.2280807495,56099,56109,10
12.9011001587,80.2281036377,56109,56119,10
12.9008798599,80.2280578613,56119,56129,10
12.9003095627,80.2280197144,56129,56139,10
12.8997097015,80.2279663086,56139,56149,10
12.8992700577,80.2279281616,56149,56159,10
12.8992395401,80.2279205322,56159,56169,10
12.8992204666,80.2279129028,56169,56179,10
12.8986997604,80.227897644,56179,56189,10
12.8980398178,80.2278213501,56189,56199,10
12.8971099854,80.2277832031,56199,56209,10
12.8960599899,80.2277297974,56209,56220,11
12.8948001862,80.2276992798,56220,56230,10
12.8937501907,80.2276535034,56230,56239,9
12.8932695389,80.2275772095,56239,56250,11
12.893119812,80.2275390625,56250,56260,10
12.8925800323,80.2274703979,56260,56270,10
12.8917703629,80.227432251,56270,56280,10
12.8908195496,80.2274398804,56280,56290,10
12.8896198273,80.2274398804,56290,56300,10
12.8884296417,80.2274017334,56300,56310,10
12.887140274,80.2272262573,56310,56320,10
12.8859996796,80.2269592285,56320,56331,11
12.8849401474,80.2267608643,56331,56341,10
12.8848104477,80.2267608643,56341,56351,10
12.8847999573,80.2267913818,56351,56361,10
12.8844003677,80.2267913818,56361,56371,10
12.8837003708,80.2267913818,56371,56389,18
12.8819599152,80.2267990112,56389,56401,12
12.8806200027,80.2268066406,56401,56410,9
12.8797197342,80.2267990112,56410,56421,11
12.8782997131,80.2268371582,56421,56430,9
12.8773097992,80.2269134521,56430,56441,11
12.8765001297,80.2269668579,56441,56452,11
12.8763799667,80.2266082764,56452,56462,10
12.8764400482,80.2264480591,56462,56472,10
12.8764400482,80.2264328003,56472,56482,10
12.876540184,80.2264099121,56482,56492,10
12.8765602112,80.2262802124,56492,56502,10
12.8765201569,80.2256164551,56502,56512,10
12.8766098022,80.2247924805,56512,56522,10
12.8766899109,80.2241363525,56522,56532,10
12.8769302368,80.2229919434,56532,56542,10
12.8772296906,80.2217330933,56542,56552,10
12.877579689,80.2204284668,56552,56563,11
12.8777399063,80.2193908691,56563,56573,10
12.8778400421,80.2182998657,56573,56583,10
12.8782196045,80.2167892456,56583,56593,10
12.8785400391,80.2154388428,56593,56603,10
12.8788299561,80.2141189575,56603,56613,10
12.879070282,80.2128372192,56613,56623,10
12.8792896271,80.2117767334,56623,56633,10
12.8794298172,80.2111206055,56633,56643,10
12.8791599274,80.2110137939,56643,56663,20
12.8791599274,80.2110137939,56663,56674,11
12.8790102005,80.2109603882,56674,56684,10
12.8786401749,80.2108917236,56684,56694,10
12.8780403137,80.2107467651,56694,56704,10
12.8773603439,80.2106170654,56704,56714,10
12.8767004013,80.2105026245,56714,56724,10
12.8760204315,80.210357666,56724,56734,10
12.8752202988,80.2102279663,56734,56744,10
12.8745803833,80.2101287842,56744,56764,20
12.8745803833,80.2101287842,56764,56774,10
12.8744697571,80.2100372314,56774,56784,10
12.8744697571,80.2097473145,56784,56795,11
12.8748102188,80.209602356,56795,56805,10
12.8749504089,80.2096633911,56805,56815,10
12.875120163,80.2096786499,56815,56855,40
12.875120163,80.2096786499,56855,56865,10
12.8748197556,80.2098007202,56865,56916,51
12.8748197556,80.2098007202,56916,56926,10
12.8747196198,80.209777832,56926,56935,9
12.8746700287,80.2097930908,56935,56946,11
12.8748502731,80.2098007202,56946,56956,10
12.8749799728,80.2096099854,56956,56966,10
12.8749504089,80.2096328735,56966,56986,20
12.8749504089,80.2096328735,56986,56996,10
12.8747301102,80.2096862793,56996,57006,10
12.8744697571,80.2097702026,57006,57017,11
12.8746795654,80.2101287842,57017,57027,10
12.874879837,80.2096176147,57027,57037,10
12.874830246,80.2095794678,57037,57047,10
12.8748598099,80.209602356,57047,57057,10
12.8750696182,80.2094421387,57057,57067,10
12.8751602173,80.2092208862,57067,57077,10
12.8755197525,80.2086486816,57077,57087,10
12.8750200272,80.2094421387,57087,57097,10
12.8749504089,80.2096405029,57097,57107,10
12.8752098083,80.2093276978,57107,57117,10
12.8754997253,80.2089691162,57117,57127,10
12.8747301102,80.2097702026,57127,57138,11
12.874830246,80.2097015381,57138,57148,10
12.8748397827,80.2097015381,57148,57158,10
12.8749103546,80.2096786499,57158,57168,10
12.8748102188,80.2098083496,57168,57178,10
12.8748502731,80.2098770142,57178,57188,10
12.8749399185,80.2099380493,57188,57197,9
12.8747997284,80.2098617554,57197,57208,11
12.8746595383,80.2099990845,57208,57218,10
12.8744096756,80.2099533081,57218,57228,10
12.8740596771,80.2098464966,57228,57238,10
12.8720903397,80.2104797363,57238,57249,11
12.8743400574,80.2097015381,57249,57259,10
12.8746700287,80.2098312378,57259,57269,10
12.8746900558,80.2099609375,57269,57279,10
12.8746500015,80.2100219727,57279,57289,10
12.8747196198,80.2099304199,57289,57299,10
12.8746404648,80.2099761963,57299,57319,20
12.8746404648,80.2099761963,57319,57328,9
12.8747301102,80.2098770142,57328,57339,11
12.8748598099,80.2097625732,57339,57349,10
12.874830246,80.2097625732,57349,57360,11
12.8747596741,80.2098617554,57360,57370,10
12.8747396469,80.2098999023,57370,57380,10
12.874710083,80.2098922729,57380,57420,40
12.8746204376,80.2099914551,57420,57481,61
12.8746204376,80.2099914551,57481,57491,10
12.8745498657,80.2098388672,57491,57531,40
12.8745498657,80.2098388672,57531,57541,10
12.8748397827,80.2098999023,57541,57551,10
12.8749399185,80.2099609375,57551,57592,41
12.8749399185,80.2099609375,57592,57602,10
12.8748998642,80.2098693848,57602,57612,10
12.874710083,80.2098770142,57612,57622,10
12.8746595383,80.2098770142,57622,57632,10
12.8747301102,80.2098999023,57632,57662,30
12.8748102188,80.2098693848,57662,57702,40
12.8748102188,80.2098693848,57702,57713,11
12.8748598099,80.2099227905,57713,57723,10
12.8747797012,80.2101669312,57723,57733,10
12.8750896454,80.2102279663,57733,57743,10
12.8754997253,80.2102890015,57743,57753,10
12.8761796951,80.2104415894,57753,57763,10
12.8768901825,80.2106323242,57763,57773,10
12.8774795532,80.2106781006,57773,57783,10
12.8782596588,80.2108306885,57783,57793,10
12.8790302277,80.2110137939,57793,57802,9
12.8793201447,80.2110519409,57802,57813,11
12.87940979,80.2110977173,57813,57824,11
12.8794698715,80.2115402222,57824,57834,10
12.8793401718,80.2121887207,57834,57844,10
12.8791399002,80.2130966187,57844,57854,10
12.8789196014,80.2142181396,57854,57864,10
12.8786802292,80.215423584,57864,57874,10
12.8784103394,80.2165603638,57874,57884,10
12.8781604767,80.2178268433,57884,57894,10
12.8779001236,80.2191772461,57894,57904,10
12.877579689,80.2205810547,57904,57914,10
12.8772497177,80.2219161987,57914,57924,10
12.8769302368,80.2233505249,57924,57935,11
12.876660347,80.224861145,57935,57945,10
12.8765201569,80.2260971069,57945,57955,10
12.8764696121,80.2267227173,57955,57975,20
12.8764696121,80.2267227173,57975,57985,10
12.8764200211,80.2267532349,57985,57995,10
12.8764295578,80.2267837524,57995,58005,10
12.876540184,80.2268829346,58005,58015,10
12.8767004013,80.2268829346,58015,58025,10
12.8769197464,80.2268295288,58025,58035,10
12.8775596619,80.2267303467,58035,58045,10
12.8784999847,80.2266769409,58045,58056,11
12.8797798157,80.2266387939,58056,58066,10
12.8810997009,80.2267074585,58066,58076,10
12.8824300766,80.2267837524,58076,58086,10
12.8837003708,80.2267074585,58086,58096,10
12.8851604462,80.2266387939,58096,58116,20
12.8851604462,80.2266387939,58116,58126,10
12.8852300644,80.2266464233,58126,58136,10
12.8856401443,80.2266998291,58136,58146,10
12.8863697052,80.2269134521,58146,58156,10
12.8872804642,80.2271575928,58156,58167,11
12.8884401321,80.2272567749,58167,58177,10
12.8896102905,80.2272567749,58177,58187,10
12.8909101486,80.2272262573,58187,58197,10
12.8920602798,80.2272567749,58197,58207,10
12.8929796219,80.2273025513,58207,58217,10
12.8938598633,80.2274093628,58217,58227,10
12.893989563,80.2273712158,58227,58237,10
12.8939399719,80.2273178101,58237,58247,10
12.8943595886,80.2273864746,58247,58263,16
12.8956403732,80.2274703979,58263,58275,12
12.8969097137,80.2275466919,58275,58286,11
12.8979301453,80.2275924683,58286,58296,10
12.8992300034,80.2276763916,58296,58306,10
12.9000797272,80.2277603149,58306,58316,10
12.9005298615,80.2276611328,58316,58326,10
12.9006795883,80.2275695801,58326,58336,10
12.9008598328,80.2276916504,58336,58346,10
12.9012203217,80.2277069092,58346,58355,9
12.9018602371,80.2278366089,58355,58365,10
12.9026002884,80.2280883789,58365,58376,11
12.9026699066,80.2281188965,58376,58385,9
12.9026699066,80.2281112671,58385,58397,12
12.9029197693,80.2279663086,58397,58407,10
12.9035902023,80.2281036377,58407,58417,10
12.9037399292,80.2280883789,58417,58427,10
12.9039201736,80.2280502319,58427,58437,10
12.9042396545,80.2280807495,58437,58447,10
12.9044704437,80.2279891968,58447,58457,10
12.9047603607,80.2279510498,58457,58467,10
12.9049596786,80.2279205322,58467,58477,10
12.9050502777,80.2280197144,58477,58487,10
12.905380249,80.2281036377,58487,58538,51
12.905380249,80.2281036377,58538,58548,10
12.9058198929,80.228187561,58548,58558,10
12.9061498642,80.228187561,58558,58568,10
12.9064302444,80.2282028198,58568,58578,10
12.906920433,80.2281799316,58578,58598,20
12.906920433,80.2281799316,58598,58608,10
12.9071397781,80.2281723022,58608,58618,10
12.9073896408,80.2279586792,58618,58629,11
12.9082803726,80.2281036377,58629,58639,10
12.909330368,80.2284393311,58639,58649,10
12.910369873,80.228767395,58649,58659,10
12.911359787,80.2288818359,58659,58669,10
12.9124603271,80.229133606,58669,58679,10
12.9134597778,80.2292633057,58679,58689,10
12.9140796661,80.2294082642,58689,58709,20
12.9140796661,80.2294082642,58709,58719,10
12.9141597748,80.2294006348,58719,58729,10
12.9145498276,80.2293395996,58729,58740,11
12.9153003693,80.2294311523,58740,58750,10
12.9162902832,80.2296218872,58750,58760,10
12.9173603058,80.2297668457,58760,58770,10
12.918419838,80.2299194336,58770,58780,10
12.9192399979,80.2300567627,58780,58790,10
12.919500351,80.2303314209,58790,58800,10
12.9194202423,80.2300415039,58800,58810,10
12.9198999405,80.2300262451,58810,58820,10
12.9206800461,80.2301330566,58820,58830,10
12.9217195511,80.2303771973,58830,58840,10
12.9227104187,80.2304992676,58840,58851,11
12.9236402512,80.2307510376,58851,58861,10
12.9245004654,80.2307662964,58861,58871,10
12.9255104065,80.2309036255,58871,58881,10
12.926320076,80.231048584,58881,58901,20
12.926320076,80.231048584,58901,58911,10
12.9263296127,80.2310333252,58911,58921,10
12.9264001846,80.2309799194,58921,58931,10
12.9265003204,80.2308578491,58931,58941,10
12.9271097183,80.231048584,58941,58951,10
12.9277601242,80.2310714722,58951,58961,10
12.9285802841,80.2311325073,58961,58972,11
12.9296398163,80.2313308716,58972,58982,10
12.9306898117,80.2316665649,58982,58992,10
12.9317598343,80.2320022583,58992,59002,10
12.9329099655,80.2323989868,59002,59012,10
12.9335603714,80.2327194214,59012,59022,10
12.9335803986,80.2327423096,59022,59032,10
12.9337100983,80.2328491211,59032,59042,10
12.9341402054,80.2329406738,59042,59052,10
12.9348802567,80.233291626,59052,59062,10
12.9357299805,80.2337036133,59062,59083,21
12.9357299805,80.2337036133,59083,59093,10
12.9360904694,80.2338790894,59093,59103,10
12.9366903305,80.2341384888,59103,59113,10
12.9375295639,80.2345733643,59113,59123,10
12.9385499954,80.2350997925,59123,59133,10
12.9396095276,80.2356414795,59133,59153,20
12.9396095276,80.2356414795,59153,59163,10
12.9396400452,80.2356414795,59163,59173,10
12.9400501251,80.2357025146,59173,59183,10
12.9406604767,80.236000061,59183,59194,11
12.9416399002,80.2362365723,59194,59204,10
12.9427099228,80.2365722656,59204,59214,10
12.943570137,80.2372436523,59214,59224,10
12.9437599182,80.2374267578,59224,59234,10
12.943810463,80.2374572754,59234,59244,10
12.9441299438,80.2378616333,59244,59254,10
12.9445295334,80.2383117676,59254,59264,10
12.9453496933,80.2391204834,59264,59274,10
12.9463596344,80.2396392822,59274,59284,10
12.9470596313,80.2399215698,59284,59294,10
12.94713974,80.2399368286,59294,59304,10
12.9471597672,80.2399368286,59304,59315,11
12.9475603104,80.2400894165,59315,59325,10
12.9481401443,80.2403411865,59325,59335,10
12.9486703873,80.2404708862,59335,59375,40
12.9486703873,80.2404708862,59375,59385,10
12.9487600327,80.2406616211,59385,59395,10
12.948969841,80.2407302856,59395,59405,10
12.9494495392,80.2408599854,59405,59415,10
12.9501800537,80.2410812378,59415,59426,11
12.9511804581,80.2414169312,59426,59446,20
12.9511804581,80.2414169312,59446,59456,10
12.9515104294,80.2415390015,59456,59466,10
12.9520797729,80.2417221069,59466,59476,10
12.9527702332,80.2420120239,59476,59486,10
12.9533596039,80.2422790527,59486,59496,10
12.9534397125,80.2423171997,59496,59506,10
12.9537801743,80.2423706055,59506,59516,10
12.9542598724,80.2425765991,59516,59526,10
12.9549198151,80.2428817749,59526,59537,11
12.9556503296,80.2431335449,59537,59547,10
12.9563398361,80.2433700562,59547,59567,20
12.9563398361,80.2433700562,59567,59577,10
12.9564399719,80.2433700562,59577,59587,10
12.9568195343,80.2435073853,59587,59597,10
12.9575500488,80.2438583374,59597,59607,10
12.9582901001,80.2442169189,59607,59617,10
12.9589195251,80.2444992065,59617,59627,10
12.9589300156,80.2444992065,59627,59637,10
12.958990097,80.2445373535,59637,59647,10
12.9594402313,80.244720459,59647,59658,11
12.9602203369,80.2451019287,59658,59668,10
12.9610700607,80.2454833984,59668,59678,10
12.9620599747,80.2459793091,59678,59688,10
12.9631996155,80.2464981079,59688,59708,20
12.9631996155,80.2464981079,59708,59718,10
12.9632797241,80.2465820313,59718,59728,10
12.9636802673,80.2468185425,59728,59738,10
12.9642801285,80.2470016479,59738,59748,10
12.9651002884,80.2473068237,59748,59758,10
12.9660596848,80.2476501465,59758,59769,11
12.9668703079,80.248008728,59769,59789,20
12.9668703079,80.248008728,59789,59799,10
12.9669704437,80.2480926514,59799,59809,10
12.9674396515,80.2482910156,59809,59819,10
12.9682502747,80.2486190796,59819,59829,10
12.9691801071,80.2489624023,59829,59839,10
12.9703197479,80.249420166,59839,59849,10
12.9714803696,80.2497787476,59849,59859,10
12.9725103378,80.250038147,59859,59869,10
12.9736204147,80.2504119873,59869,59879,10
12.9743204117,80.2505111694,59879,59890,11
12.9743700027,80.2505493164,59890,59900,10
12.9747896194,80.2506637573,59900,59910,10
12.9754600525,80.2508468628,59910,59920,10
12.9763002396,80.2510910034,59920,59930,10
12.9771604538,80.2513809204,59930,59940,10
12.9778795242,80.2519073486,59940,59950,10
12.9785404205,80.252456665,59950,59960,10
12.9794502258,80.2526779175,59960,59970,10
12.9800395966,80.2526702881,59970,59980,10
12.9797401428,80.252281189,59980,59991,11
12.9798803329,80.2521286011,59991,60001,10
12.980050087,80.2520523071,60001,60011,10
12.9802799225,80.251159668,60011,60021,10
12.9806003571,80.2502670288,60021,60031,10
12.980799675,80.2491836548,60031,60041,10
12.9808597565,80.2479095459,60041,60051,10
12.9809503555,80.2464981079,60051,60061,10
12.9810800552,80.2450180054,60061,60071,10
12.9812202454,80.2439193726,60071,60081,10
12.9813604355,80.2434616089,60081,60091,10
12.9813804626,80.2432022095,60091,60101,10
12.9814395905,80.2429962158,60101,60112,11
12.9814300537,80.2425613403,60112,60122,10
12.9813995361,80.2422027588,60122,60132,10
12.9813995361,80.2416229248,60132,60142,10
12.9813699722,80.2406082153,60142,60152,10
12.9813404083,80.2397537231,60152,60162,10
12.9813203812,80.2389221191,60162,60172,10
12.981300354,80.2380371094,60172,60182,10
12.981300354,80.2378921509,60182,60192,10
12.9812898636,80.2378082275,60192,60202,10
12.9812803268,80.2373504639,60202,60212,10
12.9812602997,80.2365112305,60212,60223,11
12.9812297821,80.2354431152,60223,60233,10
12.9812498093,80.2343978882,60233,60243,10
12.9816102982,80.2335586548,60243,60253,10
12.9816503525,80.2334594727,60253,60263,10
12.9817199707,80.2333602905,60263,60273,10
12.9819202423,80.2328720093,60273,60283,10
12.9820203781,80.2322463989,60283,60293,10
12.9820404053,80.2315292358,60293,60303,10
12.981880188,80.231010437,60303,60313,10
12.9812698364,80.2300033569,60313,60323,10
12.980890274,80.2294006348,60323,60333,10
12.9808597565,80.229309082,60333,60344,11
12.9806604385,80.2290267944,60344,60354,10
12.9802799225,80.2284011841,60354,60364,10
12.9798002243,80.2275466919,60364,60374,10
12.9794101715,80.2269210815,60374,60384,10
12.9793100357,80.2267608643,60384,60394,10
12.9790401459,80.2263183594,60394,60404,10
12.9785995483,80.2256011963,60404,60414,10
12.9781599045,80.224861145,60414,60424,10
12.978099823,80.2246704102,60424,60434,10
12.977809906,80.2243728638,60434,60444,10
12.9774703979,80.2238693237,60444,60455,11
12.9770803452,80.2232437134,60455,60465,10
12.9769496918,80.2228622437,60465,60475,10
12.9773302078,80.2227783203,60475,60495,20
12.9773302078,80.2227783203,60495,60505,10
12.977519989,80.2227706909,60505,60515,10
12.9775896072,80.2222976685,60515,60525,10
12.9774999619,80.2217025757,60525,60535,10
12.9775400162,80.2212219238,60535,60545,10
12.9778203964,80.2210617065,60545,60555,10
12.978509903,80.2210998535,60555,60566,11
12.979060173,80.221282959,60566,60576,10
12.9792699814,80.2212677002,60576,60586,10
12.9792604446,80.2212524414,60586,60595,9
12.9794101715,80.2212219238,60595,60606,11
12.9796199799,80.2211380005,60606,60616,10
12.9799499512,80.2211608887,60616,60636,20
12.9799499512,80.2211608887,60636,60646,10
12.9800395966,80.2210769653,60646,60656,10
12.9802503586,80.2210769653,60656,60666,10
12.9805402756,80.2210235596,60666,60677,11
12.9808397293,80.2209777832,60677,60687,10
12.9809999466,80.220993042,60687,60697,10
12.9812202454,80.2210769653,60697,60707,10
12.9814500809,80.2212219238,60707,60747,40
12.9814500809,80.2212219238,60747,60757,10
12.9817695618,80.2214279175,60757,60767,10
12.9819698334,80.2215576172,60767,60777,10
12.982170105,80.2216796875,60777,60787,10
12.9825296402,80.2218399048,60787,60808,21
12.9825296402,80.2218399048,60808,60818,10
12.9828901291,80.2220230103,60818,60828,10
12.9829702377,80.222038269,60828,60838,10
12.9830598831,80.2219467163,60838,60848,10
12.9834098816,80.2221374512,60848,60858,10
12.9837999344,80.222366333,60858,60868,10
12.9843397141,80.2228393555,60868,60878,10
12.9848299026,80.2231674194,60878,60888,10
12.9850997925,80.2233123779,60888,60898,10
12.9854803085,80.2233200073,60898,60909,11
12.9859695435,80.2230606079,60909,60919,10
12.9861097336,80.2229766846,60919,60929,10
12.9864301682,80.2228775024,60929,60939,10
12.9865999222,80.2229995728,60939,60949,10
12.9869298935,80.2229919434,60949,60958,9
12.9874000549,80.2230529785,60958,60968,10
12.9879598618,80.2229385376,60968,60978,10
12.9884796143,80.2223129272,60978,60989,11
12.9888696671,80.2219619751,60989,60999,10
12.989279747,80.2217712402,60999,61009,10
12.9896802902,80.2212600708,61009,61020,11
12.9904298782,80.2204208374,61020,61030,10
12.9905796051,80.2202682495,61030,61040,10
12.9906597137,80.2202377319,61040,61050,10
12.9910097122,80.2200698853,61050,61060,10
12.9912996292,80.2198562622,61060,61070,10
12.9913597107,80.2196807861,61070,61080,10
12.9918603897,80.2193222046,61080,61090,10
12.9925403595,80.2187728882,61090,61100,10
12.9932203293,80.2182998657,61100,61110,10
12.9939804077,80.2178115845,61110,61120,10
12.9945898056,80.2173614502,61120,61130,10
12.9951601028,80.2169036865,61130,61141,11
12.9958896637,80.2164535522,61141,61151,10
12.9962396622,80.2164001465,61151,61161,10
12.9967403412,80.2164916992,61161,61171,10
12.9972000122,80.2164382935,61171,61181,10
12.9975004196,80.2162628174,61181,61191,10
12.9975099564,80.2160797119,61191,61201,10
12.9978199005,80.2158203125,61201,61211,10
12.9982795715,80.2153015137,61211,61227,16
12.9991903305,80.2146606445,61227,61239,12
12.9997596741,80.2142868042,61239,61250,11
13.0002803802,80.2138595581,61250,61260,10
13.0008296967,80.2135620117,61260,61270,10
13.0012998581,80.2130813599,61270,61280,10
13.00137043,80.2128372192,61280,61289,9
13.0017995834,80.212600708,61289,61300,11
13.0021600723,80.2124404907,61300,61309,9
13.002289772,80.2122879028,61309,61320,11
13.002579689,80.2121200562,61320,61329,9
13.0029201508,80.2120513916,61329,61340,11
13.0033102036,80.2118377686,61340,61350,10
13.0036001205,80.2119522095,61350,61361,11
13.0037202835,80.2118988037,61361,61371,10
13.0037498474,80.2113037109,61371,61381,10
13.0036697388,80.2104568481,61381,61391,10
13.0035896301,80.2096786499,61391,61401,10
13.0037002563,80.2090606689,61401,61411,10
13.0039596558,80.2086791992,61411,61421,10
13.0046596527,80.2089233398,61421,61431,10
13.0052900314,80.2092285156,61431,61441,10
13.0059499741,80.2095108032,61441,61451,10
13.0064496994,80.2096633911,61451,61461,10
13.0069103241,80.2098083496,61461,61472,11
13.0074996948,80.2098693848,61472,61492,20
13.0074996948,80.2098693848,61492,61502,10
13.0076198578,80.2099227905,61502,61512,10
13.0080003738,80.2099990845,61512,61522,10
13.0081596375,80.2099761963,61522,61532,10
13.0079603195,80.2094421387,61532,61542,10
13.008020401,80.2089309692,61542,61552,10
13.0078401566,80.2072677612,61552,61562,10
13.0078001022,80.206161499,61562,61572,10
13.0075302124,80.2055435181,61572,61582,10
13.0074396133,80.2047424316,61582,61593,11
13.0073900223,80.2040405273,61593,61603,10
13.0073099136,80.2031402588,61603,61613,10
13.0069103241,80.2026367188,61613,61623,10
13.0065402985,80.2031097412,61623,61633,10
13.0069904327,80.2035293579,61633,61643,10
13.0078001022,80.2037734985,61643,61653,10
13.0088300705,80.2038116455,61653,61663,10
13.009929657,80.2036972046,61663,61673,10
13.0111999512,80.2038192749,61673,61683,10
13.0123596191,80.2039718628,61683,61693,10
13.0131797791,80.2041473389,61693,61704,11
13.0135202408,80.2042922974,61704,61714,10
13.0136804581,80.2044219971,61714,61724,10
13.0136003494,80.2047195435,61724,61734,10
13.0135698318,80.2048721313,61734,61744,10
13.0135097504,80.2050170898,61744,61754,10
13.0133304596,80.2054977417,61754,61764,10
13.0130701065,80.2063598633,61764,61774,10
13.0129899979,80.2072601318,61774,61784,10
13.0129003525,80.2079162598,61784,61794,10
13.0128602982,80.2084579468,61794,61804,10
13.0129299164,80.2088165283,61804,61815,11
13.0130996704,80.2095413208,61815,61825,10
13.0132102966,80.210067749,61825,61835,10
13.0130901337,80.2108001709,61835,61845,10
13.012720108,80.2115631104,61845,61855,10
13.0122804642,80.2122497559,61855,61865,10
13.0119800568,80.212638855,61865,61875,10
13.0117902756,80.212677002,61875,61885,10
13.0114803314,80.2124404907,61885,61895,10
13.010840416,80.2118377686,61895,61905,10
13.0102796555,80.2113037109,61905,61915,10
13.010020256,80.2112579346,61915,61936,21
13.010020256,80.2112579346,61936,61946,10
13.0099496841,80.2113723755,61946,61956,10
13.0098800659,80.2115402222,61956,61976,20
13.0098800659,80.2115402222,61976,61986,10
13.0099000931,80.2116622925,61986,62057,71
13.0099201202,80.2113571167,62057,62087,30
13.0099201202,80.2113571167,62087,62097,10
13.0099697113,80.211151123,62097,62107,10
13.009929657,80.2113189697,62107,62117,10
13.0099201202,80.2114334106,62117,62127,10
13.0099096298,80.2116699219,62127,62147,20
13.0099096298,80.2116699219,62147,62158,11
13.0099096298,80.2113189697,62158,62168,10
13.0099201202,80.2112197876,62168,62178,10
13.0099201202,80.211227417,62178,62188,10
13.0099201202,80.2111587524,62188,62198,10
13.0099401474,80.2113494873,62198,62289,91
13.0099401474,80.2113494873,62289,62299,10
13.0099201202,80.2116699219,62299,62369,70
13.0098896027,80.2113418579,62369,62410,41
13.0098896027,80.2113418579,62410,62420,10
13.0099496841,80.2112731934,62420,62430,10
13.0099496841,80.2112808228,62430,62440,10
13.0099496841,80.2113494873,62440,62450,10
13.0098896027,80.2113418579,62450,62460,10
13.0098800659,80.2115402222,62460,62480,20
13.0098800659,80.2115402222,62480,62490,10
13.0099000931,80.211517334,62490,62501,11
13.0098800659,80.2116012573,62501,62511,10
13.0099096298,80.2114486694,62511,62521,10
13.0099496841,80.2110900879,62521,62531,10
13.010020256,80.2105102539,62531,62541,10
13.0100097656,80.2108764648,62541,62551,10
13.0100603104,80.2111968994,62551,62561,10
13.0100698471,80.2117080688,62561,62591,30
13.0100698471,80.2117080688,62591,62601,10
13.0099201202,80.2113571167,62601,62632,31
13.0099201202,80.2113571167,62632,62642,10
13.0099401474,80.2113494873,62642,62652,10
13.0098600388,80.2113037109,62652,62662,10
13.0096702576,80.2113113403,62662,62712,50
13.0093202591,80.211151123,62712,62743,31
13.0093202591,80.211151123,62743,62753,10
13.0090799332,80.2115402222,62753,62763,10
13.0090703964,80.2117462158,62763,62773,10
13.0091896057,80.2122116089,62773,62783,10
13.0094499588,80.2129211426,62783,62793,10
13.0097503662,80.2136993408,62793,62803,10
13.0100803375,80.2145309448,62803,62812,9
13.010219574,80.2153320313,62812,62822,10
13.0105199814,80.216293335,62822,62833,11
13.0111103058,80.2174835205,62833,62844,11
13.0114898682,80.2186203003,62844,62854,10
13.0118904114,80.2198028564,62854,62864,10
13.0122299194,80.2208023071,62864,62874,10
13.0124397278,80.2215881348,62874,62884,10
13.0126800537,80.2219467163,62884,62894,10
13.0132398605,80.2225189209,62894,62904,10
13.0137500763,80.2231521606,62904,62914,10
13.0141601563,80.2236328125,62914,62924,10
13.0146598816,80.224281311,62924,62934,10
13.0150403976,80.2246780396,62934,62944,10
13.0150604248,80.2247314453,62944,62954,10
13.0152797699,80.2249298096,62954,62967,13
13.0154600143,80.225479126,62967,62977,10
13.0153999329,80.2258224487,62977,62987,10
13.0149497986,80.2260284424,62987,62997,10
13.014380455,80.2260971069,62997,63007,10
13.0137395859,80.2264022827,63007,63017,10
13.0128498077,80.2268600464,63017,63027,10
13.0119800568,80.2272033691,63027,63037,10
13.0110502243,80.2275238037,63037,63047,10
13.010140419,80.2278213501,63047,63057,10
13.0094995499,80.2277679443,63057,63067,10
13.0096197128,80.2273635864,63067,63078,11
13.010020256,80.2266693115,63078,63088,10
13.0103998184,80.225692749,63088,63098,10
13.0106496811,80.2250289917,63098,63108,10
13.0109100342,80.2245483398,63108,63118,10
13.0111598969,80.2241287231,63118,63128,10
13.0114402771,80.2233886719,63128,63138,10
13.0110197067,80.2229766846,63138,63148,10
13.0104799271,80.2226409912,63148,63158,10
13.0103397369,80.2226715088,63158,63168,10
13.0100698471,80.2223968506,63168,63178,10
13.0096101761,80.2221221924,63178,63189,11
13.0091495514,80.221031189,63189,63199,10
13.0085601807,80.2200317383,63199,63209,10
13.0074796677,80.2194900513,63209,63219,10
13.0058498383,80.2200164795,63219,63229,10
13.0048398972,80.2203216553,63229,63239,10
13.0047702789,80.2200393677,63239,63249,10
13.00440979,80.2200317383,63249,63259,10
13.0037002563,80.2200088501,63259,63269,10
13.002820015,80.2196502686,63269,63279,10
13.0018796921,80.2190170288,63279,63289,10
13.0012998581,80.218421936,63289,63300,11
13.0010595322,80.2178878784,63300,63310,10
13.0009098053,80.217376709,63310,63320,10
13.0003299713,80.2169036865,63320,63330,10
13.000120163,80.2171020508,63330,63340,10
13.0001001358,80.2171707153,63340,63350,10
12.9998502731,80.2173614502,63350,63370,20
12.9998502731,80.2173614502,63370,63380,10
12.9994697571,80.217300415,63380,63390,10
12.9991102219,80.2172470093,63390,63400,10
12.9989995956,80.2170028687,63400,63411,11
12.9986896515,80.2169189453,63411,63421,10
12.9983797073,80.2166595459,63421,63431,10
12.9982500076,80.2166290283,63431,63441,10
12.998000145,80.2165985107,63441,63501,60
12.998000145,80.2165985107,63501,63511,10
12.997879982,80.2165908813,63511,63521,10
12.9976396561,80.2164916992,63521,63542,21
12.9976396561,80.2164916992,63542,63552,10
12.9974803925,80.2164611816,63552,63562,10
12.9973402023,80.2164764404,63562,63572,10
12.997130394,80.2165222168,63572,63582,10
12.9968900681,80.2165222168,63582,63612,30
12.9966697693,80.2165527344,63612,63632,20
12.9966697693,80.2165527344,63632,63643,11
12.996430397,80.2165985107,63643,63653,10
12.9961500168,80.2166595459,63653,63673,20
12.9961500168,80.2166595459,63673,63683,10
12.9956998825,80.2168197632,63683,63713,30
12.9956998825,80.2168197632,63713,63723,10
12.99559021,80.2168502808,63723,63733,10
12.9954395294,80.2168731689,63733,63743,10
12.9953298569,80.2169036865,63743,63754,11
12.99518013,80.2170028687,63754,63764,10
12.9950504303,80.2171325684,63764,63774,10
12.9948196411,80.2172622681,63774,63784,10
12.9943399429,80.2175827026,63784,63794,10
12.9939498901,80.2178421021,63794,63804,10
12.9934196472,80.21824646,63804,63814,10
12.9927997589,80.2186737061,63814,63824,10
12.9922103882,80.219078064,63824,63834,10
12.9912996292,80.2197570801,63834,63844,10
12.9907798767,80.2201766968,63844,63854,10
12.9907598495,80.2202529907,63854,63864,10
12.9906396866,80.2203521729,63864,63875,11
12.9902496338,80.2206420898,63875,63885,10
12.9897203445,80.2211074829,63885,63895,10
12.9893102646,80.2216567993,63895,63905,10
12.9886798859,80.2223587036,63905,63915,10
12.988120079,80.2228622437,63915,63925,10
12.9877996445,80.2231216431,63925,63945,20
12.9877996445,80.2231216431,63945,63955,10
12.9875802994,80.2231369019,63955,63965,10
12.9872999191,80.2230606079,63965,63975,10
12.9872198105,80.2230224609,63975,63986,11
12.9869203568,80.2228775024,63986,63996,10
12.9863796234,80.22290802,63996,64006,10
12.9856395721,80.2230529785,64006,64016,10
12.9850702286,80.2231292725,64016,64026,10
12.9846096039,80.2227325439,64026,64036,10
12.9839200974,80.2224273682,64036,64046,10
12.9833698273,80.2222824097,64046,64056,10
12.9832801819,80.2219009399,64056,64076,20
12.9832801819,80.2219009399,64076,64086,10
12.983130455,80.2217407227,64086,64097,11
12.9828596115,80.2217712402,64097,64107,10
12.9827003479,80.2218093872,64107,64117,10
12.9824199677,80.2216415405,64117,64127,10
12.981880188,80.2213821411,64127,64137,10
12.9811296463,80.2209625244,64137,64147,10
12.9803304672,80.2210083008,64147,64157,10
12.9792995453,80.2210617065,64157,64167,10
12.9782304764,80.2211608887,64167,64177,10
12.9776201248,80.2212295532,64177,64187,10
12.9770498276,80.2212600708,64187,64207,20
12.9770498276,80.2212600708,64207,64218,11
12.9767503738,80.2212600708,64218,64228,10
12.9764995575,80.2212982178,64228,64238,10
12.9762802124,80.221496582,64238,64248,10
12.9764099121,80.2217330933,64248,64287,39
12.9764099121,80.2217330933,64287,64298,11
12.9765996933,80.2221374512,64298,64308,10
12.9768600464,80.2226028442,64308,64318,10
12.9770202637,80.2228622437,64318,64329,11
12.9773197174,80.2233886719,64329,64339,10
12.9777402878,80.2240982056,64339,64349,10
12.978099823,80.2246627808,64349,64359,10
12.9783802032,80.2251281738,64359,64369,10
12.9788398743,80.2258987427,64369,64379,10
12.9792995453,80.2266387939,64379,64389,10
12.9797201157,80.2273712158,64389,64399,10
12.9801301956,80.2280578613,64399,64409,10
12.9805898666,80.2288208008,64409,64419,10
12.980919838,80.2293167114,64419,64429,10
12.9812297821,80.2298965454,64429,64440,11
12.9816198349,80.2304992676,64440,64450,10
12.9816799164,80.2305526733,64450,64460,10
12.9817399979,80.230758667,64460,64470,10
12.9819602966,80.2312698364,64470,64480,10
12.9820404053,80.2319412231,64480,64490,10
12.982049942,80.2321395874,64490,64500,10
12.9820404053,80.2324905396,64500,64510,10
12.9818601608,80.2330474854,64510,64520,10
12.9816303253,80.233543396,64520,64530,10
12.9816198349,80.2335510254,64530,64540,10
12.9815702438,80.2336196899,64540,64551,11
12.981300354,80.234161377,64551,64561,10
12.9812498093,80.2350387573,64561,64571,10
12.9812698364,80.2361221313,64571,64581,10
12.9812803268,80.2373199463,64581,64591,10
12.9812803268,80.2382583618,64591,64601,10
12.9812898636,80.238861084,64601,64611,10
12.981300354,80.238861084,64611,64621,10
12.9813299179,80.2390365601,64621,64631,10
12.9813299179,80.239616394,64631,64641,10
12.9813499451,80.2403106689,64641,64651,10
12.9813404083,80.2412719727,64651,64661,10
12.9813499451,80.2422409058,64661,64671,10
12.9813604355,80.2428436279,64671,64682,11
12.9813604355,80.2429122925,64682,64692,10
12.9813995361,80.2429580688,64692,64702,10
12.9813804626,80.2432098389,64702,64712,10
12.9813699722,80.2437286377,64712,64722,10
12.9812498093,80.2445297241,64722,64732,10
12.9811201096,80.2455673218,64732,64742,10
12.9809999466,80.2467880249,64742,64752,10
12.9808797836,80.2481613159,64752,64762,10
12.9807500839,80.2495269775,64762,64772,10
12.9804496765,80.2508163452,64772,64783,11
12.9801702499,80.2519607544,64783,64793,10
12.9800300598,80.2524108887,64793,64803,10
12.9798002243,80.252822876,64803,64813,10
12.9792003632,80.2526779175,64813,64823,10
12.9786195755,80.2525177002,64823,64843,20
12.9786195755,80.2525177002,64843,64853,10
12.9783802032,80.2522964478,64853,64863,10
12.9779596329,80.2519378662,64863,64873,10
12.9773397446,80.2514572144,64873,64883,10
12.9765501022,80.2510986328,64883,64894,11
12.9754800797,80.2508163452,64894,64904,10
12.9744300842,80.2505722046,64904,64914,10
12.9734096527,80.2502822876,64914,64924,10
12.9725999832,80.2501525879,64924,64934,10
12.9725399017,80.2501373291,64934,64944,10
12.9721603394,80.25,64944,64954,10
12.9714603424,80.2498397827,64954,64964,10
12.9706201553,80.2495269775,64964,64974,10
12.9696102142,80.249168396,64974,64984,10
12.9685096741,80.2487030029,64984,64994,10
12.9674396515,80.2483215332,64994,65004,10
12.9667196274,80.2479705811,65004,65015,11
12.9658603668,80.2475585938,65015,65025,10
12.9651603699,80.2473678589,65025,65065,40
12.9651603699,80.2473678589,65065,65075,10
12.9651002884,80.2473678589,65075,65085,10
12.9647598267,80.2472229004,65085,65101,16
12.9638395309,80.2468414307,65101,65113,12
12.9629096985,80.2463226318,65113,65121,8
12.9621400833,80.2459793091,65121,65133,12
12.9610004425,80.2454528809,65133,65144,11
12.9600801468,80.2450714111,65144,65154,10
12.9594097137,80.2447967529,65154,65183,29
12.9594097137,80.2447967529,65183,65194,11
12.9590196609,80.2446212769,65194,65204,10
12.9584598541,80.2443237305,65204,65214,10
12.9580001831,80.2440719604,65214,65224,10
12.9574098587,80.243888855,65224,65235,11
12.9567604065,80.2436218262,65235,65245,10
12.956580162,80.2435379028,65245,65255,10
12.956609726,80.2433700562,65255,65265,10
12.9564399719,80.2432785034,65265,65275,10
12.955789566,80.2431030273,65275,65285,10
12.9552202225,80.2429199219,65285,65295,10
12.9542703629,80.2425613403,65295,65305,10
12.9533004761,80.2421875,65305,65315,10
12.9523496628,80.2418518066,65315,65325,10
12.9518299103,80.2416763306,65325,65356,31
12.9518299103,80.2416763306,65356,65366,10
12.951499939,80.2416000366,65366,65376,10
12.9509601593,80.2414703369,65376,65386,10
12.9503002167,80.2413024902,65386,65396,10
12.949760437,80.2410888672,65396,65406,10
12.9495096207,80.2409362793,65406,65416,10
12.9493398666,80.2408981323,65416,65426,10
12.948969841,80.2407226563,65426,65436,10
12.948340416,80.2405014038,65436,65446,10
12.947520256,80.2401428223,65446,65456,10
12.9467496872,80.2398300171,65456,65477,21
12.9467496872,80.2398300171,65477,65487,10
12.946559906,80.2397384644,65487,65497,10
12.9460697174,80.2395401001,65497,65507,10
12.9454202652,80.2392883301,65507,65517,10
12.9446401596,80.2387771606,65517,65527,10
12.943810463,80.2383270264,65527,65537,10
12.9433298111,80.2372894287,65537,65547,10
12.9432296753,80.2371368408,65547,65557,10
12.9430799484,80.2369918823,65557,65567,10
12.9427204132,80.236656189,65567,65577,10
12.9420700073,80.236366272,65577,65588,11
12.9410104752,80.2361221313,65588,65598,10
12.9398403168,80.2358932495,65598,65648,50
12.9398403168,80.2358932495,65648,65658,10
12.9394397736,80.2356567383,65658,65668,10
12.9388799667,80.2353515625,65668,65678,10
12.9380197525,80.2349624634,65678,65689,11
12.9371099472,80.2344970703,65689,65699,10
12.936249733,80.2340316772,65699,65709,10
12.9359502792,80.2339096069,65709,65719,10
12.9359397888,80.2339096069,65719,65729,10
12.9355697632,80.2337799072,65729,65739,10
12.9349803925,80.2335281372,65739,65749,10
12.9338197708,80.233001709,65749,65779,30
12.9338197708,80.233001709,65779,65789,10
12.9337100983,80.2328567505,65789,65800,11
12.9333095551,80.2326507568,65800,65810,10
12.9326696396,80.2323608398,65810,65820,10
12.9317998886,80.2321014404,65820,65830,10
12.9308300018,80.2317810059,65830,65840,10
12.9297599792,80.2314605713,65840,65850,10
12.9286499023,80.2312469482,65850,65860,10
12.9274196625,80.2310714722,65860,65870,10
12.926030159,80.231010437,65870,65890,20
12.926030159,80.231010437,65890,65900,10
12.9257497787,80.2309036255,65900,65916,16
12.9247198105,80.2307434082,65916,65929,13
12.9235401154,80.2306213379,65929,65939,10
12.9224796295,80.2304534912,65939,65949,10
12.9212799072,80.2302322388,65949,65959,10
12.9202003479,80.2300872803,65959,65969,10
12.9192199707,80.2300415039,65969,65979,10
12.9191198349,80.2300567627,65979,65989,10
12.9191198349,80.2300872803,65989,65998,9
12.9188604355,80.2300109863,65998,66010,12
12.918009758,80.2299499512,66010,66020,10
12.917309761,80.2298431396,66020,66031,11
12.9170398712,80.2298278809,66031,66041,10
12.916560173,80.2296981812,66041,66051,10
12.9157800674,80.2295913696,66051,66061,10
12.9148397446,80.2294387817,66061,66071,10
12.9133901596,80.2293395996,66071,66091,20
12.9133901596,80.2293395996,66091,66101,10
12.9134197235,80.2292633057,66101,66111,10
12.9131202698,80.2291717529,66111,66121,10
12.9125795364,80.2290420532,66121,66131,10
12.9116096497,80.2289962769,66131,66142,11
12.9103899002,80.2288818359,66142,66152,10
12.9092197418,80.2286911011,66152,66162,10
12.908080101,80.2285079956,66162,66172,10
12.9070301056,80.2283172607,66172,66333,161
12.9070301056,80.2283172607,66333,66343,10
12.9067802429,80.2284622192,66343,66353,10
12.9062204361,80.2284088135,66353,66374,21
12.9062204361,80.2284088135,66374,66384,10
12.9060096741,80.2284164429,66384,66394,10
12.9054203033,80.2283935547,66394,66404,10
12.9046602249,80.2283325195,66404,66414,10
12.903960228,80.2282791138,66414,66424,10
12.9031000137,80.2282409668,66424,66434,10
12.9022703171,80.2282180786,66434,66444,10
12.9016399384,80.2281417847,66444,66562,118
12.9016399384,80.2281417847,66562,66573,11
12.9015703201,80.2279434204,66573,66583,10
12.9011001587,80.2280807495,66583,66593,10
12.9005002975,80.2280578613,66593,66604,11
12.8997898102,80.2280426025,66604,66613,9
12.8992900848,80.2280502319,66613,66664,51
12.8992900848,80.2280502319,66664,66674,10
12.8988304138,80.2280197144,66674,66684,10
12.8982200623,80.2279586792,66684,66694,10
12.8974199295,80.2279129028,66694,66704,10
12.8965101242,80.2278823853,66704,66715,11
12.895409584,80.2277984619,66715,66725,10
12.8943796158,80.227722168,66725,66735,10
12.8932600021,80.2276611328,66735,66765,30
12.8932600021,80.2276611328,66765,66775,10
12.8930397034,80.2275924683,66775,66785,10
12.8926897049,80.2275619507,66785,66795,10
12.8921403885,80.2275238037,66795,66805,10
12.8913202286,80.2274627686,66805,66815,10
12.8903598785,80.2274627686,66815,66825,10
12.8893404007,80.2274780273,66825,66836,11
12.8884897232,80.2275009155,66836,66852,16
12.8884401321,80.2275009155,66852,66864,12
12.8882303238,80.2275009155,66864,66874,10
12.8878602982,80.2274780273,66874,66884,10
12.8870897293,80.2273635864,66884,66894,10
12.8861398697,80.2271194458,66894,66904,10
12.884929657,80.2268829346,66904,66924,20
12.884929657,80.2268829346,66924,66934,10
12.8848104477,80.2268371582,66934,66944,10
12.8845100403,80.226852417,66944,66955,11
12.8838195801,80.2268676758,66955,66965,10
12.882900238,80.226852417,66965,66975,10
12.8818702698,80.2268676758,66975,66985,10
12.8807096481,80.2268829346,66985,66995,10
12.8794298172,80.2269134521,66995,67005,10
12.8781604767,80.2269592285,67005,67015,10
12.8770799637,80.2270431519,67015,67025,10
12.8764801025,80.2270584106,67025,67035,10
12.8763799667,80.2266998291,67035,67056,21
12.8763799667,80.2266998291,67056,67066,10
12.8764200211,80.2264022827,67066,67076,10
12.8764896393,80.2257766724,67076,67086,10
12.8765802383,80.2249603271,67086,67102,16
12.8768901825,80.2235031128,67102,67114,12
12.8771600723,80.2222595215,67114,67122,8
12.8774003983,80.2212905884,67122,67134,12
12.8777103424,80.219871521,67134,67144,10
12.877989769,80.2185668945,67144,67154,10
12.8781795502,80.2173995972,67154,67164,10
12.8784103394,80.2162704468,67164,67175,11
12.8787202835,80.2149429321,67175,67185,10
12.8789396286,80.2137374878,67185,67195,10
12.8791704178,80.2125930786,67195,67205,10
12.8793802261,80.2115097046,67205,67215,10
12.8793001175,80.2111206055,67215,67225,10
12.8791904449,80.2110900879,67225,67235,10
12.8791503906,80.2110977173,67235,67245,10
12.8788700104,80.2110366821,67245,67262,17
12.8781404495,80.2109069824,67262,67274,12
12.8774700165,80.2107315063,67274,67283,9
12.8767995834,80.2105865479,67283,67294,11
12.8759803772,80.2104187012,67294,67305,11
12.8752098083,80.2103729248,67305,67315,10
12.8745603561,80.2102432251,67315,67345,30
12.8745603561,80.2102432251,67345,67355,10
12.8744096756,80.2101974487,67355,67365,10
12.8742904663,80.2099990845,67365,67375,10
12.874420166,80.2097320557,67375,67385,10
12.8747301102,80.2097167969,67385,67395,10
12.8747797012,80.2100219727,67395,67576,181
12.8747797012,80.2099380493,67576,67718,142
12.8747797012,80.2099380493,67718,67728,10
12.8748102188,80.2099609375,67728,67789,61
12.8748102188,80.2099609375,67789,67799,10
12.8746795654,80.2099380493,67799,67870,71
12.8746795654,80.2099380493,67870,67880,10
12.8746404648,80.2098922729,67880,67890,10
12.8747701645,80.2099227905,67890,67930,40
12.8747997284,80.2099761963,67930,67950,20
12.8747997284,80.2099761963,67950,67961,11
12.8747301102,80.2099304199,67961,67971,10
12.8747196198,80.2099227905,67971,67981,10
12.8746404648,80.2098999023,67981,67991,10
12.8747196198,80.2099075317,67991,68001,10
12.8748703003,80.2099533081,68001,68011,10
12.8749599457,80.2099914551,68011,68021,10
12.8748598099,80.2099380493,68021,68031,10
12.8747196198,80.2098999023,68031,68041,10
12.8746299744,80.2098617554,68041,68051,10
12.8748197556,80.2099304199,68051,68061,10
12.8748998642,80.2100372314,68061,68071,10
12.8749198914,80.2100982666,68071,68082,11
12.8746500015,80.2101821899,68082,68092,10
12.874830246,80.2101898193,68092,68102,10
12.8751001358,80.210319519,68102,68112,10
12.8751096725,80.210319519,68112,68122,10
12.8752202988,80.2102432251,68122,68132,10
12.8756504059,80.2104415894,68132,68142,10
12.8762998581,80.2104492188,68142,68152,10
12.8768396378,80.2105407715,68152,68162,10
12.877530098,80.210647583,68162,68172,10
12.8781404495,80.2107467651,68172,68182,10
12.8788795471,80.2109222412,68182,68193,11
12.8791799545,80.2109680176,68193,68203,10
12.8791999817,80.2109832764,68203,68213,10
12.87940979,80.2110824585,68213,68223,10
12.8794002533,80.2114486694,68223,68233,10
12.8793401718,80.2120132446,68233,68243,10
12.8791399002,80.2130889893,68243,68253,10
12.8789396286,80.2141418457,68253,68263,10
12.8787202835,80.2152786255,68263,68273,10
12.8784799576,80.2163314819,68273,68283,10
12.8782701492,80.2173995972,68283,68293,10
12.8780403137,80.2185668945,68293,68304,11
12.8777599335,80.2198562622,68304,68314,10
12.8774595261,80.2211074829,68314,68324,10
12.8771896362,80.2223968506,68324,68334,10
12.8768997192,80.2236480713,68334,68344,10
12.8767004013,80.2247085571,68344,68354,10
12.8765802383,80.2258300781,68354,68364,10
12.8764400482,80.2269134521,68364,68394,30
12.8764400482,80.2269134521,68394,68404,10
12.8766498566,80.2269897461,68404,68414,10
12.8768596649,80.2269363403,68414,68425,11
12.8775501251,80.2268600464,68425,68435,10
12.8784599304,80.2267379761,68435,68445,10
12.8794698715,80.2266464233,68445,68455,10
12.8805704117,80.2266082764,68455,68465,10
12.8817300797,80.2265777588,68465,68475,10
12.8830299377,80.2265777588,68475,68485,10
12.8841695786,80.2265472412,68485,68495,10
12.8849496841,80.2265777588,68495,68505,10
12.885219574,80.2266616821,68505,68515,10
12.8852300644,80.2266769409,68515,68526,11
12.8854703903,80.2267227173,68526,68536,10
12.8860301971,80.2268676758,68536,68546,10
12.8868598938,80.2270812988,68546,68556,10
12.8877601624,80.2272186279,68556,68566,10
12.8887701035,80.2273025513,68566,68576,10
12.8900098801,80.2273330688,68576,68586,10
12.8913297653,80.2273101807,68586,68596,10
12.8924703598,80.2273178101,68596,68605,9
12.8935499191,80.2274398804,68605,68616,11
12.8944301605,80.2275238037,68616,68626,10
12.89523983,80.2275924683,68626,68636,10
12.8962802887,80.2276077271,68636,68647,11
12.8976297379,80.2276763916,68647,68657,10
12.8990802765,80.2277069092,68657,68758,101
12.8990802765,80.2277069092,68758,68768,10
12.8992004395,80.2276992798,68768,68778,10
12.8994503021,80.2277374268,68778,68788,10
12.8998003006,80.2277908325,68788,68797,9
12.9001197815,80.2278289795,68797,68808,11
12.9006595612,80.2278823853,68808,68818,10
12.9011201859,80.227897644,68818,68828,10
12.9016304016,80.2279281616,68828,68838,10
12.9025602341,80.2278900146,68838,68858,20
12.9025602341,80.2278900146,68858,68868,10
12.9027004242,80.2279205322,68868,68879,11
12.9030704498,80.2279205322,68879,68889,10
12.9037399292,80.2279129028,68889,68899,10
12.9043598175,80.2279815674,68899,68909,10
12.9053602219,80.2280273438,68909,68939,30
12.9053602219,80.2280273438,68939,68949,10
12.9056196213,80.2280502319,68949,68959,10
12.9060897827,80.2280731201,68959,68969,10
12.9064998627,80.2280807495,68969,68979,10
12.9066896439,80.2281036377,68979,68990,11
12.9069595337,80.2281570435,68990,69000,10
12.9074201584,80.2282333374,69000,69010,10
12.908200264,80.2283477783,69010,69020,10
12.9091796875,80.2285079956,69020,69030,10
12.9103002548,80.2287063599,69030,69040,10
12.9113998413,80.2288284302,69040,69050,10
12.9125795364,80.2289886475,69050,69060,10
12.9136400223,80.2291564941,69060,69070,10
12.9141597748,80.2292327881,69070,69080,10
12.914150238,80.2292327881,69080,69090,10
12.9142398834,80.2292175293,69090,69101,11
12.9147396088,80.2292404175,69101,69111,10
12.9155197144,80.2293777466,69111,69121,10
12.9165000916,80.2295608521,69121,69131,10
12.9173803329,80.2296676636,69131,69141,10
12.9184598923,80.2298431396,69141,69151,10
12.9192199707,80.2299728394,69151,69161,10
12.9191999435,80.2299575806,69161,69171,10
12.9191999435,80.2299499512,69171,69181,10
12.9195699692,80.2299880981,69181,69191,10
12.9202804565,80.2300796509,69191,69201,10
12.921210289,80.23021698,69201,69212,11
12.9223003387,80.2304000854,69212,69222,10
12.9236297607,80.2305984497,69222,69232,10
12.9248895645,80.2308120728,69232,69242,10
12.9258804321,80.2309570313,69242,69252,10
12.9263296127,80.2309875488,69252,69262,10
12.9263801575,80.2309570313,69262,69272,10
12.9264698029,80.2309494019,69272,69282,10
12.9269695282,80.2309570313,69282,69292,10
12.9277296066,80.2310562134,69292,69302,10
12.9284601212,80.2311630249,69302,69312,10
12.9286699295,80.2311630249,69312,69323,11
12.929019928,80.2312469482,69323,69333,10
12.9295301437,80.231338501,69333,69343,10
12.9303998947,80.2315597534,69343,69353,10
12.9313497543,80.2318496704,69353,69363,10
12.932390213,80.232208252,69363,69373,10
12.9333600998,80.2325973511,69373,69383,10
12.9338998795,80.2328109741,69383,69393,10
12.9338998795,80.2328262329,69393,69403,10
12.9342603683,80.2329864502,69403,69413,10
12.9348897934,80.2333068848,69413,69423,10
12.9357004166,80.2336807251,69423,69433,10
12.936630249,80.23412323,69433,69444,11
12.9377603531,80.2346420288,69444,69454,10
12.9387197495,80.2350997925,69454,69464,10
12.9391803741,80.2353973389,69464,69480,16
12.9392499924,80.2354736328,69480,69492,12
12.9396896362,80.235710144,69492,69500,8
12.9399499893,80.2357711792,69500,69510,10
12.9400196075,80.2357177734,69510,69521,11
12.9404401779,80.2358779907,69521,69532,11
12.9411401749,80.2360305786,69532,69542,10
12.9420099258,80.2362289429,69542,69553,11
12.9430599213,80.2367095947,69553,69562,9
12.9437398911,80.2373733521,69562,69573,11
12.9438695908,80.2375869751,69573,69583,10
12.9442195892,80.237953186,69583,69593,10
12.9447603226,80.2385482788,69593,69603,10
12.9454898834,80.2392120361,69603,69613,10
12.9464302063,80.2396621704,69613,69623,10
12.9469404221,80.2398605347,69623,69633,10
12.94713974,80.2398986816,69633,69643,10
12.9473104477,80.2399520874,69643,69653,10
12.9480695724,80.240272522,69653,69744,91
12.9480695724,80.240272522,69744,69754,10
12.9484395981,80.2405166626,69754,69764,10
12.9489898682,80.2407073975,69764,69774,10
12.9495201111,80.2408599854,69774,69785,11
12.9503803253,80.2410430908,69785,69795,10
12.9509401321,80.2411422729,69795,69805,10
12.9513902664,80.2413024902,69805,69815,10
12.9515199661,80.2413330078,69815,69825,10
12.9518499374,80.2414779663,69825,69835,10
12.9524297714,80.2417526245,69835,69845,10
12.9532499313,80.2420501709,69845,69855,10
12.9539003372,80.2423171997,69855,69865,10
12.9547300339,80.2426681519,69865,69875,10
12.9554700851,80.242980957,69875,69885,10
12.9562101364,80.2431564331,69885,69896,11
12.9564695358,80.2432403564,69896,69906,10
12.9571399689,80.2436599731,69906,69916,10
12.9580202103,80.2440719604,69916,69926,10
12.9587097168,80.2443466187,69926,69936,10
12.9587202072,80.2443618774,69936,69946,10
12.9587697983,80.2443771362,69946,69956,10
12.9591703415,80.2445831299,69956,69966,10
12.9597702026,80.2448120117,69966,69976,10
12.9606103897,80.2452011108,69976,69986,10
12.9615898132,80.2456588745,69986,69996,10
12.962679863,80.2461776733,69996,70007,11
12.9633998871,80.2465362549,70007,70168,161
12.9633998871,80.2465362549,70168,70178,10
12.9636201859,80.2466430664,70178,70188,10
12.9641399384,80.2469100952,70188,70198,10
12.9649000168,80.247177124,70198,70208,10
12.9658098221,80.2474594116,70208,70218,10
12.9663801193,80.2476806641,70218,70239,21
12.9663801193,80.2476806641,70239,70249,10
12.9666500092,80.2479400635,70249,70259,10
12.9671602249,80.2481231689,70259,70269,10
12.968000412,80.2484817505,70269,70279,10
12.9689397812,80.2488632202,70279,70289,10
12.9700603485,80.2492675781,70289,70299,10
12.9713096619,80.2496795654,70299,70309,10
12.9726600647,80.2500076294,70309,70319,10
12.9738903046,80.2502975464,70319,70329,10
12.9748401642,80.2505493164,70329,70339,10
12.9749097824,80.250579834,70339,70350,11
12.9753799438,80.2507400513,70350,70360,10
12.9760704041,80.2509307861,70360,70370,10
12.9769496918,80.2512130737,70370,70380,10
12.9778604507,80.2519073486,70380,70390,10
12.9788999557,80.2525482178,70390,70400,10
12.9794301987,80.252532959,70400,70410,10
12.9798202515,80.2523498535,70410,70436,26
12.9798202515,80.2523498535,70436,70448,12
12.9799203873,80.2523803711,70448,70457,9
12.9800100327,80.2520294189,70457,70469,12
12.980219841,80.2513504028,70469,70479,10
12.9805002213,80.25050354,70479,70488,9
12.9806995392,80.2496414185,70488,70499,11
12.9807500839,80.248550415,70499,70509,10
12.9807500839,80.2475967407,70509,70519,10
12.9808502197,80.246383667,70519,70529,10
12.9810600281,80.2452087402,70529,70539,10
12.9811897278,80.2442016602,70539,70549,10
12.9811897278,80.2438201904,70549,70559,10
12.9813299179,80.2435379028,70559,70570,11
12.981300354,80.2431335449,70570,70610,40
12.981300354,80.2431335449,70610,70620,10
12.9813203812,80.2428207397,70620,70630,10
12.9813299179,80.2422866821,70630,70640,10
12.9813203812,80.2415008545,70640,70650,10
12.981300354,80.2406692505,70650,70660,10
12.981300354,80.239906311,70660,70670,10
12.9812898636,80.2395477295,70670,70680,10
12.9812602997,80.2389984131,70680,70691,11
12.9812297821,80.2383270264,70691,70701,10
12.9812402725,80.2382278442,70701,70711,10
12.9812402725,80.2382125854,70711,70721,10
12.9812297821,80.2379989624,70721,70731,10
12.9812202454,80.2375793457,70731,70741,10
12.9812097549,80.2368774414,70741,70757,16
12.9811296463,80.2353897095,70757,70769,12
12.981180191,80.2342834473,70769,70777,8
12.9814100266,80.233757019,70777,70789,12
12.9816102982,80.2334594727,70789,70800,11
12.9817199707,80.2331771851,70800,70810,10
12.9817304611,80.2331619263,70810,70820,10
12.9818096161,80.2330093384,70820,70830,10
12.9818696976,80.2328491211,70830,70839,9
12.9819297791,80.2326812744,70839,70850,11
12.9819402695,80.2325820923,70850,70859,9
12.9819803238,80.2323913574,70859,70870,11
12.9819602966,80.2321014404,70870,70880,10
12.9819202423,80.2316131592,70880,70890,10
12.9818601608,80.2313079834,70890,70900,10
12.9816703796,80.2308578491,70900,70911,11
12.9812803268,80.2302322388,70911,70921,10
12.9809598923,80.2296829224,70921,70931,10
12.9808797836,80.2295532227,70931,70941,10
12.9808101654,80.2292785645,70941,70951,10
12.9807195663,80.2291030884,70951,70961,10
12.9806900024,80.2288894653,70961,70971,10
12.9802799225,80.2284011841,70971,70981,10
12.9798498154,80.2277069092,70981,70991,10
12.9795598984,80.2272262573,70991,71001,10
12.9793195724,80.2268600464,71001,71011,10
12.9790201187,80.2263336182,71011,71022,11
12.9785995483,80.2256011963,71022,71032,10
12.9782304764,80.2249908447,71032,71042,10
12.9781198502,80.2247695923,71042,71052,10
12.9779901505,80.2246170044,71052,71062,10
12.9777498245,80.2243423462,71062,71072,10
12.9777402878,80.2242965698,71072,71082,10
12.9776697159,80.2240371704,71082,71092,10
12.9773397446,80.2235717773,71092,71102,10
12.9769802094,80.2229385376,71102,71112,10
12.9770698547,80.2227935791,71112,71132,20
12.9770698547,80.2227935791,71132,71143,11
12.9773101807,80.2227783203,71143,71153,10
12.9774303436,80.2225799561,71153,71163,10
12.9774599075,80.2219314575,71163,71173,10
12.9774599075,80.2214813232,71173,71183,10
12.9776802063,80.221321106,71183,71193,10
12.9781503677,80.2212295532,71193,71203,10
12.9785404205,80.2212982178,71203,71213,10
12.9791498184,80.2212600708,71213,71223,10
12.9800796509,80.2211608887,71223,71233,10
12.9809303284,80.2211303711,71233,71243,10
12.9814796448,80.2212982178,71243,71254,11
12.9818096161,80.2215270996,71254,71264,10
12.9822301865,80.2216873169,71264,71274,10
12.9826698303,80.2218780518,71274,71284,10
12.9829101563,80.222038269,71284,71304,20
12.9829101563,80.222038269,71304,71314,10
12.9833202362,80.2222518921,71314,71324,10
12.9836196899,80.2224197388,71324,71334,10
12.9839096069,80.2226028442,71334,71344,10
12.9843797684,80.2228393555,71344,71354,10
12.9849796295,80.2232131958,71354,71365,11
12.9855699539,80.2231521606,71365,71375,10
12.9863595963,80.2230377197,71375,71394,19
12.9863595963,80.2230377197,71394,71405,11
12.9865503311,80.2228927612,71405,71415,10
12.9868402481,80.222869873,71415,71425,10
12.9870595932,80.2229614258,71425,71435,10
12.9874095917,80.2229690552,71435,71445,10
12.987859726,80.2226867676,71445,71455,10
12.9886903763,80.2221984863,71455,71465,10
12.9891796112,80.2217407227,71465,71476,11
12.9894304276,80.2213287354,71476,71486,10
12.9898004532,80.2208099365,71486,71496,10
12.9903497696,80.220451355,71496,71506,10
12.9903802872,80.2204208374,71506,71516,10
12.9905595779,80.2203216553,71516,71526,10
12.9908704758,80.2200927734,71526,71536,10
12.9912900925,80.2197875977,71536,71546,10
12.9917602539,80.2194595337,71546,71556,10
12.9923400879,80.21900177,71556,71566,10
12.9931297302,80.2183990479,71566,71576,10
12.9943704605,80.2174606323,71576,71607,31
12.9943704605,80.2174606323,71607,71617,10
12.9946098328,80.2173309326,71617,71627,10
12.9949398041,80.217048645,71627,71637,10
12.9954500198,80.2167892456,71637,71647,10
12.9959096909,80.2166595459,71647,71657,10
12.996509552,80.2165679932,71657,71667,10
12.9967603683,80.2165222168,71667,71677,10
12.9972600937,80.2164077759,71677,71697,20
12.9972600937,80.2164077759,71697,71708,11
12.9972801208,80.2163162231,71708,71718,10
12.9975099564,80.2160568237,71718,71728,10
12.9978599548,80.2157897949,71728,71738,10
12.9982795715,80.2153778076,71738,71748,10
12.9989204407,80.2149276733,71748,71758,10
12.9991798401,80.2146224976,71758,71768,10
12.9996404648,80.2142562866,71768,71778,10
12.9999198914,80.2139816284,71778,71788,10
13.0004501343,80.2135009766,71788,71798,10
13.0009002686,80.2131271362,71798,71808,10
13.0013599396,80.2127990723,71808,71819,11
13.0020103455,80.212387085,71819,71829,10
13.0026102066,80.2121734619,71829,71839,10
13.0030698776,80.2120895386,71839,71849,10
13.0034704208,80.2120132446,71849,71859,10
13.0034999847,80.2119827271,71859,71869,10
13.0036001205,80.2117996216,71869,71879,10
13.0035800934,80.2113571167,71879,71889,10
13.0034999847,80.2107772827,71889,71899,10
13.0034399033,80.210067749,71899,71909,10
13.0035200119,80.2092208862,71909,71918,9
13.0039300919,80.2086486816,71918,71930,12
13.0049200058,80.2091369629,71930,71940,10
13.0057401657,80.209487915,71940,71950,10
13.0060596466,80.2095413208,71950,71960,10
13.0064697266,80.2097167969,71960,71970,10
13.0069198608,80.2098236084,71970,71990,20
13.0069198608,80.2098236084,71990,72000,10
13.0070199966,80.2098388672,72000,72010,10
13.0074195862,80.2099609375,72010,72020,10
13.0079803467,80.2100372314,72020,72030,10
13.0081195831,80.2098083496,72030,72041,11
13.0079402924,80.2091522217,72041,72051,10
13.0077896118,80.2083816528,72051,72061,10
13.0076599121,80.2074813843,72061,72071,10
13.007519722,80.2065505981,72071,72081,10
13.0074501038,80.2057266235,72081,72091,10
13.0073699951,80.2052001953,72091,72101,10
13.007399559,80.2044067383,72101,72111,10
13.0073795319,80.2035675049,72111,72121,10
13.0071401596,80.2027206421,72121,72131,10
13.0064601898,80.2028808594,72131,72141,10
13.0069303513,80.2034912109,72141,72151,10
13.0078697205,80.2038421631,72151,72162,11
13.0091104507,80.2037200928,72162,72172,10
13.0103902817,80.20362854,72172,72182,10
13.0116596222,80.2037277222,72182,72192,10
13.0127601624,80.2039489746,72192,72202,10
13.0135002136,80.2042007446,72202,72212,10
13.0136604309,80.2043075562,72212,72222,10
13.0135803223,80.2046127319,72222,72232,10
13.0135097504,80.2048492432,72232,72242,10
13.0134096146,80.2051696777,72242,72252,10
13.0131902695,80.2057113647,72252,72262,10
13.0129995346,80.2065200806,72262,72273,11
13.0129203796,80.2073822021,72273,72283,10
13.0128698349,80.2078094482,72283,72299,16
13.0128498077,80.2085418701,72299,72311,12
13.012960434,80.2092132568,72311,72321,10
13.0131797791,80.2097930908,72321,72330,9
13.013130188,80.2101821899,72330,72341,11
13.0129804611,80.2109909058,72341,72351,10
13.0125904083,80.2117996216,72351,72361,10
13.0122404099,80.2122879028,72361,72371,10
13.0118398666,80.2128219604,72371,72382,11
13.0116596222,80.2127685547,72382,72392,10
13.0113401413,80.2125167847,72392,72401,9
13.010720253,80.2121124268,72401,72412,11
13.0101203918,80.2116394043,72412,72422,10
13.0099496841,80.211479187,72422,72432,10
13.0097799301,80.2113418579,72432,72462,30
13.0097799301,80.2113418579,72462,72472,10
13.0094499588,80.2112579346,72472,72533,61
13.0094499588,80.2112579346,72533,72543,10
13.0093297958,80.2111663818,72543,72634,91
13.0093297958,80.2111663818,72634,72644,10
13.0092897415,80.21118927,72644,72725,81
13.0092897415,80.21118927,72725,72735,10
13.0092802048,80.2111129761,72735,72795,60
13.0094203949,80.2113037109,72795,72896,101
13.0094003677,80.2111663818,72896,72936,40
13.0094003677,80.2111663818,72936,72947,11
13.009469986,80.2110519409,72947,72957,10
13.0095396042,80.2110214233,72957,72967,10
13.009469986,80.2109985352,72967,72977,10
13.0094099045,80.2111206055,72977,72997,20
13.0094099045,80.2111206055,72997,73007,10
13.0093002319,80.2109985352,73007,73017,10
13.0092802048,80.2110366821,73017,73027,10
13.0093698502,80.2111206055,73027,73219,192
13.0097103119,80.2111206055,73219,73249,30
13.0097103119,80.2111206055,73249,73259,10
13.0095701218,80.2111587524,73259,73350,91
13.0092201233,80.2110290527,73350,73370,20
13.0092201233,80.2110290527,73370,73380,10
13.0091896057,80.2110595703,73380,73401,21
13.0091896057,80.2110595703,73401,73411,10
13.0091695786,80.2111968994,73411,73421,10
13.0090398788,80.2114105225,73421,73430,9
13.0089197159,80.2116165161,73430,73441,11
13.0089797974,80.2118606567,73441,73451,10
13.0090799332,80.2121200562,73451,73461,10
13.009180069,80.2123794556,73461,73471,10
13.0092802048,80.212677002,73471,73481,10
13.0094604492,80.213142395,73481,73491,10
13.0096597672,80.2136383057,73491,73501,10
13.0099096298,80.2141876221,73501,73511,10
13.0100803375,80.21484375,73511,73522,11
13.0102100372,80.2156829834,73522,73532,10
13.0105600357,80.2164993286,73532,73542,10
13.0108699799,80.2173233032,73542,73552,10
13.0110502243,80.2180786133,73552,73562,10
13.0115003586,80.2190628052,73562,73572,10
13.0118999481,80.2201919556,73572,73582,10
13.0122699738,80.2211608887,73582,73592,10
13.0128002167,80.2218399048,73592,73602,10
13.0133399963,80.2225036621,73602,73612,10
13.0137796402,80.2231369019,73612,73622,10
13.0141000748,80.2237472534,73622,73633,11
13.0146198273,80.2243881226,73633,73643,10
13.0151700974,80.2249984741,73643,73653,10
13.0154104233,80.2256011963,73653,73663,10
13.0151596069,80.2259368896,73663,73673,10
13.0147199631,80.2261123657,73673,73683,10
13.0136404037,80.2265014648,73683,73693,10
13.0136404037,80.2265014648,73693,73703,10
13.0130300522,80.2267074585,73703,73713,10
13.0122804642,80.2270126343,73713,73723,10
13.0115604401,80.2272720337,73723,73733,10
13.0107097626,80.2276000977,73733,73744,11
13.0099000931,80.2279205322,73744,73755,11
13.0093698502,80.2276763916,73755,73765,10
13.0095796585,80.2272567749,73765,73776,11
13.0099401474,80.2266082764,73776,73786,10
13.0101699829,80.2260437012,73786,73797,11
13.010430336,80.2253417969,73797,73808,11
13.0106897354,80.2248535156,73808,73818,10
13.0109195709,80.2244491577,73818,73828,10
13.0112495422,80.2236785889,73828,73838,10
13.0112695694,80.2232971191,73838,73848,10
13.0109195709,80.2231216431,73848,73859,11
13.0102701187,80.2227020264,73859,73879,20
13.0102701187,80.2227020264,73879,73889,10
13.0100097656,80.2225723267,73889,73899,10
13.0096197128,80.222366333,73899,73909,10
13.0090999603,80.2221221924,73909,73919,10
13.0083799362,80.2217712402,73919,73929,10
13.0075397491,80.2211608887,73929,73939,10
13.0069303513,80.2207717896,73939,73949,10
13.0062103271,80.2205429077,73949,73959,10
13.0053796768,80.2204589844,73959,73970,11
13.0047101974,80.2203292847,73970,73980,10
13.0045900345,80.2202835083,73980,73990,10
13.0043897629,80.2202224731,73990,74000,10
13.003950119,80.2201538086,74000,74010,10
13.0033197403,80.2200393677,74010,74020,10
13.0026502609,80.2197799683,74020,74030,10
13.0020198822,80.2191696167,74030,74040,10
13.0014600754,80.2185974121,74040,74050,10
13.0009202957,80.2181625366,74050,74060,10
13.0002202988,80.2177200317,74060,74070,10
12.999540329,80.2173690796,74070,74081,11
12.9987297058,80.2169189453,74081,74091,10
12.998000145,80.2166519165,74091,74101,10
12.9973602295,80.2165679932,74101,74121,20
12.9973602295,80.2165679932,74121,74131,10
12.9970998764,80.2165985107,74131,74141,10
12.9967098236,80.2165679932,74141,74151,10
12.9962396622,80.2166595459,74151,74161,10
12.9958896637,80.2167434692,74161,74171,10
12.9955396652,80.2168731689,74171,74181,10
12.9953804016,80.2169036865,74181,74191,10
12.9952497482,80.2169799805,74191,74202,11
12.9952402115,80.2169799805,74202,74212,10
12.9950504303,80.217086792,74212,74222,10
12.9948797226,80.2171936035,74222,74232,10
12.9945402145,80.2173919678,74232,74242,10
12.9941797256,80.2176589966,74242,74252,10
12.994020462,80.2178192139,74252,74262,10
12.9937400818,80.2180175781,74262,74272,10
12.9932699203,80.2183380127,74272,74282,10
12.992770195,80.2186584473,74282,74292,10
12.992099762,80.2191467285,74292,74302,10
12.9913797379,80.2197189331,74302,74313,11
12.9908399582,80.2201004028,74313,74323,10
12.9907302856,80.2202377319,74323,74333,10
12.9905500412,80.2203979492,74333,74343,10
12.9901800156,80.2206878662,74343,74353,10
12.9896202087,80.2212677002,74353,74363,10
12.9890098572,80.2220077515,74363,74373,10
12.9885196686,80.2225570679,74373,74383,10
12.9879703522,80.2229690552,74383,74393,10
12.9875001907,80.2231521606,74393,74413,20
12.9875001907,80.2231521606,74413,74424,11
12.9871196747,80.2230911255,74424,74444,20
12.9871196747,80.2230911255,74444,74454,10
12.9867601395,80.2230529785,74454,74464,10
12.9862203598,80.2230300903,74464,74474,10
12.9856595993,80.2231216431,74474,74484,10
12.9851799011,80.2232971191,74484,74494,10
12.98458004,80.2230987549,74494,74504,10
12.984000206,80.2227630615,74504,74514,10
12.9835796356,80.2224807739,74514,74524,10
12.9831600189,80.2222137451,74524,74555,31
12.9831600189,80.2222137451,74555,74565,10
12.9827404022,80.2219924927,74565,74575,10
12.9823303223,80.221786499,74575,74585,10
12.9818401337,80.221496582,74585,74595,10
12.9812602997,80.2212371826,74595,74605,10
12.9804296494,80.2211914063,74605,74615,10
12.9796199799,80.2212219238,74615,74625,10
12.9793395996,80.2212219238,74625,74635,10
12.9786901474,80.2212600708,74635,74645,10
12.9779901505,80.2213821411,74645,74656,11
12.9773197174,80.2213287354,74656,74666,10
12.9764900208,80.2213363647,74666,74675,9
12.9760198593,80.2213973999,74675,74686,11
12.9761295319,80.2216186523,74686,74695,9
12.9763298035,80.2217788696,74695,74726,31
12.9763298035,80.2217788696,74726,74736,10
12.9764900208,80.222038269,74736,74746,10
12.9766597748,80.2224121094,74746,74756,10
12.976940155,80.2228393555,74756,74767,11
12.9773597717,80.2233886719,74767,74777,10
12.9777097702,80.2240524292,74777,74787,10
12.9782304764,80.2248001099,74787,74797,10
12.9785900116,80.2255783081,74797,74807,10
12.979060173,80.2263565063,74807,74817,10
12.9793796539,80.2269821167,74817,74827,10
12.9797697067,80.2276306152,74827,74837,10
12.9802103043,80.2283172607,74837,74847,10
12.9806699753,80.2289962769,74847,74857,10
12.9811201096,80.2296218872,74857,74867,10
12.9816799164,80.2305374146,74867,74888,21
12.9816799164,80.2305374146,74888,74898,10
12.9817695618,80.23072052,74898,74908,10
12.9819297791,80.2311706543,74908,74918,10
12.9820299149,80.2317962646,74918,74928,10
12.9820203781,80.2323226929,74928,74938,10
12.981880188,80.2328262329,74938,74948,10
12.9816799164,80.2333984375,74948,74958,10
12.9816198349,80.2335205078,74958,74968,10
12.9816102982,80.2335968018,74968,74978,10
12.9813699722,80.2339706421,74978,74989,11
12.9811201096,80.2348022461,74989,74999,10
12.9811601639,80.2356796265,74999,75009,10
12.9812002182,80.2365493774,75009,75019,10
12.9812097549,80.2373504639,75019,75029,10
12.9812698364,80.2378692627,75029,75039,10
12.9812898636,80.2381591797,75039,75049,10
12.981300354,80.2386779785,75049,75059,10
12.981300354,80.2387008667,75059,75069,10
12.981300354,80.2388381958,75069,75079,10
12.981300354,80.239402771,75079,75089,10
12.9813203812,80.2398910522,75089,75099,10
12.9813203812,80.2404785156,75099,75110,11
12.9813203812,80.2412872314,75110,75120,10
12.9813203812,80.242149353,75120,75130,10
12.9813499451,80.2429504395,75130,75150,20
12.9813499451,80.2429504395,75150,75160,10
12.9813499451,80.2432403564,75160,75170,10
12.9812898636,80.243850708,75170,75180,10
12.981180191,80.2446594238,75180,75196,16
12.9809503555,80.2462921143,75196,75208,12
12.9808397293,80.2477722168,75208,75217,9
12.9807300568,80.2489624023,75217,75229,12
12.9805698395,80.2502670288,75229,75239,10
12.9801597595,80.2515563965,75239,75249,10
12.9799604416,80.252243042,75249,75259,10
12.9798603058,80.2526168823,75259,75329,70
12.9798603058,80.2526168823,75329,75352,23
12.9798603058,80.2526702881,75352,75364,12
12.9796495438,80.2527999878,75364,75374,10
12.9791898727,80.2526626587,75374,75384,10
12.9785804749,80.2526016235,75384,75394,10
12.9785404205,80.2525634766,75394,75403,9
12.9784402847,80.2525405884,75403,75413,10
12.9780502319,80.252281189,75413,75425,12
12.9773302078,80.2516708374,75425,75435,10
12.9764204025,80.2513580322,75435,75445,10
12.9753198624,80.2509765625,75445,75458,13
12.9738502502,80.2505722046,75458,75468,10
12.9727802277,80.2503204346,75468,75478,10
12.9724397659,80.2502593994,75478,75488,10
12.9722900391,80.250213623,75488,75498,10
12.9717798233,80.2500610352,75498,75508,10
12.971039772,80.2498321533,75508,75518,10
12.9701499939,80.2495269775,75518,75528,10
12.9692401886,80.2491531372,75528,75551,23
12.9672403336,80.2483520508,75551,75564,13
12.9664402008,80.2480010986,75564,75574,10
12.9659004211,80.247756958,75574,75584,10
12.9649896622,80.247467041,75584,75604,20
12.9649896622,80.247467041,75604,75614,10
12.9647903442,80.247428894,75614,75623,9
12.9644699097,80.2472686768,75623,75634,11
12.96393013,80.2470397949,75634,75644,10
12.9638204575,80.2469711304,75644,75654,10
12.9634399414,80.2468338013,75654,75664,10
12.9629096985,80.2466430664,75664,75674,10
12.9622497559,80.2463302612,75674,75685,11
12.9615297318,80.2459182739,75685,75695,10
12.9609003067,80.2456283569,75695,75705,10
12.9603500366,80.2453613281,75705,75715,10
12.9598302841,80.2451095581,75715,75725,10
12.9593601227,80.2449493408,75725,75735,10
12.9592895508,80.2449035645,75735,75745,10
12.9591197968,80.2447967529,75745,75755,10
12.9586696625,80.2445907593,75755,75765,10
12.9580602646,80.2443389893,75765,75775,10
12.9574403763,80.2440795898,75775,75786,11
12.956580162,80.243850708,75786,75796,10
12.9562702179,80.2437515259,75796,75806,10
12.9559297562,80.2435836792,75806,75816,10
12.955329895,80.2432785034,75816,75826,10
12.9545402527,80.2429122925,75826,75836,10
12.9536104202,80.2425308228,75836,75846,10
12.952630043,80.2421188354,75846,75856,10
12.9520902634,80.241897583,75856,75866,10
12.9517498016,80.2417602539,75866,75876,10
12.9513597488,80.2416763306,75876,75892,16
12.9512796402,80.2416534424,75892,75905,13
12.950750351,80.2415084839,75905,75915,10
12.9500198364,80.2413101196,75915,75925,10
12.9491596222,80.2410430908,75925,75945,20
12.9491596222,80.2410430908,75945,75955,10
12.9490604401,80.2409362793,75955,75965,10
12.9486703873,80.2407913208,75965,75975,10
12.9480104446,80.2405090332,75975,75985,10
12.9472303391,80.2401809692,75985,75996,11
12.9470901489,80.2401199341,75996,76006,10
12.9470300674,80.2400817871,76006,76017,11
12.9465904236,80.2398834229,76017,76027,10
12.9459695816,80.2396316528,76027,76037,10
12.9453001022,80.2393188477,76037,76047,10
12.944609642,80.2386703491,76047,76057,10
12.9439096451,80.237991333,76057,76067,10
12.9432897568,80.2373428345,76067,76077,10
12.9432401657,80.2372436523,76077,76087,10
12.9430198669,80.2371292114,76087,76097,10
12.942440033,80.2367324829,76097,76107,10
12.9415397644,80.2363967896,76107,76117,10
12.9406604767,80.2361831665,76117,76128,11
12.9398002625,80.2359313965,76128,76138,10
12.9396800995,80.2358627319,76138,76148,10
12.9396295547,80.2358627319,76148,76158,10
12.9392499924,80.2357025146,76158,76168,10
12.9386196136,80.2353591919,76168,76178,10
12.9377698898,80.2349624634,76178,76188,10
12.9368600845,80.2344970703,76188,76198,10
12.9360399246,80.2341003418,76198,76214,16
12.9348897934,80.233543396,76214,76226,12
12.9340496063,80.2331924438,76226,76236,10
12.9339799881,80.2331466675,76236,76247,11
12.9338798523,80.233039856,76247,76257,10
12.9334402084,80.2328414917,76257,76267,10
12.9327697754,80.2325668335,76267,76277,10
12.9318704605,80.2322692871,76277,76287,10
12.9310598373,80.2320022583,76287,76297,10
12.9300603867,80.2316818237,76297,76307,10
12.929189682,80.2314987183,76307,76317,10
12.928730011,80.2314071655,76317,76327,10
12.9281101227,80.2313232422,76327,76337,10
12.9272003174,80.2312088013,76337,76347,10
12.9263296127,80.2310791016,76347,76358,11
12.9260101318,80.2310562134,76358,76368,10
12.9259595871,80.2310791016,76368,76378,10
12.9255800247,80.2310409546,76378,76388,10
12.9249696732,80.2309417725,76388,76398,10
12.9241399765,80.2309112549,76398,76408,10
12.9232196808,80.2306213379,76408,76418,10
12.9221000671,80.2305831909,76418,76428,10
12.9209403992,80.2304077148,76428,76438,10
12.9197902679,80.2302398682,76438,76448,10
12.9186096191,80.2300567627,76448,76458,10
12.9173498154,80.2299575806,76458,76469,11
12.9159803391,80.2298736572,76469,76479,10
12.9148302078,80.2295684814,76479,76489,10
12.9136695862,80.2294006348,76489,76499,10
12.9133300781,80.2293701172,76499,76509,10
12.9133195877,80.2294082642,76509,76519,10
12.9132699966,80.2294311523,76519,76529,10
12.9128398895,80.2293395996,76529,76539,10
12.9121198654,80.2292022705,76539,76549,10
12.9111795425,80.229057312,76549,76559,10
12.9100904465,80.2288818359,76559,76569,10
12.9089403152,80.2286911011,76569,76580,11
12.9078502655,80.228477478,76580,76590,10
12.9073600769,80.2285003662,76590,76620,30
12.9073600769,80.2285003662,76620,76630,10
12.9072504044,80.228553772,76630,76640,10
12.9067897797,80.2284927368,76640,76650,10
12.9061002731,80.2284622192,76650,76660,10
12.9052000046,80.2283401489,76660,76670,10
12.9042196274,80.2282791138,76670,76680,10
12.9031600952,80.2282028198,76680,76690,10
12.9025402069,80.2281799316,76690,76701,11
12.9023799896,80.2281723022,76701,76711,10
12.9021196365,80.2281494141,76711,76721,10
12.90184021,80.2281494141,76721,76731,10
12.9016599655,80.2281723022,76731,76741,10
12.901309967,80.2281188965,76741,76751,10
12.900970459,80.2281112671,76751,76882,131
12.900970459,80.2281112671,76882,76892,10
12.9007301331,80.2280578613,76892,76902,10
12.9001398087,80.2280426025,76902,76912,10
12.8997402191,80.2279968262,76912,76942,30
12.8997402191,80.2279968262,76942,76953,11
12.8993902206,80.228012085,76953,76963,10
12.899140358,80.2279891968,76963,76973,10
12.8987503052,80.2279510498,76973,76983,10
12.8981199265,80.2279129028,76983,76993,10
12.8973999023,80.2278594971,76993,77003,10
12.8965501785,80.2277603149,77003,77013,10
12.8955497742,80.2276916504,77013,77023,10
12.8944301605,80.2276077271,77023,77034,11
12.8928899765,80.2275695801,77034,77054,20
12.8928899765,80.2275695801,77054,77064,10
12.8926401138,80.2275390625,77064,77074,10
12.8921098709,80.2274932861,77074,77084,10
12.8913497925,80.2274780273,77084,77094,10
12.8904104233,80.2274627686,77094,77104,10
12.889380455,80.2274398804,77104,77114,10
12.8886098862,80.2274475098,77114,77124,10
12.8885002136,80.2274780273,77124,77134,10
12.8884000778,80.2275238037,77134,77145,11
12.8879098892,80.2274475098,77145,77155,10
12.8872203827,80.2273635864,77155,77165,10
12.8862400055,80.2271575928,77165,77175,10
12.8851900101,80.2269668579,77175,77185,10
12.88463974,80.2268600464,77185,77195,10
12.8846101761,80.2268295288,77195,77205,10
12.8843803406,80.2267684937,77205,77215,10
12.8837404251,80.2267684937,77215,77225,10
12.8828201294,80.2267379761,77225,77235,10
12.8817796707,80.2267379761,77235,77245,10
12.8805503845,80.2267608643,77245,77255,10
12.8791904449,80.2267913818,77255,77266,11
12.8776798248,80.226890564,77266,77276,10
12.8765897751,80.2269973755,77276,77286,10
12.8763198853,80.2269973755,77286,77296,10
12.8763399124,80.2266998291,77296,77306,10
12.8763504028,80.226600647,77306,77316,10
12.8764095306,80.226348877,77316,77326,10
12.8765096664,80.2257232666,77326,77336,10
12.876540184,80.2249298096,77336,77346,10
12.8766803741,80.2238998413,77346,77356,10
12.8769798279,80.2226715088,77356,77366,10
12.877289772,80.2213592529,77366,77377,11
12.8776102066,80.2199401855,77377,77387,10
12.8778800964,80.2186965942,77387,77397,10
12.8781404495,80.2174606323,77397,77407,10
12.8783597946,80.2163619995,77407,77417,10
12.8786001205,80.2152786255,77417,77426,9
12.8788003922,80.2142562866,77426,77436,10
12.8790302277,80.2130508423,77436,77447,11
12.8792495728,80.2116622925,77447,77457,10
12.8789396286,80.2109909058,77457,77477,20
12.8789396286,80.2109909058,77477,77488,11
12.8788795471,80.2110137939,77488,77498,10
12.8785400391,80.2109527588,77498,77508,10
12.8779602051,80.2108535767,77508,77518,10
12.8776597977,80.2108383179,77518,77528,10
12.8770399094,80.2107009888,77528,77538,10
12.8763599396,80.2105178833,77538,77548,10
12.8758201599,80.2104034424,77548,77558,10
12.8750400543,80.2102890015,77558,77568,10
12.8744096756,80.2101516724,77568,77588,20
12.8744096756,80.2101516724,77588,77598,10
12.8743200302,80.2100982666,77598,77609,11
12.8744401932,80.2096099854,77609,77619,10
12.8746995926,80.2095794678,77619,77629,10
12.8746500015,80.2098770142,77629,77639,10
12.8744802475,80.2101974487,77639,77649,10
12.8745002747,80.2101898193,77649,77659,10
12.8746995926,80.2100219727,77659,77669,10
12.8747301102,80.2101974487,77669,77677,8
12.8749704361,80.2102432251,77677,77689,12
12.8756103516,80.2102737427,77689,77699,10
12.8761901855,80.2103805542,77699,77709,10
12.8769197464,80.2105331421,77709,77720,11
12.8775701523,80.210647583,77720,77730,10
12.878080368,80.2106781006,77730,77740,10
12.8788604736,80.210899353,77740,77750,10
12.8791399002,80.2109985352,77750,77760,10
12.879240036,80.2110214233,77760,77770,10
12.8793897629,80.2113800049,77770,77780,10
12.8792600632,80.2119827271,77780,77790,10
12.879070282,80.2128067017,77790,77800,10
12.8788900375,80.2138366699,77800,77809,9
12.8787097931,80.2148666382,77809,77820,11
12.8784399033,80.216178894,77820,77831,11
12.8781795502,80.217338562,77831,77841,10
12.8779201508,80.2185592651,77841,77851,10
12.8776102066,80.2197875977,77851,77861,10
12.8773202896,80.2210617065,77861,77871,10
12.8770399094,80.2223968506,77871,77881,10
12.8767595291,80.2237014771,77881,77892,11
12.8765697479,80.2248687744,77892,77902,10
12.8764400482,80.2261199951,77902,77912,10
12.8764200211,80.2269592285,77912,77932,20
12.8764200211,80.2269592285,77932,77943,11
12.8766202927,80.2269363403,77943,77953,10
12.8770103455,80.2268600464,77953,77963,10
12.8777999878,80.2268295288,77963,77973,10
12.8788204193,80.2267608643,77973,77983,10
12.8799800873,80.2267074585,77983,77993,10
12.8813295364,80.2267227173,77993,78003,10
12.8826503754,80.2266998291,78003,78013,10
12.8838596344,80.2266693115,78013,78023,10
12.8848495483,80.2266464233,78023,78033,10
12.8851995468,80.2266769409,78033,78043,10
12.8852100372,80.2266693115,78043,78054,11
12.8856296539,80.2267227173,78054,78064,10
12.886349678,80.2269287109,78064,78074,10
12.8873500824,80.2271728516,78074,78084,10
12.8885803223,80.2272872925,78084,78094,10
12.8899402618,80.2272872925,78094,78104,10
12.8914003372,80.2272872925,78104,78114,10
12.8925600052,80.2273406982,78114,78124,10
12.8936595917,80.2274398804,78124,78134,10
12.8949604034,80.2275772095,78134,78144,10
12.8962697983,80.2276306152,78144,78154,10
12.8975400925,80.2276916504,78154,78165,11
12.8988399506,80.2278823853,78165,78175,10
12.8998298645,80.2278594971,78175,78185,10
12.9005899429,80.2278671265,78185,78245,60
12.9005899429,80.2278671265,78245,78255,10
12.9008398056,80.2278594971,78255,78265,10
12.901260376,80.2278289795,78265,78276,11
12.9020395279,80.2279205322,78276,78286,10
12.9027500153,80.2279663086,78286,78306,20
12.9027500153,80.2279663086,78306,78316,10
12.9030399323,80.2279281616,78316,78326,10
12.9036302567,80.2279891968,78326,78336,10
12.9043998718,80.2280426025,78336,78346,10
12.9052696228,80.2280731201,78346,78356,10
12.9060401917,80.2281036377,78356,78366,10
12.9066295624,80.2281036377,78366,78376,10
12.9068803787,80.2281417847,78376,78386,10
12.9075803757,80.2282333374,78386,78578,192
12.9075803757,80.2282333374,78578,78588,10
12.9076499939,80.2282867432,78588,78598,10
12.9081296921,80.2283706665,78598,78608,10
12.9088897705,80.2285232544,78608,78619,11
12.9100399017,80.2286987305,78619,78629,10
12.9112796783,80.2288818359,78629,78639,10
12.9126195908,80.2290725708,78639,78649,10
12.9137401581,80.2292022705,78649,78659,10
12.9138898849,80.2292022705,78659,78669,10
12.9139099121,80.2291870117,78669,78679,10
12.9143695831,80.2292633057,78679,78689,10
12.9151096344,80.2293167114,78689,78699,10
12.9160499573,80.2294769287,78699,78709,10
12.9171199799,80.2296218872,78709,78719,10
12.9183397293,80.2297668457,78719,78730,11
12.9197397232,80.2299575806,78730,78740,10
12.9211196899,80.2301635742,78740,78750,10
12.9225196838,80.2304000854,78750,78760,10
12.9239702225,80.2306213379,78760,78770,10
12.9253101349,80.2307662964,78770,78780,10
12.9259300232,80.2308197021,78780,78790,10
12.9259796143,80.230796814,78790,78800,10
12.9262104034,80.230796814,78800,78810,10
12.926779747,80.2308883667,78810,78820,10
12.9275598526,80.2309799194,78820,78830,10
12.9285898209,80.2311172485,78830,78841,11
12.9297199249,80.2313995361,78841,78851,10
12.9308395386,80.2317581177,78851,78861,10
12.9320201874,80.2321166992,78861,78871,10
12.9331197739,80.2325820923,78871,78881,10
12.9337701797,80.2328567505,78881,78891,10
12.9337596893,80.2328720093,78891,78901,10
12.9339399338,80.2329788208,78901,78911,10
12.9345397949,80.2332077026,78911,78921,10
12.9354496002,80.2336196899,78921,78931,10
12.9364595413,80.2341308594,78931,78941,10
12.9375295639,80.2346801758,78941,78951,10
12.9385995865,80.2351989746,78951,78962,11
12.9394798279,80.2356491089,78962,78972,10
12.9396896362,80.2357025146,78972,78982,10
12.9397602081,80.2357330322,78982,78992,10
12.9402198792,80.2358779907,78992,79002,10
12.9409599304,80.2360229492,79002,79012,10
12.9419002533,80.2362594604,79012,79021,9
12.9428396225,80.2366333008,79021,79032,11
12.9439096451,80.2376022339,79032,79040,8
12.9445495605,80.2384185791,79040,79052,12
12.9457101822,80.239440918,79052,79062,10
12.9468002319,80.2399291992,79062,79073,11
12.9475097656,80.2401809692,79073,79083,10
12.9476604462,80.2402267456,79083,79093,10
12.9481296539,80.2404098511,79093,79103,10
12.9486398697,80.2406005859,79103,79113,10
12.9486999512,80.2406082153,79113,79123,10
12.9487495422,80.2406387329,79123,79133,10
12.9490804672,80.240737915,79133,79143,10
12.9497804642,80.2409667969,79143,79153,10
12.9506998062,80.2412490845,79153,79163,10
12.9517202377,80.2415924072,79163,79173,10
12.9527702332,80.2419967651,79173,79184,11
12.9539203644,80.242477417,79184,79194,10
12.9547996521,80.2428283691,79194,79204,10
12.9554796219,80.2430725098,79204,79214,10
12.9560203552,80.2432479858,79214,79224,10
12.9562301636,80.243309021,79224,79234,10
12.9562797546,80.243270874,79234,79244,10
12.9565601349,80.2434005737,79244,79254,10
12.957159996,80.2437362671,79254,79264,10
12.9580497742,80.244140625,79264,79274,10
12.958820343,80.2444381714,79274,79284,10
12.9589500427,80.2445373535,79284,79295,11
12.9596395493,80.2448425293,79295,79305,10
12.9602804184,80.2450790405,79305,79315,10
12.9612102509,80.2455291748,79315,79325,10
12.9623003006,80.2460174561,79325,79335,10
12.9630498886,80.246421814,79335,79375,40
12.9630498886,80.246421814,79375,79385,10
12.9631900787,80.2464599609,79385,79395,10
12.9635400772,80.2466201782,79395,79405,10
12.9641895294,80.2469024658,79405,79416,11
12.9651699066,80.2472763062,79416,79426,10
12.9663696289,80.2477798462,79426,79446,20
12.9663696289,80.2477798462,79446,79456,10
12.9665403366,80.2478179932,79456,79466,10
12.9669399261,80.2480316162,79466,79476,10
12.9675798416,80.248260498,79476,79486,10
12.968460083,80.248626709,79486,79496,10
12.9695501328,80.2490692139,79496,79506,10
12.9707298279,80.2495193481,79506,79516,10
12.9720497131,80.2499084473,79516,79533,17
12.9741001129,80.2504425049,79533,79545,12
12.97453022,80.2505111694,79545,79555,10
12.9749498367,80.2506790161,79555,79565,10
12.9756202698,80.2508773804,79565,79575,10
12.9764900208,80.2510986328,79575,79585,10
12.9774799347,80.2515411377,79585,79595,10
12.9783802032,80.2522964478,79595,79604,9
12.9791002274,80.2526397705,79604,79615,11
12.9796800613,80.2525634766,79615,79625,10
12.9796800613,80.2525482178,79625,79636,11
12.9798898697,80.2524337769,79636,79646,10
12.9799003601,80.2520599365,79646,79656,10
12.980050087,80.2514419556,79656,79666,10
12.9801797867,80.2506103516,79666,79676,10
12.9804897308,80.2495880127,79676,79686,10
12.9806804657,80.2483978271,79686,79696,10
12.9807901382,80.2471084595,79696,79706,10
12.9809303284,80.2458267212,79706,79716,10
12.9811000824,80.2445602417,79716,79726,10
12.9811201096,80.2438583374,79726,79736,10
12.981180191,80.2436599731,79736,79746,10
12.9812803268,80.2432785034,79746,79757,11
12.9813098907,80.2429504395,79757,79767,10
12.9813404083,80.2429580688,79767,79777,10
12.9813404083,80.2426986694,79777,79787,10
12.9813299179,80.2422409058,79787,79797,10
12.9812898636,80.2414932251,79797,79807,10
12.9812803268,80.2409667969,79807,79817,10
12.9812803268,80.2407608032,79817,79827,10
12.9812803268,80.2402420044,79827,79837,10
12.9812402725,80.2394485474,79837,79847,10
12.9812297821,80.2389068604,79847,79857,10
12.9812202454,80.2381820679,79857,79868,11
12.9812002182,80.2372512817,79868,79878,10
12.9811601639,80.2364807129,79878,79888,10
12.9811296463,80.2357330322,79888,79898,10
12.9811000824,80.2351379395,79898,79908,10
12.9811601639,80.2343215942,79908,79918,10
12.9814996719,80.2335205078,79918,79928,10
12.9816398621,80.2332611084,79928,79938,10
12.9817304611,80.233039856,79938,79948,10
12.9818496704,80.2325820923,79948,79958,10
12.9819002151,80.2320480347,79958,79967,9
12.9819002151,80.2315826416,79967,79978,11
12.9817800522,80.2310333252,79978,79989,11
12.9816999435,80.2305984497,79989,79999,10
12.9814996719,80.2304534912,79999,80009,10
12.9811601639,80.2300033569,80009,80019,10
12.980799675,80.229347229,80019,80029,10
12.9806003571,80.2290725708,80029,80039,10
12.9805297852,80.2289199829,80039,80049,10
12.9802904129,80.2285766602,80049,80059,10
12.9800701141,80.2280883789,80059,80069,10
12.9796495438,80.2274017334,80069,80079,10
12.9791698456,80.2265396118,80079,80090,11
12.9786396027,80.2256469727,80090,80100,10
12.9781799316,80.2249069214,80100,80110,10
12.9778604507,80.2244567871,80110,80120,10
12.9776201248,80.224067688,80120,80130,10
12.9772596359,80.2235412598,80130,80140,10
12.9769096375,80.2229537964,80140,80150,10
12.9768896103,80.2227706909,80150,80160,10
12.9770803452,80.2226791382,80160,80170,10
12.9771604538,80.2227096558,80170,80180,10
12.9774198532,80.2226409912,80180,80190,10
12.9775400162,80.2222671509,80190,80201,11
12.9774999619,80.2216796875,80201,80211,10
12.9774999619,80.2213668823,80211,80221,10
12.9777803421,80.2211914063,80221,80231,10
12.9783802032,80.2211074829,80231,80241,10
12.9791603088,80.2210769653,80241,80251,10
12.9800395966,80.2210388184,80251,80261,10
12.9808597565,80.221031189,80261,80271,10
12.9815597534,80.2212982178,80271,80281,10
12.9821796417,80.2217407227,80281,80291,10
12.9828395844,80.2218933105,80291,80301,10
12.9831600189,80.2221298218,80301,80311,10
12.9831695557,80.2222671509,80311,80322,11
12.9831495285,80.2222137451,80322,80332,10
12.98320961,80.2222213745,80332,80342,10
12.9834604263,80.2223587036,80342,80352,10
12.9836196899,80.2224578857,80352,80362,10
12.9841098785,80.2227401733,80362,80372,10
12.9846601486,80.2230834961,80372,80382,10
12.985329628,80.2232894897,80382,80392,10
12.9858598709,80.2228927612,80392,80402,10
12.9866800308,80.2229385376,80402,80412,10
12.9869604111,80.2229919434,80412,80422,10
12.9872398376,80.2230072021,80422,80433,11
12.9878997803,80.2228775024,80433,80443,10
12.9884996414,80.2223587036,80443,80453,10
12.9889698029,80.2217102051,80453,80463,10
12.9896001816,80.2210617065,80463,80473,10
12.9902896881,80.2204284668,80473,80483,10
12.9906597137,80.2202224731,80483,80493,10
12.9907398224,80.2199020386,80493,80503,10
12.9912796021,80.2195663452,80503,80513,10
12.9917201996,80.2191696167,80513,80523,10
12.9924402237,80.2186813354,80523,80533,10
12.9933595657,80.2180862427,80533,80544,11
12.99421978,80.2175521851,80544,80554,10
12.994890213,80.2170181274,80554,80564,10
12.9956502914,80.2165985107,80564,80573,9
12.9963197708,80.2163772583,80573,80584,11
12.9970598221,80.2162780762,80584,80594,10
12.9972496033,80.2161178589,80594,80604,10
12.9973297119,80.2160263062,80604,80614,10
12.9978103638,80.2157592773,80614,80624,10
12.9982004166,80.2152023315,80624,80634,10
12.998459816,80.2145385742,80634,80644,10
12.9987897873,80.2142562866,80644,80655,11
12.9994697571,80.2139129639,80655,80665,10
13.0001096725,80.2135162354,80665,80675,10
13.0008296967,80.2130126953,80675,80685,10
13.0015096664,80.2125091553,80685,80695,10
13.0020503998,80.2121887207,80695,80704,9
13.0024299622,80.2120513916,80704,80715,11
13.0030498505,80.2120285034,80715,80725,10
13.0035200119,80.2119598389,80725,80735,10
13.0035400391,80.2119064331,80735,80745,10
13.0036201477,80.2116699219,80745,80755,10
13.0036201477,80.2111206055,80755,80766,11
13.0035295486,80.2102890015,80766,80776,10
13.0035295486,80.2093963623,80776,80786,10
13.0037202835,80.208656311,80786,80796,10
13.00440979,80.2087478638,80796,80806,10
13.0051498413,80.2091293335,80806,80816,10
13.0058202744,80.2094421387,80816,80826,10
13.0066299438,80.2096633911,80826,80846,20
13.0066299438,80.2096633911,80846,80856,10
13.0067501068,80.2096176147,80856,80866,10
13.0071401596,80.2097396851,80866,80917,51
13.0071401596,80.2097396851,80917,80927,10
13.007399559,80.2098083496,80927,80937,10
13.0076799393,80.2098770142,80937,80947,10
13.0080404282,80.2099533081,80947,80957,10
13.0082798004,80.2098312378,80957,80967,10
13.0078897476,80.2091522217,80967,81048,81
13.0078897476,80.2091522217,81048,81058,10
13.0079298019,80.2092895508,81058,81149,91
13.0079298019,80.2092895508,81149,81159,10
13.0077695847,80.2089767456,81159,81169,10
13.0076999664,80.2081832886,81169,81179,10
13.0077295303,80.2072067261,81179,81188,9
13.0075902939,80.2065505981,81188,81199,11
13.0074796677,80.2058410645,81199,81209,10
13.0074701309,80.2053985596,81209,81220,11
13.0074796677,80.2046585083,81220,81230,10
13.0074596405,80.2038803101,81230,81240,10
13.0073699951,80.2030792236,81240,81250,10
13.0069599152,80.2024383545,81250,81260,10
13.006480217,80.2029724121,81260,81270,10
13.0068998337,80.2034606934,81270,81280,10
13.0075101852,80.2036590576,81280,81290,10
13.008099556,80.2036590576,81290,81300,10
13.0084400177,80.2031936646,81300,81310,10
13.0076799393,80.20287323,81310,81320,10
13.0075397491,80.2037124634,81320,81331,11
13.0076799393,80.2046966553,81331,81341,10
13.0076999664,80.205619812,81341,81351,10
13.0078001022,80.2066116333,81351,81361,10
13.0079402924,80.2075271606,81361,81371,10
13.0080604553,80.2082519531,81371,81381,10
13.0081396103,80.2090606689,81381,81391,10
13.0083799362,80.2100601196,81391,81401,10
13.0086603165,80.2107315063,81401,81411,10
13.0089197159,80.211517334,81411,81421,10
13.0092096329,80.2122879028,81421,81431,10
13.0095396042,80.2131576538,81431,81441,10
13.0099096298,80.2141571045,81441,81452,11
13.0101604462,80.2150878906,81452,81462,10
13.0103597641,80.2159729004,81462,81472,10
13.0107002258,80.216758728,81472,81488,16
13.0112600327,80.2181625366,81488,81500,12
13.0116701126,80.2191390991,81500,81509,9
13.0119695663,80.2198867798,81509,81520,11
13.0122404099,80.2209396362,81520,81530,10
13.012550354,80.221572876,81530,81540,10
13.0128803253,80.2220916748,81540,81550,10
13.0135202408,80.2226867676,81550,81560,10
13.0140104294,80.2233810425,81560,81571,11
13.0143404007,80.2239227295,81571,81580,9
13.014840126,80.2245483398,81580,81591,11
13.0153999329,80.2252731323,81591,81602,11
13.0154399872,80.225440979,81602,81612,10
13.0151796341,80.2258529663,81612,81622,10
13.0145101547,80.2261123657,81622,81632,10
13.0136899948,80.2264633179,81632,81642,10
13.0128698349,80.2268371582,81642,81652,10
13.0121002197,80.2272109985,81652,81662,10
13.0111999512,80.2275924683,81662,81673,11
13.0101900101,80.2279815674,81673,81683,10
13.0093603134,80.2283401489,81683,81693,10
13.0089702606,80.229133606,81693,81703,10
13.0087404251,80.2301101685,81703,81713,10
13.0085401535,80.2311401367,81713,81723,10
13.0083799362,80.2321777344,81723,81733,10
13.0081996918,80.2331390381,81733,81743,10
13.0080604553,80.2338485718,81743,81753,10
13.0078802109,80.2349014282,81753,81763,10
13.0076904297,80.2358932495,81763,81773,10
13.0074901581,80.2368011475,81773,81783,10
13.0072803497,80.2378082275,81783,81794,11
13.0070800781,80.2389678955,81794,81804,10
13.006939888,80.2400131226,81804,81814,10
13.006819725,80.2401504517,81814,81824,10
13.0068397522,80.2402496338,81824,81834,10
13.0068101883,80.2406387329,81834,81844,10
13.0067195892,80.2412872314,81844,81854,10
13.0066604614,80.2420272827,81854,81864,10
13.0067195892,80.2427215576,81864,81874,10
13.0067195892,80.2433700562,81874,81884,10
13.0066995621,80.2440490723,81884,81894,10
13.0066604614,80.2450180054,81894,81904,10
13.0066795349,80.2460327148,81904,81915,11
13.0066795349,80.2470397949,81915,81925,10
13.0067100525,80.2479934692,81925,81935,10
13.006770134,80.2489929199,81935,81945,10
13.0067901611,80.2499771118,81945,81955,10
13.0067996979,80.2509918213,81955,81965,10
13.0066795349,80.2518005371,81965,81975,10
13.006529808,80.2527923584,81975,81985,10
13.0065402985,80.2537612915,81985,81995,10
13.0065603256,80.2548217773,81995,82005,10
13.0065498352,80.2558822632,82005,82016,11
13.0066604614,80.257232666,82016,82036,20
13.0066604614,80.257232666,82036,82046,10
13.0065498352,80.2574234009,82046,82056,10
13.0061597824,80.2574462891,82056,82066,10
13.0056400299,80.2572402954,82066,82076,10
13.0047702789,80.2571792603,82076,82086,10
13.0039596558,80.257019043,82086,82096,10
13.0031700134,80.2568664551,82096,82106,10
13.0023403168,80.2566986084,82106,82116,10
13.001540184,80.2565994263,82116,82127,11
13.0006399155,80.2564620972,82127,82137,10
12.9997701645,80.2562866211,82137,82147,10
12.9989795685,80.2561187744,82147,82157,10
12.9983596802,80.2560577393,82157,82167,10
12.9979400635,80.2559585571,82167,82177,10
12.997759819,80.2560119629,82177,82187,10
12.9977903366,80.2561416626,82187,82197,10
12.997710228,80.2561798096,82197,82207,10
12.9977397919,80.2565689087,82207,82520,313
12.9977397919,80.2565689087,82520,82530,10
12.9976596832,80.2566223145,82530,82540,10
12.997710228,80.2569122314,82540,82641,101
12.9977197647,80.2569122314,82641,82681,40
12.9977197647,80.2569122314,82681,82692,11
12.9976902008,80.2570571899,82692,82712,20
12.9977197647,80.2574234009,82712,82782,70
12.9976797104,80.2571868896,82782,82823,41
12.9976797104,80.2571868896,82823,82833,10
12.9977302551,80.2570877075,82833,82843,10
12.9979095459,80.2571182251,82843,82853,10
12.9979896545,80.2565002441,82853,82994,141
12.9979896545,80.2565002441,82994,83004,10
12.9979496002,80.2562179565,83004,83125,121
12.9979801178,80.256401062,83125,83569,444
12.9979801178,80.256401062,83569,83579,10
12.9981203079,80.2562332153,83579,85446,1867
12.9980602264,80.2564697266,85446,85567,121
