12.7863798141,80.2220230103,13,800,787
12.7863798141,80.2221679688,800,861,61
12.7863998413,80.2220993042,861,10002,9141
12.7864303589,80.2218399048,10002,10365,363
12.7864303589,80.2218399048,10365,10375,10
12.7862997055,80.2219390869,10375,12788,2413
12.7862997055,80.2219390869,12788,12798,10
12.7864599228,80.221862793,12798,14081,1283
12.7864398956,80.222038269,14081,18131,4050
12.7864398956,80.222038269,18131,18141,10
12.78647995,80.2219085693,18141,18151,10
12.7863998413,80.2217330933,18151,18161,10
12.7863101959,80.2212982178,18161,18172,11
12.7862796783,80.220741272,18172,18182,10
12.786359787,80.2203598022,18182,18192,10
12.7865495682,80.2204589844,18192,18222,30
12.7865495682,80.2204589844,18222,18232,10
12.7867498398,80.2205505371,18232,18242,10
12.7871398926,80.220703125,18242,18252,10
12.7877502441,80.2209014893,18252,18262,10
12.788479805,80.2211990356,18262,18273,11
12.7894096375,80.2215499878,18273,18283,10
12.7902498245,80.2218170166,18283,18293,10
12.7911596298,80.2220535278,18293,18303,10
12.7921304703,80.2222976685,18303,18313,10
12.7931804657,80.2224884033,18313,18323,10
12.7942800522,80.2226409912,18323,18333,10
12.7954301834,80.2228317261,18333,18343,10
12.7966003418,80.2230377197,18343,18353,10
12.7978096008,80.2232589722,18353,18363,10
12.7990598679,80.2233810425,18363,18374,11
12.8004703522,80.223487854,18374,18384,10
12.8014297485,80.2235794067,18384,18394,10
12.801609993,80.2235870361,18394,18404,10
12.8018798828,80.2236022949,18404,18414,10
12.8025197983,80.2236785889,18414,18424,10
12.8036003113,80.2237930298,18424,18434,10
12.8046798706,80.2238998413,18434,18444,10
12.8055000305,80.2240829468,18444,18454,10
12.8055400848,80.2240982056,18454,18464,10
12.8056097031,80.2241210938,18464,18475,11
12.8059997559,80.2244110107,18475,18485,10
12.8066196442,80.2249526978,18485,18495,10
12.8073501587,80.2256011963,18495,18505,10
12.8082199097,80.2263565063,18505,18515,10
12.8092298508,80.227180481,18515,18525,10
12.8104600906,80.2277984619,18525,18535,10
12.8117704391,80.2283325195,18535,18545,10
12.8131103516,80.2288131714,18545,18555,10
12.8144702911,80.2291870117,18555,18565,10
12.8158597946,80.2294006348,18565,18576,11
12.8173999786,80.2297286987,18576,18586,10
12.8186597824,80.2303314209,18586,18596,10
12.8197498322,80.2304382324,18596,18606,10
12.8198404312,80.2304229736,18606,18615,9
12.8203201294,80.2304077148,18615,18626,11
12.8211603165,80.2304229736,18626,18636,10
12.8224000931,80.2306518555,18636,18646,10
12.8236999512,80.231048584,18646,18656,10
12.8249502182,80.2313537598,18656,18666,10
12.8262796402,80.231338501,18666,18675,9
12.827460289,80.2310791016,18675,18687,12
12.828909874,80.2302627563,18687,18697,10
12.8302001953,80.2296981812,18697,18707,10
12.8312501907,80.2292785645,18707,18717,10
12.831609726,80.2291717529,18717,18727,10
12.8322896957,80.229019165,18727,18737,10
12.8332500458,80.2288589478,18737,18747,10
12.8344602585,80.2286224365,18747,18757,10
12.8358001709,80.2284164429,18757,18767,10
12.8371896744,80.2282409668,18767,18778,11
12.8386602402,80.2279281616,18778,18788,10
12.8395395279,80.2277069092,18788,18808,20
12.8395395279,80.2277069092,18808,18818,10
12.8396501541,80.2276611328,18818,18828,10
12.8402099609,80.2274627686,18828,18838,10
12.8410396576,80.2272491455,18838,18848,10
12.8421096802,80.2269821167,18848,18858,10
12.8433504105,80.2267532349,18858,18868,10
12.8454999924,80.2265396118,18868,18889,21
12.8454999924,80.2265396118,18889,18899,10
12.845749855,80.2265396118,18899,18909,10
12.8463001251,80.2265625,18909,18919,10
12.847120285,80.2265167236,18919,18929,10
12.84815979,80.2265167236,18929,18939,10
12.849360466,80.2265014648,18939,18949,10
12.8506603241,80.2265014648,18949,18959,10
12.8520402908,80.2265625,18959,18969,10
12.8534603119,80.2265930176,18969,18979,10
12.8548803329,80.2264480591,18979,18989,10
12.856300354,80.22631073,18989,19000,11
12.8578195572,80.2261886597,19000,19010,10
12.8592195511,80.2262573242,19010,19020,10
12.8603696823,80.2264404297,19020,19030,10
12.860830307,80.2264709473,19030,19040,10
12.8610401154,80.2264785767,19040,19050,10
12.861700058,80.2264709473,19050,19060,10
12.8626804352,80.2264404297,19060,19070,10
12.8639297485,80.2264404297,19070,19080,10
12.8653297424,80.2264785767,19080,19090,10
12.8666400909,80.2264404297,19090,19100,10
12.8677997589,80.2263183594,19100,19111,11
12.8692798615,80.2263565063,19111,19121,10
12.8706998825,80.2265167236,19121,19131,10
12.872130394,80.2265777588,19131,19141,10
12.8729400635,80.2265930176,19141,19151,10
12.8730802536,80.2265930176,19151,19161,10
12.8736696243,80.2266311646,19161,19171,10
12.874540329,80.2267379761,19171,19181,10
12.8756504059,80.2268676758,19181,19191,10
12.8767595291,80.2268218994,19191,19212,21
12.8767595291,80.2268218994,19212,19222,10
12.8772602081,80.2267913818,19222,19232,10
12.878080368,80.2267074585,19232,19242,10
12.8792295456,80.2266235352,19242,19252,10
12.8804998398,80.2266082764,19252,19262,10
12.8818101883,80.226600647,19262,19272,10
12.8832502365,80.226600647,19272,19282,10
12.8846197128,80.226600647,19282,19292,10
12.8851804733,80.2266235352,19292,19302,10
12.8851900101,80.2266311646,19302,19313,11
12.8852300644,80.2266464233,19313,19323,10
12.8856401443,80.2267227173,19323,19333,10
12.8863296509,80.2268981934,19333,19343,10
12.887260437,80.2271194458,19343,19353,10
12.888420105,80.2272567749,19353,19363,10
12.8897399902,80.2272796631,19363,19373,10
12.89083004,80.2272796631,19373,19383,10
12.8924398422,80.2273330688,19383,19393,10
12.8936796188,80.2274475098,19393,19403,10
12.8943300247,80.2275085449,19403,19413,10
12.8947401047,80.2275314331,19413,19424,11
12.8955202103,80.2275466919,19424,19434,10
12.8965702057,80.2276077271,19434,19444,10
12.8978004456,80.2276916504,19444,19454,10
12.899140358,80.2277832031,19454,19464,10
12.9003095627,80.2278366089,19464,19474,10
12.9010000229,80.2278518677,19474,19484,10
12.9017496109,80.227897644,19484,19504,20
12.9017496109,80.227897644,19504,19515,11
12.9022502899,80.2279129028,19515,19524,9
12.9029102325,80.2279281616,19524,19535,11
12.9039096832,80.2280197144,19535,19545,10
12.9050598145,80.2280807495,19545,19555,10
12.90625,80.2281494141,19555,19565,10
12.9069099426,80.2282104492,19565,19575,10
12.906920433,80.2282104492,19575,19585,10
12.9070501328,80.2282333374,19585,19595,10
12.9075403214,80.2282867432,19595,19605,10
12.9083499908,80.2284088135,19605,19615,10
12.9094696045,80.2285995483,19615,19626,11
12.9109201431,80.228843689,19626,19636,10
12.9123096466,80.2290420532,19636,19646,10
12.913599968,80.2292327881,19646,19656,10
12.9141397476,80.2292861938,19656,19666,10
12.9143600464,80.2293319702,19666,19676,10
12.9149198532,80.2294006348,19676,19686,10
12.915719986,80.2295303345,19686,19696,10
12.91685009,80.2296829224,19696,19706,10
12.9181499481,80.229850769,19706,19716,10
12.9192895889,80.2299804688,19716,19726,10
12.9194803238,80.2300033569,19726,19737,11
12.9198503494,80.2300567627,19737,19747,10
12.9205102921,80.230140686,19747,19757,10
12.9214200974,80.2302627563,19757,19767,10
12.9225597382,80.2304382324,19767,19783,16
12.924659729,80.2307281494,19783,19795,12
12.926199913,80.2309036255,19795,19805,10
12.9265403748,80.2309417725,19805,19815,10
12.9269304276,80.2309799194,19815,19825,10
12.9276399612,80.2310791016,19825,19836,11
12.9287099838,80.2312393188,19836,19846,10
12.929889679,80.2314910889,19846,19856,10
12.9311704636,80.2318267822,19856,19866,10
12.9324197769,80.2322387695,19866,19876,10
12.9335403442,80.232673645,19876,19886,10
12.9337501526,80.2327880859,19886,19896,10
12.9338598251,80.2328186035,19896,19906,10
12.9340801239,80.2329788208,19906,19916,10
12.9349498749,80.2333679199,19916,19926,10
12.9358901978,80.2337722778,19926,19937,11
12.9371099472,80.2343597412,19937,19947,10
12.9383001328,80.2349472046,19947,19957,10
12.9397802353,80.2356414795,19957,19977,20
12.9397802353,80.2356414795,19977,19987,10
12.9401903152,80.2358016968,19987,19997,10
12.9409103394,80.236000061,19997,20007,10
12.9418497086,80.2362289429,20007,20016,9
12.9427995682,80.2365722656,20016,20026,10
12.9437303543,80.2373275757,20026,20036,10
12.9446201324,80.2382965088,20036,20048,12
12.9457798004,80.2393493652,20048,20058,10
12.9468202591,80.2397689819,20058,20068,10
12.947259903,80.2399291992,20068,20078,10
12.9474496841,80.2400131226,20078,20088,10
12.9479799271,80.2402420044,20088,20098,10
12.9485797882,80.2404937744,20098,20108,10
12.9489803314,80.2406082153,20108,20118,10
12.9493999481,80.2407531738,20118,20128,10
12.9501199722,80.2409820557,20128,20138,10
12.9509496689,80.2412261963,20138,20149,11
12.9511499405,80.2412872314,20149,20159,10
12.9511604309,80.2412872314,20159,20169,10
12.9514904022,80.2414398193,20169,20179,10
12.9521198273,80.2416610718,20179,20189,10
12.9529399872,80.2419586182,20189,20199,10
12.953909874,80.2423629761,20199,20209,10
12.9548397064,80.2427368164,20209,20219,10
12.9554796219,80.2429962158,20219,20229,10
12.956199646,80.243347168,20229,20245,16
12.9565896988,80.2434997559,20245,20258,13
12.9574899673,80.2438583374,20258,20268,10
12.9583797455,80.2442016602,20268,20277,9
12.9591197968,80.2444763184,20277,20287,10
12.9591703415,80.2445373535,20287,20298,11
12.9596099854,80.2447662354,20298,20308,10
12.9602499008,80.2450485229,20308,20318,10
12.9612903595,80.245552063,20318,20328,10
12.9623804092,80.24609375,20328,20338,10
12.9634399414,80.2466201782,20338,20348,10
12.9645204544,80.2470397949,20348,20359,11
12.9659004211,80.2475280762,20359,20369,10
12.966799736,80.2478485107,20369,20389,20
12.966799736,80.2478485107,20389,20399,10
12.9668798447,80.2479019165,20399,20409,10
12.9671401978,80.2480163574,20409,20419,10
12.9676799774,80.2482376099,20419,20429,10
12.9685401917,80.2486190796,20429,20439,10
12.9695901871,80.2490692139,20439,20449,10
12.970700264,80.2495193481,20449,20459,10
12.9718399048,80.2498474121,20459,20470,11
12.972869873,80.2501068115,20470,20480,10
12.9736995697,80.2503204346,20480,20490,10
12.9743900299,80.2504806519,20490,20500,10
12.9744501114,80.25050354,20500,20510,10
12.9746999741,80.2505722046,20510,20520,10
12.9753398895,80.2507629395,20520,20530,10
12.9762296677,80.2510375977,20530,20540,10
12.9773197174,80.2514038086,20540,20550,10
12.978219986,80.2520675659,20550,20560,10
12.9785604477,80.2523193359,20560,20571,11
12.9785804749,80.2523498535,20571,20581,10
12.978969574,80.2525177002,20581,20591,10
12.9796695709,80.2526321411,20591,20601,10
12.9804000854,80.2526779175,20601,20611,10
12.9814395905,80.2526626587,20611,20621,10
12.9826602936,80.2526092529,20621,20631,10
12.9839897156,80.2523880005,20631,20641,10
12.9853401184,80.2520217896,20641,20651,10
12.9865503311,80.251701355,20651,20661,10
12.9875097275,80.2514038086,20661,20672,11
12.9879598618,80.2514801025,20672,20682,10
12.9880895615,80.2520294189,20682,20692,10
12.9880895615,80.2521209717,20692,20702,10
12.9880695343,80.252571106,20702,20712,10
12.9879703522,80.2535018921,20712,20722,10
12.987859726,80.2546386719,20722,20732,10
12.9877595901,80.2555999756,20732,20742,10
12.9881696701,80.2557983398,20742,20752,10
12.9884796143,80.255821228,20752,20762,10
12.9884996414,80.2558288574,20762,20772,10
12.9888601303,80.2558288574,20772,20783,11
12.9896097183,80.255859375,20783,20793,10
12.9903097153,80.2559661865,20793,20803,10
12.9910802841,80.2560119629,20803,20813,10
12.9919500351,80.2559204102,20813,20823,10
12.9928998947,80.2559967041,20823,20833,10
12.9939899445,80.255859375,20833,20843,10
12.9949502945,80.2557525635,20843,20853,10
12.9958600998,80.2557983398,20853,20863,10
12.9962100983,80.2558517456,20863,20874,11
12.9968900681,80.2558288574,20874,20884,10
12.9974403381,80.255859375,20884,20894,10
12.997879982,80.2558364868,20894,20904,10
12.9982795715,80.2557983398,20904,20914,10
12.9988203049,80.2558822632,20914,20934,20
12.9988203049,80.2558822632,20934,20944,10
12.9992904663,80.2559967041,20944,20954,10
13.0000600815,80.2561569214,20954,20964,10
13.0009403229,80.2562713623,20964,20974,10
13.001950264,80.2564468384,20974,20985,11
13.0028400421,80.2566375732,20985,20995,10
13.0037698746,80.2567672729,20995,21005,10
13.0045795441,80.2568511963,21005,21015,10
13.0058202744,80.257232666,21015,21025,10
13.0065002441,80.2573776245,21025,21035,10
13.0065698624,80.256980896,21035,21045,10
13.0065603256,80.2563171387,21045,21055,10
13.0065202713,80.2552185059,21055,21065,10
13.006480217,80.2541503906,21065,21075,10
13.0065002441,80.2532424927,21075,21086,11
13.0065202713,80.2530212402,21086,21096,10
13.0065402985,80.2525024414,21096,21106,10
13.0066795349,80.2517929077,21106,21116,10
13.006939888,80.2509078979,21116,21126,10
13.0068101883,80.2494430542,21126,21136,10
13.0066995621,80.2480926514,21136,21146,10
13.0066795349,80.2471389771,21146,21156,10
13.0066299438,80.2465286255,21156,21166,10
13.0066604614,80.246383667,21166,21176,10
13.0067195892,80.2459411621,21176,21186,10
13.0067100525,80.2451629639,21186,21197,11
13.0067100525,80.2441177368,21197,21207,10
13.0066204071,80.2432174683,21207,21217,10
13.0065898895,80.2422790527,21217,21227,10
13.0066604614,80.2406692505,21227,21247,20
13.0066604614,80.2406692505,21247,21257,10
13.0066900253,80.2404632568,21257,21267,10
13.0067796707,80.2400588989,21267,21277,10
13.0070400238,80.2393112183,21277,21287,10
13.0071401596,80.2384109497,21287,21297,10
13.007399559,80.2372817993,21297,21308,11
13.0076704025,80.2359695435,21308,21318,10
13.007900238,80.23462677,21318,21328,10
13.008190155,80.2332382202,21328,21338,10
13.008480072,80.2317428589,21338,21348,10
13.0086898804,80.230430603,21348,21357,9
13.0089197159,80.2292098999,21357,21366,9
13.0092697144,80.2279510498,21366,21378,12
13.0099802017,80.2264480591,21378,21388,10
13.0105695724,80.2252502441,21388,21398,10
13.0110797882,80.2241363525,21398,21408,10
13.0116195679,80.2229995728,21408,21419,11
13.0120296478,80.2219467163,21419,21429,10
13.0124397278,80.2215805054,21429,21439,10
13.0126895905,80.2220687866,21439,21449,10
13.0134401321,80.2228317261,21449,21459,10
13.0140304565,80.2235412598,21459,21469,10
13.0145797729,80.2241287231,21469,21479,10
13.0152597427,80.2247924805,21479,21489,10
13.0155897141,80.2250213623,21489,21499,10
13.0157403946,80.2251815796,21499,21510,11
13.0163002014,80.2253265381,21510,21519,9
13.0171003342,80.2250900269,21519,21530,11
13.0183000565,80.2246170044,21530,21540,10
13.0193195343,80.2244033813,21540,21550,10
13.0202903748,80.2249221802,21550,21559,9
13.0210399628,80.2254562378,21559,21570,11
13.0216999054,80.2259521484,21570,21580,10
13.0219402313,80.2261123657,21580,21590,10
13.0221004486,80.226272583,21590,21600,10
13.0225801468,80.2266998291,21600,21611,11
13.0233602524,80.227432251,21611,21621,10
13.0240602493,80.2281265259,21621,21631,10
13.0245704651,80.2287216187,21631,21641,10
13.0250797272,80.2294616699,21641,21650,9
13.0256004333,80.2301635742,21650,21661,11
13.0260295868,80.2310714722,21661,21671,10
13.0262403488,80.2312698364,21671,21681,10
13.0269098282,80.2311019897,21681,21691,10
13.0278596878,80.2309417725,21691,21701,10
13.0283699036,80.2308120728,21701,21711,10
13.0286102295,80.2308273315,21711,21721,10
13.0291500092,80.230758667,21721,21732,11
13.0297803879,80.2307510376,21732,21742,10
13.0305404663,80.23072052,21742,21752,10
13.0311698914,80.230682373,21752,21762,10
13.0317497253,80.2305984497,21762,21772,10
13.0325603485,80.2305679321,21772,21782,10
13.0332698822,80.2304763794,21782,21792,10
13.0342197418,80.2304077148,21792,21823,31
13.0342197418,80.2304077148,21823,21833,10
13.0344495773,80.2304000854,21833,21843,10
13.0350103378,80.230178833,21843,21863,20
13.0350103378,80.230178833,21863,21873,10
13.0351600647,80.2302627563,21873,21883,10
13.0350103378,80.2303695679,21883,21893,10
13.0346403122,80.2303771973,21893,21903,10
13.034239769,80.2304916382,21903,21914,11
13.0339603424,80.2305221558,21914,21924,10
13.0336904526,80.230506897,21924,21934,10
13.0335798264,80.2304992676,21934,21944,10
13.033249855,80.2305297852,21944,22045,101
13.033249855,80.2305297852,22045,22055,10
13.0330295563,80.2304534912,22055,23337,1282
13.0330295563,80.2304534912,23337,23347,10
13.0331802368,80.2303924561,23347,23519,172
13.0331602097,80.2304382324,23519,23731,212
13.0331602097,80.2304382324,23731,23741,10
13.0330896378,80.230430603,23741,23751,10
13.0328197479,80.2304611206,23751,23761,10
13.0322999954,80.2305221558,23761,23771,10
13.031539917,80.2306137085,23771,23781,10
13.0309000015,80.230682373,23781,23791,10
13.0306100845,80.23072052,23791,23801,10
13.0300798416,80.2307815552,23801,23822,21
13.0300798416,80.2307815552,23822,23832,10
13.0297603607,80.2308425903,23832,23842,10
13.0293703079,80.2309112549,23842,23852,10
13.0286598206,80.2309799194,23852,23862,10
13.0279798508,80.231010437,23862,23872,10
13.0277996063,80.231262207,23872,23882,10
13.0278100967,80.2316970825,23882,23892,10
13.0278701782,80.2321395874,23892,23902,10
13.0279302597,80.2325363159,23902,23912,10
13.0274801254,80.232711792,23912,23923,11
13.0269403458,80.2328796387,23923,23943,20
13.0269403458,80.2328796387,23943,23953,10
13.026599884,80.2330093384,23953,23963,10
13.0263795853,80.2329025269,23963,23973,10
13.0261802673,80.2323532104,23973,23983,10
13.0259304047,80.2314071655,23983,23993,10
13.0255804062,80.2304382324,23993,24003,10
13.0248203278,80.2293014526,24003,24014,11
13.0240297318,80.2283325195,24014,24024,10
13.0234003067,80.2276611328,24024,24034,10
13.0233297348,80.2275772095,24034,24044,10
13.0231800079,80.2274017334,24044,24054,10
13.0228099823,80.2270202637,24054,24064,10
13.0222301483,80.2265625,24064,24080,16
13.0212697983,80.2257614136,24080,24092,12
13.0205698013,80.2252426147,24092,24102,10
13.0199203491,80.2248001099,24102,24111,9
13.0198898315,80.2247772217,24111,24122,11
13.0198497772,80.2247085571,24122,24133,11
13.0193004608,80.2245025635,24133,24143,10
13.0183095932,80.2247009277,24143,24153,10
13.0172300339,80.225151062,24153,24162,9
13.0162296295,80.2255783081,24162,24173,11
13.0142402649,80.226272583,24173,24193,20
13.0142402649,80.226272583,24193,24203,10
13.0139303207,80.2263412476,24203,24213,10
13.0132799149,80.2266082764,24213,24223,10
13.0123796463,80.2269668579,24223,24234,11
13.0111503601,80.2274780273,24234,24244,10
13.0100002289,80.2279586792,24244,24254,10
13.0092000961,80.2285385132,24254,24264,10
13.0089302063,80.2295913696,24264,24274,10
13.0086803436,80.2308807373,24274,24284,10
13.0084695816,80.2320022583,24284,24294,10
13.0082902908,80.2333831787,24294,24304,10
13.0082597733,80.2334976196,24304,24314,10
13.0081596375,80.2339172363,24314,24324,10
13.0080299377,80.2346496582,24324,24334,10
13.0078601837,80.2353591919,24334,24345,11
13.0076503754,80.2363433838,24345,24355,10
13.0073795319,80.2377471924,24355,24365,10
13.0071697235,80.2389373779,24365,24375,10
13.0069599152,80.240020752,24375,24385,10
13.0069303513,80.2403182983,24385,24395,10
13.0068998337,80.2406616211,24395,24405,10
13.0068397522,80.2408370972,24405,24415,10
13.0067396164,80.2414169312,24415,24425,10
13.0067501068,80.2425613403,24425,24435,10
13.0067501068,80.2437210083,24435,24446,11
13.006770134,80.245300293,24446,24456,10
13.0067796707,80.2466506958,24456,24465,9
13.0067796707,80.2478790283,24465,24476,11
13.0068101883,80.2491226196,24476,24486,10
13.0068397522,80.2503509521,24486,24496,10
13.0068101883,80.2513809204,24496,24506,10
13.0066900253,80.2521514893,24506,24516,10
13.0066099167,80.2530822754,24516,24526,10
13.0065603256,80.2542190552,24526,24536,10
13.0066204071,80.255027771,24536,24547,11
13.0065803528,80.2552719116,24547,24557,10
13.0065803528,80.2559280396,24557,24567,10
13.0066404343,80.2568283081,24567,24577,10
13.0065002441,80.2574996948,24577,24587,10
13.00578022,80.2573776245,24587,24597,10
13.0047597885,80.2571716309,24597,24607,10
13.0036096573,80.2569274902,24607,24617,10
13.0026597977,80.2567367554,24617,24627,10
13.0016803741,80.2565612793,24627,24637,10
13.0008201599,80.256439209,24637,24648,11
12.9997196198,80.2562408447,24648,24658,10
12.9986200333,80.2560501099,24658,24678,20
12.9986200333,80.2560501099,24678,24688,10
12.9983901978,80.2559967041,24688,24698,10
12.9980602264,80.2559814453,24698,24708,10
12.997420311,80.2559585571,24708,24718,10
12.9968004227,80.2559432983,24718,24728,10
12.9961099625,80.2559204102,24728,24738,10
12.9956102371,80.2559204102,24738,24748,10
12.9952001572,80.2558822632,24748,24759,11
12.9944200516,80.2559204102,24759,24769,10
12.9934997559,80.2560119629,24769,24779,10
12.992480278,80.2560806274,24779,24789,10
12.9916000366,80.2560577393,24789,24799,10
12.9907503128,80.2559967041,24799,24809,10
12.9900398254,80.2559890747,24809,24819,10
12.9893703461,80.2559661865,24819,24829,10
12.9882898331,80.255859375,24829,24870,41
12.9882898331,80.255859375,24870,24880,10
12.9879798889,80.2557907104,24880,24890,10
12.9875097275,80.2557067871,24890,24900,10
12.9869298935,80.2556533813,24900,24910,10
12.9862203598,80.255531311,24910,24920,10
12.9860801697,80.2555007935,24920,24930,10
12.9855804443,80.2554168701,24930,24940,10
12.9848499298,80.255241394,24940,24950,10
12.984120369,80.2551269531,24950,24960,10
12.9830703735,80.2547836304,24960,24971,11
12.982219696,80.2543792725,24971,24981,10
12.9818897247,80.2536087036,24981,24991,10
12.9816398621,80.2528915405,24991,25001,10
12.9809598923,80.2527770996,25001,25017,16
12.9800300598,80.2527694702,25017,25029,12
12.9791498184,80.2527008057,25029,25039,10
12.978679657,80.2526168823,25039,25049,10
12.9784202576,80.2524490356,25049,25059,10
12.9778795242,80.251991272,25059,25069,10
12.9771099091,80.251411438,25069,25080,11
12.9762401581,80.2510986328,25080,25090,10
12.975279808,80.250831604,25090,25100,10
12.9741096497,80.2505111694,25100,25110,10
12.9729404449,80.2501983643,25110,25120,10
12.9714202881,80.249786377,25120,25130,10
12.9701700211,80.249420166,25130,25140,10
12.9687004089,80.2488174438,25140,25150,10
12.9673595428,80.2482833862,25150,25160,10
12.9662799835,80.2477874756,25160,25170,10
12.9650497437,80.2473373413,25170,25201,31
12.9650497437,80.2473373413,25201,25211,10
12.9649801254,80.2472610474,25211,25221,10
12.9645004272,80.2470932007,25221,25231,10
12.9637403488,80.2468032837,25231,25241,10
12.9627599716,80.2463302612,25241,25251,10
12.9615898132,80.2457580566,25251,25261,10
12.9603500366,80.2451934814,25261,25272,11
12.9594202042,80.2446899414,25272,25282,10
12.959400177,80.2447662354,25282,25292,10
12.9592599869,80.2446517944,25292,25302,10
12.9588003159,80.2444610596,25302,25312,10
12.9580602646,80.2441711426,25312,25322,10
12.9573497772,80.243927002,25322,25332,10
12.9565496445,80.2436828613,25332,25342,10
12.9562997818,80.243598938,25342,25352,10
12.955789566,80.2433624268,25352,25362,10
12.955039978,80.242980957,25362,25372,10
12.9540195465,80.2425613403,25372,25382,10
12.9528999329,80.2421035767,25382,25393,11
12.9518995285,80.2417221069,25393,25403,10
12.9517402649,80.2416610718,25403,25413,10
12.9513998032,80.2415237427,25413,25423,10
12.9506998062,80.2412872314,25423,25433,10
12.9498300552,80.2410507202,25433,25443,10
12.9490995407,80.2408218384,25443,25453,10
12.9483604431,80.2405014038,25453,25463,10
12.9474201202,80.2401275635,25463,25473,10
12.9471998215,80.2400512695,25473,25483,10
12.9470796585,80.240020752,25483,25494,11
12.946559906,80.2398300171,25494,25504,10
12.9457702637,80.239440918,25504,25514,10
12.944899559,80.2387619019,25514,25524,10
12.9440603256,80.2378921509,25524,25534,10
12.9431695938,80.2369613647,25534,25544,10
12.9419403076,80.236328125,25544,25554,10
12.9408197403,80.2360687256,25554,25564,10
12.9397602081,80.2358016968,25564,25574,10
12.939740181,80.2358016968,25574,25585,11
12.9396800995,80.2356567383,25585,25595,10
12.9391498566,80.2356719971,25595,25605,10
12.9379196167,80.2349472046,25605,25615,10
12.9368495941,80.2342987061,25615,25625,10
12.9357995987,80.2334823608,25625,25635,10
12.935839653,80.2338409424,25635,25645,10
12.9353504181,80.2336120605,25645,25655,10
12.9345998764,80.2332611084,25655,25665,10
12.9339399338,80.2329711914,25665,25675,10
12.9339103699,80.2329483032,25675,25685,10
12.9335603714,80.2328262329,25685,25695,10
12.9331598282,80.2326431274,25695,25706,11
12.9324903488,80.2324371338,25706,25716,10
12.931599617,80.2320480347,25716,25726,10
12.9306097031,80.231628418,25726,25736,10
12.9290895462,80.2313995361,25736,25745,9
12.9283599854,80.231262207,25745,25756,11
12.9275798798,80.2311401367,25756,25766,10
12.9264802933,80.2310180664,25766,25776,10
12.9261598587,80.2309799194,25776,25786,10
12.9259796143,80.2309799194,25786,25796,10
12.9254598618,80.2309112549,25796,25807,11
12.9246397018,80.2308197021,25807,25817,10
12.9237003326,80.2307128906,25817,25827,10
12.9225196838,80.2305374146,25827,25837,10
12.9211997986,80.2303390503,25837,25847,10
12.9197702408,80.230178833,25847,25857,10
12.9190502167,80.2301101685,25857,25867,10
12.9190196991,80.2301025391,25867,25877,10
12.9186201096,80.2300415039,25877,25887,10
12.917889595,80.229927063,25887,25897,10
12.9169797897,80.2297897339,25897,25908,11
12.9157400131,80.2295913696,25908,25918,10
12.9144802094,80.2294311523,25918,25928,10
12.9133901596,80.2293319702,25928,25938,10
12.9133195877,80.2293167114,25938,25948,10
12.9131202698,80.2292633057,25948,25958,10
12.9125003815,80.229133606,25958,25968,10
12.9117002487,80.2289962769,25968,25978,10
12.9106397629,80.2288665771,25978,25988,10
12.9093904495,80.2286682129,25988,25998,10
12.9080896378,80.2284622192,25998,26008,10
12.9070501328,80.2283630371,26008,26039,31
12.9070501328,80.2283630371,26039,26049,10
12.9070501328,80.2283401489,26049,26059,10
12.9066801071,80.2283096313,26059,26069,10
12.9060497284,80.2282409668,26069,26079,10
12.9055995941,80.2282104492,26079,26089,10
12.9051599503,80.2281799316,26089,26099,10
12.9042596817,80.2281494141,26099,26110,11
12.9033298492,80.2281112671,26110,26120,10
12.9024896622,80.2280731201,26120,26130,10
12.9018096924,80.2280197144,26130,26170,40
12.9018096924,80.2280197144,26170,26179,9
12.9017400742,80.2280807495,26179,26190,11
12.9013204575,80.2280502319,26190,26200,10
12.9007797241,80.2279891968,26200,26210,10
12.8996200562,80.2279205322,26210,26231,21
12.8996200562,80.2279205322,26231,26241,10
12.8994998932,80.2278823853,26241,26251,10
12.8989400864,80.2278518677,26251,26261,10
12.8981599808,80.2277908325,26261,26271,10
12.8971700668,80.2277374268,26271,26281,10
12.8959598541,80.2276992798,26281,26291,10
12.8946304321,80.2276611328,26291,26301,10
12.8934402466,80.2275772095,26301,26311,10
12.8931598663,80.2275390625,26311,26321,10
12.8930597305,80.2275238037,26321,26332,11
12.8925600052,80.2274398804,26332,26342,10
12.8919401169,80.2274017334,26342,26352,10
12.8910503387,80.2274017334,26352,26362,10
12.8898801804,80.2274093628,26362,26372,10
12.8887195587,80.2274017334,26372,26382,10
12.8883399963,80.2273864746,26382,26392,10
12.8882398605,80.2273864746,26392,26402,10
12.8877096176,80.2273178101,26402,26412,10
12.8869104385,80.2271575928,26412,26422,10
12.8858699799,80.2269134521,26422,26433,11
12.8848304749,80.2266387939,26433,26443,10
12.8846597672,80.2266387939,26443,26453,10
12.8841295242,80.2267532349,26453,26463,10
12.8832902908,80.2267608643,26463,26473,10
12.8821496964,80.2267684937,26473,26483,10
12.8808403015,80.2267837524,26483,26493,10
12.8794498444,80.2267990112,26493,26503,10
12.8780002594,80.2268829346,26503,26513,10
12.8762798309,80.2270202637,26513,26534,21
12.8762798309,80.2270202637,26534,26544,10
12.8760499954,80.2270126343,26544,26554,10
12.8753700256,80.2269668579,26554,26564,10
12.8744401932,80.226852417,26564,26580,16
12.8726701736,80.2267227173,26580,26592,12
12.872469902,80.2267227173,26592,26602,10
12.8719797134,80.2267227173,26602,26612,10
12.8711795807,80.2266769409,26612,26622,10
12.8701000214,80.226600647,26622,26632,10
12.8688201904,80.2264404297,26632,26642,10
12.8675203323,80.2264480591,26642,26653,11
12.8665895462,80.2265396118,26653,26663,10
12.8662204742,80.2265625,26663,26672,9
12.8655996323,80.2266235352,26672,26683,11
12.8645496368,80.2265701294,26683,26693,10
12.8633403778,80.2265319824,26693,26703,10
12.8620195389,80.2265777588,26703,26713,10
12.8610496521,80.2266235352,26713,26723,10
12.8610200882,80.2266082764,26723,26733,10
12.860619545,80.2265472412,26733,26743,10
12.8598804474,80.2264633179,26743,26754,11
12.8590497971,80.226348877,26754,26764,10
12.8583803177,80.226272583,26764,26774,10
12.857460022,80.2262802124,26774,26784,10
12.856300354,80.2264099121,26784,26794,10
12.8549995422,80.2265625,26794,26804,10
12.8535995483,80.2267227173,26804,26814,10
12.8521404266,80.2267074585,26814,26824,10
12.8507404327,80.2266387939,26824,26834,10
12.8498401642,80.2266235352,26834,26844,10
12.8496398926,80.2265930176,26844,26855,11
12.848950386,80.226600647,26855,26865,10
12.847990036,80.2266082764,26865,26875,10
12.8467998505,80.2266464233,26875,26885,10
12.8457603455,80.2266082764,26885,26895,10
12.8453197479,80.2265014648,26895,26905,10
12.8451004028,80.2265167236,26905,26915,10
12.844499588,80.2266082764,26915,26925,10
12.8437099457,80.2267837524,26925,26935,10
12.8424797058,80.2269592285,26935,26945,10
12.8411302567,80.2273178101,26945,26955,10
12.8401403427,80.2276306152,26955,26966,11
12.8397598267,80.2277832031,26966,26976,10
12.8397598267,80.2277908325,26976,26986,10
12.8396396637,80.2278518677,26986,26996,10
12.8391399384,80.2279434204,26996,27006,10
12.8383302689,80.2281188965,27006,27016,10
12.8372297287,80.2283325195,27016,27026,10
12.835940361,80.2285232544,27026,27036,10
12.8345403671,80.228729248,27036,27046,10
12.8331699371,80.2289581299,27046,27056,10
12.8322601318,80.2291564941,27056,27067,11
12.8321800232,80.2291870117,27067,27077,10
12.8319301605,80.2292785645,27077,27087,10
12.8314199448,80.2293167114,27087,27097,10
12.8301095963,80.2298583984,27097,27107,10
12.8289003372,80.2303924561,27107,27117,10
12.8276195526,80.2310791016,27117,27127,10
12.8262195587,80.2314376831,27127,27137,10
12.8247404099,80.2314300537,27137,27147,10
12.8233003616,80.2310409546,27147,27157,10
12.8218803406,80.2305908203,27157,27168,11
12.8202800751,80.2304763794,27168,27178,10
12.8190402985,80.2304992676,27178,27188,10
12.8187999725,80.2304763794,27188,27198,10
12.8183898926,80.2302932739,27198,27208,10
12.817779541,80.2300033569,27208,27218,10
12.8169403076,80.2296600342,27218,27228,10
12.8157596588,80.2294387817,27228,27238,10
12.8144302368,80.2292404175,27238,27248,10
12.8130702972,80.228843689,27248,27258,10
12.8120498657,80.2284927368,27258,27269,11
12.8113498688,80.2282485962,27269,27279,10
12.810959816,80.2281036377,27279,27289,10
12.810669899,80.2279586792,27289,27299,10
12.8100595474,80.2276916504,27299,27309,10
12.8092002869,80.2272567749,27309,27319,10
12.8082304001,80.2264862061,27319,27335,16
12.8066797256,80.2251434326,27335,27347,12
12.8057804108,80.2243423462,27347,27357,10
12.8050498962,80.223991394,27357,27367,10
12.8049602509,80.2239837646,27367,27377,10
12.8043699265,80.2238998413,27377,27387,10
12.8035697937,80.2238693237,27387,27398,11
12.8025197983,80.223739624,27398,27408,10
12.801440239,80.2236404419,27408,27418,10
12.800909996,80.2235794067,27418,27428,10
12.8005695343,80.2235488892,27428,27437,9
12.7999296188,80.2235031128,27437,27447,10
12.7989797592,80.223449707,27447,27458,11
12.7975797653,80.2233123779,27458,27468,10
12.7962398529,80.2230224609,27468,27478,10
12.7957696915,80.2229309082,27478,27489,11
12.7955904007,80.2228775024,27489,27499,10
12.7949399948,80.2227630615,27499,27509,10
12.7939596176,80.2226028442,27509,27519,10
12.7927103043,80.2224197388,27519,27529,10
12.791390419,80.2221221924,27529,27539,10
12.7901000977,80.2218017578,27539,27549,10
12.7889204025,80.2213897705,27549,27559,10
12.7881803513,80.2210922241,27559,27579,20
12.7881803513,80.2210922241,27579,27590,11
12.7877397537,80.2209396362,27590,27610,20
12.7877397537,80.2209396362,27610,27620,10
12.7876396179,80.2208862305,27620,27630,10
12.7876901627,80.2209701538,27630,27640,10
12.7875699997,80.2208099365,27640,27650,10
12.786860466,80.2205886841,27650,27660,10
12.786450386,80.220413208,27660,27680,20
12.786450386,80.220413208,27680,27690,10
12.7863197327,80.2203598022,27690,27701,11
12.7861499786,80.2203826904,27701,27711,10
12.7861700058,80.2207336426,27711,27721,10
12.786190033,80.2212600708,27721,27731,10
12.7862796783,80.2216720581,27731,27741,10
12.7862901688,80.2217102051,27741,27751,10
12.786239624,80.2219161987,27751,29326,1575
12.786239624,80.2219161987,29326,29336,10
12.786190033,80.2217102051,29336,29346,10
12.7861700058,80.2213592529,29346,29356,10
12.7861604691,80.2208633423,29356,29377,21
12.7861604691,80.2208633423,29377,29387,10
12.7861700058,80.2204818726,29387,29427,40
12.7861700058,80.2204818726,29427,29437,10
12.7862300873,80.2202377319,29437,29447,10
12.7866201401,80.2204208374,29447,29468,21
12.7866201401,80.2204208374,29468,29478,10
12.786939621,80.2205963135,29478,29488,10
12.7874898911,80.2208023071,29488,29498,10
12.7881603241,80.2210922241,29498,29508,10
12.7889795303,80.2213973999,29508,29518,10
12.7896604538,80.2216491699,29518,29528,10
12.7900600433,80.2217483521,29528,29538,10
12.7907495499,80.2219314575,29538,29548,10
12.7916402817,80.2221603394,29548,29558,10
12.7926502228,80.2223892212,29558,29568,10
12.7937297821,80.2225570679,29568,29579,11
12.7949495316,80.2227401733,29579,29589,10
12.7959499359,80.2229003906,29589,29599,10
12.7963895798,80.2229614258,29599,29609,10
12.7965803146,80.2229919434,29609,29619,10
12.797129631,80.2230987549,29619,29629,10
12.7978801727,80.2232208252,29629,29639,10
12.7986602783,80.2233200073,29639,29649,10
12.7993898392,80.2233963013,29649,29659,10
12.8002796173,80.2235031128,29659,29669,10
12.8013296127,80.2235870361,29669,29679,10
12.8015403748,80.2236022949,29679,29689,10
12.8019504547,80.2236480713,29689,29700,11
12.80286026,80.223777771,29700,29710,10
12.8039398193,80.2238769531,29710,29720,10
12.8050603867,80.2240066528,29720,29730,10
12.8056497574,80.2241668701,29730,29740,10
12.8057403564,80.2242279053,29740,29750,10
12.806139946,80.2245788574,29750,29760,10
12.8067903519,80.2251586914,29760,29770,10
12.8075895309,80.2258605957,29770,29780,10
12.808549881,80.2266616821,29780,29791,11
12.8097801208,80.2275085449,29791,29801,10
12.8112802505,80.2281036377,29801,29821,20
12.8112802505,80.2281036377,29821,29831,10
12.8116502762,80.2282333374,29831,29841,10
12.812379837,80.228477478,29841,29851,10
12.8133096695,80.2288284302,29851,29861,10
12.8144702911,80.2291793823,29861,29871,10
12.8157901764,80.2293930054,29871,29881,10
12.817150116,80.229637146,29881,29892,11
12.8185396194,80.2302627563,29892,29902,10
12.819729805,80.2304534912,29902,29911,9
12.8198604584,80.2304611206,29911,29922,11
12.8202495575,80.2304534912,29922,29932,10
12.8210000992,80.2304534912,29932,29942,10
12.8219995499,80.2305679321,29942,29952,10
12.8232002258,80.2309188843,29952,29962,10
12.8245000839,80.2312393188,29962,29972,10
12.8258104324,80.231338501,29972,29982,10
12.826259613,80.2313079834,29982,29992,10
12.8265104294,80.231300354,29992,30003,11
12.8271999359,80.2311706543,30003,30013,10
12.8280200958,80.2307662964,30013,30023,10
12.8290500641,80.2302017212,30023,30033,10
12.8302402496,80.2297134399,30033,30043,10
12.8311300278,80.2293395996,30043,30053,10
12.8311595917,80.2293319702,30053,30063,10
12.8312397003,80.229309082,30063,30073,10
12.8313798904,80.2292480469,30073,30083,10
12.831580162,80.2291870117,30083,30100,17
12.8326597214,80.2289733887,30100,30112,12
12.8338899612,80.2287597656,30112,30122,10
12.8351202011,80.2285385132,30122,30132,10
12.8364801407,80.2283401489,30132,30142,10
12.837849617,80.2281112671,30142,30152,10
12.8387002945,80.2279281616,30152,30233,81
12.8390598297,80.2278289795,30233,30374,141
12.8390598297,80.2278289795,30374,30384,10
12.8394403458,80.227722168,30384,30404,20
12.8395204544,80.2276763916,30404,30425,21
12.8395204544,80.2276763916,30425,30435,10
12.8395900726,80.227722168,30435,30445,10
12.8400201797,80.2275695801,30445,30455,10
12.8404998779,80.227432251,30455,30465,10
12.841170311,80.2272567749,30465,30475,10
12.8420495987,80.2270202637,30475,30485,10
12.8431196213,80.2267913818,30485,30495,10
12.8436803818,80.2267303467,30495,30505,10
12.8444299698,80.2266235352,30505,30515,10
12.8455200195,80.2265167236,30515,30525,10
12.8456001282,80.2265167236,30525,30535,10
12.8459300995,80.2265014648,30535,30546,11
12.8460903168,80.2265014648,30546,30556,10
12.8466701508,80.2265090942,30556,30566,10
12.8475399017,80.2265090942,30566,30576,10
12.8486499786,80.2265167236,30576,30586,10
12.8497800827,80.2265014648,30586,30596,10
12.8501901627,80.2265014648,30596,30606,10
12.8505802155,80.2265167236,30606,30616,10
12.851360321,80.2265472412,30616,30626,10
12.852350235,80.2265777588,30626,30637,11
12.8536996841,80.2265777588,30637,30647,10
12.8550300598,80.2264480591,30647,30657,10
12.8564195633,80.22631073,30657,30667,10
12.8578395844,80.2261886597,30667,30677,10
12.8592996597,80.2262878418,30677,30687,10
12.86054039,80.2264633179,30687,30697,10
12.8608598709,80.2264785767,30697,30707,10
12.8611698151,80.2264633179,30707,30717,10
12.8619403839,80.2264709473,30717,30727,10
12.8628501892,80.2264633179,30727,30737,10
12.8640899658,80.2264785767,30737,30748,11
12.8655996323,80.2265167236,30748,30758,10
12.8670396805,80.2264404297,30758,30768,10
12.8685302734,80.2263183594,30768,30778,10
12.8700399399,80.2264709473,30778,30788,10
12.8715400696,80.2265930176,30788,30798,10
12.8727998734,80.2266082764,30798,30808,10
12.8729295731,80.2266082764,30808,30818,10
12.8731603622,80.2266235352,30818,30828,10
12.8737802505,80.2266464233,30828,30838,10
12.8746404648,80.2267532349,30838,30849,11
12.8761997223,80.2268981934,30849,30889,40
12.8761997223,80.2268981934,30889,30899,10
12.8765001297,80.2268676758,30899,30909,10
12.8767204285,80.2268676758,30909,30919,10
12.8767900467,80.2268600464,30919,30929,10
12.8769102097,80.2268676758,30929,30939,10
12.8773403168,80.2268295288,30939,30949,10
12.8781404495,80.2267608643,30949,30960,11
12.8792695999,80.2266921997,30960,30970,10
12.8804798126,80.2266693115,30970,30980,10
12.8817901611,80.2266693115,30980,30990,10
12.8830900192,80.2266387939,30990,31000,10
12.8843803406,80.2266387939,31000,31010,10
12.8851203918,80.2266387939,31010,31020,10
12.8852100372,80.2266387939,31020,31030,10
12.8853702545,80.2266693115,31030,31040,10
12.8859701157,80.2268066406,31040,31050,10
12.8867998123,80.2270431519,31050,31061,11
12.8887500763,80.2272796631,31061,31081,20
12.8887500763,80.2272796631,31081,31091,10
12.8890104294,80.2272796631,31091,31101,10
12.8896198273,80.2272796631,31101,31111,10
12.8904399872,80.2272872925,31111,31121,10
12.8913497925,80.2272796631,31121,31131,10
12.8917102814,80.2272720337,31131,31141,10
12.8919801712,80.2272720337,31141,31162,21
12.8919801712,80.2272720337,31162,31172,10
12.8921203613,80.2272796631,31172,31182,10
12.8924999237,80.2273178101,31182,31192,10
12.8931598663,80.2273788452,31192,31202,10
12.8939800262,80.2274780273,31202,31212,10
12.8942699432,80.2275085449,31212,31222,10
12.8943395615,80.2275085449,31222,31232,10
12.8947601318,80.2275390625,31232,31242,10
12.8953399658,80.2275619507,31242,31252,10
12.896229744,80.2276000977,31252,31262,10
12.8973302841,80.2276382446,31262,31394,132
12.8973302841,80.2276382446,31394,31404,10
12.8975696564,80.2276611328,31404,31414,10
12.8978796005,80.2276763916,31414,31424,10
12.8984699249,80.227722168,31424,31434,10
12.8989095688,80.2277526855,31434,31444,10
12.8991699219,80.2277603149,31444,31454,10
12.8994197845,80.2277832031,31454,31464,10
12.8996801376,80.2277984619,31464,31474,10
12.899939537,80.2278213501,31474,31485,11
12.9004001617,80.2278366089,31485,31602,117
12.9004001617,80.2278366089,31602,31614,12
12.9007797241,80.2278594971,31614,31624,10
12.9011497498,80.227897644,31624,31634,10
12.9014196396,80.227897644,31634,31644,10
12.9017400742,80.2279205322,31644,31654,10
12.9018201828,80.2279205322,31654,31664,10
12.9020004272,80.2279434204,31664,31674,10
12.9022903442,80.2279663086,31674,31684,10
12.9025402069,80.2279663086,31684,31695,11
12.9026002884,80.2279586792,31695,31705,10
12.9027299881,80.2279663086,31705,31714,9
12.9030103683,80.2279586792,31714,31725,11
12.9034004211,80.2279815674,31725,31735,10
12.9035396576,80.2279968262,31735,31745,10
12.9038295746,80.2280273438,31745,31755,10
12.9041500092,80.2280502319,31755,31765,10
12.9044399261,80.2280731201,31765,31775,10
12.9047403336,80.2280807495,31775,31785,10
12.904999733,80.2281036377,31785,31795,10
12.9052696228,80.2281112671,31795,31806,11
12.9056301117,80.2281265259,31806,31816,10
12.9058799744,80.2281417847,31816,31836,20
12.9061603546,80.2281494141,31836,31876,40
12.9061603546,80.2281494141,31876,31886,10
12.9064502716,80.2281570435,31886,31987,101
12.9064502716,80.2281570435,31987,31997,10
12.9065704346,80.2281799316,31997,32008,11
12.9068803787,80.2282409668,32008,32018,10
12.9069499969,80.2282485962,32018,32028,10
12.9073095322,80.2282791138,32028,32038,10
12.907959938,80.2283782959,32038,32048,10
12.9088401794,80.2285308838,32048,32058,10
12.9099502563,80.2286987305,32058,32068,10
12.9112300873,80.2288894653,32068,32078,10
12.9125204086,80.2291030884,32078,32088,10
12.9137601852,80.2292480469,32088,32098,10
12.9140996933,80.2292785645,32098,32108,10
12.9141197205,80.2292785645,32108,32119,11
12.9141302109,80.2292861938,32119,32129,10
12.914440155,80.2293319702,32129,32139,10
12.9150495529,80.2294082642,32139,32149,10
12.9158697128,80.2295532227,32149,32159,10
12.9168901443,80.2296981812,32159,32169,10
12.9177999496,80.2298431396,32169,32179,10
12.918800354,80.2299499512,32179,32189,10
12.9193601608,80.2300186157,32189,32199,10
12.919500351,80.2300415039,32199,32209,10
12.920009613,80.2301101685,32209,32219,10
12.9207601547,80.2302093506,32219,32229,10
12.9216804504,80.2303237915,32229,32239,10
12.9227895737,80.2304992676,32239,32250,11
12.9241504669,80.2306976318,32250,32260,10
12.9254598618,80.2308502197,32260,32270,10
12.926440239,80.2309265137,32270,32280,10
12.9265298843,80.2309494019,32280,32290,10
12.9265203476,80.2309265137,32290,32300,10
12.9269800186,80.2309875488,32300,32310,10
12.9276800156,80.2310714722,32310,32320,10
12.9285402298,80.2312011719,32320,32331,11
12.9293298721,80.2313537598,32331,32341,10
12.930100441,80.2315216064,32341,32351,10
12.9310302734,80.2317962646,32351,32361,10
12.9319896698,80.2321166992,32361,32371,10
12.9328603745,80.2323913574,32371,32381,10
12.9334897995,80.232673645,32381,32401,20
12.9334897995,80.232673645,32401,32411,10
12.9335002899,80.232749939,32411,32421,10
12.9338302612,80.2329177856,32421,32431,10
12.9338903427,80.233001709,32431,32441,10
12.9339199066,80.2328872681,32441,32452,11
12.9338502884,80.2328872681,32452,32462,10
12.9344100952,80.2331085205,32462,32472,10
12.935259819,80.2335205078,32472,32482,10
12.9359197617,80.2338027954,32482,32492,10
12.9367103577,80.2341766357,32492,32502,10
12.9375896454,80.2346191406,32502,32512,10
12.9385995865,80.2350997925,32512,32522,10
12.9397201538,80.2356719971,32522,32543,21
12.9397201538,80.2356719971,32543,32553,10
12.9400196075,80.2358016968,32553,32563,10
12.9406604767,80.236000061,32563,32573,10
12.941450119,80.2361907959,32573,32583,10
12.9423999786,80.2364273071,32583,32593,10
12.9433202744,80.2369613647,32593,32603,10
12.9438199997,80.237449646,32603,32613,10
12.9438495636,80.2375030518,32613,32623,10
12.9438695908,80.2376403809,32623,32633,10
12.944149971,80.2379837036,32633,32643,10
12.9447097778,80.23853302,32643,32653,10
12.9454698563,80.2391967773,32653,32664,11
12.9465198517,80.2396774292,32664,32674,10
12.9474401474,80.2400512695,32674,32785,111
12.9476203918,80.2401123047,32785,32906,121
12.9476203918,80.2401123047,32906,32916,10
12.9478797913,80.240196228,32916,32926,10
12.948340416,80.2404022217,32926,32936,10
12.9487895966,80.2405776978,32936,32946,10
12.9493398666,80.2408218384,32946,32956,10
12.950050354,80.241027832,32956,32966,10
12.9511003494,80.2413711548,32966,32987,21
12.9511003494,80.2413711548,32987,32997,10
12.9514198303,80.2415008545,32997,33007,10
12.9519796371,80.2417068481,33007,33017,10
12.9526796341,80.2419586182,33017,33027,10
12.9533500671,80.2422027588,33027,33037,10
12.953669548,80.2423477173,33037,33057,20
12.9538402557,80.2424316406,33057,33078,21
12.9538402557,80.2424316406,33078,33088,10
12.9542703629,80.2425765991,33088,33098,10
12.9548797607,80.2428436279,33098,33108,10
12.9556102753,80.2431030273,33108,33118,10
12.9562397003,80.243309021,33118,33179,61
12.9562397003,80.243309021,33179,33189,10
12.9566898346,80.2434616089,33189,33199,10
12.9572896957,80.2437362671,33199,33209,10
12.9580698013,80.2440795898,33209,33219,10
12.9588699341,80.244392395,33219,33229,10
12.9589996338,80.2444992065,33229,33239,10
12.9589595795,80.2444992065,33239,33249,10
12.9589996338,80.2444763184,33249,33259,10
12.9596996307,80.2448196411,33259,33269,10
12.9604997635,80.2451629639,33269,33279,10
12.9614601135,80.2456130981,33279,33290,11
12.9621295929,80.2459564209,33290,33300,10
12.9624004364,80.24609375,33300,33320,20
12.9624004364,80.24609375,33320,33330,10
12.9625396729,80.2461624146,33330,33346,16
12.963259697,80.2465515137,33346,33358,12
12.9638500214,80.2468185425,33358,33368,10
12.9644804001,80.2470474243,33368,33378,10
12.9652500153,80.2473297119,33378,33386,8
12.966219902,80.2476730347,33386,33409,23
12.966219902,80.2476730347,33409,33419,10
12.966340065,80.247756958,33419,33429,10
12.9666996002,80.2479171753,33429,33439,10
12.9673404694,80.2482223511,33439,33449,10
12.9681797028,80.2485580444,33449,33459,10
12.9691896439,80.2489624023,33459,33469,10
12.9705400467,80.24949646,33469,33479,10
12.9717903137,80.2498474121,33479,33489,10
12.9729499817,80.2501525879,33489,33499,10
12.9737300873,80.2503662109,33499,33510,11
12.9744195938,80.2505264282,33510,33520,10
12.9744701385,80.250541687,33520,33530,10
12.9747600555,80.2506408691,33530,33540,10
12.9753599167,80.250831604,33540,33550,10
12.9762401581,80.251083374,33550,33560,10
12.9772796631,80.2514190674,33560,33570,10
12.9783201218,80.2521820068,33570,33590,20
12.9783201218,80.2521820068,33590,33600,10
12.9787597656,80.2524414063,33600,33813,213
12.9787597656,80.2524414063,33813,33822,9
12.9790096283,80.252532959,33822,33833,11
12.9793395996,80.2525634766,33833,33843,10
12.979809761,80.2526168823,33843,33913,70
12.979809761,80.2526168823,33913,33923,10
12.9800796509,80.2526321411,33923,33934,11
12.9812602997,80.2525863647,33934,34257,323
12.9812602997,80.2525863647,34257,34267,10
12.9817199707,80.2525634766,34267,34277,10
12.9821596146,80.2525405884,34277,34287,10
12.982629776,80.2525177002,34287,34297,10
12.9829797745,80.2525024414,34297,34307,10
12.9832601547,80.2524795532,34307,34317,10
12.9836502075,80.2524108887,34317,34327,10
12.9839296341,80.2523498535,34327,34337,10
12.9842596054,80.2522583008,34337,34348,11
12.9846401215,80.2521514893,34348,34368,20
12.9848499298,80.2520904541,34368,34499,131
12.9848499298,80.2520904541,34499,34509,10
12.9851503372,80.2520294189,34509,34691,182
12.9851503372,80.2520294189,34691,34701,10
12.9852199554,80.2519989014,34701,34711,10
12.9854297638,80.2519378662,34711,34721,10
12.9857301712,80.2518386841,34721,34731,10
12.9861097336,80.2517471313,34731,34741,10
12.9865102768,80.2516479492,34741,34751,10
12.9867801666,80.2515792847,34751,34761,10
12.9871797562,80.2514724731,34761,34771,10
12.9875497818,80.2513580322,34771,34782,11
12.9879198074,80.251411438,34782,34792,10
12.9879999161,80.2517623901,34792,34802,10
12.9880504608,80.251953125,34802,34812,10
12.9880895615,80.252281189,34812,34822,10
12.9879703522,80.2530212402,34822,34832,10
12.9878797531,80.2539825439,34832,34842,10
12.9878396988,80.2546691895,34842,34963,121
12.9878396988,80.2546691895,34963,34973,10
12.987830162,80.254699707,34973,34983,10
12.987830162,80.2548599243,34983,34993,10
12.9879398346,80.2551879883,34993,35004,11
12.987830162,80.2556915283,35004,35014,10
12.9880895615,80.255859375,35014,35024,10
12.9884395599,80.2558898926,35024,35034,10
12.9886903763,80.255897522,35034,35044,10
12.9887104034,80.255897522,35044,35054,10
12.9889097214,80.2558898926,35054,35064,10
12.98939991,80.2559585571,35064,35074,10
12.9900102615,80.2559890747,35074,35084,10
12.9904499054,80.2559967041,35084,35095,11
12.9911603928,80.2559967041,35095,35105,10
12.9919204712,80.2560119629,35105,35115,10
12.9927101135,80.2559585571,35115,35125,10
12.9934597015,80.2559127808,35125,35135,10
12.9942598343,80.2559432983,35135,35155,20
12.9942598343,80.2559432983,35155,35165,10
12.9945402145,80.2559127808,35165,35175,10
12.9949703217,80.2558822632,35175,35185,10
12.995300293,80.255859375,35185,35195,10
12.9960603714,80.2558822632,35195,35254,59
12.9960603714,80.2558822632,35254,35264,10
12.996430397,80.2559280396,35264,35274,10
12.9970598221,80.2559127808,35274,35284,10
12.9975299835,80.255897522,35284,35294,10
12.9978103638,80.2559127808,35294,35304,10
12.9985198975,80.2559509277,35304,35334,30
12.9985198975,80.2559509277,35334,35345,11
12.9988203049,80.2560119629,35345,35355,10
12.9992799759,80.2561187744,35355,35365,10
12.9999303818,80.2562408447,35365,35375,10
13.0005302429,80.256362915,35375,35385,10
13.0010204315,80.256439209,35385,35395,10
13.0013904572,80.2565002441,35395,35405,10
13.0016202927,80.2565612793,35405,35416,11
13.001999855,80.2566223145,35416,35426,10
13.0024404526,80.2566833496,35426,35436,10
13.002869606,80.2567596436,35436,35446,10
13.0033102036,80.2568588257,35446,35456,10
13.0037899017,80.2569503784,35456,35466,10
13.0043802261,80.2570419312,35466,35476,10
13.0051698685,80.2571792603,35476,35496,20
13.0051698685,80.2571792603,35496,35506,10
13.0056200027,80.2573013306,35506,35537,31
13.0056200027,80.2573013306,35537,35547,10
13.0060195923,80.2574386597,35547,35557,10
13.0065402985,80.2574996948,35557,35567,10
13.0066003799,80.2571029663,35567,35577,10
13.0065698624,80.2565231323,35577,35587,10
13.0066099167,80.2553787231,35587,35597,10
13.0066404343,80.2544021606,35597,35607,10
13.0065803528,80.2535705566,35607,35617,10
13.0066204071,80.2530822754,35617,35628,11
13.0065898895,80.252822876,35628,35698,70
13.0065898895,80.252822876,35698,35708,10
13.0067501068,80.2526016235,35708,35718,10
13.0067195892,80.2519073486,35718,35789,71
13.0067195892,80.2519073486,35789,35799,10
13.0067300797,80.2514572144,35799,35829,30
13.0067300797,80.2514572144,35829,35839,10
13.0067501068,80.2511062622,35839,35850,11
13.0067796707,80.25050354,35850,35860,10
13.0067796707,80.2500991821,35860,35870,10
13.0068101883,80.2499237061,35870,35880,10
13.0068302155,80.2496414185,35880,35940,60
13.0068302155,80.2496414185,35940,35957,17
13.0069503784,80.249420166,35957,36029,72
13.0069503784,80.249420166,36029,36039,10
13.0067996979,80.2491912842,36039,36049,10
13.0067396164,80.2488021851,36049,36059,10
13.0067300797,80.2484207153,36059,36221,162
13.0067300797,80.2484207153,36221,36231,10
13.0067796707,80.248008728,36231,36241,10
13.0066995621,80.2475128174,36241,36251,10
13.0066995621,80.2469177246,36251,36261,10
13.0066003799,80.24659729,36261,36383,122
13.0066003799,80.24659729,36383,36393,10
13.0066404343,80.2462463379,36393,36403,10
13.0066299438,80.2459030151,36403,36423,20
13.0066299438,80.2459030151,36423,36433,10
13.0066299438,80.2456207275,36433,36504,71
13.0066299438,80.2452316284,36504,36564,60
13.0066299438,80.2452316284,36564,36574,10
13.0066003799,80.2448501587,36574,36584,10
13.0066099167,80.2447128296,36584,36595,11
13.0065898895,80.2445983887,36595,36605,10
13.0066003799,80.244468689,36605,36655,50
13.0066003799,80.244468689,36655,36665,10
13.0066404343,80.2442092896,36665,36675,10
13.0066204071,80.2439422607,36675,36685,10
13.0066003799,80.2436828613,36685,36696,11
13.0066003799,80.2433319092,36696,36706,10
13.0065698624,80.2429885864,36706,36716,10
13.0065803528,80.2425231934,36716,36726,10
13.0065803528,80.2418136597,36726,36857,131
13.0065803528,80.2418136597,36857,36867,10
13.0065698624,80.2415771484,36867,36877,10
13.0066003799,80.2413787842,36877,36998,121
13.0066003799,80.2413787842,36998,37008,10
13.0066003799,80.2410888672,37008,37018,10
13.0066604614,80.2406616211,37018,37029,11
13.0067796707,80.2400588989,37029,37039,10
13.006939888,80.2391815186,37039,37049,10
13.0071401596,80.2381591797,37049,37059,10
13.0073795319,80.2371368408,37059,37069,10
13.0074100494,80.2367706299,37069,37079,10
13.0074300766,80.2367401123,37079,37089,10
13.0075302124,80.2364196777,37089,37099,10
13.0076599121,80.2358779907,37099,37109,10
13.007809639,80.2351303101,37109,37120,11
13.0080099106,80.23412323,37120,37129,9
13.0081996918,80.2331771851,37129,37140,11
13.0084400177,80.2319030762,37140,37149,9
13.0086402893,80.2308807373,37149,37160,11
13.0089197159,80.2295532227,37160,37171,11
13.0091400146,80.2284011841,37171,37181,10
13.0095796585,80.2272872925,37181,37191,10
13.0101003647,80.2261734009,37191,37201,10
13.0105695724,80.2252502441,37201,37211,10
13.0108203888,80.2247009277,37211,37221,10
13.0110998154,80.2239685059,37221,37232,11
13.0112800598,80.2234725952,37232,37242,10
13.0113201141,80.2232971191,37242,37252,10
13.0115203857,80.222869873,37252,37262,10
13.0118198395,80.2220611572,37262,37272,10
13.0121898651,80.2213592529,37272,37282,10
13.0124197006,80.2215194702,37282,37292,10
13.0126600266,80.2220611572,37292,37302,10
13.0132598877,80.2225494385,37302,37312,10
13.0138597488,80.2232818604,37312,37322,10
13.0143299103,80.2238616943,37322,37333,11
13.0148801804,80.2244796753,37333,37343,10
13.0149202347,80.2245178223,37343,37353,10
13.0150203705,80.2246170044,37353,37363,10
13.0152597427,80.2248001099,37363,37373,10
13.0155200958,80.2249908447,37373,37383,10
13.0155200958,80.2249984741,37383,37393,10
13.0156602859,80.225151062,37393,37403,10
13.0156803131,80.2251815796,37403,37413,10
13.0161104202,80.2253417969,37413,37423,10
13.0167102814,80.2252578735,37423,37433,10
13.0174798965,80.2249298096,37433,37444,11
13.0183801651,80.2245635986,37444,37454,10
13.0190496445,80.2243270874,37454,37464,10
13.0194797516,80.2243881226,37464,37484,20
13.0194797516,80.2243881226,37484,37494,10
13.0197296143,80.2245330811,37494,37504,10
13.0200796127,80.2247924805,37504,37514,10
13.0206298828,80.2251815796,37514,37524,10
13.0211601257,80.2255935669,37524,37534,10
13.0217599869,80.226020813,37534,37555,21
13.0217599869,80.226020813,37555,37565,10
13.0220003128,80.2261734009,37565,37575,10
13.0222997665,80.2264328003,37575,37615,40
13.0222997665,80.2264328003,37615,37625,10
13.0225400925,80.2266464233,37625,37635,10
13.0227499008,80.2268371582,37635,37645,10
13.0228700638,80.2269973755,37645,37656,11
13.0229902267,80.2271194458,37656,37666,10
13.0231199265,80.2272567749,37666,37676,10
13.0232496262,80.2274093628,37676,37686,10
13.0235004425,80.2276000977,37686,37696,10
13.0237503052,80.2277908325,37696,37706,10
13.0240001678,80.228012085,37706,37736,30
13.0240001678,80.228012085,37736,37746,10
13.0242004395,80.2282180786,37746,37756,10
13.0242996216,80.2284317017,37756,37767,11
13.024600029,80.2288208008,37767,37777,10
13.0248003006,80.2291030884,37777,37787,10
13.0250797272,80.2294387817,37787,37797,10
13.0254001617,80.2297821045,37797,37827,30
13.0254001617,80.2297821045,37827,37837,10
13.02546978,80.229927063,37837,37847,10
13.0256099701,80.2301330566,37847,37857,10
13.025759697,80.2303924561,37857,37868,11
13.0259599686,80.2306594849,37868,37878,10
13.0259599686,80.2309570313,37878,37888,10
13.0259799957,80.2311935425,37888,37898,10
13.0262002945,80.231338501,37898,37908,10
13.0267601013,80.2312164307,37908,37918,10
13.0276203156,80.2309799194,37918,37928,10
13.0284204483,80.2308425903,37928,37948,20
13.0284204483,80.2308425903,37948,37958,10
13.0287904739,80.2308578491,37958,37968,10
13.029250145,80.2308273315,37968,38029,61
13.029250145,80.2308273315,38029,38039,10
13.0293703079,80.2308120728,38039,38049,10
13.0296201706,80.2308197021,38049,38059,10
13.0299301147,80.2307815552,38059,38069,10
13.0303297043,80.2307434082,38069,38080,11
13.0308904648,80.230682373,38080,38090,10
13.031419754,80.2305984497,38090,38100,10
13.0320196152,80.2305679321,38100,38109,9
13.0325298309,80.2305374146,38109,38120,11
13.0331497192,80.2304992676,38120,38130,10
13.0335903168,80.23046875,38130,38140,10
13.0338897705,80.2304534912,38140,38241,101
13.0338897705,80.2304534912,38241,38251,10
13.0341396332,80.23046875,38251,38261,10
13.034330368,80.2304382324,38261,38271,10
13.0346002579,80.2303619385,38271,38281,10
13.0349397659,80.2301864624,38281,38302,21
13.0349397659,80.2301864624,38302,38312,10
13.0348300934,80.2299804688,38312,38322,10
13.0345096588,80.2299804688,38322,38615,293
13.0341997147,80.2300567627,38615,39059,444
13.0341997147,80.2300567627,39059,39069,10
13.034119606,80.2303009033,39069,39079,10
13.0338201523,80.2303695679,39079,39089,10
13.0336904526,80.2303771973,39089,39099,10
13.0334300995,80.23046875,39099,39109,10
13.0328998566,80.230506897,39109,39119,10
13.0322704315,80.2305831909,39119,39129,10
13.031829834,80.2306213379,39129,39139,10
13.0313396454,80.2306518555,39139,39150,11
13.0309801102,80.230682373,39150,39160,10
13.0304203033,80.2307510376,39160,39200,40
13.0304203033,80.2307510376,39200,39216,16
13.0299901962,80.230796814,39216,39229,13
13.0298404694,80.2308120728,39229,39239,10
13.0295801163,80.2308425903,39239,39249,10
13.0293397903,80.2308502197,39249,39260,11
13.0290203094,80.2308883667,39260,39270,10
13.0285396576,80.2309265137,39270,39280,10
13.0281000137,80.2309799194,39280,39290,10
13.0278902054,80.2313613892,39290,39300,10
13.0278701782,80.2319488525,39300,39310,10
13.0278596878,80.2323226929,39310,39350,40
13.0278596878,80.2323226929,39350,39360,10
13.0279102325,80.2325515747,39360,39371,11
13.0278196335,80.2327728271,39371,39380,9
13.0273399353,80.2328567505,39380,39411,31
13.0270795822,80.2329406738,39411,39492,81
13.0270795822,80.2329406738,39492,39502,10
13.0269498825,80.2329483032,39502,39512,10
13.0268001556,80.2329788208,39512,39522,10
13.0264797211,80.2330093384,39522,39532,10
13.0262098312,80.2324981689,39532,39542,10
13.02602005,80.2317504883,39542,39552,10
13.0257997513,80.2309417725,39552,39562,10
13.0253000259,80.2299880981,39562,39572,10
13.0249795914,80.2295608521,39572,39633,61
13.0249795914,80.2295608521,39633,39643,10
13.0246696472,80.2292404175,39643,39653,10
13.0245399475,80.229057312,39653,39663,10
13.0242996216,80.2286987305,39663,39673,10
13.0240297318,80.2282867432,39673,39683,10
13.0233802795,80.2276306152,39683,39704,21
13.0233802795,80.2276306152,39704,39714,10
13.0232496262,80.2275619507,39714,39724,10
13.0229997635,80.2272109985,39724,39734,10
13.0225400925,80.2267990112,39734,39744,10
13.0222597122,80.2265167236,39744,39754,10
13.0216398239,80.2260437012,39754,39764,10
13.020819664,80.2254180908,39764,39774,10
13.0200500488,80.2249221802,39774,39784,10
13.0199098587,80.2248306274,39784,39795,11
13.0197896957,80.2247695923,39795,39805,10
13.0194396973,80.2245788574,39805,39815,10
13.0187397003,80.2244796753,39815,39825,10
13.0178203583,80.2248764038,39825,39841,16
13.0163698196,80.2254562378,39841,39853,12
13.015540123,80.2257995605,39853,39863,10
13.0151100159,80.2259979248,39863,39873,10
13.0148000717,80.2260894775,39873,39883,10
13.014380455,80.2262573242,39883,39893,10
13.0143299103,80.2262802124,39893,39904,11
13.0141401291,80.2263183594,39904,39914,10
13.0136995316,80.2265014648,39914,39922,8
13.0132102966,80.2266769409,39922,39934,12
13.0122404099,80.2270736694,39934,39944,10
13.0112304688,80.2274398804,39944,39954,10
13.0101604462,80.227897644,39954,39965,11
13.0092897415,80.2283325195,39965,39975,10
13.0090303421,80.2292175293,39975,39985,10
13.0088796616,80.2300415039,39985,39995,10
13.0087003708,80.2309875488,39995,40005,10
13.0085201263,80.2319107056,40005,40016,11
13.0083303452,80.2329406738,40016,40025,9
13.0082798004,80.2334671021,40025,40054,29
13.0082798004,80.2334671021,40054,40066,12
13.0081195831,80.2339019775,40066,40076,10
13.0080003738,80.2345275879,40076,40084,8
13.0079097748,80.2350006104,40084,40096,12
13.0078697205,80.2351608276,40096,40106,10
13.0077695847,80.2356185913,40106,40117,11
13.0076398849,80.2362976074,40117,40127,10
13.0076398849,80.2363815308,40127,40137,10
13.0075502396,80.236831665,40137,40167,30
13.0075502396,80.236831665,40167,40177,10
13.0074796677,80.2369918823,40177,40187,10
13.0074300766,80.2372817993,40187,40197,10
13.0073795319,80.2375488281,40197,40207,10
13.0073404312,80.2378997803,40207,40217,10
13.0072698593,80.2383575439,40217,40228,11
13.0071401596,80.2390594482,40228,40298,70
13.0071401596,80.2390594482,40298,40308,10
13.0069799423,80.2396774292,40308,40318,10
13.0067796707,80.2401885986,40318,40328,10
13.006819725,80.2405090332,40328,40338,10
13.0068302155,80.2405700684,40338,40349,11
13.0067596436,80.2410507202,40349,40359,10
13.0067300797,80.2417526245,40359,40368,9
13.0067195892,80.2425308228,40368,40379,11
13.0067195892,80.2426071167,40379,40389,10
13.0066995621,80.2427978516,40389,40399,10
13.0066995621,80.2428817749,40399,40409,10
13.0066900253,80.243057251,40409,40419,10
13.0067100525,80.2433013916,40419,40429,10
13.0066995621,80.2435379028,40429,40440,11
13.0066995621,80.2440414429,40440,40450,10
13.0066604614,80.2446289063,40450,40460,10
13.0066699982,80.2449417114,40460,40470,10
13.0066795349,80.2450408936,40470,40480,10
13.0066995621,80.2452163696,40480,40500,20
13.0066995621,80.2452163696,40500,40510,10
13.0067195892,80.2454605103,40510,40520,10
13.0067796707,80.2459030151,40520,40530,10
13.0066995621,80.2465896606,40530,40540,10
13.0066699982,80.2476425171,40540,40551,11
13.0067501068,80.248878479,40551,40561,10
13.0068597794,80.2495727539,40561,40571,10
13.0068502426,80.24974823,40571,40581,10
13.0068502426,80.2502365112,40581,40591,10
13.0067996979,80.2509002686,40591,40601,10
13.0067195892,80.2516403198,40601,40611,10
13.0065603256,80.2526626587,40611,40621,10
13.0065202713,80.253868103,40621,40631,10
13.0065803528,80.254699707,40631,40641,10
13.0066003799,80.2549819946,40641,40652,11
13.0066099167,80.2550888062,40652,40662,10
13.0066099167,80.2556228638,40662,40672,10
13.0065898895,80.256401062,40672,40682,10
13.0066699982,80.2572174072,40682,40742,60
13.0066900253,80.2573471069,40742,40773,31
13.0066900253,80.2573471069,40773,40783,10
13.0067501068,80.2574768066,40783,40793,10
13.0064401627,80.257598877,40793,40803,10
13.0058002472,80.2574615479,40803,40813,10
13.0051002502,80.2572631836,40813,40823,10
13.0043497086,80.2570877075,40823,40843,20
13.0043497086,80.2570877075,40843,40853,10
13.0040102005,80.2570266724,40853,40863,10
13.0038700104,80.2570037842,40863,40873,10
13.0036401749,80.2569580078,40873,40884,11
13.0029802322,80.2568283081,40884,40944,60
13.0029802322,80.2568283081,40944,40954,10
13.0026197433,80.2567596436,40954,40964,10
13.0024499893,80.2567214966,40964,40975,11
13.001999855,80.256690979,40975,40985,10
13.0014600754,80.2566375732,40985,41045,60
13.0014600754,80.2566375732,41045,41055,10
13.0010795593,80.2565917969,41055,41065,10
13.0005903244,80.2565078735,41065,41075,10
12.9999198914,80.2563705444,41075,41086,11
12.9991798401,80.2562408447,41086,41096,10
12.9985599518,80.2561569214,41096,41116,20
12.9985599518,80.2561569214,41116,41126,10
12.998339653,80.256072998,41126,41136,10
12.9982004166,80.2560195923,41136,41146,10
12.9977703094,80.2559585571,41146,41156,10
12.9970397949,80.2559585571,41156,41166,10
12.9964399338,80.2559509277,41166,41176,10
12.9958095551,80.2559280396,41176,41186,10
12.9953804016,80.2559967041,41186,41197,11
12.994799614,80.2559585571,41197,41207,10
12.994389534,80.2559814453,41207,41217,10
12.9939203262,80.2560424805,41217,41227,10
12.9933300018,80.2560806274,41227,41237,10
12.9923601151,80.256111145,41237,41247,10
12.9917201996,80.2560806274,41247,41257,10
12.9911699295,80.2560577393,41257,41267,10
12.9906797409,80.256072998,41267,41277,10
12.9896602631,80.2560119629,41277,41287,10
12.9896602631,80.2560119629,41287,41298,11
12.988940239,80.2559814453,41298,41308,10
12.9880599976,80.2559127808,41308,41318,10
12.9874897003,80.2557830811,41318,41328,10
12.9870300293,80.2556991577,41328,41338,10
12.9866199493,80.2556381226,41338,41348,10
12.9862804413,80.2555770874,41348,41358,10
12.9861497879,80.255569458,41358,41366,8
12.9860296249,80.2555389404,41366,41377,11
12.9857902527,80.2554779053,41377,41389,12
12.9855203629,80.2553634644,41389,41398,9
12.9849996567,80.2553482056,41398,41410,12
12.9846401215,80.2552719116,41410,41420,10
12.9838695526,80.2549591064,41420,41430,10
12.9835700989,80.2548980713,41430,41440,10
12.983300209,80.2548065186,41440,41450,10
12.9832496643,80.2548065186,41450,41460,10
12.9828395844,80.254699707,41460,41470,10
12.9823598862,80.2545013428,41470,41480,10
12.9820299149,80.2540435791,41480,41490,10
12.9818401337,80.2533035278,41490,41500,10
12.9813899994,80.2528076172,41500,41511,11
12.9806900024,80.2528076172,41511,41521,10
12.9803800583,80.2528381348,41521,41531,10
12.9799804688,80.2528381348,41531,41541,10
12.9793395996,80.252746582,41541,41551,10
12.9786901474,80.2526473999,41551,41561,10
12.9786195755,80.2526168823,41561,41571,10
12.9783201218,80.2524490356,41571,41581,10
12.9777803421,80.2519683838,41581,41591,10
12.9770803452,80.2513427734,41591,41600,9
12.9758996964,80.2510604858,41600,41610,10
12.9748697281,80.2507476807,41610,41622,12
12.9735002518,80.2504196167,41622,41632,10
12.9725103378,80.2501983643,41632,41642,10
12.9723701477,80.2501220703,41642,41652,10
12.9718599319,80.249961853,41652,41662,10
12.9710597992,80.2497711182,41662,41672,10
12.9699802399,80.2493896484,41672,41682,10
12.9688901901,80.2489700317,41682,41692,10
12.9679002762,80.2485122681,41692,41702,10
12.9670000076,80.2481536865,41702,41712,10
12.966170311,80.2477722168,41712,41722,10
12.9652299881,80.247467041,41722,41733,11
12.9649896622,80.2473907471,41733,41749,16
12.9644498825,80.2471694946,41749,41761,12
12.9636001587,80.2468566895,41761,41791,30
12.9636001587,80.2468566895,41791,41801,10
12.9635601044,80.2468032837,41801,41811,10
12.9631004333,80.24659729,41811,41821,10
12.9623098373,80.2461929321,41821,41830,9
12.9613895416,80.2457199097,41830,41842,12
12.9598703384,80.2451019287,41842,41852,10
12.9592199326,80.2448425293,41852,41862,10
12.9591398239,80.2447662354,41862,41872,10
12.9587602615,80.2445297241,41872,41882,10
12.9581003189,80.2442398071,41882,41892,10
12.9575796127,80.2440490723,41892,41902,10
12.9571399689,80.2438583374,41902,41912,10
12.9569702148,80.243812561,41912,41953,41
12.9569702148,80.243812561,41953,41963,10
12.9566698074,80.2437133789,41963,42074,111
12.9566698074,80.2437133789,42074,42084,10
12.956410408,80.2436599731,42084,42094,10
12.9563102722,80.243598938,42094,42104,10
12.9560899734,80.2434768677,42104,42114,10
12.9554796219,80.2431869507,42114,42124,10
12.9546499252,80.2428436279,42124,42134,10
12.9537296295,80.242477417,42134,42144,10
12.9526901245,80.2420730591,42144,42154,10
12.951880455,80.2417831421,42154,42165,11
12.9517202377,80.2417297363,42165,42175,10
12.9516601563,80.2417221069,42175,42185,10
12.9512701035,80.241569519,42185,42195,10
12.9505596161,80.2413482666,42195,42205,10
12.9496097565,80.2410736084,42205,42215,10
12.9490203857,80.2408905029,42215,42235,20
12.9490203857,80.2408905029,42235,42245,10
12.9487104416,80.240737915,42245,42255,10
12.9480600357,80.2404632568,42255,42266,11
12.9472703934,80.2401275635,42266,42276,10
12.9472103119,80.2401275635,42276,42286,10
12.9470596313,80.2400817871,42286,42296,10
12.946559906,80.2398605347,42296,42306,10
12.9458503723,80.2395172119,42306,42316,10
12.9449596405,80.2389602661,42316,42326,10
12.9441003799,80.23802948,42326,42336,10
12.9433603287,80.2372283936,42336,42346,10
12.943189621,80.2370376587,42346,42356,10
12.9427700043,80.2367095947,42356,42366,10
12.9420003891,80.2363967896,42366,42377,11
12.9407596588,80.2361068726,42377,42387,10
12.9398202896,80.2358474731,42387,42397,10
12.9397201538,80.2358016968,42397,42407,10
12.939499855,80.2356414795,42407,42417,10
12.9387998581,80.2352828979,42417,42427,10
12.9377098083,80.2348709106,42427,42437,10
12.9366397858,80.2343902588,42437,42447,10
12.9359798431,80.2341537476,42447,42457,10
12.9361896515,80.2336883545,42457,42467,10
12.935669899,80.2337875366,42467,42477,10
12.9350500107,80.2335586548,42477,42488,11
12.9346399307,80.2333526611,42488,42498,10
12.9340696335,80.2331008911,42498,42508,10
12.9335403442,80.2328567505,42508,42518,10
12.932849884,80.2325668335,42518,42528,10
12.9319400787,80.2322311401,42528,42538,10
12.9308204651,80.2318191528,42538,42548,10
12.9295301437,80.2314987183,42548,42558,10
12.9283304214,80.231262207,42558,42568,10
12.9271001816,80.2311325073,42568,42578,10
12.9262695313,80.231048584,42578,42589,11
12.9261598587,80.2310562134,42589,42599,10
12.9258003235,80.2310028076,42599,42609,10
12.9251403809,80.2308807373,42609,42619,10
12.9242401123,80.2307815552,42619,42635,16
12.9223299026,80.230506897,42635,42647,12
12.9206800461,80.2302932739,42647,42657,10
12.9194498062,80.230140686,42657,42667,10
12.9191398621,80.2301101685,42667,42677,10
12.9187498093,80.2299880981,42677,42687,10
12.9179000854,80.2299118042,42687,42697,10
12.9168395996,80.2297668457,42697,42708,11
12.9158296585,80.2296524048,42708,42718,10
12.9148797989,80.2295303345,42718,42728,10
12.9138097763,80.2293930054,42728,42738,10
12.9133901596,80.229347229,42738,42748,10
12.9131498337,80.229309082,42748,42758,10
12.9125499725,80.2292327881,42758,42768,10
12.9116296768,80.2290878296,42768,42779,11
12.9103298187,80.2288894653,42779,42789,10
12.9090003967,80.2286911011,42789,42799,10
12.9076499939,80.2284698486,42799,42840,41
12.9076499939,80.2284698486,42840,42850,10
12.9070796967,80.2284011841,42850,42921,71
12.9070796967,80.2284011841,42921,42931,10
12.9068002701,80.2283401489,42931,42941,10
12.9063901901,80.228302002,42941,42951,10
12.9060497284,80.2282791138,42951,42961,10
12.9053297043,80.2282562256,42961,42971,10
12.9043998718,80.2282104492,42971,42981,10
12.9033403397,80.2281723022,42981,42991,10
12.9020795822,80.2281036377,42991,43001,10
12.9013395309,80.2280426025,43001,43022,21
12.90143013,80.2277984619,43022,43062,40
12.90143013,80.2277984619,43062,43072,10
12.9013996124,80.2276992798,43072,43082,10
12.9010801315,80.2277679443,43082,43092,10
12.9005098343,80.2277984619,43092,43102,10
12.899720192,80.2278594971,43102,43133,31
12.899720192,80.2278594971,43133,43143,10
12.8994703293,80.2279510498,43143,43153,10
12.8992395401,80.2279281616,43153,43163,10
12.898730278,80.2278900146,43163,43173,10
12.8980503082,80.2278518677,43173,43183,10
12.8973999023,80.2277984619,43183,43193,10
12.8965597153,80.2277679443,43193,43203,10
12.8955402374,80.227722168,43203,43213,10
12.8945398331,80.2276687622,43213,43223,10
12.8935403824,80.2276000977,43223,43234,11
12.8932304382,80.2275695801,43234,43244,10
12.8929195404,80.2275238037,43244,43254,10
12.8926696777,80.2274932861,43254,43264,10
12.8923902512,80.2274398804,43264,43274,10
12.8917798996,80.2274017334,43274,43284,10
12.8908901215,80.2273864746,43284,43294,10
12.8897399902,80.2273864746,43294,43304,10
12.8886003494,80.2274017334,43304,43314,10
12.8883495331,80.2273864746,43314,43324,10
12.888010025,80.2273635864,43324,43334,10
12.887339592,80.2272720337,43334,43345,11
12.8863401413,80.2270584106,43345,43355,10
12.8852796555,80.2267990112,43355,43365,10
12.8841199875,80.2267379761,43365,43375,10
12.8828001022,80.2267608643,43375,43385,10
12.8816099167,80.2267837524,43385,43395,10
12.880399704,80.2267608643,43395,43405,10
12.879070282,80.2267913818,43405,43415,10
12.8777198792,80.2268676758,43415,43425,10
12.8769302368,80.2269821167,43425,43435,10
12.8764801025,80.2270202637,43435,43445,10
12.8763599396,80.2270278931,43445,43456,11
12.8759298325,80.2270202637,43456,43466,10
12.8751802444,80.2269592285,43466,43476,10
12.8741998672,80.2268295288,43476,43492,16
12.8726196289,80.2267532349,43492,43504,12
12.8723402023,80.2267532349,43504,43514,10
12.8717498779,80.2267227173,43514,43524,10
12.8709201813,80.2266769409,43524,43534,10
12.8699598312,80.2265930176,43534,43544,10
12.868639946,80.2264022827,43544,43554,10
12.8673095703,80.2264404297,43554,43565,11
12.865819931,80.2265625,43565,43575,10
12.86439991,80.2265319824,43575,43585,10
12.8629598618,80.2265014648,43585,43595,10
12.8615198135,80.2265930176,43595,43605,10
12.8600597382,80.2264785767,43605,43615,10
12.8587503433,80.2263183594,43615,43625,10
12.8575897217,80.2262496948,43625,43635,10
12.8563203812,80.2263793945,43635,43645,10
12.8551998138,80.2265014648,43645,43655,10
12.8541002274,80.2266082764,43655,43666,11
12.8526802063,80.2267227173,43666,43676,10
12.8513202667,80.2266693115,43676,43686,10
12.8501300812,80.2266311646,43686,43696,10
12.8498401642,80.2266387939,43696,43706,10
12.8494596481,80.2266616821,43706,43716,10
12.8487596512,80.2266387939,43716,43726,10
12.8477897644,80.2266235352,43726,43736,10
12.8465900421,80.2266235352,43736,43746,10
12.8455295563,80.2266769409,43746,43777,31
12.8455295563,80.2266769409,43777,43787,10
12.8453998566,80.2266387939,43787,43797,10
12.8448400497,80.2266693115,43797,43807,10
12.8439903259,80.2267608643,43807,43817,10
12.8429403305,80.2268829346,43817,43827,10
12.8416795731,80.2271194458,43827,43836,9
12.8406200409,80.2274398804,43836,43847,11
12.8399200439,80.2276687622,43847,43918,71
12.8399200439,80.2276687622,43918,43928,10
12.83934021,80.2278518677,43928,43938,10
12.8386602402,80.2280273438,43938,43948,10
12.8377103806,80.2282104492,43948,43958,10
12.8365001678,80.2284011841,43958,43968,10
12.8351602554,80.2285919189,43968,43978,10
12.8337697983,80.2288284302,43978,43988,10
12.8321695328,80.2291793823,43988,44009,21
12.8321695328,80.2291793823,44009,44019,10
12.8318004608,80.2292633057,44019,44029,10
12.831199646,80.2294464111,44029,44039,10
12.830329895,80.2297592163,44039,44049,10
12.8292703629,80.230178833,44049,44059,10
12.8280801773,80.2307815552,44059,44069,10
12.8267803192,80.2313537598,44069,44079,10
12.8253097534,80.2314376831,44079,44089,10
12.8238601685,80.2312011719,44089,44100,11
12.822259903,80.2307128906,44100,44110,10
12.8207798004,80.2304992676,44110,44120,10
12.8194503784,80.2305297852,44120,44130,10
12.8189296722,80.2305221558,44130,44140,10
12.8185195923,80.2303466797,44140,44150,10
12.81772995,80.2299575806,44150,44160,10
12.8165903091,80.2295608521,44160,44170,10
12.8152799606,80.2293624878,44170,44180,10
12.8139095306,80.2291183472,44180,44190,10
12.8125200272,80.2286987305,44190,44200,10
12.8112297058,80.2282180786,44200,44211,11
12.810839653,80.2280731201,44211,44221,10
12.8105297089,80.2279281616,44221,44231,10
12.8099002838,80.2276382446,44231,44241,10
12.8090600967,80.227180481,44241,44251,10
12.8080797195,80.2263870239,44251,44261,10
12.8070297241,80.225479126,44261,44277,16
12.805439949,80.2241363525,44277,44289,12
12.8040599823,80.2238998413,44289,44299,10
12.8030996323,80.2238235474,44299,44309,10
12.8023004532,80.2237167358,44309,44319,10
12.8012304306,80.2236175537,44319,44329,10
12.8000001907,80.2235107422,44329,44339,10
12.7986297607,80.2234115601,44339,44350,11
12.7969999313,80.2231826782,44350,44360,10
12.7954702377,80.2228927612,44360,44370,10
12.7941198349,80.22265625,44370,44380,10
12.7930498123,80.2224884033,44380,44390,10
12.7920703888,80.2222595215,44390,44400,10
12.7910699844,80.2220687866,44400,44410,10
12.7900896072,80.2218399048,44410,44420,10
12.7896900177,80.2217330933,44420,44431,11
12.789349556,80.2216186523,44431,44441,10
12.7888402939,80.2214126587,44441,44451,10
12.7883195877,80.2211990356,44451,44461,10
12.7881803513,80.2210998535,44461,44471,10
12.7879295349,80.2210388184,44471,44501,30
12.7879295349,80.2210388184,44501,44511,10
12.7876396179,80.2209091187,44511,44521,10
12.7872600555,80.2208786011,44521,44532,11
12.786939621,80.220703125,44532,44542,10
12.7866897583,80.2205810547,44542,44552,10
12.7865695953,80.2204971313,44552,44562,10
12.7862796783,80.2203903198,44562,44643,81
12.7862796783,80.2203903198,44643,44653,10
12.7861604691,80.2207565308,44653,44663,10
12.7861700058,80.2210998535,44663,44673,10
12.7861700058,80.2217407227,44673,44865,192
12.7861404419,80.2218780518,44865,45460,595
12.7861404419,80.2218780518,45460,45470,10
12.7861995697,80.2219924927,45470,45480,10
12.7861795425,80.2216720581,45480,45490,10
12.7861499786,80.2211380005,45490,45500,10
12.7861204147,80.2206878662,45500,45511,11
12.7864599228,80.2204971313,45511,45531,20
12.7864599228,80.2204971313,45531,45541,10
12.7866201401,80.2205734253,45541,45551,10
12.7868099213,80.2206192017,45551,45561,10
12.7873601913,80.2207870483,45561,45571,10
12.7881097794,80.2210388184,45571,45581,10
12.7890396118,80.2213897705,45581,45591,10
12.7896003723,80.2216110229,45591,45601,10
12.7899503708,80.2217330933,45601,45612,11
12.7906703949,80.2219009399,45612,45622,10
12.791680336,80.2221832275,45622,45632,10
12.7929697037,80.2224273682,45632,45642,10
12.794380188,80.2226409912,45642,45652,10
12.7958202362,80.2228775024,45652,45662,10
12.7972402573,80.2231369019,45662,45672,10
12.7986297607,80.2233428955,45672,45682,10
12.8000097275,80.2234573364,45682,45692,10
12.8014202118,80.2235870361,45692,45702,10
12.8026103973,80.2237319946,45702,45712,10
12.8034095764,80.2238311768,45712,45723,11
12.8043203354,80.2238998413,45723,45733,10
12.8051700592,80.2240219116,45733,45743,10
12.8055295944,80.2241210938,45743,45753,10
12.805680275,80.2242202759,45753,45763,10
12.8061599731,80.2245788574,45763,45773,10
12.8068799973,80.2252197266,45773,45783,10
12.807849884,80.22605896,45783,45793,10
12.8088903427,80.2269363403,45793,45803,10
12.8100996017,80.2276382446,45803,45813,10
12.8114299774,80.2282180786,45813,45823,10
12.8128404617,80.2287216187,45823,45834,11
12.8144197464,80.2291793823,45834,45844,10
12.8158798218,80.2293930054,45844,45854,10
12.8172597885,80.2296905518,45854,45864,10
12.8181695938,80.2300872803,45864,45874,10
12.8190202713,80.2304229736,45874,45884,10
12.8197698593,80.230430603,45884,45894,10
12.8199100494,80.2304382324,45894,45904,10
12.8205003738,80.2304077148,45904,45914,10
12.8214101791,80.2304534912,45914,45930,16
12.8233499527,80.23097229,45930,45943,13
12.8251304626,80.2313613892,45943,45953,10
12.8265199661,80.2313079834,45953,45962,9
12.8275995255,80.2309494019,45962,45974,12
12.8290300369,80.2301330566,45974,45984,10
12.8300504684,80.2297210693,45984,45994,10
12.8308897018,80.2293930054,45994,46003,9
12.8311395645,80.229309082,46003,46013,10
12.8312397003,80.2292861938,46013,46023,10
12.8316602707,80.2292098999,46023,46045,22
12.8316602707,80.2292098999,46045,46055,10
12.8317298889,80.2291793823,46055,46065,10
12.8320999146,80.2290802002,46065,46075,10
12.8327198029,80.2289581299,46075,46085,10
12.8335399628,80.2287826538,46085,46095,10
12.8346395493,80.2286071777,46095,46105,10
12.8359098434,80.2284164429,46105,46115,10
12.8372898102,80.2282104492,46115,46125,10
12.8385696411,80.2279510498,46125,46135,10
12.8394403458,80.227722168,46135,46176,41
12.8394403458,80.227722168,46176,46186,10
12.8398103714,80.2276000977,46186,46196,10
12.8405504227,80.2273864746,46196,46206,10
12.8415403366,80.2271194458,46206,46216,10
12.8428201675,80.2268371582,46216,46226,10
12.844039917,80.2266693115,46226,46236,10
12.8450803757,80.2265472412,46236,46246,10
12.8452596664,80.2265777588,46246,46257,11
12.8457403183,80.2265625,46257,46267,10
12.8465499878,80.2265396118,46267,46277,10
12.8476800919,80.2265396118,46277,46287,10
12.8489904404,80.2265396118,46287,46297,10
12.8503799438,80.2265396118,46297,46307,10
12.8517999649,80.2266082764,46307,46317,10
12.8532600403,80.2266387939,46317,46327,10
12.8547401428,80.2264862061,46327,46337,10
12.8561897278,80.2263183594,46337,46347,10
12.8575401306,80.2261810303,46347,46357,10
12.8588895798,80.2262268066,46357,46368,11
12.8604402542,80.2264785767,46368,46378,10
12.8617897034,80.2265396118,46378,46388,10
12.8632202148,80.2264785767,46388,46398,10
12.864689827,80.2265167236,46398,46408,10
12.8661804199,80.2265090942,46408,46418,10
12.8677196503,80.2263565063,46418,46428,10
12.8692398071,80.2264022827,46428,46438,10
12.8707799911,80.2265396118,46438,46448,10
12.872300148,80.2266235352,46448,46458,10
12.8737697601,80.2266769409,46458,46468,10
12.8752498627,80.2268295288,46468,46479,11
12.8762998581,80.2268676758,46479,46489,10
12.8770399094,80.2268600464,46489,46499,10
12.8781099319,80.2267913818,46499,46509,10
12.8793096542,80.2266998291,46509,46519,10
12.8806600571,80.2266769409,46519,46529,10
12.8821001053,80.2266616821,46529,46539,10
12.8834600449,80.2266387939,46539,46549,10
12.8846797943,80.2266082764,46549,46559,10
12.8851995468,80.2266235352,46559,46569,10
12.8852396011,80.2266387939,46569,46580,11
12.8857402802,80.2267379761,46580,46590,10
12.8864803314,80.2269363403,46590,46600,10
12.8874797821,80.2271499634,46600,46610,10
12.8884801865,80.2272415161,46610,46620,10
12.888759613,80.2272567749,46620,46630,10
12.8893699646,80.2272567749,46630,46640,10
12.8902397156,80.2272720337,46640,46650,10
12.891289711,80.2272720337,46650,46660,10
12.8921604156,80.2272720337,46660,46670,10
12.8925304413,80.2273025513,46670,46680,10
12.8932104111,80.2273864746,46680,46691,11
12.894109726,80.2274932861,46691,46701,10
12.8942403793,80.2275009155,46701,46711,10
12.894610405,80.2275390625,46711,46721,10
12.8952598572,80.2275772095,46721,46731,10
12.8961801529,80.2276229858,46731,46741,10
12.8973703384,80.2276916504,46741,46751,10
12.8986501694,80.2277679443,46751,46761,10
12.9000301361,80.2277984619,46761,46791,30
12.9000301361,80.2277984619,46791,46802,11
12.9004001617,80.2277908325,46802,46812,10
12.9007701874,80.2278518677,46812,46822,10
12.9011802673,80.2279129028,46822,46832,10
12.901599884,80.2279434204,46832,46842,10
12.9023303986,80.2279815674,46842,46852,10
12.9029302597,80.2279586792,46852,46862,10
12.9032497406,80.2279968262,46862,46872,10
12.9039402008,80.2280426025,46872,46882,10
12.9046802521,80.2280807495,46882,46892,10
12.905090332,80.2280883789,46892,46903,11
12.9055595398,80.2281036377,46903,46953,50
12.9055595398,80.2281036377,46953,46963,10
12.9057302475,80.2282028198,46963,46973,10
12.906080246,80.2282028198,46973,46989,16
12.9065599442,80.2282333374,46989,47001,12
12.9067201614,80.2282333374,47001,47012,11
12.906920433,80.2282485962,47012,47022,10
12.9075403214,80.2283401489,47022,47032,10
12.9084196091,80.2284698486,47032,47042,10
12.9095897675,80.2286605835,47042,47052,10
12.910900116,80.2288589478,47052,47062,10
12.9123401642,80.2290496826,47062,47072,10
12.9134902954,80.2291870117,47072,47082,10
12.9140300751,80.2292633057,47082,47092,10
12.9140396118,80.2292633057,47092,47102,10
12.9141998291,80.2293014526,47102,47111,9
12.9146604538,80.2293395996,47111,47122,11
12.9154901505,80.2294692993,47122,47133,11
12.9165897369,80.2296295166,47133,47143,10
12.9176797867,80.2297821045,47143,47152,9
12.9186697006,80.2299423218,47152,47163,11
12.919719696,80.2300796509,47163,47173,10
12.9210700989,80.2302322388,47173,47183,10
12.922369957,80.2304229736,47183,47193,10
12.9238395691,80.2306289673,47193,47203,10
12.9252700806,80.2307815552,47203,47213,10
12.9262399673,80.2308578491,47213,47224,11
12.9263696671,80.2308578491,47224,47234,10
12.9264802933,80.2308807373,47234,47244,10
12.9270601273,80.2309799194,47244,47254,10
12.9278898239,80.2310714722,47254,47264,10
12.9287099838,80.2311477661,47264,47274,10
12.9292001724,80.2312698364,47274,47284,10
12.9298696518,80.2314605713,47284,47294,10
12.9306001663,80.2316436768,47294,47310,16
12.9326601028,80.2323074341,47310,47322,12
12.9337100983,80.2327575684,47322,47333,11
12.9338302612,80.2328262329,47333,47343,10
12.9341201782,80.2329483032,47343,47353,10
12.9347295761,80.233253479,47353,47361,8
12.935549736,80.2336425781,47361,47373,12
12.9362401962,80.2339172363,47373,47383,10
12.9373397827,80.2344818115,47383,47393,10
12.9390802383,80.2353210449,47393,47403,10
12.9398603439,80.235710144,47403,47413,10
12.9400501251,80.2357788086,47413,47423,10
12.9405202866,80.2359313965,47423,47433,10
12.9412498474,80.2361221313,47433,47444,11
12.9422998428,80.2363815308,47444,47454,10
12.9432601929,80.2368774414,47454,47464,10
12.9436998367,80.2373504639,47464,47474,10
12.9437999725,80.2375488281,47474,47484,10
12.9441995621,80.2379608154,47484,47503,19
12.9456796646,80.2393112183,47503,47515,12
12.947429657,80.240020752,47515,47535,20
12.947429657,80.240020752,47535,47545,10
12.9476804733,80.2401428223,47545,47556,11
12.948340416,80.2404174805,47556,47566,10
12.9489002228,80.2406234741,47566,47617,51
12.9489002228,80.2406234741,47617,47627,10
12.9491596222,80.240737915,47627,47637,10
12.9496202469,80.2408828735,47637,47647,10
12.9502401352,80.2410736084,47647,47658,11
12.9508304596,80.2412414551,47658,47668,10
12.950920105,80.2413024902,47668,47678,10
12.9513702393,80.2414703369,47678,47688,10
12.9521303177,80.2417373657,47688,47698,10
12.953040123,80.2420806885,47698,47708,10
12.9539203644,80.24243927,47708,47718,10
12.9547796249,80.242767334,47718,47728,10
12.9554395676,80.243019104,47728,47738,10
12.9563398361,80.2433319092,47738,47748,10
12.9567403793,80.2434921265,47748,47759,11
12.9575099945,80.2438583374,47759,47769,10
12.9584503174,80.2442779541,47769,47779,10
12.9593000412,80.2446136475,47779,47789,10
12.9594297409,80.2446594238,47789,47799,10
12.9598999023,80.2449035645,47799,47809,10
12.9606199265,80.2452163696,47809,47819,10
12.9615497589,80.2456665039,47819,47829,10
12.9625196457,80.2461471558,47829,47839,10
12.9631500244,80.2464523315,47839,47849,10
12.9635295868,80.2466430664,47849,47859,10
12.9641799927,80.2469024658,47859,47870,11
12.9649295807,80.247177124,47870,47880,10
12.965470314,80.2473678589,47880,47890,10
12.9660997391,80.2476196289,47890,47900,10
12.966799736,80.2479629517,47900,47920,20
12.966799736,80.2479629517,47920,47930,10
12.9671001434,80.2481079102,47930,47940,10
12.9676904678,80.2483673096,47940,47950,10
12.9686403275,80.2487106323,47950,47960,10
12.9696903229,80.2491989136,47960,47971,11
12.9710302353,80.2496490479,47971,47981,10
12.9722700119,80.249961853,47981,47991,10
12.9738197327,80.2503509521,47991,48001,10
12.9752101898,80.2507629395,48001,48011,10
12.9765100479,80.251121521,48011,48021,10
12.9778003693,80.2516937256,48021,48031,10
12.9786901474,80.2524185181,48031,48041,10
12.9795598984,80.2525634766,48041,48051,10
12.979590416,80.2525634766,48051,48061,10
12.9798202515,80.2526016235,48061,48071,10
12.9805202484,80.2526321411,48071,48082,11
12.9816503525,80.2526092529,48082,48092,10
12.9828901291,80.2525634766,48092,48108,16
12.98458004,80.2521591187,48108,48120,12
12.9855804443,80.2518768311,48120,48130,10
12.9861497879,80.2517166138,48130,48160,30
12.9861497879,80.2517166138,48160,48170,10
12.9863195419,80.2516174316,48170,48252,82
12.9863195419,80.2516174316,48252,48262,10
12.9866399765,80.2516021729,48262,48272,10
12.987039566,80.2514877319,48272,48296,24
12.9877595901,80.2513427734,48296,48308,12
12.9879398346,80.2518997192,48308,48318,10
12.9879598618,80.2524795532,48318,48328,10
12.9878902435,80.2531967163,48328,48338,10
12.9878196716,80.2539367676,48338,48347,9
12.9877500534,80.2545013428,48347,48358,11
12.9876203537,80.2553634644,48358,48368,10
12.9876003265,80.2558288574,48368,48378,10
12.9875602722,80.2559890747,48378,48388,10
12.9875202179,80.2564926147,48388,48398,10
12.9874401093,80.2571029663,48398,48409,11
12.9874000549,80.2579574585,48409,48419,10
12.9871997833,80.2584381104,48419,48449,30
12.9870700836,80.2584686279,48449,48591,142
12.9867601395,80.2586135864,48591,48673,82
12.9867095947,80.2587432861,48673,48724,51
12.9867296219,80.2587890625,48724,49087,363
12.9869499207,80.2584686279,49087,49269,182
12.9872903824,80.2586212158,49269,49973,704
12.9873199463,80.2585906982,49973,50056,83
12.9869298935,80.2586364746,50056,50117,61
12.986749649,80.2587585449,50117,50147,30
12.986749649,80.2587585449,50147,50157,10
12.9867095947,80.2589035034,50157,50793,636
12.9868402481,80.2589416504,50793,50823,30
12.9866895676,80.2588424683,50823,51863,1040
12.9864597321,80.2585830688,51863,56377,4514
12.9867696762,80.2587203979,56377,59446,3069
12.9867801666,80.2585983276,59446,59660,214
12.9868202209,80.2585372925,59660,59741,81
12.986869812,80.2586135864,59741,59802,61
12.9868297577,80.2586975098,59802,59822,20
12.9868297577,80.2586975098,59822,59832,10
12.9868001938,80.2587127686,59832,59983,151
12.9868202209,80.2586212158,59983,60407,424
12.9869298935,80.2587127686,60407,60609,202
12.9869298935,80.2587127686,60609,60619,10
12.9868097305,80.2585220337,60619,71879,11260
12.9867601395,80.2585525513,71879,72313,434
12.9867601395,80.2585525513,72313,72324,11
12.9867601395,80.2587585449,72324,72909,585
12.9867601395,80.2587585449,72909,72919,10
12.9867897034,80.2587432861,72919,73071,152
12.9868097305,80.258682251,73071,75847,2776
12.9867801666,80.2585678101,75847,75928,81
12.9866695404,80.2585220337,75928,79643,3715
12.9867296219,80.2584609985,79643,80572,929
12.9867095947,80.2586593628,80572,81179,607
12.9869604111,80.2586288452,81179,81744,565
12.9868097305,80.2585067749,81744,81785,41
12.9867801666,80.2583236694,81785,81825,40
12.9867296219,80.2585220337,81825,82916,1091
12.9867401123,80.2586898804,82916,83138,222
