12.9984998703,80.2570495605,20,4239,4219
12.9985303879,80.2570037842,4239,4936,697
12.998550415,80.2571411133,4936,8158,3222
12.998550415,80.2571411133,8158,18067,9909
12.9985399246,80.2570495605,18067,19202,1135
12.9985399246,80.2570495605,19202,19213,11
12.9984302521,80.2570571899,19213,19223,10
12.9983997345,80.2567977905,19223,19233,10
12.9981603622,80.256729126,19233,19243,10
12.9980697632,80.256729126,19243,19253,10
12.9980201721,80.2564697266,19253,19556,303
12.9980201721,80.2564697266,19556,19566,10
12.9979000092,80.2563323975,19566,19576,10
12.9977197647,80.2562789917,19576,19586,10
12.9976997375,80.2561035156,19586,19616,30
12.9975404739,80.2559280396,19616,19818,202
12.9975404739,80.2559280396,19818,19828,10
12.9971399307,80.2559890747,19828,19838,10
12.9969501495,80.2561264038,19838,19848,10
12.9969301224,80.2564315796,19848,19858,10
12.9968795776,80.2567901611,19858,19869,11
12.9968395233,80.2573394775,19869,19879,10
12.9967699051,80.2579879761,19879,19889,10
12.9967002869,80.2585830688,19889,19899,10
12.9966602325,80.2591094971,19899,19909,10
12.9966001511,80.2596282959,19909,19919,10
12.9965295792,80.2602386475,19919,19929,10
12.9964599609,80.2609176636,19929,19939,10
12.9963903427,80.2615509033,19939,19949,10
12.996339798,80.2620315552,19949,19959,10
12.9962701797,80.2624435425,19959,19969,10
12.9962100983,80.2629394531,19969,19980,11
12.9961795807,80.2634887695,19980,19990,10
12.9961299896,80.2640609741,19990,20000,10
12.996049881,80.2647094727,20000,20010,10
12.9959802628,80.2654571533,20010,20020,10
12.995880127,80.266242981,20020,20030,10
12.9958095551,80.266960144,20030,20040,10
12.995759964,80.2676010132,20040,20050,10
12.9961500168,80.2677230835,20050,20066,16
12.9969902039,80.2677307129,20066,20078,12
12.9977798462,80.2675018311,20078,20089,11
12.9984903336,80.2672805786,20089,20099,10
12.9994096756,80.266998291,20099,20109,10
13.0000095367,80.2667236328,20109,20119,10
13.0001497269,80.2663879395,20119,20129,10
13.0002002716,80.2659072876,20129,20139,10
13.0003299713,80.2656936646,20139,20149,10
13.0003900528,80.2658996582,20149,20159,10
13.0002698898,80.2663879395,20159,20614,455
13.0002698898,80.2663879395,20614,20624,10
13.0003595352,80.2666473389,20624,20635,11
13.0002803802,80.2668609619,20635,20645,10
13.0000295639,80.266960144,20645,20655,10
12.9996299744,80.267036438,20655,20665,10
12.9992198944,80.2671432495,20665,20675,10
12.998840332,80.2672424316,20675,20685,10
12.998339653,80.2673721313,20685,20695,10
12.9978599548,80.2675170898,20695,20705,10
12.9973297119,80.2676696777,20705,20715,10
12.9968595505,80.2677764893,20715,20725,10
12.9962997437,80.2677688599,20725,20735,10
12.9958000183,80.2677230835,20735,20746,11
12.9956798553,80.2674179077,20746,20786,40
12.9956798553,80.2674179077,20786,20796,10
12.9957399368,80.2670822144,20796,20806,10
12.995759964,80.2666625977,20806,20816,10
12.9958200455,80.2660675049,20816,20826,10
12.9959001541,80.2653808594,20826,20836,10
12.9959897995,80.2646331787,20836,20846,10
12.9960803986,80.2638702393,20846,20857,11
12.9961299896,80.2632217407,20857,20867,10
12.9961500168,80.2628173828,20867,20877,10
12.996219635,80.2622909546,20877,20897,20
12.996219635,80.2622909546,20897,20907,10
12.9962701797,80.261932373,20907,20917,10
12.9963502884,80.2614517212,20917,20927,10
12.9964199066,80.2607421875,20927,20937,10
12.996509552,80.2599334717,20937,20947,10
12.9965896606,80.2591094971,20947,20958,11
12.9966602325,80.2582778931,20958,20967,9
12.9967403412,80.25756073,20967,20978,11
12.9968299866,80.2567062378,20978,20988,10
12.9968795776,80.2561264038,20988,20998,10
12.9969100952,80.2559814453,20998,21008,10
12.997010231,80.2558288574,21008,21018,10
12.997420311,80.2558364868,21018,21028,10
12.9980096817,80.255897522,21028,21038,10
12.9988698959,80.2559967041,21038,21069,31
12.9988698959,80.2559967041,21069,21079,10
12.9990797043,80.2560195923,21079,21089,10
12.9994602203,80.2561035156,21089,21099,10
12.9999799728,80.2562179565,21099,21109,10
13.0005702972,80.2563400269,21109,21119,10
13.0012197495,80.2564468384,21119,21129,10
13.001950264,80.2565689087,21129,21139,10
13.002699852,80.2566986084,21139,21149,10
13.003370285,80.2568283081,21149,21159,10
13.0040197372,80.2569580078,21159,21169,10
13.0047798157,80.2571105957,21169,21180,11
13.0056800842,80.2572784424,21180,21190,10
13.006360054,80.2573699951,21190,21200,10
13.0065603256,80.2571334839,21200,21210,10
13.0065202713,80.2565383911,21210,21220,10
13.0065097809,80.255821228,21220,21230,10
13.0065202713,80.255027771,21230,21240,10
13.0065202713,80.2543029785,21240,21250,10
13.0065202713,80.2535171509,21250,21260,10
13.0065202713,80.2530975342,21260,21270,10
13.0065202713,80.2526397705,21270,21280,10
13.0065803528,80.2522125244,21280,21291,11
13.0067100525,80.2516708374,21291,21301,10
13.0067796707,80.251083374,21301,21311,10
13.0067596436,80.25025177,21311,21321,10
13.0067396164,80.2494277954,21321,21331,10
13.0067100525,80.2487335205,21331,21341,10
13.0066604614,80.2481384277,21341,21351,10
13.006649971,80.2477798462,21351,21391,40
13.006649971,80.2477798462,21391,21402,11
13.0066900253,80.2475814819,21402,21412,10
13.0066795349,80.2471618652,21412,21422,10
13.006649971,80.2468338013,21422,21432,10
13.0066003799,80.2466583252,21432,21442,10
13.0066404343,80.246421814,21442,21452,10
13.006649971,80.2460632324,21452,21462,10
13.0066299438,80.2454376221,21462,21472,10
13.0066299438,80.2447891235,21472,21482,10
13.0066299438,80.2441329956,21482,21492,10
13.0066003799,80.2434387207,21492,21502,10
13.0065698624,80.2426605225,21502,21513,11
13.0065698624,80.2416381836,21513,21523,10
13.0066204071,80.2408905029,21523,21533,10
13.0066995621,80.2404327393,21533,21543,10
13.0067100525,80.2404022217,21543,21553,10
13.0067300797,80.2402496338,21553,21563,10
13.006819725,80.2399215698,21563,21573,10
13.0069303513,80.2392730713,21573,21583,10
13.0070896149,80.2384567261,21583,21593,10
13.0072603226,80.237701416,21593,21603,10
13.0073795319,80.2370376587,21603,21620,17
13.0074300766,80.236618042,21620,21633,13
13.0074901581,80.2364425659,21633,21643,10
13.0075902939,80.2360610962,21643,21653,10
13.0077295303,80.235458374,21653,21663,10
13.0078697205,80.2348403931,21663,21673,10
13.0080499649,80.2339324951,21673,21682,9
13.0081796646,80.2332611084,21682,21692,10
13.0083398819,80.2323684692,21692,21703,11
13.0085601807,80.2312164307,21703,21713,10
13.0087404251,80.2303390503,21713,21723,10
13.0089502335,80.2292633057,21723,21734,11
13.0091896057,80.2282028198,21734,21744,10
13.0095701218,80.2273025513,21744,21754,10
13.0099802017,80.2263870239,21754,21764,10
13.0103702545,80.2256393433,21764,21774,10
13.0107097626,80.2248916626,21774,21784,10
13.0110397339,80.2240829468,21784,21794,10
13.011349678,80.2233200073,21794,21804,10
13.0113601685,80.2232208252,21804,21814,10
13.0113697052,80.2230300903,21814,21824,10
13.0115804672,80.2225189209,21824,21834,10
13.011879921,80.2218322754,21834,21845,11
13.012260437,80.2213668823,21845,21855,10
13.0125799179,80.221786499,21855,21865,10
13.0130395889,80.2223587036,21865,21875,10
13.0136404037,80.2230224609,21875,21885,10
13.0141801834,80.2236328125,21885,21895,10
13.0145797729,80.2242202759,21895,21905,10
13.014960289,80.2245330811,21905,21915,10
13.0155296326,80.2249908447,21915,21925,10
13.0155897141,80.2250289917,21925,21935,10
13.0158100128,80.2252426147,21935,21946,11
13.0164003372,80.2253112793,21946,21956,10
13.0171403885,80.2250595093,21956,21966,10
13.0180196762,80.2247085571,21966,21976,10
13.0188903809,80.224357605,21976,21986,10
13.0193595886,80.224281311,21986,21996,10
13.0193996429,80.2243118286,21996,22006,10
13.0197200775,80.2245025635,22006,22016,10
13.0202302933,80.2248916626,22016,22026,10
13.020819664,80.2253112793,22026,22036,10
13.0214796066,80.2258224487,22036,22046,10
13.0222196579,80.2264099121,22046,22057,11
13.0230798721,80.2271499634,22057,22067,10
13.0238199234,80.2278518677,22067,22077,10
13.0244197845,80.2285614014,22077,22087,10
13.0249595642,80.2293014526,22087,22097,10
13.025560379,80.2300872803,22097,22107,10
13.025970459,80.2308807373,22107,22117,10
13.0261297226,80.2313537598,22117,22127,10
13.026599884,80.2312393188,22127,22137,10
13.0272197723,80.231048584,22137,22147,10
13.0278701782,80.2309494019,22147,22157,10
13.0284404755,80.2308883667,22157,22167,10
13.0286998749,80.2308578491,22167,22184,17
13.029540062,80.2307662964,22184,22196,12
13.0303096771,80.2306900024,22196,22206,10
13.030670166,80.2305984497,22206,22216,10
13.0306396484,80.23021698,22216,22226,10
13.030500412,80.2297592163,22226,22236,10
13.0302801132,80.2291488647,22236,22246,10
13.0303201675,80.2285766602,22246,22256,10
13.0303401947,80.2282409668,22256,22266,10
13.0303602219,80.2281570435,22266,22277,11
13.0304098129,80.2277603149,22277,22287,10
13.0303096771,80.2274780273,22287,22297,10
13.0297298431,80.2273788452,22297,22307,10
13.0289802551,80.2272567749,22307,22317,10
13.0283203125,80.2271499634,22317,22327,10
13.0279302597,80.2270126343,22327,22337,10
13.0279102325,80.2266769409,22337,22347,10
13.0280399323,80.2260818481,22347,22357,10
13.0281896591,80.225402832,22357,22367,10
13.0283603668,80.2245483398,22367,22377,10
13.028550148,80.2239990234,22377,22388,11
13.0287704468,80.2239837646,22388,22397,9
13.0289001465,80.224029541,22397,22408,11
13.0291700363,80.2242507935,22408,22418,10
13.0296497345,80.2242507935,22418,22428,10
13.0302000046,80.224281311,22428,22438,10
13.0308504105,80.224281311,22438,22448,10
13.0311098099,80.2240371704,22448,22458,10
13.0311002731,80.2235031128,22458,22468,10
13.0311603546,80.2231369019,22468,22478,10
13.0311899185,80.2230682373,22478,22488,10
13.0313100815,80.2227020264,22488,22498,10
13.0315904617,80.2221679688,22498,22509,11
13.0319499969,80.2214126587,22509,22525,16
13.0321903229,80.2201004028,22525,22537,12
13.0321903229,80.2197723389,22537,22546,9
13.03221035,80.2196121216,22546,22558,12
13.03221035,80.21900177,22558,22568,10
13.0320796967,80.2184829712,22568,22578,10
13.0315799713,80.2183532715,22578,22588,10
13.0314702988,80.217666626,22588,22597,9
13.0314102173,80.2171478271,22597,22609,12
13.0312404633,80.2169723511,22609,22619,10
13.0308599472,80.2169494629,22619,22629,10
13.0304803848,80.2168579102,22629,22639,10
13.0304498672,80.2162780762,22639,22649,10
13.030380249,80.215637207,22649,22659,10
13.0303497314,80.2149581909,22659,22669,10
13.0303697586,80.2144622803,22669,22679,10
13.0304498672,80.2138977051,22679,22689,10
13.0304899216,80.2136001587,22689,22699,10
13.0305299759,80.2133865356,22699,22709,10
13.0305995941,80.2129211426,22709,22720,11
13.0306797028,80.2122421265,22720,22730,10
13.0307703018,80.2117004395,22730,22740,10
13.0308198929,80.2114181519,22740,22750,10
13.0308704376,80.2110519409,22750,22760,10
13.0309200287,80.2107696533,22760,22770,10
13.0309801102,80.2102508545,22770,22780,10
13.0309495926,80.2100830078,22780,22790,10
13.0307397842,80.2099990845,22790,22800,10
13.0302801132,80.2098693848,22800,22810,10
13.0300302505,80.2096176147,22810,22820,10
13.0301399231,80.2092132568,22820,22831,11
13.0301599503,80.2091522217,22831,22841,10
13.0304002762,80.2090377808,22841,22851,10
13.0306797028,80.2090911865,22851,22861,10
13.0312299728,80.2092208862,22861,22871,10
13.0314998627,80.2093276978,22871,22881,10
13.0315504074,80.2093811035,22881,22891,10
13.0319004059,80.2094573975,22891,22901,10
13.0324602127,80.2095794678,22901,22911,10
13.0332202911,80.2097015381,22911,22921,10
13.0340299606,80.2098617554,22921,22931,10
13.0347700119,80.2099761963,22931,22942,11
13.0351800919,80.2094421387,22942,22952,10
13.0352201462,80.2090682983,22952,22962,10
13.0352602005,80.2087097168,22962,22972,10
13.0352802277,80.2086105347,22972,22982,10
13.0353403091,80.208190918,22982,22992,10
13.0354299545,80.2075195313,22992,23002,10
13.0355501175,80.2066879272,23002,23012,10
13.0356397629,80.2060775757,23012,23022,10
13.0356903076,80.2058792114,23022,23032,10
13.0357599258,80.2053833008,23032,23043,11
13.0358695984,80.2046813965,23043,23053,10
13.0359401703,80.2042236328,23053,23063,10
13.0360298157,80.2035903931,23063,23073,10
13.0361404419,80.2027587891,23073,23083,10
13.0362596512,80.2018890381,23083,23093,10
13.0363101959,80.2014770508,23093,23103,10
13.036359787,80.2012786865,23103,23113,10
13.0364398956,80.2007064819,23113,23123,10
13.0365495682,80.1999282837,23123,23133,10
13.0366802216,80.1989974976,23133,23143,10
13.0368299484,80.1980361938,23143,23153,10
13.0369596481,80.1971817017,23153,23164,11
13.0370798111,80.1963500977,23164,23174,10
13.0371398926,80.1958999634,23174,23190,16
13.0373096466,80.1948928833,23190,23202,12
13.0374498367,80.1938400269,23202,23212,10
13.037560463,80.1930999756,23212,23221,9
13.0378599167,80.192741394,23221,23232,11
13.0381803513,80.1927490234,23232,23242,10
13.0386896133,80.1928482056,23242,23252,10
13.0389499664,80.1928787231,23252,23262,10
13.0394697189,80.1929626465,23262,23273,11
13.040309906,80.193107605,23273,23283,10
13.0412397385,80.1932373047,23283,23293,10
13.0417699814,80.1934509277,23293,23303,10
13.0417299271,80.1940612793,23303,23313,10
13.0416402817,80.1948471069,23313,23323,10
13.0415296555,80.1957397461,23323,23333,10
13.0414304733,80.1964416504,23333,23353,20
13.0413599014,80.1969985962,23353,23365,12
13.0412797928,80.1976470947,23365,23375,10
13.0412101746,80.1982192993,23375,23386,11
13.0410499573,80.19921875,23386,23396,10
13.0409603119,80.1999130249,23396,23406,10
13.0408296585,80.2006835938,23406,23415,9
13.0406999588,80.2016220093,23415,23426,11
13.0406398773,80.2020492554,23426,23435,9
13.0405597687,80.2023925781,23435,23446,11
13.0404195786,80.2032470703,23446,23456,10
13.040309906,80.2041473389,23456,23466,10
13.0402297974,80.2049102783,23466,23476,10
13.040599823,80.205078125,23476,23485,9
13.0410003662,80.2051086426,23485,23496,11
13.0412597656,80.2051467896,23496,23540,44
13.0428199768,80.2057723999,23540,23550,10
13.0432500839,80.2063903809,23550,23560,10
13.0437602997,80.2070617676,23560,23570,10
13.0441102982,80.2077713013,23570,23580,10
13.0441904068,80.2086181641,23580,23590,10
13.0441799164,80.2091598511,23590,23600,10
13.0441904068,80.2096786499,23600,23611,11
13.0442199707,80.2105178833,23611,23621,10
13.044260025,80.21144104,23621,23632,11
13.0443496704,80.2122192383,23632,23642,10
13.0449199677,80.2122497559,23642,23654,12
13.0457696915,80.2122192383,23654,23664,10
13.0465202332,80.2121810913,23664,23674,10
13.04708004,80.2120819092,23674,23684,10
13.0470895767,80.2118530273,23684,23694,10
13.04708004,80.2117385864,23694,23704,10
13.0470399857,80.2113800049,23704,23715,11
13.0469799042,80.2109069824,23715,23725,10
13.0473403931,80.2107620239,23725,23735,10
13.047949791,80.2107772827,23735,23745,10
13.0485095978,80.2107696533,23745,23755,10
13.049200058,80.2108001709,23755,23765,10
13.0496397018,80.2106933594,23765,23775,10
13.0495796204,80.2101364136,23775,23785,10
13.0494604111,80.2093963623,23785,23795,10
13.0493202209,80.2085266113,23795,23805,10
13.0490598679,80.2077331543,23805,23815,10
13.0488796234,80.2071762085,23815,23836,21
13.0488796234,80.2071762085,23836,23846,10
13.048789978,80.2069778442,23846,23856,10
13.0490102768,80.2068405151,23856,23886,30
13.0492601395,80.20703125,23886,24875,989
13.0492601395,80.20703125,24875,24885,10
13.0492801666,80.2072982788,24885,24895,10
13.0491399765,80.2073974609,24895,24905,10
13.0492401123,80.2078475952,24905,24916,11
13.0494499207,80.2086791992,24916,24926,10
13.0495996475,80.2095184326,24926,24936,10
13.0496702194,80.2103500366,24936,24946,10
13.049779892,80.2110595703,24946,24956,10
13.0498895645,80.2116699219,24956,24966,10
13.0499296188,80.2120819092,24966,24976,10
13.0497198105,80.2121734619,24976,24986,10
13.0495004654,80.2121887207,24986,24996,10
13.0493803024,80.2121887207,24996,25006,10
13.0489997864,80.2121887207,25006,25016,10
13.0483503342,80.2121963501,25016,25027,11
13.0474700928,80.2122573853,25027,25037,10
13.0464496613,80.2123031616,25037,25047,10
13.0454101563,80.2123413086,25047,25057,10
13.0447902679,80.212348938,25057,25127,70
13.0447902679,80.212348938,25127,25138,11
13.0446195602,80.2122802734,25138,25148,10
13.0443096161,80.2121276855,25148,25158,10
13.0442495346,80.2115020752,25158,25168,10
13.0441999435,80.2106399536,25168,25178,10
13.0441598892,80.2096786499,25178,25188,10
13.0441198349,80.2090530396,25188,25198,10
13.0440998077,80.2088623047,25198,25208,10
13.0440998077,80.208770752,25208,25218,10
13.0440998077,80.208366394,25218,25228,10
13.0439996719,80.2076873779,25228,25238,10
13.043680191,80.2070388794,25238,25249,11
13.0432100296,80.2063903809,25249,25259,10
13.042719841,80.2057495117,25259,25269,10
13.0420703888,80.2053604126,25269,25270,1
13.0419998169,80.2053375244,25270,25309,39
13.0407800674,80.2051315308,25309,25319,10
13.0403995514,80.2051086426,25319,25329,10
13.0398702621,80.2050170898,25329,25339,10
13.0392398834,80.2049026489,25339,25349,10
13.0385599136,80.2048034668,25349,25360,11
13.0381402969,80.2046203613,25360,25370,10
13.0382204056,80.2041931152,25370,25380,10
13.0382995605,80.2036437988,25380,25390,10
13.0383701324,80.2030410767,25390,25405,15
13.0385103226,80.2020797729,25405,25414,9
13.0385599136,80.2016372681,25414,25426,12
13.0386400223,80.2011108398,25426,25436,10
13.0387296677,80.2006378174,25436,25446,10
13.0388202667,80.2001113892,25446,25456,10
13.0388803482,80.1995010376,25456,25467,11
13.0389204025,80.199256897,25467,25477,10
13.0389499664,80.1990203857,25477,25487,10
13.0390396118,80.1985168457,25487,25497,10
13.0391397476,80.1977615356,25497,25507,10
13.0392303467,80.1970825195,25507,25517,10
13.0392398834,80.1968078613,25517,25527,10
13.0392503738,80.1966781616,25527,25537,10
13.0393104553,80.1964187622,25537,25547,10
13.0394001007,80.1960525513,25547,25565,18
13.0395803452,80.1947174072,25565,25577,12
13.0397500992,80.1936187744,25577,25586,9
13.0397996902,80.1931915283,25586,25596,10
13.0397996902,80.1931762695,25596,25608,12
13.0395803452,80.193031311,25608,25618,10
13.0391998291,80.1929702759,25618,25628,10
13.0387001038,80.1928863525,25628,25638,10
13.038599968,80.1928710938,25638,25647,9
13.0384502411,80.1928634644,25647,25658,11
13.037899971,80.1928405762,25658,25668,10
13.037610054,80.1933364868,25668,25678,10
13.0375003815,80.1941223145,25678,25689,11
13.0373601913,80.1951293945,25689,25699,10
13.0372600555,80.1960296631,25699,25729,30
13.0372600555,80.1960296631,25729,25739,10
13.0372104645,80.1962966919,25739,25749,10
13.0371398926,80.1968231201,25749,25768,19
13.0369701385,80.1979370117,25768,25780,12
13.0368900299,80.1985931396,25780,25790,10
13.0368700027,80.198677063,25790,25800,10
13.0368499756,80.1987380981,25800,25810,10
13.0367698669,80.1991424561,25810,25821,11
13.036649704,80.1998214722,25821,25834,13
13.0364999771,80.2007904053,25834,25844,10
13.0364398956,80.201423645,25844,25854,10
13.036359787,80.2018585205,25854,25874,20
13.036359787,80.2018585205,25874,25884,10
13.0363101959,80.2021026611,25884,25894,10
13.0362501144,80.2025604248,25894,25904,10
13.0361604691,80.2032012939,25904,25928,24
13.0359897614,80.2045822144,25928,25940,12
13.035900116,80.2052764893,25940,25950,10
13.0358200073,80.2057876587,25950,25960,10
13.035779953,80.2060928345,25960,25970,10
13.0357103348,80.2065124512,25970,25980,10
13.0356197357,80.2072219849,25980,25989,9
13.0354795456,80.2083892822,25989,26021,32
13.0354795456,80.2083892822,26021,26031,10
13.0353899002,80.2086868286,26031,26040,9
13.0353097916,80.2091522217,26040,26051,11
13.0352201462,80.2098236084,26051,26062,11
13.0351600647,80.210357666,26062,26072,10
13.0350399017,80.2105407715,26072,26081,9
13.0349702835,80.2107772827,26081,26091,10
13.034910202,80.2111434937,26091,26102,11
13.0347900391,80.2118301392,26102,26112,10
13.0345096588,80.2121429443,26112,26123,11
13.0340299606,80.2120666504,26123,26133,10
13.0334596634,80.2120132446,26133,26143,10
13.0328397751,80.2119369507,26143,26153,10
13.0325098038,80.2119216919,26153,26163,10
13.032500267,80.2119216919,26163,26173,10
13.0322303772,80.2118606567,26173,26183,10
13.031920433,80.2115707397,26183,26193,10
13.031999588,80.2108612061,26193,26203,10
13.0320701599,80.2102203369,26203,26213,10
13.0320796967,80.2097320557,26213,26223,10
13.0317401886,80.2095870972,26223,26234,11
13.0311002731,80.2094116211,26234,26244,10
13.0304098129,80.2092208862,26244,26254,10
13.0300703049,80.209602356,26254,26274,20
13.0300703049,80.209602356,26274,26284,10
13.0300703049,80.2098083496,26284,26294,10
13.0303897858,80.2098999023,26294,26304,10
13.0308504105,80.2099990845,26304,26314,10
13.0310001373,80.2101135254,26314,26324,10
13.0309801102,80.2103881836,26324,26334,10
13.0309295654,80.2108612061,26334,26345,11
13.0308799744,80.2112121582,26345,26355,10
13.0308198929,80.2116088867,26355,26365,10
13.0307703018,80.2118988037,26365,26375,10
13.0306901932,80.2124710083,26375,26385,10
13.030579567,80.2131729126,26385,26395,10
13.0305299759,80.2135925293,26395,26405,10
13.0304803848,80.2138366699,26405,26415,10
13.0303602219,80.2148284912,26415,26435,20
13.0303602219,80.2148284912,26435,26445,10
13.0303897858,80.2149734497,26445,26456,11
13.0304002762,80.2154998779,26456,26466,10
13.0304403305,80.2159194946,26466,26476,10
13.0304603577,80.2165908813,26476,26486,10
13.0307798386,80.2169189453,26486,26506,20
13.0307798386,80.2169189453,26506,26516,10
13.0309400558,80.2169189453,26516,26526,10
13.0313100815,80.2169570923,26526,26536,10
13.0315103531,80.2171936035,26536,26546,10
13.0315599442,80.2177734375,26546,26556,10
13.0317602158,80.2183685303,26556,26567,11
13.0322799683,80.2186431885,26567,26577,10
13.0322599411,80.219291687,26577,26587,10
13.0322799683,80.2203216553,26587,26607,20
13.0322799683,80.2203216553,26607,26617,10
13.0322399139,80.2206192017,26617,26627,10
13.0321102142,80.2211303711,26627,26637,10
13.0318698883,80.2217788696,26637,26647,10
13.0315799713,80.2223815918,26647,26657,10
13.0313196182,80.2228164673,26657,26667,10
13.0312004089,80.2234191895,26667,26678,11
13.0312099457,80.2239379883,26678,26688,10
13.0312004089,80.2239990234,26688,26698,10
13.0311203003,80.224281311,26698,26708,10
13.0306596756,80.2242965698,26708,26718,10
13.0302095413,80.2242965698,26718,26728,10
13.029589653,80.2242584229,26728,26738,10
13.0290498734,80.2242431641,26738,26748,10
13.0290203094,80.2242279053,26748,26758,10
13.0287399292,80.2240982056,26758,26768,10
13.028459549,80.2242584229,26768,26779,11
13.0283002853,80.2250366211,26779,26788,9
13.0281400681,80.2258224487,26788,26799,11
13.0279998779,80.2266387939,26799,26808,9
13.0279598236,80.2269134521,26808,26819,11
13.0282297134,80.2270812988,26819,26829,10
13.0288095474,80.227180481,26829,26839,10
13.0295095444,80.2273101807,26839,26849,10
13.0302000046,80.2274169922,26849,26859,10
13.0304498672,80.2276916504,26859,26869,10
13.0303897858,80.2280578613,26869,26879,10
13.0303602219,80.2283401489,26879,26890,11
13.0303602219,80.2283401489,26890,26900,10
13.0303401947,80.2287979126,26900,26910,10
13.0303497314,80.229309082,26910,26920,10
13.0305595398,80.2298431396,26920,26930,10
13.0306997299,80.2304229736,26930,26940,10
13.0306997299,80.23072052,26940,26950,10
13.0303602219,80.2307815552,26950,26961,11
13.0299396515,80.2308120728,26961,26981,20
13.0299396515,80.2308120728,26981,26991,10
13.0296897888,80.2308425903,26991,27002,11
13.0292196274,80.2308807373,27002,27012,10
13.0285997391,80.2309494019,27012,27023,11
13.0278997421,80.2310409546,27023,27033,10
13.0276699066,80.2311782837,27033,27043,10
13.0277004242,80.2316436768,27043,27052,9
13.0277204514,80.2321014404,27052,27063,11
13.0278701782,80.2326278687,27063,27073,10
13.0275201797,80.2328567505,27073,27083,10
13.0271902084,80.2329330444,27083,27103,20
13.0271902084,80.2329330444,27103,27114,11
13.0269403458,80.233001709,27114,27124,10
13.0266895294,80.233039856,27124,27134,10
13.0263996124,80.2328414917,27134,27144,10
13.0262298584,80.2322998047,27144,27154,10
13.026049614,80.2315826416,27154,27164,10
13.0257997513,80.2307434082,27164,27174,10
13.0252399445,80.2298202515,27174,27184,10
13.024600029,80.2290115356,27184,27194,10
13.0239095688,80.228187561,27194,27215,21
13.0239095688,80.228187561,27215,27225,10
13.0238199234,80.2280578613,27225,27235,10
13.0235996246,80.2278289795,27235,27245,10
13.0232601166,80.2274780273,27245,27254,9
13.0228300095,80.2270584106,27254,27265,11
13.0224199295,80.2266769409,27265,27275,10
13.0219802856,80.226272583,27275,27285,10
13.0214004517,80.2258377075,27285,27295,10
13.0207395554,80.2253417969,27295,27305,10
13.0201702118,80.2249908447,27305,27315,10
13.019610405,80.2246704102,27315,27326,11
13.0188503265,80.2245483398,27326,27336,10
13.0180397034,80.2248306274,27336,27346,10
13.0171804428,80.225189209,27346,27356,10
13.016500473,80.225479126,27356,27366,10
13.0159702301,80.2256469727,27366,27376,10
13.015370369,80.2258834839,27376,27385,9
13.0143699646,80.2262878418,27385,27406,21
13.0143699646,80.2262878418,27406,27416,10
13.0143299103,80.2263183594,27416,27426,10
13.013999939,80.2264404297,27426,27437,11
13.0133800507,80.2266769409,27437,27447,10
13.0126399994,80.2269592285,27447,27457,10
13.0117998123,80.2272720337,27457,27467,10
13.0108699799,80.2276382446,27467,27477,10
13.0099000931,80.2280273438,27477,27487,10
13.0091695786,80.2285614014,27487,27497,10
13.0089597702,80.2295227051,27497,27507,10
13.0087604523,80.2305908203,27507,27517,10
13.0085496902,80.2317276001,27517,27527,10
13.0083503723,80.2328033447,27527,27537,10
13.0082902908,80.2334518433,27537,27548,11
13.0082798004,80.2334899902,27548,27558,10
13.0082197189,80.2336425781,27558,27568,10
13.0081501007,80.2339477539,27568,27578,10
13.0080604553,80.2344818115,27578,27588,10
13.0079097748,80.2351989746,27588,27598,10
13.0077400208,80.2361221313,27598,27608,10
13.0075397491,80.237159729,27608,27618,10
13.0073404312,80.2381210327,27618,27628,10
13.0071802139,80.238899231,27628,27638,10
13.0070199966,80.2397232056,27638,27648,10
13.0068798065,80.2404632568,27648,27659,11
13.0068597794,80.2406234741,27659,27669,10
13.0068302155,80.2406997681,27669,27679,10
13.0067796707,80.241027832,27679,27689,10
13.0067596436,80.2416229248,27689,27699,10
13.0067396164,80.2422485352,27699,27709,10
13.0067396164,80.2427215576,27709,27719,10
13.0067195892,80.243057251,27719,27729,10
13.0067195892,80.2434234619,27729,27739,10
13.0067100525,80.2438201904,27739,27749,10
13.0066995621,80.2443618774,27749,27759,10
13.0066900253,80.2446975708,27759,27770,11
13.0067195892,80.2451019287,27770,27790,20
13.0067195892,80.2451019287,27790,27806,16
13.0068101883,80.245262146,27806,27818,12
13.0067796707,80.2453918457,27818,27826,8
13.0067501068,80.2455291748,27826,27838,12
13.0067501068,80.2460632324,27838,27848,10
13.0067596436,80.2466583252,27848,27858,10
13.0067596436,80.2472915649,27858,27868,10
13.0067501068,80.2480163574,27868,27879,11
13.0068101883,80.2489700317,27879,27889,10
13.0068902969,80.2496414185,27889,27900,11
13.0068998337,80.2496414185,27900,27910,10
13.0068902969,80.2497787476,27910,27920,10
13.0068597794,80.2502593994,27920,27930,10
13.0068597794,80.2509765625,27930,27940,10
13.0067501068,80.2518234253,27940,27950,10
13.0065803528,80.2527694702,27950,27960,10
13.0065803528,80.2535934448,27960,27970,10
13.0066003799,80.2544708252,27970,27981,11
13.0066404343,80.2547531128,27981,27991,10
13.0066299438,80.2549819946,27991,28001,10
13.0066299438,80.2554702759,28001,28011,10
13.0066299438,80.2561721802,28011,28021,10
13.0066404343,80.2568664551,28021,28031,10
13.0066900253,80.2571411133,28031,28041,10
13.006770134,80.2574234009,28041,28051,10
13.0063800812,80.2575912476,28051,28100,49
13.005979538,80.2575302124,28100,28120,20
13.0057897568,80.2574310303,28120,28140,20
13.0057897568,80.2574310303,28140,28150,10
13.0055799484,80.2574462891,28150,28160,10
13.0053701401,80.2573699951,28160,28170,10
13.0051002502,80.257270813,28170,28180,10
13.0045204163,80.2571716309,28180,28190,10
13.0038995743,80.2570114136,28190,28200,10
13.0034799576,80.256942749,28200,28211,11
13.0033302307,80.2568893433,28211,28221,10
13.0030202866,80.2568206787,28221,28231,10
13.0026102066,80.2567520142,28231,28241,10
13.0020399094,80.2566680908,28241,28251,10
13.00137043,80.2565994263,28251,28261,10
13.0006198883,80.2564620972,28261,28271,10
12.999879837,80.2563476563,28271,28280,9
12.999329567,80.2562332153,28280,28291,11
12.9989700317,80.2561416626,28291,28300,9
12.998749733,80.2561187744,28300,28312,12
12.9983701706,80.2560806274,28312,28322,10
12.9981002808,80.2560577393,28322,28332,10
12.9980697632,80.2560501099,28332,28342,10
12.997879982,80.2559967041,28342,28352,10
12.9974298477,80.2559814453,28352,28361,9
12.9969797134,80.2560195923,28361,28372,11
12.9968900681,80.2565078735,28372,28381,9
12.9968395233,80.2571182251,28381,28391,10
12.9967603683,80.2578964233,28391,28402,11
12.9966602325,80.2588882446,28402,28412,10
12.9965696335,80.2597503662,28412,28423,11
12.9965000153,80.2605285645,28423,28433,10
12.9964199066,80.2611236572,28433,28443,10
12.9963502884,80.2618408203,28443,28453,10
12.9962596893,80.2624130249,28453,28463,10
12.9962596893,80.2624969482,28463,28473,10
12.9962396622,80.2627410889,28473,28483,10
12.9961900711,80.2632522583,28483,28493,10
12.9961204529,80.2639465332,28493,28503,10
12.9960298538,80.2648010254,28503,28513,10
12.9959096909,80.2657699585,28513,28523,10
12.9957895279,80.2668304443,28523,28534,11
12.9958095551,80.2676925659,28534,28544,10
12.9961996078,80.2677230835,28544,28554,10
12.9962100983,80.2677078247,28554,28564,10
12.9964504242,80.2677688599,28564,28574,10
12.9970197678,80.2677230835,28574,28584,10
12.9977502823,80.2674865723,28584,28594,10
12.9986095428,80.2672424316,28594,28604,10
12.9995002747,80.266960144,28604,28614,10
13.0000896454,80.2666320801,28614,28624,10
13.000120163,80.2665176392,28624,28634,10
13.0001497269,80.2664337158,28634,28645,11
13.0002002716,80.2660598755,28645,28655,10
13.0002403259,80.2657699585,28655,28665,10
13.0003595352,80.2656936646,28665,28897,232
13.0003795624,80.2659988403,28897,30128,1231
13.0003795624,80.2659988403,30128,30138,10
13.0003404617,80.2660064697,30138,30725,587
13.0003404617,80.2660064697,30725,30736,11
13.0003595352,80.2662734985,30736,30766,30
13.0003595352,80.2662734985,30766,30776,10
13.0003499985,80.2663726807,30776,30786,10
13.0003404617,80.2665634155,30786,30796,10
13.0002298355,80.2668380737,30796,30806,10
12.9998598099,80.2669372559,30806,30816,10
12.9993600845,80.2670898438,30816,30826,10
12.9988298416,80.2672576904,30826,30836,10
12.9984197617,80.2673721313,30836,30847,11
12.9978504181,80.267539978,30847,30857,10
12.9973297119,80.2677001953,30857,30867,10
12.9967803955,80.2678222656,30867,30877,10
12.9960603714,80.2677764893,30877,30887,10
12.9956598282,80.2672805786,30887,30907,20
12.9956598282,80.2672805786,30907,30917,10
12.9956798553,80.2672271729,30917,30927,10
12.9957504272,80.2668991089,30927,30937,10
12.9957895279,80.2663421631,30937,30948,11
12.9958496094,80.2657165527,30948,30958,10
12.9959201813,80.2650909424,30958,30968,10
12.9960203171,80.2644195557,30968,30978,10
12.9960899353,80.263710022,30978,30988,10
12.9961700439,80.2630004883,30988,30998,10
12.9961996078,80.2625732422,30998,31018,20
12.9961996078,80.2625732422,31018,31028,10
12.996219635,80.2623672485,31028,31038,10
12.9962596893,80.2619934082,31038,31048,10
12.9963302612,80.2615432739,31048,31059,11
12.9963998795,80.2608718872,31059,31069,10
12.9964799881,80.2602615356,31069,31079,10
12.9965400696,80.2596435547,31079,31089,10
12.9966001511,80.2589569092,31089,31099,10
12.9966802597,80.2582626343,31099,31109,10
12.9967498779,80.257522583,31109,31119,10
12.9968204498,80.2569122314,31119,31129,10
12.9968395233,80.256439209,31129,31139,10
12.9968900681,80.2561416626,31139,31149,10
12.997130394,80.255859375,31149,31159,10
12.9976196289,80.2558898926,31159,31170,11
12.9982995987,80.2559585571,31170,31180,10
12.9987401962,80.2559814453,31180,31210,30
12.9987401962,80.2559814453,31210,31220,10
12.9988698959,80.2560501099,31220,31230,10
12.9992303848,80.2561264038,31230,31240,10
12.9996900558,80.2562026978,31240,31250,10
13.0003404617,80.2563018799,31250,31260,10
13.0010004044,80.256401062,31260,31269,9
13.0015602112,80.2565231323,31269,31281,12
13.0024003983,80.2566375732,31281,31291,10
13.0031204224,80.2567825317,31291,31301,10
13.0038795471,80.256942749,31301,31311,10
13.0046796799,80.2570877075,31311,31321,10
13.0054397583,80.2572097778,31321,31331,10
13.0060100555,80.2573318481,31331,31341,10
13.0065202713,80.257270813,31341,31351,10
13.0065002441,80.2568130493,31351,31361,10
13.0065202713,80.256149292,31361,31371,10
13.0065002441,80.2553634644,31371,31381,10
13.0065097809,80.2545471191,31381,31398,17
13.0064697266,80.2535018921,31398,31410,12
13.0064697266,80.25340271,31410,31420,10
13.006480217,80.2530822754,31420,31430,10
13.0065202713,80.2524490356,31430,31439,9
13.0065898895,80.2520217896,31439,31511,72
13.0065898895,80.2520217896,31511,31521,10
13.0066900253,80.2516784668,31521,31531,10
13.0067596436,80.251083374,31531,31541,10
13.0067396164,80.250289917,31541,31551,10
13.0066995621,80.249458313,31551,31561,10
13.0066699982,80.2490081787,31561,31591,30
13.0066699982,80.2490081787,31591,31601,10
13.0066604614,80.2488937378,31601,31692,91
13.0066604614,80.2488937378,31692,31702,10
13.0066604614,80.2486572266,31702,31712,10
13.0066299438,80.2484283447,31712,31723,11
13.0066003799,80.2479171753,31723,31733,10
13.0066099167,80.2473678589,31733,31743,10
13.0065803528,80.2467880249,31743,31753,10
13.0065402985,80.2466812134,31753,31763,10
13.0065402985,80.2465515137,31763,31773,10
13.0065803528,80.2462005615,31773,31783,10
13.0065603256,80.2459182739,31783,31793,10
13.0065603256,80.2456588745,31793,31803,10
13.0065803528,80.2453994751,31803,31813,10
13.0065603256,80.2451629639,31813,31823,10
13.0065498352,80.2448883057,31823,31834,11
13.0065603256,80.2448577881,31834,31843,9
13.0065803528,80.2446212769,31843,31854,11
13.0065803528,80.2443771362,31854,31864,10
13.0065603256,80.2441101074,31864,31874,10
13.0065603256,80.2437362671,31874,31884,10
13.0065402985,80.2432785034,31884,31894,10
13.0065402985,80.2426376343,31894,31904,10
13.006529808,80.2418899536,31904,31914,10
13.0065498352,80.2414016724,31914,31924,10
13.0066003799,80.241027832,31924,31934,10
13.0066900253,80.2404937744,31934,31945,11
13.0068702698,80.2397613525,31945,31955,10
13.0070104599,80.2389373779,31955,31965,10
13.0071697235,80.2381591797,31965,31975,10
13.0073404312,80.237411499,31975,31985,10
13.0074100494,80.2367935181,31985,31995,10
13.0074300766,80.2366714478,31995,32005,10
13.0074596405,80.2365570068,32005,32015,10
13.0075702667,80.2361984253,32015,32025,10
13.0077199936,80.2356185913,32025,32035,10
13.0078802109,80.2349014282,32035,32045,10
13.0080299377,80.2340774536,32045,32056,11
13.0082397461,80.2329864502,32056,32066,10
13.0084600449,80.231842041,32066,32076,10
13.0086803436,80.2306900024,32076,32086,10
13.0089197159,80.2295379639,32086,32096,10
13.0091295242,80.228477478,32096,32106,10
13.009469986,80.2275238037,32106,32116,10
13.0099096298,80.2265625,32116,32126,10
13.0103397369,80.2256774902,32126,32136,10
13.0106897354,80.2249603271,32136,32146,10
13.0109195709,80.2244262695,32146,32156,10
13.0109996796,80.224319458,32156,32167,11
13.0111198425,80.2240066528,32167,32177,10
13.011300087,80.2234725952,32177,32187,10
13.0115804672,80.2228164673,32187,32197,10
13.0118703842,80.2220001221,32197,32207,10
13.0121898651,80.2213821411,32207,32217,10
13.0123796463,80.2214508057,32217,32227,10
13.0126199722,80.2218170166,32227,32237,10
13.0130596161,80.2223434448,32237,32247,10
13.0135202408,80.2228622437,32247,32257,10
13.0140199661,80.2233200073,32257,32267,10
13.0143098831,80.2236022949,32267,32284,17
13.015130043,80.2246780396,32284,32316,32
13.015130043,80.2246780396,32316,32326,10
13.0153503418,80.2249984741,32326,32336,10
13.015540123,80.2250976563,32336,32346,10
13.0156602859,80.2251815796,32346,32356,10
13.0160999298,80.2253417969,32356,32366,10
13.0167598724,80.225227356,32366,32375,9
13.0173902512,80.2249908447,32375,32387,12
13.018289566,80.224609375,32387,32397,10
13.0191898346,80.2242965698,32397,32437,40
13.0191898346,80.2242965698,32437,32447,10
13.0193099976,80.224281311,32447,32457,10
13.0195302963,80.224357605,32457,32467,10
13.0197200775,80.2245025635,32467,32477,10
13.0199699402,80.2246704102,32477,32487,10
13.0203504562,80.2249679565,32487,32498,11
13.0208702087,80.2253189087,32498,32508,10
13.0212001801,80.2256164551,32508,32518,10
13.0216903687,80.2259674072,32518,32528,10
13.0221996307,80.2263793945,32528,32544,16
13.0229301453,80.2270202637,32544,32556,12
13.023059845,80.2272186279,32556,32566,10
13.0232000351,80.2273712158,32566,32576,10
13.0234203339,80.2275619507,32576,32586,10
13.0238304138,80.2279129028,32586,32596,10
13.0242099762,80.228302002,32596,32627,31
13.0242099762,80.228302002,32627,32637,10
13.024310112,80.2283935547,32637,32646,9
13.0244598389,80.2285919189,32646,32656,10
13.0246095657,80.2288131714,32656,32667,11
13.024769783,80.2290267944,32667,32677,10
13.024889946,80.2292022705,32677,32687,10
13.0251903534,80.2295532227,32687,32697,10
13.0255002975,80.2299575806,32697,32707,10
13.0257196426,80.2302703857,32707,32718,11
13.0258798599,80.2306213379,32718,32727,9
13.0259399414,80.230796814,32727,32738,11
13.0260000229,80.2310562134,32738,32748,10
13.0261096954,80.2313537598,32748,32758,10
13.0265798569,80.2312088013,32758,32768,10
13.0272798538,80.2310409546,32768,32778,10
13.0280199051,80.2309417725,32778,32788,10
13.0284700394,80.2309112549,32788,32798,10
13.0285196304,80.2309112549,32798,32808,10
13.0287399292,80.2308731079,32808,32818,10
13.0294103622,80.230796814,32818,32889,71
13.0294103622,80.230796814,32889,32899,10
13.0297803879,80.230758667,32899,32909,10
13.030380249,80.2307128906,32909,32919,10
13.0307102203,80.2305984497,32919,32929,10
13.0306301117,80.2303237915,32929,32940,11
13.030500412,80.229888916,32940,32950,10
13.0302600861,80.2292098999,32950,32960,10
13.0302801132,80.2287826538,32960,32970,10
13.0303401947,80.2284317017,32970,32980,10
13.0303697586,80.2283325195,32980,32990,10
13.0303897858,80.2280807495,32990,33000,10
13.0304298401,80.2277374268,33000,33010,10
13.0302696228,80.2275009155,33010,33020,10
13.0297403336,80.2274093628,33020,33030,10
13.0291004181,80.2272796631,33030,33040,10
13.0284700394,80.2271728516,33040,33051,11
13.0280504227,80.2270431519,33051,33061,10
13.0279302597,80.2267913818,33061,33071,10
13.0280199051,80.2263412476,33071,33081,10
13.0281400681,80.2257232666,33081,33091,10
13.0282897949,80.2249221802,33091,33101,10
13.0284404755,80.2241973877,33101,33111,10
13.0286502838,80.223991394,33111,33121,10
13.0287303925,80.2239837646,33121,33131,10
13.0288000107,80.223991394,33131,33147,16
13.0292701721,80.2242584229,33147,33160,13
13.0299596786,80.2242584229,33160,33170,10
13.0304603577,80.224281311,33170,33180,10
13.0311203003,80.2242736816,33180,33190,10
13.0311899185,80.2238769531,33190,33200,10
13.0311803818,80.2233963013,33200,33210,10
13.0311899185,80.2232589722,33210,33220,10
13.0312099457,80.2230377197,33220,33230,10
13.0313596725,80.222618103,33230,33241,11
13.0315599442,80.2222671509,33241,33251,10
13.0316495895,80.2220611572,33251,33261,10
13.0318498611,80.2216567993,33261,33272,11
13.0320196152,80.2210693359,33272,33282,10
13.0321397781,80.2203292847,33282,33292,10
13.0321502686,80.2198104858,33292,33302,10
13.0321702957,80.2197494507,33302,33312,10
13.0322399139,80.2196884155,33312,33322,10
13.0322303772,80.2193527222,33322,33332,10
13.03221035,80.2188796997,33332,33342,10
13.0319004059,80.21849823,33342,33352,10
13.0314903259,80.2181930542,33352,33362,10
13.0314397812,80.2175369263,33362,33372,10
13.031370163,80.2171478271,33372,33383,11
13.0311899185,80.2170333862,33383,33393,10
13.0308198929,80.2169876099,33393,33403,10
13.0304698944,80.2168121338,33403,33413,10
13.0304498672,80.2167129517,33413,33423,10
13.0304298401,80.216506958,33423,33433,10
13.0304098129,80.2161636353,33433,33443,10
13.0303401947,80.2154083252,33443,33453,10
13.0303096771,80.2147903442,33453,33463,10
13.0303497314,80.2145614624,33463,33473,10
13.0304002762,80.2143173218,33473,33484,11
13.0304803848,80.2138977051,33484,33494,10
13.0305204391,80.2136001587,33494,33504,10
13.0305595398,80.2133712769,33504,33514,10
13.0306100845,80.2129364014,33514,33524,10
13.0306797028,80.2123031616,33524,33534,10
13.0307598114,80.211769104,33534,33544,10
13.030790329,80.2115325928,33544,33554,10
13.03083992,80.2111587524,33554,33564,10
13.0308704376,80.2109375,33564,33574,10
13.0309200287,80.2105102539,33574,33584,10
13.030960083,80.2101974487,33584,33595,11
13.0308504105,80.2100601196,33595,33605,10
13.0306196213,80.2099609375,33605,33615,10
13.0301799774,80.2098007202,33615,33625,10
13.0301198959,80.2093429565,33625,33675,50
13.0301198959,80.2093429565,33675,33685,10
13.0304803848,80.2090682983,33685,33695,10
13.0311098099,80.2092514038,33695,33706,11
13.0316696167,80.2093887329,33706,33716,10
13.0316896439,80.2093887329,33716,33726,10
13.0320196152,80.2095413208,33726,33736,10
13.0326004028,80.2096176147,33736,33746,10
13.0332603455,80.2097320557,33746,33756,10
13.0340003967,80.2098388672,33756,33766,10
13.0347604752,80.2099380493,33766,33776,10
13.0351295471,80.2096633911,33776,33786,10
13.0352201462,80.2090911865,33786,33795,9
13.0352602005,80.2087631226,33795,33805,10
13.0352602005,80.208732605,33805,33817,12
13.0352497101,80.2086105347,33817,33827,10
13.035320282,80.2082138062,33827,33837,10
13.0354204178,80.2075881958,33837,33847,10
13.0355396271,80.2068405151,33847,33857,10
13.0356302261,80.206161499,33857,33867,10
13.0354795456,80.2059326172,33867,33877,10
13.0355195999,80.2055892944,33877,33887,10
13.0355701447,80.2052993774,33887,33897,10
13.0357198715,80.2052001953,33897,33907,10
13.0358400345,80.2049102783,33907,33917,10
13.0358800888,80.204460144,33917,33927,10
13.0359096527,80.2041625977,33927,33938,11
13.0359201431,80.2041015625,33938,33948,10
13.0360097885,80.2037200928,33948,33964,16
13.0361499786,80.2027816772,33964,33976,12
13.0362501144,80.2019195557,33976,33986,10
13.0362796783,80.2015762329,33986,33996,10
13.0362701416,80.201461792,33996,34006,10
13.0363397598,80.2012634277,34006,34016,10
13.0364103317,80.2008132935,34016,34026,10
13.0364999771,80.2001495361,34026,34036,10
13.0365800858,80.1993789673,34036,34047,11
13.0366401672,80.1985931396,34047,34057,10
13.0366897583,80.198387146,34057,34067,10
13.0367298126,80.1983184814,34067,34077,10
13.0368099213,80.1979827881,34077,34086,9
13.0368795395,80.1975631714,34086,34097,11
13.0369796753,80.1969528198,34097,34107,10
13.0370597839,80.1963806152,34107,34117,10
13.0370597839,80.1963424683,34117,34127,10
13.0370702744,80.1961288452,34127,34137,10
13.0371398926,80.1957473755,34137,34148,11
13.0372400284,80.1951217651,34148,34158,10
13.0373497009,80.1944198608,34158,34168,10
13.0374603271,80.1936187744,34168,34178,10
13.0375204086,80.1930770874,34178,34188,10
13.0375299454,80.1930007935,34188,34198,10
13.0376396179,80.1928329468,34198,34208,10
13.0376996994,80.1928024292,34208,34218,10
13.0377998352,80.1927719116,34218,34228,10
13.0381498337,80.1927566528,34228,34238,10
13.0386400223,80.192817688,34238,34248,10
13.0387496948,80.1928405762,34248,34258,10
13.038860321,80.1928482056,34258,34269,11
13.0392398834,80.1929397583,34269,34285,16
13.0400495529,80.193069458,34285,34297,12
13.0408201218,80.1931762695,34297,34307,10
13.041469574,80.1932678223,34307,34317,10
13.0418195724,80.1934814453,34317,34327,10
13.0417995453,80.1938781738,34327,34337,10
13.0417995453,80.193977356,34337,34347,10
13.0417404175,80.1944580078,34347,34357,10
13.0416603088,80.1951370239,34357,34367,10
13.0415496826,80.1959228516,34367,34378,11
13.041469574,80.1964035034,34378,34387,9
13.0414400101,80.1967163086,34387,34398,11
13.0414400101,80.1968307495,34398,34408,10
13.0413703918,80.1972732544,34408,34418,10
13.0412902832,80.1978988647,34418,34428,10
13.041179657,80.1985397339,34428,34438,10
13.0411100388,80.199180603,34438,34448,10
13.0410900116,80.1993408203,34448,34458,10
13.0410499573,80.1996002197,34458,34468,10
13.0409698486,80.2001190186,34468,34478,10
13.0408601761,80.2008209229,34478,34489,11
13.0407400131,80.2016677856,34489,34499,10
13.0406599045,80.2021026611,34499,34509,10
13.0405902863,80.2026290894,34509,34525,16
13.0404100418,80.2037963867,34525,34537,12
13.040309906,80.204460144,34537,34547,10
13.0402498245,80.204826355,34547,34557,10
13.040430069,80.205039978,34557,34567,10
13.0408000946,80.2050933838,34567,34575,8
13.0411701202,80.2051391602,34575,34597,22
13.0411701202,80.2051391602,34597,34608,11
13.0415000916,80.2052307129,34608,34618,10
13.0420398712,80.2052993774,34618,34628,10
13.0426197052,80.2054367065,34628,34638,10
13.0429201126,80.2058868408,34638,34647,9
13.0432195663,80.2063293457,34647,34658,11
13.0436401367,80.2069168091,34658,34668,10
13.0439395905,80.2074203491,34668,34678,10
13.0440998077,80.2080383301,34678,34688,10
13.0441799164,80.2089080811,34688,34709,21
13.0441799164,80.2089080811,34709,34719,10
13.044210434,80.2092590332,34719,34729,10
13.0442304611,80.2097396851,34729,34739,10
13.0442800522,80.2105026245,34739,34749,10
13.0443096161,80.2113113403,34749,34759,10
13.0443696976,80.2119522095,34759,34789,30
13.0443696976,80.2119522095,34789,34799,10
13.0441398621,80.2121582031,34799,34860,61
13.0441398621,80.2121582031,34860,34870,10
13.044260025,80.2121429443,34870,34880,10
13.044549942,80.2122879028,34880,34890,10
13.0451803207,80.2122268677,34890,34900,10
13.0459403992,80.2121582031,34900,34910,10
13.0470104218,80.212097168,34910,34931,21
13.0470504761,80.2119369507,34931,34951,20
13.0470504761,80.2119369507,34951,34961,10
13.0470304489,80.2116470337,34961,34971,10
13.0470199585,80.2111663818,34971,34981,10
13.0470600128,80.2107467651,34981,34991,10
13.0475301743,80.2107391357,34991,35001,10
13.04804039,80.2107696533,35001,35011,10
13.0485601425,80.2107772827,35011,35021,10
13.0492601395,80.2108078003,35021,35042,21
13.0492601395,80.2108078003,35042,35052,10
13.0496101379,80.2108078003,35052,35062,10
13.0497102737,80.2105865479,35062,35072,10
13.0496797562,80.2100601196,35072,35088,16
13.0495595932,80.2090072632,35088,35100,12
13.0494499207,80.208366394,35100,35110,10
13.0491199493,80.207649231,35110,35120,10
13.0489196777,80.2071762085,35120,35151,31
13.0489196777,80.2071762085,35151,35161,10
13.0488796234,80.2069091797,35161,35171,10
13.0490198135,80.206817627,35171,35181,10
13.0491895676,80.206817627,35181,35191,10
13.0493202209,80.206817627,35191,35202,11
13.0494003296,80.2069396973,35202,35212,10
13.0493297577,80.2071762085,35212,35757,545
13.0493297577,80.2071762085,35757,35767,10
13.0492601395,80.2073669434,35767,35777,10
13.0492296219,80.207359314,35777,35787,10
13.0491504669,80.2074127197,35787,35797,10
13.049200058,80.2077026367,35797,35808,11
13.0493202209,80.2081069946,35808,35818,10
13.0494003296,80.2084274292,35818,35828,10
13.0494403839,80.2086486816,35828,35838,10
13.0495100021,80.2088699341,35838,35848,10
13.0496196747,80.2092819214,35848,35858,10
13.0497198105,80.2098007202,35858,35868,10
13.0497598648,80.2102432251,35868,35965,97
13.0497598648,80.2102432251,35965,35977,12
13.049779892,80.2105712891,35977,35985,8
13.0497999191,80.2108306885,35985,35996,11
13.0498800278,80.2113571167,35996,36007,11
13.0499000549,80.2116470337,36007,36017,10
13.0499401093,80.2119369507,36017,36028,11
13.0499401093,80.2120437622,36028,36038,10
13.0497703552,80.2121887207,36038,36048,10
13.0492696762,80.2121963501,36048,36068,20
13.0492696762,80.2121963501,36068,36078,10
13.0489997864,80.2121887207,36078,36089,11
13.0484104156,80.2122268677,36089,36099,10
13.0475301743,80.2122879028,36099,36109,10
13.0465602875,80.2123184204,36109,36119,10
13.0456600189,80.2123413086,36119,36128,9
13.0451202393,80.2124023438,36128,36150,22
13.0451202393,80.2124023438,36150,36160,10
13.0449104309,80.2124099731,36160,36170,10
13.0447101593,80.2124176025,36170,36180,10
13.0444602966,80.2124099731,36180,36190,10
13.0442399979,80.2120437622,36190,36200,10
13.0442304611,80.2113113403,36200,36210,10
13.0442199707,80.2106170654,36210,36220,10
13.0441598892,80.2102584839,36220,36230,10
13.0441598892,80.2096862793,36230,36240,10
13.0440998077,80.2088394165,36240,36261,21
13.0440998077,80.2088394165,36261,36271,10
13.0440998077,80.2085571289,36271,36281,10
13.044090271,80.2080383301,36281,36291,10
13.0439100266,80.2074127197,36291,36301,10
13.043510437,80.206817627,36301,36311,10
13.0430402756,80.206161499,36311,36321,10
13.0424900055,80.2055206299,36321,36331,10
13.0417699814,80.2052688599,36331,36341,10
13.0411996841,80.2052001953,36341,36351,10
13.0409097672,80.2051467896,36351,36362,11
13.0408296585,80.2051391602,36362,36372,10
13.0405101776,80.2050933838,36372,36382,10
13.0401000977,80.2050476074,36382,36392,10
13.0395202637,80.2049636841,36392,36408,16
13.0385704041,80.2048110962,36408,36420,12
13.0381698608,80.2045211792,36420,36428,8
13.038189888,80.2041931152,36428,36440,12
13.0382900238,80.2035903931,36440,36450,10
13.0383901596,80.2028808594,36450,36460,10
13.038479805,80.2022705078,36460,36471,11
13.0385303497,80.2018814087,36471,36481,10
13.0385303497,80.2018508911,36481,36491,10
13.0385103226,80.2016677856,36491,36501,10
13.0385704041,80.2014465332,36501,36511,10
13.0386400223,80.2010574341,36511,36520,9
13.0387096405,80.2005386353,36520,36531,11
13.038769722,80.2001190186,36531,36541,10
13.0388202667,80.199836731,36541,36551,10
13.0388803482,80.1994628906,36551,36561,10
13.0389204025,80.1992263794,36561,36582,21
13.0389204025,80.1992263794,36582,36592,10
13.0389604568,80.1989364624,36592,36602,10
13.0390100479,80.1985015869,36602,36612,10
13.0391197205,80.197883606,36612,36622,10
13.0391998291,80.1973419189,36622,36632,10
13.0392398834,80.1969070435,36632,36642,10
13.0392599106,80.1967926025,36642,36652,10
13.0392799377,80.1964874268,36652,36662,10
13.0393400192,80.1961669922,36662,36672,10
13.0394201279,80.1956863403,36672,36681,9
13.0395002365,80.1950531006,36681,36693,12
13.0396099091,80.1942367554,36693,36703,10
13.0397195816,80.1936264038,36703,36713,10
13.0397596359,80.1931610107,36713,36733,20
13.0397596359,80.1931610107,36733,36743,10
13.0394802094,80.1930007935,36743,36753,10
13.039059639,80.1929168701,36753,36763,10
13.038649559,80.1928482056,36763,36773,10
13.0386400223,80.1928482056,36773,36783,10
13.0384998322,80.192817688,36783,36793,10
13.0381097794,80.192779541,36793,36804,11
13.0376996994,80.1929702759,36804,36814,10
13.0375995636,80.193572998,36814,36824,10
13.0375003815,80.1942672729,36824,36834,10
13.0373802185,80.1950912476,36834,36843,9
13.0372800827,80.1957778931,36843,36854,11
13.0372600555,80.1959533691,36854,36864,10
13.037229538,80.1961593628,36864,36874,10
13.0371599197,80.1965637207,36874,36884,10
13.0370798111,80.1971511841,36884,36894,10
13.0369796753,80.1977462769,36894,36904,10
13.0368795395,80.1985702515,36904,36925,21
13.0368795395,80.1985702515,36925,36935,10
13.036860466,80.1987380981,36935,36945,10
13.0368003845,80.1991271973,36945,36955,10
13.0366897583,80.19972229,36955,36965,10
13.0365695953,80.2004318237,36965,36975,10
13.03647995,80.2010726929,36975,36985,10
13.0364198685,80.2016372681,36985,37005,20
13.0364198685,80.2016372681,37005,37015,10
13.036359787,80.2019424438,37015,37026,11
13.0362796783,80.2024688721,37026,37036,10
13.0361795425,80.2031707764,37036,37046,10
13.0360898972,80.2038879395,37046,37056,10
13.0360097885,80.2044906616,37056,37066,10
13.0359201431,80.205039978,37066,37076,10
13.0358400345,80.2056427002,37076,37086,10
13.0357999802,80.2058334351,37086,37096,10
13.0357398987,80.2061691284,37096,37106,10
13.03565979,80.2067184448,37106,37116,10
13.0355501175,80.2074508667,37116,37126,10
13.035490036,80.2080688477,37126,37137,11
13.0354404449,80.2083587646,37137,37147,10
13.0354299545,80.2083892822,37147,37157,10
13.0353803635,80.2085037231,37157,37167,10
13.0353403091,80.2088394165,37167,37177,10
13.0352602005,80.2093963623,37177,37187,10
13.0351696014,80.2099990845,37187,37197,10
13.0350103378,80.2104568481,37197,37207,10
13.0348997116,80.2110366821,37207,37217,10
13.0347900391,80.2117462158,37217,37227,10
13.0346698761,80.2120819092,37227,37237,10
13.0341901779,80.2120819092,37237,37248,11
13.0334796906,80.2119827271,37248,37258,10
13.0328397751,80.2119369507,37258,37268,10
13.032500267,80.2119216919,37268,37278,10
13.032500267,80.2119293213,37278,37288,10
13.0322599411,80.2118835449,37288,37298,10
13.0319700241,80.2117767334,37298,37308,10
13.0319099426,80.2113494873,37308,37318,10
13.031999588,80.2107009888,37318,37328,10
13.0320796967,80.2100524902,37328,37338,10
13.0319795609,80.2096405029,37338,37348,10
13.0315303802,80.209487915,37348,37359,11
13.0307998657,80.2093200684,37359,37369,10
13.0303096771,80.209197998,37369,37379,10
13.0301599503,80.2092590332,37379,37389,10
13.0300798416,80.2095794678,37389,37409,20
13.0300798416,80.2095794678,37409,37419,10
13.0300397873,80.2096862793,37419,37429,10
13.0303096771,80.2098236084,37429,37439,10
13.0307798386,80.2099380493,37439,37449,10
13.0309801102,80.2100296021,37449,37460,11
13.0309801102,80.2102584839,37460,37470,10
13.0309400558,80.2107009888,37470,37480,10
13.0309095383,80.2110366821,37480,37490,10
13.0308599472,80.2113189697,37490,37500,10
13.0308103561,80.2116394043,37500,37510,10
13.0307397842,80.2119827271,37510,37520,10
13.0306596756,80.2125778198,37520,37530,10
13.0305700302,80.2132492065,37530,37540,10
13.0305204391,80.2135772705,37540,37550,10
13.0304899216,80.2138366699,37550,37560,10
13.0304298401,80.2142791748,37560,37571,11
13.030380249,80.2146911621,37571,37581,10
13.0303697586,80.2146911621,37581,37591,10
13.0303497314,80.21484375,37591,37601,10
13.0303602219,80.2151489258,37601,37611,10
13.0304002762,80.2157821655,37611,37621,10
13.0304498672,80.2163696289,37621,37631,10
13.0304899216,80.2167510986,37631,37641,10
13.0307102203,80.2168884277,37641,37651,10
13.0307197571,80.2168884277,37651,37661,10
13.0310001373,80.2169418335,37661,37671,10
13.0313100815,80.2169265747,37671,37682,11
13.0314998627,80.2172012329,37682,37692,10
13.0315504074,80.2177810669,37692,37702,10
13.0317697525,80.2183609009,37702,37712,10
13.0322303772,80.2184677124,37712,37722,10
13.0322599411,80.218963623,37722,37732,10
13.0322504044,80.2194824219,37732,37742,10
13.0322704315,80.2200393677,37742,37752,10
13.0322399139,80.2203292847,37752,37763,11
13.0321798325,80.2203826904,37763,37773,10
13.0320796967,80.2207870483,37773,37783,10
13.0319499969,80.2213897705,37783,37795,12
13.0316495895,80.2220611572,37795,37805,10
13.0314102173,80.2225799561,37805,37815,10
13.0312204361,80.2231521606,37815,37825,10
13.0311803818,80.2237930298,37825,37835,10
13.0311803818,80.2239837646,37835,37845,10
13.0310201645,80.224281311,37845,37855,10
13.030500412,80.224281311,37855,37865,10
13.0297803879,80.224281311,37865,37875,10
13.0291404724,80.2242965698,37875,37885,10
13.0289802551,80.2242279053,37885,37895,10
13.0286998749,80.2240829468,37895,37906,11
13.028459549,80.2242507935,37906,37916,10
13.0283203125,80.2248535156,37916,37926,10
13.0281400681,80.225692749,37926,37936,10
13.0279998779,80.2263717651,37936,37946,10
13.0279302597,80.2268295288,37946,37956,10
13.0280504227,80.2269973755,37956,37966,10
13.0284404755,80.2270812988,37966,37976,10
13.0290403366,80.2272033691,37976,37986,10
13.0297002792,80.2273178101,37986,38002,16
13.0304298401,80.2276535034,38002,38014,12
13.0303897858,80.2279815674,38014,38025,11
13.030380249,80.2281417847,38025,38034,9
13.0303297043,80.2285232544,38034,38045,11
13.0303001404,80.2291793823,38045,38055,10
13.0305595398,80.2298965454,38055,38177,122
13.0305595398,80.2298965454,38177,38187,10
13.0306301117,80.2301101685,38187,38197,10
13.0306797028,80.2303009033,38197,38207,10
13.0307197571,80.2304992676,38207,38217,10
13.0306901932,80.2306976318,38217,38227,10
13.0305204391,80.2307510376,38227,38238,11
13.0297203064,80.2308425903,38238,38258,20
13.0297203064,80.2308425903,38258,38268,10
13.0296001434,80.2308731079,38268,38278,10
13.0292396545,80.2308807373,38278,38288,10
13.0287103653,80.2309188843,38288,38298,10
13.0280399323,80.2309799194,38298,38307,9
13.027680397,80.2310562134,38307,38318,11
13.0277004242,80.2315826416,38318,38369,51
13.0277004242,80.2315826416,38369,38379,10
13.0277204514,80.2317428589,38379,38389,10
13.0277395248,80.2318725586,38389,38399,10
13.0277795792,80.2320709229,38399,38409,10
13.0278196335,80.2323226929,38409,38419,10
13.0278701782,80.2326278687,38419,38429,10
13.0277099609,80.2328033447,38429,38439,10
13.0274496078,80.2328414917,38439,38520,81
13.0274496078,80.2328414917,38520,38530,10
13.0272197723,80.2329788208,38530,38540,10
13.0269603729,80.2329788208,38540,38550,10
13.0267696381,80.2330093384,38550,38560,10
13.02643013,80.2329788208,38560,38571,11
13.0262098312,80.232421875,38571,38581,10
13.0261001587,80.2320327759,38581,38591,10
13.02602005,80.2317276001,38591,38601,10
13.0259304047,80.2313690186,38601,38611,10
13.0257301331,80.2307128906,38611,38621,10
13.0253000259,80.2299728394,38621,38631,10
13.0249795914,80.2295913696,38631,38641,10
13.0248203278,80.2294006348,38641,38651,10
13.0245599747,80.2290725708,38651,38661,10
13.0243797302,80.2288589478,38661,38671,10
13.0242204666,80.2286224365,38671,38682,11
13.0239896774,80.2283630371,38682,38692,10
13.0239601135,80.2283096313,38692,38702,10
13.0236902237,80.2279968262,38702,38712,10
13.0232400894,80.2275390625,38712,38722,10
13.0229101181,80.2272415161,38722,38732,10
13.0224103928,80.2267837524,38732,38742,10
13.0218095779,80.2262420654,38742,38752,10
13.0212202072,80.2257919312,38752,38762,10
13.0208597183,80.225479126,38762,38778,16
13.0202598572,80.2250671387,38778,38791,13
13.0193500519,80.2245483398,38791,38801,10
13.0185403824,80.224609375,38801,38811,10
13.0174598694,80.2250518799,38811,38821,10
13.0169000626,80.2253036499,38821,38831,10
13.0165596008,80.225440979,38831,38841,10
13.0162496567,80.2255401611,38841,38851,10
13.0158195496,80.225692749,38851,38861,10
13.015080452,80.2259902954,38861,38871,10
13.0145196915,80.2262115479,38871,38881,10
13.014380455,80.2262496948,38881,38891,10
13.0143203735,80.2262573242,38891,38902,11
13.0138301849,80.2264480591,38902,38912,10
13.0132198334,80.2266921997,38912,38922,10
13.012550354,80.2269515991,38922,38932,10
13.0118999481,80.2272033691,38932,38942,10
13.0110998154,80.2275619507,38942,38952,10
13.0101995468,80.2279205322,38952,38962,10
13.0094804764,80.2282333374,38962,38972,10
13.0091199875,80.2287979126,38972,38982,10
13.0089302063,80.2296676636,38982,38992,10
13.0087404251,80.2305984497,38992,39002,10
13.0085897446,80.2314834595,39002,39013,11
13.0083999634,80.2325592041,39013,39023,10
13.0082302094,80.2334594727,39023,39033,10
13.0081701279,80.233757019,39033,39043,10
13.008099556,80.2340927124,39043,39053,10
13.0079898834,80.234588623,39053,39063,10
13.0078601837,80.2352523804,39063,39073,10
13.0077600479,80.2358093262,39073,39083,10
13.0076503754,80.2363204956,39083,39093,10
13.0075502396,80.2368392944,39093,39103,10
13.0074396133,80.2373809814,39103,39113,10
13.007349968,80.2378616333,39113,39305,192
13.007349968,80.2378616333,39305,39315,10
13.0072698593,80.2382202148,39315,39325,10
13.007229805,80.2384567261,39325,39335,10
13.0071697235,80.2387619019,39335,39346,11
13.0070695877,80.2392501831,39346,39356,10
13.0070199966,80.2398223877,39356,39436,80
13.0070199966,80.2398223877,39436,39446,10
13.0069599152,80.2401580811,39446,39457,11
13.0068798065,80.2406997681,39457,39467,10
13.0068101883,80.2410583496,39467,39477,10
13.0067796707,80.2413024902,39477,39487,10
13.0067501068,80.2418518066,39487,39497,10
13.0067501068,80.2425537109,39497,39507,10
13.0067195892,80.243057251,39507,39517,10
13.0067195892,80.2432022095,39517,39527,10
13.0067100525,80.2434921265,39527,39537,10
13.0066995621,80.2439880371,39537,39578,41
13.0066995621,80.2439880371,39578,39594,16
13.0067100525,80.2445907593,39594,39607,13
13.0067300797,80.2452163696,39607,39617,10
13.0067596436,80.2457809448,39617,39626,9
13.0067596436,80.2464370728,39626,39637,11
13.0067796707,80.2470169067,39637,39647,10
13.0067396164,80.2478179932,39647,39657,10
13.006770134,80.2486724854,39657,39667,10
13.0068702698,80.2493286133,39667,39677,10
13.0068597794,80.2494277954,39677,39688,11
13.0068597794,80.2498016357,39688,39698,10
13.0068397522,80.2504425049,39698,39708,10
13.0067996979,80.2511825562,39708,39718,10
13.0066404343,80.2519989014,39718,39728,10
13.0065402985,80.2528076172,39728,39739,11
13.0065498352,80.2537536621,39739,39748,9
13.0066099167,80.2546005249,39748,39758,10
13.0066299438,80.255027771,39758,39769,11
13.0066299438,80.2552337646,39769,39779,10
13.0066299438,80.2557678223,39779,39790,11
13.0066299438,80.2566680908,39790,39800,10
13.006649971,80.2574768066,39800,39810,10
13.0061502457,80.2575378418,39810,39820,10
13.0055599213,80.2574005127,39820,39830,10
13.0049600601,80.2572402954,39830,39840,10
13.0042495728,80.2570877075,39840,39850,10
13.0033502579,80.256942749,39850,39890,40
13.0033502579,80.256942749,39890,39901,11
13.0031995773,80.2568969727,39901,39911,10
13.0028400421,80.2568283081,39911,39921,10
13.002289772,80.2567214966,39921,39931,10
13.0017204285,80.2566375732,39931,40001,70
13.0017204285,80.2566375732,40001,40012,11
13.0013799667,80.2566070557,40012,40022,10
13.0008401871,80.2565231323,40022,40032,10
13.0001497269,80.2564086914,40032,40042,10
12.9995002747,80.2562866211,40042,40052,10
12.9987897873,80.2561416626,40052,40062,10
12.9977197647,80.2560424805,40062,40092,30
12.9977197647,80.2560424805,40092,40102,10
12.9976501465,80.2561416626,40102,40112,10
12.9977197647,80.2563400269,40112,40123,11
12.9977998734,80.2567825317,40123,40133,10
12.9976301193,80.257019043,40133,40173,40
12.9975595474,80.2569122314,40173,40345,172
12.9975595474,80.2569122314,40345,40355,10
12.9974498749,80.2568130493,40355,40365,10
12.9975204468,80.2565536499,40365,40375,10
12.9976396561,80.2561569214,40375,40395,20
12.9976396561,80.2561569214,40395,40405,10
12.9974403381,80.2559814453,40405,40415,10
12.997130394,80.2559661865,40415,40425,10
12.9968900681,80.2562179565,40425,40435,10
12.9968299866,80.2568283081,40435,40445,10
12.9968299866,80.2570495605,40445,40456,11
12.9968204498,80.2573318481,40456,40466,10
12.9967403412,80.2579193115,40466,40476,10
12.9966697693,80.2586975098,40476,40486,10
12.9966001511,80.2593765259,40486,40496,10
12.9965295792,80.2599487305,40496,40506,10
12.9964504242,80.2607192993,40506,40516,10
12.9963703156,80.26146698,40516,40526,10
12.9963197708,80.2620697021,40526,40536,10
12.9962902069,80.2624588013,40536,40546,10
12.9963102341,80.2624893188,40546,40556,10
12.9962501526,80.2628479004,40556,40567,11
12.9961700439,80.2635192871,40567,40577,10
12.9960803986,80.264289856,40577,40587,10
12.9959697723,80.2650604248,40587,40597,10
12.9958696365,80.2659606934,40597,40607,10
12.9957304001,80.266998291,40607,40617,10
12.9961004257,80.2676773071,40617,40637,20
12.9961004257,80.2676773071,40637,40646,9
12.9963798523,80.2677001953,40646,40656,10
12.9969797134,80.2676620483,40656,40667,11
12.9978103638,80.2674407959,40667,40678,11
12.9985904694,80.2672424316,40678,40688,10
12.9994602203,80.2669677734,40688,40698,10
13.0001096725,80.2666015625,40698,40708,10
13.0001296997,80.266456604,40708,40718,10
13.0001296997,80.2664108276,40718,40728,10
13.0001802444,80.2660217285,40728,40738,10
13.0003004074,80.265663147,40738,40748,10
13.0003900528,80.2657699585,40748,40758,10
13.0003004074,80.2662887573,40758,40778,20
13.0003004074,80.2662887573,40778,40789,11
13.0002698898,80.2666778564,40789,40799,10
13.0,80.2668914795,40799,40809,10
12.9994602203,80.2670211792,40809,40819,10
12.9987897873,80.2672195435,40819,40829,10
12.9980096817,80.2674331665,40829,40839,10
12.9974002838,80.2676010132,40839,40848,9
12.9968795776,80.2677536011,40848,40859,11
12.9961299896,80.2677993774,40859,40869,10
12.995639801,80.2677078247,40869,40879,10
12.9955997467,80.2674636841,40879,40889,10
12.9956502914,80.2672195435,40889,40900,11
12.9957304001,80.2665863037,40900,40910,10
12.9958200455,80.2657928467,40910,40920,10
12.9959201813,80.2648620605,40920,40930,10
12.996049881,80.2639083862,40930,40940,10
12.9961299896,80.2630767822,40940,40950,10
12.9961795807,80.2626037598,40950,40960,10
12.9961795807,80.262588501,40960,40970,10
12.9962100983,80.2623214722,40970,40980,10
12.9962797165,80.2618637085,40980,40990,10
12.9963502884,80.2611694336,40990,41000,10
12.9964504242,80.2604370117,41000,41011,11
12.9964799881,80.2600631714,41011,41021,10
12.9964799881,80.2598419189,41021,41031,10
12.9965600967,80.2593307495,41031,41041,10
12.9966402054,80.2585525513,41041,41051,10
12.996720314,80.2575912476,41051,41061,10
12.9967699051,80.2569274902,41061,41070,9
12.9968099594,80.2567214966,41070,41081,11
12.9968595505,80.2562332153,41081,41182,101
12.9968595505,80.2562332153,41182,41192,10
12.9967803955,80.2559814453,41192,41202,10
12.9970598221,80.255859375,41202,41212,10
12.9974403381,80.2558822632,41212,41222,10
12.9975700378,80.2558822632,41222,41233,11
12.998000145,80.2559204102,41233,41243,10
12.998840332,80.2560195923,41243,41263,20
12.998840332,80.2560195923,41263,41273,10
12.9991197586,80.2560806274,41273,41283,10
12.99958992,80.2561798096,41283,41293,10
13.0000200272,80.2562713623,41293,41303,10
13.0005397797,80.256362915,41303,41313,10
13.0009298325,80.256439209,41313,41354,41
13.0009298325,80.256439209,41354,41364,10
13.001250267,80.2565689087,41364,41374,10
13.001660347,80.2566299438,41374,41384,10
13.0022497177,80.2567062378,41384,41394,10
13.0024003983,80.2566986084,41394,41404,10
13.0027999878,80.2567825317,41404,41414,10
13.0033102036,80.2568588257,41414,41424,10
13.0042200089,80.2570419312,41424,41434,10
13.0048904419,80.2571716309,41434,41444,10
13.0055503845,80.2572631836,41444,41455,11
13.0062904358,80.2573776245,41455,41465,10
13.006529808,80.2571105957,41465,41474,9
13.006480217,80.2565002441,41474,41485,11
13.0064601898,80.2556228638,41485,41495,10
13.0065202713,80.2549133301,41495,41505,10
13.0064601898,80.2540969849,41505,41515,10
13.0064697266,80.2532806396,41515,41535,20
13.0064697266,80.2532806396,41535,41545,10
13.0064697266,80.2531433105,41545,41555,10
13.0064897537,80.2526016235,41555,41566,11
13.0066003799,80.2518997192,41566,41646,80
13.0066003799,80.2518997192,41646,41656,10
13.0065498352,80.2517471313,41656,41666,10
13.0066604614,80.2513580322,41666,41676,10
13.0067195892,80.2506637573,41676,41687,11
13.0067195892,80.2496032715,41687,41697,10
13.0066204071,80.248626709,41697,41717,20
13.0066204071,80.248626709,41717,41727,10
13.0066299438,80.2484817505,41727,41798,71
13.0066299438,80.2484817505,41798,41808,10
13.0066204071,80.2481613159,41808,41818,10
13.0066003799,80.2477722168,41818,41828,10
13.0065803528,80.2471923828,41828,41838,10
13.006529808,80.24659729,41838,41848,10
13.0065603256,80.2464828491,41848,41858,10
13.0065603256,80.2461776733,41858,41868,10
13.006529808,80.2457122803,41868,41878,10
13.0065498352,80.2452087402,41878,41888,10
13.0065498352,80.244720459,41888,41899,11
13.0065803528,80.2444000244,41899,41909,10
13.0065603256,80.2440185547,41909,41919,10
13.0065498352,80.2435684204,41919,41929,10
13.0065202713,80.2429428101,41929,41939,10
13.0065202713,80.2421112061,41939,41949,10
13.0065402985,80.2413024902,41949,41959,10
13.0066204071,80.2405776978,41959,41969,10
13.0067596436,80.239906311,41969,41979,10
13.0068702698,80.2392196655,41979,41989,10
13.0070199966,80.2386703491,41989,41999,10
13.0071401596,80.2379608154,41999,42010,11
13.0073604584,80.2368392944,42010,42030,20
13.0073604584,80.2368392944,42030,42040,10
13.0074701309,80.2365570068,42040,42050,10
13.0075702667,80.236076355,42050,42060,10
13.0076599121,80.2356109619,42060,42070,10
13.0077896118,80.2350311279,42070,42080,10
13.0079298019,80.234336853,42080,42090,10
13.008099556,80.2334899902,42090,42100,10
13.0082902908,80.2325286865,42100,42110,10
13.0084896088,80.2315597534,42110,42121,11
13.0087099075,80.2304611206,42121,42131,10
13.0089197159,80.2294082642,42131,42141,10
13.0091400146,80.2283477783,42141,42151,10
13.0095596313,80.2273712158,42151,42161,10
13.0099401474,80.2264480591,42161,42171,10
13.0102996826,80.2257080078,42171,42181,10
13.0105400085,80.2252578735,42181,42190,9
13.01060009,80.2251205444,42190,42200,10
13.0108003616,80.2247619629,42200,42211,11
13.011059761,80.2240524292,42211,42221,10
13.011300087,80.2233581543,42221,42232,11
13.0116701126,80.2226715088,42232,42242,10
13.0118999481,80.2219085693,42242,42251,9
13.0122804642,80.2215194702,42251,42262,11
13.0125598907,80.2218017578,42262,42272,10
13.0128498077,80.2221984863,42272,42282,10
13.0131397247,80.2224884033,42282,42292,10
13.0136404037,80.2229919434,42292,42302,10
13.0141601563,80.2236175537,42302,42312,10
13.0146999359,80.2242279053,42312,42322,10
13.0151996613,80.2247619629,42322,42332,10
13.0153999329,80.2249069214,42332,42363,31
13.0153999329,80.2249069214,42363,42373,10
13.0156202316,80.2250289917,42373,42383,10
13.0159397125,80.2252426147,42383,42393,10
13.016500473,80.2252731323,42393,42403,10
13.0171604156,80.2250289917,42403,42413,10
13.0178499222,80.2247467041,42413,42429,16
13.0188703537,80.2243728638,42429,42441,12
13.0191898346,80.2242965698,42441,42449,8
13.019200325,80.2242965698,42449,42462,13
13.0194997787,80.2243804932,42462,42472,10
13.0198001862,80.2245864868,42472,42481,9
13.0201597214,80.2248306274,42481,42492,11
13.0205698013,80.2251434326,42492,42502,10
13.0208501816,80.2253417969,42502,42511,9
13.0212202072,80.2256698608,42511,42522,11
13.0217504501,80.2260818481,42522,42532,10
13.0220603943,80.2263031006,42532,42542,10
13.0224199295,80.226600647,42542,42552,10
13.0228395462,80.2269668579,42552,42562,10
13.0232200623,80.2273406982,42562,42573,11
13.0236196518,80.2276992798,42573,42583,10
13.0240402222,80.2280807495,42583,42593,10
13.0242996216,80.2283477783,42593,42603,10
13.0244102478,80.2285079956,42603,42613,10
13.0245199203,80.2286834717,42613,42623,10
13.0247602463,80.2290420532,42623,42633,10
13.0251197815,80.2294998169,42633,42643,10
13.0255203247,80.2300415039,42643,42653,10
13.0257301331,80.2304000854,42653,42663,10
13.0258903503,80.2306900024,42663,42714,51
13.0258903503,80.2306900024,42714,42724,10
13.0259599686,80.2311630249,42724,42734,10
13.0259599686,80.231300354,42734,42744,10
13.0261697769,80.2313537598,42744,42754,10
13.0266895294,80.2312164307,42754,42770,16
13.0278596878,80.2309875488,42770,42782,12
13.0282897949,80.2308807373,42782,42793,11
13.0283002853,80.2308807373,42793,42803,10
13.0285797119,80.2308578491,42803,42813,10
13.0292396545,80.2308120728,42813,42863,50
13.0292396545,80.2308120728,42863,42873,10
13.0294103622,80.2308425903,42873,42883,10
13.0296401978,80.230796814,42883,42893,10
13.0301399231,80.230758667,42893,42904,11
13.0306301117,80.2306976318,42904,42914,10
13.0306901932,80.2305908203,42914,42924,10
13.0306396484,80.2302627563,42924,42934,10
13.0304298401,80.2296905518,42934,42944,10
13.03028965,80.2293701172,42944,42954,10
13.0302801132,80.2288589478,42954,42964,10
13.0303297043,80.2283782959,42964,42974,10
13.0303297043,80.2283401489,42974,42984,10
13.0303297043,80.2281799316,42984,42994,10
13.0303497314,80.2278594971,42994,43004,10
13.0303096771,80.2275619507,43004,43015,11
13.029800415,80.2274169922,43015,43025,10
13.0290899277,80.2273101807,43025,43035,10
13.028429985,80.2272109985,43035,43045,10
13.0280704498,80.227142334,43045,43055,10
13.0279197693,80.2269287109,43055,43065,10
13.0279903412,80.2264480591,43065,43075,10
13.0281400681,80.2257614136,43075,43085,10
13.0283203125,80.2248764038,43085,43095,10
13.028459549,80.2241363525,43095,43105,10
13.0287799835,80.2240600586,43105,43116,11
13.0288496017,80.2240371704,43116,43126,10
13.0290603638,80.2242126465,43126,43136,10
13.0293998718,80.224281311,43136,43146,10
13.0299196243,80.2242889404,43146,43156,10
13.0305500031,80.2242965698,43156,43166,10
13.031080246,80.2241897583,43166,43176,10
13.031080246,80.2237167358,43176,43186,10
13.0311603546,80.2232437134,43186,43196,10
13.0311603546,80.2232131958,43196,43206,10
13.0312204361,80.2229537964,43206,43216,10
13.0313997269,80.2225799561,43216,43226,10
13.0316095352,80.2220306396,43226,43237,11
13.031920433,80.2212600708,43237,43247,10
13.0321102142,80.220451355,43247,43257,10
13.0321302414,80.2197418213,43257,43277,20
13.0321302414,80.2197418213,43277,43287,10
13.0321502686,80.2195663452,43287,43297,10
13.0321798325,80.2191390991,43297,43307,10
13.0320796967,80.2185897827,43307,43317,10
13.0315799713,80.2184295654,43317,43327,10
13.0314798355,80.2178192139,43327,43337,10
13.031370163,80.2172470093,43337,43348,11
13.0312995911,80.217048645,43348,43358,10
13.0309801102,80.2170028687,43358,43368,10
13.0305299759,80.2169723511,43368,43378,10
13.0304498672,80.2166519165,43378,43388,10
13.0304498672,80.2166366577,43388,43398,10
13.0304203033,80.2163467407,43398,43408,10
13.0303602219,80.2158126831,43408,43418,10
13.0303602219,80.2151107788,43418,43428,10
13.0303401947,80.2145385742,43428,43438,10
13.0303497314,80.2144927979,43438,43448,10
13.0304098129,80.2143173218,43448,43459,11
13.0304603577,80.2138977051,43459,43469,10
13.030500412,80.2136535645,43469,43479,10
13.0305299759,80.2133712769,43479,43489,10
13.0305995941,80.2128601074,43489,43499,10
13.0307197571,80.2121810913,43499,43509,10
13.0307998657,80.2117004395,43509,43519,10
13.0308103561,80.21144104,43519,43529,10
13.0308599472,80.2111282349,43529,43538,9
13.0309000015,80.2108764648,43538,43549,11
13.0309696198,80.2103118896,43549,43559,10
13.0309295654,80.2101135254,43559,43570,11
13.0306901932,80.2100219727,43570,43579,9
13.0302600861,80.2099075317,43579,43590,11
13.029999733,80.2097396851,43590,43600,10
13.0301303864,80.2092590332,43600,43610,10
13.0305204391,80.2091598511,43610,43620,10
13.0311803818,80.209312439,43620,43630,10
13.0316295624,80.2094116211,43630,43650,20
13.0316295624,80.2094116211,43650,43660,10
13.031920433,80.2095184326,43660,43671,11
13.032409668,80.2096099854,43671,43681,10
13.0330896378,80.2097167969,43681,43691,10
13.0337495804,80.2098236084,43691,43701,10
13.0344896317,80.2099227905,43701,43711,10
13.0350198746,80.2099227905,43711,43721,10
13.0351495743,80.2095108032,43721,43731,10
13.0352401733,80.2086105347,43731,43761,30
13.0352401733,80.2086105347,43761,43771,10
13.0352802277,80.2084884644,43771,43782,11
13.0353498459,80.2079925537,43782,43792,10
13.0354604721,80.20728302,43792,43802,10
13.0355701447,80.2064666748,43802,43812,10
13.0355300903,80.2060394287,43812,43822,10
13.0354795456,80.2057723999,43822,43832,10
13.0354795456,80.2056808472,43832,43842,10
13.035490036,80.2054672241,43842,43852,10
13.0356197357,80.2052993774,43852,43862,10
13.0357704163,80.2050323486,43862,43872,10
13.0358600616,80.2045211792,43872,43882,10
13.0359401703,80.2040100098,43882,43892,10
13.0360403061,80.20337677,43892,43903,11
13.0361404419,80.2025985718,43903,43913,10
13.0362701416,80.2015609741,43913,43933,20
13.0362701416,80.2015609741,43933,43943,10
13.0363302231,80.2013092041,43943,43953,10
13.0364398956,80.2008209229,43953,43963,10
13.0365400314,80.2001037598,43963,43973,10
13.0366601944,80.1992416382,43973,43983,10
13.0367603302,80.1985321045,43983,43993,10
13.0367803574,80.198387146,43993,44003,10
13.0368404388,80.1982192993,44003,44014,11
13.0368995667,80.197807312,44014,44024,10
13.0369701385,80.1973724365,44024,44034,10
13.0370798111,80.1967163086,44034,44050,16
13.0370998383,80.1963119507,44050,44062,12
13.0371103287,80.1961212158,44062,44072,10
13.0371704102,80.1956634521,44072,44082,10
13.0372600555,80.1950531006,44082,44092,10
13.0373497009,80.1943969727,44092,44102,10
13.0374898911,80.1934585571,44102,44112,10
13.0377197266,80.1928329468,44112,44123,11
13.0381603241,80.1927871704,44123,44132,9
13.038769722,80.1928787231,44132,44154,22
13.038769722,80.1928787231,44154,44164,10
13.0390796661,80.1929168701,44164,44174,10
13.0395402908,80.1930084229,44174,44184,10
13.0401601791,80.1930999756,44184,44194,10
13.0407600403,80.1931762695,44194,44204,10
13.0412797928,80.1932830811,44204,44214,10
13.041680336,80.1935272217,44214,44224,10
13.0416603088,80.193862915,44224,44235,11
13.041680336,80.1940231323,44235,44245,10
13.0416297913,80.1944580078,44245,44255,10
13.041560173,80.195098877,44255,44265,10
13.0414600372,80.1958084106,44265,44275,10
13.0413999557,80.1962585449,44275,44285,10
13.0413503647,80.1967315674,44285,44295,10
13.0413599014,80.1968231201,44295,44311,16
13.0413198471,80.1970977783,44311,44323,12
13.0412101746,80.1977233887,44323,44331,8
13.0411396027,80.1981811523,44331,44344,13
13.0410299301,80.1988677979,44344,44354,10
13.0409803391,80.1991271973,44354,44364,10
13.0409698486,80.1992797852,44364,44373,9
13.0409498215,80.1994171143,44373,44384,11
13.0408802032,80.1997680664,44384,44394,10
13.0408401489,80.2000579834,44394,44404,10
13.040769577,80.2005081177,44404,44414,10
13.0406999588,80.2012405396,44414,44424,10
13.0406303406,80.2016296387,44424,44434,10
13.0405597687,80.2020492554,44434,44444,10
13.04047966,80.2024612427,44444,44455,11
13.0403795242,80.2032165527,44455,44465,10
13.0402803421,80.2039413452,44465,44475,10
13.0401697159,80.2045974731,44475,44485,10
13.0402202606,80.2050094604,44485,44495,10
13.040599823,80.205078125,44495,44505,10
13.0411195755,80.2051467896,44505,44515,10
13.0411901474,80.2051620483,44515,44525,10
13.0414800644,80.2052001953,44525,44535,10
13.0419797897,80.2052612305,44535,44545,10
13.0425701141,80.205406189,44545,44555,10
13.0429000854,80.2059173584,44555,44566,11
13.043390274,80.2065887451,44566,44576,10
13.0438203812,80.2072219849,44576,44586,10
13.0440502167,80.2079620361,44586,44596,10
13.0440998077,80.2084732056,44596,44605,9
13.0441598892,80.2090911865,44605,44625,20
13.0441598892,80.2090911865,44625,44635,10
13.0441703796,80.2093200684,44635,44646,11
13.0441598892,80.2096176147,44646,44656,10
13.0441598892,80.2102203369,44656,44666,10
13.0441904068,80.2109680176,44666,44677,11
13.0442399979,80.2118301392,44677,44687,10
13.0444803238,80.2121963501,44687,44697,10
13.0450401306,80.2121963501,44697,44707,10
13.0457000732,80.2121963501,44707,44717,10
13.046500206,80.2121887207,44717,44727,10
13.0470104218,80.2121200562,44727,44737,10
13.0470504761,80.2118377686,44737,44757,20
13.0470504761,80.2118377686,44757,44767,10
13.0469799042,80.2117462158,44767,44777,10
13.0469398499,80.21144104,44777,44788,11
13.0469303131,80.2109375,44788,44798,10
13.0472803116,80.2108078003,44798,44808,10
13.047829628,80.2108230591,44808,44818,10
13.0483903885,80.2108078003,44818,44828,10
13.0490598679,80.2108306885,44828,44844,16
13.0496101379,80.2106399536,44844,44856,12
13.0494604111,80.2099533081,44856,44864,8
13.0493803024,80.2093505859,44864,44876,12
13.0490598679,80.2078475952,44876,44886,10
13.0490598679,80.2078475952,44886,44897,11
13.048910141,80.2074432373,44897,44917,20
13.048910141,80.2074432373,44917,44927,10
13.0488004684,80.2071990967,44927,44937,10
13.0487604141,80.2069778442,44937,44947,10
13.0487499237,80.2069168091,44947,44957,10
13.0490398407,80.2069168091,44957,44967,10
13.0491800308,80.2072067261,44967,45149,182
13.0491800308,80.2072067261,45149,45159,10
13.0491800308,80.2073364258,45159,45169,10
13.0491104126,80.2073822021,45169,45179,10
13.0489997864,80.2074813843,45179,45189,10
13.0490903854,80.2077636719,45189,45199,10
13.049249649,80.2082595825,45199,45209,10
13.049369812,80.2087783813,45209,45219,10
13.0494699478,80.2091827393,45219,45230,11
13.0495796204,80.2098999023,45230,45240,10
13.0496797562,80.2107467651,45240,45250,10
13.0499000549,80.2118682861,45250,45371,121
13.0499000549,80.2118682861,45371,45381,10
13.0499200821,80.2120513916,45381,45391,10
13.0498600006,80.2122268677,45391,45401,10
13.0496101379,80.2122268677,45401,45411,10
13.0495996475,80.2122192383,45411,45421,10
13.0495300293,80.2121810913,45421,45431,10
13.0491895676,80.2121582031,45431,45441,10
13.0485897064,80.2121887207,45441,45452,11
13.0478000641,80.2122573853,45452,45462,10
13.0469198227,80.2123184204,45462,45472,10
13.0461597443,80.2123565674,45472,45482,10
13.0457601547,80.212387085,45482,45492,10
13.045419693,80.2124023438,45492,45502,10
13.0451097488,80.2124176025,45502,45512,10
13.0447702408,80.2124176025,45512,45522,10
13.0445899963,80.2124176025,45522,45532,10
13.0444202423,80.2124099731,45532,45573,41
13.0444202423,80.2124099731,45573,45583,10
13.044260025,80.2120819092,45583,45593,10
13.0442199707,80.2113800049,45593,45603,10
13.0441904068,80.2105636597,45603,45613,10
13.0441503525,80.2097473145,45613,45623,10
13.0441102982,80.2092437744,45623,45633,10
13.0440797806,80.2088775635,45633,45643,10
13.0440502167,80.2086105347,45643,45653,10
13.043970108,80.2080078125,45653,45663,10
13.0437402725,80.2073822021,45663,45674,11
13.043299675,80.206703186,45674,45684,10
13.0428304672,80.2060089111,45684,45694,10
13.0423498154,80.2054824829,45694,45704,10
13.0416603088,80.2053070068,45704,45714,10
13.0409603119,80.2052001953,45714,45724,10
13.0407800674,80.2051696777,45724,45734,10
13.0406103134,80.2051391602,45734,45744,10
13.0404596329,80.2051315308,45744,45754,10
13.0400695801,80.2050628662,45754,45764,10
13.0395002365,80.2049789429,45764,45774,10
13.0388002396,80.2048492432,45774,45785,11
13.0381803513,80.2047729492,45785,45795,10
13.0381498337,80.2046203613,45795,45805,10
13.0381698608,80.2041778564,45805,45815,10
13.0382299423,80.2035598755,45815,45825,10
13.0383300781,80.2028427124,45825,45835,10
13.0384397507,80.2021102905,45835,45845,10
13.0384902954,80.2015991211,45845,45855,10
13.0385398865,80.2012405396,45855,45865,10
13.038599968,80.2007598877,45865,45875,10
13.0386800766,80.2002563477,45875,45885,10
13.0387496948,80.1998214722,45885,45896,11
13.0388298035,80.1992492676,45896,45906,10
13.0389204025,80.1987380981,45906,45916,10
13.0390100479,80.1981201172,45916,45926,10
13.0390996933,80.1975402832,45926,45936,10
13.0391702652,80.1970367432,45936,45946,10
13.0391798019,80.1969070435,45946,45956,10
13.0391998291,80.1968002319,45956,45966,10
13.0392398834,80.1964797974,45966,45976,10
13.0393104553,80.1959991455,45976,45986,10
13.0394201279,80.1953277588,45986,45997,11
13.0395402908,80.1945114136,45997,46007,10
13.0396203995,80.1936798096,46007,46017,10
13.0396995544,80.1931610107,46017,46027,10
13.0396995544,80.1931533813,46027,46037,10
13.0396003723,80.1930389404,46037,46047,10
13.0391998291,80.1929779053,46047,46057,10
13.038649559,80.1928863525,46057,46077,20
13.038649559,80.1928863525,46077,46087,10
13.0383195877,80.1928405762,46087,46097,10
13.0378704071,80.1928710938,46097,46107,10
13.0376195908,80.1934127808,46107,46118,11
13.0375003815,80.1941833496,46118,46128,10
13.0373697281,80.1949615479,46128,46138,10
13.0372400284,80.1959915161,46138,46158,20
13.0372400284,80.1959915161,46158,46168,10
13.0371704102,80.1962280273,46168,46178,10
13.0370998383,80.1966400146,46178,46188,10
13.03703022,80.1972427368,46188,46198,10
13.0369596481,80.1978988647,46198,46208,10
13.0368404388,80.198677063,46208,46229,21
13.0368404388,80.198677063,46229,46239,10
13.0368099213,80.1987228394,46239,46249,10
13.0367202759,80.1990203857,46249,46259,10
13.0366296768,80.19947052,46259,46269,10
13.0365200043,80.2001419067,46269,46279,10
13.0364198685,80.200843811,46279,46289,10
13.0363798141,80.2013626099,46289,46299,10
13.0363302231,80.2017669678,46299,46340,41
13.0363302231,80.2017669678,46340,46350,10
13.0362796783,80.2020721436,46350,46360,10
13.036190033,80.2024765015,46360,46370,10
13.0361003876,80.2032165527,46370,46380,10
13.0360403061,80.2038726807,46380,46390,10
13.0359897614,80.2043991089,46390,46400,10
13.035900116,80.2049179077,46400,46410,10
13.0357999802,80.205581665,46410,46420,10
13.0357599258,80.2059631348,46420,46430,10
13.0357599258,80.2060012817,46430,46441,11
13.0356903076,80.2063827515,46441,46451,10
13.0356197357,80.2069702148,46451,46461,10
13.0355300903,80.2077026367,46461,46471,10
13.0354003906,80.2084503174,46471,46491,20
13.0354003906,80.2084503174,46491,46501,10
13.0353899002,80.2085800171,46501,46511,10
13.035320282,80.2089385986,46511,46521,10
13.035200119,80.2095108032,46521,46531,10
13.0351104736,80.2101669312,46531,46541,10
13.0349397659,80.2107696533,46541,46552,11
13.0348100662,80.2115631104,46552,46562,10
13.0345401764,80.2121276855,46562,46572,10
13.0339603424,80.212059021,46572,46582,10
13.0334100723,80.212020874,46582,46592,10
13.0328998566,80.2119522095,46592,46602,10
13.032409668,80.2119216919,46602,46622,20
13.032409668,80.2119216919,46622,46632,10
13.0322999954,80.2118988037,46632,46642,10
13.031920433,80.211730957,46642,46652,10
13.0319595337,80.2111816406,46652,46663,11
13.0320396423,80.2105331421,46663,46673,10
13.0320796967,80.2099685669,46673,46683,10
13.0319004059,80.2096710205,46683,46693,10
13.0313196182,80.2095184326,46693,46703,10
13.0307598114,80.2093429565,46703,46713,10
13.0303602219,80.2092285156,46713,46723,10
13.030090332,80.2093887329,46723,46733,10
13.0300703049,80.2094573975,46733,46743,10
13.0300397873,80.2095413208,46743,46753,10
13.029999733,80.2096710205,46753,46763,10
13.0301599503,80.2098007202,46763,46773,10
13.0306100845,80.2099304199,46773,46784,11
13.0309000015,80.2100524902,46784,46794,10
13.0309400558,80.2102584839,46794,46804,10
13.0309095383,80.2106628418,46804,46820,16
13.0308198929,80.2111282349,46820,46832,12
13.0307798386,80.2115783691,46832,46842,10
13.0307598114,80.2117996216,46842,46852,10
13.0306196213,80.2122116089,46852,46862,10
13.030500412,80.2128829956,46862,46872,10
13.0304498672,80.2134017944,46872,46882,10
13.0304298401,80.2136993408,46882,46893,11
13.0303602219,80.2140808105,46893,46903,10
13.0303297043,80.2147827148,46903,46923,20
13.0303297043,80.2147827148,46923,46933,10
13.0303497314,80.2151031494,46933,46943,10
13.0303401947,80.2155075073,46943,46953,10
13.0303897858,80.2161026001,46953,46963,10
13.0304203033,80.2166213989,46963,46973,10
13.0306901932,80.2168273926,46973,46995,22
13.0308904648,80.2169189453,46995,47009,14
13.0313196182,80.2169418335,47009,47019,10
13.0314598083,80.2172927856,47019,47028,9
13.0314998627,80.2177429199,47028,47039,11
13.0316896439,80.2183380127,47039,47049,10
13.032119751,80.2184066772,47049,47059,10
13.0321998596,80.2188796997,47059,47068,9
13.0321598053,80.2193374634,47068,47079,11
13.0321598053,80.2202682495,47079,47099,20
13.0321598053,80.2202682495,47099,47109,10
13.0321397781,80.2205429077,47109,47120,11
13.0320196152,80.2210464478,47120,47130,10
13.0318403244,80.2216491699,47130,47140,10
13.0315504074,80.2221984863,47140,47150,10
13.0312995911,80.2227020264,47150,47160,10
13.0311899185,80.2231521606,47160,47170,10
13.0311803818,80.2232437134,47170,47180,10
13.0311603546,80.2233276367,47180,47190,10
13.031129837,80.2236785889,47190,47200,10
13.031129837,80.2238616943,47200,47210,10
13.031129837,80.2240219116,47210,47220,10
13.0309400558,80.2242965698,47220,47231,11
13.0304002762,80.224281311,47231,47241,10
13.0297803879,80.2242584229,47241,47251,10
13.0290899277,80.224281311,47251,47281,30
13.0290899277,80.224281311,47281,47291,10
13.0287399292,80.2241363525,47291,47307,16
13.0283498764,80.2246627808,47307,47319,12
13.0281496048,80.2256088257,47319,47327,8
13.0280504227,80.2260818481,47327,47339,12
13.0279197693,80.2267074585,47339,47351,12
13.0279998779,80.2269897461,47351,47361,10
13.0283603668,80.2270889282,47361,47371,10
13.0289402008,80.2271499634,47371,47381,10
13.029589653,80.2272720337,47381,47391,10
13.0301799774,80.2273788452,47391,47401,10
13.0304002762,80.2276229858,47401,47411,10
13.0303401947,80.2279968262,47411,47430,19
13.0303401947,80.2279968262,47430,47441,11
13.0303401947,80.2283706665,47441,47452,11
13.0303001404,80.2290115356,47452,47462,10
13.0304603577,80.229637146,47462,47472,10
13.0306396484,80.2302322388,47472,47482,10
13.0307102203,80.2305984497,47482,47492,10
13.0307102203,80.2306213379,47492,47502,10
13.0306797028,80.2307434082,47502,47512,10
13.030380249,80.2307815552,47512,47522,10
13.0298204422,80.2308425903,47522,47542,20
13.0298204422,80.2308425903,47542,47552,10
13.0295600891,80.2308807373,47552,47563,11
13.0290403366,80.2309188843,47563,47573,10
13.028429985,80.2309570313,47573,47583,10
13.0277996063,80.2310409546,47583,47593,10
13.0276403427,80.2312088013,47593,47603,10
13.0276699066,80.2316513062,47603,47613,10
13.0277500153,80.2321472168,47613,47623,10
13.0278701782,80.2326889038,47623,47633,10
13.0274896622,80.2328567505,47633,47643,10
13.0271196365,80.2329101563,47643,47653,10
13.0269002914,80.2329483032,47653,47663,10
13.0266599655,80.2330093384,47663,47674,11
13.0263595581,80.2328186035,47674,47684,10
13.0261802673,80.2322235107,47684,47700,16
13.0259103775,80.2310714722,47700,47712,12
13.0254602432,80.2301330566,47712,47720,8
13.0250101089,80.2295074463,47720,47731,11
13.0244903564,80.228843689,47731,47742,11
13.0238399506,80.2281112671,47742,47762,20
13.0238399506,80.2281112671,47762,47772,10
13.0236797333,80.2279205322,47772,47783,11
13.0232496262,80.2275009155,47783,47793,10
13.0227499008,80.2269973755,47793,47802,9
13.0221595764,80.2264633179,47802,47813,11
13.0214195251,80.2258605957,47813,47823,10
13.0206403732,80.2252807617,47823,47833,10
13.0198698044,80.2247772217,47833,47843,10
13.0189599991,80.2244796753,47843,47853,10
13.0179796219,80.2248382568,47853,47863,10
13.0169897079,80.2252426147,47863,47873,10
13.0163898468,80.225479126,47873,47883,10
13.0160198212,80.2256088257,47883,47894,11
13.0154800415,80.2257766724,47894,47904,10
13.0145597458,80.2261810303,47904,47924,20
13.0145597458,80.2261810303,47924,47934,10
13.0142402649,80.2262573242,47934,47944,10
13.0136804581,80.2265014648,47944,47954,10
13.0129899979,80.2267837524,47954,47964,10
13.0122299194,80.2270584106,47964,47974,10
13.0114297867,80.2273788452,47974,47984,10
13.0105600357,80.227722168,47984,47994,10
13.0096702576,80.2280883789,47994,48005,11
13.009059906,80.2288208008,48005,48015,10
13.0088596344,80.2297973633,48015,48031,16
13.0085296631,80.2314910889,48031,48043,12
13.008310318,80.232673645,48043,48052,9
13.0081701279,80.2336730957,48052,48073,21
13.0081701279,80.2336730957,48073,48083,10
13.0080795288,80.2339630127,48083,48093,10
13.0080003738,80.2344207764,48093,48103,10
13.0078802109,80.2350082397,48103,48114,11
13.0078201294,80.2353820801,48114,48124,10
13.0077896118,80.2355575562,48124,48135,11
13.0077295303,80.2358398438,48135,48145,10
13.0076599121,80.2362365723,48145,48155,10
13.0075902939,80.2365036011,48155,48165,10
13.0075101852,80.2369613647,48165,48175,10
13.0074195862,80.237449646,48175,48185,10
13.0073204041,80.2379226685,48185,48195,10
13.0073003769,80.23802948,48195,48205,10
13.0072803497,80.2381591797,48205,48215,10
13.0072002411,80.2385787964,48215,48226,11
13.0070400238,80.2393035889,48226,48236,10
13.0068798065,80.2400665283,48236,48246,10
13.0068397522,80.2405700684,48246,48256,10
13.0067996979,80.2408218384,48256,48266,10
13.006770134,80.2410736084,48266,48276,10
13.0067195892,80.2416381836,48276,48286,10
13.0066995621,80.242401123,48286,48296,10
13.0066795349,80.2432937622,48296,48316,20
13.0066795349,80.2432937622,48316,48326,10
13.0066604614,80.2437286377,48326,48347,21
13.0066604614,80.2437286377,48347,48357,10
13.006649971,80.2442169189,48357,48367,10
13.0066795349,80.2448577881,48367,48377,10
13.0066995621,80.2454681396,48377,48387,10
13.0067195892,80.2460403442,48387,48397,10
13.0067396164,80.2465515137,48397,48407,10
13.0067596436,80.2469177246,48407,48417,10
13.0067396164,80.2473678589,48417,48427,10
13.0067300797,80.2480392456,48427,48437,10
13.0067796707,80.2488632202,48437,48448,11
13.0068397522,80.2495574951,48448,48458,10
13.006819725,80.2496185303,48458,48468,10
13.0067796707,80.249961853,48468,48478,10
13.0068101883,80.2510604858,48478,48488,10
13.006819725,80.2512130737,48488,48508,20
13.006819725,80.2512130737,48508,48518,10
13.0067996979,80.2513427734,48518,48528,10
13.0066795349,80.251739502,48528,48538,10
13.0065402985,80.2523803711,48538,48548,10
13.0065202713,80.2531661987,48548,48559,11
13.0065202713,80.2540969849,48559,48568,9
13.0065803528,80.2547531128,48568,48580,12
13.0065498352,80.2550125122,48580,48590,10
13.006529808,80.2550582886,48590,48600,10
13.006529808,80.2554779053,48600,48610,10
13.006529808,80.2561721802,48610,48620,10
13.0065498352,80.2568130493,48620,48630,10
13.0066795349,80.2573699951,48630,48640,10
13.006360054,80.2575378418,48640,48650,10
13.0061998367,80.257522583,48650,48661,11
13.0058603287,80.2574462891,48661,48670,9
13.0054302216,80.2573013306,48670,48681,11
13.0046701431,80.2571334839,48681,48691,10
13.0039396286,80.256980896,48691,48701,10
13.0031404495,80.2568588257,48701,48711,10
13.002409935,80.2567214966,48711,48721,10
13.0020303726,80.2566604614,48721,48731,10
13.0012702942,80.2565689087,48731,48792,61
13.0012702942,80.2565689087,48792,48802,10
13.001159668,80.2565002441,48802,48812,10
13.0008001328,80.2564620972,48812,48822,10
13.0001497269,80.2563781738,48822,48832,10
12.9995498657,80.2562713623,48832,48842,10
12.9989595413,80.2561721802,48842,48852,10
12.9982795715,80.2560806274,48852,48862,10
12.9975404739,80.2560119629,48862,48882,20
12.9975404739,80.2560119629,48882,48893,11
12.9971599579,80.2559585571,48893,48903,10
12.9969100952,80.2561569214,48903,48913,10
12.9968204498,80.2570037842,48913,48933,20
12.9968204498,80.2570037842,48933,48943,10
12.9967803955,80.2573318481,48943,48953,10
12.9967098236,80.2578201294,48953,48963,10
12.9966402054,80.2584609985,48963,48973,10
12.9965801239,80.2589035034,48973,48983,10
12.996509552,80.2593994141,48983,48993,10
12.9964199066,80.2599487305,48993,49004,11
12.9963798523,80.2606430054,49004,49014,10
12.9963197708,80.2613372803,49014,49024,10
12.9962902069,80.2617874146,49024,49034,10
12.996219635,80.2621994019,49034,49044,10
12.9961996078,80.2623214722,49044,49054,10
12.9961900711,80.2624130249,49054,49064,10
12.9961395264,80.2626571655,49064,49074,10
12.9960899353,80.2630767822,49074,49084,10
12.9960603714,80.2636184692,49084,49094,10
12.9959897995,80.2642974854,49094,49105,11
12.995880127,80.2652206421,49105,49115,10
12.9957895279,80.2660903931,49115,49125,10
12.9956903458,80.2669830322,49125,49135,10
12.9961500168,80.2676773071,49135,49165,30
12.9961500168,80.2676773071,49165,49175,10
12.996339798,80.2676696777,49175,49185,10
12.9967899323,80.2676467896,49185,49195,10
12.9972801208,80.2675323486,49195,49205,10
12.9974899292,80.2674865723,49205,49215,10
12.9978599548,80.2673797607,49215,49226,11
12.9983797073,80.267250061,49226,49236,10
12.9990196228,80.2670593262,49236,49246,10
12.9996900558,80.2668380737,49246,49256,10
13.0000495911,80.2665100098,49256,49266,10
13.0000600815,80.2664794922,49266,49276,10
13.0001096725,80.2663574219,49276,49286,10
13.0001897812,80.2659835815,49286,49296,10
13.0003404617,80.2657165527,49296,49306,10
13.0003795624,80.2658309937,49306,49316,10
13.0003595352,80.2659225464,49316,49327,11
13.0002698898,80.2661590576,49327,49407,80
13.0002298355,80.2664718628,49407,49740,333
13.0002298355,80.2664718628,49740,49750,10
13.0003004074,80.2666397095,49750,49760,10
13.0002202988,80.2668380737,49760,49770,10
12.9999103546,80.2669525146,49770,49781,11
12.9993896484,80.2670822144,49781,49791,10
12.9988203049,80.2672195435,49791,49801,10
12.998169899,80.2674026489,49801,49811,10
12.9975595474,80.2676010132,49811,49821,10
12.9969301224,80.2677764893,49821,49830,9
12.9963302612,80.267791748,49830,49841,11
12.9958200455,80.2677612305,49841,49851,10
12.9956598282,80.2673568726,49851,49871,20
12.9956598282,80.2673568726,49871,49881,10
12.9956998825,80.2670593262,49881,49892,11
12.9957399368,80.2665710449,49892,49902,10
12.9958200455,80.2659835815,49902,49912,10
12.9958696365,80.2653427124,49912,49922,10
12.9959602356,80.2647399902,49922,49932,10
12.9960298538,80.2641067505,49932,49942,10
12.9961004257,80.2634811401,49942,49952,10
12.9961795807,80.2626190186,49952,49972,20
12.9961795807,80.2626190186,49972,49982,10
12.9961996078,80.2623596191,49982,49993,11
12.9962396622,80.2619934082,49993,50003,10
12.9962997437,80.2616271973,50003,50013,10
12.9963598251,80.2610168457,50013,50023,10
12.9964399338,80.260383606,50023,50033,10
12.9964799881,80.2598419189,50033,50043,10
12.9965200424,80.2593002319,50043,50053,10
12.9965600967,80.2588577271,50053,50063,10
12.9966201782,80.2583007813,50063,50073,10
12.9966802597,80.2576980591,50073,50083,10
12.9967603683,80.2571334839,50083,50093,10
12.9968004227,80.2565002441,50093,50134,41
12.9968004227,80.2565002441,50134,50144,10
12.9968204498,80.256401062,50144,50154,10
12.9968595505,80.2560424805,50154,50164,10
12.9971199036,80.255821228,50164,50174,10
12.9975404739,80.255859375,50174,50184,10
12.997759819,80.2558822632,50184,50194,10
12.9982204437,80.2559509277,50194,50204,10
12.9986200333,80.2559814453,50204,50225,21
12.9986200333,80.2559814453,50225,50235,10
12.9989595413,80.2559967041,50235,50275,40
12.9989595413,80.2559967041,50275,50285,10
12.9990701675,80.2559967041,50285,50295,10
12.9994001389,80.256072998,50295,50305,10
12.9998102188,80.2561721802,50305,50315,10
13.0002202988,80.2562866211,50315,50325,10
13.0006904602,80.2563934326,50325,50336,11
13.0013103485,80.2565002441,50336,50346,10
13.0016899109,80.2565612793,50346,50356,10
13.0021800995,80.2566375732,50356,50366,10
13.0026502609,80.2567367554,50366,50376,10
13.0031604767,80.2568435669,50376,50386,10
13.0037498474,80.2569580078,50386,50396,10
13.00440979,80.2570800781,50396,50406,10
13.0050601959,80.2571563721,50406,50422,16
13.0061502457,80.2573623657,50422,50434,12
13.0065002441,80.2571029663,50434,50444,10
13.0064601898,80.2565002441,50444,50455,11
13.0064401627,80.2558288574,50455,50465,10
13.0064897537,80.2551498413,50465,50475,10
13.0064897537,80.2545394897,50475,50485,10
13.0064697266,80.2538833618,50485,50495,10
13.0064697266,80.2532577515,50495,50514,19
13.0064697266,80.2532577515,50514,50525,11
13.0064697266,80.2531280518,50525,50535,10
13.0064697266,80.2529983521,50535,50545,10
13.0064697266,80.252822876,50545,50556,11
13.006529808,80.2523498535,50556,50566,10
13.0066204071,80.2518768311,50566,50646,80
13.0066204071,80.2518768311,50646,50656,10
13.0067396164,80.2517166138,50656,50667,11
13.0067796707,80.2512283325,50667,50677,10
13.0067596436,80.2504730225,50677,50687,10
13.0067100525,80.2491607666,50687,50747,60
13.0067100525,80.2491607666,50747,50757,10
13.0066795349,80.2488708496,50757,50767,10
13.0066299438,80.2483901978,50767,50778,11
13.0065898895,80.2478790283,50778,50788,10
13.0066099167,80.2473907471,50788,50798,10
13.0065603256,80.2464828491,50798,50818,20
13.0065603256,80.2464828491,50818,50828,10
13.0066099167,80.2462005615,50828,50838,10
13.0066003799,80.2456283569,50838,50848,10
13.0066003799,80.2450408936,50848,50858,10
13.0065898895,80.2445831299,50858,50868,10
13.0065803528,80.2443084717,50868,50878,10
13.0065803528,80.2441482544,50878,50889,11
13.0065603256,80.2437896729,50889,50899,10
13.0065603256,80.2434616089,50899,50909,10
13.0065402985,80.2430114746,50909,50919,10
13.0065498352,80.2423400879,50919,50929,10
13.0065402985,80.2416534424,50929,50939,10
13.0065498352,80.2410888672,50939,50949,10
13.0066299438,80.2405471802,50949,50969,20
13.0066299438,80.2405471802,50969,50985,16
13.0066995621,80.2402801514,50985,50997,12
13.006819725,80.2396697998,50997,51008,11
13.0069599152,80.2389297485,51008,51018,10
13.0071296692,80.2381896973,51018,51028,10
13.0073204041,80.237411499,51028,51038,10
13.007349968,80.2369613647,51038,51058,20
13.007349968,80.2369613647,51058,51068,10
13.0074195862,80.2366409302,51068,51078,10
13.0074596405,80.2365112305,51078,51088,10
13.0075397491,80.2361984253,51088,51098,10
13.0076503754,80.2356796265,51098,51109,11
13.0077295303,80.2352600098,51109,51119,10
13.0077896118,80.2350006104,51119,51129,10
13.0078802109,80.2345123291,51129,51139,10
13.0080404282,80.2337799072,51139,51149,10
13.0082197189,80.2328262329,51149,51159,10
13.008480072,80.2316818237,51159,51169,10
13.0087003708,80.23046875,51169,51179,10
13.008939743,80.2292633057,51179,51189,10
13.0092000961,80.2280807495,51189,51200,11
13.0097398758,80.2269134521,51200,51210,10
13.0101995468,80.2259292603,51210,51221,11
13.0105800629,80.225151062,51221,51231,10
13.0108003616,80.224647522,51231,51241,10
13.0109701157,80.2241897583,51241,51251,10
13.0110797882,80.2239532471,51251,51261,10
13.0111398697,80.223777771,51261,51271,10
13.0111398697,80.2237701416,51271,51281,10
13.0112600327,80.2234725952,51281,51291,10
13.0115098953,80.2228164673,51291,51301,10
13.0117998123,80.2219924927,51301,51311,10
13.0121202469,80.2213897705,51311,51321,10
13.0124502182,80.2216033936,51321,51332,11
13.0128803253,80.2221069336,51332,51342,10
13.0133600235,80.2227096558,51342,51352,10
13.0139303207,80.2233428955,51352,51362,10
13.0144195557,80.2239685059,51362,51372,10
13.0149097443,80.2244110107,51372,51382,10
13.0150203705,80.2245330811,51382,51392,10
13.0152196884,80.2247619629,51392,51402,10
13.0154895782,80.2249679565,51402,51422,20
13.0154895782,80.2249679565,51422,51432,10
13.0156402588,80.2250518799,51432,51443,11
13.0160102844,80.2252807617,51443,51453,10
13.016409874,80.2252883911,51453,51463,10
13.0168399811,80.225151062,51463,51473,10
13.0172595978,80.2250137329,51473,51483,10
13.0176401138,80.224822998,51483,51493,10
13.0179395676,80.2246932983,51493,51503,10
13.0180997849,80.2246170044,51503,51513,10
13.0181903839,80.2245864868,51513,51523,10
13.0185804367,80.2244415283,51523,51533,10
13.0190696716,80.224281311,51533,51543,10
13.0192098618,80.224281311,51543,51554,11
13.0192804337,80.2243118286,51554,51564,10
13.0193796158,80.2243423462,51564,51574,10
13.019610405,80.2244491577,51574,51584,10
13.0199098587,80.2246627808,51584,51594,10
13.0202598572,80.2249526978,51594,51604,10
13.0207300186,80.2252731323,51604,51614,10
13.0211601257,80.2255630493,51614,51624,10
13.0216197968,80.2258987427,51624,51634,10
13.0222196579,80.2263565063,51634,51644,10
13.0228204727,80.2268829346,51644,51654,10
13.0234003067,80.2274093628,51654,51665,11
13.024020195,80.2280197144,51665,51674,9
13.0242795944,80.2283096313,51674,51685,11
13.0244598389,80.228553772,51685,51695,10
13.0247497559,80.2289810181,51695,51705,10
13.0251598358,80.2295303345,51705,51715,10
13.0256204605,80.2301712036,51715,51725,10
13.0260000229,80.2310562134,51725,51745,20
13.0260000229,80.2310562134,51745,51755,10
13.02602005,80.2312927246,51755,51765,10
13.0264797211,80.2312088013,51765,51776,11
13.0272798538,80.2310180664,51776,51786,10
13.0280399323,80.2309417725,51786,51796,10
13.028550148,80.2308807373,51796,51806,10
13.0285596848,80.2308807373,51806,51816,10
13.0287103653,80.2308731079,51816,51826,10
13.0289297104,80.2308578491,51826,51836,10
13.0290403366,80.2308578491,51836,51846,10
13.0293903351,80.2308120728,51846,51856,10
13.0299596786,80.2307510376,51856,51866,10
13.030579567,80.2306976318,51866,51876,10
13.0306501389,80.23046875,51876,51887,11
13.0305700302,80.2300720215,51887,51896,9
13.030380249,80.2295608521,51896,51907,11
13.03028965,80.2287826538,51907,51917,10
13.0303401947,80.228302002,51917,51927,10
13.0303401947,80.2282867432,51927,51937,10
13.0303401947,80.2281799316,51937,51947,10
13.0303497314,80.2279129028,51947,51957,10
13.030380249,80.2275619507,51957,51967,10
13.0299301147,80.2274093628,51967,51977,10
13.0291996002,80.2272796631,51977,51987,10
13.028429985,80.2271499634,51987,51998,11
13.0279798508,80.2270126343,51998,52008,10
13.0278902054,80.2266998291,52008,52018,10
13.0280103683,80.2261276245,52018,52028,10
13.0281801224,80.2253417969,52028,52038,10
13.0283603668,80.2245407104,52038,52048,10
13.0285100937,80.2240066528,52048,52058,10
13.0287303925,80.2239837646,52058,52068,10
13.0288095474,80.2240066528,52068,52078,10
13.0290803909,80.2242126465,52078,52088,10
13.029540062,80.2242736816,52088,52098,10
13.0301599503,80.224281311,52098,52108,10
13.030790329,80.2242584229,52108,52119,11
13.0311203003,80.2241210938,52119,52129,10
13.0311203003,80.2238006592,52129,52145,16
13.0311803818,80.2231369019,52145,52157,12
13.0312004089,80.2229995728,52157,52167,10
13.0313301086,80.2226333618,52167,52177,10
13.0315799713,80.2221603394,52177,52187,10
13.0318098068,80.2217025757,52187,52197,10
13.0320100784,80.2210998535,52197,52207,10
13.0321702957,80.2204284668,52207,52218,11
13.0321798325,80.2197799683,52218,52228,10
13.0321798325,80.2197113037,52228,52237,9
13.0321702957,80.2195129395,52237,52248,11
13.03221035,80.2191314697,52248,52258,10
13.0320796967,80.2184829712,52258,52268,10
13.0315198898,80.2182693481,52268,52278,10
13.0314598083,80.2175827026,52278,52288,10
13.0313997269,80.217086792,52288,52298,10
13.0311803818,80.2169723511,52298,52308,10
13.0306901932,80.2169570923,52308,52318,10
13.0304498672,80.2166671753,52318,52329,11
13.0304298401,80.216506958,52329,52339,10
13.0304203033,80.2164001465,52339,52349,10
13.0304002762,80.2160720825,52349,52359,10
13.0303401947,80.215423584,52359,52369,10
13.0303401947,80.2147216797,52369,52379,10
13.0303602219,80.2145309448,52379,52389,10
13.0303697586,80.2143173218,52389,52399,10
13.0304498672,80.2138977051,52399,52409,10
13.0304899216,80.2135925293,52409,52419,10
13.0305404663,80.213218689,52419,52429,10
13.0306301117,80.2125778198,52429,52440,11
13.0307397842,80.2118530273,52440,52450,10
13.0308103561,80.2114562988,52450,52460,10
13.0308704376,80.2110595703,52460,52470,10
13.0309295654,80.2106781006,52470,52480,10
13.0309801102,80.2102203369,52480,52490,10
13.0308599472,80.2100906372,52490,52500,10
13.0306596756,80.2100219727,52500,52510,10
13.0305995941,80.2099914551,52510,52520,10
13.0302095413,80.2098770142,52520,52530,10
13.0301198959,80.2092590332,52530,52581,51
13.0301198959,80.2092590332,52581,52591,10
13.0302200317,80.2090072632,52591,52601,10
13.0305900574,80.2090911865,52601,52611,10
13.0312004089,80.2092590332,52611,52621,10
13.0316095352,80.2093811035,52621,52631,10
13.03166008,80.2094268799,52631,52641,10
13.031999588,80.2095413208,52641,52651,10
13.0326299667,80.2096328735,52651,52661,10
13.0334300995,80.2097702026,52661,52672,11
13.0344295502,80.2099380493,52672,52682,10
13.0350799561,80.2098999023,52682,52692,10
13.0351495743,80.2095794678,52692,52702,10
13.0352201462,80.2090682983,52702,52712,10
13.0352497101,80.2086868286,52712,52728,16
13.0352602005,80.2086791992,52728,52740,12
13.0353002548,80.2084274292,52740,52748,8
13.0353403091,80.2080993652,52748,52760,12
13.0354499817,80.2073669434,52760,52770,10
13.0355501175,80.2066574097,52770,52781,11
13.0355796814,80.2060394287,52781,52791,10
13.0354795456,80.2058410645,52791,52801,10
13.0355300903,80.2055511475,52801,52811,10
13.0355396271,80.2053604126,52811,52820,9
13.0355501175,80.2052612305,52820,52831,11
13.0357398987,80.2052001953,52831,52841,10
13.0358200073,80.2049331665,52841,52851,10
13.035900116,80.2043991089,52851,52861,10
13.0360298157,80.2036895752,52861,52871,10
13.0361404419,80.2030334473,52871,52882,11
13.0362596512,80.2021408081,52882,52892,10
13.0363101959,80.2016601563,52892,52902,10
13.0363101959,80.2016525269,52902,52912,10
13.0363397598,80.2014694214,52912,52922,10
13.0363998413,80.2010879517,52922,52932,10
13.0364704132,80.2005004883,52932,52942,10
13.0365896225,80.1997375488,52942,52952,10
13.0367002487,80.1989212036,52952,52961,9
13.0367803574,80.198387146,52961,52973,12
13.0367898941,80.1982574463,52973,52983,10
13.0368499756,80.1980209351,52983,52994,11
13.0369195938,80.1974411011,52994,53004,10
13.0370397568,80.1967391968,53004,53014,10
13.0370903015,80.1963500977,53014,53024,10
13.0371198654,80.1962203979,53024,53034,10
13.0371704102,80.1957321167,53034,53044,10
13.0372896194,80.1949996948,53044,53054,10
13.0374097824,80.1941375732,53054,53064,10
13.0375404358,80.1931533813,53064,53074,10
13.0379104614,80.1927185059,53074,53084,10
13.0384502411,80.192779541,53084,53094,10
13.0389003754,80.1928710938,53094,53105,11
13.0389099121,80.1928710938,53105,53115,10
13.0391597748,80.1929092407,53115,53125,10
13.0397195816,80.1930007935,53125,53135,10
13.0403499603,80.1931228638,53135,53145,10
13.0408401489,80.1932067871,53145,53155,10
13.041469574,80.1933288574,53155,53165,10
13.0417604446,80.1933898926,53165,53175,10
13.0417804718,80.1936798096,53175,53185,10
13.0417804718,80.1939315796,53185,53195,10
13.0417404175,80.1941680908,53195,53205,10
13.0416698456,80.1947631836,53205,53216,11
13.041560173,80.1955795288,53216,53226,10
13.0414600372,80.1962966919,53226,53236,10
13.041390419,80.1967391968,53236,53245,9
13.0413599014,80.1968994141,53245,53256,11
13.041270256,80.1974716187,53256,53266,10
13.0411901474,80.1981887817,53266,53276,10
13.0411195755,80.1988677979,53276,53286,10
13.0410604477,80.1991500854,53286,53296,10
13.0410299301,80.1993789673,53296,53327,31
13.0410299301,80.1993789673,53327,53337,10
13.0409402847,80.1998596191,53337,53347,10
13.0408601761,80.200302124,53347,53357,10
13.0408201218,80.2007293701,53357,53367,10
13.040719986,80.2013702393,53367,53377,10
13.0406398773,80.2019577026,53377,53387,10
13.0405797958,80.2024536133,53387,53397,10
13.04047966,80.2031707764,53397,53407,10
13.0403604507,80.2039871216,53407,53417,10
13.0402498245,80.2046813965,53417,53427,10
13.0403995514,80.2050170898,53427,53437,10
13.0412597656,80.2051391602,53437,53458,21
13.0412597656,80.2051391602,53458,53468,10
13.0415096283,80.2051773071,53468,53478,10
13.0420799255,80.2052764893,53478,53488,10
13.0426998138,80.2055435181,53488,53498,10
13.0430803299,80.2061767578,53498,53508,10
13.043589592,80.2068481445,53508,53518,10
13.0438404083,80.2072067261,53518,53528,10
13.0440998077,80.2078018188,53528,53538,10
13.0441799164,80.2089309692,53538,53559,21
13.0441799164,80.2089309692,53559,53569,10
13.0441904068,80.2092514038,53569,53579,10
13.0441999435,80.2097015381,53579,53589,10
13.0442304611,80.2104110718,53589,53599,10
13.0442495346,80.2111434937,53599,53609,10
13.0443000793,80.2119369507,53609,53629,20
13.0443000793,80.2119369507,53629,53639,10
13.0442895889,80.2121200562,53639,53649,10
13.0445995331,80.2122268677,53649,53660,11
13.0452804565,80.2122268677,53660,53670,10
13.0460300446,80.2121887207,53670,53680,10
13.0467700958,80.2121505737,53680,53690,10
13.0469703674,80.2121200562,53690,53700,10
13.0470504761,80.2119674683,53700,53710,10
13.0470399857,80.2117462158,53710,53720,10
13.0470399857,80.2116622925,53720,53730,10
13.0470399857,80.2112731934,53730,53740,10
13.0470199585,80.2107696533,53740,53750,10
13.047419548,80.2107315063,53750,53760,10
13.0480203629,80.2107772827,53760,53771,11
13.048620224,80.2107620239,53771,53781,10
13.0491399765,80.2108001709,53781,53791,10
13.0494699478,80.2108306885,53791,53801,10
13.0495700836,80.2104873657,53801,53811,10
13.0495100021,80.2098236084,53811,53821,10
13.0494499207,80.2090988159,53821,53831,10
13.0494203568,80.2086410522,53831,53847,16
13.0489397049,80.2072067261,53847,53879,32
13.0489397049,80.2072067261,53879,53890,11
13.0488195419,80.2069778442,53890,53900,10
13.0488004684,80.2068481445,53900,53910,10
13.0489702225,80.2067871094,53910,53920,10
13.0491199493,80.2069015503,53920,54899,979
13.0491199493,80.2069015503,54899,54909,10
13.049079895,80.20728302,54909,54919,10
13.0490598679,80.2074127197,54919,54929,10
13.0491104126,80.2077026367,54929,54939,10
13.0492200851,80.2081832886,54939,54949,10
13.049369812,80.2088012695,54949,54959,10
13.049489975,80.2094421387,54959,54969,10
13.0495901108,80.2101211548,54969,54979,10
13.049659729,80.2107391357,54979,54990,11
13.0497999191,80.2116470337,54990,55016,26
13.0497999191,80.2116470337,55016,55028,12
13.0498399734,80.2117919922,55028,55038,10
13.0498695374,80.212020874,55038,55048,10
13.0494804382,80.2121734619,55048,55068,20
13.0494804382,80.2121734619,55068,55078,10
13.049249649,80.2121429443,55078,55088,10
13.0488195419,80.2121582031,55088,55097,9
13.0483503342,80.2121810913,55097,55109,12
13.0475301743,80.2122421265,55109,55119,10
13.0467596054,80.212272644,55119,55129,10
13.0459403992,80.2123031616,55129,55139,10
13.0450000763,80.2123413086,55139,55169,30
13.0450000763,80.2123413086,55169,55179,10
13.0448198318,80.2123413086,55179,55189,10
13.0445404053,80.212348938,55189,55199,10
13.0443601608,80.2123184204,55199,55230,31
13.0443601608,80.2123184204,55230,55240,10
13.0442495346,80.2121429443,55240,55250,10
13.044210434,80.2115631104,55250,55260,10
13.0441799164,80.2108383179,55260,55270,10
13.0441703796,80.2101516724,55270,55280,10
13.0441303253,80.2095031738,55280,55290,10
13.0441102982,80.2093429565,55290,55300,10
13.044090271,80.2090911865,55300,55310,10
13.0440797806,80.2088775635,55310,55320,10
13.0440797806,80.2087936401,55320,55331,11
13.0440702438,80.2083129883,55331,55341,10
13.0439596176,80.2076187134,55341,55350,9
13.0436401367,80.2070388794,55350,55361,11
13.0431404114,80.2063369751,55361,55371,10
13.0426597595,80.2057037354,55371,55381,10
13.0419998169,80.2053375244,55381,55382,1
13.0419197083,80.2053222656,55382,55421,39
13.04047966,80.2051620483,55421,55431,10
13.0399904251,80.2050704956,55431,55442,11
13.0393104553,80.2049789429,55442,55452,10
13.0388803482,80.2049026489,55452,55462,10
13.0382900238,80.2048416138,55462,55472,10
13.0381402969,80.2046890259,55472,55482,10
13.0382099152,80.2042312622,55482,55492,10
13.038310051,80.2035598755,55492,55502,10
13.0383796692,80.2028884888,55502,55511,9
13.0384597778,80.202293396,55511,55522,11
13.0385103226,80.2017822266,55522,55532,10
13.0385799408,80.2013473511,55532,55542,10
13.038649559,80.2008209229,55542,55553,11
13.0387601852,80.2002105713,55553,55563,10
13.0388698578,80.1995391846,55563,55573,10
13.0388898849,80.1993103027,55573,55583,10
13.0389299393,80.19896698,55583,55593,10
13.0389900208,80.1984634399,55593,55603,10
13.0391101837,80.1977081299,55603,55613,10
13.0391702652,80.1970825195,55613,55623,10
13.0391998291,80.1968917847,55623,55633,10
13.0392303467,80.1967010498,55633,55643,10
13.0392799377,80.1963500977,55643,55654,11
13.0393800735,80.1957092285,55654,55664,10
13.0394897461,80.195022583,55664,55674,10
13.0395803452,80.1942596436,55674,55684,10
13.0397195816,80.1932296753,55684,55704,20
13.0397195816,80.1932296753,55704,55714,10
13.0396604538,80.1930236816,55714,55724,10
13.039349556,80.1929626465,55724,55734,10
13.0388898849,80.1929321289,55734,55744,10
13.038649559,80.1928863525,55744,55754,10
13.0385398865,80.1928634644,55754,55764,10
13.038189888,80.1928024292,55764,55775,11
13.0378398895,80.1928787231,55775,55784,9
13.0376195908,80.1932907104,55784,55795,11
13.0374898911,80.1940994263,55795,55805,10
13.0373802185,80.1949081421,55805,55815,10
13.0372200012,80.1959991455,55815,55835,20
13.0372200012,80.1959991455,55835,55845,10
13.0371704102,80.1961975098,55845,55855,10
13.0370998383,80.1966934204,55855,55865,10
13.0369901657,80.1973876953,55865,55875,10
13.0368204117,80.1986236572,55875,55896,21
13.0368204117,80.1986236572,55896,55906,10
13.036740303,80.1988601685,55906,55916,10
13.0366802216,80.1994171143,55916,55926,10
13.0365600586,80.2001190186,55926,55936,10
13.0364704132,80.2008209229,55936,55946,10
13.0363998413,80.2013397217,55946,55956,10
13.036359787,80.2016983032,55956,55966,10
13.0363502502,80.2018127441,55966,55976,10
13.0363197327,80.2022018433,55976,55986,10
13.0361995697,80.2028427124,55986,55997,11
13.03606987,80.2036895752,55997,56007,10
13.0359897614,80.2044219971,56007,56017,10
13.0358800888,80.2050476074,56017,56027,10
13.035779953,80.2057571411,56027,56037,10
13.0357503891,80.2059402466,56037,56047,10
13.0356903076,80.2063674927,56047,56057,10
13.0355997086,80.2070388794,56057,56067,10
13.035490036,80.2078399658,56067,56077,10
13.0354204178,80.208442688,56077,56097,20
13.0354204178,80.208442688,56097,56114,17
13.0353403091,80.2089767456,56114,56126,12
13.0352096558,80.2097320557,56126,56136,10
13.0350999832,80.2103271484,56136,56146,10
13.0349397659,80.2108001709,56146,56156,10
13.0348300934,80.2114105225,56156,56166,10
13.034620285,80.2120819092,56166,56176,10
13.0341100693,80.2120437622,56176,56186,10
13.0334997177,80.2119827271,56186,56196,10
13.0328598022,80.2119369507,56196,56206,10
13.0325403214,80.2119293213,56206,56217,11
13.0324602127,80.2119369507,56217,56228,11
13.031999588,80.2118301392,56228,56238,10
13.0318899155,80.2114028931,56238,56248,10
13.0319900513,80.2107162476,56248,56258,10
13.0320796967,80.2100601196,56258,56268,10
13.0320301056,80.2097320557,56268,56278,10
13.0315599442,80.209602356,56278,56288,10
13.030960083,80.2094421387,56288,56298,10
13.0306797028,80.2093811035,56298,56308,10
13.0304803848,80.2092971802,56308,56318,10
13.0301904678,80.2092971802,56318,56329,11
13.0301198959,80.2095031738,56329,56339,10
13.0300798416,80.2096176147,56339,56348,9
13.0301904678,80.2098007202,56348,56359,11
13.0306797028,80.2099227905,56359,56369,10
13.0309400558,80.2100601196,56369,56379,10
13.0309200287,80.2103805542,56379,56389,10
13.0308599472,80.2109222412,56389,56399,10
13.0308198929,80.211227417,56399,56409,10
13.0307798386,80.2116317749,56409,56419,10
13.0306997299,80.2120437622,56419,56429,10
13.0306196213,80.2126617432,56429,56440,11
13.0305404663,80.2131195068,56440,56450,10
13.0305204391,80.2134628296,56450,56460,10
13.0304698944,80.2137680054,56460,56470,10
13.0304002762,80.2142868042,56470,56486,16
13.0303497314,80.2147827148,56486,56498,12
13.0303001404,80.2151794434,56498,56506,8
13.0303497314,80.2156982422,56506,56517,11
13.0306396484,80.2168197632,56517,56539,22
13.0306396484,80.2168197632,56539,56550,11
13.0310401917,80.2169036865,56550,56560,10
13.0313396454,80.2169265747,56560,56570,10
13.0314302444,80.2173309326,56570,56580,10
13.0314798355,80.2180633545,56580,56590,10
13.0320501328,80.2183532715,56590,56600,10
13.0322303772,80.2188034058,56600,56610,10
13.03221035,80.2193908691,56610,56620,10
13.0322198868,80.2199783325,56620,56630,10
13.0322198868,80.2203063965,56630,56640,10
13.0322303772,80.2203521729,56640,56650,10
13.032119751,80.2207107544,56650,56661,11
13.0319900513,80.2214126587,56661,56671,10
13.0317201614,80.2219924927,56671,56681,10
13.0313997269,80.2226028442,56681,56691,10
13.0312204361,80.2231826782,56691,56701,10
13.0311603546,80.223777771,56701,56711,10
13.0311603546,80.2238769531,56711,56721,10
13.0311498642,80.224067688,56721,56731,10
13.0309801102,80.2243423462,56731,56741,10
13.030500412,80.224357605,56741,56751,10
13.029800415,80.2243270874,56751,56761,10
13.0291900635,80.2243270874,56761,56772,11
13.0290203094,80.2242507935,56772,56782,10
13.0287904739,80.2240829468,56782,56792,10
13.0284500122,80.2241821289,56792,56802,10
13.0283002853,80.2249069214,56802,56812,10
13.0281095505,80.2258071899,56812,56822,10
13.0279502869,80.2266387939,56822,56832,10
13.0279502869,80.2269821167,56832,56842,10
13.0281896591,80.2270812988,56842,56852,10
13.0285596848,80.2271194458,56852,56862,10
13.0286998749,80.2271575928,56862,56872,10
13.0290899277,80.2272109985,56872,56883,11
13.0297698975,80.2273406982,56883,56893,10
13.0303401947,80.2274398804,56893,56903,10
13.0303602219,80.2281112671,56903,56933,30
13.0303602219,80.2281112671,56933,56943,10
13.0303297043,80.2284927368,56943,56953,10
13.0302801132,80.2289581299,56953,56963,10
13.0304498672,80.2296676636,56963,56973,10
13.0306501389,80.2303237915,56973,56983,10
13.0306596756,80.2306594849,56983,57000,17
13.029999733,80.2308120728,57000,57012,12
13.0297803879,80.2308502197,57012,57022,10
13.0296401978,80.2308807373,57022,57052,30
13.0296401978,80.2308807373,57052,57062,10
13.029589653,80.2309188843,57062,57072,10
13.0292301178,80.2309570313,57072,57082,10
13.0285196304,80.2310180664,57082,57091,9
13.0279598236,80.2310714722,57091,57103,12
13.0276699066,80.2312698364,57103,57113,10
13.0277204514,80.2317733765,57113,57123,10
13.0277996063,80.232383728,57123,57134,11
13.027680397,80.2328414917,57134,57144,10
13.0269899368,80.2329406738,57144,57154,10
13.026720047,80.2330093384,57154,57225,71
13.026720047,80.2330093384,57225,57235,10
13.0264997482,80.2330093384,57235,57245,10
13.0262699127,80.2326431274,57245,57255,10
13.0261096954,80.2319793701,57255,57265,10
13.0259599686,80.2313995361,57265,57275,10
13.0256996155,80.2306518555,57275,57285,10
13.0252103806,80.2298583984,57285,57295,10
13.024600029,80.2290725708,57295,57315,20
13.024600029,80.2290725708,57315,57326,11
13.0243902206,80.2287826538,57326,57336,10
13.0240497589,80.2284011841,57336,57346,10
13.023900032,80.2282333374,57346,57356,10
13.0238800049,80.2281799316,57356,57366,10
13.0236997604,80.2279510498,57366,57376,10
13.0233201981,80.2275772095,57376,57386,10
13.0229797363,80.2272033691,57386,57396,10
13.0225200653,80.2267913818,57396,57406,10
13.0219402313,80.2262878418,57406,57416,10
13.0212898254,80.2257766724,57416,57426,10
13.0207004547,80.2253189087,57426,57437,11
13.0200796127,80.2249069214,57437,57447,10
13.0194301605,80.2245101929,57447,57457,10
13.0184898376,80.2245788574,57457,57467,10
13.0174999237,80.2249832153,57467,57483,16
13.0163602829,80.2254562378,57483,57495,12
13.0156497955,80.225730896,57495,57505,10
13.0149803162,80.2260131836,57505,57515,10
13.0144300461,80.2262420654,57515,57525,10
13.0142402649,80.2263412476,57525,57535,10
13.0142202377,80.2263717651,57535,57546,11
13.0137796402,80.2265472412,57546,57556,10
13.0130796432,80.2268066406,57556,57566,10
13.012260437,80.2271194458,57566,57576,10
13.011300087,80.2275009155,57576,57586,10
13.0102996826,80.2278823853,57586,57597,11
13.0093002319,80.2283325195,57597,57607,10
13.0089797974,80.2292861938,57607,57617,10
13.0087404251,80.23046875,57617,57627,10
13.0085201263,80.2316970825,57627,57637,10
13.008310318,80.2328109741,57637,57647,10
13.0082397461,80.2335281372,57647,57658,11
13.0081996918,80.2336883545,57658,57668,10
13.008099556,80.2340621948,57668,57678,10
13.0080003738,80.23462677,57678,57688,10
13.0078496933,80.2353591919,57688,57698,10
13.0076799393,80.2361602783,57698,57708,10
13.0074901581,80.2370834351,57708,57718,10
13.0073003769,80.23802948,57718,57728,10
13.0071401596,80.238861084,57728,57738,10
13.0070199966,80.2394714355,57738,57748,10
13.0069503784,80.2397994995,57748,57789,41
13.0069503784,80.2397994995,57789,57799,10
13.0069904327,80.239982605,57799,57809,10
13.0068998337,80.2405166626,57809,57825,16
13.0067596436,80.2418212891,57825,57838,13
13.0067501068,80.2430419922,57838,57848,10
13.0067396164,80.2438964844,57848,57858,10
13.0067796707,80.2447662354,57858,57869,11
13.0067596436,80.2456512451,57869,57880,11
13.006770134,80.2465286255,57880,57900,20
13.006770134,80.2465286255,57900,57910,10
13.0067501068,80.2468338013,57910,57920,10
13.0067396164,80.247177124,57920,57930,10
13.0067100525,80.2477035522,57930,57940,10
13.0067396164,80.2485580444,57940,57950,10
13.0068798065,80.2496490479,57950,57970,20
13.0068798065,80.2496490479,57970,57981,11
13.0068798065,80.250038147,57981,57991,10
13.0068798065,80.2506027222,57991,58001,10
13.0069103241,80.2512283325,58001,58011,10
13.0067596436,80.2518768311,58011,58021,10
13.0065898895,80.2526016235,58021,58031,10
13.0065803528,80.2534103394,58031,58041,10
13.0065898895,80.2543029785,58041,58051,10
13.0066404343,80.2549591064,58051,58061,10
13.0066299438,80.2550201416,58061,58071,10
13.0066003799,80.2550964355,58071,58081,10
13.0065803528,80.2555389404,58081,58092,11
13.0066003799,80.2564086914,58092,58102,10
13.0067100525,80.2572479248,58102,58203,101
13.0067100525,80.2572479248,58203,58213,10
13.0066699982,80.2574310303,58213,58223,10
13.0061397552,80.2574768066,58223,58233,10
13.0054397583,80.2573318481,58233,58243,10
13.0047702789,80.2571716309,58243,58253,10
13.0040998459,80.2570266724,58253,58263,10
13.0038795471,80.2570037842,58263,58272,9
13.0037002563,80.2569732666,58272,58282,10
13.0035200119,80.256942749,58282,58334,52
13.0035200119,80.256942749,58334,58344,10
13.0031995773,80.2568511963,58344,58354,10
13.0029401779,80.2567977905,58354,58364,10
13.0026397705,80.2567520142,58364,58374,10
13.0023202896,80.2566833496,58374,58384,10
13.0018100739,80.2566070557,58384,58394,10
13.0013399124,80.2565689087,58394,58455,61
13.0013399124,80.2565689087,58455,58465,10
13.0011396408,80.2565536499,58465,58475,10
13.0005397797,80.2564468384,58475,58485,10
12.9997596741,80.2563095093,58485,58494,9
12.9990501404,80.2561569214,58494,58505,11
12.9981899261,80.2560195923,58505,58515,10
12.9972000122,80.2559661865,58515,58566,51
12.9972000122,80.2559661865,58566,58576,10
12.9968900681,80.2560806274,58576,58586,10
12.9968700409,80.2565536499,58586,58596,10
12.9968299866,80.2571487427,58596,58606,10
12.9967603683,80.2578277588,58606,58616,10
12.9966802597,80.2585601807,58616,58626,10
12.996629715,80.2591781616,58626,58636,10
12.9965696335,80.2597885132,58636,58647,11
12.9965200424,80.2603530884,58647,58657,10
12.9964199066,80.2610931396,58657,58667,10
12.9963598251,80.2617492676,58667,58677,10
12.996339798,80.262046814,58677,58687,10
12.9962902069,80.2623825073,58687,58697,10
12.9962501526,80.2626190186,58697,58707,10
12.9961996078,80.2631225586,58707,58717,10
12.9961500168,80.2637481689,58717,58727,10
12.9960603714,80.2645187378,58727,58737,10
12.9959402084,80.2653503418,58737,58747,10
12.9958295822,80.2662582397,58747,58758,11
12.9957399368,80.2671966553,58758,58768,10
12.9957895279,80.2676925659,58768,58778,10
12.9961500168,80.2677536011,58778,58788,10
12.9961900711,80.2677383423,58788,58798,10
12.9963197708,80.2677307129,58798,58808,10
12.9967603683,80.2677307129,58808,58818,10
12.9973602295,80.2676086426,58818,58828,10
12.998049736,80.2673873901,58828,58838,10
12.9987802505,80.2671890259,58838,58848,10
12.9995002747,80.2669830322,58848,58858,10
13.0000600815,80.2667007446,58858,58869,11
13.000120163,80.2665786743,58869,58879,10
13.0001602173,80.2663726807,58879,58889,10
13.0002002716,80.2660369873,58889,58899,10
13.0002498627,80.2657089233,58899,58909,10
13.0003995895,80.2657394409,58909,58919,10
13.0003299713,80.2660064697,58919,58929,10
13.000289917,80.2663574219,58929,59496,567
13.000289917,80.2663574219,59496,59506,10
13.0003404617,80.2668304443,59506,59516,10
13.0000295639,80.2670211792,59516,59527,11
12.9993696213,80.2671508789,59527,59537,10
12.9987096786,80.2673110962,59537,59547,10
12.9981498718,80.2674407959,59547,59557,10
12.9975404739,80.2676315308,59557,59567,10
12.9968395233,80.2678070068,59567,59577,10
12.996049881,80.2677764893,59577,59587,10
12.9956502914,80.2677078247,59587,59597,10
12.9956502914,80.2674331665,59597,59607,10
12.9956502914,80.2673797607,59607,59617,10
12.9956903458,80.2671432495,59617,59627,10
12.9957399368,80.2666015625,59627,59638,11
12.9958200455,80.2657470703,59638,59648,10
12.9959497452,80.2649230957,59648,59658,10
12.9960603714,80.2640533447,59658,59668,10
12.9961204529,80.2631988525,59668,59678,10
12.9961795807,80.2626571655,59678,59688,10
12.9961795807,80.2625808716,59688,59698,10
12.9962100983,80.2622909546,59698,59708,10
12.9962797165,80.2617797852,59708,59718,10
12.9963598251,80.2610778809,59718,59728,10
12.9964704514,80.2602920532,59728,59738,10
12.996509552,80.2594909668,59738,59749,11
12.9966096878,80.2585906982,59749,59759,10
12.9967002869,80.2577133179,59759,59769,10
12.9968004227,80.2569885254,59769,59779,10
12.9968299866,80.256439209,59779,59789,10
12.9969501495,80.2558822632,59789,59799,10
12.9973897934,80.2558898926,59799,59809,10
12.9979801178,80.2559432983,59809,59819,10
12.998459816,80.2559814453,59819,59829,10
12.9987697601,80.2560424805,59829,59839,10
12.9987802505,80.2560424805,59839,59850,11
12.9990701675,80.2561187744,59850,59880,30
12.9990701675,80.2561187744,59880,59890,10
12.9993600845,80.256149292,59890,59900,10
12.9998998642,80.2562484741,59900,59910,10
13.0005397797,80.256362915,59910,59920,10
13.00096035,80.2564468384,59920,59940,20
13.00096035,80.2564468384,59940,59950,10
13.0013303757,80.2565307617,59950,59960,10
13.001709938,80.2566223145,59960,59971,11
13.0023403168,80.256690979,59971,59981,10
13.0029296875,80.2567977905,59981,59991,10
13.0034799576,80.2569198608,59991,60001,10
13.0040798187,80.2570266724,60001,60011,10
13.0047502518,80.2571487427,60011,60021,10
13.0053596497,80.257232666,60021,60031,10
13.0054702759,80.2572631836,60031,60041,10
13.0056600571,80.2573471069,60041,60051,10
13.0060396194,80.2574005127,60051,60061,10
13.006480217,80.2574005127,60061,60072,11
13.0064697266,80.2567901611,60072,60082,10
13.006480217,80.2560501099,60082,60092,10
13.0065002441,80.2552719116,60092,60102,10
13.0065097809,80.2545471191,60102,60112,10
13.0064897537,80.2536773682,60112,60122,10
13.0064897537,80.2531967163,60122,60132,10
13.006480217,80.2531433105,60132,60142,10
13.006480217,80.2529983521,60142,60152,10
13.0065402985,80.2522735596,60152,60182,30
13.0065402985,80.2522735596,60182,60193,11
13.0066204071,80.2518463135,60193,60203,10
13.0067501068,80.2511825562,60203,60213,10
13.0067796707,80.2504501343,60213,60223,10
13.0067501068,80.2495574951,60223,60233,10
13.0066900253,80.2486419678,60233,60243,10
13.0066099167,80.2480010986,60243,60304,61
13.0066099167,80.2480010986,60304,60314,10
13.0066003799,80.2475814819,60314,60324,10
13.0065698624,80.2467269897,60324,60344,20
13.0065698624,80.2467269897,60344,60354,10
13.0065498352,80.24659729,60354,60364,10
13.0066099167,80.2462997437,60364,60374,10
13.0065698624,80.2458877563,60374,60384,10
13.0065803528,80.2454681396,60384,60394,10
13.0065698624,80.2450714111,60394,60404,10
13.0065803528,80.2447967529,60404,60415,11
13.0066003799,80.2444076538,60415,60425,10
13.0065803528,80.2440795898,60425,60435,10
13.0065898895,80.243598938,60435,60445,10
13.0065698624,80.2429733276,60445,60455,10
13.0065498352,80.2421875,60455,60465,10
13.0065803528,80.2414398193,60465,60475,10
13.0066604614,80.2407531738,60475,60485,10
13.0067300797,80.2402877808,60485,60495,10
13.0068597794,80.2397384644,60495,60505,10
13.0070199966,80.2389907837,60505,60516,11
13.0071802139,80.2380905151,60516,60526,10
13.007349968,80.2373123169,60526,60536,10
13.0074195862,80.2367706299,60536,60546,10
13.0074300766,80.2367095947,60546,60556,10
13.0074501038,80.2366409302,60556,60566,10
13.0075397491,80.2363510132,60566,60576,10
13.0076303482,80.2358474731,60576,60586,10
13.0077600479,80.2351379395,60586,60606,20
13.0077600479,80.2351379395,60606,60616,10
13.0077800751,80.2350921631,60616,60627,11
13.0078601837,80.234703064,60627,60637,10
13.0079803467,80.2340621948,60637,60647,10
13.0081596375,80.2331771851,60647,60657,10
13.0083799362,80.2321014404,60657,60667,10
13.0086097717,80.2310180664,60667,60677,10
13.0088396072,80.2298202515,60677,60687,10
13.0090999603,80.228553772,60687,60697,10
13.0095701218,80.2273330688,60697,60707,10
13.0101003647,80.2261505127,60707,60717,10
13.0104598999,80.2254867554,60717,60727,10
13.0106401443,80.225151062,60727,60738,11
13.0108203888,80.2247314453,60738,60748,10
13.0110998154,80.2240219116,60748,60758,10
13.0114202499,80.2232589722,60758,60768,10
13.0117397308,80.2223892212,60768,60778,10
13.0120697021,80.2215270996,60778,60788,10
13.0124397278,80.2216033936,60788,60804,16
13.0131397247,80.2224807739,60804,60816,12
13.0138196945,80.2232437134,60816,60824,8
13.0142602921,80.2237930298,60824,60836,12
13.014960289,80.224609375,60836,60846,10
13.0156402588,80.2251205444,60846,60867,21
13.0156402588,80.2251205444,60867,60877,10
13.0157299042,80.2251434326,60877,60887,10
13.0159702301,80.2253036499,60887,60896,9
13.0164203644,80.2253189087,60896,60907,11
13.0169897079,80.2251281738,60907,60917,10
13.0176401138,80.2248764038,60917,60926,9
13.0181999207,80.224647522,60926,60936,10
13.0188503265,80.2243881226,60936,60947,11
13.0192499161,80.224319458,60947,60958,11
13.0192699432,80.2243118286,60958,60968,10
13.019370079,80.2243423462,60968,60978,10
13.019610405,80.2244415283,60978,60988,10
13.0199604034,80.2246704102,60988,60998,10
13.0203104019,80.2249603271,60998,61008,10
13.0207300186,80.2252807617,61008,61018,10
13.0212497711,80.2256698608,61018,61028,10
13.0218200684,80.2260971069,61028,61038,10
13.0224599838,80.2266311646,61038,61048,10
13.0230703354,80.2271728516,61048,61058,10
13.0234899521,80.2275619507,61058,61069,11
13.023900032,80.2279281616,61069,61078,9
13.0241298676,80.2281265259,61078,61149,71
13.0241298676,80.2281265259,61149,61159,10
13.0244197845,80.2285232544,61159,61169,10
13.0246696472,80.2289123535,61169,61180,11
13.0250396729,80.2294006348,61180,61190,10
13.025349617,80.2297973633,61190,61200,10
13.0257301331,80.2303237915,61200,61220,20
13.0257301331,80.2303237915,61220,61230,10
13.0257997513,80.2304916382,61230,61240,10
13.0259199142,80.230758667,61240,61249,9
13.0260095596,80.231048584,61249,61260,11
13.0262002945,80.2313766479,61260,61270,10
13.0267496109,80.2312393188,61270,61280,10
13.0275001526,80.2310562134,61280,61291,11
13.0283002853,80.2309494019,61291,61301,10
13.0285396576,80.2309188843,61301,61311,10
13.0286397934,80.2308807373,61311,61321,10
13.0288801193,80.2308578491,61321,61341,20
13.0288801193,80.2308578491,61341,61351,10
13.0291700363,80.2308273315,61351,61361,10
13.029540062,80.2307891846,61361,61371,10
13.0299701691,80.2307662964,61371,61381,10
13.0302200317,80.2307434082,61381,61391,10
13.0306100845,80.2306976318,61391,61402,11
13.0306797028,80.2304992676,61402,61412,10
13.0306196213,80.230178833,61412,61422,10
13.0305204391,80.2298736572,61422,61432,10
13.0303001404,80.2293014526,61432,61442,10
13.0303497314,80.2282104492,61442,61468,26
13.0303497314,80.2282104492,61468,61480,12
13.0303897858,80.2277679443,61480,61490,10
13.0302495956,80.2274780273,61490,61500,10
13.0296602249,80.2273864746,61500,61511,11
13.0288095474,80.2272415161,61511,61521,10
13.0281095505,80.2271118164,61521,61531,10
13.0278596878,80.2268829346,61531,61541,10
13.0279598236,80.2263870239,61541,61551,10
13.0280799866,80.2258224487,61551,61560,9
13.0282802582,80.2249526978,61560,61571,11
13.0284404755,80.2241210938,61571,61581,10
13.0287904739,80.2240219116,61581,61591,10
13.0287904739,80.224029541,61591,61601,10
13.0289001465,80.2240829468,61601,61611,10
13.0292196274,80.2242965698,61611,61622,11
13.0298299789,80.224319458,61622,61632,10
13.0304803848,80.2243270874,61632,61641,9
13.0310096741,80.2243118286,61641,61652,11
13.0311002731,80.2239379883,61652,61662,10
13.031129837,80.2234191895,61662,61672,10
13.0311803818,80.2231063843,61672,61682,10
13.0312099457,80.2230377197,61682,61692,10
13.0312995911,80.2227096558,61692,61702,10
13.0315704346,80.2222213745,61702,61712,10
13.0318899155,80.2215881348,61712,61722,10
13.0320701599,80.2208404541,61722,61733,11
13.0321702957,80.220161438,61733,61743,10
13.0321598053,80.2199325562,61743,61753,10
13.0321798325,80.2197570801,61753,61763,10
13.0321998596,80.2197265625,61763,61773,10
13.0321998596,80.219367981,61773,61783,10
13.0321798325,80.2188110352,61783,61793,10
13.0317602158,80.218460083,61793,61803,10
13.0314702988,80.217956543,61803,61813,10
13.0313997269,80.2172470093,61813,61823,10
13.0312404633,80.217010498,61823,61833,10
13.0309495926,80.2170028687,61833,61844,11
13.0306301117,80.2169876099,61844,61854,10
13.0304203033,80.2167434692,61854,61864,10
13.0304203033,80.2167205811,61864,61874,10
13.0304098129,80.2163925171,61874,61884,10
13.0303697586,80.2158279419,61884,61894,10
13.0303297043,80.215133667,61894,61904,10
13.0303497314,80.2145004272,61904,61924,20
13.0303497314,80.2145004272,61924,61934,10
13.0304002762,80.2141036987,61934,61944,10
13.0304803848,80.2137069702,61944,61955,11
13.030500412,80.213432312,61955,61965,10
13.0305900574,80.2129592896,61965,61975,10
13.0306901932,80.212310791,61975,61985,10
13.030790329,80.2117614746,61985,61995,10
13.0308198929,80.21144104,61995,62005,10
13.0308599472,80.2110900879,62005,62015,10
13.0309000015,80.2108383179,62015,62025,10
13.0309801102,80.2102966309,62025,62035,10
13.0309200287,80.2100830078,62035,62045,10
13.0306396484,80.2099990845,62045,62055,10
13.0301399231,80.2098617554,62055,62072,17
13.0301198959,80.2092437744,62072,62143,71
13.0301198959,80.2092437744,62143,62154,11
13.0302495956,80.2090606689,62154,62165,11
13.0307302475,80.2091598511,62165,62175,10
13.0316801071,80.2093963623,62175,62195,20
13.0316801071,80.2093963623,62195,62205,10
13.0318803787,80.2094192505,62205,62215,10
13.0323200226,80.2095489502,62215,62225,10
13.0330200195,80.2096710205,62225,62235,10
13.0338401794,80.2098236084,62235,62245,10
13.0346403122,80.2099533081,62245,62255,10
13.0350999832,80.2099609375,62255,62265,10
13.0351896286,80.2095413208,62265,62276,11
13.0352802277,80.2086486816,62276,62306,30
13.0352802277,80.2086486816,62306,62316,10
13.0352802277,80.2084732056,62316,62326,10
13.0353403091,80.2081298828,62326,62336,10
13.0354003906,80.2075881958,62336,62346,10
13.0355100632,80.2069015503,62346,62356,10
13.0356197357,80.2062072754,62356,62366,10
13.0354995728,80.2056427002,62366,62387,21
13.0354995728,80.2056427002,62387,62397,10
13.0355396271,80.2053833008,62397,62407,10
13.0355501175,80.2053375244,62407,62417,10
13.035779953,80.2051696777,62417,62427,10
13.0358400345,80.2047271729,62427,62437,10
13.0359201431,80.2042694092,62437,62447,10
13.0360002518,80.203742981,62447,62457,10
13.0361003876,80.2030792236,62457,62467,10
13.0361995697,80.2023391724,62467,62477,10
13.0362701416,80.2017593384,62477,62487,10
13.0362796783,80.2017211914,62487,62498,11
13.0362901688,80.2016983032,62498,62508,10
13.0362997055,80.2015609741,62508,62518,10
13.036359787,80.2011566162,62518,62528,10
13.0364704132,80.2005004883,62528,62537,9
13.0365800858,80.1997375488,62537,62548,11
13.0366697311,80.1990966797,62548,62558,10
13.0367298126,80.1985473633,62558,62568,10
13.0367298126,80.1985321045,62568,62578,10
13.0367803574,80.1984405518,62578,62588,10
13.0368099213,80.1981964111,62588,62598,10
13.0368795395,80.1977233887,62598,62609,11
13.0369796753,80.1969833374,62609,62619,10
13.0370502472,80.1964569092,62619,62629,10
13.0370597839,80.1964492798,62629,62639,10
13.0371198654,80.196182251,62639,62649,10
13.0371904373,80.1956634521,62649,62659,10
13.0373096466,80.1948776245,62659,62669,10
13.0374298096,80.1939697266,62669,62679,10
13.0375499725,80.193031311,62679,62689,10
13.0378599167,80.192741394,62689,62699,10
13.0382995605,80.1927719116,62699,62709,10
13.0386600494,80.1928482056,62709,62730,21
13.0386600494,80.1928482056,62730,62740,10
13.0390195847,80.1929168701,62740,62750,10
13.0394601822,80.1930007935,62750,62760,10
13.0398797989,80.193069458,62760,62770,10
13.040430069,80.1931610107,62770,62780,10
13.0409402847,80.1932678223,62780,62790,10
13.041560173,80.193359375,62790,62800,10
13.0417804718,80.193687439,62800,62810,10
13.0417699814,80.1939163208,62810,62820,10
13.0417604446,80.1940765381,62820,62831,11
13.0417604446,80.1942367554,62831,62841,10
13.0417098999,80.1946487427,62841,62851,10
13.0416097641,80.1953125,62851,62861,10
13.0415401459,80.1958618164,62861,62871,10
13.0414495468,80.1965026855,62871,62881,10
13.0413999557,80.1969833374,62881,62891,10
13.0413999557,80.1969833374,62891,62901,10
13.0412998199,80.1975479126,62901,62911,10
13.0411901474,80.1983108521,62911,62921,10
13.0410995483,80.1989974976,62921,62931,10
13.0410699844,80.1992034912,62931,62942,11
13.0410804749,80.1992721558,62942,62952,10
13.041009903,80.1996307373,62952,62963,11
13.0408802032,80.2004470825,62963,62973,10
13.0407600403,80.2012863159,62973,62982,9
13.0406904221,80.2018203735,62982,62993,11
13.0405902863,80.202331543,62993,63004,11
13.04047966,80.2030792236,63004,63014,10
13.0403404236,80.2040100098,63014,63023,9
13.0402898788,80.2046203613,63023,63034,11
13.0403604507,80.2050628662,63034,63044,10
13.0408000946,80.2051086426,63044,63055,11
13.0411596298,80.2052001953,63055,63065,10
13.0411701202,80.2052001953,63065,63075,10
13.0412502289,80.2052078247,63075,63085,10
13.0415401459,80.2052612305,63085,63095,10
13.0420799255,80.2053222656,63095,63105,10
13.0426101685,80.2054672241,63105,63115,10
13.042889595,80.2058868408,63115,63125,10
13.043299675,80.2064819336,63125,63135,10
13.0437898636,80.2071380615,63135,63145,10
13.0441198349,80.207901001,63145,63155,10
13.0441999435,80.2087631226,63155,63176,21
13.0441999435,80.2087631226,63176,63186,10
13.044210434,80.2089309692,63186,63196,10
13.0442304611,80.2093429565,63196,63206,10
13.0442399979,80.2099533081,63206,63216,10
13.0442800522,80.2107086182,63216,63226,10
13.0443000793,80.2116394043,63226,63236,10
13.0443897247,80.2122421265,63236,63246,10
13.0445995331,80.2122497559,63246,63256,10
13.0451097488,80.2122268677,63256,63267,11
13.0459604263,80.2122192383,63267,63277,10
13.0469198227,80.2121276855,63277,63317,40
13.0469198227,80.2121276855,63317,63327,10
13.0470695496,80.2118606567,63327,63337,10
13.0470304489,80.2113113403,63337,63347,10
13.0471200943,80.2107925415,63347,63357,10
13.0476198196,80.2107620239,63357,63367,10
13.0483198166,80.2107925415,63367,63377,10
13.0488901138,80.2108078003,63377,63388,11
13.0494298935,80.2108383179,63388,63398,10
13.0496301651,80.2107086182,63398,63408,10
13.0495796204,80.2101516724,63408,63418,10
13.0494804382,80.2094192505,63418,63428,10
13.0494203568,80.2089996338,63428,63438,10
13.0493803024,80.208732605,63438,63448,10
13.0492200851,80.2081832886,63448,63458,10
13.0488901138,80.2072525024,63458,63478,20
13.0488901138,80.2072525024,63478,63489,11
13.0488195419,80.2070770264,63489,63499,10
13.0489501953,80.2068786621,63499,63509,10
13.0491695404,80.2068710327,63509,63519,10
13.0492696762,80.2071609497,63519,64102,583
13.0492696762,80.2071609497,64102,64112,10
13.049079895,80.2075195313,64112,64122,10
13.0491800308,80.2078323364,64122,64132,10
13.0493402481,80.2082366943,64132,64142,10
13.0494298935,80.2086334229,64142,64153,11
13.0494403839,80.2087936401,64153,64163,10
13.0495195389,80.2091598511,64163,64173,10
13.0496101379,80.2097396851,64173,64183,10
13.0496797562,80.2103805542,64183,64193,10
13.0497503281,80.210899353,64193,64203,10
13.0497903824,80.21144104,64203,64223,20
13.0497903824,80.21144104,64223,64233,10
13.0498199463,80.2115020752,64233,64243,10
13.0498399734,80.211730957,64243,64253,10
13.0498695374,80.2119827271,64253,64264,11
13.0498600006,80.2122192383,64264,64274,10
13.049539566,80.2122268677,64274,64304,30
13.049539566,80.2122268677,64304,64314,10
13.0493803024,80.2122192383,64314,64324,10
13.0489902496,80.2122268677,64324,64334,10
13.0484695435,80.2122573853,64334,64344,10
13.0478096008,80.212310791,64344,64354,10
13.0470399857,80.212348938,64354,64364,10
13.046210289,80.212387085,64364,64375,11
13.0452404022,80.2124176025,64375,64385,10
13.044549942,80.2124633789,64385,64415,30
13.044549942,80.2124633789,64415,64425,10
13.0443401337,80.2124176025,64425,64435,10
13.0442695618,80.2122268677,64435,64451,16
13.044210434,80.2115020752,64451,64463,12
13.0441703796,80.2109298706,64463,64471,8
13.0441303253,80.2105407715,64471,64534,63
13.0441303253,80.2105407715,64534,64544,10
13.0441198349,80.210319519,64544,64554,10
13.0441198349,80.2100219727,64554,64564,10
13.0441398621,80.2097625732,64564,64574,10
13.0440702438,80.2088317871,64574,64605,31
13.0440702438,80.2088317871,64605,64615,10
13.0440502167,80.2084884644,64615,64625,10
13.0440597534,80.2080993652,64625,64635,10
13.0438299179,80.2074279785,64635,64645,10
13.0434503555,80.2068405151,64645,64655,10
13.0430603027,80.2062911987,64655,64665,10
13.0426702499,80.2057800293,64665,64674,9
13.0421895981,80.2054290771,64674,64685,11
13.0414896011,80.2052764893,64685,64695,10
13.0409498215,80.2052001953,64695,64706,11
13.0408201218,80.2052001953,64706,64716,10
13.0406999588,80.2052001953,64716,64726,10
13.040309906,80.2051086426,64726,64736,10
13.0398197174,80.2050018311,64736,64746,10
13.0392599106,80.2049331665,64746,64756,10
13.0388402939,80.2048721313,64756,64766,10
13.0382795334,80.2048110962,64766,64776,10
13.0381202698,80.2046737671,64776,64786,10
13.0381803513,80.2042770386,64786,64796,10
13.0382604599,80.2037200928,64796,64806,10
13.038359642,80.2030105591,64806,64817,11
13.0384397507,80.2024993896,64817,64827,10
13.0385198593,80.2018814087,64827,64837,10
13.0385904312,80.201461792,64837,64847,10
13.0386800766,80.2008666992,64847,64857,10
13.0388202667,80.2002487183,64857,64867,10
13.0388898849,80.1992797852,64867,64887,20
13.0388898849,80.1992797852,64887,64897,10
13.0389499664,80.1988067627,64897,64907,10
13.039059639,80.1981430054,64907,64917,10
13.0392398834,80.1969985962,64917,64948,31
13.0392398834,80.1969985962,64948,64958,10
13.0393199921,80.1965408325,64958,64968,10
13.0393695831,80.196182251,64968,64978,10
13.0394201279,80.1957397461,64978,64988,10
13.0394802094,80.1950836182,64988,64998,10
13.0396003723,80.1944122314,64998,65008,10
13.0397596359,80.1932983398,65008,65028,20
13.0397596359,80.1932983398,65028,65039,11
13.0396795273,80.1930770874,65039,65049,10
13.0393104553,80.1930084229,65049,65059,10
13.0386199951,80.1928863525,65059,65089,30
13.0386199951,80.1928863525,65089,65099,10
13.0384197235,80.1929016113,65099,65109,10
13.0381298065,80.1928634644,65109,65119,10
13.0377197266,80.1929702759,65119,65129,10
13.0375900269,80.1935882568,65129,65139,10
13.0375003815,80.1942596436,65139,65150,11
13.0373802185,80.1951217651,65150,65160,10
13.0372800827,80.1960067749,65160,65180,20
13.0372800827,80.1960067749,65180,65190,10
13.0372495651,80.1962280273,65190,65200,10
13.0371704102,80.1966094971,65200,65210,10
13.0370798111,80.1972198486,65210,65220,10
13.0369796753,80.197883606,65220,65230,10
13.0369195938,80.1984786987,65230,65240,10
13.0368995667,80.198638916,65240,65256,16
13.0368499756,80.1987991333,65256,65269,13
13.0367498398,80.1993865967,65269,65279,10
13.0366697311,80.1999588013,65279,65289,10
13.0365400314,80.200843811,65289,65298,9
13.0364704132,80.2013473511,65298,65308,10
13.0364103317,80.2018432617,65308,65338,30
13.0364103317,80.2018432617,65338,65350,12
13.0363397598,80.2023010254,65350,65391,41
13.0363397598,80.2023010254,65391,65401,10
13.0362997055,80.2025299072,65401,65411,10
13.0362300873,80.2029190063,65411,65421,10
13.0361404419,80.2035369873,65421,65431,10
13.0360498428,80.204208374,65431,65441,10
13.0359897614,80.2046585083,65441,65451,10
13.0359096527,80.2052536011,65451,65461,10
13.0358400345,80.2058029175,65461,65471,10
13.0358295441,80.2058868408,65471,65482,11
13.0358400345,80.2059783936,65482,65492,10
13.0357503891,80.2063598633,65492,65502,10
13.03565979,80.2069396973,65502,65512,10
13.0355701447,80.2076568604,65512,65522,10
13.0354604721,80.2084579468,65522,65542,20
13.0354604721,80.2084579468,65542,65552,10
13.0354003906,80.2086791992,65552,65562,10
13.0353603363,80.2089767456,65562,65572,10
13.0353403091,80.2091217041,65572,65583,11
13.035320282,80.2092666626,65583,65593,10
13.0352602005,80.2096710205,65593,65603,10
13.0352401733,80.2100219727,65603,65613,10
13.0352201462,80.2101135254,65613,65623,10
13.0351200104,80.2105026245,65623,65633,10
13.0349397659,80.2110137939,65633,65643,10
13.0348300934,80.2117385864,65643,65653,10
13.0345401764,80.2121734619,65653,65663,10
13.0340099335,80.2120819092,65663,65673,10
13.0334396362,80.2120132446,65673,65683,10
13.0328102112,80.2119903564,65683,65693,10
13.0325202942,80.2119674683,65693,65704,11
13.0325202942,80.2119598389,65704,65714,10
13.0324201584,80.2119598389,65714,65724,10
13.0320701599,80.2118988037,65724,65734,10
13.0319004059,80.211517334,65734,65744,10
13.0319900513,80.210899353,65744,65754,10
13.0320796967,80.2102432251,65754,65764,10
13.0319404602,80.2097167969,65764,65774,10
13.0317001343,80.2096633911,65774,65784,10
13.0316696167,80.2096481323,65784,65794,10
13.0314397812,80.2095794678,65794,65804,10
13.0310897827,80.2095108032,65804,65815,11
13.0306301117,80.2093811035,65815,65825,10
13.030380249,80.2092666626,65825,65835,10
13.0301799774,80.2092666626,65835,65845,10
13.0300998688,80.2095870972,65845,65865,20
13.0300998688,80.2095870972,65865,65875,10
13.0300998688,80.2098770142,65875,65885,10
13.030380249,80.2099685669,65885,65895,10
13.0308599472,80.2100906372,65895,65905,10
13.0310001373,80.2102890015,65905,65916,11
13.0309495926,80.2107620239,65916,65926,10
13.0309095383,80.21118927,65926,65936,10
13.03083992,80.2115631104,65936,65946,10
13.0308103561,80.2118835449,65946,65956,10
13.0307502747,80.212310791,65956,65966,10
13.0306396484,80.2129211426,65966,65976,10
13.0305595398,80.2135162354,65976,65986,10
13.0305204391,80.2138366699,65986,65996,10
13.0304498672,80.2142181396,65996,66006,10
13.030380249,80.2148132324,66006,66027,21
13.030380249,80.2148132324,66027,66037,10
13.030380249,80.215133667,66037,66047,10
13.030380249,80.215637207,66047,66057,10
13.0304098129,80.2163085938,66057,66067,10
13.0306797028,80.2169265747,66067,66087,20
13.0306797028,80.2169265747,66087,66103,16
13.0312204361,80.2169876099,66103,66115,12
13.0314998627,80.2171783447,66115,66123,8
13.031539917,80.2176132202,66123,66135,12
13.0316696167,80.2183685303,66135,66146,11
13.0322399139,80.2185516357,66146,66155,9
13.0322599411,80.2189483643,66155,66166,11
13.0322504044,80.2196502686,66166,66176,10
13.0322504044,80.2203292847,66176,66181,5
13.0322504044,80.2203292847,66181,66227,46
13.0319299698,80.2216873169,66227,66237,10
13.0317001343,80.2221298218,66237,66247,10
13.0315799713,80.2223892212,66247,66258,11
13.031419754,80.2226791382,66258,66268,10
13.0312404633,80.22315979,66268,66278,10
13.0311899185,80.2238082886,66278,66288,10
13.0311899185,80.2240066528,66288,66298,10
13.0311803818,80.2241210938,66298,66308,10
13.0310401917,80.2244110107,66308,66320,12
13.0303697586,80.2243728638,66320,66329,9
13.0299196243,80.2243423462,66329,66340,11
13.0290298462,80.224319458,66340,66360,20
13.0290298462,80.224319458,66360,66371,11
13.0289001465,80.2242431641,66371,66380,9
13.0286302567,80.2241821289,66380,66391,11
13.0284004211,80.2246170044,66391,66401,10
13.0282001495,80.2254562378,66401,66411,10
13.0280599594,80.2262420654,66411,66421,10
13.0279598236,80.2268066406,66421,66431,10
13.0280199051,80.2270507813,66431,66441,10
13.0283603668,80.2271728516,66441,66451,10
13.0289001465,80.2272567749,66451,66461,10
13.0295696259,80.2273712158,66461,66471,10
13.0301799774,80.2274780273,66471,66482,11
13.0304403305,80.2276611328,66482,66492,10
13.0304203033,80.2279891968,66492,66508,16
13.030380249,80.2282791138,66508,66520,12
13.0303697586,80.2284317017,66520,66530,10
13.0303401947,80.2287063599,66530,66539,9
13.0303297043,80.2291870117,66539,66550,11
13.0304803848,80.2297210693,66550,66560,10
13.030670166,80.2303695679,66560,66570,10
13.0307102203,80.2305297852,66570,66580,10
13.0306797028,80.230796814,66580,66591,11
13.030380249,80.2308425903,66591,66600,9
13.0297403336,80.2309036255,66600,66621,21
13.0297403336,80.2309036255,66621,66631,10
13.0293998718,80.2309417725,66631,66641,10
13.0288200378,80.2309799194,66641,66651,10
13.0281295776,80.231048584,66651,66661,10
13.027680397,80.2311172485,66661,66671,10
13.0276899338,80.2315292358,66671,66681,10
13.0277700424,80.2321395874,66681,66692,11
13.0278701782,80.2327804565,66692,66702,10
13.0274200439,80.2329406738,66702,66712,10
13.0268201828,80.2330703735,66712,66833,121
13.0268201828,80.2330703735,66833,66843,10
13.0264997482,80.2330703735,66843,66853,10
13.0263700485,80.2328414917,66853,66863,10
13.0262804031,80.2325134277,66863,66873,10
13.0261697769,80.2321395874,66873,66883,10
13.0260896683,80.231842041,66883,66893,10
13.0260000229,80.2314987183,66893,66903,10
13.0258598328,80.2309036255,66903,66913,10
13.0254602432,80.2301864624,66913,66924,11
13.0251197815,80.2297821045,66924,66934,10
13.024939537,80.2295608521,66934,66944,10
13.0247602463,80.229347229,66944,66954,10
13.0245800018,80.229133606,66954,66964,10
13.0242700577,80.2287216187,66964,66974,10
13.0238800049,80.2282714844,66974,66994,20
13.0238800049,80.2282714844,66994,67004,10
13.0238199234,80.2281799316,67004,67014,10
13.0235700607,80.2279129028,67014,67025,11
13.023150444,80.2274703979,67025,67035,10
13.0226202011,80.2269668579,67035,67045,10
13.0220298767,80.2264404297,67045,67055,10
13.0214796066,80.2259979248,67055,67065,10
13.020939827,80.2255783081,67065,67075,10
13.0204200745,80.225227356,67075,67085,10
13.019900322,80.2248535156,67085,67095,10
13.0192899704,80.2245483398,67095,67105,10
13.0185203552,80.2246627808,67105,67115,10
13.0177202225,80.2249984741,67115,67125,10
13.0169095993,80.2253265381,67125,67136,11
13.0164604187,80.2255172729,67136,67145,9
13.016119957,80.2256622314,67145,67156,11
13.0155696869,80.2258377075,67156,67166,10
13.0149698257,80.2260971069,67166,67176,10
13.0143995285,80.2263183594,67176,67236,60
13.0143995285,80.2263183594,67236,67247,11
13.0143098831,80.2263793945,67247,67257,10
13.0139398575,80.2265319824,67257,67267,10
13.0133199692,80.2267608643,67267,67277,10
13.0125398636,80.2270812988,67277,67287,10
13.0116901398,80.2274017334,67287,67297,10
13.0107498169,80.2277679443,67297,67307,10
13.009929657,80.2281112671,67307,67317,10
13.00922966,80.2285308838,67317,67326,9
13.0090398788,80.2292785645,67326,67336,10
13.0088701248,80.230178833,67336,67347,11
13.0087604523,80.2308807373,67347,67358,11
13.0086898804,80.2312774658,67358,67398,40
13.0086202621,80.2316665649,67398,67418,20
13.0086202621,80.2316665649,67418,67428,10
13.0085601807,80.2319488525,67428,67438,10
13.0085096359,80.2322006226,67438,67448,10
13.0084600449,80.2324676514,67448,67458,10
13.0083999634,80.2327804565,67458,67469,11
13.0083703995,80.2329330444,67469,67479,10
13.0083198547,80.2331619263,67479,67489,10
13.0083198547,80.2334365845,67489,67509,20
13.0083198547,80.2334365845,67509,67519,10
13.0082597733,80.2337188721,67519,67529,10
13.0081996918,80.2338562012,67529,67539,10
13.0081396103,80.2341308594,67539,67549,10
13.0080499649,80.2345428467,67549,67559,10
13.0079803467,80.23487854,67559,67569,10
13.007900238,80.2352981567,67569,67590,21
13.007900238,80.2352981567,67590,67600,10
13.0078601837,80.2354812622,67600,67610,10
13.0077800751,80.2359466553,67610,67620,10
13.0077199936,80.2361907959,67620,67630,10
13.0076799393,80.2363967896,67630,67640,10
13.0076303482,80.236656189,67640,67650,10
13.0075397491,80.2370834351,67650,67660,10
13.0074701309,80.237449646,67660,67670,10
13.0074195862,80.237739563,67670,67680,10
13.007349968,80.2381134033,67680,67691,11
13.0072698593,80.2384796143,67691,67701,10
13.0071697235,80.2390136719,67701,67711,10
13.0070800781,80.2395019531,67711,67751,40
13.0070800781,80.2395019531,67751,67761,10
13.0071001053,80.2395935059,67761,67771,10
13.0070104599,80.2400131226,67771,67781,10
13.0068998337,80.2407684326,67781,67802,21
13.0068998337,80.2407684326,67802,67812,10
13.006819725,80.2409591675,67812,67822,10
13.0067596436,80.2415618896,67822,67832,10
13.0067396164,80.242401123,67832,67842,10
13.0067195892,80.2432632446,67842,67852,10
13.0066995621,80.2440719604,67852,67862,10
13.0067396164,80.2446136475,67862,67872,10
13.0067396164,80.2450027466,67872,67923,51
13.0067396164,80.2450027466,67923,67939,16
13.0067195892,80.2455215454,67939,67951,12
13.0067396164,80.2458267212,67951,67961,10
13.0067501068,80.24609375,67961,67971,10
13.006770134,80.2465591431,67971,67980,9
13.0067796707,80.2471923828,67980,67991,11
13.0067396164,80.2479782104,67991,68000,9
13.006770134,80.2487335205,68000,68011,11
13.0068702698,80.2497024536,68011,68032,21
13.0068702698,80.2497024536,68032,68042,10
13.0068998337,80.249961853,68042,68052,10
13.0068597794,80.2503814697,68052,68062,10
13.0068798065,80.2508392334,68062,68071,9
13.0068702698,80.2513122559,68071,68102,31
13.0068702698,80.2513122559,68102,68112,10
13.0067796707,80.2517089844,68112,68122,10
13.006649971,80.252243042,68122,68133,11
13.0065698624,80.2530288696,68133,68143,10
13.0065603256,80.2538299561,68143,68153,10
13.0066299438,80.2550201416,68153,68173,20
13.0066299438,80.2550201416,68173,68183,10
13.0066099167,80.2551116943,68183,68193,10
13.0066099167,80.2554168701,68193,68203,10
13.0066099167,80.2559967041,68203,68213,10
13.0066003799,80.2566223145,68213,68223,10
13.006649971,80.2571716309,68223,68373,150
13.006649971,80.2571716309,68373,68383,10
13.0067195892,80.2574081421,68383,68393,10
13.006529808,80.2576980591,68393,68402,9
13.0061302185,80.2576293945,68402,68413,11
13.0055503845,80.2574768066,68413,68423,10
13.0050897598,80.2573165894,68423,68433,10
13.0045404434,80.2572097778,68433,68443,10
13.0039100647,80.2570495605,68443,68453,10
13.0033502579,80.2569732666,68453,68464,11
13.0027303696,80.2568511963,68464,68474,10
13.0020599365,80.2567520142,68474,68494,20
13.0020599365,80.2567520142,68494,68504,10
13.0019197464,80.256729126,68504,68514,10
13.0015001297,80.2566604614,68514,68524,10
13.0008497238,80.2565612793,68524,68534,10
13.0002803802,80.2564620972,68534,68544,10
12.9997596741,80.2563781738,68544,68554,10
12.9991502762,80.2562332153,68554,68565,11
12.9982700348,80.2561035156,68565,68595,30
12.9982700348,80.2561035156,68595,68605,10
12.9981403351,80.256111145,68605,68615,10
12.9977197647,80.2560577393,68615,68625,10
12.9971704483,80.2560272217,68625,68635,10
12.996919632,80.2562866211,68635,68645,10
12.9968700409,80.2567672729,68645,68655,10
12.9968500137,80.2572631836,68655,68696,41
12.9968500137,80.2572631836,68696,68706,10
12.9968299866,80.2574768066,68706,68716,10
12.9967699051,80.2579116821,68716,68726,10
12.9967098236,80.2584228516,68726,68736,10
12.9966602325,80.2588500977,68736,68746,10
12.9966096878,80.2592697144,68746,68756,10
12.9965600967,80.2596588135,68756,68766,10
12.996509552,80.2601470947,68766,68776,10
12.9964599609,80.2607116699,68776,68787,11
12.9963998795,80.2613220215,68787,68797,10
12.9963598251,80.2618103027,68797,68807,10
12.9962396622,80.2625427246,68807,68847,40
12.9962396622,80.2625427246,68847,68857,10
12.9961996078,80.2626724243,68857,68867,10
12.9961500168,80.2629776001,68867,68877,10
12.9961299896,80.2633972168,68877,68887,10
12.9960803986,80.2639770508,68887,68898,11
12.9960002899,80.2646484375,68898,68908,10
12.9959402084,80.2652893066,68908,68918,10
12.9958600998,80.2659835815,68918,68928,10
12.9957895279,80.2666931152,68928,68938,10
12.9957199097,80.2674179077,68938,68948,10
12.9962797165,80.267791748,68948,68988,40
12.9962797165,80.267791748,68988,68998,10
12.9966096878,80.2678527832,68998,69009,11
12.9971399307,80.2677383423,69009,69019,10
12.9977197647,80.2675704956,69019,69029,10
12.9982004166,80.2674331665,69029,69039,10
12.9987297058,80.2672805786,69039,69049,10
12.9993801117,80.2670822144,69049,69059,10
13.0000295639,80.2667236328,69059,69079,20
13.0000295639,80.2667236328,69079,69089,10
13.0001096725,80.2664794922,69089,69099,10
13.0001802444,80.2660598755,69099,69109,10
13.0002698898,80.2657623291,69109,69119,10
13.0002698898,80.2662887573,69119,69532,413
13.0002698898,80.2662887573,69532,69542,10
13.0002698898,80.2666091919,69542,69552,10
13.000289917,80.2668075562,69552,69563,11
13.0001497269,80.2669525146,69563,69573,10
12.9998998642,80.2670211792,69573,69583,10
12.9994401932,80.2671279907,69583,69593,10
12.9989299774,80.2672576904,69593,69603,10
12.998459816,80.2673797607,69603,69613,10
12.9980201721,80.2675170898,69613,69623,10
12.9974098206,80.2676773071,69623,69633,10
12.9968204498,80.267829895,69633,69643,10
12.9962797165,80.2678222656,69643,69653,10
12.9957895279,80.2677764893,69653,69663,10
12.9956302643,80.267578125,69663,69674,11
12.9956302643,80.2675476074,69674,69684,10
12.9956598282,80.2674026489,69684,69694,10
12.9956998825,80.266998291,69694,69704,10
12.9957199097,80.2664413452,69704,69714,10
12.9957799911,80.2657775879,69714,69724,10
12.9958496094,80.2650909424,69724,69734,10
12.9959497452,80.2644805908,69734,69744,10
12.9960403442,80.2638626099,69744,69754,10
12.9960803986,80.2632217407,69754,69764,10
12.9961004257,80.2629165649,69764,69774,10
12.9961299896,80.2626495361,69774,69785,11
12.9961595535,80.2625808716,69785,69795,10
12.9962100983,80.262260437,69795,69805,10
12.9962396622,80.2619400024,69805,69815,10
12.9962902069,80.2614974976,69815,69825,10
12.9963598251,80.2608413696,69825,69835,10
12.9964103699,80.2602386475,69835,69845,10
12.9964504242,80.2597808838,69845,69855,10
12.9964895248,80.259262085,69855,69865,10
12.9965801239,80.2587432861,69865,69875,10
12.9966201782,80.2581176758,69875,69885,10
12.9966897964,80.2574768066,69885,69896,11
12.9967403412,80.256942749,69896,69906,10
12.9967699051,80.2567214966,69906,69916,10
12.9967803955,80.256652832,69916,69926,10
12.9968004227,80.2563400269,69926,69936,10
12.9968996048,80.2559432983,69936,69946,10
12.9972400665,80.2559204102,69946,69956,10
12.997759819,80.2559814453,69956,69966,10
12.9983797073,80.2560195923,69966,69976,10
12.9988002777,80.256072998,69976,69986,10
12.9988203049,80.256072998,69986,69996,10
12.9991703033,80.256111145,69996,70037,41
12.9991703033,80.256111145,70037,70047,10
12.999420166,80.2561187744,70047,70057,10
12.9998998642,80.2562637329,70057,70067,10
13.0005102158,80.256401062,70067,70077,10
13.0012102127,80.2565231323,70077,70087,10
13.0018901825,80.2566375732,70087,70097,10
13.0024595261,80.256729126,70097,70107,10
13.0029201508,80.2568283081,70107,70118,11
13.0034103394,80.256942749,70118,70128,10
13.0038795471,80.2570419312,70128,70138,10
13.0043697357,80.2571182251,70138,70148,10
13.0049800873,80.2572402954,70148,70158,10
13.0054998398,80.2573318481,70158,70168,10
13.0057001114,80.2574234009,70168,70178,10
13.0058803558,80.2574462891,70178,70188,10
13.0058898926,80.2574462891,70188,70198,10
13.0060901642,80.2574691772,70198,70208,10
13.0064697266,80.257522583,70208,70219,11
13.0064897537,80.257019043,70219,70229,10
13.0064897537,80.2565002441,70229,70239,10
13.0064601898,80.2557830811,70239,70249,10
13.006480217,80.2550582886,70249,70259,10
13.0064401627,80.2543487549,70259,70269,10
13.0064296722,80.253288269,70269,70289,20
13.0064296722,80.253288269,70289,70299,10
13.0064296722,80.2531280518,70299,70309,10
13.0064401627,80.2529373169,70309,70319,10
13.0065402985,80.2520904541,70319,70370,51
13.0065402985,80.2520904541,70370,70380,10
13.0066204071,80.251701355,70380,70390,10
13.0066995621,80.251083374,70390,70400,10
13.0066699982,80.2503814697,70400,70410,10
13.0066900253,80.249671936,70410,70420,10
13.0066404343,80.249130249,70420,70430,10
13.0066404343,80.2489395142,70430,70441,11
13.0066299438,80.2487564087,70441,70562,121
13.0066299438,80.2487564087,70562,70572,10
13.0065698624,80.2483596802,70572,70582,10
13.0065603256,80.2482299805,70582,70592,10
13.0065498352,80.2479782104,70592,70602,10
13.0065603256,80.247428894,70602,70612,10
13.0065402985,80.2467880249,70612,70622,10
13.0065202713,80.2465896606,70622,70632,10
13.006529808,80.2465209961,70632,70642,10
13.0065803528,80.2463226318,70642,70652,10
13.0065803528,80.2458114624,70652,70663,11
13.0065803528,80.2450408936,70663,70673,10
13.0065803528,80.2443313599,70673,70683,10
13.0065498352,80.2436599731,70683,70693,10
13.0065202713,80.243057251,70693,70703,10
13.0065097809,80.242401123,70703,70713,10
13.0065202713,80.2415924072,70713,70723,10
13.0066003799,80.2406463623,70723,70753,30
13.0066003799,80.2406463623,70753,70763,10
13.0066404343,80.2404327393,70763,70774,11
13.0067396164,80.2399291992,70774,70784,10
13.0068902969,80.2392272949,70784,70794,10
13.0070295334,80.2384262085,70794,70804,10
13.0071697235,80.23777771,70804,70814,10
13.0073099136,80.2372131348,70814,70824,10
13.0073795319,80.2367401123,70824,70844,20
13.0073795319,80.2367401123,70844,70854,10
13.0074300766,80.236579895,70854,70864,10
13.007519722,80.2361907959,70864,70874,10
13.0076198578,80.2356567383,70874,70885,11
13.0077800751,80.2349472046,70885,70895,10
13.0079202652,80.2342529297,70895,70905,10
13.008099556,80.2333984375,70905,70915,10
13.0082902908,80.2323989868,70915,70925,10
13.0084896088,80.2313995361,70925,70935,10
13.0086898804,80.2303390503,70935,70945,10
13.0088796616,80.2294006348,70945,70955,10
13.0091104507,80.2283325195,70955,70965,10
13.009469986,80.2274627686,70965,70975,10
13.0098600388,80.2265930176,70975,70985,10
13.0102396011,80.2258224487,70985,70996,11
13.0105199814,80.2252426147,70996,71006,10
13.0106897354,80.2248764038,71006,71016,10
13.010840416,80.2244796753,71016,71026,10
13.011059761,80.2239532471,71026,71036,10
13.0112199783,80.2233810425,71036,71056,20
13.0112199783,80.2233810425,71056,71066,10
13.0112895966,80.2231674194,71066,71076,10
13.0115404129,80.2227020264,71076,71086,10
13.0117998123,80.2219390869,71086,71096,10
13.0121603012,80.2214584351,71096,71107,11
13.0124397278,80.2217407227,71107,71117,10
13.0128202438,80.2221984863,71117,71127,10
13.0132703781,80.2226867676,71127,71143,16
13.013999939,80.2235031128,71143,71155,12
13.0143404007,80.2239837646,71155,71165,10
13.0146903992,80.2243499756,71165,71175,10
13.0152597427,80.2249298096,71175,71185,10
13.0155200958,80.2250671387,71185,71205,20
13.0155200958,80.2250671387,71205,71216,11
13.0156202316,80.2251663208,71216,71225,9
13.0159797668,80.2253570557,71225,71236,11
13.0167398453,80.2252426147,71236,71246,10
13.017539978,80.2249221802,71246,71257,11
13.0184602737,80.2245483398,71257,71267,10
13.0192699432,80.2243423462,71267,71287,20
13.0192699432,80.2243423462,71287,71297,10
13.0194997787,80.2244567871,71297,71307,10
13.0198402405,80.2246932983,71307,71317,10
13.020070076,80.2248764038,71317,71328,11
13.0205497742,80.2252120972,71328,71338,10
13.0210504532,80.2256011963,71338,71348,10
13.0215997696,80.2259979248,71348,71358,10
13.022190094,80.2264633179,71358,71368,10
13.0227603912,80.2269515991,71368,71378,10
13.0230302811,80.227180481,71378,71388,10
13.0231895447,80.2273712158,71388,71398,10
13.0233898163,80.2275466919,71398,71408,10
13.0236997604,80.2277984619,71408,71418,10
13.0239295959,80.2280197144,71418,71428,10
13.0240697861,80.2281570435,71428,71439,11
13.0240802765,80.2281570435,71439,71449,10
13.0242795944,80.2284393311,71449,71459,10
13.0246095657,80.2289199829,71459,71489,30
13.0246095657,80.2289199829,71489,71499,10
13.0246400833,80.2289886475,71499,71509,10
13.0248498917,80.2293014526,71509,71519,10
13.0252599716,80.2297973633,71519,71529,10
13.0256996155,80.230430603,71529,71539,10
13.0258798599,80.230796814,71539,71560,21
13.0258798599,80.230796814,71560,71570,10
13.0259199142,80.2308502197,71570,71580,10
13.0259799957,80.2311630249,71580,71590,10
13.0260896683,80.2313690186,71590,71600,10
13.0264997482,80.2312698364,71600,71610,10
13.0269298553,80.2311630249,71610,71620,10
13.027179718,80.2311325073,71620,71661,41
13.027179718,80.2311325073,71661,71671,10
13.027469635,80.2310180664,71671,71681,10
13.0276603699,80.23097229,71681,71691,10
13.0279197693,80.23097229,71691,71701,10
13.028380394,80.2309188843,71701,71721,20
13.028380394,80.2309188843,71721,71731,10
13.0286102295,80.2308883667,71731,71741,10
13.0287904739,80.2308807373,71741,71751,10
13.0290803909,80.2308425903,71751,71842,91
13.0290803909,80.2308425903,71842,71852,10
13.0294103622,80.2308578491,71852,71862,10
13.0297403336,80.2308120728,71862,71873,11
13.0301399231,80.2307510376,71873,71923,50
13.0301399231,80.2307510376,71923,71933,10
13.0304403305,80.2306976318,71933,71943,10
13.0305995941,80.2306671143,71943,71953,10
13.0306301117,80.2305908203,71953,71963,10
13.0305900574,80.2303237915,71963,71973,10
13.0303697586,80.2296829224,71973,71984,11
13.0302600861,80.2289428711,71984,71994,10
13.0303096771,80.2284011841,71994,72004,10
13.0303096771,80.2282791138,72004,72014,10
13.0303401947,80.2278671265,72014,72024,10
13.0302600861,80.2275390625,72024,72034,10
13.0297002792,80.2274627686,72034,72044,10
13.0289802551,80.2273406982,72044,72054,10
13.0285902023,80.2272720337,72054,72064,10
13.0285196304,80.2272415161,72064,72074,10
13.0282802582,80.2272033691,72074,72084,10
13.0279302597,80.2270584106,72084,72095,11
13.0279197693,80.2265167236,72095,72105,10
13.0279998779,80.2260971069,72105,72115,10
13.0281400681,80.2254486084,72115,72125,10
13.0283203125,80.224571228,72125,72135,10
13.028380394,80.2240982056,72135,72145,10
13.0285997391,80.2240600586,72145,72155,10
13.0286102295,80.2240600586,72155,72165,10
13.0287399292,80.2240600586,72165,72175,10
13.0289802551,80.2242431641,72175,72185,10
13.0293598175,80.224319458,72185,72195,10
13.0299797058,80.224319458,72195,72206,11
13.0305595398,80.224319458,72206,72216,10
13.0310401917,80.2242507935,72216,72226,10
13.0310602188,80.2238006592,72226,72236,10
13.0311002731,80.2232971191,72236,72246,10
13.0311203003,80.2232208252,72246,72256,10
13.0311603546,80.2230606079,72256,72266,10
13.0313196182,80.2226333618,72266,72276,10
13.0314998627,80.2222595215,72276,72286,10
13.0317602158,80.2217025757,72286,72296,10
13.0319404602,80.2210998535,72296,72306,10
13.0321102142,80.220451355,72306,72317,11
13.0320997238,80.2200698853,72317,72327,10
13.032119751,80.2197036743,72327,72357,30
13.032119751,80.2197036743,72357,72367,10
13.0321397781,80.219581604,72367,72377,10
13.0321598053,80.2192687988,72377,72387,10
13.032119751,80.2187805176,72387,72397,10
13.0317602158,80.21849823,72397,72407,10
13.0314102173,80.2181625366,72407,72417,10
13.0313596725,80.2175674438,72417,72428,11
13.0312995911,80.2171096802,72428,72438,10
13.0311403275,80.2170181274,72438,72448,10
13.0308599472,80.217010498,72448,72458,10
13.0304203033,80.2169876099,72458,72468,10
13.0303697586,80.2167282104,72468,72478,10
13.0303697586,80.2166976929,72478,72488,10
13.030380249,80.2165985107,72488,72498,10
13.0303497314,80.2162094116,72498,72508,10
13.0303096771,80.2156219482,72508,72518,10
13.0303001404,80.2150192261,72518,72528,10
13.0303001404,80.21459198,72528,72539,11
13.0303401947,80.2144775391,72539,72549,10
13.030380249,80.2140426636,72549,72559,10
13.0304498672,80.2136383057,72559,72569,10
13.0304803848,80.2133636475,72569,72579,10
13.0305404663,80.2130126953,72579,72589,10
13.0306196213,80.212387085,72589,72599,10
13.0307102203,80.2117767334,72599,72609,10
13.0307502747,80.2114715576,72609,72619,10
13.0307998657,80.2110824585,72619,72629,10
13.0308599472,80.2107467651,72629,72639,10
13.0309200287,80.2102432251,72639,72650,11
13.0307998657,80.2100601196,72650,72660,10
13.0304603577,80.2099609375,72660,72670,10
13.0299797058,80.2098083496,72670,72680,10
13.0299396515,80.2097015381,72680,72690,10
13.0300502777,80.2092590332,72690,72730,40
13.0300502777,80.2092590332,72730,72740,10
13.0301103592,80.2091217041,72740,72751,11
13.0304803848,80.2091064453,72751,72761,10
13.0310697556,80.2092819214,72761,72771,10
13.0315799713,80.2094192505,72771,72791,20
13.0315799713,80.2094192505,72791,72801,10
13.0318803787,80.2094497681,72801,72811,10
13.0324497223,80.2095794678,72811,72821,10
13.0331497192,80.2097091675,72821,72831,10
13.0339002609,80.2098617554,72831,72841,10
13.0346498489,80.2099761963,72841,72851,10
13.0350599289,80.2098312378,72851,72862,11
13.0351200104,80.209312439,72862,72872,10
13.0351896286,80.2087020874,72872,72892,20
13.0351896286,80.2087020874,72892,72902,10
13.0352201462,80.2085113525,72902,72912,10
13.0352602005,80.2080993652,72912,72922,10
13.0353403091,80.2075805664,72922,72932,10
13.0354404449,80.2069778442,72932,72942,10
13.0355300903,80.2063369751,72942,72952,10
13.0354204178,80.2060317993,72952,72962,10
13.0354404449,80.2057037354,72962,72973,11
13.0354604721,80.2054672241,72973,72983,10
13.035490036,80.205329895,72983,72993,10
13.0357103348,80.2051925659,72993,73003,10
13.035779953,80.2047424316,73003,73013,10
13.0358200073,80.2045211792,73013,73023,10
13.0358400345,80.2043533325,73023,73033,10
13.0359096527,80.2039108276,73033,73043,10
13.0360097885,80.2032165527,73043,73053,10
13.0361204147,80.2025527954,73053,73063,10
13.0362300873,80.2015380859,73063,73094,31
13.0362300873,80.2015380859,73094,73104,10
13.0362796783,80.2011795044,73104,73114,10
13.0363702774,80.2006835938,73114,73124,10
13.0364704132,80.200050354,73124,73134,10
13.0365800858,80.1993026733,73134,73144,10
13.0366897583,80.198387146,73144,73164,20
13.0366897583,80.198387146,73164,73174,10
13.0367298126,80.1981964111,73174,73184,10
13.0368003845,80.1977767944,73184,73195,11
13.0368795395,80.197303772,73195,73205,10
13.0370101929,80.1963500977,73205,73225,20
13.0370101929,80.1963500977,73225,73235,10
13.0370597839,80.1960830688,73235,73245,10
13.0371398926,80.1955566406,73245,73255,10
13.0372495651,80.1948394775,73255,73265,10
13.0373697281,80.1940078735,73265,73275,10
13.0374698639,80.1932067871,73275,73285,10
13.0377502441,80.192779541,73285,73295,10
13.0377998352,80.1927719116,73295,73306,11
13.0380601883,80.1927871704,73306,73316,10
13.038769722,80.1929016113,73316,73336,20
13.038769722,80.1929016113,73336,73346,10
13.0389499664,80.1929397583,73346,73356,10
13.0393400192,80.1930007935,73356,73366,10
13.0397901535,80.193069458,73366,73376,10
13.0402603149,80.1931533813,73376,73386,10
13.0408201218,80.1932220459,73386,73396,10
13.0413799286,80.193321228,73396,73406,10
13.0416498184,80.1934814453,73406,73417,11
13.0416498184,80.193901062,73417,73427,10
13.0416698456,80.1939620972,73427,73437,10
13.0416698456,80.194152832,73437,73447,10
13.0416002274,80.1946487427,73447,73457,10
13.0415096283,80.1952667236,73457,73467,10
13.0414304733,80.195892334,73467,73477,10
13.041390419,80.1963500977,73477,73487,10
13.0413398743,80.196762085,73487,73497,10
13.0413303375,80.1968078613,73497,73507,10
13.0413103104,80.1969833374,73507,73517,10
13.0412502289,80.1973266602,73517,73528,11
13.0411596298,80.1979675293,73528,73538,10
13.0410604477,80.198638916,73538,73548,10
13.0410003662,80.1990814209,73548,73558,10
13.0409698486,80.1993789673,73558,73568,10
13.0409097672,80.1996917725,73568,73578,10
13.0408201218,80.2003097534,73578,73588,10
13.040719986,80.2009811401,73588,73598,10
13.0406398773,80.2015762329,73598,73608,10
13.0405597687,80.2020721436,73608,73618,10
13.0404901505,80.2025222778,73618,73628,10
13.040430069,80.2029876709,73628,73639,11
13.040309906,80.2037277222,73639,73649,10
13.0402002335,80.2043762207,73649,73659,10
13.0401496887,80.2048034668,73659,73669,10
13.0402297974,80.2050704956,73669,73679,10
13.0406398773,80.2051086426,73679,73688,9
13.0410995483,80.2051773071,73688,73699,11
13.0412197113,80.2052001953,73699,73709,10
13.0415496826,80.2052230835,73709,73719,10
13.0419797897,80.2052764893,73719,73729,10
13.0425395966,80.2054214478,73729,73739,10
13.0427799225,80.2058486938,73739,73750,11
13.0432796478,80.2065200806,73750,73760,10
13.0437402725,80.2071990967,73760,73770,10
13.0440502167,80.2079772949,73770,73780,10
13.044090271,80.208656311,73780,73790,10
13.0441198349,80.2091064453,73790,73800,10
13.0441198349,80.2091827393,73800,73810,10
13.0441102982,80.2094421387,73810,73820,10
13.0441198349,80.2099761963,73820,73830,10
13.0441703796,80.2106781006,73830,73840,10
13.0441999435,80.2113189697,73840,73850,10
13.0442399979,80.2119064331,73850,73899,49
13.0442399979,80.2119064331,73899,73907,8
13.0443696976,80.2122573853,73907,73918,11
13.0446395874,80.2122573853,73918,73930,12
13.04529953,80.2122268677,73930,73940,10
13.0461397171,80.2122192383,73940,73950,10
13.0467596054,80.2121963501,73950,74011,61
13.0467596054,80.2121963501,74011,74021,10
13.0470104218,80.2119522095,74021,74031,10
13.0469999313,80.211730957,74031,74041,10
13.0469799042,80.2116699219,74041,74051,10
13.0469398499,80.2112503052,74051,74061,10
13.0470199585,80.2107925415,74061,74072,11
13.0475502014,80.2107772827,74072,74082,10
13.0482196808,80.2108001709,74082,74092,10
13.0488595963,80.2108230591,74092,74102,10
13.049079895,80.2108001709,74102,74112,10
13.0493097305,80.2108383179,74112,74122,10
13.0495796204,80.2108001709,74122,74132,10
13.0495796204,80.2105102539,74132,74142,10
13.0495100021,80.2099380493,74142,74152,10
13.0493602753,80.209312439,74152,74172,20
13.0493602753,80.209312439,74172,74183,11
13.0493001938,80.2087936401,74183,74193,10
13.0491399765,80.2081680298,74193,74203,10
13.0488100052,80.2073898315,74203,74223,20
13.0488100052,80.2073898315,74223,74233,10
13.0487699509,80.2072372437,74233,74243,10
13.0487804413,80.2069778442,74243,74253,10
13.0490102768,80.2068710327,74253,74263,10
13.049200058,80.2070999146,74263,75000,737
13.0492401123,80.2072677612,75000,75151,151
13.0491800308,80.20728302,75151,75434,283
13.0491800308,80.20728302,75434,75444,10
13.0489597321,80.2074813843,75444,75454,10
13.0490398407,80.207649231,75454,75464,10
13.0491304398,80.2079467773,75464,75474,10
13.0492095947,80.2081604004,75474,75484,10
13.0493402481,80.2086334229,75484,75495,11
13.0494699478,80.2092819214,75495,75505,10
13.0495796204,80.2099304199,75505,75515,10
13.049659729,80.2105865479,75515,75525,10
13.0497198105,80.2111434937,75525,75535,10
13.0497999191,80.2117919922,75535,75626,91
13.0497999191,80.2117919922,75626,75636,10
13.0498304367,80.2119598389,75636,75646,10
13.0498504639,80.2120513916,75646,75656,10
13.0497999191,80.2122192383,75656,75666,10
13.0495796204,80.2122192383,75666,75686,20
13.0495796204,80.2122192383,75686,75696,10
13.0492296219,80.2122192383,75696,75706,10
13.0485897064,80.2122497559,75706,75717,11
13.0476198196,80.2123184204,75717,75727,10
13.0466003418,80.2123718262,75727,75737,10
13.0455999374,80.2124176025,75737,75747,10
13.0445804596,80.2124328613,75747,75797,50
13.0445804596,80.2124328613,75797,75807,10
13.0442399979,80.2123794556,75807,75818,11
13.0441198349,80.2117385864,75818,75828,10
13.044090271,80.2109603882,75828,75838,10
13.0440597534,80.2102737427,75838,75848,10
13.0440397263,80.2098236084,75848,75858,10
13.0440301895,80.2097702026,75858,75868,10
13.0440101624,80.2095565796,75868,75878,10
13.0440101624,80.2095413208,75878,75888,10
13.0439996719,80.2092208862,75888,75898,10
13.043970108,80.2088088989,75898,75908,10
13.0439796448,80.2087020874,75908,75918,10
13.043970108,80.2081832886,75918,75929,11
13.0437202454,80.2073669434,75929,75939,10
13.0432596207,80.2066574097,75939,75949,10
13.0427904129,80.2060165405,75949,75959,10
13.0424995422,80.2057037354,75959,75969,10
13.0419998169,80.2053985596,75969,75979,10
13.0413999557,80.2052764893,75979,75989,10
13.0408496857,80.2052001953,75989,75999,10
13.0406303406,80.2051773071,75999,76009,10
13.0402698517,80.2051315308,76009,76019,10
13.0397500992,80.2050704956,76019,76029,10
13.0391798019,80.2049713135,76029,76039,10
13.0385704041,80.2048873901,76039,76050,11
13.0380601883,80.2047729492,76050,76066,16
13.0381202698,80.2040863037,76066,76078,12
13.0382204056,80.2032699585,76078,76088,10
13.0382900238,80.2027816772,76088,76098,10
13.0384101868,80.2020797729,76098,76108,10
13.0384502411,80.2016830444,76108,76118,10
13.0385398865,80.2011413574,76118,76128,10
13.0386400223,80.2005386353,76128,76138,10
13.0387496948,80.1998825073,76138,76148,10
13.0388402939,80.1992721558,76148,76159,11
13.0389003754,80.1986618042,76159,76169,10
13.0390195847,80.1979370117,76169,76179,10
13.0391302109,80.1972808838,76179,76189,10
13.0391998291,80.1968917847,76189,76199,10
13.0392198563,80.1967468262,76199,76209,10
13.0392503738,80.1964416504,76209,76219,10
13.0393400192,80.1959381104,76219,76229,10
13.0394096375,80.1952896118,76229,76239,10
13.0395298004,80.1945114136,76239,76255,16
13.0397100449,80.1932678223,76255,76268,13
13.0396499634,80.1930923462,76268,76278,10
13.0393896103,80.1930389404,76278,76287,9
13.0389499664,80.1929931641,76287,76298,11
13.0385904312,80.1929397583,76298,76307,9
13.0385799408,80.1929397583,76307,76317,10
13.0383901596,80.1928863525,76317,76328,11
13.0378599167,80.1929092407,76328,76338,10
13.0375499725,80.1932525635,76338,76348,10
13.0374298096,80.1940994263,76348,76357,9
13.037320137,80.1948623657,76357,76368,11
13.0372104645,80.1956863403,76368,76379,11
13.0371599197,80.1960678101,76379,76389,10
13.0371599197,80.1961593628,76389,76399,10
13.0370798111,80.1965637207,76399,76409,10
13.0369796753,80.197227478,76409,76419,10
13.036860466,80.198059082,76419,76429,10
13.0367498398,80.1988296509,76429,76439,10
13.0366601944,80.1994934082,76439,76449,10
13.0365400314,80.2002563477,76449,76459,10
13.0364198685,80.2010192871,76459,76469,10
13.0363397598,80.201499939,76469,76479,10
13.0363197327,80.2017593384,76479,76490,11
13.0363101959,80.2018432617,76490,76500,10
13.036239624,80.2022171021,76500,76510,10
13.0361404419,80.202911377,76510,76520,10
13.0360202789,80.2036819458,76520,76530,10
13.0359601974,80.2042007446,76530,76540,10
13.0359096527,80.2045822144,76540,76549,9
13.0358200073,80.2051315308,76549,76560,11
13.0356903076,80.2059936523,76560,76570,10
13.0355796814,80.2067718506,76570,76579,9
13.0354604721,80.2075576782,76579,76591,12
13.0353899002,80.2081680298,76591,76600,9
13.035369873,80.2084503174,76600,76611,11
13.0353403091,80.2085800171,76611,76621,10
13.0352697372,80.2089920044,76621,76631,10
13.0351800919,80.2096481323,76631,76641,10
13.0351200104,80.2101287842,76641,76651,10
13.035030365,80.2105178833,76651,76661,10
13.0348997116,80.2109680176,76661,76671,10
13.0347700119,80.2116622925,76671,76681,10
13.0346403122,80.2121734619,76681,76691,10
13.0341796875,80.2121429443,76691,76702,11
13.0333995819,80.212020874,76702,76712,10
13.0326795578,80.2119598389,76712,76722,10
13.0324602127,80.2119293213,76722,76732,10
13.0320596695,80.2118606567,76732,76742,10
13.0318803787,80.2115783691,76742,76752,10
13.0319499969,80.2110595703,76752,76762,10
13.0319795609,80.2103729248,76762,76772,10
13.0320196152,80.2097702026,76772,76782,10
13.0316696167,80.2096176147,76782,76792,10
13.0308904648,80.2094421387,76792,76802,10
13.0304803848,80.2093429565,76802,76813,11
13.0304403305,80.2093276978,76813,76823,10
13.0303201675,80.2092666626,76823,76833,10
13.0300798416,80.2092895508,76833,76843,10
13.0300502777,80.2095031738,76843,76853,10
13.0300102234,80.2097015381,76853,76863,10
13.0301504135,80.2098770142,76863,76873,10
13.0305995941,80.2099761963,76873,76883,10
13.0308904648,80.2100830078,76883,76893,10
13.0309295654,80.2102813721,76893,76903,10
13.0308904648,80.2106781006,76903,76913,10
13.03083992,80.2110595703,76913,76924,11
13.0308103561,80.2113189697,76924,76934,10
13.0307598114,80.2116928101,76934,76944,10
13.0307102203,80.2120132446,76944,76954,10
13.0306396484,80.2125015259,76954,76964,10
13.030579567,80.2129821777,76964,76974,10
13.0304803848,80.2136077881,76974,76984,10
13.0304403305,80.2138824463,76984,76994,10
13.0303602219,80.2144012451,76994,77004,10
13.0303401947,80.2146606445,77004,77014,10
13.0303001404,80.2150268555,77014,77024,10
13.0303001404,80.2155838013,77024,77035,11
13.0303201675,80.2162780762,77035,77045,10
13.030380249,80.2168807983,77045,77055,10
13.0306596756,80.2169570923,77055,77065,10
13.031080246,80.2169494629,77065,77075,10
13.0313301086,80.2170028687,77075,77085,10
13.0314302444,80.217338562,77085,77095,10
13.0314702988,80.2179794312,77095,77105,10
13.031829834,80.2184295654,77105,77115,10
13.0321998596,80.2186965942,77115,77125,10
13.0321798325,80.219291687,77125,77135,10
13.0321598053,80.2198181152,77135,77146,11
13.0321598053,80.2201766968,77146,77156,10
13.0321598053,80.2202529907,77156,77166,10
13.0321502686,80.2206115723,77166,77182,16
13.0319795609,80.2213668823,77182,77194,12
13.0318002701,80.2218399048,77194,77204,10
13.0315999985,80.2222595215,77204,77214,10
13.031419754,80.222618103,77214,77224,10
13.0312099457,80.2231826782,77224,77234,10
13.0311403275,80.2236785889,77234,77244,10
13.031129837,80.224029541,77244,77255,11
13.0311002731,80.224357605,77255,77264,9
13.0306901932,80.2243804932,77264,77275,11
13.0299100876,80.2243728638,77275,77285,10
13.029250145,80.2244033813,77285,77295,10
13.0289001465,80.224281311,77295,77305,10
13.0286502838,80.2241287231,77305,77315,10
13.028380394,80.2243881226,77315,77325,10
13.0282201767,80.2251434326,77325,77335,10
13.0280199051,80.2259674072,77335,77345,10
13.0279197693,80.2266998291,77345,77355,10
13.0278902054,80.2269973755,77355,77366,11
13.0282497406,80.2271575928,77366,77376,10
13.0289096832,80.2272567749,77376,77386,10
13.0296201706,80.2273864746,77386,77396,10
13.0301799774,80.2274703979,77396,77406,10
13.0303497314,80.2276992798,77406,77416,10
13.0303096771,80.2280426025,77416,77426,10
13.0302801132,80.2285308838,77426,77436,10
13.0302400589,80.2291870117,77436,77446,10
13.0304498672,80.2298202515,77446,77456,10
13.0305995941,80.2303771973,77456,77466,10
13.0306396484,80.2306976318,77466,77477,11
13.0305500031,80.2308197021,77477,77487,10
13.0302801132,80.2308425903,77487,77497,10
13.0298099518,80.2308807373,77497,77507,10
13.0296401978,80.2308807373,77507,77517,10
13.0292396545,80.2309417725,77517,77527,10
13.0285396576,80.2309875488,77527,77537,10
13.0278196335,80.2310562134,77537,77547,10
13.0275602341,80.2311935425,77547,77557,10
13.0276298523,80.2317199707,77557,77566,9
13.0277204514,80.2322616577,77566,77577,11
13.0278301239,80.2327575684,77577,77588,11
13.0273199081,80.2329177856,77588,77598,10
13.0268096924,80.2330093384,77598,77628,30
13.0268096924,80.2330093384,77628,77638,10
13.0266199112,80.2329864502,77638,77648,10
13.0263204575,80.2329025269,77648,77658,10
13.026140213,80.2322998047,77658,77668,10
13.0259599686,80.2314834595,77668,77678,10
13.0256996155,80.2306213379,77678,77689,11
13.0250396729,80.2296218872,77689,77699,10
13.0245895386,80.2290725708,77699,77709,10
13.0245599747,80.2290420532,77709,77718,9
13.0245304108,80.2289886475,77718,77728,10
13.0242595673,80.2286605835,77728,77739,11
13.023900032,80.2283172607,77739,77749,10
13.023850441,80.2282562256,77749,77759,10
13.0237102509,80.2280731201,77759,77769,10
13.0233297348,80.2276916504,77769,77779,10
13.0231399536,80.2274627686,77779,77789,10
13.0227899551,80.2271194458,77789,77799,10
13.0221796036,80.2265777588,77799,77810,11
13.0213899612,80.2259368896,77810,77820,10
13.020819664,80.2255020142,77820,77830,10
13.019949913,80.2249069214,77830,77840,10
13.0191497803,80.2245330811,77840,77850,10
13.0180797577,80.2247924805,77850,77860,10
13.0170202255,80.2252502441,77860,77870,10
13.0162601471,80.2255630493,77870,77880,10
13.0157604218,80.2257614136,77880,77890,10
13.0151996613,80.2259902954,77890,77900,10
13.0150203705,80.2260665894,77900,77910,10
13.014960289,80.2260818481,77910,77921,11
13.01445961,80.2262496948,77921,77931,10
13.0139303207,80.2264785767,77931,77941,10
13.0131797791,80.2267837524,77941,77957,16
13.0117101669,80.2273712158,77957,77969,12
13.0105199814,80.2278289795,77969,77979,10
13.0097799301,80.2281265259,77979,77988,9
13.009059906,80.2287063599,77988,77999,11
13.0087995529,80.2300186157,77999,78009,10
13.0085897446,80.2311630249,78009,78019,10
13.0083799362,80.2323379517,78019,78030,11
13.0082197189,80.2334365845,78030,78040,10
13.0080900192,80.2339019775,78040,78050,10
13.0079698563,80.2345199585,78050,78060,10
13.007809639,80.2353286743,78060,78070,10
13.007610321,80.2363128662,78070,78080,10
13.0074100494,80.2372970581,78080,78090,10
13.0072498322,80.238243103,78090,78100,10
13.0071001053,80.2389984131,78100,78110,10
13.0069704056,80.2396469116,78110,78120,10
13.0068998337,80.240020752,78120,78161,41
13.0068998337,80.240020752,78161,78171,10
13.0069103241,80.2400588989,78171,78181,10
13.0068397522,80.2404785156,78181,78191,10
13.0067300797,80.2411117554,78191,78201,10
13.0066900253,80.2419586182,78201,78211,10
13.0066795349,80.2428665161,78211,78221,10
13.0066795349,80.2436294556,78221,78231,10
13.0066995621,80.2443771362,78231,78242,11
13.0066795349,80.2445831299,78242,78252,10
13.0066604614,80.2447280884,78252,78262,10
13.0066604614,80.2448806763,78262,78272,10
13.0066699982,80.2452926636,78272,78282,10
13.0066699982,80.2454605103,78282,78292,10
13.0066900253,80.2460021973,78292,78312,20
13.0066900253,80.2460021973,78312,78322,10
13.0066900253,80.2464065552,78322,78350,28
13.0066900253,80.2464065552,78350,78361,11
13.0066795349,80.246963501,78361,78369,8
13.0066604614,80.2473526001,78369,78381,12
13.0066795349,80.2482223511,78381,78391,10
13.0067300797,80.2489929199,78391,78401,10
13.006770134,80.2500610352,78401,78411,10
13.0067796707,80.2508392334,78411,78420,9
13.0067996979,80.2514419556,78420,78441,21
13.0067996979,80.2514419556,78441,78451,10
13.0067396164,80.2515106201,78451,78462,11
13.0066404343,80.2520217896,78462,78472,10
13.006529808,80.252746582,78472,78482,10
13.0065202713,80.2536087036,78482,78492,10
13.0065498352,80.2544708252,78492,78502,10
13.0065803528,80.2551574707,78502,78512,10
13.0065803528,80.2554092407,78512,78522,10
13.0065698624,80.2559127808,78522,78532,10
13.0065603256,80.256477356,78532,78542,10
13.0065803528,80.2570037842,78542,78552,10
13.0066099167,80.2572174072,78552,78562,10
13.0066604614,80.2574081421,78562,78573,11
13.0062198639,80.25756073,78573,78583,10
13.0055503845,80.2574005127,78583,78593,10
13.0048303604,80.2572402954,78593,78603,10
13.0041599274,80.2571029663,78603,78613,10
13.0033798218,80.2569503784,78613,78623,10
13.0026903152,80.2568206787,78623,78633,10
13.0020399094,80.2566986084,78633,78643,10
13.0013599396,80.2565917969,78643,78653,10
13.0006999969,80.2565002441,78653,78663,10
12.9999599457,80.2563781738,78663,78673,10
12.9996404648,80.2563171387,78673,78684,11
12.9993696213,80.2562484741,78684,78694,10
12.9988899231,80.2561569214,78694,78704,10
12.9982795715,80.2560577393,78704,78714,10
12.9978504181,80.2560195923,78714,78724,10
12.9978303909,80.2560119629,78724,78734,10
12.9975595474,80.2559661865,78734,78744,10
12.9971399307,80.2559432983,78744,78754,10
12.9968795776,80.2561264038,78754,78770,16
12.9968099594,80.2568817139,78770,78782,12
12.9968004227,80.2570877075,78782,78793,11
12.996720314,80.2577514648,78793,78803,10
12.9966402054,80.2585372925,78803,78813,10
12.9965496063,80.2592926025,78813,78823,10
12.9964704514,80.260017395,78823,78833,10
12.9963903427,80.2607879639,78833,78843,10
12.9962997437,80.2616119385,78843,78853,10
12.996219635,80.2620773315,78853,78862,9
12.9961700439,80.262550354,78862,78873,11
12.9961099625,80.2630691528,78873,78883,10
12.9960603714,80.2637023926,78883,78893,10
12.9959897995,80.2644577026,78893,78904,11
12.995880127,80.26537323,78904,78914,10
12.9957799911,80.2663726807,78914,78924,10
12.9956903458,80.2671890259,78924,78934,10
12.9957304001,80.2676391602,78934,78944,10
12.9961204529,80.2676773071,78944,78954,10
12.9961395264,80.2676773071,78954,78964,10
12.9963598251,80.2677001953,78964,78974,10
12.9968900681,80.2676696777,78974,78984,10
12.997420311,80.2675170898,78984,78994,10
12.9980401993,80.2673492432,78994,79004,10
12.9987602234,80.2671432495,79004,79015,11
12.9994497299,80.2669525146,79015,79025,10
12.9999904633,80.2666168213,79025,79035,10
13.0001096725,80.2660217285,79035,79045,10
13.0001802444,80.2655029297,79045,79055,10
13.0002202988,80.2650985718,79055,79065,10
13.0003204346,80.264503479,79065,79075,10
13.0004196167,80.2637634277,79075,79085,10
13.0006504059,80.2630767822,79085,79095,10
13.0007200241,80.2626113892,79095,79105,10
13.0008001328,80.2619934082,79105,79115,10
13.0008602142,80.2612991333,79115,79126,11
13.0009298325,80.2604293823,79126,79136,10
13.0009498596,80.2595977783,79136,79146,10
13.0009498596,80.2588806152,79146,79156,10
13.0009698868,80.2580413818,79156,79166,10
13.0010004044,80.2572021484,79166,79176,10
13.0009498596,80.2565536499,79176,79186,10
13.0003499985,80.256439209,79186,79196,10
12.9996204376,80.2563171387,79196,79206,10
12.9989595413,80.2561798096,79206,79216,10
12.998339653,80.2560806274,79216,79227,11
12.9976501465,80.2560806274,79227,79247,20
12.9976501465,80.2560806274,79247,79257,10
12.9976701736,80.2562179565,79257,79267,10
12.9978399277,80.2565765381,79267,79317,50
12.9978399277,80.2565765381,79317,79327,10
12.9978303909,80.256652832,79327,79338,11
12.9979095459,80.256980896,79338,79348,10
12.9976997375,80.2570877075,79348,79358,10
12.997420311,80.257019043,79358,79368,10
12.9972400665,80.2572021484,79368,80841,1473
12.9974098206,80.2572097778,80841,84485,3644
12.9973402023,80.2572097778,84485,85284,799
12.9972000122,80.2570877075,85284,85728,444
12.9968700409,80.256980896,85728,85981,253
12.9968700409,80.256980896,85981,85991,10
12.9972200394,80.2571487427,85991,86021,30
12.9972200394,80.2571487427,86021,86031,10
12.9975099564,80.2571029663,86031,86041,10
12.9976997375,80.2571029663,86041,86051,10
12.9980201721,80.2571182251,86051,86061,10
12.9982995987,80.2571029663,86061,86071,10
12.9982995987,80.2568588257,86071,86081,10
