13.0267496109,80.2657699585,21,182,161
13.0267496109,80.2657699585,182,192,10
13.026599884,80.2658004761,192,223,31
13.026599884,80.2658004761,223,233,10
13.0267000198,80.2656936646,233,243,10
13.0266895294,80.2652587891,243,253,10
13.0267400742,80.265663147,253,263,10
13.0266799927,80.2655792236,263,273,10
13.0267801285,80.2659378052,273,283,10
13.0267896652,80.2658996582,283,293,10
13.0267601013,80.2659225464,293,313,20
13.0266103745,80.2659606934,313,334,21
13.0266799927,80.2658233643,334,354,20
13.0266799927,80.2658233643,354,364,10
13.0266799927,80.2657623291,364,404,40
13.0266799927,80.2657623291,404,414,10
13.0266895294,80.265663147,414,424,10
13.0267000198,80.2655105591,424,434,10
13.0266895294,80.2651596069,434,445,11
13.026720047,80.2651062012,445,455,10
13.0267400742,80.2657089233,455,475,20
13.0267400742,80.2657089233,475,485,10
13.0267601013,80.2655563354,485,495,10
13.0267696381,80.2657699585,495,505,10
13.0267496109,80.2658004761,505,525,20
13.0267496109,80.2658004761,525,535,10
13.02684021,80.2658996582,535,545,10
13.0267896652,80.2661437988,545,556,11
13.0268497467,80.2661209106,556,566,10
13.027009964,80.2658004761,566,576,10
13.0266399384,80.2650909424,576,586,10
13.0266599655,80.2652130127,586,596,10
13.0267896652,80.265586853,596,606,10
13.0269002914,80.2655029297,606,616,10
13.0268001556,80.2656784058,616,626,10
13.0268096924,80.2656936646,626,646,20
13.0268096924,80.2656936646,646,656,10
13.0268297195,80.2656021118,656,667,11
13.0269298553,80.2653198242,667,677,10
13.0270204544,80.2653808594,677,687,10
13.0268001556,80.2656097412,687,697,10
13.0267896652,80.2655792236,697,707,10
13.0268602371,80.2657470703,707,717,10
13.0267696381,80.2659988403,717,727,10
13.0269804001,80.2658996582,727,737,10
13.027009964,80.2655410767,737,747,10
13.0269403458,80.2651367188,747,758,11
13.0269002914,80.2648010254,758,768,10
13.0269002914,80.2647628784,768,778,10
13.0271196365,80.2656097412,778,788,10
13.0270004272,80.2655029297,788,798,10
13.0269804001,80.2655792236,798,808,10
13.0268697739,80.2656478882,808,818,10
13.0266704559,80.2657012939,818,828,10
13.0275001526,80.2654724121,828,838,10
13.0280799866,80.2654266357,838,848,10
13.0267801285,80.265663147,848,858,10
13.0268602371,80.2655410767,858,868,10
13.0266895294,80.2652816772,868,878,10
13.0267000198,80.2654800415,878,889,11
13.0267295837,80.2658996582,889,899,10
13.026720047,80.2658996582,899,909,10
13.0267095566,80.2660675049,909,919,10
13.026599884,80.2666015625,919,929,10
13.0267801285,80.2658996582,929,939,10
13.0266599655,80.2658615112,939,949,10
13.0269203186,80.2659225464,949,959,10
13.0271196365,80.2658615112,959,969,10
13.026889801,80.2656936646,969,979,10
13.0268201828,80.2656784058,979,990,11
13.0267601013,80.2657699585,990,1000,10
13.0264902115,80.2662277222,1000,1050,50
13.0264902115,80.2662277222,1050,1060,10
13.026720047,80.2658462524,1060,1070,10
13.0261201859,80.2661514282,1070,1080,10
13.0267696381,80.2659225464,1080,1111,31
13.0268201828,80.265838623,1111,1353,242
13.0290803909,80.2611923218,1353,1383,30
13.0290803909,80.2611923218,1383,1393,10
13.0268201828,80.2652893066,1393,1403,10
13.0267696381,80.2654571533,1403,1413,10
13.0266799927,80.2654876709,1413,1423,10
13.0267400742,80.2655792236,1423,1434,11
13.0267801285,80.2657699585,1434,1444,10
13.0268001556,80.2658615112,1444,1454,10
13.026550293,80.2668685913,1454,1464,10
13.0266599655,80.2666625977,1464,1474,10
13.0266399384,80.2657089233,1474,1494,20
13.0266399384,80.2657089233,1494,1504,10
13.0268096924,80.2655181885,1504,1514,10
13.0267095566,80.2656478882,1514,1524,10
13.0268001556,80.2656707764,1524,1545,21
13.0268001556,80.2656707764,1545,1555,10
13.0266103745,80.2655334473,1555,1565,10
13.0267095566,80.2661132813,1565,1575,10
13.0267295837,80.2660980225,1575,1585,10
13.02684021,80.2660598755,1585,1595,10
13.0267601013,80.2664489746,1595,1605,10
13.0267496109,80.2656402588,1605,1615,10
13.0267601013,80.2655715942,1615,1625,10
13.0268096924,80.2655487061,1625,1635,10
13.0268602371,80.2654037476,1635,1646,11
13.0265197754,80.2656707764,1646,1656,10
13.0266103745,80.2657775879,1656,1666,10
13.0264596939,80.2658004761,1666,1716,50
13.0264596939,80.2658004761,1716,1726,10
13.0268297195,80.2669906616,1726,1736,10
13.0267696381,80.2657318115,1736,1757,21
13.0267696381,80.2657318115,1757,1767,10
13.0278596878,80.2634887695,1767,1777,10
13.0263900757,80.26587677,1777,1787,10
13.0263996124,80.2654571533,1787,1797,10
13.0262403488,80.2651977539,1797,1807,10
13.0266504288,80.2654037476,1807,1817,10
13.0268297195,80.2645492554,1817,1827,10
13.0265703201,80.2656021118,1827,1837,10
13.0264396667,80.2655105591,1837,1847,10
13.0267896652,80.2659378052,1847,1878,31
13.0267896652,80.2659378052,1878,1888,10
13.0245399475,80.2690963745,1888,1898,10
13.026720047,80.265663147,1898,1908,10
13.0266599655,80.2665176392,1908,1938,30
13.02684021,80.2657775879,1938,1968,30
13.0273103714,80.2658233643,1968,2019,51
13.0266103745,80.2653427124,2019,2049,30
13.0266103745,80.2649230957,2049,2150,101
13.0270595551,80.2655105591,2150,2191,41
13.0268201828,80.2653579712,2191,2271,80
13.0267095566,80.2657012939,2271,2402,131
13.0266103745,80.2658462524,2402,2544,142
13.02684021,80.2655792236,2544,2635,91
13.0264902115,80.2656784058,2635,2726,91
13.0270204544,80.2656707764,2726,7471,4745
13.0263900757,80.2659683228,7471,7531,60
13.0263900757,80.2659683228,7531,7541,10
13.0270996094,80.2658004761,7541,7551,10
13.0268497467,80.2657470703,7551,7562,11
13.0269899368,80.2657623291,7562,7572,10
13.0269203186,80.2657775879,7572,7582,10
13.02684021,80.26587677,7582,7592,10
13.0267696381,80.26587677,7592,7602,10
13.0266704559,80.2658615112,7602,7612,10
13.0267000198,80.2658920288,7612,7622,10
13.0266895294,80.26587677,7622,7632,10
13.0267601013,80.26587677,7632,7642,10
13.0268001556,80.2657775879,7642,7652,10
13.027009964,80.2657623291,7652,7663,11
13.0269498825,80.2658996582,7663,7673,10
13.027009964,80.2657928467,7673,7683,10
13.0269699097,80.2656402588,7683,7693,10
13.0269804001,80.2656478882,7693,7703,10
13.0268201828,80.265663147,7703,7713,10
13.026889801,80.265586853,7713,7723,10
13.0268297195,80.2655181885,7723,7733,10
13.0271196365,80.2654037476,7733,7743,10
13.0275201797,80.2652435303,7743,7874,131
13.0275201797,80.2652435303,7874,7885,11
13.0267400742,80.2656402588,7885,7895,10
13.026720047,80.2657623291,7895,7905,10
13.0267400742,80.2657623291,7905,7915,10
13.0267696381,80.2656707764,7915,7925,10
13.0267801285,80.2656402588,7925,7935,10
13.0267601013,80.2656173706,7935,7945,10
13.0267801285,80.2656173706,7945,7955,10
13.0267801285,80.2656478882,7955,7965,10
13.0267601013,80.2657012939,7965,7975,10
13.0267601013,80.2657394409,7975,7985,10
13.0267496109,80.2657012939,7985,7996,11
13.0267801285,80.2656707764,7996,8006,10
13.0267601013,80.265663147,8006,8016,10
13.0267000198,80.265663147,8016,8026,10
13.0266704559,80.2656402588,8026,8036,10
13.0267095566,80.2656784058,8036,8046,10
13.0267601013,80.2657318115,8046,8056,10
13.026720047,80.2657318115,8056,8066,10
13.0267095566,80.2658920288,8066,8076,10
13.0267000198,80.2658691406,8076,8086,10
13.0267000198,80.2657623291,8086,8096,10
13.0267601013,80.2658691406,8096,8107,11
13.0267496109,80.2658996582,8107,8117,10
13.0267400742,80.2659072876,8117,8127,10
13.0267801285,80.2658996582,8127,8137,10
13.0267295837,80.2658462524,8137,8147,10
13.0267601013,80.2658462524,8147,8157,10
13.0267801285,80.2658462524,8157,8167,10
13.0267896652,80.2657623291,8167,8177,10
13.0267496109,80.2655563354,8177,8187,10
13.0267295837,80.2656097412,8187,8197,10
13.0267400742,80.2656478882,8197,8208,11
13.0267400742,80.2656021118,8208,8218,10
13.0267295837,80.2657089233,8218,8228,10
13.026720047,80.2657318115,8228,8238,10
13.0267000198,80.2657470703,8238,8278,40
13.0266895294,80.2657318115,8278,8298,20
13.0266895294,80.2657318115,8298,8308,10
13.026720047,80.2660598755,8308,8318,10
13.0267295837,80.2658996582,8318,8329,11
13.026720047,80.2657394409,8329,8339,10
13.02684021,80.2652816772,8339,8389,50
13.02684021,80.2652816772,8389,8399,10
13.0267295837,80.2655181885,8399,8409,10
13.0266304016,80.2659378052,8409,8419,10
13.0269403458,80.2652206421,8419,8430,11
13.02684021,80.2654800415,8430,8440,10
13.0267896652,80.2654495239,8440,8450,10
13.0267400742,80.2655563354,8450,8460,10
13.026720047,80.2656402588,8460,8470,10
13.0267095566,80.2656784058,8470,8480,10
13.026720047,80.2656784058,8480,8490,10
13.026720047,80.265663147,8490,8500,10
13.0267295837,80.265586853,8500,8510,10
13.0268001556,80.2656402588,8510,8520,10
13.0267801285,80.2656784058,8520,8530,10
13.0267601013,80.2656784058,8530,8541,11
13.02684021,80.2658615112,8541,8551,10
13.02684021,80.2658996582,8551,8561,10
13.0268802643,80.2658615112,8561,8571,10
13.0269498825,80.2658462524,8571,8581,10
13.0268697739,80.2657699585,8581,8591,10
13.0267696381,80.2655563354,8591,8601,10
13.0268096924,80.2655029297,8601,8611,10
13.0268297195,80.2655334473,8611,8621,10
13.0267896652,80.2655563354,8621,8631,10
13.0267801285,80.2656021118,8631,8641,10
13.0266704559,80.2657775879,8641,8652,11
13.0265703201,80.2659606934,8652,8662,10
13.0265703201,80.2659378052,8662,8672,10
13.0266199112,80.2659378052,8672,8803,131
13.0266199112,80.2659378052,8803,8813,10
13.0268201828,80.2656478882,8813,8823,10
13.0268497467,80.2657699585,8823,8833,10
13.0268201828,80.2656326294,8833,8843,10
13.0267801285,80.2658996582,8843,8853,10
13.0267601013,80.2653808594,8853,8863,10
13.026720047,80.2654495239,8863,8874,11
13.0267295837,80.2653503418,8874,8884,10
13.0267601013,80.2657623291,8884,8894,10
13.0267000198,80.2653121948,8894,8904,10
13.0266599655,80.2657012939,8904,8914,10
13.0267095566,80.2655792236,8914,8924,10
13.0266199112,80.265296936,8924,8934,10
13.0266103745,80.2652206421,8934,8944,10
13.0266599655,80.2653427124,8944,8954,10
13.0266895294,80.2656707764,8954,9035,81
13.0266895294,80.2656707764,9035,9045,10
13.0269804001,80.2650222778,9045,9055,10
13.026720047,80.265586853,9055,9065,10
13.0265598297,80.2654571533,9065,9075,10
13.0267496109,80.2657012939,9075,9086,11
13.0266704559,80.2658996582,9086,9096,10
13.0267496109,80.2657394409,9096,9116,20
13.0267496109,80.2657394409,9116,9126,10
13.0269203186,80.2657012939,9126,9136,10
13.02684021,80.265586853,9136,9146,10
13.0267095566,80.2656402588,9146,9156,10
13.0267400742,80.2656326294,9156,9166,10
13.0266704559,80.2656936646,9166,9176,10
13.0266895294,80.2657623291,9176,9186,10
13.0266799927,80.2657928467,9186,9197,11
13.0266799927,80.2657012939,9197,9207,10
13.0266799927,80.2656478882,9207,9217,10
13.0267000198,80.265663147,9217,9227,10
13.0266704559,80.2657165527,9227,9237,10
13.0266399384,80.2658004761,9237,9247,10
13.026550293,80.2659835815,9247,9257,10
13.0266599655,80.2657165527,9257,9267,10
13.0266895294,80.2656326294,9267,9277,10
13.0267000198,80.265663147,9277,9287,10
13.0266895294,80.2655487061,9287,9297,10
13.0267095566,80.2656402588,9297,9308,11
13.0267400742,80.2656478882,9308,9318,10
13.0267801285,80.2655410767,9318,9328,10
13.0267601013,80.265586853,9328,9338,10
13.0267295837,80.2656097412,9338,9348,10
13.0267601013,80.2656097412,9348,9358,10
13.0267295837,80.2656707764,9358,9368,10
13.026720047,80.2656478882,9368,9378,10
13.0267400742,80.2656021118,9378,9388,10
13.0267095566,80.2657394409,9388,9398,10
13.0267095566,80.2656402588,9398,9408,10
13.0267295837,80.265586853,9408,9419,11
13.0267000198,80.2655792236,9419,9530,111
13.0267000198,80.2655792236,9530,9540,10
13.0267696381,80.2659835815,9540,9550,10
13.026720047,80.2658691406,9550,9560,10
13.0267696381,80.265586853,9560,9570,10
13.0268602371,80.2654266357,9570,9580,10
13.0267000198,80.265663147,9580,9590,10
13.0268201828,80.2654190063,9590,9600,10
13.0267601013,80.2654418945,9600,9610,10
13.0268497467,80.2657775879,9610,9620,10
13.0266599655,80.2654190063,9620,9631,11
13.0268602371,80.2651901245,9631,23748,14117
13.0268602371,80.2651901245,23748,23759,11
13.0099000931,80.259262085,23759,23769,10
13.0094099045,80.2592468262,23769,23785,16
13.0086603165,80.2592315674,23785,23797,12
13.0078496933,80.2593078613,23797,23807,10
13.0073900223,80.2592468262,23807,23817,10
13.0072202682,80.2587203979,23817,23827,10
13.0071697235,80.2585372925,23827,23837,10
13.0067596436,80.2580566406,23837,23847,10
13.006480217,80.2576599121,23847,23868,21
13.0064296722,80.2574996948,23868,23928,60
13.0064296722,80.2574996948,23928,23938,10
13.0064001083,80.2570800781,23938,23948,10
13.0064601898,80.2563171387,23948,23958,10
13.0065202713,80.2554016113,23958,23969,11
13.0065402985,80.2543334961,23969,23979,10
13.0065402985,80.2537002563,23979,23989,10
13.0065097809,80.2532119751,23989,23999,10
13.0065603256,80.2530822754,23999,24009,10
13.0065498352,80.2525177002,24009,24019,10
13.006649971,80.2519607544,24019,24059,40
13.006649971,80.2519607544,24059,24069,10
13.0067100525,80.2514877319,24069,24080,11
13.0067901611,80.2506103516,24080,24090,10
13.0067596436,80.2496032715,24090,24100,10
13.0066900253,80.2484970093,24100,24110,10
13.0066604614,80.247833252,24110,24120,10
13.0066404343,80.2476196289,24120,24130,10
13.0066299438,80.247428894,24130,24140,10
13.0066404343,80.2470474243,24140,24150,10
13.0065803528,80.24659729,24150,24160,10
13.0066699982,80.24609375,24160,24170,10
13.0066795349,80.2451019287,24170,24180,10
13.0066604614,80.243888855,24180,24191,11
13.0066299438,80.2425537109,24191,24201,10
13.0065803528,80.2416610718,24201,24211,10
13.0065803528,80.2414779663,24211,24221,10
13.006649971,80.2408218384,24221,24231,10
13.0068101883,80.2400970459,24231,24241,10
13.0069799423,80.2391433716,24241,24250,9
13.0071897507,80.2380981445,24250,24260,10
13.007399559,80.2370223999,24260,24271,11
13.0074300766,80.2367324829,24271,24281,10
13.0075597763,80.2362823486,24281,24291,10
13.0077199936,80.2354736328,24291,24302,11
13.0079898834,80.2342834473,24302,24312,10
13.0082397461,80.2330474854,24312,24322,10
13.0084896088,80.2319107056,24322,24332,10
13.008769989,80.2305374146,24332,24342,10
13.0090198517,80.2292633057,24342,24351,9
13.0092601776,80.2281036377,24351,24362,11
13.0098800659,80.2267227173,24362,24372,10
13.0104598999,80.2254562378,24372,24382,10
13.0110397339,80.2242202759,24382,24392,10
13.0113296509,80.2235412598,24392,24403,11
13.0114297867,80.2231063843,24403,24413,10
13.0117197037,80.2223815918,24413,24423,10
13.0121002197,80.2215881348,24423,24432,9
13.0124397278,80.2216796875,24432,24443,11
13.0129804611,80.2223892212,24443,24453,10
13.013589859,80.2230224609,24453,24463,10
13.0141401291,80.2236175537,24463,24473,10
13.0144996643,80.2242507935,24473,24483,10
13.0150299072,80.2246398926,24483,24493,10
13.0151996613,80.224861145,24493,24503,10
13.0154895782,80.2250976563,24503,24514,11
13.0156402588,80.225189209,24514,24524,10
13.0161104202,80.2253723145,24524,24534,10
13.0169696808,80.225151062,24534,24544,10
13.017999649,80.2247314453,24544,24554,10
13.0188503265,80.2244033813,24554,24564,10
13.0193796158,80.2243804932,24564,24574,10
13.0196399689,80.2244873047,24574,24584,10
13.0200395584,80.2247619629,24584,24594,10
13.0205898285,80.2251663208,24594,24604,10
13.0211601257,80.2256164551,24604,24614,10
13.0217695236,80.22605896,24614,24625,11
13.0218601227,80.2261810303,24625,24635,10
13.0222797394,80.2265090942,24635,24645,10
13.0229501724,80.2270812988,24645,24655,10
13.0235900879,80.2276687622,24655,24665,10
13.0240802765,80.2281417847,24665,24675,10
13.0242395401,80.2283401489,24675,24685,10
13.0243797302,80.2285232544,24685,24694,9
13.0246601105,80.2289505005,24694,24705,11
13.0252103806,80.2296295166,24705,24715,10
13.0256996155,80.2303009033,24715,24726,11
13.0259895325,80.2310180664,24726,24736,10
13.0261001587,80.2313766479,24736,24746,10
13.0267801285,80.2311935425,24746,24756,10
13.0275802612,80.2309799194,24756,24766,10
13.0283002853,80.2309036255,24766,24776,10
13.0287303925,80.2308578491,24776,24786,10
13.0293302536,80.2307891846,24786,24796,10
13.0295200348,80.2307815552,24796,24806,10
13.0300798416,80.2307434082,24806,24816,10
13.0307703018,80.230682373,24816,24826,10
13.0315198898,80.2306289673,24826,24837,11
13.0326299667,80.2305374146,24837,24846,9
13.033949852,80.2304534912,24846,24867,21
13.033949852,80.2304534912,24867,24877,10
13.0342102051,80.23046875,24877,24887,10
13.0347604752,80.2303085327,24887,24897,10
13.035030365,80.2303390503,24897,24907,10
13.0347099304,80.2303466797,24907,24917,10
13.0342102051,80.2304534912,24917,24927,10
13.0335998535,80.2304763794,24927,24937,10
13.033249855,80.2304992676,24937,25281,344
13.033249855,80.2304992676,25281,25291,10
13.0331802368,80.2304611206,25291,25301,10
13.0328302383,80.230506897,25301,25311,10
13.0321502686,80.2306137085,25311,25321,10
13.0313396454,80.230682373,25321,25331,10
13.0305995941,80.230758667,25331,25341,10
13.0301303864,80.2308120728,25341,25351,10
13.0298204422,80.2308273315,25351,25361,10
13.0297603607,80.2308120728,25361,25372,11
13.0292596817,80.2308883667,25372,25382,10
13.0284204483,80.23097229,25382,25392,10
13.0277299881,80.2310714722,25392,25402,10
13.027680397,80.2314605713,25402,25412,10
13.0277004242,80.2319412231,25412,25422,10
13.0277500153,80.2323608398,25422,25432,10
13.0277795792,80.2327880859,25432,25442,10
13.0272703171,80.2329101563,25442,25452,10
13.0269298553,80.233001709,25452,25462,10
13.0266199112,80.2330322266,25462,25472,10
13.0263395309,80.2325592041,25472,25483,11
13.0260801315,80.231552124,25483,25493,10
13.0257396698,80.230430603,25493,25503,10
13.0250396729,80.2293395996,25503,25513,10
13.0244998932,80.2287063599,25513,25523,10
13.0241098404,80.2283172607,25523,25533,10
13.0241003036,80.2283172607,25533,25543,10
13.0239200592,80.2281188965,25543,25553,10
13.0236196518,80.2277526855,25553,25563,10
13.0232496262,80.2274169922,25563,25573,10
13.022649765,80.2268829346,25573,25583,10
13.0220098495,80.2262802124,25583,25594,11
13.0212802887,80.2257003784,25594,25604,10
13.0205698013,80.2251815796,25604,25614,10
13.0201101303,80.224899292,25614,25624,10
13.0199098587,80.2247695923,25624,25634,10
13.019370079,80.2245178223,25634,25644,10
13.0185604095,80.224609375,25644,25654,10
13.0176095963,80.2249908447,25654,25664,10
13.0167398453,80.2253570557,25664,25674,10
13.0160303116,80.2256317139,25674,25684,10
13.0154695511,80.2258300781,25684,25694,10
13.0149202347,80.2260665894,25694,25705,11
13.0144500732,80.2262420654,25705,25715,10
13.0144195557,80.2262573242,25715,25731,16
13.013879776,80.2264709473,25731,25743,12
13.0129098892,80.2268371582,25743,25751,8
13.012260437,80.2270736694,25751,25762,11
13.0112895966,80.2274703979,25762,25773,11
13.0098896027,80.2280426025,25773,25783,10
13.0091600418,80.2286834717,25783,25793,10
13.0089502335,80.2297897339,25793,25803,10
13.0086603165,80.2311401367,25803,25814,11
13.0083904266,80.2326202393,25814,25824,10
13.0082597733,80.2335510254,25824,25834,10
13.0082597733,80.233581543,25834,25844,10
13.0081596375,80.2337799072,25844,25854,10
13.0080003738,80.2344665527,25854,25864,10
13.007809639,80.2355194092,25864,25874,10
13.0075597763,80.2368011475,25874,25884,10
13.0073404312,80.2378997803,25884,25894,10
13.0071697235,80.2388687134,25894,25904,10
13.006939888,80.2401123047,25904,25965,61
13.006939888,80.2401123047,25965,25975,10
13.0069599152,80.2403411865,25975,25985,10
13.0068798065,80.2408218384,25985,25995,10
13.0068397522,80.2409210205,25995,26005,10
13.0067796707,80.2415237427,26005,26015,10
13.0067501068,80.2423934937,26015,26026,11
13.0066900253,80.243309021,26026,26036,10
13.0066995621,80.2438430786,26036,26046,10
13.0066995621,80.2447891235,26046,26056,10
13.0067195892,80.2457809448,26056,26066,10
13.0067396164,80.2466583252,26066,26076,10
13.0067195892,80.2475814819,26076,26086,10
13.0067501068,80.2485198975,26086,26096,10
13.0068597794,80.2494125366,26096,26106,10
13.0068702698,80.2495574951,26106,26116,10
13.0068702698,80.2497787476,26116,26126,10
13.0068302155,80.2504577637,26126,26137,11
13.0067796707,80.2515487671,26137,26147,10
13.0065698624,80.2525863647,26147,26157,10
13.0065698624,80.2534713745,26157,26167,10
13.0066003799,80.2544784546,26167,26177,10
13.0066099167,80.2557601929,26177,26187,10
13.0066404343,80.2568206787,26187,26197,10
13.0067100525,80.2572631836,26197,26278,81
13.0067100525,80.2572631836,26278,26288,10
13.0068101883,80.2575302124,26288,26298,10
13.0071401596,80.2581634521,26298,26308,10
13.0077295303,80.2586288452,26308,26318,10
13.0077600479,80.2586364746,26318,26328,10
13.0081195831,80.2588424683,26328,26338,10
13.0088701248,80.2590637207,26338,26349,11
13.0098600388,80.2590637207,26349,26358,9
13.0109395981,80.2590408325,26358,26369,11
13.0123901367,80.2590637207,26369,26379,10
13.0138397217,80.2591400146,26379,26389,10
13.0151996613,80.2591934204,26389,26399,10
13.0161800385,80.2594985962,26399,26409,10
13.0164003372,80.2596435547,26409,26419,10
13.0164203644,80.2596588135,26419,26429,10
13.0168399811,80.2600021362,26429,26439,10
13.0176401138,80.2605285645,26439,26449,10
13.0186004639,80.2611923218,26449,26460,11
13.0194396973,80.2619018555,26460,26470,10
13.0200901031,80.262512207,26470,26480,10
13.020190239,80.2626190186,26480,26490,10
13.0205497742,80.2627792358,26490,26500,10
13.021229744,80.2630004883,26500,26510,10
13.0218601227,80.2632369995,26510,26520,10
13.0221796036,80.2633895874,26520,26530,10
13.0227403641,80.2637023926,26530,26540,10
13.0234003067,80.2640762329,26540,26550,10
13.0240802765,80.2644119263,26550,26560,10
13.0247097015,80.2648620605,26560,26577,17
13.0255203247,80.2654418945,26577,26589,12
13.0259599686,80.2657470703,26589,26599,10
13.0261001587,80.2658081055,26599,26609,10
13.0262899399,80.2658004761,26609,26619,10
13.0263595581,80.2653427124,26619,26629,10
13.0264396667,80.2647476196,26629,26639,10
13.0265398026,80.2640609741,26639,26649,10
13.0265703201,80.2639389038,26649,26659,10
13.0266399384,80.2634735107,26659,26669,10
13.0274095535,80.2635269165,26669,26690,21
13.0274095535,80.2635269165,26690,26700,10
13.0278301239,80.263671875,26700,26710,10
13.0283403397,80.2638015747,26710,26720,10
13.0286102295,80.2638702393,26720,26730,10
13.0288696289,80.2639694214,26730,26740,10
13.0292901993,80.2641372681,26740,26750,10
13.0293102264,80.2646408081,26750,26760,10
13.0293102264,80.2653579712,26760,26770,10
13.0292396545,80.2660827637,26770,26781,11
13.0292301178,80.2662277222,26781,26791,10
13.0292901993,80.2664413452,26791,26801,10
13.0297403336,80.2665786743,26801,26810,9
13.0304498672,80.2667007446,26810,26821,11
13.0311803818,80.2668762207,26821,26831,10
13.0320501328,80.2672119141,26831,26841,10
13.032699585,80.2675704956,26841,26851,10
13.0334300995,80.267791748,26851,26861,10
13.0336303711,80.2678527832,26861,26871,10
13.0337200165,80.2678985596,26871,26881,10
13.0345602036,80.2679977417,26881,26902,21
13.0345602036,80.2679977417,26902,26912,10
13.0344600677,80.268119812,26912,26922,10
13.0343904495,80.2680282593,26922,26932,10
13.0338602066,80.2679214478,26932,26942,10
13.0333595276,80.2678222656,26942,26952,10
13.0332803726,80.267791748,26952,26968,16
13.0331697464,80.2677383423,26968,26980,12
13.0331697464,80.2677307129,26980,26990,10
13.0329198837,80.2677230835,26990,27000,10
13.032790184,80.2676773071,27000,27011,11
13.0325202942,80.2675018311,27011,27020,9
13.0319900513,80.2671966553,27020,27030,10
13.0312299728,80.2668914795,27030,27041,11
13.0305204391,80.2667388916,27041,27050,9
13.02987957,80.2666168213,27050,27061,11
13.0296697617,80.2666015625,27061,27071,10
13.0293998718,80.2665634155,27071,27081,10
13.0290002823,80.2664108276,27081,27091,10
13.0284004211,80.266242981,27091,27100,9
13.0279397964,80.2661895752,27100,27112,12
13.0271501541,80.2661132813,27112,27122,10
13.0269002914,80.2660903931,27122,27132,10
13.0264997482,80.2660064697,27132,27142,10
13.026049614,80.2658615112,27142,27152,10
13.0255298615,80.2654800415,27152,27162,10
13.0253295898,80.2653427124,27162,27172,10
13.025179863,80.2652206421,27172,27182,10
13.0247001648,80.2648620605,27182,27192,10
13.0239095688,80.2643280029,27192,27202,10
13.0230998993,80.2639083862,27202,27212,10
13.022310257,80.2634963989,27212,27223,11
13.0221595764,80.2634429932,27223,27233,10
13.0219402313,80.263343811,27233,27243,10
13.0214700699,80.2631530762,27243,27253,10
13.0206403732,80.2630310059,27253,27263,10
13.0201196671,80.2630233765,27263,27273,10
13.0194396973,80.2629470825,27273,27283,10
13.0190496445,80.2629013062,27283,27293,10
13.0189304352,80.2624130249,27293,27303,10
13.0188102722,80.2615814209,27303,27313,10
13.0184602737,80.2611694336,27313,27324,11
13.0177097321,80.2606582642,27324,27334,10
13.0168199539,80.2600708008,27334,27344,10
13.016119957,80.2596969604,27344,27354,10
13.0160799026,80.2596893311,27354,27364,10
13.0159702301,80.2596435547,27364,27374,10
13.0154399872,80.2594604492,27374,27384,10
13.0146598816,80.2593536377,27384,27394,10
13.0136995316,80.2593078613,27394,27404,10
13.0125198364,80.259262085,27404,27414,10
13.0114297867,80.2592086792,27414,27424,10
13.0105600357,80.2592163086,27424,27435,11
13.0100402832,80.2592468262,27435,27445,10
13.0099401474,80.2592163086,27445,27455,10
13.0094203949,80.2592163086,27455,27465,10
13.0088396072,80.2592086792,27465,27475,10
13.0085201263,80.2591781616,27475,27485,10
13.0078601837,80.2593231201,27485,27495,10
13.0074100494,80.2591323853,27495,27505,10
13.0072097778,80.2587127686,27505,27515,10
13.0071601868,80.2585830688,27515,27525,10
13.0069198608,80.2581863403,27525,27536,11
13.0066604614,80.2578582764,27536,27566,30
13.0066604614,80.2578582764,27566,27576,10
13.0065002441,80.2575302124,27576,27586,10
13.0065002441,80.2566375732,27586,27596,10
13.0065002441,80.2555999756,27596,27606,10
13.0065402985,80.2545623779,27606,27616,10
13.006529808,80.2536773682,27616,27626,10
13.0065402985,80.2532272339,27626,27636,10
13.0065402985,80.2530288696,27636,27647,11
13.0065898895,80.2521209717,27647,27657,10
13.0067396164,80.2510070801,27657,27667,10
13.0067300797,80.2499008179,27667,27677,10
13.0067195892,80.2489471436,27677,27727,50
13.0067195892,80.2489471436,27727,27737,10
13.0066795349,80.248840332,27737,27747,10
13.0066604614,80.2485580444,27747,27758,11
13.0066404343,80.2482376099,27758,27768,10
13.0066299438,80.2478713989,27768,27778,10
13.0066404343,80.2475280762,27778,27869,91
13.0066404343,80.2475280762,27869,27879,10
13.0066604614,80.2471237183,27879,27889,10
13.0066003799,80.2465591431,27889,27899,10
13.0066099167,80.2465591431,27899,27909,10
13.0066604614,80.2464981079,27909,27919,10
13.0066795349,80.2462310791,27919,27929,10
13.0066604614,80.2454833984,27929,27939,10
13.0066604614,80.2445831299,27939,27949,10
13.0066404343,80.2436904907,27949,27959,10
13.0066003799,80.2427062988,27959,27969,10
13.0065803528,80.2417373657,27969,27980,11
13.0065803528,80.2416229248,27980,27990,10
13.0066299438,80.2411422729,27990,28000,10
13.0066995621,80.2404708862,28000,28010,10
13.0068597794,80.2395782471,28010,28020,10
13.0070800781,80.2384414673,28020,28030,10
13.0073003769,80.2375030518,28030,28040,10
13.0074195862,80.2367782593,28040,28050,10
13.0074396133,80.2366867065,28050,28060,10
13.007519722,80.2364196777,28060,28070,10
13.0077199936,80.2356033325,28070,28081,11
13.0079898834,80.2343521118,28081,28091,10
13.0082597733,80.2329711914,28091,28100,9
13.0085201263,80.2316207886,28100,28111,11
13.0087995529,80.230140686,28111,28121,10
13.0090904236,80.228553772,28121,28131,10
13.0095396042,80.2273406982,28131,28141,10
13.0100698471,80.2261734009,28141,28151,10
13.0104904175,80.2253189087,28151,28161,10
13.0108804703,80.2245025635,28161,28171,10
13.0113296509,80.2235183716,28171,28181,10
13.011639595,80.2227706909,28181,28192,11
13.0120096207,80.2217788696,28192,28201,9
13.0123901367,80.2215423584,28201,28212,11
13.0127801895,80.2221374512,28212,28222,10
13.013420105,80.2228088379,28222,28232,10
13.0141296387,80.2235870361,28232,28242,10
13.0146398544,80.2241821289,28242,28252,10
13.015130043,80.2246398926,28252,28262,10
13.0152301788,80.2247390747,28262,28272,10
13.0155296326,80.2249908447,28272,28282,10
13.0155696869,80.2250366211,28282,28292,10
13.0156803131,80.2251586914,28292,28303,11
13.0161504745,80.2253799438,28303,28313,10
13.0170202255,80.2251663208,28313,28323,10
13.0180902481,80.2247390747,28323,28333,10
13.0190095901,80.2243881226,28333,28343,10
13.0194702148,80.2244110107,28343,28353,10
13.0195398331,80.2244415283,28353,28363,10
13.0197896957,80.2246017456,28363,28373,10
13.0202503204,80.2249221802,28373,28383,10
13.020819664,80.2253189087,28383,28393,10
13.0212402344,80.2256393433,28393,28404,11
13.0220804214,80.2262496948,28404,28424,20
13.0220804214,80.2262496948,28424,28434,10
13.0222597122,80.2264099121,28434,28444,10
13.0228595734,80.2269363403,28444,28454,10
13.0235500336,80.2275772095,28454,28464,10
13.0241804123,80.2282180786,28464,28474,10
13.0247001648,80.2289428711,28474,28484,10
13.0252504349,80.229637146,28484,28494,10
13.0257396698,80.2303466797,28494,28504,10
13.0259399414,80.2308197021,28504,28515,11
13.0260295868,80.2312393188,28515,28525,10
13.0263900757,80.231300354,28525,28535,10
13.0272397995,80.2311019897,28535,28545,10
13.028459549,80.2309188843,28545,28564,19
13.028459549,80.2309188843,28564,28575,11
13.028550148,80.2309188843,28575,28585,10
13.0292100906,80.2308273315,28585,28595,10
13.0297803879,80.2307815552,28595,28605,10
13.0304803848,80.2307434082,28605,28615,10
13.0310401917,80.2306976318,28615,28626,11
13.0318403244,80.2306594849,28626,28636,10
13.0325403214,80.2305984497,28636,28646,10
13.033370018,80.2305297852,28646,28656,10
13.0341501236,80.2304534912,28656,28696,40
13.0341501236,80.2304534912,28696,28706,10
13.034330368,80.23046875,28706,28716,10
13.0348396301,80.2303237915,28716,28726,10
13.0349597931,80.230140686,28726,28737,11
13.0347795486,80.2300491333,28737,28747,10
13.0345802307,80.2299804688,28747,29665,918
13.0342102051,80.2300109863,29665,29706,41
13.0342102051,80.2300109863,29706,29716,10
13.0341701508,80.2304077148,29716,29726,10
13.034119606,80.2304534912,29726,29736,10
13.0337400436,80.230430603,29736,29746,10
13.0335197449,80.230430603,29746,29756,10
13.0334196091,80.230430603,29756,29766,10
13.032959938,80.23046875,29766,29776,10
13.0322904587,80.2305679321,29776,29786,10
13.0314798355,80.2306671143,29786,29796,10
13.0308599472,80.2307434082,29796,29806,10
13.0305500031,80.2309036255,29806,29817,11
13.0299596786,80.2308120728,29817,29827,10
13.0291500092,80.23072052,29827,30016,189
13.0291500092,80.23072052,30016,30026,10
13.0260601044,80.2314910889,30026,30036,10
13.0254402161,80.2306289673,30036,32046,2010
13.0254402161,80.2306289673,32046,32056,10
13.0332803726,80.2678527832,32056,32086,30
13.0332803726,80.2678527832,32086,32097,11
13.0331897736,80.2678985596,32097,32297,200
13.0331897736,80.2678985596,32297,32307,10
13.0332298279,80.2678604126,32307,32317,10
13.0332803726,80.2678604126,32317,32408,91
13.0332803726,80.2678604126,32408,32418,10
13.0329704285,80.2677612305,32418,32428,10
13.0326299667,80.2674789429,32428,32439,11
13.0320596695,80.2672424316,32439,32449,10
13.0314302444,80.2669525146,32449,32459,10
13.0307598114,80.2667694092,32459,32469,10
13.0303001404,80.2666778564,32469,32479,10
13.0297603607,80.2666320801,32479,32499,20
13.0297603607,80.2666320801,32499,32509,10
13.029419899,80.2665328979,32509,32519,10
13.0291595459,80.2664337158,32519,32529,10
13.0285797119,80.2662734985,32529,32539,10
13.0278596878,80.26612854,32539,32550,11
13.0260896683,80.2655181885,32550,32742,192
13.0260896683,80.2655181885,32742,32751,9
13.0188503265,80.2618408203,32751,32762,11
13.0185604095,80.2609176636,32762,32893,131
13.0099201202,80.2592391968,32893,32974,81
13.0099201202,80.2592391968,32974,32984,10
13.0093202591,80.2592163086,32984,32994,10
13.0092697144,80.2592315674,32994,33518,524
13.0092697144,80.2592315674,33518,33529,11
13.0066995621,80.2488937378,33529,33619,90
13.0066995621,80.2488937378,33619,33629,10
13.0066604614,80.2486724854,33629,33640,11
13.0066900253,80.2484512329,33640,33650,10
13.0066795349,80.2482833862,33650,33660,10
13.006649971,80.248008728,33660,33670,10
13.006649971,80.2475814819,33670,33680,10
13.0066604614,80.2469787598,33680,33690,10
13.0065803528,80.2465515137,33690,33700,10
13.0066003799,80.2465591431,33700,33710,10
13.0066204071,80.246421814,33710,33720,10
13.0067195892,80.2461395264,33720,33730,10
13.006649971,80.2453994751,33730,33740,10
13.0067796707,80.244720459,33740,33751,11
13.0070495605,80.2440032959,33751,34134,383
13.0070495605,80.2440032959,34134,34144,10
13.0083904266,80.2326431274,34144,34154,10
13.0087299347,80.2319335938,34154,34175,21
13.0087299347,80.2319335938,34175,34184,9
13.009469986,80.2278823853,34184,34195,11
13.0099096298,80.2266082764,34195,34205,10
13.0103902817,80.2255935669,34205,34215,10
13.0107803345,80.224861145,34215,34225,10
13.011059761,80.2241287231,34225,34235,10
13.0114202499,80.2233734131,34235,34245,10
13.011639595,80.2228775024,34245,34255,10
13.0117397308,80.2224197388,34255,34265,10
13.0122804642,80.2214813232,34265,34286,21
13.0122804642,80.2214813232,34286,34295,9
13.0135402679,80.2231674194,34295,34316,21
13.0135402679,80.2231674194,34316,34326,10
13.0147895813,80.2244415283,34326,34336,10
13.0151395798,80.2246704102,34336,34346,10
13.0151996613,80.225227356,34346,34505,159
13.0151996613,80.225227356,34505,34516,11
13.0205802917,80.2249832153,34516,34526,10
13.0206899643,80.2251205444,34526,34536,10
13.0207796097,80.2252120972,34536,34677,141
13.0207796097,80.2252120972,34677,34687,10
13.0219497681,80.2260818481,34687,34697,10
13.022359848,80.2264175415,34697,34879,182
13.022359848,80.2264175415,34879,34889,10
13.0242099762,80.2278137207,34889,35010,121
13.0242099762,80.2278137207,35010,35020,10
13.0253601074,80.2298736572,35020,35040,20
13.0251998901,80.2295608521,35040,35141,101
13.0251998901,80.2295608521,35141,35151,10
13.0284004211,80.2308120728,35151,35161,10
13.0285797119,80.2308807373,35161,35172,11
13.028840065,80.2307891846,35172,35182,10
13.0289402008,80.2312011719,35182,35263,81
13.0289402008,80.2312011719,35263,35272,9
13.0337600708,80.230506897,35272,35283,11
13.0341396332,80.23046875,35283,35293,10
13.0342998505,80.2304000854,35293,35303,10
13.0347499847,80.2302627563,35303,35313,10
13.0348901749,80.2300720215,35313,35333,20
13.0348901749,80.2300720215,35333,35349,16
13.0350198746,80.2300186157,35349,35361,12
13.0348997116,80.2299575806,35361,35371,10
13.0346002579,80.2300033569,35371,35402,31
13.0345201492,80.2300186157,35402,35451,49
13.0345201492,80.2300186157,35451,35462,11
13.0343904495,80.2300186157,35462,35501,39
13.0345001221,80.2300491333,35501,35553,52
13.0343198776,80.2299880981,35553,35896,343
13.0343198776,80.2299880981,35896,35906,10
13.0341796875,80.2303695679,35906,35916,10
13.0339002609,80.2294616699,35916,35926,10
13.0338602066,80.2293395996,35926,35937,11
13.0338497162,80.2293014526,35937,35947,10
13.0333795547,80.2304992676,35947,35957,10
13.0329198837,80.2305374146,35957,35967,10
13.0322704315,80.2307510376,35967,35977,10
13.0311803818,80.2306594849,35977,35997,20
13.0311803818,80.2306594849,35997,36007,10
13.0311803818,80.230682373,36007,36017,10
13.0308799744,80.2307128906,36017,36027,10
13.0306301117,80.23072052,36027,36037,10
13.0303297043,80.2307510376,36037,36048,11
13.0300598145,80.2307662964,36048,36058,10
13.0299196243,80.2305679321,36058,36068,10
13.0299797058,80.230682373,36068,36078,10
13.0298900604,80.2307662964,36078,36088,10
13.0295495987,80.2307662964,36088,36098,10
13.0290899277,80.2308120728,36098,36108,10
13.0285701752,80.2308578491,36108,36118,10
13.0277996063,80.2309875488,36118,36128,10
13.0277004242,80.2312774658,36128,36138,10
13.0277204514,80.2316970825,36138,36148,10
13.0277900696,80.2322387695,36148,36159,11
13.0277996063,80.2327575684,36159,36169,10
13.0274200439,80.2328796387,36169,36209,40
13.0274200439,80.2328796387,36209,36219,10
13.027179718,80.2329788208,36219,36229,10
13.0269203186,80.2330093384,36229,36239,10
13.0265903473,80.2329788208,36239,36249,10
13.0263204575,80.2325515747,36249,36260,11
13.0261201859,80.2318572998,36260,36269,9
13.0260295868,80.2312698364,36269,36280,11
13.0256795883,80.2303619385,36280,36290,10
13.0250396729,80.2294616699,36290,36299,9
13.0245800018,80.2288665771,36299,36310,11
13.0240297318,80.2282485962,36310,36330,20
13.0240297318,80.2282485962,36330,36340,10
13.0239696503,80.2281570435,36340,36350,10
13.0237598419,80.2279129028,36350,36360,10
13.0233697891,80.2274932861,36360,36370,10
13.0227499008,80.2269363403,36370,36381,11
13.0222196579,80.2264328003,36381,36391,10
13.0215597153,80.2258682251,36391,36401,10
13.0208797455,80.2253494263,36401,36411,10
13.0200796127,80.2248382568,36411,36421,10
13.0191602707,80.2244796753,36421,36431,10
13.0182199478,80.2247390747,36431,36441,10
13.0173597336,80.2250823975,36441,36451,10
13.0166501999,80.2253570557,36451,36461,10
13.016119957,80.2255630493,36461,36471,10
13.0153799057,80.2258377075,36471,36481,10
13.0142498016,80.2263031006,36481,36502,21
13.0142498016,80.2263031006,36502,36512,10
13.0142002106,80.2263031006,36512,36522,10
13.0139303207,80.2264022827,36522,36532,10
13.013469696,80.2265625,36532,36542,10
13.0127801895,80.2268295288,36542,36552,10
13.0119695663,80.2271499634,36552,36562,10
13.011059761,80.2275314331,36562,36572,10
13.0100898743,80.227897644,36572,36582,10
13.0092802048,80.2283630371,36582,36592,10
13.0090398788,80.2292327881,36592,36603,11
13.0088701248,80.2302093506,36603,36613,10
13.0087404251,80.2309799194,36613,36643,30
13.0087404251,80.2309799194,36643,36653,10
13.0086803436,80.231300354,36653,36663,10
13.0086097717,80.2316207886,36663,36673,10
13.0085401535,80.2319107056,36673,36683,10
13.0084695816,80.2323303223,36683,36704,21
13.0084695816,80.2323303223,36704,36714,10
13.0083799362,80.2328186035,36714,36724,10
13.0082998276,80.2334899902,36724,36774,50
13.0082998276,80.2334899902,36774,36784,10
13.0081796646,80.233757019,36784,36794,10
13.0080404282,80.2343826294,36794,36815,21
13.0080404282,80.2343826294,36815,36825,10
13.0079698563,80.2348175049,36825,36845,20
13.0079698563,80.2348175049,36845,36855,10
13.0079402924,80.2349777222,36855,36865,10
13.0078802109,80.2352294922,36865,36885,20
13.0078001022,80.2355804443,36885,36905,20
13.0078001022,80.2355804443,36905,36915,10
13.0077495575,80.2358016968,36915,36926,11
13.0076799393,80.2361602783,36926,36936,10
13.007610321,80.236541748,36936,36946,10
13.0075101852,80.2370071411,36946,36956,10
13.0074300766,80.2373962402,36956,36966,10
13.007349968,80.2378768921,36966,36976,10
13.0072803497,80.2383422852,36976,36986,10
13.0071201324,80.2389678955,36986,36996,10
13.0070199966,80.239692688,36996,37026,30
13.0070199966,80.239692688,37026,37037,11
13.0069198608,80.2400894165,37037,37047,10
13.0069999695,80.2399520874,37047,37127,80
13.0069704056,80.2398376465,37127,37218,91
13.0069704056,80.2398376465,37218,37228,10
13.0069799423,80.2399520874,37228,37238,10
13.0069198608,80.2400970459,37238,37248,10
13.0068101883,80.2405090332,37248,37259,11
13.0067996979,80.2406921387,37259,37269,10
13.0067396164,80.2410430908,37269,37279,10
13.0067100525,80.2418365479,37279,37289,10
13.0067100525,80.242729187,37289,37299,10
13.0066900253,80.2431030273,37299,37309,10
13.0066900253,80.2433395386,37309,37319,10
13.0066900253,80.243560791,37319,37329,10
13.0066699982,80.2439422607,37329,37339,10
13.0066699982,80.2443771362,37339,37349,10
13.0066604614,80.2449569702,37349,37359,10
13.0066795349,80.2453689575,37359,37369,10
13.0066995621,80.2456436157,37369,37380,11
13.0066995621,80.2456588745,37380,37390,10
13.0067100525,80.24584198,37390,37400,10
13.0067300797,80.2460784912,37400,37410,10
13.0067501068,80.2465515137,37410,37420,10
13.0067501068,80.2471084595,37420,37430,10
13.0067300797,80.2479019165,37430,37440,10
13.0067596436,80.2487487793,37440,37450,10
13.0068597794,80.2494812012,37450,37460,10
13.0068597794,80.2496032715,37460,37470,10
13.0068702698,80.2496795654,37470,37481,11
13.0068397522,80.2500991821,37481,37491,10
13.0068302155,80.2507019043,37491,37511,20
13.0068302155,80.2507019043,37511,37521,10
13.0068101883,80.2508773804,37521,37531,10
13.0068101883,80.2513122559,37531,37541,10
13.0066699982,80.2518768311,37541,37551,10
13.006529808,80.2527236938,37551,37561,10
13.0065402985,80.2536773682,37561,37571,10
13.0065698624,80.2545318604,37571,37582,11
13.0065898895,80.255531311,37582,37592,10
13.0066204071,80.2566680908,37592,37602,10
13.006770134,80.257598877,37602,37612,10
13.007229805,80.2583389282,37612,37622,10
13.0077199936,80.2586288452,37622,37632,10
13.0077295303,80.2586517334,37632,37642,10
13.0077199936,80.2587127686,37642,37652,10
13.0081501007,80.2589035034,37652,37662,10
13.0088796616,80.2590637207,37662,37672,10
13.0097703934,80.2590713501,37672,37682,10
13.0107603073,80.2590866089,37682,37692,10
13.0118398666,80.2590637207,37692,37703,11
13.0131196976,80.2591018677,37703,37713,10
13.01404953,80.2591171265,37713,37723,10
13.0145998001,80.2591400146,37723,37733,10
13.0149202347,80.259147644,37733,37743,10
13.014960289,80.259147644,37743,37753,10
13.0151996613,80.2591629028,37753,37765,12
13.0153799057,80.2591781616,37765,37775,10
13.0154695511,80.2591781616,37775,37785,10
13.0156202316,80.2592163086,37785,37795,10
13.0157804489,80.2592926025,37795,37805,10
13.0160398483,80.2593994141,37805,37816,11
13.0163402557,80.2595977783,37816,37825,9
13.0163698196,80.2596206665,37825,37836,11
13.0164403915,80.2596817017,37836,37846,10
13.0164604187,80.2596893311,37846,37856,10
13.0166397095,80.2598419189,37856,37866,10
13.0169496536,80.2600631714,37866,37876,10
13.0173597336,80.2603302002,37876,37886,10
13.017539978,80.2604370117,37886,37896,10
13.0176200867,80.2605133057,37896,37906,10
13.0178899765,80.2606964111,37906,37917,11
13.0183095932,80.2610168457,37917,37927,10
13.0185899734,80.2612228394,37927,37937,10
13.0186395645,80.2612533569,37937,37947,10
13.0189304352,80.2614974976,37947,37957,10
13.0192804337,80.261756897,37957,37967,10
13.0195703506,80.2620620728,37967,37977,10
13.0199804306,80.2624588013,37977,37986,9
13.0202302933,80.2626190186,37986,37996,10
13.0203800201,80.2627182007,37996,38007,11
13.0211000443,80.2629394531,38007,38017,10
13.0218601227,80.2632369995,38017,38028,11
13.0222301483,80.2634277344,38028,38038,10
13.0226097107,80.2636184692,38038,38048,10
13.0229902267,80.2638168335,38048,38058,10
13.0230102539,80.2638397217,38058,38068,10
13.0233697891,80.2641220093,38068,38078,10
13.023850441,80.2643814087,38078,38088,10
13.0244503021,80.2647094727,38088,38098,10
13.0248403549,80.2650222778,38098,38108,10
13.0253095627,80.2653579712,38108,38118,10
13.0258998871,80.2657394409,38118,38135,17
13.0263500214,80.265663147,38135,38147,12
13.0264196396,80.2649993896,38147,38157,10
13.0265102386,80.2643432617,38157,38165,8
13.0265598297,80.2639694214,38165,38177,12
13.026599884,80.2638931274,38177,38187,10
13.0266599655,80.2634963989,38187,38197,10
13.0269498825,80.263420105,38197,38207,10
13.0273799896,80.2634811401,38207,38217,10
13.0277996063,80.2636032104,38217,38227,10
13.0283899307,80.2637863159,38227,38238,11
13.0289297104,80.2639389038,38238,38249,11
13.0292196274,80.2640304565,38249,38259,10
13.0293197632,80.2641906738,38259,38269,10
13.0293102264,80.2642822266,38269,38279,10
13.029299736,80.2647781372,38279,38288,9
13.0293102264,80.2654571533,38288,38298,10
13.0292596817,80.2659835815,38298,38309,11
13.0292596817,80.2659912109,38309,38319,10
13.0291795731,80.2663116455,38319,38329,10
13.0291996002,80.2664413452,38329,38339,10
13.0293998718,80.2665176392,38339,38349,10
13.0298204422,80.2666320801,38349,38360,11
13.0303001404,80.2666931152,38360,38370,10
13.0306901932,80.2667312622,38370,38380,10
13.0311498642,80.2668533325,38380,38390,10
13.0317802429,80.2671127319,38390,38400,10
13.0322599411,80.2673492432,38400,38410,10
13.0326004028,80.2674789429,38410,38420,10
13.0329799652,80.2677001953,38420,38430,10
13.0336999893,80.2678375244,38430,38459,29
13.0336999893,80.2678375244,38459,38471,12
13.0338602066,80.267906189,38471,38481,10
13.034239769,80.2679672241,38481,38491,10
13.0345497131,80.2679977417,38491,38510,19
13.0345401764,80.2681427002,38510,38541,31
13.0343503952,80.2680664063,38541,38572,31
13.0343503952,80.2680664063,38572,38582,10
13.0340204239,80.2679824829,38582,38592,10
13.0336999893,80.2678985596,38592,38602,10
13.0332403183,80.2678375244,38602,38652,50
13.0332403183,80.2678375244,38652,38662,10
13.033200264,80.267616272,38662,38753,91
13.033200264,80.267616272,38753,38763,10
13.033200264,80.2676010132,38763,38774,11
13.033200264,80.2674865723,38774,38783,9
13.0333003998,80.2672271729,38783,38800,17
13.0332803726,80.2673492432,38800,38820,20
13.033200264,80.2677001953,38820,38842,22
13.033200264,80.2677001953,38842,38852,10
13.033200264,80.2677612305,38852,38862,10
13.0331697464,80.2676696777,38862,38912,50
13.0331697464,80.2676696777,38912,38923,11
13.0332202911,80.2676620483,38923,38933,10
13.0331697464,80.2677230835,38933,38943,10
13.0331697464,80.2677536011,38943,39135,192
13.0331697464,80.2677536011,39135,39145,10
13.0332603455,80.2676696777,39145,39165,20
13.0332603455,80.2676696777,39165,39175,10
13.0329303741,80.2677001953,39175,39185,10
13.03262043,80.2676620483,39185,39195,10
13.0324802399,80.267539978,39195,39205,10
13.0322599411,80.2673187256,39205,39216,11
13.0319004059,80.2673034668,39216,39225,9
13.0314397812,80.2669906616,39225,39236,11
13.0312700272,80.2669067383,39236,39246,10
13.0309200287,80.2668533325,39246,39256,10
13.0305404663,80.2668685913,39256,39266,10
13.0301198959,80.2666931152,39266,39276,10
13.0300397873,80.2666625977,39276,39286,10
13.0297403336,80.2666015625,39286,39296,10
13.0299396515,80.26587677,39296,39357,61
13.0299396515,80.26587677,39357,39367,10
13.029129982,80.2664794922,39367,39377,10
13.0286998749,80.2663269043,39377,39387,10
13.0281095505,80.2663421631,39387,39397,10
13.0272397995,80.2660903931,39397,39407,10
13.0269804001,80.2661132813,39407,39417,10
13.0267000198,80.2659988403,39417,39427,10
13.0262804031,80.2661437988,39427,39438,11
13.0260696411,80.2661972046,39438,39447,9
13.0264196396,80.2660598755,39447,39458,11
13.0263204575,80.2660217285,39458,39518,60
13.0263204575,80.2660217285,39518,39528,10
13.0249795914,80.2646331787,39528,39538,10
13.0239896774,80.2643508911,39538,39549,11
13.0233402252,80.2638626099,39549,39559,10
13.0232200623,80.2637786865,39559,39569,10
13.0223903656,80.2635803223,39569,39579,10
13.0221595764,80.2634277344,39579,39589,10
13.0221099854,80.2634124756,39589,39599,10
13.0218000412,80.2632904053,39599,39609,10
13.0209903717,80.2630462646,39609,39619,10
13.0201501846,80.2630310059,39619,39629,10
13.0198402405,80.2628936768,39629,39639,10
13.0195903778,80.2628936768,39639,39649,10
13.0188999176,80.2626190186,39649,39659,10
13.0187597275,80.2618789673,39659,39669,10
13.0184602737,80.2611999512,39669,39680,11
13.0177602768,80.2607498169,39680,39690,10
13.0169200897,80.2601699829,39690,39700,10
13.0161104202,80.2597198486,39700,39710,10
13.0160398483,80.2596893311,39710,39720,10
13.0157299042,80.2595596313,39720,39730,10
13.0150499344,80.2593688965,39730,39740,10
13.0142402649,80.2593078613,39740,39750,10
13.0132198334,80.259262085,39750,39760,10
13.0122404099,80.2592086792,39760,39770,10
13.0113801956,80.2591781616,39770,39780,10
13.0104799271,80.2592163086,39780,39791,11
13.0095701218,80.2592010498,39791,39801,10
13.0089101791,80.2592086792,39801,39811,10
13.0086097717,80.2592391968,39811,39821,10
13.0080404282,80.2592086792,39821,39831,10
13.0074100494,80.2593002319,39831,39841,10
13.0071802139,80.2587814331,39841,39851,10
13.0071697235,80.2587127686,39851,39861,10
13.007060051,80.2584762573,39861,39871,10
13.0067300797,80.2579193115,39871,39892,21
13.0067300797,80.2579193115,39892,39902,10
13.0065402985,80.2576370239,39902,39912,10
13.0064897537,80.2572479248,39912,39922,10
13.0064897537,80.2571105957,39922,39932,10
13.0064601898,80.256652832,39932,39942,10
13.0064601898,80.2559585571,39942,39952,10
13.006480217,80.255279541,39952,39962,10
13.0065002441,80.2545166016,39962,39972,10
13.0064697266,80.2532119751,39972,40002,30
13.0064697266,80.2532119751,40002,40013,11
13.0064897537,80.2528762817,40013,40023,10
13.0065002441,80.2524414063,40023,40043,20
13.0065002441,80.2524414063,40043,40053,10
13.0066003799,80.2520217896,40053,40063,10
13.0067100525,80.2515792847,40063,40073,10
13.0067195892,80.2513198853,40073,40083,10
13.0067100525,80.2506637573,40083,40093,10
13.0067501068,80.2496109009,40093,40222,129
13.0067501068,80.2496109009,40222,40233,11
13.0066995621,80.2493591309,40233,40243,10
13.0066795349,80.2490234375,40243,40253,10
13.0066604614,80.248588562,40253,40263,10
13.0066404343,80.2483596802,40263,40273,10
13.0066099167,80.2479400635,40273,40283,10
13.0066204071,80.2474365234,40283,40293,10
13.0065498352,80.2464599609,40293,40313,20
13.0065498352,80.2464599609,40313,40323,10
13.006649971,80.2462005615,40323,40333,10
13.0066404343,80.2455368042,40333,40344,11
13.0066003799,80.2445373535,40344,40354,10
13.0066204071,80.2437210083,40354,40364,10
13.0065803528,80.2431488037,40364,40374,10
13.0065603256,80.2424697876,40374,40384,10
13.0065002441,80.2416915894,40384,40394,10
13.0065498352,80.2415771484,40394,40404,10
13.0066003799,80.2411422729,40404,40414,10
13.0066995621,80.2406005859,40414,40444,30
13.0066995621,80.2406005859,40444,40455,11
13.0066995621,80.2404327393,40455,40465,10
13.0067996979,80.2399902344,40465,40475,10
13.0069198608,80.2392196655,40475,40485,10
13.0071296692,80.2382736206,40485,40495,10
13.007349968,80.2372817993,40495,40505,10
13.0073795319,80.2368392944,40505,40515,10
13.0073900223,80.2368392944,40515,40525,10
13.0074596405,80.2366104126,40525,40535,10
13.0075998306,80.2360687256,40535,40545,10
13.0077600479,80.2352371216,40545,40556,11
13.0079202652,80.2342071533,40556,40566,10
13.008190155,80.2331619263,40566,40576,10
13.0084199905,80.2319869995,40576,40586,10
13.0086603165,80.230796814,40586,40596,10
13.0088796616,80.2296218872,40596,40606,10
13.0090999603,80.2284927368,40606,40616,10
13.0094499588,80.2275619507,40616,40626,10
13.0097799301,80.2268295288,40626,40636,10
13.0102596283,80.2258682251,40636,40646,10
13.0104999542,80.2254333496,40646,40656,10
13.0106201172,80.2251968384,40656,40667,11
13.0108604431,80.224571228,40667,40677,10
13.0112600327,80.2237625122,40677,40687,10
13.0115604401,80.2229690552,40687,40697,10
13.0118904114,80.2220230103,40697,40707,10
13.0122900009,80.221496582,40707,40715,8
13.0124998093,80.2217636108,40715,40727,12
13.013010025,80.2223968506,40727,40737,10
13.013469696,80.2228622437,40737,40747,10
13.0138902664,80.2233581543,40747,40757,10
13.0142698288,80.2238311768,40757,40767,10
13.0147304535,80.2244110107,40767,40778,11
13.015130043,80.2247695923,40778,40788,10
13.0155200958,80.2250518799,40788,40798,10
13.0156002045,80.2250976563,40798,40808,10
13.0159502029,80.2253036499,40808,40818,10
13.0164604187,80.2253189087,40818,40828,10
13.0170001984,80.2251434326,40828,40838,10
13.0175800323,80.2249069214,40838,40848,10
13.0181798935,80.2246780396,40848,40864,16
13.0190000534,80.2243728638,40864,40876,12
13.0194301605,80.2243804932,40876,40886,10
13.0196399689,80.2244796753,40886,40897,11
13.0198001862,80.2245864868,40897,40907,10
13.0199899673,80.2247390747,40907,40917,10
13.0202999115,80.2249603271,40917,40927,10
13.0207300186,80.2252731323,40927,40937,10
13.021109581,80.2255477905,40937,40947,10
13.0215797424,80.2259216309,40947,40956,9
13.0219202042,80.2261428833,40956,40967,11
13.0219497681,80.2261581421,40967,40977,10
13.0221099854,80.2262878418,40977,40987,10
13.0225601196,80.2266693115,40987,40998,11
13.0232200623,80.2271728516,40998,41008,10
13.0238304138,80.2278366089,41008,41018,10
13.024310112,80.2284164429,41018,41048,30
13.024310112,80.2284164429,41048,41058,10
13.024479866,80.2286987305,41058,41068,10
13.0247497559,80.2290725708,41068,41078,10
13.0250597,80.2294616699,41078,41088,10
13.02546978,80.2300033569,41088,41099,11
13.0258598328,80.230682373,41099,41109,10
13.0259799957,80.231010437,41109,41129,20
13.0259799957,80.231010437,41129,41139,10
13.0260295868,80.2313308716,41139,41149,10
13.0263004303,80.231338501,41149,41159,10
13.0268201828,80.2312011719,41159,41169,10
13.027299881,80.2310562134,41169,41179,10
13.027469635,80.2310180664,41179,41189,10
13.0276699066,80.2309875488,41189,41199,10
13.0279998779,80.2309494019,41199,41210,11
13.0284099579,80.2308731079,41210,41240,30
13.0284099579,80.2308731079,41240,41250,10
13.0287303925,80.2308502197,41250,41260,10
13.029129982,80.2308502197,41260,41270,10
13.0293397903,80.2308197021,41270,41280,10
13.0300502777,80.2308120728,41280,41290,10
13.0304203033,80.2307662964,41290,41310,20
13.0304203033,80.2307662964,41310,41321,11
13.0304203033,80.2308120728,41321,41331,10
13.0304403305,80.2308120728,41331,41341,10
13.0304698944,80.230758667,41341,41351,10
13.0308103561,80.230758667,41351,41363,12
13.0314702988,80.2307510376,41363,41373,10
13.0319795609,80.2304992676,41373,41383,10
13.0327100754,80.230682373,41383,41392,9
13.0327196121,80.2306213379,41392,41403,11
13.0329303741,80.2305679321,41403,41423,20
13.0329303741,80.2305679321,41423,41434,11
13.0327196121,80.2304534912,41434,41444,10
13.0324401855,80.2304229736,41444,41454,10
13.0332803726,80.2305603027,41454,41494,40
13.0332803726,80.2305603027,41494,41504,10
13.0335502625,80.2304382324,41504,41514,10
13.0336399078,80.2304611206,41514,41524,10
13.0340204239,80.2304229736,41524,41575,51
13.0340204239,80.2304229736,41575,41585,10
13.0346097946,80.2304000854,41585,41595,10
13.0350198746,80.2301177979,41595,41605,10
13.0350799561,80.2300186157,41605,41615,10
13.0349502563,80.229850769,41615,41625,10
13.0347795486,80.2296066284,41625,41635,10
13.0344200134,80.2294998169,41635,41646,11
13.0343103409,80.2296218872,41646,41656,10
13.0343503952,80.2298965454,41656,41666,10
13.0342102051,80.2300262451,41666,42049,383
13.0342102051,80.2300262451,42049,42059,10
13.0341396332,80.2302093506,42059,42130,71
13.0341396332,80.2302093506,42130,42140,10
13.0339002609,80.2304229736,42140,42150,10
13.033539772,80.2304534912,42150,42160,10
13.0335197449,80.2304382324,42160,42170,10
13.0331001282,80.2304534912,42170,42180,10
13.0323896408,80.2305831909,42180,42190,10
13.031709671,80.2306594849,42190,42201,11
13.031129837,80.2306900024,42201,42211,10
13.0306100845,80.230758667,42211,42221,10
13.0301904678,80.2308120728,42221,42231,10
13.02987957,80.2308197021,42231,42241,10
13.0298404694,80.2308273315,42241,42251,10
13.0291404724,80.2309112549,42251,42322,71
13.0291404724,80.2309112549,42322,42338,16
13.0284404755,80.2309036255,42338,42350,12
13.027680397,80.2310714722,42350,42360,10
13.0277099609,80.2316436768,42360,42370,10
13.0277500153,80.2321929932,42370,42380,10
13.0278501511,80.2326889038,42380,42388,8
13.0276403427,80.2328262329,42388,42400,12
13.0272598267,80.2329177856,42400,42481,81
13.0272598267,80.2329177856,42481,42491,10
13.0268602371,80.2330093384,42491,42501,10
13.0264902115,80.2329788208,42501,42510,9
13.0262699127,80.2324371338,42510,42521,11
13.0260601044,80.2316970825,42521,42531,10
13.0258798599,80.23097229,42531,42542,11
13.025349617,80.2300262451,42542,42551,9
13.0250301361,80.2296066284,42551,42561,10
13.0247297287,80.2292404175,42561,42572,11
13.0244398117,80.2288589478,42572,42582,10
13.0239801407,80.2282714844,42582,42602,20
13.0239801407,80.2282714844,42602,42612,10
13.0238704681,80.2280502319,42612,42622,10
13.0234804153,80.2276916504,42622,42632,10
13.0233201981,80.2275619507,42632,42643,11
13.0230398178,80.2272567749,42643,42653,10
13.0227499008,80.2269973755,42653,42663,10
13.0225601196,80.2268218994,42663,42673,10
13.022069931,80.2264328003,42673,42683,10
13.0214195251,80.2259063721,42683,42693,10
13.0207500458,80.2254104614,42693,42703,10
13.0203304291,80.2251281738,42703,42713,10
13.019900322,80.2248001099,42713,42723,10
13.0198802948,80.2247695923,42723,42733,10
13.0198402405,80.2247009277,42733,42743,10
13.0193195343,80.2244796753,42743,42754,11
13.0182304382,80.2247161865,42754,42764,10
13.0172100067,80.2251281738,42764,42774,10
13.0164299011,80.2254486084,42774,42784,10
13.0158700943,80.2256622314,42784,42794,10
13.0150098801,80.2260131836,42794,42804,10
13.0144100189,80.2262878418,42804,42814,10
13.0142602921,80.2263565063,42814,42824,10
13.0142097473,80.2263565063,42824,42834,10
13.0138101578,80.2265014648,42834,42844,10
13.0131902695,80.2267303467,42844,42855,11
13.0123701096,80.2270507813,42855,42865,10
13.0114803314,80.2273788452,42865,42875,10
13.01060009,80.2276992798,42875,42885,10
13.0098495483,80.2280197144,42885,42895,10
13.0092000961,80.2283782959,42895,42905,10
13.0090303421,80.2291564941,42905,42915,10
13.0088195801,80.23021698,42915,42925,10
13.0086202621,80.2312469482,42925,42935,10
13.0084495544,80.2322235107,42935,42945,10
13.0082302094,80.2335586548,42945,42964,19
13.0082302094,80.2335586548,42964,42976,12
13.0080900192,80.2339782715,42976,42986,10
13.0079402924,80.2347106934,42986,42996,10
13.007809639,80.2354736328,42996,43006,10
13.0076599121,80.2362289429,43006,43016,10
13.0075702667,80.2366867065,43016,43026,10
13.0074796677,80.2371292114,43026,43036,10
13.0074100494,80.237487793,43036,43046,10
13.007349968,80.2378768921,43046,43056,10
13.0073204041,80.2380218506,43056,43066,10
13.0072803497,80.2383422852,43066,43076,10
13.0072202682,80.2386627197,43076,43087,11
13.0071401596,80.2390213013,43087,43117,30
13.0071401596,80.2390213013,43117,43127,10
13.0070199966,80.239402771,43127,43137,10
13.0069599152,80.2397003174,43137,43147,10
13.0069103241,80.2400436401,43147,43218,71
13.0069103241,80.2400436401,43218,43228,10
13.0068101883,80.2403030396,43228,43238,10
13.006770134,80.240737915,43238,43248,10
13.0067501068,80.2408370972,43248,43258,10
13.0067501068,80.2409667969,43258,43268,10
13.0066795349,80.2415008545,43268,43278,10
13.0066795349,80.2423019409,43278,43288,10
13.0066404343,80.2431716919,43288,43319,31
13.0066404343,80.2431716919,43319,43329,10
13.0066604614,80.2435073853,43329,43339,10
13.006649971,80.2435379028,43339,43349,10
13.0066404343,80.243812561,43349,43359,10
13.0066204071,80.2443695068,43359,43369,10
13.0066099167,80.2448501587,43369,43379,10
13.006649971,80.245262146,43379,43389,10
13.0066795349,80.2458496094,43389,43399,10
13.0066995621,80.2465515137,43399,43409,10
13.0067300797,80.2473526001,43409,43420,11
13.0067396164,80.2481613159,43420,43430,10
13.0067996979,80.2489929199,43430,43440,10
13.0068702698,80.2496032715,43440,43450,10
13.0068702698,80.2496185303,43450,43460,10
13.0068597794,80.249786377,43460,43470,10
13.0068302155,80.2502822876,43470,43480,10
13.0067996979,80.2510299683,43480,43490,10
13.0067501068,80.2515411377,43490,43500,10
13.0065698624,80.2523498535,43500,43510,10
13.0065202713,80.2532119751,43510,43521,11
13.0065202713,80.2542190552,43521,43531,10
13.0065603256,80.2549285889,43531,43541,10
13.0065803528,80.2556610107,43541,43551,10
13.0065803528,80.2564697266,43551,43561,10
13.0066299438,80.2570724487,43561,43571,10
13.0067796707,80.2577362061,43571,43581,10
13.0071897507,80.2583389282,43581,43591,10
13.0075302124,80.2585372925,43591,43601,10
13.0075397491,80.2585525513,43601,43611,10
13.0077800751,80.2586975098,43611,43621,10
13.0081501007,80.2588500977,43621,43632,11
13.0086803436,80.2589797974,43632,43642,10
13.008890152,80.2590179443,43642,43652,10
13.0090999603,80.2590103149,43652,43662,10
13.0095996857,80.2590332031,43662,43672,10
13.0105495453,80.2590637207,43672,43682,10
13.0115299225,80.2590408325,43682,43692,10
13.0124197006,80.2590789795,43692,43702,10
13.0133399963,80.2591171265,43702,43712,10
13.0142002106,80.2591629028,43712,43722,10
13.0150403976,80.2592010498,43722,43732,10
13.0162696838,80.2595901489,43732,43753,21
13.0162696838,80.2595901489,43753,43763,10
13.016409874,80.2596969604,43763,43773,10
13.0165901184,80.2598495483,43773,43783,10
13.0169696808,80.2600784302,43783,43793,10
13.0175695419,80.2604827881,43793,43803,10
13.0181102753,80.2608413696,43803,43813,10
13.0187797546,80.2613296509,43813,43823,10
13.0194101334,80.2618408203,43823,43833,10
13.0199098587,80.2623062134,43833,43843,10
13.0199804306,80.2623977661,43843,43854,11
13.0201501846,80.2625808716,43854,43864,10
13.0206604004,80.2628173828,43864,43874,10
13.0213298798,80.2630081177,43874,43884,10
13.0218896866,80.2632522583,43884,43894,10
13.0221595764,80.2633972168,43894,43904,10
13.0225801468,80.2636566162,43904,43914,10
13.022600174,80.2636566162,43914,43924,10
13.0228796005,80.2638092041,43924,43934,10
13.0233097076,80.2639770508,43934,43944,10
13.023900032,80.2642822266,43944,43954,10
13.0245199203,80.2646636963,43954,43965,11
13.0249900818,80.2650222778,43965,43975,10
13.0254898071,80.2653427124,43975,43985,10
13.0258398056,80.265586853,43985,43995,10
13.0258598328,80.2656021118,43995,44005,10
13.0260400772,80.2656936646,44005,44015,10
13.0262203217,80.2657928467,44015,44025,10
13.0263700485,80.2656173706,44025,44035,10
13.0264396667,80.265296936,44035,44045,10
13.0264501572,80.2649307251,44045,44055,10
13.0265197754,80.2643737793,44055,44072,17
13.0265197754,80.263961792,44072,44084,12
13.026599884,80.2635192871,44084,44094,10
13.0266199112,80.2634811401,44094,44104,10
13.027009964,80.2634506226,44104,44114,10
13.0274496078,80.2634963989,44114,44124,10
13.0279798508,80.2636184692,44124,44134,10
13.0283603668,80.2637481689,44134,44144,10
13.0283603668,80.2637634277,44144,44154,10
13.0287504196,80.2638778687,44154,44164,10
13.0291795731,80.2639694214,44164,44174,10
13.0292797089,80.2640533447,44174,44185,11
13.0292396545,80.2644882202,44185,44195,10
13.0292100906,80.2649536133,44195,44205,10
13.0292100906,80.2654418945,44205,44215,10
13.0292196274,80.26587677,44215,44225,10
13.0292196274,80.2658920288,44225,44235,10
13.0292797089,80.2659988403,44235,44245,10
13.0291900635,80.2662887573,44245,44255,10
13.0291595459,80.2664794922,44255,44265,10
13.0293397903,80.2665405273,44265,44275,10
13.0296897888,80.2665710449,44275,44285,10
13.0299100876,80.2666015625,44285,44296,11
13.0301303864,80.2666397095,44296,44306,10
13.0304403305,80.2666931152,44306,44316,10
13.0309095383,80.2667770386,44316,44326,10
13.0313196182,80.2668609619,44326,44336,10
13.0316400528,80.2669830322,44336,44346,10
13.0319099426,80.2671203613,44346,44356,10
13.0321598053,80.267250061,44356,44366,10
13.0321702957,80.267250061,44366,44376,10
13.0325603485,80.2674331665,44376,44386,10
13.032959938,80.2676696777,44386,44396,10
13.0336503983,80.267791748,44396,44427,31
13.0336503983,80.267791748,44427,44437,10
13.033829689,80.267906189,44437,44447,10
13.0339298248,80.2679367065,44447,44457,10
13.0344295502,80.2680130005,44457,44507,50
13.0344295502,80.2680130005,44507,44518,11
13.0343198776,80.2680511475,44518,44528,10
13.0338497162,80.2679901123,44528,44538,10
13.0334596634,80.2679595947,44538,44588,50
13.0332098007,80.2677993774,44588,44689,101
13.0332098007,80.2677993774,44689,44699,10
13.0332298279,80.2677230835,44699,44709,10
13.0332298279,80.2677764893,44709,44750,41
13.033249855,80.2678222656,44750,44871,121
13.0331001282,80.2677307129,44871,44901,30
13.0331001282,80.2677307129,44901,44911,10
13.0330400467,80.2677612305,44911,44921,10
13.0328302383,80.2677001953,44921,44941,20
13.0328302383,80.2677001953,44941,44951,10
13.032699585,80.2676696777,44951,44964,13
13.0324296951,80.2675018311,44964,44974,10
13.0322303772,80.2673568726,44974,44984,10
13.0319595337,80.2672195435,44984,44994,10
13.0315799713,80.2671203613,44994,45003,9
13.0311603546,80.266960144,45003,45013,10
13.0305700302,80.2668075562,45013,45024,11
13.0300998688,80.2667007446,45024,45034,10
13.0298099518,80.2666473389,45034,45044,10
13.0297899246,80.2666397095,45044,45054,10
13.0293798447,80.2665786743,45054,45075,21
13.0293798447,80.2665786743,45075,45085,10
13.0289297104,80.2664337158,45085,45095,10
13.0283699036,80.2663269043,45095,45105,10
13.0279397964,80.266242981,45105,45115,10
13.0273799896,80.2661590576,45115,45125,10
13.0268497467,80.2660827637,45125,45135,10
13.0264196396,80.2660064697,45135,45155,20
13.0264196396,80.2660064697,45155,45165,10
13.02602005,80.265838623,45165,45176,11
13.0254802704,80.2655181885,45176,45186,10
13.025270462,80.26537323,45186,45196,10
13.025270462,80.2653579712,45196,45206,10
13.0251502991,80.2652816772,45206,45216,10
13.0249795914,80.2651367188,45216,45226,10
13.024479866,80.264831543,45226,45236,10
13.023900032,80.2643814087,45236,45246,10
13.0231800079,80.2639923096,45246,45262,16
13.0221099854,80.2634506226,45262,45274,12
13.0220804214,80.263420105,45274,45282,8
13.0218801498,80.2633590698,45282,45293,11
13.0212802887,80.2631225586,45293,45304,11
13.0203504562,80.2630386353,45304,45315,11
13.0196399689,80.2629699707,45315,45325,10
13.019080162,80.2629013062,45325,45335,10
13.0189599991,80.2625427246,45335,45345,10
13.0188703537,80.26197052,45345,45353,8
13.0187597275,80.2615203857,45353,45364,11
13.0184898376,80.2611999512,45364,45376,12
13.0181398392,80.2610015869,45376,45386,10
13.0175199509,80.2605895996,45386,45397,11
13.0166797638,80.2600402832,45397,45407,10
13.015999794,80.2596817017,45407,45427,20
13.015999794,80.2596817017,45427,45437,10
13.0157899857,80.2595596313,45437,45447,10
13.0152397156,80.2593917847,45447,45457,10
13.0145101547,80.2593231201,45457,45467,10
13.0136604309,80.2592926025,45467,45477,10
13.0125999451,80.2592391968,45477,45487,10
13.0114603043,80.2592010498,45487,45497,10
13.0106296539,80.2592163086,45497,45508,11
13.0099201202,80.2592468262,45508,45518,10
13.0097503662,80.2592315674,45518,45528,10
13.0093603134,80.2592010498,45528,45538,10
13.0091600418,80.2592086792,45538,45548,10
13.0089197159,80.2592010498,45548,45558,10
13.0086898804,80.2592163086,45558,45568,10
13.0082902908,80.2591705322,45568,45578,10
13.0076599121,80.2593612671,45578,45588,10
13.0074300766,80.2591781616,45588,45598,10
13.0072603226,80.2588577271,45598,45608,10
13.0072402954,80.2588424683,45608,45618,10
13.0071401596,80.2586364746,45618,45629,11
13.006939888,80.2582321167,45629,45639,10
13.0067596436,80.2578887939,45639,45659,20
13.0067796707,80.2577667236,45659,45679,20
13.0067796707,80.2577667236,45679,45695,16
13.0067596436,80.2578125,45695,45707,12
13.0065603256,80.2574996948,45707,45717,10
13.0064697266,80.2568511963,45717,45727,10
13.0063695908,80.2563934326,45727,45738,11
13.0062999725,80.2559509277,45738,45748,10
13.0061597824,80.2555236816,45748,45758,10
13.0060997009,80.2553482056,45758,45768,10
13.0053396225,80.2548599243,45768,45778,10
13.0061798096,80.2540817261,45778,45808,30
13.0061798096,80.2540817261,45808,45818,10
13.0065202713,80.253036499,45818,45828,10
13.0065603256,80.2528915405,45828,45839,11
13.0065202713,80.2528991699,45839,45849,10
13.0066099167,80.2528991699,45849,45859,10
13.0065898895,80.2526168823,45859,45869,10
13.0066795349,80.2525405884,45869,45889,20
13.0066795349,80.2525405884,45889,45899,10
13.0067396164,80.2524108887,45899,45909,10
13.0066604614,80.2500610352,45909,45919,10
13.0067100525,80.2496337891,45919,45929,10
13.006819725,80.2496566772,45929,45940,11
13.006819725,80.2493972778,45940,45950,10
13.006819725,80.2492370605,45950,45960,10
13.0065402985,80.2480316162,45960,45980,20
13.0066299438,80.2479171753,45980,46152,172
13.0066995621,80.2460174561,46152,46252,100
13.0065202713,80.2416381836,46252,46272,20
13.0065202713,80.2416381836,46272,46283,11
13.0066604614,80.2405395508,46283,46303,20
13.0066604614,80.2405395508,46303,46313,10
13.0067195892,80.2406616211,46313,46323,10
13.006939888,80.2407836914,46323,46343,20
13.006939888,80.2407836914,46343,46353,10
13.0069599152,80.2392425537,46353,46364,11
13.0076398849,80.2391662598,46364,46373,9
13.0084199905,80.2378005981,46373,46384,11
13.0081195831,80.2370834351,46384,46394,10
13.007349968,80.2369232178,46394,46404,10
13.007399559,80.2368927002,46404,46414,10
13.0086898804,80.2368927002,46414,46424,10
13.0076704025,80.2357406616,46424,46444,20
13.0076704025,80.2357406616,46444,46454,10
13.0090398788,80.23412323,46454,46464,10
13.0103702545,80.2315826416,46464,46474,10
13.0089197159,80.231086731,46474,46484,10
13.0087404251,80.2300033569,46484,46493,9
13.0089902878,80.2289581299,46493,46505,12
13.0093097687,80.2278366089,46505,46515,10
13.009759903,80.2268829346,46515,46525,10
13.010140419,80.2260665894,46525,46535,10
13.0104398727,80.2255172729,46535,46545,10
13.0106096268,80.2252120972,46545,46555,10
13.0107603073,80.2248001099,46555,46565,10
13.011059761,80.2241210938,46565,46575,10
13.0112895966,80.2233276367,46575,46585,10
13.011590004,80.2224273682,46585,46595,10
13.0120401382,80.221496582,46595,46605,10
13.0125303268,80.2215805054,46605,46616,11
13.0128202438,80.2221908569,46616,46626,10
13.0131502151,80.2225418091,46626,46636,10
13.0135803223,80.2229995728,46636,46646,10
13.0141296387,80.2236099243,46646,46656,10
13.0145998001,80.2242279053,46656,46666,10
13.0150699615,80.2246780396,46666,46676,10
13.0154304504,80.224937439,46676,46696,20
13.0154304504,80.224937439,46696,46706,10
13.0155096054,80.2249832153,46706,46716,10
13.0155601501,80.2250366211,46716,46727,11
13.0157604218,80.2252578735,46727,46737,10
13.0163002014,80.2253494263,46737,46747,10
13.0169696808,80.2251281738,46747,46757,10
13.0177497864,80.2248001099,46757,46767,10
13.0185804367,80.2244491577,46767,46777,10
13.019370079,80.2244110107,46777,46787,10
13.0200004578,80.2247695923,46787,46797,10
13.0206699371,80.2252426147,46797,46807,10
13.021320343,80.2257080078,46807,46817,10
13.0220499039,80.2262115479,46817,46838,21
13.0220499039,80.2262115479,46838,46848,10
13.0221796036,80.2263565063,46848,46858,10
13.0222702026,80.2264404297,46858,46868,10
13.0226402283,80.2267913818,46868,46878,10
13.0232200623,80.2273101807,46878,46888,10
13.0238704681,80.2279205322,46888,46898,10
13.0243396759,80.2284393311,46898,46918,20
13.0243396759,80.2284393311,46918,46928,10
13.0245599747,80.228767395,46928,46938,10
13.0248804092,80.2292480469,46938,46949,11
13.0254096985,80.2299423218,46949,46959,10
13.025759697,80.2304992676,46959,46969,10
13.0259103775,80.2310028076,46969,46979,10
13.0259599686,80.2312774658,46979,46989,10
13.0263996124,80.2311706543,46989,46999,10
13.027179718,80.231010437,46999,47009,10
13.0278997421,80.2309265137,47009,47019,10
13.0284004211,80.2308578491,47019,47029,10
13.0284404755,80.2308578491,47029,47039,10
13.028670311,80.2308578491,47039,47049,10
13.0292596817,80.2307815552,47049,47060,11
13.0297698975,80.2307434082,47060,47070,10
13.0303497314,80.2307128906,47070,47080,10
13.0308904648,80.2306594849,47080,47090,10
13.0314598083,80.2305831909,47090,47100,10
13.0320901871,80.2305374146,47100,47110,10
13.0328197479,80.2304763794,47110,47120,10
13.0334396362,80.2304382324,47120,47130,10
13.0335597992,80.230430603,47130,47140,10
13.0336904526,80.230430603,47140,47150,10
13.0341701508,80.2303466797,47150,47207,57
13.0341701508,80.2303466797,47207,47219,12
13.0346603394,80.2302627563,47219,47229,10
13.0347795486,80.2302322388,47229,47238,9
13.0349197388,80.2301177979,47238,47249,11
13.0350399017,80.2298812866,47249,47259,10
13.0348300934,80.2297821045,47259,47270,11
13.0343999863,80.2297286987,47270,47372,102
13.0343999863,80.2297286987,47372,47382,10
13.0341997147,80.2300720215,47382,47393,11
13.034119606,80.2302474976,47393,47403,10
13.0340499878,80.2303771973,47403,47413,10
13.0339097977,80.2304000854,47413,47423,10
13.0334796906,80.230430603,47423,47433,10
13.0334501266,80.2304382324,47433,47443,10
13.0333299637,80.23046875,47443,47453,10
13.0328302383,80.2304992676,47453,47463,10
13.0320501328,80.2306365967,47463,47473,10
13.031129837,80.2306900024,47473,47483,10
13.0305995941,80.23072052,47483,47494,11
13.0301504135,80.2307434082,47494,47504,10
13.0297498703,80.2308273315,47504,47514,10
13.0297203064,80.2308273315,47514,47524,10
13.0296001434,80.2308273315,47524,47534,10
13.0292100906,80.2308425903,47534,47544,10
13.0288200378,80.2308578491,47544,47554,10
13.0283002853,80.2309188843,47554,47564,10
13.0277099609,80.2309799194,47564,47574,10
13.0276203156,80.2313537598,47574,47583,9
13.0276699066,80.2317886353,47583,47594,11
13.0277795792,80.2323379517,47594,47605,11
13.0277395248,80.2327880859,47605,47615,10
13.0272197723,80.2329025269,47615,47635,20
13.0272197723,80.2329025269,47635,47645,10
13.0269603729,80.2329711914,47645,47655,10
13.0267801285,80.2329788208,47655,47665,10
13.0264396667,80.2329101563,47665,47675,10
13.0262002945,80.2321777344,47675,47685,10
13.0259799957,80.2313308716,47685,47695,10
13.0256299973,80.2303466797,47695,47705,10
13.0249795914,80.2294311523,47705,47716,11
13.024720192,80.2291717529,47716,47726,10
13.0245504379,80.2289810181,47726,47736,10
13.0242595673,80.2285766602,47736,47746,10
13.024020195,80.2283477783,47746,47756,10
13.0239601135,80.2282562256,47756,47766,10
13.0239601135,80.2282409668,47766,47776,10
13.0238399506,80.2280273438,47776,47786,10
13.0234899521,80.227722168,47786,47796,10
13.0230998993,80.2273483276,47796,47806,10
13.0225801468,80.2268600464,47806,47816,10
13.02202034,80.2263793945,47816,47827,11
13.0214300156,80.2259216309,47827,47837,10
13.0209598541,80.2254867554,47837,47847,10
13.0205698013,80.2251968384,47847,47857,10
13.0204200745,80.2251205444,47857,47867,10
13.0200500488,80.2248764038,47867,47877,10
13.0198802948,80.2247619629,47877,47887,10
13.0194501877,80.2245483398,47887,47897,10
13.0185604095,80.2245864868,47897,47907,10
13.017539978,80.2249908447,47907,47917,10
13.0166301727,80.2253494263,47917,47927,10
13.0159101486,80.2256011963,47927,47938,11
13.0152597427,80.2258605957,47938,47948,10
13.0148801804,80.226020813,47948,47957,9
13.0144901276,80.2261734009,47957,47968,11
13.0143098831,80.2262496948,47968,47978,10
13.0142803192,80.2262496948,47978,47988,10
13.0139398575,80.2263717651,47988,47998,10
13.0133399963,80.226600647,47998,48008,10
13.0125703812,80.2268600464,48008,48018,10
13.0117301941,80.2272033691,48018,48028,10
13.0108995438,80.2275466919,48028,48038,10
13.0099401474,80.2279510498,48038,48049,11
13.0091495514,80.2285079956,48049,48059,10
13.0089502335,80.2294235229,48059,48069,10
13.0087203979,80.2305297852,48069,48079,10
13.0085296631,80.2315979004,48079,48089,10
13.0083398819,80.2325286865,48089,48099,10
13.0082302094,80.2333526611,48099,48109,10
13.0081996918,80.233581543,48109,48119,10
13.0081501007,80.2336807251,48119,48129,10
13.008020401,80.2341995239,48129,48139,10
13.0078601837,80.2350006104,48139,48160,21
13.0078601837,80.2350006104,48160,48170,10
13.0077695847,80.2353973389,48170,48180,10
13.0076799393,80.2358932495,48180,48190,10
13.007610321,80.2361984253,48190,48200,10
13.007610321,80.2362518311,48200,48210,10
13.007519722,80.236618042,48210,48220,10
13.0074300766,80.2371902466,48220,48230,10
13.0074100494,80.2373504639,48230,48240,10
13.0073404312,80.2376785278,48240,48250,10
13.0072402954,80.2382507324,48250,48260,10
13.0071001053,80.2389297485,48260,48271,11
13.0069303513,80.2397613525,48271,48341,70
13.0069303513,80.2397613525,48341,48351,10
13.0069599152,80.2401885986,48351,48361,10
13.0068597794,80.2406082153,48361,48371,10
13.0068397522,80.2406768799,48371,48382,11
13.0067596436,80.2411804199,48382,48392,10
13.0066995621,80.2419967651,48392,48402,10
13.0066795349,80.24269104,48402,48412,10
13.0066604614,80.243019104,48412,48422,10
13.006649971,80.243309021,48422,48432,10
13.0066604614,80.2435836792,48432,48442,10
13.0066299438,80.2439804077,48442,48452,10
13.0066099167,80.244392395,48452,48462,10
13.0066099167,80.245010376,48462,48493,31
13.0066099167,80.245010376,48493,48502,9
13.0066604614,80.245300293,48502,48513,11
13.0066699982,80.2453308105,48513,48523,10
13.0066900253,80.2457275391,48523,48532,9
13.0067195892,80.246131897,48532,48543,11
13.0067300797,80.2466812134,48543,48553,10
13.0066900253,80.2475204468,48553,48563,10
13.0066995621,80.248336792,48563,48573,10
13.0068101883,80.2495193481,48573,48593,20
13.0068101883,80.2495193481,48593,48604,11
13.0068101883,80.2498321533,48604,48614,10
13.0067796707,80.2503585815,48614,48624,10
13.0067501068,80.2512283325,48624,48654,30
13.0067501068,80.2512283325,48654,48664,10
13.0066995621,80.2515182495,48664,48674,10
13.0065603256,80.2522735596,48674,48684,10
13.0065002441,80.2529983521,48684,48694,10
13.006480217,80.2537765503,48694,48705,11
13.0065002441,80.2546768188,48705,48715,10
13.0065002441,80.255531311,48715,48725,10
13.0065097809,80.2563476563,48725,48735,10
13.0065603256,80.2569885254,48735,48755,20
13.0065603256,80.2569885254,48755,48765,10
13.0066604614,80.2574005127,48765,48775,10
13.0068998337,80.2579498291,48775,48785,10
13.0077400208,80.2586593628,48785,48805,20
13.0077400208,80.2586593628,48805,48815,10
13.0079698563,80.2588119507,48815,48826,11
13.0085296631,80.2589492798,48826,48836,10
13.0089302063,80.2590179443,48836,48846,10
13.0095596313,80.2590408325,48846,48856,10
13.0104398727,80.2590179443,48856,48872,16
13.0122900009,80.2590179443,48872,48884,12
13.0140104294,80.2591094971,48884,48892,8
13.0150203705,80.2591781616,48892,48905,13
13.0164203644,80.2597198486,48905,48926,21
13.0164203644,80.2597198486,48926,48937,11
13.0166501999,80.2598876953,48937,48947,10
13.0170602798,80.2601470947,48947,48957,10
13.0175895691,80.2605209351,48957,48967,10
13.0182800293,80.2609863281,48967,48977,10
13.018819809,80.261428833,48977,48987,10
13.0193099976,80.2618637085,48987,49010,23
13.02023983,80.2626495361,49010,49022,12
13.0204801559,80.2627563477,49022,49031,9
13.0211296082,80.2630004883,49031,49043,12
13.021900177,80.2632827759,49043,49053,10
13.0221500397,80.2633895874,49053,49063,10
13.0223798752,80.2635116577,49063,49073,10
13.0227003098,80.2636795044,49073,49082,9
13.0229902267,80.2639083862,49082,49093,11
13.0231199265,80.263961792,49093,49103,10
13.0234603882,80.2641372681,49103,49113,10
13.0239200592,80.2644195557,49113,49123,10
13.024600029,80.2648696899,49123,49133,10
13.0250797272,80.2651901245,49133,49144,11
13.0257997513,80.2656707764,49144,49154,10
13.0263204575,80.2657470703,49154,49163,9
13.0263900757,80.265083313,49163,49174,11
13.0264997482,80.264289856,49174,49184,10
13.0265703201,80.2639389038,49184,49194,10
13.026599884,80.2638778687,49194,49204,10
13.0266504288,80.2635192871,49204,49214,10
13.0268602371,80.2634124756,49214,49224,10
13.0273399353,80.2634429932,49224,49235,11
13.0280504227,80.263633728,49235,49244,9
13.0285997391,80.2639007568,49244,49255,11
13.0292100906,80.2640609741,49255,49265,10
13.0293502808,80.2640914917,49265,49275,10
13.0293502808,80.2643508911,49275,49285,10
13.0292901993,80.2646865845,49285,49295,10
13.0290803909,80.2648468018,49295,49305,10
13.0292901993,80.2656936646,49305,49315,10
13.0292596817,80.2660522461,49315,49325,10
13.0292100906,80.266166687,49325,49335,10
13.0291595459,80.266418457,49335,49345,10
13.0292701721,80.2665176392,49345,49355,10
13.029589653,80.2665786743,49355,49366,11
13.0299596786,80.2665863037,49366,49376,10
13.0302696228,80.2666702271,49376,49386,10
13.0304002762,80.2667236328,49386,49396,10
13.0306396484,80.2667236328,49396,49406,10
13.0307598114,80.2667617798,49406,49416,10
13.0311403275,80.2668609619,49416,49464,48
13.0311403275,80.2668609619,49464,49472,8
13.0315904617,80.2670135498,49472,49525,53
13.0315904617,80.2670135498,49525,49535,10
13.0320396423,80.2672271729,49535,49545,10
13.0322704315,80.2673416138,49545,49575,30
13.0322704315,80.2673416138,49575,49586,11
13.0323696136,80.2674407959,49586,49596,10
13.0326099396,80.2675094604,49596,49616,20
13.0326099396,80.2675094604,49616,49626,10
13.0328197479,80.2676620483,49626,49636,10
13.0329799652,80.267616272,49636,49646,10
13.0331401825,80.2676467896,49646,49656,10
13.0333404541,80.2677993774,49656,49666,10
13.0335197449,80.2682037354,49666,49676,10
13.0336198807,80.2684326172,49676,49686,10
13.0338497162,80.267791748,49686,49697,11
13.0341901779,80.2679367065,49697,49707,10
13.0342197418,80.2679824829,49707,49717,10
13.0344600677,80.2680511475,49717,49727,10
13.0344800949,80.2680587769,49727,49737,10
13.0343904495,80.2678375244,49737,49747,10
13.0344400406,80.268081665,49747,49756,9
13.0344800949,80.2679519653,49756,49776,20
13.0344800949,80.2679595947,49776,49798,22
13.0344800949,80.2679595947,49798,49808,10
13.0344896317,80.2678833008,49808,49818,10
13.0344200134,80.2683334351,49818,49858,40
13.0344200134,80.2683334351,49858,49868,10
13.0345201492,80.268371582,49868,49878,10
13.0347003937,80.2681121826,49878,49888,10
13.0343904495,80.2680892944,49888,49898,10
13.0343198776,80.2679519653,49898,49908,10
13.0341997147,80.2679977417,49908,49919,11
13.0340795517,80.2680130005,49919,49929,10
13.033829689,80.2680435181,49929,49939,10
13.0334997177,80.2679595947,49939,49989,50
13.0334997177,80.2679595947,49989,49999,10
13.0329799652,80.2677688599,49999,50009,10
13.0326004028,80.2677612305,50009,50040,31
13.0326004028,80.2677612305,50040,50050,10
13.0326004028,80.2674407959,50050,50060,10
13.0321998596,80.2673187256,50060,50101,41
13.0321998596,80.2673187256,50101,50114,13
13.0302095413,80.2668609619,50114,50123,9
13.0293798447,80.2666320801,50123,50133,10
13.0294103622,80.2665786743,50133,50144,11
13.0295495987,80.2666015625,50144,50153,9
13.0295801163,80.2666015625,50153,50165,12
13.0278100967,80.2658233643,50165,50185,20
13.0268497467,80.2658004761,50185,50236,51
13.0268497467,80.2658004761,50236,50245,9
13.0266704559,80.2656097412,50245,50256,11
13.0266199112,80.265663147,50256,50367,111
13.0266304016,80.2656097412,50367,50387,20
13.026599884,80.2655563354,50387,50427,40
13.0266103745,80.2655181885,50427,51124,697
13.0266103745,80.2655181885,51124,51134,10
13.0266799927,80.2657165527,51134,51154,20
13.0266799927,80.2657165527,51154,51164,10
13.0266399384,80.265586853,51164,51225,61
13.0266399384,80.2655563354,51225,51295,70
13.0265102386,80.2654571533,51295,51336,41
13.0266704559,80.2655410767,51336,51376,40
13.0266704559,80.2655410767,51376,51386,10
13.0266599655,80.2655410767,51386,51396,10
13.026599884,80.2656936646,51396,51406,10
13.026599884,80.2656326294,51406,51416,10
13.0266599655,80.265663147,51416,51446,30
13.0265703201,80.2654800415,51446,51467,21
13.0265703201,80.2654800415,51467,51477,10
13.0263299942,80.265296936,51477,51487,10
13.0264396667,80.264541626,51487,51497,10
13.0264997482,80.2642822266,51497,51507,10
13.0265398026,80.2638702393,51507,51517,10
13.026720047,80.2633514404,51517,51527,10
13.0272102356,80.2634429932,51527,51537,10
13.027970314,80.2636871338,51537,51547,10
13.0285902023,80.2638473511,51547,51557,10
13.0290298462,80.263999939,51557,51568,11
13.0293703079,80.2641296387,51568,51578,10
13.0293798447,80.2645111084,51578,51588,10
13.0293598175,80.2648391724,51588,51598,10
13.0293397903,80.2653198242,51598,51608,10
13.0292596817,80.2660598755,51608,51638,30
13.0292596817,80.2664489746,51638,51664,26
13.0292596817,80.2664489746,51664,51676,12
13.0297203064,80.2666320801,51676,51697,21
13.0297203064,80.2666320801,51697,51707,10
13.0298995972,80.2666931152,51707,51717,10
13.0304803848,80.2667999268,51717,51726,9
13.0312795639,80.266960144,51726,51737,11
13.0321598053,80.267288208,51737,51747,10
13.0325498581,80.2674407959,51747,51757,10
13.0332698822,80.2677536011,51757,51767,10
13.0339202881,80.267906189,51767,51777,10
13.0340995789,80.2679214478,51777,51787,10
13.0344104767,80.2679824829,51787,51798,11
13.0344600677,80.268119812,51798,51828,30
13.0344600677,80.268119812,51828,51837,9
13.0343599319,80.2679977417,51837,51848,11
13.0337200165,80.2678985596,51848,51857,9
13.0332603455,80.267829895,51857,52060,203
13.0331096649,80.2677307129,52060,52111,51
13.0331096649,80.2677307129,52111,52121,10
13.0328798294,80.2677001953,52121,52151,30
13.0329904556,80.2677078247,52151,52211,60
13.0329904556,80.2677078247,52211,52221,10
13.0323295593,80.2677001953,52221,52232,11
13.0318698883,80.2670211792,52232,52242,10
13.0316696167,80.2667312622,52242,52252,10
13.0309400558,80.2668380737,52252,52262,10
13.030380249,80.2665863037,52262,52272,10
13.0296001434,80.2661895752,52272,52292,20
13.0296001434,80.2661895752,52292,52302,10
13.0295000076,80.2665863037,52302,52312,10
13.0289402008,80.2668762207,52312,52329,17
13.0279197693,80.2662963867,52329,52341,12
13.0266599655,80.2655181885,52341,52351,10
13.0263299942,80.2659606934,52351,52360,9
13.026140213,80.2659072876,52360,52372,12
13.0255298615,80.2655410767,52372,52382,10
13.0251398087,80.2653121948,52382,52392,10
13.0249204636,80.2652816772,52392,52402,10
13.0248203278,80.265007019,52402,52412,10
13.0243396759,80.2644271851,52412,52422,10
13.0236196518,80.2641067505,52422,52432,10
13.0226402283,80.2636795044,52432,52442,10
13.0221004486,80.263420105,52442,52453,11
13.022069931,80.2633972168,52453,52463,10
13.02202034,80.263381958,52463,52473,10
13.0217399597,80.2632522583,52473,52483,10
13.0210800171,80.2629318237,52483,52493,10
13.0200796127,80.2629089355,52493,52503,10
13.0192098618,80.2629089355,52503,52513,10
13.0188999176,80.2626800537,52513,52523,10
13.0187997818,80.261932373,52523,52533,10
13.0185203552,80.2612075806,52533,52543,10
13.0177698135,80.2607803345,52543,52554,11
13.0168600082,80.2599411011,52554,52564,10
13.0161600113,80.2597122192,52564,52574,10
13.0160102844,80.2596588135,52574,52584,10
13.0155200958,80.2594833374,52584,52594,10
13.0147199631,80.259262085,52594,52604,10
13.013759613,80.2593536377,52604,52614,10
13.0125904083,80.2592697144,52614,52624,10
13.0115203857,80.2592010498,52624,52634,10
13.0106201172,80.2591934204,52634,52644,10
13.0096502304,80.2591629028,52644,52654,10
13.0088996887,80.259147644,52654,52665,11
13.008600235,80.2591400146,52665,52681,16
13.0076799393,80.2593307495,52681,52693,12
13.0072898865,80.2590026855,52693,52703,10
13.0071697235,80.2587203979,52703,52713,10
13.0071201324,80.2585067749,52713,52722,9
13.0069198608,80.2581634521,52722,52732,10
13.0066795349,80.2576980591,52732,52794,62
13.0066795349,80.2576980591,52794,52804,10
13.0065202713,80.2573394775,52804,52814,10
13.0064897537,80.2569580078,52814,52824,10
13.0064401627,80.2565307617,52824,52834,10
13.0064897537,80.2558288574,52834,52844,10
13.0065202713,80.2553863525,52844,52854,10
13.0067596436,80.2542037964,52854,52875,21
13.0065097809,80.25340271,52875,52915,40
13.0065097809,80.25340271,52915,52925,10
13.0070199966,80.2520370483,52925,52935,10
13.0068798065,80.2519607544,52935,52965,30
13.0068798065,80.2519607544,52965,52975,10
13.0068902969,80.2496109009,52975,52986,11
13.0068302155,80.2492523193,52986,52996,10
13.0067996979,80.2489471436,52996,53006,10
13.0067901611,80.2488937378,53006,53016,10
13.0068101883,80.2493896484,53016,53036,20
13.0068101883,80.2493896484,53036,53046,10
13.0068397522,80.2492980957,53046,53056,10
13.0067996979,80.2487792969,53056,53066,10
13.0067501068,80.2481765747,53066,53076,10
13.0066795349,80.2477874756,53076,53086,10
13.0066604614,80.2469177246,53086,53117,31
13.0066604614,80.2469177246,53117,53127,10
13.0066604614,80.2464599609,53127,53137,10
13.0066003799,80.2459182739,53137,53147,10
13.0066404343,80.2454071045,53147,53157,10
13.0066795349,80.2450637817,53157,53167,10
13.0066699982,80.2447891235,53167,53177,10
13.0066900253,80.2444992065,53177,53187,10
13.0066299438,80.2440185547,53187,53198,11
13.0064201355,80.2436218262,53198,53207,9
13.0062198639,80.2434616089,53207,53218,11
13.006480217,80.2419204712,53218,53228,10
13.0064201355,80.2413635254,53228,53238,10
13.006819725,80.2414169312,53238,53440,202
13.006819725,80.2414169312,53440,53450,10
13.0092601776,80.2281799316,53450,53460,10
13.0098600388,80.2268600464,53460,53470,10
13.0103998184,80.2256622314,53470,53480,10
13.0108995438,80.2247390747,53480,53490,10
13.0113801956,80.2232131958,53490,53520,30
13.0113801956,80.2232131958,53520,53530,10
13.0114898682,80.2229309082,53530,53540,10
13.0116500854,80.2222290039,53540,53551,11
13.012260437,80.2214889526,53551,53561,10
13.0124797821,80.2220077515,53561,53570,9
13.0127696991,80.2225723267,53570,53581,11
13.0138502121,80.2232666016,53581,53591,10
13.013999939,80.2232589722,53591,53601,10
13.0140695572,80.2230224609,53601,53611,10
13.0141601563,80.2227096558,53611,53621,10
13.0153198242,80.2248382568,53621,53631,10
13.0155200958,80.2249832153,53631,53641,10
13.0155200958,80.2249679565,53641,53651,10
13.0156002045,80.2249221802,53651,53662,11
13.0162296295,80.2252731323,53662,53672,10
13.0171604156,80.2249984741,53672,53682,10
13.0181999207,80.2246170044,53682,53692,10
13.0191297531,80.2243499756,53692,53702,10
13.0199699402,80.2246704102,53702,53712,10
13.0205898285,80.2251205444,53712,53722,10
13.0210599899,80.2254562378,53722,53732,10
13.0218601227,80.2260284424,53732,53752,20
13.0218601227,80.2260284424,53752,53763,11
13.0221004486,80.226272583,53763,53773,10
13.0226697922,80.2267227173,53773,53783,10
13.0234699249,80.2274780273,53783,53793,10
13.0241098404,80.2280807495,53793,53803,10
13.0242300034,80.2282485962,53803,53813,10
13.024479866,80.2286300659,53813,53823,10
13.0248403549,80.2291412354,53823,53833,10
13.025270462,80.2296981812,53833,53843,10
13.0257301331,80.2303771973,53843,53853,10
13.0259399414,80.2309036255,53853,53863,10
13.0260295868,80.2312393188,53863,53873,10
13.0266599655,80.2311325073,53873,53884,11
13.0277395248,80.2309494019,53884,53904,20
13.0277395248,80.2309494019,53904,53914,10
13.0280399323,80.2309570313,53914,53924,10
13.028260231,80.2309417725,53924,53934,10
13.0282802582,80.2309494019,53934,53944,10
13.0286998749,80.2308807373,53944,53954,10
13.029129982,80.2308502197,53954,53985,31
13.029129982,80.2308502197,53985,53995,10
13.0298500061,80.230758667,53995,54005,10
13.030380249,80.2307281494,54005,54015,10
13.0309400558,80.2305374146,54015,54025,10
13.0313596725,80.2306213379,54025,54035,10
13.0323495865,80.2305603027,54035,54045,10
13.0338602066,80.2305984497,54045,54064,19
13.0338602066,80.2305984497,54064,54076,12
13.034119606,80.2305831909,54076,54085,9
13.0343399048,80.2303390503,54085,54106,21
13.0343399048,80.2303390503,54106,54116,10
13.0347700119,80.230178833,54116,54126,10
13.0351200104,80.2299423218,54126,54136,10
13.0349502563,80.2300720215,54136,54146,10
13.0350704193,80.229927063,54146,54156,10
13.0351295471,80.2297210693,54156,54166,10
13.0351696014,80.2295608521,54166,54176,10
13.0348100662,80.2297592163,54176,54187,11
13.0347499847,80.2297592163,54187,54196,9
13.0347499847,80.2297821045,54196,54247,51
13.0347299576,80.2297210693,54247,54308,61
13.0347499847,80.2297821045,54308,54328,20
13.0347299576,80.2297973633,54328,54358,30
13.0347299576,80.2297973633,54358,54368,10
13.0347795486,80.2298202515,54368,54378,10
13.0347003937,80.2297668457,54378,54419,41
13.0347299576,80.2298812866,54419,54762,343
13.0347299576,80.2298812866,54762,54772,10
13.0320301056,80.2306976318,54772,54782,10
13.0315599442,80.2305908203,54782,54791,9
13.0310096741,80.2306900024,54791,54802,11
13.0303297043,80.2306594849,54802,54812,10
13.0300102234,80.2308120728,54812,54822,10
13.0300102234,80.2308197021,54822,54832,10
13.0299100876,80.2308197021,54832,54842,10
13.029800415,80.230796814,54842,54852,10
13.0294704437,80.2308731079,54852,54863,11
13.0285997391,80.2309417725,54863,54873,10
13.0279302597,80.2308807373,54873,54883,10
13.0276203156,80.2309570313,54883,54893,10
13.0276098251,80.2314071655,54893,54903,10
13.0277204514,80.2320632935,54903,54913,10
13.0277795792,80.2325286865,54913,54923,10
13.0273399353,80.2329025269,54923,54953,30
13.0273399353,80.2329025269,54953,54963,10
13.027179718,80.2332000732,54963,54974,11
13.0268201828,80.2330169678,54974,54984,10
13.02643013,80.2327804565,54984,54994,10
13.0262002945,80.2320785522,54994,55004,10
13.0260896683,80.231552124,55004,55014,10
13.0263595581,80.2310333252,55014,55024,10
13.0259799957,80.2305831909,55024,55034,10
13.0253295898,80.2292175293,55034,55044,10
13.0242595673,80.2286682129,55044,55054,10
13.0239801407,80.2282562256,55054,55074,20
13.0239801407,80.2282562256,55074,55085,11
13.0237503052,80.227897644,55085,55101,16
13.0229997635,80.2272796631,55101,55113,12
13.0221004486,80.2263793945,55113,55123,10
13.0216197968,80.225982666,55123,55133,10
13.0208501816,80.2253417969,55133,55143,10
13.0201396942,80.2249221802,55143,55153,10
13.0192899704,80.2244567871,55153,55163,10
13.0181999207,80.2246704102,55163,55173,10
13.0171298981,80.225151062,55173,55183,10
13.0163698196,80.2254562378,55183,55194,11
13.0156402588,80.2256393433,55194,55204,10
13.0151996613,80.2258682251,55204,55214,10
13.0150403976,80.225982666,55214,55224,10
13.0144996643,80.2261810303,55224,55254,30
13.0144996643,80.2261810303,55254,55264,10
13.0140600204,80.22631073,55264,55274,10
13.0133199692,80.2266387939,55274,55284,10
13.0122995377,80.2270736694,55284,55294,10
13.0109996796,80.2276000977,55294,55305,11
13.0095901489,80.2281723022,55305,55315,10
13.0090503693,80.2289810181,55315,55325,10
13.0087900162,80.23021698,55325,55335,10
13.0085802078,80.2313766479,55335,55345,10
13.0083799362,80.232383728,55345,55355,10
13.0082597733,80.2331619263,55355,55365,10
13.0081501007,80.2336730957,55365,55375,10
13.0081501007,80.2336807251,55375,55385,10
13.0080699921,80.2340316772,55385,55395,10
13.0079402924,80.234703064,55395,55405,10
13.007809639,80.2353363037,55405,55416,11
13.0076198578,80.2363433838,55416,55426,10
13.007399559,80.2373275757,55426,55436,10
13.0072202682,80.2383575439,55436,55446,10
13.0070400238,80.2393035889,55446,55456,10
13.0068998337,80.2399215698,55456,55486,30
13.0068998337,80.2399215698,55486,55496,10
13.006819725,80.2406463623,55496,55516,20
13.006819725,80.2406463623,55516,55527,11
13.0068302155,80.2410430908,55527,55537,10
13.006770134,80.2419433594,55537,55547,10
13.0067100525,80.2431030273,55547,55557,10
13.0065498352,80.2443237305,55557,55567,10
13.0066003799,80.2455215454,55567,55577,10
13.0066900253,80.2464599609,55577,55587,10
13.0067195892,80.2470779419,55587,55597,10
13.0066995621,80.2475509644,55597,55607,10
13.0066795349,80.2483520508,55607,55617,10
13.0067996979,80.2495803833,55617,55638,21
13.0067996979,80.2495803833,55638,55648,10
13.0067501068,80.25,55648,55658,10
13.0067796707,80.2507629395,55658,55668,10
13.0066995621,80.2514724731,55668,55698,30
13.0066995621,80.2514724731,55698,55708,10
13.0066404343,80.2517929077,55708,55718,10
13.006529808,80.2524185181,55718,55728,10
13.0064897537,80.2526321411,55728,55738,10
13.0064697266,80.253288269,55738,55749,11
13.006480217,80.2542572021,55749,55759,10
13.0064897537,80.2551269531,55759,55769,10
13.0065097809,80.256187439,55769,55779,10
13.0066204071,80.2571182251,55779,55850,71
13.0066204071,80.2571182251,55850,55860,10
13.0067501068,80.2573394775,55860,55870,10
13.0069999695,80.2578887939,55870,55880,10
13.0077295303,80.2586135864,55880,55899,19
13.0077295303,80.2586135864,55899,55910,11
13.007900238,80.2587432861,55910,55920,10
13.0084104538,80.2589035034,55920,55930,10
13.0090999603,80.2589874268,55930,55940,10
13.0102500916,80.2590408325,55940,55950,10
13.0114402771,80.2590408325,55950,55960,10
13.0127401352,80.2591018677,55960,55971,11
13.0143003464,80.259147644,55971,55981,10
13.0156097412,80.2592697144,55981,55991,10
13.0164003372,80.2596511841,55991,56021,30
13.0164003372,80.2596511841,56021,56031,10
13.0170001984,80.2599334717,56031,56041,10
13.0179901123,80.2601776123,56041,56072,31
13.0179901123,80.2601776123,56072,56082,10
13.0197696686,80.2620162964,56082,56092,10
13.0201196671,80.262588501,56092,56102,10
13.02023983,80.2627792358,56102,56112,10
13.0203504562,80.2628173828,56112,56122,10
13.0210199356,80.2629699707,56122,56132,10
13.0218400955,80.2632522583,56132,56142,10
13.0221500397,80.2634277344,56142,56152,10
13.0227203369,80.2636871338,56152,56162,10
13.0230903625,80.2639007568,56162,56172,10
13.0232000351,80.2640075684,56172,56183,11
13.0236597061,80.2642593384,56183,56193,10
13.0243997574,80.2646865845,56193,56203,10
13.0251598358,80.2653198242,56203,56213,10
13.0257501602,80.2657928467,56213,56223,10
13.0261297226,80.26587677,56223,56233,10
13.0262203217,80.2659683228,56233,56253,20
13.0262203217,80.2659683228,56253,56263,10
13.0264196396,80.2657318115,56263,56273,10
13.0263299942,80.2655410767,56273,56283,10
13.0263595581,80.2652206421,56283,56293,10
13.0264396667,80.264503479,56293,56310,17
13.0264797211,80.2640228271,56310,56322,12
13.0265398026,80.2637634277,56322,56332,10
13.0266199112,80.2633972168,56332,56342,10
13.0268802643,80.2633514404,56342,56352,10
13.0273799896,80.2635574341,56352,56362,10
13.0277500153,80.2637023926,56362,56372,10
13.0281200409,80.2638626099,56372,56383,11
13.028260231,80.2638320923,56383,56392,9
13.0287303925,80.2638702393,56392,56403,11
13.0292196274,80.2640228271,56403,56413,10
13.0295095444,80.2640991211,56413,56423,10
13.0290603638,80.2651672363,56423,56473,50
13.0290603638,80.2651672363,56473,56483,10
13.0291404724,80.2664031982,56483,56493,10
13.0291700363,80.266456604,56493,56503,10
13.0292701721,80.2665481567,56503,56514,11
13.029540062,80.2665863037,56514,56533,19
13.029540062,80.2665863037,56533,56544,11
13.0297203064,80.2666320801,56544,56554,10
13.0297403336,80.2666931152,56554,56605,51
13.0297403336,80.2666931152,56605,56614,9
13.030500412,80.2668228149,56614,56625,11
13.0306196213,80.2668533325,56625,56635,10
13.0308198929,80.2668762207,56635,56645,10
13.0306301117,80.2667694092,56645,56655,10
13.0308303833,80.2667388916,56655,56675,20
13.0308303833,80.2667388916,56675,56685,10
13.0310001373,80.2669067383,56685,56695,10
13.0309696198,80.2668991089,56695,56705,10
13.0312204361,80.2669219971,56705,56715,10
13.0313396454,80.2669677734,56715,56725,10
13.0313396454,80.2669830322,56725,56736,11
13.0314798355,80.2669372559,56736,56746,10
13.0317296982,80.2668991089,56746,57654,908
13.0317296982,80.2668991089,57654,57664,10
13.0356197357,80.2679519653,57664,57684,20
13.0357303619,80.268119812,57684,57735,51
13.0357599258,80.2685394287,57735,57765,30
13.0357599258,80.2685394287,57765,57775,10
13.0348901749,80.2679901123,57775,57805,30
13.0348901749,80.2679901123,57805,57814,9
13.0346803665,80.2680664063,57814,57826,12
13.0343704224,80.2680511475,57826,57845,19
13.0343704224,80.2680511475,57845,57856,11
13.0342197418,80.2680969238,57856,57866,10
13.0339803696,80.2679977417,57866,57876,10
13.0335798264,80.267906189,57876,57886,10
13.0331897736,80.2680511475,57886,57896,10
13.0339403152,80.267906189,57896,57906,10
13.0337200165,80.2677688599,57906,57947,41
13.0337200165,80.2677688599,57947,57957,10
13.0328502655,80.2678527832,57957,57967,10
13.0328197479,80.2675933838,57967,57977,10
13.033200264,80.2674789429,57977,57987,10
13.0321903229,80.2670822144,57987,57997,10
13.0318202972,80.2671585083,57997,58007,10
13.0311803818,80.2668914795,58007,58017,10
13.0305204391,80.2667617798,58017,58027,10
13.02987957,80.2666168213,58027,58043,16
13.0297403336,80.2665634155,58043,58056,13
13.0293502808,80.2665634155,58056,58066,10
13.0291996002,80.2664794922,58066,58076,10
13.028719902,80.2663192749,58076,58086,10
13.0278997421,80.2661895752,58086,58096,10
13.0271596909,80.2660369873,58096,58106,10
13.0263395309,80.265953064,58106,58136,30
13.0263395309,80.265953064,58136,58146,10
13.0261096954,80.26587677,58146,58158,12
13.02546978,80.2655029297,58158,58168,10
13.0251903534,80.2652893066,58168,58178,10
13.0250701904,80.2651824951,58178,58188,10
13.0245800018,80.2647781372,58188,58198,10
13.0239095688,80.2643508911,58198,58208,10
13.0231199265,80.263961792,58208,58217,9
13.0221204758,80.2634506226,58217,58238,21
13.0221204758,80.2634506226,58238,58248,10
13.0218896866,80.2633132935,58248,58258,10
13.021320343,80.2630996704,58258,58269,11
13.0203399658,80.2630233765,58269,58279,10
13.0197896957,80.2630004883,58279,58289,10
13.0191602707,80.2629470825,58289,58299,10
13.0188999176,80.2626419067,58299,58309,10
13.0187597275,80.2621002197,58309,58319,10
13.0185699463,80.2612762451,58319,58328,9
13.0181999207,80.2610015869,58328,58339,11
13.0178899765,80.2607803345,58339,58349,10
13.0177001953,80.2606506348,58349,58359,10
13.0176000595,80.260597229,58359,58369,10
13.0172595978,80.260383606,58369,58380,11
13.0165500641,80.2599411011,58380,58390,10
13.0160303116,80.2596893311,58390,58400,10
13.0159797668,80.2596588135,58400,58410,10
13.0155200958,80.2594680786,58410,58420,10
13.0146903992,80.2593307495,58420,58430,10
13.013710022,80.259262085,58430,58440,10
13.0124597549,80.2592315674,58440,58450,10
13.0111904144,80.2592010498,58450,58460,10
13.0099496841,80.2592391968,58460,58470,10
13.0090303421,80.2591781616,58470,58480,10
13.0087003708,80.2592391968,58480,58491,11
13.0081796646,80.2592926025,58491,58501,10
13.0074300766,80.2593002319,58501,58511,10
13.0071601868,80.2588806152,58511,58521,10
13.0072002411,80.2587432861,58521,58531,10
13.0070400238,80.2583618164,58531,58541,10
13.0067501068,80.2579269409,58541,58551,10
13.0065803528,80.257522583,58551,58561,10
13.0066299438,80.2574768066,58561,58592,31
13.0066299438,80.2574768066,58592,58602,10
13.0066299438,80.2572479248,58602,58612,10
13.0064096451,80.25756073,58612,58622,10
13.0065803528,80.2576217651,58622,58632,10
13.0065898895,80.2574462891,58632,58652,20
13.0065898895,80.2574462891,58652,58662,10
13.0065498352,80.2573394775,58662,58672,10
13.0065898895,80.2570114136,58672,58682,10
13.0065202713,80.256149292,58682,58692,10
13.0065002441,80.2551574707,58692,58703,11
13.0067300797,80.2539215088,58703,58733,30
13.0067300797,80.2539215088,58733,58743,10
13.0064401627,80.2529983521,58743,58753,10
13.0064496994,80.2527618408,58753,58763,10
13.0064296722,80.2529830933,58763,58783,20
13.0064496994,80.2530288696,58783,58804,21
13.0064496994,80.2530288696,58804,58814,10
13.0071697235,80.2538833618,58814,58905,91
13.0071697235,80.2538833618,58905,58915,10
13.0065202713,80.2481079102,58915,58925,10
13.0064296722,80.2479171753,58925,58935,10
13.0066995621,80.2483596802,58935,58944,9
13.0072898865,80.248260498,58944,58985,41
13.0072898865,80.248260498,58985,58995,10
13.006649971,80.2471008301,58995,59005,10
13.0065402985,80.2466201782,59005,59016,11
13.0063199997,80.2462005615,59016,59025,9
13.0066699982,80.2462997437,59025,59036,11
13.0066699982,80.2458496094,59036,59046,10
13.0069503784,80.245300293,59046,59076,30
13.0069503784,80.245300293,59076,59086,10
13.0065698624,80.2443084717,59086,59096,10
13.0066404343,80.2439880371,59096,59106,10
13.0065803528,80.2433776855,59106,59116,10
13.0065002441,80.2429504395,59116,59127,11
13.0064401627,80.2424316406,59127,59136,9
13.0066099167,80.2417526245,59136,59147,11
13.0066003799,80.2415771484,59147,59157,10
13.0066404343,80.2409210205,59157,59167,10
13.0067796707,80.2401123047,59167,59177,10
13.0068902969,80.239112854,59177,59187,10
13.0071697235,80.2380218506,59187,59197,10
13.0072698593,80.2372589111,59197,59207,10
13.0073699951,80.2367324829,59207,59217,10
13.007399559,80.2367324829,59217,59227,10
13.0074901581,80.2366790771,59227,59238,11
13.0075798035,80.2361373901,59238,59248,10
13.0077199936,80.2352905273,59248,59258,10
13.0078401566,80.2347488403,59258,59268,10
13.0081701279,80.2336425781,59268,59278,10
13.0083303452,80.2323532104,59278,59288,10
13.0086097717,80.2309799194,59288,59298,10
13.0086402893,80.2299118042,59298,59308,10
13.0085897446,80.2288284302,59308,59318,10
13.0085897446,80.2287216187,59318,59328,10
13.0096101761,80.2274780273,59328,59338,10
13.0099401474,80.2266387939,59338,59348,10
13.010310173,80.2256164551,59348,59359,11
13.0109701157,80.2243804932,59359,59369,10
13.0114002228,80.2234420776,59369,59389,20
13.0114002228,80.2234420776,59389,59399,10
13.011469841,80.2233428955,59399,59409,10
13.0116195679,80.2228622437,59409,59419,10
13.0119895935,80.2219085693,59419,59429,10
13.0124197006,80.2216033936,59429,59439,10
13.0127496719,80.2219467163,59439,59448,9
13.0130701065,80.2223892212,59448,59458,10
13.0137996674,80.2231521606,59458,59469,11
13.0142097473,80.2237167358,59469,59480,11
13.0147199631,80.2243423462,59480,59490,10
13.0155496597,80.2249832153,59490,59520,30
13.0155496597,80.2249832153,59520,59530,10
13.0159797668,80.2253265381,59530,59540,10
13.0168304443,80.2252502441,59540,59550,10
13.0178003311,80.224899292,59550,59561,11
13.0191402435,80.2243423462,59561,59570,9
13.0197401047,80.2245025635,59570,59581,11
13.0201997757,80.2248001099,59581,59597,16
13.0208301544,80.2252883911,59597,59609,12
13.0211601257,80.2255706787,59609,59619,10
13.0215797424,80.2258987427,59619,59629,10
13.0220298767,80.2261962891,59629,59639,10
13.0225095749,80.2264404297,59639,59649,10
13.0220403671,80.2263336182,59649,59659,10
13.0220403671,80.2262496948,59659,59669,10
13.0223302841,80.2265167236,59669,59679,10
13.0229196548,80.2270431519,59679,59690,11
13.0237903595,80.2279434204,59690,59700,10
13.0241203308,80.2281570435,59700,59710,10
13.0242204666,80.2282409668,59710,59720,10
13.0243797302,80.228477478,59720,59730,10
13.0246200562,80.2288513184,59730,59739,9
13.0248003006,80.2291564941,59739,59750,11
13.0251703262,80.2297134399,59750,59760,10
13.0256004333,80.2303009033,59760,59770,10
13.0259304047,80.2308578491,59770,59802,32
13.0259304047,80.2308578491,59802,59812,10
13.0260400772,80.2309799194,59812,59822,10
13.0262002945,80.2314224243,59822,59832,10
13.0266304016,80.2315063477,59832,59842,10
13.0271997452,80.2307662964,59842,59852,10
13.0278301239,80.2305603027,59852,59862,10
13.0284204483,80.2307128906,59862,59872,10
13.0286502838,80.2309494019,59872,59882,10
13.0291900635,80.2308578491,59882,59892,10
13.0296401978,80.2308197021,59892,59902,10
13.0303401947,80.2307510376,59902,59913,11
13.0308599472,80.2306900024,59913,59923,10
13.0314598083,80.2306518555,59923,59933,10
13.0321798325,80.2304077148,59933,59943,10
13.0329303741,80.2304382324,59943,59953,10
13.033659935,80.2304077148,59953,59963,10
13.0341997147,80.2303924561,59963,59973,10
13.0343904495,80.2304000854,59973,59983,10
13.0347204208,80.2303085327,59983,60011,28
13.0347204208,80.2303085327,60011,60022,11
13.0347900391,80.2304382324,60022,60032,10
13.0349502563,80.2303237915,60032,60042,10
13.0350503922,80.2300872803,60042,60052,10
13.0350999832,80.2298965454,60052,60062,10
13.034819603,80.229850769,60062,60072,10
13.0345401764,80.2298431396,60072,60082,10
13.034330368,80.2297592163,60082,60091,9
13.0342197418,80.2300033569,60091,60103,12
13.0339698792,80.2303924561,60103,60112,9
13.0339298248,80.2304611206,60112,60123,11
13.0348300934,80.2292404175,60123,60133,10
13.0342502594,80.2299575806,60133,60153,20
13.0342502594,80.2299575806,60153,60163,10
13.0341501236,80.230140686,60163,60173,10
13.0341596603,80.2301635742,60173,60183,10
13.0341396332,80.23021698,60183,60193,10
13.0341501236,80.2303237915,60193,60203,10
13.034119606,80.2302627563,60203,60213,10
13.034119606,80.23021698,60213,60264,51
13.034119606,80.23021698,60264,60274,10
13.0341796875,80.2302322388,60274,60284,10
13.0340595245,80.230140686,60284,60375,91
13.0341596603,80.2302398682,60375,60516,141
13.0341596603,80.2302398682,60516,60526,10
13.0342302322,80.230140686,60526,60556,30
13.0342302322,80.230140686,60556,60567,11
13.0341396332,80.2304000854,60567,60577,10
13.034070015,80.2304534912,60577,60587,10
13.034070015,80.2304382324,60587,60597,10
13.034040451,80.2304382324,60597,60607,10
13.0338201523,80.2304992676,60607,60617,10
13.0333404541,80.2305221558,60617,60627,10
13.0326595306,80.2305831909,60627,60637,10
13.031829834,80.230682373,60637,60647,10
13.030380249,80.2312393188,60647,60668,21
13.030380249,80.2312393188,60668,60678,10
13.029999733,80.230758667,60678,60697,19
13.029999733,80.230758667,60697,60708,11
13.0295295715,80.2308425903,60708,60718,10
13.0289497375,80.2308807373,60718,60728,10
13.0282201767,80.2309494019,60728,60738,10
13.0279302597,80.2310333252,60738,60748,10
13.0276699066,80.2312698364,60748,60758,10
13.0277395248,80.2319412231,60758,60768,10
13.0278596878,80.2325210571,60768,60778,10
13.0277900696,80.2328720093,60778,60789,11
13.0272598267,80.2329025269,60789,60799,10
13.0269098282,80.2329788208,60799,60809,10
13.0265903473,80.2330627441,60809,60819,10
13.0269498825,80.233039856,60819,60829,10
13.0269498825,80.2330322266,60829,60839,10
13.0268001556,80.2330322266,60839,60849,10
13.0264701843,80.233001709,60849,60859,10
13.0262298584,80.2323074341,60859,60869,10
13.0260601044,80.2317810059,60869,60880,11
13.0261602402,80.2313537598,60880,60890,10
13.0259399414,80.2313537598,60890,60900,10
13.0257797241,80.2308578491,60900,60910,10
13.0254802704,80.2301177979,60910,60920,10
13.0252599716,80.2293701172,60920,60930,10
13.0250597,80.2295913696,60930,60950,20
13.0250597,80.2295913696,60950,60960,10
13.0250902176,80.2294998169,60960,60970,10
13.0250301361,80.2296676636,60970,60980,10
13.0249204636,80.2295837402,60980,60990,10
13.0248403549,80.2294921875,60990,61001,11
13.0247297287,80.2292633057,61001,61011,10
13.0246295929,80.2291030884,61011,61021,10
13.0243396759,80.2286987305,61021,61031,10
13.024020195,80.2283477783,61031,61041,10
13.0240402222,80.2283172607,61041,61051,10
13.0240497589,80.2284088135,61051,61061,10
13.0238599777,80.2280807495,61061,61071,10
13.0233898163,80.2275695801,61071,61081,10
13.022769928,80.2270431519,61081,61091,10
13.022069931,80.2264404297,61091,61101,10
13.0214004517,80.226020813,61101,61112,11
13.0205802917,80.2253875732,61112,61122,10
13.0197401047,80.224609375,61122,61132,10
13.018699646,80.2244796753,61132,61142,10
13.017660141,80.2249526978,61142,61152,10
13.0167503357,80.2253189087,61152,61162,10
13.0161600113,80.2255630493,61162,61172,10
13.0154600143,80.2257919312,61172,61182,10
13.0148296356,80.2260894775,61182,61192,10
13.0143404007,80.2262496948,61192,61202,10
13.014289856,80.2262802124,61202,61219,17
13.0141801834,80.2263412476,61219,61231,12
13.0135602951,80.2265319824,61231,61241,10
13.012840271,80.2267990112,61241,61250,9
13.0121898651,80.227142334,61250,61261,11
13.011300087,80.2275238037,61261,61271,10
13.0104198456,80.2279129028,61271,61281,10
13.0095901489,80.2282791138,61281,61291,10
13.009059906,80.2289810181,61291,61301,10
13.008890152,80.230140686,61301,61311,10
13.0087099075,80.2311019897,61311,61321,10
13.0085601807,80.2319869995,61321,61332,11
13.0083999634,80.2329025269,61332,61342,10
13.0082397461,80.2335891724,61342,61362,20
13.0082397461,80.2335891724,61362,61372,10
13.0081195831,80.2339706421,61372,61382,10
13.0080099106,80.2345581055,61382,61392,10
13.0078802109,80.2352371216,61392,61402,10
13.0077400208,80.2359313965,61402,61412,10
13.007610321,80.2366027832,61412,61422,10
13.0074300766,80.237487793,61422,61432,10
13.0072898865,80.2382736206,61432,61443,11
13.0071496964,80.2389373779,61443,61453,10
13.007060051,80.239616394,61453,61483,30
13.007060051,80.239616394,61483,61493,10
13.0070199966,80.239730835,61493,61503,10
13.0069799423,80.240020752,61503,61513,10
13.0068998337,80.240737915,61513,61533,20
13.0068998337,80.240737915,61533,61543,10
13.0068397522,80.2409515381,61543,61554,11
13.0067596436,80.2416687012,61554,61564,10
13.0067396164,80.2425537109,61564,61574,10
13.0067195892,80.243347168,61574,61584,10
13.0067100525,80.2436904907,61584,61594,10
13.0067100525,80.2440338135,61594,61614,20
13.0067100525,80.2440338135,61614,61624,10
13.0067195892,80.2443313599,61624,61634,10
13.0067195892,80.2448501587,61634,61644,10
13.0066900253,80.2453231812,61644,61654,10
13.006649971,80.2459793091,61654,61665,11
13.0066795349,80.2467193604,61665,61675,10
13.0067396164,80.2475967407,61675,61685,10
13.0067396164,80.248298645,61685,61695,10
13.0068798065,80.2494888306,61695,61715,20
13.0068798065,80.2494888306,61715,61725,10
13.0068798065,80.2495498657,61725,61735,10
13.0068798065,80.2500762939,61735,61806,71
13.0068798065,80.2500762939,61806,61816,10
13.0068597794,80.2502212524,61816,61826,10
13.0068597794,80.2504730225,61826,61836,10
13.0068502426,80.2507781982,61836,61846,10
13.0068502426,80.2510681152,61846,61856,10
13.0068397522,80.2514038086,61856,61866,10
13.0066795349,80.2520980835,61866,61877,11
13.0065603256,80.2529907227,61877,61887,10
13.0065603256,80.2537918091,61887,61897,10
13.0065898895,80.2546081543,61897,61907,10
13.0066299438,80.2553024292,61907,61917,10
13.006649971,80.2560882568,61917,61927,10
13.0066604614,80.2568206787,61927,61937,10
13.0068101883,80.2576675415,61937,61947,10
13.0071802139,80.2583236694,61947,61957,10
13.0077400208,80.258682251,61957,61977,20
13.0077400208,80.258682251,61977,61988,11
13.0078201294,80.2587203979,61988,61998,10
13.008190155,80.2588882446,61998,62008,10
13.0085401535,80.2590026855,62008,62018,10
13.0090904236,80.2591171265,62018,62028,10
13.0098800659,80.2591629028,62028,62038,10
13.0108203888,80.2591629028,62038,62048,10
13.0118703842,80.2591171265,62048,62058,10
13.0129995346,80.2591629028,62058,62068,10
13.0141801834,80.2592163086,62068,62078,10
13.0152797699,80.2593002319,62078,62088,10
13.0164403915,80.2597122192,62088,62109,21
13.0164403915,80.2597122192,62109,62119,10
13.0164804459,80.2597427368,62119,62129,10
13.0164899826,80.2597427368,62129,62139,10
13.0166101456,80.2598571777,62139,62149,10
13.0168800354,80.2600479126,62149,62159,10
13.0173397064,80.2603530884,62159,62169,10
13.0178003311,80.2606811523,62169,62179,10
13.0183696747,80.2610931396,62179,62189,10
13.0188598633,80.2614517212,62189,62199,10
13.0191898346,80.2617416382,62199,62210,11
13.0195999146,80.2621078491,62210,62220,10
13.020070076,80.2625808716,62220,62230,10
13.0202302933,80.2626876831,62230,62240,10
13.0202999115,80.2627182007,62240,62250,10
13.0206899643,80.2628479004,62250,62260,10
13.0211801529,80.2630081177,62260,62270,10
13.0217695236,80.2633132935,62270,62280,10
13.0220899582,80.2633972168,62280,62290,10
13.0222702026,80.2633972168,62290,62301,11
13.0225601196,80.263633728,62301,62310,9
13.0230798721,80.2639083862,62310,62351,41
13.0230798721,80.2639083862,62351,62361,10
13.0234298706,80.2641220093,62361,62371,10
13.0238704681,80.2643508911,62371,62381,10
13.0244398117,80.2646789551,62381,62391,10
13.0249204636,80.2650222778,62391,62401,10
13.0249795914,80.2650680542,62401,62411,10
13.0253400803,80.2653503418,62411,62442,31
13.0253400803,80.2653503418,62442,62452,10
13.0255899429,80.2655410767,62452,62462,10
13.0258398056,80.2657089233,62462,62472,10
13.0261201859,80.2658462524,62472,62482,10
13.026309967,80.2657318115,62482,62492,10
13.0263795853,80.2653579712,62492,62502,10
13.0263996124,80.2649765015,62502,62512,10
13.0265197754,80.263999939,62512,62533,21
13.0265197754,80.263999939,62533,62543,10
13.0266199112,80.263999939,62543,62553,10
13.0266199112,80.2636108398,62553,62563,10
13.0268096924,80.263420105,62563,62573,10
13.0273103714,80.2634887695,62573,62583,10
13.0276699066,80.2633590698,62583,62593,10
13.0279798508,80.263633728,62593,62603,10
13.0283498764,80.2637481689,62603,62613,10
13.0283498764,80.2637634277,62613,62623,10
13.0285997391,80.2638397217,62623,62633,10
13.0289402008,80.263923645,62633,62644,11
13.029299736,80.2641830444,62644,62654,10
13.0293302536,80.2645263672,62654,62664,10
13.0293302536,80.265007019,62664,62674,10
13.029299736,80.2655410767,62674,62684,10
13.0292701721,80.2660522461,62684,62704,20
13.0292701721,80.2660522461,62704,62714,10
13.0292301178,80.2663269043,62714,62724,10
13.0292301178,80.2663803101,62724,62734,10
13.029250145,80.2665710449,62734,62744,10
13.0295801163,80.2665863037,62744,62755,11
13.0300598145,80.2666625977,62755,62765,10
13.030500412,80.2667999268,62765,62775,10
13.0311002731,80.2668380737,62775,62795,20
13.0311002731,80.2668380737,62795,62804,9
13.0314302444,80.266998291,62804,62815,11
13.03166008,80.2670669556,62815,62825,10
13.0318803787,80.2671279907,62825,62835,10
13.0322599411,80.2673568726,62835,62845,10
13.0325298309,80.2676391602,62845,62855,10
13.0325498581,80.2672576904,62855,62866,11
13.0331802368,80.2676391602,62866,62876,10
13.0332098007,80.267791748,62876,62886,10
13.0332403183,80.267829895,62886,62896,10
13.0334196091,80.2679367065,62896,62906,10
13.0333995819,80.2678527832,62906,62916,10
13.0336799622,80.2679367065,62916,62926,10
13.0339403152,80.2680892944,62926,62947,21
13.0339403152,80.2680892944,62947,62956,9
13.0343599319,80.2680130005,62956,63020,64
13.0344295502,80.2681427002,63020,63041,21
13.0346403122,80.2680664063,63041,63092,51
13.0346403122,80.2680664063,63092,63102,10
13.0342798233,80.2680435181,63102,63112,10
13.0340003967,80.2679595947,63112,63122,10
13.0336999893,80.2678985596,63122,63142,20
13.0335903168,80.267906189,63142,63223,81
13.0335903168,80.267906189,63223,63233,10
13.0337200165,80.2677230835,63233,63304,71
13.0337696075,80.2677612305,63304,63364,60
13.0337696075,80.2677612305,63364,63374,10
13.0337200165,80.2679367065,63374,63566,192
13.0337200165,80.267868042,63566,63607,41
13.0337200165,80.267868042,63607,63616,9
13.0337095261,80.2678985596,63616,63647,31
13.0337095261,80.2678833008,63647,63667,20
13.0337095261,80.2678833008,63667,63677,10
13.0337400436,80.2678375244,63677,63687,10
13.0338497162,80.2678604126,63687,63718,31
13.0338497162,80.2678604126,63718,63728,10
13.0337896347,80.268081665,63728,63738,10
13.0337696075,80.2681274414,63738,63748,10
13.0337200165,80.267906189,63748,63818,70
13.0336704254,80.2678604126,63818,65098,1280
13.0336704254,80.2678604126,65098,65108,10
13.0277204514,80.2663574219,65108,65118,10
13.0273103714,80.2660903931,65118,65128,10
13.0270996094,80.2661437988,65128,65138,10
13.0267801285,80.2660598755,65138,65148,10
13.0263004303,80.2659988403,65148,65219,71
13.0263004303,80.2659988403,65219,65229,10
13.0262298584,80.2660980225,65229,65239,10
13.02602005,80.2658996582,65239,65249,10
13.0254096985,80.2654571533,65249,65280,31
13.0254096985,80.2654571533,65280,65290,10
13.0252504349,80.2652893066,65290,65300,10
13.0248003006,80.2650604248,65300,65310,10
13.0241298676,80.2645263672,65310,65320,10
13.0235595703,80.2641372681,65320,65330,10
13.0230798721,80.2638397217,65330,65340,10
13.0225200653,80.2635192871,65340,65350,10
13.0221996307,80.263458252,65350,65370,20
13.0221996307,80.263458252,65370,65381,11
13.0219202042,80.263343811,65381,65391,10
13.0214195251,80.263130188,65391,65407,16
13.0202598572,80.2630691528,65407,65419,12
13.0198497772,80.2630081177,65419,65429,10
13.0194501877,80.2629776001,65429,65439,10
13.0190000534,80.2629165649,65439,65449,10
13.018819809,80.2620315552,65449,65469,20
13.0187797546,80.2618637085,65469,65500,31
13.0187797546,80.2618637085,65500,65510,10
13.0187196732,80.2615585327,65510,65520,10
13.0186700821,80.2613601685,65520,65530,10
13.0185203552,80.2611999512,65530,65540,10
13.0185003281,80.2611923218,65540,65550,10
13.0182504654,80.2610397339,65550,65560,10
13.0179100037,80.2608413696,65560,65570,10
13.0174303055,80.2605209351,65570,65580,10
13.0169200897,80.2602005005,65580,65591,11
13.0161104202,80.2596969604,65591,65611,20
13.0161104202,80.2596969604,65611,65621,10
13.0157403946,80.2595291138,65621,65631,10
13.0150299072,80.2593612671,65631,65641,10
13.0141601563,80.2593078613,65641,65651,10
13.0132303238,80.2593002319,65651,65661,10
13.0121297836,80.259262085,65661,65671,10
13.0113601685,80.2591934204,65671,65681,10
13.0106897354,80.2592163086,65681,65691,10
13.0099096298,80.2592163086,65691,65702,11
13.0094099045,80.2592391968,65702,65712,10
13.0090303421,80.2592163086,65712,65722,10
13.0088500977,80.2592163086,65722,65732,10
13.0087995529,80.2592086792,65732,65742,10
13.0086402893,80.2591629028,65742,65752,10
13.0080795288,80.259147644,65752,65762,10
13.0074396133,80.2592391968,65762,65772,10
13.0071802139,80.2587127686,65772,65782,10
13.0071697235,80.258682251,65782,65792,10
13.0071001053,80.2585601807,65792,65802,10
13.0068998337,80.2582473755,65802,65813,11
13.0066299438,80.257850647,65813,65863,50
13.0066299438,80.257850647,65863,65873,10
13.0066099167,80.2578277588,65873,65883,10
13.0065603256,80.2573318481,65883,65893,10
13.006529808,80.2568664551,65893,65903,10
13.006529808,80.2560806274,65903,65913,10
13.0065097809,80.2556381226,65913,65924,11
13.0065603256,80.2550506592,65924,65934,10
13.0065097809,80.2543487549,65934,65944,10
13.006529808,80.2539291382,65944,65954,10
13.0065803528,80.2535018921,65954,65964,10
13.0065698624,80.2532272339,65964,65995,31
13.0064697266,80.2531661987,65995,66075,80
13.0064697266,80.2531661987,66075,66091,16
13.0065803528,80.2517166138,66091,66103,12
13.0067300797,80.2512893677,66103,66111,8
13.0067195892,80.2505874634,66111,66124,13
13.0069599152,80.2490997314,66124,66295,171
13.0069599152,80.2490997314,66295,66305,10
13.0066003799,80.2459564209,66305,66315,10
13.0065803528,80.2456283569,66315,66325,10
13.0065898895,80.2454605103,66325,66335,10
13.0066299438,80.2453231812,66335,66345,10
13.0065898895,80.2449417114,66345,66356,11
13.0066404343,80.2444763184,66356,66840,484
13.0066404343,80.2444763184,66840,66850,10
13.0099401474,80.2265625,66850,67486,636
13.0099401474,80.2265625,67486,67496,10
13.0271596909,80.2310562134,67496,67506,10
13.0280103683,80.2308120728,67506,67516,10
13.0289096832,80.2304382324,67516,67658,142
13.0289096832,80.2304382324,67658,67668,10
13.029540062,80.2309494019,67668,67678,10
13.0294599533,80.2308578491,67678,67688,10
13.0296497345,80.2305221558,67688,67698,10
13.03083992,80.2308120728,67698,67708,10
13.0316696167,80.2307434082,67708,67769,61
13.0316696167,80.2307434082,67769,67779,10
13.0365600586,80.2304763794,67779,67799,20
13.0365600586,80.2304763794,67799,67809,10
13.0345497131,80.2303771973,67809,67829,20
13.0344800949,80.2301864624,67829,67910,81
13.0344800949,80.2301864624,67910,67920,10
13.0348796844,80.2300109863,67920,67930,10
13.0343799591,80.2290725708,67930,68001,71
13.0337495804,80.2290420532,68001,68354,353
13.0337495804,80.2290420532,68354,68364,10
13.0340499878,80.2302322388,68364,68616,252
13.0340499878,80.2302322388,68616,68626,10
13.0340995789,80.23046875,68626,68637,11
13.0340795517,80.2304763794,68637,68647,10
13.0338201523,80.2308425903,68647,68657,10
13.0335102081,80.2308807373,68657,68667,10
13.0331201553,80.2308731079,68667,68738,71
13.0331201553,80.2308731079,68738,68748,10
13.0295495987,80.2310409546,68748,68764,16
13.0288496017,80.2308197021,68764,68776,12
13.0286798477,80.2308120728,68776,68786,10
13.0291404724,80.2309494019,68786,68796,10
13.0283403397,80.2309112549,68796,68806,10
13.0276002884,80.2308197021,68806,68816,10
13.027589798,80.2314224243,68816,68824,8
13.0276098251,80.2319717407,68824,68836,12
13.0278997421,80.2326278687,68836,68846,10
13.0272798538,80.2329025269,68846,68857,11
13.0270204544,80.233001709,68857,68887,30
13.0270004272,80.2328796387,68887,68907,20
13.0270795822,80.2329177856,68907,68968,61
13.0270795822,80.2329177856,68968,68978,10
13.0252103806,80.2310409546,68978,68998,20
13.0255298615,80.230430603,68998,69028,30
13.0255298615,80.230430603,69028,69038,10
13.025759697,80.2304534912,69038,69048,10
13.0242004395,80.2306137085,69048,69059,11
13.0234298706,80.2309417725,69059,69068,9
13.0252599716,80.2299728394,69068,69079,11
13.0251302719,80.2299499512,69079,69089,10
13.0251502991,80.2297286987,69089,69099,10
13.0250997543,80.2297134399,69099,69109,10
13.0248203278,80.2295379639,69109,69119,10
13.0247402191,80.2292709351,69119,69129,10
13.0245704651,80.2288208008,69129,69139,10
13.0247001648,80.2294082642,69139,69149,10
13.0248699188,80.2296676636,69149,69159,10
13.0247602463,80.2292098999,69159,69170,11
13.0246801376,80.2294006348,69170,69179,9
13.0243196487,80.2290802002,69179,69190,11
13.0235900879,80.2285308838,69190,69200,10
13.0232601166,80.2283096313,69200,69210,10
13.0239601135,80.2283401489,69210,69281,71
13.0239601135,80.2283401489,69281,69290,9
13.0208301544,80.2255630493,69290,69301,11
13.0203504562,80.225151062,69301,69311,10
13.019780159,80.2247161865,69311,69331,20
13.019780159,80.2247161865,69331,69341,10
13.0169200897,80.2253112793,69341,69351,10
13.0166702271,80.225479126,69351,69361,10
13.016500473,80.2255325317,69361,69371,10
13.0163002014,80.2254714966,69371,69381,10
13.0158700943,80.2256622314,69381,69392,11
13.0153102875,80.2257919312,69392,69401,9
13.0151996613,80.2258224487,69401,69412,11
13.0145597458,80.2263031006,69412,69422,10
13.0145397186,80.2262496948,69422,69432,10
13.0145397186,80.2261505127,69432,69482,50
13.0145397186,80.2261505127,69482,69492,10
13.0099496841,80.2278671265,69492,69502,10
13.0091695786,80.2284622192,69502,69513,11
13.0089197159,80.2294998169,69513,69523,10
13.0086803436,80.230682373,69523,69533,10
13.0085000992,80.2317810059,69533,69543,10
13.008310318,80.2328262329,69543,69553,10
13.0082197189,80.2335891724,69553,69573,20
13.0082197189,80.2335891724,69573,69583,10
13.0081701279,80.2336883545,69583,69593,10
13.008020401,80.2342376709,69593,69603,10
13.0079097748,80.2348632813,69603,69613,10
13.007900238,80.234916687,69613,69624,11
13.0078001022,80.2353210449,69624,69634,10
13.0076599121,80.2359924316,69634,69644,10
13.0075998306,80.2365570068,69644,69654,10
13.0075702667,80.2366714478,69654,69664,10
13.0074796677,80.2369308472,69664,69674,10
13.007610321,80.2371902466,69674,69684,10
13.0074396133,80.2373504639,69684,69694,10
13.0073204041,80.2378005981,69694,69704,10
13.0072698593,80.2381591797,69704,69714,10
13.0071697235,80.2387008667,69714,69725,11
13.0070104599,80.2395629883,69725,69735,10
13.0067996979,80.2402420044,69735,69745,10
13.0066404343,80.2407073975,69745,69755,10
13.0068597794,80.2400665283,69755,69775,20
13.0069904327,80.2400588989,69775,69795,20
13.0069103241,80.2408218384,69795,70038,243
13.0069103241,80.2408218384,70038,70047,9
13.006770134,80.2465133667,70047,70057,10
13.0066795349,80.2464065552,70057,70068,11
13.0065402985,80.2464828491,70068,70208,140
13.0065402985,80.2464828491,70208,70218,10
13.0064897537,80.2525024414,70218,70228,10
13.0065202713,80.2534637451,70228,70239,11
13.0065498352,80.2544403076,70239,70249,10
13.0066404343,80.2551422119,70249,70259,10
13.0065898895,80.2559509277,70259,70270,11
13.0066003799,80.2569198608,70270,70320,50
13.0066003799,80.2569198608,70320,70330,10
13.0064201355,80.2569274902,70330,70340,10
13.0061702728,80.256942749,70340,70371,31
13.0061702728,80.256942749,70371,70381,10
13.0076904297,80.2586517334,70381,70391,10
13.0076398849,80.2586593628,70391,70451,60
13.0076398849,80.2586593628,70451,70461,10
13.0139799118,80.259147644,70461,70471,10
13.0152597427,80.259262085,70471,70482,11
13.0162696838,80.2595977783,70482,70492,10
13.0164203644,80.2597427368,70492,70502,10
13.0165195465,80.2598266602,70502,70512,10
13.016960144,80.260017395,70512,70522,10
13.0176801682,80.2604064941,70522,70532,10
13.0183095932,80.261100769,70532,70542,10
13.0186901093,80.2613372803,70542,70552,10
13.0189399719,80.2615509033,70552,70562,10
13.0193004608,80.2618331909,70562,70572,10
13.0195798874,80.2621383667,70572,70582,10
13.0199699402,80.2625274658,70582,70592,10
13.020190239,80.2626876831,70592,70603,11
13.0202598572,80.2626800537,70603,70613,10
13.0206298828,80.262878418,70613,70623,10
13.0213298798,80.2629470825,70623,70633,10
13.0221004486,80.2630767822,70633,70653,20
13.0221004486,80.2630767822,70653,70663,10
13.0230798721,80.2638702393,70663,70673,10
13.023059845,80.263923645,70673,70694,21
13.023059845,80.263923645,70694,70703,9
13.0244903564,80.2647171021,70703,70714,11
13.0249099731,80.2650299072,70714,70724,10
13.0252895355,80.265296936,70724,70734,10
13.025639534,80.2656097412,70734,70744,10
13.0259799957,80.2658233643,70744,70754,10
13.0262804031,80.2654418945,70754,70764,10
13.0263996124,80.2646408081,70764,70774,10
13.0265903473,80.2639083862,70774,70794,20
13.0265903473,80.2639083862,70794,70804,10
13.02684021,80.2633972168,70804,70863,59
13.0293798447,80.2646636963,70863,70903,40
13.0291996002,80.2663803101,70903,70923,20
13.0290899277,80.266418457,70923,70944,21
13.0290899277,80.266418457,70944,70954,10
13.0292396545,80.2666015625,70954,70964,10
13.0292797089,80.2666015625,70964,70974,10
13.0296201706,80.2666320801,70974,70984,10
13.0302696228,80.2667388916,70984,70994,10
13.0309400558,80.2667770386,70994,71004,10
13.0318202972,80.2671966553,71004,71015,11
13.0320100784,80.2674789429,71015,71065,50
13.0320100784,80.2674789429,71065,71075,10
13.0334796906,80.2679367065,71075,71085,10
13.0337600708,80.2679595947,71085,71095,10
13.0338802338,80.2679824829,71095,71105,10
13.034070015,80.2680282593,71105,71115,10
13.0344600677,80.2679977417,71115,71125,10
13.0345201492,80.2681808472,71125,71136,11
13.0345802307,80.2684783936,71136,71146,10
13.034620285,80.2686920166,71146,71156,10
13.0344696045,80.2682189941,71156,71166,10
13.0341796875,80.2680587769,71166,71176,10
13.033949852,80.2680511475,71176,71186,10
13.0337295532,80.2679595947,71186,71196,10
13.0333499908,80.2679367065,71196,71206,10
13.0331602097,80.2679672241,71206,71216,10
13.033200264,80.2679290771,71216,71237,21
13.0332603455,80.2679214478,71237,71307,70
13.0332603455,80.2679214478,71307,71317,10
13.0330696106,80.2677383423,71317,71348,31
13.0331296921,80.2677536011,71348,71711,363
13.0331296921,80.2677536011,71711,71721,10
13.0330400467,80.2677764893,71721,71731,10
13.0331001282,80.267791748,71731,71923,192
13.0331001282,80.267791748,71923,71933,10
13.0331096649,80.267791748,71933,71943,10
13.0331001282,80.267791748,71943,71953,10
13.0328798294,80.2677764893,71953,71963,10
13.0327997208,80.2677688599,71963,71973,10
13.032500267,80.267539978,71973,71983,10
13.0319595337,80.2672805786,71983,71993,10
13.0314702988,80.2670288086,71993,72004,11
13.0308904648,80.2668991089,72004,72014,10
13.0305595398,80.2665863037,72014,72024,10
13.0303201675,80.2662963867,72024,72034,10
13.0298299789,80.2665405273,72034,72044,10
13.0293703079,80.2666015625,72044,72064,20
13.0293703079,80.2666015625,72064,72073,9
13.02987957,80.2668609619,72073,72084,11
13.0292901993,80.2666320801,72084,72094,10
13.0286598206,80.2663803101,72094,72104,10
13.0281801224,80.2662734985,72104,72115,11
13.0279502869,80.2662200928,72115,72125,10
13.0272102356,80.2660980225,72125,72135,10
13.0263700485,80.2658996582,72135,72322,187
13.0263700485,80.2658996582,72322,72335,13
13.019080162,80.2631607056,72335,72345,10
13.0188999176,80.2626800537,72345,72355,10
13.0188598633,80.2618408203,72355,72364,9
13.0188102722,80.2611923218,72364,72375,11
13.0178899765,80.2608413696,72375,72385,10
13.0170402527,80.2602386475,72385,72395,10
13.0162000656,80.2597808838,72395,72405,10
13.0160503387,80.2597198486,72405,72415,10
13.0159597397,80.2596817017,72415,72425,10
13.0154895782,80.2594985962,72425,72435,10
13.0149002075,80.2592391968,72435,72446,11
13.0138597488,80.2591171265,72446,72456,10
13.0123796463,80.2592086792,72456,72466,10
13.0112104416,80.2592086792,72466,72476,10
13.0103597641,80.2592697144,72476,72486,10
13.0098304749,80.2593231201,72486,72496,10
13.0097503662,80.2593231201,72496,72506,10
13.0092601776,80.2592697144,72506,72516,10
13.0087203979,80.2593002319,72516,72527,11
13.0083999634,80.2593231201,72527,72536,9
13.0080299377,80.2593231201,72536,72546,10
13.0072002411,80.2590408325,72546,72557,11
13.0070896149,80.2587203979,72557,72567,10
13.0070199966,80.2585220337,72567,72577,10
13.006819725,80.2581481934,72577,72587,10
13.0066995621,80.2579803467,72587,72597,10
13.0066995621,80.2579879761,72597,72607,10
13.0064697266,80.2575836182,72607,72617,10
13.0063199997,80.2572021484,72617,72638,21
13.0063199997,80.2572021484,72638,72654,16
13.006480217,80.2554702759,72654,72666,12
13.0063896179,80.2547988892,72666,72676,10
13.0064001083,80.2543411255,72676,72686,10
13.0064201355,80.2538223267,72686,72696,10
13.0064001083,80.2533187866,72696,72706,10
13.0064001083,80.2532501221,72706,72716,10
13.0063896179,80.2531585693,72716,72726,10
13.006480217,80.253036499,72726,72767,41
13.0065202713,80.2527008057,72767,72827,60
13.0065202713,80.2527008057,72827,72837,10
13.0068502426,80.2490692139,72837,72847,10
13.0066204071,80.248298645,72847,72857,10
13.0065803528,80.2479171753,72857,72868,11
13.0066204071,80.2472076416,72868,72878,10
13.0066604614,80.2466201782,72878,72888,10
13.0065898895,80.2468566895,72888,72908,20
13.0064401627,80.2469482422,72908,73201,293
13.0064401627,80.2469482422,73201,73211,10
13.0089302063,80.2294692993,73211,73221,10
13.0089998245,80.2284698486,73221,73231,10
13.009180069,80.2270431519,73231,73372,141
13.0143098831,80.2237625122,73372,73653,281
13.0143098831,80.2237625122,73653,73663,10
13.0259103775,80.2307815552,73663,73671,8
13.02602005,80.2309188843,73671,73682,11
13.0261697769,80.2314376831,73682,73736,54
13.0261697769,80.2314376831,73736,73746,10
13.0286998749,80.2307510376,73746,73756,10
13.0291700363,80.230796814,73756,73787,31
13.0290403366,80.2306594849,73787,74310,523
13.0290403366,80.2306594849,74310,74320,10
13.0341300964,80.2299423218,74320,74330,10
13.0341100693,80.2299423218,74330,74340,10
13.0340995789,80.2300033569,74340,74350,10
13.034119606,80.2299880981,74350,74360,10
13.0340099335,80.2299423218,74360,74370,10
13.0340795517,80.2299880981,74370,74411,41
13.0340795517,80.2299880981,74411,74421,10
13.0341796875,80.2301864624,74421,74582,161
13.0341796875,80.2301864624,74582,74592,10
13.034119606,80.2302780151,74592,74633,41
13.034119606,80.2302780151,74633,74643,10
13.0340900421,80.2304077148,74643,74653,10
13.0340795517,80.2304534912,74653,74663,10
13.0339403152,80.23046875,74663,74673,10
13.0334396362,80.2304000854,74673,74685,12
13.0334796906,80.2295303345,74685,74790,105
13.0279302597,80.2310562134,74790,74820,30
13.0279302597,80.2310562134,74820,74831,11
13.0278100967,80.2327804565,74831,74841,10
13.0273599625,80.2329406738,74841,74851,10
13.0270700455,80.2329177856,74851,74861,10
13.027130127,80.2329788208,74861,74881,20
13.0270996094,80.2330169678,74881,75073,192
13.0270996094,80.2330169678,75073,75082,9
13.0179195404,80.2248535156,75082,75093,11
13.0170602798,80.2251205444,75093,75103,10
13.0164203644,80.2253112793,75103,75113,10
13.0165996552,80.2255020142,75113,75123,10
13.0138397217,80.2219390869,75123,75144,21
13.0138397217,80.2219390869,75144,75154,10
13.01445961,80.2261810303,75154,75164,10
13.0142402649,80.2262496948,75164,75174,10
13.0138998032,80.2264175415,75174,75184,10
13.0135602951,80.2265625,75184,75194,10
13.0126399994,80.2284393311,75194,75204,10
13.011059761,80.2270278931,75204,75214,10
13.0099697113,80.2279663086,75214,75224,10
13.0090398788,80.228477478,75224,75234,10
13.0088300705,80.2295532227,75234,75244,10
13.0086297989,80.230796814,75244,75254,10
13.0083503723,80.2321472168,75254,75265,11
13.0078496933,80.2345275879,75265,75487,222
13.0078496933,80.2345275879,75487,75497,10
13.0065603256,80.2427902222,75497,75507,10
13.0066995621,80.2436599731,75507,75517,10
13.0067796707,80.2444610596,75517,75527,10
13.006649971,80.2452163696,75527,75537,10
13.006649971,80.2464523315,75537,76373,836
13.006649971,80.2464523315,76373,76383,10
13.0325498581,80.2674789429,76383,76393,10
13.0328598022,80.2677612305,76393,76403,10
13.0331602097,80.2677612305,76403,76413,10
13.0331802368,80.2677536011,76413,76423,10
13.0334701538,80.2678222656,76423,76433,10
13.0338697433,80.2679595947,76433,76443,10
13.0344600677,80.2680206299,76443,76454,11
13.0344200134,80.2681884766,76454,76484,30
13.0344200134,80.2681884766,76484,76494,10
13.0343399048,80.2681274414,76494,76504,10
13.034040451,80.2680282593,76504,76514,10
13.033490181,80.2678833008,76514,76554,40
13.033490181,80.2678833008,76554,76565,11
13.0329704285,80.267791748,76565,76575,10
13.0325803757,80.267616272,76575,76585,10
13.0323600769,80.2675170898,76585,76595,10
13.0319099426,80.267288208,76595,76605,10
13.0313997269,80.2670974731,76605,76615,10
13.0307197571,80.2669296265,76615,76625,10
13.0301799774,80.2667770386,76625,76635,10
13.029540062,80.2666931152,76635,76645,10
13.0290899277,80.2665023804,76645,76655,10
13.0285596848,80.2664031982,76655,76665,10
13.0279102325,80.2662734985,76665,76676,11
13.0270595551,80.2661514282,76676,76686,10
13.02643013,80.2660598755,76686,76696,10
13.026260376,80.2660293579,76696,76706,10
13.0261201859,80.2659378052,76706,76716,10
13.0256004333,80.2656326294,76716,76726,10
13.0254602432,80.2655487061,76726,76736,10
13.0253295898,80.2654571533,76736,76746,10
13.0252399445,80.2654190063,76746,76756,10
13.0250597,80.2653198242,76756,76766,10
13.0245304108,80.2649002075,76766,76776,10
13.0238399506,80.2644119263,76776,76793,17
13.0228395462,80.2638320923,76793,76805,12
13.0221700668,80.2635421753,76805,76815,10
13.0221204758,80.263343811,76815,76825,10
13.0218801498,80.2633132935,76825,76835,10
13.0211496353,80.2631072998,76835,76845,10
13.0202798843,80.2630767822,76845,76855,10
13.0194997787,80.2630462646,76855,76865,10
13.0189599991,80.2629623413,76865,76875,10
13.0188102722,80.2625198364,76875,76883,8
13.0186901093,80.2617263794,76883,76896,13
13.018119812,80.2607803345,76896,76906,10
13.0176496506,80.2605895996,76906,76916,10
13.0171604156,80.2603912354,76916,76926,10
13.0163803101,80.2599868774,76926,76936,10
13.0157003403,80.2594985962,76936,76946,10
13.0157499313,80.2594985962,76946,76956,10
13.0153598785,80.2594680786,76956,76966,10
13.0143899918,80.2593994141,76966,76988,22
13.0121097565,80.2592697144,76988,77000,12
13.0108003616,80.2592391968,77000,77011,11
13.0098600388,80.2592391968,77011,77020,9
13.0077896118,80.2595062256,77020,77233,213
13.0077896118,80.2595062256,77233,77243,10
13.0067300797,80.2515792847,77243,77253,10
13.0064001083,80.2519836426,77253,77263,10
13.0063400269,80.2520828247,77263,77283,20
13.0066204071,80.2518463135,77283,77293,10
13.0066204071,80.2518463135,77293,77303,10
13.0066995621,80.2512512207,77303,77313,10
13.0067195892,80.2502593994,77313,77323,10
13.0066900253,80.2492599487,77323,77334,11
13.0066299438,80.2480697632,77334,77344,10
13.0066003799,80.2472000122,77344,77355,11
13.0065202713,80.2465133667,77355,77376,21
13.0065202713,80.2465133667,77376,77386,10
13.0065498352,80.2460021973,77386,77395,9
13.0065498352,80.2452468872,77395,77405,10
13.0065202713,80.244468689,77405,77416,11
13.0065097809,80.2436599731,77416,77426,10
13.0065002441,80.2428970337,77426,77436,10
13.0065097809,80.2420120239,77436,77447,11
13.0065002441,80.2415618896,77447,77457,10
13.0065402985,80.2412185669,77457,77467,10
13.0066404343,80.2405090332,77467,77477,10
13.0068702698,80.2396011353,77477,77487,10
13.0070800781,80.2384414673,77487,77497,10
13.0072402954,80.2376403809,77497,77507,10
13.0073404312,80.2370071411,77507,77517,10
13.007349968,80.236831665,77517,77527,10
13.0074996948,80.236366272,77527,77537,10
13.0076503754,80.2355804443,77537,77547,10
13.0078496933,80.2345504761,77547,77558,11
13.0081501007,80.2330474854,77558,77568,10
13.0084199905,80.2316589355,77568,77578,10
13.0086603165,80.230506897,77578,77588,10
13.008890152,80.2294082642,77588,77598,10
13.0091495514,80.2282028198,77598,77608,10
13.00963974,80.2270431519,77608,77618,10
13.0101499557,80.2259902954,77618,77628,10
13.01060009,80.2250976563,77628,77638,10
13.0109796524,80.2241668701,77638,77648,10
13.0113296509,80.2232894897,77648,77669,21
13.0113296509,80.2232894897,77669,77679,10
13.0114498138,80.2229995728,77679,77689,10
13.0116500854,80.2222595215,77689,77699,10
13.012169838,80.2215576172,77699,77709,10
13.0125198364,80.2220001221,77709,77718,9
13.0128898621,80.2226333618,77718,77729,11
13.0136604309,80.2233734131,77729,77739,10
13.0142202377,80.2239990234,77739,77749,10
13.0147304535,80.2245330811,77749,77759,10
13.0153503418,80.2249984741,77759,77770,11
13.015540123,80.2251205444,77770,77780,10
13.0159101486,80.2253799438,77780,77790,10
13.0167598724,80.2252502441,77790,77800,10
13.0178003311,80.2248382568,77800,77810,10
13.0185899734,80.2245330811,77810,77820,10
13.0192604065,80.2244567871,77820,77830,10
13.0199804306,80.224822998,77830,77840,10
13.0207195282,80.2253570557,77840,77850,10
13.0215196609,80.2259292603,77850,77860,10
13.0219802856,80.2261962891,77860,77871,11
13.0220003128,80.2263336182,77871,77881,10
13.0225601196,80.2267990112,77881,77891,10
13.0232896805,80.2275009155,77891,77901,10
13.0242099762,80.2284088135,77901,77911,10
13.0247297287,80.2291870117,77911,77921,10
13.0251398087,80.2298736572,77921,77931,10
13.0257101059,80.23072052,77931,77940,9
13.0260696411,80.231590271,77940,77950,10
13.0262804031,80.2337799072,77950,77972,22
13.0262804031,80.2337799072,77972,77981,9
13.0261497498,80.2312774658,77981,77992,11
13.0269804001,80.2311019897,77992,78002,10
13.0278196335,80.2309265137,78002,78012,10
13.0283002853,80.2308731079,78012,78022,10
13.0286197662,80.2308807373,78022,78032,10
13.0292797089,80.2308120728,78032,78042,10
13.029800415,80.2307281494,78042,78052,10
13.030579567,80.2306976318,78052,78062,10
13.0311498642,80.2306518555,78062,78072,10
13.0317497253,80.2306137085,78072,78083,11
13.0323600769,80.2305603027,78083,78093,10
13.0331001282,80.2304992676,78093,78103,10
13.0338201523,80.2304382324,78103,78113,10
13.0341596603,80.2304077148,78113,78123,10
13.0344696045,80.2303390503,78123,78133,10
13.0347499847,80.2302703857,78133,78153,20
13.0347499847,80.2302703857,78153,78163,10
13.0349798203,80.230178833,78163,78173,10
13.0350704193,80.2299499512,78173,78183,10
13.0348997116,80.2298431396,78183,78194,11
13.0344600677,80.2297973633,78194,78204,10
13.034239769,80.2299423218,78204,78284,80
13.034239769,80.2299423218,78284,78294,10
13.034119606,80.2301483154,78294,78335,41
13.034119606,80.2301483154,78335,78345,10
13.0340499878,80.2304763794,78345,78355,10
13.0338897705,80.2304992676,78355,78365,10
13.0335302353,80.23046875,78365,78375,10
13.0333900452,80.2304992676,78375,78385,10
13.0331802368,80.230506897,78385,78395,10
13.03262043,80.2305526733,78395,78405,10
13.0319795609,80.2306213379,78405,78416,11
13.0312204361,80.2306976318,78416,78432,16
13.0305204391,80.230758667,78432,78444,12
13.029800415,80.2308273315,78444,78454,10
13.0296001434,80.2308502197,78454,78464,10
13.0293998718,80.2308883667,78464,78474,10
13.0288600922,80.2309417725,78474,78484,10
13.0283403397,80.2309799194,78484,78494,10
13.0280599594,80.2310028076,78494,78504,10
13.0277004242,80.231048584,78504,78514,10
13.0276603699,80.2314300537,78514,78523,9
13.0276899338,80.2320175171,78523,78535,12
13.0277996063,80.2327880859,78535,78545,10
13.0272197723,80.2329330444,78545,78555,10
13.0268802643,80.2329864502,78555,78595,40
13.0268802643,80.2329864502,78595,78605,10
13.026599884,80.2330093384,78605,78615,10
13.0263004303,80.2328109741,78615,78625,10
13.0261201859,80.232131958,78625,78635,10
13.0260400772,80.2316513062,78635,78646,11
13.0258703232,80.2309188843,78646,78656,10
13.0254297256,80.2300796509,78656,78666,10
13.0248403549,80.2292861938,78666,78676,10
13.0247097015,80.2291564941,78676,78686,10
13.0245800018,80.2289962769,78686,78696,10
13.0241804123,80.2285308838,78696,78706,10
13.023900032,80.2282409668,78706,78716,10
13.0238704681,80.2281799316,78716,78726,10
13.0236196518,80.2278823853,78726,78737,11
13.0234804153,80.2276611328,78737,78747,10
13.0230302811,80.2272415161,78747,78757,10
13.0223398209,80.226600647,78757,78767,10
13.0214500427,80.2258911133,78767,78777,10
13.0207595825,80.2253570557,78777,78787,10
13.0200195313,80.2248764038,78787,78797,10
13.0197896957,80.2247009277,78797,78807,10
13.0195999146,80.2246170044,78807,78817,10
13.0188798904,80.2244491577,78817,78827,10
13.0179395676,80.2247390747,78827,78844,17
13.015999794,80.2255172729,78844,78856,12
13.0146999359,80.2260131836,78856,78866,10
13.0142297745,80.2261962891,78866,78876,10
13.0141496658,80.2262573242,78876,78886,10
13.0139102936,80.2263870239,78886,78896,10
13.0131397247,80.2266921997,78896,78906,10
13.0121803284,80.2270584106,78906,78916,10
13.0109901428,80.2275390625,78916,78926,10
13.0098495483,80.2279815674,78926,78936,10
13.0089797974,80.2285003662,78936,78946,10
13.0088100433,80.2297515869,78946,78956,10
13.0085201263,80.2312393188,78956,78967,11
13.0084104538,80.2326126099,78967,78977,10
13.0079898834,80.235168457,78977,79419,442
13.0079898834,80.235168457,79419,79428,9
13.0184202194,80.2612991333,79428,79439,11
13.0190601349,80.2616882324,79439,79449,10
13.0198802948,80.2624969482,79449,79480,31
13.0198802948,80.2624969482,79480,79489,9
13.0220098495,80.263381958,79489,79500,11
13.0222797394,80.2634735107,79500,79510,10
13.0232601166,80.2641601563,79510,79519,9
13.024140358,80.2643203735,79519,79530,11
13.0249595642,80.264831543,79530,79540,10
13.0253400803,80.2651824951,79540,79550,10
13.0256996155,80.2656707764,79550,79560,10
13.0260896683,80.2660064697,79560,79570,10
13.0263795853,80.2657699585,79570,79580,10
13.0264396667,80.2651977539,79580,79590,10
13.0262403488,80.2643814087,79590,79600,10
13.0265197754,80.263923645,79600,79611,11
13.0265903473,80.2636032104,79611,79621,10
13.0268802643,80.263420105,79621,79631,10
13.0275497437,80.2635498047,79631,79641,10
13.0283098221,80.2637481689,79641,79651,10
13.0291595459,80.2640609741,79651,79661,10
13.0292301178,80.2643966675,79661,79671,10
13.0292196274,80.2650375366,79671,79681,10
13.0291996002,80.2658081055,79681,79691,10
13.0291900635,80.2661514282,79691,79701,10
13.0291500092,80.2663726807,79701,79711,10
13.0293397903,80.2666015625,79711,79722,11
13.0299100876,80.2666625977,79722,79732,10
13.0305099487,80.266746521,79732,79742,10
13.0311002731,80.2668991089,79742,79758,16
13.0322198868,80.2673797607,79758,79770,12
13.0325899124,80.267616272,79770,79779,9
13.0335102081,80.2678527832,79779,79800,21
13.0335102081,80.2678527832,79800,79810,10
13.0336503983,80.267906189,79810,79820,10
13.0345497131,80.2680282593,79820,79841,21
13.0345497131,80.2680282593,79841,79852,11
13.0344495773,80.268157959,79852,79862,10
13.0341596603,80.2680206299,79862,79872,10
13.0335798264,80.2678985596,79872,79882,10
13.0329704285,80.2677688599,79882,79892,10
13.0325298309,80.2675476074,79892,79902,10
13.0321598053,80.2673416138,79902,79912,10
13.0314903259,80.2670288086,79912,79922,10
13.0307197571,80.2667770386,79922,79932,10
13.0300502777,80.2666931152,79932,79943,11
13.0293502808,80.2665634155,79943,79953,10
13.0291900635,80.2665176392,79953,79963,10
13.0288600922,80.2663803101,79963,79973,10
13.0283298492,80.2663116455,79973,79983,10
13.0277204514,80.2661972046,79983,79993,10
13.0270996094,80.2661132813,79993,80003,10
13.0268001556,80.2660217285,80003,80013,10
13.0267801285,80.2659988403,80013,80023,10
13.0266304016,80.2659912109,80023,80033,10
13.0263204575,80.2659683228,80033,80044,11
13.026260376,80.2656097412,80044,82708,2664
13.026260376,80.2656097412,82708,82718,10
13.0262804031,80.2653808594,82718,82849,131
13.0263900757,80.2654495239,82849,83303,454
13.0263204575,80.2655410767,83303,83576,273
13.0263204575,80.2655410767,83576,83586,10
13.0263299942,80.2655715942,83586,85061,1475
13.0263299942,80.2655715942,85061,85071,10
13.0263700485,80.2652511597,85071,85081,10
13.0263996124,80.2649002075,85081,85091,10
13.0264501572,80.2645721436,85091,85101,10
13.0264902115,80.2642364502,85101,85111,10
13.0265398026,80.2637863159,85111,85121,10
13.0265703201,80.2634506226,85121,85131,10
13.0263004303,80.2633132935,85131,85141,10
13.0262403488,80.2632064819,85141,85151,10
13.0261497498,80.2630233765,85151,85162,11
13.0263204575,80.2633590698,85162,85172,10
13.026599884,80.263381958,85172,85182,10
13.0263996124,80.2640304565,85182,85192,10
13.0263299942,80.2645187378,85192,85202,10
13.0260696411,80.2651290894,85202,85212,10
13.0263795853,80.2654190063,85212,86110,898
13.0263795853,80.2654190063,86110,86120,10
13.0267400742,80.2662963867,86120,86130,10
13.0267496109,80.2662887573,86130,86140,10
13.026720047,80.2658462524,86140,86151,11
13.0266895294,80.2659072876,86151,86161,10
13.0267400742,80.2658996582,86161,86201,40
13.0267000198,80.2657012939,86201,86272,71
