13.098279953,80.2406005859,20,7761,7741
13.0983495712,80.2405776978,7761,8175,414
13.0983600616,80.2406311035,8175,15681,7506
13.0982503891,80.2408370972,15681,15782,101
13.0983200073,80.2407684326,15782,18802,3020
13.0982904434,80.2406768799,18802,18883,81
13.0982503891,80.2406997681,18883,19762,879
13.098279953,80.2406768799,19762,19974,212
13.098400116,80.2406234741,19974,21166,1192
13.098400116,80.2406234741,21166,21176,10
13.0987997055,80.240852356,21176,21186,10
13.0989999771,80.2410430908,21186,21196,10
13.0989303589,80.241317749,21196,21206,10
13.098859787,80.2415237427,21206,21287,81
13.098859787,80.2415237427,21287,21297,10
13.0988101959,80.2418212891,21297,21307,10
13.0987701416,80.2420501709,21307,21318,11
13.0987195969,80.2422180176,21318,21328,10
13.0984802246,80.2423324585,21328,21338,10
13.0980195999,80.2422485352,21338,21348,10
13.0975599289,80.2421875,21348,21358,10
13.0972003937,80.2420883179,21358,21368,10
13.0966796875,80.241897583,21368,21378,10
13.0959997177,80.2416763306,21378,21388,10
13.0953102112,80.2414627075,21388,21398,10
13.0947303772,80.241317749,21398,21408,10
13.0942201614,80.2412414551,21408,21419,11
13.0935602188,80.2410964966,21419,21429,10
13.0928897858,80.2410202026,21429,21439,10
13.0921602249,80.2409896851,21439,21449,10
13.0914297104,80.2409362793,21449,21459,10
13.0906000137,80.2409286499,21459,21469,10
13.0897397995,80.2410736084,21469,21479,10
13.0888996124,80.2416000366,21479,21489,10
13.0881700516,80.2421417236,21489,21499,10
13.0879201889,80.2428665161,21499,21509,10
13.0878000259,80.2433624268,21509,21520,11
13.0873804092,80.2438735962,21520,21530,10
13.0867500305,80.2444000244,21530,21540,10
13.0860500336,80.244972229,21540,21550,10
13.0856599808,80.2456512451,21550,21560,10
13.0857200623,80.2464370728,21560,21570,10
13.0857801437,80.2473068237,21570,21580,10
13.0858402252,80.2484588623,21580,21590,10
13.0859098434,80.2496032715,21590,21600,10
13.0858697891,80.2505111694,21600,21610,10
13.0857601166,80.2513198853,21610,21621,11
13.0856399536,80.2522506714,21621,21631,10
13.0855998993,80.2529983521,21631,21640,9
13.0855703354,80.2536468506,21640,21650,10
13.0855998993,80.2541275024,21650,21661,11
13.0855903625,80.2546310425,21661,21671,10
13.0855197906,80.2546920776,21671,21681,10
13.0851202011,80.254699707,21681,21691,10
13.0844297409,80.2546615601,21691,21701,10
13.0837097168,80.2545928955,21701,21711,10
13.0829696655,80.2544631958,21711,21722,11
13.0822401047,80.2544937134,21722,21732,10
13.0815496445,80.2548217773,21732,21742,10
13.0810203552,80.2548522949,21742,21752,10
13.0802698135,80.2547531128,21752,21762,10
13.0794200897,80.2546463013,21762,21772,10
13.079079628,80.2549514771,21772,21782,10
13.0790996552,80.2555923462,21782,21792,10
13.0791501999,80.256439209,21792,21802,10
13.0792398453,80.2573394775,21802,21812,10
13.0793504715,80.2584228516,21812,21823,11
13.0794897079,80.2595825195,21823,21833,10
13.0796899796,80.2606887817,21833,21843,10
13.0800504684,80.2616882324,21843,21853,10
13.0802698135,80.2627029419,21853,21863,10
13.0804195404,80.2633590698,21863,21873,10
13.0805101395,80.2637634277,21873,21883,10
13.0806598663,80.2644577026,21883,21893,10
13.0807695389,80.2649993896,21893,21903,10
13.0807695389,80.2656173706,21903,21913,10
13.0807504654,80.2664794922,21913,21924,11
13.0807304382,80.2676315308,21924,21934,10
13.0807600021,80.2687988281,21934,21944,10
13.0808200836,80.2700424194,21944,21954,10
13.0809898376,80.2710418701,21954,21963,9
13.0813503265,80.2714920044,21963,21974,11
13.0814800262,80.2721328735,21974,21984,10
13.0815296173,80.2727508545,21984,21994,10
13.0814599991,80.2734222412,21994,22004,10
13.081700325,80.2738876343,22004,22015,11
13.081990242,80.2741317749,22015,22025,10
13.0820302963,80.2746200562,22025,22035,10
13.0820503235,80.2750091553,22035,22045,10
13.0820598602,80.2752838135,22045,22055,10
13.0821199417,80.2755966187,22055,22075,20
13.0821199417,80.2755966187,22075,22085,10
13.0821399689,80.2758102417,22085,22106,21
13.0821399689,80.2758102417,22106,22117,11
13.0819301605,80.2759780884,22117,22126,9
13.0818195343,80.276260376,22126,22136,10
13.0818796158,80.2768630981,22136,22147,11
13.0819702148,80.2777709961,22147,22157,10
13.0820999146,80.2782897949,22157,22167,10
13.0821800232,80.279296875,22167,22177,10
13.0821800232,80.279296875,22177,22187,10
13.0822601318,80.2801589966,22187,22197,10
13.0823402405,80.2811889648,22197,22207,10
13.0824604034,80.281791687,22207,22218,11
13.0831804276,80.2822875977,22218,22228,10
13.0840196609,80.2827835083,22228,22238,10
13.0847702026,80.2833404541,22238,22248,10
13.0851697922,80.283706665,22248,22258,10
13.0854301453,80.2836685181,22258,22267,9
13.0854597092,80.2834091187,22267,22278,11
13.0854597092,80.2834014893,22278,22288,10
13.0854902267,80.2830810547,22288,22298,10
13.085559845,80.2826309204,22298,22308,10
13.0855302811,80.2823867798,22308,22319,11
13.0855503082,80.2822799683,22319,22329,10
13.0856304169,80.2818374634,22329,22339,10
13.085729599,80.2811737061,22339,22349,10
13.0856704712,80.2805633545,22349,22359,10
13.0855197906,80.2798309326,22359,22369,10
13.0848903656,80.2793197632,22369,22379,10
13.0840196609,80.2791671753,22379,22389,10
13.0832500458,80.2789230347,22389,22400,11
13.0824899673,80.2786026001,22400,22409,9
13.0819797516,80.2782363892,22409,22421,12
13.0818595886,80.2773895264,22421,22431,10
13.0817403793,80.2765426636,22431,22441,10
13.0816202164,80.2759475708,22441,22451,10
13.0816001892,80.2757720947,22451,22461,10
13.081580162,80.2755966187,22461,22471,10
13.0815496445,80.2752990723,22471,22481,10
13.0815496445,80.2750015259,22481,22491,10
13.0815401077,80.2747802734,22491,22501,10
13.0815095901,80.2746429443,22501,22511,10
13.081489563,80.2744216919,22511,22522,11
13.0814800262,80.2741928101,22522,22532,10
13.0814599991,80.2739486694,22532,22542,10
13.0814304352,80.2736434937,22542,22552,10
13.0813398361,80.2732772827,22552,22561,9
13.0813398361,80.2732391357,22561,22572,11
13.0813398361,80.2730865479,22572,22582,10
13.0813503265,80.2729492188,22582,22592,10
13.0814504623,80.2724914551,22592,22602,10
13.0813302994,80.2718429565,22602,22612,10
13.0811195374,80.2713394165,22612,22623,11
13.0808200836,80.2709197998,22623,22633,10
13.080739975,80.2702178955,22633,22643,10
13.0807800293,80.2693405151,22643,22653,10
13.0807800293,80.2683792114,22653,22663,10
13.0807199478,80.2675323486,22663,22673,10
13.0806903839,80.2665863037,22673,22683,10
13.0806798935,80.2654418945,22683,22734,51
13.0806798935,80.2654418945,22734,22744,10
13.080619812,80.2651519775,22744,22754,10
13.0805196762,80.2646102905,22754,22764,10
13.0803699493,80.2638397217,22764,22774,10
13.0802202225,80.2631378174,22774,22784,10
13.0799198151,80.2629089355,22784,22794,10
13.0794200897,80.2628707886,22794,22855,61
13.0794200897,80.2628707886,22855,22865,10
13.0796604156,80.2628097534,22865,22875,10
13.0799598694,80.262840271,22875,22885,10
13.080039978,80.262802124,22885,22895,10
13.0801000595,80.2626495361,22895,22905,10
13.0801000595,80.2623977661,22905,22916,11
13.0799303055,80.26171875,22916,22926,10
13.0796203613,80.2609786987,22926,22936,10
13.0794496536,80.2601165771,22936,22946,10
13.07929039,80.2591705322,22946,22956,10
13.0792198181,80.2580871582,22956,22966,10
13.0791196823,80.2570037842,22966,22976,10
13.0790395737,80.2563323975,22976,22986,10
13.0789699554,80.255531311,22986,22996,10
13.078909874,80.2547988892,22996,23006,10
13.0792798996,80.2545623779,23006,23017,11
13.079580307,80.2545471191,23017,23027,10
13.0797901154,80.2545700073,23027,23037,10
13.0802402496,80.2546234131,23037,23047,10
13.0808696747,80.2547225952,23047,23057,10
13.0815000534,80.2547531128,23057,23067,10
13.0817699432,80.2543334961,23067,23077,10
13.0818500519,80.2536773682,23077,23087,10
13.0817804337,80.2529830933,23087,23097,10
13.0814399719,80.2523193359,23097,23107,10
13.0813703537,80.2515335083,23107,23118,11
13.0813598633,80.2508621216,23118,23128,10
13.081319809,80.2502593994,23128,23138,10
13.0815200806,80.249671936,23138,23147,9
13.0821895599,80.2497406006,23147,23158,11
13.0831804276,80.2498703003,23158,23168,10
13.0841798782,80.250038147,23168,23178,10
13.0846595764,80.2501525879,23178,23188,10
13.084810257,80.2501831055,23188,23198,10
13.0849199295,80.2501983643,23198,23208,10
13.0851802826,80.2502365112,23208,23219,11
13.0856800079,80.2502975464,23219,23229,10
13.0859003067,80.2501831055,23229,23239,10
13.0859098434,80.2497177124,23239,23249,10
13.0858697891,80.2490081787,23249,23259,10
13.0858297348,80.2481536865,23259,23269,10
13.0858001709,80.2471389771,23269,23279,10
13.0857200623,80.2461166382,23279,23289,10
13.0856599808,80.2453765869,23289,23299,10
13.0859699249,80.2449798584,23299,23309,10
13.086520195,80.2445220947,23309,23320,11
13.0873203278,80.2438278198,23320,23330,10
13.0878295898,80.2430801392,23330,23340,10
13.0880298615,80.2421722412,23340,23350,10
13.0887804031,80.2416229248,23350,23360,10
13.0895500183,80.2410812378,23360,23369,9
13.0904197693,80.2408218384,23369,23380,11
13.0915699005,80.2408599854,23380,23390,10
13.092499733,80.2409210205,23390,23400,10
13.0933904648,80.2409973145,23400,23410,10
13.0941095352,80.2411193848,23410,23421,11
13.0943002701,80.2411499023,23421,23431,10
13.0946798325,80.2412185669,23431,23441,10
13.094909668,80.2412796021,23441,23451,10
13.095290184,80.2414016724,23451,23461,10
13.0959100723,80.241607666,23461,23471,10
13.0965299606,80.2418365479,23471,23481,10
13.0971603394,80.2420196533,23481,23491,10
13.0974197388,80.2419204712,23491,23501,10
13.0975103378,80.2415008545,23501,23511,10
13.0975999832,80.2408905029,23511,23522,11
13.0976696014,80.2401580811,23522,23531,9
13.0977201462,80.239616394,23531,23542,11
13.0977697372,80.2389984131,23542,23552,10
13.0978603363,80.2384796143,23552,23562,10
13.0979604721,80.2378311157,23562,23572,10
13.0980796814,80.2369613647,23572,23582,10
13.0982503891,80.2360687256,23582,23592,10
13.0983600616,80.2353973389,23592,23602,10
13.0984601974,80.2348403931,23602,23612,10
13.0985002518,80.2347564697,23612,23623,11
13.0985202789,80.234336853,23623,23633,10
13.0985603333,80.2337722778,23633,23643,10
13.0986604691,80.2330932617,23643,23653,10
13.0988101959,80.2323379517,23653,23663,10
13.0988998413,80.2320632935,23663,23673,10
13.098950386,80.2319717407,23673,23683,10
13.0991201401,80.231552124,23683,23693,10
13.0993795395,80.2309494019,23693,23703,10
13.0995998383,80.2302474976,23703,23713,10
13.0996999741,80.229888916,23713,23724,11
13.099729538,80.2297592163,23724,23734,10
13.0997200012,80.2296218872,23734,23744,10
13.099820137,80.2292175293,23744,23754,10
13.0999298096,80.2285308838,23754,23764,10
13.1000299454,80.2276611328,23764,23774,10
13.1000003815,80.2267227173,23774,23784,10
13.0999002457,80.2254104614,23784,23804,20
13.0999002457,80.2254104614,23804,23815,11
13.0998497009,80.2250900269,23815,23825,10
13.0996999741,80.2245483398,23825,23834,9
13.0994701385,80.2239685059,23834,23845,11
13.0992603302,80.2236404419,23845,23855,10
13.099029541,80.2233123779,23855,23865,10
13.0988397598,80.2230606079,23865,23875,10
13.0987300873,80.2227401733,23875,23885,10
13.098739624,80.2221679688,23885,23895,10
13.0987901688,80.2214431763,23895,23905,10
13.0989599228,80.2205276489,23905,23916,11
13.0991201401,80.2195587158,23916,23925,9
13.0992002487,80.2191925049,23925,23936,11
13.0993003845,80.2185974121,23936,23946,10
13.0993795395,80.2178878784,23946,23956,10
13.0995798111,80.2170181274,23956,23966,10
13.0999097824,80.2161865234,23966,23976,10
13.1001396179,80.2156829834,23976,23986,10
13.1002101898,80.2154998779,23986,23996,10
13.1003198624,80.2152175903,23996,24005,9
13.1005001068,80.21484375,24005,24017,12
13.100520134,80.2147979736,24017,24027,10
13.1006498337,80.2144699097,24027,24037,10
13.1008796692,80.2140197754,24037,24047,10
13.1011600494,80.2134170532,24047,24057,10
13.1014604568,80.2126464844,24057,24067,10
13.1017503738,80.2117767334,24067,24077,10
13.1020698547,80.2109069824,24077,24087,10
13.1024103165,80.2099304199,24087,24097,10
13.1025800705,80.209312439,24097,24107,10
13.1027603149,80.2087936401,24107,24118,11
13.1027898788,80.2086868286,24118,24128,10
13.1029100418,80.2083892822,24128,24138,10
13.1030597687,80.2079696655,24138,24148,10
13.103219986,80.2074432373,24148,24158,10
13.1033496857,80.2071914673,24158,24168,10
13.1035604477,80.2066879272,24168,24178,10
13.1038103104,80.2060623169,24178,24188,10
13.1038303375,80.2051925659,24188,24198,10
13.1038103104,80.2042770386,24198,24208,10
13.1036396027,80.2034683228,24208,24219,11
13.1035604477,80.2030487061,24219,24229,10
13.1035404205,80.2024383545,24229,24239,10
13.1034202576,80.2015991211,24239,24269,30
13.1034202576,80.2015991211,24269,24279,10
13.1034402847,80.2014083862,24279,24289,10
13.1033697128,80.2009735107,24289,24299,10
13.1033201218,80.2004394531,24299,24309,10
13.1032304764,80.1997070313,24309,24320,11
13.1031799316,80.1993179321,24320,24330,10
13.1030597687,80.1987380981,24330,24340,10
13.1028995514,80.1980361938,24340,24350,10
13.1027097702,80.1974029541,24350,24360,10
13.1025295258,80.1968383789,24360,24370,10
13.1023702621,80.1963577271,24370,24380,10
13.1021995544,80.1958465576,24380,24390,10
13.1020402908,80.195350647,24390,24400,10
13.1018800735,80.1948776245,24400,24410,10
13.1017503738,80.1946563721,24410,24421,11
13.1015195847,80.1942596436,24421,24431,10
13.1017904282,80.1937026978,24431,24441,10
13.1017599106,80.1928787231,24441,24451,10
13.1015796661,80.1918411255,24451,24461,10
13.1013898849,80.1908187866,24461,24471,10
13.1011295319,80.1901397705,24471,24481,10
13.1010904312,80.1900100708,24481,24491,10
13.1010398865,80.1898574829,24491,24501,10
13.1008195877,80.1893768311,24501,24511,10
13.1004695892,80.1887969971,24511,24522,11
13.1001796722,80.1881790161,24522,24531,9
13.0999698639,80.1875991821,24531,24542,11
13.0998001099,80.1870117188,24542,24552,10
13.099650383,80.1863479614,24552,24562,10
13.0994997025,80.1855697632,24562,24571,9
13.0993299484,80.1847763062,24571,24582,11
13.0990495682,80.1838684082,24582,24592,10
13.0987997055,80.1830062866,24592,24602,10
13.0984601974,80.1817703247,24602,24623,21
13.0984601974,80.1817703247,24623,24633,10
13.098400116,80.1815185547,24633,24643,10
13.0982599258,80.1810073853,24643,24653,10
13.0980796814,80.1802902222,24653,24663,10
13.0979299545,80.179649353,24663,24673,10
13.0978298187,80.1789627075,24673,24683,10
13.0978298187,80.1781616211,24683,24693,10
13.0978603363,80.1773071289,24693,24703,10
13.0980596542,80.1764373779,24703,24713,10
13.09815979,80.1756134033,24713,24724,11
13.098279953,80.1746673584,24724,24734,10
13.0985803604,80.1737976074,24734,24743,9
13.098950386,80.1729431152,24743,24754,11
13.0993499756,80.1717605591,24754,24764,10
13.0996198654,80.1709289551,24764,24774,10
13.0997600555,80.1696472168,24774,24794,20
13.0997600555,80.1696472168,24794,24804,10
13.0998401642,80.1694564819,24804,24814,10
13.0999097824,80.1689376831,24814,24825,11
13.0999498367,80.1681594849,24825,24835,10
13.1000204086,80.1673278809,24835,24845,10
13.1002101898,80.1664276123,24845,24855,10
13.1005802155,80.165512085,24855,24865,10
13.100859642,80.1645736694,24865,24875,10
13.1011400223,80.1637115479,24875,24885,10
13.1013002396,80.1629562378,24885,24895,10
13.1013402939,80.1622924805,24895,24905,10
13.1013402939,80.1621780396,24905,24916,11
13.1013402939,80.1621398926,24916,24926,10
13.1014003754,80.1617431641,24926,24936,10
13.1014204025,80.1610870361,24936,24946,10
13.1014099121,80.1602783203,24946,24956,10
13.101650238,80.1594619751,24956,24966,10
13.1023797989,80.1587600708,24966,24975,9
13.1030702591,80.1580810547,24975,24986,11
13.1035203934,80.1569213867,24986,24996,10
13.1037902832,80.1557388306,24996,25006,10
13.104060173,80.1546020508,25006,25017,11
13.1044197083,80.1534500122,25017,25027,10
13.1048803329,80.1527175903,25027,25037,10
13.1050701141,80.152557373,25037,25047,10
13.1054000854,80.1523666382,25047,25057,10
13.1060400009,80.1522674561,25057,25067,10
13.1068201065,80.1522598267,25067,25077,10
13.1074399948,80.1522369385,25077,25087,10
13.1081495285,80.1522064209,25087,25097,10
13.1089496613,80.1521911621,25097,25107,10
13.1097297668,80.1522369385,25107,25118,11
13.1104202271,80.1520614624,25118,25128,10
13.1110696793,80.1517028809,25128,25138,10
13.1116504669,80.1511611938,25138,25148,10
13.1117801666,80.1510162354,25148,25158,10
13.1119098663,80.1508636475,25158,25168,10
13.1121997833,80.1505432129,25168,25178,10
13.1126899719,80.1502380371,25178,25188,10
13.1131401062,80.1496963501,25188,25198,10
13.1133298874,80.1489181519,25198,25208,10
13.1137695313,80.1483612061,25208,25219,11
13.1145000458,80.1480865479,25219,25229,10
13.1152801514,80.1478424072,25229,25238,9
13.1161603928,80.1479492188,25238,25249,11
13.1170196533,80.148727417,25249,25259,10
13.1175699234,80.1493530273,25259,25269,10
13.1181001663,80.1495819092,25269,25279,10
13.118470192,80.1496734619,25279,25289,10
13.1189498901,80.1497802734,25289,25299,10
13.1196098328,80.1498336792,25299,25309,10
13.1202697754,80.1493530273,25309,25320,11
13.1208295822,80.1488418579,25320,25330,10
13.1214103699,80.1483764648,25330,25340,10
13.1218204498,80.1478424072,25340,25350,10
13.1218395233,80.1478118896,25350,25360,10
13.1218996048,80.1477508545,25360,25370,10
13.1221103668,80.1474075317,25370,25380,10
13.1224498749,80.1468200684,25380,25390,10
13.1228904724,80.1460800171,25390,25400,10
13.1233100891,80.145362854,25400,25410,10
13.1238002777,80.1445999146,25410,25421,11
13.1242303848,80.1438598633,25421,25431,10
13.1246204376,80.1432418823,25431,25441,10
13.125120163,80.142539978,25441,25451,10
13.1256799698,80.1416320801,25451,25461,10
13.1264696121,80.1408996582,25461,25471,10
13.127289772,80.140296936,25471,25481,10
13.1280298233,80.1397399902,25481,25491,10
13.1286001205,80.1392822266,25491,25501,10
13.1287698746,80.1391601563,25501,25511,10
13.1290903091,80.1389389038,25511,25522,11
13.1295404434,80.1385803223,25522,25532,10
13.1300201416,80.1380691528,25532,25542,10
13.1302499771,80.1376190186,25542,25552,10
13.1303396225,80.1372299194,25552,25562,10
13.1304397583,80.1366882324,25562,25572,10
13.1305503845,80.1360168457,25572,25582,10
13.1306400299,80.1352310181,25582,25592,10
13.1307201385,80.1344223022,25592,25602,10
13.1307201385,80.1335601807,25602,25613,11
13.1307401657,80.132522583,25613,25623,10
13.1307401657,80.1316070557,25623,25633,10
13.1307497025,80.1307678223,25633,25643,10
13.1308298111,80.1301803589,25643,25653,10
13.1308298111,80.1301727295,25653,25663,10
13.1308603287,80.1300964355,25663,25673,10
13.1309499741,80.1297225952,25673,25683,10
13.1311197281,80.1290893555,25683,25693,10
13.1313199997,80.1283035278,25693,25703,10
13.1313199997,80.1273727417,25703,25714,11
13.13078022,80.1263427734,25714,25724,10
13.1301698685,80.125579834,25724,25734,10
13.1295604706,80.1248626709,25734,25744,10
13.1289100647,80.1240921021,25744,25754,10
13.1282901764,80.1233901978,25754,25764,10
13.127579689,80.1225662231,25764,25774,10
13.126950264,80.1218032837,25774,25784,10
13.1263103485,80.1209564209,25784,25794,10
13.1260700226,80.1200180054,25794,25804,10
13.1259002686,80.1194610596,25804,25815,11
13.1256799698,80.1187515259,25815,25825,10
13.1254196167,80.1180877686,25825,25835,10
13.1253995895,80.1179962158,25835,25845,10
13.1253099442,80.1177368164,25845,25855,10
13.1251096725,80.1172103882,25855,25865,10
13.1248397827,80.1165008545,25865,25875,10
13.124540329,80.1157226563,25875,25885,10
13.1242799759,80.1150512695,25885,25895,10
13.1240901947,80.1145095825,25895,25905,10
13.1239299774,80.1139984131,25905,25916,11
13.123550415,80.112991333,25916,25926,10
13.1233301163,80.1120910645,25926,25936,10
13.1232204437,80.1110992432,25936,25946,10
13.1228904724,80.1101226807,25946,25956,10
13.1222200394,80.1092224121,25956,25965,9
13.1217002869,80.1085510254,25965,25976,11
13.1205396652,80.1074066162,25976,25986,10
13.1200504303,80.1062011719,25986,25996,10
13.119720459,80.1049575806,25996,26006,10
13.1196298599,80.1037979126,26006,26017,11
13.119600296,80.1030502319,26017,26027,10
13.1196403503,80.1026763916,26027,26037,10
13.1196603775,80.1024398804,26037,26046,9
13.1197004318,80.1022872925,26046,26057,11
13.1197299957,80.1019821167,26057,26067,10
13.1198997498,80.1017379761,26067,26077,10
13.1199598312,80.1020965576,26077,26744,667
13.1199598312,80.1020965576,26744,26754,10
13.1198196411,80.1024627686,26754,26764,10
13.1197395325,80.1025390625,26764,26774,10
13.119720459,80.1028366089,26774,26784,10
13.1196899414,80.1033096313,26784,26794,10
13.119720459,80.1038894653,26794,26804,10
13.1197500229,80.104598999,26804,26815,11
13.1198997498,80.1055221558,26815,26825,10
13.1202001572,80.1064376831,26825,26835,10
13.1206302643,80.1074523926,26835,26845,10
13.1214799881,80.1082611084,26845,26855,10
13.1222600937,80.1091766357,26855,26865,10
13.1229801178,80.1101379395,26865,26875,10
13.1233100891,80.1112365723,26875,26885,10
13.123459816,80.1123886108,26885,26895,10
13.123749733,80.1133880615,26895,26905,10
13.1239995956,80.1140594482,26905,26916,11
13.1243000031,80.1148834229,26916,26926,10
13.12458992,80.1156616211,26926,26936,10
13.1249504089,80.116607666,26936,26946,10
13.1252202988,80.1173019409,26946,26956,10
13.1254796982,80.1179428101,26956,26966,10
13.1256999969,80.1185302734,26966,26976,10
13.1257200241,80.1186218262,26976,26986,10
13.1258096695,80.118888855,26986,26996,10
13.1260204315,80.1195907593,26996,27007,11
13.1262598038,80.1205215454,27007,27017,10
13.1266803741,80.1214294434,27017,27027,10
13.1274003983,80.1222763062,27027,27037,10
13.1281604767,80.1231613159,27037,27047,10
13.1288404465,80.1239471436,27047,27057,10
13.1294403076,80.1246337891,27057,27067,10
13.1300096512,80.1253433228,27067,27077,10
13.1303396225,80.1257629395,27077,27087,10
13.1305799484,80.1260681152,27087,27097,10
13.1309204102,80.1265182495,27097,27108,11
13.1313695908,80.1270980835,27108,27118,10
13.1315097809,80.1278381348,27118,27128,10
13.1312999725,80.1286392212,27128,27138,10
13.1310596466,80.1295471191,27138,27148,10
13.1308698654,80.1304397583,27148,27158,10
13.1308002472,80.1312866211,27158,27168,10
13.13078022,80.1320877075,27168,27178,10
13.1307697296,80.1330184937,27178,27198,20
13.1307697296,80.1330184937,27198,27209,11
13.1307601929,80.1333694458,27209,27219,10
13.1307601929,80.1338577271,27219,27229,10
13.1307401657,80.1346664429,27229,27239,10
13.1305904388,80.1358413696,27239,27249,10
13.1304998398,80.1364974976,27249,27259,10
13.1303596497,80.1373214722,27259,27268,9
13.1300497055,80.1381225586,27268,27279,11
13.1291799545,80.1389389038,27279,27289,10
13.1283998489,80.1395263672,27289,27299,10
13.1275396347,80.1401901245,27299,27310,11
13.1264801025,80.1409683228,27310,27320,10
13.1256504059,80.1417922974,27320,27330,10
13.1250696182,80.1427230835,27330,27340,10
13.1246595383,80.1433792114,27340,27350,10
13.1243095398,80.1439590454,27350,27360,10
13.1238698959,80.1446533203,27360,27370,10
13.1234397888,80.1453323364,27370,27380,10
13.1229896545,80.1460800171,27380,27390,10
13.1225996017,80.1467437744,27390,27400,10
13.1224803925,80.1474304199,27400,27411,11
13.1226501465,80.1482467651,27411,27421,10
13.1225500107,80.1486434937,27421,27431,10
13.122010231,80.1485366821,27431,27441,10
13.1212797165,80.1486206055,27441,27451,10
13.1205797195,80.1490783691,27451,27461,10
13.1199998856,80.1496963501,27461,27471,10
13.1196098328,80.1501922607,27471,27501,30
13.1196098328,80.1501922607,27501,27512,11
13.1194696426,80.1501235962,27512,27522,10
13.1193304062,80.1499023438,27522,27532,10
13.1189899445,80.1498184204,27532,27542,10
13.1184301376,80.1497116089,27542,27552,10
13.1179103851,80.149597168,27552,27562,10
13.117480278,80.1493530273,27562,27572,10
13.1170501709,80.1489105225,27572,27582,10
13.116519928,80.1483612061,27582,27592,10
13.1156797409,80.1479263306,27592,27602,10
13.1148796082,80.1480331421,27602,27613,11
13.1141195297,80.1482772827,27613,27623,10
13.1134796143,80.1486816406,27623,27633,10
13.113240242,80.1494979858,27633,27643,10
13.1129302979,80.1501998901,27643,27653,10
13.1123504639,80.1505203247,27653,27663,10
13.1119403839,80.1509170532,27663,27673,10
13.1116199493,80.1513290405,27673,27683,10
13.1110801697,80.151802063,27683,27693,10
13.1104803085,80.1521377563,27693,27704,11
13.1102800369,80.1523284912,27704,27714,10
13.1102199554,80.1523513794,27714,27724,10
13.1099700928,80.15234375,27724,27734,10
13.1097002029,80.1522827148,27734,27744,10
13.1093997955,80.1522598267,27744,27754,10
13.1091299057,80.1522369385,27754,27764,10
13.1087198257,80.1522216797,27764,27774,10
13.1081800461,80.1522598267,27774,27784,10
13.1075897217,80.1522827148,27784,27793,9
13.1071996689,80.1522979736,27793,27805,12
13.1061000824,80.1523590088,27805,27834,29
13.1061000824,80.1523590088,27834,27845,11
13.1058197021,80.1523666382,27845,27855,10
13.1053304672,80.1524963379,27855,27865,10
13.1048603058,80.1529006958,27865,27875,10
13.1044597626,80.1535110474,27875,27885,10
13.1041603088,80.1543273926,27885,27895,10
13.1039400101,80.1552963257,27895,27906,11
13.103679657,80.156463623,27906,27916,10
13.1034202576,80.1574935913,27916,27926,10
13.1029701233,80.1583099365,27926,27936,10
13.1024599075,80.158782959,27936,27946,10
13.1020402908,80.1591796875,27946,27956,10
13.1015796661,80.1596908569,27956,27966,10
13.1014604568,80.1604766846,27966,27976,10
13.1014900208,80.1613693237,27976,27986,10
13.1015701294,80.1619567871,27986,28007,21
13.1015701294,80.1619567871,28007,28017,10
13.101559639,80.1621398926,28017,28027,10
13.1014604568,80.1625289917,28027,28037,10
13.1014299393,80.1626586914,28037,28047,10
13.1013698578,80.1631011963,28047,28057,10
13.1012096405,80.1636962891,28057,28067,10
13.100979805,80.1644210815,28067,28077,10
13.1007003784,80.1652526855,28077,28087,10
13.1004199982,80.1661834717,28087,28097,10
13.1001501083,80.1671905518,28097,28108,11
13.1000499725,80.1683425903,28108,28118,10
13.0999498367,80.1690826416,28118,28128,10
13.0998802185,80.1697616577,28128,28138,10
13.0998401642,80.1700592041,28138,28148,10
13.0998401642,80.1700668335,28148,28158,10
13.0998296738,80.1703033447,28158,28168,10
13.0997400284,80.1707077026,28168,28178,10
13.0996303558,80.1711425781,28178,28209,31
13.0996303558,80.1711425781,28209,28219,10
13.0995397568,80.1714096069,28219,28229,10
13.0993700027,80.1719436646,28229,28239,10
13.0991296768,80.1726226807,28239,28249,10
13.0988197327,80.1733932495,28249,28259,10
13.0984601974,80.1742706299,28259,28269,10
13.0981998444,80.1752090454,28269,28279,10
13.09815979,80.1759414673,28279,28289,10
13.0980195999,80.1766815186,28289,28299,10
13.0979003906,80.1775588989,28299,28310,11
13.0978603363,80.1785812378,28310,28320,10
13.0979299545,80.1794815063,28320,28330,10
13.0981397629,80.1803512573,28330,28340,10
13.0983104706,80.1809463501,28340,28380,40
13.0983104706,80.1809463501,28380,28390,10
13.0983600616,80.1812210083,28390,28400,10
13.0984697342,80.181640625,28400,28411,11
13.0986204147,80.1823577881,28411,28421,10
13.0988197327,80.1831588745,28421,28431,10
13.0991001129,80.1840515137,28431,28441,10
13.0993795395,80.1849594116,28441,28451,10
13.0995903015,80.1858062744,28451,28461,10
13.0997800827,80.1865386963,28461,28471,10
13.0999002457,80.1871185303,28471,28481,10
13.1000900269,80.1877670288,28481,28491,10
13.1003398895,80.1884307861,28491,28501,10
13.1007299423,80.1890487671,28501,28512,11
13.1013298035,80.189781189,28512,28532,20
13.1013298035,80.189781189,28532,28542,10
13.1013803482,80.1900863647,28542,28552,10
13.1015195847,80.1906509399,28552,28562,10
13.1016302109,80.1912765503,28562,28572,10
13.1017198563,80.1918029785,28572,28582,10
13.1017999649,80.1922531128,28582,28592,10
13.1018695831,80.1927032471,28592,28603,11
13.101940155,80.1931610107,28603,28613,10
13.1020002365,80.1935882568,28613,28623,10
13.1021795273,80.1940536499,28623,28633,10
13.1021203995,80.1945495605,28633,28643,10
13.1020698547,80.1949996948,28643,28653,10
13.1022796631,80.1956634521,28653,28663,10
13.1026201248,80.196647644,28663,28673,10
13.10297966,80.1977996826,28673,28683,10
13.1031599045,80.1987991333,28683,28693,10
13.1032304764,80.1992034912,28693,28704,11
13.1033201218,80.1997909546,28704,28714,10
13.1034202576,80.2005081177,28714,28724,10
13.1035003662,80.2013168335,28724,28734,10
13.1035995483,80.2022094727,28734,28744,10
13.103679657,80.20287323,28744,28754,10
13.103679657,80.2029037476,28754,28764,10
13.103679657,80.2030792236,28764,28774,10
13.1037197113,80.2034912109,28774,28784,10
13.1038103104,80.2040176392,28784,28794,10
13.1038599014,80.2045974731,28794,28805,11
13.1038599014,80.2054214478,28805,28815,10
13.1038103104,80.2062225342,28815,28825,10
13.1034603119,80.2070236206,28825,28835,10
13.1031398773,80.2078323364,28835,28855,20
13.1031398773,80.2078323364,28855,28865,10
13.1030397415,80.2080993652,28865,28875,10
13.1028499603,80.208656311,28875,28885,10
13.1027002335,80.2091598511,28885,28895,10
13.1026096344,80.2093963623,28895,28905,10
13.1024904251,80.2097473145,28905,28916,11
13.1022701263,80.2103424072,28916,28926,10
13.1020803452,80.2109909058,28926,28936,10
13.1019296646,80.2114105225,28936,28946,10
13.1016998291,80.212020874,28946,28956,10
13.1014299393,80.2127227783,28956,28966,10
13.1011800766,80.2133712769,28966,28986,20
13.1011800766,80.2133712769,28986,28997,11
13.101099968,80.2135391235,28997,29007,10
13.1009397507,80.2139434814,29007,29017,10
13.1007299423,80.2145385742,29017,29027,10
13.1004600525,80.215133667,29027,29037,10
13.0997896194,80.2166976929,29037,29047,10
13.0997896194,80.2166976929,29047,29057,10
13.0995798111,80.217590332,29057,29067,10
13.0993795395,80.2186126709,29067,29077,10
13.0992603302,80.2193222046,29077,29087,10
13.0991697311,80.2198104858,29087,29098,11
13.0990400314,80.2205276489,29098,29108,10
13.0988798141,80.2213516235,29108,29119,11
13.0987901688,80.2222290039,29119,29129,10
13.0989704132,80.2230987549,29129,29139,10
13.0995798111,80.2239990234,29139,29150,11
13.099820137,80.2247390747,29150,29160,10
13.1000003815,80.2256774902,29160,29170,10
13.1000003815,80.2257003784,29170,29180,10
13.1000204086,80.2258987427,29180,29190,10
13.100060463,80.2264022827,29190,29202,12
13.1000900269,80.2271118164,29202,29212,10
13.1000499725,80.2279891968,29212,29222,10
13.0999803543,80.2285308838,29222,29232,10
13.0998897552,80.2292327881,29232,29242,10
13.0996999741,80.2300262451,29242,29252,10
13.0995798111,80.2305603027,29252,29262,10
13.0995702744,80.2305679321,29262,29272,10
13.0995101929,80.2307128906,29272,29282,10
13.0994100571,80.2309494019,29282,29292,10
13.0993499756,80.2310791016,29292,29303,11
13.0991201401,80.2315597534,29303,29313,10
13.0988903046,80.2321929932,29313,29322,9
13.0987300873,80.2329025269,29322,29333,11
13.0986204147,80.2336425781,29333,29343,10
13.09856987,80.2342300415,29343,29363,20
13.09856987,80.2342300415,29363,29373,10
13.0985403061,80.2345199585,29373,29383,10
13.0985097885,80.2348327637,29383,29393,10
13.0984401703,80.2353591919,29393,29404,11
13.0983104706,80.2361526489,29404,29414,10
13.0981998444,80.2367706299,29414,29423,9
13.0980997086,80.2374420166,29423,29434,11
13.0979003906,80.2382965088,29434,29444,10
13.0978002548,80.2390594482,29444,29454,10
13.0977697372,80.2394485474,29454,29464,10
13.0977401733,80.239982605,29464,29474,10
13.0976800919,80.2407073975,29474,29484,10
13.0975599289,80.2416000366,29484,29494,10
13.0974502563,80.2420730591,29494,29505,11
13.0971698761,80.2421035767,29505,29515,10
13.0967798233,80.2419815063,29515,29525,10
13.0961999893,80.2417831421,29525,29535,10
13.0956001282,80.2415771484,29535,29545,10
13.0953502655,80.2414703369,29545,29555,10
13.0950899124,80.2414016724,29555,29565,10
13.0947303772,80.241317749,29565,29575,10
13.0944499969,80.2412414551,29575,29585,10
13.0939598083,80.2411575317,29585,29595,10
13.0936002731,80.2410964966,29595,29616,21
13.0936002731,80.2410964966,29616,29626,10
13.093460083,80.2410736084,29626,29636,10
13.0930700302,80.2410125732,29636,29646,10
13.0925703049,80.2409667969,29646,29656,10
13.0919399261,80.2409667969,29656,29666,10
13.0910997391,80.2409133911,29666,29676,10
13.0902099609,80.2409133911,29676,29686,10
13.0893802643,80.2412872314,29686,29696,10
13.0887403488,80.2417373657,29696,29707,11
13.0879602432,80.2426605225,29707,29717,10
13.0878696442,80.2430801392,29717,29727,10
13.0878295898,80.243270874,29727,29737,10
13.0876197815,80.2436065674,29737,29747,10
13.0872001648,80.2440032959,29747,29757,10
13.0867004395,80.244468689,29757,29767,10
13.0862703323,80.2447967529,29767,29777,10
13.0858802795,80.2450790405,29777,29787,10
13.085729599,80.245262146,29787,29798,11
13.0856895447,80.2457427979,29798,29808,10
13.0857200623,80.2462768555,29808,29818,10
13.0857601166,80.246963501,29818,29828,10
13.0857896805,80.2478637695,29828,29838,10
13.0858602524,80.2488632202,29838,29848,10
13.0859203339,80.2499008179,29848,29858,10
13.085940361,80.2502593994,29858,29868,10
13.0858802795,80.2506027222,29868,29878,10
13.0857896805,80.2511672974,29878,29888,10
13.0857095718,80.2518615723,29888,29899,11
13.0856199265,80.252456665,29899,29909,10
13.085559845,80.2530670166,29909,29919,10
13.0855798721,80.2539596558,29919,29949,30
13.0855798721,80.2539596558,29949,29959,10
13.0856103897,80.2542037964,29959,29969,10
13.0856103897,80.2546234131,29969,29979,10
13.0854501724,80.2547073364,29979,29989,10
13.0850000381,80.2546463013,29989,30000,11
13.0842399597,80.2545700073,30000,30009,9
13.0836496353,80.2545013428,30009,30020,11
13.0829000473,80.2544631958,30020,30030,10
13.0823202133,80.254447937,30030,30040,10
13.0818595886,80.2547073364,30040,30050,10
13.0809497833,80.2548065186,30050,30070,20
13.0809497833,80.2548065186,30070,30080,10
13.0805196762,80.2547531128,30080,30090,10
13.0799198151,80.2546386719,30090,30101,11
13.079199791,80.2546768188,30101,30111,10
13.079079628,80.2546920776,30111,30121,10
13.0789699554,80.2548980713,30121,30131,10
13.0790300369,80.2555389404,30131,30141,10
13.0791196823,80.2563171387,30141,30151,10
13.0792198181,80.2571792603,30151,30161,10
13.0793199539,80.258140564,30161,30171,10
13.0794200897,80.2591629028,30171,30181,10
13.079580307,80.2602996826,30181,30191,10
13.0799303055,80.261428833,30191,30202,11
13.0802602768,80.2625579834,30202,30222,20
13.0802602768,80.2625579834,30222,30232,10
13.080280304,80.2626419067,30232,30242,10
13.0803403854,80.2629394531,30242,30252,10
13.0804901123,80.263381958,30252,30261,9
13.0804901123,80.2634124756,30261,30272,11
13.0805101395,80.263671875,30272,30282,10
13.0806398392,80.2642364502,30282,30292,10
13.0807695389,80.2649688721,30292,30303,11
13.0808000565,80.2658615112,30303,30313,10
13.080739975,80.2667007446,30313,30323,10
13.0807304382,80.2674026489,30323,30333,10
13.0807304382,80.2679367065,30333,30343,10
13.0807600021,80.268661499,30343,30352,9
13.0807695389,80.2694168091,30352,30363,11
13.0807695389,80.2699966431,30363,30373,10
13.0808200836,80.2706375122,30373,30383,10
13.0811100006,80.2712631226,30383,30393,10
13.0814304352,80.2718429565,30393,30404,11
13.081580162,80.2725601196,30404,30413,9
13.0814399719,80.2730331421,30413,30424,11
13.0815000534,80.2735824585,30424,30434,10
13.0818901062,80.2740097046,30434,30444,10
13.0820302963,80.2746429443,30444,30454,10
13.0820503235,80.275062561,30454,30463,9
13.0820798874,80.2754516602,30463,30474,11
13.0821304321,80.2758102417,30474,30494,20
13.0821304321,80.2758102417,30494,30505,11
13.0819797516,80.2759780884,30505,30515,10
13.0818195343,80.2761611938,30515,30525,10
13.0818595886,80.2766799927,30525,30535,10
13.0819196701,80.2774276733,30535,30545,10
13.0820903778,80.278137207,30545,30565,20
13.0820903778,80.278137207,30565,30575,10
13.0821695328,80.2781524658,30575,30585,10
13.0821800232,80.2784805298,30585,30595,10
13.0822000504,80.2788696289,30595,30605,10
13.0822401047,80.2794876099,30605,30616,11
13.0823202133,80.2804412842,30616,30626,10
13.0823898315,80.2813415527,30626,30636,10
13.082570076,80.2818603516,30636,30646,10
13.0832395554,80.2822418213,30646,30656,10
13.0840101242,80.2827224731,30656,30666,10
13.0845804214,80.2831497192,30666,30676,10
13.0850095749,80.2836227417,30676,30686,10
13.0853595734,80.2836914063,30686,30696,10
13.0854501724,80.2832870483,30696,30727,31
13.0854501724,80.2832870483,30727,30737,10
13.0854997635,80.2828979492,30737,30747,10
13.085559845,80.2826385498,30747,30848,101
13.085559845,80.2826385498,30848,30858,10
13.0855798721,80.282333374,30858,31393,535
13.085559845,80.2823028564,31393,31445,52
13.0855703354,80.2824020386,31445,31678,233
13.085439682,80.2824707031,31678,31821,143
13.085439682,80.2824707031,31821,31831,10
13.0854997635,80.2822570801,31831,31841,10
13.0855798721,80.2818832397,31841,31851,10
13.0856199265,80.2817382813,31851,31861,10
13.0856800079,80.2814178467,31861,31871,10
13.0857496262,80.281036377,31871,31880,9
13.0857095718,80.2806930542,31880,31891,11
13.0855998993,80.2801589966,31891,31902,11
13.0852804184,80.2794799805,31902,31912,10
13.0845899582,80.2792434692,31912,31922,10
13.0840501785,80.2791519165,31922,31932,10
13.0835103989,80.279006958,31932,31942,10
13.0823402405,80.2785110474,31942,32013,71
13.0823402405,80.2785110474,32013,32023,10
13.0819997787,80.2782363892,32023,32033,10
13.0819196701,80.2777023315,32033,32043,10
13.0818195343,80.2769012451,32043,32052,9
13.0817298889,80.2761688232,32052,32063,11
13.0816001892,80.2755737305,32063,32073,10
13.0815401077,80.2750167847,32073,32083,10
13.081489563,80.2746276855,32083,32094,11
13.0814599991,80.2742919922,32094,32104,10
13.0814399719,80.274017334,32104,32124,20
13.0814399719,80.274017334,32124,32134,10
13.0814504623,80.2738265991,32134,32143,9
13.0813999176,80.2735137939,32143,32154,11
13.0813703537,80.2733383179,32154,32164,10
13.081319809,80.273109436,32164,32174,10
13.081319809,80.2731018066,32174,32184,10
13.0813102722,80.2730865479,32184,32195,11
13.0814199448,80.2727127075,32195,32205,10
13.0813398361,80.2720184326,32205,32215,10
13.0811004639,80.2713623047,32215,32225,10
13.0808200836,80.2708969116,32225,32235,10
13.080739975,80.2702636719,32235,32244,9
13.0807304382,80.26953125,32244,32255,11
13.0807504654,80.2685165405,32255,32265,10
13.0806903839,80.2675628662,32265,32275,10
13.0806903839,80.2666015625,32275,32285,10
13.0807304382,80.26537323,32285,32407,122
13.0807304382,80.26537323,32407,32417,10
13.0806398392,80.2649612427,32417,32427,10
13.0805101395,80.2643280029,32427,32437,10
13.080329895,80.2635574341,32437,32447,10
13.0801696777,80.2630233765,32447,32457,10
13.0798997879,80.2629013062,32457,32467,10
13.0794095993,80.2628631592,32467,32508,41
13.0794095993,80.2628631592,32508,32518,10
13.0794696808,80.2627716064,32518,32528,10
13.0796699524,80.2628631592,32528,32538,10
13.0800199509,80.2627410889,32538,32548,10
13.0800600052,80.2622299194,32548,32558,10
13.0799503326,80.2615432739,32558,32568,10
13.0796499252,80.2608032227,32568,32578,10
13.0794200897,80.259979248,32578,32588,10
13.0792999268,80.2590789795,32588,32599,11
13.0792198181,80.2582473755,32599,32609,10
13.0791501999,80.2574691772,32609,32619,10
13.079079628,80.2566070557,32619,32629,10
13.0790500641,80.2560501099,32629,32639,10
13.079000473,80.2553710938,32639,32649,10
13.079000473,80.2546310425,32649,32659,10
13.0795497894,80.2545471191,32659,32669,10
13.0798301697,80.2546081543,32669,32679,10
13.0800199509,80.2546691895,32679,32689,10
13.080499649,80.2547302246,32689,32700,11
13.0812597275,80.2547988892,32700,32710,10
13.081700325,80.2545623779,32710,32720,10
13.0818395615,80.25415802,32720,32730,10
13.0818595886,80.2537765503,32730,32740,10
13.0818796158,80.2533798218,32740,32750,10
13.0817203522,80.252746582,32750,32760,10
13.0814199448,80.2521514893,32760,32770,10
13.0813798904,80.2513580322,32770,32780,10
13.0813798904,80.2511520386,32780,32790,10
13.0813703537,80.2507705688,32790,32801,11
13.081319809,80.250213623,32801,32811,10
13.0813798904,80.2497024536,32811,32821,10
13.0819301605,80.2497024536,32821,32831,10
13.0826702118,80.2498016357,32831,32841,10
13.0834798813,80.2499008179,32841,32851,10
13.0841903687,80.2500305176,32851,32861,10
13.0846996307,80.2500762939,32861,32871,10
13.0847101212,80.2500915527,32871,32881,10
13.084980011,80.2501831055,32881,32892,11
13.0856103897,80.250289917,32892,32902,10
13.0859498978,80.2502670288,32902,32912,10
13.0859498978,80.2499008179,32912,32922,10
13.085940361,80.2492218018,32922,32932,10
13.0858602524,80.2484512329,32932,32942,10
13.0858402252,80.2475280762,32942,32951,9
13.0858001709,80.2466201782,32951,32962,11
13.0856599808,80.2454376221,32962,33083,121
13.0856599808,80.2454376221,33083,33094,11
13.0857000351,80.2452087402,33094,33104,10
13.0860004425,80.2449417114,33104,33114,10
13.0865097046,80.2445297241,33114,33124,10
13.0871400833,80.2439727783,33124,33134,10
13.087770462,80.2432632446,33134,33144,10
13.08796978,80.2423782349,33144,33154,10
13.0885696411,80.2417602539,33154,33164,10
13.0892000198,80.241317749,33164,33174,10
13.0899200439,80.2409133911,33174,33184,10
13.0908298492,80.2408218384,33184,33195,11
13.0919399261,80.2408676147,33195,33205,10
13.0927295685,80.2409133911,33205,33215,10
13.0934801102,80.2410125732,33215,33225,10
13.0942602158,80.2411575317,33225,33245,20
13.0942602158,80.2411575317,33245,33255,10
13.0944099426,80.2411804199,33255,33265,10
13.0948600769,80.2412719727,33265,33275,10
13.0953598022,80.2414169312,33275,33285,10
13.0958995819,80.2415771484,33285,33296,11
13.0967302322,80.2418899536,33296,33397,101
13.0967302322,80.2418899536,33397,33407,10
13.0969800949,80.2419967651,33407,33417,10
13.0972204208,80.2420730591,33417,33427,10
13.0974702835,80.2419204712,33427,33437,10
13.0975198746,80.2414398193,33437,33446,9
13.0975904465,80.2409591675,33446,33457,11
13.0976400375,80.2403793335,33457,33467,10
13.0977296829,80.2396469116,33467,33477,10
13.0977497101,80.239112854,33477,33487,10
13.0978403091,80.2384414673,33487,33498,11
13.0980195999,80.2375869751,33498,33508,10
13.0981998444,80.2368011475,33508,33518,10
13.0982999802,80.2361907959,33518,33528,10
13.0983400345,80.2358016968,33528,33538,10
13.0984897614,80.2349014282,33538,33558,20
13.0984897614,80.2349014282,33558,33568,10
13.0985298157,80.2345962524,33568,33578,10
13.0985603333,80.2340316772,33578,33588,10
13.0986299515,80.2333602905,33588,33599,11
13.0987901688,80.2324905396,33599,33609,10
13.099029541,80.2317733765,33609,33619,10
13.0992898941,80.2312088013,33619,33629,10
13.0995597839,80.2305221558,33629,33639,10
13.0997600555,80.2296829224,33639,33659,20
13.0997600555,80.2296829224,33659,33669,10
13.0998096466,80.2293395996,33669,33679,10
13.0998802185,80.2287597656,33679,33689,10
13.1000003815,80.2280197144,33689,33700,11
13.1000404358,80.2271194458,33700,33710,10
13.1000003815,80.2263717651,33710,33720,10
13.0999498367,80.2253417969,33720,33749,29
13.0999498367,80.2253417969,33749,33760,11
13.0998497009,80.2249984741,33760,33770,10
13.0996599197,80.2244186401,33770,33780,10
13.0993700027,80.2238006592,33780,33791,11
13.0992002487,80.2235183716,33791,33801,10
13.0989398956,80.2231903076,33801,33811,10
13.0987796783,80.2229385376,33811,33821,10
13.0987300873,80.2225189209,33821,33831,10
13.0987501144,80.2218704224,33831,33841,10
13.0988702774,80.2210617065,33841,33851,10
13.0990400314,80.2201385498,33851,33861,10
13.0991802216,80.2193069458,33861,33871,10
13.0993003845,80.2186889648,33871,33881,10
13.0994100571,80.2179412842,33881,33892,11
13.0996303558,80.2169876099,33892,33902,10
13.0998897552,80.216293335,33902,33912,10
13.1002702713,80.2153701782,33912,33942,30
13.1002702713,80.2153701782,33942,33952,10
13.1003398895,80.2152023315,33952,33962,10
13.1004800797,80.2148284912,33962,34043,81
13.1004800797,80.2148284912,34043,34053,10
13.1006803513,80.2144699097,34053,34063,10
13.1008796692,80.2140197754,34063,34073,10
13.101099968,80.2134017944,34073,34083,10
13.1014499664,80.2126312256,34083,34094,11
13.1017799377,80.2117080688,34094,34104,10
13.1020498276,80.2109298706,34104,34114,10
13.1022596359,80.2102966309,34114,34124,10
13.1024599075,80.2097396851,34124,34134,10
13.1026096344,80.2092666626,34134,34144,10
13.1028499603,80.2085494995,34144,34174,30
13.1028499603,80.2085494995,34174,34184,10
13.1029195786,80.2084579468,34184,34196,12
13.1030197144,80.2080764771,34196,34206,10
13.1030597687,80.2079620361,34206,34216,10
13.1031398773,80.2076873779,34216,34226,10
13.1033401489,80.2071990967,34226,34236,10
13.1036100388,80.2066421509,34236,34246,10
13.1037998199,80.2059173584,34246,34256,10
13.1038198471,80.2052993774,34256,34266,10
13.1037902832,80.204246521,34266,34297,31
13.1037902832,80.204246521,34297,34307,10
13.1037797928,80.203918457,34307,34377,70
13.1037797928,80.203918457,34377,34387,10
13.1036195755,80.2034072876,34387,34398,11
13.1035499573,80.2031784058,34398,34408,10
13.1035499573,80.2026367188,34408,34418,10
13.1034803391,80.2020797729,34418,34428,10
13.1034698486,80.2018508911,34428,34438,10
13.1034698486,80.2016906738,34438,34448,10
13.1034698486,80.2016601563,34448,34458,10
13.1034202576,80.2015686035,34458,34468,10
13.1033802032,80.2012176514,34468,34478,10
13.1033296585,80.2006912231,34478,34488,10
13.1032600403,80.2000808716,34488,34499,11
13.1032304764,80.1996383667,34499,34509,10
13.1031999588,80.1993637085,34509,34519,10
13.1031303406,80.1990127563,34519,34529,10
13.1030197144,80.198387146,34529,34539,10
13.1028795242,80.1977996826,34539,34549,10
13.1027402878,80.1972885132,34549,34559,10
13.1026000977,80.1968612671,34559,34569,10
13.1024599075,80.1964569092,34569,34579,10
13.1023302078,80.1960601807,34579,34589,10
13.1021995544,80.1956634521,34589,34600,11
13.1020803452,80.1952972412,34600,34610,10
13.1019496918,80.1949234009,34610,34620,10
13.1018104553,80.1946182251,34620,34630,10
13.1015300751,80.1942672729,34630,34640,10
13.1017303467,80.1937637329,34640,34650,10
13.1017799377,80.1929626465,34650,34659,9
13.1016302109,80.1920700073,34659,34670,11
13.1014299393,80.1909713745,34670,34680,10
13.1010904312,80.1900405884,34680,34700,20
13.1010904312,80.1900405884,34700,34710,10
13.101099968,80.1900100708,34710,34721,11
13.1009397507,80.1895599365,34721,34731,10
13.1006298065,80.1890182495,34731,34741,10
13.1003799438,80.1885604858,34741,34751,10
13.1001396179,80.1880569458,34751,34762,11
13.0999298096,80.1874389648,34762,34771,9
13.0998001099,80.186958313,34771,34782,11
13.0997104645,80.1864471436,34782,34793,11
13.0996799469,80.1862716675,34793,34803,10
13.0996799469,80.186126709,34803,34813,10
13.0996599197,80.1860275269,34813,34823,10
13.0995702744,80.1856613159,34823,34833,10
13.0994100571,80.1851425171,34833,34843,10
13.0992698669,80.1844711304,34843,34853,10
13.0990495682,80.1837615967,34853,34863,10
13.0987901688,80.1829986572,34863,34873,10
13.0984802246,80.1817779541,34873,34894,21
13.0984802246,80.1817779541,34894,34904,10
13.0984802246,80.1817474365,34904,34913,9
13.098400116,80.1814575195,34913,34924,11
13.0982303619,80.1808700562,34924,34934,10
13.0980596542,80.1801528931,34934,34944,10
13.0978899002,80.1793289185,34944,34954,10
13.097869873,80.1784896851,34954,34964,10
13.0978899002,80.1775817871,34964,34974,10
13.097990036,80.1767120361,34974,34984,10
13.0981397629,80.1760025024,34984,34995,11
13.0981502533,80.1753311157,34995,35005,10
13.0982303619,80.1747207642,35005,35014,9
13.0984401703,80.174079895,35014,35025,11
13.0988197327,80.1732330322,35025,35035,10
13.0991697311,80.1723480225,35035,35045,10
13.0994997025,80.1713790894,35045,35055,10
13.0996799469,80.170501709,35055,35116,61
13.0996799469,80.170501709,35116,35126,10
13.0997200012,80.1704025269,35126,35136,10
13.0997200012,80.1701126099,35136,35146,10
13.0996904373,80.1698303223,35146,35156,10
13.0996999741,80.1697692871,35156,35166,10
13.0997896194,80.1696166992,35166,35176,10
13.0998601913,80.1693878174,35176,35186,10
13.0999002457,80.1690826416,35186,35197,11
13.0999202728,80.1686019897,35197,35207,10
13.0999603271,80.1679382324,35207,35217,10
13.1000299454,80.1671829224,35217,35227,10
13.1002197266,80.1663589478,35227,35237,10
13.1005001068,80.1654891968,35237,35247,10
13.100689888,80.1648025513,35247,35257,10
13.100859642,80.1643600464,35257,35267,10
13.1010599136,80.1637802124,35267,35277,10
13.1012496948,80.1630783081,35277,35287,10
13.1013202667,80.162399292,35287,35298,11
13.1013097763,80.1621627808,35298,35358,60
13.1013097763,80.1621627808,35358,35368,10
13.1013898849,80.1620483398,35368,35378,10
13.1014003754,80.1616668701,35378,35388,10
13.1013898849,80.1610412598,35388,35399,11
13.1014003754,80.1601791382,35399,35409,10
13.1016397476,80.1594467163,35409,35419,10
13.1022901535,80.158821106,35419,35429,10
13.1030397415,80.1580963135,35429,35439,10
13.1034803391,80.1571578979,35439,35449,10
13.1036996841,80.1561126709,35449,35459,10
13.1039400101,80.1550369263,35459,35469,10
13.104180336,80.154006958,35469,35479,10
13.1050596237,80.1525497437,35479,35500,21
13.1050596237,80.1525497437,35500,35510,10
13.1052799225,80.1524429321,35510,35520,10
13.1058502197,80.1522827148,35520,35530,10
13.1066198349,80.1522293091,35530,35540,10
13.1072902679,80.1521911621,35540,35550,10
13.1073303223,80.1521911621,35550,35560,10
13.1074895859,80.1521835327,35560,35570,10
13.1079998016,80.1521835327,35570,35580,10
13.1085195541,80.1521911621,35580,35591,11
13.1090202332,80.1521835327,35591,35601,10
13.1094303131,80.1521987915,35601,35611,10
13.1100597382,80.1522674561,35611,35621,10
13.1106004715,80.1519088745,35621,35631,10
13.1112003326,80.1516418457,35631,35641,10
13.1114196777,80.1514205933,35641,35651,10
13.1117601395,80.151008606,35651,35671,20
13.1117601395,80.151008606,35671,35681,10
13.1119403839,80.150718689,35681,35692,11
13.1124401093,80.1503677368,35692,35702,10
13.1129302979,80.1500396729,35702,35712,10
13.1131496429,80.1494903564,35712,35722,10
13.1132698059,80.14894104,35722,35731,9
13.1134595871,80.1485900879,35731,35742,11
13.1138401031,80.1483001709,35742,35752,10
13.1143798828,80.148109436,35752,35762,10
13.1150999069,80.147857666,35762,35772,10
13.1159200668,80.1478500366,35772,35782,10
13.1167497635,80.1484222412,35782,35793,11
13.1174402237,80.1492233276,35793,35803,10
13.1178598404,80.1494598389,35803,35812,9
13.1184396744,80.1496276855,35812,35823,11
13.1189203262,80.1497421265,35823,35832,9
13.119310379,80.1498336792,35832,35843,11
13.1197900772,80.1497573853,35843,35853,10
13.120300293,80.1493225098,35853,35863,10
13.1209001541,80.1487884521,35863,35873,10
13.1215200424,80.1482620239,35873,35883,10
13.1218595505,80.1477813721,35883,35894,11
13.1218795776,80.1477737427,35894,35904,10
13.1219701767,80.1476593018,35904,35914,10
13.1221904755,80.1473083496,35914,35924,10
13.1225996017,80.1466293335,35924,35934,10
13.1230697632,80.1458435059,35934,35944,10
13.1235599518,80.1451034546,35944,35954,10
13.1239299774,80.1444702148,35954,35964,10
13.1243400574,80.1438598633,35964,35974,10
13.1245298386,80.1435089111,35974,35984,10
13.1249103546,80.1429290771,35984,35995,11
13.1253995895,80.1421279907,35995,36005,10
13.1259803772,80.1412963867,36005,36015,10
13.1263799667,80.140953064,36015,36025,10
13.1267995834,80.1406402588,36025,36035,10
13.1273202896,80.1402282715,36035,36045,10
13.1273698807,80.1401977539,36045,36055,10
13.1275596619,80.1400604248,36055,36065,10
13.1280298233,80.1397094727,36065,36075,10
13.1286296844,80.1392288208,36075,36085,10
13.1293802261,80.1386871338,36085,36096,11
13.1301202774,80.1379318237,36096,36106,10
13.1303100586,80.1374435425,36106,36116,10
13.1304197311,80.1368103027,36116,36126,10
13.1305398941,80.1360397339,36126,36136,10
13.1306400299,80.1353530884,36136,36146,10
13.1307201385,80.1346435547,36146,36156,10
13.1307201385,80.1339111328,36156,36166,10
13.1307401657,80.1332092285,36166,36176,10
13.1307401657,80.1325302124,36176,36186,10
13.1307401657,80.1315002441,36186,36207,21
13.1307401657,80.1315002441,36207,36217,10
13.1307601929,80.1313171387,36217,36227,10
13.1307601929,80.1310119629,36227,36237,10
13.1308202744,80.1302719116,36237,36257,20
13.1308202744,80.1302719116,36257,36267,10
13.1308603287,80.1300811768,36267,36277,10
13.1309995651,80.1296005249,36277,36287,10
13.1311597824,80.1289215088,36287,36298,11
13.1313199997,80.1282272339,36298,36308,10
13.1313400269,80.1274185181,36308,36318,10
13.130900383,80.1265182495,36318,36328,10
13.1302204132,80.125617981,36328,36338,10
13.1295900345,80.1248474121,36338,36348,10
13.1289196014,80.1240692139,36348,36358,10
13.1281795502,80.1232299805,36358,36368,10
13.1273698807,80.1222915649,36368,36378,10
13.1265296936,80.1213302612,36378,36388,10
13.1261396408,80.1202163696,36388,36399,11
13.12596035,80.1195678711,36399,36409,10
13.1257600784,80.118927002,36409,36419,10
13.1255302429,80.1181869507,36419,36429,10
13.1251602173,80.1173400879,36429,36439,10
13.1247701645,80.1163482666,36439,36449,10
13.1244001389,80.1153793335,36449,36459,10
13.1240596771,80.1144714355,36459,36469,10
13.1237297058,80.1134872437,36469,36479,10
13.1233997345,80.1124420166,36479,36489,10
13.1232404709,80.1112976074,36489,36500,11
13.1229600906,80.1101913452,36500,36510,10
13.1223697662,80.1093673706,36510,36520,10
13.1217403412,80.1085662842,36520,36530,10
13.1210203171,80.1078567505,36530,36541,11
13.1203804016,80.1070632935,36541,36550,9
13.1200504303,80.1061019897,36550,36561,11
13.11977005,80.1051101685,36561,36571,10
13.1196603775,80.1039962769,36571,36581,10
13.119600296,80.1031417847,36581,36602,21
13.119600296,80.1031417847,36602,36612,10
13.1196203232,80.103012085,36612,36622,10
13.1196498871,80.1027374268,36622,36632,10
13.1196804047,80.1023712158,36632,36641,9
13.1197299957,80.1019134521,36641,36652,11
13.1198701859,80.1017227173,36652,36661,9
13.1199302673,80.1020736694,36661,36703,42
13.1200895309,80.1023101807,36703,37420,717
13.1200895309,80.1023101807,37420,37430,10
13.1198196411,80.1024398804,37430,37440,10
13.1197004318,80.1025924683,37440,37450,10
13.1197099686,80.1029510498,37450,37460,10
13.1196804047,80.1031112671,37460,37470,10
13.1196699142,80.1034088135,37470,37480,10
13.1197004318,80.1038894653,37480,37491,11
13.1198501587,80.1052703857,37491,37501,10
13.1198501587,80.1052703857,37501,37511,10
13.1200799942,80.1061096191,37511,37521,10
13.1204204559,80.1070709229,37521,37531,10
13.1210803986,80.1079025269,37531,37541,10
13.1218700409,80.1086883545,37541,37551,10
13.122590065,80.1096115112,37551,37561,10
13.1232204437,80.1106033325,37561,37571,10
13.1233501434,80.1117782593,37571,37581,10
13.1236095428,80.1130065918,37581,37592,11
13.1240901947,80.1143798828,37592,37602,10
13.1245603561,80.1156616211,37602,37612,10
13.1250600815,80.1169433594,37612,37622,10
13.1254501343,80.1179428101,37622,37632,10
13.1256999969,80.1185836792,37632,37642,10
13.1256999969,80.1186523438,37642,37652,10
13.1258096695,80.1190185547,37652,37662,10
13.1260099411,80.119682312,37662,37672,10
13.1262397766,80.1204910278,37672,37682,10
13.1266202927,80.121383667,37682,37693,11
13.1273803711,80.1222686768,37693,37703,10
13.128080368,80.1230773926,37703,37713,10
13.1287603378,80.1238708496,37713,37723,10
13.1294403076,80.124671936,37723,37733,10
13.1301002502,80.1254806519,37733,37743,10
13.1307001114,80.1262588501,37743,37753,10
13.131310463,80.1270599365,37753,37763,10
13.1314401627,80.1279830933,37763,37773,10
13.1312303543,80.1287536621,37773,37783,10
13.1310796738,80.1295700073,37783,37794,11
13.1308603287,80.1305236816,37794,37804,10
13.1308097839,80.130897522,37804,37814,10
13.1307897568,80.1312637329,37814,37824,10
13.1307601929,80.1317214966,37824,37834,10
13.1307497025,80.1323699951,37834,37844,10
13.1307601929,80.1329879761,37844,37854,10
13.1307497025,80.133102417,37854,37864,10
13.1307401657,80.1331634521,37864,37874,10
13.1307296753,80.1335372925,37874,37884,10
13.1307401657,80.1339874268,37884,37895,11
13.1307096481,80.1346588135,37895,37905,10
13.1306295395,80.1354980469,37905,37915,10
13.1305103302,80.1363601685,37915,37925,10
13.1303901672,80.1371536255,37925,37935,10
13.1301002502,80.1380233765,37935,37945,10
13.1293201447,80.1387634277,37945,37955,10
13.1286001205,80.1393432617,37955,37965,10
13.1279602051,80.139831543,37965,37975,10
13.1273202896,80.140296936,37975,37985,10
13.1265602112,80.1408691406,37985,37996,11
13.1259202957,80.1414108276,37996,38006,10
13.1254396439,80.1421203613,38006,38016,10
13.1250801086,80.1427001953,38016,38026,10
13.125,80.1428375244,38026,38036,10
13.1249103546,80.1429595947,38036,38046,10
13.1247997284,80.1431427002,38046,38056,10
13.1246795654,80.1433410645,38056,38066,10
13.1245298386,80.1435928345,38066,38076,10
13.1243600845,80.1438598633,38076,38087,11
13.12403965,80.1443786621,38087,38097,10
13.1236801147,80.1449813843,38097,38107,10
13.1232500076,80.1456680298,38107,38117,10
13.1228303909,80.1463317871,38117,38127,10
13.1224498749,80.146987915,38127,38136,9
13.1224603653,80.1475982666,38136,38147,11
13.1226596832,80.1483535767,38147,38157,10
13.1225795746,80.1486206055,38157,38167,10
13.1222896576,80.1485595703,38167,38177,10
13.1217298508,80.1485366821,38177,38188,11
13.1210803986,80.1487197876,38188,38198,10
13.1205301285,80.1491012573,38198,38208,10
13.120059967,80.1496276855,38208,38218,10
13.1197004318,80.150177002,38218,38258,40
13.1197004318,80.150177002,38258,38268,10
13.1194801331,80.1499862671,38268,38278,10
13.1192998886,80.1499023438,38278,38289,11
13.119099617,80.149848938,38289,38299,10
13.1188201904,80.149810791,38299,38309,10
13.1184902191,80.1497421265,38309,38319,10
13.1181898117,80.1496582031,38319,38329,10
13.1177997589,80.1495819092,38329,38339,10
13.117389679,80.1492996216,38339,38349,10
13.116900444,80.1487426758,38349,38359,10
13.1162996292,80.1481170654,38359,38369,10
13.1154699326,80.1479034424,38369,38379,10
13.1151695251,80.1479110718,38379,38390,11
13.1149101257,80.1479873657,38390,38400,10
13.1145401001,80.1481323242,38400,38410,10
13.1140403748,80.1483001709,38410,38420,10
13.1135597229,80.1485671997,38420,38430,10
13.1133098602,80.1491470337,38430,38440,10
13.1131601334,80.149848938,38440,38450,10
13.1127004623,80.1502990723,38450,38460,10
13.1121997833,80.1505889893,38460,38470,10
13.1118202209,80.1510162354,38470,38480,10
13.111410141,80.1515579224,38480,38491,11
13.1108703613,80.15184021,38491,38501,10
13.1103401184,80.1522369385,38501,38531,30
13.1103401184,80.1522369385,38531,38541,10
13.1099700928,80.1523284912,38541,38551,10
13.1094198227,80.1522369385,38551,38561,10
13.108880043,80.1521987915,38561,38571,10
13.1082897186,80.1522369385,38571,38581,10
13.1075601578,80.1522598267,38581,38592,11
13.1063604355,80.15234375,38592,38612,20
13.1062698364,80.1523208618,38612,38632,20
13.1062698364,80.1523208618,38632,38642,10
13.1059303284,80.1523513794,38642,38652,10
13.1054296494,80.1524734497,38652,38662,10
13.1048698425,80.1528778076,38662,38672,10
13.1044397354,80.1535415649,38672,38682,10
13.1041297913,80.1544265747,38682,38693,11
13.1038799286,80.1555633545,38693,38703,10
13.103679657,80.1564331055,38703,38713,10
13.1035203934,80.1570892334,38713,38723,10
13.1033401489,80.1577682495,38723,38733,10
13.1028404236,80.1584014893,38733,38743,10
13.1021795273,80.158996582,38743,38753,10
13.1016101837,80.1595687866,38753,38763,10
13.1014604568,80.1599273682,38763,38773,10
13.1014499664,80.1601715088,38773,38783,10
13.1014499664,80.1604995728,38783,38864,81
13.1014499664,80.1604995728,38864,38874,10
13.1014699936,80.1608123779,38874,38884,10
13.1014795303,80.160987854,38884,38895,11
13.1014795303,80.1613616943,38895,38905,10
13.1015195847,80.1617965698,38905,38975,70
13.1015195847,80.1617965698,38975,38986,11
13.1014404297,80.1625289917,38986,39006,20
13.1014404297,80.1625289917,39006,39016,10
13.1013803482,80.1628112793,39016,39026,10
13.101360321,80.1630935669,39026,39036,10
13.1012401581,80.1635437012,39036,39046,10
13.1010398865,80.1641464233,39046,39056,10
13.1007699966,80.164932251,39056,39066,10
13.1004896164,80.1658172607,39066,39076,10
13.1002101898,80.1667404175,39076,39087,11
13.1000795364,80.1676177979,39087,39097,10
13.1000204086,80.1684265137,39097,39106,9
13.0999403,80.1689834595,39106,39117,11
13.0998897552,80.1691818237,39117,39127,10
13.0997896194,80.1695480347,39127,39137,10
13.099729538,80.1697235107,39137,39147,10
13.0997200012,80.1700515747,39147,39157,10
13.0997400284,80.1704711914,39157,39167,10
13.0996303558,80.1709823608,39167,39177,10
13.0996103287,80.1710510254,39177,39188,11
13.0995798111,80.1711578369,39188,39198,10
13.0994501114,80.171546936,39198,39208,10
13.0992603302,80.1721115112,39208,39218,10
13.0989904404,80.1728668213,39218,39228,10
13.0986003876,80.1737976074,39228,39238,10
13.0982999802,80.1746368408,39238,39248,10
13.0981903076,80.1751480103,39248,39258,10
13.0981502533,80.1755065918,39258,39268,10
13.0981302261,80.1758575439,39268,39278,10
13.0980796814,80.1763687134,39278,39289,11
13.0979499817,80.1769790649,39289,39299,10
13.0978803635,80.1775817871,39299,39309,10
13.0978403091,80.1783599854,39309,39319,10
13.0978603363,80.1792373657,39319,39329,10
13.0980396271,80.1800765991,39329,39339,10
13.0982103348,80.1806793213,39339,39349,10
13.098279953,80.1809234619,39349,39359,10
13.0983495712,80.1811676025,39359,39369,10
13.0984601974,80.181602478,39369,39379,10
13.0985298157,80.1821136475,39379,39390,11
13.0986995697,80.1827316284,39390,39400,10
13.0989103317,80.1835479736,39400,39410,10
13.0991401672,80.1843185425,39410,39420,10
13.0992698669,80.1847229004,39420,39430,10
13.0993700027,80.1850204468,39430,39440,10
13.0994901657,80.1855392456,39440,39450,10
13.0996198654,80.186126709,39450,39491,41
13.0996198654,80.186126709,39491,39501,10
13.0996398926,80.1862716675,39501,39511,10
13.0997600555,80.1866989136,39511,39521,10
13.0998697281,80.1871871948,39521,39531,10
13.1000404358,80.1877593994,39531,39540,9
13.100230217,80.1882629395,39540,39550,10
13.1005401611,80.1888198853,39550,39561,11
13.1012496948,80.1896514893,39561,39581,20
13.1012496948,80.1896514893,39581,39592,11
13.101269722,80.189781189,39592,39602,10
13.101360321,80.1901168823,39602,39612,10
13.1015100479,80.1907577515,39612,39622,10
13.1016302109,80.1914367676,39622,39632,10
13.1017303467,80.1920471191,39632,39642,10
13.1018104553,80.1925811768,39642,39652,10
13.1019001007,80.193069458,39652,39662,10
13.1019802094,80.193572998,39662,39672,10
13.1021795273,80.1941223145,39672,39682,10
13.1021099091,80.1945419312,39682,39693,11
13.1020402908,80.1949462891,39693,39703,10
13.1022500992,80.195602417,39703,39713,10
13.1025800705,80.1965866089,39713,39723,10
13.1029596329,80.1978302002,39723,39733,10
13.1031398773,80.1987991333,39733,39743,10
13.1031799316,80.1990890503,39743,39753,10
13.1032600403,80.1995773315,39753,39763,10
13.1033401489,80.2002410889,39763,39773,10
13.1034202576,80.2007598877,39773,39783,10
13.1034698486,80.2012863159,39783,39793,10
13.103509903,80.202003479,39793,39804,11
13.1036300659,80.2028198242,39804,39814,10
13.1036396027,80.2029571533,39814,39824,10
13.1036500931,80.2030715942,39824,39834,10
13.1037302017,80.2034606934,39834,39844,10
13.1038198471,80.2040100098,39844,39854,10
13.1038398743,80.2047195435,39854,39864,10
13.1038799286,80.2055130005,39864,39874,10
13.1037597656,80.2062911987,39874,39884,10
13.1032104492,80.2075424194,39884,39905,21
13.1032104492,80.2075424194,39905,39915,10
13.1031103134,80.2078094482,39915,39925,10
13.1029996872,80.2081298828,39925,39935,10
13.1028499603,80.2086105347,39935,39945,10
13.1027402878,80.2089920044,39945,39955,10
13.1026601791,80.209197998,39955,39965,10
13.1025600433,80.2095031738,39965,39975,10
13.1023702621,80.2100372314,39975,39985,10
13.1021203995,80.2108230591,39985,39996,11
13.1019201279,80.2114028931,39996,40006,10
13.1016397476,80.2121505737,40006,40016,10
13.1013803482,80.2127990723,40016,40026,10
13.1011600494,80.2134017944,40026,40036,10
13.101099968,80.2135620117,40036,40046,10
13.1010503769,80.2136764526,40046,40056,10
13.1007900238,80.2143783569,40056,40117,61
13.1007900238,80.2143783569,40117,40127,10
13.1006698608,80.2146377563,40127,40137,10
13.1004600525,80.2150802612,40137,40147,10
13.0998601913,80.2164611816,40147,40157,10
13.0998601913,80.2164611816,40157,40167,10
13.0995998383,80.2172698975,40167,40177,10
13.099439621,80.2180404663,40177,40188,11
13.0993003845,80.2189025879,40188,40198,10
13.0992202759,80.2194595337,40198,40208,10
13.0991201401,80.2200698853,40208,40218,10
13.0989904404,80.2206497192,40218,40228,10
13.0988502502,80.2213363647,40228,40238,10
13.0987596512,80.2220687866,40238,40247,9
13.0988397598,80.2229537964,40247,40258,11
13.0994796753,80.2238006592,40258,40268,10
13.0998296738,80.2247390747,40268,40278,10
13.1000003815,80.2255935669,40278,40289,11
13.0999898911,80.2257232666,40289,40299,10
13.1000204086,80.2260894775,40299,40309,10
13.100060463,80.2267532349,40309,40319,10
13.1000900269,80.2275924683,40319,40329,10
13.0999898911,80.2284698486,40329,40339,10
13.0998697281,80.2290496826,40339,40349,10
13.0997896194,80.2295532227,40349,40358,9
13.0997200012,80.2299194336,40358,40369,11
13.0995998383,80.230430603,40369,40379,10
13.0995702744,80.2305297852,40379,40390,11
13.0995197296,80.2306137085,40390,40400,10
13.0994195938,80.2308578491,40400,40410,10
13.099240303,80.2312774658,40410,40420,10
13.0989999771,80.2318572998,40420,40430,10
13.0987701416,80.2326278687,40430,40440,10
13.0986404419,80.2333221436,40440,40450,10
13.0985498428,80.2342834473,40450,40480,30
13.0985498428,80.2342834473,40480,40491,11
13.0984802246,80.234413147,40491,40501,10
13.0984897614,80.2347717285,40501,40511,10
13.0984096527,80.2353820801,40511,40521,10
13.0983400345,80.2358398438,40521,40531,10
13.0982904434,80.236076355,40531,40541,10
13.0982198715,80.2365875244,40541,40551,10
13.0981302261,80.2371826172,40551,40561,10
13.0980501175,80.2375793457,40561,40571,10
13.0979604721,80.2379837036,40571,40581,10
13.0978403091,80.2385787964,40581,40592,11
13.0977802277,80.2391586304,40592,40602,10
13.0977497101,80.2395172119,40602,40612,10
13.0977296829,80.2400512695,40612,40622,10
13.0976295471,80.2408981323,40622,40652,30
13.0976295471,80.2408981323,40652,40662,10
13.0975799561,80.2411727905,40662,40672,10
13.0975198746,80.2416305542,40672,40682,10
13.0974502563,80.2420196533,40682,40693,11
13.0971803665,80.2420806885,40693,40703,10
13.0968103409,80.2419586182,40703,40713,10
13.0963201523,80.2418212891,40713,40723,10
13.0958003998,80.2416229248,40723,40733,10
13.0953302383,80.2414627075,40733,40743,10
13.0950098038,80.2413406372,40743,40753,10
13.0946598053,80.2412872314,40753,40763,10
13.0943002701,80.2412414551,40763,40773,10
13.0936002731,80.2411117554,40773,40794,21
13.0936002731,80.2411117554,40794,40804,10
13.0933198929,80.2410202026,40804,40814,10
13.0928001404,80.2409591675,40814,40824,10
13.0921802521,80.2409515381,40824,40834,10
13.0915002823,80.2408981323,40834,40844,10
13.0906600952,80.2408828735,40844,40854,10
13.0897197723,80.2410430908,40854,40864,10
13.0888595581,80.2415771484,40864,40874,10
13.0880804062,80.2422332764,40874,40884,10
13.0878601074,80.2431793213,40884,40905,21
13.0878601074,80.2431793213,40905,40915,10
13.0876598358,80.2435836792,40915,40925,10
13.0872297287,80.2439498901,40925,40935,10
13.0866699219,80.2444381714,40935,40945,10
13.0860996246,80.2448883057,40945,40955,10
13.0858898163,80.2449798584,40955,40965,10
13.0856599808,80.2452697754,40965,40975,10
13.0857095718,80.2459487915,40975,40985,10
13.0858001709,80.2469100952,40985,40996,11
13.0858402252,80.2479629517,40996,41006,10
13.0859003067,80.2490692139,41006,41015,9
13.0859298706,80.2500991821,41015,41026,11
13.0858602524,80.2508010864,41026,41036,10
13.0857801437,80.2514266968,41036,41046,10
13.0857000351,80.2519989014,41046,41056,10
13.0856399536,80.2525024414,41056,41066,10
13.0855998993,80.2528762817,41066,41076,10
13.085559845,80.2531661987,41076,41086,10
13.0855503082,80.2534332275,41086,41097,11
13.0856103897,80.2540893555,41097,41117,20
13.0856103897,80.2540893555,41117,41127,10
13.0856399536,80.2544021606,41127,41137,10
13.0855197906,80.2546768188,41137,41147,10
13.0850095749,80.2546691895,41147,41157,10
13.084280014,80.2546234131,41157,41167,10
13.0838298798,80.2545700073,41167,41177,10
13.0835399628,80.2545700073,41177,41188,11
13.082859993,80.2545013428,41188,41198,10
13.0821399689,80.2545166016,41198,41207,9
13.0815896988,80.2547988892,41207,41218,11
13.0810604095,80.2548370361,41218,41228,10
13.0809803009,80.2548522949,41228,41238,10
13.0807304382,80.2548065186,41238,41248,10
13.080280304,80.2547607422,41248,41258,10
13.0796203613,80.2546310425,41258,41268,10
13.0792198181,80.254699707,41268,41278,10
13.079079628,80.255027771,41278,41289,11
13.0791501999,80.2556686401,41289,41299,10
13.0792102814,80.256477356,41299,41309,10
13.0792598724,80.2573394775,41309,41319,10
13.0793600082,80.2584609985,41319,41339,20
13.0793600082,80.2584609985,41339,41349,10
13.079369545,80.2585220337,41349,41359,10
13.0794095993,80.2589263916,41359,41369,10
13.0794801712,80.2596130371,41369,41379,10
13.0796203613,80.2604522705,41379,41390,11
13.0799303055,80.2613983154,41390,41400,10
13.0800304413,80.26171875,41400,41410,10
13.0800800323,80.2618484497,41410,41420,10
13.0802698135,80.2625732422,41420,41480,60
13.0802698135,80.2625732422,41480,41491,11
13.080329895,80.2629318237,41491,41501,10
13.080450058,80.2633666992,41501,41511,10
13.0804595947,80.2633972168,41511,41521,10
13.0805101395,80.263671875,41521,41530,9
13.0806503296,80.2642822266,41530,41541,11
13.0806999207,80.2645568848,41541,41551,10
13.0807504654,80.2648391724,41551,41561,10
13.0807600021,80.2654571533,41561,41571,10
13.080739975,80.2662506104,41571,41581,10
13.0807199478,80.2671127319,41581,41592,11
13.0807304382,80.2677612305,41592,41602,10
13.080739975,80.2683868408,41602,41612,10
13.0807504654,80.2690887451,41612,41622,10
13.0807695389,80.2695465088,41622,41632,10
13.0807504654,80.2698516846,41632,41642,10
13.0807800293,80.2702484131,41642,41652,10
13.0808601379,80.2707366943,41652,41662,10
13.0810403824,80.2711334229,41662,41672,10
13.0813598633,80.2715530396,41672,41682,10
13.081489563,80.2721176147,41682,41693,11
13.0815696716,80.2724761963,41693,41703,10
13.0815401077,80.2727890015,41703,41713,10
13.0814504623,80.2729873657,41713,41723,10
13.0814399719,80.2732086182,41723,41733,10
13.0815000534,80.2735366821,41733,41743,10
13.0816402435,80.2738265991,41743,41753,10
13.0819797516,80.2741699219,41753,41763,10
13.0820102692,80.274772644,41763,41773,10
13.0820398331,80.2751617432,41773,41783,10
13.0819597244,80.2753295898,41783,41794,11
13.0820398331,80.2757720947,41794,41804,10
13.0820398331,80.2758102417,41804,41814,10
13.0819101334,80.2759780884,41814,41823,9
13.0818395615,80.2761611938,41823,41833,10
13.0818500519,80.2764434814,41833,41843,10
13.0819196701,80.2768936157,41843,41854,11
13.0819797516,80.2772903442,41854,41864,10
13.0819797516,80.2773666382,41864,41874,10
13.0820398331,80.2777328491,41874,41884,10
13.0821695328,80.2782363892,41884,41895,11
13.082159996,80.2788391113,41895,41905,10
13.0822000504,80.2793579102,41905,41915,10
13.0822896957,80.2801132202,41915,41925,10
13.0823602676,80.2809066772,41925,41935,10
13.0823898315,80.2812423706,41935,41945,10
13.082400322,80.2817001343,41945,41955,10
13.082859993,80.282043457,41955,41965,10
13.0835800171,80.2824783325,41965,41975,10
13.0843801498,80.2829971313,41975,41985,10
13.084980011,80.2835769653,41985,41996,11
13.0854101181,80.2836227417,41996,42006,10
13.0854196548,80.2832717896,42006,42046,40
13.0854196548,80.2832717896,42046,42056,10
13.0854797363,80.2829208374,42056,42066,10
13.0855703354,80.2825012207,42066,42228,162
13.0856800079,80.2821807861,42228,43152,924
13.0856800079,80.2821807861,43152,43162,10
13.0855798721,80.2819595337,43162,43172,10
13.0856199265,80.2814788818,43172,43182,10
13.0857200623,80.2809829712,43182,43192,10
13.0856895447,80.2804718018,43192,43202,10
13.0855398178,80.279876709,43202,43213,11
13.0849599838,80.2794113159,43213,43223,10
13.0843601227,80.2792892456,43223,43233,10
13.0837097168,80.2791595459,43233,43243,10
13.0832004547,80.2789382935,43243,43253,10
13.0826396942,80.2787017822,43253,43283,30
13.0826396942,80.2787017822,43283,43293,10
13.0825395584,80.2786636353,43293,43304,11
13.0821399689,80.2784881592,43304,43314,10
13.0819797516,80.278137207,43314,43323,9
13.0818996429,80.2775726318,43323,43334,11
13.0818300247,80.2769775391,43334,43344,10
13.0817203522,80.2761535645,43344,43354,10
13.081580162,80.2752914429,43354,43364,10
13.0815095901,80.2746505737,43364,43374,10
13.0814504623,80.2742004395,43374,43384,10
13.0813999176,80.2739105225,43384,43394,10
13.0813999176,80.2737731934,43394,43405,11
13.0814304352,80.2735900879,43405,43415,10
13.081319809,80.2730865479,43415,43445,30
13.081319809,80.2730865479,43445,43455,10
13.0814599991,80.2726287842,43455,43465,10
13.081319809,80.271987915,43465,43475,10
13.0811300278,80.2714004517,43475,43485,10
13.0809202194,80.2712020874,43485,43495,10
13.0808801651,80.2710723877,43495,43506,11
13.080789566,80.2708206177,43506,43516,10
13.0806999207,80.270401001,43516,43526,10
13.0806999207,80.2693710327,43526,43536,10
13.0807304382,80.2684173584,43536,43546,10
13.0806903839,80.2672195435,43546,43556,10
13.0806999207,80.2660980225,43556,43566,10
13.0806903839,80.2653274536,43566,43575,9
13.0805997849,80.2649230957,43575,43586,11
13.0804395676,80.2641677856,43586,43596,10
13.0802602768,80.2633514404,43596,43607,11
13.0800800323,80.2629623413,43607,43617,10
13.0796098709,80.2630310059,43617,43627,10
13.0795402527,80.262802124,43627,43667,40
13.0795402527,80.262802124,43667,43677,10
13.0797796249,80.2629013062,43677,43687,10
13.080039978,80.2627182007,43687,43697,10
13.0800800323,80.262512207,43697,43708,11
13.0799598694,80.2619171143,43708,43718,10
13.0796804428,80.2611999512,43718,43728,10
13.0794897079,80.260383606,43728,43738,10
13.0792198181,80.2595062256,43738,43748,10
13.0790500641,80.2585296631,43748,43758,10
13.0789699554,80.2575378418,43758,43768,10
13.0789899826,80.2569122314,43768,43799,31
13.0789899826,80.2569122314,43799,43808,9
13.0790901184,80.2564697266,43808,43818,10
13.0790195465,80.2560195923,43818,43829,11
13.0789299011,80.2553634644,43829,43839,10
13.0789499283,80.2549667358,43839,43849,10
13.0789499283,80.2547225952,43849,43859,10
13.0793600082,80.2546005249,43859,43869,10
13.0797996521,80.2546386719,43869,43890,21
13.0797996521,80.2546386719,43890,43900,10
13.0801095963,80.2546920776,43900,43910,10
13.0803003311,80.2547225952,43910,43920,10
13.0807504654,80.2548065186,43920,43930,10
13.0811004639,80.2548522949,43930,43940,10
13.0816402435,80.2546234131,43940,43949,9
13.0817403793,80.2542724609,43949,43959,10
13.0818595886,80.2537994385,43959,43970,11
13.0819301605,80.253288269,43970,43980,10
13.0817604065,80.2530212402,43980,43991,11
13.081580162,80.252532959,43991,44001,10
13.0814304352,80.2518386841,44001,44011,10
13.0813798904,80.2512207031,44011,44021,10
13.0813703537,80.2508621216,44021,44031,10
13.0813598633,80.2507095337,44031,44041,10
13.0813302994,80.2504501343,44041,44051,10
13.0813102722,80.2501373291,44051,44061,10
13.0813302994,80.2497787476,44061,44071,10
13.081700325,80.2497406006,44071,44081,10
13.0822200775,80.2497787476,44081,44092,11
13.0827999115,80.2499008179,44092,44102,10
13.0834703445,80.25,44102,44112,10
13.0841999054,80.2501068115,44112,44122,10
13.0847702026,80.2501831055,44122,44132,10
13.0847797394,80.2501678467,44132,44142,10
13.0849504471,80.2501373291,44142,44152,10
13.0853204727,80.2502593994,44152,44162,10
13.0857095718,80.250328064,44162,44172,10
13.0857400894,80.250328064,44172,44182,10
13.0858297348,80.2500762939,44182,44194,12
13.0858297348,80.2494506836,44194,44203,9
13.0858402252,80.2486419678,44203,44214,11
13.0857696533,80.2476730347,44214,44224,10
13.0856704712,80.2467498779,44224,44234,10
13.085650444,80.2460784912,44234,44244,10
13.0856599808,80.2456130981,44244,44295,51
13.0856599808,80.2456130981,44295,44305,10
13.085650444,80.2453613281,44305,44315,10
13.0858802795,80.2450714111,44315,44325,10
13.0863895416,80.2446212769,44325,44335,10
13.0870199203,80.2440567017,44335,44345,10
13.0875997543,80.2434997559,44345,44355,10
13.0878095627,80.242980957,44355,44365,10
13.0879402161,80.2423629761,44365,44375,10
13.0883798599,80.2419128418,44375,44385,10
13.0889701843,80.2414779663,44385,44396,11
13.0896100998,80.2410583496,44396,44406,10
13.0902395248,80.2408599854,44406,44416,10
13.0909500122,80.2408599854,44416,44426,10
13.0918197632,80.2408981323,44426,44436,10
13.0923700333,80.2409210205,44436,44446,10
13.0929298401,80.2409820557,44446,44456,10
13.0934495926,80.2410583496,44456,44466,10
13.0942296982,80.2412109375,44466,44486,20
13.0942296982,80.2412109375,44486,44497,11
13.0947704315,80.241317749,44497,44507,10
13.0953998566,80.2414932251,44507,44517,10
13.0960597992,80.2417297363,44517,44527,10
13.0968904495,80.2420196533,44527,44537,10
13.0972795486,80.2421035767,44537,44547,10
13.0974197388,80.241897583,44547,44557,10
13.0974302292,80.241859436,44557,44567,10
13.0974998474,80.2415618896,44567,44577,10
13.0975704193,80.2410202026,44577,44587,10
13.0976600647,80.2403030396,44587,44598,11
13.0977096558,80.2395477295,44598,44607,9
13.0977401733,80.2390594482,44607,44618,11
13.0978403091,80.2382965088,44618,44628,10
13.0979995728,80.2376327515,44628,44638,10
13.0981197357,80.2369995117,44638,44648,10
13.0982398987,80.236328125,44648,44658,10
13.0983800888,80.2357406616,44658,44668,10
13.0985202789,80.2349090576,44668,44688,20
13.0985202789,80.2349090576,44688,44699,11
13.0985403061,80.2344970703,44699,44709,10
13.0985403061,80.2339401245,44709,44719,10
13.0986003876,80.233581543,44719,44729,10
13.0986700058,80.2330093384,44729,44739,10
13.0987701416,80.2323913574,44739,44749,10
13.0989303589,80.231918335,44749,44759,10
13.0990600586,80.2315216064,44759,44769,10
13.0992202759,80.2311019897,44769,44779,10
13.0993795395,80.2306976318,44779,44789,10
13.0996999741,80.2297363281,44789,44810,21
13.0996999741,80.2297363281,44810,44820,10
13.0998001099,80.2294387817,44820,44830,10
13.0998601913,80.2288894653,44830,44840,10
13.0999803543,80.228187561,44840,44850,10
13.1000299454,80.2273864746,44850,44860,10
13.1000099182,80.2266616821,44860,44869,9
13.0999202728,80.2257919312,44869,44880,11
13.0998401642,80.225189209,44880,44891,11
13.0998401642,80.225189209,44891,44901,10
13.0994300842,80.2239379883,44901,44911,10
13.0994300842,80.2239379883,44911,44921,10
13.099240303,80.2236480713,44921,44931,10
13.0990200043,80.2233123779,44931,44941,10
13.0988101959,80.2230377197,44941,44951,10
13.0987195969,80.2226715088,44951,44961,10
13.0987596512,80.2220001221,44961,44971,10
13.0988702774,80.2211685181,44971,44981,10
13.0990200043,80.2202224731,44981,44991,10
13.0991401672,80.2194213867,44991,45002,11
13.0992698669,80.2189407349,45002,45012,10
13.0993404388,80.2182998657,45012,45022,10
13.099439621,80.2174911499,45022,45031,9
13.0996198654,80.2167129517,45031,45042,11
13.1001901627,80.215423584,45042,45062,20
13.1001901627,80.215423584,45062,45072,10
13.1003198624,80.2151870728,45072,45082,10
13.1004695892,80.2147979736,45082,45153,71
13.1004695892,80.2147979736,45153,45163,10
13.1006402969,80.2145614624,45163,45173,10
13.1008300781,80.2141036987,45173,45183,10
13.1010599136,80.213470459,45183,45194,11
13.1013803482,80.2125930786,45194,45204,10
13.1016798019,80.2117996216,45204,45214,10
13.1018400192,80.2113800049,45214,45224,10
13.1019601822,80.2109603882,45224,45233,9
13.1021699905,80.2103729248,45233,45244,11
13.1024103165,80.2097473145,45244,45254,10
13.1025600433,80.2092971802,45254,45264,10
13.1027097702,80.2088394165,45264,45274,10
13.1027803421,80.2086410522,45274,45284,10
13.1028699875,80.2084274292,45284,45295,11
13.102930069,80.2082672119,45295,45305,10
13.1030502319,80.2078704834,45305,45315,10
13.1031999588,80.207359314,45315,45325,10
13.1034498215,80.2068328857,45325,45335,10
13.1036596298,80.2062606812,45335,45345,10
13.1037998199,80.2057037354,45345,45355,10
13.1038599014,80.2050933838,45355,45365,10
13.1038398743,80.2046508789,45365,45375,10
13.1038103104,80.2041397095,45375,45385,10
13.1037998199,80.2036972046,45385,45396,11
13.1035804749,80.2033996582,45396,45406,10
13.1035604477,80.2031784058,45406,45416,10
13.1035900116,80.2029037476,45416,45426,10
13.1035604477,80.2024993896,45426,45436,10
13.1034603119,80.2019119263,45436,45446,10
13.1034202576,80.2016677856,45446,45456,10
13.1034002304,80.2015609741,45456,45466,10
13.1033601761,80.2011108398,45466,45476,10
13.1033000946,80.2005081177,45476,45486,10
13.1031999588,80.1997299194,45486,45497,11
13.1031799316,80.1993408203,45497,45507,10
13.1031198502,80.198890686,45507,45517,10
13.10297966,80.1982269287,45517,45527,10
13.102809906,80.1975479126,45527,45537,10
13.1026201248,80.1969833374,45537,45547,10
13.1024398804,80.196472168,45547,45557,10
13.1022596359,80.1959533691,45557,45567,10
13.1020898819,80.1954116821,45567,45577,10
13.1019001007,80.1948699951,45577,45587,10
13.1016302109,80.1944580078,45587,45598,11
13.1015796661,80.1940002441,45598,45608,10
13.1018199921,80.1933898926,45608,45618,10
13.1016597748,80.1923828125,45618,45628,10
13.1014604568,80.1912231445,45628,45638,10
13.1011896133,80.1902236938,45638,45648,10
13.1011295319,80.1900405884,45648,45658,10
13.1010398865,80.1898269653,45658,45668,10
13.1005601883,80.1890335083,45668,45739,71
13.1005601883,80.1890335083,45739,45749,10
13.1003198624,80.188583374,45749,45769,20
13.1003198624,80.188583374,45769,45779,10
13.1002397537,80.1882781982,45779,45789,10
13.1001396179,80.1879577637,45789,45800,11
13.1000299454,80.1876983643,45800,45810,10
13.0999603271,80.1875228882,45810,45820,10
13.0999298096,80.1874313354,45820,45830,10
13.0998601913,80.1871185303,45830,45840,10
13.0996904373,80.1866836548,45840,45880,40
13.0996904373,80.1866836548,45880,45891,11
13.0996599197,80.1862716675,45891,45901,10
13.0996398926,80.1861190796,45901,45911,10
13.0995597839,80.1858291626,45911,45921,10
13.0994796753,80.1854782104,45921,45931,10
13.0994501114,80.1853103638,45931,45941,10
13.0994596481,80.1852493286,45941,45951,10
13.0993995667,80.1850662231,45951,45961,10
13.0993795395,80.1848907471,45961,45971,10
13.0992603302,80.1845397949,45971,45981,10
13.0991096497,80.1842422485,45981,45992,11
13.0990400314,80.1839828491,45992,46002,10
13.0989904404,80.1836395264,46002,46012,10
13.0988998413,80.1834106445,46012,46022,10
13.0988302231,80.1832427979,46022,46032,10
13.0986995697,80.1828384399,46032,46042,10
13.0985803604,80.1823730469,46042,46052,10
13.0985403061,80.182182312,46052,46062,10
13.0984802246,80.1819381714,46062,46082,20
13.0984802246,80.1819381714,46082,46093,11
13.0983800888,80.1815490723,46093,46103,10
13.0983295441,80.1813735962,46103,46113,10
13.098279953,80.181098938,46113,46123,10
13.0980901718,80.1806030273,46123,46133,10
13.0979204178,80.1798782349,46133,46143,10
13.0978097916,80.1791915894,46143,46153,10
13.097820282,80.1784896851,46153,46163,10
13.0978002548,80.1776885986,46163,46173,10
13.0979499817,80.1765289307,46173,46204,31
13.0979499817,80.1765289307,46204,46214,10
13.0980195999,80.1764678955,46214,46224,10
13.0980997086,80.1761169434,46224,46234,10
13.0981302261,80.1755065918,46234,46244,10
13.0981798172,80.1749191284,46244,46254,10
13.098400116,80.1742401123,46254,46264,10
13.0987195969,80.1734237671,46264,46274,10
13.0990896225,80.1725692749,46274,46284,10
13.0993995667,80.171661377,46284,46295,11
13.0996103287,80.1708374023,46295,46305,10
13.0997200012,80.1702270508,46305,46315,10
13.0997400284,80.1698913574,46315,46325,10
13.0997400284,80.1698608398,46325,46335,10
13.0997896194,80.1696166992,46335,46345,10
13.0998601913,80.1692810059,46345,46355,10
13.0999097824,80.168762207,46355,46365,10
13.0999803543,80.1679992676,46365,46375,10
13.1000299454,80.1672210693,46375,46385,10
13.1002702713,80.1664199829,46385,46396,11
13.1005001068,80.1656494141,46396,46406,10
13.1007099152,80.1649017334,46406,46416,10
13.1008996964,80.1643066406,46416,46426,10
13.1011199951,80.1636505127,46426,46436,10
13.1012897491,80.162940979,46436,46446,10
13.101360321,80.1622314453,46446,46456,10
13.1013803482,80.1615524292,46456,46466,10
13.1014099121,80.1608505249,46466,46476,10
13.1014299393,80.1600494385,46476,46486,10
13.1017398834,80.1593780518,46486,46497,11
13.1020498276,80.159072876,46497,46507,10
13.1024103165,80.1587219238,46507,46517,10
13.1028699875,80.1582489014,46517,46527,10
13.1033096313,80.1575469971,46527,46537,10
13.1035604477,80.1567001343,46537,46546,9
13.1037397385,80.1558990479,46546,46557,11
13.1039600372,80.1548614502,46557,46567,10
13.1042003632,80.1539306641,46567,46577,10
13.1045398712,80.1531600952,46577,46587,10
13.1048698425,80.1526870728,46587,46598,11
13.1049699783,80.1526184082,46598,46608,10
13.1052999496,80.1523971558,46608,46618,10
13.1058998108,80.1522827148,46618,46628,10
13.106710434,80.1522598267,46628,46638,10
13.1074199677,80.1522293091,46638,46648,10
13.1077604294,80.1522064209,46648,46658,10
13.1081800461,80.1522064209,46658,46668,10
13.1085996628,80.1522064209,46668,46678,10
13.1090602875,80.1521911621,46678,46688,10
13.1094903946,80.1522293091,46688,46699,11
13.1100196838,80.1523132324,46699,46708,9
13.1104602814,80.1520767212,46708,46719,11
13.1109895706,80.1517791748,46719,46729,10
13.1114597321,80.1514434814,46729,46779,50
13.1114597321,80.1514434814,46779,46789,10
13.1117601395,80.1509628296,46789,46800,11
13.112039566,80.1506271362,46800,46810,10
13.1124801636,80.1503372192,46810,46820,10
13.1129703522,80.1499710083,46820,46830,10
13.1132001877,80.149307251,46830,46840,10
13.1134395599,80.1485900879,46840,46850,10
13.1139802933,80.1482315063,46850,46860,10
13.1146202087,80.1480178833,46860,46870,10
13.1153497696,80.147819519,46870,46880,10
13.1162395477,80.1480178833,46880,46890,10
13.1169700623,80.1487426758,46890,46901,11
13.117600441,80.1494216919,46901,46910,9
13.1181097031,80.1495895386,46910,46921,11
13.1187200546,80.1497192383,46921,46931,10
13.1190595627,80.149810791,46931,46941,10
13.1194295883,80.1498565674,46941,46950,9
13.1197900772,80.1497879028,46950,46961,11
13.1201000214,80.1494827271,46961,46971,10
13.1204900742,80.1490402222,46971,46981,10
13.1210603714,80.1486587524,46981,46992,11
13.1217002869,80.1479721069,46992,47012,20
13.1217002869,80.1479721069,47012,47022,10
13.1217699051,80.1479187012,47022,47032,10
13.1218395233,80.1477890015,47032,47042,10
13.1218996048,80.1476669312,47042,47052,10
13.1221103668,80.1472320557,47052,47062,10
13.1224803925,80.1465682983,47062,47072,10
13.1228704453,80.1458282471,47072,47082,10
13.1233701706,80.1450424194,47082,47093,11
13.1239995956,80.1440811157,47093,47103,10
13.1243696213,80.1435623169,47103,47113,10
13.1244802475,80.1434173584,47113,47123,10
13.1246795654,80.1430511475,47123,47133,10
13.1250295639,80.1424865723,47133,47143,10
13.1254796982,80.1417617798,47143,47153,10
13.1261301041,80.1410980225,47153,47163,10
13.1267499924,80.1406936646,47163,47173,10
13.1273202896,80.1402435303,47173,47183,10
13.1279602051,80.1397705078,47183,47194,11
13.1287202835,80.1391677856,47194,47204,10
13.1294403076,80.1386413574,47204,47214,10
13.1300096512,80.1380386353,47214,47224,10
13.1301603317,80.1377792358,47224,47234,10
13.1302604675,80.1374435425,47234,47244,10
13.1303796768,80.136932373,47244,47254,10
13.1305103302,80.1363067627,47254,47264,10
13.1305398941,80.1359405518,47264,47274,10
13.1306400299,80.1353302002,47274,47284,10
13.1307096481,80.1345977783,47284,47295,11
13.1307401657,80.1337127686,47295,47305,10
13.1307401657,80.1328277588,47305,47315,10
13.1307697296,80.1319503784,47315,47325,10
13.13078022,80.1310272217,47325,47335,10
13.1308403015,80.1302719116,47335,47345,10
13.1308698654,80.1301498413,47345,47355,10
13.130900383,80.1300888062,47355,47365,10
13.1309499741,80.1297225952,47365,47375,10
13.1311101913,80.1290817261,47375,47385,10
13.1312799454,80.1282806396,47385,47396,11
13.1307296753,80.1263580322,47396,47406,10
13.1307296753,80.1263580322,47406,47416,10
13.1301498413,80.1255722046,47416,47426,10
13.1295003891,80.1248016357,47426,47436,10
13.1288204193,80.1240310669,47436,47446,10
13.1280603409,80.1231307983,47446,47456,10
13.1272497177,80.1221923828,47456,47466,10
13.1264801025,80.1212921143,47466,47476,10
13.1260795593,80.1202011108,47476,47486,10
13.1257696152,80.1191329956,47486,47497,11
13.12541008,80.1181335449,47497,47507,10
13.1253404617,80.1179199219,47507,47517,10
13.1252403259,80.1176223755,47517,47527,10
13.1250495911,80.1171112061,47527,47537,10
13.1247596741,80.1163711548,47537,47547,10
13.124420166,80.1154632568,47547,47557,10
13.1241102219,80.1145935059,47557,47567,10
13.1237802505,80.1136703491,47567,47577,10
13.1234197617,80.1126022339,47577,47587,10
13.1232204437,80.1114578247,47587,47598,11
13.1229696274,80.1102828979,47598,47608,10
13.1223096848,80.1093521118,47608,47618,10
13.1215896606,80.1084365845,47618,47628,10
13.1206998825,80.1076202393,47628,47638,10
13.1202201843,80.1066589355,47638,47648,10
13.1198797226,80.1056671143,47648,47658,10
13.1196699142,80.1045379639,47658,47668,10
13.1195802689,80.1034698486,47668,47678,10
13.1195802689,80.1027297974,47678,47688,10
13.1196203232,80.1023178101,47688,47699,11
13.1196699142,80.1018600464,47699,47709,10
13.1199102402,80.1018829346,47709,47759,50
13.1199102402,80.1018829346,47759,47769,10
13.1199102402,80.1019973755,47769,47779,10
13.1200304031,80.1022415161,47779,49557,1778
13.1197299957,80.1024780273,49557,49588,31
13.1197299957,80.1024780273,49588,49598,10
13.1196804047,80.1028518677,49598,49618,20
13.1196804047,80.1028518677,49618,49628,10
13.1196603775,80.1031112671,49628,49638,10
13.1196498871,80.1033477783,49638,49648,10
13.1196699142,80.1037597656,49648,49658,10
13.1196804047,80.104309082,49658,49668,10
13.1197299957,80.1048965454,49668,49678,10
13.1198997498,80.1056289673,49678,49689,11
13.1205997467,80.1074523926,49689,49699,10
13.1205997467,80.1074523926,49699,49709,10
13.1213197708,80.1081390381,49709,49719,10
13.122010231,80.1088790894,49719,49729,10
13.1225996017,80.1096801758,49729,49739,10
13.1231603622,80.1104888916,49739,49749,10
13.123290062,80.1115036011,49749,49759,10
13.1234502792,80.1125793457,49759,49770,11
13.1237802505,80.113609314,49770,49779,9
13.1239795685,80.1141891479,49779,49791,12
13.1242599487,80.1149215698,49791,49801,10
13.1245298386,80.1156311035,49801,49810,9
13.1247997284,80.1163406372,49810,49821,11
13.125120163,80.117149353,49821,49831,10
13.1254301071,80.1179122925,49831,49841,10
13.1256198883,80.1184463501,49841,49851,10
13.1256303787,80.1184692383,49851,49861,10
13.1256799698,80.1186904907,49861,49871,10
13.1258096695,80.1190872192,49871,49881,10
13.1259403229,80.1194992065,49881,49892,11
13.1261100769,80.1200637817,49892,49902,10
13.1263103485,80.1208190918,49902,49912,10
13.1268100739,80.12159729,49912,49922,10
13.1274404526,80.1223602295,49922,49932,10
13.1280403137,80.1230621338,49932,49942,10
13.1285800934,80.1236801147,49942,49952,10
13.1291303635,80.1242980957,49952,49962,10
13.129650116,80.1249008179,49962,49972,10
13.1300897598,80.1254730225,49972,49982,10
13.1302404404,80.1256790161,49982,49993,11
13.130490303,80.1260070801,49993,50003,10
13.1308097839,80.1264190674,50003,50013,10
13.1311798096,80.1269226074,50013,50023,10
13.131529808,80.1275100708,50023,50033,10
13.1313695908,80.1281890869,50033,50043,10
13.1311903,80.1288528442,50043,50053,10
13.1310100555,80.1295471191,50053,50063,10
13.1308603287,80.1302108765,50063,50073,10
13.1307697296,80.1308288574,50073,50084,11
13.1307601929,80.1314926147,50084,50094,10
13.1307401657,80.1320571899,50094,50104,10
13.1307296753,80.1325378418,50104,50114,10
13.1307401657,80.1328964233,50114,50124,10
13.1307401657,80.1329193115,50124,50134,10
13.1307296753,80.1331634521,50134,50144,10
13.1307201385,80.1335067749,50144,50154,10
13.1307096481,80.1340179443,50154,50164,10
13.1307001114,80.1346206665,50164,50174,10
13.1306495667,80.1352920532,50174,50185,11
13.1305103302,80.1361618042,50185,50195,10
13.1303796768,80.1370773315,50195,50205,10
13.1300697327,80.1380767822,50205,50215,10
13.1292295456,80.1388626099,50215,50225,10
13.1282901764,80.1395874023,50225,50235,10
13.127289772,80.1403427124,50235,50245,10
13.1263904572,80.1409988403,50245,50255,10
13.1257095337,80.1416625977,50255,50265,10
13.1251296997,80.1425476074,50265,50275,10
13.1246099472,80.1434020996,50275,50286,11
13.1241598129,80.1440811157,50286,50296,10
13.1238002777,80.1446685791,50296,50306,10
13.123459816,80.1452407837,50306,50316,10
13.1233701706,80.145401001,50316,50326,10
13.1232404709,80.1455764771,50326,50336,10
13.1229801178,80.1459884644,50336,50346,10
13.1225996017,80.1465835571,50346,50356,10
13.1224098206,80.147277832,50356,50366,10
13.1225204468,80.1480331421,50366,50376,10
13.1226797104,80.1484603882,50376,50387,11
13.1221504211,80.1485290527,50387,50397,10
13.1214799881,80.1485595703,50397,50407,10
13.1209602356,80.1487808228,50407,50417,10
13.12059021,80.1490097046,50417,50427,10
13.1203098297,80.1493225098,50427,50437,10
13.1201200485,80.1495437622,50437,50447,10
13.1200399399,80.1496200562,50447,50457,10
13.1198797226,80.1497497559,50457,50467,10
13.119720459,80.1499710083,50467,50528,61
13.119720459,80.1499710083,50528,50538,10
13.1194601059,80.1500091553,50538,50558,20
13.1194601059,80.1500091553,50558,50568,10
13.1192398071,80.1499023438,50568,50578,10
13.1188602448,80.1498031616,50578,50589,11
13.1186599731,80.1497497559,50589,50599,10
13.1182203293,80.1496734619,50599,50609,10
13.1176099777,80.1494827271,50609,50619,10
13.1170501709,80.1489105225,50619,50629,10
13.1164798737,80.1482620239,50629,50639,10
13.1155996323,80.1478805542,50639,50649,10
13.1147098541,80.1480407715,50649,50659,10
13.1138801575,80.1483535767,50659,50669,10
13.1133298874,80.1489334106,50669,50679,10
13.113120079,80.1498794556,50679,50690,11
13.1123800278,80.1504669189,50690,50700,10
13.1119403839,80.1508636475,50700,50710,10
13.1116800308,80.1511993408,50710,50720,10
13.1112499237,80.1517105103,50720,50730,10
13.1107501984,80.1519317627,50730,50740,10
13.1105604172,80.1519927979,50740,50750,10
13.1104402542,80.1520690918,50750,50760,10
13.1102695465,80.1522521973,50760,50770,10
13.1102600098,80.1522598267,50770,50780,10
13.1100997925,80.1522979736,50780,50791,11
13.1095895767,80.1522293091,50791,50800,9
13.1091995239,80.1521987915,50800,50811,11
13.1088399887,80.1522064209,50811,50821,10
13.1082696915,80.1522521973,50821,50831,10
13.1079301834,80.1522674561,50831,50841,10
13.1075000763,80.1522903442,50841,50851,10
13.106880188,80.1522979736,50851,50861,10
13.1061601639,80.1523513794,50861,50871,10
13.1060600281,80.1523590088,50871,50881,10
13.1058397293,80.1523590088,50881,50892,11
13.1052799225,80.1525115967,50892,50902,10
13.1047697067,80.1529998779,50902,50912,10
13.1043300629,80.1537094116,50912,50922,10
13.1040496826,80.1547012329,50922,50932,10
13.1037902832,80.1558380127,50932,50942,10
13.1035499573,80.1569290161,50942,50952,10
13.1032800674,80.1578903198,50952,50962,10
13.1027202606,80.1585235596,50962,50972,10
13.1023597717,80.1588516235,50972,50982,10
13.1019296646,80.1592788696,50982,50993,11
13.1015996933,80.1596679688,50993,51003,10
13.1014699936,80.1600112915,51003,51013,10
13.1014499664,80.1604385376,51013,51023,10
13.1014604568,80.1607818604,51023,51033,10
13.1014604568,80.1607894897,51033,51043,10
13.1014604568,80.1610412598,51043,51052,9
13.1014795303,80.1614608765,51052,51063,11
13.1015396118,80.1620025635,51063,51144,81
13.1015396118,80.1620025635,51144,51154,10
13.1015100479,80.1622314453,51154,51164,10
13.1014299393,80.1625976563,51164,51174,10
13.1014003754,80.1627883911,51174,51184,10
13.1013097763,80.1632995605,51184,51195,11
13.1011199951,80.1639709473,51195,51205,10
13.100859642,80.1647567749,51205,51215,10
13.1005897522,80.1656265259,51215,51225,10
13.1003599167,80.1663818359,51225,51235,10
13.1001195908,80.1673202515,51235,51244,9
13.100060463,80.168258667,51244,51255,11
13.0999498367,80.169090271,51255,51265,10
13.0999002457,80.1693191528,51265,51275,10
13.0998401642,80.1695709229,51275,51285,10
13.0997800827,80.1698989868,51285,51296,11
13.0997400284,80.1702423096,51296,51306,10
13.0997200012,80.1704711914,51306,51316,10
13.0996103287,80.1709594727,51316,51346,30
13.0996103287,80.1709594727,51346,51356,10
13.0995101929,80.1713027954,51356,51366,10
13.0993299484,80.1718826294,51366,51376,10
13.0990896225,80.1726226807,51376,51386,10
13.0987997055,80.1734008789,51386,51397,11
13.0984296799,80.1742706299,51397,51407,10
13.0981998444,80.1751098633,51407,51416,9
13.0981397629,80.1756362915,51416,51427,11
13.0981197357,80.1758270264,51427,51437,10
13.0980701447,80.1761779785,51437,51447,10
13.0979995728,80.1766204834,51447,51457,10
13.0979003906,80.1772232056,51457,51467,10
13.0978298187,80.177947998,51467,51477,10
13.0977802277,80.1786422729,51477,51488,11
13.097869873,80.1794433594,51488,51498,10
13.0980396271,80.1801071167,51498,51508,10
13.0981302261,80.1804504395,51508,51548,40
13.0981302261,80.1804504395,51548,51558,10
13.0981702805,80.1806030273,51558,51568,10
13.0981903076,80.1806869507,51568,51578,10
13.0982503891,80.1809234619,51578,51589,11
13.0982599258,80.1810379028,51589,51599,10
13.0983400345,80.1812973022,51599,51609,10
13.0984296799,80.181640625,51609,51619,10
13.0984897614,80.1819763184,51619,51629,10
13.0985603333,80.1822662354,51629,51649,20
13.0985603333,80.1822662354,51649,51658,9
13.0986099243,80.182510376,51658,51669,11
13.0987100601,80.1828384399,51669,51679,10
13.0987300873,80.1829376221,51679,51690,11
13.0987901688,80.1831207275,51690,51700,10
13.0988903046,80.1834793091,51700,51710,10
13.0990600586,80.1839599609,51710,51720,10
13.0992202759,80.1843490601,51720,51730,10
13.0992698669,80.1845169067,51730,51740,10
13.0993003845,80.1847305298,51740,51750,10
13.099360466,80.184928894,51750,51760,10
13.0994100571,80.1851501465,51760,51770,10
13.0994300842,80.1853790283,51770,51780,10
13.0995101929,80.185546875,51780,51791,11
13.0995998383,80.1857910156,51791,51801,10
13.0996103287,80.1858901978,51801,51811,10
13.0996303558,80.1861190796,51811,51821,10
13.0996799469,80.1863479614,51821,51831,10
13.0997800827,80.1867370605,51831,51841,10
13.0998401642,80.1870803833,51841,51851,10
13.0999097824,80.1873016357,51851,51861,10
13.1000404358,80.1876983643,51861,51871,10
13.1002397537,80.1881790161,51871,51881,10
13.1005401611,80.1887664795,51881,51892,11
13.1010398865,80.1893386841,51892,51902,10
13.1012601852,80.1896514893,51902,51912,10
13.1012601852,80.189666748,51912,51922,10
13.1012802124,80.1898193359,51922,51932,10
13.1013803482,80.1903076172,51932,51942,10
13.1015195847,80.1910095215,51942,51952,10
13.1016397476,80.1917114258,51952,51962,10
13.1017398834,80.1923217773,51962,51972,10
13.1018400192,80.1928787231,51972,51982,10
13.1019201279,80.1934127808,51982,51993,11
13.1020803452,80.1939315796,51993,52003,10
13.1020898819,80.194519043,52003,52013,10
13.102060318,80.1951217651,52013,52023,10
13.1023197174,80.1959609985,52023,52033,10
13.1026601791,80.1969223022,52033,52043,10
13.1029701233,80.1979522705,52043,52053,10
13.1031303406,80.1988296509,52053,52063,10
13.1031799316,80.1991500854,52063,52073,10
13.1032600403,80.1996765137,52073,52083,10
13.1033802032,80.2004470825,52083,52094,11
13.1034803391,80.2013473511,52094,52104,10
13.1035699844,80.2021331787,52104,52114,10
13.1036396027,80.2027435303,52114,52124,10
13.1036396027,80.2027816772,52124,52134,10
13.1036396027,80.2029571533,52134,52144,10
13.1036996841,80.203453064,52144,52154,10
13.1037998199,80.2041320801,52154,52164,10
13.1038303375,80.2046966553,52164,52174,10
13.1038599014,80.2054901123,52174,52184,10
13.1037797928,80.2062530518,52184,52195,11
13.1035404205,80.2069168091,52195,52204,9
13.1031703949,80.2076873779,52204,52235,31
13.1031703949,80.2076873779,52235,52245,10
13.1030397415,80.2079696655,52245,52255,10
13.1028699875,80.2085189819,52255,52265,10
13.1026802063,80.2090835571,52265,52275,10
13.1026096344,80.2092895508,52275,52286,11
13.1024503708,80.2097473145,52286,52296,10
13.1022195816,80.2104110718,52296,52306,10
13.1019802094,80.21118927,52306,52316,10
13.1017799377,80.2117233276,52316,52325,9
13.1015796661,80.2122573853,52325,52336,11
13.1012001038,80.2133026123,52336,52356,20
13.1012001038,80.2133026123,52356,52366,10
13.101099968,80.2133712769,52366,52376,10
13.1009397507,80.2137374878,52376,52387,11
13.1007699966,80.2143325806,52387,52397,10
13.1007499695,80.2144470215,52397,52407,10
13.1006803513,80.2145767212,52407,52417,10
13.1005296707,80.2148895264,52417,52427,10
13.1003103256,80.2154006958,52427,52437,10
13.0997400284,80.2167434692,52437,52447,10
13.0997400284,80.2167434692,52447,52457,10
13.0995397568,80.2174911499,52457,52467,10
13.0993995667,80.2182388306,52467,52477,10
13.0992898941,80.2189483643,52477,52488,11
13.0992202759,80.2193527222,52488,52498,10
13.0991401672,80.2198028564,52498,52508,10
13.0990200043,80.2203903198,52508,52519,11
13.0988998413,80.2211227417,52519,52528,9
13.0987701416,80.2219085693,52528,52539,11
13.0987501144,80.222366333,52539,52549,10
13.0988798141,80.2230224609,52549,52559,10
13.0993299484,80.2235565186,52559,52569,10
13.0997400284,80.2245635986,52569,52579,10
13.0999097824,80.2253875732,52579,52590,11
13.0999403,80.2256622314,52590,52600,10
13.0999603271,80.2257614136,52600,52610,10
13.1000204086,80.2261581421,52610,52620,10
13.1000404358,80.2267913818,52620,52630,10
13.1000795364,80.2274398804,52630,52639,9
13.0999898911,80.2282028198,52639,52650,11
13.0999002457,80.228729248,52650,52660,10
13.0998001099,80.2293014526,52660,52669,9
13.0996799469,80.229888916,52669,52680,11
13.0995502472,80.2305374146,52680,52701,21
13.0995502472,80.2305374146,52701,52711,10
13.099439621,80.2307434082,52711,52721,10
13.0992603302,80.2310791016,52721,52731,10
13.0990495682,80.2315826416,52731,52741,10
13.098859787,80.2321472168,52741,52751,10
13.0987195969,80.2328262329,52751,52761,10
13.0986299515,80.2332611084,52761,52771,10
13.0985803604,80.2337036133,52771,52781,10
13.0985498428,80.234161377,52781,52802,21
13.0985498428,80.234161377,52802,52812,10
13.0985202789,80.2343978882,52812,52822,10
13.0984296799,80.2349319458,52822,52832,10
13.0983200073,80.2356185913,52832,52842,10
13.0981998444,80.2362823486,52842,52851,9
13.0980997086,80.236831665,52851,52862,11
13.0980100632,80.2375030518,52862,52872,10
13.0978603363,80.2382202148,52872,52882,10
13.0977602005,80.2390594482,52882,52893,11
13.0977096558,80.2395629883,52893,52903,10
13.0976800919,80.240196228,52903,52913,10
13.0976104736,80.2408981323,52913,52923,10
13.0975103378,80.2415237427,52923,52953,30
13.0975103378,80.2415237427,52953,52963,10
13.0974502563,80.2418670654,52963,52973,10
13.0974998474,80.2420883179,52973,52983,10
13.0979404449,80.2421875,52983,52994,11
13.0985298157,80.2422332764,52994,53054,60
13.0985298157,80.2422332764,53054,53064,10
13.098739624,80.2419433594,53064,53115,51
13.098739624,80.2419433594,53115,53125,10
13.0987796783,80.2416763306,53125,53135,10
13.0988302231,80.2413711548,53135,53145,10
13.0988998413,80.2409973145,53145,53155,10
13.098950386,80.2406387329,53155,53165,10
13.0989704132,80.2403717041,53165,53196,31
13.0989704132,80.2403717041,53196,53206,10
13.0990600586,80.2401885986,53206,53216,10
13.099149704,80.2404022217,53216,53226,10
13.0988798141,80.2406005859,53226,53236,10
13.0986404419,80.2409362793,53236,53246,10
13.0983400345,80.2410888672,53246,75491,22245
13.0982599258,80.2412033081,75491,80077,4586
13.0982599258,80.2412033081,80077,80087,10
