13.0264396667,80.2661972046,11,2374,2363
13.0264396667,80.2661972046,2374,2384,10
13.0263004303,80.2662887573,2384,3202,818
13.0264196396,80.2662200928,3202,3727,525
13.02643013,80.2662506104,3727,4071,344
13.0264596939,80.2661209106,4071,4848,777
13.0264596939,80.2661209106,4848,4859,11
13.0263595581,80.2663421631,4859,5454,595
13.0264997482,80.2662582397,5454,10869,5415
13.0263996124,80.2662963867,10869,11657,788
13.0263900757,80.2663421631,11657,15707,4050
13.0264797211,80.2662277222,15707,19475,3768
13.0264396667,80.2661819458,19475,19798,323
13.0264396667,80.2661819458,19798,19800,2
13.0264396667,80.2661819458,19800,20273,473
13.0264101028,80.2662200928,20273,20758,485
13.0264101028,80.2662200928,20758,20768,10
13.0261297226,80.2663116455,20768,20778,10
13.0260601044,80.2662277222,20778,20788,10
13.0261602402,80.2660369873,20788,20798,10
13.0260896683,80.2658615112,20798,20808,10
13.0257997513,80.2656478882,20808,20818,10
13.0253896713,80.265411377,20818,20829,11
13.0252799988,80.2653427124,20829,20839,10
13.0250902176,80.2651596069,20839,20849,10
13.0247297287,80.2648696899,20849,20859,10
13.0242004395,80.2645111084,20859,20869,10
13.0235996246,80.2641601563,20869,20879,10
13.0230197906,80.2638320923,20879,20889,10
13.0224199295,80.2635498047,20889,20899,10
13.0221996307,80.2634429932,20899,20909,10
13.0220403671,80.2633666992,20909,20919,10
13.0217599869,80.2632217407,20919,20930,11
13.0210895538,80.2630462646,20930,20940,10
13.0203504562,80.2630081177,20940,20950,10
13.0196199417,80.2629470825,20950,20960,10
13.0190401077,80.2628707886,20960,20970,10
13.0188798904,80.2623214722,20970,20980,10
13.0187797546,80.2615890503,20980,20990,10
13.0185899734,80.2612533569,20990,21000,10
13.0180301666,80.260887146,21000,21010,10
13.0172395706,80.2603530884,21010,21020,10
13.0165100098,80.2598800659,21020,21031,11
13.0160703659,80.2596893311,21031,21041,10
13.0158596039,80.2595977783,21041,21051,10
13.0153198242,80.2594223022,21051,21061,10
13.0144901276,80.2593307495,21061,21071,10
13.0135698318,80.2592926025,21071,21081,10
13.0126199722,80.2592468262,21081,21091,10
13.0116901398,80.2592086792,21091,21101,10
13.0107498169,80.2592086792,21101,21111,10
13.0097198486,80.2592163086,21111,21121,10
13.008939743,80.2592163086,21121,21132,11
13.008649826,80.2592086792,21132,21142,10
13.0080795288,80.259262085,21142,21152,10
13.0074300766,80.2592697144,21152,21162,10
13.0072002411,80.2587280273,21162,21172,10
13.0071697235,80.2587127686,21172,21182,10
13.0069799423,80.2583312988,21182,21192,10
13.0065002441,80.2575836182,21192,21212,20
13.0065002441,80.2575836182,21212,21222,10
13.0064601898,80.2572402954,21222,21233,11
13.0065002441,80.2564086914,21233,21243,10
13.0064897537,80.2555465698,21243,21253,10
13.0065097809,80.2545700073,21253,21263,10
13.0065002441,80.2537307739,21263,21273,10
13.0065002441,80.2529296875,21273,21283,10
13.0065603256,80.2522506714,21283,21293,10
13.0066604614,80.2517700195,21293,21303,10
13.0067501068,80.2511367798,21303,21313,10
13.0067396164,80.250328064,21313,21323,10
13.0067195892,80.2491226196,21323,21334,11
13.0066299438,80.2476577759,21334,21394,60
13.0066299438,80.2476577759,21394,21404,10
13.0066299438,80.247253418,21404,21421,17
13.0065898895,80.2467422485,21421,21432,11
13.0066003799,80.2465209961,21432,21443,11
13.0066404343,80.2460784912,21443,21453,10
13.0066299438,80.2453765869,21453,21463,10
13.0066299438,80.2444992065,21463,21473,10
13.0066099167,80.2435379028,21473,21483,10
13.0065803528,80.2425689697,21483,21493,10
13.0065698624,80.2415924072,21493,21503,10
13.0066099167,80.2409362793,21503,21513,10
13.0066699982,80.2405166626,21513,21523,10
13.0068397522,80.2398071289,21523,21534,11
13.0069999695,80.2388534546,21534,21544,10
13.0071697235,80.2381134033,21544,21554,10
13.007399559,80.2372131348,21554,21564,10
13.0075998306,80.2362365723,21564,21574,10
13.0077400208,80.2355270386,21574,21584,10
13.0079498291,80.2344589233,21584,21594,10
13.0081100464,80.2336425781,21594,21603,9
13.0083398819,80.232421875,21603,21614,11
13.0085601807,80.2312469482,21614,21624,10
13.0087795258,80.230178833,21624,21635,11
13.0090398788,80.2288894653,21635,21645,10
13.0092802048,80.2279968262,21645,21655,10
13.0096902847,80.2270812988,21655,21665,10
13.0101003647,80.2261962891,21665,21675,10
13.0105199814,80.2253036499,21675,21685,10
13.0109395981,80.2244033813,21685,21695,10
13.0113601685,80.2234573364,21695,21705,10
13.0116996765,80.2225799561,21705,21715,10
13.012049675,80.2216415405,21715,21725,10
13.0124397278,80.2215805054,21725,21736,11
13.0129203796,80.2222213745,21736,21746,10
13.0135498047,80.2229537964,21746,21756,10
13.0140800476,80.2235870361,21756,21766,10
13.0146903992,80.224319458,21766,21776,10
13.0152597427,80.2248535156,21776,21786,10
13.0154600143,80.2249603271,21786,21796,10
13.0155601501,80.2250518799,21796,21806,10
13.0157403946,80.2252120972,21806,21816,10
13.0162601471,80.2253417969,21816,21826,10
13.0170202255,80.2251281738,21826,21837,11
13.0180397034,80.2247314453,21837,21847,10
13.0189800262,80.2243804932,21847,21857,10
13.0198802948,80.2246322632,21857,21867,10
13.0207099915,80.2252502441,21867,21877,10
13.02202034,80.2261962891,21877,21897,20
13.02202034,80.2261962891,21897,21907,10
13.0220804214,80.2262802124,21907,21917,10
13.0224704742,80.2266387939,21917,21927,10
13.0230998993,80.2272186279,21927,21938,11
13.0238599777,80.2279281616,21938,21948,10
13.0244102478,80.2285690308,21948,21958,10
13.0249004364,80.2292480469,21958,21968,10
13.02546978,80.2300186157,21968,21978,10
13.0259199142,80.2308807373,21978,21988,10
13.0261898041,80.2313690186,21988,21998,10
13.0268201828,80.2312088013,21998,22008,10
13.0276699066,80.2310028076,22008,22018,10
13.0284004211,80.2309036255,22018,22028,10
13.0284795761,80.2308883667,22028,22039,11
13.028719902,80.2308578491,22039,22049,10
13.0292701721,80.230796814,22049,22059,10
13.0298099518,80.230758667,22059,22069,10
13.030579567,80.2306976318,22069,22079,10
13.0312004089,80.2306518555,22079,22089,10
13.031999588,80.2305908203,22089,22099,10
13.032959938,80.2305221558,22099,22109,10
13.0339899063,80.2304229736,22109,22129,20
13.0339899063,80.2304229736,22129,22140,11
13.0340900421,80.2304382324,22140,22150,10
13.0343599319,80.2304077148,22150,22160,10
13.0346698761,80.2303390503,22160,22170,10
13.0349397659,80.2302398682,22170,22180,10
13.0350904465,80.2303466797,22180,22190,10
13.0348300934,80.2303695679,22190,22362,172
13.0344800949,80.2303619385,22362,23321,959
13.0344800949,80.2303619385,23321,23331,10
13.0343198776,80.2304229736,23331,23342,11
13.0340299606,80.2304534912,23342,23352,10
13.0336198807,80.23046875,23352,23364,12
13.032959938,80.2304992676,23364,23374,10
13.0324897766,80.2305374146,23374,23383,9
13.0319404602,80.2305984497,23383,23394,11
13.0310897827,80.230682373,23394,23403,9
13.0306596756,80.23072052,23403,23413,10
13.0300798416,80.2307815552,23413,23424,11
13.0298204422,80.2308197021,23424,23435,11
13.0297698975,80.2308425903,23435,23445,10
13.0294599533,80.2308578491,23445,23455,10
13.0288200378,80.2309188843,23455,23465,10
13.0281600952,80.2309799194,23465,23475,10
13.0277500153,80.231048584,23475,23484,9
13.0277004242,80.2313766479,23484,23495,11
13.0277004242,80.2317504883,23495,23505,10
13.0277700424,80.2322235107,23505,23515,10
13.0278301239,80.2326278687,23515,23525,10
13.0275297165,80.2328262329,23525,23536,11
13.0270204544,80.2329177856,23536,23556,20
13.0270204544,80.2329177856,23556,23566,10
13.0268096924,80.233001709,23566,23576,10
13.0265102386,80.2329711914,23576,23586,10
13.0262899399,80.2324829102,23586,23596,10
13.0260601044,80.2316436768,23596,23606,10
13.0257101059,80.2305374146,23606,23616,10
13.0251302719,80.2296524048,23616,23626,10
13.0246200562,80.2290115356,23626,23637,11
13.0245304108,80.2288818359,23637,23647,10
13.0241699219,80.2284698486,23647,23657,10
13.0240402222,80.2283401489,23657,23667,10
13.0239200592,80.2282028198,23667,23677,10
13.0236101151,80.2278289795,23677,23687,10
13.0231599808,80.2273712158,23687,23697,10
13.0226097107,80.2268371582,23697,23707,10
13.0220003128,80.2263031006,23707,23717,10
13.0212402344,80.2257232666,23717,23727,10
13.0205001831,80.2251815796,23727,23738,11
13.019610405,80.2246170044,23738,23748,10
13.0186300278,80.224571228,23748,23758,10
13.0176401138,80.2249526978,23758,23768,10
13.0166797638,80.2253494263,23768,23778,10
13.0159597397,80.2256011963,23778,23788,10
13.0151700974,80.2258987427,23788,23798,10
13.0144195557,80.2262191772,23798,23814,16
13.0141801834,80.2263183594,23814,23826,12
13.013420105,80.226600647,23826,23834,8
13.0127296448,80.2268600464,23834,23845,11
13.0116596222,80.2273178101,23845,23857,12
13.0102996826,80.2278366089,23857,23867,10
13.0093402863,80.2283172607,23867,23877,10
13.0090198517,80.2293395996,23877,23887,10
13.0087604523,80.2306365967,23887,23897,10
13.0085296631,80.2318496704,23897,23907,10
13.0083198547,80.2330932617,23907,23917,10
13.0082998276,80.2334518433,23917,23927,10
13.0082902908,80.2334899902,23927,23938,11
13.0081996918,80.2337722778,23938,23948,10
13.0080299377,80.2343826294,23948,23958,10
13.0078601837,80.2352218628,23958,23968,10
13.0076503754,80.2362823486,23968,23978,10
13.0074100494,80.2374801636,23978,23988,10
13.0072202682,80.2385482788,23988,23998,10
13.0070695877,80.239440918,23998,24008,10
13.0069799423,80.2399978638,24008,24018,10
13.0068798065,80.2404708862,24018,24028,10
13.0068397522,80.240737915,24028,24038,10
13.0067596436,80.2411880493,24038,24049,11
13.0067300797,80.2421875,24049,24059,10
13.0066900253,80.243270874,24059,24069,10
13.006649971,80.2443618774,24069,24079,10
13.006649971,80.2455596924,24079,24089,10
13.0066900253,80.2466430664,24089,24099,10
13.0067195892,80.2473297119,24099,24109,10
13.0067396164,80.2486572266,24109,24119,10
13.0068397522,80.2495193481,24119,24129,10
13.0068597794,80.2495880127,24129,24139,10
13.0068902969,80.2500228882,24139,24150,11
13.0068702698,80.250793457,24150,24160,10
13.0068101883,80.2516098022,24160,24170,10
13.0066099167,80.2526397705,24170,24180,10
13.0065898895,80.2537612915,24180,24190,10
13.0066204071,80.2549209595,24190,24200,10
13.0066299438,80.2560424805,24200,24210,10
13.0066404343,80.2569198608,24210,24220,10
13.0067501068,80.257270813,24220,24251,31
13.0067501068,80.257270813,24251,24261,10
13.0068101883,80.2576065063,24261,24271,10
13.0071802139,80.2582626343,24271,24281,10
13.0077495575,80.2586212158,24281,24291,10
13.0077896118,80.2586593628,24291,24301,10
13.0079298019,80.2587585449,24301,24311,10
13.0083703995,80.2589263916,24311,24321,10
13.0091600418,80.2590789795,24321,24330,9
13.0101299286,80.2590789795,24330,24341,11
13.0115499496,80.2590789795,24341,24351,10
13.0128898621,80.2591094971,24351,24362,11
13.0144195557,80.2591705322,24362,24372,10
13.0165195465,80.2597503662,24372,24392,20
13.0165195465,80.2597503662,24392,24402,10
13.0166501999,80.2598419189,24402,24412,10
13.0170898438,80.2601394653,24412,24422,10
13.017780304,80.2606201172,24422,24435,13
13.0187397003,80.2612762451,24435,24445,10
13.0193195343,80.2618103027,24445,24455,10
13.0199203491,80.2624130249,24455,24466,11
13.02023983,80.2626419067,24466,24476,10
13.0203104019,80.2626724243,24476,24486,10
13.0207099915,80.2628326416,24486,24496,10
13.0213403702,80.2630386353,24496,24506,10
13.0219602585,80.2632904053,24506,24516,10
13.0222196579,80.2634277344,24516,24526,10
13.0226898193,80.2636871338,24526,24536,10
13.0233001709,80.2640075684,24536,24546,10
13.0239095688,80.2643585205,24546,24556,10
13.024600029,80.2648086548,24556,24567,11
13.0252895355,80.2653427124,24567,24577,10
13.0259799957,80.2657470703,24577,24587,10
13.0263595581,80.2657394409,24587,24597,10
13.0264196396,80.2651519775,24597,24607,10
13.0265598297,80.2639694214,24607,24627,20
13.0265598297,80.2639694214,24627,24637,10
13.026599884,80.2638168335,24637,24647,10
13.0267496109,80.263420105,24647,24657,10
13.0273399353,80.2635574341,24657,24667,10
13.0280599594,80.2637786865,24667,24678,11
13.0282402039,80.2638015747,24678,24688,10
13.0286397934,80.2639007568,24688,24698,10
13.0291595459,80.2640380859,24698,24708,10
13.0293302536,80.2642974854,24708,24718,10
13.0293102264,80.2648086548,24718,24728,10
13.0292701721,80.2654495239,24728,24738,10
13.0292701721,80.2660522461,24738,24748,10
13.0292701721,80.2660903931,24748,24758,10
13.0292301178,80.2664413452,24758,24779,21
13.0292301178,80.2664413452,24779,24789,10
13.0295200348,80.2666015625,24789,24799,10
13.0301198959,80.2667007446,24799,24809,10
13.0307598114,80.2667770386,24809,24819,10
13.0312299728,80.2669067383,24819,24829,10
13.0317602158,80.2671585083,24829,24839,10
13.0323600769,80.2674331665,24839,24849,10
13.0331201553,80.2677307129,24849,24859,10
13.0333404541,80.267791748,24859,24872,13
13.0334796906,80.267829895,24872,24883,11
13.0338802338,80.267906189,24883,24893,10
13.0344400406,80.2679901123,24893,24933,40
13.0344400406,80.2679901123,24933,24943,10
13.0344200134,80.268081665,24943,24953,10
13.0340795517,80.2679977417,24953,24963,10
13.0336999893,80.2679367065,24963,24973,10
13.0334501266,80.2678833008,24973,25585,612
13.0334501266,80.2678833008,25585,25595,10
13.0332098007,80.2677001953,25595,25605,10
13.0329704285,80.2676773071,25605,25615,10
13.0326404572,80.2675628662,25615,25628,13
13.0322704315,80.2673187256,25628,25638,10
13.0317802429,80.2671432495,25638,25648,10
13.03125,80.2669525146,25648,25658,10
13.0308198929,80.2668228149,25658,25668,10
13.0298995972,80.2666473389,25668,25688,20
13.0298995972,80.2666473389,25688,25698,10
13.0295295715,80.2665863037,25698,25708,10
13.0292396545,80.2665100098,25708,25719,11
13.0289096832,80.2664031982,25719,25729,10
13.0284404755,80.2662963867,25729,25739,10
13.0279197693,80.2661972046,25739,25749,10
13.0274095535,80.2660827637,25749,25759,10
13.0267601013,80.2659988403,25759,25769,10
13.0262098312,80.26587677,25769,25779,10
13.0257101059,80.2656021118,25779,25789,10
13.0253400803,80.26537323,25789,25799,10
13.0252304077,80.2652893066,25799,25809,10
13.0249099731,80.2650527954,25809,25820,11
13.0242996216,80.2645797729,25820,25830,10
13.0236301422,80.2641983032,25830,25840,10
13.0228204727,80.2637863159,25840,25848,8
13.0222597122,80.2635116577,25848,25860,12
13.0221004486,80.2634124756,25860,25870,10
13.0219402313,80.2633285522,25870,25880,10
13.0214996338,80.263130188,25880,25890,10
13.0209703445,80.2630310059,25890,25900,10
13.0207195282,80.2630081177,25900,25910,10
13.0204401016,80.2630081177,25910,25920,10
13.0199804306,80.2629776001,25920,25931,11
13.0192499161,80.2629165649,25931,25941,10
13.0190000534,80.2625579834,25941,25954,13
13.0188102722,80.2615203857,25954,25964,10
13.0183000565,80.2610397339,25964,25974,10
13.0174398422,80.2604675293,25974,25984,10
13.0164899826,80.2598724365,25984,25994,10
13.0160903931,80.2596817017,25994,26004,10
13.0160303116,80.2596435547,26004,26014,10
13.0155496597,80.2594528198,26014,26024,10
13.0147304535,80.2593231201,26024,26035,11
13.0136604309,80.2592697144,26035,26045,10
13.0126104355,80.2592315674,26045,26055,10
13.0116195679,80.2592010498,26055,26065,10
13.0105495453,80.2592086792,26065,26075,10
13.0094203949,80.2591934204,26075,26085,10
13.0087995529,80.2591629028,26085,26095,10
13.0083599091,80.2591400146,26095,26105,10
13.0076503754,80.2593383789,26105,26115,10
13.0072498322,80.2588195801,26115,26125,10
13.0072002411,80.258682251,26125,26136,11
13.0070104599,80.2583084106,26136,26146,10
13.0065202713,80.2576065063,26146,26197,51
13.0065097809,80.2573394775,26197,26258,61
13.0065097809,80.2573394775,26258,26268,10
13.0065498352,80.2571029663,26268,26281,13
13.0065202713,80.2562484741,26281,26291,10
13.0065402985,80.2552871704,26291,26301,10
13.006529808,80.2543487549,26301,26311,10
13.0065402985,80.2533111572,26311,26321,10
13.0065402985,80.2529602051,26321,26331,10
13.0065698624,80.2525100708,26331,26341,10
13.0066795349,80.251739502,26341,26352,11
13.0067996979,80.2506637573,26352,26362,10
13.0068101883,80.2497406006,26362,26372,10
13.0067501068,80.2487716675,26372,26382,10
13.0066604614,80.2474365234,26382,26453,71
13.0066604614,80.2474365234,26453,26463,10
13.0066995621,80.2472229004,26463,26473,10
13.0066099167,80.2464981079,26473,26493,20
13.0066099167,80.2464981079,26493,26503,10
13.0066299438,80.2463531494,26503,26513,10
13.006649971,80.2457427979,26513,26523,10
13.0066404343,80.2448120117,26523,26533,10
13.0066299438,80.2437820435,26533,26543,10
13.0066099167,80.2428436279,26543,26554,11
13.0065603256,80.2416763306,26554,26564,10
13.0065603256,80.241569519,26564,26574,10
13.0065803528,80.2412719727,26574,26584,10
13.0067396164,80.2406768799,26584,26593,9
13.0068597794,80.2398529053,26593,26606,13
13.0071697235,80.2382965088,26606,26616,10
13.007399559,80.237159729,26616,26626,10
13.0074195862,80.2367630005,26626,26636,10
13.0074396133,80.2367019653,26636,26646,10
13.0075798035,80.2362289429,26646,26657,11
13.0077800751,80.2353286743,26657,26667,10
13.0080003738,80.2342834473,26667,26677,10
13.0082397461,80.2329177856,26677,26687,10
13.0085000992,80.2314910889,26687,26697,10
13.0087795258,80.2300796509,26697,26707,10
13.009059906,80.2286300659,26707,26717,10
13.0094995499,80.2274169922,26717,26727,10
13.0101099014,80.2261428833,26727,26737,10
13.010720253,80.224899292,26737,26747,10
13.011179924,80.2238922119,26747,26758,11
13.0114002228,80.2233276367,26758,26768,10
13.0115203857,80.2230377197,26768,26778,10
13.0117998123,80.2223129272,26778,26788,10
13.0120897293,80.2215423584,26788,26797,9
13.0124397278,80.2215576172,26797,26809,12
13.0128803253,80.2221832275,26809,26819,10
13.013420105,80.2227935791,26819,26829,10
13.0141401291,80.2234115601,26829,26839,10
13.0144996643,80.2238616943,26839,26849,10
13.0149803162,80.2244796753,26849,26860,11
13.0155096054,80.2249679565,26860,26890,30
13.0155096054,80.2249679565,26890,26900,10
13.0157499313,80.2251815796,26900,26910,10
13.016289711,80.2253799438,26910,26920,10
13.0170898438,80.2251434326,26920,26938,18
13.0187797546,80.2244567871,26938,26950,12
13.0197601318,80.2245635986,26950,26971,21
13.0197601318,80.2245635986,26971,26981,10
13.0198402405,80.2246017456,26981,26991,10
13.020190239,80.2248687744,26991,27001,10
13.0208797455,80.2253799438,27001,27011,10
13.0218601227,80.2260665894,27011,27020,9
13.0220298767,80.2262191772,27020,27031,11
13.0221700668,80.226348877,27031,27041,10
13.0226697922,80.2267913818,27041,27052,11
13.0234603882,80.2275085449,27052,27061,9
13.0239696503,80.2279586792,27061,27072,11
13.0243597031,80.2283782959,27072,27082,10
13.0245399475,80.2286529541,27082,27092,10
13.0248403549,80.229133606,27092,27102,10
13.0253295898,80.2297821045,27102,27112,10
13.0258598328,80.2306671143,27112,27122,10
13.0260601044,80.2312164307,27122,27132,10
13.0261497498,80.2313537598,27132,27142,10
13.0266304016,80.2312393188,27142,27153,11
13.0275497437,80.231010437,27153,27163,10
13.0284204483,80.2309188843,27163,27173,10
13.0285396576,80.2309036255,27173,27183,10
13.0289802551,80.2308578491,27183,27193,10
13.0295600891,80.2308120728,27193,27203,10
13.0301198959,80.2307662964,27203,27212,9
13.0305995941,80.2307434082,27212,27223,11
13.0306797028,80.2307434082,27223,27233,10
13.0307703018,80.23072052,27233,27244,11
13.0310401917,80.2306976318,27244,27254,10
13.0317201614,80.2306518555,27254,27264,10
13.032699585,80.2305603027,27264,27274,10
13.033659935,80.2304916382,27274,27284,10
13.034620285,80.2303619385,27284,27304,20
13.0348100662,80.2302703857,27304,27355,51
13.0348100662,80.2302703857,27355,27365,10
13.0348596573,80.2302474976,27365,27375,10
13.0349197388,80.2300415039,27375,27385,10
13.0346603394,80.2300415039,27385,27729,344
13.0342998505,80.2301177979,27729,28679,950
13.0342998505,80.2301177979,28679,28689,10
13.0341701508,80.2304534912,28689,28699,10
13.0340795517,80.2304763794,28699,28709,10
13.0334701538,80.2304992676,28709,28729,20
13.0334701538,80.2304992676,28729,28739,10
13.0331001282,80.2305221558,28739,28749,10
13.032409668,80.2305908203,28749,28759,10
13.0316095352,80.2306518555,28759,28769,10
13.0307998657,80.2307281494,28769,28780,11
13.0300798416,80.2308120728,28780,28790,10
13.0298700333,80.2308425903,28790,28800,10
13.0298204422,80.2308425903,28800,28810,10
13.0295200348,80.2308731079,28810,28820,10
13.0289402008,80.2309188843,28820,28830,10
13.0283002853,80.2310028076,28830,28840,10
13.0277500153,80.2310409546,28840,28850,10
13.0276699066,80.231338501,28850,28860,10
13.0277395248,80.2319564819,28860,28870,10
13.0278596878,80.2326507568,28870,28881,11
13.0270595551,80.2329711914,28881,28911,30
13.0270595551,80.2329711914,28911,28921,10
13.0269203186,80.2329864502,28921,28931,10
13.0266399384,80.2330322266,28931,28941,10
13.0263795853,80.2327804565,28941,28951,10
13.0262203217,80.2322387695,28951,28961,10
13.0260295868,80.2315826416,28961,28971,10
13.0258398056,80.2309265137,28971,28982,11
13.0255203247,80.2302703857,28982,28992,10
13.0250701904,80.2296066284,28992,29002,10
13.0247297287,80.2291870117,29002,29012,10
13.0244197845,80.2287902832,29012,29022,10
13.0241603851,80.2284927368,29022,29032,10
13.0240697861,80.2283782959,29032,29042,10
13.0240097046,80.2282333374,29042,29052,10
13.0236196518,80.2277908325,29052,29062,10
13.0229997635,80.2272186279,29062,29072,10
13.0222301483,80.2265319824,29072,29083,11
13.0214395523,80.2258987427,29083,29093,10
13.0207595825,80.2253723145,29093,29103,10
13.0201702118,80.2249679565,29103,29113,10
13.0194702148,80.2245635986,29113,29123,10
13.0186300278,80.224609375,29123,29133,10
13.0178003311,80.2249298096,29133,29143,10
13.0169200897,80.2253036499,29143,29153,10
13.0163402557,80.2255401611,29153,29163,10
13.0156803131,80.2257537842,29163,29173,10
13.014960289,80.2260284424,29173,29184,11
13.0144195557,80.2262191772,29184,29194,10
13.0142297745,80.2263336182,29194,29204,10
13.014169693,80.2263412476,29204,29214,10
13.0139198303,80.2264480591,29214,29224,10
13.0133600235,80.2266387939,29224,29234,10
13.012550354,80.2269363403,29234,29244,10
13.0115499496,80.2273406982,29244,29254,10
13.0104598999,80.2277908325,29254,29264,10
13.0094203949,80.2282333374,29264,29274,10
13.0089998245,80.2292175293,29274,29285,11
13.0087404251,80.2306137085,29285,29295,10
13.0084896088,80.231880188,29295,29305,10
13.0082998276,80.2329788208,29305,29315,10
13.0082397461,80.2335891724,29315,29335,20
13.0082397461,80.2335891724,29335,29345,10
13.0081396103,80.2339477539,29345,29355,10
13.0080404282,80.2344512939,29355,29365,10
13.0079698563,80.2347564697,29365,29375,10
13.0079298019,80.2349700928,29375,29386,11
13.0078496933,80.2352676392,29386,29396,10
13.007809639,80.2355499268,29396,29406,10
13.0077199936,80.2360610962,29406,29416,10
13.0076503754,80.2363967896,29416,29426,10
13.0075502396,80.236869812,29426,29456,30
13.0075502396,80.236869812,29456,29466,10
13.0074996948,80.2370376587,29466,29476,10
13.0074300766,80.2374420166,29476,29487,11
13.0073699951,80.23777771,29487,29497,10
13.0073003769,80.2382507324,29497,29507,10
13.0071201324,80.2392272949,29507,29577,70
13.0071201324,80.2392272949,29577,29588,11
13.007060051,80.2395401001,29588,29598,10
13.0069303513,80.2402572632,29598,29608,10
13.0068597794,80.2408599854,29608,29618,10
13.0068597794,80.2408828735,29618,29628,10
13.0067996979,80.2413101196,29628,29638,10
13.0067501068,80.2421569824,29638,29648,10
13.0067396164,80.2427368164,29648,29658,10
13.0067195892,80.243057251,29658,29668,10
13.0067195892,80.2432327271,29668,29678,10
13.0066995621,80.2433929443,29678,29689,11
13.0066995621,80.2437973022,29689,29699,10
13.0066995621,80.2442474365,29699,29709,10
13.0066995621,80.2451171875,29709,29749,40
13.0066995621,80.2451171875,29749,29759,10
13.0067195892,80.2455215454,29759,29779,20
13.0067195892,80.2455215454,29779,29790,11
13.0067300797,80.2459106445,29790,29800,10
13.0067300797,80.2463989258,29800,29810,10
13.0067195892,80.2469177246,29810,29820,10
13.0066995621,80.2476501465,29820,29830,10
13.0067300797,80.2485733032,29830,29840,10
13.006819725,80.2491989136,29840,29850,10
13.0068702698,80.2495727539,29850,29860,10
13.0068798065,80.2495803833,29860,29870,10
13.0068798065,80.2496871948,29870,29880,10
13.0068397522,80.2501831055,29880,29891,11
13.0067996979,80.2511062622,29891,29931,40
13.0067996979,80.2511062622,29931,29941,10
13.0068702698,80.2512283325,29941,29951,10
13.006770134,80.2516708374,29951,29961,10
13.0066003799,80.2524795532,29961,29971,10
13.0065698624,80.2529830933,29971,29981,10
13.0065603256,80.2535171509,29981,29991,10
13.0066003799,80.2545166016,29991,30002,11
13.0066404343,80.2556533813,30002,30012,10
13.0066604614,80.2568206787,30012,30022,10
13.0068101883,80.2577667236,30022,30032,10
13.0076999664,80.2586364746,30032,30052,20
13.0076999664,80.2586364746,30052,30062,10
13.0079402924,80.2587432861,30062,30072,10
13.0084400177,80.2589416504,30072,30082,10
13.0088701248,80.2590637207,30082,30092,10
13.0095796585,80.2590713501,30092,30103,11
13.010720253,80.2590789795,30103,30113,10
13.0119495392,80.2590713501,30113,30123,10
13.0132904053,80.2591171265,30123,30133,10
13.0145797729,80.2591781616,30133,30143,10
13.0155496597,80.2592391968,30143,30153,10
13.0162200928,80.2595214844,30153,30173,20
13.0162200928,80.2595214844,30173,30183,10
13.0163602829,80.2596511841,30183,30194,11
13.0165195465,80.2597503662,30194,30224,30
13.0165195465,80.2597503662,30224,30234,10
13.0166597366,80.2598571777,30234,30244,10
13.0168504715,80.260017395,30244,30254,10
13.017250061,80.2602767944,30254,30264,10
13.0178699493,80.2607116699,30264,30274,10
13.0184698105,80.2611236572,30274,30284,10
13.0189199448,80.2614822388,30284,30294,10
13.0192403793,80.2617492676,30294,30305,11
13.0197200775,80.2622299194,30305,30315,10
13.0202798843,80.2626571655,30315,30325,10
13.0209503174,80.2629089355,30325,30335,10
13.021730423,80.2631912231,30335,30345,10
13.0221300125,80.263381958,30345,30355,10
13.0226202011,80.263633728,30355,30365,10
13.023059845,80.2638626099,30365,30375,10
13.0230798721,80.2639312744,30375,30385,10
13.023440361,80.2641296387,30385,30395,10
13.024020195,80.2644195557,30395,30406,11
13.0246295929,80.2648391724,30406,30416,10
13.0250701904,80.2651824951,30416,30426,10
13.0256004333,80.2655410767,30426,30436,10
13.0262498856,80.26587677,30436,30446,10
13.0263595581,80.2655105591,30446,30456,10
13.0263996124,80.2649612427,30456,30466,10
13.0264902115,80.2642211914,30466,30476,10
13.0264997482,80.2640762329,30476,30486,10
13.0265398026,80.2637329102,30486,30497,11
13.026720047,80.2633895874,30497,30507,10
13.0272302628,80.263458252,30507,30517,10
13.0277500153,80.2635803223,30517,30527,10
13.028260231,80.2637405396,30527,30537,10
13.0283699036,80.2637863159,30537,30547,10
13.0288200378,80.263923645,30547,30557,10
13.0293197632,80.2641296387,30557,30567,10
13.0293197632,80.2645874023,30567,30577,10
13.0292797089,80.2654190063,30577,30587,10
13.0292596817,80.2660064697,30587,30597,10
13.0292596817,80.2660293579,30597,30608,11
13.0292196274,80.2664108276,30608,30618,10
13.0292901993,80.2665405273,30618,30627,9
13.0296096802,80.2665863037,30627,30638,11
13.0301504135,80.2666625977,30638,30647,9
13.030790329,80.2667617798,30647,30658,11
13.0311698914,80.2668762207,30658,30668,10
13.0318002701,80.2671203613,30668,30678,10
13.0324897766,80.2674484253,30678,30688,10
13.0329399109,80.2677078247,30688,30698,10
13.0334997177,80.2678070068,30698,30719,21
13.0334997177,80.2678070068,30719,30729,10
13.0338401794,80.267906189,30729,30739,10
13.0343999863,80.2679977417,30739,30749,10
13.0345697403,80.2679901123,30749,30759,10
13.034529686,80.2681427002,30759,30769,10
13.034330368,80.2680435181,30769,30779,10
13.0341501236,80.2679672241,30779,30789,10
13.0334196091,80.2678833008,30789,31345,556
13.0334196091,80.2678833008,31345,31355,10
13.0332298279,80.2677764893,31355,31365,10
13.0328702927,80.2677230835,31365,31375,10
13.0326404572,80.2676010132,31375,31385,10
13.032500267,80.2674713135,31385,31395,10
13.0323400497,80.2674102783,31395,31405,10
13.0319099426,80.2671813965,31405,31416,11
13.0313301086,80.2669372559,31416,31426,10
13.0307197571,80.2667617798,31426,31436,10
13.0298900604,80.2666320801,31436,31456,20
13.0298900604,80.2666320801,31456,31466,10
13.0295000076,80.2665863037,31466,31476,10
13.0291996002,80.2664413452,31476,31486,10
13.0286598206,80.2662887573,31486,31496,10
13.0281400681,80.2661590576,31496,31506,10
13.0275201797,80.2660903931,31506,31517,11
13.02684021,80.2660369873,31517,31527,10
13.026309967,80.2659301758,31527,31537,10
13.0260601044,80.2658004761,31537,31547,10
13.0256700516,80.2655715942,31547,31557,10
13.0252799988,80.2653427124,31557,31567,10
13.0252599716,80.2653427124,31567,31577,10
13.0251903534,80.2653274536,31577,31587,10
13.0249099731,80.2651062012,31587,31597,10
13.0244197845,80.2647018433,31597,31607,10
13.0238103867,80.2642974854,31607,31618,11
13.0230398178,80.2638626099,31618,31628,10
13.0223398209,80.2634429932,31628,31638,10
13.0221395493,80.263381958,31638,31648,10
13.0220804214,80.2633590698,31648,31658,10
13.0218801498,80.2632904053,31658,31668,10
13.0213899612,80.2630691528,31668,31678,10
13.0205898285,80.2630386353,31678,31688,10
13.0201702118,80.2630615234,31688,31698,10
13.0197601318,80.2630233765,31698,31708,10
13.0192203522,80.2629394531,31708,31719,11
13.0189800262,80.2625808716,31719,31729,10
13.0188798904,80.2619018555,31729,31739,10
13.0188302994,80.2616195679,31739,31749,10
13.0187301636,80.2613601685,31749,31759,10
13.018409729,80.2611236572,31759,31769,10
13.0180196762,80.2609176636,31769,31779,10
13.0174999237,80.260559082,31779,31789,10
13.0168104172,80.2600784302,31789,31799,10
13.0162696838,80.2597885132,31799,31809,10
13.0162601471,80.2597808838,31809,31820,11
13.0160598755,80.2596588135,31820,31830,10
13.0155801773,80.2594604492,31830,31840,10
13.0146903992,80.2593231201,31840,31850,10
13.0137395859,80.2592697144,31850,31860,10
13.0126600266,80.2592391968,31860,31870,10
13.0116300583,80.2592010498,31870,31880,10
13.0107498169,80.2592010498,31880,31890,10
13.0100097656,80.2592697144,31890,31900,10
13.0098400116,80.259262085,31900,31910,10
13.0097198486,80.2592468262,31910,31921,11
13.0092000961,80.2593002319,31921,31931,10
13.0088596344,80.2592468262,31931,31941,10
13.0085802078,80.2592163086,31941,31951,10
13.0080099106,80.2592315674,31951,31961,10
13.0074396133,80.2592086792,31961,31971,10
13.0072002411,80.2586975098,31971,31981,10
13.0071897507,80.258682251,31981,31991,10
13.0071001053,80.2585525513,31991,32001,10
13.0068101883,80.2580337524,32001,32011,10
13.0065097809,80.2576675415,32011,32112,101
13.0065097809,80.2576675415,32112,32123,11
13.0064897537,80.2573394775,32123,32133,10
13.0064496994,80.256729126,32133,32143,10
13.0064496994,80.2559127808,32143,32152,9
13.0064601898,80.2552032471,32152,32163,11
13.0064601898,80.2543487549,32163,32173,10
13.0064601898,80.2534866333,32173,32182,9
13.0064601898,80.2532730103,32182,32192,10
13.0064496994,80.2532196045,32192,32203,11
13.0064496994,80.2527770996,32203,32213,10
13.006529808,80.252243042,32213,32224,11
13.0067300797,80.2512588501,32224,32234,10
13.0067195892,80.2504730225,32234,32244,10
13.0067396164,80.250289917,32244,32304,60
13.0067396164,80.250289917,32304,32314,10
13.0067596436,80.2501602173,32314,32325,11
13.0067396164,80.249961853,32325,32335,10
13.0067195892,80.2497634888,32335,32345,10
13.0067100525,80.2495193481,32345,32355,10
13.0066900253,80.249168396,32355,32365,10
13.0066404343,80.248588562,32365,32456,91
13.0066299438,80.2483825684,32456,32577,121
13.0066299438,80.2483825684,32577,32587,10
13.006649971,80.2483596802,32587,32597,10
13.0066404343,80.2481231689,32597,32607,10
13.0066404343,80.2477416992,32607,32617,10
13.0065803528,80.2468032837,32617,32648,31
13.0065803528,80.2468032837,32648,32658,10
13.0065898895,80.2463989258,32658,32668,10
13.0066204071,80.2456436157,32668,32678,10
13.0065803528,80.2449874878,32678,32688,10
13.0065803528,80.2445526123,32688,32698,10
13.0065698624,80.2442016602,32698,32708,10
13.0066003799,80.2438278198,32708,32718,10
13.0065698624,80.2434005737,32718,32729,11
13.0065498352,80.2426986694,32729,32739,10
13.0065698624,80.2417678833,32739,32749,10
13.0065698624,80.2413787842,32749,32759,10
13.0066003799,80.2411193848,32759,32830,71
13.0065898895,80.2409973145,32830,32860,30
13.0065898895,80.2409973145,32860,32870,10
13.0066604614,80.2406005859,32870,32880,10
13.0067396164,80.2401885986,32880,32890,10
13.0068998337,80.2395095825,32890,32900,10
13.0070896149,80.2384567261,32900,32910,10
13.0072698593,80.2376708984,32910,32920,10
13.0073699951,80.2369766235,32920,32941,21
13.0073699951,80.2369766235,32941,32951,10
13.0074596405,80.2366485596,32951,32961,10
13.0076198578,80.2360305786,32961,32971,10
13.0077896118,80.235168457,32971,32981,10
13.0079898834,80.2342071533,32981,32991,10
13.0082302094,80.2330169678,32991,33001,10
13.0084600449,80.2318267822,33001,33011,10
13.0086803436,80.2305679321,33011,33021,10
13.0089502335,80.2292480469,33021,33030,9
13.0092000961,80.2282028198,33030,33042,12
13.0096597672,80.2271118164,33042,33052,10
13.0102100372,80.2259368896,33052,33062,10
13.0106401443,80.2250823975,33062,33072,10
13.0109500885,80.2243804932,33072,33082,10
13.0111999512,80.2238235474,33082,33092,10
13.0114603043,80.2232131958,33092,33102,10
13.0117397308,80.2224502563,33102,33112,10
13.0120201111,80.2216262817,33112,33122,10
13.0123300552,80.2215576172,33122,33131,9
13.0126304626,80.2220077515,33131,33143,12
13.0131797791,80.2225494385,33143,33153,10
13.013710022,80.2230987549,33153,33163,10
13.0142402649,80.2235412598,33163,33173,10
13.0144701004,80.2238769531,33173,33183,10
13.014960289,80.2245178223,33183,33193,10
13.0153102875,80.2248382568,33193,33213,20
13.0153102875,80.2248382568,33213,33223,10
13.0156602859,80.2250213623,33223,33233,10
13.0162296295,80.2252807617,33233,33243,10
13.0171604156,80.2250366211,33243,33254,11
13.0183601379,80.2245635986,33254,33264,10
13.0194597244,80.2243804932,33264,33294,30
13.0194597244,80.2243804932,33294,33304,10
13.0197200775,80.2245864868,33304,33314,10
13.0200996399,80.2248382568,33314,33324,10
13.02064991,80.2252197266,33324,33334,10
13.021109581,80.2255706787,33334,33345,11
13.0218000412,80.2260437012,33345,33355,10
13.0219202042,80.2261428833,33355,33365,10
13.0219497681,80.2261505127,33365,33375,10
13.0222797394,80.2264404297,33375,33385,10
13.0227298737,80.2268218994,33385,33395,10
13.0229301453,80.2269897461,33395,33405,10
13.023059845,80.2271270752,33405,33415,10
13.0232200623,80.2273025513,33415,33425,10
13.0234804153,80.2275314331,33425,33435,10
13.0237598419,80.2277526855,33435,33446,11
13.0240602493,80.2280578613,33446,33496,50
13.0240602493,80.2280578613,33496,33506,10
13.0243597031,80.2284317017,33506,33516,10
13.0245704651,80.2287368774,33516,33526,10
13.0247001648,80.2289276123,33526,33536,10
13.0248603821,80.2291793823,33536,33547,11
13.0252799988,80.2297286987,33547,33557,10
13.0256004333,80.2301483154,33557,33567,10
13.0257501602,80.2304000854,33567,33577,10
13.0259399414,80.2307434082,33577,33627,50
13.0259399414,80.2307434082,33627,33637,10
13.0260601044,80.2310562134,33637,33648,11
13.0263299942,80.2313079834,33648,33658,10
13.0270395279,80.2311172485,33658,33668,10
13.0279302597,80.2309417725,33668,33678,10
13.028550148,80.2308807373,33678,33694,16
13.0287303925,80.2308578491,33694,33706,12
13.0291996002,80.230796814,33706,33716,10
13.0292901993,80.2307891846,33716,33726,10
13.029419899,80.2307815552,33726,33736,10
13.0297403336,80.2307662964,33736,33746,10
13.0300197601,80.2307434082,33746,33757,11
13.0301599503,80.2307128906,33757,33767,10
13.030380249,80.2307128906,33767,33777,10
13.0307598114,80.2306900024,33777,33787,10
13.0314502716,80.2306213379,33787,33797,10
13.0322504044,80.2305603027,33797,33806,9
13.0330600739,80.2304763794,33806,33817,11
13.0338697433,80.2304077148,33817,33827,10
13.0342903137,80.2303924561,33827,33837,10
13.0347499847,80.2302398682,33837,33868,31
13.0347499847,80.2302398682,33868,33878,10
13.0349998474,80.230140686,33878,33888,10
13.034910202,80.2299728394,33888,33898,10
13.0343704224,80.2300186157,33898,34434,536
13.0343704224,80.2300186157,34434,34444,10
13.0341901779,80.2303085327,34444,34485,41
13.0341901779,80.2303085327,34485,34495,10
13.0341596603,80.2304611206,34495,34505,10
13.0335302353,80.2304763794,34505,34525,20
13.0335302353,80.2304763794,34525,34535,10
13.0331201553,80.2304992676,34535,34545,10
13.0324602127,80.2305526733,34545,34555,10
13.0319404602,80.2305984497,34555,34566,11
13.0311403275,80.2306594849,34566,34576,10
13.0307798386,80.23072052,34576,34586,10
13.0302696228,80.230758667,34586,34597,11
13.0298204422,80.2308120728,34597,34607,10
13.0298099518,80.230796814,34607,34617,10
13.0296201706,80.2308197021,34617,34627,10
13.0291595459,80.2308731079,34627,34637,10
13.0285100937,80.2309188843,34637,34647,10
13.0278501511,80.2309799194,34647,34658,11
13.027759552,80.231338501,34658,34668,10
13.0278196335,80.2320785522,34668,34677,9
13.0279197693,80.2326431274,34677,34688,11
13.0274496078,80.2328491211,34688,34708,20
13.0274496078,80.2328491211,34708,34718,10
13.027299881,80.2328720093,34718,34728,10
13.0271100998,80.2329025269,34728,34738,10
13.0269498825,80.2329483032,34738,34748,10
13.0267000198,80.2329788208,34748,34758,10
13.0264396667,80.232749939,34758,34769,11
13.0263595581,80.2325592041,34769,34789,20
13.0263595581,80.2325592041,34789,34799,10
13.026309967,80.2322616577,34799,34809,10
13.0262203217,80.231918335,34809,34819,10
13.0261497498,80.2315597534,34819,34829,10
13.0259599686,80.2309036255,34829,34839,10
13.0255002975,80.2300796509,34839,34849,10
13.0249996185,80.2294311523,34849,34859,10
13.0248298645,80.2292175293,34859,34870,11
13.0247001648,80.2290878296,34870,34880,10
13.0246200562,80.2289886475,34880,34890,10
13.0245800018,80.2289428711,34890,34900,10
13.0239801407,80.2282180786,34900,34920,20
13.0239801407,80.2282180786,34920,34930,10
13.0239696503,80.228187561,34930,34940,10
13.0237102509,80.2278823853,34940,34950,10
13.0232400894,80.2274093628,34950,34960,10
13.022600174,80.2268600464,34960,34971,11
13.0217103958,80.2261199951,34971,34981,10
13.0207500458,80.2253494263,34981,34991,10
13.019949913,80.224822998,34991,35011,20
13.019949913,80.224822998,35011,35021,10
13.0196504593,80.2246170044,35021,35031,10
13.018989563,80.2244567871,35031,35041,10
13.0180702209,80.2247467041,35041,35051,10
13.0170202255,80.2251815796,35051,35061,10
13.0161600113,80.2255172729,35061,35072,11
13.0153398514,80.2258377075,35072,35080,8
13.0143499374,80.2262496948,35080,35122,42
13.0143499374,80.2262496948,35122,35132,10
13.0141601563,80.2263183594,35132,35142,10
13.0136604309,80.2265014648,35142,35152,10
13.0129499435,80.2267684937,35152,35162,10
13.0120801926,80.2271118164,35162,35173,11
13.0109596252,80.2275466919,35173,35183,10
13.0098896027,80.2279891968,35183,35193,10
13.009180069,80.2285308838,35193,35223,30
13.009180069,80.2285308838,35223,35233,10
13.0091295242,80.2288818359,35233,35243,10
13.0091295242,80.2289276123,35243,35253,10
13.0090904236,80.2290802002,35253,35263,10
13.0090303421,80.2294082642,35263,35274,11
13.0089702606,80.2297286987,35274,35284,10
13.0089197159,80.2300033569,35284,35294,10
13.0089101791,80.2300796509,35294,35304,10
13.0088796616,80.2302017212,35304,35314,10
13.0088100433,80.2305603027,35314,35364,50
13.0088100433,80.2305603027,35364,35375,11
13.0087499619,80.2309494019,35375,35385,10
13.0087003708,80.2311477661,35385,35395,10
13.0086297989,80.2314605713,35395,35405,10
13.0085201263,80.2320175171,35405,35425,20
13.0085201263,80.2320175171,35425,35435,10
13.0084695816,80.2322998047,35435,35445,10
13.0084199905,80.2325286865,35445,35455,10
13.0083904266,80.2327194214,35455,35465,10
13.0083904266,80.232749939,35465,35476,11
13.0082902908,80.2334289551,35476,35556,80
13.0082902908,80.2334289551,35556,35566,10
13.0081300735,80.2339019775,35566,35577,11
13.0080299377,80.234413147,35577,35587,10
13.0079202652,80.2350006104,35587,35597,10
13.0078697205,80.2352600098,35597,35607,10
13.0078001022,80.2355880737,35607,35617,10
13.0077199936,80.2359771729,35617,35627,10
13.0076503754,80.2363433838,35627,35637,10
13.0075502396,80.2368392944,35637,35647,10
13.0074596405,80.2372894287,35647,35657,10
13.0073699951,80.2377090454,35657,35667,10
13.0073003769,80.2381362915,35667,35677,10
13.0072002411,80.2386779785,35677,35688,11
13.0070295334,80.2395095825,35688,35698,10
13.0068397522,80.2406692505,35698,35728,30
13.0068397522,80.2406692505,35728,35738,10
13.0067396164,80.2411422729,35738,35748,10
13.0067195892,80.2419281006,35748,35758,10
13.0066795349,80.2428512573,35758,35768,10
13.0066604614,80.2436599731,35768,35777,9
13.0066604614,80.2446136475,35777,35789,12
13.0066795349,80.2455978394,35789,35799,10
13.0067195892,80.24659729,35799,35809,10
13.0067596436,80.2469100952,35809,35819,10
13.0067300797,80.2473678589,35819,35829,10
13.0066995621,80.2480773926,35829,35839,10
13.0068702698,80.2495880127,35839,35869,30
13.0068702698,80.2495880127,35869,35879,10
13.0068902969,80.2500076294,35879,35890,11
13.0068798065,80.2509765625,35890,35940,50
13.0068798065,80.2509765625,35940,35950,10
13.0067996979,80.2515106201,35950,35960,10
13.0066299438,80.2521820068,35960,35970,10
13.0065603256,80.2530822754,35970,35980,10
13.0065698624,80.2540588379,35980,35991,11
13.0066003799,80.2550888062,35991,36001,10
13.0066204071,80.2561035156,36001,36011,10
13.0067100525,80.2571563721,36011,36152,141
13.0067100525,80.2571563721,36152,36162,10
13.0067195892,80.2573699951,36162,36172,10
13.0068397522,80.2577972412,36172,36182,10
13.0071401596,80.2583236694,36182,36193,11
13.0076398849,80.2586135864,36193,36213,20
13.0076398849,80.2586135864,36213,36223,10
13.0080299377,80.2588195801,36223,36233,10
13.0087003708,80.2590484619,36233,36243,10
13.0094203949,80.2590713501,36243,36253,10
13.0103597641,80.2590789795,36253,36263,10
13.0113201141,80.2590637207,36263,36273,10
13.0122499466,80.2590713501,36273,36283,10
13.0125999451,80.2590789795,36283,36294,11
13.0128202438,80.2590789795,36294,36304,10
13.0130395889,80.2590789795,36304,36314,10
13.0130901337,80.2590789795,36314,36324,10
13.0134096146,80.2590789795,36324,36334,10
13.0135202408,80.2590866089,36334,36344,10
13.0136804581,80.2591018677,36344,36354,10
13.0139799118,80.2591094971,36354,36364,10
13.0139904022,80.2591094971,36364,36374,10
13.0140895844,80.2591171265,36374,36384,10
13.0141401291,80.2591171265,36384,36395,11
13.0144796371,80.2591323853,36395,36405,10
13.0147600174,80.2591400146,36405,36415,10
13.0150499344,80.2591629028,36415,36425,10
13.0153102875,80.2591781616,36425,36435,10
13.0154399872,80.2591934204,36435,36445,10
13.0155096054,80.2592010498,36445,36455,10
13.0157299042,80.2592773438,36455,36465,10
13.0160102844,80.2593994141,36465,36475,10
13.0163002014,80.2595901489,36475,36496,21
13.0163002014,80.2595901489,36496,36506,10
13.0164699554,80.2597427368,36506,36586,80
13.0164699554,80.2597427368,36586,36597,11
13.0169200897,80.2600784302,36597,36607,10
13.0173397064,80.2603530884,36607,36617,10
13.0176401138,80.2605667114,36617,36627,10
13.0180301666,80.2608337402,36627,36637,10
13.0184202194,80.2610931396,36637,36647,10
13.0188999176,80.2614822388,36647,36657,10
13.0192899704,80.2618026733,36657,36667,10
13.019610405,80.2621231079,36667,36677,10
13.0200901031,80.2625427246,36677,36693,16
13.0201997757,80.2626113892,36693,36706,13
13.0203695297,80.2627105713,36706,36716,10
13.0207195282,80.262840271,36716,36724,8
13.0213499069,80.2630386353,36724,36736,12
13.0219602585,80.2632980347,36736,36746,10
13.0222702026,80.263458252,36746,36756,10
13.0230102539,80.2638397217,36756,36776,20
13.0230102539,80.2638397217,36776,36786,10
13.0231599808,80.263961792,36786,36796,10
13.0236101151,80.2641983032,36796,36807,11
13.0243997574,80.2647018433,36807,36817,10
13.0249004364,80.2650680542,36817,36827,10
13.0254001617,80.2654190063,36827,36837,10
13.025970459,80.2657699585,36837,36897,60
13.025970459,80.2657699585,36897,36908,11
13.0262498856,80.2659225464,36908,36918,10
13.0263795853,80.2654266357,36918,36928,10
13.0264501572,80.2646484375,36928,36938,10
13.0265197754,80.2640991211,36938,36948,10
13.026550293,80.2639923096,36948,36958,10
13.0265903473,80.2637786865,36958,36968,10
13.026720047,80.263381958,36968,36978,10
13.0271902084,80.2634963989,36978,36988,10
13.0274400711,80.2635421753,36988,36998,10
13.0279998779,80.263710022,36998,37009,11
13.0282201767,80.2637634277,37009,37019,10
13.028380394,80.2638092041,37019,37029,10
13.0288095474,80.2639312744,37029,37039,10
13.029250145,80.2640686035,37039,37049,10
13.0292797089,80.2643203735,37049,37059,10
13.029299736,80.2647781372,37059,37069,10
13.029250145,80.2660827637,37069,37089,20
13.029250145,80.2660827637,37089,37099,10
13.0292396545,80.2662811279,37099,37110,11
13.0292596817,80.2665023804,37110,37130,20
13.0292596817,80.2665023804,37130,37140,10
13.029589653,80.2665481567,37140,37150,10
13.0298900604,80.2666320801,37150,37160,10
13.0303001404,80.2667007446,37160,37170,10
13.0309495926,80.2668075562,37170,37180,10
13.0315904617,80.2670211792,37180,37190,10
13.0320501328,80.2672424316,37190,37200,10
13.032409668,80.2674026489,37200,37211,11
13.0329799652,80.2677001953,37211,37221,10
13.0334701538,80.2677993774,37221,37251,30
13.0334701538,80.2677993774,37251,37261,10
13.0336904526,80.2678527832,37261,37271,10
13.0341997147,80.2679595947,37271,37281,10
13.0345602036,80.2679824829,37281,37291,10
13.0345602036,80.268119812,37291,37311,20
13.0345602036,80.268119812,37311,37322,11
13.0342998505,80.2679977417,37322,37332,10
13.0342702866,80.2679977417,37332,37342,10
13.0341997147,80.2679824829,37342,37352,10
13.0340995789,80.2679519653,37352,37362,10
13.0339698792,80.2679367065,37362,37372,10
13.0338497162,80.2679214478,37372,37382,10
13.0334396362,80.2678527832,37382,37766,384
13.0334396362,80.2678527832,37766,37776,10
13.0331697464,80.2677993774,37776,37786,10
13.0327701569,80.2676773071,37786,37796,10
13.0325603485,80.2675094604,37796,37806,10
13.0323095322,80.2673721313,37806,37816,10
13.031920433,80.2671813965,37816,37827,11
13.0314598083,80.2669906616,37827,37837,10
13.0309696198,80.2668228149,37837,37847,10
13.0304203033,80.2667236328,37847,37856,9
13.0299501419,80.2666397095,37856,37877,21
13.0299501419,80.2666397095,37877,37886,9
13.0297803879,80.2666320801,37886,37897,11
13.0293703079,80.2665100098,37897,37907,10
13.0289697647,80.2663574219,37907,37917,10
13.0284099579,80.2662506104,37917,37928,11
13.0277500153,80.26612854,37928,37938,10
13.0271902084,80.2660598755,37938,37947,9
13.0264101028,80.2659301758,37947,38018,71
13.0264101028,80.2659301758,38018,38029,11
13.0261802673,80.2659072876,38029,38039,10
13.0258398056,80.2657165527,38039,38049,10
13.0253801346,80.2654418945,38049,38059,10
13.0252399445,80.2653503418,38059,38069,10
13.0250396729,80.2651901245,38069,38079,10
13.0246400833,80.2648696899,38079,38089,10
13.0240802765,80.2644805908,38089,38099,10
13.0234298706,80.2641296387,38099,38109,10
13.0227203369,80.2637329102,38109,38118,9
13.0221700668,80.2634506226,38118,38130,12
13.0220403671,80.263381958,38130,38140,10
13.0218496323,80.2632598877,38140,38150,10
13.0212202072,80.2630310059,38150,38160,10
13.0203104019,80.2630004883,38160,38170,10
13.0194396973,80.2629089355,38170,38180,10
13.0189800262,80.262802124,38180,38190,10
13.0188598633,80.2621002197,38190,38200,10
13.0186595917,80.2613067627,38200,38210,10
13.0179595947,80.2608337402,38210,38220,10
13.0172700882,80.2603530884,38220,38231,11
13.0163002014,80.2597732544,38231,38240,9
13.0160198212,80.2596435547,38240,38251,11
13.0157804489,80.2595214844,38251,38261,10
13.0151500702,80.2593383789,38261,38271,10
13.014289856,80.2592773438,38271,38281,10
13.0132398605,80.2592468262,38281,38291,10
13.0121202469,80.2592086792,38291,38301,10
13.0109701157,80.2591705322,38301,38311,10
13.0101299286,80.2592086792,38311,38321,10
13.0098304749,80.2592163086,38321,38332,11
13.0094604492,80.2591781616,38332,38342,10
13.0088195801,80.2591934204,38342,38352,10
13.0084896088,80.2591781616,38352,38362,10
13.0078001022,80.2593002319,38362,38372,10
13.0071697235,80.2586517334,38372,38392,20
13.0071697235,80.2586517334,38392,38402,10
13.0070695877,80.2584609985,38402,38412,10
13.0068597794,80.2581481934,38412,38422,10
13.0066900253,80.2578887939,38422,38432,10
13.0065603256,80.2577133179,38432,38443,11
13.0065402985,80.2576904297,38443,38459,16
13.0064897537,80.2574691772,38459,38471,12
13.0065002441,80.2568969727,38471,38481,10
13.006480217,80.2563705444,38481,38491,10
13.006480217,80.2555007935,38491,38501,10
13.006529808,80.2549209595,38501,38511,10
13.0065002441,80.2541427612,38511,38521,10
13.0064897537,80.2534408569,38521,38530,9
13.006480217,80.2531890869,38530,38541,11
13.0064897537,80.2530517578,38541,38552,11
13.0065202713,80.252456665,38552,38632,80
13.0065202713,80.252456665,38632,38643,11
13.0066099167,80.2522201538,38643,38653,10
13.0066699982,80.251739502,38653,38663,10
13.0067300797,80.2508773804,38663,38683,20
13.0067300797,80.2508773804,38683,38693,10
13.0067396164,80.2505874634,38693,38812,119
13.0068101883,80.2502365112,38812,38883,71
13.0068101883,80.2502365112,38883,38893,10
13.0067596436,80.2501373291,38893,38903,10
13.0067396164,80.249786377,38903,38913,10
13.0067300797,80.2495269775,38913,38923,10
13.0067195892,80.2493209839,38923,39034,111
13.0067195892,80.2493209839,39034,39044,10
13.0067100525,80.2489624023,39044,39055,11
13.0066795349,80.2486801147,39055,39065,10
13.0066795349,80.2484283447,39065,39075,10
13.0066604614,80.2480621338,39075,39085,10
13.0066604614,80.2473373413,39085,39095,10
13.0065803528,80.2464981079,39095,39115,20
13.0065803528,80.2464981079,39115,39125,10
13.0066299438,80.2463378906,39125,39135,10
13.006649971,80.2460403442,39135,39145,10
13.006649971,80.2459182739,39145,39156,11
13.006649971,80.2456588745,39156,39166,10
13.0066299438,80.2453994751,39166,39176,10
13.0066204071,80.2451324463,39176,39186,10
13.0066204071,80.2448196411,39186,39196,10
13.0066099167,80.2446136475,39196,39206,10
13.0066099167,80.2442626953,39206,39216,10
13.0066099167,80.2441177368,39216,39226,10
13.0066204071,80.2438735962,39226,39236,10
13.0066003799,80.2434310913,39236,39246,10
13.0065803528,80.242729187,39246,39257,11
13.0065603256,80.241859436,39257,39267,10
13.0065698624,80.2417221069,39267,39277,10
13.0065803528,80.2415771484,39277,39287,10
13.0065898895,80.2414016724,39287,39303,16
13.0066099167,80.2411193848,39303,39315,12
13.0066404343,80.240852356,39315,39325,10
13.0067195892,80.2403488159,39325,39335,10
13.0068798065,80.2396392822,39335,39345,10
13.007060051,80.2386932373,39345,39354,9
13.0072202682,80.2378463745,39354,39366,12
13.0074195862,80.2370605469,39366,39376,10
13.0074596405,80.2367172241,39376,39386,10
13.0074796677,80.2367019653,39386,39396,10
13.0075902939,80.2362365723,39396,39407,11
13.0077600479,80.235458374,39407,39417,10
13.0079698563,80.2343521118,39417,39427,10
13.0081596375,80.2333679199,39427,39437,10
13.0085000992,80.2316436768,39437,39447,10
13.0087795258,80.2301483154,39447,39458,11
13.0090799332,80.2285995483,39458,39468,10
13.0094804764,80.2274780273,39468,39478,10
13.0099601746,80.2264175415,39478,39488,10
13.0104398727,80.225402832,39488,39498,10
13.010720253,80.2247619629,39498,39508,10
13.0109395981,80.2242202759,39508,39518,10
13.0111103058,80.2238388062,39518,39528,10
13.0111198425,80.2238311768,39528,39538,10
13.0112800598,80.2235031128,39538,39548,10
13.0115499496,80.2229385376,39548,39558,10
13.0118303299,80.2221908569,39558,39569,11
13.0120601654,80.2215194702,39569,39579,10
13.0121202469,80.2214202881,39579,39589,10
13.0122699738,80.2213821411,39589,39599,10
13.0124197006,80.221572876,39599,39609,10
13.0125303268,80.2216873169,39609,39625,16
13.0126600266,80.2218170166,39625,39637,12
13.0128803253,80.2220230103,39637,39657,20
13.0128803253,80.2220230103,39657,39668,11
13.0130195618,80.2222976685,39668,39678,10
13.0133104324,80.2226409912,39678,39688,10
13.0138101578,80.2232437134,39688,39697,9
13.0140895844,80.2235794067,39697,39708,11
13.014550209,80.2241668701,39708,39718,10
13.0151596069,80.2247695923,39718,39728,10
13.0155296326,80.2249984741,39728,39758,30
13.0155296326,80.2249984741,39758,39769,11
13.0157899857,80.2251815796,39769,39779,10
13.0163803101,80.2253265381,39779,39789,10
13.0172195435,80.2250518799,39789,39799,10
13.0181903839,80.2246627808,39799,39809,10
13.0190095901,80.224357605,39809,39819,10
13.0196695328,80.2244720459,39819,39829,10
13.0202198029,80.224822998,39829,39839,10
13.0207300186,80.2251968384,39839,39849,10
13.0211896896,80.2255477905,39849,39859,10
13.0219602585,80.2261276245,39859,39880,21
13.0219602585,80.2261276245,39880,39890,10
13.022190094,80.2263412476,39890,39900,10
13.0226402283,80.2267303467,39900,39910,10
13.0229501724,80.2270202637,39910,39920,10
13.0231399536,80.2272567749,39920,39930,10
13.0234098434,80.2274703979,39930,39950,20
13.0234098434,80.2274703979,39950,39960,10
13.0235500336,80.2275466919,39960,39971,11
13.0238599777,80.2278671265,39971,39981,10
13.0242996216,80.2283477783,39981,40031,50
13.0242996216,80.2283477783,40031,40041,10
13.0243997574,80.2285232544,40041,40061,20
13.0243997574,80.2285232544,40061,40072,11
13.0245399475,80.2287063599,40072,40082,10
13.0247297287,80.2289810181,40082,40092,10
13.0249996185,80.2293319702,40092,40102,10
13.0253896713,80.2298126221,40102,40112,10
13.0257301331,80.2302780151,40112,40142,30
13.0257301331,80.2302780151,40142,40152,10
13.0258398056,80.2305603027,40152,40162,10
13.0259599686,80.2308578491,40162,40173,11
13.0260601044,80.231262207,40173,40183,10
13.0265102386,80.231262207,40183,40193,10
13.0273504257,80.2310409546,40193,40203,10
13.0278997421,80.2309570313,40203,40213,10
13.0279998779,80.2309494019,40213,40223,10
13.0280895233,80.2309494019,40223,40233,10
13.0284099579,80.2309112549,40233,40243,10
13.0284404755,80.2309112549,40243,40253,10
13.0287599564,80.2308731079,40253,40263,10
13.0292797089,80.230796814,40263,40314,51
13.0292797089,80.230796814,40314,40324,10
13.0295000076,80.2307662964,40324,40334,10
13.0300102234,80.2307510376,40334,40354,20
13.0300102234,80.2307510376,40354,40364,10
13.0301704407,80.23072052,40364,40375,11
13.0304603577,80.2306976318,40375,40385,10
13.0307197571,80.2306976318,40385,40395,10
13.0312900543,80.2306518555,40395,40405,10
13.0319700241,80.2305831909,40405,40415,10
13.0327396393,80.2305221558,40415,40425,10
13.0333204269,80.2304763794,40425,40435,10
13.0333499908,80.2304763794,40435,40445,10
13.0336799622,80.2304916382,40445,40492,47
13.0336799622,80.2304916382,40492,40504,12
13.034040451,80.2304763794,40504,40514,10
13.0343704224,80.2304382324,40514,40524,10
13.0346899033,80.2303085327,40524,40554,30
13.0346899033,80.2303085327,40554,40564,10
13.0348901749,80.230140686,40564,40574,10
13.0345697403,80.2300415039,40574,40756,182
13.0345697403,80.2300415039,40756,40766,10
13.0342302322,80.2301483154,40766,40776,10
13.0341501236,80.2302398682,40776,40787,11
13.0341300964,80.2303619385,40787,40797,10
13.0339097977,80.2304382324,40797,40807,10
13.0334701538,80.230506897,40807,40817,10
13.0334300995,80.2304992676,40817,40827,10
13.0330200195,80.2305526733,40827,40837,10
13.0322504044,80.2306213379,40837,40928,91
13.0322504044,80.2306213379,40928,40938,10
13.0320596695,80.2305908203,40938,40948,10
13.03166008,80.2306518555,40948,40968,20
13.03166008,80.2306518555,40968,40978,10
13.0316200256,80.2306518555,40978,40989,11
13.0313100815,80.230682373,40989,40999,10
13.0311899185,80.230682373,40999,41009,10
13.0310602188,80.2306976318,41009,41019,10
13.0307598114,80.2307434082,41019,41039,20
13.0307598114,80.2307434082,41039,41049,10
13.0306301117,80.230758667,41049,41059,10
13.0301599503,80.230796814,41059,41069,10
13.0298204422,80.2308197021,41069,41106,37
13.0298204422,80.2308197021,41106,41118,12
13.029589653,80.2308502197,41118,41128,10
13.0292797089,80.2308807373,41128,41138,10
13.0286598206,80.2309570313,41138,41147,9
13.0277204514,80.2311096191,41147,41188,41
13.0277204514,80.2311096191,41188,41200,12
13.0276298523,80.2313995361,41200,41209,9
13.0276603699,80.2315368652,41209,41220,11
13.0277004242,80.2317581177,41220,41230,10
13.0277099609,80.2319717407,41230,41240,10
13.0277500153,80.232208252,41240,41250,10
13.0277900696,80.232421875,41250,41260,10
13.0278701782,80.232711792,41260,41394,134
13.0278701782,80.232711792,41394,41404,10
13.0276002884,80.2328033447,41404,41413,9
13.0273599625,80.2328567505,41413,41424,11
13.0271196365,80.2329483032,41424,41434,10
13.0269002914,80.2329864502,41434,41445,11
13.0265197754,80.2330093384,41445,41455,10
13.0262203217,80.2324523926,41455,41465,10
13.026049614,80.2317581177,41465,41475,10
13.0259103775,80.2312011719,41475,41485,10
13.0256004333,80.2304077148,41485,41495,10
13.0251302719,80.2297210693,41495,41506,11
13.0247402191,80.2292175293,41506,41516,10
13.0243597031,80.2287368774,41516,41526,10
13.0239801407,80.2282867432,41526,41536,10
13.0239496231,80.2282409668,41536,41546,10
13.0239295959,80.2282180786,41546,41556,10
13.0236797333,80.227897644,41556,41566,10
13.0232095718,80.2274475098,41566,41576,10
13.0225896835,80.2268371582,41576,41586,10
13.0219297409,80.2262802124,41586,41596,10
13.0213499069,80.2258377075,41596,41607,11
13.020819664,80.225402832,41607,41617,10
13.0202503204,80.2250289917,41617,41627,10
13.0195903778,80.2245864868,41627,41637,10
13.0186300278,80.2245407104,41637,41647,10
13.0177202225,80.2249069214,41647,41657,10
13.0169401169,80.2252578735,41657,41667,10
13.0165395737,80.2254333496,41667,41677,10
13.0163297653,80.2255020142,41677,41687,10
13.0158195496,80.2256698608,41687,41697,10
13.0151596069,80.2259292603,41697,41708,11
13.0144901276,80.2261962891,41708,41718,10
13.0143098831,80.226272583,41718,41728,10
13.0142803192,80.2262802124,41728,41738,10
13.0138998032,80.2264328003,41738,41748,10
13.0132598877,80.2266464233,41748,41758,10
13.0125303268,80.2269363403,41758,41768,10
13.0116300583,80.2273178101,41768,41778,10
13.010720253,80.2276763916,41778,41788,10
13.0098600388,80.2280197144,41788,41798,10
13.0091104507,80.2285766602,41798,41809,11
13.0089197159,80.2296218872,41809,41819,10
13.0087003708,80.230758667,41819,41829,10
13.0085401535,80.2316818237,41829,41839,10
13.0083599091,80.2325820923,41839,41849,10
13.0082502365,80.233581543,41849,41899,50
13.0082502365,80.233581543,41899,41910,11
13.0081596375,80.233757019,41910,41920,10
13.0080499649,80.2342987061,41920,41930,10
13.0078802109,80.2350997925,41930,41940,10
13.0076799393,80.2360610962,41940,41950,10
13.0074996948,80.2370681763,41950,41960,10
13.0073795319,80.2376785278,41960,41970,10
13.0072898865,80.2382202148,41970,41980,10
13.0072002411,80.2386627197,41980,42081,101
13.0072002411,80.2386627197,42081,42091,10
13.0071296692,80.2390899658,42091,42101,10
13.006939888,80.239982605,42101,42202,101
13.006939888,80.239982605,42202,42213,11
13.0068798065,80.2404708862,42213,42223,10
13.0068397522,80.2408065796,42223,42233,10
13.0068101883,80.2408599854,42233,42243,10
13.0066900253,80.2411575317,42243,42253,10
13.0066995621,80.2419586182,42253,42263,10
13.0066995621,80.2425384521,42263,42273,10
13.0066995621,80.2428665161,42273,42293,20
13.0066995621,80.2428665161,42293,42303,10
13.0066995621,80.2429733276,42303,42314,11
13.0066900253,80.2431793213,42314,42324,10
13.0066900253,80.2434921265,42324,42334,10
13.0066795349,80.243888855,42334,42344,10
13.0066795349,80.244178772,42344,42354,10
13.0067195892,80.2444000244,42354,42364,10
13.0067396164,80.2449035645,42364,42374,10
13.0067396164,80.2451019287,42374,42384,10
13.0067396164,80.2453994751,42384,42394,10
13.0067396164,80.2460479736,42394,42404,10
13.0067300797,80.2461013794,42404,42415,11
13.0067195892,80.2462768555,42415,42425,10
13.0067195892,80.2463302612,42425,42435,10
13.0067195892,80.246673584,42435,42445,10
13.0067195892,80.2473297119,42445,42455,10
13.0067195892,80.248260498,42455,42465,10
13.0068597794,80.2496185303,42465,42485,20
13.0068597794,80.2496185303,42485,42495,10
13.0068397522,80.2499389648,42495,42505,10
13.006819725,80.2504882813,42505,42515,10
13.006819725,80.2508468628,42515,42526,11
13.0068397522,80.2510070801,42526,42536,10
13.0068397522,80.2513427734,42536,42546,10
13.0067195892,80.2518997192,42546,42556,10
13.0066003799,80.2526397705,42556,42566,10
13.0065803528,80.2532196045,42566,42576,10
13.0065803528,80.2539596558,42576,42586,10
13.0066299438,80.2546920776,42586,42596,10
13.0066299438,80.2551193237,42596,42606,10
13.0066404343,80.2557373047,42606,42616,10
13.0066299438,80.2562866211,42616,42627,11
13.0066900253,80.2570724487,42627,42663,36
13.0066900253,80.2570724487,42663,42675,12
13.0066795349,80.2572784424,42675,42684,9
13.0067596436,80.2576217651,42684,42695,11
13.007060051,80.2582168579,42695,42705,10
13.0076799393,80.2586593628,42705,42715,10
13.0076904297,80.2586669922,42715,42726,11
13.007809639,80.2587432861,42726,42736,10
13.0082397461,80.2589035034,42736,42746,10
13.0088396072,80.2590408325,42746,42766,20
13.0088396072,80.2590408325,42766,42776,10
13.0093898773,80.2590408325,42776,42785,9
13.0100803375,80.2590637207,42785,42795,10
13.0109901428,80.2590484619,42795,42806,11
13.012169838,80.2590713501,42806,42816,10
13.0134000778,80.2591171265,42816,42826,10
13.0146598816,80.2591705322,42826,42837,11
13.0158195496,80.2593231201,42837,42847,10
13.016409874,80.2596588135,42847,42857,10
13.0164499283,80.2596969604,42857,42867,10
13.0167398453,80.2599334717,42867,42877,10
13.0172700882,80.2602996826,42877,42887,10
13.017999649,80.2608032227,42887,42897,10
13.0186300278,80.2612380981,42897,42907,10
13.0192098618,80.26171875,42907,42917,10
13.0194797516,80.2619476318,42917,42927,10
13.019900322,80.2623519897,42927,42938,11
13.0201196671,80.2625274658,42938,42948,10
13.0203104019,80.2626724243,42948,42958,10
13.0209703445,80.2629013062,42958,42968,10
13.0218200684,80.2632217407,42968,42978,10
13.0221595764,80.2633972168,42978,42988,10
13.0225400925,80.2636032104,42988,42998,10
13.0228996277,80.2638320923,42998,43008,10
13.0233297348,80.2640380859,43008,43018,10
13.0239696503,80.2643814087,43018,43028,10
13.0244598389,80.2646789551,43028,43038,10
13.0246496201,80.2648391724,43038,43049,11
13.0249996185,80.2650909424,43049,43059,10
13.0256204605,80.2655029297,43059,43069,10
13.0261201859,80.2658081055,43069,43079,10
13.0263595581,80.2655029297,43079,43089,10
13.0264501572,80.2648010254,43089,43099,10
13.0265197754,80.263999939,43099,43109,10
13.0265197754,80.2639389038,43109,43119,10
13.0265302658,80.263710022,43119,43129,10
13.026720047,80.2634277344,43129,43140,11
13.0272397995,80.2634887695,43140,43150,10
13.0275497437,80.2635421753,43150,43160,10
13.0279397964,80.263633728,43160,43176,16
13.0282897949,80.2637329102,43176,43188,12
13.0286798477,80.2638473511,43188,43198,10
13.0292596817,80.263999939,43198,43218,20
13.029299736,80.2643508911,43218,43249,31
13.029299736,80.2643508911,43249,43259,10
13.029299736,80.2647171021,43259,43269,10
13.0292901993,80.2648773193,43269,43279,10
13.029250145,80.2652816772,43279,43289,10
13.0292196274,80.26587677,43289,43299,10
13.0291996002,80.2662277222,43299,43309,10
13.0291595459,80.2664718628,43309,43319,10
13.0294599533,80.2666015625,43319,43329,10
13.0300798416,80.2666473389,43329,43340,11
13.0307102203,80.2667388916,43340,43350,10
13.0311002731,80.2668380737,43350,43360,10
13.0316095352,80.2669906616,43360,43370,10
13.0320301056,80.2671737671,43370,43380,10
13.0323200226,80.267326355,43380,43390,10
13.0324897766,80.2674026489,43390,43400,10
13.0327100754,80.267578125,43400,43410,10
13.032910347,80.2676773071,43410,43420,10
13.0329999924,80.2676925659,43420,43430,10
13.0334796906,80.2677764893,43430,43451,21
13.0334796906,80.2677764893,43451,43461,10
13.0336198807,80.2678375244,43461,43471,10
13.0341596603,80.2679595947,43471,43481,10
13.0346002579,80.2679977417,43481,43501,20
13.0346002579,80.2679977417,43501,43511,10
13.0344896317,80.2681427002,43511,43521,10
13.0343399048,80.2680587769,43521,43531,10
13.0340595245,80.2679901123,43531,43542,11
13.0334796906,80.2678985596,43542,43834,292
13.0334796906,80.2678985596,43834,43844,10
13.0331201553,80.2678070068,43844,43855,11
13.0329799652,80.2677993774,43855,43865,10
13.0327196121,80.2677001953,43865,43875,10
13.0326099396,80.267578125,43875,43885,10
13.0324201584,80.2675018311,43885,43895,10
13.0321502686,80.2673492432,43895,43905,10
13.0319404602,80.2672271729,43905,43915,10
13.0312995911,80.266998291,43915,43935,20
13.0312995911,80.266998291,43935,43945,10
13.0305595398,80.2668228149,43945,43966,21
13.0305595398,80.2668228149,43966,43976,10
13.0298995972,80.2667388916,43976,43996,20
13.0298995972,80.2667388916,43996,44006,10
13.0294799805,80.2666397095,44006,44016,10
13.0292596817,80.2665481567,44016,44026,10
13.0290002823,80.2664489746,44026,44036,10
13.0285196304,80.2663421631,44036,44046,10
13.0278301239,80.2662506104,44046,44056,10
13.0268497467,80.2661209106,44056,44073,17
13.0252599716,80.2653808594,44073,44095,22
13.0252599716,80.2653808594,44095,44102,7
13.0250797272,80.2652816772,44102,44116,14
13.024720192,80.2649993896,44116,44125,9
13.0242795944,80.2646484375,44125,44136,11
13.0237703323,80.2643585205,44136,44146,10
13.0233201981,80.2641067505,44146,44156,10
13.0227098465,80.2638092041,44156,44167,11
13.0222301483,80.2635803223,44167,44177,10
13.0221796036,80.2635498047,44177,44187,10
13.0220098495,80.263458252,44187,44197,10
13.0217599869,80.2632980347,44197,44207,10
13.0211296082,80.2631378174,44207,44217,10
13.0203104019,80.2630615234,44217,44227,10
13.0197496414,80.2630081177,44227,44237,10
13.0191402435,80.2629165649,44237,44247,10
13.0189199448,80.2626190186,44247,44258,11
13.0188102722,80.2617111206,44258,44268,10
13.0184001923,80.2611618042,44268,44278,10
13.0177097321,80.2607116699,44278,44288,10
13.0170402527,80.2602615356,44288,44298,10
13.016169548,80.2597503662,44298,44328,30
13.016169548,80.2597503662,44328,44338,10
13.0158395767,80.2595901489,44338,44348,10
13.0151796341,80.2593994141,44348,44358,10
13.0143203735,80.2593002319,44358,44369,11
13.0131397247,80.259262085,44369,44379,10
13.0120401382,80.2592163086,44379,44389,10
13.0111503601,80.2591781616,44389,44399,10
13.0102300644,80.2592315674,44399,44415,16
13.0098495483,80.2592391968,44415,44427,12
13.0094003677,80.2592163086,44427,44435,8
13.009059906,80.2591934204,44435,44447,12
13.0089197159,80.2591781616,44447,44458,11
13.0084104538,80.2591171265,44458,44469,11
13.0076398849,80.2593307495,44469,44479,10
13.0073204041,80.2590026855,44479,44489,10
13.0071601868,80.2586975098,44489,44499,10
13.0070400238,80.2584609985,44499,44509,10
13.0066604614,80.2578125,44509,44529,20
13.0066604614,80.2578125,44529,44539,10
13.0064401627,80.2575073242,44539,44549,10
13.0064401627,80.2570571899,44549,44559,10
13.0064296722,80.2564086914,44559,44569,10
13.006480217,80.2555999756,44569,44589,20
13.0065002441,80.2541503906,44589,44601,12
13.0065202713,80.2533721924,44601,44611,10
13.0065002441,80.2531967163,44611,44621,10
13.0065402985,80.2529983521,44621,44631,10
13.0065498352,80.2524185181,44631,44661,30
13.0065498352,80.2524185181,44661,44672,11
13.0064897537,80.252166748,44672,44682,10
13.0065498352,80.2516098022,44682,44692,10
13.0066204071,80.2509307861,44692,44702,10
13.0066604614,80.25,44702,44712,10
13.0066995621,80.2496032715,44712,44722,10
13.0067501068,80.2492980957,44722,44732,10
13.0066795349,80.2485275269,44732,44823,91
13.0066795349,80.2485275269,44823,44833,10
13.0065898895,80.2481613159,44833,44843,10
13.0065698624,80.2476501465,44843,44853,10
13.0066099167,80.2471237183,44853,44863,10
13.0066003799,80.2465286255,44863,44873,10
13.0066204071,80.246383667,44873,44884,11
13.0066299438,80.2456893921,44884,44894,10
13.0065803528,80.2449417114,44894,44902,8
13.006529808,80.2445526123,44902,44914,12
13.0065803528,80.2442016602,44914,44924,10
13.0066404343,80.2437896729,44924,44934,10
13.0066299438,80.2431793213,44934,44944,10
13.0066204071,80.2422637939,44944,44954,10
13.0066099167,80.2416000366,44954,44964,10
13.0065803528,80.2414398193,44964,44974,10
13.0066099167,80.2408676147,44974,44985,11
13.0067396164,80.2402191162,44985,44994,9
13.0068397522,80.239616394,44994,45005,11
13.0069904327,80.2386703491,45005,45015,10
13.0071897507,80.2378234863,45015,45025,10
13.0073795319,80.2367706299,45025,45045,20
13.0073795319,80.2367706299,45045,45055,10
13.0074996948,80.2363586426,45055,45065,10
13.0076599121,80.2356796265,45065,45075,10
13.0078296661,80.2347564697,45075,45086,11
13.0080699921,80.2335205078,45086,45096,10
13.008310318,80.2322921753,45096,45106,10
13.0085201263,80.2311401367,45106,45116,10
13.0087099075,80.2299194336,45116,45126,10
13.0089597702,80.228729248,45126,45136,10
13.0093002319,80.2277374268,45136,45146,10
13.0096998215,80.2268676758,45146,45156,10
13.0103397369,80.2255630493,45156,45166,10
13.0107803345,80.2246398926,45166,45176,10
13.0109996796,80.2240982056,45176,45187,11
13.011059761,80.2239532471,45187,45197,10
13.0110397339,80.2237472534,45197,45207,10
13.0112199783,80.2232437134,45207,45217,10
13.0115203857,80.2226028442,45217,45227,10
13.0119400024,80.2217102051,45227,45237,10
13.0124197006,80.2217025757,45237,45247,10
13.012840271,80.2222824097,45247,45257,10
13.013250351,80.2226715088,45257,45267,10
13.0136804581,80.2231063843,45267,45277,10
13.0141401291,80.2234573364,45277,45288,11
13.0144195557,80.2237701416,45288,45298,10
13.0148000717,80.224281311,45298,45308,10
13.0154304504,80.224899292,45308,45318,10
13.0155496597,80.2250213623,45318,45328,10
13.0156497955,80.2251586914,45328,45338,10
13.0161600113,80.2253570557,45338,45348,10
13.0169000626,80.2251586914,45348,45358,10
13.0177602768,80.224822998,45358,45368,10
13.0185699463,80.2244873047,45368,45384,16
13.0193395615,80.2243423462,45384,45397,13
13.019610405,80.2244491577,45397,45407,10
13.0198802948,80.2246322632,45407,45417,10
13.0203199387,80.2249679565,45417,45427,10
13.0206003189,80.2251663208,45427,45437,10
13.0209703445,80.2254486084,45437,45447,10
13.0212802887,80.2257385254,45447,45457,10
13.0219402313,80.2262115479,45457,45478,21
13.0219402313,80.2262115479,45478,45488,10
13.0222702026,80.2265090942,45488,45499,11
13.0229101181,80.2270584106,45499,45509,10
13.023639679,80.227722168,45509,45519,10
13.0242900848,80.2284011841,45519,45529,10
13.0246095657,80.2288818359,45529,45539,10
13.0249204636,80.2293167114,45539,45549,10
13.0252895355,80.2297821045,45549,45559,10
13.0255002975,80.2300720215,45559,45569,10
13.0257396698,80.23046875,45569,45579,10
13.0259103775,80.2308807373,45579,45589,10
13.025970459,80.2312316895,45589,45600,11
13.02643013,80.231262207,45600,45610,10
13.0270299911,80.2311325073,45610,45620,10
13.0276498795,80.2309799194,45620,45630,10
13.0283203125,80.2309417725,45630,45670,40
13.0283203125,80.2309417725,45670,45680,10
13.0286397934,80.2308883667,45680,45690,10
13.0290203094,80.2308807373,45690,45751,61
13.0290203094,80.2308807373,45751,45761,10
13.029419899,80.2308197021,45761,45771,10
13.0298204422,80.2307662964,45771,45781,10
13.0303401947,80.23072052,45781,45791,10
13.0307397842,80.2306976318,45791,45802,11
13.0312995911,80.2306518555,45802,45812,10
13.0320301056,80.2305984497,45812,45822,10
13.0327796936,80.2305374146,45822,45832,10
13.0335903168,80.2304916382,45832,45842,10
13.0341796875,80.230430603,45842,45852,10
13.0348501205,80.2302398682,45852,45923,71
13.0348501205,80.2302398682,45923,45933,10
13.035030365,80.2301483154,45933,45943,10
13.0350904465,80.2300415039,45943,45953,10
13.0350198746,80.2298736572,45953,45963,10
13.0346698761,80.2298126221,45963,45973,10
13.0343103409,80.2298202515,45973,45993,20
13.0343103409,80.2298202515,45993,46004,11
13.0342102051,80.2301483154,46004,46822,818
13.0343103409,80.2304611206,46822,46862,40
13.0343103409,80.2304611206,46862,46872,10
13.0341501236,80.2305526733,46872,46882,10
13.034040451,80.2305374146,46882,46892,10
13.0336399078,80.2305221558,46892,46902,10
13.0330896378,80.2305603027,46902,46912,10
13.0323495865,80.2306137085,46912,46922,10
13.0315504074,80.2306594849,46922,46933,11
13.0308904648,80.23072052,46933,46943,10
13.0305595398,80.230758667,46943,46953,10
13.0298204422,80.2308425903,46953,46993,40
13.0298204422,80.2308425903,46993,47003,10
13.0296001434,80.2308578491,47003,47013,10
13.0292396545,80.2308731079,47013,47024,11
13.0287303925,80.2309036255,47024,47034,10
13.0282802582,80.2309570313,47034,47044,10
13.0277900696,80.2310333252,47044,47054,10
13.0276603699,80.231338501,47054,47064,10
13.0276699066,80.2316665649,47064,47074,10
13.027680397,80.2318572998,47074,47084,10
13.0277500153,80.2323303223,47084,47094,10
13.0277795792,80.2327194214,47094,47104,10
13.0274400711,80.2328262329,47104,47114,10
13.0269098282,80.2329788208,47114,47153,39
13.0269098282,80.2329788208,47153,47163,10
13.0265302658,80.233001709,47163,47173,10
13.0263395309,80.2327194214,47173,47183,10
13.0262002945,80.2321472168,47183,47193,10
13.0261001587,80.2316513062,47193,47203,10
13.0259599686,80.2311019897,47203,47213,10
13.0255899429,80.2302627563,47213,47223,10
13.0249004364,80.2293930054,47223,47244,21
13.0249004364,80.2293930054,47244,47254,10
13.0246896744,80.2291564941,47254,47264,10
13.0244102478,80.2287902832,47264,47274,10
13.0239801407,80.2283172607,47274,47294,20
13.0239801407,80.2283172607,47294,47304,10
13.0238895416,80.2282028198,47304,47314,10
13.0236101151,80.2278594971,47314,47324,10
13.0232000351,80.2274475098,47324,47335,11
13.0225601196,80.2268066406,47335,47345,10
13.0218200684,80.2261886597,47345,47355,10
13.0212097168,80.2257080078,47355,47365,10
13.0207195282,80.2253417969,47365,47375,10
13.0206604004,80.2252883911,47375,47385,10
13.0203399658,80.2250823975,47385,47395,10
13.019780159,80.2247009277,47395,47405,10
13.0188999176,80.2244873047,47405,47415,10
13.0179595947,80.224822998,47415,47425,10
13.0170698166,80.225189209,47425,47436,11
13.0164804459,80.2254333496,47436,47446,10
13.0161600113,80.2255630493,47446,47456,10
13.0156002045,80.2257385254,47456,47466,10
13.0150299072,80.2260131836,47466,47476,10
13.0148096085,80.2261123657,47476,47486,10
13.0143604279,80.2262496948,47486,47496,10
13.0142498016,80.2263031006,47496,47512,16
13.013879776,80.2264328003,47512,47524,12
13.0130300522,80.2267532349,47524,47533,9
13.0122804642,80.2270431519,47533,47545,12
13.0111303329,80.2275238037,47545,47555,10
13.0101699829,80.2278823853,47555,47564,9
13.0093898773,80.2282104492,47564,47574,10
13.0089998245,80.2289962769,47574,47585,11
13.0087099075,80.2303771973,47585,47595,10
13.0085096359,80.2314834595,47595,47605,10
13.0082902908,80.2325363159,47605,47615,10
13.0081796646,80.2335128784,47615,47625,10
13.0081300735,80.2336578369,47625,47635,10
13.0080795288,80.2337875366,47635,47646,11
13.0079698563,80.2343521118,47646,47656,10
13.0077896118,80.2351989746,47656,47666,10
13.007610321,80.2362213135,47666,47676,10
13.0074300766,80.237197876,47676,47686,10
13.0072898865,80.2380218506,47686,47696,10
13.0071601868,80.2386779785,47696,47706,10
13.0069904327,80.239616394,47706,47747,41
13.0069904327,80.239616394,47747,47757,10
13.0069103241,80.2399978638,47757,47767,10
13.0068397522,80.2406005859,47767,47777,10
13.0068101883,80.240737915,47777,47787,10
13.0067596436,80.2409362793,47787,47797,10
13.0066900253,80.2415008545,47797,47807,10
13.0066795349,80.2422027588,47807,47817,10
13.0066900253,80.2423629761,47817,47827,10
13.0066900253,80.2424621582,47827,47837,10
13.0066604614,80.2429580688,47837,47858,21
13.0066604614,80.2431716919,47858,47878,20
13.0066604614,80.2431716919,47878,47888,10
13.006649971,80.2436294556,47888,47898,10
13.0066404343,80.2440338135,47898,47908,10
13.0066099167,80.2444992065,47908,47918,10
13.0066299438,80.2449188232,47918,47928,10
13.006649971,80.2454223633,47928,47938,10
13.0066699982,80.2461166382,47938,47949,11
13.0066995621,80.2465591431,47949,47959,10
13.0066995621,80.2468109131,47959,47969,10
13.0067195892,80.2472381592,47969,47979,10
13.0066604614,80.2478637695,47979,47989,10
13.0067195892,80.2487792969,47989,47999,10
13.006819725,80.2495727539,47999,48019,20
13.006819725,80.2495727539,48019,48029,10
13.0068101883,80.2497406006,48029,48039,10
13.006770134,80.2500991821,48039,48050,11
13.0067796707,80.2506408691,48050,48059,9
13.0067796707,80.2509765625,48059,48070,11
13.0067396164,80.2513427734,48070,48080,10
13.0066099167,80.251991272,48080,48090,10
13.0065097809,80.2528762817,48090,48100,10
13.0065202713,80.2538528442,48100,48110,10
13.0065603256,80.2547073364,48110,48120,10
13.0065698624,80.2554702759,48120,48130,10
13.0065698624,80.2562026978,48130,48140,10
13.0065498352,80.2568130493,48140,48171,31
13.0065498352,80.2568130493,48171,48181,10
13.0066204071,80.256980896,48181,48191,10
13.0066404343,80.2572784424,48191,48201,10
13.0068702698,80.2578125,48201,48211,10
13.0072002411,80.2583084106,48211,48221,10
13.0076999664,80.2586212158,48221,48241,20
13.0076999664,80.2586212158,48241,48252,11
13.0077896118,80.2587432861,48252,48262,10
13.0081501007,80.2588882446,48262,48272,10
13.0087499619,80.2590408325,48272,48282,10
13.0096197128,80.2590103149,48282,48292,10
13.0107002258,80.2590484619,48292,48301,9
13.011759758,80.2590408325,48301,48311,10
13.0129299164,80.2590866089,48311,48321,10
13.0142097473,80.2591400146,48321,48332,11
13.0156202316,80.2592773438,48332,48342,10
13.0164203644,80.2597198486,48342,48373,31
13.0164203644,80.2597198486,48373,48383,10
13.016579628,80.2598495483,48383,48393,10
13.0169496536,80.260093689,48393,48403,10
13.0174798965,80.2604598999,48403,48413,10
13.0180997849,80.2608795166,48413,48423,10
13.0187397003,80.2613372803,48423,48433,10
13.0192298889,80.2617492676,48433,48443,10
13.0197401047,80.2622680664,48443,48453,10
13.020190239,80.2626266479,48453,48464,11
13.020190239,80.2626419067,48464,48474,10
13.0204200745,80.2627410889,48474,48484,10
13.0209999084,80.2629318237,48484,48494,10
13.0216798782,80.2631912231,48494,48504,10
13.0220403671,80.2633209229,48504,48514,10
13.0223999023,80.2635192871,48514,48524,10
13.0228796005,80.2637863159,48524,48544,20
13.0228796005,80.2637863159,48544,48555,11
13.0232896805,80.2640380859,48555,48566,11
13.0239095688,80.2643966675,48566,48576,10
13.0244998932,80.2648086548,48576,48586,10
13.0249996185,80.2651824951,48586,48596,10
13.0255498886,80.2655410767,48596,48606,10
13.0260896683,80.265838623,48606,48616,10
13.0263004303,80.2653884888,48616,48636,20
13.0263004303,80.2653884888,48636,48646,10
13.0263395309,80.2653198242,48646,48656,10
13.0263700485,80.2649078369,48656,48667,11
13.0265102386,80.2640304565,48667,48687,20
13.0265102386,80.2640304565,48687,48697,10
13.0265598297,80.2635803223,48697,48713,16
13.0270900726,80.2634429932,48713,48725,12
13.0276203156,80.2635803223,48725,48733,8
13.0280704498,80.2637176514,48733,48745,12
13.0282201767,80.2637405396,48745,48755,10
13.0284404755,80.2638092041,48755,48766,11
13.028960228,80.2639465332,48766,48776,10
13.0291204453,80.2640991211,48776,48784,8
13.0291004181,80.2643508911,48784,48796,12
13.0291700363,80.2649765015,48796,48806,10
13.0291795731,80.2657623291,48806,48827,21
13.0291795731,80.2657623291,48827,48837,10
13.0291595459,80.2661819458,48837,48847,10
13.0291996002,80.2664489746,48847,48857,10
13.0295095444,80.2665405273,48857,48868,11
13.030090332,80.2666473389,48868,48888,20
13.030090332,80.2666473389,48888,48898,10
13.0303602219,80.2666702271,48898,48908,10
13.0306501389,80.2667312622,48908,48918,10
13.0310001373,80.2668228149,48918,48938,20
13.0310001373,80.2668228149,48938,48948,10
13.0313196182,80.2669219971,48948,48958,10
13.0315999985,80.2670135498,48958,48979,21
13.031999588,80.2672119141,48979,49019,40
13.031999588,80.2672119141,49019,49029,10
13.03262043,80.2675933838,49029,49069,40
13.03262043,80.2675933838,49069,49080,11
13.0328397751,80.2676696777,49080,49090,10
13.0329999924,80.2677078247,49090,49100,10
13.033200264,80.2677536011,49100,49191,91
13.033200264,80.2677536011,49191,49201,10
13.0336399078,80.2678527832,49201,49211,10
13.0338497162,80.2678985596,49211,49221,10
13.0344104767,80.2679977417,49221,49312,91
13.0344104767,80.2679977417,49312,49322,10
13.0343599319,80.2680511475,49322,49332,10
13.0343399048,80.2680435181,49332,49342,10
13.0341997147,80.2679977417,49342,49352,10
13.0341701508,80.2679977417,49352,49362,10
13.0338401794,80.2679595947,49362,49383,21
13.0336503983,80.2679290771,49383,49433,50
13.0332603455,80.267868042,49433,49514,81
13.0332603455,80.267868042,49514,49524,10
13.032790184,80.2677688599,49524,49585,61
13.032790184,80.2677688599,49585,49595,10
13.0326595306,80.2676620483,49595,49605,10
13.0326404572,80.2676391602,49605,49615,10
13.0325603485,80.2675628662,49615,49625,10
13.032409668,80.2674789429,49625,49635,10
13.0320796967,80.2673110962,49635,49645,10
13.0316095352,80.2670974731,49645,49655,10
13.0311803818,80.2669219971,49655,49665,10
13.0306301117,80.2667999268,49665,49675,10
13.029999733,80.2667007446,49675,49686,11
13.0298299789,80.2666778564,49686,49696,10
13.0296401978,80.2666320801,49696,49706,10
13.029419899,80.2666168213,49706,49736,30
13.029419899,80.2666168213,49736,49746,10
13.0290603638,80.2664489746,49746,49756,10
13.028459549,80.2663192749,49756,49766,10
13.0277795792,80.2661819458,49766,49776,10
13.027130127,80.2661209106,49776,49785,9
13.0267896652,80.2660064697,49785,49797,12
13.0267896652,80.2659301758,49797,49807,10
13.0267496109,80.2655715942,49807,50796,989
13.0267095566,80.2657165527,50796,50968,172
13.0268001556,80.2659225464,50968,50998,30
13.0268001556,80.2659225464,50998,51008,10
13.0265398026,80.2659912109,51008,51019,11
13.0263395309,80.2658462524,51019,51029,10
13.0263700485,80.2655410767,51029,51039,10
13.0263700485,80.2652511597,51039,51049,10
13.0263996124,80.2648010254,51049,51059,10
13.0264797211,80.2641906738,51059,51069,10
13.0265398026,80.2635192871,51069,51079,10
13.0268802643,80.2634735107,51079,51089,10
13.0274600983,80.2635574341,51089,51099,10
13.0280504227,80.2637176514,51099,51109,10
13.0286102295,80.2638778687,51109,51120,11
13.0286998749,80.2638931274,51120,51129,9
13.0288000107,80.2639312744,51129,51140,11
13.0291099548,80.2640304565,51140,51150,10
13.0292701721,80.2641830444,51150,51160,10
13.0292901993,80.2645721436,51160,51170,10
13.0292901993,80.2650985718,51170,51180,10
13.0292797089,80.2655181885,51180,51190,10
13.0292596817,80.2658920288,51190,51200,10
13.0291996002,80.2663803101,51200,51210,10
13.0295495987,80.2665863037,51210,51221,11
13.0299196243,80.2666625977,51221,51231,10
13.0303096771,80.2667312622,51231,51241,10
13.0308103561,80.2667770386,51241,51251,10
13.0311603546,80.2668762207,51251,51261,10
13.03166008,80.2670288086,51261,51277,16
13.0323495865,80.2673187256,51277,51289,12
13.0326795578,80.2675476074,51289,51299,10
13.0331401825,80.2676773071,51299,51309,10
13.0336799622,80.2678222656,51309,51319,10
13.0345201492,80.2680130005,51319,51340,21
13.0345201492,80.2680130005,51340,51350,10
13.0344800949,80.268157959,51350,51380,30
13.0344800949,80.268157959,51380,51390,10
13.0343503952,80.2680206299,51390,51411,21
13.0333595276,80.2678375244,51411,51444,33
13.0333595276,80.2678375244,51444,51452,8
13.0332403183,80.267829895,51452,51464,12
13.0332202911,80.267829895,51464,51474,10
13.032959938,80.2677612305,51474,51484,10
13.0327196121,80.2676773071,51484,51494,10
13.032500267,80.2675018311,51494,51504,10
13.0322303772,80.2673721313,51504,51514,10
13.0317802429,80.2671890259,51514,51524,10
13.0313301086,80.2669906616,51524,51535,11
13.0308504105,80.2668380737,51535,51545,10
13.0304203033,80.266746521,51545,51555,10
13.0302400589,80.2667236328,51555,51565,10
13.0298500061,80.2666397095,51565,51584,19
13.0298500061,80.2666397095,51584,51595,11
13.0293998718,80.2665863037,51595,51615,20
13.0293998718,80.2665863037,51615,51625,10
13.0290298462,80.266418457,51625,51636,11
13.0285997391,80.2663574219,51636,51646,10
13.0282001495,80.2662963867,51646,51656,10
13.0276403427,80.2662200928,51656,51666,10
13.027130127,80.2661590576,51666,51676,10
13.0263996124,80.2660064697,51676,51716,40
13.0263996124,80.2660064697,51716,51726,10
13.026049614,80.2658615112,51726,51737,11
13.0256004333,80.2655410767,51737,51747,10
13.0253000259,80.26537323,51747,51757,10
13.025270462,80.2653579712,51757,51767,10
13.0249996185,80.2651290894,51767,51776,9
13.0246496201,80.2648620605,51776,51786,10
13.0241804123,80.264503479,51786,51797,11
13.0235595703,80.2641372681,51797,51807,10
13.0229301453,80.2638473511,51807,51817,10
13.022069931,80.2634429932,51817,51838,21
13.022069931,80.2634429932,51838,51848,10
13.0219202042,80.2633514404,51848,51858,10
13.0215597153,80.2631607056,51858,51868,10
13.0208501816,80.2630310059,51868,51878,10
13.0201597214,80.2629776001,51878,51888,10
13.0195798874,80.2629165649,51888,51904,16
13.0189304352,80.2626495361,51904,51916,12
13.0187997818,80.2617721558,51916,51924,8
13.0186004639,80.2612533569,51924,51936,12
13.0179100037,80.2608337402,51936,51947,11
13.0171699524,80.260307312,51947,51957,10
13.0164699554,80.2598800659,51957,51967,10
13.0160598755,80.2596817017,51967,51976,9
13.0160503387,80.2596664429,51976,51987,11
13.0159101486,80.2595977783,51987,51996,9
13.0154695511,80.259437561,51996,52006,10
13.0148296356,80.2593231201,52006,52016,10
13.0141096115,80.2592773438,52016,52027,11
13.0131702423,80.2592391968,52027,52037,10
13.0122699738,80.2592086792,52037,52048,11
13.0113897324,80.2591781616,52048,52058,10
13.0106296539,80.2592086792,52058,52068,10
13.0100698471,80.2592391968,52068,52078,10
13.0100603104,80.2592391968,52078,52088,10
13.0097198486,80.2591781616,52088,52098,10
13.00922966,80.259147644,52098,52108,10
13.008890152,80.2591781616,52108,52118,10
13.0086698532,80.2591934204,52118,52128,10
13.008190155,80.2592010498,52128,52138,10
13.0078001022,80.2592926025,52138,52149,11
13.0073604584,80.2591171265,52149,52159,10
13.0072002411,80.2587509155,52159,52169,10
13.0071897507,80.2587432861,52169,52179,10
13.0071496964,80.2586593628,52179,52189,10
13.0069599152,80.2582778931,52189,52201,12
13.0067396164,80.2578811646,52201,52211,10
13.0067195892,80.2578277588,52211,52221,10
13.0065402985,80.257522583,52221,52231,10
13.0065002441,80.2571182251,52231,52241,10
13.0064697266,80.2566223145,52241,52253,12
13.0064496994,80.2558898926,52253,52263,10
13.0064697266,80.2554168701,52263,52273,10
13.0065002441,80.255241394,52273,52283,10
13.0065402985,80.2549591064,52283,52293,10
13.0065002441,80.2544174194,52293,52303,10
13.0064897537,80.2538528442,52303,52313,10
13.0064897537,80.25340271,52313,52323,10
13.0065002441,80.2533187866,52323,52333,10
13.0065097809,80.2532424927,52333,52343,10
13.0065097809,80.2529602051,52343,52354,11
13.0065498352,80.2523727417,52354,52364,10
13.0066204071,80.2518310547,52364,52444,80
13.0066204071,80.2518310547,52444,52455,11
13.0066204071,80.251701355,52455,52465,10
13.0066900253,80.2512969971,52465,52475,10
13.0067396164,80.250579834,52475,52485,10
13.0067396164,80.2497787476,52485,52494,9
13.0067501068,80.249671936,52494,52505,11
13.0067501068,80.2492370605,52505,52515,10
13.0066795349,80.248550415,52515,52525,10
13.0066099167,80.2477035522,52525,52606,81
13.0066099167,80.2477035522,52606,52616,10
13.0066299438,80.2472076416,52616,52626,10
13.0066299438,80.2470092773,52626,52636,10
13.0066204071,80.2468185425,52636,52646,10
13.0065698624,80.2465133667,52646,52657,11
13.0066204071,80.246383667,52657,52667,10
13.0066204071,80.24584198,52667,52677,10
13.0066204071,80.2450180054,52677,52687,10
13.0066003799,80.2440414429,52687,52697,10
13.0065803528,80.2432098389,52697,52707,10
13.0065603256,80.2422790527,52707,52717,10
13.0065603256,80.2417678833,52717,52727,10
13.0065603256,80.241569519,52727,52737,10
13.0066404343,80.2410583496,52737,52747,10
13.0067596436,80.2405014038,52747,52758,11
13.0068502426,80.2397003174,52758,52768,10
13.0069799423,80.2388916016,52768,52778,10
13.0071401596,80.2381973267,52778,52788,10
13.0073404312,80.2373428345,52788,52798,10
13.007399559,80.236831665,52798,52808,10
13.007399559,80.2368164063,52808,52818,10
13.007399559,80.2367401123,52818,52828,10
13.0075397491,80.2363204956,52828,52838,10
13.0076799393,80.2355880737,52838,52855,17
13.008020401,80.2339401245,52855,52867,12
13.0083303452,80.232421875,52867,52877,10
13.0085897446,80.231048584,52877,52885,8
13.0087995529,80.2299880981,52885,52897,12
13.0090904236,80.2284698486,52897,52907,10
13.0095300674,80.2273483276,52907,52917,10
13.0100603104,80.2262191772,52917,52927,10
13.0105199814,80.225227356,52927,52937,10
13.0108804703,80.2243881226,52937,52947,10
13.0111703873,80.2236404419,52947,52957,10
13.0112600327,80.2233200073,52957,52968,11
13.0115499496,80.2228088379,52968,52978,10
13.0118398666,80.2220230103,52978,52988,10
13.0122003555,80.2213668823,52988,52998,10
13.0125703812,80.2217178345,52998,53008,10
13.0129203796,80.2220916748,53008,53018,10
13.0135803223,80.2228469849,53018,53028,10
13.0141401291,80.2236022949,53028,53038,10
13.014550209,80.2240371704,53038,53048,10
13.0151500702,80.2246627808,53048,53058,10
13.0155200958,80.2249526978,53058,53069,11
13.0155496597,80.2249832153,53069,53079,10
13.0155801773,80.2250289917,53079,53089,10
13.015879631,80.2252578735,53089,53099,10
13.016579628,80.2252578735,53099,53109,10
13.0173597336,80.2249603271,53109,53119,10
13.0181598663,80.224647522,53119,53129,10
13.0189304352,80.2243728638,53129,53139,10
13.0195198059,80.2244186401,53139,53149,10
13.0198802948,80.224609375,53149,53159,10
13.0202903748,80.2249221802,53159,53170,11
13.0207796097,80.2252807617,53170,53180,10
13.0211896896,80.2256164551,53180,53190,10
13.0219602585,80.2261581421,53190,53216,26
13.0219602585,80.2261581421,53216,53228,12
13.022359848,80.2265014648,53228,53238,10
13.0228099823,80.226890564,53238,53247,9
13.0234003067,80.227432251,53247,53258,11
13.0239200592,80.227897644,53258,53268,10
13.0242099762,80.2282333374,53268,53279,11
13.0244998932,80.2286605835,53279,53289,10
13.0248498917,80.2291717529,53289,53299,10
13.0252199173,80.2296600342,53299,53308,9
13.0255804062,80.2301177979,53308,53319,11
13.0259504318,80.2308807373,53319,53359,40
13.0259504318,80.2308807373,53359,53369,10
13.0259799957,80.2311325073,53369,53380,11
13.0261497498,80.2313766479,53380,53390,10
13.0267601013,80.2312088013,53390,53400,10
13.0276002884,80.2310180664,53400,53410,10
13.0282802582,80.2309188843,53410,53420,10
13.028429985,80.2309036255,53420,53430,10
13.0285596848,80.2308731079,53430,53440,10
13.028840065,80.2308197021,53440,53450,10
13.0290899277,80.2308120728,53450,53460,10
13.0293703079,80.2307815552,53460,53470,10
13.0298204422,80.2307510376,53470,53481,11
13.0303201675,80.2307128906,53481,53491,10
13.0305900574,80.2306976318,53491,53501,10
13.0310602188,80.2306594849,53501,53511,10
13.0316801071,80.2306213379,53511,53521,10
13.0323600769,80.2305603027,53521,53531,10
13.0331201553,80.2304992676,53531,53541,10
13.0336999893,80.23046875,53541,53551,10
13.0339002609,80.2304763794,53551,53561,10
13.0342998505,80.2304534912,53561,53602,41
13.0342998505,80.2304534912,53602,53612,10
13.0344400406,80.2304077148,53612,53622,10
13.0346899033,80.2303390503,53622,53632,10
13.0347995758,80.2303009033,53632,53642,10
13.0348901749,80.2302474976,53642,53652,10
13.035030365,80.230140686,53652,53662,10
13.0350599289,80.2298965454,53662,53672,10
13.0348796844,80.2298431396,53672,53683,11
13.034529686,80.2297821045,53683,53814,131
13.034529686,80.2297821045,53814,53824,10
13.0341997147,80.2299423218,53824,53996,172
13.0341997147,80.2299423218,53996,54006,10
13.0341701508,80.2302398682,54006,54026,20
13.0341701508,80.2302398682,54026,54036,10
13.0340003967,80.2304763794,54036,54046,10
13.0335502625,80.2304916382,54046,54056,10
13.0334796906,80.2304763794,54056,54066,10
13.0333995819,80.2304534912,54066,54076,10
13.0332698822,80.2304611206,54076,54086,10
13.0328798294,80.2305374146,54086,54097,11
13.0322303772,80.2305984497,54097,54107,10
13.0315904617,80.2306594849,54107,54123,16
13.0306997299,80.2307662964,54123,54135,12
13.0300197601,80.2308120728,54135,54143,8
13.0297403336,80.2308273315,54143,54155,12
13.0296802521,80.2308425903,54155,54165,10
13.029299736,80.2308883667,54165,54174,9
13.0287103653,80.2309799194,54174,54185,11
13.0279397964,80.2310409546,54185,54196,11
13.0276203156,80.2311630249,54196,54206,10
13.0276699066,80.2316589355,54206,54216,10
13.0277395248,80.232208252,54216,54226,10
13.0277099609,80.232749939,54226,54236,10
13.0271396637,80.2329177856,54236,54246,10
13.0267801285,80.2329788208,54246,54256,10
13.02643013,80.2329177856,54256,54266,10
13.0262002945,80.2323226929,54266,54287,21
13.0258197784,80.2308273315,54287,54300,13
13.0252199173,80.2297973633,54300,54310,10
13.0247097015,80.2291412354,54310,54320,10
13.0242595673,80.2285690308,54320,54330,10
13.0239896774,80.2282867432,54330,54340,10
13.0239896774,80.2282791138,54340,54350,10
13.0239400864,80.2281799316,54350,54360,10
13.0236797333,80.2278594971,54360,54370,10
13.0232601166,80.2274475098,54370,54380,10
13.0227003098,80.2268981934,54380,54390,10
13.0220899582,80.226348877,54390,54401,11
13.0214996338,80.2258987427,54401,54411,10
13.0208797455,80.2254104614,54411,54421,10
13.0200796127,80.2248764038,54421,54431,10
13.0191802979,80.2244262695,54431,54441,10
13.0181598663,80.2247085571,54441,54451,10
13.0171899796,80.225112915,54451,54461,10
13.0164003372,80.2254333496,54461,54471,10
13.0157899857,80.2256622314,54471,54481,10
13.0151700974,80.2258682251,54481,54491,10
13.0144796371,80.2261734009,54491,54502,11
13.0142602921,80.2262496948,54502,54512,10
13.0141401291,80.2263031006,54512,54522,10
13.0136699677,80.2264785767,54522,54532,10
13.0129299164,80.2267913818,54532,54542,10
13.0120697021,80.2271194458,54542,54552,10
13.0110998154,80.2275085449,54552,54562,10
13.0101203918,80.227897644,54562,54578,16
13.0090398788,80.2289199829,54578,54590,12
13.0087795258,80.2301635742,54590,54601,11
13.0085601807,80.231262207,54601,54611,10
13.0083799362,80.232208252,54611,54621,10
13.0082597733,80.2331314087,54621,54631,10
13.0082502365,80.2333679199,54631,54641,10
13.0082302094,80.2334213257,54641,54651,10
13.0081300735,80.2337722778,54651,54661,10
13.0080003738,80.2343521118,54661,54671,10
13.0078401566,80.2351379395,54671,54681,10
13.0076599121,80.2360610962,54681,54691,10
13.0074596405,80.2370300293,54691,54702,11
13.0072603226,80.2380371094,54702,54712,10
13.0071201324,80.2388687134,54712,54722,10
13.0069599152,80.239692688,54722,54732,10
13.0068702698,80.2404785156,54732,54742,10
13.0068397522,80.2406768799,54742,54752,10
13.006819725,80.2408065796,54752,54762,10
13.0067195892,80.2412796021,54762,54772,10
13.0066995621,80.2421112061,54772,54782,10
13.0066604614,80.2429962158,54782,54792,10
13.0066404343,80.2438735962,54792,54803,11
13.0066204071,80.2449035645,54803,54812,9
13.006649971,80.2455215454,54812,54823,11
13.0066795349,80.245880127,54823,54843,20
13.0066795349,80.245880127,54843,54853,10
13.0066900253,80.2462081909,54853,54863,10
13.0067195892,80.2466812134,54863,54873,10
13.0067195892,80.2472686768,54873,54883,10
13.0067100525,80.2480163574,54883,54893,10
13.0067501068,80.2487411499,54893,54904,11
13.0068397522,80.2494735718,54904,54914,10
13.0068397522,80.2495193481,54914,54924,10
13.0068101883,80.2497024536,54924,54934,10
13.006770134,80.2502365112,54934,54944,10
13.0067796707,80.2508621216,54944,54954,10
13.0068101883,80.2511672974,54954,54964,10
13.006770134,80.2513198853,54964,54974,10
13.0066795349,80.2518386841,54974,54984,10
13.0065603256,80.2525634766,54984,54994,10
13.006529808,80.2532730103,54994,55004,10
13.006529808,80.254119873,55004,55015,11
13.0065803528,80.2549819946,55015,55025,10
13.0065603256,80.2551422119,55025,55035,10
13.0065498352,80.2555999756,55035,55045,10
13.0065498352,80.2562484741,55045,55055,10
13.0066404343,80.2570800781,55055,55136,81
13.0066404343,80.2570800781,55136,55146,10
13.0067596436,80.257522583,55146,55156,10
13.0070199966,80.2580337524,55156,55166,10
13.0073604584,80.258430481,55166,55176,10
13.007610321,80.2585601807,55176,55186,10
13.0076704025,80.2585983276,55186,55196,10
13.0079698563,80.2587509155,55196,55206,10
13.008310318,80.2589111328,55206,55217,11
13.0089197159,80.2590332031,55217,55227,10
13.00963974,80.2590408325,55227,55237,10
13.0104999542,80.2590484619,55237,55253,16
13.012140274,80.2590713501,55253,55265,12
13.0134801865,80.2591171265,55265,55275,10
13.014380455,80.2591629028,55275,55285,10
13.0154895782,80.259262085,55285,55295,10
13.0162296295,80.259552002,55295,55316,21
13.0162296295,80.259552002,55316,55326,10
13.016500473,80.2597579956,55326,55336,10
13.0169000626,80.2600479126,55336,55346,10
13.0174303055,80.2604064941,55346,55356,10
13.0180397034,80.2608337402,55356,55366,10
13.0185899734,80.2612075806,55366,55376,10
13.0190496445,80.2615966797,55376,55386,10
13.0193796158,80.261932373,55386,55396,10
13.0198202133,80.2623214722,55396,55406,10
13.0201101303,80.2625579834,55406,55417,11
13.0202999115,80.2627029419,55417,55427,10
13.0208396912,80.2628631592,55427,55437,10
13.0215101242,80.263092041,55437,55447,10
13.0219402313,80.2632980347,55447,55457,10
13.022310257,80.2634963989,55457,55467,10
13.0228099823,80.2637710571,55467,55477,10
13.0229902267,80.2638778687,55477,55487,10
13.0230703354,80.2639389038,55487,55497,10
13.0234098434,80.2641220093,55497,55507,10
13.0238800049,80.2643814087,55507,55518,11
13.0246200562,80.2648773193,55518,55528,10
13.0251903534,80.2653198242,55528,55538,10
13.0258598328,80.2657318115,55538,55548,10
13.0261802673,80.2658004761,55548,55558,10
13.0263004303,80.2652893066,55558,55568,10
13.0263996124,80.2646484375,55568,55578,10
13.0264997482,80.2640991211,55578,55588,10
13.0265102386,80.263999939,55588,55598,10
13.0265703201,80.2637176514,55598,55608,10
13.026720047,80.2633972168,55608,55619,11
13.027179718,80.2634811401,55619,55629,10
13.0276002884,80.2636108398,55629,55639,10
13.028169632,80.2637710571,55639,55649,10
13.0283498764,80.2638168335,55649,55659,10
13.0286903381,80.2639083862,55659,55669,10
13.0290699005,80.2640228271,55669,55679,10
13.0292701721,80.2644271851,55679,55689,10
13.0292797089,80.2649765015,55689,55699,10
13.0292596817,80.2655563354,55699,55709,10
13.0292301178,80.2659301758,55709,55720,11
13.0292196274,80.2661209106,55720,55730,10
13.0292797089,80.2664413452,55730,55740,10
13.029709816,80.2665328979,55740,55751,11
13.0302696228,80.2666320801,55751,55762,11
13.031080246,80.2668380737,55762,55772,10
13.0315198898,80.2670211792,55772,55782,10
13.0317897797,80.2671432495,55782,55833,51
13.0321397781,80.267288208,55833,55932,99
13.0325098038,80.2674636841,55932,56033,101
13.0325098038,80.2674636841,56033,56043,10
13.0327596664,80.2676773071,56043,56164,121
13.0327596664,80.2676773071,56164,56174,10
13.0333099365,80.267829895,56174,56224,50
13.0336904526,80.2678909302,56224,56346,122
13.0336904526,80.2678909302,56346,56356,10
13.034070015,80.2679595947,56356,56396,40
13.034070015,80.2679595947,56396,56406,10
13.0345201492,80.2679977417,56406,56415,9
13.034740448,80.2679519653,56415,56426,11
13.0351896286,80.2678985596,56426,56437,11
13.0356397629,80.2678527832,56437,56447,10
13.0360803604,80.2677536011,56447,56457,10
13.0364303589,80.2677001953,56457,56517,60
13.0364303589,80.2677001953,56517,56527,10
13.0368404388,80.2676010132,56527,56538,11
13.03703022,80.2669830322,56538,56548,10
13.0372200012,80.2661209106,56548,56558,10
13.0374202728,80.2651901245,56558,56567,9
13.0375499725,80.264541626,56567,56579,12
13.0376796722,80.2643585205,56579,56589,10
13.0376596451,80.2645187378,56589,56599,10
13.037560463,80.2649307251,56599,56609,10
13.0373897552,80.2657012939,56609,56619,10
13.037229538,80.2663803101,56619,56629,10
13.0370798111,80.2669372559,56629,56640,11
13.0369997025,80.2672805786,56640,56650,10
13.0368995667,80.2675628662,56650,56660,10
13.0366802216,80.2678527832,56660,56670,10
13.036239624,80.2678985596,56670,56680,10
13.0358800888,80.2678985596,56680,56700,20
13.0358800888,80.2678985596,56700,56710,10
13.0355596542,80.2678985596,56710,56720,10
13.0355300903,80.2678909302,56720,56730,10
13.0353403091,80.2678527832,56730,56741,11
13.0351896286,80.2678985596,56741,56751,10
13.0350503922,80.2679214478,56751,56767,16
13.0347900391,80.2679977417,56767,56779,12
13.0346803665,80.2680282593,56779,56789,10
13.0346002579,80.2680511475,56789,56799,10
13.0342102051,80.2679901123,56799,56819,20
13.0341396332,80.2679367065,56819,56850,31
13.0341396332,80.2679367065,56850,56861,11
13.0339698792,80.2679519653,56861,56871,10
13.033659935,80.2678985596,56871,56881,10
13.0333900452,80.2678527832,56881,56931,50
13.0333900452,80.2678527832,56931,56942,11
13.0330600739,80.2677230835,56942,56952,10
13.0326595306,80.267616272,56952,56962,10
13.0324602127,80.2674484253,56962,56972,10
13.0322303772,80.2673721313,56972,56982,10
13.0318002701,80.2671813965,56982,56992,10
13.0313396454,80.2669906616,56992,57002,10
13.03083992,80.2668609619,57002,57012,10
13.0302200317,80.2667388916,57012,57022,10
13.0297899246,80.2666702271,57022,57032,10
13.0297603607,80.2666702271,57032,57043,11
13.0295000076,80.2666320801,57043,57053,10
13.0291996002,80.2665176392,57053,57063,10
13.0288000107,80.2664031982,57063,57073,10
13.0281200409,80.2662734985,57073,57083,10
13.0274000168,80.266166687,57083,57093,10
13.0263700485,80.2660217285,57093,57151,58
13.0263700485,80.2660217285,57151,57162,11
13.0262699127,80.2660217285,57162,57171,9
13.0259399414,80.265838623,57171,57182,11
13.025270462,80.2654037476,57182,57202,20
13.025270462,80.2654037476,57202,57212,10
13.0251102448,80.2652435303,57212,57222,10
13.0247602463,80.2649612427,57222,57232,10
13.0242795944,80.2646102905,57232,57243,11
13.0235795975,80.264213562,57243,57253,10
13.0228996277,80.2638397217,57253,57263,10
13.0222702026,80.2635498047,57263,57273,10
13.0221395493,80.2634887695,57273,57283,10
13.0220899582,80.2634429932,57283,57293,10
13.0219097137,80.2633514404,57293,57303,10
13.0214500427,80.2631378174,57303,57313,10
13.0207195282,80.2630462646,57313,57323,10
13.0203504562,80.2630386353,57323,57333,10
13.0201702118,80.2630386353,57333,57343,10
13.0198802948,80.2630233765,57343,57354,11
13.0194501877,80.2629623413,57354,57364,10
13.0190200806,80.2629013062,57364,57394,30
13.0190200806,80.2629013062,57394,57404,10
13.0189304352,80.2626113892,57404,57414,10
13.0188999176,80.2624130249,57414,57424,10
13.0188903809,80.2623214722,57424,57434,10
13.0188703537,80.2621383667,57434,57444,10
13.0188398361,80.261932373,57444,57455,11
13.0187501907,80.2615814209,57455,57505,50
13.0187501907,80.2615814209,57505,57515,10
13.0184698105,80.2611694336,57515,57525,10
13.018239975,80.2610015869,57525,57535,10
13.0180101395,80.260848999,57535,57545,10
13.0175199509,80.2605514526,57545,57556,11
13.0168895721,80.2601394653,57556,57566,10
13.0162401199,80.2597808838,57566,57576,10
13.0160999298,80.2597198486,57576,57586,10
13.0160598755,80.2596969604,57586,57596,10
13.015709877,80.2595367432,57596,57606,10
13.015130043,80.2593917847,57606,57616,10
13.0145597458,80.2593536377,57616,57626,10
13.014169693,80.2593307495,57626,57636,10
13.0136604309,80.2593078613,57636,57646,10
13.0131597519,80.2593002319,57646,57657,11
13.0127401352,80.2592773438,57657,57667,10
13.0124502182,80.2592697144,57667,57677,10
13.0121803284,80.259262085,57677,57687,10
13.0117101669,80.2592391968,57687,57697,10
13.0111999512,80.2592315674,57697,57707,10
13.0106897354,80.2592391968,57707,57717,10
13.0099802017,80.2592697144,57717,57737,20
13.0099802017,80.2592697144,57737,57747,10
13.0099601746,80.2592773438,57747,57758,11
13.0096998215,80.2592697144,57758,57788,30
13.0096998215,80.2592697144,57788,57798,10
13.0092897415,80.2592468262,57798,57808,10
13.0090103149,80.2592391968,57808,57818,10
13.0087995529,80.2592391968,57818,57828,10
13.008480072,80.2592315674,57828,57838,10
13.0082101822,80.2592391968,57838,57848,10
13.0080003738,80.2593002319,57848,57859,11
13.0077199936,80.2593917847,57859,57869,10
13.007349968,80.2591781616,57869,57879,10
13.0072002411,80.2588195801,57879,57889,10
13.0072002411,80.2587966919,57889,57899,10
13.007060051,80.2584991455,57899,57909,10
13.006819725,80.2580566406,57909,57919,10
13.0065603256,80.257598877,57919,58000,81
13.0065603256,80.257598877,58000,58010,10
13.0065097809,80.2574615479,58010,58020,10
13.0064601898,80.2570800781,58020,58030,10
13.0064401627,80.2565078735,58030,58040,10
13.0064496994,80.2557601929,58040,58050,10
13.0065002441,80.2549819946,58050,58061,11
13.006480217,80.2540969849,58061,58071,10
13.0064897537,80.2535705566,58071,58081,10
13.0065002441,80.2532577515,58081,58091,10
13.0064897537,80.2532119751,58091,58101,10
13.0065002441,80.2526397705,58101,58172,71
13.0065002441,80.2526397705,58172,58182,10
13.0065002441,80.2522888184,58182,58192,10
13.0066099167,80.2517089844,58192,58202,10
13.0066604614,80.2509613037,58202,58212,10
13.0066795349,80.2501373291,58212,58222,10
13.0066900253,80.2496795654,58222,58232,10
13.0066995621,80.2496032715,58232,58242,10
13.0066900253,80.2491989136,58242,58252,10
13.0066404343,80.2485427856,58252,58263,11
13.0066299438,80.2481765747,58263,58273,10
13.0066204071,80.248008728,58273,58283,10
13.0066204071,80.247467041,58283,58293,10
13.0065498352,80.2466583252,58293,58313,20
13.0065498352,80.2466583252,58313,58323,10
13.0065603256,80.2465896606,58323,58333,10
13.0066204071,80.2462768555,58333,58343,10
13.0066099167,80.2456665039,58343,58353,10
13.0066003799,80.2449417114,58353,58364,11
13.0066099167,80.2442932129,58364,58374,10
13.0066003799,80.243888855,58374,58384,10
13.0066003799,80.2436828613,58384,58394,10
13.0065698624,80.2434387207,58394,58404,10
13.0065498352,80.242980957,58404,58414,10
13.0065402985,80.2423171997,58414,58423,9
13.0065402985,80.2417221069,58423,58434,11
13.0065402985,80.2416381836,58434,58444,10
13.0065803528,80.2412414551,58444,58454,10
13.0066099167,80.2407608032,58454,58465,11
13.0066795349,80.2403411865,58465,58475,10
13.0068302155,80.2397384644,58475,58485,10
13.0069999695,80.238899231,58485,58495,10
13.0071802139,80.23802948,58495,58505,10
13.0073604584,80.2370986938,58505,58545,40
13.0073604584,80.2370986938,58545,58555,10
13.0073795319,80.236869812,58555,58566,11
13.0074195862,80.2367019653,58566,58576,10
13.007519722,80.2363433838,58576,58586,10
13.0076599121,80.235710144,58586,58596,10
13.007809639,80.23487854,58596,58606,10
13.0079898834,80.2339706421,58606,58616,10
13.0081996918,80.2329101563,58616,58626,10
13.0084199905,80.2317962646,58626,58636,10
13.0086202621,80.23072052,58636,58646,10
13.0088500977,80.2295837402,58646,58656,10
13.0090799332,80.2284088135,58656,58666,10
13.0095100403,80.2273178101,58666,58677,11
13.0100498199,80.2261505127,58677,58687,10
13.0105199814,80.2251968384,58687,58697,10
13.0108203888,80.2245178223,58697,58707,10
13.0110301971,80.2240219116,58707,58717,10
13.0112800598,80.2235107422,58717,58727,10
13.0115499496,80.2228622437,58727,58737,10
13.011879921,80.2220077515,58737,58747,10
13.0122499466,80.2214889526,58747,58757,10
13.0125102997,80.2218017578,58757,58769,12
13.0130300522,80.2223968506,58769,58779,10
13.0136003494,80.2230377197,58779,58789,10
13.0139503479,80.2234268188,58789,58799,10
13.0143098831,80.2238998413,58799,58809,10
13.0149002075,80.2244796753,58809,58819,10
13.0155200958,80.2250213623,58819,58839,20
13.0155200958,80.2250213623,58839,58849,10
13.015709877,80.2251586914,58849,58859,10
13.0162000656,80.2253494263,58859,58869,10
13.0169200897,80.2251663208,58869,58880,11
13.017829895,80.2248077393,58880,58890,10
13.0186100006,80.2244873047,58890,58900,10
13.0191898346,80.2243728638,58900,58910,10
13.0195798874,80.2244491577,58910,58920,10
13.0198402405,80.2246170044,58920,58930,10
13.0201396942,80.2248382568,58930,58940,10
13.0202798843,80.2249298096,58940,58950,10
13.0204801559,80.2250823975,58950,58960,10
13.020819664,80.2253189087,58960,58970,10
13.0210800171,80.2255401611,58970,58981,11
13.0214796066,80.2258605957,58981,58991,10
13.0219202042,80.2261428833,58991,59001,10
13.02202034,80.2262191772,59001,59011,10
13.022069931,80.2262878418,59011,59021,10
13.0224399567,80.2266082764,59021,59031,10
13.022939682,80.2270889282,59031,59041,10
13.0234699249,80.2275695801,59041,59051,10
13.0239896774,80.2280578613,59051,59061,10
13.0243902206,80.228553772,59061,59071,10
13.024600029,80.2288208008,59071,59082,11
13.024889946,80.2292480469,59082,59092,10
13.0253200531,80.2297821045,59092,59102,10
13.0256900787,80.2302932739,59102,59122,20
13.0256900787,80.2302932739,59122,59132,10
13.0257701874,80.2304534912,59132,59142,10
13.0259103775,80.2307434082,59142,59152,10
13.02602005,80.2311096191,59152,59162,10
13.0261602402,80.2313766479,59162,59172,10
13.0267000198,80.231262207,59172,59183,11
13.0275497437,80.2310562134,59183,59193,10
13.028169632,80.2309875488,59193,59209,16
13.0284996033,80.2309417725,59209,59221,12
13.0287799835,80.2309188843,59221,59229,8
13.0289201736,80.2309036255,59229,59241,12
13.0292196274,80.2308731079,59241,59251,10
13.0296497345,80.2308425903,59251,59261,10
13.0300703049,80.2308120728,59261,59271,10
13.0304803848,80.2307815552,59271,59281,10
13.03083992,80.2307281494,59281,59292,11
13.0314302444,80.2306671143,59292,59302,10
13.0319004059,80.2306289673,59302,59312,10
13.0320997238,80.2306289673,59312,59322,10
13.0326004028,80.2305908203,59322,59332,10
13.0330400467,80.2305526733,59332,59342,10
13.0331296921,80.2305297852,59342,59352,10
13.0334196091,80.2304992676,59352,59362,10
13.0338401794,80.2304763794,59362,59372,10
13.0345697403,80.2303924561,59372,59433,61
13.0345697403,80.2303924561,59433,59443,10
13.0348100662,80.2304000854,59443,59453,10
13.0349502563,80.2303009033,59453,59462,9
13.0349502563,80.2301635742,59462,59472,10
13.034740448,80.2301330566,59472,59484,12
13.0345201492,80.2301483154,59484,60584,1100
13.0345201492,80.2301483154,60584,60594,10
13.0341501236,80.2303085327,60594,60625,31
13.0341501236,80.2303085327,60625,60635,10
13.0340900421,80.2304611206,60635,60645,10
13.0338497162,80.2304992676,60645,60655,10
13.0335102081,80.2305221558,60655,60665,10
13.0334100723,80.2305221558,60665,60675,10
13.0330600739,80.2305297852,60675,60685,10
13.0326404572,80.2305603027,60685,60695,10
13.0320701599,80.2306213379,60695,60706,11
13.0313901901,80.230682373,60706,60716,10
13.0308198929,80.2307281494,60716,60726,10
13.0305204391,80.2307510376,60726,60736,10
13.0298099518,80.2308273315,60736,60756,20
13.0298099518,80.2308273315,60756,60766,10
13.0296201706,80.2308502197,60766,60776,10
13.0291900635,80.2308731079,60776,60786,10
13.0285196304,80.2309417725,60786,60796,10
13.0278596878,80.231010437,60796,60807,11
13.0276403427,80.2311782837,60807,60817,10
13.0277004242,80.2317276001,60817,60827,10
13.0277996063,80.2323379517,60827,60836,9
13.0278301239,80.2328109741,60836,60847,11
13.0274295807,80.2329025269,60847,60857,10
13.0271997452,80.2329406738,60857,60867,10
13.0269203186,80.2329788208,60867,60877,10
13.0266304016,80.233039856,60877,60887,10
13.0263299942,80.2327194214,60887,60897,10
13.0262002945,80.2323226929,60897,60908,11
13.0260801315,80.2319030762,60908,60918,10
13.0259599686,80.2314300537,60918,60928,10
13.0257701874,80.230796814,60928,60938,10
13.0253801346,80.2301025391,60938,60998,60
13.0253801346,80.2301025391,60998,61015,17
13.0252103806,80.2298431396,61015,61027,12
13.0250997543,80.2296905518,61027,61037,10
13.0249795914,80.2295303345,61037,61046,9
13.0248603821,80.2294006348,61046,61057,11
13.0246400833,80.2291030884,61057,61069,12
13.0242996216,80.2286682129,61069,61079,10
13.024020195,80.2283630371,61079,61089,10
13.0239896774,80.2283172607,61089,61099,10
13.0239200592,80.2282028198,61099,61109,10
13.023639679,80.2278823853,61109,61120,11
13.0232496262,80.2274780273,61120,61130,10
13.0227804184,80.2270584106,61130,61140,10
13.0221595764,80.2265167236,61140,61150,10
13.0214595795,80.2259368896,61150,61160,10
13.0207595825,80.225402832,61160,61179,19
13.019900322,80.2248306274,61179,61191,12
13.0193195343,80.2245025635,61191,61199,8
13.0187101364,80.2245330811,61199,61211,12
13.0177402496,80.2249298096,61211,61222,11
13.0168199539,80.2253036499,61222,61232,10
13.0161399841,80.2255630493,61232,61242,10
13.0153903961,80.2258377075,61242,61252,10
13.0145998001,80.2261505127,61252,61271,19
13.0145998001,80.2261505127,61271,61282,11
13.0143899918,80.2262496948,61282,61292,10
13.0140104294,80.2264022827,61292,61302,10
13.013420105,80.2266311646,61302,61313,11
13.0126399994,80.2269287109,61313,61323,10
13.0118398666,80.2272491455,61323,61333,10
13.0109596252,80.2276000977,61333,61343,10
13.0100898743,80.2279434204,61343,61353,10
13.0093002319,80.2283096313,61353,61363,10
13.0090303421,80.229133606,61363,61373,10
13.0088300705,80.2301635742,61373,61383,10
13.0086202621,80.2311401367,61383,61393,10
13.0083799362,80.2323989868,61393,61403,10
13.0082702637,80.2332763672,61403,61414,11
13.0082397461,80.2335205078,61414,61424,10
13.0081501007,80.2338180542,61424,61434,10
13.0080604553,80.2343063354,61434,61444,10
13.0079402924,80.234916687,61444,61454,10
13.0077896118,80.2356719971,61454,61464,10
13.0076303482,80.2364730835,61464,61474,10
13.0074596405,80.2373275757,61474,61484,10
13.0073003769,80.2381515503,61484,61494,10
13.0071697235,80.2387619019,61494,61504,10
13.0071496964,80.238861084,61504,61515,11
13.0071001053,80.2392883301,61515,61525,10
13.0070199966,80.2397689819,61525,61535,10
13.0069503784,80.2404937744,61535,61555,20
13.0069503784,80.2404937744,61555,61565,10
13.0068998337,80.2407989502,61565,61575,10
13.0067996979,80.2413024902,61575,61591,16
13.0067596436,80.2425918579,61591,61603,12
13.0067195892,80.2434310913,61603,61623,20
13.0067195892,80.2434310913,61623,61634,11
13.0066995621,80.2436676025,61634,61644,10
13.0067100525,80.2441177368,61644,61654,10
13.0067100525,80.2446517944,61654,61664,10
13.0067100525,80.2452774048,61664,61674,10
13.0067396164,80.2459335327,61674,61684,10
13.0067396164,80.2463378906,61684,61694,10
13.006770134,80.2469482422,61694,61704,10
13.0067396164,80.2476501465,61704,61715,11
13.0068597794,80.2490692139,61715,61736,21
13.0068597794,80.2490692139,61736,61746,10
13.0068902969,80.2493286133,61746,61756,10
13.0068998337,80.249458313,61756,61766,10
13.0069198608,80.2497024536,61766,61816,50
13.0069198608,80.2497024536,61816,61827,11
13.0069198608,80.2498626709,61827,61837,10
13.0069198608,80.2500076294,61837,61847,10
13.0068998337,80.2502288818,61847,61857,10
13.0068998337,80.2505569458,61857,61867,10
13.0068998337,80.2508163452,61867,61877,10
13.0068798065,80.2511367798,61877,61887,10
13.0068397522,80.2515182495,61887,61897,10
13.0067195892,80.2519226074,61897,61907,10
13.0065803528,80.252571106,61907,61917,10
13.0065803528,80.25340271,61917,61928,11
13.0066204071,80.2544326782,61928,61938,10
13.0066404343,80.2552032471,61938,61948,10
13.0066604614,80.2561416626,61948,61958,10
13.0066995621,80.256942749,61958,61968,10
13.0067195892,80.2573165894,61968,62047,79
13.0067195892,80.2573165894,62047,62057,10
13.0067996979,80.2576065063,62057,62067,10
13.0069999695,80.2580871582,62067,62077,10
13.0077199936,80.2587203979,62077,62097,20
13.0077199936,80.2587203979,62097,62107,10
13.0079603195,80.2588424683,62107,62117,10
13.0085201263,80.2590484619,62117,62128,11
13.0092802048,80.2591400146,62128,62138,10
13.010140419,80.2591400146,62138,62147,9
13.01101017,80.2591629028,62147,62158,11
13.012260437,80.2591934204,62158,62168,10
13.0135498047,80.2592315674,62168,62178,10
13.0148200989,80.2592391968,62178,62188,10
13.0158100128,80.2593994141,62188,62198,10
13.0163402557,80.2596511841,62198,62208,10
13.0165100098,80.2597579956,62208,62218,10
13.0166702271,80.2599029541,62218,62229,11
13.0172395706,80.2602767944,62229,62239,10
13.0179004669,80.2607269287,62239,62249,10
13.0185899734,80.2611923218,62249,62259,10
13.0191402435,80.2616500854,62259,62269,10
13.019610405,80.2621002197,62269,62279,10
13.020070076,80.2625198364,62279,62289,10
13.0201797485,80.2626037598,62289,62299,10
13.0205202103,80.2627792358,62299,62309,10
13.0211801529,80.2630004883,62309,62319,10
13.0218696594,80.2632827759,62319,62330,11
13.0221700668,80.263420105,62330,62339,9
13.0224399567,80.2635498047,62339,62350,11
13.0228500366,80.2637634277,62350,62360,10
13.0229701996,80.2638320923,62360,62370,10
13.0231895447,80.2639465332,62370,62380,10
13.0237102509,80.2642364502,62380,62390,10
13.0242595673,80.2645721436,62390,62400,10
13.0247001648,80.2649002075,62400,62410,10
13.0249204636,80.2650680542,62410,62420,10
13.025179863,80.2652511597,62420,62441,21
13.025179863,80.2652511597,62441,62451,10
13.0253295898,80.2653427124,62451,62461,10
13.0255899429,80.2655105591,62461,62471,10
13.0259199142,80.2657089233,62471,62481,10
13.0261802673,80.265838623,62481,62491,10
13.0263395309,80.265586853,62491,62501,10
13.0263795853,80.2652282715,62501,62511,10
13.0264196396,80.2647628784,62511,62521,10
13.0264596939,80.2643432617,62521,62532,11
13.0264902115,80.2641983032,62532,62542,10
13.026550293,80.2636489868,62542,62552,10
13.0268602371,80.2634506226,62552,62562,10
13.0274095535,80.2635192871,62562,62572,10
13.0281000137,80.2637329102,62572,62582,10
13.0283603668,80.2637863159,62582,62592,10
13.0285797119,80.2638397217,62592,62602,10
13.0290403366,80.263961792,62602,62612,10
13.0293102264,80.2642364502,62612,62622,10
13.029299736,80.2647399902,62622,62633,11
13.029299736,80.2654037476,62633,62643,10
13.0292596817,80.2660598755,62643,62653,10
13.0291900635,80.2663574219,62653,62693,40
13.0291900635,80.2663574219,62693,62703,10
13.029419899,80.2666015625,62703,62713,10
13.029800415,80.2666320801,62713,62723,10
13.0301599503,80.2666625977,62723,62734,11
13.0303201675,80.2666778564,62734,62744,10
13.0307998657,80.2667770386,62744,62754,10
13.0316095352,80.267036438,62754,62784,30
13.0316095352,80.267036438,62784,62794,10
13.031829834,80.2671432495,62794,62804,10
13.0321598053,80.267288208,62804,62814,10
13.032500267,80.2674331665,62814,62824,10
13.0326499939,80.267578125,62824,62834,10
13.0329904556,80.2677383423,62834,62845,11
13.0336103439,80.2678375244,62845,62865,20
13.0336103439,80.2678375244,62865,62875,10
13.0337200165,80.2678604126,62875,62885,10
13.0340299606,80.2679290771,62885,62895,10
13.0344400406,80.2679595947,62895,62905,10
13.0345697403,80.2681274414,62905,62935,30
13.0345697403,80.2681274414,62935,62946,11
13.0344495773,80.2681121826,62946,62956,10
13.0341501236,80.2679977417,62956,62966,10
13.0338697433,80.2679519653,62966,62986,20
13.0337095261,80.2678985596,62986,63006,20
13.0337095261,80.2678985596,63006,63016,10
13.033249855,80.2677993774,63016,63339,323
13.033249855,80.2677993774,63339,63350,11
13.032959938,80.2677001953,63350,63360,10
13.0327100754,80.2676391602,63360,63380,20
13.0327100754,80.2676391602,63380,63390,10
13.0326299667,80.2675704956,63390,63400,10
13.0324401855,80.2674179077,63400,63410,10
13.031999588,80.2671966553,63410,63440,30
13.0317201614,80.2671127319,63440,63461,21
13.0317201614,80.2671127319,63461,63471,10
13.0314903259,80.2669830322,63471,63521,50
13.0314903259,80.2669830322,63521,63531,10
13.0311203003,80.2668380737,63531,63552,21
13.0311203003,80.2668380737,63552,63562,10
13.0308103561,80.2667694092,63562,63572,10
13.0304899216,80.2667007446,63572,63612,40
13.0304899216,80.2667007446,63612,63622,10
13.0299196243,80.2666473389,63622,63653,31
13.0299196243,80.2666473389,63653,63669,16
13.0294303894,80.2665863037,63669,63681,12
13.0292301178,80.2665405273,63681,63689,8
13.0290803909,80.2664413452,63689,63701,12
13.0284099579,80.2662811279,63701,63711,10
13.0279302597,80.2661972046,63711,63721,10
13.0274400711,80.2661437988,63721,63731,10
13.0269498825,80.2660675049,63731,63740,9
13.0266199112,80.2660217285,63740,63782,42
13.0266199112,80.2660217285,63782,63793,11
13.0264501572,80.2660217285,63793,63803,10
13.0261802673,80.2659301758,63803,63813,10
13.0260400772,80.265838623,63813,63823,10
13.0257902145,80.2656707764,63823,63833,10
13.0254602432,80.2654724121,63833,63843,10
13.0252599716,80.2653503418,63843,63854,11
13.0252103806,80.2653121948,63854,63864,10
13.0249795914,80.2651062012,63864,63874,10
13.0244998932,80.2647476196,63874,63884,10
13.0239200592,80.2643737793,63884,63894,10
13.0233697891,80.2640609741,63894,63904,10
13.0228099823,80.2637329102,63904,63914,10
13.0225095749,80.2635803223,63914,63924,10
13.0221700668,80.2634429932,63924,63944,20
13.0221700668,80.2634429932,63944,63955,11
13.0220499039,80.2633972168,63955,63965,10
13.02202034,80.263381958,63965,63975,10
13.0218200684,80.2632522583,63975,63985,10
13.0211896896,80.2630691528,63985,63995,10
13.0203504562,80.2630081177,63995,64005,10
13.019610405,80.2629470825,64005,64015,10
13.019080162,80.2628936768,64015,64025,10
13.018910408,80.2624130249,64025,64035,10
13.0187997818,80.2617111206,64035,64045,10
13.018699646,80.2613983154,64045,64056,11
13.0185604095,80.2612609863,64056,64066,10
13.0184297562,80.2611465454,64066,64076,10
13.0181598663,80.2610015869,64076,64096,20
13.0181598663,80.2610015869,64096,64106,10
13.017950058,80.2608795166,64106,64116,10
13.0176200867,80.2606582642,64116,64126,10
13.0172395706,80.2603988647,64126,64142,16
13.0170297623,80.2602615356,64142,64154,12
13.0166501999,80.2600097656,64154,64165,11
13.0161800385,80.2597427368,64165,64205,40
13.0161800385,80.2597427368,64205,64215,10
13.015879631,80.2595977783,64215,64225,10
13.0152797699,80.2594070435,64225,64234,9
13.0145702362,80.2593231201,64234,64244,10
13.013710022,80.2592926025,64244,64255,11
13.0126495361,80.2592391968,64255,64266,11
13.0116100311,80.2592010498,64266,64276,10
13.0107097626,80.2592086792,64276,64286,10
13.0098600388,80.2592163086,64286,64296,10
13.0091896057,80.2592391968,64296,64306,10
13.0091295242,80.2592315674,64306,64316,10
13.0087995529,80.2592163086,64316,64326,10
13.0085096359,80.2592163086,64326,64336,10
13.0079402924,80.2592697144,64336,64346,10
13.0074195862,80.2592926025,64346,64356,10
13.0071802139,80.2587585449,64356,64377,21
13.0071802139,80.2587585449,64377,64387,10
13.0070104599,80.2583999634,64387,64397,10
13.0066404343,80.2577819824,64397,64427,30
13.0066404343,80.2577819824,64427,64437,10
13.0065402985,80.2576675415,64437,64447,10
13.0065002441,80.2572174072,64447,64458,11
13.0065202713,80.256652832,64458,64468,10
13.0065002441,80.2558898926,64468,64478,10
13.0065097809,80.2552566528,64478,64488,10
13.0065097809,80.2545776367,64488,64498,10
13.0065002441,80.254119873,64498,64508,10
13.0065002441,80.2532577515,64508,64528,20
13.0065002441,80.2532577515,64528,64538,10
13.0064897537,80.2530670166,64538,64548,10
13.0065097809,80.2526016235,64548,64599,51
13.0065097809,80.2526016235,64599,64609,10
13.0065603256,80.2522964478,64609,64619,10
13.0066404343,80.2518920898,64619,64629,10
13.0067396164,80.2512283325,64629,64639,10
13.0067501068,80.2503967285,64639,64649,10
13.0067195892,80.2496490479,64649,64659,10
13.0067300797,80.2495269775,64659,64670,11
13.0066995621,80.2489776611,64670,64680,10
13.0066204071,80.2481994629,64680,64750,70
13.0066204071,80.2481994629,64750,64760,10
13.0065898895,80.2476501465,64760,64771,11
13.0066099167,80.2471008301,64771,64781,10
13.0065402985,80.2465820313,64781,64801,20
13.0065402985,80.2465820313,64801,64811,10
13.0066003799,80.2463912964,64811,64821,10
13.0065603256,80.2460784912,64821,64831,10
13.0065603256,80.2457733154,64831,64851,20
13.0065603256,80.2457733154,64851,64861,10
13.0065698624,80.2454376221,64861,64872,11
13.0065803528,80.2452316284,64872,64882,10
13.0065803528,80.2450485229,64882,64892,10
13.0065898895,80.244758606,64892,64902,10
13.0065803528,80.2446365356,64902,64912,10
13.0066003799,80.2444992065,64912,64922,10
13.0066099167,80.2442016602,64922,64932,10
13.0066099167,80.2438812256,64932,64942,10
13.0066003799,80.2435379028,64942,64952,10
13.0065603256,80.2430114746,64952,64962,10
13.0065402985,80.2422637939,64962,64973,11
13.0065402985,80.2417602539,64973,64983,10
13.0065402985,80.2416992188,64983,64993,10
13.0065603256,80.2414169312,64993,65023,30
13.0065603256,80.2414169312,65023,65033,10
13.0065898895,80.2410888672,65033,65043,10
13.0066299438,80.2407073975,65043,65053,10
13.0066900253,80.2404174805,65053,65062,9
13.0068302155,80.2400588989,65062,65074,12
13.0069904327,80.2391204834,65074,65084,10
13.0071496964,80.2382202148,65084,65094,10
13.0073003769,80.2375106812,65094,65104,10
13.0074195862,80.2367477417,65104,65134,30
13.0074195862,80.2367477417,65134,65144,10
13.007519722,80.2364425659,65144,65154,10
13.007610321,80.2359619141,65154,65164,10
13.0076398849,80.235786438,65164,65175,11
13.0077104568,80.235496521,65175,65185,10
13.0078201294,80.2350006104,65185,65195,10
13.0079698563,80.2342834473,65195,65205,10
13.0081501007,80.2333679199,65205,65215,10
13.0083599091,80.2323379517,65215,65225,10
13.0085496902,80.2313079834,65225,65235,10
13.0087404251,80.2303390503,65235,65245,10
13.0089197159,80.2293624878,65245,65256,11
13.0091199875,80.2283706665,65256,65266,10
13.0094299316,80.2275466919,65266,65278,12
13.0098896027,80.2265701294,65278,65288,10
13.0102100372,80.225982666,65288,65298,10
13.0104103088,80.2255096436,65298,65308,10
13.0106201172,80.2250976563,65308,65318,10
13.0108098984,80.2247390747,65318,65328,10
13.0110397339,80.2242431641,65328,65338,10
13.0111598969,80.2238616943,65338,65348,10
13.0112895966,80.2235107422,65348,65358,10
13.0115299225,80.2229995728,65358,65368,10
13.0117902756,80.2224197388,65368,65379,11
13.0120601654,80.2217102051,65379,65389,10
13.0123701096,80.2215805054,65389,65399,10
13.0126304626,80.2219390869,65399,65409,10
13.0130901337,80.2224807739,65409,65419,10
13.0135498047,80.2230072021,65419,65429,10
13.0138998032,80.2233276367,65429,65439,10
13.0140304565,80.2235031128,65439,65449,10
13.0142202377,80.2237472534,65449,65459,10
13.0144796371,80.2241210938,65459,65469,10
13.0146999359,80.2242965698,65469,65480,11
13.0149698257,80.2245788574,65480,65490,10
13.0154695511,80.2250137329,65490,65510,20
13.0154695511,80.2250137329,65510,65520,10
13.0156202316,80.2251281738,65520,65530,10
13.0160503387,80.2253799438,65530,65540,10
13.0167798996,80.2252578735,65540,65550,10
13.0176000595,80.2249221802,65550,65560,10
13.018409729,80.2245864868,65560,65570,10
13.0190000534,80.2243804932,65570,65581,11
13.0192499161,80.2243728638,65581,65591,10
13.0193195343,80.2244033813,65591,65601,10
13.0195503235,80.2245101929,65601,65611,10
13.0197601318,80.2246322632,65611,65621,10
13.0201196671,80.224899292,65621,65631,10
13.0205802917,80.2252197266,65631,65641,10
13.0210103989,80.2255630493,65641,65651,10
13.0214796066,80.2258987427,65651,65661,10
13.0219602585,80.2262268066,65661,65682,21
13.0219602585,80.2262268066,65682,65692,10
13.02202034,80.2262573242,65692,65702,10
13.0223398209,80.2265472412,65702,65712,10
13.0228204727,80.2269821167,65712,65722,10
13.0233097076,80.2274398804,65722,65732,10
13.0237798691,80.2278594971,65732,65742,10
13.0242004395,80.2283325195,65742,65752,10
13.0245599747,80.2288284302,65752,65762,10
13.0249099731,80.229309082,65762,65772,10
13.0253000259,80.2297897339,65772,65783,11
13.0256700516,80.2303390503,65783,65793,10
13.0259399414,80.2309570313,65793,65803,10
13.0260896683,80.2314224243,65803,65813,10
13.0266399384,80.2313079834,65813,65823,10
13.0274295807,80.2311019897,65823,65833,10
13.0281400681,80.2310028076,65833,65843,10
13.0284500122,80.2309570313,65843,65853,10
13.0285196304,80.2309570313,65853,65863,10
13.0290603638,80.2309188843,65863,65904,41
13.0290603638,80.2309188843,65904,65914,10
13.0292196274,80.2309188843,65914,65924,10
13.0295200348,80.2308807373,65924,65934,10
13.0300197601,80.2308197021,65934,66055,121
13.0300197601,80.2308197021,66055,66065,10
13.0303001404,80.2307662964,66065,66075,10
13.0305204391,80.2307510376,66075,66086,11
13.0308904648,80.2307281494,66086,66096,10
13.0314102173,80.2306900024,66096,66106,10
13.0318403244,80.2306518555,66106,66116,10
13.0323696136,80.2306137085,66116,66126,10
13.0329904556,80.2305603027,66126,66136,10
13.0336399078,80.230506897,66136,66146,10
13.0345401764,80.2304000854,66146,66187,41
13.0345401764,80.2304000854,66187,66197,10
13.0347499847,80.2303924561,66197,66207,10
13.0349302292,80.2302932739,66207,66217,10
13.0349597931,80.2302474976,66217,66227,10
13.0350799561,80.2299728394,66227,66237,10
13.034819603,80.2298736572,66237,66247,10
13.0345001221,80.2298202515,66247,66257,10
13.0342798233,80.2298431396,66257,66267,10
13.0341796875,80.2303237915,66267,66924,657
13.0339803696,80.2305831909,66924,66944,20
13.0339803696,80.2305831909,66944,66954,10
13.0338001251,80.23046875,66954,66964,10
13.0335502625,80.2304992676,66964,66974,10
13.033490181,80.2305221558,66974,66984,10
13.033370018,80.2305526733,66984,66995,11
13.0328998566,80.2305831909,66995,67005,10
13.0323495865,80.2306365967,67005,67015,10
13.0317602158,80.2306900024,67015,67025,10
13.0308704376,80.2307662964,67025,67065,40
13.0308704376,80.2307662964,67065,67075,10
13.0306797028,80.2307662964,67075,67085,10
13.0303297043,80.2308120728,67085,67096,11
13.02987957,80.2308807373,67096,67106,10
13.0297603607,80.2308807373,67106,67116,10
13.0294504166,80.2309112549,67116,67126,10
13.0289096832,80.2309417725,67126,67136,10
13.0283498764,80.2309875488,67136,67146,10
13.0277996063,80.2310180664,67146,67156,10
13.0276699066,80.231262207,67156,67166,10
13.0277299881,80.2317962646,67166,67176,10
13.0278196335,80.232383728,67176,67186,10
13.0277900696,80.2328491211,67186,67197,11
13.0271701813,80.2329788208,67197,67207,10
13.0268497467,80.2330322266,67207,67217,10
13.0264797211,80.233001709,67217,67227,10
13.0262899399,80.2326507568,67227,67237,10
13.0262403488,80.2323608398,67237,67247,10
13.0261497498,80.2321014404,67247,67257,10
13.0260696411,80.2317123413,67257,67267,10
13.0260095596,80.2314529419,67267,67277,10
13.0259304047,80.2311477661,67277,67287,10
13.0256795883,80.2305297852,67287,67298,11
13.0252599716,80.2299423218,67298,67308,10
13.0250902176,80.2297286987,67308,67318,10
13.0249500275,80.2295608521,67318,67328,10
13.0247097015,80.2292633057,67328,67338,10
13.0243196487,80.2287368774,67338,67366,28
13.0243196487,80.2287368774,67366,67376,10
13.024189949,80.2286300659,67376,67386,10
13.0239601135,80.2283706665,67386,67407,21
13.0239601135,80.2283706665,67407,67417,10
13.0238199234,80.2281570435,67417,67427,10
13.0235300064,80.2278518677,67427,67437,10
13.0232200623,80.2275390625,67437,67446,9
13.0228996277,80.2272491455,67446,67457,11
13.0228004456,80.2271575928,67457,67466,9
13.0226602554,80.2270202637,67466,67476,10
13.022359848,80.2267227173,67476,67487,11
13.0218095779,80.2262420654,67487,67498,11
13.0212802887,80.2258529663,67498,67508,10
13.0210199356,80.2256469727,67508,67518,10
13.0205802917,80.2253417969,67518,67528,10
13.0200195313,80.2249679565,67528,67538,10
13.0193395615,80.2246017456,67538,67548,10
13.0185203552,80.2246932983,67548,67558,10
13.0177698135,80.2249984741,67558,67568,10
13.0171003342,80.2252883911,67568,67578,10
13.0167703629,80.2254180908,67578,67588,10
13.0165395737,80.2255096436,67588,67599,11
13.0162096024,80.2256317139,67599,67609,10
13.0160999298,80.225692749,67609,67619,10
13.015709877,80.2258071899,67619,67629,10
13.0152101517,80.2259979248,67629,67639,10
13.0147695541,80.2261734009,67639,67649,10
13.0143404007,80.2263336182,67649,67659,10
13.0142097473,80.2263793945,67659,67669,10
13.0141801834,80.2264022827,67669,67679,10
13.0137996674,80.2265472412,67679,67689,10
13.0132102966,80.2267913818,67689,67700,11
13.0124397278,80.2270965576,67700,67710,10
13.0117301941,80.2273788452,67710,67720,10
13.0109701157,80.2276687622,67720,67730,10
13.0101804733,80.2279663086,67730,67740,10
13.0094404221,80.2282562256,67740,67750,10
13.009059906,80.2289886475,67750,67760,10
13.0088596344,80.2300033569,67760,67770,10
13.0087003708,80.2309494019,67770,67780,10
13.0085802078,80.2316513062,67780,67790,10
13.0085096359,80.2320175171,67790,67811,21
13.0085096359,80.2320175171,67811,67821,10
13.0084600449,80.2322921753,67821,67831,10
13.0084199905,80.2324676514,67831,67841,10
13.0083999634,80.2325897217,67841,67851,10
13.0083599091,80.2328033447,67851,67861,10
13.0082902908,80.2332229614,67861,67871,10
13.0082702637,80.2334823608,67871,67881,10
13.0082597733,80.2335205078,67881,67891,10
13.0081701279,80.2338104248,67891,67932,41
13.0081701279,80.2338104248,67932,67942,10
13.0080900192,80.2340698242,67942,67952,10
13.0080003738,80.2345581055,67952,67962,10
13.0078897476,80.2350921631,67962,67972,10
13.0078201294,80.235458374,67972,67982,10
13.0077400208,80.2358474731,67982,67992,10
13.0076999664,80.2360610962,67992,68002,10
13.007610321,80.2365722656,68002,68013,11
13.0075502396,80.2368621826,68013,68023,10
13.0075101852,80.2370605469,68023,68033,10
13.0074596405,80.2372970581,68033,68043,10
13.0074300766,80.2374801636,68043,68053,10
13.0073900223,80.2376480103,68053,68063,10
13.007349968,80.2378768921,68063,68073,10
13.0072803497,80.2382202148,68073,68083,10
13.0072097778,80.2386169434,68083,68093,10
13.0071201324,80.2390899658,68093,68103,10
13.007060051,80.2394485474,68103,68144,41
13.007060051,80.2394485474,68144,68154,10
13.0070199966,80.2398300171,68154,68285,131
13.0070199966,80.2398300171,68285,68295,10
13.0069799423,80.2401428223,68295,68306,11
13.0069303513,80.2405090332,68306,68316,10
13.0068998337,80.2405776978,68316,68326,10
13.0067996979,80.2410507202,68326,68336,10
13.0067396164,80.2418670654,68336,68346,10
13.0067300797,80.2426986694,68346,68356,10
13.0066995621,80.2434921265,68356,68366,10
13.0066900253,80.2443008423,68366,68376,10
13.0066900253,80.2452926636,68376,68417,41
13.0066900253,80.2452926636,68417,68427,10
13.0067100525,80.2456588745,68427,68437,10
13.0067300797,80.2461013794,68437,68447,10
13.0067396164,80.2466888428,68447,68457,10
13.0067596436,80.2473831177,68457,68467,10
13.0067396164,80.2479400635,68467,68477,10
13.006770134,80.2486801147,68477,68487,10
13.0068397522,80.2490997314,68487,68497,10
13.0068798065,80.249382019,68497,68507,10
13.0068798065,80.249420166,68507,68518,11
13.0068798065,80.2495422363,68518,68528,10
13.0068702698,80.2499465942,68528,68538,10
13.0068397522,80.2503967285,68538,68548,10
13.0068397522,80.2509689331,68548,68558,10
13.0068302155,80.2513427734,68558,68568,10
13.0067501068,80.251739502,68568,68578,10
13.0066099167,80.2522964478,68578,68588,10
13.0065603256,80.2529830933,68588,68598,10
13.0065603256,80.2537002563,68598,68608,10
13.0065698624,80.2543792725,68608,68619,11
13.0066003799,80.254699707,68619,68629,10
13.0066099167,80.2552108765,68629,68639,10
13.0066204071,80.2559509277,68639,68649,10
13.0066299438,80.2565994263,68649,68659,10
13.0066900253,80.2573776245,68659,68800,141
13.0066900253,80.2573776245,68800,68810,10
13.0066699982,80.2574462891,68810,68821,11
13.0068597794,80.2579269409,68821,68831,10
13.007229805,80.2584609985,68831,68841,10
13.0076303482,80.2586898804,68841,68851,10
13.0076398849,80.2586975098,68851,68861,10
13.0077896118,80.2587814331,68861,68871,10
13.0082702637,80.2589797974,68871,68881,10
13.008890152,80.259147644,68881,68891,10
13.0096797943,80.2591400146,68891,68901,10
13.0106601715,80.2591400146,68901,68911,10
13.0116796494,80.2591171265,68911,68922,11
13.0128297806,80.2591705322,68922,68932,10
13.0138597488,80.2592086792,68932,68942,10
13.0149898529,80.2592468262,68942,68952,10
13.0159196854,80.2594528198,68952,68962,10
13.0163602829,80.2597122192,68962,68972,10
13.0163602829,80.2597198486,68972,68982,10
13.0165395737,80.2598876953,68982,68992,10
13.0169401169,80.2601470947,68992,69002,10
13.017490387,80.2605285645,69002,69012,10
13.0179796219,80.2608718872,69012,69023,11
13.0183801651,80.2611618042,69023,69033,10
13.0186500549,80.2613372803,69033,69043,10
13.0188598633,80.2615127563,69043,69053,10
13.0191497803,80.2617492676,69053,69063,10
13.0193395615,80.2619018555,69063,69073,10
13.0195198059,80.2620773315,69073,69084,11
13.0195198059,80.2620773315,69084,69151,67
13.0221395493,80.2634811401,69151,69161,10
13.0224304199,80.2636413574,69161,69171,10
13.0227203369,80.2638168335,69171,69181,10
13.0228796005,80.263923645,69181,69191,10
13.0230798721,80.263999939,69191,69201,10
13.0234603882,80.2642364502,69201,69211,10
13.0239200592,80.2644805908,69211,69222,11
13.0245304108,80.2648925781,69222,69232,10
13.0249996185,80.2652435303,69232,69242,10
13.0254402161,80.2655410767,69242,69282,40
13.0254402161,80.2655410767,69282,69292,10
13.0256795883,80.2656936646,69292,69302,10
13.0260095596,80.26587677,69302,69312,10
13.026309967,80.2658996582,69312,69322,10
13.0263395309,80.2654418945,69322,69339,17
13.0264797211,80.2640304565,69339,69361,22
13.0264797211,80.2640304565,69361,69371,10
13.0265302658,80.263710022,69371,69380,9
13.0266704559,80.2634811401,69380,69390,10
13.0270700455,80.2635574341,69390,69401,11
13.0274600983,80.2636413574,69401,69411,10
13.0282201767,80.2638397217,69411,69432,21
13.0282201767,80.2638397217,69432,69442,10
13.0284795761,80.2639389038,69442,69452,10
13.0289096832,80.2640686035,69452,69462,10
13.0292100906,80.2641830444,69462,69472,10
13.0292396545,80.264541626,69472,69482,10
13.0292596817,80.2650909424,69482,69492,10
13.0292301178,80.2659683228,69492,69553,61
13.0291795731,80.2663574219,69553,69603,50
13.0291795731,80.2663574219,69603,69613,10
13.029250145,80.2666320801,69613,69623,10
13.0294704437,80.2666778564,69623,69634,11
13.0297403336,80.2667312622,69634,69644,10
13.0301504135,80.2667694092,69644,69654,10
13.0306396484,80.2668228149,69654,69664,10
13.0310497284,80.2669219971,69664,69674,10
13.0315198898,80.2670974731,69674,69684,10
13.0319700241,80.2673110962,69684,69694,10
13.0323200226,80.2675094604,69694,69704,10
13.0323696136,80.2675170898,69704,69714,10
13.0326499939,80.2677001953,69714,69724,10
13.0329704285,80.2677993774,69724,69735,11
13.0334596634,80.267906189,69735,69765,30
13.0334596634,80.267906189,69765,69775,10
13.033780098,80.2679595947,69775,69785,10
13.0342197418,80.2680282593,69785,69795,10
13.0345697403,80.2680664063,69795,69815,20
13.0345697403,80.2680664063,69815,69825,10
13.0344696045,80.2681884766,69825,69836,11
13.0343399048,80.2680892944,69836,69846,10
13.034040451,80.2680435181,69846,69856,10
13.0336799622,80.2679672241,69856,69866,10
13.0332899094,80.2678985596,69866,71068,1202
13.0332899094,80.2678985596,71068,71078,10
13.0331401825,80.2678375244,71078,71088,10
13.0328998566,80.2677764893,71088,71098,10
13.0325899124,80.2676010132,71098,71108,10
13.0323095322,80.2674407959,71108,71118,10
13.031999588,80.2673034668,71118,71128,10
13.0316095352,80.2671432495,71128,71138,10
13.0311803818,80.2669830322,71138,71149,11
13.0307397842,80.2668380737,71149,71159,10
13.0303001404,80.2667694092,71159,71169,10
13.0300598145,80.2667236328,71169,71179,10
13.0297403336,80.2666778564,71179,71199,20
13.0297403336,80.2666778564,71199,71209,10
13.0294103622,80.2666320801,71209,71219,10
13.0291795731,80.2665634155,71219,71229,10
13.0289402008,80.2664337158,71229,71239,10
13.0284795761,80.2663421631,71239,71250,11
13.0280303955,80.2662506104,71250,71260,10
13.0274896622,80.2661895752,71260,71270,10
13.0270204544,80.2661209106,71270,71280,10
13.0263996124,80.2660217285,71280,71340,60
13.0263996124,80.2660217285,71340,71351,11
13.026140213,80.2659988403,71351,71361,10
13.025850296,80.2658309937,71361,71371,10
13.0254402161,80.2655792236,71371,71381,10
13.0251703262,80.2654190063,71381,71391,10
13.0251703262,80.265411377,71391,71401,10
13.0250301361,80.265296936,71401,71410,9
13.0247402191,80.2650680542,71410,71421,11
13.0242795944,80.2647171021,71421,71431,10
13.0237798691,80.2643890381,71431,71441,10
13.0232801437,80.2641067505,71441,71452,11
13.0226602554,80.2637710571,71452,71462,10
13.0219602585,80.2634124756,71462,71482,20
13.0219602585,80.2634124756,71482,71492,10
13.0218400955,80.263343811,71492,71502,10
13.0214595795,80.2631835938,71502,71511,9
13.0208902359,80.263092041,71511,71522,11
13.0201702118,80.2630462646,71522,71532,10
13.0197000504,80.2630004883,71532,71542,10
13.0191602707,80.2629470825,71542,71553,11
13.0188999176,80.2627105713,71553,71563,10
13.0188102722,80.2621231079,71563,71573,10
13.0186796188,80.26146698,71573,71583,10
13.0181703568,80.2610702515,71583,71593,10
13.0176000595,80.2607192993,71593,71603,10
13.0170097351,80.2603225708,71603,71613,10
13.0163698196,80.2599334717,71613,71623,10
13.0160198212,80.2597503662,71623,71633,10
13.0160198212,80.2597427368,71633,71643,10
13.0157003403,80.2595825195,71643,71654,11
13.0149898529,80.2593994141,71654,71664,10
13.0142097473,80.2593383789,71664,71674,10
13.0133199692,80.2593002319,71674,71684,10
13.0123996735,80.259262085,71684,71694,10
13.0115404129,80.2592315674,71694,71704,10
13.0107803345,80.2592391968,71704,71714,10
13.0100498199,80.2592926025,71714,71724,10
13.0099201202,80.2592926025,71724,71734,10
13.0095796585,80.259262085,71734,71744,10
13.0091104507,80.2592391968,71744,71755,11
13.0087003708,80.2592391968,71755,71765,10
13.0082798004,80.2592391968,71765,71781,16
13.0074300766,80.2593688965,71781,71793,12
13.0071296692,80.2587966919,71793,71803,10
13.0071201324,80.2587585449,71803,71813,10
13.0069599152,80.258430481,71813,71823,10
13.006480217,80.2577514648,71823,71955,132
13.006480217,80.2577514648,71955,71965,10
13.0064601898,80.2574768066,71965,71974,9
13.0064496994,80.2571716309,71974,71985,11
13.0064401627,80.2568206787,71985,71995,10
13.0064496994,80.2562713623,71995,72005,10
13.0064601898,80.2554397583,72005,72096,91
13.0064601898,80.2554397583,72096,72106,10
13.0065002441,80.2551116943,72106,72116,10
13.0064601898,80.2546005249,72116,72126,10
13.0064496994,80.253868103,72126,72135,9
13.0064401627,80.253288269,72135,72157,22
13.0064401627,80.253288269,72157,72167,10
13.0064296722,80.2531967163,72167,72177,10
13.0064296722,80.2529602051,72177,72187,10
13.0064401627,80.2526016235,72187,72197,10
13.006529808,80.2520294189,72197,72237,40
13.006529808,80.2520294189,72237,72247,10
13.0066404343,80.2516098022,72247,72257,10
13.0066699982,80.2509689331,72257,72268,11
13.006649971,80.2500991821,72268,72278,10
13.006649971,80.2496795654,72278,72288,10
13.0066604614,80.2495269775,72288,72298,10
13.0066299438,80.2490310669,72298,72308,10
13.0066003799,80.2486877441,72308,72318,10
13.0065898895,80.2484817505,72318,72328,10
13.0065603256,80.2481994629,72328,72338,10
13.0065498352,80.2478637695,72338,72348,10
13.0065698624,80.2473373413,72348,72358,10
13.0065002441,80.2466430664,72358,72379,21
13.0065002441,80.2466430664,72379,72389,10
13.0065202713,80.2465286255,72389,72399,10
13.0065402985,80.2461013794,72399,72409,10
13.006529808,80.2455215454,72409,72419,10
13.006529808,80.2451477051,72419,72429,10
13.0065402985,80.2447891235,72429,72439,10
13.0065402985,80.2444763184,72439,72449,10
13.006529808,80.2441711426,72449,72460,11
13.0065402985,80.2437973022,72460,72470,10
13.0065097809,80.243347168,72470,72480,10
13.0064897537,80.2428512573,72480,72490,10
13.0064697266,80.2421264648,72490,72500,10
13.0064697266,80.2416610718,72500,72510,10
13.0064697266,80.241607666,72510,72520,10
13.0064897537,80.2413330078,72520,72530,10
13.0065097809,80.2410430908,72530,72540,10
13.0065202713,80.2409591675,72540,72550,10
13.0065803528,80.2406616211,72550,72561,11
13.0066404343,80.2403182983,72561,72571,10
13.0067796707,80.2397079468,72571,72581,10
13.0069303513,80.2388763428,72581,72591,10
13.0070896149,80.2380065918,72591,72601,10
13.0072498322,80.2372589111,72601,72611,10
13.0073204041,80.2367935181,72611,72631,20
13.0073204041,80.2367935181,72631,72641,10
13.0074100494,80.2365264893,72641,72651,10
13.007519722,80.236038208,72651,72662,11
13.0076503754,80.2353897095,72662,72672,10
13.0076999664,80.2351913452,72672,72682,10
13.0077495575,80.2348709106,72682,72692,10
13.0078802109,80.2342834473,72692,72702,10
13.0080499649,80.2334823608,72702,72712,10
13.0082397461,80.2325134277,72712,72722,10
13.0084695816,80.2313919067,72722,72732,10
13.0086803436,80.23021698,72732,72742,10
13.0089197159,80.2290420532,72742,72752,10
13.0092201233,80.2279434204,72752,72762,10
13.0096702576,80.2269210815,72762,72773,11
13.0101299286,80.2259674072,72773,72789,16
13.010720253,80.2247467041,72789,72801,12
13.0110797882,80.2238998413,72801,72810,9
13.0111999512,80.2235565186,72810,72831,21
13.0111999512,80.2235565186,72831,72841,10
13.0112800598,80.2232589722,72841,72851,10
13.0115098953,80.2227630615,72851,72861,10
13.0117502213,80.2220001221,72861,72872,11
13.0121603012,80.221496582,72872,72882,10
13.0123500824,80.2216491699,72882,72892,10
13.0126800537,80.2220993042,72892,72901,9
13.012960434,80.2224197388,72901,72912,11
13.0132703781,80.2227401733,72912,72922,10
13.0137395859,80.2232437134,72922,72932,10
13.0142097473,80.2236480713,72932,72942,10
13.0146903992,80.2242507935,72942,72952,10
13.0152101517,80.2248306274,72952,72962,10
13.0154895782,80.2250213623,72962,72973,11
13.0155496597,80.2250595093,72973,72983,10
13.015879631,80.2253036499,72983,72993,10
13.0165700912,80.2252807617,72993,73003,10
13.0173597336,80.2249832153,73003,73013,10
13.0182199478,80.2246398926,73013,73023,10
13.0190200806,80.2243804932,73023,73033,10
13.0194101334,80.2244110107,73033,73043,10
13.019610405,80.2245178223,73043,73053,10
13.0199203491,80.2247390747,73053,73063,10
13.0203504562,80.2250518799,73063,73074,11
13.0208797455,80.2254333496,73074,73084,10
13.0214004517,80.2258071899,73084,73094,10
13.0219202042,80.2261962891,73094,73114,20
13.0219202042,80.2261962891,73114,73124,10
13.0220603943,80.2263031006,73124,73134,10
13.0223999023,80.2266235352,73134,73144,10
13.0229301453,80.2270812988,73144,73154,10
13.0234603882,80.2275695801,73154,73164,10
13.0239896774,80.2280807495,73164,73175,11
13.0244503021,80.2286834717,73175,73185,10
13.0247001648,80.229057312,73185,73195,10
13.0250902176,80.2295684814,73195,73205,10
13.0255002975,80.230140686,73205,73215,10
13.0257396698,80.2305374146,73215,73274,59
13.0257396698,80.2305374146,73274,73284,10
13.0258398056,80.2306594849,73284,73294,10
13.0258703232,80.2308120728,73294,73304,10
13.0259304047,80.2310791016,73304,73314,10
13.02602005,80.2313690186,73314,73324,10
13.0264797211,80.231262207,73324,73334,10
13.0272197723,80.2310714722,73334,73344,10
13.0278997421,80.2309570313,73344,73354,10
13.0283603668,80.2309188843,73354,73364,10
13.0283699036,80.2309188843,73364,73375,11
13.0286502838,80.2308578491,73375,73385,10
13.0292396545,80.2308120728,73385,73395,10
13.0297498703,80.2307662964,73395,73405,10
13.0303201675,80.2307434082,73405,73415,10
13.0307998657,80.2306976318,73415,73434,19
13.0319404602,80.2306137085,73434,73446,12
13.0326795578,80.2305526733,73446,73456,10
13.033249855,80.230506897,73456,73466,10
13.0336704254,80.2304763794,73466,73477,11
13.0339202881,80.2304382324,73477,73487,10
13.0344104767,80.2303771973,73487,73547,60
13.0344104767,80.2303771973,73547,73557,10
13.0346498489,80.2303009033,73557,73608,51
13.0346498489,80.2303009033,73608,73618,10
13.0349998474,80.2301025391,73618,73648,30
13.0349998474,80.2301025391,73648,73658,10
13.034910202,80.2298278809,73658,73699,41
13.034910202,80.2298278809,73699,73709,10
13.0345401764,80.2298126221,73709,73921,212
13.0341997147,80.2297668457,73921,74204,283
13.0341997147,80.2297668457,74204,74214,10
13.034119606,80.2301864624,74214,74254,40
13.034119606,80.2301864624,74254,74264,10
13.0341100693,80.2303237915,74264,74274,10
13.0340995789,80.2303390503,74274,74285,11
13.0340499878,80.2304763794,74285,74295,10
13.0339097977,80.2304992676,74295,74305,10
13.0335903168,80.2304992676,74305,74315,10
13.0334300995,80.2304992676,74315,74325,10
13.0333499908,80.2304992676,74325,74335,10
13.0329999924,80.2304992676,74335,74345,10
13.0324697495,80.2305603027,74345,74355,10
13.0318899155,80.2306213379,74355,74365,10
13.0312795639,80.230682373,74365,74375,10
13.0307302475,80.2307434082,74375,74396,21
13.0307302475,80.2307434082,74396,74406,10
13.0303401947,80.2307662964,74406,74416,10
13.0299901962,80.2308273315,74416,74426,10
13.0299396515,80.2308425903,74426,74436,10
13.0296401978,80.2308731079,74436,74446,10
13.0291204453,80.2309188843,74446,74456,10
13.028459549,80.2309875488,74456,74466,10
13.0279102325,80.231010437,74466,74476,10
13.0276603699,80.2311782837,74476,74487,11
13.0277004242,80.2317810059,74487,74497,10
13.0277900696,80.2323608398,74497,74507,10
13.0277996063,80.2328262329,74507,74527,20
13.0277996063,80.2328262329,74527,74537,10
13.0276002884,80.2329025269,74537,74547,10
13.0274095535,80.2329330444,74547,74557,10
13.027130127,80.2329788208,74557,74567,10
13.0269603729,80.2329864502,74567,74618,51
13.0269603729,80.2329864502,74618,74628,10
13.0269203186,80.2329788208,74628,74638,10
13.0268297195,80.233001709,74638,74648,10
13.0265398026,80.2330474854,74648,74658,10
13.0262498856,80.232673645,74658,74668,10
13.0260696411,80.2320632935,74668,74678,10
13.0258998871,80.2313766479,74678,74689,11
13.0256004333,80.2304916382,74689,74699,10
13.0251502991,80.2298126221,74699,74709,10
13.0250501633,80.2296905518,74709,74719,10
13.0249795914,80.229598999,74719,74729,10
13.0248003006,80.2293624878,74729,74739,10
13.0245704651,80.229057312,74739,74749,10
13.0242795944,80.2286605835,74749,74759,10
13.0239295959,80.2283096313,74759,74769,10
13.0239095688,80.2282791138,74769,74779,10
13.0237798691,80.2281036377,74779,74790,11
13.0234203339,80.2277374268,74790,74800,10
13.023059845,80.2273635864,74800,74810,10
13.0225801468,80.2269210815,74810,74820,10
13.0220804214,80.2264404297,74820,74830,10
13.0214300156,80.2259216309,74830,74840,10
13.0207395554,80.225402832,74840,74850,10
13.0202798843,80.225112915,74850,74860,10
13.0197696686,80.2247619629,74860,74870,10
13.0189504623,80.2244720459,74870,74880,10
13.0180397034,80.2247695923,74880,74891,11
13.0171604156,80.225151062,74891,74901,10
13.0165395737,80.2254180908,74901,74911,10
13.0162200928,80.2255401611,74911,74921,10
13.0156898499,80.2257232666,74921,74931,10
13.0150003433,80.2259902954,74931,74941,10
13.0143299103,80.2262802124,74941,74961,20
13.0143299103,80.2262802124,74961,74971,10
13.0140104294,80.2264099121,74971,74981,10
13.0134096146,80.2266387939,74981,74992,11
13.0126304626,80.2269363403,74992,75002,10
13.0118703842,80.2272415161,75002,75012,10
13.0110301971,80.2275772095,75012,75022,10
13.0101995468,80.2279129028,75022,75032,10
13.0094003677,80.2282333374,75032,75048,16
13.0089597702,80.2292022705,75048,75060,12
13.0087499619,80.2303085327,75060,75070,10
13.0085401535,80.2313919067,75070,75080,10
13.0083398819,80.2324905396,75080,75090,10
13.0082302094,80.2333679199,75090,75100,10
13.008190155,80.2335510254,75100,75111,11
13.0081701279,80.2336120605,75111,75121,10
13.0080795288,80.2340087891,75121,75131,10
13.0079603195,80.2345962524,75131,75141,10
13.0079097748,80.2349319458,75141,75151,10
13.0078802109,80.2350463867,75151,75160,9
13.0077800751,80.2355422974,75160,75171,11
13.007610321,80.2364120483,75171,75181,10
13.0074195862,80.2373428345,75181,75192,11
13.0072097778,80.2384109497,75192,75202,10
13.007060051,80.2392578125,75202,75212,10
13.0069198608,80.2400436401,75212,75293,81
13.0069198608,80.2400436401,75293,75303,10
13.0068798065,80.2404785156,75303,75313,10
13.0068397522,80.2407531738,75313,75323,10
13.0068101883,80.2408218384,75323,75333,10
13.0067796707,80.2409591675,75333,75343,10
13.0067195892,80.2414932251,75343,75353,10
13.0066995621,80.2423019409,75353,75363,10
13.0066604614,80.2431488037,75363,75373,10
13.006649971,80.2439575195,75373,75383,10
13.0066604614,80.2448577881,75383,75393,10
13.0066795349,80.2459411621,75393,75404,11
13.0066995621,80.2466506958,75404,75414,10
13.0066995621,80.246963501,75414,75424,10
13.0066900253,80.2474975586,75424,75434,10
13.0066795349,80.2482299805,75434,75444,10
13.0068101883,80.2495803833,75444,75464,20
13.0068101883,80.2495803833,75464,75474,10
13.0067996979,80.2498703003,75474,75484,10
13.0067596436,80.2503585815,75484,75495,11
13.006770134,80.2513198853,75495,75515,20
13.006770134,80.2513198853,75515,75525,10
13.006770134,80.2513885498,75525,75535,10
13.0066900253,80.2517623901,75535,75545,10
13.0065402985,80.2524185181,75545,75555,10
13.0065002441,80.253326416,75555,75565,10
13.0065097809,80.2543487549,75565,75575,10
13.0065498352,80.2551116943,75575,75585,10
13.0065803528,80.2559204102,75585,75595,10
13.0065803528,80.2565689087,75595,75606,11
13.0066204071,80.2571563721,75606,75646,40
13.0066204071,80.2571563721,75646,75656,10
13.0065803528,80.2574081421,75656,75666,10
13.0067501068,80.2578735352,75666,75676,10
13.0070695877,80.2583618164,75676,75686,10
13.0075902939,80.2586669922,75686,75707,21
13.0075902939,80.2586669922,75707,75717,10
13.0078296661,80.2587814331,75717,75727,10
13.0083398819,80.2589797974,75727,75737,10
13.0090503693,80.2591018677,75737,75747,10
13.0099401474,80.2591323853,75747,75757,10
13.0108804703,80.2591094971,75757,75767,10
13.0117902756,80.2590866089,75767,75777,10
13.0127801895,80.2591400146,75777,75787,10
13.0138702393,80.2591781616,75787,75798,11
13.0150899887,80.2592315674,75798,75808,10
13.0163297653,80.2596817017,75808,75828,20
13.0163297653,80.2596817017,75828,75838,10
13.0163898468,80.2597427368,75838,75848,10
13.0167398453,80.2599868774,75848,75858,10
13.0172395706,80.2603378296,75858,75868,10
13.0178003311,80.2607269287,75868,75878,10
13.0184001923,80.261138916,75878,75888,10
13.0188999176,80.2615737915,75888,75898,10
13.0194101334,80.262008667,75898,75909,11
13.0198802948,80.2624664307,75909,75919,10
13.0200796127,80.2626266479,75919,75929,10
13.0201597214,80.2626800537,75929,75939,10
13.0205602646,80.2628707886,75939,75949,10
13.0212602615,80.263092041,75949,75959,10
13.0218601227,80.263343811,75959,75969,10
13.0221395493,80.2634735107,75969,75979,10
13.022649765,80.2637405396,75979,75989,10
13.0229797363,80.263923645,75989,76000,11
13.0230102539,80.263961792,76000,76010,10
13.0233201981,80.2641372681,76010,76020,10
13.0237598419,80.2643814087,76020,76030,10
13.0240097046,80.264503479,76030,76040,10
13.024479866,80.2648391724,76040,76050,10
13.024939537,80.2651977539,76050,76066,16
13.0257997513,80.2657470703,76066,76078,12
13.0261297226,80.2658996582,76078,76088,10
13.0262403488,80.2657394409,76088,76098,10
13.0263004303,80.2651596069,76098,76109,11
13.0263795853,80.264541626,76109,76119,10
13.0264596939,80.2639465332,76119,76139,20
13.0264596939,80.2639465332,76139,76149,10
13.0265398026,80.2635803223,76149,76158,9
13.0266895294,80.2634124756,76158,76168,10
13.0270595551,80.263458252,76168,76179,11
13.0276899338,80.2636413574,76179,76189,10
13.0282001495,80.2637786865,76189,76199,10
13.0282096863,80.2637863159,76199,76210,11
13.0285997391,80.263923645,76210,76220,10
13.0289897919,80.263999939,76220,76230,10
13.0292196274,80.264251709,76230,76240,10
13.0292100906,80.2647476196,76240,76250,10
13.0292396545,80.2653579712,76250,76260,10
13.0292100906,80.2658996582,76260,76270,10
13.0291900635,80.2660827637,76270,76280,10
13.0291500092,80.2662811279,76280,76290,10
13.0291404724,80.2665405273,76290,76300,10
13.0295095444,80.2666168213,76300,76317,17
13.0304203033,80.2667236328,76317,76329,12
13.0312700272,80.2669372559,76329,76338,9
13.0318002701,80.2671585083,76338,76350,12
13.0322904587,80.2673873901,76350,76360,10
13.032409668,80.2674636841,76360,76370,10
13.0325298309,80.2675704956,76370,76380,10
13.0327596664,80.2677383423,76380,76390,10
13.0332899094,80.2678375244,76390,76420,30
13.0332899094,80.2678375244,76420,76431,11
13.0334196091,80.2679519653,76431,76441,10
13.0336799622,80.2680130005,76441,76451,10
13.0339202881,80.2680511475,76451,76461,10
13.0341596603,80.268081665,76461,76471,10
13.0343904495,80.2680587769,76471,76562,91
13.0343904495,80.2680587769,76562,76572,10
13.0344295502,80.2682037354,76572,76663,91
13.0344295502,80.2682037354,76663,76673,10
13.0338697433,80.2679977417,76673,76683,10
13.0334701538,80.2679214478,76683,76693,10
13.0329799652,80.267829895,76693,76703,10
13.0326004028,80.2677001953,76703,76714,11
13.0324001312,80.2674713135,76714,76723,9
13.0320396423,80.2672805786,76723,76734,11
13.0314502716,80.2670822144,76734,76744,10
13.0308103561,80.2668991089,76744,76754,10
13.0302696228,80.2667922974,76754,76763,9
13.0300703049,80.2667388916,76763,76774,11
13.0296602249,80.2666702271,76774,76845,71
13.0292701721,80.2666091919,76845,76865,20
13.0292701721,80.2666091919,76865,76875,10
13.0290498734,80.2664718628,76875,76885,10
13.0287303925,80.2664031982,76885,76895,10
13.0284404755,80.2663269043,76895,76905,10
13.0281095505,80.266242981,76905,76916,11
13.0275602341,80.2661972046,76916,76926,10
13.0270795822,80.2661590576,76926,76936,10
13.0266799927,80.2661209106,76936,77439,503
13.0263204575,80.2660217285,77439,77469,30
13.0263204575,80.2660217285,77469,77479,10
13.0261201859,80.2660369873,77479,77489,10
13.0260000229,80.2662734985,77489,77499,10
13.0261802673,80.2664337158,77499,77560,61
13.0262699127,80.266418457,77560,77821,261
13.0262699127,80.266418457,77821,77831,10
13.0265302658,80.266242981,77831,77891,60
13.0261697769,80.2663421631,77891,77911,20
13.0261697769,80.2663421631,77911,77922,11
13.02602005,80.2663497925,77922,77932,10
13.0259399414,80.2663803101,77932,77941,9
13.0258197784,80.2665863037,77941,77952,11
13.0255899429,80.2670211792,77952,85648,7696
13.0255899429,80.2670211792,85648,85658,10
