13.0264396667,80.2662734985,13,9820,9807
13.0265398026,80.266166687,9820,10032,212
13.0264196396,80.2661972046,10032,18907,8875
13.0261497498,80.2661514282,18907,18987,80
13.0262203217,80.2660522461,18987,19189,202
13.0262203217,80.2660522461,19189,19199,10
13.0261001587,80.26587677,19199,19210,11
13.025850296,80.2657089233,19210,19220,10
13.0255804062,80.2655410767,19220,19230,10
13.0252799988,80.2653427124,19230,19240,10
13.0252199173,80.2652893066,19240,19250,10
13.0250196457,80.26512146,19250,19260,10
13.0247001648,80.2649002075,19260,19270,10
13.0242204666,80.2645568848,19270,19280,10
13.0236301422,80.2642364502,19280,19290,10
13.0230302811,80.2639007568,19290,19300,10
13.0223903656,80.2635574341,19300,19311,11
13.0219602585,80.2633514404,19311,19321,10
13.0215797424,80.2631835938,19321,19331,10
13.0208501816,80.2630615234,19331,19341,10
13.0201396942,80.2630310059,19341,19351,10
13.0194301605,80.2629699707,19351,19361,10
13.0189304352,80.2627716064,19361,19371,10
13.0188398361,80.2621002197,19371,19381,10
13.0186595917,80.2613372803,19381,19391,10
13.017999649,80.2608795166,19391,19401,10
13.01720047,80.2603378296,19401,19411,10
13.0163698196,80.2598266602,19411,19422,11
13.0160999298,80.2596969604,19422,19432,10
13.0159797668,80.2596511841,19432,19442,10
13.015540123,80.2594985962,19442,19452,10
13.0148801804,80.2593383789,19452,19462,10
13.0142097473,80.2593002319,19462,19472,10
13.0133104324,80.2592697144,19472,19482,10
13.0122900009,80.2592315674,19482,19492,10
13.0113697052,80.2592010498,19492,19502,10
13.0105495453,80.2592163086,19502,19512,10
13.0096197128,80.2592163086,19512,19523,11
13.0088996887,80.2592086792,19523,19533,10
13.0086603165,80.2592391968,19533,19543,10
13.0081195831,80.2592391968,19543,19553,10
13.0074701309,80.2593383789,19553,19563,10
13.0071697235,80.2587585449,19563,19573,10
13.0069198608,80.2582626343,19573,19583,10
13.0065002441,80.2575302124,19583,19603,20
13.0065002441,80.2575302124,19603,19613,10
13.006480217,80.2574386597,19613,19623,10
13.006480217,80.2570571899,19623,19634,11
13.006480217,80.2562103271,19634,19644,10
13.0064697266,80.2553405762,19644,19654,10
13.0064897537,80.2543563843,19654,19664,10
13.006480217,80.2534332275,19664,19673,9
13.006480217,80.2532272339,19673,19684,11
13.0065002441,80.2530517578,19684,19694,10
13.006529808,80.2523880005,19694,19704,10
13.0066995621,80.2515792847,19704,19714,10
13.0067501068,80.2505111694,19714,19724,10
13.0067300797,80.2492370605,19724,19735,11
13.0066404343,80.2478713989,19735,19745,10
13.0066404343,80.2469329834,19745,19755,10
13.0066299438,80.2468032837,19755,19765,10
13.0066204071,80.2467498779,19765,19775,10
13.0066404343,80.2464065552,19775,19785,10
13.0066404343,80.2457504272,19785,19795,10
13.0066299438,80.2439575195,19795,19805,10
13.0066299438,80.2439575195,19805,19839,34
13.0066699982,80.2406997681,19839,19849,10
13.0068101883,80.2398910522,19849,19859,10
13.0069799423,80.2390365601,19859,19869,10
13.0072402954,80.2378387451,19869,19879,10
13.0074300766,80.2370223999,19879,19889,10
13.0075597763,80.2364196777,19889,19899,10
13.0077295303,80.2355422974,19899,19909,10
13.0079498291,80.2344207764,19909,19919,10
13.0082101822,80.2330780029,19919,19929,10
13.0085000992,80.2316131592,19929,19939,10
13.008769989,80.2302093506,19939,19950,11
13.0090799332,80.2287368774,19950,19960,10
13.0095300674,80.2274398804,19960,19970,10
13.0100603104,80.2262802124,19970,19980,10
13.0106601715,80.2250366211,19980,19990,10
13.0111103058,80.2239608765,19990,20000,10
13.0115804672,80.2228088379,20000,20010,10
13.0119695663,80.2217025757,20010,20020,10
13.0123500824,80.2213973999,20020,20030,10
13.012720108,80.2218780518,20030,20040,10
13.0133304596,80.2226409912,20040,20051,11
13.0141801834,80.2236328125,20051,20061,10
13.0148000717,80.2244262695,20061,20071,10
13.0155801773,80.2249526978,20071,20091,20
13.0155801773,80.2249526978,20091,20101,10
13.0157899857,80.2251815796,20101,20111,10
13.0163002014,80.2253112793,20111,20121,10
13.0169401169,80.2251434326,20121,20131,10
13.0177698135,80.2248077393,20131,20141,10
13.0186901093,80.2244415283,20141,20151,10
13.0195198059,80.2244033813,20151,20162,11
13.0200099945,80.2246170044,20162,20172,10
13.0201196671,80.2247085571,20172,20182,10
13.0203104019,80.2248764038,20182,20192,10
13.020819664,80.2252502441,20192,20202,10
13.0214796066,80.2257766724,20202,20212,10
13.0219802856,80.2261428833,20212,20222,10
13.0221700668,80.2262878418,20222,20232,10
13.0226402283,80.2267227173,20232,20242,10
13.0233297348,80.2273635864,20242,20252,10
13.024140358,80.2282028198,20252,20263,11
13.0249204636,80.2292785645,20263,20273,10
13.0256996155,80.2303619385,20273,20283,10
13.0260601044,80.2312393188,20283,20293,10
13.0265703201,80.231262207,20293,20303,10
13.0273599625,80.231048584,20303,20313,10
13.0283098221,80.2309188843,20313,20323,10
13.0292301178,80.2308425903,20323,20333,10
13.0297498703,80.2307891846,20333,20343,10
13.0305204391,80.2307281494,20343,20353,10
13.031370163,80.2306594849,20353,20363,10
13.0323495865,80.2305831909,20363,20374,11
13.0333099365,80.2304992676,20374,20384,10
13.0340299606,80.2304382324,20384,20414,30
13.0340299606,80.2304382324,20414,20424,10
13.0343799591,80.2304229736,20424,20434,10
13.0346403122,80.2303390503,20434,20444,10
13.034740448,80.2303237915,20444,20454,10
13.0348901749,80.2302627563,20454,20464,10
13.0350904465,80.2299575806,20464,20474,10
13.0348901749,80.2297897339,20474,20485,11
13.0345201492,80.2297592163,20485,20495,10
13.0342502594,80.2298278809,20495,20505,10
13.0342102051,80.2303009033,20505,22241,1736
13.0342102051,80.2303009033,22241,22251,10
13.0340795517,80.2304992676,22251,22261,10
13.0338001251,80.23046875,22261,22271,10
13.033490181,80.2304916382,22271,22282,11
13.0329504013,80.2305221558,22282,22292,10
13.0318899155,80.2306289673,22292,22312,20
13.0318899155,80.2306289673,22312,22322,10
13.0313997269,80.2306671143,22322,22332,10
13.0307197571,80.2307434082,22332,22342,10
13.0300502777,80.230796814,22342,22352,10
13.0297298431,80.2308425903,22352,22362,10
13.0293302536,80.2308807373,22362,22372,10
13.0286798477,80.2309188843,22372,22382,10
13.0279598236,80.2309875488,22382,22393,11
13.0276403427,80.2312011719,22393,22403,10
13.0277099609,80.2317428589,22403,22413,10
13.0277996063,80.2322387695,22413,22423,10
13.0278997421,80.2327575684,22423,22433,10
13.0273103714,80.2329025269,22433,22443,10
13.026889801,80.2329788208,22443,22453,10
13.0268602371,80.2329788208,22453,22463,10
13.026720047,80.232963562,22463,22473,10
13.0263595581,80.2329025269,22473,22483,10
13.0261602402,80.2322006226,22483,22493,10
13.0259399414,80.2312927246,22493,22504,11
13.0255002975,80.2301712036,22504,22514,10
13.0248003006,80.2292480469,22514,22524,10
13.0241804123,80.2284927368,22524,22534,10
13.0240402222,80.2283401489,22534,22544,10
13.0240001678,80.2282791138,22544,22554,10
13.0238704681,80.2281036377,22554,22564,10
13.0235595703,80.2277832031,22564,22574,10
13.0230302811,80.2272491455,22574,22584,10
13.022310257,80.2266235352,22584,22594,10
13.0215196609,80.2259674072,22594,22605,11
13.0206899643,80.2253265381,22605,22615,10
13.0198497772,80.2247619629,22615,22625,10
13.0188598633,80.2245025635,22625,22635,10
13.0177698135,80.2249069214,22635,22645,10
13.0167102814,80.2253494263,22645,22655,10
13.0158596039,80.2256469727,22655,22665,10
13.0144701004,80.2262115479,22665,22695,30
13.0144701004,80.2262115479,22695,22705,10
13.0142498016,80.22631073,22705,22716,11
13.0139799118,80.2264175415,22716,22726,10
13.0133304596,80.2266693115,22726,22736,10
13.0124101639,80.2270126343,22736,22746,10
13.011300087,80.2274398804,22746,22756,10
13.0101604462,80.227897644,22756,22766,10
13.0092000961,80.2284469604,22766,22776,10
13.0089502335,80.2296218872,22776,22786,10
13.0087099075,80.2309799194,22786,22796,10
13.0084600449,80.2323913574,22796,22806,10
13.0082998276,80.2334365845,22806,22817,11
13.0081996918,80.2337493896,22817,22827,10
13.0080699921,80.2343673706,22827,22837,10
13.0078802109,80.2352828979,22837,22847,10
13.0076904297,80.2363433838,22847,22857,10
13.0074396133,80.2376174927,22857,22867,10
13.0072097778,80.2387390137,22867,22877,10
13.0070104599,80.2397079468,22877,22887,10
13.0069704056,80.2401809692,22887,22897,10
13.0068998337,80.2406387329,22897,22907,10
13.0068998337,80.2406921387,22907,22917,10
13.0068798065,80.2407608032,22917,22928,11
13.0067901611,80.2412033081,22928,22938,10
13.0067501068,80.2419967651,22938,22948,10
13.0067396164,80.2429122925,22948,22958,10
13.0067396164,80.2437973022,22958,22968,10
13.0067100525,80.2447128296,22968,22978,10
13.0067300797,80.245880127,22978,22988,10
13.0067796707,80.2468719482,22988,22998,10
13.0067596436,80.2475967407,22998,23008,10
13.0067596436,80.2484207153,23008,23018,10
13.0068702698,80.2492599487,23018,23029,11
13.0068902969,80.2494506836,23029,23039,10
13.0068902969,80.249671936,23039,23049,10
13.0068702698,80.250328064,23049,23059,10
13.0068597794,80.2512969971,23059,23069,10
13.0066204071,80.2525100708,23069,23079,10
13.0065898895,80.25390625,23079,23089,10
13.0066404343,80.2553405762,23089,23099,10
13.0066404343,80.2566833496,23099,23109,10
13.0068798065,80.2577819824,23109,23119,10
13.007399559,80.2584991455,23119,23129,10
13.0076999664,80.2586288452,23129,23140,11
13.0079603195,80.2587585449,23140,23150,10
13.0083999634,80.2589416504,23150,23160,10
13.0092601776,80.2590713501,23160,23170,10
13.0104799271,80.2590713501,23170,23180,10
13.0118398666,80.2590637207,23180,23190,10
13.0132703781,80.2591171265,23190,23200,10
13.0147104263,80.2591629028,23200,23210,10
13.0158596039,80.2593612671,23210,23220,10
13.0163002014,80.2596282959,23220,23230,10
13.0167703629,80.2599487305,23230,23241,11
13.0175504684,80.2604980469,23241,23251,10
13.0183496475,80.2610397339,23251,23261,10
13.0190200806,80.2615814209,23261,23271,10
13.0196199417,80.2620925903,23271,23281,10
13.0201597214,80.2626266479,23281,23291,10
13.0209999084,80.2629165649,23291,23301,10
13.0218496323,80.2632598877,23301,23311,10
13.0221595764,80.2633972168,23311,23321,10
13.0226802826,80.2636489868,23321,23331,10
13.0231304169,80.2638702393,23331,23341,10
13.0234298706,80.2640762329,23341,23352,11
13.0240602493,80.2644271851,23352,23362,10
13.0247297287,80.2649230957,23362,23372,10
13.0254898071,80.2654571533,23372,23382,10
13.0261297226,80.2658462524,23382,23392,10
13.0263204575,80.2656936646,23392,23402,10
13.0263900757,80.2651596069,23402,23412,10
13.0264501572,80.2646026611,23412,23422,10
13.0264997482,80.2641677856,23422,23432,10
13.0265598297,80.2638015747,23432,23442,10
13.0267601013,80.263381958,23442,23452,10
13.0274200439,80.2635574341,23452,23463,11
13.0283098221,80.2638092041,23463,23473,10
13.0290803909,80.2639923096,23473,23483,10
13.029299736,80.264289856,23483,23493,10
13.0292596817,80.2649765015,23493,23503,10
13.0292901993,80.265838623,23503,23513,10
13.0292100906,80.266456604,23513,23523,10
13.0293998718,80.2665634155,23523,23533,10
13.0299396515,80.2666397095,23533,23543,10
13.03083992,80.2667922974,23543,23553,10
13.0317602158,80.2671127319,23553,23564,11
13.032500267,80.2674331665,23564,23584,20
13.032500267,80.2674331665,23584,23594,10
13.0327596664,80.2676467896,23594,23604,10
13.0334796906,80.2678375244,23604,23624,20
13.0334796906,80.2678375244,23624,23634,10
13.0337696075,80.2678985596,23634,23644,10
13.0339803696,80.2679519653,23644,23654,10
13.0342798233,80.2679977417,23654,23664,10
13.0345001221,80.2679977417,23664,23675,11
13.0345697403,80.268119812,23675,23685,10
13.0344400406,80.2681427002,23685,23695,10
13.0341701508,80.2680282593,23695,23705,10
13.0334501266,80.2678985596,23705,24856,1151
13.0334501266,80.2678985596,24856,24866,10
13.0332202911,80.267829895,24866,24876,10
13.0327596664,80.2676925659,24876,24886,10
13.0322904587,80.2674026489,24886,24896,10
13.0314798355,80.2670593262,24896,24906,10
13.0304603577,80.2667770386,24906,24916,10
13.029800415,80.2666397095,24916,24926,10
13.029709816,80.2666473389,24926,24936,10
13.0292701721,80.2665481567,24936,24946,10
13.0287504196,80.2663879395,24946,24957,11
13.0281896591,80.2662811279,24957,24967,10
13.0274600983,80.2661437988,24967,24977,10
13.0266895294,80.2659988403,24977,24987,10
13.0259199142,80.2657318115,24987,25017,30
13.0259199142,80.2657318115,25017,25027,10
13.0255002975,80.2654800415,25027,25037,10
13.0251998901,80.2652893066,25037,25047,10
13.0251398087,80.2652435303,25047,25057,10
13.024720192,80.2649307251,25057,25068,11
13.0238704681,80.2643508911,25068,25078,10
13.0228996277,80.2638168335,25078,25088,10
13.0221500397,80.263458252,25088,25098,10
13.0218296051,80.2633132935,25098,25108,10
13.0212097168,80.2630996704,25108,25118,10
13.0202903748,80.2630386353,25118,25128,10
13.0195302963,80.2629623413,25128,25138,10
13.0190401077,80.2629013062,25138,25148,10
13.0188798904,80.2621765137,25148,25158,10
13.0187196732,80.2613601685,25158,25169,11
13.0179195404,80.2608184814,25169,25179,10
13.0169401169,80.2601776123,25179,25189,10
13.0161304474,80.2597198486,25189,25199,10
13.0160703659,80.2596893311,25199,25209,10
13.0157203674,80.2595367432,25209,25219,10
13.0150203705,80.2593612671,25219,25229,10
13.0141096115,80.2593231201,25229,25239,10
13.0129299164,80.2592773438,25239,25249,10
13.0115995407,80.2592315674,25249,25259,10
13.0105800629,80.2592315674,25259,25269,10
13.0095796585,80.2592163086,25269,25280,11
13.008769989,80.2592086792,25280,25290,10
13.0084104538,80.2592010498,25290,25300,10
13.0076999664,80.2593383789,25300,25310,10
13.0073099136,80.2590332031,25310,25320,10
13.0072002411,80.2587738037,25320,25330,10
13.0071496964,80.2587203979,25330,25340,10
13.0069599152,80.2583389282,25340,25350,10
13.0065603256,80.2576370239,25350,25370,20
13.0065603256,80.2576370239,25370,25381,11
13.0064897537,80.2574768066,25381,25391,10
13.0064697266,80.2570266724,25391,25401,10
13.006480217,80.2562103271,25401,25411,10
13.0065097809,80.2553482056,25411,25421,10
13.0065498352,80.2544631958,25421,25431,10
13.0065603256,80.2536468506,25431,25441,10
13.0065603256,80.2531585693,25441,25451,10
13.0065803528,80.2530288696,25451,25461,10
13.0065803528,80.2526016235,25461,25471,10
13.0066003799,80.2521362305,25471,25512,41
13.0066003799,80.2521362305,25512,25522,10
13.0066299438,80.2518310547,25522,25532,10
13.0067396164,80.2512588501,25532,25542,10
13.0067796707,80.250579834,25542,25552,10
13.0068101883,80.249710083,25552,25562,10
13.0067596436,80.2488937378,25562,25572,10
13.0066795349,80.2483596802,25572,25582,10
13.006649971,80.2479095459,25582,25593,11
13.0066604614,80.2474365234,25593,25603,10
13.0066404343,80.2468109131,25603,25613,10
13.0065898895,80.2465667725,25613,25623,10
13.0066604614,80.2462997437,25623,25633,10
13.0066404343,80.2455596924,25633,25643,10
13.0066404343,80.2446517944,25643,25653,10
13.006649971,80.2441329956,25653,25663,10
13.0066404343,80.2436981201,25663,25673,10
13.0066204071,80.2432403564,25673,25683,10
13.0066003799,80.2425994873,25683,25693,10
13.0065803528,80.2419509888,25693,25704,11
13.0065698624,80.2416229248,25704,25714,10
13.0065698624,80.2415618896,25714,25724,10
13.0066204071,80.2410888672,25724,25734,10
13.0067195892,80.2404785156,25734,25744,10
13.0067796707,80.2402267456,25744,25754,10
13.0068998337,80.2397689819,25754,25764,10
13.0070400238,80.2389373779,25764,25774,10
13.0071601868,80.2382125854,25774,25784,10
13.0072803497,80.2375869751,25784,25794,10
13.0073699951,80.2370834351,25794,25804,10
13.0074100494,80.2367401123,25804,25815,11
13.0074100494,80.2367172241,25815,25825,10
13.0075101852,80.2363510132,25825,25835,10
13.0076503754,80.2356491089,25835,25845,10
13.0078401566,80.2347106934,25845,25855,10
13.0080699921,80.2336196899,25855,25865,10
13.0082998276,80.2323379517,25865,25875,10
13.0085496902,80.2311401367,25875,25885,10
13.0087795258,80.2300109863,25885,25895,10
13.0089998245,80.2288818359,25895,25905,10
13.0093002319,80.2278289795,25905,25916,11
13.0097999573,80.2267227173,25916,25926,10
13.0103302002,80.225769043,25926,25936,10
13.0107498169,80.2248535156,25936,25946,10
13.011059761,80.2240982056,25946,25956,10
13.0111198425,80.2239608765,25956,25966,10
13.0111703873,80.2238311768,25966,25976,10
13.0113401413,80.2233810425,25976,25986,10
13.0116100311,80.2226715088,25986,25996,10
13.0119199753,80.2217330933,25996,26006,10
13.0123596191,80.2215194702,26006,26016,10
13.0127696991,80.2220993042,26016,26027,11
13.0135402679,80.2229003906,26027,26037,10
13.0142498016,80.223777771,26037,26047,10
13.0149002075,80.2244415283,26047,26057,10
13.0154800415,80.2249832153,26057,26077,20
13.0154800415,80.2249832153,26077,26087,10
13.0157499313,80.2251968384,26087,26097,10
13.0164604187,80.2253036499,26097,26107,10
13.017490387,80.2249221802,26107,26117,10
13.0186100006,80.2244796753,26117,26127,10
13.0194196701,80.2243728638,26127,26138,11
13.0195999146,80.2244415283,26138,26148,10
13.0198202133,80.2245788574,26148,26158,10
13.0202903748,80.2249298096,26158,26168,10
13.0207595825,80.2252807617,26168,26178,10
13.0212001801,80.2256317139,26178,26188,10
13.021780014,80.22605896,26188,26198,10
13.0218496323,80.2260971069,26198,26208,10
13.02202034,80.2261810303,26208,26218,10
13.0222997665,80.2264633179,26218,26228,10
13.0226898193,80.2267990112,26228,26239,11
13.0232400894,80.2272796631,26239,26249,10
13.0238199234,80.2278213501,26249,26259,10
13.0242395401,80.2283325195,26259,26269,10
13.0242700577,80.2283630371,26269,26279,10
13.0243501663,80.2284393311,26279,26289,10
13.0246295929,80.2288513184,26289,26299,10
13.0250701904,80.2294311523,26299,26309,10
13.0256299973,80.230178833,26309,26319,10
13.025970459,80.2309188843,26319,26329,10
13.02602005,80.2312316895,26329,26340,11
13.0260696411,80.231338501,26340,26350,10
13.0265798569,80.2312164307,26350,26360,10
13.027469635,80.2310028076,26360,26370,10
13.0284204483,80.2308578491,26370,26380,10
13.0285196304,80.2308578491,26380,26389,9
13.0289096832,80.2308197021,26389,26400,11
13.0295495987,80.2307662964,26400,26410,10
13.0302200317,80.2307281494,26410,26420,10
13.030960083,80.230682373,26420,26430,10
13.0316896439,80.2306213379,26430,26440,10
13.0324602127,80.2305603027,26440,26451,11
13.0333795547,80.2304992676,26451,26461,10
13.0342998505,80.2304000854,26461,26481,20
13.0342998505,80.2304000854,26481,26491,10
13.0343999863,80.2304000854,26491,26501,10
13.0347604752,80.2303085327,26501,26511,10
13.0346002579,80.2300415039,26511,27208,697
13.0342798233,80.2299575806,27208,27621,413
13.0342102051,80.2301101685,27621,27662,41
13.0342102051,80.2301101685,27662,27672,10
13.0341501236,80.2304229736,27672,27682,10
13.033829689,80.2304382324,27682,27702,20
13.033829689,80.2304382324,27702,27712,10
13.0335502625,80.23046875,27712,27722,10
13.0333003998,80.23046875,27722,27732,10
13.0325899124,80.2305374146,27732,27743,11
13.0315799713,80.2306518555,27743,27753,10
13.0306501389,80.2307434082,27753,27763,10
13.0299797058,80.230796814,27763,27773,10
13.0299596786,80.230796814,27773,27783,10
13.0298204422,80.2308273315,27783,27793,10
13.0294103622,80.2308578491,27793,27803,10
13.0287799835,80.2309036255,27803,27813,10
13.0280704498,80.2309494019,27813,27823,10
13.0277299881,80.2310180664,27823,27833,10
13.0277004242,80.2314605713,27833,27844,11
13.027759552,80.2320327759,27844,27854,10
13.0278701782,80.2325668335,27854,27864,10
13.0276403427,80.2328262329,27864,27874,10
13.0269298553,80.2329406738,27874,27934,60
13.0269298553,80.2329406738,27934,27944,10
13.026720047,80.2329864502,27944,27955,11
13.0263395309,80.2328262329,27955,27965,10
13.0261201859,80.2320404053,27965,27975,10
13.0258302689,80.2309570313,27975,27985,10
13.025270462,80.2299118042,27985,27995,10
13.0246295929,80.2290725708,27995,28005,10
13.0241003036,80.2284393311,28005,28025,20
13.0241003036,80.2284393311,28025,28035,10
13.0239295959,80.2282028198,28035,28045,10
13.023639679,80.2278671265,28045,28055,10
13.0231103897,80.2273635864,28055,28066,11
13.022359848,80.2266464233,28066,28076,10
13.0216503143,80.2260437012,28076,28086,10
13.020819664,80.2253875732,28086,28096,10
13.0199098587,80.2247924805,28096,28106,10
13.0188102722,80.2245025635,28106,28116,10
13.0176801682,80.2249221802,28116,28126,10
13.016869545,80.2252426147,28126,28136,10
13.016579628,80.2253570557,28136,28146,10
13.0163602829,80.2254714966,28146,28156,10
13.0159702301,80.2256164551,28156,28167,11
13.0152597427,80.2258834839,28167,28177,10
13.0144395828,80.2261962891,28177,28187,10
13.0142002106,80.2262878418,28187,28197,10
13.0140104294,80.2263793945,28197,28207,10
13.0135402679,80.2265701294,28207,28217,10
13.0128097534,80.226852417,28217,28227,10
13.0118999481,80.2272186279,28227,28237,10
13.0109100342,80.2276000977,28237,28247,10
13.0099000931,80.2279968262,28247,28257,10
13.0091400146,80.2285385132,28257,28267,10
13.008939743,80.2296066284,28267,28278,11
13.0087099075,80.2309570313,28278,28288,10
13.0085296631,80.2320098877,28288,28298,10
13.0083503723,80.2328796387,28298,28308,10
13.0082798004,80.2334823608,28308,28318,10
13.0082702637,80.2335128784,28318,28328,10
13.0081701279,80.2337799072,28328,28338,10
13.0080795288,80.2342834473,28338,28348,10
13.0079498291,80.2350006104,28348,28358,10
13.0077400208,80.2359619141,28358,28368,10
13.007519722,80.2370986938,28368,28378,10
13.007349968,80.2379989624,28378,28389,11
13.0072002411,80.2388381958,28389,28399,10
13.0070400238,80.2397232056,28399,28429,30
13.0070400238,80.2397232056,28429,28439,10
13.0069799423,80.239982605,28439,28449,10
13.0068798065,80.2406997681,28449,28469,20
13.0068798065,80.2406997681,28469,28479,10
13.0068397522,80.2409286499,28479,28490,11
13.006770134,80.2411804199,28490,28500,10
13.006770134,80.2420501709,28500,28560,60
13.006770134,80.2420501709,28560,28570,10
13.0067501068,80.2425308228,28570,28580,10
13.0067396164,80.2428436279,28580,28590,10
13.0067300797,80.2431411743,28590,28621,31
13.0067300797,80.2431411743,28621,28631,10
13.0067100525,80.243560791,28631,28641,10
13.0067195892,80.2442169189,28641,28651,10
13.0067396164,80.2448501587,28651,28661,10
13.0067195892,80.2452163696,28661,28671,10
13.0067501068,80.2458572388,28671,28722,51
13.0067501068,80.2458572388,28722,28732,10
13.0067396164,80.2462081909,28732,28742,10
13.006770134,80.2467575073,28742,28752,10
13.0067501068,80.2478027344,28752,28762,10
13.0068998337,80.2493972778,28762,28792,30
13.0068998337,80.2493972778,28792,28802,10
13.0068798065,80.2495803833,28802,28813,11
13.0068702698,80.2501907349,28813,28823,10
13.0068798065,80.2510375977,28823,28833,10
13.0067195892,80.251991272,28833,28843,10
13.0065898895,80.2530899048,28843,28853,10
13.0066003799,80.2542572021,28853,28863,10
13.006649971,80.2552185059,28863,28873,10
13.0066699982,80.2562103271,28873,28883,10
13.0066795349,80.2569885254,28883,28893,10
13.0066699982,80.2571182251,28893,28903,10
13.0066795349,80.25730896,28903,28913,10
13.0068702698,80.2578887939,28913,28924,11
13.0074195862,80.2585830688,28924,28934,10
13.0076904297,80.258682251,28934,28944,10
13.0078201294,80.2587509155,28944,28954,10
13.008310318,80.2589263916,28954,28964,10
13.0091600418,80.2590637207,28964,28974,10
13.0102701187,80.2590713501,28974,28984,10
13.0115499496,80.2590484619,28984,28994,10
13.0128898621,80.2591171265,28994,29004,10
13.014289856,80.259147644,29004,29014,10
13.0155200958,80.2592391968,29014,29025,11
13.0164203644,80.2596435547,29025,29065,40
13.0164203644,80.2596435547,29065,29075,10
13.0167703629,80.2599334717,29075,29085,10
13.0173397064,80.2603225708,29085,29095,10
13.017999649,80.2607574463,29095,29105,10
13.0184202194,80.2610626221,29105,29115,10
13.0188503265,80.261390686,29115,29125,10
13.0192604065,80.2617492676,29125,29136,11
13.0195198059,80.262046814,29136,29146,10
13.0200195313,80.262512207,29146,29156,10
13.020190239,80.2626190186,29156,29166,10
13.0203304291,80.2627182007,29166,29176,10
13.0207595825,80.2628707886,29176,29186,10
13.0215196609,80.2631072998,29186,29196,10
13.0220804214,80.2633666992,29196,29206,10
13.0224304199,80.2635498047,29206,29216,10
13.0229597092,80.2638397217,29216,29226,10
13.0230798721,80.2639083862,29226,29237,11
13.0233097076,80.2640228271,29237,29247,10
13.0238895416,80.2643203735,29247,29257,10
13.0246400833,80.2648086548,29257,29267,10
13.0251502991,80.2651901245,29267,29277,10
13.0254402161,80.2654190063,29277,29287,10
13.0260601044,80.2657623291,29287,29297,10
13.0263595581,80.2656097412,29297,29307,10
13.0263996124,80.2649002075,29307,29317,10
13.0264997482,80.2640762329,29317,29327,10
13.0265197754,80.263923645,29327,29337,10
13.0265398026,80.2638168335,29337,29348,11
13.0266103745,80.2633972168,29348,29358,10
13.0270395279,80.263458252,29358,29368,10
13.0277099609,80.2636184692,29368,29378,10
13.0284900665,80.2638473511,29378,29388,10
13.0291700363,80.2640228271,29388,29398,10
13.0293302536,80.264289856,29398,29408,10
13.0293197632,80.264831543,29408,29418,10
13.0293197632,80.2655334473,29418,29428,10
13.0293102264,80.2661209106,29428,29438,10
13.0292596817,80.2662506104,29438,29448,10
13.0292396545,80.2664871216,29448,29459,11
13.0293903351,80.2665481567,29459,29469,10
13.0298900604,80.2666320801,29469,29479,10
13.0306196213,80.266746521,29479,29489,10
13.031370163,80.2669525146,29489,29499,10
13.031920433,80.2671508789,29499,29509,10
13.0322999954,80.2673187256,29509,29519,10
13.0328102112,80.267616272,29519,29529,10
13.0334300995,80.267791748,29529,29559,30
13.0334300995,80.267791748,29559,29570,11
13.0339202881,80.2679367065,29570,29580,10
13.0344200134,80.2680206299,29580,29590,10
13.0346002579,80.2679977417,29590,29600,10
13.0346403122,80.268081665,29600,29610,10
13.0345001221,80.268157959,29610,29620,10
13.034239769,80.2680282593,29620,29630,10
13.033490181,80.2678985596,29630,30276,646
13.0332899094,80.2678375244,30276,30357,81
13.0333595276,80.2678604126,30357,30549,192
13.0333595276,80.2678604126,30549,30559,10
13.0332098007,80.2678222656,30559,30569,10
13.032910347,80.2677612305,30569,30579,10
13.0326595306,80.2676391602,30579,30589,10
13.0325403214,80.2674789429,30589,30599,10
13.032119751,80.267288208,30599,30609,10
13.0315599442,80.2670669556,30609,30619,10
13.0312995911,80.2669372559,30619,30629,10
13.0309200287,80.2668228149,30629,30639,10
13.0303201675,80.2667388916,30639,30650,11
13.0297803879,80.2666702271,30650,30660,10
13.0296497345,80.2666625977,30660,30670,10
13.0293397903,80.2666015625,30670,30680,10
13.0290203094,80.2664489746,30680,30690,10
13.0284099579,80.2662963867,30690,30700,10
13.0278997421,80.2661972046,30700,30710,10
13.0273199081,80.2661437988,30710,30720,10
13.0268201828,80.2661132813,30720,30730,10
13.026260376,80.2659988403,30730,30740,10
13.0257101059,80.2656478882,30740,30751,11
13.0252304077,80.2653427124,30751,30761,10
13.0252199173,80.2653427124,30761,30771,10
13.0250301361,80.2652282715,30771,30781,10
13.0246801376,80.2649230957,30781,30791,10
13.0240497589,80.2644805908,30791,30801,10
13.0233097076,80.2640991211,30801,30811,10
13.0226297379,80.2637329102,30811,30821,10
13.0223398209,80.2635726929,30821,30831,10
13.0221204758,80.263458252,30831,30841,10
13.0220098495,80.263381958,30841,30851,10
13.0216999054,80.2632598877,30851,30862,11
13.0208597183,80.263092041,30862,30872,10
13.0201501846,80.2630462646,30872,30882,10
13.0195798874,80.2630081177,30882,30892,10
13.0191402435,80.2629623413,30892,30902,10
13.0189304352,80.2626876831,30902,30912,10
13.0188598633,80.2620620728,30912,30922,10
13.0187101364,80.2613983154,30922,30932,10
13.0183095932,80.2610778809,30932,30942,10
13.0176095963,80.2606124878,30942,30952,10
13.0167598724,80.2600402832,30952,30962,10
13.015999794,80.2596588135,30962,30983,21
13.015999794,80.2596588135,30983,30993,10
13.0157299042,80.2595367432,30993,31003,10
13.015130043,80.2593612671,31003,31013,10
13.0143203735,80.2593231201,31013,31023,10
13.0133495331,80.2593002319,31023,31033,10
13.0123100281,80.259262085,31033,31043,10
13.0113296509,80.2592163086,31043,31053,10
13.0104904175,80.259262085,31053,31063,10
13.0099000931,80.2592773438,31063,31074,11
13.0098695755,80.2592773438,31074,31084,10
13.0095701218,80.259262085,31084,31094,10
13.009180069,80.259262085,31094,31104,10
13.0090398788,80.2592391968,31104,31114,10
13.0088396072,80.2592163086,31114,31124,10
13.0086803436,80.2592163086,31124,31134,10
13.0083599091,80.2591934204,31134,31144,10
13.0077896118,80.2593231201,31144,31154,10
13.0073699951,80.2591629028,31154,31164,10
13.0072202682,80.2588195801,31164,31174,10
13.0072002411,80.2586975098,31174,31185,11
13.0069799423,80.2583007813,31185,31195,10
13.0066900253,80.2578735352,31195,31205,10
13.0066003799,80.2578201294,31205,31215,10
13.0064401627,80.2575836182,31215,31225,10
13.0064296722,80.257019043,31225,31235,10
13.0064401627,80.2563934326,31235,31245,10
13.0064601898,80.2557830811,31245,31255,10
13.0065202713,80.2550506592,31255,31265,10
13.0064897537,80.2541503906,31265,31275,10
13.0064697266,80.2533035278,31275,31285,10
13.0064697266,80.2532730103,31285,31296,11
13.006480217,80.253112793,31296,31306,10
13.0064897537,80.2526397705,31306,31316,10
13.0065603256,80.2522277832,31316,31356,40
13.0065603256,80.2522277832,31356,31366,10
13.0065698624,80.2521362305,31366,31376,10
13.0066604614,80.2517166138,31376,31386,10
13.0067396164,80.2509384155,31386,31397,11
13.0067195892,80.2499694824,31397,31457,60
13.0067195892,80.2499694824,31457,31467,10
13.0066900253,80.2495727539,31467,31477,10
13.0066995621,80.249420166,31477,31487,10
13.0066795349,80.2489700317,31487,31497,10
13.0066003799,80.2483673096,31497,31508,11
13.0065898895,80.248046875,31508,31518,10
13.0066003799,80.2479705811,31518,31528,10
13.0066003799,80.2476119995,31528,31659,131
13.0066003799,80.2476119995,31659,31669,10
13.0065898895,80.2474136353,31669,31679,10
13.0066204071,80.2469787598,31679,31689,10
13.0065402985,80.2465209961,31689,31699,10
13.0065498352,80.2464904785,31699,31709,10
13.0066204071,80.2463226318,31709,31719,10
13.0066099167,80.2458114624,31719,31730,11
13.0065898895,80.2450637817,31730,31740,10
13.0066003799,80.2444992065,31740,31750,10
13.0066003799,80.2440567017,31750,31760,10
13.0065803528,80.243560791,31760,31770,10
13.0065698624,80.2431182861,31770,31780,10
13.0065603256,80.2425994873,31780,31790,10
13.0065498352,80.2416000366,31790,31810,20
13.0065498352,80.2416000366,31810,31820,10
13.0065603256,80.2413482666,31820,31831,11
13.0065498352,80.2413406372,31831,31841,10
13.0065898895,80.2411117554,31841,31851,10
13.0066604614,80.2406997681,31851,31861,10
13.0067996979,80.2400283813,31861,31871,10
13.0070104599,80.2391204834,31871,31881,10
13.0071697235,80.2381362915,31881,31891,10
13.0073404312,80.2373199463,31891,31901,10
13.0074195862,80.2367019653,31901,31911,10
13.0074396133,80.2366409302,31911,31921,10
13.0074796677,80.2365875244,31921,31931,10
13.0075902939,80.2361831665,31931,31942,11
13.0077295303,80.2354278564,31942,31952,10
13.0078897476,80.23462677,31952,31962,10
13.008099556,80.2336196899,31962,31972,10
13.0083703995,80.2323379517,31972,31982,10
13.0086402893,80.2309188843,31982,31992,10
13.008939743,80.2294616699,31992,32002,10
13.0092201233,80.2281570435,32002,32012,10
13.0097103119,80.2270584106,32012,32022,10
13.0101995468,80.2259902954,32022,32032,10
13.0106496811,80.2250518799,32032,32042,10
13.0110197067,80.2242431641,32042,32053,11
13.0111703873,80.2239074707,32053,32063,10
13.0113801956,80.2233734131,32063,32073,10
13.0116195679,80.2227706909,32073,32083,10
13.0119304657,80.2218933105,32083,32093,10
13.0121097565,80.2214508057,32093,32103,10
13.0122900009,80.2213592529,32103,32113,10
13.0125198364,80.2216796875,32113,32123,10
13.0129804611,80.2222671509,32123,32133,10
13.0134401321,80.2227478027,32133,32143,10
13.0139303207,80.2233200073,32143,32154,11
13.0142402649,80.2238464355,32154,32164,10
13.0150995255,80.224647522,32164,32194,30
13.0150995255,80.224647522,32194,32204,10
13.0152597427,80.2247161865,32204,32214,10
13.0154600143,80.224899292,32214,32224,10
13.0156202316,80.2250976563,32224,32255,31
13.0156202316,80.2250976563,32255,32265,10
13.0157899857,80.225227356,32265,32275,10
13.0161800385,80.2253112793,32275,32285,10
13.0167303085,80.225227356,32285,32295,10
13.0173397064,80.2249984741,32295,32305,10
13.017950058,80.2247314453,32305,32315,10
13.0186100006,80.2244567871,32315,32325,10
13.0193004608,80.2243270874,32325,32335,10
13.0196895599,80.2244720459,32335,32345,10
13.0199403763,80.2246627808,32345,32355,10
13.0203199387,80.2249526978,32355,32365,10
13.0207500458,80.2252502441,32365,32376,11
13.0211496353,80.2256088257,32376,32386,10
13.0215902328,80.2259216309,32386,32396,10
13.0219898224,80.2261962891,32396,32416,20
13.0219898224,80.2261962891,32416,32426,10
13.0220804214,80.2263031006,32426,32436,10
13.0223903656,80.2265777588,32436,32446,10
13.0229301453,80.2270584106,32446,32456,10
13.0236597061,80.2276611328,32456,32476,20
13.0236597061,80.2276611328,32476,32487,11
13.0238103867,80.2277832031,32487,32497,10
13.0240001678,80.2279968262,32497,32507,10
13.0242500305,80.2282867432,32507,32517,10
13.0244998932,80.2286529541,32517,32527,10
13.0246601105,80.2288970947,32527,32537,10
13.0248403549,80.2291488647,32537,32547,10
13.0251598358,80.2295837402,32547,32557,10
13.0255804062,80.2301330566,32557,32567,10
13.0258197784,80.2305374146,32567,32577,10
13.0259199142,80.2307662964,32577,32588,11
13.0259895325,80.2311401367,32588,32598,10
13.0259799957,80.2313079834,32598,32608,10
13.0261697769,80.231338501,32608,32618,10
13.0267295837,80.2311706543,32618,32628,10
13.0275402069,80.2309799194,32628,32638,10
13.0285196304,80.2308883667,32638,32668,30
13.0285196304,80.2308883667,32668,32678,10
13.0289402008,80.2308731079,32678,32688,10
13.0291900635,80.2308502197,32688,32699,11
13.029299736,80.2308273315,32699,32709,10
13.0297803879,80.2307815552,32709,32719,10
13.0305204391,80.23072052,32719,32729,10
13.0309495926,80.230682373,32729,32739,10
13.0314903259,80.2306289673,32739,32749,10
13.0321998596,80.2305908203,32749,32759,10
13.0329799652,80.2305221558,32759,32769,10
13.0337696075,80.2304992676,32769,32779,10
13.0343704224,80.2304077148,32779,32789,10
13.0348901749,80.2302017212,32789,32840,51
13.0348901749,80.2302017212,32840,32850,10
13.0350704193,80.2301712036,32850,32860,10
13.0351800919,80.2299804688,32860,32870,10
13.0350503922,80.2297973633,32870,32880,10
13.0346603394,80.2297515869,32880,32890,10
13.0343198776,80.2297286987,32890,33001,111
13.0342702866,80.2301025391,33001,33072,71
13.0342702866,80.2301025391,33072,33082,10
13.0341701508,80.2304000854,33082,33092,10
13.0340003967,80.2304000854,33092,33102,10
13.0336904526,80.2303924561,33102,33112,10
13.0334396362,80.230430603,33112,33133,21
13.0334396362,80.230430603,33133,33143,10
13.0333204269,80.2305221558,33143,33153,10
13.0329198837,80.230506897,33153,33163,10
13.0321998596,80.2305831909,33163,33173,10
13.031370163,80.2306518555,33173,33183,10
13.0309095383,80.2306976318,33183,33193,10
13.0306596756,80.2306976318,33193,33203,10
13.0302696228,80.2307510376,33203,33213,10
13.0302000046,80.2307510376,33213,33223,10
13.0299100876,80.2307815552,33223,33233,10
13.02987957,80.2307891846,33233,33244,11
13.0296001434,80.2308578491,33244,33254,10
13.0290899277,80.2309265137,33254,33264,10
13.028260231,80.231010437,33264,33274,10
13.0278100967,80.231048584,33274,33284,10
13.027680397,80.2313232422,33284,33294,10
13.027680397,80.2317810059,33294,33304,10
13.0277299881,80.2319488525,33304,33314,10
13.0277900696,80.2322387695,33314,33324,10
13.0278596878,80.2325973511,33324,33334,10
13.0277996063,80.2328033447,33334,33435,101
13.0277996063,80.2328033447,33435,33445,10
13.0275497437,80.2328796387,33445,33456,11
13.0273799896,80.2329025269,33456,33466,10
13.0271596909,80.2329101563,33466,33476,10
13.0267896652,80.2329330444,33476,33597,121
13.0267896652,80.2329330444,33597,33607,10
13.0265703201,80.2329406738,33607,33617,10
13.0263004303,80.2326583862,33617,33627,10
13.0261001587,80.2319869995,33627,33637,10
13.0258798599,80.2311477661,33637,33647,10
13.0255098343,80.23021698,33647,33657,10
13.0249004364,80.2293701172,33657,33668,11
13.0243797302,80.2286987305,33668,33678,10
13.0239601135,80.2282485962,33678,33708,30
13.0239601135,80.2282485962,33708,33718,10
13.023730278,80.2279586792,33718,33728,10
13.0234603882,80.2276687622,33728,33738,10
13.0232801437,80.2274780273,33738,33748,10
13.0228500366,80.2270584106,33748,33758,10
13.0222196579,80.2264709473,33758,33768,10
13.0214300156,80.2258377075,33768,33779,11
13.0203695297,80.2250823975,33779,33789,10
13.0193395615,80.2245330811,33789,33799,10
13.0182304382,80.2247390747,33799,33809,10
13.0172195435,80.2251586914,33809,33819,10
13.0167503357,80.2253799438,33819,33829,10
13.016500473,80.2254714966,33829,33839,10
13.0162401199,80.2255401611,33839,33849,10
13.0160598755,80.2256011963,33849,33859,10
13.0156698227,80.2257080078,33859,33869,10
13.0150403976,80.225982666,33869,33879,10
13.0141897202,80.2263336182,33879,33900,21
13.0141897202,80.2263336182,33900,33910,10
13.0139904022,80.2264480591,33910,33920,10
13.0135602951,80.2265777588,33920,33930,10
13.0128803253,80.2268218994,33930,33940,10
13.0120096207,80.2271575928,33940,33950,10
13.0109796524,80.2275619507,33950,33960,10
13.0098600388,80.228012085,33960,33970,10
13.0091199875,80.2286911011,33970,33980,10
13.0089197159,80.2297134399,33980,33990,10
13.0088596344,80.2304077148,33990,34031,41
13.0088596344,80.2304077148,34031,34041,10
13.008890152,80.2304916382,34041,34051,10
13.0088396072,80.2307128906,34051,34061,10
13.0087404251,80.2310791016,34061,34071,10
13.0086803436,80.2313995361,34071,34081,10
13.0085802078,80.2316970825,34081,34091,10
13.0084896088,80.2321395874,34091,34102,11
13.0084199905,80.2325363159,34102,34112,10
13.0084104538,80.2326583862,34112,34122,10
13.0083703995,80.2329025269,34122,34132,10
13.0083398819,80.2330093384,34132,34142,10
13.0083398819,80.2332611084,34142,34162,20
13.0083398819,80.2332611084,34162,34172,10
13.0083198547,80.2334518433,34172,34182,10
13.0082502365,80.2336578369,34182,34192,10
13.0081596375,80.2339096069,34192,34202,10
13.0081501007,80.2339782715,34202,34213,11
13.0080900192,80.2342681885,34213,34253,40
13.0080900192,80.2342681885,34253,34263,10
13.0080404282,80.2345123291,34263,34273,10
13.0080099106,80.2348175049,34273,34324,51
13.0080099106,80.2348175049,34324,34334,10
13.0078601837,80.2353668213,34334,34354,20
13.0078601837,80.2353668213,34354,34364,10
13.0078001022,80.235710144,34364,34374,10
13.0077295303,80.2361602783,34374,34384,10
13.0076503754,80.2366104126,34384,34394,10
13.0076198578,80.2367630005,34394,34404,10
13.0075502396,80.2370605469,34404,34414,10
13.0074996948,80.2373199463,34414,34425,11
13.0074300766,80.2376022339,34425,34435,10
13.0073604584,80.2378997803,34435,34445,10
13.0073003769,80.23828125,34445,34455,10
13.0072402954,80.2387008667,34455,34596,141
13.0072402954,80.2387008667,34596,34606,10
13.0071697235,80.2390823364,34606,34768,162
13.0071697235,80.2390823364,34768,34778,10
13.0071697235,80.2392196655,34778,34788,10
13.0070495605,80.2396469116,34788,34798,10
13.0068902969,80.2403182983,34798,34808,10
13.0068302155,80.2406082153,34808,34818,10
13.0068397522,80.2408294678,34818,34828,10
13.0068397522,80.2408370972,34828,34838,10
13.006819725,80.2410583496,34838,34848,10
13.0067901611,80.2416763306,34848,34859,11
13.0067796707,80.2419586182,34859,34869,10
13.0067901611,80.2421722412,34869,34879,10
13.0067901611,80.2422027588,34879,34889,10
13.0067596436,80.2423706055,34889,34899,10
13.0067596436,80.2426376343,34899,34909,10
13.0067501068,80.2429428101,34909,34919,10
13.0067501068,80.2429962158,34919,34929,10
13.0067396164,80.2432479858,34929,34939,10
13.0067396164,80.2437591553,34939,34970,31
13.0067300797,80.2441635132,34970,35000,30
13.0067300797,80.2441635132,35000,35010,10
13.0067396164,80.2444992065,35010,35020,10
13.0067100525,80.2449417114,35020,35030,10
13.0067195892,80.2454376221,35030,35039,9
13.0067396164,80.2460784912,35039,35050,11
13.0067596436,80.2469787598,35050,35060,10
13.0067501068,80.2478027344,35060,35070,10
13.0067996979,80.248626709,35070,35081,11
13.0068998337,80.2495574951,35081,35111,30
13.0068998337,80.2495574951,35111,35121,10
13.0069503784,80.2497711182,35121,35131,10
13.0069198608,80.2503128052,35131,35141,10
13.0069198608,80.2510681152,35141,35161,20
13.0069198608,80.2510681152,35161,35171,10
13.0068798065,80.2512969971,35171,35181,10
13.0067996979,80.251739502,35181,35192,11
13.006649971,80.2526321411,35192,35202,10
13.0066404343,80.2536315918,35202,35212,10
13.0066795349,80.2546768188,35212,35222,10
13.0066604614,80.2557067871,35222,35232,10
13.0067195892,80.2570877075,35232,35293,61
13.0067195892,80.2570877075,35293,35303,10
13.0067195892,80.2574691772,35303,35313,10
13.0069704056,80.2580718994,35313,35323,10
13.0077600479,80.2586975098,35323,35343,20
13.0077600479,80.2586975098,35343,35353,10
13.0080299377,80.2588500977,35353,35363,10
13.0084199905,80.258972168,35363,35373,10
13.0088796616,80.2590637207,35373,35383,10
13.0093297958,80.2590408325,35383,35393,10
13.0101499557,80.2590484619,35393,35404,11
13.011179924,80.2590484619,35404,35414,10
13.0120697021,80.2590332031,35414,35424,10
13.0123500824,80.2590408325,35424,35434,10
13.0124101639,80.2590408325,35434,35444,10
13.0125198364,80.2590408325,35444,35454,10
13.012840271,80.2590637207,35454,35474,20
13.012840271,80.2590637207,35474,35484,10
13.0131702423,80.2590637207,35484,35494,10
13.0134000778,80.2590713501,35494,35504,10
13.0134496689,80.2590789795,35504,35515,11
13.0135202408,80.2590789795,35515,35525,10
13.0136499405,80.2590789795,35525,35535,10
13.0137395859,80.2590866089,35535,35545,10
13.0140199661,80.2591094971,35545,35555,10
13.0142097473,80.2591094971,35555,35565,10
13.0143404007,80.2591171265,35565,35575,10
13.0146398544,80.2591323853,35575,35585,10
13.0150203705,80.259147644,35585,35605,20
13.0150203705,80.259147644,35605,35615,10
13.0151700974,80.259147644,35615,35626,11
13.0153999329,80.2591781616,35626,35636,10
13.0156097412,80.2592391968,35636,35646,10
13.0158596039,80.2593536377,35646,35656,10
13.015999794,80.2594070435,35656,35666,10
13.0160503387,80.2594223022,35666,35676,10
13.0162401199,80.2595672607,35676,35686,10
13.0164604187,80.2597198486,35686,35696,10
13.016579628,80.2598495483,35696,35706,10
13.0167703629,80.259979248,35706,35716,10
13.0170898438,80.2601928711,35716,35727,11
13.0174503326,80.2604522705,35727,35737,10
13.017829895,80.2606887817,35737,35747,10
13.0181903839,80.2609710693,35747,35757,10
13.0186300278,80.2612762451,35757,35767,10
13.0189504623,80.2615432739,35767,35777,10
13.0192604065,80.2617874146,35777,35787,10
13.0194797516,80.2619628906,35787,35797,10
13.0197401047,80.2622833252,35797,35807,10
13.0201101303,80.2625808716,35807,35817,10
13.0202102661,80.2626266479,35817,35827,10
13.0202798843,80.2626724243,35827,35838,11
13.0206203461,80.2628097534,35838,35848,10
13.0212097168,80.2630081177,35848,35858,10
13.0218400955,80.2632522583,35858,35868,10
13.0221700668,80.2633895874,35868,35878,10
13.0225095749,80.2635879517,35878,35888,10
13.0228900909,80.2638015747,35888,35898,10
13.0228996277,80.2638168335,35898,35908,10
13.0231599808,80.263961792,35908,35918,10
13.023639679,80.2641906738,35918,35928,10
13.0242996216,80.2645721436,35928,35938,10
13.0246496201,80.264831543,35938,35949,11
13.0247402191,80.2649230957,35949,35959,10
13.0249700546,80.2650680542,35959,35969,10
13.0253896713,80.2653503418,35969,35979,10
13.0258903503,80.2656936646,35979,35989,10
13.0262804031,80.2658309937,35989,35999,10
13.0263595581,80.26537323,35999,36009,10
13.0264596939,80.2646865845,36009,36019,10
13.0265598297,80.263961792,36019,36029,10
13.0265798569,80.2638778687,36029,36039,10
13.0266199112,80.2634811401,36039,36049,10
13.0268602371,80.263381958,36049,36060,11
13.0273704529,80.2634429932,36060,36070,10
13.0279798508,80.2636566162,36070,36080,10
13.0286197662,80.2638092041,36080,36090,10
13.0291204453,80.2639770508,36090,36100,10
13.0292701721,80.2642364502,36100,36110,10
13.0292701721,80.2646713257,36110,36120,10
13.0293397903,80.2652893066,36120,36130,10
13.029299736,80.2657165527,36130,36140,10
13.0292797089,80.2660675049,36140,36150,10
13.029250145,80.2662200928,36150,36161,11
13.0292396545,80.2663726807,36161,36171,10
13.0294504166,80.2665100098,36171,36181,10
13.0296096802,80.2665634155,36181,36191,10
13.0298995972,80.2666091919,36191,36201,10
13.03028965,80.2666931152,36201,36211,10
13.0307998657,80.2667694092,36211,36221,10
13.0311603546,80.2668762207,36221,36231,10
13.0316801071,80.2670593262,36231,36241,10
13.0322999954,80.2673416138,36241,36251,10
13.0327701569,80.2676391602,36251,36261,10
13.0334396362,80.2677612305,36261,36282,21
13.0334396362,80.2677612305,36282,36292,10
13.0336399078,80.2677993774,36292,36302,10
13.0339403152,80.2678985596,36302,36312,10
13.0344200134,80.2679672241,36312,36352,40
13.0344200134,80.2679672241,36352,36362,10
13.0344800949,80.268119812,36362,36372,10
13.0344696045,80.2680969238,36372,36383,11
13.034119606,80.2679977417,36383,36393,10
13.0335102081,80.267868042,36393,37018,625
13.0335102081,80.267868042,37018,37028,10
13.033200264,80.2678527832,37028,37039,11
13.0330200195,80.267791748,37039,37049,10
13.0327396393,80.2676925659,37049,37059,10
13.0325698853,80.2675170898,37059,37069,10
13.0322599411,80.2673721313,37069,37079,10
13.031829834,80.2671203613,37079,37089,10
13.0313997269,80.2669219971,37089,37099,10
13.0308599472,80.2667999268,37099,37109,10
13.0303201675,80.2667007446,37109,37119,10
13.0298700333,80.2665481567,37119,37140,21
13.0298700333,80.2665481567,37140,37150,10
13.0294799805,80.2665863037,37150,37160,10
13.0293598175,80.2665634155,37160,37170,10
13.0291404724,80.2664413452,37170,37180,10
13.028840065,80.2663803101,37180,37190,10
13.0284099579,80.2662963867,37190,37200,10
13.0280399323,80.2662124634,37200,37210,10
13.0276002884,80.2661514282,37210,37220,10
13.0273103714,80.2660980225,37220,37230,10
13.0269804001,80.2660522461,37230,37240,10
13.0266199112,80.2659988403,37240,37301,61
13.0266199112,80.2659988403,37301,37311,10
13.0263996124,80.2659912109,37311,37321,10
13.0260295868,80.2658462524,37321,37331,10
13.0252103806,80.2653198242,37331,37351,20
13.0252103806,80.2653198242,37351,37362,11
13.024939537,80.2650985718,37362,37372,10
13.0245599747,80.2648010254,37372,37382,10
13.023850441,80.2643203735,37382,37392,10
13.0232095718,80.2639083862,37392,37402,10
13.0221004486,80.263381958,37402,37432,30
13.0221004486,80.263381958,37432,37442,10
13.0216903687,80.2632064819,37442,37452,10
13.0209503174,80.2630767822,37452,37462,10
13.0202798843,80.2630386353,37462,37473,11
13.0198001862,80.2629470825,37473,37483,10
13.0191602707,80.262878418,37483,37493,10
13.0189304352,80.2624206543,37493,37503,10
13.018819809,80.2616882324,37503,37513,10
13.0186004639,80.2612075806,37513,37523,10
13.0180702209,80.260887146,37523,37533,10
13.0174703598,80.2604980469,37533,37543,10
13.0168199539,80.2600784302,37543,37553,10
13.0161800385,80.2597122192,37553,37564,11
13.0160598755,80.2596511841,37564,37574,10
13.0159902573,80.2595977783,37574,37584,10
13.0155601501,80.2594604492,37584,37594,10
13.0148696899,80.2593078613,37594,37604,10
13.0140304565,80.2592697144,37604,37614,10
13.0129299164,80.2592315674,37614,37624,10
13.0117397308,80.2591934204,37624,37634,10
13.0107498169,80.2592010498,37634,37644,10
13.0099201202,80.2592163086,37644,37654,10
13.0096702576,80.2592086792,37654,37664,10
13.0094299316,80.2592010498,37664,37674,10
13.0088796616,80.2591705322,37674,37685,11
13.0085601807,80.2591629028,37685,37695,10
13.0079603195,80.2592315674,37695,37705,10
13.0074195862,80.2591629028,37705,37715,10
13.0072002411,80.2586975098,37715,37725,10
13.0071401596,80.2586135864,37725,37735,10
13.0068998337,80.2581710815,37735,37745,10
13.0065803528,80.2575683594,37745,37755,10
13.0065202713,80.2570571899,37755,37765,10
13.006480217,80.2564620972,37765,37775,10
13.006480217,80.2557983398,37775,37785,10
13.0065097809,80.2551727295,37785,37796,11
13.0065002441,80.2542724609,37796,37846,50
13.0065002441,80.2542724609,37846,37856,10
13.0065803528,80.254119873,37856,37866,10
13.0065498352,80.2539596558,37866,37876,10
13.0065402985,80.2538909912,37876,37886,10
13.006529808,80.2537384033,37886,37896,10
13.0065202713,80.2535629272,37896,37907,11
13.0065202713,80.2533187866,37907,37917,10
13.0065202713,80.2530288696,37917,38018,101
13.0065202713,80.2530288696,38018,38028,10
13.0065202713,80.2526626587,38028,38038,10
13.0065803528,80.2521514893,38038,38048,10
13.0066900253,80.2513809204,38048,38159,111
13.0066900253,80.2513809204,38159,38169,10
13.0067796707,80.2508392334,38169,38179,10
13.0067501068,80.2503204346,38179,38189,10
13.0067396164,80.2497787476,38189,38199,10
13.0067195892,80.2494277954,38199,38209,10
13.0067195892,80.2493591309,38209,38220,11
13.0067100525,80.2491989136,38220,38230,10
13.0066900253,80.2489318848,38230,38351,121
13.0066900253,80.2489318848,38351,38361,10
13.0066795349,80.2487487793,38361,38371,10
13.006649971,80.2484970093,38371,38381,10
13.0066404343,80.248336792,38381,38391,10
13.0066404343,80.2481689453,38391,38401,10
13.0066003799,80.247428894,38401,38512,111
13.0066003799,80.247428894,38512,38522,10
13.0066003799,80.2473526001,38522,38532,10
13.0066299438,80.2470169067,38532,38542,10
13.0065202713,80.2465591431,38542,38553,11
13.0065498352,80.2464981079,38553,38563,10
13.0066204071,80.2462921143,38563,38573,10
13.0065698624,80.2459030151,38573,38583,10
13.0065698624,80.2457199097,38583,38593,10
13.0065898895,80.2455673218,38593,38603,10
13.0065898895,80.2454299927,38603,38613,10
13.0065803528,80.2450790405,38613,38623,10
13.0065803528,80.2447280884,38623,38633,10
13.0065698624,80.2444381714,38633,38643,10
13.0065898895,80.244178772,38643,38653,10
13.0065898895,80.2439193726,38653,38664,11
13.0065603256,80.2434463501,38664,38674,10
13.0065402985,80.2429428101,38674,38684,10
13.0065202713,80.242149353,38684,38825,141
13.0065202713,80.242149353,38825,38835,10
13.0065898895,80.2419815063,38835,38845,10
13.0065698624,80.2417373657,38845,38855,10
13.0065803528,80.2413787842,38855,38865,10
13.0066204071,80.2408370972,38865,38875,10
13.0066900253,80.2404403687,38875,38886,11
13.0066900253,80.2404174805,38886,38896,10
13.0067596436,80.2401199341,38896,38906,10
13.0068798065,80.2395935059,38906,38916,10
13.0070199966,80.238861084,38916,38926,10
13.0071697235,80.2380599976,38926,38936,10
13.0073099136,80.2373962402,38936,38946,10
13.007399559,80.2367782593,38946,38956,10
13.007399559,80.2367706299,38956,38966,10
13.007519722,80.2363891602,38966,38976,10
13.0076398849,80.2357635498,38976,38987,11
13.0078296661,80.2348098755,38987,38997,10
13.0080299377,80.2338485718,38997,39007,10
13.0082302094,80.2328186035,39007,39017,10
13.0084495544,80.2317123413,39017,39027,10
13.0086297989,80.23072052,39027,39037,10
13.0088195801,80.2297973633,39037,39047,10
13.0090198517,80.2288284302,39047,39057,10
13.0092496872,80.2279205322,39057,39067,10
13.0096702576,80.2269897461,39067,39077,10
13.0100898743,80.2260971069,39077,39087,10
13.0103797913,80.2255325317,39087,39098,11
13.0106897354,80.2249984741,39098,39108,10
13.0109300613,80.2244033813,39108,39118,10
13.011179924,80.2238082886,39118,39128,10
13.0113801956,80.2232971191,39128,39138,10
13.0116500854,80.2226028442,39138,39148,10
13.0119400024,80.2217407227,39148,39158,10
13.0123596191,80.2214736938,39158,39168,10
13.0128202438,80.2221221924,39168,39178,10
13.0134401321,80.2228088379,39178,39188,10
13.0141096115,80.2235870361,39188,39198,10
13.0147600174,80.2242889404,39198,39209,11
13.0150995255,80.2246398926,39209,39219,10
13.0153999329,80.224899292,39219,39229,10
13.0156097412,80.2250671387,39229,39239,10
13.0157003403,80.2251281738,39239,39249,10
13.0160799026,80.2253265381,39249,39259,10
13.0167598724,80.2251968384,39259,39269,10
13.0174398422,80.224937439,39269,39279,10
13.0182304382,80.2246322632,39279,39289,10
13.0190200806,80.224357605,39289,39299,10
13.0195798874,80.2244186401,39299,39310,11
13.019949913,80.2246704102,39310,39320,10
13.0205097198,80.2250366211,39320,39330,10
13.0209598541,80.2253570557,39330,39340,10
13.0213298798,80.2257232666,39340,39350,10
13.0218095779,80.2260437012,39350,39360,10
13.0218801498,80.2260818481,39360,39370,10
13.0221395493,80.226272583,39370,39380,10
13.0223798752,80.2264709473,39380,39390,10
13.0225801468,80.2266387939,39390,39400,10
13.0226802826,80.2267227173,39400,39491,91
13.0229501724,80.2269897461,39491,39511,20
13.0229501724,80.2269897461,39511,39522,11
13.0232601166,80.2273101807,39522,39532,10
13.0234603882,80.2274780273,39532,39542,10
13.0237598419,80.2276992798,39542,39552,10
13.0241203308,80.2281112671,39552,39562,10
13.0242900848,80.2283172607,39562,39572,10
13.0245304108,80.2286224365,39572,39582,10
13.024720192,80.2288894653,39582,39592,10
13.0248699188,80.2291107178,39592,39602,10
13.0251197815,80.2294311523,39602,39612,10
13.0255098343,80.2299575806,39612,39622,10
13.0257301331,80.2303009033,39622,39632,10
13.025850296,80.2304992676,39632,39643,11
13.0259504318,80.2307510376,39643,39653,10
13.0260400772,80.2311172485,39653,39663,10
13.0263004303,80.2312774658,39663,39673,10
13.0269899368,80.2311019897,39673,39683,10
13.0277996063,80.2309265137,39683,39693,10
13.0282201767,80.2308807373,39693,39703,10
13.0284500122,80.2308731079,39703,39713,10
13.0289201736,80.2308273315,39713,39723,10
13.0294504166,80.2307891846,39723,39733,10
13.0299501419,80.2307434082,39733,39744,11
13.0304098129,80.2306976318,39744,39754,10
13.030960083,80.2306594849,39754,39764,10
13.0315999985,80.2306213379,39764,39774,10
13.0320901871,80.2305908203,39774,39784,10
13.0325202942,80.2305603027,39784,39804,20
13.0325202942,80.2305603027,39804,39814,10
13.0327997208,80.2305297852,39814,39844,30
13.0327997208,80.2305297852,39844,39855,11
13.0331497192,80.2305221558,39855,39865,10
13.0336198807,80.2304763794,39865,39875,10
13.034040451,80.2304534912,39875,39885,10
13.0342998505,80.2304229736,39885,39895,10
13.0345201492,80.2304000854,39895,39905,10
13.0348796844,80.230178833,39905,39915,10
13.034620285,80.2300491333,39915,39945,30
13.0344896317,80.2300567627,39945,40208,263
13.0341501236,80.230178833,40208,40258,50
13.0340995789,80.2303390503,40258,40278,20
13.0340995789,80.2303390503,40278,40289,11
13.0337896347,80.2304382324,40289,40299,10
13.0335302353,80.2304916382,40299,40309,10
13.0334300995,80.2304992676,40309,40319,10
13.032959938,80.2305374146,40319,40329,10
13.0322303772,80.2306365967,40329,40339,10
13.0319700241,80.2306594849,40339,40349,10
13.0316295624,80.2306671143,40349,40430,81
13.0316295624,80.2306671143,40430,40440,10
13.0312995911,80.2306671143,40440,40450,10
13.0310096741,80.2307128906,40450,40460,10
13.0306997299,80.230758667,40460,40470,10
13.0305404663,80.2307662964,40470,40480,10
13.0302600861,80.2307891846,40480,40511,31
13.0302600861,80.2307891846,40511,40521,10
13.030090332,80.2308197021,40521,40531,10
13.0298204422,80.2308578491,40531,40551,20
13.0298204422,80.2308578491,40551,40561,10
13.0293903351,80.2308883667,40561,40571,10
13.0290803909,80.2309112549,40571,40581,10
13.028550148,80.2309799194,40581,40591,10
13.0278701782,80.2310409546,40591,40601,10
13.0276899338,80.2313995361,40601,40611,10
13.0277395248,80.2320632935,40611,40622,11
13.0278396606,80.2327880859,40622,40803,181
13.0278396606,80.2327880859,40803,40813,10
13.0274400711,80.2328262329,40813,40823,10
13.0272397995,80.2329025269,40823,40834,11
13.0270700455,80.2329483032,40834,40844,10
13.0268497467,80.2329711914,40844,40854,10
13.026599884,80.2330169678,40854,40864,10
13.0262699127,80.2326889038,40864,40874,10
13.0260400772,80.231842041,40874,40884,10
13.0257797241,80.2308807373,40884,40894,10
13.0251998901,80.2298736572,40894,40904,10
13.0247802734,80.2293395996,40904,40914,10
13.024769783,80.2293395996,40914,40924,10
13.0247402191,80.229309082,40924,40934,10
13.0245199203,80.2290115356,40934,40945,11
13.0239601135,80.2283172607,40945,40965,20
13.0239601135,80.2283172607,40965,40975,10
13.0238399506,80.2281799316,40975,40985,10
13.0234098434,80.227722168,40985,40995,10
13.0227499008,80.2270965576,40995,41005,10
13.0223398209,80.2266693115,41005,41015,10
13.0218296051,80.2262573242,41015,41025,10
13.0216598511,80.2261199951,41025,41035,10
13.0213899612,80.2259063721,41035,41046,11
13.0210199356,80.2255706787,41046,41056,10
13.0204896927,80.2251968384,41056,41066,10
13.0201101303,80.224937439,41066,41076,10
13.0195798874,80.2246170044,41076,41086,10
13.0187597275,80.2245101929,41086,41096,10
13.0178403854,80.2248764038,41096,41106,10
13.0169696808,80.2252502441,41106,41116,10
13.0164499283,80.2254562378,41116,41126,10
13.0159196854,80.2256393433,41126,41136,10
13.0151596069,80.2259292603,41136,41146,10
13.0143995285,80.2262191772,41146,41187,41
13.0143995285,80.2262191772,41187,41197,10
13.0141601563,80.2263412476,41197,41207,10
13.0136899948,80.2265396118,41207,41217,10
13.0130996704,80.2267608643,41217,41227,10
13.0122804642,80.2270812988,41227,41237,10
13.0113601685,80.2274475098,41237,41247,10
13.0106897354,80.2277374268,41247,41257,10
13.0106296539,80.2277526855,41257,41268,11
13.0103597641,80.2278594971,41268,41278,10
13.0098896027,80.2280426025,41278,41288,10
13.0093402863,80.2283325195,41288,41298,10
13.0091104507,80.2289581299,41298,41308,10
13.0089597702,80.2296676636,41308,41318,10
13.0087995529,80.2304382324,41318,41328,10
13.008649826,80.2313537598,41328,41338,10
13.0084104538,80.2325134277,41338,41348,10
13.0082397461,80.2336120605,41348,41379,31
13.0082397461,80.2336120605,41379,41389,10
13.0081195831,80.2338790894,41389,41399,10
13.0080299377,80.2344284058,41399,41409,10
13.0079402924,80.2349014282,41409,41419,10
13.0079202652,80.2349319458,41419,41429,10
13.0078601837,80.2352294922,41429,41439,10
13.0077695847,80.2358016968,41439,41449,10
13.0076704025,80.2362670898,41449,41459,10
13.0075502396,80.236831665,41459,41469,10
13.0074396133,80.2373275757,41469,41479,10
13.007399559,80.2375030518,41479,41490,11
13.007349968,80.237739563,41490,41500,10
13.0072898865,80.2381515503,41500,41510,10
13.0072002411,80.2388534546,41510,41520,10
13.007060051,80.2395401001,41520,41570,50
13.007060051,80.2395401001,41570,41580,10
13.0069599152,80.2400131226,41580,41590,10
13.0068502426,80.2405700684,41590,41601,11
13.0068397522,80.2407073975,41601,41611,10
13.0068101883,80.2409667969,41611,41621,10
13.0067596436,80.2415771484,41621,41631,10
13.0067396164,80.2424468994,41631,41641,10
13.0066995621,80.2430877686,41641,41651,10
13.0066795349,80.2434005737,41651,41661,10
13.0066604614,80.2438583374,41661,41671,10
13.0066699982,80.2444381714,41671,41681,10
13.0066795349,80.2446517944,41681,41691,10
13.0066995621,80.245010376,41691,41702,11
13.0066995621,80.2450332642,41702,41712,10
13.0066995621,80.2453308105,41712,41722,10
13.0067195892,80.2454833984,41722,41732,10
13.0067195892,80.2457199097,41732,41742,10
13.0067396164,80.2462081909,41742,41752,10
13.0067300797,80.2471313477,41752,41762,10
13.0067300797,80.2481002808,41762,41772,10
13.0068302155,80.2494125366,41772,41792,20
13.0068302155,80.2494125366,41792,41802,10
13.0068302155,80.2495727539,41802,41813,11
13.0068397522,80.2495880127,41813,41823,10
13.0068702698,80.2499237061,41823,41833,10
13.0068397522,80.2505569458,41833,41843,10
13.0067996979,80.2513275146,41843,41853,10
13.0066003799,80.252281189,41853,41863,10
13.006529808,80.253288269,41863,41873,10
13.0065402985,80.2543029785,41873,41883,10
13.0065698624,80.2550582886,41883,41893,10
13.0066099167,80.2553863525,41893,41903,10
13.0066099167,80.2554016113,41903,41913,10
13.0066099167,80.2556381226,41913,41924,11
13.0065898895,80.2562866211,41924,41934,10
13.0066404343,80.2568588257,41934,41954,20
13.0066404343,80.2568588257,41954,41964,10
13.0066604614,80.2572784424,41964,41974,10
13.0068798065,80.2579193115,41974,41984,10
13.0076704025,80.2585830688,41984,42004,20
13.0076704025,80.2585830688,42004,42014,10
13.008020401,80.2587509155,42014,42025,11
13.0086402893,80.2589797974,42025,42035,10
13.00922966,80.2590408325,42035,42045,10
13.0101003647,80.2590637207,42045,42055,10
13.0111503601,80.2590637207,42055,42065,10
13.0123500824,80.2590789795,42065,42075,10
13.0136899948,80.2591400146,42075,42085,10
13.015080452,80.2592010498,42085,42095,10
13.0160198212,80.2594299316,42095,42105,10
13.0164003372,80.2596588135,42105,42115,10
13.0164003372,80.2596893311,42115,42125,10
13.0165996552,80.2598571777,42125,42136,11
13.0168399811,80.2600402832,42136,42146,10
13.0174102783,80.2603988647,42146,42156,10
13.017950058,80.2607727051,42156,42166,10
13.0183296204,80.2610015869,42166,42176,10
13.0188999176,80.261428833,42176,42186,10
13.0194797516,80.2619018555,42186,42196,10
13.0199804306,80.2624206543,42196,42206,10
13.02023983,80.2626113892,42206,42216,10
13.0202999115,80.2626266479,42216,42226,10
13.0207195282,80.262802124,42226,42237,11
13.0214700699,80.2630386353,42237,42247,10
13.0219402313,80.2632293701,42247,42257,10
13.0222101212,80.263381958,42257,42267,10
13.0222997665,80.2634124756,42267,42277,10
13.0225400925,80.2635498047,42277,42287,10
13.0228595734,80.2637405396,42287,42296,9
13.0229902267,80.2638168335,42296,42307,11
13.0234203339,80.2640075684,42307,42317,10
13.024020195,80.2643585205,42317,42327,10
13.0245399475,80.2647323608,42327,42337,10
13.0249099731,80.2649993896,42337,42347,10
13.0251197815,80.2651367188,42347,42358,11
13.0255403519,80.2654418945,42358,42368,10
13.0260400772,80.2657165527,42368,42378,10
13.0260801315,80.2657470703,42378,42388,10
13.0263204575,80.2656784058,42388,42398,10
13.0263595581,80.2650680542,42398,42408,10
13.0264196396,80.2645111084,42408,42418,10
13.0264997482,80.2640380859,42418,42428,10
13.0265102386,80.2639083862,42428,42438,10
13.0265598297,80.2635421753,42438,42448,10
13.0269098282,80.2634429932,42448,42458,10
13.0275497437,80.2634963989,42458,42469,11
13.0282201767,80.2637023926,42469,42479,10
13.0283298492,80.2637405396,42479,42489,10
13.0285701752,80.2638168335,42489,42499,10
13.0289497375,80.2639007568,42499,42509,10
13.0291700363,80.2639694214,42509,42519,10
13.0292701721,80.2641830444,42519,42529,10
13.0292797089,80.2643585205,42529,42539,10
13.0292701721,80.2646789551,42539,42549,10
13.0291500092,80.265083313,42549,42559,10
13.0291204453,80.2654266357,42559,42569,10
13.0291595459,80.2660064697,42569,42590,21
13.0290803909,80.2662963867,42590,42620,30
13.0290803909,80.2662963867,42620,42630,10
13.0294504166,80.2666015625,42630,42640,10
13.0297002792,80.2666015625,42640,42650,10
13.0301599503,80.2666168213,42650,42660,10
13.030380249,80.2666778564,42660,42671,11
13.0309000015,80.2667617798,42671,42680,9
13.0312795639,80.2668685913,42680,42691,11
13.0316896439,80.2669906616,42691,42701,10
13.0321702957,80.2671813965,42701,42711,10
13.032699585,80.2675170898,42711,42721,10
13.0335798264,80.267791748,42721,42741,20
13.0335798264,80.267791748,42741,42751,10
13.0338001251,80.2678909302,42751,42761,10
13.034529686,80.2679977417,42761,42802,41
13.034529686,80.2679977417,42802,42812,10
13.0344104767,80.2680969238,42812,42822,10
13.0343599319,80.2680587769,42822,42832,10
13.0341396332,80.2680130005,42832,42842,10
13.0338201523,80.2679595947,42842,42852,10
13.0333404541,80.2678909302,42852,43276,424
13.0333404541,80.2678909302,43276,43286,10
13.0330896378,80.2677764893,43286,43296,10
13.0328798294,80.2677307129,43296,43306,10
13.0326404572,80.2676391602,43306,43326,20
13.0326404572,80.2676391602,43326,43337,11
13.0324602127,80.2674865723,43337,43347,10
13.031999588,80.2673034668,43347,43357,10
13.0314998627,80.2670516968,43357,43367,10
13.0311403275,80.2669219971,43367,43377,10
13.0308599472,80.2668380737,43377,43387,10
13.0304002762,80.2667999268,43387,43397,10
13.0299501419,80.2667617798,43397,43406,9
13.029800415,80.2667236328,43406,43417,11
13.0296201706,80.2666625977,43417,43427,10
13.0292396545,80.2664871216,43427,43438,11
13.028840065,80.2663497925,43438,43448,10
13.0283002853,80.2662582397,43448,43458,10
13.0275402069,80.2661514282,43458,43468,10
13.0268697739,80.2660369873,43468,43478,10
13.0265302658,80.2660217285,43478,43488,10
13.0263996124,80.2660217285,43488,43498,10
13.0260000229,80.265838623,43498,43508,10
13.0254001617,80.2654418945,43508,43518,10
13.0252304077,80.2653579712,43518,43528,10
13.0251302719,80.2652816772,43528,43538,10
13.0248603821,80.2649993896,43538,43548,10
13.0244398117,80.2646789551,43548,43559,11
13.0237798691,80.2642364502,43559,43569,10
13.0230102539,80.2638168335,43569,43579,10
13.0223503113,80.2635269165,43579,43589,10
13.0221996307,80.2634811401,43589,43599,10
13.0220403671,80.2634277344,43599,43609,10
13.0217895508,80.2632369995,43609,43619,10
13.0210800171,80.2630462646,43619,43629,10
13.0202302933,80.2630233765,43629,43639,10
13.0195398331,80.2629394531,43639,43650,11
13.0189800262,80.2628173828,43650,43659,9
13.0188798904,80.2621994019,43659,43670,11
13.0187797546,80.261932373,43670,43680,10
13.0186700821,80.2614822388,43680,43690,10
13.0181598663,80.2610626221,43690,43700,10
13.0175199509,80.2606201172,43700,43710,10
13.0168800354,80.2601699829,43710,43720,10
13.016169548,80.2597579956,43720,43740,20
13.016169548,80.2597579956,43740,43750,10
13.0157899857,80.2595977783,43750,43760,10
13.0151195526,80.2593994141,43760,43771,11
13.0142498016,80.2593231201,43771,43781,10
13.0133104324,80.2593002319,43781,43791,10
13.0122804642,80.259262085,43791,43801,10
13.0113601685,80.2592163086,43801,43811,10
13.0105600357,80.2592391968,43811,43821,10
13.0099096298,80.2592697144,43821,43831,10
13.0097904205,80.2592468262,43831,43841,10
13.0095396042,80.2592163086,43841,43851,10
13.0090999603,80.2592086792,43851,43861,10
13.0087499619,80.2592086792,43861,43871,10
13.0082302094,80.2591705322,43871,43882,11
13.0075502396,80.2592926025,43882,43892,10
13.0072603226,80.2588806152,43892,43902,10
13.0071601868,80.2587203979,43902,43912,10
13.007060051,80.2585830688,43912,43922,10
13.0068101883,80.2581329346,43922,43932,10
13.0065698624,80.2578277588,43932,43942,10
13.0065498352,80.2577972412,43942,43952,10
13.0064601898,80.2576293945,43952,43962,10
13.006360054,80.257522583,43962,43972,10
13.0063800812,80.2571411133,43972,43982,10
13.0063800812,80.2567901611,43982,43993,11
13.0064201355,80.2560195923,43993,44003,10
13.0064601898,80.2554092407,44003,44013,10
13.0065097809,80.2550125122,44013,44023,10
13.0065202713,80.2542419434,44023,44033,10
13.0065603256,80.2533798218,44033,44043,10
13.0065498352,80.2532806396,44043,44053,10
13.0065498352,80.2531814575,44053,44063,10
13.0065803528,80.2529678345,44063,44083,20
13.0065803528,80.2529678345,44083,44093,10
13.0065803528,80.2526626587,44093,44104,11
13.0066003799,80.2522125244,44104,44114,10
13.0066699982,80.2516021729,44114,44124,10
13.0067195892,80.2510910034,44124,44134,10
13.0067596436,80.2499389648,44134,44225,91
13.0067596436,80.2499389648,44225,44235,10
13.006819725,80.2496109009,44235,44245,10
13.006819725,80.2490997314,44245,44255,10
13.0067195892,80.2485275269,44255,44265,10
13.0066699982,80.2480926514,44265,44275,10
13.0066404343,80.2478637695,44275,44285,10
13.0066003799,80.2476501465,44285,44356,71
13.0066003799,80.2476501465,44356,44366,10
13.0066404343,80.2474365234,44366,44376,10
13.0066699982,80.2470703125,44376,44386,10
13.0065898895,80.2465209961,44386,44396,10
13.0066299438,80.246421814,44396,44406,10
13.0066099167,80.2461395264,44406,44416,10
13.0066099167,80.2454223633,44416,44427,11
13.0066099167,80.2446136475,44427,44437,10
13.0065603256,80.2442016602,44437,44447,10
13.0065402985,80.2437286377,44447,44457,10
13.0065498352,80.2429199219,44457,44467,10
13.0065402985,80.2421188354,44467,44477,10
13.0065402985,80.2416687012,44477,44487,10
13.0065603256,80.2414932251,44487,44497,10
13.0066003799,80.2408599854,44497,44507,10
13.0066995621,80.2403182983,44507,44517,10
13.0067901611,80.2397384644,44517,44527,10
13.0069904327,80.2390136719,44527,44538,11
13.0071697235,80.2380905151,44538,44548,10
13.0073299408,80.2372894287,44548,44558,10
13.0074100494,80.2367706299,44558,44568,10
13.0074195862,80.2367401123,44568,44578,10
13.0074796677,80.236579895,44578,44588,10
13.0075798035,80.236038208,44588,44598,10
13.0077495575,80.2351989746,44598,44608,10
13.0079698563,80.234161377,44608,44618,10
13.0082197189,80.2328262329,44618,44628,10
13.0085096359,80.2314376831,44628,44638,10
13.008769989,80.2301025391,44638,44649,11
13.0090398788,80.2288131714,44649,44659,10
13.0093402863,80.2277984619,44659,44669,10
13.0097198486,80.2269210815,44669,44679,10
13.0101995468,80.2258987427,44679,44689,10
13.0106096268,80.2250366211,44689,44699,10
13.0109195709,80.2243118286,44699,44709,10
13.0112104416,80.2236175537,44709,44719,10
13.0114898682,80.2228164673,44719,44729,10
13.0118598938,80.2219390869,44729,44739,10
13.0121803284,80.2214584351,44739,44750,11
13.0124998093,80.2217636108,44750,44760,10
13.0128898621,80.2223815918,44760,44770,10
13.013420105,80.2228622437,44770,44780,10
13.0138196945,80.2232284546,44780,44790,10
13.0141000748,80.2234420776,44790,44800,10
13.014289856,80.2236480713,44800,44810,10
13.0145902634,80.2240600586,44810,44820,10
13.0154695511,80.2249221802,44820,44840,20
13.0154695511,80.2249221802,44840,44850,10
13.0157699585,80.2251815796,44850,44861,11
13.0164003372,80.2253417969,44861,44871,10
13.01720047,80.2250595093,44871,44881,10
13.0180997849,80.2246780396,44881,44891,10
13.0188703537,80.2243804932,44891,44901,10
13.0197696686,80.2245407104,44901,44931,30
13.0197696686,80.2245407104,44931,44941,10
13.0200300217,80.2247695923,44941,44951,10
13.0205402374,80.225151062,44951,44962,11
13.0212001801,80.2256469727,44962,44972,10
13.0216798782,80.2259979248,44972,44982,10
13.0219802856,80.2262191772,44982,44992,10
13.0220603943,80.2263031006,44992,45002,10
13.0223703384,80.2266235352,45002,45012,10
13.0229196548,80.2270965576,45012,45022,10
13.0235996246,80.2277297974,45022,45032,10
13.0242099762,80.2283477783,45032,45042,10
13.0245304108,80.2288131714,45042,45052,10
13.0248003006,80.2291717529,45052,45062,10
13.0251703262,80.2296218872,45062,45073,11
13.0257396698,80.2304763794,45073,45133,60
13.0257396698,80.2304763794,45133,45143,10
13.0258903503,80.2308425903,45143,45153,10
13.0259599686,80.2311782837,45153,45163,10
13.026260376,80.2313079834,45163,45173,10
13.0276203156,80.2310180664,45173,45194,21
13.0276203156,80.2310180664,45194,45204,10
13.0280399323,80.23097229,45204,45234,30
13.0280399323,80.23097229,45234,45244,10
13.0283699036,80.2309417725,45244,45254,10
13.0286397934,80.2309036255,45254,45264,10
13.0292596817,80.2308578491,45264,45325,61
13.0292596817,80.2308578491,45325,45335,10
13.0296401978,80.2308120728,45335,45345,10
13.0301504135,80.2307662964,45345,45355,10
13.0307302475,80.23072052,45355,45365,10
13.0311899185,80.230682373,45365,45375,10
13.0319004059,80.2306213379,45375,45385,10
13.0325403214,80.2305679321,45385,45395,10
13.0332803726,80.2305297852,45395,45406,11
13.0338897705,80.2304763794,45406,45416,10
13.0342302322,80.2304534912,45416,45426,10
13.0347700119,80.2303009033,45426,45466,40
13.0347700119,80.2303009033,45466,45476,10
13.0350399017,80.2300796509,45476,45486,10
13.0350399017,80.2298736572,45486,45496,10
13.034330368,80.2297821045,45496,45577,81
13.034330368,80.2297821045,45577,45587,10
13.0342197418,80.2300796509,45587,45597,10
13.0341796875,80.2303009033,45597,45608,11
13.0341596603,80.2304000854,45608,45618,10
13.0339899063,80.23046875,45618,45628,10
13.0335903168,80.2304611206,45628,45638,10
13.0330295563,80.230506897,45638,45648,10
13.0325498581,80.2305603027,45648,45658,10
13.0320596695,80.2306289673,45658,45668,10
13.0315103531,80.2307128906,45668,45678,10
13.0310096741,80.2307434082,45678,45688,10
13.0306797028,80.2307510376,45688,45698,10
13.0299701691,80.2308273315,45698,45718,20
13.0299701691,80.2308273315,45718,45729,11
13.0297803879,80.2308578491,45729,45739,10
13.0294504166,80.2308578491,45739,45749,10
13.0290002823,80.2308273315,45749,45759,10
13.0282697678,80.2308578491,45759,45769,10
13.0277395248,80.2309570313,45769,45779,10
13.0276403427,80.2314224243,45779,45789,10
13.0276603699,80.2320098877,45789,45799,10
13.0277996063,80.2325973511,45799,45809,10
13.0271997452,80.2329025269,45809,45830,21
13.0271997452,80.2329025269,45830,45840,10
13.0270795822,80.2329711914,45840,45850,10
13.02684021,80.2329864502,45850,45860,10
13.0264701843,80.233001709,45860,45870,10
13.0262403488,80.2324829102,45870,45880,10
13.0261802673,80.2322387695,45880,45910,30
13.0261802673,80.2322387695,45910,45920,10
13.026140213,80.2318191528,45920,45930,10
13.0260801315,80.2314834595,45930,45940,10
13.0258197784,80.2306900024,45940,45951,11
13.0251398087,80.2296905518,45951,45961,10
13.0248203278,80.2293167114,45961,45971,10
13.0245504379,80.2289810181,45971,45981,10
13.0241699219,80.2285003662,45981,45991,10
13.0240297318,80.2283630371,45991,46001,10
13.0238800049,80.2281570435,46001,46011,10
13.023440361,80.2276916504,46011,46021,10
13.0228004456,80.2270889282,46021,46031,10
13.022310257,80.2266235352,46031,46041,10
13.0218000412,80.2261886597,46041,46052,11
13.0211000443,80.2256393433,46052,46062,10
13.0204000473,80.2251815796,46062,46072,10
13.0199098587,80.2248764038,46072,46092,20
13.0199098587,80.2248764038,46092,46102,10
13.0195398331,80.2246932983,46102,46112,10
13.0187997818,80.2245635986,46112,46122,10
13.0177497864,80.2249221802,46122,46132,10
13.0166501999,80.2253570557,46132,46142,10
13.0158996582,80.2256469727,46142,46152,10
13.0153799057,80.2258529663,46152,46163,11
13.0146903992,80.2261505127,46163,46173,10
13.0142602921,80.2263031006,46173,46183,10
13.0142402649,80.22631073,46183,46193,10
13.0142002106,80.2263336182,46193,46203,10
13.0137701035,80.2265090942,46203,46213,10
13.0130596161,80.2267684937,46213,46223,10
13.012339592,80.2270584106,46223,46233,10
13.0115499496,80.2273712158,46233,46243,10
13.0106897354,80.2276992798,46243,46253,10
13.0098400116,80.2280502319,46253,46264,11
13.0090999603,80.2286911011,46264,46274,10
13.0088996887,80.2296905518,46274,46284,10
13.0086803436,80.2308578491,46284,46294,10
13.008480072,80.2320175171,46294,46304,10
13.0082798004,80.2329025269,46304,46314,10
13.0081996918,80.2335510254,46314,46324,10
13.0081996918,80.2335586548,46324,46334,10
13.0081100464,80.2337417603,46334,46344,10
13.008020401,80.2341995239,46344,46354,10
13.007900238,80.2347488403,46354,46364,10
13.007900238,80.2349014282,46364,46375,11
13.0077896118,80.2353897095,46375,46385,10
13.0076599121,80.2361373901,46385,46395,10
13.0074796677,80.2371063232,46395,46405,10
13.0073204041,80.2378616333,46405,46415,10
13.0072002411,80.23853302,46415,46455,40
13.0072002411,80.23853302,46455,46465,10
13.0071802139,80.2387695313,46465,46475,10
13.0070695877,80.2391815186,46475,46486,11
13.0070199966,80.2395019531,46486,46516,30
13.0070199966,80.2395019531,46516,46526,10
13.0069599152,80.2397689819,46526,46536,10
13.0069303513,80.2398376465,46536,46546,10
13.0068597794,80.240272522,46546,46556,10
13.006819725,80.240562439,46556,46566,10
13.0067996979,80.2406692505,46566,46576,10
13.0067901611,80.2407836914,46576,46586,10
13.0066995621,80.2411727905,46586,46597,11
13.0066795349,80.2420730591,46597,46607,10
13.0066795349,80.2426605225,46607,46617,10
13.0066699982,80.2428512573,46617,46627,10
13.0066204071,80.2431182861,46627,46637,10
13.0066204071,80.243347168,46637,46647,10
13.0066003799,80.2436294556,46647,46657,10
13.0065498352,80.2440719604,46657,46667,10
13.0065498352,80.2445602417,46667,46677,10
13.0066204071,80.245010376,46677,46697,20
13.0066299438,80.2451934814,46697,46718,21
13.0066604614,80.2454681396,46718,46738,20
13.0066604614,80.2454681396,46738,46748,10
13.0066604614,80.2456207275,46748,46758,10
13.006649971,80.2459030151,46758,46768,10
13.0066699982,80.2464370728,46768,46778,10
13.0066900253,80.2470779419,46778,46788,10
13.0066795349,80.2479629517,46788,46798,10
13.0068597794,80.249458313,46798,46819,21
13.0068597794,80.249458313,46819,46829,10
13.0068397522,80.2498931885,46829,46839,10
13.0068101883,80.2509307861,46839,46869,30
13.0068101883,80.2509307861,46869,46879,10
13.0067901611,80.2512817383,46879,46889,10
13.006649971,80.251953125,46889,46899,10
13.0065603256,80.2528762817,46899,46909,10
13.0065803528,80.2538909912,46909,46919,10
13.0066099167,80.2546463013,46919,46930,11
13.0066099167,80.2555618286,46930,46940,10
13.0066099167,80.2563323975,46940,46950,10
13.0066299438,80.257019043,46950,47010,60
13.0066299438,80.257019043,47010,47020,10
13.0066900253,80.2574920654,47020,47030,10
13.0068798065,80.2579498291,47030,47041,11
13.0072202682,80.2584381104,47041,47051,10
13.0077104568,80.258682251,47051,47061,10
13.0077600479,80.2587203979,47061,47071,10
13.0082101822,80.2588882446,47071,47081,10
13.0089101791,80.2590408325,47081,47091,10
13.0097799301,80.2590637207,47091,47101,10
13.0107498169,80.2590789795,47101,47111,10
13.0118904114,80.2590866089,47111,47121,10
13.0131597519,80.2591400146,47121,47132,11
13.0146598816,80.2591781616,47132,47142,10
13.0158500671,80.2593688965,47142,47152,10
13.0164804459,80.259727478,47152,47172,20
13.0164804459,80.259727478,47172,47182,10
13.01679039,80.259979248,47182,47192,10
13.0174303055,80.2604217529,47192,47202,10
13.0181999207,80.2609481812,47202,47212,10
13.0187597275,80.2613601685,47212,47222,10
13.0189399719,80.2615432739,47222,47232,10
13.019370079,80.2619018555,47232,47243,11
13.0199804306,80.2624664307,47243,47253,10
13.0200996399,80.2625732422,47253,47263,10
13.0201702118,80.2626419067,47263,47273,10
13.0206003189,80.2628173828,47273,47283,10
13.0212802887,80.2630310059,47283,47293,10
13.0217695236,80.2632217407,47293,47303,10
13.0221004486,80.263381958,47303,47313,10
13.0224504471,80.2635574341,47313,47323,10
13.0229301453,80.2637863159,47323,47333,10
13.0229797363,80.2638320923,47333,47343,10
13.0232095718,80.2639923096,47343,47353,10
13.0237598419,80.2642974854,47353,47364,11
13.024430275,80.2647323608,47364,47374,10
13.0247297287,80.2649612427,47374,47384,10
13.0248699188,80.2650680542,47384,47394,10
13.0250196457,80.2651901245,47394,47404,10
13.0253696442,80.2653884888,47404,47414,10
13.0258398056,80.2657012939,47414,47424,10
13.0261497498,80.2658615112,47424,47434,10
13.0262899399,80.2657089233,47434,47444,10
13.0263004303,80.2652893066,47444,47454,10
13.0263900757,80.2646102905,47454,47465,11
13.0264701843,80.2638778687,47465,47475,10
13.0264797211,80.2638473511,47475,47485,10
13.026550293,80.263458252,47485,47495,10
13.0268497467,80.2633666992,47495,47505,10
13.0273799896,80.2634811401,47505,47515,10
13.0279197693,80.2636413574,47515,47525,10
13.0285902023,80.2638092041,47525,47535,10
13.0290699005,80.2639770508,47535,47545,10
13.0291996002,80.2641677856,47545,47555,10
13.0291500092,80.2644729614,47555,47565,10
13.0291700363,80.265083313,47565,47575,10
13.0291795731,80.265953064,47575,47625,50
13.0291795731,80.265953064,47625,47636,11
13.0291795731,80.2663497925,47636,47707,71
13.0294704437,80.2665405273,47707,47777,70
13.0294704437,80.2665405273,47777,47787,10
13.0299501419,80.2666320801,47787,47798,11
13.0301904678,80.2666397095,47798,47838,40
13.0301904678,80.2666397095,47838,47848,10
13.0306301117,80.2667617798,47848,47899,51
13.0310096741,80.2667770386,47899,47919,20
13.0310096741,80.2667770386,47919,47929,10
13.0314397812,80.2669525146,47929,47939,10
13.0319595337,80.2671737671,47939,47959,20
13.0319595337,80.2671737671,47959,47969,10
13.0321102142,80.2672271729,47969,47979,10
13.0324602127,80.2674179077,47979,47999,20
13.0324602127,80.2674179077,47999,48010,11
13.0328798294,80.2676773071,48010,48090,80
13.0328798294,80.2676773071,48090,48100,10
13.0332603455,80.2678222656,48100,48131,31
13.0332603455,80.2678222656,48131,48141,10
13.033659935,80.267868042,48141,48151,10
13.0338802338,80.2679214478,48151,48161,10
13.034040451,80.2679519653,48161,48171,10
13.0342102051,80.2679824829,48171,48181,10
13.0345201492,80.2680282593,48181,48201,20
13.0345201492,80.2680282593,48201,48211,10
13.0344600677,80.2681427002,48211,48242,31
13.0344600677,80.2681427002,48242,48252,10
13.0343198776,80.2680282593,48252,48262,10
13.0341901779,80.2679977417,48262,48272,10
13.0340003967,80.2679672241,48272,48282,10
13.0338602066,80.2679519653,48282,48302,20
13.0336503983,80.267906189,48302,48322,20
13.0333995819,80.2678604126,48322,48383,61
13.0333995819,80.2678604126,48383,48393,10
13.0330295563,80.2678070068,48393,48403,10
13.0328197479,80.2677307129,48403,48423,20
13.0326299667,80.2676391602,48423,48443,20
13.0326299667,80.2676391602,48443,48454,11
13.0324001312,80.2674407959,48454,48464,10
13.0320396423,80.2672805786,48464,48484,20
13.0316400528,80.2671127319,48484,48544,60
13.0313100815,80.2669372559,48544,48585,41
13.0313100815,80.2669372559,48585,48595,10
13.0308504105,80.2668228149,48595,48605,10
13.0305595398,80.2667770386,48605,48635,30
13.0305595398,80.2667770386,48635,48645,10
13.0301303864,80.2666931152,48645,48656,11
13.0298595428,80.2666397095,48656,48666,10
13.0296297073,80.2666091919,48666,48676,10
13.0293703079,80.2665634155,48676,48686,10
13.0291204453,80.266418457,48686,48696,10
13.0286903381,80.2663421631,48696,48706,10
13.028169632,80.2662277222,48706,48716,10
13.0277204514,80.2661819458,48716,48726,10
13.0271701813,80.2661209106,48726,48736,10
13.0268602371,80.2660217285,48736,48746,10
13.0267400742,80.2658004761,48746,48756,10
13.026599884,80.2656402588,48756,49160,404
13.0265102386,80.2656173706,49160,49402,242
13.0267295837,80.2654495239,49402,49806,404
13.0265798569,80.2654800415,49806,49877,71
13.0268201828,80.2655029297,49877,49897,20
13.0269002914,80.2656021118,49897,49927,30
13.0269002914,80.2656021118,49927,49937,10
13.0267295837,80.2656021118,49937,49947,10
13.0265598297,80.2655181885,49947,49978,31
13.0266799927,80.2656021118,49978,50068,90
13.026550293,80.2655181885,50068,51148,1080
13.026550293,80.2655181885,51148,51158,10
13.0264902115,80.2653884888,51158,51179,21
13.0264902115,80.2653884888,51179,51189,10
13.0263395309,80.2652511597,51189,51199,10
13.0263395309,80.2649230957,51199,51209,10
13.0263900757,80.2644577026,51209,51219,10
13.0264797211,80.2640762329,51219,51229,10
13.0265302658,80.2636489868,51229,51239,10
13.0266895294,80.2633666992,51239,51249,10
13.0271997452,80.2635192871,51249,51259,10
13.0277900696,80.2636566162,51259,51269,10
13.0286197662,80.2638473511,51269,51280,11
13.0292396545,80.2640075684,51280,51290,10
13.0293102264,80.2642593384,51290,51300,10
13.029299736,80.2647018433,51300,51310,10
13.029299736,80.265296936,51310,51320,10
13.029299736,80.2656021118,51320,51330,10
13.0292396545,80.2661590576,51330,51340,10
13.0290403366,80.2663497925,51340,51350,10
13.0285196304,80.2662963867,51350,51360,10
13.0279798508,80.2662200928,51360,51370,10
13.0273399353,80.2661590576,51370,51380,10
13.0268001556,80.2660980225,51380,51391,11
13.0265903473,80.2660598755,51391,51401,10
13.0265102386,80.2660522461,51401,51411,10
13.0262002945,80.2659683228,51411,51421,10
13.0258998871,80.2657928467,51421,51431,10
13.0253801346,80.2654418945,51431,51451,20
13.0253801346,80.2654418945,51451,51461,10
13.0250701904,80.2652130127,51461,51471,10
13.0246601105,80.2648620605,51471,51481,10
13.0241498947,80.2644805908,51481,51492,11
13.0235204697,80.2641677856,51492,51502,10
13.0229597092,80.2638397217,51502,51512,10
13.0225601196,80.2636184692,51512,51522,10
13.0223302841,80.2635192871,51522,51532,10
13.0222997665,80.2634963989,51532,51542,10
13.02202034,80.2633590698,51542,51552,10
13.0217199326,80.2632217407,51552,51562,10
13.0210199356,80.2630386353,51562,51572,10
13.0203199387,80.2630081177,51572,51582,10
13.0198898315,80.2630004883,51582,51592,10
13.0193195343,80.2629394531,51592,51603,11
13.0189599991,80.2628173828,51603,51613,10
13.0188398361,80.2621765137,51613,51623,10
13.0187301636,80.2614974976,51623,51633,10
13.0184202194,80.2611312866,51633,51643,10
13.0179004669,80.2608032227,51643,51653,10
13.0172700882,80.2603912354,51653,51663,10
13.0168504715,80.2601165771,51663,51673,10
13.0160799026,80.2596893311,51673,51693,20
13.0160799026,80.2596893311,51693,51703,10
13.0159196854,80.2596130371,51703,51713,10
13.0154399872,80.2594528198,51713,51724,11
13.0146903992,80.2593231201,51724,51734,10
13.0140104294,80.2593002319,51734,51744,10
13.0132598877,80.2592697144,51744,51754,10
13.0123796463,80.2592391968,51754,51764,10
13.0115604401,80.2592163086,51764,51774,10
13.0109901428,80.2592086792,51774,51784,10
13.0101003647,80.2592391968,51784,51794,10
13.0098695755,80.2592163086,51794,51804,10
13.0094995499,80.2591781616,51804,51814,10
13.0090198517,80.2591934204,51814,51825,11
13.0087003708,80.2592163086,51825,51835,10
13.0081796646,80.2592391968,51835,51845,10
13.0075902939,80.2593994141,51845,51855,10
13.0072898865,80.2589569092,51855,51865,10
13.0071697235,80.2586975098,51865,51875,10
13.0071201324,80.2585372925,51875,51885,10
13.0068702698,80.2581329346,51885,51895,10
13.0065498352,80.2576980591,51895,51915,20
13.0065498352,80.2576980591,51915,51925,10
13.0064697266,80.257522583,51925,51936,11
13.0064601898,80.2571792603,51936,51946,10
13.0064096451,80.2567214966,51946,51956,10
13.0063800812,80.2561035156,51956,51966,10
13.0064401627,80.2554779053,51966,51976,10
13.0065002441,80.2550811768,51976,51986,10
13.0065002441,80.2545623779,51986,51996,10
13.006480217,80.2537689209,51996,52006,10
13.0064697266,80.2531814575,52006,52016,10
13.0064897537,80.253112793,52016,52026,10
13.0064897537,80.2528686523,52026,52036,10
13.006529808,80.2526626587,52036,52047,11
13.0065898895,80.2521820068,52047,52057,10
13.0067195892,80.2514877319,52057,52067,10
13.0067501068,80.2506027222,52067,52077,10
13.0067300797,80.2497329712,52077,52087,10
13.0067300797,80.2496032715,52087,52097,10
13.0067396164,80.2493972778,52097,52107,10
13.0067501068,80.2493591309,52107,52117,10
13.0067396164,80.2492828369,52117,52127,10
13.0067100525,80.2489929199,52127,52137,10
13.0066299438,80.2482376099,52137,52157,20
13.0066299438,80.2482376099,52157,52168,11
13.0065898895,80.2479324341,52168,52208,40
13.0065898895,80.2479324341,52208,52218,10
13.0065698624,80.2475204468,52218,52228,10
13.0066003799,80.2470092773,52228,52238,10
13.0065202713,80.2465591431,52238,52248,10
13.0065402985,80.2464981079,52248,52258,10
13.0065803528,80.2463912964,52258,52269,11
13.0066099167,80.245880127,52269,52279,10
13.0066003799,80.245300293,52279,52289,10
13.0065803528,80.2447128296,52289,52299,10
13.0065803528,80.2443008423,52299,52309,10
13.0065498352,80.2440185547,52309,52319,10
13.0065498352,80.2437973022,52319,52329,10
13.0065402985,80.2435836792,52329,52339,10
13.006529808,80.2431030273,52339,52349,10
13.0065202713,80.2425384521,52349,52359,10
13.0065202713,80.2417831421,52359,52370,11
13.0065202713,80.241569519,52370,52380,10
13.0065803528,80.2410812378,52380,52390,10
13.0066795349,80.2403717041,52390,52410,20
13.0066795349,80.2403717041,52410,52420,10
13.0067501068,80.2399520874,52420,52430,10
13.0068702698,80.2391967773,52430,52440,10
13.0070800781,80.2383499146,52440,52450,10
13.007229805,80.2376403809,52450,52460,10
13.0073795319,80.2367782593,52460,52481,21
13.0073795319,80.2367782593,52481,52491,10
13.0074300766,80.2366790771,52491,52501,10
13.0075502396,80.2362136841,52501,52511,10
13.0076799393,80.2355194092,52511,52521,10
13.0078296661,80.2347564697,52521,52531,10
13.008020401,80.2338180542,52531,52541,10
13.0082397461,80.2327880859,52541,52551,10
13.0084495544,80.2317581177,52551,52561,10
13.008649826,80.2307510376,52561,52571,10
13.0088596344,80.2297210693,52571,52581,10
13.0090503693,80.2287902832,52581,52591,10
13.0092601776,80.2280197144,52591,52602,11
13.0096597672,80.227142334,52602,52612,10
13.0100402832,80.2263565063,52612,52622,10
13.0103797913,80.2256622314,52622,52632,10
13.0105695724,80.2252502441,52632,52642,10
13.0106496811,80.2250900269,52642,52652,10
13.0108604431,80.224609375,52652,52662,10
13.0111103058,80.2238693237,52662,52672,10
13.011349678,80.2231521606,52672,52702,30
13.011349678,80.2231521606,52702,52713,11
13.0115804672,80.2226715088,52713,52723,10
13.0118703842,80.2218017578,52723,52733,10
13.0123195648,80.2215194702,52733,52743,10
13.0127096176,80.2220535278,52743,52753,10
13.0133600235,80.2227172852,52753,52763,10
13.0139799118,80.2234802246,52763,52773,10
13.01445961,80.2237701416,52773,52783,10
13.0150604248,80.2245025635,52783,52793,10
13.0155601501,80.2250213623,52793,52814,21
13.0155601501,80.2250213623,52814,52824,10
13.01583004,80.2252578735,52824,52834,10
13.016500473,80.2252883911,52834,52844,10
13.0173397064,80.2249832153,52844,52854,10
13.0181798935,80.2246322632,52854,52864,10
13.0189199448,80.2243728638,52864,52873,9
13.0197000504,80.2245330811,52873,52894,21
13.0197000504,80.2245330811,52894,52904,10
13.0197696686,80.2245788574,52904,52915,11
13.0201702118,80.2248764038,52915,52925,10
13.0207004547,80.2252578735,52925,52935,10
13.0213298798,80.2257385254,52935,52945,10
13.0219497681,80.2261810303,52945,52965,20
13.0219497681,80.2261810303,52965,52975,10
13.0222196579,80.2263793945,52975,52985,10
13.0226898193,80.2268066406,52985,52995,10
13.0231895447,80.2273025513,52995,53005,10
13.023730278,80.2278213501,53005,53015,10
13.0241003036,80.2282028198,53015,53025,10
13.0243902206,80.228553772,53025,53036,11
13.0247497559,80.2290725708,53036,53046,10
13.0252199173,80.2296600342,53046,53056,10
13.0256595612,80.2302703857,53056,53066,10
13.0258798599,80.2307510376,53066,53086,20
13.0258798599,80.2307510376,53086,53096,10
13.0259799957,80.2311401367,53096,53106,10
13.0263700485,80.2312316895,53106,53116,10
13.027179718,80.2310409546,53116,53126,10
13.0284500122,80.2309036255,53126,53147,21
13.0284500122,80.2309036255,53147,53157,10
13.0288696289,80.2308273315,53157,53167,10
13.0293397903,80.2307891846,53167,53187,20
13.0293397903,80.2307891846,53187,53197,10
13.0297603607,80.2308120728,53197,53207,10
13.0303697586,80.23072052,53207,53217,10
13.0308599472,80.2306900024,53217,53227,10
13.0314798355,80.2306365967,53227,53238,11
13.0322904587,80.2305603027,53238,53248,10
13.0331602097,80.230506897,53248,53258,10
13.0338697433,80.2304763794,53258,53268,10
13.0344200134,80.2304077148,53268,53278,10
13.0348396301,80.2302627563,53278,53308,30
13.0348396301,80.2302627563,53308,53318,10
13.0350103378,80.2298126221,53318,53379,61
13.0350103378,80.2298126221,53379,53389,10
13.0347299576,80.2298202515,53389,53399,10
13.0344800949,80.2297897339,53399,53530,131
13.0344800949,80.2297897339,53530,53540,10
13.0341596603,80.2301635742,53540,53560,20
13.0341596603,80.2301635742,53560,53570,10
13.0340995789,80.2302627563,53570,53591,21
13.0340995789,80.2302627563,53591,53601,10
13.0341100693,80.230430603,53601,53611,10
13.0337095261,80.2304382324,53611,53621,10
13.033490181,80.2304382324,53621,53631,10
13.0333795547,80.2304534912,53631,53641,10
13.032959938,80.2304992676,53641,53651,10
13.0322599411,80.2305374146,53651,53661,10
13.0317001343,80.2306365967,53661,53671,10
13.0310401917,80.230682373,53671,53681,10
13.0305404663,80.2307281494,53681,53692,11
13.0297803879,80.230796814,53692,53732,40
13.0297803879,80.230796814,53732,53742,10
13.029419899,80.2308578491,53742,53752,10
13.0289001465,80.2309188843,53752,53762,10
13.0281801224,80.2309494019,53762,53772,10
13.0276498795,80.2311019897,53772,53782,10
13.0277004242,80.2316665649,53782,53793,11
13.0278100967,80.2323608398,53793,53803,10
13.0277004242,80.2327880859,53803,53813,10
13.0268497467,80.233001709,53813,53863,50
13.0268497467,80.233001709,53863,53873,10
13.0267801285,80.2331390381,53873,53883,10
13.0264501572,80.2330780029,53883,53893,10
13.026260376,80.2326812744,53893,53904,11
13.0262098312,80.2323913574,53904,53914,10
13.0261497498,80.2321166992,53914,53924,10
13.0260601044,80.2317123413,53924,53934,10
13.0260000229,80.2313995361,53934,53944,10
13.0258798599,80.2309265137,53944,53954,10
13.0255899429,80.2302703857,53954,53964,10
13.0251598358,80.2296905518,53964,53974,10
13.0250396729,80.2295608521,53974,53984,10
13.0248804092,80.2293930054,53984,53994,10
13.0246400833,80.2290878296,53994,54004,10
13.0243196487,80.2286911011,54004,54015,11
13.0239896774,80.2283096313,54015,54025,10
13.0239896774,80.228302002,54025,54035,10
13.0239095688,80.2282028198,54035,54045,10
13.0235595703,80.2277984619,54045,54055,10
13.0230998993,80.2273406982,54055,54065,10
13.0224599838,80.2267608643,54065,54075,10
13.0217399597,80.2261276245,54075,54085,10
13.0210599899,80.2256011963,54085,54095,10
13.020359993,80.2250976563,54095,54105,10
13.0196695328,80.2246398926,54105,54115,10
13.0186595917,80.2245101929,54115,54126,11
13.0175895691,80.2249298096,54126,54136,10
13.0167703629,80.2252807617,54136,54146,10
13.0163803101,80.2254562378,54146,54156,10
13.015999794,80.2255935669,54156,54166,10
13.0154895782,80.2257766724,54166,54176,10
13.0148696899,80.2260437012,54176,54186,10
13.0143699646,80.2262496948,54186,54196,10
13.0143499374,80.2262573242,54196,54206,10
13.0142402649,80.2263336182,54206,54216,10
13.0137996674,80.2264862061,54216,54226,10
13.0131597519,80.2267074585,54226,54237,11
13.0122900009,80.2270507813,54237,54247,10
13.0114097595,80.2273864746,54247,54257,10
13.0104503632,80.2277984619,54257,54267,10
13.0094604492,80.2282180786,54267,54277,10
13.009059906,80.2289810181,54277,54287,10
13.0088300705,80.2301025391,54287,54297,10
13.0086202621,80.2313537598,54297,54307,10
13.0083999634,80.2324905396,54307,54317,10
13.0082502365,80.2333221436,54317,54327,10
13.0082197189,80.2335891724,54327,54337,10
13.0081796646,80.2336730957,54337,54348,11
13.0080499649,80.2341766357,54348,54358,10
13.0079097748,80.2348175049,54358,54368,10
13.0077600479,80.2355804443,54368,54378,10
13.0075798035,80.2365112305,54378,54388,10
13.007399559,80.2374267578,54388,54398,10
13.0072803497,80.2381668091,54398,54408,10
13.007109642,80.2388763428,54408,54418,10
13.0069303513,80.2395019531,54418,54428,10
13.0068902969,80.2400817871,54428,54499,71
13.0068902969,80.2400817871,54499,54509,10
13.0069103241,80.2404022217,54509,54519,10
13.0068902969,80.2407073975,54519,54529,10
13.0068702698,80.2407836914,54529,54539,10
13.0067996979,80.2411422729,54539,54549,10
13.0067396164,80.2417984009,54549,54560,11
13.0067195892,80.2426376343,54560,54570,10
13.0066995621,80.243347168,54570,54580,10
13.0066795349,80.2441711426,54580,54590,10
13.0066404343,80.2450485229,54590,54600,10
13.0066699982,80.2459106445,54600,54620,20
13.0066699982,80.2459106445,54620,54630,10
13.0066795349,80.2462387085,54630,54640,10
13.0066795349,80.2467269897,54640,54650,10
13.0066900253,80.2474975586,54650,54660,10
13.0067100525,80.2483978271,54660,54671,11
13.0068302155,80.2495193481,54671,54691,20
13.0068302155,80.2495193481,54691,54701,10
13.0068502426,80.2498779297,54701,54711,10
13.006819725,80.2504425049,54711,54721,10
13.0068502426,80.2510910034,54721,54731,10
13.0067501068,80.2517166138,54731,54741,10
13.0065803528,80.2526168823,54741,54751,10
13.0065803528,80.2535324097,54751,54761,10
13.0065803528,80.2544937134,54761,54771,10
13.0065898895,80.2554779053,54771,54782,11
13.0066204071,80.2569732666,54782,54842,60
13.0066204071,80.2569732666,54842,54852,10
13.0066995621,80.2572402954,54852,54862,10
13.0068597794,80.2577514648,54862,54872,10
13.0071201324,80.2581710815,54872,54882,10
13.0074596405,80.2584762573,54882,54893,11
13.0076503754,80.2585678101,54893,54903,10
13.007809639,80.258682251,54903,54913,10
13.0083398819,80.2589035034,54913,54923,10
13.009059906,80.2590103149,54923,54933,10
13.0100402832,80.2590103149,54933,54943,10
13.0112104416,80.2590179443,54943,54953,10
13.0124702454,80.2590789795,54953,54963,10
13.0138196945,80.2591323853,54963,54973,10
13.0150098801,80.259147644,54973,54983,10
13.0163898468,80.2596588135,54983,55004,21
13.0163898468,80.2596588135,55004,55014,10
13.0165100098,80.2597808838,55014,55024,10
13.016869545,80.2600631714,55024,55034,10
13.017539978,80.2604904175,55034,55044,10
13.0182504654,80.2609481812,55044,55054,10
13.018819809,80.2613983154,55054,55064,10
13.0192804337,80.2617874146,55064,55074,10
13.0197200775,80.2621536255,55074,55084,10
13.0201702118,80.262550354,55084,55095,11
13.0201702118,80.2625579834,55095,55105,10
13.0204601288,80.2627563477,55105,55115,10
13.0211000443,80.2629699707,55115,55125,10
13.0218400955,80.2632598877,55125,55135,10
13.0222797394,80.2634811401,55135,55155,20
13.0222797394,80.2634811401,55155,55165,10
13.0225296021,80.2635879517,55165,55175,10
13.0228204727,80.2637634277,55175,55185,10
13.0229196548,80.2638092041,55185,55195,10
13.0230102539,80.2638397217,55195,55206,11
13.0233201981,80.2640609741,55206,55216,10
13.0238599777,80.2643585205,55216,55226,10
13.0245103836,80.264793396,55226,55236,10
13.0249204636,80.2650985718,55236,55246,10
13.0251903534,80.2652587891,55246,55256,10
13.0255804062,80.2655181885,55256,55266,10
13.0259599686,80.2657318115,55266,55276,10
13.0261096954,80.2658233643,55276,55286,10
13.0262498856,80.2655181885,55286,55296,10
13.0263299942,80.2650985718,55296,55306,10
13.0264596939,80.2641296387,55306,55327,21
13.0264596939,80.2641296387,55327,55337,10
13.0264997482,80.2637405396,55337,55347,10
13.0266704559,80.2633590698,55347,55357,10
13.0271501541,80.2634887695,55357,55367,10
13.0281295776,80.2637634277,55367,55387,20
13.0281295776,80.2637634277,55387,55397,10
13.0285997391,80.2638931274,55397,55407,10
13.0290803909,80.2640609741,55407,55417,10
13.0291996002,80.2643814087,55417,55428,11
13.0291996002,80.2650375366,55428,55438,10
13.0292196274,80.2656326294,55438,55448,10
13.0292196274,80.26587677,55448,55458,10
13.0292196274,80.2660217285,55458,55468,10
13.0292100906,80.2662811279,55468,55478,10
13.0293502808,80.266418457,55478,55488,10
13.0297803879,80.2665176392,55488,55498,10
13.0302801132,80.2666168213,55498,55508,10
13.0309000015,80.2667999268,55508,55518,10
13.0314598083,80.2670135498,55518,55548,30
13.0314598083,80.2670135498,55548,55559,11
13.031920433,80.2671966553,55559,55650,91
13.031920433,80.2671966553,55650,55660,10
13.0322799683,80.2673492432,55660,55680,20
13.032500267,80.2674484253,55680,55720,40
13.0328102112,80.2676925659,55720,55801,81
13.0328102112,80.2676925659,55801,55811,10
13.033200264,80.2677688599,55811,55892,81
13.0335597992,80.2678604126,55892,56063,171
13.0339202881,80.267906189,56063,56164,101
13.0342998505,80.2679977417,56164,56185,21
13.0342998505,80.2679977417,56185,56195,10
13.0345697403,80.2679977417,56195,56205,10
13.0347795486,80.2679367065,56205,56215,10
13.0351200104,80.267906189,56215,56225,10
13.0355997086,80.267868042,56225,56235,10
13.0361099243,80.2677993774,56235,56245,10
13.0365200043,80.2676773071,56245,56255,10
13.0367698669,80.2673568726,56255,56265,10
13.0369596481,80.2668914795,56265,56275,10
13.0370903015,80.2663192749,56275,56285,10
13.0372600555,80.265663147,56285,56296,11
13.0374498367,80.2649002075,56296,56306,10
13.0375900269,80.264251709,56306,56316,10
13.0373802185,80.2639923096,56316,56326,10
13.0369701385,80.2639770508,56326,56336,10
13.0361995697,80.263961792,56336,56346,10
13.03565979,80.263923645,56346,56356,10
13.0355796814,80.2637023926,56356,56366,10
13.0356302261,80.2632369995,56366,56376,10
13.0356998444,80.2626724243,56376,56386,10
13.0354604721,80.262550354,56386,56397,11
13.0348501205,80.2624206543,56397,56407,10
13.034119606,80.2622680664,56407,56417,10
13.0331201553,80.2621688843,56417,56437,20
13.0331201553,80.2621688843,56437,56447,10
13.0330896378,80.2617797852,56447,56457,10
13.0331001282,80.2615585327,56457,56467,10
13.0330696106,80.2610015869,56467,56477,10
13.0329704285,80.2604980469,56477,56487,10
13.032409668,80.2604370117,56487,56497,10
13.0318098068,80.2602996826,56497,56508,11
13.0312900543,80.2602462769,56508,56518,10
13.0310201645,80.2602310181,56518,56528,10
13.0308599472,80.2602310181,56528,56538,10
13.0306396484,80.2602386475,56538,56548,10
13.0302200317,80.2602615356,56548,56558,10
13.0298900604,80.260269165,56558,56568,10
13.0294799805,80.2603683472,56568,56578,10
13.0294103622,80.2607498169,56578,56588,10
13.0291996002,80.261177063,56588,56598,10
13.0296096802,80.261428833,56598,56608,10
13.0296802521,80.2617416382,56608,56619,11
13.0296802521,80.2622375488,56619,56629,10
13.0295295715,80.2629165649,56629,56639,10
13.0294103622,80.2633666992,56639,56649,10
13.0293302536,80.2637863159,56649,56659,10
13.0293197632,80.2640380859,56659,56669,10
13.0293197632,80.2645187378,56669,56679,10
13.0292701721,80.2651367188,56679,56689,10
13.0292396545,80.2659072876,56689,56730,41
13.0292396545,80.2659072876,56730,56740,10
13.0291996002,80.2663192749,56740,56750,10
13.0290603638,80.2663803101,56750,56760,10
13.0285797119,80.2663192749,56760,56770,10
13.0278701782,80.2662124634,56770,56780,10
13.0272102356,80.26612854,56780,56790,10
13.0266304016,80.2660827637,56790,57477,687
13.0266304016,80.2660827637,57477,57487,10
13.026260376,80.2659301758,57487,57497,10
13.0260000229,80.2658233643,57497,57507,10
13.0256299973,80.2655792236,57507,57517,10
13.025270462,80.2653579712,57517,57527,10
13.0252399445,80.2653427124,57527,57537,10
13.0250902176,80.2652206421,57537,57547,10
13.0248098373,80.2649993896,57547,57557,10
13.0244503021,80.2647171021,57557,57567,10
13.0239801407,80.2643966675,57567,57577,10
13.0234203339,80.2640914917,57577,57588,11
13.0229597092,80.2638397217,57588,57598,10
13.0225601196,80.2636413574,57598,57608,10
13.022190094,80.2634811401,57608,57618,10
13.0221204758,80.2634429932,57618,57628,10
13.02202034,80.263381958,57628,57638,10
13.0217504501,80.2632522583,57638,57648,10
13.0211400986,80.2630691528,57648,57658,10
13.0203800201,80.2630233765,57658,57668,10
13.0198297501,80.2629776001,57668,57678,10
13.0192604065,80.2629394531,57678,57689,11
13.018910408,80.2626876831,57689,57699,10
13.0188798904,80.2623901367,57699,57709,10
13.0188598633,80.262260437,57709,57719,10
13.0188503265,80.2621078491,57719,57729,10
13.0188302994,80.2619628906,57729,57739,10
13.0187902451,80.2617263794,57739,57769,30
13.0187902451,80.2617263794,57769,57779,10
13.0187397003,80.26146698,57779,57789,10
13.0186700821,80.2613296509,57789,57800,11
13.0184803009,80.2611999512,57800,57810,10
13.0182504654,80.2610397339,57810,57820,10
13.0178804398,80.2608108521,57820,57830,10
13.0172996521,80.2604217529,57830,57840,10
13.0168800354,80.2601470947,57840,57850,10
13.0160903931,80.2596969604,57850,57870,20
13.0160903931,80.2596969604,57870,57880,10
13.0159597397,80.2596282959,57880,57890,10
13.0154600143,80.2594528198,57890,57900,10
13.0146398544,80.2593078613,57900,57910,10
13.0136003494,80.2592697144,57910,57921,11
13.012430191,80.2592315674,57921,57931,10
13.0115098953,80.2591934204,57931,57941,10
13.0106801987,80.2592010498,57941,57951,10
13.0099802017,80.2592391968,57951,57961,10
13.009519577,80.2592315674,57961,57971,10
13.0089702606,80.2592391968,57971,57981,10
13.0086402893,80.2592468262,57981,57991,10
13.008099556,80.2592926025,57991,58001,10
13.0075798035,80.2594070435,58001,58011,10
13.0072803497,80.2589569092,58011,58022,11
13.0072202682,80.2588500977,58022,58032,10
13.0071697235,80.2587890625,58032,58042,10
13.0070295334,80.2584991455,58042,58052,10
13.0068397522,80.258140564,58052,58062,10
13.0065498352,80.2576675415,58062,58122,60
13.0064001083,80.2573318481,58122,58183,61
13.0064001083,80.2573318481,58183,58193,10
13.0063695908,80.2572021484,58193,58203,10
13.0063896179,80.2568817139,58203,58213,10
13.0064296722,80.2563400269,58213,58223,10
13.0064601898,80.2556381226,58223,58233,10
13.0065002441,80.255027771,58233,58244,11
13.0064897537,80.2543029785,58244,58254,10
13.006480217,80.2540206909,58254,58264,10
13.0065002441,80.2535934448,58264,58274,10
13.0064897537,80.253288269,58274,58284,10
13.0064897537,80.2530822754,58284,58334,50
13.0064897537,80.2530822754,58334,58344,10
13.0065202713,80.2529296875,58344,58355,11
13.0065202713,80.2526702881,58355,58365,10
13.0066299438,80.2519073486,58365,58476,111
13.0066299438,80.2519073486,58476,58486,10
13.0066900253,80.2516174316,58486,58496,10
13.0067596436,80.251159668,58496,58506,10
13.0067596436,80.2502975464,58506,58516,10
13.0067396164,80.2496337891,58516,58526,10
13.0067596436,80.2495574951,58526,58536,10
13.0067300797,80.2491073608,58536,58546,10
13.0066604614,80.2483596802,58546,58557,11
13.0066404343,80.2474594116,58557,58567,10
13.0066003799,80.2467727661,58567,58577,10
13.0065803528,80.2465286255,58577,58587,10
13.0066099167,80.2464675903,58587,58597,10
13.0066404343,80.2460632324,58597,58607,10
13.0066299438,80.2455825806,58607,58617,10
13.0066099167,80.2449798584,58617,58627,10
13.0066299438,80.244468689,58627,58637,10
13.0066204071,80.2439880371,58637,58647,10
13.0066003799,80.2432785034,58647,58657,10
13.0065698624,80.2424621582,58657,58668,11
13.0065603256,80.2415008545,58668,58678,10
13.0066299438,80.2408370972,58678,58688,10
13.006649971,80.2406387329,58688,58698,10
13.0067195892,80.2403411865,58698,58708,10
13.006819725,80.2397994995,58708,58718,10
13.0069999695,80.2389297485,58718,58728,10
13.0071697235,80.238067627,58728,58738,10
13.0073795319,80.2370376587,58738,58758,20
13.0073795319,80.2370376587,58758,58768,10
13.007399559,80.2368164063,58768,58779,11
13.0075902939,80.2361831665,58779,58789,10
13.0077800751,80.2351608276,58789,58809,20
13.0077800751,80.2351608276,58809,58819,10
13.007809639,80.234992981,58819,58829,10
13.0079202652,80.2344589233,58829,58839,10
13.0080900192,80.2335968018,58839,58849,10
13.0082998276,80.2325210571,58849,58859,10
13.0085201263,80.2314529419,58859,58869,10
13.0087404251,80.2303009033,58869,58879,10
13.0089597702,80.2292404175,58879,58890,11
13.0091896057,80.2282028198,58890,58900,10
13.0095701218,80.2273025513,58900,58910,10
13.0099802017,80.2264099121,58910,58920,10
13.010430336,80.225479126,58920,58930,10
13.0108604431,80.2245788574,58930,58940,10
13.0112304688,80.223739624,58940,58950,10
13.0115604401,80.2229614258,58950,58960,10
13.0119104385,80.2220077515,58960,58970,10
13.0123500824,80.221496582,58970,58980,10
13.0127096176,80.2220230103,58980,58991,11
13.0133304596,80.2227325439,58991,59001,10
13.0138397217,80.2232971191,59001,59011,10
13.0142402649,80.2238006592,59011,59021,10
13.0147199631,80.2243499756,59021,59031,10
13.0151796341,80.2247924805,59031,59041,10
13.0155801773,80.2250823975,59041,59061,20
13.0155801773,80.2250823975,59061,59071,10
13.0157804489,80.2252120972,59071,59081,10
13.0162296295,80.2253417969,59081,59091,10
13.0170001984,80.2251205444,59091,59101,10
13.0178804398,80.2247695923,59101,59112,11
13.0187597275,80.2244415283,59112,59122,10
13.0194301605,80.2244415283,59122,59132,10
13.0198001862,80.2245864868,59132,59142,10
13.0202302933,80.2248916626,59142,59152,10
13.0206899643,80.2252197266,59152,59162,10
13.0210800171,80.2255172729,59162,59172,10
13.0215797424,80.2258987427,59172,59182,10
13.0219802856,80.2261581421,59182,59192,10
13.0219802856,80.2261734009,59192,59203,11
13.0221099854,80.2263031006,59203,59213,10
13.0225000381,80.2266616821,59213,59223,10
13.0230503082,80.2271575928,59223,59233,10
13.023349762,80.2274398804,59233,59243,10
13.0236797333,80.2277526855,59243,59253,10
13.0243396759,80.2284011841,59253,59293,40
13.0243396759,80.2284011841,59293,59303,10
13.0244398117,80.2285766602,59303,59314,11
13.0246601105,80.2289123535,59314,59324,10
13.0247802734,80.2291030884,59324,59334,10
13.0249204636,80.2293014526,59334,59344,10
13.0253000259,80.2297592163,59344,59354,10
13.0257196426,80.2304000854,59354,59364,10
13.0259304047,80.2307510376,59364,59383,19
13.0259304047,80.2307510376,59383,59394,11
13.0259799957,80.2309265137,59394,59404,10
13.0260400772,80.2311782837,59404,59414,10
13.0262498856,80.2313766479,59414,59424,10
13.0269403458,80.2311935425,59424,59435,11
13.0278596878,80.2309799194,59435,59445,10
13.0284500122,80.2308807373,59445,59455,10
13.0284700394,80.2308807373,59455,59465,10
13.0286998749,80.2308807373,59465,59475,10
13.029299736,80.2308425903,59475,59485,10
13.0297803879,80.230796814,59485,59495,10
13.0301904678,80.2307510376,59495,59505,10
13.030579567,80.2307281494,59505,59515,10
13.0309400558,80.23072052,59515,59525,10
13.0315599442,80.2306594849,59525,59536,11
13.0322303772,80.2306213379,59536,59546,10
13.0325403214,80.2306137085,59546,59556,10
13.0328702927,80.2305679321,59556,59566,10
13.0335798264,80.2305221558,59566,59576,10
13.034119606,80.2304611206,59576,59586,10
13.034330368,80.2304534912,59586,59596,10
13.034740448,80.2303466797,59596,59647,51
13.034740448,80.2303466797,59647,59657,10
13.0348300934,80.2300796509,59657,59747,90
13.0348300934,80.2300796509,59747,59758,11
13.0344400406,80.2300491333,59758,59909,151
13.0341796875,80.2302474976,59909,59929,20
13.0341796875,80.2302474976,59929,59939,10
13.0341396332,80.2303466797,59939,60050,111
13.0341396332,80.2303466797,60050,60060,10
13.0340204239,80.2305831909,60060,60070,10
13.0337200165,80.2305831909,60070,60081,11
13.0334997177,80.2305908203,60081,60091,10
13.0332202911,80.2305984497,60091,60101,10
13.0325899124,80.2306365967,60101,60111,10
13.0317201614,80.2307128906,60111,60121,10
13.0309696198,80.2307662964,60121,60131,10
13.0305595398,80.2307891846,60131,60141,10
13.0300102234,80.2308273315,60141,60151,10
13.0297698975,80.2308807373,60151,60161,10
13.0297002792,80.2308731079,60161,60171,10
13.0292100906,80.2309036255,60171,60182,11
13.0283203125,80.2310028076,60182,60192,10
13.0277099609,80.2310562134,60192,60202,10
13.0276699066,80.2315292358,60202,60212,10
13.0277795792,80.2322311401,60212,60222,10
13.0278396606,80.2328033447,60222,60232,10
13.0274000168,80.2328796387,60232,60242,10
13.027179718,80.2329406738,60242,60252,10
13.0269203186,80.2329788208,60252,60262,10
13.0266199112,80.2330322266,60262,60272,10
13.026260376,80.2325973511,60272,60282,10
13.0260601044,80.2317504883,60282,60293,11
13.0257797241,80.2307662964,60293,60303,10
13.0253000259,80.2299575806,60303,60313,10
13.0250501633,80.2296066284,60313,60323,10
13.0247097015,80.2292098999,60323,60333,10
13.0243997574,80.2287826538,60333,60343,10
13.0240497589,80.2283935547,60343,60363,20
13.0240497589,80.2283935547,60363,60373,10
13.0239095688,80.2282333374,60373,60383,10
13.0236701965,80.2279281616,60383,60393,10
13.0232696533,80.2275085449,60393,60404,11
13.0228595734,80.227142334,60404,60414,10
13.0222997665,80.2266387939,60414,60424,10
13.0215902328,80.2260818481,60424,60434,10
13.020939827,80.2255401611,60434,60444,10
13.0203304291,80.2251434326,60444,60454,10
13.0201501846,80.2250289917,60454,60464,10
13.020070076,80.2249679565,60464,60474,10
13.0196695328,80.2246780396,60474,60484,10
13.0189199448,80.2245025635,60484,60494,10
13.0181102753,80.2247619629,60494,60504,10
13.0172300339,80.2251281738,60504,60515,11
13.0164299011,80.2254486084,60515,60525,10
13.0157804489,80.225692749,60525,60535,10
13.0145101547,80.2261962891,60535,60565,30
13.0145101547,80.2261962891,60565,60575,10
13.014380455,80.2262420654,60575,60585,10
13.0141801834,80.2262802124,60585,60595,10
13.0136404037,80.2265014648,60595,60605,10
13.0128202438,80.2268218994,60605,60615,10
13.0118398666,80.2272186279,60615,60626,11
13.0106801987,80.2276916504,60626,60636,10
13.0096998215,80.2280807495,60636,60646,10
13.0090703964,80.228767395,60646,60656,10
13.0088500977,80.2299499512,60656,60666,10
13.0086202621,80.2311782837,60666,60676,10
13.0084104538,80.2323913574,60676,60686,10
13.0082197189,80.2336883545,60686,60706,20
13.0082197189,80.2336883545,60706,60717,11
13.0081596375,80.233833313,60717,60727,10
13.008099556,80.234161377,60727,60737,10
13.0080404282,80.2344970703,60737,60747,10
13.0079298019,80.2350387573,60747,60757,10
13.0077800751,80.235748291,60757,60767,10
13.0076198578,80.2365875244,60767,60777,10
13.0074396133,80.2374725342,60777,60787,10
13.0073003769,80.2382736206,60787,60797,10
13.0071601868,80.2389831543,60797,60848,51
13.0071601868,80.2389831543,60848,60858,10
13.0070800781,80.2392883301,60858,60868,10
13.0069704056,80.239982605,60868,60878,10
13.0069198608,80.2405090332,60878,60888,10
13.0068902969,80.2407226563,60888,60898,10
13.0068798065,80.2408981323,60898,60908,10
13.0068702698,80.2409591675,60908,60918,10
13.0068397522,80.2410888672,60918,60928,10
13.0067796707,80.2415618896,60928,60939,11
13.0067501068,80.2424316406,60939,60949,10
13.0067195892,80.2431488037,60949,60959,10
13.0067195892,80.2438735962,60959,60969,10
13.0067501068,80.2446594238,60969,60979,10
13.0067396164,80.2454910278,60979,60989,10
13.0067501068,80.2461700439,60989,60999,10
13.0067596436,80.24659729,60999,61009,10
13.006770134,80.2471389771,61009,61019,10
13.0067501068,80.247756958,61019,61029,10
13.0067796707,80.248588562,61029,61039,10
13.0068798065,80.2493133545,61039,61050,11
13.0068998337,80.2496185303,61050,61060,10
13.0068902969,80.2497329712,61060,61070,10
13.0068702698,80.250213623,61070,61080,10
13.0068597794,80.2507629395,61080,61090,10
13.0068702698,80.251083374,61090,61100,10
13.0068397522,80.2514801025,61100,61140,40
13.0068397522,80.2514801025,61140,61150,10
13.006819725,80.2515335083,61150,61161,11
13.0066995621,80.2520523071,61161,61171,10
13.0065803528,80.252822876,61171,61181,10
13.0065603256,80.2536087036,61181,61191,10
13.0066003799,80.2545166016,61191,61201,10
13.006649971,80.2553405762,61201,61211,10
13.0066604614,80.2562484741,61211,61221,10
13.0066900253,80.2568664551,61221,61251,30
13.0066900253,80.2568664551,61251,61261,10
13.0066900253,80.2570266724,61261,61272,11
13.0067300797,80.2574996948,61272,61282,10
13.0069799423,80.2581100464,61282,61292,10
13.0075302124,80.2586288452,61292,61302,10
13.0077295303,80.2587203979,61302,61312,10
13.0077896118,80.2587814331,61312,61322,10
13.0081501007,80.2589263916,61322,61332,10
13.008769989,80.2591171265,61332,61342,10
13.0094900131,80.2591171265,61342,61352,10
13.0103797913,80.2591171265,61352,61362,10
13.0112400055,80.2591094971,61362,61373,11
13.0123195648,80.2591323853,61373,61383,10
13.0134601593,80.2591934204,61383,61393,10
13.0146598816,80.2592163086,61393,61403,10
13.0157003403,80.2593307495,61403,61413,10
13.016500473,80.2597427368,61413,61433,20
13.016500473,80.2597427368,61433,61443,10
13.0165996552,80.2598419189,61443,61453,10
13.0168199539,80.2599716187,61453,61463,10
13.0172901154,80.2602996826,61463,61474,11
13.0179901123,80.2608032227,61474,61484,10
13.0185899734,80.2612228394,61484,61494,10
13.0190296173,80.2615966797,61494,61504,10
13.0194797516,80.26197052,61504,61514,10
13.0199203491,80.2624130249,61514,61524,10
13.0201702118,80.2626113892,61524,61534,10
13.0202703476,80.2626724243,61534,61544,10
13.0206604004,80.2628479004,61544,61554,10
13.0212697983,80.2630462646,61554,61564,10
13.0217599869,80.2632522583,61564,61574,10
13.0219802856,80.263343811,61574,61585,11
13.0223197937,80.2635192871,61585,61595,10
13.0227298737,80.2637176514,61595,61605,10
13.0229797363,80.2638626099,61605,61614,9
13.0230302811,80.2639007568,61614,61625,11
13.0234003067,80.2640991211,61625,61635,10
13.0239696503,80.2644119263,61635,61645,10
13.0245704651,80.2648162842,61645,61655,10
13.0249300003,80.2650604248,61655,61665,10
13.0254402161,80.2654037476,61665,61675,10
13.02602005,80.2657623291,61675,61685,10
13.0261602402,80.265838623,61685,61695,10
13.0263204575,80.2657318115,61695,61706,11
13.0263595581,80.2653198242,61706,61716,10
13.0263996124,80.2647705078,61716,61726,10
13.0264902115,80.2640762329,61726,61736,10
13.0265197754,80.2639770508,61736,61746,10
13.0265598297,80.2638092041,61746,61756,10
13.0266103745,80.2633972168,61756,61766,10
13.0269098282,80.263458252,61766,61776,10
13.0273799896,80.2635498047,61776,61786,10
13.0277996063,80.2636795044,61786,61797,11
13.0282497406,80.2637863159,61797,61807,10
13.0283002853,80.2638092041,61807,61817,10
13.0285396576,80.2638702393,61817,61827,10
13.0289497375,80.2639389038,61827,61837,10
13.029299736,80.2641067505,61837,61847,10
13.0293302536,80.264503479,61847,61857,10
13.0293102264,80.265083313,61857,61867,10
13.0292901993,80.2656478882,61867,61877,10
13.0292797089,80.2660217285,61877,61908,31
13.0292301178,80.2662963867,61908,61928,20
13.0292301178,80.2662963867,61928,61938,10
13.0292596817,80.2665634155,61938,61948,10
13.0294599533,80.2665863037,61948,61958,10
13.0296401978,80.2666091919,61958,61968,10
13.0298099518,80.2666397095,61968,61978,10
13.0301198959,80.2666397095,61978,61988,10
13.0304203033,80.2666931152,61988,61998,10
13.0309495926,80.2668380737,61998,62009,11
13.0315704346,80.267036438,62009,62019,10
13.0319595337,80.2671813965,62019,62029,10
13.0323295593,80.2673492432,62029,62059,30
13.0323295593,80.2673492432,62059,62069,10
13.0326595306,80.2675704956,62069,62079,10
13.0328397751,80.2676696777,62079,62089,10
13.0330600739,80.2676925659,62089,62099,10
13.0333299637,80.2677536011,62099,62130,31
13.0333299637,80.2677536011,62130,62140,10
13.0334596634,80.2678604126,62140,62150,10
13.0337400436,80.2678985596,62150,62160,10
13.0341701508,80.2679824829,62160,62170,10
13.0345001221,80.2680130005,62170,62180,10
13.0345201492,80.2679977417,62180,62190,10
13.034529686,80.2681884766,62190,62271,81
13.034529686,80.2681884766,62271,62281,10
13.0343799591,80.268081665,62281,62291,10
13.0340595245,80.2680130005,62291,62301,10
13.0339298248,80.2679824829,62301,62311,10
13.0335597992,80.2678909302,62311,62362,51
13.0335597992,80.2678909302,62362,62372,10
13.0332098007,80.2677993774,62372,63018,646
13.0332098007,80.2677993774,63018,63028,10
13.0328702927,80.2677001953,63028,63048,20
13.0328702927,80.2677001953,63048,63058,10
13.0326499939,80.2676315308,63058,63068,10
13.0325498581,80.2675170898,63068,63078,10
13.0322904587,80.2673492432,63078,63089,11
13.0317401886,80.2671279907,63089,63119,30
13.0317401886,80.2671279907,63119,63129,10
13.0312204361,80.2669219971,63129,63139,10
13.0307998657,80.2668075562,63139,63189,50
13.0307998657,80.2668075562,63189,63199,10
13.03028965,80.2667388916,63199,63240,41
13.03028965,80.2667388916,63240,63249,9
13.02987957,80.2667007446,63249,63290,41
13.02987957,80.2667007446,63290,63300,10
13.0295000076,80.2666320801,63300,63361,61
13.0295000076,80.2666320801,63361,63371,10
13.0291404724,80.2664871216,63371,63381,10
13.0288496017,80.2663574219,63381,63391,10
13.0284004211,80.2662811279,63391,63401,10
13.0278902054,80.2662124634,63401,63411,10
13.0273599625,80.2661819458,63411,63422,11
13.0268697739,80.2661209106,63422,63432,10
13.0266504288,80.2660903931,63432,63442,10
13.0263395309,80.2659988403,63442,63452,10
13.0259199142,80.2657699585,63452,63462,10
13.0256099701,80.2655487061,63462,63472,10
13.0253000259,80.2653579712,63472,63492,20
13.0253000259,80.2653579712,63492,63502,10
13.0250396729,80.2651672363,63502,63512,10
13.0246200562,80.2648773193,63512,63523,11
13.0239896774,80.2644424438,63523,63533,10
13.0234804153,80.2641372681,63533,63543,10
13.0228796005,80.2638320923,63543,63553,10
13.0225095749,80.2636413574,63553,63563,10
13.0221996307,80.2634811401,63563,63583,20
13.0221996307,80.2634811401,63583,63593,10
13.0220499039,80.2633895874,63593,63603,10
13.0218000412,80.2632217407,63603,63613,10
13.0211696625,80.2630615234,63613,63623,10
13.020409584,80.2630386353,63623,63634,11
13.0199604034,80.2630081177,63634,63644,10
13.0193901062,80.2629623413,63644,63654,10
13.0189800262,80.262802124,63654,63664,10
13.0188798904,80.2621536255,63664,63674,10
13.0187597275,80.2614974976,63674,63684,10
13.0185699463,80.2612228394,63684,63694,10
13.0184497833,80.2611312866,63694,63704,10
13.0182304382,80.2610092163,63704,63714,10
13.0179195404,80.2608337402,63714,63724,10
13.0174198151,80.2604980469,63724,63735,11
13.0168104172,80.2601013184,63735,63745,10
13.016119957,80.2597427368,63745,63765,20
13.016119957,80.2597427368,63765,63775,10
13.0159196854,80.2596206665,63775,63785,10
13.0153799057,80.259437561,63785,63795,10
13.0146903992,80.2593307495,63795,63805,10
13.0138196945,80.2593078613,63805,63815,10
13.0129404068,80.2592773438,63815,63825,10
13.0121202469,80.2592468262,63825,63835,10
13.011349678,80.2592163086,63835,63846,11
13.0100402832,80.2593231201,63846,63866,20
13.0100402832,80.2593231201,63866,63876,10
13.0098495483,80.2593307495,63876,63886,10
13.009349823,80.259262085,63886,63896,10
13.0088396072,80.2592391968,63896,63906,10
13.0085000992,80.2592391968,63906,63916,10
13.0078802109,80.2593383789,63916,63926,10
13.0073699951,80.2592468262,63926,63936,10
13.0071897507,80.2588195801,63936,63946,10
13.0071802139,80.2587738037,63946,63957,11
13.0071496964,80.2585983276,63957,63967,10
13.007060051,80.2584228516,63967,63977,10
13.0068998337,80.2581863403,63977,63987,10
13.0066699982,80.2577896118,63987,64098,111
13.0066699982,80.2577896118,64098,64108,10
13.0065002441,80.2576828003,64108,64118,10
13.0064601898,80.2573318481,64118,64127,9
13.0065097809,80.256942749,64127,64138,11
13.0064897537,80.2562408447,64138,64148,10
13.006529808,80.2556686401,64148,64158,10
13.0065402985,80.255027771,64158,64168,10
13.006529808,80.2544631958,64168,64179,11
13.0065498352,80.2543029785,64179,64189,10
13.0065803528,80.2542037964,64189,64199,10
13.0065603256,80.2537689209,64199,64209,10
13.0065402985,80.2533111572,64209,64219,10
13.0065202713,80.2532577515,64219,64229,10
13.0065097809,80.2529067993,64229,64239,10
13.006529808,80.2526016235,64239,64249,10
13.006529808,80.2525787354,64249,64259,10
13.0065803528,80.252456665,64259,64269,10
13.0066299438,80.2520675659,64269,64280,11
13.0067396164,80.2515029907,64280,64290,10
13.0067501068,80.2508087158,64290,64300,10
13.0067396164,80.250038147,64300,64310,10
13.0067195892,80.2496109009,64310,64320,10
13.0067195892,80.2494277954,64320,64330,10
13.006649971,80.248588562,64330,64390,60
13.006649971,80.248588562,64390,64401,11
13.0066900253,80.248336792,64401,64411,10
13.0066604614,80.2479476929,64411,64421,10
13.0066604614,80.2474517822,64421,64431,10
13.0066795349,80.2470169067,64431,64441,10
13.006649971,80.246887207,64441,64451,10
13.0066099167,80.2468032837,64451,64461,10
13.0066604614,80.2463912964,64461,64471,10
13.006649971,80.24584198,64471,64481,10
13.0066404343,80.2454376221,64481,64492,11
13.0066404343,80.2452316284,64492,64502,10
13.0066404343,80.2449798584,64502,64512,10
13.0066604614,80.2447814941,64512,64522,10
13.006649971,80.2445602417,64522,64532,10
13.0066604614,80.2443084717,64532,64542,10
13.0066604614,80.2440795898,64542,64552,10
13.006649971,80.2438735962,64552,64562,10
13.0066299438,80.2437515259,64562,64572,10
13.0066003799,80.2433776855,64572,64582,10
13.0065803528,80.242729187,64582,64592,10
13.0065603256,80.2419128418,64592,64603,11
13.0065803528,80.241569519,64603,64714,111
13.0065803528,80.241569519,64714,64724,10
13.0066299438,80.2413711548,64724,64734,10
13.0066404343,80.2412033081,64734,64744,10
13.0066604614,80.2407989502,64744,64754,10
13.0067396164,80.2404098511,64754,64764,10
13.0068101883,80.2401428223,64764,64774,10
13.0068597794,80.2395324707,64774,64784,10
13.0069999695,80.238861084,64784,64794,10
13.0071201324,80.2383117676,64794,64804,10
13.007229805,80.2378234863,64804,64815,11
13.007349968,80.2373428345,64815,64825,10
13.007399559,80.2369995117,64825,64835,10
13.0074300766,80.2367782593,64835,64855,20
13.0074300766,80.2367782593,64855,64865,10
13.0074796677,80.2366027832,64865,64875,10
13.0075998306,80.2361221313,64875,64885,10
13.0077400208,80.2354202271,64885,64905,20
13.0077400208,80.2354202271,64905,64915,10
13.0078201294,80.2350769043,64915,64926,11
13.0079498291,80.2343978882,64926,64936,10
13.0081100464,80.233543396,64936,64946,10
13.0082998276,80.2325363159,64946,64956,10
13.0084896088,80.2315216064,64956,64966,10
13.0087099075,80.2304992676,64966,64976,10
13.0088996887,80.2295532227,64976,64986,10
13.0091295242,80.228477478,64986,64996,10
13.0094604492,80.2275619507,64996,65006,10
13.0098600388,80.2266693115,65006,65016,10
13.010219574,80.2259521484,65016,65026,10
13.0105600357,80.2253036499,65026,65037,11
13.0107603073,80.2248535156,65037,65047,10
13.0108995438,80.2246017456,65047,65057,10
13.0110797882,80.2240982056,65057,65067,10
13.0112895966,80.2235870361,65067,65077,10
13.0115098953,80.22290802,65077,65087,10
13.0118398666,80.2220230103,65087,65096,9
13.0121603012,80.2214202881,65096,65107,11
13.0125398636,80.2218093872,65107,65117,10
13.0130796432,80.2224197388,65117,65127,10
13.0135803223,80.2230224609,65127,65137,10
13.0140199661,80.2235031128,65137,65148,11
13.014289856,80.2238311768,65148,65158,10
13.0145902634,80.2241668701,65158,65168,10
13.0151100159,80.2247314453,65168,65178,10
13.0154895782,80.2249832153,65178,65188,10
13.0155096054,80.2249984741,65188,65198,10
13.0156202316,80.2251205444,65198,65208,10
13.0160303116,80.225402832,65208,65218,10
13.0168199539,80.2252807617,65218,65228,10
13.0175199509,80.2249832153,65228,65238,10
13.0182304382,80.2246780396,65238,65249,11
13.0189695358,80.2244262695,65249,65259,10
13.0194301605,80.2244873047,65259,65269,10
13.0196800232,80.2246017456,65269,65279,10
13.0200300217,80.2248382568,65279,65289,10
13.0206003189,80.2252426147,65289,65299,10
13.0212602615,80.2257385254,65299,65309,10
13.0220098495,80.2262420654,65309,65339,30
13.0220098495,80.2262420654,65339,65349,10
13.0222997665,80.2265014648,65349,65360,11
13.0228996277,80.2270431519,65360,65370,10
13.0234603882,80.2275466919,65370,65380,10
13.0239295959,80.2279968262,65380,65390,10
13.0243797302,80.2285385132,65390,65400,10
13.0247802734,80.2291030884,65400,65410,10
13.0251903534,80.229637146,65410,65420,10
13.0256299973,80.2302398682,65420,65430,10
13.0258798599,80.2306900024,65430,65471,41
13.0258798599,80.2306900024,65471,65481,10
13.0259504318,80.2309265137,65481,65491,10
13.026049614,80.2312774658,65491,65501,10
13.0264196396,80.231338501,65501,65511,10
13.0270900726,80.2311706543,65511,65521,10
13.0277996063,80.2310409546,65521,65531,10
13.0284004211,80.2309494019,65531,65551,20
13.0284004211,80.2309494019,65551,65561,10
13.0287599564,80.2308807373,65561,65572,11
13.0291004181,80.2308807373,65572,65582,10
13.0293998718,80.2308502197,65582,65592,10
13.0297803879,80.2308120728,65592,65612,20
13.0297803879,80.2308120728,65612,65622,10
13.0300102234,80.2307662964,65622,65672,50
13.0300102234,80.2307662964,65672,65683,11
13.0302696228,80.2307434082,65683,65693,10
13.0304603577,80.2307434082,65693,65703,10
13.0307502747,80.23072052,65703,65713,10
13.0312795639,80.2306976318,65713,65723,10
13.0317602158,80.2306671143,65723,65733,10
13.0320501328,80.2306518555,65733,65743,10
13.0326099396,80.2305984497,65743,65753,10
13.0332698822,80.2305526733,65753,65763,10
13.0338497162,80.2304992676,65763,65773,10
13.0346698761,80.2303466797,65773,65834,61
13.0346698761,80.2303466797,65834,65844,10
13.0348796844,80.2302932739,65844,65854,10
13.0348596573,80.2301177979,65854,65864,10
13.0346002579,80.2300872803,65864,65874,10
13.0343399048,80.2300262451,65874,66561,687
13.034239769,80.230178833,66561,66631,70
13.034239769,80.230178833,66631,66641,10
13.0339403152,80.2305374146,66641,66651,10
13.0335903168,80.2305374146,66651,66662,11
13.0328903198,80.2305908203,66662,66672,10
13.0322599411,80.2306594849,66672,66682,10
13.0318803787,80.2307128906,66682,66692,10
13.031370163,80.2307510376,66692,66702,10
13.03083992,80.230796814,66702,66763,61
13.03083992,80.230796814,66763,66773,10
13.0305404663,80.2307662964,66773,66783,10
13.0301599503,80.2308120728,66783,66793,10
13.0299301147,80.2308425903,66793,66833,40
13.0299301147,80.2308425903,66833,66843,10
13.0297298431,80.2308883667,66843,66853,10
13.0293302536,80.2309265137,66853,66864,11
13.0286302567,80.2309875488,66864,66874,10
13.0279397964,80.2310562134,66874,66884,10
13.0276699066,80.2312164307,66884,66894,10
13.0277299881,80.2317810059,66894,66904,10
13.0278100967,80.2323532104,66904,66914,10
13.0278701782,80.2328262329,66914,66924,10
13.0273895264,80.232963562,66924,66934,10
13.0269298553,80.2330703735,66934,66954,20
13.0269298553,80.2330703735,66954,66964,10
13.0267496109,80.2331085205,66964,66975,11
13.0263900757,80.2329788208,66975,66985,10
13.0262699127,80.2325820923,66985,66995,10
13.0262203217,80.2322998047,66995,67005,10
13.0261297226,80.2319335938,67005,67015,10
13.02602005,80.2316131592,67015,67025,10
13.0258798599,80.2310409546,67025,67035,10
13.025560379,80.2303466797,67035,67045,10
13.0253000259,80.2300186157,67045,67055,10
13.0251598358,80.2298202515,67055,67065,10
13.0250902176,80.2297286987,67065,67075,10
13.0249900818,80.229598999,67075,67086,11
13.0248003006,80.2293624878,67086,67096,10
13.024600029,80.2290802002,67096,67106,10
13.0242996216,80.2286529541,67106,67116,10
13.0240402222,80.2283782959,67116,67126,10
13.0240402222,80.2283706665,67126,67136,10
13.023900032,80.2281799316,67136,67146,10
13.0236101151,80.2278671265,67146,67156,10
13.0232000351,80.227432251,67156,67166,10
13.0226802826,80.2269592285,67166,67176,10
13.0220003128,80.2263717651,67176,67187,11
13.0212697983,80.2258071899,67187,67197,10
13.0206203461,80.2253112793,67197,67207,10
13.0198497772,80.2248001099,67207,67217,10
13.018989563,80.2245178223,67217,67227,10
13.0180101395,80.2248535156,67227,67237,10
13.0171403885,80.2252120972,67237,67247,10
13.0166101456,80.225440979,67247,67257,10
13.0164003372,80.2255172729,67257,67267,10
13.0161304474,80.2256164551,67267,67277,10
13.0156497955,80.2257766724,67277,67287,10
13.0150995255,80.2259979248,67287,67298,11
13.0143203735,80.2263183594,67298,67318,20
13.0143203735,80.2263183594,67318,67328,10
13.0142402649,80.2263565063,67328,67338,10
13.0138902664,80.2264862061,67338,67348,10
13.0132799149,80.2267074585,67348,67358,10
13.0125904083,80.2269897461,67358,67368,10
13.0118398666,80.2272720337,67368,67378,10
13.01101017,80.2276229858,67378,67388,10
13.0101604462,80.2279510498,67388,67398,10
13.0094003677,80.2282714844,67398,67409,11
13.0090303421,80.2291030884,67409,67419,10
13.0088701248,80.2299804688,67419,67429,10
13.0088100433,80.23046875,67429,67439,10
13.0087795258,80.2305831909,67439,67449,10
13.008769989,80.2306518555,67449,67459,10
13.0087203979,80.2309494019,67459,67469,10
13.008649826,80.2313232422,67469,67479,10
13.008600235,80.2315979004,67479,67510,31
13.008600235,80.2315979004,67510,67520,10
13.0085096359,80.2319793701,67520,67530,10
13.0084896088,80.232093811,67530,67540,10
13.0084400177,80.2323532104,67540,67550,10
13.0083799362,80.2326507568,67550,67560,10
13.0082998276,80.2330474854,67560,67570,10
13.0082702637,80.2334976196,67570,67580,10
13.0082597733,80.2335586548,67580,67590,10
13.0082397461,80.2336502075,67590,67600,10
13.0081796646,80.2337875366,67600,67610,10
13.0081300735,80.2338867188,67610,67621,11
13.008099556,80.2340621948,67621,67631,10
13.0080404282,80.2343978882,67631,67651,20
13.0080404282,80.2343978882,67651,67661,10
13.0080404282,80.2344818115,67661,67671,10
13.0079603195,80.2348709106,67671,67681,10
13.0078802109,80.2352676392,67681,67691,10
13.0078001022,80.2356567383,67691,67701,10
13.0077495575,80.2358932495,67701,67711,10
13.0077104568,80.236038208,67711,67721,10
13.0076799393,80.2362365723,67721,67732,11
13.0076398849,80.2364578247,67732,67742,10
13.0075998306,80.2366867065,67742,67752,10
13.0075397491,80.2369384766,67752,67762,10
13.0074596405,80.2373428345,67762,67772,10
13.0073795319,80.2377090454,67772,67782,10
13.0073003769,80.2381820679,67782,67792,10
13.0071802139,80.238822937,67792,67802,10
13.007060051,80.2394790649,67802,67812,10
13.0069599152,80.2400436401,67812,68014,202
13.0069599152,80.2400436401,68014,68024,10
13.0069198608,80.2403335571,68024,68034,10
13.0068702698,80.2406768799,68034,68045,11
13.0068702698,80.2406997681,68045,68055,10
13.006770134,80.2410430908,68055,68066,11
13.0067396164,80.2417221069,68066,68076,10
13.0067195892,80.2426376343,68076,68086,10
13.0066995621,80.2433166504,68086,68096,10
13.0066900253,80.2437515259,68096,68106,10
13.0066795349,80.2442779541,68106,68116,10
13.0067100525,80.2447967529,68116,68126,10
13.0066900253,80.2453536987,68126,68157,31
13.0066900253,80.2453536987,68157,68167,10
13.0067100525,80.2456283569,68167,68177,10
13.0067195892,80.2459411621,68177,68187,10
13.0067396164,80.2464599609,68187,68197,10
13.0067501068,80.2470932007,68197,68207,10
13.0067195892,80.2477722168,68207,68217,10
13.0067596436,80.248626709,68217,68227,10
13.0068702698,80.2496185303,68227,68247,20
13.0068702698,80.2496185303,68247,68257,10
13.0068597794,80.2498016357,68257,68268,11
13.0068302155,80.2506027222,68268,68298,30
13.0068302155,80.2506027222,68298,68308,10
13.0068302155,80.2510375977,68308,68318,10
13.0067901611,80.2515106201,68318,68328,10
13.0066299438,80.2522125244,68328,68338,10
13.0065603256,80.253036499,68338,68348,10
13.0065603256,80.2539367676,68348,68358,10
13.0066003799,80.2546463013,68358,68368,10
13.0066003799,80.255241394,68368,68379,11
13.0066404343,80.256149292,68379,68399,20
13.0066404343,80.256149292,68399,68409,10
13.0066299438,80.2565002441,68409,68419,10
13.0066604614,80.2571029663,68419,68429,10
13.0067596436,80.2576828003,68429,68439,10
13.0071496964,80.2582931519,68439,68449,10
13.0076904297,80.258682251,68449,68469,20
13.0076904297,80.258682251,68469,68480,11
13.0077695847,80.2587203979,68480,68490,10
13.0081701279,80.2589263916,68490,68500,10
13.0085697174,80.2590637207,68500,68510,10
13.0087995529,80.2591094971,68510,68520,10
13.0093898773,80.2591171265,68520,68530,10
13.0102396011,80.2591171265,68530,68540,10
13.0110998154,80.2591094971,68540,68550,10
13.0120201111,80.2591171265,68550,68560,10
13.0129899979,80.2591629028,68560,68570,10
13.013999939,80.2592391968,68570,68580,10
13.0151395798,80.2592926025,68580,68591,11
13.0160198212,80.2594909668,68591,68601,10
13.0164203644,80.2597579956,68601,68611,10
13.0164403915,80.2597732544,68611,68621,10
13.0164804459,80.259803772,68621,68631,10
13.0166397095,80.2600021362,68631,68641,10
13.016960144,80.2602081299,68641,68651,10
13.0174703598,80.2605285645,68651,68661,10
13.0178499222,80.2607803345,68661,68671,10
13.0181303024,80.2609786987,68671,68681,10
13.0184602737,80.2612075806,68681,68691,10
13.0186195374,80.2612762451,68691,68702,11
13.0188703537,80.2614974976,68702,68712,10
13.0192804337,80.2618408203,68712,68722,10
13.0197601318,80.2623519897,68722,68732,10
13.020190239,80.2626876831,68732,68752,20
13.020190239,80.2626876831,68752,68762,10
13.0204200745,80.262840271,68762,68772,10
13.0210399628,80.2630233765,68772,68782,10
13.0216398239,80.2632217407,68782,68792,10
13.0219497681,80.2633666992,68792,68813,21
13.0219497681,80.2633666992,68813,68823,10
13.0222597122,80.2635116577,68823,68833,10
13.0223703384,80.2635803223,68833,68843,10
13.0225095749,80.2636413574,68843,68853,10
13.0228595734,80.2638397217,68853,68863,10
13.0229301453,80.2638778687,68863,68873,10
13.0230798721,80.2639694214,68873,68883,10
13.0234603882,80.2641906738,68883,68893,10
13.0239295959,80.2644424438,68893,68903,10
13.0243997574,80.2647399902,68903,68914,11
13.0248203278,80.2650909424,68914,68924,10
13.0251598358,80.2653274536,68924,68934,10
13.0257196426,80.2657012939,68934,68944,10
13.0262203217,80.2658462524,68944,68954,10
13.0263004303,80.2653198242,68954,68964,10
13.0263299942,80.2648010254,68964,68974,10
13.0264396667,80.2642211914,68974,68984,10
13.0264596939,80.2640609741,68984,68994,10
13.0264997482,80.2639389038,68994,69004,10
13.0265302658,80.2635269165,69004,69014,10
13.0268096924,80.2634811401,69014,69025,11
13.0275001526,80.2635879517,69025,69035,10
13.0281400681,80.2637710571,69035,69045,10
13.0282297134,80.2637863159,69045,69055,10
13.0285997391,80.263923645,69055,69065,10
13.0291404724,80.2640609741,69065,69075,10
13.0292596817,80.2643890381,69075,69085,10
13.0292901993,80.2648162842,69085,69095,10
13.0292797089,80.2653579712,69095,69105,10
13.0292301178,80.2660675049,69105,69126,21
13.0292301178,80.2660675049,69126,69136,10
13.0291996002,80.2662811279,69136,69146,10
13.0291795731,80.2664794922,69146,69156,10
13.0293397903,80.2666015625,69156,69166,10
13.0295200348,80.2666473389,69166,69176,10
13.0298099518,80.2666931152,69176,69186,10
13.0301704407,80.2667236328,69186,69196,10
13.0304203033,80.2667617798,69196,69206,10
13.0309000015,80.2668380737,69206,69216,10
13.0311002731,80.2668991089,69216,69226,10
13.0314397812,80.267036438,69226,69237,11
13.031920433,80.2672271729,69237,69247,10
13.0322904587,80.2674102783,69247,69257,10
13.0326099396,80.2676391602,69257,69267,10
13.0333099365,80.2678375244,69267,69307,40
13.0333099365,80.2678375244,69307,69317,10
13.0336198807,80.2679367065,69317,69327,10
13.0340003967,80.2680206299,69327,69337,10
13.034330368,80.2680435181,69337,69368,31
13.034330368,80.2680435181,69368,69378,10
13.0345401764,80.2682189941,69378,69428,50
13.0345401764,80.2682189941,69428,69438,10
13.0342597961,80.268119812,69438,69449,11
13.0340099335,80.2680587769,69449,69459,10
13.0334100723,80.2679367065,69459,69691,232
13.0334100723,80.2679367065,69691,69701,10
13.0332098007,80.2678985596,69701,69711,10
13.0328798294,80.2678222656,69711,69721,10
13.0326595306,80.2676773071,69721,69731,10
13.0324602127,80.267539978,69731,69741,10
13.0320901871,80.2673568726,69741,69751,10
13.0316801071,80.2671966553,69751,69761,10
13.0313196182,80.2670822144,69761,69772,11
13.03083992,80.2669067383,69772,69782,10
13.030380249,80.2668228149,69782,69792,10
13.0298595428,80.2667236328,69792,69802,10
13.0298204422,80.2667007446,69802,69812,10
13.0295495987,80.2666625977,69812,69822,10
13.0292396545,80.2665863037,69822,69832,10
13.0290203094,80.2665023804,69832,69842,10
13.0288095474,80.2664413452,69842,69852,10
13.0285797119,80.2664031982,69852,69862,10
13.028260231,80.2663269043,69862,69872,10
13.0277795792,80.2662124634,69872,69883,11
13.0272302628,80.2661590576,69883,69893,10
13.02684021,80.2661209106,69893,69903,10
13.0268297195,80.2661209106,69903,69913,10
13.026720047,80.2661514282,69913,69923,10
13.0264196396,80.2660903931,69923,69933,10
13.0261001587,80.2659606934,69933,69943,10
13.0258798599,80.2658233643,69943,69953,10
13.0256795883,80.2656784058,69953,69963,10
13.0254802704,80.2655410767,69963,69973,10
13.0253400803,80.2654724121,69973,69983,10
13.0253000259,80.2654495239,69983,69994,11
13.0251398087,80.2653427124,69994,70004,10
13.0248203278,80.265083313,70004,70014,10
13.024600029,80.2649307251,70014,70024,10
13.0241203308,80.2645721436,70024,70034,10
13.0237903595,80.2643890381,70034,70044,10
13.023440361,80.264213562,70044,70054,10
13.0229797363,80.2639312744,70054,70064,10
13.022480011,80.263671875,70064,70074,10
13.0221500397,80.2635192871,70074,70084,10
13.0221300125,80.2635192871,70084,70095,11
13.0218400955,80.2633514404,70095,70105,10
13.0214195251,80.2631912231,70105,70115,10
13.02064991,80.2630996704,70115,70125,10
13.020070076,80.2630691528,70125,70135,10
13.0194396973,80.2630004883,70135,70145,10
13.0190200806,80.2629470825,70145,70155,10
13.0188598633,80.2624816895,70155,70165,10
13.0187702179,80.2618713379,70165,70175,10
13.018699646,80.2615203857,70175,70185,10
13.0186300278,80.2613677979,70185,70195,10
13.0185203552,80.2612686157,70195,70206,11
13.0183696747,80.2611618042,70206,70216,10
13.0181798935,80.2610473633,70216,70226,10
13.0178604126,80.2608566284,70226,70236,10
13.0174503326,80.2605895996,70236,70245,9
13.0169000626,80.2602233887,70245,70256,11
13.0161600113,80.2597885132,70256,70276,20
13.0161600113,80.2597885132,70276,70286,10
13.0160102844,80.2597198486,70286,70296,10
13.0155601501,80.2595367432,70296,70306,10
13.0147800446,80.2593765259,70306,70317,11
13.0138301849,80.2593307495,70317,70327,10
13.0128898621,80.2593002319,70327,70337,10
13.0119895935,80.259262085,70337,70347,10
13.0112895966,80.2592391968,70347,70357,10
13.0106096268,80.2592468262,70357,70367,10
13.010020256,80.2593078613,70367,70377,10
13.0098800659,80.2593078613,70377,70387,10
13.0095596313,80.2592697144,70387,70397,10
13.0091104507,80.259262085,70397,70407,10
13.0087499619,80.2592468262,70407,70418,11
13.0082998276,80.2592315674,70418,70428,10
13.0078601837,80.2593231201,70428,70438,10
13.0074701309,80.2593994141,70438,70448,10
13.0072498322,80.2589874268,70448,70458,10
13.0071601868,80.2587890625,70458,70468,10
13.0070695877,80.2585601807,70468,70478,10
13.0068397522,80.2582015991,70478,70488,10
13.0066604614,80.2578964233,70488,70508,20
13.0066604614,80.2578964233,70508,70518,10
13.0065097809,80.2576065063,70518,70529,11
13.006480217,80.2573318481,70529,70539,10
13.006480217,80.2571716309,70539,70549,10
13.0064496994,80.2569198608,70549,70559,10
13.0064601898,80.256439209,70559,70569,10
13.0064601898,80.255859375,70569,70579,10
13.0064697266,80.2553024292,70579,70589,10
13.0065002441,80.2548370361,70589,70598,9
13.006480217,80.2543411255,70598,70609,11
13.0064601898,80.2532806396,70609,70629,20
13.0064601898,80.2532806396,70629,70640,11
13.0064601898,80.2530670166,70640,70650,10
13.0064897537,80.2525100708,70650,70720,70
13.0064897537,80.2525100708,70720,70730,10
13.0066099167,80.2520294189,70730,70741,11
13.0066995621,80.2513504028,70741,70751,10
13.0067300797,80.2504425049,70751,70892,141
13.0067300797,80.2504425049,70892,70902,10
13.0066995621,80.2501678467,70902,70912,10
13.0066900253,80.2496185303,70912,70922,10
13.0066795349,80.2492218018,70922,70932,10
13.006649971,80.2489089966,70932,70942,10
13.0066099167,80.2485427856,70942,71033,91
13.0066099167,80.2485427856,71033,71043,10
13.0066099167,80.2480316162,71043,71053,10
13.0066003799,80.2474594116,71053,71064,11
13.0065402985,80.2467727661,71064,71094,30
13.0065402985,80.2467727661,71094,71104,10
13.0065202713,80.2465515137,71104,71114,10
13.0065402985,80.2462005615,71114,71124,10
13.0065402985,80.2458572388,71124,71134,10
13.0065402985,80.2458190918,71134,71144,10
13.0065402985,80.2456207275,71144,71154,10
13.0065402985,80.2455291748,71154,71164,10
13.0065498352,80.2452774048,71164,71175,11
13.0065498352,80.2450790405,71175,71185,10
13.0065603256,80.2447967529,71185,71195,10
13.0066003799,80.2444915771,71195,71205,10
13.0066003799,80.2442016602,71205,71215,10
13.0065898895,80.2437820435,71215,71225,10
13.0065803528,80.2434463501,71225,71235,10
13.0065603256,80.2429428101,71235,71245,10
13.006529808,80.2422409058,71245,71255,10
13.0065097809,80.2418136597,71255,71265,10
13.0065097809,80.2416763306,71265,71275,10
13.006529808,80.2412490845,71275,71286,11
13.0065498352,80.2409667969,71286,71296,10
13.0065603256,80.2408828735,71296,71306,10
13.0066204071,80.2405471802,71306,71316,10
13.0067796707,80.2399520874,71316,71326,10
13.0069599152,80.239151001,71326,71336,10
13.007060051,80.2383499146,71336,71346,10
13.0071802139,80.2377471924,71346,71356,10
13.0073204041,80.2369232178,71356,71376,20
13.0073204041,80.2369232178,71376,71387,11
13.007399559,80.2366714478,71387,71397,10
13.0074996948,80.2362594604,71397,71407,10
13.007610321,80.2357330322,71407,71417,10
13.0077104568,80.235168457,71417,71427,10
13.0078601837,80.2344207764,71427,71437,10
13.0080299377,80.233581543,71437,71447,10
13.0082197189,80.2326583862,71447,71457,10
13.0084104538,80.2317123413,71457,71467,10
13.0085897446,80.2307815552,71467,71477,10
13.0087795258,80.2297821045,71477,71487,10
13.0089597702,80.2289276123,71487,71498,11
13.0092096329,80.2279815674,71498,71508,10
13.0095596313,80.227180481,71508,71518,10
13.0099201202,80.2263793945,71518,71528,10
13.0102500916,80.2257080078,71528,71538,10
13.0104999542,80.2251968384,71538,71548,10
13.0106897354,80.2248306274,71548,71558,10
13.0108499527,80.2244262695,71558,71568,10
13.0110502243,80.2239303589,71568,71578,10
13.0112104416,80.2234191895,71578,71619,41
13.0112104416,80.2234191895,71619,71629,10
13.0113697052,80.2230072021,71629,71639,10
13.0116596222,80.2223510742,71639,71649,10
13.0119600296,80.2215576172,71649,71659,10
13.0122804642,80.2214813232,71659,71669,10
13.0125799179,80.2219467163,71669,71679,10
13.0131101608,80.2225570679,71679,71689,10
13.0136299133,80.2231369019,71689,71699,10
13.0141401291,80.2237472534,71699,71710,11
13.0146503448,80.2244110107,71710,71720,10
13.0150499344,80.2247924805,71720,71730,10
13.0154600143,80.2250518799,71730,71750,20
13.0154600143,80.2250518799,71750,71760,10
13.0157203674,80.2252807617,71760,71770,10
13.0162601471,80.2253799438,71770,71780,10
13.0170001984,80.2251586914,71780,71790,10
13.0178804398,80.2248001099,71790,71800,10
13.0187196732,80.2244720459,71800,71810,10
13.019490242,80.2244720459,71810,71821,11
13.0201396942,80.2249069214,71821,71831,10
13.0206403732,80.2252731323,71831,71841,10
13.0211400986,80.2256393433,71841,71851,10
13.02161026,80.2259674072,71851,71861,10
13.0219497681,80.2261962891,71861,71871,10
13.0219602585,80.2261962891,71871,71881,10
13.0221996307,80.2264404297,71881,71891,10
13.0226602554,80.226852417,71891,71901,10
13.0231399536,80.2273178101,71901,71911,10
13.0236701965,80.2278137207,71911,71922,11
13.0241098404,80.2282180786,71922,71932,10
13.0241804123,80.2282791138,71932,71942,10
13.0243396759,80.2285385132,71942,71952,10
13.0245704651,80.2289199829,71952,71962,10
13.0249099731,80.2294006348,71962,71972,10
13.0253601074,80.2299804688,71972,71982,10
13.0258197784,80.230682373,71982,72053,71
13.0258197784,80.230796814,72053,72093,40
13.0258197784,80.230796814,72093,72103,10
13.0259199142,80.231010437,72103,72113,10
13.0259599686,80.2313079834,72113,72123,10
13.0264196396,80.2312774658,72123,72133,10
13.0275096893,80.2310028076,72133,72194,61
13.0275096893,80.2310028076,72194,72204,10
13.0277795792,80.2309570313,72204,72214,10
13.0280103683,80.2309570313,72214,72224,10
13.0282001495,80.2309188843,72224,72234,10
13.0286102295,80.2308807373,72234,72275,41
13.0286102295,80.2308807373,72275,72285,10
13.029009819,80.2308197021,72285,72295,10
13.0292396545,80.230796814,72295,72305,10
13.0296201706,80.230758667,72305,72315,10
13.0301399231,80.23072052,72315,72325,10
13.0303602219,80.2306976318,72325,72335,10
13.0307197571,80.2306976318,72335,72345,10
13.0312204361,80.230682373,72345,72356,11
13.0319004059,80.2306213379,72356,72366,10
13.0326004028,80.2305603027,72366,72376,10
13.033249855,80.230506897,72376,72386,10
13.0337400436,80.23046875,72386,72396,10
13.034119606,80.2304382324,72396,72406,10
13.0343999863,80.2304077148,72406,72436,30
13.0343999863,80.2304077148,72436,72446,10
13.0347204208,80.2302780151,72446,72456,10
13.0348396301,80.2301025391,72456,72467,11
13.0346603394,80.2300262451,72467,72477,10
13.0343704224,80.2299880981,72477,72951,474
13.0343704224,80.2299880981,72951,72961,10
13.0341100693,80.2302398682,72961,72971,10
13.0341100693,80.2303009033,72971,72981,10
13.0340995789,80.2304000854,72981,72991,10
13.0340003967,80.230506897,72991,73002,11
13.0337896347,80.2304763794,73002,73012,10
13.0336799622,80.2304763794,73012,73022,10
13.033490181,80.2304916382,73022,73032,10
13.0333404541,80.2304763794,73032,73042,10
13.0328903198,80.2305221558,73042,73052,10
13.0324201584,80.2305679321,73052,73062,10
13.0318698883,80.2306289673,73062,73072,10
13.031370163,80.230682373,73072,73082,10
13.03083992,80.2307434082,73082,73092,10
13.030579567,80.230758667,73092,73102,10
13.0299797058,80.2308197021,73102,73123,21
13.0299797058,80.2308197021,73123,73133,10
13.0297803879,80.2308425903,73133,73143,10
13.0295495987,80.2308578491,73143,73153,10
13.0290803909,80.2308883667,73153,73163,10
13.0283699036,80.2309799194,73163,73173,10
13.0278301239,80.2310409546,73173,73183,10
13.0276002884,80.2311401367,73183,73193,10
13.0276203156,80.2315597534,73193,73203,10
13.027680397,80.232093811,73203,73214,11
13.0277996063,80.232673645,73214,73224,10
13.0275001526,80.2329025269,73224,73234,10
13.0268096924,80.2329864502,73234,73304,70
13.0268096924,80.2329864502,73304,73314,10
13.0266103745,80.233039856,73314,73325,11
13.026309967,80.2329025269,73325,73335,10
13.026140213,80.232383728,73335,73345,10
13.0259799957,80.2317810059,73345,73355,10
13.0258398056,80.2311706543,73355,73365,10
13.02546978,80.2303085327,73365,73375,10
13.024939537,80.2295532227,73375,73385,10
13.0246200562,80.2291870117,73385,73395,10
13.024600029,80.2291717529,73395,73405,10
13.0245304108,80.2291030884,73405,73415,10
13.0243196487,80.2287979126,73415,73425,10
13.0239400864,80.2283935547,73425,73446,21
13.0239400864,80.2283935547,73446,73456,10
13.0238199234,80.2282409668,73456,73466,10
13.0236196518,80.2279891968,73466,73476,10
13.0233402252,80.2276992798,73476,73486,10
13.0230798721,80.2274169922,73486,73496,10
13.0226297379,80.2269973755,73496,73506,10
13.0221595764,80.2265701294,73506,73516,10
13.0214395523,80.225982666,73516,73526,10
13.0208396912,80.2255020142,73526,73537,11
13.0200595856,80.2249832153,73537,73547,10
13.0198001862,80.2248001099,73547,73557,10
13.0197200775,80.2247619629,73557,73567,10
13.0192699432,80.2245483398,73567,73577,10
13.0184297562,80.2246322632,73577,73587,10
13.0174798965,80.2250213623,73587,73597,10
13.0166301727,80.2253723145,73597,73607,10
13.0159797668,80.2255783081,73607,73617,10
13.0152597427,80.2258682251,73617,73627,10
13.0145301819,80.2261505127,73627,73637,10
13.0143003464,80.2262573242,73637,73648,11
13.0141897202,80.2263031006,73648,73658,10
13.0136899948,80.2265014648,73658,73668,10
13.0129003525,80.2267913818,73668,73678,10
13.0119400024,80.227180481,73678,73688,10
13.0108699799,80.2275924683,73688,73698,10
13.0099000931,80.2279815674,73698,73708,10
13.0091495514,80.2284011841,73708,73718,10
13.0089302063,80.2293167114,73718,73728,10
13.0087099075,80.2304382324,73728,73738,10
13.0085296631,80.2314987183,73738,73748,10
13.0083398819,80.2325286865,73748,73759,11
13.0082197189,80.2333908081,73759,73769,10
13.008190155,80.2335662842,73769,73779,10
13.0081100464,80.233757019,73779,73789,10
13.0080003738,80.2343215942,73789,73799,10
13.0078496933,80.2350463867,73799,73809,10
13.0076599121,80.2359313965,73809,73819,10
13.0074701309,80.2369918823,73819,73829,10
13.0072698593,80.237991333,73829,73839,10
13.0071296692,80.2388000488,73839,73849,10
13.0069999695,80.239440918,73849,73860,11
13.0069799423,80.2395782471,73860,73870,10
13.006939888,80.2397994995,73870,73880,10
13.0068902969,80.2402801514,73880,73890,10
13.0068597794,80.2406768799,73890,73900,10
13.0068302155,80.2407836914,73900,73910,10
13.0067796707,80.2410507202,73910,73920,10
13.0067195892,80.2416763306,73920,73930,10
13.0066900253,80.2425231934,73930,73940,10
13.0066699982,80.2432327271,73940,73950,10
13.0066795349,80.2440032959,73950,73960,10
13.0066699982,80.2449111938,73960,73971,11
13.0066900253,80.2457885742,73971,73981,10
13.0067195892,80.2465133667,73981,73991,10
13.0067396164,80.2472229004,73991,74011,20
13.0067396164,80.2472229004,74011,74021,10
13.0066900253,80.2476882935,74021,74031,10
13.0067100525,80.2483596802,74031,74041,10
13.006819725,80.2494506836,74041,74061,20
13.006819725,80.2494506836,74061,74071,10
13.0068101883,80.2497634888,74071,74082,11
13.0067796707,80.2504730225,74082,74092,10
13.0067996979,80.2512512207,74092,74102,10
13.0066604614,80.2519378662,74102,74112,10
13.0065202713,80.2527694702,74112,74122,10
13.0065002441,80.2536621094,74122,74132,10
13.0065202713,80.2544784546,74132,74142,10
13.0065402985,80.2552032471,74142,74152,10
13.0065603256,80.2559814453,74152,74162,10
13.0065803528,80.2566070557,74162,74172,10
13.0066099167,80.2570114136,74172,74213,41
13.0066099167,80.2570114136,74213,74223,10
13.0066099167,80.2572021484,74223,74233,10
13.0067195892,80.2576980591,74233,74243,10
13.0070400238,80.2583084106,74243,74253,10
13.0075302124,80.2586364746,74253,74263,10
13.0075998306,80.2586669922,74263,74273,10
13.0078401566,80.2587890625,74273,74283,10
13.0083703995,80.2589797974,74283,74294,11
13.0089998245,80.2590866089,74294,74304,10
13.0097999573,80.2590866089,74304,74314,10
13.0107097626,80.2591094971,74314,74324,10
13.0116701126,80.2591094971,74324,74334,10
13.0125999451,80.2591400146,74334,74344,10
13.013710022,80.2591934204,74344,74354,10
13.0149402618,80.2592315674,74354,74364,10
13.0158596039,80.259437561,74364,74374,10
13.0163297653,80.2596893311,74374,74384,10
13.0163402557,80.2596969604,74384,74394,10
13.0165395737,80.2599182129,74394,74405,11
13.0171298981,80.2602996826,74405,74415,10
13.017829895,80.2607803345,74415,74425,10
13.0185203552,80.2612533569,74425,74435,10
13.0190896988,80.2617416382,74435,74445,10
13.0195999146,80.2621688843,74445,74455,10
13.0200500488,80.2625808716,74455,74465,10
13.0200996399,80.2626190186,74465,74475,10
13.020409584,80.262840271,74475,74485,10
13.0210399628,80.2630081177,74485,74495,10
13.0216503143,80.2632217407,74495,74506,11
13.02202034,80.2633895874,74506,74516,10
13.0223798752,80.2635803223,74516,74526,10
13.0227603912,80.2638092041,74526,74536,10
13.022769928,80.2638092041,74536,74546,10
13.0230102539,80.2639923096,74546,74556,10
13.0235099792,80.264251709,74556,74566,10
13.0240402222,80.2645187378,74566,74576,10
13.024479866,80.2648162842,74576,74586,10
13.0248298645,80.265083313,74586,74596,10
13.0252199173,80.2653503418,74596,74606,10
13.025639534,80.2656326294,74606,74617,11
13.0260400772,80.2658615112,74617,74647,30
13.0260400772,80.2658615112,74647,74657,10
13.0262804031,80.2655410767,74657,74667,10
13.026309967,80.2651062012,74667,74677,10
13.0263595581,80.264541626,74677,74687,10
13.0263996124,80.2642288208,74687,74697,10
13.0264396667,80.2641067505,74697,74707,10
13.0264997482,80.2637634277,74707,74717,10
13.0265102386,80.2636032104,74717,74728,11
13.0266895294,80.2634277344,74728,74738,10
13.0270004272,80.263458252,74738,74748,10
13.0273895264,80.2635192871,74748,74758,10
13.0278701782,80.263671875,74758,74768,10
13.0280704498,80.2637329102,74768,74778,10
13.028260231,80.2638015747,74778,74788,10
13.0285596848,80.2638702393,74788,74798,10
13.0288801193,80.2639465332,74798,74808,10
13.0292396545,80.2641220093,74808,74818,10
13.0292901993,80.2645263672,74818,74829,11
13.029299736,80.265083313,74829,74839,10
13.0292701721,80.2658004761,74839,74859,20
13.0292701721,80.2658004761,74859,74869,10
13.0292100906,80.2660903931,74869,74879,10
13.0291795731,80.2663269043,74879,74889,10
13.0291996002,80.2665405273,74889,74899,10
13.0296096802,80.2666168213,74899,74909,10
13.0300998688,80.2666778564,74909,74919,10
13.0307502747,80.2667770386,74919,74929,10
13.0313997269,80.2669830322,74929,74940,11
13.0320396423,80.2672729492,74940,74950,10
13.0324602127,80.2674636841,74950,74960,10
13.0327596664,80.2676925659,74960,74970,10
13.0333499908,80.267791748,74970,74990,20
13.0333499908,80.267791748,74990,75000,10
13.0335903168,80.2678909302,75000,75010,10
13.0338096619,80.2679367065,75010,75020,10
13.034119606,80.2679901123,75020,75030,10
13.0344800949,80.2680130005,75030,75051,21
13.0344800949,80.2680130005,75051,75061,10
13.0344495773,80.2681884766,75061,75111,50
13.0344495773,80.2681884766,75111,75121,10
13.0339803696,80.2679977417,75121,75131,10
13.0334396362,80.2678985596,75131,75676,545
13.0334396362,80.2678985596,75676,75687,11
13.0330600739,80.2677993774,75687,75697,10
13.0328197479,80.267791748,75697,75707,10
13.0325403214,80.2676391602,75707,75717,10
13.0322904587,80.2674331665,75717,75727,10
13.0318698883,80.2672424316,75727,75737,10
13.0314798355,80.2670822144,75737,75747,10
13.0309495926,80.2669525146,75747,75757,10
13.0304403305,80.2668609619,75757,75767,10
13.0300998688,80.2667922974,75767,75777,10
13.0297403336,80.2667236328,75777,75787,10
13.0297298431,80.266708374,75787,75798,11
13.0293397903,80.2666397095,75798,75808,10
13.0291900635,80.2666091919,75808,75818,10
13.0291004181,80.2665328979,75818,75828,10
13.0287904739,80.2664413452,75828,75838,10
13.0285797119,80.2664031982,75838,75848,10
13.0283498764,80.2663497925,75848,75858,10
13.0279197693,80.2662811279,75858,75868,10
13.0273399353,80.2662200928,75868,75878,10
13.0266895294,80.2661514282,75878,75909,31
13.0266895294,80.2661514282,75909,75919,10
13.0263795853,80.2660369873,75919,75929,10
13.0261602402,80.2660064697,75929,75939,10
13.0259504318,80.2658996582,75939,75949,10
13.0256996155,80.2657012939,75949,75959,10
13.0252199173,80.2653884888,75959,75979,20
13.0252199173,80.2653884888,75979,75989,10
13.0249700546,80.2652206421,75989,75999,10
13.0247297287,80.2649993896,75999,76010,11
13.0242996216,80.2647171021,76010,76020,10
13.023900032,80.2644424438,76020,76030,10
13.0235204697,80.2642211914,76030,76040,10
13.0231399536,80.2640304565,76040,76050,10
13.0226202011,80.2637634277,76050,76060,10
13.0221204758,80.2635421753,76060,76080,20
13.0221204758,80.2635421753,76080,76090,10
13.0218000412,80.263381958,76090,76100,10
13.021320343,80.2631912231,76100,76110,10
13.0206203461,80.2630996704,76110,76121,11
13.0199699402,80.2630767822,76121,76131,10
13.0194301605,80.2630233765,76131,76141,10
13.018989563,80.2629776001,76141,76151,10
13.018819809,80.2626495361,76151,76161,10
13.0187501907,80.2619934082,76161,76171,10
13.0185804367,80.2613677979,76171,76181,10
13.0180997849,80.2610168457,76181,76191,10
13.0174999237,80.2606430054,76191,76201,10
13.0168800354,80.2602233887,76201,76211,10
13.0160398483,80.2597503662,76211,76232,21
13.0160398483,80.2597503662,76232,76242,10
13.0159597397,80.2596969604,76242,76252,10
13.0156402588,80.2595672607,76252,76262,10
13.0150699615,80.2593994141,76262,76272,10
13.0143899918,80.2593383789,76272,76282,10
13.0136098862,80.2593078613,76282,76292,10
13.0127897263,80.2592697144,76292,76302,10
13.0120401382,80.2592391968,76302,76312,10
13.0112895966,80.2592163086,76312,76322,10
13.0103797913,80.2592697144,76322,76333,11
13.0098800659,80.2593231201,76333,76343,10
13.0097398758,80.2593002319,76343,76353,10
13.0093297958,80.2592468262,76353,76363,10
13.0088396072,80.2592391968,76363,76373,10
13.0085601807,80.2592391968,76373,76383,10
13.0080099106,80.2592391968,76383,76393,10
13.0074100494,80.2593688965,76393,76403,10
13.0071697235,80.2589492798,76403,76413,10
13.0071496964,80.2588500977,76413,76423,10
13.0070800781,80.2586975098,76423,76433,10
13.0069904327,80.2585067749,76433,76444,11
13.0067300797,80.2580337524,76444,76454,10
13.006480217,80.2577362061,76454,76504,50
13.006480217,80.2577362061,76504,76514,10
13.0063800812,80.2575912476,76514,76524,10
13.0063896179,80.257019043,76524,76534,10
13.0064296722,80.2562179565,76534,76545,11
13.0064697266,80.2553482056,76545,76555,10
13.0065002441,80.2546768188,76555,76565,10
13.0064697266,80.2539978027,76565,76575,10
13.0064601898,80.2533493042,76575,76595,20
13.0064601898,80.2533493042,76595,76605,10
13.0064601898,80.2530288696,76605,76615,10
13.006480217,80.2525100708,76615,76625,10
13.0065402985,80.2520904541,76625,76696,71
13.0065402985,80.2520904541,76696,76706,10
13.0066404343,80.2517471313,76706,76716,10
13.0067195892,80.2512512207,76716,76726,10
13.0067195892,80.2505187988,76726,76736,10
13.0067100525,80.2498168945,76736,76746,10
13.0066995621,80.2495803833,76746,76756,10
13.0066795349,80.2490615845,76756,76767,11
13.0066003799,80.2481613159,76767,76777,10
13.0065898895,80.2472915649,76777,76787,10
13.0065402985,80.2467727661,76787,76797,10
13.0065202713,80.2467422485,76797,76807,10
13.0065097809,80.2465896606,76807,76817,10
13.0065803528,80.2460479736,76817,76827,10
13.0065698624,80.2452468872,76827,76837,10
13.006529808,80.2447433472,76837,76847,10
13.0065402985,80.2442779541,76847,76857,10
13.0065402985,80.2437973022,76857,76868,11
13.0065002441,80.2432785034,76868,76878,10
13.006480217,80.2425003052,76878,76888,10
13.0064601898,80.2417373657,76888,76898,10
13.006480217,80.241607666,76898,76908,10
13.006529808,80.2410888672,76908,76918,10
13.0066299438,80.2404174805,76918,76928,10
13.0068397522,80.2395629883,76928,76938,10
13.0069799423,80.2387924194,76938,76948,10
13.0071001053,80.2380981445,76948,76958,10
13.0072002411,80.2376403809,76958,76968,10
13.0073099136,80.2370300293,76968,76979,11
13.0073204041,80.2368392944,76979,76989,10
13.0074596405,80.2364425659,76989,76999,10
13.0076198578,80.2357025146,76999,77009,10
13.0078001022,80.2347793579,77009,77019,10
13.0079803467,80.2338790894,77019,77029,10
13.008190155,80.2328414917,77029,77039,10
13.0083999634,80.2317428589,77039,77049,10
13.0086097717,80.2306289673,77049,77059,10
13.0088195801,80.2295227051,77059,77069,10
13.0090303421,80.2284698486,77069,77080,11
13.0094404221,80.2273788452,77080,77090,10
13.0098800659,80.2264328003,77090,77100,10
13.0102796555,80.2255401611,77100,77110,10
13.0106697083,80.2247009277,77110,77120,10
13.0109596252,80.2240066528,77120,77130,10
13.0112600327,80.2232589722,77130,77150,20
13.0112600327,80.2232589722,77150,77160,10
13.0112895966,80.2231903076,77160,77170,10
13.0114402771,80.2228088379,77170,77180,10
13.0116996765,80.222076416,77180,77191,11
13.0120000839,80.2214736938,77191,77201,10
13.0122098923,80.2214126587,77201,77211,10
13.0123901367,80.2217025757,77211,77221,10
13.0128498077,80.2222900391,77221,77231,10
13.0134000778,80.2229309082,77231,77241,10
13.0139503479,80.2235412598,77241,77251,10
13.0143404007,80.2240829468,77251,77261,10
13.0149097443,80.2247085571,77261,77271,10
13.0153303146,80.2249679565,77271,77281,10
13.0154104233,80.2250289917,77281,77291,10
13.0154895782,80.2251281738,77291,77302,11
13.0160198212,80.2254180908,77302,77312,10
13.0169696808,80.2251586914,77312,77322,10
13.0180196762,80.2247314453,77322,77332,10
13.0189399719,80.2244110107,77332,77342,10
13.0194196701,80.2244720459,77342,77352,10
13.0198497772,80.2247009277,77352,77362,10
13.020409584,80.2251281738,77362,77372,10
13.0210199356,80.2255935669,77372,77382,10
13.0214796066,80.2259063721,77382,77392,10
13.0217103958,80.2260513306,77392,77403,11
13.0217695236,80.2260894775,77403,77413,10
13.0221004486,80.2263717651,77413,77423,10
13.0224199295,80.2266616821,77423,77433,10
13.0228204727,80.2270202637,77433,77443,10
13.0232000351,80.2273864746,77443,77453,10
13.0236501694,80.2278137207,77453,77463,10
13.0240297318,80.228187561,77463,77473,10
13.0242595673,80.2284317017,77473,77483,10
13.0244398117,80.2287216187,77483,77493,10
13.0247297287,80.2291870117,77493,77503,10
13.0251703262,80.2297515869,77503,77514,11
13.0256500244,80.2304534912,77514,77524,10
13.0258398056,80.2308883667,77524,77534,10
13.0259199142,80.2311325073,77534,77544,10
13.0259199142,80.2312698364,77544,77554,10
13.0261201859,80.2313995361,77554,77564,10
13.0267601013,80.2312164307,77564,77574,10
13.0274400711,80.2310409546,77574,77584,10
13.0280599594,80.2309494019,77584,77594,10
13.0282897949,80.2309265137,77594,77604,10
13.0284204483,80.2309188843,77604,77615,11
13.0289201736,80.2308807373,77615,77625,10
13.0293903351,80.2308273315,77625,77635,10
13.02987957,80.230796814,77635,77645,10
13.0303602219,80.2307510376,77645,77655,10
13.0309200287,80.2307128906,77655,77665,10
13.0315198898,80.2306594849,77665,77675,10
13.0321302414,80.2306213379,77675,77685,10
13.0328903198,80.2305603027,77685,77695,10
13.0335903168,80.2305221558,77695,77705,10
13.0340099335,80.2304534912,77705,77715,10
13.0340595245,80.2304534912,77715,77726,11
13.0341701508,80.2304382324,77726,77736,10
13.0343904495,80.2304000854,77736,77746,10
13.0345001221,80.2303466797,77746,77756,10
13.0346698761,80.2302932739,77756,77766,10
13.0348796844,80.2301712036,77766,77776,10
13.0350198746,80.2299194336,77776,77786,10
13.0350103378,80.2298431396,77786,77796,10
13.034819603,80.2298431396,77796,77806,10
13.0344400406,80.2297973633,77806,77816,10
13.0341796875,80.2298126221,77816,77826,10
13.0341501236,80.2300186157,77826,78008,182
13.0341100693,80.2304382324,78008,78059,51
13.0341100693,80.2304382324,78059,78069,10
13.0339603424,80.2305297852,78069,78079,10
13.0339298248,80.2305297852,78079,78089,10
13.0336103439,80.2304611206,78089,78119,30
13.0336103439,80.2304611206,78119,78129,10
13.0332403183,80.2305221558,78129,78139,10
13.0327301025,80.2305603027,78139,78149,10
13.032500267,80.2305831909,78149,78160,11
13.0324897766,80.2305831909,78160,78170,10
13.0323495865,80.2305984497,78170,78180,10
13.0319004059,80.2306594849,78180,78190,10
13.0313100815,80.2307128906,78190,78200,10
13.0307998657,80.2307434082,78200,78210,10
13.0304203033,80.2307891846,78210,78220,10
13.0299701691,80.2308425903,78220,78230,10
13.0298595428,80.2308425903,78230,78240,10
13.0297298431,80.2308578491,78240,78250,10
13.0293302536,80.2309112549,78250,78261,11
13.0285797119,80.2309570313,78261,78271,10
13.0279502869,80.2310180664,78271,78281,10
13.0276098251,80.2310791016,78281,78291,10
13.0276203156,80.2315597534,78291,78301,10
13.0277004242,80.232170105,78301,78311,10
13.0278100967,80.2326812744,78311,78321,10
13.0274896622,80.2329025269,78321,78331,10
13.0268602371,80.2329788208,78331,78351,20
13.0268602371,80.2329788208,78351,78361,10
13.0265598297,80.2330627441,78361,78372,11
13.0262403488,80.2326583862,78372,78382,10
13.0260601044,80.2319488525,78382,78392,10
13.0258798599,80.2311706543,78392,78402,10
13.0254898071,80.2302627563,78402,78412,10
13.0246295929,80.2291793823,78412,78442,30
13.0246295929,80.2291793823,78442,78452,10
13.0243701935,80.2288589478,78452,78462,10
13.024020195,80.2284622192,78462,78473,11
13.0239896774,80.2284317017,78473,78483,10
13.0238599777,80.2282562256,78483,78493,10
13.023639679,80.2279815674,78493,78503,10
13.0233697891,80.2277069092,78503,78513,10
13.0231599808,80.2274627686,78513,78523,10
13.0226802826,80.2270126343,78523,78533,10
13.022069931,80.2264633179,78533,78543,10
13.0214395523,80.2259521484,78543,78553,10
13.0208501816,80.225479126,78553,78563,10
13.0201702118,80.2250289917,78563,78573,10
13.0193796158,80.2245635986,78573,78584,11
13.0183000565,80.2246780396,78584,78594,10
13.0174798965,80.2249984741,78594,78604,10
13.016699791,80.2253417969,78604,78614,10
13.0160703659,80.2255706787,78614,78624,10
13.0153999329,80.2258071899,78624,78634,10
13.01445961,80.2262115479,78634,78654,20
13.01445961,80.2262115479,78654,78664,10
13.0142297745,80.226272583,78664,78674,10
13.0136404037,80.2265090942,78674,78684,10
13.0128097534,80.2268371582,78684,78695,11
13.0116596222,80.2273025513,78695,78705,10
13.01060009,80.227722168,78705,78715,10
13.0096502304,80.2281036377,78715,78725,10
13.0090398788,80.2286682129,78725,78735,10
13.0088396072,80.2296829224,78735,78745,10
13.0086297989,80.2308273315,78745,78755,10
13.0084199905,80.2319107056,78755,78765,10
13.0082302094,80.2329177856,78765,78775,10
13.0081501007,80.2335281372,78775,78785,10
13.0081195831,80.2336807251,78785,78795,10
13.0080003738,80.2341384888,78795,78806,11
13.0078296661,80.2349700928,78806,78816,10
13.0076398849,80.2358779907,78816,78826,10
13.0074796677,80.2367401123,78826,78836,10
13.0072698593,80.2378005981,78836,78846,10
13.0071296692,80.2385864258,78846,78856,10
13.0069799423,80.2393722534,78856,78866,10
13.0068798065,80.2399520874,78866,78967,101
13.0068798065,80.2399520874,78967,78977,10
13.0068597794,80.240196228,78977,78987,10
13.0067501068,80.240737915,78987,78997,10
13.0066995621,80.2414932251,78997,79007,10
13.0066795349,80.2423934937,79007,79018,11
13.0066299438,80.2432785034,79018,79028,10
13.0066099167,80.2440414429,79028,79038,10
13.0066204071,80.2449874878,79038,79048,10
13.0066404343,80.2457504272,79048,79058,10
13.0066699982,80.246421814,79058,79068,10
13.0066900253,80.2469406128,79068,79078,10
13.0066795349,80.2473983765,79078,79088,10
13.0066795349,80.2481689453,79088,79098,10
13.0067596436,80.2490310669,79098,79108,10
13.006819725,80.249420166,79108,79119,11
13.0068397522,80.2495422363,79119,79129,10
13.0067996979,80.2500610352,79129,79139,10
13.0067996979,80.2508773804,79139,79149,10
13.0067300797,80.2515869141,79149,79159,10
13.0065402985,80.2524185181,79159,79169,10
13.0065002441,80.2532730103,79169,79179,10
13.0065202713,80.2541885376,79179,79189,10
13.0065402985,80.254699707,79189,79199,10
13.0065402985,80.2552490234,79199,79209,10
13.0065803528,80.2560577393,79209,79219,10
13.0065603256,80.256690979,79219,79230,11
13.006649971,80.2573013306,79230,79280,50
13.006649971,80.2573013306,79280,79290,10
13.0067596436,80.2577133179,79290,79300,10
13.0070495605,80.2582778931,79300,79310,10
13.0075597763,80.258682251,79310,79320,10
13.0076303482,80.2586975098,79320,79330,10
13.0079803467,80.2588577271,79330,79341,11
13.0086603165,80.2590713501,79341,79351,10
13.0094404221,80.2590789795,79351,79361,10
13.0103397369,80.2591018677,79361,79371,10
13.0113296509,80.2590866089,79371,79381,10
13.0123701096,80.2591094971,79381,79391,10
13.0134601593,80.259147644,79391,79401,10
13.0145797729,80.2591934204,79401,79411,10
13.0155801773,80.2593078613,79411,79421,10
13.0162801743,80.2596282959,79421,79431,10
13.0164003372,80.2597427368,79431,79442,11
13.0167303085,80.2600021362,79442,79452,10
13.0173797607,80.2604522705,79452,79462,10
13.0181398392,80.2609634399,79462,79472,10
13.0187902451,80.2614593506,79472,79482,10
13.0194101334,80.2619781494,79482,79492,10
13.0199699402,80.2625274658,79492,79502,10
13.020190239,80.2626571655,79502,79512,10
13.0203695297,80.2627563477,79512,79522,10
13.0209598541,80.2629394531,79522,79532,10
13.02161026,80.263168335,79532,79542,10
13.0219802856,80.2633514404,79542,79553,11
13.0224199295,80.2635803223,79553,79563,10
13.0230102539,80.2639007568,79563,79573,10
13.0235795975,80.264213562,79573,79583,10
13.0242004395,80.2645874023,79583,79593,10
13.0247802734,80.2650375366,79593,79603,10
13.0252599716,80.2653884888,79603,79613,10
13.025850296,80.2657470703,79613,79623,10
13.0262203217,80.26587677,79623,79633,10
13.0263204575,80.2654800415,79633,79643,10
13.0263700485,80.2648773193,79643,79653,10
13.0264396667,80.2643432617,79653,79664,11
13.0264797211,80.2640304565,79664,79674,10
13.0265302658,80.2634963989,79674,79684,10
13.0268297195,80.2634277344,79684,79694,10
13.0273399353,80.2635269165,79694,79704,10
13.0278997421,80.2637023926,79704,79714,10
13.0284996033,80.2638702393,79714,79724,10
13.0290603638,80.2640228271,79724,79734,10
13.0292701721,80.2642822266,79734,79744,10
13.0292396545,80.2647094727,79744,79754,10
13.0292701721,80.2652435303,79754,79765,11
13.0292396545,80.2657699585,79765,79775,10
13.0292196274,80.2660217285,79775,79785,10
13.0291700363,80.2662200928,79785,79795,10
13.0291500092,80.2664031982,79795,79805,10
13.0293598175,80.2665481567,79805,79815,10
13.029709816,80.2666168213,79815,79825,10
13.0300703049,80.2666702271,79825,79835,10
13.0305900574,80.2667617798,79835,79845,10
13.0312004089,80.2669219971,79845,79855,10
13.031709671,80.2670898438,79855,79865,10
13.032119751,80.2673034668,79865,79876,11
13.0325603485,80.2675704956,79876,79886,10
13.0332298279,80.2677612305,79886,79946,60
13.0332298279,80.2677612305,79946,79956,10
13.0335903168,80.2678604126,79956,79966,10
13.0338001251,80.2679214478,79966,79977,11
13.034070015,80.2679595947,79977,79987,10
13.0344495773,80.2679977417,79987,80007,20
13.0344495773,80.2679977417,80007,80017,10
13.0344600677,80.2681808472,80017,80027,10
13.0343904495,80.2681732178,80027,80037,10
13.0342102051,80.2680435181,80037,80047,10
13.033829689,80.2679595947,80047,80057,10
13.0334196091,80.2678833008,80057,80067,10
13.0329198837,80.267791748,80067,80077,10
13.0325698853,80.2675933838,80077,80088,11
13.0321598053,80.2673416138,80088,80098,10
13.0316200256,80.2670516968,80098,80108,10
13.0310497284,80.2668533325,80108,80118,10
13.0304002762,80.2667388916,80118,80128,10
13.0298299789,80.2666702271,80128,80138,10
13.0293598175,80.2666473389,80138,80148,10
13.0291996002,80.2666015625,80148,80158,10
13.0289001465,80.2664413452,80158,80168,10
13.0285596848,80.2663574219,80168,80178,10
13.0282201767,80.2662963867,80178,80188,10
13.0277299881,80.2662200928,80188,80199,11
13.0269498825,80.2661209106,80199,83530,3331
13.0269498825,80.2661209106,83530,83540,10
13.0267496109,80.2660827637,83540,83550,10
13.0265302658,80.2660675049,83550,83560,10
13.0263204575,80.2660293579,83560,83570,10
13.026260376,80.2660293579,83570,83580,10
13.0261697769,80.266418457,83580,84065,485
13.0265197754,80.2663497925,84065,84176,111
13.0265197754,80.2663497925,84176,84186,10
13.026550293,80.2661972046,84186,84216,30
13.0263795853,80.2663192749,84216,84246,30
13.0263795853,80.2663192749,84246,84256,10
13.0260400772,80.2662963867,84256,84852,596
13.0260400772,80.2662963867,84852,84862,10
