13.0987997055,80.2410583496,18,19792,19774
13.0987997055,80.2410583496,19792,19800,8
13.0987997055,80.2410583496,19800,22444,2644
13.0987997055,80.2410583496,22444,22454,10
13.0989398956,80.2410888672,22454,22464,10
13.0989398956,80.2411193848,22464,31712,9248
13.0989398956,80.2411193848,31712,31722,10
13.0986700058,80.2410812378,31722,31733,11
13.0983495712,80.2410583496,31733,42353,10620
13.0983495712,80.2410583496,42353,42363,10
13.0984296799,80.2410964966,42363,42373,10
13.0986204147,80.2412414551,42373,42383,10
13.0987997055,80.2415618896,42383,42615,232
13.0987997055,80.2415618896,42615,42625,10
13.0988101959,80.2417068481,42625,42635,10
13.098739624,80.2420120239,42635,42645,10
13.0986499786,80.2422180176,42645,42655,10
13.0984201431,80.2422790527,42655,42664,9
13.0980596542,80.2422790527,42664,42675,11
13.0974798203,80.2422485352,42675,42685,10
13.0973701477,80.2426605225,42685,42694,9
13.0972499847,80.2433929443,42694,42705,11
13.0970602036,80.2442779541,42705,42716,11
13.0969896317,80.244720459,42716,42726,10
13.0969696045,80.2447891235,42726,42736,10
13.0969400406,80.2452163696,42736,42746,10
13.0968904495,80.2459793091,42746,42756,10
13.0969800949,80.2466201782,42756,42766,10
13.0971899033,80.2473068237,42766,42776,10
13.0972700119,80.2478027344,42776,42786,10
13.0973796844,80.2483062744,42786,42796,10
13.0975399017,80.2489395142,42796,42806,10
13.097700119,80.2496337891,42806,42816,10
13.097820282,80.2501983643,42816,42826,10
13.0980396271,80.250793457,42826,42836,10
13.0980596542,80.2512588501,42836,42847,11
13.097869873,80.2516708374,42847,42857,10
13.0978002548,80.2522964478,42857,42867,10
13.0977697372,80.2526626587,42867,42877,10
13.0977497101,80.2528305054,42877,42887,10
13.097700119,80.2531967163,42887,42897,10
13.0976400375,80.2538299561,42897,42907,10
13.0976200104,80.2544784546,42907,42917,10
13.0975904465,80.2549819946,42917,42927,10
13.0975599289,80.2556610107,42927,42937,10
13.0975503922,80.2560806274,42937,42947,10
13.0975399017,80.2563934326,42947,42957,10
13.0974702835,80.2570114136,42957,42967,10
13.0974502563,80.2574005127,42967,42978,11
13.0973901749,80.2579879761,42978,42988,10
13.0973396301,80.2587585449,42988,42998,10
13.0973501205,80.2592086792,42998,43008,10
13.0977602005,80.2593231201,43008,43018,10
13.0983495712,80.2594528198,43018,43028,10
13.098739624,80.2595291138,43028,43038,10
13.0993995667,80.2596817017,43038,43048,10
13.0998001099,80.2597808838,43048,43058,10
13.0997800827,80.2601699829,43058,43068,10
13.0997896194,80.2603225708,43068,43078,10
13.0997695923,80.2605285645,43078,43088,10
13.0997400284,80.2608337402,43088,43099,11
13.0996999741,80.2612533569,43099,43109,10
13.0996599197,80.26171875,43109,43119,10
13.0995101929,80.2618789673,43119,43129,10
13.0993003845,80.2621078491,43129,43139,10
13.0992002487,80.262550354,43139,43149,10
13.0991401672,80.2630081177,43149,43159,10
13.0990600586,80.2634429932,43159,43169,10
13.0990495682,80.2635879517,43169,43179,10
13.0989999771,80.263999939,43179,43189,10
13.0988998413,80.2645797729,43189,43199,10
13.0988397598,80.2651519775,43199,43209,10
13.0986700058,80.2659378052,43209,43219,10
13.0985202789,80.2665176392,43219,43236,17
13.0984296799,80.2669677734,43236,43248,12
13.0983104706,80.2673797607,43248,43258,10
13.09815979,80.2679367065,43258,43268,10
13.0981397629,80.2683181763,43268,43278,10
13.0986003876,80.2686920166,43278,43288,10
13.0993795395,80.2691116333,43288,43298,10
13.1002902985,80.2696762085,43298,43308,10
13.1010799408,80.2702407837,43308,43318,10
13.1013698578,80.2704315186,43318,43328,10
13.1018104553,80.2705230713,43328,43338,10
13.1026096344,80.2705001831,43338,43348,10
13.1035804749,80.2705001831,43348,43359,11
13.10435009,80.2710113525,43359,43368,9
13.1044197083,80.2712402344,43368,43379,11
13.1044197083,80.2715377808,43379,43389,10
13.1041297913,80.2721328735,43389,43399,10
13.1038198471,80.2728118896,43399,43409,10
13.1039495468,80.2734375,43409,43419,10
13.1040401459,80.2741012573,43419,43429,10
13.1041002274,80.2743835449,43429,43439,10
13.1041402817,80.2746124268,43439,43449,10
13.1042299271,80.2749862671,43449,43459,10
13.1044197083,80.275642395,43459,43469,10
13.1045503616,80.2759628296,43469,43480,11
13.1045598984,80.2760620117,43480,43490,10
13.1046104431,80.2762985229,43490,43500,10
13.1048402786,80.2768173218,43500,43510,10
13.1050796509,80.277557373,43510,43520,10
13.1053304672,80.2783889771,43520,43530,10
13.1055202484,80.279083252,43530,43540,10
13.1056804657,80.2795791626,43540,43550,10
13.1058101654,80.2798690796,43550,43560,10
13.1059904099,80.2799377441,43560,43570,10
13.1064395905,80.2800369263,43570,43586,16
13.1075696945,80.280380249,43586,43598,12
13.1084499359,80.280632019,43598,43606,8
13.109000206,80.2807006836,43606,43619,13
13.1096696854,80.2799835205,43619,43628,9
13.1100702286,80.2791824341,43628,43640,12
13.1108102798,80.2782287598,43640,43650,10
13.1113796234,80.2778167725,43650,43660,10
13.1114301682,80.2782287598,43660,43669,9
13.1110200882,80.2781066895,43669,43680,11
13.1105899811,80.2785263062,43680,43690,10
13.1100997925,80.2792129517,43690,43700,10
13.1097402573,80.2798995972,43700,43710,10
13.1093702316,80.2805633545,43710,43720,10
13.1090698242,80.2807388306,43720,43730,10
13.1085300446,80.2807312012,43730,43741,11
13.1076402664,80.280456543,43741,43751,10
13.1068696976,80.2802200317,43751,43761,10
13.1062803268,80.2800521851,43761,43771,10
13.1057395935,80.2799987793,43771,43781,10
13.1054401398,80.2797393799,43781,43791,10
13.1051902771,80.2791213989,43791,43801,10
13.1049203873,80.278427124,43801,43811,10
13.1045799255,80.2776794434,43811,43821,10
13.1043395996,80.27709198,43821,43831,10
13.1041402817,80.2766494751,43831,43847,16
13.1040201187,80.2759933472,43847,44041,194
13.1040201187,80.2759933472,44041,44051,10
13.1041698456,80.2758178711,44051,44061,10
13.1042604446,80.2756271362,44061,44071,10
13.1041603088,80.2751922607,44071,44081,10
13.1040897369,80.274810791,44081,44091,10
13.1040496826,80.2745895386,44091,44101,10
13.103969574,80.2740478516,44101,44112,11
13.1039104462,80.2735977173,44112,44122,10
13.1038599014,80.2732772827,44122,44132,10
13.1037902832,80.2728500366,44132,44142,10
13.1037998199,80.2723999023,44142,44152,10
13.1041402817,80.2720108032,44152,44162,10
13.1042900085,80.2717437744,44162,44172,10
13.1043395996,80.2715301514,44172,44182,10
13.1043796539,80.2712631226,44182,44192,10
13.1041698456,80.2707214355,44192,44202,10
13.1032600403,80.2705230713,44202,44211,9
13.1023397446,80.2705383301,44211,44222,11
13.1014995575,80.2705688477,44222,44232,10
13.1009197235,80.2702178955,44232,44243,11
13.1001796722,80.2697372437,44243,44253,10
13.0998401642,80.2695083618,44253,44263,10
13.0994100571,80.26927948,44263,44273,10
13.0986700058,80.2687988281,44273,44283,10
13.0981502533,80.2683868408,44283,44293,10
13.0981302261,80.2682113647,44293,44303,10
13.0981998444,80.267791748,44303,44313,10
13.0983400345,80.2672576904,44313,44323,10
13.0984697342,80.2667617798,44323,44333,10
13.0986003876,80.2661972046,44333,44343,10
13.0987901688,80.2655029297,44343,44353,10
13.0988197327,80.264831543,44353,44363,10
13.0988397598,80.2646484375,44363,44374,11
13.0989398956,80.2642211914,44374,44384,10
13.0990104675,80.2637786865,44384,44394,10
13.0990200043,80.2637481689,44394,44404,10
13.0990400314,80.2633209229,44404,44414,10
13.0991401672,80.2628707886,44414,44424,10
13.099240303,80.2623672485,44424,44434,10
13.0993299484,80.2620773315,44434,44444,10
13.0995798111,80.2618408203,44444,44454,10
13.0996599197,80.2614822388,44454,44464,10
13.0997495651,80.2608184814,44464,44474,10
13.0998497009,80.2602615356,44474,44484,10
13.0998001099,80.2598571777,44484,44494,10
13.0994501114,80.2597579956,44494,44505,11
13.0992803574,80.2597503662,44505,44521,16
13.0985803604,80.260017395,44521,44532,11
13.0981502533,80.2601623535,44532,44543,11
13.0979003906,80.2602462769,44543,44553,10
13.0975198746,80.260383606,44553,44563,10
13.0972795486,80.2603378296,44563,44573,10
13.0972700119,80.2600708008,44573,44583,10
13.097319603,80.2596969604,44583,44593,10
13.0973300934,80.2593917847,44593,44603,10
13.0973396301,80.2590789795,44603,44613,10
13.0973396301,80.2587814331,44613,44623,10
13.0973701477,80.2583389282,44623,44634,11
13.0973901749,80.258102417,44634,44644,10
13.0974397659,80.2579269409,44644,44654,10
13.0974597931,80.257598877,44654,44664,10
13.097530365,80.2570419312,44664,44674,10
13.0975399017,80.2563323975,44674,44684,10
13.0975704193,80.2556610107,44684,44694,10
13.0976400375,80.2551116943,44694,44704,10
13.0976400375,80.2546234131,44704,44714,10
13.0976495743,80.2541275024,44714,44724,10
13.0977296829,80.2530975342,44724,44734,10
13.0977897644,80.2523803711,44734,44744,10
13.0978002548,80.2519989014,44744,44755,11
13.0978097916,80.2518386841,44755,44765,10
13.0979099274,80.2513580322,44765,44775,10
13.0981197357,80.2510604858,44775,44785,10
13.0978803635,80.2505874634,44785,44795,10
13.0977096558,80.2500305176,44795,44805,10
13.0976104736,80.2493972778,44805,44815,10
13.0975399017,80.2490768433,44815,44825,10
13.0974998474,80.248916626,44825,44835,10
13.0974197388,80.2486419678,44835,44845,10
13.0972700119,80.2480392456,44845,44855,10
13.0971403122,80.2475814819,44855,44865,10
13.0969800949,80.2469863892,44865,44875,10
13.0968103409,80.2463226318,44875,44886,11
13.0968503952,80.2456588745,44886,44896,10
13.0968503952,80.2456512451,44896,44906,10
13.0967998505,80.245300293,44906,44916,10
13.0969200134,80.2445983887,44916,44926,10
13.0971002579,80.2437362671,44926,44936,10
13.0972795486,80.2428665161,44936,44946,10
13.0973796844,80.2423400879,44946,44956,10
13.0974197388,80.242149353,44956,44966,10
13.0975103378,80.2416915894,44966,44976,10
13.0975799561,80.2410736084,44976,44985,9
13.0976495743,80.2404937744,44985,44995,10
13.0977201462,80.2398300171,44995,45007,12
13.0977897644,80.2393493652,45007,45017,10
13.0978097916,80.2387619019,45017,45027,10
13.0979003906,80.2382125854,45027,45037,10
13.0979204178,80.237991333,45037,45047,10
13.097990036,80.2376937866,45047,45057,10
13.098110199,80.2372283936,45057,45067,10
13.0983104706,80.2364120483,45067,45077,10
13.0983800888,80.235710144,45077,45087,10
13.098400116,80.2353210449,45087,45097,10
13.098400116,80.2352828979,45097,45107,10
13.0984897614,80.2350234985,45107,45117,10
13.0985097885,80.2348480225,45117,45127,10
13.0985097885,80.2345962524,45127,45138,11
13.0985403061,80.2340011597,45138,45148,10
13.0986099243,80.2334136963,45148,45158,10
13.098739624,80.2326278687,45158,45168,10
13.0989103317,80.2320022583,45168,45178,10
13.0990400314,80.2316436768,45178,45188,10
13.099149704,80.2313537598,45188,45198,10
13.0993204117,80.2308883667,45198,45208,10
13.0994701385,80.2304382324,45208,45218,10
13.0995903015,80.2299880981,45218,45228,10
13.0996999741,80.2296829224,45228,45238,10
13.0997400284,80.2296066284,45238,45248,10
13.0997495651,80.2293014526,45248,45259,11
13.0998296738,80.2286682129,45259,45269,10
13.0999202728,80.2282562256,45269,45279,10
13.1000099182,80.2276077271,45279,45289,10
13.1000003815,80.2267303467,45289,45299,10
13.0999803543,80.2260818481,45299,45309,10
13.0999498367,80.2255172729,45309,45319,10
13.0998601913,80.225112915,45319,45329,10
13.0997400284,80.2246322632,45329,45339,10
13.0995597839,80.2240905762,45339,45349,10
13.099360466,80.223777771,45349,45359,10
13.0992603302,80.2236480713,45359,45368,9
13.099029541,80.2233734131,45368,45379,11
13.0987997055,80.2230606079,45379,45390,11
13.098739624,80.2224273682,45390,45400,10
13.0988101959,80.221496582,45400,45410,10
13.0989704132,80.2204437256,45410,45420,10
13.0991001129,80.2196273804,45420,45430,10
13.0991601944,80.2192993164,45430,45440,10
13.0992202759,80.21875,45440,45450,10
13.0993795395,80.217880249,45450,45460,10
13.0996398926,80.2168197632,45460,45470,10
13.0999403,80.2160720825,45470,45480,10
13.1001996994,80.2154388428,45480,45490,10
13.1002197266,80.2154006958,45490,45500,10
13.1004199982,80.2149810791,45500,45551,51
13.1004199982,80.2149810791,45551,45561,10
13.1005001068,80.2148284912,45561,45571,10
13.1006603241,80.2144775391,45571,45581,10
13.1007699966,80.2142028809,45581,45591,10
13.1008796692,80.2138824463,45591,45601,10
13.1011600494,80.2132263184,45601,45611,10
13.1014404297,80.2124633789,45611,45621,10
13.1017503738,80.2116699219,45621,45631,10
13.1018800735,80.2112731934,45631,45642,11
13.1020402908,80.2108230591,45642,45652,10
13.1022596359,80.2101821899,45652,45662,10
13.1024799347,80.2095794678,45662,45672,10
13.1025695801,80.2092437744,45672,45682,10
13.1026697159,80.2089614868,45682,45692,10
13.1027202606,80.2087783813,45692,45702,10
13.1027402878,80.2087173462,45702,45712,10
13.1027498245,80.2086486816,45712,45722,10
13.1028699875,80.2082366943,45722,45732,10
13.1031103134,80.2075881958,45732,45742,10
13.1034002304,80.206993103,45742,45752,10
13.1036100388,80.2062225342,45752,45762,10
13.1037197113,80.2057876587,45762,45773,11
13.1037797928,80.2051467896,45773,45783,10
13.1037902832,80.2047195435,45783,45793,10
13.1037797928,80.2043380737,45793,45803,10
13.1037302017,80.2039718628,45803,45813,10
13.1035499573,80.2034683228,45813,45823,10
13.1035404205,80.2031784058,45823,45833,10
13.1035499573,80.2025680542,45833,45843,10
13.1034803391,80.2019729614,45843,45853,10
13.1034603119,80.2017822266,45853,45863,10
13.1034402847,80.2015533447,45863,45873,10
13.1033496857,80.2008666992,45873,45883,10
13.1032400131,80.1998519897,45883,45894,11
13.1031703949,80.1994018555,45894,45904,10
13.1031103134,80.1991271973,45904,45914,10
13.103099823,80.1990127563,45914,45924,10
13.10297966,80.1983566284,45924,45934,10
13.1027402878,80.1974868774,45934,45944,10
13.1024398804,80.1965332031,45944,45954,10
13.1021003723,80.1954803467,45954,45964,10
13.1018600464,80.1948013306,45964,45974,10
13.1016998291,80.1945800781,45974,45984,10
13.1015396118,80.1940689087,45984,45994,10
13.1018104553,80.1932983398,45994,46004,10
13.1016101837,80.1921920776,46004,46014,10
13.1014204025,80.1910934448,46014,46025,11
13.1011400223,80.1900787354,46025,46035,10
13.1010198593,80.1898498535,46035,46045,10
13.1009101868,80.1895523071,46045,46055,10
13.100689888,80.1892623901,46055,46065,10
13.1006498337,80.1891784668,46065,46075,10
13.1005296707,80.1889801025,46075,46085,10
13.1004600525,80.1888504028,46085,46095,10
13.1003503799,80.188659668,46095,46125,30
13.1003503799,80.188659668,46125,46135,10
13.1001796722,80.1882476807,46135,46145,10
13.1000995636,80.188079834,46145,46156,11
13.1000299454,80.1879425049,46156,46166,10
13.0999898911,80.1877593994,46166,46196,30
13.0999898911,80.1877593994,46196,46206,10
13.0998897552,80.1874008179,46206,46216,10
13.0998296738,80.1871795654,46216,46226,10
13.0997600555,80.1867370605,46226,46236,10
13.0996999741,80.186416626,46236,46246,10
13.0996999741,80.1862792969,46246,46256,10
13.0996799469,80.186126709,46256,46266,10
13.0996103287,80.185798645,46266,46276,10
13.09953022,80.1855010986,46276,46287,11
13.0994901657,80.1853866577,46287,46297,10
13.0994796753,80.1853637695,46297,46307,10
13.0994195938,80.1850967407,46307,46323,16
13.0993204117,80.1846389771,46323,46335,12
13.099149704,80.1840362549,46335,46365,30
13.099149704,80.1840362549,46365,46375,10
13.0990600586,80.183807373,46375,46385,10
13.09897995,80.1835479736,46385,46395,10
13.0988502502,80.1832199097,46395,46406,11
13.0988101959,80.1831130981,46406,46416,10
13.0986995697,80.1827774048,46416,46436,20
13.0986995697,80.1827774048,46436,46446,10
13.0986204147,80.182510376,46446,46456,10
13.09856987,80.182258606,46456,46466,10
13.0985097885,80.1820068359,46466,46486,20
13.0985097885,80.1820068359,46486,46496,10
13.0984697342,80.1818466187,46496,46506,10
13.0984401703,80.1817016602,46506,46516,10
13.0984096527,80.181602478,46516,46526,10
13.0983400345,80.1812896729,46526,46537,11
13.0981798172,80.1807632446,46537,46547,10
13.0979995728,80.1799468994,46547,46557,10
13.0978498459,80.1791687012,46557,46567,10
13.0978403091,80.1786193848,46567,46577,10
13.0978803635,80.1778030396,46577,46587,10
13.0979404449,80.1770782471,46587,46597,10
13.0980501175,80.1764984131,46597,46607,10
13.09815979,80.1758422852,46607,46617,10
13.09815979,80.175201416,46617,46627,10
13.0981798172,80.1750030518,46627,46637,10
13.0982999802,80.1745681763,46637,46647,10
13.0985803604,80.1737976074,46647,46658,11
13.0990495682,80.1726837158,46658,46668,10
13.0994195938,80.1715621948,46668,46678,10
13.099650383,80.1707000732,46678,46728,50
13.099650383,80.1707000732,46728,46744,16
13.0996999741,80.1706771851,46744,46756,12
13.0997200012,80.1702880859,46756,46764,8
13.0996904373,80.1698379517,46764,46787,23
13.0996904373,80.1698379517,46787,46797,10
13.0997495651,80.169708252,46797,46807,10
13.099820137,80.1694412231,46807,46817,10
13.0999298096,80.1688766479,46817,46826,9
13.1000204086,80.1681976318,46826,46837,11
13.1000795364,80.1674423218,46837,46847,10
13.1003103256,80.1663970947,46847,46857,10
13.1004800797,80.1658706665,46857,46867,10
13.1005096436,80.1656723022,46867,46877,10
13.1007003784,80.1650772095,46877,46887,10
13.1009597778,80.1642990112,46887,46897,10
13.1012096405,80.1634979248,46897,46908,11
13.101360321,80.1625671387,46908,46918,10
13.101360321,80.1619110107,46918,46928,10
13.101360321,80.161781311,46928,46938,10
13.101360321,80.1615982056,46938,46948,10
13.1014003754,80.1612014771,46948,46958,10
13.1014003754,80.1604232788,46958,46968,10
13.1015195847,80.1596298218,46968,46978,10
13.1020202637,80.1590805054,46978,46988,10
13.1025800705,80.1585388184,46988,46998,10
13.1031599045,80.1578903198,46998,47008,10
13.1035003662,80.1569824219,47008,47018,10
13.1035995483,80.1564788818,47018,47028,10
13.1036396027,80.1563415527,47028,47039,11
13.1037797928,80.1557998657,47039,47049,10
13.1039400101,80.1550216675,47049,47059,10
13.1041698456,80.1540374756,47059,47075,16
13.1050901413,80.1525421143,47075,47087,12
13.1052904129,80.1524124146,47087,47097,10
13.1056699753,80.1523132324,47097,47107,10
13.1072702408,80.1522216797,47107,47127,20
13.1072702408,80.1522216797,47127,47137,10
13.1073703766,80.1522064209,47137,47147,10
13.1075696945,80.1521987915,47147,47157,10
13.1076898575,80.1521987915,47157,47167,10
13.1079998016,80.1521911621,47167,47178,11
13.1087303162,80.1521835327,47178,47188,10
13.109290123,80.1521911621,47188,47198,10
13.1096401215,80.1522293091,47198,47208,10
13.1102600098,80.1521606445,47208,47218,10
13.1108598709,80.1517486572,47218,47228,10
13.1116895676,80.1510009766,47228,47248,20
13.1116895676,80.1510009766,47248,47258,10
13.1117401123,80.1509628296,47258,47268,10
13.1120100021,80.1506500244,47268,47278,10
13.1125402451,80.1502914429,47278,47288,10
13.1130504608,80.149810791,47288,47299,11
13.1132602692,80.14894104,47299,47309,10
13.1136903763,80.1483764648,47309,47319,10
13.11439991,80.1481018066,47319,47329,10
13.1151399612,80.1478424072,47329,47339,10
13.1160497665,80.1479187012,47339,47349,10
13.116809845,80.1485366821,47349,47359,10
13.1174402237,80.1492233276,47359,47379,20
13.1174402237,80.1492233276,47379,47389,10
13.1175203323,80.1492996216,47389,47399,10
13.1178503036,80.1495132446,47399,47409,10
13.118180275,80.1495895386,47409,47420,11
13.1187601089,80.1497116089,47420,47430,10
13.1191101074,80.1497879028,47430,47440,10
13.119600296,80.1498031616,47440,47450,10
13.1199302673,80.1496276855,47450,47459,9
13.1202602386,80.1492767334,47459,47470,11
13.1209402084,80.1487426758,47470,47480,10
13.1214799881,80.1483383179,47480,47490,10
13.1218395233,80.1477813721,47490,47500,10
13.1219100952,80.1476593018,47500,47510,10
13.1221704483,80.1472702026,47510,47520,10
13.1223201752,80.147102356,47520,47530,10
13.1223802567,80.1473999023,47530,47540,10
13.1225099564,80.1480407715,47540,47551,11
13.1227798462,80.1485595703,47551,47561,10
13.1227798462,80.1485824585,47561,47571,10
13.1229400635,80.1488494873,47571,47581,10
13.1232995987,80.1494064331,47581,47591,10
13.1237401962,80.1501998901,47591,47601,10
13.1241798401,80.1510009766,47601,47611,10
13.124540329,80.1516723633,47611,47621,10
13.124879837,80.1523208618,47621,47631,10
13.1254501343,80.1527709961,47631,47641,10
13.1262903214,80.1532516479,47641,47651,10
13.126999855,80.1536178589,47651,47661,10
13.1274595261,80.1539535522,47661,47672,11
13.1274995804,80.1539993286,47672,47682,10
13.1275997162,80.1541595459,47682,47692,10
13.1279802322,80.1547317505,47692,47702,10
13.1285400391,80.1555404663,47702,47712,10
13.1291103363,80.1563796997,47712,47722,10
13.129529953,80.1569900513,47722,47732,10
13.129940033,80.1575927734,47732,47742,10
13.130279541,80.1581878662,47742,47752,10
13.1304798126,80.1586685181,47752,47762,10
13.1307001114,80.1591567993,47762,47792,30
13.1307001114,80.1591567993,47792,47803,11
13.1307897568,80.1593933105,47803,47813,10
13.1310596466,80.1601104736,47813,47823,10
13.1311998367,80.1605606079,47823,47833,10
13.1311302185,80.16065979,47833,47863,30
13.1311302185,80.16065979,47863,47873,10
13.1311302185,80.1605224609,47873,47883,10
13.1310100555,80.1600418091,47883,47893,10
13.1307601929,80.1593399048,47893,47903,10
13.1304798126,80.1587295532,47903,47913,10
13.1303596497,80.1584396362,47913,47924,11
13.1301498413,80.1579818726,47924,48145,221
13.1301498413,80.1579818726,48145,48155,10
13.1300802231,80.1577606201,48155,48165,10
13.1299695969,80.157623291,48165,48175,10
13.1298398972,80.1574325562,48175,48186,11
13.1295604706,80.1570205688,48186,48196,10
13.1292200089,80.1565475464,48196,48206,10
13.1287403107,80.1558532715,48206,48216,10
13.1282100677,80.1550827026,48216,48226,10
13.1276397705,80.1542510986,48226,48236,10
13.1271600723,80.1537704468,48236,48246,10
13.1271295547,80.1537475586,48246,48256,10
13.1269197464,80.1536331177,48256,48266,10
13.1263303757,80.1533126831,48266,48276,10
13.125579834,80.1528930664,48276,48286,10
13.124879837,80.1524124146,48286,48296,10
13.1244401932,80.1516113281,48296,48307,11
13.1240196228,80.1508331299,48307,48317,10
13.1236696243,80.150177002,48317,48327,10
13.1232795715,80.1494674683,48327,48337,10
13.1228599548,80.1488876343,48337,48347,10
13.1222801208,80.1485290527,48347,48357,10
13.1217403412,80.1485366821,48357,48367,10
13.1212997437,80.1486206055,48367,48377,10
13.1206302643,80.1490020752,48377,48387,10
13.1200799942,80.1495819092,48387,48397,10
13.1195697784,80.1501235962,48397,48417,20
13.1195697784,80.1501235962,48417,48427,10
13.1195001602,80.150062561,48427,48438,11
13.1194200516,80.1499023438,48438,48447,9
13.1192102432,80.1498565674,48447,48458,11
13.1188402176,80.1498184204,48458,48468,10
13.1185302734,80.1497421265,48468,48478,10
13.1181697845,80.1496963501,48478,48518,40
13.1181697845,80.1496963501,48518,48528,10
13.1180200577,80.1496887207,48528,48538,10
13.1177501678,80.1495895386,48538,48548,10
13.1173000336,80.149230957,48548,48558,10
13.1167602539,80.1486129761,48558,48569,11
13.116060257,80.1480026245,48569,48579,10
13.1151695251,80.1479034424,48579,48589,10
13.1145095825,80.148109436,48589,48599,10
13.1139602661,80.1483001709,48599,48609,10
13.1133804321,80.1487197876,48609,48618,9
13.1133003235,80.148979187,48618,48629,11
13.1131496429,80.1497192383,48629,48639,10
13.1130895615,80.1499099731,48639,48649,10
13.1127099991,80.1502685547,48649,48659,10
13.1120796204,80.1506881714,48659,48669,10
13.1116104126,80.151260376,48669,48679,10
13.1109399796,80.1517868042,48679,48690,11
13.1101999283,80.1522903442,48690,48710,20
13.1101999283,80.1522903442,48710,48720,10
13.1100101471,80.15234375,48720,48730,10
13.1095600128,80.1522598267,48730,48740,10
13.1091403961,80.1522216797,48740,48750,10
13.108499527,80.1522369385,48750,48760,10
13.1076898575,80.1522827148,48760,48770,10
13.1067495346,80.1523284912,48770,48780,10
13.1060800552,80.1523590088,48780,48790,10
13.1060304642,80.1523590088,48790,48800,10
13.1055698395,80.1523971558,48800,48811,11
13.104929924,80.1527786255,48811,48821,10
13.1043996811,80.1535415649,48821,48831,10
13.1040897369,80.1544494629,48831,48841,10
13.1038599014,80.1554489136,48841,48851,10
13.1036596298,80.1563873291,48851,48861,10
13.1036100388,80.1566162109,48861,48871,10
13.1034297943,80.1573181152,48871,48881,10
13.102930069,80.1582717896,48881,48891,10
13.1020698547,80.1590576172,48891,48901,10
13.1013898849,80.1599807739,48901,48911,10
13.1013698578,80.1609420776,48911,48921,10
13.1015501022,80.1619567871,48921,48942,21
13.1015501022,80.1619567871,48942,48952,10
13.1013803482,80.162689209,48952,48972,20
13.1013803482,80.162689209,48972,48982,10
13.1013202667,80.1630325317,48982,48992,10
13.1011400223,80.1637802124,48992,49002,10
13.1008796692,80.1645126343,49002,49012,10
13.1006097794,80.1653366089,49012,49022,10
13.1003799438,80.1660919189,49022,49032,10
13.100230217,80.1668395996,49032,49042,10
13.1001195908,80.167640686,49042,49052,10
13.100060463,80.1682128906,49052,49062,10
13.0999603271,80.1687393188,49062,49073,11
13.0998401642,80.1692581177,49073,49083,10
13.0997896194,80.1697692871,49083,49093,10
13.0997495651,80.1702804565,49093,49102,9
13.0995998383,80.1709823608,49102,49123,21
13.0995998383,80.1709823608,49123,49133,10
13.0995101929,80.1712722778,49133,49143,10
13.0992898941,80.1719284058,49143,49153,10
13.0989904404,80.1727828979,49153,49163,10
13.0986099243,80.1736526489,49163,49173,10
13.0982999802,80.1745834351,49173,49183,10
13.0981397629,80.1752929688,49183,49193,10
13.098110199,80.1758880615,49193,49204,11
13.0980396271,80.1763534546,49204,49214,10
13.0979404449,80.1766586304,49214,49224,10
13.0978298187,80.1774520874,49224,49234,10
13.0977897644,80.1783599854,49234,49244,10
13.0978002548,80.1790618896,49244,49254,10
13.0979003906,80.1796417236,49254,49264,10
13.0980300903,80.1800918579,49264,49274,10
13.0980997086,80.1803817749,49274,49294,20
13.0980997086,80.1803817749,49294,49304,10
13.09815979,80.180557251,49304,49314,10
13.0981798172,80.1806106567,49314,49325,11
13.0982599258,80.1808319092,49325,49335,10
13.0983104706,80.1809616089,49335,49395,60
13.0983104706,80.1809616089,49395,49405,10
13.0984296799,80.1815414429,49405,49446,41
13.0984296799,80.1815414429,49446,49456,10
13.098449707,80.1818008423,49456,49466,10
13.0985002518,80.1820373535,49466,49476,10
13.0985298157,80.1822280884,49476,49496,20
13.0985298157,80.1822280884,49496,49506,10
13.0985803604,80.1824417114,49506,49607,101
13.0985803604,80.1824417114,49607,49617,10
13.0986795425,80.182762146,49617,49627,10
13.0987701416,80.1830825806,49627,49637,10
13.0988302231,80.1832733154,49637,49647,10
13.0990800858,80.1840896606,49647,49667,20
13.0990800858,80.1840896606,49667,49677,10
13.0991601944,80.1843338013,49677,49687,10
13.099240303,80.1846084595,49687,49698,11
13.0993003845,80.1848373413,49698,49708,10
13.0993299484,80.1849212646,49708,49718,10
13.099360466,80.1850662231,49718,49748,30
13.099360466,80.1850662231,49748,49758,10
13.0993995667,80.185218811,49758,49768,10
13.0994596481,80.1854476929,49768,49778,10
13.0995397568,80.1857223511,49778,49788,10
13.0995998383,80.1860275269,49788,49818,30
13.0995998383,80.1860275269,49818,49829,11
13.0996198654,80.1862716675,49829,49839,10
13.0996999741,80.1865310669,49839,49849,10
13.0997800827,80.1868362427,49849,49859,10
13.0998401642,80.1871337891,49859,49869,10
13.0999803543,80.1875610352,49869,49879,10
13.1001996994,80.1881637573,49879,49889,10
13.1004295349,80.1886901855,49889,49899,10
13.100689888,80.1890716553,49899,49909,10
13.1012401581,80.1896286011,49909,49919,10
13.1012601852,80.1896591187,49919,49929,10
13.1012897491,80.1897888184,49929,49939,10
13.1013803482,80.1902770996,49939,49950,11
13.1015701294,80.1912689209,49950,49960,10
13.1017398834,80.1922607422,49960,49970,10
13.1018695831,80.1930465698,49970,49980,10
13.1020402908,80.1938018799,49980,49990,10
13.1021404266,80.1944122314,49990,50000,10
13.1020298004,80.1948623657,50000,50010,10
13.1023302078,80.1959609985,50010,50020,10
13.1027498245,80.1972503662,50020,50030,10
13.1030797958,80.198600769,50030,50040,10
13.1031799316,80.1991500854,50040,50050,10
13.1032304764,80.1994400024,50050,50060,10
13.1032400131,80.1995162964,50060,50070,10
13.1033201218,80.2001113892,50070,50081,11
13.10338974,80.2008590698,50081,50090,9
13.1034603119,80.2013931274,50090,50102,12
13.1035499573,80.2022399902,50102,50112,10
13.1036100388,80.2028198242,50112,50122,10
13.1036396027,80.2029800415,50122,50132,10
13.1037197113,80.2033920288,50132,50142,10
13.1038198471,80.2041778564,50142,50152,10
13.1038303375,80.2051010132,50152,50162,10
13.1038503647,80.2056808472,50162,50172,10
13.103770256,80.2062530518,50172,50182,10
13.1035804749,80.206741333,50182,50192,10
13.1032304764,80.2074203491,50192,50203,11
13.103099823,80.2077178955,50203,50213,10
13.1030302048,80.2078933716,50213,50223,10
13.1029195786,80.2082290649,50223,50233,10
13.1027002335,80.208946228,50233,50243,10
13.1026096344,80.2092208862,50243,50251,8
13.102519989,80.2095108032,50251,50263,12
13.1022195816,80.2104034424,50263,50273,10
13.1020202637,80.2109985352,50273,50283,10
13.1017503738,80.2117614746,50283,50293,10
13.1014995575,80.2125015259,50293,50303,10
13.1012001038,80.2131576538,50303,50313,10
13.1009502411,80.2138519287,50313,50323,10
13.1006202698,80.2146377563,50323,50334,11
13.1004295349,80.2151031494,50334,50344,10
13.1000900269,80.2158889771,50344,50354,10
13.0997400284,80.2167434692,50354,50364,10
13.0995197296,80.2175827026,50364,50374,10
13.0993700027,80.218421936,50374,50384,10
13.0992603302,80.2190933228,50384,50394,10
13.0992202759,80.2193984985,50394,50404,10
13.0991096497,80.2200164795,50404,50414,10
13.0989599228,80.2208786011,50414,50424,10
13.0987701416,80.222038269,50424,50434,10
13.0988397598,80.2229995728,50434,50444,10
13.0994100571,80.2237625122,50444,50455,11
13.0997800827,80.2247695923,50455,50465,10
13.0999097824,80.2255477905,50465,50475,10
13.1000204086,80.2262802124,50475,50485,10
13.1000404358,80.2267608643,50485,50495,10
13.1000404358,80.2274169922,50495,50505,10
13.0999498367,80.2283401489,50505,50515,10
13.0998601913,80.2289733887,50515,50525,10
13.0997495651,80.2296066284,50525,50535,10
13.0996398926,80.2301177979,50535,50545,10
13.0996303558,80.230178833,50545,50555,10
13.0995597839,80.2303695679,50555,50571,16
13.0995101929,80.2305221558,50571,50583,12
13.099360466,80.2309112549,50583,50594,11
13.099240303,80.2311477661,50594,50603,9
13.0991201401,80.2314071655,50603,50614,11
13.098950386,80.2318878174,50614,50624,10
13.0987300873,80.232711792,50624,50634,10
13.0986003876,80.2335586548,50634,50644,10
13.0985498428,80.2340011597,50644,50654,10
13.0984897614,80.2345275879,50654,50664,10
13.0984296799,80.2350769043,50664,50673,9
13.0983104706,80.2357635498,50673,50684,11
13.0981903076,80.236366272,50684,50694,10
13.0980701447,80.2371826172,50694,50704,10
13.0979099274,80.2380371094,50704,50715,11
13.0978002548,80.2387695313,50715,50725,10
13.0977497101,80.2392578125,50725,50736,11
13.0976800919,80.2402801514,50736,50756,20
13.0976800919,80.2402801514,50756,50766,10
13.0976495743,80.2406387329,50766,50776,10
13.0975704193,80.2413101196,50776,50786,10
13.0975103378,80.2417984009,50786,50806,20
13.0975103378,80.2417984009,50806,50816,10
13.0974397659,80.2420578003,50816,50826,10
13.0976896286,80.2421798706,50826,50837,11
13.098449707,80.2422485352,50837,50927,90
13.098449707,80.2422485352,50927,50937,10
13.0987300873,80.241897583,50937,51068,131
13.0987300873,80.241897583,51068,51078,10
13.0987501144,80.2416687012,51078,51089,11
13.0987997055,80.2413787842,51089,51099,10
13.0986404419,80.2411193848,51099,51109,10
13.0985803604,80.240852356,51109,51119,10
13.0988798141,80.2405700684,51119,51129,10
13.0990800858,80.2407226563,51129,51139,10
13.0990200043,80.2415466309,51139,52280,1141
13.0990200043,80.2415466309,52280,52290,10
13.0989599228,80.2413024902,52290,52300,10
13.0989198685,80.2411422729,52300,52310,10
13.0989599228,80.2408370972,52310,52320,10
13.0989303589,80.2403564453,52320,52340,20
13.0989303589,80.2403564453,52340,52351,11
13.098950386,80.2402267456,52351,52361,10
13.0991096497,80.2404098511,52361,52371,10
13.0990200043,80.2407989502,52371,52381,10
13.0989103317,80.241317749,52381,52451,70
13.0989103317,80.241317749,52451,52461,10
13.0988197327,80.2417068481,52461,52472,11
13.0987701416,80.241897583,52472,52482,10
13.0986995697,80.2421417236,52482,52492,10
13.0986299515,80.2422103882,52492,52502,10
13.0983295441,80.2422866821,52502,52512,10
13.0976896286,80.2422409058,52512,52542,30
13.0976896286,80.2422409058,52542,52552,10
13.0973997116,80.2422714233,52552,52562,10
13.0973501205,80.2426376343,52562,52572,10
13.0972604752,80.2432785034,52572,52582,10
13.0971097946,80.2440032959,52582,52592,10
13.0969896317,80.2446670532,52592,52613,21
13.0969896317,80.2446670532,52613,52623,10
13.0969400406,80.2449035645,52623,52633,10
13.0969200134,80.2453384399,52633,52643,10
13.0968904495,80.2460479736,52643,52653,10
13.0970401764,80.2468185425,52653,52663,10
13.0972204208,80.247543335,52663,52673,10
13.0974903107,80.2485427856,52673,52701,28
13.0974903107,80.2485427856,52701,52709,8
13.0975198746,80.2487106323,52709,52721,12
13.0976800919,80.2493896484,52721,52732,11
13.0978097916,80.2501602173,52732,52742,10
13.0979604721,80.2506713867,52742,52752,10
13.0981998444,80.2510528564,52752,52762,10
13.097990036,80.2513198853,52762,52772,10
13.097869873,80.2518234253,52772,52781,9
13.0978002548,80.2526016235,52781,52802,21
13.0978002548,80.2526016235,52802,52812,10
13.0977802277,80.2527236938,52812,52822,10
13.0977201462,80.2530899048,52822,52832,10
13.0976800919,80.2535629272,52832,52842,10
13.0976295471,80.2540130615,52842,52853,11
13.0975999832,80.2545700073,52853,52863,10
13.0975904465,80.255027771,52863,52873,10
13.0975599289,80.2555389404,52873,52883,10
13.0975399017,80.2559890747,52883,52903,20
13.0975399017,80.2559890747,52903,52913,10
13.0975399017,80.2562789917,52913,52923,10
13.0975103378,80.2568206787,52923,52933,10
13.0974597931,80.2574386597,52933,52943,10
13.0974302292,80.2578811646,52943,52953,10
13.0973796844,80.258392334,52953,52963,10
13.0973596573,80.258972168,52963,52973,10
13.0974397659,80.2592086792,52973,52984,11
13.0979204178,80.2593383789,52984,53000,16
13.0988702774,80.2595596313,53000,53012,12
13.0996799469,80.2597427368,53012,53062,50
13.0996799469,80.2597427368,53062,53072,10
13.0998401642,80.2598800659,53072,53081,9
13.0998001099,80.2602615356,53081,53103,22
13.0998001099,80.2602615356,53103,53113,10
13.0998401642,80.2603912354,53113,53123,10
13.0998096466,80.2606506348,53123,53133,10
13.0997400284,80.2610473633,53133,53153,20
13.0997400284,80.2610473633,53153,53163,10
13.099729538,80.2612380981,53163,53173,10
13.0996704102,80.2615432739,53173,53183,10
13.0994100571,80.2618789673,53183,53193,10
13.0992298126,80.2623291016,53193,53202,9
13.099149704,80.2628173828,53202,53213,11
13.0990695953,80.2632827759,53213,53223,10
13.0990695953,80.2633209229,53223,53234,11
13.0991001129,80.2635192871,53234,53244,10
13.0990200043,80.2638931274,53244,53254,10
13.0989103317,80.2645111084,53254,53264,10
13.0988502502,80.2649383545,53264,53274,10
13.0987596512,80.2655563354,53274,53284,10
13.0985898972,80.2662887573,53284,53294,10
13.0984601974,80.2668991089,53294,53314,20
13.0984601974,80.2668991089,53314,53324,10
13.0983800888,80.2671737671,53324,53334,10
13.0982103348,80.2677001953,53334,53344,10
13.0981397629,80.2682876587,53344,53355,11
13.0984601974,80.2686004639,53355,53365,10
13.0989999771,80.2689208984,53365,53375,10
13.0996198654,80.2693328857,53375,53385,10
13.100279808,80.2697372437,53385,53395,10
13.1014699936,80.2704925537,53395,53415,20
13.1014699936,80.2704925537,53415,53425,10
13.1018199921,80.2705230713,53425,53435,10
13.1024599075,80.2704772949,53435,53445,10
13.1031599045,80.2704696655,53445,53455,10
13.1039199829,80.2705383301,53455,53465,10
13.10435009,80.2710723877,53465,53476,11
13.1043901443,80.2715911865,53476,53486,10
13.104060173,80.2721710205,53486,53496,10
13.1038398743,80.2728729248,53496,53506,10
13.1039400101,80.2734222412,53506,53536,30
13.1039400101,80.2734222412,53536,53546,10
13.1039896011,80.2735519409,53546,53556,10
13.1040496826,80.2738571167,53556,53566,10
13.1040802002,80.273979187,53566,53576,10
13.1041097641,80.2741775513,53576,53586,10
13.1041097641,80.274269104,53586,53596,10
13.1041498184,80.2746200562,53596,53607,11
13.1042404175,80.2750778198,53607,53617,10
13.1044101715,80.275642395,53617,53627,10
13.1045799255,80.2760391235,53627,53667,40
13.1045799255,80.2760391235,53667,53677,10
13.1045999527,80.2762832642,53677,53687,10
13.1048297882,80.2767715454,53687,53697,10
13.1050901413,80.2775802612,53697,53707,10
13.1053495407,80.2784194946,53707,53717,10
13.1056900024,80.279586792,53717,53738,21
13.1056900024,80.279586792,53738,53748,10
13.1057300568,80.2797012329,53748,53758,10
13.106010437,80.2798614502,53758,53768,10
13.1066799164,80.2800674438,53768,53778,10
13.1075801849,80.2803421021,53778,53788,10
13.108499527,80.280632019,53788,53798,10
13.109290123,80.2805404663,53798,53808,10
13.109749794,80.2797775269,53808,53818,10
13.1101903915,80.2789764404,53818,53828,10
13.1107597351,80.2782592773,53828,53838,10
13.1113195419,80.2778167725,53838,53848,10
13.1115703583,80.2780914307,53848,53859,11
13.1109895706,80.2780990601,53859,53869,10
13.1105098724,80.2786102295,53869,53879,10
13.1101303101,80.2791824341,53879,53889,10
13.1100196838,80.2793884277,53889,53899,10
13.1098899841,80.2796401978,53899,53909,10
13.1096897125,80.2800292969,53909,53919,10
13.1093797684,80.2805404663,53919,53929,10
13.1087398529,80.2807388306,53929,53939,10
13.1078901291,80.2805023193,53939,53949,10
13.1070604324,80.2802581787,53949,53959,10
13.1062202454,80.2800369263,53959,53969,10
13.1058101654,80.2799682617,53969,53979,10
13.1054496765,80.2798233032,53979,53990,11
13.1051597595,80.2790603638,53990,54000,10
13.1049003601,80.2783432007,54000,54010,10
13.1045598984,80.2775497437,54010,54020,10
13.1042098999,80.2768173218,54020,54030,10
13.1042203903,80.2764282227,54030,54040,10
13.1042804718,80.2760467529,54040,54322,282
13.1042804718,80.2760467529,54322,54332,10
13.1042699814,80.2756881714,54332,54342,10
13.1042203903,80.2754211426,54342,54353,11
13.1041297913,80.2750320435,54353,54363,10
13.1040296555,80.2745285034,54363,54373,10
13.1039600372,80.2740020752,54373,54383,10
13.1038799286,80.2733688354,54383,54393,10
13.1038198471,80.2729568481,54393,54403,10
13.1037597656,80.2725524902,54403,54413,10
13.1039400101,80.2722091675,54413,54423,10
13.1042098999,80.2719268799,54423,54433,10
13.10435009,80.2714309692,54433,54443,10
13.1042299271,80.2708587646,54443,54453,10
13.1036596298,80.2705230713,54453,54463,10
13.1028499603,80.2705230713,54463,54473,10
13.1019296646,80.2705688477,54473,54484,11
13.1013898849,80.2705230713,54484,54494,10
13.100979805,80.2702331543,54494,54504,10
13.1003303528,80.2697906494,54504,54514,10
13.0995397568,80.2693023682,54514,54524,10
13.098690033,80.2687911987,54524,54534,10
13.0981397629,80.2683868408,54534,54544,10
13.0981197357,80.2682266235,54544,54554,10
13.0981798172,80.2677688599,54554,54564,10
13.0983800888,80.2670669556,54564,54574,10
13.0986003876,80.2661819458,54574,54594,20
13.0986003876,80.2661819458,54594,54604,10
13.0987195969,80.2658233643,54604,54615,11
13.0988302231,80.2652511597,54615,54625,10
13.0989103317,80.2647323608,54625,54635,10
13.0989999771,80.2641830444,54635,54645,10
13.0990400314,80.2637176514,54645,54655,10
13.0990400314,80.263671875,54655,54665,10
13.0990896225,80.2634963989,54665,54675,10
13.099149704,80.2630691528,54675,54685,10
13.099240303,80.2625808716,54685,54695,10
13.0993099213,80.2621078491,54695,54705,10
13.0995597839,80.2618408203,54705,54715,10
13.0996198654,80.2617111206,54715,54725,10
13.0996799469,80.2614822388,54725,54736,11
13.0997600555,80.2610092163,54736,54746,10
13.099820137,80.2607421875,54746,54756,10
13.0998697281,80.2602996826,54756,54766,10
13.0998601913,80.2600784302,54766,54776,10
13.0997695923,80.2598419189,54776,54786,10
13.0993995667,80.2597808838,54786,54796,10
13.0993795395,80.2597808838,54796,54806,10
13.0993204117,80.2597503662,54806,54816,10
13.0990200043,80.2598190308,54816,54826,10
13.0986003876,80.2599868774,54826,54836,10
13.0981798172,80.2601623535,54836,54846,10
13.0978899002,80.2602233887,54846,54857,11
13.0975103378,80.2603912354,54857,54867,10
13.0971298218,80.2603607178,54867,54877,10
13.0972299576,80.2598190308,54877,54887,10
13.0972995758,80.2593612671,54887,54897,10
13.0972900391,80.2593002319,54897,54907,10
13.0972795486,80.2592163086,54907,54917,10
13.0973100662,80.2589416504,54917,54927,10
13.0973596573,80.2584075928,54927,54937,10
13.0973901749,80.2578964233,54937,54947,10
13.0973901749,80.2578811646,54947,54957,10
13.097410202,80.2576217651,54957,54967,10
13.0974302292,80.2572021484,54967,54978,11
13.0974998474,80.2565994263,54978,54988,10
13.0975399017,80.2558517456,54988,54998,10
13.0975799561,80.2551269531,54998,55008,10
13.0975904465,80.2546768188,55008,55018,10
13.0975999832,80.2545089722,55018,55028,10
13.0976104736,80.25440979,55028,55038,10
13.0976600647,80.2539520264,55038,55048,10
13.0977096558,80.253326416,55048,55058,10
13.0977602005,80.2526397705,55058,55068,10
13.097820282,80.2519302368,55068,55088,20
13.097820282,80.2519302368,55088,55098,10
13.0978002548,80.251739502,55098,55109,11
13.097869873,80.2514038086,55109,55119,10
13.0980997086,80.2510299683,55119,55129,10
13.0978403091,80.2504196167,55129,55139,10
13.0977201462,80.2498016357,55139,55149,10
13.097530365,80.2490234375,55149,55159,10
13.0972995758,80.2480392456,55159,55179,20
13.0972995758,80.2480392456,55179,55189,10
13.0971698761,80.247543335,55189,55199,10
13.0969600677,80.2467880249,55199,55209,10
13.0968399048,80.2459106445,55209,55219,10
13.0968198776,80.245552063,55219,55229,10
13.0968198776,80.2455062866,55229,55240,11
13.0968599319,80.2451171875,55240,55250,10
13.0969200134,80.244430542,55250,55260,10
13.0971097946,80.2436065674,55260,55270,10
13.0972900391,80.2423934937,55270,55290,20
13.0972900391,80.2423934937,55290,55300,10
13.0973300934,80.2422485352,55300,55310,10
13.0974597931,80.2417602539,55310,55320,10
13.0975704193,80.2410202026,55320,55330,10
13.0976600647,80.2400894165,55330,55340,10
13.0977296829,80.2393493652,55340,55350,10
13.097820282,80.2384262085,55350,55371,21
13.097820282,80.2384262085,55371,55381,10
13.0979003906,80.2381591797,55381,55391,10
13.097990036,80.2376174927,55391,55401,10
13.0981197357,80.2369003296,55401,55411,10
13.0982503891,80.2361221313,55411,55421,10
13.0983200073,80.2356109619,55421,55437,16
13.0984201431,80.2349014282,55437,55469,32
13.0984201431,80.2349014282,55469,55479,10
13.0985002518,80.2347335815,55479,55490,11
13.0985002518,80.23462677,55490,55500,10
13.0985298157,80.2341308594,55500,55510,10
13.0986099243,80.2335510254,55510,55520,10
13.0986995697,80.2328186035,55520,55530,10
13.0988397598,80.2321395874,55530,55540,10
13.0989999771,80.2317581177,55540,55550,10
13.0992202759,80.2312393188,55550,55559,9
13.099439621,80.2307510376,55559,55569,10
13.0994701385,80.2306137085,55569,55580,11
13.0995702744,80.2303009033,55580,55590,10
13.0996999741,80.2298278809,55590,55600,10
13.0996999741,80.2297210693,55600,55611,11
13.0997400284,80.2295837402,55611,55621,10
13.099820137,80.2291717529,55621,55631,10
13.0999202728,80.2284927368,55631,55640,9
13.1000003815,80.2277374268,55640,55651,11
13.0999803543,80.2266311646,55651,55661,10
13.0998601913,80.2254486084,55661,55681,20
13.0998096466,80.2250289917,55681,55691,10
13.0998096466,80.2250289917,55691,55701,10
13.0996103287,80.224357605,55701,55711,10
13.0993299484,80.223739624,55711,55721,10
13.0991096497,80.2234268188,55721,55731,10
13.0988702774,80.2231216431,55731,55742,11
13.0987195969,80.2227630615,55742,55752,10
13.0987195969,80.222038269,55752,55764,12
13.0988903046,80.2208786011,55764,55774,10
13.0990200043,80.2201080322,55774,55784,10
13.0990600586,80.2197570801,55784,55794,10
13.0990600586,80.2197036743,55794,55804,10
13.0991296768,80.2193603516,55804,55814,10
13.0991897583,80.2190093994,55814,55824,10
13.0993003845,80.2183303833,55824,55834,10
13.0994701385,80.2173995972,55834,55844,10
13.0997896194,80.2164001465,55844,55854,10
13.1001501083,80.2155914307,55854,55865,11
13.1002101898,80.2154312134,55865,55875,10
13.1002702713,80.2152862549,55875,55885,10
13.1004896164,80.2147293091,55885,55945,60
13.1004896164,80.2147293091,55945,55955,10
13.1005601883,80.2144622803,55955,55965,10
13.1007795334,80.2140274048,55965,55975,10
13.1009998322,80.2135391235,55975,55986,11
13.1013097763,80.2127838135,55986,55996,10
13.1015501022,80.2121582031,55996,56006,10
13.1018199921,80.2114105225,56006,56016,10
13.1020097733,80.2108383179,56016,56026,10
13.1020097733,80.2108306885,56026,56036,10
13.1020898819,80.2105484009,56036,56046,10
13.1023101807,80.2099609375,56046,56056,10
13.1025400162,80.2093505859,56056,56066,10
13.1026201248,80.2090682983,56066,56076,10
13.1027698517,80.2086334229,56076,56086,10
13.1028003693,80.2085723877,56086,56096,10
13.1029100418,80.2082214355,56096,56106,10
13.1030797958,80.2077178955,56106,56117,11
13.1033296585,80.2071304321,56117,56127,10
13.1035604477,80.2066192627,56127,56137,10
13.1037597656,80.2059707642,56137,56147,10
13.1038198471,80.2053070068,56147,56157,10
13.1038198471,80.2046737671,56157,56167,10
13.1036996841,80.2036819458,56167,56197,30
13.1036996841,80.2036819458,56197,56207,10
13.1035995483,80.2034683228,56207,56217,10
13.103509903,80.2032089233,56217,56227,10
13.1035299301,80.2026977539,56227,56237,10
13.1034698486,80.2020797729,56237,56248,11
13.1033802032,80.201499939,56248,56264,16
13.1032896042,80.2006912231,56264,56276,12
13.1032104492,80.1999588013,56276,56283,7
13.1031103134,80.1993179321,56283,56306,23
13.1031103134,80.1993179321,56306,56316,10
13.1030797958,80.1990585327,56316,56326,10
13.1029596329,80.1983795166,56326,56336,10
13.1027803421,80.1976165771,56336,56346,10
13.1025400162,80.1968688965,56346,56356,10
13.1022796631,80.1960983276,56356,56367,11
13.1019897461,80.1952362061,56367,56377,10
13.1018104553,80.1947402954,56377,56387,10
13.1016101837,80.1944885254,56387,56397,10
13.1014995575,80.1940536499,56397,56407,10
13.1018104553,80.1934204102,56407,56417,10
13.1016597748,80.1923904419,56417,56427,10
13.1014499664,80.1912536621,56427,56437,10
13.1012096405,80.1903381348,56437,56447,10
13.1010799408,80.1900482178,56447,56457,10
13.1010303497,80.1900024414,56457,56467,10
13.1009101868,80.1896209717,56467,56477,10
13.1005802155,80.1890716553,56477,56487,10
13.1004104614,80.1887664795,56487,56498,11
13.1003599167,80.188659668,56498,56508,10
13.1003503799,80.1886291504,56508,56518,10
13.1002101898,80.1883163452,56518,56528,10
13.1000204086,80.1878433228,56528,56538,10
13.0999603271,80.1876678467,56538,56548,10
13.0998802185,80.1874389648,56548,56558,10
13.0998497009,80.1873397827,56558,56568,10
13.099820137,80.187171936,56568,56578,10
13.0997400284,80.1868209839,56578,56588,10
13.0996999741,80.1865768433,56588,56598,10
13.099650383,80.186340332,56598,56629,31
13.099650383,80.186340332,56629,56639,10
13.09953022,80.185760498,56639,56649,10
13.0994195938,80.185333252,56649,56659,10
13.0993795395,80.1851425171,56659,56669,10
13.0993003845,80.1848220825,56669,56679,10
13.0992803574,80.184753418,56679,56689,10
13.0991697311,80.1843719482,56689,56699,10
13.0989904404,80.1837768555,56699,56709,10
13.0987596512,80.1830215454,56709,56719,10
13.0985603333,80.1822280884,56719,56729,10
13.098449707,80.1817932129,56729,56740,11
13.0983800888,80.1815032959,56740,56750,10
13.0983695984,80.181427002,56750,56760,10
13.0982704163,80.181060791,56760,56770,10
13.0980796814,80.1803970337,56770,56780,10
13.0978803635,80.1795501709,56780,56790,10
13.097820282,80.1788864136,56790,56800,10
13.0978097916,80.1785202026,56800,56810,10
13.0978403091,80.1779098511,56810,56820,10
13.097869873,80.1772384644,56820,56830,10
13.0979099274,80.1769714355,56830,56840,10
13.0980396271,80.1764373779,56840,56850,10
13.0981397629,80.175819397,56850,56860,10
13.0981302261,80.1751785278,56860,56871,11
13.0981397629,80.1750488281,56871,56881,10
13.0982303619,80.174659729,56881,56897,16
13.0986499786,80.1735610962,56897,56909,12
13.0990800858,80.1724395752,56909,56919,10
13.0993700027,80.1715316772,56919,56927,8
13.0995197296,80.1710891724,56927,56959,32
13.0995197296,80.1710891724,56959,56969,10
13.0995998383,80.1707687378,56969,56979,10
13.0996704102,80.1702423096,56979,56989,10
13.0996904373,80.1699905396,56989,57000,11
13.0996999741,80.1698532104,57000,57010,10
13.099729538,80.1698226929,57010,57020,10
13.0997400284,80.1697616577,57020,57030,10
13.0997896194,80.1695480347,57030,57040,10
13.0998497009,80.1692123413,57040,57050,10
13.0999097824,80.1686401367,57050,57060,10
13.1000003815,80.1678466797,57060,57070,10
13.1001195908,80.1668395996,57070,57080,10
13.1004695892,80.1657485962,57080,57090,10
13.1007795334,80.1646881104,57090,57101,11
13.1011104584,80.1637268066,57101,57111,10
13.1012897491,80.162940979,57111,57122,11
13.1013298035,80.1627426147,57122,57132,10
13.1013803482,80.1624526978,57132,57142,10
13.1013498306,80.1620483398,57142,57152,10
13.101360321,80.1619033813,57152,57162,10
13.1013898849,80.1616592407,57162,57172,10
13.1014099121,80.1612472534,57172,57182,10
13.1014003754,80.1609191895,57182,57192,10
13.1014003754,80.1604919434,57192,57202,10
13.1014499664,80.1598587036,57202,57212,10
13.1018896103,80.1592102051,57212,57222,10
13.1024503708,80.1586837769,57222,57232,10
13.1030702591,80.1580734253,57232,57242,10
13.1034202576,80.1572799683,57242,57253,11
13.1035203934,80.1569595337,57253,57263,10
13.1035804749,80.1566009521,57263,57273,10
13.1036195755,80.1564102173,57273,57283,10
13.1037302017,80.1559906006,57283,57293,10
13.1038999557,80.1553192139,57293,57303,10
13.1040802002,80.1545410156,57303,57313,10
13.1043100357,80.1537017822,57313,57323,10
13.1047496796,80.152923584,57323,57333,10
13.1050596237,80.152557373,57333,57343,10
13.1052398682,80.1524429321,57343,57353,10
13.1057500839,80.1522827148,57353,57363,10
13.107049942,80.1522216797,57363,57384,21
13.107049942,80.1522216797,57384,57394,10
13.107339859,80.1521987915,57394,57404,10
13.1078796387,80.1521835327,57404,57414,10
13.1083698273,80.1521835327,57414,57424,10
13.1089200974,80.1521835327,57424,57434,10
13.1095199585,80.1522064209,57434,57444,10
13.1100502014,80.1522674561,57444,57454,10
13.1104602814,80.1520233154,57454,57464,10
13.1108598709,80.151802063,57464,57474,10
13.1111602783,80.1516799927,57474,57484,10
13.1113796234,80.1514816284,57484,57494,10
13.1115999222,80.1511993408,57494,57505,11
13.1116104126,80.1511764526,57505,57515,10
13.1117897034,80.1509475708,57515,57525,10
13.1121101379,80.1505966187,57525,57535,10
13.1126003265,80.1502838135,57535,57545,10
13.1130599976,80.1498413086,57545,57555,10
13.1132297516,80.1491775513,57555,57565,10
13.1133098602,80.1489028931,57565,57575,10
13.113360405,80.1487503052,57575,57585,10
13.1134595871,80.1486129761,57585,57595,10
13.1136102676,80.1484680176,57595,57605,10
13.1138896942,80.1483001709,57605,57615,10
13.1142902374,80.1481628418,57615,57626,11
13.1146602631,80.1480331421,57626,57636,10
13.1152296066,80.1478424072,57636,57646,10
13.1160802841,80.1479110718,57646,57683,37
13.1177797318,80.1494598389,57683,57695,12
13.1181898117,80.1495819092,57695,57705,10
13.1187801361,80.1497497559,57705,57715,10
13.1191797256,80.1498565674,57715,57725,10
13.1196804047,80.1498565674,57725,57735,10
13.12018013,80.1494369507,57735,57745,10
13.1208600998,80.1488571167,57745,57756,11
13.1217403412,80.1480026245,57756,57776,20
13.1217403412,80.1480026245,57776,57786,10
13.1218204498,80.1479568481,57786,57796,10
13.121919632,80.1477432251,57796,57806,10
13.1220998764,80.1474304199,57806,57816,10
13.1223602295,80.1472015381,57816,57826,10
13.122420311,80.1475906372,57826,57836,10
13.1225700378,80.1481628418,57836,57846,10
13.1228199005,80.1486587524,57846,57855,9
13.1228599548,80.148727417,57855,57866,11
13.122879982,80.1487731934,57866,57877,11
13.1231098175,80.1491775513,57877,57887,10
13.1234798431,80.1497802734,57887,57897,10
13.1239204407,80.1505737305,57897,57907,10
13.1243801117,80.1514205933,57907,57917,10
13.1247997284,80.152130127,57917,57927,10
13.1255998611,80.1528625488,57927,57947,20
13.1255998611,80.1528625488,57947,57957,10
13.1258201599,80.1530075073,57957,57967,10
13.1263799667,80.1533203125,57967,57977,10
13.1270399094,80.1536865234,57977,57987,10
13.1274700165,80.1539611816,57987,57998,11
13.1274795532,80.1539764404,57998,58008,10
13.1277103424,80.1543426514,58008,58017,9
13.128080368,80.1548919678,58017,58028,11
13.1284799576,80.155456543,58028,58038,10
13.1288299561,80.155960083,58038,58048,10
13.1293497086,80.1567382813,58048,58058,10
13.1299200058,80.1575393677,58058,58068,10
13.1303501129,80.1583023071,58068,58078,10
13.1307601929,80.1592407227,58078,58098,20
13.1307601929,80.1592407227,58098,58108,10
13.1307697296,80.1592407227,58108,58118,10
13.130900383,80.1595993042,58118,58129,11
13.1311903,80.1603622437,58129,58139,10
13.1312799454,80.16065979,58139,58149,10
13.1312599182,80.1606826782,58149,58159,10
13.1311597824,80.1604919434,58159,58169,10
13.1309995651,80.1600036621,58169,58179,10
13.1308097839,80.1595001221,58179,58189,10
13.13078022,80.1594696045,58189,58199,10
13.1306600571,80.1592025757,58199,58209,10
13.1305799484,80.1590270996,58209,58219,10
13.1304597855,80.158821106,58219,58723,504
13.1304597855,80.158821106,58723,58733,10
13.1303300858,80.1584701538,58733,58743,10
13.1302404404,80.1582565308,58743,58753,10
13.1300497055,80.1578216553,58753,58764,11
13.1296396255,80.1572113037,58764,58774,10
13.1291599274,80.156539917,58774,58784,10
13.1287002563,80.1558609009,58784,58794,10
13.1282501221,80.1551971436,58794,58804,10
13.1278295517,80.1545791626,58804,58814,10
13.1274595261,80.1540603638,58814,58824,10
13.1273403168,80.1539611816,58824,58834,10
13.1272201538,80.1538696289,58834,58844,10
13.1271295547,80.1538314819,58844,58854,10
13.1269798279,80.1537475586,58854,58864,10
13.1265096664,80.1534805298,58864,58874,10
13.1258602142,80.1531219482,58874,58885,11
13.125169754,80.1527023315,58885,58895,10
13.1246995926,80.1521377563,58895,58905,10
13.1243495941,80.1514816284,58905,58915,10
13.1239004135,80.1506500244,58915,58925,10
13.1235103607,80.1499404907,58925,58935,10
13.1230201721,80.1491012573,58935,58945,10
13.1225004196,80.1486282349,58945,58955,10
13.1217403412,80.1485366821,58955,58965,10
13.1211595535,80.14868927,58965,58975,10
13.1206798553,80.149017334,58975,58985,10
13.1202096939,80.1494903564,58985,58995,10
13.1198596954,80.1499633789,58995,59046,51
13.1196699142,80.1501998901,59046,59066,20
13.1196699142,80.1501998901,59066,59076,10
13.1195201874,80.1501235962,59076,59086,10
13.1194400787,80.1499404907,59086,59096,10
13.1191396713,80.149887085,59096,59106,10
13.1186504364,80.149810791,59106,59116,10
13.1181602478,80.1496963501,59116,59126,10
13.1179103851,80.1496505737,59126,59137,11
13.1175804138,80.149520874,59137,59147,10
13.1171197891,80.1489868164,59147,59157,10
13.1164398193,80.1482391357,59157,59167,10
13.1154003143,80.1479034424,59167,59177,10
13.1148796082,80.1480178833,59177,59187,10
13.1146697998,80.1480865479,59187,59197,10
13.1141395569,80.1482696533,59197,59207,10
13.1135797501,80.1485519409,59207,59217,10
13.1132802963,80.1491394043,59217,59227,10
13.1131601334,80.149848938,59227,59237,10
13.1129703522,80.1502075195,59237,59247,10
13.112859726,80.1503219604,59247,59257,10
13.1125802994,80.1504516602,59257,59268,11
13.1121797562,80.150680542,59268,59278,10
13.1120195389,80.1508407593,59278,59288,10
13.111869812,80.1510009766,59288,59298,10
13.111700058,80.1512374878,59298,59308,10
13.1113996506,80.1516113281,59308,59318,10
13.1107597351,80.1519393921,59318,59328,10
13.1103496552,80.1523284912,59328,59338,10
13.1102800369,80.1523895264,59338,59348,10
13.110159874,80.1524200439,59348,59358,10
13.1096096039,80.1523132324,59358,59368,10
13.1089601517,80.1522674561,59368,59378,10
13.1085100174,80.1522827148,59378,59389,11
13.1077604294,80.1523284912,59389,59399,10
13.1069202423,80.15234375,59399,59409,10
13.1061897278,80.1523895264,59409,59419,10
13.106089592,80.1523971558,59419,59429,10
13.1059703827,80.1523971558,59429,59439,10
13.1055002213,80.1524581909,59439,59449,10
13.1048803329,80.1528930664,59449,59459,10
13.1044397354,80.1535263062,59459,59469,10
13.104060173,80.1546325684,59469,59479,10
13.1038398743,80.1556396484,59479,59489,10
13.103679657,80.156463623,59489,59499,10
13.103679657,80.15650177,59499,59510,11
13.1036100388,80.1568069458,59510,59520,10
13.1034402847,80.1574630737,59520,59530,10
13.1030197144,80.1582565308,59530,59540,10
13.1023302078,80.1589126587,59540,59550,10
13.1016597748,80.1595916748,59550,59560,10
13.1014299393,80.1605300903,59560,59570,10
13.1014604568,80.1614227295,59570,59580,10
13.1014995575,80.1618804932,59580,59610,30
13.1014995575,80.1618804932,59610,59620,10
13.1014699936,80.1624984741,59620,59651,31
13.1014699936,80.1624984741,59651,59661,10
13.1014204025,80.1626815796,59661,59671,10
13.1013498306,80.1631774902,59671,59681,10
13.1011800766,80.1638183594,59681,59691,10
13.1009597778,80.1644592285,59691,59701,10
13.1007099152,80.1651763916,59701,59711,10
13.1005001068,80.1659164429,59711,59721,10
13.1002702713,80.1666412354,59721,59731,10
13.100110054,80.1673812866,59731,59741,10
13.1000499725,80.1680908203,59741,59751,10
13.0999698639,80.168800354,59751,59762,11
13.0998601913,80.1694717407,59762,59772,10
13.0998096466,80.1697463989,59772,59782,10
13.0998001099,80.169921875,59782,59872,90
13.0998001099,80.169921875,59872,59882,10
13.0997800827,80.1700668335,59882,59893,11
13.0997800827,80.1703262329,59893,59903,10
13.0996704102,80.1709136963,59903,59943,40
13.0996704102,80.1709136963,59943,59953,10
13.0995998383,80.1711425781,59953,59963,10
13.0994796753,80.1715164185,59963,59973,10
13.0993099213,80.1720504761,59973,59983,10
13.0991096497,80.1726226807,59983,59993,10
13.0988798141,80.1731796265,59993,60003,10
13.0986204147,80.1737976074,60003,60014,11
13.098400116,80.1743927002,60014,60024,10
13.0982704163,80.1748504639,60024,60034,10
13.0981798172,80.1754684448,60034,60044,10
13.0981397629,80.1759719849,60044,60054,10
13.09815979,80.176109314,60054,60064,10
13.0981397629,80.1762237549,60064,60074,10
13.0980501175,80.1766204834,60074,60084,10
13.0979299545,80.1772689819,60084,60094,10
13.097869873,80.1781005859,60094,60104,10
13.0978498459,80.1788864136,60104,60114,10
13.0978803635,80.1793670654,60114,60124,10
13.0980100632,80.1799316406,60124,60134,10
13.0982999802,80.1809921265,60134,60165,31
13.0982999802,80.1809921265,60165,60175,10
13.0983695984,80.1812591553,60175,60185,10
13.0984697342,80.1817016602,60185,60195,10
13.0985803604,80.1822814941,60195,60205,10
13.0987300873,80.1829376221,60205,60215,10
13.0988798141,80.1835174561,60215,60225,10
13.0990800858,80.1840286255,60225,60235,10
13.0993499756,80.1848831177,60235,60255,20
13.0993499756,80.1848831177,60255,60266,11
13.0994195938,80.1851425171,60266,60276,10
13.0994997025,80.185546875,60276,60286,10
13.0996904373,80.1863632202,60286,60306,20
13.0996904373,80.1863632202,60306,60316,10
13.099729538,80.1865081787,60316,60326,10
13.0998296738,80.1869888306,60326,60336,10
13.0999498367,80.1875,60336,60346,10
13.1002101898,80.1882019043,60346,60356,10
13.1005802155,80.1889419556,60356,60366,10
13.1011600494,80.1895599365,60366,60387,21
13.1011600494,80.1895599365,60387,60397,10
13.1011896133,80.1895675659,60397,60407,10
13.101269722,80.1897201538,60407,60417,10
13.1013898849,80.1902923584,60417,60427,10
13.101559639,80.1911392212,60427,60437,10
13.1017398834,80.1920623779,60437,60447,10
13.1019001007,80.1929931641,60447,60457,10
13.1020097733,80.1937637329,60457,60467,10
13.1021995544,80.1941299438,60467,60477,10
13.1021404266,80.1946563721,60477,60487,10
13.1021203995,80.1952209473,60487,60497,10
13.1023797989,80.1960067749,60497,60507,10
13.1026601791,80.1968688965,60507,60518,11
13.10297966,80.1978302002,60518,60528,10
13.1031398773,80.198638916,60528,60538,10
13.1032104492,80.1990966797,60538,60558,20
13.1032104492,80.1990966797,60558,60568,10
13.103219986,80.1992721558,60568,60578,10
13.1032600403,80.199546814,60578,60588,10
13.1033401489,80.2001800537,60588,60598,10
13.1034097672,80.2008590698,60598,60608,10
13.1035003662,80.2015380859,60608,60618,10
13.1035604477,80.2021713257,60618,60628,10
13.1036396027,80.2027511597,60628,60649,21
13.1036396027,80.2027511597,60649,60659,10
13.1036701202,80.2029418945,60659,60669,10
13.1036901474,80.2030334473,60669,60679,10
13.1036996841,80.2031478882,60679,60689,10
13.1037597656,80.20362854,60689,60699,10
13.1038303375,80.2043075562,60699,60709,10
13.1038599014,80.2050933838,60709,60719,10
13.1038599014,80.2057418823,60719,60729,10
13.1037197113,80.2064437866,60729,60739,10
13.1035404205,80.2068862915,60739,60749,10
13.1034698486,80.2070617676,60749,60759,10
13.1034603119,80.207069397,60759,60776,17
13.1034097672,80.2071990967,60776,61040,264
13.1031999588,80.2075195313,61040,61060,20
13.1031999588,80.2075195313,61060,61070,10
13.1031703949,80.2077026367,61070,61080,10
13.1030797958,80.2079620361,61080,61100,20
13.1030797958,80.2079620361,61100,61110,10
13.10297966,80.2082366943,61110,61120,10
13.1028499603,80.2086181641,61120,61130,10
13.1027402878,80.2090301514,61130,61141,11
13.1026697159,80.2092514038,61141,61151,10
13.1026000977,80.2094726563,61151,61161,10
13.1024503708,80.2098999023,61161,61171,10
13.1022796631,80.2103805542,61171,61181,10
13.1021299362,80.2107467651,61181,61191,10
13.102060318,80.2110214233,61191,61201,10
13.1018800735,80.2115402222,61201,61211,10
13.1016197205,80.2122268677,61211,61221,10
13.1013803482,80.2128829956,61221,61231,10
13.1012802124,80.2131500244,61231,61241,10
13.1012496948,80.2132415771,61241,61251,10
13.1010599136,80.2137069702,61251,61262,11
13.1009998322,80.2138366699,61262,61272,10
13.1008501053,80.2142028809,61272,61282,10
13.1006698608,80.2146606445,61282,61292,10
13.1004400253,80.2151489258,61292,61302,10
13.1002101898,80.2156600952,61302,61312,10
13.0999498367,80.2162780762,61312,61322,10
13.0996904373,80.2169265747,61322,61332,10
13.0995101929,80.2176513672,61332,61342,10
13.0993700027,80.218421936,61342,61352,10
13.0993003845,80.2189712524,61352,61362,10
13.0992698669,80.2192382813,61362,61372,10
13.0992202759,80.2195968628,61372,61382,10
13.0991897583,80.2198791504,61382,61393,11
13.0990896225,80.2202987671,61393,61403,10
13.0989704132,80.2209472656,61403,61413,10
13.0988197327,80.2218017578,61413,61423,10
13.0987901688,80.2227020264,61423,61432,9
13.0991401672,80.2233810425,61432,61443,11
13.0996799469,80.2242736816,61443,61453,10
13.0998802185,80.2250595093,61453,61463,10
13.0999202728,80.2253417969,61463,61473,10
13.0999698639,80.2256622314,61473,61483,10
13.1000404358,80.2261428833,61483,61503,20
13.1000404358,80.2261428833,61503,61513,10
13.100060463,80.2263031006,61513,61524,11
13.100060463,80.226852417,61524,61534,10
13.1000699997,80.2276763916,61534,61544,10
13.0999603271,80.2285308838,61544,61554,10
13.0998497009,80.2293014526,61554,61564,10
13.0997200012,80.229927063,61564,61574,10
13.09953022,80.2305908203,61574,61826,252
13.09953022,80.2305908203,61826,61836,10
13.0993700027,80.2311019897,61836,61846,10
13.099240303,80.2314071655,61846,61856,10
13.0990600586,80.2317810059,61856,61876,20
13.0990600586,80.2317810059,61876,61887,11
13.0990104675,80.2318878174,61887,61897,10
13.0989303589,80.2321777344,61897,61907,10
13.0988798141,80.2323303223,61907,61916,9
13.0987997055,80.2326202393,61916,61926,10
13.098690033,80.2332077026,61926,61937,11
13.0986404419,80.2335968018,61937,61947,10
13.0986099243,80.233757019,61947,61957,10
13.0985803604,80.2340927124,61957,61967,10
13.0985002518,80.2347412109,61967,61977,10
13.0984296799,80.2352828979,61977,61987,10
13.0984201431,80.2353973389,61987,61997,10
13.0983295441,80.2359008789,61997,62007,10
13.0982198715,80.2366714478,62007,62018,11
13.0980501175,80.2375869751,62018,62027,9
13.0978899002,80.2384262085,62027,62038,11
13.0977897644,80.2391433716,62038,62048,10
13.0977497101,80.239616394,62048,62058,10
13.0977201462,80.2401580811,62058,62068,10
13.0977201462,80.240196228,62068,62078,10
13.0977096558,80.2405090332,62078,62088,10
13.0976800919,80.2406692505,62088,62098,10
13.0976200104,80.2411804199,62098,62108,10
13.0975704193,80.2415771484,62108,62165,57
13.0975704193,80.2415771484,62165,62177,12
13.0975399017,80.2417678833,62177,62187,10
13.0974903107,80.2419662476,62187,62196,9
13.0973997116,80.2424621582,62196,62206,10
13.097319603,80.2430114746,62206,62217,11
13.0972003937,80.2436523438,62217,62227,10
13.0970401764,80.244392395,62227,62257,30
13.0970401764,80.244392395,62257,62267,10
13.0969800949,80.2447814941,62267,62278,11
13.0969400406,80.2452011108,62278,62288,10
13.0969200134,80.2457427979,62288,62298,10
13.0969800949,80.2465896606,62298,62308,10
13.0972204208,80.247428894,62308,62318,10
13.0973997116,80.2481765747,62318,62338,20
13.0973997116,80.2481765747,62338,62348,10
13.0974502563,80.2484207153,62348,62358,10
13.0974798203,80.2485198975,62358,62368,10
13.0975599289,80.2489013672,62368,62378,10
13.0977296829,80.2496414185,62378,62389,11
13.0979299545,80.2505264282,62389,62399,10
13.0981702805,80.2510604858,62399,62409,10
13.0979604721,80.2513809204,62409,62419,10
13.0979099274,80.2515335083,62419,62429,10
13.097869873,80.2519989014,62429,62439,10
13.0978298187,80.2524185181,62439,62449,10
13.0978097916,80.2526016235,62449,62459,10
13.0978002548,80.2526779175,62459,62469,10
13.0977602005,80.253036499,62469,62479,10
13.0976896286,80.2537765503,62479,62489,10
13.0976295471,80.2545166016,62489,62498,9
13.0975999832,80.255279541,62498,62508,10
13.0975799561,80.2557830811,62508,62520,12
13.0975704193,80.2559661865,62520,62530,10
13.0975704193,80.2560195923,62530,62540,10
13.0975704193,80.2562637329,62540,62550,10
13.0975399017,80.2568283081,62550,62560,10
13.0974903107,80.2574081421,62560,62570,10
13.0974597931,80.2576904297,62570,62580,10
13.097410202,80.2582397461,62580,62590,10
13.0973701477,80.2588577271,62590,62600,10
13.0973701477,80.2591323853,62600,62610,10
13.0974397659,80.2593002319,62610,62620,10
13.097869873,80.2593917847,62620,62630,10
13.0985202789,80.2595062256,62630,62641,11
13.0992202759,80.2596511841,62641,62651,10
13.0996198654,80.259727478,62651,62661,10
13.0998601913,80.2599182129,62661,62671,10
13.0998497009,80.2600402832,62671,62681,10
13.0998296738,80.2602615356,62681,62691,10
13.0998401642,80.2603988647,62691,62701,10
13.0998497009,80.2605285645,62701,62711,10
13.0998401642,80.2606201172,62711,62721,10
13.0997896194,80.2609710693,62721,62751,30
13.0997896194,80.2609710693,62751,62761,10
13.099729538,80.2612533569,62761,62772,11
13.0997200012,80.2615432739,62772,62782,10
13.0996398926,80.2618789673,62782,62792,10
13.0993404388,80.2620925903,62792,62802,10
13.0992603302,80.2624969482,62802,62812,10
13.0992097855,80.2628479004,62812,62822,10
13.0992002487,80.2630233765,62822,62832,10
13.0991697311,80.2631225586,62832,62842,10
13.0991296768,80.2633132935,62842,62852,10
13.0991201401,80.2633209229,62852,62862,10
13.0990800858,80.2636108398,62862,62872,10
13.0990400314,80.2639694214,62872,62893,21
13.0990400314,80.2639694214,62893,62903,10
13.0990104675,80.2642364502,62903,62913,10
13.0989904404,80.2644805908,62913,62923,10
13.0989398956,80.2649002075,62923,62933,10
13.0989103317,80.2651596069,62933,62943,10
13.0988302231,80.2656097412,62943,62953,10
13.0987300873,80.2660522461,62953,62963,10
13.0987100601,80.2661209106,62963,62973,10
13.0986099243,80.2664489746,62973,62983,10
13.0984897614,80.2669372559,62983,62993,10
13.0984697342,80.2669906616,62993,63003,10
13.0983800888,80.2672576904,63003,63015,12
13.0982303619,80.267791748,63015,63025,10
13.0981502533,80.2683563232,63025,63034,9
13.0985202789,80.2686691284,63034,63045,11
13.0992202759,80.2690811157,63045,63055,10
13.1000995636,80.2696228027,63055,63065,10
13.1008501053,80.2701187134,63065,63075,10
13.1014299393,80.2705001831,63075,63085,10
13.1021003723,80.2705383301,63085,63095,10
13.1030101776,80.2705230713,63095,63105,10
13.1039304733,80.2705688477,63105,63115,10
13.1043701172,80.2709884644,63115,63125,10
13.1044197083,80.2711486816,63125,63135,10
13.1044397354,80.271232605,63135,63146,11
13.1044301987,80.2716217041,63146,63156,10
13.1041402817,80.2721710205,63156,63166,10
13.1038303375,80.2726135254,63166,63176,10
13.1039600372,80.2732696533,63176,63216,40
13.1039600372,80.2732696533,63216,63226,10
13.1039600372,80.2733306885,63226,63236,10
13.1040000916,80.2738037109,63236,63246,10
13.1040697098,80.2741012573,63246,63256,10
13.1041202545,80.2744598389,63256,63267,11
13.1042098999,80.2749328613,63267,63277,10
13.1042404175,80.2751083374,63277,63287,10
13.1043996811,80.2755889893,63287,63297,10
13.1045398712,80.2758789063,63297,63307,10
13.104640007,80.2762298584,63307,63327,20
13.104640007,80.2762298584,63327,63337,10
13.1046695709,80.2763824463,63337,63347,10
13.1048002243,80.2767333984,63347,63357,10
13.1050100327,80.2772674561,63357,63367,10
13.1052398682,80.2780303955,63367,63377,10
13.1054601669,80.2787704468,63377,63388,11
13.1057195663,80.2795562744,63388,63458,70
13.1057195663,80.2795562744,63458,63468,10
13.105799675,80.2797698975,63468,63488,20
13.105799675,80.2797698975,63488,63498,10
13.1058797836,80.2798614502,63498,63509,11
13.1060800552,80.2799072266,63509,63519,10
13.1063604355,80.2799682617,63519,63529,10
13.1068096161,80.2801208496,63529,63539,10
13.1073703766,80.2803115845,63539,63549,10
13.1080799103,80.2805023193,63549,63559,10
13.1086301804,80.2806777954,63559,63569,10
13.1091403961,80.280708313,63569,63579,10
13.1096401215,80.2802200317,63579,63589,10
13.1099700928,80.2795028687,63589,63599,10
13.1103200912,80.2789230347,63599,63609,10
13.1109399796,80.2781677246,63609,63619,10
13.1114702225,80.2778396606,63619,63629,10
13.1115198135,80.2782363892,63629,63640,11
13.1108703613,80.2782821655,63640,63650,10
13.1103000641,80.278968811,63650,63660,10
13.1098499298,80.2797775269,63660,63670,10
13.109459877,80.2805099487,63670,63680,10
13.1088199615,80.2807998657,63680,63690,10
13.1078596115,80.2805328369,63690,63698,8
13.1070699692,80.2802810669,63698,63710,12
13.1061897278,80.2800216675,63710,63720,10
13.1056203842,80.2799682617,63720,63730,10
13.1054801941,80.2798461914,63730,63740,10
13.1052598953,80.279296875,63740,63750,10
13.1049900055,80.2785263062,63750,63761,11
13.1045799255,80.2775726318,63761,63771,10
13.1042499542,80.27684021,63771,63781,10
13.1042604446,80.2764205933,63781,63791,10
13.1043395996,80.2761764526,63791,63801,10
13.1042499542,80.2759170532,63801,64033,232
13.1042499542,80.2759170532,64033,64043,10
13.1042995453,80.275680542,64043,64053,10
13.1042404175,80.2753295898,64053,64063,10
13.1041202545,80.2748184204,64063,64073,10
13.1040496826,80.2745285034,64073,64083,10
13.1040296555,80.2744827271,64083,64093,10
13.1039896011,80.2742004395,64093,64103,10
13.103969574,80.2740783691,64103,64113,10
13.1039600372,80.2739028931,64113,64123,10
13.1039600372,80.2737197876,64123,64134,11
13.103890419,80.2733001709,64134,64144,10
13.1038799286,80.2731399536,64144,64154,10
13.1038398743,80.2728424072,64154,64164,10
13.1038398743,80.2724380493,64164,64174,10
13.1041202545,80.272102356,64174,64184,10
13.1043300629,80.2717666626,64184,64194,10
13.1043796539,80.2714767456,64194,64204,10
13.1043195724,80.2710418701,64204,64214,10
13.1038503647,80.2705688477,64214,64224,10
13.1029100418,80.2705535889,64224,64234,10
13.1015195847,80.2706069946,64234,64255,21
13.1015195847,80.2706069946,64255,64265,10
13.1013498306,80.2705078125,64265,64275,10
13.1008996964,80.2701797485,64275,64285,10
13.1002397537,80.2697296143,64285,64295,10
13.0994195938,80.2691802979,64295,64305,10
13.0985603333,80.268699646,64305,64315,10
13.0981903076,80.2684631348,64315,64325,10
13.0981397629,80.2683410645,64325,64335,10
13.0981302261,80.2682418823,64335,64345,10
13.0981798172,80.2678833008,64345,64355,10
13.0983295441,80.2673416138,64355,64365,10
13.0985097885,80.2667007446,64365,64375,10
13.0986204147,80.2662277222,64375,64386,11
13.0986204147,80.2662200928,64386,64396,10
13.0986995697,80.2659683228,64396,64406,10
13.0987796783,80.2655715942,64406,64416,10
13.0988397598,80.2651062012,64416,64426,10
13.0989198685,80.2644805908,64426,64436,10
13.0990200043,80.2638168335,64436,64446,10
13.0990400314,80.2637634277,64446,64456,10
13.0990600586,80.2636184692,64456,64466,10
13.0991201401,80.2632598877,64466,64476,10
13.0992002487,80.2628173828,64476,64486,10
13.0992202759,80.2626190186,64486,64496,10
13.0992803574,80.2621994019,64496,64507,11
13.0995798111,80.2618713379,64507,64517,10
13.0996999741,80.2614974976,64517,64527,10
13.0997600555,80.2609634399,64527,64537,10
13.0997800827,80.260887146,64537,64547,10
13.0998001099,80.2606964111,64547,64557,10
13.0998497009,80.2604370117,64557,64567,10
13.0998697281,80.260017395,64567,64577,10
13.0998601913,80.259979248,64577,64587,10
13.0998001099,80.2598190308,64587,64597,10
13.0993995667,80.2597579956,64597,64628,31
13.0993995667,80.2597579956,64628,64638,10
13.0990800858,80.259803772,64638,64648,10
13.0986204147,80.260017395,64648,64658,10
13.0981302261,80.2602233887,64658,64668,10
13.097869873,80.2602767944,64668,64678,10
13.0975799561,80.260383606,64678,64688,10
13.0972003937,80.2604370117,64688,64698,10
13.0972299576,80.2601089478,64698,64707,9
13.0973300934,80.2593612671,64707,64738,31
13.0973300934,80.2593612671,64738,64748,10
13.0972900391,80.2591400146,64748,64759,11
13.0973396301,80.2585830688,64759,64769,10
13.0973796844,80.2580032349,64769,64779,10
13.0973901749,80.2579193115,64779,64789,10
13.0974502563,80.2576828003,64789,64799,10
13.0974798203,80.2572097778,64799,64809,10
13.0975399017,80.2564926147,64809,64819,10
13.0975599289,80.2557296753,64819,64829,10
13.0975799561,80.2551727295,64829,64839,10
13.0976104736,80.2545776367,64839,64859,20
13.0976104736,80.2545776367,64859,64869,10
13.0976200104,80.2542572021,64869,64880,11
13.0976696014,80.2537002563,64880,64890,10
13.0977497101,80.2529983521,64890,64900,10
13.0977802277,80.2524414063,64900,64910,10
13.0977802277,80.2524337769,64910,64920,10
13.0977897644,80.2522964478,64920,64930,10
13.0978002548,80.2520217896,64930,64940,10
13.0978097916,80.2519683838,64940,64950,10
13.097820282,80.2518386841,64950,64960,10
13.097820282,80.251701355,64960,64970,10
13.0978403091,80.2515487671,64970,64980,10
13.0978498459,80.2514724731,64980,64990,10
13.0979995728,80.2512435913,64990,65001,11
13.0979795456,80.2508010864,65001,65011,10
13.0977802277,80.2501373291,65011,65021,10
13.0976495743,80.2494888306,65021,65031,10
13.0974702835,80.2487792969,65031,65041,10
13.0972795486,80.2480392456,65041,65061,20
13.0972795486,80.2480392456,65061,65071,10
13.0972700119,80.2479095459,65071,65081,10
13.0971603394,80.2474899292,65081,65091,10
13.0969696045,80.2468185425,65091,65101,10
13.0968399048,80.2461395264,65101,65111,10
13.0968399048,80.2456207275,65111,65121,10
13.0968399048,80.2455825806,65121,65132,11
13.0968599319,80.2453765869,65132,65142,10
13.0968999863,80.2449264526,65142,65152,10
13.0970201492,80.2442016602,65152,65162,10
13.0971899033,80.2434234619,65162,65172,10
13.0972900391,80.2425994873,65172,65240,68
13.0972900391,80.2425994873,65240,65250,10
13.0972995758,80.2424087524,65250,65261,11
13.0973901749,80.2420272827,65261,65271,10
13.0974798203,80.2416000366,65271,65280,9
13.097530365,80.2413482666,65280,65291,11
13.0975999832,80.2409210205,65291,65302,11
13.0976495743,80.2404022217,65302,65312,10
13.097700119,80.2398376465,65312,65322,10
13.0977401733,80.2393417358,65322,65332,10
13.0978002548,80.2385864258,65332,65352,20
13.0978002548,80.2385864258,65352,65362,10
13.097820282,80.2385101318,65362,65372,10
13.0979003906,80.2381210327,65372,65383,11
13.0980195999,80.2375106812,65383,65393,10
13.0981302261,80.236869812,65393,65403,10
13.0981998444,80.236366272,65403,65413,10
13.0983104706,80.2359008789,65413,65423,10
13.098400116,80.2350769043,65423,65481,58
13.098400116,80.2350769043,65481,65491,10
13.0984802246,80.2347412109,65491,65502,11
13.0985202789,80.2342681885,65502,65512,10
13.0985603333,80.2337722778,65512,65522,10
13.0986003876,80.2333984375,65522,65532,10
13.0986404419,80.2331619263,65532,65542,10
13.0987100601,80.232749939,65542,65552,10
13.098859787,80.2321395874,65552,65562,10
13.0990800858,80.2316436768,65562,65571,9
13.0992698669,80.231262207,65571,65582,11
13.0993795395,80.2310180664,65582,65592,10
13.099439621,80.2308425903,65592,65602,10
13.0995597839,80.2304763794,65602,65612,10
13.099729538,80.2297286987,65612,65633,21
13.099729538,80.2297286987,65633,65643,10
13.0997800827,80.2294616699,65643,65653,10
13.0998601913,80.2289199829,65653,65663,10
13.0999603271,80.2282714844,65663,65673,10
13.1000299454,80.2276229858,65673,65683,10
13.1000299454,80.2269821167,65683,65693,10
13.0999898911,80.2263031006,65693,65703,10
13.0999498367,80.2259597778,65703,65713,10
13.0999002457,80.225479126,65713,65723,10
13.0999002457,80.2254562378,65723,65733,10
13.0999002457,80.2253875732,65733,65744,11
13.0998001099,80.224937439,65744,65754,10
13.0995998383,80.2242507935,65754,65764,10
13.0993299484,80.223777771,65764,65774,10
13.0991401672,80.2235336304,65774,65784,10
13.0988798141,80.2231826782,65784,65794,10
13.098739624,80.2229385376,65794,65804,10
13.0987195969,80.2224273682,65804,65814,10
13.0987596512,80.2217330933,65814,65824,10
13.0989198685,80.2208480835,65824,65834,10
13.0990495682,80.2200164795,65834,65844,10
13.0990800858,80.2198181152,65844,65854,10
13.0991096497,80.2197036743,65854,65864,10
13.0991601944,80.2193832397,65864,65875,11
13.0992298126,80.2189483643,65875,65885,10
13.099360466,80.2182312012,65885,65895,10
13.0995197296,80.2173614502,65895,65905,10
13.099820137,80.2164230347,65905,65915,10
13.1002197266,80.2154998779,65915,65945,30
13.1002197266,80.2154998779,65945,65955,10
13.1003503799,80.2151794434,65955,65965,10
13.1005802155,80.2146835327,65965,65975,10
13.1007900238,80.2142181396,65975,65985,10
13.1010103226,80.2137374878,65985,65995,10
13.1012401581,80.2131271362,65995,66006,11
13.1015396118,80.2123336792,66006,66016,10
13.101770401,80.2116928101,66016,66026,10
13.1019296646,80.2112731934,66026,66036,10
13.1019897461,80.2110290527,66036,66046,10
13.1020097733,80.2109909058,66046,66056,10
13.1021203995,80.2107009888,66056,66066,10
13.1023197174,80.2101287842,66066,66076,10
13.102519989,80.2095565796,66076,66086,10
13.1026096344,80.2092208862,66086,66096,10
13.1027202606,80.2088775635,66096,66157,61
13.1027202606,80.2088775635,66157,66167,10
13.1027803421,80.2086791992,66167,66177,10
13.1028995514,80.2083206177,66177,66187,10
13.1030797958,80.2078170776,66187,66197,10
13.1033000946,80.2072677612,66197,66207,10
13.1035804749,80.2066726685,66207,66217,10
13.1037797928,80.2060623169,66217,66227,10
13.1037998199,80.2056808472,66227,66237,10
13.1038198471,80.2052230835,66237,66248,11
13.1038198471,80.2046279907,66248,66258,10
13.1037998199,80.2041091919,66258,66268,10
13.1036596298,80.2035598755,66268,66278,10
13.103509903,80.203453064,66278,66288,10
13.1034803391,80.2032699585,66288,66298,10
13.1035299301,80.2027587891,66298,66308,10
13.1034803391,80.2021026611,66308,66318,10
13.1034097672,80.2016220093,66318,66348,30
13.1034097672,80.2016220093,66348,66358,10
13.1033802032,80.2013626099,66358,66369,11
13.1033201218,80.2007522583,66369,66379,10
13.1032304764,80.1999969482,66379,66389,10
13.103099823,80.1992797852,66389,66409,20
13.103099823,80.1992797852,66409,66419,10
13.1030702591,80.1990432739,66419,66429,10
13.1029596329,80.1984710693,66429,66439,10
13.1028003693,80.1977386475,66439,66449,10
13.1025800705,80.1970214844,66449,66459,10
13.102350235,80.1963119507,66459,66468,9
13.1021404266,80.1956710815,66468,66479,11
13.1019096375,80.1949768066,66479,66489,10
13.1017904282,80.194732666,66489,66500,11
13.1015701294,80.1944198608,66500,66510,10
13.1016798019,80.1938476563,66510,66520,10
13.101770401,80.1930389404,66520,66530,10
13.1015996933,80.1920623779,66530,66540,10
13.1014204025,80.1910171509,66540,66550,10
13.1012096405,80.1903381348,66550,66560,10
13.1010599136,80.1900177002,66560,66610,50
13.1010599136,80.1900177002,66610,66621,11
13.1010103226,80.1899414063,66621,66631,10
13.1008501053,80.1895065308,66631,66641,10
13.1005496979,80.1890182495,66641,66651,10
13.1003398895,80.1885528564,66651,66661,10
13.1000795364,80.18800354,66661,66671,10
13.0999097824,80.187461853,66671,66681,10
13.0997695923,80.1870193481,66681,66691,10
13.0997104645,80.1867218018,66691,66701,10
13.099650383,80.1865005493,66701,66711,10
13.0995998383,80.1862716675,66711,66721,10
13.0995597839,80.1859970093,66721,66752,31
13.0995597839,80.1859970093,66752,66762,10
13.0995101929,80.1857299805,66762,66772,10
13.099439621,80.1854629517,66772,66802,30
13.099439621,80.1854629517,66802,66812,10
13.0993900299,80.1852264404,66812,66822,10
13.0992803574,80.1847610474,66822,66832,10
13.0991201401,80.1842575073,66832,66842,10
13.0989398956,80.1836700439,66842,66852,10
13.0988197327,80.1832199097,66852,66863,11
13.0985803604,80.1824417114,66863,66943,80
13.0985002518,80.1820602417,66943,66963,20
13.0985002518,80.1820602417,66963,66973,10
13.0984601974,80.181930542,66973,66984,11
13.0983495712,80.1814575195,66984,67034,50
13.0983495712,80.1814575195,67034,67044,10
13.0983104706,80.1812820435,67044,67054,10
13.0982103348,80.1809616089,67054,67064,10
13.0980796814,80.1804580688,67064,67074,10
13.0979003906,80.1797103882,67074,67084,10
13.0978002548,80.1789016724,67084,67094,10
13.0978002548,80.1781387329,67094,67104,10
13.097869873,80.1773223877,67104,67115,11
13.0979995728,80.1765365601,67115,67125,10
13.0980997086,80.1758728027,67125,67135,10
13.0981302261,80.1751098633,67135,67175,40
13.0981302261,80.1751098633,67175,67185,10
13.09815979,80.1750717163,67185,67195,10
13.0982599258,80.1746902466,67195,67205,10
13.0984601974,80.1740493774,67205,67215,10
13.0987796783,80.1733322144,67215,67225,10
13.0990896225,80.1725997925,67225,67236,11
13.099360466,80.1717529297,67236,67246,10
13.0995397568,80.1711425781,67246,67256,10
13.099650383,80.1706008911,67256,67306,50
13.099650383,80.1706008911,67306,67316,10
13.0996904373,80.1703567505,67316,67326,10
13.0996999741,80.1700820923,67326,67336,10
13.0997200012,80.1698303223,67336,67385,49
13.0997200012,80.1698303223,67385,67395,10
13.0997800827,80.1696090698,67395,67405,10
13.0998497009,80.1691818237,67405,67415,10
13.0999403,80.1687164307,67415,67425,10
13.1000003815,80.1681671143,67425,67435,10
13.100060463,80.1675033569,67435,67445,10
13.1001501083,80.1669311523,67445,67454,9
13.1002998352,80.1663589478,67454,67464,10
13.1005496979,80.1656036377,67464,67475,11
13.1007995605,80.1647796631,67475,67486,11
13.101099968,80.1639022827,67486,67496,10
13.1013298035,80.1630401611,67496,67506,10
13.1013402939,80.1626586914,67506,67536,30
13.1013402939,80.1626586914,67536,67546,10
13.1013402939,80.1625213623,67546,67556,10
13.1013498306,80.1620864868,67556,67566,10
13.1013898849,80.1616363525,67566,67576,10
13.1013898849,80.1610565186,67576,67586,10
13.1013803482,80.1604309082,67586,67596,10
13.1014699936,80.1597366333,67596,67607,11
13.1019296646,80.1592102051,67607,67617,10
13.1023101807,80.1588516235,67617,67627,10
13.1027002335,80.1584777832,67627,67637,10
13.103099823,80.1580505371,67637,67647,10
13.1033401489,80.1575622559,67647,67657,10
13.1034803391,80.1570281982,67657,67667,10
13.1035604477,80.1566009521,67667,67677,10
13.1035995483,80.1564483643,67677,67687,10
13.1036100388,80.1563796997,67687,67697,10
13.1036901474,80.1559829712,67697,67707,10
13.1038503647,80.1553726196,67707,67717,10
13.1040096283,80.1546630859,67717,67727,10
13.1042003632,80.1539230347,67727,67738,11
13.1046304703,80.1531066895,67738,67748,10
13.1049900055,80.1526412964,67748,67758,10
13.1050100327,80.1526184082,67758,67768,10
13.105050087,80.1525802612,67768,67778,10
13.1052503586,80.1524581909,67778,67808,30
13.1052503586,80.1524581909,67808,67818,10
13.105509758,80.1523666382,67818,67848,30
13.105509758,80.1523666382,67848,67859,11
13.105629921,80.1523513794,67859,67869,10
13.1057796478,80.1523284912,67869,67879,10
13.1059904099,80.1523208618,67879,67889,10
13.1062498093,80.1522979736,67889,67949,60
13.1062498093,80.1522979736,67949,67959,10
13.1064395905,80.1522903442,67959,67969,10
13.1066503525,80.1522903442,67969,67979,10
13.1069202423,80.1522827148,67979,68010,31
13.1069202423,80.1522827148,68010,68020,10
13.1072397232,80.1522903442,68020,68030,10
13.1076698303,80.1522674561,68030,68040,10
13.1079902649,80.1522598267,68040,68050,10
13.108039856,80.1522598267,68050,68060,10
13.1081399918,80.1522598267,68060,68070,10
13.1083402634,80.1522598267,68070,68080,10
13.1086196899,80.1522598267,68080,68111,31
13.1086196899,80.1522598267,68111,68121,10
13.108880043,80.1522369385,68121,68131,10
13.1091003418,80.1522369385,68131,68141,10
13.1094102859,80.1522674561,68141,68151,10
13.1097898483,80.1523132324,68151,68161,10
13.1102199554,80.1522674561,68161,68171,10
13.1103801727,80.1521224976,68171,68181,10
13.110619545,80.1519165039,68181,68221,40
13.110619545,80.1519165039,68221,68232,11
13.1110095978,80.1517868042,68232,68242,10
13.1112203598,80.1516876221,68242,68252,10
13.1113796234,80.1515274048,68252,68262,10
13.1116895676,80.1511230469,68262,68302,40
13.1116895676,80.1511230469,68302,68312,10
13.1117801666,80.150932312,68312,68322,10
13.1119298935,80.1507797241,68322,68332,10
13.1122999191,80.1504821777,68332,68342,10
13.1127796173,80.1502304077,68342,68352,10
13.113120079,80.1496963501,68352,68363,11
13.1132898331,80.1489562988,68363,68373,10
13.113530159,80.1485671997,68373,68383,10
13.1138000488,80.1483917236,68383,68393,10
13.1142101288,80.1482467651,68393,68403,10
13.1147003174,80.1480865479,68403,68413,10
13.1152601242,80.1479034424,68413,68423,10
13.1160402298,80.1479721069,68423,68433,10
13.1167297363,80.1484832764,68433,68443,10
13.1171302795,80.1489562988,68443,68463,20
13.1171302795,80.1489562988,68463,68473,10
13.1172800064,80.1491394043,68473,68484,11
13.1176595688,80.1495132446,68484,68514,30
13.1176595688,80.1495132446,68514,68524,10
13.1178598404,80.149597168,68524,68534,10
13.1180000305,80.1496200562,68534,68544,10
13.1181402206,80.1496582031,68544,68564,20
13.1181402206,80.1496582031,68564,68574,10
13.1183395386,80.1497116089,68574,68584,10
13.1184997559,80.1497497559,68584,68594,10
13.1187200546,80.1498031616,68594,68605,11
13.1190395355,80.1498565674,68605,68615,10
13.1193304062,80.1499099731,68615,68625,10
13.1196298599,80.149887085,68625,68635,10
13.1198997498,80.1497573853,68635,68645,10
13.1201496124,80.1494903564,68645,68655,10
13.1205396652,80.1490707397,68655,68665,10
13.1211004257,80.148727417,68665,68675,10
13.1215200424,80.1483535767,68675,68685,10
13.1217899323,80.1479415894,68685,68726,41
13.1217899323,80.1479415894,68726,68736,10
13.1220197678,80.1475830078,68736,68746,10
13.1222801208,80.1471786499,68746,68756,10
13.1224098206,80.1472473145,68756,68766,10
13.1224403381,80.1476821899,68766,68776,10
13.122590065,80.1482620239,68776,68786,10
13.1227502823,80.1485900879,68786,68816,30
13.1227502823,80.1485900879,68816,68826,10
13.122879982,80.1488418579,68826,68836,10
13.1231403351,80.1492462158,68836,68847,11
13.1234798431,80.1498184204,68847,68857,10
13.1238298416,80.1504364014,68857,68867,10
13.1241598129,80.1510467529,68867,68877,10
13.1245002747,80.1516799927,68877,68887,10
13.1247997284,80.1522293091,68887,68897,10
13.1251802444,80.1527023315,68897,68907,10
13.1257801056,80.1530532837,68907,68917,10
13.12637043,80.1533813477,68917,68927,10
13.1269197464,80.1537017822,68927,68937,10
13.1273002625,80.1538696289,68937,68967,30
13.1273002625,80.1538696289,68967,68978,11
13.1273603439,80.1539001465,68978,68988,10
13.127530098,80.1541213989,68988,68998,10
13.127869606,80.1546020508,68998,69008,10
13.1282396317,80.155166626,69008,69018,10
13.1286401749,80.1557235718,69018,69028,10
13.129070282,80.1563568115,69028,69038,10
13.1295003891,80.1569824219,69038,69048,10
13.1299104691,80.1575775146,69048,69058,10
13.1302604675,80.1581573486,69058,69068,10
13.1304597855,80.1586380005,69068,69078,10
13.1305198669,80.1587905884,69078,69088,10
13.1306400299,80.1590118408,69088,69189,101
13.1306400299,80.1590118408,69189,69199,10
13.1307001114,80.1592330933,69199,69209,10
13.1307697296,80.159362793,69209,69219,10
13.1308403015,80.159538269,69219,69230,11
13.1310100555,80.1600189209,69230,69240,10
13.1312904358,80.160697937,69240,69280,40
13.1312904358,80.160697937,69280,69290,10
13.1310901642,80.1604232788,69290,69300,10
13.130900383,80.1598968506,69300,69310,10
13.1307001114,80.1594772339,69310,70429,1119
13.1307001114,80.1594772339,70429,70439,10
13.1306800842,80.1593399048,70439,70449,10
13.1305704117,80.1591110229,70449,70459,10
13.1304502487,80.1588363647,70459,70470,11
13.1303100586,80.1585388184,70470,70500,30
13.1303100586,80.1585388184,70500,70510,10
13.130200386,80.1582717896,70510,70520,10
13.129989624,80.1578216553,70520,70530,10
13.1295604706,80.1572113037,70530,70540,10
13.129119873,80.1565628052,70540,70550,10
13.1286697388,80.1559066772,70550,70560,10
13.1282300949,80.1552581787,70560,70570,10
13.1278295517,80.1546630859,70570,70580,10
13.1276397705,80.1543884277,70580,70591,11
13.127409935,80.1540679932,70591,70601,10
13.1271495819,80.1538467407,70601,70611,10
13.1270704269,80.1538085938,70611,70621,10
13.1270198822,80.1537780762,70621,70631,10
13.1266498566,80.1535568237,70631,70641,10
13.1260595322,80.1532287598,70641,70651,10
13.12541008,80.1528701782,70651,70661,10
13.1248598099,80.1524887085,70661,70671,10
13.1245203018,80.1518783569,70671,70681,10
13.1241703033,80.1512374878,70681,70690,9
13.1239500046,80.1508331299,70690,70700,10
13.1237401962,80.150428772,70700,70711,11
13.1233701706,80.1497879028,70711,70722,11
13.1229295731,80.1490478516,70722,70732,10
13.1224498749,80.1486434937,70732,70742,10
13.1217899323,80.1485595703,70742,70752,10
13.1211099625,80.1487197876,70752,70762,10
13.1205101013,80.1491317749,70762,70772,10
13.1200704575,80.1496200562,70772,70782,10
13.1197795868,80.1499023438,70782,70792,10
13.1195297241,80.150062561,70792,70812,20
13.1195297241,80.150062561,70812,70822,10
13.1194200516,80.1500091553,70822,70832,10
13.1192703247,80.1499176025,70832,70843,11
13.1189498901,80.1498718262,70843,70853,10
13.118470192,80.1497802734,70853,70863,10
13.1178703308,80.1496582031,70863,70873,10
13.1173000336,80.1492996216,70873,70883,10
13.1167201996,80.1485900879,70883,70893,10
13.1159696579,80.1480026245,70893,70903,10
13.115070343,80.1479492188,70903,70913,10
13.1143598557,80.1482009888,70913,70922,9
13.1138496399,80.1483688354,70922,70932,10
13.1135797501,80.1485366821,70932,70943,11
13.113360405,80.1488037109,70943,70953,10
13.1132297516,80.1493377686,70953,70964,11
13.1131000519,80.1498413086,70964,70974,10
13.1128997803,80.1502075195,70974,70984,10
13.1124601364,80.1504592896,70984,70994,10
13.1119699478,80.1508407593,70994,71004,10
13.111579895,80.1513519287,71004,71014,10
13.1112098694,80.1517410278,71014,71024,10
13.1106500626,80.1519699097,71024,71034,10
13.110329628,80.1522827148,71034,71045,11
13.1102304459,80.1523590088,71045,71055,10
13.1101703644,80.1523971558,71055,71065,10
13.1098499298,80.152381897,71065,71075,10
13.1093397141,80.1522979736,71075,71086,11
13.1087799072,80.1522674561,71086,71096,10
13.1081895828,80.1522979736,71096,71106,10
13.1075201035,80.1523284912,71106,71116,10
13.1068296432,80.1523590088,71116,71126,10
13.1060304642,80.1524124146,71126,71146,20
13.1060304642,80.1524124146,71146,71156,10
13.105799675,80.1524505615,71156,71166,10
13.1052303314,80.1525802612,71166,71176,10
13.1046895981,80.1530990601,71176,71186,10
13.1042804718,80.153793335,71186,71196,10
13.1040401459,80.154586792,71196,71206,10
13.1038599014,80.1554031372,71206,71217,11
13.1036596298,80.1563262939,71217,71227,10
13.1035003662,80.1570129395,71227,71237,10
13.1032600403,80.1577987671,71237,71247,10
13.1027002335,80.1585235596,71247,71257,10
13.1020402908,80.1591491699,71257,71267,10
13.1014795303,80.1597976685,71267,71277,10
13.1013803482,80.16065979,71277,71287,10
13.1014204025,80.1612930298,71287,71297,10
13.1014204025,80.1614379883,71297,71307,10
13.1014299393,80.1616210938,71307,71317,10
13.1014604568,80.1621780396,71317,71333,16
13.1014099121,80.162437439,71333,71346,13
13.1013803482,80.1625595093,71346,71356,10
13.1013803482,80.1625671387,71356,71366,10
13.1013402939,80.1627578735,71366,71375,9
13.101269722,80.163230896,71375,71385,10
13.1011104584,80.1638336182,71385,71395,10
13.100859642,80.1645889282,71395,71406,11
13.1005401611,80.1655883789,71406,71416,10
13.1002702713,80.1663894653,71416,71426,10
13.1000699997,80.1671981812,71426,71437,11
13.1000003815,80.1680374146,71437,71447,10
13.0999202728,80.1687011719,71447,71457,10
13.0998001099,80.1694107056,71457,71478,21
13.0998001099,80.1694107056,71478,71488,10
13.0997695923,80.1695632935,71488,71498,10
13.0997200012,80.1696777344,71498,71508,10
13.0996999741,80.1699829102,71508,71518,10
13.0996999741,80.1702804565,71518,71528,10
13.0996704102,80.1705474854,71528,71538,10
13.0996198654,80.1707992554,71538,71548,10
13.0995397568,80.1711196899,71548,71558,10
13.0994300842,80.1714935303,71558,71568,10
13.0992498398,80.1720809937,71568,71578,10
13.0992202759,80.1722183228,71578,71589,11
13.0992002487,80.1722717285,71589,71599,10
13.0990400314,80.1726837158,71599,71609,10
13.0987997055,80.1732711792,71609,71619,10
13.0985202789,80.1739425659,71619,71629,10
13.0981998444,80.1748733521,71629,71638,9
13.0980901718,80.1755065918,71638,71649,11
13.0980701447,80.1760787964,71649,71659,10
13.0980701447,80.176109314,71659,71669,10
13.0980596542,80.1762466431,71669,71679,10
13.0979604721,80.1766815186,71679,71689,10
13.0978498459,80.1773071289,71689,71699,10
13.0977897644,80.1781311035,71699,71710,11
13.0977802277,80.1789703369,71710,71720,10
13.097820282,80.1793823242,71720,71730,10
13.0979404449,80.1799163818,71730,71740,10
13.0980701447,80.1804428101,71740,71750,10
13.0981702805,80.1807632446,71750,71770,20
13.0981702805,80.1807632446,71770,71780,10
13.0982398987,80.1809768677,71780,71790,10
13.098279953,80.1811294556,71790,71800,10
13.0983495712,80.1814193726,71800,71810,10
13.0984201431,80.1816864014,71810,71820,10
13.0984201431,80.1817169189,71820,71831,11
13.0984697342,80.1819534302,71831,71841,10
13.0985097885,80.1822128296,71841,71850,9
13.0986204147,80.1827392578,71850,71861,11
13.0988197327,80.1834793091,71861,71871,10
13.099029541,80.1841278076,71871,71881,10
13.0991096497,80.1843338013,71881,71891,10
13.0991897583,80.1845779419,71891,71901,10
13.0993299484,80.1850814819,71901,71921,20
13.0993299484,80.1850814819,71921,71931,10
13.0994100571,80.1854782104,71931,71941,10
13.0996704102,80.1864776611,71941,71982,41
13.0996704102,80.1864776611,71982,71992,10
13.0997104645,80.1865997314,71992,72002,10
13.0997800827,80.1869735718,72002,72012,10
13.0998897552,80.1874313354,72012,72022,10
13.1000900269,80.188041687,72022,72032,10
13.1003503799,80.188621521,72032,72042,10
13.1006603241,80.1891021729,72042,72058,16
13.1012096405,80.1896286011,72058,72070,12
13.1012401581,80.189743042,72070,72079,9
13.1012601852,80.1897964478,72079,72090,11
13.1013498306,80.190322876,72090,72102,12
13.1015396118,80.1912231445,72102,72112,10
13.1016597748,80.1920700073,72112,72122,10
13.1018104553,80.1928863525,72122,72132,10
13.1019296646,80.193572998,72132,72141,9
13.1020202637,80.1938476563,72141,72152,11
13.1021900177,80.1942825317,72152,72162,10
13.1020803452,80.1946334839,72162,72172,10
13.1020002365,80.1950378418,72172,72182,10
13.1022195816,80.1957168579,72182,72192,10
13.1025104523,80.196647644,72192,72202,10
13.1028404236,80.1976623535,72202,72213,11
13.1030597687,80.1986618042,72213,72223,10
13.1031398773,80.1990585327,72223,72233,10
13.1031599045,80.19921875,72233,72243,10
13.1031503677,80.1992797852,72243,72253,10
13.1032104492,80.1996688843,72253,72263,10
13.1033401489,80.2007675171,72263,72283,20
13.1033401489,80.2007675171,72283,72293,10
13.1033496857,80.200958252,72293,72303,10
13.1034002304,80.2013931274,72303,72313,10
13.1034698486,80.2020111084,72313,72324,11
13.1035499573,80.2026367188,72324,72334,10
13.1035900116,80.2028198242,72334,72344,10
13.1036100388,80.2029571533,72344,72354,10
13.1036300659,80.2032928467,72354,72364,10
13.1036901474,80.2037582397,72364,72374,10
13.1037397385,80.2042770386,72374,72384,10
13.1037797928,80.2048416138,72384,72394,10
13.1037797928,80.2053985596,72394,72404,10
13.1037597656,80.2058792114,72404,72414,10
13.1036100388,80.2064437866,72414,72424,10
13.1034097672,80.2069320679,72424,72434,10
13.1032896042,80.2071762085,72434,72444,10
13.1032304764,80.2073135376,72444,72455,11
13.1031398773,80.207611084,72455,72475,20
13.1031398773,80.207611084,72475,72485,10
13.1030702591,80.207862854,72485,72495,10
13.1030597687,80.2078704834,72495,72505,10
13.1029901505,80.2080078125,72505,72515,10
13.1028404236,80.208442688,72515,72525,10
13.1027297974,80.2088012695,72525,72535,10
13.1026096344,80.2091903687,72535,72545,10
13.1025495529,80.2093811035,72545,72555,10
13.102399826,80.2097930908,72555,72565,10
13.1021900177,80.2104110718,72565,72576,11
13.1019897461,80.2109680176,72576,72586,10
13.1018199921,80.21144104,72586,72596,10
13.1016302109,80.2120132446,72596,72606,10
13.1014204025,80.2125778198,72606,72616,10
13.1011896133,80.2131576538,72616,72626,10
13.1011695862,80.2132415771,72626,72636,10
13.1011400223,80.2133483887,72636,72646,10
13.1009502411,80.2137908936,72646,72656,10
13.1007099152,80.2144622803,72656,72694,38
13.1007099152,80.2144622803,72694,72705,11
13.1006498337,80.2146072388,72705,72715,10
13.1004400253,80.2150115967,72715,72725,10
13.1001195908,80.2157287598,72725,72735,10
13.0997600555,80.2165603638,72735,72745,10
13.0994901657,80.2173919678,72745,72755,10
13.0993700027,80.2180328369,72755,72765,10
13.0992803574,80.2186279297,72765,72775,10
13.0991897583,80.2192382813,72775,72785,10
13.0991201401,80.2197418213,72785,72795,10
13.0990800858,80.2200012207,72795,72805,10
13.09897995,80.2204971313,72805,72814,9
13.0988397598,80.2212295532,72814,72826,12
13.0986995697,80.2223892212,72826,72836,10
13.0989198685,80.2232437134,72836,72846,10
13.0994195938,80.2238922119,72846,72856,10
13.0996303558,80.2244262695,72856,72866,10
13.0997695923,80.224899292,72866,72876,10
13.0998497009,80.2254104614,72876,72886,10
13.0999498367,80.2260818481,72886,72896,10
13.1000003815,80.2264785767,72896,72906,10
13.1000099182,80.2265625,72906,72916,10
13.0999898911,80.2269973755,72916,72926,10
13.0999898911,80.2276000977,72926,72936,10
13.0999298096,80.2283401489,72936,72947,11
13.0997896194,80.2291564941,72947,72957,10
13.0997104645,80.2296829224,72957,72967,10
13.0995798111,80.2301635742,72967,72977,10
13.099439621,80.2307128906,72977,72987,10
13.0992498398,80.2311706543,72987,72997,10
13.0990400314,80.2316207886,72997,73007,10
13.0989198685,80.231880188,73007,73017,10
13.098859787,80.2320632935,73017,73027,10
13.0988197327,80.2321472168,73027,73037,10
13.0987195969,80.2324905396,73037,73047,10
13.0986204147,80.2329483032,73047,73056,9
13.0985403061,80.2334365845,73056,73068,12
13.0985002518,80.2339401245,73068,73088,20
13.0985002518,80.2339401245,73088,73098,10
13.098449707,80.2343673706,73098,73108,10
13.0984201431,80.23462677,73108,73118,10
13.0983695984,80.2351226807,73118,73128,10
13.0982999802,80.2355270386,73128,73138,10
13.0982303619,80.2359313965,73138,73148,10
13.09815979,80.236366272,73148,73158,10
13.0980501175,80.236907959,73158,73168,10
13.0979604721,80.2374191284,73168,73178,10
13.097869873,80.2378921509,73178,73188,10
13.0977602005,80.2384796143,73188,73199,11
13.0976896286,80.2389984131,73199,73209,10
13.0976600647,80.239402771,73209,73219,10
13.0976400375,80.2396621704,73219,73229,10
13.0976295471,80.2398910522,73229,73239,10
13.0976200104,80.2402420044,73239,73249,10
13.0976104736,80.2404022217,73249,73259,10
13.0976104736,80.2404785156,73259,73269,10
13.0975704193,80.2407608032,73269,73279,10
13.0975198746,80.2412414551,73279,73289,10
13.0974798203,80.2415237427,73289,73299,10
13.0974197388,80.241859436,73299,73309,10
13.0973100662,80.24243927,73309,73320,11
13.0971899033,80.2431793213,73320,73330,10
13.0970001221,80.244178772,73330,73350,20
13.0970001221,80.244178772,73350,73360,10
13.0970001221,80.2442321777,73360,73370,10
13.0969295502,80.2444915771,73370,73380,10
13.0969200134,80.2444992065,73380,73390,10
13.0968904495,80.2447967529,73390,73400,10
13.0968599319,80.2451324463,73400,73410,10
13.0968503952,80.2454681396,73410,73420,10
13.0968103409,80.2460632324,73420,73430,10
13.0968904495,80.2466583252,73430,73441,11
13.0971298218,80.2474212646,73441,73451,10
13.0971803665,80.2476425171,73451,73461,10
13.0972003937,80.2478027344,73461,73471,10
13.0972900391,80.2481765747,73471,73481,10
13.0973501205,80.2483062744,73481,73491,10
13.0973901749,80.2483978271,73491,73501,10
13.0974702835,80.2488327026,73501,73511,10
13.0975904465,80.2493667603,73511,73521,10
13.097700119,80.2498931885,73521,73531,10
13.097820282,80.2503814697,73531,73541,10
13.0980100632,80.2508468628,73541,73551,10
13.0981197357,80.2510604858,73551,73562,11
13.0979795456,80.2513198853,73562,73572,10
13.0978298187,80.2515182495,73572,73582,10
13.0977802277,80.2518997192,73582,73592,10
13.0977497101,80.2522964478,73592,73602,10
13.0977201462,80.2525177002,73602,73612,10
13.0977201462,80.2526016235,73612,73622,10
13.0976896286,80.2528915405,73622,73632,10
13.0976295471,80.2534637451,73632,73642,10
13.0975999832,80.2538604736,73642,73652,10
13.0975799561,80.2541275024,73652,73662,10
13.0975599289,80.2543182373,73662,73682,20
13.0975503922,80.2544937134,73682,73693,11
13.0975503922,80.2544937134,73693,73703,10
13.0975503922,80.2546005249,73703,73713,10
13.0975503922,80.2548675537,73713,73723,10
13.0975399017,80.2552032471,73723,73733,10
13.0975198746,80.2554321289,73733,73743,10
13.0974998474,80.255821228,73743,73764,21
13.0974998474,80.255821228,73764,73774,10
13.0974798203,80.2559967041,73774,73784,10
13.0974798203,80.2564468384,73784,73794,10
13.0974397659,80.2569198608,73794,73804,10
13.0973997116,80.2573699951,73804,73815,11
13.0973596573,80.2577972412,73815,73825,10
13.0973596573,80.2579574585,73825,73835,10
13.0973396301,80.2581100464,73835,73845,10
13.0973300934,80.2583389282,73845,73855,10
13.0973300934,80.2585830688,73855,73865,10
13.097319603,80.2585906982,73865,73875,10
13.0972995758,80.2589263916,73875,73885,10
13.0972900391,80.2591781616,73885,73895,10
13.0975503922,80.2593078613,73895,73905,10
13.0980596542,80.2593917847,73905,73915,10
13.098449707,80.2594680786,73915,73925,10
13.098859787,80.2595367432,73925,73936,11
13.0994100571,80.2596664429,73936,73946,10
13.0997800827,80.259803772,73946,73956,10
13.0997800827,80.2600631714,73956,73966,10
13.0997600555,80.2602996826,73966,73976,10
13.0997400284,80.2604064941,73976,73986,10
13.0996799469,80.2610397339,73986,74016,30
13.0996799469,80.2610397339,74016,74026,10
13.0996398926,80.261390686,74026,74036,10
13.0995998383,80.2618103027,74036,74046,10
13.0992898941,80.2621078491,74046,74057,11
13.0991601944,80.2626190186,74057,74067,10
13.0991201401,80.2629394531,74067,74077,10
13.0990495682,80.2633209229,74077,74107,30
13.0990495682,80.2633209229,74107,74117,10
13.0989999771,80.2637634277,74117,74127,10
13.098950386,80.2641296387,74127,74137,10
13.0988702774,80.2646026611,74137,74147,10
13.0988502502,80.264831543,74147,74157,10
13.0987997055,80.2651901245,74157,74167,10
13.0987300873,80.265663147,74167,74177,10
13.0986204147,80.26612854,74177,74188,11
13.0985202789,80.2665100098,74188,74198,10
13.098449707,80.2667694092,74198,74208,10
13.0983295441,80.2671966553,74208,74218,10
13.0981798172,80.2676696777,74218,74228,10
13.0980796814,80.2681808472,74228,74238,10
13.0982503891,80.2685699463,74238,74248,10
13.0987901688,80.2688674927,74248,74258,10
13.0994701385,80.26927948,74258,74268,10
13.1000995636,80.2696685791,74268,74278,10
13.1006603241,80.2700424194,74278,74288,10
13.1011199951,80.270362854,74288,74297,9
13.1011800766,80.2703933716,74297,74309,12
13.1014795303,80.2705535889,74309,74319,10
13.1021900177,80.2705383301,74319,74329,10
13.1030101776,80.2705230713,74329,74339,10
13.1038398743,80.2705688477,74339,74349,10
13.1042699814,80.2709503174,74349,74359,10
13.1043901443,80.2715835571,74359,74369,10
13.1040697098,80.2722015381,74369,74379,10
13.1037597656,80.2727432251,74379,74389,10
13.1038799286,80.2732772827,74389,74399,10
13.1039800644,80.2738800049,74399,74409,10
13.104060173,80.2742919922,74409,74419,10
13.1040802002,80.2744216919,74419,74430,11
13.1041603088,80.2748718262,74430,74440,10
13.1042804718,80.2753829956,74440,74450,10
13.1044301987,80.2758789063,74450,74460,10
13.104590416,80.276260376,74460,74470,10
13.1046104431,80.2763137817,74470,74480,10
13.1046800613,80.2764587402,74480,74490,10
13.1048803329,80.2769775391,74490,74500,10
13.1051301956,80.2777328491,74500,74510,10
13.105340004,80.2784729004,74510,74520,10
13.1056404114,80.2794723511,74520,74540,20
13.1056404114,80.2794723511,74540,74550,10
13.1056699753,80.2796173096,74550,74561,11
13.1058301926,80.2798614502,74561,74571,10
13.1061000824,80.2799301147,74571,74581,10
13.1065196991,80.2800674438,74581,74591,10
13.1071996689,80.2802886963,74591,74601,10
13.1078901291,80.2805023193,74601,74611,10
13.1085700989,80.2807006836,74611,74621,10
13.1092700958,80.2806015015,74621,74631,10
13.1096696854,80.2799682617,74631,74641,10
13.110039711,80.2792205811,74641,74651,10
13.1106004715,80.2784500122,74651,74661,10
13.1111698151,80.277923584,74661,74671,10
13.1114597321,80.2778396606,74671,74682,11
13.1115198135,80.2781677246,74682,74692,10
13.1111698151,80.2781600952,74692,74702,10
13.1106901169,80.2784118652,74702,74712,10
13.1102104187,80.2790222168,74712,74722,10
13.1097898483,80.2797393799,74722,74732,10
13.1094198227,80.2804794312,74732,74742,10
13.1087903976,80.2807998657,74742,74752,10
13.1080198288,80.2806015015,74752,74762,10
13.1073198318,80.280380249,74762,74772,10
13.1064996719,80.2801437378,74772,74782,10
13.1061697006,80.2800369263,74782,74792,10
13.1056804657,80.2799987793,74792,74803,11
13.105509758,80.2799606323,74803,74813,10
13.1052999496,80.2795410156,74813,74823,10
13.1050300598,80.2788314819,74823,74833,10
13.1047096252,80.2780227661,74833,74843,10
13.10435009,80.2772216797,74843,74853,10
13.1041002274,80.2766494751,74853,74863,10
13.104180336,80.2764205933,74863,74873,10
13.1042404175,80.2761535645,74873,75508,635
13.1042404175,80.2761535645,75508,75518,10
13.1042098999,80.2756576538,75518,75528,10
13.1041097641,80.2752227783,75528,75538,10
13.1040000916,80.2746887207,75538,75549,11
13.1039495468,80.2743835449,75549,75559,10
13.1039104462,80.2741317749,75559,75569,10
13.1038999557,80.2740631104,75569,75579,10
13.1038503647,80.2737731934,75579,75589,10
13.1038103104,80.2734603882,75589,75598,9
13.1037797928,80.2732315063,75598,75609,11
13.1037302017,80.2728805542,75609,75619,10
13.1036996841,80.2726364136,75619,75629,10
13.1037998199,80.2723083496,75629,75639,10
13.1041202545,80.2719802856,75639,75649,10
13.1042804718,80.271522522,75649,75659,10
13.1042003632,80.2708816528,75659,75670,11
13.1034698486,80.2705307007,75670,75680,10
13.1025600433,80.2705383301,75680,75690,10
13.1016998291,80.2705993652,75690,75700,10
13.1014299393,80.2705993652,75700,75710,10
13.1013498306,80.2705612183,75710,75720,10
13.100979805,80.2703018188,75720,75729,9
13.1004600525,80.2699584961,75729,75740,11
13.100060463,80.2696914673,75740,75750,10
13.0994701385,80.2693023682,75750,75760,10
13.098739624,80.2688674927,75760,75770,10
13.0981302261,80.2684783936,75770,75780,10
13.0980501175,80.2682571411,75780,75791,11
13.0981197357,80.2678375244,75791,75801,10
13.0982398987,80.2673721313,75801,75811,10
13.0984201431,80.2668075562,75811,75821,10
13.0985202789,80.2662963867,75821,75831,10
13.0985498428,80.2662277222,75831,75841,10
13.0985803604,80.2661132813,75841,75850,9
13.0986795425,80.2657012939,75850,75861,11
13.0987596512,80.2651596069,75861,75871,10
13.0988397598,80.2646408081,75871,75881,10
13.0988998413,80.2641372681,75881,75891,10
13.0989398956,80.2637405396,75891,75901,10
13.0989599228,80.2637023926,75901,75912,11
13.0989904404,80.263633728,75912,75922,10
13.0990200043,80.263458252,75922,75932,10
13.0990495682,80.2631988525,75932,75942,10
13.0990695953,80.2630233765,75942,75952,10
13.0990800858,80.2629165649,75952,75962,10
13.0991096497,80.2626419067,75962,75972,10
13.099149704,80.2623519897,75972,75982,10
13.0992603302,80.2620391846,75982,75992,10
13.099439621,80.2618865967,75992,76002,10
13.0995597839,80.2615432739,76002,76012,10
13.0996198654,80.2611923218,76012,76022,10
13.0996599197,80.2609176636,76022,76032,10
13.0996799469,80.2607498169,76032,76043,11
13.0997200012,80.2604064941,76043,76053,10
13.0997400284,80.2601089478,76053,76063,10
13.0996799469,80.2598266602,76063,76073,10
13.0994100571,80.2597885132,76073,76083,10
13.0993003845,80.2597579956,76083,76093,10
13.0989398956,80.2598571777,76093,76103,10
13.0985403061,80.2599868774,76103,76113,10
13.0981798172,80.2601318359,76113,76123,10
13.097869873,80.2602386475,76123,76133,10
13.0975503922,80.2603607178,76133,76143,10
13.0971298218,80.2604598999,76143,76153,10
13.0971097946,80.2602386475,76153,76164,11
13.0972099304,80.2597579956,76164,76204,40
13.0972604752,80.2592926025,76204,76224,20
13.0972604752,80.2592926025,76224,76234,10
13.0972700119,80.2588195801,76234,76244,10
13.0972995758,80.2583236694,76244,76264,20
13.0972995758,80.2583236694,76264,76274,10
13.0973501205,80.2581710815,76274,76285,11
13.0973596573,80.2578887939,76285,76295,10
13.0973596573,80.2578125,76295,76305,10
13.0973596573,80.2574768066,76305,76315,10
13.097410202,80.2570266724,76315,76325,10
13.0974597931,80.2564163208,76325,76335,10
13.0974903107,80.2557678223,76335,76345,10
13.0975103378,80.2553482056,76345,76355,10
13.0975399017,80.2549285889,76355,76365,10
13.0975399017,80.2549209595,76365,76375,10
13.0975503922,80.2546386719,76375,76385,10
13.0975399017,80.2545471191,76385,76395,10
13.0975503922,80.2544021606,76395,76406,11
13.0975799561,80.2539978027,76406,76416,10
13.0976200104,80.2535705566,76416,76426,10
13.0976600647,80.2530822754,76426,76436,10
13.0976896286,80.2526397705,76436,76446,10
13.0977401733,80.2521514893,76446,76456,10
13.0977401733,80.2521286011,76456,76466,10
13.0977401733,80.2520370483,76466,76476,10
13.0977497101,80.2519607544,76476,76486,10
13.0977602005,80.251701355,76486,76496,10
13.097869873,80.2513275146,76496,76506,10
13.097990036,80.2509384155,76506,76516,10
13.0977401733,80.2503204346,76516,76526,10
13.0976200104,80.2496795654,76526,76536,10
13.0974502563,80.2489929199,76536,76547,11
13.0972700119,80.2482833862,76547,76557,10
13.0972204208,80.2481079102,76557,76567,10
13.0972204208,80.2480316162,76567,76577,10
13.097120285,80.2476501465,76577,76587,10
13.0969104767,80.2469177246,76587,76597,10
13.0967702866,80.2460784912,76597,76607,10
13.0967798233,80.2455978394,76607,76616,9
13.0967798233,80.2455291748,76616,76626,10
13.0968198776,80.2452011108,76626,76637,11
13.0968904495,80.2444992065,76637,76647,10
13.0969696045,80.244102478,76647,76658,11
13.0971403122,80.2432937622,76658,76668,10
13.0972604752,80.2423095703,76668,76698,30
13.0972604752,80.2423095703,76698,76708,10
13.0973701477,80.2418823242,76708,76718,10
13.0974798203,80.2412490845,76718,76728,10
13.0975599289,80.2406005859,76728,76738,10
13.0976200104,80.2399215698,76738,76748,10
13.0976600647,80.239402771,76748,76758,10
13.0976896286,80.238822937,76758,76768,10
13.0977497101,80.2383804321,76768,76779,11
13.097869873,80.2379379272,76779,76789,10
13.0979604721,80.2374267578,76789,76799,10
13.0980596542,80.2369766235,76799,76809,10
13.09815979,80.236366272,76809,76819,10
13.0982398987,80.2357635498,76819,76829,10
13.0983896255,80.2348937988,76829,76849,20
13.0983896255,80.2348937988,76849,76859,10
13.0984201431,80.2347869873,76859,76869,10
13.0984401703,80.2344284058,76869,76879,10
13.0985002518,80.2339096069,76879,76889,10
13.0985403061,80.2334365845,76889,76899,10
13.0986099243,80.2329177856,76899,76910,11
13.0987195969,80.2323989868,76910,76920,10
13.0988397598,80.2319793701,76920,76930,10
13.0990495682,80.2314682007,76930,76940,10
13.0993003845,80.2309494019,76940,76950,10
13.0994100571,80.2306594849,76950,76960,10
13.0994997025,80.2302932739,76960,76970,10
13.0996103287,80.229850769,76970,76980,10
13.0996198654,80.2298126221,76980,76990,10
13.0996599197,80.2296981812,76990,77000,10
13.0997200012,80.2292480469,77000,77010,10
13.099820137,80.2287368774,77010,77020,10
13.0998897552,80.2283630371,77020,77031,11
13.0999603271,80.2276992798,77031,77041,10
13.0999603271,80.2269592285,77041,77051,10
13.0999097824,80.2262573242,77051,77061,10
13.0998697281,80.2258987427,77061,77071,10
13.0998096466,80.2255630493,77071,77081,10
13.0998096466,80.2254180908,77081,77091,10
13.099820137,80.2253112793,77091,77101,10
13.0996999741,80.2249603271,77101,77111,10
13.0995397568,80.2243728638,77111,77121,10
13.0992803574,80.2238006592,77121,77131,10
13.0991201401,80.2235794067,77131,77141,10
13.0989198685,80.2233276367,77141,77152,11
13.098739624,80.2230834961,77152,77162,10
13.0986404419,80.2226104736,77162,77172,10
13.0986700058,80.221862793,77172,77182,10
13.0988197327,80.2209777832,77182,77192,10
13.0989904404,80.2200775146,77192,77202,10
13.0991001129,80.2194366455,77202,77212,10
13.0991401672,80.2192001343,77212,77222,10
13.0992202759,80.2186279297,77222,77232,10
13.0993499756,80.2178268433,77232,77242,10
13.0995397568,80.2169570923,77242,77252,10
13.100110054,80.2155532837,77252,77262,10
13.100110054,80.2155532837,77262,77272,10
13.1001501083,80.2154769897,77272,77283,11
13.1001596451,80.2154388428,77283,77293,10
13.1002597809,80.2152023315,77293,77303,10
13.1003599167,80.2149276733,77303,77313,10
13.1004104614,80.2147979736,77313,77413,100
13.1004104614,80.2147979736,77413,77424,11
13.1005296707,80.2145996094,77424,77434,10
13.1006803513,80.2142791748,77434,77444,10
13.1008396149,80.2138900757,77444,77454,10
13.100979805,80.2135391235,77454,77464,10
13.101149559,80.2131195068,77464,77474,10
13.1013402939,80.2126312256,77474,77484,10
13.1015396118,80.2120819092,77484,77494,10
13.1017799377,80.2114486694,77494,77504,10
13.1019096375,80.2110366821,77504,77514,10
13.1021003723,80.2105178833,77514,77525,11
13.1023597717,80.2098007202,77525,77535,10
13.1025295258,80.2092666626,77535,77545,10
13.1026096344,80.2089996338,77545,77555,10
13.1027202606,80.2086181641,77555,77575,20
13.1027202606,80.2086181641,77575,77585,10
13.1028203964,80.2083816528,77585,77595,10
13.1029596329,80.2080078125,77595,77605,10
13.1030797958,80.2076263428,77605,77615,10
13.1031398773,80.2074890137,77615,77625,10
13.1033296585,80.2070617676,77625,77635,10
13.1035995483,80.206451416,77635,77645,10
13.1037397385,80.2057571411,77645,77656,11
13.1037797928,80.2052001953,77656,77666,10
13.1037397385,80.2046432495,77666,77676,10
13.1037101746,80.2042617798,77676,77686,10
13.1034803391,80.2034683228,77686,77706,20
13.1034803391,80.2034683228,77706,77716,10
13.1034603119,80.2033233643,77716,77726,10
13.1034898758,80.2029037476,77726,77736,10
13.1034402847,80.2022628784,77736,77746,10
13.1033802032,80.2017593384,77746,77756,10
13.1033601761,80.2016906738,77756,77766,10
13.1033496857,80.2016372681,77766,77777,11
13.1033000946,80.2012710571,77777,77787,10
13.1032400131,80.2005233765,77787,77797,10
13.1031198502,80.1996536255,77797,77807,10
13.1030597687,80.1993103027,77807,77817,10
13.1030597687,80.1993026733,77817,77827,10
13.1030197144,80.1990127563,77827,77837,10
13.1028995514,80.1983795166,77837,77847,10
13.1027002335,80.1975708008,77847,77857,10
13.1024103165,80.1966781616,77857,77867,10
13.1020698547,80.1957015991,77867,77877,10
13.1018199921,80.1949768066,77877,77887,10
13.1017503738,80.1948013306,77887,77898,11
13.1016597748,80.1946411133,77898,77908,10
13.1014404297,80.1942520142,77908,77918,10
13.1017198563,80.1936798096,77918,77928,10
13.1016397476,80.1926574707,77928,77938,10
13.1014404297,80.1914672852,77938,77948,10
13.1012601852,80.190536499,77948,77958,10
13.1011695862,80.1903076172,77958,77968,10
13.101149559,80.190246582,77968,77978,10
13.1009998322,80.1898727417,77978,77988,10
13.1006803513,80.1892623901,77988,77998,10
13.1004104614,80.1888198853,77998,78008,10
13.1001996994,80.1884002686,78008,78018,10
13.1000204086,80.1879272461,78018,78029,11
13.099820137,80.1873016357,78029,78039,10
13.0996704102,80.1867218018,78039,78049,10
13.0995502472,80.1860580444,78049,78059,10
13.0993995667,80.1854171753,78059,78069,10
13.0992803574,80.1848907471,78069,78079,10
13.0991601944,80.1844406128,78079,78089,10
13.099029541,80.1840133667,78089,78099,10
13.09897995,80.1838531494,78099,78109,10
13.0989198685,80.1836700439,78109,78119,10
13.0988397598,80.1834182739,78119,78129,10
13.098739624,80.1831130981,78129,78139,10
13.0986404419,80.1827468872,78139,78160,21
13.0986404419,80.1827468872,78160,78170,10
13.09856987,80.1825408936,78170,78180,10
13.0984897614,80.182220459,78180,78190,10
13.0984601974,80.1820983887,78190,78200,10
13.0983800888,80.1817626953,78200,78210,10
13.0983600616,80.181678772,78210,78220,10
13.0982999802,80.1813964844,78220,78230,10
13.09815979,80.180847168,78230,78240,10
13.0979795456,80.1801300049,78240,78250,10
13.0978002548,80.179397583,78250,78260,10
13.0977602005,80.1786117554,78260,78271,11
13.0977897644,80.1776885986,78271,78281,10
13.097869873,80.1769638062,78281,78291,10
13.097990036,80.1764297485,78291,78301,10
13.0980195999,80.1762466431,78301,78311,10
13.0980501175,80.176109314,78311,78321,10
13.0980796814,80.1759567261,78321,78331,10
13.0980997086,80.1757965088,78331,78341,10
13.0980997086,80.1756286621,78341,78351,10
13.0980997086,80.1753082275,78351,78361,10
13.0980901718,80.1751403809,78361,78371,10
13.09815979,80.1748199463,78371,78381,10
13.0983600616,80.1742172241,78381,78392,11
13.098690033,80.1734237671,78392,78402,10
13.09897995,80.1726913452,78402,78412,10
13.0992803574,80.1718292236,78412,78422,10
13.0994997025,80.1711425781,78422,78442,20
13.09953022,80.171081543,78442,78482,40
13.09953022,80.171081543,78482,78492,10
13.0995903015,80.170753479,78492,78502,10
13.0996198654,80.1704406738,78502,78603,101
13.0996198654,80.1704406738,78603,78613,10
13.0996599197,80.169960022,78613,78654,41
13.0996599197,80.169960022,78654,78664,10
13.0997400284,80.1697235107,78664,78674,10
13.0997800827,80.1693725586,78674,78684,10
13.0998897552,80.1688308716,78684,78694,10
13.0999698639,80.168296814,78694,78704,10
13.1000299454,80.1675796509,78704,78714,10
13.1001596451,80.1667633057,78714,78724,10
13.1003599167,80.1660614014,78724,78734,10
13.1006402969,80.1651000977,78734,78744,10
13.1008996964,80.1642990112,78744,78754,10
13.1011695862,80.1634902954,78754,78765,11
13.1013002396,80.162612915,78765,78775,10
13.1012802124,80.162361145,78775,78785,10
13.101269722,80.1621170044,78785,78795,10
13.1013298035,80.1616592407,78795,78805,10
13.1013498306,80.1609420776,78805,78815,10
13.1013498306,80.1600875854,78815,78825,10
13.1016798019,80.159362793,78825,78835,10
13.1021299362,80.1589126587,78835,78845,10
13.102640152,80.1584320068,78845,78855,10
13.1031398773,80.1578598022,78855,78865,10
13.1034002304,80.1570968628,78865,78875,10
13.1035604477,80.1564102173,78875,78886,11
13.1037502289,80.1556167603,78886,78896,10
13.1039400101,80.154838562,78896,78906,10
13.1041202545,80.1540222168,78906,78916,10
13.1044397354,80.1532669067,78916,78926,10
13.1048603058,80.1526565552,78926,78936,10
13.1049699783,80.1525497437,78936,78946,10
13.1051597595,80.1524276733,78946,78956,10
13.1056995392,80.1522674561,78956,78966,10
13.1064901352,80.1522521973,78966,78976,10
13.1071996689,80.1522216797,78976,78986,10
13.1072797775,80.1522216797,78986,78996,10
13.1074800491,80.1522216797,78996,79007,11
13.108039856,80.1522064209,79007,79017,10
13.1086196899,80.1521987915,79017,79027,10
13.1092395782,80.1522064209,79027,79037,10
13.1098203659,80.1522674561,79037,79047,10
13.1102800369,80.1521224976,79047,79057,10
13.1103401184,80.1520385742,79057,79067,10
13.1106796265,80.1518096924,79067,79077,10
13.1112203598,80.1515579224,79077,79087,10
13.1116104126,80.1511001587,79087,79097,10
13.1116399765,80.1510620117,79097,79107,10
13.1117095947,80.150932312,79107,79117,10
13.111989975,80.1506195068,79117,79127,10
13.1124801636,80.1503067017,79127,79138,11
13.1129798889,80.1498794556,79138,79147,9
13.1131696701,80.1492385864,79147,79158,11
13.1133804321,80.1486434937,79158,79168,10
13.1135396957,80.1484832764,79168,79178,10
13.1138000488,80.1483383179,79178,79188,10
13.1142196655,80.1481628418,79188,79198,10
13.1148996353,80.1479263306,79198,79208,10
13.1157102585,80.1478424072,79208,79218,10
13.1164798737,80.1482162476,79218,79227,9
13.1170196533,80.1488418579,79227,79238,11
13.117650032,80.1494979858,79238,79248,10
13.1179895401,80.1495819092,79248,79259,11
13.1185998917,80.1496887207,79259,79269,10
13.1194295883,80.149810791,79269,79288,19
13.1194295883,80.149810791,79288,79299,11
13.1198797226,80.1496810913,79299,79309,10
13.1202802658,80.1492614746,79309,79319,10
13.1207895279,80.1488189697,79319,79329,10
13.1213998795,80.1484069824,79329,79339,10
13.1217803955,80.1478424072,79339,79359,20
13.1217803955,80.1478424072,79359,79369,10
13.1218996048,80.1476821899,79369,79380,11
13.122209549,80.1472015381,79380,79390,10
13.1223897934,80.147277832,79390,79400,10
13.1224603653,80.1478500366,79400,79410,10
13.1226701736,80.1484603882,79410,79420,10
13.1227397919,80.1486206055,79420,79429,9
13.1228199005,80.1488113403,79429,79439,10
13.1230697632,80.1491928101,79439,79450,11
13.123459816,80.149848938,79450,79460,10
13.1238498688,80.1505737305,79460,79470,10
13.1241998672,80.1512374878,79470,79480,10
13.1245698929,80.1519012451,79480,79490,10
13.1249103546,80.1525115967,79490,79500,10
13.1254396439,80.1528625488,79500,79511,11
13.1261196136,80.1532211304,79511,79521,10
13.1267900467,80.1535797119,79521,79531,10
13.1273803711,80.1539077759,79531,79561,30
13.1273803711,80.1539077759,79561,79571,10
13.1274595261,80.1540298462,79571,79581,10
13.1276702881,80.1543426514,79581,79591,10
13.1280498505,80.1548995972,79591,79601,10
13.1285495758,80.1556396484,79601,79611,10
13.1290502548,80.1563720703,79611,79621,10
13.1296195984,80.1571731567,79621,79632,11
13.1301698685,80.1580429077,79632,79642,10
13.1305103302,80.1587982178,79642,79652,10
13.1307001114,80.1592178345,79652,79803,151
13.1307001114,80.1592178345,79803,79813,10
13.1307401657,80.1593017578,79813,80035,222
13.1307401657,80.1593017578,80035,80045,10
13.1307697296,80.1594924927,80045,80055,10
13.1309204102,80.1598968506,80055,80065,10
13.1311101913,80.1603775024,80065,80075,10
13.1311998367,80.1606826782,80075,80136,61
13.1311998367,80.1606826782,80136,80146,10
13.1310901642,80.1604995728,80146,80156,10
13.130979538,80.1601028442,80156,80166,10
13.1307497025,80.1594467163,80166,80176,10
13.1305303574,80.1589813232,80176,80247,71
13.1305303574,80.1589813232,80247,80257,10
13.1304597855,80.1587677002,80257,80267,10
13.1303596497,80.1585083008,80267,80277,10
13.1301603317,80.1580581665,80277,80287,10
13.12981987,80.1574935913,80287,80297,10
13.1293802261,80.1568603516,80297,80307,10
13.1289196014,80.1562194824,80307,80317,10
13.1284503937,80.1555404663,80317,80327,10
13.127989769,80.1548461914,80327,80337,10
13.127530098,80.1541900635,80337,80347,10
13.1270303726,80.1537399292,80347,80357,10
13.1264095306,80.1534118652,80357,80367,10
13.1256799698,80.1529922485,80367,80378,11
13.1249303818,80.152557373,80378,80388,10
13.1245498657,80.1519088745,80388,80398,10
13.1241703033,80.1511993408,80398,80408,10
13.123749733,80.1504364014,80408,80418,10
13.1233100891,80.1496734619,80418,80428,10
13.1229000092,80.1489562988,80428,80438,10
13.1222801208,80.1485900879,80438,80448,10
13.1215600967,80.1485595703,80448,80458,10
13.1210002899,80.1487731934,80458,80468,10
13.120470047,80.1491394043,80468,80478,10
13.120010376,80.1496582031,80478,80488,10
13.119720459,80.1499710083,80488,80498,10
13.1196899414,80.1500091553,80498,80509,11
13.119509697,80.1500091553,80509,80519,10
13.1193599701,80.1499176025,80519,80529,10
13.1189699173,80.1498718262,80529,80539,10
13.1184597015,80.1497802734,80539,80549,10
13.1178598404,80.1496582031,80549,80559,10
13.1172704697,80.149230957,80559,80569,10
13.1167001724,80.1485595703,80569,80579,10
13.1159696579,80.1480026245,80579,80589,10
13.1150598526,80.1479797363,80589,80599,10
13.1143102646,80.1482162476,80599,80609,10
13.1137504578,80.1484375,80609,80620,11
13.113360405,80.1488265991,80620,80629,9
13.1132297516,80.1493682861,80629,80640,11
13.1130504608,80.1500091553,80640,80649,9
13.1126403809,80.1503601074,80649,80660,11
13.1120300293,80.1507720947,80660,80670,10
13.1116304398,80.1512680054,80670,80680,10
13.1111698151,80.1517410278,80680,80690,10
13.1104602814,80.15209198,80690,80700,10
13.1100101471,80.1523284912,80700,80710,10
13.1097803116,80.1523208618,80710,80720,10
13.1091995239,80.1522521973,80720,80730,10
13.1085300446,80.1522369385,80730,80741,11
13.1077299118,80.1522979736,80741,80751,10
13.1071195602,80.1523284912,80751,80761,10
13.1069803238,80.15234375,80761,80771,10
13.106470108,80.1523590088,80771,80781,10
13.1056995392,80.1523971558,80781,80791,10
13.1049499512,80.1527709961,80791,80801,10
13.1044597626,80.1534500122,80801,80811,10
13.1041402817,80.1542663574,80811,80821,10
13.1039304733,80.1551437378,80821,80831,10
13.1037302017,80.1560211182,80831,80841,10
13.1035203934,80.1569366455,80841,80851,10
13.1032896042,80.1577987671,80851,80861,10
13.1027603149,80.158493042,80861,80872,11
13.1020698547,80.1591415405,80872,80882,10
13.1015100479,80.1597366333,80882,80892,10
13.1014003754,80.1606369019,80892,80902,10
13.1014404297,80.1615905762,80902,80912,10
13.1014499664,80.1622314453,80912,80922,10
13.1013803482,80.1625137329,80922,80932,10
13.1013202667,80.1630706787,80932,80942,10
13.1011600494,80.1637191772,80942,80952,10
13.1008901596,80.1644973755,80952,80962,10
13.1005802155,80.1654663086,80962,80972,10
13.1002702713,80.1664505005,80972,80982,10
13.100060463,80.167350769,80982,80993,11
13.0999898911,80.1682815552,80993,81003,10
13.0998802185,80.1690826416,81003,81013,10
13.0997800827,80.1696624756,81013,81023,10
13.0997495651,80.1700820923,81023,81033,10
13.0997400284,80.1704864502,81033,81063,30
13.0997400284,80.1704864502,81063,81073,10
13.0996904373,80.1707000732,81073,81083,10
13.0996398926,80.1709365845,81083,81093,10
13.0995397568,80.1712417603,81093,81103,10
13.0993404388,80.1718597412,81103,81114,11
13.0990200043,80.1727981567,81114,81124,10
13.0986299515,80.1736984253,81124,81134,10
13.0983104706,80.1745834351,81134,81144,10
13.0981397629,80.1753463745,81144,81154,10
13.0981197357,80.1758422852,81154,81164,10
13.0980997086,80.1760482788,81164,81174,10
13.0980501175,80.1764373779,81174,81184,10
13.0979299545,80.1769866943,81184,81194,10
13.0978403091,80.1777572632,81194,81204,10
13.0978097916,80.1784591675,81204,81214,10
13.0978002548,80.1790771484,81214,81224,10
13.0978403091,80.1794433594,81224,81234,10
13.0980195999,80.1801223755,81234,81245,11
13.0981998444,80.1808166504,81245,81261,16
13.098279953,80.1810379028,81261,81273,12
13.0984401703,80.1816864014,81273,81283,10
13.0985898972,80.1824188232,81283,81293,10
13.0987701416,80.1830978394,81293,81303,10
13.0989599228,80.1837310791,81303,81313,10
13.0991601944,80.1843185425,81313,81323,10
13.0993204117,80.1848526001,81323,81333,10
13.099360466,80.1850585938,81333,81343,10
13.0994796753,80.1855697632,81343,81353,10
13.0995998383,80.1861572266,81353,81364,11
13.0997495651,80.1866836548,81364,81374,10
13.0998697281,80.1872024536,81374,81384,10
13.1000404358,80.1877975464,81384,81394,10
13.1003398895,80.1885070801,81394,81404,10
13.1007699966,80.1891708374,81404,81414,10
13.1012201309,80.1896209717,81414,81424,10
13.1012802124,80.1897735596,81424,81434,10
13.1013402939,80.1902084351,81434,81444,10
13.1014995575,80.1909790039,81444,81454,10
13.1016702652,80.1919784546,81454,81464,10
13.1018400192,80.1930923462,81464,81474,10
13.1020097733,80.1938476563,81474,81484,10
13.1021795273,80.1943664551,81484,81495,11
13.1020803452,80.1947097778,81495,81505,10
13.1021099091,80.1952590942,81505,81515,10
13.102399826,80.1961593628,81515,81525,10
13.1027603149,80.1972503662,81525,81535,10
13.1030597687,80.1983795166,81535,81545,10
13.1031703949,80.1990585327,81545,81555,10
13.103219986,80.1994094849,81555,81565,10
13.103269577,80.1999893188,81565,81575,10
13.1033401489,80.2006530762,81575,81591,16
13.1034803391,80.2017364502,81591,81603,12
13.1035995483,80.2027435303,81603,81611,8
13.1036701202,80.2033996582,81611,81624,13
13.1038103104,80.2044372559,81624,81633,9
13.1038398743,80.2050933838,81633,81644,11
13.1038198471,80.2057113647,81644,81654,10
13.1037397385,80.2061920166,81654,81664,10
13.1034097672,80.2070617676,81664,81674,10
13.1031999588,80.2075119019,81674,81683,9
13.1031398773,80.2077026367,81683,81694,11
13.1030101776,80.2080383301,81694,81704,10
13.1028404236,80.2085800171,81704,81714,10
13.1027202606,80.2089385986,81714,81724,10
13.102640152,80.2091903687,81724,81735,11
13.1025495529,80.209487915,81735,81745,10
13.1023597717,80.2100067139,81745,81755,10
13.1021299362,80.2106628418,81755,81765,10
13.1019001007,80.2113494873,81765,81775,10
13.1016597748,80.2120285034,81775,81785,10
13.1014003754,80.2127304077,81785,81795,10
13.1011295319,80.2133636475,81795,81805,10
13.1008796692,80.214050293,81805,81815,10
13.1005897522,80.2147598267,81815,81825,10
13.100279808,80.215461731,81825,81835,10
13.0999698639,80.216178894,81835,81845,10
13.0996704102,80.2169189453,81845,81856,11
13.0994701385,80.2177734375,81856,81866,10
13.0993404388,80.2185821533,81866,81875,9
13.0992298126,80.2192382813,81875,81886,11
13.0991697311,80.2197113037,81886,81896,10
13.099149704,80.2198562622,81896,81905,9
13.0991201401,80.2200012207,81905,81916,11
13.0989904404,80.2206192017,81916,81926,10
13.0988197327,80.2214431763,81926,81936,10
13.0987300873,80.2223815918,81936,81946,10
13.0989198685,80.223197937,81946,81956,10
13.0994501114,80.2238922119,81956,81966,10
13.0997400284,80.2246780396,81966,81976,10
13.0999097824,80.2255096436,81976,81987,11
13.1000204086,80.2263412476,81987,81997,10
13.1000404358,80.2270965576,81997,82007,10
13.1000299454,80.2279434204,82007,82017,10
13.0999097824,80.2286834717,82017,82027,10
13.0998096466,80.2292709351,82027,82037,10
13.0996599197,80.2299804688,82037,82047,10
13.0995597839,80.2303695679,82047,82057,10
13.09953022,80.23046875,82057,82067,10
13.099360466,80.2309112549,82067,82077,10
13.0991201401,80.2315063477,82077,82087,10
13.098859787,80.2322006226,82087,82097,10
13.0986995697,80.2328262329,82097,82108,11
13.0985603333,80.2337036133,82108,82118,10
13.0984897614,80.2343063354,82118,82128,10
13.098449707,80.2348022461,82128,82138,10
13.0983896255,80.2352600098,82138,82148,10
13.0983600616,80.2354888916,82148,82158,10
13.0982904434,80.2358932495,82158,82168,10
13.0981903076,80.2364730835,82168,82178,10
13.0980596542,80.2372207642,82178,82188,10
13.0979604721,80.2378005981,82188,82198,10
13.0979099274,80.2380981445,82198,82208,10
13.0978603363,80.238319397,82208,82218,10
13.0977802277,80.2388687134,82218,82229,11
13.0977096558,80.2396621704,82229,82239,10
13.0976400375,80.2405395508,82239,82249,10
13.0975399017,80.2414093018,82249,82259,10
13.0974502563,80.2419586182,82259,82269,10
13.0974998474,80.2421264648,82269,82279,10
13.0979003906,80.2422180176,82279,82289,10
13.0983800888,80.2422714233,82289,82299,10
13.0986995697,80.2421112061,82299,82309,10
13.0987596512,80.2418518066,82309,82319,10
13.098859787,80.2414474487,82319,82345,26
13.098859787,80.2414474487,82345,82358,13
13.0988903046,80.2413024902,82358,82449,91
13.0988903046,80.2413024902,82449,82459,10
13.0988998413,80.2412109375,82459,82469,10
13.09897995,80.2409896851,82469,82480,11
13.098950386,80.2407913208,82480,82490,10
13.099029541,80.2405166626,82490,82500,10
13.0989198685,80.2404098511,82500,82732,232
13.0989198685,80.2404098511,82732,82742,10
13.0990400314,80.2405471802,82742,82752,10
13.0991001129,80.2402801514,82752,82762,10
13.0987195969,80.2401199341,82762,82772,10
13.0985803604,80.2403564453,82772,82782,10
13.0986404419,80.2406997681,82782,82792,10
13.0984201431,80.240852356,82792,83397,605
