13.0761404037,80.274848938,16,259,243
13.0761404037,80.274848938,259,270,11
13.0758895874,80.2748031616,270,19792,19522
13.0758895874,80.2748031616,19792,19801,9
13.0758895874,80.2748031616,19801,21001,1200
13.0761299133,80.2748565674,21001,21035,34
13.0761299133,80.2748565674,21035,21045,10
13.0758495331,80.2755813599,21045,21107,62
13.0759401321,80.2757873535,21107,21218,111
13.0759401321,80.2757873535,21218,21228,10
13.0759601593,80.2760391235,21228,21279,51
13.0759601593,80.2760391235,21279,21289,10
13.0761604309,80.2763214111,21289,21299,10
13.0766801834,80.2762680054,21299,21309,10
13.0775203705,80.2761993408,21309,21319,10
13.078209877,80.2757492065,21319,21329,10
13.0788803101,80.2751312256,21329,21340,11
13.0799999237,80.2752914429,21340,21350,10
13.0810203552,80.2751693726,21350,21370,20
13.0810203552,80.2751693726,21370,21380,10
13.0814399719,80.275138855,21380,21421,41
13.0814399719,80.275138855,21421,21431,10
13.081609726,80.2751617432,21431,21441,10
13.0820398331,80.2753067017,21441,21471,30
13.0821199417,80.2754669189,21471,21512,41
13.0821199417,80.2754669189,21512,21522,10
13.0821800232,80.2758407593,21522,21532,10
13.0820798874,80.2759017944,21532,21542,10
13.0818996429,80.2760772705,21542,21552,10
13.0818996429,80.2765579224,21552,21562,10
13.081870079,80.2769165039,21562,21572,10
13.0819301605,80.2773971558,21572,21583,11
13.0820198059,80.2779922485,21583,21593,10
13.0821304321,80.2783432007,21593,21603,10
13.0819301605,80.2782592773,21603,21613,10
13.0818901062,80.2776031494,21613,21623,10
13.0818195343,80.2768173218,21623,21633,10
13.0817298889,80.2761535645,21633,21643,10
13.0816202164,80.2758712769,21643,21795,152
13.0816202164,80.2758712769,21795,21805,10
13.0815601349,80.2754974365,21805,21816,11
13.0815496445,80.2753601074,21816,21826,10
13.081410408,80.2751617432,21826,21836,10
13.0808801651,80.2752380371,21836,21846,10
13.0800895691,80.2753295898,21846,21856,10
13.0792503357,80.2752532959,21856,21866,10
13.0784301758,80.2753829956,21866,21876,10
13.0781297684,80.2761001587,21876,21886,10
13.0773801804,80.2762527466,21886,21897,11
13.0765104294,80.2763137817,21897,21907,10
13.0757598877,80.2763366699,21907,21917,10
13.075220108,80.2763519287,21917,21927,10
13.0747404099,80.2763595581,21927,21937,10
13.0739402771,80.2764205933,21937,21947,10
13.073340416,80.276222229,21947,21957,10
13.0726604462,80.2754592896,21957,21967,10
13.07172966,80.2745895386,21967,21978,11
13.0708904266,80.2743911743,21978,21988,10
13.0706100464,80.2740707397,21988,21998,10
13.0703601837,80.2734680176,21998,22008,10
13.0698099136,80.2727966309,22008,22018,10
13.0691003799,80.272102356,22018,22028,10
13.0683002472,80.2716827393,22028,22038,10
13.067779541,80.2709274292,22038,22049,11
13.0668296814,80.2699966431,22049,22059,10
13.0664796829,80.2691574097,22059,22069,10
13.0662603378,80.2682876587,22069,22079,10
13.0657300949,80.2677230835,22079,22089,10
13.0656299591,80.2676696777,22089,22099,10
13.065369606,80.2676010132,22099,22109,10
13.0650997162,80.2675628662,22109,22119,10
13.0645198822,80.2674484253,22119,22130,11
13.0635499954,80.2672805786,22130,22140,10
13.0626802444,80.2670135498,22140,22150,10
13.0619897842,80.2661590576,22150,22160,10
13.0612897873,80.2653121948,22160,22170,10
13.0606803894,80.2652816772,22170,22180,10
13.060379982,80.2654190063,22180,22190,10
13.059709549,80.2655792236,22190,22200,10
13.0587902069,80.2654495239,22200,22211,11
13.0580596924,80.2649078369,22211,22221,10
13.0579595566,80.2638931274,22221,22231,10
13.0578804016,80.2627792358,22231,22241,10
13.0577001572,80.2617416382,22241,22251,10
13.0574703217,80.2606506348,22251,22261,10
13.0571098328,80.2595214844,22261,22271,10
13.0567703247,80.2583770752,22271,22281,10
13.0566396713,80.2576217651,22281,22292,11
13.0565700531,80.2573471069,22292,22302,10
13.0564699173,80.2569198608,22302,22312,10
13.0561504364,80.2561416626,22312,22322,10
13.0555801392,80.2553329468,22322,22332,10
13.0549201965,80.25440979,22332,22342,10
13.0541496277,80.2534408569,22342,22352,10
13.0534296036,80.2524490356,22352,22362,10
13.0527000427,80.2514801025,22362,22373,11
13.0518398285,80.2504806519,22373,22383,10
13.0507001877,80.2499923706,22383,22393,10
13.0493497849,80.2497634888,22393,22403,10
13.0481595993,80.2494277954,22403,22413,10
13.0474796295,80.248840332,22413,22423,10
13.0469703674,80.248550415,22423,22433,10
13.046210289,80.2484970093,22433,22443,10
13.0452203751,80.2481536865,22443,22454,11
13.0440702438,80.2479095459,22454,22464,10
13.0429096222,80.2476882935,22464,22474,10
13.0417404175,80.2474212646,22474,22484,10
13.0405302048,80.247177124,22484,22494,10
13.039349556,80.246963501,22494,22504,10
13.0382204056,80.2466964722,22504,22514,10
13.0370998383,80.2465133667,22514,22525,11
13.0359802246,80.2462921143,22525,22535,10
13.0353097916,80.2460479736,22535,22545,10
13.0350704193,80.2459564209,22545,22555,10
13.0347204208,80.2455215454,22555,22565,10
13.0341796875,80.2448196411,22565,22575,10
13.0335702896,80.244102478,22575,22585,10
13.0328598022,80.2431411743,22585,22595,10
13.0321798325,80.2421875,22595,22606,11
13.0315904617,80.2409973145,22606,22616,10
13.0311603546,80.2400665283,22616,22626,10
13.0307798386,80.2392730713,22626,22636,10
13.0302000046,80.238319397,22636,22646,10
13.029709816,80.2374191284,22646,22656,10
13.0290603638,80.2366409302,22656,22665,9
13.0282697678,80.2357635498,22665,22676,11
13.0274095535,80.2344512939,22676,22687,11
13.0266895294,80.2333068848,22687,22697,10
13.0263299942,80.2326583862,22697,22707,10
13.0261297226,80.2318725586,22707,22717,10
13.0260095596,80.2314224243,22717,22727,10
13.025850296,80.2308425903,22727,22737,10
13.0254898071,80.2301025391,22737,22747,10
13.0249795914,80.2294006348,22747,22757,10
13.0246295929,80.2289810181,22757,22768,11
13.0242900848,80.2285385132,22768,22778,10
13.0238199234,80.2279815674,22778,22788,10
13.0233201981,80.2274780273,22788,22818,30
13.0233201981,80.2274780273,22818,22828,10
13.0230503082,80.2271881104,22828,22838,10
13.0225496292,80.2266998291,22838,22849,11
13.0218601227,80.2260971069,22849,22859,10
13.0213003159,80.225692749,22859,22869,10
13.0206804276,80.2252197266,22869,22879,10
13.0200996399,80.224822998,22879,22889,10
13.0198802948,80.2246780396,22889,22899,10
13.0193796158,80.2244415283,22899,22909,10
13.0185203552,80.2245330811,22909,22920,11
13.0174703598,80.2249832153,22920,22930,10
13.016500473,80.225402832,22930,22940,10
13.0155200958,80.2257614136,22940,22950,10
13.0146503448,80.2261428833,22950,22960,10
13.0142498016,80.226272583,22960,22970,10
13.013710022,80.2264709473,22970,22980,10
13.0128002167,80.2268295288,22980,22990,10
13.0117397308,80.2272567749,22990,23001,11
13.01060009,80.2277297974,23001,23011,10
13.0095796585,80.2281417847,23011,23021,10
13.0090904236,80.2289581299,23021,23031,10
13.0088701248,80.230140686,23031,23041,10
13.0086803436,80.2313079834,23041,23051,10
13.0084600449,80.2325210571,23051,23061,10
13.0082902908,80.2334976196,23061,23071,10
13.0082302094,80.2336273193,23071,23082,11
13.0081195831,80.234161377,23082,23092,10
13.0079498291,80.2350921631,23092,23102,10
13.0077400208,80.2361907959,23102,23112,10
13.0074796677,80.2373428345,23112,23122,10
13.0072698593,80.2384109497,23122,23132,10
13.007060051,80.2394790649,23132,23142,10
13.0068597794,80.2404632568,23142,23152,10
13.0066995621,80.2414169312,23152,23163,11
13.0066795349,80.2424468994,23163,23173,10
13.0066900253,80.2433776855,23173,23183,10
13.0067100525,80.2443313599,23183,23193,10
13.0067195892,80.2452011108,23193,23203,10
13.0067396164,80.2459030151,23203,23213,10
13.0067100525,80.2473678589,23213,23233,20
13.0067100525,80.2473678589,23233,23244,11
13.0063495636,80.247428894,23244,23254,10
13.0054798126,80.2473983765,23254,23264,10
13.0042695999,80.2474822998,23264,23274,10
13.0028600693,80.2476882935,23274,23284,10
13.0013904572,80.2480163574,23284,23294,10
12.9999103546,80.2483978271,23294,23304,10
12.9984197617,80.2487716675,23304,23314,10
12.9968996048,80.2491226196,23314,23325,11
12.995300293,80.2495498657,23325,23335,10
12.9938602448,80.2499237061,23335,23345,10
12.9924402237,80.25025177,23345,23355,10
12.9913396835,80.2505569458,23355,23365,10
12.9910898209,80.250617981,23365,23375,10
12.9905099869,80.2507324219,23375,23385,10
12.9895095825,80.2509765625,23385,23396,11
12.9880895615,80.2513427734,23396,23456,60
12.9880895615,80.2513427734,23456,23465,9
12.9877901077,80.2513885498,23465,23477,12
12.9870004654,80.2516098022,23477,23487,10
12.9859104156,80.2519073486,23487,23497,10
12.9846401215,80.252243042,23497,23507,10
12.9833097458,80.252571106,23507,23517,10
12.9818696976,80.2526626587,23517,23527,10
12.9805402756,80.2527084351,23527,23537,10
12.9787597656,80.2526168823,23537,23558,21
12.9787597656,80.2526168823,23558,23568,10
12.9783802032,80.2524032593,23568,23578,10
12.9777097702,80.2518234253,23578,23588,10
12.9768600464,80.2513122559,23588,23598,10
12.9751996994,80.2508163452,23598,23608,10
12.974029541,80.2504882813,23608,23618,10
12.9722604752,80.2500228882,23618,23628,10
12.9707603455,80.2496109009,23628,23639,11
12.9692401886,80.2490386963,23639,23649,10
12.9679203033,80.2485198975,23649,23659,10
12.9668397903,80.2480163574,23659,23669,10
12.966050148,80.2476730347,23669,23679,10
12.9651603699,80.2473373413,23679,23689,10
12.9642095566,80.2469787598,23689,23699,10
12.9630804062,80.2464828491,23699,23709,10
12.9618396759,80.2459716797,23709,23720,11
12.9603900909,80.2453231812,23720,23730,10
12.9590196609,80.244682312,23730,23740,10
12.9579000473,80.2441711426,23740,23750,10
12.9570102692,80.2438812256,23750,23760,10
12.9563398361,80.2436523438,23760,23770,10
12.9559497833,80.2434616089,23770,23780,10
12.9552202225,80.2430801392,23780,23790,10
12.9542703629,80.2426605225,23790,23801,11
12.9531297684,80.2421569824,23801,23811,10
12.9521903992,80.2418212891,23811,23821,10
12.9518299103,80.2416992188,23821,23831,10
12.9516601563,80.2416229248,23831,23841,10
12.9511604309,80.2414474487,23841,23851,10
12.9502496719,80.2411575317,23851,23861,10
12.9491701126,80.2408370972,23861,23872,11
12.9481801987,80.2404327393,23872,23882,10
12.9473800659,80.2400970459,23882,23892,10
12.9471998215,80.240020752,23892,23902,10
12.9469995499,80.2399291992,23902,23912,10
12.9463396072,80.2396392822,23912,23922,10
12.945599556,80.2393264771,23922,23932,10
12.9448795319,80.2387466431,23932,23942,10
12.9440402985,80.2378387451,23942,23953,11
12.9432001114,80.2369613647,23953,23963,10
12.942150116,80.2364425659,23963,23973,10
12.9409198761,80.2360916138,23973,23983,10
12.9398899078,80.2358093262,23983,23993,10
12.9396896362,80.2357177734,23993,24003,10
12.9391803741,80.2354736328,24003,24013,10
12.9383497238,80.2350616455,24013,24022,9
12.9371595383,80.2344818115,24022,24034,12
12.9358997345,80.2338790894,24034,24044,10
12.935259819,80.2335586548,24044,24054,10
12.9342899323,80.2331085205,24054,24064,10
12.9338598251,80.2329406738,24064,24074,10
12.9335298538,80.2327575684,24074,24084,10
12.9327201843,80.2324295044,24084,24094,10
12.9315900803,80.2320480347,24094,24104,10
12.9304599762,80.2316818237,24104,24115,11
12.9292697906,80.2314071655,24115,24125,10
12.9280700684,80.2312088013,24125,24135,10
12.9268703461,80.2310791016,24135,24145,10
12.9256601334,80.2309494019,24145,24155,10
12.9243402481,80.2307815552,24155,24165,10
12.9229602814,80.2305908203,24165,24175,10
12.9215602875,80.2303771973,24175,24185,10
12.9201498032,80.2302017212,24185,24196,11
12.918589592,80.2299804688,24196,24206,10
12.9172401428,80.2298202515,24206,24216,10
12.9158401489,80.2296218872,24216,24226,10
12.9145402908,80.2294464111,24226,24236,10
12.9135303497,80.229309082,24236,24246,10
12.9132404327,80.2292785645,24246,24256,10
12.9126996994,80.2291793823,24256,24266,10
12.9117002487,80.2290420532,24266,24277,11
12.910200119,80.2288208008,24277,24287,10
12.9087400436,80.2285919189,24287,24297,10
12.9074201584,80.2283782959,24297,24307,10
12.9067401886,80.2283172607,24307,24317,10
12.9064302444,80.2282791138,24317,24327,10
12.9056396484,80.2282180786,24327,24337,10
12.904589653,80.2281570435,24337,24348,11
12.9033603668,80.2280883789,24348,24358,10
12.9022397995,80.2280426025,24358,24368,10
12.9012002945,80.2279586792,24368,24398,30
12.9012002945,80.2279586792,24398,24408,10
12.9010095596,80.2279129028,24408,24418,10
12.9004402161,80.2278594971,24418,24429,11
12.8997097015,80.2278518677,24429,24439,10
12.8996601105,80.2278518677,24439,24449,10
12.8994197845,80.2278366089,24449,24459,10
12.8987798691,80.2277984619,24459,24469,10
12.8979797363,80.2277526855,24469,24479,10
12.8969402313,80.2277069092,24479,24489,10
12.8957195282,80.2276687622,24489,24499,10
12.8945398331,80.2276229858,24499,24510,11
12.8932199478,80.2275085449,24510,24520,10
12.8925695419,80.2274627686,24520,24530,10
12.8922796249,80.2274169922,24530,24540,10
12.8914403915,80.2273788452,24540,24550,10
12.8901596069,80.2273635864,24550,24560,10
12.8886604309,80.2273635864,24560,24570,10
12.8871803284,80.2272186279,24570,24580,10
12.8857402802,80.2268829346,24580,24591,11
12.8849000931,80.2267608643,24591,24601,10
12.8847398758,80.2267379761,24601,24611,10
12.8839902878,80.2267303467,24611,24621,10
12.8828296661,80.2267379761,24621,24631,10
12.8813695908,80.2267532349,24631,24641,10
12.8798599243,80.2267532349,24641,24651,10
12.8783597946,80.2268218994,24651,24661,10
12.8769397736,80.2269668579,24661,24672,11
12.8765001297,80.2269973755,24672,24682,10
12.8763799667,80.2270126343,24682,24692,10
12.8757400513,80.2269973755,24692,24702,10
12.8746404648,80.2268829346,24702,24712,10
12.8732995987,80.2267227173,24712,24722,10
12.8722000122,80.2266769409,24722,24732,10
12.870759964,80.2266235352,24732,24742,10
12.8690099716,80.2264480591,24742,24753,11
12.8673601151,80.2264633179,24753,24763,10
12.8656997681,80.2266082764,24763,24773,10
12.8640499115,80.2265625,24773,24783,10
12.8625001907,80.2265625,24783,24793,10
12.8612203598,80.2266311646,24793,24803,10
12.8608903885,80.2266235352,24803,24813,10
12.8603401184,80.2265472412,24813,24824,11
12.8592796326,80.2263793945,24824,24834,10
12.8581104279,80.2262573242,24834,24844,10
12.8566503525,80.2263565063,24844,24854,10
12.8550300598,80.2265319824,24854,24864,10
12.8533201218,80.2266998291,24864,24874,10
12.8516397476,80.2266616821,24874,24884,10
12.8501901627,80.2266235352,24884,24894,10
12.8497495651,80.2266235352,24894,24905,11
12.8494195938,80.2266082764,24905,24915,10
12.8485803604,80.226600647,24915,24925,10
12.8473396301,80.226600647,24925,24935,10
12.8459396362,80.2266082764,24935,24945,10
12.8453397751,80.2266235352,24945,24955,10
12.8451404572,80.2266235352,24955,24965,10
12.8444499969,80.2266693115,24965,24975,10
12.8433599472,80.2267990112,24975,24986,11
12.8418502808,80.2270889282,24986,24996,10
12.8405399323,80.2274398804,24996,25006,10
12.8397798538,80.2276611328,25006,25077,71
12.8397798538,80.2276611328,25077,25087,10
12.8392801285,80.2278213501,25087,25097,10
12.8383998871,80.2280807495,25097,25107,10
12.8371801376,80.2283172607,25107,25117,10
12.8357496262,80.2285308838,25117,25127,10
12.8342199326,80.2287826538,25127,25137,10
12.8327102661,80.229057312,25137,25148,11
12.8323202133,80.2291412354,25148,25158,10
12.8320903778,80.2291870117,25158,25168,10
12.8313703537,80.229347229,25168,25178,10
12.830329895,80.2296981812,25178,25188,10
12.8290500641,80.2302017212,25188,25198,10
12.8276901245,80.2309494019,25198,25208,10
12.8262500763,80.2313766479,25208,25219,11
12.8245601654,80.2313766479,25219,25229,10
12.8230400085,80.2309417725,25229,25239,10
12.8215103149,80.2305221558,25239,25249,10
12.8199195862,80.2304916382,25249,25259,10
12.818860054,80.2304916382,25259,25269,10
12.8186101913,80.2303924561,25269,25279,10
12.8178396225,80.2299880981,25279,25289,10
12.8167200089,80.2295608521,25289,25300,11
12.8150997162,80.229309082,25300,25310,10
12.8136100769,80.2290115356,25310,25320,10
12.8122701645,80.2285766602,25320,25330,10
12.8108100891,80.2280273438,25330,25340,10
12.8093900681,80.2274017334,25340,25350,10
12.8081598282,80.2264633179,25350,25360,10
12.8070001602,80.2254562378,25360,25370,10
12.8060998917,80.2246398926,25370,25381,11
12.805100441,80.2240524292,25381,25391,10
12.8044395447,80.2239227295,25391,25401,10
12.8034200668,80.2238311768,25401,25411,10
12.802189827,80.2236785889,25411,25421,10
12.8008298874,80.2235488892,25421,25431,10
12.7994203568,80.2234420776,25431,25441,10
12.7979297638,80.2232513428,25441,25451,10
12.7965898514,80.2230529785,25451,25462,11
12.7957801819,80.22290802,25462,25472,10
12.7956104279,80.222869873,25472,25482,10
12.7948999405,80.2227478027,25482,25492,10
12.7937898636,80.2225799561,25492,25502,10
12.7923803329,80.2223510742,25502,25512,10
12.7910203934,80.222038269,25512,25522,10
12.7897500992,80.2217102051,25522,25532,10
12.7888298035,80.2213592529,25532,25543,11
12.7879695892,80.2210083008,25543,25553,10
12.7873897552,80.2207565308,25553,25563,10
12.7870397568,80.2206268311,25563,25573,10
12.7868099213,80.2205734253,25573,25583,10
12.7866001129,80.220489502,25583,25593,10
12.7862796783,80.2203598022,25593,25603,10
12.7862100601,80.2205429077,25603,25613,10
12.7861995697,80.2208862305,25613,25624,11
12.7862100601,80.2210922241,25624,25634,10
12.7862300873,80.2213592529,25634,25695,61
12.7862300873,80.2213592529,25695,25705,10
12.7862501144,80.2217407227,25705,25725,20
12.7862501144,80.2217407227,25725,25735,10
12.786239624,80.2219161987,25735,27518,1783
12.786239624,80.2219161987,27518,27528,10
12.7863502502,80.2218170166,27528,27538,10
12.7862796783,80.2214813232,27538,27548,10
12.7862796783,80.2212982178,27548,27558,10
12.7862701416,80.2210769653,27558,27569,11
12.7862300873,80.2207183838,27569,27579,10
12.7862195969,80.2204589844,27579,27650,71
12.7862195969,80.2204589844,27650,27660,10
12.786239624,80.2202682495,27660,27670,10
12.7864303589,80.2203598022,27670,27680,10
12.7865200043,80.2204208374,27680,27690,10
12.7866802216,80.2205276489,27690,27700,10
12.7870101929,80.2206802368,27700,27710,10
12.7875299454,80.2208709717,27710,27721,11
12.7882604599,80.2211608887,27721,27731,10
12.7890396118,80.2214584351,27731,27741,10
12.7896900177,80.2216873169,27741,27751,10
12.7902202606,80.2218399048,27751,27761,10
12.7910499573,80.2220306396,27761,27771,10
12.7920598984,80.2222671509,27771,27781,10
12.7931499481,80.2224807739,27781,27791,10
12.7943000793,80.2226486206,27791,27802,11
12.7955198288,80.2228469849,27802,27812,10
12.7964200974,80.2229919434,27812,27822,10
12.7966003418,80.2230224609,27822,27832,10
12.7971897125,80.2231216431,27832,27842,10
12.7980804443,80.2232818604,27842,27852,10
12.7991504669,80.2233886719,27852,27862,10
12.8003997803,80.2235107422,27862,27872,10
12.8013896942,80.2235794067,27872,27883,11
12.8016195297,80.2236404419,27883,27893,10
12.802280426,80.2237091064,27893,27903,10
12.8032798767,80.2238464355,27903,27913,10
12.804479599,80.2239303589,27913,27923,10
12.8054800034,80.2241210938,27923,27933,10
12.8056001663,80.2241668701,27933,27943,10
12.8057003021,80.2242279053,27943,27953,10
12.8062601089,80.2247009277,27953,27964,11
12.8070697784,80.2254180908,27964,27974,10
12.8081102371,80.2262878418,27974,27984,10
12.8092803955,80.2272415161,27984,27994,10
12.8106803894,80.2279129028,27994,28004,10
12.8121995926,80.228477478,28004,28014,10
12.8137598038,80.229019165,28014,28024,10
12.8153600693,80.2293395996,28024,28035,11
12.8171195984,80.229637146,28035,28045,10
12.8184995651,80.2302474976,28045,28055,10
12.819729805,80.23046875,28055,28065,10
12.8209600449,80.2304611206,28065,28075,10
12.82213974,80.2306213379,28075,28085,10
12.8233299255,80.23097229,28085,28095,10
12.8246803284,80.2313079834,28095,28105,10
12.8261604309,80.2313690186,28105,28116,11
12.8278198242,80.2309036255,28116,28126,10
12.8292198181,80.2301483154,28126,28136,10
12.8305997849,80.2295608521,28136,28146,10
12.8311901093,80.2293395996,28146,28156,10
12.8312797546,80.229309082,28156,28166,10
12.831489563,80.2292633057,28166,28176,10
12.8317699432,80.2292022705,28176,28186,10
12.832280159,80.2290878296,28186,28197,11
12.8332901001,80.2288970947,28197,28207,10
12.8345403671,80.2286529541,28207,28217,10
12.8360300064,80.2284317017,28217,28227,10
12.8375597,80.2282028198,28227,28237,10
12.8388395309,80.2279205322,28237,28247,10
12.839509964,80.2277526855,28247,28267,20
12.839509964,80.2277526855,28267,28278,11
12.8402700424,80.2274780273,28278,28288,10
12.8412399292,80.2272109985,28288,28298,10
12.8424196243,80.2269287109,28298,28308,10
12.8435201645,80.2267379761,28308,28318,10
12.8452196121,80.2265625,28318,28348,30
12.8452196121,80.2265625,28348,28359,11
12.8453197479,80.2265396118,28359,28369,10
12.845700264,80.2265319824,28369,28379,10
12.8464002609,80.2265396118,28379,28389,10
12.8474798203,80.2265472412,28389,28399,10
12.8488302231,80.2265472412,28399,28409,10
12.8503198624,80.2265472412,28409,28419,10
12.8518800735,80.2266235352,28419,28429,10
12.8535995483,80.2266616821,28429,28440,11
12.8550901413,80.2264862061,28440,28450,10
12.8566102982,80.2263183594,28450,28460,10
12.8581199646,80.2261962891,28460,28470,10
12.8590202332,80.2262573242,28470,28480,10
12.8606300354,80.2265014648,28480,28511,31
12.8606300354,80.2265014648,28511,28521,10
12.8606996536,80.2265014648,28521,28571,50
12.8606996536,80.2265014648,28571,28581,10
12.8610401154,80.2265777588,28581,28592,11
12.8620004654,80.2265625,28592,28602,10
12.8632097244,80.2265090942,28602,28612,10
12.8647203445,80.2265472412,28612,28622,10
12.866230011,80.2265396118,28622,28632,10
12.8676795959,80.2264022827,28632,28642,10
12.8691797256,80.2264175415,28642,28652,10
12.8706703186,80.2265930176,28652,28662,10
12.872179985,80.2266464233,28662,28673,11
12.8729000092,80.2266387939,28673,28683,10
12.8730602264,80.2266616821,28683,28693,10
12.8737297058,80.2266998291,28693,28703,10
12.8747196198,80.2267990112,28703,28713,10
12.8759403229,80.2269134521,28713,28723,10
12.8765096664,80.2268981934,28723,28733,10
12.8767404556,80.2268600464,28733,28743,10
12.8767595291,80.2268600464,28743,28754,11
12.8773097992,80.2268295288,28754,28764,10
12.8783197403,80.2267608643,28764,28774,10
12.8796195984,80.2266998291,28774,28784,10
12.8810997009,80.2266921997,28784,28794,10
12.8825902939,80.2266616821,28794,28804,10
12.884059906,80.2266464233,28804,28814,10
12.8851203918,80.2266693115,28814,28825,11
12.8853397369,80.2266769409,28825,28835,10
12.88560009,80.2267303467,28835,28845,10
12.8863401413,80.2269287109,28845,28855,10
12.8873796463,80.227180481,28855,28865,10
12.8886995316,80.2273101807,28865,28875,10
12.8901700974,80.2273178101,28875,28885,10
12.8915195465,80.2273178101,28885,28895,10
12.8921298981,80.2273330688,28895,28906,11
12.8921403885,80.2273330688,28906,28916,10
12.8923597336,80.2273406982,28916,28926,10
12.8929595947,80.2273864746,28926,28936,10
12.8938598633,80.2275085449,28936,28946,10
12.8949699402,80.2276000977,28946,28956,10
12.8962697983,80.2276382446,28956,28966,10
12.897600174,80.227722168,28966,28976,10
12.8987197876,80.2277832031,28976,28987,11
12.8996400833,80.2278518677,28987,28997,10
12.9003295898,80.2278594971,28997,29007,10
12.9004201889,80.2278594971,29007,29017,10
12.9005899429,80.2278366089,29017,29037,20
12.9005899429,80.2278366089,29037,29047,10
12.9007797241,80.2278366089,29047,29057,10
12.9011802673,80.2279205322,29057,29068,11
12.9018201828,80.2279586792,29068,29078,10
12.9029302597,80.2279663086,29078,29098,20
12.9029302597,80.2279663086,29098,29108,10
12.9031801224,80.2279663086,29108,29118,10
12.9039001465,80.2280502319,29118,29128,10
12.9049196243,80.2281112671,29128,29138,10
12.9060697556,80.2281799316,29138,29149,11
12.9070701599,80.2282791138,29149,29159,10
12.9081897736,80.2284622192,29159,29169,10
12.9095497131,80.2286605835,29169,29179,10
12.9109096527,80.2288818359,29179,29189,10
12.9121303558,80.2290496826,29189,29199,10
12.9131402969,80.2292022705,29199,29209,10
12.913769722,80.2292709351,29209,29220,11
12.9138202667,80.2292785645,29220,29230,10
12.9138803482,80.2292861938,29230,29240,10
12.9142599106,80.2293395996,29240,29250,10
12.9147596359,80.2294235229,29250,29260,10
12.9156198502,80.2295684814,29260,29270,10
12.9167404175,80.2297286987,29270,29280,10
12.9176998138,80.2298736572,29280,29290,10
12.9188899994,80.2300186157,29290,29301,11
12.9202699661,80.230178833,29301,29311,10
12.9216899872,80.2303466797,29311,29321,10
12.9231300354,80.2305831909,29321,29331,10
12.9245300293,80.230758667,29331,29341,10
12.9258899689,80.2309188843,29341,29351,10
12.9265098572,80.2309570313,29351,29361,10
12.9265499115,80.2309875488,29361,29371,10
12.9270000458,80.2310409546,29371,29382,11
12.9279298782,80.2311477661,29382,29392,10
12.9289703369,80.2313079834,29392,29402,10
12.9301204681,80.2315826416,29402,29412,10
12.9312496185,80.231918335,29412,29422,10
12.9324102402,80.2322998047,29422,29432,10
12.9333295822,80.2326431274,29432,29442,10
12.933429718,80.2326812744,29442,29452,10
12.9334697723,80.2327194214,29452,29463,11
12.9336795807,80.2328109741,29463,29473,10
12.9342603683,80.233039856,29473,29483,10
12.9351596832,80.2334671021,29483,29493,10
12.9359903336,80.2338485718,29493,29503,10
12.9367399216,80.2341995239,29503,29513,10
12.9375600815,80.2346191406,29513,29523,10
12.9386396408,80.2351379395,29523,29533,10
12.9395399094,80.2356109619,29533,29544,11
12.9399900436,80.2357330322,29544,29554,10
12.9401702881,80.2358169556,29554,29564,10
12.9407997131,80.2360229492,29564,29574,10
12.941740036,80.2362518311,29574,29584,10
12.9428100586,80.236618042,29584,29594,10
12.9437704086,80.2374191284,29594,29604,10
12.9446802139,80.2384567261,29604,29614,10
12.9455404282,80.2392578125,29614,29625,11
12.9473199844,80.2399978638,29625,29645,20
12.9473199844,80.2399978638,29645,29655,10
12.9475097656,80.2401275635,29655,29665,10
12.94810009,80.2403717041,29665,29675,10
12.9489097595,80.2406616211,29675,29898,223
12.9489097595,80.2406616211,29898,29908,10
12.9490995407,80.2407073975,29908,29918,10
12.9496803284,80.2409133911,29918,29928,10
12.9511899948,80.2414016724,29928,29949,21
12.9511899948,80.2414016724,29949,29959,10
12.951379776,80.2414779663,29959,29969,10
12.9519701004,80.2416763306,29969,29979,10
12.9528303146,80.2419891357,29979,29989,10
12.9538898468,80.2424163818,29989,29999,10
12.9547595978,80.2427825928,29999,30009,10
12.9556798935,80.2431106567,30009,30020,11
12.9563999176,80.243347168,30020,30030,10
12.956700325,80.2434768677,30030,30040,10
12.957400322,80.2438278198,30040,30050,10
12.9583501816,80.2442169189,30050,30060,10
12.958990097,80.2444915771,30060,30080,20
12.958990097,80.2444915771,30080,30090,10
12.9593801498,80.2446899414,30090,30101,11
12.9601697922,80.2450485229,30101,30111,10
12.961139679,80.2454986572,30111,30121,10
12.962220192,80.2460632324,30121,30131,10
12.9633398056,80.246711731,30131,30182,51
12.9633398056,80.246711731,30182,30192,10
12.9635696411,80.2468109131,30192,30202,10
12.9641799927,80.2470169067,30202,30212,10
12.9650497437,80.2472915649,30212,30222,10
12.9661102295,80.2476501465,30222,30232,10
12.966750145,80.2479019165,30232,30242,10
12.9667596817,80.2479095459,30242,30252,10
12.9668903351,80.2480392456,30252,30263,11
12.9672899246,80.2481689453,30263,30273,10
12.968000412,80.2484512329,30273,30283,10
12.968919754,80.2488327026,30283,30293,10
12.9698495865,80.249206543,30293,30303,10
12.9708099365,80.2495574951,30303,30313,10
12.9717998505,80.2498397827,30313,30323,10
12.9727602005,80.2500915527,30323,30334,11
12.9739398956,80.2504196167,30334,30344,10
12.9750299454,80.2507171631,30344,30354,10
12.9760599136,80.2510070801,30354,30364,10
12.9771299362,80.2513275146,30364,30374,10
12.978679657,80.2523803711,30374,30394,20
12.978679657,80.2523803711,30394,30404,10
12.9787502289,80.2524337769,30404,30415,11
12.9792203903,80.252571106,30415,30425,10
12.9795598984,80.2526092529,30425,30435,10
12.9800100327,80.2526626587,30435,30445,10
12.9806604385,80.2526626587,30445,30455,10
12.9814300537,80.2526397705,30455,30465,10
12.9823999405,80.2526168823,30465,30475,10
12.983590126,80.252456665,30475,30485,10
12.984919548,80.2520675659,30485,30607,122
12.984919548,80.2520675659,30607,30617,10
12.9850997925,80.2520523071,30617,30627,10
12.9855203629,80.2519378662,30627,30637,10
12.9860601425,80.2517929077,30637,30647,10
12.9866399765,80.2516479492,30647,30658,11
12.9873399734,80.251449585,30658,30668,10
12.9878902435,80.2513198853,30668,30678,10
12.9886798859,80.251121521,30678,30688,10
12.9896001816,80.250869751,30688,30708,20
12.9896001816,80.250869751,30708,30718,10
12.9896602631,80.250831604,30718,30728,10
12.9900598526,80.2507400513,30728,30739,11
12.9908399582,80.2505722046,30739,30749,10
12.9917697906,80.2503433228,30749,30759,10
12.9928102493,80.2500762939,30759,30769,10
12.9939403534,80.2497787476,30769,30779,10
12.9951601028,80.2494888306,30779,30789,10
12.9966802597,80.2490615845,30789,30820,31
12.9966802597,80.2490615845,30820,30830,10
12.9968700409,80.2490234375,30830,30840,10
12.997469902,80.2488937378,30840,30850,10
12.9983701706,80.2486572266,30850,30860,10
12.9994802475,80.2483825684,30860,30870,10
13.000749588,80.2480621338,30870,30880,10
13.001830101,80.2478027344,30880,30891,11
13.0024404526,80.2476577759,30891,30901,10
13.003279686,80.2475204468,30901,30911,10
13.0043296814,80.2473602295,30911,30921,10
13.005490303,80.2471923828,30921,30931,10
13.0063400269,80.2468032837,30931,30941,10
13.0065698624,80.2463531494,30941,30961,20
13.0065698624,80.2463531494,30961,30972,11
13.0066003799,80.2462005615,30972,30982,10
13.0066299438,80.2456970215,30982,30992,10
13.0066204071,80.2452392578,30992,31002,10
13.0066204071,80.244682312,31002,31012,10
13.0066204071,80.2441177368,31012,31022,10
13.0066204071,80.2436599731,31022,31032,10
13.0066003799,80.2432785034,31032,31042,10
13.0065698624,80.2426986694,31042,31053,11
13.0065498352,80.2417221069,31053,31063,10
13.0065898895,80.2411499023,31063,31073,10
13.0066003799,80.2411422729,31073,31083,10
13.0066099167,80.2409973145,31083,31093,10
13.0066299438,80.240737915,31093,31103,10
13.0066900253,80.2402801514,31103,31113,10
13.0068702698,80.2396392822,31113,31123,10
13.0070199966,80.2388534546,31123,31134,11
13.0072202682,80.2378616333,31134,31144,10
13.0073795319,80.2371520996,31144,31154,10
13.0073900223,80.2370834351,31154,31164,10
13.0074195862,80.2369918823,31164,31174,10
13.0074796677,80.2366409302,31174,31184,10
13.007610321,80.2361831665,31184,31194,10
13.0078201294,80.2351531982,31194,31204,10
13.0080404282,80.2340774536,31204,31215,11
13.0083398819,80.2325668335,31215,31225,10
13.0085601807,80.2314224243,31225,31235,10
13.0088195801,80.2300872803,31235,31245,10
13.0090999603,80.2285919189,31245,31255,10
13.0095901489,80.2272567749,31255,31265,10
13.0101604462,80.22605896,31265,31275,10
13.0106801987,80.2251205444,31275,31286,11
13.0112695694,80.2236175537,31286,31306,20
13.0112695694,80.2236175537,31306,31316,10
13.0113201141,80.2235031128,31316,31326,10
13.0115003586,80.2231292725,31326,31336,10
13.0117397308,80.2224807739,31336,31346,10
13.0120801926,80.2216567993,31346,31355,9
13.0123100281,80.2214584351,31355,31367,12
13.0124197006,80.221496582,31367,31377,10
13.0126600266,80.2219467163,31377,31387,10
13.0130300522,80.2224121094,31387,31397,10
13.0134096146,80.2228164673,31397,31407,10
13.013879776,80.2233963013,31407,31417,10
13.0143098831,80.2239074707,31417,31427,10
13.0151700974,80.2247772217,31427,31448,21
13.0151700974,80.2247772217,31448,31458,10
13.0153999329,80.2249679565,31458,31488,30
13.0153999329,80.2249679565,31488,31498,10
13.0155200958,80.2250366211,31498,31508,10
13.0158195496,80.2252883911,31508,31518,10
13.0164804459,80.2253189087,31518,31529,11
13.0173501968,80.2249984741,31529,31539,10
13.0181703568,80.2246780396,31539,31549,10
13.0189304352,80.2244033813,31549,31559,10
13.0193901062,80.2243881226,31559,31569,10
13.0197696686,80.2245178223,31569,31579,10
13.0202598572,80.2248764038,31579,31589,10
13.0207700729,80.2252578735,31589,31599,10
13.0212402344,80.2256393433,31599,31610,11
13.0218496323,80.2260971069,31610,31620,10
13.0224304199,80.226600647,31620,31691,71
13.0224304199,80.226600647,31691,31701,10
13.022649765,80.2268218994,31701,31711,10
13.0228996277,80.2270584106,31711,31721,10
13.0233802795,80.2275238037,31721,31731,10
13.0239496231,80.2280578613,31731,31741,10
13.0244102478,80.2285614014,31741,31751,10
13.024600029,80.2288665771,31751,31762,11
13.0248699188,80.2292480469,31762,31772,10
13.0252199173,80.2296981812,31772,31782,10
13.0256099701,80.2302322388,31782,31812,30
13.0256099701,80.2302322388,31812,31822,10
13.0257196426,80.2303390503,31822,31832,10
13.0258398056,80.2306518555,31832,31843,11
13.0258998871,80.2308502197,31843,31853,10
13.025970459,80.2312088013,31853,31863,10
13.0260696411,80.2316589355,31863,31873,10
13.0262699127,80.2323532104,31873,31883,10
13.0265798569,80.2330780029,31883,31893,10
13.027009964,80.2338104248,31893,31903,10
13.0274896622,80.2346115112,31903,31913,10
13.0279798508,80.2354278564,31913,31924,11
13.0286397934,80.2361831665,31924,31934,10
13.0292196274,80.2367782593,31934,31944,10
13.0294599533,80.2371063232,31944,31974,30
13.0294599533,80.2371063232,31974,31984,10
13.0293998718,80.2372589111,31984,31994,10
13.0297203064,80.2375411987,31994,32005,11
13.0301303864,80.238243103,32005,32015,10
13.0305995941,80.2390213013,32015,32025,10
13.0309200287,80.2395401001,32025,32035,10
13.031080246,80.2397689819,32035,32055,20
13.031080246,80.2397689819,32055,32065,10
13.0312204361,80.2400131226,32065,32075,10
13.0313100815,80.2406616211,32075,32086,11
13.0316095352,80.2412719727,32086,32096,10
13.0319099426,80.2418899536,32096,32106,10
13.032409668,80.242477417,32106,32116,10
13.0328102112,80.2430419922,32116,32126,10
13.0333795547,80.243812561,32126,32136,10
13.0339603424,80.2446594238,32136,32146,10
13.0345096588,80.2453689575,32146,32156,10
13.0350999832,80.2460021973,32156,32167,11
13.035779953,80.2462310791,32167,32187,20
13.035779953,80.2462310791,32187,32197,10
13.0359296799,80.2462768555,32197,32207,10
13.0364599228,80.246421814,32207,32217,10
13.0371599197,80.2465362549,32217,32227,10
13.0377502441,80.2464828491,32227,32238,11
13.0385704041,80.2466964722,32238,32248,10
13.0391798019,80.2468795776,32248,32258,10
13.0396604538,80.2470016479,32258,32268,10
13.0404596329,80.2471313477,32268,32278,10
13.041390419,80.2473068237,32278,32288,10
13.0419797897,80.2473983765,32288,32298,10
13.0425300598,80.2475814819,32298,32308,10
13.0431203842,80.2478103638,32308,32319,11
13.0439395905,80.2478027344,32319,32329,10
13.0445404053,80.2478637695,32329,32339,10
13.0450401306,80.2481079102,32339,32349,10
13.0457296371,80.2484283447,32349,32359,10
13.0467700958,80.2484588623,32359,32379,20
13.0467700958,80.2484588623,32379,32389,10
13.0471897125,80.2485275269,32389,32400,11
13.0475997925,80.248840332,32400,32410,10
13.0480899811,80.2493591309,32410,32420,10
13.0486602783,80.2497177124,32420,32430,10
13.0492200851,80.2497634888,32430,32440,10
13.0498695374,80.2498779297,32440,32450,10
13.0508203506,80.2500762939,32450,32460,10
13.0517396927,80.2504196167,32460,32470,10
13.0524396896,80.251159668,32470,32481,11
13.0531997681,80.2521820068,32481,32491,10
13.0538196564,80.2530288696,32491,32501,10
13.0544395447,80.2538909912,32501,32511,10
13.0549297333,80.2545166016,32511,32521,10
13.0552597046,80.254989624,32521,32531,10
13.0556402206,80.2555236816,32531,32541,10
13.055970192,80.2559432983,32541,32551,10
13.056019783,80.2560195923,32551,32562,11
13.0561704636,80.2562484741,32562,32572,10
13.0563602448,80.2564697266,32572,32582,10
13.0569601059,80.2570571899,32582,32592,10
13.0576000214,80.2576828003,32592,32602,10
13.058139801,80.2582778931,32602,32612,10
13.0586900711,80.258972168,32612,32622,10
13.0591201782,80.2595825195,32622,32632,10
13.059630394,80.2601928711,32632,32643,11
13.0605697632,80.261138916,32643,32673,30
13.0605697632,80.261138916,32673,32683,10
13.0606899261,80.2615585327,32683,32693,10
13.0612001419,80.2621917725,32693,32703,10
13.0616703033,80.2627182007,32703,32713,10
13.0618495941,80.2629394531,32713,32724,11
13.0622396469,80.2633514404,32724,32734,10
13.0627698898,80.2639389038,32734,32744,10
13.0632801056,80.2645721436,32744,32754,10
13.0636796951,80.2652206421,32754,32764,10
13.064040184,80.2657012939,32764,32774,10
13.0645704269,80.2663574219,32774,32784,10
13.0649795532,80.2668380737,32784,32794,10
13.0655403137,80.2671890259,32794,32805,11
13.0656003952,80.267326355,32805,32815,10
13.0658597946,80.2676925659,32815,32825,10
13.0663204193,80.2682495117,32825,32835,10
13.066860199,80.2685928345,32835,32845,10
13.0675497055,80.2689971924,32845,32855,10
13.068189621,80.2693862915,32855,32865,10
13.0683002472,80.2697982788,32865,32876,11
13.0681400299,80.2706222534,32876,32886,10
13.0680799484,80.2712631226,32886,32896,10
13.0683603287,80.2717819214,32896,32906,10
13.0689296722,80.2720336914,32906,32916,10
13.0694904327,80.2724761963,32916,32926,10
13.0700702667,80.2731170654,32926,32936,10
13.0705604553,80.2737731934,32936,32946,10
13.0708799362,80.2740707397,32946,32957,11
13.0712003708,80.2741775513,32957,32987,30
13.0712003708,80.2741775513,32987,32997,10
13.0712900162,80.2741622925,32997,33007,10
13.0717000961,80.2743606567,33007,33017,10
13.0720701218,80.2746887207,33017,33027,10
13.0726995468,80.2753372192,33027,33038,11
13.0734500885,80.2760925293,33038,33048,10
13.0739803314,80.2763137817,33048,33058,10
13.0745000839,80.2762985229,33058,33068,10
13.0753898621,80.2762908936,33068,33078,10
13.0759000778,80.2762832642,33078,33088,10
13.0763998032,80.276260376,33088,33098,10
13.0772600174,80.276222229,33098,33108,10
13.0781698227,80.2759628296,33108,33119,11
13.0787496567,80.275138855,33119,33129,10
13.0797195435,80.2752990723,33129,33139,10
13.0807199478,80.2751998901,33139,33149,10
13.0814399719,80.2751464844,33149,33159,10
13.0818796158,80.2752227783,33159,33169,10
13.0820703506,80.2754364014,33169,33179,10
13.082110405,80.2757110596,33179,34354,1175
13.082110405,80.2757110596,34354,34365,11
13.0819797516,80.2760009766,34365,34375,10
13.0818901062,80.2762832642,34375,34385,10
13.0819196701,80.276802063,34385,34395,10
13.0820102692,80.2775878906,34395,34405,10
13.0821800232,80.2783966064,34405,34425,20
13.0821800232,80.2783966064,34425,34435,10
13.0819997787,80.2784423828,34435,34446,11
13.0819501877,80.2779006958,34446,34456,10
13.0818901062,80.2773132324,34456,34466,10
13.0818796158,80.2768936157,34466,34476,10
13.0818195343,80.2764968872,34476,34486,10
13.0818099976,80.2763519287,34486,34496,10
13.0817804337,80.2762069702,34496,34506,10
13.0817298889,80.2759933472,34506,34567,61
13.0817699432,80.2758483887,34567,34679,112
13.0815896988,80.2755126953,34679,34709,30
13.081489563,80.2752380371,34709,34729,20
13.081489563,80.2752380371,34729,34739,10
13.0812597275,80.2751617432,34739,34749,10
13.0808601379,80.2752304077,34749,34760,11
13.0802698135,80.2752838135,34760,34770,10
13.0796804428,80.2753067017,34770,34780,10
13.0789299011,80.2751693726,34780,34790,10
13.07833004,80.2755813599,34790,34800,10
13.0778598785,80.276222229,34800,34810,10
13.0768699646,80.276260376,34810,34820,10
13.0759801865,80.2763137817,34820,34830,10
13.0753898621,80.2763595581,34830,34841,11
13.0753803253,80.2763595581,34841,34851,10
13.0752801895,80.2763137817,34851,34861,10
13.0748300552,80.2763900757,34861,34871,10
13.0740098953,80.2764205933,34871,34911,40
13.0740098953,80.2764205933,34911,34922,11
13.0736999512,80.2764282227,34922,34932,10
13.0730695724,80.2759475708,34932,35246,314
13.0730695724,80.2759475708,35246,35256,10
13.0728197098,80.2755203247,35256,35266,10
13.0724000931,80.2750778198,35266,35276,10
13.0720796585,80.2747573853,35276,35286,10
13.0718002319,80.2745513916,35286,35296,10
13.071390152,80.2744369507,35296,35306,10
13.0709896088,80.2744369507,35306,35337,31
13.0709896088,80.2744369507,35337,35347,10
13.0708398819,80.274230957,35347,35357,10
13.0706596375,80.2738494873,35357,35367,10
13.0703496933,80.2733230591,35367,35377,10
13.0698299408,80.2727584839,35377,35387,10
13.0692195892,80.2721481323,35387,35398,11
13.0684700012,80.2717437744,35398,35408,10
13.0682096481,80.2713317871,35408,35418,10
13.0679502487,80.2708587646,35418,35428,10
13.067440033,80.2704086304,35428,35438,10
13.0668401718,80.2698287964,35438,35448,10
13.0665597916,80.2692108154,35448,35458,10
13.0665197372,80.2685165405,35458,35468,10
13.0662899017,80.2682495117,35468,35479,11
13.0658502579,80.2677383423,35479,35489,10
13.0657501221,80.2676467896,35489,35499,10
13.065489769,80.267578125,35499,35509,10
13.0652198792,80.2675704956,35509,35539,30
13.0652198792,80.2675704956,35539,35549,10
13.0648899078,80.2674636841,35549,35560,11
13.0642004013,80.2673873901,35560,35570,10
13.063369751,80.2672424316,35570,35580,10
13.0626802444,80.2669830322,35580,35590,10
13.0621995926,80.2664337158,35590,35600,10
13.0617904663,80.2659378052,35600,35610,10
13.0613803864,80.2654418945,35610,35620,10
13.0608797073,80.2651901245,35620,35630,10
13.0606899261,80.265296936,35630,35641,11
13.0605602264,80.2653427124,35641,35651,10
13.0601301193,80.2655487061,35651,35661,10
13.0595903397,80.2655410767,35661,35671,10
13.059009552,80.2654418945,35671,35681,10
13.0584697723,80.26537323,35681,35691,10
13.0584602356,80.2653198242,35691,35701,10
13.0583400726,80.2651824951,35701,35711,10
13.058139801,80.2647399902,35711,35722,11
13.0580301285,80.2637329102,35722,35732,10
13.057970047,80.2627563477,35732,35742,10
13.057800293,80.2619018555,35742,35752,10
13.0576601028,80.2612533569,35752,35762,10
13.0574197769,80.2606201172,35762,35772,10
13.0571203232,80.2597122192,35772,35782,10
13.0568599701,80.2589263916,35782,35793,11
13.0566902161,80.2581634521,35793,35803,10
13.0566301346,80.2579269409,35803,35813,10
13.0565500259,80.257598877,35813,35823,10
13.0564899445,80.257232666,35823,35833,10
13.0564603806,80.2571563721,35833,35843,10
13.0563697815,80.2570037842,35843,35853,10
13.0562601089,80.2564926147,35853,35863,10
13.0558996201,80.2558364868,35863,35874,11
13.0553102493,80.2550201416,35874,35884,10
13.0547895432,80.2543029785,35884,35894,10
13.0542097092,80.2535400391,35894,35904,10
13.053850174,80.2530136108,35904,35914,10
13.0535497665,80.2525405884,35914,35924,10
13.0530796051,80.2518997192,35924,35934,10
13.0526504517,80.2513427734,35934,35944,10
13.0522003174,80.2507705688,35944,35955,11
13.0513296127,80.2501525879,35955,35965,10
13.0501203537,80.2498703003,35965,35975,10
13.0488901138,80.249710083,35975,35985,10
13.0481100082,80.2492980957,35985,35995,10
13.047369957,80.2487564087,35995,36005,10
13.0472803116,80.2486495972,36005,36015,10
13.047249794,80.2485961914,36015,36025,10
13.0470199585,80.2485580444,36025,36036,11
13.0468902588,80.2485275269,36036,36046,10
13.0465202332,80.2485198975,36046,36056,10
13.0459003448,80.2483901978,36056,36066,10
13.0452604294,80.2481307983,36066,36076,10
13.0445604324,80.2480010986,36076,36086,10
13.0440301895,80.2479171753,36086,36096,10
13.0436000824,80.247833252,36096,36106,10
13.0430202484,80.2477111816,36106,36117,11
13.0422401428,80.2475280762,36117,36127,10
13.0414600372,80.2473602295,36127,36137,10
13.0406198502,80.247177124,36137,36147,10
13.0399703979,80.2470779419,36147,36157,10
13.0395002365,80.2470016479,36157,36167,10
13.039059639,80.246887207,36167,36177,10
13.0385103226,80.2467803955,36177,36187,10
13.0379400253,80.2466812134,36187,36198,11
13.0371599197,80.2465286255,36198,36208,10
13.0365600586,80.246421814,36208,36218,10
13.0360603333,80.2462768555,36218,36228,10
13.0359296799,80.2462921143,36228,36238,10
13.0355796814,80.2461013794,36238,36258,20
13.0355796814,80.2461013794,36258,36268,10
13.0354204178,80.2459411621,36268,36279,11
13.0352802277,80.2459030151,36279,36289,10
13.0349597931,80.2457504272,36289,36299,10
13.0347003937,80.2453765869,36299,36309,10
13.0341901779,80.2447433472,36309,36319,10
13.0335102081,80.2440185547,36319,36329,10
13.0327301025,80.2429885864,36329,36339,10
13.0325403214,80.2426376343,36339,36350,11
13.032409668,80.2424316406,36350,36451,101
13.032409668,80.2424316406,36451,36461,10
13.0321598053,80.2421569824,36461,36471,10
13.0319900513,80.241897583,36471,36481,10
13.0318002701,80.2414169312,36481,36593,112
13.0318002701,80.2414169312,36593,36603,10
13.0317201614,80.2410888672,36603,36613,10
13.031419754,80.2405319214,36613,36623,10
13.0311603546,80.2398986816,36623,36694,71
13.0311603546,80.2398986816,36694,36704,10
13.0310401917,80.2396621704,36704,36714,10
13.0307302475,80.2390899658,36714,36724,10
13.0302000046,80.2382125854,36724,36734,10
13.0295801163,80.2372589111,36734,36744,10
13.0290803909,80.2367172241,36744,36755,11
13.0290203094,80.2366104126,36755,36765,10
13.0286102295,80.2361984253,36765,36775,10
13.0280103683,80.2355194092,36775,36785,10
13.0274801254,80.23462677,36785,36795,10
13.0269804001,80.2338409424,36795,36805,10
13.026720047,80.2333984375,36805,36856,51
13.026720047,80.2333984375,36856,36866,10
13.0266599655,80.2331924438,36866,36876,10
13.0263996124,80.2326965332,36876,36886,10
13.0261802673,80.2319793701,36886,36896,10
13.0260095596,80.2314605713,36896,36907,11
13.0257997513,80.2306671143,36907,36917,10
13.0253000259,80.2298431396,36917,36927,10
13.0248003006,80.2292404175,36927,36937,10
13.0245304108,80.2289123535,36937,36947,10
13.0245199203,80.2288894653,36947,36957,10
13.0243797302,80.2287063599,36957,36967,10
13.024140358,80.2284164429,36967,36977,10
13.0240497589,80.228302002,36977,36988,11
13.0238599777,80.2280273438,36988,36998,10
13.0235795975,80.2277297974,36998,37008,10
13.0234804153,80.2276229858,37008,37018,10
13.0234003067,80.2275390625,37018,37028,10
13.0230998993,80.2272415161,37028,37038,10
13.022600174,80.2267532349,37038,37048,10
13.02202034,80.2262420654,37048,37058,10
13.0213804245,80.2257385254,37058,37069,11
13.0207500458,80.2252578735,37069,37079,10
13.0205898285,80.225151062,37079,37089,10
13.0204801559,80.2250671387,37089,37099,10
13.0199899673,80.2247390747,37099,37109,10
13.0192203522,80.2244186401,37109,37119,10
13.0182504654,80.224647522,37119,37129,10
13.0173597336,80.2250213623,37129,37139,10
13.0167598724,80.2252807617,37139,37150,11
13.016409874,80.2254486084,37150,37160,10
13.0159196854,80.2256011963,37160,37170,10
13.0152902603,80.2258224487,37170,37180,10
13.0146999359,80.2260818481,37180,37190,10
13.0146198273,80.2261276245,37190,37200,10
13.0143604279,80.2261734009,37200,37210,10
13.0137796402,80.226348877,37210,37220,10
13.0128898621,80.2267303467,37220,37231,11
13.0116796494,80.2272186279,37231,37241,10
13.0105800629,80.2277374268,37241,37251,10
13.0094604492,80.2281723022,37251,37261,10
13.0090503693,80.2291870117,37261,37271,10
13.0088596344,80.2301864624,37271,37281,10
13.008769989,80.2306976318,37281,37291,10
13.0087099075,80.2310714722,37291,37312,21
13.0087099075,80.2310714722,37312,37322,10
13.0086297989,80.2313690186,37322,37332,10
13.0085897446,80.2315826416,37332,37342,10
13.0085802078,80.2316513062,37342,37352,10
13.0085000992,80.2320404053,37352,37423,71
13.0085000992,80.2320404053,37423,37433,10
13.0083904266,80.2324981689,37433,37443,10
13.0083398819,80.232749939,37443,37453,10
13.0082998276,80.2330322266,37453,37464,11
13.0082702637,80.2332992554,37464,37474,10
13.0081796646,80.2336807251,37474,37504,30
13.0081796646,80.2336807251,37504,37514,10
13.008099556,80.2340316772,37514,37524,10
13.0080003738,80.2345504761,37524,37534,10
13.0078296661,80.2353515625,37534,37545,11
13.0076999664,80.2361221313,37545,37555,10
13.007610321,80.2364883423,37555,37565,10
13.0075702667,80.2367095947,37565,37575,10
13.0074901581,80.237121582,37575,37585,10
13.0073900223,80.2375793457,37585,37595,10
13.0073204041,80.2378234863,37595,37605,10
13.0072803497,80.237991333,37605,37615,10
13.0072402954,80.2381362915,37615,37626,11
13.0071697235,80.2384490967,37626,37636,10
13.0070695877,80.2389831543,37636,37646,10
13.006939888,80.2396316528,37646,37656,10
13.006819725,80.2402801514,37656,37666,10
13.0067195892,80.2407836914,37666,37676,10
13.0066795349,80.2411422729,37676,37686,10
13.0066404343,80.2415390015,37686,37696,10
13.0066404343,80.2419509888,37696,37707,11
13.006649971,80.2425384521,37707,37717,10
13.0066995621,80.2431182861,37717,37727,10
13.0067100525,80.2434310913,37727,37737,10
13.0067195892,80.243812561,37737,37747,10
13.0067195892,80.2444000244,37747,37757,10
13.0066795349,80.2447433472,37757,37767,10
13.0067195892,80.245300293,37767,37798,31
13.0067195892,80.245300293,37798,37808,10
13.0067195892,80.2456588745,37808,37818,10
13.0067501068,80.2460327148,37818,37828,10
13.006819725,80.246673584,37828,37838,10
13.0067396164,80.2473602295,37838,37848,10
13.0062198639,80.2473983765,37848,37859,11
13.0060901642,80.2473831177,37859,37869,10
13.0059404373,80.2473220825,37869,37879,10
13.0053796768,80.2473373413,37879,37889,10
13.0044803619,80.2473831177,37889,37899,10
13.0033798218,80.247543335,37899,37909,10
13.0023899078,80.247718811,37909,37919,10
13.0012598038,80.2480163574,37919,37929,10
12.9999799728,80.2483673096,37929,37940,11
12.9985303879,80.2487335205,37940,37950,10
12.9971904755,80.2490386963,37950,37960,10
12.9958496094,80.2493972778,37960,37970,10
12.9945802689,80.2497024536,37970,37980,10
12.9937095642,80.249961853,37980,37990,10
12.9929103851,80.2501373291,37990,38000,10
12.9924001694,80.2502670288,38000,38010,10
12.9919595718,80.2503890991,38010,38021,11
12.9916496277,80.2504577637,38021,38031,10
12.9913196564,80.2505722046,38031,38091,60
12.9910802841,80.250579834,38091,38264,173
12.9910202026,80.2504806519,38264,38324,60
12.9909896851,80.2505722046,38324,38385,61
12.9910297394,80.2504577637,38385,38416,31
12.9910297394,80.2504577637,38416,38426,10
12.9908399582,80.2505569458,38426,38436,10
12.9906797409,80.2506484985,38436,38446,10
12.9904699326,80.2506866455,38446,38456,10
12.9902095795,80.2506866455,38456,38466,10
12.9900197983,80.2507476807,38466,38476,10
12.9897203445,80.2508773804,38476,38486,10
12.9893798828,80.2509613037,38486,38497,11
12.9890203476,80.2510528564,38497,38507,10
12.988699913,80.2511672974,38507,38517,10
12.9882001877,80.2513198853,38517,38800,283
12.988120079,80.2513885498,38800,39013,213
12.988120079,80.2513885498,39013,39023,10
12.9880599976,80.2513580322,39023,39033,10
12.9877099991,80.2514266968,39033,39043,10
12.9870500565,80.2516098022,39043,39054,11
12.986240387,80.2518386841,39054,39064,10
12.9852800369,80.2520904541,39064,39074,10
12.9841995239,80.2523727417,39074,39084,10
12.9830799103,80.2526168823,39084,39094,10
12.9818401337,80.2526779175,39094,39104,10
12.9807195663,80.2527313232,39104,39114,10
12.979929924,80.252822876,39114,39135,21
12.979929924,80.252822876,39135,39145,10
12.9795198441,80.2527313232,39145,39155,10
12.9785804749,80.2525634766,39155,39175,20
12.9785804749,80.2525634766,39175,39185,10
12.9781904221,80.2522964478,39185,39195,10
12.9775600433,80.2517471313,39195,39206,11
12.9764795303,80.2512283325,39206,39216,10
12.9752597809,80.250869751,39216,39226,10
12.9739704132,80.2504882813,39226,39236,10
12.9726200104,80.2501220703,39236,39246,10
12.9712095261,80.2497177124,39246,39256,10
12.9698600769,80.2492828369,39256,39266,10
12.9685201645,80.2487792969,39266,39276,10
12.9673299789,80.2482681274,39276,39287,11
12.9661903381,80.2477493286,39287,39297,10
12.9649600983,80.2472763062,39297,39317,20
12.9649600983,80.2472763062,39317,39327,10
12.9645395279,80.2471008301,39327,39337,10
12.9638004303,80.2468338013,39337,39347,10
12.96296978,80.2464370728,39347,39357,10
12.9618797302,80.2458877563,39357,39368,11
12.9604997635,80.2452392578,39368,39378,10
12.9594697952,80.2448272705,39378,39388,10
12.9593200684,80.2447433472,39388,39398,10
12.9591999054,80.2446517944,39398,39408,10
12.9590101242,80.2445526123,39408,39418,10
12.9583797455,80.2443008423,39418,39428,10
12.9576101303,80.2440109253,39428,39438,10
12.9565200806,80.2435302734,39438,39489,51
12.9565200806,80.2435302734,39489,39499,10
12.9558095932,80.243270874,39499,39509,10
12.9552001953,80.2430114746,39509,39519,10
12.9545602798,80.242767334,39519,39530,11
12.9536895752,80.2424316406,39530,39540,10
12.952870369,80.2420425415,39540,39550,10
12.9516096115,80.2416305542,39550,39570,20
12.9516096115,80.2416305542,39570,39580,10
12.9511604309,80.2414474487,39580,39590,10
12.9504699707,80.2412261963,39590,39600,10
12.9502401352,80.2411575317,39600,39611,11
12.949640274,80.2409820557,39611,39621,10
12.9490499496,80.2407684326,39621,39631,10
12.9483499527,80.2404785156,39631,39641,10
12.9477500916,80.2402420044,39641,39651,10
12.9474496841,80.2401275635,39651,39661,10
12.9474201202,80.2401123047,39661,39671,10
12.947259903,80.2400436401,39671,39681,10
12.9468002319,80.2398605347,39681,39692,11
12.9459600449,80.2394866943,39692,39702,10
12.9451799393,80.2390365601,39702,39712,10
12.9443702698,80.2381973267,39712,39722,10
12.9435195923,80.2372589111,39722,39732,10
12.9425201416,80.2365112305,39732,39742,10
12.941280365,80.2361602783,39742,39752,10
12.9402399063,80.2359008789,39752,39763,11
12.9395799637,80.2356796265,39763,39773,10
12.939499855,80.2356262207,39773,39783,10
12.9390001297,80.2353820801,39783,39793,10
12.9381799698,80.2349624634,39793,39803,10
12.9371795654,80.2344818115,39803,39813,10
12.9362201691,80.2340164185,39813,39823,10
12.9352397919,80.2335662842,39823,39833,10
12.9339895248,80.233039856,39833,39854,21
12.9339895248,80.233039856,39854,39864,10
12.9338998795,80.2329788208,39864,39874,10
12.9334201813,80.232749939,39874,39884,10
12.932559967,80.2324066162,39884,39894,10
12.9314403534,80.2320327759,39894,39904,10
12.9301595688,80.2316131592,39904,39914,10
12.9294900894,80.2314529419,39914,39925,11
12.9290103912,80.2313690186,39925,39935,10
12.9282302856,80.2312164307,39935,39945,10
12.9271402359,80.2310791016,39945,39955,10
12.9260797501,80.2309570313,39955,39965,10
12.9250802994,80.2308807373,39965,39995,30
12.9250802994,80.2308807373,39995,40006,11
12.9247398376,80.2308120728,40006,40016,10
12.9239797592,80.2307281494,40016,40026,10
12.9229602814,80.2305984497,40026,40036,10
12.9217596054,80.2304229736,40036,40046,10
12.9204998016,80.2302627563,40046,40056,10
12.9193401337,80.2300872803,40056,40066,10
12.9183998108,80.2299575806,40066,40076,10
12.9174003601,80.229850769,40076,40087,11
12.9169197083,80.2297897339,40087,40097,10
12.916179657,80.2296829224,40097,40107,10
12.9151802063,80.2295303345,40107,40117,10
12.9133996964,80.229309082,40117,40137,20
12.9133996964,80.229309082,40137,40147,10
12.9132900238,80.2292861938,40147,40157,10
12.9126996994,80.2291793823,40157,40168,11
12.9117202759,80.2290420532,40168,40178,10
12.9106197357,80.2288894653,40178,40188,10
12.9094800949,80.2287063599,40188,40198,10
12.9083299637,80.2285232544,40198,40208,10
12.9073696136,80.2283782959,40208,40259,51
12.9073696136,80.2283782959,40259,40269,10
12.9071598053,80.2283401489,40269,40279,10
12.906999588,80.2283325195,40279,40289,10
12.906709671,80.2282867432,40289,40299,10
12.9061603546,80.2282562256,40299,40309,10
12.9060401917,80.2282562256,40309,40319,10
12.9055099487,80.2282104492,40319,40330,11
12.9045000076,80.2281265259,40330,40340,10
12.9034500122,80.2280578613,40340,40350,10
12.9023103714,80.2280273438,40350,40360,10
12.9016799927,80.2280197144,40360,40370,10
12.9012002945,80.2279815674,40370,40380,10
12.9006996155,80.2279281616,40380,40390,10
12.900270462,80.2279205322,40390,40401,11
12.8999300003,80.2279205322,40401,40411,10
12.8995304108,80.227897644,40411,40431,20
12.8995304108,80.227897644,40431,40441,10
12.8993501663,80.2278823853,40441,40451,10
12.8989295959,80.2278366089,40451,40461,10
12.8983001709,80.2277908325,40461,40471,10
12.8973999023,80.2277374268,40471,40482,11
12.8962202072,80.2276992798,40482,40492,10
12.8951702118,80.2276763916,40492,40502,10
12.8940496445,80.2276229858,40502,40512,10
12.8932600021,80.2275390625,40512,40522,10
12.8932199478,80.2275390625,40522,40532,10
12.8931703568,80.2275314331,40532,40542,10
12.8928098679,80.2274780273,40542,40552,10
12.8924598694,80.2274398804,40552,40563,11
12.8916501999,80.2273635864,40563,40573,10
12.8905096054,80.2273635864,40573,40583,10
12.8893699646,80.2273788452,40583,40593,10
12.888589859,80.2273635864,40593,40603,10
12.8879404068,80.2273330688,40603,40613,10
12.8870296478,80.2272033691,40613,40623,10
12.8859796524,80.2269592285,40623,40633,10
12.8850002289,80.2267608643,40633,40644,11
12.8847703934,80.2267608643,40644,40654,10
12.8847198486,80.2267608643,40654,40664,10
12.8842096329,80.2267532349,40664,40674,10
12.8833198547,80.2267379761,40674,40684,10
12.8821401596,80.2267532349,40684,40694,10
12.8807201385,80.2267608643,40694,40704,10
12.8792495728,80.2267837524,40704,40714,10
12.8778400421,80.2268829346,40714,40725,11
12.8768501282,80.2269821167,40725,40735,10
12.8764600754,80.2270202637,40735,40745,10
12.8763999939,80.2270126343,40745,40755,10
12.8759098053,80.2269973755,40755,40765,10
12.8750295639,80.2269363403,40765,40775,10
12.8738698959,80.2267913818,40775,40785,10
12.8729400635,80.2267379761,40785,40795,10
12.8720903397,80.2267379761,40795,40806,11
12.8707504272,80.2266464233,40806,40816,10
12.8692998886,80.2264862061,40816,40826,10
12.8677797318,80.2264175415,40826,40836,10
12.866399765,80.2265625,40836,40846,10
12.8648996353,80.2265777588,40846,40856,10
12.8633403778,80.2265319824,40856,40866,10
12.8618202209,80.2265930176,40866,40876,10
12.8609399796,80.2266311646,40876,40887,11
12.8607501984,80.226600647,40887,40897,10
12.8600597382,80.2265167236,40897,40907,10
12.8590497971,80.2263565063,40907,40917,10
12.8585596085,80.2263183594,40917,40927,10
12.8577604294,80.2262802124,40927,40937,10
12.8566598892,80.2263717651,40937,40947,10
12.855340004,80.2265167236,40947,40958,11
12.8538198471,80.2266693115,40958,40968,10
12.852399826,80.2267227173,40968,40978,10
12.8510398865,80.2266693115,40978,40988,10
12.8500099182,80.2266311646,40988,40998,10
12.8498401642,80.2266311646,40998,41008,10
12.8495197296,80.2266387939,41008,41018,10
12.8487596512,80.2266235352,41018,41028,10
12.8476896286,80.2266235352,41028,41039,11
12.8464403152,80.2266311646,41039,41049,10
12.8454904556,80.2266311646,41049,41079,30
12.8454904556,80.2266311646,41079,41089,10
12.8452100754,80.2266387939,41089,41099,10
12.8444795609,80.2266998291,41099,41109,10
12.8434295654,80.2267990112,41109,41120,11
12.8420000076,80.2270278931,41120,41130,10
12.8407497406,80.2273635864,41130,41140,10
12.839799881,80.2276763916,41140,41190,50
12.839799881,80.2276763916,41190,41201,11
12.8391704559,80.2278900146,41201,41211,10
12.8383302689,80.2281112671,41211,41221,10
12.8372497559,80.2283172607,41221,41231,10
12.8359899521,80.2284927368,41231,41241,10
12.8346004486,80.2287216187,41241,41251,10
12.8325004578,80.229133606,41251,41271,20
12.8325004578,80.229133606,41271,41282,11
12.8323698044,80.2291412354,41282,41292,10
12.8323698044,80.2291412354,41292,41302,10
12.8319501877,80.2292098999,41302,41312,10
12.8314599991,80.2293167114,41312,41322,10
12.830619812,80.2295837402,41322,41332,10
12.8296804428,80.2299499512,41332,41342,10
12.8286504745,80.230430603,41342,41354,12
12.8274698257,80.2310791016,41354,41365,11
12.8260698318,80.2313919067,41365,41375,10
12.8249101639,80.2314071655,41375,41385,10
12.8238296509,80.2311706543,41385,41396,11
12.8231801987,80.231010437,41396,41406,10
12.8229703903,80.2309494019,41406,41415,9
12.8222303391,80.2307128906,41415,41426,11
12.8212795258,80.2304992676,41426,41437,11
12.8195295334,80.230506897,41437,41447,10
12.8182497025,80.2302017212,41447,41457,10
12.8168802261,80.2296218872,41457,41467,10
12.815369606,80.229347229,41467,41477,10
12.8138799667,80.2290878296,41477,41487,10
12.8125295639,80.2286529541,41487,41497,10
12.8112401962,80.2282104492,41497,41507,10
12.8101196289,80.2277374268,41507,41518,11
12.8091402054,80.2272567749,41518,41528,10
12.8081998825,80.2265319824,41528,41538,10
12.8072395325,80.225692749,41538,41548,10
12.8064403534,80.2249679565,41548,41558,10
12.8057498932,80.2243423462,41558,41568,10
12.8051099777,80.224029541,41568,41578,10
12.8048496246,80.2239990234,41578,41588,10
12.8046598434,80.2239685059,41588,41599,11
12.8039903641,80.2239303589,41599,41609,10
12.8030796051,80.2238388062,41609,41619,10
12.8019504547,80.2236862183,41619,41629,10
12.801030159,80.2236175537,41629,41639,10
12.8007297516,80.2235870361,41639,41649,10
12.8000202179,80.2235336304,41649,41659,10
12.7990198135,80.2235183716,41659,41669,10
12.7977800369,80.2233200073,41669,41680,11
12.796500206,80.2230606079,41680,41690,10
12.7961196899,80.2229995728,41690,41700,10
12.795920372,80.2229614258,41700,41710,10
12.7952804565,80.2228393555,41710,41720,10
12.7942399979,80.2226791382,41720,41730,10
12.793009758,80.2224884033,41730,41740,10
12.7917804718,80.2222366333,41740,41750,10
12.7906198502,80.2219467163,41750,41761,11
12.7896003723,80.2216720581,41761,41771,10
12.7889204025,80.2214279175,41771,41781,10
12.7883996964,80.2212219238,41781,41791,10
12.788069725,80.2210693359,41791,41801,10
12.7875499725,80.2209014893,41801,41811,10
12.7869901657,80.2206878662,41811,41821,10
12.7866296768,80.2205505371,41821,41831,10
12.7866296768,80.2205429077,41831,41842,11
12.7865695953,80.2204589844,41842,41852,10
12.7861604691,80.2203292847,41852,41862,10
12.7856302261,80.2201538086,41862,41872,10
12.7850904465,80.2199020386,41872,41882,10
12.7845897675,80.219619751,41882,41892,10
12.7845001221,80.2195587158,41892,41902,10
12.7839698792,80.2192382813,41902,41912,10
12.7830295563,80.218711853,41912,41923,11
12.7816400528,80.2179412842,41923,41933,10
12.7802600861,80.2171936035,41933,41943,10
12.7788095474,80.2164230347,41943,41953,10
12.7773103714,80.2157287598,41953,41963,10
12.775759697,80.2151107788,41963,41973,10
12.7742395401,80.2145004272,41973,41983,10
12.7727899551,80.2138977051,41983,41994,11
12.7716197968,80.2134628296,41994,42004,10
12.7704601288,80.2130584717,42004,42014,10
12.768989563,80.2125167847,42014,42024,10
12.7674198151,80.2119369507,42024,42034,10
12.7658195496,80.2113723755,42034,42044,10
12.7641801834,80.2107772827,42044,42054,10
12.7626600266,80.2101974487,42054,42064,10
12.7611999512,80.2095565796,42064,42075,11
12.7595996857,80.208732605,42075,42085,10
12.7580900192,80.207901001,42085,42095,10
12.7565803528,80.207069397,42095,42105,10
12.7550401688,80.2062225342,42105,42115,10
12.7534704208,80.2053833008,42115,42125,10
12.751950264,80.2045974731,42125,42135,10
12.7513399124,80.2042922974,42135,42145,10
12.7510004044,80.2041168213,42145,42156,11
12.7501602173,80.2036819458,42156,42166,10
12.7489995956,80.2030563354,42166,42176,10
12.7476301193,80.2023391724,42176,42186,10
12.7462501526,80.2016296387,42186,42196,10
12.7448501587,80.2008666992,42196,42206,10
12.743689537,80.1997375488,42206,42216,10
12.7426099777,80.1984786987,42216,42226,10
12.7416200638,80.1972122192,42226,42237,11
12.7405900955,80.1957473755,42237,42247,10
12.7396497726,80.194442749,42247,42257,10
12.7387104034,80.1931762695,42257,42267,10
12.7377195358,80.1920318604,42267,42277,10
12.7365903854,80.1909103394,42277,42287,10
12.7354402542,80.1898574829,42287,42297,10
12.7341804504,80.1895065308,42297,42307,10
12.7331695557,80.1894378662,42307,42318,11
12.7321996689,80.189239502,42318,42328,10
12.7313404083,80.1891174316,42328,42338,10
12.7307300568,80.1890792847,42338,42348,10
12.730219841,80.1890029907,42348,42358,10
12.7300395966,80.1889801025,42358,42368,10
12.7297697067,80.188949585,42368,42378,10
12.7289600372,80.1889190674,42378,42388,10
12.7279100418,80.1886520386,42388,42399,11
12.7269296646,80.1883773804,42399,42409,10
12.7260398865,80.1882019043,42409,42419,10
12.7253904343,80.188079834,42419,42429,10
12.7248897552,80.18800354,42429,42439,10
12.7247600555,80.1879730225,42439,42449,10
12.7243299484,80.1878814697,42449,42459,10
12.7237997055,80.1877288818,42459,42469,10
12.72315979,80.1875686646,42469,42480,11
12.7225103378,80.1874237061,42480,42490,10
12.7222700119,80.1876373291,42490,42510,20
12.7222700119,80.1876373291,42510,42520,10
12.7221698761,80.1879196167,42520,42530,10
12.7220096588,80.187789917,42530,42662,132
12.7221403122,80.1875915527,42662,42773,111
12.7221803665,80.1876831055,42773,43128,355
12.7221403122,80.1876068115,43128,44313,1185
12.7221403122,80.1876068115,44313,44323,10
12.7224397659,80.1873626709,44323,44333,10
12.7227497101,80.1874389648,44333,44343,10
12.7232198715,80.1875610352,44343,44354,11
12.7239103317,80.1877365112,44354,44364,10
12.7243995667,80.1878662109,44364,44374,10
12.7247400284,80.1879425049,44374,44384,10
12.7248697281,80.1879806519,44384,44394,10
12.7250404358,80.1880111694,44394,44404,10
12.725399971,80.1880722046,44404,44414,10
12.7256402969,80.1881103516,44414,44424,10
12.7260799408,80.1881866455,44424,44435,11
12.7269296646,80.188369751,44435,44445,10
12.7278404236,80.188621521,44445,44455,10
12.7288999557,80.188911438,44455,44465,10
12.729590416,80.1889572144,44465,44475,10
12.7297201157,80.1889724731,44475,44485,10
12.7302398682,80.1890411377,44485,44495,10
12.7305603027,80.1890792847,44495,44505,10
12.7313699722,80.1891403198,44505,44516,11
12.7326498032,80.1893768311,44516,44526,10
12.7340803146,80.1895065308,44526,44536,10
12.7355804443,80.1898880005,44536,44546,10
12.7364597321,80.1907119751,44546,44556,10
12.7371301651,80.191368103,44556,44566,10
12.737859726,80.1920623779,44566,44576,10
12.7387304306,80.1930389404,44576,44586,10
12.7396402359,80.1943206787,44586,44597,11
12.7406997681,80.1958007813,44597,44607,10
12.7416496277,80.1971206665,44607,44617,10
12.7420196533,80.1976089478,44617,44627,10
12.7422103882,80.1978378296,44627,44637,10
12.7427597046,80.1985092163,44637,44647,10
12.7435598373,80.1994400024,44647,44657,10
12.7445297241,80.2005233765,44657,44667,10
12.7458295822,80.2013778687,44667,44678,11
12.7474002838,80.2021865845,44678,44688,10
12.7488698959,80.2029571533,44688,44698,10
12.7503404617,80.2036895752,44698,44708,10
12.7513198853,80.2041625977,44708,44718,10
12.7513904572,80.2042007446,44718,44728,10
12.7519302368,80.2044906616,44728,44738,10
12.7527999878,80.2049407959,44738,44748,10
12.7538795471,80.2055206299,44748,44759,11
12.755279541,80.2062911987,44759,44769,10
12.7566204071,80.20703125,44769,44779,10
12.7579603195,80.2077713013,44779,44789,10
12.7593402863,80.2085266113,44789,44799,10
12.7606801987,80.2092819214,44799,44809,10
12.7621202469,80.2099609375,44809,44819,10
12.7636098862,80.2105407715,44819,44830,11
12.7652997971,80.2111587524,44830,44840,10
12.7668600082,80.2117385864,44840,44850,10
12.7684803009,80.2123184204,44850,44860,10
12.7700395584,80.212890625,44860,44870,10
12.771030426,80.2132110596,44870,44880,10
12.7719697952,80.2135620117,44880,44890,10
12.7719697952,80.2135620117,44890,44900,10
12.7729501724,80.2139205933,44900,44911,11
12.7742996216,80.2144622803,44911,44921,10
12.7756795883,80.2150192261,44921,44931,10
12.7770795822,80.2155990601,44931,44941,10
12.7784795761,80.2162094116,44941,44951,10
12.7798299789,80.2169189453,44951,44961,10
12.7809400558,80.2175292969,44961,44971,10
12.7823495865,80.2182998657,44971,44981,10
12.7835702896,80.2189712524,44981,44992,11
12.7846698761,80.2195968628,44992,45002,10
12.7854204178,80.2199783325,45002,45012,10
12.7858600616,80.2201766968,45012,45022,10
12.7860498428,80.2202835083,45022,45032,10
12.7861995697,80.2203369141,45032,45042,10
12.78647995,80.2204666138,45042,45083,41
12.78647995,80.2204666138,45083,45093,10
12.7867898941,80.2205963135,45093,45103,10
12.7871999741,80.220741272,45103,45113,10
12.7878398895,80.2209625244,45113,45123,10
12.7886400223,80.2212371826,45123,45133,10
12.7893199921,80.221496582,45133,45143,10
12.7897396088,80.2216720581,45143,45154,11
12.7906503677,80.2219161987,45154,45164,10
12.7917499542,80.2221908569,45164,45174,10
12.7930002213,80.2224273682,45174,45184,10
12.7941398621,80.2226028442,45184,45194,10
12.79529953,80.2228012085,45194,45204,10
12.7963600159,80.2229614258,45204,45214,10
12.7964401245,80.2229766846,45214,45224,10
12.7965602875,80.2229995728,45224,45235,11
12.7971801758,80.2231292725,45235,45245,10
12.7980699539,80.2232666016,45245,45255,10
12.799200058,80.2233276367,45255,45265,10
12.8005104065,80.2234573364,45265,45275,10
12.8015804291,80.2235717773,45275,45285,10
12.8026800156,80.2237167358,45285,45295,10
12.8038396835,80.2238388062,45295,45306,11
12.8050603867,80.2239990234,45306,45316,10
12.8055400848,80.2241363525,45316,45326,10
12.8056697845,80.2242202759,45326,45336,10
12.8061800003,80.2246398926,45336,45346,10
12.8068399429,80.2252120972,45346,45356,10
12.8075199127,80.2257919312,45356,45366,10
12.8084402084,80.2266082764,45366,45376,10
12.8095397949,80.227432251,45376,45387,11
12.8109903336,80.2280578613,45387,45397,10
12.812379837,80.2285614014,45397,45407,10
12.8135204315,80.2289581299,45407,45417,10
12.8146400452,80.2292327881,45417,45427,10
12.815870285,80.2293777466,45427,45437,10
12.8172397614,80.2296981812,45437,45447,10
12.8184499741,80.2302627563,45447,45457,10
12.8196001053,80.2304382324,45457,45468,11
12.8198003769,80.2304382324,45468,45478,10
12.820309639,80.2304229736,45478,45488,10
12.821269989,80.2304382324,45488,45498,10
12.8225002289,80.2307128906,45498,45508,10
12.8238801956,80.2311019897,45508,45518,10
12.8252801895,80.2313537598,45518,45528,10
12.8268098831,80.2312469482,45528,45538,10
12.8279695511,80.23072052,45538,45549,11
12.8292503357,80.2300567627,45549,45559,10
12.8305597305,80.2295303345,45559,45569,10
12.8310804367,80.2293167114,45569,45579,10
12.8311796188,80.229309082,45579,45589,10
12.8313703537,80.2292633057,45589,45599,10
12.8315401077,80.2292022705,45599,45609,10
12.8317604065,80.2291412354,45609,45619,10
12.8324604034,80.2289962769,45619,45630,11
12.833609581,80.2287902832,45630,45640,10
12.8349199295,80.2285614014,45640,45650,10
12.8363199234,80.2283477783,45650,45660,10
12.8376998901,80.2281265259,45660,45670,10
12.8390398026,80.2278366089,45670,45721,51
12.8394203186,80.2277374268,45721,45741,20
12.8394203186,80.2277374268,45741,45751,10
12.839630127,80.2276611328,45751,45761,10
12.8401899338,80.2274703979,45761,45771,10
12.8411102295,80.2272415161,45771,45782,11
12.842499733,80.2269363403,45782,45792,10
12.843870163,80.2266998291,45792,45802,10
12.8454399109,80.2265472412,45802,45822,20
12.8454399109,80.2265472412,45822,45832,10
12.8456401825,80.2265625,45832,45842,10
12.8458595276,80.2265625,45842,45852,10
12.846280098,80.2265701294,45852,45863,11
12.8472204208,80.2265625,45863,45873,10
12.848279953,80.2265625,45873,45883,10
12.8494300842,80.2265625,45883,45893,10
12.8507404327,80.2265625,45893,45903,10
12.8521795273,80.2266235352,45903,45913,10
12.8536996841,80.226600647,45913,45923,10
12.8551702499,80.2264404297,45923,45933,10
12.8566598892,80.2262802124,45933,45944,11
12.8583202362,80.2261886597,45944,45954,10
12.8598403931,80.2263793945,45954,45964,10
12.8608102798,80.2264862061,45964,45974,10
12.8609399796,80.2265014648,45974,45984,10
12.8615503311,80.2265167236,45984,45994,10
12.8625802994,80.2264709473,45994,46004,10
12.8637800217,80.2264633179,46004,46014,10
12.8648996353,80.2265167236,46014,46025,11
12.8660402298,80.2265319824,46025,46035,10
12.8672800064,80.2264328003,46035,46045,10
12.868639946,80.2263565063,46045,46055,10
12.8699903488,80.2265090942,46055,46065,10
12.8713197708,80.2266235352,46065,46075,10
12.8724803925,80.2266235352,46075,46085,10
12.8727798462,80.2266387939,46085,46095,10
12.8728399277,80.2266464233,46095,46106,11
12.8734798431,80.2266693115,46106,46116,10
12.8744401932,80.2267608643,46116,46126,10
12.8756198883,80.2269134521,46126,46136,10
12.8764295578,80.2268981934,46136,46156,20
12.8764295578,80.2268981934,46156,46166,10
12.8766202927,80.2268981934,46166,46176,10
12.8767795563,80.226890564,46176,46187,11
12.8773202896,80.2268371582,46187,46197,10
12.8782300949,80.2267837524,46197,46207,10
12.8794403076,80.2267074585,46207,46217,10
12.8808403015,80.2266998291,46217,46227,10
12.882399559,80.2266769409,46227,46237,10
12.8839597702,80.2266464233,46237,46247,10
12.8851604462,80.2266464233,46247,46258,11
12.885219574,80.2266464233,46258,46268,10
12.8855495453,80.2267227173,46268,46278,10
12.8863096237,80.2269210815,46278,46288,10
12.8873701096,80.2271575928,46288,46298,10
12.8887195587,80.2273025513,46298,46308,10
12.890250206,80.2273101807,46308,46318,10
12.8917398453,80.2273025513,46318,46328,10
12.8929796219,80.2274017334,46328,46339,11
12.8943996429,80.2275695801,46339,46349,10
12.8956203461,80.2276229858,46349,46359,10
12.8970603943,80.2276916504,46359,46369,10
12.8983898163,80.2277603149,46369,46379,10
12.8994598389,80.2277984619,46379,46389,10
12.9001398087,80.2278213501,46389,46399,10
12.9006299973,80.2278518677,46399,46409,10
12.9010095596,80.2278823853,46409,46420,11
12.9012804031,80.2279281616,46420,46430,10
12.9016199112,80.2279586792,46430,46440,10
12.9023103714,80.2279815674,46440,46480,40
12.9023103714,80.2279815674,46480,46490,10
12.9027996063,80.2280273438,46490,46501,11
12.9035396576,80.2280578613,46501,46511,10
12.9044399261,80.2281112671,46511,46521,10
12.9057798386,80.2281799316,46521,46571,50
12.9057798386,80.2281799316,46571,46582,11
12.9060096741,80.2281799316,46582,46592,10
12.9064502716,80.2282028198,46592,46602,10
12.9066400528,80.2282028198,46602,46612,10
12.9071302414,80.2282791138,46612,46622,10
12.9080295563,80.2284164429,46622,46632,10
12.9092702866,80.2286224365,46632,46642,10
12.9106903076,80.2288513184,46642,46652,10
12.912229538,80.229057312,46652,46663,11
12.9132699966,80.2292175293,46663,46673,10
12.9135198593,80.2292480469,46673,46683,10
12.9140100479,80.2293014526,46683,46693,10
12.9141798019,80.2293395996,46693,46703,10
12.9147396088,80.2294082642,46703,46713,10
12.9156398773,80.2295608521,46713,46723,10
12.9167203903,80.2297134399,46723,46734,11
12.9181995392,80.2299118042,46734,46744,10
12.919719696,80.2301101685,46744,46754,10
12.9213399887,80.2303009033,46754,46764,10
12.9229001999,80.2305221558,46764,46774,10
12.9244003296,80.23072052,46774,46784,10
12.9256601334,80.2308883667,46784,46794,10
12.9260501862,80.2309188843,46794,46804,10
12.9265403748,80.231010437,46804,46815,11
12.9274997711,80.2311325073,46815,46825,10
12.9286403656,80.2312393188,46825,46835,10
12.9298801422,80.2315216064,46835,46845,10
12.9312601089,80.2319030762,46845,46855,10
12.9326400757,80.2323532104,46855,46865,10
12.9335803986,80.2327194214,46865,46875,10
12.933719635,80.2328109741,46875,46885,10
12.9338302612,80.2328567505,46885,46896,11
12.9344100952,80.2331085205,46896,46906,10
12.9351997375,80.2334671021,46906,46916,10
12.935839653,80.2338027954,46916,46926,10
12.936630249,80.234161377,46926,46936,10
12.9377098083,80.2346801758,46936,46946,10
12.9387102127,80.235168457,46946,46956,10
12.9397497177,80.2356567383,46956,46965,9
12.9397497177,80.2356796265,46965,46977,12
12.9399995804,80.2358016968,46977,46987,10
12.9406404495,80.236000061,46987,46997,10
12.9416599274,80.2362365723,46997,47007,10
12.9428396225,80.236656189,47007,47017,10
12.9438495636,80.2375717163,47017,47027,10
12.9447603226,80.2385864258,47027,47037,10
12.9457798004,80.2393722534,47037,47047,10
12.9467601776,80.2397613525,47047,47058,11
12.9471597672,80.2399368286,47058,47068,10
12.9472103119,80.2399597168,47068,47078,10
12.9476900101,80.2401733398,47078,47088,10
12.9483604431,80.2404403687,47088,47098,10
12.9484395981,80.2404632568,47098,47108,10
12.9484996796,80.2405014038,47108,47118,10
12.948800087,80.2406234741,47118,47128,10
12.9492902756,80.2408218384,47128,47139,11
12.9501199722,80.2410736084,47139,47149,10
12.9507703781,80.2412872314,47149,47159,10
12.9509401321,80.2413787842,47159,47169,10
12.9514503479,80.2415466309,47169,47179,10
12.9521102905,80.2417602539,47179,47189,10
12.952870369,80.2420425415,47189,47199,10
12.9535198212,80.2423019409,47199,47209,10
12.9542503357,80.2425994873,47209,47220,11
12.9550800323,80.2429199219,47220,47230,10
12.9563102722,80.2433624268,47230,47250,20
12.9563102722,80.2433624268,47250,47260,10
12.9568500519,80.243598938,47260,47270,10
12.9576597214,80.2439193726,47270,47280,10
12.9584598541,80.2442703247,47280,47291,11
12.9588899612,80.244468689,47291,47301,10
12.9593400955,80.244720459,47301,47311,10
12.9601202011,80.2450637817,47311,47321,10
12.961139679,80.2455215454,47321,47331,10
12.9621801376,80.2460174561,47331,47341,10
12.9629297256,80.2463912964,47341,47351,10
12.9630498886,80.2464599609,47351,47361,10
12.963259697,80.24659729,47361,47372,11
12.9636802673,80.2468032837,47372,47382,10
12.9642801285,80.2470321655,47382,47392,10
12.9651699066,80.2473373413,47392,47402,10
12.9660797119,80.2476806641,47402,47412,10
12.9668197632,80.2480010986,47412,47432,20
12.9668197632,80.2480010986,47432,47442,10
12.9671697617,80.2481536865,47442,47453,11
12.9680404663,80.2485198975,47453,47463,10
12.9690599442,80.2489471436,47463,47473,10
12.9701795578,80.2493896484,47473,47483,10
12.9713497162,80.2497711182,47483,47493,10
12.9724702835,80.2500534058,47493,47503,10
12.9735603333,80.2503662109,47503,47513,10
12.9747200012,80.2506866455,47513,47523,10
12.9758796692,80.2509994507,47523,47534,11
12.9771203995,80.2513809204,47534,47544,10
12.9780302048,80.2520294189,47544,47554,10
12.9786195755,80.2524108887,47554,47564,10
12.9787597656,80.2524795532,47564,47574,10
12.9791498184,80.2525787354,47574,47584,10
12.9794597626,80.2526092529,47584,47594,10
12.9802799225,80.2526626587,47594,47604,10
12.9813804626,80.2526168823,47604,47615,11
12.9828100204,80.2525634766,47615,47625,10
12.9838104248,80.2523574829,47625,47665,40
12.9838104248,80.2523574829,47665,47675,10
12.9840803146,80.2522964478,47675,47685,10
12.9846401215,80.2521362305,47685,47696,11
12.9856395721,80.2518386841,47696,47797,101
12.9858398438,80.2517776489,47797,47827,30
12.9858398438,80.2517776489,47827,47837,10
12.9860401154,80.2517318726,47837,47848,11
12.9862604141,80.2516937256,47848,47858,10
12.9866399765,80.2516098022,47858,47868,10
12.9870996475,80.2514801025,47868,47878,10
12.9876298904,80.2513275146,47878,47888,10
12.9883003235,80.2511901855,47888,47898,10
12.9891395569,80.2509689331,47898,47908,10
12.9894304276,80.2509002686,47908,47918,10
12.9896497726,80.250869751,47918,47929,11
12.9904003143,80.2507095337,47929,47939,10
12.9913702011,80.2504577637,47939,47949,10
12.9925203323,80.2501525879,47949,47959,10
12.9936800003,80.2498321533,47959,47969,10
12.9947500229,80.2495193481,47969,47979,10
12.9959602356,80.2492980957,47979,47989,10
12.9969797134,80.2490692139,47989,47999,10
12.9983100891,80.2487411499,47999,48010,11
12.9996004105,80.248336792,48010,48020,10
13.0009498596,80.248008728,48020,48030,10
13.0017499924,80.247833252,48030,48040,10
13.0021295547,80.2477264404,48040,48050,10
13.0027599335,80.2475814819,48050,48060,10
13.003660202,80.2474212646,48060,48070,10
13.0048398972,80.2472991943,48070,48080,10
13.0059995651,80.2470169067,48080,48091,11
13.006480217,80.2464981079,48091,48101,10
13.006529808,80.2463989258,48101,48111,10
13.0066204071,80.2459030151,48111,48121,10
13.0066404343,80.2450408936,48121,48131,10
13.0066099167,80.244102478,48131,48141,10
13.0065898895,80.2431716919,48141,48151,10
13.0065603256,80.2420196533,48151,48161,10
13.0065803528,80.2410430908,48161,48172,11
13.0066099167,80.2408599854,48172,48182,10
13.0066699982,80.2405166626,48182,48192,10
13.0067596436,80.2400512695,48192,48202,10
13.0069303513,80.2393569946,48202,48212,10
13.0070896149,80.2383728027,48212,48222,10
13.0073900223,80.236907959,48222,48242,20
13.0073900223,80.236907959,48242,48253,11
13.0074901581,80.236541748,48253,48263,10
13.0076303482,80.2359085083,48263,48273,10
13.007809639,80.2351226807,48273,48283,10
13.008020401,80.2342300415,48283,48293,10
13.0081996918,80.2332305908,48293,48303,10
13.0084199905,80.2320175171,48303,48313,10
13.0086402893,80.2307662964,48313,48324,11
13.0089101791,80.2292175293,48324,48334,10
13.0092000961,80.2278823853,48334,48344,10
13.0097703934,80.2265701294,48344,48354,10
13.0103797913,80.2254104614,48354,48364,10
13.0111398697,80.224067688,48364,48384,20
13.0111398697,80.224067688,48384,48394,10
13.0111198425,80.2237701416,48394,48405,11
13.0113601685,80.2231521606,48405,48415,10
13.0117197037,80.2223815918,48415,48425,10
13.0120897293,80.2215576172,48425,48435,10
13.0124197006,80.2217025757,48435,48445,10
13.0129699707,80.2223510742,48445,48455,10
13.0135297775,80.2230224609,48455,48465,10
13.0141201019,80.2237091064,48465,48475,10
13.014749527,80.2243728638,48475,48486,11
13.0155696869,80.2250976563,48486,48506,20
13.0155696869,80.2250976563,48506,48516,10
13.0159101486,80.2253570557,48516,48526,10
13.0167102814,80.2252197266,48526,48536,10
13.0177001953,80.224822998,48536,48546,10
13.0186395645,80.2244491577,48546,48556,10
13.0195598602,80.2244415283,48556,48567,11
13.0203199387,80.2248916626,48567,48577,10
13.0207595825,80.2252578735,48577,48587,10
13.0212802887,80.2256698608,48587,48597,10
13.0218000412,80.2260665894,48597,48607,10
13.0223503113,80.2265319824,48607,48637,30
13.0223503113,80.2265319824,48637,48648,11
13.0224895477,80.2267227173,48648,48658,10
13.0229701996,80.2270965576,48658,48668,10
13.0236597061,80.2276763916,48668,48678,10
13.024189949,80.2282028198,48678,48688,10
13.0244503021,80.2286224365,48688,48698,10
13.0248298645,80.2291793823,48698,48708,10
13.025270462,80.2297515869,48708,48718,10
13.0257396698,80.2304916382,48718,48729,11
13.0259504318,80.2310791016,48729,48749,20
13.0259504318,80.2310791016,48749,48759,10
13.0260000229,80.2314376831,48759,48769,10
13.0261602402,80.2320175171,48769,48779,10
13.0264797211,80.2328109741,48779,48789,10
13.0268697739,80.2335205078,48789,48800,11
13.0274400711,80.2344818115,48800,48810,10
13.0279502869,80.2353668213,48810,48820,10
13.0285997391,80.2361526489,48820,48830,10
13.0295495987,80.2372436523,48830,48850,20
13.0295495987,80.2372436523,48850,48860,10
13.0296697617,80.2374725342,48860,48870,10
13.0300197601,80.2380371094,48870,48881,11
13.0305500031,80.2388916016,48881,48891,10
13.0310602188,80.2397537231,48891,48901,10
13.0313796997,80.2404403687,48901,48911,10
13.0313796997,80.2407073975,48911,48921,10
13.031419754,80.2408218384,48921,48931,10
13.0314798355,80.2409210205,48931,48941,10
13.0317001343,80.2413635254,48941,48951,10
13.0320100784,80.2420272827,48951,48962,11
13.0323095322,80.2423629761,48962,48972,10
13.0325698853,80.2427062988,48972,48982,10
13.0329399109,80.2432327271,48982,48992,10
13.0333404541,80.2437973022,48992,49002,10
13.0338001251,80.2444381714,49002,49012,10
13.0340900421,80.2449111938,49012,49022,10
13.0344800949,80.2453384399,49022,49032,10
13.0348901749,80.2458114624,49032,49043,11
13.0350704193,80.2459793091,49043,49053,10
13.0356397629,80.2462387085,49053,49083,30
13.0356397629,80.2462387085,49083,49093,10
13.0359401703,80.2463226318,49093,49103,10
13.0365104675,80.246383667,49103,49113,10
13.0370998383,80.2464904785,49113,49124,11
13.0376701355,80.246421814,49124,49134,10
13.0386104584,80.2467498779,49134,49154,20
13.0386104584,80.2467498779,49154,49164,10
13.0389995575,80.2469406128,49164,49174,10
13.039440155,80.2470169067,49174,49184,10
13.0399703979,80.2471084595,49184,49194,10
13.0406799316,80.247253418,49194,49205,11
13.0416202545,80.2473907471,49205,49215,10
13.0420999527,80.2475280762,49215,49225,10
13.0423402786,80.2476806641,49225,49235,10
13.0426998138,80.2479095459,49235,49245,10
13.0431203842,80.2480773926,49245,49255,10
13.0436096191,80.2480163574,49255,49265,10
13.0441503525,80.2479400635,49265,49276,11
13.0448303223,80.2480621338,49276,49286,10
13.0453500748,80.2483062744,49286,49296,10
13.0457496643,80.2484970093,49296,49306,10
13.0469799042,80.2484817505,49306,49336,30
13.0469799042,80.2484817505,49336,49346,10
13.0472898483,80.2487411499,49346,49357,11
13.0477895737,80.2490463257,49357,49367,10
13.0482196808,80.2495574951,49367,49377,10
13.0488395691,80.2497177124,49377,49387,10
13.0492296219,80.2497711182,49387,49397,10
13.0496702194,80.2498397827,49397,49407,10
13.0505199432,80.2499923706,49407,49417,10
13.0514202118,80.2502212524,49417,49427,10
13.0521001816,80.2507324219,49427,49448,21
13.0521001816,80.2507324219,49448,49458,10
13.0522403717,80.2509384155,49458,49468,10
13.0524597168,80.2512207031,49468,49478,10
13.0525999069,80.251411438,49478,49488,10
13.0527296066,80.2515792847,49488,49498,10
13.0527696609,80.2516479492,49498,49508,10
13.0530796051,80.2520599365,49508,49529,21
13.0530796051,80.2520599365,49529,49539,10
13.0531797409,80.2522201538,49539,49549,10
13.0533704758,80.2524414063,49549,49559,10
13.0535001755,80.2526016235,49559,49569,10
13.0535001755,80.2526168823,49569,49579,10
13.0536603928,80.2528381348,49579,49589,10
13.0538396835,80.2531280518,49589,49600,11
13.0540103912,80.2533493042,49600,49610,10
13.0541496277,80.2535324097,49610,49620,10
13.0541696548,80.2535476685,49620,49630,10
13.0543203354,80.2537536621,49630,49640,10
13.0544300079,80.2538986206,49640,49650,10
13.0545196533,80.2540283203,49650,49660,10
13.0546398163,80.2541885376,49660,49671,11
13.0547800064,80.2543563843,49671,49681,10
13.0550098419,80.2546386719,49681,49691,10
13.0551700592,80.2548370361,49691,49701,10
13.0553598404,80.2550964355,49701,49711,10
13.0556001663,80.2554397583,49711,49721,10
13.0559196472,80.2558288574,49721,49731,10
13.0560598373,80.2560195923,49731,49741,10
13.0563001633,80.2563171387,49741,49751,10
13.0565900803,80.256729126,49751,49762,11
13.0571298599,80.2571868896,49762,49772,10
13.0576601028,80.2576828003,49772,49782,10
13.0580301285,80.2580566406,49782,49792,10
13.0582895279,80.258392334,49792,49802,10
13.0585803986,80.2587280273,49802,49812,10
13.0589895248,80.2592468262,49812,49821,9
13.0593996048,80.2599411011,49821,49833,12
13.060090065,80.260559082,49833,49843,10
13.0606803894,80.2612686157,49843,49863,20
13.0606803894,80.2612686157,49863,49873,10
13.0607404709,80.2615966797,49873,49883,10
13.0612096786,80.2620697021,49883,49893,10
13.0616502762,80.262512207,49893,49903,10
13.0617799759,80.2626876831,49903,49914,11
13.0621595383,80.2631835938,49914,49924,10
13.0626802444,80.2638092041,49924,49934,10
13.0636301041,80.2650680542,49934,49944,10
13.0636301041,80.2650680542,49944,49954,10
13.0638904572,80.2654266357,49954,49964,10
13.0641803741,80.2658462524,49964,49974,10
13.064620018,80.2663421631,49974,49984,10
13.0650396347,80.2668380737,49984,49995,11
13.0656204224,80.2673187256,49995,50005,10
13.065779686,80.2675476074,50005,50015,10
13.0657997131,80.2676925659,50015,50025,10
13.0663204193,80.2682571411,50025,50045,20
13.0663204193,80.2682571411,50045,50055,10
13.0664396286,80.2683334351,50055,50065,10
13.0668001175,80.2685470581,50065,50076,11
13.0672302246,80.2688598633,50076,50086,10
13.0678596497,80.2692337036,50086,50096,10
13.0682001114,80.2695922852,50096,50106,10
13.0681600571,80.2702713013,50106,50116,10
13.0680999756,80.2707519531,50116,50126,10
13.0680799484,80.2712402344,50126,50136,10
13.0682201385,80.2714233398,50136,50147,11
13.0683202744,80.2715911865,50147,50157,10
13.0685396194,80.2718505859,50157,50167,10
13.0687398911,80.2719497681,50167,50177,10
13.0690002441,80.2721328735,50177,50187,10
13.0694103241,80.2725372314,50187,50197,10
13.0698003769,80.2729873657,50197,50207,10
13.0701904297,80.2734069824,50207,50217,10
13.070980072,80.2741317749,50217,50238,21
13.070980072,80.2741317749,50238,50248,10
13.0712995529,80.2741622925,50248,50288,40
13.0712995529,80.2741622925,50288,50298,10
13.0717000961,80.2743377686,50298,50309,11
13.0721702576,80.2747421265,50309,50319,10
13.0726900101,80.2753372192,50319,50329,10
13.0733203888,80.2759933472,50329,50339,10
13.0741195679,80.2763214111,50339,50349,10
13.0749397278,80.2762908936,50349,50359,10
13.075630188,80.2762680054,50359,50369,10
13.0760498047,80.275970459,50369,50562,193
13.0760498047,80.275970459,50562,50572,10
13.0760402679,80.2758865356,50572,50582,10
13.075920105,80.2761001587,50582,50592,10
13.0761003494,80.2762680054,50592,50602,10
13.0767097473,80.276260376,50602,50612,10
13.0775995255,80.2761917114,50612,50623,11
13.0782403946,80.2756195068,50623,50633,10
13.0788402557,80.2751235962,50633,50643,10
13.0796699524,80.2752685547,50643,50653,10
13.080619812,80.2751998901,50653,50673,20
13.080619812,80.2751998901,50673,50683,10
13.0808401108,80.2751922607,50683,50693,10
13.0810604095,80.2751693726,50693,50704,11
13.0813503265,80.275138855,50704,50714,10
13.0817203522,80.2751693726,50714,50724,10
13.081990242,80.2753219604,50724,50734,10
13.0820703506,80.2757263184,50734,51818,1084
13.0820703506,80.2757263184,51818,51828,10
13.081990242,80.2759475708,51828,51838,10
13.0818595886,80.2761230469,51838,51848,10
13.081870079,80.2766189575,51848,51858,10
13.0819101334,80.2774810791,51858,51868,10
13.0820302963,80.2780532837,51868,51879,11
13.0825996399,80.2780838013,51879,51889,10
13.0830402374,80.2781219482,51889,51899,10
13.0833301544,80.2782363892,51899,51909,10
13.0835599899,80.2787017822,51909,51919,10
13.0831899643,80.2788314819,51919,51929,10
13.0827598572,80.2786636353,51929,51939,10
13.0823602676,80.2785186768,51939,51949,10
13.0819396973,80.2782821655,51949,51960,11
13.0818796158,80.2778167725,51960,51970,10
13.0818395615,80.2774200439,51970,51980,10
13.0817699432,80.2769088745,51980,51990,10
13.0817403793,80.2766036987,51990,52000,10
13.081700325,80.2763977051,52000,52010,10
13.081700325,80.2763671875,52010,52020,10
13.0816402435,80.2760925293,52020,52030,10
13.081609726,80.2759399414,52030,52041,11
13.0815696716,80.2757415771,52041,52051,10
13.0815696716,80.2755813599,52051,52071,20
13.0815696716,80.2755813599,52071,52081,10
13.081489563,80.2752838135,52081,52091,10
13.0810699463,80.2752075195,52091,52101,10
13.0803899765,80.2752990723,52101,52111,10
13.0795602798,80.2753295898,52111,52122,11
13.0785398483,80.2752685547,52122,52132,10
13.0780296326,80.2761611938,52132,52142,10
13.0769796371,80.2762832642,52142,52152,10
13.0759801865,80.2763519287,52152,52162,10
13.0753898621,80.2763519287,52162,52172,10
13.0750598907,80.2763824463,52172,52182,10
13.0745897293,80.2763824463,52182,52193,11
13.0741901398,80.2763824463,52193,52203,10
13.0741195679,80.2763519287,52203,52213,10
13.0737495422,80.2764205933,52213,52223,10
13.073220253,80.2761077881,52223,52233,10
13.072719574,80.2755432129,52233,52243,10
13.072019577,80.2747879028,52243,52284,41
13.072019577,80.2747879028,52284,52294,10
13.071969986,80.2747192383,52294,52304,10
13.0716199875,80.2745285034,52304,52314,10
13.0708398819,80.2743301392,52314,52334,20
13.0708398819,80.2743301392,52334,52344,10
13.0707302094,80.274230957,52344,52355,11
13.070599556,80.2740325928,52355,52365,10
13.0703201294,80.2734375,52365,52375,10
13.0697402954,80.2727432251,52375,52385,10
13.0690498352,80.2720336914,52385,52405,20
13.0690498352,80.2720336914,52405,52415,10
13.0690402985,80.2720184326,52415,52425,10
13.0686798096,80.2718963623,52425,52436,11
13.0682601929,80.2716064453,52436,52446,10
13.0679597855,80.2711486816,52446,52456,10
13.0677499771,80.2707595825,52456,52466,10
13.0672397614,80.2703094482,52466,52476,10
13.066619873,80.26953125,52476,52486,10
13.0664901733,80.2691574097,52486,52496,10
13.0664100647,80.2685012817,52496,52506,10
13.0661001205,80.2680664063,52506,52517,11
13.0656995773,80.2676391602,52517,52527,10
13.0654001236,80.267578125,52527,52537,10
13.0653600693,80.267578125,52537,52547,10
13.0652103424,80.2675933838,52547,52557,10
13.0648097992,80.2675018311,52557,52567,10
13.0642795563,80.2673873901,52567,52577,10
13.0637702942,80.2673034668,52577,52587,10
13.0631799698,80.2671890259,52587,52598,11
13.0627002716,80.2670669556,52598,52608,10
13.0623397827,80.2666473389,52608,52618,10
13.0619497299,80.266166687,52618,52628,10
13.0615196228,80.2656173706,52628,52638,10
13.0610799789,80.2651367188,52638,52648,10
13.0606603622,80.2652435303,52648,52658,10
13.0606298447,80.2652587891,52658,52668,10
13.0604200363,80.2653808594,52668,52679,11
13.0597801208,80.2655563354,52679,52689,10
13.0590801239,80.2654571533,52689,52699,10
13.0586795807,80.2653579712,52699,52709,10
13.0585603714,80.2653198242,52709,52719,10
13.0582199097,80.2651901245,52719,52729,10
13.0580301285,80.2646408081,52729,52739,10
13.0579795837,80.2641067505,52739,52750,11
13.0579004288,80.263458252,52750,52760,10
13.0578403473,80.2627716064,52760,52770,10
13.0577402115,80.2623214722,52770,52780,10
13.0576696396,80.2619934082,52780,52790,10
13.057559967,80.2614212036,52790,52800,10
13.0573997498,80.260848999,52800,52810,10
13.0571699142,80.260017395,52810,52820,10
13.0569601059,80.259262085,52820,52831,11
13.0567798615,80.2587585449,52831,52841,10
13.0566797256,80.2583236694,52841,52851,10
13.0566396713,80.2580566406,52851,52861,10
13.0565700531,80.2576370239,52861,52871,10
13.0564498901,80.2572174072,52871,52881,10
13.0564403534,80.2572021484,52881,52891,10
13.0563602448,80.256980896,52891,52901,10
13.0562896729,80.2565612793,52901,52912,11
13.0559597015,80.2559661865,52912,52922,10
13.0554504395,80.2552337646,52922,52932,10
13.0549402237,80.2544937134,52932,52942,10
13.0544395447,80.2538299561,52942,52952,10
13.0539798737,80.2531890869,52952,52962,10
13.0535402298,80.2525634766,52962,52972,10
13.0530195236,80.2518920898,52972,52982,10
13.0525503159,80.2512435913,52982,52993,11
13.0519695282,80.250541687,52993,53003,10
13.0512504578,80.2500991821,53003,53013,10
13.0502195358,80.2498397827,53013,53023,10
13.049249649,80.249710083,53023,53033,10
13.0486001968,80.2496109009,53033,53043,10
13.0481100082,80.2493515015,53043,53053,10
13.047539711,80.2488174438,53053,53063,10
13.0469903946,80.2485198975,53063,53074,11
13.0468702316,80.2484970093,53074,53084,10
13.0466804504,80.2484436035,53084,53094,10
13.046500206,80.2484130859,53094,53104,10
13.0458202362,80.248298645,53104,53114,10
13.0452604294,80.2481536865,53114,53124,10
13.0451402664,80.2481002808,53124,53134,10
13.0447797775,80.2480010986,53134,53144,10
13.0445995331,80.2479705811,53144,53155,11
13.044549942,80.2479400635,53155,53165,10
13.0441398621,80.2478637695,53165,53175,10
13.0438299179,80.2478027344,53175,53185,10
13.0434799194,80.2477493286,53185,53195,10
13.0431003571,80.2477722168,53195,53205,10
13.042719841,80.2477035522,53205,53215,10
13.042140007,80.2475204468,53215,53226,11
13.0412797928,80.2473068237,53226,53236,10
13.0403699875,80.2471618652,53236,53246,10
13.0396499634,80.2470169067,53246,53256,10
13.0390195847,80.2468566895,53256,53266,10
13.0383701324,80.246711731,53266,53276,10
13.0379600525,80.246673584,53276,53286,10
13.0374898911,80.2465820313,53286,53296,10
13.0372400284,80.2465362549,53296,53307,11
13.0367803574,80.2464370728,53307,53317,10
13.0362596512,80.2463226318,53317,53327,10
13.0356903076,80.2461471558,53327,53337,10
13.0354795456,80.2460784912,53337,53347,10
13.0354099274,80.2460479736,53347,53357,10
13.0350704193,80.2459106445,53357,53367,10
13.0347900391,80.24559021,53367,53377,10
13.0345697403,80.2452774048,53377,53388,11
13.034040451,80.2446212769,53388,53398,10
13.0336103439,80.2441101074,53398,53408,10
13.0331296921,80.2435073853,53408,53418,10
13.0329704285,80.2433013916,53418,53428,10
13.0328197479,80.2430877686,53428,53438,10
13.0327501297,80.2429733276,53438,53448,10
13.03262043,80.242767334,53448,53580,132
13.03262043,80.242767334,53580,53590,10
13.0325098038,80.24243927,53590,53600,10
13.032409668,80.2423477173,53600,53610,10
13.0323095322,80.2422409058,53610,53620,10
13.0321598053,80.2420806885,53620,53631,11
13.0320301056,80.241897583,53631,53641,10
13.0318899155,80.2416381836,53641,53762,121
13.0318899155,80.2416381836,53762,53772,10
13.0317497253,80.2414093018,53772,53783,11
13.0315599442,80.2410430908,53783,53793,10
13.0311698914,80.2401199341,53793,53894,101
13.0311698914,80.2401199341,53894,53904,10
13.0311203003,80.2398071289,53904,53914,10
13.03083992,80.2392501831,53914,53924,10
13.0303897858,80.2384567261,53924,53934,10
13.0298595428,80.2375411987,53934,53945,11
13.0292596817,80.2368087769,53945,53955,10
13.0292396545,80.2367935181,53955,53965,10
13.0289201736,80.2364883423,53965,53975,10
13.0283603668,80.2358398438,53975,53985,10
13.0277500153,80.2349777222,53985,53995,10
13.027130127,80.2339324951,53995,54005,10
13.0266599655,80.2331619263,54005,54036,31
13.0266599655,80.2331619263,54036,54046,10
13.0265197754,80.2328720093,54046,54056,10
13.0262403488,80.2322235107,54056,54066,10
13.0260295868,80.2313995361,54066,54076,10
13.0257997513,80.2305603027,54076,54086,10
13.0252103806,80.229637146,54086,54096,10
13.0246801376,80.2289962769,54096,54107,11
13.0246601105,80.2289733887,54107,54117,10
13.0246295929,80.2289505005,54117,54127,10
13.0243196487,80.2285385132,54127,54137,10
13.0233697891,80.2275009155,54137,54157,20
13.0233697891,80.2275009155,54157,54167,10
13.0230302811,80.227142334,54167,54177,10
13.0224599838,80.2265777588,54177,54188,11
13.0218896866,80.2261199951,54188,54198,10
13.0216503143,80.2259368896,54198,54208,10
13.0211896896,80.2255783081,54208,54218,10
13.0204401016,80.2250595093,54218,54228,10
13.0196199417,80.2245178223,54228,54238,10
13.0184497833,80.2245483398,54238,54248,10
13.0172996521,80.2250289917,54248,54258,10
13.0163602829,80.225440979,54258,54269,11
13.0156402588,80.2257003784,54269,54279,10
13.0148801804,80.2259902954,54279,54289,10
13.0143995285,80.2261810303,54289,54299,10
13.0140399933,80.2263565063,54299,54309,10
13.0133399963,80.2266235352,54309,54319,10
13.0123796463,80.2269668579,54319,54329,10
13.011300087,80.2274169922,54329,54340,11
13.0100498199,80.2279281616,54340,54350,10
13.0091295242,80.2284927368,54350,54360,10
13.0089702606,80.2295913696,54360,54370,10
13.0087499619,80.2308273315,54370,54380,10
13.0084695816,80.2320404053,54380,54390,10
13.0082998276,80.2331237793,54390,54400,10
13.0082197189,80.2335205078,54400,54410,10
13.0081501007,80.2336578369,54410,54421,11
13.0080099106,80.2342300415,54421,54431,10
13.007900238,80.2347717285,54431,54441,10
13.0078601837,80.2349624634,54441,54451,10
13.0077600479,80.2355422974,54451,54461,10
13.0075702667,80.2365036011,54461,54471,10
13.0073795319,80.2375335693,54471,54481,10
13.0071897507,80.2385025024,54481,54491,10
13.0070295334,80.2393493652,54491,54502,11
13.006819725,80.2403411865,54502,54512,10
13.006649971,80.2414169312,54512,54522,10
13.006649971,80.2426605225,54522,54532,10
13.0066604614,80.2437515259,54532,54542,10
13.0065498352,80.2446212769,54542,54552,10
13.0066604614,80.2457733154,54552,54562,10
13.0067501068,80.246673584,54562,54572,10
13.0067396164,80.2468566895,54572,54583,11
13.0067596436,80.2470932007,54583,54593,10
13.0067501068,80.2471237183,54593,54603,10
13.0066795349,80.2473220825,54603,54613,10
13.0062503815,80.2474365234,54613,54623,10
13.0060300827,80.2473907471,54623,54633,10
13.0054798126,80.2473373413,54633,54643,10
13.0045499802,80.2473602295,54643,54653,10
13.0033998489,80.2475204468,54653,54664,11
13.0024995804,80.2476730347,54664,54674,10
13.001999855,80.2477874756,54674,54684,10
13.0011301041,80.248008728,54684,54694,10
12.9999799728,80.2483062744,54694,54704,10
12.9986200333,80.2486572266,54704,54714,10
12.9972200394,80.2490005493,54714,54724,10
12.9957399368,80.249382019,54724,54734,10
12.99421978,80.2497787476,54734,54745,11
12.992600441,80.2501907349,54745,54755,10
12.991399765,80.25050354,54755,54765,10
12.9909601212,80.250617981,54765,54775,10
12.9905595779,80.2507171631,54775,54785,10
12.9899196625,80.2509002686,54785,54815,30
12.9899196625,80.2509002686,54815,54826,11
12.9894399643,80.2508926392,54826,54836,10
12.9886398315,80.251083374,54836,54846,10
12.987859726,80.2513122559,54846,54856,10
12.9872598648,80.2515029907,54856,54866,10
12.986869812,80.2516174316,54866,54876,10
12.986579895,80.2517318726,54876,54886,10
12.9860601425,80.2518386841,54886,54897,11
12.9855003357,80.2519836426,54897,54907,10
12.9846096039,80.2522201538,54907,54917,10
12.9835300446,80.2524871826,54917,54927,10
12.9822902679,80.2526397705,54927,54937,10
12.9811201096,80.2526931763,54937,54947,10
12.9805898666,80.2527313232,54947,54988,41
12.9805898666,80.2527313232,54988,54998,10
12.9803600311,80.2528076172,54998,55008,10
12.9801397324,80.2527694702,55008,55018,10
12.9800395966,80.2527313232,55018,55028,10
12.9796800613,80.2526779175,55028,55038,10
12.9790802002,80.2526016235,55038,55048,10
12.9786996841,80.2525482178,55048,55059,11
12.9783401489,80.2523727417,55059,55069,10
12.9777297974,80.2518615723,55069,55079,10
12.9768104553,80.2512969971,55079,55089,10
12.9756097794,80.2509536743,55089,55099,10
12.9743900299,80.2506027222,55099,55109,10
12.9730901718,80.2502288818,55109,55119,10
12.9717903137,80.2498779297,55119,55129,10
12.9704198837,80.2494888306,55129,55140,11
12.9690504074,80.2489624023,55140,55150,10
12.9678096771,80.2484970093,55150,55160,10
12.9666204453,80.2479629517,55160,55170,10
12.9654798508,80.247467041,55170,55180,10
12.965180397,80.2473602295,55180,55190,10
12.9650497437,80.2473068237,55190,55200,10
12.9648704529,80.2472305298,55200,55210,10
12.9641399384,80.2469482422,55210,55231,21
12.9641399384,80.2469482422,55231,55241,10
12.9639396667,80.2468795776,55241,55251,10
12.9635400772,80.2467193604,55251,55261,10
12.9628896713,80.2463607788,55261,55271,10
12.9621496201,80.2460021973,55271,55281,10
12.9607400894,80.2453384399,55281,55291,10
12.9597301483,80.2449111938,55291,55302,11
12.9593095779,80.2447280884,55302,55312,10
12.9592695236,80.2447128296,55312,55322,10
12.9587802887,80.244468689,55322,55332,10
12.958029747,80.244140625,55332,55342,10
12.9574804306,80.2439117432,55342,55352,10
12.9568395615,80.2437667847,55352,55362,10
12.9563798904,80.2436523438,55362,55393,31
12.9563798904,80.2436523438,55393,55403,10
12.9561595917,80.243598938,55403,55413,10
12.9555301666,80.2432098389,55413,55423,10
12.9545497894,80.2427368164,55423,55433,10
12.9535398483,80.2423171997,55433,55443,10
12.9524497986,80.2418823242,55443,55454,11
12.9516000748,80.2416229248,55454,55464,10
12.9515895844,80.2416000366,55464,55474,10
12.9510803223,80.2413711548,55474,55484,10
12.950220108,80.2410964966,55484,55494,10
12.9494600296,80.240852356,55494,55504,10
12.9488897324,80.2406692505,55504,55514,10
12.9481496811,80.2403717041,55514,55524,10
12.9476003647,80.2401504517,55524,55535,11
12.9472198486,80.2400131226,55535,55545,10
12.9469900131,80.2399215698,55545,55555,10
12.9465503693,80.2397384644,55555,55565,10
12.9457998276,80.2394104004,55565,55575,10
12.9451599121,80.2390213013,55575,55585,10
12.9445295334,80.2384109497,55585,55595,10
12.9438800812,80.2376785278,55595,55605,10
12.9432401657,80.2369995117,55605,55616,11
12.9422998428,80.2364196777,55616,55626,10
12.9414796829,80.2361984253,55626,55636,10
12.9406795502,80.2359924316,55636,55646,10
12.9397497177,80.2356872559,55646,55656,10
12.9387197495,80.2351989746,55656,55666,10
12.9377403259,80.2347183228,55666,55676,10
12.9363203049,80.2340621948,55676,55686,10
12.9355802536,80.2337265015,55686,55697,11
12.9344797134,80.2332077026,55697,55707,10
12.9337596893,80.2328872681,55707,55717,10
12.9337100983,80.2328720093,55717,55727,10
12.9331703186,80.2326202393,55727,55737,10
12.932220459,80.2322463989,55737,55747,10
12.9309797287,80.2318496704,55747,55757,10
12.9295301437,80.2314300537,55757,55767,10
12.9279899597,80.2311630249,55767,55778,11
12.9264202118,80.231010437,55778,55788,10
12.9260597229,80.23097229,55788,55798,10
12.9256696701,80.2309036255,55798,55808,10
12.9248304367,80.2307815552,55808,55818,10
12.9236898422,80.2306594849,55818,55828,10
12.9222698212,80.2304611206,55828,55838,10
12.9207201004,80.2302398682,55838,55848,10
12.9191303253,80.2300415039,55848,55859,11
12.9175796509,80.2298126221,55859,55869,10
12.91685009,80.2297134399,55869,55879,10
12.9160804749,80.2296066284,55879,55889,10
12.9149599075,80.2294464111,55889,55899,10
12.9137802124,80.2292785645,55899,55909,10
12.9131498337,80.2292327881,55909,55919,10
12.9127197266,80.2291488647,55919,55929,10
12.911860466,80.2290115356,55929,55940,11
12.9105901718,80.2288208008,55940,55950,10
12.9091396332,80.2285995483,55950,55960,10
12.9077796936,80.2284011841,55960,55970,10
12.9067497253,80.2282867432,55970,56000,30
12.9067497253,80.2282867432,56000,56010,10
12.9064102173,80.2282562256,56010,56021,11
12.9055700302,80.2282028198,56021,56031,10
12.9044704437,80.2281188965,56031,56041,10
12.9032297134,80.2280502319,56041,56051,10
12.9019699097,80.2279891968,56051,56061,10
12.90102005,80.2279586792,56061,56102,41
12.90102005,80.2279586792,56102,56112,10
12.900850296,80.2279205322,56112,56122,10
12.9002799988,80.2278518677,56122,56132,10
12.8993797302,80.2278213501,56132,56142,10
12.8992004395,80.2278137207,56142,56152,10
12.8988199234,80.2277679443,56152,56162,10
12.8979797363,80.227722168,56162,56173,11
12.896730423,80.2276687622,56173,56183,10
12.8953695297,80.2276306152,56183,56193,10
12.8939304352,80.2275619507,56193,56203,10
12.8927001953,80.2274169922,56203,56213,10
12.8915901184,80.2273330688,56213,56223,10
12.8901796341,80.2273406982,56223,56233,10
12.8886804581,80.2273635864,56233,56243,10
12.8872299194,80.2272109985,56243,56254,11
12.8857002258,80.2268600464,56254,56264,10
12.8848400116,80.2267379761,56264,56274,10
12.8847799301,80.2267303467,56274,56284,10
12.8845596313,80.2267074585,56284,56294,10
12.8837995529,80.2267074585,56294,56304,10
12.8826904297,80.2267227173,56304,56314,10
12.8812503815,80.2267303467,56314,56324,10
12.8796596527,80.2267379761,56324,56335,11
12.8779497147,80.2268371582,56335,56345,10
12.8766803741,80.2269668579,56345,56355,10
12.8763799667,80.2269821167,56355,56365,10
12.8758296967,80.2269668579,56365,56375,10
12.874879837,80.2268829346,56375,56385,10
12.8736000061,80.2267303467,56385,56395,10
12.8722696304,80.2266693115,56395,56405,10
12.8707895279,80.2266311646,56405,56416,11
12.8690700531,80.2264633179,56416,56426,10
12.8674697876,80.2264480591,56426,56436,10
12.8658504486,80.2265930176,56436,56446,10
12.8642101288,80.2265625,56446,56456,10
12.862569809,80.2265396118,56456,56466,10
12.86095047,80.2265777588,56466,56476,10
12.8594703674,80.2264099121,56476,56486,10
12.8585996628,80.22631073,56486,56497,11
12.8582296371,80.2262802124,56497,56507,10
12.8574800491,80.2262802124,56507,56517,10
12.8563899994,80.2263870239,56517,56527,10
12.855050087,80.2265625,56527,56537,10
12.8534498215,80.2267074585,56537,56547,10
12.8517999649,80.2266769409,56547,56557,10
12.8501796722,80.2266235352,56557,56567,10
12.848400116,80.2266082764,56567,56578,11
12.8469400406,80.2266235352,56578,56588,10
12.8459701538,80.2266387939,56588,56598,10
12.8453798294,80.2266387939,56598,56608,10
12.8452796936,80.2266235352,56608,56618,10
12.8446998596,80.2266464233,56618,56628,10
12.8436899185,80.2267227173,56628,56638,10
12.8424396515,80.2269287109,56638,56649,11
12.8409004211,80.2272872925,56649,56659,10
12.8400001526,80.2276229858,56659,56669,10
12.8396396637,80.2277832031,56669,56679,10
12.8391799927,80.2278900146,56679,56689,10
12.8382101059,80.2280883789,56689,56699,10
12.8369398117,80.2283172607,56699,56709,10
12.8355197906,80.2285308838,56709,56719,10
12.8341302872,80.2287521362,56719,56730,11
12.8327102661,80.2289962769,56730,56740,10
12.8320903778,80.2291412354,56740,56750,10
12.8320198059,80.229133606,56750,56760,10
12.8314399719,80.2292404175,56760,56770,10
12.8304796219,80.2295608521,56770,56780,10
12.8292798996,80.2300415039,56780,56790,10
12.8280096054,80.2307128906,56790,56800,10
12.8266601563,80.2313079834,56800,56811,11
12.8250999451,80.2313995361,56811,56821,10
12.8239297867,80.2312011719,56821,56831,10
12.8227701187,80.2308425903,56831,56841,10
12.8216295242,80.2305221558,56841,56851,10
12.8205499649,80.2304611206,56851,56861,10
12.8195295334,80.2304992676,56861,56871,10
12.8190002441,80.2304992676,56871,56881,10
12.8188800812,80.2304763794,56881,56892,11
12.8182001114,80.2301635742,56892,56902,10
12.8171701431,80.2297286987,56902,56912,10
12.8159599304,80.2294464111,56912,56922,10
12.8147096634,80.2292404175,56922,56932,10
12.8133296967,80.2289199829,56932,56942,10
12.8120498657,80.2284927368,56942,56952,10
12.810959816,80.2280807495,56952,56962,10
12.8100299835,80.2276992798,56962,56973,11
12.8093996048,80.2273788452,56973,56983,10
12.8083496094,80.2266311646,56983,56993,10
12.8074903488,80.2258605957,56993,57003,10
12.8066196442,80.2250976563,57003,57013,10
12.8058300018,80.2244033813,57013,57023,10
12.8050498962,80.2240066528,57023,57033,10
12.8041696548,80.2238769531,57033,57043,10
12.8031797409,80.2238006592,57043,57054,11
12.8020601273,80.2236633301,57054,57064,10
12.8009300232,80.2235794067,57064,57084,20
12.8009300232,80.2235794067,57084,57094,10
12.8005304337,80.2235412598,57094,57104,10
12.7997598648,80.2234725952,57104,57114,10
12.798740387,80.2233734131,57114,57124,10
12.7976198196,80.2232437134,57124,57135,11
12.7963104248,80.2230224609,57135,57145,10
12.7957401276,80.2229232788,57145,57155,10
12.7953395844,80.2228393555,57155,57165,10
12.7945203781,80.2227096558,57165,57175,10
12.7934303284,80.2225570679,57175,57185,10
12.7922296524,80.2223434448,57185,57195,10
12.7909803391,80.2220306396,57195,57205,10
12.7897901535,80.2217178345,57205,57216,11
12.7886400223,80.2212905884,57216,57226,10
12.7880601883,80.2210388184,57226,57236,10
12.7876300812,80.2208786011,57236,57246,10
12.7876195908,80.2208786011,57246,57256,10
12.7874603271,80.2208023071,57256,57266,10
12.7872400284,80.2207107544,57266,57276,10
12.7869596481,80.2206115723,57276,57297,21
12.7869596481,80.2206115723,57297,57307,10
12.7868995667,80.2205581665,57307,57317,10
12.786649704,80.2204589844,57317,57327,10
12.7863702774,80.2203598022,57327,57337,10
12.7863197327,80.2203521729,57337,57347,10
12.7861795425,80.2203369141,57347,57357,10
12.7861604691,80.2206878662,57357,57368,11
12.7862195969,80.2211608887,57368,57378,10
12.7862596512,80.2216186523,57378,57388,10
12.7862300873,80.2219390869,57388,58046,658
12.7862300873,80.2219390869,58046,58056,10
12.7861604691,80.2217712402,58056,58066,10
12.7861604691,80.221496582,58066,58077,11
12.7861700058,80.2211685181,58077,58087,10
12.7861604691,80.2207794189,58087,58097,10
12.7861700058,80.2205810547,58097,58107,10
12.786190033,80.2203979492,58107,58117,10
12.7866001129,80.2204818726,58117,58158,41
12.7866001129,80.2204818726,58158,58168,10
12.7870197296,80.2206878662,58168,58178,10
12.7875204086,80.2208709717,58178,58188,10
12.7881603241,80.2211227417,58188,58198,10
12.7888898849,80.2214126587,58198,58208,10
12.7895898819,80.2216567993,58208,58218,10
12.7902002335,80.2218017578,58218,58229,11
12.7911195755,80.2220077515,58229,58239,10
12.7920598984,80.2222671509,58239,58249,10
12.7930402756,80.2224731445,58249,58259,10
12.7940797806,80.2226104736,58259,58269,10
12.7951402664,80.2228088379,58269,58279,10
12.7964296341,80.2229995728,58279,58299,20
12.7964296341,80.2229995728,58299,58310,11
12.7968301773,80.2230606079,58310,58320,10
12.7974996567,80.2231903076,58320,58330,10
12.7984104156,80.2233200073,58330,58340,10
12.7994604111,80.2234115601,58340,58350,10
12.8005199432,80.2235031128,58350,58360,10
12.8014001846,80.2236022949,58360,58380,20
12.8014001846,80.2236022949,58380,58391,11
12.8014497757,80.2236404419,58391,58401,10
12.801779747,80.2236785889,58401,58411,10
12.8023996353,80.223739624,58411,58421,10
12.8031396866,80.2238616943,58421,58431,10
12.8039999008,80.2239303589,58431,58441,10
12.8048400879,80.2240219116,58441,58451,10
12.8055696487,80.2241973877,58451,58492,41
12.8055696487,80.2241973877,58492,58502,10
12.8057203293,80.2242965698,58502,58512,10
12.806189537,80.2246704102,58512,58522,10
12.8068799973,80.2252807617,58522,58532,10
12.8077096939,80.2259674072,58532,58542,10
12.8086299896,80.2267684937,58542,58553,11
12.8098297119,80.2275619507,58553,58563,10
12.8111095428,80.2281036377,58563,58573,10
12.8124198914,80.2285766602,58573,58583,10
12.8137702942,80.2290420532,58583,58593,10
12.8151397705,80.229309082,58593,58603,10
12.8164997101,80.2295074463,58603,58613,10
12.8177700043,80.2299194336,58613,58623,10
12.8188695908,80.2304000854,58623,58634,11
12.8197402954,80.2304382324,58634,58644,10
12.8197698593,80.2304534912,58644,58654,10
12.8200502396,80.2304763794,58654,58664,10
12.8207798004,80.2304382324,58664,58674,10
12.8217601776,80.230506897,58674,58684,10
12.8228797913,80.2308273315,58684,58694,10
12.8240404129,80.2311477661,58694,58704,10
12.825220108,80.2313537598,58704,58715,11
12.8264598846,80.2313079834,58715,58725,10
12.8274803162,80.2309799194,58725,58735,10
12.8285198212,80.2304077148,58735,58745,10
12.8296298981,80.2299118042,58745,58755,10
12.8312702179,80.2293167114,58755,58816,61
12.8312702179,80.2293167114,58816,58826,10
12.8314800262,80.2293395996,58826,58836,10
12.8316698074,80.2292480469,58836,58846,10
12.8321695328,80.2291183472,58846,58856,10
12.8329200745,80.2289581299,58856,58867,11
12.8339700699,80.2287368774,58867,58877,10
12.8350000381,80.2285690308,58877,58887,10
12.8362102509,80.2283477783,58887,58897,10
12.8374004364,80.2281570435,58897,58907,10
12.8383398056,80.2279586792,58907,58917,10
12.8387699127,80.2278518677,58917,58948,31
12.8389196396,80.2278213501,58948,58998,50
12.8392801285,80.2276763916,58998,59059,61
12.8392801285,80.2276763916,59059,59069,10
12.8395996094,80.2275695801,59069,59079,10
12.8401403427,80.2274932861,59079,59089,10
12.8409500122,80.2272567749,59089,59099,10
12.8419799805,80.2270202637,59099,59110,11
12.8432998657,80.2267990112,59110,59120,10
12.844499588,80.2266235352,59120,59130,10
12.845459938,80.2265625,59130,59150,20
12.845459938,80.2265625,59150,59160,10
12.8456897736,80.2265396118,59160,59170,10
12.8463401794,80.2265701294,59170,59180,10
12.8473596573,80.2265777588,59180,59191,11
12.8487596512,80.2265777588,59191,59201,10
12.8501796722,80.2265777588,59201,59211,10
12.8516197205,80.2266387939,59211,59221,10
12.8529996872,80.2266998291,59221,59231,10
12.8543195724,80.2265930176,59231,59241,10
12.8556098938,80.2264633179,59241,59251,10
12.8569698334,80.2263031006,59251,59261,10
12.8581800461,80.2262268066,59261,59272,11
12.8592195511,80.2263412476,59272,59282,10
12.8608598709,80.2265777588,59282,59302,20
12.8608598709,80.2265777588,59302,59312,10
12.8611497879,80.2265396118,59312,59322,10
12.8620195389,80.2265319824,59322,59332,10
12.8631095886,80.2264785767,59332,59342,10
12.8645496368,80.2265396118,59342,59353,11
12.865940094,80.2265777588,59353,59363,10
12.8672399521,80.2264480591,59363,59373,10
12.8688097,80.2263793945,59373,59384,11
12.8699398041,80.2265090942,59384,59392,8
12.8714599609,80.2266311646,59392,59404,12
12.8727502823,80.2266387939,59404,59414,10
12.8728399277,80.2266387939,59414,59425,11
12.8731403351,80.2266235352,59425,59435,10
12.8738899231,80.2266998291,59435,59445,10
12.8745098114,80.2267379761,59445,59455,10
12.8745603561,80.2267532349,59455,59465,10
12.8748998642,80.2268218994,59465,59475,10
12.8751602173,80.2268676758,59475,59485,10
12.8753795624,80.2268981934,59485,59495,10
12.8755598068,80.2269134521,59495,59506,11
12.8756999969,80.2268981934,59506,59516,10
12.8759498596,80.2269134521,59516,59526,10
12.8761100769,80.2268981934,59526,59536,10
12.8762102127,80.2268981934,59536,59546,10
12.876540184,80.2268829346,59546,59556,10
12.8767299652,80.226852417,59556,59566,10
12.8768196106,80.2268676758,59566,59576,10
12.8773899078,80.2268295288,59576,59587,11
12.8784999847,80.2267532349,59587,59597,10
12.8797502518,80.2267227173,59597,59607,10
12.8811397552,80.2267303467,59607,59617,10
12.8825502396,80.2267074585,59617,59627,10
12.8838996887,80.2266998291,59627,59637,10
12.8850402832,80.2266921997,59637,59647,10
12.8853302002,80.2266921997,59647,59657,10
12.8853597641,80.2266998291,59657,59668,11
12.8858499527,80.2267990112,59668,59678,10
12.8866996765,80.2270202637,59678,59688,10
12.8877696991,80.2272262573,59688,59698,10
12.888999939,80.2273101807,59698,59708,10
12.890370369,80.2273178101,59708,59718,10
12.8916797638,80.2273101807,59718,59728,10
12.8926496506,80.2273635864,59728,59738,10
12.8936004639,80.2274780273,59738,59749,11
12.8947601318,80.2275924683,59749,59759,10
12.8959102631,80.2276306152,59759,59769,10
12.8971500397,80.2276916504,59769,59779,10
12.8983097076,80.2277526855,59779,59789,10
12.8988704681,80.2277832031,59789,59799,10
12.8988895416,80.2277832031,59799,59809,10
12.8992204666,80.2278137207,59809,59820,11
12.8994598389,80.2278366089,59820,59830,10
12.8998699188,80.2278594971,59830,59840,10
12.9003896713,80.227897644,59840,59850,10
12.9007501602,80.2279205322,59850,59860,10
12.9008998871,80.2279510498,59860,59870,10
12.9010801315,80.2279586792,59870,59880,10
12.9014396667,80.2279891968,59880,59890,10
12.9028396606,80.2280502319,59890,59921,31
12.9028396606,80.2280502319,59921,59931,10
12.9031095505,80.228012085,59931,59941,10
12.9037399292,80.2280731201,59941,59951,10
12.9046602249,80.2281570435,59951,59961,10
12.9052696228,80.2281799316,59961,60032,71
12.9052696228,80.2281799316,60032,60042,10
12.905500412,80.2281188965,60042,60052,10
12.9057102203,80.2281494141,60052,60063,11
12.9060497284,80.2282028198,60063,60073,10
12.9066095352,80.2282180786,60073,60083,10
12.9071998596,80.2282714844,60083,60093,10
12.9072303772,80.2282791138,60093,60103,10
12.9074296951,80.2282791138,60103,60113,10
12.9081401825,80.2284164429,60113,60123,10
12.9093799591,80.2286529541,60123,60133,10
12.9104700089,80.2288208008,60133,60144,11
12.9117498398,80.2289962769,60144,60154,10
12.9128398895,80.2291488647,60154,60164,10
12.9137401581,80.2292785645,60164,60174,10
12.9141197205,80.2293167114,60174,60184,10
12.9142103195,80.2293395996,60184,60194,10
12.9147796631,80.2294311523,60194,60204,10
12.9156503677,80.2295532227,60204,60214,10
12.9167604446,80.2297134399,60214,60225,11
12.9180498123,80.2298812866,60225,60235,10
12.9191398621,80.2300415039,60235,60245,10
12.9201402664,80.2301712036,60245,60255,10
12.9211597443,80.2302932739,60255,60265,10
12.9222602844,80.2304382324,60265,60275,10
12.9233903885,80.2306137085,60275,60285,10
12.9245500565,80.230758667,60285,60296,11
12.925740242,80.2309036255,60296,60306,10
12.926440239,80.2309799194,60306,60316,10
12.9264802933,80.2309799194,60316,60326,10
12.926779747,80.231010437,60326,60336,10
12.9275102615,80.231086731,60336,60346,10
12.9284601212,80.2312164307,60346,60356,10
12.9290800095,80.2313232422,60356,60366,10
12.9295597076,80.2314224243,60366,60377,11
12.930439949,80.2316436768,60377,60387,10
12.931429863,80.2319488525,60387,60397,10
12.9324502945,80.2322921753,60397,60407,10
12.9333400726,80.2326278687,60407,60417,10
12.933839798,80.2328567505,60417,60427,10
12.9338502884,80.2328796387,60427,60437,10
12.9342603683,80.2330627441,60437,60447,10
12.9349899292,80.2333831787,60447,60458,11
12.9353704453,80.2335510254,60458,60468,10
12.9357500076,80.233757019,60468,60478,10
12.9364595413,80.2341003418,60478,60488,10
12.9373197556,80.2344970703,60488,60498,10
12.9382400513,80.2349624634,60498,60508,10
12.9392204285,80.2354507446,60508,60518,10
12.9397602081,80.235710144,60518,60528,10
12.9397697449,80.2357177734,60528,60539,11
12.9402503967,80.2358932495,60539,60549,10
12.9410495758,80.2361068726,60549,60559,10
12.9420995712,80.2363586426,60559,60569,10
12.9432296753,80.236907959,60569,60579,10
12.944149971,80.2378616333,60579,60589,10
12.9448299408,80.2386398315,60589,60599,10
12.9457798004,80.2394180298,60599,60609,10
12.9462795258,80.2396087646,60609,60620,11
12.9463300705,80.2396621704,60620,60630,10
12.9467802048,80.2398681641,60630,60640,10
12.9475603104,80.240196228,60640,60650,10
12.9481496811,80.2404022217,60650,60660,10
12.9482498169,80.2404403687,60660,60670,10
12.9485197067,80.240562439,60670,60680,10
12.9489097595,80.2407608032,60680,60690,10
12.949549675,80.2409667969,60690,60701,11
12.9503602982,80.2412109375,60701,60711,10
12.9511003494,80.2414016724,60711,60721,10
12.9511995316,80.2414398193,60721,60731,10
12.9513998032,80.2415390015,60731,60741,10
12.9520101547,80.2417602539,60741,60751,10
12.952870369,80.2420730591,60751,60761,10
12.9536895752,80.2423706055,60761,60771,10
12.9541797638,80.2425613403,60771,60782,11
12.9550199509,80.2429199219,60782,60792,10
12.9558200836,80.2432022095,60792,60802,10
12.9563798904,80.2433929443,60802,60842,40
12.9563798904,80.2433929443,60842,60853,11
12.9567604065,80.2435379028,60853,60863,10
12.9574403763,80.2438735962,60863,60873,10
12.9583501816,80.2442779541,60873,60883,10
12.9589796066,80.2445602417,60883,60893,10
12.9589796066,80.2445678711,60893,60903,10
12.9592695236,80.2446975708,60903,60913,10
12.9599399567,80.245010376,60913,60923,10
12.9608297348,80.2454223633,60923,60934,11
12.9620199203,80.2459564209,60934,60944,10
12.9631299973,80.2465133667,60944,60954,10
12.96393013,80.2469024658,60954,60964,10
12.9646701813,80.2471923828,60964,60974,10
12.9656095505,80.2474899292,60974,60984,10
12.9664802551,80.247833252,60984,60994,10
12.9670495987,80.2481002808,60994,61025,31
12.9670495987,80.2481002808,61025,61035,10
12.9675598145,80.2483596802,61035,61045,10
12.9683504105,80.2487030029,61045,61055,10
12.9693698883,80.2491226196,61055,61065,10
12.9704799652,80.2495574951,61065,61075,10
12.9716396332,80.2499008179,61075,61085,10
12.9727697372,80.2501983643,61085,61096,11
12.9739704132,80.25050354,61096,61106,10
12.9751195908,80.2508392334,61106,61116,10
12.9761695862,80.251121521,61116,61126,10
12.9771604538,80.2514190674,61126,61136,10
12.9785003662,80.2523803711,61136,61166,30
12.9785003662,80.2523803711,61166,61177,11
12.9788198471,80.2525100708,61177,61187,10
12.9794397354,80.2526397705,61187,61197,10
12.9800701141,80.2526779175,61197,61207,10
12.9807701111,80.2526626587,61207,61217,10
12.9816198349,80.2526397705,61217,61227,10
12.9825496674,80.2526092529,61227,61237,10
12.9831695557,80.2525405884,61237,61248,11
12.9834604263,80.2525024414,61248,61258,10
12.9840202332,80.2523574829,61258,61268,10
12.9846897125,80.252166748,61268,61278,10
12.9853200912,80.2519836426,61278,61288,10
12.9858198166,80.2518768311,61288,61298,10
12.9863595963,80.2517318726,61298,61308,10
12.9869003296,80.2515792847,61308,61318,10
12.9873600006,80.2514419556,61318,61329,11
12.9878196716,80.2513427734,61329,61339,10
12.9884901047,80.2511672974,61339,61349,10
12.9895801544,80.250869751,61349,61379,30
12.9895801544,80.250869751,61379,61389,10
12.9898195267,80.250831604,61389,61399,10
12.9901895523,80.2507400513,61399,61410,11
12.9910001755,80.250541687,61410,61420,10
12.9918203354,80.2503509521,61420,61430,10
12.9927396774,80.2501296997,61430,61440,10
12.9937000275,80.2498703003,61440,61450,10
12.9946403503,80.2496414185,61450,61460,10
12.9955396652,80.2493972778,61460,61470,10
12.9965896606,80.2491378784,61470,61480,10
12.9976396561,80.248878479,61480,61491,11
12.9988098145,80.248588562,61491,61501,10
12.999879837,80.2483291626,61501,61511,10
13.0010004044,80.2480621338,61511,61521,10
13.0019798279,80.247833252,61521,61531,10
13.0027198792,80.2476577759,61531,61541,10
13.0036497116,80.2474975586,61541,61551,10
13.0046901703,80.2473602295,61551,61561,10
13.0055704117,80.2472000122,61561,61572,11
13.0062999725,80.2468109131,61572,61582,10
13.006529808,80.2464065552,61582,61612,30
13.006529808,80.2464065552,61612,61622,10
13.0066404343,80.2462310791,61622,61632,10
13.0066604614,80.2457427979,61632,61642,10
13.0066204071,80.244972229,61642,61653,11
13.0066003799,80.2444610596,61653,61663,10
13.0065803528,80.2440490723,61663,61673,10
13.0065603256,80.2436828613,61673,61683,10
13.0065402985,80.243057251,61683,61693,10
13.0065202713,80.2421722412,61693,61703,10
13.0065402985,80.2413711548,61703,61713,10
13.0065803528,80.2410583496,61713,61724,11
13.0066204071,80.2407608032,61724,61734,10
13.0066995621,80.2403411865,61734,61744,10
13.0068702698,80.239692688,61744,61754,10
13.007060051,80.2387237549,61754,61764,10
13.007229805,80.2378768921,61764,61774,10
13.0073404312,80.2373123169,61774,61784,10
13.0074596405,80.236618042,61784,61805,21
13.0074596405,80.236618042,61805,61815,10
13.0075798035,80.2362136841,61815,61825,10
13.0077495575,80.2354431152,61825,61835,10
13.0079298019,80.2344818115,61835,61845,10
13.0081195831,80.2335891724,61845,61855,10
13.0084104538,80.2322463989,61855,61865,10
13.0085897446,80.2311401367,61865,61875,10
13.0087604523,80.2300415039,61875,61886,11
13.0089998245,80.2288513184,61886,61895,9
13.0092000961,80.2281799316,61895,61906,11
13.009519577,80.2273330688,61906,61916,10
13.0099697113,80.2263793945,61916,61926,10
13.0103902817,80.2255096436,61926,61936,10
13.0106496811,80.2250137329,61936,61946,10
13.0106601715,80.2249984741,61946,61956,10
13.010840416,80.2245788574,61956,61967,11
13.0112104416,80.2237472534,61967,61977,10
13.0112800598,80.2236022949,61977,61987,10
13.0113801956,80.2234191895,61987,61997,10
13.011590004,80.2227783203,61997,62007,10
13.0117902756,80.222038269,62007,62017,10
13.012169838,80.2216491699,62017,62027,10
13.012550354,80.2220306396,62027,62037,10
13.0131998062,80.2227020264,62037,62048,11
13.013999939,80.2235794067,62048,62058,10
13.0146598816,80.224357605,62058,62068,10
13.0154399872,80.2249526978,62068,62088,20
13.0154399872,80.2249526978,62088,62098,10
13.0156602859,80.2251434326,62098,62108,10
13.0162601471,80.2253417969,62108,62118,10
13.0171604156,80.2250595093,62118,62129,11
13.0181999207,80.2246398926,62129,62139,10
13.0190601349,80.2243728638,62139,62149,10
13.0195398331,80.2244720459,62149,62159,10
13.0198202133,80.2246017456,62159,62169,10
13.0201997757,80.2248916626,62169,62179,10
13.0205602646,80.225151062,62179,62189,10
13.0209102631,80.2254180908,62189,62200,11
13.0214395523,80.2258224487,62200,62210,10
13.0219402313,80.2261962891,62210,62220,10
13.0225400925,80.2266693115,62220,62240,20
13.0225400925,80.2266693115,62240,62250,10
13.0227403641,80.2268600464,62250,62260,10
13.023229599,80.2273330688,62260,62270,10
13.0238103867,80.2278671265,62270,62281,11
13.0243701935,80.2285079956,62281,62291,10
13.0247898102,80.229133606,62291,62301,10
13.0251197815,80.2295684814,62301,62311,10
13.0256500244,80.2302780151,62311,62341,30
13.0256500244,80.2302780151,62341,62351,10
13.0257997513,80.2305984497,62351,62362,11
13.0259103775,80.2308883667,62362,62372,10
13.02602005,80.2312774658,62372,62382,10
13.0261802673,80.231842041,62382,62392,10
13.0264701843,80.2327575684,62392,62432,40
13.0264701843,80.2327575684,62432,62443,11
13.0264902115,80.2328414917,62443,62453,10
13.0267000198,80.2332382202,62453,62463,10
13.0270204544,80.233757019,62463,62473,10
13.0275001526,80.2345581055,62473,62483,10
13.0280504227,80.235496521,62483,62493,10
13.0287799835,80.2363204956,62493,62503,10
13.0293998718,80.2369613647,62503,62513,10
13.0296697617,80.2372589111,62513,62524,11
13.0298099518,80.2374801636,62524,62534,10
13.0302000046,80.2381591797,62534,62544,10
13.030579567,80.2388305664,62544,62554,10
13.030790329,80.2391815186,62554,62564,10
13.031080246,80.2396621704,62564,62574,10
13.0314302444,80.2401809692,62574,62584,10
13.0314798355,80.2407531738,62584,62594,10
13.0317201614,80.2412490845,62594,62605,11
13.0319900513,80.2418518066,62605,62615,10
13.0324296951,80.2424468994,62615,62625,10
13.0329198837,80.2431182861,62625,62635,10
13.0334396362,80.2438201904,62635,62645,10
13.0339803696,80.2445526123,62645,62655,10
13.0344104767,80.2451171875,62655,62665,10
13.0347795486,80.2456283569,62665,62676,11
13.0352201462,80.2460479736,62676,62686,10
13.0354003906,80.2461090088,62686,62696,10
13.0355100632,80.2461395264,62696,62706,10
13.0358104706,80.2462387085,62706,62716,10
13.0360498428,80.2464065552,62716,62726,10
13.0365800858,80.2465133667,62726,62736,10
13.0371704102,80.2466125488,62736,62746,10
13.0376901627,80.2465209961,62746,62757,11
13.0388803482,80.2468185425,62757,62807,50
13.0388803482,80.2468185425,62807,62817,10
13.039270401,80.2469329834,62817,62827,10
13.0397500992,80.2470092773,62827,62838,11
13.0405197144,80.2471923828,62838,62848,10
13.0413999557,80.2473526001,62848,62858,10
13.0421600342,80.247467041,62858,62868,10
13.0426502228,80.2476806641,62868,62878,10
13.0432701111,80.2479019165,62878,62888,10
13.0440301895,80.2478637695,62888,62898,10
13.044549942,80.2479171753,62898,62908,10
13.0450696945,80.2481384277,62908,62919,11
13.0457897186,80.2484588623,62919,62929,10
13.0465497971,80.2485427856,62929,62939,10
13.0469799042,80.2484893799,62939,62949,10
13.0470304489,80.2484970093,62949,62959,10
13.047419548,80.2486801147,62959,62969,10
13.0478696823,80.2491073608,62969,62979,10
13.048330307,80.2495574951,62979,62989,10
13.0489597321,80.2497406006,62989,63000,11
13.0496702194,80.2498703003,63000,63010,10
13.0504798889,80.250038147,63010,63020,10
13.0513601303,80.25025177,63020,63030,10
13.0520401001,80.2506866455,63030,63040,10
13.0525197983,80.2512969971,63040,63050,10
13.0530700684,80.2520217896,63050,63060,10
13.0535898209,80.2527084351,63060,63070,10
13.0541200638,80.2534637451,63070,63081,11
13.0547304153,80.2542724609,63081,63091,10
13.055100441,80.254737854,63091,63101,10
13.0553998947,80.2551422119,63101,63111,10
13.0556297302,80.2554626465,63111,63121,10
13.055850029,80.2557601929,63121,63131,10
13.0560398102,80.2560424805,63131,63141,10
13.0561800003,80.2562103271,63141,63152,11
13.0563697815,80.2564620972,63152,63162,10
13.0566797256,80.2567672729,63162,63172,10
13.0572004318,80.2572097778,63172,63182,10
13.0575799942,80.25756073,63182,63192,10
13.0577898026,80.2577362061,63192,63202,10
13.0581798553,80.2582092285,63202,63212,10
13.0585899353,80.2587814331,63212,63222,10
13.0590600967,80.2593383789,63222,63233,11
13.0594501495,80.2600097656,63233,63243,10
13.0598096848,80.2602615356,63243,63253,10
13.059920311,80.260383606,63253,63263,10
13.060259819,80.2607498169,63263,63273,10
13.060549736,80.2610473633,63273,63283,10
13.0605602264,80.2610626221,63283,63293,10
13.0606403351,80.2612228394,63293,63303,10
13.0609798431,80.2617034912,63303,63314,11
13.0614404678,80.2622375488,63314,63324,10
13.0617704391,80.2626190186,63324,63334,10
13.062210083,80.2632217407,63334,63344,10
13.0626802444,80.2637481689,63344,63354,10
13.0631303787,80.2642211914,63354,63364,10
13.0635700226,80.264831543,63364,63374,10
13.0638303757,80.2652816772,63374,63384,10
13.0639600754,80.2655105591,63384,63395,11
13.0642795563,80.2659225464,63395,63405,10
13.0645704269,80.2662963867,63405,63415,10
13.0647497177,80.2665328979,63415,63425,10
13.064909935,80.2667617798,63425,63435,10
13.0652999878,80.2670974731,63435,63445,10
13.0657596588,80.2675018311,63445,63455,10
13.0659198761,80.2677078247,63455,63465,10
13.0663900375,80.2682723999,63465,63496,31
13.0663900375,80.2682723999,63496,63506,10
13.0665998459,80.2684173584,63506,63516,10
13.067029953,80.2686767578,63516,63526,10
13.067609787,80.2690505981,63526,63536,10
13.0681600571,80.2694168091,63536,63546,10
13.0682897568,80.26978302,63546,63557,11
13.0682201385,80.2701797485,63557,63567,10
13.0682001114,80.2705917358,63567,63577,10
13.0681695938,80.2710266113,63577,63587,10
13.0683603287,80.2716522217,63587,63597,10
13.0689001083,80.2719497681,63597,63607,10
13.0692796707,80.2722167969,63607,63617,10
13.0697698593,80.2727432251,63617,63628,11
13.0701799393,80.2732086182,63628,63638,10
13.070400238,80.2734832764,63638,63648,10
13.0704202652,80.2735214233,63648,63658,10
13.0705604553,80.2737731934,63658,63668,10
13.0706996918,80.2739715576,63668,63678,10
13.0709295273,80.2741317749,63678,63688,10
13.0712499619,80.274230957,63688,63698,10
13.071269989,80.274230957,63698,63709,11
13.0713100433,80.2742462158,63709,63719,10
13.071680069,80.2744216919,63719,63729,10
13.0721702576,80.2748565674,63729,63739,10
13.0727596283,80.2754898071,63739,63749,10
13.0734395981,80.2761688232,63749,63759,10
13.0741701126,80.2763900757,63759,63769,10
13.0750198364,80.2763519287,63769,63779,10
13.0757398605,80.2763214111,63779,63790,11
13.0765104294,80.2763214111,63790,63800,10
13.0769996643,80.2762832642,63800,63810,10
13.0778398514,80.276222229,63810,63820,10
13.0783195496,80.2755737305,63820,63830,10
13.0788402557,80.2751617432,63830,63840,10
13.0796203613,80.2753219604,63840,63850,10
13.0805902481,80.2752685547,63850,63860,10
13.081489563,80.2751617432,63860,63931,71
13.081489563,80.2751617432,63931,63941,10
13.0818004608,80.2752609253,63941,64002,61
13.0818004608,80.2752609253,64002,64012,10
13.0820999146,80.2754821777,64012,64023,11
13.0821199417,80.2757797241,64023,64873,850
13.0821199417,80.2757797241,64873,64884,11
13.0821199417,80.2759017944,64884,64894,10
13.0819196701,80.2760162354,64894,64904,10
13.0818500519,80.2763214111,64904,64914,10
13.0818901062,80.2769622803,64914,64924,10
13.0819597244,80.2777709961,64924,64934,10
13.0823802948,80.2780914307,64934,64944,10
13.0830202103,80.2780990601,64944,64954,10
13.0833597183,80.2781524658,64954,64965,11
13.0834999084,80.2785873413,64965,64975,10
13.0834102631,80.2789764404,64975,64985,10
13.0825595856,80.2786178589,64985,65015,30
13.0825595856,80.2786178589,65015,65025,10
13.082400322,80.2785568237,65025,65035,10
13.0819997787,80.2783203125,65035,65046,11
13.0818796158,80.2776870728,65046,65056,10
13.0818004608,80.27684021,65056,65066,10
13.081580162,80.2759475708,65066,65076,10
13.0815095901,80.275680542,65076,65086,10
13.081489563,80.2754211426,65086,65096,10
13.0813999176,80.2752304077,65096,65106,10
13.0809602737,80.2752304077,65106,65116,10
13.0803699493,80.2752838135,65116,65127,11
13.0796604156,80.2753295898,65127,65137,10
13.0787801743,80.2751464844,65137,65147,10
13.0781698227,80.2759170532,65147,65157,10
13.077249527,80.276222229,65157,65167,10
13.0759897232,80.2762908936,65167,65177,10
13.0750799179,80.2763366699,65177,65187,10
13.0738697052,80.2764282227,65187,65228,41
13.0738697052,80.2764282227,65228,65238,10
13.0737304688,80.2764587402,65238,65248,10
13.0732498169,80.2761383057,65248,65258,10
13.0726499557,80.2754592896,65258,65268,10
13.0721797943,80.2749633789,65268,65279,11
13.0719900131,80.2747268677,65279,65289,10
13.0715799332,80.2744674683,65289,65299,10
13.0708904266,80.2743606567,65299,65309,10
13.0706195831,80.2740631104,65309,65319,10
13.0705604553,80.2739028931,65319,65329,10
13.0704097748,80.2735595703,65329,65339,10
13.0699996948,80.2730712891,65339,65349,10
13.0694599152,80.2725067139,65349,65360,11
13.0691003799,80.272102356,65360,65370,10
13.0690803528,80.2720870972,65370,65380,10
13.0689601898,80.2719726563,65380,65390,10
13.0685997009,80.2718887329,65390,65400,10
13.0682096481,80.2715835571,65400,65410,10
13.0678796768,80.2710418701,65410,65420,10
13.0673904419,80.2705078125,65420,65430,10
13.0668401718,80.2699508667,65430,65441,11
13.0665397644,80.2695083618,65441,65451,10
13.0664300919,80.269203186,65451,65461,10
13.0663900375,80.2686233521,65461,65471,10
13.0661897659,80.2682418823,65471,65481,10
13.0656795502,80.2677078247,65481,65501,20
13.0656795502,80.2677078247,65501,65511,10
13.065489769,80.2676391602,65511,65522,11
13.0652103424,80.2675933838,65522,65532,10
13.065199852,80.2675933838,65532,65542,10
13.0647201538,80.2674713135,65542,65552,10
13.0642595291,80.2673721313,65552,65562,10
13.0639400482,80.2673187256,65562,65572,10
13.0633897781,80.2672271729,65572,65582,10
13.0628404617,80.2671279907,65582,65592,10
13.0624599457,80.2667770386,65592,65603,11
13.0621204376,80.2663803101,65603,65613,10
13.0618600845,80.2660369873,65613,65623,10
13.0616197586,80.2657394409,65623,65633,10
13.0612897873,80.2653503418,65633,65643,10
13.0609102249,80.2651596069,65643,65653,10
13.0604896545,80.2653808594,65653,65663,10
13.0604000092,80.2654037476,65663,65674,11
13.0601301193,80.2655181885,65674,65684,10
13.0595798492,80.2655487061,65684,65694,10
13.0592899323,80.2655029297,65694,65704,10
13.0589504242,80.26537323,65704,65714,10
13.0587100983,80.2653198242,65714,65724,10
13.0582399368,80.2652206421,65724,65734,10
13.0580501556,80.2648086548,65734,65744,10
13.0580596924,80.2645568848,65744,65775,31
13.0580596924,80.2645568848,65775,65785,10
13.0580596924,80.2641830444,65785,65795,10
13.0579900742,80.263671875,65795,65805,10
13.0579004288,80.2627792358,65805,65815,10
13.0577402115,80.2620773315,65815,65825,10
13.0576200485,80.2614212036,65825,65836,11
13.0574302673,80.2607421875,65836,65846,10
13.0571098328,80.2598190308,65846,65856,10
13.0567998886,80.2589263916,65856,65866,10
13.0566596985,80.258140564,65866,65876,10
13.0565795898,80.2577209473,65876,65886,10
13.0565004349,80.2573318481,65886,65896,10
13.0565004349,80.2573165894,65896,65906,10
13.0564699173,80.2571792603,65906,65917,11
13.0563602448,80.2567214966,65917,65927,10
13.056189537,80.2563095093,65927,65937,10
13.0559196472,80.2558822632,65937,65947,10
13.0555295944,80.255317688,65947,65957,10
13.0551395416,80.2547531128,65957,65967,10
13.0548400879,80.2543411255,65967,65977,10
13.0547199249,80.2542037964,65977,65987,10
13.0545101166,80.2539291382,65987,65998,11
13.0542602539,80.2536010742,65998,66008,10
13.054019928,80.2533035278,66008,66018,10
13.0538101196,80.2529983521,66018,66028,10
13.053560257,80.2526397705,66028,66038,10
13.0531702042,80.2521209717,66038,66048,10
13.05286026,80.2516784668,66048,66058,10
13.0525503159,80.2512588501,66058,66068,10
13.0521202087,80.2507171631,66068,66079,11
13.0517196655,80.250328064,66079,66089,10
13.0511598587,80.250038147,66089,66099,10
13.0506801605,80.2499389648,66099,66109,10
13.0503997803,80.2498779297,66109,66119,10
13.0500402451,80.2498321533,66119,66129,10
13.0499897003,80.2498168945,66129,66139,10
13.0496397018,80.2498168945,66139,66180,41
13.0492801666,80.2497634888,66180,66210,30
13.0492801666,80.2497634888,66210,66220,10
13.0489797592,80.24974823,66220,66251,31
13.048620224,80.2496109009,66251,66271,20
13.048620224,80.2496109009,66271,66281,10
13.0483598709,80.2495193481,66281,66291,10
13.0481595993,80.249420166,66291,66301,10
13.0481100082,80.2493515015,66301,66312,11
13.0479898453,80.2492218018,66312,66322,10
13.0477600098,80.2490386963,66322,66372,50
13.0474500656,80.2488174438,66372,66453,81
13.0471401215,80.248588562,66453,66524,71
13.0471401215,80.248588562,66524,66534,10
13.0466499329,80.248588562,66534,66555,21
13.0466499329,80.248588562,66555,66565,10
13.0462999344,80.2484893799,66565,66575,10
13.0460996628,80.2483901978,66575,66585,10
13.045800209,80.2482910156,66585,66605,20
13.045800209,80.2482910156,66605,66616,11
13.0453901291,80.2481384277,66616,66627,11
13.0452203751,80.2480926514,66627,66637,10
13.0448799133,80.2480392456,66637,66647,10
13.0446395874,80.2480010986,66647,66657,10
13.0444002151,80.2479705811,66657,66667,10
13.0441303253,80.2479400635,66667,66677,10
13.043970108,80.2479095459,66677,66687,10
13.0436401367,80.247833252,66687,66697,10
13.0432100296,80.2477722168,66697,66708,11
13.0425796509,80.2476196289,66708,66718,10
13.0417995453,80.2474365234,66718,66728,10
13.0409498215,80.2472610474,66728,66738,10
13.0401096344,80.2471313477,66738,66748,10
13.039440155,80.2469863892,66748,66758,10
13.0388498306,80.2468109131,66758,66768,10
13.0382995605,80.2465896606,66768,66778,10
13.037899971,80.2465667725,66778,66789,11
13.0372800827,80.2464828491,66789,66799,10
13.0366296768,80.246383667,66799,66809,10
13.0359201431,80.2462081909,66809,66819,10
13.035320282,80.2459564209,66819,66849,30
13.035320282,80.2459564209,66849,66859,10
13.0349702835,80.2457809448,66859,66870,11
13.0347204208,80.2454681396,66870,66880,10
13.0344600677,80.2450790405,66880,66890,10
13.0340204239,80.2445907593,66890,66900,10
13.0334997177,80.243927002,66900,66910,10
13.0328598022,80.2431564331,66910,66920,10
13.0324802399,80.2426223755,66920,66930,10
13.0319595337,80.2418899536,66930,66940,10
13.0316200256,80.2412109375,66940,66991,51
13.0316200256,80.2412109375,66991,67001,10
13.0316400528,80.2409286499,67001,67011,10
13.0314302444,80.2405471802,67011,67022,11
13.0311603546,80.239982605,67022,67032,10
13.0308198929,80.2393264771,67032,67042,10
13.0304403305,80.2386169434,67042,67052,10
13.0299501419,80.237739563,67052,67062,10
13.0293798447,80.2369613647,67062,67072,10
13.0291795731,80.2367782593,67072,67082,10
13.0291004181,80.2367172241,67082,67092,10
13.028719902,80.2363128662,67092,67103,11
13.0280895233,80.2356109619,67103,67113,10
13.0277795792,80.2351913452,67113,67123,10
13.0277004242,80.2350616455,67123,67133,10
13.0275802612,80.2348709106,67133,67143,10
13.0275001526,80.2347183228,67143,67153,10
13.0273799896,80.2344970703,67153,67163,10
13.0271396637,80.23412323,67163,67244,81
13.0271396637,80.23412323,67244,67254,10
13.0269804001,80.2338485718,67254,67265,11
13.0267601013,80.2335205078,67265,67275,10
13.0265302658,80.2331085205,67275,67285,10
13.0262699127,80.2326126099,67285,67295,10
13.0262298584,80.232460022,67295,67305,10
13.0262804031,80.2323226929,67305,67315,10
13.0261802673,80.2320785522,67315,67335,20
13.0261802673,80.2320785522,67335,67346,11
13.0261001587,80.231628418,67346,67356,10
13.025970459,80.2311630249,67356,67366,10
13.0257196426,80.23046875,67366,67376,10
13.0250301361,80.2295379639,67376,67396,20
13.0250301361,80.2295379639,67396,67406,10
13.0247802734,80.2292480469,67406,67417,11
13.0244598389,80.2288284302,67417,67427,10
13.024140358,80.2284393311,67427,67437,10
13.0237598419,80.2279663086,67437,67447,10
13.0233697891,80.2275695801,67447,67498,51
13.0233697891,80.2275695801,67498,67508,10
13.0232601166,80.2274703979,67508,67518,10
13.0229902267,80.2271575928,67518,67528,10
13.0225200653,80.2266921997,67528,67538,10
13.0217895508,80.2260894775,67538,67548,10
13.0210695267,80.2255325317,67548,67558,10
13.0203304291,80.2250213623,67558,67568,10
13.0198698044,80.2247085571,67568,67579,11
13.0197696686,80.2246398926,67579,67589,10
13.0195302963,80.2244873047,67589,67599,10
13.0188798904,80.2243728638,67599,67609,10
13.017999649,80.2247085571,67609,67619,10
13.0170402527,80.225112915,67619,67629,10
13.0163297653,80.2254333496,67629,67639,10
13.015709877,80.2256317139,67639,67649,10
13.0150995255,80.2258834839,67649,67660,11
13.014289856,80.2261734009,67660,67680,20
13.014289856,80.2261734009,67680,67690,10
13.0141201019,80.2262115479,67690,67700,10
13.0136804581,80.2263870239,67700,67710,10
13.0130901337,80.2266464233,67710,67720,10
13.0123796463,80.2269363403,67720,67730,10
13.011639595,80.2272262573,67730,67741,11
13.0108299255,80.2275619507,67741,67751,10
13.0101099014,80.2278594971,67751,67761,10
13.0094003677,80.2281723022,67761,67771,10
13.0090999603,80.228767395,67771,67781,10
13.0089502335,80.2295913696,67781,67822,41
13.0089502335,80.2295913696,67822,67832,10
13.008890152,80.2297897339,67832,67842,10
13.008769989,80.2303924561,67842,67852,10
13.0086402893,80.2311401367,67852,67862,10
13.0085201263,80.2317428589,67862,67872,10
13.0084495544,80.2321014404,67872,67882,10
13.0083904266,80.2324676514,67882,67893,11
13.0083599091,80.2326431274,67893,67903,10
13.0083198547,80.2328796387,67903,67913,10
13.0082397461,80.2334823608,67913,67943,30
13.0082397461,80.2334823608,67943,67953,10
13.0081501007,80.2337112427,67953,67963,10
13.0080699921,80.2339630127,67963,67974,11
13.0079603195,80.2345581055,67974,67984,10
13.0078496933,80.2351074219,67984,67994,10
13.0078001022,80.2353515625,67994,68004,10
13.0077600479,80.2356109619,68004,68014,10
13.0076704025,80.236038208,68014,68024,10
13.007610321,80.2363586426,68024,68034,10
13.0075502396,80.2366027832,68034,68044,10
13.0074996948,80.2368469238,68044,68055,11
13.0074796677,80.2370071411,68055,68065,10
13.0074300766,80.2372207642,68065,68075,10
13.007349968,80.2375564575,68075,68085,10
13.0072803497,80.2378768921,68085,68095,10
13.007229805,80.2380599976,68095,68105,10
13.0071802139,80.2382507324,68105,68115,10
13.0071001053,80.2386474609,68115,68125,10
13.0070199966,80.2390594482,68125,68136,11
13.0069198608,80.2395782471,68136,68146,10
13.006819725,80.2400588989,68146,68156,10
13.0067195892,80.240562439,68156,68166,10
13.0066404343,80.2411422729,68166,68176,10
13.0066099167,80.2418212891,68176,68186,10
13.0066204071,80.2424697876,68186,68196,10
13.0066299438,80.2431182861,68196,68206,10
13.0066299438,80.2435684204,68206,68217,11
13.0066099167,80.2440032959,68217,68227,10
13.0066299438,80.2444992065,68227,68237,10
13.0066299438,80.2449493408,68237,68247,10
13.0066699982,80.2455062866,68247,68257,10
13.0066900253,80.2461929321,68257,68267,10
13.0067100525,80.2468719482,68267,68277,10
13.0065402985,80.2473602295,68277,68288,11
13.006360054,80.2473678589,68288,68298,10
13.0061101913,80.2473602295,68298,68338,40
13.0061101913,80.2473602295,68338,68348,10
13.00578022,80.2472991943,68348,68358,10
13.0053596497,80.2473220825,68358,68369,11
13.0046195984,80.2473373413,68369,68379,10
13.0037603378,80.2474517822,68379,68389,10
13.0028400421,80.2475662231,68389,68399,10
13.0020704269,80.247718811,68399,68409,10
13.0012598038,80.2479324341,68409,68419,10
13.0002803802,80.2481689453,68419,68429,10
12.9992103577,80.2484436035,68429,68439,10
12.9980897903,80.2487411499,68439,68450,11
12.9967699051,80.2490386963,68450,68460,10
12.9955301285,80.2493667603,68460,68470,10
12.9942903519,80.2497024536,68470,68480,10
12.9930095673,80.2500076294,68480,68490,10
12.9918003082,80.2503204346,68490,68500,10
12.990940094,80.2505722046,68500,68520,20
12.990940094,80.2505722046,68520,68531,11
12.9904499054,80.2506637573,68531,68541,10
12.9896001816,80.2508773804,68541,68601,60
12.9896001816,80.2508773804,68601,68612,11
12.9894695282,80.2508773804,68612,68855,243
12.9894695282,80.2508773804,68855,68865,10
12.9891996384,80.2509689331,68865,68875,10
12.9888601303,80.2510528564,68875,68885,10
12.9885101318,80.2511367798,68885,68895,10
12.9879999161,80.2512893677,68895,68905,10
12.9875297546,80.2514038086,68905,68915,10
12.9870796204,80.2515182495,68915,68926,11
12.9864902496,80.2516784668,68926,68936,10
12.9858398438,80.2518615723,68936,68946,10
12.9853696823,80.2519607544,68946,68956,10
12.985039711,80.2520370483,68956,68966,10
12.9845504761,80.2521896362,68966,68976,10
12.9837398529,80.2524032593,68976,68986,10
12.9828195572,80.2525405884,68986,68996,10
12.9819002151,80.2525863647,68996,69007,11
12.981010437,80.2526168823,69007,69017,10
12.9804496765,80.2526779175,69017,69027,10
12.9802503586,80.2527389526,69027,69037,10
12.9798498154,80.2527008057,69037,69047,10
12.9792995453,80.2526321411,69047,69057,10
12.9787998199,80.2525634766,69057,69067,10
12.9784402847,80.2524490356,69067,69088,21
12.9784402847,80.2524490356,69088,69098,10
12.978219986,80.2522964478,69098,69108,10
12.9781198502,80.2522201538,69108,69118,10
12.977809906,80.2519378662,69118,69128,10
12.9771795273,80.2514190674,69128,69138,10
12.9762096405,80.2510681152,69138,69148,10
12.975110054,80.2507705688,69148,69159,11
12.9737701416,80.2503814697,69159,69169,10
12.9726295471,80.2500762939,69169,69179,10
12.971570015,80.2497787476,69179,69189,10
12.9705295563,80.2494888306,69189,69199,10
12.9696102142,80.2491378784,69199,69209,10
12.9686002731,80.2487030029,69209,69219,10
12.96778965,80.2483825684,69219,69229,10
12.9673299789,80.2482070923,69229,69240,11
12.9670000076,80.2480697632,69240,69250,10
12.9665002823,80.2478179932,69250,69260,10
12.9658098221,80.2475204468,69260,69270,10
12.9648704529,80.2471618652,69270,69300,30
12.9648704529,80.2471618652,69300,69310,10
12.9645500183,80.2470703125,69310,69341,31
12.9645500183,80.2470703125,69341,69351,10
12.9643201828,80.2470016479,69351,69361,10
12.964099884,80.2469177246,69361,69371,10
12.9638996124,80.2468338013,69371,69381,10
12.9634599686,80.2466430664,69381,69391,10
12.9628801346,80.2463607788,69391,69402,11
12.9620704651,80.2459793091,69402,69412,10
12.9611797333,80.245552063,69412,69422,10
12.9603004456,80.2451477051,69422,69432,10
12.9594497681,80.2447662354,69432,69483,51
12.9594497681,80.2447662354,69483,69493,10
12.9591503143,80.2446136475,69493,69503,10
12.9588403702,80.2444610596,69503,69513,10
12.9581604004,80.2441711426,69513,69523,10
12.9576997757,80.2440109253,69523,69533,10
12.957110405,80.2437820435,69533,69543,10
12.9563503265,80.243560791,69543,69564,21
12.9563503265,80.243560791,69564,69574,10
12.955739975,80.2433013916,69574,69584,10
12.9551296234,80.2429580688,69584,69594,10
12.9545497894,80.2426834106,69594,69604,10
12.9539699554,80.2424468994,69604,69614,10
12.9533004761,80.2421417236,69614,69624,10
12.9526195526,80.2418823242,69624,69635,11
12.9520101547,80.2417068481,69635,69645,10
12.9517097473,80.2416000366,69645,69655,10
12.9516000748,80.2415466309,69655,69665,10
12.9511098862,80.2413635254,69665,69675,10
12.950510025,80.2411804199,69675,69685,10
12.9498901367,80.2409973145,69685,69695,10
12.949259758,80.2407913208,69695,69705,10
12.9486303329,80.240562439,69705,69716,11
12.9478797913,80.2402420044,69716,69726,10
12.9472703934,80.239982605,69726,69736,10
12.9467697144,80.2398223877,69736,69756,20
12.9467697144,80.2398223877,69756,69766,10
12.9466495514,80.2397537231,69766,69776,10
12.9461402893,80.2395401001,69776,69786,10
12.9453802109,80.2391815186,69786,69797,11
12.9445695877,80.2384185791,69797,69807,10
12.943810463,80.2375869751,69807,69817,10
12.9430398941,80.2368011475,69817,69827,10
12.9419698715,80.2362670898,69827,69837,10
12.9408597946,80.2360076904,69837,69847,10
12.939909935,80.2357788086,69847,69867,20
12.939909935,80.2357788086,69867,69878,11
12.9394798279,80.2355804443,69878,69888,10
12.9386997223,80.2351608276,69888,69898,10
12.9376802444,80.2346572876,69898,69908,10
12.9365501404,80.2341308594,69908,69918,10
12.9357204437,80.233757019,69918,69928,10
12.9350996017,80.2334594727,69928,69938,10
12.9337596893,80.2328720093,69938,69959,21
12.9337596893,80.2328720093,69959,69969,10
12.9334402084,80.2326889038,69969,69979,10
12.9327297211,80.2323913574,69979,69989,10
12.9317398071,80.2320632935,69989,69999,10
12.9305400848,80.2316665649,69999,70009,10
12.9293298721,80.2313766479,70009,70019,10
12.9280900955,80.2311630249,70019,70029,10
12.9268598557,80.2310180664,70029,70040,11
12.9260196686,80.2309494019,70040,70050,10
12.9259700775,80.2309417725,70050,70060,10
12.9255800247,80.2308807373,70060,70070,10
12.9248695374,80.2307891846,70070,70080,10
12.9238700867,80.2306594849,70080,70090,10
12.922659874,80.2304763794,70090,70100,10
12.9213399887,80.2302780151,70100,70111,11
12.9197998047,80.2300796509,70111,70121,10
12.9186096191,80.229927063,70121,70131,10
12.917429924,80.2297592163,70131,70141,10
12.9164600372,80.2296600342,70141,70151,10
12.915140152,80.2294692993,70151,70161,10
12.9139604568,80.2293319702,70161,70171,10
12.9132404327,80.2292404175,70171,70192,21
12.9132404327,80.2292404175,70192,70202,10
12.9131097794,80.2292327881,70202,70212,10
12.9125003815,80.2291412354,70212,70222,10
12.9115495682,80.2289886475,70222,70232,10
12.9103603363,80.2288208008,70232,70242,10
12.9090499878,80.2286224365,70242,70252,10
12.9080295563,80.2284393311,70252,70262,10
12.9074201584,80.2283401489,70262,70273,11
12.9070100784,80.228302002,70273,70283,10
12.9065504074,80.2282409668,70283,70293,10
12.9058303833,80.2281799316,70293,70303,10
12.9057502747,80.2281799316,70303,70313,10
12.9055500031,80.2281417847,70313,70323,10
12.90487957,80.2280883789,70323,70333,10
12.9038095474,80.2280502319,70333,70384,51
12.9038095474,80.2280502319,70384,70394,10
12.9037303925,80.2280426025,70394,70404,10
12.9033203125,80.2280197144,70404,70414,10
12.9029197693,80.2279968262,70414,70424,10
12.9026203156,80.2279815674,70424,70435,11
12.9022302628,80.2279586792,70435,70445,10
12.9017896652,80.2279205322,70445,70455,10
12.9014501572,80.2279205322,70455,70465,10
12.9010400772,80.2279129028,70465,70698,233
12.9010400772,80.2279129028,70698,70708,10
12.9008302689,80.227897644,70708,70718,10
12.9004802704,80.2278671265,70718,70728,10
12.9000101089,80.2278289795,70728,70738,10
12.8992500305,80.2277984619,70738,70759,21
12.8992500305,80.2277984619,70759,70769,10
12.8990297318,80.2277526855,70769,70779,10
12.8983898163,80.227722168,70779,70789,10
12.8974704742,80.2276611328,70789,70799,10
12.8964004517,80.2276077271,70799,70809,10
12.8952903748,80.2275619507,70809,70819,10
12.8941297531,80.2275238037,70819,70830,11
12.8930702209,80.227432251,70830,70840,10
12.8925104141,80.2273712158,70840,70850,10
12.8919401169,80.2273178101,70850,70860,10
12.8910198212,80.2273025513,70860,70870,10
12.8898696899,80.2273025513,70870,70880,10
12.8887195587,80.2273025513,70880,70890,10
12.8877000809,80.2272186279,70890,70901,11
12.8864803314,80.2269973755,70901,70911,10
12.8853998184,80.2267379761,70911,70921,10
12.8847398758,80.2266693115,70921,70931,10
12.8846998215,80.2266693115,70931,70941,10
12.8846101761,80.2266464233,70941,70951,10
12.8840398788,80.2266387939,70951,70961,10
12.8830900192,80.2266464233,70961,70971,10
12.8818798065,80.2266693115,70971,70982,11
12.8804397583,80.2266921997,70982,70992,10
12.8790798187,80.2267227173,70992,71002,10
12.8778095245,80.2267913818,71002,71012,10
12.8767204285,80.2268829346,71012,71022,10
12.8762302399,80.2269287109,71022,71032,10
12.8761997223,80.2269363403,71032,71042,10
12.8761796951,80.2269363403,71042,71052,10
12.8757696152,80.2269210815,71052,71063,11
12.8748703003,80.2268295288,71063,71073,10
12.8737297058,80.2266998291,71073,71083,10
12.8725299835,80.2266387939,71083,71093,10
12.8718795776,80.2266616821,71093,71103,10
12.8716497421,80.2266387939,71103,71113,10
12.870929718,80.226600647,71113,71123,10
12.869890213,80.2265090942,71123,71133,10
12.8686599731,80.2263717651,71133,71144,11
12.8671998978,80.2264175415,71144,71154,10
12.8660202026,80.2265319824,71154,71164,10
12.8646802902,80.2265319824,71164,71174,10
12.8633003235,80.2264785767,71174,71184,10
12.8620004654,80.2265319824,71184,71194,10
12.8609895706,80.2265701294,71194,71204,10
12.8606300354,80.2265319824,71204,71214,10
12.8598403931,80.2264099121,71214,71225,11
12.8589696884,80.2262802124,71225,71235,10
12.8585100174,80.2262268066,71235,71245,10
12.8576698303,80.2262191772,71245,71255,10
12.8565502167,80.2263183594,71255,71265,10
12.8552598953,80.2264633179,71265,71275,10
12.8539600372,80.2265777588,71275,71285,10
12.852640152,80.2266464233,71285,71295,10
12.851360321,80.2266616821,71295,71306,11
12.8502397537,80.2266387939,71306,71316,10
12.8500699997,80.2266235352,71316,71326,10
12.8495101929,80.2265777588,71326,71336,10
12.8485803604,80.2265701294,71336,71346,10
12.8474197388,80.2265777588,71346,71356,10
12.8464603424,80.2266235352,71356,71366,10
12.8460197449,80.2266387939,71366,71377,11
12.8456802368,80.2266235352,71377,71387,10
12.8456001282,80.2266235352,71387,71397,10
12.8453903198,80.2265777588,71397,71407,10
12.8447599411,80.226600647,71407,71417,10
12.8438997269,80.2266921997,71417,71427,10
12.8427200317,80.2268829346,71427,71437,10
12.8413896561,80.2271575928,71437,71447,10
12.8403396606,80.2274475098,71447,71458,11
12.8397502899,80.2275924683,71458,71468,10
12.8396596909,80.2276382446,71468,71478,10
12.83934021,80.2277297974,71478,71488,10
12.8385400772,80.2279510498,71488,71498,10
12.8374204636,80.2281723022,71498,71508,10
12.8360395432,80.2283782959,71508,71518,10
12.8346204758,80.2286224365,71518,71528,10
12.8333797455,80.2288208008,71528,71539,11
12.8323497772,80.2290420532,71539,71569,30
12.8323497772,80.2290420532,71569,71579,10
12.8320798874,80.2290802002,71579,71589,10
12.8319301605,80.2291107178,71589,71609,20
12.8319301605,80.2291107178,71609,71620,11
12.8315200806,80.2291870117,71620,71630,10
12.831029892,80.229309082,71630,71640,10
12.8303604126,80.2295684814,71640,71650,10
12.8294801712,80.2298965454,71650,71660,10
12.8285303116,80.2303390503,71660,71670,10
12.8277597427,80.230796814,71670,71680,10
12.8269500732,80.2312011719,71680,71690,10
12.8258399963,80.231338501,71690,71701,11
12.8247499466,80.231338501,71701,71711,10
12.8237400055,80.231086731,71711,71721,10
12.8227396011,80.2307662964,71721,71731,10
12.8217201233,80.2304992676,71731,71741,10
12.8207302094,80.2304229736,71741,71751,10
12.8197803497,80.2304534912,71751,71761,10
12.8189601898,80.2304611206,71761,71771,10
12.818860054,80.2304382324,71771,71782,11
12.8186397552,80.2303390503,71782,71792,10
12.8180799484,80.2300567627,71792,71802,10
12.8172597885,80.2296905518,71802,71812,10
12.816280365,80.2294311523,71812,71822,10
12.8152303696,80.2292785645,71822,71832,10
12.814160347,80.2291183472,71832,71842,10
12.8130598068,80.2287979126,71842,71852,10
12.8119802475,80.2284088135,71852,71863,11
12.8108196259,80.2279815674,71863,71873,10
12.8097801208,80.2275314331,71873,71883,10
12.8088302612,80.2269821167,71883,71893,10
12.807970047,80.2262496948,71893,71903,10
12.8071804047,80.2255706787,71903,71913,10
12.8064899445,80.2249603271,71913,71923,10
12.8058204651,80.2243728638,71923,71934,11
12.804889679,80.2239532471,71934,71954,20
12.804889679,80.2239532471,71954,71964,10
12.8045501709,80.2238922119,71964,71974,10
12.803850174,80.2238388062,71974,71984,10
12.8029699326,80.223739624,71984,71994,10
12.8019399643,80.2236175537,71994,72004,10
12.8009796143,80.2235717773,72004,72015,11
12.8008804321,80.2235488892,72015,72025,10
12.8003797531,80.223487854,72025,72035,10
12.799539566,80.2234268188,72035,72045,10
12.7984399796,80.2232818604,72045,72055,10
12.7972402573,80.2231216431,72055,72065,10
12.7960100174,80.2229309082,72065,72075,10
12.7957801819,80.2229003906,72075,72085,10
12.7954702377,80.2228469849,72085,72096,11
12.7946100235,80.2227020264,72096,72106,10
12.7935695648,80.2225494385,72106,72116,10
12.7925901413,80.2223815918,72116,72126,10
12.7917404175,80.2221832275,72126,72136,10
12.7907600403,80.2219467163,72136,72146,10
12.7899198532,80.2217178345,72146,72156,10
12.7892398834,80.2214813232,72156,72166,10
12.788599968,80.2212219238,72166,72177,11
12.7878904343,80.2209396362,72177,72187,10
12.7872495651,80.2207107544,72187,72197,10
12.7870197296,80.2206192017,72197,72207,10
12.7867603302,80.2205200195,72207,72217,10
12.7863502502,80.2203521729,72217,72227,10
12.7859601974,80.2201919556,72227,72247,20
12.7859601974,80.2201919556,72247,72258,11
12.7856702805,80.2200775146,72258,72268,10
12.7854003906,80.2199401855,72268,72278,10
12.7851800919,80.2198104858,72278,72288,10
12.7847995758,80.219619751,72288,72298,10
12.7846698761,80.2195587158,72298,72308,10
12.7844696045,80.2194519043,72308,72318,10
12.7839202881,80.2191390991,72318,72329,11
12.7829303741,80.2185974121,72329,72339,10
12.7818403244,80.2180023193,72339,72349,10
12.7807102203,80.2173919678,72349,72359,10
12.7795295715,80.2167510986,72359,72369,10
12.7783002853,80.2161102295,72369,72379,10
12.7769804001,80.2155532837,72379,72389,10
12.7756595612,80.2150115967,72389,72399,10
12.7744197845,80.2145004272,72399,72410,11
12.7730102539,80.2139434814,72410,72420,10
12.7716999054,80.2134628296,72420,72430,10
12.7703800201,80.2129974365,72430,72440,10
12.7690095901,80.2125091553,72440,72450,10
12.7676000595,80.2119903564,72450,72460,10
12.7661304474,80.2114562988,72460,72470,10
12.7646102905,80.2109069824,72470,72480,10
12.7632398605,80.2104034424,72480,72491,11
12.7614002228,80.2096405029,72491,72501,10
12.7599897385,80.2089309692,72501,72511,10
12.7594499588,80.208656311,72511,72521,10
12.7590799332,80.2084579468,72521,72531,10
12.7583198547,80.2080307007,72531,72541,10
12.7572803497,80.2074432373,72541,72551,10
12.7560596466,80.2067489624,72551,72561,10
12.7547302246,80.2060165405,72561,72572,11
12.7532701492,80.2052383423,72572,72582,10
12.7519903183,80.2045898438,72582,72592,10
12.7515497208,80.2043685913,72592,72602,10
12.7511701584,80.2041320801,72602,72612,10
12.7504196167,80.2037506104,72612,72622,10
12.749329567,80.2031936646,72622,72632,10
12.7480401993,80.2025299072,72632,72642,10
12.7467002869,80.2018280029,72642,72653,11
12.7451696396,80.2010498047,72653,72663,10
12.7440795898,80.2001266479,72663,72673,10
12.7431297302,80.1990432739,72673,72683,10
12.7421503067,80.1978912354,72683,72693,10
12.7413196564,80.1967391968,72693,72703,10
12.7405500412,80.1956710815,72703,72713,10
12.7397003174,80.194480896,72713,72723,10
12.7387895584,80.1932220459,72723,72734,11
12.7377996445,80.1920623779,72734,72744,10
12.7369298935,80.1912002563,72744,72754,10
12.7359600067,80.1902313232,72754,72764,10
12.7348604202,80.1895675659,72764,72774,10
12.7336301804,80.1894378662,72774,72784,10
12.7324104309,80.1892700195,72784,72794,10
12.7317199707,80.1891403198,72794,72805,11
12.7308301926,80.1890487671,72805,72815,10
12.7302103043,80.1889801025,72815,72825,10
12.7298803329,80.188949585,72825,72835,10
12.7296495438,80.1889419556,72835,72845,10
12.72935009,80.1889419556,72845,72855,10
12.7287101746,80.1888504028,72855,72865,10
12.7283802032,80.1887588501,72865,72875,10
12.7277498245,80.1885528564,72875,72886,11
12.7272396088,80.1884078979,72886,72896,10
12.7264900208,80.1882400513,72896,72906,10
12.7255096436,80.1880722046,72906,72926,20
12.7255096436,80.1880722046,72926,72936,10
12.7251996994,80.1879882813,72936,72946,10
12.7251596451,80.1879882813,72946,72956,10
12.724729538,80.1879196167,72956,72967,11
12.72397995,80.18775177,72967,72977,10
12.7234802246,80.1876068115,72977,72987,10
12.7229204178,80.187461853,72987,72997,10
12.722240448,80.1876373291,72997,73027,30
12.722240448,80.1876373291,73027,73037,10
12.7221403122,80.1879577637,73037,73048,11
12.7219696045,80.1877593994,73048,73129,81
12.7220201492,80.1875,73129,73605,476
12.7220802307,80.1875076294,73605,73808,203
12.7220497131,80.1875228882,73808,74498,690
12.7220001221,80.1876373291,74498,74600,102
12.7220201492,80.1876068115,74600,74691,91
12.7220697403,80.187286377,74691,74711,20
12.7220697403,80.187286377,74711,74721,10
12.7223396301,80.1872634888,74721,74731,10
12.7225103378,80.1873321533,74731,74741,10
12.7229795456,80.1874694824,74741,74751,10
12.7235498428,80.1876220703,74751,74762,11
12.7242097855,80.1877975464,74762,74772,10
12.7248401642,80.1879196167,74772,74782,10
12.7253398895,80.1880187988,74782,74792,10
12.7258901596,80.188117981,74792,74802,10
12.7260799408,80.1881484985,74802,74812,10
12.7264099121,80.1882019043,74812,74822,10
12.7270698547,80.1883621216,74822,74832,10
12.7278995514,80.1885604858,74832,74843,11
12.7288999557,80.188873291,74843,74853,10
12.7296600342,80.188911438,74853,74863,10
12.7302999496,80.1890029907,74863,74873,10
12.7305603027,80.1890182495,74873,74883,10
12.7312402725,80.1890869141,74883,74893,10
12.7321395874,80.1892166138,74893,74903,10
12.7331104279,80.1893615723,74903,74914,11
12.7343301773,80.1894683838,74914,74924,10
12.7355604172,80.1897964478,74924,74934,10
12.7363500595,80.1904678345,74934,74944,10
12.7364597321,80.1905822754,74944,74954,10
12.7369003296,80.1910476685,74954,74964,10
12.7376499176,80.1918106079,74964,74974,10
12.7385902405,80.1927871704,74974,74984,10
12.7394895554,80.1939697266,74984,74995,11
12.7403497696,80.1951828003,74995,75005,10
12.7411298752,80.1962585449,75005,75015,10
12.7418403625,80.1972808838,75015,75025,10
12.7420902252,80.1976089478,75025,75035,10
12.7421998978,80.1977615356,75035,75045,10
12.7426996231,80.1983566284,75045,75055,10
12.743470192,80.199256897,75055,75065,10
12.7443704605,80.2002792358,75065,75076,11
12.7455701828,80.2011795044,75076,75086,10
12.7468395233,80.2018432617,75086,75096,10
12.748169899,80.202507019,75096,75106,10
12.7495298386,80.2032089233,75106,75116,10
12.750869751,80.2038879395,75116,75126,10
12.7521696091,80.2045669556,75126,75136,10
12.7534999847,80.2052764893,75136,75145,9
12.7547397614,80.2059326172,75145,75157,12
12.7564401627,80.2068481445,75157,75167,10
12.7578401566,80.2076263428,75167,75177,10
12.7592000961,80.2083816528,75177,75187,10
12.7600803375,80.2088623047,75187,75197,10
12.760219574,80.2089233398,75197,75207,10
12.7609996796,80.2093276978,75207,75217,10
12.7620601654,80.2098388672,75217,75227,10
12.7633695602,80.2103729248,75227,75238,11
12.7649402618,80.2109603882,75238,75248,10
12.7664499283,80.2115097046,75248,75258,10
12.7679595947,80.212059021,75258,75268,10
12.7694797516,80.2126083374,75268,75278,10
12.7708997726,80.2131195068,75278,75288,10
12.7723503113,80.2136383057,75288,75298,10
12.7738399506,80.2142105103,75298,75308,10
12.775349617,80.2147979736,75308,75319,11
12.7770204544,80.2154693604,75319,75329,10
12.7784204483,80.2160873413,75329,75339,10
12.7796897888,80.2167510986,75339,75349,10
12.7809400558,80.2174224854,75349,75359,10
12.7820196152,80.2180404663,75359,75369,10
12.7832202911,80.2186965942,75369,75379,10
12.7840204239,80.2191619873,75379,75390,11
12.7847099304,80.2195587158,75390,75400,10
12.7853899002,80.2199020386,75400,75410,10
12.7861795425,80.2202835083,75410,75440,30
12.7861795425,80.2202835083,75440,75450,10
12.7864103317,80.2203826904,75450,75460,10
12.7867603302,80.2205200195,75460,75471,11
12.7874603271,80.2207794189,75471,75481,10
12.787730217,80.2208709717,75481,75491,10
12.7878599167,80.2209320068,75491,75501,10
12.7883396149,80.2211227417,75501,75511,10
12.7890195847,80.2213668823,75511,75521,10
12.7896404266,80.2216033936,75521,75531,10
12.7901601791,80.2217407227,75531,75541,10
12.7907896042,80.2219009399,75541,75552,11
12.7916297913,80.2221069336,75552,75562,10
12.7927598953,80.2223587036,75562,75572,10
12.7940196991,80.2225494385,75572,75582,10
12.7952098846,80.2227401733,75582,75592,10
12.7961502075,80.2228775024,75592,75602,10
12.7963895798,80.2229385376,75602,75612,10
12.79708004,80.2230834961,75612,75622,10
12.7981300354,80.2232437134,75622,75633,11
12.799489975,80.2233810425,75633,75643,10
12.8008403778,80.2235031128,75643,75653,10
12.8019304276,80.2236022949,75653,75663,10
12.8029003143,80.2237167358,75663,75673,10
12.8038797379,80.2238311768,75673,75683,10
12.8047504425,80.2238998413,75683,75693,10
12.8054800034,80.2240600586,75693,75703,10
12.8055896759,80.2240982056,75703,75714,11
12.8059797287,80.2244033813,75714,75724,10
12.8066501617,80.2250137329,75724,75734,10
12.8075199127,80.2257614136,75734,75744,10
12.8085203171,80.2266082764,75744,75754,10
12.8095798492,80.2273788452,75754,75764,10
12.8108701706,80.2279434204,75764,75774,10
12.8121995926,80.2284317017,75774,75785,11
12.8136196136,80.2289199829,75785,75795,10
12.8149003983,80.2292175293,75795,75805,10
12.8161897659,80.2293777466,75805,75815,10
12.8175296783,80.2297286987,75815,75825,10
12.8187398911,80.2303237915,75825,75835,10
12.8196697235,80.2304077148,75835,75845,10
12.8198299408,80.2304077148,75845,75855,10
12.8203296661,80.2303924561,75855,75866,11
12.8214197159,80.2304077148,75866,75876,10
12.8226604462,80.2307128906,75876,75886,10
12.8239803314,80.2310791016,75886,75896,10
12.8252096176,80.2313308716,75896,75906,10
12.8265104294,80.2312774658,75906,75916,10
12.8275995255,80.2309494019,75916,75926,10
12.8285903931,80.2303771973,75926,75936,10
12.8297195435,80.2298812866,75936,75947,11
12.8311300278,80.2292861938,75947,75967,20
12.8311300278,80.2292861938,75967,75977,10
12.8313798904,80.2292327881,75977,75987,10
12.8315401077,80.2291793823,75987,75997,10
12.8318796158,80.2290802002,75997,76007,10
12.832570076,80.2289505005,76007,76017,10
12.833439827,80.2287902832,76017,76028,11
12.8345098495,80.2285995483,76028,76038,10
12.8355302811,80.2284317017,76038,76048,10
12.8365802765,80.2282714844,76048,76058,10
12.8376502991,80.2281036377,76058,76068,10
12.8386497498,80.2278823853,76068,76078,10
12.8391704559,80.227722168,76078,76088,10
12.8393802643,80.2276077271,76088,76119,31
12.8393802643,80.2276077271,76119,76129,10
12.8396596909,80.2275009155,76129,76139,10
12.8400802612,80.2274627686,76139,76149,10
12.8407001495,80.2273330688,76149,76159,10
12.8415603638,80.2271118164,76159,76169,10
12.8425397873,80.2268981934,76169,76179,10
12.8435401917,80.2267074585,76179,76190,11
12.8447599411,80.2265625,76190,76200,10
12.845459938,80.2265090942,76200,76220,20
12.845459938,80.2265090942,76220,76230,10
12.8457298279,80.2265014648,76230,76240,10
12.8457803726,80.2265014648,76240,76250,10
12.8460998535,80.2265167236,76250,76261,11
12.8468704224,80.2265167236,76261,76271,10
12.8478603363,80.2265319824,76271,76281,10
12.8490200043,80.2265167236,76281,76291,10
12.8502397537,80.2265167236,76291,76301,10
12.8514995575,80.2265472412,76301,76311,10
12.8527803421,80.2266082764,76311,76321,10
12.8541402817,80.2265319824,76321,76331,10
12.855340004,80.2264022827,76331,76342,11
12.8569803238,80.2262268066,76342,76352,10
12.8581895828,80.2261505127,76352,76362,10
12.8594398499,80.226272583,76362,76372,10
12.8606796265,80.2264633179,76372,76382,10
12.8620004654,80.2264785767,76382,76392,10
12.8634500504,80.2264404297,76392,76402,10
12.8649501801,80.2264862061,76402,76412,10
12.8663196564,80.2264709473,76412,76423,11
12.8681001663,80.2263031006,76423,76433,10
12.8694801331,80.2263793945,76433,76443,10
12.870880127,80.2265319824,76443,76453,10
12.8722400665,80.2265777588,76453,76463,10
12.8731403351,80.2265930176,76463,76473,10
12.8734998703,80.2266082764,76473,76483,10
12.8743495941,80.2266998291,76483,76493,10
12.8754997253,80.2268371582,76493,76505,12
12.8764696121,80.2268600464,76505,76515,10
12.8765296936,80.2268600464,76515,76525,10
12.8768396378,80.2268295288,76525,76535,10
12.8774700165,80.2267990112,76535,76545,10
12.8784503937,80.2267227173,76545,76555,10
12.8796701431,80.2266769409,76555,76565,10
12.8810100555,80.2266693115,76565,76575,10
12.8823604584,80.2266464233,76575,76586,11
12.883890152,80.2266235352,76586,76596,10
12.8849201202,80.2266235352,76596,76606,10
12.8857803345,80.2267532349,76606,76616,10
12.8867197037,80.2269973755,76616,76626,10
12.8877096176,80.2272109985,76626,76636,10
12.8889904022,80.2273025513,76636,76646,10
12.8904104233,80.2273025513,76646,76657,11
12.8919496536,80.2272872925,76657,76667,10
12.8931703568,80.2274093628,76667,76677,10
12.8945198059,80.2275466919,76677,76687,10
12.8959703445,80.2276229858,76687,76697,10
12.8974103928,80.2276763916,76697,76707,10
12.8987102509,80.2277603149,76707,76717,10
12.9001903534,80.2278213501,76717,76768,51
12.9001903534,80.2278213501,76768,76778,10
12.9002599716,80.2279129028,76778,76788,10
12.9005498886,80.2279281616,76788,76798,10
12.9008197784,80.2279434204,76798,76808,10
12.9011201859,80.2279586792,76808,76819,11
12.9012498856,80.2279586792,76819,76829,10
12.9013900757,80.2279663086,76829,76839,10
12.9016399384,80.2279663086,76839,76849,10
12.902130127,80.2279815674,76849,76858,9
12.9026699066,80.2279968262,76858,76869,11
12.9029798508,80.2279891968,76869,76879,10
12.9033603668,80.2280426025,76879,76889,10
12.9040403366,80.2281036377,76889,76900,11
12.9048595428,80.2281417847,76900,76910,10
12.90528965,80.2281570435,76910,76991,81
12.90528965,80.2281570435,76991,77001,10
12.9056396484,80.2282104492,77001,77011,10
12.9059200287,80.2282333374,77011,77021,10
12.9060001373,80.2282409668,77021,77031,10
12.9061899185,80.2282409668,77031,77041,10
12.9066896439,80.2282562256,77041,77052,11
12.9069404602,80.2282791138,77052,77062,10
12.9075202942,80.2283630371,77062,77072,10
12.9084596634,80.2285232544,77072,77082,10
12.9095497131,80.2286987305,77082,77092,10
12.9105997086,80.2288818359,77092,77102,10
12.9114103317,80.229019165,77102,77112,10
12.912320137,80.229133606,77112,77122,10
12.9132995605,80.2292633057,77122,77133,11
12.9140195847,80.2293395996,77133,77143,10
12.9140396118,80.2293395996,77143,77153,10
12.9144296646,80.2294006348,77153,77163,10
12.9151802063,80.2294998169,77163,77173,10
12.9162797928,80.2296600342,77173,77183,10
12.9174995422,80.2298202515,77183,77193,10
12.9188995361,80.2300262451,77193,77203,10
12.9203701019,80.23021698,77203,77214,11
12.9219799042,80.2304229736,77214,77224,10
12.9234399796,80.2306594849,77224,77234,10
12.9247903824,80.2308425903,77234,77244,10
12.9258403778,80.2309417725,77244,77254,10
12.9261798859,80.2309570313,77254,77264,10
12.9265604019,80.2310409546,77264,77274,10
12.9273796082,80.2311401367,77274,77284,10
12.9291496277,80.2313766479,77284,77295,11
12.9291496277,80.2313766479,77295,77305,10
12.9297504425,80.2315216064,77305,77315,10
12.930680275,80.2317733765,77315,77325,10
12.9315595627,80.2320480347,77325,77335,10
12.932390213,80.2323379517,77335,77345,10
12.933259964,80.232673645,77345,77357,12
12.9336395264,80.2328414917,77357,77367,10
12.9338197708,80.2329177856,77367,77378,11
12.9346103668,80.2332763672,77378,77388,10
12.935379982,80.2336425781,77388,77398,10
12.9358901978,80.2338790894,77398,77407,9
12.9365901947,80.2342071533,77407,77418,11
12.9374799728,80.2346420288,77418,77428,10
12.9384098053,80.2350921631,77428,77438,10
12.9392900467,80.2355422974,77438,77449,11
12.9396495819,80.235710144,77449,77459,10
12.9398202896,80.235786438,77459,77469,10
12.9405202866,80.2360229492,77469,77479,10
12.9414100647,80.2362365723,77479,77489,10
12.9424600601,80.236541748,77489,77499,10
12.9434099197,80.2371826172,77499,77509,10
12.9442195892,80.2380981445,77509,77519,10
12.9450302124,80.2389907837,77519,77530,11
12.946149826,80.239616394,77530,77540,10
12.94713974,80.240020752,77540,77550,10
12.9473304749,80.2400894165,77550,77560,10
12.9477100372,80.2402572632,77560,77570,10
12.9484796524,80.2405776978,77570,77580,10
12.9493904114,80.2409362793,77580,77590,10
12.9503898621,80.2412414551,77590,77600,10
12.9510498047,80.2414474487,77600,77611,11
12.9512996674,80.2415313721,77611,77621,10
12.95195961,80.2417831421,77621,77631,10
12.9528598785,80.2421112061,77631,77641,10
12.9535799026,80.2424087524,77641,77651,10
12.9547595978,80.2428817749,77651,77661,10
12.9556303024,80.2431793213,77661,77671,10
12.9563102722,80.2434234619,77671,77681,10
12.9566698074,80.243560791,77681,77692,11
12.9575500488,80.2439804077,77692,77702,10
12.9580602646,80.2442092896,77702,77712,10
12.9587001801,80.2444915771,77712,77722,10
12.9593801498,80.2448196411,77722,77732,10
12.9601602554,80.2451705933,77732,77742,10
12.9614095688,80.2457733154,77742,77752,10
12.9625597,80.2463226318,77752,77762,10
12.9632997513,80.2466812134,77762,77823,61
12.9632997513,80.2466812134,77823,77833,10
12.9635601044,80.2468032837,77833,77844,11
12.9641704559,80.2470397949,77844,77854,10
12.9651298523,80.2473831177,77854,77864,10
12.9660997391,80.247756958,77864,77874,10
12.9666700363,80.2480010986,77874,77884,10
12.9667701721,80.2480621338,77884,77894,10
12.9671802521,80.2482833862,77894,77904,10
12.9679498672,80.2486190796,77904,77914,10
12.9689798355,80.2490463257,77914,77925,11
12.9703102112,80.2495574951,77925,77935,10
12.9717102051,80.2499694824,77935,77945,10
12.9731798172,80.2503509521,77945,77955,10
12.9745903015,80.2507324219,77955,77965,10
12.9758501053,80.251083374,77965,77975,10
12.9769201279,80.2513885498,77975,77985,10
12.9781398773,80.2522125244,77985,77995,10
12.9783401489,80.2523422241,77995,78006,11
12.978679657,80.2525177002,78006,78016,10
12.979470253,80.2526397705,78016,78036,20
12.979470253,80.2526397705,78036,78046,10
12.979590416,80.2526779175,78046,78056,10
12.9800796509,80.2527084351,78056,78066,10
12.9807500839,80.2526931763,78066,78076,10
12.9818601608,80.2526397705,78076,78087,11
12.9832401276,80.252532959,78087,78097,10
12.9844903946,80.2522201538,78097,78107,10
12.9850997925,80.2520294189,78107,78157,50
12.9853401184,80.251953125,78157,78178,21
12.9853401184,80.251953125,78178,78188,10
12.9855804443,80.2518768311,78188,78218,30
12.9855804443,80.2518768311,78218,78228,10
12.9859199524,80.2518234253,78228,78238,10
12.9861001968,80.2517700195,78238,78249,11
12.9861803055,80.2517471313,78249,78259,10
12.9866504669,80.2516479492,78259,78269,10
12.9872903824,80.251449585,78269,78279,10
12.9876804352,80.251373291,78279,78289,10
12.9883298874,80.2512207031,78289,78299,10
12.9891996384,80.2509918213,78299,78309,10
12.9894304276,80.2509307861,78309,78320,11
12.9897298813,80.2508621216,78320,78330,10
12.9905195236,80.2506637573,78330,78340,10
12.9915304184,80.2503814697,78340,78350,10
12.9927101135,80.2500915527,78350,78360,10
12.9939203262,80.2497634888,78360,78370,10
12.99518013,80.249458313,78370,78380,10
12.9965496063,80.2491226196,78380,78390,10
12.9980201721,80.2487411499,78390,78401,11
12.9996795654,80.2482833862,78401,78411,10
13.0011796951,80.2479171753,78411,78421,10
13.0022096634,80.2476806641,78421,78431,10
13.0032300949,80.2474975586,78431,78441,10
13.0044698715,80.2473602295,78441,78451,10
13.0055799484,80.2471694946,78451,78461,10
13.0063800812,80.2465591431,78461,78471,10
13.006480217,80.246383667,78471,78482,11
13.006529808,80.2460479736,78482,78492,10
13.0065498352,80.2454681396,78492,78502,10
13.0065002441,80.2448577881,78502,78512,10
13.0065002441,80.2442398071,78512,78522,10
13.0064697266,80.243560791,78522,78532,10
13.0064601898,80.2428970337,78532,78542,10
13.0064897537,80.2419815063,78542,78552,10
13.0065202713,80.2409362793,78552,78563,11
13.0066604614,80.2398529053,78563,78573,10
13.0069198608,80.2386474609,78573,78583,10
13.0072202682,80.2375030518,78583,78593,10
13.0073003769,80.2368011475,78593,78603,10
13.0073204041,80.2367706299,78603,78613,10
13.0074796677,80.2363433838,78613,78623,10
13.0076398849,80.2355270386,78623,78633,10
13.0078601837,80.2344436646,78633,78644,11
13.0081501007,80.2329483032,78644,78654,10
13.0084400177,80.2313995361,78654,78664,10
13.0087499619,80.2298583984,78664,78674,10
13.009059906,80.2283782959,78674,78684,10
13.0095796585,80.2270812988,78684,78694,10
13.0100698471,80.2260284424,78694,78704,10
13.0103797913,80.2254714966,78704,78715,11
13.0105495453,80.2251586914,78715,78725,10
13.0107603073,80.2246017456,78725,78735,10
13.0111103058,80.2237930298,78735,78745,10
13.0114297867,80.2229614258,78745,78755,10
13.011759758,80.2220001221,78755,78765,10
13.0120697021,80.2214813232,78765,78775,10
13.0123701096,80.2217102051,78775,78785,10
13.0128297806,80.2223587036,78785,78796,11
13.0135602951,80.2231216431,78796,78806,10
13.0140304565,80.2236709595,78806,78816,10
13.0144195557,80.2240600586,78816,78826,10
13.0149698257,80.2247009277,78826,78836,10
13.0154495239,80.2250518799,78836,78846,10
13.0155096054,80.2251205444,78846,78856,10
13.0159301758,80.2254104614,78856,78866,10
13.0166702271,80.2252807617,78866,78877,11
13.0177602768,80.224822998,78877,78887,10
13.0187101364,80.2244415283,78887,78897,10
13.0195102692,80.2244567871,78897,78907,10
13.019610405,80.2245025635,78907,78917,10
13.0198402405,80.2246780396,78917,78927,10
13.020409584,80.2250976563,78927,78937,10
13.0212001801,80.2257080078,78937,78947,10
13.0219297409,80.2262268066,78947,78958,11
13.0224399567,80.2266921997,78958,78968,10
13.0224399567,80.2266998291,78968,78978,10
13.0225000381,80.2267837524,78978,78988,10
13.0228700638,80.2270965576,78988,78998,10
13.0234298706,80.2276077271,78998,79008,10
13.0240001678,80.2281799316,79008,79018,10
13.0245304108,80.2288894653,79018,79028,10
13.0251598358,80.2297363281,79028,79039,11
13.0256795883,80.2305526733,79039,79049,10
13.0258998871,80.2311630249,79049,79079,30
13.0258998871,80.2311630249,79079,79089,10
13.0259504318,80.2313308716,79089,79099,10
13.0260601044,80.2317733765,79099,79109,10
13.0263004303,80.2325897217,79109,79120,11
13.0267801285,80.2334976196,79120,79130,10
13.0273399353,80.2344207764,79130,79140,10
13.0278396606,80.2353515625,79140,79150,10
13.0285396576,80.2361526489,79150,79160,10
13.0292301178,80.2369003296,79160,79170,10
13.0298404694,80.2376708984,79170,79180,10
13.0302801132,80.2384719849,79180,79190,10
13.0307197571,80.2392196655,79190,79201,11
13.0310297012,80.2397689819,79201,79211,10
13.0310401917,80.2397918701,79211,79221,10
13.0310897827,80.2398986816,79221,79231,10
13.0312995911,80.2402420044,79231,79241,10
13.0313796997,80.2409133911,79241,79251,10
13.0317401886,80.2416305542,79251,79261,10
13.0321998596,80.2423706055,79261,79272,11
13.0328798294,80.2431716919,79272,79282,10
13.0334796906,80.2440032959,79282,79292,10
13.0340995789,80.2448577881,79292,79302,10
13.0347003937,80.2456207275,79302,79312,10
13.0355396271,80.2461471558,79312,79322,10
13.0357103348,80.2462615967,79322,79332,10
13.0358600616,80.2463684082,79332,79342,10
13.0364198685,80.2464828491,79342,79353,11
13.0372400284,80.2464675903,79353,79363,10
13.0380001068,80.2465667725,79363,79373,10
13.0389604568,80.2468414307,79373,79393,20
13.0389604568,80.2468414307,79393,79403,10
13.0392904282,80.2469024658,79403,79413,10
13.0395898819,80.2470092773,79413,79423,10
13.0402803421,80.2471389771,79423,79434,11
13.0412902832,80.2473220825,79434,79444,10
13.0421199799,80.2474899292,79444,79454,10
13.0426197052,80.2477035522,79454,79464,10
13.0432195663,80.2479171753,79464,79474,10
13.0438804626,80.2479095459,79474,79484,10
13.0445699692,80.2479705811,79484,79494,10
13.0451402664,80.2482299805,79494,79504,10
13.045800209,80.2485198975,79504,79515,11
13.0465803146,80.2485198975,79515,79525,10
13.0470399857,80.2485809326,79525,79535,10
13.0473899841,80.2487487793,79535,79545,10
13.0477800369,80.2491836548,79545,79555,10
13.0481996536,80.2495269775,79555,79565,10
13.048740387,80.2497329712,79565,79575,10
13.0493097305,80.2498397827,79575,79585,10
13.0499200821,80.2499313354,79585,79596,11
13.050860405,80.2500915527,79596,79606,10
13.0516395569,80.2503890991,79606,79616,10
13.0522699356,80.2510528564,79616,79626,10
13.0528697968,80.2518386841,79626,79636,10
13.0534601212,80.2526168823,79636,79646,10
13.0540704727,80.2534484863,79646,79656,10
13.0546998978,80.2543106079,79656,79667,11
13.0552396774,80.2549591064,79667,79677,10
13.0556001663,80.2554168701,79677,79687,10
13.0559797287,80.2559585571,79687,79697,10
13.0562801361,80.2563781738,79697,79707,10
13.0567302704,80.2568511963,79707,79717,10
13.0574102402,80.2574768066,79717,79727,10
13.0579395294,80.2579574585,79727,79737,10
13.0584001541,80.2586135864,79737,79748,11
13.0588998795,80.2592010498,79748,79758,10
13.0592098236,80.2597885132,79758,79768,10
13.0596599579,80.2602233887,79768,79778,10
13.0598201752,80.2602996826,79778,79788,10
13.0602798462,80.2607421875,79788,79798,10
13.0606098175,80.2611618042,79798,79808,10
13.0606803894,80.2612762451,79808,79818,10
13.0611000061,80.261756897,79818,79829,11
13.0616102219,80.2623519897,79829,79839,10
13.0618896484,80.2627563477,79839,79859,20
13.0618896484,80.2627563477,79859,79869,10
13.0621004105,80.2630767822,79869,79879,10
13.0624504089,80.2635498047,79879,79889,10
13.0628900528,80.2640762329,79889,79899,10
13.0634098053,80.2648391724,79899,79910,11
13.0638599396,80.2654800415,79910,79920,10
13.0643196106,80.2660598755,79920,79930,10
13.0648403168,80.2666625977,79930,79940,10
13.0654201508,80.2671585083,79940,79950,10
13.0660600662,80.2678909302,79950,79970,20
13.0660600662,80.2678909302,79970,79980,10
13.066280365,80.2682189941,79980,79991,11
13.0666799545,80.2684707642,79991,80001,10
13.0671596527,80.2687683105,80001,80011,10
13.06772995,80.2691268921,80011,80021,10
13.0681600571,80.2694168091,80021,80031,10
13.0681800842,80.2699203491,80031,80041,10
13.0680904388,80.2706375122,80041,80051,10
13.0680799484,80.2713317871,80051,80062,11
13.0686597824,80.2719116211,80062,80072,10
13.0693397522,80.2723236084,80072,80082,10
13.0699195862,80.2729415894,80082,80092,10
13.0702600479,80.2733383179,80092,80102,10
13.0706596375,80.2739028931,80102,80112,10
13.0712995529,80.274230957,80112,80143,31
13.0712995529,80.274230957,80143,80153,10
13.0716295242,80.2743301392,80153,80163,10
13.07213974,80.2748031616,80163,80173,10
13.072810173,80.2755432129,80173,80183,10
13.0735998154,80.2763137817,80183,80193,10
13.0746097565,80.2763519287,80193,80203,10
13.0756397247,80.2763137817,80203,80213,10
13.0760803223,80.2762908936,80213,80224,11
13.0767602921,80.2762832642,80224,80234,10
13.0775995255,80.2761993408,80234,80244,10
13.0781698227,80.2757720947,80244,80254,10
13.0787200928,80.275138855,80254,80264,10
13.0796699524,80.2752838135,80264,80274,10
13.0809602737,80.275177002,80274,80325,51
13.0809602737,80.275177002,80325,80335,10
13.0813398361,80.275177002,80335,80345,10
13.0818099976,80.2752685547,80345,80375,30
13.0818099976,80.2752685547,80375,80386,11
13.0820598602,80.2757492065,80386,80436,50
13.0820598602,80.2757492065,80436,80446,10
13.082110405,80.2759017944,80446,80456,10
13.0819597244,80.2760391235,80456,80467,11
13.0818395615,80.2761306763,80467,80477,10
13.0818300247,80.2765426636,80477,80487,10
13.0818996429,80.2773284912,80487,80497,10
13.0821199417,80.2784118652,80497,80527,30
13.0821199417,80.2784118652,80527,80538,11
13.0820302963,80.2784729004,80538,80548,10
13.0819196701,80.2782516479,80548,80558,10
13.0818901062,80.2776794434,80558,80568,10
13.0818099976,80.2769470215,80568,80578,10
13.0817203522,80.2763977051,80578,80588,10
13.0817098618,80.2762374878,80588,80598,10
13.081700325,80.2761001587,80598,80608,10
13.0816402435,80.275718689,80608,80629,21
13.0816402435,80.275718689,80629,80639,10
13.0815496445,80.275390625,80639,80649,10
13.0813903809,80.2752075195,80649,80659,10
13.0810098648,80.2752380371,80659,80669,10
13.0806303024,80.2752838135,80669,80679,10
13.0800304413,80.2753601074,80679,80689,10
13.0794296265,80.2753295898,80689,80700,11
13.0787000656,80.2752304077,80700,80710,10
13.0782499313,80.2758407593,80710,80720,10
13.0777997971,80.2762832642,80720,80730,10
13.0771799088,80.2762985229,80730,80740,10
13.0766201019,80.2763366699,80740,80750,10
13.0761203766,80.2763519287,80750,80760,10
13.0759801865,80.2763366699,80760,80770,10
13.0758800507,80.276222229,80770,80781,11
13.0758600235,80.2758407593,80781,80801,20
13.0758600235,80.2758407593,80801,80811,10
13.0759096146,80.2756881714,80811,80821,10
13.0759096146,80.2752075195,80821,80831,10
13.0752801895,80.2748718262,80831,82239,1408
