13.0501804352,80.2069702148,15,1075,1060
13.0502700806,80.2070007324,1075,1944,869
13.0502996445,80.2070465088,1944,2055,111
13.0502004623,80.2068405151,2055,3639,1584
13.0502996445,80.2069625854,3639,3719,80
13.050239563,80.2070617676,3719,3911,192
13.0501804352,80.2067489624,3911,3951,40
13.0502004623,80.2068481445,3951,7825,3874
13.0502004623,80.2068481445,7825,7835,10
13.0502595901,80.2070465088,7835,7855,20
13.050239563,80.2071685791,7855,7956,101
13.0502195358,80.2071228027,7956,8117,161
13.0502996445,80.2068786621,8117,8480,363
13.050239563,80.2070770264,8480,8612,132
13.0502195358,80.2069396973,8612,8985,373
13.0502901077,80.2070236206,8985,9792,807
13.0502099991,80.2068710327,9792,9842,50
13.0502099991,80.2068710327,9842,9852,10
13.0502595901,80.2070617676,9852,10568,716
13.0501403809,80.2069473267,10568,10780,212
13.050330162,80.2071228027,10780,11214,434
13.0502996445,80.2068786621,11214,11466,252
13.0503396988,80.207069397,11466,12082,616
13.0502700806,80.2069320679,12082,16957,4875
13.0502195358,80.2069702148,16957,17219,262
13.0502195358,80.2068710327,17219,17300,81
13.0501499176,80.2067871094,17300,17451,151
13.0502595901,80.2068862915,17451,17844,393
13.0502500534,80.2069702148,17844,17925,81
13.0502004623,80.2068710327,17925,18884,959
13.050330162,80.2068786621,18884,19237,353
13.050239563,80.2068405151,19237,20650,1413
13.0501804352,80.2070617676,20650,21850,1200
13.0502996445,80.2070007324,21850,23051,1201
13.0502996445,80.2070007324,23051,23061,10
13.0500602722,80.2068634033,23061,23071,10
13.0498199463,80.2068328857,23071,23081,10
13.0494699478,80.2068481445,23081,23101,20
13.0494699478,80.2068481445,23101,23111,10
13.0491399765,80.2069396973,23111,23121,10
13.0491304398,80.2071228027,23121,23131,10
13.0491104126,80.2073287964,23131,23141,10
13.0491199493,80.2073287964,23141,23152,11
13.0491504669,80.2076416016,23152,23162,10
13.0492801666,80.2081222534,23162,23172,10
13.0493803024,80.2086791992,23172,23182,10
13.0494804382,80.209197998,23182,23192,10
13.0496101379,80.2098770142,23192,23202,10
13.0496797562,80.2106018066,23202,23212,10
13.0497398376,80.2110595703,23212,23222,10
13.0498199463,80.211479187,23222,23252,30
13.0498199463,80.211479187,23252,23263,11
13.0498695374,80.2116088867,23263,23273,10
13.0498895645,80.2118301392,23273,23289,16
13.0503196716,80.2119674683,23289,23301,12
13.0507698059,80.212020874,23301,23309,8
13.0512304306,80.212020874,23309,23320,11
13.0520401001,80.2119827271,23320,23331,11
13.0530004501,80.2117462158,23331,23341,10
13.053850174,80.2115402222,23341,23351,10
13.054599762,80.2113876343,23351,23361,10
13.0553302765,80.2113876343,23361,23371,10
13.0561504364,80.2114028931,23371,23382,11
13.0571098328,80.2114105225,23382,23392,10
13.0580101013,80.2114105225,23392,23402,10
13.0588302612,80.2114334106,23402,23412,10
13.0596103668,80.211479187,23412,23422,10
13.0603904724,80.2115325928,23422,23432,10
13.0611600876,80.2115631104,23432,23442,10
13.0618600845,80.2116012573,23442,23452,10
13.0626001358,80.2116088867,23452,23462,10
13.0633401871,80.211517334,23462,23472,10
13.0636796951,80.2115020752,23472,23482,10
13.0641403198,80.21144104,23482,23493,11
13.0648403168,80.21118927,23493,23503,10
13.065489769,80.2107391357,23503,23513,10
13.0661802292,80.2101821899,23513,23523,10
13.0668497086,80.2095794678,23523,23533,10
13.0672998428,80.2088775635,23533,23543,10
13.0674200058,80.2087020874,23543,23553,10
13.067489624,80.2085571289,23553,23563,10
13.0677404404,80.2081604004,23563,23573,10
13.0680198669,80.2077178955,23573,23583,10
13.0680398941,80.2077026367,23583,23593,10
13.0680904388,80.207649231,23593,23609,16
13.0683097839,80.2073364258,23609,23622,13
13.0686197281,80.2068405151,23622,23632,10
13.0689401627,80.2063064575,23632,23642,10
13.0691604614,80.2059020996,23642,23733,91
13.0691604614,80.2059020996,23733,23743,10
13.0693702698,80.2057113647,23743,23753,10
13.0696201324,80.2052764893,23753,23763,10
13.0697202682,80.2050018311,23763,23773,10
13.0696201324,80.2048492432,23773,23783,10
13.0692901611,80.2050323486,23783,23793,10
13.0687999725,80.2054214478,23793,23813,20
13.0687999725,80.2054214478,23813,23823,10
13.0686197281,80.2054367065,23823,23833,10
13.0679998398,80.2053375244,23833,23944,111
13.0680704117,80.2049789429,23944,24227,283
13.0683603287,80.2049484253,24227,24519,292
13.0683603287,80.2049484253,24519,24530,11
13.0689001083,80.204750061,24530,24570,40
13.0689001083,80.204750061,24570,24580,10
13.0692501068,80.204750061,24580,24701,121
13.0692501068,80.204750061,24701,24711,10
13.0693302155,80.2047424316,24711,24721,10
13.0695695877,80.2047805786,24721,24731,10
13.0697898865,80.2049179077,24731,24741,10
13.0698299408,80.2051391602,24741,24751,10
13.0696401596,80.2054367065,24751,24762,11
13.0693101883,80.2059631348,24762,24772,10
13.0689296722,80.2065582275,24772,24782,10
13.0685100555,80.2072372437,24782,24792,10
13.0680398941,80.2080001831,24792,24802,10
13.0675697327,80.2087631226,24802,24812,10
13.067150116,80.2094116211,24812,24822,10
13.066450119,80.2101669312,24822,24832,10
13.065779686,80.2107391357,24832,24842,10
13.0649995804,80.2113571167,24842,24862,20
13.0649995804,80.2113571167,24862,24873,11
13.0646495819,80.211517334,24873,24883,10
13.0641002655,80.2116928101,24883,24893,10
13.0636901855,80.2117614746,24893,24903,10
13.0635499954,80.2117767334,24903,24913,10
13.0631198883,80.2117919922,24913,24923,10
13.0625400543,80.2118225098,24923,24933,10
13.0618801117,80.2117919922,24933,24943,10
13.0609397888,80.2117614746,24943,24953,10
13.0599603653,80.2117233276,24953,24963,10
13.0589599609,80.2116699219,24963,24973,10
13.0581102371,80.2116165161,24973,24984,11
13.0575895309,80.2116622925,24984,24994,10
13.0575504303,80.2116699219,24994,25004,10
13.0572299957,80.2116699219,25004,25014,10
13.05671978,80.2116699219,25014,25024,10
13.0560703278,80.2116470337,25024,25034,10
13.0553197861,80.2116165161,25034,25044,10
13.0545196533,80.2116165161,25044,25054,10
13.053850174,80.2117385864,25054,25064,10
13.0531997681,80.2118835449,25064,25074,10
13.0524597168,80.2120895386,25074,25084,10
13.0516796112,80.2122192383,25084,25094,10
13.0509595871,80.2121887207,25094,25105,11
13.0503997803,80.2122268677,25105,25115,10
13.0500402451,80.2122573853,25115,25125,10
13.0495300293,80.2122421265,25125,25145,20
13.0495300293,80.2122421265,25145,25155,10
13.0493803024,80.2121582031,25155,25165,10
13.0489397049,80.2121734619,25165,25175,10
13.0483398438,80.2122192383,25175,25185,10
13.0477600098,80.2122573853,25185,25195,10
13.0467700958,80.2123336792,25195,25205,10
13.0457897186,80.2123794556,25205,25216,11
13.0446796417,80.2124099731,25216,25226,10
13.0437402725,80.2123718262,25226,25236,10
13.042719841,80.2123718262,25236,25246,10
13.041680336,80.2123565674,25246,25256,10
13.0406198502,80.212348938,25256,25266,10
13.0396203995,80.2123718262,25266,25276,10
13.0385704041,80.2123794556,25276,25286,10
13.0376396179,80.2123718262,25286,25296,10
13.0374898911,80.2123565674,25296,25306,10
13.0372200012,80.2123184204,25306,25316,10
13.036740303,80.212310791,25316,25326,10
13.0361099243,80.2123031616,25326,25337,11
13.0352401733,80.2122421265,25337,25347,10
13.0341396332,80.2120819092,25347,25367,20
13.0341396332,80.2120819092,25367,25377,10
13.0340003967,80.2120819092,25377,25387,10
13.0336303711,80.2119979858,25387,25397,10
13.0329999924,80.2118682861,25397,25407,10
13.0322198868,80.211730957,25407,25417,10
13.0320396423,80.2111587524,25417,25427,10
13.0320901871,80.2104415894,25427,25437,10
13.0321302414,80.2098007202,25437,25448,11
13.0316400528,80.2095794678,25448,25458,10
13.0309801102,80.2093734741,25458,25468,10
13.030579567,80.2092437744,25468,25478,10
13.0296497345,80.208946228,25478,25498,20
13.0296497345,80.208946228,25498,25508,10
13.0294799805,80.2089309692,25508,25518,10
13.0290699005,80.2088165283,25518,25528,10
13.0284099579,80.2086410522,25528,25538,10
13.0277204514,80.2083587646,25538,25548,10
13.0270595551,80.2079696655,25548,25559,11
13.0262403488,80.2074813843,25559,25569,10
13.0253601074,80.207069397,25569,25579,10
13.024479866,80.2069396973,25579,25589,10
13.0242900848,80.2069091797,25589,25599,10
13.0240898132,80.2068481445,25599,25609,10
13.023639679,80.2067565918,25609,25619,10
13.0230398178,80.2066421509,25619,25629,10
13.0222797394,80.2065124512,25629,25639,10
13.0213603973,80.2064666748,25639,25649,10
13.0203399658,80.206489563,25649,25659,10
13.0190095901,80.2063369751,25659,25680,21
13.0190095901,80.2063369751,25680,25690,10
13.0188102722,80.2062530518,25690,25700,10
13.0183496475,80.2060775757,25700,25710,10
13.0176897049,80.2058868408,25710,25720,10
13.0169696808,80.2055892944,25720,25730,10
13.0162296295,80.2053222656,25730,25740,10
13.0154304504,80.2050323486,25740,25750,10
13.0143203735,80.2046279907,25750,25760,10
13.0142402649,80.2045822144,25760,25770,10
13.0142202377,80.2045516968,25770,25780,10
13.0138902664,80.2044219971,25780,25791,11
13.0136299133,80.204498291,25791,25801,10
13.0135402679,80.204750061,25801,25811,10
13.0133695602,80.2052612305,25811,25821,10
13.0131597519,80.2059020996,25821,25831,10
13.0130195618,80.2067337036,25831,25841,10
13.0129499435,80.207572937,25841,25857,16
13.0128602982,80.2083816528,25857,25869,12
13.0129404068,80.2088470459,25869,25877,8
13.0130195618,80.2092971802,25877,25889,12
13.0131502151,80.2100830078,25889,25899,10
13.0129995346,80.2109222412,25899,25910,11
13.0125102997,80.2118301392,25910,25920,10
13.0120801926,80.2125396729,25920,25929,9
13.0120096207,80.212638855,25929,25940,11
13.0117998123,80.2127990723,25940,25950,10
13.0114603043,80.212562561,25950,25960,10
13.0109796524,80.2122192383,25960,25970,10
13.0104999542,80.2118606567,25970,25980,10
13.010219574,80.2116317749,25980,26031,51
13.0098199844,80.2113418579,26031,26119,88
13.0098199844,80.2113418579,26119,26129,10
13.0094995499,80.2110824585,26129,26139,10
13.0093202591,80.21118927,26139,26150,11
13.009059906,80.2115631104,26150,26160,10
13.0091495514,80.2120513916,26160,26170,10
13.0093698502,80.2126617432,26170,26180,10
13.0096197128,80.2132797241,26180,26190,10
13.0098800659,80.2139205933,26190,26200,10
13.010140419,80.2145767212,26200,26210,10
13.0102596283,80.2153396606,26210,26220,10
13.0105199814,80.216178894,26220,26230,10
13.0109300613,80.2171096802,26230,26240,10
13.0113296509,80.2180862427,26240,26250,10
13.0116996765,80.2191162109,26250,26261,11
13.0120897293,80.2203292847,26261,26271,10
13.0124597549,80.2212600708,26271,26281,10
13.0126895905,80.2216720581,26281,26297,16
13.0134096146,80.2225570679,26297,26309,12
13.0139598846,80.2232971191,26309,26319,10
13.0143003464,80.2237472534,26319,26328,9
13.0146903992,80.2241973877,26328,26339,11
13.0153598785,80.2249984741,26339,26349,10
13.0154399872,80.2256088257,26349,26359,10
13.0148696899,80.2259902954,26359,26369,10
13.0141000748,80.22631073,26369,26380,11
13.0131502151,80.2266998291,26380,26389,9
13.012260437,80.2270736694,26389,26400,11
13.0111398697,80.2275085449,26400,26410,10
13.0100698471,80.2279205322,26410,26420,10
13.0094995499,80.2276611328,26420,26430,10
13.0097503662,80.2270507813,26430,26440,10
13.0100698471,80.22631073,26440,26450,10
13.0103998184,80.2254867554,26450,26460,10
13.0107803345,80.2246398926,26460,26470,10
13.0111703873,80.2236480713,26470,26480,10
13.0111398697,80.2231216431,26480,26491,11
13.0105600357,80.2228164673,26491,26501,10
13.0098695755,80.2224731445,26501,26511,10
13.0091495514,80.2220916748,26511,26521,10
13.0084104538,80.2216796875,26521,26531,10
13.0075702667,80.2212295532,26531,26541,10
13.0066604614,80.2207336426,26541,26551,10
13.0056695938,80.2204818726,26551,26561,10
13.0046796799,80.2202529907,26561,26570,9
13.0037603378,80.2200469971,26570,26581,11
13.0027399063,80.2197036743,26581,26591,10
13.002120018,80.2191467285,26591,26602,11
13.0013904572,80.2184829712,26602,26612,10
13.0006504059,80.2179870605,26612,26621,9
13.0,80.2175674438,26621,26632,11
12.9992904663,80.2171630859,26632,26643,11
12.9989795685,80.217010498,26643,26653,10
12.9983797073,80.2167434692,26653,26663,10
12.9976301193,80.216583252,26663,26673,10
12.9974403381,80.2165527344,26673,26683,10
12.9974002838,80.2165374756,26683,26693,10
12.9970798492,80.2165527344,26693,26703,10
12.9965600967,80.2165908813,26703,26713,10
12.9958400726,80.2167434692,26713,26724,11
12.9950199127,80.2171630859,26724,26734,10
12.9944696426,80.2175369263,26734,26744,10
12.9938802719,80.2179718018,26744,26754,10
12.9932003021,80.218421936,26754,26764,10
12.9925699234,80.2188796997,26764,26774,10
12.9917297363,80.2194976807,26774,26784,10
12.991230011,80.2195587158,26784,26793,9
12.9909601212,80.2194366455,26793,26803,10
12.9907197952,80.2193222046,26803,26814,11
12.9901504517,80.2191314697,26814,26824,10
12.9894504547,80.2188796997,26824,26834,10
12.9886302948,80.2185821533,26834,26845,11
12.987660408,80.2183837891,26845,26855,10
12.9869098663,80.21824646,26855,26865,10
12.9868497849,80.2182617188,26865,26875,10
12.9865102768,80.218170166,26875,26885,10
12.9858999252,80.2180175781,26885,26895,10
12.9850301743,80.2179107666,26895,26905,10
12.9843101501,80.2179412842,26905,26915,10
12.9840097427,80.217956543,26915,26925,10
12.9838399887,80.217956543,26925,26935,10
12.9833498001,80.217956543,26935,26945,10
12.9826698303,80.2179412842,26945,26956,11
12.981760025,80.2179794312,26956,26966,10
12.9808502197,80.218208313,26966,26976,10
12.9799203873,80.2185668945,26976,26986,10
12.9791498184,80.2188720703,26986,26996,10
12.9785804749,80.2191009521,26996,27006,10
12.9779396057,80.2193832397,27006,27016,10
12.9771604538,80.2197036743,27016,27026,10
12.9763097763,80.2200622559,27026,27036,10
12.9756002426,80.2204208374,27036,27046,10
12.975520134,80.2207489014,27046,27056,10
12.9757699966,80.2210235596,27056,27067,11
12.9759702682,80.2212219238,27067,27077,10
12.9762096405,80.221572876,27077,27087,10
12.976360321,80.2217712402,27087,27097,10
12.9763803482,80.221862793,27097,27107,10
12.9765195847,80.2221984863,27107,27117,10
12.9767999649,80.2226333618,27117,27127,10
12.9771003723,80.2230834961,27127,27137,10
12.9774799347,80.2236862183,27137,27147,10
12.977930069,80.2243881226,27147,27157,10
12.9784202576,80.2251815796,27157,27167,10
12.9789400101,80.2260131836,27167,27177,10
12.9794597626,80.2268676758,27177,27188,11
12.9799995422,80.2277526855,27188,27198,10
12.9803600311,80.2283630371,27198,27208,10
12.9807596207,80.2290267944,27208,27218,10
12.9808998108,80.2292633057,27218,27228,10
12.9811201096,80.229637146,27228,27238,10
12.9814596176,80.230140686,27238,27248,10
12.9817199707,80.2305297852,27248,27258,10
12.9817399979,80.2305831909,27258,27268,10
12.9818696976,80.2309188843,27268,27278,10
12.9820203781,80.2314529419,27278,27288,10
12.982049942,80.2321777344,27288,27299,11
12.9818401337,80.2330627441,27299,27308,9
12.9816102982,80.233543396,27308,27319,11
12.9815502167,80.2336578369,27319,27329,10
12.9813404083,80.2341003418,27329,27339,10
12.9812202454,80.2348175049,27339,27349,10
12.9812297821,80.2357025146,27349,27359,10
12.9812602997,80.2367019653,27359,27369,10
12.981300354,80.2376785278,27369,27379,10
12.9813098907,80.2385025024,27379,27389,10
12.9813098907,80.2386703491,27389,27399,10
12.981300354,80.2387466431,27399,27409,10
12.9813098907,80.2391967773,27409,27420,11
12.9813203812,80.2398834229,27420,27430,10
12.9813404083,80.2406616211,27430,27440,10
12.9813404083,80.2415237427,27440,27450,10
12.9813604355,80.2424316406,27450,27460,10
12.9813604355,80.2427825928,27460,27470,10
12.9813699722,80.2427978516,27470,27480,10
12.9813604355,80.2429733276,27480,27490,10
12.9813604355,80.243347168,27490,27500,10
12.981300354,80.2439575195,27500,27510,10
12.9812002182,80.2447662354,27510,27520,10
12.981089592,80.2456970215,27520,27531,11
12.9809703827,80.2468719482,27531,27541,10
12.9808797836,80.2480316162,27541,27551,10
12.9807796478,80.2492370605,27551,27561,10
12.9805402756,80.2504501343,27561,27571,10
12.9802598953,80.2515716553,27571,27581,10
12.980099678,80.2522735596,27581,27591,10
12.980099678,80.252281189,27591,27601,10
12.980099678,80.2523803711,27601,27611,10
12.9801998138,80.2525634766,27611,27621,10
12.9805402756,80.2526397705,27621,27631,10
12.9811096191,80.2526168823,27631,27641,10
12.9818897247,80.2526016235,27641,27652,11
12.9829101563,80.2525634766,27652,27662,10
12.9839496613,80.2523574829,27662,27672,10
12.9849500656,80.2520980835,27672,27682,10
12.9859199524,80.2518234253,27682,27692,10
12.9874200821,80.2514419556,27692,27803,111
12.9874200821,80.2514419556,27803,27813,10
12.9876499176,80.251373291,27813,27823,10
12.9879102707,80.2515716553,27823,27833,10
12.9880199432,80.2521209717,27833,27843,10
12.9879798889,80.2527618408,27843,27853,10
12.9879102707,80.253616333,27853,27863,10
12.987830162,80.2545471191,27863,27872,9
12.9877595901,80.2554702759,27872,27884,12
12.987660408,80.2563018799,27884,27894,10
12.987660408,80.2563095093,27894,27904,10
12.9876403809,80.2565765381,27904,27914,10
12.9875802994,80.2570800781,27914,27924,10
12.9875297546,80.2578811646,27924,27934,10
12.9874401093,80.2587585449,27934,27944,10
12.9872198105,80.2595901489,27944,27973,29
12.9872198105,80.2595901489,27973,27984,11
12.9871196747,80.2595977783,27984,27995,11
12.9869203568,80.2595291138,27995,28005,10
12.9865598679,80.2592163086,28005,29266,1261
12.9867401123,80.2590179443,29266,29296,30
12.9868898392,80.2590637207,29296,29356,60
12.9868898392,80.2590637207,29356,29366,10
12.9872303009,80.2591400146,29366,29377,11
12.9873600006,80.2589874268,29377,29387,10
12.9873895645,80.2585372925,29387,29397,10
12.9874000549,80.2583312988,29397,29407,10
12.9874401093,80.2579498291,29407,29417,10
12.9875001907,80.2569198608,29417,29467,50
12.987569809,80.2569580078,29467,29487,20
12.987569809,80.2569580078,29487,29498,11
12.9875802994,80.2566375732,29498,29514,16
12.9875898361,80.2560577393,29514,29526,12
12.9876804352,80.2556762695,29526,29536,10
12.987739563,80.2549591064,29536,29555,19
12.987739563,80.2549591064,29555,29566,11
12.9877700806,80.2545776367,29566,29576,10
12.9878101349,80.2540130615,29576,29586,10
12.9878997803,80.2528381348,29586,29647,61
12.9878997803,80.2528381348,29647,29657,10
12.9878997803,80.2526168823,29657,29667,10
12.9879102707,80.2522201538,29667,29677,10
12.9877996445,80.251739502,29677,29687,10
12.987739563,80.2516479492,29687,29697,10
12.9874095917,80.2516403198,29697,29707,10
12.9868297577,80.251739502,29707,29717,10
12.9860496521,80.2519226074,29717,29728,11
12.9850797653,80.2521820068,29728,29738,10
12.9840297699,80.2524719238,29738,29748,10
12.9828996658,80.2526779175,29748,29758,10
12.981710434,80.2527313232,29758,29768,10
12.980629921,80.2527618408,29768,29778,10
12.9799203873,80.2527389526,29778,29788,10
12.9798898697,80.2523193359,29788,29798,10
12.9799003601,80.2522735596,29798,29808,10
12.9799203873,80.2521591187,29808,29818,10
12.9800300598,80.2518005371,29818,29834,16
12.980340004,80.2508468628,29834,29846,12
12.9805898666,80.2498931885,29846,29857,11
12.9807195663,80.248878479,29857,29866,9
12.9807596207,80.2479400635,29866,29877,11
12.9808998108,80.2467498779,29877,29887,10
12.981010437,80.2455978394,29887,29896,9
12.9811096191,80.2444000244,29896,29936,40
12.9811201096,80.2442321777,29936,30038,102
12.9811201096,80.2442321777,30038,30048,10
12.9811296463,80.2441329956,30048,30058,10
12.9811496735,80.2439880371,30058,30068,10
12.9811601639,80.2439422607,30068,30079,11
12.981180191,80.2437973022,30079,30089,10
12.9811897278,80.2437591553,30089,30099,10
12.9813203812,80.2435073853,30099,30109,10
12.9813404083,80.2430801392,30109,30139,30
12.9813404083,80.2430801392,30139,30149,10
12.9813699722,80.2426681519,30149,30159,10
12.9813699722,80.2421875,30159,30169,10
12.9813604355,80.2415618896,30169,30179,10
12.9813604355,80.2407989502,30179,30189,10
12.9813404083,80.2400665283,30189,30200,11
12.9813203812,80.2393264771,30200,30210,10
12.9812898636,80.2383880615,30210,30240,30
12.9812898636,80.2383880615,30240,30250,10
12.9812803268,80.2379608154,30250,30270,20
12.9812803268,80.2379608154,30270,30286,16
12.9812602997,80.2373275757,30286,30298,12
12.9812402725,80.236541748,30298,30307,9
12.9812097549,80.2358093262,30307,30319,12
12.9812002182,80.2351837158,30319,30329,10
12.9812097549,80.2343902588,30329,30338,9
12.9813499451,80.2339401245,30338,30349,11
12.9813604355,80.2339172363,30349,30359,10
12.9814195633,80.2337799072,30359,30369,10
12.981470108,80.2336730957,30369,30379,10
12.9816598892,80.2332992554,30379,30409,30
12.9816598892,80.2332992554,30409,30419,10
12.9817199707,80.2331695557,30419,30430,11
12.9818000793,80.233001709,30430,30440,10
12.981880188,80.2328109741,30440,30450,10
12.9819402695,80.2326278687,30450,30460,10
12.9820203781,80.2322998047,30460,30470,10
12.982000351,80.2318496704,30470,30480,10
12.9817800522,80.2308578491,30480,30490,10
12.9817800522,80.2308578491,30490,30500,10
12.9815101624,80.2303466797,30500,30510,10
12.9811000824,80.2296981812,30510,30520,10
12.9808797836,80.2293395996,30520,30530,10
12.9806203842,80.2289733887,30530,30551,21
12.9805603027,80.2288665771,30551,30601,50
12.9805603027,80.2288665771,30601,30612,11
12.9804496765,80.228729248,30612,30621,9
12.980340004,80.2285308838,30621,30631,10
12.9802398682,80.2282485962,30631,30642,11
12.979929924,80.2277374268,30642,30652,10
12.9795703888,80.2271499634,30652,30663,11
12.9791297913,80.2264099121,30663,30673,10
12.978679657,80.2256622314,30673,30683,10
12.9781999588,80.2248764038,30683,30693,10
12.9778900146,80.2244796753,30693,30703,10
12.977640152,80.2240371704,30703,30713,10
12.9773101807,80.2235031128,30713,30723,10
12.9768295288,80.2227783203,30723,30784,61
12.9768295288,80.2227783203,30784,30794,10
12.9766798019,80.2225112915,30794,30804,10
12.9764299393,80.2220916748,30804,30814,10
12.9760704041,80.2215499878,30814,30824,10
12.9756402969,80.2210769653,30824,30854,30
12.9756402969,80.2210769653,30854,30864,10
12.9754199982,80.2208480835,30864,31001,137
12.9754199982,80.2208480835,31001,31013,12
12.9753599167,80.2206115723,31013,31023,10
12.975520134,80.2204284668,31023,31034,11
12.9758796692,80.2201919556,31034,31044,10
12.9763803482,80.2199478149,31044,31054,10
12.9770097733,80.2197036743,31054,31064,10
12.9777202606,80.2193984985,31064,31074,10
12.9784402847,80.2191162109,31074,31084,10
12.9789400101,80.2189025879,31084,31094,10
12.9795799255,80.2186431885,31094,31104,10
12.9799995422,80.2184829712,31104,31114,10
12.9804601669,80.2182922363,31114,31124,10
12.9809904099,80.2181015015,31124,31135,11
12.9816999435,80.217880249,31135,31145,10
12.9823904037,80.2178192139,31145,31155,10
12.9830503464,80.2178192139,31155,31165,10
12.9838399887,80.2178192139,31165,31215,50
12.9838399887,80.2178192139,31215,31225,10
12.9840898514,80.2177963257,31225,31235,10
12.9845104218,80.2177963257,31235,31246,11
12.9851503372,80.2178192139,31246,31256,10
12.9858503342,80.217880249,31256,31266,10
12.9865102768,80.2180480957,31266,31276,10
12.9874000549,80.2182235718,31276,31346,70
12.9874000549,80.2182235718,31346,31356,10
12.9877195358,80.2183227539,31356,31367,11
12.9881801605,80.218421936,31367,31377,10
12.9886798859,80.2185516357,31377,31387,10
12.9892301559,80.2187271118,31387,31397,10
12.989780426,80.2189178467,31397,31407,10
12.9903802872,80.2191162109,31407,31417,10
12.9910097122,80.2193069458,31417,31427,10
12.9916200638,80.2194290161,31427,31437,10
12.991979599,80.2192001343,31437,31447,10
12.9924001694,80.2188720703,31447,31457,10
12.9929199219,80.21849823,31457,31467,10
12.993470192,80.2180709839,31467,31477,10
12.9939603806,80.2177276611,31477,31488,11
12.9943704605,80.2174301147,31488,31498,10
12.994600296,80.2172622681,31498,31508,10
12.9946403503,80.2172393799,31508,31518,10
12.9947299957,80.2171783447,31518,31528,10
12.995010376,80.2170028687,31528,31538,10
12.9954099655,80.2167663574,31538,31548,10
12.9959096909,80.2165985107,31548,31558,10
12.9964704514,80.2165222168,31558,31568,10
12.9967899323,80.2164764404,31568,31578,10
12.9970798492,80.216468811,31578,31588,10
12.9972600937,80.2163772583,31588,31599,11
12.9976596832,80.2160110474,31599,31629,30
12.9976596832,80.2160110474,31629,31639,10
12.9979000092,80.2157669067,31639,31649,10
12.9982404709,80.2154769897,31649,31659,10
12.9986495972,80.2151489258,31659,31669,10
12.9990997314,80.2147598267,31669,31679,10
12.9992103577,80.2146606445,31679,31689,10
12.9994297028,80.2144622803,31689,31699,10
12.9996204376,80.214302063,31699,31709,10
12.9999303818,80.2140274048,31709,31720,11
13.0003499985,80.2136383057,31720,31730,10
13.0007400513,80.2133026123,31730,31740,10
13.0010700226,80.2130203247,31740,31750,10
13.0014801025,80.2127075195,31750,31760,10
13.001950264,80.212387085,31760,31770,10
13.0025501251,80.2120895386,31770,31790,20
13.0025501251,80.2120895386,31790,31800,10
13.0027999878,80.212059021,31800,31810,10
13.0031604767,80.212020874,31810,31820,10
13.0036401749,80.2118377686,31820,31841,21
13.0036401749,80.2118377686,31841,31851,10
13.0036802292,80.2115936279,31851,31861,10
13.0036697388,80.2112197876,31861,31871,10
13.0036401749,80.2108535767,31871,31881,10
13.0036096573,80.2105636597,31881,31891,10
13.0035800934,80.210319519,31891,31901,10
13.0035400391,80.2100372314,31901,31911,10
13.0035104752,80.2097396851,31911,31921,10
13.0035400391,80.2094497681,31921,31931,10
13.0036096573,80.2090606689,31931,31941,10
13.0038795471,80.2086105347,31941,31952,11
13.004699707,80.2089233398,31952,31962,10
13.0056400299,80.2093276978,31962,31972,10
13.0064697266,80.2096099854,31972,31982,10
13.0072202682,80.2097930908,31982,31992,10
13.0076999664,80.2098693848,31992,32032,40
13.0076999664,80.2098693848,32032,32042,10
13.0078601837,80.2099075317,32042,32052,10
13.0081501007,80.2099761963,32052,32062,10
13.0081796646,80.2098007202,32062,32073,11
13.0080699921,80.2092971802,32073,32083,10
13.0079698563,80.2086791992,32083,32093,10
13.0078496933,80.2079315186,32093,32103,10
13.0077199936,80.2071228027,32103,32113,10
13.007610321,80.2063217163,32113,32123,10
13.0075302124,80.205581665,32123,32133,10
13.007519722,80.2049789429,32133,32143,10
13.007519722,80.2045516968,32143,32153,10
13.0075101852,80.2041168213,32153,32163,10
13.0074501038,80.2035827637,32163,32173,10
13.0072898865,80.2028121948,32173,32183,10
13.0067996979,80.2025604248,32183,32194,11
13.0065402985,80.2029571533,32194,32204,10
13.0067796707,80.2033233643,32204,32214,10
13.0071697235,80.2035369873,32214,32224,10
13.0076503754,80.2036819458,32224,32234,10
13.0082597733,80.2036972046,32234,32244,10
13.0091199875,80.2036514282,32244,32254,10
13.010219574,80.2035980225,32254,32264,10
13.0113897324,80.2036819458,32264,32274,10
13.0124502182,80.2038497925,32274,32284,10
13.0133199692,80.2040481567,32284,32294,10
13.0138597488,80.204246521,32294,32305,11
13.0146198273,80.2045135498,32305,32315,10
13.0152301788,80.2046813965,32315,32345,30
13.0152301788,80.2046813965,32345,32355,10
13.0153903961,80.2046585083,32355,32365,10
13.0158004761,80.204826355,32365,32375,10
13.0163402557,80.2050704956,32375,32385,10
13.0167798996,80.2052001953,32385,32395,10
13.0169200897,80.2051620483,32395,32405,10
13.0172395706,80.2053909302,32405,32415,10
13.0175895691,80.2055282593,32415,32426,11
13.017660141,80.2055435181,32426,32436,10
13.0179796219,80.2056503296,32436,32446,10
13.0184602737,80.2058181763,32446,32456,10
13.0188598633,80.2059326172,32456,32496,40
13.0188598633,80.2059326172,32496,32506,10
13.0188703537,80.2060012817,32506,32516,10
13.0192298889,80.2061233521,32516,32526,10
13.0197896957,80.206237793,32526,32537,11
13.0205402374,80.2062835693,32537,32547,10
13.0213499069,80.2062911987,32547,32557,10
13.0217103958,80.2062988281,32557,32567,10
13.0220899582,80.2063064575,32567,32577,10
13.0226402283,80.2063674927,32577,32587,10
13.023229599,80.2065124512,32587,32597,10
13.0244503021,80.2067184448,32597,32627,30
13.0244503021,80.2067184448,32627,32637,10
13.0245199203,80.2067337036,32637,32647,10
13.0249700546,80.2068405151,32647,32658,11
13.0256500244,80.2070770264,32658,32668,10
13.0263395309,80.2074432373,32668,32678,10
13.027009964,80.2078323364,32678,32688,10
13.0277500153,80.2082672119,32688,32698,10
13.0286197662,80.2085876465,32698,32708,10
13.0292596817,80.2087478638,32708,32718,10
13.02987957,80.2089233398,32718,32728,10
13.0306301117,80.2091369629,32728,32738,10
13.0317897797,80.2094573975,32738,32758,20
13.0317897797,80.2094573975,32758,32768,10
13.0318603516,80.2095184326,32768,32779,11
13.0322399139,80.209602356,32779,32788,9
13.0327596664,80.2096710205,32788,32799,11
13.0335102081,80.2098236084,32799,32809,10
13.0342798233,80.2099761963,32809,32819,10
13.035030365,80.2101821899,32819,32829,10
13.035030365,80.2105865479,32829,32839,10
13.0350399017,80.2110977173,32839,32859,20
13.0350399017,80.2110977173,32859,32869,10
13.0350103378,80.211227417,32869,32879,10
13.0349197388,80.2116088867,32879,32890,11
13.0350103378,80.2121200562,32890,32900,10
13.0354499817,80.2122116089,32900,32910,10
13.0358200073,80.2122573853,32910,32920,10
13.0361003876,80.2122802734,32920,32930,10
13.0364198685,80.212310791,32930,32970,40
13.0364198685,80.212310791,32970,32980,10
13.0368003845,80.2122573853,32980,32990,10
13.0370197296,80.2122573853,32990,33000,10
13.0373001099,80.2122497559,33000,33011,11
13.0378599167,80.2122573853,33011,33021,10
13.0385303497,80.2122573853,33021,33031,10
13.039349556,80.2122497559,33031,33041,10
13.0402097702,80.2122573853,33041,33051,10
13.0412101746,80.2122573853,33051,33061,10
13.0423402786,80.2122573853,33061,33071,10
13.0437803268,80.2122421265,33071,33122,51
13.0437803268,80.2122421265,33122,33132,10
13.0438299179,80.2122573853,33132,33142,10
13.0441303253,80.212272644,33142,33152,10
13.0445995331,80.2122802734,33152,33162,10
13.0451498032,80.2122573853,33162,33172,10
13.0458297729,80.2122497559,33172,33182,10
13.0466403961,80.2122192383,33182,33192,10
13.0474796295,80.2121582031,33192,33202,10
13.0483999252,80.212059021,33202,33222,20
13.0483999252,80.212059021,33222,33232,10
13.0484600067,80.212059021,33232,33243,11
13.0492801666,80.2119598389,33243,33303,60
13.0492801666,80.2119598389,33303,33313,10
13.0495300293,80.2119598389,33313,33323,10
13.0499000549,80.2119369507,33323,33333,10
13.0501499176,80.2119674683,33333,33343,10
13.0506801605,80.212020874,33343,33353,10
13.0509901047,80.212059021,33353,33364,11
13.0517396927,80.212097168,33364,33374,10
13.0524902344,80.2119522095,33374,33384,10
13.0533399582,80.2117233276,33384,33394,10
13.0543899536,80.2114181519,33394,33414,20
13.0543899536,80.2114181519,33414,33424,10
13.0546302795,80.2114105225,33424,33434,10
13.0551395416,80.2114181519,33434,33444,10
13.055850029,80.2114486694,33444,33454,10
13.0567398071,80.2114562988,33454,33464,10
13.0576000214,80.21144104,33464,33475,11
13.0576696396,80.2114334106,33475,33485,10
13.0578804016,80.2114181519,33485,33495,10
13.0584402084,80.2114334106,33495,33511,16
13.0595598221,80.2115097046,33511,33523,12
13.0605802536,80.2115783691,33523,33533,10
13.0614004135,80.2116165161,33533,33543,10
13.0619401932,80.2116012573,33543,33553,10
13.06291008,80.2115402222,33553,33563,10
13.0632896423,80.211517334,33563,33573,10
13.0633802414,80.2115325928,33573,33583,10
13.0636196136,80.2114868164,33583,33594,11
13.0639200211,80.2114868164,33594,33603,9
13.0643596649,80.2114028931,33603,33613,10
13.0649795532,80.2110900879,33613,33624,11
13.0657196045,80.2105331421,33624,33632,8
13.0662498474,80.2100830078,33632,33643,11
13.0669002533,80.2094268799,33643,33654,11
13.0673303604,80.208656311,33654,33663,9
13.0676603317,80.2081604004,33663,33674,11
13.0681295395,80.2074203491,33674,33684,10
13.0686597824,80.2066421509,33684,33694,10
13.0691699982,80.2058410645,33694,33704,10
13.069439888,80.2053375244,33704,33715,11
13.0696496964,80.2049407959,33715,33725,10
13.0694799423,80.2047729492,33725,33735,10
13.0691299438,80.2050094604,33735,33745,10
13.0687799454,80.2052383423,33745,33755,10
13.068479538,80.205116272,33755,33765,10
13.0681200027,80.205116272,33765,34128,363
13.0681200027,80.205116272,34128,34138,10
13.0683603287,80.2049407959,34138,34148,10
13.0687398911,80.204788208,34148,34158,10
13.0692195892,80.2047271729,34158,34168,10
13.0696201324,80.2048034668,34168,34179,11
13.0697202682,80.2048492432,34179,34189,10
13.0698099136,80.2051773071,34189,34198,9
13.069560051,80.2055969238,34198,34209,11
13.0691699982,80.2062225342,34209,34219,10
13.0687103271,80.2069702148,34219,34229,10
13.0682697296,80.2077026367,34229,34239,10
13.0677700043,80.2084884644,34239,34249,10
13.06731987,80.2091827393,34249,34259,10
13.0670404434,80.2096176147,34259,34269,10
13.0666503906,80.2099380493,34269,34380,111
13.0666503906,80.2099380493,34380,34390,10
13.0663003922,80.2103118896,34390,34400,10
13.0658597946,80.2107009888,34400,34411,11
13.0652799606,80.211151123,34411,34430,19
13.0652799606,80.211151123,34430,34441,11
13.0652198792,80.2112579346,34441,34451,10
13.0649204254,80.2113265991,34451,34461,10
13.0644798279,80.2115325928,34461,34471,10
13.0640697479,80.2116470337,34471,34481,10
13.0637998581,80.2116928101,34481,34491,10
13.0634298325,80.2117233276,34491,34501,10
13.0628900528,80.2116928101,34501,34511,10
13.0624303818,80.2117462158,34511,34521,10
13.0620203018,80.2116928101,34521,34532,11
13.0611495972,80.2117004395,34532,34542,10
13.0603399277,80.2116928101,34542,34562,20
13.0602197647,80.2117004395,34562,34630,68
13.0602197647,80.2117004395,34630,34640,10
13.0599002838,80.211730957,34640,34651,11
13.0596399307,80.2116928101,34651,34680,29
13.0596399307,80.2116928101,34680,34691,11
13.0594797134,80.2117080688,34691,34751,60
13.0594797134,80.2117080688,34751,34762,11
13.0592803955,80.2117233276,34762,34772,10
13.0590896606,80.2117233276,34772,34782,10
13.0590696335,80.2117233276,34782,34792,10
13.0588998795,80.2117233276,34792,34822,30
13.0586795807,80.2117233276,34822,34842,20
13.0586795807,80.2117233276,34842,34852,10
13.0583696365,80.2116775513,34852,34943,91
13.0583696365,80.2116775513,34943,34953,10
13.0577602386,80.2116088867,34953,34963,10
13.0577201843,80.2116088867,34963,34973,10
13.0574302673,80.2116165161,34973,34983,10
13.0572004318,80.2116088867,34983,34993,10
13.0570697784,80.2116088867,34993,35004,11
13.0566902161,80.2116088867,35004,35014,10
13.0564002991,80.2116012573,35014,35024,10
13.0562801361,80.2116088867,35024,35034,10
13.0560798645,80.2116165161,35034,35044,10
13.0559196472,80.2116088867,35044,35135,91
13.0555801392,80.2116012573,35135,35165,30
13.0555801392,80.2116012573,35165,35175,10
13.0554895401,80.2115783691,35175,35185,10
13.0552301407,80.2115402222,35185,35195,10
13.0550403595,80.2115402222,35195,35205,10
13.0548400879,80.2115631104,35205,35225,20
13.0548400879,80.2115631104,35225,35236,11
13.0546598434,80.2115478516,35236,35266,30
13.0546598434,80.2115478516,35266,35276,10
13.0545301437,80.2116317749,35276,35286,10
13.0542802811,80.2116394043,35286,35296,10
13.0540599823,80.2116699219,35296,35326,30
13.0540599823,80.2116699219,35326,35336,10
13.0539798737,80.2116699219,35336,35346,10
13.0537595749,80.2117233276,35346,35357,11
13.0535202026,80.2117996216,35357,35367,10
13.0531196594,80.2119216919,35367,35387,20
13.0531196594,80.2119216919,35387,35397,10
13.0528802872,80.2120132446,35397,35407,10
13.0526800156,80.2120437622,35407,35417,10
13.052479744,80.2120819092,35417,35427,10
13.052280426,80.2121429443,35427,35437,10
13.0520000458,80.2121810913,35437,35447,10
13.0515499115,80.2122192383,35447,35457,10
13.0508499146,80.2121887207,35457,35538,81
13.0505199432,80.2121124268,35538,35578,40
13.0505199432,80.2121124268,35578,35589,11
13.0501699448,80.2121810913,35589,35599,10
13.0496101379,80.2121810913,35599,35619,20
13.0496101379,80.2121810913,35619,35629,10
13.0494604111,80.2121582031,35629,35639,10
13.0491800308,80.2121582031,35639,35649,10
13.0487003326,80.2121810913,35649,35659,10
13.0480203629,80.2122268677,35659,35669,10
13.0472002029,80.2123031616,35669,35679,10
13.0462999344,80.2123718262,35679,35689,10
13.0454397202,80.2124099731,35689,35699,10
13.0449304581,80.2124328613,35699,35851,152
13.0449304581,80.2124328613,35851,35861,10
13.0446195602,80.2124710083,35861,35871,10
13.0440702438,80.2124481201,35871,35881,10
13.0433197021,80.2124023438,35881,35891,10
13.0424804688,80.2123794556,35891,35901,10
13.0415296555,80.212348938,35901,35911,10
13.0404596329,80.2124176025,35911,35921,10
13.0393104553,80.2124176025,35921,36032,111
13.0393104553,80.2124176025,36032,36042,10
13.0390501022,80.2124099731,36042,36052,10
13.0386199951,80.2124176025,36052,36063,11
13.0379600525,80.2124176025,36063,36083,20
13.0379600525,80.2124176025,36083,36093,10
13.0377502441,80.2124176025,36093,36103,10
13.0373802185,80.2123794556,36103,36113,10
13.0369195938,80.2123031616,36113,36123,10
13.0365104675,80.212310791,36123,36133,10
13.0361003876,80.2123336792,36133,36143,10
13.0358495712,80.2123184204,36143,36153,10
13.0356397629,80.212310791,36153,36174,21
13.0356397629,80.212310791,36174,36184,10
13.0354404449,80.2124023438,36184,36194,10
13.0352497101,80.212348938,36194,36204,10
13.0349597931,80.2122802734,36204,36214,10
13.0347003937,80.2121887207,36214,36224,10
13.0342903137,80.2121200562,36224,36240,16
13.0341501236,80.2120895386,36240,36252,12
13.0339803696,80.2120437622,36252,36260,8
13.0336503983,80.2119827271,36260,36272,12
13.0328702927,80.2118301392,36272,36282,10
13.032119751,80.2116622925,36282,36293,11
13.0320596695,80.2109985352,36293,36303,10
13.0320796967,80.2102279663,36303,36313,10
13.0320901871,80.2097625732,36313,36323,10
13.0320196152,80.2096786499,36323,36333,10
13.0318002701,80.209602356,36333,36343,10
13.0312004089,80.2093963623,36343,36373,30
13.0312004089,80.2093963623,36373,36383,10
13.0308303833,80.2093276978,36383,36393,10
13.030380249,80.2092208862,36393,36403,10
13.0300703049,80.2091522217,36403,36414,11
13.0296401978,80.209022522,36414,36424,10
13.0295295715,80.2089691162,36424,36434,10
13.0293197632,80.2088775635,36434,36444,10
13.0288000107,80.2087478638,36444,36454,10
13.0281400681,80.2085266113,36454,36464,10
13.0274801254,80.2082214355,36464,36474,10
13.0268001556,80.2078094482,36474,36484,10
13.0260696411,80.2073669434,36484,36494,10
13.0252304077,80.2070465088,36494,36504,10
13.0244703293,80.2069015503,36504,36514,10
13.0239601135,80.206817627,36514,36524,10
13.0238599777,80.2068099976,36524,36535,11
13.0234298706,80.2067184448,36535,36545,10
13.0228500366,80.2066421509,36545,36555,10
13.0224599838,80.2065734863,36555,36575,20
13.0224599838,80.2065734863,36575,36585,10
13.0218296051,80.206451416,36585,36605,20
13.0218296051,80.206451416,36605,36615,10
13.0215501785,80.2064285278,36615,36625,10
13.0210800171,80.2064437866,36625,36635,10
13.0204401016,80.2064590454,36635,36646,11
13.019610405,80.2064590454,36646,36656,10
13.0189599991,80.2062835693,36656,36676,20
13.0189599991,80.2062835693,36676,36686,10
13.0187196732,80.2061691284,36686,36696,10
13.0184402466,80.2060775757,36696,36706,10
13.0180797577,80.2059631348,36706,36716,10
13.0179395676,80.205909729,36716,36726,10
13.017660141,80.2058181763,36726,36736,10
13.017370224,80.2056884766,36736,36746,10
13.0171699524,80.2055664063,36746,36756,10
13.0169000626,80.2054595947,36756,36767,11
13.0163297653,80.2053222656,36767,36777,10
13.0155200958,80.2050704956,36777,36787,10
13.0147199631,80.2048110962,36787,36797,10
13.0142297745,80.2046203613,36797,36807,10
13.0141601563,80.2045974731,36807,36817,10
13.0137195587,80.2044219971,36817,36837,20
13.0137195587,80.2044219971,36837,36847,10
13.0136003494,80.204498291,36847,36857,10
13.0134897232,80.2047805786,36857,36867,10
13.0133304596,80.2052993774,36867,36878,11
13.0131101608,80.2060699463,36878,36888,10
13.0129995346,80.2068328857,36888,36898,10
13.0129098892,80.2075500488,36898,36908,10
13.012840271,80.2079086304,36908,36918,10
13.0128602982,80.2084121704,36918,36928,10
13.0129203796,80.2087783813,36928,36938,10
13.0130796432,80.2092819214,36938,36948,10
13.0131797791,80.2098312378,36948,36958,10
13.0130701065,80.210647583,36958,36968,10
13.0128602982,80.2112121582,36968,36978,10
13.0125398636,80.2118835449,36978,36988,10
13.0120401382,80.212600708,36988,37019,31
13.0120401382,80.212600708,37019,37029,10
13.0117702484,80.2127838135,37029,37039,10
13.0115203857,80.2125778198,37039,37049,10
13.0110797882,80.2122573853,37049,37059,10
13.0105304718,80.2118606567,37059,37069,10
13.0101099014,80.2115325928,37069,37079,10
13.0098104477,80.2113113403,37079,37109,30
13.0098104477,80.2113113403,37109,37120,11
13.0095300674,80.2110900879,37120,37186,66
13.0095300674,80.2110900879,37186,37198,12
13.0092401505,80.2112121582,37198,37208,10
13.0090799332,80.2114105225,37208,37217,9
13.0090398788,80.2115631104,37217,37228,11
13.0091400146,80.2119827271,37228,37239,11
13.0093202591,80.2125167847,37239,37249,10
13.0094900131,80.2129898071,37249,37258,9
13.0096502304,80.2134017944,37258,37269,11
13.0098695755,80.2139205933,37269,37279,10
13.0100698471,80.2143936157,37279,37289,10
13.0101900101,80.2149581909,37289,37299,10
13.0103197098,80.2157363892,37299,37309,10
13.0106897354,80.2165679932,37309,37319,10
13.0111503601,80.2175598145,37319,37329,10
13.0115499496,80.2185592651,37329,37339,10
13.0119400024,80.2197570801,37339,37350,11
13.0123195648,80.2208633423,37350,37360,10
13.0124902725,80.2212600708,37360,37370,10
13.0125799179,80.2214202881,37370,37380,10
13.0127696991,80.2217712402,37380,37390,10
13.0132102966,80.2222366333,37390,37400,10
13.0136604309,80.2228164673,37400,37410,10
13.013999939,80.2233810425,37410,37420,10
13.0142297745,80.2237167358,37420,37430,10
13.0147199631,80.224281311,37430,37440,10
13.0153102875,80.224937439,37440,37450,10
13.0155096054,80.2252578735,37450,37461,11
13.0153398514,80.2257232666,37461,37481,20
13.0153398514,80.2257232666,37481,37491,10
13.015080452,80.2258987427,37491,37501,10
13.0146102905,80.22605896,37501,37517,16
13.0136003494,80.2264709473,37517,37529,12
13.0126600266,80.226852417,37529,37539,10
13.0119800568,80.227142334,37539,37549,10
13.0108299255,80.2276000977,37549,37559,10
13.0099000931,80.2279510498,37559,37569,10
13.0095100403,80.2275924683,37569,37579,10
13.0097198486,80.2271118164,37579,37590,11
13.0100002289,80.2264862061,37590,37599,9
13.0102500916,80.2258377075,37599,37610,11
13.01060009,80.2250213623,37610,37620,10
13.0109395981,80.2241516113,37620,37629,9
13.0112104416,80.2234802246,37629,37640,11
13.0111703873,80.2230834961,37640,37650,10
13.0106401443,80.2228393555,37650,37660,10
13.0100603104,80.2225418091,37660,37670,10
13.0094404221,80.2221908569,37670,37680,10
13.0081300735,80.2214889526,37680,37690,10
13.0081300735,80.2214889526,37690,37700,10
13.007349968,80.2210693359,37700,37711,11
13.0064697266,80.2206726074,37711,37721,10
13.0054798126,80.2204284668,37721,37731,10
13.0045404434,80.2202224731,37731,37741,10
13.0036201477,80.2199783325,37741,37751,10
13.002699852,80.2196731567,37751,37762,11
13.0018596649,80.2189025879,37762,37772,10
13.001250267,80.2183685303,37772,37782,10
13.0007095337,80.2180023193,37782,37791,9
13.0001096725,80.217628479,37791,37803,12
12.9993200302,80.2171783447,37803,37813,10
12.9986095428,80.2168273926,37813,37824,11
12.997420311,80.2165374756,37824,37844,20
12.997420311,80.2165374756,37844,37854,10
12.9971704483,80.2165374756,37854,37874,20
12.9971704483,80.2165374756,37874,37884,10
12.9969797134,80.2165222168,37884,37894,10
12.9966697693,80.2165374756,37894,37904,10
12.9961996078,80.2166213989,37904,37924,20
12.9961996078,80.2166213989,37924,37934,10
12.9959001541,80.2166900635,37934,37945,11
12.995639801,80.216758728,37945,37955,10
12.9954900742,80.2168197632,37955,37965,10
12.9953403473,80.2168807983,37965,37975,10
12.9951400757,80.2169876099,37975,37985,10
12.9948997498,80.2171630859,37985,37995,10
12.9944801331,80.2174606323,37995,38005,10
12.994099617,80.2177505493,38005,38015,10
12.9937200546,80.2180023193,38015,38025,10
12.9932498932,80.2183380127,38025,38035,10
12.9927196503,80.2187194824,38035,38045,10
12.9920597076,80.2192077637,38045,38055,10
12.9914197922,80.2195892334,38055,38066,11
12.9909696579,80.2194213867,38066,38076,10
12.9908704758,80.2193603516,38076,38086,10
12.9904699326,80.2192230225,38086,38096,10
12.9899196625,80.2190170288,38096,38106,10
12.9891901016,80.2187728882,38106,38116,10
12.988360405,80.2185211182,38116,38126,10
12.9868402481,80.2182235718,38126,38146,20
12.9868402481,80.2182235718,38146,38156,10
12.986579895,80.2181472778,38156,38166,10
12.9860200882,80.2180023193,38166,38176,10
12.9851999283,80.217880249,38176,38187,11
12.9837999344,80.2179336548,38187,38207,20
12.9837999344,80.2179336548,38207,38217,10
12.9835596085,80.2179412842,38217,38227,10
12.9830598831,80.2179412842,38227,38237,10
12.9823999405,80.217956543,38237,38246,9
12.9816799164,80.2180023193,38246,38257,11
12.9807300568,80.2182617188,38257,38267,10
12.9799003601,80.2185592651,38267,38277,10
12.9792299271,80.2188415527,38277,38287,10
12.9786396027,80.2190475464,38287,38298,11
12.9779701233,80.2193603516,38298,38308,10
12.9772195816,80.2196884155,38308,38318,10
12.9763803482,80.2200698853,38318,38398,80
12.9762296677,80.2201309204,38398,38419,21
12.9762296677,80.2201309204,38419,38429,10
12.976099968,80.2201919556,38429,38439,10
12.9759302139,80.2202682495,38439,38509,70
12.9756298065,80.2204208374,38509,38570,61
12.9756298065,80.2204208374,38570,38580,10
12.9754800797,80.2206420898,38580,38590,10
12.9756298065,80.2209014893,38590,38600,10
12.9759197235,80.2211608887,38600,38610,10
12.976099968,80.2213897705,38610,38620,10
12.9762201309,80.2215805054,38620,38681,61
12.9762201309,80.2215805054,38681,38691,10
12.9764003754,80.2218780518,38691,38701,10
12.9765100479,80.2221221924,38701,38711,10
12.9767198563,80.2224578857,38711,38721,10
12.9770402908,80.2229537964,38721,38731,10
12.9774398804,80.2235870361,38731,38741,10
12.9778795242,80.224281311,38741,38751,10
12.978099823,80.2246322632,38751,38761,10
12.9783802032,80.2250976563,38761,38772,11
12.9787302017,80.2256622314,38772,38782,10
12.9791002274,80.2262802124,38782,38792,10
12.9794597626,80.2268600464,38792,38802,10
12.9798002243,80.2274475098,38802,38812,10
12.9801797867,80.2280578613,38812,38822,10
12.9805698395,80.2287216187,38822,38832,10
12.980890274,80.2292709351,38832,38842,10
12.9812097549,80.2297668457,38842,38852,10
12.9816999435,80.2305297852,38852,38872,20
12.9816999435,80.2305297852,38872,38882,10
12.9818000793,80.2307815552,38882,38893,11
12.9819803238,80.2313079834,38893,38903,10
12.982049942,80.2319030762,38903,38913,10
12.9819602966,80.2326889038,38913,38923,10
12.9817800522,80.2331924438,38923,38933,10
12.9816198349,80.2335281372,38933,38943,10
12.9816102982,80.2335510254,38943,38953,10
12.9815196991,80.2337265015,38953,38963,10
12.9813404083,80.2340927124,38963,38973,10
12.9812097549,80.2349395752,38973,38983,10
12.9812402725,80.2358093262,38983,38994,11
12.9812698364,80.2369384766,38994,39003,9
12.981300354,80.2378692627,39003,39014,11
12.9813299179,80.2386703491,39014,39024,10
12.9813299179,80.2386779785,39024,39034,10
12.9813299179,80.2389602661,39034,39044,10
12.9813404083,80.2395019531,39044,39054,10
12.9813604355,80.2397994995,39054,39064,10
12.9813699722,80.2403030396,39064,39074,10
12.9813804626,80.2409591675,39074,39084,10
12.9813899994,80.2417602539,39084,39094,10
12.9813995361,80.2426681519,39094,39125,31
12.9813995361,80.2426681519,39125,39135,10
12.9813995361,80.242767334,39135,39145,10
12.9813899994,80.2431793213,39145,39155,10
12.9813499451,80.2437591553,39155,39165,10
12.9812498093,80.2444992065,39165,39175,10
12.9811496735,80.2453536987,39175,39185,10
12.9810400009,80.2462615967,39185,39195,10
12.9809398651,80.2473068237,39195,39205,10
12.9808397293,80.2484207153,39205,39215,10
12.9807300568,80.2495422363,39215,39225,10
12.9805002213,80.2506027222,39225,39235,10
12.9802398682,80.2516403198,39235,39246,11
12.9801197052,80.2521591187,39246,39266,20
12.9801197052,80.2521591187,39266,39276,10
12.9800701141,80.2523269653,39276,39286,10
12.9802398682,80.2525787354,39286,39296,10
12.9807500839,80.2526092529,39296,39306,10
12.9814796448,80.2525787354,39306,39316,10
12.9823598862,80.2525482178,39316,39326,10
12.9830503464,80.2525024414,39326,39336,10
12.9836502075,80.2523803711,39336,39346,10
12.9841098785,80.2522735596,39346,39356,10
12.9844398499,80.2521820068,39356,39367,11
12.9846000671,80.2521362305,39367,39397,30
12.9846000671,80.2521362305,39397,39407,10
12.9847002029,80.2520980835,39407,39639,232
12.9847002029,80.2520980835,39639,39649,10
12.9848604202,80.2520294189,39649,39659,10
12.9852199554,80.2519378662,39659,39669,10
12.9856595993,80.2518234253,39669,39679,10
12.9859895706,80.251739502,39679,39689,10
12.9864501953,80.2516403198,39689,39699,10
12.9869203568,80.2515182495,39699,39709,10
12.9873895645,80.2513809204,39709,39720,11
12.9878101349,80.2513809204,39720,39730,10
12.9879398346,80.2516021729,39730,39740,10
12.9879798889,80.2518997192,39740,39750,10
12.9880504608,80.252243042,39750,39760,10
12.9880199432,80.2524871826,39760,39770,10
12.9879798889,80.2527694702,39770,39780,10
12.9879102707,80.2534484863,39780,39790,10
12.9878396988,80.2542724609,39790,39800,10
12.9877901077,80.2550964355,39800,39992,192
12.9877901077,80.2550964355,39992,40002,10
12.9876403809,80.2553634644,40002,40012,10
12.9876499176,80.2554702759,40012,40022,10
12.9876403809,80.2557830811,40022,40032,10
12.9875602722,80.2562637329,40032,40042,10
12.9875297546,80.2567367554,40042,40053,11
12.9875001907,80.257232666,40053,40062,9
12.9874696732,80.257850647,40062,40073,11
12.9874000549,80.2587585449,40073,40083,10
12.9873399734,80.2593917847,40083,40133,50
12.9871797562,80.2596206665,40133,40163,30
12.9871797562,80.2596206665,40163,40173,10
12.9870595932,80.2596588135,40173,40184,11
12.986579895,80.2596206665,40184,40416,232
12.986579895,80.2596206665,40416,40426,10
12.9864702225,80.2594909668,40426,40436,10
12.9864597321,80.2594680786,40436,40446,10
12.9865198135,80.2592315674,40446,40456,10
12.9865398407,80.2591171265,40456,40466,10
12.9868898392,80.2590866089,40466,40506,40
12.987039566,80.2591094971,40506,40537,31
12.987039566,80.2591094971,40537,40547,10
12.9873399734,80.258972168,40547,40557,10
12.9873504639,80.2587203979,40557,40567,10
12.9873800278,80.258392334,40567,40577,10
12.9874095917,80.2578964233,40577,40587,10
12.9874401093,80.2573013306,40587,40597,10
12.9874801636,80.2568817139,40597,40607,10
12.9874801636,80.2568511963,40607,40617,10
12.9875001907,80.2567825317,40617,40627,10
12.9875402451,80.2564697266,40627,40728,101
12.9875402451,80.2564697266,40728,40738,10
12.9875602722,80.256187439,40738,40748,10
12.9875802994,80.2558670044,40748,40758,10
12.9877195358,80.2548828125,40758,40779,21
12.9877195358,80.2548828125,40779,40788,9
12.987739563,80.2545700073,40788,40799,11
12.9877796173,80.2539672852,40799,40809,10
12.987830162,80.2530975342,40809,40900,91
12.987830162,80.2530975342,40900,40916,16
12.987859726,80.2530212402,40916,40928,12
12.9878902435,80.2526016235,40928,40938,10
12.9878797531,80.2521286011,40938,40948,10
12.9877796173,80.2517623901,40948,40958,10
12.9876403809,80.2516098022,40958,40968,10
12.9873800278,80.2516174316,40968,40978,10
12.9869203568,80.2516784668,40978,40988,10
12.9862203598,80.2518615723,40988,40998,10
12.9853696823,80.2520675659,40998,41009,11
12.9843196869,80.2523574829,41009,41019,10
12.9832601547,80.2526092529,41019,41029,10
12.9821901321,80.2527008057,41029,41039,10
12.9811201096,80.2527236938,41039,41049,10
12.9798803329,80.2527236938,41049,41099,50
12.9798803329,80.2527236938,41099,41109,10
12.9798402786,80.2526702881,41109,41120,11
12.9798603058,80.2524108887,41120,41130,10
12.9798803329,80.252281189,41130,41140,10
12.9799003601,80.2522125244,41140,41150,10
12.9799900055,80.2518463135,41150,41160,10
12.9801797867,80.2512969971,41160,41170,10
12.9804096222,80.25050354,41170,41180,10
12.9806203842,80.2495574951,41180,41189,9
12.9806995392,80.2486190796,41189,41200,11
12.9807796478,80.2474594116,41200,41209,9
12.9808797836,80.2464904785,41209,41220,11
12.981010437,80.2452392578,41220,41230,10
12.9811201096,80.2441482544,41230,41240,10
12.9811601639,80.2438278198,41240,41251,11
12.9812698364,80.243598938,41251,41261,10
12.9813098907,80.2431793213,41261,41271,10
12.9813203812,80.2427902222,41271,41281,10
12.9813203812,80.2427825928,41281,41291,10
12.9813299179,80.242477417,41291,41301,10
12.9813098907,80.2420425415,41301,41311,10
12.981300354,80.2414093018,41311,41321,10
12.981300354,80.2406234741,41321,41331,10
12.9812803268,80.2398529053,41331,41341,10
12.9812602997,80.239440918,41341,41351,10
12.9812498093,80.2389831543,41351,41361,10
12.9812202454,80.2379302979,41361,41382,21
12.9812202454,80.2379302979,41382,41391,9
12.9812097549,80.2376480103,41391,41402,11
12.9811897278,80.2370834351,41402,41412,10
12.981180191,80.2362289429,41412,41422,10
12.9811401367,80.2353363037,41422,41432,10
12.9811296463,80.2344512939,41432,41442,10
12.9811601639,80.2342987061,41442,41452,10
12.9812202454,80.2341308594,41452,41483,31
12.9812202454,80.2341308594,41483,41493,10
12.9813098907,80.2339630127,41493,41503,10
12.9813995361,80.2337799072,41503,41513,10
12.9815397263,80.2334976196,41513,41543,30
12.9815397263,80.2334976196,41543,41553,10
12.9815998077,80.2333679199,41553,41563,10
12.9817800522,80.233001709,41563,41573,10
12.9819602966,80.2324676514,41573,41582,9
12.9819602966,80.2320022583,41582,41593,11
12.9819002151,80.2313690186,41593,41604,11
12.9816904068,80.2307815552,41604,41614,10
12.9813499451,80.2302322388,41614,41624,10
12.9808998108,80.2295227051,41624,41634,10
12.9806499481,80.2291183472,41634,41644,10
12.980509758,80.2288818359,41644,41654,10
12.9805002213,80.2288131714,41654,41664,10
12.9802999496,80.228477478,41664,41674,10
12.9800596237,80.2279968262,41674,41684,10
12.9796600342,80.2273483276,41684,41694,10
12.9792995453,80.2267532349,41694,41704,10
12.9790201187,80.2262802124,41704,41714,10
12.9786100388,80.2256317139,41714,41725,11
12.9781103134,80.2247924805,41725,41735,10
12.9777002335,80.2242202759,41735,41745,10
12.9773101807,80.2235794067,41745,41755,10
12.9769802094,80.2229614258,41755,41765,10
12.9768400192,80.2227401733,41765,41775,10
12.976559639,80.2222900391,41775,41785,10
12.9761896133,80.2217330933,41785,41795,10
12.9756803513,80.2211380005,41795,41826,31
12.9756803513,80.2211380005,41826,41836,10
12.9756202698,80.2211074829,41836,41846,10
12.9754199982,80.2209014893,41846,41886,40
12.9754199982,80.2209014893,41886,41896,10
12.975399971,80.2205810547,41896,41906,10
12.9756402969,80.2203674316,41906,41916,10
12.9760198593,80.220161438,41916,41926,10
12.9765901566,80.2199325562,41926,41936,10
12.9773302078,80.2196426392,41936,41946,10
12.9781198502,80.2192993164,41946,41957,11
12.9787302017,80.219078064,41957,41967,10
12.9791603088,80.2189025879,41967,41977,10
12.9797496796,80.2186431885,41977,41987,10
12.9804601669,80.2183837891,41987,41997,10
12.9812698364,80.2181091309,41997,42007,10
12.9821796417,80.217918396,42007,42017,10
12.9828701019,80.2179107666,42017,42027,10
12.9838399887,80.2179031372,42027,42047,20
12.9838399887,80.2179031372,42047,42057,10
12.9841003418,80.2179107666,42057,42068,11
12.9847202301,80.2179031372,42068,42078,10
12.9854698181,80.2179107666,42078,42088,10
12.9863004684,80.2180709839,42088,42098,10
12.9870901108,80.2182235718,42098,42108,10
12.9873600006,80.2182617188,42108,42118,10
12.9874401093,80.2182922363,42118,42128,10
12.9878702164,80.2183914185,42128,42138,10
12.9884500504,80.2185134888,42138,42148,10
12.9891796112,80.2187271118,42148,42158,10
12.989979744,80.21900177,42158,42168,10
12.9908704758,80.2192993164,42168,42178,10
12.9916400909,80.2194366455,42178,42189,11
12.9922103882,80.2190628052,42189,42199,10
12.9928598404,80.2185821533,42199,42209,10
12.9935398102,80.2180786133,42209,42219,10
12.9941501617,80.2176437378,42219,42229,10
12.9946804047,80.2172622681,42229,42239,10
12.9952001572,80.2169189453,42239,42249,10
12.9957895279,80.2166595459,42249,42259,10
12.9965000153,80.2165298462,42259,42269,10
12.9969501495,80.2164764404,42269,42279,10
12.9974603653,80.2161407471,42279,42299,20
12.9974603653,80.2161407471,42299,42310,11
12.9976797104,80.2159729004,42310,42320,10
12.998000145,80.215713501,42320,42330,10
12.9983596802,80.2154006958,42330,42340,10
12.998840332,80.2149734497,42340,42350,10
12.9991903305,80.2146835327,42350,42360,10
12.99958992,80.2143173218,42360,42370,10
12.9999198914,80.2140197754,42370,42380,10
13.0004997253,80.2135009766,42380,42390,10
13.0010995865,80.2130203247,42390,42400,10
13.0017004013,80.2125930786,42400,42410,10
13.0021400452,80.2123184204,42410,42420,10
13.0023899078,80.2121963501,42420,42431,11
13.0029201508,80.2120895386,42431,42441,10
13.0035200119,80.2119903564,42441,42451,10
13.0036296844,80.2119064331,42451,42461,10
13.0036401749,80.2115707397,42461,42471,10
13.0036001205,80.2109680176,42471,42481,10
13.0035295486,80.210357666,42481,42491,10
13.0034704208,80.2097473145,42491,42501,10
13.0035800934,80.2090835571,42501,42511,10
13.0040302277,80.208656311,42511,42521,10
13.0048599243,80.2090301514,42521,42531,10
13.0057497025,80.2093963623,42531,42542,11
13.0059604645,80.2094726563,42542,42552,10
13.006070137,80.2095108032,42552,42562,10
13.0063695908,80.209602356,42562,42572,10
13.0068798065,80.2097473145,42572,42582,10
13.0073299408,80.2098236084,42582,42602,20
13.0073299408,80.2098236084,42602,42612,10
13.0075597763,80.2099075317,42612,42622,10
13.0078001022,80.2099685669,42622,42632,10
13.0081501007,80.2099227905,42632,42642,10
13.0080404282,80.2093963623,42642,42653,11
13.0079298019,80.2087173462,42653,42662,9
13.0078001022,80.2080230713,42662,42673,11
13.0076503754,80.2070617676,42673,42683,10
13.007519722,80.2061462402,42683,42693,10
13.0074701309,80.2052688599,42693,42703,10
13.0074796677,80.2045898438,42703,42713,10
13.0074501038,80.2040100098,42713,42723,10
13.0073204041,80.2032165527,42723,42733,10
13.0069198608,80.2025604248,42733,42743,10
13.0065097809,80.2030029297,42743,42753,10
13.0069503784,80.2034378052,42753,42763,10
13.0076398849,80.2036819458,42763,42773,10
13.0085201263,80.2036819458,42773,42784,11
13.0096998215,80.2036132813,42784,42794,10
13.0108299255,80.20362854,42794,42804,10
13.0117998123,80.203742981,42804,42814,10
13.0128698349,80.2039413452,42814,42824,10
13.013469696,80.2041473389,42824,42834,10
13.0139904022,80.2043228149,42834,42844,10
13.0146598816,80.2045516968,42844,42854,10
13.0148200989,80.2045974731,42854,42864,10
13.0149402618,80.2046508789,42864,42874,10
13.0153303146,80.2047576904,42874,42884,10
13.0159902573,80.205039978,42884,42894,10
13.0167598724,80.2053222656,42894,42905,11
13.017660141,80.2055969238,42905,42915,10
13.018699646,80.2060012817,42915,42935,20
13.018699646,80.2060012817,42935,42945,10
13.018989563,80.2060775757,42945,42955,10
13.0195198059,80.2062225342,42955,42965,10
13.0203199387,80.2063064575,42965,42974,9
13.021109581,80.2063064575,42974,42985,11
13.0219297409,80.2063293457,42985,42995,10
13.0226097107,80.206413269,42995,43005,10
13.0234699249,80.2065811157,43005,43015,10
13.0244398117,80.2067871094,43015,43026,11
13.0253896713,80.20703125,43026,43035,9
13.0261297226,80.207359314,43035,43047,12
13.0272102356,80.2080001831,43047,43057,10
13.0281000137,80.2084732056,43057,43067,10
13.0288095474,80.2086715698,43067,43077,10
13.0291404724,80.2087173462,43077,43087,10
13.0291500092,80.2087173462,43087,43097,10
13.0293798447,80.2087936401,43097,43107,10
13.0296401978,80.2088623047,43107,43117,10
13.0298500061,80.2089309692,43117,43128,11
13.0301198959,80.2089996338,43128,43148,20
13.0301198959,80.2089996338,43148,43158,10
13.0303297043,80.2090682983,43158,43168,10
13.0307798386,80.209197998,43168,43178,10
13.0314502716,80.2093734741,43178,43188,10
13.03166008,80.2094421387,43188,43198,10
13.0320196152,80.2095489502,43198,43208,10
13.0326099396,80.2096633911,43208,43218,10
13.0333995819,80.2098007202,43218,43228,10
13.034239769,80.2099761963,43228,43238,10
13.0348997116,80.2101364136,43238,43249,11
13.0349903107,80.2105865479,43249,43259,10
13.0350103378,80.2109527588,43259,43269,10
13.0349998474,80.2113418579,43269,43279,10
13.0349702835,80.2114334106,43279,43289,10
13.0349302292,80.2116622925,43289,43299,10
13.0348901749,80.211769104,43299,43309,10
13.0349197388,80.2119827271,43309,43319,10
13.0352201462,80.2121429443,43319,43329,10
13.0356903076,80.2122116089,43329,43339,10
13.0364704132,80.2122573853,43339,43349,10
13.0367803574,80.212272644,43349,43370,21
13.0367803574,80.212272644,43370,43380,10
13.0370903015,80.2122497559,43380,43400,20
13.0370903015,80.2122497559,43400,43410,10
13.0374002457,80.2122573853,43410,43430,20
13.0374002457,80.2122573853,43430,43440,10
13.0375699997,80.212272644,43440,43450,10
13.0380001068,80.2122573853,43450,43460,10
13.0386400223,80.2122421265,43460,43470,10
13.0394496918,80.2122497559,43470,43480,10
13.0403900146,80.2122421265,43480,43491,11
13.0416002274,80.2122879028,43491,43500,9
13.0432100296,80.2123031616,43500,43581,81
13.0432100296,80.2123031616,43581,43591,10
13.0436601639,80.2123031616,43591,43601,10
13.0440196991,80.2122802734,43601,43612,11
13.044549942,80.212272644,43612,43621,9
13.0451402664,80.2122573853,43621,43632,11
13.0458498001,80.2122192383,43632,43642,10
13.046500206,80.2122192383,43642,43652,10
13.0472002029,80.2121734619,43652,43662,10
13.04804039,80.2121124268,43662,43672,10
13.048210144,80.2121124268,43672,43682,10
13.048330307,80.2121200562,43682,43692,10
13.0485696793,80.2121124268,43692,43702,10
13.0491800308,80.212020874,43702,43733,31
13.0491800308,80.212020874,43733,43742,9
13.0494699478,80.2120437622,43742,43753,11
13.0498199463,80.2120132446,43753,43763,10
13.0499801636,80.2119979858,43763,43773,10
13.050330162,80.212020874,43773,43783,10
13.0507602692,80.2120895386,43783,43793,10
13.0516004562,80.2120895386,43793,43803,10
13.0523300171,80.2119827271,43803,43813,10
13.0531301498,80.2117996216,43813,43823,10
13.0543899536,80.2115097046,43823,43854,31
13.0543899536,80.2115097046,43854,43864,10
13.0547800064,80.2115325928,43864,43874,10
13.0554504395,80.2115402222,43874,43884,10
13.0563602448,80.2115402222,43884,43894,10
13.0573797226,80.2115020752,43894,43904,10
13.05768013,80.2114868164,43904,43914,10
13.0580997467,80.211479187,43914,43924,10
13.0585002899,80.2115020752,43924,43934,10
13.059009552,80.211517334,43934,43944,10
13.0597400665,80.2115783691,43944,43954,10
13.0606298447,80.2116165161,43954,43965,11
13.0615701675,80.2116622925,43965,43975,10
13.0623998642,80.2116088867,43975,43985,10
13.0630397797,80.2115631104,43985,43995,10
13.0630502701,80.2115631104,43995,44005,10
13.0634403229,80.2115097046,44005,44015,10
13.0635499954,80.211517334,44015,44025,10
13.0638599396,80.2115097046,44025,44035,10
13.0642995834,80.21144104,44035,44045,10
13.0649404526,80.2111206055,44045,44055,10
13.0656604767,80.2106018066,44055,44066,11
13.0663795471,80.2099533081,44066,44075,9
13.0672302246,80.2088623047,44075,44096,21
13.0672302246,80.2088623047,44096,44106,10
13.067440033,80.2085418701,44106,44116,10
13.0677900314,80.2080230713,44116,44126,10
13.0682497025,80.207321167,44126,44136,10
13.0687799454,80.206489563,44136,44146,10
13.069319725,80.2057037354,44146,44156,10
13.0695400238,80.2052764893,44156,44166,10
13.069609642,80.2051620483,44166,44176,10
13.0696496964,80.2049026489,44176,44187,11
13.0692996979,80.2049636841,44187,44197,10
13.0689897537,80.2053833008,44197,44207,10
13.0686798096,80.2052230835,44207,44227,20
13.0686798096,80.2052230835,44227,44237,10
13.0681295395,80.2051391602,44237,44610,373
13.0681295395,80.2051391602,44610,44620,10
13.0683498383,80.2050018311,44620,44630,10
13.0687103271,80.2048416138,44630,44640,10
13.0692596436,80.2047805786,44640,44650,10
13.0693397522,80.204788208,44650,44661,11
13.0696296692,80.2048416138,44661,44671,10
13.0698404312,80.2051773071,44671,44681,10
13.0695400238,80.2056808472,44681,44691,10
13.0691299438,80.2063064575,44691,44701,10
13.0686702728,80.2070465088,44701,44711,10
13.0681695938,80.207862854,44711,44721,10
13.0676803589,80.2086105347,44721,44731,10
13.0673398972,80.2090835571,44731,44741,10
13.0669002533,80.2097167969,44741,44751,10
13.0662202835,80.2103424072,44751,44761,10
13.0649795532,80.2113189697,44761,44782,21
13.0649795532,80.2113189697,44782,44792,10
13.0647096634,80.2114715576,44792,44802,10
13.0641498566,80.2116470337,44802,44812,10
13.0638303757,80.2117233276,44812,44822,10
13.0637197495,80.2117233276,44822,44832,10
13.0633296967,80.2117385864,44832,44842,10
13.0626602173,80.2117614746,44842,44852,10
13.0618600845,80.2117462158,44852,44862,10
13.0609502792,80.2117233276,44862,44872,10
13.059969902,80.2116699219,44872,44882,10
13.0589599609,80.2116088867,44882,44893,11
13.0576295853,80.2115783691,44893,44913,20
13.0576295853,80.2115783691,44913,44923,10
13.057299614,80.2115936279,44923,44933,10
13.0567798615,80.2116012573,44933,44943,10
13.0560302734,80.2116012573,44943,44953,10
13.0551996231,80.2115631104,44953,44964,11
13.054309845,80.2116012573,44964,44974,10
13.0535802841,80.2117614746,44974,44985,11
13.0526199341,80.212020874,44985,44997,12
13.0519104004,80.2121734619,44997,45007,10
13.0511398315,80.2121200562,45007,45028,21
13.0511398315,80.2121200562,45028,45038,10
13.0506801605,80.2121582031,45038,45048,10
13.0499296188,80.2121582031,45048,45068,20
13.0499296188,80.2121582031,45068,45078,10
13.0496397018,80.2121582031,45078,45088,10
13.0496196747,80.2121582031,45088,45098,10
13.049369812,80.2121582031,45098,45108,10
13.0488195419,80.2121734619,45108,45118,10
13.0480804443,80.2122192383,45118,45129,11
13.047129631,80.2122879028,45129,45139,10
13.0457000732,80.2123794556,45139,45199,60
13.0457000732,80.2123794556,45199,45207,8
13.0454502106,80.2124099731,45207,45218,11
13.0449399948,80.2124328613,45218,45229,11
13.0443401337,80.2124099731,45229,45239,10
13.0437498093,80.2123794556,45239,45250,11
13.0429000854,80.2123794556,45250,45260,10
13.0421895981,80.2123718262,45260,45270,10
13.0413999557,80.2124023438,45270,45280,10
13.0405597687,80.2124404907,45280,45290,10
13.0396604538,80.2124328613,45290,45300,10
13.0385599136,80.2124023438,45300,45320,20
13.0385599136,80.2124023438,45320,45330,10
13.0382995605,80.2124404907,45330,45340,10
13.0379104614,80.2124481201,45340,45350,10
13.0373601913,80.2124099731,45350,45360,10
13.0366802216,80.2123794556,45360,45371,11
13.0361204147,80.212348938,45371,45381,10
13.0356798172,80.2123565674,45381,45391,10
13.0354795456,80.2123413086,45391,45401,10
13.0351200104,80.2122802734,45401,45411,10
13.0348300934,80.2122421265,45411,45421,10
13.0345602036,80.2121734619,45421,45431,10
13.0345401764,80.2121734619,45431,45441,10
13.0342197418,80.2121429443,45441,45461,20
13.0342197418,80.2121429443,45461,45471,10
13.0338897705,80.2120819092,45471,45481,10
13.0334796906,80.2119598389,45481,45492,11
13.0328502655,80.2118606567,45492,45508,16
13.031999588,80.21144104,45508,45520,12
13.0320596695,80.2104797363,45520,45529,9
13.0320997238,80.2099227905,45529,45538,9
13.0319595337,80.2096633911,45538,45550,12
13.031419754,80.209487915,45550,45560,10
13.0305204391,80.2092590332,45560,45580,20
13.0305204391,80.2092590332,45580,45590,10
13.0304498672,80.2092514038,45590,45600,10
13.0301103592,80.2091369629,45600,45611,11
13.0295600891,80.2089691162,45611,45621,10
13.0294799805,80.2089233398,45621,45630,9
13.0294399261,80.2088775635,45630,45641,11
13.0291004181,80.2087936401,45641,45651,10
13.028380394,80.2086105347,45651,45661,10
13.0276403427,80.2083435059,45661,45671,10
13.0269298553,80.2079162598,45671,45681,10
13.0261201859,80.2074508667,45681,45691,10
13.0250997543,80.2070617676,45691,45701,10
13.0242595673,80.2069091797,45701,45711,10
13.0235700607,80.2067337036,45711,45722,11
13.0227499008,80.2065505981,45722,45732,10
13.0222301483,80.2064590454,45732,45742,10
13.0216503143,80.2064208984,45742,45752,10
13.0208501816,80.2064208984,45752,45762,10
13.0199604034,80.2064437866,45762,45772,10
13.0191402435,80.2063369751,45772,45782,10
13.018989563,80.2062988281,45782,45792,10
13.0188102722,80.2062225342,45792,45802,10
13.0183296204,80.2060470581,45802,45812,10
13.0177402496,80.2058334351,45812,45822,10
13.0173797607,80.2057037354,45822,45832,10
13.016960144,80.2055664063,45832,45843,11
13.0163898468,80.2053985596,45843,45853,10
13.0156002045,80.2051315308,45853,45863,10
13.0147399902,80.2048416138,45863,45879,16
13.0142402649,80.2046203613,45879,45891,12
13.0138196945,80.2044372559,45891,45899,8
13.0135803223,80.2046432495,45899,45911,12
13.0133495331,80.2053375244,45911,45921,10
13.0130901337,80.2060928345,45921,45931,10
13.0129804611,80.2070007324,45931,45941,10
13.0128803253,80.2077407837,45941,45951,10
13.0127401352,80.2081680298,45951,45962,11
13.0127897263,80.2085800171,45962,45971,9
13.012840271,80.2090301514,45971,45982,11
13.0130996704,80.2096405029,45982,45992,10
13.0130500793,80.2101974487,45992,46002,10
13.0128803253,80.2109527588,46002,46012,10
13.0125598907,80.2116317749,46012,46022,10
13.0122499466,80.2122192383,46022,46032,10
13.011879921,80.2127380371,46032,46042,10
13.0116596222,80.2127380371,46042,46052,10
13.0112800598,80.2124481201,46052,46062,10
13.010720253,80.212020874,46062,46072,10
13.0103502274,80.211730957,46072,46083,11
13.0099601746,80.2114334106,46083,46123,40
13.0099601746,80.2114334106,46123,46139,16
13.00963974,80.2112197876,46139,46171,32
13.0093002319,80.2111816406,46171,46191,20
13.0093002319,80.2111816406,46191,46202,11
13.009180069,80.2113037109,46202,46211,9
13.009180069,80.2113113403,46211,46221,10
13.0090398788,80.2114868164,46221,46232,11
13.0090103149,80.2117385864,46232,46242,10
13.0091495514,80.2121734619,46242,46253,11
13.0093297958,80.212677002,46253,46263,10
13.0094995499,80.2131271362,46263,46273,10
13.0096797943,80.2135772705,46273,46283,10
13.0098896027,80.2140731812,46283,46293,10
13.0100803375,80.2145767212,46293,46303,10
13.0101804733,80.2152175903,46303,46314,11
13.0103998184,80.2160720825,46314,46324,10
13.0108003616,80.2169418335,46324,46334,10
13.0111503601,80.2177429199,46334,46344,10
13.0115098953,80.2187423706,46344,46354,10
13.0118703842,80.219833374,46354,46364,10
13.012169838,80.2207565308,46364,46374,10
13.0123796463,80.2215118408,46374,46390,16
13.0128498077,80.2222366333,46390,46402,12
13.0135002136,80.2229690552,46402,46412,10
13.0139398575,80.223487854,46412,46421,9
13.0143699646,80.2240219116,46421,46432,11
13.0148601532,80.224571228,46432,46443,11
13.0153598785,80.2251968384,46443,46453,10
13.0153999329,80.2254867554,46453,46463,10
13.0150899887,80.2258529663,46463,46484,21
13.0150899887,80.2258529663,46484,46494,10
13.0146903992,80.2260818481,46494,46504,10
13.0141296387,80.2263031006,46504,46514,10
13.0134000778,80.2265930176,46514,46524,10
13.0125904083,80.2269210815,46524,46534,10
13.0116901398,80.2272720337,46534,46544,10
13.010720253,80.2276687622,46544,46555,11
13.0097198486,80.2279434204,46555,46565,10
13.0095996857,80.2273483276,46565,46575,10
13.0098800659,80.2267074585,46575,46585,10
13.0101995468,80.2259597778,46585,46595,10
13.0105495453,80.2250976563,46595,46605,10
13.0108699799,80.2242431641,46605,46615,10
13.0111198425,80.2235717773,46615,46625,10
13.0112199783,80.2231826782,46625,46635,10
13.0108604431,80.2229614258,46635,46645,10
13.0102596283,80.2226791382,46645,46655,10
13.0096502304,80.2223434448,46655,46665,10
13.0089597702,80.2219619751,46665,46676,11
13.0081596375,80.2215270996,46676,46686,10
13.0073795319,80.2211227417,46686,46696,10
13.0066404343,80.2207717896,46696,46706,10
13.00578022,80.2205505371,46706,46716,10
13.0048799515,80.2203292847,46716,46726,10
13.004119873,80.220161438,46726,46736,10
13.0035400391,80.2200088501,46736,46746,10
13.0029497147,80.219833374,46746,46756,10
13.0023097992,80.2193832397,46756,46766,10
13.0017299652,80.2187423706,46766,46776,10
13.0009803772,80.2182006836,46776,46786,10
13.000459671,80.2178573608,46786,46797,11
13.000120163,80.2176437378,46797,46807,10
12.9997301102,80.2173995972,46807,46817,10
12.9996004105,80.2173233032,46817,46827,10
12.9995098114,80.2172775269,46827,46837,10
12.9992704391,80.2171478271,46837,46847,10
12.9988899231,80.2169570923,46847,46857,10
12.9982995987,80.2166900635,46857,46867,10
12.9974403381,80.2165603638,46867,46928,61
12.9974403381,80.2165603638,46928,46938,10
12.9970302582,80.2165222168,46938,46948,10
12.9967699051,80.2165298462,46948,46958,10
12.9966602325,80.2165298462,46958,46968,10
12.9964599609,80.2165527344,46968,46978,10
12.9961900711,80.2165985107,46978,46998,20
12.9961900711,80.2165985107,46998,47008,10
12.9958496094,80.2166900635,47008,47029,21
12.9958496094,80.2166900635,47029,47039,10
12.9952898026,80.2168884277,47039,47069,30
12.9952898026,80.2168884277,47069,47079,10
12.9950399399,80.217048645,47079,47089,10
12.9949102402,80.2171401978,47089,47099,10
12.9948501587,80.2171783447,47099,47109,10
12.9945402145,80.2173919678,47109,47119,10
12.9941196442,80.2177276611,47119,47129,10
12.9935398102,80.2181396484,47129,47139,10
12.9928998947,80.2185974121,47139,47150,11
12.9921302795,80.2192077637,47150,47160,10
12.9914798737,80.219619751,47160,47170,10
12.9910297394,80.2194824219,47170,47180,10
12.9910202026,80.2194824219,47180,47190,10
12.990940094,80.2194137573,47190,47200,10
12.9905595779,80.2192611694,47200,47210,10
12.989979744,80.2190704346,47210,47220,10
12.9892501831,80.2188186646,47220,47230,10
12.988360405,80.218536377,47230,47240,10
12.9875602722,80.2183990479,47240,47250,10
12.9868803024,80.2182617188,47250,47261,11
12.986749649,80.2182388306,47261,47271,10
12.986289978,80.2181091309,47271,47281,10
12.9854698181,80.2179412842,47281,47291,10
12.9845695496,80.2179412842,47291,47301,10
12.984000206,80.2179718018,47301,47311,10
12.9839000702,80.217956543,47311,47321,10
12.9834699631,80.217956543,47321,47331,10
12.9828395844,80.2179718018,47331,47341,10
12.9820404053,80.2179794312,47341,47351,10
12.9811201096,80.2181396484,47351,47361,10
12.980219841,80.2184524536,47361,47371,10
12.9795198441,80.2187194824,47371,47382,11
12.9788599014,80.218963623,47382,47392,10
12.9784803391,80.2191162109,47392,47402,10
12.9778604507,80.2193832397,47402,47412,10
12.9770898819,80.2196807861,47412,47422,10
12.9762401581,80.2200317383,47422,47432,10
12.9755897522,80.2204437256,47432,47442,10
12.9756298065,80.2208175659,47442,47452,10
12.9759998322,80.2212524414,47452,47462,10
12.9763402939,80.2217102051,47462,47482,20
12.9763402939,80.2217102051,47482,47492,10
12.9764204025,80.2219772339,47492,47503,11
12.9766998291,80.2224807739,47503,47513,10
12.9769897461,80.2229614258,47513,47523,10
12.9773302078,80.223487854,47523,47533,10
12.9777803421,80.2241592407,47533,47543,10
12.9779901505,80.2244796753,47543,47553,10
12.9781599045,80.2247695923,47553,47563,10
12.9783401489,80.2250595093,47563,47573,10
12.9785995483,80.2255172729,47573,47583,10
12.9789199829,80.22605896,47583,47593,10
12.9793395996,80.2267379761,47593,47603,10
12.9798002243,80.2274932861,47603,47613,10
12.9803199768,80.2283325195,47613,47624,11
12.9807796478,80.2291107178,47624,47634,10
12.981089592,80.2296218872,47634,47644,10
12.9814596176,80.2301483154,47644,47654,10
12.9815998077,80.2303771973,47654,47664,10
12.9816799164,80.2305297852,47664,47674,10
12.9818601608,80.2309036255,47674,47684,10
12.981880188,80.2309799194,47684,47694,10
12.9819297791,80.2311325073,47694,47704,10
12.9819898605,80.2312774658,47704,47815,111
12.9820699692,80.2316436768,47815,47835,20
12.9820699692,80.2316436768,47835,47845,10
12.9820699692,80.2318496704,47845,47856,11
12.9820804596,80.2319793701,47856,47876,20
12.9820804596,80.2319793701,47876,47886,10
12.982049942,80.2322235107,47886,47896,10
12.982049942,80.2322387695,47896,47906,10
12.9820098877,80.232460022,47906,47916,10
12.9819803238,80.232673645,47916,47956,40
12.9819803238,80.232673645,47956,47966,10
12.9819002151,80.2328720093,47966,47977,11
12.9818696976,80.2329406738,47977,47987,10
12.9817800522,80.2331390381,47987,47997,10
12.9815196991,80.2336578369,47997,48017,20
12.9815196991,80.2336578369,48017,48027,10
12.9813899994,80.2338409424,48027,48037,10
12.9812602997,80.2341537476,48037,48047,10
12.9811897278,80.2344207764,48047,48057,10
12.9811897278,80.2347793579,48057,48067,10
12.9812002182,80.2352523804,48067,48077,10
12.9812097549,80.2357330322,48077,48088,11
12.9812202454,80.2362365723,48088,48098,10
12.9812402725,80.2369232178,48098,48108,10
12.9812402725,80.2375488281,48108,48118,10
12.9812402725,80.238243103,48118,48128,10
12.9812498093,80.2386398315,48128,48138,10
12.9812498093,80.2388916016,48138,48148,10
12.9812602997,80.2394332886,48148,48157,9
12.9812698364,80.2400436401,48157,48168,11
12.9812898636,80.2409133911,48168,48178,10
12.981300354,80.2417678833,48178,48188,10
12.9813098907,80.2428970337,48188,48209,21
12.9813098907,80.2428970337,48209,48219,10
12.9813404083,80.2431716919,48219,48229,10
12.981300354,80.2437210083,48229,48239,10
12.9812002182,80.244468689,48239,48249,10
12.9811096191,80.2453384399,48249,48259,10
12.9809999466,80.2463226318,48259,48269,10
12.9808998108,80.2473983765,48269,48279,10
12.9808101654,80.2485580444,48279,48289,10
12.9806900024,80.2496414185,48289,48299,10
12.9804601669,80.2506713867,48299,48309,10
12.9801902771,80.251663208,48309,48319,10
12.9800796509,80.252243042,48319,48340,21
12.9800796509,80.252243042,48340,48350,10
12.9800796509,80.2524414063,48350,48360,10
12.9803495407,80.2525863647,48360,48370,10
12.9808502197,80.2525863647,48370,48380,10
12.9815597534,80.252571106,48380,48390,10
12.982460022,80.2525405884,48390,48400,10
12.983499527,80.2524185181,48400,48410,10
12.9850597382,80.2519989014,48410,48491,81
12.9850597382,80.2519989014,48491,48501,10
12.9852800369,80.2519226074,48501,48511,10
12.9857702255,80.2518005371,48511,48521,10
12.9863395691,80.251663208,48521,48531,10
12.986869812,80.2515487671,48531,48541,10
12.9871997833,80.2514724731,48541,48653,112
12.9871997833,80.2514724731,48653,48663,10
12.9873800278,80.2513809204,48663,48673,10
12.987660408,80.2513198853,48673,48684,11
12.987830162,80.2513809204,48684,48694,10
12.9879703522,80.2518005371,48694,48704,10
12.9879999161,80.251953125,48704,48714,10
12.9880104065,80.2520980835,48714,48724,10
12.9879703522,80.2526626587,48724,48734,10
12.9878902435,80.2535171509,48734,48744,10
12.9877901077,80.2545394897,48744,48754,10
12.9877099991,80.2551803589,48754,48825,71
12.9877099991,80.2551803589,48825,48835,10
12.987660408,80.2553405762,48835,48845,10
12.9876403809,80.2556991577,48845,48855,10
12.9875402451,80.2561798096,48855,48865,10
12.9874801636,80.2567825317,48865,48875,10
12.9874200821,80.2573776245,48875,48885,10
12.9873800278,80.2580184937,48885,48895,10
12.9873504639,80.2585372925,48895,48905,10
12.9872903824,80.2589187622,48905,48916,11
12.9871902466,80.2594528198,48916,48936,20
12.9871902466,80.2594528198,48936,48946,10
12.9869804382,80.2595977783,48946,50307,1361
12.9868001938,80.2596511841,50307,50439,132
12.9868803024,80.2597122192,50439,50813,374
12.9868803024,80.2597122192,50813,50823,10
12.986579895,80.2594223022,50823,50833,10
12.9865703583,80.2591705322,50833,50843,10
12.9866695404,80.2590408325,50843,50853,10
12.9870195389,80.2591323853,50853,50903,50
12.9870195389,80.2591323853,50903,50913,10
12.9873399734,80.2589416504,50913,50924,11
12.9873600006,80.2585220337,50924,50934,10
12.9874000549,80.2579803467,50934,50944,10
12.9874401093,80.2573623657,50944,50954,10
12.987449646,80.2568664551,50954,50964,10
12.9875001907,80.2562866211,50964,50974,10
12.9876098633,80.255607605,50974,50984,10
12.9876804352,80.2549514771,50984,50994,10
12.9876804352,80.2548217773,50994,51004,10
12.9877195358,80.2544326782,51004,51014,10
12.9877796173,80.2538299561,51014,51024,10
12.9878396988,80.2530822754,51024,51034,10
12.9878902435,80.2524795532,51034,51065,31
12.9878902435,80.2524795532,51065,51075,10
12.987859726,80.2521820068,51075,51085,10
12.9877996445,80.2517623901,51085,51095,10
12.9875602722,80.2515716553,51095,51105,10
12.9871101379,80.2516403198,51105,51115,10
12.9865198135,80.2517929077,51115,51125,10
12.9857597351,80.2519607544,51125,51135,10
12.9848299026,80.2522125244,51135,51145,10
12.983830452,80.2524795532,51145,51156,11
12.9827203751,80.2526779175,51156,51166,10
12.9816703796,80.2527008057,51166,51175,9
12.9807701111,80.2527236938,51175,51186,11
12.9800100327,80.2527694702,51186,51196,10
12.9799499512,80.2527618408,51196,51206,10
12.9798603058,80.2526473999,51206,51216,10
12.9798803329,80.252243042,51216,51236,20
12.9798803329,80.252243042,51236,51246,10
12.9798898697,80.2521972656,51246,51256,10
12.9799699783,80.2519302368,51256,51266,10
12.9801502228,80.2514266968,51266,51277,11
12.980389595,80.250617981,51277,51287,10
12.9806003571,80.2497406006,51287,51297,10
12.9806995392,80.2487335205,51297,51307,10
12.9807701111,80.2477264404,51307,51317,10
12.9808397293,80.2468185425,51317,51327,10
12.9809703827,80.2456283569,51327,51337,10
12.981089592,80.2445602417,51337,51347,10
12.9811401367,80.2438812256,51347,51357,10
12.9811697006,80.2437210083,51357,51367,10
12.9812803268,80.2435913086,51367,51377,10
12.9813203812,80.2432785034,51377,51387,10
12.9813299179,80.2429733276,51387,51398,11
12.9813299179,80.2428131104,51398,51408,10
12.9813404083,80.2426605225,51408,51418,10
12.9813299179,80.2421722412,51418,51428,10
12.9813203812,80.2414474487,51428,51438,10
12.9813098907,80.2406005859,51438,51448,10
12.981300354,80.2399978638,51448,51458,10
12.981300354,80.2396697998,51458,51468,10
12.9812698364,80.2392272949,51468,51478,10
12.9812498093,80.2386169434,51478,51488,10
12.9812402725,80.2382965088,51488,51498,10
12.9812297821,80.2380218506,51498,51509,11
12.9812297821,80.2379608154,51509,51519,10
12.9812202454,80.2377166748,51519,51529,10
12.9812002182,80.2371673584,51529,51539,10
12.9811897278,80.236541748,51539,51549,10
12.981180191,80.2361602783,51549,51559,10
12.9811601639,80.2355804443,51559,51569,10
12.9811401367,80.234916687,51569,51579,10
12.9811897278,80.2342910767,51579,51589,10
12.981300354,80.2339630127,51589,51599,10
12.9813499451,80.2338485718,51599,51609,10
12.9813995361,80.2337875366,51609,51619,10
12.9815797806,80.2334518433,51619,51630,11
12.9816303253,80.2333374023,51630,51640,10
12.9816598892,80.2332687378,51640,51650,10
12.9818401337,80.2329025269,51650,51660,10
12.9819898605,80.232383728,51660,51670,10
12.9819803238,80.2319107056,51670,51680,10
12.9819202423,80.2313613892,51680,51690,10
12.981760025,80.2308425903,51690,51700,10
12.9815397263,80.2304382324,51700,51710,10
12.9812002182,80.2298736572,51710,51720,10
12.9808502197,80.2292861938,51720,51730,10
12.9806499481,80.2290115356,51730,51740,10
12.9805803299,80.2288970947,51740,51751,11
12.9804496765,80.2286682129,51751,51761,10
12.9802703857,80.2282562256,51761,51771,10
12.9799995422,80.2278137207,51771,51781,10
12.9796304703,80.2272109985,51781,51791,10
12.9792699814,80.226600647,51791,51801,10
12.9789104462,80.2259979248,51801,51811,10
12.9785299301,80.2253417969,51811,51821,10
12.9781503677,80.2247161865,51821,51831,10
12.9778404236,80.224319458,51831,51841,10
12.9776802063,80.224067688,51841,51851,10
12.9774599075,80.2236709595,51851,51861,10
12.9769096375,80.2227401733,51861,51882,21
12.9769096375,80.2227401733,51882,51892,10
12.9767799377,80.2225418091,51892,51902,10
12.9764995575,80.2220916748,51902,51912,10
12.9761295319,80.2215499878,51912,51922,10
12.9757204056,80.2210769653,51922,51942,20
12.9757204056,80.2210769653,51942,51958,16
12.9755496979,80.220916748,51958,51970,12
12.9753503799,80.220703125,51970,51978,8
12.9754695892,80.2204208374,51978,51989,11
12.975859642,80.220161438,51989,51999,10
12.9764404297,80.2199020386,51999,52011,12
12.9773397446,80.2195205688,52011,52021,10
12.9781904221,80.2191619873,52021,52030,9
12.978679657,80.21900177,52030,52041,11
12.9793100357,80.2187728882,52041,52051,10
12.9799604416,80.2185211182,52051,52061,10
12.9804801941,80.2183074951,52061,52071,10
12.9811496735,80.2180786133,52071,52081,10
12.9819602966,80.217880249,52081,52091,10
12.9828195572,80.2178573608,52091,52101,10
12.9836597443,80.2178421021,52101,52112,11
12.9837999344,80.2178497314,52112,52122,10
12.9839000702,80.2178878784,52122,52132,10
12.9842796326,80.2179031372,52132,52142,10
12.9848899841,80.217880249,52142,52152,10
12.9856996536,80.2179107666,52152,52162,10
12.9865503311,80.2180862427,52162,52172,10
12.9873399734,80.2182388306,52172,52182,10
12.9873895645,80.2182388306,52182,52192,10
12.9876003265,80.2182769775,52192,52202,10
12.9881000519,80.2184066772,52202,52212,10
12.9887695313,80.2185821533,52212,52222,10
12.989569664,80.2188568115,52222,52233,11
12.9906396866,80.2192001343,52233,52243,10
12.991519928,80.2194366455,52243,52253,10
12.9920902252,80.2191467285,52253,52269,16
12.9930896759,80.2183990479,52269,52281,12
12.9939899445,80.2177505493,52281,52289,8
12.9945402145,80.2173690796,52289,52301,12
12.9952001572,80.2169189453,52301,52311,10
12.995759964,80.2166900635,52311,52321,10
12.9965200424,80.2165527344,52321,52331,10
12.9970197678,80.2164993286,52331,52341,10
12.9972200394,80.2164382935,52341,52352,11
12.9974603653,80.2161636353,52352,52362,10
12.9975404739,80.2161026001,52362,52372,10
12.9975996017,80.2160415649,52372,52382,10
12.9979095459,80.2157821655,52382,52391,9
12.9982995987,80.2154312134,52391,52402,11
12.9989004135,80.2148971558,52402,52412,10
12.9991798401,80.2146682739,52412,52422,10
12.999540329,80.2143630981,52422,52432,10
12.9999399185,80.214012146,52432,52442,10
13.00041008,80.2135772705,52442,52452,10
13.0010004044,80.2130584717,52452,52462,10
13.0016803741,80.212562561,52462,52473,11
13.0024995804,80.2121200562,52473,52483,10
13.0030097961,80.2120819092,52483,52493,10
13.0030603409,80.2120666504,52493,52503,10
13.0033502579,80.2120819092,52503,52513,10
13.003660202,80.2117462158,52513,52523,10
13.0036401749,80.2110366821,52523,52533,10
13.0035495758,80.2103118896,52533,52543,10
13.003490448,80.2095870972,52543,52553,10
13.0036401749,80.2088317871,52553,52563,10
13.0042600632,80.2087173462,52563,52580,17
13.0055599213,80.2092819214,52580,52592,12
13.0058603287,80.2093734741,52592,52602,10
13.0061502457,80.2094726563,52602,52612,10
13.0066099167,80.2096328735,52612,52622,10
13.007399559,80.2097930908,52622,52642,20
13.007399559,80.2097930908,52642,52652,10
13.0075397491,80.2098464966,52652,52662,10
13.0078601837,80.2099304199,52662,52672,10
13.0081396103,80.2099609375,52672,52682,10
13.0080900192,80.209487915,52682,52692,10
13.0079898834,80.2089080811,52692,52703,11
13.0078802109,80.2081069946,52703,52712,9
13.0077695847,80.2073287964,52712,52723,11
13.0076303482,80.206489563,52723,52733,10
13.0075397491,80.2058181763,52733,52743,10
13.0074996948,80.2051315308,52743,52753,10
13.0074996948,80.2044296265,52753,52762,9
13.0074501038,80.2038192749,52762,52772,10
13.0072898865,80.2029800415,52772,52783,11
13.0067796707,80.2025375366,52783,52793,10
13.0065698624,80.2031326294,52793,52803,10
13.0071201324,80.2034988403,52803,52813,10
13.0078601837,80.2036819458,52813,52824,11
13.0088996887,80.2036437988,52824,52834,10
13.010020256,80.2035827637,52834,52844,10
13.011179924,80.20362854,52844,52854,10
13.0123100281,80.2038116455,52854,52864,10
13.0132799149,80.2040176392,52864,52874,10
13.013759613,80.2041931152,52874,52884,10
13.0142698288,80.2043533325,52884,52894,10
13.0149297714,80.2045593262,52894,52904,10
13.0149898529,80.2045822144,52904,52914,10
13.0151700974,80.2046890259,52914,52924,10
13.0156698227,80.2049026489,52924,52934,10
13.0163202286,80.2051696777,52934,52945,11
13.0171499252,80.205406189,52945,52955,10
13.017999649,80.2056884766,52955,52965,10
13.0186796188,80.205909729,52965,52975,10
13.0187597275,80.2059402466,52975,52985,10
13.0190896988,80.2061004639,52985,52995,10
13.019659996,80.206237793,52995,53005,10
13.0204296112,80.2062835693,53005,53015,10
13.0213603973,80.2062988281,53015,53025,10
13.0223197937,80.2063369751,53025,53035,10
13.0232896805,80.2065200806,53035,53045,10
13.0242204666,80.2066726685,53045,53055,10
13.0243701935,80.2067108154,53055,53066,11
13.0246601105,80.2067871094,53066,53076,10
13.0253295898,80.2069168091,53076,53086,10
13.0260801315,80.2072677612,53086,53096,10
13.02684021,80.2077178955,53096,53106,10
13.0276403427,80.208190918,53106,53116,10
13.0284099579,80.2085113525,53116,53126,10
13.0291996002,80.2087173462,53126,53136,10
13.0297803879,80.2088775635,53136,53146,10
13.029800415,80.2088928223,53146,53156,10
13.0300102234,80.2089767456,53156,53166,10
13.0304603577,80.2091217041,53166,53177,11
13.0311403275,80.2092590332,53177,53187,10
13.0316295624,80.2094192505,53187,53197,10
13.0316400528,80.2094421387,53197,53207,10
13.0318202972,80.2095565796,53207,53217,10
13.0320997238,80.2096328735,53217,53227,10
13.0325899124,80.2096862793,53227,53237,10
13.033249855,80.2097702026,53237,53247,10
13.034040451,80.2099304199,53247,53257,10
13.0348300934,80.2100906372,53257,53267,10
13.0350198746,80.2105484009,53267,53277,10
13.0350103378,80.2111434937,53277,53287,10
13.0349903107,80.2113037109,53287,53298,11
13.0349597931,80.2114028931,53298,53308,10
13.0348997116,80.211807251,53308,53318,10
13.0351600647,80.2121582031,53318,53328,10
13.0358495712,80.2122192383,53328,53338,10
13.0363197327,80.2122268677,53338,53348,10
13.0367002487,80.2122802734,53348,53358,10
13.0370998383,80.2122802734,53358,53368,10
13.0376796722,80.2122879028,53368,53384,16
13.0389499664,80.2122573853,53384,53396,12
13.0401201248,80.2122421265,53396,53404,8
13.0410203934,80.2122192383,53404,53415,11
13.0423002243,80.2122421265,53415,53426,11
13.0441799164,80.2122421265,53426,53528,102
13.0441799164,80.2122421265,53528,53539,11
13.0443401337,80.2121963501,53539,53549,10
13.0446996689,80.2122116089,53549,53559,10
13.0452899933,80.2122116089,53559,53569,10
13.0460195541,80.2121887207,53569,53579,10
13.0468196869,80.2121582031,53579,53589,10
13.0476999283,80.2120666504,53589,53599,10
13.0485200882,80.2119903564,53599,53608,9
13.0485601425,80.2119827271,53608,53619,11
13.0486297607,80.2119827271,53619,53628,9
13.048910141,80.2119598389,53628,53639,11
13.049539566,80.2119293213,53639,53650,11
13.0503702164,80.2119522095,53650,53660,10
13.0511398315,80.2120285034,53660,53670,10
13.0521097183,80.2119903564,53670,53679,9
13.0525197983,80.2119064331,53679,53690,11
13.0531902313,80.2117614746,53690,53700,10
13.0540895462,80.2115097046,53700,53710,10
13.0545701981,80.2114105225,53710,53720,10
13.0550498962,80.2113876343,53720,53730,10
13.0557603836,80.2113800049,53730,53740,10
13.0566596985,80.2114181519,53740,53750,10
13.0574998856,80.2114028931,53750,53760,10
13.0575895309,80.2113800049,53760,53771,11
13.0580797195,80.2114028931,53771,53781,10
13.0586996078,80.2114181519,53781,53791,10
13.0594596863,80.2114715576,53791,53801,10
13.0603303909,80.2115402222,53801,53811,10
13.061340332,80.2115707397,53811,53821,10
13.0622396469,80.2116012573,53821,53831,10
13.0630197525,80.2115478516,53831,53841,10
13.0630598068,80.211517334,53841,53851,10
13.0632600784,80.211479187,53851,53861,10
13.0635299683,80.2114486694,53861,53871,10
13.063949585,80.2114562988,53871,53881,10
13.0645599365,80.2113037109,53881,53892,11
13.0654497147,80.2108230591,53892,53902,10
13.0662298203,80.2101898193,53902,53912,10
13.0670099258,80.2094192505,53912,53922,10
13.0676002502,80.2084732056,53922,53932,10
13.0681800842,80.2075500488,53932,53941,9
13.0686998367,80.2067108154,53941,53952,11
13.069560051,80.2052536011,53952,53982,30
13.069560051,80.2052536011,53982,53992,10
13.0696697235,80.205039978,53992,54002,10
13.0695495605,80.2048187256,54002,54013,11
13.0691795349,80.2049789429,54013,54023,10
13.0688495636,80.2053375244,54023,54033,10
13.0686597824,80.205368042,54033,54073,40
13.0686597824,80.205368042,54073,54083,10
13.068479538,80.2054367065,54083,54093,10
13.0679502487,80.2052612305,54093,54234,141
13.0679502487,80.2052612305,54234,54245,11
13.0682401657,80.2049026489,54245,54406,161
13.0682401657,80.2049026489,54406,54416,10
13.068400383,80.2050476074,54416,54426,10
13.0685901642,80.2049407959,54426,54436,10
13.0690202713,80.2048034668,54436,54446,10
13.0694704056,80.2048187256,54446,54456,10
13.0696296692,80.2048416138,54456,54466,10
13.0697402954,80.2049026489,54466,54477,11
13.0697698593,80.2052764893,54477,54487,10
13.0694599152,80.2057571411,54487,54497,10
13.0690402985,80.2064285278,54497,54507,10
13.068570137,80.2071990967,54507,54517,10
13.0680198669,80.2080688477,54517,54527,10
13.0674200058,80.2089691162,54527,54537,10
13.0667495728,80.2098464966,54537,54546,9
13.0659999847,80.2104797363,54546,54557,11
13.0653495789,80.2110366821,54557,54567,10
13.0651903152,80.2111587524,54567,54577,10
13.0650501251,80.2111968994,54577,54587,10
13.0646495819,80.2114334106,54587,54598,11
13.0637598038,80.2116317749,54598,54628,30
13.0637598038,80.2116317749,54628,54638,10
13.0633401871,80.2116699219,54638,54648,10
13.0627403259,80.2117233276,54648,54658,10
13.0620603561,80.2117233276,54658,54668,10
13.0611801147,80.2117614746,54668,54678,10
13.0601100922,80.211730957,54678,54688,10
13.0590801239,80.2116775513,54688,54699,11
13.0581102371,80.2116470337,54699,54709,10
13.0573196411,80.2116317749,54709,54720,11
13.0564603806,80.2116165161,54720,54730,10
13.0555295944,80.2116088867,54730,54731,1
13.0554304123,80.2116088867,54731,54732,1
13.0553302765,80.2116088867,54732,54741,9
13.0501899719,80.2121734619,54741,54826,85
13.0501899719,80.2121734619,54826,54835,9
13.0498600006,80.2121429443,54835,54846,11
13.0494203568,80.2121734619,54846,54867,21
13.0494203568,80.2121734619,54867,54878,11
13.0490198135,80.2121429443,54878,54888,10
13.0483398438,80.2121810913,54888,54898,10
13.047539711,80.2122497559,54898,54908,10
13.0465898514,80.2123031616,54908,54918,10
13.0455598831,80.2123413086,54918,54928,10
13.0444898605,80.2124099731,54928,55005,77
13.0444898605,80.2124099731,55005,55017,12
13.0441303253,80.2123718262,55017,55025,8
13.0437402725,80.2123794556,55025,55037,12
13.042889595,80.2123718262,55037,55047,10
13.0420398712,80.2124023438,55047,55057,10
13.0410995483,80.2124023438,55057,55067,10
13.0400400162,80.2124023438,55067,55078,11
13.0388402939,80.2124176025,55078,55088,10
13.0378799438,80.2124176025,55088,55098,10
13.0373296738,80.2123718262,55098,55108,10
13.0366201401,80.2123413086,55108,55118,10
13.0349998474,80.2122802734,55118,55157,39
13.0349998474,80.2122802734,55157,55169,12
13.0345602036,80.2121887207,55169,55179,10
13.0340595245,80.2121200562,55179,55189,10
13.0340499878,80.2121200562,55189,55200,11
13.033949852,80.2120513916,55200,55207,7
13.0337400436,80.212020874,55207,55220,13
13.0329999924,80.2118682861,55220,55230,10
13.0322904587,80.2117385864,55230,55240,10
13.0319404602,80.2112503052,55240,55250,10
13.031999588,80.2104415894,55250,55260,10
13.0320796967,80.2097930908,55260,55270,10
13.0319700241,80.2096786499,55270,55280,10
13.0315198898,80.2095489502,55280,55290,10
13.0308904648,80.2093887329,55290,55314,24
13.0305595398,80.2092971802,55314,55326,12
13.0302200317,80.2091598511,55326,55336,10
13.0297298431,80.2089996338,55336,55355,19
13.0297298431,80.2089996338,55355,55366,11
13.0296201706,80.2090072632,55366,55376,10
13.0293197632,80.2089004517,55376,55385,9
13.0286903381,80.208732605,55385,55396,11
13.0277900696,80.2084274292,55396,55406,10
13.0269804001,80.2079620361,55406,55416,10
13.0260601044,80.2073974609,55416,55426,10
13.0252799988,80.2070999146,55426,55437,11
13.0246095657,80.206993103,55437,55447,10
13.0244598389,80.2069702148,55447,55457,10
13.0243501663,80.2069396973,55457,55467,10
13.0242300034,80.2069091797,55467,55477,10
13.0240001678,80.2068786621,55477,55486,9
13.0234804153,80.2067337036,55486,55497,11
13.0227003098,80.2065582275,55497,55507,10
13.0221204758,80.2064819336,55507,55517,10
13.0214796066,80.2064437866,55517,55527,10
13.0207195282,80.2064437866,55527,55537,10
13.0197200775,80.2064437866,55537,55548,11
13.0190000534,80.2062911987,55548,55558,10
13.018989563,80.2062911987,55558,55568,10
13.0187797546,80.2062530518,55568,55578,10
13.0182800293,80.2060775757,55578,55588,10
13.0176200867,80.2058563232,55588,55598,10
13.0170698166,80.2056121826,55598,55608,10
13.0165195465,80.2053985596,55608,55618,10
13.0157203674,80.2051467896,55618,55628,10
13.0148496628,80.2048416138,55628,55638,10
13.0142002106,80.2046203613,55638,55648,10
13.0141296387,80.2045974731,55648,55659,11
13.0137195587,80.2044525146,55659,55669,10
13.0135097504,80.2047195435,55669,55679,10
13.013299942,80.2053222656,55679,55689,10
13.0130701065,80.2061004639,55689,55699,10
13.012960434,80.2070770264,55699,55709,10
13.0128602982,80.2077331543,55709,55719,10
13.0128297806,80.2080535889,55719,55729,10
13.0128602982,80.2084732056,55729,55739,10
13.0128898621,80.2089004517,55739,55749,10
13.0130996704,80.2095413208,55749,55759,10
13.0131196976,80.2102813721,55759,55769,10
13.0128698349,80.2111282349,55769,55780,11
13.0123796463,80.212020874,55780,55790,10
13.0119400024,80.212677002,55790,55800,10
13.0117397308,80.2128219604,55800,55810,10
13.0113801956,80.2125167847,55810,55820,10
13.0108699799,80.2121429443,55820,55830,10
13.0102596283,80.2116622925,55830,55840,10
13.0099601746,80.2114105225,55840,55850,10
13.00963974,80.2111816406,55850,55870,20
13.00963974,80.2111816406,55870,55880,10
13.0094203949,80.2110290527,55880,55890,10
13.0092697144,80.2109909058,55890,55901,11
13.0090999603,80.2112121582,55901,55911,10
13.0089597702,80.2115402222,55911,55921,10
13.0091295242,80.212097168,55921,55931,10
13.0093698502,80.2127685547,55931,55941,10
13.00963974,80.2134628296,55941,55951,10
13.009929657,80.2141799927,55951,55960,9
13.0101299286,80.2148666382,55960,55971,11
13.0102996826,80.2157974243,55971,55980,9
13.0106601715,80.2166290283,55980,55990,10
13.0110902786,80.2175521851,55990,56001,11
13.0114498138,80.21849823,56001,56012,11
13.0118398666,80.2196502686,56012,56022,10
13.012169838,80.2206573486,56022,56032,10
13.0122804642,80.2211380005,56032,56042,10
13.0122995377,80.2213363647,56042,56052,10
13.0124397278,80.2216415405,56052,56062,10
13.0127601624,80.222038269,56062,56072,10
13.0131797791,80.2225494385,56072,56082,10
13.0136995316,80.2231292725,56082,56092,10
13.0142002106,80.2236633301,56092,56102,10
13.014749527,80.2242584229,56102,56112,10
13.0152101517,80.2248382568,56112,56122,10
13.01541996,80.2254562378,56122,56133,11
13.0151195526,80.2258529663,56133,56143,10
13.0145797729,80.2260894775,56143,56153,10
13.0139503479,80.2263412476,56153,56163,10
13.013299942,80.2266311646,56163,56173,10
13.0125198364,80.2269363403,56173,56183,10
13.0115804672,80.2273025513,56183,56193,10
13.0105400085,80.227722168,56193,56203,10
13.0096998215,80.2279510498,56203,56213,10
13.0095996857,80.2273864746,56213,56223,10
13.0099000931,80.2266921997,56223,56233,10
13.0102596283,80.2258682251,56233,56243,10
13.0106401443,80.2249908447,56243,56254,11
13.0110197067,80.2241210938,56254,56264,10
13.0112895966,80.2234115601,56264,56274,10
13.011059761,80.2230377197,56274,56284,10
13.0104198456,80.2227172852,56284,56294,10
13.0096797943,80.222328186,56294,56304,10
13.0088796616,80.2218933105,56304,56314,10
13.0080404282,80.2214584351,56314,56324,10
13.0071401596,80.220993042,56324,56334,10
13.0062999725,80.2205963135,56334,56344,10
13.0052404404,80.2203674316,56344,56354,10
13.0043897629,80.2201766968,56354,56365,11
13.0035104752,80.2199783325,56365,56375,10
13.002699852,80.2196884155,56375,56385,10
13.001999855,80.2190628052,56385,56395,10
13.0014400482,80.2185211182,56395,56405,10
13.0007801056,80.2180786133,56405,56415,10
13.0003004074,80.2177886963,56415,56425,10
12.9996900558,80.2173995972,56425,56435,10
12.9989795685,80.2170181274,56435,56445,10
12.9981403351,80.2166595459,56445,56455,10
12.9976100922,80.2165603638,56455,56465,10
12.997300148,80.2165374756,56465,56475,10
12.9968595505,80.2165603638,56475,56486,11
12.9960803986,80.2166595459,56486,56496,10
12.9956998825,80.2167510986,56496,56506,10
12.9955196381,80.2168197632,56506,56516,10
12.9953203201,80.2169036865,56516,56526,10
12.9950399399,80.2170791626,56526,56536,10
12.9946603775,80.2173614502,56536,56546,10
12.9941396713,80.2177581787,56546,56556,10
12.9935302734,80.218170166,56556,56566,10
12.9928703308,80.2186279297,56566,56576,10
12.9921503067,80.2191619873,56576,56586,10
12.9915599823,80.2195968628,56586,56596,10
12.9909601212,80.2194595337,56596,56607,11
12.9900903702,80.2191467285,56607,56617,10
12.989109993,80.2187805176,56617,56627,10
12.9880800247,80.2184829712,56627,56637,10
12.9874696732,80.2183685303,56637,56647,10
12.9868803024,80.21824646,56647,56657,10
12.9867601395,80.2182235718,56657,56667,10
12.9863395691,80.2181091309,56667,56677,10
12.9856100082,80.2179412842,56677,56687,10
12.9847097397,80.2179031372,56687,56703,16
12.984000206,80.2179412842,56703,56715,12
12.9839000702,80.2179336548,56715,56724,9
12.9834899902,80.2179412842,56724,56736,12
12.9826698303,80.2179412842,56736,56746,10
12.9818601608,80.2179489136,56746,56756,10
12.9811201096,80.2181167603,56756,56764,8
12.980509758,80.2182998657,56764,56776,12
12.9798402786,80.2185897827,56776,56786,10
12.9791002274,80.2188796997,56786,56796,10
12.9785804749,80.219078064,56796,56806,10
12.9779100418,80.2193374634,56806,56816,10
12.9770698547,80.2197036743,56816,56826,10
12.9756698608,80.2202911377,56826,56897,71
12.9756698608,80.2202911377,56897,56907,10
12.9755802155,80.2203063965,56907,56917,10
12.9754400253,80.2206802368,56917,56927,10
12.9758701324,80.2210922241,56927,56937,10
12.9762897491,80.2216567993,56937,56958,21
12.9762897491,80.2216567993,56958,56968,10
12.9762802124,80.221862793,56968,56978,10
12.9765396118,80.2222824097,56978,56988,10
12.9769001007,80.2228164673,56988,56998,10
12.9773397446,80.2235107422,56998,57008,10
12.9778499603,80.2243118286,57008,57018,10
12.9783601761,80.2251205444,57018,57028,10
12.9788799286,80.225982666,57028,57038,10
12.9793395996,80.2267532349,57038,57048,10
12.9798297882,80.2275085449,57048,57058,10
12.9802999496,80.2282867432,57058,57068,10
12.9807596207,80.2291030884,57068,57079,11
12.9812402725,80.2298812866,57079,57089,10
12.9816398621,80.2305221558,57089,57099,10
12.9816999435,80.2306289673,57099,57109,10
12.9818696976,80.231048584,57109,57119,10
12.9819898605,80.2316894531,57119,57129,10
12.9819602966,80.2325210571,57129,57139,10
12.9817199707,80.2332229614,57139,57149,10
12.9813995361,80.2339096069,57149,57159,10
12.981180191,80.2346878052,57159,57169,10
12.9812002182,80.2355575562,57169,57179,10
12.9812402725,80.2367401123,57179,57190,11
12.9812803268,80.2375793457,57190,57200,10
12.9812803268,80.2379226685,57200,57210,10
12.9812803268,80.2380828857,57210,57220,10
12.981300354,80.2386398315,57220,57230,10
12.981300354,80.2387237549,57230,57240,10
12.9813098907,80.2388076782,57240,57250,10
12.9813098907,80.2392425537,57250,57260,10
12.9813299179,80.2398834229,57260,57270,10
12.9813604355,80.2407073975,57270,57280,10
12.9813699722,80.2416534424,57280,57290,10
12.9813604355,80.2429122925,57290,57311,21
12.9813604355,80.2429122925,57311,57321,10
12.9813499451,80.2432022095,57321,57331,10
12.9813098907,80.2437820435,57331,57341,10
12.9812002182,80.2445602417,57341,57351,10
12.9811000824,80.2454376221,57351,57361,10
12.9809999466,80.2464675903,57361,57371,10
12.9808998108,80.247543335,57371,57381,10
12.9808197021,80.2485580444,57381,57391,10
12.9807195663,80.2495574951,57391,57401,10
12.980509758,80.2505111694,57401,57411,10
12.9802703857,80.251449585,57411,57421,10
12.9801301956,80.2520675659,57421,57432,11
12.9801101685,80.2521972656,57432,57442,10
12.9800701141,80.2523574829,57442,57452,10
12.9801902771,80.2525634766,57452,57462,10
12.980509758,80.2526397705,57462,57472,10
12.9810695648,80.2526168823,57472,57482,10
12.9818401337,80.2526016235,57482,57492,10
12.9827699661,80.252571106,57492,57502,10
12.9836797714,80.2524185181,57502,57512,10
12.9844999313,80.2522125244,57512,57522,10
12.9853000641,80.2519836426,57522,57532,10
12.9858798981,80.2518081665,57532,57542,10
12.986120224,80.2517318726,57542,57613,71
12.986120224,80.2517318726,57613,57623,10
12.986289978,80.2516784668,57623,57633,10
12.9865102768,80.2516326904,57633,57643,10
12.986989975,80.2515029907,57643,57653,10
12.9873895645,80.2514038086,57653,57664,11
12.9877796173,80.2514038086,57664,57674,10
12.987950325,80.2518234253,57674,57684,10
12.9879999161,80.2525024414,57684,57694,10
12.9879102707,80.2533721924,57694,57704,10
12.987830162,80.2542037964,57704,57714,10
12.9877796173,80.254989624,57714,57724,10
12.9877004623,80.2557220459,57724,57734,10
12.9876098633,80.2562026978,57734,57754,20
12.9876098633,80.2562026978,57754,57764,10
12.9875602722,80.2564620972,57764,57774,10
12.9875202179,80.257019043,57774,57785,11
12.9874801636,80.2578582764,57785,57795,10
12.9874095917,80.2587585449,57795,57805,10
12.9872703552,80.2593383789,57805,57815,10
12.9871902466,80.2596435547,57815,57855,40
12.9871902466,80.2596435547,57855,57865,10
12.9869003296,80.2596130371,57865,57875,10
12.9866304398,80.259552002,57875,57885,10
12.986579895,80.2594680786,57885,57896,11
12.986579895,80.2592010498,57896,57906,10
12.986749649,80.2591018677,57906,58854,948
12.986749649,80.2591018677,58854,58864,10
12.9870901108,80.2591400146,58864,58874,10
12.9872198105,80.2591400146,58874,58884,10
12.9873399734,80.2590026855,58884,58894,10
12.9873800278,80.2585601807,58894,58904,10
12.9874095917,80.2583007813,58904,58914,10
12.9874401093,80.2577590942,58914,58924,10
12.9875001907,80.257019043,58924,59045,121
12.9875001907,80.257019043,59045,59055,10
12.9875202179,80.2569122314,59055,59066,11
12.9875402451,80.2566604614,59066,59076,10
12.987569809,80.2563171387,59076,59086,10
12.9876203537,80.2557830811,59086,59096,10
12.9877099991,80.2552566528,59096,59106,10
12.987739563,80.2547302246,59106,59116,10
12.9878101349,80.2539901733,59116,59126,10
12.9878797531,80.2531585693,59126,59136,10
12.9879302979,80.252281189,59136,59146,10
12.987859726,80.2517471313,59146,59156,10
12.9873800278,80.2516479492,59156,59166,10
12.9871797562,80.2516708374,59166,59176,10
12.9867897034,80.2517471313,59176,59187,11
12.9860401154,80.2519378662,59187,59197,10
12.985159874,80.2521591187,59197,59207,10
12.9841299057,80.2524337769,59207,59217,10
12.9830904007,80.2526473999,59217,59227,10
12.9820404053,80.2527084351,59227,59237,10
12.981010437,80.2527313232,59237,59247,10
12.9804496765,80.252746582,59247,59267,20
12.9804496765,80.252746582,59267,59277,10
12.9801998138,80.2527389526,59277,59287,10
12.979929924,80.2527008057,59287,59297,10
12.9798803329,80.2524032593,59297,59308,11
12.9799003601,80.2522735596,59308,59318,10
12.979929924,80.2520828247,59318,59328,10
12.980099678,80.2515716553,59328,59338,10
12.9803199768,80.2508926392,59338,59348,10
12.9805402756,80.2499771118,59348,59358,10
12.9806900024,80.248878479,59358,59368,10
12.9807596207,80.2479476929,59368,59378,10
12.980890274,80.2465591431,59378,59388,10
12.9810199738,80.2454376221,59388,59398,10
12.9811201096,80.2444229126,59398,59408,10
12.9811401367,80.2440185547,59408,59419,11
12.9811601639,80.243812561,59419,59429,10
12.981300354,80.2435531616,59429,59439,10
12.9813299179,80.2429580688,59439,59459,20
12.9813299179,80.2429580688,59459,59469,10
12.9813404083,80.2427902222,59469,59479,10
12.9813404083,80.2424316406,59479,59489,10
12.9813404083,80.2419128418,59489,59499,10
12.9813404083,80.2411193848,59499,59509,10
12.9813299179,80.240272522,59509,59519,10
12.9813203812,80.2395935059,59519,59529,10
12.981300354,80.2391586304,59529,59540,11
12.9812898636,80.238571167,59540,59550,10
12.9812898636,80.2384033203,59550,59560,10
12.9812803268,80.2383270264,59560,59570,10
12.9812803268,80.2381896973,59570,59580,10
12.9812898636,80.2378234863,59580,59590,10
12.9812803268,80.2376327515,59590,59600,10
12.9812498093,80.2371292114,59600,59610,10
12.9812297821,80.2364196777,59610,59620,10
12.9812097549,80.2355499268,59620,59630,10
12.9811897278,80.2346420288,59630,59640,10
12.9813404083,80.2339477539,59640,59651,11
12.9815196991,80.2335586548,59651,59661,10
12.9815998077,80.2334136963,59661,59671,10
12.9816503525,80.2333221436,59671,59681,10
12.9818201065,80.2329406738,59681,59691,10
12.982000351,80.232383728,59691,59701,10
12.9819898605,80.2317962646,59701,59711,10
12.9818696976,80.2311401367,59711,59721,10
12.9816303253,80.2306137085,59721,59731,10
12.9812002182,80.229927063,59731,59741,10
12.9808502197,80.229347229,59741,59751,10
12.9806699753,80.229057312,59751,59761,10
12.980509758,80.2287826538,59761,59772,11
12.9802703857,80.2282867432,59772,59782,10
12.979929924,80.2277374268,59782,59792,10
12.9794797897,80.2269973755,59792,59802,10
12.978969574,80.2261505127,59802,59812,10
12.9784402847,80.2252502441,59812,59822,10
12.9779996872,80.2246170044,59822,59832,10
12.9776802063,80.2241210938,59832,59842,10
12.9774103165,80.2236709595,59842,59852,10
12.9771499634,80.2232818604,59852,59862,10
12.9770402908,80.2231063843,59862,59872,10
12.9768295288,80.2227401733,59872,59882,10
12.9766397476,80.2224273682,59882,59893,11
12.9765100479,80.2221984863,59893,59903,10
12.9762001038,80.2217407227,59903,59913,10
12.9758901596,80.2213363647,59913,59933,20
12.9757995605,80.2212371826,59933,59953,20
12.9757995605,80.2212371826,59953,59963,10
12.9756097794,80.2210464478,59963,59973,10
12.9754800797,80.2209396362,59973,59983,10
12.9753198624,80.2207183838,59983,59993,10
12.9755001068,80.220451355,59993,60004,11
12.9759702682,80.2201766968,60004,60014,10
12.9766702652,80.219871521,60014,60024,10
12.9774999619,80.2195205688,60024,60034,10
12.97838974,80.2191390991,60034,60044,10
12.9787302017,80.2190170288,60044,60054,10
12.9792699814,80.2188110352,60054,60064,10
12.9799995422,80.2185287476,60064,60074,10
12.9808998108,80.2181777954,60074,60084,10
12.9819002151,80.2179031372,60084,60094,10
12.9822797775,80.2178878784,60094,60104,10
12.9827899933,80.2179031372,60104,60114,10
12.9835100174,80.2179107666,60114,60125,11
12.9843397141,80.2178878784,60125,60135,10
12.9852399826,80.217880249,60135,60145,10
12.9862804413,80.2180404663,60145,60155,10
12.987159729,80.2182388306,60155,60165,10
12.9874000549,80.2182617188,60165,60175,10
12.9876298904,80.2183380127,60175,60185,10
12.988240242,80.2184829712,60185,60195,10
12.9890604019,80.218711853,60195,60205,10
12.9900197983,80.2190475464,60205,60215,10
12.9910297394,80.219367981,60215,60225,10
12.9917297363,80.2194519043,60225,60235,10
12.9922199249,80.2191009521,60235,60246,11
12.9929704666,80.2185592651,60246,60256,10
12.9937801361,80.2179718018,60256,60266,10
12.9944000244,80.2175216675,60266,60276,10
12.9949598312,80.2171096802,60276,60286,10
12.9955501556,80.2167816162,60286,60296,10
12.9963197708,80.216583252,60296,60306,10
12.9969701767,80.216506958,60306,60316,10
12.9972496033,80.2163619995,60316,60326,10
12.9975004196,80.2161331177,60326,60336,10
12.9975700378,80.2160797119,60336,60346,10
12.9978704453,80.2158432007,60346,60357,11
12.9983596802,80.2153930664,60357,60367,10
12.9989795685,80.2148590088,60367,60377,10
12.9992704391,80.214630127,60377,60387,10
12.9996995926,80.2142562866,60387,60397,10
13.000120163,80.2138900757,60397,60407,10
13.0006599426,80.2134170532,60407,60417,10
13.0012903214,80.2129211426,60417,60427,10
13.0016698837,80.212638855,60427,60437,10
13.0022001266,80.212310791,60437,60447,10
13.0027503967,80.2121429443,60447,60457,10
13.0035800934,80.2120132446,60457,60467,10
13.003660202,80.2118988037,60467,60478,11
13.0036802292,80.2116317749,60478,60488,10
13.003660202,80.2110366821,60488,60498,10
13.0035800934,80.2103500366,60498,60508,10
13.0034999847,80.2096405029,60508,60518,10
13.0036401749,80.2088928223,60518,60527,9
13.0041399002,80.208656311,60527,60538,11
13.0049104691,80.209022522,60538,60548,10
13.0058898926,80.2094268799,60548,60558,10
13.0066604614,80.2096786499,60558,60568,10
13.0074396133,80.2098464966,60568,60588,20
13.0074396133,80.2098464966,60588,60599,11
13.0075502396,80.2098770142,60599,60609,10
13.007900238,80.2099761963,60609,60619,10
13.0081796646,80.2099990845,60619,60629,10
13.0081100464,80.2095794678,60629,60639,10
13.0079898834,80.2089767456,60639,60655,16
13.0077896118,80.2076797485,60655,60667,12
13.007610321,80.2066268921,60667,60675,8
13.0075397491,80.2060012817,60675,60687,12
13.0074901581,80.2053527832,60687,60697,10
13.0074996948,80.2048492432,60697,60707,10
13.0074996948,80.2043914795,60707,60718,11
13.0074396133,80.2037200928,60718,60728,10
13.0073099136,80.2030105591,60728,60737,9
13.006819725,80.2025527954,60737,60746,9
13.006529808,80.2029876709,60746,60758,12
13.0070295334,80.2034835815,60758,60768,10
13.0076999664,80.2036972046,60768,60778,10
13.0083599091,80.2037200928,60778,60787,9
13.0094203949,80.2036514282,60787,60797,10
13.0104904175,80.2036514282,60797,60808,11
13.0116996765,80.2037506104,60808,60818,10
13.0127496719,80.2039871216,60818,60829,11
13.0136404037,80.204246521,60829,60839,10
13.0144100189,80.2044906616,60839,60849,10
13.0150403976,80.2046585083,60849,60859,10
13.0150499344,80.2046585083,60859,60869,10
13.0153903961,80.204750061,60869,60879,10
13.0159702301,80.2049865723,60879,60889,10
13.016500473,80.2052383423,60889,60899,10
13.0167999268,80.205116272,60899,60909,10
13.0171604156,80.2053527832,60909,60919,10
13.0178403854,80.2056274414,60919,60929,10
13.0184803009,80.2058563232,60929,60938,9
13.0187397003,80.2059402466,60938,60950,12
13.0188999176,80.2060089111,60950,60960,10
13.0193395615,80.206161499,60960,60970,10
13.0200004578,80.2062683105,60970,60980,10
13.0208501816,80.2062988281,60980,60990,10
13.021490097,80.2062835693,60990,61000,10
13.0216302872,80.2062835693,61000,61010,10
13.0220098495,80.2062988281,61010,61020,10
13.0225696564,80.2063827515,61020,61030,10
13.0233697891,80.2065582275,61030,61040,10
13.0242204666,80.2066726685,61040,61050,10
13.0243701935,80.206703186,61050,61061,11
13.0246801376,80.2068023682,61061,61070,9
13.0252399445,80.2069396973,61070,61081,11
13.0261201859,80.2073364258,61081,61091,10
13.0268697739,80.2077789307,61091,61101,10
13.0276699066,80.2082519531,61101,61111,10
13.0285396576,80.2086029053,61111,61121,10
13.0291595459,80.208732605,61121,61131,10
13.0295801163,80.2088623047,61131,61141,10
13.030090332,80.2090072632,61141,61151,10
13.0307197571,80.2091903687,61151,61161,10
13.0312900543,80.2093429565,61161,61171,10
13.03166008,80.2094192505,61171,61182,11
13.0317697525,80.2094497681,61182,61192,10
13.0322399139,80.2095565796,61192,61202,10
13.032910347,80.2096862793,61202,61212,10
13.0336999893,80.2098693848,61212,61222,10
13.0344800949,80.2100601196,61222,61232,10
13.0349397659,80.2101593018,61232,61242,10
13.0350704193,80.2105026245,61242,61252,10
13.0350503922,80.2113876343,61252,61272,20
13.0350503922,80.2113876343,61272,61282,10
13.0349798203,80.2116394043,61282,61292,10
13.0349197388,80.2118988037,61292,61303,11
13.0350103378,80.2122116089,61303,61313,10
13.0354099274,80.2122879028,61313,61323,10
13.0358295441,80.2123184204,61323,61333,10
13.0360898972,80.2123184204,61333,61343,10
13.0363197327,80.2123336792,61343,61353,10
13.0367097855,80.2123336792,61353,61363,10
13.0371103287,80.2123336792,61363,61373,10
13.0375795364,80.212348938,61373,61383,10
13.038189888,80.2123413086,61383,61393,10
13.0389900208,80.2123413086,61393,61403,10
13.0398702621,80.2123336792,61403,61413,10
13.0408802032,80.2123031616,61413,61424,11
13.0419797897,80.2122879028,61424,61434,10
13.0427503586,80.2122421265,61434,61444,10
13.0433301926,80.2122192383,61444,61585,141
13.0433301926,80.2122192383,61585,61595,10
13.0438404083,80.2122268677,61595,61605,10
13.0441799164,80.2121963501,61605,61615,10
13.0444898605,80.2122268677,61615,61625,10
13.045009613,80.2121963501,61625,61635,10
13.0455904007,80.2121810913,61635,61645,10
13.0458898544,80.2121582031,61645,61656,11
13.0461597443,80.2121505737,61656,61666,10
13.0464496613,80.2121429443,61666,61676,10
13.0467100143,80.2121582031,61676,61686,10
13.0471696854,80.2121276855,61686,61696,10
13.0477895737,80.2120513916,61696,61706,10
13.0485801697,80.2119674683,61706,61726,20
13.0485801697,80.2119674683,61726,61736,10
13.0489196777,80.2119369507,61736,61746,10
13.0495004654,80.2119216919,61746,61756,10
13.0500202179,80.2118682861,61756,61766,10
13.050359726,80.2119064331,61766,61777,11
13.0508203506,80.2120132446,61777,61787,10
13.0515003204,80.2119979858,61787,61797,10
13.0523395538,80.2118988037,61797,61807,10
13.053150177,80.2117233276,61807,61817,10
13.0539903641,80.211479187,61817,61827,10
13.0542097092,80.2114334106,61827,61837,10
13.0545501709,80.2114105225,61837,61847,10
13.0550203323,80.2113571167,61847,61857,10
13.0557603836,80.2113876343,61857,61867,10
13.0566196442,80.2113876343,61867,61877,10
13.0574598312,80.2113800049,61877,61888,11
13.0576400757,80.2113800049,61888,61898,10
13.0580596924,80.2113876343,61898,61908,10
13.0586500168,80.2114181519,61908,61918,10
13.0594100952,80.2114562988,61918,61928,10
13.0602798462,80.2115402222,61928,61938,10
13.0611896515,80.2115402222,61938,61948,10
13.0618600845,80.2116088867,61948,61958,10
13.0625896454,80.2115783691,61958,61968,10
13.0632696152,80.2115097046,61968,61978,10
13.0634098053,80.2114715576,61978,61988,10
13.0637998581,80.2114562988,61988,61998,10
13.0643796921,80.2113876343,61998,62009,11
13.0651903152,80.2109832764,62009,62019,10
13.0659103394,80.2104034424,62019,62029,10
13.0666799545,80.2097167969,62029,62039,10
13.067150116,80.2089767456,62039,62049,10
13.0672702789,80.2087783813,62049,62059,10
13.067489624,80.2084503174,62059,62069,10
13.0678396225,80.2079315186,62069,62079,10
13.0682601929,80.2072677612,62079,62089,10
13.0687704086,80.2065200806,62089,62105,16
13.0693998337,80.2055511475,62105,62117,12
13.0696802139,80.2050704956,62117,62128,11
13.0696496964,80.2048721313,62128,62138,10
13.0692796707,80.2048721313,62138,62148,10
13.068980217,80.2052993774,62148,62158,10
13.0687198639,80.205291748,62158,62168,10
13.0685195923,80.2052612305,62168,62178,10
13.0682697296,80.2052688599,62178,62672,494
13.0679397583,80.2052001953,62672,62703,31
13.0679397583,80.2052001953,62703,62713,10
13.0680704117,80.2050094604,62713,62723,10
13.0683002472,80.2049636841,62723,62733,10
13.0683603287,80.2049407959,62733,62743,10
13.0684204102,80.2049026489,62743,62753,10
13.0686903,80.204788208,62753,62763,10
13.0690097809,80.2047119141,62763,62773,10
13.0694303513,80.2047729492,62773,62783,10
13.0696802139,80.2048416138,62783,62793,10
13.0698404312,80.2049865723,62793,62803,10
13.0696697235,80.2054672241,62803,62813,10
13.0693101883,80.2060470581,62813,62824,11
13.0688199997,80.206817627,62824,62834,10
13.0683603287,80.2075805664,62834,62844,10
13.0679197311,80.2083206177,62844,62854,10
13.0676202774,80.2088088989,62854,62864,10
13.0672798157,80.2093429565,62864,62874,10
13.0668201447,80.2099533081,62874,62884,10
13.0661802292,80.2105026245,62884,62894,10
13.0655202866,80.2110519409,62894,62904,10
13.065079689,80.2114028931,62904,62914,10
13.0649700165,80.2114562988,62914,62924,10
13.0645198822,80.2116317749,62924,62934,10
13.0638999939,80.2117767334,62934,62955,21
13.0638999939,80.2117767334,62955,62966,11
13.0637197495,80.211769104,62966,62976,10
13.0633497238,80.2117767334,62976,62986,10
13.0628099442,80.2118225098,62986,62996,10
13.06208992,80.2117614746,62996,63006,10
13.0610799789,80.2117996216,63006,63014,8
13.060379982,80.211769104,63014,63025,11
13.0593595505,80.2117462158,63025,63036,11
13.058380127,80.2117004395,63036,63046,10
13.0576601028,80.2116622925,63046,63056,10
13.0576000214,80.2116622925,63056,63067,11
13.0573501587,80.2116622925,63067,63077,10
13.0569496155,80.2116470337,63077,63087,10
13.0563802719,80.2116394043,63087,63097,10
13.0555801392,80.2116317749,63097,63107,10
13.0546998978,80.2116622925,63107,63117,10
13.053850174,80.2117767334,63117,63127,10
13.053150177,80.2119369507,63127,63137,10
13.0529403687,80.2119827271,63137,63146,9
13.0527896881,80.212020874,63146,63157,11
13.0525999069,80.2120666504,63157,63167,10
13.0524501801,80.2121200562,63167,63178,11
13.0522098541,80.2121887207,63178,63188,10
13.0520601273,80.2122268677,63188,63198,10
13.0518198013,80.2122879028,63198,63208,10
13.0509195328,80.2122116089,63208,63248,40
13.0509195328,80.2122116089,63248,63258,10
13.0504999161,80.2122573853,63258,63268,10
13.0500602722,80.2122421265,63268,63278,10
13.0494804382,80.2122573853,63278,63299,21
13.0494804382,80.2122573853,63299,63309,10
13.0491800308,80.2122116089,63309,63319,10
13.0486602783,80.2122192383,63319,63328,9
13.04804039,80.2122879028,63328,63339,11
13.0471801758,80.212348938,63339,63349,10
13.0461301804,80.2124023438,63349,63359,10
13.0450696945,80.2124633789,63359,63369,10
13.0442695618,80.2124710083,63369,63379,10
13.043419838,80.2124710083,63379,63389,10
13.0424404144,80.2124786377,63389,63399,10
13.0415201187,80.2124786377,63399,63410,11
13.0403995514,80.2125015259,63410,63420,10
13.0396299362,80.2125015259,63420,63430,10
13.0392999649,80.2125167847,63430,63440,10
13.0389900208,80.2125015259,63440,63449,9
13.0384702682,80.2124786377,63449,63460,11
13.0378599167,80.2124710083,63460,63470,10
13.0375404358,80.2124481201,63470,63479,9
13.037229538,80.212387085,63479,63489,10
13.0367202759,80.212348938,63489,63500,11
13.0363702774,80.2123718262,63500,63510,10
13.0359897614,80.2123718262,63510,63541,31
13.0359897614,80.2123718262,63541,63551,10
13.035779953,80.2124328613,63551,63561,10
13.0355901718,80.2124176025,63561,63571,10
13.0351495743,80.2123794556,63571,63581,10
13.0345602036,80.2122497559,63581,63601,20
13.0345602036,80.2122497559,63601,63611,10
13.0344400406,80.2122192383,63611,63621,10
13.0342302322,80.2121810913,63621,63631,10
13.0341396332,80.2121582031,63631,63641,10
13.033829689,80.212097168,63641,63652,11
13.0334596634,80.2120132446,63652,63662,10
13.0331401825,80.2119369507,63662,63672,10
13.0325202942,80.2118301392,63672,63682,10
13.0319700241,80.2115936279,63682,63692,10
13.0320396423,80.2109680176,63692,63702,10
13.0320701599,80.2102813721,63702,63712,10
13.0320596695,80.2097473145,63712,63721,9
13.0316400528,80.2095794678,63721,63732,11
13.0309095383,80.2093887329,63732,63742,10
13.0306596756,80.2093276978,63742,63752,10
13.0305595398,80.2092819214,63752,63763,11
13.0301399231,80.2091522217,63763,63773,10
13.0298900604,80.2090835571,63773,63803,30
13.0298900604,80.2090835571,63803,63813,10
13.0296497345,80.2090301514,63813,63823,10
13.0293798447,80.2089309692,63823,63833,10
13.0288200378,80.2087936401,63833,63843,10
13.0282402039,80.2086334229,63843,63853,10
13.027589798,80.2083587646,63853,63863,10
13.0269203186,80.2079467773,63863,63873,10
13.0261802673,80.2074890137,63873,63884,11
13.0252504349,80.2070999146,63884,63894,10
13.0246400833,80.2070007324,63894,63904,10
13.0244197845,80.2069396973,63904,63914,10
13.0242795944,80.2069168091,63914,63924,10
13.0242004395,80.2069015503,63924,63934,10
13.0240497589,80.2068481445,63934,63944,10
13.0238199234,80.2068099976,63944,63954,10
13.0233697891,80.2067108154,63954,63964,10
13.0226898193,80.2065811157,63964,63974,10
13.0218801498,80.2064666748,63974,63984,10
13.0214004517,80.2064819336,63984,63994,10
13.0208501816,80.206489563,63994,64005,11
13.0198802948,80.206489563,64005,64015,10
13.0191698074,80.2063598633,64015,64035,20
13.0191698074,80.2063598633,64035,64045,10
13.0190095901,80.2062835693,64045,64055,10
13.0185203552,80.2061233521,64055,64065,10
13.0178203583,80.2059020996,64065,64075,10
13.0171098709,80.205619812,64075,64085,10
13.016500473,80.205406189,64085,64095,10
13.0158700943,80.2051925659,64095,64105,10
13.0150299072,80.2049713135,64105,64116,11
13.0142402649,80.2046890259,64116,64126,10
13.0141801834,80.2046737671,64126,64136,10
13.0137796402,80.204498291,64136,64146,10
13.0136003494,80.2045593262,64146,64156,10
13.0135002136,80.2048873901,64156,64166,10
13.0133199692,80.2054367065,64166,64175,9
13.0131196976,80.2061233521,64175,64186,11
13.0130195618,80.2069778442,64186,64196,10
13.0129203796,80.2077636719,64196,64206,10
13.0128602982,80.208190918,64206,64216,10
13.0128803253,80.2085800171,64216,64226,10
13.0129499435,80.2090377808,64226,64237,11
13.0131902695,80.2097015381,64237,64247,10
13.0131597519,80.2103424072,64247,64257,10
13.0129995346,80.2110519409,64257,64267,10
13.0126199722,80.2117462158,64267,64277,10
13.0122203827,80.2123794556,64277,64287,10
13.0120096207,80.2126617432,64287,64297,10
13.0118598938,80.2128219604,64297,64307,10
13.0116100311,80.2126998901,64307,64317,10
13.0109796524,80.2121810913,64317,64368,51
13.0109796524,80.2121810913,64368,64378,10
13.0107898712,80.2120513916,64378,64388,10
13.0105400085,80.2118377686,64388,64398,10
13.0102500916,80.2116165161,64398,64428,30
13.0099000931,80.2114028931,64428,64499,71
13.0099000931,80.2114028931,64499,64509,10
13.0095996857,80.2111968994,64509,64519,10
13.0094995499,80.2111206055,64519,64569,50
13.0094995499,80.2111206055,64569,64579,10
13.0092401505,80.2112731934,64579,64590,11
13.0090703964,80.211479187,64590,64600,10
13.0090503693,80.2117614746,64600,64610,10
13.0092096329,80.2122268677,64610,64620,10
13.0093898773,80.2127609253,64620,64630,10
13.0095701218,80.2132415771,64630,64640,10
13.0097703934,80.2137374878,64640,64650,10
13.0099897385,80.2142562866,64650,64660,10
13.0101804733,80.2148971558,64660,64670,10
13.0102796555,80.2156677246,64670,64686,16
13.0108203888,80.2169418335,64686,64698,12
13.0112600327,80.217956543,64698,64709,11
13.0115804672,80.2188491821,64709,64719,10
13.0119800568,80.2200012207,64719,64729,10
13.0122299194,80.2208099365,64729,64739,10
13.0124597549,80.2213363647,64739,64749,10
13.0127401352,80.2218017578,64749,64769,20
13.0127401352,80.2218017578,64769,64779,10
13.0128602982,80.2219467163,64779,64789,10
13.0130500793,80.2221832275,64789,64799,10
13.0132703781,80.2224578857,64799,64809,10
13.0136098862,80.2228622437,64809,64820,11
13.0139799118,80.2234191895,64820,64830,10
13.0141000748,80.2236022949,64830,64840,10
13.0142498016,80.2238388062,64840,64850,10
13.0145902634,80.224281311,64850,64860,10
13.0149202347,80.2246398926,64860,64870,10
13.0152101517,80.224937439,64870,64880,10
13.0154800415,80.2253875732,64880,64890,10
13.0152797699,80.2258682251,64890,64900,10
13.0146903992,80.2261123657,64900,64910,10
13.0139398575,80.2264022827,64910,64920,10
13.0131101608,80.2267074585,64920,64930,10
13.0122499466,80.2270584106,64930,64941,11
13.0112695694,80.2274398804,64941,64951,10
13.010310173,80.2278213501,64951,64961,10
13.0096197128,80.2278823853,64961,64971,10
13.00963974,80.2273712158,64971,64981,10
13.0099601746,80.2266998291,64981,64991,10
13.010310173,80.2259979248,64991,65001,10
13.0105495453,80.2253570557,65001,65011,10
13.0107002258,80.2249908447,65011,65021,10
13.0108499527,80.2246627808,65021,65031,10
13.0109996796,80.224281311,65031,65041,10
13.0111398697,80.2238311768,65041,65052,11
13.0112895966,80.2234115601,65052,65062,10
13.0112495422,80.2232131958,65062,65072,10
13.0109300613,80.2230377197,65072,65082,10
13.0104103088,80.2227783203,65082,65092,10
13.0097904205,80.222442627,65092,65102,10
13.0090799332,80.2220611572,65102,65112,10
13.0083398819,80.2216415405,65112,65122,10
13.0075902939,80.2212371826,65122,65132,10
13.0070199966,80.2209396362,65132,65142,10
13.0063695908,80.2206726074,65142,65152,10
13.0055503845,80.220489502,65152,65162,10
13.0048398972,80.2203216553,65162,65173,11
13.0045900345,80.2202606201,65173,65183,10
13.0041799545,80.220161438,65183,65193,10
13.0035800934,80.2200393677,65193,65203,10
13.0031995773,80.2199401855,65203,65213,10
13.0031003952,80.219909668,65213,65223,10
13.0029296875,80.2198562622,65223,65233,10
13.0027704239,80.2197799683,65233,65243,10
13.002579689,80.2196731567,65243,65253,10
13.0024204254,80.2195205688,65253,65263,10
13.0022497177,80.2193527222,65263,65273,10
13.0020198822,80.2190933228,65273,65344,71
13.0020198822,80.2190933228,65344,65354,10
13.0016403198,80.2186889648,65354,65374,20
13.0016403198,80.2186889648,65374,65384,10
13.0014801025,80.2185592651,65384,65415,31
13.0014801025,80.2185592651,65415,65425,10
13.0011396408,80.2183380127,65425,65455,30
13.0011396408,80.2183380127,65455,65465,10
13.0008201599,80.2181167603,65465,65495,30
13.0008201599,80.2181167603,65495,65505,10
13.0006799698,80.2180480957,65505,65515,10
13.0003900528,80.2178268433,65515,65606,91
13.0003900528,80.2178268433,65606,65616,10
12.9998998642,80.2175521851,65616,65637,21
12.9998998642,80.2175521851,65637,65647,10
12.9996995926,80.2174072266,65647,65657,10
12.9994697571,80.2172775269,65657,65667,10
12.999130249,80.2171096802,65667,65697,30
12.999130249,80.2171096802,65697,65707,10
12.9988603592,80.2169799805,65707,65737,30
12.9988603592,80.2169799805,65737,65748,11
12.9984998703,80.216796875,65748,65758,10
12.9982795715,80.2167205811,65758,65768,10
12.998000145,80.2166519165,65768,65889,121
12.9978199005,80.2166519165,65889,65909,20
12.9978199005,80.2166519165,65909,65919,10
12.9976396561,80.2166213989,65919,65929,10
12.9975996017,80.2166137695,65929,65939,10
12.9974298477,80.2165985107,65939,65949,10
12.997209549,80.2165908813,65949,65959,10
12.9970302582,80.2165985107,65959,65969,10
12.997010231,80.2165908813,65969,65979,10
12.9969100952,80.2166137695,65979,65990,11
12.9966697693,80.2166137695,65990,66000,10
12.9965000153,80.2166213989,66000,66010,10
12.9962997437,80.2166671753,66010,66020,10
12.9962902069,80.2166671753,66020,66030,10
12.9960298538,80.2167282104,66030,66040,10
12.9957704544,80.2167816162,66040,66050,10
12.9953203201,80.2169570923,66050,66059,9
12.9950704575,80.2171020508,66059,66070,11
12.994720459,80.2173309326,66070,66080,10
12.9942903519,80.2176818848,66080,66090,10
12.9937496185,80.2180709839,66090,66100,10
12.9931497574,80.2184829712,66100,66111,11
12.992600441,80.2188873291,66111,66121,10
12.9920196533,80.2193222046,66121,66131,10
12.9916601181,80.2195892334,66131,66141,10
12.9914102554,80.2196426392,66141,66151,10
12.9910497665,80.2194976807,66151,66161,10
12.9909601212,80.2194595337,66161,66171,10
12.990530014,80.219291687,66171,66181,10
12.989859581,80.219078064,66181,66191,10
12.9890499115,80.2188034058,66191,66201,10
12.9881000519,80.2185211182,66201,66211,10
12.9875202179,80.2184295654,66211,66222,11
12.9872102737,80.2183837891,66222,66232,10
12.9870195389,80.2183303833,66232,66242,10
12.9864902496,80.2182006836,66242,66252,10
12.985710144,80.2180175781,66252,66262,10
12.9842100143,80.2180099487,66262,66282,20
12.9842100143,80.2180099487,66282,66292,10
12.9840297699,80.2180099487,66292,66302,10
12.9834804535,80.2180175781,66302,66312,10
12.9827404022,80.2180175781,66312,66322,10
12.982000351,80.2180175781,66322,66332,10
12.981180191,80.2181777954,66332,66343,11
12.9802999496,80.2184677124,66343,66353,10
12.9799203873,80.2186203003,66353,66363,10
12.979470253,80.2188034058,66363,66373,10
12.9788999557,80.2190170288,66373,66383,10
12.9783802032,80.2192611694,66383,66393,10
12.9776296616,80.2195663452,66393,66403,10
12.9767999649,80.2199401855,66403,66413,10
12.976360321,80.2201766968,66413,66504,91
12.976360321,80.2201766968,66504,66514,10
12.9759197235,80.2203292847,66514,66625,111
12.9759197235,80.2203292847,66625,66635,10
12.9757404327,80.2203674316,66635,66645,10
12.9756202698,80.220413208,66645,66655,10
12.9754896164,80.2206420898,66655,66665,10
12.9757099152,80.2210464478,66665,66675,10
12.9761695862,80.2216110229,66675,66726,51
12.9761695862,80.2216110229,66726,66736,10
12.9763898849,80.2218933105,66736,66746,10
12.9765100479,80.2221374512,66746,66756,10
12.9766798019,80.2224502563,66756,66766,10
12.9768695831,80.2227401733,66766,66776,10
12.9771404266,80.2232131958,66776,66786,10
12.977519989,80.2238082886,66786,66796,10
12.97797966,80.2245178223,66796,66807,11
12.9784002304,80.2251968384,66807,66817,10
12.9788198471,80.2258987427,66817,66827,10
12.9792404175,80.226600647,66827,66837,10
12.979590416,80.227180481,66837,66847,10
12.9799900055,80.2278213501,66847,66857,10
12.9803695679,80.2284698486,66857,66867,10
12.9807395935,80.2291030884,66867,66877,10
12.9809103012,80.2294006348,66877,66887,10
12.9810199738,80.2295837402,66887,66903,16
12.9815502167,80.2303771973,66903,66915,12
12.9817399979,80.2306976318,66915,66926,11
12.9817495346,80.2307434082,66926,66936,10
12.9819002151,80.2311096191,66936,66946,10
12.9820404053,80.2316818237,66946,66956,10
12.982049942,80.2322769165,66956,66965,9
12.9820203781,80.2325820923,66965,66976,11
12.9819402695,80.2328414917,66976,66985,9
12.9818696976,80.2330169678,66985,66996,11
12.9817695618,80.2332611084,66996,67006,10
12.9816904068,80.2334213257,67006,67016,10
12.9816398621,80.233543396,67016,67026,10
12.9815797806,80.2336730957,67026,67037,11
12.9813499451,80.234161377,67037,67047,10
12.9812402725,80.2347717285,67047,67057,10
12.9812498093,80.2355499268,67057,67067,10
12.9812698364,80.236366272,67067,67077,10
12.981300354,80.2372283936,67077,67087,10
12.9813203812,80.2379226685,67087,67097,10
12.9813299179,80.2382202148,67097,67107,10
12.9813299179,80.23828125,67107,67117,10
12.9813203812,80.2384414673,67117,67127,10
12.9813404083,80.2387237549,67127,67137,10
12.9813299179,80.2388687134,67137,67147,10
12.9813404083,80.2393722534,67147,67158,11
12.9813604355,80.2397003174,67158,67168,10
12.9813699722,80.2398986816,67168,67178,10
12.9813804626,80.240272522,67178,67188,10
12.9813804626,80.2407684326,67188,67198,10
12.9813899994,80.2414703369,67198,67208,10
12.9813899994,80.2420196533,67208,67218,10
12.9813995361,80.2422866821,67218,67220,2
12.9813995361,80.2422866821,67220,67266,46
12.9813995361,80.2433166504,67266,67277,11
12.9813699722,80.2437896729,67277,67287,10
12.9812698364,80.2444534302,67287,67297,10
12.9811697006,80.2452774048,67297,67307,10
12.9810495377,80.2462387085,67307,67317,10
12.9809503555,80.2472305298,67317,67327,10
12.9808797836,80.2481994629,67327,67337,10
12.980799675,80.2491607666,67337,67347,10
12.9806604385,80.2501068115,67347,67358,11
12.9804296494,80.2510070801,67358,67369,11
12.9801902771,80.2519226074,67369,67378,9
12.980099678,80.2522964478,67378,67390,12
12.980099678,80.2523422241,67390,67400,10
12.9800901413,80.2524795532,67400,67410,10
12.9802398682,80.2526321411,67410,67420,10
12.9805202484,80.2526779175,67420,67430,10
12.9810400009,80.2526626587,67430,67440,10
12.982170105,80.2526321411,67440,67470,30
12.982170105,80.2526321411,67470,67480,10
12.9822397232,80.2526321411,67480,67490,10
12.9826202393,80.2526016235,67490,67501,11
12.9830198288,80.2525787354,67501,67511,10
12.9832696915,80.2525634766,67511,67521,10
12.9836597443,80.2524795532,67521,67531,10
12.9842996597,80.2522964478,67531,67541,10
12.9848003387,80.252166748,67541,67551,10
12.9852800369,80.2520370483,67551,67561,10
12.985830307,80.2518768311,67561,67571,10
12.9862804413,80.2517700195,67571,67581,10
12.9867296219,80.251663208,67581,67591,10
12.9871397018,80.2515411377,67591,67601,10
12.9874696732,80.251449585,67601,67611,10
12.987660408,80.2514038086,67611,67622,11
12.987859726,80.2514419556,67622,67632,10
12.9878797531,80.2514572144,67632,67642,10
12.9879302979,80.2516479492,67642,67652,10
12.9879798889,80.2519073486,67652,67662,10
12.9880304337,80.252243042,67662,67672,10
12.9880199432,80.2525863647,67672,67682,10
12.9879598618,80.2531585693,67682,67692,10
12.987950325,80.253326416,67692,67702,10
12.987950325,80.2534637451,67702,67712,10
12.9879302979,80.2536010742,67712,67722,10
12.9878997803,80.2539672852,67722,67733,11
12.9878501892,80.2544403076,67733,67743,10
12.9877996445,80.2547836304,67743,67753,10
12.9877500534,80.2552185059,67753,67763,10
12.9877004623,80.2555618286,67763,67773,10
12.9876403809,80.2559585571,67773,67783,10
12.9876098633,80.2560882568,67783,67793,10
12.9875898361,80.2562408447,67793,67803,10
12.9875898361,80.2564315796,67803,67813,10
12.9875602722,80.2566986084,67813,67823,10
12.9875001907,80.2572631836,67823,67833,10
12.9874401093,80.2580108643,67833,67843,10
12.9873800278,80.2585830688,67843,67854,11
12.9873199463,80.2590408325,67854,67864,10
12.9872398376,80.2595214844,67864,67924,60
12.9872398376,80.2595214844,67924,67934,10
12.9870796204,80.2596282959,67934,67944,10
12.9869203568,80.2595977783,67944,67954,10
12.9866695404,80.2595672607,67954,67965,11
12.9865703583,80.2594680786,67965,67975,10
12.9865198135,80.2592391968,67975,69720,1745
12.9865198135,80.2592391968,69720,69730,10
12.9869804382,80.259147644,69730,69760,30
12.9869804382,80.259147644,69760,69770,10
12.987159729,80.2592086792,69770,69780,10
12.9872999191,80.2591629028,69780,69790,10
12.9873104095,80.2588882446,69790,69800,10
12.9873504639,80.2584228516,69800,69810,10
12.9873695374,80.2578582764,69810,69820,10
12.9873800278,80.2573318481,69820,69831,11
12.9873895645,80.2571792603,69831,69841,10
12.9874095917,80.2570037842,69841,69851,10
12.987449646,80.2565994263,69851,69861,10
12.9874696732,80.2562103271,69861,69962,101
12.9874696732,80.2562103271,69962,69972,10
12.9875602722,80.2561569214,69972,69982,10
12.9875898361,80.2558288574,69982,69992,10
12.9876899719,80.2554092407,69992,70002,10
12.9876899719,80.2549362183,70002,70012,10
12.9876804352,80.2549133301,70012,70022,10
12.9877004623,80.2545928955,70022,70032,10
12.9877500534,80.2540512085,70032,70042,10
12.9878101349,80.2532196045,70042,70093,51
12.9878101349,80.2532196045,70093,70103,10
12.9878702164,80.2529296875,70103,70113,10
12.9878902435,80.2525177002,70113,70123,10
12.9878702164,80.2521972656,70123,70133,10
12.987830162,80.2519683838,70133,70174,41
12.987830162,80.2519683838,70174,70185,11
12.9876899719,80.2516784668,70185,70205,20
12.9876899719,80.2516784668,70205,70215,10
12.9875001907,80.2516479492,70215,70225,10
12.9871997833,80.2516784668,70225,70235,10
12.9870700836,80.2516937256,70235,70245,10
12.9867401123,80.2517776489,70245,70255,10
12.9862203598,80.2519378662,70255,70265,10
12.9855003357,80.2520980835,70265,70275,10
12.9847002029,80.2523117065,70275,70285,10
12.9840297699,80.2525024414,70285,70295,10
12.9833202362,80.2526626587,70295,70306,11
12.982460022,80.252746582,70306,70316,10
12.9816904068,80.2527618408,70316,70326,10
12.9809103012,80.2527770996,70326,70336,10
12.9801998138,80.2527923584,70336,70376,40
12.9801998138,80.2527923584,70376,70386,10
12.9800596237,80.2527694702,70386,70396,10
12.9798402786,80.252456665,70396,70447,51
12.9798402786,80.252456665,70447,70457,10
12.9799003601,80.252243042,70457,70467,10
12.9799995422,80.2518234253,70467,70477,10
12.9801702499,80.2512664795,70477,70487,10
12.9803800583,80.250541687,70487,70497,10
12.9805698395,80.2497177124,70497,70506,9
12.9806604385,80.2489395142,70506,70516,10
12.9807100296,80.2480621338,70516,70527,11
12.9807796478,80.2471084595,70527,70538,11
12.9808702469,80.2461776733,70538,70548,10
12.9809598923,80.2453918457,70548,70558,10
12.9810495377,80.2445907593,70558,70568,10
12.9811201096,80.2439117432,70568,70578,10
12.9812297821,80.2436218262,70578,70588,10
12.9812803268,80.2432022095,70588,70618,30
12.9812803268,80.2432022095,70618,70628,10
12.9812803268,80.2428817749,70628,70649,21
12.9812803268,80.2428817749,70649,70659,10
12.9812803268,80.2427825928,70659,70669,10
12.981300354,80.242401123,70669,70679,10
12.9812803268,80.2418823242,70679,70689,10
12.9812803268,80.2413024902,70689,70699,10
12.9812803268,80.2406387329,70699,70708,9
12.9812602997,80.2400131226,70708,70719,11
12.9812402725,80.2393493652,70719,70729,10
12.9812202454,80.2387237549,70729,70739,10
12.9812002182,80.2379837036,70739,70759,20
12.9812002182,80.2379837036,70759,70770,11
12.9811697006,80.2376327515,70770,70780,10
12.9811601639,80.2371063232,70780,70790,10
12.9811401367,80.2364273071,70790,70800,10
12.9811201096,80.2357177734,70800,70810,10
12.9811000824,80.2350463867,70810,70820,10
12.9811296463,80.2343521118,70820,70830,10
12.9814100266,80.2336196899,70830,70850,20
12.9814100266,80.2336196899,70850,70860,10
12.9815797806,80.233253479,70860,70891,31
12.9815797806,80.233253479,70891,70901,10
12.981710434,80.2330169678,70901,70911,10
12.9818401337,80.2326812744,70911,70921,10
12.9818897247,80.2324981689,70921,70931,10
12.9819202423,80.2323913574,70931,70941,10
12.9819202423,80.2321929932,70941,70951,10
12.9819097519,80.2318572998,70951,70961,10
12.9818696976,80.2313766479,70961,70971,10
12.9816799164,80.2308425903,70971,70981,10
12.9813995361,80.2303390503,70981,70991,10
12.9810199738,80.2297286987,70991,71002,11
12.9807796478,80.229347229,71002,71012,10
12.9805202484,80.2289581299,71012,71032,20
12.9805202484,80.2289581299,71032,71042,10
12.9804601669,80.2288513184,71042,71052,10
12.9802703857,80.2285232544,71052,71062,10
12.9801397324,80.2281799316,71062,71071,9
12.9798803329,80.2277679443,71071,71081,10
12.9795198441,80.227180481,71081,71092,11
12.9791002274,80.2265014648,71092,71102,10
12.9787397385,80.2258911133,71102,71112,10
12.9783802032,80.2252731323,71112,71123,11
12.9781303406,80.2248764038,71123,71133,10
12.9780597687,80.2247695923,71133,71143,10
12.9779701233,80.2246780396,71143,71153,10
12.9777603149,80.2244186401,71153,71163,10
12.9774999619,80.2239837646,71163,71173,10
12.977230072,80.2235183716,71173,71183,10
12.9770298004,80.223197937,71183,71193,10
12.9769802094,80.2231369019,71193,71203,10
12.9768400192,80.2228775024,71203,71213,10
12.9765996933,80.2225036621,71213,71223,10
12.9762296677,80.2219009399,71223,71244,21
12.9762296677,80.2219009399,71244,71254,10
12.976149559,80.2218093872,71254,71264,10
12.9760799408,80.2217025757,71264,71274,10
12.975979805,80.2215576172,71274,71284,10
12.9758701324,80.2213897705,71284,71294,10
12.9756002426,80.2211074829,71294,71365,71
12.9756002426,80.2211074829,71365,71375,10
12.9754104614,80.2208709717,71375,71435,60
12.9752101898,80.2207107544,71435,71455,20
12.9752101898,80.2207107544,71455,71466,11
12.975399971,80.2204666138,71466,71476,10
12.9756498337,80.2202835083,71476,71486,10
12.9761400223,80.2200469971,71486,71496,10
12.9767904282,80.2197799683,71496,71506,10
12.977519989,80.2194824219,71506,71516,10
12.9783296585,80.2191390991,71516,71518,2
12.9783296585,80.2191390991,71518,71564,46
12.9809398651,80.2181396484,71564,71574,10
12.9816799164,80.217918396,71574,71585,11
12.982339859,80.2178573608,71585,71595,10
12.9826402664,80.217880249,71595,71605,10
12.9831695557,80.217880249,71605,71615,10
12.9837503433,80.2178726196,71615,71625,10
12.9837703705,80.2178726196,71625,71635,10
12.9839601517,80.217880249,71635,71645,10
12.9843797684,80.2178726196,71645,71656,11
12.9849596024,80.2178726196,71656,71666,10
12.9856700897,80.2179107666,71666,71678,12
12.9865598679,80.2181167603,71678,71688,10
12.9872398376,80.21824646,71688,71698,10
12.9873504639,80.2182693481,71698,71709,11
12.9876403809,80.2183380127,71709,71719,10
12.9881601334,80.2184524536,71719,71729,10
12.9888000488,80.2186279297,71729,71739,10
12.9894599915,80.2188568115,71739,71749,10
12.9903001785,80.2191619873,71749,71759,10
12.9911203384,80.2194137573,71759,71769,10
12.9917001724,80.2194290161,71769,71779,10
12.9921503067,80.2191162109,71779,71788,9
12.9926996231,80.2187194824,71788,71798,10
12.993350029,80.2182312012,71798,71809,11
12.994020462,80.2177429199,71809,71820,11
12.9944400787,80.2174301147,71820,71830,10
12.9946403503,80.2172927856,71830,71840,10
12.9949798584,80.217048645,71840,71850,10
12.9954299927,80.2167892456,71850,71860,10
12.9960403442,80.2166213989,71860,71870,10
12.9966201782,80.2165222168,71870,71880,10
12.9970998764,80.216468811,71880,71890,10
12.9973297119,80.2162475586,71890,71900,10
12.9973297119,80.2162399292,71900,71910,10
12.9975404739,80.2160797119,71910,71920,10
12.9979000092,80.2157592773,71920,71931,11
12.9984703064,80.2152404785,71931,71941,10
12.99903965,80.2147598267,71941,71951,10
12.999250412,80.2145614624,71951,71961,10
12.9996795654,80.2142028809,71961,71971,10
13.0000696182,80.2138595581,71971,71981,10
13.0005502701,80.2134017944,71981,71991,10
13.0010900497,80.2129821777,71991,72001,10
13.0014600754,80.2127075195,72001,72011,10
13.0019397736,80.212387085,72011,72021,10
13.0024003983,80.2121582031,72021,72031,10
13.0028495789,80.212097168,72031,72041,10
13.0035600662,80.2119598389,72041,72162,121
13.0035600662,80.2119598389,72162,72173,11
13.0036401749,80.2116165161,72173,72183,10
13.0036096573,80.2111434937,72183,72193,10
13.0035495758,80.2106170654,72193,72203,10
13.0034799576,80.2101287842,72203,72213,10
13.0034503937,80.2096176147,72213,72223,10
13.0035400391,80.2090835571,72223,72233,10
13.0039396286,80.2086410522,72233,72243,10
13.0046901703,80.2089767456,72243,72253,10
13.0055999756,80.2093811035,72253,72263,10
13.0062398911,80.2095870972,72263,72273,10
13.0069303513,80.209777832,72273,72284,11
13.007349968,80.2098617554,72284,72294,10
13.0074501038,80.2098770142,72294,72304,10
13.007519722,80.2098999023,72304,72314,10
13.0077800751,80.2099609375,72314,72324,10
13.0080404282,80.2100067139,72324,72334,10
13.0080900192,80.2097625732,72334,72344,10
13.0079898834,80.2092437744,72344,72354,10
13.0078697205,80.2085266113,72354,72364,10
13.0077295303,80.2076873779,72364,72374,10
13.007610321,80.206993103,72374,72384,10
13.0074996948,80.2063827515,72384,72394,10
13.0074501038,80.2058029175,72394,72405,11
13.0074396133,80.2054214478,72405,72415,10
13.0074396133,80.2049789429,72415,72425,10
13.0074501038,80.204498291,72425,72435,10
13.0074100494,80.2039794922,72435,72445,10
13.0073003769,80.2032623291,72445,72455,10
13.0069799423,80.2025680542,72455,72465,10
13.006480217,80.2028503418,72465,72475,10
13.0066900253,80.2033462524,72475,72485,10
13.0072202682,80.2036209106,72485,72495,10
13.0079402924,80.203742981,72495,72505,10
13.0087604523,80.2036972046,72505,72516,11
13.0098304749,80.2036514282,72516,72526,10
13.0108699799,80.203666687,72526,72536,10
13.0118999481,80.2037887573,72536,72546,10
13.0128002167,80.2039794922,72546,72556,10
13.0133304596,80.2041168213,72556,72566,10
13.0135402679,80.2041931152,72566,72576,10
13.013999939,80.2043609619,72576,72586,10
13.014960289,80.2046508789,72586,72606,20
13.014960289,80.2046508789,72606,72616,10
13.0151996613,80.2047195435,72616,72626,10
13.0156898499,80.2048492432,72626,72637,11
13.0161800385,80.205116272,72637,72647,10
13.0165996552,80.2051696777,72647,72657,10
13.0170202255,80.2052612305,72657,72666,9
13.0175504684,80.2055206299,72666,72677,11
13.0178003311,80.2056427002,72677,72687,10
13.0186595917,80.205909729,72687,72707,20
13.0186595917,80.205909729,72707,72717,10
13.0188398361,80.2059707642,72717,72727,10
13.0192804337,80.2061233521,72727,72737,10
13.0199403763,80.2062530518,72737,72748,11
13.0208597183,80.2062530518,72748,72758,10
13.0218095779,80.2062911987,72758,72768,10
13.0227899551,80.2064285278,72768,72778,10
13.0237598419,80.2065963745,72778,72788,10
13.0242795944,80.2066879272,72788,72798,10
13.0243597031,80.2067108154,72798,72808,10
13.024720192,80.20677948,72808,72818,10
13.0250797272,80.2068786621,72818,72828,10
13.025560379,80.207069397,72828,72838,10
13.0258903503,80.2072525024,72838,72854,16
13.026140213,80.2073898315,72854,72867,13
13.0264596939,80.2076034546,72867,72877,10
13.0267896652,80.2077865601,72877,72886,9
13.0270700455,80.2079620361,72886,72898,12
13.0270996094,80.2079772949,72898,72908,10
13.0272502899,80.2080688477,72908,72918,10
13.0274295807,80.2081832886,72918,72928,10
13.0276699066,80.2083206177,72928,72938,10
13.0280799866,80.2084884644,72938,72948,10
13.0283603668,80.2085800171,72948,72958,10
13.0285196304,80.2086334229,72958,72968,10
13.0285997391,80.2086486816,72968,72978,10
13.0287303925,80.2086791992,72978,72989,11
13.0289201736,80.2087020874,72989,72999,10
13.029250145,80.2087936401,72999,73009,10
13.0298204422,80.2088775635,73009,73039,30
13.0298204422,80.2088775635,73039,73049,10
13.0302295685,80.2089767456,73049,73059,10
13.0307703018,80.2091674805,73059,73069,10
13.031419754,80.2093429565,73069,73079,10
13.0315599442,80.2093811035,73079,73089,10
13.0317497253,80.2094116211,73089,73100,11
13.0322399139,80.2095336914,73100,73110,10
13.0328598022,80.2096481323,73110,73120,10
13.0334997177,80.2098236084,73120,73130,10
13.0340995789,80.2099761963,73130,73140,10
13.0346899033,80.2100982666,73140,73150,10
13.0349998474,80.2103424072,73150,73160,10
13.0349397659,80.2108001709,73160,73170,10
13.0349702835,80.2112197876,73170,73172,2
13.0348596573,80.2120437622,73172,73239,67
13.0348596573,80.2120437622,73239,73249,10
13.0348901749,80.2121963501,73249,73259,10
13.0352096558,80.2122573853,73259,73269,10
13.0357398987,80.2122879028,73269,73279,10
13.0364398956,80.2122879028,73279,73289,10
13.0369501114,80.2122879028,73289,73299,10
13.0371904373,80.2122879028,73299,73311,12
13.0377702713,80.2123031616,73311,73321,10
13.0384597778,80.2122879028,73321,73331,10
13.0392398834,80.2123031616,73331,73342,11
13.040140152,80.2122879028,73342,73352,10
13.0410299301,80.2122421265,73352,73359,7
13.0416898727,80.2122421265,73359,73373,14
13.0424003601,80.2122192383,73373,73383,10
13.0424098969,80.2122192383,73383,73393,10
13.0425596237,80.2122116089,73393,73403,10
13.0429201126,80.2122192383,73403,73413,10
13.0433101654,80.2122192383,73413,73423,10
13.0437402725,80.2122192383,73423,73701,278
13.0437402725,80.2122192383,73701,73711,10
13.0441398621,80.2122573853,73711,73720,9
13.0445899963,80.2122573853,73720,73731,11
13.045249939,80.2122497559,73731,73741,10
13.0460796356,80.2122268677,73741,73751,10
13.0467700958,80.2121963501,73751,73761,10
13.0475101471,80.2121429443,73761,73771,10
13.0484104156,80.2120437622,73771,73822,51
13.0484104156,80.2120437622,73822,73832,10
13.0486001968,80.2120132446,73832,73842,10
13.0488901138,80.2119827271,73842,73852,10
13.0492401123,80.2119522095,73852,73862,10
13.0496101379,80.2119216919,73862,73872,10
13.0498600006,80.2119064331,73872,73882,10
13.0501098633,80.2119064331,73882,73892,10
13.0503396988,80.2119522095,73892,73902,10
13.0506801605,80.2120132446,73902,73913,11
13.0514602661,80.2120285034,73913,73923,10
13.0521297455,80.2119598389,73923,73933,10
13.0525798798,80.2118606567,73933,73943,10
13.0531997681,80.2117233276,73943,73953,10
13.0539102554,80.2115097046,73953,73963,10
13.0544099808,80.2114181519,73963,73973,10
13.054889679,80.2114028931,73973,73983,10
13.0555400848,80.2114105225,73983,73993,10
13.0563402176,80.2114181519,73993,74003,10
13.0571699142,80.2114028931,74003,74013,10
13.057299614,80.2113876343,74013,74023,10
13.0574598312,80.2113723755,74023,74034,11
13.0578603745,80.2113876343,74034,74044,10
13.0583896637,80.2114105225,74044,74054,10
13.0589103699,80.2114334106,74054,74064,10
13.0595998764,80.211479187,74064,74074,10
13.0604400635,80.2115325928,74074,74084,10
13.0611801147,80.2115783691,74084,74094,10
13.0617303848,80.2116165161,74094,74104,10
13.062379837,80.2115631104,74104,74114,10
13.0628004074,80.2115402222,74114,74124,10
13.0628900528,80.2115097046,74124,74134,10
13.0632295609,80.2114715576,74134,74145,11
13.0635204315,80.2114486694,74145,74155,10
13.0636997223,80.21144104,74155,74165,10
13.0640096664,80.21144104,74165,74175,10
13.0645399094,80.2112808228,74175,74185,10
13.0651597977,80.2109375,74185,74195,10
13.0657901764,80.2104415894,74195,74205,10
13.0664196014,80.2098999023,74205,74215,10
13.0670003891,80.2092437744,74215,74225,10
13.0672903061,80.208732605,74225,74235,10
13.06731987,80.2087020874,74235,74245,10
13.0674800873,80.2084732056,74245,74255,10
13.067779541,80.2080001831,74255,74266,11
13.0682401657,80.20728302,74266,74276,10
13.0687303543,80.2065429688,74276,74286,10
13.0691604614,80.2058868408,74286,74296,10
13.0693597794,80.2055206299,74296,74306,10
13.0695104599,80.2052688599,74306,74316,10
13.0696296692,80.205078125,74316,74326,10
13.069609642,80.2049102783,74326,74336,10
13.0693597794,80.2048416138,74336,74346,10
13.069029808,80.2051773071,74346,74356,10
13.0688199997,80.2053833008,74356,74366,10
13.0686397552,80.2052764893,74366,74377,11
13.0684604645,80.2052230835,74377,74730,353
13.0680704117,80.2051925659,74730,74820,90
13.0680704117,80.2051925659,74820,74830,10
13.068110466,80.2049636841,74830,74841,11
13.0682296753,80.2049789429,74841,74851,10
13.0685901642,80.2048110962,74851,74881,30
13.0685901642,80.2048110962,74881,74891,10
13.0687904358,80.2047576904,74891,74921,30
13.0689697266,80.2047424316,74921,74962,41
13.0689697266,80.2047424316,74962,74972,10
13.0692596436,80.2047805786,74972,74982,10
13.0694103241,80.2048110962,74982,74992,10
13.0696401596,80.2048568726,74992,75052,60
13.0696401596,80.2048568726,75052,75062,10
13.0697097778,80.2048568726,75062,75072,10
13.0698204041,80.2049636841,75072,75083,11
13.0698003769,80.2052993774,75083,75093,10
13.0695104599,80.2057418823,75093,75103,10
13.0691404343,80.2062988281,75103,75113,10
13.0688199997,80.206817627,75113,75123,10
13.0682697296,80.2077026367,75123,75133,10
13.0678195953,80.208442688,75133,75143,10
13.0675802231,80.2088317871,75143,75153,10
13.0672998428,80.2092971802,75153,75163,10
13.0669002533,80.2098770142,75163,75173,10
13.0663003922,80.2104187012,75173,75183,10
13.0656003952,80.2109832764,75183,75194,11
13.0650997162,80.2113494873,75194,75204,10
13.0650901794,80.2113494873,75204,75214,10
13.0647602081,80.2114486694,75214,75224,10
13.0642595291,80.2116317749,75224,75234,10
13.0637903214,80.2117385864,75234,75244,10
13.0637798309,80.2117385864,75244,75254,10
13.0635595322,80.211769104,75254,75264,10
13.0630903244,80.2117767334,75264,75274,10
13.0624103546,80.2117919922,75274,75284,10
13.0618400574,80.2117462158,75284,75294,10
13.0609998703,80.2117462158,75294,75304,10
13.0602502823,80.211730957,75304,75315,11
13.0591897964,80.2117004395,75315,75325,10
13.0585002899,80.2116699219,75325,75335,10
13.0579004288,80.2116470337,75335,75345,10
13.0574398041,80.2116622925,75345,75355,10
13.0573501587,80.2116775513,75355,75365,10
13.0569801331,80.2116622925,75365,75375,10
13.0564098358,80.2116394043,75375,75385,10
13.0556898117,80.2116165161,75385,75395,10
13.054889679,80.2116088867,75395,75405,10
13.0542201996,80.2116622925,75405,75415,10
13.0535497665,80.2118377686,75415,75425,10
13.0527896881,80.2120285034,75425,75436,11
13.0521202087,80.2121810913,75436,75446,10
13.0518398285,80.2122421265,75446,75456,10
13.0514602661,80.2122497559,75456,75466,10
13.0508804321,80.2121429443,75466,75486,20
13.0508804321,80.2121429443,75486,75496,10
13.0506401062,80.2122573853,75496,75506,10
13.0502595901,80.2122497559,75506,75516,10
13.0497703552,80.2122268677,75516,75557,41
13.0497703552,80.2122268677,75557,75567,10
13.0493898392,80.2121887207,75567,75577,10
13.0493602753,80.2121887207,75577,75587,10
13.0491895676,80.2121887207,75587,75597,10
13.0488595963,80.2122192383,75597,75607,10
13.0482997894,80.2122421265,75607,75616,9
13.0476398468,80.2123031616,75616,75627,11
13.0467500687,80.2123413086,75627,75637,10
13.0458097458,80.2123794556,75637,75646,9
13.045129776,80.2124404907,75646,75657,11
13.0450801849,80.2124404907,75657,75668,11
13.045009613,80.2125167847,75668,75678,10
13.0447702408,80.2125167847,75678,75688,10
13.0444803238,80.2125091553,75688,75698,10
13.0440101624,80.2124862671,75698,75708,10
13.0433301926,80.2124633789,75708,75718,10
13.0425300598,80.2124404907,75718,75728,10
13.0418901443,80.2124481201,75728,75738,10
13.0408802032,80.2123794556,75738,75748,10
13.0399703979,80.2124176025,75748,75758,10
13.0389995575,80.2124404907,75758,75768,10
13.0378503799,80.2124481201,75768,75819,51
13.0378503799,80.2124481201,75819,75829,10
13.0375995636,80.2124633789,75829,75839,10
13.0372104645,80.2124404907,75839,75849,10
13.0366697311,80.2124023438,75849,75859,10
13.036190033,80.2123794556,75859,75869,10
13.0355100632,80.2123794556,75869,75879,10
13.0350599289,80.2123413086,75879,75889,10
13.0348596573,80.2123031616,75889,75900,11
13.0345096588,80.2122268677,75900,75910,10
13.0342302322,80.2121963501,75910,75920,10
13.0342102051,80.2121963501,75920,75930,10
13.0340595245,80.2121887207,75930,75940,10
13.0336799622,80.212097168,75940,75950,10
13.0332202911,80.2119827271,75950,75960,10
13.0326004028,80.2118835449,75960,75970,10
13.0319595337,80.2117462158,75970,75980,10
13.031920433,80.2112731934,75980,75990,10
13.0319700241,80.2106018066,75990,76000,10
13.0320396423,80.2098999023,76000,76010,10
13.0318403244,80.2097015381,76010,76021,11
13.0312900543,80.2095489502,76021,76031,10
13.0306301117,80.2093734741,76031,76041,10
13.0299901962,80.2091598511,76041,76051,10
13.0297403336,80.2090911865,76051,76061,10
13.0295200348,80.2090072632,76061,76071,10
13.0294799805,80.2089767456,76071,76081,10
13.029129982,80.2089004517,76081,76091,10
13.0285196304,80.208732605,76091,76101,10
13.0278196335,80.2085037231,76101,76111,10
13.0272102356,80.208152771,76111,76121,10
13.0265302658,80.2077407837,76121,76132,11
13.0256595612,80.2072525024,76132,76142,10
13.0248003006,80.2070465088,76142,76152,10
13.0242300034,80.2069473267,76152,76162,10
13.024140358,80.2069396973,76162,76172,10
13.023730278,80.2068481445,76172,76182,10
13.0231704712,80.2067184448,76182,76192,10
13.0224704742,80.2065811157,76192,76202,10
13.021730423,80.2065124512,76202,76212,10
13.020939827,80.2065124512,76212,76222,10
13.0200996399,80.2065124512,76222,76232,10
13.0193395615,80.2064819336,76232,76242,10
13.0192499161,80.2064590454,76242,76253,11
13.0191001892,80.2063980103,76253,76263,10
13.0188598633,80.2063369751,76263,76279,16
13.0179195404,80.2060165405,76279,76291,12
13.0172901154,80.2057723999,76291,76301,10
13.0170202255,80.205619812,76301,76311,10
13.0163297653,80.2053833008,76311,76320,9
13.0156698227,80.2052612305,76320,76331,11
13.0147800446,80.2049331665,76331,76341,10
13.0141897202,80.2047119141,76341,76351,10
13.0141201019,80.2046813965,76351,76362,11
13.013879776,80.2045822144,76362,76372,10
13.0136995316,80.2045211792,76372,76382,10
13.0135002136,80.2047195435,76382,76391,9
13.0133495331,80.2051696777,76391,76402,11
13.0131597519,80.2057723999,76402,76411,9
13.0129899979,80.2064666748,76411,76423,12
13.0129098892,80.207359314,76423,76433,10
13.012840271,80.207862854,76433,76443,10
13.0128202438,80.2083587646,76443,76453,10
13.0128202438,80.2087020874,76453,76463,10
13.0128602982,80.2092132568,76463,76473,10
13.0130195618,80.209602356,76473,76484,11
13.0130796432,80.2101593018,76484,76494,10
13.013010025,80.2107009888,76494,76504,10
13.0127801895,80.2113189697,76504,76514,10
13.012430191,80.2119598389,76514,76524,10
13.0120401382,80.212562561,76524,76534,10
13.011759758,80.2128372192,76534,76544,10
13.0114898682,80.2126998901,76544,76554,10
13.0110902786,80.2124023438,76554,76564,10
13.0105695724,80.2120132446,76564,76574,10
13.0101299286,80.2116699219,76574,76584,10
13.0098800659,80.2114486694,76584,76625,41
13.0098800659,80.2114486694,76625,76635,10
13.0094499588,80.2111129761,76635,76685,50
13.0094499588,80.2111129761,76685,76695,10
13.0091600418,80.2112579346,76695,76705,10
13.0089702606,80.211517334,76705,76716,11
13.0090198517,80.2118988037,76716,76726,10
13.0091695786,80.2123794556,76726,76736,10
13.0093402863,80.2128295898,76736,76746,10
13.0094900131,80.213180542,76746,76756,10
13.0096597672,80.2135925293,76756,76766,10
13.0098304749,80.2140197754,76766,76782,16
13.0100898743,80.2147369385,76782,76794,12
13.0101995468,80.2155075073,76794,76802,8
13.0103702545,80.2160491943,76802,76814,12
13.0107698441,80.2169570923,76814,76824,10
13.0111398697,80.2177581787,76824,76835,11
13.011469841,80.2186813354,76835,76845,10
13.0117998123,80.2196502686,76845,76855,10
13.0121002197,80.2206115723,76855,76865,10
13.012430191,80.2213592529,76865,76875,10
13.0126199722,80.2217102051,76875,76885,10
13.013130188,80.2222976685,76885,76895,10
13.0135602951,80.2228164673,76895,76904,9
13.0138902664,80.2233200073,76904,76915,11
13.0140399933,80.2235870361,76915,76925,10
13.0142602921,80.2239608765,76925,76935,10
13.0146503448,80.2244873047,76935,76946,11
13.0151500702,80.2249984741,76946,76956,10
13.0153799057,80.2254562378,76956,76966,10
13.0151395798,80.2258911133,76966,76976,10
13.0145597458,80.2261123657,76976,76986,10
13.0138597488,80.2263870239,76986,76996,10
13.0130996704,80.2266921997,76996,77006,10
13.0122900009,80.2269973755,77006,77016,10
13.0114603043,80.2273178101,77016,77026,10
13.0105895996,80.2276687622,77026,77036,10
13.0097703934,80.2279663086,77036,77046,10
13.0094299316,80.2275924683,77046,77056,10
13.0096998215,80.2269973755,77056,77067,11
13.0100498199,80.2262115479,77067,77077,10
13.0103502274,80.2254562378,77077,77087,10
13.0106496811,80.2247467041,77087,77097,10
13.0109300613,80.2240371704,77097,77107,10
13.0111103058,80.2235870361,77107,77117,10
13.0112199783,80.2232894897,77117,77126,9
13.0111103058,80.2231369019,77126,77137,11
13.0103702545,80.2227935791,77137,77157,20
13.0103702545,80.2227935791,77157,77167,10
13.0100898743,80.2226104736,77167,77177,10
13.0097198486,80.2224197388,77177,77188,11
13.0092096329,80.2221603394,77188,77198,10
13.0086202621,80.2218322754,77198,77208,10
13.0080499649,80.2215194702,77208,77218,10
13.0074195862,80.2211914063,77218,77228,10
13.0067501068,80.2208709717,77228,77238,10
13.0060195923,80.2206420898,77238,77248,10
13.005200386,80.220451355,77248,77258,10
13.0045795441,80.2202987671,77258,77268,10
13.0037298203,80.2201080322,77268,77278,10
13.0029201508,80.2199020386,77278,77288,10
13.0022001266,80.2193908691,77288,77299,11
13.0015602112,80.2186965942,77299,77309,10
13.0010204315,80.2183074951,77309,77319,10
13.000579834,80.2180175781,77319,77329,10
13.0001001358,80.2177200317,77329,77338,9
12.9995498657,80.2173690796,77338,77349,11
12.998840332,80.2170028687,77349,77359,10
12.997420311,80.216583252,77359,77399,40
12.997420311,80.216583252,77399,77409,10
12.9972600937,80.2165985107,77409,77420,11
12.9971904755,80.2165985107,77420,77430,10
12.9968500137,80.2165985107,77430,77440,10
12.9963598251,80.2166213989,77440,77449,9
12.995759964,80.2167434692,77449,77460,11
12.9949998856,80.2171020508,77460,77470,10
12.9944601059,80.2174682617,77470,77480,10
12.9939603806,80.2178421021,77480,77490,10
12.993519783,80.2181625366,77490,77500,10
12.9930095673,80.218536377,77500,77510,10
12.9924201965,80.2189788818,77510,77520,10
12.9917497635,80.2194366455,77520,77531,11
12.9910898209,80.2195205688,77531,77541,10
12.9909200668,80.2194824219,77541,77551,10
12.9907999039,80.2194366455,77551,77561,10
12.9905595779,80.2193527222,77561,77571,10
12.9900903702,80.2191925049,77571,77581,10
12.9894599915,80.2189788818,77581,77591,10
12.9887104034,80.2187194824,77591,77601,10
12.9878997803,80.2185134888,77601,77611,10
12.9873399734,80.2184295654,77611,77621,10
12.9868297577,80.2183380127,77621,77631,10
12.9868202209,80.2183380127,77631,77641,10
12.9867401123,80.2183227539,77641,77652,11
12.9863195419,80.218208313,77652,77662,10
12.9856700897,80.2180633545,77662,77672,10
12.9848804474,80.2180023193,77672,77682,10
12.9840097427,80.2180328369,77682,77702,20
12.9840097427,80.2180328369,77702,77712,10
12.9838600159,80.2180099487,77712,77722,10
12.9834604263,80.2180175781,77722,77732,10
12.9828701019,80.2180328369,77732,77742,10
12.9821395874,80.2180404663,77742,77752,10
12.9813299179,80.2181396484,77752,77763,11
12.9804201126,80.218421936,77763,77773,10
12.9797000885,80.2186965942,77773,77783,10
12.9790000916,80.2189788818,77783,77793,10
12.9784898758,80.2191772461,77793,77803,10
12.9778699875,80.2194366455,77803,77813,10
12.9771404266,80.2197494507,77813,77823,10
12.9763202667,80.2201080322,77823,77833,10
12.9756698608,80.2203979492,77833,77853,20
12.9756698608,80.2203979492,77853,77863,10
12.9755401611,80.220413208,77863,77873,10
12.9754199982,80.2206726074,77873,77884,11
12.9755897522,80.2209701538,77884,77894,10
12.9759502411,80.2213821411,77894,77904,10
12.9762401581,80.2217712402,77904,77944,40
12.9762401581,80.2217712402,77944,77954,10
12.976360321,80.2221298218,77954,77964,10
12.9766302109,80.2225570679,77964,77974,10
12.9770002365,80.2231292725,77974,77984,10
12.9774198532,80.223777771,77984,77994,10
12.9778404236,80.2244262695,77994,78005,11
12.9781703949,80.2249298096,78005,78015,10
12.9785003662,80.2254562378,78015,78025,10
12.9788503647,80.2260284424,78025,78035,10
12.9792404175,80.2266693115,78035,78045,10
12.9793996811,80.2269592285,78045,78055,10
12.9796495438,80.2273712158,78055,78071,16
12.9801998138,80.2282562256,78071,78083,12
12.9806604385,80.2290496826,78083,78091,8
12.9809799194,80.2295837402,78091,78102,11
12.9814500809,80.2303085327,78102,78113,11
12.9816198349,80.2305831909,78113,78123,10
12.9816999435,80.2307434082,78123,78134,11
12.981880188,80.2312164307,78134,78144,10
12.9819602966,80.2317733765,78144,78154,10
12.9819602966,80.2323532104,78154,78164,10
12.9818401337,80.2329406738,78164,78174,10
12.9815397263,80.2335968018,78174,78194,20
12.9815397263,80.2335968018,78194,78204,10
12.9813899994,80.2339096069,78204,78214,10
12.9812002182,80.2343902588,78214,78224,10
12.9811601639,80.2352218628,78224,78235,11
12.9811897278,80.2361984253,78235,78245,10
12.9812297821,80.2371063232,78245,78255,10
12.9812602997,80.2378997803,78255,78265,10
12.9812602997,80.2381973267,78265,78275,10
12.9812803268,80.2387313843,78275,78295,20
12.9812803268,80.2387313843,78295,78305,10
12.9812803268,80.2389068604,78305,78315,10
12.9812803268,80.2393798828,78315,78325,10
12.981300354,80.2397766113,78325,78335,10
12.9813098907,80.2403106689,78335,78346,11
12.9813098907,80.2410202026,78346,78356,10
12.9813203812,80.2418136597,78356,78366,10
12.9813404083,80.2425079346,78366,78376,10
12.9813404083,80.2429733276,78376,78396,20
12.9813404083,80.2429733276,78396,78406,10
12.9813404083,80.2432937622,78406,78416,10
12.9813098907,80.2437667847,78416,78426,10
12.9812097549,80.2444000244,78426,78436,10
12.9811000824,80.2452087402,78436,78446,10
12.981010437,80.24609375,78446,78456,10
12.9808998108,80.2470932007,78456,78467,11
12.980799675,80.248260498,78467,78477,10
12.9807195663,80.2492980957,78477,78487,10
12.9805402756,80.2502975464,78487,78497,10
12.9802999496,80.2512512207,78497,78507,10
12.9800395966,80.2523269653,78507,78537,30
12.9800395966,80.2523269653,78537,78547,10
12.9800300598,80.2524719238,78547,78557,10
12.9802103043,80.2526397705,78557,78567,10
12.9803600311,80.2526626587,78567,78578,11
12.9808797836,80.2526626587,78578,78588,10
12.9815797806,80.2526321411,78588,78598,10
12.982460022,80.2526016235,78598,78608,10
12.9833097458,80.2525100708,78608,78618,10
12.984000206,80.2523269653,78618,78628,10
12.9844703674,80.2521972656,78628,78668,40
12.9844703674,80.2521972656,78668,78678,10
12.9846696854,80.2521133423,78678,78688,10
12.9851303101,80.2519836426,78688,78739,51
12.9851303101,80.2519836426,78739,78749,10
12.9853696823,80.2518997192,78749,78759,10
12.9857902527,80.2517929077,78759,78769,10
12.986240387,80.2516784668,78769,78779,10
12.9863004684,80.2516784668,78779,78789,10
12.986579895,80.2516021729,78789,78870,81
12.986579895,80.2516021729,78870,78880,10
12.9867801666,80.2515563965,78880,78890,10
12.9871301651,80.2514572144,78890,78900,10
12.987660408,80.2513580322,78900,79001,101
12.987660408,80.2513580322,79001,79011,10
12.9878501892,80.2515792847,79011,79021,10
12.9879598618,80.2520980835,79021,79031,10
12.9879302979,80.2527084351,79031,79042,11
12.987830162,80.2537612915,79042,79052,10
12.987739563,80.2546691895,79052,79062,10
12.9876499176,80.2557601929,79062,79132,70
12.9876499176,80.2557601929,79132,79142,10
12.987660408,80.2559204102,79142,79152,10
12.9875802994,80.2563018799,79152,79163,11
12.9875202179,80.2569732666,79163,79173,10
12.9874601364,80.2577133179,79173,79183,10
12.9873895645,80.2585678101,79183,79193,10
12.9872903824,80.2591934204,79193,79223,30
12.9872903824,80.2591934204,79223,79233,10
12.9871702194,80.2591400146,79233,79243,10
12.9872598648,80.2588424683,79243,79727,484
12.9872598648,80.2588424683,79727,79738,11
12.9873600006,80.2584991455,79738,79748,10
12.9874000549,80.2580490112,79748,79758,10
12.9874401093,80.2574005127,79758,79768,10
12.9875097275,80.2566299438,79768,79778,10
12.9875297546,80.2558288574,79778,79818,40
12.9875297546,80.2558288574,79818,79828,10
12.9875602722,80.2556381226,79828,79838,10
12.9876403809,80.2553787231,79838,79848,10
12.987660408,80.2551422119,79848,79859,11
12.9876699448,80.2548828125,79859,79869,10
12.9877004623,80.2547988892,79869,79879,10
12.9877195358,80.2544021606,79879,79889,10
12.9877595901,80.2537765503,79889,79905,16
12.9878501892,80.2525100708,79905,79917,12
12.9877300262,80.2516784668,79917,79925,8
12.9875001907,80.2516326904,79925,79937,12
12.9875001907,80.2516403198,79937,79947,10
12.9874401093,80.2517089844,79947,79957,10
12.9870796204,80.2517166138,79957,79967,10
12.9865598679,80.2518386841,79967,79978,11
12.9858102798,80.2520065308,79978,79988,10
12.9849700928,80.252243042,79988,79998,10
12.9840097427,80.2524871826,79998,80008,10
12.9829998016,80.2527008057,80008,80018,10
12.9821100235,80.2527389526,80018,80028,10
12.9810400009,80.2527694702,80028,80038,10
12.9798803329,80.2527389526,80038,80109,71
12.9798803329,80.2527389526,80109,80119,10
12.9798002243,80.2525177002,80119,80129,10
12.9798603058,80.252243042,80129,80139,10
12.9798803329,80.2521972656,80139,80149,10
12.9799404144,80.2519226074,80149,80159,10
12.9801101685,80.2514801025,80159,80169,10
12.9803104401,80.250831604,80169,80179,10
12.980509758,80.2500305176,80179,80189,10
12.9806604385,80.2491607666,80189,80199,10
12.9807195663,80.2482528687,80199,80210,11
12.980799675,80.2473220825,80210,80220,10
12.980890274,80.2464370728,80220,80230,10
12.9809799194,80.2455825806,80230,80240,10
12.9810800552,80.2447280884,80240,80250,10
12.9811496735,80.2439880371,80250,80260,10
12.981180191,80.2437591553,80260,80270,10
12.9812898636,80.2435684204,80270,80280,10
12.9813404083,80.2429275513,80280,80300,20
12.9813404083,80.2429275513,80300,80310,10
12.9813404083,80.2427597046,80310,80320,10
12.9813699722,80.2423782349,80320,80331,11
12.9813404083,80.2417221069,80331,80341,10
12.9813203812,80.2409210205,80341,80351,10
12.981300354,80.2400512695,80351,80361,10
12.9812803268,80.2393417358,80361,80371,10
12.9812698364,80.238609314,80371,80381,10
12.9812402725,80.2378768921,80381,80411,30
12.9812402725,80.2378768921,80411,80421,10
12.9812097549,80.2375106812,80421,80431,10
12.9812002182,80.2369613647,80431,80442,11
12.9812002182,80.2362213135,80442,80452,10
12.9811897278,80.2355270386,80452,80462,10
12.9811697006,80.23487854,80462,80472,10
12.9812097549,80.2342300415,80472,80482,10
12.9813699722,80.2338104248,80482,80492,10
12.9815502167,80.2334594727,80492,80502,10
12.9816598892,80.2331924438,80502,80512,10
12.9817199707,80.2330780029,80512,80522,10
12.9818601608,80.2327194214,80522,80532,10
12.9819698334,80.2322769165,80532,80542,10
12.9819402695,80.2317810059,80542,80552,10
12.9819002151,80.231300354,80552,80563,11
12.9816999435,80.2307662964,80563,80573,10
12.9813804626,80.2302322388,80573,80583,10
12.9809703827,80.2295684814,80583,80593,10
12.9807596207,80.2292327881,80593,80603,10
12.980629921,80.2290115356,80603,80613,10
12.9806098938,80.2289962769,80613,80623,10
12.9804496765,80.2287216187,80623,80633,10
12.9802799225,80.2284088135,80633,80643,10
12.9801597595,80.2281417847,80643,80653,10
12.9798803329,80.2276916504,80653,80663,10
12.9795103073,80.2270812988,80663,80674,11
12.979060173,80.2263183594,80674,80683,9
12.9786701202,80.2256622314,80683,80694,11
12.9781503677,80.2248077393,80694,80704,10
12.9778404236,80.2244033813,80704,80714,10
12.9777402878,80.2242279053,80714,80724,10
12.9775695801,80.2239379883,80724,80734,10
12.9773101807,80.2235031128,80734,80744,10
12.9769697189,80.2229385376,80744,80754,10
12.9767398834,80.2225723267,80754,80764,10
12.976360321,80.2219619751,80764,80774,10
12.975979805,80.2214202881,80774,80784,10
12.9756202698,80.221031189,80784,80815,31
12.9756202698,80.221031189,80815,80825,10
12.9755001068,80.2209091187,80825,80835,10
12.9753503799,80.2207794189,80835,80875,40
12.9753503799,80.2207794189,80875,80885,10
12.9753198624,80.2206115723,80885,80895,10
12.9755601883,80.2203521729,80895,80906,11
12.9760904312,80.2200698853,80906,80916,10
12.9767398834,80.2197799683,80916,80926,10
12.9774599075,80.2194900513,80926,80936,10
12.9781999588,80.2191696167,80936,80946,10
12.9787397385,80.2189788818,80946,80956,10
12.9793596268,80.2187194824,80956,80967,11
12.9801197052,80.2184066772,80967,80977,10
12.9808197021,80.2181625366,80977,80987,10
12.9819297791,80.2178268433,80987,81049,62
12.9819297791,80.2178268433,81049,81059,10
12.9823999405,80.2178421021,81059,81069,10
12.9827604294,80.2178421021,81069,81079,10
12.9833202362,80.2178421021,81079,81089,10
12.9837799072,80.2178421021,81089,81099,10
12.9838895798,80.2178726196,81099,81109,10
12.9842100143,80.2178268433,81109,81119,10
12.9846000671,80.2178268433,81119,81129,10
12.9852199554,80.2178268433,81129,81140,11
12.9860801697,80.2179412842,81140,81150,10
12.9868402481,80.2181091309,81150,81160,10
12.9873800278,80.2182235718,81160,81170,10
12.9874401093,80.2182388306,81170,81180,10
12.9878797531,80.2183380127,81180,81190,10
12.9885101318,80.2184677124,81190,81200,10
12.9891901016,80.2186889648,81200,81210,10
12.9899301529,80.2189407349,81210,81220,10
12.9907398224,80.2192077637,81220,81230,10
12.9915504456,80.2194137573,81230,81240,10
12.9920396805,80.2191467285,81240,81250,10
12.9926595688,80.2186889648,81250,81261,11
12.9934196472,80.218132019,81261,81271,10
12.994020462,80.2176971436,81271,81281,10
12.9944400787,80.2174224854,81281,81291,10
12.9947395325,80.2171936035,81291,81301,10
12.9947900772,80.2171630859,81301,81311,10
12.9949302673,80.2170410156,81311,81321,10
12.9953603745,80.2167892456,81321,81331,10
12.9959697723,80.2165908813,81331,81341,10
12.9967002869,80.216468811,81341,81351,10
12.9972600937,80.2162780762,81351,81361,10
12.9974899292,80.2160797119,81361,81372,11
12.9975996017,80.2160186768,81372,81382,10
12.9979496002,80.2156982422,81382,81392,10
12.9983797073,80.2153091431,81392,81402,10
12.9989595413,80.21484375,81402,81412,10
12.9992198944,80.2145996094,81412,81422,10
12.9996595383,80.2142333984,81422,81432,10
13.0000801086,80.2138824463,81432,81442,10
13.0005598068,80.2134170532,81442,81452,10
13.0011196136,80.2129821777,81452,81462,10
13.0015096664,80.212677002,81462,81472,10
13.0020399094,80.2123184204,81472,81482,10
13.0026597977,80.2120895386,81482,81493,11
13.0033502579,80.2120285034,81493,81503,10
13.0036296844,80.2118835449,81503,81513,10
13.0036802292,80.2117462158,81513,81523,10
13.0036802292,80.2113418579,81523,81533,10
13.0036401749,80.2107162476,81533,81543,10
13.0035600662,80.2100830078,81543,81553,10
13.0035600662,80.2093811035,81553,81563,10
13.003780365,80.2086791992,81563,81573,10
13.0044698715,80.2088317871,81573,81583,10
13.0053300858,80.2092208862,81583,81593,10
13.0061903,80.2095184326,81593,81604,11
13.0070400238,80.2097625732,81604,81614,10
13.007399559,80.2098007202,81614,81624,10
13.0074501038,80.2098388672,81624,81634,10
13.0077199936,80.2098999023,81634,81644,10
13.0078296661,80.2099304199,81644,81654,10
13.0080404282,80.2099609375,81654,81664,10
13.0081796646,80.2097473145,81664,81674,10
13.0080404282,80.2091827393,81674,81684,10
13.0079298019,80.2084274292,81684,81694,10
13.0077896118,80.207572937,81694,81704,10
13.0076398849,80.2066879272,81704,81714,10
13.007519722,80.2058181763,81714,81725,11
13.0075101852,80.2050323486,81725,81735,10
13.0074996948,80.2045211792,81735,81745,10
13.0074701309,80.2040100098,81745,81755,10
13.0073795319,80.2033004761,81755,81765,10
13.0070695877,80.202583313,81765,81775,10
13.0065498352,80.2028121948,81775,81785,10
13.0067195892,80.2033233643,81785,81795,10
13.0073003769,80.2036132813,81795,81805,10
13.0080604553,80.2037124634,81805,81815,10
13.0089797974,80.2036590576,81815,81825,10
13.009929657,80.2035980225,81825,81835,10
13.0109195709,80.20362854,81835,81846,11
13.0119800568,80.2037734985,81846,81856,10
13.0128803253,80.2039413452,81856,81866,10
13.0136203766,80.2041702271,81866,81876,10
13.0143299103,80.2044219971,81876,81886,10
13.0151596069,80.2047119141,81886,81896,10
13.0159597397,80.2050170898,81896,81906,10
13.0166196823,80.2052612305,81906,81916,10
13.0174303055,80.2054290771,81916,81925,9
13.0179300308,80.2056427002,81925,81936,11
13.0185804367,80.2058868408,81936,81946,10
13.0187597275,80.2059326172,81946,81957,11
13.0191898346,80.2060775757,81957,81967,10
13.0198202133,80.2062301636,81967,81977,10
13.0206003189,80.2062683105,81977,81987,10
13.0214996338,80.2062835693,81987,81997,10
13.0222597122,80.2062911987,81997,82007,10
13.0231399536,80.2064590454,82007,82017,10
13.0241003036,80.2066421509,82017,82027,10
13.0249004364,80.2068023682,82027,82037,10
13.0258197784,80.2071304321,82037,82047,10
13.026599884,80.2075881958,82047,82057,10
13.0273704529,80.2080383301,82057,82067,10
13.0281400681,80.2084274292,82067,82078,11
13.0289802551,80.2086715698,82078,82088,10
13.0301198959,80.2089614868,82088,82108,20
13.0301198959,80.2089614868,82108,82118,10
13.0302000046,80.2089996338,82118,82128,10
13.0305995941,80.2091598511,82128,82138,10
13.0313396454,80.2093276978,82138,82148,10
13.0321502686,80.2095413208,82148,82158,10
13.0328598022,80.2096405029,82158,82174,16
13.0340900421,80.2098999023,82174,82187,13
13.035030365,80.2101898193,82187,82198,11
13.0350103378,80.2108383179,82198,82208,10
13.0349998474,80.2113113403,82208,82218,10
13.0349798203,80.2114181519,82218,82228,10
13.034910202,80.211807251,82228,82238,10
13.034910202,80.2119293213,82238,82248,10
13.0348901749,80.2120513916,82248,82257,9
13.0351200104,80.2121963501,82257,82268,11
13.0356903076,80.2122497559,82268,82278,10
13.036450386,80.2122802734,82278,82288,10
13.0372800827,80.212272644,82288,82298,10
13.0381698608,80.212272644,82298,82308,10
13.0391101837,80.2122573853,82308,82319,11
13.040140152,80.2122497559,82319,82329,10
13.0411300659,80.2122802734,82329,82339,10
13.0421199799,80.2122421265,82339,82349,10
13.0430402756,80.2122268677,82349,82359,10
13.0437498093,80.2122268677,82359,82369,10
13.0439596176,80.2121963501,82369,82379,10
13.0443897247,80.2122116089,82379,82389,10
13.0449399948,80.2121963501,82389,82399,10
13.0456695557,80.2121810913,82399,82409,10
13.0464496613,80.2121505737,82409,82419,10
13.047249794,80.212097168,82419,82430,11
13.048119545,80.2120437622,82430,82440,10
13.0486602783,80.2119598389,82440,82450,10
13.0488595963,80.2119598389,82450,82460,10
13.0497903824,80.2118911743,82460,82510,50
13.0497903824,80.2118911743,82510,82520,10
13.0501203537,80.2118530273,82520,82530,10
13.050620079,80.2119064331,82530,82541,11
13.0512199402,80.212020874,82541,82551,10
13.0521202087,80.2119293213,82551,82561,10
13.0530195236,80.2117233276,82561,82571,10
13.0539503098,80.2114486694,82571,82581,10
13.054690361,80.2113265991,82581,82591,10
13.0554199219,80.2113189697,82591,82601,10
13.0563001633,80.2113494873,82601,82611,10
13.057220459,80.2113571167,82611,82621,10
13.0576295853,80.2113723755,82621,82631,10
13.0578203201,80.2113876343,82631,82641,10
13.058380127,80.2114105225,82641,82652,11
13.0591402054,80.2114486694,82652,82662,10
13.0598497391,80.2115020752,82662,82672,10
13.0607099533,80.2115325928,82672,82682,10
13.0614595413,80.2115707397,82682,82692,10
13.0620603561,80.2116317749,82692,82702,10
13.0628404617,80.2115325928,82702,82711,9
13.0632200241,80.2115020752,82711,82722,11
13.0633897781,80.2115020752,82722,82732,10
13.0638904572,80.211479187,82732,82742,10
13.0644302368,80.2113494873,82742,82752,10
13.0650396347,80.2110671997,82752,82762,10
13.0656795502,80.2106018066,82762,82773,11
13.0663900375,80.2100219727,82773,82783,10
13.0669803619,80.2093811035,82783,82793,10
13.0674295425,80.2086486816,82793,82803,10
13.0678701401,80.2079696655,82803,82813,10
13.0682201385,80.2073898315,82813,82823,10
13.0687904358,80.2065200806,82823,82833,10
13.0692396164,80.2058410645,82833,82843,10
13.0695800781,80.2052764893,82843,82853,10
13.0696697235,80.2049026489,82853,82863,10
13.0693998337,80.2048110962,82863,82873,10
13.0690002441,80.2050170898,82873,82883,10
13.0685901642,80.2052764893,82883,82894,11
13.0680503845,80.2051086426,82894,83085,191
13.0683698654,80.2050018311,83085,83176,91
13.0683698654,80.2050018311,83176,83186,10
13.0684204102,80.2049789429,83186,83196,10
13.0686597824,80.2048110962,83196,83206,10
13.0691404343,80.2046966553,83206,83216,10
13.0697603226,80.2048568726,83216,83247,31
13.0697603226,80.2048568726,83247,83257,10
13.0698404312,80.2049407959,83257,83267,10
13.0698204041,80.2052536011,83267,83277,10
13.0694999695,80.2057418823,83277,83287,10
13.0690803528,80.2063980103,83287,83297,10
13.0686998367,80.2070083618,83297,83307,10
13.0681400299,80.2079162598,83307,83317,10
13.0676603317,80.2086791992,83317,83327,10
13.0671796799,80.2093963623,83327,83337,10
13.0665597916,80.2101135254,83337,83348,11
13.0657997131,80.2107086182,83348,83358,10
13.0651197433,80.2112426758,83358,83368,10
13.0643997192,80.2116088867,83368,83378,10
13.0636796951,80.2117614746,83378,83388,10
13.0629901886,80.2117767334,83388,83398,10
13.0622196198,80.211807251,83398,83407,9
13.0615596771,80.2118682861,83407,83417,10
13.0607204437,80.2117614746,83417,83428,11
13.0599498749,80.2117004395,83428,83438,10
13.0588502884,80.2116394043,83438,83448,10
13.0579996109,80.2116088867,83448,83458,10
13.0571203232,80.2115936279,83458,83469,11
13.056139946,80.2115707397,83469,83479,10
13.055270195,80.2115707397,83479,83489,10
13.0544099808,80.2115783691,83489,83499,10
13.0536403656,80.2117614746,83499,83509,10
13.0528202057,80.2119674683,83509,83519,10
13.0520601273,80.2121734619,83519,83529,10
13.0513601303,80.2122116089,83529,83539,10
13.0501203537,80.2121582031,83539,83577,38
13.0501203537,80.2121582031,83577,83588,11
13.0498199463,80.2120819092,83588,83658,70
13.0498199463,80.2120819092,83658,83668,10
13.0498199463,80.2115020752,83668,83678,10
13.0496997833,80.2109603882,83678,83688,10
13.0496397018,80.2104187012,83688,83699,11
13.0495300293,80.2096786499,83699,83709,10
13.0494499207,80.209022522,83709,83719,10
13.0493202209,80.208366394,83719,83729,10
13.0490903854,80.2077102661,83729,83739,10
13.0488700867,80.2070999146,83739,83749,10
13.0489301682,80.2068481445,83749,83759,10
13.0493602753,80.206817627,83759,83799,40
13.0493602753,80.206817627,83799,83810,11
13.0494604111,80.2069015503,83810,83820,10
13.0495901108,80.2068862915,83820,83830,10
13.0498504639,80.2068862915,83830,83840,10
13.050160408,80.2069091797,83840,83920,80
13.050160408,80.2069091797,83920,83931,11
13.050860405,80.2070465088,83931,84173,242
13.050860405,80.2070465088,84173,84183,10
13.0509901047,80.2070999146,84183,84193,10
13.0508804321,80.2072372437,84193,84203,10
13.0506000519,80.2069320679,84203,84233,30
13.0506000519,80.2069320679,84233,84243,10
13.0504598618,80.2068405151,84243,84253,10
13.0501699448,80.2068862915,84253,84475,222
13.0500097275,80.2071914673,84475,84526,51
13.0501003265,80.2068862915,84526,84678,152
13.0501499176,80.2070617676,84678,84718,40
13.0501499176,80.2070617676,84718,84728,10
13.050160408,80.2068023682,84728,84779,51
