13.0756998062,80.2762832642,3259,3259,0
13.076089859,80.2759933472,3259,3289,30
13.0761299133,80.2759780884,3289,3767,478
13.0760002136,80.273399353,3767,26400,22633
13.075969696,80.275932312,26400,28195,1795
13.0760698318,80.2763137817,28195,28224,29
13.0779104233,80.2761764526,28224,28257,33
13.0791397095,80.2751693726,28257,28286,29
13.0810604095,80.2751998901,28286,28317,31
13.0812101364,80.2751998901,28317,28347,30
13.0817403793,80.2755966187,28347,28378,31
13.0817403793,80.2755966187,28378,28408,30
13.0820798874,80.2778701782,28408,28418,10
13.082159996,80.278678894,28418,28429,11
13.0822401047,80.2796173096,28429,28437,8
13.0823202133,80.2803726196,28437,28450,13
13.082400322,80.2815933228,28450,28460,10
13.0829801559,80.2821578979,28460,28470,10
13.083820343,80.2826766968,28470,28480,10
13.0846204758,80.2832183838,28480,28490,10
13.0851802826,80.2837219238,28490,28500,10
13.0855102539,80.2836380005,28500,28510,10
13.0858297348,80.2835693359,28510,28520,10
13.086139679,80.2835693359,28520,28530,10
13.086520195,80.2837371826,28530,28541,11
13.0868597031,80.2839736938,28541,28551,10
13.0871496201,80.2839508057,28551,28561,10
13.0875501633,80.2839736938,28561,28571,10
13.087770462,80.2839813232,28571,28682,111
13.0878295898,80.2839889526,28682,28722,40
13.0878295898,80.2839889526,28722,28732,10
13.0880498886,80.2839889526,28732,28752,20
13.0880498886,80.2839889526,28752,28763,11
13.0881595612,80.2838516235,28763,28773,10
13.0882501602,80.2835922241,28773,28783,10
13.0883197784,80.2833709717,28783,28793,10
13.0883197784,80.282913208,28793,28803,10
13.0882997513,80.2823791504,28803,28813,10
13.0881500244,80.2817687988,28813,28823,10
13.0881795883,80.2814102173,28823,28833,10
13.0886001587,80.281578064,28833,28843,10
13.0885095596,80.2820968628,28843,28853,10
13.0883998871,80.2825927734,28853,28864,11
13.088350296,80.2832565308,28864,28875,11
13.0883798599,80.2839202881,28875,28885,10
13.0884504318,80.2851715088,28885,28964,79
13.0884504318,80.2851715088,28964,28975,11
13.088470459,80.2855224609,28975,28986,11
13.08852005,80.2861633301,28986,28994,8
13.08852005,80.2864379883,28994,29006,12
13.0885601044,80.2870101929,29006,29014,8
13.0886001587,80.2874069214,29014,29024,10
13.0886201859,80.287651062,29024,29034,10
13.0887203217,80.2882080078,29034,29046,12
13.0887298584,80.2886123657,29046,29056,10
13.0887403488,80.2892837524,29056,29074,18
13.0887403488,80.2892837524,29074,29084,10
13.0887203217,80.2894515991,29084,29097,13
13.0886898041,80.2897491455,29097,29107,10
13.0886602402,80.2901000977,29107,29117,10
13.0887098312,80.2904129028,29117,29127,10
13.0884399414,80.2903671265,29127,29137,10
13.0879001617,80.2900695801,29137,29147,10
13.0872097015,80.2897415161,29147,29157,10
13.0863800049,80.2894821167,29157,29167,10
13.0854301453,80.2892608643,29167,29177,10
13.0845603943,80.2891921997,29177,29187,10
13.0837602615,80.2892379761,29187,29197,10
13.0830097198,80.2892303467,29197,29208,11
13.0820999146,80.2888717651,29208,29218,10
13.0812501907,80.2885818481,29218,29228,10
13.0805301666,80.2883529663,29228,29238,10
13.0801200867,80.2882385254,29238,29248,10
13.0794897079,80.2881317139,29248,29258,10
13.0788002014,80.2878417969,29258,29268,10
13.0779800415,80.2875976563,29268,29278,10
13.0771198273,80.2873764038,29278,29288,10
13.0762195587,80.2871627808,29288,29298,10
13.075340271,80.2868270874,29298,29308,10
13.0745897293,80.2863082886,29308,29319,11
13.0737304688,80.2860488892,29319,29329,10
13.0730495453,80.2857971191,29329,29339,10
13.0723304749,80.2854232788,29339,29349,10
13.0714302063,80.2851791382,29349,29359,10
13.0704202652,80.2849273682,29359,29369,10
13.0694103241,80.2846984863,29369,29379,10
13.0684700012,80.2844696045,29379,29389,10
13.0675897598,80.2843170166,29389,29399,10
13.066570282,80.2841033936,29399,29409,10
13.0655498505,80.2838668823,29409,29419,10
13.0642299652,80.2835922241,29419,29440,21
13.0642299652,80.2835922241,29440,29450,10
13.0641298294,80.2835693359,29450,29460,10
13.0636901855,80.2834625244,29460,29470,10
13.0630197525,80.2832794189,29470,29480,10
13.0624198914,80.2831268311,29480,29490,10
13.0622901917,80.2830963135,29490,29500,10
13.0617904663,80.2829818726,29500,29510,10
13.0610399246,80.2827987671,29510,29520,10
13.0601596832,80.2826080322,29520,29530,10
13.0591602325,80.282409668,29530,29540,10
13.058139801,80.2822036743,29540,29551,11
13.0572500229,80.282043457,29551,29561,10
13.0568704605,80.2819595337,29561,29571,10
13.056810379,80.2819366455,29571,29581,10
13.0563602448,80.2818374634,29581,29591,10
13.0558204651,80.2817382813,29591,29601,10
13.0550804138,80.2815628052,29601,29611,10
13.0541696548,80.2813796997,29611,29621,10
13.0531797409,80.2812194824,29621,29633,12
13.05189991,80.2810211182,29633,29643,10
13.050860405,80.2808837891,29643,29654,11
13.0496997833,80.2807006836,29654,29665,11
13.0484199524,80.2805099487,29665,29676,11
13.0471401215,80.2803268433,29676,29685,9
13.0461196899,80.2801895142,29685,29695,10
13.0449895859,80.2800521851,29695,29705,10
13.0441198349,80.2799301147,29705,29714,9
13.0435304642,80.2798461914,29714,29726,12
13.0425701141,80.2796096802,29726,29736,10
13.0415296555,80.2794418335,29736,29746,10
13.0404996872,80.2792434692,29746,29756,10
13.0396995544,80.2790374756,29756,29767,11
13.0391798019,80.2789306641,29767,29777,10
13.0390796661,80.2788772583,29777,29787,10
13.0387496948,80.2787475586,29787,29797,10
13.038189888,80.2785720825,29797,29807,10
13.0376501083,80.2784194946,29807,29817,10
13.0372200012,80.2782974243,29817,29827,10
13.0366601944,80.2780990601,29827,29837,10
13.0361499786,80.277923584,29837,29847,10
13.0357704163,80.2778167725,29847,29857,10
13.0354204178,80.2777481079,29857,29867,10
13.0348501205,80.2776412964,29867,29878,11
13.0340995789,80.2774581909,29878,29888,10
13.0334796906,80.2773895264,29888,29898,10
13.0328502655,80.2774963379,29898,29908,10
13.0323495865,80.2775421143,29908,29918,10
13.0316696167,80.2776107788,29918,29928,10
13.0310297012,80.2773590088,29928,29948,20
13.0310297012,80.2773590088,29948,29958,10
13.0309495926,80.2772674561,29958,29968,10
13.0305700302,80.2770385742,29968,29978,10
13.0298995972,80.2767791748,29978,29989,11
13.0290899277,80.2765808105,29989,29999,10
13.0284700394,80.2763137817,29999,30009,10
13.0276699066,80.2759780884,30009,30019,10
13.026720047,80.2756118774,30019,30029,10
13.0260896683,80.2753219604,30029,30049,20
13.0260896683,80.2753219604,30049,30059,10
13.0257196426,80.275100708,30059,30069,10
13.0250597,80.274848938,30069,30079,10
13.0244398117,80.2744674683,30079,30089,10
13.0243196487,80.2743606567,30089,30100,11
13.0242395401,80.2742462158,30100,30110,10
13.0240097046,80.27394104,30110,30120,10
13.0236997604,80.2735290527,30120,30130,10
13.0233602524,80.2730636597,30130,30140,10
13.0230302811,80.2726593018,30140,30190,50
13.0230302811,80.2726593018,30190,30199,9
13.0227603912,80.2723236084,30199,30211,12
13.0224504471,80.2719268799,30211,30221,10
13.0222196579,80.2716293335,30221,30231,10
13.0220003128,80.2713394165,30231,30241,10
13.0218801498,80.2711791992,30241,30311,70
13.0218801498,80.2711791992,30311,30322,11
13.0216197968,80.2708206177,30322,30332,10
13.0214595795,80.2706222534,30332,30342,10
13.0212402344,80.270362854,30342,30352,10
13.0210399628,80.270111084,30352,30473,121
13.0210399628,80.270111084,30473,30483,10
13.0207996368,80.2698287964,30483,30493,10
13.0205402374,80.2695007324,30493,30503,10
13.0201301575,80.2689666748,30503,30513,10
13.019659996,80.268409729,30513,30523,10
13.0191698074,80.2678375244,30523,30533,10
13.0188598633,80.2674407959,30533,30544,11
13.0186796188,80.2668380737,30544,30554,10
13.0185899734,80.2661514282,30554,30564,10
13.0186595917,80.2657089233,30564,30574,10
13.0188102722,80.2651596069,30574,30584,10
13.0190000534,80.264541626,30584,30594,10
13.0190296173,80.2638397217,30594,30604,10
13.0190000534,80.263458252,30604,30614,10
13.0189304352,80.2630004883,30614,30624,10
13.0188503265,80.262298584,30624,30634,10
13.0187501907,80.2615814209,30634,30644,10
13.0184497833,80.261177063,30644,30654,10
13.0180597305,80.2609176636,30654,30664,10
13.0176095963,80.2606124878,30664,30676,12
13.0168800354,80.2601394653,30676,30686,10
13.016289711,80.2598114014,30686,30694,8
13.0161895752,80.2597503662,30694,30704,10
13.0161399841,80.2597122192,30704,30716,12
13.0156402588,80.2594985962,30716,30726,10
13.0149202347,80.2593536377,30726,30736,10
13.0140895844,80.2593002319,30736,30745,9
13.0132398605,80.259262085,30745,30755,10
13.0122098923,80.2592163086,30755,30767,12
13.0109596252,80.2591781616,30767,30777,10
13.0098199844,80.2591705322,30777,30787,10
13.008769989,80.259147644,30787,30797,10
13.0078296661,80.2589569092,30797,30805,8
13.0071897507,80.2584991455,30805,30815,10
13.006649971,80.2576293945,30815,30825,10
13.006529808,80.2565765381,30825,30835,10
13.0065402985,80.2554779053,30835,30845,10
13.0065002441,80.2543563843,30845,30857,12
13.006480217,80.2540206909,30857,30865,8
13.0064897537,80.2539215088,30865,30875,10
13.0065097809,80.2534103394,30875,30888,13
13.0065097809,80.252532959,30888,30898,10
13.0066204071,80.2519989014,30898,30948,50
13.0066204071,80.2519989014,30948,30958,10
13.0067100525,80.2519302368,30958,30968,10
13.0067396164,80.2514190674,30968,30978,10
13.0067300797,80.2507476807,30978,30985,7
13.0067195892,80.2504425049,30985,30999,14
13.0067195892,80.2496032715,30999,31009,10
13.0067195892,80.2492523193,31009,31019,10
13.0067100525,80.2489471436,31019,31110,91
13.0067100525,80.2489471436,31110,31120,10
13.0066900253,80.2486801147,31120,31130,10
13.0066795349,80.2484207153,31130,31140,10
13.006649971,80.2479629517,31140,31150,10
13.0066404343,80.2473678589,31150,31160,10
13.0066099167,80.2467727661,31160,31170,10
13.0065898895,80.2465591431,31170,31180,10
13.0066099167,80.2464599609,31180,31190,10
13.0066204071,80.24609375,31190,31200,10
13.0066099167,80.2457199097,31200,31210,10
13.0066099167,80.2454833984,31210,31221,11
13.0066204071,80.2452316284,31221,31231,10
13.0066099167,80.2448730469,31231,31241,10
13.0066204071,80.2446365356,31241,31251,10
13.0066204071,80.2444076538,31251,31261,10
13.0066099167,80.244102478,31261,31271,10
13.0066003799,80.2437591553,31271,31281,10
13.0066099167,80.2434768677,31281,31291,10
13.0065898895,80.2429733276,31291,31301,10
13.0065803528,80.2421722412,31301,31311,10
13.0065898895,80.2412414551,31311,31321,10
13.0066900253,80.2405166626,31321,31362,41
13.0066900253,80.2405166626,31362,31372,10
13.006770134,80.2401580811,31372,31382,10
13.0069198608,80.2396774292,31382,31392,10
13.007060051,80.2388305664,31392,31402,10
13.0071897507,80.237953186,31402,31412,10
13.0073404312,80.2372817993,31412,31422,10
13.007399559,80.2367630005,31422,31432,10
13.0074100494,80.2367324829,31432,31443,11
13.0075101852,80.2364730835,31443,31453,10
13.0076398849,80.2358703613,31453,31463,10
13.0077896118,80.2350387573,31463,31473,10
13.0079898834,80.2340621948,31473,31483,10
13.0082302094,80.2329025269,31483,31493,10
13.0085000992,80.2316513062,31493,31503,10
13.0087299347,80.2304534912,31503,31513,10
13.0089597702,80.2292785645,31513,31523,10
13.0092096329,80.2281036377,31523,31533,10
13.0096902847,80.2269821167,31533,31543,10
13.0101804733,80.2259292603,31543,31554,11
13.0104799271,80.2252807617,31554,31564,10
13.0107402802,80.2247161865,31564,31574,10
13.0109996796,80.2240829468,31574,31584,10
13.0111703873,80.2236785889,31584,31594,10
13.0113201141,80.2233200073,31594,31604,10
13.0110197067,80.2230300903,31604,31614,10
13.0103397369,80.2227096558,31614,31624,10
13.0095996857,80.2223129272,31624,31634,10
13.0088300705,80.2218933105,31634,31644,10
13.008020401,80.2214431763,31644,31654,10
13.0071802139,80.2210235596,31654,31664,10
13.0063896179,80.2206802368,31664,31675,11
13.0053501129,80.2204437256,31675,31685,10
13.0044403076,80.2201919556,31685,31695,10
13.0037698746,80.2200393677,31695,31705,10
13.0030202866,80.2198486328,31705,31715,10
13.0022802353,80.219367981,31715,31725,10
13.001709938,80.2187194824,31725,31735,10
13.0011901855,80.2183227539,31735,31746,11
13.0006504059,80.2179718018,31746,31756,10
13.0000801086,80.2176132202,31756,31766,10
12.9995498657,80.2172927856,31766,31776,10
12.9988603592,80.2169265747,31776,31789,13
12.9975500107,80.2165603638,31789,31809,20
12.9975500107,80.2165603638,31809,31819,10
12.9972400665,80.2165374756,31819,31829,10
12.9967403412,80.216583252,31829,31839,10
12.9960803986,80.2166824341,31839,31849,10
12.9955501556,80.2168197632,31849,31859,10
12.9952602386,80.2169494629,31859,31890,31
12.9952602386,80.2169494629,31890,31900,10
12.9950304031,80.217048645,31900,31910,10
12.99477005,80.2172317505,31910,31920,10
12.9942798615,80.2175979614,31920,31930,10
12.9936304092,80.2180709839,31930,31940,10
12.9930400848,80.2184677124,31940,31950,10
12.9926795959,80.2187423706,31950,31960,10
12.9920597076,80.2192382813,31960,31970,10
12.991350174,80.2196807861,31970,31980,10
12.9909200668,80.2200164795,31980,31990,10
12.9908599854,80.2201004028,31990,32000,10
12.9905500412,80.2203292847,32000,32011,11
12.9900598526,80.220703125,32011,32021,10
12.9896402359,80.221206665,32021,32031,10
12.9892301559,80.2217636108,32031,32041,10
12.9885702133,80.2224578857,32041,32051,10
12.9879598618,80.2229614258,32051,32061,10
12.9873199463,80.2230834961,32061,32071,10
12.9868803024,80.2229995728,32071,32081,10
12.9861898422,80.2229385376,32081,32091,10
12.98554039,80.2231903076,32091,32101,10
12.9850997925,80.2232513428,32101,32111,10
12.9844198227,80.22290802,32111,32122,11
12.9837999344,80.2225418091,32122,32132,10
12.9834403992,80.222328186,32132,32142,10
12.9832801819,80.2222290039,32142,32152,10
12.9829998016,80.2220687866,32152,32162,10
12.9825601578,80.2219085693,32162,32172,10
12.9819297791,80.2216033936,32172,32182,10
12.9811697006,80.2211532593,32182,32192,10
12.9803199768,80.2211074829,32192,32202,10
12.9794397354,80.2211608887,32202,32212,10
12.9785995483,80.2211990356,32212,32222,10
12.9779596329,80.2212295532,32222,32233,11
12.9775295258,80.2212524414,32233,32243,10
12.9769001007,80.221282959,32243,32253,10
12.9764499664,80.2212524414,32253,32263,10
12.9761600494,80.2213516235,32263,32273,10
12.9762601852,80.2216567993,32273,32283,10
12.976559639,80.2221298218,32283,32495,212
12.9764900208,80.2221298218,32495,32718,223
12.9764900208,80.2221298218,32718,32727,9
12.9766702652,80.222328186,32727,32737,10
12.9768695831,80.2226333618,32737,32748,11
12.9771995544,80.2227478027,32748,32757,9
12.9775104523,80.2226791382,32757,32767,10
12.977519989,80.2224197388,32767,32776,9
12.9774999619,80.2219619751,32776,32788,12
12.9774703979,80.2213516235,32788,32799,11
12.977519989,80.2211837769,32799,32809,10
12.9776802063,80.2211837769,32809,32819,10
12.9780797958,80.2211914063,32819,32829,10
12.9786596298,80.2211532593,32829,32839,10
12.9792900085,80.2211074829,32839,32849,10
12.9799900055,80.2210617065,32849,32859,10
12.9807100296,80.2210083008,32859,32869,10
12.9814195633,80.2211914063,32869,32876,7
12.9818296432,80.2214736938,32876,32889,13
12.9827003479,80.2218704224,32889,32910,21
12.9827003479,80.2218704224,32910,32920,10
12.9829797745,80.2219924927,32920,32940,20
12.9829797745,80.2219924927,32940,32950,10
12.9833202362,80.2221908569,32950,32960,10
12.9836597443,80.222442627,32960,32970,10
12.9841098785,80.2226867676,32970,32980,10
12.9845504761,80.2229690552,32980,32990,10
12.9850101471,80.2232131958,32990,33000,10
12.9855003357,80.2232284546,33000,33010,10
12.9860496521,80.2229690552,33010,33021,11
12.9865398407,80.2229614258,33021,33031,10
12.9867601395,80.2229919434,33031,33041,10
12.9872703552,80.2230682373,33041,33051,10
12.987830162,80.2229995728,33051,33061,10
12.9884004593,80.2225570679,33061,33071,10
12.9890298843,80.2219009399,33071,33081,10
12.9896001816,80.2211532593,33081,33091,10
12.9901895523,80.2205123901,33091,33101,10
12.9905996323,80.2202072144,33101,33111,10
12.9910802841,80.2198562622,33111,33121,10
12.9916095734,80.2194595337,33121,33132,11
12.9923200607,80.2189407349,33132,33142,10
12.9930295944,80.2184066772,33142,33152,10
12.9937400818,80.2179031372,33152,33162,10
12.99421978,80.2175369263,33162,33182,20
12.99421978,80.2175369263,33182,33192,10
12.9944000244,80.2174072266,33192,33202,10
12.9947004318,80.2171936035,33202,33211,9
12.9950199127,80.2169723511,33211,33222,11
12.9954500198,80.2167282104,33222,33232,10
12.9959001541,80.2166213989,33232,33293,61
12.9959001541,80.2166213989,33293,33303,10
12.9962596893,80.2165908813,33303,33313,10
12.9964704514,80.2165527344,33313,33323,10
12.9968204498,80.2165298462,33323,33333,10
12.9975700378,80.2164764404,33333,33354,21
12.9975700378,80.2164764404,33354,33364,10
12.997759819,80.216506958,33364,33374,10
12.9982700348,80.2165985107,33374,33384,10
12.9989404678,80.2169036865,33384,33394,10
12.9996595383,80.2173233032,33394,33404,10
13.0003595352,80.2177429199,33404,33414,10
13.0009899139,80.2181472778,33414,33423,9
13.0015201569,80.2185211182,33423,33435,12
13.0022201538,80.2192306519,33435,33445,10
13.0028896332,80.2197570801,33445,33455,10
13.0036497116,80.2199935913,33455,33464,9
13.0043201447,80.2201385498,33464,33476,12
13.0048503876,80.2202529907,33476,33486,10
13.004940033,80.2202835083,33486,33496,10
13.0053596497,80.2203979492,33496,33506,10
13.0061101913,80.2205581665,33506,33516,10
13.0068798065,80.2207565308,33516,33526,10
13.0077295303,80.2212371826,33526,33536,10
13.0086603165,80.2217178345,33536,33546,10
13.0094804764,80.2221832275,33546,33557,11
13.0105600357,80.2227630615,33557,33567,10
13.0114002228,80.2231216431,33567,33639,72
13.0114002228,80.2231216431,33639,33647,8
13.0115299225,80.22315979,33647,33657,10
13.0117197037,80.2233886719,33657,33667,10
13.0122900009,80.2237014771,33667,33677,10
13.013010025,80.2240829468,33677,33687,10
13.0137796402,80.2244720459,33687,33700,13
13.014749527,80.2249832153,33700,33710,10
13.0152902603,80.2252883911,33710,33730,20
13.0152902603,80.2252883911,33730,33740,10
13.0153999329,80.2253723145,33740,33750,10
13.0154495239,80.2256393433,33750,33760,10
13.0150299072,80.2259597778,33760,33770,10
13.0149698257,80.2259979248,33770,33780,10
13.0147399902,80.2261199951,33780,33790,10
13.0141401291,80.2263336182,33790,33797,7
13.0135698318,80.2265625,33797,33811,14
13.012169838,80.2270965576,33811,33821,10
13.0111503601,80.2275238037,33821,33831,10
13.0100498199,80.2279510498,33831,33841,10
13.0092000961,80.2285079956,33841,33851,10
13.0089702606,80.2294921875,33851,33861,10
13.0087795258,80.2305603027,33861,33871,10
13.008649826,80.2313537598,33871,33881,10
13.0085401535,80.2319564819,33881,33891,10
13.0084695816,80.2323226929,33891,33901,10
13.0084104538,80.2326507568,33901,33911,10
13.0083599091,80.2329177856,33911,33922,11
13.0083503723,80.2332687378,33922,33942,20
13.0083503723,80.2332687378,33942,33952,10
13.0083198547,80.2334823608,33952,34053,101
13.0083198547,80.2334823608,34053,34063,10
13.0082302094,80.2337493896,34063,34073,10
13.0081501007,80.2339630127,34073,34083,10
13.0080099106,80.2346725464,34083,34113,30
13.0080099106,80.2346725464,34113,34123,10
13.0079498291,80.2350769043,34123,34133,10
13.0077800751,80.2359237671,34133,34154,21
13.0077800751,80.2359237671,34154,34164,10
13.0077400208,80.2360916138,34164,34174,10
13.0076799393,80.2363815308,34174,34194,20
13.0076799393,80.2363815308,34194,34204,10
13.007610321,80.2367477417,34204,34275,71
13.007610321,80.2367477417,34275,34285,10
13.0075101852,80.2370605469,34285,34295,10
13.0074100494,80.2374801636,34295,34305,10
13.007349968,80.2378463745,34305,34315,10
13.0073099136,80.2381591797,34315,34325,10
13.0072498322,80.2384872437,34325,34335,10
13.0071401596,80.2389526367,34335,34345,10
13.0070400238,80.2395324707,34345,34355,10
13.006939888,80.2402801514,34355,34364,9
13.0068998337,80.2406768799,34364,34376,12
13.0068597794,80.2408370972,34376,34386,10
13.0067796707,80.2414932251,34386,34396,10
13.006770134,80.2420196533,34396,34446,50
13.006770134,80.2420196533,34446,34456,10
13.0067796707,80.2424087524,34456,34466,10
13.0067796707,80.24243927,34466,34476,10
13.0067501068,80.2426223755,34476,34487,11
13.0067300797,80.2430114746,34487,34497,10
13.0067195892,80.2432098389,34497,34507,10
13.0067195892,80.2435302734,34507,34517,10
13.0067300797,80.2439727783,34517,34528,11
13.0067300797,80.2440338135,34528,34537,9
13.0067501068,80.2444000244,34537,34587,50
13.0067501068,80.2444000244,34587,34597,10
13.0067396164,80.2447280884,34597,34607,10
13.0067501068,80.245010376,34607,34617,10
13.006770134,80.2454376221,34617,34629,12
13.0067996979,80.246307373,34629,34638,9
13.006819725,80.2469787598,34638,34648,10
13.0067901611,80.2477722168,34648,34658,10
13.0068302155,80.2486801147,34658,34668,10
13.0068702698,80.2495498657,34668,34679,11
13.0069198608,80.2505111694,34679,34688,9
13.0069599152,80.2509765625,34688,34699,11
13.0069503784,80.251121521,34699,34710,11
13.0069103241,80.2514419556,34710,34720,10
13.0067501068,80.2520828247,34720,34730,10
13.0066795349,80.2529678345,34730,34738,8
13.006649971,80.2538223267,34738,34748,10
13.0066795349,80.254699707,34748,34760,12
13.0066699982,80.2555084229,34760,34768,8
13.0066995621,80.2562713623,34768,34778,10
13.0066995621,80.2570571899,34778,34808,30
13.0066995621,80.2570571899,34808,34821,13
13.0067996979,80.2576828003,34821,34831,10
13.0071802139,80.2583694458,34831,34841,10
13.0079202652,80.2587814331,34841,34851,10
13.0084495544,80.2589492798,34851,34861,10
13.0085601807,80.2589874268,34861,34871,10
13.008600235,80.2590026855,34871,34881,10
13.0087795258,80.2590637207,34881,34891,10
13.008939743,80.2590789795,34891,34901,10
13.0094404221,80.2590866089,34901,34911,10
13.0102701187,80.2590866089,34911,34922,11
13.0113201141,80.2590789795,34922,34932,10
13.012430191,80.2590789795,34932,34942,10
13.0130596161,80.2591018677,34942,34952,10
13.0132303238,80.2591094971,34952,34962,10
13.0135698318,80.2591171265,34962,34972,10
13.0138397217,80.2591323853,34972,34982,10
13.0139799118,80.2591323853,34982,34992,10
13.0140399933,80.2591323853,34992,35002,10
13.0142097473,80.2591400146,35002,35012,10
13.0144300461,80.2591400146,35012,35022,10
13.0145998001,80.259147644,35022,35032,10
13.0147800446,80.259147644,35032,35042,10
13.0148801804,80.2591629028,35042,35053,11
13.0149698257,80.2591629028,35053,35063,10
13.0152597427,80.2591781616,35063,35073,10
13.0154895782,80.2592086792,35073,35083,10
13.015709877,80.2592773438,35083,35093,10
13.015879631,80.2593612671,35093,35103,10
13.0162801743,80.2595825195,35103,35123,20
13.0162801743,80.2595825195,35123,35133,10
13.0164899826,80.2597198486,35133,35143,10
13.0166797638,80.2599029541,35143,35154,11
13.0169496536,80.2600784302,35154,35164,10
13.0172700882,80.2602920532,35164,35174,10
13.0174303055,80.2604064941,35174,35184,10
13.0176401138,80.260559082,35184,35194,10
13.017950058,80.2607803345,35194,35204,10
13.0184001923,80.2611083984,35204,35214,10
13.0187902451,80.261428833,35214,35224,10
13.0191402435,80.2617416382,35224,35234,10
13.019490242,80.2620162964,35234,35244,10
13.0199899673,80.2624969482,35244,35254,10
13.0202798843,80.2629623413,35254,35264,10
13.019949913,80.2629699707,35264,35275,11
13.0193004608,80.2629165649,35275,35285,10
13.0190296173,80.2631072998,35285,35295,10
13.0191402435,80.2637481689,35295,35305,10
13.0191602707,80.2640075684,35305,35315,10
13.0190896988,80.2645874023,35315,35325,10
13.0188903809,80.2653121948,35325,35335,10
13.0187397003,80.2658309937,35335,35345,10
13.0187397003,80.266708374,35345,35355,10
13.0191297531,80.2676315308,35355,35365,10
13.0198202133,80.2684783936,35365,35375,10
13.0203504562,80.2691574097,35375,35385,10
13.0206203461,80.2694625854,35385,35396,11
13.0209102631,80.269821167,35396,35406,10
13.0212602615,80.2702178955,35406,35416,10
13.0213499069,80.2703399658,35416,35426,10
13.0216798782,80.2707290649,35426,35436,10
13.0222301483,80.2714233398,35436,35446,10
13.0228996277,80.2723083496,35446,35456,10
13.0234203339,80.2730178833,35456,35466,10
13.0234804153,80.2730865479,35466,35476,10
13.0235500336,80.2731781006,35476,35486,10
13.0238399506,80.2735824585,35486,35496,10
13.0241699219,80.2740325928,35496,35507,11
13.0245199203,80.2744674683,35507,35517,10
13.0248298645,80.2746810913,35517,35527,10
13.0249996185,80.2747573853,35527,35537,10
13.0255002975,80.2749633789,35537,35547,10
13.0256004333,80.2750091553,35547,35557,10
13.0256900787,80.2750396729,35557,35567,10
13.0260601044,80.2752227783,35567,35577,10
13.0267000198,80.2755126953,35577,35587,10
13.0274200439,80.2758331299,35587,35597,10
13.0279598236,80.2761001587,35597,35607,10
13.0283203125,80.2761993408,35607,35618,11
13.0285797119,80.2762985229,35618,35628,10
13.0289802551,80.2764968872,35628,35638,10
13.0294504166,80.2766189575,35638,35648,10
13.0297298431,80.2767105103,35648,35658,10
13.0301198959,80.2768325806,35658,35668,10
13.0306501389,80.2770767212,35668,35678,10
13.0311803818,80.2773971558,35678,35688,10
13.0314397812,80.277557373,35688,35698,10
13.031920433,80.2775726318,35698,35718,20
13.031920433,80.2775726318,35718,35729,11
13.0323295593,80.2775421143,35729,35739,10
13.0328502655,80.2774887085,35739,35749,10
13.0331201553,80.2774276733,35749,35759,10
13.0336399078,80.27734375,35759,35769,10
13.0342302322,80.2774810791,35769,35779,10
13.0346698761,80.2776031494,35779,35789,10
13.0351800919,80.277671814,35789,35809,20
13.0351800919,80.277671814,35809,35819,10
13.0354299545,80.2777175903,35819,35829,10
13.0358295441,80.2778015137,35829,35841,12
13.0365104675,80.2779388428,35841,35851,10
13.0366897583,80.2780075073,35851,35858,7
13.0368795395,80.2781066895,35858,35871,13
13.0375204086,80.2783432007,35871,35881,10
13.0382699966,80.2785186768,35881,35891,10
13.0388498306,80.2786636353,35891,35901,10
13.0389900208,80.2787094116,35901,35911,10
13.0394001007,80.2788696289,35911,35921,10
13.0401496887,80.279083252,35921,35931,10
13.0411100388,80.279296875,35931,35941,10
13.0422201157,80.2794494629,35941,35951,10
13.0429296494,80.2795181274,35951,35982,31
13.0429296494,80.2795181274,35982,35992,10
13.0431003571,80.2795333862,35992,36002,10
13.0436201096,80.2796936035,36002,36012,10
13.0445098877,80.2798995972,36012,36022,10
13.045630455,80.2800674438,36022,36032,10
13.0469303131,80.2802429199,36032,36042,10
13.048330307,80.2804412842,36042,36052,10
13.0495796204,80.2806167603,36052,36062,10
13.0506496429,80.2807617188,36062,36073,11
13.0518703461,80.2809524536,36073,36083,10
13.0530500412,80.2811279297,36083,36093,10
13.0543298721,80.2813415527,36093,36103,10
13.0555696487,80.2816009521,36103,36113,10
13.0565795898,80.2818069458,36113,36123,10
13.0568599701,80.2818527222,36123,36133,10
13.0570602417,80.2818984985,36133,36143,10
13.0574102402,80.2819824219,36143,36153,10
13.0579099655,80.2820968628,36153,36163,10
13.0587501526,80.2822799683,36163,36173,10
13.0597200394,80.2824783325,36173,36184,11
13.0608997345,80.2827224731,36184,36194,10
13.0619602203,80.282951355,36194,36204,10
13.0628299713,80.2831420898,36204,36214,10
13.063079834,80.283203125,36214,36224,10
13.0633201599,80.2832794189,36224,36234,10
13.0640096664,80.2833709717,36234,36274,40
13.0640096664,80.2833709717,36274,36284,10
13.0644302368,80.2834777832,36284,36295,11
13.0654001236,80.283706665,36295,36305,10
13.0665903091,80.2839813232,36305,36315,10
13.0678596497,80.2842407227,36315,36325,10
13.068980217,80.2844772339,36325,36335,10
13.0701198578,80.2847595215,36335,36345,10
13.0712604523,80.2850418091,36345,36355,10
13.0722303391,80.2852706909,36355,36365,10
13.0732803345,80.2852935791,36365,36375,10
13.0738801956,80.2854919434,36375,36385,10
13.0739202499,80.2855377197,36385,36395,10
13.0741701126,80.2859268188,36395,36406,11
13.0749502182,80.2864837646,36406,36416,10
13.0759296417,80.2870101929,36416,36426,10
13.0770998001,80.2873001099,36426,36436,10
13.0781803131,80.2875595093,36436,36446,10
13.0791702271,80.2878875732,36446,36456,10
13.0801897049,80.2881317139,36456,36466,10
13.0809001923,80.2882995605,36466,36476,10
13.0811901093,80.2883987427,36476,36486,10
13.0818996429,80.2886505127,36486,36496,10
13.0826997757,80.2890014648,36496,36506,10
13.0833902359,80.2891769409,36506,36517,11
13.0842399597,80.2891464233,36517,36527,10
13.0850696564,80.2891235352,36527,36537,10
13.0858201981,80.2892837524,36537,36547,10
13.0867700577,80.2895202637,36547,36557,10
13.0875997543,80.2898025513,36557,36567,10
13.0886602402,80.2901229858,36567,36617,50
13.0888204575,80.2901229858,36617,36648,31
13.0888204575,80.2901229858,36648,36658,10
13.0887098312,80.2904205322,36658,36668,10
13.0881099701,80.2901229858,36668,36678,10
13.0872602463,80.2898101807,36678,36688,10
13.0863399506,80.2895431519,36688,36698,10
13.0856895447,80.2892227173,36698,36708,10
13.0852603912,80.2884216309,36708,36718,10
13.085149765,80.2873916626,36718,36728,10
13.0852298737,80.2863235474,36728,36738,10
13.0853004456,80.2853393555,36738,36750,12
13.0853004456,80.2844619751,36750,36758,8
13.0852603912,80.284362793,36758,36768,10
13.0852098465,80.2842483521,36768,36778,10
13.0851898193,80.284072876,36778,36788,10
13.0853204727,80.2839584351,36788,36800,12
13.0854501724,80.2837219238,36800,36809,9
13.0856103897,80.2835083008,36809,36818,9
13.0859899521,80.2835083008,36818,36830,12
13.0863800049,80.2836303711,36830,36838,8
13.0866498947,80.2838287354,36838,36851,13
13.0870800018,80.2839202881,36851,36881,30
13.0870800018,80.2839202881,36881,36889,8
13.0872001648,80.2839126587,36889,36900,11
13.0874204636,80.2839202881,36900,36910,10
13.0875797272,80.2839431763,36910,36919,9
13.0878200531,80.2839584351,36919,37072,153
13.0878200531,80.2839584351,37072,37083,11
13.0880804062,80.2840194702,37083,37093,10
13.0881900787,80.2836914063,37093,37103,10
13.0883102417,80.2835006714,37103,37113,10
13.0883398056,80.2831802368,37113,37123,10
13.0883302689,80.2827377319,37123,37133,10
13.0883197784,80.2824783325,37133,37143,10
13.0882501602,80.2820129395,37143,37153,10
13.0880804062,80.281539917,37153,37163,10
13.0881204605,80.2814025879,37163,37173,10
13.0884304047,80.2814483643,37173,37183,10
13.0885295868,80.2817764282,37183,37192,9
13.0884304047,80.2822265625,37192,37204,12
13.0883398056,80.2828598022,37204,37214,10
13.0883598328,80.2834777832,37214,37224,10
13.0883903503,80.2840499878,37224,37234,10
13.0884399414,80.2846069336,37234,37244,10
13.0884895325,80.2849197388,37244,37284,40
13.0884895325,80.2849197388,37284,37294,10
13.088470459,80.2853927612,37294,37304,10
13.0884799957,80.2857971191,37304,37315,11
13.0885095596,80.2863311768,37315,37325,10
13.0885095596,80.2866897583,37325,37335,10
13.0885801315,80.2872161865,37335,37345,10
13.0885896683,80.2874603271,37345,37355,10
13.088640213,80.2879104614,37355,37365,10
13.0887002945,80.2884521484,37365,37375,10
13.0886802673,80.2886276245,37375,37385,10
13.0887203217,80.2891235352,37385,37395,10
13.0887203217,80.2891769409,37395,37405,10
13.0886497498,80.2892227173,37405,37416,11
13.0887498856,80.289932251,37416,37456,40
13.0887498856,80.289932251,37456,37466,10
13.0888299942,80.2901992798,37466,37476,10
13.088809967,80.2904129028,37476,37486,10
13.0885295868,80.2903671265,37486,37496,10
13.08796978,80.2900695801,37496,37506,10
13.0872497559,80.2897415161,37506,37516,10
13.0863199234,80.2894287109,37516,37526,10
13.0853500366,80.2891235352,37526,37537,11
13.0842103958,80.2891616821,37537,37547,10
13.0832700729,80.2892227173,37547,37557,10
13.0823698044,80.2889404297,37557,37567,10
13.0814504623,80.2885971069,37567,37577,10
13.0806102753,80.2883300781,37577,37587,10
13.0804300308,80.288269043,37587,37597,10
13.0801801682,80.2882080078,37597,37607,10
13.0795001984,80.2880706787,37607,37617,10
13.0786104202,80.2877120972,37617,37627,10
13.077580452,80.2874526978,37627,37636,9
13.0766201019,80.2872009277,37636,37648,12
13.0753297806,80.2867507935,37648,37658,10
13.0742998123,80.2861633301,37658,37668,10
13.0732498169,80.2858886719,37668,37678,10
13.0709400177,80.2850265503,37678,37688,10
13.0709400177,80.2850265503,37688,37698,10
13.0696601868,80.2847213745,37698,37707,9
13.0686903,80.2845077515,37707,37720,13
13.0676803589,80.2843017578,37720,37730,10
13.0667495728,80.2841033936,37730,37740,10
13.0656204224,80.2838516235,37740,37752,12
13.064499855,80.2835769653,37752,37760,8
13.0642499924,80.2835388184,37760,37770,10
13.0636701584,80.283416748,37770,37780,10
13.0625896454,80.2831420898,37780,37800,20
13.0625896454,80.2831420898,37800,37810,10
13.0621700287,80.2830429077,37810,37820,10
13.0614004135,80.2828674316,37820,37830,10
13.0604095459,80.2826538086,37830,37842,12
13.0591497421,80.2824020386,37842,37850,8
13.0582895279,80.2822189331,37850,37860,10
13.0574703217,80.2820587158,37860,37873,13
13.0568199158,80.2819290161,37873,37883,10
13.0567302704,80.2819137573,37883,37893,10
13.056189537,80.2817993164,37893,37903,10
13.0553398132,80.2816314697,37903,37913,10
13.054309845,80.2814178467,37913,37923,10
13.053319931,80.28125,37923,37933,10
13.0524196625,80.2811203003,37933,37943,10
13.051659584,80.28099823,37943,37953,10
13.0513000488,80.280921936,37953,37963,10
13.0512895584,80.280921936,37963,37973,10
13.0510196686,80.2808914185,37973,37984,11
13.0502099991,80.2807617188,37984,37994,10
13.049200058,80.2806167603,37994,38004,10
13.048119545,80.2804870605,38004,38014,10
13.0471200943,80.2803421021,38014,38024,10
13.0460996628,80.2802124023,38024,38034,10
13.0449695587,80.2800521851,38034,38044,10
13.0438995361,80.2798919678,38044,38054,10
13.0430603027,80.2797317505,38054,38064,10
13.0420103073,80.2795028687,38064,38074,10
13.0407495499,80.279258728,38074,38084,10
13.0396699905,80.2789916992,38084,38095,11
13.0391397476,80.2788314819,38095,38105,10
13.0389404297,80.278793335,38105,38115,10
13.0385599136,80.2786483765,38115,38125,10
13.0378103256,80.278427124,38125,38135,10
13.0369997025,80.2781906128,38135,38195,60
13.0369997025,80.2781906128,38195,38205,10
13.0369100571,80.278213501,38205,38216,11
13.0364198685,80.2779998779,38216,38226,10
13.0356397629,80.2778015137,38226,38236,10
13.0347795486,80.2776489258,38236,38244,8
13.034040451,80.2774581909,38244,38256,12
13.0329303741,80.2774887085,38256,38266,10
13.0320596695,80.2775497437,38266,38276,10
13.0311498642,80.2774734497,38276,38286,10
13.0308904648,80.2773284912,38286,38296,10
13.0305995941,80.2771377563,38296,38306,10
13.0298595428,80.2768173218,38306,38316,10
13.0288600922,80.2765197754,38316,38327,11
13.0279798508,80.2761383057,38327,38337,10
13.0272102356,80.2757797241,38337,38347,10
13.0263700485,80.2753982544,38347,38357,10
13.025970459,80.2752304077,38357,38367,10
13.0258102417,80.2751693726,38367,38377,10
13.0252103806,80.2749328613,38377,38387,10
13.0243997574,80.2744598389,38387,38397,10
13.0240402222,80.2740097046,38397,38417,20
13.0240402222,80.2740097046,38417,38427,10
13.0240402222,80.2739486694,38427,38438,11
13.0237197876,80.2734985352,38438,38448,10
13.023229599,80.2728424072,38448,38458,10
13.0225801468,80.2719802856,38458,38468,10
13.0219097137,80.2711029053,38468,38478,10
13.0214300156,80.2705078125,38478,38486,8
13.0212097168,80.2702407837,38486,38498,12
13.0209302902,80.2699584961,38498,38508,10
13.0207700729,80.2697677612,38508,38518,10
13.0203695297,80.2692489624,38518,38528,10
13.0198698044,80.2686767578,38528,38538,10
13.0193595886,80.2680587769,38538,38548,10
13.0188798904,80.2674713135,38548,38559,11
13.0186100006,80.2665863037,38559,38569,10
13.0186004639,80.265838623,38569,38579,10
13.018819809,80.2651062012,38579,38587,8
13.0190296173,80.2643814087,38587,38599,12
13.0189800262,80.2635192871,38599,38609,10
13.0189199448,80.2630386353,38609,38619,10
13.0188102722,80.2621917725,38619,38629,10
13.0186796188,80.2613830566,38629,38639,10
13.0180301666,80.2608795166,38639,38649,10
13.0172300339,80.2603530884,38649,38659,10
13.016409874,80.2598571777,38659,38670,11
13.0160503387,80.2596664429,38670,38680,10
13.0159196854,80.2595977783,38680,38690,10
13.0153598785,80.2593917847,38690,38700,10
13.0145196915,80.2593002319,38700,38710,10
13.0135002136,80.2592315674,38710,38720,10
13.0122995377,80.2591781616,38720,38730,10
13.0111904144,80.2591400146,38730,38740,10
13.010020256,80.2591400146,38740,38750,10
13.0088596344,80.2591323853,38750,38760,10
13.0078697205,80.2589492798,38760,38770,10
13.0070896149,80.2584075928,38770,38780,10
13.0065603256,80.2574386597,38780,38790,10
13.0065002441,80.2562484741,38790,38801,11
13.0065002441,80.2549972534,38801,38810,9
13.0064496994,80.2541122437,38810,38821,11
13.0064601898,80.2537765503,38821,38831,10
13.006480217,80.2532501221,38831,38841,10
13.0064697266,80.2527313232,38841,38941,100
13.0064697266,80.2527313232,38941,38953,12
13.0065498352,80.2526092529,38953,38963,10
13.0065402985,80.2524032593,38963,38971,8
13.0066299438,80.2519302368,38971,39094,123
13.0066299438,80.2519302368,39094,39104,10
13.0066204071,80.2518615723,39104,39115,11
13.0067300797,80.2513198853,39115,39125,10
13.0067195892,80.2507629395,39125,39135,10
13.0066995621,80.2503204346,39135,39145,10
13.0066795349,80.2494888306,39145,39215,70
13.0066795349,80.2494888306,39215,39226,11
13.0067195892,80.2490768433,39226,39236,10
13.0066604614,80.2485580444,39236,39246,10
13.0066299438,80.2482070923,39246,39256,10
13.0066299438,80.2475967407,39256,39266,10
13.0066204071,80.2470703125,39266,39276,10
13.0066003799,80.2468414307,39276,39286,10
13.0065498352,80.246711731,39286,39296,10
13.0066099167,80.246421814,39296,39306,10
13.0066003799,80.246307373,39306,39316,10
13.0065498352,80.2460021973,39316,39326,10
13.0065498352,80.2457809448,39326,39336,10
13.0065498352,80.24559021,39336,39347,11
13.0065603256,80.2454299927,39347,39357,10
13.0065603256,80.2451782227,39357,39367,10
13.0065498352,80.2448883057,39367,39377,10
13.0065803528,80.2446289063,39377,39387,10
13.0065898895,80.2444381714,39387,39397,10
13.0065803528,80.2441711426,39397,39407,10
13.0065898895,80.2437820435,39407,39417,10
13.0065803528,80.2432937622,39417,39427,10
13.0065803528,80.24269104,39427,39437,10
13.0065698624,80.2418365479,39437,39448,11
13.0066299438,80.2409362793,39448,39488,40
13.0066299438,80.2409362793,39488,39498,10
13.0066795349,80.2404327393,39498,39508,10
13.006819725,80.2397766113,39508,39518,10
13.0069999695,80.238822937,39518,39528,10
13.0072002411,80.2378234863,39528,39538,10
13.0073404312,80.2373123169,39538,39547,9
13.0073699951,80.2372512817,39547,39559,12
13.0074996948,80.2365570068,39559,39569,10
13.0076904297,80.2356719971,39569,39579,10
13.007900238,80.2346496582,39579,39589,10
13.0081300735,80.2334365845,39589,39599,10
13.0083904266,80.2320327759,39599,39609,10
13.0086402893,80.2306365967,39609,39619,10
13.0088596344,80.2294921875,39619,39629,10
13.0090503693,80.2285003662,39629,39639,10
13.0093698502,80.2276077271,39639,39649,10
13.0098199844,80.2266464233,39649,39659,10
13.0102701187,80.225730896,39659,39670,11
13.0106601715,80.2248764038,39670,39680,10
13.0109195709,80.2244186401,39680,39690,10
13.0111503601,80.2238311768,39690,39700,10
13.0112895966,80.2233200073,39700,39710,10
13.0110301971,80.2230834961,39710,39720,10
13.0103397369,80.2227096558,39720,39730,10
13.0094995499,80.2222824097,39730,39740,10
13.0088996887,80.2219467163,39740,39750,10
13.0082502365,80.2216033936,39750,39760,10
13.0077600479,80.2213363647,39760,39770,10
13.0070495605,80.220993042,39770,39780,10
13.0061597824,80.2206192017,39780,39790,10
13.0051498413,80.2203903198,39790,39801,11
13.0041599274,80.2201385498,39801,39811,10
13.0037603378,80.2200469971,39811,39821,10
13.0030298233,80.219871521,39821,39831,10
13.0022201538,80.2193069458,39831,39842,11
13.0013399124,80.2184524536,39842,39851,9
13.000579834,80.217956543,39851,39861,10
12.9996995926,80.2174224854,39861,39871,10
12.9988098145,80.2169418335,39871,39881,10
12.9978399277,80.216583252,39881,39891,10
12.9972896576,80.2165222168,39891,39901,10
12.9972295761,80.2165222168,39901,39912,11
12.9968700409,80.2165374756,39912,39922,10
12.9961500168,80.2166366577,39922,39932,10
12.9954004288,80.2168579102,39932,39942,10
12.9951896667,80.2169799805,39942,39952,10
12.995059967,80.2170562744,39952,39962,10
12.9948596954,80.2172012329,39962,39972,10
12.9943799973,80.2175369263,39972,39983,11
12.9938802719,80.2179031372,39983,39992,9
12.9933595657,80.2182693481,39992,40002,10
12.9927101135,80.2187576294,40002,40014,12
12.991809845,80.2194213867,40014,40024,10
12.9912204742,80.2198181152,40024,40034,10
12.9907903671,80.2201538086,40034,40044,10
12.9907398224,80.220199585,40044,40054,10
12.99036026,80.2204818726,40054,40064,10
12.9897403717,80.2210464478,40064,40074,10
12.9892196655,80.2217102051,40074,40084,10
12.9886302948,80.2224121094,40084,40093,9
12.9880504608,80.2229385376,40093,40105,12
12.9875097275,80.2231216431,40105,40115,10
12.9871702194,80.2230987549,40115,40126,11
12.986530304,80.2229919434,40126,40136,10
12.9857902527,80.2230224609,40136,40146,10
12.9854001999,80.2232894897,40146,40156,10
12.9849796295,80.2232208252,40156,40166,10
12.9845304489,80.2230072021,40166,40176,10
12.9842100143,80.2228088379,40176,40186,10
12.983830452,80.2225875854,40186,40196,10
12.983420372,80.2223510742,40196,40206,10
12.9832801819,80.2222518921,40206,40216,10
12.9832496643,80.2221984863,40216,40226,10
12.9829502106,80.2220306396,40226,40237,11
12.9824399948,80.2218704224,40237,40247,10
12.9818496704,80.221572876,40247,40257,10
12.9811601639,80.2212524414,40257,40267,10
12.9804000854,80.2211608887,40267,40277,10
12.9795999527,80.2211990356,40277,40287,10
12.9787797928,80.2212295532,40287,40297,10
12.9780197144,80.2212524414,40297,40307,10
12.9773197174,80.221282959,40307,40317,10
12.9765701294,80.2212905884,40317,40327,10
12.9761295319,80.2213363647,40327,40348,21
12.9761295319,80.2213363647,40348,40358,10
12.9760599136,80.2215423584,40358,40368,10
12.9763202667,80.2218704224,40368,40378,10
12.9765996933,80.2222290039,40378,40610,232
12.9765996933,80.2222290039,40610,40620,10
12.976650238,80.2224121094,40620,40630,10
12.9768104553,80.2226333618,40630,40640,10
12.9771003723,80.2228164673,40640,40650,10
12.9774398804,80.2227325439,40650,40660,10
12.9775104523,80.2224197388,40660,40670,10
12.9774904251,80.2218780518,40670,40680,10
12.9774703979,80.2214813232,40680,40691,11
12.9774503708,80.2213363647,40691,40701,10
12.9776296616,80.2212295532,40701,40711,10
12.9780397415,80.2211914063,40711,40721,10
12.9786100388,80.2211303711,40721,40731,10
12.9792900085,80.2210998535,40731,40741,10
12.9799604416,80.2210617065,40741,40751,10
12.9805898666,80.2210235596,40751,40761,10
12.9811401367,80.2210617065,40761,40771,10
12.9815797806,80.2213363647,40771,40781,10
12.9819297791,80.2215881348,40781,40791,10
12.9823703766,80.2217712402,40791,40801,10
12.9828100204,80.2219009399,40801,40821,20
12.9828100204,80.2219009399,40821,40831,10
12.9833498001,80.2221603394,40831,40851,20
12.9833498001,80.2221603394,40851,40861,10
12.9835300446,80.2223129272,40861,40871,10
12.9838600159,80.2225112915,40871,40882,11
12.9844102859,80.2228469849,40882,40892,10
12.9849700928,80.223197937,40892,40902,10
12.9854602814,80.2232131958,40902,40912,10
12.9859399796,80.2229690552,40912,40922,10
12.9862604141,80.2229385376,40922,40932,10
12.9863395691,80.2229385376,40932,40942,10
12.9864902496,80.2229385376,40942,40952,10
12.9867897034,80.2229766846,40952,40962,10
12.9872198105,80.2230377197,40962,40972,10
12.9878396988,80.2229385376,40972,40984,12
12.9885702133,80.2223205566,40984,40994,10
12.9890899658,80.2217483521,40994,41002,8
12.9894304276,80.2213287354,41002,41012,10
12.99036026,80.2204208374,41012,41035,23
12.99036026,80.2204208374,41035,41045,10
12.9906301498,80.2202377319,41045,41055,10
12.9911003113,80.2198486328,41055,41065,10
12.9916801453,80.2194137573,41065,41075,10
12.9923496246,80.2189178467,41075,41085,10
12.9930496216,80.2183914185,41085,41095,10
12.9936704636,80.2179412842,41095,41105,10
12.9940795898,80.2176818848,41105,41115,10
12.994509697,80.2173614502,41115,41125,10
12.9950504303,80.2169799805,41125,41136,11
12.9956998825,80.2167129517,41136,41146,10
12.9963998795,80.2165527344,41146,41156,10
12.9970502853,80.2164535522,41156,41166,10
12.9975204468,80.2164611816,41166,41176,10
12.9975500107,80.2164611816,41176,41186,10
12.9976301193,80.2164916992,41186,41196,10
12.9980096817,80.2165603638,41196,41206,10
12.9985799789,80.2167434692,41206,41216,10
12.9992198944,80.217048645,41216,41226,10
12.9998998642,80.2174377441,41226,41236,10
13.0005197525,80.2178268433,41236,41247,11
13.0012197495,80.2182922363,41247,41256,9
13.0018100739,80.2187271118,41256,41267,11
13.0024404526,80.2194137573,41267,41277,10
13.0031795502,80.2198562622,41277,41287,10
13.0039701462,80.2200393677,41287,41296,9
13.0047597885,80.2202301025,41296,41307,11
13.0057201385,80.220451355,41307,41317,10
13.0065803528,80.2206420898,41317,41327,10
13.0073604584,80.2210388184,41327,41337,10
13.0082397461,80.221496582,41337,41347,10
13.0091295242,80.2220001221,41347,41357,10
13.0100803375,80.2225112915,41357,41368,11
13.0113897324,80.2231521606,41368,41408,40
13.0113897324,80.2231521606,41408,41418,10
13.0114603043,80.2231826782,41418,41428,10
13.011590004,80.2233200073,41428,41438,10
13.0119895935,80.2235336304,41438,41448,10
13.0126495361,80.2238388062,41448,41458,10
13.0135002136,80.2243118286,41458,41468,10
13.0143203735,80.2247619629,41468,41479,11
13.0148296356,80.2249984741,41479,41499,20
13.0148296356,80.2249984741,41499,41509,10
13.0153102875,80.2252807617,41509,41519,10
13.0149803162,80.2258987427,41519,41539,20
13.0149803162,80.2258987427,41539,41549,10
13.0147800446,80.226020813,41549,41559,10
13.0142002106,80.2262573242,41559,41569,10
13.0134096146,80.2265777588,41569,41579,10
13.0124998093,80.2269363403,41579,41590,11
13.0113601685,80.2273864746,41590,41600,10
13.0102596283,80.2278366089,41600,41610,10
13.0092897415,80.228302002,41610,41620,10
13.0089797974,80.2292175293,41620,41630,10
13.0087604523,80.2303390503,41630,41640,10
13.0085802078,80.2314071655,41640,41650,10
13.0083799362,80.2325286865,41650,41660,10
13.0082597733,80.2333679199,41660,41680,20
13.0082597733,80.2333679199,41680,41690,10
13.0082197189,80.2334899902,41690,41700,10
13.0081100464,80.2338180542,41700,41711,11
13.0080003738,80.2344665527,41711,41721,10
13.0078897476,80.2350616455,41721,41731,10
13.0077400208,80.235786438,41731,41741,10
13.0075798035,80.2366027832,41741,41751,10
13.0074300766,80.237449646,41751,41761,10
13.0073099136,80.2380371094,41761,41771,10
13.0073003769,80.2380828857,41771,41781,10
13.0072603226,80.2382736206,41781,41791,10
13.0072002411,80.2387008667,41791,41801,10
13.0071401596,80.2390594482,41801,41902,101
13.0071401596,80.2390594482,41902,41913,11
13.0071201324,80.2393112183,41913,41922,9
13.0069303513,80.2399902344,41922,42023,101
13.0069303513,80.2399902344,42023,42033,10
13.0069999695,80.2401199341,42033,42043,10
13.0069799423,80.2401809692,42043,42053,10
13.0068798065,80.2405395508,42053,42063,10
13.006819725,80.2409667969,42063,42073,10
13.0067796707,80.2410888672,42073,42083,10
13.0067195892,80.2416305542,42083,42093,10
13.0067501068,80.2428588867,42093,42123,30
13.0067501068,80.2428588867,42123,42133,10
13.0066795349,80.2431716919,42133,42176,43
13.0066795349,80.2431716919,42176,42186,10
13.0066604614,80.2434387207,42186,42196,10
13.0066604614,80.2435302734,42196,42206,10
13.0066604614,80.2438430786,42206,42216,10
13.0066404343,80.2442092896,42216,42226,10
13.0066699982,80.2446212769,42226,42236,10
13.0066404343,80.2449188232,42236,42246,10
13.006649971,80.2451095581,42246,42253,7
13.0066099167,80.2453613281,42253,42266,13
13.0066795349,80.2461471558,42266,42277,11
13.0067195892,80.2471084595,42277,42287,10
13.0067100525,80.2480697632,42287,42297,10
13.0068302155,80.2490005493,42297,42307,10
13.0068798065,80.2494888306,42307,42317,10
13.0068998337,80.2495727539,42317,42327,10
13.0068597794,80.2500228882,42327,42337,10
13.0068397522,80.2509078979,42337,42367,30
13.0068397522,80.2509078979,42367,42377,10
13.0068101883,80.2511978149,42377,42388,11
13.0067796707,80.2515411377,42388,42398,10
13.0066299438,80.2521820068,42398,42408,10
13.0065498352,80.2529983521,42408,42418,10
13.0065402985,80.2539825439,42418,42428,10
13.0065898895,80.2549209595,42428,42438,10
13.0066204071,80.2559204102,42438,42448,10
13.0066299438,80.2570724487,42448,42509,61
13.0066299438,80.2570724487,42509,42519,10
13.006649971,80.2574005127,42519,42529,10
13.0068702698,80.2579193115,42529,42539,10
13.007349968,80.2585067749,42539,42549,10
13.0082101822,80.2588500977,42549,42559,10
13.0086202621,80.2590332031,42559,42569,10
13.0087604523,80.2590866089,42569,42579,10
13.0093002319,80.2590789795,42579,42589,10
13.0101995468,80.2590637207,42589,42599,10
13.0112695694,80.2590484619,42599,42610,11
13.0125598907,80.2590866089,42610,42620,10
13.0137796402,80.259147644,42620,42630,10
13.014960289,80.2592086792,42630,42640,10
13.0159301758,80.2593688965,42640,42650,10
13.0163803101,80.2596130371,42650,42660,10
13.0164003372,80.2596282959,42660,42670,10
13.0165700912,80.259803772,42670,42680,10
13.0170602798,80.2601394653,42680,42690,10
13.0177898407,80.2606506348,42690,42700,10
13.0184001923,80.2610626221,42700,42710,10
13.0189399719,80.2615203857,42710,42721,11
13.019370079,80.2618637085,42721,42731,10
13.0197200775,80.2621994019,42731,42741,10
13.0202302933,80.2627716064,42741,42751,10
13.019949913,80.2629623413,42751,42761,10
13.0193595886,80.2629318237,42761,42771,10
13.018989563,80.2630767822,42771,42781,10
13.019080162,80.2637023926,42781,42791,10
13.0190696716,80.2644882202,42791,42801,10
13.0188398361,80.2652130127,42801,42811,10
13.0187196732,80.2656936646,42811,42821,10
13.0186700821,80.2664794922,42821,42830,9
13.0188598633,80.2672729492,42830,42842,12
13.0194797516,80.268081665,42842,42852,10
13.0200195313,80.2687530518,42852,42862,10
13.0203895569,80.2692337036,42862,42872,10
13.0205602646,80.2694015503,42872,42882,10
13.0206403732,80.2695083618,42882,42892,10
13.0208702087,80.2697906494,42892,42902,10
13.0213098526,80.2702713013,42902,42912,10
13.0213899612,80.2703781128,42912,42922,10
13.0216302872,80.2706985474,42922,42932,10
13.022069931,80.2713012695,42932,42942,10
13.0226602554,80.2720413208,42942,42953,11
13.0231304169,80.2726364136,42953,42993,40
13.0231304169,80.2726364136,42993,43003,10
13.0231895447,80.2727203369,43003,43014,11
13.0234699249,80.2731018066,43014,43023,9
13.0236701965,80.2733764648,43023,43083,60
13.0236701965,80.2733764648,43083,43094,11
13.0238800049,80.2736663818,43094,43103,9
13.0241098404,80.2740020752,43103,43113,10
13.0243196487,80.274269104,43113,43124,11
13.0249300003,80.2746734619,43124,43134,10
13.025349617,80.2748794556,43134,43144,10
13.0254201889,80.2749633789,43144,43154,10
13.0258197784,80.2751617432,43154,43164,10
13.0263996124,80.2754211426,43164,43174,10
13.0268297195,80.2756118774,43174,43184,10
13.0276603699,80.2759399414,43184,43204,20
13.0276603699,80.2759399414,43204,43214,10
13.0280103683,80.2761306763,43214,43244,30
13.0280103683,80.2761306763,43244,43254,10
13.0284004211,80.276260376,43254,43264,10
13.0286302567,80.2763519287,43264,43274,10
13.028719902,80.2763824463,43274,43283,9
13.0289297104,80.2764816284,43283,43297,14
13.0292396545,80.2765884399,43297,43327,30
13.0296001434,80.2766799927,43327,43347,20
13.0296001434,80.2766799927,43347,43357,10
13.0298204422,80.2767105103,43357,43367,10
13.0301399231,80.2768325806,43367,43420,53
13.0301399231,80.2768325806,43420,43430,10
13.0305700302,80.2770385742,43430,43460,30
13.0305700302,80.2770385742,43460,43470,10
13.0309000015,80.2772369385,43470,43480,10
13.0311403275,80.277381897,43480,43509,29
13.0311403275,80.277381897,43509,43522,13
13.031539917,80.2774963379,43522,43552,30
13.031539917,80.2774963379,43552,43562,10
13.0319900513,80.277557373,43562,43572,10
13.0321702957,80.2775268555,43572,43582,10
13.0323801041,80.2775115967,43582,43592,10
13.0326404572,80.2774887085,43592,43602,10
13.0329799652,80.2774963379,43602,43633,31
13.0329799652,80.2774963379,43633,43643,10
13.0332202911,80.2774734497,43643,43653,10
13.0336198807,80.2773895264,43653,43663,10
13.0341396332,80.2774887085,43663,43673,10
13.034740448,80.277557373,43673,43683,10
13.0354003906,80.2776565552,43683,43693,10
13.0361099243,80.2778320313,43693,43703,10
13.0368204117,80.2780838013,43703,43713,10
13.0376195908,80.2783432007,43713,43723,10
13.0385704041,80.2786331177,43723,43733,10
13.038769722,80.2787094116,43733,43743,10
13.038860321,80.2787704468,43743,43753,10
13.0392398834,80.2788696289,43753,43763,10
13.039899826,80.2790603638,43763,43773,10
13.0408000946,80.279258728,43773,43783,10
13.0419101715,80.2794265747,43783,43793,10
13.0429801941,80.2795181274,43793,43803,10
13.0437498093,80.2797622681,43803,43813,10
13.044719696,80.2799606323,43813,43823,10
13.0457201004,80.2800979614,43823,43834,11
13.0468797684,80.2802505493,43834,43844,10
13.0480604172,80.280418396,43844,43854,10
13.0492095947,80.2805786133,43854,43864,10
13.050160408,80.280708313,43864,43874,10
13.0508203506,80.2807922363,43874,43884,10
13.0509395599,80.2808227539,43884,43894,10
13.0513601303,80.2809066772,43894,43904,10
13.0520896912,80.2810287476,43904,43915,11
13.0531196594,80.2811813354,43915,43925,10
13.0542497635,80.2813720703,43925,43935,10
13.0553398132,80.2815704346,43935,43945,10
13.0562295914,80.2817382813,43945,43955,10
13.0564498901,80.2817764282,43955,43965,10
13.0567798615,80.2818527222,43965,43975,10
13.0572004318,80.2819290161,43975,43987,12
13.0579395294,80.2820892334,43987,43997,10
13.0587396622,80.2822570801,43997,44007,10
13.0595502853,80.2824325562,44007,44017,10
13.0601596832,80.2825469971,44017,44027,10
13.0605802536,80.2826385498,44027,44037,10
13.061340332,80.2828216553,44037,44047,10
13.0622797012,80.2830200195,44047,44057,10
13.0630197525,80.2831802368,44057,44067,10
13.0630702972,80.2831878662,44067,44077,10
13.0633401871,80.2832565308,44077,44088,11
13.0638799667,80.2833709717,44088,44108,20
13.0638799667,80.2833709717,44108,44118,10
13.0639801025,80.2833862305,44118,44128,10
13.0645103455,80.2835464478,44128,44138,10
13.0653600693,80.2837524414,44138,44148,10
13.0664701462,80.283996582,44148,44158,10
13.0676202774,80.2842178345,44158,44168,10
13.0686798096,80.2844161987,44168,44178,10
13.0698404312,80.2846908569,44178,44188,10
13.0711202621,80.2850189209,44188,44199,11
13.0725603104,80.2853317261,44199,44209,10
13.0735702515,80.2853469849,44209,44219,10
13.0740203857,80.2857208252,44219,44229,10
13.0740203857,80.2857284546,44229,44239,10
13.0740804672,80.2858276367,44239,44249,10
13.0744695663,80.2861785889,44249,44259,10
13.0751695633,80.2866287231,44259,44269,10
13.0760803223,80.2870635986,44269,44279,10
13.0772199631,80.2873535156,44279,44289,10
13.0784101486,80.287651062,44289,44299,10
13.0794496536,80.2880325317,44299,44309,10
13.0807600021,80.2882766724,44309,44330,21
13.0807600021,80.2882766724,44330,44342,12
13.0810098648,80.2884216309,44342,44352,10
13.0814399719,80.2885513306,44352,44362,10
13.0820798874,80.2887573242,44362,44372,10
13.0828504562,80.289100647,44372,44381,9
13.0836601257,80.2891921997,44381,44392,11
13.0848398209,80.2891387939,44392,44402,10
13.0858201981,80.2892837524,44402,44412,10
13.0869998932,80.2896118164,44412,44423,11
13.088060379,80.2900466919,44423,44433,10
13.088760376,80.2901687622,44433,44473,40
13.088760376,80.2901687622,44473,44483,10
13.0887498856,80.2903823853,44483,44493,10
13.08852005,80.2904663086,44493,44503,10
13.08796978,80.2901687622,44503,44513,10
13.0874795914,80.2899627686,44513,44523,10
13.0869102478,80.2897796631,44523,44533,10
13.0861797333,80.2895812988,44533,44544,11
13.0856800079,80.2893371582,44544,44554,10
13.0851097107,80.2879486084,44554,44564,10
13.0851097107,80.2879486084,44564,44574,10
13.0851402283,80.2870483398,44574,44584,10
13.0853500366,80.2839202881,44584,44626,42
13.0861902237,80.2835617065,44626,44657,31
13.0870103836,80.2839584351,44657,44745,88
13.0870103836,80.2839584351,44745,44755,10
13.0873498917,80.2839279175,44755,44768,13
13.0875797272,80.2839508057,44768,44899,131
13.0879402161,80.2840118408,44899,45080,181
13.0879402161,80.2840118408,45080,45090,10
13.0875902176,80.2839508057,45090,45111,21
13.0873699188,80.2839813232,45111,45141,30
13.0873699188,80.2839813232,45141,45151,10
13.0869998932,80.2839279175,45151,45181,30
13.0869998932,80.2839279175,45181,45191,10
13.0867204666,80.2838592529,45191,45201,10
13.0866603851,80.2838287354,45201,45210,9
13.0863800049,80.2837295532,45210,46463,1253
13.0860099792,80.2836074829,46463,46484,21
13.0857801437,80.2836227417,46484,46655,171
13.0857801437,80.2836227417,46655,46665,10
13.0855102539,80.2835922241,46665,46675,10
13.0854501724,80.2834777832,46675,46686,11
13.0854701996,80.2830886841,46686,46696,10
13.0854902267,80.2827224731,46696,46706,10
13.0855197906,80.2820968628,46706,46716,10
13.0856103897,80.2815933228,46716,46726,10
13.0856599808,80.2813415527,46726,46736,10
13.0856800079,80.2811737061,46736,46746,10
13.085729599,80.280921936,46746,46756,10
13.0857200623,80.2807235718,46756,46766,10
13.085650444,80.2803726196,46766,46776,10
13.0855503082,80.2799224854,46776,46786,10
13.0852403641,80.2794876099,46786,46796,10
13.0846204758,80.2793197632,46796,46807,11
13.0839195251,80.2791976929,46807,46817,10
13.0832395554,80.2789764404,46817,46829,12
13.0825195313,80.278678894,46829,46849,20
13.0825195313,80.278678894,46849,46859,10
13.0822696686,80.2785568237,46859,46869,10
13.081990242,80.2781677246,46869,46876,7
13.0819396973,80.2777481079,46876,46889,13
13.0818395615,80.2769393921,46889,46899,10
13.0817699432,80.276512146,46899,46909,10
13.0817098618,80.2761383057,46909,46919,10
13.0816202164,80.2758102417,46919,46930,11
13.0815601349,80.2754364014,46930,46940,10
13.0815000534,80.2753067017,46940,46950,10
13.0813302994,80.2751922607,46950,46960,10
13.0808496475,80.2752380371,46960,46970,10
13.0802402496,80.2752990723,46970,46980,10
13.0796403885,80.275352478,46980,46990,10
13.0789403915,80.2752380371,46990,47000,10
13.0783004761,80.2755432129,47000,47010,10
13.0778999329,80.2762298584,47010,47020,10
13.0769796371,80.2762832642,47020,47030,10
13.0761604309,80.2763290405,47030,47041,11
13.0759401321,80.2763137817,47041,47051,10
13.0759000778,80.2760620117,47051,47061,10
13.0759601593,80.2759094238,47061,47071,10
13.0759801865,80.2755508423,47071,47081,10
13.0757799149,80.2754135132,47081,49898,2817
13.0757799149,80.2754135132,49898,49908,10
13.0759096146,80.2752532959,49908,49928,20
13.0759096146,80.2752532959,49928,49938,10
13.075920105,80.2749481201,49938,49948,10
13.0759296417,80.2749099731,49948,49959,11
13.0758199692,80.2747802734,49959,49968,9
13.0757303238,80.2749176025,49968,49978,10
13.0759096146,80.2750701904,49978,50203,225
13.0759096146,80.2750701904,50203,50212,9
13.0757398605,80.2752075195,50212,51045,833
13.0754404068,80.275352478,51045,51427,382
13.0755500793,80.2753295898,51427,51515,88
13.0755701065,80.2753372192,51515,52167,652
13.0758695602,80.2754669189,52167,52226,59
13.0759897232,80.2758331299,52226,52260,34
13.0760002136,80.275932312,52260,52288,28
13.075969696,80.276222229,52288,52321,33
13.0749397278,80.2763977051,52321,52351,30
13.0745201111,80.2772598267,52351,52381,30
13.0762395859,80.2790527344,52381,52411,30
13.0782899857,80.28125,52411,52442,31
13.0800199509,80.2810287476,52442,52472,30
13.0818595886,80.2812271118,52472,52501,29
13.0831098557,80.2821731567,52501,52532,31
13.0846796036,80.2832489014,52532,52563,31
13.0859003067,80.2835464478,52563,52593,30
13.0865898132,80.2839126587,52593,52624,31
13.0866498947,80.2839202881,52624,52845,221
13.0868301392,80.2837982178,52845,54623,1778
13.0867900848,80.2837219238,54623,55824,1201
13.0869998932,80.2838592529,55824,55855,31
13.0869998932,80.2838592529,55855,55865,10
13.0874900818,80.2838668823,55865,55885,20
13.0877199173,80.2838668823,55885,55925,40
13.0880804062,80.2838287354,55925,55956,31
13.0880804062,80.2838287354,55956,55966,10
13.0881795883,80.2835006714,55966,55976,10
13.0882301331,80.2833404541,55976,55986,10
13.0882196426,80.2830963135,55986,55996,10
13.0882501602,80.2828063965,55996,56006,10
13.088259697,80.2824935913,56006,56016,10
13.0882396698,80.2822799683,56016,56026,10
13.0881795883,80.2819366455,56026,56036,10
13.0880498886,80.28150177,56036,56046,10
13.0881900787,80.2814178467,56046,56056,10
13.0884103775,80.281463623,56056,56066,10
13.08852005,80.2815628052,56066,56077,11
13.0884895325,80.2817993164,56077,56087,10
13.088470459,80.2820510864,56087,56097,10
13.0884504318,80.2822494507,56097,56107,10
13.0884399414,80.2823562622,56107,56117,10
13.0883798599,80.282623291,56117,56127,10
13.0883598328,80.2829208374,56127,56137,10
13.0883703232,80.2831497192,56137,56147,10
13.0883798599,80.2834091187,56147,56157,10
13.0883703232,80.2836914063,56157,56167,10
13.0883302689,80.2841262817,56167,56177,10
13.0883598328,80.2845916748,56177,56187,10
13.0883903503,80.2846984863,56187,56198,11
13.0884199142,80.2849121094,56198,56208,10
13.0884504318,80.2852783203,56208,56218,10
13.0884799957,80.2855377197,56218,56228,10
13.0884304047,80.2857971191,56228,56238,10
13.0884199142,80.2861404419,56238,56248,10
13.0884304047,80.2863998413,56248,56258,10
13.0884504318,80.2868804932,56258,56268,10
13.08852005,80.2872924805,56268,56278,10
13.0885801315,80.2875823975,56278,56288,10
13.0886297226,80.2881011963,56288,56299,11
13.0886201859,80.2883377075,56299,56309,10
13.088640213,80.28855896,56309,56319,10
13.0887002945,80.2890014648,56319,56329,10
13.0887203217,80.2894668579,56329,56339,10
13.0887899399,80.2900466919,56339,56349,10
13.0887002945,80.290397644,56349,56359,10
13.0883703232,80.2902908325,56359,56369,10
13.087770462,80.2900009155,56369,56379,10
13.0870599747,80.2896881104,56379,56389,10
13.0860795975,80.2893981934,56389,56399,10
13.0850496292,80.2891921997,56399,56409,10
13.0841398239,80.2891921997,56409,56419,10
13.0833101273,80.2891998291,56419,56429,10
13.0824098587,80.2889709473,56429,56440,11
13.0812397003,80.2885513306,56440,56450,10
13.0804004669,80.2883071899,56450,56460,10
13.080280304,80.288269043,56460,56470,10
13.0800895691,80.2882232666,56470,56479,9
13.0800199509,80.2882003784,56479,56490,11
13.0795001984,80.2881088257,56490,56500,10
13.0787401199,80.2878036499,56500,56510,10
13.0777301788,80.2874984741,56510,56520,10
13.0765304565,80.2872009277,56520,56529,9
13.0754995346,80.2868881226,56529,56540,11
13.0743198395,80.2861785889,56540,56553,13
13.0729799271,80.2857589722,56553,56563,10
13.0719804764,80.2853317261,56563,56572,9
13.0708999634,80.2850723267,56572,56585,13
13.0692300797,80.2846832275,56585,56595,10
13.0680599213,80.2844085693,56595,56605,10
13.0668201447,80.2841796875,56605,56615,10
13.0655603409,80.2838897705,56615,56625,10
13.0645904541,80.2836837769,56625,56635,10
13.0638303757,80.2834625244,56635,56645,10
13.0631198883,80.2833099365,56645,56654,9
13.0629196167,80.2832565308,56654,56666,12
13.0626497269,80.2831802368,56666,56676,10
13.0624599457,80.2831268311,56676,56686,10
13.0619497299,80.282989502,56686,56696,10
13.061340332,80.2828598022,56696,56706,10
13.0607204437,80.2827224731,56706,56716,10
13.0598897934,80.2825775146,56716,56726,10
13.0588998795,80.2824020386,56726,56736,10
13.0581197739,80.2822494507,56736,56746,10
13.0577697754,80.2821731567,56746,56756,10
13.0572099686,80.2820510864,56756,56767,11
13.057100296,80.2820205688,56767,56777,10
13.0568704605,80.2819519043,56777,56787,10
13.0563802719,80.2818527222,56787,56797,10
13.0555400848,80.2816696167,56797,56807,10
13.0544700623,80.281463623,56807,56817,10
13.0532302856,80.2812423706,56817,56827,10
13.0520601273,80.2810897827,56827,56837,10
13.0512504578,80.2809829712,56837,56846,9
13.0503501892,80.2808227539,56846,56857,11
13.0490598679,80.280632019,56857,56867,10
13.0478000641,80.2804718018,56867,56878,11
13.0465898514,80.2803115845,56878,56888,10
13.0456695557,80.280166626,56888,56898,10
13.0447998047,80.2800598145,56898,56908,10
13.0435600281,80.279876709,56908,56938,30
13.0435600281,80.279876709,56938,56948,10
13.043510437,80.2798690796,56948,56958,10
13.0431003571,80.2797698975,56958,56968,10
13.0423297882,80.279586792,56968,56978,10
13.0412902832,80.2794189453,56978,56989,11
13.040019989,80.2791290283,56989,56999,10
13.0392503738,80.2789382935,56999,57009,10
13.0390396118,80.2788772583,57009,57019,10
13.0389404297,80.2788085938,57019,57029,10
13.0385799408,80.278678894,57029,57039,10
13.0378799438,80.2784729004,57039,57049,10
13.0370998383,80.2782287598,57049,57059,10
13.0362997055,80.2779388428,57059,57069,10
13.0354795456,80.2777786255,57069,57079,10
13.0345697403,80.277633667,57079,57089,10
13.0335903168,80.2773971558,57089,57119,30
13.0335903168,80.2773971558,57119,57129,10
13.0333995819,80.2774581909,57129,57139,10
13.0327997208,80.2775421143,57139,57149,10
13.031829834,80.2776031494,57149,57159,10
13.0310096741,80.2773666382,57159,57170,11
13.0308103561,80.2772369385,57170,57180,10
13.0304498672,80.2770309448,57180,57190,10
13.0297803879,80.2767791748,57190,57200,10
13.0289697647,80.276550293,57200,57210,10
13.0281801224,80.276260376,57210,57222,12
13.0274200439,80.2759170532,57222,57230,8
13.0267400742,80.2756271362,57230,57240,10
13.026140213,80.275352478,57240,57252,12
13.02602005,80.2752838135,57252,57260,8
13.0256700516,80.2751235962,57260,57270,10
13.0249300003,80.2748031616,57270,57280,10
13.0242595673,80.2743225098,57280,57290,10
13.023730278,80.2735900879,57290,57300,10
13.0231399536,80.2727813721,57300,57312,12
13.0222997665,80.2716598511,57312,57320,8
13.0217399597,80.270942688,57320,57333,13
13.0210599899,80.2701187134,57333,57343,10
13.0209197998,80.2699432373,57343,57353,10
13.0207595825,80.2697296143,57353,57363,10
13.0205001831,80.2693862915,57363,57373,10
13.0199804306,80.2687835693,57373,57383,10
13.0193996429,80.2680587769,57383,57393,10
13.0187997818,80.267326355,57393,57403,10
13.0186195374,80.266456604,57403,57413,10
13.0186395645,80.2658233643,57413,57421,8
13.0187997818,80.2652130127,57421,57431,10
13.0190496445,80.264289856,57431,57444,13
13.0189800262,80.2635421753,57444,57454,10
13.0189199448,80.2631912231,57454,57464,10
13.0188798904,80.2629165649,57464,57474,10
13.0188503265,80.2627029419,57474,57504,30
13.0188102722,80.2623825073,57504,57534,30
13.0188102722,80.2623825073,57534,57544,10
13.0187702179,80.2620391846,57544,57555,11
13.0187397003,80.2617797852,57555,57585,30
13.0187397003,80.2617797852,57585,57595,10
13.0187301636,80.2614212036,57595,57605,10
13.018699646,80.2613296509,57605,57615,10
13.0185699463,80.2612304688,57615,57625,10
13.0183296204,80.2610626221,57625,57635,10
13.017950058,80.2608108521,57635,57644,9
13.0174503326,80.2604904175,57644,57655,11
13.0167398453,80.2600326538,57655,57665,10
13.016119957,80.2597122192,57665,57676,11
13.0160503387,80.2596817017,57676,57686,10
13.0157499313,80.2595291138,57686,57696,10
13.0150995255,80.2593307495,57696,57706,10
13.0142803192,80.2592773438,57706,57716,10
13.0133104324,80.2592391968,57716,57726,10
13.0124502182,80.2592010498,57726,57736,10
13.0119304657,80.2591705322,57736,57746,10
13.0115404129,80.259147644,57746,57756,10
13.0109901428,80.2591400146,57756,57766,10
13.0102100372,80.2591323853,57766,57777,11
13.0093097687,80.2591171265,57777,57787,10
13.0085401535,80.2591094971,57787,57797,10
13.0080900192,80.2590408325,57797,57807,10
13.0075798035,80.2588119507,57807,57817,10
13.0069904327,80.2582702637,57817,57827,10
13.0066900253,80.2577362061,57827,57837,10
13.0065097809,80.2569274902,57837,57847,10
13.0065002441,80.2558135986,57847,57857,10
13.0065002441,80.254737854,57857,57867,10
13.0064601898,80.2538604736,57867,57887,20
13.0064601898,80.2538604736,57887,57898,11
13.0065097809,80.2536392212,57898,57908,10
13.0065202713,80.2532119751,57908,57918,10
13.0065402985,80.2529602051,57918,57928,10
13.0065898895,80.2521896362,57928,58009,81
13.0065898895,80.2521896362,58009,58019,10
13.0066003799,80.2518081665,58019,58029,10
13.0066900253,80.2511520386,58029,58039,10
13.0066900253,80.2502822876,58039,58049,10
13.0066795349,80.249382019,58049,58059,10
13.0066299438,80.2484817505,58059,58069,10
13.0065803528,80.2480316162,58069,58079,10
13.0065803528,80.2477035522,58079,58109,30
13.0065803528,80.2477035522,58109,58119,10
13.0065803528,80.2475280762,58119,58130,11
13.0066003799,80.2470321655,58130,58140,10
13.0065603256,80.2464904785,58140,58150,10
13.0066003799,80.2463912964,58150,58160,10
13.0066003799,80.24584198,58160,58170,10
13.0066003799,80.2452087402,58170,58180,10
13.0065898895,80.2444076538,58180,58190,10
13.0065803528,80.2437667847,58190,58200,10
13.0065498352,80.2430801392,58200,58210,10
13.0065603256,80.2421722412,58210,58220,10
13.0066003799,80.2411193848,58220,58230,10
13.0066699982,80.2406005859,58230,58240,10
13.0066795349,80.2405395508,58240,58250,10
13.0067396164,80.2402877808,58250,58260,10
13.0068798065,80.2396697998,58260,58270,10
13.0070495605,80.2387771606,58270,58281,11
13.0072202682,80.2377929688,58281,58290,9
13.0074100494,80.2367477417,58290,58311,21
13.0074100494,80.2367477417,58311,58321,10
13.0074996948,80.236541748,58321,58331,10
13.0076198578,80.2359619141,58331,58341,10
13.0077199936,80.2354202271,58341,58351,10
13.0078401566,80.2348632813,58351,58361,10
13.0080099106,80.2340164185,58361,58371,10
13.0081996918,80.2330093384,58371,58381,10
13.0084104538,80.2319717407,58381,58391,10
13.0086202621,80.2308502197,58391,58401,10
13.0088500977,80.2296524048,58401,58411,10
13.0090799332,80.2285079956,58411,58421,10
13.0095100403,80.2273788452,58421,58431,10
13.0100803375,80.2262268066,58431,58441,10
13.0105695724,80.2251281738,58441,58454,13
13.0110397339,80.2241210938,58454,58464,10
13.0111598969,80.2237472534,58464,58474,10
13.0112400055,80.2235488892,58474,58484,10
13.0112895966,80.2233123779,58484,58494,10
13.0110998154,80.2230987549,58494,58504,10
13.0105495453,80.2228164673,58504,58514,10
13.0097904205,80.2224273682,58514,58524,10
13.009059906,80.222038269,58524,58534,10
13.0083599091,80.2216567993,58534,58544,10
13.0074996948,80.2211990356,58544,58554,10
13.0066699982,80.2207565308,58554,58565,11
13.0055398941,80.2204666138,58565,58575,10
13.0046300888,80.2202606201,58575,58583,8
13.0040197372,80.2201080322,58583,58595,12
13.0030899048,80.2198791504,58595,58605,10
13.0024003983,80.2194824219,58605,58615,10
13.0017404556,80.218788147,58615,58625,10
13.0009698868,80.2181777954,58625,58635,10
13.0002098083,80.2176971436,58635,58645,10
12.9995603561,80.217300415,58645,58652,7
12.9991102219,80.2170715332,58652,58665,13
12.9980802536,80.2166213989,58665,58675,10
12.9975299835,80.2165527344,58675,58686,11
12.9973602295,80.2165374756,58686,58696,10
12.9970598221,80.2165527344,58696,58706,10
12.9969100952,80.2165603638,58706,58716,10
12.9968004227,80.2165679932,58716,58726,10
12.9964704514,80.2165985107,58726,58736,10
12.9961500168,80.2166824341,58736,58746,10
12.995929718,80.2167434692,58746,58756,10
12.9957199097,80.216796875,58756,58766,10
12.9955797195,80.2168426514,58766,58776,10
12.995349884,80.2169418335,58776,58807,31
12.995349884,80.2169418335,58807,58817,10
12.9949102402,80.2172088623,58817,58827,10
12.9945402145,80.2174911499,58827,58837,10
12.9939804077,80.217918396,58837,58847,10
12.9933004379,80.2183990479,58847,58857,10
12.9925298691,80.218963623,58857,58867,10
12.9916801453,80.2195892334,58867,58877,10
12.9909696579,80.2201004028,58877,58887,10
12.9908800125,80.2201690674,58887,58897,10
12.9906902313,80.2203063965,58897,58908,11
12.9901199341,80.2207870483,58908,58918,10
12.9895200729,80.2214584351,58918,58928,10
12.988940239,80.2221298218,58928,58938,10
12.9883203506,80.2227401733,58938,58948,10
12.9878101349,80.2231063843,58948,58958,10
12.9877195358,80.2231292725,58958,58968,10
12.9873399734,80.2231216431,58968,59029,61
12.9873399734,80.2231216431,59029,59039,10
12.9870595932,80.2230606079,59039,59049,10
12.9868497849,80.2230300903,59049,59059,10
12.9867200851,80.2229995728,59059,59069,10
12.9863395691,80.2229690552,59069,59079,10
12.9859800339,80.2229919434,59079,59089,10
12.9855804443,80.2231674194,59089,59099,10
12.9851999283,80.2232666016,59099,59109,10
12.984629631,80.2230300903,59109,59119,10
12.984290123,80.2228393555,59119,59130,11
12.9839200974,80.222618103,59130,59140,10
12.9836301804,80.2224578857,59140,59150,10
12.9833803177,80.2222824097,59150,59160,10
12.9832601547,80.2222137451,59160,59170,10
12.9829301834,80.2220077515,59170,59180,10
12.9826402664,80.2218933105,59180,59190,10
12.9822998047,80.221786499,59190,59200,10
12.9818696976,80.2215423584,59200,59210,10
12.9813804626,80.221206665,59210,59220,10
12.980919838,80.2210464478,59220,59230,10
12.9803104401,80.2210922241,59230,59240,10
12.9796199799,80.2211532593,59240,59251,11
12.978770256,80.2211990356,59251,59261,10
12.9780797958,80.2212219238,59261,59271,10
12.9773197174,80.2212600708,59271,59281,10
12.9765396118,80.221282959,59281,59291,10
12.9761199951,80.2213668823,59291,59302,11
12.9762096405,80.2216720581,59302,59311,9
12.9765100479,80.2220611572,59311,59850,539
12.9765100479,80.2220611572,59850,59860,10
12.9766397476,80.2223587036,59860,59870,10
12.9768295288,80.2226333618,59870,59880,10
12.9770402908,80.2228088379,59880,59890,10
12.977230072,80.2227630615,59890,59900,10
12.9773597717,80.2227172852,59900,59910,10
12.9775104523,80.2225112915,59910,59920,10
12.9775104523,80.2220993042,59920,59931,11
12.9774703979,80.2215805054,59931,59941,10
12.9774999619,80.2212982178,59941,59951,10
12.9778699875,80.2212524414,59951,59961,10
12.97838974,80.221206665,59961,59971,10
12.9791402817,80.2211608887,59971,59981,10
12.9801397324,80.2210922241,59981,60255,274
12.9803304672,80.2210922241,60255,60407,152
12.9803304672,80.2210922241,60407,60417,10
12.9807395935,80.2210769653,60417,60427,10
12.9808597565,80.2210464478,60427,60437,10
12.9812698364,80.2211532593,60437,60457,20
12.9812698364,80.2211532593,60457,60467,10
12.9814500809,80.2212982178,60467,60477,10
12.9816398621,80.2213973999,60477,60508,31
12.9816398621,80.2213973999,60508,60518,10
12.9818401337,80.2215118408,60518,60528,10
12.9819803238,80.2215881348,60528,60538,10
12.982219696,80.2217178345,60538,60548,10
12.9825496674,80.2218322754,60548,60568,20
12.9825496674,80.2218322754,60568,60578,10
12.9828596115,80.2219390869,60578,60597,19
12.9828596115,80.2219390869,60597,60609,12
12.9832000732,80.2221298218,60609,60619,10
12.9833898544,80.2222671509,60619,60629,10
12.9835996628,80.2223968506,60629,60639,10
12.9840202332,80.2226409912,60639,60649,10
12.9844903946,80.2229385376,60649,60659,10
12.9850597382,80.2232437134,60659,60669,10
12.9855003357,80.2232437134,60669,60679,10
12.9859695435,80.2229995728,60679,60689,10
12.9863100052,80.2229919434,60689,60699,10
12.986530304,80.2229919434,60699,60709,10
12.9868497849,80.2230377197,60709,60720,11
12.9871397018,80.2230834961,60720,60730,10
12.9876098633,80.2230987549,60730,60740,10
12.9883003235,80.2227020264,60740,60750,10
12.9889297485,80.2220916748,60750,60760,10
12.9893598557,80.2215576172,60760,60770,10
12.9898900986,80.2209396362,60770,60780,10
12.9905700684,80.2203521729,60780,60790,10
12.9910898209,80.2199172974,60790,60800,10
12.9915103912,80.2195968628,60800,60810,10
12.9920196533,80.2192230225,60810,60820,10
12.9926395416,80.2187805176,60820,60831,11
12.9932699203,80.2182998657,60831,60841,10
12.9938602448,80.2178878784,60841,60851,10
12.9943704605,80.2175064087,60851,60861,10
12.9948301315,80.2171783447,60861,60871,10
12.9954395294,80.2168121338,60871,60881,10
12.9961996078,80.2166213989,60881,60891,10
12.9968299866,80.2165374756,60891,60901,10
12.9972496033,80.2164993286,60901,60911,10
12.997759819,80.2165298462,60911,60921,10
12.9984502792,80.2167205811,60921,60931,10
12.9992198944,80.217086792,60931,60941,10
13.0000095367,80.2175369263,60941,60952,11
13.0008096695,80.2180480957,60952,60962,10
13.0014896393,80.2185134888,60962,60972,10
13.0021600723,80.2191390991,60972,60982,10
13.002820015,80.2197189331,60982,60992,10
13.0036802292,80.2200164795,60992,61002,10
13.0045900345,80.2202224731,61002,61012,10
13.0055999756,80.2204589844,61012,61022,10
13.0066404343,80.2206802368,61022,61033,11
13.0077199936,80.2212371826,61033,61042,9
13.008649826,80.2217407227,61042,61052,10
13.0098199844,80.2223968506,61052,61062,10
13.0109100342,80.2229385376,61062,61072,10
13.0114402771,80.2231903076,61072,61112,40
13.0114402771,80.2231903076,61112,61123,11
13.011590004,80.2233428955,61123,61134,11
13.0120801926,80.2236480713,61134,61143,9
13.0126304626,80.2239379883,61143,61153,10
13.0134296417,80.2243499756,61153,61163,10
13.0143203735,80.2248001099,61163,61173,10
13.0150604248,80.2252197266,61173,61183,10
13.0153102875,80.2253799438,61183,61193,10
13.01541996,80.2256088257,61193,61203,10
13.0150604248,80.2259368896,61203,61213,10
13.0144701004,80.2261962891,61213,61223,10
13.0138101578,80.2264709473,61223,61233,10
13.0130300522,80.2267608643,61233,61243,10
13.0121803284,80.2271118164,61243,61253,10
13.0113296509,80.2274398804,61253,61265,12
13.0101099014,80.2279281616,61265,61275,10
13.009180069,80.2284698486,61275,61286,11
13.0089101791,80.2296676636,61286,61296,10
13.0086898804,80.2308273315,61296,61306,10
13.008480072,80.231918335,61306,61316,10
13.0082998276,80.233039856,61316,61326,10
13.0081701279,80.2337722778,61326,61336,10
13.0080604553,80.2343978882,61336,61346,10
13.0079402924,80.2350463867,61346,61356,10
13.0077896118,80.2357711792,61356,61366,10
13.0076303482,80.2365875244,61366,61376,10
13.0074501038,80.2375106812,61376,61386,10
13.0072698593,80.2384262085,61386,61397,11
13.0070800781,80.2394332886,61397,61407,10
13.0069799423,80.240020752,61407,61437,30
13.0069799423,80.2401733398,61437,61487,50
13.0069799423,80.2401733398,61487,61497,10
13.0069999695,80.2404098511,61497,61508,11
13.0068998337,80.2409515381,61508,61518,10
13.0068101883,80.2416610718,61518,61528,10
13.006770134,80.2426376343,61528,61538,10
13.0067596436,80.2435302734,61538,61548,10
13.0067501068,80.2443466187,61548,61568,20
13.0067501068,80.2443466187,61568,61578,10
13.0067501068,80.2446594238,61578,61598,20
13.0067501068,80.2446594238,61598,61608,10
13.0067501068,80.2450637817,61608,61618,10
13.006770134,80.2456207275,61618,61627,9
13.0067901611,80.2462463379,61627,61639,12
13.0068101883,80.2471389771,61639,61649,10
13.0067796707,80.248008728,61649,61659,10
13.0068101883,80.248916626,61659,61669,10
13.0069103241,80.2498474121,61669,61679,10
13.0068702698,80.2502593994,61679,61689,10
13.0068702698,80.250617981,61689,61790,101
13.0068702698,80.250617981,61790,61800,10
13.0068902969,80.2510604858,61800,61810,10
13.0068597794,80.2515029907,61810,61820,10
13.0067100525,80.251991272,61820,61830,10
13.0065698624,80.2528076172,61830,61840,10
13.0065603256,80.2537689209,61840,61851,11
13.0066204071,80.2549591064,61851,61861,10
13.0066404343,80.2560195923,61861,61871,10
13.0067100525,80.2570037842,61871,61891,20
13.0067100525,80.2570037842,61891,61901,10
13.0066795349,80.2571868896,61901,61911,10
13.0067300797,80.2575683594,61911,61921,10
13.0070295334,80.2582397461,61921,61931,10
13.0077104568,80.2587509155,61931,61941,10
13.0084295273,80.2590103149,61941,61951,10
13.0085697174,80.2590484619,61951,61962,11
13.0089302063,80.259147644,61962,61972,10
13.0095100403,80.2591629028,61972,61982,10
13.0103797913,80.2591705322,61982,61992,10
13.011469841,80.2591400146,61992,62002,10
13.0126800537,80.2591781616,62002,62012,10
13.013999939,80.2592010498,62012,62022,10
13.0152597427,80.259262085,62022,62032,10
13.0162401199,80.2595596313,62032,62042,10
13.0164899826,80.2597503662,62042,62052,10
13.0165395737,80.259803772,62052,62062,10
13.0169696808,80.2601165771,62062,62072,10
13.017660141,80.260597229,62072,62083,11
13.0185403824,80.2611999512,62083,62093,10
13.0191001892,80.2616424561,62093,62103,10
13.0195503235,80.2620391846,62103,62113,10
13.0199899673,80.2624969482,62113,62123,10
13.020359993,80.2629928589,62123,62133,10
13.0198602676,80.2630386353,62133,62144,11
13.0192298889,80.2630004883,62144,62154,10
13.0190296173,80.2632827759,62154,62162,8
13.019109726,80.2638931274,62162,62173,11
13.0189695358,80.2649383545,62173,62183,10
13.018819809,80.2654800415,62183,62193,10
13.0186901093,80.2661514282,62193,62204,11
13.0188398361,80.2671508789,62204,62215,11
13.019490242,80.2680969238,62215,62225,10
13.0202302933,80.2689819336,62225,62234,9
13.0207004547,80.2695465088,62234,62244,10
13.0212097168,80.2701568604,62244,62254,10
13.0215196609,80.2704925537,62254,62264,10
13.0216197968,80.2706375122,62264,62275,11
13.0220499039,80.2711868286,62275,62282,7
13.0223302841,80.2715377808,62282,62338,56
13.0223302841,80.2715377808,62338,62348,10
13.0224599838,80.2717285156,62348,62358,10
13.0225801468,80.2718811035,62358,62368,10
13.0227298737,80.2720489502,62368,62409,41
13.0227298737,80.2720489502,62409,62419,10
13.0228004456,80.2722015381,62419,62429,10
13.0229196548,80.2723693848,62429,62439,10
13.0231599808,80.2726974487,62439,62590,151
13.0231599808,80.2726974487,62590,62600,10
13.0232801437,80.272819519,62600,62610,10
13.0234899521,80.2731170654,62610,62620,10
13.0237798691,80.2735137939,62620,62630,10
13.0239200592,80.2737121582,62630,63016,386
13.0239200592,80.2737121582,63016,63024,8
13.0243701935,80.2743301392,63024,63084,60
13.0243701935,80.2743301392,63084,63097,13
13.0245800018,80.2745513916,63097,63107,10
13.0248403549,80.2746810913,63107,63117,10
13.0250101089,80.274772644,63117,63127,10
13.0252799988,80.274887085,63127,63137,10
13.0255098343,80.2749862671,63137,63147,10
13.0255203247,80.2749862671,63147,63157,10
13.025639534,80.2750396729,63157,63167,10
13.0258598328,80.2751617432,63167,63177,10
13.026260376,80.275390625,63177,63187,10
13.0263004303,80.2754135132,63187,63197,10
13.0265398026,80.2754821777,63197,63268,71
13.0265398026,80.2754821777,63268,63278,10
13.0268602371,80.2755966187,63278,63339,61
13.0268602371,80.2755966187,63339,63349,10
13.027299881,80.2758178711,63349,63430,81
13.027299881,80.2758178711,63430,63440,10
13.0276699066,80.2760162354,63440,63450,10
13.027759552,80.2760772705,63450,63460,10
13.0280199051,80.2761764526,63460,63470,10
13.0282297134,80.2762298584,63470,63480,10
13.0286798477,80.2763900757,63480,63561,81
13.0290298462,80.2765274048,63561,63662,101
13.0293798447,80.2766494751,63662,63722,60
13.0297803879,80.2767181396,63722,63813,91
13.0301399231,80.2768783569,63813,63924,111
13.0301399231,80.2768783569,63924,63934,10
13.0305900574,80.2770309448,63934,64014,80
13.0305900574,80.2770309448,64014,64024,10
13.0309801102,80.2773208618,64024,64036,12
13.0312099457,80.2774734497,64036,64044,8
13.0315303802,80.2775878906,64044,64085,41
13.0315303802,80.2775878906,64085,64095,10
13.031920433,80.2776031494,64095,64105,10
13.0324296951,80.2775421143,64105,64115,10
13.0331001282,80.2774810791,64115,64125,10
13.0335597992,80.2773590088,64125,64135,10
13.0339899063,80.2774505615,64135,64145,10
13.0343399048,80.2775421143,64145,64155,10
13.0347299576,80.277633667,64155,64165,10
13.0351896286,80.2776870728,64165,64175,10
13.0354099274,80.2777481079,64175,64205,30
13.0354099274,80.2777481079,64205,64217,12
13.0360202789,80.2778778076,64217,64228,11
13.0365896225,80.2780303955,64228,64238,10
13.0370597839,80.2782363892,64238,64248,10
13.0375900269,80.2783813477,64248,64258,10
13.0382995605,80.2785568237,64258,64268,10
13.0387496948,80.278678894,64268,64278,10
13.0389003754,80.278717041,64278,64288,10
13.0393104553,80.2788696289,64288,64298,10
13.0398597717,80.2790374756,64298,64308,10
13.0401697159,80.2791366577,64308,64318,10
13.0408201218,80.2792892456,64318,64328,10
13.0417203903,80.2794494629,64328,64339,11
13.0427398682,80.2795715332,64339,64359,20
13.0427398682,80.2795715332,64359,64369,10
13.0430603027,80.279586792,64369,64379,10
13.0436000824,80.2797622681,64379,64389,10
13.0442304611,80.2799377441,64389,64399,10
13.0449495316,80.2800369263,64399,64409,10
13.0457696915,80.2801513672,64409,64419,10
13.0466995239,80.2802886963,64419,64429,10
13.0477399826,80.2804336548,64429,64439,10
13.048789978,80.2805786133,64439,64450,11
13.0496397018,80.2807235718,64450,64460,10
13.0504302979,80.2808227539,64460,64470,10
13.0509195328,80.2808990479,64470,64480,10
13.0514097214,80.2809829712,64480,64490,10
13.0521802902,80.2810897827,64490,64500,10
13.0531597137,80.2812423706,64500,64510,10
13.0542001724,80.2814102173,64510,64520,10
13.0552101135,80.2816085815,64520,64530,10
13.0557603836,80.2817001343,64530,64540,10
13.0560798645,80.2817687988,64540,64549,9
13.056520462,80.2818603516,64549,64561,12
13.0565500259,80.281867981,64561,64571,10
13.0567703247,80.2819213867,64571,64581,10
13.0573701859,80.2820510864,64581,64591,10
13.0581197739,80.2822036743,64591,64601,10
13.0590600967,80.2823867798,64601,64611,10
13.0599803925,80.2825775146,64611,64621,10
13.060839653,80.2827606201,64621,64631,10
13.0616197586,80.2829284668,64631,64641,10
13.0621004105,80.2830123901,64641,64651,10
13.0627002716,80.2831497192,64651,64661,10
13.0627002716,80.2831497192,64661,64672,11
13.0631103516,80.283241272,64672,64682,10
13.0691795349,80.2845687866,64682,64746,64
13.072640419,80.285369873,64746,64777,31
13.0745897293,80.286277771,64777,64806,29
13.0745897293,80.286277771,64806,64839,33
13.0774202347,80.2874069214,64839,64849,10
13.0783500671,80.2876434326,64849,64859,10
13.0791797638,80.2879486084,64859,64868,9
13.0796203613,80.2881011963,64868,64879,11
13.0800895691,80.2881622314,64879,64889,10
13.080739975,80.2883529663,64889,64900,11
13.080909729,80.2883834839,64900,64910,10
13.081319809,80.288520813,64910,64920,10
13.0820598602,80.2887878418,64920,64930,10
13.0828399658,80.2891387939,64930,64940,10
13.083729744,80.2892379761,64940,64951,11
13.0847902298,80.2891998291,64951,64961,10
13.0857200623,80.2893218994,64961,64971,10
13.0866804123,80.2895584106,64971,64981,10
13.087439537,80.2898101807,64981,64991,10
13.0879602432,80.2900314331,64991,65001,10
13.0882701874,80.2901306152,65001,65012,11
13.0888204575,80.2902374268,65012,65062,50
13.0888204575,80.2902374268,65062,65072,10
13.0887899399,80.2905197144,65072,65082,10
13.0884199142,80.2903671265,65082,65092,10
13.0878601074,80.2901077271,65092,65102,10
13.0872001648,80.2898712158,65102,65112,10
13.0865001678,80.2896499634,65112,65123,11
13.0858097076,80.2894821167,65123,65133,10
13.085439682,80.2888870239,65133,65143,10
13.0851697922,80.2881011963,65143,65153,10
13.085149765,80.2873077393,65153,65163,10
13.0852298737,80.2862930298,65163,65173,10
13.0853300095,80.2851791382,65173,65183,10
13.0853099823,80.2844772339,65183,65193,10
13.0852804184,80.2841110229,65193,65203,10
13.085439682,80.2837600708,65203,65213,10
13.0855503082,80.2835922241,65213,65223,10
13.0859298706,80.2835998535,65223,65234,11
13.0863304138,80.2836608887,65234,65244,10
13.0866498947,80.2839431763,65244,65254,10
13.086979866,80.283996582,65254,65294,40
13.086979866,80.283996582,65294,65304,10
13.087220192,80.2839813232,65304,65314,10
13.0874595642,80.2839889526,65314,65324,10
13.087770462,80.2839813232,65324,65385,61
13.087770462,80.2839813232,65385,65395,10
13.0879497528,80.2840194702,65395,65405,10
13.088060379,80.2840194702,65405,65415,10
13.0881299973,80.2838134766,65415,65425,10
13.0882396698,80.2836227417,65425,65435,10
13.0882997513,80.2833099365,65435,65445,10
13.0883102417,80.2828674316,65445,65455,10
13.0882997513,80.2824783325,65455,65466,11
13.0882396698,80.2821273804,65466,65476,10
13.0880804062,80.2816467285,65476,65486,10
13.0882101059,80.2815322876,65486,65496,10
13.0884304047,80.2816009521,65496,65506,10
13.0885400772,80.2817611694,65506,65517,11
13.0885400772,80.2818832397,65517,65526,9
13.08852005,80.2820968628,65526,65537,11
13.088470459,80.2822799683,65537,65546,9
13.0884304047,80.2825698853,65546,65556,10
13.0883903503,80.2829284668,65556,65566,10
13.0883798599,80.2833099365,65566,65576,10
13.0883998871,80.283821106,65576,65586,10
13.0884199142,80.2844619751,65586,65597,11
13.0884504318,80.2849807739,65597,65637,40
13.0884504318,80.2849807739,65637,65648,11
13.088549614,80.2850265503,65648,65658,10
13.0885400772,80.2853775024,65658,65667,9
13.0885601044,80.2857208252,65667,65678,11
13.0885696411,80.2861022949,65678,65689,11
13.0885696411,80.2864379883,65689,65699,10
13.0885400772,80.2867126465,65699,65709,10
13.0885696411,80.2872390747,65709,65719,10
13.0885801315,80.2874298096,65719,65729,10
13.0886201859,80.287651062,65729,65739,10
13.0886697769,80.288192749,65739,65749,10
13.0887098312,80.2886505127,65749,65759,10
13.088760376,80.2890090942,65759,65769,10
13.0887804031,80.2893600464,65769,65779,10
13.0887699127,80.2893676758,65779,65789,10
13.0887403488,80.2896575928,65789,65800,11
13.0888004303,80.2901382446,65800,65810,10
13.0887899399,80.2902984619,65810,65820,10
13.0887203217,80.2905197144,65820,65830,10
13.0884504318,80.2904281616,65830,65840,10
13.088060379,80.2902297974,65840,65850,10
13.0875902176,80.2900009155,65850,65860,10
13.0869197845,80.2897186279,65860,65870,10
13.0860500336,80.2894592285,65870,65880,10
13.0851097107,80.2892379761,65880,65890,10
13.0841903687,80.2892608643,65890,65900,10
13.0833597183,80.2892837524,65900,65911,11
13.0824203491,80.2890167236,65911,65921,10
13.0814599991,80.2886734009,65921,65931,10
13.0806303024,80.2884368896,65931,65951,20
13.0806303024,80.2884368896,65951,65961,10
13.0806102753,80.2884063721,65961,65971,10
13.0804100037,80.2883529663,65971,65981,10
13.0802698135,80.2883071899,65981,65991,10
13.0802202225,80.2882995605,65991,66001,10
13.0800304413,80.2882385254,66001,66011,10
13.0794296265,80.2881317139,66011,66022,11
13.0785503387,80.2877731323,66022,66032,10
13.0774898529,80.2874908447,66032,66042,10
13.0762996674,80.2871780396,66042,66052,10
13.0752601624,80.2867736816,66052,66062,10
13.0744600296,80.286277771,66062,66072,10
13.0737895966,80.2861404419,66072,66082,10
13.073340416,80.2860565186,66082,66092,10
13.0729398727,80.2857971191,66092,66099,7
13.072520256,80.2855529785,66099,66112,13
13.0719299316,80.2853927612,66112,66121,9
13.0717201233,80.2853317261,66121,66133,12
13.0712795258,80.2852325439,66133,66143,10
13.0710401535,80.2851791382,66143,66153,10
13.0707302094,80.2851104736,66153,66163,10
13.0703697205,80.2850189209,66163,66173,10
13.0700902939,80.284942627,66173,66183,10
13.0700101852,80.2849197388,66183,66193,10
13.0698299408,80.284866333,66193,66203,10
13.0693902969,80.2847671509,66203,66213,10
13.068980217,80.2846603394,66213,66223,10
13.0687999725,80.2846069336,66223,66233,10
13.0686702728,80.2845916748,66233,66244,11
13.068479538,80.284538269,66244,66254,10
13.0682497025,80.2844924927,66254,66264,10
13.0679798126,80.2844390869,66264,66274,10
13.0674104691,80.2843475342,66274,66284,10
13.0665502548,80.2841567993,66284,66294,10
13.0656299591,80.2839431763,66294,66304,10
13.0649795532,80.2837677002,66304,66334,30
13.0649795532,80.2837677002,66334,66346,12
13.0645399094,80.283706665,66346,66366,20
13.0645399094,80.283706665,66366,66376,10
13.064160347,80.2836227417,66376,66388,12
13.0636196136,80.2834777832,66388,66396,8
13.0629396439,80.2833175659,66396,66406,10
13.0629396439,80.2833175659,66406,66418,12
13.0626897812,80.2832489014,66418,66427,9
13.0610904694,80.2828903198,66427,66498,71
13.0610904694,80.2828903198,66498,66519,21
13.0607404709,80.2828063965,66519,66529,10
13.060210228,80.282699585,66529,66539,10
13.0594596863,80.2825393677,66539,66548,9
13.0587501526,80.282409668,66548,66558,10
13.058380127,80.282333374,66558,66568,10
13.0581502914,80.2822875977,66568,66579,11
13.0580797195,80.2822723389,66579,66590,11
13.0578804016,80.2822494507,66590,66600,10
13.0577497482,80.2822189331,66600,66610,10
13.0572795868,80.2821121216,66610,66620,10
13.0567598343,80.2819976807,66620,66630,10
13.0567302704,80.2819976807,66630,66640,10
13.0563297272,80.2819213867,66640,66650,10
13.0560398102,80.2818603516,66650,66660,10
13.0554800034,80.2817382813,66660,66670,10
13.0546798706,80.2815704346,66670,66680,10
13.0537395477,80.2814025879,66680,66690,10
13.0528097153,80.28125,66690,66701,11
13.0517702103,80.2810821533,66701,66711,10
13.0509996414,80.280960083,66711,66721,10
13.050239563,80.2808685303,66721,66731,10
13.0494403839,80.2807312012,66731,66741,10
13.0485296249,80.2806015015,66741,66751,10
13.0476398468,80.2804718018,66751,66761,10
13.0466604233,80.2803268433,66761,66771,10
13.04570961,80.2802200317,66771,66781,10
13.044839859,80.2801132202,66781,66791,10
13.0440797806,80.2799987793,66791,66801,10
13.0439300537,80.2799835205,66801,66812,11
13.0438499451,80.2799835205,66812,66822,10
13.0435695648,80.2799301147,66822,66832,10
13.0430402756,80.2797775269,66832,66842,10
13.0423402786,80.2796401978,66842,66852,10
13.0416297913,80.279510498,66852,66862,10
13.0411500931,80.2794113159,66862,66872,10
13.040769577,80.2793426514,66872,66882,10
13.0402402878,80.2792434692,66882,66892,10
13.0396795273,80.2790679932,66892,66902,10
13.0392303467,80.2789382935,66902,66912,10
13.0390396118,80.2789382935,66912,66923,11
13.0390195847,80.2789306641,66923,66933,10
13.0386600494,80.2787780762,66933,66943,10
13.038069725,80.2786026001,66943,66953,10
13.0374603271,80.278427124,66953,66963,10
13.0369300842,80.2782516479,66963,66973,10
13.0364103317,80.2780380249,66973,66983,10
13.0359401703,80.2779388428,66983,66993,10
13.0354404449,80.2778167725,66993,67003,10
13.0349798203,80.2777481079,67003,67013,10
13.0345602036,80.2776565552,67013,67023,10
13.0341396332,80.2775421143,67023,67034,11
13.033949852,80.2774963379,67034,67044,10
13.0337600708,80.2774581909,67044,67054,10
13.0333595276,80.2775192261,67054,67064,10
13.0328102112,80.277557373,67064,67074,10
13.0323495865,80.2775802612,67074,67084,10
13.0318098068,80.2776565552,67084,67094,10
13.0314598083,80.2776412964,67094,67104,10
13.0314502716,80.277633667,67104,67114,10
13.0313301086,80.2775802612,67114,67124,10
13.0310602188,80.2774200439,67124,67134,10
13.0310096741,80.2773971558,67134,67145,11
13.0308103561,80.2772674561,67145,67155,10
13.0303697586,80.2770614624,67155,67165,10
13.0302495956,80.2770004272,67165,67175,10
13.0299596786,80.2768936157,67175,67185,10
13.0293197632,80.2766799927,67185,67197,12
13.028670311,80.2764511108,67197,67207,10
13.0285701752,80.2764129639,67207,67217,10
13.0281000137,80.2761993408,67217,67227,10
13.0274095535,80.275932312,67227,67238,11
13.026720047,80.2756118774,67238,67247,9
13.0261201859,80.2753677368,67247,67277,30
13.0261201859,80.2753677368,67277,67289,12
13.025759697,80.2752227783,67289,67297,8
13.0253601074,80.2750473022,67297,67307,10
13.0249996185,80.2748794556,67307,67319,12
13.024479866,80.2745819092,67319,67329,10
13.0239896774,80.274017334,67329,67339,10
13.0235300064,80.2733917236,67339,67348,9
13.023059845,80.2727508545,67348,67358,10
13.0224599838,80.2719421387,67358,67368,10
13.0218896866,80.2712020874,67368,67378,10
13.021320343,80.2704696655,67378,67388,10
13.020939827,80.2700271606,67388,67400,12
13.0208997726,80.2699737549,67400,67408,8
13.0207395554,80.2697982788,67408,67418,10
13.020409584,80.2693099976,67418,67430,12
13.0197496414,80.2685089111,67430,67440,10
13.019109726,80.2677764893,67440,67448,8
13.0187301636,80.2671508789,67448,67458,10
13.0186100006,80.2662506104,67458,67468,10
13.018699646,80.2656173706,67468,67481,13
13.0190000534,80.264541626,67481,67491,10
13.018989563,80.2637329102,67491,67501,10
13.0189304352,80.263343811,67501,67511,10
13.0188903809,80.2630386353,67511,67521,10
13.0188703537,80.2627410889,67521,67531,10
13.0187997818,80.2621231079,67531,67541,10
13.0187301636,80.2616577148,67541,67551,10
13.0186595917,80.2614135742,67551,67561,10
13.0185003281,80.2612686157,67561,67571,10
13.0183000565,80.261138916,67571,67578,7
13.0180997849,80.2610015869,67578,67592,14
13.0174503326,80.2605819702,67592,67602,10
13.016869545,80.2602005005,67602,67612,10
13.0161104202,80.2597885132,67612,67642,30
13.0161104202,80.2597885132,67642,67652,10
13.0158901215,80.2596817017,67652,67662,10
13.0154304504,80.2595062256,67662,67672,10
13.0147695541,80.2594070435,67672,67682,10
13.0140399933,80.2593612671,67682,67692,10
13.0131502151,80.2593231201,67692,67703,11
13.0120601654,80.2592697144,67703,67713,10
13.0111398697,80.2592391968,67713,67723,10
13.010140419,80.2592391968,67723,67733,10
13.0090999603,80.2592315674,67733,67743,10
13.0081195831,80.2591171265,67743,67753,10
13.007229805,80.2585983276,67753,67763,10
13.006649971,80.2576904297,67763,67773,10
13.0065202713,80.2565536499,67773,67783,10
13.0065202713,80.2554473877,67783,67793,10
13.0064897537,80.2545776367,67793,67802,9
13.0064601898,80.2542266846,67802,67813,11
13.0064601898,80.2542114258,67813,67824,11
13.0065002441,80.2540893555,67824,67834,10
13.0065097809,80.2536315918,67834,67844,10
13.0065002441,80.2529296875,67844,67854,10
13.0065803528,80.2521591187,67854,67884,30
13.0065803528,80.2521591187,67884,67894,10
13.0065698624,80.2520065308,67894,67904,10
13.0066795349,80.2514877319,67904,67913,9
13.0067396164,80.2507629395,67913,67924,11
13.0067300797,80.2496795654,67924,67935,11
13.006649971,80.2485961914,67935,67945,10
13.0066003799,80.2479019165,67945,67995,50
13.0065402985,80.2478637695,67995,68056,61
13.0065402985,80.2478637695,68056,68066,10
13.0066003799,80.2477722168,68066,68076,10
13.0065898895,80.2473373413,68076,68086,10
13.0065803528,80.2469100952,68086,68096,10
13.0065698624,80.2466125488,68096,68106,10
13.0065698624,80.24659729,68106,68116,10
13.0065803528,80.2465286255,68116,68126,10
13.0065603256,80.2461395264,68126,68136,10
13.0065498352,80.2457885742,68136,68146,10
13.0065603256,80.2456512451,68146,68157,11
13.0065698624,80.2453765869,68157,68167,10
13.0065803528,80.2451629639,68167,68177,10
13.0065698624,80.2447967529,68177,68197,20
13.0065698624,80.2447967529,68197,68207,10
13.0065898895,80.2444915771,68207,68217,10
13.0065698624,80.2443008423,68217,68227,10
13.0065498352,80.2440719604,68227,68237,10
13.0065498352,80.2437896729,68237,68247,10
13.0065603256,80.2434692383,68247,68257,10
13.006529808,80.2428970337,68257,68268,11
13.0065202713,80.2419891357,68268,68278,10
13.0065498352,80.2412033081,68278,68288,10
13.0065803528,80.2409820557,68288,68298,10
13.0066204071,80.2408218384,68298,68308,10
13.0066299438,80.2407684326,68308,68318,10
13.0067195892,80.2403717041,68318,68328,10
13.0068597794,80.2397766113,68328,68338,10
13.0070199966,80.2389297485,68338,68349,11
13.0071296692,80.2381591797,68349,68359,10
13.007229805,80.2377090454,68359,68368,9
13.0073699951,80.236831665,68368,68388,20
13.0073699951,80.236831665,68388,68400,12
13.0074396133,80.2366333008,68400,68408,8
13.0075101852,80.236289978,68408,68420,12
13.0076599121,80.2354812622,68420,68430,10
13.007809639,80.2347564697,68430,68439,9
13.0079698563,80.2340164185,68439,68449,10
13.0081501007,80.2331085205,68449,68459,10
13.0083398819,80.2321929932,68459,68469,10
13.0084896088,80.2313308716,68469,68479,10
13.0086803436,80.230430603,68479,68491,12
13.0089101791,80.229309082,68491,68499,8
13.009059906,80.2285919189,68499,68509,10
13.0093402863,80.2277832031,68509,68519,10
13.0096702576,80.2270126343,68519,68531,12
13.0098600388,80.2265777588,68531,68541,10
13.0100498199,80.2261581421,68541,68571,30
13.0100498199,80.2261581421,68571,68579,8
13.010219574,80.2257614136,68579,68591,12
13.0104398727,80.2253112793,68591,68602,11
13.01060009,80.2250213623,68602,68612,10
13.0107297897,80.2246704102,68612,68622,10
13.0109796524,80.2240371704,68622,68632,10
13.011179924,80.2235412598,68632,68642,10
13.0111103058,80.2232437134,68642,68652,10
13.0107402802,80.2230300903,68652,68662,10
13.0102796555,80.2227935791,68662,68672,10
13.0095796585,80.2223968506,68672,68682,10
13.0087900162,80.2219696045,68682,68692,10
13.0080404282,80.2215805054,68692,68702,10
13.0075101852,80.2212905884,68702,68713,11
13.0071601868,80.2210693359,68713,68723,10
13.0067195892,80.2208480835,68723,68733,10
13.0060796738,80.2206573486,68733,68743,10
13.0053901672,80.2205200195,68743,68753,10
13.0049295425,80.220413208,68753,68763,10
13.0046796799,80.2203521729,68763,68773,10
13.0042695999,80.2202377319,68773,68783,10
13.0040197372,80.2201766968,68783,68793,10
13.0039396286,80.2201690674,68793,68803,10
13.0035800934,80.2200698853,68803,68813,10
13.0032100677,80.2199783325,68813,68894,81
13.0028600693,80.219871521,68894,68945,51
13.0028600693,80.219871521,68945,68955,10
13.0026397705,80.2197418213,68955,68965,10
13.0024404526,80.219581604,68965,68985,20
13.0024404526,80.219581604,68985,68995,10
13.0021600723,80.219291687,68995,69005,10
13.0021495819,80.2192764282,69005,69015,10
13.0019397736,80.2190475464,69015,69035,20
13.0017595291,80.2188415527,69035,69066,31
13.0017595291,80.2188415527,69066,69076,10
13.0013198853,80.2185134888,69076,69116,40
13.0010204315,80.2182769775,69116,69136,20
13.0010204315,80.2182769775,69136,69146,10
13.0008201599,80.2181472778,69146,69187,41
13.0008201599,80.2181472778,69187,69197,10
13.00041008,80.2178878784,69197,69207,10
13.0002403259,80.2177810669,69207,69215,8
13.0000801086,80.2176818848,69215,69267,52
12.9997301102,80.2174682617,69267,69288,21
12.9997301102,80.2174682617,69288,69298,10
12.9992704391,80.2172088623,69298,69338,40
12.9992704391,80.2172088623,69338,69348,10
12.9986495972,80.2169494629,69348,69368,20
12.9986495972,80.2169494629,69368,69378,10
12.9981603622,80.2167510986,69378,69439,61
12.9981603622,80.2167510986,69439,69449,10
12.9979000092,80.2166595459,69449,69459,10
12.9976501465,80.2166366577,69459,69469,10
12.9973096848,80.2166213989,69469,69479,10
12.9970798492,80.2166290283,69479,69489,10
12.9968996048,80.2166290283,69489,69499,10
12.9967002869,80.2166290283,69499,69509,10
12.9964103699,80.2166213989,69509,69520,11
12.9962396622,80.2166595459,69520,69529,9
12.9959802628,80.2167205811,69529,69540,11
12.9957304001,80.216796875,69540,69570,30
12.9957304001,80.216796875,69570,69580,10
12.9953203201,80.2169570923,69580,69591,11
12.9951000214,80.2171020508,69591,69600,9
12.9948596954,80.2172622681,69600,69610,10
12.9944295883,80.2175827026,69610,69622,12
12.9940395355,80.2178497314,69622,69632,10
12.9936199188,80.2181472778,69632,69642,10
12.9930295944,80.2185516357,69642,69652,10
12.992389679,80.219039917,69652,69660,8
12.9918699265,80.2194290161,69660,69672,12
12.9916496277,80.2196273804,69672,69682,10
12.9913396835,80.219833374,69682,69692,10
12.9909095764,80.220123291,69692,69702,10
12.9907598495,80.2202606201,69702,69712,10
12.9904298782,80.2205505371,69712,69763,51
12.9904298782,80.2205505371,69763,69773,10
12.9900798798,80.2208023071,69773,69783,10
12.9895601273,80.2213668823,69783,69793,10
12.9891901016,80.2218475342,69793,69803,10
12.9887399673,80.2223587036,69803,69813,10
12.9881896973,80.2228622437,69813,69823,10
12.9877300262,80.2231369019,69823,69833,10
12.9874897003,80.22315979,69833,69854,21
12.9874897003,80.22315979,69854,69864,10
12.9871397018,80.2231369019,69864,69884,20
12.9871397018,80.2231369019,69884,69894,10
12.9869403839,80.2231063843,69894,69904,10
12.9866399765,80.2230606079,69904,69914,10
12.9860601425,80.2230224609,69914,69924,10
12.9855499268,80.2232513428,69924,69934,10
12.9852104187,80.2233200073,69934,69944,10
12.984749794,80.22315979,69944,69955,11
12.9842596054,80.222869873,69955,69965,10
12.983880043,80.22265625,69965,69975,10
12.983499527,80.222442627,69975,69985,10
12.9831895828,80.2222290039,69985,69995,10
12.9831800461,80.2222213745,69995,70005,10
12.9829702377,80.2220993042,70005,70035,30
12.9829702377,80.2220993042,70035,70045,10
12.9826698303,80.2219390869,70045,70055,10
12.9822702408,80.2218399048,70055,70066,11
12.9817695618,80.2215576172,70066,70076,10
12.9812202454,80.2212295532,70076,70086,10
12.9804801941,80.2211532593,70086,70096,10
12.9797697067,80.221206665,70096,70106,10
12.9790096283,80.2212524414,70106,70115,9
12.9783802032,80.2212600708,70115,70138,23
12.976650238,80.221321106,70138,70148,10
12.9761400223,80.2213973999,70148,70189,41
12.9761400223,80.2213973999,70189,70199,10
12.9760398865,80.2215499878,70199,70209,10
12.976559639,80.2222366333,70209,70219,10
12.9765701294,80.2222671509,70219,70818,599
12.9770002365,80.222869873,70818,70871,53
12.9773702621,80.2227706909,70871,70901,30
12.9774303436,80.2217025757,70901,70940,39
12.9779901505,80.2212905884,70940,70971,31
12.9798603058,80.2211532593,70971,71002,31
12.9814901352,80.2213516235,71002,71032,30
12.98279953,80.2219772339,71032,71065,33
12.9831695557,80.2221984863,71065,71095,30
12.9844503403,80.2229995728,71095,71124,29
12.9855699539,80.22315979,71124,71154,30
12.9865903854,80.2230377197,71154,71186,32
12.9865903854,80.2230377197,71186,71215,29
12.9871301651,80.2231216431,71215,71226,11
12.9877195358,80.2231063843,71226,71236,10
12.9883098602,80.2227020264,71236,71246,10
12.9889202118,80.222076416,71246,71256,10
12.9894104004,80.2214279175,71256,71266,10
12.9899597168,80.2207717896,71266,71276,10
12.9902095795,80.2205963135,71276,71286,10
12.9905996323,80.2202835083,71286,71307,21
12.9905996323,80.2202835083,71307,71317,10
12.9909095764,80.2200317383,71317,71327,10
12.991109848,80.2198486328,71327,71337,10
12.9911699295,80.2198181152,71337,71347,10
12.9915599823,80.219543457,71347,71357,10
12.9921598434,80.2191162109,71357,71367,10
12.9928398132,80.2186126709,71367,71377,10
12.9934797287,80.2181396484,71377,71387,10
12.994020462,80.2177581787,71387,71397,10
12.9945201874,80.2173995972,71397,71406,9
12.9949798584,80.2170715332,71406,71418,12
12.9957199097,80.2167205811,71418,71428,10
12.9962997437,80.2166137695,71428,71438,10
12.9966802597,80.2165679932,71438,71448,10
12.9971199036,80.2165298462,71448,71458,10
12.9975204468,80.2165298462,71458,71468,10
12.997590065,80.2165374756,71468,71478,10
12.9979400635,80.2166137695,71478,71488,10
12.9984903336,80.216796875,71488,71498,10
12.9991197586,80.2170791626,71498,71508,10
12.99958992,80.2173461914,71508,71517,9
12.9998703003,80.2175216675,71517,71529,12
13.0002098083,80.2177429199,71529,71539,10
13.0003995895,80.2178726196,71539,71549,10
13.0005998611,80.2179870605,71549,71559,10
13.0007696152,80.2181015015,71559,71568,9
13.0008897781,80.218170166,71568,71579,11
13.0010595322,80.2182693481,71579,71589,10
13.0013504028,80.2184829712,71589,71599,10
13.0017404556,80.2188110352,71599,71609,10
13.001950264,80.219039917,71609,71619,10
13.0021800995,80.2192611694,71619,71629,10
13.0024299622,80.2195205688,71629,71641,12
13.0026798248,80.2197189331,71641,71649,8
13.0030498505,80.2199020386,71649,71661,12
13.003780365,80.2201080322,71661,71669,8
13.0041704178,80.220199585,71669,71679,10
13.0048103333,80.2203521729,71679,71691,12
13.00578022,80.2205581665,71691,71699,8
13.0063495636,80.2206802368,71699,71709,10
13.0065898895,80.2207565308,71709,71719,10
13.0070896149,80.2210083008,71719,71729,10
13.0078601837,80.2214126587,71729,71740,11
13.0088996887,80.2219619751,71740,71750,10
13.0099201202,80.2225036621,71750,71761,11
13.0113601685,80.2232131958,71761,71850,89
13.0113601685,80.2232131958,71850,71861,11
13.0115098953,80.2234191895,71861,71873,12
13.012049675,80.2237091064,71873,71883,10
13.0126495361,80.2240066528,71883,71893,10
13.0133800507,80.2244033813,71893,71903,10
13.0140800476,80.2247619629,71903,71913,10
13.0146799088,80.2250671387,71913,71923,10
13.0151596069,80.2253036499,71923,71933,10
13.0153598785,80.2255020142,71933,71943,10
13.0151500702,80.2259216309,71943,71953,10
13.014960289,80.226020813,71953,71963,10
13.0149297714,80.2260284424,71963,71973,10
13.0145797729,80.2261734009,71973,71984,11
13.013589859,80.2266082764,71984,72004,20
13.013589859,80.2266082764,72004,72014,10
13.0131797791,80.2267532349,72014,72024,10
13.0124902725,80.2270202637,72024,72034,10
13.011639595,80.2273406982,72034,72044,10
13.0107002258,80.2276992798,72044,72054,10
13.0098199844,80.2280578613,72054,72064,10
13.0091104507,80.2285385132,72064,72074,10
13.0088996887,80.2294998169,72074,72084,10
13.0087003708,80.2305984497,72084,72095,11
13.0084896088,80.2317276001,72095,72105,10
13.0082998276,80.2327423096,72105,72115,10
13.0081796646,80.2336196899,72115,72135,20
13.0081796646,80.2336196899,72135,72145,10
13.0080795288,80.2339477539,72145,72155,10
13.0079603195,80.2345581055,72155,72165,10
13.0078001022,80.2353515625,72165,72175,10
13.0076303482,80.2362213135,72175,72185,10
13.0074501038,80.2371063232,72185,72195,10
13.0072698593,80.2380065918,72195,72206,11
13.0071001053,80.2389297485,72206,72216,10
13.0069999695,80.2395019531,72216,72226,10
13.0069103241,80.2398986816,72226,72236,10
13.0068397522,80.2404937744,72236,72246,10
13.0067996979,80.240852356,72246,72256,10
13.0068101883,80.2409515381,72256,72266,10
13.0067396164,80.2413711548,72266,72276,10
13.0066900253,80.2422027588,72276,72286,10
13.0066699982,80.243057251,72286,72296,10
13.0066699982,80.2438278198,72296,72305,9
13.0066604614,80.2444992065,72305,72317,12
13.0066604614,80.2452392578,72317,72327,10
13.0066795349,80.2458572388,72327,72337,10
13.0066900253,80.246307373,72337,72347,10
13.0066900253,80.2463226318,72347,72357,10
13.0066995621,80.2465896606,72357,72367,10
13.0066995621,80.2467880249,72367,72377,10
13.0067195892,80.2470932007,72377,72387,10
13.0067100525,80.2472610474,72387,72397,10
13.0066699982,80.2476119995,72397,72407,10
13.0066795349,80.2483062744,72407,72417,10
13.0067195892,80.2492904663,72417,72428,11
13.0067596436,80.2505187988,72428,72438,10
13.0067596436,80.2513885498,72438,72448,10
13.0066003799,80.2520828247,72448,72458,10
13.0064897537,80.2529525757,72458,72468,10
13.0065002441,80.2539215088,72468,72478,10
13.0065498352,80.2549591064,72478,72488,10
13.0065698624,80.256111145,72488,72498,10
13.0066404343,80.2573928833,72498,72589,91
13.0066404343,80.2573928833,72589,72599,10
13.0066604614,80.2577972412,72599,72609,10
13.0070495605,80.2583999634,72609,72619,10
13.0078802109,80.2588500977,72619,72629,10
13.008480072,80.2590408325,72629,72639,10
13.0085000992,80.2590408325,72639,72650,11
13.0087299347,80.2591018677,72650,72660,10
13.0092401505,80.2591171265,72660,72672,12
13.010140419,80.2591323853,72672,72682,10
13.0111198425,80.2591171265,72682,72690,8
13.0119895935,80.2591323853,72690,72700,10
13.0131998062,80.2591934204,72700,72711,11
13.0146398544,80.2592391968,72711,72722,11
13.0157299042,80.2593765259,72722,72732,10
13.0162401199,80.2596206665,72732,72742,10
13.0163202286,80.2596817017,72742,72752,10
13.0163497925,80.259727478,72752,72763,11
13.016579628,80.2599105835,72763,72771,8
13.0168600082,80.2601089478,72771,72781,10
13.0174198151,80.2604980469,72781,72791,10
13.0180397034,80.2609329224,72791,72803,12
13.018699646,80.2613983154,72803,72811,8
13.0190401077,80.2616882324,72811,72821,10
13.0193099976,80.2619094849,72821,72831,10
13.019610405,80.2622070313,72831,72843,12
13.0201997757,80.2627868652,72843,72851,8
13.0201797485,80.2630462646,72851,72861,10
13.0197601318,80.2630386353,72861,72871,10
13.0191802979,80.2629776001,72871,72884,13
13.0189304352,80.2631835938,72884,72894,10
13.0190200806,80.2637176514,72894,72904,10
13.0190401077,80.2644805908,72904,72912,8
13.0188703537,80.2650909424,72912,72924,12
13.0187397003,80.2656097412,72924,72934,10
13.0186395645,80.2662277222,72934,72944,10
13.0187101364,80.266960144,72944,72954,10
13.019080162,80.2676620483,72954,72964,10
13.0196399689,80.2683410645,72964,72974,10
13.0202302933,80.2690887451,72974,72984,10
13.0206604004,80.2696304321,72984,72995,11
13.0211000443,80.270149231,72995,73005,10
13.0214004517,80.2705001831,73005,73015,10
13.0214004517,80.2705078125,73015,73025,10
13.0215101242,80.2706375122,73025,73035,10
13.0218200684,80.2710418701,73035,73045,10
13.022069931,80.2713394165,73045,73055,10
13.0223903656,80.2717666626,73055,73063,8
13.0227203369,80.2721786499,73063,73156,93
13.0227203369,80.2721786499,73156,73166,10
13.0228796005,80.2724304199,73166,73176,10
13.0232095718,80.2728805542,73176,73186,10
13.0234899521,80.2732467651,73186,73196,10
13.023639679,80.2734603882,73196,73206,10
13.0237703323,80.2736434937,73206,73257,51
13.0237703323,80.2736434937,73257,73267,10
13.0239896774,80.2739334106,73267,73277,10
13.024310112,80.2743682861,73277,73287,10
13.0247898102,80.2747497559,73287,73297,10
13.0253200531,80.2749481201,73297,73307,10
13.0253601074,80.2749710083,73307,73317,10
13.0253801346,80.2749786377,73317,73328,11
13.0256099701,80.2750930786,73328,73338,10
13.0261001587,80.2753295898,73338,73348,10
13.0264997482,80.2755126953,73348,73358,10
13.0271196365,80.2757873535,73358,73368,10
13.0277700424,80.2760925293,73368,73378,10
13.0283403397,80.2763137817,73378,73388,10
13.0287103653,80.2764511108,73388,73398,10
13.0291595459,80.2766036987,73398,73408,10
13.0293798447,80.2766723633,73408,73418,10
13.0296497345,80.2767028809,73418,73428,10
13.0300102234,80.27684021,73428,73439,11
13.0305204391,80.2770767212,73439,73449,10
13.0306100845,80.2771377563,73449,73459,10
13.0309400558,80.2773513794,73459,73469,10
13.0313100815,80.2776031494,73469,73509,40
13.0313100815,80.2776031494,73509,73519,10
13.0315799713,80.2776184082,73519,73529,10
13.0318698883,80.2776184082,73529,73539,10
13.0324001312,80.2775497437,73539,73550,11
13.0326900482,80.2775421143,73550,73560,10
13.033080101,80.2774581909,73560,73570,10
13.0334701538,80.277381897,73570,73580,10
13.0335998535,80.2773895264,73580,73590,10
13.0339899063,80.2774887085,73590,73610,20
13.0339899063,80.2774887085,73610,73620,10
13.0342502594,80.277557373,73620,73630,10
13.0345697403,80.2776107788,73630,73640,10
13.0350103378,80.2776794434,73640,73650,10
13.0351800919,80.2777328491,73650,73661,11
13.0355195999,80.2778015137,73661,73671,10
13.0359201431,80.2778625488,73671,73681,10
13.0360803604,80.2778930664,73681,73691,10
13.036529541,80.2780075073,73691,73701,10
13.036740303,80.2781066895,73701,73711,10
13.0369997025,80.2782287598,73711,73732,21
13.0369997025,80.2782287598,73732,73742,10
13.0375299454,80.2783737183,73742,73752,10
13.0382204056,80.2785491943,73752,73762,10
13.0389099121,80.2787399292,73762,73783,21
13.0389099121,80.2787399292,73783,73793,10
13.0392599106,80.2788772583,73793,73803,10
13.0398101807,80.2790527344,73803,73812,9
13.0405101776,80.2792205811,73812,73823,11
13.0415296555,80.2794189453,73823,73833,10
13.0425195694,80.279548645,73833,73842,9
13.043299675,80.2796630859,73842,73852,10
13.0439395905,80.2798614502,73852,73862,10
13.0447502136,80.2799911499,73862,73873,11
13.0456399918,80.280128479,73873,73882,9
13.0462999344,80.2802200317,73882,73894,12
13.0472297668,80.2803726196,73894,73904,10
13.0481595993,80.2804870605,73904,73912,8
13.0489196777,80.2806015015,73912,73924,12
13.0497903824,80.280708313,73924,73934,10
13.050359726,80.2807769775,73934,73942,8
13.0504398346,80.2807922363,73942,73952,10
13.0505504608,80.2808074951,73952,73964,12
13.0511798859,80.280921936,73964,73974,10
13.0519895554,80.2810592651,73974,73984,10
13.0528898239,80.2811965942,73984,73994,10
13.0538196564,80.2813491821,73994,74005,11
13.054980278,80.281578064,74005,74015,10
13.0559196472,80.28175354,74015,74025,10
13.056429863,80.2818527222,74025,74035,10
13.0564403534,80.2818527222,74035,74045,10
13.0565795898,80.281867981,74045,74055,10
13.0570497513,80.2819671631,74055,74065,10
13.057299614,80.2820205688,74065,74075,10
13.0578899384,80.2821426392,74075,74085,10
13.0586595535,80.2823181152,74085,74095,10
13.0596199036,80.2825317383,74095,74105,10
13.0606403351,80.2827529907,74105,74116,11
13.0617198944,80.2829818726,74116,74126,10
13.0626602173,80.2831802368,74126,74136,10
13.0630397797,80.283241272,74136,74146,10
13.0630702972,80.2832565308,74146,74156,10
13.0635099411,80.2833633423,74156,74166,10
13.0643100739,80.2835617065,74166,74176,10
13.0653600693,80.2837982178,74176,74186,10
13.0665197372,80.2840576172,74186,74196,10
13.0673398972,80.2842102051,74196,74206,10
13.0674600601,80.2842178345,74206,74216,10
13.0677499771,80.2842788696,74216,74225,9
13.0683298111,80.2843780518,74225,74237,12
13.070309639,80.2848892212,74237,74247,10
13.070309639,80.2848892212,74247,74257,10
13.0713996887,80.28515625,74257,74266,9
13.0749197006,80.2865371704,74266,74332,66
13.0749197006,80.2865371704,74332,74363,31
13.0768499374,80.2873077393,74363,74372,9
13.0777902603,80.2875366211,74372,74382,10
13.0788002014,80.2878265381,74382,74392,10
13.0795001984,80.2880783081,74392,74404,12
13.0796804428,80.2881011963,74404,74413,9
13.0799598694,80.2881698608,74413,74423,10
13.0804004669,80.2882919312,74423,74433,10
13.0806903839,80.2883300781,74433,74445,12
13.0809698105,80.2884674072,74445,74455,10
13.0815896988,80.2886810303,74455,74465,10
13.0822496414,80.2889099121,74465,74475,10
13.0830602646,80.2892379761,74475,74484,9
13.0839395523,80.2892379761,74484,74495,11
13.0851802826,80.2891998291,74495,74505,10
13.0862998962,80.2894363403,74505,74515,10
13.0873603821,80.2897872925,74515,74525,10
13.088139534,80.2901077271,74525,74535,10
13.0887002945,80.2901687622,74535,74545,10
13.0887899399,80.2902374268,74545,74555,10
13.0885400772,80.2904510498,74555,74566,11
13.0878896713,80.2901382446,74566,74576,10
13.0873003006,80.2899169922,74576,74586,10
13.0867099762,80.2897415161,74586,74596,10
13.0861997604,80.2895965576,74596,74606,10
13.0857095718,80.2894668579,74606,74616,10
13.0853900909,80.2889633179,74616,74626,10
13.0850801468,80.2881317139,74626,74636,10
13.085100174,80.2870864868,74636,74646,10
13.0851898193,80.2860031128,74646,74656,10
13.0852899551,80.284866333,74656,74666,10
13.0851898193,80.2841567993,74666,74687,21
13.0851898193,80.2841567993,74687,74697,10
13.0853300095,80.2838821411,74697,74707,10
13.085439682,80.2836074829,74707,74717,10
13.0857601166,80.2835617065,74717,74727,10
13.0861101151,80.2835617065,74727,74737,10
13.0864200592,80.283821106,74737,74747,10
13.0870199203,80.2839736938,74747,74777,30
13.0870199203,80.2839736938,74777,74788,11
13.0872402191,80.2839736938,74788,74798,10
13.0877199173,80.2839736938,74798,74848,50
13.0877199173,80.2839736938,74848,74858,10
13.0878896713,80.2839813232,74858,74868,10
13.0880804062,80.2839813232,74868,74878,10
13.0881204605,80.2839202881,74878,74888,10
13.088139534,80.2836685181,74888,74899,11
13.0882701874,80.2834625244,74899,74909,10
13.0882797241,80.2830963135,74909,74919,10
13.088259697,80.2826766968,74919,74929,10
13.0882196426,80.2822113037,74929,74939,10
13.0880002975,80.2816390991,74939,74949,10
13.087439537,80.2813873291,74949,74959,10
13.0869197845,80.28125,74959,74969,10
13.0863704681,80.2810897827,74969,74979,10
13.0858001709,80.280921936,74979,74989,10
13.0856103897,80.2805023193,74989,74999,10
13.0854597092,80.279876709,74999,75010,11
13.084859848,80.2793807983,75010,75020,10
13.0842103958,80.279258728,75020,75030,10
13.0835504532,80.2791213989,75030,75040,10
13.0831899643,80.2789611816,75040,75050,10
13.0825996399,80.2787094116,75050,75060,10
13.0820102692,80.2784194946,75060,75070,10
13.0818996429,80.2779769897,75070,75080,10
13.0818300247,80.2774124146,75080,75090,10
13.0817403793,80.2767028809,75090,75100,10
13.0815601349,80.2760467529,75100,75110,10
13.0814800262,80.2757873535,75110,75121,11
13.0814800262,80.275642395,75121,75131,10
13.0813598633,80.2752685547,75131,75141,10
13.0810899734,80.2752685547,75141,75151,10
13.0806503296,80.2753219604,75151,75161,10
13.080039978,80.275390625,75161,75171,10
13.07929039,80.275352478,75171,75181,10
13.0784902573,80.2753067017,75181,75191,10
13.0781002045,80.2760467529,75191,75201,10
13.0772800446,80.2762985229,75201,75211,10
13.0763902664,80.2763519287,75211,75220,9
13.0758695602,80.2763366699,75220,75232,12
13.0758304596,80.2759628296,75232,75242,10
13.0760803223,80.2757720947,75242,75522,280
13.0761699677,80.2758178711,75522,76893,1371
