12.8254098892,80.1638031006,22334,22606,272
12.8254098892,80.1638031006,22606,22667,61
12.8191795349,80.1608963013,22667,22677,10
12.8182697296,80.1605300903,22677,22687,10
12.8180303574,80.1604614258,22687,22697,10
12.8176403046,80.1603775024,22697,22707,10
12.8172101974,80.1602020264,22707,22717,10
12.8164300919,80.1600418091,22717,22727,10
12.8155498505,80.1597366333,22727,22737,10
12.8144798279,80.1596069336,22737,22747,10
12.8134098053,80.1594772339,22747,22757,10
12.8123197556,80.1593475342,22757,22767,10
12.8115901947,80.1595077515,22767,22776,9
12.8114299774,80.1595306396,22776,22788,12
12.810839653,80.1596374512,22788,22798,10
12.8103904724,80.1598434448,22798,22808,10
12.8099298477,80.159828186,22808,22818,10
12.8095197678,80.1598434448,22818,22888,70
12.8102197647,80.1596984863,22888,23090,202
12.8102197647,80.1596984863,23090,23181,91
12.8129997253,80.1594314575,23181,23191,10
12.8135099411,80.1592407227,23191,23201,10
12.8152704239,80.1597366333,23201,23211,10
12.8162899017,80.1600189209,23211,23222,11
12.8177404404,80.1601791382,23222,23231,9
12.8174800873,80.1602325439,23231,23242,11
12.8178796768,80.1603775024,23242,23252,10
12.8183603287,80.1604537964,23252,23310,58
12.8232498169,80.1625976563,23310,23322,12
12.8244304657,80.1633071899,23322,23332,10
12.8254404068,80.1639022827,23332,23342,10
12.8265304565,80.1644973755,23342,23353,11
12.8274202347,80.1650466919,23353,23363,10
12.8275003433,80.1651000977,23363,23373,10
12.8278303146,80.1651992798,23373,23393,20
12.8278303146,80.1651992798,23393,23464,71
12.8341398239,80.1671524048,23464,23474,10
12.8350801468,80.1677093506,23474,23484,10
12.8356399536,80.1679611206,23484,23494,10
12.8361701965,80.1681594849,23494,23736,242
12.8527898788,80.1712799072,23736,23746,10
12.8539104462,80.17137146,23746,23756,10
12.8552799225,80.1713790894,23756,23958,202
12.8679199219,80.1757736206,23958,24251,293
12.889749527,80.1740875244,24251,24261,10
12.8899497986,80.174407959,24261,24271,10
12.8902797699,80.1744766235,24271,24281,10
12.8905801773,80.1745834351,24281,27183,2902
13.0344800949,80.2298736572,27183,27194,11
13.0345001221,80.2298583984,27194,27214,20
13.0345001221,80.2298583984,27214,27224,10
13.0345001221,80.2298736572,27224,27234,10
13.0345497131,80.2299575806,27234,27496,262
13.0345497131,80.2299575806,27496,27506,10
13.0344495773,80.2298965454,27506,27577,71
13.0345401764,80.2297973633,27577,28697,1120
13.0344600677,80.2299118042,28697,28717,20
13.0344600677,80.2299118042,28717,28727,10
13.0342597961,80.2298965454,28727,28737,10
13.0342302322,80.2298965454,28737,28767,30
13.034330368,80.2308120728,28767,28777,10
13.0342197418,80.2305908203,28777,28787,10
13.0342197418,80.230506897,28787,28797,10
13.0338897705,80.2304382324,28797,28808,11
13.0337295532,80.2304229736,28808,28818,10
13.0333499908,80.230430603,28818,28828,10
13.0327301025,80.2305221558,28828,28838,10
13.0320301056,80.2305984497,28838,28848,10
13.0312900543,80.2306900024,28848,28858,10
13.0307197571,80.23072052,28858,28868,10
13.0299396515,80.2308120728,28868,28888,20
13.0299396515,80.2308120728,28888,28898,10
13.0297403336,80.2308273315,28898,28908,10
13.029250145,80.2308807373,28908,28919,11
13.028429985,80.2309188843,28919,28929,10
13.0277299881,80.2310028076,28929,28939,10
13.0276403427,80.231338501,28939,28949,10
13.0277204514,80.2319030762,28949,28959,10
13.0278501511,80.2324981689,28959,28969,10
13.0275602341,80.2328414917,28969,28979,10
13.02684021,80.2329864502,28979,29019,40
13.02684021,80.2329864502,29019,29030,11
13.0267295837,80.2330474854,29030,29040,10
13.0264797211,80.233001709,29040,29050,10
13.0262804031,80.2325592041,29050,29060,10
13.026140213,80.231842041,29060,29070,10
13.0258798599,80.2309036255,29070,29080,10
13.0252895355,80.2299575806,29080,29090,10
13.0248003006,80.2292480469,29090,29100,10
13.0247001648,80.229133606,29100,29110,10
13.0244398117,80.2287826538,29110,29120,10
13.0239896774,80.228302002,29120,29131,11
13.023349762,80.2276000977,29131,29201,70
13.022480011,80.2268218994,29201,29211,10
13.021900177,80.226272583,29211,29221,10
13.0216302872,80.225692749,29221,29231,10
13.0208301544,80.2247085571,29231,29241,10
13.0200996399,80.2238082886,29241,29251,10
13.0185403824,80.2246322632,29251,29262,11
13.0174198151,80.2250823975,29262,29272,10
13.016699791,80.2254333496,29272,29282,10
13.0164299011,80.2255630493,29282,29292,10
13.0160503387,80.2256622314,29292,29302,10
13.0154895782,80.2257919312,29302,29312,10
13.0149202347,80.2259521484,29312,29352,40
13.0140895844,80.2264404297,29352,29362,10
13.0136003494,80.2265930176,29362,29373,11
13.012840271,80.2268371582,29373,29383,10
13.0120096207,80.2272033691,29383,29413,30
13.00963974,80.2273788452,29413,29423,10
13.0098600388,80.2267074585,29423,29433,10
13.0101900101,80.22605896,29433,29443,10
13.0107402802,80.2248001099,29443,29453,10
13.0111598969,80.223739624,29453,29463,10
13.0111703873,80.2230987549,29463,29474,11
13.01060009,80.2229003906,29474,29544,70
13.0045795441,80.2201919556,29544,29554,10
13.0045700073,80.2202606201,29554,29564,10
13.0044202805,80.2202606201,29564,29574,10
13.0037603378,80.2199783325,29574,29584,10
13.0028495789,80.2197570801,29584,29595,11
13.0023498535,80.2196426392,29595,29675,80
12.9969396591,80.2165603638,29675,29685,10
12.997010231,80.2166519165,29685,29695,10
12.9962997437,80.2165985107,29695,29705,10
12.9958896637,80.2167129517,29705,29726,21
12.9958896637,80.2167129517,29726,29736,10
12.9956197739,80.2167510986,29736,29746,10
12.9954099655,80.2168579102,29746,29756,10
12.9952697754,80.2169418335,29756,29766,10
12.9952497482,80.2169494629,29766,29776,10
12.9949798584,80.217086792,29776,29786,10
12.99477005,80.2172470093,29786,29796,10
12.9942998886,80.2175292969,29796,29806,10
12.993519783,80.2182769775,29806,29816,10
12.9928102493,80.2185974121,29816,29826,10
12.9921197891,80.2191162109,29826,29837,11
12.9913196564,80.2196884155,29837,29847,10
12.9908103943,80.2201766968,29847,29867,20
12.9908103943,80.2201766968,29867,29877,10
12.9905004501,80.220413208,29877,29887,10
12.9899702072,80.2208862305,29887,29897,10
12.9894504547,80.2215270996,29897,29907,10
12.988940239,80.2221603394,29907,30380,473
12.9708795547,80.2190628052,30380,30397,17
12.9702196121,80.2187271118,30397,30409,12
12.9693803787,80.2184066772,30409,30419,10
12.9686603546,80.2182388306,30419,30429,10
12.9680299759,80.2179412842,30429,30570,141
12.9606895447,80.2138366699,30570,30580,10
12.9597797394,80.2140274048,30580,30590,10
12.9586801529,80.2141189575,30590,30600,10
12.9576597214,80.2136688232,30600,30610,10
12.9568195343,80.2133407593,30610,30620,10
12.9558000565,80.2129821777,30620,30630,10
12.9547901154,80.2125701904,30630,30641,11
12.9539203644,80.2122497559,30641,30651,10
12.9534502029,80.212097168,30651,30691,40
12.9522800446,80.2115707397,30691,30701,10
12.9513998032,80.2111587524,30701,30711,10
12.9504699707,80.2109069824,30711,30721,10
12.9494104385,80.2105178833,30721,30732,11
12.9485197067,80.2101593018,30732,31084,352
12.9377298355,80.2048187256,31084,31095,11
12.9370803833,80.204750061,31095,31105,10
12.9365596771,80.2045669556,31105,31307,202
12.9293203354,80.2028198242,31307,31317,10
12.9293203354,80.202796936,31317,31347,30
12.9284696579,80.2015304565,31347,31357,10
12.9284696579,80.2007980347,31357,31367,10
12.9284801483,80.1998672485,31367,31377,10
12.9285097122,80.1988830566,31377,31569,192
12.922129631,80.1973114014,31569,31579,10
12.9223098755,80.197479248,31579,32678,1099
12.8712301254,80.1739120483,32678,32688,10
12.8705101013,80.1743774414,32688,32699,11
12.8695802689,80.1750030518,32699,32709,10
12.8686199188,80.1756896973,32709,32779,70
12.8634500504,80.1747436523,32779,32789,10
12.8625297546,80.1741409302,32789,32799,10
12.8614997864,80.1736907959,32799,32809,10
12.860449791,80.173248291,32809,32820,11
12.8592996597,80.1727523804,32820,32830,10
12.8582000732,80.1724777222,32830,32840,10
12.8575201035,80.1723632813,32840,32850,10
12.8572797775,80.1723098755,32850,32860,10
12.8563699722,80.1721420288,32860,32890,30
12.8563699722,80.1721420288,32890,32900,10
12.8560695648,80.1720504761,32900,32911,11
12.8554601669,80.171836853,32911,32920,9
12.8549098969,80.1716537476,32920,32941,21
12.8527297974,80.1712493896,32941,32951,10
12.8519096375,80.1711425781,32951,32961,10
12.850979805,80.1709365845,32961,32971,10
12.8506002426,80.1708831787,32971,32981,10
12.8498497009,80.1707611084,32981,32991,10
12.848859787,80.1706085205,32991,33001,10
12.8478298187,80.1704330444,33001,33011,10
12.8471603394,80.1703186035,33011,33021,10
12.8469295502,80.1702880859,33021,33031,10
12.8463001251,80.1702728271,33031,33042,11
12.8453102112,80.1701965332,33042,33052,10
12.8441896439,80.170173645,33052,33062,10
12.8430500031,80.1699981689,33062,33072,10
12.8419103622,80.1699905396,33072,33082,10
12.840760231,80.1700134277,33082,33092,10
12.8395996094,80.169960022,33092,33102,10
12.8385295868,80.1698608398,33102,33112,10
12.8384399414,80.1697006226,33112,33122,10
12.8381595612,80.1694412231,33122,33132,10
12.8379402161,80.1692886353,33132,33142,10
12.8374300003,80.1692504883,33142,33153,11
12.8370704651,80.1689605713,33153,33163,10
12.8369102478,80.1687927246,33163,33173,10
12.8367204666,80.1687393188,33173,33183,10
12.8362197876,80.1686172485,33183,33193,10
12.8360500336,80.1684036255,33193,33203,10
12.8358001709,80.1678771973,33203,33213,10
12.8353500366,80.1677398682,33213,33223,10
12.8346996307,80.1674118042,33223,33233,10
12.8338403702,80.1669235229,33233,33243,10
12.832909584,80.1663894653,33243,33254,11
12.8319702148,80.1659393311,33254,33274,20
12.8297300339,80.1654205322,33274,33284,10
12.8287296295,80.1652832031,33284,33344,60
12.8275299072,80.1651535034,33344,33354,10
12.8273696899,80.1650695801,33354,33364,10
12.8272800446,80.1649703979,33364,33374,10
12.8272304535,80.1649703979,33374,33385,11
12.8270902634,80.1648483276,33385,33395,10
12.8268699646,80.1647109985,33395,33405,10
12.8265304565,80.1644897461,33405,33415,10
12.8260202408,80.1641769409,33415,33425,10
12.8252401352,80.1637878418,33425,33435,10
12.8245201111,80.1633834839,33435,33445,10
12.8236703873,80.1628036499,33445,33455,10
12.8225803375,80.1622924805,33455,33464,9
12.8215904236,80.1619033813,33464,33475,11
12.8203601837,80.1613769531,33475,33485,10
12.8192195892,80.1609115601,33485,33495,10
12.8183202744,80.1604995728,33495,33506,11
12.8176298141,80.1602630615,33506,33526,20
12.8172397614,80.1602935791,33526,33536,10
12.8169498444,80.16015625,33536,33546,10
12.8163404465,80.1600189209,33546,33556,10
12.8154802322,80.1598510742,33556,33566,10
12.8144598007,80.1596374512,33566,33576,10
12.8136701584,80.1596221924,33576,33586,10
12.8136901855,80.1595077515,33586,33596,10
12.8134803772,80.1595077515,33596,33606,10
12.8126401901,80.1593704224,33606,33617,11
12.8115997314,80.1592636108,33617,33637,20
12.8116598129,80.1594467163,33637,33647,10
12.8112897873,80.1595306396,33647,33657,10
12.8110904694,80.1596298218,33657,33667,10
12.8110198975,80.15965271,33667,33677,10
12.8107500076,80.1598129272,33677,33687,10
12.8101997375,80.1596603394,33687,33697,10
12.8099899292,80.1596603394,33697,33707,10
12.8100404739,80.159538269,33707,34474,767
12.8100404739,80.159538269,34474,34484,10
12.8105401993,80.1597213745,34484,34494,10
12.8110198975,80.1595993042,34494,34504,10
12.8115997314,80.1594390869,34504,34514,10
12.8117399216,80.1593780518,34514,34524,10
12.8120002747,80.1593093872,34524,34534,10
12.8121004105,80.1593399048,34534,34545,11
12.8127498627,80.1594161987,34545,34555,10
12.813659668,80.1595611572,34555,34565,10
12.8146696091,80.1596832275,34565,34575,10
12.8156700134,80.159866333,34575,34584,9
12.8165397644,80.1599884033,34584,34595,11
12.8173999786,80.1602096558,34595,34605,10
12.8178901672,80.16040802,34605,34615,10
12.8182897568,80.1605987549,34615,34706,91
12.8260097504,80.1641998291,34706,34716,10
12.8260498047,80.1642074585,34716,34726,10
12.8264598846,80.1644668579,34726,34736,10
12.8270902634,80.1648330688,34736,34817,81
12.8294296265,80.1653366089,34817,34827,10
12.8303403854,80.1654586792,34827,35009,182
12.8385400772,80.1697311401,35009,35019,10
12.8390598297,80.1698303223,35019,35029,10
12.8398199081,80.1699295044,35029,35039,10
12.8406896591,80.1698379517,35039,35049,10
12.8417596817,80.1697463989,35049,35059,10
12.8429603577,80.1698379517,35059,35069,10
12.84416008,80.1700668335,35069,35079,10
12.845290184,80.1700973511,35079,35089,10
12.8464803696,80.1700973511,35089,35100,11
12.8478498459,80.1701507568,35100,35200,100
12.8472099304,80.170463562,35200,35210,10
12.8471899033,80.1703872681,35210,35220,10
12.8472499847,80.1703414917,35220,35231,11
12.8476696014,80.1704025269,35231,35251,20
12.8494596481,80.1706237793,35251,35422,171
12.8586101532,80.1722106934,35422,35432,10
12.8593997955,80.1726531982,35432,35443,11
12.8601198196,80.1730117798,35443,35453,10
12.8603096008,80.1731872559,35453,35483,30
12.8627796173,80.1741714478,35483,35493,10
12.8636798859,80.1745986938,35493,35543,50
12.8670797348,80.1757125854,35543,35554,11
12.868060112,80.1761322021,35554,35584,30
12.8709201813,80.1740036011,35584,35594,10
12.8802900314,80.1704101563,35594,35701,107
12.8802900314,80.1704101563,35701,35721,20
12.8815402985,80.1708908081,35721,35731,10
12.8821001053,80.1709823608,35731,35741,10
12.8825798035,80.1705780029,35741,35751,10
12.882610321,80.1705780029,35751,35761,10
12.8828601837,80.1707687378,35761,35771,10
12.8834600449,80.1710662842,35771,35781,10
12.884180069,80.1714096069,35781,35882,101
12.8904895782,80.1747283936,35882,35892,10
12.8906402588,80.1750869751,35892,35902,10
12.8909797668,80.1756515503,35902,35913,11
12.8913898468,80.1764678955,35913,35963,50
12.8926095963,80.1776123047,35963,35973,10
12.8922796249,80.1777420044,35973,35983,10
12.8924798965,80.1784973145,35983,36024,41
12.8941898346,80.1803512573,36024,36074,50
12.8975296021,80.1820220947,36074,36084,10
12.8975000381,80.1820983887,36084,36104,20
12.8978204727,80.1821975708,36104,36114,10
12.8982095718,80.1823730469,36114,36154,40
12.9007997513,80.1837234497,36154,36750,596
12.9173402786,80.1918411255,36750,36760,10
12.91726017,80.1922302246,36760,36770,10
12.9170999527,80.1934204102,36770,36881,111
12.9170999527,80.1934204102,36881,36911,30
12.9171800613,80.1940231323,36911,36921,10
12.9172000885,80.1943588257,36921,36931,10
12.9180698395,80.1949310303,36931,36941,10
12.9185695648,80.195350647,36941,36982,41
12.9206800461,80.1968002319,36982,36992,10
12.9211301804,80.1968383789,36992,37002,10
12.9217100143,80.1971435547,37002,37012,10
12.9224796295,80.1972808838,37012,37022,10
12.9231996536,80.1973724365,37022,37032,10
12.9236497879,80.1974334717,37032,37113,81
12.926609993,80.1975631714,37113,37123,10
12.9271602631,80.1978988647,37123,37133,10
12.9275798798,80.1985321045,37133,37143,10
12.9280195236,80.1992034912,37143,37183,40
12.9285697937,80.2022399902,37183,37194,11
12.9288902283,80.2026977539,37194,37204,10
12.9294300079,80.2028579712,37204,37284,80
12.9338598251,80.2036819458,37284,37294,10
12.9337596893,80.2041702271,37294,37305,11
12.9341802597,80.2037811279,37305,37325,20
12.9346399307,80.20337677,37325,37335,10
12.9349298477,80.2039108276,37335,37426,91
12.9408102036,80.2057266235,37426,37436,10
12.9413204193,80.2059173584,37436,37617,181
12.9489498138,80.2100906372,37617,37627,10
12.949090004,80.2099761963,37627,37637,10
12.9494495392,80.2101135254,37637,37646,9
12.9500703812,80.2102813721,37646,37658,12
12.9509601593,80.2107467651,37658,37668,10
12.9517002106,80.2110900879,37668,37678,10
12.9526901245,80.211479187,37678,37688,10
12.9535999298,80.2119598389,37688,37707,19
12.9535999298,80.2119598389,37707,37748,41
12.9558296204,80.2126693726,37748,37758,10
12.9567298889,80.2130966187,37758,37769,11
12.9578199387,80.2135696411,37769,37779,10
12.9588499069,80.2139892578,37779,37789,10
12.9597396851,80.2143630981,37789,37799,10
12.9606599808,80.2147369385,37799,37809,10
12.9615402222,80.2150802612,37809,37880,71
12.9652395248,80.2166137695,37880,37890,10
12.9657802582,80.2168197632,37890,37960,70
12.9670801163,80.217300415,37960,37970,10
12.9671897888,80.2171783447,37970,38364,394
12.9764699936,80.2211990356,38364,38374,10
12.9770202637,80.2211914063,38374,38383,9
12.9777097702,80.2211914063,38383,38394,11
12.9783401489,80.2211532593,38394,38404,10
12.9791002274,80.2210617065,38404,38414,10
12.9798402786,80.2210083008,38414,38424,10
12.9807500839,80.2210388184,38424,38515,91
12.9838199615,80.2224578857,38515,38586,71
12.9870595932,80.2229995728,38586,38636,50
12.989109993,80.2207870483,38636,38646,10
12.9892196655,80.2206420898,38646,39554,908
13.0245304108,80.2296829224,39554,39937,383
13.0348997116,80.229927063,39937,39947,10
13.0350704193,80.2298812866,39947,39958,11
13.034620285,80.2297973633,39958,39968,10
13.0338401794,80.2295303345,39968,40008,40
13.0341997147,80.2299118042,40008,40018,10
13.0342102051,80.229927063,40018,40028,10
13.0342302322,80.2299423218,40028,40048,20
13.0342302322,80.2299423218,40048,40119,71
13.0341596603,80.2299499512,40119,40129,10
13.0341396332,80.2301635742,40129,40139,10
13.0341501236,80.2301483154,40139,40190,51
13.0341501236,80.2301483154,40190,40200,10
13.0340595245,80.2304992676,40200,40210,10
13.0340099335,80.2304992676,40210,40220,10
13.0337295532,80.2304229736,40220,40230,10
13.0332403183,80.2304916382,40230,40240,10
13.0326700211,80.2305603027,40240,40250,10
13.031920433,80.2304763794,40250,40311,61
13.0309801102,80.2306518555,40311,40321,10
13.0308198929,80.2306594849,40321,40331,10
13.030670166,80.2306671143,40331,40341,10
13.0304803848,80.23072052,40341,40351,10
13.0302600861,80.2307510376,40351,40361,10
13.0301198959,80.230758667,40361,40381,20
13.0301198959,80.230758667,40381,40391,10
13.0300598145,80.2308120728,40391,40401,10
13.0299301147,80.2308120728,40401,40410,9
13.0298099518,80.2308425903,40410,40422,12
13.029589653,80.2308425903,40422,40432,10
13.0291099548,80.2309036255,40432,40442,10
13.028550148,80.2309799194,40442,40502,60
13.0277299881,80.2321472168,40502,40976,474
13.0229301453,80.2275924683,40976,40986,10
13.0229301453,80.2274093628,40986,40997,11
13.0226297379,80.2271728516,40997,41007,10
13.022480011,80.2268218994,41007,41017,10
13.0221004486,80.2264480591,41017,41027,10
13.0216503143,80.2260437012,41027,41037,10
13.0212202072,80.2257003784,41037,41047,10
13.0205898285,80.2253036499,41047,41057,10
13.0196504593,80.225479126,41057,41067,10
13.0198802948,80.2247772217,41067,41077,10
13.0192699432,80.2245101929,41077,41108,31
13.0168800354,80.2253570557,41108,41118,10
13.016409874,80.2255630493,41118,41128,10
13.0158195496,80.2257080078,41128,41138,10
13.0150995255,80.225982666,41138,41148,10
13.0146303177,80.2259902954,41148,41158,10
13.0140895844,80.2259597778,41158,41198,40
13.0146398544,80.2254180908,41198,41208,10
13.0143699646,80.2253417969,41208,41219,11
13.0142602921,80.2253799438,41219,41229,10
13.0142202377,80.2253494263,41229,41279,50
13.0142202377,80.2253494263,41279,41289,10
13.0140800476,80.2253494263,41289,41299,10
13.0140695572,80.2253494263,41299,41309,10
13.0141801834,80.2251968384,41309,41319,10
13.0142202377,80.2257080078,41319,41329,10
13.0142002106,80.2260665894,41329,41340,11
13.0139303207,80.2263031006,41340,41350,10
13.0132598877,80.2265396118,41350,41360,10
13.0124197006,80.2268829346,41360,41370,10
13.0114097595,80.2273025513,41370,41380,10
13.0103397369,80.227722168,41380,41390,10
13.009519577,80.2279510498,41390,41400,10
13.0093002319,80.2272720337,41400,41410,10
13.0100002289,80.2264862061,41410,41420,10
13.0104198456,80.2256469727,41420,41431,11
13.0107297897,80.2250595093,41431,41440,9
13.010840416,80.2247695923,41440,41449,9
13.0111398697,80.2243728638,41449,41461,12
13.0113801956,80.2235565186,41461,41471,10
13.011590004,80.2229003906,41471,41572,101
13.0047502518,80.2203063965,41572,41582,10
13.0046796799,80.2202911377,41582,41592,10
13.0043697357,80.2201766968,41592,41602,10
13.0038404465,80.2200393677,41602,41612,10
13.0032997131,80.2198486328,41612,41703,91
12.9972400665,80.2165679932,41703,41713,10
12.9967603683,80.216583252,41713,41723,10
12.9959802628,80.2166976929,41723,41733,10
12.9950895309,80.2169876099,41733,42046,313
12.9832201004,80.2221298218,42046,42056,10
12.9832000732,80.2221298218,42056,42066,10
12.9824304581,80.2219619751,42066,42076,10
12.9823503494,80.2219009399,42076,42268,192
12.9755401611,80.2209320068,42268,42278,10
12.975399971,80.2208404541,42278,42288,10
12.9749403,80.2205734253,42288,42298,10
12.974240303,80.2202072144,42298,42308,10
12.9732599258,80.2198486328,42308,42318,10
12.9722099304,80.2195205688,42318,42328,10
12.9709796906,80.2191162109,42328,42348,20
12.9709796906,80.2191162109,42348,42409,61
12.9674100876,80.2176437378,42409,42459,50
12.962849617,80.2157363892,42459,42470,11
12.9624099731,80.2155685425,42470,42500,30
12.9612503052,80.215171814,42500,42510,10
12.9602603912,80.2146911621,42510,42520,10
12.9593000412,80.2143096924,42520,42530,10
12.9583501816,80.2138977051,42530,42540,10
12.9573802948,80.213508606,42540,42550,10
12.9563398361,80.2130889893,42550,42560,10
12.9552402496,80.2126922607,42560,42570,10
12.9541797638,80.2122802734,42570,42580,10
12.9535398483,80.2120437622,42580,42590,10
12.9527702332,80.2117385864,42590,42600,10
12.9517803192,80.2113876343,42600,42611,11
12.9505901337,80.2109832764,42611,42621,10
12.9494800568,80.2105636597,42621,42631,10
12.9486904144,80.2102432251,42631,42641,10
12.9485998154,80.2101974487,42641,42651,10
12.9482002258,80.2100296021,42651,42661,10
12.9474201202,80.2097320557,42661,42671,10
12.946390152,80.2093276978,42671,42681,10
12.9453601837,80.2088623047,42681,42691,10
12.9444503784,80.2084503174,42691,42702,11
12.9439001083,80.2082977295,42702,42732,30
12.9429798126,80.2077331543,42732,42742,10
12.9426403046,80.2073516846,42742,42752,10
12.9423599243,80.2069396973,42752,42762,10
12.9417495728,80.2064590454,42762,42772,10
12.9410800934,80.2060699463,42772,42782,10
12.9406900406,80.2058868408,42782,42812,30
12.9396095276,80.2054519653,42812,42822,10
12.938659668,80.2052536011,42822,42832,10
12.9378700256,80.2050018311,42832,42843,11
12.9369697571,80.204750061,42843,42853,10
12.9359903336,80.2044830322,42853,42863,10
12.9353199005,80.2042312622,42863,42873,10
12.9347000122,80.2040405273,42873,42883,10
12.9341802597,80.2039794922,42883,42893,10
12.9336795807,80.2039489746,42893,42903,10
12.9336595535,80.2039489746,42903,42913,10
12.9335298538,80.2038879395,42913,42923,10
12.93309021,80.2037734985,42923,42934,11
12.9325799942,80.2035827637,42934,42953,19
12.9308795929,80.2029800415,42953,42964,11
12.9302501678,80.2028198242,42964,43004,40
12.9295902252,80.2026672363,43004,43014,10
12.9290504456,80.2026062012,43014,43044,30
12.9279699326,80.2013626099,43044,43054,10
12.9284496307,80.2016906738,43054,43065,11
12.928440094,80.2009963989,43065,43075,10
12.9284200668,80.2002868652,43075,43095,20
12.9274597168,80.1981811523,43095,43105,10
12.9265003204,80.1976318359,43105,43115,10
12.9262304306,80.1975784302,43115,43125,10
12.9259996414,80.1975402832,43125,43327,202
12.9170999527,80.194442749,43327,43337,10
12.916970253,80.1940994263,43337,43347,10
12.9169597626,80.1936187744,43347,43357,10
12.9170303345,80.1930770874,43357,43377,20
12.9170303345,80.1925506592,43377,43387,10
12.9168395996,80.1923675537,43387,43398,11
12.916560173,80.1923828125,43398,43408,10
12.9163503647,80.1923904419,43408,43438,30
12.9165201187,80.1925201416,43438,43448,10
12.9161100388,80.1924819946,43448,43458,10
12.915189743,80.1922531128,43458,43468,10
12.9142198563,80.1921386719,43468,43478,10
12.9131803513,80.1919937134,43478,43488,10
12.9122800827,80.1918716431,43488,43498,10
12.9113397598,80.1917572021,43498,43508,10
12.9103298187,80.1916427612,43508,43518,10
12.909620285,80.1913604736,43518,43528,10
12.9089403152,80.190826416,43528,43539,11
12.9080495834,80.1901626587,43539,43549,10
12.9072799683,80.1895904541,43549,43559,10
12.9068002701,80.1891784668,43559,43569,10
12.9066801071,80.1891098022,43569,43579,10
12.9066495895,80.1890182495,43579,43589,10
12.9063997269,80.1889266968,43589,43599,10
12.9061002731,80.1886672974,43599,43609,10
12.9058599472,80.1885070801,43609,43629,20
12.9050302505,80.1880264282,43629,43640,11
12.904129982,80.187461853,43640,43649,9
12.903960228,80.1867675781,43649,43660,11
12.9039697647,80.1856765747,43660,43670,10
12.9039497375,80.1847229004,43670,43680,10
12.9033899307,80.1844024658,43680,43690,10
12.9023799896,80.184173584,43690,43700,10
12.901309967,80.1839294434,43700,43710,10
12.9002799988,80.1835098267,43710,43720,10
12.8983001709,80.1825027466,43720,43729,9
12.8983001709,80.1825027466,43729,43740,11
12.8974199295,80.1820678711,43740,43749,9
12.8973302841,80.1820297241,43749,43768,19
12.8968496323,80.1817092896,43768,43778,10
12.8962602615,80.1814498901,43778,43788,10
12.8955097198,80.1810913086,43788,43798,10
12.8946399689,80.1806182861,43798,43808,10
12.8936796188,80.1801300049,43808,43818,10
12.8931503296,80.1799468994,43818,43828,10
12.8927097321,80.1798629761,43828,43909,81
12.8912000656,80.1762237549,43909,43919,10
12.8909397125,80.1759490967,43919,43969,50
12.8888397217,80.1739425659,43969,44020,51
12.8842201233,80.1715011597,44020,44030,10
12.8831996918,80.1709823608,44030,44040,10
12.8823795319,80.1706314087,44040,44050,10
12.8821001053,80.1708984375,44050,44060,10
12.881819725,80.1711502075,44060,44080,20
12.8815402985,80.1709823608,44080,44091,11
12.8702898026,80.1744613647,44091,44248,157
12.8702898026,80.1744613647,44248,44278,30
12.8674898148,80.1761779785,44278,44298,20
12.8653802872,80.1756973267,44298,44308,10
12.8651895523,80.1756896973,44308,44318,10
12.8651199341,80.1756820679,44318,44328,10
12.8647499084,80.1755065918,44328,44338,10
12.8641700745,80.175163269,44338,44349,11
12.8632898331,80.1746063232,44349,44359,10
12.8623104095,80.174041748,44359,44369,10
12.8612804413,80.1735076904,44369,44459,90
12.8565702438,80.17212677,44459,44470,11
12.8560695648,80.1721878052,44470,44480,10
12.8563804626,80.1722412109,44480,44490,10
12.8562202454,80.17212677,44490,44500,10
12.8557100296,80.1720123291,44500,44510,10
12.8549995422,80.1717605591,44510,44520,10
12.8541202545,80.1714782715,44520,44530,10
12.8530302048,80.1712875366,44530,44540,10
12.8517799377,80.1712722778,44540,44561,21
12.8493404388,80.1708679199,44561,44570,9
12.848449707,80.1705474854,44570,44581,11
12.8472795486,80.1703186035,44581,44591,10
12.8461103439,80.1702194214,44591,44601,10
12.8449497223,80.1701583862,44601,44611,10
12.8438100815,80.1700820923,44611,44621,10
12.8426799774,80.1699523926,44621,44631,10
12.8415403366,80.169960022,44631,44641,10
12.8404102325,80.1699829102,44641,44651,10
12.8392896652,80.1700210571,44651,44661,10
12.8383998871,80.1697692871,44661,44671,10
12.8381500244,80.1696014404,44671,44682,11
12.8379602432,80.1693115234,44682,44692,10
12.8376598358,80.1690292358,44692,44712,20
12.8372402191,80.1689987183,44712,44722,10
12.8373003006,80.1688766479,44722,44742,20
12.8361501694,80.1686325073,44742,44752,10
12.8359203339,80.1684112549,44752,44762,10
12.8357000351,80.1678237915,44762,44772,10
12.8352403641,80.1677017212,44772,44782,10
12.8345098495,80.1673278809,44782,44793,11
12.8335504532,80.1668701172,44793,44803,10
12.8326101303,80.1664886475,44803,44813,10
12.8332099915,80.1665802002,44813,44823,10
12.832690239,80.1662597656,44823,44833,10
12.8319301605,80.1659622192,44833,44843,10
12.8310003281,80.1656036377,44843,44853,10
12.8299598694,80.1654205322,44853,44863,10
12.8286800385,80.1651992798,44863,44872,9
12.8280096054,80.1651992798,44872,44883,11
12.827580452,80.1651306152,44883,44893,10
12.8273000717,80.1650619507,44893,44934,41
12.8273496628,80.1651229858,44934,44944,10
12.8272399902,80.1650085449,44944,44994,50
12.8272399902,80.1650085449,44994,45004,10
12.827249527,80.1649627686,45004,45014,10
12.8270702362,80.1649093628,45014,45055,41
12.8271598816,80.1648406982,45055,46164,1109
12.8271598816,80.1648406982,46164,46174,10
12.8268404007,80.1647415161,46174,46184,10
12.8263196945,80.164390564,46184,46194,10
12.8255901337,80.1639709473,46194,46204,10
12.8247098923,80.1635284424,46204,46215,11
12.8236999512,80.1628494263,46215,46225,10
12.8226604462,80.1623535156,46225,46235,10
12.821559906,80.1619186401,46235,46245,10
12.8204603195,80.1614532471,46245,46255,10
12.8193397522,80.1609725952,46255,46265,10
12.8183403015,80.1605300903,46265,46275,10
12.8180198669,80.1604232788,46275,46285,10
12.8175401688,80.1603012085,46285,46295,10
12.817150116,80.1602020264,46295,46305,10
12.8170900345,80.1601867676,46305,46315,10
12.8166303635,80.1600875854,46315,46325,10
12.8158597946,80.1599273682,46325,46336,11
12.8147697449,80.1597213745,46336,46346,10
12.813659668,80.1595611572,46346,46356,10
12.8126497269,80.1594009399,46356,46366,10
12.8116903305,80.1594161987,46366,46396,30
12.8116903305,80.1594161987,46396,46406,10
12.8114595413,80.1594619751,46406,46416,10
12.8108997345,80.1596298218,46416,46426,10
12.8103103638,80.1597137451,46426,46436,10
12.8099803925,80.1595535278,46436,46467,31
12.8099803925,80.1595535278,46467,46477,10
12.8101501465,80.1596374512,46477,46558,81
12.8101797104,80.1596679688,46558,46739,181
12.8101797104,80.1596679688,46739,46749,10
12.8103399277,80.1597137451,46749,46759,10
12.810790062,80.1596679688,46759,46769,10
12.8114004135,80.1594696045,46769,46779,10
12.8121995926,80.1593322754,46779,46789,10
12.8131103516,80.1594619751,46789,46800,11
12.8141899109,80.159576416,46800,46810,10
12.8152704239,80.1597671509,46810,46820,10
12.8163700104,80.1599807739,46820,46830,10
12.8172101974,80.1601791382,46830,46840,10
12.81772995,80.1603164673,46840,46850,10
12.8181400299,80.16040802,46850,46860,10
12.8183803558,80.1605224609,46860,46870,10
12.8189201355,80.1607589722,46870,46880,10
12.8197402954,80.1611404419,46880,46890,10
12.8207798004,80.1615829468,46890,46900,10
12.821849823,80.1620330811,46900,46910,10
12.822930336,80.1624679565,46910,46921,11
12.8240699768,80.1630706787,46921,46931,10
12.8249197006,80.1635971069,46931,46941,10
12.8258695602,80.164100647,46941,46951,10
12.8266496658,80.1645965576,46951,46961,10
12.8271999359,80.1649475098,46961,46971,10
12.8275699615,80.1651229858,46971,47052,81
12.8275699615,80.1651229858,47052,47062,10
12.8279495239,80.1651382446,47062,47082,20
12.8279495239,80.1651382446,47082,47092,10
12.8281002045,80.1651382446,47092,47102,10
12.828619957,80.1652297974,47102,47112,10
12.8294095993,80.1653213501,47112,47122,10
12.8304195404,80.1654586792,47122,47132,10
12.8315601349,80.1657333374,47132,47142,10
12.8326501846,80.1661987305,47142,47153,11
12.8337898254,80.166847229,47153,47163,10
12.8347597122,80.1674118042,47163,47173,10
12.8355503082,80.1677627563,47173,47183,10
12.8358802795,80.1679763794,47183,47193,10
12.8360700607,80.1685028076,47193,47203,10
12.8363199234,80.1686096191,47203,47213,10
12.8367300034,80.1687393188,47213,47223,10
12.8370199203,80.1688308716,47223,47233,10
12.8371801376,80.1690368652,47233,47243,10
12.8375797272,80.1692733765,47243,47253,10
12.8380699158,80.1693267822,47253,47262,9
12.838259697,80.1695175171,47262,47274,12
12.8389701843,80.1698379517,47274,47284,10
12.8397903442,80.1699295044,47284,47294,10
12.8406600952,80.1698303223,47294,47304,10
12.8419704437,80.1699676514,47304,47324,20
12.8443403244,80.1700820923,47324,47334,10
12.8454799652,80.1701278687,47334,47344,10
12.846619606,80.1701965332,47344,47354,10
12.8477401733,80.1703262329,47354,47364,10
12.848950386,80.1705093384,47364,47374,10
12.8500699997,80.1707000732,47374,47385,11
12.8509998322,80.1708908081,47385,47395,10
12.8520402908,80.171081543,47395,47405,10
12.8531599045,80.1712265015,47405,47415,10
12.8542900085,80.1714935303,47415,47425,10
12.8553695679,80.1717987061,47425,47435,10
12.8559999466,80.1719665527,47435,47445,10
12.8562202454,80.1720428467,47445,47455,10
12.8563404083,80.1720809937,47455,47465,10
12.8565998077,80.1721572876,47465,47475,10
12.8569097519,80.1721801758,47475,47486,11
12.857509613,80.1722793579,47486,47495,9
12.8578195572,80.17237854,47495,47506,11
12.8584804535,80.1724700928,47506,47516,10
12.8589000702,80.1725616455,47516,47526,10
12.8592796326,80.1726913452,47526,47536,10
12.8599596024,80.1729888916,47536,47546,10
12.8608398438,80.1734008789,47546,47556,10
12.8619203568,80.1738433838,47556,47566,10
12.8629798889,80.1743621826,47566,47576,10
12.8639698029,80.174987793,47576,47586,10
12.8649501801,80.1755599976,47586,47596,10
12.8660202026,80.1757583618,47596,47606,10
12.8671302795,80.1758575439,47606,47617,11
12.8680801392,80.1759490967,47617,47627,10
12.8689203262,80.1754379272,47627,47637,10
12.8697595596,80.1748504639,47637,47647,10
12.8705797195,80.1742935181,47647,47657,10
12.8712596893,80.1738204956,47657,47667,10
12.8719997406,80.1733322144,47667,47677,10
12.872879982,80.1727600098,47677,47686,9
12.8801298141,80.1702804565,47686,47754,68
12.8823003769,80.1707000732,47754,47784,30
12.8823003769,80.1707000732,47784,47835,51
12.8858995438,80.1722183228,47835,47875,40
12.8890600204,80.1739578247,47875,47885,10
12.8895196915,80.1741867065,47885,47895,10
12.8898096085,80.1743621826,47895,47905,10
12.8900499344,80.1744537354,47905,47915,10
12.8904495239,80.1746520996,47915,47925,10
12.8908195496,80.1753005981,47925,47935,10
12.8912096024,80.1760177612,47935,47945,10
12.8917798996,80.1770629883,47945,47955,10
12.8923902512,80.1779174805,47955,47966,11
12.8929796219,80.1792221069,47966,47976,10
12.8936004639,80.1800918579,47976,47986,10
12.8944702148,80.180480957,47986,47996,10
12.8955001831,80.1809768677,47996,48006,10
12.8964996338,80.1814727783,48006,48016,10
12.897649765,80.1820297241,48016,48036,20
12.897649765,80.1820297241,48036,48046,10
12.8976802826,80.1822433472,48046,48066,20
12.8986597061,80.1825637817,48066,48076,10
12.8995304108,80.1830062866,48076,48087,11
12.9006204605,80.1835479736,48087,48097,10
12.9016199112,80.1839599609,48097,48107,10
12.9026002884,80.1841812134,48107,48117,10
12.9036598206,80.1845016479,48117,48157,40
12.9046802521,80.1877670288,48157,48167,10
12.9056100845,80.1883621216,48167,48177,10
12.906419754,80.1888809204,48177,48187,10
12.9066200256,80.1890029907,48187,48198,11
12.9068098068,80.1891326904,48198,48208,10
12.9071702957,80.1894073486,48208,48268,60
12.9119997025,80.1920013428,48268,48278,10
12.9127101898,80.1923065186,48278,48349,71
12.9171800613,80.1919937134,48349,48359,10
12.9171199799,80.1921386719,48359,48369,10
12.9172401428,80.1917037964,48369,48379,10
12.9173002243,80.1909637451,48379,48389,10
12.9173297882,80.1904296875,48389,48399,10
12.9173297882,80.1904067993,48399,48409,10
12.9174404144,80.1902923584,48409,48420,11
12.9175796509,80.1903305054,48420,48430,10
12.9173803329,80.1912078857,48430,48440,10
12.9172201157,80.1921310425,48440,48450,10
12.9171104431,80.1930236816,48450,48470,20
12.9171104431,80.1930236816,48470,48480,10
12.9170398712,80.1930236816,48480,48490,10
12.9169597626,80.1932296753,48490,48521,31
12.9182796478,80.1952667236,48521,48531,10
12.9189500809,80.195892334,48531,48581,50
12.9224901199,80.1973114014,48581,48591,10
12.9232902527,80.1973419189,48591,48601,10
12.9234199524,80.1973724365,48601,48611,10
12.923789978,80.1973190308,48611,48662,51
12.926440239,80.1975021362,48662,48672,10
12.9264802933,80.1974716187,48672,48742,70
12.9286403656,80.2021026611,48742,48752,10
12.9293699265,80.2026824951,48752,48783,31
12.9293699265,80.2026824951,48783,48803,20
12.9307804108,80.2027893066,48803,48813,10
12.9315595627,80.2030487061,48813,48823,10
12.9324903488,80.2034835815,48823,48833,10
12.933259964,80.203666687,48833,48853,20
12.9337902069,80.2035217285,48853,48863,10
12.9338502884,80.2037887573,48863,48883,20
12.9338502884,80.2037887573,48883,48894,11
12.9339799881,80.2038192749,48894,48904,10
12.9345197678,80.2038803101,48904,48914,10
12.9352197647,80.2040405273,48914,48923,9
12.9359502792,80.2043762207,48923,48934,11
12.9369897842,80.2046585083,48934,48944,10
12.9379997253,80.2050094604,48944,48954,10
12.9391202927,80.2055587769,48954,48974,20
12.9399900436,80.2056121826,48974,48985,11
12.9400997162,80.2056274414,48985,48994,9
12.9405097961,80.2058105469,48994,49005,11
12.941280365,80.2060699463,49005,49015,10
12.9416799545,80.2063064575,49015,49025,10
12.9418096542,80.2063980103,49025,49045,20
12.942779541,80.2074813843,49045,49055,10
12.9424104691,80.207862854,49055,49065,10
12.9442596436,80.2082977295,49065,49075,10
12.944270134,80.2083206177,49075,49085,10
12.9443998337,80.2083816528,49085,49095,10
12.944849968,80.2085418701,49095,49105,10
12.9454698563,80.2088165283,49105,49116,11
12.9464797974,80.2092208862,49116,49126,10
12.9475803375,80.2094268799,49126,49136,10
12.9483699799,80.2098617554,49136,49146,10
12.9486398697,80.209777832,49146,49156,10
12.9489202499,80.2098617554,49156,49166,10
12.9488296509,80.2098693848,49166,49176,10
12.9490499496,80.2099685669,49176,49186,10
12.9498195648,80.2102432251,49186,49196,10
12.9506196976,80.210609436,49196,49206,10
12.9515600204,80.2111129761,49206,49216,10
12.9531497955,80.2111816406,49216,49237,21
12.9537296295,80.2118988037,49237,49257,20
12.9537296295,80.2118988037,49257,49287,30
12.9558296204,80.2127532959,49287,49297,10
12.9564304352,80.2130737305,49297,49307,10
12.9572496414,80.2134399414,49307,49317,10
12.9582700729,80.2138595581,49317,49327,10
12.9592895508,80.2142333984,49327,49337,10
12.9602603912,80.2146530151,49337,49348,11
12.961230278,80.2150421143,49348,49358,10
12.9622602463,80.215461731,49358,49368,10
12.9632396698,80.2158432007,49368,49378,10
12.9638595581,80.2160415649,49378,49388,10
12.9641504288,80.2161636353,49388,49408,20
12.9641504288,80.2161636353,49408,49428,20
12.9659204483,80.2168579102,49428,49438,10
12.9665699005,80.2171478271,49438,49448,10
12.9672403336,80.2174072266,49448,49458,10
12.9678401947,80.2176513672,49458,49469,11
12.9684801102,80.2179336548,49469,49479,10
12.9695196152,80.2183609009,49479,49489,10
12.9706201553,80.2188110352,49489,49499,10
12.9710302353,80.2189025879,49499,49509,10
12.970990181,80.2188415527,49509,49519,10
12.9711399078,80.2189483643,49519,49529,10
12.9716396332,80.2191619873,49529,49539,10
12.9723596573,80.2194366455,49539,49549,10
12.9730796814,80.2196731567,49549,49559,10
12.9737596512,80.2199172974,49559,49569,10
12.9746398926,80.2202606201,49569,49580,11
12.9752702713,80.2205810547,49580,49590,10
12.9755496979,80.2207183838,49590,49600,10
12.9757404327,80.2208023071,49600,49610,10
12.9761104584,80.2211380005,49610,49630,20
12.9761104584,80.2211380005,49630,49640,10
12.9763803482,80.2211837769,49640,49650,10
12.9770202637,80.2211990356,49650,49660,10
12.9774303436,80.2211990356,49660,49670,10
12.9779396057,80.2211608887,49670,49680,10
12.9785900116,80.2211074829,49680,49690,10
12.9794597626,80.2210235596,49690,49701,11
12.9804201126,80.2209472656,49701,49711,10
12.9810600281,80.2209320068,49711,49721,10
12.9815797806,80.2211608887,49721,49731,10
12.982219696,80.2216491699,49731,49741,10
12.9825296402,80.2217636108,49741,49751,10
12.9828395844,80.2218780518,49751,49761,10
12.9828395844,80.2218780518,49761,49771,10
12.983039856,80.2219467163,49771,49781,10
12.9834699631,80.2222824097,49781,49803,22
12.9843196869,80.2227478027,49803,49814,11
12.9849700928,80.2231292725,49814,49824,10
12.9855003357,80.2231216431,49824,49834,10
12.9862604141,80.2229537964,49834,49864,30
12.9862604141,80.2229537964,49864,49874,10
12.9863996506,80.2229232788,49874,49884,10
12.9865903854,80.2228775024,49884,49894,10
12.9868001938,80.2229385376,49894,49904,10
12.9871397018,80.2230072021,49904,49914,10
12.9871397018,80.2230072021,49914,49925,11
12.9876298904,80.2229995728,49925,49933,8
12.9879999161,80.2228164673,49933,49951,18
12.988820076,80.22215271,49951,49962,11
12.9892196655,80.2215881348,49962,49972,10
12.9897403717,80.2208786011,49972,49982,10
12.9904403687,80.2203292847,49982,50002,20
12.9906597137,80.220161438,50002,50012,10
12.9906597137,80.220161438,50012,50022,10
12.991109848,80.2198562622,50022,50031,9
12.9957199097,80.2166366577,50031,50101,70
12.9975500107,80.2162704468,50101,50131,30
12.9975500107,80.2162704468,50131,50162,31
12.9987697601,80.2166976929,50162,50172,10
12.9995298386,80.2170791626,50172,50182,10
13.0003099442,80.2175979614,50182,50192,10
13.0010995865,80.2181930542,50192,50202,10
13.0018997192,80.2189407349,50202,50211,9
13.0025196075,80.219581604,50211,50222,11
13.0046100616,80.220161438,50222,50232,10
13.0046100616,80.220161438,50232,50242,10
13.0057001114,80.2203903198,50242,50251,9
13.0066795349,80.2206192017,50251,50269,18
13.0086097717,80.2215881348,50269,50281,12
13.0098104477,80.2222976685,50281,50291,10
13.0106897354,80.2227783203,50291,50301,10
13.0112600327,80.2230529785,50301,50311,10
13.0112800598,80.2230606079,50311,50321,10
13.0115404129,80.2229919434,50321,50331,10
13.0116996765,80.2224578857,50331,50341,10
13.0120401382,80.2216567993,50341,50351,10
13.0124702454,80.2216567993,50351,50361,10
13.0129003525,80.2221908569,50361,50371,10
13.0134496689,80.2228469849,50371,50381,10
13.0140399933,80.2234420776,50381,50392,11
13.0145397186,80.224029541,50392,50402,10
13.0150995255,80.2246398926,50402,50422,20
13.0150995255,80.2246398926,50422,50432,10
13.015130043,80.2247161865,50432,50442,10
13.0153598785,80.2249526978,50442,50452,10
13.0154695511,80.2250213623,50452,50462,10
13.0155801773,80.2250671387,50462,50472,10
13.0160598755,80.2253189087,50472,50482,10
13.0169000626,80.2251205444,50482,50491,9
13.0177297592,80.2247924805,50491,50503,12
13.018699646,80.2244033813,50503,50513,10
13.0193595886,80.2243118286,50513,50523,10
13.0195903778,80.2244262695,50523,50533,10
13.0199098587,80.2246170044,50533,50543,10
13.0202102661,80.224899292,50543,50553,10
13.0207099915,80.2252502441,50553,50563,10
13.0211296082,80.2256088257,50563,50573,10
13.0218696594,80.2261734009,50573,50593,20
13.0218696594,80.2261734009,50593,50603,10
13.0221099854,80.2263717651,50603,50612,9
13.0226202011,80.2267684937,50612,50624,12
13.0233802795,80.2274932861,50624,50634,10
13.0239496231,80.2280426025,50634,50644,10
13.0244197845,80.2286605835,50644,50654,10
13.0249700546,80.2293930054,50654,50664,10
13.0255298615,80.2300872803,50664,50674,10
13.0258903503,80.2307662964,50674,50704,30
13.0258903503,80.2307662964,50704,50714,10
13.0259504318,80.2308425903,50714,50724,10
13.0259799957,80.2311782837,50724,50735,11
13.0263700485,80.2312698364,50735,50745,10
13.0271701813,80.2310714722,50745,50755,10
13.0283203125,80.2308731079,50755,50775,20
13.0283203125,80.2308731079,50775,50785,10
13.0289697647,80.2308425903,50785,50795,10
13.0292901993,80.2308425903,50795,50805,10
13.0296096802,80.2308120728,50805,50815,10
13.0301799774,80.2307281494,50815,50825,10
13.0305595398,80.2307128906,50825,50835,10
13.0309400558,80.230682373,50835,50845,10
13.0315599442,80.2306594849,50845,50856,11
13.0324296951,80.2306213379,50856,50866,10
13.0335597992,80.2305221558,50866,50896,30
13.0335597992,80.2305221558,50896,50906,10
13.0338401794,80.2305908203,50906,50916,10
13.0342502594,80.230506897,50916,50926,10
13.0345697403,80.2303695679,50926,50936,10
13.0347795486,80.2303924561,50936,50967,31
13.0347795486,80.2303924561,50967,50977,10
13.0349998474,80.230178833,50977,50987,10
13.0350799561,80.2300033569,50987,50997,10
13.0348901749,80.2298278809,50997,51098,101
13.0348901749,80.2298278809,51098,51108,10
13.034529686,80.2297973633,51108,51118,10
13.0344200134,80.2297897339,51118,51410,292
13.0341100693,80.2299804688,51410,51652,242
13.0341100693,80.2299804688,51652,51663,11
13.0340204239,80.2304000854,51663,51673,10
13.0335903168,80.2304534912,51673,51683,10
13.0329399109,80.23046875,51683,51693,10
13.0328102112,80.23046875,51693,51703,10
13.0325098038,80.2304763794,51703,51713,10
13.0318803787,80.2305526733,51713,51723,10
13.0310697556,80.2306594849,51723,51733,10
13.0306997299,80.230682373,51733,51743,10
13.0303497314,80.23072052,51743,51753,10
13.0299100876,80.230758667,51753,51763,10
13.0297899246,80.230758667,51763,51773,10
13.0296802521,80.2307815552,51773,51784,11
13.0296697617,80.2307815552,51784,51794,10
13.0293397903,80.2308273315,51794,51804,10
13.0287904739,80.2308731079,51804,51814,10
13.0280704498,80.2309494019,51814,51824,10
13.0276699066,80.2310333252,51824,51834,10
13.0276603699,80.2313690186,51834,51844,10
13.0277004242,80.231918335,51844,51854,10
13.0277900696,80.2324295044,51854,51864,10
13.0277996063,80.2328109741,51864,51874,10
13.0274896622,80.2328567505,51874,51884,10
13.0273399353,80.2329330444,51884,51895,11
13.0272397995,80.232963562,51895,51905,10
13.0269899368,80.233001709,51905,51915,10
13.0268001556,80.2330474854,51915,51925,10
13.0264596939,80.232963562,51925,51935,10
13.0262298584,80.2323608398,51935,51945,10
13.0260095596,80.2314910889,51945,51955,10
13.0256900787,80.2304077148,51955,51965,10
13.0250997543,80.229598999,51965,51975,10
13.0247602463,80.2292175293,51975,51985,10
13.024430275,80.2288131714,51985,51995,10
13.0240402222,80.2282714844,51995,52006,11
13.0234899521,80.2276611328,52006,52016,10
13.0231304169,80.2274932861,52016,52026,10
13.0230798721,80.2274627686,52026,52036,10
13.0229701996,80.2275009155,52036,52066,30
13.0229701996,80.2275009155,52066,52076,10
13.0225801468,80.2269592285,52076,52086,10
13.0221595764,80.2265014648,52086,52147,61
13.0221595764,80.2265014648,52147,52157,10
13.0220403671,80.2264099121,52157,52167,10
13.0216503143,80.2260818481,52167,52177,10
13.021030426,80.2255783081,52177,52187,10
13.0202798843,80.2250976563,52187,52197,10
13.0194702148,80.2245788574,52197,52207,10
13.0184602737,80.224609375,52207,52217,10
13.0173997879,80.2250518799,52217,52227,10
13.0163602829,80.225479126,52227,52238,11
13.0154104233,80.2256317139,52238,52258,20
13.0145397186,80.2259521484,52258,52268,10
13.0145397186,80.2261962891,52268,52288,20
13.0145397186,80.2261962891,52288,52298,10
13.0137901306,80.2264404297,52298,52308,10
13.0130395889,80.2267303467,52308,52318,10
13.0121603012,80.2270584106,52318,52328,10
13.0111398697,80.2274475098,52328,52338,10
13.0101099014,80.2278900146,52338,52348,10
13.0094604492,80.2277069092,52348,52359,11
13.0098400116,80.2269210815,52359,52369,10
13.0102100372,80.2260513306,52369,52379,10
13.0105895996,80.225189209,52379,52389,10
13.0109100342,80.2244491577,52389,52399,10
13.0111303329,80.2238006592,52399,52409,10
13.0112800598,80.2234268188,52409,52419,10
13.0111703873,80.2231674194,52419,52429,10
13.0106897354,80.2229003906,52429,52439,10
13.0101804733,80.2226028442,52439,52449,10
13.0100603104,80.2225265503,52449,52459,10
13.0097103119,80.222328186,52459,52470,11
13.0090303421,80.2219619751,52470,52480,10
13.0082998276,80.2215805054,52480,52490,10
13.0074796677,80.2211303711,52490,52500,10
13.0065002441,80.2206573486,52500,52510,10
13.0054197311,80.2204284668,52510,52520,10
13.0046195984,80.2202835083,52520,52530,10
13.0045099258,80.2202301025,52530,52540,10
13.0040903091,80.2201690674,52540,52550,10
13.0034198761,80.2199707031,52550,52560,10
13.002579689,80.2196121216,52560,52570,10
13.0019197464,80.2189865112,52570,52580,10
13.0013799667,80.2184906006,52580,52591,11
13.0006904602,80.2180328369,52591,52601,10
12.9999704361,80.2175598145,52601,52611,10
12.99903965,80.2170028687,52611,52621,10
12.9974002838,80.2164993286,52621,52651,30
12.9974002838,80.2164993286,52651,52661,10
12.997130394,80.2165298462,52661,52671,10
12.9965801239,80.2165603638,52671,52681,10
12.9959802628,80.2166595459,52681,52691,10
12.9957103729,80.2167510986,52691,52702,11
12.9955701828,80.216796875,52702,52712,10
12.9954004288,80.2168579102,52712,52722,10
12.9952802658,80.2169113159,52722,52732,10
12.9951295853,80.2170410156,52732,52742,10
12.9949398041,80.2171401978,52742,52752,10
12.9945201874,80.2174301147,52752,52762,10
12.9941196442,80.2177276611,52762,52772,10
12.9937601089,80.2180023193,52772,52782,10
12.9932003021,80.2184066772,52782,52792,10
12.9925899506,80.2188491821,52792,52802,10
12.9918804169,80.2193603516,52802,52812,10
12.9911699295,80.2198867798,52812,52823,11
12.9908304214,80.2201309204,52823,52833,10
12.990819931,80.2201309204,52833,52843,10
12.9905796051,80.2203521729,52843,52853,10
12.990070343,80.2207107544,52853,52863,10
12.9895200729,80.2213287354,52863,52873,10
12.9892196655,80.2216415405,52873,52883,10
12.9890298843,80.2216415405,52883,52893,10
12.9888401031,80.2220916748,52893,52903,10
12.9883203506,80.2225875854,52903,52913,10
12.9878196716,80.2230377197,52913,52923,10
12.9877901077,80.2230911255,52923,52934,11
12.9876899719,80.2231063843,52934,52944,10
12.9873399734,80.2230987549,52944,52954,10
12.9869203568,80.2230224609,52954,52964,10
12.986530304,80.2229614258,52964,52974,10
12.9859695435,80.2229919434,52974,52984,10
12.9854402542,80.2232666016,52984,52994,10
12.9848499298,80.2230911255,52994,53004,10
12.9843597412,80.2228088379,53004,53014,10
12.9837303162,80.2224884033,53014,53024,10
12.9831895828,80.2221298218,53024,53045,21
12.9831895828,80.2221298218,53045,53055,10
12.9830503464,80.2220916748,53055,53065,10
12.9825201035,80.2219619751,53065,53075,10
12.9821195602,80.2217712402,53075,53085,10
12.981880188,80.2215805054,53085,53095,10
12.9813699722,80.2212982178,53095,53105,10
12.9804601669,80.2210617065,53105,53115,10
12.9794197083,80.2211227417,53115,53125,10
12.97838974,80.2211608887,53125,53135,10
12.9774999619,80.2212219238,53135,53145,10
12.976770401,80.2212905884,53145,53154,9
12.9761600494,80.221321106,53154,53166,12
12.9756803513,80.2210922241,53166,53176,10
12.9756298065,80.2210769653,53176,53206,30
12.9756298065,80.2210769653,53206,53216,10
12.975399971,80.2208862305,53216,53226,10
12.974820137,80.2204589844,53226,53236,10
12.9740896225,80.2201309204,53236,53246,10
12.9733200073,80.2197723389,53246,53256,10
12.9727497101,80.2194137573,53256,53266,10
12.9718799591,80.2192993164,53266,53277,11
12.9712696075,80.2192001343,53277,53287,10
12.9711799622,80.2191696167,53287,53297,10
12.971159935,80.2191696167,53297,53307,10
12.9707899094,80.2189788818,53307,53317,10
12.9702396393,80.2187271118,53317,53327,10
12.9695596695,80.218460083,53327,53337,10
12.9688997269,80.2182006836,53337,53347,10
12.9683198929,80.2179794312,53347,53357,10
12.9676799774,80.2178878784,53357,53367,10
12.9667396545,80.2174224854,53367,53378,11
12.965929985,80.2170181274,53378,53387,9
12.9652395248,80.2167510986,53387,53398,11
12.9643201828,80.2163619995,53398,53408,10
12.9637002945,80.2161026001,53408,53418,10
12.9632301331,80.2158813477,53418,53428,10
12.9630002975,80.2158203125,53428,53438,10
12.9630203247,80.2158584595,53438,53448,10
12.9625396729,80.2155914307,53448,53458,10
12.9618797302,80.2153396606,53458,53468,10
12.961139679,80.2150421143,53468,53478,10
12.9602298737,80.2147064209,53478,53488,10
12.9593000412,80.2143478394,53488,53498,10
12.9583902359,80.2139816284,53498,53509,11
12.9573602676,80.2135620117,53509,53519,10
12.9564304352,80.213180542,53519,53529,10
12.9553899765,80.2127990723,53529,53539,10
12.9538402557,80.2121963501,53539,53559,20
12.9538402557,80.2121963501,53559,53569,10
12.9538097382,80.2121582031,53569,53579,10
12.9534702301,80.2120132446,53579,53589,10
12.9528598785,80.2117614746,53589,53599,10
12.9520702362,80.211479187,53599,53609,10
12.9511699677,80.2111587524,53609,53620,11
12.9500398636,80.2107391357,53620,53630,10
12.9490203857,80.2103424072,53630,53640,10
12.9486503601,80.2102127075,53640,53650,10
12.94851017,80.2102127075,53650,53660,10
12.9480895996,80.2100372314,53660,53670,10
12.9473600388,80.2097473145,53670,53680,10
12.946439743,80.2093811035,53680,53690,10
12.9454298019,80.2088775635,53690,53700,10
12.9445199966,80.2084732056,53700,53710,10
12.9442796707,80.208366394,53710,53720,10
12.9441003799,80.2082824707,53720,53730,10
12.9437799454,80.2081222534,53730,53741,11
12.9432401657,80.2078704834,53741,53751,10
12.9427404404,80.207321167,53751,53761,10
12.9420995712,80.2066726685,53761,53771,10
12.9413204193,80.2061233521,53771,53781,10
12.9411096573,80.2060165405,53781,53791,10
12.9409399033,80.2059631348,53791,53801,10
12.9405603409,80.2058029175,53801,53811,10
12.9399404526,80.205619812,53811,53821,10
12.9392204285,80.2053833008,53821,53831,10
12.9385204315,80.2052078247,53831,53840,9
12.9380197525,80.2050323486,53840,53851,11
12.9372396469,80.2048110962,53851,53862,11
12.936340332,80.2045516968,53862,53872,10
12.9357099533,80.2043914795,53872,53882,10
12.935259819,80.2041625977,53882,53892,10
12.9346199036,80.2039718628,53892,53902,10
12.9336500168,80.2040176392,53902,53922,20
12.9336500168,80.2040176392,53922,53942,20
12.9330301285,80.2037582397,53942,53952,10
12.9324197769,80.2035064697,53952,53963,11
12.9315500259,80.2033920288,53963,53973,10
12.9306097031,80.2028884888,53973,53983,10
12.9294996262,80.2027893066,53983,54003,20
12.9294996262,80.2027893066,54003,54013,10
12.9293804169,80.2027893066,54013,54023,10
12.9291000366,80.2027511597,54023,54033,10
12.9286003113,80.20262146,54033,54043,10
12.9282197952,80.2019805908,54043,54053,10
12.92827034,80.2010116577,54053,54063,10
12.9283895493,80.2000198364,54063,54072,9
12.9281997681,80.1993179321,54072,54084,12
12.9278001785,80.1985321045,54084,54094,10
12.9271497726,80.1978912354,54094,54104,10
12.9263496399,80.1975708008,54104,54114,10
12.9260997772,80.1975326538,54114,54124,10
12.9261398315,80.1975402832,54124,54134,10
12.9257698059,80.1975097656,54134,54144,10
12.9254198074,80.1975097656,54144,54154,10
12.9249897003,80.1974868774,54154,54164,10
12.9242897034,80.197479248,54164,54174,10
12.9234695435,80.1974487305,54174,54184,10
12.9227104187,80.1973495483,54184,54194,10
12.9222002029,80.1973114014,54194,54205,11
12.9220895767,80.197303772,54205,54215,10
12.9219703674,80.1972503662,54215,54225,10
12.9215698242,80.1971130371,54225,54235,10
12.920920372,80.1968994141,54235,54245,10
12.9201803207,80.1966400146,54245,54255,10
12.9195604324,80.1964416504,54255,54265,10
12.9194297791,80.1963272095,54265,54275,10
12.9193201065,80.1961898804,54275,54285,10
12.9188995361,80.1958389282,54285,54295,10
12.9184703827,80.1954879761,54295,54304,9
12.9180002213,80.195098877,54304,54316,12
12.9174003601,80.1945495605,54316,54326,10
12.9172801971,80.1943969727,54326,54336,10
12.9171199799,80.1942367554,54336,54346,10
12.9169998169,80.193939209,54346,54356,10
12.9170303345,80.1933288574,54356,54366,10
12.9171104431,80.192527771,54366,54376,10
12.9166698456,80.1923370361,54376,54437,61
12.9166698456,80.1923370361,54437,54447,10
12.9163999557,80.1923217773,54447,54457,10
12.9157896042,80.1922836304,54457,54467,10
12.9149904251,80.1922225952,54467,54477,10
12.9140300751,80.1921081543,54477,54487,10
12.913069725,80.1919784546,54487,54497,10
12.9120702744,80.1918716431,54497,54507,10
12.9111099243,80.1917572021,54507,54517,10
12.9104499817,80.1916732788,54517,54527,10
12.9098300934,80.1915664673,54527,54536,9
12.9097099304,80.1915130615,54536,54648,112
12.9097099304,80.1915130615,54648,54659,11
12.9094600677,80.1912612915,54659,54669,10
12.9090299606,80.1909103394,54669,54679,10
12.9083995819,80.1904220581,54679,54689,10
12.9077997208,80.1899414063,54689,54699,10
12.9076499939,80.1898193359,54699,54719,20
12.9076499939,80.1898193359,54719,54749,30
12.9068603516,80.1892929077,54749,54759,10
12.9063796997,80.1889038086,54759,54769,10
12.9061498642,80.1887283325,54769,54790,21
12.9061498642,80.1887283325,54790,54800,10
12.9056196213,80.1884002686,54800,54810,10
12.9049596786,80.1879577637,54810,54820,10
12.904129982,80.1874313354,54820,54830,10
12.9039897919,80.1864929199,54830,54840,10
12.9040203094,80.1855163574,54840,54850,10
12.9040298462,80.1853027344,54850,54860,10
12.9040403366,80.1848907471,54860,54870,10
12.9036197662,80.1845397949,54870,54880,10
12.9028596878,80.1843414307,54880,54891,11
12.9018802643,80.1840820313,54891,54901,10
12.9009399414,80.1837921143,54901,54911,10
12.8999500275,80.1833114624,54911,54921,10
12.8989095688,80.182800293,54921,54931,10
12.8979196548,80.1822967529,54931,54941,10
12.8973398209,80.1819992065,54941,54971,30
12.8973398209,80.1819992065,54971,54981,10
12.8970403671,80.1818237305,54981,54991,10
12.8965702057,80.1815719604,54991,55000,9
12.8959903717,80.1812896729,55000,55012,12
12.8951101303,80.1808319092,55012,55022,10
12.8942699432,80.1804275513,55022,55032,10
12.8933401108,80.1799926758,55032,55052,20
12.8933401108,80.1799926758,55052,55062,10
12.8932695389,80.1800003052,55062,55072,10
12.8930702209,80.1795883179,55072,55082,10
12.8927898407,80.1789703369,55082,55092,10
12.8923997879,80.178237915,55092,55102,10
12.891960144,80.1773986816,55102,55111,9
12.8915195465,80.1765670776,55111,55133,22
12.8915195465,80.1765670776,55133,55143,10
12.8914203644,80.1765213013,55143,55153,10
12.8912601471,80.1762008667,55153,55163,10
12.8909502029,80.1756210327,55163,55173,10
12.8905696869,80.1748733521,55173,55183,10
12.890130043,80.1744766235,55183,55193,10
12.8899402618,80.1744232178,55193,55203,10
12.8896799088,80.1743087769,55203,55213,10
12.8894195557,80.1741714478,55213,55223,10
12.8889398575,80.1739425659,55223,55234,11
12.8881902695,80.1735610962,55234,55244,10
12.8874101639,80.1731414795,55244,55254,10
12.8865098953,80.172668457,55254,55264,10
12.8854999542,80.1721420288,55264,55274,10
12.8844995499,80.1716003418,55274,55284,10
12.8834896088,80.1710891724,55284,55294,10
12.882610321,80.1706314087,55294,55304,10
12.882229805,80.1707229614,55304,55314,10
12.8820495605,80.1707611084,55314,55334,20
12.8815803528,80.1709213257,55334,55345,11
12.8812198639,80.1706924438,55345,55355,10
12.8748598099,80.1714630127,55355,55474,119
12.8722295761,80.1732025146,55474,55504,30
12.8694095612,80.1751098633,55504,55534,30
12.8694095612,80.1751098633,55534,55564,30
12.8664503098,80.1758117676,55564,55575,11
12.8651895523,80.1756973267,55575,55605,30
12.8647499084,80.1754684448,55605,55615,10
12.8638801575,80.1750717163,55615,55625,10
12.8631296158,80.1745834351,55625,55635,10
12.8622598648,80.1740570068,55635,55645,10
12.8612203598,80.1736068726,55645,55655,10
12.8601799011,80.1731491089,55655,55665,10
12.8596000671,80.1728897095,55665,55675,10
12.859459877,80.1728591919,55675,55685,10
12.859000206,80.1726608276,55685,55695,10
12.8582696915,80.1725234985,55695,55706,11
12.857509613,80.1724014282,55706,55716,10
12.8572797775,80.172416687,55716,55726,10
12.8567695618,80.1723022461,55726,55736,10
12.8563699722,80.1721420288,55736,55746,10
12.8563899994,80.1720809937,55746,55776,30
12.8563899994,80.1720809937,55776,55786,10
12.8557395935,80.1720581055,55786,55796,10
12.8551301956,80.1718063354,55796,55806,10
12.8543100357,80.1715621948,55806,55817,11
12.8531599045,80.1712417603,55817,55827,10
12.8520498276,80.1711120605,55827,55837,10
12.8509998322,80.1709289551,55837,55847,10
12.8498601913,80.1707611084,55847,55857,10
12.8486995697,80.1705703735,55857,55867,10
12.8475503922,80.1703796387,55867,55877,10
12.8463897705,80.1702575684,55877,55887,10
12.8452396393,80.1701965332,55887,55897,10
12.8440999985,80.1701583862,55897,55907,10
12.8429698944,80.1699981689,55907,55917,10
12.8418302536,80.1699981689,55917,55928,11
12.8405799866,80.1699905396,55928,55938,10
12.8394603729,80.1699981689,55938,55948,10
12.8385696411,80.1697921753,55948,55958,10
12.8382701874,80.1696395874,55958,55968,10
12.8381204605,80.1695098877,55968,55978,10
12.8379001617,80.1693191528,55978,55988,10
12.8376598358,80.1693115234,55988,55998,10
12.8371696472,80.1691131592,55998,56008,10
12.8370304108,80.1688766479,56008,56018,10
12.8367795944,80.1688232422,56018,56028,10
12.8364896774,80.168762207,56028,56038,10
12.836400032,80.1687088013,56038,56049,11
12.8361301422,80.1685791016,56049,56059,10
12.835940361,80.1681594849,56059,56069,10
12.8355903625,80.1678009033,56069,56079,10
12.8350095749,80.1676025391,56079,56089,10
12.8342599869,80.1671676636,56089,56099,10
12.8335695267,80.1668014526,56099,56109,10
12.8335504532,80.1668014526,56109,56119,10
12.8332901001,80.1666183472,56119,56129,10
12.8327598572,80.1663131714,56129,56139,10
12.831990242,80.1659393311,56139,56149,10
12.8309698105,80.1656570435,56149,56160,11
12.8298196793,80.1654586792,56160,56170,10
12.8287496567,80.1653518677,56170,56180,10
12.8276195526,80.1652832031,56180,56200,20
12.8275299072,80.1651916504,56200,56230,30
12.8275299072,80.1651916504,56230,56240,10
12.8274202347,80.1651611328,56240,56250,10
12.8272199631,80.1650009155,56250,56260,10
12.8271303177,80.164932251,56260,56271,11
12.8268499374,80.1647491455,56271,56281,10
12.8263301849,80.1644210815,56281,56291,10
12.8256196976,80.1639862061,56291,56301,10
12.8251199722,80.1637115479,56301,56311,10
12.8244199753,80.1633300781,56311,56321,10
12.8235702515,80.1627426147,56321,56331,10
12.8224401474,80.1622695923,56331,56341,10
12.8213300705,80.1618118286,56341,56351,10
12.8201904297,80.1613464355,56351,56361,10
12.8190803528,80.1608734131,56361,56371,10
12.8182897568,80.1604995728,56371,56381,10
12.8180904388,80.1603164673,56381,56392,11
12.817489624,80.1602935791,56392,56402,10
12.817150116,80.1602172852,56402,56412,10
12.8169298172,80.1601791382,56412,56422,10
12.8163003922,80.1600570679,56422,56432,10
12.8154201508,80.1598815918,56432,56442,10
12.814330101,80.15965271,56442,56452,10
12.8131904602,80.1595306396,56452,56462,10
12.8120803833,80.159362793,56462,56472,10
12.8115596771,80.1594772339,56472,56503,31
12.8110704422,80.1596374512,56503,56513,10
12.8104400635,80.1597518921,56513,56523,10
12.8100204468,80.1596069336,56523,56543,20
12.8100204468,80.1596069336,56543,56553,10
12.8101596832,80.15965271,56553,56724,171
12.8104400635,80.1597518921,56724,56805,81
12.810259819,80.1596908569,56805,57340,535
12.810259819,80.1596908569,57340,57350,10
12.8103399277,80.1596679688,57350,57360,10
12.8107995987,80.1596298218,57360,57370,10
12.8110799789,80.1595306396,57370,57380,10
12.8112401962,80.1595077515,57380,57390,10
12.8118000031,80.1593704224,57390,57400,10
12.8126401901,80.1593780518,57400,57410,10
12.8136796951,80.159538269,57410,57420,10
12.8148202896,80.1596908569,57420,57430,10
12.8159198761,80.1598968506,57430,57441,11
12.816860199,80.1601104736,57441,57451,10
12.8171596527,80.1601791382,57451,57461,10
12.8175001144,80.1602706909,57461,57471,10
12.8179197311,80.160369873,57471,57491,20
12.8179197311,80.160369873,57491,57501,10
12.8181600571,80.16040802,57501,57511,10
12.818400383,80.1604766846,57511,57521,10
12.818980217,80.1607513428,57521,57531,10
12.8197803497,80.1611022949,57531,57541,10
12.8207798004,80.1615219116,57541,57552,11
12.8219404221,80.1620101929,57552,57562,10
12.8230400085,80.162437439,57562,57572,10
12.8240499496,80.1630096436,57572,57582,10
12.8250198364,80.1636581421,57582,57592,10
12.8260698318,80.1642074585,57592,57602,10
12.8269195557,80.1647796631,57602,57612,10
12.8273696899,80.1650619507,57612,57622,10
12.8276996613,80.1651382446,57622,57673,51
12.8276996613,80.1651382446,57673,57683,10
12.8280200958,80.1651687622,57683,57693,10
12.8287200928,80.1653289795,57693,57703,10
12.8294200897,80.1654586792,57703,57713,10
12.8305196762,80.1654891968,57713,57723,10
12.8316297531,80.1657791138,57723,57733,10
12.8326997757,80.1661911011,57733,57743,10
12.833729744,80.1667861938,57743,57753,10
12.834690094,80.167350769,57753,57763,10
12.8354902267,80.1677474976,57763,57773,10
12.8358297348,80.1678390503,57773,57784,11
12.8359899521,80.1682510376,57784,57794,10
12.8362102509,80.1685791016,57794,57804,10
12.8363800049,80.1686172485,57804,57814,10
12.8368196487,80.1687316895,57814,57824,10
12.8370599747,80.1688079834,57824,57834,10
12.837220192,80.1690597534,57834,57844,10
12.8376598358,80.1692733765,57844,57854,10
12.838139534,80.169342041,57854,57864,10
12.8383703232,80.169593811,57864,57874,10
12.8383998871,80.1696472168,57874,57884,10
12.8387498856,80.169883728,57884,57895,11
12.8395395279,80.1699981689,57895,57905,10
12.8405599594,80.1699523926,57905,57915,10
12.8416996002,80.169960022,57915,57925,10
12.842880249,80.1699371338,57925,57935,10
12.8440504074,80.1700668335,57935,57945,10
12.845199585,80.170173645,57945,57955,10
12.8463497162,80.1701965332,57955,57965,10
12.8474903107,80.1703033447,57965,57975,10
12.8486299515,80.1705322266,57975,57985,10
12.8496198654,80.1706771851,57985,57995,10
12.8506202698,80.1708602905,57995,58005,10
12.8515996933,80.171043396,58005,58016,11
12.8527603149,80.1712417603,58016,58026,10
12.8538799286,80.1713867188,58026,58036,10
12.8549804688,80.1716995239,58036,58046,10
12.856010437,80.1719894409,58046,58055,9
12.8563699722,80.172088623,58055,58096,41
12.8563699722,80.172088623,58096,58106,10
12.8567199707,80.1721572876,58106,58116,10
12.8573198318,80.1722717285,58116,58127,11
12.8577404022,80.1723480225,58127,58137,10
12.8582401276,80.1724624634,58137,58147,10
12.8590097427,80.1726074219,58147,58157,10
12.859919548,80.1729202271,58157,58167,10
12.8609199524,80.1734619141,58167,58177,10
12.8620300293,80.1739120483,58177,58187,10
12.8630895615,80.1744308472,58187,58197,10
12.8640203476,80.1750869751,58197,58207,10
12.8650102615,80.1756591797,58207,58218,11
12.8660001755,80.1758880615,58218,58227,9
12.8672399521,80.1754302979,58227,58238,11
12.8685903549,80.1753997803,58238,58278,40
12.8716802597,80.1736602783,58278,58288,10
12.8726100922,80.1730499268,58288,58298,10
12.873550415,80.1723937988,58298,58306,8
12.8783197403,80.1700592041,58306,58377,71
12.8800497055,80.170249939,58377,58407,30
12.8817195892,80.1709518433,58407,58437,30
12.8817195892,80.1709518433,58437,58467,30
12.8827800751,80.1706924438,58467,58478,11
12.8832702637,80.1709594727,58478,58488,10
12.8839502335,80.1713180542,58488,58498,10
12.8847503662,80.1717376709,58498,58508,10
12.8856801987,80.1722412109,58508,58518,10
12.8865499496,80.1726989746,58518,58528,10
12.8874902725,80.173210144,58528,58538,10
12.888299942,80.1735992432,58538,58548,10
12.8891000748,80.174041748,58548,58558,10
12.8896303177,80.1742706299,58558,58568,10
12.8898200989,80.174331665,58568,58578,10
12.8900699615,80.1744308472,58578,58589,11
12.8904695511,80.1747283936,58589,58599,10
12.8908004761,80.1753082275,58599,58609,10
12.891169548,80.1759872437,58609,58619,10
12.8915395737,80.1766815186,58619,58629,10
12.8915596008,80.1766967773,58629,58639,10
12.8916797638,80.1769104004,58639,58649,10
12.8919696808,80.1773910522,58649,58659,10
12.8923797607,80.1780776978,58659,58669,10
12.8928804398,80.1789474487,58669,58679,10
12.8933897018,80.1799087524,58679,58689,10
12.8941001892,80.1803283691,58689,58700,11
12.894610405,80.1805877686,58700,58740,40
12.8964796066,80.1816329956,58740,58750,10
12.8973503113,80.1819534302,58750,58760,10
12.8978500366,80.1821975708,58760,58800,40
12.8984498978,80.1825408936,58800,58810,10
12.899189949,80.1829223633,58810,58821,11
12.9001903534,80.1834793091,58821,58831,10
12.9011697769,80.1838684082,58831,58840,9
12.902179718,80.1840820313,58840,58851,11
12.9034004211,80.1844329834,58851,58861,10
12.9041900635,80.1848526001,58861,58871,10
12.9041700363,80.1857833862,58871,58881,10
12.9041204453,80.1868286133,58881,58891,10
12.904540062,80.1876602173,58891,58901,10
12.9054603577,80.1882400513,58901,58911,10
12.9066896439,80.1890335083,58911,58942,31
12.9066896439,80.1890335083,58942,58952,10
12.9067201614,80.1890487671,58952,58962,10
12.9070396423,80.1892929077,58962,58972,10
12.9075202942,80.189666748,58972,58982,10
12.9081001282,80.1901321411,58982,58992,10
12.9087200165,80.1906280518,58992,59002,10
12.9093999863,80.1911697388,59002,59012,10
12.9101600647,80.19165802,59012,59022,10
12.9111700058,80.1917572021,59022,59032,10
12.9121599197,80.1918411255,59032,59042,10
12.9123697281,80.1918792725,59042,59053,11
12.9123697281,80.1917037964,59053,59093,40
12.9148302078,80.1921310425,59093,59103,10
12.9157800674,80.192237854,59103,59113,10
12.9166402817,80.1922912598,59113,59123,10
12.9171495438,80.1921691895,59123,59133,10
12.9171600342,80.1921310425,59133,59164,31
12.9173002243,80.1911697388,59164,59174,10
12.9173297882,80.1904907227,59174,59184,10
12.9173603058,80.1903610229,59184,59194,10
12.9174203873,80.1903533936,59194,59204,10
12.9174499512,80.1906509399,59204,59214,10
12.9174203873,80.1912384033,59214,59224,10
12.9173402786,80.1920089722,59224,59234,10
12.9173202515,80.1925811768,59234,59244,10
12.9172296524,80.1930999756,59244,59285,41
12.9172296524,80.1930999756,59285,59295,10
12.9172496796,80.1931304932,59295,59305,10
12.9172000885,80.1935806274,59305,59315,10
12.91726017,80.1940612793,59315,59325,10
12.9173498154,80.1943588257,59325,59335,10
12.9177598953,80.1947631836,59335,59345,10
12.9182701111,80.1952819824,59345,59355,10
12.9189300537,80.1958770752,59355,59365,10
12.9197597504,80.1964416504,59365,59375,10
12.9205904007,80.1967468262,59375,59385,10
12.9209403992,80.1968765259,59385,59396,11
12.9215602875,80.1971130371,59396,59406,10
12.9223203659,80.1973190308,59406,59416,10
12.9231796265,80.197517395,59416,59567,151
12.9285001755,80.1999969482,59567,59577,10
12.9285802841,80.2009811401,59577,59587,10
12.9286603928,80.2019882202,59587,59597,10
12.9289999008,80.2030181885,59597,59628,31
12.9294395447,80.2022094727,59628,59638,10
12.9293298721,80.2025604248,59638,59728,90
12.9339799881,80.2038192749,59728,59739,11
12.9341402054,80.203918457,59739,59749,10
12.9346199036,80.2038879395,59749,59759,10
12.9352397919,80.2038574219,59759,59769,10
12.9359903336,80.2044067383,59769,59779,10
12.9366598129,80.2046432495,59779,59789,10
12.9373598099,80.2048568726,59789,59890,101
12.9422197342,80.2066268921,59890,59900,10
12.942779541,80.2074813843,59900,59910,10
12.9431695938,80.2078399658,59910,60021,111
12.9465703964,80.2091293335,60021,60031,10
12.9473600388,80.2094421387,60031,60223,192
12.9551496506,80.212562561,60223,60233,10
12.9553203583,80.2126464844,60233,60243,10
12.9554796219,80.2127227783,60243,60253,10
12.9555397034,80.2127380371,60253,60263,10
12.9556303024,80.2127685547,60263,60273,10
12.9559202194,80.2128677368,60273,60303,30
12.9559202194,80.2128677368,60303,60314,11
12.9562797546,80.2129898071,60314,60334,20
12.9562797546,80.2129898071,60334,60374,40
12.9570703506,80.2133636475,60374,60384,10
12.9575395584,80.2135467529,60384,60394,10
12.9582195282,80.2138366699,60394,60404,10
12.9590196609,80.2141494751,60404,60414,10
12.9598999023,80.2145233154,60414,60424,10
12.960650444,80.2150115967,60424,60435,11
12.9620800018,80.2154464722,60435,60445,10
12.9630403519,80.2158203125,60445,60455,10
12.9638900757,80.216293335,60455,60626,171
12.9713897705,80.219039917,60626,60636,10
12.9718503952,80.2192611694,60636,60646,10
12.9724597931,80.2195510864,60646,60656,10
12.9732398987,80.219871521,60656,60667,11
12.9741001129,80.2203216553,60667,60677,10
12.9746799469,80.2208023071,60677,60717,40
12.9754800797,80.2208023071,60717,60727,10
12.9757795334,80.2210388184,60727,61020,293
12.9829597473,80.2219924927,61020,61030,10
12.9833202362,80.2221298218,61030,61040,10
12.9840698242,80.2221603394,61040,61050,10
12.9847602844,80.2222671509,61050,61302,252
12.994509697,80.2173995972,61302,61312,10
12.9947004318,80.2171325684,61312,61323,11
12.9949998856,80.2169036865,61323,61575,252
13.0106201172,80.2226104736,61575,61585,10
13.0112600327,80.2230682373,61585,61595,10
13.0115804672,80.2232666016,61595,61726,131
13.0157403946,80.2250976563,61726,61736,10
13.0160503387,80.2252426147,61736,61746,10
13.0167798996,80.2252426147,61746,61756,10
13.0174703598,80.2250137329,61756,61837,81
13.0207996368,80.2252426147,61837,61847,10
13.021229744,80.2257766724,61847,61857,10
13.0218000412,80.2267074585,61857,62099,242
13.0281801224,80.2308197021,62099,62109,10
13.0281095505,80.2309188843,62109,62119,10
13.028459549,80.2309112549,62119,62129,10
13.0289897919,80.2308578491,62129,62140,11
13.0292100906,80.2308120728,62140,62251,111
13.033490181,80.2305831909,62251,62261,10
13.034239769,80.2306900024,62261,62271,10
13.0338001251,80.2305984497,62271,62281,10
13.0337400436,80.2303390503,62281,62291,10
13.0337600708,80.2302398682,62291,62412,121
13.0346403122,80.229888916,62412,62422,10
13.0344896317,80.2298431396,62422,63804,1382
13.0342102051,80.2300567627,63804,63854,50
13.0342102051,80.2300567627,63854,63864,10
13.0341997147,80.2303619385,63864,63873,9
13.0340900421,80.2304763794,63873,63885,12
13.0337295532,80.230430603,63885,63895,10
13.0333995819,80.2304534912,63895,63905,10
13.0328798294,80.2305221558,63905,63915,10
13.0322799683,80.2305908203,63915,63925,10
13.0320701599,80.2306365967,63925,63935,10
13.031920433,80.2306671143,63935,63945,10
13.0315198898,80.2306976318,63945,63955,10
13.0311403275,80.230758667,63955,63975,20
13.0311403275,80.230758667,63975,63985,10
13.0311203003,80.230758667,63985,63996,11
13.0309095383,80.2307662964,63996,64096,100
13.0276002884,80.2313766479,64096,64107,11
13.0277004242,80.2321166992,64107,64157,50
13.0269498825,80.2330474854,64157,64177,20
13.0269498825,80.2330474854,64177,64187,10
13.0268201828,80.2330627441,64187,64197,10
13.0265197754,80.2330169678,64197,64208,11
13.026260376,80.2328567505,64208,64218,10
13.026260376,80.2328033447,64218,64258,40
13.0258598328,80.2310028076,64258,64268,10
13.0255098343,80.2302627563,64268,64278,10
13.0251598358,80.2298736572,64278,64328,50
13.0251598358,80.2298736572,64328,64349,21
13.0252399445,80.2300415039,64349,64359,10
13.0252399445,80.2300186157,64359,64369,10
13.0251197815,80.2298202515,64369,64379,10
13.0248203278,80.2293777466,64379,64389,10
13.0243902206,80.2287979126,64389,64399,10
13.0241098404,80.2284393311,64399,64409,10
13.0237998962,80.2280578613,64409,64419,10
13.0230998993,80.2274932861,64419,64440,21
13.0230998993,80.2274932861,64440,64470,30
13.022600174,80.2270889282,64470,64480,10
13.0225296021,80.2267684937,64480,64490,10
13.0223798752,80.2265396118,64490,64500,10
13.0215902328,80.2259979248,64500,64510,10
13.0209999084,80.2255096436,64510,64520,10
13.0205698013,80.2253265381,64520,64530,10
12.9980697632,80.2166900635,64530,65529,999
12.9980697632,80.2166900635,65529,65710,181
12.9956798553,80.2168197632,65710,65720,10
12.9954996109,80.2168807983,65720,65731,11
12.9953203201,80.2169265747,65731,65761,30
12.9949598312,80.2171096802,65761,65771,10
12.9947500229,80.2172393799,65771,68051,2280
12.9171104431,80.194229126,68051,68081,30
12.9171104431,80.194229126,68081,68091,10
12.9170799255,80.194190979,68091,68101,10
12.9170103073,80.193862915,68101,68142,41
12.9170103073,80.193862915,68142,68152,10
12.9169902802,80.1934661865,68152,68343,191
12.9113998413,80.1914901733,68343,68353,10
12.9105300903,80.19165802,68353,68364,11
12.9097003937,80.1914825439,68364,68374,10
12.9095802307,80.1913909912,68374,68384,10
12.9095697403,80.1913909912,68384,68394,10
12.9095096588,80.1912689209,68394,68404,10
12.9094200134,80.1911087036,68404,68414,10
12.9085502625,80.1905670166,68414,68424,10
12.9078197479,80.1900634766,68424,68434,10
12.9070301056,80.1895065308,68434,68858,424
12.888469696,80.1736373901,68858,68868,10
12.8876695633,80.173286438,68868,68878,10
12.8867502213,80.172958374,68878,68888,10
12.8858003616,80.1726074219,68888,69121,233
12.8692502975,80.1753768921,69121,69131,10
12.8682699203,80.1759185791,69131,69142,11
12.867389679,80.1765365601,69142,69172,30
12.8651599884,80.1757125854,69172,69182,10
12.8646297455,80.1756591797,69182,69232,50
12.8613004684,80.1737289429,69232,69928,696
12.8177995682,80.1599731445,69928,69939,11
12.8171796799,80.1599121094,69939,70372,433
12.8272895813,80.1650619507,70372,70382,10
12.8274297714,80.1652297974,70382,70393,11
12.8273296356,80.1653518677,70393,70522,129
12.8327102661,80.1663284302,70522,70534,12
12.8335399628,80.1668014526,70534,70544,10
12.833530426,80.1668777466,70544,70826,282
12.8554697037,80.1719284058,70826,70988,162
12.8760299683,80.1708297729,70988,71117,129
12.8760299683,80.1708297729,71117,71460,343
12.8939399719,80.1804962158,71460,71470,10
12.894200325,80.1805877686,71470,71480,10
12.8945598602,80.1808013916,71480,72095,615
12.92029953,80.1967468262,72095,72105,10
12.9206495285,80.1969070435,72105,72115,10
12.920920372,80.1969223022,72115,72126,11
12.9211997986,80.1970214844,72126,72136,10
12.9217596054,80.1969909668,72136,72166,30
12.9233598709,80.1976699829,72166,72176,10
12.9235095978,80.1975326538,72176,72186,10
12.9237203598,80.1975097656,72186,72388,202
12.930150032,80.2029495239,72388,72398,10
12.9308004379,80.2031784058,72398,72408,10
12.9314203262,80.2034988403,72408,72418,10
12.9324598312,80.2039718628,72418,72428,10
12.9334697723,80.2045822144,72428,72468,40
12.9340696335,80.2040176392,72468,72479,11
12.9342603683,80.2041473389,72479,74658,2179
13.0198602676,80.224899292,74658,74809,151
13.0141897202,80.2256698608,74809,74829,20
13.0142297745,80.2258529663,74829,74900,71
13.0142297745,80.2258529663,74900,74940,40
13.013879776,80.226020813,74940,74950,10
13.0136899948,80.2260665894,74950,76453,1503
13.0143003464,80.2257766724,76453,76524,71
13.0142402649,80.2257919312,76524,77049,525
13.0141601563,80.2258605957,77049,77321,272
13.0141601563,80.2258605957,77321,77533,212
13.0140104294,80.2256317139,77533,77543,10
13.0137701035,80.2255020142,77543,79197,1654
13.0142097473,80.2257080078,79197,81811,2614
