12.9869499207,80.2593688965,17,1229,1212
12.9869499207,80.2593688965,1229,1239,10
12.9872198105,80.2595367432,1239,1249,10
12.987279892,80.2593688965,1249,3381,2132
12.9872903824,80.2592468262,3381,4452,1071
12.9873800278,80.2593002319,4452,10346,5894
12.9873800278,80.2592010498,10346,10407,61
12.9872598648,80.2592697144,10407,15128,4721
12.9872198105,80.2593917847,15128,16645,1517
12.9872198105,80.2593917847,16645,16655,10
12.9872703552,80.2593612671,16655,17837,1182
12.9872703552,80.2593612671,17837,17847,10
12.9873199463,80.2589874268,17847,17857,10
12.9873504639,80.2588500977,17857,17867,10
12.9873800278,80.2586669922,17867,17878,11
12.9873895645,80.2583694458,17878,17888,10
12.9874000549,80.2580718994,17888,17898,10
12.9874401093,80.2578125,17898,18059,161
12.9874401093,80.2578125,18059,18070,11
12.9875202179,80.2576217651,18070,18080,10
12.9875202179,80.2573394775,18080,18090,10
12.9875402451,80.2570419312,18090,18100,10
12.987569809,80.2566833496,18100,18110,10
12.9876098633,80.2562332153,18110,18120,10
12.9876203537,80.255821228,18120,18130,10
12.9877004623,80.255531311,18130,18140,10
12.9877595901,80.2549819946,18140,18150,10
12.9877700806,80.2547607422,18150,18160,10
12.9877996445,80.2543716431,18160,18171,11
12.987859726,80.2535934448,18171,18181,10
12.9879198074,80.252746582,18181,18191,10
12.9877796173,80.2516784668,18191,18221,30
12.9877796173,80.2516784668,18221,18231,10
12.987449646,80.2515792847,18231,18241,10
12.9868602753,80.2516708374,18241,18251,10
12.9861097336,80.2518615723,18251,18261,10
12.9853000641,80.2520828247,18261,18272,11
12.9843301773,80.2523574829,18272,18282,10
12.9833898544,80.2526016235,18282,18292,10
12.9823904037,80.2526779175,18292,18302,10
12.9814300537,80.2526931763,18302,18312,10
12.9805402756,80.2527236938,18312,18322,10
12.9799499512,80.2526931763,18322,18332,10
12.9798803329,80.2523574829,18332,18352,20
12.9798803329,80.2523574829,18352,18362,10
12.9799404144,80.2522125244,18362,18379,17
12.9801101685,80.251663208,18379,18391,12
12.9803199768,80.2509765625,18391,18401,10
12.9804697037,80.2504425049,18401,18411,10
12.9806604385,80.2495727539,18411,18421,10
12.9807300568,80.2488021851,18421,18431,10
12.9807796478,80.248008728,18431,18441,10
12.9808502197,80.2471923828,18441,18451,10
12.9809303284,80.2463378906,18451,18462,11
12.9810400009,80.2454376221,18462,18472,10
12.9811496735,80.2444381714,18472,18482,10
12.9812297821,80.2437362671,18482,18492,10
12.9813604355,80.2434997559,18492,18502,10
12.9813699722,80.2428436279,18502,18522,20
12.9813699722,80.2428436279,18522,18532,10
12.9813995361,80.2426986694,18532,18542,10
12.9813995361,80.2423782349,18542,18553,11
12.9813899994,80.2418136597,18553,18563,10
12.9813804626,80.2411727905,18563,18573,10
12.9813699722,80.2405166626,18573,18583,10
12.9813604355,80.2397994995,18583,18593,10
12.9813404083,80.2390365601,18593,18603,10
12.9812898636,80.2379379272,18603,18623,20
12.9812898636,80.2379379272,18623,18633,10
12.981300354,80.2378921509,18633,18643,10
12.981300354,80.2375869751,18643,18654,11
12.9812803268,80.2370529175,18654,18664,10
12.9812602997,80.2363891602,18664,18674,10
12.9812402725,80.235710144,18674,18684,10
12.9812097549,80.2350082397,18684,18694,10
12.9812498093,80.2342834473,18694,18704,10
12.9814996719,80.2336502075,18704,18720,16
12.9816598892,80.2333297729,18720,18732,12
12.9816904068,80.2332687378,18732,18740,8
12.9818096161,80.233039856,18740,18753,13
12.9820098877,80.2324295044,18753,18763,10
12.9820604324,80.2318191528,18763,18773,10
12.9819803238,80.2312469482,18773,18783,10
12.9817495346,80.2306594849,18783,18793,10
12.9813995361,80.2300872803,18793,18803,10
12.9810400009,80.2295303345,18803,18813,10
12.9807500839,80.2290496826,18813,18832,19
12.9807500839,80.2290496826,18832,18844,12
12.9805603027,80.2287368774,18844,18854,10
12.9802703857,80.2282485962,18854,18864,10
12.9799098969,80.2276687622,18864,18874,10
12.9795799255,80.2271270752,18874,18884,10
12.9792604446,80.226600647,18884,18894,10
12.978890419,80.2259902954,18894,18904,10
12.9785003662,80.2253265381,18904,18914,10
12.9780902863,80.2246704102,18914,18924,10
12.9777402878,80.2241592407,18924,18934,10
12.9773797989,80.2235565186,18934,18944,10
12.9769897461,80.2229309082,18944,18955,11
12.9767303467,80.2225189209,18955,18965,10
12.9763898849,80.2219696045,18965,18975,10
12.9760398865,80.2214584351,18975,18985,10
12.9755897522,80.2209777832,18985,18995,10
12.9755001068,80.2207489014,18995,19005,10
12.9759597778,80.2210617065,19005,19096,91
12.9759597778,80.2210617065,19096,19106,10
12.976269722,80.2212677002,19106,19116,10
12.9766302109,80.2212677002,19116,19126,10
12.9771299362,80.2212677002,19126,19137,11
12.9777898788,80.221206665,19137,19147,10
12.9784603119,80.2211914063,19147,19157,10
12.979180336,80.2211380005,19157,19167,10
12.9798898697,80.2210922241,19167,19177,10
12.9805603027,80.2210388184,19177,19187,10
12.981300354,80.2211608887,19187,19197,10
12.9819498062,80.221572876,19197,19207,10
12.9825496674,80.2218322754,19207,19217,10
12.9830102921,80.2219772339,19217,19228,11
12.9830303192,80.2219924927,19228,19238,10
12.9831600189,80.2220916748,19238,19248,10
12.9834699631,80.2223129272,19248,19258,10
12.9839296341,80.2225875854,19258,19268,10
12.9845199585,80.2229385376,19268,19278,10
12.9850997925,80.2232437134,19278,19288,10
12.9855098724,80.2232589722,19288,19298,10
12.9858999252,80.2229995728,19298,19308,10
12.9864597321,80.2229690552,19308,19318,10
12.9865102768,80.2229690552,19318,19329,11
12.9866600037,80.2229690552,19329,19339,10
12.9870595932,80.2230529785,19339,19349,10
12.9876499176,80.2230911255,19349,19359,10
12.9881801605,80.2227935791,19359,19369,10
12.9887399673,80.2222824097,19369,19379,10
12.989159584,80.2217788696,19379,19389,10
12.989569664,80.2212982178,19389,19399,10
12.9901103973,80.2206878662,19399,19409,10
12.9904403687,80.2203979492,19409,19428,19
12.9905796051,80.2202987671,19428,19440,12
12.9910202026,80.2199630737,19440,19450,10
12.9912796021,80.2197494507,19450,19460,10
12.9916801453,80.2194366455,19460,19470,10
12.9923095703,80.2189865112,19470,19480,10
12.9930496216,80.218460083,19480,19490,10
12.9937200546,80.2179794312,19490,19500,10
12.9944295883,80.2174606323,19500,19510,10
12.9951200485,80.2169723511,19510,19521,11
12.9960298538,80.2166213989,19521,19531,10
12.9968395233,80.216506958,19531,19541,10
12.9972896576,80.2163467407,19541,19551,10
12.9974803925,80.2161483765,19551,19571,20
12.9974803925,80.2161483765,19571,19581,10
12.9976997375,80.2159729004,19581,19591,10
12.9980201721,80.2156982422,19591,19601,10
12.9984998703,80.2152786255,19601,19612,11
12.9990701675,80.2147979736,19612,19622,10
12.9993801117,80.2145309448,19622,19632,10
12.9998598099,80.2141113281,19632,19642,10
13.0003299713,80.2136993408,19642,19652,10
13.000869751,80.2132034302,19652,19662,10
13.0013904572,80.2128601074,19662,19672,10
13.0020399094,80.2124099731,19672,19682,10
13.0024900436,80.2121963501,19682,19692,10
13.0032300949,80.212097168,19692,19701,9
13.0038700104,80.2119903564,19701,19713,12
13.0040502548,80.212020874,19713,19723,10
13.0044002533,80.2121887207,19723,19733,10
13.004940033,80.2124786377,19733,19743,10
13.0057201385,80.2129211426,19743,19753,10
13.0064601898,80.2127380371,19753,19763,10
13.0071601868,80.2127685547,19763,19773,10
13.0078201294,80.2129898071,19773,19803,30
13.0078201294,80.2129898071,19803,19814,11
13.0080604553,80.2132034302,19814,19824,10
13.0085897446,80.213432312,19824,19834,10
13.0091104507,80.2141418457,19834,19844,10
13.0095396042,80.2147369385,19844,19854,10
13.0098600388,80.2151565552,19854,19870,16
13.0105695724,80.2160186768,19870,19882,12
13.010890007,80.2169113159,19882,19890,8
13.011179924,80.2176132202,19890,19902,12
13.0116996765,80.2189407349,19902,19913,11
13.0121202469,80.2202377319,19913,19921,8
13.0123796463,80.2211074829,19921,19933,12
13.0126800537,80.2218093872,19933,19943,10
13.0132598877,80.2225189209,19943,19952,9
13.0137796402,80.2231521606,19952,19963,11
13.0143899918,80.2239608765,19963,19973,10
13.0149002075,80.2245330811,19973,19983,10
13.015370369,80.2249069214,19983,19992,9
13.0154895782,80.224937439,19992,20004,12
13.0155496597,80.2249679565,20004,20014,10
13.0158004761,80.2252120972,20014,20024,10
13.0161600113,80.2253189087,20024,20034,10
13.0167798996,80.2252120972,20034,20044,10
13.0175800323,80.224899292,20044,20054,10
13.0184497833,80.2245483398,20054,20064,10
13.0193300247,80.2243728638,20064,20074,10
13.0200300217,80.2247009277,20074,20084,10
13.0207195282,80.2252120972,20084,20095,11
13.0214195251,80.2257385254,20095,20105,10
13.0219402313,80.2260971069,20105,20115,10
13.02202034,80.2261581421,20115,20125,10
13.0222501755,80.2263717651,20125,20135,10
13.0226898193,80.2267837524,20135,20145,10
13.0232601166,80.2273025513,20145,20155,10
13.0238399506,80.2278594971,20155,20165,10
13.0243997574,80.2285232544,20165,20175,10
13.0249204636,80.2292404175,20175,20185,10
13.025560379,80.2300796509,20185,20196,11
13.0260295868,80.231086731,20196,20206,10
13.026260376,80.231338501,20206,20216,10
13.0267696381,80.2312011719,20216,20226,10
13.0274896622,80.2310180664,20226,20236,10
13.0281200409,80.2309188843,20236,20246,10
13.0284500122,80.2308578491,20246,20256,10
13.0285196304,80.2308578491,20256,20266,10
13.0289802551,80.2308273315,20266,20276,10
13.0294704437,80.2307891846,20276,20287,11
13.0301704407,80.2307434082,20287,20297,10
13.0308504105,80.2306900024,20297,20307,10
13.0315999985,80.2306365967,20307,20317,10
13.0322799683,80.2305831909,20317,20327,10
13.0329799652,80.2305297852,20327,20337,10
13.033539772,80.2304992676,20337,20347,10
13.0339202881,80.2304763794,20347,20357,10
13.0342702866,80.2304229736,20357,20377,20
13.0342702866,80.2304229736,20377,20388,11
13.0343904495,80.2303924561,20388,20398,10
13.034740448,80.2303085327,20398,20408,10
13.0350503922,80.2302093506,20408,20418,10
13.0350799561,80.2303695679,20418,20428,10
13.034819603,80.2303390503,20428,20438,10
13.0347499847,80.2303237915,20438,20448,10
13.0344696045,80.2304000854,20448,20458,10
13.0341501236,80.2304611206,20458,20468,10
13.0340499878,80.23046875,20468,20478,10
13.0337600708,80.2304611206,20478,20488,10
13.0333099365,80.2304992676,20488,20499,11
13.0329198837,80.2305603027,20499,21651,1152
13.0327396393,80.230430603,21651,22459,808
13.0327396393,80.230430603,22459,22469,10
13.0325298309,80.2304763794,22469,22479,10
13.0321397781,80.2305374146,22479,22489,10
13.0315999985,80.2305984497,22489,22499,10
13.0309801102,80.2306671143,22499,22510,11
13.0303497314,80.2307434082,22510,22520,10
13.0298900604,80.2308120728,22520,22530,10
13.0298700333,80.2308197021,22530,22540,10
13.0296297073,80.2308578491,22540,22550,10
13.0291795731,80.2309036255,22550,22560,10
13.0285902023,80.2309494019,22560,22570,10
13.0279598236,80.2309875488,22570,22580,10
13.0276603699,80.2311019897,22580,22590,10
13.0277099609,80.231552124,22590,22601,11
13.0277299881,80.2318572998,22601,22611,10
13.0277996063,80.2322387695,22611,22621,10
13.0278997421,80.2326278687,22621,22631,10
13.0276098251,80.2328720093,22631,22641,10
13.0270900726,80.232963562,22641,22661,20
13.0270900726,80.232963562,22661,22671,10
13.0269498825,80.2329788208,22671,22681,10
13.0266399384,80.2330093384,22681,22691,10
13.0263395309,80.2327270508,22691,22702,11
13.0261297226,80.2320022583,22702,22712,10
13.0259895325,80.2314529419,22712,22722,10
13.0258798599,80.2309875488,22722,22732,10
13.0255804062,80.2303085327,22732,22742,10
13.0250597,80.229598999,22742,22752,10
13.0245800018,80.2289962769,22752,22762,10
13.0241699219,80.2284088135,22762,22772,10
13.0236597061,80.2278137207,22772,22782,10
13.0230398178,80.2274093628,22782,22803,21
13.0230398178,80.2274093628,22803,22813,10
13.0229797363,80.2273635864,22813,22823,10
13.0226898193,80.2271575928,22823,22839,16
13.0221395493,80.2265014648,22839,22851,12
13.0215501785,80.2259979248,22851,22860,9
13.0211200714,80.2256622314,22860,22871,11
13.0204296112,80.2251815796,22871,22881,10
13.0200195313,80.2249221802,22881,22892,11
13.019780159,80.2247619629,22892,22902,10
13.0193796158,80.224571228,22902,22911,9
13.0188398361,80.2245483398,22911,22922,11
13.0181503296,80.2248001099,22922,22931,9
13.0174398422,80.2250823975,22931,22942,11
13.0167598724,80.2253570557,22942,22952,10
13.0160903931,80.2256164551,22952,22962,10
13.0154304504,80.2258377075,22962,22972,10
13.0147695541,80.2260971069,22972,22982,10
13.0143404007,80.226272583,22982,22993,11
13.0138397217,80.2264480591,22993,23003,10
13.0131597519,80.2266998291,23003,23013,10
13.0123796463,80.2269973755,23013,23023,10
13.0115404129,80.2273330688,23023,23033,10
13.0106801987,80.2276611328,23033,23043,10
13.0099401474,80.2279205322,23043,23053,10
13.0095901489,80.2274780273,23053,23063,10
13.0098800659,80.2268295288,23063,23073,10
13.010219574,80.2260437012,23073,23084,11
13.0106096268,80.2251586914,23084,23094,10
13.0109300613,80.2243728638,23094,23104,10
13.0112400055,80.2235870361,23104,23114,10
13.0115098953,80.2228393555,23114,23124,10
13.011759758,80.2221069336,23124,23134,10
13.0120401382,80.2214126587,23134,23144,10
13.0120401382,80.2207336426,23144,23154,10
13.0118198395,80.2199630737,23154,23164,10
13.0117197037,80.2196884155,23164,23173,9
13.0115995407,80.2193603516,23173,23185,12
13.0113401413,80.2185211182,23185,23195,10
13.0110301971,80.2176971436,23195,23205,10
13.0106697083,80.2168273926,23205,23215,10
13.0102396011,80.2160415649,23215,23225,10
13.0098199844,80.2151870728,23225,23235,10
13.0093002319,80.2144775391,23235,23245,10
13.008769989,80.213760376,23245,23255,10
13.0083999634,80.2134475708,23255,23275,20
13.0083999634,80.2134475708,23275,23286,11
13.0082197189,80.2133636475,23286,23296,10
13.0079803467,80.2132263184,23296,23326,30
13.0079803467,80.2132263184,23326,23336,10
13.0078601837,80.2130508423,23336,23346,10
13.0074300766,80.2128372192,23346,23356,10
13.006819725,80.2127685547,23356,23365,9
13.0061998367,80.2128601074,23365,23377,12
13.0053195953,80.2127227783,23377,23387,10
13.0045404434,80.2122573853,23387,23398,11
13.0037698746,80.2119903564,23398,23408,10
13.0036697388,80.2113494873,23408,23418,10
13.0035896301,80.2106704712,23418,23428,10
13.0035400391,80.2103424072,23428,23438,10
13.0035200119,80.2097091675,23438,23448,10
13.0033798218,80.2092590332,23448,23458,10
13.002869606,80.2089996338,23458,23469,11
13.0020799637,80.2085876465,23469,23479,10
13.0012798309,80.2081604004,23479,23489,10
13.0005302429,80.2078170776,23489,23499,10
13.0002098083,80.2077713013,23499,23509,10
12.9999303818,80.2077178955,23509,23519,10
12.9995203018,80.2076416016,23519,23529,10
12.9991102219,80.2075805664,23529,23539,10
12.9987401962,80.2074813843,23539,23549,10
12.9984197617,80.2074813843,23549,23559,10
12.998339653,80.2079086304,23559,23570,11
12.9982500076,80.2085266113,23570,23580,10
12.9982099533,80.2087020874,23580,23590,10
12.9981403351,80.2090530396,23590,23600,10
12.9979095459,80.2093200684,23600,23610,10
12.9976596832,80.2097320557,23610,23620,10
12.997420311,80.2103118896,23620,23691,71
12.997420311,80.2103118896,23691,23701,10
12.9973602295,80.2104034424,23701,23711,10
12.9973297119,80.2104721069,23711,23721,10
12.997130394,80.2104492188,23721,23731,10
12.9970302582,80.2104415894,23731,23741,10
12.9963998795,80.210357666,23741,23751,10
12.995880127,80.2102966309,23751,23762,11
12.9953603745,80.2102432251,23762,23772,10
12.9948701859,80.2102127075,23772,23782,10
12.9943704605,80.2101669312,23782,23792,10
12.9939002991,80.2101211548,23792,23802,10
12.9936304092,80.2102203369,23802,23812,10
12.9935102463,80.2106781006,23812,23822,10
12.9933700562,80.2112808228,23822,23832,10
12.9932203293,80.2118225098,23832,23842,10
12.9931001663,80.2123413086,23842,23852,10
12.9929599762,80.2129516602,23852,23863,11
12.9928998947,80.2130432129,23863,23873,10
12.9926395416,80.2129669189,23873,23883,10
12.9920902252,80.2128067017,23883,23893,10
12.9916801453,80.2127075195,23893,23903,10
12.9916095734,80.2126922607,23903,23913,10
12.9913396835,80.2128601074,23913,23923,10
12.9911403656,80.2135162354,23923,23933,10
12.9910001755,80.2140579224,23933,23943,10
12.9906396866,80.2146377563,23943,23954,11
12.9898395538,80.2148208618,23954,23964,10
12.9892997742,80.2146911621,23964,23974,10
12.9892196655,80.2147369385,23974,23984,10
12.9889497757,80.2151184082,23984,23994,10
12.9885396957,80.2157363892,23994,24004,10
12.9883804321,80.2159500122,24004,24014,10
12.9881496429,80.2163314819,24014,24024,10
12.9878702164,80.2170410156,24024,24034,10
12.9875802994,80.217918396,24034,24044,10
12.9872398376,80.2183837891,24044,24065,21
12.9872398376,80.2183837891,24065,24075,10
12.987159729,80.2183380127,24075,24085,10
12.9867296219,80.2182235718,24085,24095,10
12.9859304428,80.2180023193,24095,24105,10
12.9848604202,80.2179412842,24105,24115,10
12.9840602875,80.2179794312,24115,24125,10
12.9835300446,80.2179718018,24125,24135,10
12.9826698303,80.217956543,24135,24146,11
12.9815597534,80.2180175781,24146,24156,10
12.980509758,80.2183303833,24156,24166,10
12.979640007,80.2186813354,24166,24176,10
12.9789400101,80.2189712524,24176,24186,10
12.9783601761,80.2191925049,24186,24196,10
12.9775295258,80.219543457,24196,24206,10
12.9765996933,80.2199478149,24206,24216,10
12.9757499695,80.2203292847,24216,24226,10
12.9756002426,80.2208328247,24226,24257,31
12.9756002426,80.2208328247,24257,24267,10
12.9757604599,80.2209320068,24267,24782,515
12.9757604599,80.2209320068,24782,24792,10
12.975859642,80.2210922241,24792,24802,10
12.9760398865,80.2213668823,24802,24812,10
12.976269722,80.2217178345,24812,24823,11
12.9764299393,80.2219772339,24823,24833,10
12.9765996933,80.2222137451,24833,24843,10
12.9768104553,80.2225418091,24843,24853,10
12.9771203995,80.2227401733,24853,24863,10
12.9775295258,80.222618103,24863,24873,10
12.977519989,80.22215271,24873,24883,10
12.9774799347,80.2217102051,24883,24893,10
12.9774599075,80.221321106,24893,24903,10
12.9773797989,80.2212371826,24903,24913,10
12.9770298004,80.2212600708,24913,24924,11
12.9764604568,80.2212677002,24924,24934,10
12.976099968,80.2213134766,24934,24944,10
12.9758396149,80.2211837769,24944,24954,10
12.9755802155,80.2209472656,24954,24964,10
12.9753599167,80.2207183838,24964,24974,10
12.9754800797,80.2204818726,24974,24983,9
12.975689888,80.2202606201,24983,24994,11
12.9762201309,80.2200012207,24994,25004,10
12.976559639,80.2198181152,25004,25015,11
12.9772100449,80.2195587158,25015,25025,10
12.9779701233,80.2192382813,25025,25035,10
12.9785604477,80.21900177,25035,25045,10
12.9790802002,80.2188034058,25045,25055,10
12.9797401428,80.2185516357,25055,25065,10
12.9805002213,80.2182388306,25065,25075,10
12.9813404083,80.2179489136,25075,25085,10
12.9822597504,80.2178192139,25085,25095,10
12.9831495285,80.2178192139,25095,25105,10
12.9837999344,80.2178115845,25105,25116,11
12.983880043,80.2178192139,25116,25126,10
12.9842700958,80.2178268433,25126,25136,10
12.9850301743,80.2178192139,25136,25146,10
12.9859399796,80.217918396,25146,25156,10
12.9873199463,80.2181930542,25156,25186,30
12.9873199463,80.2181930542,25186,25196,10
12.9874696732,80.2181167603,25196,25207,11
12.9876098633,80.217666626,25207,25217,10
12.9878196716,80.2171173096,25217,25227,10
12.9880304337,80.2165527344,25227,25237,10
12.988360405,80.2159729004,25237,25247,10
12.9887800217,80.2153930664,25247,25257,10
12.989159584,80.2148132324,25257,25267,10
12.9893903732,80.2146911621,25267,25277,10
12.9898099899,80.2148132324,25277,25287,10
12.9903097153,80.2147979736,25287,25297,10
12.990819931,80.2143783569,25297,25308,11
12.991060257,80.2138137817,25308,25318,10
12.9912099838,80.2132720947,25318,25328,10
12.9913597107,80.2127075195,25328,25338,10
12.9915304184,80.2126464844,25338,25358,20
12.9915304184,80.2126464844,25358,25368,10
12.9916200638,80.212677002,25368,25378,10
12.9919700623,80.2127685547,25378,25388,10
12.9924602509,80.2129211426,25388,25398,10
12.9928598404,80.2130203247,25398,25409,11
12.9929199219,80.212890625,25409,25419,10
12.9929599762,80.2127075195,25419,25429,10
12.9931001663,80.2123031616,25429,25439,10
12.9932603836,80.2116622925,25439,25449,10
12.9934501648,80.2109527588,25449,25459,10
12.9935503006,80.2104797363,25459,25469,10
12.9938402176,80.2101135254,25469,25500,31
12.9938402176,80.2101135254,25500,25510,10
12.9939603806,80.2101364136,25510,25520,10
12.9942398071,80.2101593018,25520,25530,10
12.9945201874,80.2101898193,25530,25540,10
12.9949398041,80.2102279663,25540,25550,10
12.9954099655,80.2102584839,25550,25566,16
12.9961795807,80.2103424072,25566,25578,12
12.9968299866,80.2104187012,25578,25586,8
12.9971103668,80.2104415894,25586,25599,13
12.9973096848,80.2104797363,25599,25619,20
12.9973096848,80.2104797363,25619,25629,10
12.9973697662,80.2104187012,25629,25639,10
12.9974403381,80.2102279663,25639,25649,10
12.9976196289,80.2098236084,25649,25659,10
12.9979496002,80.2093429565,25659,25669,10
12.9981603622,80.2088623047,25669,25679,10
12.9982500076,80.2082214355,25679,25689,10
12.9983797073,80.2075576782,25689,25700,11
12.9983997345,80.2074127197,25700,25710,10
12.998550415,80.2073898315,25710,25720,10
12.9986095428,80.2074127197,25720,25730,10
12.99903965,80.2075195313,25730,25750,20
12.99903965,80.2075195313,25750,25760,10
12.9993095398,80.2075576782,25760,25770,10
12.999420166,80.2075881958,25770,25780,10
12.999710083,80.2076568604,25780,25791,11
13.0003004074,80.2077484131,25791,25801,10
13.0006504059,80.207862854,25801,25811,10
13.0012197495,80.2081222534,25811,25821,10
13.0018100739,80.2084121704,25821,25831,10
13.0024900436,80.208770752,25831,25841,10
13.003279686,80.2091827393,25841,25851,10
13.0034999847,80.2095413208,25851,25861,10
13.0036401749,80.2100296021,25861,25871,10
13.0037403107,80.2108612061,25871,25882,11
13.0038204193,80.2118606567,25882,25892,10
13.0044002533,80.2121810913,25892,25902,10
13.0050497055,80.2125167847,25902,25912,10
13.0058097839,80.212928772,25912,25922,10
13.0066099167,80.2127304077,25922,25932,10
13.0074701309,80.2128067017,25932,25942,10
13.0078601837,80.2130432129,25942,25972,30
13.0078601837,80.2130432129,25972,25988,16
13.0081596375,80.2132263184,25988,26001,13
13.0088195801,80.2137374878,26001,26011,10
13.0092201233,80.2142715454,26011,26021,10
13.0097799301,80.2150726318,26021,26031,10
13.0102796555,80.2157287598,26031,26041,10
13.0107097626,80.2165298462,26041,26051,10
13.0111999512,80.2177505493,26051,26061,10
13.0116796494,80.2190093994,26061,26071,10
13.0120697021,80.2201538086,26071,26082,11
13.0122003555,80.2205123901,26082,26091,9
13.0122699738,80.2206497192,26091,26102,11
13.0125198364,80.221282959,26102,26112,10
13.0129098892,80.2218933105,26112,26121,9
13.013420105,80.2225570679,26121,26132,11
13.0139598846,80.2232208252,26132,26142,10
13.0144500732,80.2237701416,26142,26152,10
13.0148096085,80.2242584229,26152,26162,10
13.0154104233,80.2248382568,26162,26183,21
13.0154104233,80.2248382568,26183,26193,10
13.0156202316,80.2250213623,26193,26203,10
13.0160102844,80.2252807617,26203,26213,10
13.0167398453,80.2252120972,26213,26223,10
13.0175895691,80.2248764038,26223,26233,10
13.0184497833,80.2245330811,26233,26243,10
13.0193004608,80.2243728638,26243,26253,10
13.0198202133,80.2245483398,26253,26263,10
13.0202503204,80.2248764038,26263,26274,11
13.0208902359,80.2253417969,26274,26284,10
13.0215396881,80.2258377075,26284,26294,10
13.0219898224,80.2261276245,26294,26304,10
13.0220003128,80.2261428833,26304,26314,10
13.0222997665,80.2264404297,26314,26324,10
13.0228004456,80.2268829346,26324,26334,10
13.0234003067,80.2274398804,26334,26344,10
13.0239295959,80.2279586792,26344,26354,10
13.024310112,80.2283096313,26354,26364,10
13.0244703293,80.2285614014,26364,26375,11
13.0248003006,80.2290496826,26375,26385,10
13.0252399445,80.2296295166,26385,26395,10
13.0257396698,80.2303771973,26395,26405,10
13.0260095596,80.231010437,26405,26415,10
13.0261497498,80.2313079834,26415,26425,10
13.0265903473,80.2312011719,26425,26435,10
13.0273704529,80.231010437,26435,26445,10
13.0282201767,80.2308807373,26445,26455,10
13.0285196304,80.2308425903,26455,26471,16
13.0291204453,80.230796814,26471,26484,13
13.0296497345,80.230758667,26484,26494,10
13.0301399231,80.23072052,26494,26503,9
13.03083992,80.230682373,26503,26514,11
13.0315504074,80.2306213379,26514,26524,10
13.0322198868,80.2305679321,26524,26533,9
13.0330095291,80.2304992676,26533,26544,11
13.0339803696,80.2304382324,26544,26554,10
13.0342903137,80.2303771973,26554,26565,11
13.0344600677,80.2303619385,26565,26575,10
13.0347900391,80.2302398682,26575,26605,30
13.0347900391,80.2302398682,26605,26615,10
13.0350198746,80.2300796509,26615,26625,10
13.0349197388,80.2298278809,26625,26635,10
13.0345602036,80.2297821045,26635,26645,10
13.0342798233,80.2298812866,26645,26706,61
13.0342798233,80.2298812866,26706,26716,10
13.0341997147,80.23021698,26716,26948,232
13.0341796875,80.2305526733,26948,27595,647
13.0341796875,80.2305526733,27595,27605,10
13.0339803696,80.2304611206,27605,27615,10
13.0335998535,80.23046875,27615,27626,11
13.0331001282,80.230506897,27626,27636,10
13.0324897766,80.2305831909,27636,27646,10
13.0317602158,80.2306518555,27646,27656,10
13.0310297012,80.23072052,27656,27666,10
13.0305995941,80.2307434082,27666,27676,10
13.0302400589,80.2307815552,27676,27686,10
13.0300397873,80.230796814,27686,27696,10
13.0298500061,80.2308425903,27696,27706,10
13.0297002792,80.2308502197,27706,27716,10
13.029299736,80.2308883667,27716,27727,11
13.0286102295,80.2309417725,27727,27737,10
13.027879715,80.231010437,27737,27747,10
13.0276699066,80.2311935425,27747,27757,10
13.0277500153,80.2316436768,27757,27767,10
13.0277900696,80.2320709229,27767,27777,10
13.027879715,80.2324676514,27777,27793,16
13.0270395279,80.2329483032,27793,27825,32
13.0270395279,80.2329483032,27825,27836,11
13.0268201828,80.2329330444,27836,27846,10
13.0264596939,80.2329025269,27846,27856,10
13.0262298584,80.2322921753,27856,27866,10
13.02602005,80.2315368652,27866,27875,9
13.025759697,80.2306900024,27875,27886,11
13.0250797272,80.2295913696,27886,27896,10
13.0244998932,80.2288589478,27896,27906,10
13.024020195,80.228302002,27906,27917,11
13.0236501694,80.2278900146,27917,27927,10
13.0229797363,80.2273635864,27927,27947,20
13.0229797363,80.2273635864,27947,27957,10
13.0228900909,80.2273330688,27957,27967,10
13.0226602554,80.2271194458,27967,27977,10
13.0225601196,80.2268218994,27977,27987,10
13.0222196579,80.2265472412,27987,27997,10
13.0216903687,80.2261199951,27997,28007,10
13.021030426,80.2256011963,28007,28017,10
13.0203199387,80.2250976563,28017,28034,17
13.0199899673,80.224899292,28034,28046,12
13.0197000504,80.2247085571,28046,28056,10
13.0191802979,80.2245407104,28056,28065,9
13.0183000565,80.2247390747,28065,28076,11
13.0173301697,80.2250976563,28076,28085,9
13.0166397095,80.225402832,28085,28096,11
13.0161895752,80.2256011963,28096,28106,10
13.0159397125,80.2256622314,28106,28117,11
13.0153198242,80.2258834839,28117,28126,9
13.0147199631,80.2261276245,28126,28137,11
13.0143499374,80.2262573242,28137,28147,10
13.0142202377,80.2262878418,28147,28157,10
13.013710022,80.2264785767,28157,28167,10
13.0129804611,80.2267608643,28167,28177,10
13.0121297836,80.2270812988,28177,28187,10
13.0112800598,80.2274093628,28187,28197,10
13.0104398727,80.2277374268,28197,28208,11
13.0098600388,80.2279586792,28208,28218,10
13.0097103119,80.2279586792,28218,28228,10
13.0094995499,80.2276000977,28228,28238,10
13.0097904205,80.2269287109,28238,28248,10
13.010140419,80.2260971069,28248,28258,10
13.0105495453,80.2251815796,28258,28268,10
13.010890007,80.2242889404,28268,28278,10
13.0112400055,80.2234725952,28278,28288,10
13.0113401413,80.2232208252,28288,28298,10
13.0113897324,80.2231521606,28298,28309,11
13.0116100311,80.2226028442,28309,28319,10
13.0119104385,80.2217712402,28319,28329,10
13.0121097565,80.2210083008,28329,28339,10
13.011879921,80.2202529907,28339,28349,10
13.0115804672,80.2193603516,28349,28359,10
13.011300087,80.21849823,28359,28369,10
13.0109996796,80.2177124023,28369,28379,10
13.0106801987,80.2168807983,28379,28396,17
13.0099897385,80.2155227661,28396,28408,12
13.0094499588,80.2146987915,28408,28418,10
13.0089197159,80.2139816284,28418,28428,10
13.0083799362,80.213432312,28428,28448,20
13.0083799362,80.213432312,28448,28458,10
13.0082397461,80.2133636475,28458,28478,20
13.0082397461,80.2133636475,28478,28487,9
13.0080003738,80.2132415771,28487,28509,22
13.0080003738,80.2132415771,28509,28519,10
13.0076904297,80.2129898071,28519,28529,10
13.0072097778,80.2128219604,28529,28539,10
13.0066604614,80.2127532959,28539,28549,10
13.006070137,80.2129211426,28549,28559,10
13.0055103302,80.2128295898,28559,28569,10
13.0048303604,80.2124176025,28569,28579,10
13.0040397644,80.2121276855,28579,28589,10
13.0037097931,80.2119522095,28589,28600,11
13.0037002563,80.2116165161,28600,28610,10
13.0036401749,80.2111282349,28610,28620,10
13.0035800934,80.2106170654,28620,28630,10
13.0035295486,80.2101516724,28630,28640,10
13.0034999847,80.2097473145,28640,28650,10
13.0034399033,80.2093582153,28650,28660,10
13.0028800964,80.2090606689,28660,28670,10
13.0021600723,80.2086791992,28670,28680,10
13.0015001297,80.2083129883,28680,28690,10
13.0010004044,80.2080612183,28690,28701,11
13.0005302429,80.2078704834,28701,28711,10
13.0000400543,80.2077713013,28711,28721,10
12.9994802475,80.2076416016,28721,28731,10
12.9990100861,80.2075195313,28731,28741,10
12.9986495972,80.2074508667,28741,28751,10
12.9983997345,80.2075271606,28751,28761,10
12.9983797073,80.2076721191,28761,28771,10
12.9982795715,80.2081832886,28771,28781,10
12.9982004166,80.2088470459,28781,28792,11
12.9979200363,80.2093429565,28792,28802,10
12.9975996017,80.2099380493,28802,28812,10
12.9973602295,80.2104492188,28812,28822,10
12.9973297119,80.2104873657,28822,28832,10
12.9969997406,80.2104721069,28832,28842,10
12.9966001511,80.2104110718,28842,28852,10
12.9959697723,80.2103118896,28852,28862,10
12.9954204559,80.2102508545,28862,28872,10
12.9948997498,80.2101974487,28872,28883,11
12.9945402145,80.2101669312,28883,28893,10
12.9938297272,80.2101135254,28893,28913,20
12.9938297272,80.2101135254,28913,28923,10
12.993639946,80.2101821899,28923,28933,10
12.9935398102,80.2105789185,28933,28943,10
12.9933996201,80.2112121582,28943,28953,10
12.993229866,80.2119598389,28953,28963,10
12.9930496216,80.212677002,28963,28973,10
12.9928998947,80.2130126953,28973,28984,11
12.9928398132,80.2129974365,28984,28994,10
12.9924602509,80.2128982544,28994,29004,10
12.9923601151,80.2128829956,29004,29014,10
12.9921398163,80.2128295898,29014,29024,10
12.9919300079,80.2127685547,29024,29034,10
12.9915800095,80.212677002,29034,29044,10
12.9915599823,80.212677002,29044,29054,10
12.9914503098,80.212638855,29054,29064,10
12.9912996292,80.2129516602,29064,29075,11
12.9911298752,80.2136230469,29075,29085,10
12.9909601212,80.2142868042,29085,29095,10
12.99036026,80.2148284912,29095,29105,10
12.9896697998,80.2147598267,29105,29115,10
12.9892702103,80.2146911621,29115,29124,9
12.9892396927,80.2147369385,29124,29135,11
12.9890699387,80.2149505615,29135,29145,10
12.9888896942,80.2152481079,29145,29155,10
12.988650322,80.2155838013,29155,29165,10
12.9882602692,80.2161178589,29165,29176,11
12.987859726,80.2170410156,29176,29186,10
12.9875898361,80.2178573608,29186,29196,10
12.9874696732,80.2182617188,29196,29206,10
12.9872303009,80.2183990479,29206,29226,20
12.9872303009,80.2183990479,29226,29236,10
12.9868898392,80.2183227539,29236,29246,10
12.9863195419,80.2181472778,29246,29256,10
12.9854898453,80.2179794312,29256,29266,10
12.9847898483,80.2179718018,29266,29277,11
12.9841499329,80.2180023193,29277,29287,10
12.9840202332,80.2180099487,29287,29297,10
12.9839696884,80.2180023193,29297,29307,10
12.9834899902,80.2180023193,29307,29317,10
12.9829101563,80.2180023193,29317,29327,10
12.9820699692,80.2180023193,29327,29337,10
12.9811000824,80.2181930542,29337,29347,10
12.9801597595,80.2185211182,29347,29357,10
12.979640007,80.2187271118,29357,29368,11
12.978969574,80.21900177,29368,29378,10
12.9785804749,80.2191390991,29378,29388,10
12.9779396057,80.2194213867,29388,29398,10
12.9771003723,80.2197723389,29398,29408,10
12.9762496948,80.2201385498,29408,29418,10
12.9757699966,80.2203521729,29418,29499,81
12.9757699966,80.2203521729,29499,29509,10
12.975520134,80.2206573486,29509,29519,10
12.9757900238,80.2209625244,29519,30055,536
12.9760198593,80.2210464478,30055,30196,141
12.9760198593,80.2210464478,30196,30206,10
12.9761400223,80.2214736938,30206,30216,10
12.9764404297,80.2219696045,30216,30226,10
12.9768400192,80.2226104736,30226,30236,10
12.9772996902,80.2227325439,30236,30247,11
12.977519989,80.2223205566,30247,30257,10
12.9774799347,80.2216491699,30257,30267,10
12.9774103165,80.2212600708,30267,30277,10
12.9769697189,80.2212600708,30277,30287,10
12.9766101837,80.2212600708,30287,30297,10
12.976099968,80.2212905884,30297,30307,10
12.9757499695,80.2211227417,30307,30358,51
12.9757499695,80.2211227417,30358,30368,10
12.9754199982,80.2208404541,30368,30408,40
12.9754199982,80.2208404541,30408,30418,10
12.9752902985,80.2206802368,30418,30434,16
12.9754800797,80.2204284668,30434,30447,13
12.9758796692,80.2201766968,30447,30457,10
12.9763097763,80.2199783325,30457,30467,10
12.9774103165,80.219543457,30467,30477,10
12.9783496857,80.2191696167,30477,30485,8
12.9787597656,80.21900177,30485,30497,12
12.9796199799,80.2186584473,30497,30507,10
12.9802103043,80.218421936,30507,30517,10
12.9811000824,80.2180862427,30517,30527,10
12.9818096161,80.2178497314,30527,30538,11
12.9820699692,80.2178268433,30538,30547,9
12.9823799133,80.2178192139,30547,30557,10
12.9829397202,80.2178268433,30557,30568,11
12.9836997986,80.2178268433,30568,30579,11
12.9837398529,80.2178268433,30579,30589,10
12.9839401245,80.2178497314,30589,30599,10
12.984290123,80.2178497314,30599,30609,10
12.9847602844,80.2178497314,30609,30619,10
12.98554039,80.217880249,30619,30630,11
12.9864597321,80.2180633545,30630,30640,10
12.986989975,80.2181625366,30640,30650,10
12.9874401093,80.2182235718,30650,30660,10
12.9875297546,80.2181167603,30660,30670,10
12.9875802994,80.2178878784,30670,30680,10
12.9877595901,80.217338562,30680,30690,10
12.9880199432,80.2165603638,30690,30700,10
12.9883298874,80.2160110474,30700,30710,10
12.9888696671,80.2152099609,30710,30720,10
12.9892501831,80.2146911621,30720,30730,10
12.9893598557,80.2146835327,30730,30741,11
12.9895296097,80.2147216797,30741,30751,10
12.9899702072,80.21484375,30751,30761,10
12.9905395508,80.2146530151,30761,30771,10
12.990940094,80.2141265869,30771,30781,10
12.9911003113,80.2136611938,30781,30791,10
12.9911699295,80.2132873535,30791,30801,10
12.9913301468,80.2127227783,30801,30811,10
12.9915895462,80.2126998901,30811,30832,21
12.9915895462,80.2126998901,30832,30842,10
12.9918899536,80.2127838135,30842,30852,10
12.9925098419,80.2129516602,30852,30862,10
12.9929504395,80.212852478,30862,30882,20
12.9929504395,80.212852478,30882,30892,10
12.9930295944,80.2125396729,30892,30902,10
12.993180275,80.2119903564,30902,30912,10
12.9933595657,80.211227417,30912,30923,11
12.993519783,80.2105789185,30923,30933,10
12.9935798645,80.2101593018,30933,30943,10
12.9938697815,80.2100982666,30943,30963,20
12.9938697815,80.2100982666,30963,30973,10
12.9940500259,80.2101287842,30973,30983,10
12.9942598343,80.2101364136,30983,30993,10
12.9945402145,80.2101593018,30993,31003,10
12.9949197769,80.2102203369,31003,31013,10
12.9953298569,80.2102432251,31013,31024,11
12.9958400726,80.2102813721,31024,31034,10
12.9962396622,80.210319519,31034,31044,10
12.9968395233,80.2103881836,31044,31054,10
12.9972400665,80.2104721069,31054,31064,10
12.9972600937,80.2104797363,31064,31074,10
12.9973697662,80.2103500366,31074,31084,10
12.9975500107,80.2099380493,31084,31094,10
12.9978199005,80.2093811035,31094,31104,10
12.9981298447,80.2089614868,31104,31114,10
12.9981803894,80.2085266113,31114,31125,11
12.9982595444,80.2080535889,31125,31135,10
12.9983596802,80.2075576782,31135,31145,10
12.9985399246,80.2074279785,31145,31165,20
12.9985399246,80.2074279785,31165,31175,10
12.9987001419,80.2074584961,31175,31185,10
12.9990501404,80.2075271606,31185,31195,10
12.9993600845,80.2075881958,31195,31205,10
12.9996795654,80.207649231,31205,31216,11
13.0001401901,80.2077407837,31216,31226,10
13.0006799698,80.2078704834,31226,31236,10
13.0013399124,80.2081985474,31236,31246,10
13.0020599365,80.2085494995,31246,31256,10
13.0026798248,80.2088699341,31256,31266,10
13.0033798218,80.2092514038,31266,31276,10
13.0035295486,80.2097015381,31276,31286,10
13.0036296844,80.2101821899,31286,31296,10
13.0037097931,80.2108306885,31296,31306,10
13.0037698746,80.2116088867,31306,31317,11
13.004119873,80.2120513916,31317,31337,20
13.004119873,80.2120513916,31337,31347,10
13.0044298172,80.2121810913,31347,31357,10
13.0047597885,80.2123794556,31357,31367,10
13.005279541,80.2126998901,31367,31377,10
13.0055198669,80.2128219604,31377,31387,10
13.0056200027,80.2128677368,31387,31397,10
13.0059404373,80.2129364014,31397,31408,11
13.0061798096,80.2128219604,31408,31418,10
13.0064001083,80.2127075195,31418,31428,10
13.0066604614,80.2127075195,31428,31438,10
13.0069198608,80.2127227783,31438,31448,10
13.0074596405,80.2127838135,31448,31458,10
13.0078601837,80.2130279541,31458,31519,61
13.0078601837,80.2130279541,31519,31529,10
13.0082101822,80.2132568359,31529,31539,10
13.0087003708,80.2135772705,31539,31549,10
13.0092000961,80.2142410278,31549,31559,10
13.0095596313,80.2147827148,31559,31569,10
13.0099201202,80.2152404785,31569,31579,10
13.0103597641,80.2159194946,31579,31589,10
13.0107603073,80.2166976929,31589,31600,11
13.0111703873,80.2176208496,31600,31610,10
13.0115299225,80.2185134888,31610,31620,10
13.0118703842,80.219543457,31620,31630,10
13.012169838,80.2204666138,31630,31650,20
13.012169838,80.2204666138,31650,31660,10
13.0122404099,80.2206878662,31660,31670,10
13.0124101639,80.2211532593,31670,31680,10
13.0125999451,80.221496582,31680,31690,10
13.0130195618,80.2220230103,31690,31701,11
13.0134897232,80.2226028442,31701,31711,10
13.0139398575,80.2231369019,31711,31721,10
13.0142097473,80.2235412598,31721,31731,10
13.01445961,80.2238693237,31731,31741,10
13.0149202347,80.2244796753,31741,31751,10
13.0153598785,80.2248764038,31751,31781,30
13.0153598785,80.2248764038,31781,31791,10
13.0156002045,80.2250518799,31791,31802,11
13.0159397125,80.2252807617,31802,31812,10
13.0164699554,80.2253036499,31812,31822,10
13.0170602798,80.2250976563,31822,31832,10
13.0178003311,80.2247924805,31832,31842,10
13.0185003281,80.2245178223,31842,31852,10
13.0192098618,80.2243499756,31852,31862,10
13.0197896957,80.2245483398,31862,31872,10
13.0203895569,80.2249908447,31872,31882,10
13.0209703445,80.2254104614,31882,31893,11
13.0215501785,80.2258605957,31893,31903,10
13.0220098495,80.2261581421,31903,31923,20
13.0220098495,80.2261581421,31923,31933,10
13.0221595764,80.2263031006,31933,31943,10
13.0225400925,80.2266769409,31943,31953,10
13.0230503082,80.2270965576,31953,31963,10
13.0232801437,80.2273483276,31963,31973,10
13.0236101151,80.2276535034,31973,31983,10
13.0242004395,80.2282409668,31983,32014,31
13.0242004395,80.2282409668,32014,32024,10
13.0242795944,80.2283706665,32024,32034,10
13.024430275,80.2285385132,32034,32044,10
13.024600029,80.2287979126,32044,32054,10
13.0247602463,80.2290267944,32054,32064,10
13.0250597,80.2294311523,32064,32074,10
13.0255002975,80.2299880981,32074,32084,10
13.0258798599,80.2305984497,32084,32125,41
13.0258798599,80.2305984497,32125,32135,10
13.0259599686,80.2308425903,32135,32145,10
13.02602005,80.2312469482,32145,32155,10
13.0264902115,80.2312469482,32155,32165,10
13.0272197723,80.231048584,32165,32175,10
13.0279197693,80.2309188843,32175,32186,11
13.0282897949,80.2308578491,32186,32196,10
13.0283899307,80.2308731079,32196,32206,10
13.0286903381,80.2308425903,32206,32216,10
13.0291700363,80.2307815552,32216,32226,10
13.029589653,80.2307510376,32226,32236,10
13.0299797058,80.2307281494,32236,32246,10
13.0302696228,80.2306976318,32246,32256,10
13.0307102203,80.230682373,32256,32266,10
13.0311698914,80.2306518555,32266,32276,10
13.0316896439,80.2306213379,32276,32287,11
13.0323200226,80.2305603027,32287,32297,10
13.032959938,80.2304992676,32297,32307,10
13.0331697464,80.2304763794,32307,32317,10
13.0334100723,80.2304611206,32317,32327,10
13.0337600708,80.2304382324,32327,32337,10
13.034239769,80.2304000854,32337,32347,10
13.0347204208,80.2302780151,32347,32357,10
13.0350704193,80.229850769,32357,32406,49
13.0350704193,80.229850769,32406,32415,9
13.0348501205,80.2297897339,32415,32425,10
13.0342998505,80.2297592163,32425,32578,153
13.0342998505,80.2297592163,32578,32588,10
13.0342502594,80.2301177979,32588,32598,10
13.0342502594,80.230140686,32598,32608,10
13.0341901779,80.2303466797,32608,32638,30
13.0341901779,80.2303466797,32638,32648,10
13.034070015,80.2304382324,32648,32658,10
13.0336198807,80.2304382324,32658,32689,31
13.0336198807,80.2304382324,32689,32699,10
13.0331001282,80.2304992676,32699,32709,10
13.0324802399,80.2305374146,32709,32719,10
13.0319795609,80.2305984497,32719,32729,10
13.0314302444,80.2306518555,32729,32739,10
13.031129837,80.2306594849,32739,32749,10
13.0309095383,80.2306976318,32749,32759,10
13.0305595398,80.2307281494,32759,32769,10
13.0302000046,80.230758667,32769,32780,11
13.0301704407,80.230758667,32780,32790,10
13.0299797058,80.230796814,32790,32800,10
13.02987957,80.2308120728,32800,32810,10
13.0296602249,80.2308731079,32810,32826,16
13.0287799835,80.23097229,32826,32838,12
13.0279598236,80.231048584,32838,32846,8
13.0277299881,80.2311019897,32846,32858,12
13.0277204514,80.2316970825,32858,32868,10
13.0277996063,80.2322998047,32868,32879,11
13.0277996063,80.2327880859,32879,32959,80
13.0277996063,80.2327880859,32959,32970,11
13.0276098251,80.2327804565,32970,32979,9
13.0273399353,80.2328262329,32979,32990,11
13.0270996094,80.2328796387,32990,33000,10
13.0268697739,80.2329330444,33000,33010,10
13.0265102386,80.232963562,33010,33020,10
13.0262203217,80.232383728,33020,33030,10
13.0259799957,80.2315216064,33030,33040,10
13.0256900787,80.2305831909,33040,33050,10
13.0251302719,80.2296600342,33050,33060,10
13.0245304108,80.2289199829,33060,33071,11
13.0240497589,80.2282333374,33071,33081,10
13.0235004425,80.2276611328,33081,33091,10
13.0231103897,80.2274475098,33091,33121,30
13.0231103897,80.2274475098,33121,33131,10
13.0229196548,80.2273712158,33131,33141,10
13.0226602554,80.2270202637,33141,33151,10
13.0225601196,80.2268371582,33151,33161,10
13.0221996307,80.2265014648,33161,33172,11
13.0216302872,80.2260513306,33172,33182,10
13.0210695267,80.2255783081,33182,33192,10
13.0204401016,80.2251586914,33192,33202,10
13.019780159,80.2247161865,33202,33212,10
13.0187797546,80.2245407104,33212,33222,10
13.0177001953,80.224937439,33222,33232,10
13.0167999268,80.2253112793,33232,33242,10
13.0163402557,80.2255020142,33242,33252,10
13.0158004761,80.2256774902,33252,33263,11
13.0150699615,80.2259674072,33263,33273,10
13.0144100189,80.2262496948,33273,33283,10
13.0142803192,80.2262878418,33283,33293,10
13.0141897202,80.2263183594,33293,33303,10
13.0137796402,80.2264709473,33303,33313,10
13.013010025,80.2267227173,33313,33323,10
13.0120201111,80.2271194458,33323,33333,10
13.0109195709,80.2275619507,33333,33343,10
13.0100002289,80.2279129028,33343,33353,10
13.0095100403,80.2275924683,33353,33364,11
13.0098400116,80.226852417,33364,33374,10
13.0101995468,80.225982666,33374,33384,10
13.0106201172,80.2250366211,33384,33394,10
13.0109300613,80.2242965698,33394,33404,10
13.0110998154,80.2237167358,33404,33414,10
13.0113897324,80.2230987549,33414,33423,9
13.0115995407,80.2225494385,33423,33434,11
13.0118598938,80.2217636108,33434,33444,10
13.0120401382,80.2212982178,33444,33454,10
13.0120897293,80.2208862305,33454,33465,11
13.0119304657,80.2201309204,33465,33475,10
13.0117101669,80.2197036743,33475,33485,10
13.0116596222,80.2195968628,33485,33495,10
13.0115203857,80.2191390991,33495,33505,10
13.0112800598,80.2183914185,33505,33515,10
13.0110197067,80.2176971436,33515,33525,10
13.0108203888,80.2171630859,33525,33534,9
13.0105800629,80.2166366577,33534,33545,11
13.0103597641,80.2162780762,33545,33556,11
13.0100402832,80.2156524658,33556,33566,10
13.0098400116,80.2152481079,33566,33576,10
13.0095701218,80.214881897,33576,33586,10
13.009180069,80.2143325806,33586,33596,10
13.0087003708,80.2136917114,33596,33667,71
13.0087003708,80.2136917114,33667,33677,10
13.0085000992,80.2134628296,33677,33687,10
13.0083503723,80.2133865356,33687,33707,20
13.0083503723,80.2133865356,33707,33717,10
13.0082197189,80.2133178711,33717,33727,10
13.0080795288,80.2132492065,33727,33737,10
13.0079698563,80.2132034302,33737,33788,51
13.0079698563,80.2132034302,33788,33798,10
13.0077199936,80.2129974365,33798,33808,10
13.0073795319,80.2128372192,33808,33818,10
13.0071496964,80.2127685547,33818,33828,10
13.0067195892,80.2127609253,33828,33838,10
13.0064001083,80.2127838135,33838,33849,11
13.005900383,80.2129669189,33849,33859,10
13.0052204132,80.2126083374,33859,33869,10
13.0046396255,80.2122879028,33869,33879,10
13.0039196014,80.2120437622,33879,33889,10
13.0037097931,80.2117614746,33889,33899,10
13.0036897659,80.2113265991,33899,33909,10
13.0036001205,80.2106018066,33909,33919,10
13.0035495758,80.2098770142,33919,33929,10
13.003490448,80.2094192505,33929,33939,10
13.0032997131,80.2092437744,33939,33950,11
13.0027303696,80.2089080811,33950,33960,10
13.0021095276,80.2085876465,33960,33970,10
13.0014600754,80.2082366943,33970,33980,10
13.0009098053,80.2079696655,33980,33990,10
13.0003995895,80.2077789307,33990,33999,9
13.0002698898,80.2077407837,33999,34010,11
12.9999103546,80.2076873779,34010,34020,10
12.9990997314,80.2075119019,34020,34041,21
12.9990997314,80.2075119019,34041,34051,10
12.99862957,80.2073974609,34051,34061,10
12.9984903336,80.2074584961,34061,34071,10
12.9984502792,80.2075576782,34071,34081,10
12.9983797073,80.2080383301,34081,34091,10
12.9982795715,80.2085800171,34091,34101,10
12.9982299805,80.2088775635,34101,34111,10
12.998049736,80.2092285156,34111,34121,10
12.9977798462,80.2096633911,34121,34131,10
12.9973602295,80.2104415894,34131,34183,52
12.9973602295,80.2104415894,34183,34193,10
12.9969797134,80.2104187012,34193,34203,10
12.9967699051,80.2103881836,34203,34213,10
12.9964199066,80.2103500366,34213,34223,10
12.995929718,80.2102890015,34223,34233,10
12.9953298569,80.2102203369,34233,34244,11
12.9948396683,80.2101669312,34244,34254,10
12.9944200516,80.2101516724,34254,34264,10
12.9939699173,80.2101211548,34264,34274,10
12.9939203262,80.2101211548,34274,34284,10
12.9937000275,80.2101364136,34284,34294,10
12.9936103821,80.2103118896,34294,34304,10
12.9935398102,80.2106704712,34304,34314,10
12.9933595657,80.2113113403,34314,34324,10
12.9932603836,80.2118682861,34324,34335,11
12.9932498932,80.2119598389,34335,34345,10
12.9931297302,80.2124633789,34345,34355,10
12.9929895401,80.2129898071,34355,34365,10
12.9929800034,80.2129974365,34365,34375,10
12.9927797318,80.2129898071,34375,34385,10
12.9923200607,80.2128372192,34385,34395,10
12.9917097092,80.212677002,34395,34405,10
12.9916200638,80.2126617432,34405,34415,10
12.9914503098,80.212638855,34415,34426,11
12.9913101196,80.2129364014,34426,34436,10
12.9911699295,80.2135162354,34436,34446,10
12.9910697937,80.2139205933,34446,34456,10
12.9909200668,80.2143630981,34456,34466,10
12.9904298782,80.2147827148,34466,34476,10
12.9898395538,80.2147827148,34476,34486,10
12.9894504547,80.2146835327,34486,34496,10
12.9892196655,80.2148132324,34496,34506,10
12.988940239,80.2152023315,34506,34516,10
12.9887104034,80.2155685425,34516,34526,10
12.9884796143,80.2158584595,34526,34537,11
12.9880800247,80.2165222168,34537,34547,10
12.9877796173,80.2173614502,34547,34557,10
12.9875802994,80.2179718018,34557,34567,10
12.9875001907,80.2182312012,34567,34577,10
12.9873800278,80.2183990479,34577,34593,16
12.9870996475,80.2183227539,34593,34605,12
12.9864902496,80.2181472778,34605,34613,8
12.9858503342,80.2179718018,34613,34626,13
12.9846096039,80.2179489136,34626,34635,9
12.9841098785,80.2180023193,34635,34646,11
12.9840698242,80.2180023193,34646,34656,10
12.9839496613,80.2179718018,34656,34666,10
12.9834604263,80.2179489136,34666,34676,10
12.9827203751,80.2179412842,34676,34686,10
12.9818000793,80.2179718018,34686,34696,10
12.980919838,80.2181777954,34696,34706,10
12.9803600311,80.2183990479,34706,34717,11
12.9801197052,80.2185134888,34717,34728,11
12.979590416,80.2187576294,34728,34738,10
12.9789600372,80.2190322876,34738,34749,11
12.9784898758,80.2192077637,34749,34759,10
12.9776096344,80.2195587158,34759,34769,10
12.9765996933,80.2199630737,34769,34779,10
12.9757795334,80.2203369141,34779,34830,51
12.9757795334,80.2203369141,34830,34840,10
12.9755601883,80.2206192017,34840,34850,10
12.9756698608,80.2208404541,34850,35486,636
12.9759502411,80.2211303711,35486,35598,112
12.9759502411,80.2211303711,35598,35608,10
12.9760103226,80.221321106,35608,35618,10
12.9761896133,80.2216110229,35618,35628,10
12.9764795303,80.2220535278,35628,35638,10
12.976770401,80.2225189209,35638,35648,10
12.977060318,80.2227630615,35648,35658,10
12.9774999619,80.22265625,35658,35668,10
12.9774999619,80.2221374512,35668,35678,10
12.9774799347,80.2216186523,35678,35688,10
12.9774503708,80.2213668823,35688,35699,11
12.9773101807,80.2212371826,35699,35709,10
12.9767198563,80.2212677002,35709,35719,10
12.9761400223,80.2212982178,35719,35729,10
12.976099968,80.2213134766,35729,35739,10
12.975979805,80.2212905884,35739,35749,10
12.9755601883,80.2209320068,35749,35789,40
12.9755601883,80.2209320068,35789,35800,11
12.9753503799,80.2205963135,35800,35810,10
12.9755096436,80.2204437256,35810,35820,10
12.9755802155,80.2203598022,35820,35830,10
12.9759397507,80.2201538086,35830,35840,10
12.9764499664,80.219871521,35840,35850,10
12.9765701294,80.2198181152,35850,35860,10
12.9770498276,80.2196426392,35860,35870,10
12.9777698517,80.2193374634,35870,35880,10
12.9784803391,80.219078064,35880,35890,10
12.9789600372,80.2188873291,35890,35901,11
12.9796199799,80.2186203003,35901,35911,10
12.9801797867,80.2183914185,35911,35921,10
12.9808397293,80.2181625366,35921,35931,10
12.9816598892,80.217880249,35931,35941,10
12.9822301865,80.2177963257,35941,35951,10
12.9826498032,80.2177963257,35951,35961,10
12.9835996628,80.2177886963,35961,35982,21
12.9835996628,80.2177886963,35982,35992,10
12.983710289,80.2178726196,35992,36002,10
12.9841299057,80.217880249,36002,36012,10
12.9845304489,80.2178497314,36012,36022,10
12.9851903915,80.2178192139,36022,36032,10
12.9860601425,80.2179336548,36032,36042,10
12.986749649,80.2180862427,36042,36052,10
12.9872198105,80.2181625366,36052,36062,10
12.9873504639,80.2181777954,36062,36072,10
12.987449646,80.2181625366,36072,36082,10
12.9875898361,80.2177276611,36082,36093,11
12.9878797531,80.2169265747,36093,36103,10
12.9881601334,80.216217041,36103,36113,10
12.9885797501,80.215637207,36113,36123,10
12.9890699387,80.2148971558,36123,36133,10
12.9893302917,80.2146377563,36133,36143,10
12.9894304276,80.2146835327,36143,36153,10
12.9898500443,80.2147979736,36153,36163,10
12.9904403687,80.2147064209,36163,36173,10
12.9909095764,80.2142181396,36173,36183,10
12.991060257,80.2136917114,36183,36194,11
12.9911603928,80.2132034302,36194,36204,10
12.9913196564,80.2126998901,36204,36214,10
12.9916200638,80.2126617432,36214,36234,20
12.9916200638,80.2126617432,36234,36244,10
12.9918603897,80.2126998901,36244,36254,10
12.9922304153,80.2128067017,36254,36264,10
12.9927101135,80.2129516602,36264,36274,10
12.9929304123,80.2129364014,36274,36284,10
12.9929504395,80.2128601074,36284,36295,11
12.9930095673,80.2125473022,36295,36311,16
12.9931697845,80.2119216919,36311,36323,12
12.9932699203,80.2115631104,36323,36333,10
12.9933204651,80.2113189697,36333,36343,10
12.9933996201,80.2109985352,36343,36394,51
12.9933996201,80.2109985352,36394,36404,10
12.9934597015,80.2106399536,36404,36414,10
12.9935398102,80.2103424072,36414,36424,10
12.9936800003,80.2100524902,36424,36467,43
12.9936800003,80.2100524902,36467,36480,13
12.9941501617,80.2101135254,36480,36491,11
12.9947004318,80.2101516724,36491,36501,10
12.9952802658,80.2101974487,36501,36511,10
12.9956102371,80.2102432251,36511,36521,10
12.9959897995,80.2102813721,36521,36531,10
12.9965295792,80.2103424072,36531,36541,10
12.9968700409,80.2103805542,36541,36551,10
12.9971704483,80.2104187012,36551,36561,10
12.9972200394,80.2104415894,36561,36572,11
12.9973497391,80.2104034424,36572,36583,11
12.9975004196,80.2100067139,36583,36594,11
12.9978103638,80.2093734741,36594,36604,10
12.9981298447,80.2089233398,36604,36614,10
12.9982004166,80.2085418701,36614,36624,10
12.9982500076,80.2082138062,36624,36634,10
12.9984302521,80.207359314,36634,36654,20
12.9985799789,80.2073669434,36654,36674,20
12.9985799789,80.2073669434,36674,36685,11
12.9986600876,80.2074203491,36685,36695,10
12.99903965,80.2075119019,36695,36705,10
12.999540329,80.2075881958,36705,36715,10
13.0001802444,80.2077178955,36715,36725,10
13.0007200241,80.2078704834,36725,36735,10
13.0013504028,80.2081832886,36735,36745,10
13.0020704269,80.2085418701,36745,36755,10
13.0028400421,80.2089385986,36755,36765,10
13.0034799576,80.2092971802,36765,36776,11
13.0035800934,80.2097930908,36776,36786,10
13.0036401749,80.2102966309,36786,36796,10
13.0037202835,80.2109222412,36796,36806,10
13.0037603378,80.2114334106,36806,36816,10
13.0040903091,80.212020874,36816,36846,30
13.0040903091,80.212020874,36846,36856,10
13.00440979,80.2121734619,36856,36866,10
13.0048398972,80.2123718262,36866,36877,11
13.0055398941,80.2127838135,36877,36887,10
13.0062398911,80.2127609253,36887,36897,10
13.0069103241,80.2126922607,36897,36907,10
13.0075597763,80.2127914429,36907,36917,10
13.0078802109,80.2130203247,36917,36978,61
13.0078802109,80.2130203247,36978,36988,10
13.0081396103,80.2132415771,36988,36998,10
13.0085000992,80.2133789063,36998,37008,10
13.0088796616,80.2138519287,37008,37018,10
13.0093297958,80.2144393921,37018,37028,10
13.0096797943,80.2149963379,37028,37038,10
13.0100402832,80.2154388428,37038,37048,10
13.0105800629,80.2160873413,37048,37058,10
13.010840416,80.2167892456,37058,37068,10
13.0111703873,80.2175598145,37068,37079,11
13.0115299225,80.2185897827,37079,37089,10
13.0118904114,80.2195663452,37089,37099,10
13.012140274,80.2202606201,37099,37109,10
13.0122203827,80.2204971313,37109,37119,10
13.0122203827,80.2205276489,37119,37129,10
13.0122995377,80.2208099365,37129,37139,10
13.0124998093,80.221321106,37139,37149,10
13.0128097534,80.2217712402,37149,37159,10
13.013250351,80.2222900391,37159,37170,11
13.0136995316,80.222869873,37170,37180,10
13.0140104294,80.2232818604,37180,37190,10
13.014380455,80.2237014771,37190,37200,10
13.014840126,80.2242431641,37200,37210,10
13.0151195526,80.2245788574,37210,37220,10
13.0151796341,80.2246780396,37220,37230,10
13.0155601501,80.2249908447,37230,37250,20
13.0155601501,80.2249908447,37250,37261,11
13.0156698227,80.2251586914,37261,37271,10
13.0161600113,80.2253570557,37271,37281,10
13.0168104172,80.2251968384,37281,37291,10
13.0175800323,80.2248764038,37291,37301,10
13.0183897018,80.2245483398,37301,37311,10
13.0191802979,80.2243499756,37311,37321,10
13.0199203491,80.2246170044,37321,37331,10
13.0204696655,80.2250289917,37331,37341,10
13.0209302902,80.2253570557,37341,37351,10
13.0213603973,80.2257232666,37351,37362,11
13.0216598511,80.2259216309,37362,37372,10
13.0218296051,80.2260284424,37372,37382,10
13.0220003128,80.2261505127,37382,37402,20
13.0220003128,80.2261505127,37402,37412,10
13.0220804214,80.2262420654,37412,37422,10
13.0222997665,80.2264175415,37422,37432,10
13.0224199295,80.2265396118,37432,37442,10
13.0228395462,80.2269363403,37442,37483,41
13.0228395462,80.2269363403,37483,37493,10
13.0230398178,80.2272262573,37493,37503,10
13.0231399536,80.2273406982,37503,37513,10
13.0232200623,80.2274017334,37513,37523,10
13.0234003067,80.2275466919,37523,37533,10
13.0238704681,80.2279205322,37533,37564,31
13.0238704681,80.2279205322,37564,37574,10
13.0241498947,80.2281799316,37574,37584,10
13.0243196487,80.2284164429,37584,37594,10
13.0245304108,80.228729248,37594,37604,10
13.0247297287,80.2289886475,37604,37614,10
13.0249004364,80.2292327881,37614,37624,10
13.0252599716,80.2296676636,37624,37634,10
13.0255298615,80.2300262451,37634,37644,10
13.0256795883,80.2302474976,37644,37655,11
13.0258102417,80.2304763794,37655,37665,10
13.0259399414,80.2308273315,37665,37675,10
13.02602005,80.2311630249,37675,37685,10
13.0263299942,80.2312393188,37685,37695,10
13.0270595551,80.2310562134,37695,37704,9
13.0277996063,80.2309112549,37704,37715,11
13.0285301208,80.2308120728,37715,37735,20
13.0285301208,80.2308120728,37735,37746,11
13.0293798447,80.2307662964,37746,37776,30
13.0293798447,80.2307662964,37776,37786,10
13.0296802521,80.2307434082,37786,37796,10
13.030380249,80.2306671143,37796,37897,101
13.030380249,80.2306671143,37897,37907,10
13.0306100845,80.2306518555,37907,37917,10
13.0310001373,80.2306213379,37917,37927,10
13.0315198898,80.2305831909,37927,37937,10
13.0320100784,80.2305526733,37937,37948,11
13.0325899124,80.230506897,37948,37958,10
13.0331897736,80.2304763794,37958,37998,40
13.0331897736,80.2304763794,37998,38008,10
13.0335197449,80.2304382324,38008,38018,10
13.0339002609,80.2304382324,38018,38039,21
13.0339002609,80.2304382324,38039,38049,10
13.0340900421,80.2304382324,38049,38065,16
13.0345201492,80.2303619385,38065,38077,12
13.0346603394,80.2303085327,38077,38087,10
13.0348901749,80.2301864624,38087,38096,9
13.0349502563,80.2298278809,38096,38137,41
13.0349502563,80.2298278809,38137,38148,11
13.0347499847,80.2298278809,38148,38158,10
13.0342302322,80.2297973633,38158,38360,202
13.034239769,80.230178833,38360,38420,60
13.034239769,80.230178833,38420,38431,11
13.0340499878,80.230430603,38431,38441,10
13.033780098,80.2304077148,38441,38451,10
13.033200264,80.2304382324,38451,38461,10
13.0325403214,80.2305221558,38461,38471,10
13.0318899155,80.2306137085,38471,38481,10
13.0314302444,80.230682373,38481,38602,121
13.0314302444,80.230682373,38602,38612,10
13.031129837,80.2306976318,38612,38622,10
13.0307302475,80.2307434082,38622,38633,11
13.0300102234,80.2308425903,38633,38663,30
13.0300102234,80.2308425903,38663,38673,10
13.029800415,80.2308578491,38673,38683,10
13.0296001434,80.2308883667,38683,38693,10
13.029540062,80.2308883667,38693,38703,10
13.0292596817,80.2308807373,38703,38713,10
13.0291595459,80.2308807373,38713,38724,11
13.0286598206,80.2309188843,38724,38734,10
13.0279598236,80.2310028076,38734,38744,10
13.0277004242,80.2312088013,38744,38754,10
13.027759552,80.2318572998,38754,38794,40
13.027759552,80.2318572998,38794,38804,10
13.0277700424,80.2321395874,38804,38814,10
13.0277996063,80.2322463989,38814,38824,10
13.0278701782,80.2325820923,38824,38835,11
13.0277299881,80.2328186035,38835,38845,10
13.0274000168,80.2328567505,38845,38855,10
13.027130127,80.2329330444,38855,38976,121
13.027130127,80.2329330444,38976,38986,10
13.0269804001,80.2330169678,38986,38996,10
13.0267896652,80.2330093384,38996,39006,10
13.02643013,80.2329711914,39006,39016,10
13.0262002945,80.232421875,39016,39027,11
13.0261201859,80.2321472168,39027,39037,10
13.0260400772,80.2318572998,39037,39047,10
13.0259103775,80.2313690186,39047,39057,10
13.0256299973,80.2305221558,39057,39067,10
13.0251302719,80.2297515869,39067,39077,10
13.0249595642,80.2295379639,39077,39087,10
13.024939537,80.2295227051,39087,39097,10
13.0248098373,80.229347229,39097,39107,10
13.0245103836,80.2289733887,39107,39117,10
13.0242099762,80.2285919189,39117,39128,11
13.023730278,80.2279891968,39128,39138,10
13.023229599,80.2275390625,39138,39148,10
13.0230197906,80.2274169922,39148,39178,30
13.0230197906,80.2274169922,39178,39188,10
13.0229101181,80.2273483276,39188,39198,10
13.0226898193,80.2270812988,39198,39208,10
13.0223302841,80.2266387939,39208,39219,11
13.0219898224,80.2263565063,39219,39229,10
13.0217895508,80.2261810303,39229,39239,10
13.021320343,80.2258300781,39239,39249,10
13.0207996368,80.2254333496,39249,39259,10
13.0203199387,80.2251281738,39259,39269,10
13.0201997757,80.2250671387,39269,39279,10
13.0201597214,80.2250518799,39279,39289,10
13.0199098587,80.2248764038,39289,39299,10
13.019490242,80.2246322632,39299,39309,10
13.0187997818,80.2245483398,39309,39320,11
13.0179796219,80.2248382568,39320,39330,10
13.0170602798,80.2252120972,39330,39340,10
13.016500473,80.2254486084,39340,39350,10
13.0162096024,80.2255630493,39350,39360,10
13.0156898499,80.2257385254,39360,39370,10
13.0151996613,80.2259368896,39370,39380,10
13.0145597458,80.2262191772,39380,39411,31
13.0145597458,80.2262191772,39411,39421,10
13.014289856,80.2262496948,39421,39431,10
13.0137996674,80.2264404297,39431,39441,10
13.012960434,80.2267379761,39441,39451,10
13.0119800568,80.2271499634,39451,39461,10
13.0108995438,80.2275466919,39461,39471,10
13.0099201202,80.2279205322,39471,39481,10
13.0094804764,80.2275466919,39481,39491,10
13.0097999573,80.2268829346,39491,39501,10
13.0101900101,80.2259597778,39501,39512,11
13.0105304718,80.2250976563,39512,39522,10
13.0106401443,80.2248764038,39522,39532,10
13.010840416,80.2244873047,39532,39542,10
13.011059761,80.2239379883,39542,39552,10
13.0112600327,80.2234802246,39552,39562,10
13.0115499496,80.2227935791,39562,39572,10
13.0118598938,80.2219467163,39572,39582,10
13.0120401382,80.2214431763,39582,39592,10
13.0121002197,80.2210769653,39592,39603,11
13.0118999481,80.2203979492,39603,39613,10
13.0116195679,80.2195205688,39613,39623,10
13.0113401413,80.2186126709,39623,39633,10
13.0109996796,80.2176818848,39633,39643,10
13.0106801987,80.2169036865,39643,39653,10
13.0104398727,80.2163314819,39653,39663,10
13.0101804733,80.2159805298,39663,39673,10
13.0098800659,80.2153396606,39673,39683,10
13.0094499588,80.2147216797,39683,39693,10
13.008939743,80.2140426636,39693,39704,11
13.0086402893,80.2136764526,39704,39724,20
13.0086402893,80.2136764526,39724,39734,10
13.0082597733,80.2134017944,39734,39754,20
13.0082597733,80.2134017944,39754,39764,10
13.0079803467,80.2132492065,39764,39805,41
13.0079803467,80.2132492065,39805,39815,10
13.0078201294,80.2130889893,39815,39825,10
13.007610321,80.2129516602,39825,39835,10
13.0071001053,80.2128067017,39835,39845,10
13.0066204071,80.2127609253,39845,39855,10
13.0060195923,80.2129516602,39855,39865,10
13.0053195953,80.2127304077,39865,39875,10
13.0047798157,80.2124023438,39875,39885,10
13.0041503906,80.2121505737,39885,39895,10
13.0037202835,80.2119827271,39895,39905,10
13.0036802292,80.211517334,39905,39916,11
13.0036296844,80.2109375,39916,39926,10
13.0035495758,80.2102890015,39926,39942,16
13.003490448,80.2095336914,39942,39954,12
13.0034799576,80.2093734741,39954,39962,8
13.0032701492,80.2092208862,39962,39974,12
13.0025596619,80.2088775635,39974,39983,9
13.0018100739,80.2084732056,39983,39994,11
13.0009698868,80.2080383301,39994,40005,11
13.0003900528,80.2078094482,40005,40015,10
12.9998397827,80.2077331543,40015,40025,10
12.999420166,80.2076416016,40025,40035,10
12.9993400574,80.2076187134,40035,40044,9
12.9990701675,80.207572937,40044,40055,11
12.9987802505,80.2075119019,40055,40064,9
12.9983997345,80.2074737549,40064,40074,10
12.9983997345,80.2074966431,40074,40085,11
12.9984502792,80.2076263428,40085,40096,11
12.998290062,80.2082824707,40096,40106,10
12.9982204437,80.208770752,40106,40116,10
12.9981002808,80.2091217041,40116,40126,10
12.9977502823,80.2096328735,40126,40136,10
12.9974498749,80.2102813721,40136,40146,10
12.9971904755,80.2104568481,40146,40156,10
12.9971704483,80.2104568481,40156,40166,10
12.9969797134,80.2104415894,40166,40176,10
12.9964199066,80.2103729248,40176,40185,9
12.9960098267,80.210319519,40185,40197,12
12.995349884,80.2102432251,40197,40207,10
12.9951095581,80.2102279663,40207,40217,10
12.9948396683,80.2102127075,40217,40227,10
12.9946498871,80.2101974487,40227,40237,10
12.9942102432,80.2101593018,40237,40247,10
12.9938602448,80.2101364136,40247,40257,10
12.9938201904,80.2101287842,40257,40267,10
12.9936599731,80.2101211548,40267,40277,10
12.9935703278,80.2104034424,40277,40287,10
12.9934797287,80.2108078003,40287,40298,11
12.9933300018,80.2114868164,40298,40308,10
12.9931001663,80.212310791,40308,40318,10
12.9929199219,80.2129669189,40318,40328,10
12.9926996231,80.2129974365,40328,40338,10
12.9921398163,80.212852478,40338,40348,10
12.9915895462,80.2127075195,40348,40358,10
12.9914999008,80.212677002,40358,40368,10
12.9913196564,80.2127380371,40368,40378,10
12.9911699295,80.2133026123,40378,40388,10
12.9910202026,80.2139129639,40388,40399,11
12.9906196594,80.2146072388,40399,40409,10
12.9898796082,80.2148284912,40409,40419,10
12.9892597198,80.2146987915,40419,40429,10
12.9890403748,80.2149581909,40429,40439,10
12.9886198044,80.2155914307,40439,40469,30
12.9886198044,80.2155914307,40469,40479,10
12.9885501862,80.2156982422,40479,40489,10
12.9882602692,80.2160568237,40489,40500,11
12.9878702164,80.2169036865,40500,40510,10
12.9874296188,80.2182388306,40510,40530,20
12.9874296188,80.2182388306,40530,40540,10
12.9871797562,80.2183532715,40540,40550,10
12.987159729,80.2183532715,40550,40560,10
12.9867401123,80.21824646,40560,40570,10
12.98595047,80.2180404663,40570,40580,10
12.9848499298,80.2179489136,40580,40590,10
12.9841003418,80.2180023193,40590,40601,11
12.9840698242,80.2180023193,40601,40611,10
12.9837398529,80.2180175781,40611,40621,10
12.9829702377,80.2180328369,40621,40631,10
12.9821596146,80.2180099487,40631,40641,10
12.9812602997,80.2181396484,40641,40651,10
12.9804801941,80.2183914185,40651,40661,10
12.9797801971,80.2186584473,40661,40671,10
12.979060173,80.2189483643,40671,40681,10
12.9785804749,80.2191390991,40681,40692,11
12.9777603149,80.2194824219,40692,40702,10
12.9767398834,80.2199020386,40702,40712,10
12.9756402969,80.2204208374,40712,40738,26
12.9756402969,80.2204208374,40738,40750,12
12.9755401611,80.2205581665,40750,40758,8
12.9757099152,80.2209701538,40758,41095,337
12.9759302139,80.2211990356,41095,41115,20
12.9759302139,80.2211990356,41115,41125,10
12.9760198593,80.221321106,41125,41135,10
12.9762496948,80.2217025757,41135,41145,10
12.9765701294,80.2221984863,41145,41155,10
12.9767599106,80.2225036621,41155,41165,10
12.9770498276,80.2227706909,41165,41186,21
12.9770498276,80.2227706909,41186,41196,10
12.9774398804,80.2226791382,41196,41206,10
12.9774904251,80.2222213745,41206,41216,10
12.9774599075,80.2216415405,41216,41226,10
12.9774198532,80.2212982178,41226,41236,10
12.9770402908,80.2212982178,41236,41246,10
12.9763803482,80.2212905884,41246,41256,10
12.9759998322,80.2213592529,41256,41266,10
12.9759397507,80.2213668823,41266,41277,11
12.9757404327,80.2212219238,41277,41287,10
12.9755897522,80.2210922241,41287,41297,10
12.9753904343,80.2209091187,41297,41316,19
12.9753904343,80.2209091187,41316,41327,11
12.9752597809,80.2207489014,41327,41337,10
12.9754400253,80.2205200195,41337,41347,10
12.9756202698,80.2203674316,41347,41357,10
12.9760198593,80.2201690674,41357,41367,10
12.9767999649,80.2198181152,41367,41377,10
12.9777202606,80.2194213867,41377,41388,11
12.9785203934,80.219078064,41388,41398,10
12.9791402817,80.2188415527,41398,41408,10
12.9798498154,80.2185592651,41408,41418,10
12.9805202484,80.2182769775,41418,41428,10
12.9814300537,80.2179794312,41428,41438,10
12.9822597504,80.2178573608,41438,41448,10
12.9829702377,80.2178573608,41448,41458,10
12.983710289,80.2178421021,41458,41469,11
12.9837999344,80.2178573608,41469,41479,10
12.9841804504,80.2179107666,41479,41489,10
12.9848804474,80.2178726196,41489,41499,10
12.9858598709,80.2179336548,41499,41509,10
12.9867296219,80.2181167603,41509,41519,10
12.9873695374,80.2182235718,41519,41529,10
12.9874601364,80.2181777954,41529,41539,10
12.9876098633,80.2176818848,41539,41549,10
12.9878797531,80.2168807983,41549,41559,10
12.9882602692,80.2160568237,41559,41570,11
12.9887104034,80.215423584,41570,41580,10
12.989159584,80.2147598267,41580,41590,10
12.9892396927,80.2146606445,41590,41600,10
12.9893398285,80.2146377563,41600,41610,10
12.9898004532,80.2147674561,41610,41620,10
12.9905004501,80.2146530151,41620,41630,10
12.9909496307,80.2140579224,41630,41640,10
12.9910898209,80.2135467529,41640,41650,10
12.9912796021,80.2128219604,41650,41660,10
12.9915704727,80.212638855,41660,41671,11
12.9916000366,80.2126464844,41671,41681,10
12.9917201996,80.2126998901,41681,41691,10
12.9918603897,80.2127380371,41691,41701,10
12.9923801422,80.212852478,41701,41711,10
12.9928703308,80.2129821777,41711,41721,10
12.9929800034,80.2126464844,41721,41731,10
12.9931497574,80.2120285034,41731,41741,10
12.9933300018,80.2113265991,41741,41751,10
12.9934396744,80.2109680176,41751,41761,10
12.9934797287,80.2107696533,41761,41772,11
12.9936199188,80.2102737427,41772,41782,10
12.9937801361,80.2101364136,41782,41802,20
12.9937801361,80.2101364136,41802,41812,10
12.9941196442,80.2101364136,41812,41822,10
12.9945898056,80.2101593018,41822,41832,10
12.9950504303,80.2101974487,41832,41842,10
12.9954204559,80.2102203369,41842,41852,10
12.9957895279,80.2102584839,41852,41863,11
12.9963598251,80.2102966309,41863,41873,10
12.9966897964,80.210357666,41873,41893,20
12.9966897964,80.210357666,41893,41903,10
12.9970598221,80.2104415894,41903,41913,10
12.9971399307,80.2104568481,41913,41923,10
12.9973201752,80.2103805542,41923,41933,10
12.9974803925,80.2100372314,41933,41943,10
12.9978599548,80.2093200684,41943,41953,10
12.9981002808,80.2089767456,41953,41963,10
12.9981298447,80.2086486816,41963,41974,11
12.9982595444,80.2080383301,41974,41984,10
12.9983997345,80.2074432373,41984,42004,20
12.9983997345,80.2074432373,42004,42014,10
12.9987096786,80.2074203491,42014,42024,10
12.9990797043,80.2074813843,42024,42034,10
12.9996500015,80.2075881958,42034,42044,10
13.0001602173,80.2077178955,42044,42054,10
13.0006198883,80.2078323364,42054,42064,10
13.0013904572,80.2082138062,42064,42075,11
13.0024003983,80.2087020874,42075,42085,10
13.0031700134,80.2091217041,42085,42095,10
13.003490448,80.2094573975,42095,42105,10
13.0035495758,80.2099533081,42105,42115,10
13.0036697388,80.2106323242,42115,42125,10
13.0037403107,80.2111816406,42125,42135,10
13.0037498474,80.21144104,42135,42145,10
13.003780365,80.2117462158,42145,42155,10
13.0042600632,80.212097168,42155,42165,10
13.0049600601,80.2124404907,42165,42176,11
13.00578022,80.2128829956,42176,42186,10
13.0064601898,80.2126998901,42186,42196,10
13.0071201324,80.2127609253,42196,42206,10
13.0078201294,80.2130279541,42206,42236,30
13.0078201294,80.2130279541,42236,42246,10
13.0080299377,80.2132034302,42246,42256,10
13.0085496902,80.2134170532,42256,42267,11
13.0091295242,80.2142181396,42267,42277,10
13.0095996857,80.2149200439,42277,42287,10
13.0100297928,80.215461731,42287,42297,10
13.0105800629,80.216217041,42297,42307,10
13.0108604431,80.2169876099,42307,42317,10
13.0112400055,80.2178573608,42317,42327,10
13.0115804672,80.218788147,42327,42337,10
13.0118999481,80.2197113037,42337,42347,10
13.012169838,80.2204589844,42347,42358,11
13.0124397278,80.2211914063,42358,42368,10
13.0125598907,80.2213668823,42368,42378,10
13.0128297806,80.2216796875,42378,42388,10
13.0130901337,80.2220230103,42388,42398,10
13.0133399963,80.2223510742,42398,42408,10
13.0136804581,80.2228164673,42408,42418,10
13.0140695572,80.2233276367,42418,42438,20
13.0140695572,80.2233276367,42438,42448,10
13.014289856,80.2236022949,42448,42459,11
13.0145998001,80.2239227295,42459,42469,10
13.015080452,80.2245635986,42469,42479,10
13.0154695511,80.2248916626,42479,42489,10
13.0155200958,80.224937439,42489,42499,10
13.015879631,80.2252197266,42499,42509,10
13.0165395737,80.2252578735,42509,42519,10
13.0173397064,80.2249832153,42519,42529,10
13.0181903839,80.2246398926,42529,42539,10
13.0189504623,80.2243423462,42539,42548,9
13.019610405,80.2244186401,42548,42560,12
13.0200796127,80.2247390747,42560,42570,10
13.020529747,80.2250823975,42570,42580,10
13.0209302902,80.225402832,42580,42590,10
13.0213804245,80.2257995605,42590,42600,10
13.0218000412,80.2260818481,42600,42620,20
13.0218000412,80.2260818481,42620,42630,10
13.0219097137,80.2261428833,42630,42640,10
13.0219602585,80.2261810303,42640,42651,11
13.0224103928,80.2265701294,42651,42661,10
13.0230302811,80.2271499634,42661,42671,10
13.0235996246,80.2276916504,42671,42681,10
13.0240497589,80.2281036377,42681,42691,10
13.0242395401,80.2283477783,42691,42701,10
13.0245199203,80.2287597656,42701,42711,10
13.0246801376,80.2290115356,42711,42721,10
13.0249300003,80.2293167114,42721,42731,10
13.0253896713,80.2298812866,42731,42741,10
13.0254497528,80.2299804688,42741,42751,10
13.0255203247,80.2300796509,42751,42762,11
13.0256795883,80.2303237915,42762,42772,10
13.0257997513,80.2305679321,42772,42782,10
13.0258598328,80.23072052,42782,42792,10
13.0259199142,80.2309417725,42792,42802,10
13.0259504318,80.2312088013,42802,42812,10
13.025970459,80.2312698364,42812,42822,10
13.026140213,80.2313079834,42822,42832,10
13.0266199112,80.2311706543,42832,42842,10
13.0273199081,80.2309875488,42842,42852,10
13.0279397964,80.2309112549,42852,42863,11
13.0284700394,80.2308425903,42863,42893,30
13.0284700394,80.2308425903,42893,42903,10
13.0289402008,80.2308425903,42903,42913,10
13.0293998718,80.2308120728,42913,42974,61
13.0293998718,80.2308120728,42974,42984,10
13.0299196243,80.2307434082,42984,42994,10
13.0305404663,80.2306976318,42994,43004,10
13.0310497284,80.2306671143,43004,43014,10
13.0318498611,80.2305831909,43014,43024,10
13.0325403214,80.2305297852,43024,43034,10
13.0329999924,80.2305221558,43034,43044,10
13.0330400467,80.2305221558,43044,43055,11
13.0332403183,80.2305221558,43055,43065,10
13.0335903168,80.2305221558,43065,43075,10
13.0339002609,80.2304916382,43075,43085,10
13.0343904495,80.2304229736,43085,43142,57
13.0343904495,80.2304229736,43142,43154,12
13.0346698761,80.2303390503,43154,43164,10
13.0349397659,80.23021698,43164,43173,9
13.0349903107,80.2298812866,43173,43245,72
13.0349903107,80.2298812866,43245,43254,9
13.0347499847,80.2298431396,43254,43265,11
13.0343599319,80.2297973633,43265,43275,10
13.0342798233,80.2298965454,43275,43285,10
13.0341796875,80.2300796509,43285,43487,202
13.0341300964,80.2302780151,43487,43588,101
13.0341300964,80.2302780151,43588,43598,10
13.0341901779,80.2304534912,43598,43608,10
13.0341796875,80.2304916382,43608,43618,10
13.0340900421,80.2305297852,43618,43628,10
13.0338096619,80.2304992676,43628,43639,11
13.0332298279,80.2305221558,43639,43649,10
13.0325603485,80.2305908203,43649,43659,10
13.0320301056,80.2306365967,43659,43669,10
13.0313596725,80.230682373,43669,43679,10
13.0307197571,80.2307434082,43679,43689,10
13.0303201675,80.2307891846,43689,43699,10
13.0301504135,80.2308120728,43699,43709,10
13.029800415,80.2308578491,43709,43729,20
13.029800415,80.2308578491,43729,43740,11
13.029419899,80.2309036255,43740,43750,10
13.0289001465,80.2309494019,43750,43760,10
13.0281295776,80.2310409546,43760,43770,10
13.027759552,80.2311096191,43770,43780,10
13.0277204514,80.231628418,43780,43790,10
13.0277795792,80.2321395874,43790,43800,10
13.027879715,80.2326812744,43800,43810,10
13.0275602341,80.2328491211,43810,43820,10
13.0272598267,80.2329177856,43820,43831,11
13.0269804001,80.232963562,43831,43841,10
13.0268096924,80.2329864502,43841,43897,56
13.0268096924,80.2329864502,43897,43910,13
13.0266504288,80.2330780029,43910,43920,10
13.0263795853,80.2328414917,43920,43931,11
13.0261697769,80.2322235107,43931,43941,10
13.0261201859,80.2320098877,43941,43951,10
13.0261001587,80.2317886353,43951,43961,10
13.0259599686,80.2312698364,43961,43971,10
13.0257196426,80.2305831909,43971,43981,10
13.0251197815,80.2296676636,43981,43991,10
13.0245599747,80.2289733887,43991,44001,10
13.0240297318,80.2283401489,44001,44011,10
13.0237102509,80.2279663086,44011,44021,10
13.0230798721,80.2274475098,44021,44042,21
13.0228300095,80.2273101807,44042,44062,20
13.0228300095,80.2273101807,44062,44072,10
13.0225296021,80.2269821167,44072,44082,10
13.0220499039,80.2264633179,44082,44092,10
13.0213298798,80.2258911133,44092,44102,10
13.0206699371,80.2253799438,44102,44112,10
13.0200595856,80.2249832153,44112,44123,11
13.0193996429,80.2245864868,44123,44133,10
13.0184698105,80.2246932983,44133,44143,10
13.017660141,80.2250213623,44143,44153,10
13.0168504715,80.2253417969,44153,44163,10
13.0163803101,80.2255096436,44163,44173,10
13.0158700943,80.2256774902,44173,44183,10
13.0151596069,80.2259597778,44183,44193,10
13.0144996643,80.2262420654,44193,44213,20
13.0144996643,80.2262420654,44213,44224,11
13.0141296387,80.2263793945,44224,44234,10
13.013420105,80.2266082764,44234,44244,10
13.0125398636,80.2269592285,44244,44254,10
13.0115098953,80.2273635864,44254,44264,10
13.0105304718,80.227722168,44264,44274,10
13.0097799301,80.2279586792,44274,44284,10
13.0094995499,80.2277297974,44284,44294,10
13.0095996857,80.2274169922,44294,44304,10
13.0099000931,80.2267608643,44304,44314,10
13.0102901459,80.2258834839,44314,44325,11
13.0105600357,80.2252807617,44325,44335,10
13.0108003616,80.224609375,44335,44345,10
13.0110301971,80.2239990234,44345,44355,10
13.0110902786,80.223739624,44355,44365,10
13.0111303329,80.2236404419,44365,44375,10
13.0112895966,80.2232513428,44375,44385,10
13.0115098953,80.2227020264,44385,44395,10
13.0117702484,80.2221679688,44395,44405,10
13.0120401382,80.221572876,44405,44415,10
13.0122299194,80.2211685181,44415,44426,11
13.0120296478,80.2204971313,44426,44436,10
13.0117101669,80.2195587158,44436,44446,10
13.011349678,80.218536377,44446,44456,10
13.0109796524,80.2175216675,44456,44466,10
13.01060009,80.2166824341,44466,44475,9
13.010219574,80.2160263062,44475,44486,11
13.0098104477,80.2151870728,44486,44496,10
13.0092401505,80.2143783569,44496,44506,10
13.0085697174,80.2135772705,44506,44557,51
13.0085697174,80.2135772705,44557,44567,10
13.0084104538,80.213470459,44567,44577,10
13.0081796646,80.2133483887,44577,44587,10
13.0081501007,80.2133331299,44587,44597,10
13.0079298019,80.213218689,44597,44607,10
13.0078802109,80.213180542,44607,44618,11
13.0077695847,80.2130737305,44618,44628,10
13.0074300766,80.2128677368,44628,44638,10
13.0068798065,80.2127838135,44638,44648,10
13.0062799454,80.2128295898,44648,44658,10
13.0058202744,80.2129898071,44658,44668,10
13.0051403046,80.2126083374,44668,44678,10
13.0042200089,80.2121734619,44678,44688,10
13.0035800934,80.2120819092,44688,44698,10
13.0030403137,80.2121429443,44698,44708,10
13.0025596619,80.2121887207,44708,44719,11
13.001950264,80.2124710083,44719,44729,10
13.001250267,80.2129821777,44729,44739,10
13.0007400513,80.2133865356,44739,44749,10
13.0002002716,80.2138977051,44749,44759,10
12.9997196198,80.2142868042,44759,44769,10
12.9991998672,80.2146987915,44769,44779,10
12.9989204407,80.2149429321,44779,44789,10
12.9983797073,80.2154006958,44789,44799,10
12.9976797104,80.2159805298,44799,44810,11
12.9973201752,80.2163925171,44810,44820,10
12.9973096848,80.2163925171,44820,44830,10
12.9971504211,80.2165222168,44830,44840,10
12.9966402054,80.2165679932,44840,44850,10
12.9958696365,80.2167282104,44850,44860,10
12.9953298569,80.2169036865,44860,44870,10
12.9951496124,80.2170028687,44870,44890,20
12.9951496124,80.2170028687,44890,44900,10
12.994890213,80.2171401978,44900,44911,11
12.9944601059,80.2174835205,44911,44921,10
12.9937896729,80.2179718018,44921,44931,10
12.9932203293,80.2183837891,44931,44941,10
12.9931497574,80.2184524536,44941,44951,10
12.9927301407,80.2187271118,44951,44967,16
12.9916296005,80.2195281982,44967,44979,12
12.9909095764,80.2200775146,44979,44989,10
12.9907798767,80.220199585,44989,44999,10
12.9906101227,80.2203216553,44999,45008,9
12.9902000427,80.2206420898,45008,45020,12
12.9895000458,80.221282959,45020,45029,9
12.9892396927,80.2216110229,45029,45040,11
12.9889001846,80.2220230103,45040,45050,10
12.9885196686,80.2224502563,45050,45060,10
12.9879398346,80.2229614258,45060,45070,10
12.9876098633,80.2230911255,45070,45080,10
12.9875402451,80.2231063843,45080,45090,10
12.9872398376,80.2230834961,45090,45101,11
12.9867801666,80.2230224609,45101,45111,10
12.9862203598,80.2229766846,45111,45121,10
12.9856901169,80.2230911255,45121,45131,10
12.9853897095,80.2233123779,45131,45141,10
12.9849395752,80.2231903076,45141,45151,10
12.9845895767,80.2230224609,45151,45161,10
12.9842796326,80.2228622437,45161,45171,10
12.9838399887,80.2226333618,45171,45181,10
12.9835195541,80.2224578857,45181,45191,10
12.9832296371,80.2222518921,45191,45202,11
12.9832000732,80.2222290039,45202,45212,10
12.9831399918,80.22215271,45212,45222,10
12.9828596115,80.2220230103,45222,45232,10
12.9827003479,80.2219161987,45232,45242,10
12.9822902679,80.2217788696,45242,45252,10
12.9819202423,80.221572876,45252,45262,10
12.9813098907,80.2213668823,45262,45272,10
12.9805402756,80.2211990356,45272,45282,10
12.9798402786,80.2212219238,45282,45292,10
12.9794197083,80.2212219238,45292,45303,11
12.9787902832,80.2211990356,45303,45313,10
12.9781799316,80.2212371826,45313,45323,10
12.9776802063,80.2212295532,45323,45333,10
12.9768400192,80.2212600708,45333,45343,10
12.9761896133,80.2213363647,45343,45353,10
12.9763202667,80.2217178345,45353,45373,20
12.9763202667,80.2217178345,45373,45389,16
12.9763698578,80.2217712402,45389,45401,12
12.9764995575,80.2220993042,45401,45412,11
12.9767904282,80.2226028442,45412,45422,10
12.9772996902,80.2234191895,45422,45432,10
12.9777402878,80.2241287231,45432,45442,10
12.9780797958,80.2246932983,45442,45452,10
12.9784402847,80.2252731323,45452,45462,10
12.9785404205,80.2254180908,45462,45472,10
12.9785804749,80.225479126,45472,45482,10
12.9787998199,80.2258529663,45482,45492,10
12.9791498184,80.2264633179,45492,45503,11
12.9794101715,80.2268981934,45503,45513,10
12.9797697067,80.2275085449,45513,45523,10
12.9801998138,80.2282333374,45523,45543,20
12.9808597565,80.2293014526,45543,45555,12
12.9811201096,80.2297210693,45555,45565,10
12.9815196991,80.2302932739,45565,45575,10
12.9816799164,80.2305297852,45575,45585,10
12.981710434,80.2306289673,45585,45595,10
12.9818696976,80.2310562134,45595,45606,11
12.982000351,80.2318496704,45606,45616,10
12.9819498062,80.2325515747,45616,45626,10
12.9817399979,80.2332077026,45626,45636,10
12.9815797806,80.2335586548,45636,45645,9
12.9815702438,80.233581543,45645,45656,11
12.9814901352,80.2337417603,45656,45668,12
12.9812202454,80.2343826294,45668,45677,9
12.9811897278,80.2350769043,45677,45688,11
12.9812097549,80.236038208,45688,45699,11
12.9812297821,80.2370986938,45699,45709,10
12.9812602997,80.2378463745,45709,45719,10
12.9812898636,80.2386779785,45719,45739,20
12.9812898636,80.2386779785,45739,45749,10
12.9812898636,80.2388381958,45749,45759,10
12.981300354,80.2393188477,45759,45769,10
12.9813299179,80.2400665283,45769,45779,10
12.9813404083,80.2409210205,45779,45789,10
12.9813404083,80.2417907715,45789,45799,10
12.9813299179,80.2427062988,45799,45820,21
12.9813299179,80.2427062988,45820,45830,10
12.981300354,80.2431335449,45830,45840,10
12.9812698364,80.2438583374,45840,45850,10
12.9811401367,80.2448196411,45850,45860,10
12.981010437,80.2459411621,45860,45870,10
12.980890274,80.247177124,45870,45880,10
12.9808101654,80.2482910156,45880,45890,10
12.9807195663,80.2493896484,45890,45901,11
12.9804801941,80.2505493164,45901,45911,10
12.9802103043,80.2515563965,45911,45921,10
12.9800701141,80.2521820068,45921,45931,10
12.9800596237,80.2522583008,45931,45941,10
12.9800796509,80.2523117065,45941,45951,10
12.9801301956,80.2525405884,45951,45961,10
12.9805297852,80.2526397705,45961,45971,10
12.9813098907,80.2526168823,45971,45981,10
12.9822502136,80.2525787354,45981,45992,11
12.9833498001,80.2524795532,45992,46002,10
12.9842796326,80.252243042,46002,46012,10
12.9851903915,80.2519989014,46012,46022,10
12.9860200882,80.2517471313,46022,46062,40
12.9860200882,80.2517471313,46062,46072,10
12.9861097336,80.2517166138,46072,46082,10
12.986530304,80.2516326904,46082,46093,11
12.9870195389,80.2514801025,46093,46103,10
12.9874000549,80.2513809204,46103,46113,10
12.9877195358,80.2513427734,46113,46123,10
12.9879598618,80.2518386841,46123,46143,20
12.9879598618,80.2518386841,46143,46153,10
12.9879598618,80.252166748,46153,46163,10
12.9879102707,80.2529220581,46163,46173,10
12.987830162,80.2538070679,46173,46183,10
12.9877595901,80.254737854,46183,46194,11
12.9876899719,80.2551574707,46194,46214,20
12.9876899719,80.2551574707,46214,46224,10
12.9876403809,80.2554397583,46224,46234,10
12.9876003265,80.255821228,46234,46244,10
12.9875402451,80.2563705444,46244,46254,10
12.9875001907,80.2568283081,46254,46264,10
12.9874200821,80.2574081421,46264,46274,10
12.9873600006,80.2580566406,46274,46284,10
12.9872398376,80.2585525513,46284,46315,31
12.9872398376,80.2585525513,46315,46325,10
12.9870195389,80.2585525513,46325,46426,101
12.9868898392,80.2586212158,46426,46628,202
12.9868898392,80.2586212158,46628,46638,10
12.9866504669,80.2587432861,46638,49133,2495
12.9866504669,80.2587432861,49133,49144,11
12.9867296219,80.2589263916,49144,49174,30
12.9868402481,80.2591018677,49174,49305,131
12.9868402481,80.2591018677,49305,49315,10
12.9872198105,80.2590637207,49315,49325,10
12.9872903824,80.2589111328,49325,49335,10
12.9873199463,80.2586364746,49335,49346,11
12.9873304367,80.2582168579,49346,49356,10
12.9873600006,80.2577590942,49356,49366,10
12.9874095917,80.257232666,49366,49376,10
12.9874401093,80.2568664551,49376,49386,10
12.9875097275,80.2563400269,49386,49396,10
12.9875297546,80.2558898926,49396,49406,10
12.9876098633,80.2555923462,49406,49416,10
12.987660408,80.2550125122,49416,49426,10
12.9876699448,80.2549209595,49426,49437,11
12.9877004623,80.2544326782,49437,49447,10
12.9877796173,80.2537078857,49447,49457,10
12.987859726,80.2528381348,49457,49467,10
12.9878196716,80.2519226074,49467,49487,20
12.9878196716,80.2519226074,49487,49497,10
12.9877996445,80.2518920898,49497,49507,10
12.9876003265,80.2516174316,49507,49517,10
12.9871997833,80.251663208,49517,49527,10
12.9868803024,80.2516937256,49527,49538,11
12.9861497879,80.2518768311,49538,49548,10
12.9852895737,80.2520904541,49548,49558,10
12.9842500687,80.2523574829,49558,49568,10
12.9830598831,80.2526168823,49568,49578,10
12.9819002151,80.2526702881,49578,49588,10
12.980890274,80.2526931763,49588,49598,10
12.9802503586,80.2527389526,49598,49618,20
12.9802503586,80.2527389526,49618,49628,10
12.9801301956,80.2527236938,49628,49645,17
12.9798698425,80.2522583008,49645,49666,21
12.9798698425,80.2522583008,49666,49676,10
12.9799604416,80.2519989014,49676,49687,11
12.9801797867,80.2514038086,49687,49697,10
12.9804000854,80.250617981,49697,49707,10
12.9805803299,80.2498474121,49707,49717,10
12.9806900024,80.2490692139,49717,49727,10
12.9807395935,80.2482528687,49727,49737,10
12.9808197021,80.2473602295,49737,49747,10
12.9808998108,80.246383667,49747,49758,11
12.9810199738,80.2452011108,49758,49768,10
12.9811401367,80.2441711426,49768,49777,9
12.9812803268,80.2436218262,49777,49788,11
12.9813203812,80.2432327271,49788,49798,10
12.9813299179,80.2428665161,49798,49818,20
12.9813299179,80.2428665161,49818,49829,11
12.9813404083,80.2424621582,49829,49839,10
12.9813203812,80.2418136597,49839,49849,10
12.9813299179,80.2409896851,49849,49858,9
12.9813098907,80.2403182983,49858,49869,11
12.981300354,80.2395935059,49869,49879,10
12.9812803268,80.2390213013,49879,49889,10
12.9812498093,80.2379226685,49889,49909,20
12.9812498093,80.2379226685,49909,49919,10
12.9812498093,80.2377471924,49919,49930,11
12.9812297821,80.237159729,49930,49940,10
12.9812002182,80.236366272,49940,49950,10
12.9811897278,80.2355728149,49950,49960,10
12.9811601639,80.234703064,49960,49970,10
12.9813499451,80.2339172363,49970,49980,10
12.9814996719,80.2335891724,49980,49990,10
12.9816303253,80.2333374023,49990,50020,30
12.9816303253,80.2333374023,50020,50031,11
12.9817399979,80.2331314087,50031,50040,9
12.9818696976,80.2328186035,50040,50050,10
12.9819898605,80.232421875,50050,50061,11
12.9819803238,80.2320327759,50061,50071,10
12.9819402695,80.2315292358,50071,50081,10
12.9818296432,80.2310562134,50081,50091,10
12.9815797806,80.2305297852,50091,50101,10
12.9811601639,80.229850769,50101,50111,10
12.980799675,80.2292785645,50111,50121,10
12.9805698395,80.2289199829,50121,50142,21
12.9805698395,80.2289199829,50142,50152,10
12.9803695679,80.2285995483,50152,50162,10
12.9802398682,80.2282485962,50162,50172,10
12.9800901413,80.228012085,50172,50182,10
12.9798002243,80.2275695801,50182,50192,10
12.9794301987,80.2269363403,50192,50202,10
12.9791202545,80.2264099121,50202,50212,10
12.9788303375,80.2259216309,50212,50223,11
12.9784898758,80.2253570557,50223,50233,10
12.9781398773,80.2247924805,50233,50243,10
12.9777402878,80.2242965698,50243,50263,20
12.9777402878,80.2242965698,50263,50273,10
12.9776296616,80.2240829468,50273,50283,10
12.9774503708,80.2237472534,50283,50293,10
12.9771299362,80.223197937,50293,50303,10
12.976849556,80.2227172852,50303,50313,10
12.9765396118,80.2222213745,50313,50324,11
12.9762201309,80.2217102051,50324,50334,10
12.9760704041,80.2214889526,50334,50343,9
12.9757604599,80.2211380005,50343,50364,21
12.9757604599,80.2211380005,50364,50374,10
12.9757099152,80.2211074829,50374,50384,10
12.9755296707,80.2209014893,50384,50425,41
12.9755296707,80.2209014893,50425,50435,10
12.9753599167,80.2207794189,50435,50445,10
12.9753503799,80.2205886841,50445,50455,10
12.975520134,80.2203826904,50455,50465,10
12.9759502411,80.2201385498,50465,50475,10
12.9766702652,80.2198028564,50475,50485,10
12.977519989,80.2194519043,50485,50495,10
12.9783601761,80.2191009521,50495,50505,10
12.978770256,80.2189712524,50505,50515,10
12.9794397354,80.2187194824,50515,50526,11
12.9801998138,80.2184066772,50526,50536,10
12.9808797836,80.2181625366,50536,50546,10
12.9816904068,80.2179107666,50546,50556,10
12.9823703766,80.217880249,50556,50566,10
12.9829902649,80.2178573608,50566,50576,10
12.9836301804,80.2178421021,50576,50586,10
12.9837703705,80.2178573608,50586,50596,10
12.9839401245,80.217880249,50596,50606,10
12.984459877,80.2178726196,50606,50616,10
12.9852199554,80.2178573608,50616,50627,11
12.9861803055,80.2179870605,50627,50643,16
12.9873895645,80.2182235718,50643,50665,22
12.9873895645,80.2182235718,50665,50675,10
12.987449646,80.218170166,50675,50685,10
12.9875602722,80.2178192139,50685,50695,10
12.9877099991,80.2173233032,50695,50705,10
12.9879102707,80.2167816162,50705,50716,11
12.9881801605,80.2162017822,50716,50726,10
12.9884996414,80.2157211304,50726,50736,10
12.9889202118,80.2150726318,50736,50746,10
12.9891796112,80.2147064209,50746,50756,10
12.9892301559,80.2146606445,50756,50766,10
12.9896297455,80.2147598267,50766,50776,10
12.9902896881,80.2147903442,50776,50786,10
12.9908599854,80.214302063,50786,50796,10
12.991060257,80.2136230469,50796,50806,10
12.9911403656,80.2132873535,50806,50817,11
12.9912500381,80.2128372192,50817,50827,10
12.9914398193,80.2126235962,50827,50837,10
12.991900444,80.2127609253,50837,50847,10
12.9926204681,80.2129364014,50847,50857,10
12.9928398132,80.2130126953,50857,50867,10
12.9929199219,80.2128067017,50867,50877,10
12.9930400848,80.212272644,50877,50887,10
12.9932003021,80.2116775513,50887,50897,10
12.9932603836,80.2113800049,50897,50907,10
12.9934196472,80.2108306885,50907,50918,11
12.9934997559,80.2104568481,50918,50928,10
12.9935503006,80.2101669312,50928,50938,10
12.9937896729,80.2100982666,50938,50948,10
12.9938802719,80.2101287842,50948,50958,10
12.9939899445,80.2101211548,50958,50968,10
12.994310379,80.2101669312,50968,50978,10
12.9945802689,80.2101898193,50978,50988,10
12.9948797226,80.2102203369,50988,50998,10
12.995059967,80.2102432251,50998,51009,11
12.9954004288,80.2102432251,51009,51019,10
12.9956903458,80.2102813721,51019,51029,10
12.9961700439,80.2103424072,51029,51039,10
12.9966402054,80.2104187012,51039,51049,10
12.9970197678,80.2104797363,51049,51059,10
12.997300148,80.2104415894,51059,51069,10
12.9973402023,80.210319519,51069,51079,10
12.9974603653,80.2100296021,51079,51089,10
12.9976797104,80.2095718384,51089,51099,10
12.9980297089,80.2091522217,51099,51110,11
12.9981098175,80.2088317871,51110,51120,10
12.9981498718,80.2084732056,51120,51130,10
12.9982004166,80.2082519531,51130,51146,16
12.9983701706,80.2074584961,51146,51166,20
12.9983701706,80.2074584961,51166,51176,10
12.998550415,80.2074279785,51176,51188,12
12.9989900589,80.2075424194,51188,51198,10
12.9994401932,80.2076187134,51198,51208,10
12.9997997284,80.2077178955,51208,51219,11
13.0003900528,80.2078094482,51219,51229,10
13.0008497238,80.2079772949,51229,51239,10
13.0015096664,80.2082672119,51239,51249,10
13.0022001266,80.2086105347,51249,51259,10
13.002989769,80.209022522,51259,51269,10
13.003490448,80.209312439,51269,51279,10
13.003490448,80.2096862793,51279,51289,10
13.0035600662,80.2099685669,51289,51299,10
13.0036497116,80.2105102539,51299,51310,11
13.0037298203,80.211227417,51310,51320,10
13.0037298203,80.2114562988,51320,51330,10
13.0038204193,80.2118988037,51330,51340,10
13.0044202805,80.2121734619,51340,51350,10
13.0050401688,80.2125091553,51350,51360,10
13.0056495667,80.2128829956,51360,51370,10
13.0063495636,80.2127380371,51370,51380,10
13.0070896149,80.2127380371,51380,51390,10
13.0076398849,80.2128601074,51390,51400,10
13.0077400208,80.212928772,51400,51411,11
13.0078496933,80.2130508423,51411,51421,10
13.0079803467,80.2131576538,51421,51431,10
13.0084600449,80.2133712769,51431,51441,10
13.0089197159,80.2139282227,51441,51451,10
13.0094203949,80.2146224976,51451,51461,10
13.0097398758,80.2150802612,51461,51471,10
13.0099601746,80.2153701782,51471,51481,10
13.0102996826,80.2157821655,51481,51491,10
13.0106897354,80.2165527344,51491,51502,11
13.0110197067,80.217338562,51502,51512,10
13.0113401413,80.2181396484,51512,51521,9
13.0116901398,80.2190475464,51521,51531,10
13.0120401382,80.2200317383,51531,51542,11
13.012339592,80.2208709717,51542,51552,10
13.0124998093,80.2212982178,51552,51562,10
13.0127401352,80.2216720581,51562,51572,10
13.0131397247,80.2222366333,51572,51582,10
13.0135698318,80.2228088379,51582,51592,10
13.0139799118,80.2233276367,51592,51603,11
13.0142602921,80.2236633301,51603,51613,10
13.0145902634,80.2240524292,51613,51623,10
13.0149402618,80.2244873047,51623,51633,10
13.0150499344,80.2245788574,51633,51643,10
13.0152597427,80.224822998,51643,51653,10
13.0153398514,80.224899292,51653,51663,10
13.0154304504,80.2249832153,51663,51673,10
13.01583004,80.2253036499,51673,51683,10
13.016289711,80.2253723145,51683,51693,10
13.0168199539,80.225227356,51693,51704,11
13.0176696777,80.2248764038,51704,51714,10
13.0185098648,80.2245407104,51714,51723,9
13.0191802979,80.224357605,51723,51734,11
13.019659996,80.2245178223,51734,51754,20
13.019659996,80.2245178223,51754,51764,10
13.019780159,80.2245788574,51764,51774,10
13.0201597214,80.2248916626,51774,51784,10
13.0208396912,80.2253723145,51784,51794,10
13.0214195251,80.2257995605,51794,51805,11
13.0218601227,80.2260971069,51805,51814,9
13.021900177,80.2261428833,51814,51825,11
13.0222797394,80.2264785767,51825,51835,10
13.022939682,80.2270812988,51835,51845,10
13.023730278,80.2278137207,51845,51855,10
13.0243701935,80.2285385132,51855,51865,10
13.024889946,80.2292709351,51865,51874,9
13.0254201889,80.2299804688,51874,51885,11
13.0259199142,80.2308578491,51885,51896,11
13.0260095596,80.2311782837,51896,51906,10
13.0263299942,80.2312698364,51906,51916,10
13.0270395279,80.2310714722,51916,51926,10
13.0278196335,80.2309417725,51926,51936,10
13.0283899307,80.2308807373,51936,51946,10
13.0284900665,80.2308807373,51946,51956,10
13.028840065,80.2308578491,51956,51966,10
13.0293798447,80.2308120728,51966,51976,10
13.029999733,80.230758667,51976,51986,10
13.0305995941,80.2307128906,51986,51997,11
13.0311203003,80.2306671143,51997,52007,10
13.0316801071,80.2306289673,52007,52017,10
13.032119751,80.2305984497,52017,52027,10
13.0323801041,80.2305831909,52027,52037,10
13.0329399109,80.2305374146,52037,52047,10
13.0337095261,80.2304992676,52047,52057,10
13.0343399048,80.2304534912,52057,52067,10
13.0347700119,80.2302932739,52067,52087,20
13.0347700119,80.2302932739,52087,52104,17
13.0348796844,80.2298202515,52104,52136,32
13.0348796844,80.2298202515,52136,52146,10
13.0344696045,80.2297821045,52146,52338,192
13.0344696045,80.2297821045,52338,52348,10
13.0342798233,80.2297286987,52348,52479,131
13.0342798233,80.2297286987,52479,52490,11
13.0342302322,80.2301330566,52490,52500,10
13.0342197418,80.230178833,52500,52510,10
13.0342197418,80.2302398682,52510,52520,10
13.0342102051,80.2303237915,52520,52530,10
13.0340499878,80.2304077148,52530,52540,10
13.0336704254,80.2304229736,52540,52550,10
13.0335597992,80.2304382324,52550,52560,10
13.0333204269,80.2304763794,52560,52576,16
13.0323896408,80.2305603027,52576,52589,13
13.0316200256,80.2306594849,52589,52599,10
13.0309200287,80.23072052,52599,52609,10
13.0303401947,80.2307662964,52609,52619,10
13.0298204422,80.2308273315,52619,52629,10
13.0297698975,80.2308425903,52629,52639,10
13.0295495987,80.2308578491,52639,52649,10
13.0291500092,80.2309112549,52649,52659,10
13.0285396576,80.2309494019,52659,52669,10
13.0278196335,80.231010437,52669,52680,11
13.0276699066,80.231262207,52680,52689,9
13.0277500153,80.2317810059,52689,52700,11
13.0278501511,80.232460022,52700,52710,10
13.0276403427,80.2327804565,52710,52720,10
13.0270395279,80.2329177856,52720,52730,10
13.0267601013,80.2329864502,52730,52781,51
13.0267601013,80.2329864502,52781,52791,10
13.0264902115,80.2330169678,52791,52801,10
13.026260376,80.2326889038,52801,52811,10
13.0261096954,80.2320632935,52811,52821,10
13.0259399414,80.2313537598,52821,52831,10
13.0256204605,80.2304534912,52831,52841,10
13.0250396729,80.229598999,52841,52851,10
13.0245103836,80.2289276123,52851,52861,10
13.0241098404,80.2284622192,52861,52872,11
13.0236301422,80.2278823853,52872,52882,10
13.0232696533,80.2275619507,52882,52892,10
13.0230197906,80.2274017334,52892,52912,20
13.0228796005,80.2273330688,52912,52932,20
13.0228796005,80.2273330688,52932,52942,10
13.0227203369,80.2272186279,52942,52952,10
13.0225400925,80.2269210815,52952,52962,10
13.0221595764,80.2265472412,52962,52973,11
13.0214595795,80.2259368896,52973,52983,10
13.0206604004,80.2253112793,52983,52993,10
13.019949913,80.2248687744,52993,53003,10
13.0198402405,80.2248001099,53003,53013,10
13.0197095871,80.2247009277,53013,53023,10
13.0191698074,80.2245178223,53023,53033,10
13.0183200836,80.2247161865,53033,53043,10
13.0174398422,80.2250595093,53043,53059,16
13.0163803101,80.2254867554,53059,53071,12
13.015879631,80.2256469727,53071,53082,11
13.0152196884,80.2259063721,53082,53092,10
13.0148096085,80.2260665894,53092,53102,10
13.0144100189,80.2262115479,53102,53112,10
13.0143404007,80.2262420654,53112,53122,10
13.0143203735,80.2262496948,53122,53132,10
13.0139503479,80.2263793945,53132,53142,10
13.0133399963,80.226600647,53142,53152,10
13.012430191,80.2269592285,53152,53162,10
13.0115499496,80.2273025513,53162,53173,11
13.0104503632,80.2277374268,53173,53183,10
13.0096302032,80.227897644,53183,53193,10
13.0095996857,80.2273635864,53193,53202,9
13.0098695755,80.2267303467,53202,53213,11
13.0102901459,80.2258605957,53213,53223,10
13.0105800629,80.2251815796,53223,53233,10
13.0108098984,80.2246932983,53233,53243,10
13.0110197067,80.2240829468,53243,53253,10
13.0112495422,80.2234573364,53253,53263,10
13.0115003586,80.2228622437,53263,53274,11
13.0118598938,80.2218933105,53274,53284,10
13.0120897293,80.2212295532,53284,53294,10
13.0120296478,80.2206802368,53294,53304,10
13.0117998123,80.2198791504,53304,53314,10
13.0115299225,80.2190628052,53314,53324,10
13.0112600327,80.2182617188,53324,53334,10
13.0109300613,80.2174224854,53334,53344,10
13.0105695724,80.2166366577,53344,53354,10
13.010219574,80.2160568237,53354,53364,10
13.0097904205,80.215171814,53364,53375,11
13.0092601776,80.2144699097,53375,53385,10
13.0087203979,80.213760376,53385,53395,10
13.0082798004,80.2133712769,53395,53415,20
13.0081701279,80.2133178711,53415,53435,20
13.0081701279,80.2133178711,53435,53445,10
13.0080404282,80.2132568359,53445,53455,10
13.0078601837,80.213142395,53455,53466,11
13.0075397491,80.2128982544,53466,53476,10
13.0069704056,80.2127609253,53476,53486,10
13.0062999725,80.2127685547,53486,53496,10
13.0057201385,80.2129364014,53496,53506,10
13.0050897598,80.2125778198,53506,53516,10
13.0044403076,80.2122268677,53516,53526,10
13.0037899017,80.2120285034,53526,53536,10
13.003660202,80.2116699219,53536,53546,10
13.0036201477,80.2111434937,53546,53556,10
13.0035600662,80.210647583,53556,53567,11
13.0034999847,80.2102890015,53567,53577,10
13.0034503937,80.2096099854,53577,53587,10
13.0033102036,80.2092590332,53587,53597,10
13.0026798248,80.2089080811,53597,53607,10
13.0018997192,80.2085037231,53607,53617,10
13.0012197495,80.2081375122,53617,53627,10
13.0004796982,80.2077789307,53627,53637,10
12.9998998642,80.2077178955,53637,53647,10
12.9993896484,80.2076187134,53647,53657,10
12.9992599487,80.2075881958,53657,53668,11
12.99903965,80.2075424194,53668,53688,20
12.99903965,80.2075424194,53688,53698,10
12.99862957,80.2074584961,53698,53718,20
12.99862957,80.2074584961,53718,53728,10
12.9983797073,80.2074813843,53728,53738,10
12.9983501434,80.2075576782,53738,53748,10
12.9983301163,80.2076797485,53748,53759,11
12.9982595444,80.2081298828,53759,53769,10
12.9981899261,80.2085800171,53769,53779,10
12.9981203079,80.2090072632,53779,53789,10
12.9978399277,80.209312439,53789,53799,10
12.9976596832,80.2096862793,53799,53809,10
12.9974498749,80.2101593018,53809,53880,71
12.9974498749,80.2101593018,53880,53890,10
12.9973402023,80.2103118896,53890,53900,10
12.9972896576,80.2104187012,53900,53910,10
12.9969797134,80.2104110718,53910,53920,10
12.9965801239,80.2103805542,53920,53930,10
12.9960699081,80.2103424072,53930,53940,10
12.9955797195,80.2103118896,53940,53950,10
12.9949998856,80.2102584839,53950,53961,11
12.9947004318,80.2102203369,53961,53971,10
12.9944601059,80.2101974487,53971,53981,10
12.9941797256,80.2101821899,53981,53991,10
12.9938201904,80.2101364136,53991,54001,10
12.9936199188,80.2102432251,54001,54021,20
12.9936199188,80.2102432251,54021,54031,10
12.9934597015,80.2102508545,54031,54041,10
12.9934301376,80.2105178833,54041,54052,11
12.9933395386,80.2110595703,54052,54062,10
12.9931602478,80.2117614746,54062,54072,10
12.9930000305,80.2124786377,54072,54081,9
12.992890358,80.2129211426,54081,54092,11
12.9926996231,80.2129516602,54092,54102,10
12.9922599792,80.2128601074,54102,54112,10
12.9917602539,80.2127304077,54112,54122,10
12.9915704727,80.212677002,54122,54132,10
12.9914102554,80.212638855,54132,54142,10
12.991230011,80.2130432129,54142,54153,11
12.9910697937,80.2135620117,54153,54163,10
12.9909200668,80.2141799927,54163,54173,10
12.9905004501,80.2146987915,54173,54183,10
12.989859581,80.2148208618,54183,54193,10
12.9893198013,80.2146987915,54193,54203,10
12.9889802933,80.2150421143,54203,54213,10
12.9885997772,80.2156066895,54213,54223,10
12.9882001877,80.2161483765,54223,54233,10
12.9878997803,80.216796875,54233,54243,10
12.9876499176,80.2174987793,54243,54254,11
12.9874601364,80.2181167603,54254,54264,10
12.9874095917,80.2183227539,54264,54274,10
12.9873504639,80.2183685303,54274,54284,10
12.9871902466,80.2183609009,54284,54294,10
12.9869804382,80.2183227539,54294,54304,10
12.9868297577,80.2182769775,54304,54314,10
12.9862604141,80.2181167603,54314,54324,10
12.9853401184,80.217956543,54324,54334,10
12.9844198227,80.217956543,54334,54345,11
12.9836301804,80.2179794312,54345,54355,10
12.9835596085,80.2179794312,54355,54365,10
12.9831800461,80.2179794312,54365,54375,10
12.9824895859,80.2179718018,54375,54385,10
12.9816799164,80.2180023193,54385,54395,10
12.9807701111,80.2182388306,54395,54405,10
12.9801702499,80.2184371948,54405,54415,10
12.9799404144,80.2185211182,54415,54425,10
12.9794902802,80.2187194824,54425,54435,10
12.9788799286,80.218963623,54435,54446,11
12.9782800674,80.2191772461,54446,54456,10
12.9774904251,80.2194900513,54456,54466,10
12.9765195847,80.2198791504,54466,54482,16
12.9755897522,80.2203292847,54482,54524,42
12.9755897522,80.2203292847,54524,54534,10
12.9755096436,80.2207489014,54534,54555,21
12.9755096436,80.2207489014,54555,54565,10
12.9756803513,80.2208480835,54565,54959,394
12.9756803513,80.2208480835,54959,54969,10
12.9758996964,80.2211685181,54969,54979,10
12.9761295319,80.2215270996,54979,54989,10
12.9765501022,80.2221832275,54989,54999,10
12.976940155,80.2227172852,54999,55009,10
12.9773902893,80.2226409912,55009,55020,11
12.9774999619,80.2224884033,55020,55031,11
12.9774599075,80.2220611572,55031,55041,10
12.9774398804,80.2215423584,55041,55051,10
12.9773797989,80.2211990356,55051,55061,10
12.9770002365,80.2212371826,55061,55071,10
12.976559639,80.2212371826,55071,55081,10
12.9761199951,80.2212982178,55081,55091,10
12.9759302139,80.2212982178,55091,55101,10
12.9757404327,80.2211227417,55101,55111,10
12.9756202698,80.2210083008,55111,55121,10
12.9754695892,80.2208404541,55121,55182,61
12.9754695892,80.2208404541,55182,55192,10
12.9753198624,80.2207107544,55192,55202,10
12.9753398895,80.2205429077,55202,55212,10
12.9755401611,80.2203598022,55212,55222,10
12.9758996964,80.220123291,55222,55233,11
12.9765501022,80.2197875977,55233,55243,10
12.9773597717,80.2194595337,55243,55253,10
12.9781999588,80.2191009521,55253,55263,10
12.9786195755,80.2189331055,55263,55273,10
12.9792804718,80.2186737061,55273,55283,10
12.979929924,80.2184066772,55283,55293,10
12.9805698395,80.2181625366,55293,55303,10
12.9814195633,80.2179107666,55303,55313,10
12.9821996689,80.2178115845,55313,55324,11
12.982509613,80.2178115845,55324,55334,10
12.9831800461,80.2178192139,55334,55344,10
12.9839200974,80.2178115845,55344,55354,10
12.9843597412,80.2178115845,55354,55364,10
12.9848899841,80.2177963257,55364,55374,10
12.9855899811,80.2178268433,55374,55384,10
12.9863195419,80.2180023193,55384,55394,10
12.9870195389,80.2181472778,55394,55404,10
12.9872999191,80.2181930542,55404,55414,10
12.987449646,80.2181472778,55414,55425,11
12.9875602722,80.2177276611,55425,55435,10
12.9876899719,80.217338562,55435,55445,10
12.9878797531,80.2167816162,55445,55455,10
12.9881601334,80.2161407471,55455,55465,10
12.9883499146,80.2158813477,55465,55475,10
12.9886198044,80.2155227661,55475,55485,10
12.988940239,80.2150115967,55485,55495,10
12.9892501831,80.214630127,55495,55505,10
12.9895801544,80.2147064209,55505,55515,10
12.9901504517,80.2147979736,55515,55526,11
12.9907798767,80.2143325806,55526,55536,10
12.9910497665,80.2137298584,55536,55546,10
12.9911298752,80.2133331299,55546,55556,10
12.9912004471,80.2130203247,55556,55566,10
12.9915504456,80.2126464844,55566,55586,20
12.9915504456,80.2126464844,55586,55596,10
12.9917497635,80.2127380371,55596,55606,10
12.9923000336,80.2128677368,55606,55617,11
12.9928102493,80.2130126953,55617,55627,10
12.9928998947,80.2128067017,55627,55637,10
12.9930200577,80.2123718262,55637,55647,10
12.9931402206,80.211807251,55647,55657,10
12.9933099747,80.2112579346,55657,55667,10
12.9933900833,80.2109603882,55667,55677,10
12.9935398102,80.2104873657,55677,55687,10
12.9935903549,80.2102432251,55687,55697,10
12.9937601089,80.2100982666,55697,55707,10
12.9937696457,80.2100982666,55707,55718,11
12.993929863,80.2100906372,55718,55728,10
12.9942998886,80.2101211548,55728,55738,10
12.9946403503,80.2101516724,55738,55748,10
12.9949798584,80.2101669312,55748,55758,10
12.9952898026,80.2102203369,55758,55768,10
12.9956102371,80.2102279663,55768,55778,10
12.9959201813,80.2102737427,55778,55788,10
12.9963197708,80.2103118896,55788,55798,10
12.996629715,80.2103500366,55798,55809,11
12.9970703125,80.2104187012,55809,55819,10
12.9972600937,80.2104187012,55819,55829,10
12.9973201752,80.210319519,55829,55839,10
12.9974803925,80.2100219727,55839,55849,10
12.9976596832,80.2096176147,55849,55859,10
12.997759819,80.2094497681,55859,55869,10
12.9980297089,80.2091522217,55869,55879,10
12.9981298447,80.2088928223,55879,55889,10
12.9982204437,80.2084197998,55889,55920,31
12.9982204437,80.2084197998,55920,55930,10
12.9982299805,80.208190918,55930,55940,10
12.9982995987,80.2079620361,55940,55950,10
12.9983596802,80.2076263428,55950,55960,10
12.9985399246,80.2074203491,55960,55980,20
12.9985399246,80.2074203491,55980,55990,10
12.9988002777,80.2074508667,55990,56000,10
12.99903965,80.2074813843,56000,56011,11
12.9992904663,80.2075424194,56011,56021,10
12.9997901917,80.2076416016,56021,56031,10
13.0003404617,80.2077331543,56031,56041,10
13.0009899139,80.2080001831,56041,56051,10
13.001660347,80.2083435059,56051,56061,10
13.0024595261,80.208732605,56061,56071,10
13.0030899048,80.2090835571,56071,56081,10
13.0034503937,80.2093582153,56081,56091,10
13.0034704208,80.2096862793,56091,56101,10
13.0035400391,80.2099609375,56101,56112,11
13.003660202,80.2105026245,56112,56122,10
13.0037002563,80.2111968994,56122,56132,10
13.0037899017,80.2118682861,56132,56142,10
13.0043497086,80.2121429443,56142,56152,10
13.0050001144,80.2124786377,56152,56162,10
13.0057897568,80.2128829956,56162,56172,10
13.0065803528,80.212677002,56172,56182,10
13.0073900223,80.2127380371,56182,56192,10
13.0077104568,80.2128829956,56192,56202,10
13.0077896118,80.2129592896,56202,56213,11
13.0080499649,80.213180542,56213,56223,10
13.0085401535,80.2134017944,56223,56233,10
13.0089998245,80.2140274048,56233,56243,10
13.009469986,80.2146835327,56243,56252,9
13.0096502304,80.2149734497,56252,56263,11
13.0099000931,80.2152633667,56263,56272,9
13.010219574,80.2157516479,56272,56282,10
13.0106401443,80.2164077759,56282,56293,11
13.0109500885,80.2171630859,56293,56304,11
13.0113697052,80.2182312012,56304,56314,10
13.0116996765,80.2191772461,56314,56324,10
13.0120401382,80.2202911377,56324,56333,9
13.0123796463,80.2211532593,56333,56344,11
13.0127696991,80.2217330933,56344,56354,10
13.0133304596,80.2224502563,56354,56364,10
13.0138196945,80.2230834961,56364,56374,10
13.0142498016,80.2236022949,56374,56384,10
13.0144796371,80.2238998413,56384,56394,10
13.0150003433,80.2245330811,56394,56405,11
13.0155096054,80.2250518799,56405,56415,10
13.0160503387,80.2253112793,56415,56425,10
13.0165901184,80.2252578735,56425,56435,10
13.0172996521,80.2249679565,56435,56445,10
13.0181102753,80.2246398926,56445,56455,10
13.0188798904,80.2243423462,56455,56465,10
13.0192899704,80.2243499756,56465,56475,10
13.0192899704,80.224357605,56475,56485,10
13.0194101334,80.2244110107,56485,56496,11
13.0196800232,80.2245330811,56496,56506,10
13.0201101303,80.224822998,56506,56516,10
13.0206604004,80.2251968384,56516,56526,10
13.0211000443,80.2255325317,56526,56536,10
13.0219602585,80.2261428833,56536,56556,20
13.0219602585,80.2261428833,56556,56566,10
13.0221700668,80.2263565063,56566,56576,10
13.0226802826,80.2268066406,56576,56586,10
13.0233201981,80.2273864746,56586,56597,11
13.0239400864,80.2279586792,56597,56607,10
13.0242300034,80.2282409668,56607,56617,10
13.0244998932,80.2286376953,56617,56627,10
13.0247602463,80.2289886475,56627,56637,10
13.0250797272,80.2294235229,56637,56647,10
13.0255002975,80.2299880981,56647,56657,10
13.0258598328,80.2306518555,56657,56667,10
13.0260000229,80.2311401367,56667,56677,10
13.026049614,80.2312927246,56677,56687,10
13.0263004303,80.2312316895,56687,56698,11
13.0269002914,80.231086731,56698,56708,10
13.0275201797,80.2309494019,56708,56718,10
13.0282201767,80.2308273315,56718,56728,10
13.0287399292,80.230796814,56728,56774,46
13.0287399292,80.230796814,56774,56786,12
13.0290203094,80.2308578491,56786,56797,11
13.029419899,80.2308197021,56797,56807,10
13.0299396515,80.230758667,56807,56817,10
13.0304098129,80.2306976318,56817,56826,9
13.0307502747,80.2306671143,56826,56837,11
13.0312700272,80.2305984497,56837,56847,10
13.0318698883,80.2305603027,56847,56857,10
13.0325403214,80.230506897,56857,56867,10
13.0331802368,80.2304992676,56867,56877,10
13.0335702896,80.23046875,56877,56887,10
13.0339403152,80.230430603,56887,56898,11
13.0346002579,80.2302703857,56898,56918,20
13.0346002579,80.2302703857,56918,56928,10
13.0346899033,80.2302474976,56928,56938,10
13.0349597931,80.2300796509,56938,56959,21
13.0344800949,80.2297973633,56959,57003,44
13.0344800949,80.2297973633,57003,57013,10
13.0342998505,80.2298126221,57013,57144,131
13.0342102051,80.2298965454,57144,57387,243
13.0342102051,80.2298965454,57387,57397,10
13.0341901779,80.2303009033,57397,57417,20
13.0341901779,80.2303009033,57417,57427,10
13.0340499878,80.2304916382,57427,57437,10
13.0337200165,80.2305221558,57437,57447,10
13.0332698822,80.2305374146,57447,57457,10
13.0326700211,80.2306213379,57457,57467,10
13.032119751,80.2306671143,57467,57478,11
13.031829834,80.2307128906,57478,57488,10
13.0313196182,80.2307510376,57488,57498,10
13.0307798386,80.230796814,57498,57508,10
13.0303001404,80.2308425903,57508,57518,10
13.0298404694,80.2308883667,57518,57528,10
13.0298099518,80.2308807373,57528,57538,10
13.0295000076,80.2309265137,57538,57554,16
13.028459549,80.2310180664,57554,57566,12
13.0277204514,80.2310791016,57566,57575,9
13.0276603699,80.2313232422,57575,57587,12
13.027759552,80.2319107056,57587,57596,9
13.0278596878,80.2324981689,57596,57607,11
13.0276899338,80.2328186035,57607,57617,10
13.0275497437,80.2328720093,57617,57626,9
13.0272397995,80.2329406738,57626,57637,11
13.0268697739,80.233001709,57637,57699,62
13.0268697739,80.233001709,57699,57709,10
13.0267801285,80.233001709,57709,57719,10
13.0264701843,80.233001709,57719,57729,10
13.0262699127,80.2325363159,57729,57739,10
13.0260696411,80.2318496704,57739,57749,10
13.0258903503,80.2311325073,57749,57759,10
13.0255298615,80.2303009033,57759,57770,11
13.0246601105,80.2291564941,57770,57790,20
13.0246601105,80.2291564941,57790,57800,10
13.0245800018,80.2291183472,57800,57810,10
13.0242996216,80.2287597656,57810,57820,10
13.0238704681,80.2282180786,57820,57830,10
13.0233802795,80.2276992798,57830,57840,10
13.0230398178,80.2274703979,57840,57860,20
13.0230398178,80.2274703979,57860,57871,11
13.0229301453,80.2274017334,57871,57881,10
13.0228004456,80.2272720337,57881,57891,10
13.0226402283,80.2270812988,57891,57901,10
13.0224599838,80.2267990112,57901,57911,10
13.0219402313,80.226348877,57911,57921,10
13.0213603973,80.2258987427,57921,57931,10
13.020819664,80.2254562378,57931,57941,10
13.0203399658,80.2251586914,57941,57951,10
13.0202598572,80.225112915,57951,57962,11
13.020190239,80.2250671387,57962,57972,10
13.0199804306,80.2249298096,57972,57981,9
13.0196800232,80.2247161865,57981,57992,11
13.0190200806,80.2245407104,57992,58002,10
13.017950058,80.224861145,58002,58012,10
13.0169496536,80.2252807617,58012,58022,10
13.016289711,80.2255477905,58022,58032,10
13.0156202316,80.2257919312,58032,58042,10
13.0149202347,80.2260665894,58042,58052,10
13.0144701004,80.2262191772,58052,58063,11
13.0142602921,80.2263031006,58063,58073,10
13.0137996674,80.2265090942,58073,58083,10
13.0135698318,80.2266387939,58083,58093,10
13.0133495331,80.2266998291,58093,58103,10
13.0127296448,80.2269287109,58103,58113,10
13.0119600296,80.2272186279,58113,58123,10
13.0109901428,80.2275924683,58123,58133,10
13.010020256,80.2279586792,58133,58143,10
13.0094995499,80.2277603149,58143,58153,10
13.0096197128,80.2273788452,58153,58164,11
13.0099496841,80.2266387939,58164,58174,10
13.0102901459,80.2258987427,58174,58184,10
13.0105400085,80.225402832,58184,58194,10
13.0105800629,80.2252578735,58194,58204,10
13.0107898712,80.2247695923,58204,58214,10
13.011059761,80.2240371704,58214,58224,10
13.0113801956,80.223197937,58224,58234,10
13.0116796494,80.2223587036,58234,58244,10
13.0120601654,80.2213516235,58244,58255,11
13.0120000839,80.220703125,58255,58265,10
13.0117301941,80.219909668,58265,58275,10
13.0114803314,80.2191009521,58275,58285,10
13.0111703873,80.2181472778,58285,58295,10
13.0108203888,80.2172470093,58295,58305,10
13.0104598999,80.2164382935,58305,58315,10
13.0100402832,80.2156677246,58315,58325,10
13.0095796585,80.2148971558,58325,58335,10
13.0090303421,80.2141723633,58335,58345,10
13.0085201263,80.2135314941,58345,58356,11
13.0084600449,80.2134933472,58356,58366,10
13.0083799362,80.2134475708,58366,58376,10
13.0080299377,80.2132720947,58376,58406,30
13.0080299377,80.2132720947,58406,58416,10
13.0077600479,80.2130508423,58416,58426,10
13.0072002411,80.2128372192,58426,58436,10
13.006480217,80.2127990723,58436,58446,10
13.0058002472,80.2130279541,58446,58457,11
13.0050296783,80.212562561,58457,58466,9
13.0044603348,80.212272644,58466,58477,11
13.0037603378,80.2120285034,58477,58487,10
13.0036802292,80.2115020752,58487,58497,10
13.0036096573,80.2108612061,58497,58507,10
13.0035400391,80.2101135254,58507,58517,10
13.0035104752,80.2096481323,58517,58527,10
13.003490448,80.2094726563,58527,58537,10
13.0033798218,80.2093429565,58537,58548,11
13.0029401779,80.2090988159,58548,58558,10
13.0023002625,80.2087478638,58558,58568,10
13.0019798279,80.2085800171,58568,58578,10
13.0015001297,80.2083206177,58578,58588,10
13.000869751,80.2080001831,58588,58598,10
13.0003204346,80.2078170776,58598,58608,10
12.9998998642,80.2077484131,58608,58618,10
12.9993200302,80.2076187134,58618,58628,10
12.9988603592,80.2075271606,58628,58638,10
12.9984903336,80.2074432373,58638,58649,11
12.9983797073,80.2076263428,58649,58669,20
12.9983797073,80.2076263428,58669,58679,10
12.9983196259,80.2079162598,58679,58689,10
12.9982795715,80.2082214355,58689,58699,10
12.9982404709,80.2084579468,58699,58709,10
12.9982099533,80.208770752,58709,58719,10
12.9981498718,80.2090835571,58719,58729,10
12.9979200363,80.2093734741,58729,58740,11
12.9977197647,80.209777832,58740,58750,10
12.9975204468,80.2101669312,58750,58760,10
12.9972801208,80.2104797363,58760,58780,20
12.9972801208,80.2104797363,58780,58790,10
12.9968204498,80.2104187012,58790,58800,10
12.9963703156,80.2103805542,58800,58810,10
12.9959201813,80.2103271484,58810,58820,10
12.9955501556,80.2102966309,58820,58830,10
12.9954500198,80.2102890015,58830,58841,11
12.9951400757,80.2102584839,58841,58851,10
12.9949798584,80.2102432251,58851,58861,10
12.9945802689,80.2101974487,58861,58871,10
12.9941902161,80.2101669312,58871,58881,10
12.9937801361,80.2101364136,58881,58891,10
12.993639946,80.2103424072,58891,58901,10
12.9936304092,80.2103424072,58901,58911,10
12.9935503006,80.2105178833,58911,58921,10
12.9934797287,80.2108001709,58921,58931,10
12.9934101105,80.2111968994,58931,58942,11
12.9932804108,80.2117614746,58942,58952,10
12.9931001663,80.2124404907,58952,58962,10
12.9928703308,80.2130279541,58962,58982,20
12.9928703308,80.2130279541,58982,58992,10
12.9925403595,80.2129592896,58992,59002,10
12.9919900894,80.2128219604,59002,59012,10
12.9913301468,80.2128601074,59012,59053,41
12.9913301468,80.2128601074,59053,59063,10
12.9912996292,80.2130432129,59063,59073,10
12.9911403656,80.2135696411,59073,59083,10
12.9909896851,80.2141494751,59083,59093,10
12.9906797409,80.214630127,59093,59103,10
12.9900302887,80.2149200439,59103,59113,10
12.98939991,80.2147293091,59113,59123,10
12.9891300201,80.2149200439,59123,59134,11
12.9887199402,80.2154769897,59134,59144,10
12.9883403778,80.2160186768,59144,59154,10
12.9880199432,80.2165985107,59154,59164,10
12.9877700806,80.217300415,59164,59174,10
12.9875802994,80.2178421021,59174,59184,10
12.9874601364,80.2182235718,59184,59194,10
12.9874401093,80.2183227539,59194,59204,10
12.9872398376,80.2183914185,59204,59214,10
12.9870500565,80.2183380127,59214,59224,10
12.9867897034,80.2182693481,59224,59235,11
12.9860296249,80.2180709839,59235,59245,10
12.985039711,80.217956543,59245,59255,10
12.98416996,80.2179870605,59255,59265,10
12.9835796356,80.2180175781,59265,59275,10
12.9834699631,80.2180175781,59275,59285,10
12.9829101563,80.2180099487,59285,59295,10
12.9820604324,80.2180099487,59295,59305,10
12.9810600281,80.2182006836,59305,59315,10
12.9801702499,80.21849823,59315,59325,10
12.9794597626,80.2188034058,59325,59336,11
12.9787902832,80.219078064,59336,59346,10
12.978269577,80.2192993164,59346,59356,10
12.9774599075,80.2196273804,59356,59366,10
12.9765396118,80.2200088501,59366,59376,10
12.9757604599,80.2203903198,59376,59437,61
12.9757604599,80.2203903198,59437,59447,10
12.9756298065,80.2204666138,59447,59457,10
12.975520134,80.2207565308,59457,59467,10
12.9758195877,80.2210464478,59467,60619,1152
12.9758195877,80.2210464478,60619,60629,10
12.9761104584,80.2214813232,60629,60639,10
12.9764499664,80.2219924927,60639,60649,10
12.9768600464,80.2226333618,60649,60659,10
12.9771299362,80.2228469849,60659,60669,10
12.977519989,80.2227325439,60669,60679,10
12.977519989,80.222328186,60679,60689,10
12.9774703979,80.2218322754,60689,60700,11
12.9774398804,80.2213821411,60700,60710,10
12.9773101807,80.2212677002,60710,60720,10
12.9768695831,80.2212982178,60720,60730,10
12.9762601852,80.221282959,60730,60740,10
12.9760103226,80.2213134766,60740,60750,10
12.9758396149,80.2212600708,60750,60760,10
12.9757099152,80.2211303711,60760,60770,10
12.9755296707,80.2209625244,60770,60780,10
12.975399971,80.220741272,60780,60790,10
12.975399971,80.2207107544,60790,60801,11
12.9754495621,80.2204971313,60801,60811,10
12.975689888,80.2202987671,60811,60821,10
12.9762001038,80.2200469971,60821,60831,10
12.9769096375,80.2197189331,60831,60841,10
12.9777202606,80.2194137573,60841,60851,10
12.9784402847,80.2191162109,60851,60861,10
12.9789400101,80.2189178467,60861,60871,10
12.9796199799,80.2186584473,60871,60881,10
12.9800901413,80.2184524536,60881,60892,11
12.9806203842,80.2182617188,60892,60902,10
12.9813499451,80.2180175781,60902,60912,10
12.9821796417,80.217880249,60912,60922,10
12.9827203751,80.2178726196,60922,60932,10
12.9834804535,80.2178573608,60932,60942,10
12.9838399887,80.2178878784,60942,60952,10
12.9839601517,80.2179107666,60952,60962,10
12.9844503403,80.2179031372,60962,60972,10
12.9852399826,80.217880249,60972,60982,10
12.9862203598,80.2180404663,60982,60993,11
12.9874200821,80.2182388306,60993,61013,20
12.9874200821,80.2182388306,61013,61023,10
12.9875202179,80.2181396484,61023,61033,10
12.9876003265,80.2178192139,61033,61043,10
12.987830162,80.2171173096,61043,61053,10
12.9881601334,80.216293335,61053,61063,10
12.9886398315,80.2156066895,61063,61073,10
12.9891796112,80.2147827148,61073,61124,51
12.9891796112,80.2147827148,61124,61134,10
12.9894695282,80.2147293091,61134,61144,10
12.9899196625,80.2148590088,61144,61154,10
12.9905500412,80.2146606445,61154,61164,10
12.990940094,80.2141189575,61164,61174,10
12.9910802841,80.2136230469,61174,61185,11
12.991230011,80.2130203247,61185,61195,10
12.9915800095,80.2126998901,61195,61215,20
12.9915800095,80.2126998901,61215,61225,10
12.9918699265,80.2127685547,61225,61235,10
12.9922800064,80.2128829956,61235,61245,10
12.9927797318,80.2130432129,61245,61255,10
12.9928998947,80.2130126953,61255,61265,10
12.9929304123,80.212852478,61265,61275,10
12.993060112,80.2124176025,61275,61286,11
12.993229866,80.2117004395,61286,61296,10
12.9934196472,80.2109832764,61296,61306,10
12.9935703278,80.210357666,61306,61316,10
12.993689537,80.2101364136,61316,61326,10
12.9937601089,80.2101287842,61326,61336,10
12.9938201904,80.2101287842,61336,61346,10
12.9940595627,80.2101364136,61346,61356,10
12.9942502975,80.2101593018,61356,61366,10
12.9944601059,80.2101821899,61366,61376,10
12.9947004318,80.2101974487,61376,61387,11
12.9950399399,80.2102279663,61387,61397,10
12.9954099655,80.2102584839,61397,61406,9
12.9957504272,80.2102890015,61406,61417,11
12.9961700439,80.2103271484,61417,61427,10
12.9965295792,80.2103729248,61427,61437,10
12.9971199036,80.2104568481,61437,61457,20
12.9971199036,80.2104568481,61457,61467,10
12.9973402023,80.2104263306,61467,61478,11
12.9975996017,80.2098236084,61478,61498,20
12.9975996017,80.2098236084,61498,61508,10
12.9977502823,80.209487915,61508,61518,10
12.9980802536,80.2091217041,61518,61528,10
12.9981498718,80.2087936401,61528,61538,10
12.9982099533,80.2084274292,61538,61548,10
12.9983196259,80.2078094482,61548,61558,10
12.9983797073,80.2074966431,61558,61568,10
12.9985103607,80.2074432373,61568,61579,11
12.9986000061,80.2074432373,61579,61589,10
12.9989500046,80.2075424194,61589,61599,10
12.9994401932,80.2076721191,61599,61609,10
13.0000200272,80.2078018188,61609,61619,10
13.0005998611,80.2079162598,61619,61629,10
13.0011901855,80.208190918,61629,61639,10
13.0019197464,80.2085571289,61639,61649,10
13.0023202896,80.2087783813,61649,61659,10
13.002869606,80.2090377808,61659,61669,10
13.0034198761,80.2093276978,61669,61680,11
13.0035200119,80.2095413208,61680,61690,10
13.0035600662,80.2098007202,61690,61700,10
13.0036096573,80.210067749,61700,61710,10
13.0037002563,80.2105636597,61710,61720,10
13.0037603378,80.2111282349,61720,61730,10
13.003780365,80.2115783691,61730,61740,10
13.0040102005,80.212020874,61740,61750,10
13.0045795441,80.2122802734,61750,61760,10
13.0051803589,80.212600708,61760,61771,11
13.0059499741,80.2129211426,61771,61781,10
13.0066204071,80.2127227783,61781,61791,10
13.0071201324,80.2127609253,61791,61801,10
13.0078496933,80.2130584717,61801,61831,30
13.0078496933,80.2130584717,61831,61841,10
13.008020401,80.2132110596,61841,61851,10
13.0083599091,80.2133407593,61851,61861,10
13.0087795258,80.2137374878,61861,61872,11
13.0093803406,80.2145309448,61872,61882,10
13.0098400116,80.2151565552,61882,61892,10
13.0102701187,80.2157363892,61892,61902,10
13.0107297897,80.2164611816,61902,61912,10
13.0109395981,80.2170791626,61912,61922,10
13.0112495422,80.2177963257,61922,61931,9
13.0114803314,80.2184524536,61931,61941,10
13.0117797852,80.2193069458,61941,61952,11
13.0121202469,80.2203216553,61952,61962,10
13.0122299194,80.2205963135,61962,61973,11
13.0123300552,80.2208404541,61973,61983,10
13.0124998093,80.221282959,61983,61993,10
13.0127000809,80.2215881348,61993,62003,10
13.0130596161,80.2220687866,62003,62013,10
13.0135097504,80.2226333618,62013,62023,10
13.0139703751,80.2232208252,62023,62033,10
13.0142097473,80.2235183716,62033,62043,10
13.0144395828,80.2237625122,62043,62053,10
13.0148000717,80.2242202759,62053,62064,11
13.0152597427,80.224822998,62064,62074,10
13.0155801773,80.2250289917,62074,62084,10
13.0155801773,80.2250366211,62084,62094,10
13.0158195496,80.2252502441,62094,62104,10
13.0164203644,80.2253570557,62104,62114,10
13.0172395706,80.2250900269,62114,62124,10
13.0181798935,80.2247009277,62124,62134,10
13.019080162,80.2244033813,62134,62144,10
13.0195798874,80.2244491577,62144,62154,10
13.0198202133,80.2246017456,62154,62165,11
13.0202102661,80.2248764038,62165,62175,10
13.0205698013,80.2251205444,62175,62185,10
13.0208797455,80.2253570557,62185,62195,10
13.0211896896,80.2255783081,62195,62205,10
13.0216302872,80.2258987427,62205,62215,10
13.0218496323,80.2260513306,62215,62225,10
13.0218601227,80.2260513306,62225,62235,10
13.022069931,80.2262268066,62235,62245,10
13.0223302841,80.2264633179,62245,62255,10
13.0224704742,80.2265930176,62255,62266,11
13.0229301453,80.2269973755,62266,62276,10
13.0234899521,80.2274932861,62276,62286,10
13.0240802765,80.2280731201,62286,62296,10
13.0245304108,80.2286376953,62296,62306,10
13.0247602463,80.2289581299,62306,62316,10
13.0249900818,80.2293167114,62316,62326,10
13.0254001617,80.2297973633,62326,62336,10
13.025560379,80.2300109863,62336,62346,10
13.0255699158,80.2300262451,62346,62357,11
13.0257501602,80.2303314209,62357,62367,10
13.0259199142,80.230682373,62367,62376,9
13.0259799957,80.2309570313,62376,62387,11
13.02602005,80.2312469482,62387,62397,10
13.0263004303,80.231338501,62397,62407,10
13.0269298553,80.2311630249,62407,62417,10
13.0277099609,80.2310180664,62417,62427,10
13.0280799866,80.2309494019,62427,62488,61
13.0280799866,80.2309494019,62488,62498,10
13.0282697678,80.2308807373,62498,62508,10
13.0283699036,80.2309112549,62508,62518,10
13.0284700394,80.2308883667,62518,62528,10
13.0286302567,80.2308807373,62528,62538,10
13.0288801193,80.2308502197,62538,62549,11
13.029250145,80.2307815552,62549,62559,10
13.0295295715,80.2307815552,62559,62569,10
13.0301599503,80.230758667,62569,62629,60
13.0301599503,80.230758667,62629,62639,10
13.0304403305,80.2307815552,62639,62650,11
13.0309200287,80.2306976318,62650,62660,10
13.0314598083,80.2306289673,62660,62670,10
13.0319404602,80.2306137085,62670,62680,10
13.0324602127,80.2305603027,62680,62690,10
13.0330400467,80.2304992676,62690,62700,10
13.0337600708,80.2304382324,62700,62761,61
13.0337600708,80.2304382324,62761,62771,10
13.0340795517,80.2304382324,62771,62781,10
13.0345497131,80.2303466797,62781,62811,30
13.0345497131,80.2303466797,62811,62821,10
13.0350503922,80.2301330566,62821,62852,31
13.0350503922,80.2301330566,62852,62862,10
13.0350799561,80.2298812866,62862,62872,10
13.0348396301,80.2297897339,62872,62892,20
13.0348396301,80.2297897339,62892,62902,10
13.0345001221,80.2298126221,62902,63013,111
13.0345001221,80.2298126221,63013,63023,10
13.0341396332,80.2301101685,63023,63267,244
13.0343103409,80.2304229736,63267,63540,273
13.0343103409,80.2304229736,63540,63550,10
13.0342597961,80.2304992676,63550,63560,10
13.0342197418,80.2305374146,63560,63570,10
13.0339002609,80.2305374146,63570,63580,10
13.0335903168,80.2305297852,63580,63590,10
13.0334300995,80.2305221558,63590,63600,10
13.0330295563,80.2305526733,63600,63610,10
13.0324602127,80.2306213379,63610,63621,11
13.0318002701,80.23072052,63621,63631,10
13.0312204361,80.230758667,63631,63671,40
13.0312204361,80.230758667,63671,63681,10
13.0309200287,80.2306900024,63681,63691,10
13.0305995941,80.2307434082,63691,63701,10
13.0301799774,80.2308120728,63701,63712,11
13.0298595428,80.2308425903,63712,63722,10
13.0298500061,80.2308425903,63722,63732,10
13.0297403336,80.2308807373,63732,63742,10
13.0297298431,80.2308807373,63742,63752,10
13.0294103622,80.2308731079,63752,63762,10
13.0288200378,80.2309112549,63762,63772,10
13.0280799866,80.2309799194,63772,63782,10
13.0276603699,80.2310791016,63782,63792,10
13.0277004242,80.2315597534,63792,63802,10
13.0277900696,80.2322006226,63802,63813,11
13.0279102325,80.2327804565,63813,63823,10
13.0274295807,80.2329330444,63823,63833,10
13.0269298553,80.2330093384,63833,63843,10
13.0266799927,80.2330627441,63843,63853,10
13.0263500214,80.2328109741,63853,63863,10
13.0261697769,80.2322616577,63863,63873,10
13.0261297226,80.2319793701,63873,63883,10
13.0260601044,80.2317886353,63883,63893,10
13.02602005,80.2316207886,63893,63904,11
13.0258398056,80.2309799194,63904,63914,10
13.0254402161,80.2302017212,63914,63924,10
13.0249795914,80.2295379639,63924,63934,10
13.0246295929,80.2290878296,63934,63944,10
13.0243396759,80.2286834717,63944,63954,10
13.0239601135,80.2281799316,63954,63964,10
13.0234899521,80.2276916504,63964,63974,10
13.0232400894,80.2275390625,63974,63984,10
13.0230302811,80.2273788452,63984,64005,21
13.0230302811,80.2273788452,64005,64015,10
13.0228996277,80.2273330688,64015,64025,10
13.0227804184,80.2272109985,64025,64035,10
13.0226602554,80.2270889282,64035,64045,10
13.0225095749,80.2267990112,64045,64055,10
13.0219802856,80.2263565063,64055,64065,10
13.0212802887,80.225769043,64065,64075,10
13.0205802917,80.2252578735,64075,64085,10
13.0199604034,80.2248306274,64085,64095,10
13.0198497772,80.2247619629,64095,64106,11
13.0197896957,80.2247390747,64106,64116,10
13.0193796158,80.2245483398,64116,64126,10
13.0185804367,80.2245864868,64126,64136,10
13.0176296234,80.2249679565,64136,64146,10
13.0166902542,80.2253570557,64146,64156,10
13.0159397125,80.2256622314,64156,64166,10
13.0153198242,80.2259063721,64166,64176,10
13.0150003433,80.22605896,64176,64186,10
13.0144300461,80.2262802124,64186,64207,21
13.0144300461,80.2262802124,64207,64223,16
13.013999939,80.2264404297,64223,64235,12
13.0132198334,80.2267379761,64235,64245,10
13.0125904083,80.2269668579,64245,64254,9
13.0117797852,80.2273025513,64254,64265,11
13.0107603073,80.2276763916,64265,64275,10
13.010020256,80.2279586792,64275,64285,10
13.0094995499,80.2276992798,64285,64295,10
13.0097303391,80.227142334,64295,64306,11
13.0101003647,80.2263412476,64306,64317,11
13.0104398727,80.2255935669,64317,64327,10
13.0106897354,80.2250213623,64327,64337,10
13.0109395981,80.2244262695,64337,64347,10
13.0112495422,80.223739624,64347,64357,10
13.0114803314,80.2230682373,64357,64367,10
13.0117702484,80.2223129272,64367,64377,10
13.0120296478,80.2215881348,64377,64387,10
13.012140274,80.2212677002,64387,64398,11
13.0120096207,80.2207107544,64398,64408,10
13.0117797852,80.2199630737,64408,64418,10
13.0115003586,80.2191696167,64418,64428,10
13.0112495422,80.2183837891,64428,64438,10
13.0110301971,80.2177963257,64438,64448,10
13.010840416,80.2173995972,64448,64457,9
13.0107603073,80.2171630859,64457,64467,10
13.0105800629,80.2166976929,64467,64478,11
13.0102500916,80.2161331177,64478,64488,10
13.0099201202,80.2154388428,64488,64499,11
13.0094995499,80.2147979736,64499,64509,10
13.0090999603,80.2142791748,64509,64519,10
13.0086803436,80.213722229,64519,64529,10
13.0083303452,80.2134170532,64529,64590,61
13.0081300735,80.2133102417,64590,64630,40
13.0081300735,80.2133102417,64630,64640,10
13.0078496933,80.213142395,64640,64650,10
13.0077800751,80.2130737305,64650,64660,10
13.0077104568,80.2129974365,64660,64670,10
13.0074396133,80.2128601074,64670,64680,10
13.0069904327,80.2127838135,64680,64691,11
13.0064401627,80.2127838135,64691,64701,10
13.0059404373,80.2130203247,64701,64711,10
13.0055599213,80.2128982544,64711,64721,10
13.0052995682,80.2127609253,64721,64731,10
13.0051898956,80.2126922607,64731,64741,10
13.0050897598,80.212638855,64741,64751,10
13.0047197342,80.2124023438,64751,64761,10
13.004119873,80.2121582031,64761,64771,10
13.0037202835,80.2119522095,64771,64782,11
13.0036497116,80.2114181519,64782,64802,20
13.0036497116,80.2114181519,64802,64812,10
13.0036497116,80.2112426758,64812,64822,10
13.0036001205,80.2108306885,64822,64832,10
13.0035200119,80.2102584839,64832,64842,10
13.0034799576,80.2096405029,64842,64852,10
13.0034599304,80.2093582153,64852,64862,10
13.002869606,80.2090530396,64862,64872,10
13.0021800995,80.2086868286,64872,64883,11
13.001660347,80.2084197998,64883,64893,10
13.00137043,80.2082519531,64893,64903,10
13.0008497238,80.2079925537,64903,64913,10
13.0004997253,80.2078475952,64913,64923,10
13.0002002716,80.2077789307,64923,64933,10
12.9997501373,80.2076873779,64933,64943,10
12.999250412,80.2075881958,64943,64953,10
12.9988298416,80.2075195313,64953,64963,10
12.9983901978,80.2075576782,64963,64992,29
12.9983901978,80.2075576782,64992,65002,10
12.9983596802,80.2077102661,65002,65012,10
12.9983501434,80.2078781128,65012,65022,10
12.998290062,80.2082519531,65022,65032,10
12.9982204437,80.2087020874,65032,65042,10
12.9981803894,80.2090377808,65042,65074,32
12.9981803894,80.2090377808,65074,65084,10
12.9980201721,80.2092437744,65084,65094,10
12.9977502823,80.2095870972,65094,65104,10
12.9974803925,80.2101821899,65104,65114,10
12.9973297119,80.2105102539,65114,65124,10
12.9971599579,80.2105026245,65124,65134,10
12.997130394,80.2105026245,65134,65144,10
12.9970598221,80.2104873657,65144,65154,10
12.9967298508,80.2104187012,65154,65164,10
12.9962797165,80.2103805542,65164,65175,11
12.995880127,80.2103271484,65175,65185,10
12.995470047,80.2102966309,65185,65195,10
12.9953403473,80.2102890015,65195,65205,10
12.9951295853,80.2102737427,65205,65215,10
12.9949197769,80.2102584839,65215,65225,10
12.9948196411,80.2102432251,65225,65235,10
12.99477005,80.2102432251,65235,65245,10
12.9944601059,80.2102127075,65245,65255,10
12.9940004349,80.2101593018,65255,65266,11
12.9935998917,80.210357666,65266,65286,20
12.9935998917,80.210357666,65286,65296,10
12.993519783,80.2104492188,65296,65306,10
12.9934396744,80.2108764648,65306,65316,10
12.9933099747,80.211479187,65316,65326,10
12.9931697845,80.2120285034,65326,65336,10
12.9930200577,80.2126617432,65336,65346,10
12.9929103851,80.2130584717,65346,65356,10
12.992650032,80.2130126953,65356,65367,11
12.9920301437,80.2128372192,65367,65377,10
12.9913396835,80.2127380371,65377,65397,20
12.9913396835,80.2127380371,65397,65407,10
12.9912996292,80.2128295898,65407,65417,10
12.9911804199,80.2132797241,65417,65427,10
12.9910202026,80.2138824463,65427,65437,10
12.9907503128,80.2145385742,65437,65447,10
12.9900798798,80.2149124146,65447,65457,10
12.98939991,80.2147369385,65457,65468,11
12.9891395569,80.2148971558,65468,65478,10
12.989109993,80.2149276733,65478,65488,10
12.9889097214,80.2151565552,65488,65498,10
12.9885997772,80.2156677246,65498,65508,10
12.9881801605,80.2162628174,65508,65518,10
12.987859726,80.217010498,65518,65528,10
12.987739563,80.2173919678,65528,65538,10
12.9874801636,80.2182235718,65538,65559,21
12.9874801636,80.2182235718,65559,65569,10
12.987449646,80.2183227539,65569,65579,10
12.9870796204,80.2183685303,65579,65599,20
12.9870796204,80.2183685303,65599,65609,10
12.9869604111,80.2183303833,65609,65619,10
12.9864501953,80.218170166,65619,65629,10
12.9856004715,80.2179718018,65629,65639,10
12.9847602844,80.2179718018,65639,65649,10
12.9840698242,80.2180175781,65649,65680,31
12.9840698242,80.2180175781,65680,65690,10
12.9839496613,80.2180404663,65690,65700,10
12.9836397171,80.2180404663,65700,65710,10
12.9832201004,80.2180404663,65710,65720,10
12.9827699661,80.2180328369,65720,65730,10
12.9822597504,80.2180175781,65730,65740,10
12.9816799164,80.2180633545,65740,65750,10
12.9811096191,80.2181930542,65750,65761,11
12.9804801941,80.2183914185,65761,65771,10
12.9801397324,80.2185211182,65771,65781,10
12.9797401428,80.2186965942,65781,65791,10
12.9792995453,80.2188720703,65791,65801,10
12.9788599014,80.219039917,65801,65812,11
12.9783401489,80.2192611694,65812,65822,10
12.9775695801,80.2195663452,65822,65832,10
12.9766597748,80.2199478149,65832,65842,10
12.9759197235,80.2202682495,65842,65853,11
12.9756202698,80.2204437256,65853,65863,10
12.9755897522,80.2208404541,65863,67004,1141
12.9758796692,80.2211914063,67004,67045,41
12.9758796692,80.2211914063,67045,67055,10
12.9759998322,80.221321106,67055,67065,10
12.9762802124,80.2218017578,67065,67075,10
12.9765996933,80.2222824097,67075,67085,10
12.9768400192,80.22265625,67085,67095,10
12.9771003723,80.2228088379,67095,67105,10
12.9774799347,80.2227401733,67105,67116,11
12.9774904251,80.2223892212,67116,67126,10
12.9774599075,80.2219161987,67126,67136,10
12.9774198532,80.2213363647,67136,67156,20
12.9774198532,80.2213363647,67156,67166,10
12.9770803452,80.2212982178,67166,67176,10
12.9765501022,80.2213134766,67176,67186,10
12.9761896133,80.221282959,67186,67196,10
12.9760799408,80.2212982178,67196,67206,10
12.9758701324,80.2213134766,67206,67217,11
12.9755401611,80.2209625244,67217,67287,70
12.9755401611,80.2209625244,67287,67297,10
12.9754104614,80.2206420898,67297,67328,31
12.9754104614,80.2206420898,67328,67338,10
12.9755802155,80.2204208374,67338,67348,10
12.9757404327,80.2202987671,67348,67358,10
12.9759397507,80.220199585,67358,67368,10
12.976149559,80.2201080322,67368,67378,10
12.9767303467,80.2198562622,67378,67388,10
12.9774999619,80.2195510864,67388,67398,10
12.9783000946,80.2192077637,67398,67417,19
12.9792995453,80.2188262939,67417,67429,12
12.9798803329,80.2185897827,67429,67439,10
12.9801397324,80.2184829712,67439,67449,10
12.9803495407,80.2183990479,67449,67459,10
12.9808597565,80.218208313,67459,67469,10
12.9814596176,80.2180023193,67469,67479,10
12.9821100235,80.2179107666,67479,67488,9
12.9824199677,80.2179107666,67488,67499,11
12.9830198288,80.2179107666,67499,67510,11
12.9835996628,80.2179107666,67510,67520,10
12.983710289,80.2179031372,67520,67530,10
12.9837703705,80.2179031372,67530,67540,10
12.98416996,80.2179107666,67540,67550,10
12.9848003387,80.2179107666,67550,67560,10
12.9856300354,80.2179412842,67560,67570,10
12.9864797592,80.2181167603,67570,67580,10
12.987159729,80.2182617188,67580,67590,10
12.9873895645,80.2182693481,67590,67600,10
12.9874296188,80.2182922363,67600,67617,17
12.9875898361,80.2177810669,67617,67629,12
12.9877700806,80.2173233032,67629,67639,10
12.9878997803,80.2168807983,67639,67649,10
12.9881401062,80.2163085938,67649,67657,8
12.9884700775,80.2158508301,67657,67668,11
12.9888601303,80.2152481079,67668,67680,12
12.9891300201,80.2148666382,67680,67690,10
12.9893503189,80.2147369385,67690,67701,11
12.9894800186,80.2147903442,67701,67711,10
12.9898796082,80.2148895264,67711,67719,8
12.9902496338,80.2148895264,67719,67732,13
12.9907598495,80.2145004272,67732,67742,10
12.9909696579,80.2140426636,67742,67752,10
12.9910802841,80.2136230469,67752,67762,10
12.9911403656,80.2133407593,67762,67772,10
12.9912900925,80.2128219604,67772,67782,10
12.9914798737,80.2126922607,67782,67792,10
12.9915800095,80.2127227783,67792,67803,11
12.9916496277,80.2127304077,67803,67826,23
12.9924297333,80.2129669189,67826,67838,12
12.9928598404,80.2130889893,67838,67848,10
12.9928998947,80.2130432129,67848,67858,10
12.9929199219,80.212890625,67858,67868,10
12.9930095673,80.2124786377,67868,67878,10
12.9931097031,80.2121276855,67878,67888,10
12.9931898117,80.2117462158,67888,67898,10
12.993229866,80.2116088867,67898,67909,11
12.993350029,80.2111434937,67909,67919,10
12.9934902191,80.2105865479,67919,67928,9
12.9935503006,80.2102584839,67928,67939,11
12.9937200546,80.2101516724,67939,67948,9
12.9937400818,80.2101516724,67948,67959,11
12.9938802719,80.2101669312,67959,67969,10
12.9941196442,80.2101821899,67969,67978,9
12.9944200516,80.2102127075,67978,67989,11
12.99477005,80.2102432251,67989,68000,11
12.9951896667,80.2102890015,68000,68010,10
12.9954595566,80.2102966309,68010,68020,10
12.995759964,80.2103271484,68020,68030,10
12.9961500168,80.210357666,68030,68040,10
12.9963998795,80.2104034424,68040,68050,10
12.9967098236,80.2104415894,68050,68060,10
12.9970798492,80.2105026245,68060,68101,41
12.9970798492,80.2105026245,68101,68111,10
12.9973402023,80.2104415894,68111,68121,10
12.9974498749,80.2101821899,68121,68131,10
12.9975795746,80.2098312378,68131,68141,10
12.9977302551,80.2095565796,68141,68151,10
12.9979200363,80.2093429565,68151,68161,10
12.9981002808,80.2090301514,68161,68171,10
12.9981298447,80.2086410522,68171,68181,10
12.9982204437,80.2081604004,68181,68192,11
12.998339653,80.2074966431,68192,68212,20
12.998339653,80.2074966431,68212,68222,10
12.9985399246,80.2074508667,68222,68232,10
12.9986495972,80.2074966431,68232,68242,10
12.9989500046,80.207572937,68242,68252,10
12.9992103577,80.207611084,68252,68262,10
12.99958992,80.2076797485,68262,68278,16
13.0003795624,80.2078323364,68278,68291,13
13.0008602142,80.2080230713,68291,68301,10
13.0012903214,80.2082214355,68301,68311,10
13.0019302368,80.2085418701,68311,68321,10
13.0023202896,80.2087402344,68321,68331,10
13.0025501251,80.2088623047,68331,68341,10
13.0030097961,80.2091217041,68341,68351,10
13.0034599304,80.2093887329,68351,68361,10
13.0034599304,80.2096176147,68361,68371,10
13.0035104752,80.2098083496,68371,68382,11
13.003569603,80.2100372314,68382,68392,10
13.003660202,80.2104492188,68392,68402,10
13.0037202835,80.2109680176,68402,68412,10
13.0037498474,80.2115783691,68412,68422,10
13.0039901733,80.2120819092,68422,68432,10
13.0042200089,80.2121582031,68432,68442,10
13.0044403076,80.2122802734,68442,68452,10
13.0048904419,80.2124862671,68452,68462,10
13.0054702759,80.2128601074,68462,68472,10
13.0060901642,80.2129135132,68472,68483,11
13.0065097809,80.2127838135,68483,68493,10
13.0068101883,80.2127685547,68493,68503,10
13.007229805,80.2128295898,68503,68513,10
13.0076999664,80.2129974365,68513,68543,30
13.0076999664,80.2129974365,68543,68553,10
13.0078496933,80.213142395,68553,68563,10
13.0079803467,80.2132263184,68563,68573,10
13.0082197189,80.2133407593,68573,68584,11
13.0085897446,80.2135391235,68584,68594,10
13.0087003708,80.2136917114,68594,68604,10
13.0089101791,80.2139663696,68604,68614,10
13.0092096329,80.2143783569,68614,68624,10
13.0094604492,80.2147369385,68624,68634,10
13.0095901489,80.2149810791,68634,68644,10
13.0098800659,80.2153015137,68644,68654,10
13.0102100372,80.2158203125,68654,68664,10
13.0106401443,80.2164382935,68664,68675,11
13.0108804703,80.2170715332,68675,68684,9
13.0110197067,80.2173309326,68684,68695,11
13.0112199783,80.2178192139,68695,68705,10
13.0114898682,80.218536377,68705,68715,10
13.0118103027,80.2195129395,68715,68725,10
13.012169838,80.2206115723,68725,68735,10
13.0124597549,80.221321106,68735,68745,10
13.0128002167,80.2218170166,68745,68755,10
13.0132198334,80.2223587036,68755,68765,10
13.0135402679,80.2227783203,68765,68776,11
13.0139398575,80.2232818604,68776,68786,10
13.0142002106,80.2236099243,68786,68796,10
13.0144500732,80.2238998413,68796,68806,10
13.0148000717,80.224319458,68806,68816,10
13.0150203705,80.2245788574,68816,68826,10
13.0150499344,80.2246170044,68826,68836,10
13.0155096054,80.2250289917,68836,68856,20
13.0155096054,80.2250289917,68856,68867,11
13.0158395767,80.2253036499,68867,68877,10
13.0164499283,80.2253723145,68877,68886,9
13.0171003342,80.2251281738,68886,68897,11
13.0180397034,80.2247390747,68897,68907,10
13.0188999176,80.2244110107,68907,68917,10
13.0195398331,80.2244491577,68917,68937,20
13.0195398331,80.2244491577,68937,68947,10
13.019659996,80.2245407104,68947,68957,10
13.0199298859,80.2247314453,68957,68968,11
13.0204801559,80.2251434326,68968,68978,10
13.0211200714,80.2256088257,68978,68987,9
13.0219402313,80.2262115479,68987,69008,21
13.0219402313,80.2262115479,69008,69018,10
13.0220499039,80.22631073,69018,69028,10
13.0223903656,80.2266235352,69028,69038,10
13.0228395462,80.2270202637,69038,69048,10
13.0233402252,80.2275009155,69048,69058,10
13.0238103867,80.2279205322,69058,69069,11
13.0242204666,80.2283401489,69069,69078,9
13.024310112,80.2284698486,69078,69089,11
13.0244998932,80.228729248,69089,69099,10
13.024769783,80.2291412354,69099,69109,10
13.0250997543,80.2295532227,69109,69119,10
13.0253095627,80.2297897339,69119,69129,10
13.0253601074,80.2298431396,69129,69139,10
13.0254802704,80.2300262451,69139,69149,10
13.0256299973,80.23021698,69149,69180,31
13.0256299973,80.23021698,69180,69190,10
13.0256900787,80.2303924561,69190,69200,10
13.0257701874,80.2305603027,69200,69210,10
13.0258798599,80.230796814,69210,69220,10
13.025970459,80.2311172485,69220,69230,10
13.0260000229,80.2313079834,69230,69240,10
13.0262002945,80.2313690186,69240,69261,21
13.0262002945,80.2313690186,69261,69271,10
13.026550293,80.2312927246,69271,69281,10
13.0268697739,80.2311935425,69281,69291,10
13.027179718,80.2311096191,69291,69321,30
13.027179718,80.2311096191,69321,69331,10
13.0274095535,80.2310791016,69331,69341,10
13.0276098251,80.2310333252,69341,69362,21
13.0276098251,80.2310333252,69362,69372,10
13.0279302597,80.2309875488,69372,69392,20
13.0279302597,80.2309875488,69392,69402,10
13.028260231,80.2309799194,69402,69584,182
13.028260231,80.2309799194,69584,69594,10
13.0284004211,80.2309188843,69594,69604,10
13.0286998749,80.2309036255,69604,69614,10
13.029009819,80.2308807373,69614,69705,91
13.029009819,80.2308807373,69705,69715,10
13.0293397903,80.2308731079,69715,69725,10
13.0297298431,80.2308425903,69725,69735,10
13.0304698944,80.2307662964,69735,69756,21
13.0304698944,80.2307662964,69756,69766,10
13.030670166,80.230758667,69766,69776,10
13.0309696198,80.2307434082,69776,69786,10
13.0311899185,80.2307128906,69786,69796,10
13.0315999985,80.2306976318,69796,69806,10
13.0320596695,80.2306518555,69806,69816,10
13.0326404572,80.2305908203,69816,69826,10
13.0333595276,80.2305374146,69826,69837,11
13.0339603424,80.230506897,69837,69857,20
13.0339603424,80.230506897,69857,69867,10
13.034119606,80.2304916382,69867,69877,10
13.0342102051,80.2304611206,69877,69887,10
13.034529686,80.2304077148,69887,69897,10
13.0348396301,80.2302780151,69897,69907,10
13.0350503922,80.2299880981,69907,69917,10
13.0347604752,80.2298736572,69917,69927,10
13.0343198776,80.2297973633,69927,70089,162
13.0341796875,80.230140686,70089,70766,677
13.0341796875,80.230140686,70766,70776,10
13.0341100693,80.2305221558,70776,70786,10
13.0340499878,80.2305679321,70786,70796,10
13.0338897705,80.2305374146,70796,70807,11
13.0334997177,80.2305374146,70807,70817,10
13.0332803726,80.2305526733,70817,70827,10
13.0328502655,80.2305831909,70827,70837,10
13.0322999954,80.2306365967,70837,70847,10
13.0317001343,80.2306976318,70847,70857,10
13.0310897827,80.2307434082,70857,70867,10
13.0307197571,80.2307662964,70867,70877,10
13.0305204391,80.2307662964,70877,70887,10
13.0297603607,80.2308731079,70887,70908,21
13.0297603607,80.2308731079,70908,70924,16
13.029419899,80.2309188843,70924,70936,12
13.0288801193,80.2309799194,70936,70946,10
13.028380394,80.231010437,70946,70956,10
13.0277500153,80.2310180664,70956,70966,10
13.0276203156,80.231262207,70966,70976,10
13.0276699066,80.2318191528,70976,70986,10
13.0277500153,80.2323303223,70986,70996,10
13.0278396606,80.2327575684,70996,71006,10
13.0276403427,80.2328796387,71006,71017,11
13.0274896622,80.2328796387,71017,71026,9
13.027179718,80.2329483032,71026,71199,173
13.027179718,80.2329483032,71199,71209,10
13.026889801,80.233001709,71209,71219,10
13.0265598297,80.2331008911,71219,71239,20
13.0265598297,80.2331008911,71239,71249,10
13.0263595581,80.2330093384,71249,71259,10
13.0262203217,80.2326431274,71259,71269,10
13.0261497498,80.2323989868,71269,71279,10
13.0260601044,80.2320480347,71279,71289,10
13.0259504318,80.2316207886,71289,71300,11
13.0257997513,80.2310409546,71300,71310,10
13.0255298615,80.2304077148,71310,71320,10
13.0249996185,80.2296600342,71320,71350,30
13.0249996185,80.2296600342,71350,71360,10
13.0247001648,80.2292861938,71360,71370,10
13.0243997574,80.2288894653,71370,71380,10
13.0239896774,80.2283935547,71380,71390,10
13.0232000351,80.2276000977,71390,71439,49
13.0232000351,80.2276000977,71439,71449,10
13.0229797363,80.2274475098,71449,71469,20
13.0229797363,80.2274475098,71469,71479,10
13.0226697922,80.2271881104,71479,71490,11
13.0225000381,80.2268676758,71490,71500,10
13.0222196579,80.2266311646,71500,71509,9
13.0218296051,80.2262878418,71509,71520,11
13.0213603973,80.2259292603,71520,71530,10
13.0209102631,80.2255630493,71530,71540,10
13.0204696655,80.2252578735,71540,71550,10
13.020070076,80.2250289917,71550,71560,10
13.0200099945,80.2249908447,71560,71570,10
13.019900322,80.2249069214,71570,71580,10
13.0195198059,80.2246627808,71580,71590,10
13.0188798904,80.2245178223,71590,71601,11
13.0180902481,80.224822998,71601,71611,10
13.0172901154,80.225151062,71611,71621,10
13.0165996552,80.225440979,71621,71631,10
13.0162801743,80.2255401611,71631,71641,10
13.0158004761,80.2257080078,71641,71651,10
13.0152597427,80.2259063721,71651,71661,10
13.0147304535,80.2261123657,71661,71671,10
13.0144195557,80.2262496948,71671,71682,11
13.0143203735,80.2262802124,71682,71692,10
13.0142002106,80.2263031006,71692,71702,10
13.0138101578,80.2264175415,71702,71712,10
13.0130701065,80.2266998291,71712,71722,10
13.0122404099,80.2269897461,71722,71732,10
13.0114898682,80.2273178101,71732,71742,10
13.0105600357,80.2276992798,71742,71752,10
13.0097703934,80.2279586792,71752,71762,10
13.0094499588,80.2276611328,71762,71772,10
13.0096998215,80.2271270752,71772,71783,11
13.0100898743,80.2262878418,71783,71793,10
13.0104799271,80.225402832,71793,71803,10
13.0108098984,80.2245788574,71803,71813,10
13.0110902786,80.2238235474,71813,71823,10
13.011300087,80.2232131958,71823,71833,10
13.0115203857,80.2226104736,71833,71843,10
13.011759758,80.2218780518,71843,71853,10
13.0119304657,80.221496582,71853,71863,10
13.0120601654,80.221321106,71863,71873,10
13.0120801926,80.2210464478,71873,71884,11
13.0118999481,80.2203979492,71884,71894,10
13.0116796494,80.2197799683,71894,71904,10
13.0114402771,80.2190704346,71904,71914,10
13.0113201141,80.2187194824,71914,71924,10
13.011179924,80.2183990479,71924,71934,10
13.0110797882,80.2181472778,71934,71944,10
13.0109500885,80.2178497314,71944,71953,9
13.0108804703,80.2176513672,71953,71963,10
13.0107603073,80.2173461914,71963,71975,12
13.0106601715,80.2170715332,71975,71985,10
13.0105304718,80.2167282104,71985,71995,10
13.0103902817,80.2164230347,71995,72005,10
13.010140419,80.2160186768,72005,72015,10
13.0098600388,80.2153778076,72015,72025,10
13.0095396042,80.2149200439,72025,72035,10
13.0092096329,80.2144927979,72035,72045,10
13.0088300705,80.2139968872,72045,72086,41
13.0088300705,80.2139968872,72086,72096,10
13.0087299347,80.2138366699,72096,72106,10
13.0086402893,80.2137374878,72106,72116,10
13.0085096359,80.2136077881,72116,72136,20
13.0085096359,80.2136077881,72136,72146,10
13.0082101822,80.2134094238,72146,72177,31
13.0082101822,80.2134094238,72177,72187,10
13.0080099106,80.2133102417,72187,72197,10
13.007900238,80.2132492065,72197,72207,10
13.0078401566,80.2132034302,72207,72217,10
13.0076999664,80.2130508423,72217,72227,10
13.0073003769,80.2128601074,72227,72237,10
13.0066900253,80.2128067017,72237,72247,10
13.0060396194,80.2129516602,72247,72257,10
13.0055198669,80.2129211426,72257,72268,11
13.0047798157,80.2124786377,72268,72278,10
13.0041704178,80.2121887207,72278,72298,20
13.0041704178,80.2121887207,72298,72308,10
13.0039396286,80.2121505737,72308,72318,10
13.0038499832,80.2121429443,72318,72328,10
13.0037097931,80.2121124268,72328,72338,10
13.0035896301,80.2115402222,72338,72359,21
13.0035896301,80.2115402222,72359,72369,10
13.0035800934,80.2112426758,72369,72379,10
13.0035200119,80.2107009888,72379,72389,10
13.0034303665,80.210067749,72389,72399,10
13.0034103394,80.2094802856,72399,72409,10
13.0029296875,80.2091293335,72409,72419,10
13.0023803711,80.2088394165,72419,72429,10
13.0018196106,80.2085266113,72429,72439,10
13.0012998581,80.2082824707,72439,72449,10
13.0012397766,80.2082366943,72449,72460,11
13.0009803772,80.2081069946,72460,72470,10
13.0006799698,80.2079620361,72470,72480,10
13.0003995895,80.207862854,72480,72490,10
13.0000200272,80.2078018188,72490,72500,10
12.9996404648,80.2077178955,72500,72510,10
12.9992704391,80.2076416016,72510,72520,10
12.9989595413,80.207572937,72520,72536,16
12.9984703064,80.2074508667,72536,72599,63
12.9984703064,80.2074508667,72599,72608,9
12.9982299805,80.2080001831,72608,72619,11
12.9981803894,80.2083282471,72619,72629,10
12.9981098175,80.2089309692,72629,72649,20
12.9981098175,80.2089309692,72649,72660,11
12.9980602264,80.2090988159,72660,72670,10
12.9977798462,80.2093811035,72670,72680,10
12.9975996017,80.2097473145,72680,72690,10
12.997420311,80.2101287842,72690,72700,10
12.9972801208,80.2104492188,72700,72710,10
12.9971199036,80.2104797363,72710,72720,10
12.9970397949,80.2104797363,72720,72730,10
12.9968700409,80.2104568481,72730,72740,10
12.9967603683,80.2104415894,72740,72751,11
12.9966402054,80.2104263306,72751,72761,10
12.9962902069,80.2103805542,72761,72771,10
12.9960699081,80.2103729248,72771,72781,10
12.9958000183,80.2103271484,72781,72791,10
12.9953699112,80.2102890015,72791,72801,10
12.9950704575,80.2102584839,72801,72811,10
12.9948101044,80.2102432251,72811,72821,10
12.9945402145,80.2101974487,72821,72831,10
12.9942398071,80.2101669312,72831,72841,10
12.9938402176,80.2101364136,72841,72852,11
12.9935398102,80.2103424072,72852,72872,20
12.9935398102,80.2103424072,72872,72882,10
12.9934597015,80.2105865479,72882,72892,10
12.9933395386,80.2110671997,72892,72902,10
12.9932403564,80.2114868164,72902,72912,10
12.9931201935,80.212020874,72912,72922,10
12.9929800034,80.2125320435,72922,72932,10
12.9927396774,80.2130813599,72932,72953,21
12.9927396774,80.2130813599,72953,72963,10
12.9924602509,80.2129821777,72963,72973,10
12.991900444,80.2128067017,72973,72983,10
12.9912595749,80.212890625,72983,73013,30
12.9912595749,80.212890625,73013,73023,10
12.9911603928,80.213218689,73023,73033,10
12.9910297394,80.2136993408,73033,73044,11
12.9909095764,80.2141113281,73044,73054,10
12.9907398224,80.2145080566,73054,73064,10
12.9902200699,80.2148971558,73064,73074,10
12.9896602631,80.21484375,73074,73084,10
12.9892902374,80.2147216797,73084,73094,10
12.9891901016,80.2147064209,73094,73104,10
12.9889802933,80.2150115967,73104,73114,10
12.988699913,80.2154312134,73114,73124,10
12.9884996414,80.2157211304,73124,73134,10
12.9881801605,80.2161331177,73134,73145,11
12.987859726,80.2168197632,73145,73155,10
12.9877004623,80.2172927856,73155,73165,10
12.9874000549,80.2182312012,73165,73185,20
12.9873800278,80.2183837891,73185,73205,20
12.9873800278,80.2183837891,73205,73215,10
12.9872703552,80.2184371948,73215,73225,10
12.9868497849,80.2183380127,73225,73236,11
12.9860601425,80.2181167603,73236,73246,10
12.9850997925,80.2180099487,73246,73256,10
12.9843502045,80.2180099487,73256,73266,10
12.9840803146,80.2180404663,73266,73276,10
12.9838600159,80.2180023193,73276,73286,10
12.983420372,80.2179870605,73286,73296,10
12.9827404022,80.2179870605,73296,73306,10
12.982049942,80.2180023193,73306,73316,10
12.981300354,80.2181167603,73316,73326,10
12.9807596207,80.2182998657,73326,73337,11
12.9801797867,80.2185211182,73337,73347,10
12.9795999527,80.2187576294,73347,73357,10
12.9790000916,80.21900177,73357,73367,10
12.9786100388,80.2191467285,73367,73377,10
12.9780101776,80.2193832397,73377,73387,10
12.9772396088,80.2196884155,73387,73397,10
12.9764404297,80.2200317383,73397,73407,10
12.9758195877,80.2203216553,73407,73508,101
12.9758195877,80.2203216553,73508,73518,10
12.9755601883,80.220413208,73518,73529,11
12.9754104614,80.2207107544,73529,73539,10
12.9755802155,80.2208633423,73539,73922,383
12.9757299423,80.2210769653,73922,74457,535
12.9757604599,80.2210006714,74457,74568,111
12.9758195877,80.2210922241,74568,74770,202
12.9757099152,80.2210388184,74770,75033,263
12.975810051,80.2211074829,75033,75053,20
12.975810051,80.2211074829,75053,75063,10
12.9758901596,80.2212295532,75063,75073,10
12.9760799408,80.221496582,75073,75084,11
12.9763898849,80.2220001221,75084,75094,10
12.9767198563,80.2225189209,75094,75104,10
12.9769201279,80.2227783203,75104,75114,10
12.9771995544,80.2227401733,75114,75124,10
12.9774599075,80.2226333618,75124,75134,10
12.9774503708,80.2222595215,75134,75144,10
12.9774303436,80.2217788696,75144,75154,10
12.9774198532,80.2214202881,75154,75164,10
12.977399826,80.221321106,75164,75175,11
12.9772596359,80.2212371826,75175,75185,10
12.9767904282,80.2212905884,75185,75195,10
12.9763898849,80.221282959,75195,75205,10
12.9759998322,80.221321106,75205,75215,10
12.9757795334,80.2212371826,75215,75225,10
12.9754199982,80.2209320068,75225,75377,152
12.9754199982,80.2209320068,75377,75387,10
12.9753103256,80.2207794189,75387,75397,10
12.9753799438,80.2205429077,75397,75407,10
12.9756097794,80.2203216553,75407,75417,10
12.9761600494,80.2200469971,75417,75427,10
12.9768896103,80.2197113037,75427,75437,10
12.9774904251,80.2194824219,75437,75447,10
12.9781198502,80.2192001343,75447,75457,10
12.9785404205,80.2190322876,75457,75468,11
12.9791202545,80.2188034058,75468,75478,10
12.9797401428,80.2185821533,75478,75488,10
12.9800701141,80.2184371948,75488,75498,10
12.9805603027,80.2182617188,75498,75508,10
12.9812498093,80.2180328369,75508,75518,10
12.982000351,80.2178878784,75518,75528,10
12.9823198318,80.2178573608,75528,75538,10
12.9826698303,80.2178573608,75538,75548,10
12.9837703705,80.2178573608,75548,75569,21
12.9837703705,80.2178573608,75569,75579,10
12.9838399887,80.2178573608,75579,75589,10
12.9841899872,80.2178573608,75589,75599,10
12.9844398499,80.2178573608,75599,75609,10
12.9849500656,80.2178421021,75609,75619,10
12.9855804443,80.217880249,75619,75629,10
12.9862298965,80.2180175781,75629,75639,10
12.9868097305,80.2181625366,75639,75649,10
12.9873104095,80.2182388306,75649,75660,11
12.9873199463,80.2182388306,75660,75670,10
12.9874401093,80.2180633545,75670,75680,10
12.9876003265,80.217590332,75680,75690,10
12.987830162,80.2169418335,75690,75700,10
12.9881000519,80.2162780762,75700,75710,10
12.988530159,80.2156600952,75710,75720,10
12.9888896942,80.2151031494,75720,75730,10
12.9891796112,80.2146911621,75730,75740,10
12.9893598557,80.2147064209,75740,75750,10
12.9895200729,80.2147598267,75750,75771,21
12.9895200729,80.2147598267,75771,75781,10
12.9897203445,80.2148284912,75781,75791,10
12.9900903702,80.214881897,75791,75801,10
12.9905700684,80.21459198,75801,75811,10
12.9908103943,80.2143096924,75811,75821,10
12.9909601212,80.2138519287,75821,75831,10
12.9911003113,80.2132873535,75831,75841,10
12.9912595749,80.2127304077,75841,75852,11
12.9913101196,80.212677002,75852,75862,10
12.9914999008,80.2126998901,75862,75872,10
12.9919300079,80.2127838135,75872,75882,10
12.9924602509,80.2129516602,75882,75892,10
12.9927797318,80.2130432129,75892,75902,10
12.9928503036,80.2129364014,75902,75912,10
12.9928998947,80.2126617432,75912,75922,10
12.9930400848,80.2121963501,75922,75932,10
12.9931697845,80.2116470337,75932,75942,10
12.9933004379,80.2110595703,75942,75953,11
12.9934301376,80.2105636597,75953,75963,10
12.9935703278,80.2101593018,75963,75983,20
12.9935703278,80.2101593018,75983,75993,10
12.9937000275,80.2100830078,75993,76003,10
12.9939699173,80.2101135254,76003,76013,10
12.994310379,80.2101364136,76013,76023,10
12.9946203232,80.2101898193,76023,76033,10
12.9949998856,80.2102203369,76033,76044,11
12.9954099655,80.2102584839,76044,76054,10
12.9957704544,80.2102966309,76054,76064,10
12.9961004257,80.210319519,76064,76074,10
12.9963798523,80.210357666,76074,76084,10
12.9966402054,80.2104034424,76084,76094,10
12.9970998764,80.2104797363,76094,76155,61
12.9970998764,80.2104797363,76155,76165,10
12.9973497391,80.2102890015,76165,76175,10
12.9975004196,80.2099380493,76175,76191,16
12.9975595474,80.2097625732,76191,76203,12
12.9977798462,80.2093582153,76203,76213,10
12.9980297089,80.2091217041,76213,76223,10
12.9981002808,80.2088623047,76223,76231,8
12.9981002808,80.2086486816,76231,76244,13
12.9981603622,80.2082977295,76244,76254,10
12.9982500076,80.2078781128,76254,76264,10
12.9983301163,80.2074584961,76264,76285,21
12.9983301163,80.2074584961,76285,76295,10
12.9984197617,80.2074127197,76295,76305,10
12.9985799789,80.2074508667,76305,76315,10
12.9988203049,80.2074966431,76315,76336,21
12.9988203049,80.2074966431,76336,76346,10
12.9989204407,80.2075424194,76346,76356,10
12.9991703033,80.207572937,76356,76366,10
12.9995002747,80.207649231,76366,76376,10
13.0,80.2077636719,76376,76386,10
13.000459671,80.2078399658,76386,76396,10
13.0010204315,80.2080993652,76396,76406,10
13.0016803741,80.208442688,76406,76416,10
13.0022802353,80.2087631226,76416,76425,9
13.0028295517,80.2090606689,76425,76437,12
13.0034103394,80.2093811035,76437,76447,10
13.0034103394,80.209602356,76447,76457,10
13.0034399033,80.2098236084,76457,76467,10
13.0034999847,80.2100982666,76467,76477,10
13.0035800934,80.2105178833,76477,76487,10
13.0036296844,80.2108688354,76487,76497,10
13.0036802292,80.2113876343,76497,76507,10
13.0037698746,80.2119979858,76507,76517,10
13.0043401718,80.2122573853,76517,76528,11
13.0048303604,80.2125015259,76528,76538,10
13.0053396225,80.2127838135,76538,76548,10
13.0059499741,80.2128982544,76548,76558,10
13.0065803528,80.2127609253,76558,76568,10
13.0071201324,80.2128067017,76568,76578,10
13.0077600479,80.2130813599,76578,76598,20
13.0077600479,80.2130813599,76598,76608,10
13.0078296661,80.2131271362,76608,76618,10
13.008099556,80.2133026123,76618,76629,11
13.0085601807,80.2135620117,76629,76639,10
13.0089702606,80.2141265869,76639,76649,10
13.0093803406,80.2146911621,76649,76659,10
13.0095100403,80.2149429321,76659,76669,10
13.0098400116,80.2153015137,76669,76679,10
13.0102796555,80.2158203125,76679,76689,10
13.0106496811,80.216468811,76689,76699,10
13.0108699799,80.2170791626,76699,76709,10
13.0111703873,80.2177886963,76709,76719,10
13.0114202499,80.218536377,76719,76730,11
13.011759758,80.219543457,76730,76740,10
13.0120000839,80.2202987671,76740,76750,10
13.0122203827,80.2209320068,76750,76760,10
13.0124101639,80.2213821411,76760,76770,10
13.0126600266,80.2217330933,76770,76779,9
13.0129804611,80.2220993042,76779,76790,11
13.0133199692,80.2225189209,76790,76800,10
13.013710022,80.2230224609,76800,76810,10
13.0140304565,80.2234573364,76810,76821,11
13.0143098831,80.2237625122,76821,76831,10
13.0145702362,80.2240905762,76831,76841,10
13.0149202347,80.2245178223,76841,76851,10
13.0149803162,80.2246017456,76851,76861,10
13.0150499344,80.2247009277,76861,76871,10
13.015250206,80.224937439,76871,76881,10
13.0156002045,80.2251815796,76881,76891,10
13.016289711,80.2253265381,76891,76901,10
13.0170602798,80.2250823975,76901,76911,10
13.017829895,80.2247772217,76911,76922,11
13.0186901093,80.2244415283,76922,76932,10
13.0194301605,80.2244262695,76932,76941,9
13.0199203491,80.2247161865,76941,76952,11
13.0204200745,80.2250976563,76952,76962,10
13.0209503174,80.225479126,76962,76972,10
13.0213699341,80.2257919312,76972,76982,10
13.0218696594,80.2261581421,76982,76992,10
13.0221796036,80.2264175415,76992,77023,31
13.0221796036,80.2264175415,77023,77033,10
13.0222997665,80.2265472412,77033,77043,10
13.0227098465,80.2269134521,77043,77053,10
13.0231599808,80.2273406982,77053,77063,10
13.0235795975,80.2276992798,77063,77073,10
13.0240402222,80.2281417847,77073,77083,10
13.0242395401,80.2283630371,77083,77093,10
13.0244398117,80.2286682129,77093,77103,10
13.0247097015,80.2290725708,77103,77114,11
13.0250902176,80.2295913696,77114,77124,10
13.025560379,80.2302474976,77124,77134,10
13.0257997513,80.23072052,77134,77144,10
13.0259199142,80.2311019897,77144,77154,10
13.0260801315,80.2313995361,77154,77164,10
13.0266895294,80.2312393188,77164,77174,10
13.0274801254,80.2310180664,77174,77184,10
13.0281095505,80.2309188843,77184,77194,10
13.0283098221,80.2309112549,77194,77204,10
13.0285596848,80.2309036255,77204,77215,11
13.0291900635,80.2308502197,77215,77225,10
13.0295696259,80.2308120728,77225,77235,10
13.0302295685,80.2307662964,77235,77245,10
13.030790329,80.23072052,77245,77261,16
13.0316896439,80.2306365967,77261,77273,12
13.0325202942,80.2305679321,77273,77283,10
13.0332603455,80.230506897,77283,77293,10
13.0337495804,80.2304382324,77293,77303,10
13.0343198776,80.2303771973,77303,77324,21
13.0343198776,80.2303771973,77324,77334,10
13.0345201492,80.2303771973,77334,77344,10
13.0347204208,80.2303237915,77344,77354,10
13.0348701477,80.23021698,77354,77364,10
13.0350198746,80.2300186157,77364,77373,9
13.0348501205,80.2298812866,77373,77394,21
13.0348501205,80.2298812866,77394,77405,11
13.0346498489,80.2298431396,77405,77415,10
13.0342597961,80.2297821045,77415,77445,30
13.0340995789,80.2298583984,77445,77566,121
13.0340995789,80.2298583984,77566,77576,10
13.0340995789,80.2302398682,77576,78961,1385
13.0340995789,80.2302398682,78961,78971,10
13.0341501236,80.2302627563,78971,78981,10
13.0341501236,80.2304000854,78981,78991,10
13.0340099335,80.230506897,78991,79001,10
13.0337696075,80.230506897,79001,79011,10
13.0334196091,80.2305374146,79011,79021,10
13.0329704285,80.2305221558,79021,79031,10
13.0325603485,80.2305603027,79031,79041,10
13.0321598053,80.2306213379,79041,79052,11
13.0316400528,80.2306671143,79052,79061,9
13.0311403275,80.23072052,79061,79070,9
13.030790329,80.230758667,79070,79082,12
13.030380249,80.230796814,79082,79092,10
13.0297603607,80.2308578491,79092,79112,20
13.0297603607,80.2308578491,79112,79122,10
13.0295095444,80.2308731079,79122,79132,10
13.0291099548,80.2309036255,79132,79143,11
13.0285797119,80.2309494019,79143,79152,9
13.0280704498,80.2309875488,79152,79163,11
13.0276403427,80.2310409546,79163,79173,10
13.0276098251,80.2313690186,79173,79183,10
13.0276603699,80.2318572998,79183,79193,10
13.0277500153,80.2323913574,79193,79203,10
13.0277395248,80.2328262329,79203,79213,10
13.0272302628,80.2329101563,79213,79223,10
13.02684021,80.2329788208,79223,79254,31
13.02684021,80.2329788208,79254,79264,10
13.0266599655,80.2330093384,79264,79274,10
13.0263595581,80.2329788208,79274,79284,10
13.0261898041,80.2325592041,79284,79294,10
13.0260801315,80.2320404053,79294,79304,10
13.0259504318,80.2315597534,79304,79314,10
13.0257902145,80.2309799194,79314,79324,10
13.0254497528,80.2302703857,79324,79335,11
13.0249004364,80.2294921875,79335,79345,10
13.0244903564,80.2289581299,79345,79355,10
13.0240297318,80.2284011841,79355,79365,10
13.023639679,80.2279129028,79365,79375,10
13.0230998993,80.2275009155,79375,79395,20
13.0230998993,80.2275009155,79395,79405,10
13.0228700638,80.2273406982,79405,79415,10
13.0225801468,80.2270126343,79415,79425,10
13.0223503113,80.2267227173,79425,79436,11
13.0217695236,80.2262268066,79436,79446,10
13.0211400986,80.2257232666,79446,79455,9
13.0205602646,80.2253036499,79455,79466,11
13.0198001862,80.2248001099,79466,79476,10
13.0190496445,80.2245483398,79476,79486,10
13.0182104111,80.2247467041,79486,79496,10
13.0173597336,80.2251205444,79496,79506,10
13.0165300369,80.2254562378,79506,79516,10
13.0157899857,80.2257080078,79516,79526,10
13.0150203705,80.2260131836,79526,79537,11
13.0142002106,80.2263031006,79537,79557,20
13.0142002106,80.2263031006,79557,79573,16
13.0138196945,80.2264480591,79573,79585,12
13.0130596161,80.2267379761,79585,79595,10
13.0124397278,80.2269592285,79595,79605,10
13.0115299225,80.2273025513,79605,79615,10
13.01060009,80.2276992798,79615,79625,10
13.009759903,80.2279586792,79625,79636,11
13.0095796585,80.2273788452,79636,79645,9
13.0098304749,80.2267837524,79645,79656,11
13.0101699829,80.2260131836,79656,79666,10
13.0105600357,80.2251815796,79666,79676,10
13.0108699799,80.2244033813,79676,79686,10
13.0111103058,80.2235870361,79686,79696,10
13.0114803314,80.2227935791,79696,79706,10
13.0117301941,80.2220306396,79706,79716,10
13.0119400024,80.2214813232,79716,79727,11
13.0120601654,80.2211837769,79727,79737,10
13.0119695663,80.2206802368,79737,79747,10
13.011759758,80.2199630737,79747,79756,9
13.0115003586,80.2192230225,79756,79767,11
13.0111999512,80.2184066772,79767,79777,10
13.010840416,80.2174606323,79777,79787,10
13.0105400085,80.2166900635,79787,79797,10
13.0102300644,80.2161483765,79797,79807,10
13.0099201202,80.2154922485,79807,79817,10
13.0094995499,80.21484375,79817,79829,12
13.008939743,80.2141036987,79829,79839,10
13.0084695816,80.2135620117,79839,79849,10
13.0081195831,80.2133636475,79849,79869,20
13.0081195831,80.2133636475,79869,79879,10
13.0078897476,80.213218689,79879,79899,20
13.0078897476,80.213218689,79899,79909,10
13.0076704025,80.2130203247,79909,79920,11
13.0070800781,80.2128219604,79920,79930,10
13.0063495636,80.2127990723,79930,79940,10
13.0057201385,80.2130126953,79940,79950,10
13.005109787,80.212638855,79950,79960,10
13.0043697357,80.2122573853,79960,79971,11
13.0037202835,80.212020874,79971,79981,10
13.0036296844,80.2115402222,79981,79991,10
13.0036001205,80.2113571167,79991,80001,10
13.0035800934,80.2111587524,80001,80011,10
13.0035295486,80.2105865479,80011,80022,11
13.0034599304,80.2098464966,80022,80032,10
13.0034198761,80.2093963623,80032,80042,10
13.0030097961,80.2091522217,80042,80052,10
13.0023698807,80.2087936401,80052,80062,10
13.0016899109,80.2084274292,80062,80072,10
13.0009002686,80.2080307007,80072,80082,10
13.0001802444,80.2077789307,80082,80092,10
12.9996995926,80.2077026367,80092,80102,10
12.9991598129,80.2075881958,80102,80113,11
12.9988803864,80.2075271606,80113,80123,10
12.9985103607,80.2074508667,80123,80143,20
12.9985103607,80.2074508667,80143,80153,10
12.9982995987,80.2074584961,80153,80163,10
12.9982795715,80.2076034546,80163,80173,10
12.9982404709,80.207862854,80173,80183,10
12.9981498718,80.2084732056,80183,80193,10
12.9980802536,80.2090377808,80193,80203,10
12.997759819,80.2094268799,80203,80214,11
12.9974899292,80.2100372314,80214,80224,10
12.9973402023,80.2103805542,80224,80234,10
12.997130394,80.2104797363,80234,80244,10
12.9970703125,80.2104797363,80244,80254,10
12.9967699051,80.2104187012,80254,80264,10
12.9962100983,80.210357666,80264,80274,10
12.9957103729,80.2103118896,80274,80284,10
12.9951696396,80.2102584839,80284,80294,10
12.9946203232,80.2102127075,80294,80305,11
12.9940004349,80.2101593018,80305,80315,10
12.9935798645,80.2102127075,80315,80325,10
12.9935398102,80.2103118896,80325,80335,10
12.9934797287,80.2104110718,80335,80345,10
12.9933795929,80.2108612061,80345,80355,10
12.9932203293,80.211517334,80355,80365,10
12.9930696487,80.2121200562,80365,80375,10
12.9929199219,80.2127532959,80375,80385,10
12.9928197861,80.2130508423,80385,80395,10
12.9928102493,80.2130584717,80395,80406,11
12.9925203323,80.2129821777,80406,80416,10
12.991979599,80.2128295898,80416,80426,10
12.9914398193,80.2126922607,80426,80436,10
12.9912700653,80.2129135132,80436,80446,10
12.9912700653,80.212928772,80446,80456,10
12.9911804199,80.2131729126,80456,80466,10
12.9910497665,80.2136764526,80466,80476,10
12.9908504486,80.2143707275,80476,80486,10
12.9903697968,80.2148284912,80486,80496,10
12.9897499084,80.2148590088,80496,80507,11
12.9892196655,80.2147216797,80507,80517,10
12.9890298843,80.2149505615,80517,80527,10
12.9890003204,80.2149810791,80527,80537,10
12.9888601303,80.2151412964,80537,80547,10
12.9886302948,80.2155532837,80547,80557,10
12.9883899689,80.2158889771,80557,80567,10
12.9880399704,80.2164382935,80567,80577,10
12.9878196716,80.2170562744,80577,80587,10
12.9876098633,80.2176513672,80587,80598,11
12.987449646,80.2181777954,80598,80614,16
12.9869403839,80.2183380127,80614,80636,22
12.9869403839,80.2183380127,80636,80645,9
12.9866895676,80.2182388306,80645,80656,11
12.9858999252,80.2180633545,80656,80666,10
12.9850101471,80.2179794312,80666,80676,10
12.9839601517,80.2179870605,80676,80707,31
12.9839601517,80.2179870605,80707,80717,10
12.9835700989,80.2179870605,80717,80727,10
12.9828796387,80.2179870605,80727,80737,10
12.9821796417,80.2179794312,80737,80747,10
12.9814300537,80.2180404663,80747,80757,10
12.9805803299,80.2182998657,80757,80767,10
12.9799499512,80.2185516357,80767,80777,10
12.9792804718,80.2188262939,80777,80788,11
12.9787397385,80.2190628052,80788,80798,10
12.9781799316,80.2192993164,80798,80808,10
12.9773702621,80.2196273804,80808,80818,10
12.9764204025,80.2200317383,80818,80828,10
12.9756603241,80.2203826904,80828,80838,10
12.9754800797,80.2206878662,80838,80848,10
12.9757499695,80.221031189,80848,80878,30
12.9757499695,80.221031189,80878,80888,10
12.9759302139,80.2212219238,80888,80899,11
12.9762201309,80.2216262817,80899,80919,20
12.9762201309,80.2216262817,80919,80935,16
12.9764795303,80.222038269,80935,80947,12
12.9769201279,80.2227401733,80947,80957,10
12.977230072,80.2232589722,80957,80967,10
12.9778003693,80.2241973877,80967,80977,10
12.9782104492,80.2248382568,80977,80988,11
12.9785995483,80.2254562378,80988,80997,9
12.9786396027,80.2255096436,80997,81008,11
12.9788398743,80.2258682251,81008,81018,10
12.9791898727,80.2264785767,81018,81028,10
12.9796199799,80.2272109985,81028,81038,10
12.9800796509,80.2279586792,81038,81048,10
12.9804801941,80.2285995483,81048,81058,10
12.9808597565,80.2292480469,81058,81068,10
12.9811496735,80.2297363281,81068,81078,10
12.981590271,80.2303466797,81078,81089,11
12.9816999435,80.2305297852,81089,81099,10
12.9817495346,80.2306289673,81099,81109,10
12.9819297791,80.2311019897,81109,81119,10
12.9820404053,80.2318191528,81119,81135,16
12.9818601608,80.233001709,81135,81147,12
12.9815998077,80.2335968018,81147,81157,10
12.9815998077,80.2336120605,81157,81167,10
12.9813699722,80.2340164185,81167,81177,10
12.9812002182,80.2347488403,81177,81188,11
12.9812202454,80.2356796265,81188,81198,10
12.9812402725,80.2364120483,81198,81206,8
12.9812602997,80.2370910645,81206,81217,11
12.9812898636,80.2386398315,81217,81239,22
12.9812898636,80.2386398315,81239,81249,10
12.9812898636,80.2388000488,81249,81259,10
12.9813098907,80.2393493652,81259,81269,10
12.9813203812,80.2399520874,81269,81279,10
12.9813404083,80.2406921387,81279,81290,11
12.9813499451,80.2415313721,81290,81300,10
12.9813699722,80.2429733276,81300,81320,20
12.9813699722,80.2429733276,81320,81330,10
12.9813699722,80.243019104,81330,81340,10
12.9813699722,80.2432937622,81340,81350,10
12.9813404083,80.243888855,81350,81360,10
12.9812202454,80.2446975708,81360,81370,10
12.9810800552,80.2456436157,81370,81381,11
12.9809503555,80.2468795776,81381,81391,10
12.9808502197,80.248046875,81391,81401,10
12.9807596207,80.2491912842,81401,81411,10
12.9805803299,80.2503204346,81411,81421,10
12.9803199768,80.2512893677,81421,81431,10
12.9801397324,80.2520370483,81431,81441,10
12.9800596237,80.2523422241,81441,81451,10
12.9800596237,80.2523574829,81451,81461,10
12.9801197052,80.2525634766,81461,81472,11
12.9805297852,80.2526779175,81472,81482,10
12.9813203812,80.2526473999,81482,81491,9
12.9822797775,80.2526168823,81491,81502,11
12.9834699631,80.2525024414,81502,81512,10
12.984459877,80.252243042,81512,81522,10
12.9853096008,80.2519989014,81522,81532,10
12.9859304428,80.2518234253,81532,81542,10
12.9861097336,80.2517700195,81542,81552,10
12.9862699509,80.2517166138,81552,81573,21
12.9862699509,80.2517166138,81573,81583,10
12.9864196777,80.251701355,81583,81593,10
12.9866104126,80.2516479492,81593,81603,10
12.9868001938,80.2515869141,81603,81613,10
12.9871101379,80.2515029907,81613,81694,81
12.9871101379,80.2515029907,81694,81704,10
12.9871501923,80.2515106201,81704,81714,10
12.9873695374,80.251449585,81714,81724,10
12.9876499176,80.2513809204,81724,81734,10
12.9878702164,80.2515487671,81734,81744,10
12.9879903793,80.2521286011,81744,81754,10
12.9879398346,80.2529296875,81754,81765,11
12.9878396988,80.2540130615,81765,81775,10
12.9877595901,80.2548675537,81775,81785,10
12.9877099991,80.2553787231,81785,81795,10
12.9877004623,80.2555389404,81795,81805,10
12.9876804352,80.2558288574,81805,81815,10
12.9875898361,80.256187439,81815,81825,10
12.9875602722,80.2567672729,81825,81835,10
12.9875001907,80.2574768066,81835,81845,10
12.9874401093,80.2584609985,81845,81916,71
12.9874401093,80.2584609985,81916,81926,10
12.9871397018,80.2585906982,81926,82149,223
12.9871397018,80.2585906982,82149,82159,10
12.9870195389,80.2585983276,82159,82169,10
12.9868497849,80.2586212158,82169,82179,10
12.9867401123,80.2587585449,82179,82209,30
12.9867401123,80.2587585449,82209,82219,10
12.9867601395,80.259147644,82219,82240,21
12.9869003296,80.2590789795,82240,84553,2313
12.9870700836,80.2590179443,84553,84797,244
