13.0145397186,80.2257537842,19,5421,5402
13.0145397186,80.2257537842,5421,5431,10
13.0146598816,80.2256774902,5431,5867,436
13.0145902634,80.2256164551,5867,21589,15722
13.0145902634,80.2256164551,21589,21599,10
13.01445961,80.2258300781,21599,21609,10
13.0142803192,80.2258987427,21609,21619,10
13.0142602921,80.2260894775,21619,21710,91
13.0139799118,80.2263412476,21710,22701,991
13.0139799118,80.2263412476,22701,22711,10
13.0136699677,80.2264022827,22711,22722,11
13.0132703781,80.2265625,22722,22732,10
13.0127696991,80.2267608643,22732,22742,10
13.012260437,80.2269821167,22742,22752,10
13.0116996765,80.227180481,22752,22762,10
13.0110702515,80.227432251,22762,22772,10
13.0103797913,80.2276992798,22772,22782,10
13.0099000931,80.2278671265,22782,22792,10
13.0095796585,80.2276382446,22792,22802,10
13.0097103119,80.2272796631,22802,22812,10
13.0100402832,80.2266311646,22812,22821,9
13.0103502274,80.2258987427,22821,22834,13
13.0108098984,80.2248687744,22834,22844,10
13.0111303329,80.2240371704,22844,22854,10
13.0112895966,80.2235565186,22854,22865,11
13.011300087,80.2234191895,22865,22875,10
13.0114097595,80.2231521606,22875,22885,10
13.011639595,80.2226791382,22885,22893,8
13.0118103027,80.2221374512,22893,22905,12
13.0120897293,80.221321106,22905,22913,8
13.0121297836,80.2208786011,22913,22924,11
13.0118999481,80.2200775146,22924,22936,12
13.0115804672,80.2191467285,22936,22946,10
13.0113201141,80.2183609009,22946,22955,9
13.011059761,80.2176513672,22955,22966,11
13.0106601715,80.2167816162,22966,22972,6
13.0104398727,80.2163162231,22972,22985,13
13.0099601746,80.2154312134,22985,22996,11
13.0094995499,80.2147293091,22996,23005,9
13.0091199875,80.2142333984,23005,23015,10
13.0085000992,80.2135009766,23015,23045,30
13.0085000992,80.2135009766,23045,23057,12
13.0081796646,80.2132797241,23057,23067,10
13.0080604553,80.2132492065,23067,23077,10
13.0078001022,80.2130584717,23077,23087,10
13.0073299408,80.2128372192,23087,23097,10
13.006770134,80.2127609253,23097,23107,10
13.0061197281,80.2128982544,23107,23116,9
13.0055398941,80.2128219604,23116,23128,12
13.0047197342,80.2123336792,23128,23138,10
13.0039100647,80.2120895386,23138,23148,10
13.0032100677,80.2120819092,23148,23158,10
13.0025501251,80.2121505737,23158,23168,10
13.0023097992,80.2122421265,23168,23178,10
13.001950264,80.2124633789,23178,23188,10
13.0014295578,80.212852478,23188,23198,10
13.0009698868,80.2132415771,23198,23205,7
13.000579834,80.2135391235,23205,23219,14
12.999830246,80.2142562866,23219,23229,10
12.9993400574,80.2146377563,23229,23239,10
12.9990196228,80.2149124146,23239,23249,10
12.9985399246,80.2153091431,23249,23259,10
12.9979200363,80.2158203125,23259,23269,10
12.9975996017,80.2161178589,23269,23279,10
12.9972600937,80.216468811,23279,23289,10
12.9966497421,80.2165527344,23289,23299,10
12.9958696365,80.2166900635,23299,23309,10
12.995059967,80.2170715332,23309,23320,11
12.9942903519,80.217628479,23320,23330,10
12.9935998917,80.2181015015,23330,23340,10
12.9928503036,80.2186279297,23340,23350,10
12.9920797348,80.2192230225,23350,23360,10
12.9913396835,80.2197265625,23360,23370,10
12.99077034,80.2201690674,23370,23380,10
12.9900903702,80.2207489014,23380,23390,10
12.9894599915,80.2214508057,23390,23400,10
12.9889001846,80.2221679688,23400,23410,10
12.9882497787,80.2228088379,23410,23421,11
12.9875297546,80.2230911255,23421,23431,10
12.9869203568,80.2230072021,23431,23441,10
12.986289978,80.2229614258,23441,23451,10
12.9856395721,80.2231521606,23451,23461,10
12.9851398468,80.2232131958,23461,23471,10
12.9845104218,80.22290802,23471,23481,10
12.9839296341,80.2225799561,23481,23491,10
12.9837198257,80.2224731445,23491,23501,10
12.9833097458,80.2222290039,23501,23511,10
12.9832296371,80.2221832275,23511,23522,11
12.9828596115,80.2219696045,23522,23532,10
12.9822998047,80.2217712402,23532,23542,10
12.9817895889,80.2214584351,23542,23552,10
12.9811697006,80.2211227417,23552,23562,10
12.9804096222,80.2210769653,23562,23572,10
12.9795999527,80.2211532593,23572,23582,10
12.9787197113,80.221206665,23582,23592,10
12.9778699875,80.2212219238,23592,23602,10
12.9770402908,80.2211990356,23602,23613,11
12.9761695862,80.2212600708,23613,23623,10
12.9763097763,80.2216491699,23623,23633,10
12.9763698578,80.2217483521,23633,23643,10
12.9764499664,80.2219467163,23643,23653,10
12.9767303467,80.2224197388,23653,23663,10
12.9771299362,80.2231216431,23663,23673,10
12.9775896072,80.2238693237,23673,23683,10
12.9780902863,80.2246627808,23683,23693,10
12.9785404205,80.2253875732,23693,23703,10
12.9790296555,80.2261962891,23703,23714,11
12.9795799255,80.227142334,23714,23724,10
12.9800596237,80.2279281616,23724,23734,10
12.9805002213,80.2286605835,23734,23744,10
12.9808502197,80.2292785645,23744,23754,10
12.9812602997,80.2299423218,23754,23766,12
12.9818000793,80.2308502197,23766,23776,10
12.9820299149,80.2317886353,23776,23786,10
12.9819698334,80.2327575684,23786,23795,9
12.9816598892,80.2334671021,23795,23805,10
12.981300354,80.2342224121,23805,23815,10
12.9812297821,80.2350387573,23815,23827,12
12.9812602997,80.2361297607,23827,23837,10
12.981300354,80.2371292114,23837,23847,10
12.9813203812,80.2379837036,23847,23857,10
12.9813404083,80.2386779785,23857,23865,8
12.9813404083,80.2388687134,23865,23876,11
12.9813499451,80.2395095825,23876,23886,10
12.9813699722,80.2403030396,23886,23896,10
12.9813899994,80.2410964966,23896,23906,10
12.9813899994,80.2418670654,23906,23918,12
12.9814100266,80.2425918579,23918,23928,10
12.9814100266,80.2426834106,23928,23938,10
12.9813995361,80.2428207397,23938,23948,10
12.9813899994,80.2432937622,23948,23958,10
12.9813299179,80.2439575195,23958,23968,10
12.9812097549,80.2448196411,23968,23978,10
12.9810800552,80.2458114624,23978,23988,10
12.9809598923,80.2469024658,23988,23998,10
12.9808797836,80.2480316162,23998,24008,10
12.980799675,80.2491607666,24008,24019,11
12.9805803299,80.2503967285,24019,24029,10
12.9802904129,80.2515029907,24029,24039,10
12.9801101685,80.2521820068,24039,24049,10
12.980099678,80.2523574829,24049,24059,10
12.9802503586,80.2525787354,24059,24069,10
12.9806900024,80.2526626587,24069,24079,10
12.9814500809,80.2526626587,24079,24089,10
12.9824199677,80.2526321411,24089,24099,10
12.983499527,80.2525100708,24099,24109,10
12.9846000671,80.2522277832,24109,24120,11
12.9857797623,80.2518997192,24120,24130,10
12.9867296219,80.251663208,24130,24140,10
12.9872398376,80.2515182495,24140,24150,10
12.9876098633,80.251411438,24150,24160,10
12.9878797531,80.2514724731,24160,24170,10
12.9880104065,80.2519683838,24170,24178,8
12.9880800247,80.2522888184,24178,24190,12
12.9880599976,80.2524871826,24190,24200,10
12.9879598618,80.2531509399,24200,24211,11
12.9878702164,80.2541503906,24211,24221,10
12.9877901077,80.2548904419,24221,24231,10
12.9877796173,80.255027771,24231,24241,10
12.9877195358,80.2554931641,24241,24251,10
12.9876203537,80.2561416626,24251,24261,10
12.9875802994,80.2567672729,24261,24271,10
12.9874897003,80.2574768066,24271,24281,10
12.9874401093,80.2583999634,24281,24291,10
12.9873399734,80.2591934204,24291,24301,10
12.9872903824,80.2592697144,24301,24312,11
12.9872999191,80.2594909668,24312,24342,30
12.9872999191,80.2594909668,24342,24352,10
12.9870595932,80.2595825195,24352,24362,10
12.986700058,80.2595672607,24362,25192,830
12.9865903854,80.2592163086,25192,25273,81
12.9865903854,80.2592163086,25273,25283,10
12.9866800308,80.2590408325,25283,25293,10
12.9869403839,80.2591018677,25293,25324,31
12.9869403839,80.2591018677,25324,25334,10
12.9871501923,80.2591400146,25334,25344,10
12.9873104095,80.2590332031,25344,25354,10
12.9873304367,80.2588577271,25354,25364,10
12.9873504639,80.2585296631,25364,25374,10
12.9873895645,80.2580108643,25374,25384,10
12.9874897003,80.2573013306,25384,25394,10
12.9875497818,80.2565231323,25394,25404,10
12.9876098633,80.2557983398,25404,25415,11
12.987739563,80.255241394,25415,25425,10
12.9878101349,80.2544631958,25425,25435,10
12.9878797531,80.2535324097,25435,25445,10
12.9879398346,80.2525177002,25445,25455,10
12.987859726,80.2518234253,25455,25465,10
12.9878196716,80.251701355,25465,25475,10
12.9874401093,80.2516174316,25475,25485,10
12.9867801666,80.2517318726,25485,25495,10
12.9859199524,80.2519226074,25495,25505,10
12.9849004745,80.2521820068,25505,25516,11
12.9836597443,80.2525100708,25516,25526,10
12.9824895859,80.2526473999,25526,25536,10
12.9813604355,80.2526779175,25536,25547,11
12.980219841,80.2527236938,25547,25555,8
12.9799203873,80.2527008057,25555,25596,41
12.9799203873,80.2527008057,25596,25607,11
12.9798898697,80.2525863647,25607,25618,11
12.9799098969,80.2522277832,25618,25628,10
12.9799499512,80.2521133423,25628,25637,9
12.9800796509,80.251701355,25637,25647,10
12.9803304672,80.2509384155,25647,25657,10
12.9805803299,80.2500076294,25657,25668,11
12.9807395935,80.248840332,25668,25678,10
12.9808197021,80.2477416992,25678,25687,9
12.9809103012,80.2467422485,25687,25698,11
12.9810495377,80.2454681396,25698,25707,9
12.9811697006,80.2444229126,25707,25719,12
12.9812698364,80.2436065674,25719,25729,10
12.9813499451,80.2431564331,25729,25739,10
12.9813899994,80.2425384521,25739,25749,10
12.9813804626,80.2418899536,25749,25759,10
12.9813995361,80.2410507202,25759,25769,10
12.9813804626,80.2400970459,25769,25779,10
12.9813604355,80.2391815186,25779,25789,10
12.9813299179,80.2382583618,25789,25799,10
12.9813404083,80.2378082275,25799,25810,11
12.9813098907,80.237121582,25810,25820,10
12.9812898636,80.2362213135,25820,25830,10
12.9812498093,80.2352294922,25830,25840,10
12.9812803268,80.2342605591,25840,25850,10
12.9815597534,80.233543396,25850,25860,10
12.9816799164,80.2333068848,25860,25870,10
12.9818201065,80.233001709,25870,25880,10
12.982000351,80.232421875,25880,25890,10
12.9820098877,80.2318115234,25890,25900,10
12.9819602966,80.2312698364,25900,25911,11
12.9817399979,80.2307281494,25911,25921,10
12.9813699722,80.2301101685,25921,25931,10
12.9809598923,80.2294692993,25931,25941,10
12.9807796478,80.2290725708,25941,25951,10
12.9803800583,80.2284011841,25951,25961,10
12.9798898697,80.2275924683,25961,25971,10
12.9793596268,80.2267227173,25971,25981,10
12.9788503647,80.2258682251,25981,25991,10
12.9783802032,80.2250823975,25991,26001,10
12.9780702591,80.2245788574,26001,26012,11
12.977689743,80.2240066528,26012,26022,10
12.9769601822,80.2227783203,26022,26042,20
12.9769601822,80.2227783203,26042,26052,10
12.9769802094,80.2227096558,26052,26062,10
12.9770698547,80.2226867676,26062,26072,10
12.9772901535,80.2226715088,26072,26082,10
12.9775104523,80.2225265503,26082,26092,10
12.977519989,80.2223129272,26092,26102,10
12.9775400162,80.2220001221,26102,26113,11
12.9774904251,80.2213897705,26113,26123,10
12.976940155,80.2213134766,26123,26355,232
12.9767999649,80.2211380005,26355,26466,111
12.9767999649,80.2211380005,26466,26476,10
12.9766902924,80.2211914063,26476,26486,10
12.9763698578,80.2212219238,26486,26496,10
12.9763498306,80.2216873169,26496,26518,22
12.9763498306,80.2216873169,26518,26526,8
12.9763698578,80.221862793,26526,26536,10
12.9765300751,80.2222137451,26536,26545,9
12.9767999649,80.2226333618,26545,26556,11
12.9771699905,80.2231674194,26556,26568,12
12.9776601791,80.2239532471,26568,26576,8
12.9780101776,80.2244796753,26576,26588,12
12.9784898758,80.2252578735,26588,26598,10
12.978969574,80.2260818481,26598,26607,9
12.9793996811,80.2267913818,26607,26617,10
12.9798603058,80.2275238037,26617,26627,10
12.9803495407,80.2283477783,26627,26639,12
12.9808397293,80.2292022705,26639,26649,10
12.9811897278,80.2297363281,26649,26657,8
12.9815502167,80.2302932739,26657,26667,10
12.9817304611,80.2305603027,26667,26677,10
12.9818401337,80.2308197021,26677,26687,10
12.9820098877,80.2314071655,26687,26697,10
12.9820404053,80.2321777344,26697,26710,13
12.9817695618,80.2332077026,26710,26720,10
12.981470108,80.2338180542,26720,26730,10
12.9812202454,80.2346115112,26730,26740,10
12.9812402725,80.2355422974,26740,26750,10
12.9812602997,80.2365036011,26750,26760,10
12.981300354,80.2374801636,26760,26770,10
12.9813299179,80.2384185791,26770,26780,10
12.9813404083,80.2386779785,26780,26790,10
12.9813404083,80.2390670776,26790,26800,10
12.9813604355,80.2397766113,26800,26811,11
12.9813699722,80.2406997681,26811,26821,10
12.9813804626,80.2416381836,26821,26831,10
12.9813995361,80.2425613403,26831,26841,10
12.9813899994,80.2427978516,26841,26851,10
12.9813899994,80.2431564331,26851,26861,10
12.9813499451,80.2438430786,26861,26871,10
12.9812402725,80.244720459,26871,26881,10
12.9811201096,80.2456970215,26881,26891,10
12.981010437,80.2467498779,26891,26901,10
12.980919838,80.2478485107,26901,26910,9
12.9808502197,80.248840332,26910,26955,45
12.9801101685,80.2524032593,26955,26965,10
12.9803800583,80.2526321411,26965,26975,10
12.9809598923,80.2526321411,26975,26985,10
12.9817495346,80.2526016235,26985,26995,10
12.9827203751,80.2525634766,26995,27005,10
12.9838199615,80.2523803711,27005,27016,11
12.9850597382,80.2520675659,27016,27026,10
12.9861497879,80.2518005371,27026,27036,10
12.9874801636,80.251449585,27036,27147,111
12.9874801636,80.251449585,27147,27157,10
12.9875402451,80.2514190674,27157,27167,10
12.9878396988,80.2514572144,27167,27177,10
12.9879999161,80.2520370483,27177,27187,10
12.9879703522,80.2529220581,27187,27198,11
12.9878797531,80.2539672852,27198,27207,9
12.9877996445,80.2548522949,27207,27217,10
12.9877300262,80.2555923462,27217,27268,51
12.9877300262,80.2555923462,27268,27278,10
12.9877004623,80.2557830811,27278,27288,10
12.9876098633,80.256187439,27288,27298,10
12.9875602722,80.2568969727,27298,27308,10
12.9875001907,80.2577590942,27308,27320,12
12.9874401093,80.2586898804,27320,27330,10
12.9872503281,80.259552002,27330,27350,20
12.9872503281,80.259552002,27350,27360,10
12.9871101379,80.2596130371,27360,27370,10
12.9869804382,80.2595825195,27370,27380,10
12.9869403839,80.2595672607,27380,27390,10
12.9866800308,80.2595291138,27390,27431,41
12.9866399765,80.2591171265,27431,27532,101
12.9870195389,80.2590789795,27532,27592,60
12.9870195389,80.2590789795,27592,27602,10
12.9873895645,80.2588882446,27602,27613,11
12.9874401093,80.2583007813,27613,27623,10
12.9875001907,80.2576065063,27623,27633,10
12.9875602722,80.256729126,27633,27643,10
12.9876098633,80.2558517456,27643,27653,10
12.9877195358,80.2551879883,27653,27663,10
12.9877195358,80.2550735474,27663,27673,10
12.9877195358,80.2549667358,27673,27683,10
12.9877796173,80.2544937134,27683,27693,10
12.9878501892,80.2536773682,27693,27703,10
12.9879198074,80.2527313232,27703,27714,11
12.9878501892,80.2518310547,27714,27724,10
12.9877901077,80.251701355,27724,27734,10
12.987449646,80.2516174316,27734,27744,10
12.9871397018,80.2516708374,27744,27754,10
12.986700058,80.2517700195,27754,27764,10
12.9863901138,80.2518463135,27764,27774,10
12.9857501984,80.2519836426,27774,27784,10
12.9848499298,80.2522125244,27784,27794,10
12.9837903976,80.2524871826,27794,27805,11
12.9826402664,80.2526702881,27805,27815,10
12.9816198349,80.2527008057,27815,27825,10
12.9802598953,80.2527313232,27825,27855,30
12.9802598953,80.2527313232,27855,27865,10
12.9801902771,80.2527770996,27865,27875,10
12.9800100327,80.2527618408,27875,27885,10
12.9798803329,80.2526626587,27885,27895,10
12.9798603058,80.2523498535,27895,27906,11
12.9798803329,80.2522888184,27906,27916,10
12.9799499512,80.2519989014,27916,27926,10
12.9801397324,80.2514419556,27926,27936,10
12.9803695679,80.2506103516,27936,27946,10
12.9806003571,80.2496566772,27946,27955,9
12.9806995392,80.2487182617,27955,27967,12
12.9807901382,80.2474212646,27967,27977,10
12.9808998108,80.246307373,27977,27987,10
12.9810400009,80.2451324463,27987,27997,10
12.9811401367,80.244140625,27997,28007,10
12.981180191,80.2438583374,28007,28019,12
12.9812498093,80.2436599731,28019,28027,8
12.9813203812,80.2434387207,28027,28037,10
12.9813499451,80.2427978516,28037,28067,30
12.9813499451,80.2427978516,28067,28076,9
12.9813804626,80.2426300049,28076,28088,12
12.9813699722,80.2421264648,28088,28099,11
12.9813604355,80.241317749,28099,28108,9
12.9813604355,80.240562439,28108,28120,12
12.9813299179,80.2396774292,28120,28128,8
12.9813098907,80.2390899658,28128,28138,10
12.9812898636,80.238067627,28138,28160,22
12.9812898636,80.238067627,28160,28170,10
12.9812803268,80.237953186,28170,28180,10
12.9812803268,80.2375335693,28180,28190,10
12.9812498093,80.2368011475,28190,28197,7
12.9812402725,80.2361679077,28197,28211,14
12.9812002182,80.23487854,28211,28221,10
12.9813404083,80.2340011597,28221,28231,10
12.9816703796,80.233291626,28231,28251,20
12.9816703796,80.233291626,28251,28261,10
12.9817304611,80.2331924438,28261,28271,10
12.9819002151,80.2328033447,28271,28281,10
12.9820203781,80.2323303223,28281,28291,10
12.9819898605,80.2319488525,28291,28301,10
12.9819402695,80.2313766479,28301,28312,11
12.9816999435,80.2306900024,28312,28322,10
12.9813098907,80.2300415039,28322,28332,10
12.980919838,80.2294082642,28332,28342,10
12.9805803299,80.2288970947,28342,28362,20
12.9805803299,80.2288970947,28362,28372,10
12.9805297852,80.2288284302,28372,28382,10
12.9803695679,80.228553772,28382,28392,10
12.9801902771,80.2281494141,28392,28403,11
12.9798603058,80.2276000977,28403,28413,10
12.9794998169,80.2270126343,28413,28423,10
12.9791002274,80.226348877,28423,28433,10
12.9786396027,80.2255935669,28433,28443,10
12.9781799316,80.2248382568,28443,28453,10
12.9778795242,80.2244415283,28453,28463,10
12.9776296616,80.2240066528,28463,28473,10
12.9773197174,80.2235031128,28473,28483,10
12.9769802094,80.2229385376,28483,28493,10
12.9771604538,80.2227172852,28493,28514,21
12.9771604538,80.2227172852,28514,28524,10
12.9773197174,80.2226867676,28524,28534,10
12.9774303436,80.2226715088,28534,28544,10
12.9775295258,80.2225875854,28544,28554,10
12.9775295258,80.2222290039,28554,28564,10
12.9774999619,80.2216415405,28564,28574,10
12.9774799347,80.2213287354,28574,28584,10
12.9776802063,80.2212524414,28584,28594,10
12.9781198502,80.2212371826,28594,28605,11
12.9788999557,80.2211685181,28605,28615,10
12.9795198441,80.2210998535,28615,28625,10
12.9801597595,80.2210617065,28625,28635,10
12.980919838,80.221031189,28635,28645,10
12.9815502167,80.221282959,28645,28655,10
12.9820804596,80.2216491699,28655,28665,10
12.9827404022,80.221862793,28665,28675,10
12.9828500748,80.2219009399,28675,28685,10
12.9829597473,80.2219467163,28685,28695,10
12.9832601547,80.2221832275,28695,28706,11
12.983830452,80.2225570679,28706,28716,10
12.9844503403,80.22290802,28716,28726,10
12.9850997925,80.2232513428,28726,28736,10
12.9856100082,80.2231674194,28736,28746,10
12.9864397049,80.2229919434,28746,28775,29
12.9864397049,80.2229919434,28775,28786,11
12.9868001938,80.2229995728,28786,28796,10
12.9872303009,80.2230682373,28796,28807,11
12.9878196716,80.2229919434,28807,28817,10
12.9883899689,80.2225494385,28817,28827,10
12.9889497757,80.2219924927,28827,28837,10
12.9893598557,80.2213363647,28837,28847,10
12.9902296066,80.2204666138,28847,28877,30
12.9902296066,80.2204666138,28877,28887,10
12.9905004501,80.2202682495,28887,28897,10
12.9909000397,80.2199478149,28897,28908,11
12.9914703369,80.2194824219,28908,28918,10
12.9920701981,80.2190933228,28918,28928,10
12.9927501678,80.2186279297,28928,28938,10
12.9934997559,80.2180709839,28938,28948,10
12.9941501617,80.2176132202,28948,28958,10
12.9947004318,80.2171783447,28958,28969,11
12.9952602386,80.2168273926,28969,28978,9
12.9959001541,80.2166213989,28978,28988,10
12.9967098236,80.2164993286,28988,29000,12
12.9975595474,80.2160873413,29000,29018,18
12.9975595474,80.2160873413,29018,29028,10
12.997879982,80.2158203125,29028,29040,12
12.998459816,80.2153091431,29040,29049,9
12.9990100861,80.2148513794,29049,29059,10
12.9993095398,80.2145614624,29059,29069,10
12.9997596741,80.2141876221,29069,29079,10
13.0002298355,80.2137832642,29079,29090,11
13.0008602142,80.213218689,29090,29099,9
13.0014200211,80.2127914429,29099,29111,12
13.0022201538,80.2122573853,29111,29119,8
13.0027103424,80.2120895386,29119,29129,10
13.0033397675,80.2120513916,29129,29139,10
13.0039396286,80.2119979858,29139,29149,10
13.0045499802,80.2122421265,29149,29159,10
13.0050601959,80.2126083374,29159,29169,10
13.0058803558,80.2129211426,29169,29179,10
13.0065402985,80.2127075195,29179,29189,10
13.0069198608,80.2127380371,29189,29202,13
13.0078601837,80.2130813599,29202,29232,30
13.0078601837,80.2130813599,29232,29242,10
13.0082502365,80.2133026123,29242,29252,10
13.0086898804,80.2136077881,29252,29262,10
13.0091695786,80.2142410278,29262,29272,10
13.0096702576,80.2149734497,29272,29282,10
13.0101995468,80.2156066895,29282,29292,10
13.010720253,80.2163009644,29292,29303,11
13.0109195709,80.2169876099,29303,29313,10
13.0112695694,80.2178115845,29313,29323,10
13.0116996765,80.2189407349,29323,29333,10
13.0121097565,80.2202072144,29333,29341,8
13.0124397278,80.2211227417,29341,29353,12
13.0129003525,80.2219619751,29353,29363,10
13.0135097504,80.2226028442,29363,29373,10
13.013999939,80.2232589722,29373,29383,10
13.0143003464,80.2236480713,29383,29393,10
13.0145597458,80.2240371704,29393,29404,11
13.0150299072,80.2245178223,29404,29414,10
13.0153598785,80.2248687744,29414,29424,10
13.0156297684,80.2250671387,29424,29434,10
13.0156402588,80.2250900269,29434,29444,10
13.0157499313,80.2252120972,29444,29454,10
13.0161895752,80.2253570557,29454,29464,10
13.0167999268,80.2252197266,29464,29474,10
13.0175600052,80.2249069214,29474,29484,10
13.0184297562,80.2245635986,29484,29494,10
13.0192298889,80.2243499756,29494,29505,11
13.0194301605,80.2243728638,29505,29515,10
13.0196695328,80.2244415283,29515,29525,10
13.0200901031,80.2247390747,29525,29535,10
13.0206804276,80.2251815796,29535,29545,10
13.0213003159,80.2256622314,29545,29555,10
13.0219202042,80.2260818481,29555,29565,10
13.022069931,80.2261962891,29565,29575,10
13.022069931,80.2262191772,29575,29585,10
13.022359848,80.2264785767,29585,29595,10
13.0228595734,80.2269287109,29595,29606,11
13.0234098434,80.2274475098,29606,29616,10
13.0237903595,80.2277832031,29616,29626,10
13.0241098404,80.2281265259,29626,29636,10
13.0245199203,80.2286376953,29636,29646,10
13.0248003006,80.2290420532,29646,29656,10
13.0251598358,80.2295074463,29656,29666,10
13.0256004333,80.2301101685,29666,29676,10
13.0259799957,80.2308425903,29676,29717,41
13.0259799957,80.2308425903,29717,29727,10
13.0260400772,80.2312164307,29727,29737,10
13.0261497498,80.2313919067,29737,29747,10
13.0266199112,80.2312774658,29747,29757,10
13.0274295807,80.2310562134,29757,29767,10
13.0282402039,80.2309188843,29767,29777,10
13.0285100937,80.2308807373,29777,29787,10
13.0288095474,80.2308502197,29787,29797,10
13.0293598175,80.230796814,29797,29838,41
13.0293598175,80.230796814,29838,29848,10
13.0296096802,80.2308197021,29848,29858,10
13.0301399231,80.2307662964,29858,29868,10
13.0307102203,80.23072052,29868,29878,10
13.0311603546,80.230682373,29878,29888,10
13.0318899155,80.2306213379,29888,29898,10
13.0327596664,80.2305297852,29898,29909,11
13.0337095261,80.2304611206,29909,29919,10
13.034239769,80.2304077148,29919,29929,10
13.0347204208,80.2302780151,29929,29959,30
13.0347204208,80.2302780151,29959,29969,10
13.034819603,80.2302703857,29969,29980,11
13.0349798203,80.2301330566,29980,29989,9
13.034819603,80.2299194336,29989,30091,102
13.0344696045,80.229927063,30091,30566,475
13.0344400406,80.2298431396,30566,30728,162
13.0344104767,80.2298126221,30728,30894,166
13.0343704224,80.2298126221,30894,31232,338
13.0343704224,80.2298126221,31232,31242,10
13.0342302322,80.2301864624,31242,31252,10
13.0342102051,80.2303009033,31252,31262,10
13.0340995789,80.2304382324,31262,31272,10
13.0338602066,80.2304534912,31272,31282,10
13.033370018,80.2305221558,31282,31292,10
13.0327701569,80.2305603027,31292,31302,10
13.0321798325,80.2306289673,31302,31312,10
13.0315904617,80.2306900024,31312,31323,11
13.0312204361,80.2306976318,31323,31333,10
13.0309896469,80.23072052,31333,31343,10
13.0306596756,80.2307434082,31343,31353,10
13.0301704407,80.2308120728,31353,31363,10
13.0298299789,80.2308731079,31363,31373,10
13.029709816,80.2308807373,31373,31393,20
13.029709816,80.2308807373,31393,31403,10
13.0293903351,80.2309188843,31403,31413,10
13.0288696289,80.23097229,31413,31424,11
13.0282096863,80.2310333252,31424,31434,10
13.0277900696,80.2311096191,31434,31444,10
13.0277299881,80.2315826416,31444,31454,10
13.0277996063,80.2322616577,31454,31464,10
13.0278701782,80.2327423096,31464,31474,10
13.0278701782,80.2327575684,31474,31484,10
13.0276899338,80.2328414917,31484,31493,9
13.0274200439,80.2328796387,31493,31504,11
13.0269699097,80.2329483032,31504,31565,61
13.0269699097,80.2329483032,31565,31575,10
13.02684021,80.2329483032,31575,31585,10
13.0264797211,80.2329711914,31585,31595,10
13.0262403488,80.2324066162,31595,31605,10
13.0260696411,80.2317581177,31605,31615,10
13.0259199142,80.2312011719,31615,31626,11
13.0254898071,80.2302093506,31626,31636,10
13.0249700546,80.2294998169,31636,31646,10
13.0246095657,80.229057312,31646,31676,30
13.0246095657,80.229057312,31676,31686,10
13.0244998932,80.2288970947,31686,31687,1
13.024479866,80.2288665771,31687,31716,29
13.0226097107,80.226890564,31716,31757,41
13.0202999115,80.2250900269,31757,31795,38
13.019080162,80.2244873047,31795,31826,31
13.0162000656,80.2255630493,31826,31858,32
13.0162000656,80.2255630493,31858,31877,19
13.0149402618,80.2260437012,31877,31888,11
13.0142602921,80.2263183594,31888,31896,8
13.0141897202,80.226348877,31896,31906,10
13.0137701035,80.2264862061,31906,31916,10
13.0130796432,80.2267532349,31916,31929,13
13.0119600296,80.227142334,31929,31939,10
13.0110502243,80.2274780273,31939,31949,10
13.010140419,80.2278137207,31949,31959,10
13.0095500946,80.2276763916,31959,31969,10
13.0097799301,80.2270736694,31969,31979,10
13.0101604462,80.2262420654,31979,31989,10
13.0105104446,80.225440979,31989,31999,10
13.0108203888,80.2248001099,31999,32009,10
13.0113401413,80.2235336304,32009,32030,21
13.0113401413,80.2235336304,32030,32040,10
13.0113697052,80.2234725952,32040,32050,10
13.0115699768,80.2229309082,32050,32060,10
13.011879921,80.222038269,32060,32070,10
13.0121202469,80.2212905884,32070,32080,10
13.0120401382,80.2206878662,32080,32090,10
13.0117702484,80.2198104858,32090,32100,10
13.0114603043,80.2188491821,32100,32110,10
13.0111198425,80.2179107666,32110,32120,10
13.010720253,80.2169494629,32120,32131,11
13.0102300644,80.2160568237,32131,32141,10
13.0098199844,80.2152023315,32141,32151,10
13.0093898773,80.214630127,32151,32161,10
13.0087604523,80.2138290405,32161,32181,20
13.0087604523,80.2138290405,32181,32191,10
13.0086603165,80.2136993408,32191,32201,10
13.0085401535,80.2135620117,32201,32232,31
13.0085401535,80.2135620117,32232,32242,10
13.0082902908,80.2134170532,32242,32252,10
13.0082302094,80.213432312,32252,32262,10
13.0081300735,80.2134094238,32262,32272,10
13.0079898834,80.2133178711,32272,32282,10
13.007900238,80.213218689,32282,32292,10
13.0076904297,80.2130203247,32292,32302,10
13.007399559,80.2128677368,32302,32311,9
13.0072202682,80.2128295898,32311,32322,11
13.0069103241,80.2127609253,32322,32333,11
13.0065097809,80.2127380371,32333,32343,10
13.0060195923,80.2130126953,32343,32351,8
13.0055198669,80.2128295898,32351,32363,12
13.0048503876,80.2124328613,32363,32373,10
13.0043201447,80.2121810913,32373,32383,10
13.0038499832,80.2120819092,32383,32393,10
13.0035200119,80.2120895386,32393,32403,10
13.0029296875,80.2121429443,32403,32413,10
13.002530098,80.2121887207,32413,32423,10
13.0023097992,80.212272644,32423,32434,11
13.0018396378,80.2125778198,32434,32444,10
13.0014095306,80.2128677368,32444,32454,10
13.0009498596,80.213218689,32454,32464,10
13.0003595352,80.2137374878,32464,32474,10
12.999830246,80.2142181396,32474,32484,10
12.9993495941,80.2146224976,32484,32494,10
12.9990301132,80.2148895264,32494,32501,7
12.9987201691,80.2151412964,32501,32514,13
12.9982004166,80.2156066895,32514,32524,10
12.9980802536,80.2157287598,32524,32535,11
12.9977703094,80.2159881592,32535,32545,10
12.9976997375,80.2160415649,32545,32555,10
12.9975204468,80.2162017822,32555,32715,160
12.9975204468,80.2162017822,32715,32726,11
12.9973297119,80.216468811,32726,32736,10
12.9971399307,80.2165679932,32736,32746,10
12.9967699051,80.2165679932,32746,32758,12
12.9960203171,80.2167434692,32758,32767,9
12.9953098297,80.217010498,32767,32777,10
12.994720459,80.217376709,32777,32787,10
12.9941797256,80.2177200317,32787,32797,10
12.9937200546,80.2180175781,32797,32807,10
12.9930696487,80.2184906006,32807,32817,10
12.9925403595,80.2188491821,32817,32826,9
12.9918804169,80.2193222046,32826,32839,13
12.9910097122,80.2200012207,32839,32849,10
12.990940094,80.2200698853,32849,32859,10
12.9906597137,80.2202377319,32859,32869,10
12.9900798798,80.2206497192,32869,32877,8
12.9897899628,80.2210769653,32877,32889,12
12.9892101288,80.2217330933,32889,32899,10
12.988650322,80.222366333,32899,32909,10
12.9880800247,80.222869873,32909,32917,8
12.9877195358,80.2230606079,32917,32927,10
12.9876804352,80.2230682373,32927,32940,13
12.9873399734,80.2230377197,32940,32950,10
12.9871301651,80.2230224609,32950,32960,10
12.9867801666,80.2229385376,32960,32970,10
12.9861698151,80.2228927612,32970,32980,10
12.9855499268,80.2232131958,32980,32990,10
12.9851102829,80.223197937,32990,33000,10
12.9845104218,80.2229232788,33000,33010,10
12.9841003418,80.2227020264,33010,33020,10
12.9836902618,80.2224807739,33020,33031,11
12.9834804535,80.2223815918,33031,33041,10
12.9834804535,80.2223815918,33041,33065,24
12.9814195633,80.2212677002,33065,33105,40
12.9763202667,80.2220306396,33105,33333,228
12.9763202667,80.2220306396,33333,33357,24
12.9770698547,80.2230911255,33357,33367,10
12.9775400162,80.2238311768,33367,33377,10
12.9780101776,80.2245330811,33377,33387,10
12.9783296585,80.2250823975,33387,33397,10
12.9787797928,80.225769043,33397,33407,10
12.9791097641,80.2262878418,33407,33417,10
12.9792203903,80.2265014648,33417,33427,10
12.9793596268,80.2267303467,33427,33437,10
12.9795799255,80.2271194458,33437,33448,11
12.9799900055,80.2277603149,33448,33458,10
12.9804401398,80.2285385132,33458,33468,10
12.9806995392,80.2289810181,33468,33498,30
12.9806995392,80.2289810181,33498,33508,10
12.9808797836,80.2292480469,33508,33518,10
12.9809598923,80.2294006348,33518,33528,10
12.9812202454,80.2298126221,33528,33538,10
12.9816198349,80.2304077148,33538,33549,11
12.9817304611,80.2305984497,33549,33559,10
12.981880188,80.2309570313,33559,33569,10
12.9820203781,80.2315826416,33569,33579,10
12.982049942,80.2321472168,33579,33589,10
12.9820299149,80.232460022,33589,33599,10
12.9820098877,80.2326431274,33599,33609,10
12.9819602966,80.2327880859,33609,33619,10
12.981880188,80.2330169678,33619,33629,10
12.9817800522,80.233253479,33629,33639,10
12.9816598892,80.2335205078,33639,33650,11
12.9815702438,80.2336883545,33650,33660,10
12.9813404083,80.2341690063,33660,33670,10
12.9812402725,80.23487854,33670,33680,10
12.9812698364,80.2358016968,33680,33690,10
12.9812803268,80.2367401123,33690,33700,10
12.9813098907,80.2376022339,33700,33710,10
12.9813203812,80.2380371094,33710,33720,10
12.9813299179,80.2384033203,33720,33730,10
12.9813404083,80.2386779785,33730,33741,11
12.9813499451,80.2389602661,33741,33751,10
12.9813499451,80.2391586304,33751,33761,10
12.9813499451,80.2392883301,33761,33771,10
12.9813604355,80.2395401001,33771,33781,10
12.9813604355,80.2396774292,33781,33791,10
12.9813699722,80.239982605,33791,33801,10
12.9813804626,80.2405700684,33801,33811,10
12.9813899994,80.2412796021,33811,33821,10
12.9813899994,80.241897583,33821,33831,10
12.9814100266,80.2427597046,33831,33852,21
12.9814100266,80.2427597046,33852,33862,10
12.9813995361,80.2429580688,33862,33872,10
12.9813899994,80.2434768677,33872,33882,10
12.9812698364,80.2442169189,33882,33892,10
12.9811496735,80.2451171875,33892,33902,10
12.9810304642,80.246131897,33902,33912,10
12.980919838,80.2472076416,33912,33922,10
12.9808397293,80.2483596802,33922,33932,10
12.9807395935,80.2495498657,33932,33942,10
12.9804897308,80.2507171631,33942,33953,11
12.9801502228,80.2521896362,33953,33973,20
12.9801502228,80.2521896362,33973,33983,10
12.9802999496,80.2525787354,33983,34251,268
12.9807100296,80.2526321411,34251,34291,40
12.9830904007,80.2525177002,34291,34331,40
12.9839696884,80.2523498535,34331,34362,31
12.9841899872,80.2522888184,34362,34392,30
12.9842395782,80.2522735596,34392,34707,315
12.9842395782,80.2522735596,34707,34717,10
12.9843397141,80.2522201538,34717,34727,10
12.9847698212,80.2521133423,34727,34737,10
12.9852199554,80.2519836426,34737,34747,10
12.9856300354,80.2518692017,34747,34758,11
12.9860601425,80.2517700195,34758,34768,10
12.9864997864,80.2516784668,34768,34778,10
12.9869203568,80.2515716553,34778,34788,10
12.9871902466,80.2515029907,34788,34798,10
12.9873504639,80.2514419556,34798,34808,10
12.9877796173,80.2513580322,34808,34818,10
12.9879798889,80.2517471313,34818,34828,10
12.9880504608,80.2519683838,34828,34838,10
12.9880695343,80.2520828247,34838,34848,10
12.9880304337,80.2526397705,34848,34859,11
12.9879302979,80.2535018921,34859,34869,10
12.9878396988,80.2544708252,34869,34980,111
12.9878396988,80.2544708252,34980,34990,10
12.9879102707,80.2545623779,34990,35000,10
12.9878396988,80.2551498413,35000,35010,10
12.9877595901,80.2557907104,35010,35020,10
12.9876699448,80.256362915,35020,35030,10
12.987660408,80.256652832,35030,35040,10
12.9876499176,80.2569274902,35040,35050,10
12.9875802994,80.25756073,35050,35061,11
12.9875001907,80.2582778931,35061,35071,10
12.9874095917,80.2587127686,35071,35081,10
12.9872903824,80.2591400146,35081,35111,30
12.9872903824,80.2591400146,35111,35121,10
12.9872398376,80.2595214844,35121,35151,30
12.9869003296,80.2595977783,35151,35375,224
12.9869003296,80.2595977783,35375,35385,10
12.9868402481,80.2595596313,35385,35395,10
12.9866504669,80.2594833374,35395,35405,10
12.9865903854,80.2591781616,35405,35415,10
12.9867696762,80.2590637207,35415,35425,10
12.9870996475,80.2591171265,35425,35476,51
12.9870996475,80.2591171265,35476,35486,10
12.9874000549,80.2586975098,35486,35496,10
12.9874401093,80.2581863403,35496,35506,10
12.9874696732,80.2579421997,35506,35516,10
12.9874801636,80.2576065063,35516,35526,10
12.9875602722,80.2570419312,35526,35536,10
12.9876403809,80.2561569214,35536,35556,20
12.9876403809,80.2561569214,35556,35567,11
12.9876403809,80.2559432983,35567,35577,10
12.9877195358,80.2555999756,35577,35587,10
12.9877796173,80.255027771,35587,35597,10
12.9877796173,80.2548599243,35597,35607,10
12.9878396988,80.2543716431,35607,35617,10
12.9878797531,80.2536392212,35617,35627,10
12.9879198074,80.2528305054,35627,35637,10
12.9879398346,80.2523574829,35637,35870,233
12.9879398346,80.2523574829,35870,35880,10
12.987950325,80.2521209717,35880,35890,10
12.9878797531,80.2518081665,35890,35900,10
12.9877300262,80.2515869141,35900,35910,10
12.987449646,80.2515869141,35910,35920,10
12.9868602753,80.2516784668,35920,35930,10
12.9860801697,80.2518692017,35930,35940,10
12.9851799011,80.2520828247,35940,35950,10
12.98416996,80.2523498535,35950,35960,10
12.9831199646,80.2525863647,35960,35971,11
12.9819202423,80.2526473999,35971,35981,10
12.9808502197,80.2526779175,35981,35991,10
12.9802303314,80.2527236938,35991,36001,10
12.9800796509,80.2527313232,36001,36011,10
12.9799098969,80.252571106,36011,36021,10
12.9799098969,80.2523880005,36021,36031,10
12.9799098969,80.2522964478,36031,36041,10
12.9799804688,80.251991272,36041,36051,10
12.9801597595,80.251449585,36051,36061,10
12.9803800583,80.2506637573,36061,36072,11
12.980629921,80.2496490479,36072,36082,10
12.9807195663,80.2486801147,36082,36092,10
12.980799675,80.2476730347,36092,36102,10
12.980919838,80.2466125488,36102,36112,10
12.981010437,80.2455291748,36112,36122,10
12.9810495377,80.2450180054,36122,36142,20
12.9810495377,80.2450180054,36142,36152,10
12.9811096191,80.2448120117,36152,36182,30
12.9811096191,80.2448120117,36182,36192,10
12.9811201096,80.2445831299,36192,36253,61
12.9811201096,80.2445831299,36253,36262,9
12.9811601639,80.2441482544,36262,36303,41
12.9811601639,80.2441482544,36303,36313,10
12.9811601639,80.243927002,36313,36323,10
12.981180191,80.2437820435,36323,36333,10
12.9812602997,80.2436294556,36333,36344,11
12.9813299179,80.2433013916,36344,36364,20
12.9813299179,80.2433013916,36364,36376,12
12.9813499451,80.242980957,36376,36386,10
12.9813604355,80.2428436279,36386,36396,10
12.9813604355,80.2424697876,36396,36406,10
12.9813499451,80.2417831421,36406,36416,10
12.9813604355,80.2409591675,36416,36426,10
12.9813604355,80.2401580811,36426,36436,10
12.9813499451,80.2399902344,36436,36446,10
12.9813499451,80.2397994995,36446,36456,10
12.9813404083,80.2396774292,36456,36466,10
12.9813404083,80.2394866943,36466,36477,11
12.9813404083,80.2388534546,36477,36487,10
12.9813098907,80.238067627,36487,36507,20
12.9813098907,80.238067627,36507,36517,10
12.981300354,80.2376785278,36517,36527,10
12.9812803268,80.2371902466,36527,36537,10
12.9812602997,80.2363891602,36537,36547,10
12.9812297821,80.2354812622,36547,36557,10
12.9812002182,80.234588623,36557,36567,10
12.9814395905,80.2337112427,36567,36578,11
12.9816303253,80.233291626,36578,36588,10
12.9817895889,80.2329406738,36588,36598,10
12.9819698334,80.232421875,36598,36608,10
12.982000351,80.2319488525,36608,36618,10
12.9819898605,80.2314682007,36618,36628,10
12.9819002151,80.231010437,36628,36638,10
12.9816102982,80.2304382324,36638,36648,10
12.9811296463,80.2297210693,36648,36679,31
12.9811296463,80.2297210693,36679,36689,10
12.9809799194,80.2294311523,36689,36699,10
12.980890274,80.2293014526,36699,36709,10
12.9808797836,80.2292785645,36709,36719,10
12.9807701111,80.229133606,36719,36729,10
12.9805898666,80.2287979126,36729,36739,10
12.9803199768,80.2282714844,36739,36749,10
12.9799499512,80.2276611328,36749,36759,10
12.9795198441,80.2269668579,36759,36769,10
12.9791202545,80.22631073,36769,36780,11
12.9787197113,80.2256469727,36780,36790,10
12.9784898758,80.2252578735,36790,36800,10
12.9784603119,80.2251968384,36800,36810,10
12.9783401489,80.2250137329,36810,36820,10
12.9781703949,80.2247467041,36820,36830,10
12.9779701233,80.2244796753,36830,36840,10
12.9777297974,80.2240905762,36840,36850,10
12.9774303436,80.2235717773,36850,36860,10
12.9771203995,80.2230682373,36860,36870,10
12.9769897461,80.2228622437,36870,36881,11
12.9771795273,80.2226791382,36881,36901,20
12.9771795273,80.2226791382,36901,36911,10
12.977399826,80.22265625,36911,36921,10
12.9775104523,80.2224121094,36921,36931,10
12.9774999619,80.2219085693,36931,36941,10
12.9774799347,80.2213668823,36941,36951,10
12.9777498245,80.2212677002,36951,36961,10
12.9784202576,80.2212219238,36961,36970,9
12.9791603088,80.2211532593,36970,36982,12
12.9795503616,80.2211074829,36982,36992,10
12.9800596237,80.2210617065,36992,37002,10
12.9808301926,80.2209777832,37002,37012,10
12.9815797806,80.2212905884,37012,37022,10
12.9821195602,80.2216796875,37022,37032,10
12.9825897217,80.2218322754,37032,37042,10
12.9828596115,80.2219314575,37042,37052,10
12.9829797745,80.2219772339,37052,37062,10
12.9831399918,80.2220611572,37062,37072,10
12.9833803177,80.2222290039,37072,37083,11
12.9835700989,80.222366333,37083,37093,10
12.9837703705,80.2224807739,37093,37103,10
12.9842596054,80.2227478027,37103,37113,10
12.9848003387,80.2230987549,37113,37123,10
12.9853801727,80.2232666016,37123,37133,10
12.9858398438,80.2229766846,37133,37143,10
12.9863700867,80.2229385376,37143,37153,10
12.9864501953,80.2229385376,37153,37163,10
12.9868001938,80.2229919434,37163,37173,10
12.9872703552,80.2230377197,37173,37183,10
12.9877996445,80.2229995728,37183,37193,10
12.9883298874,80.2226486206,37193,37203,10
12.9885597229,80.2224502563,37203,37213,10
12.9887800217,80.2221679688,37213,37223,10
12.9892196655,80.2216567993,37223,37234,11
12.9898395538,80.2208404541,37234,37244,10
12.9903697968,80.2203598022,37244,37254,10
12.9904499054,80.2202911377,37254,37264,10
12.9908504486,80.2200012207,37264,37274,10
12.9913196564,80.2196273804,37274,37284,10
12.9917201996,80.2193374634,37284,37294,10
12.9923801422,80.2188720703,37294,37304,10
12.9931497574,80.2182998657,37304,37314,10
12.9937696457,80.2178497314,37314,37324,10
12.9941596985,80.2175674438,37324,37334,10
12.9942102432,80.2175369263,37334,37344,10
12.994310379,80.2174682617,37344,37354,10
12.9945602417,80.2173080444,37354,37364,10
12.9947795868,80.2171401978,37364,37377,13
12.9951400757,80.2169036865,37377,37387,10
12.9957799911,80.2166290283,37387,37397,10
12.9965400696,80.2164611816,37397,37407,10
12.997130394,80.2163925171,37407,37417,10
12.9971704483,80.2163772583,37417,37427,10
12.9972400665,80.2163467407,37427,37437,10
12.9973402023,80.2162322998,37437,37447,10
12.9973802567,80.2162017822,37447,37457,10
12.9976301193,80.216003418,37457,37467,10
12.9981002808,80.2155914307,37467,37474,7
12.9985198975,80.2152481079,37474,37488,14
12.9991598129,80.2147064209,37488,37498,10
12.9995498657,80.2143783569,37498,37508,10
12.9999799728,80.2139816284,37508,37518,10
13.0004997253,80.2135162354,37518,37528,10
13.0010595322,80.2130584717,37528,37538,10
13.0016002655,80.2126464844,37538,37548,10
13.0022001266,80.212272644,37548,37558,10
13.0027503967,80.2121124268,37558,37568,10
13.0033197403,80.2120666504,37568,37578,10
13.0039596558,80.2120132446,37578,37589,11
13.0047397614,80.2123336792,37589,37599,10
13.0054197311,80.2127380371,37599,37609,10
13.0061502457,80.2128219604,37609,37619,10
13.0068798065,80.2127304077,37619,37629,10
13.0074195862,80.2127914429,37629,37639,10
13.0077600479,80.2129516602,37639,37648,9
13.0078296661,80.2129974365,37648,37659,11
13.0079202652,80.2130889893,37659,37669,10
13.0080795288,80.2131881714,37669,37679,10
13.0085802078,80.2134170532,37679,37690,11
13.0091295242,80.2141799927,37690,37700,10
13.00963974,80.2148971558,37700,37710,10
13.0099897385,80.2153320313,37710,37720,10
13.0104503632,80.2158432007,37720,37730,10
13.0107803345,80.2165679932,37730,37740,10
13.0111103058,80.2173995972,37740,37750,10
13.0114603043,80.2182693481,37750,37760,10
13.0118103027,80.2192306519,37760,37767,7
13.0120201111,80.2199783325,37767,37780,13
13.0124197006,80.2211608887,37780,37791,11
13.0126304626,80.2216262817,37791,37801,10
13.0129499435,80.2220001221,37801,37811,10
13.0132598877,80.2223434448,37811,37821,10
13.0136299133,80.2228317261,37821,37831,10
13.0139398575,80.223197937,37831,37841,10
13.0140800476,80.2233963013,37841,37851,10
13.0143098831,80.2237091064,37851,37861,10
13.0147199631,80.2241516113,37861,37871,10
13.0151195526,80.2246932983,37871,37881,10
13.0155000687,80.2250213623,37881,37892,11
13.0159797668,80.2252578735,37892,37902,10
13.0162000656,80.2253189087,37902,37912,10
13.0167999268,80.2251815796,37912,37922,10
13.0176095963,80.224861145,37922,37932,10
13.0184202194,80.2245178223,37932,37942,10
13.0188703537,80.2243423462,37942,37952,10
13.0193796158,80.224319458,37952,37962,10
13.019610405,80.2244110107,37962,37972,10
13.0197896957,80.2245635986,37972,37993,21
13.0197896957,80.2245635986,37993,38003,10
13.0198497772,80.224647522,38003,38013,10
13.0201702118,80.2248764038,38013,38023,10
13.0207300186,80.2252502441,38023,38033,10
13.0213899612,80.2257614136,38033,38043,10
13.0219097137,80.2261123657,38043,38053,10
13.02202034,80.2261962891,38053,38063,10
13.0223703384,80.2265014648,38063,38073,10
13.0227003098,80.2267990112,38073,38104,31
13.0228395462,80.2269668579,38104,38124,20
13.0228395462,80.2269668579,38124,38134,10
13.0230398178,80.227180481,38134,38144,10
13.0232095718,80.2273406982,38144,38154,10
13.023349762,80.2274703979,38154,38164,10
13.0235300064,80.2276000977,38164,38174,10
13.0236797333,80.2277069092,38174,38184,10
13.0237998962,80.2277984619,38184,38194,10
13.0239601135,80.2279510498,38194,38204,10
13.0240497589,80.2280502319,38204,38215,11
13.0242099762,80.2282409668,38215,38225,10
13.0244398117,80.2285385132,38225,38235,10
13.0246601105,80.2288131714,38235,38245,10
13.0247898102,80.2290115356,38245,38255,10
13.0249996185,80.2293167114,38255,38265,10
13.0254802704,80.2299194336,38265,38274,9
13.0257196426,80.2303085327,38274,38285,11
13.0257997513,80.230506897,38285,38297,12
13.0259199142,80.2307434082,38297,38375,78
13.0259199142,80.2307434082,38375,38387,12
13.0259895325,80.2309417725,38387,38398,11
13.026049614,80.2312698364,38398,38408,10
13.0263996124,80.2312774658,38408,38418,10
13.0271997452,80.2311019897,38418,38428,10
13.0278596878,80.2309875488,38428,38438,10
13.0285701752,80.2308731079,38438,38510,72
13.0285701752,80.2308731079,38510,38520,10
13.0289297104,80.2308578491,38520,38530,10
13.0290203094,80.2308578491,38530,38540,10
13.0292901993,80.2308425903,38540,38550,10
13.0299901962,80.2307510376,38550,38611,61
13.0299901962,80.2307510376,38611,38621,10
13.0302495956,80.2307128906,38621,38631,10
13.0304203033,80.230682373,38631,38641,10
13.0305404663,80.2306900024,38641,38651,10
13.0309896469,80.2306594849,38651,38661,10
13.0316896439,80.2305908203,38661,38671,10
13.0324296951,80.2305297852,38671,38681,10
13.0335798264,80.2304611206,38681,38702,21
13.0335798264,80.2304611206,38702,38712,10
13.0335998535,80.2304611206,38712,38722,10
13.0337200165,80.2304611206,38722,38732,10
13.0339603424,80.230430603,38732,38742,10
13.0343904495,80.2303619385,38742,38752,10
13.0347499847,80.2302703857,38752,38762,10
13.0349502563,80.2301330566,38762,38772,10
13.0349998474,80.2300567627,38772,38782,10
13.0350103378,80.2298431396,38782,38843,61
13.0346498489,80.2297897339,38843,38863,20
13.0346498489,80.2297897339,38863,38873,10
13.0346298218,80.2298126221,38873,38883,10
13.0343999863,80.2297668457,38883,38944,61
13.0343999863,80.2297668457,38944,38954,10
13.034330368,80.229850769,38954,39024,70
13.0343103409,80.2297668457,39024,39105,81
13.0341997147,80.2299118042,39105,39165,60
13.0341796875,80.2302017212,39165,39208,43
13.0341796875,80.2302017212,39208,39218,10
13.0340003967,80.2304763794,39218,39228,10
13.0336999893,80.2304992676,39228,39238,10
13.0330696106,80.2305526733,39238,39248,10
13.0324401855,80.2305908203,39248,39256,8
13.0319900513,80.2306365967,39256,39268,12
13.031539917,80.2306671143,39268,39278,10
13.0312795639,80.2306976318,39278,39288,10
13.03083992,80.23072052,39288,39298,10
13.0304002762,80.230758667,39298,39309,11
13.0300197601,80.230796814,39309,39319,10
13.0298299789,80.2308120728,39319,39329,10
13.0293903351,80.2308502197,39329,39339,10
13.0287799835,80.2309188843,39339,39349,10
13.0283098221,80.2309570313,39349,39359,10
13.0278501511,80.2309875488,39359,39369,10
13.0276899338,80.2312393188,39369,39379,10
13.0277500153,80.2318115234,39379,39389,10
13.0278196335,80.2323913574,39389,39399,10
13.0278501511,80.2327194214,39399,39410,11
13.0276098251,80.2328186035,39410,39501,91
13.0276098251,80.2328186035,39501,39511,10
13.0273799896,80.2328262329,39511,39521,10
13.0272197723,80.2328796387,39521,39531,10
13.027009964,80.2329177856,39531,39541,10
13.0267601013,80.232963562,39541,39551,10
13.0263595581,80.2327423096,39551,39561,10
13.026140213,80.2320709229,39561,39571,10
13.0259599686,80.2314376831,39571,39581,10
13.0256795883,80.2305679321,39581,39591,10
13.0251998901,80.2298583984,39591,39622,31
13.0250997543,80.2297515869,39622,39642,20
13.0250997543,80.2297515869,39642,39652,10
13.0249996185,80.2296066284,39652,39662,10
13.0248498917,80.2294311523,39662,39672,10
13.0247402191,80.2292785645,39672,39682,10
13.0246801376,80.2292098999,39682,39692,10
13.0245800018,80.2290725708,39692,39702,10
13.0243997574,80.228843689,39702,39713,11
13.024140358,80.2285232544,39713,39723,10
13.0237703323,80.2280578613,39723,39733,10
13.0233898163,80.2276611328,39733,39743,10
13.023150444,80.2273788452,39743,39753,10
13.022769928,80.2270278931,39753,39763,10
13.0221500397,80.2264633179,39763,39773,10
13.0215396881,80.2259597778,39773,39783,10
13.020939827,80.2255096436,39783,39793,10
13.0203800201,80.2251281738,39793,39803,10
13.0201501846,80.2249603271,39803,39814,11
13.0197296143,80.2246627808,39814,39824,10
13.0190095901,80.2244567871,39824,39834,10
13.0181798935,80.2247009277,39834,39844,10
13.0173196793,80.2250518799,39844,39854,10
13.0166196823,80.2253570557,39854,39864,10
13.0161104202,80.2255477905,39864,39874,10
13.0155897141,80.2257385254,39874,39884,10
13.0153598785,80.2258377075,39884,39894,10
13.0149097443,80.226020813,39894,39905,11
13.014550209,80.2261581421,39905,39915,10
13.0139102936,80.2264022827,39915,39925,10
13.0131797791,80.2266693115,39925,39935,10
13.012430191,80.2269821167,39935,39945,10
13.0116796494,80.2272720337,39945,39956,11
13.0107498169,80.2276077271,39956,39966,10
13.0097999573,80.2279510498,39966,39976,10
13.0095300674,80.2274780273,39976,39986,10
13.0099000931,80.2267303467,39986,39996,10
13.0103502274,80.2257766724,39996,40006,10
13.0107097626,80.2250213623,40006,40019,13
13.0111503601,80.2240066528,40019,40029,10
13.011300087,80.2236099243,40029,40038,9
13.0113401413,80.223487854,40038,40051,13
13.0115203857,80.2230224609,40051,40061,10
13.0117797852,80.2222671509,40061,40071,10
13.0120801926,80.2212905884,40071,40081,10
13.0120000839,80.2206802368,40081,40088,7
13.0117998123,80.2200012207,40088,40101,13
13.0113096237,80.2185821533,40101,40112,11
13.010890007,80.2173995972,40112,40122,10
13.0105695724,80.2166824341,40122,40132,10
13.0102996826,80.216178894,40132,40142,10
13.0099697113,80.2155380249,40142,40152,10
13.00963974,80.2149734497,40152,40162,10
13.0093002319,80.2145385742,40162,40172,10
13.0088996887,80.2139892578,40172,40182,10
13.0081195831,80.2133407593,40182,40213,31
13.0081195831,80.2133407593,40213,40223,10
13.0080099106,80.2132797241,40223,40233,10
13.0078201294,80.213142395,40233,40243,10
13.0074796677,80.212890625,40243,40253,10
13.006770134,80.2127609253,40253,40263,10
13.0060195923,80.2129516602,40263,40271,8
13.0054798126,80.2128372192,40271,40283,12
13.0045404434,80.2122802734,40283,40293,10
13.0035800934,80.2120819092,40293,40304,11
13.0028800964,80.2121124268,40304,40314,10
13.0024900436,80.2121734619,40314,40324,10
13.002240181,80.2122802734,40324,40334,10
13.0017299652,80.212600708,40334,40344,10
13.0012397766,80.2129592896,40344,40354,10
13.0006799698,80.2133865356,40354,40364,10
12.9999799728,80.214050293,40364,40374,10
12.9994897842,80.2144775391,40374,40384,10
12.9990797043,80.2148284912,40384,40394,10
12.99862957,80.2152175903,40394,40404,10
12.9979496002,80.2157821655,40404,40415,11
12.9974603653,80.216217041,40415,40425,10
12.9973096848,80.2163925171,40425,40435,10
12.9969501495,80.2165374756,40435,40445,10
12.9966201782,80.2165679932,40445,40455,10
12.9964704514,80.2165908813,40455,40465,10
12.9962501526,80.2166595459,40465,40475,10
12.9958496094,80.2167663574,40475,40485,10
12.9955596924,80.2168579102,40485,40495,10
12.9955196381,80.2168731689,40495,40505,10
12.9953203201,80.2169570923,40505,40515,10
12.9951496124,80.217048645,40515,40525,10
12.9951000214,80.2170715332,40525,40535,10
12.9947595596,80.2172698975,40535,40545,10
12.9943304062,80.2175598145,40545,40555,10
12.9939899445,80.2178268433,40555,40565,10
12.9934396744,80.2182006836,40565,40575,10
12.9929504395,80.2185516357,40575,40587,12
12.9920301437,80.2192382813,40587,40595,8
12.9914197922,80.2197036743,40595,40606,11
12.99077034,80.2201690674,40606,40616,10
12.990650177,80.2202606201,40616,40626,10
12.9901695251,80.2206268311,40626,40637,11
12.9894399643,80.2214584351,40637,40647,10
12.9887504578,80.2223205566,40647,40657,10
12.9879703522,80.2230377197,40657,40666,9
12.987449646,80.2231674194,40666,40677,11
12.9872703552,80.2231292725,40677,40687,10
12.9868402481,80.2230377197,40687,40697,10
12.986120224,80.2230072021,40697,40709,12
12.9853801727,80.2233123779,40709,40716,7
12.9843196869,80.2228317261,40716,40739,23
12.9843196869,80.2228317261,40739,40749,10
12.9841003418,80.2227172852,40749,40759,10
12.9839200974,80.2226333618,40759,40769,10
12.9836797714,80.2224884033,40769,40779,10
12.9833602905,80.2222824097,40779,40789,10
12.9832496643,80.2222213745,40789,40799,10
12.9829502106,80.222038269,40799,40809,10
12.9826698303,80.2219085693,40809,40820,11
12.9822597504,80.221786499,40820,40830,10
12.9815797806,80.2213821411,40830,40840,10
12.9808702469,80.2211532593,40840,40850,10
12.980099678,80.2211990356,40850,40860,10
12.9792203903,80.2212371826,40860,40870,10
12.9784097672,80.221206665,40870,40880,10
12.9776201248,80.2212600708,40880,40890,10
12.9768600464,80.2212905884,40890,40900,10
12.9762401581,80.2216033936,40900,40941,41
12.9762401581,80.2216033936,40941,40951,10
12.9763803482,80.2217636108,40951,40961,10
12.9764699936,80.2219924927,40961,40971,10
12.9767198563,80.2224121094,40971,40981,10
12.976849556,80.2226486206,40981,40991,10
12.9770498276,80.2229690552,40991,41001,10
12.9774303436,80.2235870361,41001,41011,10
12.9778995514,80.2243423462,41011,41022,11
12.9783401489,80.2250671387,41022,41032,10
12.9788503647,80.2258911133,41032,41042,10
12.9793701172,80.2267303467,41042,41052,10
12.9798698425,80.2275238037,41052,41062,10
12.9801397324,80.2280197144,41062,41072,10
12.9803199768,80.2283325195,41072,41082,10
12.980509758,80.2286834717,41082,41092,10
12.9806604385,80.2289199829,41092,41102,10
12.9807395935,80.2290496826,41102,41110,8
12.9808702469,80.2292785645,41110,41122,12
12.9812498093,80.2298736572,41122,41133,11
12.9816799164,80.2304992676,41133,41143,10
12.981760025,80.2306900024,41143,41153,10
12.9819602966,80.2312469482,41153,41163,10
12.9820404053,80.2320022583,41163,41173,10
12.982000351,80.2325286865,41173,41183,10
12.9819602966,80.2327194214,41183,41193,10
12.981880188,80.2329406738,41193,41203,10
12.9816703796,80.2334213257,41203,41213,10
12.9815797806,80.2336196899,41213,41224,11
12.9812898636,80.2342224121,41224,41234,10
12.9812202454,80.2350616455,41234,41244,10
12.9812402725,80.236000061,41244,41254,10
12.9812602997,80.2368927002,41254,41264,10
12.9812898636,80.2376785278,41264,41274,10
12.981300354,80.2379837036,41274,41284,10
12.981300354,80.2384109497,41284,41293,9
12.9813203812,80.2389373779,41293,41305,12
12.9813404083,80.2393188477,41305,41326,21
12.9813404083,80.2393188477,41326,41336,10
12.9813404083,80.2395629883,41336,41346,10
12.9813499451,80.2399215698,41346,41356,10
12.9813604355,80.2405700684,41356,41366,10
12.9813699722,80.2414169312,41366,41376,10
12.9813804626,80.2421722412,41376,41386,10
12.9813995361,80.2425003052,41386,41396,10
12.9813995361,80.2427215576,41396,41406,10
12.9813899994,80.2429199219,41406,41416,10
12.9813804626,80.2434616089,41416,41426,10
12.9812602997,80.2443008423,41426,41436,10
12.9811401367,80.2453079224,41436,41446,10
12.981010437,80.246421814,41446,41456,10
12.980890274,80.2475814819,41456,41466,10
12.9807901382,80.2487716675,41466,41477,11
12.980629921,80.2499771118,41477,41486,9
12.9804000854,80.2509002686,41486,41497,11
12.9801702499,80.2519378662,41497,41507,10
12.9801197052,80.2521972656,41507,41517,10
12.9801101685,80.2525100708,41517,41527,10
12.9805498123,80.2526626587,41527,41537,10
12.9812097549,80.2526092529,41537,41700,163
12.9812097549,80.2526092529,41700,41710,10
12.9814500809,80.2525787354,41710,41720,10
12.9820203781,80.2525787354,41720,41730,10
12.9827003479,80.252532959,41730,41741,11
12.9830198288,80.2525024414,41741,41751,10
12.9831695557,80.2524795532,41751,41761,10
12.9835100174,80.2524337769,41761,41771,10
12.9841299057,80.2522735596,41771,41781,10
12.9848804474,80.2520675659,41781,41791,10
12.985710144,80.2518386841,41791,41801,10
12.9861803055,80.251739502,41801,41811,10
12.9867296219,80.2516098022,41811,41821,10
12.9871902466,80.2514724731,41821,42064,243
12.9871902466,80.2514724731,42064,42074,10
12.9873504639,80.2514038086,42074,42084,10
12.9877099991,80.2513580322,42084,42094,10
12.9879102707,80.2517166138,42094,42104,10
12.9880104065,80.2522964478,42104,42114,10
12.9879302979,80.2531890869,42114,42124,10
12.9877996445,80.2545166016,42124,42155,31
12.9877996445,80.2545166016,42155,42165,10
12.987830162,80.2545318604,42165,42175,10
12.9877901077,80.2547912598,42175,42185,10
12.987739563,80.2552108765,42185,42195,10
12.9876899719,80.2556991577,42195,42205,10
12.9875802994,80.2562026978,42205,42215,10
12.987569809,80.256652832,42215,42225,10
12.9875402451,80.2570266724,42225,42235,10
12.9875097275,80.2576293945,42235,42246,11
12.987449646,80.258392334,42246,42256,10
12.9874095917,80.2586669922,42256,42266,10
12.9873600006,80.2588577271,42266,42276,10
12.9872503281,80.2593536377,42276,42316,40
12.9872598648,80.2595596313,42316,42336,20
12.9872598648,80.2595596313,42336,42347,11
12.986989975,80.2596893311,42347,42357,10
12.9867095947,80.2596130371,42357,42367,10
12.9865503311,80.2593688965,42367,42377,10
12.9866504669,80.2591400146,42377,42387,10
12.9868803024,80.2591094971,42387,42488,101
12.9868803024,80.2591094971,42488,42498,10
12.9873399734,80.2590103149,42498,42508,10
12.9873695374,80.258682251,42508,42528,20
12.9873800278,80.2584762573,42528,42550,22
12.9873800278,80.2584762573,42550,42560,10
12.9873504639,80.2583999634,42560,42570,10
12.9874200821,80.2580032349,42570,42580,10
12.9874801636,80.2574996948,42580,42590,10
12.9875097275,80.2568893433,42590,42600,10
12.9875497818,80.2562179565,42600,42610,10
12.9876003265,80.2557983398,42610,42620,10
12.9877099991,80.2552490234,42620,42627,7
12.9877700806,80.2547988892,42627,42641,14
12.987859726,80.2531967163,42641,42782,141
12.987859726,80.2531967163,42782,42792,10
12.9879102707,80.2528533936,42792,42802,10
12.9879398346,80.2523803711,42802,42812,10
12.9878797531,80.2519073486,42812,42822,10
12.9878196716,80.2517318726,42822,42832,10
12.9875602722,80.2515487671,42832,42842,10
12.9869804382,80.2516479492,42842,42853,11
12.9860897064,80.2518615723,42853,42863,10
12.9851102829,80.2520980835,42863,42873,10
12.9840402603,80.2523880005,42873,42883,10
12.9829397202,80.2526168823,42883,42893,10
12.9818000793,80.2526626587,42893,42903,10
12.9806604385,80.2527008057,42903,42913,10
12.9800100327,80.2527084351,42913,42974,61
12.9800100327,80.2527084351,42974,42984,10
12.9800100327,80.2526779175,42984,42994,10
12.9799003601,80.2523803711,42994,43004,10
12.9799098969,80.2522735596,43004,43014,10
12.9799604416,80.2521133423,43014,43024,10
12.9800796509,80.2517166138,43024,43034,10
12.9802799225,80.2510375977,43034,43045,11
12.9805402756,80.2500762939,43045,43055,10
12.9806995392,80.2490997314,43055,43065,10
12.9807796478,80.2480392456,43065,43075,10
12.9808702469,80.2470016479,43075,43085,10
12.9809799194,80.245880127,43085,43095,10
12.9811296463,80.244720459,43095,43105,10
12.981180191,80.243927002,43105,43115,10
12.9811897278,80.2437591553,43115,43125,10
12.9813098907,80.2434997559,43125,43135,10
12.9813404083,80.2429733276,43135,43144,9
12.9813499451,80.2427825928,43144,43156,12
12.9813604355,80.2426071167,43156,43166,10
12.9813499451,80.2422332764,43166,43176,10
12.9813404083,80.2415771484,43176,43186,10
12.9813499451,80.2407836914,43186,43196,10
12.9813203812,80.2399368286,43196,43206,10
12.981300354,80.239151001,43206,43216,10
12.9812898636,80.2387313843,43216,43226,10
12.9812803268,80.238319397,43226,43246,20
12.9812803268,80.238319397,43246,43257,11
12.9812803268,80.2380599976,43257,43267,10
12.9812803268,80.2380065918,43267,43277,10
12.9812803268,80.2376480103,43277,43287,10
12.9812602997,80.2371368408,43287,43297,10
12.9812402725,80.236366272,43297,43307,10
12.9812097549,80.2355194092,43307,43317,10
12.9811897278,80.2346115112,43317,43327,10
12.9814195633,80.2337799072,43327,43337,10
12.9816102982,80.2333831787,43337,43347,10
12.9816398621,80.2332611084,43347,43357,10
12.9817895889,80.2329483032,43357,43367,10
12.9819498062,80.2324676514,43367,43376,9
12.9819498062,80.2320632935,43376,43387,11
12.9819297791,80.2315292358,43387,43397,10
12.9818496704,80.2311630249,43397,43407,10
12.9816598892,80.2306976318,43407,43417,10
12.9812803268,80.2301101685,43417,43427,10
12.9809103012,80.2295227051,43427,43439,12
12.9806699753,80.2291564941,43439,43448,9
12.9805803299,80.229019165,43448,43458,10
12.9804697037,80.228843689,43458,43468,10
12.9802598953,80.2284088135,43468,43478,10
12.9799804688,80.2279205322,43478,43488,10
12.979640007,80.2273406982,43488,43498,10
12.9792299271,80.2266693115,43498,43508,10
12.9787902832,80.2259216309,43508,43519,11
12.9783296585,80.225151062,43519,43528,9
12.9780797958,80.2247695923,43528,43539,11
12.9778299332,80.2244491577,43539,43549,10
12.9775104523,80.2239379883,43549,43561,12
12.9771404266,80.2232971191,43561,43571,10
12.9769802094,80.2230834961,43571,43581,10
12.9769096375,80.22290802,43581,43591,10
12.976940155,80.2228088379,43591,43601,10
12.9771404266,80.2227630615,43601,43611,10
12.977230072,80.2227325439,43611,43621,10
12.9774799347,80.2226409912,43621,43631,10
12.9774904251,80.2222290039,43631,43641,10
12.9774999619,80.2216491699,43641,43651,10
12.9775104523,80.221282959,43651,43662,11
12.9780197144,80.2212371826,43662,43672,10
12.9787502289,80.2211990356,43672,43682,10
12.9794502258,80.2211303711,43682,43692,10
12.9801502228,80.2210693359,43692,43702,10
12.9808197021,80.2210388184,43702,43712,10
12.9813995361,80.2211837769,43712,43722,10
12.9819002151,80.2215270996,43722,43732,10
12.9823703766,80.2217330933,43732,43742,10
12.9827003479,80.2218399048,43742,43751,9
12.9828796387,80.2219161987,43751,43763,12
12.9829702377,80.2219619751,43763,43773,10
12.9832201004,80.2221221924,43773,43783,10
12.9835796356,80.2223510742,43783,43793,10
12.9839801788,80.2225723267,43793,43803,10
12.9844799042,80.2228927612,43803,43813,10
12.9849796295,80.2231674194,43813,43823,10
12.9853897095,80.2232589722,43823,43833,10
12.9858198166,80.2229690552,43833,43843,10
12.9863901138,80.2229385376,43843,43853,10
12.9865398407,80.2229385376,43853,43864,11
12.986700058,80.2229614258,43864,43874,10
12.9870500565,80.2230300903,43874,43884,10
12.9873504639,80.2230834961,43884,43894,10
12.9879198074,80.2229614258,43894,43904,10
12.9884700775,80.2225036621,43904,43914,10
12.9890003204,80.2219467163,43914,43924,10
12.9895095825,80.2212371826,43924,43934,10
12.9901599884,80.2205429077,43934,43944,10
12.9903202057,80.2204208374,43944,43954,10
12.9905195236,80.2203063965,43954,43965,11
12.9909601212,80.2200088501,43965,43975,10
12.9914798737,80.2195968628,43975,43985,10
12.9919204712,80.2192687988,43985,43995,10
12.9924697876,80.2188568115,43995,44005,10
12.9931201935,80.2183532715,44005,44015,10
12.9938201904,80.2178497314,44015,44025,10
12.9943704605,80.2174682617,44025,44035,10
12.9946899414,80.2172393799,44035,44045,10
12.9948396683,80.2171401978,44045,44055,10
12.9952096939,80.2169036865,44055,44066,11
12.9958496094,80.2166976929,44066,44076,10
12.9966096878,80.2165679932,44076,44086,10
12.9972295761,80.2163619995,44086,44096,10
12.9974298477,80.2162017822,44096,44106,10
12.9975404739,80.2161102295,44106,44116,10
12.9978199005,80.2158203125,44116,44126,10
12.9982595444,80.215423584,44126,44136,10
12.998840332,80.2149505615,44136,44146,10
12.9991903305,80.2146377563,44146,44156,10
12.9996900558,80.2142181396,44156,44167,11
13.0002202988,80.2137680054,44167,44177,10
13.0007801056,80.2132492065,44177,44187,10
13.00137043,80.2128219604,44187,44197,10
13.0018997192,80.2124633789,44197,44207,10
13.0025396347,80.2121734619,44207,44217,10
13.0031995773,80.2121200562,44217,44227,10
13.0034503937,80.2120895386,44227,44237,10
13.0038404465,80.2120513916,44237,44247,10
13.0044403076,80.2122573853,44247,44257,10
13.0050897598,80.2125778198,44257,44268,11
13.0058403015,80.2129211426,44268,44278,10
13.0064201355,80.2127380371,44278,44288,10
13.0071296692,80.2127914429,44288,44298,10
13.0076999664,80.2129669189,44298,44318,20
13.0076999664,80.2129669189,44318,44328,10
13.0079698563,80.2131881714,44328,44339,11
13.0085296631,80.213432312,44339,44349,10
13.0088996887,80.2139434814,44349,44359,10
13.0094203949,80.2146606445,44359,44369,10
13.0098400116,80.2152023315,44369,44379,10
13.0102701187,80.2158203125,44379,44389,10
13.0106601715,80.2165374756,44389,44399,10
13.0109500885,80.2172775269,44399,44409,10
13.0112695694,80.2180480957,44409,44419,10
13.0114898682,80.2187194824,44419,44429,10
13.011759758,80.2195892334,44429,44441,12
13.0121603012,80.2207565308,44441,44453,12
13.0125102997,80.2214431763,44453,44463,10
13.0127401352,80.2218322754,44463,44474,11
13.0130796432,80.2222290039,44474,44484,10
13.0134096146,80.2226333618,44484,44494,10
13.0138597488,80.2231369019,44494,44504,10
13.0140399933,80.2234191895,44504,44514,10
13.014380455,80.2237167358,44514,44524,10
13.0145902634,80.2240371704,44524,44534,10
13.0149497986,80.2245178223,44534,44544,10
13.0149698257,80.2245483398,44544,44554,10
13.0151500702,80.2247390747,44554,44562,8
13.0154104233,80.2249603271,44562,44575,13
13.0156297684,80.225151062,44575,44585,10
13.0159196854,80.2253570557,44585,44595,10
13.0165300369,80.2253570557,44595,44605,10
13.0172796249,80.2250518799,44605,44615,10
13.0180797577,80.2247085571,44615,44625,10
13.0187397003,80.2244415283,44625,44635,10
13.0190296173,80.2243270874,44635,44645,10
13.0191898346,80.2243270874,44645,44655,10
13.0193500519,80.224357605,44655,44665,10
13.0194396973,80.2243881226,44665,44676,11
13.0195999146,80.2245101929,44676,44686,10
13.0198202133,80.2246627808,44686,44696,10
13.0202798843,80.2249832153,44696,44706,10
13.0208301544,80.2253723145,44706,44716,10
13.0213403702,80.2257919312,44716,44726,10
13.0218801498,80.2261505127,44726,44736,10
13.0219297409,80.2261886597,44736,44746,10
13.0221395493,80.2263793945,44746,44756,10
13.022600174,80.2267837524,44756,44766,10
13.0231895447,80.2273101807,44766,44777,11
13.0237598419,80.2278213501,44777,44787,10
13.0241298676,80.2282562256,44787,44797,10
13.0244903564,80.2287368774,44797,44807,10
13.0247097015,80.2290496826,44807,44817,10
13.0250196457,80.2294311523,44817,44827,10
13.0254497528,80.2299880981,44827,44836,9
13.0257196426,80.230430603,44836,44847,11
13.0258998871,80.2308197021,44847,44857,10
13.0259504318,80.2312393188,44857,44867,10
13.0263299942,80.2313079834,44867,44878,11
13.027130127,80.2311172485,44878,44888,10
13.0278196335,80.2309875488,44888,44898,10
13.0282497406,80.2309494019,44898,44908,10
13.0283203125,80.2309417725,44908,44918,10
13.0284795761,80.2309188843,44918,44928,10
13.0289497375,80.2308883667,44928,44938,10
13.0295200348,80.2308197021,44938,44948,10
13.0298995972,80.230796814,44948,44958,10
13.0301504135,80.2307662964,44958,44968,10
13.0305900574,80.2307434082,44968,44979,11
13.031080246,80.2307128906,44979,44989,10
13.0316095352,80.2306594849,44989,44999,10
13.0321702957,80.2305984497,44999,45009,10
13.0328397751,80.2305603027,45009,45019,10
13.0332803726,80.2305374146,45019,45029,10
13.0334501266,80.2305374146,45029,45039,10
13.0337600708,80.2305221558,45039,45079,40
13.0337600708,80.2305221558,45079,45090,11
13.0341501236,80.2304763794,45090,45100,10
13.0344295502,80.2304229736,45100,45110,10
13.0347900391,80.2303314209,45110,45120,10
13.0349798203,80.2302017212,45120,45130,10
13.0350704193,80.2301025391,45130,45141,11
13.0349702835,80.229888916,45141,45150,9
13.0346698761,80.229850769,45150,45159,9
13.0344600677,80.2297973633,45159,45272,113
13.0344600677,80.2297973633,45272,45283,11
13.0342102051,80.2300872803,45283,45353,70
13.0341501236,80.2303390503,45353,45384,31
13.0341501236,80.2303390503,45384,45394,10
13.0341501236,80.2304382324,45394,45404,10
13.0340299606,80.2304916382,45404,45414,10
13.0335798264,80.2304916382,45414,45424,10
13.0329399109,80.2305526733,45424,45434,10
13.0322504044,80.2306213379,45434,45444,10
13.0314998627,80.2306594849,45444,45454,10
13.0308799744,80.2307281494,45454,45464,10
13.0304002762,80.230758667,45464,45474,10
13.0298595428,80.2308425903,45474,45485,11
13.0294303894,80.2308807373,45485,45495,10
13.0292901993,80.2308731079,45495,45505,10
13.0288696289,80.2309188843,45505,45515,10
13.0281896591,80.2309799194,45515,45525,10
13.0276498795,80.2311325073,45525,45535,10
13.0276298523,80.2316665649,45535,45545,10
13.0277500153,80.2323913574,45545,45555,10
13.0276002884,80.2328262329,45555,45565,10
13.0270395279,80.2329483032,45565,45596,31
13.0270395279,80.2329483032,45596,45606,10
13.0268297195,80.2329788208,45606,45616,10
13.02643013,80.2329406738,45616,45626,10
13.026260376,80.2325592041,45626,45636,10
13.0262298584,80.2324523926,45636,45646,10
13.0262403488,80.2322998047,45646,45656,10
13.0261898041,80.2320632935,45656,45666,10
13.0260696411,80.2317504883,45666,45676,10
13.025970459,80.2313613892,45676,45687,11
13.0256595612,80.2305297852,45687,45697,10
13.0251398087,80.2297134399,45697,45707,10
13.0246496201,80.229133606,45707,45717,10
13.0246095657,80.2290802002,45717,45727,10
13.0243797302,80.228767395,45727,45737,10
13.0239601135,80.2282714844,45737,45747,10
13.0235700607,80.2278213501,45747,45757,10
13.0229902267,80.2273788452,45757,45777,20
13.0229902267,80.2273788452,45777,45788,11
13.0228595734,80.2273101807,45788,45798,10
13.0226898193,80.2271499634,45798,45808,10
13.022480011,80.2267837524,45808,45818,10
13.0219602585,80.2263183594,45818,45828,10
13.0212602615,80.2257614136,45828,45838,10
13.0204401016,80.2251815796,45838,45848,10
13.019780159,80.2247161865,45848,45858,10
13.0189800262,80.2244720459,45858,45868,10
13.0180101395,80.2248382568,45868,45878,10
13.0170497894,80.225227356,45878,45889,11
13.0161399841,80.2255706787,45889,45899,10
13.0153999329,80.2258605957,45899,45909,10
13.0150203705,80.2260437012,45909,45919,10
13.0149097443,80.2260665894,45919,45929,10
13.0144996643,80.2262268066,45929,45939,10
13.0142602921,80.2263183594,45939,45949,10
13.0141801834,80.2263412476,45949,45959,10
13.0137796402,80.2264785767,45959,45969,10
13.0131998062,80.2266769409,45969,45979,10
13.0124998093,80.2269668579,45979,45989,10
13.0117502213,80.2272567749,45989,45999,10
13.0109300613,80.2275695801,45999,46009,10
13.0100698471,80.227897644,46009,46019,10
13.009469986,80.2276992798,46019,46029,10
13.0096797943,80.2271575928,46029,46039,10
13.0100297928,80.2264480591,46039,46050,11
13.0104503632,80.2255096436,46050,46059,9
13.0107803345,80.2247695923,46059,46070,11
13.0111904144,80.2237472534,46070,46080,10
13.0113401413,80.2232131958,46080,46100,20
13.0113401413,80.2232131958,46100,46110,10
13.0114297867,80.2231292725,46110,46120,10
13.0115604401,80.2226791382,46120,46130,10
13.0117998123,80.2218780518,46130,46140,10
13.012049675,80.2210769653,46140,46150,10
13.0119199753,80.2204589844,46150,46160,10
13.0116901398,80.2196273804,46160,46170,10
13.0114498138,80.21875,46170,46180,10
13.0111398697,80.2178878784,46180,46192,12
13.0106801987,80.2168731689,46192,46204,12
13.0101604462,80.2159500122,46204,46214,10
13.0098104477,80.2152481079,46214,46224,10
13.0094404221,80.2146911621,46224,46234,10
13.0090103149,80.2141418457,46234,46244,10
13.0085096359,80.2135162354,46244,46254,10
13.0079202652,80.2131881714,46254,46273,19
13.0079202652,80.2131881714,46273,46285,12
13.0077400208,80.2129974365,46285,46295,10
13.0072898865,80.2128219604,46295,46305,10
13.0066995621,80.2127838135,46305,46315,10
13.0062799454,80.2128601074,46315,46325,10
13.0057001114,80.2129821777,46325,46335,10
13.0050497055,80.2125778198,46335,46345,10
13.004360199,80.2122879028,46345,46355,10
13.0035800934,80.2121429443,46355,46365,10
13.0028800964,80.212097168,46365,46375,10
13.0022802353,80.2122573853,46375,46385,10
13.0017795563,80.2125473022,46385,46396,11
13.0011196136,80.2130279541,46396,46406,10
13.0005102158,80.2135620117,46406,46416,10
12.9999103546,80.2141113281,46416,46426,10
12.9994401932,80.2145385742,46426,46436,10
12.9990797043,80.2148590088,46436,46444,8
12.9987602234,80.2151184082,46444,46455,11
12.9981498718,80.2156600952,46455,46466,11
12.9975404739,80.2162017822,46466,46476,10
12.9975299835,80.2162094116,46476,46486,10
12.9973096848,80.2164993286,46486,46497,11
12.9972600937,80.2165298462,46497,46507,10
12.9971103668,80.2165603638,46507,46517,10
12.9968395233,80.2165603638,46517,46527,10
12.9963798523,80.2166213989,46527,46567,40
12.9959897995,80.2166671753,46567,46587,20
12.995639801,80.216758728,46587,46618,31
12.995639801,80.216758728,46618,46628,10
12.9952697754,80.2169036865,46628,46638,10
12.99518013,80.2169570923,46638,46648,10
12.9949598312,80.2171173096,46648,46658,10
12.9945602417,80.2174224854,46658,46668,10
12.9940900803,80.2177505493,46668,46678,10
12.9936199188,80.2180709839,46678,46688,10
12.9930200577,80.2184677124,46688,46699,11
12.9923200607,80.2190093994,46699,46709,10
12.9916801453,80.2194900513,46709,46719,10
12.9908504486,80.2201004028,46719,46749,30
12.9908504486,80.2201004028,46749,46759,10
12.9906301498,80.2202529907,46759,46769,10
12.9903097153,80.2204971313,46769,46779,10
12.9898300171,80.2209396362,46779,46789,10
12.989279747,80.2215499878,46789,46800,11
12.9887695313,80.2222824097,46800,46810,10
12.988120079,80.2229003906,46810,46820,10
12.9876003265,80.2230987549,46820,46830,10
12.9875202179,80.2230987549,46830,46840,10
12.987159729,80.2230682373,46840,46850,10
12.9871501923,80.2230682373,46850,46860,10
12.9869098663,80.2230300903,46860,46870,10
12.9867601395,80.2229995728,46870,46880,10
12.986410141,80.2229690552,46880,46890,10
12.9857501984,80.2230834961,46890,46900,10
12.9853200912,80.2232894897,46900,46910,10
12.9848098755,80.2230987549,46910,46920,10
12.9842700958,80.2228012085,46920,46931,11
12.9837303162,80.2224884033,46931,46941,10
12.9833202362,80.2222595215,46941,46951,10
12.9832401276,80.2222137451,46951,46961,10
12.983130455,80.2221298218,46961,46971,10
12.9827804565,80.2219619751,46971,46990,19
12.9827804565,80.2219619751,46990,47003,13
12.9825000763,80.2218933105,47003,47013,10
12.9821395874,80.2217712402,47013,47021,8
12.9818096161,80.2215194702,47021,47033,12
12.9811201096,80.2211685181,47033,47041,8
12.9804897308,80.2211227417,47041,47051,10
12.9797801971,80.2211685181,47051,47061,10
12.9790496826,80.2211914063,47061,47071,10
12.9781703949,80.2211990356,47071,47081,10
12.9774398804,80.2212371826,47081,47091,10
12.9762496948,80.2212905884,47091,47114,23
12.9762496948,80.2212905884,47114,47124,10
12.9760799408,80.2213516235,47124,47134,10
12.976360321,80.2218170166,47134,47154,20
12.976360321,80.2218170166,47154,47164,10
12.9765300751,80.2221984863,47164,47174,10
12.9767799377,80.2226028442,47174,47184,10
12.9769897461,80.2229003906,47184,47194,10
12.9773197174,80.2234573364,47194,47205,11
12.9778003693,80.2242126465,47205,47215,10
12.9780302048,80.2245483398,47215,47225,10
12.9783000946,80.2250137329,47225,47235,10
12.9786996841,80.225692749,47235,47245,10
12.9791603088,80.2264328003,47245,47255,10
12.9795999527,80.227180481,47255,47265,10
12.9800796509,80.2279510498,47265,47275,10
12.9805202484,80.2287063599,47275,47285,10
12.9808197021,80.2291717529,47285,47295,10
12.981089592,80.2296218872,47295,47306,11
12.9815196991,80.2302932739,47306,47316,10
12.9816398621,80.2304763794,47316,47326,10
12.981760025,80.23072052,47326,47336,10
12.9819498062,80.2312698364,47336,47346,10
12.9819698334,80.231628418,47346,47467,121
12.9819698334,80.231628418,47467,47477,10
12.9820404053,80.2320480347,47477,47629,152
12.9820404053,80.2320480347,47629,47639,10
12.9820098877,80.232421875,47639,47649,10
12.9819898605,80.2325286865,47649,47659,10
12.9819602966,80.2326507568,47659,47669,10
12.9819097519,80.2328262329,47669,47679,10
12.9817895889,80.2331619263,47679,47699,20
12.9817895889,80.2331619263,47699,47710,11
12.9816303253,80.2335128784,47710,47720,10
12.9815797806,80.2335968018,47720,47730,10
12.9815502167,80.2336578369,47730,47740,10
12.9813499451,80.2340774536,47740,47760,20
12.9813499451,80.2340774536,47760,47770,10
12.9812698364,80.2343215942,47770,47780,10
12.9812402725,80.2346572876,47780,47790,10
12.9812297821,80.2351608276,47790,47800,10
12.9812402725,80.2355804443,47800,47811,11
12.9812498093,80.2360916138,47811,47821,10
12.9812602997,80.2366867065,47821,47831,10
12.9812803268,80.2373428345,47831,47841,10
12.9812898636,80.2378082275,47841,47851,10
12.981300354,80.2387237549,47851,47871,20
12.981300354,80.2387237549,47871,47881,10
12.9812898636,80.2390213013,47881,47891,10
12.981300354,80.2396087646,47891,47902,11
12.9813098907,80.2404022217,47902,47912,10
12.9813299179,80.2412185669,47912,47922,10
12.9813404083,80.2420578003,47922,47932,10
12.9813604355,80.2428665161,47932,47952,20
12.9813604355,80.2428665161,47952,47962,10
12.9813499451,80.2432022095,47962,47971,9
12.9813098907,80.2436828613,47971,47982,11
12.981180191,80.2445220947,47982,47992,10
12.9810600281,80.2454376221,47992,48004,12
12.980919838,80.2466812134,48004,48014,10
12.9808301926,80.2477722168,48014,48024,10
12.9807500839,80.2488708496,48024,48034,10
12.9806203842,80.2499008179,48034,48044,10
12.9803695679,80.2509231567,48044,48054,10
12.9801397324,80.2519073486,48054,48064,10
12.9800901413,80.2522277832,48064,48074,10
12.9800901413,80.2524490356,48074,48084,10
12.9804496765,80.2526168823,48084,48094,10
12.981089592,80.2525863647,48094,48104,10
12.9819002151,80.252571106,48104,48115,11
12.982919693,80.2525100708,48115,48125,10
12.9839096069,80.2523269653,48125,48135,10
12.9849004745,80.2520599365,48135,48145,10
12.985830307,80.2518005371,48145,48175,30
12.985830307,80.2518005371,48175,48185,10
12.9860401154,80.251701355,48185,48236,51
12.9860401154,80.251701355,48236,48246,10
12.9860401154,80.2516479492,48246,48256,10
12.9860496521,80.2516479492,48256,48266,10
12.9862098694,80.2516174316,48266,48276,10
12.9865703583,80.2515487671,48276,48286,10
12.9869203568,80.2514572144,48286,48296,10
12.9873199463,80.2513504028,48296,48307,11
12.9877796173,80.2513122559,48307,48317,10
12.9879302979,80.2517318726,48317,48327,10
12.9879999161,80.2522125244,48327,48337,10
12.9879798889,80.2527770996,48337,48347,10
12.987950325,80.2529373169,48347,48357,10
12.9878797531,80.2534790039,48357,48367,10
12.9877996445,80.2542495728,48367,48377,10
12.9877195358,80.2551269531,48377,48387,10
12.9876403809,80.2559280396,48387,48397,10
12.9876003265,80.2561035156,48397,48408,11
12.9875602722,80.2562637329,48408,48418,10
12.9875001907,80.2568130493,48418,48428,10
12.9874200821,80.2575836182,48428,48438,10
12.9873695374,80.2582397461,48438,48448,10
12.9872398376,80.259147644,48448,48478,30
12.9872398376,80.259147644,48478,48488,10
12.9872398376,80.2593536377,48488,48498,10
12.9871797562,80.2595214844,48498,48508,10
12.9869203568,80.2595214844,48508,48549,41
12.9869203568,80.2595214844,48549,48559,10
12.986579895,80.2594223022,48559,48569,10
12.9865703583,80.2592391968,48569,48579,10
12.9866304398,80.2590866089,48579,48610,31
12.9866304398,80.2590866089,48610,48620,10
12.9867601395,80.2590103149,48620,48680,60
12.9871196747,80.2590866089,48680,48711,31
12.9871196747,80.2590866089,48711,48721,10
12.9873399734,80.2590332031,48721,48731,10
12.9873600006,80.2586898804,48731,48741,10
12.9873600006,80.2583236694,48741,48751,10
12.9873800278,80.2579421997,48751,48761,10
12.9874296188,80.2574691772,48761,48771,10
12.9874401093,80.2572021484,48771,48781,10
12.9875001907,80.2568664551,48781,48792,11
12.9875602722,80.2563400269,48792,48802,10
12.9876003265,80.2558898926,48802,48812,10
12.9877099991,80.2554397583,48812,48822,10
12.9877300262,80.2549819946,48822,48832,10
12.9877195358,80.2548675537,48832,48842,10
12.9877195358,80.2546768188,48842,48852,10
12.9877500534,80.2542572021,48852,48862,10
12.9877796173,80.2537384033,48862,48872,10
12.9878396988,80.2530899048,48872,48882,10
12.9878997803,80.2524719238,48882,48892,10
12.987830162,80.2519607544,48892,48902,10
12.9876699448,80.2516937256,48902,48912,10
12.9874801636,80.2516708374,48912,48925,13
12.9867200851,80.2517623901,48925,48935,10
12.9859600067,80.2518997192,48935,48945,10
12.9851703644,80.2520904541,48945,48955,10
12.9843196869,80.2523269653,48955,48965,10
12.983420372,80.2525634766,48965,48975,10
12.9825000763,80.2526473999,48975,48985,10
12.9816102982,80.2526702881,48985,48995,10
12.9807195663,80.2527008057,48995,49005,10
12.9799499512,80.2527008057,49005,49016,11
12.9798803329,80.2523193359,49016,49026,10
12.9799003601,80.2521972656,49026,49036,10
12.9799995422,80.2518615723,49036,49046,10
12.9801702499,80.2513427734,49046,49056,10
12.9803695679,80.2506408691,49056,49066,10
12.9805698395,80.2498092651,49066,49076,10
12.9806995392,80.2488937378,49076,49086,10
12.9807796478,80.2479400635,49086,49096,10
12.9808597565,80.2469482422,49096,49105,9
12.9809598923,80.2460174561,49105,49117,12
12.981089592,80.2448501587,49117,49127,10
12.9811601639,80.243927002,49127,49137,10
12.9813203812,80.2434768677,49137,49145,8
12.9813404083,80.2431716919,49145,49157,12
12.9813404083,80.2429962158,49157,49167,10
12.9813404083,80.2428131104,49167,49177,10
12.9813404083,80.2427062988,49177,49187,10
12.9813404083,80.2423477173,49187,49197,10
12.9813299179,80.2417984009,49197,49207,10
12.9813203812,80.2411270142,49207,49218,11
12.9813098907,80.2403488159,49218,49228,10
12.9813098907,80.2397003174,49228,49238,10
12.9812898636,80.2394866943,49238,49248,10
12.9812803268,80.2393035889,49248,49258,10
12.9812698364,80.238822937,49258,49268,10
12.9812602997,80.2382125854,49268,49278,10
12.9812602997,80.2379226685,49278,49288,10
12.9812402725,80.2376785278,49288,49298,10
12.9812097549,80.2370986938,49298,49308,10
12.9812097549,80.236366272,49308,49318,10
12.981180191,80.2358093262,49318,49329,11
12.981180191,80.2354888916,49329,49339,10
12.9811601639,80.2351303101,49339,49349,10
12.9811496735,80.2347793579,49349,49359,10
12.9811697006,80.2343826294,49359,49369,10
12.9811697006,80.2343673706,49369,49379,10
12.9812498093,80.2340774536,49379,49389,10
12.981300354,80.2339401245,49389,49399,10
12.9815196991,80.2334976196,49399,49419,20
12.9815196991,80.2334976196,49419,49430,11
12.9816198349,80.2332687378,49430,49460,30
12.9816198349,80.2332687378,49460,49470,10
12.9817199707,80.2330703735,49470,49480,10
12.9818401337,80.2328033447,49480,49488,8
12.9819297791,80.2325363159,49488,49500,12
12.982000351,80.2322463989,49500,49510,10
12.9819698334,80.2318496704,49510,49521,11
12.9819097519,80.231300354,49521,49531,10
12.981710434,80.230758667,49531,49541,10
12.9813499451,80.230140686,49541,49551,10
12.9809598923,80.2295227051,49551,49561,10
12.9807395935,80.2291793823,49561,49571,10
12.9805803299,80.2289276123,49571,49581,10
12.9805603027,80.2288894653,49581,49591,10
12.9803800583,80.2285766602,49591,49601,10
12.9802703857,80.2283477783,49601,49652,51
12.9802703857,80.2283477783,49652,49662,10
12.9801301956,80.2280273438,49662,49672,10
12.9799995422,80.2278366089,49672,49682,10
12.9799003601,80.2276306152,49682,49692,10
12.9797201157,80.2273712158,49692,49702,10
12.9794597626,80.2269363403,49702,49712,10
12.9791402817,80.2264099121,49712,49722,10
12.978770256,80.2257919312,49722,49732,10
12.9783601761,80.2251205444,49732,49742,10
12.978099823,80.2246704102,49742,49753,11
12.9778003693,80.2243118286,49753,49762,9
12.9775104523,80.2238311768,49762,49773,11
12.9771299362,80.223197937,49773,49783,10
12.9769802094,80.2229537964,49783,49793,10
12.976940155,80.2228088379,49793,49803,10
12.9770898819,80.2226791382,49803,49812,9
12.9771404266,80.2226791382,49812,49825,13
12.9774799347,80.2225418091,49825,49835,10
12.9774599075,80.2220993042,49835,49843,8
12.9774303436,80.2216186523,49843,49855,12
12.9774198532,80.2212524414,49855,49863,8
12.9776601791,80.2211990356,49863,49873,10
12.9780797958,80.2211990356,49873,49885,12
12.9788999557,80.2211227417,49885,49893,8
12.9794998169,80.2210617065,49893,49903,10
12.9801397324,80.2210388184,49903,49915,12
12.9809904099,80.2210235596,49915,49925,10
12.9815196991,80.2212905884,49925,49936,11
12.9821195602,80.2216796875,49936,49946,10
12.9825696945,80.2218017578,49946,49956,10
12.9828596115,80.2219161987,49956,49966,10
12.9828701019,80.2219314575,49966,49976,10
12.9830303192,80.2220230103,49976,49986,10
12.9832296371,80.2221908569,49986,49996,10
12.9837598801,80.2224502563,49996,50006,10
12.9842996597,80.2227783203,50006,50013,7
12.9846401215,80.2230224609,50013,50027,14
12.9854001999,80.223197937,50027,50037,10
12.986000061,80.2229537964,50037,50047,10
12.986410141,80.2229690552,50047,50057,10
12.9865198135,80.2229385376,50057,50067,10
12.9868803024,80.2230072021,50067,50077,10
12.9872198105,80.2230911255,50077,50087,10
12.9877700806,80.2229690552,50087,50097,10
12.988360405,80.2225418091,50097,50107,10
12.9889297485,80.2219772339,50107,50117,10
12.9894504547,80.2213287354,50117,50128,11
12.9901103973,80.2206115723,50128,50138,10
12.9906301498,80.2201766968,50138,50148,10
12.9906997681,80.2201309204,50148,50158,10
12.9908704758,80.2200088501,50158,50168,10
12.991230011,80.2197265625,50168,50178,10
12.991689682,80.2193984985,50178,50188,10
12.9922895432,80.2189483643,50188,50198,10
12.9930000305,80.218421936,50198,50208,10
12.9945697784,80.2172927856,50208,50218,10
12.9945697784,80.2172927856,50218,50229,11
12.9952001572,80.2168579102,50229,50237,8
12.9957399368,80.2166366577,50237,50251,14
12.9968395233,80.2164535522,50251,50261,10
12.9972896576,80.2162399292,50261,50271,10
12.9974803925,80.2160873413,50271,50281,10
12.9975996017,80.2160186768,50281,50291,10
12.9979600906,80.215713501,50291,50301,10
12.9984703064,80.2152709961,50301,50311,10
12.9990196228,80.2147903442,50311,50321,10
12.9993495941,80.2145004272,50321,50332,11
12.9998397827,80.2140808105,50332,50342,10
13.0003204346,80.2136383057,50342,50352,10
13.0008802414,80.2131576538,50352,50362,10
13.0014801025,80.2127075195,50362,50372,10
13.0019397736,80.2123718262,50372,50382,10
13.0025501251,80.212097168,50382,50392,10
13.0033197403,80.212059021,50392,50402,10
13.0040197372,80.2120437622,50402,50412,10
13.004699707,80.2123718262,50412,50422,10
13.0054197311,80.2127609253,50422,50433,11
13.0062999725,80.2127380371,50433,50443,10
13.0071697235,80.2127609253,50443,50453,10
13.0077896118,80.2129974365,50453,50463,10
13.0078401566,80.2130432129,50463,50473,10
13.0080099106,80.2131576538,50473,50483,10
13.0083398819,80.2133178711,50483,50493,10
13.0086402893,80.2135925293,50493,50503,10
13.0090904236,80.2141723633,50503,50513,10
13.0095901489,80.2148971558,50513,50523,10
13.0101003647,80.2155075073,50523,50536,13
13.0106496811,80.216293335,50536,50546,10
13.0108804703,80.217010498,50546,50556,10
13.0112600327,80.2179718018,50556,50566,10
13.0116195679,80.2190170288,50566,50576,10
13.0119895935,80.2201766968,50576,50585,9
13.0123500824,80.2211303711,50585,50596,11
13.0126895905,80.2218780518,50596,50606,10
13.0132703781,80.2224884033,50606,50616,10
13.0137701035,80.2230987549,50616,50626,10
13.0140600204,80.2234725952,50626,50637,11
13.0142803192,80.2236862183,50637,50647,10
13.0145902634,80.2239685059,50647,50657,10
13.0150003433,80.2244796753,50657,50667,10
13.0150203705,80.2245101929,50667,50677,10
13.0151700974,80.2247009277,50677,50687,10
13.0155296326,80.2249984741,50687,50697,10
13.0156402588,80.2250976563,50697,50707,10
13.0158004761,80.225227356,50707,50717,10
13.0163402557,80.2253189087,50717,50726,9
13.0169401169,80.2251434326,50726,50738,12
13.0178003311,80.2247924805,50738,50748,10
13.0185499191,80.2244873047,50748,50758,10
13.0193796158,80.2243881226,50758,50768,10
13.0199899673,80.2247085571,50768,50778,10
13.0204601288,80.2250518799,50778,50788,10
13.0208902359,80.2253570557,50788,50798,10
13.0213603973,80.2257537842,50798,50808,10
13.0218801498,80.2260971069,50808,50818,10
13.0219898224,80.2261734009,50818,50827,9
13.0221099854,80.226272583,50827,50839,12
13.0226202011,80.2267074585,50839,50849,10
13.0231895447,80.2272796631,50849,50859,10
13.0237998962,80.2277984619,50859,50869,10
13.024140358,80.2281417847,50869,50879,10
13.0244503021,80.2285385132,50879,50889,10
13.024769783,80.2289962769,50889,50899,10
13.0251998901,80.2295608521,50899,50909,10
13.0255899429,80.2301101685,50909,50919,10
13.0259199142,80.2307815552,50919,50980,61
13.0259199142,80.2307815552,50980,50990,10
13.0259504318,80.2309494019,50990,51000,10
13.0260095596,80.2312164307,51000,51010,10
13.0263299942,80.2312927246,51010,51020,10
13.027009964,80.2311096191,51020,51030,10
13.0278396606,80.2309570313,51030,51041,11
13.0285701752,80.2308731079,51041,51051,10
13.0286903381,80.2308425903,51051,51061,10
13.0292797089,80.2308197021,51061,51081,20
13.0292797089,80.2308197021,51081,51091,10
13.0297002792,80.2308120728,51091,51101,10
13.0302095413,80.230758667,51101,51111,10
13.0307703018,80.2306976318,51111,51121,10
13.0312900543,80.23072052,51121,51131,10
13.0320301056,80.2306518555,51131,51142,11
13.0328397751,80.2305374146,51142,51152,10
13.0338401794,80.230506897,51152,51172,20
13.0338401794,80.230506897,51172,51182,10
13.0340204239,80.2305221558,51182,51192,10
13.0343999863,80.2304000854,51192,51212,20
13.0343999863,80.2304000854,51212,51223,11
13.034529686,80.2303237915,51223,51233,10
13.0348901749,80.2302398682,51233,51243,10
13.0351104736,80.2303466797,51243,51253,10
13.0347204208,80.2303466797,51253,51263,10
13.0340499878,80.2304382324,51263,51274,11
13.033249855,80.2304534912,51274,51284,10
13.032409668,80.2305374146,51284,51294,10
13.0318202972,80.2306137085,51294,51304,10
13.0309801102,80.2306900024,51304,51315,11
13.0300197601,80.2307662964,51315,51324,9
13.0295200348,80.2308502197,51324,51334,10
13.0287799835,80.2308807373,51334,51344,10
13.0279197693,80.2309417725,51344,51356,12
13.0276403427,80.2312164307,51356,51366,10
13.0276899338,80.2319107056,51366,51376,10
13.0278301239,80.2325897217,51376,51386,10
13.027680397,80.2328109741,51386,51394,8
13.0272102356,80.2329101563,51394,51404,10
13.0267496109,80.2330322266,51404,51467,63
13.0267496109,80.2330322266,51467,51477,10
13.0263204575,80.2328872681,51477,51487,10
13.0263204575,80.2328872681,51487,51497,10
13.026140213,80.2322463989,51497,51506,9
13.0261096954,80.2319564819,51506,51519,13
13.0260400772,80.231590271,51519,51529,10
13.0258398056,80.2308578491,51529,51540,11
13.0253000259,80.2298278809,51540,51550,10
13.0246896744,80.2290802002,51550,51560,10
13.0242204666,80.2284393311,51560,51570,10
13.0235795975,80.2276916504,51570,51580,10
13.0229997635,80.2271270752,51580,51590,10
13.0227804184,80.2269210815,51590,51600,10
13.0224399567,80.2266235352,51600,51610,10
13.0220003128,80.2262496948,51610,51620,10
13.0213899612,80.2258071899,51620,51630,10
13.0208396912,80.2253799438,51630,51641,11
13.0202302933,80.2249679565,51641,51651,10
13.020070076,80.2248687744,51651,51661,10
13.0200099945,80.2248382568,51661,51671,10
13.0195903778,80.224571228,51671,51681,10
13.0188999176,80.2244491577,51681,51691,10
13.0181102753,80.2247390747,51691,51701,10
13.01720047,80.225112915,51701,51711,10
13.0164299011,80.225440979,51711,51721,10
13.0157899857,80.2256622314,51721,51731,10
13.0151100159,80.2259216309,51731,51742,11
13.0151100159,80.2259216309,51742,51752,10
13.0149497986,80.225982666,51752,51761,9
13.0143299103,80.2261581421,51761,51834,73
13.0143299103,80.2261581421,51834,51847,13
13.0141401291,80.225982666,51847,51854,7
13.0141401291,80.2259674072,51854,51867,13
13.0141897202,80.2256317139,51867,51877,10
13.0143299103,80.2252883911,51877,51897,20
13.0143299103,80.2252883911,51897,51907,10
13.0141801834,80.2253265381,51907,52220,313
13.0141801834,80.2253265381,52220,52230,10
13.0142402649,80.2257614136,52230,52240,10
13.0142297745,80.2259979248,52240,52251,11
13.0142202377,80.2262420654,52251,52261,10
13.013999939,80.2263412476,52261,52271,10
13.0135803223,80.2264785767,52271,52281,10
13.0130796432,80.2266921997,52281,52291,10
13.0125904083,80.2269210815,52291,52301,10
13.0119695663,80.2271499634,52301,52311,10
13.0113201141,80.2274017334,52311,52321,10
13.0105400085,80.2277069092,52321,52331,10
13.0097398758,80.2279510498,52331,52341,10
13.0096502304,80.2273406982,52341,52352,11
13.0100297928,80.2264785767,52352,52362,10
13.0103702545,80.2257080078,52362,52372,10
13.0106697083,80.2250213623,52372,52382,10
13.0109596252,80.2242584229,52382,52392,10
13.011179924,80.2236862183,52392,52402,10
13.0112304688,80.223487854,52402,52412,10
13.0114002228,80.2232208252,52412,52422,10
13.0118303299,80.2234420776,52422,52432,10
13.0123996735,80.2237701416,52432,52441,9
13.0129804611,80.2241592407,52441,52453,12
13.0139303207,80.2245635986,52453,52463,10
13.0145397186,80.224899292,52463,52473,10
13.0150604248,80.2251663208,52473,52483,10
13.0153598785,80.2252807617,52483,52493,10
13.0158004761,80.2252731323,52493,52503,10
13.0165195465,80.2252883911,52503,52513,10
13.0173797607,80.2249679565,52513,52523,10
13.0183200836,80.2246017456,52523,52533,10
13.019200325,80.2243804932,52533,52543,10
13.0198802948,80.2246322632,52543,52553,10
13.0204896927,80.2250900269,52553,52564,11
13.0211496353,80.2255706787,52564,52574,10
13.0216197968,80.2259216309,52574,52584,10
13.0222597122,80.2264633179,52584,52594,10
13.0229797363,80.2270889282,52594,52604,10
13.0236701965,80.2276916504,52604,52614,10
13.0241804123,80.2281494141,52614,52624,10
13.0243997574,80.2284088135,52624,52725,101
13.0243997574,80.2284088135,52725,52735,10
13.0243902206,80.2285690308,52735,52744,9
13.0242996216,80.2286071777,52744,52755,11
13.0241003036,80.2284317017,52755,52765,10
13.0238103867,80.2280731201,52765,52775,10
13.0234603882,80.2277069092,52775,52785,10
13.0230798721,80.2274475098,52785,52815,30
13.0230798721,80.2274475098,52815,52825,10
13.0228996277,80.2273406982,52825,52835,10
13.0226297379,80.2270431519,52835,52845,10
13.0223903656,80.2266921997,52845,52858,13
13.0217199326,80.2260818481,52858,52868,10
13.0210199356,80.2255172729,52868,52878,10
13.0199899673,80.2247924805,52878,52898,20
13.0199899673,80.2247924805,52898,52908,10
13.0196199417,80.2245483398,52908,52918,10
13.0188703537,80.2244491577,52918,52928,10
13.0180597305,80.2247467041,52928,52938,10
13.0171003342,80.2251434326,52938,52948,10
13.0163097382,80.225479126,52948,52959,11
13.0154800415,80.2258071899,52959,52969,10
13.0149898529,80.2260437012,52969,52979,10
13.0143699646,80.2262496948,52979,53019,40
13.0143699646,80.2262496948,53019,53029,10
13.0141897202,80.22631073,53029,53039,10
13.0136804581,80.2265014648,53039,53049,10
13.0130195618,80.2267379761,53049,53060,11
13.012140274,80.2270812988,53060,53070,10
13.0112199783,80.227432251,53070,53080,10
13.010219574,80.2278137207,53080,53090,10
13.0095396042,80.2277679443,53090,53100,10
13.0096902847,80.2272491455,53100,53110,10
13.0100402832,80.2265014648,53110,53120,10
13.0104598999,80.2255325317,53120,53130,10
13.0109300613,80.2244567871,53130,53140,10
13.0112895966,80.2235565186,53140,53149,9
13.0115604401,80.2228469849,53149,53161,12
13.0118904114,80.2219467163,53161,53171,10
13.0121002197,80.2213134766,53171,53179,8
13.0121498108,80.2208709717,53179,53191,12
13.0118598938,80.2200088501,53191,53201,10
13.0115604401,80.2191085815,53201,53211,10
13.0112400055,80.2180862427,53211,53221,10
13.010840416,80.2171325684,53221,53233,12
13.0104398727,80.2162780762,53233,53243,10
13.0100698471,80.2156677246,53243,53253,10
13.0096302032,80.2149276733,53253,53264,11
13.0090398788,80.2141494751,53264,53274,10
13.0084104538,80.2134170532,53274,53335,61
13.0084104538,80.2134170532,53335,53344,9
13.0080699921,80.2132568359,53344,53355,11
13.0079298019,80.2132034302,53355,53365,10
13.0078897476,80.2131881714,53365,53375,10
13.0077600479,80.2130126953,53375,53385,10
13.0075597763,80.212852478,53385,53395,10
13.0071697235,80.2127609253,53395,53405,10
13.0065898895,80.2127227783,53405,53415,10
13.005979538,80.2129516602,53415,53425,10
13.0054197311,80.2127685547,53425,53435,10
13.0048704147,80.2124328613,53435,53445,10
13.0043001175,80.2121582031,53445,53458,13
13.0032901764,80.2120666504,53458,53468,10
13.0026903152,80.2121124268,53468,53475,7
13.0024700165,80.2121734619,53475,53488,13
13.0020904541,80.2123565674,53488,53498,10
13.001660347,80.2126617432,53498,53508,10
13.0009803772,80.2132034302,53508,53518,10
13.0003900528,80.2137069702,53518,53528,10
12.9998502731,80.2141799927,53528,53538,10
12.9994401932,80.2145309448,53538,53548,10
12.9990997314,80.2148132324,53548,53559,11
12.9987001419,80.2151565552,53559,53569,10
12.9981098175,80.2156295776,53569,53579,10
12.9975595474,80.2161102295,53579,53589,10
12.9975204468,80.2161483765,53589,53599,10
12.9973297119,80.2163696289,53599,53609,10
12.9970598221,80.216506958,53609,53619,10
12.9964199066,80.2165603638,53619,53629,10
12.9956102371,80.2167510986,53629,53639,10
12.9949798584,80.2170791626,53639,53649,10
12.9948596954,80.2171478271,53649,53660,11
12.9944696426,80.2174530029,53660,53670,10
12.9938402176,80.2179031372,53670,53680,10
12.9931001663,80.2183914185,53680,53690,10
12.9923696518,80.2189712524,53690,53700,10
12.9916000366,80.2195510864,53700,53710,10
12.9907503128,80.2201385498,53710,53730,20
12.9907503128,80.2201385498,53730,53740,10
12.9905996323,80.2202377319,53740,53750,10
12.9902296066,80.2205276489,53750,53761,11
12.9897003174,80.2210464478,53761,53771,10
12.9892196655,80.2216415405,53771,53781,10
12.9887399673,80.2222671509,53781,53791,10
12.9881296158,80.2228622437,53791,53801,10
12.9876499176,80.2230987549,53801,53811,10
12.9876298904,80.2230987549,53811,53821,10
12.9873304367,80.2230834961,53821,53831,10
12.9868602753,80.2230072021,53831,53841,10
12.986410141,80.2229614258,53841,53851,10
12.9857797623,80.2229995728,53851,53862,11
12.9852600098,80.2232666016,53862,53872,10
12.9846000671,80.2229766846,53872,53882,10
12.9840097427,80.222618103,53882,53892,10
12.9834804535,80.2223205566,53892,53902,10
12.9832296371,80.22215271,53902,53912,10
12.9832201004,80.2221374512,53912,53922,10
12.9829502106,80.2220001221,53922,53932,10
12.9825897217,80.2218780518,53932,53942,10
12.9820899963,80.2216796875,53942,53952,10
12.9815502167,80.2213287354,53952,53963,11
12.9808301926,80.2210769653,53963,53973,10
12.9799604416,80.2211227417,53973,53983,10
12.9791698456,80.2211837769,53983,53993,10
12.9783000946,80.2211914063,53993,54003,10
12.9775695801,80.2211990356,54003,54013,10
12.9765100479,80.2212600708,54013,54064,51
12.9765100479,80.2212600708,54064,54074,10
12.9762401581,80.2211685181,54074,54084,10
12.9759902954,80.2213134766,54084,54094,10
12.9761896133,80.2217025757,54094,54134,40
12.9761896133,80.2217025757,54134,54144,10
12.9764299393,80.2221298218,54144,54154,10
12.9767398834,80.2225875854,54154,54165,11
12.9772100449,80.2232971191,54165,54175,10
12.9776496887,80.2239685059,54175,54185,10
12.978099823,80.2246932983,54185,54195,10
12.9785499573,80.225440979,54195,54205,10
12.9790201187,80.2262115479,54205,54215,10
12.979470253,80.2269363403,54215,54225,10
12.9799404144,80.2276382446,54225,54235,10
12.9804000854,80.2285003662,54235,54245,10
12.9808597565,80.2292785645,54245,54255,10
12.9813499451,80.2300415039,54255,54265,10
12.9816703796,80.2304992676,54265,54275,10
12.9817199707,80.2306137085,54275,54285,10
12.9819002151,80.231048584,54285,54295,10
12.9820098877,80.2317504883,54295,54306,11
12.9819402695,80.2326889038,54306,54316,10
12.9816598892,80.2333679199,54316,54326,10
12.9816102982,80.2334899902,54326,54336,10
12.9814996719,80.2337188721,54336,54346,10
12.9812498093,80.2343215942,54346,54356,10
12.9812202454,80.2351989746,54356,54369,13
12.9812698364,80.236541748,54369,54379,10
12.981300354,80.237701416,54379,54389,10
12.981300354,80.2384719849,54389,54399,10
12.981300354,80.2386398315,54399,54409,10
12.981300354,80.2387237549,54409,54419,10
12.981300354,80.2391662598,54419,54429,10
12.9813203812,80.2397766113,54429,54439,10
12.9813404083,80.2405319214,54439,54449,10
12.9813604355,80.2414474487,54449,54459,10
12.9813604355,80.2427825928,54459,54480,21
12.9813604355,80.2427825928,54480,54490,10
12.9813203812,80.2431411743,54490,54500,10
12.981300354,80.2436981201,54500,54510,10
12.9812002182,80.2444534302,54510,54520,10
12.9810800552,80.2453231812,54520,54530,10
12.9809703827,80.2462463379,54530,54540,10
12.9808797836,80.2472381592,54540,54550,10
12.9808101654,80.2482833862,54550,54560,10
12.9807395935,80.2493667603,54560,54571,11
12.9805498123,80.2503814697,54571,54581,10
12.9803199768,80.2512893677,54581,54591,10
12.980099678,80.2521972656,54591,54611,20
12.980099678,80.2521972656,54611,54621,10
12.980099678,80.2524795532,54621,54631,10
12.9804296494,80.2526321411,54631,54641,10
12.9810495377,80.2526168823,54641,54651,10
12.981880188,80.2525863647,54651,54661,10
12.9828901291,80.2525405884,54661,54672,11
12.9840898514,80.2522964478,54672,54682,10
12.9851903915,80.2519989014,54682,54692,10
12.9861497879,80.2517471313,54692,54702,10
12.9869403839,80.2515487671,54702,54712,10
12.9876804352,80.2513504028,54712,54886,174
12.9876804352,80.2513504028,54886,54896,10
12.9878702164,80.2514419556,54896,54906,10
12.9879903793,80.2518692017,54906,54916,10
12.9880104065,80.2519989014,54916,54926,10
12.9880199432,80.2523880005,54926,54936,10
12.9879302979,80.2532119751,54936,54946,10
12.987830162,80.2541885376,54946,54956,10
12.9877996445,80.2546768188,54956,54966,10
12.9877796173,80.2547988892,54966,54979,13
12.9877500534,80.255279541,54979,54987,8
12.9876899719,80.2556304932,54987,54999,12
12.9876098633,80.2561035156,54999,55009,10
12.9876003265,80.2561187744,55009,55019,10
12.9875402451,80.2562789917,55019,55029,10
12.9875001907,80.2566833496,55029,55039,10
12.987449646,80.2571334839,55039,55049,10
12.9873800278,80.2578811646,55049,55059,10
12.9872999191,80.2587280273,55059,55069,10
12.9871301651,80.2594985962,55069,55110,41
12.9871301651,80.2594985962,55110,55120,10
12.9870901108,80.2596130371,55120,55130,10
12.9869298935,80.259552002,55130,55140,10
12.9866104126,80.2593688965,55140,55282,142
12.9866104126,80.2593688965,55282,55292,10
12.9867801666,80.2590332031,55292,55371,79
12.9871501923,80.259147644,55371,55393,22
12.9871501923,80.259147644,55393,55403,10
12.987279892,80.2590026855,55403,55413,10
12.9873104095,80.2586593628,55413,55423,10
12.9873600006,80.2582168579,55423,55433,10
12.9874200821,80.2576980591,55433,55443,10
12.9874897003,80.2570724487,55443,55453,10
12.9875602722,80.2563705444,55453,55463,10
12.9875802994,80.2559204102,55463,55473,10
12.9875802994,80.2558898926,55473,55484,11
12.9876699448,80.2555389404,55484,55494,10
12.9877195358,80.2550125122,55494,55504,10
12.9877700806,80.2544403076,55504,55514,10
12.9878196716,80.2537994385,55514,55524,10
12.987859726,80.2531280518,55524,55534,10
12.9879102707,80.252456665,55534,55544,10
12.987830162,80.2519073486,55544,55554,10
12.9877996445,80.251739502,55554,55564,10
12.9875602722,80.2515792847,55564,55574,10
12.9872598648,80.2516326904,55574,55585,11
12.987039566,80.2516479492,55585,55595,10
12.986700058,80.2517471313,55595,55605,10
12.9861698151,80.2518768311,55605,55615,10
12.9854898453,80.2520065308,55615,55625,10
12.9846601486,80.2522201538,55625,55635,10
12.9837703705,80.252456665,55635,55645,10
12.9828195572,80.2526321411,55645,55655,10
12.9818496704,80.2526626587,55655,55665,10
12.9808797836,80.2526931763,55665,55675,10
12.9801702499,80.2527313232,55675,55736,61
12.9801702499,80.2527313232,55736,55746,10
12.9800100327,80.2527618408,55746,55756,10
12.9798803329,80.2527313232,55756,55766,10
12.9798002243,80.2526016235,55766,55776,10
12.9797801971,80.2525634766,55776,55786,10
12.9798202515,80.2523498535,55786,55796,10
12.9798402786,80.2522583008,55796,55806,10
12.9798898697,80.2521362305,55806,55816,10
12.9799900055,80.2518005371,55816,55826,10
12.9801702499,80.2512893677,55826,55836,10
12.9803695679,80.2506637573,55836,55847,11
12.9805698395,80.2497787476,55847,55857,10
12.9806900024,80.248878479,55857,55867,10
12.9807500839,80.2479629517,55867,55877,10
12.9808301926,80.2470932007,55877,55887,10
12.980919838,80.2461700439,55887,55897,10
12.9810400009,80.2452011108,55897,55907,10
12.9811296463,80.2442779541,55907,55917,10
12.9811601639,80.243812561,55917,55927,10
12.9812002182,80.2436904907,55927,55937,10
12.9813098907,80.2434616089,55937,55947,10
12.9813203812,80.2430725098,55947,55957,10
12.9813098907,80.2428588867,55957,55967,10
12.9813299179,80.2426605225,55967,55977,10
12.9813299179,80.2422103882,55977,55990,13
12.9813203812,80.2413787842,55990,56000,10
12.9813203812,80.2406311035,56000,56010,10
12.9813098907,80.2399673462,56010,56020,10
12.9813098907,80.2396087646,56020,56030,10
12.981300354,80.2393722534,56030,56040,10
12.9812803268,80.2387771606,56040,56050,10
12.9812498093,80.2381134033,56050,56060,10
12.9812498093,80.23777771,56060,56070,10
12.9812202454,80.2372970581,56070,56080,10
12.9812097549,80.236618042,56080,56091,11
12.9811897278,80.235786438,56091,56101,10
12.981180191,80.2350387573,56101,56111,10
12.9812097549,80.2342681885,56111,56121,10
12.9814500809,80.2336578369,56121,56131,10
12.9816102982,80.2333374023,56131,56141,10
12.9817800522,80.232963562,56141,56151,10
12.9819402695,80.2324523926,56151,56161,10
12.9819498062,80.2319793701,56161,56171,10
12.9819097519,80.2314605713,56171,56181,10
12.9818096161,80.231010437,56181,56192,11
12.981590271,80.2305831909,56192,56202,10
12.9812803268,80.2300262451,56202,56212,10
12.9809398651,80.2294692993,56212,56222,10
12.9807500839,80.2291564941,56222,56232,10
12.980629921,80.2289962769,56232,56242,10
12.9805698395,80.2288513184,56242,56252,10
12.9803600311,80.2284927368,56252,56262,10
12.9801902771,80.2281036377,56262,56272,10
12.9798698425,80.2275924683,56272,56282,10
12.9795103073,80.2269973755,56282,56293,11
12.9792098999,80.2265167236,56293,56303,10
12.9788703918,80.2259292603,56303,56313,10
12.9784803391,80.2252807617,56313,56323,10
12.9781398773,80.2247085571,56323,56333,10
12.9778499603,80.2243499756,56333,56343,10
12.9775600433,80.2238464355,56343,56353,10
12.977230072,80.2232971191,56353,56363,10
12.9769802094,80.2228622437,56363,56373,10
12.9770698547,80.2226715088,56373,56383,10
12.9771404266,80.22265625,56383,56394,11
12.9774599075,80.2226028442,56394,56404,10
12.9774999619,80.2222290039,56404,56414,10
12.9774904251,80.2216491699,56414,56424,10
12.9774703979,80.221321106,56424,56434,10
12.9774999619,80.2212219238,56434,56444,10
12.9778404236,80.2211990356,56444,56454,10
12.9783296585,80.2211685181,56454,56464,10
12.9789199829,80.2211227417,56464,56474,10
12.9796600342,80.2210693359,56474,56484,10
12.9803600311,80.2210006714,56484,56495,11
12.9810495377,80.2210464478,56495,56505,10
12.9818000793,80.2214431763,56505,56515,10
12.9822101593,80.2216491699,56515,56525,10
12.9826803207,80.2218170166,56525,56535,10
12.9828100204,80.2218780518,56535,56545,10
12.983039856,80.2220001221,56545,56555,10
12.983420372,80.2222671509,56555,56565,10
12.9839096069,80.2225418091,56565,56575,10
12.984290123,80.2227630615,56575,56585,10
12.9846601486,80.2230072021,56585,56596,11
12.9852199554,80.2232437134,56596,56606,10
12.9856500626,80.2229919434,56606,56616,10
12.9862098694,80.2229232788,56616,56626,10
12.9863996506,80.2229309082,56626,56636,10
12.9865703583,80.2229614258,56636,56646,10
12.9869403839,80.2230300903,56646,56656,10
12.9873895645,80.2230834961,56656,56666,10
12.9878797531,80.2229309082,56666,56676,10
12.9884395599,80.2224884033,56676,56686,10
12.9889097214,80.2219924927,56686,56697,11
12.9892902374,80.2215576172,56697,56707,10
12.9897403717,80.2209625244,56707,56717,10
12.9902801514,80.2204284668,56717,56727,10
12.9903802872,80.2203598022,56727,56738,11
12.9905500412,80.2202529907,56738,56747,9
12.9908599854,80.2199935913,56747,56757,10
12.9913797379,80.2195968628,56757,56767,10
12.9919500351,80.2191772461,56767,56777,10
12.9926099777,80.2186965942,56777,56787,10
12.9932804108,80.2181930542,56787,56797,10
12.9938602448,80.2177810669,56797,56809,12
12.9941596985,80.2175827026,56809,56818,9
12.9943599701,80.2174301147,56818,56828,10
12.9946804047,80.2172012329,56828,56838,10
12.9951200485,80.2169189453,56838,56848,10
12.9956197739,80.2166900635,56848,56858,10
12.9962596893,80.2165222168,56858,56867,9
12.9967699051,80.2164382935,56867,56878,11
12.9972496033,80.216293335,56878,56890,12
12.9974899292,80.2160797119,56890,56898,8
12.9975700378,80.2160797119,56898,56910,12
12.997879982,80.2158126831,56910,56918,8
12.9982099533,80.2154998779,56918,56930,12
12.9988203049,80.2149734497,56930,56940,10
12.9991397858,80.2146911621,56940,56950,10
12.9994697571,80.2144165039,56950,56960,10
12.9998998642,80.2140579224,56960,56970,10
13.0003900528,80.2136306763,56970,56980,10
13.0009298325,80.213142395,56980,56991,11
13.0014200211,80.2127609253,56991,57001,10
13.0019903183,80.212348938,57001,57011,10
13.0024795532,80.2121200562,57011,57021,10
13.0025997162,80.212097168,57021,57031,10
13.0030498505,80.2120513916,57031,57041,10
13.0036401749,80.2120285034,57041,57061,20
13.0036401749,80.2120285034,57061,57071,10
13.0039997101,80.2120285034,57071,57080,9
13.0044498444,80.2122268677,57080,57092,12
13.0050802231,80.212600708,57092,57102,10
13.0059299469,80.2128372192,57102,57112,10
13.0066995621,80.212677002,57112,57122,10
13.007809639,80.2130279541,57122,57152,30
13.007809639,80.2130279541,57152,57162,10
13.0080003738,80.213180542,57162,57172,10
13.0083703995,80.2133331299,57172,57182,10
13.0086698532,80.2136611938,57182,57193,11
13.0091695786,80.2143096924,57193,57203,10
13.0096197128,80.2149810791,57203,57213,10
13.0099096298,80.2153167725,57213,57223,10
13.0103302002,80.2158966064,57223,57233,10
13.010720253,80.2166137695,57233,57243,10
13.0110397339,80.2172927856,57243,57253,10
13.011349678,80.2181472778,57253,57263,10
13.0117101669,80.2191085815,57263,57273,10
13.0120401382,80.2201690674,57273,57285,12
13.0123796463,80.2211608887,57285,57296,11
13.0125102997,80.2213973999,57296,57306,10
13.0128602982,80.2219009399,57306,57316,10
13.0134096146,80.2225189209,57316,57326,10
13.0138702393,80.2230987549,57326,57336,10
13.0142402649,80.2236022949,57336,57346,10
13.0147199631,80.2241134644,57346,57356,10
13.0151996613,80.2247390747,57356,57366,10
13.015540123,80.2249832153,57366,57376,10
13.0158996582,80.2252197266,57376,57386,10
13.0166301727,80.2251815796,57386,57397,11
13.0176095963,80.224822998,57397,57407,10
13.0185804367,80.2244567871,57407,57417,10
13.0193796158,80.2243270874,57417,57427,10
13.0196695328,80.2244873047,57427,57437,10
13.0200500488,80.2247695923,57437,57447,10
13.0205402374,80.225151062,57447,57457,10
13.021030426,80.2255172729,57457,57467,10
13.0215797424,80.2259597778,57467,57477,10
13.0218801498,80.2261581421,57477,57487,10
13.021900177,80.2261810303,57487,57497,10
13.0219898224,80.2262496948,57497,57507,10
13.0222997665,80.2265167236,57507,57517,10
13.0228204727,80.2269668579,57517,57527,10
13.0234003067,80.2274932861,57527,57537,10
13.0239400864,80.2280273438,57537,57547,10
13.0244703293,80.2286911011,57547,57558,11
13.0250101089,80.2294006348,57558,57567,9
13.0254898071,80.2300186157,57567,57579,12
13.0256500244,80.2301864624,57579,57588,9
13.0257301331,80.2303695679,57588,57598,10
13.0258598328,80.2306137085,57598,57608,10
13.0259399414,80.230796814,57608,57618,10
13.0259895325,80.2310714722,57618,57628,10
13.0260400772,80.2313232422,57628,57638,10
13.0264196396,80.231262207,57638,57650,12
13.0273504257,80.2310333252,57650,57658,8
13.0279397964,80.2309799194,57658,57670,12
13.0280895233,80.2309494019,57670,57678,8
13.028380394,80.2309036255,57678,57688,10
13.0289802551,80.2308883667,57688,57721,33
13.0289802551,80.2308883667,57721,57731,10
13.0292196274,80.2308883667,57731,57741,10
13.0295495987,80.2308502197,57741,57751,10
13.0301198959,80.230796814,57751,57761,10
13.030790329,80.230758667,57761,57771,10
13.0313596725,80.2306976318,57771,57781,10
13.0320596695,80.2306213379,57781,57788,7
13.0325899124,80.2305679321,57788,57802,14
13.0336303711,80.2304763794,57802,57812,10
13.0342102051,80.2304763794,57812,57822,10
13.0348100662,80.2303237915,57822,57862,40
13.0348100662,80.2303237915,57862,57872,10
13.0350799561,80.2300491333,57872,57882,10
13.0349998474,80.2299194336,57882,57892,10
13.0346899033,80.2298736572,57892,57903,11
13.034239769,80.229850769,57903,58115,212
13.0341997147,80.2302474976,58115,58165,50
13.0341997147,80.2302474976,58165,58175,10
13.0339298248,80.2304916382,58175,58185,10
13.0333900452,80.2305297852,58185,58195,10
13.0326595306,80.2305908203,58195,58206,11
13.0318098068,80.2306671143,58206,58216,10
13.0310697556,80.2307434082,58216,58226,10
13.0305995941,80.230758667,58226,58236,10
13.0300703049,80.2308197021,58236,58246,10
13.0297698975,80.2308578491,58246,58256,10
13.0295295715,80.2308883667,58256,58266,10
13.0289697647,80.2309265137,58266,58276,10
13.0282096863,80.231010437,58276,58285,9
13.027680397,80.2310714722,58285,58296,11
13.0276498795,80.2314682007,58296,58307,11
13.027759552,80.2321777344,58307,58317,10
13.0278701782,80.232749939,58317,58327,10
13.0278501511,80.2327880859,58327,58337,10
13.0276699066,80.2328720093,58337,58347,10
13.0272598267,80.2329406738,58347,58357,10
13.0269098282,80.233001709,58357,58428,71
13.0269098282,80.233001709,58428,58438,10
13.0264902115,80.2329788208,58438,58448,10
13.0262403488,80.2324829102,58448,58458,10
13.0260896683,80.2317504883,58458,58468,10
13.0258598328,80.2309417725,58468,58478,10
13.0253400803,80.2300109863,58478,58488,10
13.024769783,80.2293319702,58488,58498,10
13.0246400833,80.2291564941,58498,58508,10
13.0243501663,80.228767395,58508,58520,12
13.0238103867,80.2281036377,58520,58528,8
13.023440361,80.2277069092,58528,58539,11
13.0230102539,80.2274093628,58539,58559,20
13.0230102539,80.2274093628,58559,58569,10
13.0228099823,80.2271881104,58569,58579,10
13.022649765,80.2268981934,58579,58589,10
13.0222997665,80.2265701294,58589,58598,9
13.0217504501,80.2261199951,58598,58609,11
13.0209598541,80.2255096436,58609,58619,10
13.0202503204,80.2250366211,58619,58629,10
13.0195703506,80.2246017456,58629,58639,10
13.018699646,80.2245407104,58639,58649,10
13.0177297592,80.224937439,58649,58659,10
13.0167703629,80.2253417969,58659,58669,10
13.0163698196,80.2255096436,58669,58679,10
13.0159196854,80.2256622314,58679,58689,10
13.0154104233,80.2258605957,58689,58702,13
13.0147695541,80.2261276245,58702,58712,10
13.0142803192,80.2263183594,58712,58722,10
13.0142602921,80.2263183594,58722,58732,10
13.0141401291,80.2263793945,58732,58742,10
13.0136804581,80.2265396118,58742,58752,10
13.0129899979,80.2267913818,58752,58762,10
13.0121297836,80.2271118164,58762,58772,10
13.0112104416,80.2274703979,58772,58782,10
13.0102500916,80.2278366089,58782,58792,10
13.0095300674,80.227897644,58792,58803,11
13.0095396042,80.2275238037,58803,58813,10
13.0098104477,80.2269668579,58813,58823,10
13.0101900101,80.2261734009,58823,58833,10
13.0105199814,80.2254333496,58833,58843,10
13.0106296539,80.2252120972,58843,58853,10
13.0106697083,80.2251205444,58853,58863,10
13.0108699799,80.2246322632,58863,58873,10
13.0111703873,80.2238388062,58873,58883,10
13.011349678,80.2233581543,58883,58893,10
13.0114402771,80.2231674194,58893,58904,11
13.0117101669,80.2224578857,58904,58914,10
13.0120697021,80.2215423584,58914,58924,10
13.0120401382,80.2206802368,58924,58934,10
13.0117101669,80.2196273804,58934,58944,10
13.0113401413,80.218536377,58944,58954,10
13.0109300613,80.2174682617,58954,58964,10
13.0105495453,80.2166213989,58964,58973,9
13.0101804733,80.216003418,58973,58984,11
13.0098495483,80.2153015137,58984,58994,10
13.0095100403,80.2148284912,58994,59005,11
13.009059906,80.2142333984,59005,59015,10
13.0083999634,80.213470459,59015,59065,50
13.0083999634,80.213470459,59065,59075,10
13.008190155,80.2133178711,59075,59094,19
13.008190155,80.2133178711,59094,59106,12
13.007809639,80.2130966187,59106,59116,10
13.0074396133,80.2128829956,59116,59126,10
13.0068302155,80.2127914429,59126,59136,10
13.0061302185,80.2129135132,59136,59146,10
13.0054798126,80.2128601074,59146,59156,10
13.0047702789,80.2124328613,59156,59166,10
13.0039196014,80.2121429443,59166,59176,10
13.0031795502,80.2121200562,59176,59186,10
13.0027103424,80.2121429443,59186,59196,10
13.0022201538,80.2122879028,59196,59207,11
13.0016403198,80.2126464844,59207,59217,10
13.0011796951,80.2130203247,59217,59227,10
13.0007400513,80.2134017944,59227,59237,10
13.0002098083,80.2138900757,59237,59247,10
12.9997701645,80.2142791748,59247,59257,10
12.9993400574,80.2146835327,59257,59267,10
12.9990501404,80.2149200439,59267,59276,9
12.9986696243,80.2152481079,59276,59287,11
12.998049736,80.2157974243,59287,59297,10
12.9975004196,80.2163009644,59297,59308,11
12.9972696304,80.2165298462,59308,59348,40
12.9972696304,80.2165298462,59348,59358,10
12.9968700409,80.216583252,59358,59368,10
12.9966201782,80.2165985107,59368,59378,10
12.9965801239,80.2165985107,59378,59388,10
12.9963903427,80.2166213989,59388,59398,10
12.9959697723,80.2166900635,59398,59419,21
12.9959697723,80.2166900635,59419,59429,10
12.9956703186,80.216758728,59429,59439,10
12.9955997467,80.2167816162,59439,59449,10
12.9953804016,80.2168807983,59449,59459,10
12.9953098297,80.2169189453,59459,59469,10
12.9951295853,80.2170181274,59469,59479,10
12.9949302673,80.2171630859,59479,59499,20
12.9949302673,80.2171630859,59499,59510,11
12.9947299957,80.217300415,59510,59520,10
12.9943504333,80.217590332,59520,59530,10
12.9937696457,80.2180099487,59530,59540,10
12.993060112,80.2185211182,59540,59550,10
12.9923095703,80.2190704346,59550,59560,10
12.9916095734,80.2195892334,59560,59569,9
12.9910001755,80.2200393677,59569,59580,11
12.9907798767,80.2202072144,59580,59590,10
12.9906301498,80.2203063965,59590,59602,12
12.9901199341,80.220741272,59602,59612,10
12.989569664,80.2213363647,59612,59622,10
12.9890499115,80.2220077515,59622,59632,10
12.9884195328,80.2226486206,59632,59640,8
12.9879198074,80.2230300903,59640,59652,12
12.9877195358,80.2231216431,59652,59662,10
12.987449646,80.2231216431,59662,59672,10
12.9870500565,80.2230911255,59672,59682,10
12.9866895676,80.2230224609,59682,59692,10
12.9860401154,80.2230224609,59692,59702,10
12.9854803085,80.2232971191,59702,59713,11
12.9847297668,80.2230987549,59713,59723,10
12.9842300415,80.2227935791,59723,59733,10
12.9837398529,80.2225265503,59733,59743,10
12.9832201004,80.2221984863,59743,59945,202
12.982919693,80.2219467163,59945,60086,141
12.9825601578,80.2219009399,60086,60218,132
12.9825897217,80.2218475342,60218,60390,172
12.9823102951,80.2218170166,60390,60412,22
12.9823102951,80.2218170166,60412,60420,8
12.982049942,80.2216796875,60420,60432,12
12.9816503525,80.2213973999,60432,60440,8
12.9813203812,80.2211914063,60440,60450,10
12.9807596207,80.2210464478,60450,60470,20
12.9807596207,80.2210464478,60470,60480,10
12.9803800583,80.2210769653,60480,60491,11
12.97976017,80.2211303711,60491,60500,9
12.9792098999,80.2211837769,60500,60513,13
12.9784297943,80.2212219238,60513,60523,10
12.9777202606,80.221206665,60523,60533,10
12.9767799377,80.2212677002,60533,60543,10
12.9761400223,80.221496582,60543,60563,20
12.9761400223,80.221496582,60563,60573,10
12.9763498306,80.2217407227,60573,60583,10
12.9764900208,80.2219696045,60583,60593,10
12.9764995575,80.2220077515,60593,60603,10
12.9766798019,80.222366333,60603,60613,10
12.9770402908,80.2229309082,60613,60624,11
12.977519989,80.2237167358,60624,60634,10
12.9779996872,80.2244796753,60634,60644,10
12.9783697128,80.2251205444,60644,60654,10
12.9786396027,80.2255325317,60654,60664,10
12.9788103104,80.2257995605,60664,60674,10
12.9790401459,80.2261734009,60674,60684,10
12.9792699814,80.2265625,60684,60694,10
12.9796104431,80.2271270752,60694,60703,9
12.9800701141,80.2277984619,60703,60714,11
12.9805202484,80.2286300659,60714,60725,11
12.9809598923,80.2293930054,60725,60735,10
12.9814100266,80.2300796509,60735,60745,10
12.9818201065,80.2307662964,60745,60755,10
12.9820299149,80.2315063477,60755,60765,10
12.9820804596,80.2322463989,60765,60775,10
12.9818897247,80.2330169678,60775,60785,10
12.9816303253,80.2336120605,60785,60795,10
12.9813604355,80.2341537476,60795,60803,8
12.9812498093,80.2347869873,60803,60816,13
12.9812402725,80.236000061,60816,60826,10
12.9812898636,80.2369613647,60826,60836,10
12.9813203812,80.2377090454,60836,60846,10
12.9813499451,80.2380905151,60846,60856,10
12.9813404083,80.2385787964,60856,60866,10
12.9813604355,80.2387237549,60866,60876,10
12.9813604355,80.2388534546,60876,60886,10
12.9813699722,80.2393493652,60886,60896,10
12.9813804626,80.2400283813,60896,60906,10
12.9813995361,80.2407836914,60906,60917,11
12.9814100266,80.2417068481,60917,60927,10
12.9814300537,80.2425003052,60927,60937,10
12.9814300537,80.2428817749,60937,60947,10
12.9814300537,80.2430419922,60947,60957,10
12.9814195633,80.243522644,60957,60967,10
12.9813098907,80.2442932129,60967,60977,10
12.9811897278,80.2452774048,60977,60987,10
12.9810695648,80.2463989258,60987,60997,10
12.9809398651,80.2475585938,60997,61007,10
12.9808397293,80.2486877441,61007,61018,11
12.9806995392,80.2499923706,61018,61028,10
12.9804096222,80.2511825562,61028,61038,10
12.9801797867,80.2520980835,61038,61048,10
12.9801301956,80.2524414063,61048,61058,10
12.9802999496,80.2526321411,61058,61068,10
12.9805603027,80.2526702881,61068,61078,10
12.9811496735,80.2526321411,61078,61088,10
12.982000351,80.2526016235,61088,61098,10
12.9830198288,80.2525405884,61098,61108,10
12.9840097427,80.2523269653,61108,61119,11
12.9844999313,80.2521972656,61119,61200,81
12.9844999313,80.2521972656,61200,61210,10
12.984629631,80.2521820068,61210,61220,10
12.9851398468,80.2520370483,61220,61232,12
12.985830307,80.2518692017,61232,61242,10
12.9862804413,80.2517318726,61242,61250,8
12.9866800308,80.2516403198,61250,61262,12
12.9872999191,80.2514801025,61262,61271,9
12.9875898361,80.2514190674,61271,61281,10
12.9878902435,80.2515487671,61281,61291,10
12.9880304337,80.251991272,61291,61301,10
12.9880504608,80.2520599365,61301,61310,9
12.9880599976,80.252243042,61310,61323,13
12.9880399704,80.2524108887,61323,61333,10
12.9880304337,80.2525405884,61333,61393,60
12.9880304337,80.2525405884,61393,61403,10
12.9879903793,80.2526626587,61403,61411,8
12.9879798889,80.2527923584,61411,61424,13
12.9879598618,80.253036499,61424,61434,10
12.9879398346,80.2533035278,61434,61444,10
12.9878902435,80.2539672852,61444,61454,10
12.9877996445,80.2549133301,61454,61464,10
12.987739563,80.2556686401,61464,61474,10
12.9876804352,80.2562484741,61474,61484,10
12.9876804352,80.256362915,61484,61494,10
12.9876203537,80.2568130493,61494,61504,10
12.9875898361,80.2572402954,61504,61514,10
12.9875202179,80.2578811646,61514,61525,11
12.9874696732,80.2586364746,61525,61535,10
12.9874095917,80.2590179443,61535,61545,10
12.9872198105,80.2596206665,61545,61575,30
12.9872198105,80.2596206665,61575,61585,10
12.9870700836,80.2596435547,61585,61595,10
12.986869812,80.2595977783,61595,61605,10
12.9868497849,80.2593536377,61605,61767,162
12.9868402481,80.2590408325,61767,62970,1203
12.9868402481,80.2590408325,62970,62980,10
12.9871797562,80.2591400146,62980,62990,10
12.9873504639,80.2590713501,62990,63000,10
12.9873895645,80.2586898804,63000,63010,10
12.9874095917,80.2585220337,63010,63020,10
12.9874401093,80.2582473755,63020,63030,10
12.9874601364,80.2580566406,63030,63041,11
12.9874801636,80.2576522827,63041,63051,10
12.9875202179,80.256980896,63051,63061,10
12.9875602722,80.256439209,63061,63071,10
12.9875802994,80.2562637329,63071,63252,181
12.9875802994,80.2562637329,63252,63262,10
12.9875898361,80.2559280396,63262,63272,10
12.9877300262,80.2553863525,63272,63282,10
12.987739563,80.2548904419,63282,63292,10
12.987739563,80.2548828125,63292,63302,10
12.9877996445,80.2544021606,63302,63312,10
12.9878501892,80.2536087036,63312,63322,10
12.9879102707,80.2526016235,63322,63332,10
12.9878196716,80.2518081665,63332,63345,13
12.9877796173,80.2517166138,63345,63355,10
12.9875001907,80.2516403198,63355,63365,10
12.9871397018,80.251663208,63365,63375,10
12.9867601395,80.2517623901,63375,63385,10
12.9860401154,80.2519607544,63385,63395,10
12.9850702286,80.2522201538,63395,63405,10
12.9839601517,80.2525100708,63405,63415,10
12.9827404022,80.2526931763,63415,63425,10
12.981760025,80.2527008057,63425,63435,10
12.9812402725,80.2527236938,63435,63446,11
12.9810304642,80.2527236938,63446,63456,10
12.9807500839,80.2527236938,63456,63466,10
12.9802999496,80.2527694702,63466,63506,40
12.9802999496,80.2527694702,63506,63516,10
12.9799900055,80.2527618408,63516,63526,10
12.9798898697,80.2523193359,63526,63547,21
12.9798898697,80.2523193359,63547,63557,10
12.9799499512,80.2520599365,63557,63567,10
12.9801301956,80.2516403198,63567,63577,10
12.9803695679,80.2508621216,63577,63587,10
12.9806203842,80.2498626709,63587,63597,10
12.9807500839,80.2487487793,63597,63607,10
12.9808301926,80.2477493286,63607,63617,10
12.9809303284,80.24659729,63617,63626,9
12.9810600281,80.2454223633,63626,63637,11
12.9811697006,80.2443008423,63637,63648,11
12.9812002182,80.2438735962,63648,63658,10
12.9812297821,80.2437362671,63658,63668,10
12.9813203812,80.2435913086,63668,63678,10
12.9813404083,80.2434616089,63678,63688,10
12.9813203812,80.2431411743,63688,63728,40
12.9813203812,80.2431411743,63728,63738,10
12.9813699722,80.2426605225,63738,63749,11
12.9813499451,80.2420730591,63749,63759,10
12.9813604355,80.2413482666,63759,63769,10
12.9813499451,80.2404937744,63769,63779,10
12.9813499451,80.2401275635,63779,63789,10
12.9813404083,80.2398071289,63789,63799,10
12.9813404083,80.2396392822,63799,63809,10
12.9813203812,80.2395782471,63809,63819,10
12.9813098907,80.2393035889,63819,63829,10
12.981300354,80.2388916016,63829,63839,10
12.9812898636,80.2382965088,63839,63850,11
12.9812803268,80.2380981445,63850,63860,10
12.9812803268,80.2378997803,63860,63870,10
12.9812602997,80.237411499,63870,63880,10
12.9812498093,80.2366790771,63880,63890,10
12.9812297821,80.2358703613,63890,63900,10
12.9812002182,80.2350311279,63900,63910,10
12.9812498093,80.2342910767,63910,63920,10
12.9814100266,80.2338485718,63920,63930,10
12.9815702438,80.2335205078,63930,63951,21
12.9815702438,80.2335205078,63951,63961,10
12.9816598892,80.2333374023,63961,63971,10
12.9817695618,80.2331085205,63971,63981,10
12.9818601608,80.2328491211,63981,63991,10
12.9819498062,80.2325820923,63991,64001,10
12.982000351,80.2322998047,64001,64011,10
12.9819898605,80.2319793701,64011,64021,10
12.9819698334,80.2316970825,64021,64031,10
12.9819297791,80.2313919067,64031,64041,10
12.9818496704,80.2310333252,64041,64052,11
12.9816999435,80.23072052,64052,64062,10
12.9814395905,80.2302932739,64062,64072,10
12.9811897278,80.2299118042,64072,64082,10
12.9810304642,80.2296676636,64082,64092,10
12.9808597565,80.2293930054,64092,64102,10
12.9807300568,80.2292022705,64102,64112,10
12.9806804657,80.2291183472,64112,64122,10
12.9806098938,80.2289810181,64122,64132,10
12.9803695679,80.2285919189,64132,64142,10
12.9802703857,80.2283172607,64142,64152,10
12.9800195694,80.2278900146,64152,64162,10
12.9798297882,80.2275772095,64162,64172,10
12.9794998169,80.2270202637,64172,64183,11
12.9791202545,80.226348877,64183,64193,10
12.9789400101,80.2260818481,64193,64203,10
12.9787302017,80.2257003784,64203,64213,10
12.97838974,80.2251205444,64213,64223,10
12.9781599045,80.2247619629,64223,64233,10
12.9779100418,80.2245025635,64233,64242,9
12.9778795242,80.2244491577,64242,64255,13
12.9776096344,80.223991394,64255,64265,10
12.9772901535,80.2234268188,64265,64275,10
12.9770002365,80.2229232788,64275,64283,8
12.9769601822,80.2228164673,64283,64293,10
12.9771203995,80.2227325439,64293,64305,12
12.9771699905,80.2227172852,64305,64313,8
12.977399826,80.2227020264,64313,64323,10
12.9775104523,80.2224578857,64323,64333,10
12.9774999619,80.2219085693,64333,64343,10
12.9774599075,80.2213897705,64343,64356,13
12.9766702652,80.2212905884,64356,64689,333
12.9766702652,80.2212905884,64689,64699,10
12.9763698578,80.2210922241,64699,64709,10
12.9760704041,80.2211837769,64709,64719,10
12.9761104584,80.2213973999,64719,64729,10
12.9763402939,80.2217178345,64729,64770,41
12.9763402939,80.2217178345,64770,64780,10
12.9763803482,80.2219314575,64780,64790,10
12.9765501022,80.2222366333,64790,64800,10
12.9768896103,80.2227630615,64800,64810,10
12.9772901535,80.2233963013,64810,64820,10
12.9777202606,80.2240982056,64820,64830,10
12.9779500961,80.2244415283,64830,64840,10
12.9780597687,80.2246398926,64840,64850,10
12.9781303406,80.2247924805,64850,64861,11
12.9783201218,80.2250976563,64861,64871,10
12.9785699844,80.2255172729,64871,64881,10
12.9789800644,80.2261810303,64881,64891,10
12.9793796539,80.2268218994,64891,64901,10
12.97976017,80.2274169922,64901,64911,10
12.9801502228,80.2280273438,64911,64921,10
12.9805402756,80.228729248,64921,64931,10
12.9809103012,80.2294006348,64931,64941,10
12.9813804626,80.2301101685,64941,64951,10
12.9816398621,80.2304992676,64951,64962,11
12.9816703796,80.2306365967,64962,64972,10
12.9818601608,80.2310562134,64972,64982,10
12.9820404053,80.2317581177,64982,64992,10
12.982049942,80.2323532104,64992,65002,10
12.982000351,80.2326965332,65002,65012,10
12.9817695618,80.2333068848,65012,65022,10
12.9816303253,80.2336196899,65022,65032,10
12.9814996719,80.233833313,65032,65042,10
12.9812498093,80.2344589233,65042,65052,10
12.9812297821,80.2352905273,65052,65063,11
12.9812602997,80.2363967896,65063,65073,10
12.981300354,80.2374572754,65073,65083,10
12.9813299179,80.2383422852,65083,65093,10
12.9813499451,80.2389984131,65093,65103,10
12.9813604355,80.2396469116,65103,65113,10
12.9813804626,80.2402420044,65113,65124,11
12.9813995361,80.2410888672,65124,65134,10
12.9814195633,80.2417297363,65134,65144,10
12.9814195633,80.2420501709,65144,65152,8
12.9814395905,80.2423324585,65152,65164,12
12.9814500809,80.2426605225,65164,65174,10
12.9814395905,80.2428283691,65174,65185,11
12.9814300537,80.2429885864,65185,65194,9
12.9814100266,80.2433395386,65194,65204,10
12.9813604355,80.243927002,65204,65213,9
12.9812602997,80.2446517944,65213,65224,11
12.9811296463,80.2456588745,65224,65234,10
12.9810199738,80.2466888428,65234,65244,10
12.980919838,80.2477798462,65244,65254,10
12.9808397293,80.2488632202,65254,65264,10
12.9806900024,80.2499465942,65264,65276,12
12.9803800583,80.2511825562,65276,65286,10
12.9801797867,80.2520217896,65286,65296,10
12.9801101685,80.252281189,65296,65306,10
12.9800796509,80.2524719238,65306,65316,10
12.9802103043,80.2526397705,65316,65326,10
12.9804496765,80.2527008057,65326,65336,10
12.980799675,80.2526702881,65336,65407,71
12.980799675,80.2526702881,65407,65417,10
12.980919838,80.2526397705,65417,65427,10
12.9813899994,80.2526321411,65427,65437,10
12.9820203781,80.2526168823,65437,65447,10
12.9827098846,80.2525787354,65447,65457,10
12.9833297729,80.2525177002,65457,65468,11
12.9840402603,80.2523574829,65468,65478,10
12.9847602844,80.2521591187,65478,65488,10
12.9853200912,80.2519989014,65488,65498,10
12.9859895706,80.2518310547,65498,65508,10
12.9866399765,80.2516784668,65508,65518,10
12.9871196747,80.2515411377,65518,65528,10
12.9874801636,80.2514266968,65528,65538,10
12.987739563,80.251411438,65538,65548,10
12.9877996445,80.2514419556,65548,65558,10
12.987950325,80.2516937256,65558,65569,11
12.9880504608,80.2521362305,65569,65579,10
12.9880504608,80.2522735596,65579,65589,10
12.9880199432,80.2526626587,65589,65599,10
12.9879398346,80.2533798218,65599,65609,10
12.987859726,80.2542724609,65609,65619,10
12.9877796173,80.2551193237,65619,65629,10
12.9877195358,80.2556228638,65629,65831,202
12.9877195358,80.2556228638,65831,65841,10
12.9876298904,80.2557678223,65841,65851,10
12.9876298904,80.2559280396,65851,65861,10
12.9875602722,80.2563781738,65861,65872,11
12.9875497818,80.2570037842,65872,65882,10
12.9874897003,80.2577667236,65882,65892,10
12.9874200821,80.2586593628,65892,65902,10
12.9872999191,80.2593536377,65902,65912,10
12.9872398376,80.2596282959,65912,65932,20
12.9872398376,80.2596282959,65932,65942,10
12.9870004654,80.2596511841,65942,65952,10
12.9868202209,80.2596206665,65952,65962,10
12.9866399765,80.2595596313,65962,65973,11
12.9865903854,80.2593307495,65973,65983,10
12.9866399765,80.2591629028,65983,65993,10
12.9868297577,80.2590866089,65993,66184,191
12.9868297577,80.2590866089,66184,66196,12
12.9871196747,80.2591934204,66196,66236,40
12.9871196747,80.2591934204,66236,66244,8
12.9873800278,80.2591094971,66244,66254,10
12.9873895645,80.2587890625,66254,66264,10
12.9873800278,80.258682251,66264,66277,13
12.9874000549,80.2582168579,66277,66284,7
12.9874200821,80.2577896118,66284,66297,13
12.9875297546,80.2567367554,66297,66408,111
12.9875297546,80.2567367554,66408,66418,10
12.9876699448,80.2565078735,66418,66428,10
12.987660408,80.2562637329,66428,66438,10
12.9876203537,80.2559280396,66438,66448,10
12.9877500534,80.2554702759,66448,66458,10
12.9877595901,80.254989624,66458,66468,10
12.9877595901,80.2549209595,66468,66479,11
12.9877996445,80.254447937,66479,66489,10
12.9878396988,80.2537307739,66489,66498,9
12.9878902435,80.2529830933,66498,66508,10
12.9878997803,80.2524185181,66508,66519,11
12.9878702164,80.2521972656,66519,66963,444
12.9878702164,80.2521972656,66963,66974,11
12.9878396988,80.2519607544,66974,66984,10
12.9876699448,80.2516326904,66984,66994,10
12.9871797562,80.2516784668,66994,67004,10
12.9865102768,80.2518310547,67004,67014,10
12.9857597351,80.251991272,67014,67025,11
12.9846897125,80.252281189,67025,67034,9
12.9836597443,80.2525482178,67034,67044,10
12.9824695587,80.2527084351,67044,67054,10
12.9812097549,80.252746582,67054,67065,11
12.9800796509,80.2527999878,67065,67106,41
12.9800796509,80.2527999878,67106,67115,9
12.9800100327,80.2527694702,67115,67126,11
12.9798603058,80.2523193359,67126,67145,19
12.9798603058,80.2523193359,67145,67156,11
12.9799404144,80.2520980835,67156,67165,9
12.9800701141,80.2517623901,67165,67177,12
12.980340004,80.250869751,67177,67187,10
12.9805803299,80.2498626709,67187,67197,10
12.9807195663,80.2486724854,67197,67205,8
12.980799675,80.2476806641,67205,67215,10
12.980919838,80.2463684082,67215,67225,10
12.9810800552,80.2450180054,67225,67235,10
12.9811601639,80.2440872192,67235,67245,10
12.9811697006,80.2439498901,67245,67255,10
12.9811897278,80.2438201904,67255,67298,43
12.9811897278,80.2438201904,67298,67308,10
12.9813098907,80.2435531616,67308,67318,10
12.9813098907,80.2429885864,67318,67348,30
12.9813098907,80.2429885864,67348,67358,10
12.9813499451,80.2427902222,67358,67368,10
12.9813499451,80.2425003052,67368,67379,11
12.9813404083,80.2421798706,67379,67389,10
12.9813404083,80.2416305542,67389,67399,10
12.9813404083,80.2410888672,67399,67409,10
12.9813404083,80.240562439,67409,67419,10
12.9813404083,80.2403182983,67419,67429,10
12.9813299179,80.2401885986,67429,67439,10
12.9813299179,80.2400436401,67439,67449,10
12.9813299179,80.2399368286,67449,67459,10
12.9813203812,80.2398223877,67459,67468,9
12.9813098907,80.2396621704,67468,67480,12
12.981300354,80.2390289307,67480,67490,10
12.9812698364,80.2380523682,67490,67520,30
12.9812698364,80.2380523682,67520,67530,10
12.9812602997,80.2378997803,67530,67540,10
12.9812498093,80.2378005981,67540,67550,10
12.9812402725,80.237663269,67550,67560,10
12.9812202454,80.2371673584,67560,67570,10
12.9812097549,80.2364425659,67570,67581,11
12.9811897278,80.2357177734,67581,67591,10
12.981180191,80.2351913452,67591,67601,10
12.981180191,80.2350921631,67601,67611,10
12.9811697006,80.2349395752,67611,67621,10
12.9811697006,80.2347412109,67621,67631,10
12.981180191,80.2345809937,67631,67641,10
12.981180191,80.2344512939,67641,67651,10
12.9812698364,80.23412323,67651,67661,10
12.9813098907,80.2340316772,67661,67671,10
12.9813899994,80.2338485718,67671,67682,11
12.9814395905,80.2337493896,67682,67692,10
12.9815597534,80.2335205078,67692,67722,30
12.9815597534,80.2335205078,67722,67732,10
12.9816703796,80.2333068848,67732,67742,10
12.9818000793,80.2330703735,67742,67752,10
12.9818601608,80.2328720093,67752,67762,10
12.9819402695,80.2326278687,67762,67772,10
12.9819898605,80.2323608398,67772,67783,11
12.9819602966,80.2320632935,67783,67793,10
12.9819498062,80.2317123413,67793,67803,10
12.9819097519,80.2313919067,67803,67813,10
12.9817800522,80.2309494019,67813,67823,10
12.9815397263,80.2304992676,67823,67833,10
12.9812297821,80.2300033569,67833,67843,10
12.9809703827,80.2296218872,67843,67853,10
12.9808702469,80.2294006348,67853,67863,10
12.9806995392,80.2291793823,67863,67874,11
12.9806604385,80.2291030884,67874,67884,10
12.9805698395,80.2289276123,67884,67894,10
12.9803304672,80.2285232544,67894,67904,10
12.9801998138,80.2282104492,67904,67914,10
12.9799699783,80.2278137207,67914,67924,10
12.9797201157,80.2274398804,67924,67936,12
12.9794797897,80.2270736694,67936,67946,10
12.9792995453,80.2267532349,67946,67954,8
12.9791202545,80.2264404297,67954,67966,12
12.9787502289,80.2258071899,67966,67977,11
12.9784402847,80.2252807617,67977,67987,10
12.9781904221,80.224861145,67987,68007,20
12.9781904221,80.224861145,68007,68016,9
12.9781103134,80.2247467041,68016,68027,11
12.9778404236,80.2243881226,68027,68037,10
12.9775600433,80.2239379883,68037,68047,10
12.9773797989,80.2236328125,68047,68056,9
12.9772500992,80.2234115601,68056,68065,9
12.9771699905,80.2232818604,68065,68078,13
12.9770402908,80.2230606079,68078,68088,10
12.9771604538,80.2228012085,68088,68108,20
12.9771604538,80.2228012085,68108,68118,10
12.9772396088,80.2227935791,68118,68128,10
12.9774999619,80.2227020264,68128,68138,10
12.9774703979,80.2223892212,68138,68148,10
12.9774599075,80.2218017578,68148,68158,10
12.9774303436,80.2213516235,68158,68168,10
12.9776697159,80.2212982178,68168,68179,11
12.9782304764,80.221282959,68179,68189,10
12.978770256,80.2212524414,68189,68199,10
12.9793300629,80.2212219238,68199,68209,10
12.9799499512,80.2211685181,68209,68219,10
12.9805603027,80.2210998535,68219,68229,10
12.9810600281,80.2211380005,68229,68239,10
12.9814596176,80.2213821411,68239,68249,10
12.9819297791,80.2216873169,68249,68259,10
12.9822597504,80.2218093872,68259,68280,21
12.9822597504,80.2218093872,68280,68290,10
12.9825601578,80.2219009399,68290,68320,30
12.9825601578,80.2219009399,68320,68330,10
12.9828500748,80.2220306396,68330,68350,20
12.9828500748,80.2220306396,68350,68360,10
12.9831199646,80.2221603394,68360,68370,10
12.9834299088,80.222366333,68370,68381,11
12.9835996628,80.2224884033,68381,68391,10
12.983880043,80.22265625,68391,68401,10
12.9843301773,80.2229309082,68401,68411,10
12.9849004745,80.2232589722,68411,68421,10
12.9854698181,80.2232971191,68421,68431,10
12.9859199524,80.2230682373,68431,68441,10
12.9861497879,80.2230529785,68441,68451,10
12.9862699509,80.2230377197,68451,68461,10
12.9867296219,80.2230834961,68461,68502,41
12.9867296219,80.2230834961,68502,68512,10
12.987159729,80.2231292725,68512,68522,10
12.9871997833,80.2231369019,68522,68532,10
12.9873600006,80.22315979,68532,68542,10
12.9878196716,80.2230834961,68542,68552,10
12.9884195328,80.2226409912,68552,68562,10
12.9889802933,80.2220535278,68562,68572,10
12.9894399643,80.2214508057,68572,68583,11
12.9900302887,80.2207489014,68583,68593,10
12.9903202057,80.2204971313,68593,68603,10
12.9903497696,80.2204818726,68603,68613,10
12.990650177,80.2202682495,68613,68623,10
12.9911499023,80.2198867798,68623,68633,10
12.9916496277,80.2195205688,68633,68643,10
12.9921998978,80.2191162109,68643,68653,10
12.9927501678,80.2187271118,68653,68663,10
12.9932699203,80.2183380127,68663,68673,10
12.9939498901,80.2178573608,68673,68714,41
12.9939498901,80.2178573608,68714,68724,10
12.9942102432,80.2176589966,68724,68734,10
12.9944000244,80.2175292969,68734,68743,9
12.9946804047,80.217338562,68743,68754,11
12.9950895309,80.217048645,68754,68764,10
12.9956197739,80.2167816162,68764,68774,10
12.9961700439,80.2166290283,68774,68785,11
12.9967699051,80.2165527344,68785,68805,20
12.9969100952,80.2165603638,68805,68845,40
12.9969100952,80.2165603638,68845,68855,10
12.997130394,80.2165374756,68855,68865,10
12.9975099564,80.2161865234,68865,68885,20
12.9975099564,80.2161865234,68885,68895,10
12.9977798462,80.2159729004,68895,68905,10
12.9981803894,80.2156219482,68905,68915,10
12.9987001419,80.2151565552,68915,68925,10
12.9991197586,80.2147979736,68925,68937,12
12.9995603561,80.2144165039,68937,68947,10
12.9999704361,80.2140731812,68947,68956,9
13.00041008,80.2136611938,68956,68966,10
13.0009698868,80.213180542,68966,68977,11
13.0016098022,80.2127075195,68977,68988,11
13.002240181,80.212310791,68988,68996,8
13.0025596619,80.2121887207,68996,69008,12
13.002869606,80.2121505737,69008,69016,8
13.0032997131,80.2121429443,69016,69026,10
13.0038795471,80.212059021,69026,69036,10
13.0040302277,80.212097168,69036,69048,12
13.0042200089,80.2121810913,69048,69056,8
13.0044002533,80.2122573853,69056,69066,10
13.0046701431,80.2124176025,69066,69076,10
13.0051002502,80.2126922607,69076,69089,13
13.0059604645,80.2129898071,69089,69099,10
13.0066099167,80.2128219604,69099,69109,10
13.007349968,80.2128829956,69109,69119,10
13.0078401566,80.213142395,69119,69139,20
13.0078401566,80.213142395,69139,69149,10
13.0079402924,80.213180542,69149,69159,10
13.0081195831,80.2132873535,69159,69169,10
13.0083503723,80.2134094238,69169,69180,11
13.0087003708,80.2137680054,69180,69190,10
13.0091495514,80.2143630981,69190,69200,10
13.0095596313,80.2149734497,69200,69210,10
13.0099401474,80.2154388428,69210,69220,10
13.010430336,80.2160110474,69220,69230,10
13.0107402802,80.2167510986,69230,69240,10
13.0110797882,80.2175598145,69240,69250,10
13.0114803314,80.2186126709,69250,69260,10
13.0118904114,80.2198104858,69260,69269,9
13.0122003555,80.220703125,69269,69281,12
13.0123901367,80.2211227417,69281,69291,10
13.0124702454,80.2213821411,69291,69301,10
13.0126600266,80.2216796875,69301,69311,10
13.013010025,80.2221298218,69311,69321,10
13.0134096146,80.2226486206,69321,69331,10
13.013710022,80.2230529785,69331,69341,10
13.0139398575,80.2233276367,69341,69351,10
13.014169693,80.2236328125,69351,69361,10
13.0144300461,80.2239303589,69361,69371,10
13.0148296356,80.2244033813,69371,69382,11
13.0153102875,80.2249526978,69382,69392,10
13.0155496597,80.2250900269,69392,69402,10
13.0156097412,80.2251281738,69402,69412,10
13.0159397125,80.225402832,69412,69422,10
13.0166196823,80.2253570557,69422,69432,10
13.0175104141,80.2250137329,69432,69442,10
13.0184898376,80.224609375,69442,69452,10
13.0193395615,80.2243881226,69452,69483,31
13.0193395615,80.2243881226,69483,69493,10
13.0196504593,80.2245101929,69493,69503,10
13.0198698044,80.2247009277,69503,69513,10
13.0202703476,80.2250213623,69513,69523,10
13.0208301544,80.2254180908,69523,69533,10
13.0213403702,80.2258224487,69533,69543,10
13.0218400955,80.2261581421,69543,69553,10
13.0219202042,80.2262191772,69553,69563,10
13.0220603943,80.226348877,69563,69573,10
13.0223703384,80.2266464233,69573,69584,11
13.0229196548,80.2271194458,69584,69594,10
13.0234098434,80.2275695801,69594,69604,10
13.023900032,80.228012085,69604,69614,10
13.0241298676,80.2282180786,69614,69644,30
13.0241298676,80.2282180786,69644,69654,10
13.0243797302,80.2284927368,69654,69664,10
13.0245800018,80.2287902832,69664,69674,10
13.0247497559,80.2290496826,69674,69685,11
13.0250101089,80.2294235229,69685,69695,10
13.0251598358,80.2296066284,69695,69765,70
13.0251598358,80.2296066284,69765,69775,10
13.0252399445,80.2296981812,69775,69786,11
13.0253896713,80.2298965454,69786,69796,10
13.0254802704,80.2300262451,69796,69806,10
13.0255899429,80.2301864624,69806,69816,10
13.0256795883,80.2303390503,69816,69826,10
13.0258302689,80.2306137085,69826,69836,10
13.0259199142,80.2309112549,69836,69847,11
13.0260095596,80.2312774658,69847,69856,9
13.0261802673,80.2314224243,69856,69866,10
13.0266199112,80.2313232422,69866,69876,10
13.0271196365,80.2312088013,69876,69989,113
13.0271196365,80.2312088013,69989,69999,10
13.0274400711,80.2311401367,69999,70007,8
13.0277395248,80.2310714722,70007,70047,40
13.0279102325,80.2310333252,70047,70090,43
13.0279102325,80.2310333252,70090,70100,10
13.0280599594,80.2310409546,70100,70110,10
13.0282201767,80.2310180664,70110,70120,10
13.0283002853,80.2310028076,70120,70130,10
13.0285596848,80.23097229,70130,70140,10
13.0288200378,80.2309494019,70140,70221,81
13.0288200378,80.2309494019,70221,70231,10
13.0290203094,80.2310028076,70231,70241,10
13.0293197632,80.2309494019,70241,70251,10
13.029419899,80.2309494019,70251,70261,10
13.0297803879,80.2308807373,70261,70282,21
13.0297803879,80.2308807373,70282,70292,10
13.0302696228,80.2308425903,70292,70302,10
13.0307598114,80.230796814,70302,70312,10
13.0313596725,80.2307434082,70312,70332,20
13.0313596725,80.2307434082,70332,70342,10
13.031539917,80.2307815552,70342,70352,10
13.0317401886,80.2307662964,70352,70362,10
13.0322904587,80.2307128906,70362,70372,10
13.0333404541,80.2306137085,70372,70403,31
13.0333404541,80.2306137085,70403,70413,10
13.0334100723,80.2305679321,70413,70423,10
13.0337095261,80.2305679321,70423,70433,10
13.0339899063,80.2305526733,70433,70443,10
13.0342197418,80.2305221558,70443,70453,10
13.0346803665,80.2304000854,70453,70504,51
13.0346803665,80.2304000854,70504,70514,10
13.0350198746,80.2300720215,70514,70524,10
13.0349397659,80.229888916,70524,70554,30
13.0349397659,80.229888916,70554,70563,9
13.0344800949,80.229850769,70563,70756,193
13.0342102051,80.2301101685,70756,70816,60
13.034119606,80.2304534912,70816,71161,345
13.034119606,80.2304534912,71161,71171,10
13.0340299606,80.2306137085,71171,71181,10
13.0338001251,80.2305526733,71181,71192,11
13.0333299637,80.2305526733,71192,71202,10
13.0327100754,80.2305984497,71202,71212,10
13.032119751,80.2306594849,71212,71222,10
13.0314903259,80.23072052,71222,71232,10
13.0308599472,80.2307662964,71232,71252,20
13.0308599472,80.2307662964,71252,71262,10
13.030670166,80.2307662964,71262,71272,10
13.0302095413,80.2308273315,71272,71313,41
13.0302095413,80.2308273315,71313,71323,10
13.0299196243,80.2308578491,71323,71333,10
13.029800415,80.2308883667,71333,71343,10
13.0294904709,80.2309265137,71343,71353,10
13.0289697647,80.2309570313,71353,71363,10
13.0283403397,80.2310180664,71363,71373,10
13.027759552,80.2311019897,71373,71383,10
13.0276203156,80.2313613892,71383,71394,11
13.0276603699,80.231918335,71394,71404,10
13.0277700424,80.2325134277,71404,71414,10
13.0276498795,80.2328796387,71414,71424,10
13.0274600983,80.2329025269,71424,71434,10
13.0271997452,80.233001709,71434,71444,10
13.026889801,80.233001709,71444,71454,10
13.0265197754,80.233039856,71454,71464,10
13.0262298584,80.232673645,71464,71474,10
13.0261802673,80.2325210571,71474,71484,10
13.0260896683,80.2322311401,71484,71515,31
13.0260896683,80.2322311401,71515,71525,10
13.0260295868,80.231842041,71525,71535,10
13.0259399414,80.2314834595,71535,71545,10
13.0257797241,80.2309265137,71545,71555,10
13.0254497528,80.2302627563,71555,71565,10
13.0250196457,80.229637146,71565,71575,10
13.0246896744,80.2292175293,71575,71596,21
13.0246896744,80.2292175293,71596,71606,10
13.0245800018,80.2291030884,71606,71616,10
13.0243997574,80.2288589478,71616,71626,10
13.0242795944,80.2286987305,71626,71636,10
13.0239200592,80.2282409668,71636,71646,10
13.0233402252,80.2276611328,71646,71656,10
13.0230302811,80.2274780273,71656,71676,20
13.0230302811,80.2274780273,71676,71686,10
13.0228796005,80.2273864746,71686,71697,11
13.0226602554,80.2271575928,71697,71707,10
13.022600174,80.2270431519,71707,71717,10
13.0225200653,80.2268676758,71717,71727,10
13.0221700668,80.2265701294,71727,71737,10
13.0215997696,80.2260894775,71737,71747,10
13.0209703445,80.2255935669,71747,71758,11
13.020070076,80.2249603271,71758,71778,20
13.020070076,80.2249603271,71778,71788,10
13.0198602676,80.2248001099,71788,71798,10
13.0193595886,80.2245407104,71798,71810,12
13.0184497833,80.2246398926,71810,71818,8
13.0178499222,80.2248916626,71818,71828,10
13.017080307,80.225227356,71828,71838,10
13.0163402557,80.2255630493,71838,71848,10
13.0157804489,80.2257385254,71848,71860,12
13.015250206,80.225982666,71860,71870,10
13.0145397186,80.2262420654,71870,71888,18
13.0145397186,80.2262420654,71888,71901,13
13.014380455,80.2262878418,71901,71911,10
13.0143003464,80.22631073,71911,71921,10
13.0139904022,80.2264022827,71921,71931,10
13.0134296417,80.2266235352,71931,71941,10
13.0127000809,80.2268981934,71941,71951,10
13.0118598938,80.2272262573,71951,71961,10
13.0108995438,80.2276000977,71961,71971,10
13.009929657,80.2279815674,71971,71981,10
13.0094203949,80.227722168,71981,71992,11
13.0096502304,80.227180481,71992,72002,10
13.0099802017,80.2264480591,72002,72012,10
13.0103597641,80.2256393433,72012,72022,10
13.01060009,80.2250976563,72022,72032,10
13.0107898712,80.2247009277,72032,72042,10
13.0109996796,80.2241592407,72042,72052,10
13.0112600327,80.2235107422,72052,72062,10
13.0115995407,80.2226409912,72062,72074,12
13.0119695663,80.2216033936,72074,72084,10
13.0121097565,80.2212371826,72084,72095,11
13.0119695663,80.220741272,72095,72105,10
13.0117301941,80.2199783325,72105,72115,10
13.0114498138,80.2191467285,72115,72125,10
13.0111598969,80.2183685303,72125,72135,10
13.0109901428,80.217918396,72135,72145,10
13.0108203888,80.2174987793,72145,72155,10
13.0107097626,80.2172393799,72155,72165,10
13.0105495453,80.2168426514,72165,72175,10
13.0104103088,80.2165527344,72175,72184,9
13.010310173,80.2163162231,72184,72196,12
13.0100498199,80.2158737183,72196,72206,10
13.0097398758,80.2152404785,72206,72216,10
13.0093202591,80.2146835327,72216,72226,10
13.0090398788,80.214302063,72226,72236,10
13.0088996887,80.2141265869,72236,72246,10
13.0088596344,80.2140731812,72246,72256,10
13.0088300705,80.2140426636,72256,72266,10
13.0087203979,80.2138900757,72266,72276,10
13.0086297989,80.2137832642,72276,72286,10
13.0084600449,80.2135772705,72286,72307,21
13.0084600449,80.2135772705,72307,72317,10
13.0081996918,80.2134780884,72317,72327,10
13.0082101822,80.2134933472,72327,72337,10
13.0080003738,80.2133407593,72337,72347,10
13.0077896118,80.213180542,72347,72357,10
13.0076198578,80.2129898071,72357,72367,10
13.0077400208,80.2131118774,72367,72377,10
13.0075998306,80.2129821777,72377,72387,10
13.0074596405,80.212890625,72387,72400,13
13.0072097778,80.2128219604,72400,72409,9
13.0067796707,80.2127838135,72409,72419,10
13.006070137,80.2129516602,72419,72429,10
13.0054798126,80.2128982544,72429,72440,11
13.0047998428,80.2124710083,72440,72450,10
13.0039300919,80.2121963501,72450,72459,9
13.0036897659,80.2121582031,72459,72469,10
13.0032396317,80.2121582031,72469,72478,9
13.0028400421,80.2121505737,72478,72489,11
13.002409935,80.2122268677,72489,72501,12
13.0018997192,80.2124786377,72501,72511,10
13.0016202927,80.2126693726,72511,72521,10
13.0012302399,80.2129821777,72521,72531,10
13.0008001328,80.2133026123,72531,72541,10
13.0002803802,80.2138214111,72541,72551,10
12.9997501373,80.2142715454,72551,72561,10
12.999329567,80.2146377563,72561,72571,10
12.9990196228,80.2148971558,72571,72579,8
12.9987602234,80.2151031494,72579,72591,12
12.9981098175,80.2156829834,72591,72602,11
12.9976596832,80.2160720825,72602,72612,10
12.9976501465,80.2160720825,72612,72620,8
12.997590065,80.2161102295,72620,72632,12
12.9974298477,80.2162704468,72632,72642,10
12.9971904755,80.216583252,72642,72662,20
12.9971904755,80.216583252,72662,72672,10
12.9969797134,80.2165985107,72672,72682,10
12.9966802597,80.2166213989,72682,72693,11
12.9960803986,80.2167129517,72693,72723,30
12.9960803986,80.2167129517,72723,72733,10
12.9957199097,80.2167816162,72733,72743,10
12.9955501556,80.2168197632,72743,72753,10
12.9953804016,80.2168807983,72753,72763,10
12.9951696396,80.2169799805,72763,72773,10
12.9950199127,80.2170791626,72773,72783,10
12.9948701859,80.2171783447,72783,72794,11
12.9946203232,80.2173461914,72794,72814,20
12.9946203232,80.2173461914,72814,72824,10
12.9944496155,80.2174911499,72824,72834,10
12.9940099716,80.2178192139,72834,72844,10
12.9933795929,80.21824646,72844,72854,10
12.9928197861,80.2186584473,72854,72864,10
12.9921598434,80.2191619873,72864,72874,10
12.9914398193,80.2196884155,72874,72884,10
12.9908399582,80.2201309204,72884,72895,11
12.9906301498,80.2202835083,72895,72905,10
12.9904603958,80.2204208374,72905,72915,10
12.9899997711,80.2207565308,72915,72925,10
12.9894599915,80.2213592529,72925,72935,10
12.9889602661,80.2219924927,72935,72945,10
12.988409996,80.2225723267,72945,72955,10
12.9877901077,80.2230834961,72955,72985,30
12.9877901077,80.2230834961,72985,72996,11
12.9875497818,80.2231674194,72996,73016,20
12.9875497818,80.2231674194,73016,73026,10
12.9870500565,80.2231369019,73026,73066,40
12.9870500565,80.2231369019,73066,73076,10
12.9868402481,80.2230911255,73076,73086,10
12.9864997864,80.2230300903,73086,73097,11
12.9857196808,80.2230911255,73097,73107,10
12.9852800369,80.2233581543,73107,73117,10
12.9847202301,80.2231826782,73117,73127,10
12.9841804504,80.2228088379,73127,73137,10
12.9837398529,80.2225570679,73137,73147,10
12.9832601547,80.2222671509,73147,73157,10
12.9831800461,80.2222213745,73157,73167,10
12.9830198288,80.2220993042,73167,73177,10
12.9828500748,80.2220230103,73177,73187,10
12.9826402664,80.2219390869,73187,73198,11
12.9823198318,80.2218475342,73198,73208,10
12.9818696976,80.2215881348,73208,73218,10
12.9814395905,80.2212905884,73218,73228,10
12.9807796478,80.2211227417,73228,73238,10
12.9799404144,80.221206665,73238,73248,10
12.9790096283,80.2212600708,73248,73258,10
12.9783096313,80.221282959,73258,73269,11
12.9776802063,80.2212982178,73269,73278,9
12.9769601822,80.2213363647,73278,73288,10
12.9762401581,80.2213516235,73288,73300,12
12.9760503769,80.2215423584,73300,73308,8
12.9761800766,80.2217330933,73308,73338,30
12.9761800766,80.2217330933,73338,73349,11
12.9762001038,80.2219085693,73349,73359,10
12.9763698578,80.2222366333,73359,73369,10
12.9766902924,80.22265625,73369,73379,10
12.9768199921,80.2228164673,73379,73389,10
12.976940155,80.2229995728,73389,73401,12
12.9772701263,80.2235031128,73401,73411,10
12.977640152,80.2240905762,73411,73419,8
12.977930069,80.2245407104,73419,73429,10
12.978269577,80.2250671387,73429,73441,12
12.9787302017,80.2258300781,73441,73449,8
12.9790496826,80.2263870239,73449,73459,10
12.9794902802,80.2270965576,73459,73469,10
12.9799003601,80.2277832031,73469,73479,10
12.9803695679,80.2285919189,73479,73489,10
12.9808197021,80.2293624878,73489,73502,13
12.9813995361,80.2302398682,73502,73512,10
12.9816198349,80.2305374146,73512,73522,10
12.9816904068,80.2306594849,73522,73532,10
12.9818201065,80.2310714722,73532,73542,10
12.9819602966,80.2317199707,73542,73552,10
12.9819803238,80.2323074341,73552,73562,10
12.9819202423,80.232673645,73562,73572,10
12.9818696976,80.2328414917,73572,73582,10
12.9817895889,80.2330627441,73582,73592,10
12.981710434,80.233253479,73592,73603,11
12.9815797806,80.233543396,73603,73613,10
12.9815301895,80.2336425781,73613,73623,10
12.9812898636,80.23412323,73623,73633,10
12.9811401367,80.2348403931,73633,73643,10
12.9811601639,80.2357025146,73643,73653,10
12.981180191,80.2367019653,73653,73663,10
12.9812202454,80.2376174927,73663,73673,10
12.9812402725,80.238243103,73673,73683,10
12.9812498093,80.2386703491,73683,73694,11
12.9812498093,80.2386703491,73694,73704,10
12.9812602997,80.2390899658,73704,73712,8
12.9812698364,80.2395629883,73712,73725,13
12.9812898636,80.2403335571,73725,73735,10
12.9812803268,80.2410430908,73735,73745,10
12.9812898636,80.241859436,73745,73755,10
12.9813098907,80.2424087524,73755,73765,10
12.9813203812,80.2426376343,73765,73775,10
12.9813203812,80.2427825928,73775,73785,10
12.9813299179,80.2428817749,73785,73796,11
12.9813404083,80.243347168,73796,73806,10
12.9812602997,80.2440567017,73806,73816,10
12.9811401367,80.2449417114,73816,73826,10
12.9810199738,80.2459411621,73826,73836,10
12.9808998108,80.2470092773,73836,73846,10
12.980799675,80.2481307983,73846,73856,10
12.9806995392,80.2492828369,73856,73866,10
12.9804897308,80.2504425049,73866,73876,10
12.9801902771,80.2515869141,73876,73886,10
12.9800701141,80.2522201538,73886,73897,11
12.980050087,80.2523269653,73897,73917,20
12.980050087,80.2523269653,73917,73927,10
12.9800596237,80.2525177002,73927,73936,9
12.9802398682,80.2526779175,73936,73948,12
12.9804401398,80.2527084351,73948,73958,10
12.9808998108,80.2526702881,73958,73968,10
12.9816198349,80.2526321411,73968,73978,10
12.9825296402,80.2526016235,73978,73988,10
12.983590126,80.2524414063,73988,73999,11
12.9848098755,80.2521209717,73999,74009,10
12.9858503342,80.2518463135,74009,74019,10
12.9866895676,80.2516326904,74019,74029,10
12.9870996475,80.2515029907,74029,74191,162
12.9870996475,80.2515029907,74191,74202,11
12.987449646,80.2514190674,74202,74212,10
12.9878396988,80.2514877319,74212,74222,10
12.9879198074,80.2519073486,74222,74232,10
12.9879598618,80.2524719238,74232,74242,10
12.9878797531,80.2534103394,74242,74252,10
12.9877996445,80.2544403076,74252,74262,10
12.9877595901,80.2550506592,74262,74383,121
12.9877595901,80.2550506592,74383,74393,10
12.9877099991,80.2552108765,74393,74404,11
12.987660408,80.2555084229,74404,74414,10
12.9876499176,80.2558288574,74414,74424,10
12.9875602722,80.2563934326,74424,74434,10
12.9875202179,80.2569580078,74434,74444,10
12.9874601364,80.2576522827,74444,74454,10
12.9874000549,80.2584915161,74454,74464,10
12.9873199463,80.2591781616,74464,74474,10
12.9872198105,80.2595291138,74474,74505,31
12.9871902466,80.2596588135,74505,74525,20
12.9871902466,80.2596588135,74525,74535,10
12.986989975,80.2596282959,74535,74545,10
12.9866895676,80.2595825195,74545,74555,10
12.9865198135,80.2593383789,74555,74636,81
12.9865198135,80.2593383789,74636,74646,10
12.9865703583,80.2590408325,74646,74656,10
12.9868602753,80.2590789795,74656,74697,41
12.9868602753,80.2590789795,74697,74707,10
12.9872503281,80.2589035034,74707,74717,10
12.9872999191,80.2584609985,74717,74727,10
12.9873399734,80.2578887939,74727,74737,10
12.9873895645,80.2571411133,74737,74747,10
12.9874401093,80.2564697266,74747,74757,10
12.9874601364,80.2561035156,74757,74858,101
12.9874601364,80.2561035156,74858,74868,10
12.9876003265,80.2556610107,74868,74878,10
12.9876499176,80.255027771,74878,74888,10
12.9876499176,80.2548675537,74888,74899,11
12.9876699448,80.2546005249,74899,74909,10
12.987739563,80.2539825439,74909,74919,10
12.9878196716,80.2531433105,74919,74929,10
12.9878702164,80.252281189,74929,74939,10
12.9877195358,80.2517089844,74939,74949,10
12.9876899719,80.2516784668,74949,74959,10
12.9874000549,80.2516479492,74959,74969,10
12.9870595932,80.2516937256,74969,74979,10
12.9868001938,80.2517623901,74979,74989,10
12.9863004684,80.2518920898,74989,74999,10
12.9856595993,80.2520370483,74999,75009,10
12.9851102829,80.2521820068,75009,75019,10
12.9846000671,80.2522964478,75019,75029,10
12.9838199615,80.2525100708,75029,75041,12
12.9827404022,80.2527084351,75041,75051,10
12.9818296432,80.2527389526,75051,75059,8
12.9811096191,80.252746582,75059,75070,11
12.9800596237,80.2527999878,75070,75120,50
12.9800596237,80.2527999878,75120,75132,12
12.9798002243,80.2525634766,75132,75142,10
12.9798402786,80.2523422241,75142,75150,8
12.9798603058,80.2522583008,75150,75160,10
12.9799003601,80.2520217896,75160,75170,10
12.9800701141,80.2516021729,75170,75180,10
12.9802904129,80.2508773804,75180,75190,10
12.9805202484,80.2499465942,75190,75202,12
12.9806804657,80.2487106323,75202,75213,11
12.9807796478,80.2475204468,75213,75223,10
12.9808797836,80.2463226318,75223,75233,10
12.9810199738,80.2450637817,75233,75243,10
12.9811000824,80.2440490723,75243,75253,10
12.9811401367,80.2437362671,75253,75263,10
12.9812602997,80.2434997559,75263,75273,10
12.9812602997,80.2431106567,75273,75283,10
12.9812698364,80.2428817749,75283,75293,10
12.9812803268,80.2427902222,75293,75304,11
12.9812803268,80.24243927,75304,75314,10
12.9812698364,80.2418136597,75314,75324,10
12.9812803268,80.241027832,75324,75334,10
12.9812698364,80.2402572632,75334,75344,10
12.9812602997,80.2396392822,75344,75354,10
12.9812498093,80.239112854,75354,75364,10
12.9812202454,80.2384414673,75364,75374,10
12.9812202454,80.2380371094,75374,75384,10
12.9812002182,80.2378616333,75384,75394,10
12.9811897278,80.2372970581,75394,75405,11
12.9811697006,80.2364196777,75405,75415,10
12.9811496735,80.2356414795,75415,75425,10
12.9811296463,80.2351303101,75425,75435,10
12.9811296463,80.2349624634,75435,75445,10
12.9811296463,80.2349319458,75445,75455,10
12.9811201096,80.2346115112,75455,75465,10
12.9812297821,80.2340774536,75465,75485,20
12.9812297821,80.2340774536,75485,75496,11
12.9813098907,80.23387146,75496,75506,10
12.9814596176,80.2335662842,75506,75516,10
12.9815196991,80.2334289551,75516,75526,10
12.9815502167,80.2333831787,75526,75536,10
12.9816904068,80.2331008911,75536,75546,10
12.9817695618,80.2329177856,75546,75556,10
12.9818201065,80.2327804565,75556,75566,10
12.981880188,80.2325897217,75566,75576,10
12.9819402695,80.2322998047,75576,75586,10
12.9819202423,80.2319564819,75586,75597,11
12.9819002151,80.2316207886,75597,75607,10
12.9818496704,80.2313232422,75607,75617,10
12.9816999435,80.2309112549,75617,75627,10
12.9814195633,80.2304000854,75627,75637,10
12.9810695648,80.229850769,75637,75647,10
12.9808702469,80.2295532227,75647,75657,10
12.9807195663,80.2292785645,75657,75667,10
12.9806003571,80.2290802002,75667,75676,9
12.9805603027,80.2290267944,75676,75687,11
12.9803199768,80.2286529541,75687,75698,11
12.9801902771,80.2283172607,75698,75708,10
12.9799699783,80.2279434204,75708,75718,10
12.9796304703,80.2273330688,75718,75728,10
12.9792003632,80.2266311646,75728,75738,10
12.9787797928,80.2259292603,75738,75748,10
12.9784898758,80.2254867554,75748,75758,10
12.9784402847,80.2254180908,75758,75768,10
12.9784002304,80.2253189087,75768,75778,10
12.9782896042,80.2251205444,75778,75787,9
12.9780797958,80.224822998,75787,75809,22
12.9780797958,80.224822998,75809,75819,10
12.9778699875,80.2245864868,75819,75829,10
12.9775695801,80.2241287231,75829,75839,10
12.9772195816,80.2235717773,75839,75849,10
12.9770202637,80.2232437134,75849,75859,10
12.9769601822,80.2231674194,75859,75869,10
12.976849556,80.2229690552,75869,75880,11
12.976940155,80.2227783203,75880,75890,10
12.9772901535,80.2227172852,75890,75902,12
12.9773902893,80.2224273682,75902,75912,10
12.9773797989,80.2219161987,75912,75922,10
12.9773702621,80.2214126587,75922,75941,19
12.9773702621,80.2214126587,75941,75951,10
12.9776000977,80.2212524414,75951,75962,11
12.9781999588,80.2212371826,75962,75972,10
12.9788799286,80.2211914063,75972,75981,9
12.9794197083,80.2211532593,75981,75991,10
12.9799995422,80.2211074829,75991,76001,10
12.9804601669,80.2210693359,76001,76011,10
12.9809703827,80.2211074829,76011,76023,12
12.9816198349,80.2214431763,76023,76033,10
12.9822397232,80.2218017578,76033,76041,8
12.9826602936,80.2219085693,76041,76051,10
12.9828701019,80.2220077515,76051,76061,10
12.9829797745,80.2220611572,76061,76073,12
12.9831800461,80.2221908569,76073,76081,8
12.98320961,80.2222137451,76081,76093,12
12.9834098816,80.2223587036,76093,76104,11
12.9838600159,80.2226486206,76104,76114,10
12.9843196869,80.2229003906,76114,76124,10
12.9848499298,80.2232208252,76124,76134,10
12.9853897095,80.2232666016,76134,76144,10
12.9858999252,80.2229919434,76144,76154,10
12.9864597321,80.2229766846,76154,76164,10
12.986700058,80.2230072021,76164,76174,10
12.9869203568,80.2230377197,76174,76184,10
12.9870700836,80.2230682373,76184,76195,11
12.9874696732,80.2230911255,76195,76205,10
12.9880104065,80.2228317261,76205,76215,10
12.9885702133,80.222328186,76215,76225,10
12.9890298843,80.221786499,76225,76235,10
12.989569664,80.2210769653,76235,76245,10
12.9901504517,80.220489502,76245,76255,10
12.9902801514,80.220413208,76255,76265,10
12.990530014,80.2202224731,76265,76275,10
12.9910497665,80.2198181152,76275,76285,10
12.9913101196,80.2196273804,76285,76296,11
12.9914798737,80.2194824219,76296,76306,10
12.9919900894,80.2191009521,76306,76316,10
12.9927196503,80.2185897827,76316,76326,10
12.9934501648,80.2180709839,76326,76336,10
12.9940004349,80.217666626,76336,76346,10
12.9942998886,80.2174377441,76346,76356,10
12.9946403503,80.2172012329,76356,76376,20
12.9946403503,80.2172012329,76376,76386,10
12.99477005,80.2171173096,76386,76508,122
12.99477005,80.2171173096,76508,76518,10
12.9948701859,80.2171020508,76518,76528,10
12.9951200485,80.2169418335,76528,76538,10
12.9955701828,80.2167205811,76538,76548,10
12.9960002899,80.2166137695,76548,76558,10
12.996339798,80.2165527344,76558,76568,10
12.9967098236,80.2165222168,76568,76578,10
12.9969701767,80.2164916992,76578,76588,10
12.9972600937,80.2162780762,76588,76599,11
12.9976596832,80.2159576416,76599,76609,10
12.9982204437,80.2154769897,76609,76619,10
12.9988498688,80.2149124146,76619,76629,10
12.9991397858,80.2146606445,76629,76639,10
12.9995803833,80.2142791748,76639,76646,7
12.9998703003,80.2140274048,76646,76659,13
13.000579834,80.2133789063,76659,76669,10
13.0010995865,80.2129592896,76669,76679,10
13.0014896393,80.2126693726,76679,76689,10
13.0020503998,80.2123184204,76689,76700,11
13.0025701523,80.2121124268,76700,76710,10
13.0030603409,80.212059021,76710,76720,10
13.003660202,80.2120132446,76720,76730,10
13.0042695999,80.2121887207,76730,76740,10
13.004940033,80.2125320435,76740,76750,10
13.0057096481,80.2129516602,76750,76760,10
13.0064697266,80.2127532959,76760,76770,10
13.0071601868,80.2128067017,76770,76780,10
13.0077600479,80.2130584717,76780,76790,10
13.0078401566,80.2131271362,76790,76801,11
13.0082502365,80.2133407593,76801,76811,10
13.0087604523,80.2138290405,76811,76821,10
13.0093202591,80.2145690918,76821,76831,10
13.0096302032,80.2150497437,76831,76841,10
13.0099897385,80.2155532837,76841,76851,10
13.0105400085,80.2161712646,76851,76862,11
13.0108003616,80.2169723511,76862,76872,10
13.0111598969,80.2178421021,76872,76881,9
13.0115203857,80.2189025879,76881,76892,11
13.0119800568,80.2202072144,76892,76901,9
13.0123100281,80.2211380005,76901,76912,11
13.0127601624,80.2218780518,76912,76923,11
13.0133199692,80.2225570679,76923,76933,10
13.0137901306,80.2231369019,76933,76943,10
13.0141296387,80.2235717773,76943,76953,10
13.0143404007,80.2238464355,76953,76963,10
13.0147600174,80.224357605,76963,76972,9
13.0149402618,80.2245635986,76972,76981,9
13.0150003433,80.224647522,76981,76993,12
13.0152196884,80.2248764038,76993,77004,11
13.0155801773,80.2251586914,77004,77014,10
13.0160102844,80.2253875732,77014,77024,10
13.0167303085,80.2252883911,77024,77034,10
13.0176401138,80.2249221802,77034,77044,10
13.0185804367,80.2245407104,77044,77054,10
13.0194797516,80.2245101929,77054,77064,10
13.0202999115,80.2250213623,77064,77074,10
13.0209197998,80.2254714966,77074,77084,10
13.0220003128,80.2262802124,77084,77105,21
13.0220003128,80.2262802124,77105,77115,10
13.0221700668,80.2264404297,77115,77125,10
13.0226202011,80.226852417,77125,77135,10
13.0231895447,80.2273788452,77135,77145,10
13.0237398148,80.2278823853,77145,77155,10
13.0241699219,80.228302002,77155,77165,10
13.0243501663,80.2285690308,77165,77175,10
13.0246295929,80.2290115356,77175,77185,10
13.0248804092,80.2293701172,77185,77196,11
13.0254201889,80.2300567627,77196,77206,10
13.025850296,80.2308883667,77206,77216,10
13.02602005,80.2313919067,77216,77226,10
13.0265102386,80.2312698364,77226,77236,10
13.0272397995,80.2310714722,77236,77246,10
13.0278997421,80.2309494019,77246,77256,10
13.0283203125,80.2309112549,77256,77266,10
13.0289096832,80.2308578491,77266,77276,10
13.0294799805,80.230796814,77276,77286,10
13.0301103592,80.2307510376,77286,77297,11
13.0305700302,80.2307281494,77297,77307,10
13.0309495926,80.2306900024,77307,77317,10
13.0314397812,80.2306365967,77317,77327,10
13.0318698883,80.2306137085,77327,77337,10
13.0322303772,80.2305908203,77337,77347,10
13.032910347,80.2305297852,77347,77357,10
13.0336704254,80.23046875,77357,77367,10
13.0343103409,80.2304077148,77367,77377,10
13.0347499847,80.2302703857,77377,77387,10
13.0348596573,80.2302093506,77387,77398,11
13.0350503922,80.2301177979,77398,77408,10
13.0350999832,80.229927063,77408,77428,20
13.0350999832,80.229927063,77428,77438,10
13.0349197388,80.229850769,77438,77448,10
13.0344200134,80.2297897339,77448,77579,131
13.0344200134,80.2297897339,77579,77589,10
13.0341100693,80.2300796509,77589,77610,21
13.0341100693,80.2300796509,77610,77620,10
13.034070015,80.2303924561,77620,77640,20
13.034070015,80.2303924561,77640,77650,10
13.0336704254,80.2304763794,77650,77660,10
13.0331897736,80.2305221558,77660,77670,10
13.0326595306,80.2305603027,77670,77680,10
13.0320701599,80.2306365967,77680,77689,9
13.0314798355,80.2306976318,77689,77701,12
13.0307397842,80.230758667,77701,77711,10
13.0302696228,80.230796814,77711,77721,10
13.0300302505,80.2308197021,77721,77731,10
13.0298500061,80.2308578491,77731,77741,10
13.0297298431,80.2308731079,77741,77751,10
13.0293197632,80.2309036255,77751,77761,10
13.0286102295,80.2309570313,77761,77771,10
13.027970314,80.231010437,77771,77781,10
13.0276899338,80.2310562134,77781,77791,10
13.0276498795,80.2314682007,77791,77801,10
13.0277099609,80.2321166992,77801,77813,12
13.0278196335,80.2328109741,77813,77823,10
13.0272903442,80.2329177856,77823,77873,50
13.0272903442,80.2329177856,77873,77883,10
13.0270004272,80.2329711914,77883,77894,11
13.0267000198,80.2329864502,77894,77904,10
13.0263299942,80.2329330444,77904,77912,8
13.0261697769,80.2324981689,77912,77924,12
13.0260801315,80.2319869995,77924,77934,10
13.02602005,80.2315826416,77934,77942,8
13.0258998871,80.2311172485,77942,77952,10
13.0256004333,80.2304077148,77952,77962,10
13.0250597,80.2296600342,77962,77972,10
13.0244197845,80.2288589478,77972,77982,10
13.0238599777,80.228187561,77982,77995,13
13.0232601166,80.2275924683,77995,78005,10
13.0230102539,80.227432251,78005,78025,20
13.0230102539,80.227432251,78025,78035,10
13.0227003098,80.2271881104,78035,78045,10
13.0225200653,80.2268829346,78045,78055,10
13.0221300125,80.2265625,78055,78065,10
13.0216798782,80.2261581421,78065,78075,10
13.0212202072,80.2257766724,78075,78085,10
13.0207004547,80.2253799438,78085,78096,11
13.0200099945,80.2249221802,78096,78106,10
13.0192098618,80.2244796753,78106,78116,10
13.0183000565,80.2246932983,78116,78126,10
13.0173397064,80.2250900269,78126,78134,8
13.0165996552,80.2254104614,78134,78146,12
13.0158395767,80.225692749,78146,78156,10
13.0151996613,80.2259597778,78156,78166,10
13.0147895813,80.2260971069,78166,78176,10
13.0143299103,80.2263031006,78176,78186,10
13.0141801834,80.22631073,78186,78207,21
13.0141801834,80.22631073,78207,78217,10
13.0138702393,80.2264022827,78217,78227,10
13.0132303238,80.2266616821,78227,78237,10
13.0123701096,80.2270126343,78237,78247,10
13.0113897324,80.2273864746,78247,78257,10
13.0103702545,80.2277832031,78257,78267,10
13.0095796585,80.2279663086,78267,78277,10
13.0094900131,80.2274932861,78277,78286,9
13.0097303391,80.2269897461,78286,78298,12
13.0101299286,80.2261276245,78298,78308,10
13.0103998184,80.225479126,78308,78318,10
13.0106601715,80.2249221802,78318,78328,10
13.0109300613,80.2242507935,78328,78338,10
13.0112400055,80.2235107422,78338,78348,10
13.0115299225,80.2227401733,78348,78360,12
13.0119199753,80.2216415405,78360,78370,10
13.0120601654,80.221206665,78370,78380,10
13.0119695663,80.2206497192,78380,78390,10
13.0117301941,80.2198791504,78390,78401,11
13.0114297867,80.2189331055,78401,78411,10
13.0111598969,80.218132019,78411,78421,10
13.0108699799,80.2174072266,78421,78428,7
13.0106496811,80.2169036865,78428,78441,13
13.0102396011,80.2161407471,78441,78451,10
13.0099401474,80.2155380249,78451,78461,10
13.0095901489,80.2149734497,78461,78471,10
13.00922966,80.2145004272,78471,78481,10
13.0088396072,80.2139816284,78481,78491,10
13.0084199905,80.2135314941,78491,78522,31
13.0082397461,80.213432312,78522,78543,21
13.0080795288,80.2133407593,78543,78563,20
13.0080795288,80.2133407593,78563,78574,11
13.0077896118,80.2131729126,78574,78595,21
13.0077896118,80.2131729126,78595,78605,10
13.007519722,80.2129364014,78605,78615,10
13.0070800781,80.2128295898,78615,78623,8
13.0066204071,80.2127838135,78623,78635,12
13.0059204102,80.2130203247,78635,78643,8
13.005490303,80.212928772,78643,78655,12
13.0047397614,80.2124633789,78655,78665,10
13.0039796829,80.2121734619,78665,78675,10
13.0032701492,80.2121200562,78675,78685,10
13.002699852,80.212097168,78685,78696,11
13.0022802353,80.2122268677,78696,78706,10
13.0018196106,80.2124862671,78706,78716,10
13.0013399124,80.2128601074,78716,78726,10
13.0008602142,80.2132263184,78726,78736,10
13.0003299713,80.213722229,78736,78746,10
12.9997997284,80.2142028809,78746,78756,10
12.9994497299,80.2145080566,78756,78766,10
12.9990596771,80.21484375,78766,78776,10
12.9987802505,80.2150802612,78776,78786,10
12.9983100891,80.2154464722,78786,78797,11
12.9976196289,80.2160263062,78797,78807,10
12.9972801208,80.2164077759,78807,78817,10
12.9972801208,80.2164230347,78817,78827,10
12.9972600937,80.2165374756,78827,78837,10
12.9969797134,80.2166213989,78837,78847,10
12.9964103699,80.2166519165,78847,78857,10
12.9957504272,80.216758728,78857,78867,10
12.9950799942,80.2170715332,78867,78877,10
12.9944601059,80.2174835205,78877,78887,10
12.9938297272,80.217918396,78887,78898,11
12.9930696487,80.2184371948,78898,78908,10
12.9924497604,80.2189102173,78908,78918,10
12.9917297363,80.2194824219,78918,78928,10
12.9907503128,80.2202072144,78928,78948,20
12.9907503128,80.2202072144,78948,78958,10
12.9905996323,80.2203292847,78958,78968,10
12.9902000427,80.2206192017,78968,78978,10
12.9897098541,80.2210617065,78978,78988,10
12.9892501831,80.2216186523,78988,78999,11
12.9887895584,80.2222290039,78999,79009,10
12.9883298874,80.2226791382,79009,79019,10
12.9878196716,80.2230834961,79019,79029,10
12.9875802994,80.22315979,79029,79039,10
12.9875297546,80.22315979,79039,79049,10
12.9872598648,80.2231369019,79049,79059,10
12.9870595932,80.2231063843,79059,79069,10
12.9869403839,80.2230911255,79069,79079,10
12.9865503311,80.2230300903,79079,79089,10
12.9863996506,80.2230224609,79089,79100,11
12.9860496521,80.2229995728,79100,79110,10
12.9855604172,80.2231369019,79110,79120,10
12.9852800369,80.2233200073,79120,79130,10
12.9848098755,80.22315979,79130,79140,10
12.9843502045,80.2228927612,79140,79150,10
12.9839296341,80.2226486206,79150,79160,10
12.9831600189,80.2221908569,79160,79190,30
12.9831600189,80.2221908569,79190,79201,11
12.9828901291,80.2220535278,79201,79211,10
12.9824800491,80.2218933105,79211,79221,10
12.9819097519,80.2216415405,79221,79231,10
12.9813203812,80.2212371826,79231,79241,10
12.9806003571,80.2210693359,79241,79251,10
12.9798402786,80.2211303711,79251,79261,10
12.9790802002,80.2211685181,79261,79271,10
12.9782400131,80.2212219238,79271,79281,10
12.9773902893,80.2212677002,79281,79291,10
12.9765701294,80.2212905884,79291,79302,11
12.9760398865,80.2213897705,79302,79312,10
12.9762001038,80.2216262817,79312,79352,40
12.9762001038,80.2216262817,79352,79364,12
12.976269722,80.2217407227,79364,79373,9
12.9763898849,80.2219772339,79373,79384,11
12.9767398834,80.2225799561,79384,79395,11
12.9772100449,80.2233505249,79395,79403,8
12.9776000977,80.2239837646,79403,79413,10
12.9780302048,80.2246398926,79413,79425,12
12.9783802032,80.2252197266,79425,79433,8
12.9787101746,80.225769043,79433,79445,12
12.9792804718,80.2267227173,79445,79455,10
12.9797897339,80.2275390625,79455,79463,8
12.9801998138,80.2282409668,79463,79473,10
12.9806995392,80.2290267944,79473,79485,12
12.9811496735,80.2297592163,79485,79496,11
12.9816303253,80.2304534912,79496,79506,10
12.9816799164,80.2305221558,79506,79516,10
12.9817895889,80.2307891846,79516,79526,10
12.9819602966,80.2313995361,79526,79536,10
12.9820203781,80.2321929932,79536,79546,10
12.9818696976,80.2329177856,79546,79556,10
12.9815998077,80.2335205078,79556,79566,10
12.9815702438,80.233581543,79566,79576,10
12.9815101624,80.2336883545,79576,79583,7
12.9813299179,80.2340011597,79583,79597,14
12.9811697006,80.2350997925,79597,79607,10
12.9812402725,80.236076355,79607,79617,10
12.9812803268,80.2369918823,79617,79627,10
12.981300354,80.2379074097,79627,79637,10
12.9813203812,80.2386169434,79637,79647,10
12.9813203812,80.2386779785,79647,79657,10
12.9813098907,80.2390213013,79657,79667,10
12.9813203812,80.2396316528,79667,79677,10
12.9813404083,80.2402877808,79677,79687,10
12.9813299179,80.2410202026,79687,79698,11
12.9813404083,80.2418365479,79698,79708,10
12.9813699722,80.2424468994,79708,79718,10
12.9813699722,80.242980957,79718,79728,10
12.9813604355,80.243057251,79728,79738,10
12.9813604355,80.2434616089,79738,79748,10
12.9812803268,80.2440490723,79748,79758,10
12.981180191,80.2448806763,79758,79768,10
12.9810600281,80.2458496094,79768,79778,10
12.9809398651,80.2469100952,79778,79787,9
12.9808502197,80.2479324341,79787,79799,12
12.9807500839,80.2493667603,79799,79809,10
12.9805202484,80.2505111694,79809,79819,10
12.9802398682,80.2515869141,79819,79829,10
12.9800901413,80.2521820068,79829,79839,10
12.980050087,80.2522964478,79839,79849,10
12.9801101685,80.252532959,79849,79859,10
12.9805002213,80.2526626587,79859,79869,10
12.9812297821,80.2526397705,79869,79879,10
12.9821500778,80.2525863647,79879,79889,10
12.9832296371,80.2525100708,79889,79900,11
12.9843997955,80.2522277832,79900,79910,10
12.985250473,80.2519683838,79910,79950,40
12.985250473,80.2519683838,79950,79959,9
12.9853401184,80.251953125,79959,79970,11
12.9855298996,80.2519073486,79970,79980,10
12.985710144,80.2518768311,79980,79991,11
12.9858102798,80.2518463135,79991,80001,10
12.9862203598,80.2517318726,80001,80011,10
12.9864196777,80.2516937256,80011,80081,70
12.9864196777,80.2516937256,80081,80092,11
12.9866399765,80.2516403198,80092,80102,10
12.9868202209,80.2515869141,80102,80112,10
12.9870500565,80.2515182495,80112,80122,10
12.9874696732,80.2513809204,80122,80203,81
12.9874696732,80.2513809204,80203,80213,10
12.9876899719,80.2512893677,80213,80223,10
12.9878902435,80.251663208,80223,80233,10
12.9879703522,80.2523193359,80233,80243,10
12.9878797531,80.2532272339,80243,80253,10
12.9877901077,80.2542190552,80253,80263,10
12.987660408,80.2554931641,80263,80305,42
12.987660408,80.2554931641,80305,80315,10
12.9876098633,80.2557373047,80315,80323,8
12.9875497818,80.256072998,80323,80335,12
12.9875001907,80.2568130493,80335,80345,10
12.9874401093,80.2575378418,80345,80355,10
12.9873800278,80.2582702637,80355,80364,9
12.9873199463,80.2588577271,80364,80375,11
12.987159729,80.2595825195,80375,80396,21
12.987159729,80.2595825195,80396,80406,10
12.9870796204,80.2596969604,80406,80414,8
12.9870500565,80.2596893311,80414,80426,12
12.9866800308,80.2595977783,80426,80434,8
12.9865703583,80.2593307495,80434,80446,12
12.9868202209,80.2591323853,80446,80454,8
12.9871501923,80.2591323853,80454,80476,22
12.9871501923,80.2591323853,80476,80484,8
12.9873199463,80.2588806152,80484,80497,13
12.9873695374,80.2581863403,80497,80507,10
12.9873800278,80.2574462891,80507,80517,10
12.9874696732,80.2565536499,80517,80527,10
12.9875001907,80.2559967041,80527,80547,20
12.9875001907,80.2559967041,80547,80557,10
12.9875297546,80.255859375,80557,80567,10
12.9876699448,80.2554397583,80567,80577,10
12.9877004623,80.2549667358,80577,80587,10
12.9877004623,80.2548980713,80587,80598,11
12.987739563,80.2544021606,80598,80608,10
12.9877901077,80.2538299561,80608,80618,10
12.987830162,80.2531967163,80618,80628,10
12.9878902435,80.2524795532,80628,80638,10
12.9878196716,80.2518386841,80638,80648,10
12.9877901077,80.2517471313,80648,80658,10
12.9877195358,80.2516403198,80658,80668,10
12.987449646,80.2516098022,80668,80678,10
12.9867897034,80.2517318726,80678,80688,10
12.9858798981,80.2519378662,80688,80699,11
12.9846601486,80.252281189,80699,80709,10
12.9834499359,80.2526016235,80709,80719,10
12.9821796417,80.2527236938,80719,80729,10
12.9809103012,80.252746582,80729,80739,10
12.9801301956,80.2527770996,80739,80749,10
12.9798603058,80.2526626587,80749,80759,10
12.9798898697,80.2523269653,80759,80769,10
12.9799098969,80.2521820068,80769,80778,9
12.9800300598,80.2518310547,80778,80790,12
12.9803104401,80.2510223389,80790,80800,10
12.9805402756,80.2500915527,80800,80810,10
12.9806995392,80.2490005493,80810,80820,10
12.980799675,80.247833252,80820,80830,10
12.9809103012,80.2466278076,80830,80840,10
12.9810495377,80.2453536987,80840,80850,10
12.9811496735,80.2441864014,80850,80860,10
12.9812898636,80.2436294556,80860,80870,10
12.9813203812,80.2432098389,80870,80880,10
12.9813299179,80.2429199219,80880,80891,11
12.9813499451,80.2426300049,80891,80900,9
12.9813404083,80.2421188354,80900,80911,11
12.9813404083,80.2412261963,80911,80921,10
12.9813203812,80.2403564453,80921,80931,10
12.9813098907,80.2395629883,80931,80941,10
12.9812803268,80.2388534546,80941,80951,10
12.9812602997,80.238319397,80951,80961,10
12.9812602997,80.2377700806,80961,80971,10
12.9812602997,80.2371520996,80971,80981,10
12.9812097549,80.2362136841,80981,80992,11
12.981180191,80.2350234985,80992,81002,10
12.9812698364,80.2341003418,81002,81012,10
12.9816102982,80.2333831787,81012,81022,10
12.9817304611,80.2331619263,81022,81032,10
12.9819202423,80.232673645,81032,81042,10
12.9819803238,80.2322006226,81042,81052,10
12.9819498062,80.2315826416,81052,81062,10
12.9818296432,80.2310409546,81062,81072,10
12.9815397263,80.2304382324,81072,81080,8
12.9811897278,80.2298736572,81080,81093,13
12.9808197021,80.2292785645,81093,81103,10
12.9806804657,80.2290878296,81103,81113,10
12.9805402756,80.2288208008,81113,81123,10
12.9802999496,80.2283401489,81123,81133,10
12.9799804688,80.2277908325,81133,81143,10
12.9795398712,80.2270812988,81143,81153,10
12.9790296555,80.2262420654,81153,81163,10
12.9785003662,80.2253570557,81163,81173,10
12.9780902863,80.224647522,81173,81183,10
12.9778404236,80.2243728638,81183,81194,11
12.9774799347,80.2237625122,81194,81204,10
12.9772796631,80.2234191895,81204,81214,10
12.9771995544,80.2232894897,81214,81224,10
12.9771003723,80.2231292725,81224,81235,11
12.9769496918,80.2228317261,81235,81245,10
12.9771299362,80.2226867676,81245,81255,10
12.9771299362,80.2227020264,81255,81263,8
12.9773197174,80.2226715088,81263,81274,11
12.9774904251,80.2223587036,81274,81285,11
12.9774599075,80.2217330933,81285,81296,11
12.9774398804,80.2212982178,81296,81306,10
12.9777002335,80.2212295532,81306,81316,10
12.9782600403,80.221206665,81316,81325,9
12.9788503647,80.2211837769,81325,81335,10
12.9795799255,80.2211227417,81335,81346,11
12.9804401398,80.2210388184,81346,81355,9
12.9811296463,80.2210922241,81355,81366,11
12.9818401337,80.2214813232,81366,81375,9
12.9821195602,80.2216796875,81375,81385,10
12.982509613,80.2218170166,81385,81397,12
12.9828996658,80.2219314575,81397,81407,10
12.9831104279,80.2220611572,81407,81417,10
12.9835195541,80.2223510742,81417,81427,10
12.9840698242,80.22265625,81427,81437,10
12.9847297668,80.2230834961,81437,81447,10
12.9853000641,80.2232894897,81447,81457,10
12.9855804443,80.2231063843,81457,81467,10
12.9862203598,80.2229766846,81467,81477,10
12.9865999222,80.2229995728,81477,81487,10
12.9870300293,80.2230682373,81487,81498,11
12.9876499176,80.2230682373,81498,81508,10
12.9882698059,80.2226867676,81508,81518,10
12.9889297485,80.222076416,81518,81528,10
12.9893903732,80.2215270996,81528,81538,10
12.9899196625,80.2209014893,81538,81548,10
12.9906196594,80.2203216553,81548,81558,10
12.991109848,80.2199020386,81558,81568,10
12.991519928,80.2195663452,81568,81578,10
12.9919996262,80.2192306519,81578,81589,11
12.9927301407,80.2186889648,81589,81599,10
12.9933300018,80.2182617188,81599,81609,10
12.9939098358,80.2178421021,81609,81619,10
12.9944095612,80.2174682617,81619,81629,10
12.9946899414,80.2172622681,81629,81639,10
12.9951400757,80.2169570923,81639,81649,10
12.9958095551,80.2166595459,81649,81659,10
12.9966096878,80.2165222168,81659,81669,10
12.9970197678,80.2164764404,81669,81679,10
12.9972600937,80.2163391113,81679,81690,11
12.9974498749,80.2161483765,81690,81710,20
12.9974498749,80.2161483765,81710,81720,10
12.9977302551,80.2159500122,81720,81730,10
12.9981803894,80.2155303955,81730,81740,10
12.9988203049,80.2149963379,81740,81750,10
12.9991598129,80.2147064209,81750,81760,10
12.9995298386,80.2143707275,81760,81770,10
12.9999599457,80.214012146,81770,81780,10
13.0004796982,80.2135467529,81780,81791,11
13.0011997223,80.2129516602,81791,81801,10
13.0018901825,80.2124481201,81801,81811,10
13.0025701523,80.2121124268,81811,81821,10
13.0032596588,80.2120819092,81821,81831,10
13.0038499832,80.2119979858,81831,81841,10
13.0045499802,80.212272644,81841,81851,10
13.0052995682,80.212677002,81851,81861,10
13.0060796738,80.2128601074,81861,81871,10
13.0068101883,80.2127075195,81871,81881,10
13.007610321,80.2128372192,81881,81892,11
13.0078496933,80.2130432129,81892,81902,10
13.0079402924,80.2131118774,81902,81912,10
13.0083799362,80.2133026123,81912,81922,10
13.008890152,80.2138824463,81922,81932,10
13.0094203949,80.2146224976,81932,81942,10
13.0098600388,80.2152175903,81942,81952,10
13.0103702545,80.2157821655,81952,81962,10
13.0107297897,80.2165298462,81962,81972,10
13.0109996796,80.2172164917,81972,81982,10
13.0113201141,80.217956543,81982,81993,11
13.0116701126,80.2189102173,81993,82003,10
13.0119695663,80.2198791504,82003,82013,10
13.0121803284,80.2206497192,82013,82025,12
13.0123996735,80.221496582,82025,82034,9
13.0127601624,80.2220687866,82034,82045,11
13.0133104324,80.22265625,82045,82056,11
13.0138702393,80.2232666016,82056,82066,10
13.0142202377,80.2237625122,82066,82076,10
13.0147600174,80.2243804932,82076,82085,9
13.0152101517,80.2248687744,82085,82097,12
13.0153503418,80.2257080078,82097,82107,10
13.0148000717,80.2260284424,82107,82115,8
13.0143899918,80.2261428833,82115,82400,285
13.0143899918,80.2261428833,82400,82410,10
13.0141801834,80.2261810303,82410,82430,20
13.0141801834,80.2261810303,82430,82440,10
13.014169693,80.2258605957,82440,82450,10
13.0141897202,80.2256317139,82450,82571,121
13.0141897202,80.2256317139,82571,82581,10
