13.0146303177,80.225151062,20,3029,3009
13.0145196915,80.2249298096,3029,5271,2242
13.014670372,80.2250213623,5271,5707,436
13.014670372,80.2250213623,5707,5717,10
13.0145998001,80.2251281738,5717,6656,939
13.0146799088,80.2250213623,6656,10170,3514
13.0146799088,80.2250213623,10170,10180,10
13.01445961,80.2252426147,10180,10190,10
13.0142803192,80.2253570557,10190,10200,10
13.0142602921,80.225769043,10200,10210,10
13.0142402649,80.2260131836,10210,10372,162
13.0142402649,80.2260131836,10372,10382,10
13.0140695572,80.2262802124,10382,11149,767
13.0140695572,80.2262802124,11149,11159,10
13.0136404037,80.2264404297,11159,11200,41
13.0136404037,80.2264404297,11200,11210,10
13.0131597519,80.2266693115,11210,11220,10
13.0127601624,80.2268218994,11220,11230,10
13.0122003555,80.2270278931,11230,11240,10
13.0115203857,80.2273025513,11240,11250,10
13.0108003616,80.2275695801,11250,11260,10
13.0100297928,80.2278823853,11260,11270,10
13.0095596313,80.2276306152,11270,11280,10
13.0098199844,80.2270202637,11280,11290,10
13.0101604462,80.2262802124,11290,11301,11
13.0105304718,80.2254333496,11301,11311,10
13.0108804703,80.224647522,11311,11321,10
13.0112104416,80.2238464355,11321,11331,10
13.0113401413,80.223197937,11331,11341,10
13.0110197067,80.2230377197,11341,11351,10
13.0102596283,80.2226409912,11351,11361,10
13.0097198486,80.2223434448,11361,11371,10
13.0088300705,80.221862793,11371,11381,10
13.0080604553,80.2214431763,11381,11391,10
13.0072402954,80.2210235596,11391,11402,11
13.0063896179,80.2206420898,11402,11412,10
13.0054702759,80.2204437256,11412,11422,10
13.0046396255,80.2202529907,11422,11432,10
13.0038204193,80.2200164795,11432,11442,10
13.0031700134,80.2197799683,11442,11452,10
13.0023298264,80.2192611694,11452,11462,10
13.0016403198,80.2185821533,11462,11472,10
13.0009803772,80.2181167603,11472,11482,10
13.0002803802,80.2176437378,11482,11492,10
12.9995203018,80.2171630859,11492,11503,11
12.9985103607,80.2166976929,11503,11513,10
12.9975204468,80.216506958,11513,11523,10
12.9967298508,80.2165527344,11523,11533,10
12.9960699081,80.2166824341,11533,11543,10
12.9952096939,80.2170028687,11543,11553,10
12.9946098328,80.2173995972,11553,11563,10
12.9940299988,80.2178421021,11563,11573,10
12.9933795929,80.21824646,11573,11583,10
12.992770195,80.2187423706,11583,11593,10
12.9920101166,80.2192611694,11593,11603,10
12.9912395477,80.2198181152,11603,11614,11
12.9904003143,80.2204818726,11614,11624,10
12.9897203445,80.2211685181,11624,11634,10
12.9891004562,80.2219009399,11634,11644,10
12.9885101318,80.2226486206,11644,11654,10
12.9877099991,80.2231063843,11654,11664,10
12.9869098663,80.2230300903,11664,11674,10
12.9860496521,80.2229995728,11674,11684,10
12.9854202271,80.2233505249,11684,11694,10
12.9848003387,80.2230911255,11694,11704,10
12.9841003418,80.2226486206,11704,11715,11
12.9834804535,80.2222976685,11715,11725,10
12.9829702377,80.2219924927,11725,11735,10
12.9822902679,80.2217407227,11735,11745,10
12.9816102982,80.2212905884,11745,11755,10
12.9810304642,80.2210464478,11755,11765,10
12.9802999496,80.2210769653,11765,11775,10
12.9793901443,80.2211532593,11775,11785,10
12.9785995483,80.221206665,11785,11795,10
12.9774198532,80.2212295532,11795,11804,9
12.9766597748,80.221282959,11804,11816,12
12.9759902954,80.2212982178,11816,11826,10
12.9757404327,80.2210388184,11826,11836,10
12.9754695892,80.2207794189,11836,11846,10
12.9749002457,80.220489502,11846,11856,10
12.9741697311,80.2201690674,11856,11866,10
12.9734201431,80.2198867798,11866,11876,10
12.9725799561,80.2195587158,11876,11886,10
12.9716997147,80.21925354,11886,11896,10
12.9708204269,80.2189102173,11896,11906,10
12.9698801041,80.2185592651,11906,11916,10
12.9690599442,80.21824646,11916,11927,11
12.9682703018,80.2179489136,11927,11937,10
12.9675998688,80.2176818848,11937,11947,10
12.9667797089,80.2173614502,11947,11957,10
12.965880394,80.2170028687,11957,11967,10
12.9649200439,80.2166137695,11967,11977,10
12.9640197754,80.216217041,11977,11987,10
12.9632196426,80.2158508301,11987,11997,10
12.9625101089,80.2155609131,11997,12007,10
12.9613304138,80.2151031494,12007,12017,10
12.9603204727,80.2147064209,12017,12028,11
12.9591598511,80.2142562866,12028,12038,10
12.9580898285,80.2138214111,12038,12048,10
12.956990242,80.2133712769,12048,12058,10
12.9558696747,80.2129211426,12058,12068,10
12.954750061,80.2125015259,12068,12078,10
12.9536399841,80.212059021,12078,12088,10
12.9525403976,80.2116088867,12088,12098,10
12.9514598846,80.2111816406,12098,12108,10
12.9503803253,80.2107467651,12108,12118,10
12.949379921,80.2103500366,12118,12129,11
12.9483299255,80.2099380493,12129,12139,10
12.947259903,80.2095336914,12139,12149,10
12.9461097717,80.2090835571,12149,12159,10
12.9449901581,80.2086334229,12159,12169,10
12.9440803528,80.2082824707,12169,12179,10
12.9432296753,80.207901001,12179,12189,10
12.9425802231,80.2071380615,12189,12199,10
12.9418001175,80.2064437866,12199,12209,10
12.9408998489,80.205909729,12209,12219,10
12.9399499893,80.2056121826,12219,12229,10
12.9390201569,80.205329895,12229,12240,11
12.9379796982,80.205039978,12240,12250,10
12.9370298386,80.2047805786,12250,12260,10
12.9360198975,80.204498291,12260,12270,10
12.9350700378,80.2041015625,12270,12280,10
12.9341402054,80.2039413452,12280,12290,10
12.9331798553,80.2037963867,12290,12300,10
12.9323196411,80.2034683228,12300,12310,10
12.9314203262,80.2031478882,12310,12320,10
12.9306001663,80.202911377,12320,12330,10
12.9296998978,80.2027816772,12330,12341,11
12.9286699295,80.2026062012,12341,12351,10
12.9284801483,80.2018585205,12351,12361,10
12.9284496307,80.200881958,12361,12371,10
12.9283599854,80.1998901367,12371,12381,10
12.9280195236,80.19896698,12381,12391,10
12.927479744,80.1981201172,12391,12401,10
12.9266195297,80.1976318359,12401,12411,10
12.9257802963,80.1975021362,12411,12421,10
12.9254302979,80.1975021362,12421,12431,10
12.9251899719,80.1974868774,12431,12442,11
12.9245595932,80.1974868774,12442,12452,10
12.9238996506,80.197479248,12452,12472,20
12.9222698212,80.1972808838,12472,12484,12
12.921330452,80.1970062256,12484,12492,8
12.9206695557,80.1967773438,12492,12504,12
12.9196195602,80.1964035034,12504,12514,10
12.9189195633,80.1959228516,12514,12522,8
12.9184303284,80.1954421997,12522,12534,12
12.9176397324,80.1947021484,12534,12544,10
12.9171199799,80.1940765381,12544,12554,10
12.9170198441,80.193321228,12554,12565,11
12.9171600342,80.1922836304,12565,12575,10
12.9172697067,80.1913833618,12575,12585,10
12.9173803329,80.1904220581,12585,12594,9
12.9176197052,80.1894607544,12594,12605,11
12.9182195663,80.1884994507,12605,12615,10
12.9190797806,80.1875305176,12615,12625,10
12.9198799133,80.1866073608,12625,12635,10
12.9205999374,80.1856613159,12635,12645,10
12.920419693,80.1845626831,12645,12656,11
12.9202804565,80.1840286255,12656,12666,10
12.9202203751,80.1836929321,12666,12676,10
12.9200696945,80.1830368042,12676,12686,10
12.9198799133,80.182182312,12686,12696,10
12.9196500778,80.1811294556,12696,12712,16
12.9192199707,80.179397583,12712,12724,12
12.9184303284,80.1782989502,12724,12734,10
12.9182300568,80.1774520874,12734,12744,10
12.9184703827,80.176109314,12744,12754,10
12.9187602997,80.1750030518,12754,12765,11
12.9190702438,80.1737365723,12765,12774,9
12.9193296432,80.1727218628,12774,12785,11
12.9196395874,80.1715164185,12785,12795,10
12.9199895859,80.1704406738,12795,12805,10
12.9203500748,80.1693191528,12805,12815,10
12.9207201004,80.1681365967,12815,12825,10
12.9211101532,80.1669387817,12825,12835,10
12.9214496613,80.1658782959,12835,12845,10
12.9218597412,80.1645965576,12845,12855,10
12.9222097397,80.1635131836,12855,12866,11
12.9225997925,80.1623001099,12866,12876,10
12.9229202271,80.1612091064,12876,12886,10
12.9231395721,80.1604766846,12886,12896,10
12.9231996536,80.1603088379,12896,12906,10
12.9233198166,80.1597213745,12906,12916,10
12.9234304428,80.1588287354,12916,12926,10
12.9235296249,80.1578369141,12926,12936,10
12.923620224,80.1568222046,12936,12946,10
12.9236402512,80.1557998657,12946,12956,10
12.9233798981,80.1547470093,12956,12966,10
12.9231004715,80.1536483765,12966,12977,11
12.9227800369,80.1523971558,12977,12987,10
12.9226799011,80.1512298584,12987,12997,10
12.9226503372,80.1500015259,12997,13007,10
12.9225997925,80.1488037109,13007,13017,10
12.922539711,80.1477127075,13017,13027,10
12.922539711,80.1465377808,13027,13037,10
12.9225196838,80.145362854,13037,13047,10
12.9224300385,80.1442108154,13047,13057,10
12.922419548,80.1431884766,13057,13068,11
12.922419548,80.1420822144,13068,13078,10
12.9223899841,80.1409606934,13078,13088,10
12.9223804474,80.1398773193,13088,13098,10
12.9224004745,80.1387786865,13098,13108,10
12.9224500656,80.1376190186,13108,13118,10
12.9225101471,80.1364212036,13118,13128,10
12.9225597382,80.1352233887,13128,13138,10
12.9226102829,80.1340332031,13138,13148,10
12.9226398468,80.1328811646,13148,13158,10
12.9226903915,80.1317977905,13158,13175,17
12.9227800369,80.1299514771,13175,13187,12
12.9228696823,80.1286468506,13187,13197,10
12.9229097366,80.1277618408,13197,13206,9
12.9229602814,80.1265487671,13206,13217,11
12.9229898453,80.1253967285,13217,13228,11
12.9230499268,80.1240386963,13228,13238,10
12.9230899811,80.123008728,13238,13248,10
12.9231395721,80.1218109131,13248,13258,10
12.9231996536,80.1206665039,13258,13268,10
12.9232196808,80.1203689575,13268,13279,11
12.9232597351,80.1201705933,13279,13289,10
12.9232902527,80.1195526123,13289,13299,10
12.9232797623,80.1187667847,13299,13309,10
12.9233703613,80.1179275513,13309,13319,10
12.92345047,80.1170883179,13319,13329,10
12.9235801697,80.1168212891,13329,13339,10
12.9235601425,80.1171722412,13339,13349,10
12.9236297607,80.1176681519,13349,13359,10
12.9235496521,80.1182174683,13359,13369,10
12.923500061,80.1190032959,13369,13379,10
12.9234104156,80.119758606,13379,13390,11
12.9233798981,80.1204528809,13390,13438,48
12.9232501984,80.1207275391,13438,15317,1879
12.923210144,80.1208877563,15317,15337,20
12.923210144,80.1208877563,15337,15347,10
12.9231996536,80.1212310791,15347,15357,10
12.9231796265,80.1217269897,15357,15368,11
12.9231595993,80.122543335,15368,15377,9
12.9231300354,80.1232910156,15377,15388,11
12.9231004715,80.1242904663,15388,15398,10
12.9230604172,80.1253204346,15398,15408,10
12.9229898453,80.1262893677,15408,15418,10
12.9229602814,80.1272583008,15418,15428,10
12.9229001999,80.1282196045,15428,15438,10
12.9228401184,80.12915802,15438,15448,10
12.9227895737,80.1301422119,15448,15458,10
12.9227800369,80.1310806274,15458,15468,10
12.9227399826,80.1320266724,15468,15479,11
12.9226903915,80.1330871582,15479,15489,10
12.9226398468,80.1340484619,15489,15499,10
12.9225997925,80.1350402832,15499,15509,10
12.9225597382,80.1360397339,15509,15519,10
12.9225196838,80.1370010376,15519,15529,10
12.9224700928,80.1379013062,15529,15539,10
12.9224100113,80.1388168335,15539,15549,10
12.9224100113,80.1398010254,15549,15559,10
12.9224300385,80.1408462524,15559,15569,10
12.9224395752,80.1418685913,15569,15580,11
12.9224700928,80.1428070068,15580,15590,10
12.9225502014,80.1436233521,15590,15610,20
12.9225502014,80.1436233521,15610,15620,10
12.9224996567,80.1439971924,15620,15630,10
12.9225196838,80.1446914673,15630,15640,10
12.9225597382,80.1456298828,15640,15656,16
12.9226303101,80.1473770142,15656,15668,12
12.9226102829,80.1486816406,15668,15676,8
12.922659874,80.1495895386,15676,15689,13
12.9227104187,80.151008606,15689,15699,10
12.9227600098,80.1520767212,15699,15709,10
12.9230003357,80.1531524658,15709,15719,10
12.9232597351,80.1541519165,15719,15728,9
12.9234399796,80.1547470093,15728,15739,11
12.9236698151,80.15574646,15739,15749,10
12.9236698151,80.1567687988,15749,15760,11
12.9235601425,80.1578979492,15760,15769,9
12.9234895706,80.1587600708,15769,15779,10
12.9233999252,80.1597137451,15779,15791,12
12.9231595993,80.1608200073,15791,15801,10
12.9228496552,80.161781311,15801,15811,10
12.9224996567,80.1628265381,15811,15821,10
12.9221801758,80.1638870239,15821,15831,10
12.9218397141,80.1649475098,15831,15841,10
12.9215202332,80.1660003662,15841,15851,10
12.9211902618,80.1670074463,15851,15861,10
12.9209403992,80.1678695679,15861,15871,10
12.9208602905,80.1680908203,15871,15881,10
12.92070961,80.1683807373,15881,15892,11
12.9204998016,80.1689834595,15892,15902,10
12.9203100204,80.1697006226,15902,15912,10
12.9200696945,80.1705627441,15912,15922,10
12.9198799133,80.1712036133,15922,15952,30
12.9198799133,80.1712036133,15952,15962,10
12.9197702408,80.1715393066,15962,15972,10
12.9196395874,80.1719970703,15972,15982,10
12.9194297791,80.1726989746,15982,15992,10
12.919210434,80.173500061,15992,16003,11
12.9189395905,80.1745834351,16003,16013,10
12.918680191,80.1757202148,16013,16023,10
12.9184703827,80.1766815186,16023,16033,10
12.9184398651,80.1768417358,16033,16043,10
12.918390274,80.1770172119,16043,16053,10
12.918299675,80.1776123047,16053,16063,10
12.9185695648,80.1784133911,16063,16073,10
12.9191598892,80.1792297363,16073,16083,10
12.919500351,80.1802368164,16083,16104,21
12.9200000763,80.1825637817,16104,16114,10
12.9202404022,80.18359375,16114,16123,9
12.9204397202,80.1844329834,16123,16134,11
12.9206800461,80.1853179932,16134,16144,10
12.92070961,80.1855316162,16144,16154,10
12.9206104279,80.1859207153,16154,16164,10
12.9201602936,80.1864776611,16164,16174,10
12.9199695587,80.1867218018,16174,16184,10
12.9197301865,80.1869888306,16184,16194,10
12.9193000793,80.187461853,16194,16204,10
12.9187698364,80.1880722046,16204,16215,11
12.9181098938,80.1887969971,16215,16225,10
12.9176597595,80.1895904541,16225,16235,10
12.9174699783,80.1904830933,16235,16245,10
12.9173603058,80.1914215088,16245,16255,10
12.9171495438,80.1929779053,16255,16291,36
12.9171495438,80.1929779053,16291,16303,12
12.9170999527,80.1931228638,16303,16313,10
12.9170999527,80.1935195923,16313,16324,11
12.9171199799,80.1937713623,16324,16334,10
12.9172697067,80.1942596436,16334,16343,9
12.9176797867,80.1947402954,16343,16354,11
12.9183197021,80.1953430176,16354,16365,11
12.9189996719,80.1959762573,16365,16375,10
12.9198799133,80.1965103149,16375,16385,10
12.9207401276,80.1968231201,16385,16395,10
12.921620369,80.1971206665,16395,16405,10
12.9224996567,80.1973419189,16405,16416,11
12.9234695435,80.1974563599,16416,16426,10
12.9243803024,80.1975097656,16426,16436,10
12.925160408,80.197479248,16436,16446,10
12.9253902435,80.197479248,16446,16456,10
12.9258804321,80.1974868774,16456,16466,10
12.926609993,80.1976394653,16466,16476,10
12.9273395538,80.1980133057,16476,16486,10
12.9279298782,80.1986694336,16486,16496,10
12.9283304214,80.1995391846,16496,16506,10
12.9285202026,80.2005004883,16506,16516,10
12.9285497665,80.2015075684,16516,16527,11
12.9286603928,80.2025222778,16527,16537,10
12.9293203354,80.2027206421,16537,16547,10
12.9296998978,80.2027816772,16547,16557,10
12.9298801422,80.202796936,16557,16567,10
12.9304199219,80.2028808594,16567,16577,10
12.9311304092,80.2030487061,16577,16587,10
12.9319496155,80.2033081055,16587,16597,10
12.9328203201,80.2035903931,16597,16607,10
12.9340200424,80.2038879395,16607,16628,21
12.9340200424,80.2038879395,16628,16638,10
12.9342803955,80.2039031982,16638,16648,10
12.9348297119,80.2039871216,16648,16658,10
12.9355802536,80.2042922974,16658,16668,10
12.9364500046,80.2045669556,16668,16678,10
12.9373102188,80.2048187256,16678,16688,10
12.9381904602,80.2050704956,16688,16698,10
12.9391002655,80.2053375244,16698,16708,10
12.9399204254,80.205581665,16708,16718,10
12.9400901794,80.2056427002,16718,16728,10
12.9404802322,80.2057571411,16728,16739,11
12.9412002563,80.2060394287,16739,16749,10
12.9418201447,80.2064285278,16749,16759,10
12.9424695969,80.2069168091,16759,16769,10
12.9429798126,80.2075576782,16769,16779,10
12.9435997009,80.2080764771,16779,16789,10
12.9444103241,80.208366394,16789,16799,10
12.9446601868,80.2084579468,16799,16809,10
12.945110321,80.2086334229,16809,16819,10
12.9458198547,80.2089080811,16819,16829,10
12.9466295242,80.2092285156,16829,16840,11
12.9475002289,80.2095794678,16840,16850,10
12.9482402802,80.2098464966,16850,16860,10
12.9490499496,80.2101669312,16860,16870,10
12.9500303268,80.2105636597,16870,16880,10
12.9511299133,80.2109985352,16880,16890,10
12.9521999359,80.2114334106,16890,16900,10
12.9532003403,80.2117996216,16900,16910,10
12.9537000656,80.2119903564,16910,16920,10
12.9539003372,80.2120895386,16920,16930,10
12.9544801712,80.2123336792,16930,16941,11
12.9553699493,80.2126922607,16941,16951,10
12.9563102722,80.2130508423,16951,16961,10
12.9573497772,80.2134628296,16961,16971,10
12.9584197998,80.2138977051,16971,16981,10
12.9593801498,80.2142791748,16981,16991,10
12.9603796005,80.2146835327,16991,17001,10
12.9613895416,80.2150878906,17001,17011,10
12.9624595642,80.2154998779,17011,17021,10
12.9633798599,80.2158584595,17021,17031,10
12.9641304016,80.2161865234,17031,17041,10
12.9650602341,80.2165679932,17041,17057,16
12.9665203094,80.2171630859,17057,17070,13
12.9675397873,80.2175598145,17070,17080,10
12.9681596756,80.2178192139,17080,17090,10
12.9692897797,80.2182617188,17090,17100,10
12.9703598022,80.2186813354,17100,17110,10
12.9714202881,80.2191009521,17110,17120,10
12.9724597931,80.2195205688,17120,17130,10
12.9735002518,80.2199172974,17130,17140,10
12.9744596481,80.2203292847,17140,17150,10
12.9753799438,80.2207183838,17150,17161,11
12.9760904312,80.2212295532,17161,17191,30
12.9760904312,80.2212295532,17191,17201,10
12.9761800766,80.2213134766,17201,17211,10
12.976559639,80.221282959,17211,17221,10
12.9771699905,80.2212905884,17221,17231,10
12.9779100418,80.2212524414,17231,17241,10
12.9787302017,80.2212219238,17241,17251,10
12.979590416,80.2211608887,17251,17262,11
12.9805297852,80.2210617065,17262,17272,10
12.9813203812,80.2211380005,17272,17282,10
12.9819002151,80.2214584351,17282,17292,10
12.9827203751,80.2218399048,17292,17301,9
12.9829902649,80.2219772339,17301,17312,11
12.9832201004,80.22215271,17312,17322,10
12.9837999344,80.2225036621,17322,17332,10
12.9844903946,80.2229003906,17332,17342,10
12.9852399826,80.2232513428,17342,17352,10
12.985710144,80.2230377197,17352,17363,11
12.9864997864,80.2229919434,17363,17373,10
12.9866800308,80.2229919434,17373,17383,10
12.9871397018,80.2230529785,17383,17393,10
12.987830162,80.2230377197,17393,17403,10
12.9884500504,80.2225799561,17403,17413,10
12.9890203476,80.2219772339,17413,17423,10
12.9895496368,80.2212982178,17423,17433,10
12.9901599884,80.2206192017,17433,17443,10
12.9905195236,80.2203216553,17443,17453,10
12.9906597137,80.2202529907,17453,17463,10
12.9910202026,80.2199630737,17463,17474,11
12.9914302826,80.2196426392,17474,17484,10
12.9917697906,80.2193984985,17484,17494,10
12.9923295975,80.2189865112,17494,17504,10
12.9930295944,80.21849823,17504,17514,10
12.9938201904,80.2179412842,17514,17524,10
12.9944896698,80.2174530029,17524,17534,10
12.9951496124,80.2169876099,17534,17544,10
12.9959402084,80.2166366577,17544,17554,10
12.9968795776,80.2164916992,17554,17564,10
12.997420311,80.2162475586,17564,17575,11
12.9975204468,80.2161636353,17575,17585,10
12.9978303909,80.215927124,17585,17595,10
12.9982404709,80.2155532837,17595,17605,10
12.9988098145,80.2150421143,17605,17615,10
12.9991903305,80.2147064209,17615,17625,10
12.9996099472,80.2143783569,17625,17635,10
13.0000400543,80.2139892578,17635,17645,10
13.0004796982,80.2136077881,17645,17655,10
13.0011796951,80.2130203247,17655,17665,10
13.0017204285,80.2126235962,17665,17676,11
13.0024299622,80.2121887207,17676,17686,10
13.0029802322,80.2120895386,17686,17696,10
13.003660202,80.2120513916,17696,17706,10
13.0043497086,80.2121582031,17706,17716,10
13.0049104691,80.2124786377,17716,17726,10
13.0057697296,80.2128601074,17726,17736,10
13.0065698624,80.2126998901,17736,17746,10
13.0074100494,80.2127838135,17746,17756,10
13.0078601837,80.2130508423,17756,17766,10
13.0078697205,80.2130508423,17766,17776,10
13.0081396103,80.2132263184,17776,17787,11
13.0086402893,80.213508606,17787,17797,10
13.0091104507,80.2141571045,17797,17807,10
13.0096101761,80.2148971558,17807,17817,10
13.0100603104,80.2154769897,17817,17827,10
13.0106401443,80.2162094116,17827,17837,10
13.0109300613,80.2170333862,17837,17847,10
13.0113096237,80.2179794312,17847,17857,10
13.0116901398,80.219039917,17857,17867,10
13.012049675,80.2201919556,17867,17876,9
13.0122995377,80.2210464478,17876,17888,12
13.0125598907,80.2217483521,17888,17898,10
13.0130901337,80.2224273682,17898,17908,10
13.0136203766,80.2230606079,17908,17918,10
13.0140304565,80.2236404419,17918,17928,10
13.0145301819,80.2241363525,17928,17938,10
13.0151996613,80.2247390747,17938,17948,10
13.0155296326,80.2249832153,17948,17958,10
13.0156297684,80.2250823975,17958,17968,10
13.0160303116,80.2253112793,17968,17978,10
13.0167303085,80.225227356,17978,17988,10
13.017539978,80.2249221802,17988,17999,11
13.0185203552,80.2245330811,17999,18009,10
13.0193996429,80.2244110107,18009,18019,10
13.0201396942,80.2248001099,18019,18029,10
13.0208597183,80.2253189087,18029,18039,10
13.0216197968,80.2258682251,18039,18049,10
13.0220804214,80.2261886597,18049,18059,10
13.0220804214,80.2261810303,18059,18069,10
13.0223703384,80.2264633179,18069,18079,10
13.0228700638,80.2269287109,18079,18089,10
13.0235004425,80.2275466919,18089,18100,11
13.0242595673,80.2283630371,18100,18110,10
13.0248804092,80.2291717529,18110,18120,10
13.0254802704,80.2300033569,18120,18130,10
13.0259504318,80.2308120728,18130,18140,10
13.0260696411,80.2312927246,18140,18150,10
13.0263595581,80.2313079834,18150,18160,10
13.0269498825,80.2311706543,18160,18170,10
13.0277500153,80.231010437,18170,18180,10
13.0285396576,80.2308883667,18180,18196,16
13.0295295715,80.2308197021,18196,18209,13
13.0302801132,80.2307815552,18209,18219,10
13.0308904648,80.23072052,18219,18229,10
13.0317802429,80.2306518555,18229,18239,10
13.0326004028,80.2305831909,18239,18249,10
13.0334596634,80.2305221558,18249,18259,10
13.0340995789,80.2304534912,18259,18310,51
13.0340995789,80.2304534912,18310,18320,10
13.0343198776,80.2304534912,18320,18330,10
13.0344896317,80.2304077148,18330,18349,19
13.0349197388,80.2302703857,18349,18369,20
13.0349197388,80.2302703857,18369,18380,11
13.0350904465,80.2300796509,18380,18392,12
13.0349998474,80.2298431396,18392,18402,10
13.034819603,80.2298278809,18402,18412,10
13.0343904495,80.2297668457,18412,18473,61
13.0342102051,80.2301177979,18473,18523,50
13.0342102051,80.2301177979,18523,18534,11
13.0341501236,80.2304382324,18534,18564,30
13.0341501236,80.2304382324,18564,18574,10
13.0337600708,80.2304382324,18574,18584,10
13.0333595276,80.2304763794,18584,18594,10
13.0328397751,80.2305221558,18594,18604,10
13.0322303772,80.2305831909,18604,18614,10
13.0315504074,80.2306365967,18614,18625,11
13.03083992,80.2306900024,18625,18635,10
13.0303602219,80.2307434082,18635,18645,10
13.0297403336,80.2308120728,18645,18655,10
13.0292196274,80.2308502197,18655,18665,10
13.028550148,80.2309188843,18665,18675,10
13.0279102325,80.2309799194,18675,18685,10
13.0276603699,80.2311172485,18685,18695,10
13.0276899338,80.2315979004,18695,18705,10
13.0278100967,80.2322921753,18705,18715,10
13.0277996063,80.2328262329,18715,18726,11
13.0271701813,80.2329101563,18726,18736,10
13.02684021,80.2329788208,18736,18746,10
13.0267000198,80.233001709,18746,18756,10
13.0264797211,80.232963562,18756,18766,10
13.026309967,80.2325592041,18766,18776,10
13.0261096954,80.2318878174,18776,18786,10
13.0258903503,80.2311019897,18786,18796,10
13.0255403519,80.2302703857,18796,18806,10
13.0249795914,80.2294692993,18806,18816,10
13.0244197845,80.2287063599,18816,18826,10
13.023850441,80.2279815674,18826,18836,10
13.0233802795,80.2275619507,18836,18847,11
13.0232400894,80.2274627686,18847,18857,10
13.0231103897,80.2273178101,18857,18867,10
13.0229902267,80.227180481,18867,18877,10
13.0226202011,80.2268218994,18877,18887,10
13.0221004486,80.226348877,18887,18897,10
13.0214500427,80.2258300781,18897,18907,10
13.0207700729,80.2253112793,18907,18917,10
13.0200395584,80.2248077393,18917,18927,10
13.0191698074,80.2244262695,18927,18938,11
13.0181398392,80.2247314453,18938,18948,10
13.017250061,80.2250976563,18948,18958,10
13.0164604187,80.2253265381,18958,18968,10
13.0159797668,80.2255477905,18968,18978,10
13.0153598785,80.2258377075,18978,18988,10
13.0146198273,80.2261505127,18988,18998,10
13.0143299103,80.2262802124,18998,19008,10
13.0142202377,80.2263031006,19008,19018,10
13.0138301849,80.2264404297,19018,19028,10
13.0131998062,80.2266921997,19028,19039,11
13.0123596191,80.2269973755,19039,19049,10
13.0115404129,80.2273178101,19049,19059,10
13.0106401443,80.2276611328,19059,19069,10
13.0097999573,80.227897644,19069,19079,10
13.0095901489,80.2274169922,19079,19089,10
13.0099096298,80.2267227173,19089,19099,10
13.0102796555,80.2258987427,19099,19109,10
13.0106897354,80.2249832153,19109,19119,10
13.0111103058,80.2240066528,19119,19129,10
13.0115003586,80.2230911255,19129,19139,10
13.0117998123,80.2221298218,19139,19150,11
13.0121297836,80.2211227417,19150,19160,10
13.0118904114,80.2201538086,19160,19170,10
13.011590004,80.2191390991,19170,19180,10
13.0112600327,80.2181777954,19180,19190,10
13.010890007,80.2172927856,19190,19200,10
13.0105304718,80.216506958,19200,19210,10
13.0101299286,80.2157974243,19210,19220,10
13.009759903,80.2150802612,19220,19230,10
13.0093002319,80.2144699097,19230,19240,10
13.0087795258,80.2137680054,19240,19250,10
13.0079898834,80.2132034302,19250,19271,21
13.0079898834,80.2132034302,19271,19281,10
13.0078897476,80.2131195068,19281,19291,10
13.0075302124,80.2128372192,19291,19301,10
13.006939888,80.2127380371,19301,19311,10
13.0062398911,80.2128067017,19311,19321,10
13.0055599213,80.2128601074,19321,19330,9
13.0049295425,80.2124481201,19330,19340,10
13.004070282,80.2121200562,19340,19352,12
13.0029802322,80.2120895386,19352,19362,10
13.0025196075,80.2121429443,19362,19372,10
13.0019702911,80.2124176025,19372,19382,10
13.0013399124,80.2128829956,19382,19391,9
13.0007600784,80.2133331299,19391,19402,11
13.0000801086,80.2139816284,19402,19412,10
12.9996204376,80.2143783569,19412,19422,10
12.9991197586,80.2148208618,19422,19432,10
12.9988698959,80.2150497437,19432,19442,10
12.9983196259,80.2155227661,19442,19452,10
12.9976301193,80.2161026001,19452,19463,11
12.9972696304,80.216468811,19463,19473,10
12.9968700409,80.2165374756,19473,19483,10
12.9961700439,80.2166366577,19483,19493,10
12.9953403473,80.2168731689,19493,19503,10
12.994600296,80.2173614502,19503,19513,10
12.9940500259,80.2177886963,19513,19523,10
12.9937000275,80.2180404663,19523,19533,10
12.9930896759,80.2184677124,19533,19543,10
12.992389679,80.2189865112,19543,19553,10
12.9915895462,80.2195663452,19553,19564,11
12.9906797409,80.2202301025,19564,19574,10
12.9898700714,80.2208862305,19574,19584,10
12.9893703461,80.2214813232,19584,19594,10
12.988940239,80.2220230103,19594,19604,10
12.9883003235,80.2226791382,19604,19614,10
12.9875297546,80.2230911255,19614,19624,10
12.9868202209,80.2229995728,19624,19634,10
12.9860200882,80.2229614258,19634,19644,10
12.9854402542,80.2232818604,19644,19654,10
12.9849796295,80.2231903076,19654,19664,10
12.9845304489,80.2229385376,19664,19675,11
12.9838199615,80.2225112915,19675,19685,10
12.9835300446,80.222328186,19685,19695,10
12.9832897186,80.2221832275,19695,19705,10
12.9831800461,80.2220916748,19705,19715,10
12.9828195572,80.2218780518,19715,19725,10
12.9822597504,80.2217102051,19725,19735,10
12.9818201065,80.2214126587,19735,19745,10
12.9814901352,80.2211914063,19745,19755,10
12.981010437,80.220993042,19755,19765,10
12.9801998138,80.2210388184,19765,19776,11
12.979180336,80.2211303711,19776,19786,10
12.9781703949,80.2211914063,19786,19796,10
12.9773902893,80.2211990356,19796,19806,10
12.9764995575,80.2212524414,19806,19816,10
12.9758901596,80.2212524414,19816,19826,10
12.9754896164,80.2209014893,19826,19876,50
12.9754896164,80.2209014893,19876,19893,17
12.975230217,80.220703125,19893,19905,12
12.9745702744,80.220413208,19905,19915,10
12.9738197327,80.2201004028,19915,19924,9
12.9731798172,80.2198181152,19924,19935,11
12.9721002579,80.2194213867,19935,19945,10
12.9712696075,80.2191467285,19945,19955,10
12.9710702896,80.219078064,19955,19965,10
12.9708204269,80.2189788818,19965,19975,10
12.9702196121,80.2187194824,19975,19986,11
12.9694700241,80.2183990479,19986,19996,10
12.9687795639,80.218132019,19996,20006,10
12.968079567,80.2178573608,20006,20016,10
12.9673900604,80.2175827026,20016,20026,10
12.9665203094,80.2172393799,20026,20036,10
12.965470314,80.2168197632,20036,20046,10
12.96434021,80.2163772583,20046,20056,10
12.9634599686,80.2159500122,20056,20066,10
12.9625902176,80.2155990601,20066,20076,10
12.9617300034,80.2152633667,20076,20087,11
12.9604701996,80.2147598267,20087,20097,10
12.9593801498,80.21434021,20097,20107,10
12.9582901001,80.2138900757,20107,20117,10
12.9572000504,80.2134628296,20117,20127,10
12.9561004639,80.2130203247,20127,20137,10
12.9549798965,80.2125930786,20137,20147,10
12.9538402557,80.2121505737,20147,20156,9
12.9528398514,80.2117233276,20156,20166,10
12.9516801834,80.2112731934,20166,20177,11
12.9504404068,80.2107925415,20177,20187,10
12.9494199753,80.2103881836,20187,20198,11
12.9483499527,80.2099685669,20198,20208,10
12.9472198486,80.2095108032,20208,20218,10
12.9458703995,80.2089691162,20218,20228,10
12.9446401596,80.2085037231,20228,20238,10
12.9437704086,80.2081604004,20238,20248,10
12.9429302216,80.2076263428,20248,20258,10
12.9422101974,80.2068023682,20258,20268,10
12.9413700104,80.2061691284,20268,20278,10
12.9411201477,80.2060394287,20278,20288,10
12.9409399033,80.205947876,20288,20299,11
12.9403400421,80.2057418823,20299,20309,10
12.9395999908,80.2055206299,20309,20319,10
12.9387302399,80.2052536011,20319,20329,10
12.9377603531,80.2049636841,20329,20339,10
12.9366798401,80.2046508789,20339,20349,10
12.9355602264,80.2043075562,20349,20359,10
12.9345197678,80.203956604,20359,20369,10
12.9338598251,80.203918457,20369,20379,10
12.9338502884,80.203918457,20379,20389,10
12.9335699081,80.2038803101,20389,20399,10
12.9329996109,80.2037200928,20399,20410,11
12.9322004318,80.2034072876,20410,20420,10
12.9313201904,80.2031326294,20420,20430,10
12.9303197861,80.20287323,20430,20440,10
12.9296503067,80.2027893066,20440,20450,10
12.9296398163,80.2027893066,20450,20460,10
12.9293603897,80.2027435303,20460,20470,10
12.9287700653,80.2026519775,20470,20480,10
12.9284601212,80.2020568848,20480,20490,10
12.928440094,80.201133728,20490,20500,10
12.9283704758,80.2000274658,20500,20511,11
12.9280004501,80.1989593506,20511,20521,10
12.9273500443,80.198059082,20521,20531,10
12.926440239,80.1976089478,20531,20541,10
12.9263601303,80.197593689,20541,20550,9
12.9262104034,80.1975479126,20550,20561,11
12.925620079,80.1975097656,20561,20571,10
12.9252901077,80.1975021362,20571,20581,10
12.9247198105,80.197479248,20581,20591,10
12.9239397049,80.1974716187,20591,20601,10
12.9230203629,80.1973800659,20601,20612,11
12.9219503403,80.1972198486,20612,20622,10
12.921210289,80.1969909668,20622,20632,10
12.9211502075,80.1969604492,20632,20642,10
12.9208297729,80.1968383789,20642,20652,10
12.9202299118,80.1966400146,20652,20662,10
12.9195404053,80.1963806152,20662,20672,10
12.9188699722,80.1958999634,20672,20682,10
12.9183797836,80.1954421997,20682,20692,10
12.917719841,80.1948318481,20692,20702,10
12.9171695709,80.1942520142,20702,20713,11
12.9169998169,80.1938323975,20713,20723,10
12.9170303345,80.1931381226,20723,20733,10
12.917140007,80.1922988892,20733,20743,10
12.9172496796,80.1915435791,20743,20753,10
12.9172697067,80.1914596558,20753,20763,10
12.9172801971,80.1913909912,20763,20773,10
12.9173002243,80.1912994385,20773,20783,10
12.9173402786,80.1908493042,20783,20793,10
12.9174203873,80.1901092529,20793,20803,10
12.9176998138,80.1892318726,20803,20813,10
12.9183597565,80.188331604,20813,20824,11
12.9192495346,80.1873474121,20824,20842,18
12.9206199646,80.1855926514,20842,20855,13
12.9203195572,80.1840820313,20855,20865,10
12.919960022,80.1825790405,20865,20894,29
12.919960022,80.1825790405,20894,20905,11
12.9199304581,80.1825180054,20905,20915,10
12.9198303223,80.1821365356,20915,20926,11
12.919670105,80.181388855,20926,20936,10
12.9194898605,80.1805877686,20936,20946,10
12.9193000793,80.1796722412,20946,20956,10
12.9187402725,80.1787490845,20956,20966,10
12.9181995392,80.1778717041,20966,20976,10
12.9183397293,80.1767578125,20976,20986,10
12.9186000824,80.1756362915,20986,20996,10
12.9188699722,80.1745223999,20996,21006,10
12.9191398621,80.1733703613,21006,21016,10
12.9194803238,80.17212677,21016,21026,10
12.9197502136,80.1710891724,21026,21037,11
12.9198102951,80.1709136963,21037,21047,10
12.9199495316,80.1705169678,21047,21057,10
12.9201803207,80.1698226929,21057,21067,10
12.9204597473,80.1689224243,21067,21077,10
12.9208202362,80.1678085327,21077,21087,10
12.9211101532,80.1668777466,21087,21097,10
12.9215602875,80.1654891968,21097,21107,10
12.9219398499,80.164352417,21107,21117,10
12.9222803116,80.1632232666,21117,21127,10
12.9226303101,80.1621170044,21127,21138,11
12.9230003357,80.1609191895,21138,21148,10
12.923119545,80.1604995728,21148,21158,10
12.9231901169,80.1602935791,21158,21168,10
12.9233198166,80.1596984863,21168,21178,10
12.9234104156,80.1588516235,21178,21188,10
12.9235095978,80.1577606201,21188,21198,10
12.923620224,80.1565628052,21198,21208,10
12.9235200882,80.1553573608,21208,21218,10
12.9233798981,80.1548995972,21218,21228,10
12.9233598709,80.1547622681,21228,21238,10
12.9232597351,80.1543121338,21238,21249,11
12.9230804443,80.1535873413,21249,21259,10
12.9228897095,80.15284729,21259,21269,10
12.9227104187,80.1520690918,21269,21279,10
12.9226799011,80.1510772705,21279,21289,10
12.9226398468,80.1499023438,21289,21299,10
12.9225702286,80.1486968994,21299,21315,16
12.9225597382,80.1469421387,21315,21327,12
12.922539711,80.1466217041,21327,21335,8
12.922539711,80.1463470459,21335,21348,13
12.9225196838,80.1455688477,21348,21358,10
12.9224996567,80.14478302,21358,21368,10
12.9224901199,80.1439590454,21368,21378,10
12.9224596024,80.1430664063,21378,21387,9
12.9224395752,80.1423721313,21387,21398,11
12.9223804474,80.141456604,21398,21407,9
12.922369957,80.1413803101,21407,21417,10
12.9223604202,80.1410293579,21417,21428,11
12.922369957,80.1405029297,21428,21438,10
12.922369957,80.139793396,21438,21449,11
12.9223804474,80.1389007568,21449,21458,9
12.9224500656,80.1380462646,21458,21469,11
12.9224996567,80.1369018555,21469,21479,10
12.9225597382,80.1358795166,21479,21489,10
12.9225902557,80.134803772,21489,21499,10
12.9226503372,80.133682251,21499,21509,10
12.9226799011,80.1326828003,21509,21519,10
12.9227104187,80.1317520142,21519,21529,10
12.9227199554,80.1310882568,21529,21539,10
12.9227199554,80.1310272217,21539,21549,10
12.922750473,80.1306228638,21549,21560,11
12.9228096008,80.1298828125,21560,21570,10
12.9228601456,80.1290969849,21570,21580,10
12.9228897095,80.1287765503,21580,21590,10
12.9228897095,80.1284332275,21590,21600,10
12.9229001999,80.1278076172,21600,21610,10
12.9228897095,80.127281189,21610,21620,10
12.9228801727,80.1269378662,21620,21630,10
12.9229202271,80.1263275146,21630,21640,10
12.9229602814,80.1255569458,21640,21650,10
12.9229898453,80.1247634888,21650,21661,11
12.9230203629,80.1239089966,21661,21671,10
12.9230604172,80.1230392456,21671,21681,10
12.9231100082,80.1220321655,21681,21691,10
12.9231595993,80.121131897,21691,21701,10
12.9232196808,80.1205673218,21701,21721,20
12.9232196808,80.1205673218,21721,21731,10
12.9232997894,80.1205368042,21731,21741,10
12.9233102798,80.1201019287,21741,21751,10
12.9233198166,80.1192932129,21751,21762,11
12.9233703613,80.1183776855,21762,21772,10
12.9234695435,80.1175918579,21772,21782,10
12.9234600067,80.1169433594,21782,21822,40
12.9234600067,80.1169433594,21822,21832,10
12.9235401154,80.1168212891,21832,21842,10
12.9235601425,80.1170730591,21842,21852,10
12.9235496521,80.1175231934,21852,21862,10
12.923620224,80.1178970337,21862,21873,11
12.9235401154,80.1185073853,21873,21883,10
12.923500061,80.119140625,21883,21893,10
12.9233798981,80.1197433472,21893,21903,10
12.9233102798,80.1203079224,21903,21923,20
12.9233102798,80.1203079224,21923,21933,10
12.9232997894,80.1204605103,21933,21943,10
12.9232797623,80.1207809448,21943,21953,10
12.9232797623,80.1210098267,21953,21963,10
12.9232797623,80.1212463379,21963,22012,49
12.9232797623,80.1212463379,22012,22022,10
12.9232997894,80.1214828491,22022,22032,10
12.9232797623,80.1216888428,22032,22042,10
12.9232597351,80.1222000122,22042,22052,10
12.9232196808,80.1229324341,22052,22062,10
12.9231700897,80.1237411499,22062,22072,10
12.9231796265,80.1244125366,22072,22083,11
12.923119545,80.1252593994,22083,22093,10
12.9231100082,80.1256713867,22093,22103,10
12.92304039,80.126121521,22103,22113,10
12.9229898453,80.1268463135,22113,22123,10
12.922949791,80.1276779175,22123,22133,10
12.9229001999,80.1284332275,22133,22143,10
12.922829628,80.1291885376,22143,22153,10
12.9227895737,80.1300125122,22153,22163,10
12.9227695465,80.1308822632,22163,22173,10
12.9227399826,80.1317214966,22173,22184,11
12.9226999283,80.1327819824,22184,22194,10
12.9226503372,80.1338500977,22194,22204,10
12.9226102829,80.1349029541,22204,22214,10
12.9225597382,80.1359481812,22214,22224,10
12.9225196838,80.1369171143,22224,22234,10
12.9224700928,80.1378479004,22234,22244,10
12.9223899841,80.1388702393,22244,22254,10
12.9223804474,80.1399612427,22254,22264,10
12.922419548,80.1411132813,22264,22274,10
12.9224395752,80.1422805786,22274,22285,11
12.9224796295,80.1433029175,22285,22295,10
12.9224996567,80.1435699463,22295,22305,10
12.9224996567,80.1436309814,22305,22315,10
12.9224996567,80.1440200806,22315,22325,10
12.9225196838,80.1446304321,22325,22335,10
12.9225597382,80.1454925537,22335,22345,10
12.9226102829,80.1464996338,22345,22355,10
12.9226303101,80.1474304199,22355,22365,10
12.9226102829,80.148147583,22365,22375,10
12.9226198196,80.148979187,22375,22385,10
12.9226703644,80.1500091553,22385,22396,11
12.9226999283,80.1512069702,22396,22406,10
12.9227800369,80.1522827148,22406,22416,10
12.9230604172,80.1533813477,22416,22426,10
12.9233102798,80.1543197632,22426,22436,10
12.9234104156,80.1546173096,22436,22446,10
12.9234199524,80.1546936035,22446,22456,10
12.923500061,80.1551132202,22456,22466,10
12.9236698151,80.1558380127,22466,22476,10
12.9236602783,80.1567077637,22476,22486,10
12.9235801697,80.157661438,22486,22503,17
12.9234199524,80.1593780518,22503,22515,12
12.9233198166,80.1603469849,22515,22525,10
12.9232997894,80.1604232788,22525,22535,10
12.9231500626,80.1608200073,22535,22545,10
12.9229402542,80.1614608765,22545,22555,10
12.922659874,80.1623077393,22555,22565,10
12.9223098755,80.1633682251,22565,22575,10
12.9220104218,80.1643218994,22575,22585,10
12.921620369,80.165512085,22585,22595,10
12.9212598801,80.1666107178,22595,22606,11
12.9209098816,80.1677703857,22606,22616,10
12.9205799103,80.1687774658,22616,22626,10
12.9202699661,80.1698226929,22626,22636,10
12.9199800491,80.1707992554,22636,22646,10
12.9199104309,80.171043396,22646,22656,10
12.9198598862,80.1711578369,22656,22666,10
12.9197797775,80.1713180542,22666,22676,10
12.9197301865,80.1716003418,22676,22686,10
12.9195404053,80.1721572876,22686,22696,10
12.9193296432,80.1728820801,22696,22706,10
12.9191303253,80.1736602783,22706,22717,11
12.9188699722,80.174697876,22717,22727,10
12.9186401367,80.1757278442,22727,22737,10
12.9183797836,80.1768417358,22737,22747,10
12.918299675,80.1780166626,22747,22757,10
12.9189596176,80.1789779663,22757,22767,10
12.9194602966,80.1800765991,22767,22777,10
12.919719696,80.1813278198,22777,22787,10
12.9199399948,80.1823272705,22787,22797,10
12.9201202393,80.1831893921,22797,22808,11
12.9203796387,80.1842498779,22808,22818,10
12.9206399918,80.1852722168,22818,22838,20
12.9206399918,80.1852722168,22838,22848,10
12.9206800461,80.185546875,22848,22858,10
12.9205198288,80.1860275269,22858,22868,10
12.9200000763,80.1865997314,22868,22878,10
12.9194898605,80.1871795654,22878,22888,10
12.9187803268,80.188041687,22888,22898,10
12.9180498123,80.1888198853,22898,22908,10
12.9175796509,80.1897964478,22908,22919,11
12.9173803329,80.1910095215,22919,22929,10
12.9172401428,80.1920776367,22929,22939,10
12.9171304703,80.193107605,22939,22979,40
12.9171304703,80.193107605,22979,22989,10
12.9170999527,80.193359375,22989,22999,10
12.9171199799,80.1938705444,22999,23009,10
12.9174003601,80.1945037842,23009,23020,11
12.9180202484,80.195098877,23020,23030,10
12.9186601639,80.1956787109,23030,23040,10
12.9194202423,80.1962738037,23040,23050,10
12.9203395844,80.1966705322,23050,23060,10
12.9211797714,80.196937561,23060,23070,10
12.9219999313,80.1972198486,23070,23080,10
12.9228200912,80.1973571777,23080,23090,10
12.9232702255,80.1974105835,23090,23100,10
12.9233903885,80.1974334717,23100,23110,10
12.9238100052,80.1974563599,23110,23121,11
12.924489975,80.1974868774,23121,23131,10
12.9251499176,80.1974716187,23131,23141,10
12.9253997803,80.197479248,23141,23151,10
12.9259004593,80.197479248,23151,23161,10
12.9265003204,80.1975631714,23161,23171,10
12.9266901016,80.1976318359,23171,23181,10
12.9271297455,80.1978530884,23181,23191,10
12.9277095795,80.1983413696,23191,23201,10
12.9281301498,80.1990814209,23201,23211,10
12.9284496307,80.2000274658,23211,23221,10
12.9285202026,80.2010879517,23221,23232,11
12.928560257,80.2021713257,23232,23242,10
12.9290704727,80.2026977539,23242,23252,10
12.9294595718,80.2027435303,23252,23262,10
12.9295902252,80.2027511597,23262,23272,10
12.930100441,80.2028198242,23272,23282,10
12.9308099747,80.2029571533,23282,23292,10
12.9316196442,80.2032012939,23292,23302,10
12.932559967,80.2034988403,23302,23312,10
12.9339599609,80.2038803101,23312,23333,21
12.9339599609,80.2038803101,23333,23343,10
12.9341497421,80.2039108276,23343,23353,10
12.9346199036,80.203956604,23353,23363,10
12.9352502823,80.2041320801,23363,23372,9
12.9357995987,80.2043914795,23372,23384,12
12.9366798401,80.2046432495,23384,23394,10
12.9374399185,80.2048568726,23394,23403,9
12.9384002686,80.2051315308,23403,23414,11
12.939450264,80.2054290771,23414,23424,10
12.9400196075,80.205581665,23424,23435,11
12.9402399063,80.205657959,23435,23445,10
12.9407901764,80.2058410645,23445,23455,10
12.9414796829,80.2061920166,23455,23465,10
12.9422101974,80.206741333,23465,23475,10
12.9427604675,80.2072677612,23475,23485,10
12.9429798126,80.2076034546,23485,23495,10
12.9434604645,80.2080307007,23495,23505,10
12.9441604614,80.2082901001,23505,23515,10
12.9442901611,80.2083435059,23515,23525,10
12.9445104599,80.2084121704,23525,23535,10
12.9450597763,80.2086105347,23535,23546,11
12.9458799362,80.2089309692,23546,23556,10
12.9466199875,80.2092208862,23556,23566,10
12.9472999573,80.2094802856,23566,23576,10
12.9479799271,80.2097625732,23576,23586,10
12.948679924,80.2100219727,23586,23596,10
12.9494895935,80.210357666,23596,23606,10
12.9505195618,80.2107772827,23606,23616,10
12.9516000748,80.2112121582,23616,23626,10
12.9526700974,80.2116165161,23626,23636,10
12.953669548,80.212020874,23636,23647,11
12.9547796249,80.2124786377,23647,23657,10
12.9558095932,80.2128829956,23657,23667,10
12.9568395615,80.2132415771,23667,23677,10
12.957859993,80.2136764526,23677,23687,10
12.9589195251,80.2141036987,23687,23697,10
12.959980011,80.2145233154,23697,23707,10
12.9610204697,80.2149505615,23707,23717,10
12.9620704651,80.2153701782,23717,23727,10
12.9630298615,80.2157287598,23727,23737,10
12.9637403488,80.2160263062,23737,23748,11
12.9643096924,80.2162399292,23748,23758,10
12.96434021,80.2162628174,23758,23768,10
12.9644804001,80.2163162231,23768,23778,10
12.9649200439,80.2164993286,23778,23788,10
12.9655399323,80.2167510986,23788,23798,10
12.966219902,80.2170181274,23798,23807,9
12.9668397903,80.2172622681,23807,23818,11
12.9675703049,80.2175674438,23818,23828,10
12.9682397842,80.2178573608,23828,23838,10
12.9691095352,80.2181777954,23838,23848,10
12.97012043,80.2185821533,23848,23859,11
12.9710597992,80.2189178467,23859,23869,10
12.9712600708,80.2189788818,23869,23879,10
12.9713802338,80.2190322876,23879,23889,10
12.9717998505,80.2192077637,23889,23899,10
12.9724502563,80.2194900513,23899,23909,10
12.9732904434,80.2198181152,23909,23919,10
12.9742002487,80.2202224731,23919,23929,10
12.9752502441,80.2206573486,23929,23949,20
12.9752502441,80.2206573486,23949,23960,11
12.975399971,80.2206802368,23960,23970,10
12.9756202698,80.2208786011,23970,23980,10
12.9761800766,80.2212371826,23980,24020,40
12.9761800766,80.2212371826,24020,24030,10
12.9765195847,80.2212219238,24030,24040,10
12.9770002365,80.2212524414,24040,24050,10
12.9777698517,80.2211990356,24050,24061,11
12.9787101746,80.2211608887,24061,24071,10
12.9795598984,80.2210998535,24071,24081,10
12.9804801941,80.221031189,24081,24091,10
12.9812803268,80.2211380005,24091,24101,10
12.9818201065,80.221572876,24101,24111,10
12.9823999405,80.2217712402,24111,24121,10
12.9828996658,80.2219314575,24121,24131,10
12.983039856,80.2219924927,24131,24140,9
12.9833297729,80.2221984863,24140,24151,11
12.9837398529,80.2225112915,24151,24162,11
12.9843902588,80.2228775024,24162,24172,10
12.9850902557,80.2232437134,24172,24182,10
12.98554039,80.2231521606,24182,24192,10
12.9861803055,80.2229690552,24192,24202,10
12.9866800308,80.2229995728,24202,24212,10
12.9873600006,80.2230606079,24212,24222,10
12.9880399704,80.2229003906,24222,24232,10
12.9885797501,80.2224731445,24232,24242,10
12.9891300201,80.2218322754,24242,24252,10
12.9897403717,80.2210083008,24252,24262,10
12.9903097153,80.2205123901,24262,24273,11
12.9907598495,80.220161438,24273,24283,10
12.9912595749,80.2197723389,24283,24293,10
12.9918603897,80.219329834,24293,24303,10
12.9925403595,80.2188415527,24303,24313,10
12.9932498932,80.2182998657,24313,24323,10
12.9939603806,80.2177963257,24323,24333,10
12.9945802689,80.2173690796,24333,24343,10
12.9952602386,80.2169113159,24343,24353,10
12.9960002899,80.2166366577,24353,24363,10
12.9968299866,80.216506958,24363,24374,11
12.9973802567,80.2162475586,24374,24384,10
12.997420311,80.2162322998,24384,24394,10
12.9975204468,80.2161407471,24394,24404,10
12.9977798462,80.2158889771,24404,24414,10
12.9982795715,80.2154769897,24414,24424,10
12.998749733,80.2151031494,24424,24434,10
12.9989404678,80.2149200439,24434,24444,10
12.9991798401,80.2147293091,24444,24454,10
12.9994602203,80.2144775391,24454,24464,10
12.9998703003,80.2141494751,24464,24474,10
13.0002603531,80.2138214111,24474,24485,11
13.0008602142,80.2132797241,24485,24495,10
13.0013999939,80.2128295898,24495,24505,10
13.001999855,80.2124023438,24505,24515,10
13.0026102066,80.2121582031,24515,24525,10
13.003279686,80.212097168,24525,24535,10
13.0038995743,80.2120437622,24535,24545,10
13.0044603348,80.2122268677,24545,24555,10
13.0053195953,80.212677002,24555,24565,10
13.006070137,80.2128677368,24565,24575,10
13.0065698624,80.2127304077,24575,24585,10
13.0072498322,80.2127838135,24585,24596,11
13.007809639,80.2130126953,24596,24606,10
13.0078201294,80.2130203247,24606,24616,10
13.0079402924,80.2131271362,24616,24626,10
13.0083303452,80.2133026123,24626,24636,10
13.0087900162,80.2137374878,24636,24646,10
13.0093002319,80.2144165039,24646,24656,10
13.0096502304,80.2149505615,24656,24666,10
13.0099802017,80.2153625488,24666,24676,10
13.0104398727,80.2158432007,24676,24687,11
13.0107803345,80.2166519165,24687,24697,10
13.0110797882,80.217376709,24697,24707,10
13.0114202499,80.2182922363,24707,24716,9
13.0117301941,80.2192993164,24716,24727,11
13.0121202469,80.2204589844,24727,24737,10
13.0125398636,80.2214202881,24737,24747,10
13.0129899979,80.2220611572,24747,24757,10
13.0135202408,80.2227325439,24757,24767,10
13.0141000748,80.2234420776,24767,24777,10
13.0144901276,80.2238311768,24777,24787,10
13.0148801804,80.224357605,24787,24798,11
13.0153999329,80.2249221802,24798,24808,10
13.0155296326,80.2249984741,24808,24818,10
13.0157203674,80.2252120972,24818,24828,10
13.0162696838,80.2253723145,24828,24838,10
13.0170297623,80.2251434326,24838,24848,10
13.0178899765,80.2247924805,24848,24858,10
13.018819809,80.2244110107,24858,24868,10
13.019610405,80.2244567871,24868,24878,10
13.0197200775,80.2245101929,24878,24888,10
13.0199604034,80.2247161865,24888,24899,11
13.0205001831,80.2251205444,24899,24909,10
13.0211400986,80.2256088257,24909,24918,9
13.0217895508,80.2260665894,24918,24929,11
13.0220403671,80.2262420654,24929,24939,10
13.0221996307,80.2263793945,24939,24949,10
13.0226202011,80.2267303467,24949,24959,10
13.0231599808,80.2273025513,24959,24969,10
13.0238304138,80.227897644,24969,24979,10
13.0243501663,80.2284622192,24979,24999,20
13.0243501663,80.2284622192,24999,25010,11
13.0244703293,80.2285995483,25010,25020,10
13.0246896744,80.2289581299,25020,25030,10
13.0251302719,80.2295227051,25030,25040,10
13.025639534,80.2302322388,25040,25050,10
13.0260000229,80.2309417725,25050,25060,10
13.026049614,80.2311782837,25060,25070,10
13.0260601044,80.2312316895,25070,25080,10
13.0260696411,80.231300354,25080,25090,10
13.0263900757,80.2313079834,25090,25100,10
13.0269804001,80.2311477661,25100,25111,11
13.0278100967,80.23097229,25111,25121,10
13.0285997391,80.2308578491,25121,25131,10
13.0286798477,80.2308502197,25131,25141,10
13.029299736,80.2308197021,25141,25151,10
13.0298700333,80.2307815552,25151,25161,10
13.0305500031,80.23072052,25161,25171,10
13.031129837,80.230682373,25171,25181,10
13.0317802429,80.2306289673,25181,25191,10
13.0323495865,80.2305908203,25191,25201,10
13.0331602097,80.2305374146,25201,25212,11
13.0342102051,80.2304382324,25212,25242,30
13.0342102051,80.2304382324,25242,25252,10
13.0343399048,80.2304229736,25252,25262,10
13.0345001221,80.2304000854,25262,25272,10
13.0346899033,80.2303314209,25272,25282,10
13.0348796844,80.23021698,25282,25292,10
13.0349502563,80.2301635742,25292,25302,10
13.0350399017,80.2300415039,25302,25313,11
13.0349502563,80.229850769,25313,25323,10
13.0344200134,80.2297592163,25323,25484,161
13.0342302322,80.2298583984,25484,25555,71
13.034239769,80.2301025391,25555,26393,838
13.034239769,80.2301025391,26393,26403,10
13.0342302322,80.2304382324,26403,26423,20
13.0342302322,80.2304382324,26423,26433,10
13.0338697433,80.230430603,26433,26443,10
13.0334596634,80.2304077148,26443,26453,10
13.0329399109,80.2304763794,26453,26463,10
13.032409668,80.2305374146,26463,26474,11
13.0317497253,80.2305831909,26474,26484,10
13.031129837,80.2306518555,26484,26494,10
13.0305404663,80.2307128906,26494,26504,10
13.0299596786,80.2307891846,26504,26514,10
13.029800415,80.2308425903,26514,26524,10
13.0296201706,80.2308578491,26524,26534,10
13.0292196274,80.2308807373,26534,26544,10
13.0286598206,80.2309112549,26544,26554,10
13.0280399323,80.2309799194,26554,26564,10
13.0277395248,80.2311172485,26564,26575,11
13.0277795792,80.2316589355,26575,26591,16
13.0279102325,80.2324981689,26591,26603,12
13.0277299881,80.2327880859,26603,26613,10
13.027009964,80.2329025269,26613,26653,40
13.027009964,80.2329025269,26653,26663,10
13.026550293,80.2329864502,26663,26674,11
13.0263004303,80.2326507568,26674,26685,11
13.0261001587,80.2319335938,26685,26695,10
13.0258998871,80.2310562134,26695,26705,10
13.0255002975,80.230178833,26705,26715,10
13.024939537,80.2294006348,26715,26725,10
13.0243597031,80.2286376953,26725,26735,10
13.023900032,80.2281036377,26735,26745,10
13.0235395432,80.227722168,26745,26755,10
13.0232095718,80.2275009155,26755,26796,41
13.0232095718,80.2275009155,26796,26806,10
13.0228900909,80.2273025513,26806,26816,10
13.0226202011,80.2269363403,26816,26826,10
13.022310257,80.2265701294,26826,26836,10
13.0218601227,80.2261886597,26836,26846,10
13.0212202072,80.2257003784,26846,26856,10
13.0205402374,80.225189209,26856,26866,10
13.0200195313,80.224861145,26866,26876,10
13.0199699402,80.224822998,26876,26887,11
13.019780159,80.2247009277,26887,26897,10
13.0193500519,80.2245330811,26897,26907,10
13.0185699463,80.2246170044,26907,26917,10
13.0177202225,80.2249679565,26917,26927,10
13.0167999268,80.2253417969,26927,26937,10
13.0161104202,80.2256011963,26937,26947,10
13.0153303146,80.2258834839,26947,26963,16
13.0144195557,80.2262496948,26963,26975,12
13.0143003464,80.22631073,26975,26985,10
13.0139799118,80.2264328003,26985,26996,11
13.0131101608,80.2267303467,26996,27006,10
13.0122499466,80.2270584106,27006,27016,10
13.011300087,80.227432251,27016,27026,10
13.0102701187,80.2278213501,27026,27036,10
13.0095596313,80.2278366089,27036,27045,9
13.0097198486,80.2271728516,27045,27056,11
13.0101299286,80.2262496948,27056,27066,10
13.0105600357,80.2253112793,27066,27077,11
13.0110397339,80.2242202759,27077,27087,10
13.0113801956,80.2234573364,27087,27098,11
13.0116901398,80.22265625,27098,27108,10
13.0120000839,80.2217788696,27108,27118,10
13.0122299194,80.2211227417,27118,27127,9
13.0121202469,80.2205810547,27127,27138,11
13.0118198395,80.2197113037,27138,27148,10
13.0114603043,80.2186584473,27148,27158,10
13.0111398697,80.2177734375,27158,27168,10
13.010720253,80.2168426514,27168,27178,10
13.0103797913,80.2162017822,27178,27188,10
13.0099601746,80.2154006958,27188,27198,10
13.0095796585,80.2148208618,27198,27209,11
13.0090904236,80.2141571045,27209,27219,10
13.0085401535,80.2135314941,27219,27229,10
13.0082302094,80.2133407593,27229,27239,10
13.0081996918,80.2134094238,27239,27269,30
13.0081996918,80.2134094238,27269,27279,10
13.0080499649,80.2132720947,27279,27289,10
13.0078802109,80.2131195068,27289,27299,10
13.0078802109,80.2130966187,27299,27310,11
13.0077600479,80.2129821777,27310,27320,10
13.0073204041,80.2127838135,27320,27330,10
13.0066699982,80.2127304077,27330,27340,10
13.0060195923,80.2129516602,27340,27350,10
13.0052995682,80.2127304077,27350,27360,10
13.0045003891,80.2122497559,27360,27370,10
13.0035896301,80.2120666504,27370,27380,10
13.0030899048,80.2120666504,27380,27390,10
13.0027704239,80.212097168,27390,27400,10
13.0025396347,80.2121505737,27400,27410,10
13.0021495819,80.212348938,27410,27421,11
13.001449585,80.2128372192,27421,27431,10
13.0006904602,80.2134017944,27431,27441,10
12.9999599457,80.214050293,27441,27451,10
12.99958992,80.2143783569,27451,27461,10
12.9991798401,80.2147674561,27461,27471,10
12.9991598129,80.2147827148,27471,27481,10
12.99903965,80.2148666382,27481,27491,10
12.9984703064,80.2153167725,27491,27501,10
12.9978599548,80.2158737183,27501,27511,10
12.9974603653,80.2162399292,27511,27522,11
12.9974403381,80.2162628174,27522,27532,10
12.9972600937,80.2164916992,27532,27542,10
12.9969596863,80.2165374756,27542,27552,10
12.9968004227,80.2165603638,27552,27562,10
12.9964599609,80.2166213989,27562,27572,10
12.9961996078,80.2166366577,27572,27582,10
12.9959697723,80.2166824341,27582,27592,10
12.9954900742,80.2168731689,27592,27602,10
12.9948797226,80.2172164917,27602,27612,10
12.9942598343,80.2176589966,27612,27623,11
12.9935102463,80.218170166,27623,27633,10
12.9927501678,80.2186965942,27633,27643,10
12.9919900894,80.2192687988,27643,27653,10
12.9914903641,80.219619751,27653,27663,10
12.9909696579,80.2200088501,27663,27673,10
12.9907999039,80.220161438,27673,27683,10
12.9905796051,80.2203216553,27683,27699,16
12.9897699356,80.2210388184,27699,27711,12
12.9891195297,80.2218475342,27711,27719,8
12.9888801575,80.2221908569,27719,27732,13
12.9882297516,80.2228164673,27732,27741,9
12.987739563,80.2231369019,27741,27752,11
12.9872398376,80.2230987549,27752,27762,10
12.9869804382,80.2230606079,27762,27772,10
12.9867801666,80.2229995728,27772,27781,9
12.9864196777,80.2229766846,27781,27793,12
12.9856700897,80.2230987549,27793,27803,10
12.9852199554,80.2232437134,27803,27813,10
12.9845399857,80.2229232788,27813,27823,10
12.9839200974,80.2225723267,27823,27834,11
12.9832897186,80.2222137451,27834,27844,10
12.9832601547,80.2221908569,27844,27854,10
12.9830598831,80.2220611572,27854,27864,10
12.9826803207,80.2218780518,27864,27874,10
12.9820203781,80.2216110229,27874,27884,10
12.9813203812,80.2211685181,27884,27894,10
12.980509758,80.2210769653,27894,27904,10
12.9799604416,80.2210769653,27904,27914,10
12.9793100357,80.2211227417,27914,27924,10
12.9787197113,80.2211380005,27924,27935,11
12.9778795242,80.2211837769,27935,27945,10
12.9769802094,80.2212295532,27945,27955,10
12.9762802124,80.2212371826,27955,27965,10
12.9757404327,80.2210693359,27965,27985,20
12.9757404327,80.2210693359,27985,27995,10
12.9756698608,80.2209472656,27995,28005,10
12.9753799438,80.2207489014,28005,28015,10
12.9749403,80.2205200195,28015,28025,10
12.9743099213,80.2202911377,28025,28035,10
12.9736204147,80.2200012207,28035,28046,11
12.9728097916,80.2196884155,28046,28056,10
12.9720497131,80.2194213867,28056,28066,10
12.9713497162,80.2192382813,28066,28076,10
12.9709396362,80.2191314697,28076,28086,10
12.9709300995,80.2191162109,28086,28096,10
12.970870018,80.219078064,28096,28106,10
12.9704999924,80.2188491821,28106,28116,10
12.9699001312,80.2185974121,28116,28126,10
12.9692401886,80.2183380127,28126,28136,10
12.9685697556,80.2180786133,28136,28147,11
12.9678297043,80.2177886963,28147,28157,10
12.9671497345,80.2175216675,28157,28167,10
12.9662303925,80.2171478271,28167,28177,10
12.9651603699,80.2167205811,28177,28187,10
12.9642496109,80.2163467407,28187,28197,10
12.9636201859,80.2160797119,28197,28207,10
12.9630403519,80.2158203125,28207,28217,10
12.962849617,80.2157363892,28217,28227,10
12.9626998901,80.2156829834,28227,28237,10
12.9622297287,80.2155075073,28237,28248,11
12.9615001678,80.2152175903,28248,28258,10
12.9607400894,80.2149200439,28258,28268,10
12.9598302841,80.2145614624,28268,28278,10
12.9588699341,80.2141418457,28278,28288,10
12.9578399658,80.2137298584,28288,28298,10
12.9568500519,80.2133331299,28298,28308,10
12.9558095932,80.2129516602,28308,28318,10
12.9547901154,80.2125701904,28318,28328,10
12.9539203644,80.2121963501,28328,28338,10
12.9529600143,80.2117996216,28338,28348,10
12.9519100189,80.2113800049,28348,28359,11
12.9507303238,80.2109069824,28359,28369,10
12.9497203827,80.2105102539,28369,28379,10
12.9488401413,80.2101593018,28379,28389,10
12.9479703903,80.2098236084,28389,28399,10
12.9468803406,80.2093887329,28399,28409,10
12.9457798004,80.2089691162,28409,28419,10
12.9449501038,80.2086715698,28419,28429,10
12.9446802139,80.2085723877,28429,28439,10
12.9445104599,80.2084884644,28439,28449,10
12.9442501068,80.2083816528,28449,28470,21
12.9442501068,80.2083816528,28470,28480,10
12.9441604614,80.2083587646,28480,28490,10
12.9440202713,80.2083129883,28490,28500,10
12.9436798096,80.2081375122,28500,28510,10
12.9432001114,80.2079162598,28510,28520,10
12.9428596497,80.2076034546,28520,28591,71
12.9428596497,80.2076034546,28591,28601,10
12.94272995,80.2073974609,28601,28611,10
12.9424295425,80.20703125,28611,28621,10
12.9418802261,80.2065582275,28621,28631,10
12.9412002563,80.2061004639,28631,28641,10
12.9410200119,80.2060089111,28641,28651,10
12.9407997131,80.205909729,28651,28661,10
12.9402999878,80.2057418823,28661,28672,11
12.9395399094,80.2054977417,28672,28682,10
12.9388103485,80.2052764893,28682,28692,10
12.9380302429,80.2050476074,28692,28702,10
12.9371995926,80.2048187256,28702,28712,10
12.9362401962,80.2045593262,28712,28722,10
12.9353504181,80.2042388916,28722,28732,10
12.934510231,80.2039871216,28732,28742,10
12.9338998795,80.2039413452,28742,28772,30
12.9338998795,80.2039413452,28772,28783,11
12.9335603714,80.2039031982,28783,28793,10
12.9330501556,80.2037582397,28793,28803,10
12.9323596954,80.2034912109,28803,28813,10
12.9316196442,80.2032318115,28813,28823,10
12.9308004379,80.2029800415,28823,28833,10
12.929400444,80.2027816772,28833,28863,30
12.929400444,80.2027816772,28863,28873,10
12.9292802811,80.2027282715,28873,28884,11
12.9288597107,80.2026672363,28884,28894,10
12.9284896851,80.202293396,28894,28904,10
12.9284601212,80.2014465332,28904,28914,10
12.9284200668,80.2004623413,28914,28924,10
12.9282398224,80.1994934082,28924,28934,10
12.9278001785,80.1985778809,28934,28944,10
12.9270401001,80.1978378296,28944,28954,10
12.9260196686,80.197517395,28954,28964,10
12.9254398346,80.1975021362,28964,28974,10
12.9250802994,80.197479248,28974,28985,11
12.9243497849,80.197479248,28985,28995,10
12.9236898422,80.1974716187,28995,29005,10
12.9229698181,80.1974029541,29005,29015,10
12.9222002029,80.1973266602,29015,29025,10
12.9220104218,80.197303772,29025,29041,16
12.9218997955,80.1972808838,29041,29053,12
12.9213895798,80.1970901489,29053,29061,8
12.9209003448,80.1968917847,29061,29073,12
12.9200401306,80.1966018677,29073,29083,10
12.9193201065,80.1962585449,29083,29094,11
12.9186601639,80.1957168579,29094,29104,10
12.9180603027,80.1951599121,29104,29114,10
12.9174404144,80.1945877075,29114,29285,171
12.9174404144,80.1945877075,29285,29295,10
12.9171495438,80.1942214966,29295,29306,11
12.9170198441,80.1940231323,29306,29316,10
12.9169797897,80.1935272217,29316,29326,10
12.9170503616,80.1928482056,29326,29336,10
12.9171800613,80.1920776367,29336,29346,10
12.9172697067,80.1914367676,29346,29366,20
12.9172697067,80.1914367676,29366,29376,10
12.9173002243,80.1912689209,29376,29386,10
12.9173498154,80.1908493042,29386,29396,10
12.9174003601,80.1901626587,29396,29407,11
12.9176597595,80.1893005371,29407,29416,9
12.918129921,80.1886062622,29416,29427,11
12.9188404083,80.187828064,29427,29437,10
12.9195299149,80.1870498657,29437,29447,10
12.9202404022,80.1862487793,29447,29457,10
12.9205999374,80.1853027344,29457,29467,10
12.9203996658,80.1845703125,29467,29477,10
12.9203395844,80.1843566895,29477,29487,10
12.9202299118,80.1838607788,29487,29497,10
12.9199495316,80.1826629639,29497,29528,31
12.9199495316,80.1826629639,29528,29538,10
12.9198799133,80.1823425293,29538,29548,10
12.9197597504,80.1817779541,29548,29558,10
12.9195995331,80.1810531616,29558,29568,10
12.9194297791,80.1802597046,29568,29578,10
12.9191799164,80.179397583,29578,29588,10
12.9186201096,80.1785736084,29588,29598,10
12.9181804657,80.1775665283,29598,29608,10
12.9183797836,80.1764678955,29608,29618,10
12.9186601639,80.1753997803,29618,29629,11
12.9189596176,80.1741790771,29629,29639,10
12.9192495346,80.172996521,29639,29649,10
12.9195899963,80.1717987061,29649,29659,10
12.9198198318,80.1708831787,29659,29679,20
12.9198198318,80.1708831787,29679,29689,10
12.9198799133,80.1707077026,29689,29699,10
12.9200601578,80.1701583862,29699,29709,10
12.9203195572,80.169380188,29709,29719,10
12.9206199646,80.1684265137,29719,29730,11
12.9210300446,80.1671829224,29730,29740,10
12.9214000702,80.1660385132,29740,29750,10
12.9217796326,80.1648864746,29750,29760,10
12.9221200943,80.1637573242,29760,29770,10
12.9224596024,80.1626434326,29770,29780,10
12.9228096008,80.1615219116,29780,29790,10
12.9230899811,80.1605911255,29790,29800,10
12.9231300354,80.1604690552,29800,29810,10
12.9232397079,80.1601715088,29810,29820,10
12.9233503342,80.1595230103,29820,29831,11
12.9234600067,80.158531189,29831,29841,10
12.9235696793,80.1574172974,29841,29851,10
12.9236698151,80.15625,29851,29861,10
12.9234800339,80.1552429199,29861,29871,10
12.9233999252,80.1549606323,29871,29881,10
12.9233798981,80.1548614502,29881,29891,10
12.9232997894,80.1544723511,29891,29901,10
12.9231595993,80.1538619995,29901,29911,10
12.9229602814,80.1530990601,29911,29921,10
12.9226999283,80.15209198,29921,29952,31
12.9226999283,80.15209198,29952,29962,10
12.9226903915,80.1520004272,29962,29972,10
12.9226799011,80.1514968872,29972,29982,10
12.9226703644,80.1507797241,29982,29992,10
12.9226503372,80.1499023438,29992,30002,10
12.9226102829,80.1488800049,30002,30012,10
12.9225902557,80.1479415894,30012,30022,10
12.9225702286,80.1474761963,30022,30032,10
12.9225502014,80.1468505859,30032,30043,11
12.922539711,80.1466827393,30043,30053,10
12.922539711,80.1462631226,30053,30063,10
12.9225196838,80.1456604004,30063,30073,10
12.9224996567,80.1449127197,30073,30083,10
12.9224700928,80.1440505981,30083,30093,10
12.922419548,80.1432037354,30093,30174,81
12.922419548,80.1432037354,30174,30184,10
12.9224700928,80.142829895,30184,30194,10
12.9224596024,80.1424636841,30194,30210,16
12.922419548,80.1417922974,30210,30222,12
12.9224300385,80.1415481567,30222,30230,8
12.922419548,80.1411514282,30230,30242,12
12.9224100113,80.1402587891,30242,30252,10
12.9223899841,80.1394119263,30252,30263,11
12.9224300385,80.1384506226,30263,30273,10
12.9224596024,80.1378173828,30273,30283,10
12.9224996567,80.1371307373,30283,30293,10
12.922539711,80.1363372803,30293,30303,10
12.9225702286,80.1354217529,30303,30313,10
12.9226198196,80.1345367432,30313,30323,10
12.9226799011,80.1335678101,30323,30333,10
12.9227199554,80.1315002441,30333,30366,33
12.9227199554,80.1315002441,30366,30376,10
12.9227399826,80.1312408447,30376,30386,10
12.9227600098,80.130821228,30386,30396,10
12.9227600098,80.1304626465,30396,30405,9
12.9227800369,80.1301422119,30405,30416,11
12.9228096008,80.1296310425,30416,30425,9
12.9228401184,80.1292190552,30425,30435,10
12.9228601456,80.1286315918,30435,30446,11
12.9229001999,80.127746582,30446,30456,10
12.9229001999,80.127532959,30456,30467,11
12.9229202271,80.1270980835,30467,30477,10
12.9229297638,80.1264877319,30477,30487,10
12.9229602814,80.1257171631,30487,30497,10
12.9230003357,80.1248397827,30497,30506,9
12.9230499268,80.1239471436,30506,30517,11
12.9231004715,80.1228637695,30517,30527,10
12.9231700897,80.1215820313,30527,30537,10
12.9232301712,80.1208190918,30537,30557,20
12.9232301712,80.1208190918,30557,30567,10
12.9232702255,80.1206893921,30567,30578,11
12.9233102798,80.1201629639,30578,30588,10
12.9233398438,80.1196212769,30588,30598,10
12.9233598709,80.1195678711,30598,30608,10
12.9233398438,80.1193008423,30608,30618,10
12.9233198166,80.1188735962,30618,30628,10
12.9233903885,80.1182022095,30628,30644,16
12.923500061,80.1171417236,30644,30676,32
12.923500061,80.1169891357,30676,30697,21
12.923500061,80.1169891357,30697,30707,10
12.9236402512,80.116859436,30707,30713,6
12.9235296249,80.1171188354,30713,31308,595
12.9235296249,80.1171188354,31308,31318,10
12.9235200882,80.1172180176,31318,31328,10
12.9235401154,80.1174697876,31328,31338,10
12.9236297607,80.117729187,31338,31348,10
12.9236097336,80.1179962158,31348,31358,10
12.9235200882,80.1184768677,31358,31368,10
12.9234895706,80.1190567017,31368,31378,10
12.9233903885,80.1197433472,31378,31388,10
12.9233598709,80.1203384399,31388,31398,10
12.9233598709,80.1205596924,31398,31408,10
12.9233198166,80.1210479736,31408,31952,544
12.9233198166,80.1210479736,31952,31962,10
12.9231796265,80.1215896606,31962,31972,10
12.9231595993,80.1221084595,31972,31982,10
12.9231395721,80.1228408813,31982,31992,10
12.9231004715,80.1236877441,31992,32002,10
12.9230499268,80.1246414185,32002,32012,10
12.9230003357,80.1254806519,32012,32042,30
12.9230003357,80.1254806519,32042,32053,11
12.9229898453,80.125793457,32053,32063,10
12.9229602814,80.1263809204,32063,32073,10
12.9229297638,80.1271591187,32073,32083,10
12.9229001999,80.1277236938,32083,32093,10
12.9228897095,80.1282577515,32093,32103,10
12.9228496552,80.1287918091,32103,32113,10
12.9228200912,80.1294403076,32113,32123,10
12.9227800369,80.1300735474,32123,32133,10
12.9227895737,80.1308517456,32133,32143,10
12.9227800369,80.1312484741,32143,32153,10
12.922750473,80.1313400269,32153,32164,11
12.922750473,80.1317596436,32164,32174,10
12.9227304459,80.1324234009,32174,32184,10
12.9226799011,80.1332473755,32184,32194,10
12.9226303101,80.1342010498,32194,32204,10
12.9225997925,80.1350402832,32204,32214,10
12.9225597382,80.1357803345,32214,32224,10
12.9225196838,80.1365890503,32224,32234,10
12.9224700928,80.1374206543,32234,32244,10
12.9224395752,80.1382980347,32244,32254,10
12.9223604202,80.139251709,32254,32264,10
12.9223899841,80.1402282715,32264,32275,11
12.9224004745,80.1411590576,32275,32285,10
12.922419548,80.1421432495,32285,32301,16
12.9225101471,80.1427993774,32301,32313,12
12.9225301743,80.1432189941,32313,32323,10
12.922539711,80.1436233521,32323,32342,19
12.922539711,80.1436233521,32342,32353,11
12.9225597382,80.1441726685,32353,32363,10
12.9225797653,80.1448364258,32363,32373,10
12.9225997925,80.145866394,32373,32384,11
12.9226198196,80.1468734741,32384,32394,10
12.9226303101,80.1473388672,32394,32404,10
12.9226303101,80.1478118896,32404,32414,10
12.9226102829,80.1486816406,32414,32424,10
12.9226703644,80.1496276855,32424,32433,9
12.9226999283,80.1505584717,32433,32443,10
12.922750473,80.1513977051,32443,32454,11
12.9227600098,80.1518630981,32454,32464,10
12.9228401184,80.1524810791,32464,32474,10
12.92304039,80.1532592773,32474,32485,11
12.9232997894,80.1541900635,32485,32495,10
12.9234304428,80.1546707153,32495,32505,10
12.9234399796,80.1546783447,32505,32515,10
12.9234800339,80.1548690796,32515,32524,9
12.9235496521,80.1552200317,32524,32535,11
12.9236898422,80.1558074951,32535,32545,10
12.9236803055,80.1567230225,32545,32555,10
12.9235801697,80.1576538086,32555,32565,10
12.9234895706,80.1585006714,32565,32575,10
12.9234104156,80.159286499,32575,32585,10
12.9232797623,80.1603927612,32585,32606,21
12.9232797623,80.1603927612,32606,32616,10
12.9232196808,80.1605300903,32616,32626,10
12.9230899811,80.1609191895,32626,32636,10
12.9228801727,80.1615829468,32636,32652,16
12.9225797653,80.1625595093,32652,32665,13
12.9224796295,80.1628417969,32665,32675,10
12.9222803116,80.1634597778,32675,32685,10
12.9220199585,80.1642608643,32685,32695,10
12.9216995239,80.1652603149,32695,32705,10
12.9213495255,80.1663589478,32705,32716,11
12.9209699631,80.1675720215,32716,32726,10
12.920630455,80.1685714722,32726,32736,10
12.9203195572,80.1696014404,32736,32746,10
12.9199495316,80.1709136963,32746,32766,20
12.9199495316,80.1709136963,32766,32776,10
12.9198799133,80.1710510254,32776,32786,10
12.9197797775,80.17137146,32786,32796,10
12.9197301865,80.1715927124,32796,32807,11
12.9195899963,80.17212677,32807,32817,10
12.9193601608,80.1728210449,32817,32827,10
12.9191598892,80.1735610962,32827,32837,10
12.9189796448,80.1743774414,32837,32847,10
12.9187803268,80.1753463745,32847,32857,10
12.9185199738,80.1762771606,32857,32867,10
12.9184598923,80.1767883301,32867,32877,10
12.9183998108,80.1769104004,32877,32887,10
12.9183502197,80.1773605347,32887,32897,10
12.9184303284,80.1781387329,32897,32908,11
12.9189796448,80.1789169312,32908,32918,10
12.9194002151,80.1797409058,32918,32934,16
12.9197702408,80.1815414429,32934,32946,12
12.9200201035,80.1826782227,32946,32956,10
12.9203195572,80.1839065552,32956,33060,104
12.9203195572,80.1839065552,33060,33070,10
12.9203300476,80.1840209961,33070,33079,9
12.9203996658,80.1843795776,33079,33089,10
12.9206495285,80.1854019165,33089,33131,42
12.9206495285,80.1854019165,33131,33141,10
12.9206695557,80.1856689453,33141,33151,10
12.9205303192,80.1860809326,33151,33161,10
12.9200801849,80.1865692139,33161,33171,10
12.9195699692,80.1871185303,33171,33181,10
12.9190502167,80.1877212524,33181,33191,10
12.9186201096,80.1882019043,33191,33201,10
12.9181499481,80.1886901855,33201,33211,10
12.9177398682,80.1893081665,33211,33221,10
12.9175100327,80.190071106,33221,33232,11
12.9174203873,80.1906967163,33232,33242,10
12.9173498154,80.1913986206,33242,33252,10
12.91726017,80.1921615601,33252,33262,10
12.9171495438,80.1929168701,33262,33298,36
12.9171495438,80.1929168701,33298,33310,12
12.9171199799,80.1932220459,33310,33320,10
12.9171199799,80.193687439,33320,33330,10
12.9171895981,80.1941680908,33330,33341,11
12.917599678,80.1946868896,33341,33350,9
12.9181203842,80.1951370239,33350,33361,11
12.9187202454,80.1956787109,33361,33369,8
12.9191198349,80.1960372925,33369,33381,12
12.9198198318,80.1964569092,33381,33391,10
12.9202404022,80.1966094971,33391,33401,10
12.9205999374,80.1967163086,33401,33411,10
12.9206495285,80.1967468262,33411,33421,10
12.9208602905,80.1968231201,33421,33431,10
12.9212799072,80.1969833374,33431,33442,11
12.9220199585,80.1972198486,33442,33452,10
12.9228696823,80.1973571777,33452,33462,10
12.9232702255,80.1974029541,33462,33472,10
12.9233798981,80.1974182129,33472,33482,10
12.9238300323,80.1974716187,33482,33492,10
12.9245195389,80.1974868774,33492,33502,10
12.9252004623,80.1974563599,33502,33512,10
12.9254999161,80.1974716187,33512,33522,10
12.9260597229,80.197479248,33522,33532,10
12.9267501831,80.1976623535,33532,33542,10
12.9274196625,80.1980514526,33542,33553,11
12.9279203415,80.1986999512,33553,33563,10
12.9281997681,80.1992721558,33563,33573,10
12.9284000397,80.1999664307,33573,33583,10
12.9284696579,80.2008209229,33583,33593,10
12.9285202026,80.2015228271,33593,33603,10
12.9285402298,80.2020492554,33603,33613,10
12.9287595749,80.2025985718,33613,33623,10
12.9292697906,80.2026672363,33623,33643,20
12.9292697906,80.2026672363,33643,33654,11
12.9294700623,80.2027130127,33654,33664,10
12.9299898148,80.2027816772,33664,33674,10
12.9306201935,80.2028884888,33674,33684,10
12.9313201904,80.2030792236,33684,33694,10
12.9321603775,80.2033462524,33694,33703,9
12.9327898026,80.2035598755,33703,33714,11
12.933139801,80.2036972046,33714,33724,10
12.9335002899,80.2038192749,33724,33734,10
12.934009552,80.2038803101,33734,33754,20
12.934009552,80.2038803101,33754,33765,11
12.9343595505,80.203918457,33765,33775,10
12.9349002838,80.2039871216,33775,33785,10
12.9355697632,80.2042388916,33785,33795,10
12.9361896515,80.2044830322,33795,33805,10
12.9368801117,80.2046813965,33805,33815,10
12.937620163,80.2048873901,33815,33825,10
12.9384498596,80.2051315308,33825,33835,10
12.9392499924,80.2053833008,33835,33845,10
12.9396800995,80.2054977417,33845,33855,10
12.9398403168,80.2055511475,33855,33865,10
12.9398498535,80.2055587769,33865,33876,11
12.9399003983,80.205581665,33876,33886,10
12.9402503967,80.2057037354,33886,33896,10
12.9408197403,80.2058868408,33896,33906,10
12.9414596558,80.206199646,33906,33916,10
12.9420795441,80.2066421509,33916,33926,10
12.9425201416,80.2070083618,33926,33936,10
12.9426698685,80.2071762085,33936,33946,10
12.9428901672,80.2074813843,33946,33956,10
12.9430704117,80.2077331543,33956,33966,10
12.9432401657,80.2078933716,33966,33977,11
12.9434404373,80.2080078125,33977,33987,10
12.9438800812,80.208190918,33987,33997,10
12.9442996979,80.2083587646,33997,34017,20
12.9442996979,80.2083587646,34017,34027,10
12.9446201324,80.2085037231,34027,34037,10
12.9451704025,80.2087020874,34037,34047,10
12.9458799362,80.2089614868,34047,34057,10
12.9465799332,80.2092437744,34057,34067,10
12.9472398758,80.2094802856,34067,34077,10
12.9478998184,80.2097320557,34077,34088,11
12.9486398697,80.2100067139,34088,34098,10
12.9494600296,80.2103424072,34098,34114,16
12.9511604309,80.2110214233,34114,34126,12
12.9523601532,80.2115020752,34126,34136,10
12.95291996,80.2117004395,34136,34146,10
12.9536895752,80.212020874,34146,34156,10
12.9544200897,80.2123184204,34156,34166,10
12.9552898407,80.212677002,34166,34176,10
12.956199646,80.2130203247,34176,34186,10
12.9571199417,80.2133712769,34186,34197,11
12.9580898285,80.213760376,34197,34207,10
12.9590797424,80.2141571045,34207,34217,10
12.9592895508,80.2142410278,34217,34226,9
12.959569931,80.2143630981,34226,34237,11
12.9600801468,80.2145690918,34237,34247,10
12.9608602524,80.2148666382,34247,34257,10
12.9616203308,80.2151565552,34257,34267,10
12.9624004364,80.2154769897,34267,34277,10
12.9628801346,80.2156600952,34277,34287,10
12.9633102417,80.2158432007,34287,34328,41
12.9633102417,80.2158432007,34328,34338,10
12.9633798599,80.2158737183,34338,34348,10
12.9636898041,80.2159881592,34348,34358,10
12.9640903473,80.2161712646,34358,34368,10
12.964679718,80.2164306641,34368,34378,10
12.9657201767,80.2168502808,34378,34409,31
12.9657201767,80.2168502808,34409,34419,10
12.9661798477,80.2170028687,34419,34469,50
12.9665603638,80.2171478271,34469,34520,51
12.9665603638,80.2171478271,34520,34530,10
12.9668798447,80.217300415,34530,34540,10
12.9670801163,80.2173690796,34540,34560,20
12.9672203064,80.2174301147,34560,34600,40
12.9672203064,80.2174301147,34600,34610,10
12.9675397873,80.2175598145,34610,34621,11
12.9677200317,80.2176437378,34621,34631,10
12.9679498672,80.2177200317,34631,34641,10
12.9683904648,80.2178878784,34641,34651,10
12.9691295624,80.2181777954,34651,34661,10
12.9700603485,80.2185516357,34661,34671,10
12.9711999893,80.2189483643,34671,34691,20
12.9711999893,80.2189483643,34691,34701,10
12.9713802338,80.2189788818,34701,34711,10
12.9717798233,80.2191772461,34711,34722,11
12.9724702835,80.2194671631,34722,34732,10
12.9732198715,80.2197418213,34732,34742,10
12.9740600586,80.2200698853,34742,34752,10
12.9747800827,80.2203979492,34752,34762,10
12.9752902985,80.2205963135,34762,34772,10
12.9755802155,80.2207107544,34772,34782,10
12.9756498337,80.2208099365,34782,34792,10
12.9757003784,80.2209320068,34792,34802,10
12.9757204056,80.2209625244,34802,34812,10
12.9761800766,80.2212295532,34812,34853,41
12.9761800766,80.2212295532,34853,34863,10
12.976360321,80.2212219238,34863,34873,10
12.9767503738,80.2212371826,34873,34883,10
12.977399826,80.2212295532,34883,34893,10
12.9781599045,80.2211914063,34893,34903,10
12.9788599014,80.2211380005,34903,34913,10
12.9796199799,80.2210922241,34913,34923,10
12.9803800583,80.221031189,34923,34933,10
12.9811000824,80.2210235596,34933,34944,11
12.9817399979,80.2213287354,34944,34954,10
12.9822597504,80.2217025757,34954,34964,10
12.9830703735,80.2220001221,34964,34984,20
12.9830703735,80.2220001221,34984,34994,10
12.9831495285,80.2220611572,34994,35004,10
12.9834299088,80.2222518921,35004,35014,10
12.983880043,80.2225112915,35014,35024,10
12.9844799042,80.2228469849,35024,35034,10
12.9851398468,80.2232131958,35034,35044,10
12.9855098724,80.2232131958,35044,35055,11
12.9859199524,80.2229690552,35055,35065,10
12.9865999222,80.2229614258,35065,35075,10
12.9871196747,80.2230300903,35075,35091,16
12.9876899719,80.2230606079,35091,35103,12
12.9883699417,80.2226715088,35103,35113,10
12.988820076,80.2222671509,35113,35122,9
12.9894199371,80.2215499878,35122,35133,11
12.9897003174,80.2211303711,35133,35143,10
12.9899301529,80.2208023071,35143,35153,10
12.9904098511,80.220413208,35153,35164,11
12.9905500412,80.2202987671,35164,35174,10
12.990650177,80.2202377319,35174,35184,10
12.9909801483,80.2200012207,35184,35194,10
12.9914503098,80.219619751,35194,35204,10
12.9919099808,80.2192993164,35204,35214,10
12.9925203323,80.2188568115,35214,35224,10
12.993180275,80.2183685303,35224,35234,10
12.9938898087,80.2178573608,35234,35244,10
12.9943599701,80.2175216675,35244,35275,31
12.9943599701,80.2175216675,35275,35285,10
12.9946098328,80.217338562,35285,35295,10
12.9948301315,80.2171630859,35295,35305,10
12.995059967,80.2170028687,35305,35315,10
12.9954204559,80.2167892456,35315,35325,10
12.995880127,80.2166213989,35325,35335,10
12.9961004257,80.2165603638,35335,35345,10
12.9962596893,80.2165527344,35345,35355,10
12.9964504242,80.2165222168,35355,35366,11
12.9966802597,80.2164916992,35366,35376,10
12.9969797134,80.216468811,35376,35386,10
12.9971599579,80.2164382935,35386,35396,10
12.9975204468,80.2161178589,35396,35426,30
12.9975204468,80.2161178589,35426,35436,10
12.997759819,80.2159423828,35436,35446,10
12.9981403351,80.2156295776,35446,35456,10
12.9986600876,80.2152023315,35456,35466,10
12.999130249,80.2147979736,35466,35477,11
12.999420166,80.2145385742,35477,35487,10
12.9994602203,80.2144927979,35487,35497,10
12.9996995926,80.2142791748,35497,35507,10
13.0000600815,80.2139663696,35507,35517,10
13.0004796982,80.2135772705,35517,35527,10
13.0010404587,80.2131195068,35527,35537,10
13.0015602112,80.2127532959,35537,35547,10
13.0020999908,80.2123565674,35547,35557,10
13.0027198792,80.2121200562,35557,35567,10
13.0034399033,80.212059021,35567,35577,10
13.0038499832,80.2119979858,35577,35588,11
13.0043096542,80.2121200562,35588,35598,10
13.0047798157,80.2123413086,35598,35608,10
13.0053701401,80.2127075195,35608,35618,10
13.006070137,80.2128219604,35618,35628,10
13.0072002411,80.2127685547,35628,35675,47
13.0072002411,80.2127685547,35675,35686,11
13.0075397491,80.2128219604,35686,35717,31
13.0075397491,80.2128219604,35717,35727,10
13.0077896118,80.2129211426,35727,35798,71
13.0077896118,80.2129211426,35798,35808,10
13.0082302094,80.2132492065,35808,35818,10
13.0086698532,80.2135772705,35818,35828,10
13.0091600418,80.2142181396,35828,35838,10
13.0096101761,80.2149200439,35838,35848,10
13.0100297928,80.2154998779,35848,35858,10
13.0105495453,80.2162628174,35858,35868,10
13.0108699799,80.2170181274,35868,35878,10
13.0112495422,80.2179031372,35878,35888,10
13.0115499496,80.2187271118,35888,35898,10
13.0120000839,80.2201309204,35898,35909,11
13.0123796463,80.2211380005,35909,35919,10
13.0124597549,80.2212905884,35919,35929,10
13.0125303268,80.2214584351,35929,35939,10
13.0126399994,80.2216186523,35939,35949,10
13.0129804611,80.222038269,35949,35959,10
13.0134601593,80.2226409912,35959,35969,10
13.0139398575,80.2232437134,35969,35979,10
13.0142097473,80.2235794067,35979,35989,10
13.0144395828,80.2238235474,35989,35998,9
13.0147399902,80.2241973877,35998,36010,12
13.0150604248,80.2246398926,36010,36020,10
13.0151901245,80.2247619629,36020,36030,10
13.0154695511,80.2249832153,36030,36040,10
13.0155601501,80.2250289917,36040,36050,10
13.0156402588,80.2250976563,36050,36060,10
13.0159301758,80.2253265381,36060,36070,10
13.0166196823,80.2252807617,36070,36080,10
13.0174598694,80.2249526978,36080,36090,10
13.0182504654,80.2246017456,36090,36100,10
13.0185203552,80.2244796753,36100,36110,10
13.0186700821,80.2244186401,36110,36120,10
13.0190401077,80.224319458,36120,36131,11
13.0195798874,80.2243881226,36131,36141,10
13.0196695328,80.2244491577,36141,36151,10
13.0198202133,80.224571228,36151,36161,10
13.0199604034,80.2246780396,36161,36171,10
13.0200500488,80.2247619629,36171,36181,10
13.0202302933,80.2249069214,36181,36191,10
13.0204200745,80.2250289917,36191,36201,10
13.0205402374,80.2251205444,36201,36211,10
13.0207300186,80.2252731323,36211,36221,10
13.0209999084,80.225479126,36221,36232,11
13.0213298798,80.2257919312,36232,36242,10
13.0216798782,80.2260131836,36242,36252,10
13.0219402313,80.2261810303,36252,36272,20
13.0219402313,80.2261810303,36272,36282,10
13.0221204758,80.2263183594,36282,36312,30
13.0221204758,80.2263183594,36312,36322,10
13.0222702026,80.2263793945,36322,36333,11
13.0223903656,80.2265167236,36333,36343,10
13.0225696564,80.2266769409,36343,36353,10
13.0227298737,80.2268676758,36353,36363,10
13.0230197906,80.227180481,36363,36383,20
13.0230197906,80.227180481,36383,36393,10
13.0232601166,80.2274017334,36393,36403,10
13.0234899521,80.2276000977,36403,36413,10
13.023850441,80.2278671265,36413,36423,10
13.023900032,80.227897644,36423,36433,10
13.0239896774,80.2279815674,36433,36444,11
13.0241098404,80.2281265259,36444,36454,10
13.0242395401,80.2283172607,36454,36464,10
13.0243701935,80.2285079956,36464,36474,10
13.0245199203,80.2287216187,36474,36490,16
13.0247097015,80.229019165,36490,36502,12
13.0248804092,80.2292480469,36502,36512,10
13.0250997543,80.2294921875,36512,36522,10
13.0253400803,80.2297592163,36522,36532,10
13.0254297256,80.2298583984,36532,36542,10
13.0255899429,80.2300872803,36542,36553,11
13.0257396698,80.2303695679,36553,36563,10
13.0258703232,80.2306518555,36563,36573,10
13.0259199142,80.2308120728,36573,36583,10
13.0259599686,80.2309875488,36583,36593,10
13.0259799957,80.2311172485,36593,36603,10
13.0260400772,80.231338501,36603,36622,19
13.0270204544,80.2311325073,36622,36634,12
13.0282096863,80.2309112549,36634,36654,20
13.0282096863,80.2309112549,36654,36665,11
13.0284996033,80.2309112549,36665,36695,30
13.028840065,80.2308502197,36695,36765,70
13.028840065,80.2308502197,36765,36776,11
13.0290203094,80.2308425903,36776,36786,10
13.0291700363,80.2308425903,36786,36796,10
13.0294103622,80.2308273315,36796,36806,10
13.0301103592,80.23072052,36806,36856,50
13.0301103592,80.23072052,36856,36867,11
13.0305299759,80.230682373,36867,36877,10
13.0309400558,80.2306518555,36877,36887,10
13.0315103531,80.2305984497,36887,36897,10
13.0321798325,80.2305526733,36897,36907,10
13.0329504013,80.2304992676,36907,36917,10
13.0338001251,80.2304077148,36917,36927,10
13.0342903137,80.2303771973,36927,36956,29
13.0342903137,80.2303771973,36956,36967,11
13.034529686,80.2303237915,36967,36978,11
13.0347995758,80.2302322388,36978,37008,30
13.0347995758,80.2302322388,37008,37018,10
13.0348997116,80.2302398682,37018,37028,10
13.0350103378,80.2301330566,37028,37038,10
13.0351295471,80.2299423218,37038,37048,10
13.0348901749,80.2297821045,37048,37058,10
13.034529686,80.2297210693,37058,37068,10
13.0342998505,80.2298812866,37068,37139,71
13.0341501236,80.2301635742,37139,37220,81
13.0341501236,80.2301635742,37220,37230,10
13.0339202881,80.2304382324,37230,37240,10
13.0334396362,80.2303924561,37240,37250,10
13.0326404572,80.2304992676,37250,37260,10
13.0320501328,80.2305908203,37260,37270,10
13.0317697525,80.2306213379,37270,37280,10
13.0314798355,80.2306213379,37280,37291,11
13.0311698914,80.2306518555,37291,37361,70
13.0311698914,80.2306518555,37361,37371,10
13.030960083,80.230796814,37371,37422,51
13.030960083,80.230796814,37422,37432,10
13.0308103561,80.2307128906,37432,37442,10
13.0304098129,80.2307434082,37442,37452,10
13.029999733,80.2307815552,37452,37462,10
13.0298995972,80.230796814,37462,37472,10
13.0295696259,80.2308197021,37472,37482,10
13.0290203094,80.2308807373,37482,37492,10
13.0282897949,80.2309494019,37492,37502,10
13.0277500153,80.231010437,37502,37513,11
13.0277204514,80.2314605713,37513,37523,10
13.0277700424,80.2321472168,37523,37533,10
13.0277700424,80.2327804565,37533,37543,10
13.0269603729,80.2329330444,37543,37704,161
13.0269603729,80.2329330444,37704,37714,10
13.0267496109,80.2329788208,37714,37725,11
13.0264396667,80.232963562,37725,37735,10
13.0262403488,80.2325210571,37735,37745,10
13.0261697769,80.2322387695,37745,37755,10
13.0260696411,80.2318191528,37755,37765,10
13.0259504318,80.231338501,37765,37775,10
13.0257501602,80.2306289673,37775,37783,8
13.0253896713,80.2299880981,37783,37793,10
13.0248403549,80.2292785645,37793,37805,12
13.0242996216,80.2286071777,37805,37826,21
13.0242996216,80.2286071777,37826,37836,10
13.0242500305,80.2285079956,37836,37846,10
13.0239400864,80.2281723022,37846,37856,10
13.023440361,80.2276306152,37856,37865,9
13.0230398178,80.2273788452,37865,37886,21
13.0230398178,80.2273788452,37886,37896,10
13.0228500366,80.2272415161,37896,37906,10
13.0226697922,80.2270278931,37906,37916,10
13.0223999023,80.2266769409,37916,37926,10
13.0218801498,80.2262115479,37926,37937,11
13.0211400986,80.2256317139,37937,37947,10
13.0204896927,80.2251586914,37947,37957,10
13.0198202133,80.2247009277,37957,37967,10
13.0189399719,80.2244415283,37967,37977,10
13.0179004669,80.2247924805,37977,37987,10
13.0171003342,80.2251205444,37987,37997,10
13.0165700912,80.2253494263,37997,38007,10
13.0163097382,80.2254562378,38007,38017,10
13.0157804489,80.2256317139,38017,38027,10
13.0153303146,80.2257766724,38027,38038,11
13.0153198242,80.2257766724,38038,38048,10
13.0151100159,80.2258605957,38048,38058,10
13.0147199631,80.2259902954,38058,38068,10
13.0142602921,80.2261199951,38068,38078,10
13.014169693,80.2259368896,38078,38088,10
13.0141601563,80.2256698608,38088,38098,10
13.0142202377,80.2255325317,38098,38108,10
13.0144395828,80.2252578735,38108,38118,10
13.0142002106,80.2255096436,38118,38206,88
13.0141201019,80.2257995605,38206,38319,113
13.0141201019,80.2257995605,38319,38329,10
13.0141401291,80.2259902954,38329,38339,10
13.0141496658,80.2262496948,38339,38349,10
13.0140304565,80.2263336182,38349,38359,10
13.0136098862,80.2264785767,38359,38370,11
13.0129499435,80.2267379761,38370,38380,10
13.012140274,80.2270889282,38380,38390,10
13.0112104416,80.2274169922,38390,38400,10
13.0102500916,80.2277832031,38400,38410,10
13.0095796585,80.2277679443,38410,38420,10
13.0097198486,80.227180481,38420,38430,10
13.0100603104,80.2264480591,38430,38440,10
13.010430336,80.2256774902,38440,38450,10
13.0107002258,80.2250213623,38450,38460,10
13.0109701157,80.2243118286,38460,38471,11
13.0113801956,80.2233581543,38471,38481,10
13.0117397308,80.2224121094,38481,38491,10
13.0120296478,80.2215194702,38491,38501,10
13.012140274,80.2210617065,38501,38511,10
13.0119695663,80.220451355,38511,38521,10
13.0117197037,80.2196273804,38521,38531,10
13.0114603043,80.2187805176,38531,38541,10
13.0111703873,80.2179718018,38541,38551,10
13.0108299255,80.2171020508,38551,38560,9
13.0105199814,80.2164077759,38560,38570,10
13.0101299286,80.2157592773,38570,38582,12
13.00963974,80.214881897,38582,38591,9
13.0091896057,80.21434021,38591,38601,10
13.0087099075,80.2137069702,38601,38612,11
13.0080404282,80.2132263184,38612,38672,60
13.0080404282,80.2132263184,38672,38683,11
13.0077199936,80.2129669189,38683,38693,10
13.0073003769,80.2127990723,38693,38703,10
13.0066900253,80.2127227783,38703,38713,10
13.006070137,80.2129211426,38713,38723,10
13.0053796768,80.2127380371,38723,38732,9
13.0047502518,80.2123794556,38732,38742,10
13.0039997101,80.212097168,38742,38753,11
13.0033397675,80.212059021,38753,38763,10
13.0028095245,80.212059021,38763,38773,10
13.0024595261,80.2121582031,38773,38783,10
13.001999855,80.2124176025,38783,38794,11
13.0015897751,80.2127227783,38794,38804,10
13.0012798309,80.2129516602,38804,38814,10
13.0007801056,80.2133407593,38814,38824,10
13.0002698898,80.2138366699,38824,38834,10
12.9997797012,80.2142486572,38834,38844,10
12.9993000031,80.2146530151,38844,38854,10
12.9990196228,80.2148971558,38854,38864,10
12.9986400604,80.2152023315,38864,38873,9
12.9982795715,80.2155532837,38873,38883,10
12.9976301193,80.2160186768,38883,38894,11
12.9973201752,80.2163925171,38894,38915,21
12.9973201752,80.2163925171,38915,38925,10
12.9970598221,80.2165298462,38925,38935,10
12.9965200424,80.216583252,38935,38945,10
12.9958000183,80.2167282104,38945,38985,40
12.9958000183,80.2167282104,38985,38995,10
12.9954996109,80.2167510986,38995,39006,11
12.9953804016,80.2168121338,39006,39016,10
12.9952201843,80.2169036865,39016,39026,10
12.9950199127,80.2170562744,39026,39035,9
12.9947395325,80.2172470093,39035,39046,11
12.9942302704,80.2176437378,39046,39056,10
12.9937200546,80.2180404663,39056,39066,10
12.9930696487,80.21849823,39066,39076,10
12.9923601151,80.2190322876,39076,39085,9
12.9916801453,80.219543457,39085,39096,11
12.9910898209,80.2199478149,39096,39106,10
12.990819931,80.2201385498,39106,39117,11
12.9905004501,80.2203826904,39117,39127,10
12.9900197983,80.2208175659,39127,39137,10
12.98939991,80.2214889526,39137,39147,10
12.9887504578,80.2222976685,39147,39157,10
12.9876499176,80.2231063843,39157,39177,20
12.9876499176,80.2231063843,39177,39187,10
12.9872598648,80.2230834961,39187,39197,10
12.9866399765,80.2229995728,39197,39207,10
12.9858598709,80.2229995728,39207,39217,10
12.9853401184,80.2232589722,39217,39228,11
12.9845199585,80.2229309082,39228,39238,10
12.9838600159,80.2225570679,39238,39248,10
12.983300209,80.2221984863,39248,39268,20
12.983300209,80.2221984863,39268,39278,10
12.9831695557,80.2221298218,39278,39288,10
12.9827404022,80.2219085693,39288,39298,10
12.9822597504,80.2217712402,39298,39308,10
12.9819602966,80.2215805054,39308,39318,10
12.9814901352,80.2212295532,39318,39329,11
12.9808597565,80.2210235596,39329,39339,10
12.980340004,80.2210464478,39339,39349,10
12.9797401428,80.2211227417,39349,39359,10
12.9789304733,80.2211608887,39359,39369,10
12.9781999588,80.2211685181,39369,39379,10
12.9774799347,80.2211990356,39379,39389,10
12.9768104553,80.2212524414,39389,39399,10
12.9760198593,80.221321106,39399,39409,10
12.9757404327,80.2211074829,39409,39419,10
12.9757404327,80.2210998535,39419,39429,10
12.975569725,80.2209320068,39429,39440,11
12.9754495621,80.2208480835,39440,39450,10
12.9751195908,80.2206192017,39450,39460,10
12.9745903015,80.2203979492,39460,39470,10
12.9740104675,80.220161438,39470,39480,10
12.9735298157,80.2199707031,39480,39490,10
12.972820282,80.2197113037,39490,39506,16
12.9710903168,80.2192001343,39506,39526,20
12.9710903168,80.2192001343,39526,39538,12
12.9709997177,80.2191772461,39538,39549,11
12.9706201553,80.2189331055,39549,39559,10
12.9699802399,80.2186431885,39559,39569,10
12.9692802429,80.2183685303,39569,39579,10
12.9685897827,80.2181015015,39579,39588,9
12.9680404663,80.217880249,39588,39599,11
12.9672803879,80.2175598145,39599,39609,10
12.9661998749,80.2171401978,39609,39619,10
12.9650602341,80.2166900635,39619,39629,10
12.9640102386,80.2162704468,39629,39639,10
12.9634103775,80.2159805298,39639,39650,11
12.9629802704,80.2157974243,39650,39660,10
12.9627103806,80.2156906128,39660,39670,10
12.9621400833,80.2154769897,39670,39680,10
12.961400032,80.2151870728,39680,39690,10
12.9604997635,80.21484375,39690,39700,10
12.959569931,80.2144699097,39700,39710,10
12.9586601257,80.2141036987,39710,39720,10
12.9576101303,80.2136611938,39720,39730,10
12.9565296173,80.213218689,39730,39740,10
12.9554395676,80.2128219604,39740,39750,10
12.9543895721,80.2124023438,39750,39761,11
12.9537496567,80.2121734619,39761,39771,10
12.9535598755,80.2120819092,39771,39781,10
12.953040123,80.2118606567,39781,39791,10
12.9523000717,80.2115707397,39791,39801,10
12.9514198303,80.2112197876,39801,39811,10
12.9504404068,80.2108306885,39811,39821,10
12.9494800568,80.2104568481,39821,39831,10
12.9487600327,80.2101669312,39831,39841,10
12.9476203918,80.2097167969,39841,39851,10
12.9464702606,80.2092590332,39851,39862,11
12.9451599121,80.208732605,39862,39872,10
12.9442796707,80.2083969116,39872,39882,10
12.9441604614,80.2083435059,39882,39892,10
12.9438295364,80.2081832886,39892,39902,10
12.9433403015,80.2079772949,39902,39912,10
12.9428501129,80.2075424194,39912,39922,10
12.9426202774,80.2072067261,39922,39932,10
12.9422197342,80.2068023682,39932,39942,10
12.941619873,80.2063369751,39942,39952,10
12.9409999847,80.2059936523,39952,39962,10
12.9407196045,80.2058868408,39962,39973,11
12.9401702881,80.2057037354,39973,39983,10
12.9395999908,80.2055282593,39983,39993,10
12.9390096664,80.2053527832,39993,40003,10
12.9383001328,80.2051391602,40003,40013,10
12.9375801086,80.2049407959,40013,40023,10
12.9368095398,80.2047195435,40023,40039,16
12.9355401993,80.2043533325,40039,40051,12
12.9345703125,80.2040023804,40051,40061,10
12.9337501526,80.2039337158,40061,40071,10
12.9336299896,80.203918457,40071,40082,11
12.9331798553,80.2038192749,40082,40092,10
12.9325704575,80.2035827637,40092,40102,10
12.9318799973,80.203338623,40102,40112,10
12.931019783,80.2030487061,40112,40122,10
12.9302597046,80.20287323,40122,40132,10
12.9299402237,80.2028427124,40132,40142,10
12.9298601151,80.2028198242,40142,40152,10
12.9297399521,80.2028121948,40152,40162,10
12.9295501709,80.2027664185,40162,40172,10
12.9294900894,80.2027664185,40172,40182,10
12.9292497635,80.2027587891,40182,40193,11
12.9287004471,80.2026367188,40193,40203,10
12.9284801483,80.2020568848,40203,40213,10
12.9284496307,80.2012405396,40213,40223,10
12.9284200668,80.2002410889,40223,40233,10
12.9281702042,80.1993026733,40233,40243,10
12.9278001785,80.1985473633,40243,40253,10
12.9270401001,80.1978378296,40253,40263,10
12.9260101318,80.1975097656,40263,40273,10
12.9254102707,80.1974868774,40273,40283,10
12.9250402451,80.197479248,40283,40294,11
12.9242696762,80.197479248,40294,40304,10
12.923500061,80.1974411011,40304,40314,10
12.9227800369,80.1973419189,40314,40324,10
12.9220199585,80.1972503662,40324,40334,10
12.9215803146,80.1971282959,40334,40344,10
12.9210300446,80.1969299316,40344,40354,10
12.9203996658,80.1967086792,40354,40364,10
12.9196395874,80.1964416504,40364,40374,10
12.9190196991,80.1960372925,40374,40384,10
12.9184799194,80.1955490112,40384,40394,10
12.9179897308,80.1950912476,40394,40405,11
12.9173898697,80.194519043,40405,40415,10
12.9171104431,80.1941680908,40415,40425,10
12.9170398712,80.1940536499,40425,40435,10
12.9169998169,80.1937332153,40435,40445,10
12.9169998169,80.1932067871,40445,40455,10
12.9170598984,80.1927871704,40455,40465,10
12.9171304703,80.1922988892,40465,40475,10
12.9172000885,80.1918106079,40475,40485,10
12.91726017,80.1914596558,40485,40495,10
12.9172697067,80.1912384033,40495,40506,11
12.9173002243,80.191116333,40506,40516,10
12.9173402786,80.1907272339,40516,40526,10
12.9174003601,80.1901168823,40526,40536,10
12.9176197052,80.1893692017,40536,40546,10
12.9181098938,80.1885986328,40546,40556,10
12.9187002182,80.1879196167,40556,40566,10
12.9190502167,80.1875305176,40566,40576,10
12.9196300507,80.1868972778,40576,40586,10
12.9203195572,80.186126709,40586,40596,10
12.9205703735,80.1852416992,40596,40606,10
12.9203500748,80.1843566895,40606,40617,11
12.9201097488,80.1832504272,40617,40627,10
12.919960022,80.1826782227,40627,40637,10
12.9199104309,80.1824493408,40637,40647,10
12.9197797775,80.1818313599,40647,40657,10
12.9196100235,80.1810379028,40657,40667,10
12.9194097519,80.1801605225,40667,40677,10
12.9191303253,80.1793365479,40677,40687,10
12.9185400009,80.1784973145,40687,40697,10
12.9181900024,80.177482605,40697,40707,10
12.9183998108,80.1763534546,40707,40717,10
12.9186897278,80.1752090454,40717,40728,11
12.9190101624,80.1739273071,40728,40738,10
12.9193201065,80.1727218628,40738,40748,10
12.9195699692,80.1717987061,40748,40758,10
12.9197397232,80.1711502075,40758,40768,10
12.9197797775,80.1710586548,40768,40778,10
12.9198799133,80.1707611084,40778,40788,10
12.9200801849,80.1701583862,40788,40798,10
12.9203500748,80.1692810059,40798,40808,10
12.9206800461,80.168182373,40808,40818,10
12.9210395813,80.1670532227,40818,40829,11
12.9214401245,80.1658401489,40829,40839,10
12.9217996597,80.1647262573,40839,40849,10
12.9221000671,80.1637268066,40849,40859,10
12.9223403931,80.1629333496,40859,40869,10
12.9225196838,80.162322998,40869,40879,10
12.9227695465,80.1615371704,40879,40889,10
12.92304039,80.1607208252,40889,40899,10
12.9231100082,80.1604919434,40899,40909,10
12.9231901169,80.1602325439,40909,40919,10
12.923330307,80.1595687866,40919,40929,10
12.9234304428,80.1586227417,40929,40940,11
12.9235601425,80.1573562622,40940,40950,10
12.9236402512,80.1563186646,40950,40960,10
12.9235601425,80.1554336548,40960,40970,10
12.9234199524,80.1550216675,40970,40980,10
12.9234199524,80.1550064087,40980,40990,10
12.9233503342,80.1546936035,40990,41000,10
12.9232196808,80.154083252,41000,41010,10
12.9230203629,80.1533126831,41010,41020,10
12.9228096008,80.1525421143,41020,41030,10
12.922750473,80.1522903442,41030,41041,11
12.9226703644,80.1517791748,41041,41051,10
12.922659874,80.1515731812,41051,41061,10
12.9226503372,80.150932312,41061,41071,10
12.9226303101,80.1500701904,41071,41081,10
12.9225797653,80.1491317749,41081,41091,10
12.9225597382,80.1481781006,41091,41101,10
12.9225597382,80.1474075317,41101,41111,10
12.9225597382,80.1466217041,41111,41121,10
12.922539711,80.1456832886,41121,41131,10
12.9224996567,80.1446685791,41131,41141,10
12.922419548,80.1436462402,41141,41172,31
12.922419548,80.1436462402,41172,41182,10
12.9224395752,80.1434020996,41182,41192,10
12.9224100113,80.1430587769,41192,41202,10
12.9224100113,80.1429977417,41202,41212,10
12.922419548,80.142829895,41212,41222,10
12.922419548,80.1424636841,41222,41232,10
12.922419548,80.1418685913,41232,41242,10
12.9224004745,80.1411590576,41242,41252,10
12.9223804474,80.140296936,41252,41263,11
12.922369957,80.1393203735,41263,41273,10
12.9224004745,80.1385192871,41273,41283,10
12.9224500656,80.1377563477,41283,41293,10
12.9224901199,80.1369171143,41293,41303,10
12.9225301743,80.1361083984,41303,41313,10
12.9225502014,80.1352462769,41313,41323,10
12.9225797653,80.1345901489,41323,41333,10
12.9226198196,80.1338195801,41333,41343,10
12.922659874,80.1330718994,41343,41353,10
12.9226799011,80.1324462891,41353,41365,12
12.9227199554,80.1315383911,41365,41375,10
12.9227399826,80.1307601929,41375,41385,10
12.9227800369,80.1298675537,41385,41394,9
12.9228200912,80.1290588379,41394,41405,11
12.9228801727,80.1281967163,41405,41416,11
12.9229001999,80.1273574829,41416,41426,10
12.9229402542,80.1262969971,41426,41435,9
12.9229602814,80.1254425049,41435,41445,10
12.9229898453,80.124420166,41445,41456,11
12.9230604172,80.1232223511,41456,41467,11
12.9231100082,80.1219711304,41467,41477,10
12.9231996536,80.1204833984,41477,41497,20
12.9231996536,80.1204833984,41497,41507,10
12.9232501984,80.1203765869,41507,41517,10
12.9232797623,80.1200637817,41517,41527,10
12.9233102798,80.1194915771,41527,41537,10
12.9233198166,80.1189193726,41537,41547,10
12.9233598709,80.1183319092,41547,41557,10
12.9234399796,80.1178817749,41557,41567,10
12.923500061,80.1173019409,41567,41578,11
12.923500061,80.1169128418,41578,41588,10
12.9236001968,80.1167831421,41588,41598,10
12.9236402512,80.1168289185,41598,41608,10
12.9236497879,80.116897583,41608,41618,10
12.9235401154,80.1172103882,41618,41628,10
12.923620224,80.1175994873,41628,41638,10
12.9235601425,80.1180419922,41638,41648,10
12.9234695435,80.1187133789,41648,41658,10
12.9233798981,80.1194534302,41658,41668,10
12.9233102798,80.1200027466,41668,41678,10
12.9233198166,80.1203765869,41678,41689,11
12.9232902527,80.1207809448,41689,41870,181
12.9231901169,80.1211624146,41870,41890,20
12.9231996536,80.1212615967,41890,42092,202
12.9231996536,80.1212615967,42092,42102,10
12.9232196808,80.1215286255,42102,42113,11
12.9232301712,80.121887207,42113,42123,10
12.9231996536,80.1225128174,42123,42133,10
12.9231500626,80.1232833862,42133,42143,10
12.9231100082,80.1240768433,42143,42153,10
12.9230604172,80.1249389648,42153,42163,10
12.9230804443,80.125541687,42163,42183,20
12.9230804443,80.125541687,42183,42193,10
12.9230604172,80.1256484985,42193,42203,10
12.9230098724,80.1260528564,42203,42213,10
12.9229803085,80.126739502,42213,42224,11
12.9229402542,80.1274185181,42224,42234,10
12.9229001999,80.1279373169,42234,42244,10
12.9228696823,80.1284332275,42244,42254,10
12.922829628,80.1290130615,42254,42264,10
12.9228096008,80.1297225952,42264,42274,10
12.9227800369,80.1304779053,42274,42284,10
12.9227800369,80.1311798096,42284,42294,10
12.9227800369,80.1313095093,42294,42304,10
12.9228000641,80.1313705444,42304,42314,10
12.9227695465,80.1317977905,42314,42325,11
12.9227104187,80.132598877,42325,42335,10
12.922659874,80.133430481,42335,42345,10
12.9226303101,80.1344223022,42345,42355,10
12.9225702286,80.1354064941,42355,42365,10
12.922539711,80.1363220215,42365,42375,10
12.9224700928,80.13722229,42375,42385,10
12.9224004745,80.1380996704,42385,42395,10
12.9223604202,80.1390304565,42395,42405,10
12.9223604202,80.1399765015,42405,42415,10
12.9223804474,80.1405792236,42415,42425,10
12.9224004745,80.1413192749,42425,42436,11
12.9224004745,80.1421432495,42436,42446,10
12.9224500656,80.1427001953,42446,42456,10
12.9225196838,80.1430969238,42456,42466,10
12.9225196838,80.1436233521,42466,42476,10
12.9225196838,80.143661499,42476,42486,10
12.9224996567,80.1439437866,42486,42496,10
12.9224796295,80.1445388794,42496,42506,10
12.9225196838,80.1454315186,42506,42516,10
12.9225597382,80.1463623047,42516,42526,10
12.9225997925,80.1470413208,42526,42537,11
12.9226303101,80.1473617554,42537,42547,10
12.9226198196,80.1474380493,42547,42557,10
12.9225997925,80.1478729248,42557,42567,10
12.9225797653,80.1485977173,42567,42577,10
12.9226303101,80.149520874,42577,42587,10
12.9226398468,80.1505126953,42587,42597,10
12.9226799011,80.1514434814,42597,42607,10
12.9227399826,80.152130127,42607,42617,10
12.9228801727,80.1527633667,42617,42627,10
12.9230604172,80.1535491943,42627,42637,10
12.9233999252,80.1547012329,42637,42658,21
12.9233999252,80.1547012329,42658,42668,10
12.9234399796,80.1549835205,42668,42678,10
12.9235696793,80.1554794312,42678,42688,10
12.9236803055,80.15625,42688,42698,10
12.923620224,80.1570205688,42698,42708,10
12.9235200882,80.1578979492,42708,42718,10
12.92345047,80.1588821411,42718,42728,10
12.9233798981,80.1598434448,42728,42738,10
12.9232702255,80.1604385376,42738,42749,11
12.9232196808,80.1605682373,42749,42759,10
12.9230604172,80.1610717773,42759,42769,10
12.9227800369,80.1618499756,42769,42779,10
12.9224901199,80.1627426147,42779,42789,10
12.9221897125,80.1636581421,42789,42799,10
12.9218196869,80.1648178101,42799,42809,10
12.9214801788,80.1658477783,42809,42819,10
12.9211196899,80.1669235229,42819,42829,10
12.9208097458,80.1679992676,42829,42839,10
12.9204797745,80.1689987183,42839,42849,10
12.9202003479,80.1699829102,42849,42860,11
12.9199199677,80.1709671021,42860,42870,10
12.9198904037,80.1710510254,42870,42880,10
12.9198303223,80.1712036133,42880,42890,10
12.9197301865,80.1715087891,42890,42900,10
12.9195804596,80.1720504761,42900,42910,10
12.9193696976,80.1727981567,42910,42920,10
12.9191598892,80.1736373901,42920,42930,10
12.9189100266,80.1746063232,42930,42940,10
12.9186401367,80.1757202148,42940,42950,10
12.9183998108,80.1766967773,42950,42960,10
12.9182195663,80.1778182983,42960,42971,11
12.9188404083,80.1788635254,42971,42981,10
12.9193696976,80.1798171997,42981,42991,10
12.9195995331,80.1809616089,42991,43001,10
12.919839859,80.1820831299,43001,43011,10
12.9201002121,80.1831588745,43011,43021,10
12.9202699661,80.1837921143,43021,43031,10
12.9202699661,80.1838226318,43031,43041,10
12.9203500748,80.184211731,43041,43051,10
12.9204902649,80.1848602295,43051,43061,10
12.9206199646,80.1854095459,43061,43072,11
12.9206399918,80.1854782104,43072,43082,10
12.9206600189,80.1856536865,43082,43092,10
12.9205503464,80.1860275269,43092,43102,10
12.9200401306,80.1866073608,43102,43112,10
12.9194803238,80.1872329712,43112,43122,10
12.9189596176,80.1878128052,43122,43132,10
12.9184703827,80.188331604,43132,43142,10
12.9179801941,80.1888885498,43142,43152,10
12.9176397324,80.1895294189,43152,43162,10
12.9174499512,80.1904220581,43162,43172,10
12.9173603058,80.1913070679,43172,43183,11
12.9172401428,80.1922225952,43183,43193,10
12.9171199799,80.1930770874,43193,43223,30
12.9171199799,80.1930770874,43223,43233,10
12.917090416,80.1932830811,43233,43243,10
12.9170598984,80.1937866211,43243,43253,10
12.9172000885,80.1942520142,43253,43263,10
12.9174900055,80.1946029663,43263,43273,10
12.9180202484,80.1950531006,43273,43284,11
12.918680191,80.195640564,43284,43294,10
12.9194202423,80.1961975098,43294,43304,10
12.9203395844,80.1966171265,43304,43314,10
12.921090126,80.1968917847,43314,43324,10
12.9218502045,80.1971664429,43324,43334,10
12.9227104187,80.1973266602,43334,43344,10
12.9233198166,80.1974105835,43344,43354,10
12.9234399796,80.1974334717,43354,43364,10
12.9236803055,80.1974563599,43364,43374,10
12.9242601395,80.1975021362,43374,43384,10
12.9250402451,80.197479248,43384,43395,11
12.9254598618,80.197479248,43395,43405,10
12.9260396957,80.1974868774,43405,43415,10
12.9265098572,80.1975784302,43415,43425,10
12.9266996384,80.1976623535,43425,43435,10
12.9272203445,80.1979217529,43435,43445,10
12.9277801514,80.1984405518,43445,43455,10
12.9281997681,80.1992492676,43455,43465,10
12.9284601212,80.2002563477,43465,43475,10
12.9285202026,80.2013473511,43475,43485,10
12.9285402298,80.2021331787,43485,43495,10
12.928899765,80.2026672363,43495,43506,11
12.929479599,80.2027435303,43506,43516,10
12.9294996262,80.2027511597,43516,43526,10
12.9297199249,80.202796936,43526,43536,10
12.9300403595,80.2028579712,43536,43546,10
12.9301795959,80.2028579712,43546,43556,10
12.9306097031,80.2029266357,43556,43566,10
12.9312896729,80.2031173706,43566,43576,10
12.9321298599,80.2033920288,43576,43586,10
12.9329595566,80.2036590576,43586,43596,10
12.9339799881,80.2038803101,43596,43617,21
12.9339799881,80.2038803101,43617,43627,10
12.9341201782,80.2039108276,43627,43637,10
12.9345998764,80.2039489746,43637,43647,10
12.9352998734,80.2041702271,43647,43657,10
12.9361801147,80.2045135498,43657,43667,10
12.9371595383,80.204788208,43667,43677,10
12.9382295609,80.2050933838,43677,43687,10
12.939330101,80.2054290771,43687,43697,10
12.9400100708,80.205619812,43697,43707,10
12.9400196075,80.2056274414,43707,43718,11
12.9404296875,80.2057571411,43718,43728,10
12.9410600662,80.2059936523,43728,43738,10
12.9417800903,80.2063980103,43738,43748,10
12.9425096512,80.2070236206,43748,43758,10
12.9430103302,80.2076416016,43758,43768,10
12.9437303543,80.2081375122,43768,43778,10
12.944319725,80.2083587646,43778,43788,10
12.9443998337,80.2083892822,43788,43798,10
12.9448003769,80.2085418701,43798,43808,10
12.9454698563,80.2087936401,43808,43819,11
12.9462995529,80.2091064453,43819,43829,10
12.9469995499,80.2093963623,43829,43839,10
12.9476699829,80.2096633911,43839,43849,10
12.948340416,80.2099304199,43849,43859,10
12.9490804672,80.2102203369,43859,43869,10
12.9501104355,80.2106399536,43869,43879,10
12.9513101578,80.2111206055,43879,43889,10
12.952460289,80.2115707397,43889,43899,10
12.9534502029,80.2119598389,43899,43909,10
12.9544496536,80.2123718262,43909,43919,10
12.9554901123,80.2127838135,43919,43930,11
12.956489563,80.2131500244,43930,43940,10
12.9573402405,80.2134933472,43940,43950,10
12.958319664,80.2138824463,43950,43960,10
12.9593296051,80.2142791748,43960,43970,10
12.9603395462,80.2147064209,43970,43980,10
12.9613704681,80.2151107788,43980,43990,10
12.9624595642,80.2155227661,43990,44000,10
12.9633998871,80.2158737183,44000,44010,10
12.9638299942,80.2160568237,44010,44020,10
12.9644603729,80.2163467407,44020,44037,17
12.9657402039,80.2168731689,44037,44049,12
12.9665498734,80.2171783447,44049,44059,10
12.9672203064,80.2174606323,44059,44069,10
12.9679002762,80.2177276611,44069,44079,10
12.9685897827,80.2180023193,44079,44089,10
12.9694795609,80.2183380127,44089,44099,10
12.970459938,80.2187194824,44099,44109,10
12.9711704254,80.2189483643,44109,44119,10
12.9711799622,80.218963623,44119,44129,10
12.9715204239,80.2191314697,44129,44138,9
12.9720001221,80.2193527222,44138,44150,12
12.9728803635,80.2196807861,44150,44160,10
12.9737596512,80.2200012207,44160,44170,10
12.9746303558,80.2203674316,44170,44180,10
12.9751300812,80.2206420898,44180,44200,20
12.9751300812,80.2206420898,44200,44210,10
12.9752397537,80.2207336426,44210,44220,10
12.9755296707,80.2208175659,44220,44230,10
12.9757604599,80.2210388184,44230,44240,10
12.9761800766,80.221282959,44240,44261,21
12.9761800766,80.221282959,44261,44271,10
12.976269722,80.221321106,44271,44281,10
12.9766101837,80.2213287354,44281,44291,10
12.9771995544,80.221321106,44291,44301,10
12.97797966,80.221282959,44301,44311,10
12.9786396027,80.2212295532,44311,44321,10
12.9791698456,80.2211837769,44321,44331,10
12.9798898697,80.2211074829,44331,44341,10
12.9806499481,80.221031189,44341,44351,10
12.9814300537,80.2212524414,44351,44362,11
12.9821500778,80.2217178345,44362,44372,10
12.9829998016,80.2220001221,44372,44392,20
12.9829998016,80.2220001221,44392,44402,10
12.9832801819,80.22215271,44402,44412,10
12.9836597443,80.2224273682,44412,44422,10
12.9842395782,80.2227401733,44422,44432,10
12.9848003387,80.2230682373,44432,44442,10
12.985250473,80.2232818604,44442,44452,10
12.9856004715,80.2231216431,44452,44463,11
12.9862003326,80.2229995728,44463,44473,10
12.9869203568,80.2230606079,44473,44483,10
12.9875402451,80.2230911255,44483,44493,10
12.9882297516,80.2227172852,44493,44503,10
12.9889202118,80.2220993042,44503,44513,10
12.9894599915,80.2213516235,44513,44523,10
12.9904699326,80.2203521729,44523,44543,20
12.9904699326,80.2203521729,44543,44553,10
12.9905996323,80.2202606201,44553,44584,31
12.9905996323,80.2202606201,44584,44594,10
12.9909601212,80.2199935913,44594,44604,10
12.991399765,80.2196502686,44604,44614,10
12.9918899536,80.2192764282,44614,44624,10
12.9925098419,80.2188186646,44624,44634,10
12.993180275,80.2183227539,44634,44644,10
12.9939002991,80.2177886963,44644,44654,10
12.9945297241,80.217338562,44654,44664,10
12.99518013,80.2169036865,44664,44674,10
12.9959001541,80.2166366577,44674,44685,11
12.9967803955,80.2164993286,44685,44695,10
12.9972200394,80.2163696289,44695,44705,10
12.9974298477,80.2161636353,44705,44715,10
12.9975595474,80.2160797119,44715,44725,10
12.9979200363,80.2157669067,44725,44735,10
12.9984102249,80.2153396606,44735,44745,10
12.9989595413,80.2148666382,44745,44755,10
12.9992198944,80.2146530151,44755,44765,10
12.9996099472,80.214302063,44765,44775,10
13.0000200272,80.2139434814,44775,44786,11
13.000579834,80.2134170532,44786,44802,16
13.0012998581,80.2128601074,44802,44814,12
13.0018596649,80.2124481201,44814,44824,10
13.0024003983,80.2121582031,44824,44834,10
13.0030603409,80.212097168,44834,44844,10
13.0037202835,80.212020874,44844,44854,10
13.0043697357,80.2121963501,44854,44863,9
13.0048704147,80.2124633789,44863,44874,11
13.005689621,80.2128982544,44874,44884,10
13.0064401627,80.2127304077,44884,44892,8
13.0078001022,80.2130584717,44892,44927,35
13.0078001022,80.2130584717,44927,44937,10
13.0081396103,80.2132797241,44937,44946,9
13.0086202621,80.2135620117,44946,44957,11
13.0091104507,80.2142181396,44957,44967,10
13.0096197128,80.2149810791,44967,44977,10
13.0100498199,80.2155990601,44977,44987,10
13.0105400085,80.2162780762,44987,44997,10
13.0108804703,80.2170562744,44997,45007,10
13.0112895966,80.2180099487,45007,45018,11
13.0116901398,80.2192001343,45018,45028,10
13.0120296478,80.2203063965,45028,45038,10
13.0123701096,80.2211227417,45038,45048,10
13.0124797821,80.2214202881,45048,45068,20
13.0124797821,80.2214202881,45068,45078,10
13.0126600266,80.2217712402,45078,45088,10
13.0130195618,80.2221984863,45088,45098,10
13.0133199692,80.2224884033,45098,45109,11
13.0139799118,80.2233200073,45109,45129,20
13.0139799118,80.2233200073,45129,45139,10
13.0142498016,80.2237091064,45139,45149,10
13.0145998001,80.224067688,45149,45159,10
13.0148801804,80.2244186401,45159,45169,10
13.01541996,80.2249679565,45169,45189,20
13.01541996,80.2249679565,45189,45199,10
13.0155296326,80.2250213623,45199,45209,10
13.0157403946,80.2252120972,45209,45220,11
13.016169548,80.2253494263,45220,45236,16
13.0171604156,80.2250595093,45236,45248,12
13.0181303024,80.2246627808,45248,45256,8
13.0187597275,80.2244262695,45256,45267,11
13.0193595886,80.2243728638,45267,45277,10
13.0195302963,80.2244415283,45277,45288,11
13.0197200775,80.224571228,45288,45298,10
13.0200195313,80.2247924805,45298,45307,9
13.0204401016,80.2250900269,45307,45318,11
13.0209598541,80.2254714966,45318,45329,11
13.0218000412,80.2260818481,45329,45349,20
13.0218000412,80.2260818481,45349,45359,10
13.0219402313,80.2261886597,45359,45369,10
13.0223398209,80.2265701294,45369,45379,10
13.0229101181,80.2270584106,45379,45389,10
13.0235700607,80.2276763916,45389,45399,10
13.0241498947,80.2282409668,45399,45409,10
13.0244197845,80.2285614014,45409,45419,10
13.0245199203,80.2287597656,45419,45430,11
13.0247898102,80.2291488647,45430,45440,10
13.0251302719,80.2295837402,45440,45450,10
13.0255899429,80.2301864624,45450,45460,10
13.0258598328,80.2306671143,45460,45470,10
13.0259304047,80.2309799194,45470,45520,50
13.0259304047,80.2309799194,45520,45530,10
13.0259895325,80.2313995361,45530,45541,11
13.0265102386,80.2312774658,45541,45551,10
13.0272302628,80.2311019897,45551,45561,10
13.0279598236,80.23097229,45561,45571,10
13.0280799866,80.23097229,45571,45581,10
13.0283203125,80.2309494019,45581,45591,10
13.0287904739,80.2309112549,45591,45652,61
13.0287904739,80.2309112549,45652,45662,10
13.0290603638,80.2309188843,45662,45672,10
13.0293598175,80.2308578491,45672,45682,10
13.0297603607,80.2308120728,45682,45692,10
13.0303001404,80.230758667,45692,45702,10
13.0305995941,80.23072052,45702,45712,10
13.0308599472,80.2306976318,45712,45722,10
13.0312595367,80.2306671143,45722,45732,10
13.0318698883,80.2306365967,45732,45742,10
13.0325098038,80.2305908203,45742,45753,11
13.0333795547,80.2305221558,45753,45763,10
13.0340003967,80.23046875,45763,45773,10
13.0344696045,80.2303771973,45773,45783,10
13.0348796844,80.2302703857,45783,45793,10
13.0350198746,80.2301330566,45793,45854,61
13.0350198746,80.2301330566,45854,45864,10
13.0349903107,80.2298431396,45864,45874,10
13.0349197388,80.2297973633,45874,45884,10
13.0346298218,80.2297821045,45884,46419,535
13.0343103409,80.2296829224,46419,47115,696
13.0343103409,80.2296829224,47115,47125,10
13.0341901779,80.2298965454,47125,47226,101
13.0341901779,80.2298965454,47226,47236,10
13.0341501236,80.2302932739,47236,47277,41
13.0341501236,80.2302932739,47277,47287,10
13.034070015,80.2304763794,47287,47297,10
13.0339002609,80.2304382324,47297,47307,10
13.0335102081,80.2304534912,47307,47317,10
13.0328197479,80.230506897,47317,47327,10
13.0320501328,80.2305984497,47327,47337,10
13.03125,80.2306594849,47337,47347,10
13.0307998657,80.2306900024,47347,47357,10
13.03028965,80.23072052,47357,47368,11
13.02987957,80.2307662964,47368,47378,10
13.0296802521,80.230796814,47378,47388,10
13.0296497345,80.2308120728,47388,47398,10
13.0295600891,80.2308273315,47398,47408,10
13.0291595459,80.2308425903,47408,47418,10
13.0285596848,80.2308731079,47418,47428,10
13.0279502869,80.2309188843,47428,47438,10
13.0276699066,80.2310791016,47438,47448,10
13.0276403427,80.2315216064,47448,47459,11
13.0277004242,80.2321929932,47459,47469,10
13.0276699066,80.2327728271,47469,47479,10
13.0272102356,80.2328796387,47479,47509,30
13.0272102356,80.2328796387,47509,47519,10
13.0270395279,80.2328872681,47519,47529,10
13.0268602371,80.2329330444,47529,47539,10
13.0265197754,80.2329711914,47539,47549,10
13.0263004303,80.2325897217,47549,47559,10
13.0261201859,80.2320022583,47559,47570,11
13.02602005,80.2315673828,47570,47580,10
13.02602005,80.2315597534,47580,47590,10
13.0259599686,80.2313613892,47590,47600,10
13.0258197784,80.2308578491,47600,47610,10
13.0254297256,80.2301101685,47610,47619,9
13.0247001648,80.2291564941,47619,47640,21
13.0247001648,80.2291564941,47640,47650,10
13.0244703293,80.2288665771,47650,47660,10
13.0241003036,80.2284088135,47660,47670,10
13.0236597061,80.2278823853,47670,47681,11
13.0230703354,80.227432251,47681,47711,30
13.0230703354,80.227432251,47711,47721,10
13.0228700638,80.2272872925,47721,47731,10
13.0226402283,80.2269821167,47731,47741,10
13.0222501755,80.2265396118,47741,47750,9
13.0216903687,80.2260513306,47750,47761,11
13.0209598541,80.2254562378,47761,47771,10
13.0203695297,80.2250595093,47771,47782,11
13.0200395584,80.2248687744,47782,47792,10
13.019949913,80.2248001099,47792,47802,10
13.0196504593,80.2246170044,47802,47812,10
13.0189800262,80.2244567871,47812,47822,10
13.0181798935,80.2247314453,47822,47832,10
13.0173301697,80.2250823975,47832,47842,10
13.0165901184,80.2253875732,47842,47852,10
13.0162296295,80.2255401611,47852,47862,10
13.0161104202,80.2255706787,47862,47872,10
13.0158500671,80.2256622314,47872,47882,10
13.0153303146,80.2258300781,47882,47893,11
13.0143098831,80.2262420654,47893,47923,30
13.0143098831,80.2262420654,47923,48137,214
13.0115995407,80.2193832397,48137,48149,12
13.0112800598,80.2184371948,48149,48159,10
13.0109996796,80.2176971436,48159,48169,10
13.0106601715,80.2169189453,48169,48179,10
13.010310173,80.2162399292,48179,48189,10
13.0099201202,80.2155075073,48189,48199,10
13.0094299316,80.2147674561,48199,48209,10
13.0090303421,80.2142181396,48209,48219,10
13.0085601807,80.2136077881,48219,48230,11
13.0082597733,80.2133712769,48230,48260,30
13.0082597733,80.2133712769,48260,48270,10
13.0081596375,80.2133102417,48270,48280,10
13.0079402924,80.2132415771,48280,48320,40
13.0079402924,80.2132415771,48320,48331,11
13.0077695847,80.2130966187,48331,48341,10
13.0075302124,80.2129135132,48341,48351,10
13.0070400238,80.2127685547,48351,48361,10
13.0063400269,80.2127990723,48361,48371,10
13.0056200027,80.2129592896,48371,48381,10
13.0049695969,80.2125701904,48381,48391,10
13.0041999817,80.2122268677,48391,48401,10
13.0032901764,80.2121124268,48401,48411,10
13.002699852,80.2121200562,48411,48421,10
13.0024995804,80.2121276855,48421,48431,10
13.0020999908,80.212310791,48431,48442,11
13.0015201569,80.2127075195,48442,48452,10
13.0010795593,80.2130508423,48452,48462,10
13.0006504059,80.2134170532,48462,48472,10
13.0000495911,80.2139587402,48472,48482,10
12.99958992,80.2144088745,48482,48492,10
12.9992303848,80.2147064209,48492,48502,10
12.9989700317,80.2149429321,48502,48512,10
12.9985599518,80.2152786255,48512,48522,10
12.9975500107,80.2161636353,48522,48542,20
12.9975500107,80.2161636353,48542,48553,11
12.9972896576,80.2164230347,48553,48564,11
12.9971504211,80.2165679932,48564,48574,10
12.9969797134,80.2165603638,48574,48584,10
12.9966802597,80.216583252,48584,48594,10
12.9963903427,80.216583252,48594,48603,9
12.9962596893,80.2166290283,48603,48614,11
12.9959402084,80.2166824341,48614,48624,10
12.9956598282,80.2167282104,48624,48634,10
12.9956302643,80.2167434692,48634,48643,9
12.9952898026,80.2169113159,48643,48675,32
12.9952898026,80.2169113159,48675,48685,10
12.9949302673,80.2171020508,48685,48695,10
12.9947299957,80.2172088623,48695,48705,10
12.9943199158,80.2175598145,48705,48715,10
12.9937295914,80.2179794312,48715,48725,10
12.993060112,80.218421936,48725,48735,10
12.9923801422,80.2189407349,48735,48745,10
12.9916496277,80.2195205688,48745,48755,10
12.990819931,80.2201004028,48755,48776,21
12.990819931,80.2201004028,48776,48786,10
12.9907102585,80.220199585,48786,48796,10
12.9905500412,80.2203216553,48796,48806,10
12.9902801514,80.2205429077,48806,48816,10
12.9898099899,80.2209320068,48816,48826,10
12.9891395569,80.2217330933,48826,48856,30
12.9891395569,80.2217330933,48856,48866,10
12.9889802933,80.2219696045,48866,48986,120
12.9889802933,80.2219696045,48986,48996,10
12.9887800217,80.2222290039,48996,49087,91
12.9886598587,80.2223205566,49087,49147,60
12.9886598587,80.2223205566,49147,49157,10
12.9884395599,80.2225112915,49157,49198,41
12.9884395599,80.2225112915,49198,49208,10
12.9881696701,80.2227630615,49208,49238,30
12.9881696701,80.2227630615,49238,49248,10
12.9879398346,80.2229690552,49248,49268,20
12.9879398346,80.2229690552,49268,49278,10
12.9877796173,80.2230300903,49278,49288,10
12.9875001907,80.2231063843,49288,49299,11
12.9870796204,80.2230224609,49299,49309,10
12.9865102768,80.2229614258,49309,49319,10
12.9858999252,80.2229766846,49319,49329,10
12.9853696823,80.2233200073,49329,49339,10
12.9851198196,80.2232971191,49339,49349,10
12.984919548,80.2232131958,49349,49359,10
12.9845600128,80.2230377197,49359,49369,10
12.9842195511,80.2228164673,49369,49379,10
12.9838895798,80.2226333618,49379,49389,10
12.9837598801,80.2225494385,49389,49399,10
12.9834403992,80.2223434448,49399,49430,31
12.9834403992,80.2223434448,49430,49440,10
12.9833202362,80.2222518921,49440,49450,10
12.9830102921,80.2220687866,49450,49470,20
12.9830102921,80.2220687866,49470,49480,10
12.9825601578,80.2218780518,49480,49490,10
12.9820604324,80.2217330933,49490,49500,10
12.9813804626,80.2212295532,49500,49510,10
12.9806098938,80.2210769653,49510,49521,11
12.9799995422,80.2211074829,49521,49531,10
12.9794797897,80.2211532593,49531,49541,10
12.9786396027,80.2211685181,49541,49551,10
12.9777402878,80.2212677002,49551,49561,10
12.9775495529,80.2212905884,49561,49571,10
12.9771203995,80.2212905884,49571,49581,10
12.9764204025,80.2212905884,49581,49591,10
12.9760198593,80.221321106,49591,49601,10
12.975859642,80.2212677002,49601,49611,10
12.9756498337,80.2210769653,49611,49622,11
12.9755802155,80.2210235596,49622,49632,10
12.9754495621,80.2209014893,49632,49642,10
12.9752101898,80.220741272,49642,49652,10
12.9748401642,80.2205505371,49652,49662,10
12.9744501114,80.2203521729,49662,49672,10
12.9739999771,80.2202072144,49672,49682,10
12.973279953,80.2199020386,49682,49692,10
12.9723997116,80.219581604,49692,49702,10
12.9714698792,80.219291687,49702,49711,9
12.9710197449,80.2191772461,49711,49722,11
12.9709501266,80.2191467285,49722,49733,11
12.9705200195,80.2189025879,49733,49743,10
12.9698801041,80.2186279297,49743,49753,10
12.9692001343,80.2183609009,49753,49763,10
12.9685201645,80.2180862427,49763,49773,10
12.9678497314,80.2178192139,49773,49782,9
12.967209816,80.2175598145,49782,49793,11
12.9660902023,80.2171020508,49793,49802,9
12.9650402069,80.2166824341,49802,49813,11
12.9638595581,80.2162017822,49813,49823,10
12.9631204605,80.2158737183,49823,49833,10
12.9623403549,80.2155532837,49833,49844,11
12.9612798691,80.2151184082,49844,49854,10
12.9602003098,80.2147064209,49854,49864,10
12.95911026,80.2142791748,49864,49874,10
12.9580202103,80.2138366699,49874,49884,10
12.9568996429,80.2134017944,49884,49894,10
12.955789566,80.2129516602,49894,49904,10
12.9546604156,80.2125167847,49904,49914,10
12.9538297653,80.2121963501,49914,49924,10
12.9530601501,80.2118682861,49924,49934,10
12.9522895813,80.2115707397,49934,49945,11
12.9512701035,80.2111587524,49945,49955,10
12.9502296448,80.2107391357,49955,49965,10
12.9492702484,80.210357666,49965,49975,10
12.9483699799,80.2100067139,49975,49985,10
12.9473199844,80.209602356,49985,49995,10
12.9460096359,80.2090988159,49995,50005,10
12.9449901581,80.2087020874,50005,50015,10
12.9441795349,80.2084121704,50015,50025,10
12.9441404343,80.2083892822,50025,50035,10
12.9437999725,80.2082290649,50035,50045,10
12.9432296753,80.2079467773,50045,50056,11
12.9427404404,80.2074203491,50056,50066,10
12.9419298172,80.2066192627,50066,50076,10
12.9411401749,80.2060928345,50076,50086,10
12.9409999847,80.2060317993,50086,50096,10
12.9407300949,80.2059020996,50096,50106,10
12.9401702881,80.2057189941,50106,50116,10
12.9394397736,80.2054824829,50116,50126,10
12.9386396408,80.2052307129,50126,50136,10
12.9377498627,80.2049789429,50136,50146,10
12.9367399216,80.2046890259,50146,50156,10
12.9357004166,80.2043991089,50156,50167,11
12.9347200394,80.2040023804,50167,50177,10
12.9338102341,80.2039337158,50177,50187,10
12.9336900711,80.203918457,50187,50197,10
12.9336204529,80.2039337158,50197,50207,10
12.9332199097,80.2038574219,50207,50217,10
12.9326200485,80.2035980225,50217,50227,10
12.931889534,80.203338623,50227,50237,10
12.9310703278,80.2030715942,50237,50247,10
12.9305000305,80.2029190063,50247,50257,10
12.9300203323,80.2028503418,50257,50268,11
12.9294700623,80.2027816772,50268,50277,9
12.9293498993,80.2027587891,50277,50288,11
12.9292001724,80.2027435303,50288,50298,10
12.9287204742,80.2026519775,50298,50308,10
12.9284296036,80.2021408081,50308,50318,10
12.9284095764,80.2013626099,50318,50328,10
12.9283800125,80.2006225586,50328,50338,10
12.9281597137,80.1993865967,50338,50348,10
12.9276599884,80.1984100342,50348,50358,10
12.926779747,80.1977310181,50358,50368,10
12.9260702133,80.1975479126,50368,50379,11
12.9260597229,80.1975479126,50379,50389,10
12.9259901047,80.1975631714,50389,50399,10
12.9255399704,80.1975479126,50399,50409,10
12.9252700806,80.1975402832,50409,50419,10
12.9247198105,80.1975326538,50419,50429,10
12.9240198135,80.197517395,50429,50439,10
12.9232196808,80.197479248,50439,50455,16
12.92208004,80.1973190308,50455,50467,12
12.9219503403,80.197303772,50467,50475,8
12.9217700958,80.197227478,50475,50488,13
12.9213600159,80.1970901489,50488,50498,10
12.9212903976,80.1970596313,50498,50508,10
12.9211797714,80.1970214844,50508,50518,10
12.9209804535,80.1969223022,50518,50528,10
12.9207496643,80.1968536377,50528,50538,10
12.9203395844,80.1967086792,50538,50548,10
12.9197902679,80.1965103149,50548,50558,10
12.9193096161,80.1962814331,50558,50568,10
12.9188995361,80.1959609985,50568,50578,10
12.9184303284,80.1955108643,50578,50589,11
12.9178495407,80.1949768066,50589,50599,10
12.9172096252,80.1943588257,50599,50619,20
12.9172096252,80.1943588257,50619,50629,10
12.9170799255,80.1941223145,50629,50639,10
12.9170103073,80.1938095093,50639,50649,10
12.9169797897,80.1934204102,50649,50659,10
12.9170398712,80.1928863525,50659,50669,10
12.9171199799,80.1921691895,50669,50679,10
12.9172296524,80.1912918091,50679,50710,31
12.9172296524,80.1912918091,50710,50720,10
12.9172801971,80.19090271,50720,50730,10
12.9173202515,80.1902770996,50730,50740,10
12.9175395966,80.1894607544,50740,50750,10
12.9180803299,80.1885604858,50750,50760,10
12.9187898636,80.1877670288,50760,50770,10
12.919549942,80.1869430542,50770,50780,10
12.9203701019,80.1860198975,50780,50790,10
12.9205198288,80.1849822998,50790,50800,10
12.9203100204,80.1842880249,50800,50811,11
12.9202299118,80.1839294434,50811,50821,10
12.9200801849,80.1832504272,50821,50831,10
12.9199199677,80.1825790405,50831,50841,10
12.9199104309,80.1825637817,50841,50851,10
12.9198598862,80.1822814941,50851,50861,10
12.9197301865,80.1816711426,50861,50871,10
12.9195699692,80.1808929443,50871,50881,10
12.919380188,80.1799621582,50881,50897,16
12.9186201096,80.1785736084,50897,50909,12
12.9182100296,80.1773910522,50909,50920,11
12.9184503555,80.1761322021,50920,50930,10
12.9187297821,80.1750106812,50930,50940,10
12.9190196991,80.1738510132,50940,50950,10
12.9193201065,80.1727371216,50950,50960,10
12.9196195602,80.1715011597,50960,50969,9
12.9197702408,80.1709671021,50969,50980,11
12.9197797775,80.1709594727,50980,50990,10
12.9198598862,80.1707763672,50990,51000,10
12.9200401306,80.1702194214,51000,51010,10
12.92029953,80.169418335,51010,51021,11
12.9206399918,80.1683425903,51021,51031,10
12.9207696915,80.1679000854,51031,51041,10
12.9209098816,80.1675186157,51041,51051,10
12.9211196899,80.1668701172,51051,51061,10
12.921380043,80.1660614014,51061,51071,10
12.9217100143,80.1650390625,51071,51081,10
12.9220504761,80.1639328003,51081,51091,10
12.9223899841,80.1628112793,51091,51101,10
12.922750473,80.1616973877,51101,51111,10
12.9230604172,80.1606826782,51111,51121,10
12.923119545,80.1604614258,51121,51132,11
12.9231500626,80.160369873,51132,51142,10
12.9232702255,80.1598815918,51142,51152,10
12.9233798981,80.1590423584,51152,51162,10
12.9234895706,80.1579818726,51162,51172,10
12.9235897064,80.156791687,51172,51182,10
12.9235801697,80.1556167603,51182,51192,10
12.9233999252,80.1549987793,51192,51202,10
12.9233999252,80.1549835205,51202,51212,10
12.9233398438,80.1548690796,51212,51222,10
12.9232797623,80.1545715332,51222,51233,11
12.923119545,80.1539001465,51233,51243,10
12.9229402542,80.153137207,51243,51253,10
12.9227104187,80.1522674561,51253,51263,10
12.922659874,80.1516036987,51263,51273,10
12.9226503372,80.1508331299,51273,51283,10
12.9226198196,80.1499862671,51283,51293,10
12.9225702286,80.1489562988,51293,51303,10
12.9225702286,80.1479415894,51303,51313,10
12.922539711,80.1471862793,51313,51323,10
12.9225301743,80.1467819214,51323,51333,10
12.922539711,80.1467590332,51333,51344,11
12.9225301743,80.1463699341,51344,51354,10
12.9225301743,80.1457290649,51354,51364,10
12.9224901199,80.1449279785,51364,51374,10
12.9224596024,80.1439819336,51374,51384,10
12.922419548,80.1432571411,51384,51414,30
12.922419548,80.1432571411,51414,51424,10
12.9224395752,80.1430282593,51424,51434,10
12.922419548,80.1426010132,51434,51444,10
12.9224300385,80.1423568726,51444,51455,11
12.922419548,80.1420593262,51455,51465,10
12.9223804474,80.1415023804,51465,51475,10
12.9223804474,80.1413803101,51475,51485,10
12.922369957,80.140953064,51485,51495,10
12.922369957,80.1403274536,51495,51505,10
12.9223604202,80.1395721436,51505,51515,10
12.9223899841,80.1386871338,51515,51525,10
12.9224500656,80.1376571655,51525,51535,10
12.9225101471,80.1366577148,51535,51545,10
12.9225597382,80.1356582642,51545,51556,11
12.9225997925,80.1344985962,51556,51566,10
12.9226503372,80.133430481,51566,51576,10
12.9226799011,80.132522583,51576,51586,10
12.9226999283,80.1315689087,51586,51596,10
12.9227399826,80.1307678223,51596,51606,10
12.9227695465,80.1300811768,51606,51616,10
12.9228096008,80.1293716431,51616,51626,10
12.9228601456,80.1286087036,51626,51642,16
12.9229001999,80.1273193359,51642,51654,12
12.9229402542,80.1261367798,51654,51662,8
12.9229898453,80.1253204346,51662,51675,13
12.9230604172,80.1239089966,51675,51684,9
12.9230899811,80.1229171753,51684,51694,10
12.9231395721,80.1218032837,51694,51705,11
12.9231901169,80.1206665039,51705,51724,19
12.9231901169,80.1206665039,51724,51735,11
12.9232397079,80.1203079224,51735,51745,10
12.9232797623,80.1196899414,51745,51755,10
12.9232797623,80.1190185547,51755,51765,10
12.9232997894,80.1184997559,51765,51775,10
12.9234104156,80.1178665161,51775,51786,11
12.9234695435,80.1170578003,51786,51817,31
12.9234695435,80.1170578003,51817,51827,10
12.92345047,80.116859436,51827,51837,10
12.9235696793,80.1169586182,51837,51847,10
12.923500061,80.1173095703,51847,51857,10
12.9236001968,80.117729187,51857,51867,10
12.9236602783,80.1178207397,51867,51878,11
12.9235601425,80.118270874,51878,51888,10
12.923500061,80.1189880371,51888,51898,10
12.9234600067,80.1193771362,51898,51908,10
12.9233798981,80.1197509766,51908,51918,10
12.9232997894,80.1203384399,51918,51928,10
12.9232997894,80.1209564209,51928,51938,10
12.9232702255,80.1212005615,51938,52120,182
12.9232702255,80.1212005615,52120,52130,10
12.9232196808,80.1215133667,52130,52140,10
12.923210144,80.1218490601,52140,52150,10
12.9231796265,80.1223983765,52150,52160,10
12.9231395721,80.1231231689,52160,52170,10
12.9231100082,80.1239089966,52170,52180,10
12.9230804443,80.1246490479,52180,52190,10
12.92304039,80.1254425049,52190,52211,21
12.92304039,80.1254425049,52211,52221,10
12.9230098724,80.1256103516,52221,52231,10
12.9229698181,80.1260070801,52231,52241,10
12.9229402542,80.1267318726,52241,52251,10
12.9229097366,80.1274871826,52251,52267,16
12.9228601456,80.1284484863,52267,52279,12
12.9228000641,80.1292877197,52279,52289,10
12.9227695465,80.1301269531,52289,52299,10
12.9227600098,80.1309890747,52299,52310,11
12.9227695465,80.1313171387,52310,52320,10
12.9227600098,80.1315002441,52320,52330,10
12.9227304459,80.1320571899,52330,52340,10
12.9226999283,80.1328201294,52340,52349,9
12.922659874,80.1335525513,52349,52360,11
12.9225997925,80.1347732544,52360,52370,10
12.9225597382,80.1357727051,52370,52380,10
12.9224996567,80.1367263794,52380,52390,10
12.9224395752,80.1376266479,52390,52400,10
12.9223899841,80.1385192871,52400,52410,10
12.9223499298,80.1395187378,52410,52421,11
12.9223804474,80.1406707764,52421,52431,10
12.9224004745,80.1417388916,52431,52441,10
12.9224395752,80.1427307129,52441,52451,10
12.9224796295,80.1435165405,52451,52481,30
12.9224796295,80.1435165405,52481,52497,16
12.9224796295,80.1444091797,52497,52509,12
12.9225196838,80.1454772949,52509,52517,8
12.9225597382,80.1462631226,52517,52529,12
12.9225902557,80.1472930908,52529,52540,11
12.9225702286,80.1482315063,52540,52550,10
12.9225997925,80.149230957,52550,52560,10
12.9226398468,80.1502838135,52560,52570,10
12.9226903915,80.1512908936,52570,52580,10
12.9227199554,80.1518478394,52580,52589,9
12.9227800369,80.1523971558,52589,52600,11
12.9229898453,80.1532363892,52600,52610,10
12.923210144,80.1540985107,52610,52620,10
12.9233903885,80.1546707153,52620,52630,10
12.9233999252,80.1546936035,52630,52641,11
12.92345047,80.1549911499,52641,52650,9
12.9234895706,80.1551895142,52650,52661,11
12.9236097336,80.1557312012,52661,52671,10
12.9236402512,80.1565933228,52671,52681,10
12.9235496521,80.1575164795,52681,52691,10
12.9234600067,80.158531189,52691,52701,10
12.9233703613,80.1595611572,52701,52711,10
12.9232902527,80.1603622437,52711,52721,10
12.9232196808,80.1605682373,52721,52732,11
12.9230604172,80.1610565186,52732,52742,10
12.9228200912,80.1617584229,52742,52752,10
12.922539711,80.1626205444,52752,52762,10
12.9222297668,80.1635513306,52762,52772,10
12.9219102859,80.1644973755,52772,52782,10
12.9215898514,80.1654968262,52782,52792,10
12.9212503433,80.166557312,52792,52802,10
12.9209003448,80.1676483154,52802,52812,10
12.920539856,80.1687164307,52812,52822,10
12.9202404022,80.1697921753,52822,52832,10
12.9199800491,80.1706924438,52832,52843,11
12.9198703766,80.1710510254,52843,52853,10
12.9198198318,80.1711578369,52853,52863,10
12.9197502136,80.1713790894,52863,52873,10
12.9196195602,80.1718215942,52873,52883,10
12.9194297791,80.1725387573,52883,52893,10
12.9191904068,80.1733932495,52893,52903,10
12.9189596176,80.174369812,52903,52912,9
12.9187297821,80.1753921509,52912,52922,10
12.9184398651,80.1765594482,52922,52933,11
12.9182500839,80.1779022217,52933,52943,10
12.9188804626,80.1789016724,52943,52954,11
12.9194402695,80.1801376343,52954,52964,10
12.9197101593,80.1814117432,52964,52974,10
12.9199800491,80.1826477051,52974,52984,10
12.9203195572,80.1840362549,52984,53034,50
12.9203195572,80.1840362549,53034,53044,10
12.9203796387,80.1843795776,53044,53055,11
12.9206495285,80.1854400635,53055,53075,20
12.9206495285,80.1854400635,53075,53085,10
12.9206199646,80.185798645,53085,53095,10
12.920249939,80.1863174438,53095,53105,10
12.919719696,80.1869277954,53105,53115,10
12.9191198349,80.1876220703,53115,53125,10
12.9185400009,80.1882629395,53125,53135,10
12.9179697037,80.188911438,53135,53145,10
12.9175701141,80.1897277832,53145,53155,10
12.9174003601,80.1904602051,53155,53166,11
12.9173297882,80.1913299561,53166,53176,10
12.9172000885,80.1922225952,53176,53186,10
12.9170799255,80.1931228638,53186,53236,50
12.9170799255,80.1931228638,53236,53246,10
12.9170503616,80.1933670044,53246,53256,10
12.9170999527,80.1939620972,53256,53266,10
12.9174203873,80.1945266724,53266,53277,11
12.9180002213,80.1951217651,53277,53287,10
12.9186601639,80.1957015991,53287,53297,10
12.9194602966,80.1963195801,53297,53307,10
12.9203596115,80.1966705322,53307,53317,10
12.9211397171,80.1969070435,53317,53327,10
12.9219999313,80.1971969604,53327,53337,10
12.9233598709,80.1974182129,53337,53357,20
12.9233598709,80.1974182129,53357,53367,10
12.9234895706,80.1974487305,53367,53378,11
12.9238901138,80.1974868774,53378,53388,10
12.9245996475,80.1975021362,53388,53398,10
12.9252595901,80.197479248,53398,53408,10
12.9256000519,80.1974868774,53408,53418,10
12.9262599945,80.1975402832,53418,53428,10
12.92648983,80.1975784302,53428,53438,10
12.9267501831,80.1976928711,53438,53448,10
12.9272699356,80.1979827881,53448,53458,10
12.9278001785,80.1985168457,53458,53468,10
12.9281997681,80.1993408203,53468,53478,10
12.928440094,80.2003631592,53478,53489,11
12.9285001755,80.2015075684,53489,53499,10
12.9285202026,80.2023086548,53499,53509,10
12.9290895462,80.2026824951,53509,53519,10
12.9292802811,80.2027130127,53519,53529,10
12.9295196533,80.2027511597,53529,53539,10
12.9300899506,80.2028198242,53539,53549,10
12.9306602478,80.2029190063,53549,53559,10
12.9312601089,80.203086853,53559,53569,10
12.932009697,80.203338623,53569,53579,10
12.9327096939,80.2035598755,53579,53589,10
12.9332399368,80.2037582397,53589,53600,11
12.9338302612,80.2038574219,53600,53610,10
12.9338502884,80.2038726807,53610,53620,10
12.9340696335,80.2039108276,53620,53630,10
12.9343900681,80.2039337158,53630,53640,10
12.934920311,80.2040100098,53640,53650,10
12.9356498718,80.2043075562,53650,53660,10
12.9365196228,80.2045822144,53660,53676,16
12.9379796982,80.2050018311,53676,53688,12
12.9390802383,80.2053222656,53688,53697,9
12.9397802353,80.2055206299,53697,53708,11
12.9400100708,80.2055892944,53708,53719,11
12.9403295517,80.2057113647,53719,53732,13
12.9411001205,80.2060012817,53732,53742,10
12.941740036,80.2063980103,53742,53752,10
12.942440033,80.2069778442,53752,53762,10
12.9430103302,80.2076721191,53762,53772,10
12.9437198639,80.2081375122,53772,53782,10
12.9442300797,80.2083129883,53782,53792,10
12.9442796707,80.2083282471,53792,53802,10
12.9446401596,80.2084579468,53802,53826,24
12.9463396072,80.2091064453,53826,53838,12
12.9471998215,80.2094497681,53838,53848,10
12.9478502274,80.2097091675,53848,53858,10
12.9484701157,80.2099609375,53858,53868,10
12.9492797852,80.2102813721,53868,53878,10
12.9504699707,80.2107620239,53878,53887,9
12.9515304565,80.21118927,53887,53898,11
12.9525604248,80.2115936279,53898,53908,10
12.9532604218,80.2118835449,53908,53919,11
12.9541301727,80.2122192383,53919,53929,10
12.9550600052,80.2125930786,53929,53938,9
12.9559402466,80.2129364014,53938,53949,11
12.9570703506,80.2133636475,53949,53959,10
12.9581403732,80.2137985229,53959,53969,10
12.959230423,80.2142181396,53969,53979,10
12.9603099823,80.2146835327,53979,53989,10
12.9614095688,80.2151107788,53989,53999,10
12.9624099731,80.2154998779,53999,54009,10
12.963549614,80.2159500122,54009,54020,11
12.9646501541,80.2164306641,54020,54030,10
12.965669632,80.2168426514,54030,54040,10
12.9665699005,80.2172012329,54040,54050,10
12.9673595428,80.2175064087,54050,54060,10
12.9680500031,80.2177886963,54060,54070,10
12.9688396454,80.2180786133,54070,54080,10
12.9698801041,80.2184906006,54080,54090,10
12.9708995819,80.2188873291,54090,54100,10
12.9713602066,80.2190170288,54100,54110,10
12.9713602066,80.2190322876,54110,54120,10
12.9716901779,80.2191772461,54120,54131,11
12.9723300934,80.2194595337,54131,54141,10
12.9730596542,80.2197418213,54141,54151,10
12.9738998413,80.2200775146,54151,54161,10
12.974729538,80.220451355,54161,54171,10
12.9752101898,80.2206268311,54171,54181,10
12.9755496979,80.2208023071,54181,54191,10
12.9756803513,80.2209777832,54191,54201,10
12.9760704041,80.2212524414,54201,54232,31
12.9760704041,80.2212524414,54232,54242,10
12.9763097763,80.2212219238,54242,54252,10
12.9768199921,80.2212295532,54252,54262,10
12.977519989,80.2212219238,54262,54272,10
12.9783401489,80.2211532593,54272,54282,10
12.9791202545,80.2211227417,54282,54292,10
12.9800100327,80.2210617065,54292,54302,10
12.9808397293,80.2210235596,54302,54312,10
12.9816598892,80.2213973999,54312,54322,10
12.982049942,80.2216033936,54322,54332,10
12.9829397202,80.2219161987,54332,54353,21
12.9829397202,80.2219161987,54353,54363,10
12.9831199646,80.2220306396,54363,54373,10
12.9834098816,80.2222671509,54373,54383,10
12.9839801788,80.2226028442,54383,54393,10
12.9845399857,80.2229614258,54393,54403,10
12.9852304459,80.2232437134,54403,54413,10
12.9856595993,80.2229919434,54413,54423,10
12.9864797592,80.2229537964,54423,54443,20
12.9864797592,80.2229537964,54443,54454,11
12.9870004654,80.2230377197,54454,54464,10
12.9876499176,80.2229766846,54464,54474,10
12.9882802963,80.2225799561,54474,54484,10
12.9888896942,80.2219619751,54484,54494,10
12.9894895554,80.2212600708,54494,54504,10
12.9903097153,80.2204208374,54504,54534,30
12.9903097153,80.2204208374,54534,54544,10
12.9905996323,80.2202072144,54544,54555,11
12.9910097122,80.2198562622,54555,54565,10
12.9915103912,80.2194671631,54565,54575,10
12.9920396805,80.2190628052,54575,54585,10
12.9926595688,80.2186431885,54585,54595,10
12.9932804108,80.218132019,54595,54605,10
12.9938802719,80.2177124023,54605,54615,10
12.9944095612,80.2173690796,54615,54624,9
12.9948396683,80.217010498,54624,54635,11
12.995470047,80.2166595459,54635,54645,10
12.9961099625,80.216506958,54645,54655,10
12.9967603683,80.2164306641,54655,54666,11
12.997130394,80.2163925171,54666,54676,10
12.9975099564,80.2160263062,54676,54696,20
12.9975099564,80.2160263062,54696,54706,10
12.9977798462,80.2158737183,54706,54716,10
12.9981603622,80.2155075073,54716,54726,10
12.9987201691,80.2150726318,54726,54736,10
12.9991502762,80.2146987915,54736,54746,10
12.9994697571,80.2144012451,54746,54756,10
12.9998703003,80.214050293,54756,54767,11
13.0003795624,80.2136001587,54767,54776,9
13.0008802414,80.2131576538,54776,54788,12
13.0016098022,80.2125015259,54788,54798,10
13.0023202896,80.2121200562,54798,54808,10
13.0030498505,80.212020874,54808,54818,10
13.003660202,80.2119979858,54818,54828,10
13.0040597916,80.2120513916,54828,54838,10
13.0045795441,80.2122802734,54838,54848,10
13.0052404404,80.2126464844,54848,54858,10
13.0059499741,80.2128829956,54858,54869,11
13.0067596436,80.2126998901,54869,54879,10
13.0078296661,80.2130508423,54879,54909,30
13.0078296661,80.2130508423,54909,54919,10
13.0080099106,80.213218689,54919,54929,10
13.0085201263,80.2134399414,54929,54939,10
13.0089797974,80.2140426636,54939,54949,10
13.0094604492,80.2147216797,54949,54959,10
13.0098800659,80.2152786255,54959,54969,10
13.0103597641,80.2158203125,54969,54980,11
13.0107498169,80.2166213989,54980,54990,10
13.0110902786,80.2173995972,54990,55000,10
13.011469841,80.2184371948,55000,55010,10
13.0118303299,80.2196426392,55010,55020,10
13.0122804642,80.2208099365,55020,55029,9
13.0126199722,80.2215270996,55029,55040,11
13.0131196976,80.2222366333,55040,55050,10
13.0137796402,80.2229995728,55050,55060,10
13.0141601563,80.2234725952,55060,55070,10
13.0144195557,80.223777771,55070,55081,11
13.0150098801,80.2245178223,55081,55091,10
13.0152702332,80.2247772217,55091,55101,10
13.0153799057,80.2248916626,55101,55111,10
13.0156803131,80.2251281738,55111,55121,10
13.0163097382,80.2252731323,55121,55131,10
13.0170602798,80.2250289917,55131,55141,10
13.0178499222,80.2247161865,55141,55151,10
13.0186700821,80.2244033813,55151,55161,10
13.0194597244,80.2244186401,55161,55171,10
13.0201396942,80.2248382568,55171,55181,10
13.0207901001,80.2252807617,55181,55192,11
13.0214700699,80.2257995605,55192,55202,10
13.0220003128,80.2261581421,55202,55222,20
13.0220003128,80.2261581421,55222,55232,10
13.0221099854,80.2262802124,55232,55242,10
13.0224599838,80.2265930176,55242,55252,10
13.0229597092,80.2270889282,55252,55262,10
13.0235395432,80.2276763916,55262,55272,10
13.0242395401,80.2283782959,55272,55282,10
13.0248298645,80.2291793823,55282,55292,10
13.0253601074,80.2298812866,55292,55303,11
13.0257501602,80.2304534912,55303,55313,10
13.0259199142,80.2307281494,55313,55323,10
13.0259199142,80.230758667,55323,55333,10
13.0259599686,80.2309265137,55333,55343,10
13.0259799957,80.2311325073,55343,55353,10
13.026140213,80.2312316895,55353,55363,10
13.026720047,80.2311019897,55363,55373,10
13.0274600983,80.2309494019,55373,55383,10
13.0281896591,80.2308731079,55383,55393,10
13.0284700394,80.2308120728,55393,55404,11
13.0289001465,80.230758667,55404,55414,10
13.0292701721,80.2307128906,55414,55474,60
13.0292701721,80.2307128906,55474,55484,10
13.0296201706,80.2307891846,55484,55494,10
13.0301198959,80.2306976318,55494,55505,11
13.030790329,80.2306365967,55505,55515,10
13.0314798355,80.2305831909,55515,55525,10
13.0323200226,80.2305297852,55525,55535,10
13.0331602097,80.2304916382,55535,55545,10
13.0337400436,80.2303924561,55545,55555,10
13.0345802307,80.2302017212,55555,55595,40
13.0345802307,80.2302017212,55595,55605,10
13.0349397659,80.2302398682,55605,55616,11
13.0349197388,80.2300186157,55616,55626,10
13.0344896317,80.2299194336,55626,56070,444
13.0341701508,80.2300186157,56070,56110,40
13.0341701508,80.2300186157,56110,56120,10
13.0341701508,80.2302703857,56120,56130,10
13.0341596603,80.2303695679,56130,56141,11
13.0340003967,80.2304382324,56141,56151,10
13.0335998535,80.2304382324,56151,56171,20
13.0335998535,80.2304382324,56171,56181,10
13.0332098007,80.2304382324,56181,56191,10
13.0325698853,80.2304916382,56191,56201,10
13.0318603516,80.2305679321,56201,56210,9
13.0311698914,80.2306289673,56210,56221,11
13.0305500031,80.230682373,56221,56230,9
13.0300197601,80.2307281494,56230,56241,11
13.0298299789,80.230758667,56241,56252,11
13.0294799805,80.2308120728,56252,56262,10
13.0289001465,80.2308731079,56262,56272,10
13.028169632,80.2309494019,56272,56282,10
13.027680397,80.2309875488,56282,56292,10
13.0276002884,80.231300354,56292,56302,10
13.0277099609,80.2318267822,56302,56312,10
13.0277996063,80.2324829102,56312,56322,10
13.0274295807,80.2327880859,56322,56332,10
13.0269298553,80.2329025269,56332,56393,61
13.0269298553,80.2329025269,56393,56403,10
13.0265102386,80.2330169678,56403,56413,10
13.0262498856,80.2326202393,56413,56423,10
13.026140213,80.2321166992,56423,56433,10
13.0260295868,80.2316207886,56433,56443,10
13.0258703232,80.2310409546,56443,56453,10
13.0255699158,80.2302780151,56453,56464,11
13.0249795914,80.2294464111,56464,56474,10
13.0244998932,80.2288818359,56474,56484,10
13.0241298676,80.2283630371,56484,56494,10
13.023639679,80.2277908325,56494,56504,10
13.0231199265,80.2274703979,56504,56534,30
13.0231199265,80.2274703979,56534,56544,10
13.0230102539,80.2274398804,56544,56560,16
13.0228900909,80.2273406982,56560,56573,13
13.0226898193,80.2271499634,56573,56583,10
13.0225896835,80.2268829346,56583,56593,10
13.022480011,80.2266998291,56593,56603,10
13.022069931,80.2263565063,56603,56613,10
13.0214996338,80.2259216309,56613,56623,10
13.0209598541,80.225479126,56623,56631,8
13.0204401016,80.225151062,56631,56642,11
13.0202302933,80.2250213623,56642,56652,10
13.0198202133,80.2247161865,56652,56674,22
13.0198202133,80.2247161865,56674,56684,10
13.0196695328,80.2246398926,56684,56694,10
13.0191001892,80.2244720459,56694,56704,10
13.0183000565,80.2246780396,56704,56714,10
13.0173597336,80.2250595093,56714,56724,10
13.0163602829,80.2254562378,56724,56734,10
13.0153903961,80.2258224487,56734,56744,10
13.0145902634,80.2261428833,56744,56754,10
13.0144195557,80.2262191772,56754,56764,10
13.0143899918,80.2261962891,56764,56774,10
13.0140199661,80.2262802124,56774,56785,11
13.0133304596,80.2265701294,56785,56801,16
13.0119895935,80.2270812988,56801,56813,12
13.0107803345,80.2275695801,56813,56823,10
13.0099897385,80.2278823853,56823,56832,9
13.0095396042,80.2274780273,56832,56842,10
13.0099496841,80.2266311646,56842,56853,11
13.0103902817,80.225692749,56853,56863,10
13.0105199814,80.2253494263,56863,56873,10
13.0106801987,80.2250213623,56873,56883,10
13.0108699799,80.2245025635,56883,56894,11
13.011300087,80.2233963013,56894,56924,30
13.011300087,80.2233963013,56924,56933,9
13.0114297867,80.2230300903,56933,56944,11
13.011639595,80.2224273682,56944,56954,10
13.0119400024,80.2217407227,56954,56964,10
13.0121603012,80.2210769653,56964,56974,10
13.0119800568,80.2204589844,56974,56984,10
13.0117197037,80.2196426392,56984,56995,11
13.0114202499,80.2186889648,56995,57005,10
13.0111103058,80.2177734375,57005,57015,10
13.010720253,80.2169036865,57015,57025,10
13.0103197098,80.2161636353,57025,57035,10
13.0099201202,80.2153625488,57035,57045,10
13.0094804764,80.2147293091,57045,57055,10
13.0091495514,80.2143173218,57055,57065,10
13.0089197159,80.2139968872,57065,57075,10
13.0088396072,80.2138977051,57075,57085,10
13.0085897446,80.2136077881,57085,57116,31
13.0085000992,80.2135162354,57116,57136,20
13.0085000992,80.2135162354,57136,57146,10
13.0083198547,80.2134017944,57146,57166,20
13.0079498291,80.2131881714,57166,57207,41
13.0079498291,80.2131881714,57207,57217,10
13.0078401566,80.2130889893,57217,57227,10
13.0076303482,80.2129135132,57227,57237,10
13.0071401596,80.2127609253,57237,57247,10
13.0064897537,80.2127075195,57247,57257,10
13.0058097839,80.2129592896,57257,57267,10
13.005279541,80.2126693726,57267,57277,10
13.0044698715,80.212272644,57277,57287,10
13.0036697388,80.212059021,57287,57297,10
13.0031604767,80.2120819092,57297,57307,10
13.0025396347,80.2121276855,57307,57318,11
13.0020503998,80.2123413086,57318,57328,10
13.001540184,80.2126998901,57328,57338,10
13.0010004044,80.2131118774,57338,57348,10
13.0003595352,80.2136764526,57348,57358,10
12.9998197556,80.2142028809,57358,57368,10
12.9993801117,80.2145614624,57368,57378,10
12.9990196228,80.2148666382,57378,57388,10
12.9986696243,80.2151794434,57388,57398,10
12.9981203079,80.2156600952,57398,57408,10
12.9975299835,80.216178894,57408,57418,10
12.9972896576,80.2164535522,57418,57429,11
12.9972696304,80.2164916992,57429,57439,10
12.9971904755,80.2165603638,57439,57449,10
12.9968204498,80.2165679932,57449,57459,10
12.9962596893,80.2166290283,57459,57469,10
12.9957304001,80.2167510986,57469,57489,20
12.9957304001,80.2167510986,57489,57499,10
12.9954299927,80.2168579102,57499,57519,20
12.9954299927,80.2168579102,57519,57530,11
12.9951295853,80.2170181274,57530,57540,10
12.9950399399,80.2170715332,57540,57550,10
12.9948101044,80.2172393799,57550,57560,10
12.9944095612,80.2175598145,57560,57570,10
12.9939403534,80.217956543,57570,57580,10
12.9933204651,80.2184066772,57580,57590,10
12.9926395416,80.2189025879,57590,57600,10
12.991900444,80.2194213867,57600,57610,10
12.9913196564,80.219871521,57610,57620,10
12.990819931,80.2202072144,57620,57630,10
12.9907598495,80.2202529907,57630,57641,11
12.9904899597,80.220451355,57641,57651,10
12.9899597168,80.2208480835,57651,57661,10
12.9894304276,80.2214202881,57661,57671,10
12.9889802933,80.2219924927,57671,57681,10
12.9883499146,80.2226409912,57681,57691,10
12.9877195358,80.2230987549,57691,57701,10
12.9870796204,80.2230606079,57701,57711,10
12.9864902496,80.2229690552,57711,57721,10
12.9858102798,80.2229995728,57721,57731,10
12.9853801727,80.2233123779,57731,57742,11
12.9847202301,80.2230987549,57742,57752,10
12.9842596054,80.2228012085,57752,57762,10
12.9841604233,80.2227401733,57762,57772,10
12.9837598801,80.2225265503,57772,57782,10
12.9832696915,80.2221984863,57782,57802,20
12.9832696915,80.2221984863,57802,57812,10
12.9828395844,80.2219314575,57812,57822,10
12.9823503494,80.2217788696,57822,57838,16
12.9815301895,80.2212905884,57838,57851,13
12.9805402756,80.2210617065,57851,57861,10
12.9797201157,80.2211227417,57861,57871,10
12.9789199829,80.2211608887,57871,57881,10
12.9781703949,80.2211914063,57881,57891,10
12.9777803421,80.2212219238,57891,57901,10
12.9770698547,80.2212600708,57901,57911,10
12.9763803482,80.221282959,57911,57921,10
12.9759597778,80.221321106,57921,57930,9
12.9757099152,80.2211303711,57930,57992,62
12.9757099152,80.2211303711,57992,58002,10
12.9754695892,80.2209320068,58002,58012,10
12.9752502441,80.220741272,58012,58022,10
12.9748401642,80.2205429077,58022,58032,10
12.9741897583,80.2202682495,58032,58042,10
12.9734897614,80.2199783325,58042,58052,10
12.9727401733,80.2197036743,58052,58063,11
12.9718904495,80.2193908691,58063,58073,10
12.9712600708,80.2192306519,58073,58083,10
12.971039772,80.2191619873,58083,58093,10
12.9708995819,80.2190933228,58093,58103,10
12.9704799652,80.2188491821,58103,58113,10
12.9698495865,80.2185821533,58113,58123,10
12.96916008,80.2183074951,58123,58133,10
12.9684801102,80.2180404663,58133,58143,10
12.9678201675,80.2177810669,58143,58153,10
12.9671201706,80.2174987793,58153,58164,11
12.9661798477,80.2171173096,58164,58174,10
12.9652004242,80.2167205811,58174,58184,10
12.9641599655,80.216293335,58184,58194,10
12.9633703232,80.2159423828,58194,58203,9
12.9627399445,80.2156829834,58203,58214,11
12.9618501663,80.2153396606,58214,58224,10
12.9609298706,80.2149810791,58224,58234,10
12.9599399567,80.21459198,58234,58244,10
12.9589595795,80.2141876221,58244,58254,10
12.9580202103,80.2137985229,58254,58264,10
12.9570598602,80.2134170532,58264,58275,11
12.9560003281,80.2129974365,58275,58285,10
12.9550104141,80.2126312256,58285,58295,10
12.9540901184,80.2122573853,58295,58305,10
12.9532804489,80.2119369507,58305,58315,10
12.9523496628,80.2115631104,58315,58325,10
12.9513397217,80.2111587524,58325,58335,10
12.9503297806,80.2107620239,58335,58345,10
12.9494495392,80.2104110718,58345,58355,10
12.9487495422,80.2101287842,58355,58365,10
12.9478998184,80.2098007202,58365,58375,10
12.9470100403,80.2094421387,58375,58386,11
12.9458398819,80.2089920044,58386,58396,10
12.9449300766,80.2086334229,58396,58406,10
12.9443502426,80.2084197998,58406,58416,10
12.944319725,80.2084121704,58416,58426,10
12.9440698624,80.2082824707,58426,58436,10
12.9435901642,80.2080917358,58436,58446,10
12.9430198669,80.2077484131,58446,58456,10
12.9425601959,80.2071380615,58456,58466,10
12.9419298172,80.2065811157,58466,58476,10
12.9410295486,80.2060089111,58476,58497,21
12.9410295486,80.2060089111,58497,58507,10
12.9407701492,80.2058868408,58507,58517,10
12.9402999878,80.2057418823,58517,58527,10
12.9396295547,80.2055282593,58527,58537,10
12.9388999939,80.2052993774,58537,58547,10
12.9381198883,80.2050704956,58547,58557,10
12.9370098114,80.2047576904,58557,58577,20
12.9370098114,80.2047576904,58577,58587,10
12.9369497299,80.2047424316,58587,58598,11
12.9367704391,80.2046813965,58598,58608,10
12.9363603592,80.2045669556,58608,58618,10
12.9357595444,80.2043991089,58618,58628,10
12.9351701736,80.2041320801,58628,58638,10
12.9344501495,80.2039718628,58638,58648,10
12.933839798,80.2039413452,58648,58658,10
12.9338302612,80.2039413452,58658,58668,10
12.9335098267,80.2039108276,58668,58678,10
12.9330196381,80.2037582397,58678,58688,10
12.9328298569,80.203666687,58688,58699,11
12.9323997498,80.2035217285,58699,58709,10
12.9317598343,80.2033004761,58709,58719,10
12.9310102463,80.2030487061,58719,58729,10
12.9302196503,80.20287323,58729,58739,10
12.9295797348,80.202796936,58739,58749,10
12.9295597076,80.202796936,58749,58759,10
12.9293498993,80.2027587891,58759,58769,10
12.9288196564,80.2026672363,58769,58779,10
12.9284696579,80.2022018433,58779,58789,10
12.928440094,80.2014083862,58789,58799,10
12.9284095764,80.2005004883,58799,58810,11
12.9281797409,80.1994018555,58810,58820,10
12.9277696609,80.1985626221,58820,58830,10
12.9270000458,80.1978225708,58830,58840,10
12.9260196686,80.197517395,58840,58850,10
12.9254302979,80.1975097656,58850,58860,10
12.9250602722,80.1974868774,58860,58870,10
12.9243803024,80.197479248,58870,58880,10
12.9235801697,80.1974563599,58880,58890,10
12.9228096008,80.1973724365,58890,58900,10
12.9220304489,80.1972808838,58900,58941,41
12.9220304489,80.1972808838,58941,58951,10
12.9219198227,80.1972427368,58951,58961,10
12.9215097427,80.1970977783,58961,58971,10
12.9209098816,80.1968688965,58971,58981,10
12.9201803207,80.1966171265,58981,58991,10
12.9194202423,80.1963272095,58991,59001,10
12.918800354,80.1958389282,59001,59011,10
12.9181804657,80.1952667236,59011,59022,11
12.9175100327,80.1946563721,59022,59032,10
12.917140007,80.1942214966,59032,59042,10
12.9170398712,80.1940231323,59042,59052,10
12.9169797897,80.193687439,59052,59062,10
12.9169797897,80.193321228,59062,59139,77
12.9169797897,80.193321228,59139,59151,12
12.917090416,80.1929168701,59151,59161,10
12.917140007,80.1924514771,59161,59170,9
12.9172000885,80.1920166016,59170,59181,11
12.91726017,80.1915130615,59181,59201,20
12.91726017,80.1915130615,59201,59211,10
12.9173002243,80.1911773682,59211,59222,11
12.9173402786,80.1904830933,59222,59233,11
12.9175395966,80.1895675659,59233,59243,10
12.9180402756,80.1886901855,59243,59253,10
12.918390274,80.1882400513,59253,59263,10
12.9183998108,80.1882324219,59263,59273,10
12.9184999466,80.188117981,59273,59283,10
12.9186897278,80.1879806519,59283,59293,10
12.9190797806,80.1875534058,59293,59303,10
12.9196395874,80.186920166,59303,59313,10
12.9203300476,80.1861114502,59313,59323,10
12.9205703735,80.185218811,59323,59334,11
12.9202804565,80.1841430664,59334,59344,10
12.9199399948,80.1826400757,59344,59364,20
12.9199399948,80.1826400757,59364,59374,10
12.9199199677,80.1826019287,59374,59384,10
12.9198503494,80.182220459,59384,59394,10
12.9197101593,80.1815795898,59394,59404,10
12.9195404053,80.180809021,59404,59414,10
12.9193401337,80.1798706055,59414,59424,10
12.9188699722,80.1789321899,59424,59434,10
12.9182596207,80.178062439,59434,59445,11
12.9182701111,80.1770019531,59445,59455,10
12.9183197021,80.1766891479,59455,59465,10
12.9183597565,80.1765289307,59465,59475,10
12.9184703827,80.1760177612,59475,59485,10
12.9186697006,80.1753005981,59485,59495,10
12.9188699722,80.1744766235,59495,59505,10
12.9191198349,80.1734771729,59505,59515,10
12.9194002151,80.1724777222,59515,59525,10
12.9197397232,80.1712112427,59525,59545,20
12.9197397232,80.1712112427,59545,59556,11
12.9198303223,80.1709823608,59556,59566,10
12.9200296402,80.1703796387,59566,59576,10
12.92029953,80.1695327759,59576,59586,10
12.920630455,80.1684799194,59586,59596,10
12.9209699631,80.1673965454,59596,59606,10
12.9212999344,80.1663894653,59606,59616,10
12.9217195511,80.1651306152,59616,59626,10
12.92208004,80.1639785767,59626,59636,10
12.9224500656,80.1628417969,59636,59646,10
12.9227695465,80.161819458,59646,59657,11
12.9230298996,80.1610031128,59657,59667,10
12.9230604172,80.1608886719,59667,59677,10
12.9230899811,80.1607589722,59677,59687,10
12.9232196808,80.160369873,59687,59697,10
12.9233703613,80.1596908569,59697,59707,10
12.9234800339,80.1587371826,59707,59717,10
12.9235801697,80.1575698853,59717,59727,10
12.9236602783,80.1566162109,59727,59737,10
12.9236402512,80.1557006836,59737,59747,10
12.9234399796,80.1550827026,59747,59757,10
12.9234304428,80.1550369263,59757,59768,11
12.9233798981,80.1549301147,59768,59778,10
12.9232902527,80.1544418335,59778,59788,10
12.9231100082,80.153717041,59788,59798,10
12.9229001999,80.1529083252,59798,59808,10
12.9227104187,80.1520004272,59808,59848,40
12.9227104187,80.1520004272,59848,59858,10
12.9227199554,80.1519012451,59858,59869,11
12.9226903915,80.1513977051,59869,59879,10
12.9226799011,80.1506729126,59879,59889,10
12.9226398468,80.1497802734,59889,59899,10
12.9225702286,80.1487579346,59899,59909,10
12.9225797653,80.1478118896,59909,59919,10
12.9225702286,80.1470184326,59919,59929,10
12.9225597382,80.146812439,59929,59939,10
12.9225597382,80.146446228,59939,59949,10
12.9225502014,80.1457824707,59949,59959,10
12.9225196838,80.1449432373,59959,59969,10
12.9224796295,80.1439285278,59969,59980,11
12.9224395752,80.1432189941,59980,60038,58
12.9224395752,80.1432189941,60038,60048,10
12.9224596024,80.1429595947,60048,60058,10
12.9224500656,80.1425323486,60058,60067,9
12.9224395752,80.1421432495,60067,60077,10
12.9223899841,80.1415176392,60077,60088,11
12.9223899841,80.1413879395,60088,60099,11
12.9224004745,80.1409378052,60099,60110,11
12.9223899841,80.1401824951,60110,60119,9
12.9223804474,80.1393585205,60119,60130,11
12.9224300385,80.138458252,60130,60140,10
12.9224796295,80.1374893188,60140,60150,10
12.9225301743,80.1365280151,60150,60160,10
12.9225597382,80.1354675293,60160,60170,10
12.9225997925,80.1344680786,60170,60180,10
12.922659874,80.1333389282,60180,60191,11
12.9226703644,80.1327209473,60191,60201,10
12.9226999283,80.1322937012,60201,60211,10
12.9226999283,80.1315612793,60211,60221,10
12.9227104187,80.1312179565,60221,60231,10
12.9227399826,80.1309280396,60231,60241,10
12.9227695465,80.1303405762,60241,60251,10
12.9228200912,80.1296386719,60251,60261,10
12.9228601456,80.1288909912,60261,60271,10
12.9228601456,80.1282196045,60271,60281,10
12.9228801727,80.127532959,60281,60292,11
12.9229202271,80.1267089844,60292,60302,10
12.9229602814,80.1258010864,60302,60312,10
12.9230003357,80.1248016357,60312,60322,10
12.9230298996,80.1238021851,60322,60332,10
12.9230699539,80.122756958,60332,60342,10
12.9231100082,80.121711731,60342,60352,10
12.9231595993,80.1210327148,60352,60382,30
12.9231595993,80.1210327148,60382,60392,10
12.923210144,80.1207504272,60392,60403,11
12.9232797623,80.1201324463,60403,60413,10
12.9233102798,80.119468689,60413,60423,10
12.9232997894,80.1190109253,60423,60433,10
12.9233398438,80.1184005737,60433,60443,10
12.9234600067,80.1175765991,60443,60463,20
12.9234600067,80.1175765991,60463,60473,10
12.9234695435,80.1175537109,60473,60483,10
12.923500061,80.1172332764,60483,60514,31
12.923500061,80.1172332764,60514,60524,10
12.9234695435,80.1169128418,60524,60534,10
12.923620224,80.1168899536,60534,60544,10
12.9235696793,80.1172714233,60544,60554,10
12.9236402512,80.1177520752,60554,60564,10
12.9235801697,80.1182403564,60564,60574,10
12.9235200882,80.1189193726,60574,60584,10
12.9234199524,80.1196670532,60584,60594,10
12.9233598709,80.1201171875,60594,60604,10
12.9233503342,80.1202087402,60604,60615,11
12.9232997894,80.1206130981,60615,60625,10
12.9232797623,80.1208496094,60625,60635,10
12.9232702255,80.1209793091,60635,60645,10
12.9232702255,80.1211624146,60645,60655,10
12.9232597351,80.121383667,60655,60675,20
12.9232597351,80.121383667,60675,60685,10
12.9232597351,80.1215286255,60685,60695,10
12.9232997894,80.121963501,60695,61351,656
12.9232997894,80.121963501,61351,61362,11
12.9232301712,80.1220932007,61362,61372,10
12.9232196808,80.1224594116,61372,61381,9
12.9231796265,80.1230316162,61381,61392,11
12.923119545,80.1239318848,61392,61402,10
12.9230699539,80.1249237061,61402,61412,10
12.9230203629,80.125869751,61412,61422,10
12.9229803085,80.1268234253,61422,61432,10
12.9229202271,80.1277389526,61432,61442,10
12.9228897095,80.1283569336,61442,61452,10
12.9228601456,80.1288375854,61452,61463,11
12.9228200912,80.1296234131,61463,61473,10
12.9228000641,80.1298599243,61473,61483,10
12.9228000641,80.1300888062,61483,61493,10
12.9227895737,80.1305999756,61493,61503,10
12.9228000641,80.1309280396,61503,61513,10
12.9228000641,80.1311721802,61513,61533,20
12.9228000641,80.1311721802,61533,61543,10
12.9227895737,80.1312484741,61543,61553,10
12.9227695465,80.1314315796,61553,61563,10
12.9227600098,80.1315536499,61563,61574,11
12.9227600098,80.131729126,61574,61614,40
12.9227600098,80.131729126,61614,61624,10
12.9227304459,80.1319198608,61624,61634,10
12.9227199554,80.1322174072,61634,61644,10
12.9226999283,80.1327819824,61644,61654,10
12.922659874,80.1335220337,61654,61664,10
12.9226198196,80.1343612671,61664,61674,10
12.9225902557,80.1352310181,61674,61684,10
12.9225597382,80.1359863281,61684,61695,11
12.9225196838,80.136932373,61695,61705,10
12.9224700928,80.1378631592,61705,61715,10
12.9224004745,80.1388778687,61715,61725,10
12.9224004745,80.1399688721,61725,61735,10
12.922419548,80.1409072876,61735,61745,10
12.9224395752,80.1419906616,61745,61755,10
12.9224796295,80.1424865723,61755,61765,10
12.9224796295,80.1425018311,61765,61775,10
12.9224996567,80.1427383423,61775,61785,10
12.9225196838,80.1432037354,61785,61796,11
12.9225502014,80.1437072754,61796,61806,10
12.9225502014,80.1437530518,61806,61816,10
12.922539711,80.1438980103,61816,61832,16
12.922539711,80.1445770264,61832,61844,12
12.9225702286,80.1456375122,61844,61852,8
12.9225997925,80.1465072632,61852,61864,12
12.9226503372,80.1473617554,61864,61874,10
12.9226398468,80.1474761963,61874,61884,10
12.9226303101,80.1479721069,61884,61896,12
12.9226198196,80.14894104,61896,61906,10
12.9226703644,80.1499862671,61906,61916,10
12.9226999283,80.1511535645,61916,61926,10
12.922750473,80.152130127,61926,61936,10
12.9229698181,80.1531219482,61936,61946,10
12.9232597351,80.1541900635,61946,61956,10
12.9234399796,80.1547317505,61956,61966,10
12.9234399796,80.1547393799,61966,61976,10
12.9234895706,80.155090332,61976,61986,10
12.9236402512,80.1557693481,61986,61997,11
12.9236602783,80.1567764282,61997,62007,10
12.9235496521,80.1579208374,62007,62017,10
12.9234399796,80.1590805054,62017,62027,10
12.9233503342,80.160118103,62027,62037,10
12.9232997894,80.1604385376,62037,62047,10
12.9232797623,80.1604690552,62047,62057,10
12.9231300354,80.1608963013,62057,62067,10
12.9228897095,80.1616363525,62067,62077,10
12.9225702286,80.1625823975,62077,62087,10
12.9222097397,80.1637191772,62087,62097,10
12.9218101501,80.1649398804,62097,62108,11
12.9213600159,80.1662979126,62108,62118,10
12.9209699631,80.1675415039,62118,62128,10
12.9205799103,80.168762207,62128,62138,10
12.9202404022,80.1699371338,62138,62148,10
12.919960022,80.1708984375,62148,62158,10
12.9199104309,80.171043396,62158,62168,10
12.9198198318,80.1712417603,62168,62178,10
12.9196395874,80.1717987061,62178,62188,10
12.9194202423,80.1725921631,62188,62198,10
12.9191799164,80.1734771729,62198,62208,10
12.9189100266,80.1745376587,62208,62219,11
12.9186201096,80.175819397,62219,62229,10
12.918419838,80.1767730713,62229,62239,10
12.9183998108,80.1768875122,62239,62249,10
12.9183197021,80.1773910522,62249,62259,10
12.9183998108,80.1782073975,62259,62269,10
12.9189395905,80.1789779663,62269,62279,10
12.9194202423,80.1799621582,62279,62289,10
12.919670105,80.1811828613,62289,62299,10
12.9199399948,80.1824264526,62299,62309,10
12.9202299118,80.1836776733,62309,62320,11
12.9204702377,80.184677124,62320,62330,10
12.9206600189,80.1853790283,62330,62340,10
12.9206800461,80.1854705811,62340,62350,10
12.9206695557,80.1857376099,62350,62360,10
12.9203100204,80.1862564087,62360,62370,10
12.9197597504,80.1868591309,62370,62380,10
12.9191398621,80.1875686646,62380,62390,10
12.9188899994,80.1879196167,62390,62400,10
12.9186601639,80.1881637573,62400,62410,10
12.9182395935,80.1885910034,62410,62420,10
12.9177598953,80.1892318726,62420,62431,11
12.9174804688,80.1902313232,62431,62441,10
12.9173603058,80.1912307739,62441,62451,10
12.9172296524,80.1921768188,62451,62461,10
12.917140007,80.192779541,62461,62471,10
12.9171199799,80.1931533813,62471,62491,20
12.9171199799,80.1931533813,62491,62501,10
12.9170799255,80.1932373047,62501,62511,10
12.9170598984,80.193611145,62511,62521,10
12.9170703888,80.1937484741,62521,62532,11
12.9172096252,80.1942977905,62532,62542,10
12.9177398682,80.1948776245,62542,62552,10
12.918390274,80.1954727173,62552,62562,10
12.9188499451,80.1958999634,62562,62572,10
12.9194803238,80.1963577271,62572,62582,10
12.9203395844,80.1967086792,62582,62592,10
12.9211101532,80.1969604492,62592,62602,10
12.9218902588,80.1972503662,62602,62612,10
12.9228401184,80.1974182129,62612,62622,10
12.92345047,80.1974868774,62622,62632,10
12.9235696793,80.1974868774,62632,62643,11
12.9238901138,80.197517395,62643,62653,10
12.9245500565,80.197517395,62653,62663,10
12.9252796173,80.1975097656,62663,62679,16
12.9259595871,80.197517395,62679,62691,12
12.9268703461,80.1977615356,62691,62699,8
12.9274597168,80.1981201172,62699,62711,12
12.9280195236,80.198890686,62711,62720,9
12.9284095764,80.1998214722,62720,62731,11
12.9285097122,80.2008666992,62731,62741,10
12.9285497665,80.201713562,62741,62752,11
12.9286003113,80.2024993896,62752,62762,10
12.9294204712,80.2027587891,62762,62782,20
12.9294204712,80.2027587891,62782,62792,10
12.9296798706,80.2028198242,62792,62802,10
12.9300699234,80.20287323,62802,62812,10
12.9307603836,80.2029876709,62812,62822,10
12.9315395355,80.2032165527,62822,62832,10
12.9324502945,80.2035293579,62832,62842,10
12.9331903458,80.2037887573,62842,62853,11
12.9340200424,80.2039413452,62853,62873,20
12.9340200424,80.2039413452,62873,62883,10
12.9342699051,80.2039794922,62883,62893,10
12.9348602295,80.2040481567,62893,62903,10
12.9355802536,80.2043533325,62903,62913,10
12.9363899231,80.2045974731,62913,62923,10
12.9372396469,80.2048416138,62923,62939,16
12.9385795593,80.2052230835,62939,62951,12
12.9396095276,80.2055282593,62951,62962,11
12.9400701523,80.2056503296,62962,62971,9
12.9401702881,80.2056808472,62971,62982,11
12.9407100677,80.2058563232,62982,62991,9
12.9413003922,80.2061309814,62991,63001,10
12.9419498444,80.2065582275,63001,63012,11
12.9428396225,80.2074203491,63012,63021,9
12.9434900284,80.2080764771,63021,63031,10
12.9442195892,80.2083511353,63031,63042,11
12.9442796707,80.208366394,63042,63052,10
12.9445295334,80.2084579468,63052,63063,11
12.9451599121,80.2086868286,63063,63073,10
12.9458904266,80.2089691162,63073,63083,10
12.9466400146,80.2092590332,63083,63093,10
12.9473104477,80.2095184326,63093,63103,10
12.947930336,80.2097625732,63103,63113,10
12.9486198425,80.2100372314,63113,63123,10
12.9494600296,80.2103805542,63123,63133,10
12.9505395889,80.2108078003,63133,63143,10
12.9515895844,80.2112197876,63143,63153,10
12.9524803162,80.2115707397,63153,63169,16
12.9530601501,80.2117919922,63169,63182,13
12.9536399841,80.2120132446,63182,63192,10
12.9537696838,80.2120513916,63192,63202,10
12.9540395737,80.2121734619,63202,63211,9
12.9545698166,80.2123794556,63211,63222,11
12.9554195404,80.2127380371,63222,63232,10
12.9562196732,80.2130432129,63232,63242,10
12.9568595886,80.2132873535,63242,63252,10
12.9579696655,80.2137374878,63252,63262,10
12.9589195251,80.2141189575,63262,63272,10
12.9596500397,80.2144393921,63272,63282,10
12.9602203369,80.2146606445,63282,63293,11
12.9603395462,80.2147216797,63293,63303,10
12.9606800079,80.2148590088,63303,63313,10
12.9612703323,80.2150802612,63313,63323,10
12.9620504379,80.2153778076,63323,63333,10
12.9629602432,80.2157287598,63333,63343,10
12.9638395309,80.2160873413,63343,63353,10
12.9646902084,80.216468811,63353,63363,10
12.965669632,80.2168731689,63363,63373,10
12.9665803909,80.2172317505,63373,63384,11
12.9674596786,80.2175827026,63384,63394,10
12.9682302475,80.2178878784,63394,63404,10
12.9691400528,80.2182388306,63404,63414,10
12.9702596664,80.2186965942,63414,63424,10
12.9710903168,80.2189712524,63424,63440,16
12.9714899063,80.2191467285,63440,63452,12
12.9721498489,80.2194290161,63452,63460,8
12.9727497101,80.2196731567,63460,63472,12
12.9736499786,80.2200088501,63472,63482,10
12.9742298126,80.2202529907,63482,63492,10
12.9749898911,80.2205810547,63492,63593,101
12.9749898911,80.2205810547,63593,63604,11
12.9754104614,80.220703125,63604,63614,10
12.9756202698,80.2208633423,63614,63624,10
12.9759597778,80.2211837769,63624,63634,10
12.9762001038,80.2212677002,63634,63664,30
12.9762001038,80.2212677002,63664,63674,10
12.9763898849,80.2212600708,63674,63684,10
12.9768400192,80.221282959,63684,63694,10
12.9774599075,80.2212905884,63694,63705,11
12.977809906,80.2212905884,63705,63715,10
12.9783096313,80.2212371826,63715,63725,10
12.979060173,80.2211837769,63725,63735,10
12.9798698425,80.2211227417,63735,63745,10
12.9807500839,80.2210464478,63745,63755,10
12.9815301895,80.2212982178,63755,63765,10
12.9820299149,80.2216567993,63765,63775,10
12.9824104309,80.2218170166,63775,63785,10
12.9829397202,80.2219772339,63785,63795,10
12.9830303192,80.2220230103,63795,63812,17
12.9832201004,80.2221603394,63812,63824,12
12.9836397171,80.2224502563,63824,63834,10
12.9839401245,80.2226409912,63834,63844,10
12.9844503403,80.2229385376,63844,63854,10
12.9850797653,80.2232818604,63854,63864,10
12.9854297638,80.2233505249,63864,63874,10
12.985830307,80.2230300903,63874,63884,10
12.9864997864,80.2230300903,63884,63894,10
12.986579895,80.2230300903,63894,63904,10
12.9867296219,80.2230072021,63904,63915,11
12.9871196747,80.2230834961,63915,63925,10
12.9874000549,80.2230987549,63925,63935,10
12.9879598618,80.2229919434,63935,63945,10
12.9885396957,80.2225494385,63945,63955,10
12.9890003204,80.2219467163,63955,63965,10
12.9895095825,80.2213363647,63965,63975,10
12.9902095795,80.2205963135,63975,63985,10
12.9905700684,80.2203216553,63985,63995,10
12.990650177,80.2202606201,63995,64005,10
12.9909095764,80.2199935913,64005,64015,10
12.9914903641,80.219581604,64015,64026,11
12.9922199249,80.2190933228,64026,64036,10
12.9929199219,80.2185211182,64036,64046,10
12.9937696457,80.2179489136,64046,64056,10
12.9944601059,80.2173995972,64056,64066,10
12.9950304031,80.2169876099,64066,64076,10
12.9956197739,80.2166900635,64076,64092,16
12.9967002869,80.2165222168,64092,64112,20
12.9967002869,80.2165222168,64112,64123,11
12.9971199036,80.216506958,64123,64135,12
12.9974498749,80.2162399292,64135,64144,9
12.9975204468,80.216178894,64144,64155,11
12.9976596832,80.2160568237,64155,64165,10
12.9979896545,80.2157287598,64165,64175,10
12.9983901978,80.2153167725,64175,64185,10
12.99903965,80.2147903442,64185,64194,9
12.9992704391,80.2146072388,64194,64205,11
12.9998102188,80.2141571045,64205,64215,10
13.0002603531,80.2137832642,64215,64225,10
13.0007801056,80.2132797241,64225,64236,11
13.0011796951,80.2129592896,64236,64246,10
13.0015802383,80.2126617432,64246,64256,10
13.0021400452,80.2122879028,64256,64266,10
13.0025196075,80.2121505737,64266,64276,10
13.002820015,80.2120895386,64276,64286,10
13.0034103394,80.2120819092,64286,64296,10
13.0038995743,80.2120285034,64296,64306,10
13.0044403076,80.2122192383,64306,64316,10
13.0050697327,80.2125473022,64316,64326,10
13.0057697296,80.2129516602,64326,64337,11
13.006529808,80.2127609253,64337,64347,10
13.007349968,80.2128295898,64347,64357,10
13.0078802109,80.2130966187,64357,64377,20
13.0078802109,80.2130966187,64377,64387,10
13.0079603195,80.2132034302,64387,64397,10
13.0082902908,80.2133483887,64397,64407,10
13.0087404251,80.213722229,64407,64417,10
13.0092000961,80.2143325806,64417,64427,10
13.0096101761,80.2149505615,64427,64437,10
13.0100297928,80.2154769897,64437,64448,11
13.0105800629,80.2161483765,64448,64458,10
13.010840416,80.2168579102,64458,64468,10
13.0111703873,80.2176513672,64468,64478,10
13.0114898682,80.2185974121,64478,64488,10
13.0118398666,80.2196731567,64488,64498,10
13.012169838,80.2206802368,64498,64508,10
13.0124998093,80.2214431763,64508,64518,10
13.0128202438,80.2218780518,64518,64528,10
13.0133304596,80.2225112915,64528,64538,10
13.0138597488,80.22315979,64538,64548,10
13.0142698288,80.2236785889,64548,64559,11
13.0148096085,80.2243270874,64559,64569,10
13.0155496597,80.2250595093,64569,64589,20
13.0155496597,80.2250595093,64589,64599,10
13.0157804489,80.2253036499,64599,64609,10
13.0164403915,80.2253875732,64609,64619,10
13.0173196793,80.2250823975,64619,64629,10
13.0183401108,80.2246704102,64629,64639,10
13.0193004608,80.2244262695,64639,64649,10
13.0197496414,80.2245788574,64649,64660,11
13.02023983,80.2249526978,64660,64670,10
13.0207796097,80.2253265381,64670,64680,10
13.0213003159,80.2257385254,64680,64690,10
13.0219202042,80.2261581421,64690,64700,10
13.0219697952,80.2261886597,64700,64710,10
13.0222597122,80.2264328003,64710,64720,10
13.0227603912,80.226890564,64720,64730,10
13.0234003067,80.2274780273,64730,64740,10
13.0239400864,80.2279815674,64740,64750,10
13.0240297318,80.2280578613,64750,64760,10
13.0241603851,80.2282028198,64760,64771,11
13.0244598389,80.2285995483,64771,64781,10
13.0246601105,80.2288970947,64781,64791,10
13.0248804092,80.2292327881,64791,64801,10
13.0251998901,80.229637146,64801,64811,10
13.0254602432,80.2299804688,64811,64821,10
13.0255804062,80.2301483154,64821,64837,16
13.0256099701,80.230178833,64837,64849,12
13.0256500244,80.2302398682,64849,64869,20
13.0256500244,80.2302398682,64869,64880,11
13.0256795883,80.2303009033,64880,64890,10
13.0257997513,80.2305831909,64890,64900,10
13.0259103775,80.2308578491,64900,64910,10
13.0259799957,80.2311782837,64910,64920,10
13.0262203217,80.2313690186,64920,64928,8
13.0265798569,80.231262207,64928,64939,11
13.0274496078,80.231048584,64939,64949,10
13.0280303955,80.231010437,64949,64960,11
13.0281400681,80.2309799194,64960,64970,10
13.0285596848,80.2309494019,64970,64981,11
13.0289697647,80.2308883667,64981,64991,10
13.0292301178,80.2308425903,64991,65001,10
13.0295495987,80.2308120728,65001,65031,30
13.0295495987,80.2308120728,65031,65041,10
13.0298204422,80.230758667,65041,65051,10
13.0300397873,80.2307510376,65051,65061,10
13.0303897858,80.2307434082,65061,65122,61
13.0303897858,80.2307434082,65122,65132,10
13.0308904648,80.2307434082,65132,65142,10
13.0314397812,80.230682373,65142,65152,10
13.0322198868,80.2306289673,65152,65162,10
13.0329198837,80.2305679321,65162,65172,10
13.0338096619,80.23046875,65172,65181,9
13.0340299606,80.2304534912,65181,65193,12
13.0344295502,80.2303619385,65193,65203,10
13.0348796844,80.230178833,65203,65243,40
13.0348796844,80.230178833,65243,65253,10
13.0349798203,80.2303771973,65253,65263,10
13.0345201492,80.2303695679,65263,65273,10
13.0340003967,80.2304534912,65273,65283,10
13.033659935,80.230430603,65283,65294,11
13.0332202911,80.2304611206,65294,65304,10
13.0326795578,80.2304992676,65304,65314,10
13.0320796967,80.2305831909,65314,65324,10
13.0314598083,80.2306213379,65324,65334,10
13.0308504105,80.2306594849,65334,65394,60
13.0308504105,80.2306594849,65394,65411,17
13.0303201675,80.23072052,65411,65423,12
13.0297403336,80.2307815552,65423,65433,10
13.0293998718,80.2308425903,65433,65443,10
13.0287799835,80.2308883667,65443,65452,9
13.0282497406,80.2309417725,65452,65463,11
13.0278196335,80.2309875488,65463,65473,10
13.0276498795,80.2312011719,65473,65483,10
13.0277004242,80.2317199707,65483,65493,10
13.0277900696,80.2323608398,65493,65503,10
13.0277299881,80.2328491211,65503,65514,11
13.027179718,80.2329177856,65514,65574,60
13.027179718,80.2329177856,65574,65584,10
13.0270004272,80.2329711914,65584,65594,10
13.0268201828,80.2329864502,65594,65604,10
13.0265703201,80.2330627441,65604,65615,11
13.0264196396,80.2329864502,65615,65625,10
13.0263700485,80.2328262329,65625,65635,10
13.0263395309,80.2326889038,65635,65645,10
13.0262298584,80.2323226929,65645,65655,10
13.0261201859,80.2318191528,65655,65665,10
13.0259399414,80.2312164307,65665,65675,10
13.0257301331,80.2305374146,65675,65685,10
13.0252504349,80.2297363281,65685,65695,10
13.0251197815,80.2295913696,65695,65705,10
13.0251197815,80.2295837402,65705,65715,10
13.0249700546,80.2294006348,65715,65726,11
13.0248203278,80.2292098999,65726,65736,10
13.0246295929,80.2289886475,65736,65746,10
13.024310112,80.2285614014,65746,65756,10
13.0239801407,80.2281036377,65756,65766,10
13.0235204697,80.2276000977,65766,65776,10
13.0229196548,80.2270584106,65776,65786,10
13.022359848,80.2265701294,65786,65796,10
13.0217199326,80.226020813,65796,65806,10
13.0211200714,80.2255630493,65806,65816,10
13.0206604004,80.225227356,65816,65827,11
13.0201196671,80.2248764038,65827,65836,9
13.0195703506,80.2245178223,65836,65847,11
13.0186901093,80.2244567871,65847,65857,10
13.0178403854,80.2247924805,65857,65867,10
13.016960144,80.225151062,65867,65877,10
13.0164403915,80.2253570557,65877,65887,10
13.0160799026,80.2255172729,65887,65897,10
13.0155601501,80.2257080078,65897,65907,10
13.0150604248,80.2258987427,65907,65917,10
13.0146903992,80.226020813,65917,65927,10
13.0142097473,80.2261428833,65927,65938,11
13.014169693,80.2258987427,65938,65948,10
13.0144100189,80.2259292603,65948,74008,8060
13.0144100189,80.2259292603,74008,74018,10
13.0143299103,80.2257080078,74018,74028,10
13.0142602921,80.2257766724,74028,74038,10
