13.0145902634,80.2265472412,12,29668,29656
13.0145902634,80.2265472412,29668,29678,10
13.068400383,80.2051086426,29678,29688,10
13.0683803558,80.2051086426,29688,29698,10
13.0683698654,80.2051010132,29698,29708,10
13.0683603287,80.2051010132,29708,29718,10
13.0683603287,80.2050933838,29718,29728,10
13.0682401657,80.2052078247,29728,29758,30
13.0682401657,80.2052001953,29758,29789,31
13.0682401657,80.2052001953,29789,29799,10
13.0682296753,80.2052078247,29799,29809,10
13.0682201385,80.2052230835,29809,29819,10
13.0682401657,80.2052001953,29819,29829,10
13.0682697296,80.2051696777,29829,29839,10
13.0682296753,80.2052230835,29839,30496,657
13.0681295395,80.2052230835,30496,30668,172
13.0681295395,80.205291748,30668,30869,201
13.0680704117,80.2052001953,30869,30930,61
13.0681400299,80.2052001953,30930,31414,484
13.0681400299,80.2052001953,31414,31424,10
13.0680103302,80.2051391602,31424,31434,10
13.0680999756,80.2049789429,31434,31445,11
13.0684204102,80.2049331665,31445,31455,10
13.0687999725,80.2047805786,31455,31465,10
13.0691299438,80.2047195435,31465,31475,10
13.0694303513,80.2047576904,31475,31485,10
13.0698099136,80.2049102783,31485,31535,50
13.0698099136,80.2049102783,31535,31545,10
13.069899559,80.2049636841,31545,31556,11
13.0698900223,80.2052307129,31556,31566,10
13.0695495605,80.2056884766,31566,31576,10
13.0691299438,80.2063064575,31576,31586,10
13.0686597824,80.2070617676,31586,31596,10
13.0681400299,80.2079162598,31596,31606,10
13.0676202774,80.2087783813,31606,31616,10
13.0672397614,80.2095031738,31616,31626,10
13.0667495728,80.2100372314,31626,31636,10
13.0660896301,80.2105331421,31636,31646,10
13.0655002594,80.2110290527,31646,31657,11
13.0652303696,80.2112731934,31657,31667,10
13.0651397705,80.2113265991,31667,31677,10
13.0648002625,80.2115020752,31677,31687,10
13.0640897751,80.2116775513,31687,31697,10
13.0636997223,80.2117233276,31697,31707,10
13.0632600784,80.2117385864,31707,31717,10
13.0625696182,80.2117767334,31717,31727,10
13.0616903305,80.2116699219,31727,31737,10
13.0606899261,80.2116775513,31737,31747,10
13.0596199036,80.2117233276,31747,31767,20
13.0596199036,80.2117233276,31767,31778,11
13.0591402054,80.2116394043,31778,31788,10
13.0585203171,80.2116012573,31788,31798,10
13.0579996109,80.2116088867,31798,31808,10
13.0579099655,80.2116317749,31808,31818,10
13.0577497482,80.2116394043,31818,31868,50
13.0577497482,80.2116394043,31868,31878,10
13.0573997498,80.2115783691,31878,31889,11
13.0573596954,80.2116012573,31889,31899,10
13.0572900772,80.2116317749,31899,31909,10
13.0570602417,80.2116394043,31909,31919,10
13.0568399429,80.2116317749,31919,31929,10
13.056520462,80.2116012573,31929,31939,10
13.0562496185,80.2115936279,31939,31989,50
13.0558204651,80.2115936279,31989,32040,51
13.0554800034,80.2114562988,32040,32080,40
13.0552501678,80.2115402222,32080,32121,41
13.0549497604,80.2115020752,32121,32171,50
13.0549497604,80.2115020752,32171,32181,10
13.054889679,80.2116470337,32181,32191,10
13.0546703339,80.2115783691,32191,32322,131
13.0546703339,80.2115783691,32322,32333,11
13.0544700623,80.2116165161,32333,32343,10
13.0540704727,80.2116470337,32343,32373,30
13.0539598465,80.2116317749,32373,32454,81
13.0539598465,80.2116317749,32454,32464,10
13.0538196564,80.2116928101,32464,32474,10
13.0536603928,80.2117385864,32474,32484,10
13.053440094,80.2118225098,32484,32524,40
13.053440094,80.2118225098,32524,32534,10
13.0531396866,80.2118988037,32534,32555,21
13.0531396866,80.2118988037,32555,32565,10
13.0529603958,80.2119598389,32565,32575,10
13.0526800156,80.2120132446,32575,32635,60
13.052359581,80.2121887207,32635,32676,41
13.052359581,80.2121887207,32676,32686,10
13.0522298813,80.2121505737,32686,32696,10
13.0519895554,80.2122192383,32696,32706,10
13.051609993,80.212272644,32706,32716,10
13.0513896942,80.2122268677,32716,32726,10
13.0512199402,80.2121810913,32726,32787,61
13.0512199402,80.2121810913,32787,32797,10
13.051030159,80.2121200562,32797,32807,10
13.0506296158,80.2121963501,32807,32817,10
13.0500802994,80.2121810913,32817,32827,10
13.0496501923,80.2121963501,32827,32867,40
13.0496501923,80.2121963501,32867,32877,10
13.0493602753,80.2121734619,32877,32888,11
13.0488996506,80.2121734619,32888,32898,10
13.0482902527,80.2122116089,32898,32908,10
13.0475797653,80.2122573853,32908,32918,10
13.0466995239,80.2123184204,32918,32928,10
13.0456600189,80.2123413086,32928,32938,10
13.0447797775,80.2124023438,32938,32948,10
13.0442399979,80.212387085,32948,32958,10
13.043800354,80.2123718262,32958,32968,10
13.0431699753,80.2123718262,32968,32978,10
13.0423898697,80.212387085,32978,32988,10
13.0415201187,80.2124404907,32988,32999,11
13.0403404236,80.2124481201,32999,33009,10
13.0393600464,80.2124404907,33009,33019,10
13.0385503769,80.2124099731,33019,33039,20
13.0385503769,80.2124099731,33039,33049,10
13.0383501053,80.2123184204,33049,33059,10
13.0378904343,80.2123413086,33059,33069,10
13.037320137,80.2123413086,33069,33079,10
13.0365800858,80.2123413086,33079,33089,10
13.0358200073,80.2123413086,33089,33099,10
13.0354003906,80.212348938,33099,33110,11
13.0353803635,80.2123413086,33110,33120,10
13.0352697372,80.2122802734,33120,33130,10
13.0349397659,80.2122497559,33130,33140,10
13.0345697403,80.2121734619,33140,33150,10
13.0342502594,80.2121276855,33150,33180,30
13.0342502594,80.2121276855,33180,33196,16
13.0337200165,80.2119827271,33196,33208,12
13.0331602097,80.2118682861,33208,33218,10
13.0324602127,80.2117614746,33218,33229,11
13.0319900513,80.2114486694,33229,33239,10
13.0320796967,80.2108764648,33239,33249,10
13.0321598053,80.2099533081,33249,33279,30
13.0321598053,80.2099533081,33279,33289,10
13.0320796967,80.2096633911,33289,33299,10
13.0315904617,80.2095489502,33299,33309,10
13.0312099457,80.2093963623,33309,33318,9
13.0308198929,80.2093276978,33318,33330,12
13.0304803848,80.2092666626,33330,33370,40
13.0304803848,80.2092666626,33370,33380,10
13.0302400589,80.2091369629,33380,33390,10
13.0298204422,80.2090072632,33390,33400,10
13.0297203064,80.2090072632,33400,33410,10
13.0296201706,80.2089614868,33410,33420,10
13.0292100906,80.2088470459,33420,33430,10
13.0284404755,80.2086181641,33430,33440,10
13.0276203156,80.2082901001,33440,33451,11
13.0266895294,80.2077331543,33451,33461,10
13.0258197784,80.2072296143,33461,33471,10
13.0249004364,80.2070236206,33471,33481,10
13.0243701935,80.2069320679,33481,33491,10
13.0242900848,80.2069091797,33491,33501,10
13.0242795944,80.2069091797,33501,33511,10
13.0240802765,80.2068634033,33511,33521,10
13.0235004425,80.2067184448,33521,33523,2
13.0235004425,80.2067184448,33523,33570,47
13.0211896896,80.206489563,33570,33580,10
13.0204200745,80.2064819336,33580,33590,10
13.0197200775,80.206489563,33590,33600,10
13.0193395615,80.2063980103,33600,33620,20
13.0193395615,80.2063980103,33620,33630,10
13.0190401077,80.2063369751,33630,33640,10
13.0187196732,80.2062530518,33640,33662,22
13.0187196732,80.2062530518,33662,33674,12
13.0183496475,80.2061004639,33674,33684,10
13.0181703568,80.2060699463,33684,33694,10
13.0179700851,80.2060012817,33694,33704,10
13.0177297592,80.205871582,33704,33714,10
13.0173301697,80.2057037354,33714,33723,9
13.016869545,80.2056427002,33723,33733,10
13.0160398483,80.2052993774,33733,33743,10
13.0151395798,80.2049407959,33743,33753,10
13.0144195557,80.2046813965,33753,33764,11
13.0143499374,80.2046585083,33764,33774,10
13.0140600204,80.204536438,33774,33785,11
13.0139398575,80.2044906616,33785,33795,10
13.0136404037,80.204460144,33795,33805,10
13.0136003494,80.2046737671,33805,33815,10
13.0135402679,80.2048873901,33815,33825,10
13.0133600235,80.2054595947,33825,33835,10
13.0131597519,80.2061386108,33835,33845,10
13.0130395889,80.2069625854,33845,33855,10
13.0129404068,80.2076263428,33855,33865,10
13.0129003525,80.207901001,33865,33875,10
13.0128898621,80.2084197998,33875,33885,10
13.0129098892,80.2087631226,33885,33896,11
13.0130300522,80.2094116211,33896,33906,10
13.0131998062,80.2098999023,33906,33916,10
13.0131902695,80.2103881836,33916,33926,10
13.0130500793,80.2109680176,33926,33936,10
13.0127601624,80.2115631104,33936,33946,10
13.0123996735,80.212097168,33946,33956,10
13.0120201111,80.2126617432,33956,33966,10
13.0115604401,80.2125473022,33966,33976,10
13.0115604401,80.2125473022,33976,33986,10
13.0110397339,80.2121505737,33986,33996,10
13.0104703903,80.2117233276,33996,34007,11
13.0100803375,80.21144104,34007,34017,10
13.0099000931,80.2113189697,34017,34063,46
13.0099000931,80.2113189697,34063,34075,12
13.00963974,80.21118927,34075,34083,8
13.0095796585,80.21118927,34083,34095,12
13.0094804764,80.2110595703,34095,34105,10
13.00963974,80.2108306885,34105,34126,21
13.00963974,80.2108306885,34126,34136,10
13.0094404221,80.2109680176,34136,34146,10
13.0092496872,80.211227417,34146,34196,50
13.0092496872,80.211227417,34196,34206,10
13.0090703964,80.2115707397,34206,34216,10
13.0090904236,80.2117462158,34216,34227,11
13.0091695786,80.2120819092,34227,34237,10
13.0092496872,80.212387085,34237,34247,10
13.0094203949,80.2128067017,34247,34257,10
13.0096101761,80.2132720947,34257,34267,10
13.0098400116,80.2138595581,34267,34277,10
13.0101203918,80.2145462036,34277,34287,10
13.010219574,80.2154006958,34287,34297,10
13.0104999542,80.216217041,34297,34307,10
13.010890007,80.2169418335,34307,34317,10
13.0112104416,80.2176437378,34317,34327,10
13.0114402771,80.2183303833,34327,34337,10
13.0117101669,80.2191467285,34337,34348,11
13.0120601654,80.2202072144,34348,34357,9
13.0123195648,80.2210235596,34357,34368,11
13.0123996735,80.2213592529,34368,34379,11
13.0124597549,80.2217407227,34379,34389,10
13.0127601624,80.2223205566,34389,34399,10
13.0134000778,80.222869873,34399,34409,10
13.0140399933,80.2235107422,34409,34419,10
13.0145101547,80.2241592407,34419,34429,10
13.015080452,80.2247467041,34429,34439,10
13.0151596069,80.2248382568,34439,34449,10
13.0152597427,80.2249221802,34449,34460,11
13.0155000687,80.2252426147,34460,34470,10
13.0155200958,80.2252426147,34470,34480,10
13.0155601501,80.2253875732,34480,34490,10
13.0154104233,80.2257614136,34490,34500,10
13.0148096085,80.226020813,34500,34510,10
13.0140199661,80.2263336182,34510,34520,10
13.0131196976,80.2266693115,34520,34530,10
13.0121603012,80.2270431519,34530,34540,10
13.0111598969,80.227432251,34540,34550,10
13.010310173,80.2277374268,34550,34561,11
13.0095396042,80.2277679443,34561,34571,10
13.0097103119,80.2270965576,34571,34581,10
13.0101203918,80.2263183594,34581,34591,10
13.0105104446,80.225402832,34591,34601,10
13.0108499527,80.2246017456,34601,34611,10
13.0111103058,80.2239074707,34611,34621,10
13.0113801956,80.2232589722,34621,34631,10
13.011639595,80.2226028442,34631,34641,10
13.0118198395,80.2219161987,34641,34651,10
13.0119104385,80.2215499878,34651,34661,10
13.0120401382,80.2212600708,34661,34671,10
13.0121097565,80.220916748,34671,34682,11
13.0119304657,80.2202377319,34682,34692,10
13.0117101669,80.2194595337,34692,34708,16
13.0113096237,80.2183074951,34708,34720,12
13.0109596252,80.2175064087,34720,34730,10
13.010840416,80.2171783447,34730,34740,10
13.0106801987,80.2168273926,34740,34750,10
13.0105600357,80.2166824341,34750,34760,10
13.010140419,80.2158508301,34760,34770,10
13.0097799301,80.215133667,34770,34780,10
13.0093097687,80.2145996094,34780,34791,11
13.0083303452,80.2142028809,34791,34801,10
13.0085296631,80.2136611938,34801,34811,10
13.0085496902,80.2136077881,34811,34821,10
13.0085496902,80.2134933472,34821,34831,10
13.0085296631,80.2132797241,34831,34841,10
13.0083999634,80.2136001587,34841,34851,10
13.0086402893,80.2145614624,34851,34861,10
13.0088396072,80.2153701782,34861,34871,10
13.0082998276,80.2132873535,34871,34881,10
13.008099556,80.2132720947,34881,34891,10
13.0080604553,80.2132415771,34891,34902,11
13.0079202652,80.2131576538,34902,34912,10
13.0077495575,80.2130584717,34912,34922,10
13.0074701309,80.2129898071,34922,35003,81
13.0037403107,80.2111816406,35003,35092,89
13.0037403107,80.2111816406,35092,35104,12
13.0006198883,80.2079162598,35104,35899,795
12.9793300629,80.218421936,35899,35919,20
12.9793300629,80.218421936,35919,35930,11
12.9786701202,80.2192306519,35930,35940,10
12.9780197144,80.2194366455,35940,35950,10
12.9771795273,80.2197723389,35950,35960,10
12.9762401581,80.2201004028,35960,35970,10
12.9757604599,80.2202987671,35970,35980,10
12.9756202698,80.2204208374,35980,36010,30
12.9755296707,80.2203292847,36010,36067,57
12.9755296707,80.2203292847,36067,36079,12
12.9756298065,80.2208633423,36079,36087,8
12.9757795334,80.2207336426,36087,36099,12
12.976099968,80.2203903198,36099,36110,11
12.9762401581,80.2202377319,36110,36120,10
12.9754495621,80.220993042,36120,36130,10
12.9754695892,80.2209396362,36130,36141,11
12.9758996964,80.2210464478,36141,36171,30
12.9758996964,80.2210464478,36171,36181,10
12.9759702682,80.2212371826,36181,36373,192
12.9759597778,80.2210388184,36373,36403,30
12.9758396149,80.2212600708,36403,36464,61
12.9758396149,80.2212600708,36464,36474,10
12.9760198593,80.221031189,36474,36484,10
12.9761896133,80.2211914063,36484,36494,10
12.9759502411,80.2211380005,36494,36514,20
12.975979805,80.2211074829,36514,36544,30
12.975979805,80.2211074829,36544,36554,10
12.9760704041,80.2212295532,36554,36574,20
12.9760704041,80.2212295532,36574,36585,11
12.9760398865,80.221282959,36585,36595,10
12.976149559,80.2214813232,36595,36605,10
12.9764204025,80.2218399048,36605,36615,10
12.9767503738,80.2224197388,36615,36625,10
12.9769897461,80.2227478027,36625,36635,10
12.9771003723,80.2227096558,36635,36645,10
12.9770803452,80.2227172852,36645,36655,10
12.9775400162,80.2225570679,36655,36665,10
12.9774904251,80.2221832275,36665,36675,10
12.9774703979,80.2216720581,36675,36685,10
12.9774398804,80.2212371826,36685,36695,10
12.9772796631,80.2212371826,36695,36712,17
12.9764995575,80.221282959,36712,36724,12
12.9760904312,80.2212600708,36724,36732,8
12.9759197235,80.2212600708,36732,36744,12
12.9755601883,80.2209396362,36744,36774,30
12.9755601883,80.2209396362,36774,36784,10
12.9755401611,80.2209014893,36784,36794,10
12.9753904343,80.2206268311,36794,36804,10
12.975569725,80.2204208374,36804,36815,11
12.9759597778,80.2201385498,36815,36825,10
12.9765501022,80.2198486328,36825,36835,10
12.9773101807,80.2195205688,36835,36845,10
12.9781503677,80.2191619873,36845,36855,10
12.9786596298,80.2189788818,36855,36865,10
12.9792404175,80.2187423706,36865,36875,10
12.9798603058,80.21849823,36875,36885,10
12.9803304672,80.2182922363,36885,36895,10
12.9809598923,80.2180709839,36895,36905,10
12.9816598892,80.2178268433,36905,36915,10
12.9822702408,80.2177810669,36915,36926,11
12.9827604294,80.2177734375,36926,36936,10
12.983300209,80.2177810669,36936,36946,10
12.9837799072,80.2177886963,36946,36956,10
12.983880043,80.2177963257,36956,36966,10
12.9842596054,80.2178115845,36966,36976,10
12.9847698212,80.2178192139,36976,36986,10
12.9855699539,80.2178268433,36986,36996,10
12.9863004684,80.217956543,36996,37006,10
12.9869499207,80.2181015015,37006,37016,10
12.9874296188,80.2181625366,37016,37026,10
12.9874401093,80.2181777954,37026,37037,11
12.9875898361,80.217918396,37037,37047,10
12.9877500534,80.2174072266,37047,37057,10
12.987950325,80.216758728,37057,37066,9
12.9882001877,80.216178894,37066,37077,11
12.9885797501,80.2156295776,37077,37087,10
12.9889802933,80.2150115967,37087,37097,10
12.989279747,80.2145233154,37097,37107,10
12.9893798828,80.2140274048,37107,37117,10
12.9895296097,80.2136306763,37117,37127,10
12.9896097183,80.213218689,37127,37137,10
12.9897003174,80.2127075195,37137,37148,11
12.9898004532,80.212272644,37148,37158,10
12.9898796082,80.2121887207,37158,37168,10
12.9906301498,80.2124023438,37168,37188,20
12.9906301498,80.2124023438,37188,37198,10
12.9910202026,80.2124481201,37198,37208,10
12.9915895462,80.212638855,37208,37218,10
12.9923095703,80.212852478,37218,37228,10
12.9929199219,80.2130432129,37228,37238,10
12.9930095673,80.2127227783,37238,37248,10
12.9931602478,80.2121200562,37248,37259,11
12.9933204651,80.2114181519,37259,37269,10
12.9933996201,80.2110214233,37269,37279,10
12.9934797287,80.2107467651,37279,37289,10
12.9935598373,80.2103805542,37289,37299,10
12.9936199188,80.2101669312,37299,37309,10
12.9936304092,80.2101211548,37309,37319,10
12.9936599731,80.2100219727,37319,37329,10
12.9938898087,80.2101135254,37329,37339,10
12.9942598343,80.2101211548,37339,37349,10
12.9942998886,80.210357666,37349,37359,10
12.9948396683,80.2102432251,37359,37370,11
12.9952402115,80.2102203369,37370,37380,10
12.9954395294,80.2102584839,37380,37390,10
12.9959001541,80.2102737427,37390,37400,10
12.9962301254,80.210319519,37400,37410,10
12.9967403412,80.2103805542,37410,37420,10
12.9969701767,80.2103881836,37420,37430,10
12.9972696304,80.2104721069,37430,37440,10
12.9972400665,80.2106170654,37440,37450,10
12.9972200394,80.2106323242,37450,37460,10
12.9970598221,80.2119064331,37460,37470,10
12.997010231,80.2123413086,37470,37481,11
12.9969396591,80.2125930786,37481,37491,10
12.9968595505,80.2130432129,37491,37501,10
12.9967699051,80.2135772705,37501,37511,10
12.9966201782,80.2141189575,37511,37521,10
12.9965600967,80.2144088745,37521,37531,10
12.9965000153,80.2149276733,37531,37541,10
12.9963798523,80.2153167725,37541,37551,10
12.9963998795,80.2154388428,37551,37561,10
12.996219635,80.2158584595,37561,37571,10
12.9961204529,80.2161865234,37571,37581,10
12.9960803986,80.2164993286,37581,37591,10
12.9967098236,80.2164611816,37591,37612,21
12.9966402054,80.2163162231,37612,37632,20
12.9966402054,80.2163162231,37632,37642,10
12.9974603653,80.2161178589,37642,37652,10
12.9976596832,80.2159423828,37652,37662,10
12.997710228,80.2157592773,37662,37723,61
12.997710228,80.2157592773,37723,37733,10
13.000579834,80.2133865356,37733,37743,10
13.0010995865,80.2130584717,37743,37753,10
13.0016498566,80.2126235962,37753,37763,10
13.0022497177,80.2122573853,37763,37773,10
13.0028800964,80.2120895386,37773,37783,10
13.0033502579,80.2121582031,37783,37794,11
13.0036802292,80.2118606567,37794,37804,10
13.003660202,80.2119064331,37804,37814,10
13.0036897659,80.2113189697,37814,37825,11
13.0036001205,80.2105178833,37825,37835,10
13.0035295486,80.2097930908,37835,37845,10
13.0036296844,80.2090530396,37845,37855,10
13.0040903091,80.2085189819,37855,37866,11
13.0048503876,80.2091369629,37866,37876,10
13.0057201385,80.2094726563,37876,37886,10
13.0060596466,80.2095870972,37886,37896,10
13.0064601898,80.2096405029,37896,37906,10
13.0067396164,80.2097702026,37906,37916,10
13.0071496964,80.2096633911,37916,37926,10
13.007229805,80.2096176147,37926,37937,11
13.0074300766,80.2096633911,37937,37947,10
13.0075798035,80.2094268799,37947,37957,10
13.0076999664,80.2098236084,37957,37967,10
13.0080404282,80.2099075317,37967,37977,10
13.0081796646,80.209777832,37977,37987,10
13.0080699921,80.2093200684,37987,37997,10
13.0081195831,80.2076416016,37997,38038,41
13.0081195831,80.2076416016,38038,38048,10
13.0074396133,80.2044067383,38048,38058,10
13.0074901581,80.2036972046,38058,38068,10
13.0073003769,80.2029571533,38068,38078,10
13.0067596436,80.2025909424,38078,38088,10
13.0065498352,80.2031402588,38088,38098,10
13.0071001053,80.2035217285,38098,38108,10
13.0078001022,80.2037124634,38108,38118,10
13.0087299347,80.2036819458,38118,38128,10
13.0098896027,80.2035827637,38128,38138,10
13.0111303329,80.2036209106,38138,38148,10
13.0123500824,80.2037963867,38148,38159,11
13.0132703781,80.2040100098,38159,38169,10
13.0141801834,80.2043075562,38169,38179,10
13.0149297714,80.204536438,38179,38189,10
13.0150203705,80.2045669556,38189,38199,10
13.0150499344,80.2045669556,38199,38209,10
13.0153799057,80.2046813965,38209,38219,10
13.0160799026,80.2049179077,38219,38229,10
13.0167598724,80.2051010132,38229,38239,10
13.0175199509,80.2053070068,38239,38249,10
13.0179796219,80.205581665,38249,38259,10
13.0185203552,80.2058334351,38259,38270,11
13.0185899734,80.205909729,38270,38280,10
13.0187196732,80.2058486938,38280,38290,10
13.0194797516,80.2061309814,38290,38300,10
13.0202798843,80.2062988281,38300,38310,10
13.0211000443,80.2062835693,38310,38320,10
13.0222702026,80.2062606812,38320,38330,10
13.0233097076,80.2066192627,38330,38340,10
13.024020195,80.2066497803,38340,38349,9
13.024479866,80.2066574097,38349,38360,11
13.0245599747,80.2064971924,38360,38370,10
13.0262098312,80.2073364258,38370,38391,21
13.0262098312,80.2073364258,38391,38401,10
13.0284700394,80.2085800171,38401,38411,10
13.0294704437,80.2087783813,38411,38421,10
13.0298299789,80.2088699341,38421,38431,10
13.0300397873,80.2090988159,38431,38441,10
13.0301504135,80.2092132568,38441,38451,10
13.0316200256,80.2092132568,38451,38461,10
13.031370163,80.2090835571,38461,38783,322
13.031370163,80.2090835571,38783,38793,10
13.0440502167,80.2122573853,38793,38803,10
13.0439596176,80.2122573853,38803,38813,10
13.0440502167,80.2122802734,38813,38823,10
13.044380188,80.2120819092,38823,38834,11
13.0443201065,80.2120437622,38834,38844,10
13.0442895889,80.2121200562,38844,38854,10
13.0442800522,80.2121887207,38854,38864,10
13.044210434,80.212097168,38864,39366,502
13.044210434,80.212097168,39366,39376,10
13.0628004074,80.2115097046,39376,39962,586
13.0628004074,80.2115097046,39962,39972,10
13.0681400299,80.2052764893,39972,40042,70
13.0681400299,80.2052764893,40042,40053,11
13.0687999725,80.2054290771,40053,40063,10
13.0683202744,80.2052383423,40063,40073,10
13.068110466,80.205291748,40073,40083,10
13.0680799484,80.2052764893,40083,40093,10
13.0679998398,80.2052307129,40093,40103,10
13.0680599213,80.2052688599,40103,40113,10
13.0681400299,80.2052688599,40113,40123,10
13.0680904388,80.2052764893,40123,40133,10
13.0681295395,80.2052688599,40133,40981,848
13.0681295395,80.2052688599,40981,40991,10
13.0680303574,80.2052612305,40991,41001,10
13.0679798126,80.2051010132,41001,41011,10
13.0681295395,80.2049865723,41011,41021,10
13.0683298111,80.2049713135,41021,41031,10
13.0686798096,80.2048568726,41031,41041,10
13.0690603256,80.2047424316,41041,41051,10
13.0694704056,80.2047576904,41051,41061,10
13.0697898865,80.2048797607,41061,41112,51
13.0697898865,80.2048797607,41112,41122,10
13.069899559,80.205116272,41122,41132,10
13.0696001053,80.2055587769,41132,41142,10
13.0691699982,80.2062072754,41142,41152,10
13.0686597824,80.2070007324,41152,41162,10
13.0681400299,80.207862854,41162,41172,10
13.0678195953,80.2084274292,41172,41182,10
13.0676603317,80.2087631226,41182,41193,11
13.0672798157,80.2094268799,41193,41203,10
13.0666704178,80.2100906372,41203,41213,10
13.0659399033,80.210647583,41213,41223,10
13.0653600693,80.2111129761,41223,41233,10
13.0651702881,80.2112503052,41233,41243,10
13.0651102066,80.2112731934,41243,41253,10
13.064740181,80.211479187,41253,41263,10
13.0643100739,80.2116394043,41263,41273,10
13.0640802383,80.2116928101,41273,41283,10
13.0637702942,80.2117233276,41283,41293,10
13.0632295609,80.2117385864,41293,41304,11
13.0625896454,80.2117614746,41304,41314,10
13.0621004105,80.2117996216,41314,41324,10
13.0615100861,80.2117996216,41324,41334,10
13.0605602264,80.2117462158,41334,41344,10
13.0595798492,80.2116928101,41344,41354,10
13.0586900711,80.2116470337,41354,41364,10
13.0581502914,80.2116088867,41364,41374,10
13.0575399399,80.2116088867,41374,41384,10
13.057299614,80.2116317749,41384,41394,10
13.0569200516,80.2116165161,41394,41404,10
13.0562496185,80.2116088867,41404,41414,10
13.0554103851,80.2115936279,41414,41425,11
13.0543498993,80.2115783691,41425,41435,10
13.0534000397,80.2117996216,41435,41445,10
13.0528402328,80.2119827271,41445,41455,10
13.0527200699,80.2120285034,41455,41475,20
13.0527200699,80.2120285034,41475,41485,10
13.0524997711,80.2120895386,41485,41495,10
13.0522298813,80.2121887207,41495,41505,10
13.0517997742,80.2123031616,41505,41515,10
13.0511798859,80.2122573853,41515,41525,10
13.0505199432,80.2122116089,41525,41657,132
13.0505199432,80.2122116089,41657,41667,10
13.0502796173,80.2121582031,41667,41677,10
13.0498895645,80.2121582031,41677,41697,20
13.0497903824,80.2121582031,41697,41717,20
13.0497903824,80.2121582031,41717,41727,10
13.0495700836,80.2121734619,41727,41746,19
13.0495700836,80.2121734619,41746,41758,12
13.0492601395,80.2121429443,41758,41768,10
13.0487003326,80.2121734619,41768,41778,10
13.0480003357,80.2122268677,41778,41788,10
13.0471401215,80.2123184204,41788,41797,9
13.0462503433,80.2123565674,41797,41808,11
13.0451097488,80.2124023438,41808,41818,10
13.044380188,80.2124023438,41818,41828,10
13.0437002182,80.2124023438,41828,41838,10
13.0427799225,80.2124404907,41838,41848,10
13.0417203903,80.2124404907,41848,41858,10
13.0406103134,80.2124023438,41858,41868,10
13.0396003723,80.2124176025,41868,41879,11
13.0382099152,80.2124862671,41879,41909,30
13.0380802155,80.2123794556,41909,41929,20
13.0380802155,80.2123794556,41929,41939,10
13.0382099152,80.2124404907,41939,41949,10
13.0381498337,80.2124481201,41949,41959,10
13.0378103256,80.2124633789,41959,41969,10
13.0373497009,80.2124481201,41969,41979,10
13.036860466,80.2124176025,41979,41990,11
13.0359096527,80.212387085,41990,42030,40
13.0359096527,80.212387085,42030,42040,10
13.0355997086,80.212348938,42040,42050,10
13.0352096558,80.2123184204,42050,42060,10
13.0350103378,80.2122268677,42060,42070,10
13.0348396301,80.2122573853,42070,42080,10
13.0344800949,80.2122116089,42080,42101,21
13.0344800949,80.2122116089,42101,42111,10
13.0343999863,80.2122192383,42111,42121,10
13.0342597961,80.2121734619,42121,42131,10
13.0340795517,80.2121429443,42131,42141,10
13.0338802338,80.2120895386,42141,42151,10
13.033659935,80.2120819092,42151,42167,16
13.0328702927,80.2119598389,42167,42179,12
13.0321598053,80.2118606567,42179,42189,10
13.0319499969,80.2113265991,42189,42199,10
13.0320796967,80.2105636597,42199,42209,10
13.0321397781,80.2098770142,42209,42220,11
13.0316095352,80.2095718384,42220,42230,10
13.0308704376,80.2093582153,42230,42240,10
13.0304203033,80.2092590332,42240,42260,20
13.0304203033,80.2092590332,42260,42270,10
13.0301399231,80.2090606689,42270,42280,10
13.029589653,80.2089385986,42280,42290,10
13.029540062,80.2089004517,42290,42300,10
13.0294303894,80.2088165283,42300,42310,10
13.0289402008,80.2087402344,42310,42320,10
13.0286397934,80.2087020874,42320,42330,10
13.0284404755,80.208656311,42330,42341,11
13.028169632,80.2085723877,42341,42351,10
13.0277204514,80.2083969116,42351,42361,10
13.0271100998,80.2080688477,42361,42371,10
13.0263500214,80.2076797485,42371,42381,10
13.0255699158,80.2072219849,42381,42391,10
13.024600029,80.2069778442,42391,42401,10
13.0241298676,80.2069015503,42401,42411,10
13.0241298676,80.2068862915,42411,42421,10
13.0238199234,80.20677948,42421,42430,9
13.0232896805,80.2066802979,42430,42442,12
13.0225400925,80.2063980103,42442,42452,10
13.0216302872,80.2063980103,42452,42462,10
13.0206003189,80.2064208984,42462,42472,10
13.019490242,80.206413269,42472,42482,10
13.019080162,80.2062988281,42482,42492,10
13.0189599991,80.2062911987,42492,42502,10
13.0185003281,80.206161499,42502,42512,10
13.017829895,80.205909729,42512,42522,10
13.0171003342,80.2057418823,42522,42532,10
13.0168199539,80.205406189,42532,42542,10
13.015999794,80.2051620483,42542,42551,9
13.0151395798,80.2050476074,42551,42563,12
13.0142602921,80.2046279907,42563,42573,10
13.0141897202,80.2045822144,42573,42583,10
13.0138301849,80.2044372559,42583,42593,10
13.013589859,80.2045593262,42593,42603,10
13.0134801865,80.2049026489,42603,42613,10
13.0132799149,80.2055206299,42613,42623,10
13.0130500793,80.2063217163,42623,42633,10
13.0129699707,80.2072067261,42633,42643,10
13.0129003525,80.2077407837,42643,42653,10
13.0128002167,80.2081832886,42653,42663,10
13.0128002167,80.2085876465,42663,42674,11
13.012840271,80.2091369629,42674,42684,10
13.0130901337,80.2096862793,42684,42694,10
13.0130796432,80.210319519,42694,42704,10
13.0128898621,80.2110824585,42704,42714,10
13.0125198364,80.2117767334,42714,42730,16
13.0119104385,80.2127075195,42730,42742,12
13.0116195679,80.2126998901,42742,42750,8
13.0112895966,80.2124481201,42750,42762,12
13.0105800629,80.2119369507,42762,42772,10
13.0100603104,80.211517334,42772,42782,10
13.0096197128,80.21118927,42782,42813,31
13.0096197128,80.21118927,42813,42823,10
13.0094203949,80.2110595703,42823,42833,10
13.0092697144,80.2111206055,42833,42843,10
13.0092000961,80.2112579346,42843,42854,11
13.0091400146,80.2113418579,42854,42864,10
13.0089998245,80.2116622925,42864,42873,9
13.0091400146,80.212059021,42873,42884,11
13.009349823,80.2126235962,42884,42894,10
13.0095796585,80.213218689,42894,42905,11
13.0098800659,80.2139205933,42905,42915,10
13.010140419,80.21459198,42915,42925,10
13.0102396011,80.2152709961,42925,42935,10
13.0103797913,80.2159118652,42935,42945,10
13.0107498169,80.2166671753,42945,42955,10
13.0111303329,80.2174835205,42955,42965,10
13.0114297867,80.2183990479,42965,42975,10
13.0117502213,80.2193222046,42975,42985,10
13.0120401382,80.2202682495,42985,42995,10
13.0122995377,80.2209777832,42995,43004,9
13.0123100281,80.2212524414,43004,43016,12
13.0124797821,80.2215270996,43016,43026,10
13.0127897263,80.2220535278,43026,43036,10
13.013299942,80.2222824097,43036,43046,10
13.0136404037,80.2227935791,43046,43056,10
13.0140600204,80.2233123779,43056,43066,10
13.0144395828,80.223777771,43066,43076,10
13.0151796341,80.2246932983,43076,43096,20
13.0151796341,80.2246932983,43096,43106,10
13.0153903961,80.2250823975,43106,43116,10
13.0154495239,80.2253570557,43116,43127,11
13.0152196884,80.2258071899,43127,43137,10
13.0146598816,80.2260818481,43137,43147,10
13.0139799118,80.226348877,43147,43157,10
13.0132102966,80.2266387939,43157,43167,10
13.0123100281,80.2269821167,43167,43177,10
13.0114097595,80.2273406982,43177,43187,10
13.0106201172,80.2276611328,43187,43197,10
13.0098896027,80.2279434204,43197,43207,10
13.0094604492,80.2276687622,43207,43217,10
13.00963974,80.2272415161,43217,43227,10
13.0098800659,80.2267303467,43227,43238,11
13.0102996826,80.2258605957,43238,43248,10
13.0106801987,80.2251205444,43248,43258,10
13.0109596252,80.2243728638,43258,43268,10
13.0112104416,80.2234573364,43268,43278,10
13.0115098953,80.2226715088,43278,43288,10
13.0116596222,80.2220916748,43288,43298,10
13.0120000839,80.2217788696,43298,43308,10
13.0122098923,80.2215270996,43308,43318,10
13.0122203827,80.2211532593,43318,43328,10
13.0119600296,80.2204666138,43328,43338,10
13.0117397308,80.2197189331,43338,43348,10
13.0115098953,80.2189865112,43348,43359,11
13.0112400055,80.2182235718,43359,43369,10
13.0109701157,80.2175369263,43369,43378,9
13.0107097626,80.2169418335,43378,43389,11
13.0103902817,80.2163162231,43389,43399,10
13.0100402832,80.2156829834,43399,43408,9
13.0097799301,80.215171814,43408,43419,11
13.0093202591,80.2145614624,43419,43429,10
13.0088396072,80.2139205933,43429,43439,10
13.0083303452,80.213432312,43439,43490,51
13.0083303452,80.213432312,43490,43500,10
13.0080099106,80.2132797241,43500,43510,10
13.0077800751,80.2130889893,43510,43520,10
13.0077400208,80.2130432129,43520,43530,10
13.0075798035,80.2129516602,43530,43540,10
13.0073099136,80.2128601074,43540,43550,10
13.0068702698,80.2127838135,43550,43560,10
13.0062799454,80.2128372192,43560,43570,10
13.0058002472,80.2130203247,43570,43581,11
13.0050601959,80.2126235962,43581,43591,10
13.0044002533,80.2122573853,43591,43601,10
13.003780365,80.212059021,43601,43611,10
13.0036697388,80.2117233276,43611,43621,10
13.0036401749,80.2112579346,43621,43631,10
13.0036201477,80.2111434937,43631,43641,10
13.0035800934,80.2107086182,43641,43651,10
13.0035200119,80.2100830078,43651,43661,10
13.0034704208,80.2095184326,43661,43671,10
13.0031795502,80.2092666626,43671,43681,10
13.002579689,80.2089385986,43681,43691,10
13.0019397736,80.2085800171,43691,43702,11
13.0013599396,80.2082901001,43702,43712,10
13.0007696152,80.2079772949,43712,43721,9
13.000579834,80.207862854,43721,43732,11
13.0001802444,80.2078094482,43732,43742,10
12.9996595383,80.2077178955,43742,43752,10
12.9990797043,80.207572937,43752,43762,10
12.9985799789,80.2074432373,43762,43772,10
12.9983997345,80.2075424194,43772,43782,10
12.9982995987,80.2079162598,43782,43792,10
12.9982004166,80.208442688,43792,43802,10
12.9981498718,80.2089004517,43802,43813,11
12.9979000092,80.2092971802,43813,43823,10
12.9976396561,80.2097473145,43823,43833,10
12.9974098206,80.2102279663,43833,43843,10
12.9972600937,80.2104721069,43843,43853,10
12.9971399307,80.2104415894,43853,43863,10
12.9970598221,80.2104415894,43863,43873,10
12.9969100952,80.2104492188,43873,43883,10
12.9963903427,80.2104034424,43883,43893,10
12.9959497452,80.210357666,43893,43903,10
12.9954099655,80.210319519,43903,43913,10
12.9949903488,80.2102584839,43913,43934,21
12.9949903488,80.2102584839,43934,43944,10
12.994799614,80.2102279663,43944,43954,10
12.9943399429,80.2101974487,43954,43964,10
12.9937000275,80.2101364136,43964,43984,20
12.9937000275,80.2101364136,43984,43994,10
12.9934196472,80.2101593018,43994,44004,10
12.9931001663,80.2100830078,44004,44014,10
12.9925804138,80.2099380493,44014,44024,10
12.9922504425,80.2099227905,44024,44035,11
12.9916801453,80.2097930908,44035,44045,10
12.9914703369,80.2097320557,44045,44055,10
12.9912004471,80.2096710205,44055,44065,10
12.9908599854,80.2095718384,44065,44075,10
12.990650177,80.2097015381,44075,44085,10
12.9905500412,80.2098464966,44085,44095,10
12.9904003143,80.2102508545,44095,44105,10
12.9901599884,80.210899353,44105,44115,10
12.9900798798,80.2111434937,44115,44125,10
12.9899597168,80.2115020752,44125,44135,10
12.989780426,80.2120437622,44135,44146,11
12.989689827,80.2124099731,44146,44156,10
12.9895801544,80.2127990723,44156,44166,10
12.9895095825,80.2131576538,44166,44176,10
12.9893798828,80.213722229,44176,44186,10
12.9892902374,80.2141799927,44186,44196,10
12.989159584,80.2146911621,44196,44206,10
12.9891004562,80.2148284912,44206,44216,10
12.9888896942,80.2151031494,44216,44226,10
12.9886798859,80.215461731,44226,44236,10
12.988360405,80.215927124,44236,44246,10
12.9880304337,80.2164916992,44246,44256,10
12.9877796173,80.2172012329,44256,44267,11
12.9875297546,80.2179870605,44267,44277,10
12.9874000549,80.2183227539,44277,44287,10
12.9870500565,80.2183380127,44287,44297,10
12.9869403839,80.2183227539,44297,44307,10
12.9869003296,80.2182769775,44307,44317,10
12.9864902496,80.218170166,44317,44327,10
12.9857597351,80.2179870605,44327,44337,10
12.9848003387,80.2179718018,44337,44347,10
12.9840803146,80.2179718018,44347,44367,20
12.9840803146,80.2179718018,44367,44378,11
12.9836997986,80.2179336548,44378,44388,10
12.9830102921,80.2179794312,44388,44398,10
12.9821395874,80.2179870605,44398,44408,10
12.9811201096,80.2181930542,44408,44418,10
12.9802703857,80.2184524536,44418,44428,10
12.9795598984,80.2187271118,44428,44438,10
12.9789199829,80.219039917,44438,44448,10
12.9783096313,80.2192382813,44448,44458,10
12.9775695801,80.2195510864,44458,44468,10
12.9766597748,80.219909668,44468,44478,10
12.9757699966,80.2203216553,44478,44489,11
12.9755897522,80.2208633423,44489,45072,583
12.9755897522,80.2208633423,45072,45082,10
12.9757699966,80.2211380005,45082,45092,10
12.9760198593,80.2214431763,45092,45102,10
12.976269722,80.2218475342,45102,45112,10
12.9766197205,80.222328186,45112,45122,10
12.9769802094,80.2227630615,45122,45132,10
12.9773702621,80.2226715088,45132,45142,10
12.9774599075,80.2224502563,45142,45152,10
12.9774398804,80.2220306396,45152,45162,10
12.9774303436,80.2216415405,45162,45173,11
12.9773797989,80.2213516235,45173,45183,10
12.9770097733,80.221321106,45183,45193,10
12.9764404297,80.2212295532,45193,45203,10
12.9760904312,80.221282959,45203,45213,10
12.975859642,80.2211914063,45213,45223,10
12.9755401611,80.2209396362,45223,45243,20
12.9755401611,80.2209396362,45243,45253,10
12.975399971,80.2209472656,45253,45263,10
12.9753599167,80.2206573486,45263,45273,10
12.9756603241,80.2203521729,45273,45284,11
12.976269722,80.2200317383,45284,45294,10
12.9772796631,80.2198028564,45294,45304,10
12.9781599045,80.2194137573,45304,45314,10
12.9787797928,80.2191009521,45314,45324,10
12.9793596268,80.2188720703,45324,45334,10
12.9798002243,80.2186431885,45334,45344,10
12.9799604416,80.2185974121,45344,45354,10
12.9804697037,80.2184295654,45354,45364,10
12.981180191,80.218170166,45364,45374,10
12.982000351,80.2179412842,45374,45384,10
12.9825000763,80.2179031372,45384,45395,11
12.9830904007,80.217880249,45395,45405,10
12.9836902618,80.2178497314,45405,45415,10
12.9838199615,80.2178573608,45415,45425,10
12.98416996,80.217880249,45425,45435,10
12.9847698212,80.2178421021,45435,45445,10
12.9856004715,80.2178726196,45445,45455,10
12.9865198135,80.2180633545,45455,45465,10
12.9872503281,80.2181930542,45465,45475,10
12.9873600006,80.218208313,45475,45485,10
12.9874696732,80.2181015015,45485,45495,10
12.9875802994,80.2176818848,45495,45505,10
12.9877796173,80.2170791626,45505,45516,11
12.9880599976,80.2163925171,45516,45526,10
12.9882602692,80.2160568237,45526,45536,10
12.9884595871,80.2158203125,45536,45546,10
12.988699913,80.2154312134,45546,45556,10
12.9890403748,80.2148666382,45556,45566,10
12.989159584,80.2144699097,45566,45576,10
12.9893198013,80.2139205933,45576,45586,10
12.9894304276,80.2135009766,45586,45596,10
12.9894304276,80.2129211426,45596,45606,10
12.9895896912,80.2124786377,45606,45616,10
12.9897003174,80.2123413086,45616,45627,11
12.9897403717,80.2119064331,45627,45637,10
12.9899396896,80.211479187,45637,45647,10
12.9900798798,80.2110824585,45647,45657,10
12.9902496338,80.2108917236,45657,45667,10
12.9905195236,80.2101821899,45667,45677,10
12.9906301498,80.2097702026,45677,45687,10
12.9907398224,80.2096786499,45687,45697,10
12.9907503128,80.2096710205,45697,45707,10
12.9908704758,80.2097015381,45707,45717,10
12.991060257,80.2097015381,45717,45727,10
12.9914903641,80.2097473145,45727,45737,10
12.9916000366,80.209777832,45737,45754,17
12.9923200607,80.2099227905,45754,45766,12
12.9929800034,80.2099761963,45766,45775,9
12.9933395386,80.2100524902,45775,45786,11
12.9936599731,80.2100830078,45786,45797,11
12.9937496185,80.2100982666,45797,45807,10
12.9941196442,80.2101135254,45807,45817,10
12.9943704605,80.2101364136,45817,45827,10
12.9946403503,80.2101669312,45827,45837,10
12.9949798584,80.2101593018,45837,45847,10
12.9951496124,80.2101974487,45847,45858,11
12.9955301285,80.2102203369,45858,45868,10
12.9958600998,80.2102737427,45868,45878,10
12.996219635,80.2102966309,45878,45888,10
12.9964599609,80.210319519,45888,45897,9
12.9966402054,80.2103500366,45897,45907,10
12.9970397949,80.2104110718,45907,45928,21
12.9970397949,80.2104110718,45928,45938,10
12.9971904755,80.2106170654,45938,45948,10
12.9970903397,80.2110290527,45948,45958,10
12.9969902039,80.2116317749,45958,45969,11
12.9969396591,80.2122268677,45969,45979,10
12.9968900681,80.2124099731,45979,45989,10
12.9968395233,80.212890625,45989,45999,10
12.9967298508,80.2135009766,45999,46009,10
12.9966802597,80.213722229,46009,46019,10
12.9965896606,80.2141876221,46019,46029,10
12.9965000153,80.2146606445,46029,46039,10
12.9963903427,80.2150878906,46039,46049,10
12.9962596893,80.2155532837,46049,46059,10
12.9961595535,80.2158584595,46059,46069,10
12.9960899353,80.216217041,46069,46080,11
12.9961204529,80.2165603638,46080,46090,10
12.9963502884,80.216506958,46090,46100,10
12.9968004227,80.2164306641,46100,46110,10
12.9970397949,80.2163925171,46110,46120,10
12.9974098206,80.2160720825,46120,46130,10
12.9974403381,80.2160415649,46130,46140,10
12.9975795746,80.2159423828,46140,46150,10
12.9979400635,80.2156295776,46150,46160,10
12.9984502792,80.2152023315,46160,46170,10
12.9990501404,80.21484375,46170,46180,10
12.9992704391,80.2145996094,46180,46191,11
12.999710083,80.2142105103,46191,46201,10
13.0000896454,80.2138595581,46201,46211,10
13.0005197525,80.2134170532,46211,46221,10
13.0010499954,80.212928772,46221,46231,10
13.0015897751,80.2125091553,46231,46241,10
13.0020704269,80.2121734619,46241,46251,10
13.0024003983,80.2120437622,46251,46261,10
13.0029602051,80.2120132446,46261,46271,10
13.0034999847,80.2119293213,46271,46281,10
13.0036096573,80.2117996216,46281,46291,10
13.0036001205,80.2114028931,46291,46302,11
13.0035400391,80.2106170654,46302,46312,10
13.0034599304,80.2099380493,46312,46322,10
13.0034999847,80.2092590332,46322,46332,10
13.0037403107,80.2086410522,46332,46342,10
13.0044403076,80.2088470459,46342,46352,10
13.005279541,80.2092208862,46352,46362,10
13.0060501099,80.2094802856,46362,46371,9
13.0065698624,80.2096481323,46371,46382,11
13.0073795319,80.2098388672,46382,46412,30
13.0073795319,80.2098388672,46412,46423,11
13.0078201294,80.2098999023,46423,46433,10
13.0081195831,80.2097320557,46433,46443,10
13.0080003738,80.2090911865,46443,46453,10
13.007900238,80.2082366943,46453,46463,10
13.0077600479,80.2073364258,46463,46473,10
13.0076799393,80.2063827515,46473,46483,10
13.007519722,80.2054290771,46483,46493,10
13.0073795319,80.2046127319,46493,46503,10
13.0074396133,80.2037811279,46503,46513,10
13.0072803497,80.20287323,46513,46523,10
13.0066604614,80.2026062012,46523,46534,11
13.0066204071,80.2032470703,46534,46544,10
13.0072202682,80.2035827637,46544,46554,10
13.0079898834,80.2037277222,46554,46564,10
13.0089998245,80.2036514282,46564,46580,16
13.0108499527,80.2036209106,46580,46592,12
13.012260437,80.2038192749,46592,46602,10
13.0130300522,80.203956604,46602,46612,10
13.013589859,80.2041168213,46612,46622,10
13.0139799118,80.2041778564,46622,46632,10
13.0146598816,80.2044219971,46632,46642,10
13.0148601532,80.204498291,46642,46653,11
13.0150699615,80.2046279907,46653,46663,10
13.015540123,80.2047805786,46663,46673,10
13.016119957,80.2050476074,46673,46683,10
13.0164699554,80.2049789429,46683,46693,10
13.0168104172,80.2049102783,46693,46703,10
13.0173196793,80.2052536011,46703,46713,10
13.0175104141,80.205329895,46713,46723,10
13.0177297592,80.2054595947,46723,46733,10
13.0181798935,80.205657959,46733,46743,10
13.0186004639,80.2058334351,46743,46753,10
13.0186300278,80.2058334351,46753,46763,10
13.0189399719,80.2059707642,46763,46774,11
13.0194997787,80.2060775757,46774,46784,10
13.0201797485,80.206161499,46784,46794,10
13.0210103989,80.206237793,46794,46804,10
13.0215797424,80.206237793,46804,46814,10
13.0218896866,80.2062606812,46814,46824,10
13.0222902298,80.2063217163,46824,46834,10
13.0230302811,80.2064666748,46834,46844,10
13.023850441,80.2065963745,46844,46854,10
13.0244398117,80.2066574097,46854,46864,10
13.0244998932,80.2066879272,46864,46875,11
13.0250597,80.2068634033,46875,46891,16
13.0262699127,80.2074203491,46891,46903,12
13.0272102356,80.2080001831,46903,46913,10
13.0279798508,80.2084197998,46913,46923,10
13.028719902,80.2086334229,46923,46932,9
13.0294103622,80.2087631226,46932,46943,11
13.0298204422,80.2088623047,46943,46953,10
13.0300197601,80.2089385986,46953,46963,10
13.0305500031,80.2090606689,46963,46973,10
13.0311698914,80.2092437744,46973,46984,11
13.0315999985,80.209312439,46984,46994,10
13.0316896439,80.2092895508,46994,47004,10
13.0322504044,80.2095031738,47004,47014,10
13.032959938,80.2096481323,47014,47023,9
13.0336799622,80.209777832,47023,47034,11
13.0346002579,80.2100067139,47034,47044,10
13.0350103378,80.2103118896,47044,47054,10
13.0348997116,80.2108383179,47054,47064,10
13.0348796844,80.2112503052,47064,47074,10
13.0348796844,80.2112579346,47074,47084,10
13.034910202,80.211517334,47084,47095,11
13.0348901749,80.2121429443,47095,47105,10
13.0353603363,80.2121200562,47105,47115,10
13.0359601974,80.2121200562,47115,47125,10
13.0364398956,80.2119598389,47125,47135,10
13.0365200043,80.2120285034,47135,47145,10
13.0366601944,80.2121887207,47145,47155,10
13.0369195938,80.2122116089,47155,47165,10
13.0367898941,80.2122573853,47165,47175,10
13.0364704132,80.2124786377,47175,47185,10
13.036740303,80.2121963501,47185,47195,10
13.0369195938,80.2122116089,47195,47205,10
13.0374097824,80.2122421265,47205,47216,11
13.0382204056,80.2122268677,47216,47226,10
13.0391397476,80.2122573853,47226,47236,10
13.0402498245,80.212272644,47236,47246,10
13.0413799286,80.2122268677,47246,47256,10
13.0425100327,80.2122192383,47256,47266,10
13.0436601639,80.2121734619,47266,47276,10
13.0445203781,80.212272644,47276,47286,10
13.0454797745,80.2122421265,47286,47296,10
13.0463104248,80.2121582031,47296,47306,10
13.0471601486,80.2122879028,47306,47317,11
13.0478401184,80.2118988037,47317,47327,10
13.0490398407,80.2117462158,47327,47428,101
13.0490398407,80.2117462158,47428,47438,10
13.0525598526,80.2118682861,47438,47448,10
13.0534000397,80.2116394043,47448,47458,10
13.0544595718,80.2116088867,47458,47468,10
13.0548000336,80.211517334,47468,47478,10
13.0553798676,80.2124633789,47478,47549,71
13.0553798676,80.2124633789,47549,47559,10
13.0593395233,80.21144104,47559,47569,10
13.0599002838,80.2115325928,47569,47579,10
13.0606899261,80.2115097046,47579,47589,10
13.0617399216,80.2115707397,47589,47599,10
13.0625600815,80.2116165161,47599,47608,9
13.0632801056,80.2114715576,47608,47618,10
13.0635595322,80.211479187,47618,47679,61
13.0635595322,80.211479187,47679,47690,11
13.0660295486,80.2101821899,47690,47700,10
13.0660400391,80.2098236084,47700,47710,10
13.0673303604,80.2087020874,47710,47720,10
13.0676403046,80.2086334229,47720,47730,10
13.068110466,80.2086486816,47730,47781,51
13.068110466,80.2086486816,47781,47791,10
13.0696201324,80.2048721313,47791,47801,10
13.0691099167,80.2050094604,47801,47811,10
13.0687799454,80.2053604126,47811,47821,10
13.0681800842,80.2051620483,47821,48184,363
13.0681800842,80.2051620483,48184,48194,10
13.0680398941,80.205078125,48194,48487,293
13.0683002472,80.2050476074,48487,48568,81
13.0680398941,80.2052230835,48568,48658,90
13.0680904388,80.2052307129,48658,48790,132
13.0680904388,80.2052307129,48790,48800,10
13.0680704117,80.205116272,48800,48810,10
13.0680599213,80.2051086426,48810,48820,10
13.0682201385,80.2049484253,48820,48830,10
13.0685997009,80.2048416138,48830,48840,10
13.0688800812,80.204750061,48840,48850,10
13.0691604614,80.2046966553,48850,48860,10
13.0694503784,80.204750061,48860,48870,10
13.0697402954,80.2048721313,48870,48901,31
13.0697402954,80.2048721313,48901,48911,10
13.0697898865,80.2049484253,48911,48921,10
13.0696697235,80.2053604126,48921,48931,10
13.0692596436,80.2060165405,48931,48941,10
13.0687198639,80.2068786621,48941,48951,10
13.0681400299,80.2077789307,48951,48961,10
13.0676603317,80.2085266113,48961,48971,10
13.0674600601,80.2088623047,48971,48981,10
13.0670404434,80.2094192505,48981,48991,10
13.0663499832,80.2101211548,48991,49001,10
13.0654497147,80.2108612061,49001,49012,11
13.0644102097,80.2114868164,49012,49022,10
13.0637903214,80.2116470337,49022,49032,10
13.0636796951,80.2116622925,49032,49042,10
13.0632295609,80.2116928101,49042,49052,10
13.0624399185,80.2117385864,49052,49062,10
13.0614004135,80.2117462158,49062,49072,10
13.0602502823,80.211730957,49072,49082,10
13.0591201782,80.2116928101,49082,49092,10
13.0583496094,80.2116394043,49092,49102,10
13.0574903488,80.2116088867,49102,49112,10
13.0564002991,80.2115707397,49112,49122,10
13.0552396774,80.2115631104,49122,49133,11
13.0540704727,80.2116012573,49133,49149,16
13.0526103973,80.2119903564,49149,49161,12
13.0518798828,80.2121810913,49161,49171,10
13.0513095856,80.2120819092,49171,49191,20
13.0513095856,80.2120819092,49191,49200,9
13.051150322,80.2125167847,49200,49211,11
13.0511903763,80.2127380371,49211,49221,10
13.0509996414,80.2122421265,49221,49231,10
13.0506000519,80.2121505737,49231,49242,11
13.0497303009,80.2121582031,49242,49252,10
13.0491695404,80.2121582031,49252,49262,10
13.0486001968,80.2121963501,49262,49272,10
13.0478096008,80.212272644,49272,49282,10
13.046790123,80.2123184204,49282,49293,11
13.0452604294,80.2124176025,49293,49323,30
13.0452604294,80.2124176025,49323,49333,10
13.0450496674,80.2124099731,49333,49343,10
13.0447301865,80.2124176025,49343,49354,11
13.0441198349,80.212387085,49354,49364,10
13.0432701111,80.212348938,49364,49374,10
13.0426101685,80.2123336792,49374,49384,10
13.0420198441,80.2123565674,49384,49394,10
13.0411701202,80.2123413086,49394,49404,10
13.0402402878,80.2123413086,49404,49414,10
13.0392398834,80.2123794556,49414,49424,10
13.0381498337,80.2123565674,49424,49434,10
13.0377101898,80.2123718262,49434,49444,10
13.0376501083,80.2122802734,49444,49460,16
13.0375699997,80.2123413086,49460,49483,23
13.0375699997,80.2123413086,49483,49493,10
13.0375499725,80.2118377686,49493,49503,10
13.0375299454,80.2113189697,49503,49513,10
13.0373401642,80.2121124268,49513,49523,10
13.0370702744,80.2123565674,49523,49533,10
13.0363197327,80.2123184204,49533,49543,10
13.035610199,80.2123413086,49543,49553,10
13.0350904465,80.212310791,49553,49563,10
13.0349597931,80.2123031616,49563,49573,10
13.0351104736,80.2121124268,49573,49584,11
13.0348997116,80.2119827271,49584,49594,10
13.0340003967,80.2120132446,49594,49604,10
13.0330600739,80.2117996216,49604,49614,10
13.032119751,80.2117614746,49614,49624,10
13.0320396423,80.2111206055,49624,49634,10
13.0322303772,80.2102127075,49634,49644,10
13.0325098038,80.2097015381,49644,49654,10
13.0330295563,80.2098770142,49654,49664,10
13.0340003967,80.2099609375,49664,49674,10
13.0347204208,80.2099990845,49674,49684,10
13.0351600647,80.2097625732,49684,49695,11
13.0352096558,80.2091217041,49695,49705,10
13.0351495743,80.2085266113,49705,49715,10
13.035369873,80.2077713013,49715,49725,10
13.0354995728,80.2069168091,49725,49735,10
13.035610199,80.2061691284,49735,49745,10
13.0354700089,80.205947876,49745,49755,10
13.0354995728,80.2058868408,49755,49765,10
13.0353498459,80.205871582,49765,49795,30
13.0353498459,80.205871582,49795,49806,11
13.0354499817,80.2057113647,49806,49816,10
13.0354003906,80.2052612305,49816,49864,48
13.0354003906,80.2052612305,49864,49873,9
13.0351200104,80.2051696777,49873,49883,10
13.0347995758,80.205291748,49883,49895,12
13.0346298218,80.2053222656,49895,49905,10
13.0345201492,80.2052993774,49905,49915,10
13.0345201492,80.2054595947,49915,50350,435
13.0345401764,80.205406189,50350,50381,31
13.0345001221,80.2054367065,50381,50411,30
13.0343599319,80.2052230835,50411,50461,50
13.0345401764,80.2054595947,50461,50562,101
13.0345401764,80.2054595947,50562,50572,10
13.0345802307,80.2055664063,50572,50582,10
13.0345001221,80.2054519653,50582,50603,21
13.0345001221,80.2054519653,50603,50613,10
13.0347204208,80.2057189941,50613,50623,10
13.0349502563,80.205619812,50623,50633,10
13.0348396301,80.2059402466,50633,50643,10
13.0349302292,80.2058563232,50643,50653,10
13.0349798203,80.2058181763,50653,50764,111
13.0349798203,80.2058181763,50764,50774,10
13.0345802307,80.2058334351,50774,50784,10
13.0346403122,80.2055435181,50784,50794,10
13.034620285,80.2052612305,50794,50804,10
13.0343999863,80.2050323486,50804,50815,11
13.0342102051,80.2053222656,50815,50825,10
13.0342197418,80.205329895,50825,50835,10
13.0342597961,80.2054290771,50835,50845,10
13.0341997147,80.2054595947,50845,50855,10
13.0340299606,80.2055664063,50855,50865,10
13.0345497131,80.2053985596,50865,50875,10
13.0342597961,80.2055206299,50875,50986,111
13.0342597961,80.2055206299,50986,50996,10
13.0342798233,80.2055435181,50996,51006,10
13.0346403122,80.2056427002,51006,51016,10
13.0349397659,80.2052993774,51016,51026,10
13.0352296829,80.2051696777,51026,51036,10
13.0354404449,80.2049026489,51036,51047,11
13.0354795456,80.2058868408,51047,51067,20
13.0354795456,80.2058868408,51067,51077,10
13.0358200073,80.2058792114,51077,51087,10
13.0363702774,80.205657959,51087,51097,10
13.0355195999,80.205947876,51097,51107,10
13.0359802246,80.2061233521,51107,51117,10
13.0362901688,80.206237793,51117,51127,10
13.035490036,80.2061462402,51127,51137,10
13.0356302261,80.2062225342,51137,51147,10
13.0357103348,80.2063293457,51147,51158,11
13.0356302261,80.2069168091,51158,51168,10
13.0355701447,80.2077026367,51168,51178,10
13.0353403091,80.208366394,51178,51188,10
13.0351896286,80.2089309692,51188,51198,10
13.0351800919,80.2101516724,51198,51208,10
13.0350399017,80.2105484009,51208,51218,10
13.0348901749,80.2110595703,51218,51228,10
13.0350999832,80.2111206055,51228,51238,10
13.0350704193,80.210899353,51238,51248,10
13.0349597931,80.2106170654,51248,51258,10
13.0352401733,80.2110595703,51258,51289,31
13.0352401733,80.2110595703,51289,51299,10
13.0349597931,80.2118606567,51299,51309,10
13.0348300934,80.2120437622,51309,51329,20
13.0348300934,80.2120437622,51329,51339,10
13.0348796844,80.2120513916,51339,51349,10
13.0365495682,80.2119598389,51349,51410,61
13.0365495682,80.2119598389,51410,51420,10
13.0394897461,80.2123184204,51420,51430,10
13.0406198502,80.2126464844,51430,51976,546
13.0406198502,80.2126464844,51976,51986,10
13.0691404343,80.2049865723,51986,51996,10
13.0688199997,80.205368042,51996,52006,10
13.0684204102,80.2055435181,52006,52016,10
13.0682001114,80.2055892944,52016,52037,21
13.0682001114,80.2055892944,52037,52046,9
13.0678701401,80.2053833008,52046,52057,11
13.0678796768,80.205368042,52057,52067,10
13.0678195953,80.2054214478,52067,52077,10
13.0679197311,80.2054290771,52077,52087,10
13.0679197311,80.2054214478,52087,52097,10
13.067990303,80.2053527832,52097,52107,10
13.0679302216,80.2051620483,52107,52157,50
13.0679302216,80.2051620483,52157,52167,10
13.0678300858,80.2052688599,52167,52188,21
13.0678300858,80.2052688599,52188,52198,10
13.0680198669,80.2050018311,52198,52258,60
13.0680198669,80.2050018311,52258,52280,22
13.0679302216,80.205116272,52280,52293,13
13.0679502487,80.205078125,52293,52303,10
13.0679597855,80.2050094604,52303,52312,9
13.068110466,80.2049331665,52312,52324,12
13.0683298111,80.2049026489,52324,52334,10
13.0685195923,80.2048797607,52334,52344,10
13.068570137,80.2048797607,52344,52354,10
13.0688295364,80.2048034668,52354,52364,10
13.0691995621,80.2047271729,52364,52374,10
13.0694599152,80.2047576904,52374,52384,10
13.0697097778,80.2048187256,52384,52394,10
13.0697698593,80.2048568726,52394,52405,11
13.0698404312,80.2051773071,52405,52416,11
13.0695104599,80.2057037354,52416,52426,10
13.069149971,80.2062530518,52426,52436,10
13.0686798096,80.2070007324,52436,52446,10
13.0682697296,80.2076797485,52446,52456,10
13.0678300858,80.2083587646,52456,52465,9
13.06772995,80.2085266113,52465,52475,10
13.0676403046,80.2086410522,52475,52486,11
13.0673398972,80.2090988159,52486,52496,10
13.0669698715,80.2097015381,52496,52507,11
13.0662002563,80.2103271484,52507,52517,10
13.0655498505,80.2108612061,52517,52527,10
13.0650997162,80.2111968994,52527,52537,10
13.0650701523,80.2112426758,52537,52547,10
13.0647001266,80.2114868164,52547,52557,10
13.0642004013,80.2115478516,52557,52567,10
13.0640296936,80.2116317749,52567,52577,10
13.063750267,80.2116775513,52577,52587,10
13.0634298325,80.2117004395,52587,52597,10
13.0629701614,80.2117919922,52597,52607,10
13.0623703003,80.211807251,52607,52617,10
13.0615997314,80.2117919922,52617,52628,11
13.0606403351,80.2117233276,52628,52638,10
13.0598697662,80.2116012573,52638,52648,10
13.0588502884,80.211517334,52648,52658,10
13.0580797195,80.2114868164,52658,52668,10
13.0575199127,80.2115325928,52668,52678,10
13.0570898056,80.2114028931,52678,52718,40
13.0570898056,80.2114028931,52718,52729,11
13.0545301437,80.2114181519,52729,52739,10
13.0537204742,80.2116775513,52739,52749,10
13.0529603958,80.2118377686,52749,52759,10
13.0523195267,80.2118682861,52759,52769,10
13.0521097183,80.2121276855,52769,52779,10
13.0517101288,80.2119598389,52779,52789,10
13.0511903763,80.2118301392,52789,52840,51
13.0497903824,80.2122497559,52840,52860,20
13.0494604111,80.212348938,52860,53272,412
13.0494604111,80.212348938,53272,53281,9
13.0329704285,80.2115936279,53281,53291,10
13.0320901871,80.2116470337,53291,53302,11
13.0321702957,80.2108612061,53302,53312,10
13.0322999954,80.2101821899,53312,53322,10
13.0316295624,80.2095489502,53322,53332,10
13.0309801102,80.2094116211,53332,53342,10
13.0305204391,80.2095031738,53342,53352,10
13.0300397873,80.2097167969,53352,53463,111
13.0300397873,80.2097167969,53463,53473,10
13.0267601013,80.2078170776,53473,53483,10
13.0257997513,80.2072296143,53483,53493,10
13.0248298645,80.2070007324,53493,53503,10
13.0239496231,80.2068023682,53503,53513,10
13.0232896805,80.206413269,53513,53524,11
13.0225801468,80.2063369751,53524,53534,10
13.0213098526,80.2063674927,53534,53544,10
13.0205001831,80.2063903809,53544,53554,10
13.0194196701,80.2064285278,53554,53564,10
13.0189800262,80.2063903809,53564,53574,10
13.0185403824,80.2064819336,53574,53635,61
13.0185403824,80.2064819336,53635,53645,10
13.0162000656,80.2055587769,53645,53695,50
13.0162000656,80.2055587769,53695,53705,10
13.0135602951,80.2046508789,53705,53715,10
13.0135402679,80.2037963867,53715,53746,31
13.0135402679,80.2037963867,53746,53756,10
13.0128002167,80.207611084,53756,53765,9
13.0128898621,80.2080535889,53765,53776,11
13.0129499435,80.2085571289,53776,53786,10
13.0129003525,80.2088699341,53786,53796,10
13.0128898621,80.2092285156,53796,53806,10
13.0131902695,80.2101974487,53806,53816,10
13.0130796432,80.2107009888,53816,53826,10
13.0128602982,80.2112197876,53826,53836,10
13.0122900009,80.2121124268,53836,53846,10
13.0122203827,80.2121429443,53846,53857,11
13.0115604401,80.2120132446,53857,54028,171
13.0115604401,80.2120132446,54028,54038,10
13.0105695724,80.2162780762,54038,54048,10
13.0114202499,80.2182235718,54048,54210,162
13.0114202499,80.2182235718,54210,54220,10
13.0097503662,80.2150115967,54220,54230,10
13.0094404221,80.2144012451,54230,54240,10
13.0091695786,80.2136688232,54240,54250,10
13.0085802078,80.2135772705,54250,54260,10
13.0083198547,80.2134933472,54260,54270,10
13.0083904266,80.2126693726,54270,54371,101
13.0034999847,80.2119979858,54371,54412,41
13.0034999847,80.2119979858,54412,54422,10
13.0032396317,80.2095718384,54422,54432,10
13.0034799576,80.2093276978,54432,54442,10
13.0036697388,80.2091522217,54442,54452,10
13.0031099319,80.2089767456,54452,54462,10
13.0025596619,80.2087631226,54462,54472,10
13.001660347,80.2085494995,54472,54482,10
13.0010004044,80.2080535889,54482,54492,10
13.0004396439,80.2078018188,54492,54502,10
13.0000295639,80.2077026367,54502,54512,10
12.9995803833,80.2076263428,54512,54523,11
12.9991798401,80.2075881958,54523,54533,10
12.9991598129,80.2076873779,54533,54603,70
12.9991598129,80.2076873779,54603,54613,10
12.9979095459,80.2089614868,54613,54623,10
12.9979000092,80.2092895508,54623,54633,10
12.9975595474,80.2098007202,54633,54644,11
12.9973297119,80.2103805542,54644,54654,10
12.9971199036,80.2104721069,54654,54664,10
12.9970998764,80.2104721069,54664,54674,10
12.9967803955,80.2103805542,54674,54684,10
12.9963102341,80.2103805542,54684,54694,10
12.9957304001,80.2103424072,54694,54704,10
12.9952096939,80.2102737427,54704,54714,10
12.9947004318,80.2102279663,54714,54724,10
12.9941997528,80.2101821899,54724,54734,10
12.9937496185,80.2101898193,54734,54744,10
12.9935398102,80.2101364136,54744,54755,11
12.9934997559,80.2098693848,54755,54765,10
12.9934797287,80.2095718384,54765,54775,10
12.9925403595,80.2099685669,54775,54785,10
12.9920196533,80.2098770142,54785,54795,10
12.9914703369,80.2097702026,54795,54805,10
12.991060257,80.2096633911,54805,54815,10
12.9907102585,80.2096633911,54815,54825,10
12.9906797409,80.2096633911,54825,54835,10
12.9905500412,80.2097167969,54835,54845,10
12.990480423,80.2099609375,54845,54855,10
12.9904203415,80.2101898193,54855,54865,10
12.9903202057,80.2103424072,54865,54876,11
12.9901599884,80.2108612061,54876,54886,10
12.9900999069,80.2112197876,54886,54896,10
12.9901399612,80.2115020752,54896,54906,10
12.9897298813,80.2123184204,54906,54916,10
12.9896001816,80.2127304077,54916,54926,10
12.9895601273,80.2131118774,54926,54936,10
12.9895496368,80.2134628296,54936,54946,10
12.9894504547,80.2135696411,54946,54956,10
12.9890003204,80.2140731812,54956,54966,10
12.9891195297,80.2147674561,54966,54976,10
12.9887895584,80.2154006958,54976,54987,11
12.9882698059,80.2160263062,54987,54997,10
12.9879398346,80.2167205811,54997,55007,10
12.9877004623,80.2174377441,55007,55023,16
12.987449646,80.2181396484,55023,55035,12
12.987739563,80.2182235718,55035,55045,10
12.9879598618,80.2182006836,55045,55055,10
12.9869298935,80.21824646,55055,55065,10
12.9866800308,80.218170166,55065,55075,10
12.9860696793,80.2180480957,55075,55085,10
12.985159874,80.2179336548,55085,55096,11
12.9842700958,80.2179718018,55096,55106,10
12.9839801788,80.2179718018,55106,55116,10
12.9840202332,80.217956543,55116,55126,10
12.9837598801,80.2180023193,55126,55136,10
12.9832601547,80.2180023193,55136,55146,10
12.9824104309,80.2180023193,55146,55156,10
12.9815502167,80.2180328369,55156,55166,10
12.9805002213,80.2182922363,55166,55176,10
12.9796199799,80.2185211182,55176,55186,10
12.9789400101,80.2188262939,55186,55196,10
12.9786996841,80.2190475464,55196,55207,11
12.9783601761,80.2194137573,55207,55217,10
12.9783000946,80.2194671631,55217,55227,10
12.9762201309,80.2202224731,55227,55237,10
12.9756603241,80.2205505371,55237,55247,10
12.9753904343,80.220741272,55247,55257,10
12.9756803513,80.2209777832,55257,55267,10
12.9760398865,80.2211608887,55267,56147,880
12.9760398865,80.2211608887,56147,56157,10
12.9887695313,80.2155380249,56157,56167,10
12.9888401031,80.215133667,56167,56308,141
12.9888401031,80.215133667,56308,56318,10
12.9907903671,80.2095413208,56318,56328,10
12.9908599854,80.2096405029,56328,56339,11
12.9912996292,80.2095489502,56339,56349,10
12.9918003082,80.2094421387,56349,56436,87
12.9955501556,80.2100524902,56436,56528,92
12.9955501556,80.2100524902,56528,56538,10
12.9972496033,80.2117919922,56538,56548,10
12.9975404739,80.2119674683,56548,56559,11
12.997759819,80.2121200562,56559,56569,10
12.9968395233,80.2137298584,56569,56579,10
12.9965496063,80.2141113281,56579,56589,10
12.9964599609,80.2146224976,56589,56609,20
12.9964599609,80.2146224976,56609,56619,10
12.9963703156,80.2148284912,56619,56629,10
12.9962396622,80.2158508301,56629,56639,10
12.9961004257,80.2162475586,56639,56649,10
12.9960699081,80.2164230347,56649,56659,10
12.9961299896,80.2165527344,56659,56669,10
12.9967899323,80.216217041,56669,56680,11
12.9973602295,80.2163696289,56680,56690,10
12.9975700378,80.2161331177,56690,56700,10
12.9974603653,80.2157592773,56700,56710,10
12.9974498749,80.2152481079,56710,56720,10
12.9974498749,80.2152023315,56720,56730,10
12.9986400604,80.2145462036,56730,56740,10
12.9990596771,80.2146835327,56740,56750,10
12.9993696213,80.2145690918,56750,56781,31
12.9993696213,80.2145690918,56781,56791,10
13.0012998581,80.2132492065,56791,56801,10
13.0016803741,80.2138214111,56801,56851,50
13.0016803741,80.2138214111,56851,56861,10
13.003660202,80.2119064331,56861,56871,10
13.0039396286,80.211807251,56871,56881,10
13.0037202835,80.2113571167,56881,56892,11
13.0037202835,80.2106781006,56892,56902,10
13.0034999847,80.2089996338,56902,56922,20
13.0034999847,80.2089996338,56922,56932,10
13.0047597885,80.2090606689,56932,56942,10
13.0064697266,80.2097930908,56942,57063,121
13.0064697266,80.2097930908,57063,57073,10
13.0074300766,80.2062988281,57073,57083,10
13.0068798065,80.2045822144,57083,57184,101
13.0068798065,80.2045822144,57184,57194,10
13.0105199814,80.2036514282,57194,57204,10
13.0117797852,80.2037277222,57204,57215,11
13.0137300491,80.2038192749,57215,57235,20
13.0137300491,80.2038192749,57235,57245,10
13.0147304535,80.2045593262,57245,57255,10
13.0153598785,80.2047271729,57255,57265,10
13.0153999329,80.2047424316,57265,57275,10
13.0152997971,80.2048110962,57275,57285,10
13.0152702332,80.2048187256,57285,57295,10
13.0166902542,80.2052307129,57295,57305,10
13.0172996521,80.2053909302,57305,57315,10
13.0173797607,80.2054901123,57315,57326,11
13.0175895691,80.2054214478,57326,60595,3269
13.0659198761,80.2111968994,60595,60837,242
13.0520200729,80.2121505737,60837,61402,565
13.0520200729,80.2121505737,61402,61412,10
13.0304698944,80.2091598511,61412,61755,343
13.0304698944,80.2091598511,61755,61765,10
13.0136003494,80.2046585083,61765,61775,10
13.0139503479,80.2041625977,61775,61795,20
13.0139503479,80.2041625977,61795,61805,10
13.0131196976,80.2068405151,61805,61815,10
13.0133600235,80.2075119019,61815,61826,11
13.0128602982,80.2082138062,61826,61836,10
13.0128803253,80.2086715698,61836,61846,10
13.0129098892,80.2089233398,61846,61856,10
13.0129499435,80.2092208862,61856,61866,10
13.012960434,80.2092819214,61866,61876,10
13.0131702423,80.2103805542,61876,61886,10
13.0130395889,80.2110214233,61886,61896,10
13.0126800537,80.2116775513,61896,61906,10
13.0122995377,80.2122802734,61906,61916,10
