12.997300148,80.2571029663,13,709,696
12.9973897934,80.2571029663,709,3110,2401
12.9974403381,80.2570800781,3110,5948,2838
12.9974603653,80.2571105957,5948,6260,312
12.9974603653,80.2571105957,6260,6270,10
12.9975404739,80.257019043,6270,7027,757
12.9974098206,80.2570877075,7027,7915,888
12.9973602295,80.2570800781,7915,8551,636
12.9973697662,80.2570419312,8551,8732,181
12.9974002838,80.2571792603,8732,9005,273
12.9972801208,80.2571182251,9005,9328,323
12.9974498749,80.2572174072,9328,9671,343
12.9974498749,80.2572174072,9671,9681,10
12.9972400665,80.2571868896,9681,10085,404
12.9972400665,80.2571868896,10085,10095,10
12.9974002838,80.2570495605,10095,10196,101
12.9972696304,80.2571334839,10196,11144,948
12.9972696304,80.2571334839,11144,11154,10
12.9973602295,80.2572174072,11154,13584,2430
12.9974899292,80.2569503784,13584,16127,2543
12.9973802567,80.2570724487,16127,18671,2544
12.9973802567,80.2571411133,18671,18792,121
12.9973497391,80.2570037842,18792,18923,131
12.9974298477,80.2570571899,18923,19387,464
12.9974298477,80.2570571899,19387,19397,10
12.9973297119,80.2571334839,19397,19518,121
12.9971399307,80.2571563721,19518,19829,311
12.9971704483,80.2571868896,19829,19990,161
12.9972000122,80.2570571899,19990,21020,1030
12.9970903397,80.2571868896,21020,21282,262
12.9970998764,80.2571563721,21282,22180,898
12.997130394,80.2570800781,22180,23038,858
12.997130394,80.2570800781,23038,23048,10
12.9975404739,80.2570877075,23048,23058,10
12.9975996017,80.2568893433,23058,23108,50
12.997759819,80.2565307617,23108,23149,41
12.997759819,80.2565307617,23149,23159,10
12.9977703094,80.2562789917,23159,23250,91
12.9977703094,80.2562789917,23250,23260,10
12.9975996017,80.2559432983,23260,23270,10
12.9972801208,80.2559204102,23270,23280,10
12.9969701767,80.2561569214,23280,23290,10
12.9969701767,80.2561569214,23290,23300,10
12.996919632,80.2564468384,23300,23310,10
12.9968595505,80.2569580078,23310,23320,10
12.9968204498,80.2574920654,23320,23330,10
12.9967298508,80.2581787109,23330,23341,11
12.9966402054,80.2589416504,23341,23351,10
12.9965496063,80.2595825195,23351,23362,11
12.9964504242,80.2604064941,23362,23373,11
12.9964103699,80.2610931396,23373,23382,9
12.9963502884,80.2615814209,23382,23393,11
12.9962797165,80.2621612549,23393,23403,10
12.9961996078,80.262840271,23403,23413,10
12.9961004257,80.2634887695,23413,23423,10
12.9960298538,80.2642593384,23423,23433,10
12.9959602356,80.2649917603,23433,23443,10
12.9958600998,80.2658004761,23443,23454,11
12.995759964,80.2667617798,23454,23464,10
12.9956798553,80.2674865723,23464,23474,10
12.9959602356,80.2676773071,23474,23484,10
12.9965295792,80.2677383423,23484,23494,10
12.9972400665,80.2676086426,23494,23504,10
12.9979600906,80.2674179077,23504,23514,10
12.9987802505,80.2671890259,23514,23524,10
12.9996500015,80.2669525146,23524,23534,10
13.0000896454,80.2665863037,23534,23544,10
13.0002803802,80.2665023804,23544,23554,10
13.0003299713,80.2666473389,23554,23565,11
13.0003204346,80.2666702271,23565,23575,10
13.0000801086,80.2668991089,23575,23585,10
12.9995698929,80.2670211792,23585,23595,10
12.9988603592,80.2671966553,23595,23605,10
12.9981002808,80.2674026489,23605,23615,10
12.9973096848,80.267616272,23615,23625,10
12.9963598251,80.2677307129,23625,23635,10
12.9957199097,80.2676620483,23635,23645,10
12.9956703186,80.2674102783,23645,23655,10
12.9956998825,80.2673110962,23655,23665,10
12.9957504272,80.2669219971,23665,23676,11
12.9958295822,80.2661514282,23676,23686,10
12.995929718,80.2652435303,23686,23696,10
12.9960403442,80.264289856,23696,23706,10
12.9961500168,80.2632598877,23706,23716,10
12.996219635,80.2625808716,23716,23726,10
12.9962797165,80.2621078491,23726,23736,10
12.9963798523,80.26146698,23736,23746,10
12.9964799881,80.2605819702,23746,23756,10
12.9965600967,80.2595977783,23756,23766,10
12.9966497421,80.2586364746,23766,23776,10
12.9967403412,80.257522583,23776,23787,11
12.9968900681,80.2565612793,23787,23797,10
12.996919632,80.256149292,23797,23817,20
12.996919632,80.256149292,23817,23827,10
12.9969997406,80.2558364868,23827,23837,10
12.9973802567,80.255859375,23837,23847,10
12.9980401993,80.2559204102,23847,23857,10
12.9986896515,80.2560272217,23857,23867,10
12.9993696213,80.256111145,23867,23877,10
12.9998998642,80.2562179565,23877,23887,10
13.0006399155,80.2563705444,23887,23898,11
13.0017700195,80.2565612793,23898,23908,10
13.002869606,80.256729126,23908,23918,10
13.0039596558,80.2569732666,23918,23928,10
13.0050802231,80.2571563721,23928,23938,10
13.005979538,80.2573013306,23938,23948,10
13.0062904358,80.2573928833,23948,23958,10
13.0065202713,80.2572402954,23958,23968,10
13.0065002441,80.2566604614,23968,23978,10
13.0065097809,80.255821228,23978,23988,10
13.0065498352,80.2548522949,23988,23998,10
13.0065498352,80.2539672852,23998,24009,11
13.0066299438,80.2528610229,24009,24019,10
13.0067195892,80.251991272,24019,24059,40
13.0067195892,80.251991272,24059,24069,10
13.0067996979,80.2516403198,24069,24079,10
13.0068502426,80.2510070801,24079,24089,10
13.0068702698,80.2500762939,24089,24099,10
13.0068502426,80.2489624023,24099,24109,10
13.0067300797,80.248046875,24109,24119,10
13.0067195892,80.2477722168,24119,24130,11
13.0067195892,80.2476119995,24130,24140,10
13.0067100525,80.2472381592,24140,24150,10
13.0066204071,80.2465667725,24150,24170,20
13.0066204071,80.2465667725,24170,24180,10
13.0066604614,80.2463531494,24180,24190,10
13.0066795349,80.2457809448,24190,24200,10
13.0066604614,80.2449417114,24200,24210,10
13.0066795349,80.2439880371,24210,24220,10
13.0066604614,80.2431793213,24220,24231,11
13.0066299438,80.2421569824,24231,24241,10
13.0066204071,80.2411117554,24241,24251,10
13.0067300797,80.2403335571,24251,24261,10
13.0068998337,80.2394485474,24261,24271,10
13.0071401596,80.2384567261,24271,24281,10
13.007349968,80.2374801636,24281,24291,10
13.0074300766,80.2367706299,24291,24301,10
13.0074901581,80.2366027832,24301,24311,10
13.0075702667,80.2363586426,24311,24321,10
13.0076704025,80.2358703613,24321,24331,10
13.0078296661,80.2351226807,24331,24340,9
13.0079898834,80.2343063354,24340,24352,12
13.0082397461,80.2329864502,24352,24362,10
13.0084695816,80.2317962646,24362,24372,10
13.0086698532,80.2305984497,24372,24382,10
13.0089101791,80.2294387817,24382,24392,10
13.0091600418,80.2283096313,24392,24402,10
13.0095996857,80.2272567749,24402,24412,10
13.0100803375,80.2262191772,24412,24422,10
13.0105600357,80.2252807617,24422,24432,10
13.0109996796,80.2242279053,24432,24442,10
13.0114202499,80.2231216431,24442,24452,10
13.0116901398,80.2220687866,24452,24462,10
13.0122299194,80.2213973999,24462,24473,11
13.012550354,80.2217712402,24473,24483,10
13.0130596161,80.222366333,24483,24493,10
13.0136995316,80.2230834961,24493,24503,10
13.0143499374,80.2238616943,24503,24513,10
13.0149898529,80.2245025635,24513,24523,10
13.0153799057,80.224899292,24523,24533,10
13.0154600143,80.2249679565,24533,24543,10
13.0157499313,80.2252426147,24543,24553,10
13.016500473,80.2253265381,24553,24563,10
13.0174798965,80.224937439,24563,24574,11
13.0186195374,80.2244720459,24574,24584,10
13.0192604065,80.224281311,24584,24594,10
13.0193195343,80.224319458,24594,24604,10
13.0196695328,80.2245101929,24604,24614,10
13.0202503204,80.2249298096,24614,24624,10
13.0209703445,80.2254562378,24624,24634,10
13.0216197968,80.2259597778,24634,24644,10
13.0221204758,80.226348877,24644,24654,10
13.0227403641,80.2268829346,24654,24664,10
13.0234203339,80.2275238037,24664,24674,10
13.0239601135,80.2280197144,24674,24685,11
13.0242099762,80.2282867432,24685,24695,10
13.0245704651,80.2287979126,24695,24705,10
13.0250701904,80.2294387817,24705,24715,10
13.0255899429,80.2301177979,24715,24725,10
13.0259199142,80.230758667,24725,24735,10
13.0260000229,80.2312088013,24735,24745,10
13.026309967,80.2312698364,24745,24755,10
13.0270395279,80.2311019897,24755,24765,10
13.0278596878,80.2309494019,24765,24775,10
13.028380394,80.2308883667,24775,24785,10
13.0284004211,80.2308883667,24785,24796,11
13.028719902,80.2308731079,24796,24806,10
13.029250145,80.2308273315,24806,24822,16
13.0299196243,80.2307662964,24822,24834,12
13.0306196213,80.2306976318,24834,24842,8
13.030670166,80.230506897,24842,24853,11
13.0305500031,80.2298812866,24853,24865,12
13.0303096771,80.2291183472,24865,24875,10
13.0303497314,80.2284011841,24875,24885,10
13.0303897858,80.2282028198,24885,24895,10
13.0304403305,80.2278289795,24895,24906,11
13.0302400589,80.2274780273,24906,24916,10
13.0296401978,80.2273712158,24916,24926,10
13.0288095474,80.2272109985,24926,24937,11
13.028260231,80.2271118164,24937,24947,10
13.0279302597,80.2269973755,24947,24957,10
13.0279302597,80.2265625,24957,24967,10
13.0281095505,80.2257995605,24967,24977,10
13.0283002853,80.2249603271,24977,24987,10
13.0284996033,80.2241210938,24987,24997,10
13.0287799835,80.2239685059,24997,25007,10
13.0288696289,80.224029541,25007,25018,11
13.0292196274,80.2242736816,25018,25028,10
13.0298700333,80.224281311,25028,25038,10
13.0304298401,80.224319458,25038,25048,10
13.0310401917,80.224281311,25048,25058,10
13.031129837,80.2238693237,25058,25068,10
13.0311899185,80.2232818604,25068,25078,10
13.0312404633,80.2231216431,25078,25088,10
13.0313901901,80.2226486206,25088,25098,10
13.0316400528,80.2220077515,25098,25108,10
13.0319795609,80.2211990356,25108,25118,10
13.0321598053,80.2203598022,25118,25129,11
13.0321798325,80.220161438,25129,25139,10
13.0321998596,80.2197799683,25139,25149,10
13.0322303772,80.219581604,25149,25159,10
13.0322399139,80.2191085815,25159,25169,10
13.0320796967,80.2184829712,25169,25179,10
13.0315303802,80.2181777954,25179,25189,10
13.0314998627,80.2174224854,25189,25199,10
13.0313997269,80.217010498,25199,25209,10
13.0311203003,80.2169799805,25209,25219,10
13.0306596756,80.2169723511,25219,25229,10
13.0304803848,80.2167282104,25229,25240,11
13.0304803848,80.2165603638,25240,25250,10
13.0304403305,80.2163619995,25250,25260,10
13.0303602219,80.2159423828,25260,25270,10
13.0303602219,80.2151489258,25270,25280,10
13.030380249,80.2145614624,25280,25290,10
13.0304203033,80.2143173218,25290,25300,10
13.0304899216,80.2137527466,25300,25310,10
13.0305299759,80.2135009766,25310,25320,10
13.0305700302,80.2130966187,25320,25330,10
13.0306596756,80.212387085,25330,25340,10
13.0307703018,80.2116928101,25340,25351,11
13.0308504105,80.2113189697,25351,25361,10
13.0308904648,80.2109985352,25361,25371,10
13.0309400558,80.2105407715,25371,25381,10
13.0309801102,80.2101669312,25381,25391,10
13.0307998657,80.2100524902,25391,25401,10
13.0303297043,80.2098770142,25401,25411,10
13.0300397873,80.2096328735,25411,25421,10
13.0301399231,80.2092208862,25421,25431,10
13.0302200317,80.2090530396,25431,25441,10
13.0306797028,80.2090911865,25441,25451,10
13.0312595367,80.2092819214,25451,25462,11
13.0318698883,80.2094497681,25462,25472,10
13.0320196152,80.2095184326,25472,25482,10
13.032699585,80.2096633911,25482,25492,10
13.0334701538,80.2098007202,25492,25502,10
13.034620285,80.2099609375,25502,25512,10
13.0351600647,80.2095794678,25512,25522,10
13.035200119,80.2091598511,25522,25532,10
13.0352602005,80.2086715698,25532,25542,10
13.0353002548,80.2085800171,25542,25552,10
13.0353498459,80.2082901001,25552,25562,10
13.0354299545,80.2076263428,25562,25573,11
13.0355596542,80.2066421509,25573,25583,10
13.0356903076,80.2056732178,25583,25593,10
13.0357398987,80.2052993774,25593,25603,10
13.0357999802,80.2050323486,25603,25613,10
13.0358896255,80.2044067383,25613,25623,10
13.0360097885,80.2036819458,25623,25633,10
13.0361404419,80.2027511597,25633,25643,10
13.0362701416,80.2017974854,25643,25653,10
13.0363101959,80.2015304565,25653,25663,10
13.0363397598,80.2013168335,25663,25673,10
13.0364303589,80.2007827759,25673,25684,11
13.0365800858,80.199836731,25684,25694,10
13.0367202759,80.1987915039,25694,25704,10
13.0368299484,80.1979827881,25704,25714,10
13.0369796753,80.1970672607,25714,25724,10
13.0370702744,80.1963195801,25724,25734,10
13.0371103287,80.1961135864,25734,25744,10
13.0372200012,80.1955108643,25744,25754,10
13.0373497009,80.1946563721,25754,25764,10
13.0374803543,80.1936416626,25764,25774,10
13.0376596451,80.192817688,25774,25784,10
13.0381603241,80.192779541,25784,25795,11
13.0386695862,80.1928787231,25795,25805,10
13.038860321,80.1929016113,25805,25815,10
13.0392799377,80.1929931641,25815,25825,10
13.0397796631,80.1930618286,25825,25835,10
13.0402498245,80.1931533813,25835,25845,10
13.0410003662,80.1932830811,25845,25855,10
13.041560173,80.1934509277,25855,25865,10
13.0416603088,80.1939163208,25865,25875,10
13.0416002274,80.1946182251,25875,25885,10
13.0415201187,80.1955413818,25885,25895,10
13.0414600372,80.1961364746,25895,25906,11
13.0413799286,80.1967010498,25906,25916,10
13.0413198471,80.1972198486,25916,25936,20
13.0413198471,80.1972198486,25936,25946,10
13.0412597656,80.1978225708,25946,25956,10
13.0411596298,80.1985015869,25956,25966,10
13.0410404205,80.1991577148,25966,25976,10
13.0410404205,80.199180603,25976,25986,10
13.0409898758,80.1995925903,25986,25996,10
13.0409297943,80.2001419067,25996,26006,10
13.0408000946,80.2009811401,26006,26017,11
13.0406999588,80.2017288208,26017,26027,10
13.0406303406,80.2020721436,26027,26037,10
13.0405101776,80.20262146,26037,26047,10
13.0403699875,80.2034683228,26047,26057,10
13.0402498245,80.2043991089,26057,26067,10
13.0402297974,80.2049865723,26067,26077,10
13.0406398773,80.205078125,26077,26087,10
13.041179657,80.2051773071,26087,26097,10
13.0415496826,80.2052536011,26097,26107,10
13.0422401428,80.2053375244,26107,26117,10
13.0427904129,80.2058029175,26117,26128,11
13.0433702469,80.2066268921,26128,26138,10
13.0438203812,80.20728302,26138,26148,10
13.0440998077,80.2080535889,26148,26158,10
13.0441598892,80.2088775635,26158,26168,10
13.0441799164,80.2090682983,26168,26178,10
13.0441904068,80.2094192505,26178,26188,10
13.0441999435,80.2100906372,26188,26198,10
13.0442304611,80.2110214233,26198,26208,10
13.044260025,80.211807251,26208,26218,10
13.044380188,80.2122421265,26218,26228,10
13.0449495316,80.2122268677,26228,26239,11
13.0458698273,80.2121887207,26239,26249,10
13.0468196869,80.2121429443,26249,26259,10
13.04708004,80.2120132446,26259,26269,10
13.0470695496,80.2119369507,26269,26279,10
13.0470504761,80.2115783691,26279,26289,10
13.0470399857,80.2110137939,26289,26299,10
13.0472202301,80.2107696533,26299,26309,10
13.0478096008,80.2107925415,26309,26319,10
13.0485696793,80.2108001709,26319,26329,10
13.0493402481,80.2108306885,26329,26345,16
13.049659729,80.2102584839,26345,26358,13
13.049539566,80.2094268799,26358,26368,10
13.0494403839,80.2088394165,26368,26378,10
13.0491504669,80.207862854,26378,26387,9
13.0489501953,80.2073287964,26387,26398,11
13.0488195419,80.2069168091,26398,26408,10
13.0488901138,80.2068710327,26408,26418,10
13.0491199493,80.2070388794,26418,26751,333
13.0491800308,80.2071914673,26751,26802,51
13.0491800308,80.2071914673,26802,26812,10
13.0490503311,80.207572937,26812,26822,10
13.0491695404,80.2079467773,26822,26832,10
13.0493297577,80.2084579468,26832,26842,10
13.0494403839,80.2090835571,26842,26852,10
13.0495901108,80.2098312378,26852,26862,10
13.0496702194,80.2105102539,26862,26872,10
13.0497703552,80.2112197876,26872,26882,10
13.0498504639,80.2119674683,26882,26892,10
13.0496501923,80.2121582031,26892,26913,21
13.0496501923,80.2121582031,26913,26923,10
13.0494804382,80.2121582031,26923,26933,10
13.0490903854,80.2121505737,26933,26943,10
13.048620224,80.2121963501,26943,26953,10
13.048119545,80.2122192383,26953,26963,10
13.0473299026,80.2122879028,26963,26973,10
13.0463600159,80.2123336792,26973,26983,10
13.0453996658,80.2123565674,26983,26993,10
13.0448904037,80.2123718262,26993,27044,51
13.0448904037,80.2123718262,27044,27054,10
13.0446996689,80.2123794556,27054,27064,10
13.0443201065,80.212272644,27064,27074,10
13.0442199707,80.2116012573,27074,27084,10
13.0441999435,80.2106933594,27084,27094,10
13.0441503525,80.2096633911,27094,27104,10
13.0441303253,80.2091522217,27104,27114,10
13.0441198349,80.2090835571,27114,27124,10
13.0441398621,80.2087402344,27124,27135,11
13.044090271,80.2079772949,27135,27145,10
13.0437602997,80.2071380615,27145,27155,10
13.0431900024,80.2063369751,27155,27164,9
13.0426597595,80.2056427002,27164,27175,11
13.0419197083,80.2052993774,27175,27185,10
13.0411996841,80.2051773071,27185,27195,10
13.0410699844,80.2051696777,27195,27205,10
13.0408096313,80.2051086426,27205,27215,10
13.0403604507,80.2050476074,27215,27225,10
13.0398397446,80.2049713135,27225,27235,10
13.0392398834,80.2048797607,27235,27246,11
13.038479805,80.2047729492,27246,27256,10
13.0381498337,80.2046585083,27256,27265,9
13.0381803513,80.2042770386,27265,27276,11
13.0382404327,80.20362854,27276,27286,10
13.0383901596,80.2026901245,27286,27296,10
13.038479805,80.2020263672,27296,27306,10
13.0385398865,80.2017211914,27306,27316,10
13.0386199951,80.2012634277,27316,27326,10
13.0386896133,80.2005996704,27326,27336,10
13.0388202667,80.199798584,27336,27346,10
13.0389204025,80.1990203857,27346,27357,11
13.0390396118,80.1981124878,27357,27367,10
13.0391702652,80.1971664429,27367,27377,10
13.0392398834,80.1968765259,27377,27387,10
13.0392999649,80.1967163086,27387,27397,10
13.0393695831,80.1963882446,27397,27407,10
13.0394296646,80.1957015991,27407,27417,10
13.0395202637,80.1948623657,27417,27427,10
13.0396003723,80.1939697266,27427,27437,10
13.0397500992,80.1932983398,27437,27457,20
13.0397500992,80.1932983398,27457,27474,17
13.0393199921,80.1929626465,27474,27486,12
13.0388097763,80.1928634644,27486,27496,10
13.0387096405,80.1928634644,27496,27506,10
13.0384702682,80.1928405762,27506,27516,10
13.0381002426,80.1927871704,27516,27526,10
13.0377101898,80.1929473877,27526,27536,10
13.0375499725,80.1937408447,27536,27546,10
13.0374097824,80.1945571899,27546,27556,10
13.0372800827,80.1955413818,27556,27566,10
13.0372400284,80.1959991455,27566,27576,10
13.037229538,80.1961669922,27576,27586,10
13.0372200012,80.196182251,27586,27597,11
13.0371198654,80.1966094971,27597,27607,10
13.0369997025,80.1972503662,27607,27617,10
13.036860466,80.1981124878,27617,27627,10
13.0368299484,80.1986236572,27627,27637,10
13.0368404388,80.1986999512,27637,27647,10
13.0367603302,80.1991424561,27647,27657,10
13.0366601944,80.1998519897,27657,27667,10
13.0365400314,80.2006912231,27667,27677,10
13.0364303589,80.2014312744,27677,27688,11
13.0363998413,80.2017822266,27688,27698,10
13.0364103317,80.2018585205,27698,27708,10
13.0363197327,80.2022171021,27708,27718,10
13.0361995697,80.2028579712,27718,27728,10
13.03606987,80.2037200928,27728,27738,10
13.0359897614,80.2043762207,27738,27748,10
13.0359401703,80.2046737671,27748,27758,10
13.0358495712,80.2053070068,27758,27768,10
13.0357904434,80.2058868408,27768,27778,10
13.035779953,80.2060470581,27778,27788,10
13.0356998444,80.2064819336,27788,27798,10
13.0355701447,80.2072067261,27798,27809,11
13.0354795456,80.2080307007,27809,27819,10
13.0354299545,80.2083892822,27819,27829,10
13.0354204178,80.2084274292,27829,27839,10
13.0353603363,80.2087936401,27839,27849,10
13.0352602005,80.2093963623,27849,27859,10
13.0351696014,80.2101135254,27859,27869,10
13.035030365,80.2105407715,27869,27879,10
13.0349197388,80.2110214233,27879,27889,10
13.0348100662,80.211769104,27889,27899,10
13.034529686,80.2121429443,27899,27909,10
13.0341997147,80.2121124268,27909,27920,11
13.0335102081,80.2120132446,27920,27930,10
13.0327301025,80.2119522095,27930,27940,10
13.0325698853,80.2119293213,27940,27950,10
13.0324697495,80.2118911743,27950,27960,10
13.0320301056,80.2117919922,27960,27970,10
13.031920433,80.2112808228,27970,27980,10
13.0320396423,80.2105407715,27980,27990,10
13.032119751,80.2098464966,27990,28000,10
13.0318002701,80.2096328735,28000,28010,10
13.0312204361,80.2094497681,28010,28020,10
13.0305404663,80.2092819214,28020,28037,17
13.0301103592,80.209487915,28037,28049,12
13.0300502777,80.2096710205,28049,28059,10
13.0301799774,80.2098236084,28059,28069,10
13.0305595398,80.2099533081,28069,28079,10
13.0309000015,80.2100296021,28079,28089,10
13.0310096741,80.2102203369,28089,28098,9
13.0309801102,80.2104568481,28098,28109,11
13.0308904648,80.2110671997,28109,28119,10
13.0308504105,80.2114028931,28119,28129,10
13.0308103561,80.2117996216,28129,28141,12
13.0306901932,80.2123794556,28141,28151,10
13.0305900574,80.2131271362,28151,28161,10
13.0305204391,80.2136383057,28161,28171,10
13.0304698944,80.2139892578,28171,28181,10
13.030380249,80.2145080566,28181,28191,10
13.0303602219,80.2147521973,28191,28201,10
13.0303602219,80.2148590088,28201,28211,10
13.0303602219,80.2152404785,28211,28221,10
13.030380249,80.2159194946,28221,28231,10
13.0304098129,80.2167205811,28231,28241,10
13.0305900574,80.2169570923,28241,28252,11
13.0307798386,80.2169570923,28252,28262,10
13.0309801102,80.2169494629,28262,28272,10
13.0313196182,80.2169723511,28272,28282,10
13.0315198898,80.2172470093,28282,28292,10
13.0315599442,80.217918396,28292,28302,10
13.0318202972,80.218421936,28302,28312,10
13.0322599411,80.218536377,28312,28322,10
13.0322599411,80.2190475464,28322,28332,10
13.0322704315,80.2197265625,28332,28342,10
13.0322799683,80.2203521729,28342,28352,10
13.0322504044,80.2204208374,28352,28363,11
13.0321998596,80.2206497192,28363,28373,10
13.0320997238,80.2211914063,28373,28383,10
13.0318098068,80.2219085693,28383,28393,10
13.031539917,80.2225494385,28393,28403,10
13.03125,80.2231903076,28403,28413,10
13.0311698914,80.2238388062,28413,28423,10
13.0311803818,80.2239685059,28423,28433,10
13.0310897827,80.2243423462,28433,28443,10
13.0305595398,80.2243118286,28443,28453,10
13.0298595428,80.224281311,28453,28463,10
13.029299736,80.2242889404,28463,28474,11
13.0290899277,80.2242507935,28474,28484,10
13.0289297104,80.2241516113,28484,28494,10
13.0285701752,80.2241516113,28494,28504,10
13.0284204483,80.2247924805,28504,28514,10
13.0282497406,80.2255706787,28514,28524,10
13.0280895233,80.2262878418,28524,28534,10
13.0279798508,80.2268676758,28534,28544,10
13.0281600952,80.2270965576,28544,28554,10
13.0286502838,80.2271881104,28554,28564,10
13.0290203094,80.2272491455,28564,28574,10
13.0295000076,80.2273406982,28574,28584,10
13.0302200317,80.2274703979,28584,28595,11
13.0304298401,80.2278137207,28595,28605,10
13.030380249,80.2282028198,28605,28615,10
13.0303602219,80.2283172607,28615,28625,10
13.0303201675,80.2287063599,28625,28641,16
13.0304803848,80.2296676636,28641,28653,12
13.0306997299,80.2304000854,28653,28662,9
13.0307598114,80.2306213379,28662,28683,21
13.0307598114,80.2306213379,28683,28693,10
13.030500412,80.2307891846,28693,28704,11
13.0299100876,80.2308273315,28704,28714,10
13.0298404694,80.2308425903,28714,28724,10
13.029800415,80.2308120728,28724,28734,10
13.0294103622,80.2308425903,28734,28744,10
13.0287704468,80.2309188843,28744,28754,10
13.0279998779,80.2310180664,28754,28764,10
13.0276699066,80.2311782837,28764,28774,10
13.0277099609,80.2316665649,28774,28784,10
13.0277996063,80.2323913574,28784,28794,10
13.0277395248,80.2328186035,28794,28804,10
13.027179718,80.2329330444,28804,28815,11
13.0269002914,80.2330093384,28815,28825,10
13.026599884,80.233039856,28825,28835,10
13.0263299942,80.232673645,28835,28845,10
13.0261297226,80.2320098877,28845,28855,10
13.0258798599,80.2311325073,28855,28865,10
13.0254201889,80.2301177979,28865,28875,10
13.0246896744,80.2291793823,28875,28895,20
13.0246896744,80.2291793823,28895,28905,10
13.0245199203,80.2289810181,28905,28915,10
13.0239601135,80.2282562256,28915,28936,21
13.0239601135,80.2282562256,28936,28946,10
13.0238704681,80.2281265259,28946,28956,10
13.0236196518,80.2278366089,28956,28966,10
13.0232496262,80.2274475098,28966,28976,10
13.0229597092,80.2271499634,28976,28986,10
13.0225095749,80.2266921997,28986,28996,10
13.0218896866,80.2261581421,28996,29006,10
13.0211801529,80.2256317139,29006,29016,10
13.0203399658,80.2250518799,29016,29026,10
13.019370079,80.2244796753,29026,29037,11
13.0181503296,80.2247390747,29037,29047,10
13.0171203613,80.2251663208,29047,29057,10
13.0165395737,80.2254333496,29057,29067,10
13.0162601471,80.2255325317,29067,29077,10
13.0158395767,80.225692749,29077,29087,10
13.0151996613,80.2259597778,29087,29097,10
13.0146102905,80.2262268066,29097,29107,10
13.0142402649,80.2263793945,29107,29117,10
13.0141897202,80.2263793945,29117,29133,16
13.0141000748,80.2264175415,29133,29145,12
13.0136098862,80.226600647,29145,29156,11
13.0129098892,80.2268676758,29156,29165,9
13.0121803284,80.2271575928,29165,29175,10
13.0112895966,80.2275085449,29175,29185,10
13.010310173,80.227897644,29185,29196,11
13.0093402863,80.2283325195,29196,29205,9
13.0090303421,80.2292404175,29205,29215,10
13.0087995529,80.2303466797,29215,29226,11
13.0085601807,80.2315597534,29226,29236,10
13.0083503723,80.2326889038,29236,29246,10
13.0082597733,80.2335128784,29246,29257,11
13.0082397461,80.2335968018,29257,29267,10
13.0082597733,80.2336578369,29267,29277,10
13.0081501007,80.2340011597,29277,29287,10
13.0080404282,80.2344894409,29287,29297,10
13.0079898834,80.2346496582,29297,29307,10
13.0079298019,80.2349395752,29307,29317,10
13.0078897476,80.2352218628,29317,29327,10
13.0077600479,80.2359619141,29327,29347,20
13.0077600479,80.2359619141,29347,29357,10
13.0076704025,80.2362823486,29357,29367,10
13.0076198578,80.2365188599,29367,29378,11
13.0075397491,80.2369537354,29378,29388,10
13.0074596405,80.2373580933,29388,29398,10
13.0073604584,80.2378463745,29398,29438,40
13.0073604584,80.2378463745,29438,29448,10
13.0073003769,80.23828125,29448,29458,10
13.0072097778,80.2388763428,29458,29468,10
13.0069904327,80.2399978638,29468,29549,81
13.0069904327,80.2399978638,29549,29559,10
13.0069799423,80.2400665283,29559,29569,10
13.0069198608,80.2404937744,29569,29579,10
13.0068702698,80.2407073975,29579,29589,10
13.0068397522,80.2407684326,29589,29600,11
13.006770134,80.2412414551,29600,29610,10
13.0067501068,80.2420196533,29610,29620,10
13.0067396164,80.2425765991,29620,29630,10
13.0067300797,80.2427978516,29630,29640,10
13.0067195892,80.2431182861,29640,29650,10
13.0066995621,80.243560791,29650,29660,10
13.0066900253,80.2436828613,29660,29670,10
13.0066795349,80.2439422607,29670,29680,10
13.0066699982,80.2444915771,29680,29690,10
13.0066795349,80.2449264526,29690,29700,10
13.0067396164,80.2457962036,29700,29721,21
13.0067396164,80.2457962036,29721,29731,10
13.0067396164,80.2459793091,29731,29741,10
13.0067396164,80.2462997437,29741,29751,10
13.0067501068,80.2463378906,29751,29767,16
13.0067596436,80.2466812134,29767,29779,12
13.006770134,80.2472305298,29779,29787,8
13.0067501068,80.247718811,29787,29799,12
13.0067901611,80.2486801147,29799,29809,10
13.0068798065,80.2492523193,29809,29819,10
13.0068798065,80.2495880127,29819,29830,11
13.0068798065,80.2496337891,29830,29840,10
13.0068597794,80.25,29840,29850,10
13.0068502426,80.250617981,29850,29860,10
13.0068397522,80.2513504028,29860,29870,10
13.0067501068,80.251701355,29870,29880,10
13.0066099167,80.2522964478,29880,29890,10
13.0065603256,80.2531814575,29890,29900,10
13.0065698624,80.2542114258,29900,29910,10
13.0066404343,80.2549514771,29910,29920,10
13.0066299438,80.2550201416,29920,29930,10
13.0066003799,80.2552871704,29930,29941,11
13.0066299438,80.2559814453,29941,29951,10
13.0066299438,80.2566986084,29951,29961,10
13.0066795349,80.2572021484,29961,29991,30
13.0066795349,80.2572021484,29991,30001,10
13.0067596436,80.2574615479,30001,30011,10
13.0061903,80.2575073242,30011,30021,10
13.0053701401,80.2573394775,30021,30031,10
13.0044698715,80.2571182251,30031,30041,10
13.0036497116,80.256942749,30041,30051,10
13.0029001236,80.2567825317,30051,30068,17
13.0017204285,80.2565917969,30068,30080,12
13.0005998611,80.2564163208,30080,30090,10
12.9997301102,80.2562637329,30090,30099,9
12.9993400574,80.2561798096,30099,30109,10
12.9989595413,80.2561035156,30109,30119,10
12.9983997345,80.2560119629,30119,30129,10
12.9980201721,80.2559814453,30129,30140,11
12.9979200363,80.2559585571,30140,30150,10
12.9975099564,80.2559204102,30150,30160,10
12.9970998764,80.2559280396,30160,30171,11
12.9969301224,80.2563095093,30171,30181,10
12.9968595505,80.256942749,30181,30191,10
12.9968595505,80.2569885254,30191,30201,10
12.9968395233,80.2572631836,30201,30211,10
12.9967603683,80.2578582764,30211,30221,10
12.9966602325,80.2586364746,30221,30231,10
12.9965600967,80.259437561,30231,30241,10
12.9964895248,80.2601165771,30241,30251,10
12.9964199066,80.2610015869,30251,30261,10
12.996339798,80.2616729736,30261,30271,10
12.9962797165,80.2621765137,30271,30282,11
12.9962501526,80.262336731,30282,30292,10
12.9962100983,80.2626190186,30292,30302,10
12.9961500168,80.2631225586,30302,30312,10
12.9960899353,80.2638626099,30312,30322,10
12.9959897995,80.2647628784,30322,30332,10
12.9958696365,80.2657699585,30332,30342,10
12.995759964,80.2669296265,30342,30352,10
12.9958000183,80.2676773071,30352,30362,10
12.9962396622,80.2677230835,30362,30372,10
12.9962997437,80.2677612305,30372,30382,10
12.9966602325,80.267791748,30382,30393,11
12.997420311,80.2675704956,30393,30403,10
12.9982995987,80.2673416138,30403,30413,10
12.9993000031,80.2670211792,30413,30423,10
13.0000801086,80.2666778564,30423,30433,10
13.0001401901,80.2665100098,30433,30443,10
13.000169754,80.2664031982,30443,30453,10
13.0002002716,80.2660827637,30453,30463,10
13.0002603531,80.2657012939,30463,30473,10
13.0003995895,80.2659835815,30473,30574,101
13.0003499985,80.2662506104,30574,30786,212
13.0004301071,80.2659683228,30786,30907,121
13.0003900528,80.2660675049,30907,31230,323
13.0003900528,80.2660675049,31230,31240,10
13.0003299713,80.2663497925,31240,31260,20
13.0003299713,80.2663497925,31260,31270,10
13.0003299713,80.2664489746,31270,31280,10
13.000289917,80.2667388916,31280,31290,10
13.0000600815,80.2668762207,31290,31301,11
12.9994697571,80.2670288086,31301,31311,10
12.9987602234,80.2672424316,31311,31321,10
12.9981002808,80.2674331665,31321,31331,10
12.997420311,80.267616272,31331,31341,10
12.9967002869,80.2677612305,31341,31351,10
12.9960603714,80.2677383423,31351,31361,10
12.9957199097,80.2677230835,31361,31371,10
12.9956598282,80.2674331665,31371,31391,20
12.9956598282,80.2674331665,31391,31401,10
12.9956798553,80.2672729492,31401,31412,11
12.9957504272,80.2667388916,31412,31422,10
12.9958200455,80.2660293579,31422,31432,10
12.995880127,80.2654037476,31432,31442,10
12.9959697723,80.2646484375,31442,31452,10
12.9960603714,80.2638473511,31452,31462,10
12.9961500168,80.2631378174,31462,31472,10
12.9962100983,80.2626266479,31472,31482,10
12.996219635,80.262588501,31482,31492,10
12.9962501526,80.2624435425,31492,31502,10
12.9962797165,80.2620391846,31502,31512,10
12.9963302612,80.261756897,31512,31523,11
12.9963798523,80.2611083984,31523,31533,10
12.9964599609,80.2603530884,31533,31543,10
12.996509552,80.259803772,31543,31553,10
12.9965400696,80.2595291138,31553,31563,10
12.9965600967,80.2593917847,31563,31573,10
12.9966001511,80.2590103149,31573,31583,10
12.9966602325,80.2583999634,31583,31593,10
12.9967403412,80.2576675415,31593,31603,10
12.9968004227,80.2570800781,31603,31613,10
12.9968700409,80.2564697266,31613,31664,51
12.9968700409,80.2564697266,31664,31674,10
12.9969301224,80.2563171387,31674,31684,10
12.9969997406,80.2559432983,31684,31694,10
12.9973897934,80.2558822632,31694,31704,10
12.9978103638,80.255897522,31704,31714,10
12.9984798431,80.2559967041,31714,31724,10
12.9988002777,80.2559890747,31724,31745,21
12.9988002777,80.2559890747,31745,31755,10
12.9989795685,80.2560806274,31755,31765,10
12.9993600845,80.2561416626,31765,31775,10
13.0000295639,80.2562637329,31775,31785,10
13.0006399155,80.2563781738,31785,31795,10
13.0009403229,80.2564315796,31795,31805,10
13.0014200211,80.2565002441,31805,31815,10
13.0019702911,80.2566070557,31815,31825,10
13.0025997162,80.2567214966,31825,31835,10
13.0032196045,80.2568435669,31835,31845,10
13.0039100647,80.2569732666,31845,31855,10
13.004650116,80.2571029663,31855,31866,11
13.0053300858,80.257232666,31866,31876,10
13.0063199997,80.2574081421,31876,31896,20
13.0063199997,80.2574081421,31896,31912,16
13.006529808,80.2573928833,31912,31924,12
13.0065002441,80.2568283081,31924,31934,10
13.0065002441,80.2562179565,31934,31944,10
13.0065002441,80.2553634644,31944,31954,10
13.0065002441,80.2545471191,31954,31964,10
13.0064601898,80.2532119751,31964,31985,21
13.0064601898,80.2532119751,31985,31995,10
13.006480217,80.2530822754,31995,32004,9
13.0064897537,80.2527389526,32004,32015,11
13.0065402985,80.2523803711,32015,32034,19
13.0065402985,80.2523803711,32034,32045,11
13.0066604614,80.252243042,32045,32055,10
13.0066995621,80.2517166138,32055,32065,10
13.0067796707,80.2509994507,32065,32075,10
13.0067501068,80.2501296997,32075,32086,11
13.0067300797,80.2494812012,32086,32096,10
13.0066995621,80.2493362427,32096,32106,10
13.0066795349,80.248916626,32106,32267,161
13.0066795349,80.248916626,32267,32277,10
13.0066404343,80.2487106323,32277,32287,10
13.006649971,80.2483978271,32287,32297,10
13.0066204071,80.2480773926,32297,32307,10
13.0066099167,80.2475662231,32307,32318,11
13.0066299438,80.246963501,32318,32338,20
13.0066299438,80.246963501,32338,32348,10
13.0065698624,80.2464981079,32348,32368,20
13.0065698624,80.2464981079,32368,32378,10
13.0066404343,80.2461776733,32378,32388,10
13.0066699982,80.2457580566,32388,32398,10
13.0066604614,80.2454681396,32398,32408,10
13.0066604614,80.2451934814,32408,32418,10
13.0066404343,80.2449035645,32418,32429,11
13.0066404343,80.2448425293,32429,32439,10
13.0066404343,80.2444229126,32439,32449,10
13.0066404343,80.2440414429,32449,32459,10
13.0066003799,80.243560791,32459,32469,10
13.0065803528,80.2428588867,32469,32479,10
13.0065603256,80.2419967651,32479,32489,10
13.0066099167,80.2411499023,32489,32499,10
13.0066604614,80.2407836914,32499,32509,10
13.0066900253,80.2405471802,32509,32519,10
13.0067796707,80.2401733398,32519,32529,10
13.0069503784,80.2395706177,32529,32539,10
13.0070800781,80.2388076782,32539,32550,11
13.0071802139,80.2381515503,32550,32560,10
13.0072898865,80.2376708984,32560,32570,10
13.0073404312,80.2374420166,32570,32586,16
13.007399559,80.2369232178,32586,32608,22
13.007399559,80.2369232178,32608,32618,10
13.0074596405,80.2366333008,32618,32628,10
13.0075702667,80.2362136841,32628,32638,10
13.0076904297,80.2356491089,32638,32648,10
13.0078601837,80.2349624634,32648,32659,11
13.0080299377,80.2342071533,32659,32669,10
13.0082502365,80.2330780029,32669,32678,9
13.0084400177,80.2320632935,32678,32689,11
13.0086698532,80.2308273315,32689,32699,10
13.008890152,80.2296981812,32699,32709,10
13.0091104507,80.2286224365,32709,32719,10
13.0094804764,80.2275314331,32719,32729,10
13.0099496841,80.2264709473,32729,32739,10
13.0103998184,80.2256011963,32739,32749,10
13.0106201172,80.2251663208,32749,32759,10
13.0106096268,80.2251281738,32759,32770,11
13.0107803345,80.2247161865,32770,32780,10
13.0110902786,80.223991394,32780,32790,10
13.0113697052,80.2233963013,32790,32800,10
13.0114002228,80.2233581543,32800,32810,10
13.0115299225,80.2229537964,32810,32820,10
13.0117797852,80.2222518921,32820,32830,10
13.0120897293,80.2215576172,32830,32840,10
13.0122995377,80.2214431763,32840,32850,10
13.0124998093,80.2217102051,32850,32860,10
13.0128498077,80.2222366333,32860,32870,10
13.013420105,80.2228317261,32870,32881,11
13.0139598846,80.2233581543,32881,32891,10
13.0141801834,80.2235488892,32891,32901,10
13.0142698288,80.2236480713,32901,32911,10
13.0146598816,80.2241363525,32911,32921,10
13.014960289,80.2245025635,32921,32931,10
13.0152397156,80.224822998,32931,32941,10
13.0156002045,80.225151062,32941,32961,20
13.0156002045,80.225151062,32961,32971,10
13.0159397125,80.2253112793,32971,32981,10
13.0164899826,80.2253189087,32981,32992,11
13.0172996521,80.2250213623,32992,33002,10
13.0180797577,80.2247085571,33002,33012,10
13.0186796188,80.2244415283,33012,33022,10
13.0193500519,80.2243118286,33022,33052,30
13.0193500519,80.2243118286,33052,33062,10
13.0195798874,80.2244415283,33062,33072,10
13.0197601318,80.2245635986,33072,33082,10
13.0200996399,80.2248001099,33082,33092,10
13.0206003189,80.2251586914,33092,33103,11
13.0211200714,80.2255783081,33103,33113,10
13.0215797424,80.2259216309,33113,33123,10
13.0217599869,80.2260513306,33123,33133,10
13.0220098495,80.226272583,33133,33143,10
13.0225200653,80.2267227173,33143,33153,10
13.0230703354,80.2272109985,33153,33163,10
13.0234603882,80.2275772095,33163,33173,10
13.0238895416,80.2279281616,33173,33183,10
13.0241098404,80.2281417847,33183,33203,20
13.0241098404,80.2281417847,33203,33214,11
13.0242004395,80.2282562256,33214,33224,10
13.0243196487,80.2284393311,33224,33234,10
13.0245599747,80.2287597656,33234,33244,10
13.0247097015,80.2289962769,33244,33254,10
13.0249795914,80.2293167114,33254,33264,10
13.0253400803,80.2297821045,33264,33274,10
13.0257101059,80.2303009033,33274,33304,30
13.0257101059,80.2303009033,33304,33314,10
13.0257902145,80.2304000854,33314,33324,10
13.0259304047,80.2307128906,33324,33335,11
13.0260000229,80.2310562134,33335,33345,10
13.0260896683,80.2313995361,33345,33355,10
13.026599884,80.2312164307,33355,33365,10
13.0274200439,80.2310562134,33365,33375,10
13.028260231,80.2309494019,33375,33385,10
13.0285596848,80.2309494019,33385,33395,10
13.0286102295,80.2309188843,33395,33405,10
13.0290002823,80.2308883667,33405,33415,10
13.0293903351,80.2308425903,33415,33454,39
13.0293903351,80.2308425903,33454,33464,10
13.0296401978,80.230796814,33464,33473,9
13.0299196243,80.230796814,33473,33483,10
13.0303897858,80.2307815552,33483,33494,11
13.0305500031,80.2307662964,33494,33504,10
13.0306997299,80.2307662964,33504,33524,20
13.0306997299,80.2307662964,33524,33534,10
13.0307102203,80.2304382324,33534,33544,10
13.0305995941,80.2300186157,33544,33555,11
13.0303096771,80.2292404175,33555,33565,10
13.0303297043,80.2285308838,33565,33575,10
13.030380249,80.228187561,33575,33585,10
13.0304298401,80.2277832031,33585,33595,10
13.0302801132,80.2274932861,33595,33605,10
13.0297403336,80.2273712158,33605,33615,10
13.0291204453,80.2272796631,33615,33625,10
13.0286798477,80.227180481,33625,33635,10
13.0283203125,80.2270736694,33635,33645,10
13.0279598236,80.2268676758,33645,33655,10
13.0280103683,80.2263336182,33655,33666,11
13.028169632,80.2255325317,33666,33676,10
13.0283002853,80.2248382568,33676,33686,10
13.0284700394,80.2241287231,33686,33696,10
13.0286197662,80.223991394,33696,33706,10
13.0287103653,80.223991394,33706,33716,10
13.028840065,80.2240524292,33716,33726,10
13.0290899277,80.2242584229,33726,33736,10
13.0296201706,80.2242736816,33736,33746,10
13.0303201675,80.2243118286,33746,33756,10
13.0310697556,80.2243270874,33756,33766,10
13.0312204361,80.2240066528,33766,33777,11
13.0311603546,80.2235717773,33777,33787,10
13.0311899185,80.2232131958,33787,33807,20
13.0311899185,80.2232131958,33807,33817,10
13.0312204361,80.2230377197,33817,33827,10
13.0313301086,80.2226409912,33827,33837,10
13.0315799713,80.2222213745,33837,33847,10
13.0317897797,80.2217483521,33847,33857,10
13.0320100784,80.2211074829,33857,33867,10
13.0321702957,80.2203979492,33867,33877,10
13.03221035,80.2200775146,33877,33887,10
13.03221035,80.2198410034,33887,33898,11
13.0322198868,80.2197494507,33898,33908,10
13.0322399139,80.2194366455,33908,33918,10
13.0322198868,80.2188873291,33918,33928,10
13.0319595337,80.2184524536,33928,33938,10
13.0314998627,80.2181396484,33938,33948,10
13.0314302444,80.217376709,33948,33958,10
13.0313596725,80.2170181274,33958,33968,10
13.0310897827,80.2169418335,33968,33978,10
13.0305900574,80.2169265747,33978,33988,10
13.0304298401,80.2166290283,33988,33998,10
13.0304203033,80.2165374756,33998,34009,11
13.030380249,80.2162017822,34009,34019,10
13.0303201675,80.2155075073,34019,34029,10
13.0303096771,80.2148513794,34029,34039,10
13.0303497314,80.2145080566,34039,34049,10
13.0304002762,80.21434021,34049,34059,10
13.0304603577,80.2138519287,34059,34069,10
13.0305204391,80.2135314941,34069,34079,10
13.0306596756,80.2125091553,34079,34089,10
13.0306596756,80.2125091553,34089,34099,10
13.0307598114,80.2117614746,34099,34109,10
13.0308198929,80.2114562988,34109,34120,11
13.0308799744,80.2110290527,34120,34130,10
13.0309200287,80.2107467651,34130,34140,10
13.0309896469,80.2101593018,34140,34172,32
13.0309896469,80.2101593018,34172,34182,10
13.0305404663,80.2098617554,34182,34192,10
13.0300798416,80.2096633911,34192,34202,10
13.0301303864,80.2092590332,34202,34303,101
13.0301303864,80.2092590332,34303,34313,10
13.0301303864,80.2091293335,34313,34323,10
13.0304098129,80.2090911865,34323,34333,10
13.0314397812,80.2094192505,34333,34354,21
13.0314397812,80.2094192505,34354,34364,10
13.03166008,80.2095489502,34364,34374,10
13.0321903229,80.2096405029,34374,34384,10
13.0329799652,80.2097167969,34384,34393,9
13.0337696075,80.2098312378,34393,34404,11
13.034740448,80.2099761963,34404,34414,10
13.0351600647,80.2096405029,34414,34424,10
13.0352497101,80.2088928223,34424,34444,20
13.0352497101,80.2088928223,34444,34454,10
13.0353403091,80.2085037231,34454,34465,11
13.0353899002,80.2079620361,34465,34475,10
13.0354604721,80.2072525024,34475,34485,10
13.0355796814,80.2063827515,34485,34495,10
13.0355100632,80.2060012817,34495,34505,10
13.0354995728,80.2056808472,34505,34521,16
13.0355195999,80.2054595947,34521,34533,12
13.0357398987,80.2052001953,34533,34541,8
13.0357904434,80.2048797607,34541,34552,11
13.0358600616,80.2043075562,34552,34562,10
13.0359802246,80.2038803101,34562,34574,12
13.03606987,80.2031173706,34574,34584,10
13.0361795425,80.2023696899,34584,34594,10
13.0362501144,80.2016067505,34594,34614,20
13.0362501144,80.2016067505,34614,34624,10
13.0363502502,80.2012176514,34624,34634,10
13.0363798141,80.2006912231,34634,34644,10
13.036450386,80.2000427246,34644,34654,10
13.036649704,80.1988601685,34654,34664,10
13.0367603302,80.1983566284,34664,34674,10
13.0368099213,80.1982421875,34674,34685,11
13.036860466,80.197883606,34685,34695,10
13.0368795395,80.1976623535,34695,34705,10
13.0369100571,80.197303772,34705,34715,10
13.0369596481,80.1967086792,34715,34725,10
13.0369901657,80.1964492798,34725,34735,10
13.0370798111,80.1963272095,34735,34745,10
13.0371398926,80.1958999634,34745,34755,10
13.0372400284,80.1953277588,34755,34765,10
13.0373401642,80.1945800781,34765,34775,10
13.0374603271,80.1936569214,34775,34785,10
13.0377197266,80.1927490234,34785,34816,31
13.0377197266,80.1927490234,34816,34826,10
13.0378599167,80.1927108765,34826,34836,10
13.0382204056,80.192741394,34836,34846,10
13.038769722,80.1928634644,34846,34865,19
13.038769722,80.1928634644,34865,34876,11
13.0390396118,80.1929016113,34876,34886,10
13.0393695831,80.1929779053,34886,34896,10
13.0399398804,80.1930618286,34896,34906,10
13.0405702591,80.1931991577,34906,34917,11
13.0413303375,80.1932907104,34917,34927,10
13.0417299271,80.1933822632,34927,34937,10
13.0417604446,80.1937637329,34937,34947,10
13.0417699814,80.193901062,34947,34957,10
13.0417404175,80.1941986084,34957,34967,10
13.0416898727,80.1948471069,34967,34977,10
13.0416498184,80.195602417,34977,34987,10
13.0415496826,80.1961364746,34987,34997,10
13.0414199829,80.1966171265,34997,35007,10
13.041390419,80.1967086792,35007,35017,10
13.0413503647,80.1970367432,35017,35028,11
13.0412797928,80.1976623535,35028,35038,10
13.0411996841,80.1983718872,35038,35048,10
13.0410604477,80.1992416382,35048,35068,20
13.0410604477,80.1992416382,35068,35078,10
13.0409803391,80.1998291016,35078,35088,10
13.0408802032,80.2005233765,35088,35104,16
13.0406599045,80.2018432617,35104,35116,12
13.0405902863,80.2021789551,35116,35124,8
13.0405597687,80.2026367188,35124,35137,13
13.0403795242,80.2036819458,35137,35147,10
13.0402803421,80.2044906616,35147,35156,9
13.0402202606,80.2048721313,35156,35167,11
13.0406303406,80.2050704956,35167,35177,10
13.0412302017,80.2051467896,35177,35187,10
13.0413799286,80.2051620483,35187,35197,10
13.0418796539,80.2052612305,35197,35207,10
13.042599678,80.2053909302,35207,35218,11
13.042889595,80.2058029175,35218,35228,10
13.0432796478,80.206451416,35228,35238,10
13.043800354,80.2071762085,35238,35249,11
13.0441303253,80.2080078125,35249,35259,10
13.0441703796,80.2086791992,35259,35269,10
13.0441904068,80.2087631226,35269,35279,10
13.0442199707,80.2090377808,35279,35289,10
13.0442304611,80.2093811035,35289,35299,10
13.0442304611,80.2098388672,35299,35309,10
13.0442895889,80.2105865479,35309,35319,10
13.0443401337,80.2118606567,35319,35468,149
13.0443401337,80.2118606567,35468,35478,10
13.0444602966,80.2123031616,35478,35489,11
13.0451202393,80.2122497559,35489,35498,9
13.0458602905,80.2121887207,35498,35508,10
13.0467100143,80.2121429443,35508,35528,20
13.0468997955,80.2121429443,35528,35549,21
13.0468997955,80.2121429443,35549,35559,10
13.0470504761,80.2118606567,35559,35579,20
13.0470504761,80.2118606567,35579,35590,11
13.0470399857,80.2114334106,35590,35600,10
13.0470199585,80.2108764648,35600,35610,10
13.047249794,80.2107696533,35610,35620,10
13.0477399826,80.2108078003,35620,35630,10
13.0484399796,80.2108001709,35630,35640,10
13.0490598679,80.2108306885,35640,35650,10
13.0495004654,80.2108306885,35650,35660,10
13.0497503281,80.210647583,35660,35670,10
13.0496997833,80.2100219727,35670,35680,10
13.0496301651,80.2093505859,35680,35690,10
13.0495796204,80.2087020874,35690,35700,10
13.0493602753,80.2080612183,35700,35711,11
13.0490903854,80.2074584961,35711,35721,10
13.0490598679,80.2073516846,35721,35731,10
13.0490503311,80.2072296143,35731,35741,10
13.0489597321,80.206993103,35741,35751,10
13.049079895,80.2068481445,35751,35767,16
13.0492897034,80.206817627,35767,35787,20
13.0492897034,80.206817627,35787,35799,12
13.0493297577,80.2071609497,35799,35951,152
13.0493402481,80.2073135376,35951,35991,40
13.0493402481,80.2073135376,35991,36001,10
13.049079895,80.2074584961,36001,36011,10
13.0491600037,80.2077713013,36011,36021,10
13.0492601395,80.2081604004,36021,36031,10
13.0493097305,80.2083587646,36031,36041,10
13.0493402481,80.2085571289,36041,36052,11
13.0494003296,80.2087402344,36052,36062,10
13.0494403839,80.2087936401,36062,36072,10
13.049539566,80.2091217041,36072,36082,10
13.0496101379,80.2095718384,36082,36092,10
13.049659729,80.2098388672,36092,36102,10
13.049659729,80.2098922729,36102,36112,10
13.0496397018,80.2100219727,36112,36122,10
13.0496797562,80.2105407715,36122,36142,20
13.0496797562,80.2105407715,36142,36152,10
13.0497398376,80.2108078003,36152,36163,11
13.0498304367,80.2115402222,36163,36475,312
13.0498304367,80.2115402222,36475,36485,10
13.0498895645,80.2117385864,36485,36495,10
13.0499000549,80.2117767334,36495,36506,11
13.0498800278,80.2119522095,36506,36516,10
13.0498895645,80.2120437622,36516,36526,10
13.0498695374,80.2121810913,36526,36536,10
13.0495100021,80.2121734619,36536,36566,30
13.0495100021,80.2121734619,36566,36576,10
13.0491895676,80.2121429443,36576,36586,10
13.0486097336,80.2121429443,36586,36596,10
13.0478000641,80.2121887207,36596,36606,10
13.0467796326,80.2122573853,36606,36616,10
13.0455102921,80.2123184204,36616,36687,71
13.0455102921,80.2123184204,36687,36697,10
13.0452604294,80.2124328613,36697,36707,10
13.0448703766,80.2124176025,36707,36717,10
13.0443897247,80.212387085,36717,36728,11
13.0442199707,80.2118377686,36728,36738,10
13.044210434,80.2110824585,36738,36748,10
13.0441999435,80.2106018066,36748,36758,10
13.0441703796,80.2098999023,36758,36768,10
13.0441398621,80.2092132568,36768,36778,10
13.0441198349,80.2090301514,36778,36788,10
13.0440998077,80.2089233398,36788,36798,10
13.0441102982,80.2087402344,36798,36808,10
13.0440797806,80.2082595825,36808,36818,10
13.0439300537,80.2074966431,36818,36828,10
13.0434303284,80.206703186,36828,36838,10
13.042840004,80.2059020996,36838,36849,11
13.0420598984,80.2053070068,36849,36859,10
13.0414600372,80.2052001953,36859,36869,10
13.0409097672,80.2051010132,36869,36885,16
13.0407896042,80.205078125,36885,36897,12
13.0403404236,80.205039978,36897,36907,10
13.039899826,80.2049713135,36907,36917,10
13.0390396118,80.2048187256,36917,36927,10
13.0384397507,80.2047424316,36927,36937,10
13.0381698608,80.2046585083,36937,36947,10
13.038189888,80.2042694092,36947,36958,11
13.0382795334,80.2035675049,36958,36968,10
13.0383796692,80.2028427124,36968,36978,10
13.0384502411,80.2022781372,36978,36988,10
13.0385198593,80.2019577026,36988,36998,10
13.0385704041,80.2017364502,36998,37008,10
13.0386400223,80.2012786865,37008,37017,9
13.0386600494,80.2008972168,37017,37028,11
13.0387496948,80.200302124,37028,37038,10
13.0388698578,80.199546814,37038,37048,10
13.0389204025,80.1992492676,37048,37058,10
13.0389604568,80.1989135742,37058,37069,11
13.0390300751,80.1982727051,37069,37079,10
13.0391902924,80.1975097656,37079,37089,10
13.039270401,80.1969985962,37089,37099,10
13.039270401,80.1969909668,37099,37109,10
13.0393104553,80.1967163086,37109,37119,10
13.0393896103,80.1960983276,37119,37129,10
13.0395002365,80.1952133179,37129,37139,10
13.0395898819,80.1943511963,37139,37149,10
13.0396900177,80.1938171387,37149,37159,10
13.0397396088,80.193397522,37159,37169,10
13.0397500992,80.1933135986,37169,37179,10
13.0397701263,80.1930770874,37179,37190,11
13.0393600464,80.1929779053,37190,37200,10
13.038860321,80.1928787231,37200,37210,10
13.0387802124,80.1928634644,37210,37220,10
13.038649559,80.1928482056,37220,37230,10
13.0382404327,80.1927871704,37230,37240,10
13.0378198624,80.1928100586,37240,37250,10
13.0375995636,80.1933517456,37250,37260,10
13.0374898911,80.1941986084,37260,37270,10
13.0373296738,80.1951828003,37270,37280,10
13.0372495651,80.1958084106,37280,37290,10
13.0372400284,80.1958694458,37290,37301,11
13.0371704102,80.1962280273,37301,37311,10
13.0370798111,80.1967926025,37311,37321,10
13.0369901657,80.1974182129,37321,37331,10
13.0368900299,80.1980819702,37331,37341,10
13.0368204117,80.1984863281,37341,37351,10
13.0368003845,80.198638916,37351,37361,10
13.036740303,80.1990127563,37361,37371,10
13.0366601944,80.1995620728,37371,37381,10
13.0365600586,80.2004089355,37381,37391,10
13.0364303589,80.2010879517,37391,37401,10
13.0363197327,80.2018203735,37401,37422,21
13.0363197327,80.2018203735,37422,37432,10
13.0362300873,80.2022705078,37432,37442,10
13.0361204147,80.2030410767,37442,37452,10
13.0360002518,80.2040100098,37452,37462,10
13.0359201431,80.2045822144,37462,37472,10
13.0358104706,80.2053222656,37472,37482,10
13.0357599258,80.2058029175,37482,37492,10
13.0357303619,80.2059783936,37492,37502,10
13.0356397629,80.2065811157,37502,37512,10
13.0354995728,80.2074203491,37512,37522,10
13.0354204178,80.2081985474,37522,37533,11
13.0354003906,80.2083816528,37533,37543,10
13.035369873,80.2084884644,37543,37553,10
13.0352802277,80.2089691162,37553,37563,10
13.0351600647,80.2097473145,37563,37573,10
13.0350599289,80.2104263306,37573,37583,10
13.0349397659,80.2106781006,37583,37593,10
13.0348300934,80.2112884521,37593,37603,10
13.0347499847,80.2118377686,37603,37613,10
13.0345401764,80.2121200562,37613,37623,10
13.0340003967,80.2120437622,37623,37633,10
13.0334100723,80.2119674683,37633,37644,11
13.0326900482,80.2118911743,37644,37654,10
13.0324602127,80.2118682861,37654,37664,10
13.0323600769,80.2118682861,37664,37674,10
13.0319795609,80.2117767334,37674,37684,10
13.031920433,80.2113189697,37684,37694,10
13.0320301056,80.2105636597,37694,37704,10
13.032119751,80.2099304199,37704,37714,10
13.0319900513,80.2096405029,37714,37724,10
13.0314798355,80.2094802856,37724,37734,10
13.0312700272,80.2094497681,37734,37750,16
13.0311498642,80.2094421387,37750,37763,13
13.0306901932,80.2092819214,37763,37773,10
13.0302495956,80.209197998,37773,37783,10
13.0300998688,80.2094421387,37783,37793,10
13.0300598145,80.2095718384,37793,37803,10
13.0301399231,80.2097930908,37803,37813,10
13.030670166,80.2099304199,37813,37823,10
13.0309200287,80.2100067139,37823,37831,8
13.0309801102,80.2101669312,37831,37843,12
13.0309295654,80.2107315063,37843,37853,10
13.0308704376,80.2110824585,37853,37863,10
13.0308198929,80.2115020752,37863,37874,11
13.0307598114,80.2118377686,37874,37884,10
13.0306997299,80.2124404907,37884,37894,10
13.030579567,80.2132415771,37894,37904,10
13.0305299759,80.2136077881,37904,37914,10
13.0304498672,80.2139511108,37914,37924,10
13.030380249,80.2145462036,37924,37934,10
13.0303602219,80.2146377563,37934,37944,10
13.0303401947,80.2149124146,37944,37954,10
13.0303602219,80.2155532837,37954,37964,10
13.0304403305,80.2163696289,37964,37974,10
13.0306100845,80.2168884277,37974,37985,11
13.0307102203,80.2169113159,37985,37995,10
13.0310201645,80.2169418335,37995,38005,10
13.0313596725,80.2169799805,38005,38015,10
13.0314903259,80.2174530029,38015,38025,10
13.0315799713,80.2182006836,38025,38035,10
13.0321502686,80.2184066772,38035,38045,10
13.0322399139,80.2188796997,38045,38055,10
13.0322599411,80.2196807861,38055,38065,10
13.0322799683,80.220123291,38065,38075,10
13.0322599411,80.2203598022,38075,38085,10
13.0322198868,80.2204971313,38085,38096,11
13.0320901871,80.2210235596,38096,38106,10
13.0319795609,80.2214889526,38106,38116,10
13.0317697525,80.2218399048,38116,38126,10
13.031539917,80.2223434448,38126,38136,10
13.0312299728,80.2229919434,38136,38146,10
13.0311498642,80.2235870361,38146,38156,10
13.0311403275,80.2238235474,38156,38166,10
13.0311403275,80.224067688,38166,38176,10
13.0308904648,80.224281311,38176,38186,10
13.03028965,80.2242584229,38186,38196,10
13.0296096802,80.224281311,38196,38206,10
13.0291004181,80.2242431641,38206,38217,11
13.0290899277,80.2242431641,38217,38227,10
13.0289201736,80.2241592407,38227,38237,10
13.0285997391,80.2240600586,38237,38247,10
13.028429985,80.2245330811,38247,38257,10
13.0282297134,80.2254333496,38257,38267,10
13.0280199051,80.2262802124,38267,38277,10
13.0279302597,80.2268218994,38277,38287,10
13.0280399323,80.2269973755,38287,38297,10
13.0284204483,80.2270812988,38297,38307,10
13.0285196304,80.2270965576,38307,38317,10
13.0288801193,80.2271881104,38317,38328,11
13.0295801163,80.2272872925,38328,38338,10
13.0303201675,80.2274017334,38338,38348,10
13.0304203033,80.2276916504,38348,38358,10
13.0303897858,80.2280426025,38358,38368,10
13.0303602219,80.2282104492,38368,38384,16
13.0303401947,80.228477478,38384,38396,12
13.0302801132,80.2290496826,38396,38406,10
13.0306196213,80.2301177979,38406,38507,101
13.0306196213,80.2301177979,38507,38517,10
13.030670166,80.2303695679,38517,38527,10
13.0306997299,80.2305831909,38527,38537,10
13.030579567,80.23072052,38537,38547,10
13.030090332,80.230758667,38547,38558,11
13.0298204422,80.2307891846,38558,38568,10
13.0297203064,80.230796814,38568,38578,10
13.0295295715,80.2308425903,38578,38588,10
13.0293998718,80.2308273315,38588,38598,10
13.0291404724,80.2308578491,38598,38608,10
13.0285797119,80.2308883667,38608,38618,10
13.0279598236,80.2309570313,38618,38634,16
13.0276603699,80.2313766479,38634,38646,12
13.027759552,80.2321929932,38646,38654,8
13.0278701782,80.2327194214,38654,38767,113
13.0278701782,80.2327194214,38767,38778,11
13.0276899338,80.2328262329,38778,38788,10
13.0275802612,80.2328567505,38788,38798,10
13.0273303986,80.2329025269,38798,38808,10
13.0270204544,80.2329406738,38808,38818,10
13.0267601013,80.2330093384,38818,38828,10
13.0263795853,80.2328262329,38828,38838,10
13.0261497498,80.2321395874,38838,38848,10
13.0259199142,80.2312088013,38848,38858,10
13.0255899429,80.2303237915,38858,38868,10
13.0253400803,80.2299575806,38868,38878,10
13.0253000259,80.229927063,38878,38888,10
13.0252504349,80.2298965454,38888,38899,11
13.0250701904,80.2296218872,38899,38909,10
13.0247898102,80.2293014526,38909,38919,10
13.0246200562,80.2291030884,38919,38929,10
13.0244197845,80.2288513184,38929,38939,10
13.0239801407,80.2282791138,38939,38959,20
13.0239801407,80.2282791138,38959,38969,10
13.0238103867,80.2280426025,38969,38979,10
13.0233097076,80.2275466919,38979,38989,10
13.0228099823,80.2270584106,38989,38999,10
13.022359848,80.2266235352,38999,39010,11
13.021730423,80.2260971069,39010,39020,10
13.0211896896,80.2257232666,39020,39030,10
13.0207195282,80.2253799438,39030,39040,10
13.0202903748,80.2250976563,39040,39060,20
13.0202903748,80.2250976563,39060,39070,10
13.0201396942,80.2249908447,39070,39080,10
13.0197496414,80.2247161865,39080,39090,10
13.018989563,80.2244796753,39090,39100,10
13.017999649,80.2248001099,39100,39109,9
13.0171403885,80.2251434326,39109,39121,12
13.0163602829,80.2254714966,39121,39131,10
13.0157604218,80.2257003784,39131,39141,10
13.0149898529,80.2259902954,39141,39151,10
13.0145998001,80.2261734009,39151,39161,10
13.0145397186,80.2261962891,39161,39171,10
13.0143995285,80.2262420654,39171,39181,10
13.0139398575,80.2264022827,39181,39191,10
13.0131902695,80.2266616821,39191,39201,10
13.0122804642,80.2269973755,39201,39211,10
13.0112495422,80.2274093628,39211,39221,10
13.0101604462,80.2278594971,39221,39232,11
13.0091695786,80.2284164429,39232,39242,10
13.0089502335,80.2294998169,39242,39252,10
13.0087299347,80.2306594849,39252,39262,10
13.0085201263,80.2317962646,39262,39272,10
13.008310318,80.2329177856,39272,39282,10
13.0082502365,80.2336120605,39282,39302,20
13.0082502365,80.2336120605,39302,39312,10
13.0082101822,80.2336730957,39312,39322,10
13.008099556,80.234046936,39322,39332,10
13.0080003738,80.234588623,39332,39342,10
13.0079698563,80.2346801758,39342,39353,11
13.0079298019,80.2348937988,39353,39373,20
13.0078802109,80.2351226807,39373,39393,20
13.0078802109,80.2351226807,39393,39403,10
13.0078601837,80.2351608276,39403,39413,10
13.0077896118,80.2355194092,39413,39423,10
13.0077695847,80.2356719971,39423,39433,10
13.0077295303,80.2358779907,39433,39443,10
13.0076503754,80.2363586426,39443,39453,10
13.0075702667,80.2368011475,39453,39464,11
13.0075101852,80.2370986938,39464,39474,10
13.0074796677,80.2372512817,39474,39484,10
13.0074396133,80.2374191284,39484,39494,10
13.0074100494,80.2375411987,39494,39504,10
13.0073795319,80.2376937866,39504,39514,10
13.0073404312,80.2380371094,39514,39524,10
13.0072498322,80.23853302,39524,39534,10
13.0071401596,80.239151001,39534,39544,10
13.0069704056,80.2397689819,39544,39554,10
13.0069198608,80.2404098511,39554,39564,10
13.0068798065,80.2405395508,39564,39575,11
13.006819725,80.2408905029,39575,39585,10
13.0067501068,80.2414703369,39585,39595,10
13.0067195892,80.2422180176,39595,39615,20
13.0067195892,80.2422180176,39615,39625,10
13.0067100525,80.2423324585,39625,39635,10
13.0067100525,80.2426605225,39635,39645,10
13.0066795349,80.2430877686,39645,39655,10
13.0066699982,80.243347168,39655,39665,10
13.0066699982,80.243637085,39665,39675,10
13.0066604614,80.2442474365,39675,39685,10
13.0066795349,80.2448577881,39685,39696,11
13.0066995621,80.2453384399,39696,39706,10
13.0067100525,80.2457199097,39706,39716,10
13.0067300797,80.2464294434,39716,39726,10
13.0067300797,80.2473068237,39726,39736,10
13.0067300797,80.2482833862,39736,39746,10
13.0068101883,80.2491073608,39746,39756,10
13.0068597794,80.2494888306,39756,39766,10
13.0068502426,80.2496337891,39766,39776,10
13.0068397522,80.2501678467,39776,39786,10
13.0068397522,80.2507171631,39786,39796,10
13.0068397522,80.2507629395,39796,39807,11
13.0068397522,80.2510604858,39807,39817,10
13.0067596436,80.2516326904,39817,39827,10
13.0066003799,80.2522583008,39827,39837,10
13.0065402985,80.2530212402,39837,39847,10
13.0065603256,80.2539215088,39847,39857,10
13.0066204071,80.2548370361,39857,39877,20
13.0066204071,80.2548370361,39877,39887,10
13.0066003799,80.2550201416,39887,39897,10
13.0066299438,80.2556228638,39897,39907,10
13.0066299438,80.2562026978,39907,39918,11
13.0066299438,80.2565536499,39918,39928,10
13.0066299438,80.2568206787,39928,39938,10
13.0066795349,80.2573013306,39938,39948,10
13.0062999725,80.25756073,39948,39958,10
13.005610466,80.2574005127,39958,39968,10
13.0048799515,80.2572402954,39968,39978,10
13.0041599274,80.2570800781,39978,39988,10
13.0035104752,80.256942749,39988,39998,10
13.0030202866,80.2568206787,39998,40028,30
13.0030202866,80.2568206787,40028,40039,11
13.0027399063,80.2567520142,40039,40049,10
13.0024204254,80.2566833496,40049,40059,10
13.0019397736,80.2566223145,40059,40069,10
13.0013799667,80.2565612793,40069,40139,70
13.0013799667,80.2565612793,40139,40150,11
13.0012998581,80.2566375732,40150,40160,10
13.0009002686,80.2565536499,40160,40170,10
13.0002603531,80.2564468384,40170,40180,10
12.9997396469,80.2563171387,40180,40190,10
12.9997301102,80.2563095093,40190,40200,10
12.9996404648,80.2562637329,40200,40210,10
12.9993400574,80.2562103271,40210,40220,10
12.9990196228,80.2561416626,40220,40230,10
12.998550415,80.2560577393,40230,40240,10
12.9977197647,80.2559967041,40240,40261,21
12.9977197647,80.2559967041,40261,40271,10
12.9976701736,80.256111145,40271,40281,10
12.9977397919,80.2563323975,40281,40291,10
12.9978199005,80.2569198608,40291,40331,40
12.9978199005,80.2569198608,40331,40341,10
12.997759819,80.2569885254,40341,40351,10
12.9977197647,80.257019043,40351,40367,16
12.997590065,80.2569885254,40367,40472,105
12.997590065,80.2569885254,40472,40482,10
12.9974899292,80.2568588257,40482,40648,166
12.9974899292,80.2568588257,40648,40659,11
12.9976997375,80.2566680908,40659,40669,10
12.9976997375,80.2565612793,40669,40679,10
12.9976701736,80.2562637329,40679,40699,20
12.9976797104,80.2560424805,40699,40720,21
12.9976797104,80.2560424805,40720,40730,10
12.9975204468,80.2559280396,40730,40740,10
12.9971399307,80.2559509277,40740,40750,10
12.997130394,80.2559509277,40750,40760,10
12.9969797134,80.2559585571,40760,40770,10
12.9968900681,80.2562866211,40770,40780,10
12.9968500137,80.2567825317,40780,40790,10
12.9968395233,80.2569732666,40790,40800,10
12.9968500137,80.2571105957,40800,40810,10
12.9967899323,80.2575912476,40810,40820,10
12.9967098236,80.2582778931,40820,40830,10
12.9966402054,80.2588424683,40830,40841,11
12.9965896606,80.2593307495,40841,40851,10
12.9965496063,80.2599029541,40851,40861,10
12.9964599609,80.2605819702,40861,40871,10
12.9963598251,80.2613296509,40871,40881,10
12.9963302612,80.261932373,40881,40891,10
12.9962797165,80.2623519897,40891,40901,10
12.9962797165,80.2623596191,40901,40911,10
12.9962596893,80.262512207,40911,40921,10
12.9962100983,80.2629089355,40921,40931,10
12.9961700439,80.2633666992,40931,40941,10
12.9961004257,80.2639923096,40941,40952,11
12.9960203171,80.2647781372,40952,40962,10
12.9959201813,80.2655563354,40962,40972,10
12.9958200455,80.2665405273,40972,40982,10
12.9957399368,80.2674331665,40982,40992,10
12.9961996078,80.2677078247,40992,41012,20
12.9961996078,80.2677078247,41012,41022,10
12.996629715,80.2677688599,41022,41032,10
12.9972496033,80.267616272,41032,41042,10
12.998000145,80.2674331665,41042,41052,10
12.998749733,80.267250061,41052,41062,10
12.9994602203,80.2670211792,41062,41073,11
13.0000896454,80.2665405273,41073,41093,20
13.0000896454,80.2665405273,41093,41103,10
13.0001602173,80.2663803101,41103,41113,10
13.0001802444,80.2660064697,41113,41123,10
13.0002498627,80.2657089233,41123,41133,10
13.0003299713,80.26587677,41133,41143,10
13.0002803802,80.2663726807,41143,41817,674
13.0002803802,80.2663726807,41817,41827,10
13.0002098083,80.2667770386,41827,41837,10
12.9999399185,80.2669296265,41837,41847,10
12.9993896484,80.2670593262,41847,41857,10
12.9988002777,80.2672195435,41857,41868,11
12.998169899,80.2673721313,41868,41878,10
12.9975204468,80.2675476074,41878,41888,10
12.9968996048,80.2677383423,41888,41898,10
12.9963302612,80.2677307129,41898,41908,10
12.9957704544,80.2677001953,41908,41918,10
12.995639801,80.2673721313,41918,41938,20
12.995639801,80.2673721313,41938,41948,10
12.9956598282,80.2671737671,41948,41958,10
12.9957399368,80.2667388916,41958,41968,10
12.9958200455,80.2659225464,41968,41978,10
12.995929718,80.2649765015,41978,41989,11
12.9960403442,80.2641220093,41989,41999,10
12.9961099625,80.263343811,41999,42009,10
12.9961500168,80.2629776001,42009,42019,10
12.9961700439,80.2626724243,42019,42029,10
12.9962301254,80.2623901367,42029,42039,10
12.9963102341,80.2618179321,42039,42049,10
12.9963998795,80.2610778809,42049,42059,10
12.996430397,80.260559082,42059,42069,10
12.9964895248,80.2602005005,42069,42079,10
12.9965000153,80.2598419189,42079,42089,10
12.9965400696,80.2595367432,42089,42100,11
12.9965496063,80.2592163086,42100,42110,10
12.9966497421,80.2586135864,42110,42120,10
12.9967298508,80.2577896118,42120,42130,10
12.9968004227,80.2571563721,42130,42140,10
12.9968395233,80.2567825317,42140,42150,10
12.9968595505,80.256362915,42150,42160,10
12.9969501495,80.2559280396,42160,42170,10
12.9973497391,80.255897522,42170,42180,10
12.997879982,80.255897522,42180,42190,10
12.9983701706,80.2559432983,42190,42200,10
12.9987297058,80.2559890747,42200,42231,31
12.9987297058,80.2559890747,42231,42241,10
12.9991397858,80.2560806274,42241,42251,10
12.9996595383,80.2561798096,42251,42291,40
12.9996595383,80.2561798096,42291,42301,10
13.0000495911,80.2562789917,42301,42311,10
13.0003099442,80.2563018799,42311,42321,10
13.000579834,80.2563171387,42321,42332,11
13.0008602142,80.2563934326,42332,42342,10
13.0012702942,80.2564468384,42342,42352,10
13.0017499924,80.2565536499,42352,42362,10
13.0021495819,80.2565994263,42362,42372,10
13.0025901794,80.2566680908,42372,42382,10
13.0030202866,80.2567520142,42382,42392,10
13.0034198761,80.2568283081,42392,42402,10
13.0038499832,80.2568893433,42402,42412,10
13.0040597916,80.256942749,42412,42422,10
13.0042800903,80.257019043,42422,42432,10
13.0046796799,80.2570495605,42432,42449,17
13.0055103302,80.2571487427,42449,42461,12
13.0061798096,80.257270813,42461,42471,10
13.0064601898,80.2570571899,42471,42479,8
13.006480217,80.2566070557,42479,42491,12
13.0064897537,80.2558364868,42491,42501,10
13.006529808,80.2551193237,42501,42511,10
13.006529808,80.2543716431,42511,42521,10
13.0065603256,80.2535095215,42521,42531,10
13.0065202713,80.253326416,42531,42541,10
13.0065202713,80.2532272339,42541,42551,10
13.0065097809,80.2527008057,42551,42582,31
13.0065097809,80.2527008057,42582,42592,10
13.0065803528,80.2523498535,42592,42602,10
13.0066604614,80.2517929077,42602,42612,10
13.0067195892,80.2510681152,42612,42622,10
13.006770134,80.2501220703,42622,42632,10
13.0067901611,80.2495803833,42632,42642,10
13.0067396164,80.2490234375,42642,42652,10
13.0066900253,80.2483673096,42652,42804,152
13.0066900253,80.2483673096,42804,42814,10
13.0066900253,80.2480773926,42814,42824,10
13.0066699982,80.2476730347,42824,42834,10
13.0066795349,80.2470703125,42834,42844,10
13.0065803528,80.2466278076,42844,42854,10
13.0065803528,80.2465591431,42854,42864,10
13.0066299438,80.2462615967,42864,42874,10
13.0066099167,80.2457427979,42874,42884,10
13.0066099167,80.2452774048,42884,42894,10
13.0066099167,80.2448120117,42894,42905,11
13.0066404343,80.2444992065,42905,42915,10
13.0066299438,80.2441177368,42915,42925,10
13.0066204071,80.2435302734,42925,42935,10
13.0066204071,80.2429733276,42935,42945,10
13.0066099167,80.2421798706,42945,42955,10
13.0066003799,80.2415771484,42955,42965,10
13.0066099167,80.2414093018,42965,42975,10
13.0066299438,80.2408676147,42975,43005,30
13.0066299438,80.2408676147,43005,43016,11
13.0066003799,80.2407073975,43016,43026,10
13.0066404343,80.2404327393,43026,43036,10
13.0067501068,80.2399902344,43036,43046,10
13.006939888,80.2392272949,43046,43056,10
13.0071201324,80.2383117676,43056,43066,10
13.0073003769,80.2375411987,43066,43076,10
13.0074100494,80.2367706299,43076,43096,20
13.0074100494,80.2367706299,43096,43106,10
13.0074796677,80.236541748,43106,43116,10
13.0075902939,80.2360229492,43116,43127,11
13.0077495575,80.2352828979,43127,43137,10
13.0077800751,80.235168457,43137,43147,10
13.0078401566,80.2348403931,43147,43157,10
13.0079603195,80.2341995239,43157,43166,9
13.0081195831,80.2333831787,43166,43177,11
13.0083398819,80.2322769165,43177,43187,10
13.0085697174,80.231048584,43187,43197,10
13.0087499619,80.230140686,43197,43207,10
13.0090398788,80.228767395,43207,43217,10
13.0093603134,80.2277832031,43217,43227,10
13.0098800659,80.2266387939,43227,43237,10
13.0103702545,80.2256774902,43237,43248,11
13.010840416,80.2246932983,43248,43258,10
13.0111598969,80.2238998413,43258,43268,10
13.0114603043,80.2230987549,43268,43278,10
13.0118303299,80.2222137451,43278,43288,10
13.012260437,80.2215576172,43288,43298,10
13.0124797821,80.2215118408,43298,43308,10
13.0126399994,80.2218399048,43308,43318,10
13.0131902695,80.2224884033,43318,43328,10
13.0137300491,80.2230911255,43328,43338,10
13.0140104294,80.2233505249,43338,43348,10
13.0141601563,80.2235031128,43348,43359,11
13.0145101547,80.2238998413,43359,43369,10
13.0149202347,80.2245025635,43369,43379,10
13.015250206,80.2248535156,43379,43419,40
13.015250206,80.2248535156,43419,43429,10
13.0155897141,80.2250900269,43429,43439,10
13.0159797668,80.2253799438,43439,43449,10
13.0166597366,80.2253036499,43449,43459,10
13.0174798965,80.2249603271,43459,43475,16
13.0186796188,80.2244796753,43475,43488,13
13.0192699432,80.2243118286,43488,43506,18
13.0192699432,80.2243118286,43506,43517,11
13.0194301605,80.2243881226,43517,43528,11
13.0198497772,80.2246398926,43528,43539,11
13.0204496384,80.2250671387,43539,43549,10
13.0208396912,80.2253570557,43549,43559,10
13.0212802887,80.2257385254,43559,43569,10
13.021780014,80.2260818481,43569,43579,10
13.0222702026,80.2264404297,43579,43590,11
13.0228700638,80.2269897461,43590,43601,11
13.0232000351,80.2273406982,43601,43611,10
13.0235395432,80.2276687622,43611,43621,10
13.0241699219,80.2282485962,43621,43641,20
13.0241699219,80.2282485962,43641,43651,10
13.024310112,80.2284698486,43651,43661,10
13.0243597031,80.2285308838,43661,43671,10
13.0245199203,80.2287368774,43671,43681,10
13.0246496201,80.2288970947,43681,43691,10
13.0247898102,80.2291030884,43691,43702,11
13.0250797272,80.2294921875,43702,43712,10
13.025270462,80.2296905518,43712,43742,30
13.025270462,80.2296905518,43742,43752,10
13.0254802704,80.2299804688,43752,43762,10
13.0256595612,80.2302322388,43762,43772,10
13.0257997513,80.230506897,43772,43782,10
13.0259199142,80.2306976318,43782,43792,10
13.0259504318,80.2309494019,43792,43802,10
13.0259304047,80.2311096191,43802,43813,11
13.0259199142,80.2312393188,43813,43823,10
13.0259599686,80.2313613892,43823,43833,10
13.0262403488,80.2313232422,43833,43843,10
13.0269002914,80.2311325073,43843,43853,10
13.0276403427,80.23097229,43853,43863,10
13.0284004211,80.2308807373,43863,43883,20
13.0284004211,80.2308807373,43883,43893,10
13.0289297104,80.2308807373,43893,43903,10
13.0293798447,80.2308731079,43903,43934,31
13.0293798447,80.2308731079,43934,43944,10
13.0295200348,80.2308425903,43944,43954,10
13.029999733,80.2308273315,43954,43964,10
13.0306301117,80.2307510376,43964,43974,10
13.0307102203,80.2306289673,43974,43984,10
13.0306396484,80.2303466797,43984,43994,10
13.030500412,80.2298812866,43994,44004,10
13.0303297043,80.2293624878,44004,44014,10
13.0303201675,80.2288894653,44014,44024,10
13.0303297043,80.228477478,44024,44034,10
13.0303201675,80.2283096313,44034,44045,11
13.0303497314,80.2279968262,44045,44055,10
13.0303697586,80.2276382446,44055,44065,10
13.030090332,80.2274475098,44065,44075,10
13.0297803879,80.2274017334,44075,44085,10
13.0292596817,80.2273025513,44085,44095,10
13.0286397934,80.2271881104,44095,44105,10
13.0281496048,80.2270278931,44105,44115,10
13.0280199051,80.2267608643,44115,44125,10
13.0281095505,80.2261505127,44125,44135,10
13.0282697678,80.2253417969,44135,44145,10
13.028380394,80.2245025635,44145,44156,11
13.0285596848,80.224029541,44156,44166,10
13.0287399292,80.2240371704,44166,44176,10
13.0288200378,80.2240905762,44176,44186,10
13.0290298462,80.2241897583,44186,44196,10
13.0293998718,80.2242202759,44196,44206,10
13.0296201706,80.2242507935,44206,44216,10
13.0302095413,80.2243118286,44216,44226,10
13.0309295654,80.2243270874,44226,44242,16
13.0311698914,80.2237930298,44242,44254,12
13.0312595367,80.2232971191,44254,44262,8
13.0312595367,80.2232894897,44262,44275,13
13.0313196182,80.2227630615,44275,44285,10
13.0315599442,80.2222137451,44285,44295,10
13.0318002701,80.2216186523,44295,44305,10
13.0319900513,80.2209396362,44305,44314,9
13.0321102142,80.2204589844,44314,44325,11
13.0321397781,80.2198181152,44325,44345,20
13.0321397781,80.2198181152,44345,44354,9
13.0321302414,80.2194213867,44354,44364,10
13.0321598053,80.2188415527,44364,44375,11
13.031709671,80.2184829712,44375,44386,11
13.0314702988,80.2180175781,44386,44396,10
13.0313997269,80.2172622681,44396,44406,10
13.0312995911,80.2170181274,44406,44416,10
13.0309000015,80.2170028687,44416,44426,10
13.0305299759,80.2169494629,44426,44436,10
13.0304803848,80.216758728,44436,44446,10
13.0304698944,80.2165222168,44446,44456,10
13.0304498672,80.2163009644,44456,44466,10
13.0303497314,80.2158126831,44466,44476,10
13.0303201675,80.2150421143,44476,44486,10
13.0303697586,80.2145080566,44486,44497,11
13.0303602219,80.2145004272,44497,44507,10
13.0304203033,80.2140731812,44507,44517,10
13.0304698944,80.2136917114,44517,44527,10
13.030500412,80.2134475708,44527,44537,10
13.0305500031,80.2130203247,44537,44547,10
13.0307397842,80.2121887207,44547,44556,9
13.030790329,80.2116622925,44556,44566,10
13.0308599472,80.2113494873,44566,44577,11
13.0308904648,80.2110290527,44577,44587,10
13.0310001373,80.2101974487,44587,44608,21
13.0310001373,80.2101974487,44608,44618,10
13.0306100845,80.2099609375,44618,44628,10
13.0301198959,80.209777832,44628,44638,10
13.030090332,80.2094497681,44638,44668,30
13.030090332,80.2094497681,44668,44678,10
13.0301198959,80.2091217041,44678,44688,10
13.0305204391,80.2091217041,44688,44698,10
13.0312204361,80.2092590332,44698,44708,10
13.0314998627,80.2093429565,44708,44718,10
13.0318403244,80.2094421387,44718,44729,11
13.0325698853,80.209602356,44729,44739,10
13.0334396362,80.209777832,44739,44749,10
13.0344800949,80.2099380493,44749,44759,10
13.0350799561,80.2098007202,44759,44769,10
13.035200119,80.2091522217,44769,44778,9
13.0352401733,80.2087631226,44778,44789,11
13.0352401733,80.2087402344,44789,44799,10
13.0353002548,80.2083435059,44799,44809,10
13.035369873,80.2076797485,44809,44819,10
13.0354995728,80.2068023682,44819,44829,10
13.0355796814,80.2060928345,44829,44840,11
13.0354700089,80.2058868408,44840,44850,10
13.0354995728,80.2055282593,44850,44860,10
13.0355997086,80.2052993774,44860,44870,10
13.0357503891,80.2051086426,44870,44880,10
13.035949707,80.2038803101,44880,44890,10
13.035949707,80.2038803101,44890,44900,10
13.0360498428,80.2030029297,44900,44910,10
13.0361795425,80.202583313,44910,44920,10
13.0361795425,80.2025604248,44920,44930,10
13.0361795425,80.2024230957,44930,44940,10
13.0362501144,80.2019805908,44940,44950,10
13.0363197327,80.2015686035,44950,44962,12
13.0363397598,80.201423645,44962,44975,13
13.0364398956,80.2010192871,44975,44984,9
13.0365104675,80.2004165649,44984,44996,12
13.0366401672,80.199432373,44996,45006,10
13.036740303,80.198638916,45006,45015,9
13.0368404388,80.198097229,45015,45026,11
13.0368995667,80.1972808838,45026,45036,10
13.0370101929,80.1964569092,45036,45045,9
13.0370502472,80.1963195801,45045,45056,11
13.0371398926,80.1960983276,45056,45067,11
13.0372400284,80.1955566406,45067,45077,10
13.0373497009,80.1948318481,45077,45087,10
13.0374403,80.1939315796,45087,45097,10
13.037560463,80.1931304932,45097,45107,10
13.0379400253,80.1927719116,45107,45117,10
13.0385303497,80.1928405762,45117,45137,20
13.0385303497,80.1928405762,45137,45147,10
13.0386600494,80.1928863525,45147,45157,10
13.0388298035,80.1929016113,45157,45167,10
13.0392398834,80.1929473877,45167,45177,10
13.0397996902,80.1930389404,45177,45188,11
13.0402803421,80.1930999756,45188,45198,10
13.04088974,80.1931762695,45198,45208,10
13.0415401459,80.1932983398,45208,45218,10
13.0416698456,80.1935424805,45218,45228,10
13.0416402817,80.1937866211,45228,45238,10
13.0415897369,80.1940231323,45238,45248,10
13.0415296555,80.1945419312,45248,45258,10
13.0414495468,80.1951293945,45258,45268,10
13.0413703918,80.1954803467,45268,45278,10
13.0413198471,80.1958389282,45278,45288,10
13.0412101746,80.1961593628,45288,45299,11
13.0412101746,80.1965408325,45299,45309,10
13.0412397385,80.196762085,45309,45319,10
13.0411396027,80.1970977783,45319,45329,10
13.0410499573,80.1977386475,45329,45339,10
13.0409898758,80.198348999,45339,45349,10
13.0409202576,80.198928833,45349,45359,10
13.0408096313,80.199432373,45359,45369,10
13.040719986,80.2002334595,45369,45379,10
13.0406303406,80.2009887695,45379,45389,10
13.0405597687,80.2018203735,45389,45399,10
13.0405197144,80.2022628784,45399,45409,10
13.0403699875,80.2029418945,45409,45420,11
13.0402202606,80.2037811279,45420,45430,10
13.0401096344,80.2044219971,45430,45440,10
13.0401096344,80.2048568726,45440,45450,10
13.0402603149,80.2050170898,45450,45459,9
13.0407600403,80.205078125,45459,45470,11
13.0413599014,80.2051773071,45470,45480,10
13.0421495438,80.2052993774,45480,45490,10
13.0426397324,80.2054977417,45490,45500,10
13.0429601669,80.2060165405,45500,45510,10
13.0434503555,80.2067337036,45510,45520,10
13.0438804626,80.2074127197,45520,45531,11
13.0440597534,80.2083587646,45531,45541,10
13.0440998077,80.2089767456,45541,45551,10
13.0440998077,80.2089996338,45551,45561,10
13.0441102982,80.2093200684,45561,45571,10
13.0440797806,80.209777832,45571,45581,10
13.0441303253,80.210647583,45581,45591,10
13.0441799164,80.2114334106,45591,45601,10
13.0441904068,80.2118988037,45601,45611,10
13.0441799164,80.2119369507,45611,45621,10
13.0442800522,80.2122573853,45621,45631,10
13.0447597504,80.2122573853,45631,45642,11
13.0455598831,80.2122573853,45642,45652,10
13.0463600159,80.2122192383,45652,45662,10
13.0467996597,80.2121963501,45662,45682,20
13.0467996597,80.2121963501,45682,45692,10
13.0470399857,80.2121963501,45692,45722,30
13.0470399857,80.2121963501,45722,45732,10
13.0470399857,80.2118988037,45732,45742,10
13.0469999313,80.2118225098,45742,45753,11
13.0469703674,80.2115783691,45753,45763,10
13.0469398499,80.2111968994,45763,45773,10
13.0469198227,80.2108001709,45773,45783,10
13.0472202301,80.2107467651,45783,45793,10
13.0475597382,80.2107696533,45793,45803,10
13.0481100082,80.2108001709,45803,45813,10
13.048740387,80.2108230591,45813,45823,10
13.0493202209,80.2108383179,45823,45833,10
13.049659729,80.2108001709,45833,45843,10
13.0496902466,80.2105636597,45843,45853,10
13.0496101379,80.2099609375,45853,45863,10
13.0494699478,80.2092437744,45863,45874,11
13.0494403839,80.2089004517,45874,45884,10
13.0493402481,80.2085189819,45884,45894,10
13.0491399765,80.2079162598,45894,45904,10
13.0489196777,80.2072982788,45904,45924,20
13.0489196777,80.2072982788,45924,45934,10
13.048910141,80.2070617676,45934,45944,10
13.0490503311,80.2068786621,45944,45954,10
13.0492200851,80.2069168091,45954,45964,10
13.0491895676,80.2071533203,45964,46196,232
13.0491895676,80.2071533203,46196,46207,11
13.0491199493,80.2073822021,46207,46217,10
13.0489997864,80.2075119019,46217,46227,10
13.0491199493,80.2079086304,46227,46237,10
13.049249649,80.208480835,46237,46247,10
13.0493497849,80.2090835571,46247,46257,10
13.0494804382,80.2098999023,46257,46267,10
13.049539566,80.2106018066,46267,46277,10
13.0496196747,80.2110214233,46277,46287,10
13.0497303009,80.2117080688,46287,46297,10
13.0495796204,80.2122116089,46297,46328,31
13.0495796204,80.2122116089,46328,46338,10
13.0492095947,80.2121200562,46338,46348,10
13.0485601425,80.2121582031,46348,46358,10
13.0476999283,80.2122268677,46358,46367,9
13.0467596054,80.2122802734,46367,46378,11
13.0455904007,80.2123413086,46378,46388,10
13.0448799133,80.2123794556,46388,46459,71
13.0448799133,80.2123794556,46459,46469,10
13.0447902679,80.2124328613,46469,46479,10
13.0444402695,80.2124023438,46479,46489,10
13.044260025,80.2120285034,46489,46499,10
13.0442495346,80.2113800049,46499,46509,10
13.0441904068,80.2106781006,46509,46519,10
13.0441598892,80.2099304199,46519,46528,9
13.0441598892,80.2094421387,46528,46539,11
13.0441398621,80.2089233398,46539,46550,11
13.0441598892,80.2087402344,46550,46560,10
13.0441198349,80.2082672119,46560,46570,10
13.0438899994,80.2074203491,46570,46580,10
13.0434398651,80.2067108154,46580,46590,10
13.0429401398,80.2060089111,46590,46600,10
13.0424404144,80.2054367065,46600,46610,10
13.0417804718,80.2052688599,46610,46620,10
13.0411996841,80.2051773071,46620,46630,10
13.0408697128,80.205116272,46630,46640,10
13.0407600403,80.2050704956,46640,46650,10
13.0403404236,80.2050628662,46650,46661,11
13.0395898819,80.2049484253,46661,46671,10
13.0390300751,80.2049026489,46671,46681,10
13.0384197235,80.2047805786,46681,46691,10
13.0381498337,80.2046585083,46691,46701,10
13.0381498337,80.2043685913,46701,46711,10
13.0382099152,80.203918457,46711,46721,10
13.0382995605,80.2032775879,46721,46731,10
13.0383701324,80.2027435303,46731,46741,10
13.0384597778,80.2020568848,46741,46751,10
13.0385599136,80.2015991211,46751,46761,10
13.0386199951,80.2011032104,46761,46771,10
13.0386400223,80.2007522583,46771,46782,11
13.0387897491,80.1999282837,46782,46792,10
13.038860321,80.199256897,46792,46802,10
13.0389404297,80.1990814209,46802,46812,10
13.0389604568,80.1986999512,46812,46822,10
13.0390396118,80.1979827881,46822,46832,10
13.0391302109,80.1973419189,46832,46842,10
13.0391998291,80.1969299316,46842,46858,16
13.0392398834,80.1967315674,46858,46870,12
13.0392999649,80.1962890625,46870,46878,8
13.0393600464,80.1959228516,46878,46890,12
13.0394802094,80.19506073,46890,46901,11
13.0395803452,80.1941833496,46901,46911,10
13.0397195816,80.1931991577,46911,46931,20
13.0397195816,80.1931991577,46931,46940,9
13.0396003723,80.1930236816,46940,46951,11
13.0391101837,80.1929321289,46951,46961,10
13.0387201309,80.1928634644,46961,46971,10
13.0387096405,80.1928482056,46971,46981,10
13.0383796692,80.1928024292,46981,46991,10
13.0378303528,80.1928405762,46991,47001,10
13.037610054,80.1934127808,47001,47012,11
13.0374603271,80.1942214966,47012,47022,10
13.0372896194,80.1951599121,47022,47032,10
13.037229538,80.1958389282,47032,47042,10
13.037229538,80.1959686279,47042,47052,10
13.037150383,80.1961975098,47052,47062,10
13.0369997025,80.1967086792,47062,47072,10
13.0368900299,80.1974868774,47072,47082,10
13.0367698669,80.1986083984,47082,47102,20
13.0367698669,80.1986083984,47102,47112,10
13.0367097855,80.1988677979,47112,47123,11
13.0365695953,80.1994018555,47123,47133,10
13.0364398956,80.2001113892,47133,47143,10
13.0363197327,80.2009277344,47143,47153,10
13.0362701416,80.2014770508,47153,47163,10
13.0362596512,80.2015991211,47163,47173,10
13.036239624,80.2017822266,47173,47183,10
13.0361404419,80.2021789551,47183,47193,10
13.0360498428,80.2027816772,47193,47203,10
13.0359697342,80.2035217285,47203,47212,9
13.0359201431,80.2041015625,47212,47223,11
13.0358695984,80.2046127319,47223,47234,11
13.035779953,80.2053222656,47234,47244,10
13.0357503891,80.2058029175,47244,47254,10
13.0356998444,80.2059783936,47254,47264,10
13.0356302261,80.2064590454,47264,47274,10
13.0355195999,80.2072067261,47274,47284,10
13.0354003906,80.2082138062,47284,47314,30
13.0354003906,80.2082138062,47314,47324,10
13.0353097916,80.2086105347,47324,47334,10
13.0352096558,80.2091293335,47334,47345,11
13.0350999832,80.2098693848,47345,47355,10
13.0350103378,80.2104187012,47355,47365,10
13.0348396301,80.2108001709,47365,47375,10
13.0347604752,80.21144104,47375,47385,10
13.034620285,80.2120513916,47385,47395,10
13.034239769,80.2120513916,47395,47405,10
13.0337400436,80.2119903564,47405,47415,10
13.033200264,80.2119369507,47415,47425,10
13.0327596664,80.2119064331,47425,47445,20
13.0327596664,80.2119064331,47445,47455,10
13.0325403214,80.2118682861,47455,47466,11
13.0322799683,80.211807251,47466,47476,10
13.0319404602,80.2116470337,47476,47486,10
13.0319595337,80.2110824585,47486,47496,10
13.0320501328,80.2103805542,47496,47506,10
13.0320796967,80.2097320557,47506,47516,10
13.03166008,80.2095565796,47516,47526,10
13.0309200287,80.2093429565,47526,47536,10
13.0303201675,80.2091674805,47536,47566,30
13.0303201675,80.2091674805,47566,47577,11
13.0300598145,80.2092437744,47577,47587,10
13.029999733,80.2093811035,47587,47597,10
13.029999733,80.2094497681,47597,47607,10
13.0299901962,80.2096786499,47607,47617,10
13.0303401947,80.2098312378,47617,47627,10
13.0307998657,80.2099609375,47627,47637,10
13.0308198929,80.2099609375,47637,47647,10
13.030960083,80.2100601196,47647,47657,10
13.0309896469,80.2101516724,47657,47667,10
13.0309295654,80.2105789185,47667,47677,10
13.0308599472,80.2110366821,47677,47688,11
13.0307998657,80.2113189697,47688,47698,10
13.0307502747,80.2116775513,47698,47708,10
13.0306596756,80.2120132446,47708,47718,10
13.0305595398,80.2126083374,47718,47728,10
13.0304603577,80.2132568359,47728,47738,10
13.0304298401,80.2135772705,47738,47748,10
13.0303497314,80.2138595581,47748,47758,10
13.0303001404,80.2144393921,47758,47768,10
13.0303001404,80.2146606445,47768,47778,10
13.0302801132,80.2149429321,47778,47788,10
13.0302696228,80.2154998779,47788,47798,10
13.0303201675,80.2161865234,47798,47809,11
13.0303602219,80.2167434692,47809,47819,10
13.0305995941,80.2168807983,47819,47829,10
13.0307502747,80.2169189453,47829,47839,10
13.0311098099,80.2169189453,47839,47849,10
13.0313196182,80.2169418335,47849,47859,10
13.0314302444,80.2171936035,47859,47869,10
13.0314502716,80.2177429199,47869,47879,10
13.0316696167,80.2183532715,47879,47889,10
13.0320997238,80.2184295654,47889,47899,10
13.0321798325,80.2188186646,47899,47909,10
13.0321598053,80.2194213867,47909,47920,11
13.0321598053,80.2198562622,47920,47930,10
13.0321598053,80.2201919556,47930,47940,10
13.0321598053,80.2202911377,47940,47950,10
13.0321702957,80.2204818726,47950,47960,10
13.0320396423,80.220993042,47960,47970,10
13.031920433,80.2215270996,47970,47980,10
13.0316896439,80.2219619751,47980,47990,10
13.0314598083,80.2224578857,47990,48000,10
13.0312700272,80.2228622437,48000,48010,10
13.0311603546,80.2234420776,48010,48020,10
13.031129837,80.223777771,48020,48037,17
13.0311203003,80.2239837646,48037,48049,12
13.0311002731,80.2242584229,48049,48059,10
13.0308799744,80.2242965698,48059,48069,10
13.0302600861,80.224281311,48069,48079,10
13.0296897888,80.2242965698,48079,48089,10
13.0291900635,80.224319458,48089,48098,9
13.0291595459,80.2243118286,48098,48109,11
13.0288801193,80.2241210938,48109,48119,10
13.0284795761,80.2240829468,48119,48129,10
13.0283002853,80.2246932983,48129,48139,10
13.0281400681,80.2253875732,48139,48150,11
13.027970314,80.2261810303,48150,48159,9
13.0278701782,80.2266921997,48159,48170,11
13.0279102325,80.2269363403,48170,48180,10
13.0282001495,80.2270736694,48180,48190,10
13.0288000107,80.227180481,48190,48200,10
13.029540062,80.2272872925,48200,48210,10
13.0302295685,80.2274093628,48210,48220,10
13.0303602219,80.2277069092,48220,48230,10
13.0303201675,80.2280883789,48230,48240,10
13.0303201675,80.2281570435,48240,48250,10
13.0302801132,80.2284622192,48250,48261,11
13.0302200317,80.2289962769,48261,48271,10
13.0302600861,80.2292785645,48271,48281,10
13.0304803848,80.2297821045,48281,48291,10
13.0306396484,80.2303771973,48291,48301,10
13.030670166,80.2306594849,48301,48311,10
13.0304098129,80.2307662964,48311,48327,16
13.0298204422,80.2308425903,48327,48339,12
13.0297002792,80.2308502197,48339,48347,8
13.0294103622,80.2308883667,48347,48359,12
13.0286502838,80.2309265137,48359,48369,10
13.0280399323,80.2310333252,48369,48380,11
13.0277204514,80.2311019897,48380,48390,10
13.0276498795,80.2314224243,48390,48400,10
13.0276699066,80.2318191528,48400,48410,10
13.0277795792,80.2322998047,48410,48420,10
13.0277795792,80.2327575684,48420,48430,10
13.0273103714,80.2328796387,48430,48439,9
13.0268697739,80.2329711914,48439,48458,19
13.0268697739,80.2329711914,48458,48470,12
13.0267095566,80.232963562,48470,48480,10
13.0264902115,80.233001709,48480,48491,11
13.0262203217,80.2324829102,48491,48501,10
13.0260696411,80.231842041,48501,48511,10
13.0259304047,80.231338501,48511,48521,10
13.0257101059,80.2305908203,48521,48531,10
13.0251502991,80.2297210693,48531,48541,10
13.0246601105,80.2291107178,48541,48551,10
13.0243196487,80.2286529541,48551,48561,10
13.0239601135,80.2282562256,48561,48571,10
13.0239601135,80.2282485962,48571,48581,10
13.0238895416,80.2281417847,48581,48591,10
13.0236101151,80.2278213501,48591,48601,10
13.023229599,80.2274398804,48601,48612,11
13.0228204727,80.2269973755,48612,48621,9
13.0224504471,80.2266769409,48621,48632,11
13.0218896866,80.2262191772,48632,48642,10
13.0210800171,80.2255935669,48642,48652,10
13.0201997757,80.2249603271,48652,48662,10
13.0192298889,80.2244796753,48662,48672,10
13.0182695389,80.2246932983,48672,48682,10
13.0174303055,80.2250289917,48682,48692,10
13.016699791,80.2253417969,48692,48702,10
13.0163698196,80.2255020142,48702,48712,10
13.0159301758,80.2256622314,48712,48723,11
13.0155000687,80.2257766724,48723,48733,10
13.0148601532,80.22605896,48733,48743,10
13.0144100189,80.2262191772,48743,48763,20
13.0144100189,80.2262191772,48763,48773,10
13.0142602921,80.226272583,48773,48783,10
13.0138597488,80.2264175415,48783,48793,10
13.0131998062,80.2266769409,48793,48803,10
13.0123500824,80.2270126343,48803,48813,10
13.011349678,80.2274017334,48813,48823,10
13.0102996826,80.2278366089,48823,48834,11
13.0092201233,80.2283630371,48834,48844,10
13.0089101791,80.2294616699,48844,48854,10
13.0086803436,80.2305984497,48854,48864,10
13.008480072,80.2317504883,48864,48874,10
13.0082998276,80.2328033447,48874,48884,10
13.0082302094,80.2334594727,48884,48894,10
13.0081996918,80.2334976196,48894,48904,10
13.0081100464,80.2338485718,48904,48914,10
13.0080003738,80.2343826294,48914,48924,10
13.007900238,80.2347793579,48924,48934,10
13.0078697205,80.2349472046,48934,48945,11
13.0077600479,80.2355194092,48945,48955,10
13.007610321,80.236289978,48955,48965,10
13.0074100494,80.2373199463,48965,48975,10
13.007229805,80.2383422852,48975,48984,9
13.0071001053,80.2390518188,48984,49015,31
13.0071001053,80.2390518188,49015,49025,10
13.0069999695,80.2394485474,49025,49035,10
13.0069303513,80.2398300171,49035,49106,71
13.0069303513,80.2398300171,49106,49116,10
13.0068502426,80.240196228,49116,49126,10
13.0068397522,80.2405166626,49126,49136,10
13.006819725,80.2406311035,49136,49146,10
13.0067195892,80.2410736084,49146,49156,10
13.0066795349,80.2417526245,49156,49166,10
13.0066795349,80.2419204712,49166,49177,11
13.0066699982,80.2422409058,49177,49187,10
13.0066604614,80.2426300049,49187,49197,10
13.0066404343,80.2429428101,49197,49207,10
13.0066299438,80.2431182861,49207,49217,10
13.0066204071,80.2432632446,49217,49227,10
13.0066204071,80.2435379028,49227,49237,10
13.0066099167,80.2438812256,49237,49247,10
13.0066204071,80.2443008423,49247,49257,10
13.0066204071,80.2447662354,49257,49267,10
13.0066404343,80.2452468872,49267,49277,10
13.0066604614,80.2456436157,49277,49288,11
13.0067100525,80.2462768555,49288,49308,20
13.0067100525,80.2462768555,49308,49318,10
13.0067100525,80.2468338013,49318,49328,10
13.0067195892,80.2472229004,49328,49338,10
13.0066699982,80.2475204468,49338,49348,10
13.0066795349,80.2481002808,49348,49358,10
13.0067796707,80.2489776611,49358,49368,10
13.0068302155,80.2495727539,49368,49378,10
13.0067996979,80.2501068115,49378,49388,10
13.0067796707,80.2512512207,49388,49409,21
13.0067796707,80.2512512207,49409,49419,10
13.0066795349,80.2515792847,49419,49429,10
13.0065402985,80.2522125244,49429,49439,10
13.0065002441,80.2531433105,49439,49449,10
13.0065002441,80.2541427612,49449,49459,10
13.0065603256,80.2549362183,49459,49479,20
13.0065603256,80.2549362183,49479,49489,10
13.0065803528,80.2553863525,49489,49499,10
13.0065803528,80.2560882568,49499,49509,10
13.0067396164,80.2572631836,49509,49540,31
13.0067396164,80.2572631836,49540,49550,10
13.0067195892,80.2574920654,49550,49620,70
13.0067195892,80.2574920654,49620,49631,11
13.0064601898,80.2575378418,49631,49641,10
13.0059499741,80.2574615479,49641,49651,10
13.0053396225,80.2573013306,49651,49661,10
13.0047197342,80.2571716309,49661,49671,10
13.0041103363,80.2570266724,49671,49681,10
13.0036096573,80.256942749,49681,49691,10
13.003080368,80.2568435669,49691,49731,40
13.003080368,80.2568435669,49731,49742,11
13.0029001236,80.2567901611,49742,49752,10
13.0027198792,80.2567596436,49752,49762,10
13.0024299622,80.2567062378,49762,49772,10
13.0020599365,80.2566375732,49772,49780,8
13.0015602112,80.2565612793,49780,49852,72
13.0015602112,80.2565612793,49852,49863,11
13.0012998581,80.2565307617,49863,49873,10
13.0008897781,80.2564620972,49873,49883,10
13.0002603531,80.2563781738,49883,49893,10
12.9997396469,80.2562637329,49893,49903,10
12.9990797043,80.2561416626,49903,49913,10
12.9984502792,80.2560272217,49913,49923,10
12.9980697632,80.2559967041,49923,49933,10
12.9980602264,80.2559967041,49933,49943,10
12.9976501465,80.2559814453,49943,49953,10
12.9971599579,80.2559432983,49953,49963,10
12.9968795776,80.2562408447,49963,49974,11
12.9968099594,80.2568817139,49974,49991,17
12.9966697693,80.2581634521,49991,50003,12
12.9965496063,80.2590484619,50003,50013,10
12.9965000153,80.2595291138,50013,50023,10
12.9964704514,80.2599487305,50023,50033,10
12.9964199066,80.260597229,50033,50042,9
12.9963598251,80.261177063,50042,50053,11
12.9963197708,80.2618789673,50053,50063,10
12.9962701797,80.2620697021,50063,50073,10
12.9961900711,80.2624435425,50073,50084,11
12.9961595535,80.2630767822,50084,50094,10
12.9961595535,80.2632980347,50094,50103,9
12.9961099625,80.2636108398,50103,50114,11
12.9960298538,80.264289856,50114,50125,11
12.995929718,80.2650985718,50125,50135,10
12.9958000183,80.2661514282,50135,50145,10
12.9956998825,80.2671279907,50145,50155,10
12.9961500168,80.2676773071,50155,50175,20
12.9961500168,80.2676773071,50175,50185,10
12.9965896606,80.2677764893,50185,50196,11
12.9973602295,80.2676010132,50196,50206,10
12.9982299805,80.2673568726,50206,50216,10
12.9991102219,80.2671127319,50216,50226,10
13.0001096725,80.2665405273,50226,50246,20
13.0001096725,80.2665405273,50246,50256,10
13.0001497269,80.2664108276,50256,50266,10
13.000169754,80.2660827637,50266,50276,10
13.0002002716,80.2657394409,50276,50286,10
13.0003004074,80.2657012939,50286,50306,20
13.0002698898,80.2660827637,50306,50377,71
13.0002698898,80.2660827637,50377,50387,10
13.0003004074,80.2663879395,50387,50619,232
13.0003004074,80.2663879395,50619,50629,10
13.0002603531,80.2666091919,50629,50639,10
13.0002603531,80.2667007446,50639,50649,10
12.9999799728,80.2669067383,50649,50660,11
12.9993000031,80.2670593262,50660,50670,10
12.99862957,80.267250061,50670,50680,10
12.9980602264,80.2674026489,50680,50690,10
12.9973697662,80.2676010132,50690,50700,10
12.9965000153,80.2677536011,50700,50710,10
12.9957895279,80.2676773071,50710,50720,10
12.9956703186,80.2675323486,50720,50730,10
12.9956998825,80.2673110962,50730,50740,10
12.9957504272,80.2668075562,50740,50750,10
12.9958200455,80.2660598755,50750,50760,10
12.9959201813,80.265083313,50760,50771,11
12.9960699081,80.2639694214,50771,50781,10
12.9961500168,80.2631378174,50781,50791,10
12.9961795807,80.262840271,50791,50801,10
12.9961795807,80.2627105713,50801,50811,10
12.9961996078,80.2624588013,50811,50821,10
12.9962396622,80.2620620728,50821,50831,10
12.9962997437,80.2616119385,50831,50841,10
12.9963998795,80.2608032227,50841,50851,10
12.9965000153,80.2599029541,50851,50861,10
12.9965400696,80.2593383789,50861,50871,10
12.9966201782,80.2586135864,50871,50882,11
12.9967098236,80.2576828003,50882,50892,10
12.9967803955,80.2570037842,50892,50902,10
12.9968204498,80.2565536499,50902,50912,10
12.9968595505,80.2562713623,50912,50922,10
12.9968595505,80.2562637329,50922,50932,10
12.9968795776,80.2561569214,50932,50942,10
12.9969902039,80.2559204102,50942,50952,10
12.9973897934,80.2559127808,50952,50962,10
12.9979696274,80.255897522,50962,50972,10
12.9982204437,80.2559585571,50972,50982,10
12.9983997345,80.2559890747,50982,50993,11
12.9985799789,80.2560424805,50993,51003,10
12.9988002777,80.2560501099,51003,51013,10
12.9991703033,80.2560806274,51013,51033,20
12.9991703033,80.2560806274,51033,51043,10
12.9992399216,80.256111145,51043,51053,10
12.9996700287,80.256187439,51053,51063,10
13.0001802444,80.2563018799,51063,51073,10
13.00041008,80.2563705444,51073,51083,10
13.0006799698,80.2564315796,51083,51093,10
13.0011301041,80.2564697266,51093,51103,10
13.0014200211,80.2565307617,51103,51114,11
13.0018997192,80.2565994263,51114,51124,10
13.0024595261,80.2566833496,51124,51134,10
13.0029697418,80.2567901611,51134,51143,9
13.0034599304,80.2568817139,51143,51154,11
13.0041503906,80.2570266724,51154,51164,10
13.00481987,80.2571334839,51164,51174,10
13.0054798126,80.2572631836,51174,51184,10
13.0061903,80.2574081421,51184,51235,51
13.0063199997,80.2576370239,51235,51255,20
13.0063199997,80.2576370239,51255,51265,10
13.0065498352,80.2574386597,51265,51275,10
13.0064401627,80.2567901611,51275,51285,10
13.0064096451,80.2559967041,51285,51295,10
13.0064897537,80.2552566528,51295,51305,10
13.0064897537,80.2543869019,51305,51325,20
13.0064897537,80.2543869019,51325,51336,11
13.006529808,80.2539520264,51336,51346,10
13.0065402985,80.2536010742,51346,51356,10
13.0065498352,80.2535629272,51356,51366,10
13.0066099167,80.2533569336,51366,51376,10
13.0066003799,80.2532577515,51376,51386,10
13.0065803528,80.2529907227,51386,51447,61
13.0065803528,80.2529907227,51447,51457,10
13.0065402985,80.2526092529,51457,51467,10
13.0066299438,80.2518768311,51467,51547,80
13.0066299438,80.2518768311,51547,51557,10
13.0067195892,80.2516479492,51557,51568,11
13.0067596436,80.2511901855,51568,51578,10
13.0067396164,80.2503890991,51578,51588,10
13.0067501068,80.2494888306,51588,51598,10
13.0066604614,80.2486801147,51598,51739,141
13.0066604614,80.2486801147,51739,51749,10
13.0066699982,80.2484436035,51749,51759,10
13.0066699982,80.248260498,51759,51769,10
13.0066404343,80.2478179932,51769,51779,10
13.0066404343,80.2472610474,51779,51790,11
13.0065803528,80.2466201782,51790,51800,10
13.0065898895,80.2465286255,51800,51810,10
13.0066204071,80.2463912964,51810,51820,10
13.0066099167,80.24584198,51820,51830,10
13.0066003799,80.2450866699,51830,51840,10
13.0065898895,80.2446365356,51840,51850,10
13.0066003799,80.2443618774,51850,51860,10
13.0065898895,80.2439575195,51860,51870,10
13.0065803528,80.2435836792,51870,51880,10
13.0065603256,80.2429504395,51880,51890,10
13.0065603256,80.2420806885,51890,51900,10
13.0065803528,80.2412567139,51900,51911,11
13.0066204071,80.2409210205,51911,51921,10
13.0066900253,80.2404632568,51921,51931,10
13.0067996979,80.2398834229,51931,51941,10
13.0069303513,80.239112854,51941,51957,16
13.0071601868,80.2379837036,51957,51969,12
13.0072898865,80.2373962402,51969,51979,10
13.007349968,80.2370605469,51979,51989,10
13.0073900223,80.2368392944,51989,51999,10
13.0074300766,80.2367477417,51999,52009,10
13.0075101852,80.236541748,52009,52020,11
13.0075998306,80.2360992432,52020,52030,10
13.0076303482,80.2359619141,52030,52040,10
13.0077104568,80.2356109619,52040,52049,9
13.0077600479,80.2353210449,52049,52060,11
13.0077600479,80.2352905273,52060,52070,10
13.0078201294,80.2350387573,52070,52080,10
13.0078601837,80.23462677,52080,52090,10
13.0080099106,80.2339324951,52090,52100,10
13.0081996918,80.2329788208,52100,52110,10
13.0084400177,80.231842041,52110,52120,10
13.0086698532,80.2307128906,52120,52131,11
13.0089197159,80.2295303345,52131,52141,10
13.0091600418,80.2284011841,52141,52151,10
13.0096101761,80.2273025513,52151,52161,10
13.0101003647,80.2262573242,52161,52171,10
13.0105304718,80.2253799438,52171,52181,10
13.01060009,80.2252120972,52181,52191,10
13.0107097626,80.2249984741,52191,52201,10
13.0108995438,80.2245483398,52201,52211,10
13.011179924,80.223777771,52211,52221,10
13.0115995407,80.2228088379,52221,52231,10
13.0119600296,80.2217407227,52231,52241,10
13.0121803284,80.2214126587,52241,52258,17
13.0124597549,80.2216491699,52258,52270,12
13.012840271,80.2221298218,52270,52280,10
13.0133399963,80.222618103,52280,52290,10
13.0138998032,80.2233123779,52290,52300,10
13.0142002106,80.2236862183,52300,52310,10
13.014670372,80.2240371704,52310,52319,9
13.0154695511,80.2249832153,52319,52340,21
13.0154695511,80.2249832153,52340,52350,10
13.0157899857,80.2252197266,52350,52361,11
13.0164604187,80.2252807617,52361,52371,10
13.01720047,80.2250213623,52371,52381,10
13.017999649,80.2247009277,52381,52391,10
13.0193195343,80.224281311,52391,52411,20
13.0193195343,80.224281311,52411,52421,10
13.0194501877,80.224357605,52421,52431,10
13.0197896957,80.2245788574,52431,52441,10
13.0202999115,80.2249603271,52441,52451,10
13.0209197998,80.2254180908,52451,52461,10
13.0216197968,80.2259674072,52461,52472,11
13.0223903656,80.226600647,52472,52482,10
13.0230903625,80.227180481,52482,52492,10
13.023850441,80.2279129028,52492,52502,10
13.0242204666,80.2282562256,52502,52512,10
13.0242795944,80.2283401489,52512,52522,10
13.0243597031,80.2284393311,52522,52532,10
13.024600029,80.2287979126,52532,52542,10
13.0249795914,80.2293395996,52542,52552,10
13.02546978,80.2299804688,52552,52562,10
13.0257902145,80.2304916382,52562,52572,10
13.0259199142,80.2308578491,52572,52583,11
13.0259895325,80.2312164307,52583,52593,10
13.0263204575,80.2312774658,52593,52603,10
13.0269298553,80.2311630249,52603,52613,10
13.0276403427,80.2310180664,52613,52623,10
13.0284004211,80.2309494019,52623,52643,20
13.0284004211,80.2309494019,52643,52653,10
13.0291595459,80.2308502197,52653,52683,30
13.0291595459,80.2308502197,52683,52693,10
13.0294303894,80.2308273315,52693,52704,11
13.0297803879,80.230796814,52704,52714,10
13.0302696228,80.230758667,52714,52724,10
13.0306196213,80.2307128906,52724,52734,10
13.0306596756,80.2305984497,52734,52744,10
13.0305995941,80.2302398682,52744,52754,10
13.0303697586,80.2296295166,52754,52764,10
13.0302801132,80.2288894653,52764,52774,10
13.0303297043,80.2282867432,52774,52784,10
13.0303297043,80.2282562256,52784,52794,10
13.0303401947,80.2281570435,52794,52804,10
13.0303897858,80.2277832031,52804,52815,11
13.0298595428,80.227432251,52815,52845,30
13.0298595428,80.227432251,52845,52855,10
13.0291996002,80.2272567749,52855,52865,10
13.0287399292,80.227180481,52865,52875,10
13.0286302567,80.2271728516,52875,52885,10
13.0283203125,80.227142334,52885,52895,10
13.0279598236,80.2269134521,52895,52905,10
13.0279998779,80.2264404297,52905,52915,10
13.0281400681,80.2257080078,52915,52926,11
13.0283298492,80.2247924805,52926,52936,10
13.0284404755,80.224067688,52936,52946,10
13.0287599564,80.2239990234,52946,52956,10
13.0288000107,80.2240066528,52956,52966,10
13.0289096832,80.2240371704,52966,52976,10
13.0291795731,80.2241821289,52976,52986,10
13.029589653,80.2242584229,52986,52996,10
13.0301704407,80.224357605,52996,53006,10
13.0308504105,80.224319458,53006,53016,10
13.0310401917,80.2240905762,53016,53026,10
13.0311002731,80.2237167358,53026,53036,10
13.0311803818,80.2232894897,53036,53047,11
13.0311803818,80.2232589722,53047,53057,10
13.03125,80.2228012085,53057,53067,10
13.0314702988,80.2223892212,53067,53077,10
13.0317401886,80.2217636108,53077,53087,10
13.0319795609,80.2210235596,53087,53097,10
13.032119751,80.2204971313,53097,53107,10
13.0321397781,80.2197418213,53107,53137,30
13.0321397781,80.2197418213,53137,53147,10
13.0321798325,80.2194519043,53147,53158,11
13.0321998596,80.2189178467,53158,53168,10
13.0319099426,80.2185134888,53168,53178,10
13.0315103531,80.2181625366,53178,53188,10
13.0314397812,80.2174377441,53188,53198,10
13.031370163,80.2170410156,53198,53208,10
13.0311203003,80.2169876099,53208,53218,10
13.0306997299,80.2169494629,53218,53228,10
13.0304498672,80.2166366577,53228,53238,10
13.0304298401,80.2165374756,53238,53248,10
13.0304098129,80.2163772583,53248,53258,10
13.0303602219,80.215927124,53258,53269,11
13.0303201675,80.2151031494,53269,53279,10
13.0303096771,80.2145614624,53279,53289,10
13.0303201675,80.2145309448,53289,53299,10
13.0303602219,80.2144165039,53299,53309,10
13.0304203033,80.2139968872,53309,53319,10
13.0304498672,80.213760376,53319,53329,10
13.030500412,80.2134017944,53329,53339,10
13.0305700302,80.2129592896,53339,53349,10
13.0306301117,80.2121963501,53349,53359,10
13.0307197571,80.2117385864,53359,53369,10
13.0307798386,80.2113876343,53369,53380,11
13.0308504105,80.2110366821,53380,53390,10
13.0309000015,80.2106170654,53390,53400,10
13.0309400558,80.2103118896,53400,53410,10
13.0308198929,80.2101287842,53410,53420,10
13.0304298401,80.2099685669,53420,53430,10
13.0300397873,80.2097091675,53430,53440,10
13.0301198959,80.2092666626,53440,53491,51
13.0301198959,80.2092666626,53491,53501,10
13.0304403305,80.2090072632,53501,53511,10
13.0307703018,80.2091064453,53511,53521,10
13.0315904617,80.2094116211,53521,53541,20
13.0315904617,80.2094116211,53541,53551,10
13.0319900513,80.2096481323,53551,53561,10
13.032409668,80.2096405029,53561,53571,10
13.0332202911,80.209777832,53571,53581,10
13.034119606,80.2098770142,53581,53591,10
13.0348796844,80.2099761963,53591,53601,10
13.0351495743,80.2095794678,53601,53612,11
13.0352497101,80.2086410522,53612,53642,30
13.0352497101,80.2086410522,53642,53652,10
13.0352897644,80.2084579468,53652,53662,10
13.035369873,80.2081069946,53662,53672,10
13.0354604721,80.2074279785,53672,53682,10
13.0355501175,80.2066192627,53682,53692,10
13.0354995728,80.2060623169,53692,53702,10
13.035490036,80.2058029175,53702,53712,10
13.0355195999,80.205406189,53712,53723,11
13.0355195999,80.2053833008,53723,53733,10
13.0356302261,80.2051696777,53733,53743,10
13.0356702805,80.2051696777,53743,53753,10
13.0357999802,80.2050170898,53753,53763,10
13.0358600616,80.2045822144,53763,53773,10
13.0359697342,80.2038421631,53773,53783,10
13.0360803604,80.2029876709,53783,53793,10
13.0361995697,80.2020874023,53793,53803,10
13.0362596512,80.2014923096,53803,53823,20
13.0362596512,80.2014923096,53823,53833,10
13.0363502502,80.2010498047,53833,53844,11
13.0364599228,80.2003631592,53844,53854,10
13.0365800858,80.1995162964,53854,53864,10
13.0367002487,80.1986236572,53864,53874,10
13.0367603302,80.1984176636,53874,53884,10
13.0368003845,80.1982192993,53884,53894,10
13.0368499756,80.1977310181,53894,53904,10
13.0369701385,80.1970672607,53904,53914,10
13.03703022,80.1963882446,53914,53924,10
13.0370397568,80.1963500977,53924,53934,10
13.0370998383,80.1960983276,53934,53944,10
13.0371599197,80.1956863403,53944,53955,11
13.0372896194,80.1948699951,53955,53965,10
13.0374202728,80.1940231323,53965,53975,10
13.037560463,80.1930618286,53975,53985,10
13.0378599167,80.192741394,53985,53995,10
13.0382299423,80.192779541,53995,54005,10
13.0386800766,80.1928710938,54005,54025,20
13.0386800766,80.1928710938,54025,54035,10
13.0392303467,80.1929626465,54035,54045,10
13.0396003723,80.1930236816,54045,54055,10
13.0399398804,80.1930770874,54055,54066,11
13.0405101776,80.1932067871,54066,54076,10
13.0412302017,80.1933517456,54076,54086,10
13.0415897369,80.1936569214,54086,54096,10
13.0416402817,80.1939086914,54096,54106,10
13.0416898727,80.1940994263,54106,54122,16
13.0416002274,80.1949386597,54122,54134,12
13.0415296555,80.1957168579,54134,54142,8
13.0414600372,80.1959991455,54142,54154,12
13.041390419,80.1965408325,54154,54164,10
13.0413703918,80.196762085,54164,54174,10
13.0413198471,80.1970214844,54174,54185,11
13.0412101746,80.1976623535,54185,54195,10
13.0410995483,80.1984176636,54195,54205,10
13.0410404205,80.1990585327,54205,54215,10
13.0410003662,80.1992721558,54215,54225,10
13.0409698486,80.199546814,54225,54235,10
13.0408496857,80.2001800537,54235,54245,10
13.0407600403,80.2010498047,54245,54255,10
13.0406599045,80.2018280029,54255,54265,10
13.040599823,80.2021408081,54265,54275,10
13.04047966,80.2027206421,54275,54285,10
13.0403995514,80.2034835815,54285,54296,11
13.0403003693,80.2040405273,54296,54306,10
13.0402002335,80.2047729492,54306,54316,10
13.0404596329,80.2050170898,54316,54326,10
13.0410203934,80.2051391602,54326,54327,1
13.0410604477,80.2051391602,54327,54328,1
13.0410804749,80.2051467896,54328,54374,46
13.0431098938,80.2062530518,54374,54384,10
13.0437297821,80.20703125,54384,54394,10
13.0440597534,80.2078781128,54394,54404,10
13.0441198349,80.2087936401,54404,54415,11
13.0441503525,80.2090301514,54415,54425,10
13.0441598892,80.209312439,54425,54435,10
13.0441703796,80.2098999023,54435,54445,10
13.0441799164,80.2107009888,54445,54455,10
13.044210434,80.212059021,54455,54487,32
13.044210434,80.212059021,54487,54497,10
13.0446395874,80.2122421265,54497,54507,10
13.0452604294,80.2122421265,54507,54516,9
13.0459699631,80.2122268677,54516,54528,12
13.0467700958,80.2121963501,54528,54537,9
13.0470199585,80.2118911743,54537,54559,22
13.0470199585,80.2118911743,54559,54569,10
13.0470304489,80.2116775513,54569,54579,10
13.0470104218,80.2113113403,54579,54589,10
13.0470104218,80.2108230591,54589,54599,10
13.0473299026,80.2107696533,54599,54609,10
13.047829628,80.2108001709,54609,54619,10
13.0483703613,80.2107467651,54619,54629,10
13.0489196777,80.2107620239,54629,54640,11
13.0493602753,80.2107162476,54640,54650,10
13.0495300293,80.2105636597,54650,54660,10
13.0495195389,80.2100524902,54660,54670,10
13.0494804382,80.2093429565,54670,54679,9
13.0494098663,80.2086868286,54679,54690,11
13.0491399765,80.207862854,54690,54700,10
13.0488195419,80.2069320679,54700,54730,30
13.0488195419,80.2069320679,54730,54740,10
13.0487804413,80.2068023682,54740,54751,11
13.0491600037,80.2068328857,54751,54801,50
13.0491600037,80.2068328857,54801,54811,10
13.0493898392,80.2070999146,54811,54993,182
13.0492801666,80.2071914673,54993,55083,90
13.0492801666,80.2071914673,55083,55094,11
13.049079895,80.2075881958,55094,55104,10
13.049200058,80.2081680298,55104,55113,9
13.0493001938,80.2087020874,55113,55124,11
13.0494298935,80.2092208862,55124,55134,10
13.0495195389,80.2097930908,55134,55144,10
13.049539566,80.2100601196,55144,55154,10
13.0495700836,80.2104797363,55154,55164,10
13.0496501923,80.211151123,55164,55174,10
13.0497398376,80.2116775513,55174,55245,71
13.0497398376,80.2116775513,55245,55255,10
13.0499200821,80.2119903564,55255,55265,10
13.0497198105,80.2121734619,55265,55275,10
13.0495300293,80.2121810913,55275,55285,10
13.0494203568,80.2121582031,55285,55295,10
13.0489397049,80.2121505737,55295,55305,10
13.0482196808,80.2121963501,55305,55315,10
13.0473299026,80.2122573853,55315,55326,11
13.0462503433,80.2123031616,55326,55336,10
13.0452604294,80.212348938,55336,55346,10
13.044549942,80.2124023438,55346,55356,10
13.0442695618,80.2123413086,55356,55386,30
13.0442695618,80.2123413086,55386,55396,10
13.0442304611,80.2120132446,55396,55406,10
13.0441904068,80.211479187,55406,55416,10
13.0441598892,80.2108306885,55416,55426,10
13.0441198349,80.2101364136,55426,55437,11
13.0440797806,80.2089080811,55437,55457,20
13.0440797806,80.2089080811,55457,55467,10
13.044090271,80.2084579468,55467,55477,10
13.0440196991,80.2079315186,55477,55487,10
13.0437402725,80.2072296143,55487,55497,10
13.0433998108,80.2067184448,55497,55507,10
13.0428104401,80.2058792114,55507,55517,10
13.0421304703,80.2053985596,55517,55527,10
13.0413503647,80.2052383423,55527,55537,10
13.0407800674,80.2051315308,55537,55548,11
13.0406303406,80.2051086426,55548,55558,10
13.0402297974,80.205039978,55558,55568,10
13.0396299362,80.2049407959,55568,55578,10
13.0390996933,80.2048721313,55578,55588,10
13.0388898849,80.2048492432,55588,55598,10
13.0383396149,80.204788208,55598,55608,10
13.0381498337,80.2044906616,55608,55618,10
13.0382404327,80.2038879395,55618,55628,10
13.0383701324,80.2032165527,55628,55638,10
13.0384597778,80.202507019,55638,55648,10
13.0385198593,80.2018814087,55648,55658,10
13.038599968,80.201461792,55658,55669,11
13.0387001038,80.2008514404,55669,55679,10
13.0387802124,80.2004318237,55679,55689,10
13.0388698578,80.1999206543,55689,55699,10
13.0389204025,80.199432373,55699,55709,10
13.0390195847,80.1989593506,55709,55719,10
13.0391302109,80.1981811523,55719,55729,10
13.0392198563,80.1973800659,55729,55739,10
13.0392599106,80.1969833374,55739,55749,10
13.0392999649,80.1966629028,55749,55769,20
13.0392999649,80.1966629028,55769,55780,11
13.0393896103,80.1960830688,55780,55790,10
13.0395002365,80.1953582764,55790,55800,10
13.0395698547,80.1945037842,55800,55810,10
13.0396795273,80.1939086914,55810,55820,10
13.0397796631,80.1932983398,55820,55830,10
13.0397796631,80.1932067871,55830,55840,10
13.0394897461,80.1929702759,55840,55856,16
13.0387401581,80.1928100586,55856,55869,13
13.0385103226,80.1928024292,55869,55879,10
13.0381202698,80.192779541,55879,55888,9
13.0378198624,80.1928482056,55888,55900,12
13.0376996994,80.1929168701,55900,55910,10
13.037610054,80.1931533813,55910,55920,10
13.0375099182,80.1936416626,55920,55930,10
13.0374202728,80.1943893433,55930,55940,10
13.0373001099,80.1952133179,55940,55950,10
13.0372200012,80.1958770752,55950,55960,10
13.0371999741,80.1959762573,55960,55970,10
13.0371398926,80.1962127686,55970,55980,10
13.0370702744,80.1966400146,55980,55990,10
13.0369701385,80.1973800659,55990,56000,10
13.036860466,80.1981506348,56000,56011,11
13.0368204117,80.1985626221,56011,56021,10
13.0367803574,80.1986694336,56021,56031,10
13.036740303,80.1987991333,56031,56041,10
13.0366601944,80.199256897,56041,56051,10
13.0365600586,80.1998901367,56051,56061,10
13.0364599228,80.200592041,56061,56071,10
13.036359787,80.2012329102,56071,56081,10
13.0363197327,80.2016296387,56081,56091,10
13.0363197327,80.2016677856,56091,56107,16
13.036239624,80.2021331787,56107,56119,12
13.0361204147,80.2027816772,56119,56130,11
13.0360202789,80.20337677,56130,56140,10
13.0359802246,80.2041320801,56140,56150,10
13.0359201431,80.2046813965,56150,56160,10
13.0358400345,80.2052383423,56160,56170,10
13.035779953,80.2058563232,56170,56180,10
13.0357704163,80.2058792114,56180,56190,10
13.0357398987,80.2060623169,56190,56200,10
13.0356798172,80.2064590454,56200,56210,10
13.0355901718,80.2070999146,56210,56220,10
13.0355100632,80.207649231,56220,56231,11
13.0354995728,80.2077026367,56231,56241,10
13.0354604721,80.207901001,56241,56251,10
13.0353899002,80.2083206177,56251,56261,10
13.0354003906,80.2085189819,56261,56271,10
13.0353803635,80.2085800171,56271,56281,10
13.0353097916,80.2089691162,56281,56291,10
13.035200119,80.209602356,56291,56301,10
13.0351200104,80.2102203369,56301,56311,10
13.0348997116,80.2108001709,56311,56321,10
13.0347795486,80.2115707397,56321,56331,10
13.0346298218,80.2121429443,56331,56341,10
13.0342798233,80.2121200562,56341,56352,11
13.0335197449,80.212020874,56352,56362,10
13.0327301025,80.2119522095,56362,56372,10
13.0325403214,80.2119064331,56372,56382,10
13.0323696136,80.2118835449,56382,56392,10
13.0318498611,80.2117080688,56392,56402,10
13.0319795609,80.2110366821,56402,56412,10
13.0320997238,80.2102584839,56412,56422,10
13.0319595337,80.2097167969,56422,56432,10
13.0312204361,80.2094802856,56432,56442,10
13.0305700302,80.209312439,56442,56452,10
13.0300998688,80.209487915,56452,56473,21
13.0300998688,80.209487915,56473,56483,10
13.029999733,80.2097091675,56483,56493,10
13.0302600861,80.2098617554,56493,56503,10
13.0307703018,80.2099761963,56503,56513,10
13.0309200287,80.2101593018,56513,56523,10
13.0309000015,80.2106781006,56523,56532,9
13.0308904648,80.2111206055,56532,56543,11
13.03083992,80.2115020752,56543,56553,10
13.0308303833,80.2117004395,56553,56563,10
13.0307703018,80.2121200562,56563,56574,11
13.0306100845,80.2129211426,56574,56584,10
13.0305099487,80.2135620117,56584,56594,10
13.0304603577,80.213760376,56594,56604,10
13.0304002762,80.2141189575,56604,56614,10
13.030380249,80.2147674561,56614,56624,10
13.0303697586,80.2148971558,56624,56634,10
13.0303201675,80.2152786255,56634,56644,10
13.0303602219,80.2158279419,56644,56654,10
13.030380249,80.2163314819,56654,56664,10
13.0304603577,80.2167663574,56664,56674,10
13.0306501389,80.2168502808,56674,56684,10
13.0310297012,80.2169418335,56684,56695,11
13.031419754,80.217010498,56695,56705,10
13.0314702988,80.2175064087,56705,56715,10
13.0315904617,80.2182922363,56715,56725,10
13.0321702957,80.218460083,56725,56735,10
13.0321998596,80.2190170288,56735,56745,10
13.0321798325,80.2198104858,56745,56755,10
13.0321998596,80.2203826904,56755,56765,10
13.032119751,80.2208175659,56765,56775,10
13.0319595337,80.221496582,56775,56785,10
13.0317401886,80.222038269,56785,56795,10
13.0315303802,80.2225494385,56795,56806,11
13.0312404633,80.2233123779,56806,56816,10
13.0311098099,80.2238769531,56816,56826,10
13.0311002731,80.2239837646,56826,56836,10
13.0310401917,80.2243423462,56836,56846,10
13.0306100845,80.224357605,56846,56856,10
13.029999733,80.224357605,56856,56866,10
13.029250145,80.224281311,56866,56876,10
13.0288801193,80.2241210938,56876,56886,10
13.028719902,80.2240829468,56886,56896,10
13.0284500122,80.2242584229,56896,56906,10
13.0282697678,80.2249832153,56906,56917,11
13.0280799866,80.2258071899,56917,56927,10
13.0279302597,80.2266693115,56927,56937,10
13.027879715,80.2269592285,56937,56947,10
13.0281600952,80.2270812988,56947,56957,10
13.0287399292,80.2271728516,56957,56967,10
13.0294599533,80.2272796631,56967,56977,10
13.0299196243,80.2273712158,56977,56987,10
13.0301303864,80.2273864746,56987,56997,10
13.0304298401,80.2276000977,56997,57007,10
13.030380249,80.2279281616,57007,57017,10
13.0303897858,80.2281570435,57017,57028,11
13.0303497314,80.2282562256,57028,57038,10
13.0303001404,80.2286605835,57038,57048,10
13.0303096771,80.229347229,57048,57058,10
13.0305299759,80.2299194336,57058,57068,10
13.0306301117,80.2304000854,57068,57078,10
13.0306396484,80.23072052,57078,57088,10
13.0302696228,80.2307891846,57088,57098,10
13.0298700333,80.2308425903,57098,57108,10
13.0297803879,80.2308425903,57108,57118,10
13.0296401978,80.2308578491,57118,57128,10
13.0293397903,80.2308883667,57128,57139,11
13.0287103653,80.23097229,57139,57149,10
13.0279598236,80.2310180664,57149,57159,10
13.0276002884,80.2310791016,57159,57168,9
13.0276203156,80.2314224243,57168,57180,12
13.0277700424,80.2322463989,57180,57190,10
13.0278301239,80.2328262329,57190,57200,10
13.0271997452,80.2330169678,57200,57230,30
13.0271997452,80.2330169678,57230,57240,10
13.0270700455,80.2329864502,57240,57250,10
13.02684021,80.2330322266,57250,57261,11
13.02643013,80.2329788208,57261,57271,10
13.026260376,80.232460022,57271,57280,9
13.0261096954,80.2317810059,57280,57290,10
13.0258598328,80.2308502197,57290,57301,11
13.0252895355,80.2298965454,57301,57310,9
13.0249595642,80.2294998169,57310,57320,10
13.0249204636,80.2294616699,57320,57331,11
13.0247297287,80.2292327881,57331,57341,10
13.0244398117,80.2288513184,57341,57351,10
13.0240802765,80.2284164429,57351,57361,10
13.0240602493,80.2284011841,57361,57372,11
13.0238704681,80.2281570435,57372,57382,10
13.0235395432,80.2277679443,57382,57392,10
13.0230903625,80.2273406982,57392,57402,10
13.0226402283,80.2268829346,57402,57412,10
13.0221204758,80.2264175415,57412,57422,10
13.0215702057,80.2259597778,57422,57432,10
13.0209703445,80.225479126,57432,57442,10
13.020359993,80.2250823975,57442,57452,10
13.0197095871,80.224647522,57452,57462,10
13.0188503265,80.2244567871,57462,57472,10
13.0178804398,80.2248382568,57472,57483,11
13.0169696808,80.2252197266,57483,57493,10
13.0164299011,80.2254562378,57493,57503,10
13.0159797668,80.2256393433,57503,57513,10
13.0152797699,80.2258987427,57513,57523,10
13.0145998001,80.2261810303,57523,57533,10
13.0139904022,80.2263793945,57533,57543,10
13.0131998062,80.2266769409,57543,57553,10
13.0122203827,80.2270584106,57553,57563,10
13.0111703873,80.2275009155,57563,57573,10
13.0101203918,80.2279205322,57573,57583,10
13.009180069,80.2284698486,57583,57594,11
13.0089197159,80.2296829224,57594,57604,10
13.0087099075,80.2308502197,57604,57614,10
13.0085201263,80.2320022583,57614,57624,10
13.0083303452,80.2330169678,57624,57634,10
13.0082302094,80.2337417603,57634,57644,10
13.0082101822,80.23387146,57644,57654,10
13.008099556,80.2342681885,57654,57664,10
13.0079803467,80.2348175049,57664,57674,10
13.0079097748,80.2350997925,57674,57690,16
13.0076904297,80.2361907959,57690,57702,12
13.0074396133,80.237487793,57702,57713,11
13.0072402954,80.2385864258,57713,57723,10
13.0070800781,80.2393417358,57723,57733,10
13.0069704056,80.2398834229,57733,57793,60
13.0069704056,80.2398834229,57793,57803,10
13.0068397522,80.2407531738,57803,57824,21
13.0068397522,80.2407531738,57824,57834,10
13.0068101883,80.2409591675,57834,57844,10
13.0067501068,80.2413787842,57844,57854,10
13.0067195892,80.2421798706,57854,57864,10
13.0066900253,80.2431411743,57864,57874,10
13.0066900253,80.2442169189,57874,57884,10
13.0066699982,80.2451171875,57884,57894,10
13.0067195892,80.2460479736,57894,57904,10
13.0067396164,80.2463989258,57904,57914,10
13.0067396164,80.2465896606,57914,57924,10
13.0067396164,80.2469406128,57924,57935,11
13.0067396164,80.2475967407,57935,57945,10
13.0067396164,80.2483520508,57945,57955,10
13.0068798065,80.2493667603,57955,57975,20
13.0068798065,80.2493667603,57975,57985,10
13.0068798065,80.2497177124,57985,57995,10
13.0068597794,80.2500991821,57995,58005,10
13.0068397522,80.250541687,58005,58015,10
13.0068101883,80.251159668,58015,58025,10
13.0067396164,80.2517166138,58025,58035,10
13.0065898895,80.2524795532,58035,58046,11
13.0065698624,80.253326416,58046,58056,10
13.0065803528,80.2542800903,58056,58066,10
13.0066404343,80.2548828125,58066,58076,10
13.0066299438,80.2548828125,58076,58086,10
13.0066003799,80.2549819946,58086,58096,10
13.0066003799,80.2554321289,58096,58106,10
13.0066204071,80.2562408447,58106,58116,10
13.0066900253,80.2571792603,58116,58207,91
13.0066900253,80.2571792603,58207,58217,10
13.0067501068,80.2574768066,58217,58227,10
13.0062999725,80.257598877,58227,58237,10
13.0058097839,80.2574615479,58237,58247,10
13.0054998398,80.2573928833,58247,58257,10
13.0048999786,80.2572174072,58257,58267,10
13.0039596558,80.257019043,58267,58338,71
13.0039596558,80.257019043,58338,58348,10
13.0036201477,80.2570495605,58348,58358,10
13.0033197403,80.2569580078,58358,58368,10
13.0030498505,80.2568817139,58368,58378,10
13.0027503967,80.2567977905,58378,58389,11
13.002579689,80.2567596436,58389,58399,10
13.0021800995,80.2566833496,58399,58409,10
13.0016002655,80.2566070557,58409,58459,50
13.0016002655,80.2566070557,58459,58469,10
13.0015497208,80.2566375732,58469,58479,10
13.0010900497,80.2565765381,58479,58489,10
13.0003204346,80.256439209,58489,58500,11
12.9996004105,80.2563323975,58500,58530,30
12.9996004105,80.2563323975,58530,58540,10
12.999420166,80.2563018799,58540,58550,10
12.9989995956,80.256149292,58550,58560,10
12.9984903336,80.2560501099,58560,58570,10
12.9980602264,80.2559967041,58570,58580,10
12.9975299835,80.2559585571,58580,58590,10
12.9969301224,80.2560806274,58590,58600,10
12.9968500137,80.2569198608,58600,58621,21
12.9968500137,80.2569198608,58621,58631,10
12.9968204498,80.2572479248,58631,58641,10
12.9967603683,80.2578964233,58641,58651,10
12.9966802597,80.2587127686,58651,58661,10
12.9965801239,80.2593994141,58661,58671,10
12.9965200424,80.2600326538,58671,58681,10
12.9964399338,80.2608566284,58681,58691,10
12.9963598251,80.2617034912,58691,58701,10
12.9962797165,80.2622528076,58701,58711,10
12.996219635,80.2624816895,58711,58721,10
12.9961795807,80.2628936768,58721,58732,11
12.9961299896,80.2636871338,58732,58742,10
12.9960403442,80.2645874023,58742,58752,10
12.995929718,80.2656173706,58752,58762,10
12.9957895279,80.2667388916,58762,58772,10
12.9957304001,80.2676010132,58772,58782,10
12.9960603714,80.2677307129,58782,58802,20
12.9960603714,80.2677307129,58802,58812,10
12.9963102341,80.2677764893,58812,58822,10
12.9967603683,80.2677688599,58822,58832,10
12.9974298477,80.2675628662,58832,58843,11
12.9983501434,80.2673034668,58843,58853,10
12.9990301132,80.2671203613,58853,58863,10
12.9996795654,80.2669372559,58863,58873,10
13.0000696182,80.2666778564,58873,58883,10
13.0000896454,80.2666015625,58883,58893,10
13.0001296997,80.2663269043,58893,58903,10
13.000169754,80.2659988403,58903,58913,10
13.0002202988,80.2657394409,58913,58923,10
13.0003404617,80.2657470703,58923,58933,10
13.0003499985,80.2659606934,58933,58943,10
13.0003204346,80.2661972046,58943,59529,586
13.0003004074,80.2663269043,59529,59851,322
13.0003499985,80.2663421631,59851,60094,243
13.0003499985,80.2663421631,60094,60104,10
13.0003404617,80.2665405273,60104,60114,10
13.0003404617,80.2666320801,60114,60124,10
13.000289917,80.2668533325,60124,60134,10
13.0001001358,80.2669677734,60134,60144,10
12.9996595383,80.2670898438,60144,60154,10
12.9990901947,80.2672424316,60154,60164,10
12.9983997345,80.2674331665,60164,60174,10
12.9977998734,80.267578125,60174,60184,10
12.997179985,80.2677536011,60184,60194,10
12.9965496063,80.2678222656,60194,60205,11
12.9958295822,80.2677612305,60205,60215,10
12.9956502914,80.2676010132,60215,60225,10
12.9956798553,80.2674102783,60225,60235,10
12.9956798553,80.2673416138,60235,60245,10
12.9956903458,80.2671585083,60245,60255,10
12.9957304001,80.2666702271,60255,60265,10
12.9958200455,80.2659378052,60265,60275,10
12.9959001541,80.2650909424,60275,60291,16
12.9960803986,80.2637481689,60291,60303,12
12.9961500168,80.2630233765,60303,60311,8
12.9961795807,80.2626571655,60311,60324,13
12.9961900711,80.2625579834,60324,60333,9
12.9962301254,80.26222229,60333,60343,10
12.9962797165,80.2618179321,60343,60354,11
12.9963502884,80.2612380981,60354,60364,10
12.9964199066,80.2605895996,60364,60374,10
12.9964799881,80.2601470947,60374,60384,10
12.996509552,80.2595672607,60384,60394,10
12.9965801239,80.2590026855,60394,60404,10
12.996629715,80.2584762573,60404,60414,10
12.9967002869,80.2577514648,60414,60425,11
12.9967803955,80.2571182251,60425,60435,10
12.9968004227,80.2567977905,60435,60445,10
12.9968099594,80.2565002441,60445,60455,10
12.9968299866,80.2562789917,60455,60465,10
12.9969596863,80.255897522,60465,60475,10
12.9974403381,80.255897522,60475,60485,10
12.9981002808,80.2559585571,60485,60495,10
12.998749733,80.2560424805,60495,60515,20
12.998749733,80.2560424805,60515,60525,10
12.9988899231,80.2561035156,60525,60535,10
12.9992704391,80.2561416626,60535,60546,11
12.9998703003,80.2562713623,60546,60556,10
13.0003900528,80.2563705444,60556,60557,1
13.0004396439,80.2563781738,60557,60558,1
13.0004701614,80.2563934326,60558,60609,51
13.0019598007,80.2566223145,60609,60619,10
13.0024900436,80.2567214966,60619,60629,10
13.0030097961,80.2568206787,60629,60639,10
13.0033998489,80.2568817139,60639,60649,10
13.0038499832,80.2569732666,60649,60660,11
13.004360199,80.2570571899,60660,60670,10
13.0050401688,80.2571487427,60670,60690,20
13.0050401688,80.2571487427,60690,60700,10
13.0052204132,80.2571868896,60700,60710,10
13.0056295395,80.2572784424,60710,60720,10
13.0062599182,80.2574310303,60720,60730,10
13.0065002441,80.2571334839,60730,60740,10
13.006480217,80.2563171387,60740,60750,10
13.006480217,80.2555999756,60750,60760,10
13.0065202713,80.2550964355,60760,60771,11
13.0065202713,80.2544403076,60771,60781,10
13.0065002441,80.253692627,60781,60791,10
13.0065002441,80.2531814575,60791,60801,10
13.0064897537,80.253112793,60801,60811,10
13.0065002441,80.2528076172,60811,60821,10
13.0065402985,80.252281189,60821,60871,50
13.0065402985,80.252281189,60871,60881,10
13.0066204071,80.2519226074,60881,60892,11
13.0067396164,80.2513198853,60892,60902,10
13.0067501068,80.2506637573,60902,60912,10
13.0067596436,80.2498626709,60912,60922,10
13.0067501068,80.2490234375,60922,60932,10
13.0066995621,80.2484512329,60932,60942,10
13.0066900253,80.2483901978,60942,60952,10
13.0066795349,80.248260498,60952,60962,10
13.0066404343,80.2479095459,60962,60972,10
13.0066404343,80.2473907471,60972,60982,10
13.0066003799,80.2464981079,60982,61003,21
13.0066003799,80.2464981079,61003,61013,10
13.0065898895,80.2463684082,61013,61023,10
13.0066404343,80.2460632324,61023,61033,10
13.006649971,80.2454833984,61033,61043,10
13.0066404343,80.2450714111,61043,61053,10
13.0066299438,80.2447967529,61053,61063,10
13.0066404343,80.2444763184,61063,61073,10
13.0066604614,80.2441711426,61073,61083,10
13.0066404343,80.2438278198,61083,61093,10
13.0066204071,80.2432937622,61093,61103,10
13.0065698624,80.2426071167,61103,61114,11
13.0065603256,80.2419204712,61114,61124,10
13.0065498352,80.2417526245,61124,61134,10
13.0065803528,80.2416381836,61134,61144,10
13.0065898895,80.2414093018,61144,61154,10
13.0066099167,80.2413024902,61154,61164,10
13.0066604614,80.240852356,61164,61174,10
13.0067796707,80.2401885986,61174,61184,10
13.006939888,80.239402771,61184,61194,10
13.0071001053,80.2385025024,61194,61204,10
13.0072698593,80.2376785278,61204,61214,10
13.0074195862,80.2366867065,61214,61235,21
13.0074195862,80.2366867065,61235,61245,10
13.0074901581,80.2364501953,61245,61255,10
13.0075998306,80.2359313965,61255,61265,10
13.0076799393,80.2354431152,61265,61275,10
13.0077295303,80.2352371216,61275,61285,10
13.0078401566,80.2347488403,61285,61295,10
13.0079698563,80.234046936,61295,61305,10
13.0081501007,80.2331390381,61305,61315,10
13.0083599091,80.2321014404,61315,61325,10
13.0085601807,80.231048584,61325,61336,11
13.0087795258,80.2298736572,61336,61346,10
13.0089702606,80.2289428711,61346,61356,10
13.0092000961,80.2280807495,61356,61366,10
13.0095596313,80.2272567749,61366,61376,10
13.0099697113,80.2263565063,61376,61386,10
13.0104799271,80.2252578735,61386,61406,20
13.0104799271,80.2252578735,61406,61416,10
13.0106601715,80.2249526978,61416,61426,10
13.0108098984,80.2245407104,61426,61436,10
13.0110197067,80.2239990234,61436,61447,11
13.0112304688,80.2234802246,61447,61457,10
13.0112495422,80.2234573364,61457,61467,10
13.0114202499,80.2232208252,61467,61477,10
13.0116596222,80.222618103,61477,61487,10
13.0118703842,80.2219161987,61487,61496,9
13.0121202469,80.2215194702,61496,61507,11
13.0123500824,80.2215576172,61507,61517,10
13.0126495361,80.2219390869,61517,61527,10
13.0131702423,80.2225036621,61527,61537,10
13.0137701035,80.2231903076,61537,61547,10
13.0142202377,80.2237625122,61547,61558,11
13.0147399902,80.2243423462,61558,61568,10
13.0152301788,80.2248001099,61568,61578,10
13.0155601501,80.2250289917,61578,61588,10
13.0155696869,80.2250366211,61588,61598,10
13.0158100128,80.2252426147,61598,61608,10
13.016289711,80.2253570557,61608,61618,10
13.0170202255,80.2251281738,61618,61627,9
13.0177602768,80.2248382568,61627,61638,11
13.0187101364,80.2244567871,61638,61648,10
13.0193195343,80.2242889404,61648,61668,20
13.0194797516,80.2244110107,61668,61689,21
13.0194797516,80.2244110107,61689,61699,10
13.019610405,80.2245101929,61699,61709,10
13.019900322,80.2246627808,61709,61719,10
13.0203800201,80.2250213623,61719,61729,10
13.0209798813,80.225440979,61729,61739,10
13.0216302872,80.2259368896,61739,61749,10
13.0223703384,80.2265319824,61749,61759,10
13.0231599808,80.2272262573,61759,61769,10
13.0239095688,80.2279205322,61769,61779,10
13.0244903564,80.2285766602,61779,61790,11
13.0249204636,80.2292175293,61790,61799,9
13.0251197815,80.2294998169,61799,61810,11
13.0255403519,80.2300415039,61810,61820,10
13.0259199142,80.2308120728,61820,61830,10
13.0261497498,80.2313690186,61830,61840,10
13.026550293,80.2312774658,61840,61850,10
13.0273103714,80.2311019897,61850,61860,10
13.0284996033,80.2309799194,61860,61880,20
13.0284996033,80.2309799194,61880,61890,10
13.0287599564,80.2309188843,61890,61901,11
13.0293397903,80.2308578491,61901,61941,40
13.0293397903,80.2308578491,61941,61951,10
13.0296802521,80.2308273315,61951,61961,10
13.0302400589,80.2307891846,61961,61971,10
13.030670166,80.2307281494,61971,61981,10
13.0306901932,80.2305908203,61981,61991,10
13.0306196213,80.2301864624,61991,62000,9
13.0304403305,80.2296676636,62000,62012,12
13.0303201675,80.2287521362,62012,62022,10
13.0303602219,80.2283096313,62022,62032,10
13.0303602219,80.228302002,62032,62042,10
13.0303897858,80.2280578613,62042,62052,10
13.0304203033,80.2276611328,62052,62062,10
13.0302400589,80.2274780273,62062,62072,10
13.0298404694,80.2274093628,62072,62082,10
13.0295200348,80.2273330688,62082,62092,10
13.0289201736,80.2272415161,62092,62102,10
13.0286903381,80.2272033691,62102,62112,10
13.0282802582,80.227142334,62112,62123,11
13.0278902054,80.2269363403,62123,62133,10
13.027970314,80.2264328003,62133,62143,10
13.0281095505,80.2257537842,62143,62153,10
13.0282897949,80.224861145,62153,62163,10
13.028459549,80.2240982056,62163,62173,10
13.0288000107,80.224029541,62173,62183,10
13.0288496017,80.2240524292,62183,62193,10
13.0289697647,80.2241592407,62193,62203,10
13.0293397903,80.2242889404,62203,62213,10
13.0298995972,80.2242965698,62213,62223,10
13.030579567,80.2243118286,62223,62233,10
13.0311498642,80.2242431641,62233,62244,11
13.0311603546,80.2239990234,62244,62254,10
13.0311603546,80.2236022949,62254,62264,10
13.0312004089,80.2231674194,62264,62274,10
13.0311899185,80.2230834961,62274,62284,10
13.0313100815,80.2227172852,62284,62294,10
13.0315504074,80.2222595215,62294,62304,10
13.0318803787,80.2216186523,62304,62314,10
13.0320997238,80.2208404541,62314,62324,10
13.0321998596,80.2202072144,62324,62334,10
13.0321798325,80.2197570801,62334,62344,10
13.0321702957,80.2196884155,62344,62355,11
13.0321798325,80.2192764282,62355,62365,10
13.0321702957,80.2187271118,62365,62375,10
13.0318403244,80.2184371948,62375,62385,10
13.0314798355,80.2181015015,62385,62395,10
13.0314302444,80.2173690796,62395,62405,10
13.031370163,80.2170028687,62405,62415,10
13.0310697556,80.2169570923,62415,62425,10
13.0305900574,80.2169189453,62425,62435,10
13.0304298401,80.216583252,62435,62445,10
13.0304298401,80.2165679932,62445,62455,10
13.0304002762,80.2163391113,62455,62466,11
13.0303602219,80.2157974243,62466,62476,10
13.0303096771,80.2150726318,62476,62486,10
13.0303297043,80.2145080566,62486,62496,10
13.0303497314,80.2144775391,62496,62506,10
13.0304203033,80.2143630981,62506,62516,10
13.0304603577,80.2139511108,62516,62526,10
13.0305099487,80.2136383057,62526,62536,10
13.0305299759,80.2134017944,62536,62546,10
13.0306196213,80.2128601074,62546,62556,10
13.0307397842,80.212097168,62556,62566,10
13.0308103561,80.2116317749,62566,62577,11
13.0308599472,80.2113265991,62577,62587,10
13.0308904648,80.2110137939,62587,62597,10
13.0309495926,80.2106018066,62597,62607,10
13.0310001373,80.2101821899,62607,62617,10
13.0308599472,80.2100219727,62617,62627,10
13.0304899216,80.2098922729,62627,62637,10
13.0300397873,80.2096633911,62637,62647,10
13.0301504135,80.2091598511,62647,62738,91
13.0301504135,80.2091598511,62738,62748,10
13.0303096771,80.209022522,62748,62758,10
13.0308303833,80.2091293335,62758,62768,10
13.0315504074,80.2093276978,62768,62778,10
13.0317401886,80.2093582153,62778,62788,10
13.031920433,80.2093963623,62788,62798,10
13.032409668,80.2095413208,62798,62809,11
13.033249855,80.2096786499,62809,62819,10
13.0341701508,80.2098464966,62819,62829,10
13.0350399017,80.2099533081,62829,62839,10
13.0352201462,80.2093582153,62839,62849,10
13.0352697372,80.2088088989,62849,62859,10
13.0352802277,80.2087173462,62859,62869,10
13.0352802277,80.2086410522,62869,62879,10
13.0353403091,80.2082901001,62879,62889,10
13.0354099274,80.2076797485,62889,62899,10
13.0355195999,80.2068634033,62899,62909,10
13.0356197357,80.2061004639,62909,62920,11
13.035490036,80.2057723999,62920,62930,10
13.0355396271,80.2053985596,62930,62940,10
13.0355997086,80.2052383423,62940,62950,10
13.0357904434,80.2051696777,62950,62960,10
13.0358400345,80.2048110962,62960,62970,10
13.035900116,80.2043075562,62970,62980,10
13.0360097885,80.2036209106,62980,62990,10
13.0361099243,80.20287323,62990,63000,10
13.0362100601,80.2020797729,63000,63010,10
13.0362901688,80.2015914917,63010,63020,10
13.0362901688,80.2015533447,63020,63031,11
13.0362997055,80.2013320923,63031,63041,10
13.0363702774,80.2009811401,63041,63051,10
13.0364704132,80.2002868652,63051,63061,10
13.0366001129,80.199432373,63061,63071,10
13.0367002487,80.1987915039,63071,63081,10
13.0367603302,80.1983184814,63081,63091,10
13.0367698669,80.1983108521,63091,63101,10
13.0368700027,80.1979370117,63101,63111,10
13.0369300842,80.1973876953,63111,63121,10
13.03703022,80.1965789795,63121,63131,10
13.0370702744,80.1962738037,63131,63142,11
13.0370998383,80.1960983276,63142,63152,10
13.0371799469,80.1955718994,63152,63162,10
13.037320137,80.1947937012,63162,63172,10
13.0374298096,80.1938934326,63172,63182,10
13.0375404358,80.1930236816,63182,63192,10
13.0377702713,80.192779541,63192,63202,10
13.0378704071,80.1927490234,63202,63212,10
13.0382099152,80.1927490234,63212,63222,10
13.0388202667,80.1928710938,63222,63242,20
13.0388202667,80.1928710938,63242,63252,10
13.0391101837,80.1929397583,63252,63263,11
13.0395698547,80.1930236816,63263,63273,10
13.0399904251,80.1930923462,63273,63289,16
13.0410203934,80.1932525635,63289,63301,12
13.0417299271,80.193397522,63301,63309,8
13.0417995453,80.1937026978,63309,63321,12
13.0417699814,80.1939697266,63321,63331,10
13.0417404175,80.1941986084,63331,63341,10
13.0416603088,80.194732666,63341,63351,10
13.041560173,80.1954116821,63351,63361,10
13.0415000916,80.1959609985,63361,63372,11
13.0414199829,80.1963729858,63372,63382,10
13.0413799286,80.1966705322,63382,63392,10
13.0413703918,80.1968002319,63392,63402,10
13.0413503647,80.1970367432,63402,63412,10
13.0412597656,80.1974868774,63412,63422,10
13.0411996841,80.198059082,63422,63432,10
13.0410995483,80.1987380981,63432,63442,10
13.0410003662,80.1993408203,63442,63452,10
13.0409803391,80.19947052,63452,63462,10
13.0409202576,80.1998977661,63462,63472,10
13.0408201218,80.200630188,63472,63483,11
13.0406904221,80.2014083862,63483,63493,10
13.040599823,80.2019805908,63493,63503,10
13.0405397415,80.2023391724,63503,63513,10
13.0404596329,80.2028579712,63513,63523,10
13.0403795242,80.2034912109,63523,63533,10
13.0403003693,80.2040786743,63533,63543,10
13.0402297974,80.2045516968,63543,63553,10
13.0401802063,80.2048721313,63553,63563,10
13.0403995514,80.2050933838,63563,63573,10
13.0408802032,80.205116272,63573,63583,10
13.0412302017,80.2051773071,63583,63594,11
13.0413599014,80.2052001953,63594,63604,10
13.0417804718,80.2052764893,63604,63614,10
13.0424203873,80.2053985596,63614,63624,10
13.0426101685,80.2054595947,63624,63634,10
13.0427799225,80.2056503296,63634,63644,10
13.0431098938,80.2062225342,63644,63654,10
13.0436201096,80.2069168091,63654,63664,10
13.0440397263,80.2076873779,63664,63674,10
13.0441398621,80.2085800171,63674,63684,10
13.0441799164,80.2090682983,63684,63694,10
13.044210434,80.2091674805,63694,63725,31
13.044210434,80.2091674805,63725,63735,10
13.0441904068,80.2095870972,63735,63745,10
13.0442304611,80.2100601196,63745,63755,10
13.0442495346,80.2105712891,63755,63765,10
13.0442695618,80.2113189697,63765,63826,61
13.0442695618,80.2113189697,63826,63836,10
13.0442800522,80.2116165161,63836,63846,10
13.0443000793,80.2119064331,63846,63856,10
13.0443296432,80.2122192383,63856,63866,10
13.0448198318,80.2122573853,63866,63876,10
13.0455904007,80.2122192383,63876,63886,10
13.0465803146,80.2121963501,63886,63896,10
13.0470895767,80.2121124268,63896,63906,10
13.04708004,80.2119369507,63906,63916,10
13.04708004,80.2117767334,63916,63926,10
13.0470504761,80.2113494873,63926,63936,10
13.0470104218,80.2109375,63936,63947,11
13.0471401215,80.2107925415,63947,63957,10
13.0475797653,80.2107696533,63957,63967,10
13.0480499268,80.2108001709,63967,63977,10
13.0485801697,80.2108306885,63977,63987,10
13.049079895,80.2108383179,63987,63997,10
13.0495195389,80.2108383179,63997,64007,10
13.049659729,80.2106399536,64007,64017,10
13.0495500565,80.2100524902,64017,64027,10
13.049489975,80.2095031738,64027,64037,10
13.0494604111,80.2090301514,64037,64048,11
13.0493402481,80.2084197998,64048,64058,10
13.0491199493,80.2078170776,64058,64068,10
13.0488595963,80.2070922852,64068,64098,30
13.0488595963,80.2070922852,64098,64108,10
13.0488901138,80.2068710327,64108,64118,10
13.0490703583,80.2068634033,64118,64159,41
13.0492401123,80.2071990967,64159,64461,302
13.049369812,80.2072906494,64461,64784,323
13.0493001938,80.2071990967,64784,65016,232
13.0493001938,80.2071990967,65016,65026,10
13.049030304,80.2074813843,65026,65036,10
13.0490999222,80.2077407837,65036,65046,10
13.0492401123,80.208190918,65046,65056,10
13.0493602753,80.2087631226,65056,65067,11
13.0494604111,80.2091903687,65067,65077,10
13.0496101379,80.2098464966,65077,65087,10
13.0496797562,80.2105331421,65087,65097,10
13.0497598648,80.2111206055,65097,65107,10
13.0498104095,80.2117996216,65107,65238,131
13.0498104095,80.2117996216,65238,65248,10
13.0498800278,80.212020874,65248,65258,10
13.0498600006,80.2121200562,65258,65268,10
13.0495300293,80.2121810913,65268,65289,21
13.0495300293,80.2121810913,65289,65299,10
13.0493497849,80.2121429443,65299,65309,10
13.0489196777,80.2121505737,65309,65319,10
13.0482301712,80.2121887207,65319,65329,10
13.0475196838,80.212272644,65329,65339,10
13.047129631,80.2122879028,65339,65349,10
13.0468301773,80.2122879028,65349,65359,10
13.0465402603,80.212310791,65359,65369,10
13.0460996628,80.2123336792,65369,65379,10
13.0457401276,80.2123413086,65379,65389,10
13.0453996658,80.2123794556,65389,65399,10
13.0452003479,80.2124099731,65399,65410,11
13.0448999405,80.2124176025,65410,65420,10
13.0445604324,80.2124099731,65420,65430,10
13.044380188,80.212387085,65430,65440,10
13.0442800522,80.2123413086,65440,65450,10
13.0442304611,80.2120666504,65450,65460,10
13.0441999435,80.211479187,65460,65470,10
13.0441598892,80.2107772827,65470,65480,10
13.0441398621,80.2101364136,65480,65490,10
13.0441198349,80.2095718384,65490,65500,10
13.0440797806,80.2090835571,65500,65521,21
13.0440797806,80.2090835571,65521,65531,10
13.0440797806,80.2087020874,65531,65541,10
13.0440397263,80.2080993652,65541,65551,10
13.043800354,80.2074127197,65551,65561,10
13.043390274,80.20677948,65561,65571,10
13.0428800583,80.2060394287,65571,65581,10
13.0423603058,80.2054901123,65581,65591,10
13.0418901443,80.2052764893,65591,65601,10
13.0415897369,80.2052383423,65601,65611,10
13.0412797928,80.2051773071,65611,65621,10
13.0410499573,80.2051696777,65621,65632,11
13.0408201218,80.205116272,65632,65642,10
13.0407400131,80.2051391602,65642,65652,10
13.0404100418,80.2050933838,65652,65662,10
13.0398702621,80.2049713135,65662,65672,10
13.0393104553,80.2048797607,65672,65682,10
13.0389404297,80.204826355,65682,65692,10
13.0383796692,80.2047576904,65692,65702,10
13.0381498337,80.2046279907,65702,65712,10
13.0381603241,80.2042007446,65712,65722,10
13.0382299423,80.2035598755,65722,65732,10
13.0383300781,80.2029495239,65732,65743,11
13.0384197235,80.2021484375,65743,65753,10
13.0384902954,80.2016372681,65753,65763,10
13.0385799408,80.2012023926,65763,65773,10
13.0386896133,80.2006607056,65773,65783,10
13.038769722,80.2000427246,65783,65793,10
13.0388498306,80.1995315552,65793,65803,10
13.0388698578,80.19921875,65803,65813,10
13.0388803482,80.199180603,65813,65823,10
13.0389099121,80.1988220215,65823,65833,10
13.0389995575,80.1981811523,65833,65843,10
13.0390701294,80.197593689,65843,65854,11
13.0391702652,80.196937561,65854,65864,10
13.0391798019,80.1969223022,65864,65874,10
13.0392503738,80.1966094971,65874,65884,10
13.0393104553,80.1962890625,65884,65894,10
13.0393800735,80.195640564,65894,65904,10
13.0394802094,80.194732666,65904,65914,10
13.0395898819,80.1938705444,65914,65924,10
13.0397100449,80.1932296753,65924,65934,10
13.0397195816,80.1931533813,65934,65944,10
13.0396499634,80.1929702759,65944,65954,10
13.0392398834,80.1929168701,65954,65964,10
13.0387601852,80.1928634644,65964,65975,11
13.0386600494,80.1928482056,65975,65985,10
13.0385398865,80.1928482056,65985,65995,10
13.0382099152,80.1928024292,65995,66005,10
13.0377397537,80.1928787231,66005,66015,10
13.0375795364,80.1934814453,66015,66025,10
13.0374603271,80.194229126,66025,66035,10
13.037320137,80.1950912476,66035,66045,10
13.0372495651,80.195640564,66045,66055,10
13.0372104645,80.1959609985,66055,66065,10
13.0371999741,80.1959991455,66065,66075,10
13.0371398926,80.1963500977,66075,66086,11
13.0370397568,80.1969985962,66086,66096,10
13.0369501114,80.1977233887,66096,66112,16
13.0368204117,80.1984710693,66112,66124,12
13.0368003845,80.198600769,66124,66132,8
13.0367498398,80.1987991333,66132,66144,12
13.0366601944,80.1993713379,66144,66153,9
13.0365896225,80.1998825073,66153,66164,11
13.03647995,80.2006835938,66164,66174,10
13.0363903046,80.2012710571,66174,66184,10
13.0363397598,80.2017364502,66184,66205,21
13.0363397598,80.2017364502,66205,66215,10
13.0362796783,80.2019577026,66215,66225,10
13.0362100601,80.2024002075,66225,66235,10
13.0361099243,80.2030715942,66235,66245,10
13.0360403061,80.2036972046,66245,66255,10
13.0360002518,80.2041778564,66255,66265,10
13.0359201431,80.2046508789,66265,66275,10
13.0357904434,80.2057418823,66275,66295,20
13.0357904434,80.2057418823,66295,66306,11
13.0357398987,80.2059631348,66306,66316,10
13.03565979,80.2064819336,66316,66326,10
13.0355596542,80.2072372437,66326,66336,10
13.0354404449,80.2082595825,66336,66356,20
13.0354404449,80.2082595825,66356,66366,10
13.035369873,80.2084197998,66366,66376,10
13.035320282,80.2088165283,66376,66386,10
13.0352201462,80.2094268799,66386,66396,10
13.0351200104,80.2100219727,66396,66406,10
13.0350399017,80.2102966309,66406,66416,10
13.0349197388,80.2105102539,66416,66427,11
13.0348596573,80.2109985352,66427,66437,10
13.0347795486,80.2116470337,66437,66447,10
13.0345401764,80.212059021,66447,66457,10
13.0340595245,80.2119903564,66457,66467,10
13.0334796906,80.2119293213,66467,66477,10
13.0324401855,80.2118530273,66477,66507,30
13.0324401855,80.2118530273,66507,66517,10
13.0320997238,80.2117996216,66517,66527,10
13.0318403244,80.2115707397,66527,66538,11
13.031920433,80.2109603882,66538,66548,10
13.031999588,80.2104110718,66548,66558,10
13.0320596695,80.2098236084,66558,66568,10
13.0318899155,80.2096710205,66568,66578,10
13.0314102173,80.2094573975,66578,66588,10
13.0305204391,80.2092132568,66588,66628,40
13.0305204391,80.2092132568,66628,66638,10
13.0303297043,80.2091522217,66638,66649,11
13.0301303864,80.2092514038,66649,66659,10
13.0300703049,80.2093811035,66659,66669,10
13.0300397873,80.2094421387,66669,66679,10
13.0300502777,80.2097167969,66679,66689,10
13.0303697586,80.2098312378,66689,66699,10
13.030790329,80.2099761963,66699,66709,10
13.030960083,80.2101364136,66709,66719,10
13.0309495926,80.2103805542,66719,66729,10
13.0309000015,80.2109603882,66729,66739,10
13.0308704376,80.21118927,66739,66749,10
13.0308198929,80.2115783691,66749,66760,11
13.0307598114,80.2118911743,66760,66770,10
13.030670166,80.2124404907,66770,66780,10
13.030579567,80.2131576538,66780,66790,10
13.0304899216,80.2136001587,66790,66800,10
13.0304603577,80.2138214111,66800,66810,10
13.0304098129,80.214302063,66810,66820,10
13.0303697586,80.2147293091,66820,66830,10
13.030380249,80.2147979736,66830,66840,10
13.030380249,80.2151870728,66840,66850,10
13.0304002762,80.2157516479,66850,66860,10
13.0304298401,80.2164382935,66860,66901,41
13.0304298401,80.2164382935,66901,66911,10
13.0305099487,80.2168807983,66911,66921,10
13.0306596756,80.2169036865,66921,66931,10
13.0308303833,80.2169265747,66931,66941,10
13.031129837,80.2169265747,66941,66951,10
13.0314397812,80.2170715332,66951,66961,10
13.0314998627,80.2175598145,66961,66971,10
13.0315799713,80.2182006836,66971,66981,10
13.0321397781,80.2183685303,66981,66992,11
13.03221035,80.2188796997,66992,67002,10
13.0321998596,80.219581604,67002,67012,10
13.0321998596,80.220199585,67012,67032,20
13.0321998596,80.220199585,67032,67042,10
13.0321598053,80.2205429077,67042,67052,10
13.0320396423,80.2209777832,67052,67062,10
13.0319595337,80.2213821411,67062,67072,10
13.0318803787,80.221572876,67072,67082,10
13.0316696167,80.2219772339,67082,67092,10
13.0314702988,80.2224197388,67092,67103,11
13.0312299728,80.2228775024,67103,67113,10
13.0311603546,80.223449707,67113,67123,10
13.0311403275,80.2238693237,67123,67133,10
13.0311403275,80.2238922119,67133,67143,10
13.0311403275,80.2241592407,67143,67153,10
13.0308504105,80.2242507935,67153,67163,10
13.0303297043,80.2242202759,67163,67173,10
13.0298299789,80.2241973877,67173,67183,10
13.029299736,80.2241668701,67183,67193,10
13.0289802551,80.2240905762,67193,67203,10
13.0287103653,80.2240066528,67203,67214,11
13.0284204483,80.2242279053,67214,67224,10
13.0282802582,80.2249069214,67224,67234,10
13.0281600952,80.2255706787,67234,67244,10
13.0280599594,80.2261428833,67244,67254,10
13.0279598236,80.2266082764,67254,67264,10
13.0279302597,80.2267990112,67264,67274,10
13.0280799866,80.2270126343,67274,67284,10
13.028380394,80.2270736694,67284,67294,10
13.0285196304,80.2270889282,67294,67304,10
13.0288200378,80.2271499634,67304,67314,10
13.029299736,80.2272262573,67314,67325,11
13.0299501419,80.2273406982,67325,67335,10
13.0303897858,80.2274703979,67335,67345,10
13.030380249,80.2277526855,67345,67355,10
13.0303401947,80.2281036377,67355,67365,10
13.0303401947,80.2281112671,67365,67375,10
13.0303401947,80.2282180786,67375,67385,10
13.0303297043,80.2284393311,67385,67395,10
13.0303096771,80.2287063599,67395,67405,10
13.03028965,80.2291793823,67405,67415,10
13.0304603577,80.2297210693,67415,67425,10
13.0306301117,80.2303390503,67425,67446,21
13.0306301117,80.2303390503,67446,67456,10
13.0306797028,80.2305603027,67456,67466,10
13.0306901932,80.2306137085,67466,67476,10
13.0305995941,80.2307815552,67476,67486,10
13.0302295685,80.2307662964,67486,67496,10
13.0298204422,80.2307510376,67496,67506,10
13.0297899246,80.2307434082,67506,67516,10
13.0296897888,80.2306900024,67516,67526,10
13.0293302536,80.2307662964,67526,67536,10
13.0286903381,80.2308425903,67536,67547,11
13.0279197693,80.2309036255,67547,67557,10
13.0276498795,80.2309570313,67557,67567,10
13.0276699066,80.2314300537,67567,67577,10
13.0277500153,80.232093811,67577,67587,10
13.0277996063,80.2326965332,67587,67597,10
13.0272598267,80.2328262329,67597,67607,10
13.0268497467,80.2329177856,67607,67688,81
13.0268497467,80.2329177856,67688,67698,10
13.0265302658,80.2329177856,67698,67708,10
13.026260376,80.2326812744,67708,67738,30
13.026260376,80.2326812744,67738,67748,10
13.0262298584,80.232460022,67748,67758,10
13.0262098312,80.2322387695,67758,67769,11
13.0261497498,80.2319107056,67769,67779,10
13.0259799957,80.2314605713,67779,67789,10
13.0258998871,80.2310028076,67789,67799,10
13.0257301331,80.2304916382,67799,67809,10
13.0253400803,80.2299423218,67809,67819,10
13.0250797272,80.229637146,67819,67829,10
13.0249004364,80.2294082642,67829,67839,10
13.0247097015,80.2291564941,67839,67849,10
13.0245599747,80.2289505005,67849,67859,10
13.0243501663,80.2286987305,67859,67875,16
13.0240802765,80.2283401489,67875,67888,13
13.0239095688,80.2281570435,67888,67898,10
13.0238399506,80.2280578613,67898,67908,10
13.0237903595,80.2279510498,67908,67918,10
13.0236501694,80.2277297974,67918,67928,10
13.0233201981,80.2274475098,67928,67938,10
13.0228500366,80.2270202637,67938,67947,9
13.0225801468,80.2267379761,67947,67959,12
13.0222196579,80.2264862061,67959,67969,10
13.0215997696,80.2259979248,67969,67979,10
13.0209999084,80.2255096436,67979,67989,10
13.0204401016,80.2250976563,67989,68001,12
13.0201597214,80.2249069214,68001,68011,10
13.0200195313,80.2248077393,68011,68021,10
13.0195798874,80.2245178223,68021,68031,10
13.0187997818,80.2244033813,68031,68041,10
13.0179796219,80.2247390747,68041,68051,10
13.0171203613,80.2250900269,68051,68061,10
13.0165300369,80.2253265381,68061,68070,9
13.0162801743,80.2254486084,68070,68080,10
13.0159196854,80.2255935669,68080,68091,11
13.0153799057,80.2257385254,68091,68101,10
13.0148200989,80.2259597778,68101,68111,10
13.0140199661,80.2262878418,68111,68132,21
13.0140199661,80.2262878418,68132,68142,10
13.0138301849,80.2263793945,68142,68152,10
13.0133399963,80.2265396118,68152,68162,10
13.0126304626,80.2267990112,68162,68172,10
13.011759758,80.227142334,68172,68182,10
13.0108098984,80.2275085449,68182,68192,10
13.0098199844,80.2279281616,68192,68202,10
13.009059906,80.2285919189,68202,68212,10
13.0088396072,80.2297134399,68212,68223,11
13.0086097717,80.2309799194,68223,68233,10
13.0083799362,80.2321166992,68233,68243,10
13.0082397461,80.2329788208,68243,68253,10
13.0081996918,80.2335205078,68253,68283,30
13.0081996918,80.2335205078,68283,68293,10
13.0080795288,80.2338790894,68293,68303,10
13.0079898834,80.2343215942,68303,68313,10
13.0079698563,80.2344589233,68313,68323,10
13.007900238,80.2348403931,68323,68344,21
13.007900238,80.2348403931,68344,68354,10
13.0078802109,80.2350463867,68354,68364,10
13.0077896118,80.2354202271,68364,68374,10
13.0077495575,80.2356033325,68374,68384,10
13.0076999664,80.2357635498,68384,68394,10
13.0076398849,80.236038208,68394,68404,10
13.0075798035,80.2364196777,68404,68414,10
13.0075597763,80.2365112305,68414,68424,10
13.0075101852,80.2367630005,68424,68434,10
13.0074396133,80.2371292114,68434,68445,11
13.0073604584,80.2375030518,68445,68455,10
13.0073204041,80.2376937866,68455,68465,10
13.0072603226,80.2380599976,68465,68475,10
13.0071496964,80.2386322021,68475,68485,10
13.0070800781,80.2389984131,68485,68525,40
13.0070800781,80.2389984131,68525,68535,10
13.0069999695,80.2393112183,68535,68545,10
13.006939888,80.2397766113,68545,68616,71
13.006939888,80.2397766113,68616,68626,10
13.0068998337,80.2403411865,68626,68636,10
13.0068101883,80.240737915,68636,68646,10
13.006770134,80.240852356,68646,68656,10
13.0067195892,80.2413635254,68656,68667,11
13.0066795349,80.2422180176,68667,68677,10
13.0066795349,80.2426300049,68677,68687,10
13.0066604614,80.2429504395,68687,68697,10
13.0066604614,80.243270874,68697,68707,10
13.0066404343,80.2435836792,68707,68717,10
13.0066299438,80.243888855,68717,68727,10
13.0066404343,80.2442779541,68727,68737,10
13.0066404343,80.2447128296,68737,68747,10
13.0066404343,80.2452087402,68747,68757,10
13.0066604614,80.2456436157,68757,68767,10
13.0066699982,80.2456893921,68767,68777,10
13.0067100525,80.2459869385,68777,68788,11
13.0067100525,80.2460021973,68788,68798,10
13.0067195892,80.2462387085,68798,68818,20
13.0067195892,80.2462387085,68818,68828,10
13.0067195892,80.24659729,68828,68838,10
13.0067396164,80.2471237183,68838,68848,10
13.0067195892,80.2478637695,68848,68864,16
13.0068302155,80.2491989136,68864,68876,12
13.0068502426,80.2493667603,68876,68884,8
13.0068502426,80.2495803833,68884,68896,12
13.006819725,80.2501373291,68896,68907,11
13.0068101883,80.2509002686,68907,68917,10
13.0067501068,80.2515182495,68917,68927,10
13.0065603256,80.2522964478,68927,68937,10
13.006529808,80.2531814575,68937,68947,10
13.0065402985,80.2541732788,68947,68956,9
13.0066003799,80.2547683716,68956,68967,11
13.0065803528,80.2547683716,68967,68977,10
13.0065603256,80.2549591064,68977,68987,10
13.0065803528,80.2555236816,68987,68997,10
13.0065898895,80.2562103271,68997,69028,31
13.0065898895,80.2562103271,69028,69038,10
13.0065898895,80.2563781738,69038,69048,10
13.0066003799,80.2567214966,69048,69058,10
13.0066900253,80.2571105957,69058,69068,10
13.0065402985,80.2574005127,69068,69078,10
13.0062799454,80.2574768066,69078,69088,10
13.0058803558,80.2574005127,69088,69098,10
13.0055799484,80.25730896,69098,69108,10
13.005399704,80.2572402954,69108,69119,11
13.0050001144,80.2571182251,69119,69129,10
13.0044898987,80.2570419312,69129,69139,10
13.0041503906,80.2569580078,69139,69149,10
13.0039596558,80.2569198608,69149,69159,10
13.0036697388,80.2568817139,69159,69169,10
13.0033597946,80.2568206787,69169,69179,10
13.0031204224,80.2567672729,69179,69189,10
13.0027198792,80.2567062378,69189,69240,51
13.0027198792,80.2567062378,69240,69250,10
13.0025997162,80.256690979,69250,69260,10
13.0023097992,80.2566375732,69260,69270,10
13.0017700195,80.2565383911,69270,69341,71
13.0017700195,80.2565383911,69341,69351,10
13.0013599396,80.256477356,69351,69361,10
13.0008201599,80.2563781738,69361,69371,10
13.0002498627,80.2562866211,69371,69381,10
12.9996900558,80.2561798096,69381,69391,10
12.9993400574,80.2561187744,69391,69431,40
12.9993400574,80.2561187744,69431,69441,10
12.9989404678,80.256072998,69441,69452,11
12.9985599518,80.2559967041,69452,69462,10
12.9980802536,80.2559204102,69462,69472,10
12.9976100922,80.2558898926,69472,69512,40
12.9976100922,80.2558898926,69512,69522,10
12.9971904755,80.2558898926,69522,69532,10
12.996919632,80.255897522,69532,69542,10
12.9968299866,80.2562637329,69542,69552,10
12.9967699051,80.2567367554,69552,69562,10
12.9967603683,80.2568206787,69562,69573,11
12.996720314,80.2571411133,69573,69583,10
12.9966602325,80.2577514648,69583,69593,10
12.9965801239,80.2585372925,69593,69603,10
12.9965000153,80.2592010498,69603,69613,10
12.9964199066,80.2597732544,69613,69623,10
12.9963598251,80.2603378296,69623,69633,10
12.9963197708,80.260887146,69633,69643,10
12.9962501526,80.2615737915,69643,69653,10
12.9961996078,80.2619018555,69653,69663,10
12.9961395264,80.26222229,69663,69673,10
12.9961099625,80.262336731,69673,69684,11
12.9960899353,80.2625274658,69684,69694,10
12.996049881,80.2629928589,69694,69704,10
12.9960098267,80.2636108398,69704,69714,10
12.9959402084,80.2644195557,69714,69724,10
12.9958400726,80.26512146,69724,69734,10
12.995759964,80.2659606934,69734,69744,10
12.9956598282,80.2669525146,69744,69754,10
12.995639801,80.2675323486,69754,69764,10
12.9960002899,80.2676391602,69764,69784,20
12.9960002899,80.2676391602,69784,69795,11
12.9962797165,80.2677230835,69795,69805,10
12.9967298508,80.2677230835,69805,69815,10
12.9972896576,80.2675476074,69815,69825,10
12.9976196289,80.2674636841,69825,69835,10
12.9979600906,80.2673721313,69835,69851,16
12.9988603592,80.2671203613,69851,69863,12
12.9996700287,80.2668609619,69863,69873,10
13.0000896454,80.2664794922,69873,69883,10
13.0000896454,80.2664337158,69883,69893,10
13.0001401901,80.2661819458,69893,69904,11
13.0001602173,80.2657089233,69904,69914,10
13.0003004074,80.265663147,69914,69923,9
13.0002498627,80.26612854,69923,70630,707
13.0002498627,80.26612854,70630,70640,10
13.0002298355,80.2665863037,70640,70650,10
13.0001602173,80.2667617798,70650,70660,10
12.9998998642,80.2668533325,70660,70670,10
12.9993896484,80.2669906616,70670,70680,10
12.9988002777,80.2671508789,70680,70690,10
12.9982204437,80.2673187256,70690,70700,10
12.9977998734,80.2674484253,70700,70711,11
12.9976997375,80.2674865723,70711,70721,10
12.9974002838,80.267578125,70721,70731,10
12.9972200394,80.2676315308,70731,70741,10
12.9966802597,80.2677307129,70741,70751,10
12.9959602356,80.2676925659,70751,70761,10
12.995639801,80.2673110962,70761,70781,20
12.995639801,80.2673110962,70781,70791,10
12.9956998825,80.267036438,70791,70801,10
12.9957399368,80.2665100098,70801,70812,11
12.9958295822,80.2656936646,70812,70822,10
12.9958896637,80.2651596069,70822,70832,10
12.9959697723,80.2643890381,70832,70842,10
12.9960603714,80.2635726929,70842,70852,10
12.9961500168,80.2625808716,70852,70882,30
12.9961500168,80.2625808716,70882,70892,10
12.9962100983,80.26197052,70892,70912,20
12.9962100983,80.26197052,70912,70923,11
12.9962797165,80.2615127563,70923,70933,10
12.9963598251,80.2608032227,70933,70943,10
12.9964504242,80.2601165771,70943,70953,10
12.9964599609,80.2598724365,70953,70963,10
12.9964599609,80.2596588135,70963,70973,10
12.996509552,80.2592315674,70973,70983,10
12.9965696335,80.2587738037,70983,70993,10
12.9966201782,80.258392334,70993,71013,20
12.9966201782,80.258392334,71013,71023,10
12.9966402054,80.2580337524,71023,71034,11
12.9966602325,80.2577819824,71034,71044,10
12.996720314,80.2573013306,71044,71054,10
12.9967803955,80.2566070557,71054,71064,10
12.9968395233,80.2560272217,71064,71145,81
12.9968395233,80.2560272217,71145,71155,10
12.9969396591,80.2557601929,71155,71165,10
12.9972000122,80.2557220459,71165,71175,10
12.9977502823,80.2558135986,71175,71185,10
12.9982795715,80.255897522,71185,71195,10
12.9987602234,80.2559585571,71195,71225,30
12.9987602234,80.2559585571,71225,71235,10
12.9990701675,80.2560577393,71235,71276,41
12.9990701675,80.2560577393,71276,71286,10
12.9994297028,80.2561035156,71286,71296,10
12.9997997284,80.2561798096,71296,71306,10
13.0003995895,80.2562866211,71306,71316,10
13.0010700226,80.2563781738,71316,71326,10
13.0014400482,80.2564620972,71326,71336,10
13.0017595291,80.2565231323,71336,71346,10
13.0022001266,80.2565765381,71346,71356,10
13.0025901794,80.2566680908,71356,71367,11
13.0031900406,80.2567901611,71367,71377,10
13.0037097931,80.2568969727,71377,71387,10
13.004240036,80.2570037842,71387,71397,10
13.0048398972,80.2571029663,71397,71407,10
13.0053596497,80.2571716309,71407,71417,10
13.0058202744,80.2572784424,71417,71427,10
13.0064401627,80.2573699951,71427,71437,10
13.006480217,80.2568969727,71437,71447,10
13.0064601898,80.2563018799,71447,71457,10
13.0064601898,80.2555999756,71457,71467,10
13.0065002441,80.2548522949,71467,71477,10
13.0064601898,80.2539672852,71477,71488,11
13.0064401627,80.2531890869,71488,71498,10
13.0064401627,80.2531814575,71498,71508,10
13.0064601898,80.2528381348,71508,71518,10
13.0065402985,80.2520980835,71518,71558,40
13.0065402985,80.2520980835,71558,71568,10
13.0065402985,80.2518615723,71568,71578,10
13.0066604614,80.2513427734,71578,71588,10
13.0066900253,80.2505569458,71588,71599,11
13.0066795349,80.2493667603,71599,71609,10
13.0066204071,80.2486572266,71609,71679,70
13.0066204071,80.2486572266,71679,71689,10
13.0066099167,80.2484893799,71689,71699,10
13.0065898895,80.2482070923,71699,71710,11
13.0065803528,80.2478027344,71710,71720,10
13.0065803528,80.2472076416,71720,71730,10
13.0065898895,80.2467727661,71730,71740,10
13.006529808,80.2466278076,71740,71750,10
13.0065202713,80.2464904785,71750,71760,10
13.006529808,80.2463989258,71760,71770,10
13.0065803528,80.2460632324,71770,71780,10
13.0065803528,80.2453994751,71780,71790,10
13.0066003799,80.2448577881,71790,71800,10
13.0066003799,80.244468689,71800,71810,10
13.0066003799,80.2442703247,71810,71821,11
13.0066003799,80.2440185547,71821,71831,10
13.0065803528,80.2437820435,71831,71841,10
13.0065803528,80.2434463501,71841,71851,10
13.0065402985,80.242980957,71851,71861,10
13.006529808,80.2422790527,71861,71871,10
13.0065402985,80.2414474487,71871,71881,10
13.0065898895,80.2408218384,71881,71891,10
13.0066404343,80.2404785156,71891,71901,10
13.0067300797,80.2401885986,71901,71911,10
13.0068397522,80.2396087646,71911,71921,10
13.0069799423,80.2388534546,71921,71932,11
13.0071201324,80.2380981445,71932,71942,10
13.007229805,80.2376174927,71942,71952,10
13.007349968,80.2370529175,71952,71968,16
13.0073795319,80.2367019653,71968,71980,12
13.0074300766,80.2366333008,71980,71990,10
13.007519722,80.2362976074,71990,72000,10
13.0076303482,80.2356872559,72000,72009,9
13.0077104568,80.2352828979,72009,72020,11
13.0077199936,80.2351074219,72020,72030,10
13.0078001022,80.2347412109,72030,72041,11
13.0079603195,80.2340621948,72041,72051,10
13.0081396103,80.2331695557,72051,72061,10
13.0083503723,80.2320480347,72061,72071,10
13.0085601807,80.2309188843,72071,72081,10
13.0087795258,80.2298202515,72081,72091,10
13.0089797974,80.2288589478,72091,72101,10
13.0092000961,80.2279891968,72101,72111,10
13.0095996857,80.2270431519,72111,72121,10
13.0100603104,80.2260513306,72121,72131,10
13.0103998184,80.2252807617,72131,72141,10
13.0106401443,80.2247772217,72141,72151,10
13.010840416,80.2243423462,72151,72162,11
13.0111398697,80.2236175537,72162,72172,10
13.0114202499,80.2229690552,72172,72181,9
13.0116796494,80.2223434448,72181,72192,11
13.0119400024,80.2215576172,72192,72202,10
13.012339592,80.2215194702,72202,72212,10
13.0126304626,80.221862793,72212,72222,10
13.0132598877,80.2226028442,72222,72232,10
13.0138597488,80.2232589722,72232,72242,10
13.0144195557,80.2239685059,72242,72252,10
13.014960289,80.2245178223,72252,72263,11
13.0154600143,80.2249221802,72263,72273,10
13.0155601501,80.2250289917,72273,72283,10
13.0157899857,80.2252120972,72283,72293,10
13.016409874,80.2252578735,72293,72303,10
13.01720047,80.2249984741,72303,72313,10
13.0180597305,80.2246170044,72313,72323,10
13.0187902451,80.224319458,72323,72333,10
13.0192298889,80.2242507935,72333,72343,10
13.0192499161,80.2242431641,72343,72353,10
13.0194597244,80.2242889404,72353,72363,10
13.0198402405,80.224571228,72363,72373,10
13.0203895569,80.2250137329,72373,72384,11
13.0210800171,80.2255325317,72384,72393,9
13.0216302872,80.2259597778,72393,72404,11
13.0223798752,80.2265777588,72404,72414,10
13.0230302811,80.2271499634,72414,72424,10
13.0234804153,80.2275619507,72424,72434,10
13.024020195,80.2280426025,72434,72454,20
13.024020195,80.2280426025,72454,72464,10
13.024140358,80.2281723022,72464,72474,10
13.0243997574,80.2285614014,72474,72483,9
13.024600029,80.2288894653,72483,72495,12
13.0248804092,80.2292404175,72495,72505,10
13.0252599716,80.2296905518,72505,72515,10
13.0255203247,80.2300033569,72515,72626,111
13.0255203247,80.2300033569,72626,72636,10
13.025639534,80.230140686,72636,72646,10
13.0256996155,80.2303009033,72646,72656,10
13.0257797241,80.230506897,72656,72666,10
13.0257997513,80.2305526733,72666,72676,10
13.0259103775,80.2308883667,72676,72767,91
13.0259103775,80.2308883667,72767,72777,10
13.0259103775,80.2311172485,72777,72787,10
13.0260095596,80.231300354,72787,72797,10
13.0264501572,80.2311935425,72797,72807,10
13.027179718,80.2309875488,72807,72817,10
13.0279397964,80.2308807373,72817,72868,51
13.0283203125,80.2308807373,72868,72928,60
13.0283203125,80.2308807373,72928,72939,11
13.0288600922,80.2307815552,72939,72949,10
13.0291795731,80.2307434082,72949,72959,10
13.0292797089,80.23072052,72959,72969,10
13.0297002792,80.2306900024,72969,72979,10
13.0302801132,80.2306594849,72979,72989,10
13.0306596756,80.2305984497,72989,72999,10
13.0306501389,80.2304763794,72999,73009,10
13.030579567,80.2301177979,73009,73019,10
13.0303201675,80.2294616699,73019,73029,10
13.0302495956,80.2288284302,73029,73039,10
13.0303096771,80.2283630371,73039,73050,11
13.0303201675,80.2283096313,73050,73060,10
13.0303497314,80.2280578613,73060,73070,10
13.0303697586,80.2276916504,73070,73080,10
13.0303201675,80.2274475098,73080,73090,10
13.0300197601,80.2273635864,73090,73100,10
13.0294399261,80.2273025513,73100,73110,10
13.0289497375,80.2272186279,73110,73120,10
13.0283002853,80.2271194458,73120,73130,10
13.0279397964,80.2269515991,73130,73140,10
13.0278997421,80.2266082764,73140,73150,10
13.0279798508,80.2261123657,73150,73160,10
13.0281400681,80.2254180908,73160,73171,11
13.0283203125,80.2246627808,73171,73181,10
13.0284204483,80.2241210938,73181,73191,10
13.0285196304,80.2239379883,73191,73201,10
13.0285997391,80.2239379883,73201,73211,10
13.0286397934,80.2239608765,73211,73221,10
13.0288600922,80.2240524292,73221,73231,10
13.0291996002,80.2242202759,73231,73241,10
13.0296697617,80.2241973877,73241,73251,10
13.029999733,80.2242279053,73251,73261,10
13.0302400589,80.2242279053,73261,73271,10
13.0307302475,80.2242507935,73271,73282,11
13.0310401917,80.2242202759,73282,73292,10
13.031080246,80.2239837646,73292,73302,10
13.0311002731,80.2235031128,73302,73312,10
13.0311002731,80.2233581543,73312,73322,10
13.0311403275,80.2230606079,73322,73332,10
13.03125,80.2226486206,73332,73342,10
13.0314397812,80.2223892212,73342,73352,10
13.0315799713,80.2221221924,73352,73362,10
13.0318098068,80.2216415405,73362,73372,10
13.0319499969,80.2211914063,73372,73382,10
13.0320596695,80.2207717896,73382,73393,11
13.0321397781,80.2203598022,73393,73403,10
13.0321397781,80.2200317383,73403,73413,10
13.0321397781,80.2196884155,73413,73423,10
13.0321397781,80.2196807861,73423,73433,10
13.0321397781,80.2195663452,73433,73443,10
13.0321598053,80.2192306519,73443,73453,10
13.0321397781,80.2186279297,73453,73463,10
13.0316801071,80.2183990479,73463,73473,10
13.0314302444,80.2178421021,73473,73483,10
13.0313596725,80.2171783447,73483,73493,10
13.0312595367,80.2169723511,73493,73504,11
13.0308704376,80.2169113159,73504,73514,10
13.030380249,80.2164993286,73514,73554,40
13.030380249,80.2164993286,73554,73564,10
13.0303697586,80.216217041,73564,73574,10
13.0303401947,80.2159118652,73574,73584,10
13.0303096771,80.215461731,73584,73594,10
13.0303001404,80.21459198,73594,73635,41
13.0303001404,80.21459198,73635,73645,10
13.0304002762,80.2140197754,73645,73655,10
13.0304498672,80.2136306763,73655,73665,10
13.0305099487,80.2133636475,73665,73675,10
13.0305700302,80.2128829956,73675,73685,10
13.0306501389,80.2122573853,73685,73695,10
13.0306797028,80.2120819092,73695,73705,10
13.0307502747,80.2116470337,73705,73715,10
13.0307798386,80.2113800049,73715,73726,11
13.0308303833,80.2110366821,73726,73736,10
13.0308799744,80.2107467651,73736,73746,10
13.0309400558,80.2102432251,73746,73756,10
13.0309200287,80.2100067139,73756,73766,10
13.0306797028,80.2099227905,73766,73776,10
13.0303096771,80.2098236084,73776,73786,10
13.0302400589,80.209777832,73786,73796,10
13.0300102234,80.2096862793,73796,73806,10
13.030090332,80.2091827393,73806,73826,20
13.030090332,80.2091827393,73826,73837,11
13.0304098129,80.2090072632,73837,73847,10
13.0310401917,80.2091903687,73847,73857,10
13.0316200256,80.2093582153,73857,73867,10
13.0316400528,80.2093582153,73867,73877,10
13.0318603516,80.2093811035,73877,73887,10
13.0324401855,80.2095031738,73887,73897,10
13.0332603455,80.2096633911,73897,73907,10
13.0342102051,80.2098388672,73907,73917,10
13.0349798203,80.2098999023,73917,73927,10
13.0351495743,80.2095031738,73927,73937,10
13.0352201462,80.2088623047,73937,73947,10
13.0352497101,80.2085800171,73947,73958,11
13.0352697372,80.2083511353,73958,73968,10
13.0353498459,80.2077865601,73968,73978,10
13.0354795456,80.2069702148,73978,73994,16
13.0354995728,80.2059402466,73994,74006,12
13.0354700089,80.205657959,74006,74016,10
13.0355195999,80.2053222656,74016,74036,20
13.0355195999,80.2053222656,74036,74046,10
13.0357599258,80.2051086426,74046,74056,10
13.0358200073,80.2047424316,74056,74066,10
13.0358400345,80.2044677734,74066,74077,11
13.0359401703,80.2039413452,74077,74087,10
13.0360403061,80.2032165527,74087,74097,10
13.0361299515,80.2025375366,74097,74107,10
13.0362596512,80.201461792,74107,74127,20
13.0362596512,80.201461792,74127,74137,10
13.0363397598,80.2010803223,74137,74147,10
13.0364398956,80.2005386353,74147,74157,10
13.0365495682,80.1997833252,74157,74167,10
13.0366802216,80.1989822388,74167,74178,11
13.0367202759,80.1984405518,74178,74198,20
13.0367202759,80.1984405518,74198,74208,10
13.0368099213,80.1980361938,74208,74218,10
13.0368995667,80.1974563599,74218,74228,10
13.0369596481,80.1970291138,74228,74238,10
13.0370502472,80.1963195801,74238,74248,10
13.0370597839,80.1961898804,74248,74258,10
13.0371398926,80.1958312988,74258,74268,10
13.037229538,80.1952514648,74268,74278,10
13.0373497009,80.194442749,74278,74288,10
13.0374803543,80.1934661865,74288,74299,11
13.0376796722,80.1927566528,74299,74309,10
13.0381498337,80.1927108765,74309,74319,10
13.0386800766,80.1928024292,74319,74329,10
13.038860321,80.1928405762,74329,74339,10
13.0390300751,80.1928787231,74339,74349,10
13.0394001007,80.1929321289,74349,74365,16
13.0398597717,80.1930007935,74365,74377,12
13.0404195786,80.193107605,74377,74387,10
13.0410699844,80.1931762695,74387,74397,10
13.0416698456,80.1932830811,74397,74407,10
13.0418195724,80.1934814453,74407,74418,11
13.0417804718,80.1939163208,74418,74428,10
13.041680336,80.194519043,74428,74438,10
13.0416097641,80.1951370239,74438,74448,10
13.0415401459,80.195602417,74448,74458,10
13.0415000916,80.1959762573,74458,74468,10
13.0413999557,80.1966171265,74468,74478,10
13.0413198471,80.1971282959,74478,74488,10
13.0412597656,80.1975631714,74488,74498,10
13.041179657,80.1980819702,74498,74508,10
13.0410995483,80.1986312866,74508,74519,11
13.0410203934,80.1993408203,74519,74549,30
13.0410203934,80.1993408203,74549,74567,18
13.0408802032,80.2002410889,74567,74579,12
13.0407304764,80.2011413574,74579,74589,10
13.0406503677,80.2017593384,74589,74599,10
13.0405702591,80.2021789551,74599,74609,10
13.04047966,80.2027816772,74609,74619,10
13.0403499603,80.2036514282,74619,74629,10
13.0402603149,80.2042617798,74629,74640,11
13.0401802063,80.2046966553,74640,74649,9
13.0402402878,80.2049636841,74649,74660,11
13.0407896042,80.2050323486,74660,74670,10
13.0412302017,80.2051010132,74670,74680,10
13.0413999557,80.2051391602,74680,74690,10
13.0419101715,80.2052078247,74690,74700,10
13.0424995422,80.2053604126,74700,74710,10
13.0426797867,80.2054290771,74710,74720,10
13.0429000854,80.2058486938,74720,74730,10
13.0433702469,80.2064971924,74730,74741,11
13.0439300537,80.2072982788,74741,74751,10
13.0441503525,80.2080535889,74751,74761,10
13.0441503525,80.2086410522,74761,74771,10
13.0441598892,80.2090606689,74771,74781,10
13.0441598892,80.2092437744,74781,74791,10
13.0441799164,80.2096481323,74791,74801,10
13.0442399979,80.2103424072,74801,74811,10
13.0442800522,80.2112121582,74811,74821,10
13.0443201065,80.2118606567,74821,74942,121
13.0443201065,80.2118606567,74942,74952,10
13.044380188,80.2122802734,74952,74963,11
13.044960022,80.2122421265,74963,74973,10
13.0457296371,80.2122116089,74973,74983,10
13.0465497971,80.2121582031,74983,74993,10
13.0469198227,80.2121276855,74993,75013,20
13.0469198227,80.2121276855,75013,75023,10
13.04708004,80.2119064331,75023,75033,10
13.0470895767,80.211807251,75033,75043,10
13.04708004,80.2115936279,75043,75053,10
13.0470504761,80.2113494873,75053,75063,10
13.0470399857,80.2112579346,75063,75073,10
13.0470199585,80.2108230591,75073,75084,11
13.0473604202,80.2107162476,75084,75094,10
13.0479097366,80.2107162476,75094,75104,10
13.0485401154,80.2107467651,75104,75114,10
13.049249649,80.2107772827,75114,75124,10
13.0496397018,80.2107772827,75124,75134,10
13.0496702194,80.2105178833,75134,75144,10
13.0495996475,80.2099990845,75144,75154,10
13.0495100021,80.2094802856,75154,75164,10
13.0494804382,80.2090911865,75164,75174,10
13.0494403839,80.2088165283,75174,75185,11
13.0493202209,80.2083129883,75185,75195,10
13.0491504669,80.2078323364,75195,75205,10
13.0488595963,80.20703125,75205,75235,30
13.0488595963,80.20703125,75235,75245,10
13.0489597321,80.2067489624,75245,75255,10
13.049079895,80.206741333,75255,75265,10
13.0493297577,80.2067871094,75265,75275,10
13.0493202209,80.2071228027,75275,75467,192
13.0493602753,80.2071914673,75467,75628,161
13.0493097305,80.2071685791,75628,75750,122
13.0493202209,80.2071990967,75750,76133,383
13.0493202209,80.2071990967,76133,76143,10
13.049079895,80.2075500488,76143,76153,10
13.049200058,80.2079315186,76153,76163,10
13.0493803024,80.2085418701,76163,76173,10
13.0494804382,80.2090682983,76173,76183,10
13.0495300293,80.209312439,76183,76193,10
13.0495901108,80.209777832,76193,76204,11
13.0496797562,80.2105712891,76204,76214,10
13.0497303009,80.2111129761,76214,76224,10
13.0497903824,80.2113876343,76224,76234,10
13.0498199463,80.2115478516,76234,76244,10
13.0498600006,80.2118530273,76244,76335,91
13.0499897003,80.2118606567,76335,76365,30
13.0499897003,80.2118606567,76365,76375,10
13.0499401093,80.2120437622,76375,76385,10
13.0499401093,80.2121124268,76385,76395,10
13.0496397018,80.2121887207,76395,76414,19
13.0496397018,80.2121887207,76414,76426,12
13.0494203568,80.2121200562,76426,76436,10
13.049030304,80.2121429443,76436,76446,10
13.0483598709,80.2122116089,76446,76456,10
13.0475301743,80.2122802734,76456,76466,10
13.0465297699,80.2123184204,76466,76476,10
13.0455503464,80.2123565674,76476,76486,10
13.0447797775,80.2124023438,76486,76496,10
13.0444002151,80.2123794556,76496,76526,30
13.0444002151,80.2123794556,76526,76537,11
13.0442695618,80.2121429443,76537,76547,10
13.044260025,80.2115936279,76547,76557,10
13.0442304611,80.2108383179,76557,76567,10
13.0441999435,80.2099914551,76567,76577,10
13.0441703796,80.2092437744,76577,76587,10
13.0441398621,80.2088165283,76587,76597,10
13.0441198349,80.2084579468,76597,76607,10
13.0440502167,80.2078170776,76607,76617,10
13.043680191,80.2070236206,76617,76627,10
13.0431604385,80.2062988281,76627,76637,10
13.0425300598,80.2055282593,76637,76647,10
13.0417404175,80.2052612305,76647,76658,11
13.0409803391,80.2051467896,76658,76668,10
13.0406999588,80.2051010132,76668,76678,10
13.0402002335,80.2050476074,76678,76688,10
13.0395698547,80.2049331665,76688,76698,10
13.0388803482,80.2048416138,76698,76708,10
13.0382204056,80.2047576904,76708,76718,10
13.0381002426,80.2044906616,76718,76728,10
13.0381803513,80.203918457,76728,76738,10
13.038310051,80.2030487061,76738,76748,10
13.0384101868,80.2023620605,76748,76758,10
13.0384702682,80.2019729614,76758,76769,11
13.0384998322,80.2016601563,76769,76779,10
13.0385503769,80.2013015747,76779,76789,10
13.0386199951,80.200843811,76789,76799,10
13.0387401581,80.2001037598,76799,76809,10
13.0388202667,80.1995697021,76809,76819,10
13.0388898849,80.1990432739,76819,76829,10
13.0389900208,80.1983566284,76829,76839,10
13.0390796661,80.197593689,76839,76849,10
13.0391798019,80.1969909668,76849,76859,10
13.0392103195,80.1968078613,76859,76869,10
13.0392599106,80.1964416504,76869,76880,11
13.0393695831,80.1957778931,76880,76890,10
13.0395002365,80.1949081421,76890,76900,10
13.0395898819,80.1939620972,76900,76910,10
13.0396795273,80.1933898926,76910,76920,10
13.0396995544,80.1932907104,76920,76930,10
13.0397195816,80.1931762695,76930,76940,10
13.0394601822,80.1930618286,76940,76950,10
13.0389299393,80.1929626465,76950,76960,10
13.0387201309,80.1929626465,76960,76970,10
13.0384397507,80.1928787231,76970,76980,10
13.0379400253,80.1928787231,76980,76990,10
13.037560463,80.193321228,76990,77001,11
13.0374202728,80.1942825317,77001,77011,10
13.0372800827,80.1951980591,77011,77021,10
13.0371799469,80.1959609985,77021,77040,19
13.0371799469,80.1959609985,77040,77051,11
13.0371303558,80.196182251,77051,77061,10
13.0370597839,80.1966781616,77061,77071,10
13.036939621,80.1974411011,77071,77081,10
13.0368299484,80.1981811523,77081,77091,10
13.0367498398,80.1986999512,77091,77102,11
13.0367002487,80.1989517212,77102,77112,10
13.0366401672,80.1994018555,77112,77122,10
13.0365200043,80.2001495361,77122,77132,10
13.0364103317,80.2009277344,77132,77142,10
13.0363397598,80.2014770508,77142,77152,10
13.0362796783,80.2018127441,77152,77161,9
13.0362195969,80.2020721436,77161,77172,11
13.0361604691,80.2026367188,77172,77182,10
13.0360298157,80.2035369873,77182,77192,10
13.0359296799,80.2042770386,77192,77202,10
13.0358695984,80.2047805786,77202,77213,11
13.0357599258,80.2054824829,77213,77222,9
13.0356502533,80.2062225342,77222,77233,11
13.0354795456,80.2073364258,77233,77243,10
13.0353603363,80.2081604004,77243,77253,10
13.0353002548,80.208480835,77253,77263,10
13.0352401733,80.2088775635,77263,77273,10
13.0351400375,80.2095565796,77273,77283,10
13.0348997116,80.2105789185,77283,77293,10
13.0348997116,80.2105789185,77293,77303,10
13.034819603,80.2112808228,77303,77313,10
13.0346803665,80.2120819092,77313,77324,11
13.0341901779,80.2121200562,77324,77334,10
13.0334997177,80.212020874,77334,77344,10
13.0328302383,80.2119827271,77344,77354,10
13.0326595306,80.2119903564,77354,77365,11
13.0322999954,80.2119369507,77365,77375,10
13.0319795609,80.2118682861,77375,77385,10
13.031920433,80.2115936279,77385,77394,9
13.0319795609,80.2110977173,77394,77404,10
13.031999588,80.2104492188,77404,77415,11
13.0320501328,80.2098388672,77415,77424,9
13.0318698883,80.2096710205,77424,77436,12
13.0312995911,80.2095489502,77436,77446,10
13.03083992,80.2094421387,77446,77456,10
13.0306596756,80.2094116211,77456,77466,10
13.0304002762,80.2093276978,77466,77476,10
13.0301399231,80.2092895508,77476,77486,10
13.0300703049,80.2094421387,77486,77496,10
13.0300197601,80.2095870972,77496,77506,10
13.0299596786,80.2098236084,77506,77516,10
13.0303201675,80.2099380493,77516,77526,10
13.0307397842,80.210067749,77526,77547,21
13.0307397842,80.210067749,77547,77557,10
13.0309000015,80.2103729248,77557,77567,10
13.0308599472,80.2107925415,77567,77577,10
13.0308103561,80.2111282349,77577,77587,10
13.0307598114,80.2115020752,77587,77597,10
13.0307197571,80.2117996216,77597,77607,10
13.0306100845,80.2122497559,77607,77617,10
13.030500412,80.2129821777,77617,77627,10
13.0304203033,80.2135162354,77627,77637,10
13.030380249,80.2138214111,77637,77647,10
13.0303401947,80.2142715454,77647,77658,11
13.0303001404,80.2146224976,77658,77668,10
13.0302696228,80.214881897,77668,77678,10
13.0302600861,80.2154312134,77678,77688,10
13.0302600861,80.2161636353,77688,77698,10
13.03028965,80.2167816162,77698,77708,10
13.0303401947,80.2169189453,77708,77718,10
13.0307102203,80.2169876099,77718,77728,10
13.0311403275,80.2170028687,77728,77737,9
13.0313997269,80.2171401978,77737,77747,10
13.0314598083,80.2176971436,77747,77758,11
13.0316696167,80.2184371948,77758,77769,11
13.0321998596,80.2186431885,77769,77779,10
13.0321598053,80.2192993164,77779,77789,10
13.0321598053,80.2198181152,77789,77799,10
13.0321598053,80.2200698853,77799,77809,10
13.0321598053,80.2202987671,77809,77819,10
13.0321302414,80.2207794189,77819,77829,10
13.0319795609,80.2213973999,77829,77839,10
13.0317602158,80.2219467163,77839,77849,10
13.0315599442,80.2222824097,77849,77859,10
13.0312595367,80.2228012085,77859,77869,10
13.0311098099,80.223487854,77869,77879,10
13.031080246,80.2238388062,77879,77890,11
13.0310897827,80.224067688,77890,77900,10
13.0309095383,80.2243804932,77900,77910,10
13.0303001404,80.2243423462,77910,77920,10
13.0295095444,80.2243499756,77920,77930,10
13.0291500092,80.2243423462,77930,77940,10
13.0289096832,80.2242507935,77940,77950,10
13.0286197662,80.2241134644,77950,77960,10
13.0283603668,80.2244720459,77960,77970,10
13.028169632,80.2253112793,77970,77980,10
13.0280199051,80.2261123657,77980,77990,10
13.0278997421,80.2267303467,77990,78001,11
13.027879715,80.2269973755,78001,78011,10
13.0281400681,80.227142334,78011,78021,10
13.0284795761,80.2271881104,78021,78031,10
13.0290203094,80.2272796631,78031,78071,40
13.0293998718,80.2273178101,78071,78122,51
13.0297803879,80.2273712158,78122,78162,40
13.0297803879,80.2273712158,78162,78172,10
13.0301599503,80.2274627686,78172,78192,20
13.0301599503,80.2274627686,78192,78202,10
13.0303697586,80.2276611328,78202,78212,10
13.0303297043,80.2279510498,78212,78223,11
13.0303297043,80.2281417847,78223,78233,10
13.0302696228,80.2284088135,78233,78243,10
13.0302400589,80.2288131714,78243,78253,10
13.0302600861,80.2293777466,78253,78263,10
13.0304498672,80.2297973633,78263,78273,10
13.0305995941,80.2303619385,78273,78283,10
13.0306196213,80.2305831909,78283,78293,10
13.0306301117,80.230758667,78293,78303,10
13.0304203033,80.2308273315,78303,78313,10
13.0300102234,80.2308502197,78313,78323,10
13.0295295715,80.2309036255,78323,78334,11
13.0287904739,80.2309570313,78334,78344,10
13.0280399323,80.2310333252,78344,78353,9
13.027759552,80.2310409546,78353,78364,11
13.0275802612,80.2312011719,78364,78373,9
13.0276203156,80.2317123413,78373,78384,11
13.0277099609,80.2324066162,78384,78394,10
13.0277795792,80.2327423096,78394,78404,10
13.0275201797,80.2328872681,78404,78414,10
13.0269098282,80.2330093384,78414,78475,61
13.0269098282,80.2330093384,78475,78485,10
13.0267696381,80.2330932617,78485,78495,10
13.0264797211,80.2330780029,78495,78505,10
13.0262403488,80.2326202393,78505,78515,10
13.0260601044,80.2318496704,78515,78525,10
13.0258798599,80.2311096191,78525,78535,10
13.0255002975,80.23021698,78535,78545,10
13.0249004364,80.2294006348,78545,78556,11
13.0242595673,80.2285919189,78556,78566,10
13.0239496231,80.2282028198,78566,78575,9
13.0238103867,80.2280426025,78575,78586,11
13.0233402252,80.2275466919,78586,78596,10
13.0227298737,80.2269668579,78596,78606,10
13.0219898224,80.2263183594,78606,78616,10
13.0211200714,80.2256622314,78616,78626,10
13.02023983,80.2250366211,78626,78636,10
13.0192203522,80.2245025635,78636,78646,10
13.0180597305,80.2247695923,78646,78656,10
13.0170202255,80.2252197266,78656,78667,11
13.0163402557,80.2255172729,78667,78677,10
13.0158004761,80.2257080078,78677,78687,10
13.0152196884,80.2259292603,78687,78697,10
13.0149402618,80.2260665894,78697,78707,10
13.0145397186,80.2261886597,78707,78717,10
13.0138597488,80.2264480591,78717,78727,10
13.0129804611,80.2267837524,78727,78737,10
13.0120201111,80.2271575928,78737,78747,10
13.0109596252,80.2275924683,78747,78757,10
13.0099000931,80.228012085,78757,78767,10
13.0090503693,80.2285919189,78767,78778,11
13.0088300705,80.2297210693,78778,78788,10
13.0086297989,80.2308807373,78788,78798,10
13.0084104538,80.2320175171,78798,78808,10
13.0081996918,80.2331466675,78808,78818,10
13.0080003738,80.234161377,78818,78828,10
13.0077896118,80.2351837158,78828,78838,10
13.0075702667,80.2363204956,78838,78848,10
13.0073404312,80.237487793,78848,78858,10
13.0071496964,80.2385406494,78858,78868,10
13.0070199966,80.2392196655,78868,78878,10
13.0068998337,80.2398681641,78878,78965,87
13.0068998337,80.2398681641,78965,78977,12
13.0068902969,80.2401199341,78977,78985,8
13.0068397522,80.2404708862,78985,78997,12
13.0066900253,80.2411575317,78997,79008,11
13.0066299438,80.2420806885,79008,79018,10
13.0066099167,80.2429580688,79018,79028,10
13.0065803528,80.2436828613,79028,79038,10
13.0065202713,80.2446136475,79038,79048,10
13.0065498352,80.2453308105,79048,79058,10
13.0065898895,80.2461013794,79058,79068,10
13.0066204071,80.2466812134,79068,79078,10
13.0066699982,80.2471084595,79078,79088,10
13.0066404343,80.2475967407,79088,79098,10
13.0066604614,80.2483596802,79098,79108,10
13.0066604614,80.2485580444,79108,79119,11
13.0066795349,80.2489318848,79119,79129,10
13.0067195892,80.2495727539,79129,79139,10
13.0067396164,80.2502670288,79139,79149,10
13.0067396164,80.2509994507,79149,79159,10
13.0067396164,80.2514572144,79159,79189,30
13.0067396164,80.2514572144,79189,79199,10
13.0066995621,80.2516403198,79199,79209,10
13.0065803528,80.2520980835,79209,79219,10
13.0064601898,80.2528305054,79219,79230,11
13.0064496994,80.253868103,79230,79240,10
13.0065002441,80.254699707,79240,79250,10
13.0065002441,80.2552566528,79250,79260,10
13.0065002441,80.2560806274,79260,79270,10
13.0065698624,80.2570571899,79270,79290,20
13.0065698624,80.2570571899,79290,79300,10
13.0066299438,80.2573318481,79300,79310,10
13.0064401627,80.2575531006,79310,79320,10
13.0059700012,80.2575073242,79320,79330,10
13.0052995682,80.2573776245,79330,79340,10
13.0047597885,80.2572402954,79340,79351,11
13.0040197372,80.2570877075,79351,79361,10
13.0035400391,80.257019043,79361,79371,10
13.0031795502,80.2569503784,79371,79381,10
13.002530098,80.2568206787,79381,79391,10
13.001830101,80.2566833496,79391,79401,10
13.001159668,80.2565765381,79401,79411,10
13.0005302429,80.2564926147,79411,79421,10
12.9998703003,80.2563781738,79421,79431,10
12.9997797012,80.256362915,79431,79441,10
12.9996500015,80.2563476563,79441,79451,10
12.999329567,80.2562637329,79451,79462,11
12.9988698959,80.2561569214,79462,79472,10
12.9983997345,80.256111145,79472,79482,10
12.9981002808,80.2560577393,79482,79492,10
12.9977502823,80.2560195923,79492,79512,20
12.9977502823,80.2560195923,79512,79522,10
12.9976396561,80.2562789917,79522,79532,10
12.9976396561,80.2563095093,79532,79542,10
12.9976501465,80.2565002441,79542,79552,10
12.997590065,80.256729126,79552,79562,10
12.9971599579,80.2571563721,79562,80168,606
12.9970397949,80.2570877075,80168,80592,424
12.9970998764,80.2571792603,80592,83751,3159
12.9972801208,80.2569732666,83751,83811,60
12.9971599579,80.2571716309,83811,84276,465
12.9975004196,80.2570571899,84276,84316,40
12.9975004196,80.2570571899,84316,84326,10
