latitude,longitude,Time_Start,Time_Stop,TimeTaken
13.01445961,80.2249908447,16476,16506,30
13.0142202377,80.2261199951,21840,21860,20
13.0082998276,80.2133865356,22125,22145,20
12.9763298035,80.2217407227,22853,22873,20
12.9873800278,80.2588577271,23551,23579,28
12.9872503281,80.2595214844,23662,23682,20
12.9813404083,80.23828125,25047,25067,20
12.9869804382,80.2515182495,26655,26675,20
12.9873199463,80.2593917847,26867,26897,30
12.9872398376,80.2596206665,26908,26928,20
12.9871797562,80.2590866089,27182,27203,21
12.9798698425,80.2525177002,27495,27516,21
12.9813604355,80.242980957,27667,27687,20
12.981590271,80.2334823608,27869,27889,20
12.9807500839,80.2291717529,27980,28001,21
12.9771900177,80.2227096558,28154,28172,18
12.9829797745,80.2219619751,28306,28326,20
12.9865503311,80.2229385376,28396,28417,21
13.0078802109,80.2130813599,28821,28851,30
13.0152397156,80.2247695923,29042,29063,21
13.0247097015,80.2288970947,29256,29286,30
13.0295801163,80.2309036255,31097,31118,21
13.0272903442,80.2329101563,31198,31219,21
13.0231103897,80.2274627686,31340,31360,20
13.0200996399,80.2249603271,31410,31431,21
12.9975404739,80.2162017822,32070,32090,20
12.9765901566,80.221282959,32535,32555,20
12.9783601761,80.225151062,32692,32711,19
12.9812602997,80.2364501953,32985,33005,20
12.9801502228,80.2522583008,33329,33349,20
12.9878902435,80.25390625,33567,33588,21
12.9873800278,80.2590026855,33650,33670,20
12.9803600311,80.2527618408,35004,35024,20
12.9813804626,80.2426528931,35308,35328,20
12.9813804626,80.2399520874,35400,35430,30
12.9975299835,80.2160720825,36318,36338,20
13.0078802109,80.2130737305,36532,36552,20
13.0168104172,80.225189209,36795,36815,20
13.0194101334,80.224319458,36926,36956,30
13.0219497681,80.2261734009,37057,37077,20
13.0221595764,80.2263183594,37088,37108,20
13.0228004456,80.2269134521,37168,37198,30
13.0281600952,80.2309417725,37422,37442,20
13.0342903137,80.2303619385,37715,37745,30
13.0316495895,80.2306365967,37978,38001,23
13.0082197189,80.2133483887,38850,38870,20
12.997420311,80.2162475586,39063,39080,17
12.9872303009,80.2595596313,40812,40842,30
12.9875202179,80.256942749,41136,41156,20
12.9804897308,80.252746582,41358,41378,20
12.9822397232,80.2216186523,42128,42148,20
13.0078496933,80.2130813599,42695,42712,17
13.0192804337,80.224357605,42968,42998,30
13.0282802582,80.2309417725,43241,43271,30
13.0290603638,80.2308807373,43301,43321,20
13.0298595428,80.2308197021,43352,43382,30
13.0349597931,80.2302398682,43563,43583,20
13.0317497253,80.2306518555,43827,43848,21
13.0232696533,80.2275619507,44161,44191,30
12.976360321,80.2216796875,45288,45308,20
12.9877500534,80.2549667358,46035,46055,20
12.9871902466,80.2595291138,46135,46155,20
12.987660408,80.2564163208,46491,46521,30
12.9799995422,80.252746582,46693,46723,30
12.9813604355,80.2427597046,46885,46905,20
12.9772100449,80.2226715088,47360,47380,20
12.98279953,80.2218933105,47492,47512,20
12.9973297119,80.2162399292,47899,47929,30
13.0254001617,80.229888916,48553,48575,22
13.0200300217,80.224861145,49112,49132,20
13.014550209,80.2260665894,49213,49243,30
13.0142202377,80.226020813,50758,50788,30
13.0198497772,80.2247085571,51618,51638,20
13.0143499374,80.2262802124,51708,51729,21
13.011179924,80.2237014771,51849,51872,23
12.9815797806,80.2333221436,54909,54929,20
12.9863901138,80.2229537964,55374,55394,20
13.0289802551,80.2308425903,56327,56347,20
13.0343599319,80.2304229736,56458,56488,30
13.0341501236,80.2304077148,56741,56771,30
13.0296802521,80.2308502197,56862,56883,21
13.0271902084,80.232963562,56963,56993,30
13.0230703354,80.2274475098,57126,57146,20
13.0142202377,80.2263412476,57328,57348,20
13.0083999634,80.2134628296,57631,57651,20
12.9762802124,80.2217102051,58359,58379,20
12.9816904068,80.2305297852,58541,58561,20
12.9801301956,80.2522888184,58874,58894,20
12.9877004623,80.256111145,59198,59228,30
12.9769296646,80.2228622437,61291,61321,30
12.9763002396,80.2217407227,62141,62161,20
12.9813604355,80.2387390137,62435,62455,20
12.9801397324,80.252281189,62617,62636,19
12.9872503281,80.2596435547,63172,63194,22
12.9871301651,80.2591781616,64731,64761,30
12.9873695374,80.2589187622,64771,64788,17
12.9873800278,80.2584991455,64802,64822,20
12.9876003265,80.251701355,65074,65094,20
12.9798698425,80.2523422241,65256,65276,20
12.9813604355,80.2424163818,65459,65479,20
12.9812498093,80.2379608154,65551,65571,20
12.9819498062,80.2325897217,65670,65692,22
12.99036026,80.2204818726,66361,66389,28
12.9947299957,80.2172470093,66482,66502,20
12.9975204468,80.216178894,66552,66573,21
13.0155200958,80.2250595093,67181,67201,20
13.0288095474,80.2309494019,67595,67616,21
13.0304899216,80.2308197021,67717,67747,30
13.034910202,80.2302703857,67989,68011,22
13.0225896835,80.2270202637,69549,69569,20
13.0099601746,80.2266311646,69912,69934,22
13.0118999481,80.2217407227,70035,70055,20
13.0087604523,80.2139511108,70460,70490,30
13.0079298019,80.2132873535,70601,70621,20
12.9968204498,80.2166366577,70976,71006,30
12.9904699326,80.2204666138,71198,71218,20
12.9893798828,80.2214202881,71498,71527,29
12.9888801575,80.2220993042,71570,71598,28
12.9886598587,80.2223205566,71598,71620,22
12.9835596085,80.2224273682,71853,71873,20
12.9816799164,80.2306213379,72237,72257,20
12.9800701141,80.252281189,72672,72692,20
12.9877700806,80.2518615723,76181,76203,22
12.9798002243,80.2524108887,76375,76395,20
12.9770698547,80.2227630615,77052,77073,21
13.0077800751,80.2130432129,77752,77773,21
13.0259599686,80.2310791016,78198,78228,30
13.0349798203,80.2301483154,78482,78502,20
13.0145797729,80.2260818481,78968,78988,20
12.9972200394,80.2570571899,13042,13062,20
12.9975404739,80.2570266724,13062,13092,30
12.9977397919,80.2573471069,14363,14383,20
12.9979600906,80.2571792603,14383,14403,20
12.9973802567,80.2579803467,15059,15079,20
12.9982995987,80.2573394775,15200,15230,30
12.9564599991,80.2435531616,20212,20232,20
12.9566001892,80.2434768677,20232,20262,30
12.8746900558,80.2101211548,21503,21523,20
12.8852500916,80.2266769409,21856,21876,20
12.9027099609,80.2279815674,22179,22209,30
12.948800087,80.2406463623,22996,23016,20
12.951379776,80.2414398193,23056,23076,20
12.9664096832,80.247718811,23308,23328,20
12.9799404144,80.2522888184,23449,23470,21
13.0074901581,80.2098312378,24589,24619,30
13.0137395859,80.2042922974,24801,24821,20
12.9813404083,80.2386779785,27070,27089,19
12.9786701202,80.2526168823,27292,27312,20
12.9397602081,80.2358093262,27917,27938,21
12.9260101318,80.231048584,28119,28139,20
12.9190797806,80.2301330566,28220,28250,30
12.9132404327,80.2293319702,28311,28331,20
12.9072399139,80.2284317017,28402,28422,20
12.8933000565,80.2276000977,28664,28684,20
12.8792896271,80.2110290527,29097,29118,21
12.8884401321,80.2272262573,30711,30731,20
12.9029502869,80.2279510498,30983,31013,30
12.9194402695,80.2299880981,31508,31528,20
12.947259903,80.2399597168,31992,32012,20
12.9562196732,80.243347168,32284,32314,30
12.9589395523,80.244468689,32355,32375,20
12.966509819,80.2478485107,32587,32607,20
12.9799203873,80.252281189,32758,32778,20
12.993350029,80.2181777954,33817,33837,20
12.9943799973,80.2173995972,33918,33938,20
13.007519722,80.2098617554,34372,34392,20
13.0128698349,80.2080993652,34704,34723,19
13.0115203857,80.227142334,36421,36451,30
13.0115098953,80.2270126343,36451,36471,20
12.9832496643,80.2222900391,37570,37590,20
12.9764299393,80.2218322754,37742,37762,20
12.9683704376,80.2487030029,38609,38629,20
12.9680500031,80.2485275269,38710,38730,20
12.9674301147,80.2483596802,38780,38810,30
12.9568300247,80.2438583374,39224,39254,30
12.9565401077,80.2437591553,39264,39294,30
12.9491100311,80.240852356,39385,39415,30
12.9290895462,80.2314605713,39728,39748,20
12.9015398026,80.2280731201,40202,40222,20
12.8992300034,80.2279510498,40261,40283,22
12.8767795563,80.2269592285,40565,40595,30
12.8791999817,80.2109909058,40817,40847,30
12.8768501282,80.2105636597,40898,40918,20
12.8791399002,80.2109603882,41603,41624,21
12.9008903503,80.227897644,42207,42229,22
12.9485797882,80.2404403687,42874,42904,30
12.9562702179,80.2432632446,43045,43066,21
12.9799804688,80.252281189,43338,43358,20
12.9813299179,80.2428131104,43459,43479,20
12.9828395844,80.2218780518,43973,44003,30
12.9863395691,80.2229614258,44104,44124,20
13.0074996948,80.2098388672,44659,44689,30
13.0098695755,80.21144104,45213,45234,21
12.9907798767,80.220199585,46302,46323,21
12.9828195572,80.2220230103,46514,46544,30
12.9763898849,80.221862793,46676,46696,20
12.9799003601,80.2525482178,47190,47210,20
12.9564199448,80.2437286377,47623,47644,21
12.9397697449,80.2358322144,47916,47936,20
12.907409668,80.2283630371,48601,48622,21
12.8992595673,80.2278671265,48833,48854,21
12.8747301102,80.2097320557,49388,49408,20
12.8764600754,80.2268371582,51132,51152,20
12.9026699066,80.2279205322,51485,51505,20
12.9486703873,80.2404937744,52109,52131,22
12.9774303436,80.2217102051,53230,53250,20
13.0101604462,80.2115936279,54652,54682,30
13.0090103149,80.21118927,54954,54974,20
12.9973497391,80.2165374756,55882,55902,20
12.9761295319,80.2214584351,56275,56304,29
12.9799900055,80.2524795532,56820,56840,20
12.9649896622,80.2473068237,57021,57041,20
12.9565095901,80.2437362671,57161,57183,22
12.9470596313,80.2399978638,57314,57344,30
12.94328022,80.2371368408,57394,57415,21
12.9338502884,80.2330093384,57546,57566,20
12.8763999939,80.2266082764,58352,58372,20
12.87596035,80.2104187012,58673,58693,20
12.8744697571,80.2101364136,58693,58723,30
12.8764696121,80.2268295288,59167,59187,20
12.8845901489,80.2266464233,59278,59308,30
12.9028196335,80.2280426025,59661,59681,20
12.9047298431,80.2281265259,59712,59742,30
12.9397001266,80.2356414795,60428,60448,20
12.9484300613,80.2404708862,60579,60609,30
12.9562702179,80.2432479858,60750,60780,30
12.9865503311,80.2229919434,62102,62132,30
13.006819725,80.2097625732,62606,62626,20
13.0101995468,80.2116394043,63130,63150,20
13.0046796799,80.2203216553,64592,64612,20
12.9908399582,80.2201919556,64865,64885,20
12.9832296371,80.2222290039,65076,65097,21
12.9764099121,80.2212982178,65228,65258,30
12.9807701111,80.2291030884,65510,65540,30
12.9816398621,80.2335510254,65651,65671,20
12.9814300537,80.2429122925,65833,65853,20
12.9788599014,80.2527084351,66004,66024,20
12.9726696014,80.2502365112,66105,66125,20
12.9650297165,80.2474365234,66236,66256,20
12.9593000412,80.2448272705,66347,66367,20
12.956489563,80.2435684204,66418,66438,20
12.9516897202,80.2417068481,66508,66529,21
12.949839592,80.2411193848,66569,66589,20
12.9392995834,80.2356567383,66821,66841,20
12.9338998795,80.2330474854,66912,66932,20
12.9258499146,80.231048584,67033,67053,20
12.9191799164,80.2301635742,67134,67154,20
12.913359642,80.2294006348,67235,67265,30
12.9059696198,80.2283477783,67396,67416,20
12.8990602493,80.2279663086,67638,67658,20
12.8931903839,80.2275924683,67739,67759,20
12.8763999939,80.2265701294,68152,68172,20
12.8760595322,80.2104568481,68566,68586,20
12.9029302597,80.2280502319,69922,69942,20
12.9139204025,80.229347229,70245,70265,20
12.9194097519,80.2300796509,70366,70386,20
12.9664497375,80.2478179932,71405,71435,30
12.9799203873,80.2524032593,71627,71657,30
12.9812803268,80.2428817749,72080,72101,21
12.9811296463,80.2348022461,72383,72413,30
12.9815196991,80.2335128784,72474,72494,20
12.9786396027,80.2256317139,72736,72756,20
12.9785003662,80.225440979,72766,72786,20
13.0035800934,80.2119903564,73704,73724,20
13.0089797974,80.2107772827,74632,74662,30
13.0067396164,80.2457809448,75388,75418,30
13.0017700195,80.2566604614,75721,75741,20
12.9981803894,80.256072998,75812,75832,20
12.9976596832,80.2562332153,75852,75882,30
12.9866504669,80.258682251,1871,1901,30
12.9873800278,80.2584228516,25125,25145,20
12.9989404678,80.2560119629,25407,25428,21
13.0259599686,80.2657394409,25912,25932,20
13.0339202881,80.2679290771,26174,26194,20
13.0619697571,80.262802124,26911,26941,30
13.0664997101,80.2683334351,27042,27062,20
13.0820102692,80.2754592896,27466,27496,30
13.0888996124,80.2902603149,27950,27970,20
13.1091804504,80.2916793823,28313,28333,20
13.114159584,80.2924728394,28424,28444,20
13.1888599396,80.3145828247,29554,29574,20
13.1984796524,80.3154602051,29725,29746,21
13.2026500702,80.3170623779,29836,29857,21
13.2116804123,80.3234405518,30028,30058,30
13.2117700577,80.3234863281,30058,30079,21
13.2249803543,80.3208007813,30502,30522,20
13.2242698669,80.3204879761,30544,30563,19
13.2149896622,80.3205795288,31531,31551,20
13.219420433,80.3200531006,31703,31723,20
13.2207298279,80.3196868896,31763,31783,20
13.2222604752,80.3195495605,31824,31844,20
13.2233896255,80.3200836182,31874,31894,20
13.2235803604,80.3201904297,31894,31914,20
13.2272996902,80.3265991211,32056,32086,30
13.2067804337,80.3215408325,32378,32399,21
13.1988296509,80.3156433105,32560,32580,20
13.1914100647,80.3134002686,32691,32711,20
13.1345701218,80.2972564697,33730,33750,20
13.1243495941,80.2944564819,33962,33982,20
13.1152000427,80.2926101685,34164,34184,20
13.1148796082,80.2925720215,34194,34214,20
13.0945196152,80.292350769,34769,34799,30
13.0894899368,80.2907791138,34890,34910,20
13.0852403641,80.2842178345,35052,35072,20
13.0823402405,80.2817611694,35122,35152,30
13.0818996429,80.2774810791,35284,35304,20
13.0707397461,80.2742385864,35657,35677,20
13.0655202866,80.2677078247,35869,35899,30
13.0653295517,80.2676391602,35899,35919,20
13.0603904724,80.2655181885,36020,36040,20
13.04708004,80.2663269043,36353,36373,20
13.0342597961,80.2678985596,36746,36766,20
13.0299301147,80.2666168213,36857,36877,20
13.0264501572,80.2659912109,36938,36968,30
13.0253400803,80.2653579712,36997,37019,22
13.0187997818,80.2621536255,37170,37190,20
13.016119957,80.2596893311,37251,37271,20
13.0071802139,80.2586288452,37412,37432,20
12.998459816,80.2560424805,37745,37765,20
12.9871902466,80.259552002,38229,38249,20
12.9870595932,80.2586364746,39873,39893,20
12.998550415,80.2559509277,40478,40498,20
13.0025997162,80.2567062378,40730,40751,21
13.0042695999,80.2569732666,40821,40851,30
13.0290803909,80.2638931274,41578,41598,20
13.0338401794,80.2678527832,41779,41800,21
13.0370798111,80.2666015625,41900,41921,21
13.0416297913,80.2682037354,42151,42171,20
13.0543603897,80.264213562,42433,42453,20
13.0627098083,80.263710022,42736,42756,20
13.0638303757,80.2653503418,42796,42826,30
13.0661697388,80.2680435181,42907,42927,20
13.0668697357,80.2685623169,42957,42978,21
13.0820198059,80.2759017944,43563,43583,20
13.0880002975,80.2814483643,43815,43845,30
13.0882997513,80.2835998535,43936,43956,20
13.0931596756,80.2918624878,44259,44289,30
13.0947504044,80.2923736572,44329,44348,19
13.2272996902,80.3265304565,46760,46780,20
13.2181797028,80.3200836182,47103,47123,20
13.2248497009,80.3207702637,48334,48354,20
13.2272500992,80.3266220093,48475,48495,20
13.1914100647,80.3134231567,49090,49111,21
13.1244096756,80.2944488525,50250,50271,21
13.1150197983,80.2925796509,50513,50543,30
13.094499588,80.2924728394,50987,51007,20
13.0890102386,80.2905578613,51118,51138,20
13.0828800201,80.2821273804,51343,51373,30
13.081609726,80.2755737305,51575,51595,20
13.0604801178,80.265411377,52240,52261,21
13.0469398499,80.2663269043,52573,52593,20
13.0410299301,80.2681808472,52704,52725,21
13.037320137,80.2675170898,52795,52815,20
13.0342798233,80.2679595947,52916,52936,20
13.0337200165,80.2678604126,52956,52977,21
13.0161399841,80.2596817017,53481,53501,20
12.9871797562,80.2594909668,54258,54288,30
12.9987297058,80.2560272217,57677,57697,20
13.0066795349,80.2405014038,58524,58554,30
13.0074100494,80.2367172241,58625,58645,20
13.0210103989,80.1835174561,59775,59797,22
13.020939827,80.183921814,62510,62530,20
13.0086202621,80.1986465454,62903,62923,20
13.0068597794,80.2494812012,63912,63932,20
13.0066204071,80.2549591064,64033,64053,20
13.0065898895,80.2567672729,64094,64124,30
12.9885101318,80.2559585571,64537,64558,21
12.9945201874,80.2559509277,65839,65859,20
12.9986000061,80.2559890747,66030,66051,21
12.9991798401,80.2561264038,66061,66081,20
13.0066299438,80.2471389771,67614,67634,20
13.0065803528,80.2467193604,67644,67664,20
13.0066204071,80.2462387085,67705,67735,30
13.0066204071,80.2459182739,67735,67755,20
13.0065603256,80.2448730469,67806,67836,30
13.0091896057,80.2144317627,68754,68784,30
13.0072498322,80.2098617554,69208,69228,20
13.0078601837,80.1962814331,69521,69551,30
13.0206003189,80.1844482422,69914,69934,20
13.0244197845,80.1773681641,70106,70136,30
13.0289897919,80.1691818237,70287,70307,20
13.0290899277,80.1690826416,70317,70338,21
13.0328502655,80.1622924805,70509,70539,30
13.0332698822,80.1615982056,70570,70600,30
13.0343198776,80.1582183838,70933,70953,20
13.035779953,80.153793335,71417,71437,20
13.0365695953,80.142868042,71599,71619,20
13.03565979,80.154296875,72537,72557,20
13.0248498917,80.1768493652,73041,73061,20
13.0082101822,80.2335891724,74202,74222,20
13.0069303513,80.239906311,74303,74333,30
12.9995498657,80.2563171387,74917,74939,22
12.9985704422,80.2561187744,74969,74989,20
12.9881496429,80.2559661865,75211,75231,20
12.9871702194,80.2596282959,75302,75332,30
12.9983196259,80.2568817139,14556,14576,20
12.7864103317,80.2204208374,22893,22913,20
12.8015804291,80.2235870361,24640,24660,20
12.8310604095,80.2293930054,24953,24973,20
12.9028997421,80.2279968262,25770,25790,20
12.9633102417,80.2465515137,26669,26699,30
12.9989204407,80.2560882568,27244,27264,20
13.0060796738,80.2573776245,27406,27436,30
13.0021696091,80.2566375732,29424,29444,20
12.9987401962,80.2560806274,29525,29545,20
12.9884195328,80.2559432983,29717,29747,30
12.9808101654,80.2527999878,29919,29939,20
12.965089798,80.2473602295,30121,30141,20
12.956489563,80.2436599731,30333,30353,20
12.9518604279,80.2417526245,30413,30434,21
12.9430999756,80.2369537354,30595,30615,20
12.933930397,80.2330474854,30747,30777,30
12.9133996964,80.2293014526,31009,31039,30
12.8987197876,80.2278823853,31352,31372,20
12.8768997192,80.2269821167,31827,31847,20
12.8501996994,80.2266235352,32210,32240,30
12.8469200134,80.2266235352,32311,32341,30
12.8399496078,80.2277374268,32644,32674,30
12.8008403778,80.2235717773,33179,33199,20
12.78647995,80.220451355,33401,33421,20
12.7691698074,80.184211731,35490,35510,20
12.7739200592,80.2011566162,35804,35824,20
12.786450386,80.2204284668,36228,36248,20
12.9004898071,80.2277908325,37480,37510,30
12.9336700439,80.2327423096,38015,38035,20
12.9473104477,80.2399597168,38217,38237,20
12.9663000107,80.247718811,38590,38620,30
12.9794797897,80.252571106,38772,38792,20
12.9820404053,80.2526092529,38913,38943,30
12.9974498749,80.2558517456,39680,39710,30
12.9974899292,80.256942749,39761,39781,20
12.9975996017,80.2566680908,39892,39922,30
13.0021095276,80.2565917969,40104,40134,30
13.002820015,80.2568130493,41396,41426,30
12.9985704422,80.2561035156,41588,41608,20
12.9973602295,80.2559280396,41648,41668,20
12.9862003326,80.2555465698,41951,41971,20
12.9015398026,80.2279586792,43202,43223,21
12.8458795547,80.2265930176,43869,43889,20
12.839679718,80.2278137207,43990,44010,20
12.7869195938,80.2206192017,44575,44605,30
12.7864904404,80.2204589844,44615,44636,21
12.7846899033,80.2196121216,44686,44706,20
12.7631797791,80.1834487915,45382,45403,21
12.7742395401,80.1959686279,46513,46533,20
12.7733802795,80.2050018311,46624,46644,20
12.7707700729,80.2130508423,46775,46804,29
12.7862300873,80.2202987671,46967,46997,30
12.805439949,80.2240905762,47270,47290,20
12.9562797546,80.2433700562,49228,49258,30
12.9563503265,80.2434082031,49258,49278,20
12.97935009,80.2525787354,49652,49672,20
12.9877195358,80.2555770874,49914,49944,30
12.9964399338,80.2558822632,50086,50106,20
12.9975204468,80.2559661865,50177,50197,20
12.9880895615,80.2558288574,53134,53154,20
12.9862604141,80.2555007935,53184,53214,30
12.956489563,80.2437210083,53648,53669,21
12.9495897293,80.2409362793,53780,53800,20
12.8992900848,80.2278671265,54426,54446,20
12.8047504425,80.2239608765,55425,55455,30
12.7863397598,80.2203826904,55687,55707,20
12.773059845,80.2063369751,55970,55990,20
12.7702798843,80.1845703125,56261,56281,20
12.7746496201,80.1938400269,57522,57542,20
12.7845201492,80.2195205688,57966,57986,20
12.7846498489,80.219619751,57986,58006,20
12.7861499786,80.2203369141,58158,58178,20
12.8392801285,80.2277679443,58895,58925,30
12.9047498703,80.228187561,59724,59745,21
12.9283504486,80.2312088013,60138,60158,20
12.9511499405,80.2414169312,60512,60532,20
12.9587202072,80.2444229126,60663,60683,20
12.9887895584,80.2559204102,61400,61420,20
12.9988698959,80.2560577393,61723,61743,20
13.0030002594,80.2567672729,63822,63852,30
12.9986095428,80.256072998,64014,64034,20
12.9888095856,80.2559432983,64216,64236,20
12.9653501511,80.2473983765,64751,64771,20
12.9492702484,80.2408676147,65084,65104,20
12.9015703201,80.2280578613,65952,65982,30
12.8995800018,80.2279434204,66033,66053,20
12.8927497864,80.2275009155,66134,66154,20
12.8849000931,80.2267837524,66245,66265,20
12.8322000504,80.2291870117,66861,66881,20
12.8319101334,80.2292098999,66891,66911,20
12.8053798676,80.2241363525,67224,67244,20
12.7746601105,80.1937637329,68324,68344,20
12.7742300034,80.1959533691,70604,70626,22
12.7851600647,80.2198867798,70959,70989,30
12.7854499817,80.2200927734,71009,71029,20
12.7857303619,80.2202224731,71050,71080,30
12.7862901688,80.2204666138,71090,71110,20
12.8307304382,80.2295074463,71605,71625,20
12.8457403183,80.2265625,72059,72079,20
12.8836803436,80.2266921997,72471,72501,30
12.8836803436,80.2266921997,72501,72531,30
12.913769722,80.2292861938,72976,72996,20
12.9631004333,80.2465286255,73723,73743,20
12.9960403442,80.1903533936,23514,23534,20
12.9959402084,80.1894683838,23564,23594,30
12.9975500107,80.2160873413,25391,25412,21
13.0687904358,80.2050704956,26724,26754,30
13.0872402191,80.1928482056,27209,27229,20
13.0993900299,80.1701889038,27905,27935,30
13.0882797241,80.1785964966,29137,29157,20
13.0880403519,80.1851119995,29298,29328,30
13.092880249,80.2005691528,29732,29752,20
13.0723199844,80.2021789551,30197,30217,20
13.0693597794,80.2047195435,30479,30499,20
13.0649900436,80.2113037109,30621,30641,20
13.0510501862,80.2122268677,30863,30883,20
13.0502595901,80.2121887207,30903,30923,20
13.0454301834,80.2124176025,30994,31014,20
13.0351495743,80.2122879028,31166,31186,20
13.0242900848,80.2069015503,31549,31569,20
13.0187101364,80.2062606812,31670,31691,21
13.0180797577,80.2060012817,31711,31731,20
13.0136203766,80.2045669556,31822,31842,20
13.0097799301,80.211227417,32034,32064,30
13.0091400146,80.2113494873,32145,32175,30
13.0153102875,80.2250671387,32407,32426,19
12.997590065,80.216506958,32791,32811,20
12.9975404739,80.2161331177,34921,34951,30
13.0037403107,80.2118682861,35082,35102,20
13.0079298019,80.2036895752,35446,35466,20
13.0147399902,80.2045135498,35567,35587,20
13.0314302444,80.2092208862,35900,35920,20
13.0632600784,80.2115478516,36607,36628,21
13.0741901398,80.1996612549,37021,37041,20
13.0839195251,80.1984481812,37203,37223,20
13.0849599838,80.1984863281,37263,37284,21
13.0916900635,80.1697387695,39212,39232,20
13.088259697,80.1791381836,39434,39464,30
13.0882101059,80.1801986694,39494,39523,29
13.0880699158,80.1851196289,39686,39706,20
13.0879802704,80.1878128052,39748,39778,30
13.0878295898,80.1898193359,39818,39838,20
13.0679798126,80.2051773071,40646,40666,20
13.0695896149,80.204788208,40850,40880,30
13.0651903152,80.211151123,40981,41001,20
13.0453500748,80.2124328613,41375,41405,30
13.0351495743,80.2123184204,41597,41617,20
13.0340595245,80.2120895386,41657,41687,30
13.0098400116,80.211479187,42680,42710,30
12.9974298477,80.2161102295,45236,45255,19
13.0036001205,80.2119293213,45388,45408,20
13.0072603226,80.2097625732,45549,45569,20
13.0242996216,80.2067337036,45974,45994,20
13.0349502563,80.2111282349,46206,46226,20
13.0486297607,80.2119903564,46519,46539,20
13.0631103516,80.2115783691,46772,46794,22
13.0743398666,80.1995697021,47167,47187,20
13.0879602432,80.182762146,47805,47825,20
13.0995798111,80.1696624756,48411,48431,20
13.0983400345,80.169342041,49067,49097,30
13.0983800888,80.1693191528,49097,49127,30
13.0882301331,80.1792831421,50349,50370,21
13.0878000259,80.1895599365,50501,50521,20
13.0858097076,80.200378418,50927,50945,18
13.0700902939,80.204826355,51300,51321,21
13.0650596619,80.2113418579,51754,51775,21
13.0341501236,80.2121276855,52401,52422,21
13.0302400589,80.2091369629,52523,52553,30
13.0294799805,80.2088775635,52573,52593,20
13.0242204666,80.2068786621,52664,52684,20
13.0106096268,80.225151062,53514,53534,20
12.9761800766,80.2212677002,54941,54971,30
12.9824800491,80.2217407227,55102,55123,21
12.9862003326,80.2228622437,55224,55244,20
13.0072698593,80.2097396851,55761,55781,20
13.0150003433,80.2045898438,56003,56023,20
13.0349397659,80.2113189697,56417,56437,20
13.034910202,80.2119064331,56447,56467,20
13.0498199463,80.2119598389,56761,56781,20
13.0696496964,80.2049789429,57094,57114,20
13.068810463,80.2050933838,57165,57195,30
13.0689697266,80.2046966553,57215,57245,30
13.073340416,80.2007598877,57346,57366,20
13.0870895386,80.198097229,57620,57640,20
13.0995197296,80.1697311401,58337,58357,20
13.0882997513,80.1770324707,59853,59873,20
13.0878400803,80.1898803711,60176,60196,20
13.0874500275,80.1923675537,60236,60266,30
13.0929498672,80.2001419067,60499,60519,20
13.0699901581,80.2048797607,61066,61096,30
13.0682897568,80.2049331665,61237,61257,20
13.0693101883,80.2047195435,61278,61308,30
13.0696697235,80.204788208,61318,61348,30
13.063750267,80.211769104,61510,61530,20
13.0511798859,80.2122192383,61732,61752,20
13.0497198105,80.2121582031,61782,61803,21
13.0350799561,80.2123336792,62116,62136,20
13.0341796875,80.2121276855,62176,62196,20
12.9757604599,80.2203521729,64044,64064,20
12.9830198288,80.2220230103,65437,65457,20
12.9834003448,80.2222824097,65467,65487,20
12.9865102768,80.2230224609,65568,65588,20
12.9913797379,80.2197189331,65719,65749,30
13.0148296356,80.2046508789,66779,66799,20
13.0175800323,80.205581665,66850,66870,20
13.0186595917,80.2060089111,66900,66930,30
13.0242595673,80.206703186,67042,67062,20
13.0300102234,80.209022522,67183,67203,20
13.0315198898,80.2094802856,67242,67264,22
13.0574398041,80.21144104,67940,67970,30
13.0630598068,80.2115783691,68051,68071,20
13.0633001328,80.2115783691,68081,68101,20
13.0698204041,80.2048568726,68424,68445,21
13.0744600296,80.1995315552,68636,68657,21
13.0808801651,80.1986618042,68859,68879,20
13.0811004639,80.1986465454,68889,68919,30
13.0825996399,80.1985702515,68959,68980,21
13.0832195282,80.1985626221,69000,69020,20
13.0839395523,80.1985473633,69059,69081,22
13.0870895386,80.1980209351,69222,69252,30
13.087220192,80.1932830811,69333,69363,30
13.0877103806,80.1890869141,69444,69464,20
13.0880403519,80.1788864136,69676,69706,30
13.0884799957,80.171913147,69817,69838,21
13.0885696411,80.1698608398,69878,69908,30
13.0882101059,80.1786117554,71454,71474,20
13.0878896713,80.1880874634,71635,71656,21
13.0831003189,80.1987380981,72282,72312,30
13.069849968,80.2051315308,72625,72645,20
13.0650501251,80.2113113403,72988,73008,20
13.0546197891,80.2116470337,73241,73261,20
13.0495195389,80.2122497559,73352,73382,30
13.0378103256,80.2124786377,73552,73574,22
13.0349998474,80.2123794556,73634,73654,20
13.0341796875,80.2121734619,73685,73705,20
13.0295295715,80.2090377808,73866,73887,21
13.0242004395,80.2070007324,73967,73988,21
13.0190000534,80.2063980103,74068,74088,20
13.0134897232,80.2047424316,74200,74220,20
13.0119199753,80.2127532959,74381,74401,20
13.0096998215,80.2115097046,74442,74472,30
12.9838199615,80.2180709839,75603,75623,20
12.9863996506,80.2229766846,77611,77632,21
13.0070896149,80.2097702026,78157,78187,30
13.0149698257,80.2045593262,78419,78439,20
13.0165195465,80.2050476074,78540,78560,20
13.0297002792,80.2088317871,78813,78833,20
13.0316896439,80.2093582153,78873,78893,20
13.0349903107,80.2112731934,78964,78993,29
13.0440797806,80.2122268677,79126,79146,20
13.0500202179,80.2119293213,79277,79307,30
13.0719299316,80.202293396,79822,79852,30
13.0851697922,80.1984481812,80115,80145,30
13.0881004333,80.1788864136,80478,80499,21
13.0886497498,80.1697616577,82568,82588,20
13.0882396698,80.1785812378,82750,82770,20
13.0877799988,80.1897583008,82901,82921,20
13.0838699341,80.1986694336,83386,83406,20
13.0689496994,80.2046890259,83820,83850,30
13.0498104095,80.2121582031,84203,84233,30
13.0373897552,80.212348938,84425,84444,19
13.0343103409,80.2121124268,84506,84526,20
13.0191402435,80.2063369751,84799,84819,20
12.9969501495,80.1932601929,85314,85334,20
13.0760202408,80.2759017944,20197,20217,20
13.0819997787,80.2754211426,20489,20509,20
13.0879297256,80.2839279175,20893,20913,20
13.0883102417,80.2840423584,20923,20943,20
13.0390701294,80.2788619995,21702,21722,20
12.9763803482,80.2212600708,23367,23387,20
12.9769096375,80.2226715088,24647,24677,30
13.0112695694,80.2230529785,25273,25293,20
13.0068397522,80.2514266968,25719,25739,20
13.0239200592,80.2736587524,26213,26243,30
13.0639696121,80.2833709717,26810,26840,30
13.0244197845,80.2744827271,28632,28652,20
13.0160503387,80.2596893311,28935,28955,20
13.006480217,80.2539672852,29126,29147,21
13.006649971,80.246887207,29319,29347,28
13.0073900223,80.2369308472,29501,29531,30
12.9907503128,80.2202377319,29977,30007,30
12.976940155,80.2227096558,30626,30656,30
12.9904699326,80.2203292847,31020,31040,20
12.9932403564,80.2182312012,31101,31121,20
12.9934597015,80.2180404663,31129,31149,20
12.9975595474,80.216506958,31293,31313,20
13.0082597733,80.2336196899,31969,31999,30
13.0067596436,80.2428131104,32282,32303,21
13.0067396164,80.2432403564,32313,32333,20
13.0085697174,80.2590026855,32575,32595,20
13.0215101242,80.2705078125,32959,32989,30
13.0888004303,80.2899780273,35030,35060,30
13.0065803528,80.2466964722,36870,36900,30
13.0073795319,80.2368087769,37102,37122,20
12.9832201004,80.2222213745,37789,37809,20
12.9764995575,80.2212600708,37941,37971,30
12.9975500107,80.2164611816,39345,39375,30
13.0112104416,80.2230072021,39558,39578,20
13.0072202682,80.23853302,39982,40002,20
13.0070104599,80.2396697998,40022,40042,20
13.0067100525,80.2430267334,40133,40153,20
13.0066795349,80.2435379028,40163,40183,20
13.0564603806,80.2817611694,41680,41700,20
13.0877799988,80.2900314331,43194,43214,20
13.0324201584,80.2775192261,43982,44012,30
13.0261001587,80.2753219604,44138,44160,22
13.0245504379,80.2745895386,44168,44188,20
12.9832801819,80.2222290039,46032,46052,20
12.9832801819,80.2221908569,46959,46980,21
12.9905004501,80.2203369141,47163,47183,20
13.0140600204,80.2235031128,47597,47617,20
13.0164203644,80.2596511841,48294,48314,20
13.0253601074,80.2748718262,48639,48659,20
13.0266504288,80.2754898071,48690,48710,20
13.0327997208,80.2775192261,49267,49287,20
13.0631198883,80.2831802368,49741,49761,20
13.0638599396,80.2833786011,49781,49801,20
13.0872802734,80.2839202881,52036,52065,29
13.0875597,80.2839279175,52065,52095,30
13.0881595612,80.2837905884,52187,52217,30
13.0882997513,80.2832336426,52278,52308,30
13.0883197784,80.2826309204,52339,52369,30
13.0883398056,80.2832870483,52604,52624,20
13.0642995834,80.2835922241,53236,53256,20
13.0624799728,80.2831420898,53287,53307,20
13.0569095612,80.2819595337,53388,53408,20
13.0067195892,80.2403564453,54672,54702,30
12.9946603775,80.2173461914,55228,55248,20
12.9833297729,80.2222213745,55470,55490,20
12.9867296219,80.2229919434,56944,56964,20
13.0111303329,80.2230300903,57379,57399,20
13.0152301788,80.2253265381,57490,57510,20
13.0153799057,80.2255172729,57520,57540,20
13.0066995621,80.2570114136,58136,58166,30
13.0302600861,80.2769317627,58825,58845,20
13.0304698944,80.2770462036,58855,58875,20
13.0306396484,80.2771377563,58875,58895,20
13.0573797226,80.2819900513,59451,59481,30
13.0851898193,80.2841415405,60117,60147,30
13.0869703293,80.2838592529,61026,61056,30
13.0876998901,80.2839279175,61097,61117,20
13.0884799957,80.2849731445,61411,61441,30
13.0625200272,80.2831497192,62006,62026,20
13.0567398071,80.2819595337,62137,62157,20
13.0065402985,80.2541427612,63407,63426,19
13.0066299438,80.2483215332,63689,63711,22
13.0066099167,80.2407226563,63923,63943,20
13.0073795319,80.236869812,64014,64044,30
12.9967098236,80.2165603638,66825,66855,30
13.0082397461,80.2335968018,67591,67612,21
13.0164699554,80.259803772,68299,68319,20
13.0214500427,80.2705307007,68591,68611,20
13.0252895355,80.2749404907,68804,68825,21
13.0562801361,80.2818527222,69443,69463,20
13.0637702942,80.2835235596,69616,69638,22
13.073220253,80.2852935791,69769,69799,30
13.08796978,80.283996582,71317,71346,29
13.0887498856,80.2900238037,71801,71831,30
13.0644798279,80.2836990356,72215,72235,20
13.0437602997,80.2799606323,72610,72640,30
13.0337400436,80.2774810791,72832,72852,20
13.026049614,80.2753372192,73034,73064,30
13.0065402985,80.246887207,73823,73843,20
13.0073795319,80.2367401123,74075,74095,20
12.9971399307,80.2166519165,74641,74661,20
12.9957199097,80.2168807983,74722,74742,20
12.9909200668,80.2201004028,74853,74873,20
12.9832296371,80.2222900391,75075,75095,20
12.9769601822,80.2213287354,75225,75247,22
13.0069198608,80.2401123047,78139,78169,30
13.0067796707,80.2516098022,78350,78372,22
13.0883197784,80.2838821411,80079,80099,20
12.8111095428,80.2034835815,18250,18270,20
12.8123197556,80.2049026489,18341,18361,20
12.8353099823,80.2009811401,18919,18939,20
12.860710144,80.1932830811,19513,19536,23
12.8622198105,80.191368103,19606,19627,21
12.8819599152,80.1924285889,19980,20000,20
12.8861598969,80.1889801025,20142,20162,20
12.8903503418,80.1845321655,20303,20323,20
12.897480011,80.1821899414,20454,20474,20
12.9066696167,80.1890182495,20658,20678,20
12.9171800613,80.1918792725,20870,20900,30
12.9171600342,80.1931381226,20981,21001,20
12.9762001038,80.221206665,22133,22153,20
13.0197601318,80.2245025635,22952,22972,20
13.0243701935,80.2284011841,23436,23456,20
12.9832897186,80.2222290039,25206,25227,21
12.9170503616,80.1923904419,26372,26392,20
12.9167003632,80.1923370361,26412,26432,20
12.8901996613,80.1846008301,26856,26876,20
12.8818798065,80.1924591064,27168,27191,23
12.8468103409,80.2000579834,27887,27907,20
12.8421802521,80.2005996704,27969,27991,22
12.8402299881,80.2008514404,28022,28052,30
12.8244400024,80.1949920654,28338,28358,20
12.8213396072,80.2017822266,28458,28488,30
12.8109302521,80.2033309937,28773,28803,30
12.7997398376,80.1979370117,29054,29076,22
12.7923498154,80.2170715332,29318,29338,20
12.7866601944,80.2205581665,29492,29520,28
12.7861795425,80.2208404541,31148,31169,21
12.7861700058,80.2206420898,31179,31199,20
12.7862195969,80.2204208374,31199,31229,30
12.7905197144,80.2200393677,31360,31380,20
12.7922801971,80.2168579102,31430,31451,21
12.8111696243,80.2036209106,31907,31927,20
12.8403596878,80.2007904053,32596,32615,19
12.8622903824,80.1913223267,33111,33131,20
12.886179924,80.1889572144,33536,33556,20
12.8869800568,80.1844024658,33617,33637,20
12.8904304504,80.1845016479,33698,33718,20
12.9173603058,80.1903762817,34277,34297,20
12.9264602661,80.1975326538,34742,34762,20
12.9295597076,80.2027282715,34853,34873,20
12.9340896606,80.2038726807,34944,34964,20
12.9443397522,80.2083282471,35167,35187,20
12.9717798233,80.2191619873,35712,35732,20
12.9722003937,80.2193222046,35762,35783,21
12.9762096405,80.2212295532,36238,36268,30
12.983039856,80.2219619751,36410,36430,20
12.9969701767,80.2164230347,36763,36793,30
12.9976396561,80.2164535522,36803,36824,21
13.011059761,80.2229919434,37025,37045,20
13.0156698227,80.2250595093,37158,37178,20
13.0194301605,80.2242965698,37309,37329,20
13.0232896805,80.2273406982,37602,37632,30
13.0106401443,80.2250289917,39239,39260,21
12.997590065,80.2165603638,39482,39502,20
12.9709796906,80.2192077637,40157,40177,20
12.9486398697,80.2102432251,40442,40462,20
12.9337396622,80.2039718628,40704,40725,21
12.9294996262,80.2028121948,40785,40805,20
12.8973302841,80.1819992065,41422,41442,20
12.8564195633,80.1721420288,42011,42041,30
12.8116102219,80.1594390869,43052,43072,20
12.8915500641,80.1766281128,44600,44623,23
12.8976297379,80.1820602417,44734,44764,30
12.9173498154,80.1904067993,45150,45170,20
12.9171304703,80.1930007935,45220,45250,30
12.9444303513,80.2083587646,45837,45857,20
12.9760704041,80.2211990356,46352,46382,30
12.9869003296,80.2229766846,46666,46696,30
12.9904003143,80.2203521729,46777,46797,20
13.0283098221,80.2308273315,47608,47638,30
13.0291404724,80.2308120728,47658,47679,21
13.0300798416,80.2308120728,49267,49287,20
13.0270299911,80.2329483032,49398,49428,30
13.0230798721,80.2274627686,49610,49640,30
13.0103197098,80.2228088379,49973,49993,20
13.004650116,80.2202682495,50074,50094,20
12.9832296371,80.2222290039,50530,50560,30
12.9410896301,80.2060623169,51309,51329,20
12.9337501526,80.203956604,51430,51450,20
12.9166603088,80.1923370361,51904,51924,20
12.8913202286,80.1763534546,52330,52352,22
12.8564100266,80.1721496582,52799,52819,20
12.8276395798,80.1651535034,53253,53274,21
12.8272695541,80.1650238037,53294,53324,30
12.8116197586,80.1594619751,53507,53527,20
12.8273200989,80.1650085449,54801,54821,20
12.8563499451,80.1720733643,55245,55265,20
12.8776702881,80.170173645,55507,55528,21
12.8975601196,80.1819992065,55832,55852,20
12.9172897339,80.1904067993,56185,56205,20
12.9339799881,80.2038803101,56581,56601,20
12.9744796753,80.2202987671,57278,57298,20
12.9829597473,80.2219772339,57569,57592,23
12.9865102768,80.2229614258,57672,57693,21
12.9971399307,80.2164764404,57884,57905,21
13.0217599869,80.2260513306,58369,58389,20
13.0246601105,80.2288665771,58460,58480,20
13.0289001465,80.2308807373,58590,58610,20
13.0231399536,80.2275314331,60361,60391,30
13.0151100159,80.2260437012,60525,60545,20
12.9907903671,80.2202911377,61082,61111,29
12.9874401093,80.2231369019,61184,61204,20
12.9832296371,80.2221832275,61315,61345,30
12.9757995605,80.2212219238,61487,61517,30
12.9538297653,80.2122116089,61891,61911,20
12.9486303329,80.2102508545,61971,61991,20
12.9338598251,80.2039489746,62265,62285,20
12.9298000336,80.2028274536,62356,62376,20
12.9171304703,80.1942367554,62669,62689,20
12.9167299271,80.1923599243,62740,62770,30
12.8973197937,80.1820297241,63072,63093,21
12.8934001923,80.1800689697,63143,63163,20
12.8757295609,80.1709365845,63468,63489,21
12.8564100266,80.1721878052,63721,63751,30
12.8116197586,80.1594772339,64480,64501,21
12.8277797699,80.1651763916,65180,65210,30
12.8383998871,80.1696624756,65443,65473,30
12.8820495605,80.1710205078,66005,66025,20
12.8976097107,80.1821212769,66340,66360,20
12.9170103073,80.1922836304,66745,66765,20
12.9171600342,80.193107605,66888,66909,21
12.9294595718,80.2027587891,67242,67262,20
12.9341096878,80.2039413452,67393,67414,21
12.9632997513,80.2158203125,67980,68000,20
12.9710597992,80.218963623,68173,68193,20
12.9761896133,80.2212371826,68365,68395,30
12.9829902649,80.2220306396,68556,68577,21
12.9864397049,80.2229919434,68679,68699,20
12.996629715,80.2165298462,69042,69072,30
12.9975500107,80.216506958,69103,69123,20
13.0112895966,80.2231521606,69345,69375,30
13.0151100159,80.2246704102,69496,69526,30
13.0155496597,80.2250671387,69536,69556,20
13.0219802856,80.2262191772,69710,69730,20
13.023639679,80.2276916504,69811,69831,20
13.025560379,80.2301330566,69932,69952,20
13.0286302567,80.2308807373,70053,70073,20
13.0342998505,80.2304382324,70356,70376,20
13.0299100876,80.2308807373,71721,71741,20
13.0268602371,80.2330474854,71842,71872,30
13.024769783,80.2293701172,71973,71993,20
13.0231800079,80.2275772095,72044,72074,30
13.023059845,80.2275238037,72084,72104,20
13.0144901276,80.2262420654,72266,72286,20
13.0094804764,80.2276535034,72387,72407,20
13.0101003647,80.2262268066,72448,72478,30
13.004699707,80.2203369141,72700,72720,20
12.9989795685,80.2170410156,73043,73065,22
12.9972496033,80.2165908813,73186,73216,30
12.9876203537,80.22315979,73479,73499,20
12.9836101532,80.2224884033,73600,73630,30
12.9831800461,80.2221908569,73640,73670,30
12.9707803726,80.2190933228,74016,74036,20
12.962770462,80.2157897949,74157,74187,30
12.9440803528,80.2083969116,74480,74500,20
12.9410295486,80.2060928345,74551,74571,20
12.9337100983,80.2040100098,74683,74701,18
12.9293403625,80.2028427124,74794,74814,20
12.9170999527,80.1943206787,75148,75168,20
12.9165802002,80.1924209595,75239,75269,30
12.9060602188,80.1888122559,75430,75450,20
12.8971796036,80.1820297241,75602,75621,19
12.8914499283,80.1767120361,75744,75765,21
12.8823299408,80.1706619263,75902,75922,20
12.8275699615,80.1651687622,76651,76672,21
12.8274202347,80.1650466919,77787,77807,20
12.859629631,80.1728668213,78312,78332,20
12.882399559,80.1706237793,78634,78664,30
12.9173402786,80.1903762817,79989,80009,20
12.9171304703,80.1929702759,80050,80080,30
13.0113096237,80.2230682373,81536,81566,30
13.0153799057,80.2253570557,81649,81669,20
12.9967699051,80.1912002563,17511,17541,30
13.016960144,80.2052688599,19751,19770,19
13.031709671,80.2093429565,19942,19962,20
13.0349998474,80.2112808228,20023,20043,20
13.0484600067,80.2120132446,20204,20225,21
13.049659729,80.2119293213,20255,20285,30
13.0877304077,80.1890182495,21244,21264,20
13.0881299973,80.1788482666,21406,21426,20
13.0995101929,80.1701202393,21719,21749,30
13.0997896194,80.1698303223,21759,21779,20
13.0878095627,80.1897277832,23152,23181,29
13.0680398941,80.205078125,23899,23929,30
13.0698003769,80.2049026489,24121,24141,20
13.0341396332,80.2120819092,24727,24747,20
13.0069704056,80.2097702026,27735,27756,21
13.0300102234,80.2089080811,28270,28291,21
13.0350599289,80.2113189697,28412,28432,20
13.0483903885,80.2120437622,28694,28715,21
13.0631198883,80.2115325928,28967,28987,20
13.0729703903,80.2012023926,29411,29431,20
13.0877399445,80.1889801025,29966,29986,20
13.0881299973,80.1788787842,30128,30148,20
13.0885400772,80.1718063354,30249,30269,20
13.0882701874,80.1783599854,32409,32429,20
13.0879001617,80.187828064,32540,32570,30
13.0879297256,80.2004623413,32993,33015,22
13.0858297348,80.2004013062,33095,33116,21
13.0836200714,80.1986694336,33237,33267,30
13.0738401413,80.200378418,33439,33459,20
13.0697202682,80.2048187256,33731,33751,20
13.0590200424,80.2117233276,34004,34024,20
13.054690361,80.2116165161,34125,34145,20
13.0503396988,80.2121963501,34206,34236,30
13.0340995789,80.2120895386,34954,34984,30
13.0296897888,80.2090301514,35125,35145,20
13.0180997849,80.2060165405,35377,35398,21
13.0092496872,80.2111968994,35852,35872,20
13.0687198639,80.2048797607,40162,40192,30
13.0825595856,80.1985015869,40495,40515,20
13.0827198029,80.1985168457,40515,40545,30
13.0881099701,80.1796417236,41101,41131,30
13.0885696411,80.1706314087,41323,41342,19
13.0888395309,80.1695632935,42786,42816,30
13.0878095627,80.1898498535,43210,43230,20
13.0873298645,80.2004470825,43594,43614,20
13.0698699951,80.2050476074,44078,44098,20
13.0547704697,80.2115325928,44652,44674,22
13.0510997772,80.2121200562,44734,44754,20
13.0496101379,80.2121505737,44795,44815,20
13.034119606,80.2121429443,45188,45209,21
13.0094900131,80.2110366821,45824,45844,20
12.9829397202,80.2219314575,48408,48428,20
12.9905099869,80.2202835083,48630,48650,20
13.0301399231,80.2089767456,49559,49579,20
13.0350198746,80.2113189697,49700,49719,19
13.0439195633,80.2122497559,49882,49902,20
13.0486001968,80.2120285034,49963,49983,20
13.0635204315,80.2115402222,50245,50275,30
13.0743103027,80.1995925903,50609,50639,30
13.0828304291,80.1984786987,50750,50770,20
13.0870800018,80.1979370117,50901,50921,20
13.0877599716,80.1885223389,51063,51083,20
13.088139534,80.1791610718,51204,51224,20
13.099439621,80.1702880859,52708,52728,20
13.0637397766,80.2117462158,54595,54616,21
13.0450696945,80.2123718262,54959,54979,20
13.0096302032,80.2111968994,55867,55897,30
12.9973402023,80.2165374756,56523,56543,20
13.0073099136,80.2098693848,58703,58724,21
13.0187597275,80.205947876,59047,59067,20
13.0358600616,80.2122802734,59410,59430,20
13.0361604691,80.2123031616,59430,59451,21
13.0485897064,80.2120132446,59713,59733,20
13.0497503281,80.2119369507,59763,59784,21
13.0744600296,80.199432373,60399,60419,20
13.0824098587,80.1985168457,60530,60551,21
13.0832700729,80.1985473633,60581,60601,20
13.0870599747,80.1980819702,60763,60783,20
13.0877199173,80.1885223389,60954,60975,21
13.08852005,80.1718215942,61298,61318,20
13.0882701874,80.1785430908,62953,62973,20
13.0882701874,80.178817749,62973,63003,30
13.0879602432,80.1874465942,63155,63175,20
13.0929002762,80.2001419067,63548,63569,21
13.0875797272,80.2004699707,63680,63700,20
13.0857000351,80.200378418,63781,63801,20
13.0831699371,80.1986236572,63892,63922,30
13.0653095245,80.2111816406,64548,64578,30
13.0513801575,80.2122268677,64841,64871,30
13.0499296188,80.2121810913,64901,64921,20
13.0358104706,80.2124023438,65285,65305,20
13.0347204208,80.2122192383,65345,65365,20
13.0340299606,80.2121429443,65376,65396,20
13.0244598389,80.206993103,65588,65608,20
12.9975795746,80.2165985107,67970,67990,20
12.9959096909,80.2167434692,68081,68101,20
12.986869812,80.2182922363,68303,68323,20
12.9758195877,80.2202987671,68525,68555,30
12.9829301834,80.2220535278,69080,69100,20
12.9834403992,80.2223510742,69121,69141,20
12.9975099564,80.216178894,69736,69756,20
13.0074796677,80.2099227905,70140,70160,20
13.0153303146,80.204826355,70516,70536,20
13.016699791,80.2051925659,70657,70677,20
13.0185203552,80.2059402466,70706,70728,22
13.024140358,80.2066574097,70839,70859,20
13.0316200256,80.2094421387,70980,71000,20
13.0349502563,80.2114105225,71101,71121,20
13.0481395721,80.2120819092,71374,71394,20
13.0692996979,80.205619812,71848,71868,20
13.0794200897,80.1987762451,72525,72555,30
13.0824899673,80.1985473633,72706,72726,20
13.0841398239,80.1984481812,72817,72836,19
13.0850200653,80.1984481812,72868,72898,30
13.0877199173,80.1884689331,73160,73181,21
13.0880899429,80.1791381836,73322,73342,20
13.099650383,80.1697998047,73696,73726,30
13.0948696136,80.1700592041,75210,75230,20
13.0928096771,80.2006225586,76017,76037,20
13.0874300003,80.2005004883,76108,76138,30
13.0697898865,80.2051467896,76542,76562,20
13.0501403809,80.212272644,77158,77188,30
13.0495901108,80.2122268677,77208,77229,21
13.0450601578,80.2124786377,77308,77329,21
13.0341901779,80.2121810913,77552,77572,20
13.0142002106,80.2046737671,77986,78006,20
13.0099897385,80.2114562988,78228,78257,29
12.9974803925,80.2165527344,78965,78985,20
12.9911203384,80.2195281982,79106,79126,20
12.9869203568,80.2182769775,79187,79207,20
12.9840297699,80.2179794312,79247,79268,21
12.9755401611,80.2205810547,79399,79419,20
13.0067501068,80.2096862793,80590,80610,20
13.0697698593,80.2050323486,25629,25650,21
13.07172966,80.202583313,25841,25862,21
13.0880804062,80.1796722412,26407,26427,20
13.0996398926,80.1700973511,26720,26740,20
13.0878000259,80.1899185181,28708,28728,20
13.0928897858,80.2004623413,29010,29031,21
13.068400383,80.2054977417,29515,29545,30
13.0679702759,80.2051620483,29565,29586,21
13.0696697235,80.2048034668,29626,29656,30
13.0345802307,80.2121734619,30262,30282,20
13.0106401443,80.2119598389,30938,30958,20
13.0102701187,80.2116622925,30968,30988,20
12.9754800797,80.2207183838,32159,32189,30
12.9820203781,80.2215881348,32906,32926,20
12.9828796387,80.2219161987,32946,32965,19
12.9941196442,80.2176589966,33249,33279,30
12.9947595596,80.2171936035,33310,33330,20
12.9961595535,80.2165603638,33360,33390,30
13.0074996948,80.2098617554,33733,33754,21
13.0168800354,80.205291748,34016,34046,30
13.0349998474,80.2112884521,34369,34389,20
13.0367698669,80.2122802734,34480,34510,30
13.0483999252,80.212020874,34682,34702,20
13.0729799271,80.2011032104,35429,35449,20
13.0826997757,80.1984405518,35681,35701,20
13.0994796753,80.1700668335,36559,36579,20
13.0889501572,80.1695632935,37195,37225,30
13.0882501602,80.1784591675,37387,37417,30
13.0833396912,80.1986236572,38214,38244,30
13.073679924,80.2005004883,38386,38406,20
13.050069809,80.2121582031,39072,39092,20
13.0349197388,80.2123031616,39344,39364,20
13.0341300964,80.2121429443,39385,39405,20
13.014960289,80.2246170044,40404,40424,20
12.9755401611,80.2206878662,41241,41262,21
12.9817304611,80.2213363647,42029,42049,20
12.9829101563,80.2218475342,42089,42119,30
12.9832801819,80.2220916748,42119,42139,20
13.0634298325,80.2115020752,43865,43884,19
13.0688495636,80.2048416138,44047,44077,30
13.0870599747,80.198387146,44521,44541,20
13.0877799988,80.188583374,44662,44683,21
13.088640213,80.1709213257,45046,45066,20
13.0994596481,80.1701202393,45298,45328,30
13.0880699158,80.1821365356,47901,47922,21
13.067990303,80.2053527832,48830,48850,20
13.0545597076,80.2115707397,49163,49183,20
13.0495796204,80.2121734619,49304,49324,20
13.0342903137,80.2121582031,49577,49607,30
13.018989563,80.2062835693,49879,49899,20
13.0098199844,80.2113037109,50202,50222,20
13.009519577,80.2110595703,50222,50242,20
12.975859642,80.2210388184,51302,51332,30
12.9862203598,80.2229537964,51554,51574,20
12.995880127,80.1895370483,54188,54218,30
13.0036497116,80.2007827759,54420,54440,20
13.0436496735,80.2124786377,55066,55096,30
13.0686903,80.2049484253,55682,55702,20
13.0690202713,80.2047195435,55722,55752,30
13.0718002319,80.2025680542,55863,55883,20
13.0827302933,80.1984405518,56065,56095,30
13.087770462,80.1887588501,56358,56388,30
13.0879096985,80.1856994629,56438,56458,20
13.099650383,80.1699905396,56963,56983,20
13.0882902145,80.1794815063,58800,58820,20
13.0857200623,80.200378418,59395,59415,20
13.0679302216,80.2052307129,59889,59910,21
13.0548801422,80.2116012573,60323,60344,21
13.0495004654,80.2122116089,60475,60495,20
13.0340995789,80.2121505737,60767,60788,21
13.0192298889,80.2063980103,60999,61020,21
13.0094995499,80.2110977173,61373,61393,20
13.0150098801,80.2259979248,61645,61666,21
12.9840097427,80.2179870605,62271,62291,20
12.9973697662,80.2162017822,63734,63754,20
13.0036201477,80.2119598389,63886,63906,20
13.0073795319,80.2098312378,64027,64047,20
13.0315904617,80.2093887329,64632,64653,21
13.0349903107,80.2113494873,64733,64754,21
13.0371198654,80.212272644,64834,64854,20
13.043510437,80.2121963501,64976,64996,20
13.0543298721,80.21144104,65359,65379,20
13.0572900772,80.2114334106,65420,65440,20
13.0745296478,80.1993865967,65975,65995,20
13.0836296082,80.1984863281,66277,66298,21
13.0849103928,80.1984634399,66358,66378,20
13.0876903534,80.1890563965,66681,66701,20
13.0880804062,80.1790313721,66923,66943,20
13.0885000229,80.1720123291,67054,67075,21
13.099650383,80.1697769165,67428,67458,30
13.0888204575,80.1696090698,68568,68588,20
13.0885896683,80.1718521118,68629,68659,30
13.0878000259,80.1896591187,69244,69264,20
13.0877399445,80.1900405884,69285,69305,20
13.0853500366,80.1987075806,70052,70082,30
13.0849399567,80.1987915039,70092,70122,30
13.067899704,80.2052764893,70607,70637,30
13.065199852,80.2112197876,70778,70798,20
13.0344800949,80.2122192383,71364,71394,30
13.0191001892,80.2063903809,71717,71737,20
13.0101003647,80.2262191772,72565,72595,30
13.0010499954,80.2182922363,72887,72908,21
12.9995603561,80.217338562,73059,73079,20
12.9984703064,80.2168273926,73109,73130,21
12.9978599548,80.2166290283,73160,73180,20
12.995759964,80.2168121338,73301,73321,20
12.995059967,80.217086792,73342,73362,20
12.9914703369,80.2196807861,73432,73453,21
12.9754800797,80.2208023071,73856,73875,19
12.9762096405,80.2212982178,74613,74633,20
12.9823799133,80.2218170166,74754,74775,21
12.9827203751,80.2219390869,74785,74815,30
12.9831895828,80.2221679688,74825,74845,20
12.9870901108,80.2230834961,74976,74997,21
12.9946899414,80.2172622681,75178,75197,19
13.0073003769,80.2098693848,75562,75582,20
13.0694198608,80.2047576904,77005,77025,20
13.0742702484,80.1996078491,77136,77156,20
13.0992298126,80.1701507568,78105,78135,30
13.0680103302,80.2052383423,79568,79589,21
13.034529686,80.2122192383,80295,80315,20
13.0304698944,80.2092285156,80416,80446,30
12.9762296677,80.2212295532,84019,84039,20
13.0075101852,80.2098007202,84726,84746,20
13.0331401825,80.2774429321,30345,30365,20
13.0571699142,80.2819900513,31041,31061,20
13.0666503906,80.2739486694,31535,31555,20
13.0681400299,80.2719573975,31626,31656,30
13.0349998474,80.2113189697,24473,24503,30
13.0437898636,80.212272644,24614,24634,20
13.0687904358,80.2049713135,25108,25128,20
13.0996398926,80.1696624756,26177,26198,21
13.0882501602,80.1793899536,26924,26952,28
13.0879096985,80.1880722046,27045,27065,20
13.0877799988,80.1898803711,27095,27115,20
13.0578603745,80.2116622925,28235,28255,20
13.0348396301,80.2122802734,28598,28618,20
13.030579567,80.2092819214,28749,28769,20
13.0095100403,80.2111129761,29264,29294,30
12.9910297394,80.2194824219,29980,30000,20
12.9830303192,80.2220077515,31513,31533,20
12.9975099564,80.2161483765,31976,31997,21
13.0035200119,80.212020874,32158,32178,20
13.014960289,80.2045974731,32602,32632,30
13.0184001923,80.2058410645,32713,32733,20
13.0315799713,80.2093582153,32965,32985,20
13.0480203629,80.2120666504,33469,33489,20
13.0740203857,80.1999206543,34256,34276,20
13.0876998901,80.1891708374,34810,34830,20
13.0878000259,80.1884918213,34851,34881,30
13.0891103745,80.1695709229,36343,36373,30
13.088259697,80.1783981323,36535,36555,20
13.0857000351,80.200340271,37271,37301,30
13.0694599152,80.2047195435,37886,37906,20
13.0495300293,80.2121734619,38421,38441,20
13.0342903137,80.2121582031,38763,38784,21
13.0034704208,80.2007522583,44511,44531,20
13.0091695786,80.2114181519,44783,44803,20
12.987279892,80.2183380127,45549,45570,21
13.0370502472,80.2122802734,47435,47455,20
13.0498104095,80.2119064331,47637,47657,20
13.0718603134,80.2024307251,48191,48212,21
13.072019577,80.2022094727,48222,48242,20
13.073340416,80.2006530762,48282,48302,20
13.0742702484,80.1996231079,48333,48353,20
13.0870704651,80.1979675293,48605,48625,20
13.0877399445,80.1886672974,48766,48786,20
13.099650383,80.1697387695,49805,49825,20
13.0994796753,80.169708252,49825,49845,20
13.0993795395,80.1696166992,51691,51721,30
13.0929498672,80.2001724243,52538,52568,30
13.0651597977,80.2111816406,53435,53455,20
13.0494699478,80.2121810913,53738,53758,20
13.0344495773,80.2121810913,54080,54101,21
13.0297498703,80.2090301514,54222,54242,20
13.0093097687,80.2110977173,54706,54736,30
12.9839200974,80.217956543,55553,55573,20
12.9867095947,80.2229766846,56571,56591,20
13.0071401596,80.2097702026,56975,56995,20
13.0294399261,80.2087631226,57437,57459,22
13.0349798203,80.2113265991,57549,57570,21
13.0544204712,80.2114715576,57933,57963,30
13.0719499588,80.2024002075,58437,58467,30
13.0945901871,80.1699066162,59546,59576,30
13.0995197296,80.1701278687,59657,59687,30
13.0995903015,80.1697616577,59798,59828,30
13.099650383,80.1700210571,59839,59869,30
13.0992298126,80.170249939,59889,59909,20
13.088259697,80.1786422729,60242,60262,20
13.0878295898,80.1896896362,60434,60454,20
13.0929203033,80.2003479004,60726,60756,30
13.045539856,80.2124710083,62017,62037,20
13.034910202,80.212272644,62289,62319,30
13.0134897232,80.2048797607,62803,62824,21
13.0094203949,80.2110824585,63096,63116,20
12.976099968,80.2213287354,65012,65032,20
12.9969701767,80.216506958,65557,65577,20
12.997130394,80.216506958,65587,65607,20
13.0074701309,80.2098999023,65910,65930,20
13.0163497925,80.2051773071,66263,66283,20
13.0183897018,80.2058792114,66323,66343,20
13.0242700577,80.2067108154,66444,66464,20
13.0294904709,80.2088165283,66545,66565,20
13.0350103378,80.2113418579,66716,66736,20
13.0672597885,80.2088317871,67543,67563,20
13.0694198608,80.2054367065,67644,67664,20
13.0696697235,80.2048721313,67856,67886,30
13.0796403885,80.1987380981,68340,68360,20
13.0808095932,80.1986236572,68401,68421,20
13.0810403824,80.1986083984,68431,68451,20
13.0823602676,80.1985397339,68511,68532,21
13.0826597214,80.1985473633,68542,68562,20
13.0832099915,80.1985397339,68582,68602,20
13.0834102631,80.1985168457,68602,68632,30
13.0850496292,80.1985321045,68723,68753,30
13.0867395401,80.1984710693,68794,68814,20
13.0876703262,80.1891708374,69006,69026,20
13.0876998901,80.1883773804,69046,69076,30
13.0880699158,80.1790008545,69197,69217,20
13.088470459,80.1722564697,69318,69337,19
13.0995597839,80.1701507568,69601,69631,30
13.0992202759,80.1702728271,70508,70528,20
13.0890798569,80.1696472168,70710,70740,30
13.0881996155,80.1786575317,70922,70942,20
13.0881996155,80.1793136597,70962,70992,30
13.0651702881,80.2112579346,72455,72475,20
13.0494499207,80.2122497559,72757,72777,20
13.0350599289,80.212348938,73090,73120,30
13.0340299606,80.2121734619,73141,73161,20
13.0294904709,80.2090301514,73302,73322,20
13.019109726,80.2064208984,73494,73524,30
12.9959402084,80.216758728,74724,74744,20
12.9864902496,80.2230224609,76519,76539,20
12.9867601395,80.2230300903,76548,76568,20
13.0073900223,80.2098617554,77062,77082,20
13.0877304077,80.1883468628,79210,79230,20
13.0993099213,80.1702194214,79775,79795,20
13.0510902405,80.2121582031,82568,82598,30
13.0759401321,80.274810791,32059,32089,30
13.0761003494,80.2748794556,32109,32139,30
13.0758800507,80.2751922607,33341,33361,20
13.0760002136,80.2751998901,65131,65161,30
13.0757703781,80.2751998901,73086,73116,30
13.0759801865,80.275062561,73581,73611,30
13.0756702423,80.2753067017,75661,75691,30
13.0758399963,80.275100708,76165,76186,21
13.0757398605,80.2752990723,76266,76286,20
13.075799942,80.2751464844,76620,76640,20
13.0758695602,80.2752685547,76640,76670,30
13.0760803223,80.2753677368,76680,76700,20
13.1204204559,80.2583770752,1625,1645,20
13.1289596558,80.2413024902,21938,21957,19
13.2308197021,80.1642227173,23648,23678,30
13.2348804474,80.1625518799,23688,23708,20
13.2744197845,80.1511917114,24179,24198,19
13.4164199829,80.1360473633,30775,30796,21
13.3639802933,80.1397171021,31683,31713,30
13.3350496292,80.1433563232,32065,32087,22
13.2867898941,80.1489486694,32601,32621,20
13.2620897293,80.1550369263,32914,32934,20
13.2392597198,80.1609725952,33287,33307,20
13.2261295319,80.1658477783,33497,33517,20
13.2177400589,80.169342041,33618,33638,20
13.1841802597,80.1920089722,36221,36241,20
13.1703701019,80.1995315552,36453,36473,20
13.1581602097,80.2039337158,36685,36705,20
13.1184597015,80.2591400146,37824,37844,20
13.1205797195,80.2592315674,37935,37965,30
13.1228504181,80.2594909668,77408,77428,20
13.0993700027,80.2597579956,78204,78224,20
13.0972995758,80.2593231201,78325,78345,20
13.0968198776,80.2457275391,78656,78686,30
13.097240448,80.2427902222,78717,78747,30
13.097319603,80.2422180176,78747,78777,30
13.0975799561,80.2409362793,78777,78807,30
13.0975799561,80.2409362793,78807,78837,30
13.0998697281,80.2254180908,79110,79130,20
13.0955400467,80.2188873291,79463,79483,20
13.0900001526,80.21824646,79564,79584,20
13.0750303268,80.2164764404,79998,80018,20
13.0696401596,80.204788208,81500,81520,20
13.0743503571,80.1995162964,81642,81662,20
13.0771398544,80.2105178833,81853,81873,20
13.0854797363,80.2178726196,82247,82267,20
13.0956897736,80.2187194824,82428,82448,20
13.0984296799,80.2350082397,82922,82943,21
13.0977697372,80.2525863647,83235,83255,20
13.1179199219,80.2614364624,83860,83881,21
13.1185703278,80.2593612671,83931,83951,20
13.1232204437,80.2657470703,84193,84213,20
13.0758895874,80.2756881714,22461,22482,21
12.9884700775,80.2558898926,24845,24865,20
12.9638595581,80.246887207,25238,25259,21
12.9564800262,80.2436904907,25410,25440,30
12.9327497482,80.2372817993,25925,25945,20
12.9313297272,80.2385864258,26006,26026,20
12.9285001755,80.2388916016,26137,26157,20
12.931139946,80.2384872437,26501,26521,20
12.9323196411,80.2382965088,26561,26582,21
12.9335298538,80.2362289429,26642,26672,30
12.9663896561,80.2477111816,27349,27369,20
12.9988298416,80.2559967041,28036,28056,20
12.9989700317,80.2560501099,28056,28086,30
13.0086097717,80.2589874268,28258,28278,20
13.0325603485,80.2775192261,28894,28914,20
13.088060379,80.2839508057,30368,30389,21
13.0884304047,80.2852020264,31217,31247,30
13.0888204575,80.2894287109,31348,31368,20
13.0456800461,80.2801589966,31934,31954,20
13.002699852,80.2567672729,32933,32953,20
12.999710083,80.2563323975,33014,33034,20
12.9905195236,80.2560272217,33206,33226,20
12.9333696365,80.2361907959,34428,34448,20
12.928150177,80.2387466431,35579,35599,20
12.9310798645,80.2384567261,35710,35730,20
12.9336996078,80.2356109619,35872,35892,20
12.9357500076,80.2338409424,35993,36013,20
12.9536600113,80.2422866821,36457,36477,20
12.9585399628,80.2442779541,36649,36669,20
12.9666404724,80.2478485107,36902,36922,20
12.9887399673,80.2558898926,38002,38022,20
13.0237503052,80.2734298706,38951,38972,21
13.0327501297,80.2774429321,39194,39214,20
13.0630102158,80.2831192017,39709,39729,20
13.0857896805,80.283531189,40333,40353,20
13.0678501129,80.2843704224,41928,41948,20
13.0325403214,80.2775268555,42554,42574,20
13.0310001373,80.2773590088,42604,42625,21
13.0071897507,80.2587280273,43180,43210,30
13.0066604614,80.2578582764,43251,43271,20
12.999540329,80.2562866211,43675,43705,30
12.9640197754,80.2469787598,44291,44311,20
12.9565296173,80.243812561,44543,44573,30
12.9516401291,80.2416763306,44634,44654,20
12.9331998825,80.2361526489,45018,45038,20
12.9282302856,80.2387619019,45704,45734,30
12.9795303345,80.2525863647,46754,46784,30
13.0165195465,80.2597198486,47764,47794,30
13.0300102234,80.2767868042,48895,48915,20
13.030960083,80.2772827148,48996,49016,20
13.0325202942,80.2775192261,49066,49086,20
13.0861902237,80.2835464478,50185,50205,20
13.088139534,80.2835998535,50276,50296,20
13.0827903748,80.2787628174,50468,50488,20
13.075920105,80.2760772705,52063,52093,30
13.0812196732,80.275177002,52184,52214,30
13.0882797241,80.2829284668,52830,52850,20
13.0883798599,80.2828063965,52972,52992,20
13.0457000732,80.2801818848,53810,53830,20
13.0208396912,80.2698669434,54253,54274,21
12.9987401962,80.256111145,54870,54890,20
12.9563503265,80.2436523438,55849,55869,20
12.9516897202,80.2416992188,55930,55950,20
12.9312601089,80.238571167,56435,56455,20
12.9510202408,80.241317749,57230,57249,19
12.9587202072,80.2443084717,57392,57412,20
12.9857597351,80.2518692017,57957,57978,21
12.9959402084,80.2558898926,58422,58442,20
12.9988698959,80.2560424805,58523,58553,30
13.0311498642,80.2774429321,59442,59462,20
13.0327196121,80.2775421143,59583,59603,20
13.0389299393,80.2787399292,59765,59785,20
13.0518503189,80.2810211182,59976,59995,19
13.0572395325,80.2819824219,60066,60096,30
13.0740499496,80.2857589722,60341,60361,20
13.0808601379,80.2883682251,60452,60473,21
13.0888004303,80.2902297974,60624,60644,20
13.0883598328,80.2836685181,61270,61291,21
13.0888204575,80.2900085449,61462,61492,30
13.0646600723,80.2836914063,61826,61846,20
13.0389900208,80.2788619995,62320,62341,21
13.031419754,80.2776107788,62482,62502,20
13.0309696198,80.2772979736,62512,62532,20
13.0278902054,80.2761001587,62603,62621,18
13.0259103775,80.2752532959,62631,62652,21
13.0208597183,80.2699508667,62763,62783,20
13.0207500458,80.26978302,62783,62803,20
12.9996500015,80.2563476563,63399,63429,30
12.9886198044,80.2559585571,63712,63742,30
12.9803800583,80.2528076172,64126,64146,20
12.9787502289,80.2526473999,64186,64207,21
12.9650001526,80.2473983765,64368,64388,20
12.9518899918,80.2417984009,64701,64722,21
12.9470596313,80.2400436401,64802,64823,21
12.9389200211,80.235458374,64944,64964,20
12.935210228,80.2353363037,65075,65105,30
12.9332504272,80.2362136841,65176,65196,20
12.9312601089,80.2386016846,65287,65317,30
12.931189537,80.2385482788,65740,65762,22
12.9510002136,80.2413787842,66368,66388,20
12.9589500427,80.2445068359,66519,66539,20
12.9665803909,80.2478637695,66731,66751,20
12.9880800247,80.2558822632,67943,67973,30
12.9954204559,80.2559585571,68104,68125,21
13.0252895355,80.2749404907,69175,69195,20
13.0332202911,80.2774810791,69387,69417,30
13.0574102402,80.282043457,69882,69902,20
13.0851802826,80.2841796875,70659,70679,20
13.0880002975,80.2814788818,71740,71760,20
13.0884103775,80.2822418213,71800,71820,20
13.0887498856,80.2893981934,72053,72073,20
13.0677900314,80.2843780518,72366,72386,20
13.062379837,80.2831726074,72487,72507,20
13.05671978,80.2819824219,72578,72608,30
13.0244197845,80.2745437622,73214,73234,20
13.016119957,80.2597579956,73527,73547,20
12.9995002747,80.2563476563,73961,73981,20
12.9985103607,80.2561569214,74001,74022,21
12.9860897064,80.255569458,74395,74416,21
12.9597997665,80.2451019287,74870,74890,20
12.947019577,80.2400894165,75163,75193,30
12.9312000275,80.2386322021,75567,75587,20
12.9284801483,80.2389526367,75668,75698,30
12.9256496429,80.238243103,75748,75769,21
12.9342699051,80.2351837158,76112,76132,20
12.9990997314,80.2560806274,77627,77657,30
13.0327701569,80.2774963379,78404,78425,21
13.0887498856,80.2901382446,79303,79333,30
13.0881099701,80.283821106,79566,79586,20
13.0758895874,80.2757110596,79990,80020,30
13.0758104324,80.2753982544,85321,85341,20
13.031129837,80.239692688,25594,25616,22
13.0789899826,80.2546920776,26816,26846,30
13.0856599808,80.2453079224,27118,27138,20
13.0792999268,80.2546234131,28560,28579,19
13.0778198242,80.2622070313,28762,28792,30
13.0241603851,80.228477478,30164,30184,20
13.0142402649,80.2263183594,30355,30375,20
13.0082502365,80.2335586548,30486,30506,20
13.0067195892,80.2445602417,30748,30769,21
12.9872198105,80.2595977783,31515,31545,30
12.9952802658,80.2558670044,33195,33225,30
13.0213298798,80.2258224487,34768,34788,20
13.0306396484,80.2388916016,35373,35393,20
13.0514097214,80.2501907349,35928,35950,22
13.0542898178,80.2536773682,36161,36182,21
13.0568199158,80.2568511963,36313,36333,20
13.0670900345,80.2685699463,36666,36686,20
13.0752897263,80.2582626343,36958,36978,20
13.0856800079,80.2454910278,37543,37573,30
13.0971803665,80.2420272827,37815,37845,30
13.0838899612,80.2545776367,38813,38833,20
13.0737400055,80.261756897,39247,39267,20
13.0332803726,80.2437362671,40467,40487,20
13.0246696472,80.2291412354,41213,41233,20
13.0239496231,80.2282714844,41253,41273,20
13.0070400238,80.2395095825,41787,41808,21
13.0067300797,80.2455673218,41959,41989,30
13.0067796707,80.2459335327,41989,42009,20
13.006819725,80.251373291,42080,42110,30
13.0024499893,80.256690979,42292,42312,20
12.9986600876,80.2560424805,42433,42453,20
12.9895496368,80.2559661865,42823,42853,30
12.9872398376,80.2595291138,42924,42954,30
12.9872398376,80.2595291138,42954,42984,30
12.9929800034,80.2560272217,43700,43720,20
12.9940595627,80.2560577393,43801,43821,20
12.9991703033,80.2560806274,44073,44103,30
13.0008602142,80.2564315796,44144,44174,30
13.0065002441,80.2575302124,44335,44355,20
13.0065097809,80.2532424927,44426,44446,20
13.0066204071,80.2465515137,44920,44940,20
13.0065698624,80.2448120117,44970,44990,20
13.0105495453,80.2251434326,45303,45323,20
13.0112104416,80.2233428955,45352,45374,22
13.0387001038,80.2467498779,46150,46180,30
13.0638303757,80.2651901245,46846,46866,20
13.0669298172,80.2684936523,46977,46997,20
13.084690094,80.2501220703,47834,47854,20
13.0985298157,80.2422485352,48237,48267,30
13.0815296173,80.2548828125,49124,49144,20
13.0777902603,80.2620697021,49397,49417,20
13.0681600571,80.2700805664,49810,49830,20
13.0653600693,80.2676620483,49931,49951,20
13.0584697723,80.26537323,50082,50112,30
13.0239496231,80.2282104492,51191,51211,20
12.998459816,80.2560806274,52099,52119,20
12.9872703552,80.259437561,52492,52512,20
12.9870901108,80.2595825195,52512,52532,20
12.9986600876,80.2559967041,53772,53802,30
13.0054798126,80.2572784424,53954,53984,30
13.0073795319,80.236869812,54448,54468,20
13.0150699615,80.2246170044,54690,54710,20
13.0258903503,80.2310562134,54962,54992,30
13.0466604233,80.2483596802,55496,55516,20
13.0772600174,80.2608795166,56373,56393,20
13.0858402252,80.2452392578,58720,58740,20
13.0778102875,80.2621688843,59265,59295,30
13.0353498459,80.2460479736,60606,60626,20
13.0326404572,80.2430114746,60686,60707,21
13.0266304016,80.2333297729,61070,61100,30
13.02602005,80.2315292358,61150,61180,30
13.0150899887,80.226020813,61422,61443,21
13.0144901276,80.2262496948,61463,61483,20
13.0066995621,80.2438964844,61785,61806,21
12.9885101318,80.2558822632,63757,63777,20
12.9947099686,80.2559585571,63918,63938,20
12.9948196411,80.2559661865,63938,63958,20
12.9982595444,80.2559814453,64109,64130,21
12.9988098145,80.2560501099,64140,64160,20
12.9991598129,80.2561264038,64170,64200,30
13.0009498596,80.2564468384,64230,64251,21
13.006529808,80.2537689209,64452,64471,19
13.0067501068,80.2509765625,64604,64624,20
13.0066404343,80.246383667,64997,65017,20
13.0066204071,80.2461013794,65017,65047,30
13.0250597,80.2294998169,65864,65884,20
13.0294103622,80.2370605469,66045,66066,21
13.0390996933,80.2469329834,66358,66378,20
13.0467195511,80.2484970093,66529,66550,21
13.0637397766,80.2651977539,67023,67044,21
13.0668497086,80.2685317993,67225,67245,20
13.0752496719,80.2583618164,67578,67598,20
13.0884199142,80.2419433594,69291,69311,20
13.0838804245,80.2546463013,69684,69705,21
13.0777301788,80.2621688843,70068,70098,30
13.0715398788,80.2646179199,70340,70360,20
13.0704698563,80.2657394409,70400,70421,21
13.0681200027,80.2707672119,70572,70602,30
13.0585002899,80.2654724121,70824,70854,30
13.0509395599,80.2501831055,71177,71207,30
13.0357999802,80.2463226318,71500,71520,20
13.0239095688,80.2283096313,72135,72155,20
13.0200004578,80.2248916626,72226,72246,20
13.006649971,80.2440185547,72740,72760,20
13.0066099167,80.2572784424,73012,73042,30
12.9877996445,80.2559204102,73597,73627,30
12.9872503281,80.2594833374,73698,73728,30
12.9961900711,80.2559432983,75315,75345,30
12.9987096786,80.256111145,75406,75436,30
13.0022802353,80.2567825317,75547,75567,20
13.0153903961,80.2250213623,76303,76333,30
13.0197696686,80.2246322632,76414,76434,20
13.0351200104,80.2459869385,76908,76928,20
13.0714597702,80.2646484375,77715,77745,30
13.0772800446,80.2609405518,78058,78078,20
13.079000473,80.2550125122,78229,78249,20
13.0847597122,80.2501983643,78471,78491,20
13.0963201523,80.2417984009,78850,78880,30
13.0986003876,80.2423019409,79022,79042,20
13.0777902603,80.2621383667,79717,79738,21
13.0312204361,80.2403564453,80827,80857,30
13.0262403488,80.2322998047,80949,80968,19
13.0067901611,80.2513122559,81522,81543,21
12.9872999191,80.258972168,82087,82107,20
12.9875602722,80.256072998,82279,82299,20
12.9974603653,80.2165603638,17833,17854,21
12.9756202698,80.2210235596,18166,18186,20
12.9166402817,80.1924362183,19074,19104,30
12.8940601349,80.1803283691,19397,19417,20
12.8920202255,80.1775970459,19448,19468,20
12.8753499985,80.1711807251,19690,19717,27
12.852230072,80.1710662842,19990,20011,21
12.8486795425,80.1706771851,20021,20041,20
12.8374500275,80.1692962646,20142,20171,29
12.8274097443,80.1651916504,20323,20343,20
12.8272800446,80.1653289795,20666,20686,20
12.8100004196,80.1595535278,20939,20959,20
12.8101301193,80.1596603394,20969,20989,20
12.8100099564,80.1597366333,21050,21070,20
12.8101596832,80.1596069336,21070,21090,20
12.8102197647,80.1597366333,22876,22896,20
12.8232002258,80.1626205444,23348,23367,19
12.8274402618,80.1651077271,23397,23417,20
12.8415603638,80.1700973511,23669,23690,21
12.8571996689,80.1726074219,23851,23871,20
12.8592100143,80.1727828979,23891,23912,21
12.8976097107,80.1820220947,24594,24614,20
12.9072399139,80.1893997192,24765,24785,20
12.9073200226,80.1895370483,24796,24815,19
12.9090499878,80.1909179688,24836,24856,20
12.9173202515,80.1917114258,24987,25007,20
12.9173402786,80.1933898926,25128,25148,20
12.9219198227,80.1971969604,25189,25209,20
12.933839798,80.2038192749,25461,25481,20
12.9455404282,80.208480835,25704,25723,19
12.9535703659,80.2119674683,25825,25845,20
12.9680204391,80.2179107666,26075,26097,22
12.9750995636,80.2206268311,26178,26198,20
12.9854898453,80.2230987549,26430,26460,30
12.9893398285,80.2218780518,26531,26551,20
13.015709877,80.2248077393,27013,27043,30
13.0200195313,80.2247314453,27084,27104,20
13.0227899551,80.2269363403,27185,27205,20
13.0349397659,80.2300796509,27406,27426,20
13.0341997147,80.2301635742,29363,29383,20
13.0230503082,80.2275314331,29767,29787,20
13.0144300461,80.2261810303,29949,29969,20
12.9973897934,80.2165603638,30312,30342,30
12.9973897934,80.2165603638,30342,30362,20
12.9905395508,80.2203903198,30503,30532,29
12.9875802994,80.2231521606,30552,30572,20
12.9829797745,80.2222137451,30683,30703,20
12.9629898071,80.2157516479,31308,31328,20
12.9443101883,80.2084503174,31651,31671,20
12.9411096573,80.2060775757,31782,31802,20
12.9338998795,80.203956604,31993,32012,19
12.917090416,80.1925506592,32557,32577,20
12.9169197083,80.1925888062,32628,32648,20
12.9166498184,80.1923370361,32658,32678,20
12.9061098099,80.1888122559,33031,33061,30
12.897359848,80.1820297241,33243,33273,30
12.8932504654,80.1798934937,33344,33364,20
12.8915100098,80.1765975952,33413,33435,22
12.879940033,80.1701965332,33647,33667,20
12.8714399338,80.1738128662,33786,33806,20
12.8100795746,80.159538269,34744,34764,20
12.8107204437,80.1597137451,34916,34936,20
12.8117198944,80.1594390869,34956,34976,20
12.8171796799,80.1602172852,35057,35077,20
12.8278102875,80.1651687622,35228,35248,20
12.8564796448,80.1721115112,35602,35632,30
12.8810796738,80.1707229614,35981,36001,20
12.882109642,80.1711273193,36001,36021,20
12.9170999527,80.1915817261,36667,36687,20
12.917140007,80.1937332153,36798,36818,20
12.9293899536,80.2027206421,37121,37141,20
12.9343204498,80.2038116455,37222,37252,30
12.9406700134,80.2064208984,37383,37403,20
12.9437503815,80.2078475952,37434,37454,20
12.9439897537,80.2083587646,37464,37484,20
12.946680069,80.2090072632,37524,37544,20
12.9978103638,80.2164382935,38745,38765,20
13.0217399597,80.2254714966,39320,39350,30
13.0229597092,80.2268218994,39401,39421,20
13.0240402222,80.2279586792,39491,39512,21
13.0347204208,80.2299575806,39966,39986,20
13.0340795517,80.2299575806,39986,40006,20
13.0339603424,80.230430603,40480,40500,20
13.0311603546,80.2306900024,40551,40571,20
13.023059845,80.2276382446,41035,41065,30
13.0228300095,80.2270507813,41065,41085,20
13.0149002075,80.2258911133,41297,41317,20
13.0141897202,80.2256317139,41368,41398,30
12.9931898117,80.2186431885,41852,41882,30
12.9908399582,80.2201080322,41882,41902,20
12.9876098633,80.2231369019,41963,41983,20
12.9756402969,80.2210464478,42316,42336,20
12.9291801453,80.2028579712,42982,43012,30
12.9252099991,80.1973114014,43123,43153,30
12.9061803818,80.1887435913,43547,43567,20
12.9053697586,80.1875228882,43597,43627,30
12.8973503113,80.1820297241,43708,43728,20
12.8831100464,80.1707992554,44051,44081,30
12.8736200333,80.1723480225,44208,44238,30
12.8684597015,80.1757965088,44269,44299,30
12.865240097,80.1757125854,44330,44360,30
12.865240097,80.1757125854,44360,44380,20
12.8156299591,80.1598510742,46728,46747,19
12.8276700974,80.1651306152,46930,46960,30
12.8383998871,80.169593811,47182,47202,20
12.8472099304,80.1702270508,47303,47323,20
12.8471097946,80.1702575684,47424,47444,20
12.8564395905,80.1721191406,47565,47585,20
12.8802404404,80.1703186035,47895,47915,20
12.8915500641,80.1766433716,48066,48087,21
12.8975801468,80.1820526123,48208,48228,20
12.9170703888,80.1930618286,48662,48692,30
12.9232902527,80.1973571777,48823,48843,20
12.9265003204,80.197517395,48914,48934,20
12.9293298721,80.2026672363,49015,49045,30
12.9293298721,80.2026672363,49045,49075,30
12.9442796707,80.2082595825,49327,49346,19
12.9487400055,80.2097702026,49418,49438,20
12.9635400772,80.2159500122,49620,49640,20
12.9711198807,80.2189331055,49761,49781,20
12.9742803574,80.2201766968,49832,49852,20
12.9819297791,80.2209014893,50034,50054,20
13.0157403946,80.225440979,50780,50800,20
13.0350503922,80.2300415039,51274,51304,30
13.0267095566,80.233001709,52454,52475,21
13.0246801376,80.2290267944,52575,52596,21
13.0229196548,80.2273330688,52666,52686,20
13.0147800446,80.2254104614,57100,57120,20
13.014749527,80.225479126,57403,57423,20
13.0146903992,80.2254180908,57423,57453,30
13.0145797729,80.2258071899,59491,59511,20
13.0141401291,80.2262496948,61116,61135,19
13.0169696808,80.2253875732,61438,61458,20
13.034330368,80.229850769,62951,62972,21
13.0342998505,80.2298583984,62972,63002,30
13.0341396332,80.2299499512,63597,63617,20
13.034239769,80.2299118042,63627,63647,20
13.0274200439,80.2328414917,63930,63950,20
13.0246200562,80.2291183472,64061,64081,20
13.0246200562,80.2291183472,64081,64111,30
13.0218400955,80.2263336182,64243,64263,20
12.9528198242,80.2118377686,65827,65847,20
12.9336299896,80.2038574219,66240,66260,20
12.9262399673,80.197593689,66452,66472,20
12.9171304703,80.1943283081,66644,66664,20
12.9171304703,80.1943283081,66664,66684,20
12.9168901443,80.1932983398,66745,66765,20
12.9169797897,80.1920471191,66775,66795,20
12.9061803818,80.1888198853,67390,67411,21
12.9061803818,80.1888198853,67411,67430,19
12.897310257,80.1821136475,67602,67622,20
12.8932600021,80.1800384521,67703,67723,20
12.8911504745,80.1754379272,67784,67814,30
12.8753099442,80.1712799072,68105,68124,19
12.856180191,80.1721496582,68397,68427,30
12.8467102051,80.1703033447,68518,68538,20
12.8275899887,80.1651992798,68851,68881,30
12.8099899292,80.1596984863,69204,69224,20
12.8099899292,80.1596984863,69224,69244,20
12.8274402618,80.1651535034,69789,69819,30
12.8621196747,80.1740188599,70524,70543,19
12.865530014,80.1759567261,70573,70593,20
12.8802900314,80.1704406738,70762,70782,20
12.9040498734,80.186050415,71226,71246,20
12.9171199799,80.1921310425,71407,71427,20
12.9172697067,80.1905212402,71458,71478,20
12.929889679,80.2026824951,71922,71942,20
12.944270134,80.208366394,72255,72275,20
12.9827604294,80.2220077515,73223,73253,30
12.9838600159,80.22265625,73304,73334,30
12.9863595963,80.2229309082,73374,73395,21
13.0192298889,80.2239227295,74091,74111,20
13.0232200623,80.2276992798,74313,74333,20
13.0175199509,80.2248764038,74404,74424,20
13.0146398544,80.2260437012,74514,74535,21
13.0141296387,80.2260284424,74555,74575,20
13.0142097473,80.225479126,74625,74646,21
13.0145902634,80.225769043,74777,74797,20
13.0146799088,80.2255706787,86212,86232,20
12.9871797562,80.2595977783,18215,18235,20
12.9884796143,80.2558517456,18487,18507,20
13.0065202713,80.2532806396,18992,19012,20
13.015540123,80.2249984741,19507,19527,20
13.0193300247,80.2242965698,19598,19628,30
13.0268201828,80.2334671021,19790,19810,20
13.0619897842,80.2628173828,20618,20638,20
13.0775299072,80.2615966797,21113,21133,20
13.0754299164,80.2583465576,21234,21254,20
13.0789403915,80.2547683716,21365,21395,30
13.0767498016,80.2602615356,25192,25222,30
13.0770397186,80.2605285645,25222,25242,20
13.077170372,80.2606582642,25242,25263,21
13.0771799088,80.2640609741,25515,25535,20
13.0267000198,80.2333374023,26767,26787,20
13.0240001678,80.2282562256,26868,26888,20
13.0069303513,80.2400817871,27242,27272,30
13.0068502426,80.2408370972,27292,27312,20
13.0067195892,80.2435836792,27353,27373,20
12.9972000122,80.2559814453,27908,27928,20
12.9989595413,80.2560577393,29868,29888,20
13.0066404343,80.2519683838,30110,30130,20
13.0066995621,80.2475967407,30292,30322,30
13.0150003433,80.2245788574,30809,30829,20
13.0156002045,80.2251434326,30849,30869,20
13.0356397629,80.246131897,31607,31628,21
13.0468502045,80.2484588623,31850,31870,20
13.0565395355,80.2566223145,32053,32071,18
13.0606498718,80.2613067627,32174,32192,18
13.0704603195,80.2658004761,32468,32488,20
13.0962495804,80.2417602539,34581,34611,30
13.0879201889,80.2430877686,34823,34843,20
13.085729599,80.2467422485,35066,35086,20
13.0859298706,80.2501373291,35137,35167,30
13.0859003067,80.25050354,35167,35194,27
13.0656299591,80.2676925659,36127,36145,18
13.0321502686,80.2422409058,36918,36938,20
13.0269002914,80.2337417603,37180,37200,20
13.0268602371,80.2336883545,37200,37221,21
13.0082998276,80.2330627441,37716,37746,30
13.0066900253,80.2453765869,38141,38161,20
13.0,80.256362915,38565,38585,20
12.998840332,80.256111145,38616,38636,20
12.9976902008,80.2559280396,38930,38960,30
12.9874095917,80.2587280273,39283,39303,20
12.9888296127,80.2558822632,39646,39666,20
12.998840332,80.2559967041,39900,39920,20
13.0006599426,80.2564163208,39960,39981,21
13.0028295517,80.256729126,40029,40051,22
13.0066099167,80.2465286255,40697,40717,20
13.0114297867,80.2232666016,41021,41042,21
13.0115299225,80.2231369019,41042,41062,20
13.0263500214,80.2322921753,41484,41504,20
13.0301599503,80.2381134033,41686,41706,20
13.035610199,80.2461700439,41898,41918,20
13.0468397141,80.2484664917,42150,42170,20
13.0568199158,80.2568130493,42412,42434,22
13.0663003922,80.2680969238,42716,42737,21
13.0964403152,80.2418212891,43969,43989,20
13.0985898972,80.2423095703,44131,44151,20
13.0841197968,80.2545928955,44980,45000,20
13.0776996613,80.2621078491,45344,45373,29
13.0695495605,80.2665634155,45708,45728,20
13.0585699081,80.2653808594,46081,46111,30
13.040019989,80.2471389771,46617,46637,20
13.035200119,80.2459716797,46759,46789,30
13.032409668,80.2425537109,46971,46991,20
13.0263004303,80.2325897217,47253,47272,19
13.0142803192,80.226272583,47576,47596,20
13.0068302155,80.2512130737,48062,48082,20
13.0065603256,80.2551116943,48143,48163,20
13.0015697479,80.2565689087,48355,48385,30
13.0014200211,80.2565765381,48385,48405,20
12.9973897934,80.2559127808,48536,48557,21
12.9873695374,80.2584075928,48903,48933,30
12.9957504272,80.255897522,50722,50742,20
12.9986400604,80.2559890747,50853,50873,20
13.0065202713,80.2536621094,51136,51166,30
13.0066699982,80.2478790283,51357,51377,20
13.0264701843,80.2326583862,52086,52106,20
13.0307998657,80.2392120361,52217,52237,20
13.0685396194,80.2683334351,53145,53166,21
13.0771999359,80.2607727051,53490,53509,19
13.0984802246,80.2423171997,54421,54451,30
13.0793199539,80.2546081543,56522,56544,22
13.0657901764,80.2677993774,57291,57311,20
13.0246400833,80.2291183472,58567,58587,20
13.0023202896,80.2566833496,59406,59436,30
12.9986600876,80.256072998,59497,59517,20
12.9882802963,80.2559280396,59749,59769,20
12.9869499207,80.2591400146,60760,60780,20
12.9953804016,80.2559280396,61103,61123,20
12.9954595566,80.2559509277,61133,61153,20
13.0065002441,80.2526473999,61558,61588,30
13.0065898895,80.2468032837,61710,61730,20
13.0074396133,80.2367019653,61932,61952,20
13.0193300247,80.2243423462,62296,62316,20
13.0232496262,80.2274169922,62417,62436,19
13.0355396271,80.2461013794,62994,63024,30
13.0468997955,80.2484588623,63236,63258,22
13.0567998886,80.2568664551,63460,63480,20
13.0606603622,80.2612609863,63580,63601,21
13.0631799698,80.2643432617,63662,63682,20
13.0668401718,80.2685394287,63824,63844,20
13.0704298019,80.2658996582,63965,63985,20
13.0846099854,80.2501907349,64775,64795,20
13.0941495895,80.2412109375,65088,65109,21
13.0958204269,80.2416687012,65139,65168,29
13.0986700058,80.2423095703,65321,65351,30
13.0985002518,80.2424087524,65674,65694,20
13.085940361,80.2499923706,66108,66128,20
13.0780000687,80.2635879517,66694,66714,20
13.069849968,80.2663803101,67007,67027,20
13.0606203079,80.26537323,67322,67342,20
13.0470504761,80.2486572266,67847,67867,20
13.0358200073,80.2462921143,68171,68191,20
13.0351896286,80.2460708618,68201,68221,20
13.0323200226,80.2425918579,68282,68302,20
13.0267496109,80.2336196899,68555,68575,20
13.0171804428,80.2252120972,68928,68948,20
13.006649971,80.244468689,69524,69544,20
13.006649971,80.2573776245,69807,69837,30
13.0031499863,80.2568893433,69896,69918,22
12.9985904694,80.2561187744,70059,70079,20
12.9872398376,80.259437561,70342,70372,30
12.9873600006,80.2589797974,70766,70786,20
12.9937601089,80.2560272217,71321,71341,20
12.9988098145,80.256111145,71513,71533,20
13.005200386,80.2572479248,71654,71674,20
13.0099401474,80.2264709473,72473,72493,20
13.0110502243,80.224067688,72564,72584,20
13.0242595673,80.2285232544,72867,72887,20
13.0263900757,80.2326202393,72968,72998,30
13.0773801804,80.2613830566,74432,74452,20
13.0793104172,80.2546386719,74694,74714,20
13.0959501266,80.2417068481,76134,76164,30
13.0894298553,80.2411804199,76246,76276,30
13.0867795944,80.2443389893,76307,76337,30
13.0867795944,80.2443389893,76337,76367,30
13.0848302841,80.2547073364,76539,76559,20
13.0802698135,80.2547607422,76670,76690,20
13.079199791,80.2546463013,76711,76741,30
13.0789604187,80.2546081543,76751,76781,30
13.0790395737,80.2565383911,76822,76852,30
13.0777702332,80.26222229,77012,77034,22
13.0429601669,80.2478027344,78043,78064,21
13.0246095657,80.2289810181,78568,78589,21
13.0067501068,80.251411438,79124,79144,20
13.0066699982,80.2571563721,79215,79245,30
12.9870595932,80.2591323853,4919,4939,20
12.9858999252,80.2554626465,24201,24217,16
12.9654502869,80.2474975586,24492,24508,16
12.9357004166,80.2339935303,24934,24954,20
12.9286003113,80.2388916016,25479,25499,20
12.9280796051,80.2387695313,25711,25731,20
12.9667100906,80.2479171753,26539,26555,16
12.9918498993,80.2560806274,27001,27017,16
12.9967603683,80.255897522,27060,27080,20
12.9991502762,80.2561035156,27119,27141,22
13.0073204041,80.258430481,27332,27353,21
13.033659935,80.2763519287,27867,27888,21
13.0639200211,80.2833633423,28705,28725,20
13.0888900757,80.2902832031,28998,29018,20
13.0881795883,80.2835998535,30796,30826,30
13.0887899399,80.2901916504,31129,31159,30
13.0866498947,80.2895507813,31199,31215,16
13.0625896454,80.2831726074,31472,31502,30
13.0458402634,80.2801589966,31775,31805,30
13.0310297012,80.2773284912,32087,32108,21
13.0072002411,80.2587203979,32701,32721,20
12.9803199768,80.2527694702,33478,33498,20
12.9580602646,80.2442626953,33842,33858,16
12.9474496841,80.2401580811,34053,34073,20
12.9330196381,80.236328125,34377,34397,20
12.9283800125,80.2388305664,34558,34578,20
12.9281997681,80.2388000488,35012,35033,21
12.931189537,80.2384872437,35123,35144,21
12.9396095276,80.2355728149,35456,35477,21
12.9510402679,80.241317749,35720,35740,20
12.956029892,80.2431793213,35861,35891,30
12.9588899612,80.2444610596,35952,35972,20
12.9661397934,80.2476196289,36113,36134,21
12.9800195694,80.2526321411,36426,36443,17
12.9951696396,80.2558288574,37203,37233,30
13.0331401825,80.2774200439,38363,38393,30
13.0445404053,80.279876709,38585,38601,16
13.0638799667,80.2833633423,38925,38947,22
13.0875196457,80.2839431763,39582,39603,21
13.0884599686,80.284942627,40531,40561,30
13.0801696777,80.2882232666,40824,40844,20
13.0794200897,80.2880783081,40874,40890,16
13.0440998077,80.2799224854,41316,41336,20
13.0337200165,80.2773895264,41518,41538,20
13.0241603851,80.2742004395,41730,41750,20
13.0207996368,80.269859314,41811,41831,20
13.0086803436,80.2591934204,42103,42120,17
13.0071296692,80.2586898804,42132,42152,20
13.0024795532,80.2567596436,42244,42274,30
12.9985103607,80.2560806274,42425,42446,21
12.9861402512,80.255531311,42799,42829,30
12.985619545,80.2553634644,42839,42855,16
12.9650497437,80.2473831177,43133,43153,20
12.9565296173,80.2437820435,43274,43294,20
12.9371404648,80.2345428467,43617,43633,16
12.9357404709,80.2339935303,43645,43664,19
12.9282598495,80.238822937,43999,44019,20
12.9312000275,80.2385101318,44433,44463,30
12.956319809,80.2432785034,45122,45152,30
12.9795503616,80.2525787354,45516,45536,20
12.9896602631,80.2559509277,45909,45925,16
13.0147104263,80.2591629028,46553,46576,23
13.0254201889,80.274887085,46972,46992,20
13.0299596786,80.2767562866,47083,47103,20
13.0353403091,80.2776870728,47535,47555,20
13.0388803482,80.2786865234,47606,47626,20
13.0564603806,80.2817764282,47959,47989,30
13.0877199173,80.2839279175,48709,48739,30
13.0453300476,80.2801208496,50091,50108,17
13.0391597748,80.2789230347,50180,50200,20
13.0258903503,80.2752227783,50443,50463,20
13.0066900253,80.2577667236,50988,51008,20
13.0039596558,80.2570266724,51058,51079,21
13.0026702881,80.2567367554,51169,51186,17
12.9986200333,80.256111145,51267,51288,21
12.9886598587,80.2559509277,51450,51480,30
12.9874095917,80.2583389282,51551,51581,30
12.986989975,80.259147644,54821,54851,30
12.9881801605,80.2557678223,54952,54972,20
12.9885997772,80.2558364868,54992,55008,16
12.9976196289,80.2558670044,55194,55224,30
13.0060796738,80.2573013306,55446,55462,16
13.0082902908,80.2588577271,55485,55505,20
13.0162000656,80.2595062256,55586,55606,20
13.0338802338,80.2773971558,56233,56249,16
13.0388803482,80.278678894,56312,56332,20
13.0431404114,80.2795715332,56403,56421,18
13.0564699173,80.2818374634,56565,56585,20
13.063079834,80.2832107544,56665,56686,21
13.0887298584,80.2901611328,57029,57049,20
13.0882797241,80.2825164795,57675,57705,30
13.0883302689,80.281463623,57776,57806,30
13.0885896683,80.2817306519,57816,57846,30
13.0883197784,80.2834472656,57968,57998,30
13.0888299942,80.2894363403,58259,58280,21
13.0679998398,80.2843475342,58583,58613,30
13.0642204285,80.2835464478,58664,58684,20
13.0566301346,80.2818908691,58805,58825,20
13.0389995575,80.2788391113,59027,59043,16
13.0374803543,80.2783432007,59066,59086,20
13.034040451,80.2774581909,59207,59227,20
13.0335597992,80.27734375,59237,59267,30
13.0334196091,80.2774200439,60278,60308,30
13.0330696106,80.2775268555,60318,60348,30
13.0324296951,80.2774963379,60358,60379,21
13.0312900543,80.2775115967,60429,60449,20
12.9978704453,80.2559814453,61248,61278,30
12.9783401489,80.2524414063,61934,61954,20
12.9566602707,80.2437973022,62186,62216,30
12.9564599991,80.2437286377,62227,62257,30
12.949259758,80.2409210205,62378,62408,30
12.9446802139,80.238571167,62479,62495,16
12.931189537,80.2385482788,62851,62867,16
12.9283704758,80.238861084,62930,62950,20
12.9357099533,80.2339630127,63597,63617,20
12.9563999176,80.2433624268,64020,64041,21
12.9588499069,80.2444763184,64072,64092,20
12.9632196426,80.2465896606,64162,64179,17
12.9666595459,80.2479400635,64211,64231,20
13.0214595795,80.2705078125,65886,65907,21
13.0240001678,80.2739028931,65987,66004,17
13.0329799652,80.2774810791,66217,66238,21
13.0329799652,80.2774810791,66238,66254,16
13.0388698578,80.2787628174,66397,66417,20
13.0634803772,80.2833328247,66902,66922,20
13.0808200836,80.2883529663,67174,67195,21
13.0887899399,80.2901992798,67306,67336,30
13.0881204605,80.2836837769,67871,67901,30
13.0882396698,80.2822570801,67972,67992,20
13.0880403519,80.2815170288,68012,68042,30
13.0577402115,80.2822036743,68830,68850,20
13.0566797256,80.2819900513,68870,68890,20
13.0434904099,80.2798919678,69082,69112,30
13.0393104553,80.2789230347,69183,69203,20
13.0294599533,80.2767181396,69395,69411,16
13.017950058,80.2609405518,69808,69824,16
12.965180397,80.247428894,71409,71429,20
12.9593200684,80.2448272705,71540,71560,20
12.931139946,80.2386016846,72275,72305,30
12.9257097244,80.2382278442,72476,72497,21
12.9281702042,80.2388076782,73506,73526,20
12.9350700378,80.235496521,73829,73849,20
12.9541101456,80.2425918579,74263,74279,16
12.9853000641,80.2520065308,74766,74796,30
12.9878902435,80.2535934448,74907,74927,20
12.9950199127,80.255897522,75149,75165,16
12.9973402023,80.2559585571,75269,75290,21
12.9989299774,80.2561264038,75320,75340,20
13.0026903152,80.2568435669,75491,75512,21
13.0329999924,80.2774810791,76238,76254,16
13.0458898544,80.2801589966,76489,76505,16
13.0571603775,80.2819671631,76638,76668,30
13.0884199142,80.2903823853,77183,77201,18
13.0881099701,80.2836914063,77739,77769,30
13.0886898041,80.2902603149,78113,78143,30
13.0626401901,80.2831726074,78426,78446,20
13.05671978,80.2819366455,78557,78577,20
13.0456495285,80.2801818848,78708,78728,20
13.0217399597,80.2709197998,79142,79158,16
12.9988698959,80.256149292,79625,79655,30
12.9861698151,80.2555389404,79978,80008,30
12.9785003662,80.2525787354,80180,80200,20
12.9592504501,80.2447891235,80473,80493,20
12.947019577,80.240020752,80725,80745,20
12.9356803894,80.2340011597,80937,80957,20
12.9311599731,80.2385406494,81159,81189,30
12.9282903671,80.2388076782,81270,81300,30
12.956319809,80.2433319092,82007,82037,30
12.9869403839,80.2514190674,82431,82451,20
12.9873600006,80.2513122559,82471,82487,16
12.9869604111,80.2595672607,82641,82661,20
13.05041981,80.2061615,49905.0,49929.0,24.0
13.05066967,80.20628357,50785.0,50805.0,20.0
13.05113983,80.20716095,51088.0,51118.0,30.0
13.05117035,80.20733643,51118.0,51139.0,21.0
13.05053997,80.20614624,63477.0,63507.0,30.0
13.05049992,80.20626068,63507.0,63527.0,20.0
13.05031013,80.20625305,64719.0,64739.0,20.0
13.05051994,80.20628357,64739.0,64769.0,30.0
13.05055046,80.20639038,79764.0,79779.0,15.0
13.05053997,80.20620728,82844.0,82867.0,23.0
13.0343799591,80.205078125,19857,19887,30
13.0348901749,80.2051620483,19968,19988,20
13.030090332,80.2202224731,20462,20478,16
13.0164604187,80.2253799438,21994,22014,20
13.0144701004,80.2262420654,22055,22071,16
13.0074396133,80.2098388672,22467,22488,21
13.0076599121,80.2098922729,22498,22514,16
13.0073604584,80.2016372681,22618,22639,21
13.005979538,80.110458374,24304,24320,16
12.9898004532,80.0939788818,25937,25957,20
12.9931001663,80.0954208374,26028,26048,20
12.9972000122,80.0963363647,26139,26159,20
13.0155601501,80.13671875,26996,27018,22
13.0346002579,80.156463623,27510,27530,20
13.0249700546,80.1768188477,27934,27964,30
13.0111198425,80.1957168579,28418,28439,21
13.0086202621,80.1979217529,28509,28539,30
13.0085802078,80.2023010254,28600,28620,20
13.0091400146,80.2107925415,28731,28761,30
13.0192403793,80.2242965698,29124,29145,21
13.0322599411,80.2203598022,31587,31607,20
13.0312404633,80.223197937,31688,31704,16
13.0306997299,80.2306671143,31988,32009,21
13.0225400925,80.2268371582,32513,32533,20
13.0202302933,80.2250595093,32604,32620,16
13.0105800629,80.2252120972,32814,32834,20
13.0114603043,80.2229690552,32884,32901,17
13.0081996918,80.2133407593,33064,33084,20
13.0073204041,80.2098236084,33296,33316,20
13.0074901581,80.2098693848,33316,33336,20
13.0073699951,80.2015533447,33447,33468,21
13.0078496933,80.1962127686,33589,33609,20
13.011179924,80.1954803467,33710,33730,20
13.0183801651,80.186668396,34154,34174,20
13.0186901093,80.1864624023,34194,34217,23
13.0205001831,80.1848983765,34471,34501,30
13.0205202103,80.1847381592,34501,34531,30
13.0219802856,80.1818771362,35046,35076,30
13.0323801041,80.1631393433,35449,35470,21
13.0218801498,80.1453933716,35994,36010,16
13.0190896988,80.142539978,36063,36083,20
13.014840126,80.1353988647,36224,36240,16
13.003490448,80.0996170044,36878,36898,20
13.0028495789,80.0988998413,36939,36955,16
12.9987802505,80.0967788696,37048,37069,21
13.0106296539,80.114440918,38031,38061,30
13.0098400116,80.1203536987,38142,38162,20
13.0125303268,80.131690979,38384,38414,30
13.0155601501,80.136680603,38505,38525,20
13.0205698013,80.1440124512,38666,38686,20
13.0225200653,80.1459274292,38737,38757,20
13.0283498764,80.1513137817,38868,38888,20
13.0319299698,80.1642608643,39312,39332,20
13.0294103622,80.1687698364,39413,39443,30
13.0249099731,80.1767730713,39675,39696,21
13.0086202621,80.1985321045,40320,40340,20
13.0151596069,80.2246398926,40754,40783,29
13.0192804337,80.224281311,40855,40875,20
13.0285701752,80.2308578491,41097,41117,20
13.0290498734,80.2308197021,41137,41154,17
13.0298099518,80.2308425903,43113,43133,20
13.0256204605,80.2304229736,43274,43291,17
13.0243501663,80.228767395,43303,43333,30
13.0136003494,80.2265625,43525,43541,16
13.0081701279,80.2133636475,43867,43887,20
13.0073404312,80.2015228271,44190,44210,20
13.0072803497,80.1965408325,44290,44307,17
13.0112895966,80.1953964233,44349,44368,19
13.0205497742,80.1845779419,44571,44587,16
13.0253295898,80.1757583618,44730,44753,23
13.0291595459,80.1688613892,44814,44835,21
13.0338602066,80.1553421021,45230,45250,20
13.0304603577,80.1527862549,45331,45351,20
13.019109726,80.142539978,45613,45633,20
13.0111398697,80.1239929199,45987,46003,16
13.0099401474,80.1199493408,46065,46085,20
13.0102596283,80.1144485474,46167,46187,20
13.0061798096,80.1109390259,46268,46284,16
13.0096998215,80.1211776733,47618,47634,16
13.0194597244,80.1428833008,48041,48057,16
13.0283498764,80.1513519287,48251,48271,20
13.0342597961,80.1599578857,48553,48574,21
13.0336103439,80.1611175537,48605,48626,21
13.0319099426,80.1642684937,48676,48697,21
13.0284996033,80.1703720093,48838,48854,16
13.0237503052,80.1789169312,48967,48997,30
13.0208702087,80.1840667725,49088,49108,20
13.0177602768,80.1876831055,49209,49225,16
13.0077600479,80.206237793,49592,49608,16
13.0193004608,80.2242889404,50044,50064,20
13.0243396759,80.2284469604,50175,50195,20
13.0278701782,80.2268600464,50518,50534,16
13.0242500305,80.2168197632,51021,51042,21
13.0321903229,80.2195587158,51344,51361,17
12.898730278,80.180229187,81,111,30
12.898850441,80.1803131104,1434,1454,20
12.8986997604,80.1803436279,1596,1626,30
12.8989400864,80.1803588867,2363,2393,30
12.8986997604,80.1803131104,10542,10563,21
12.8988895416,80.1802368164,10987,11017,30
12.8988704681,80.1803970337,27499,27520,21
12.898730278,80.1803207397,27520,27550,30
12.898639679,80.1802825928,28045,28065,20
12.8986902237,80.1803894043,28135,28156,21
12.8987903595,80.1802978516,28408,28428,20
12.8984603882,80.1801605225,28438,28459,21
12.8988199234,80.1801834106,28539,28560,21
12.8987703323,80.1800765991,29347,29377,30
12.8985900879,80.1802902222,31074,31104,30
12.898730278,80.1803817749,31154,31175,21
12.8990602493,80.1801681519,31316,31346,30
12.8987998962,80.180480957,42902,42932,30
12.899140358,80.1827697754,48859,48879,20
12.8905496597,80.1745681763,49031,49047,16
12.9587402344,80.2139892578,51118,51134,16
12.975979805,80.2212295532,51340,51370,30
12.9808702469,80.2478713989,51744,51760,16
12.9880895615,80.2238235474,62960,62981,21
12.9754199982,80.1925964355,21918,21934,16
12.9205303192,80.1839981079,22927,22947,20
12.919670105,80.1820068359,25182,25202,20
12.9313802719,80.1815338135,25748,25768,20
12.9388198853,80.1823577881,25910,25940,30
12.9501104355,80.1856079102,26243,26259,16
12.9560899734,80.186920166,26322,26342,20
12.9683303833,80.1895675659,26595,26615,20
12.9808597565,80.1952972412,26939,26969,30
12.9918603897,80.198677063,27221,27238,17
12.9945697784,80.2066421509,28139,28169,30
12.9816503525,80.1957931519,28745,28762,17
12.9776601791,80.193862915,28814,28834,20
12.9607400894,80.1872634888,29290,29306,16
12.9558496475,80.1869506836,29390,29410,20
12.9494104385,80.1854400635,29521,29542,21
12.9395198822,80.1826171875,29764,29784,20
12.9351997375,80.1824417114,29865,29885,20
12.9243402481,80.1828765869,30118,30138,20
12.9210500717,80.183807373,30209,30239,30
12.9196996689,80.1819381714,32301,32321,20
12.9202604294,80.183380127,32352,32372,20
12.9313802719,80.1815185547,32604,32625,21
12.934969902,80.1823425293,32695,32715,20
12.9445495605,80.1829986572,32958,32988,30
12.9468202591,80.1840286255,33039,33059,20
12.9560003281,80.186920166,33322,33342,20
12.9614200592,80.1873168945,33453,33473,20
12.9682598114,80.1895599365,33655,33685,30
12.9689598083,80.1899414063,33716,33736,20
12.9724397659,80.1914520264,33827,33847,20
12.9724397659,80.1914520264,33847,33863,16
12.9781398773,80.193901062,33976,33997,21
12.981010437,80.1953964233,34057,34078,21
12.9944896698,80.2002792358,34401,34431,30
12.9946699142,80.2067871094,34603,34631,28
12.9945297241,80.206703186,36288,36308,20
12.9908599854,80.1984786987,36703,36723,20
12.9726800919,80.1915283203,37268,37289,21
12.9721803665,80.1913375854,37309,37329,20
12.9680700302,80.1894989014,37430,37450,20
12.9633197784,80.1877212524,37582,37598,16
12.9559402466,80.1870117188,37721,37740,19
12.9495897293,80.1855392456,37852,37873,21
12.9446201324,80.1830673218,37974,37994,20
12.9395999908,80.1826171875,38065,38095,30
12.9352502823,80.1824417114,38166,38185,19
12.9202804565,80.1836013794,39580,39600,20
12.931429863,80.1815032959,39802,39823,21
12.9389400482,80.1823883057,40035,40055,20
12.9446001053,80.1829605103,40156,40176,20
12.9655599594,80.1884002686,40681,40702,21
12.9682798386,80.1895217896,40752,40772,20
12.9810400009,80.1953735352,41086,41106,20
12.987449646,80.197517395,41257,41273,16
12.9917402267,80.198638916,41316,41335,19
12.9945802689,80.2068328857,41600,41620,20
12.9945001602,80.2066116333,42580,42600,20
12.9861497879,80.1972579956,43093,43109,16
12.9816503525,80.1957778931,43211,43233,22
12.9722003937,80.1913375854,43425,43445,20
12.968079567,80.1894989014,43526,43546,20
12.965470314,80.1884231567,43617,43633,16
12.9649200439,80.1882019043,43633,43655,22
12.9558401108,80.1869430542,43849,43879,30
12.9492101669,80.1854019165,43970,43990,20
12.9445896149,80.1830825806,44091,44112,21
12.9308900833,80.1815795898,44344,44364,20
12.9202404022,80.1834106445,45112,45132,20
12.9286899567,80.1819610596,45284,45300,16
12.931429863,80.1815338135,45322,45342,20
12.9467601776,80.1839675903,45686,45716,30
12.9560403824,80.1868972778,45979,46009,30
12.9655399323,80.1884002686,46201,46231,30
12.9673595428,80.189163208,46272,46288,16
12.9781703949,80.1938781738,46573,46593,20
12.9945497513,80.2064285278,47169,47199,30
12.99477005,80.2066192627,47209,47230,21
13.0040302277,80.2119903564,47482,47502,20
13.015540123,80.2249832153,47846,47866,20
13.0209903717,80.2255477905,48179,48195,16
13.0111198425,80.2179489136,51491,51507,16
13.0079603195,80.2131881714,51600,51621,21
12.9947004318,80.2065887451,51974,51994,20
12.990819931,80.1984481812,52301,52321,20
12.9816503525,80.1956863403,52594,52624,30
12.9776697159,80.1937713623,52705,52735,30
12.9721899033,80.1912994385,52856,52877,21
12.9657297134,80.1884765625,53058,53075,17
12.9649200439,80.1881866455,53075,53095,20
12.9607000351,80.1871871948,53178,53208,30
12.9445495605,80.1830215454,53622,53642,20
12.9351501465,80.1824035645,53855,53875,20
12.9198198318,80.1824188232,54188,54208,20
12.9196596146,80.1819763184,56604,56624,20
12.9314203262,80.1815185547,56998,57018,20
12.9348497391,80.1822967529,57079,57099,20
12.944729805,80.1830215454,57301,57321,20
12.9561004639,80.1869430542,57533,57553,20
12.9627199173,80.1876220703,57705,57721,16
12.9946203232,80.2002868652,58461,58481,20
12.9945802689,80.2067489624,58653,58673,20
12.9950199127,80.2017593384,60431,60451,20
12.9816398621,80.1957397461,61179,61199,20
12.9764795303,80.193321228,61502,61522,20
12.9647798538,80.188117981,61906,61936,30
12.9606800079,80.1872329712,62017,62037,20
12.9466600418,80.1839981079,62309,62330,21
12.9446001053,80.1830825806,62371,62401,30
12.9394903183,80.1826324463,62492,62522,30
12.9308595657,80.1815795898,62684,62704,20
12.9276199341,80.182258606,63998,64014,16
12.935090065,80.1823883057,64137,64157,20
12.9388198853,80.1823883057,64218,64248,30
12.9468603134,80.18409729,64390,64410,20
12.9614496231,80.1873703003,64723,64743,20
12.9622402191,80.1875305176,64763,64780,17
12.9727697372,80.191619873,65054,65071,17
12.9945802689,80.2003173828,65659,65689,30
12.9945898056,80.206817627,65881,65901,20
12.9949102402,80.200630188,66245,66275,30
12.9907503128,80.1985168457,66498,66518,20
12.9816904068,80.1957931519,67054,67074,20
12.977640152,80.1938705444,67155,67176,21
12.9722299576,80.19140625,67327,67347,20
12.9692802429,80.1900787354,67428,67444,16
12.9681196213,80.1895523071,67457,67477,20
12.9495201111,80.1855316162,67912,67932,20
12.9396896362,80.1827087402,68165,68185,20
12.9199399948,80.1829605103,68599,68619,20
12.919719696,80.1824417114,68640,68656,16
12.9202604294,80.1835403442,69042,69062,20
12.9203701019,80.1839904785,69082,69102,20
12.9388599396,80.1824493408,69416,69436,20
12.9393100739,80.1826171875,69456,69472,16
12.9559803009,80.1869888306,70182,70202,20
12.9930200577,80.199546814,71101,71121,20
12.99421978,80.2002563477,71162,71192,30
12.9792404175,80.1943969727,72688,72704,16
12.9689102173,80.1899185181,72989,73005,16
12.9591398239,80.1870803833,73249,73266,17
12.9309797287,80.1816177368,73925,73941,16
12.9195604324,80.1819915771,74357,74377,20
12.9196901321,80.1819992065,74387,74408,21
12.9388198853,80.1824188232,74771,74791,20
12.9916095734,80.1986999512,75954,75974,20
13.0976200104,80.2408828735,21964,21980,16
13.089220047,80.2301025391,22689,22705,16
13.0766296387,80.2377090454,23051,23072,21
13.059220314,80.2425689697,23597,23613,16
13.0352697372,80.2302932739,24120,24140,20
13.0239696503,80.2282180786,24453,24473,20
13.0069303513,80.2400588989,24827,24847,20
13.000120163,80.256401062,25210,25226,16
13.0000295639,80.2666702271,25562,25582,20
12.9960899353,80.2637405396,26743,26759,16
12.9986896515,80.2559967041,26893,26913,20
12.9989004135,80.2560272217,26913,26943,30
13.0067796707,80.249961853,27238,27254,16
13.0155000687,80.2249221802,27660,27676,16
13.0344104767,80.2303390503,28144,28174,30
13.0539398193,80.2422332764,28679,28699,20
13.0763702393,80.2371520996,29174,29194,20
13.0973501205,80.2168121338,31476,31496,20
13.0911998749,80.2276611328,31688,31718,30
13.0888500214,80.2309417725,31789,31819,30
13.0883197784,80.2325820923,31860,31890,30
13.07970047,80.2335586548,32132,32148,16
13.0785198212,80.2516708374,32494,32514,20
13.0743398666,80.2522583008,32584,32601,17
13.0692596436,80.2432785034,32714,32734,20
13.0679597855,80.2477035522,32976,32992,16
13.0605096817,80.2428817749,33217,33233,16
13.0538101196,80.2422790527,33346,33366,20
13.0465898514,80.2396697998,33608,33624,16
13.0240898132,80.2283630371,34497,34517,20
13.007349968,80.23802948,35108,35138,30
13.0067396164,80.2443466187,35310,35330,20
13.0069103241,80.2495117188,35411,35431,20
13.0068998337,80.2510070801,35461,35481,20
13.0066604614,80.2567214966,35894,35914,20
13.0066003799,80.2465591431,36397,36419,22
13.0077800751,80.2353286743,36592,36612,20
13.0154800415,80.224937439,36875,36895,20
13.019610405,80.2243881226,37056,37076,20
13.0299901962,80.2307281494,37723,37743,20
13.0299901962,80.2307281494,37743,37759,16
13.0343904495,80.2303390503,37852,37882,30
13.0347795486,80.2303237915,37902,37923,21
13.0346002579,80.2378311157,38054,38070,16
13.0763196945,80.2369537354,39172,39189,17
13.0802602768,80.2334823608,39322,39342,20
13.0840396881,80.2339172363,39504,39524,20
13.1002397537,80.2144775391,40049,40069,20
13.0912303925,80.2276229858,41685,41715,30
13.0888204575,80.2308807373,41786,41806,20
13.0823802948,80.2337265015,41998,42018,20
13.0723695755,80.2524185181,42704,42720,16
13.0693302155,80.2434997559,42823,42844,21
13.0614099503,80.2431411743,43208,43224,16
13.0571203232,80.2428207397,43297,43327,30
13.0537700653,80.2422790527,43378,43398,20
13.0453596115,80.232711792,43782,43802,20
13.0337400436,80.2304382324,44105,44135,30
13.0272102356,80.2328720093,44367,44397,30
13.0239696503,80.2282791138,44478,44508,30
13.0191602707,80.2245407104,44640,44656,16
13.0082597733,80.2333679199,44830,44851,21
13.0068397522,80.2406768799,45012,45032,20
13.0067195892,80.2420501709,45053,45073,20
13.0066604614,80.2453613281,45164,45184,20
13.0066795349,80.2454910278,45184,45204,20
13.0068502426,80.2495117188,45265,45293,28
13.0068397522,80.2509918213,45323,45352,29
13.0066404343,80.2548980713,45424,45444,20
12.9999799728,80.2563476563,45889,45909,20
12.9971904755,80.2559661865,46010,46040,30
12.9968595505,80.2570266724,46070,46090,20
12.996720314,80.2581176758,46111,46131,20
12.9961795807,80.2623672485,46222,46242,20
12.9959802628,80.2676620483,46333,46353,20
12.9999303818,80.2667007446,46414,46434,20
13.0002202988,80.2657012939,46464,46484,20
12.9956598282,80.2674179077,46977,46997,20
13.0064697266,80.2531814575,47542,47563,21
13.0066299438,80.2481765747,47744,47764,20
13.0073795319,80.2368392944,47976,47997,21
13.0155897141,80.2250289917,48279,48299,20
13.0349502563,80.2306289673,48774,48804,30
13.0348396301,80.238243103,48936,48956,20
13.0352096558,80.2388534546,48986,49002,16
13.0402097702,80.2398910522,49093,49115,22
13.0512399673,80.240562439,49347,49368,21
13.0540599823,80.2422180176,49467,49487,20
13.0559101105,80.2423019409,49517,49540,23
13.060500145,80.2428588867,49623,49645,22
13.0768203735,80.2390899658,50029,50059,30
13.076880455,80.2336807251,50241,50257,16
13.0909795761,80.227722168,50653,50669,16
13.1001396179,80.2145004272,50975,50995,20
13.1003904343,80.2145767212,51005,51025,20
13.091170311,80.2276382446,52622,52642,20
13.0879001617,80.2344284058,52763,52779,16
13.0795297623,80.2334976196,52912,52933,21
13.0759601593,80.2345275879,53003,53020,17
13.0764799118,80.2371368408,53062,53082,20
13.0719299316,80.2508163452,53516,53532,16
13.0693101883,80.2433395386,53595,53615,20
13.0668201447,80.2432479858,53676,53695,19
13.0678195953,80.2465209961,53737,53757,20
13.0613899231,80.2431488037,53991,54007,16
13.0541601181,80.2423706055,54130,54149,19
13.0492296219,80.2402191162,54272,54292,20
13.0471200943,80.2349700928,54426,54456,30
13.0450601578,80.2326278687,54537,54557,20
13.0355501175,80.2303314209,54698,54719,21
13.0069103241,80.2400817871,55457,55477,20
13.0067100525,80.2465591431,55568,55584,16
13.0068302155,80.251159668,55646,55668,22
13.0069999695,80.2579574585,56132,56148,16
13.0064697266,80.2570037842,56263,56286,23
13.0065002441,80.2532501221,56319,56339,20
13.0066995621,80.2403564453,56764,56794,30
13.0568199158,80.2426376343,58501,58531,30
13.0625095367,80.2433776855,58652,58672,20
13.0699701309,80.2421264648,58834,58854,20
13.0766897202,80.2386703491,59005,59026,21
13.0763702393,80.2373199463,59056,59076,20
13.0840902328,80.2339630127,59419,59436,17
13.0888900757,80.2304916382,59550,59570,20
13.096329689,80.2193374634,59762,59782,20
13.1000900269,80.2145080566,60004,60034,30
13.0912504196,80.2276000977,61498,61519,21
13.0888004303,80.2309799194,61579,61599,20
13.0823802948,80.2336425781,61772,61792,20
13.0693302155,80.2434234619,62469,62489,20
13.0678300858,80.2465896606,62630,62650,20
13.0631198883,80.2443008423,62883,62903,20
13.0570201874,80.2428283691,63085,63105,20
13.0333595276,80.2305221558,64024,64054,30
13.0300703049,80.2308273315,64185,64215,30
13.0239601135,80.2283096313,64518,64539,21
13.0203800201,80.225189209,64609,64629,20
13.0140800476,80.2264785767,64741,64771,30
13.0126304626,80.2269592285,64801,64817,16
13.0068702698,80.2408676147,65052,65072,20
13.0067300797,80.2429122925,65112,65128,16
13.0067195892,80.2450332642,65181,65201,20
13.0001096725,80.2564468384,65805,65825,20
12.9998903275,80.2564163208,65835,65855,20
12.9961795807,80.2677612305,66199,66219,20
12.9958600998,80.2657012939,66905,66921,16
12.9961500168,80.2627563477,66944,66964,20
12.9987802505,80.2560577393,67287,67307,20
13.0005598068,80.2564315796,67347,67368,21
13.0064401627,80.2546386719,68085,68105,20
13.0065402985,80.245880127,68903,68933,30
13.015130043,80.2248001099,69620,69640,20
13.0229797363,80.2271270752,69852,69872,20
13.0276098251,80.2310180664,70084,70104,20
13.0276098251,80.2310180664,70104,70120,16
13.0296697617,80.2308425903,70213,70235,22
13.0297803879,80.230796814,70235,70265,30
13.0301198959,80.230796814,70275,70295,20
13.0343704224,80.2304382324,70477,70507,30
13.0402202606,80.239982605,70859,70879,20
13.0446395874,80.2405471802,71131,71147,16
13.0616102219,80.2432632446,71614,71630,16
13.0624704361,80.2434005737,71642,71661,19
13.0659198761,80.2434921265,71723,71743,20
13.0698699951,80.2421264648,71825,71855,30
13.0763702393,80.2375030518,72067,72087,20
13.0802097321,80.2335662842,72258,72279,21
13.0912599564,80.2274169922,72673,72692,19
13.096329689,80.2192993164,72835,72865,30
13.0982599258,80.2143173218,72946,72966,20
13.0999698639,80.2145004272,73026,73047,21
13.0855503082,80.2344207764,74612,74628,16
13.0627698898,80.2434463501,75650,75666,16
13.0615196228,80.2432174683,75666,75686,20
13.0526800156,80.2419433594,75900,75916,16
13.050860405,80.2406234741,75949,75969,20
13.0450801849,80.232749939,76221,76242,21
13.0347299576,80.2303466797,76464,76480,16
13.0298595428,80.2308807373,76583,76603,20
13.0239601135,80.2283477783,76785,76805,20
13.0069704056,80.2396011353,77194,77214,20
13.0066795349,80.2429428101,77305,77325,20
13.006649971,80.2438812256,77355,77375,20
13.0066404343,80.2443389893,77386,77416,30
13.0066900253,80.2446594238,77426,77446,20
13.0068101883,80.2509078979,77628,77648,20
13.0066003799,80.2569580078,77759,77789,30
12.9960002899,80.2677230835,78244,78264,20
13.0066404343,80.2405776978,80496,80516,20
13.0070104599,80.2388763428,80546,80562,16
13.0258998871,80.2308120728,80998,81014,16
13.0341396332,80.2303619385,81148,81168,20
13.0993003845,80.231086731,83349,83365,16
13.0975198746,80.2414398193,83509,83528,19
12.9812803268,80.2379302979,18318,18348,30
12.9761695862,80.2216186523,18742,18758,16
12.9862804413,80.2229614258,19044,19060,16
13.007900238,80.2130966187,19517,19547,30
13.015540123,80.2249832153,19739,19760,21
13.0167798996,80.2252120972,19789,19810,21
13.0257396698,80.2304229736,19941,19957,16
13.0343198776,80.2304077148,20081,20101,20
13.0341596603,80.23046875,20162,20182,20
13.025970459,80.2313613892,22688,22704,16
13.0184698105,80.2246627808,22858,22881,23
13.0080404282,80.2132568359,23247,23277,30
13.0079402924,80.2131881714,23277,23307,30
13.0037002563,80.211479187,23378,23398,20
12.9984197617,80.2074584961,23530,23550,20
12.9974803925,80.2102203369,23610,23631,21
12.9780597687,80.2193222046,24196,24213,17
12.9774503708,80.221282959,24781,24802,21
12.9760599136,80.2212905884,24832,24852,20
12.9873504639,80.2181930542,25155,25176,21
12.9915399551,80.2126617432,25337,25357,20
12.9938201904,80.2101135254,25509,25529,20
13.0035800934,80.2098236084,25782,25802,20
13.0155200958,80.2249221802,26135,26156,21
13.0349597931,80.2301483154,26611,26632,21
12.99862957,80.2074432373,28664,28694,30
12.9938697815,80.2101211548,28856,28876,20
12.989279747,80.2146835327,29098,29118,20
12.9785003662,80.2191619873,29361,29377,16
12.9915599823,80.212677002,30814,30844,30
12.9918498993,80.2127304077,30854,30870,16
12.9929599762,80.2128601074,30913,30933,20
12.9938402176,80.2101135254,31004,31034,30
12.9971904755,80.2104721069,31125,31154,29
12.998550415,80.2074203491,31256,31277,21
13.0074300766,80.2127914429,31560,31590,30
13.0091896057,80.2142562866,31721,31737,16
13.0122098923,80.220703125,31800,31820,20
13.0155296326,80.2250289917,31941,31962,21
13.0219802856,80.2261810303,32083,32113,30
13.0259799957,80.2310180664,32245,32275,30
13.0285396576,80.2308807373,32325,32346,21
13.0290002823,80.2308273315,32366,32386,20
13.0230302811,80.2274169922,33538,33568,30
13.0119600296,80.2271575928,33811,33827,16
13.0118904114,80.2201080322,33960,33983,23
13.0079498291,80.2131881714,34167,34187,20
12.9917402267,80.2126998901,34694,34724,30
12.9893102646,80.2147064209,34785,34805,20
12.9839897156,80.2179794312,34936,34956,20
12.9757003784,80.2211227417,36017,36037,20
12.9916400909,80.2126617432,36402,36422,20
12.9983797073,80.2074127197,36736,36752,16
13.0156002045,80.2249832153,37279,37299,20
13.0218801498,80.2260513306,37542,37562,20
13.0307302475,80.2306976318,38571,38588,17
13.0298595428,80.2308197021,38588,38610,22
13.0275201797,80.2328491211,38701,38721,20
13.0230102539,80.2274169922,38862,38883,21
13.0225000381,80.2268066406,38923,38939,16
13.0144796371,80.2262268066,39095,39115,20
12.9935998917,80.2102203369,40044,40065,21
12.993519783,80.2107009888,40095,40115,20
12.9894304276,80.2147216797,40246,40263,17
12.9774703979,80.2213973999,41084,41100,16
12.9916296005,80.2126617432,41507,41528,21
13.0078401566,80.2130203247,42134,42150,16
13.0283203125,80.2308578491,42708,42728,20
13.0304002762,80.23072052,42819,42839,20
13.0341300964,80.2305221558,43526,43546,20
13.0300598145,80.2308197021,43708,43738,30
13.0270595551,80.2329177856,43829,43849,20
13.0261001587,80.2316665649,43879,43896,17
13.0248403549,80.2293395996,43908,43927,19
13.0230197906,80.2273788452,43990,44010,20
13.0082597733,80.2133789063,44476,44496,20
13.0080299377,80.2132720947,44496,44516,20
12.9763498306,80.2217025757,45203,45233,30
12.9785804749,80.2254180908,45304,45320,16
12.9816102982,80.233543396,45444,45465,21
12.9813604355,80.2426681519,45596,45622,26
12.9873199463,80.2585296631,46129,46150,21
12.9872598648,80.2585601807,46150,46170,20
12.9798698425,80.2523193359,48888,48909,21
12.9813404083,80.2428512573,49030,49050,20
12.9816198349,80.2333831787,49222,49242,20
12.9816198349,80.2333831787,49242,49258,16
12.9806003571,80.2289581299,49331,49351,20
12.9755802155,80.2210235596,49513,49533,20
12.9754495621,80.2205200195,49553,49569,16
12.9961795807,80.2103271484,50047,50063,16
13.0155200958,80.2249984741,50591,50611,20
13.0197401047,80.2245788574,50672,50692,20
13.0223302841,80.2265014648,50762,50778,16
13.0257797241,80.2304611206,50841,50861,20
13.0259799957,80.2311706543,50882,50902,20
13.0259799957,80.2311706543,50902,50922,20
13.0291595459,80.2308425903,50994,51015,21
13.0346899033,80.2302703857,51197,51227,30
13.0121002197,80.2212219238,52671,52687,16
13.0085496902,80.2135772705,52770,52790,20
13.0082998276,80.2134017944,52800,52819,19
12.9981403351,80.2088317871,53083,53102,19
12.9806098938,80.2181930542,55243,55259,16
12.9892702103,80.214630127,55413,55430,17
12.9915800095,80.2126693726,55472,55493,21
12.9980697632,80.2089920044,55715,55735,20
13.0153903961,80.2248001099,56182,56202,20
13.0306596756,80.2306976318,56576,56592,16
13.0309095383,80.2307815552,57221,57241,20
13.0298500061,80.2308807373,57262,57292,30
13.0229797363,80.2273712158,57585,57605,20
13.0084896088,80.2135391235,58050,58080,30
12.9969701767,80.2104568481,58403,58419,16
12.9936304092,80.2102584839,58472,58492,20
12.9873504639,80.2182388306,60725,60745,20
12.9929199219,80.2129211426,60897,60917,20
12.998550415,80.2074508667,61129,61149,20
13.0038003922,80.2117996216,61281,61297,16
13.0236797333,80.2276992798,61824,61854,30
13.0230398178,80.2273635864,63765,63791,26
13.0136804581,80.2265777588,63975,63995,20
13.0078601837,80.2131576538,64349,64379,30
13.0036697388,80.211730957,64460,64490,30
12.9983797073,80.2075881958,64622,64642,20
12.9972200394,80.2105331421,64723,64743,20
12.9936199188,80.2102813721,64814,64844,30
12.991519928,80.2127075195,64915,64935,20
12.9756002426,80.221031189,65945,65966,21
12.9837303162,80.2179031372,66249,66269,20
12.9872999191,80.2182617188,66319,66339,20
12.9983701706,80.2074584961,66784,66804,20
12.9985399246,80.2074508667,66804,66824,20
12.9988498688,80.2075195313,66835,66865,30
13.0153999329,80.2249603271,67400,67421,21
13.0258302689,80.2305984497,67784,67800,16
13.0349998474,80.230140686,68076,68097,21
13.0273799896,80.2329177856,68743,68759,16
13.0241298676,80.2284927368,68876,68899,23
13.0099802017,80.2156677246,69527,69547,20
13.0089702606,80.2142028809,69750,69770,20
13.0084104538,80.2135391235,69861,69891,30
13.0036296844,80.2115631104,70154,70174,20
12.998339653,80.2076034546,70326,70346,20
12.9935703278,80.210319519,70538,70558,20
12.9838399887,80.2178573608,71973,71989,16
12.9873800278,80.21824646,72021,72041,20
13.0077896118,80.2130584717,72759,72779,20
13.0245399475,80.2287826538,73163,73193,30
13.0282096863,80.2309875488,73304,73321,17
13.0339202881,80.2304382324,73515,73536,21
13.0345201492,80.2303771973,73546,73566,20
13.0316200256,80.2306976318,73971,74001,30
13.0231895447,80.2276000977,74264,74294,30
13.0227098465,80.227142334,74315,74331,16
13.0110301971,80.2181091309,74656,74672,16
13.0085802078,80.2136764526,74786,74816,30
13.0084104538,80.2135696411,74816,74836,20
13.0033102036,80.2093582153,75058,75075,17
12.9971399307,80.2105026245,75238,75258,20
12.9934597015,80.2107696533,75400,75420,20
12.9839496613,80.2180633545,75683,75703,20
12.9764795303,80.2201385498,75804,75824,20
12.9816598892,80.2306289673,76309,76330,21
12.9812602997,80.2387390137,76441,76461,20
13.005109787,80.2013626099,24182,24198,16
13.0156402588,80.2251434326,24563,24580,17
13.0194301605,80.2245407104,24844,24860,16
13.0116596222,80.2193603516,25094,25111,17
12.9648599625,80.1881790161,26057,26078,21
12.9310703278,80.1815872192,26754,26784,30
12.9207401276,80.183921814,26955,26976,21
12.92345047,80.1546783447,29147,29167,20
12.922419548,80.1630783081,29288,29304,16
12.9314203262,80.1815414429,29691,29721,30
12.950220108,80.1856002808,30216,30246,30
12.9530801773,80.1864395142,30337,30357,20
12.9613800049,80.1873016357,30569,30599,30
12.9916095734,80.1937866211,31488,31508,20
12.9963598251,80.1913986206,31649,31669,20
13.007610321,80.2031021118,32175,32191,16
13.0091295242,80.2114181519,32335,32355,20
13.0126399994,80.2215576172,32515,32537,22
13.0155200958,80.2250213623,32617,32638,21
13.024020195,80.2280502319,32829,32850,21
13.0342998505,80.2304000854,33263,33280,17
13.0350198746,80.2301635742,33280,33303,23
13.0310401917,80.2307815552,34585,34601,16
13.0277700424,80.2329177856,34919,34939,20
13.0247297287,80.2291564941,35040,35070,30
13.0238895416,80.2281417847,35111,35127,16
13.0083799362,80.2134399414,35593,35623,30
13.007809639,80.2130737305,35664,35680,16
12.9912004471,80.1945877075,36268,36289,21
12.9820899963,80.1969833374,36400,36420,20
12.9823904037,80.1961135864,36460,36476,16
12.9776296616,80.193862915,36569,36589,20
12.9723901749,80.1914215088,36721,36741,20
12.9680900574,80.1895217896,36842,36862,20
12.9558496475,80.186958313,37094,37114,20
12.939789772,80.1826782227,37457,37478,21
12.9204397202,80.1688995361,37952,37969,17
12.9224004745,80.1434326172,38263,38293,30
12.9225702286,80.1436004639,39777,39797,20
12.9225502014,80.1437530518,39808,39824,16
12.9388999939,80.1823120117,40523,40543,20
12.9649400711,80.1881332397,41089,41109,20
12.9725198746,80.1913299561,41321,41341,20
12.9725198746,80.1913299561,41341,41357,16
12.9809703827,80.1952667236,41521,41541,20
12.9911203384,80.194519043,41692,41722,30
13.0034599304,80.2007217407,42500,42520,20
13.0077896118,80.2066192627,42631,42647,16
13.0093603134,80.2110137939,42720,42750,30
13.0219697952,80.2261428833,43113,43134,21
13.0283203125,80.2309188843,43325,43346,21
13.0345697403,80.2303924561,43626,43656,30
13.0315599442,80.230682373,44646,44676,30
13.0272302628,80.2329177856,44847,44868,21
13.0081996918,80.2133407593,45594,45615,21
13.004119873,80.2012176514,45958,45978,20
12.9722204208,80.1913375854,46664,46685,21
12.9557600021,80.1869277954,47027,47048,21
12.931019783,80.181602478,47563,47593,30
12.9199304581,80.1826171875,47805,47825,20
12.9198102951,80.1709365845,47977,47993,16
12.9236001968,80.1168136597,48763,48783,20
12.9232301712,80.1213607788,50103,50119,16
12.9910802841,80.1945571899,52110,52130,20
12.9984197617,80.1920700073,52382,52399,17
13.0228595734,80.2272491455,53280,53300,20
13.0157604218,80.225692749,53482,53498,16
13.0085897446,80.2135696411,53813,53833,20
13.0077800751,80.2130508423,53853,53873,20
12.9820699692,80.1969833374,54600,54620,20
12.9827203751,80.1965179443,54640,54656,16
12.9679803848,80.1893997192,54931,54961,30
12.955789566,80.186920166,55193,55214,21
12.9394798279,80.1825790405,55486,55506,20
12.9203996658,80.1840286255,55749,55779,30
12.9198198318,80.1709136963,55940,55961,21
12.9226903915,80.1312103271,56435,56455,20
12.9236402512,80.1168365479,58010,58030,20
12.9230604172,80.125541687,58767,58797,30
12.9224796295,80.1424179077,59029,59045,16
12.9225702286,80.1437225342,59045,59068,23
12.9233102798,80.1603775024,59251,59271,20
12.9202604294,80.1835479736,59534,59564,30
12.9315004349,80.1815795898,59806,59826,20
12.944609642,80.1830291748,60069,60089,20
12.955450058,80.1868515015,60260,60276,16
12.9561300278,80.1869430542,60276,60299,23
12.9615898132,80.1873779297,60400,60420,20
12.9648799896,80.1881866455,60480,60501,21
12.9655399323,80.1884536743,60511,60531,20
12.9771099091,80.193687439,61540,61570,30
12.9781198502,80.193901062,61591,61611,20
12.9810495377,80.1954193115,61671,61692,21
13.009180069,80.2108230591,62388,62418,30
13.033780098,80.2304916382,63244,63274,30
13.0341796875,80.2304763794,63941,63961,20
13.0298995972,80.2308578491,64082,64102,20
13.0231895447,80.2275390625,64364,64385,21
13.0164403915,80.2254867554,64496,64512,16
13.0083799362,80.2134475708,64847,64877,30
13.0077695847,80.2099761963,65180,65210,30
13.0058403015,80.2028274536,65342,65362,20
13.0042896271,80.2012786865,65402,65432,30
12.9816303253,80.1957931519,65957,65977,20
12.9775800705,80.1938781738,66068,66089,21
12.9726696014,80.1915817261,66210,66240,30
12.9684801102,80.1896820068,66351,66381,30
12.9653501511,80.1884002686,66472,66502,30
12.9645500183,80.188117981,66533,66549,16
12.9197502136,80.1710968018,67601,67621,20
12.9233798981,80.1550827026,67853,67869,16
12.9226303101,80.1331176758,68346,68362,16
12.9225196838,80.1436920166,69908,69929,21
12.9226102829,80.1473007202,69969,69989,20
12.9551801682,80.1868209839,71170,71200,30
12.9556999207,80.1868972778,71211,71231,20
13.0036401749,80.200843811,72291,72311,20
13.0092802048,80.2109985352,72503,72523,20
13.0290803909,80.2308502197,73069,73099,30
13.0337400436,80.2304992676,73251,73271,20
13.0296401978,80.2309036255,74018,74038,20
13.0269603729,80.2329711914,74129,74149,20
13.0231103897,80.2275238037,74260,74280,20
13.0141496658,80.2263412476,74442,74458,16
13.0109901428,80.2179031372,74652,74672,20
13.0084495544,80.2135925293,74793,74813,20
13.0083198547,80.2134628296,74813,74834,21
13.0038099289,80.2121582031,74965,74985,20
12.9827299118,80.1962814331,75843,75863,20
12.9815797806,80.1957626343,75894,75914,20
12.9813499451,80.195640564,75934,75950,16
12.9774999619,80.1938705444,76003,76023,20
12.9558000565,80.1869888306,76517,76544,27
12.9444599152,80.1830673218,76839,76859,20
12.9394598007,80.1826171875,76939,76960,21
12.9307403564,80.181602478,77091,77111,20
12.9208097458,80.1838912964,77232,77253,21
12.9226999283,80.1525802612,77666,77687,21
12.9231796265,80.12084198,78110,78131,21
12.9224796295,80.1428909302,78827,78843,16
12.920999527,80.1674423218,79088,79104,16
12.9313697815,80.1815414429,79459,79479,20
12.9934597015,80.1933135986,80570,80586,16
12.9963102341,80.1932373047,80598,80628,30
12.9963302612,80.1915435791,80669,80699,30
12.9883699417,80.2233505249,24682,24703,21
12.988360405,80.2233276367,26289,26319,30
12.9884300232,80.2232818604,26319,26339,20
12.9987602234,80.2391967773,26753,26774,21
13.0059700012,80.2423171997,26915,26935,20
12.9939804077,80.2345275879,28087,28107,20
12.9909601212,80.2317199707,28218,28238,20
12.990819931,80.2300186157,28268,28288,20
12.9883403778,80.2233505249,28430,28449,19
12.9987401962,80.2391967773,30705,30725,20
13.0059700012,80.2423400879,30846,30866,20
12.9980897903,80.2389678955,31604,31624,20
12.9917802811,80.2337799072,31806,31826,20
12.9909496307,80.2317581177,31866,31896,30
12.9901800156,80.2274093628,31987,32008,21
12.9899396896,80.2276916504,32220,32240,20
12.9865598679,80.2333526611,32381,32401,20
12.9864797592,80.235206604,32442,32462,20
12.9866399765,80.2333221436,33290,33309,19
12.9917898178,80.2336807251,33795,33815,20
12.9991703033,80.2393188477,34975,34997,22
12.9909696579,80.2317428589,35259,35279,20
12.9884796143,80.2233886719,38036,38056,20
12.9917802811,80.2336425781,38268,38298,30
13.0059700012,80.2423019409,38591,38621,30
12.9991798401,80.2393417358,38813,38833,20
12.9917602539,80.2337875366,39005,39025,20
12.990819931,80.2300186157,39116,39136,20
12.9901800156,80.227432251,39177,39197,20
12.9883298874,80.2233200073,39287,39308,21
12.9883403778,80.2299499512,39449,39469,20
12.9864902496,80.2353591919,40478,40499,21
12.9882802963,80.2300491333,40621,40641,20
12.9883298874,80.2233581543,40782,40802,20
12.9902200699,80.2275390625,40893,40913,20
12.9917898178,80.2336730957,41035,41065,30
12.998749733,80.2391586304,41226,41247,21
13.005979538,80.2423095703,41358,41388,30
12.994020462,80.2345275879,42388,42408,20
12.9883699417,80.2233581543,42721,42751,30
12.988360405,80.229927063,42913,42933,20
12.9864997864,80.2351989746,43044,43074,30
12.9901599884,80.2275390625,44781,44801,20
12.9907999039,80.2301177979,44841,44861,20
12.9938697815,80.2344589233,45023,45043,20
13.0059204102,80.2423019409,45356,45386,30
12.9907903671,80.2300262451,46416,46437,21
12.9901800156,80.2274398804,46477,46497,20
12.9864997864,80.2333068848,46901,46921,20
12.9864301682,80.235168457,46962,46982,20
12.9864797592,80.2352981567,47709,47739,30
12.9917602539,80.2336502075,48305,48335,30
12.9988203049,80.2392578125,48648,48668,20
12.9909000397,80.2317428589,49829,49849,20
12.9898796082,80.2276992798,51051,51081,30
12.9882602692,80.2301101685,51495,51515,20
12.9900798798,80.2276992798,51556,51576,20
12.9920396805,80.2336578369,51697,51717,20
12.9991798401,80.2392807007,52990,53010,20
12.9917898178,80.233757019,53161,53182,21
12.9909296036,80.2317733765,53222,53252,30
12.9901695251,80.2273483276,53323,53343,20
12.9883203506,80.2233505249,53424,53444,20
12.9908399582,80.2301635742,55251,55272,21
12.9909696579,80.2320022583,55302,55322,20
12.9991397858,80.2393493652,57050,57070,20
12.9939899445,80.2345962524,57181,57201,20
12.9918403625,80.2338027954,57242,57262,20
12.990940094,80.2317962646,57312,57333,21
12.9898996353,80.227722168,57625,57645,20
12.988409996,80.2297286987,57675,57696,21
12.9864597321,80.2353515625,58443,58463,20
12.9909896851,80.2320404053,58938,58968,30
12.9921102524,80.2337417603,58999,59029,30
12.9939203262,80.2345275879,60180,60210,30
12.9917697906,80.2337799072,60251,60271,20
12.9883403778,80.2233581543,60493,60523,30
12.9884500504,80.2232894897,60533,60554,21
12.9883499146,80.2233810425,61331,61351,20
12.9902296066,80.2275619507,61432,61451,19
12.9917898178,80.2337036133,61565,61586,21
12.9986896515,80.2392196655,61747,61777,30
13.0025501251,80.2400970459,61838,61858,20
13.0025997162,80.2401275635,63039,63059,20
12.9962797165,80.2364425659,63292,63312,20
12.9947595596,80.2350387573,63343,63363,20
12.9939603806,80.2345428467,63383,63403,20
12.9917898178,80.2338104248,63454,63484,30
12.9907798767,80.2301177979,63595,63615,20
12.9901599884,80.2274093628,63656,63686,30
12.9899196625,80.2277526855,63928,63958,30
12.9883203506,80.2300415039,63999,64019,20
12.9866304398,80.2333908081,64070,64099,29
12.9864797592,80.2352294922,64130,64160,30
12.9865598679,80.238571167,64605,64635,30
12.9864597321,80.2353820801,64686,64706,20
12.9920301437,80.2337188721,65231,65261,30
13.0018596649,80.239906311,66675,66695,20
12.9992303848,80.239402771,66735,66756,21
12.9939603806,80.2345733643,66896,66917,21
12.9918498993,80.2338180542,66958,66978,20
12.9907798767,80.230140686,67089,67109,20
12.9883298874,80.2300796509,67503,67523,20
12.9864397049,80.2353973389,68432,68452,20
12.9899997711,80.227722168,68644,68663,19
12.9888496399,80.2234191895,68755,68775,20
12.9920196533,80.2337493896,69078,69098,20
13.0025501251,80.2401580811,70088,70118,30
12.9991998672,80.2393875122,70199,70229,30
12.9949102402,80.235168457,70411,70431,20
12.9939203262,80.234588623,70451,70472,21
12.9901399612,80.2274780273,70714,70734,20
12.9883499146,80.2235031128,70835,70865,30
12.9899196625,80.2277603149,70966,70987,21
12.9865598679,80.2333602905,71108,71128,20
12.9882001877,80.2300872803,72219,72239,20
12.9899702072,80.2277297974,72279,72299,20
12.990940094,80.2320404053,72602,72623,21
12.991979599,80.2337417603,72663,72683,20
12.9959201813,80.2359085083,72774,72794,20
12.9986801147,80.2392196655,72865,72885,20
13.0059204102,80.2423171997,73006,73026,20
12.9884395599,80.2233581543,74279,74299,20
12.9878797531,80.2310333252,74460,74481,21
12.9865999222,80.2387619019,74652,74672,20
12.9916801453,80.2337036133,76480,76500,20
13.0058898926,80.2423095703,76864,76894,30
12.9991903305,80.2393875122,77298,77318,20
13.0263996124,80.2657394409,542,572,30
13.0263595581,80.2653884888,19055,19075,20
13.0335702896,80.2678985596,19338,19368,30
13.0293798447,80.2309112549,22073,22093,20
13.0266599655,80.233001709,22235,22255,20
13.0338096619,80.2678833008,23618,23638,20
13.0259504318,80.2308425903,26414,26434,20
13.029419899,80.2308273315,26525,26555,30
13.0341997147,80.2304382324,26626,26646,20
13.0239696503,80.2283172607,28292,28312,20
13.0067596436,80.2428512573,28776,28796,20
13.0067100525,80.2431335449,28806,28827,21
13.0068998337,80.2496032715,28958,28978,20
13.0077199936,80.2586898804,29180,29210,30
13.0165300369,80.2597503662,29341,29362,21
13.0336399078,80.2678909302,29836,29866,30
13.0221595764,80.2634887695,30694,30714,20
13.016119957,80.2597198486,30855,30876,21
13.0065803528,80.2465286255,31734,31764,30
13.0065402985,80.2416687012,31855,31875,20
13.0073795319,80.2371520996,31966,31986,20
13.0106601715,80.2250518799,32137,32157,20
13.0155000687,80.2249984741,32299,32319,20
13.0219497681,80.2261810303,32450,32470,20
13.024140358,80.2282028198,32531,32561,30
13.0335798264,80.2304763794,33419,33439,20
13.0253801346,80.2300033569,33863,33884,21
13.0240097046,80.2282180786,33954,33974,20
13.0079402924,80.2351531982,34570,34600,30
13.007060051,80.2395019531,34751,34772,21
13.0069103241,80.2405700684,34792,34822,30
13.0067300797,80.2433624268,34873,34893,20
13.0068998337,80.2493209839,35044,35064,20
13.0077600479,80.258682251,35297,35317,20
13.0162496567,80.2595367432,35418,35438,20
13.0265197754,80.2640686035,35761,35791,30
13.0265197754,80.2640686035,35791,35817,26
13.0334196091,80.2678833008,36201,36231,30
13.0327997208,80.2677230835,36261,36282,21
13.0065603256,80.2466506958,37402,37432,30
13.015540123,80.2249526978,37968,37988,20
13.0195999146,80.2244567871,38049,38069,20
13.0219697952,80.2261886597,38160,38180,20
13.0299100876,80.2307891846,38604,38624,20
13.0340499878,80.230430603,38776,38806,30
13.0347604752,80.2302932739,38836,38856,20
13.0299196243,80.2308120728,39825,39845,20
13.0239601135,80.2282791138,40078,40098,20
13.0170001984,80.2252731323,40209,40229,20
13.01679039,80.2253570557,40239,40259,20
13.0067300797,80.2453994751,40754,40774,20
13.0334100723,80.2677230835,41652,41682,30
13.0345201492,80.2679901123,41713,41743,30
13.0283298492,80.2662963867,42399,42429,30
13.016119957,80.2597579956,42702,42732,30
13.015540123,80.2250213623,44084,44105,21
13.0219202042,80.2261505127,44226,44246,20
13.0283403397,80.2309494019,44397,44417,20
13.0343599319,80.2297668457,44730,44750,20
13.0342197418,80.230140686,44841,44861,20
13.0298204422,80.2308273315,45084,45114,30
13.0272502899,80.2329025269,45205,45235,30
13.0145597458,80.2261810303,45568,45588,20
13.0076799393,80.2586135864,46295,46315,20
13.0163803101,80.2596435547,46416,46446,30
13.0201797485,80.2626113892,46557,46577,20
13.0262203217,80.2658691406,46779,46809,30
13.0265102386,80.2638931274,46850,46870,20
13.0283002853,80.2637710571,46920,46941,21
13.0299396515,80.2666168213,47132,47153,21
13.0337295532,80.2678833008,47294,47314,20
13.0342998505,80.2680435181,47445,47465,20
13.0297203064,80.2666168213,47637,47667,30
13.0065002441,80.2464599609,52088,52108,20
13.0073604584,80.2369003296,52250,52280,30
13.0218000412,80.2260971069,52633,52663,30
13.0284004211,80.2308807373,52815,52835,20
13.0345697403,80.2303466797,52966,52996,30
13.0067996979,80.2512893677,54208,54228,20
13.0076799393,80.2585830688,54389,54409,20
13.0202198029,80.2625808716,54571,54591,20
13.0262804031,80.2653884888,54722,54743,21
13.0309000015,80.2668533325,56065,56095,30
13.0252103806,80.2653198242,56388,56408,20
13.0221204758,80.2634429932,56469,56489,20
13.0160503387,80.2596817017,56620,56640,20
13.0071802139,80.2587203979,56791,56812,21
13.0067300797,80.2490768433,57236,57256,20
13.0066795349,80.248916626,57266,57296,30
13.0066003799,80.2409210205,57559,57589,30
13.0112600327,80.2236099243,57821,57841,20
13.0194396973,80.2243499756,58033,58053,20
13.0242004395,80.2282867432,58174,58194,20
13.0340204239,80.2304916382,58447,58477,30
13.0310096741,80.2307281494,59103,59123,20
13.0297603607,80.2308425903,59194,59224,30
13.0274896622,80.2328567505,59295,59315,20
13.0069799423,80.2400131226,59850,59880,30
13.0067195892,80.2572631836,60243,60264,21
13.0163402557,80.2596130371,60415,60435,20
13.0292301178,80.2663421631,60910,60930,20
13.0328903198,80.2677536011,61132,61162,30
13.0337600708,80.2679214478,61202,61232,30
13.0345802307,80.268081665,61263,61283,20
13.0326404572,80.2675704956,62010,62030,20
13.029800415,80.2666625977,62090,62111,21
13.0253295898,80.2654037476,62232,62252,20
13.0160703659,80.2597198486,62484,62514,30
13.0072202682,80.2588119507,62706,62726,20
13.0065402985,80.254989624,62969,62999,30
13.0074100494,80.2368087769,63726,63746,20
13.0156002045,80.2250976563,64008,64028,20
13.02202034,80.2261962891,64150,64170,20
13.022480011,80.2266616821,64180,64200,20
13.0284996033,80.2309188843,64382,64402,20
13.0239801407,80.2283401489,65916,65936,20
13.0138902664,80.2265472412,66118,66148,30
13.0068702698,80.2513427734,66562,66592,30
13.0077600479,80.2587127686,66713,66734,21
13.016409874,80.2597503662,66865,66895,30
13.0202302933,80.2627105713,67006,67036,30
13.0264797211,80.2639465332,67228,67248,20
13.0292701721,80.2657928467,67359,67380,21
13.0333995819,80.2678909302,67632,67662,30
13.0336503983,80.2679290771,67662,67692,30
13.0339002609,80.2679824829,67703,67723,20
13.0293798447,80.2666320801,68379,68409,30
13.0252504349,80.265411377,68581,68611,30
13.0221595764,80.2635421753,68672,68692,20
13.0066995621,80.2501068115,69560,69580,20
13.0067195892,80.2497711182,69590,69620,30
13.0065803528,80.2478027344,69762,69792,30
13.006529808,80.246711731,69822,69842,20
13.0073604584,80.2367019653,70256,70277,21
13.0095596313,80.2272186279,70438,70458,20
13.0102996826,80.2255935669,70549,70579,30
13.0154304504,80.2250137329,70751,70771,20
13.0217199326,80.2260437012,70872,70892,20
13.0272798538,80.2310791016,71084,71114,30
13.034119606,80.2302703857,71972,71992,20
13.0268201828,80.233001709,72316,72346,30
13.0143299103,80.22631073,72628,72649,21
13.0066900253,80.2433013916,72982,73002,20
13.0164203644,80.2597427368,73355,73375,20
13.0260400772,80.2658691406,73598,73618,20
13.0331401825,80.2677764893,73910,73931,21
13.0297203064,80.2667617798,75171,75192,21
13.0253400803,80.2654800415,75324,75354,30
13.006529808,80.2467498779,76101,76121,20
13.0218896866,80.2261734009,76626,76656,30
13.0338497162,80.2304534912,76929,76959,30
13.0248003006,80.2293624878,77453,77474,21
13.0320701599,80.2097091675,21333,21350,17
13.0165195465,80.2053222656,21544,21567,23
13.0114898682,80.2125167847,21734,21757,23
12.9825496674,80.2179718018,22556,22573,17
12.9799499512,80.2526779175,24693,24714,21
12.9757900238,80.2211227417,25330,25346,16
12.997590065,80.2160797119,25731,25751,20
13.0138998032,80.2042694092,26286,26303,17
13.0186595917,80.2059707642,26345,26365,20
13.0244197845,80.2067184448,26457,26480,23
13.0441102982,80.2123336792,26756,26786,30
13.0548200607,80.2115097046,28464,28484,20
13.0376396179,80.2123565674,28918,28934,16
13.0342903137,80.2121582031,28977,29007,30
13.0308198929,80.2093276978,29108,29137,29
13.0190200806,80.2063217163,29320,29340,20
12.997469902,80.2165298462,30228,30248,20
12.976360321,80.2218399048,30712,30732,20
12.9813804626,80.242767334,31187,31207,20
12.9801101685,80.2524108887,31318,31348,30
12.9875898361,80.2566680908,31800,31820,20
12.9874401093,80.2583465576,31850,31867,17
12.9816703796,80.2332992554,34796,34816,20
12.9806699753,80.2289123535,34907,34927,20
12.9838399887,80.217880249,35290,35310,20
12.9873800278,80.2182235718,35361,35391,30
12.9873800278,80.2182235718,35391,35407,16
12.9975099564,80.2161178589,35591,35611,20
13.007399559,80.2098083496,35887,35907,20
13.0242395401,80.2066802979,36371,36387,16
13.0346603394,80.2099533081,36541,36565,24
13.0349798203,80.2109909058,36565,36587,22
13.0366401672,80.2123565674,36728,36749,21
13.0492696762,80.2119216919,37014,37034,20
13.0543298721,80.2114181519,37135,37155,20
13.0687103271,80.204750061,38053,38073,20
13.0444402695,80.212852478,39102,39123,21
13.0494699478,80.2066879272,39445,39466,21
13.0499296188,80.2068862915,39677,39698,21
13.0491800308,80.2070083618,41566,41586,20
13.0297803879,80.2090301514,42172,42188,16
13.022310257,80.2064285278,42331,42361,30
13.0193195343,80.2063980103,42503,42533,30
13.009759903,80.2112808228,42995,43025,30
12.9974098206,80.2165374756,43701,43721,20
12.995059967,80.2170715332,43762,43782,20
12.9762201309,80.2216186523,44307,44327,20
12.9812002182,80.2349624634,44589,44605,16
12.9870700836,80.2591018677,46505,46535,30
12.9798002243,80.2526092529,46949,46969,20
12.9813899994,80.2427520752,47141,47161,20
12.9812803268,80.2378921509,47232,47252,20
12.9769897461,80.2228775024,47554,47575,21
12.9838399887,80.2178192139,47835,47855,20
12.9872999191,80.2181930542,47906,47922,16
12.9976196289,80.2160415649,48115,48136,21
13.0074300766,80.2098007202,48398,48428,30
13.0316896439,80.2093887329,48892,48913,21
13.0350198746,80.2111816406,48993,49023,30
13.0367803574,80.2123184204,49074,49090,16
13.0495901108,80.2119293213,49264,49294,30
13.0354700089,80.2122879028,50598,50628,30
13.0345201492,80.2121582031,50648,50668,20
13.0093603134,80.2109832764,51183,51202,19
13.01541996,80.2251205444,51405,51425,20
13.0019397736,80.2189178467,51738,51754,16
12.9763298035,80.2216796875,52159,52175,16
12.9808797836,80.2292022705,52309,52332,23
12.9861097336,80.2516784668,52748,52768,20
12.9861097336,80.2516784668,52768,52784,16
12.9878396988,80.2533569336,54168,54184,16
12.9813404083,80.242477417,54570,54586,16
12.9756603241,80.221031189,54971,54992,21
13.0072898865,80.2097473145,55657,55678,21
13.0167703629,80.2051467896,55984,56007,23
13.0186700821,80.2059326172,56007,56030,23
13.0367202759,80.2122421265,56453,56474,21
13.0442199707,80.2124099731,56625,56655,30
13.0500001907,80.2119369507,56756,56776,20
13.0682697296,80.2049865723,58049,58069,20
13.0683803558,80.2049636841,58069,58099,30
13.0691404343,80.204788208,58129,58150,21
13.0495300293,80.2122192383,58543,58563,20
13.0451002121,80.2124481201,58624,58640,16
13.0342302322,80.2121429443,58844,58864,20
13.0302801132,80.2091827393,58965,58995,30
13.0244398117,80.2069473267,59096,59126,30
13.0186300278,80.2061920166,59237,59253,16
13.0130300522,80.2094497681,59398,59421,23
13.0100803375,80.2115020752,59505,59535,30
12.9994697571,80.2172317505,60161,60177,16
12.9891500473,80.2188034058,60331,60351,20
12.9758901596,80.2202606201,60545,60575,30
12.9872703552,80.2593231201,61655,61675,20
12.987159729,80.2596282959,61685,61705,20
12.9804601669,80.2527999878,62985,63005,20
12.9799003601,80.2523727417,63035,63055,20
12.9812803268,80.2436828613,63176,63197,21
12.9813299179,80.2429580688,63237,63253,16
12.9814395905,80.2337722778,63447,63467,20
12.982000351,80.2323226929,63517,63533,16
12.9756803513,80.2211227417,63758,63778,20
12.9755601883,80.2210235596,63778,63798,20
12.9975004196,80.2162017822,64161,64181,20
13.0078201294,80.2099761963,64575,64605,30
13.0186595917,80.2059326172,64908,64928,20
13.0298995972,80.2089309692,65100,65120,20
13.0314102173,80.2093582153,65149,65169,20
13.0349597931,80.2113189697,65261,65281,20
13.0541400909,80.2114868164,65816,65836,20
13.069560051,80.204826355,67268,67288,20
13.0587997437,80.2116622925,67551,67571,20
13.0546197891,80.2116165161,67661,67682,21
13.0546197891,80.2116165161,67682,67698,16
13.0391101837,80.2124328613,67973,67989,16
13.0352296829,80.2123794556,68052,68081,29
13.0341701508,80.2121887207,68123,68143,20
13.0276203156,80.2084121704,68375,68395,20
13.0276203156,80.2084121704,68395,68411,16
13.0267696381,80.2078933716,68431,68454,23
13.02602005,80.2074584961,68504,68534,30
13.0258197784,80.2073364258,68534,68554,20
13.0235795975,80.20677948,68707,68737,30
13.0191402435,80.2063980103,68989,69005,16
13.0098495483,80.2268371582,70178,70194,16
12.9974002838,80.2165679932,70620,70650,30
12.9839601517,80.2180404663,71044,71064,20
12.9763402939,80.2218017578,71629,71649,20
12.9812498093,80.2392578125,72083,72113,30
12.9812698364,80.2397079468,72124,72144,20
12.9813404083,80.2425308228,72204,72224,20
12.9872198105,80.2596282959,72941,72961,20
12.9869499207,80.2595977783,72971,72997,26
12.9874000549,80.2583312988,73645,73665,20
12.9813404083,80.2429275513,74262,74282,20
12.9812097549,80.237739563,74363,74383,20
12.9811601639,80.2359008789,74413,74429,16
12.9815597534,80.2335891724,74472,74502,30
12.9819498062,80.2326126099,74532,74552,20
12.9764604568,80.2221984863,74865,74885,20
12.9759502411,80.2215194702,74926,74956,30
12.9873399734,80.2182998657,75337,75358,21
12.9913597107,80.2194824219,75418,75434,16
12.9974803925,80.2161636353,75557,75577,20
13.0349397659,80.2113494873,76365,76395,30
13.0640001297,80.2117233276,77677,77698,21
13.0499601364,80.2121887207,77859,77875,16
13.0489597321,80.2068786621,78200,78230,30
13.0493803024,80.2068710327,78240,78257,17
12.9976501465,80.2559967041,20755,20785,30
13.0066204071,80.247543335,22400,22430,30
13.0276403427,80.2309799194,23056,23072,16
13.030380249,80.2283172607,23154,23174,20
13.0352602005,80.2086868286,23800,23820,20
13.0418100357,80.1935195923,24184,24200,16
13.0488395691,80.2070770264,24746,24766,20
13.0493097305,80.2083435059,26389,26405,16
13.0392599106,80.1968612671,27014,27034,20
13.0397796631,80.1932830811,27095,27113,18
13.0386896133,80.1928710938,27135,27155,20
13.0322599411,80.2203369141,27993,28013,20
13.0290298462,80.2242507935,28124,28144,20
13.030380249,80.2294921875,28305,28322,17
13.0239400864,80.2282562256,28546,28566,20
13.0080900192,80.2343292236,28889,28905,16
13.0068998337,80.2495727539,29240,29270,30
13.0002403259,80.2563400269,29613,29629,16
12.9973897934,80.2559585571,29662,29681,19
12.9968700409,80.2570114136,29712,29732,20
12.9962596893,80.2624969482,29804,29824,20
12.9962701797,80.2677230835,29895,29915,20
13.0001401901,80.2664031982,29975,29996,21
13.0003595352,80.2657165527,30016,30036,20
12.9962100983,80.2624893188,31539,31559,20
12.9987897873,80.2560195923,31731,31751,20
12.9994001389,80.2561187744,31822,31838,16
13.0066003799,80.2464828491,32425,32445,20
13.0074100494,80.2366867065,32617,32637,20
13.015250206,80.224822998,32909,32929,20
13.0155000687,80.2249832153,32929,32950,21
13.0192699432,80.224281311,33010,33030,20
13.0294103622,80.2308425903,33424,33454,30
13.0303602219,80.2283096313,33535,33555,20
13.0288095474,80.2240371704,33666,33686,20
13.030380249,80.2098922729,34120,34136,16
13.0352296829,80.2090682983,34299,34320,21
13.0376195908,80.1929092407,34642,34663,21
13.0387096405,80.1928482056,34693,34713,20
13.0417604446,80.194152832,34794,34810,16
13.0413799286,80.1966018677,34830,34852,22
13.0426597595,80.205406189,35074,35090,16
13.04708004,80.2118225098,35255,35275,20
13.0489597321,80.207359314,35406,35426,20
13.0392198563,80.1971588135,37021,37038,17
13.0360202789,80.2042388916,37362,37383,21
13.0320997238,80.2098083496,37645,37665,20
13.0321502686,80.2208099365,38020,38036,16
13.0306797028,80.2303314209,38311,38341,30
13.0278596878,80.2327575684,38534,38550,16
13.008020401,80.2344818115,39046,39066,20
13.0067195892,80.2438735962,39379,39399,20
13.0067300797,80.2445907593,39420,39436,16
13.0005598068,80.256477356,40053,40069,16
12.9996995926,80.2563171387,40069,40089,20
13.000120163,80.2665328979,40767,40784,17
12.9956903458,80.2673416138,42128,42148,20
12.9959201813,80.2654266357,42179,42195,16
12.9987897873,80.2560195923,42429,42449,20
12.9991998672,80.2561187744,42469,42489,20
13.0004301071,80.2563705444,42510,42530,20
13.0008602142,80.2564315796,42540,42560,20
13.0010004044,80.2565078735,42560,42590,30
13.0040397644,80.2570114136,42691,42721,30
13.005979538,80.2573623657,42762,42782,20
13.0060901642,80.2574234009,42782,42802,20
13.0060901642,80.2574234009,42802,42818,16
13.006529808,80.2532196045,42893,42912,19
13.0065803528,80.2464904785,43357,43377,20
13.0073795319,80.2368011475,43569,43589,20
13.0155601501,80.2250595093,43872,43892,20
13.0193004608,80.224281311,43952,43973,21
13.0260295868,80.2309494019,44144,44160,16
13.0285100937,80.2308807373,44213,44233,20
13.0284204483,80.2241210938,44505,44521,16
13.030380249,80.2145385742,44807,44827,20
13.0355501175,80.2065200806,45140,45156,16
13.0371198654,80.1962814331,45329,45350,21
13.0410003662,80.1992874146,45632,45652,20
13.0488796234,80.2070236206,46167,46187,20
13.0448198318,80.2124023438,46843,46873,30
13.0419902802,80.2053527832,47024,47040,16
13.0353803635,80.2083969116,47698,47718,20
13.0311203003,80.2093887329,47900,47916,16
13.0321998596,80.2198181152,48200,48221,21
13.0284795761,80.2270965576,48463,48479,16
13.0303602219,80.2279968262,48501,48521,20
13.0298595428,80.2308197021,48592,48612,20
13.023900032,80.2282104492,48804,48824,20
13.0198402405,80.2247314453,48895,48915,20
13.0142202377,80.2263183594,48986,49006,20
13.0135698318,80.226600647,49026,49042,16
13.0066995621,80.244102478,49296,49316,20
12.9956998825,80.2673416138,51223,51243,20
12.9961795807,80.2626800537,51324,51344,20
12.9986200333,80.2559432983,51546,51566,20
13.0073604584,80.2371063232,52262,52282,20
13.0111398697,80.2236404419,52474,52494,20
13.0193099976,80.2242584229,52676,52696,20
13.0242996216,80.2284011841,52807,52837,30
13.0304498672,80.2168884277,53501,53531,30
13.0303297043,80.2145767212,53562,53582,20
13.0304803848,80.2137069702,53602,53618,16
13.035200119,80.2090530396,53893,53909,16
13.03606987,80.2032623291,54052,54071,19
13.0370597839,80.1963577271,54174,54194,20
13.0415697098,80.1933364868,54335,54352,17
13.0409498215,80.1996917725,54485,54503,18
13.0442304611,80.2120285034,54737,54757,20
13.0442304611,80.2120285034,54757,54773,16
13.0488004684,80.2069702148,54987,55017,30
13.049539566,80.2122116089,55986,56006,20
13.044380188,80.2123718262,56067,56097,30
13.0372800827,80.1959762573,56611,56627,16
13.0363998413,80.2018203735,56711,56731,20
13.0343904495,80.2121200562,56943,56959,16
13.0325803757,80.2119369507,56959,56982,23
13.0306196213,80.2093582153,57062,57083,21
13.0300798416,80.2095413208,57103,57123,20
13.0198602676,80.2248382568,58125,58153,28
13.0067195892,80.2448883057,58627,58657,30
13.0068798065,80.2509536743,58789,58809,20
13.0066299438,80.2545623779,58869,58885,16
12.995639801,80.2675704956,60926,60947,21
12.998749733,80.2560424805,61300,61320,20
12.99903965,80.2560806274,61330,61350,20
13.0037899017,80.256942749,61471,61487,16
13.0073795319,80.2370376587,62145,62165,20
13.0111999512,80.2236175537,62347,62377,30
13.0193300247,80.224319458,62589,62609,20
13.0241804123,80.2282409668,62700,62720,20
13.0259199142,80.231262207,62882,62912,30
13.0280103683,80.226272583,63316,63332,16
13.0354499817,80.2070236206,64060,64076,16
13.0410299301,80.2051773071,64734,64754,20
13.049079895,80.2079086304,65218,65239,21
13.0493202209,80.2071075439,65337,65358,21
13.0408401489,80.2051773071,66822,66842,20
13.0395402908,80.1944732666,67114,67130,16
13.0314998627,80.2176589966,68001,68017,16
13.0311498642,80.2240982056,68172,68195,23
13.0297403336,80.2274093628,68338,68357,19
13.0299100876,80.2308731079,68511,68531,20
13.016699791,80.2254486084,69053,69074,21
13.0071001053,80.2392883301,69437,69457,20
13.0066995621,80.2460021973,69669,69699,30
13.0068397522,80.249458313,69750,69770,20
13.0045795441,80.2572402954,70062,70079,17
12.9960203171,80.2640609741,70424,70440,16
13.0000200272,80.2667236328,70543,70563,20
12.9956197739,80.267539978,71934,71954,20
13.0066003799,80.2409667969,72923,72953,30
13.0077295303,80.2351989746,73064,73080,16
13.015370369,80.2249298096,73326,73347,21
13.0258903503,80.2306594849,73589,73609,20
13.0301198959,80.2307434082,73780,73800,20
13.0304203033,80.2167663574,74307,74327,20
13.0387096405,80.1929016113,75054,75074,20
13.0413503647,80.1967163086,75205,75225,20
13.0409097672,80.1996078491,75286,75302,16
13.0443000793,80.2122573853,75566,75586,20
13.0469999313,80.2119369507,75637,75657,20
13.0487003326,80.2071609497,75798,75819,21
13.0495195389,80.2122421265,76828,76848,20
13.0493202209,80.2122192383,76858,76874,16
13.0440397263,80.208480835,77017,77034,17
13.0368099213,80.198638916,77522,77542,20
13.0300598145,80.2098007202,77978,77994,16
13.032119751,80.2207794189,78269,78285,16
13.0295000076,80.2308578491,78612,78628,16
13.0270996094,80.232963562,78691,78711,20
12.9991998672,80.2562408447,79640,79660,20
13.0000696182,80.2665863037,79983,80003,20
12.9987401962,80.2561264038,80245,80265,20
12.9987401962,80.2561264038,80265,80281,16
13.0990600586,80.2412796021,22238,22258,20
13.0988302231,80.2416610718,22299,22319,20
13.1000099182,80.2263870239,23155,23171,16
13.1002902985,80.2148208618,23355,23375,20
13.0958404541,80.2210388184,23536,23552,16
13.0888299942,80.2309112549,23706,23726,20
13.0824203491,80.2335968018,23847,23868,21
13.0620603561,80.2453536987,24524,24540,16
13.0240802765,80.2283401489,25430,25450,20
13.0207796097,80.2252731323,25521,25537,16
13.0069198608,80.2401580811,25823,25843,20
12.9968395233,80.2568969727,26439,26455,16
13.0000200272,80.2667694092,26669,26699,30
12.9960298538,80.2647399902,27184,27200,16
12.996919632,80.2560119629,27323,27353,30
12.9988803864,80.2560577393,27394,27414,20
13.0066003799,80.2464981079,27969,27989,20
13.0154695511,80.2249908447,28403,28423,20
13.0202198029,80.224861145,28484,28500,16
13.0294303894,80.2308807373,28694,28714,20
13.0348796844,80.2303466797,28866,28886,20
13.046620369,80.2396469116,29300,29320,20
13.0568599701,80.2425918579,29623,29643,20
13.0660104752,80.2435302734,29835,29851,16
13.0700902939,80.2421035767,29893,29913,20
13.0764503479,80.2373199463,30075,30095,20
13.0759296417,80.234588623,30145,30162,17
13.0761098862,80.2337875366,30162,30184,22
13.0763397217,80.2337799072,30184,30204,20
13.0778398514,80.2335662842,30244,30265,21
13.0780801773,80.233581543,30265,30295,30
13.0787296295,80.233543396,30315,30335,20
13.0841398239,80.2340011597,30517,30537,20
13.091509819,80.2272186279,30719,30739,20
13.0982198715,80.2145614624,30991,31012,21
13.0982904434,80.2144012451,31012,31042,30
13.1003398895,80.2145690918,31102,31123,21
13.1002397537,80.2151489258,31224,31244,20
13.091170311,80.2276916504,32586,32607,21
13.0888004303,80.2309799194,32677,32707,30
13.082400322,80.2336273193,32879,32899,20
13.0794897079,80.2334899902,32950,32970,20
13.0794897079,80.2334899902,32970,32986,16
13.0760202408,80.2339019775,33018,33039,21
13.0765199661,80.2372817993,33090,33110,20
13.0785198212,80.2516403198,33352,33373,21
13.0693101883,80.2432785034,33585,33605,20
13.0677604675,80.2465286255,33837,33857,20
13.0538702011,80.2422637939,34281,34301,20
13.04529953,80.2326202393,34705,34721,16
13.0250101089,80.2294769287,35510,35530,20
13.024140358,80.2284088135,35570,35590,20
13.0082397461,80.2336120605,35944,35960,16
13.0071201324,80.2391967773,36184,36214,30
13.0067501068,80.2415618896,36275,36305,30
13.0068702698,80.2496490479,36557,36577,20
13.006819725,80.2512207031,36608,36628,20
13.0066699982,80.2571487427,36739,36769,30
13.003080368,80.2568206787,36840,36856,16
12.9969100952,80.2562637329,37021,37044,23
13.000120163,80.2665176392,37338,37367,29
12.9968996048,80.2561721802,37992,38013,21
12.9989299774,80.2560195923,38063,38083,20
13.0010499954,80.256439209,38144,38174,30
13.0062503815,80.2574234009,38305,38321,16
13.0065898895,80.2415771484,38616,38636,20
13.0193901062,80.224319458,39081,39101,20
13.0203104019,80.2249679565,39141,39161,20
13.0215301514,80.2259674072,39222,39242,20
13.0228796005,80.2270202637,39323,39353,30
13.0239496231,80.2279663086,39404,39434,30
13.028840065,80.2308731079,39626,39646,20
13.02987957,80.230758667,39676,39696,20
13.0341796875,80.2369613647,40060,40090,30
13.0358600616,80.2393264771,40171,40187,16
13.0441999435,80.2408370972,40310,40330,20
13.0523195267,80.2408065796,40562,40582,20
13.0601100922,80.2427215576,40784,40800,16
13.0950803757,80.2230606079,41772,41789,17
13.0964097977,80.2192306519,41852,41872,20
13.1004695892,80.2145767212,42115,42145,30
13.0889396667,80.2305603027,43215,43231,16
13.0837602615,80.23387146,43344,43364,20
13.0833501816,80.2338027954,43374,43393,19
13.0570402145,80.2428131104,44526,44556,30
13.0558204651,80.2422790527,44587,44603,16
13.0458803177,80.2328109741,44999,45020,21
13.0454797745,80.2326889038,45020,45040,20
13.0369796753,80.2308273315,45141,45161,20
13.0143003464,80.226272583,45756,45777,21
13.0069103241,80.2396697998,45989,46019,30
13.0067195892,80.2464599609,46200,46217,17
13.0068101883,80.2496414185,46249,46269,20
13.0072002411,80.2587280273,47046,47066,20
13.0067100525,80.2405166626,47531,47561,30
13.0074396133,80.2367172241,47622,47642,20
13.0157203674,80.2251815796,47965,47981,16
13.0344295502,80.2342681885,48528,48548,20
13.0342798233,80.2373962402,48599,48619,20
13.0348796844,80.2385482788,48740,48760,20
13.044090271,80.2408828735,49023,49043,20
13.0540800095,80.2422409058,49334,49355,21
13.0564002991,80.2425613403,49395,49425,30
13.0564002991,80.2425613403,49425,49444,19
13.0624504089,80.2433166504,49578,49598,20
13.0658903122,80.2434234619,49709,49730,21
13.070110321,80.2421264648,49783,49803,20
13.0764503479,80.2372970581,50086,50107,21
13.0757703781,80.2340164185,50167,50187,20
13.0954704285,80.2219772339,50752,50769,17
13.0972204208,80.2169723511,50842,50863,21
13.0983200073,80.2143173218,50903,50923,20
13.100279808,80.2145385742,50974,50994,20
13.1005096436,80.2146377563,51004,51024,20
13.0896997452,80.2292175293,52387,52403,16
13.0823497772,80.2336196899,52608,52628,20
13.0764102936,80.2337417603,52739,52759,20
13.0764303207,80.2372207642,52840,52870,30
13.0693397522,80.2433319092,53314,53334,20
13.0693397522,80.2432403564,53344,53361,17
13.0676298141,80.2479171753,53487,53510,23
13.0571899414,80.2428131104,53816,53836,20
13.0462503433,80.2392578125,54149,54165,16
13.0338001251,80.2303924561,54530,54551,21
13.0299196243,80.2307662964,54611,54641,30
13.0198802948,80.2247619629,54985,55005,20
13.0067796707,80.2511291504,55561,55581,20
13.0058898926,80.2574615479,55712,55728,16
13.0000095367,80.2563095093,55852,55882,30
12.9972000122,80.2559585571,55942,55963,21
12.9959697723,80.2646026611,56124,56140,16
13.0002698898,80.2664031982,56658,56678,20
12.9981603622,80.2674713135,56749,56765,16
13.0016298294,80.2566223145,57181,57197,16
13.0065498352,80.2534408569,57371,57391,20
13.0073900223,80.2369003296,57946,57974,28
13.021900177,80.2261810303,58368,58388,20
13.0290803909,80.2308883667,58580,58599,19
13.0343704224,80.230430603,58711,58731,20
13.0341796875,80.237121582,58862,58883,21
13.044380188,80.240737915,59155,59175,20
13.0523796082,80.2408370972,59367,59387,20
13.0540599823,80.2423019409,59440,59460,20
13.0624599457,80.2434005737,59652,59672,20
13.0699195862,80.2421722412,59844,59874,30
13.0765800476,80.2381591797,60015,60036,21
13.0764198303,80.2373428345,60066,60096,30
13.0767602921,80.2337265015,60177,60197,20
13.0802898407,80.2335510254,60257,60278,21
13.0840902328,80.2340011597,60469,60490,21
13.0888900757,80.2305221558,60611,60641,30
13.0914201736,80.2273406982,60692,60722,30
13.0887699127,80.2309799194,62095,62111,16
13.0824403763,80.2336273193,62233,62253,20
13.0678195953,80.2465896606,62952,62972,20
13.0663900375,80.2478637695,63012,63028,16
13.0587997437,80.2425765991,63314,63334,20
13.0538597107,80.2422790527,63435,63465,30
13.0509004593,80.2405014038,63617,63637,20
13.0471601486,80.2351837158,63808,63825,17
13.0473203659,80.2336120605,63825,63847,22
13.0334300995,80.2304382324,64311,64331,20
13.0297002792,80.2308731079,64422,64442,20
13.0268297195,80.233001709,64523,64543,20
13.025970459,80.2314529419,64594,64610,16
13.0240602493,80.2284011841,64652,64672,20
13.0141601563,80.2264022827,64834,64854,20
13.0082197189,80.2336502075,64965,64985,20
13.0067501068,80.2473220825,65420,65440,20
12.9997701645,80.2563323975,65833,65853,20
12.9959402084,80.2649688721,67398,67414,16
12.9987401962,80.2560882568,67688,67709,21
13.006529808,80.2551193237,68274,68294,20
13.0066099167,80.2470321655,69072,69092,20
13.0065498352,80.2415008545,69334,69354,20
13.0074100494,80.2367706299,69496,69516,20
13.0113096237,80.223449707,69758,69788,30
13.0236597061,80.2277374268,70132,70162,30
13.0253601074,80.2299423218,70233,70253,20
13.0258398056,80.230796814,70293,70309,16
13.0401096344,80.239982605,70907,70927,20
13.0430898666,80.2409362793,71008,71024,16
13.0537996292,80.2422485352,71369,71389,20
13.062330246,80.2433776855,71642,71662,20
13.0626296997,80.2434234619,71672,71688,16
13.0764703751,80.2378387451,72044,72064,20
13.076379776,80.237487793,72074,72094,20
13.0756902695,80.2339782715,72155,72175,20
13.0839996338,80.2340316772,72427,72457,30
13.0860204697,80.2345199585,72498,72514,16
13.099029541,80.2142333984,72902,72918,16
13.076789856,80.2389831543,74154,74170,16
13.0341596603,80.23046875,75563,75584,21
13.0271701813,80.232963562,75807,75827,20
13.0065097809,80.2534408569,77018,77048,30
13.0064897537,80.252822876,77089,77109,20
13.0076999664,80.2353591919,77392,77408,16
13.0349502563,80.2305831909,78046,78066,20
13.0539598465,80.2422714233,78571,78601,30
13.0568599701,80.2426528931,78651,78672,21
13.0601301193,80.2427902222,78742,78759,17
13.0624799728,80.2433776855,78790,78811,21
13.0764799118,80.237487793,79125,79145,20
13.0764398575,80.237197876,79155,79171,16
13.0881996155,80.2325592041,79478,79494,16
13.095199585,80.2227020264,79638,79656,18
13.100230217,80.2145385742,79779,79809,30
12.9973201752,80.2164001465,23178,23194,16
12.9692296982,80.2183380127,23690,23706,16
12.9518699646,80.2113723755,23869,23887,18
12.9337501526,80.203918457,24071,24091,20
12.9227399826,80.1520004272,24998,25028,30
12.9224796295,80.1433563232,25139,25169,30
12.9224700928,80.141960144,25200,25216,16
12.9232196808,80.1205596924,25460,25480,20
12.92345047,80.1169433594,25530,25556,26
12.922539711,80.1434173584,26657,26677,20
12.9225702286,80.1451187134,26708,26724,16
12.9171600342,80.1928329468,27293,27309,16
12.9340496063,80.2038879395,27674,27694,20
12.9760103226,80.2211837769,28400,28430,30
12.9802398682,80.2210388184,28511,28539,28
13.0196895599,80.2245025635,29385,29406,21
13.0305900574,80.230682373,29637,29653,16
13.0345201492,80.2303695679,29706,29736,30
13.0345201492,80.2297592163,29787,29817,30
13.0144996643,80.2262573242,30785,30805,20
13.0082101822,80.2133407593,31078,31108,30
12.9833698273,80.2222824097,31713,31734,21
12.9757499695,80.2211227417,31875,31905,30
12.9721803665,80.2194824219,31986,32002,16
12.9712600708,80.2192001343,32002,32024,22
12.917140007,80.1941986084,33033,33063,30
12.917550087,80.1895370483,33194,33210,16
12.9199104309,80.1826095581,33303,33323,20
12.9224796295,80.1379089355,34057,34073,16
12.923500061,80.1168289185,35116,35136,20
12.9225196838,80.1443405151,36103,36119,16
12.9233598709,80.1545333862,36232,36252,20
12.9233903885,80.1597518921,36323,36339,16
12.9206199646,80.1858596802,36725,36741,16
12.9171199799,80.1930999756,36844,36864,20
12.9442796707,80.2082824707,37428,37449,21
12.9760103226,80.2211380005,38134,38154,20
12.9832801819,80.22215271,38315,38331,16
13.0078201294,80.2129592896,38857,38884,27
13.0222997665,80.2264099121,39411,39431,20
13.0236196518,80.2276611328,39532,39562,30
13.0256795883,80.23021698,39663,39693,30
13.0290002823,80.2309036255,39834,39864,30
13.0294599533,80.2308502197,39884,39904,20
13.0345401764,80.2303390503,40035,40052,17
13.0198898315,80.2248535156,41052,41072,20
13.012169838,80.2210617065,41334,41351,17
12.9972200394,80.2164916992,41675,41692,17
12.9840898514,80.2227401733,41947,41977,30
12.9838399887,80.2225799561,41987,42008,21
12.9756803513,80.2210998535,42219,42239,20
12.9760303497,80.2211685181,47683,47703,20
12.9861097336,80.2229537964,47945,47961,16
13.007809639,80.2130203247,48437,48467,30
13.02643013,80.2312164307,48912,48928,16
13.0291900635,80.230796814,48950,48980,30
13.0310001373,80.230682373,49272,49293,21
13.0274896622,80.2328033447,49424,49444,20
13.0266103745,80.2330093384,49474,49490,16
13.0148496628,80.2259902954,49744,49764,20
13.0143299103,80.2258300781,50075,50095,20
13.0129699707,80.2240524292,50367,50383,16
13.0298299789,80.2308425903,51401,51421,20
13.0278596878,80.2310714722,51471,51487,16
13.0104103088,80.2162628174,52115,52131,16
13.0081796646,80.2133102417,52184,52204,20
12.9841995239,80.2227325439,52658,52679,21
12.9833498001,80.2222213745,52699,52719,20
12.9755496979,80.2208862305,52840,52860,20
12.9739303589,80.2200088501,52890,52906,16
12.9441795349,80.2083511353,53212,53232,20
12.9171800613,80.1918029785,53848,53864,16
12.9279003143,80.1987380981,57204,57220,16
12.9831600189,80.2221374512,58249,58265,16
12.9973402023,80.2161865234,58560,58580,20
13.0077400208,80.2129974365,58812,58842,30
13.015080452,80.224647522,59013,59033,20
13.017780304,80.2248535156,59094,59110,16
13.0218000412,80.2260818481,59184,59203,19
13.0243501663,80.228477478,59254,59274,20
13.0313796997,80.2306976318,59497,59513,16
13.0349197388,80.2302093506,59626,59656,30
13.026889801,80.233001709,60745,60775,30
13.0243301392,80.2287063599,60876,60906,30
13.0231304169,80.2274475098,60936,60964,28
13.0150499344,80.2260437012,61105,61125,20
13.0086698532,80.2137069702,61429,61459,30
13.0085096359,80.2135620117,61459,61479,20
13.0083398819,80.2134170532,61479,61500,21
13.0079803467,80.213218689,61520,61540,20
12.987159729,80.2230834961,62013,62034,21
12.9769802094,80.2212982178,62296,62316,20
12.9766702652,80.2212600708,62316,62346,30
12.975979805,80.2212905884,62366,62386,20
12.9758501053,80.2212219238,62396,62417,21
12.9172201157,80.1915588379,63455,63475,20
12.9188995361,80.1876983643,63545,63561,16
12.9233999252,80.158782959,63926,63942,16
12.9228801727,80.1267623901,64449,64465,16
12.9231395721,80.12084198,64508,64528,20
12.9233503342,80.1211166382,64791,64811,20
12.9225597382,80.1435394287,66424,66440,16
12.9233198166,80.1604614258,66704,66720,16
12.920630455,80.185256958,67015,67035,20
12.9182796478,80.1953582764,67287,67303,16
12.9470596313,80.2094497681,67860,67876,16
12.9711999893,80.2190170288,68311,68331,20
12.9761400223,80.2212982178,68581,68601,20
12.9870195389,80.2230682373,68894,68914,20
12.9975299835,80.2161407471,69186,69206,20
13.007610321,80.212928772,69408,69428,20
13.0081396103,80.2132797241,69559,69589,30
13.0097799301,80.2151565552,69710,69726,16
13.0217695236,80.2260665894,70030,70047,17
13.0236797333,80.2277526855,70129,70149,20
13.0344295502,80.2304534912,70575,70605,30
13.0341300964,80.2303390503,71059,71089,30
13.0249700546,80.2295379639,71472,71502,30
13.0242595673,80.2286682129,71532,71548,16
13.0230197906,80.2274627686,71560,71581,21
13.0144395828,80.2262573242,71772,71792,20
13.010140419,80.2261962891,71903,71923,20
13.0089998245,80.2142333984,72165,72185,20
13.0086803436,80.2138290405,72236,72256,20
13.0078201294,80.2131729126,72367,72387,20
13.0022201538,80.2123336792,72488,72504,16
12.9959602356,80.2167434692,72788,72808,20
12.983710289,80.2225799561,73131,73151,20
12.9832296371,80.2222290039,73171,73191,20
12.9756202698,80.2211608887,73393,73413,20
12.9701004028,80.2187576294,73524,73540,16
12.9287900925,80.2027282715,74177,74197,20
12.9171800613,80.1918869019,74630,74650,20
12.9199399948,80.1829223633,74802,74818,16
12.922659874,80.130897522,75626,75642,16
12.9231100082,80.1206893921,75775,75805,30
12.9233398438,80.1169586182,75856,75876,20
12.9227399826,80.1521224976,76793,76809,16
12.9171199799,80.1930770874,77335,77354,19
13.0294103622,80.2308197021,79433,79449,16
13.0336904526,80.2304763794,79553,79574,21
13.0347700119,80.2302703857,79705,79735,30
13.0264596939,80.2329864502,79997,80013,16
13.0148000717,80.2260131836,80197,80223,26
13.0141801834,80.2254562378,80255,80285,30
13.0680303574,80.2052612305,40620,40650,30
13.0652599335,80.2112503052,40851,40872,21
13.0381002426,80.2125320435,41356,41386,30
13.0344600677,80.2122192383,41479,41509,30
13.0294904709,80.2089004517,41641,41661,20
13.0190696716,80.2063369751,41822,41842,20
13.0172300339,80.2056503296,41873,41893,20
13.0175199509,80.2057113647,41893,41913,20
13.0175104141,80.2057723999,42024,42044,20
12.9784297943,80.2190628052,44078,44098,20
12.9764404297,80.2200164795,44118,44139,21
12.9759597778,80.2201004028,44169,44189,20
12.9757499695,80.2203826904,44240,44260,20
12.9756498337,80.2204437256,44260,44290,30
12.9800796509,80.2186126709,46006,46022,16
12.9878797531,80.2181625366,46146,46166,20
12.9897003174,80.2145996094,46237,46257,20
12.991979599,80.2126693726,46307,46337,30
12.9965200424,80.2143783569,46801,46821,20
12.9964799881,80.2146224976,46821,46842,21
12.9964599609,80.2147903442,46842,46862,20
13.0076599121,80.2070388794,47306,47326,20
13.0349302292,80.2112503052,47820,47841,21
13.0363998413,80.212272644,47891,47911,20
13.057220459,80.2114868164,48373,48394,21
13.051779747,80.2121887207,49343,49359,16
13.0322504044,80.2099227905,49775,49791,16
13.0354995728,80.2058181763,49914,49944,30
13.0357503891,80.2122192383,52649,52665,16
12.9959497452,80.2164382935,57939,57959,20
13.0297498703,80.2666320801,20134,20155,21
13.0215597153,80.2258682251,21202,21218,16
13.0239696503,80.2282409668,24045,24065,20
13.0201101303,80.224899292,24136,24156,20
13.0174598694,80.2249908447,24207,24223,16
13.0164899826,80.2597427368,24800,24820,20
13.0202503204,80.2626419067,24871,24891,20
13.0293302536,80.2653198242,25133,25149,16
13.033829689,80.2678833008,25252,25272,20
13.0345602036,80.268157959,25303,25333,30
13.0279798508,80.2662582397,26211,26227,16
13.0066404343,80.2577285767,26634,26650,16
13.0066404343,80.2478866577,26833,26854,21
13.0114297867,80.2232284546,27156,27177,21
13.0299100876,80.2308273315,29415,29435,20
13.008939743,80.2295379639,29869,29885,16
13.0082101822,80.2336883545,29908,29928,20
13.0068702698,80.2406005859,30019,30039,20
13.0068798065,80.2495422363,30170,30190,20
13.0077295303,80.2587280273,30372,30400,28
13.0177698135,80.2606277466,30544,30567,23
13.0338001251,80.2678909302,30953,30973,20
13.0300197601,80.2666625977,32033,32053,20
13.0267801285,80.2660369873,32124,32144,20
13.0254001617,80.2654266357,32174,32200,26
13.0222597122,80.2634963989,32254,32273,19
13.0067501068,80.2499313354,32820,32850,30
13.0066099167,80.2467498779,33062,33082,20
13.0167999268,80.2252883911,33809,33825,16
13.0224895477,80.2266464233,33989,34009,20
13.0226802826,80.2268218994,34009,34039,30
13.0229701996,80.2272109985,34059,34085,26
13.0232400894,80.2275009155,34085,34108,23
13.0340795517,80.2304382324,34452,34482,30
13.0345001221,80.2303771973,34502,34522,20
13.0347700119,80.2303085327,34573,34589,16
13.0310001373,80.230682373,35237,35253,16
13.0300102234,80.2307815552,35265,35295,30
13.0278396606,80.2317962646,35356,35386,30
13.0240001678,80.2282791138,35750,35780,30
13.0202198029,80.2249832153,35861,35891,30
13.0143299103,80.2262496948,35982,36002,20
13.0082597733,80.2335205078,36163,36183,20
13.0068502426,80.2495880127,36849,36870,21
13.0068397522,80.2510299683,36920,36940,20
13.0232400894,80.2639923096,37424,37440,16
13.0335903168,80.267829895,37756,37786,30
13.0330600739,80.2678070068,38310,38330,20
13.026260376,80.2659225464,38481,38497,16
13.0253295898,80.2653884888,38497,38517,20
13.0070800781,80.2584609985,38893,38913,20
13.0064697266,80.2532196045,39115,39131,16
13.0112895966,80.2235183716,39689,39709,20
13.0216999054,80.2260284424,40002,40023,21
13.0238304138,80.2278366089,40136,40166,30
13.0284700394,80.2308578491,40368,40388,20
13.0287303925,80.2309036255,40388,40408,20
13.0305700302,80.23072052,40469,40489,20
13.0245895386,80.2290878296,41933,41953,20
13.0240001678,80.2283172607,41974,41994,20
13.0206403732,80.2253265381,42085,42101,16
13.0068502426,80.2400283813,42528,42558,30
13.0067996979,80.251373291,42800,42830,30
13.016500473,80.259727478,43204,43224,20
13.0266199112,80.2640380859,43496,43516,20
13.0285797119,80.2638778687,43577,43593,16
13.0291700363,80.2659835815,43656,43676,20
13.0314998627,80.2669906616,43757,43777,20
13.0338001251,80.2678985596,43857,43878,21
13.0337095261,80.2679290771,44090,44120,30
13.0296001434,80.2666091919,44535,44555,20
13.0253400803,80.2654266357,44646,44666,20
13.0222101212,80.2634963989,44726,44755,29
13.0067901611,80.2507095337,45462,45492,30
13.0068597794,80.2503585815,45492,45522,30
13.0074300766,80.2367019653,45795,45815,20
13.0112600327,80.2234802246,45966,45987,21
13.0248098373,80.2291412354,46319,46336,17
13.0282297134,80.2309188843,46418,46439,21
13.0278301239,80.2310028076,49546,49562,16
13.0239601135,80.2282867432,49836,49856,20
13.0082397461,80.2334976196,50210,50240,30
13.0163002014,80.2595977783,50906,50926,20
13.022190094,80.2634963989,51057,51077,20
13.0225496292,80.2636795044,51087,51103,16
13.0264902115,80.2640762329,51227,51247,20
13.0252504349,80.2652816772,52630,52651,21
13.0220804214,80.2633285522,52722,52741,19
13.0071401596,80.2586669922,53025,53045,20
13.0066404343,80.2464294434,53527,53547,20
13.0073795319,80.2367630005,53709,53729,20
13.0217599869,80.2259979248,54163,54183,20
13.0248203278,80.2291564941,54254,54270,16
13.0283002853,80.2307815552,54383,54403,20
13.0291795731,80.2307662964,54423,54443,20
13.0341901779,80.2303085327,56056,56076,20
13.0334997177,80.2304916382,56096,56117,21
13.027680397,80.2314910889,56278,56294,16
13.0241003036,80.2284164429,56478,56498,20
13.0209302902,80.2254333496,56569,56585,16
13.0142698288,80.2262802124,56688,56708,20
13.0068798065,80.240447998,56930,56950,20
13.0067195892,80.2425918579,56990,57006,16
13.007610321,80.2586669922,57291,57311,20
13.0201797485,80.262588501,57522,57542,20
13.0228796005,80.2637786865,57614,57634,20
13.0260095596,80.2657928467,57695,57715,20
13.0322904587,80.2673721313,57987,58017,30
13.0322904587,80.2673721313,58017,58034,17
13.0329999924,80.2676925659,58046,58066,20
13.0335197449,80.267906189,58147,58167,20
13.0221004486,80.263420105,59459,59478,19
13.015999794,80.2596588135,59610,59630,20
13.0099201202,80.2593231201,59711,59731,20
13.008020401,80.2592468262,59781,59798,17
13.0072202682,80.2587890625,59798,59820,22
13.0072097778,80.2379074097,60435,60451,16
13.007349968,80.2370376587,60451,60474,23
13.0154399872,80.2249984741,60808,60838,30
13.0211601257,80.2255935669,60959,60975,16
13.0220403671,80.2262268066,60975,60997,22
13.0244998932,80.2287063599,61190,61210,20
13.0246400833,80.2289199829,61220,61237,17
13.0334396362,80.23046875,62517,62537,20
13.0300397873,80.2308120728,62608,62628,20
13.0262804031,80.2327728271,62850,62870,20
13.0239696503,80.2282409668,63022,63052,30
13.013999939,80.2265014648,63254,63274,20
13.0092697144,80.2283782959,63345,63361,16
13.0068702698,80.2407302856,63605,63625,20
13.0067195892,80.2431335449,63666,63696,30
13.0164403915,80.2597198486,64299,64320,21
13.0256900787,80.2657165527,64562,64582,20
13.0291996002,80.2663269043,64824,64844,20
13.0323696136,80.2674789429,64915,64935,20
13.0344295502,80.2680511475,65036,65055,19
13.029419899,80.2666625977,65561,65581,20
13.0252504349,80.2654418945,65712,65742,30
13.0098600388,80.2593002319,66186,66207,21
13.0066003799,80.2457580566,67912,67932,20
13.0065803528,80.2440719604,68003,68023,20
13.0073604584,80.2368392944,68286,68306,20
13.0155601501,80.225112915,68780,68810,30
13.0220403671,80.2262878418,68962,68992,30
13.0232496262,80.2274627686,69063,69079,16
13.0338602066,80.2305831909,69656,69686,30
13.0334796906,80.2305297852,70393,70413,20
13.0297803879,80.2309036255,70504,70524,20
13.0250301361,80.2296905518,70766,70782,16
13.0239295959,80.2283325195,70814,70835,21
13.0141801834,80.2263717651,71037,71067,30
13.007900238,80.2350234985,71248,71265,17
13.0067901611,80.2406463623,71519,71539,20
13.0066299438,80.2437973022,71620,71640,20
13.0068302155,80.2495574951,71771,71791,20
13.0066204071,80.2570419312,71902,71923,21
13.0155601501,80.2593536377,72064,72080,16
13.0229301453,80.2638931274,72253,72274,21
13.0265197754,80.2638092041,72405,72421,16
13.0291404724,80.2664718628,72585,72605,20
13.0339803696,80.2680282593,72867,72887,20
13.015999794,80.2596969604,73518,73539,21
13.0065698624,80.2482223511,74064,74084,20
13.0065498352,80.2468109131,74114,74135,21
13.0152101517,80.224937439,74599,74619,20
13.0219497681,80.2262573242,74740,74760,20
13.0284700394,80.2309417725,74932,74952,20
13.0280599594,80.231010437,75960,75976,16
13.0268297195,80.2329788208,76029,76059,30
13.0239295959,80.2282867432,76160,76180,20
13.0139398575,80.2264404297,76412,76428,16
13.0292100906,80.2650680542,77611,77628,17
13.0338001251,80.2679290771,77751,77771,20
13.0345096588,80.2682113647,77811,77841,30
13.0290899277,80.2664489746,78336,78352,16
13.0065603256,80.252281189,79031,79051,20
13.006649971,80.2462997437,79162,79179,17
13.0112800598,80.2234420776,79464,79484,20
13.0154600143,80.2249679565,79616,79632,16
13.0278701782,80.2309799194,79906,79922,16
13.0081701279,80.2133178711,24530,24560,30
12.9840803146,80.2226486206,25014,25030,16
12.9832496643,80.2221908569,25030,25050,20
12.975689888,80.2210388184,25184,25204,20
12.9225597382,80.1481781006,26767,26784,17
12.9231901169,80.1205215454,27129,27159,30
12.92345047,80.1169891357,27209,27229,20
12.9233598709,80.1974105835,29176,29196,20
12.9331798553,80.2037277222,29418,29435,17
12.9710998535,80.2189331055,30092,30112,20
12.976099968,80.2212219238,30304,30334,30
12.9865398407,80.2229614258,30556,30572,16
12.99036026,80.2204437256,30635,30654,19
12.9936599731,80.2179489136,30715,30736,21
12.9938402176,80.2178268433,30746,30765,19
13.0078601837,80.2130432129,31168,31188,20
13.0153999329,80.2248764038,31391,31411,20
13.0197095871,80.2245025635,31472,31502,30
13.0241804123,80.2281799316,31613,31633,20
13.0257797241,80.2304077148,31694,31710,16
13.0311899185,80.2306594849,33599,33629,30
13.0278396606,80.2309875488,33700,33716,16
13.0230998993,80.227432251,34203,34223,20
13.0079097748,80.2131576538,35000,35020,20
13.0026903152,80.212097168,35131,35147,16
12.9832401276,80.2221679688,35605,35625,20
12.9757003784,80.2210693359,35767,35797,30
12.971039772,80.2191696167,35898,35918,20
12.9411201477,80.2060928345,36301,36321,20
12.9383001328,80.205116272,36382,36398,16
12.9295797348,80.202796936,36532,36552,20
12.9243001938,80.1975021362,36693,36710,17
12.9172401428,80.1913299561,36994,37014,20
12.9224596024,80.143447876,37640,37670,30
12.92345047,80.1169586182,38054,38074,20
12.9230604172,80.1251983643,38498,38518,20
12.9234304428,80.1546325684,38972,38992,20
12.9233198166,80.1603393555,39063,39083,20
12.922539711,80.162689209,39123,39139,16
12.9199104309,80.1709823608,39212,39232,20
12.9206895828,80.1854476929,39424,39444,20
12.9233102798,80.1973800659,39787,39817,30
12.9251804352,80.1974563599,39847,39868,21
12.9294099808,80.2026977539,39978,39999,21
12.9339895248,80.2038726807,40079,40099,20
12.9443798065,80.2083435059,40261,40281,20
12.9479703903,80.2097625732,40341,40358,17
12.9712400436,80.218963623,40603,40623,20
12.9759197235,80.2210617065,40724,40754,30
12.9950799942,80.2169876099,41147,41164,17
13.0078601837,80.2130279541,41418,41438,20
13.022190094,80.226348877,41761,41781,20
13.0255203247,80.2300033569,41922,41938,16
13.0347204208,80.2303237915,42172,42202,30
13.0341701508,80.2299804688,43635,43665,30
13.0231599808,80.2274627686,44139,44159,20
13.0221796036,80.2264785767,44199,44215,16
13.0144796371,80.2262496948,44310,44330,20
13.0016899109,80.2126617432,44744,44760,16
12.9757204056,80.2211227417,45317,45347,30
12.944270134,80.2084274292,45720,45740,20
12.9337701797,80.2039718628,45912,45932,20
12.9295701981,80.2028121948,46003,46023,20
12.9220304489,80.197303772,46184,46200,16
12.9172697067,80.1913604736,46334,46355,21
12.9198999405,80.1825332642,46486,46506,20
12.9233798981,80.1550064087,46829,46849,20
12.9224596024,80.1434783936,47030,47051,21
12.9226799011,80.1312026978,47232,47262,30
12.9231595993,80.1205368042,47383,47404,21
12.9231901169,80.1204376221,47404,47434,30
12.9232501984,80.1211013794,47615,47635,20
12.9225196838,80.1436309814,48190,48210,20
12.9232997894,80.1543273926,48331,48348,17
12.9205999374,80.1852035522,48753,48773,20
12.9171199799,80.1931610107,48904,48924,20
12.9294099808,80.2026977539,49177,49193,16
12.9399795532,80.2055587769,49386,49407,21
12.9446496964,80.2084579468,49517,49534,17
12.9745798111,80.2204208374,49889,49909,20
12.9755401611,80.2208023071,49939,49959,20
12.9759902954,80.2212219238,49969,49989,20
12.9903802872,80.2203979492,50292,50322,30
13.0155296326,80.2249984741,51018,51038,20
13.0219697952,80.2261428833,51159,51180,21
13.0145902634,80.2257080078,52813,52834,21
13.0341396332,80.230430603,53891,53911,20
13.0282402039,80.2309875488,54032,54048,16
13.0271501541,80.2329330444,54090,54110,20
13.0237102509,80.2279663086,54262,54278,16
13.0229902267,80.2274093628,54300,54330,30
13.0105800629,80.225151062,54624,54644,20
13.0079803467,80.213218689,54886,54916,30
13.0032196045,80.2121200562,54997,55017,20
12.9440898895,80.2083511353,56106,56127,21
12.9372301102,80.204826355,56258,56274,16
12.9294996262,80.2027816772,56357,56377,20
12.9275598526,80.1982803345,56447,56464,17
12.9226999283,80.1522216797,57222,57242,20
12.9231901169,80.1202011108,57706,57726,20
12.9234304428,80.1170425415,57777,57807,30
12.9230699539,80.1257324219,59036,59052,16
12.917140007,80.1932067871,60064,60084,20
12.9231595993,80.1974182129,60215,60235,20
12.925160408,80.1975021362,60276,60294,18
12.929400444,80.2027282715,60398,60418,20
12.9341096878,80.203918457,60509,60529,20
12.944439888,80.2083969116,60690,60710,20
12.9524698257,80.2115478516,60831,60848,17
12.9743995667,80.2203063965,61172,61193,21
12.9762201309,80.2212982178,61304,61324,20
12.9818696976,80.2215423584,61455,61475,20
12.990530014,80.2202835083,61768,61788,20
12.991979599,80.2191925049,61858,61874,16
12.9974498749,80.2161712646,61947,61966,19
13.022069931,80.2262268066,62552,62572,20
13.025639534,80.2301712036,62704,62734,30
13.0277996063,80.2309875488,62835,62855,20
13.0334100723,80.2305297852,63068,63088,20
13.0349197388,80.2301864624,63128,63158,30
13.0309200287,80.230758667,64026,64042,16
13.0235996246,80.2278823853,64357,64373,16
13.0231599808,80.2275238037,64373,64395,22
13.0082798004,80.2134170532,65010,65030,20
12.9914798737,80.2196731567,65525,65541,16
12.9833402634,80.2222824097,65757,65777,20
12.9708995819,80.2191696167,66130,66160,30
12.9411096573,80.2061309814,66574,66594,20
12.9294300079,80.2028121948,66807,66827,20
12.9172401428,80.1913375854,67321,67351,30
12.9198703766,80.1826019287,67523,67543,20
12.9224796295,80.146232605,68178,68195,17
12.9223403931,80.1415863037,68328,68348,20
12.9231595993,80.1202163696,68701,68721,20
12.9234600067,80.116859436,68842,68862,20
12.9233798981,80.1201324463,68933,68963,30
12.9232501984,80.1604690552,70234,70253,19
12.9199104309,80.1709365845,70356,70376,20
12.920539856,80.1859664917,70578,70594,16
12.9170999527,80.1931304932,70697,70727,30
12.9294204712,80.2027587891,71050,71066,16
12.9761800766,80.2212600708,72047,72077,30
12.9817800522,80.2215194702,72218,72234,16
12.9834699631,80.2223815918,72297,72317,20
12.9965696335,80.216506958,72680,72700,20
13.0036401749,80.2120132446,72872,72892,20
13.0208396912,80.2253799438,73376,73392,16
13.0290603638,80.2308425903,73596,73616,20
13.0301904678,80.23072052,73675,73705,30
13.0338897705,80.23046875,73806,73836,30
13.0267400742,80.2330169678,74954,74984,30
13.0100002289,80.2264328003,75407,75424,17
13.011349678,80.2233505249,75446,75465,19
13.0079898834,80.2133483887,75678,75698,20
13.0078496933,80.2132415771,75708,75728,20
13.002989769,80.2121505737,75839,75855,16
12.9907102585,80.2202606201,76170,76190,20
12.9711198807,80.2192382813,76715,76735,20
12.9440698624,80.2083816528,77047,77068,21
12.9409999847,80.2060775757,77128,77148,20
12.9336500168,80.203956604,77259,77279,20
12.9336500168,80.203956604,77279,77296,17
12.929400444,80.2028198242,77348,77368,20
12.9171895981,80.1916503906,77711,77727,16
12.9224004745,80.1417617798,78476,78496,20
12.9227600098,80.1300125122,78657,78673,16
12.9232196808,80.1200790405,78756,78775,19
12.9224996567,80.1426696777,79370,79391,21
12.9645500183,80.2163772583,80772,80789,17
12.9711999893,80.2189407349,80840,80861,21
12.9840698242,80.2226715088,81103,81119,16
13.0142803192,80.2252120972,81938,81958,20
13.0341796875,80.2304382324,19685,19705,20
13.0342197418,80.2304000854,25583,25613,30
13.0298900604,80.2308273315,26855,26876,21
13.0273399353,80.2328872681,26967,26987,20
13.0240097046,80.2283401489,27128,27148,20
13.0068998337,80.2406997681,27734,27754,20
13.0076503754,80.2586212158,28158,28178,20
13.0334997177,80.267829895,28865,28885,20
13.0345697403,80.2681884766,28976,28997,21
13.0297899246,80.2666702271,29562,29582,20
13.0065803528,80.2467727661,30734,30754,20
13.0156402588,80.2250976563,31279,31299,20
13.0197296143,80.2245330811,31380,31410,30
13.0342302322,80.2303924561,32370,32390,20
13.0312204361,80.2306594849,32471,32491,20
13.0274896622,80.2328720093,32632,32652,20
13.0244598389,80.2288284302,32814,32844,30
13.0239801407,80.2282485962,32864,32885,21
13.0141401291,80.2263717651,33097,33127,30
13.0083398819,80.2333221436,33289,33309,20
13.0068597794,80.2406692505,33582,33602,20
13.0067195892,80.2432022095,33672,33693,21
13.0069198608,80.2510070801,33915,33935,20
13.0163602829,80.2596130371,34228,34248,20
13.0264997482,80.263999939,34591,34612,21
13.028260231,80.2637481689,34672,34692,20
13.0293302536,80.2660064697,34763,34793,30
13.0345401764,80.2679901123,34965,34985,20
13.0325098038,80.2674789429,35288,35308,20
13.0297803879,80.2666473389,35359,35379,20
13.0264797211,80.2660522461,35450,35470,20
13.0160598755,80.2596817017,35763,35783,20
13.0155601501,80.2250366211,37025,37045,20
13.0219898224,80.2261962891,37439,37459,20
13.0227499008,80.2268600464,37500,37530,30
13.0230197906,80.227180481,37540,37570,30
13.0236101151,80.2276763916,37601,37621,20
13.0345497131,80.2303085327,38096,38126,30
13.0239295959,80.2282867432,39247,39267,20
13.0143299103,80.226272583,39439,39469,30
13.0082302094,80.2335968018,39620,39641,21
13.0079402924,80.2348175049,39691,39711,20
13.0068702698,80.2406997681,39853,39873,20
13.0067195892,80.2443466187,39994,40024,30
13.0068798065,80.2495574951,40125,40145,20
13.0068597794,80.251159668,40176,40206,30
13.0077199936,80.2586212158,40388,40408,20
13.0252103806,80.2654037476,41822,41842,20
13.0065803528,80.2466125488,42579,42599,20
13.0219602585,80.2261886597,43326,43346,20
13.0242996216,80.2284164429,43397,43427,30
13.0343799591,80.2297821045,44074,44094,20
13.0342798233,80.2300415039,44104,44134,30
13.0341796875,80.2303771973,44154,44174,20
13.0337400436,80.2304992676,44185,44205,20
13.0298204422,80.2308578491,44417,44437,20
13.0240602493,80.2283477783,44720,44740,20
13.0143604279,80.2263031006,44912,44932,20
13.006939888,80.2397766113,45235,45255,20
13.0068397522,80.2495193481,45477,45497,20
13.016289711,80.2595825195,45841,45861,20
13.020190239,80.2626190186,45962,45982,20
13.0230197906,80.2638168335,46043,46063,20
13.0264701843,80.2640533447,46184,46204,20
13.0271396637,80.2634124756,46245,46265,20
13.0272397995,80.2634124756,46265,46295,30
13.0291996002,80.2659835815,46406,46426,20
13.0291795731,80.266418457,46436,46457,21
13.034529686,80.268157959,46669,46689,20
13.0326700211,80.2676315308,46729,46749,20
13.0270395279,80.2633895874,47971,47992,21
13.0291595459,80.2663421631,48123,48153,30
13.0323600769,80.2673797607,48234,48254,20
13.0332098007,80.2677688599,48274,48294,20
13.0221204758,80.2634277344,49103,49124,21
13.0071601868,80.2586669922,49457,49477,20
13.0066995621,80.2496032715,49810,49830,20
13.0066404343,80.248550415,49851,49871,20
13.0073604584,80.2368087769,50143,50164,21
13.0155601501,80.2249984741,50436,50456,20
13.0220003128,80.2262191772,50598,50618,20
13.0285797119,80.2308807373,50790,50810,20
13.0350399017,80.230140686,51052,51072,20
13.029800415,80.2308197021,51446,51466,20
13.0239601135,80.2282867432,51779,51799,20
13.0143404007,80.2262191772,51961,51991,30
13.0082197189,80.2336578369,52123,52143,20
13.0068998337,80.240562439,52304,52325,21
13.0068798065,80.2494888306,52486,52506,20
13.0076198578,80.2585296631,52668,52698,30
13.0186595917,80.2612304688,52870,52900,30
13.0333595276,80.2677764893,53395,53425,30
13.02643013,80.2660217285,53930,53950,20
13.0220298767,80.2633666992,54061,54082,21
13.0072603226,80.2588806152,54354,54374,20
13.0065498352,80.2533569336,54556,54576,20
13.0066795349,80.2486801147,54788,54809,21
13.02202034,80.2261581421,55515,55536,21
13.0284004211,80.2308273315,55677,55697,20
13.0069704056,80.239906311,58414,58444,30
13.0068798065,80.2496337891,58656,58676,20
13.0338602066,80.2679519653,59615,59635,20
13.0252199173,80.2653274536,60827,60847,20
13.0220298767,80.2634124756,60918,60938,20
13.0064697266,80.2532272339,61423,61443,20
13.0066900253,80.248840332,61615,61645,30
13.0065803528,80.2465667725,61695,61716,21
13.0065498352,80.2415924072,61837,61867,30
13.0277795792,80.2309875488,62786,62806,20
13.0345602036,80.2297897339,63129,63150,21
13.0311803818,80.2306976318,63695,63715,20
13.0069904327,80.2398834229,64543,64563,20
13.0066995621,80.2443618774,64675,64705,30
13.0068798065,80.2496337891,64796,64816,20
13.0077495575,80.2587127686,64977,64998,21
13.0163202286,80.2596588135,65109,65129,20
13.0202598572,80.2627410889,65210,65230,20
13.0292196274,80.2665023804,65573,65594,21
13.0328397751,80.2677612305,65684,65705,21
13.0344800949,80.2682266235,65917,65937,20
13.0283603668,80.2663497925,67088,67108,20
13.0263795853,80.2660522461,67139,67169,30
13.0253696442,80.2654724121,67199,67219,20
13.0071802139,80.2587585449,67634,67654,20
13.0065097809,80.2550964355,68108,68128,20
13.0066003799,80.2484436035,68775,68795,20
13.006529808,80.2458572388,68916,68936,20
13.0105199814,80.2251968384,69431,69451,20
13.0232200623,80.2273788452,69845,69865,20
13.025179863,80.2296600342,69946,69966,20
13.0304803848,80.2307434082,70270,70291,21
13.0339803696,80.23046875,70432,70462,30
13.0347795486,80.2302932739,70482,70503,21
13.0239200592,80.2283172607,71109,71129,20
13.0144395828,80.2262496948,71311,71331,20
13.0066404343,80.2451019287,71957,71977,20
13.0066299438,80.2571563721,72220,72240,20
13.0292301178,80.2660598755,72795,72815,20
13.0291500092,80.2664718628,72825,72846,21
13.0331602097,80.2678222656,72937,72967,30
13.0333595276,80.2678909302,72967,72987,20
13.0263004303,80.2659835815,73371,73401,30
13.0064401627,80.252532959,73805,73825,20
13.019659996,80.2245788574,74532,74552,20
13.0242099762,80.2283401489,74674,74694,20
13.0239496231,80.2283935547,75572,75593,21
13.0199804306,80.2249832153,75694,75714,20
13.0143699646,80.2262802124,75805,75825,20
13.0066995621,80.2469863892,76209,76229,20
13.0076599121,80.2587432861,76512,76532,20
13.0337600708,80.267906189,77148,77168,20
13.026049614,80.2661972046,77653,77683,30
13.0814800262,80.2751617432,18124,18144,20
13.0820198059,80.2758712769,18296,18326,30
13.0739002228,80.2859573364,18548,18568,20
13.0571899414,80.2819900513,18770,18786,16
13.0078601837,80.2593078613,19566,19586,20
12.9968395233,80.2560424805,20091,20110,19
12.9943704605,80.252571106,20192,20212,20
13.0636796951,80.2833480835,23501,23517,16
13.0878400803,80.2839126587,25134,25154,20
13.088139534,80.2837677002,25164,25194,30
13.0888595581,80.2898712158,25467,25483,16
13.0241298676,80.2740783691,26312,26332,20
13.0021800995,80.2566604614,26786,26807,21
12.9881095886,80.255859375,27049,27079,30
12.976770401,80.2591094971,28865,28885,20
12.9868402481,80.2580337524,29097,29117,20
13.0164403915,80.2596893311,29824,29844,20
13.0291996002,80.2765808105,30247,30264,17
13.0388498306,80.2786712646,30548,30568,20
13.0524501801,80.2810668945,30810,30826,16
13.056520462,80.2818069458,30839,30869,30
13.0806303024,80.2882614136,31242,31262,20
13.0888299942,80.2894363403,32756,32776,20
13.0310096741,80.2772674561,33755,33776,21
13.0234003067,80.2730636597,33937,33953,16
13.0211296082,80.2701263428,33975,33996,21
13.0190401077,80.2639007568,34097,34118,21
13.0189800262,80.2634124756,34128,34148,20
13.0142602921,80.2592697144,34279,34295,16
13.0032596588,80.2687225342,34570,34590,20
12.9957199097,80.2673416138,34741,34761,20
12.9890098572,80.2560119629,35285,35305,20
12.9873104095,80.259437561,35386,35412,26
12.9957895279,80.2665100098,36542,36558,16
13.0034399033,80.2687835693,36712,36732,20
13.0074396133,80.2586975098,36954,36974,20
13.0254201889,80.2749404907,37417,37438,21
13.0299196243,80.2767562866,37509,37529,20
13.0431203842,80.2795791626,37751,37781,30
13.0564603806,80.2817764282,38003,38023,20
13.0797796249,80.2880401611,38397,38427,30
13.0887804031,80.2901611328,38558,38578,20
13.0887804031,80.2901763916,39991,40021,30
13.0882701874,80.2902374268,40061,40078,17
13.0566997528,80.2819213867,40493,40513,20
13.052280426,80.2811126709,40564,40580,16
13.050239563,80.2808227539,40580,40602,22
13.0434999466,80.2798614502,40704,40734,30
13.0390100479,80.2788619995,40795,40815,20
13.030960083,80.2772979736,40956,40976,20
13.02602005,80.2752609253,41057,41087,30
13.00096035,80.2673721313,41773,41794,21
12.9933595657,80.2528533936,42288,42308,20
12.9885396957,80.2559585571,42419,42439,20
12.9884500504,80.2559280396,42439,42460,21
12.9872903824,80.2594299316,42530,42550,20
12.9874696732,80.2577514648,42833,42863,30
12.9962596893,80.2624130249,43418,43438,20
12.9957103729,80.2672729492,43509,43525,16
12.9962301254,80.2677612305,43525,43547,22
13.0010795593,80.2673416138,43629,43649,20
13.0075902939,80.261428833,43881,43901,20
13.0164299011,80.2596893311,44073,44093,20
13.0254201889,80.2749404907,44406,44426,20
13.0330896378,80.2774810791,44688,44718,30
13.0563097,80.2817611694,45122,45142,20
13.0570898056,80.2819213867,45152,45172,20
13.0888299942,80.2901992798,45697,45713,16
13.0827703476,80.2787704468,46432,46462,30
13.0761003494,80.2763214111,46643,46664,21
13.0759401321,80.276260376,46674,46690,16
13.0759496689,80.2760162354,47005,47035,30
13.0886697769,80.2893371582,48203,48223,20
13.0626802444,80.2831573486,48649,48670,21
13.0567998886,80.2819290161,48752,48772,20
13.0502595901,80.2808227539,48883,48903,20
13.0456399918,80.2801589966,48974,49004,30
13.0440998077,80.2799377441,49035,49055,20
13.0390996933,80.2788772583,49146,49166,20
13.0387401581,80.2787322998,49186,49202,16
13.0354995728,80.2777481079,49244,49264,20
13.0308599472,80.2772598267,49365,49386,21
13.0259599686,80.2752304077,49497,49517,20
13.0242204666,80.2742233276,49557,49574,17
13.0074100494,80.2612762451,50081,50097,16
13.0009803772,80.2673187256,50311,50331,20
12.9956703186,80.267250061,50422,50442,20
12.9958400726,80.2656784058,50472,50488,16
12.9908103943,80.255859375,50874,50890,16
12.9888801575,80.2559585571,50912,50932,20
12.9872198105,80.2591400146,51402,51422,20
12.9960603714,80.2537994385,51806,51822,16
12.996219635,80.2677078247,52137,52153,16
13.0087099075,80.2590408325,52569,52589,20
13.0135402679,80.2591400146,52649,52665,16
13.0188999176,80.2651367188,52850,52873,23
13.0326499939,80.2774963379,53208,53228,20
13.0637798309,80.2833328247,53773,53793,20
13.0798196793,80.2880706787,54046,54066,20
13.0877504349,80.2838821411,55052,55073,21
13.0883903503,80.2847976685,55567,55597,30
13.0802097321,80.2882232666,55900,55920,20
13.0390195847,80.2788162231,56515,56536,21
13.0259504318,80.2752532959,56778,56798,20
13.0009803772,80.267288208,57544,57565,21
12.9956598282,80.267326355,57645,57665,20
12.9960603714,80.2640991211,57716,57732,16
12.9874095917,80.2590026855,58168,58188,20
12.9873600006,80.2592391968,58198,58228,30
12.9998703003,80.2668762207,60016,60032,16
13.0078601837,80.2654800415,60246,60262,16
13.0214996338,80.2705307007,60739,60759,20
13.0257797241,80.2751235962,60920,60940,20
13.0264596939,80.2754592896,60991,61021,30
13.0279102325,80.2761306763,61132,61152,20
13.0286598206,80.2764205933,61193,61213,20
13.0288000107,80.2764663696,61223,61253,30
13.0311498642,80.2774505615,61475,61505,30
13.0323600769,80.2775497437,61536,61566,30
13.0386199951,80.2786636353,61687,61707,20
13.0573501587,80.2820205688,62020,62040,20
13.0852499008,80.2842025757,62777,62807,30
13.0888004303,80.2898864746,63625,63655,30
13.0799798965,80.2881774902,63847,63867,20
13.0741195679,80.2861633301,63928,63958,30
13.067990303,80.2843780518,64029,64049,20
13.0625095367,80.2831268311,64210,64231,21
13.0440797806,80.2799530029,64564,64594,30
13.0309000015,80.2773208618,64826,64846,20
13.0219497681,80.2712478638,65028,65044,16
13.0188598633,80.2621383667,65237,65267,30
13.0070104599,80.2694702148,65702,65718,16
13.0009002686,80.2673110962,65820,65841,21
12.9956798553,80.2674407959,65982,66002,20
12.9962997437,80.2618637085,66133,66150,17
12.9944801331,80.252571106,66394,66414,20
12.9868803024,80.2596435547,66700,66721,21
12.9884996414,80.2559509277,67163,67193,30
12.9938201904,80.2527923584,67395,67411,16
12.9968595505,80.2563781738,67524,67542,18
12.9968004227,80.2571411133,67542,67564,22
12.9962301254,80.262550354,67665,67694,29
12.9959497452,80.2652587891,67746,67776,30
13.0034503937,80.2688522339,68159,68180,21
13.0085697174,80.2590866089,68563,68583,20
13.0162096024,80.2596206665,68694,68714,20
13.0189695358,80.2630386353,68866,68882,16
13.0213699341,80.2704162598,68986,69016,30
13.0374698639,80.278427124,69450,69466,16
13.0457296371,80.2801589966,69599,69619,20
13.0876998901,80.2839813232,71252,71282,30
13.0741500854,80.2862091064,72059,72079,20
13.0645999908,80.2836990356,72221,72241,20
13.0626497269,80.2832107544,72281,72301,20
13.0567502975,80.2819671631,72422,72443,21
13.0259799957,80.2752914429,73068,73088,20
13.0208997726,80.2699966431,73219,73240,21
13.0159702301,80.2597198486,73452,73472,20
12.9956502914,80.2673416138,74037,74067,30
12.9961595535,80.2626800537,74168,74188,20
12.9907197952,80.2558822632,74582,74602,20
12.9889802933,80.2560424805,74642,74662,20
12.9881296158,80.255859375,75207,75227,20
12.9960298538,80.2635421753,75732,75748,16
13.0253801346,80.2749786377,76709,76729,20
13.0286798477,80.2764205933,76809,76826,17
13.0141601563,80.2259674072,19906,19936,30
12.9755897522,80.2210235596,20795,20821,26
12.9337100983,80.203918457,21300,21321,21
12.922539711,80.1350784302,22300,22316,16
12.9225597382,80.1435012817,23790,23806,16
12.9234199524,80.1545715332,23930,23950,20
12.9203195572,80.1840591431,24256,24276,20
12.9276103973,80.1981964111,24629,24645,16
12.929479599,80.2027435303,24687,24708,21
12.9712495804,80.2190093994,25243,25263,20
12.9975595474,80.2161178589,25788,25809,21
13.004650116,80.212310791,26010,26026,16
13.0150604248,80.2245788574,26241,26271,30
13.0243701935,80.2285385132,26493,26513,20
13.0335502625,80.2304992676,26675,26705,30
13.0344800949,80.2298736572,27725,27745,20
13.0339097977,80.2304382324,28391,28411,20
13.0231103897,80.227432251,28755,28785,30
13.0143995285,80.2262496948,28906,28936,30
13.0082902908,80.2133789063,29260,29280,20
12.9902601242,80.2205886841,29694,29710,16
12.983300209,80.2222213745,29863,29883,20
12.9442596436,80.208366394,30540,30560,20
12.9433603287,80.2080001831,30590,30606,16
12.9410200119,80.2060012817,30626,30649,23
12.9337701797,80.2039337158,30750,30770,20
12.9312000275,80.2031021118,30820,30836,16
12.9220304489,80.1973114014,31040,31061,21
12.923119545,80.1604766846,31818,31838,20
12.9231796265,80.1208114624,32563,32583,20
12.9234800339,80.1171722412,32654,32670,16
12.9225196838,80.1436462402,34156,34176,20
12.9233798981,80.1546783447,34337,34358,21
12.9233798981,80.1546783447,34358,34374,16
12.9206104279,80.1851425171,34809,34830,21
12.917140007,80.1929397583,35003,35033,30
12.9171104431,80.193031311,35033,35053,20
12.917090416,80.1932373047,35063,35083,20
12.9292898178,80.2027206421,35396,35417,21
12.9398403168,80.2055282593,35629,35649,20
12.9759998322,80.2212600708,36598,36628,30
12.9938697815,80.2177810669,37052,37068,16
12.9974803925,80.2161636353,37132,37162,30
13.0075998306,80.2128219604,37344,37364,20
13.0194501877,80.224319458,37677,37697,20
13.0197601318,80.2245025635,37717,37747,30
13.0214595795,80.2258834839,37818,37848,30
13.0225896835,80.2267303467,37909,37939,30
13.0242300034,80.2282562256,38010,38040,30
13.0286998749,80.2308197021,38272,38292,20
13.0286998749,80.2308197021,38292,38309,17
13.0301399231,80.2307891846,38391,38412,21
13.0328798294,80.2305603027,38473,38493,20
13.0331602097,80.2305374146,38503,38524,21
13.0347499847,80.2297973633,38645,38661,16
13.0341596603,80.230178833,38895,38925,30
13.0231599808,80.2275238037,39551,39571,20
13.0165996552,80.225402832,39683,39713,30
13.0112600327,80.2236175537,40104,40125,21
13.0083198547,80.2133789063,40276,40296,20
12.9907197952,80.2201766968,40660,40680,20
12.988650322,80.2223815918,40730,40746,16
12.9833402634,80.2222595215,40849,40870,21
12.9829702377,80.2220077515,40880,40910,30
12.9756803513,80.2211074829,41051,41071,20
12.9751501083,80.220703125,41102,41118,16
12.9199304581,80.1825714111,42283,42299,16
12.9226903915,80.1521530151,42674,42695,21
12.922419548,80.1417236328,42846,42876,30
12.9226903915,80.132019043,43007,43024,17
12.9232196808,80.1205062866,43167,43187,20
12.9234600067,80.1171112061,43238,43264,26
12.9202604294,80.1838912964,45174,45204,30
12.9210996628,80.1969223022,45477,45493,16
12.9447803497,80.2085418701,45949,45965,16
12.9746999741,80.2204818726,46361,46381,20
12.9755001068,80.2208023071,46421,46442,21
12.9827899933,80.2218704224,46623,46639,16
12.9905195236,80.2203063965,46813,46833,20
12.9945898056,80.2173309326,46934,46950,16
12.9974899292,80.2161483765,47002,47023,21
13.0076999664,80.2128982544,47214,47235,21
13.0078401566,80.2130584717,47235,47255,20
13.0246601105,80.2288970947,47690,47710,20
13.0254096985,80.2299423218,47741,47757,16
13.0286502838,80.2308807373,47799,47819,20
13.0341100693,80.2304382324,47961,47991,30
13.0317001343,80.2306518555,49728,49744,16
13.0270204544,80.2329483032,49888,49908,20
13.023059845,80.2273788452,50060,50090,30
13.0199403763,80.224822998,50161,50181,20
13.0082597733,80.2133636475,50605,50625,20
13.0080499649,80.2132492065,50635,50655,20
12.9832496643,80.2221603394,51150,51170,20
12.9756603241,80.2210388184,51301,51321,20
12.9711198807,80.2191314697,51402,51422,20
12.9329204559,80.2036819458,51947,51963,16
12.9187297821,80.1878814697,52370,52386,16
12.9199495316,80.1827087402,52429,52449,20
12.9224300385,80.1432723999,53024,53044,20
12.9231700897,80.1205825806,53347,53367,20
12.9233398438,80.1202316284,53488,53509,21
12.9232301712,80.121383667,53539,53559,20
12.9202299118,80.1837921143,54639,54660,21
12.9206495285,80.185508728,54700,54716,16
12.9169902802,80.1935577393,54869,54889,20
12.9513301849,80.2110824585,55436,55452,16
12.9760398865,80.2211837769,55807,55827,20
12.9829101563,80.2219161987,55949,55969,20
12.990070343,80.2205810547,56120,56136,16
13.0078496933,80.2130813599,56482,56502,20
13.0197095871,80.2245101929,56764,56784,20
13.0242795944,80.2284164429,56896,56916,20
13.0323400497,80.2305908203,57148,57164,16
13.0289497375,80.2309265137,58064,58081,17
13.0143604279,80.2262420654,58476,58492,16
13.0110702515,80.2230834961,58626,58646,20
12.9760599136,80.2212982178,59746,59766,20
12.970990181,80.2191162109,59888,59908,20
12.9441900253,80.208366394,60231,60251,20
12.9171495438,80.1942825317,60816,60837,21
12.9171104431,80.1925430298,60897,60913,16
12.9172801971,80.1914367676,60933,60956,23
12.9196100235,80.1716308594,61248,61265,17
12.9226303101,80.1505432129,61611,61627,16
12.9233503342,80.118347168,62124,62140,16
12.9232797623,80.1209030151,62253,62283,30
12.9230298996,80.1254501343,63182,63202,20
12.9228200912,80.1296386719,63352,63373,21
12.9223899841,80.1408233643,63565,63581,16
12.9224996567,80.1436920166,63664,63684,20
12.9171104431,80.1931762695,64502,64522,20
12.9201498032,80.1966400146,64633,64649,16
12.9528102875,80.2117080688,65227,65246,19
12.9760599136,80.221321106,65794,65814,20
12.9831800461,80.2221374512,65956,65976,20
12.9945898056,80.2173919678,66309,66329,20
13.0077400208,80.2129821777,66683,66703,20
13.0155601501,80.225112915,67036,67056,20
13.0242004395,80.2283325195,67278,67299,21
13.0263700485,80.2313690186,67460,67476,16
13.028840065,80.2309188843,67498,67519,21
13.0225601196,80.2270584106,68747,68769,22
13.0173797607,80.2250976563,68941,68971,30
13.0165996552,80.2254180908,69002,69032,30
13.0102396011,80.22605896,69234,69254,20
13.0099401474,80.2155380249,69527,69547,20
13.0088996887,80.2140808105,69749,69769,20
13.0083398819,80.2134780884,69860,69890,30
12.9967603683,80.216583252,70395,70415,20
12.9960603714,80.2166595459,70425,70445,20
12.9955396652,80.2168121338,70456,70476,20
12.9951400757,80.217010498,70486,70506,20
12.9889698029,80.2219696045,71231,71261,30
12.9874801636,80.2231369019,71463,71493,30
12.9753904343,80.2208633423,71857,71887,30
12.9401903152,80.2057571411,72422,72442,20
12.917140007,80.1923217773,73068,73084,16
12.9197702408,80.1711120605,73460,73480,20
12.9226398468,80.1518630981,73783,73799,16
12.922369957,80.1427383423,73943,73963,20
12.922369957,80.1418762207,73983,74003,20
12.9231901169,80.1206130981,74336,74357,21
12.9227104187,80.1515197754,75659,75679,20
12.927189827,80.1979598999,76618,76634,16
12.9431400299,80.207862854,76959,76975,16
12.975979805,80.2212982178,77482,77502,20
12.9829101563,80.2220001221,77634,77654,20
12.9896497726,80.2210235596,77805,77821,16
13.0078201294,80.2130737305,78258,78278,20
13.0098400116,80.2152175903,78348,78365,17
13.0155601501,80.2250213623,78508,78528,20
13.0344104767,80.2303924561,78892,78922,30
12.9882001877,80.255821228,24405,24435,30
12.9651603699,80.2473678589,24728,24748,20
12.9020595551,80.2280426025,25565,25595,30
12.8792600632,80.2110214233,26433,26453,20
12.8851804733,80.2266387939,26897,26916,19
12.9025497437,80.2279281616,27148,27170,22
12.9084997177,80.228477478,27301,27317,16
12.9337596893,80.2328033447,27643,27663,20
12.9488401413,80.2406082153,27956,27976,20
12.9562702179,80.2433776855,28117,28147,30
12.9627199173,80.2462615967,28268,28285,17
12.9812898636,80.2379684448,28791,28811,20
12.9816398621,80.2334213257,28902,28922,20
12.9806995392,80.2290725708,29013,29043,30
12.9829502106,80.2219772339,29386,29407,21
12.9830598831,80.2220687866,29407,29423,16
12.9904403687,80.2204284668,29587,29607,20
12.9975404739,80.2161407471,29738,29759,21
12.998049736,80.215713501,29789,29805,16
12.9987602234,80.215057373,29805,29825,20
13.0073204041,80.2098464966,30081,30101,20
13.0103902817,80.2117614746,30514,30531,17
13.0091495514,80.2113037109,31885,31905,20
13.0152797699,80.2249832153,32147,32177,30
13.0153398514,80.2258071899,32207,32223,16
12.9907598495,80.2202072144,32902,32923,21
12.9831199646,80.2220611572,33135,33155,20
12.976360321,80.2212371826,33266,33286,20
12.9763898849,80.2219390869,33316,33346,30
12.9794902802,80.2269592285,33457,33473,16
12.9813699722,80.2408370972,33788,33805,17
12.9813995361,80.2437820435,33847,33867,20
12.9647903442,80.2472305298,34352,34372,20
12.9594898224,80.2448425293,34483,34504,21
12.9260797501,80.2310180664,35181,35201,20
12.9190797806,80.2301177979,35271,35292,21
12.9132699966,80.229309082,35361,35382,21
12.9064598083,80.2283096313,35483,35503,20
12.9049797058,80.2282180786,35524,35554,30
12.8989696503,80.2279281616,35917,35947,30
12.8764200211,80.2266235352,36440,36460,20
12.8765296936,80.2260437012,36480,36496,16
12.8746995926,80.2100372314,37426,37447,21
12.8791999817,80.2109680176,37527,37547,20
12.8764200211,80.2267303467,37749,37769,20
12.9025297165,80.2279663086,38193,38221,28
12.907119751,80.2282409668,38322,38342,20
12.9399003983,80.2357177734,38817,38837,20
12.9402704239,80.2358398438,38847,38863,16
12.9473104477,80.2399520874,38946,38976,30
12.9623804092,80.2460632324,39299,39329,30
12.9637298584,80.2467575073,39379,39396,17
12.9668998718,80.2479782104,39438,39458,20
12.9813604355,80.2416763306,39812,39829,17
13.0069799423,80.2097320557,40900,40920,20
13.0137395859,80.2043075562,41122,41152,30
13.0118999481,80.2127685547,41314,41334,20
12.9974498749,80.2165374756,42839,42859,20
12.9845399857,80.2229766846,43132,43152,20
12.9831495285,80.2221603394,43152,43172,20
12.9818601608,80.2215270996,43202,43218,16
12.9785003662,80.2253875732,43402,43422,20
12.9813404083,80.2428207397,43715,43735,20
12.9785003662,80.2525482178,43866,43886,20
12.9568395615,80.2438583374,44209,44238,29
12.9398298264,80.2358398438,44602,44623,21
12.913649559,80.2293930054,45023,45044,21
12.8790102005,80.210899353,45781,45801,20
12.8748397827,80.209602356,46648,46668,20
12.8747596741,80.2097320557,47396,47416,20
12.876709938,80.2268371582,47668,47688,20
12.9027299881,80.2279510498,47951,47971,20
12.922129631,80.2303771973,48273,48290,17
12.9398002625,80.2356719971,48453,48473,20
12.9487800598,80.240562439,48637,48667,30
12.9642896652,80.246963501,48949,48965,16
12.9669399261,80.2479782104,48988,49008,20
12.9771795273,80.2226486206,49724,49744,20
12.9828100204,80.2219161987,49876,49896,20
12.9976196289,80.2160110474,50219,50249,30
12.9981203079,80.2156219482,50269,50285,16
13.0036497116,80.2119827271,50369,50389,20
13.007399559,80.2098083496,50510,50530,20
13.0080299377,80.2094802856,50571,50601,30
13.0128803253,80.2111663818,50924,50940,16
13.0118103027,80.2128219604,50952,50971,19
13.0090398788,80.2114868164,51416,51436,20
12.9875202179,80.2231216431,52154,52174,20
12.9832296371,80.22215271,52265,52295,30
12.9763002396,80.2217025757,52406,52436,30
12.9769001007,80.2227478027,52456,52476,20
12.9815502167,80.2336502075,52688,52708,20
12.9812602997,80.2370071411,52769,52785,16
12.981300354,80.2387466431,52785,52805,20
12.9650297165,80.2473602295,53201,53217,16
12.9396896362,80.2357635498,53692,53712,20
12.9155597687,80.2296218872,54036,54052,16
12.8989295959,80.2279205322,54269,54299,30
12.8791799545,80.2109527588,54753,54774,21
12.8745603561,80.2101135254,54844,54864,20
12.879240036,80.2109985352,57043,57064,21
12.9140100479,80.2293167114,57881,57901,20
12.9263000488,80.2309417725,58062,58083,21
12.9476604462,80.240196228,58416,58432,16
12.9799699783,80.2522964478,59010,59040,30
12.9808101654,80.2479171753,59101,59117,16
12.9813604355,80.2427902222,59189,59210,21
12.9812602997,80.2379684448,59300,59321,21
12.9816303253,80.2333374023,59391,59411,20
12.9812803268,80.2211837769,59764,59785,21
12.9904603958,80.2204437256,60025,60045,20
13.0073795319,80.2098693848,60440,60461,21
13.0136203766,80.2042694092,60652,60672,20
12.9942903519,80.217590332,62345,62361,16
12.9906396866,80.2202377319,62404,62424,20
12.9877099991,80.2231216431,62484,62505,21
12.9761896133,80.2216033936,62757,62787,30
12.976360321,80.2218704224,62797,62813,16
12.9813299179,80.2387466431,63100,63120,20
12.9787597656,80.2526626587,63382,63403,21
12.9653596878,80.2474365234,63604,63625,21
12.956700325,80.2436904907,63796,63816,20
12.9431295395,80.2369766235,64139,64159,20
12.9394702911,80.2356414795,64210,64230,20
12.9338598251,80.2329788208,64321,64341,20
12.9259595871,80.231010437,64432,64452,20
12.9134397507,80.2293014526,64603,64623,20
12.9070701599,80.2283782959,64704,64734,30
12.9061403275,80.2282867432,64755,64775,20
12.8884801865,80.2273864746,65166,65196,30
12.8848400116,80.2267608643,65247,65263,16
12.8764801025,80.2269592285,65356,65376,20
12.879119873,80.2109603882,65578,65608,30
12.874879837,80.2102203369,66577,66598,21
12.8767900467,80.2269134521,66973,66993,20
12.8819198608,80.2267074585,67054,67070,16
12.885310173,80.2267227173,67090,67112,22
12.9071702957,80.2283172607,67587,67607,20
12.9357700348,80.2337722778,68061,68077,16
12.9474496841,80.2401199341,68281,68303,22
12.9563503265,80.2433776855,68456,68477,21
12.9588098526,80.2444381714,68527,68547,20
12.9665498734,80.2478637695,68668,68689,21
12.97453022,80.2505874634,68810,68840,30
12.9763002396,80.2511367798,68890,68911,21
12.9798698425,80.2525482178,69092,69122,30
12.981300354,80.2380599976,69445,69466,21
12.9777297974,80.2242279053,69859,69889,30
12.9771499634,80.2227630615,69940,69970,30
12.9832401276,80.2221832275,70162,70178,16
12.9838104248,80.2224578857,70200,70220,20
12.9935398102,80.2181015015,70736,70766,30
12.994020462,80.2178115845,70776,70796,20
12.9966497421,80.2166366577,70857,70887,30
12.9969100952,80.2165985107,70897,70917,20
13.0036001205,80.2091369629,71170,71186,16
13.0076904297,80.2098770142,71319,71349,30
13.007519722,80.2052536011,71420,71440,20
13.0070199966,80.2035827637,71480,71497,17
13.0135698318,80.2042617798,71540,71570,30
13.0135297775,80.204750061,71590,71611,21
13.0135297775,80.204750061,71611,71634,23
13.0100297928,80.2279434204,72887,72903,16
13.0013103485,80.2184829712,73532,73562,30
12.9989700317,80.2170715332,73683,73703,20
12.9982700348,80.2167282104,73733,73754,21
12.9976797104,80.2166213989,73784,73804,20
12.996049881,80.2167129517,73915,73935,20
12.9883804321,80.2226715088,74157,74173,16
12.9831399918,80.2221603394,74318,74338,20
12.976360321,80.2219390869,74499,74519,20
12.9816999435,80.23072052,74671,74691,20
12.9815702438,80.233581543,74752,74772,20
12.9469203949,80.2400283813,75690,75710,20
12.9395999908,80.235786438,75831,75851,20
12.9355602264,80.2338027954,75912,75928,16
12.933839798,80.2330474854,75928,75950,22
12.9134902954,80.2293701172,76213,76243,30
12.9056301117,80.2282714844,76374,76390,16
12.8995103836,80.2279510498,76606,76626,20
12.888420105,80.2274169922,76789,76809,20
12.8763904572,80.2264099121,77021,77041,20
12.8789196014,80.2109603882,77222,77243,21
12.8776597977,80.2107391357,77273,77289,16
12.9020004272,80.2279968262,77947,77963,16
12.9034099579,80.2280197144,78076,78099,23
12.9426898956,80.2365722656,78738,78754,16
12.9674196243,80.2482681274,79129,79146,17
12.9812803268,80.2374801636,79501,79521,20
12.9813098907,80.23412323,79541,79558,17
12.9907102585,80.2202377319,80196,80212,16
13.0050096512,80.2090988159,80527,80543,16
13.0080499649,80.2088088989,81001,81017,16
12.9974002838,80.2571029663,19659,19679,20
12.9977502823,80.2563476563,24808,24828,20
12.9978199005,80.2562789917,24839,24869,30
12.9973201752,80.2559509277,24909,24929,20
13.0001497269,80.2665176392,25172,25192,20
12.9988603592,80.2560424805,25757,25787,30
13.0067195892,80.2517776489,25989,26009,20
13.0066299438,80.2466583252,26171,26201,30
13.0155496597,80.2249603271,26554,26575,21
13.0178699493,80.2247924805,26625,26641,16
13.0292396545,80.2309036255,26875,26895,20
13.0304203033,80.2282791138,26976,26996,20
13.0312204361,80.223197937,27189,27209,20
13.0353002548,80.208732605,27765,27785,20
13.0437498093,80.2070465088,28461,28477,16
13.0471000671,80.2120513916,28590,28610,20
13.0491199493,80.2071762085,29216,29236,20
13.0440998077,80.2089233398,29599,29620,21
13.0395202637,80.1951217651,29993,30009,16
13.0386695862,80.1928787231,30082,30112,30
13.0372400284,80.1959915161,30193,30223,30
13.0368404388,80.1986618042,30294,30324,30
13.0366802216,80.1996078491,30354,30370,16
13.0363302231,80.2020568848,30413,30432,19
13.0353803635,80.208656311,30749,30769,20
12.9969396591,80.2569885254,33522,33543,21
12.9959402084,80.265083313,33663,33684,21
12.9959201813,80.2650375366,33684,33704,20
13.0000896454,80.2666473389,33785,33805,20
12.9992399216,80.2561264038,35833,35853,20
12.9976396561,80.2573928833,36530,36550,20
12.9959697723,80.2652816772,37599,37615,16
12.9988603592,80.2559967041,37799,37819,20
13.0192899704,80.224281311,39020,39040,20
13.0198097229,80.2245788574,39080,39096,16
13.0220298767,80.2261810303,39202,39232,30
13.0223197937,80.2264785767,39242,39262,20
13.023059845,80.2271194458,39292,39313,21
13.023229599,80.2272872925,39313,39343,30
13.0242004395,80.2281799316,39383,39403,20
13.0243196487,80.2282791138,39403,39424,21
13.0285997391,80.2308578491,39565,39585,20
13.0292196274,80.2308425903,39605,39635,30
13.0303897858,80.230682373,39666,39686,20
13.0405597687,80.2023391724,41109,41125,16
13.0439596176,80.2074203491,41238,41258,20
13.049030304,80.2073822021,41857,41877,20
13.0441102982,80.2089309692,42239,42259,20
13.0387601852,80.2025909424,42502,42518,16
13.0367698669,80.198638916,42782,42802,20
13.0282697678,80.2249984741,43629,43646,17
13.0277204514,80.2273483276,43668,43688,20
13.0066003799,80.2430419922,44652,44672,20
13.0058698654,80.2574462891,44996,45017,21
13.0056295395,80.2573394775,45027,45047,20
13.0031604767,80.2568664551,45279,45300,21
13.0026197433,80.256729126,45310,45330,20
12.9960699081,80.2624206543,45633,45653,20
13.0000495911,80.2666168213,45814,45841,27
12.9967298508,80.2569732666,46831,46852,21
12.9987001419,80.2560119629,46902,46922,20
12.9990701675,80.2560806274,46932,46952,20
13.0010099411,80.2564315796,46993,47023,30
13.0064697266,80.2574234009,47124,47140,16
13.0064601898,80.2533721924,47223,47243,20
13.014289856,80.2240219116,47889,47905,16
13.0259504318,80.2308883667,48159,48176,17
13.0303697586,80.2283782959,48321,48344,23
13.0321102142,80.2209396362,48578,48599,21
13.0308103561,80.2100067139,48874,48890,16
13.0301198959,80.2092132568,48912,48932,20
13.0315103531,80.2093811035,48953,48973,20
13.0351495743,80.209602356,49023,49041,18
13.0356702805,80.205329895,49134,49164,30
13.0370798111,80.1963577271,49316,49336,20
13.0397195816,80.1932525635,49437,49457,20
13.0396203995,80.1938018799,49477,49493,16
13.0441703796,80.2088775635,49849,49869,20
13.0470104218,80.2121200562,50040,50061,21
13.0470600128,80.2118377686,50061,50081,20
13.0488595963,80.2069015503,50232,50252,20
13.0489301682,80.2072906494,50333,50363,30
13.0353803635,80.2083587646,51504,51524,20
13.0301103592,80.2093887329,51705,51726,21
13.03028965,80.2281799316,52291,52311,20
13.0306797028,80.2306518555,52341,52371,30
13.029709816,80.230796814,52392,52412,20
13.0234498978,80.2275772095,52664,52685,21
13.0142803192,80.2262573242,52795,52822,27
13.0001401901,80.2563781738,53622,53638,16
12.999540329,80.2562484741,53650,53680,30
12.9962902069,80.261932373,53823,53843,20
13.0000095367,80.2666702271,54014,54035,21
13.0002603531,80.2660217285,54095,54116,21
13.0155000687,80.224937439,55839,55859,20
13.0193195343,80.2242584229,55910,55940,30
13.0312204361,80.2231826782,56553,56574,21
13.0322799683,80.2197799683,56644,56674,30
13.0303602219,80.2145080566,56836,56856,20
13.0405197144,80.2022781372,57843,57859,16
13.0441303253,80.2082824707,57992,58008,16
13.0448999405,80.2097167969,58021,58051,30
13.0444402695,80.212677002,58101,58122,21
13.0476198196,80.2120895386,58142,58172,30
13.0496301651,80.2108306885,58243,58259,16
13.0493497849,80.2095489502,58259,58281,22
13.0490999222,80.2067718506,58372,58402,30
13.0493402481,80.20728302,58523,58553,30
13.0496501923,80.2122268677,59018,59048,30
13.0445203781,80.2124633789,59199,59215,16
13.0441102982,80.2088317871,59298,59318,20
13.0389099121,80.1992034912,59583,59603,20
13.0389795303,80.1987228394,59613,59629,16
13.0397596359,80.1932296753,59712,59731,19
13.0371999741,80.1959991455,59873,59894,21
13.0369701385,80.197479248,59924,59940,16
13.0363798141,80.2017974854,60003,60023,20
13.0285997391,80.2241516113,60861,60881,20
13.0282297134,80.2248535156,60891,60907,16
13.0239801407,80.2282104492,61484,61504,20
13.0142402649,80.2262878418,61676,61696,20
13.0067796707,80.2494506836,62130,62150,20
13.0002803802,80.256362915,62695,62715,20
12.999540329,80.2562408447,62735,62756,21
12.9971904755,80.2559204102,62806,62826,20
12.9961900711,80.2624588013,62988,63010,22
12.9961700439,80.2677230835,63111,63141,30
12.9968099594,80.2677993774,63161,63177,16
12.9999904633,80.2667388916,63200,63219,19
12.9962501526,80.2626037598,63916,63936,20
12.9986600876,80.2559814453,64188,64209,21
13.0065002441,80.254447937,64461,64491,30
13.0067195892,80.25415802,64532,64552,20
13.0066299438,80.2470092773,64996,65016,20
13.0066204071,80.2464370728,65047,65067,20
13.0066404343,80.2460632324,65077,65097,20
13.0065698624,80.2416381836,65228,65248,20
13.0066204071,80.2410507202,65299,65319,20
13.0109796524,80.2242126465,65581,65602,21
13.0153799057,80.2249832153,65743,65773,30
13.0242700577,80.2285003662,65965,65995,30
13.0303602219,80.2284011841,66328,66348,20
13.0303602219,80.2144622803,66825,66845,20
13.0352096558,80.2088623047,67168,67188,20
13.0362701416,80.2015228271,67380,67400,20
13.0367603302,80.1985168457,67451,67467,16
13.0381202698,80.192779541,67600,67620,20
13.0413303375,80.196647644,67802,67822,20
13.0441398621,80.2088012695,68125,68155,30
13.0442800522,80.2120819092,68236,68256,20
13.0467796326,80.2122116089,68407,68428,21
13.0468902588,80.2121582031,68458,68478,20
13.0488700867,80.2071228027,68670,68700,30
13.0490503311,80.2069015503,68710,68740,30
13.0492601395,80.2071762085,69457,69487,30
13.0494403839,80.2073364258,69982,70002,20
13.0492401123,80.2071609497,70173,70194,21
13.0492296219,80.2070922852,70194,70214,20
13.0491600037,80.2073822021,70234,70264,30
13.0497303009,80.2112197876,70436,70466,30
13.0453300476,80.212387085,70618,70638,20
13.0444297791,80.2124862671,70658,70678,20
13.0441799164,80.2112808228,70870,70890,20
13.0441999435,80.2108688354,70900,70930,30
13.0438995361,80.2075500488,71001,71017,16
13.0407896042,80.2051315308,71110,71129,19
13.0390195847,80.1983413696,71332,71348,16
13.0397596359,80.1932907104,71421,71441,20
13.0386199951,80.1928787231,71461,71481,20
13.0363702774,80.2013168335,71663,71693,30
13.0324296951,80.2118682861,71996,72016,20
12.9960403442,80.2677536011,74679,74699,20
12.9999103546,80.2668762207,74760,74780,20
13.0003204346,80.266418457,74840,74860,20
13.0039300919,80.2570266724,75607,75623,16
13.0065803528,80.2519683838,75777,75797,20
13.0067596436,80.2497711182,75878,75894,16
13.0191497803,80.224319458,76390,76411,21
13.0196304321,80.2245178223,76421,76441,20
13.0284700394,80.2309036255,76633,76653,20
13.0293197632,80.230796814,76673,76693,20
13.0302095413,80.2283096313,76774,76794,20
13.028719902,80.2240219116,76915,76935,20
13.0305099487,80.2243118286,76976,76992,16
13.0491199493,80.2071075439,78882,78902,20
13.0443696976,80.2124404907,79165,79185,20
13.0351896286,80.2092819214,79922,79938,16
13.0312795639,80.2170181274,80374,80390,16
13.0304899216,80.2298736572,80745,80761,16
13.0267000198,80.2330474854,80915,80945,30
12.9978504181,80.2558898926,81874,81900,26
13.0759401321,80.2760467529,18190,18210,20
13.0822000504,80.2783203125,18594,18614,20
13.05768013,80.2617874146,19181,19198,17
13.056520462,80.2573318481,19210,19230,20
13.0365600586,80.2464599609,19452,19469,17
13.0284204483,80.236076355,19585,19608,23
12.9649600983,80.2473602295,20389,20409,20
12.8926000595,80.2274627686,21217,21234,17
12.8723802567,80.2267379761,21418,21434,16
12.8447504044,80.2266769409,21659,21675,16
12.8059597015,80.2245178223,22083,22099,16
12.8049697876,80.2240219116,22099,22121,22
12.786649704,80.2205429077,22323,22343,20
12.7636995316,80.2105331421,24355,24371,16
12.7836399078,80.2189712524,24505,24524,19
12.8015899658,80.2236022949,24739,24755,16
12.8824701309,80.2266769409,25577,25593,16
12.9027500153,80.2279586792,25769,25790,21
12.9138202667,80.2292327881,25989,26009,20
12.9336795807,80.2327423096,26152,26172,20
12.9488201141,80.2405776978,26374,26404,30
12.9667901993,80.2478790283,26637,26657,20
12.978509903,80.2522964478,26768,26788,20
13.0065002441,80.2464828491,27183,27203,20
13.0355901718,80.2460632324,28001,28030,29
13.0618600845,80.2626876831,28454,28475,21
13.0749702454,80.2763214111,28727,28743,16
13.082159996,80.2782287598,30211,30232,21
13.0816602707,80.2761077881,30292,30312,20
13.0740203857,80.2764892578,30464,30484,20
13.0731697083,80.2761688232,30504,30525,21
13.0719995499,80.2748031616,30555,30585,30
13.0577201843,80.2621307373,30929,30945,16
13.056520462,80.2573928833,30977,30998,21
13.036860466,80.2465591431,31393,31409,16
13.0354299545,80.2461929321,31421,31441,20
13.0142803192,80.2263031006,31958,31978,20
13.0082902908,80.2333679199,32160,32180,20
13.0066995621,80.2472610474,32645,32666,21
12.9566497803,80.2437133789,33636,33656,20
12.9565000534,80.2436523438,33656,33686,30
12.9336795807,80.2328720093,34111,34127,16
12.9132604599,80.229309082,34341,34362,21
12.9021701813,80.2280502319,34675,34705,30
12.8915195465,80.2273788452,34958,34974,16
12.8850803375,80.2266998291,35026,35047,21
12.8769397736,80.2270202637,35109,35129,20
12.8768596649,80.2270126343,35129,35149,20
12.8612003326,80.2266235352,35301,35321,20
12.8459596634,80.2266082764,36087,36117,30
12.8607797623,80.2264633179,36623,36643,20
12.9048900604,80.2280807495,37351,37381,30
12.9048900604,80.2280807495,37381,37397,16
12.9140195847,80.2292785645,37530,37549,19
12.9334096909,80.2326202393,37753,37773,20
12.9484901428,80.2404937744,38029,38045,16
12.9648799896,80.247177124,38381,38397,16
12.97935009,80.2525405884,38530,38550,20
12.9814395905,80.2525787354,38591,38621,30
13.0065202713,80.2421112061,39399,39420,21
13.0143499374,80.2261505127,39794,39810,16
13.0195598602,80.2244415283,40430,40460,30
13.0224599838,80.2265472412,40510,40531,21
13.0243597031,80.2284317017,40571,40601,30
13.0284204483,80.2358932495,40763,40779,16
13.0296802521,80.2373275757,40801,40821,20
13.0463895798,80.2484817505,41226,41242,16
13.0678796768,80.2692108154,41873,41889,16
13.0681600571,80.2706222534,41911,41932,21
13.0813102722,80.2751083374,46554,46574,20
13.0825300217,80.2786178589,46786,46807,21
13.0728397369,80.2756576538,47069,47085,16
13.062620163,80.2670288086,47422,47438,16
13.0605602264,80.265411377,47471,47491,20
13.0565004349,80.2574462891,47693,47713,20
13.0396299362,80.2470932007,48107,48128,21
13.0359296799,80.2463607788,48198,48214,16
13.0265703201,80.2331619263,48601,48621,20
13.0259895325,80.2314987183,48661,48677,16
13.0068397522,80.2407989502,49215,49231,16
13.0060796738,80.2474212646,49395,49415,20
12.9911003113,80.2506408691,49567,49597,30
12.9642801285,80.2470474243,50072,50088,16
12.9565200806,80.2437591553,50202,50232,30
12.9469299316,80.2399597168,50363,50383,20
12.9339399338,80.2330322266,50545,50565,20
12.7866601944,80.2205734253,52061,52082,21
12.7862100601,80.2209014893,52112,52142,30
12.7862195969,80.2203369141,53072,53102,30
12.8427000046,80.2268829346,53709,53725,16
12.8607797623,80.2264709473,53859,53880,21
12.8726902008,80.2265777588,53981,54010,29
12.8999300003,80.2278213501,54284,54314,30
12.9055995941,80.2280807495,54436,54456,20
12.9559297562,80.2432479858,55123,55143,20
12.9667797089,80.2478790283,55426,55446,20
12.9867095947,80.2515563965,55851,55881,30
12.9894895554,80.2508392334,56012,56033,21
13.0065202713,80.2463531494,56245,56265,20
13.0066003799,80.2424697876,56326,56342,16
13.0073795319,80.2367782593,56405,56425,20
13.0113697052,80.2232666016,56577,56597,20
13.0154495239,80.2249221802,56688,56708,20
13.0154495239,80.2249221802,56708,56724,16
13.0197601318,80.2245330811,56766,56786,20
13.0264701843,80.232673645,56999,57029,30
13.046959877,80.2484512329,57565,57595,30
13.0740203857,80.2763900757,58333,58349,16
13.0818595886,80.27709198,59049,59065,16
13.0815200806,80.2755966187,59077,59097,20
13.0720396042,80.2748565674,59249,59269,20
13.0469198227,80.2486572266,60017,60038,21
13.0363702774,80.2463378906,60240,60270,30
13.0363702774,80.2463378906,60270,60286,16
13.0352296829,80.2461090088,60286,60308,22
13.0267696381,80.2335586548,60723,60743,20
13.0251598358,80.2297973633,60824,60840,16
13.0235004425,80.2277603149,60873,60894,21
13.019900322,80.2247772217,60964,60985,21
13.0142498016,80.2263183594,61055,61072,17
13.0067195892,80.2438278198,61448,61478,30
13.0067100525,80.2453765869,61518,61534,16
12.9642295837,80.2470703125,62194,62210,16
12.9517097473,80.2417297363,62455,62476,21
12.9338903427,80.2330322266,62718,62746,28
12.9133996964,80.2293624878,62959,62979,20
12.9014196396,80.2280502319,63183,63213,30
12.8595695496,80.2264633179,63668,63685,17
12.8451900482,80.2266616821,63777,63798,21
12.839679718,80.2278823853,63868,63885,17
12.7878704071,80.2210464478,64463,64483,20
12.7871799469,80.2208404541,64503,64523,20
12.7865400314,80.2205810547,64544,64564,20
12.725110054,80.1880874634,65282,65312,30
12.7222995758,80.1875762939,65393,65412,19
12.7821598053,80.2182235718,66789,66805,16
12.7856903076,80.2201766968,66847,66868,21
12.7858400345,80.2202529907,66868,66898,30
12.7865800858,80.2205505371,66918,66938,20
12.830739975,80.2295379639,67505,67525,20
12.8453102112,80.2266387939,67909,67929,20
12.9022502899,80.2279891968,68778,68794,16
12.9549999237,80.2429504395,69706,69723,17
12.9664802551,80.247833252,69947,69977,30
12.9914798737,80.2504425049,70850,70866,16
13.0064001083,80.2466430664,70988,71009,21
13.0073299408,80.2368927002,71323,71343,20
13.0088100433,80.2297210693,71434,71464,30
13.0154895782,80.2250213623,71788,71808,20
13.0192203522,80.2244186401,71859,71875,16
13.0241098404,80.2283172607,71978,71998,20
13.0242900848,80.2285308838,72008,72031,23
13.0264902115,80.2329788208,72124,72154,30
13.0817604065,80.2752990723,73904,73920,16
13.0543298721,80.2114334106,23071,23091,20
13.0690002441,80.2062988281,23283,23303,20
13.0693798065,80.2057495117,23323,23353,30
13.0342597961,80.2121429443,24496,24516,20
13.0028095245,80.2197036743,25676,25695,19
12.9763402939,80.2217636108,26165,26185,20
12.9871501923,80.2591018677,28623,28653,30
12.987859726,80.2519226074,28815,28831,16
12.9816102982,80.2333984375,29337,29357,20
12.9819898605,80.2321472168,29387,29404,17
12.9846200943,80.2178573608,29829,29845,16
12.9938201904,80.2178878784,29979,29999,20
13.0074396133,80.2098388672,30332,30352,20
13.0116596222,80.2037277222,30553,30570,17
13.0350704193,80.2103881836,30955,30971,16
13.0496702194,80.2119293213,31326,31346,20
13.060259819,80.2115631104,31528,31544,16
13.0687303543,80.205291748,31769,31789,20
13.0654401779,80.2110900879,32293,32314,21
13.0652399063,80.2112503052,32324,32354,30
13.049659729,80.2121887207,32697,32727,30
13.04570961,80.2123794556,32798,32818,20
13.043970108,80.2124023438,32868,32884,16
13.0295801163,80.2089996338,33320,33340,20
13.0219602585,80.2064437866,33502,33518,16
13.0192804337,80.2064208984,33560,33590,30
13.018699646,80.206237793,33600,33621,21
13.0182104111,80.2060623169,33641,33671,30
13.0145101547,80.2046890259,33752,33768,16
13.0141000748,80.2045593262,33768,33788,20
13.0105199814,80.2117996216,34002,34022,20
13.009180069,80.2113418579,34216,34236,20
13.0090503693,80.211517334,34246,34276,30
13.01101017,80.2173309326,34397,34413,16
13.0105304718,80.2251205444,34699,34719,20
12.9974298477,80.2165298462,34961,34981,20
12.9839696884,80.2180023193,35244,35264,20
12.9757299423,80.220161438,35476,35506,30
12.9816999435,80.2304763794,35738,35758,20
12.9816198349,80.2335510254,35809,35830,21
12.9813804626,80.242767334,36112,36132,20
12.9871997833,80.2595367432,37131,37151,20
12.9869604111,80.2589569092,38172,38192,20
12.9874601364,80.2572479248,38283,38313,30
12.9876098633,80.2557067871,38353,38369,16
12.9876804352,80.2516174316,38441,38462,21
12.9875802994,80.2516098022,38462,38482,20
12.9813499451,80.2427368164,38744,38765,21
12.9815998077,80.2333984375,38916,38936,20
12.9806499481,80.2290725708,39037,39057,20
12.9757604599,80.2211608887,39239,39259,20
12.9837799072,80.2178573608,39450,39471,21
12.9840402603,80.217918396,39481,39497,16
13.0073795319,80.2097930908,39944,39964,20
13.014840126,80.2045288086,40186,40206,20
13.0186500549,80.2059173584,40276,40292,16
13.0301799774,80.2089691162,40467,40487,20
13.0333204269,80.2097473145,40558,40574,16
13.0350198746,80.2112808228,40606,40626,20
13.0479898453,80.2120819092,40868,40889,21
13.0492696762,80.212020874,40929,40949,20
13.0619001389,80.2117004395,41181,41197,16
13.0693702698,80.2048110962,41351,41367,16
13.0679597855,80.205329895,41429,41459,30
13.0581102371,80.2116088867,41833,41849,16
13.0497703552,80.212059021,42002,42021,19
13.0450000763,80.2123794556,42184,42200,16
13.0353803635,80.2123031616,42324,42344,20
13.029589653,80.2089233398,42536,42556,20
13.0291595459,80.2087783813,42566,42582,16
13.0199804306,80.206451416,42725,42748,23
13.0191602707,80.2063369751,42760,42781,21
13.0183200836,80.2060165405,42841,42861,20
13.0145196915,80.2047805786,42952,42982,30
13.0141401291,80.2045974731,42993,43023,30
13.0121603012,80.2206726074,43477,43493,16
12.9975004196,80.2165527344,43898,43918,20
12.9762401581,80.2216873169,44443,44463,20
12.9813203812,80.2428436279,44887,44907,20
12.9802999496,80.2526168823,45058,45078,20
12.986120224,80.2517623901,45209,45226,17
12.9871397018,80.2595367432,45491,45511,20
12.987830162,80.2518386841,47748,47764,16
12.9816198349,80.2332611084,48221,48241,20
12.9805698395,80.2289199829,48332,48362,30
12.976269722,80.2218093872,48513,48529,16
12.9756402969,80.2210388184,48541,48562,21
12.9796895981,80.2186126709,48665,48688,23
12.9873504639,80.2182235718,48800,48822,22
13.0073404312,80.2098312378,49256,49276,20
13.0298204422,80.2089004517,49750,49770,20
13.0319004059,80.2095108032,49820,49836,16
13.0542602539,80.211479187,50232,50252,20
13.0697402954,80.2048721313,51805,51825,20
13.0320596695,80.2116775513,52604,52620,16
13.0094299316,80.2128601074,53288,53304,16
12.9815597534,80.2335205078,54459,54479,20
12.9873800278,80.2588424683,56193,56214,21
12.9798698425,80.2523803711,56536,56556,20
12.9811000824,80.244758606,56677,56698,21
12.9811000824,80.244758606,56698,56714,16
12.9811601639,80.2438964844,56776,56795,19
12.9812402725,80.2379302979,56918,56938,20
12.9757699966,80.2212219238,57301,57321,20
12.9754695892,80.2209320068,57351,57381,30
12.9752998352,80.2205963135,57392,57412,20
13.0061998367,80.2095413208,58027,58047,20
13.0315704346,80.2093887329,58584,58604,20
13.0350399017,80.2113494873,58685,58705,20
13.0538797379,80.211517334,59128,59148,20
13.0544500351,80.2114028931,59159,59179,20
13.0631198883,80.2115325928,59340,59361,21
13.0690202713,80.2052383423,59533,59553,20
13.069560051,80.2048110962,60461,60481,20
13.0650997162,80.2114181519,60592,60612,20
13.0638799667,80.2117996216,60642,60662,20
13.0494804382,80.2122573853,60904,60925,21
13.0494804382,80.2122573853,60925,60941,16
13.034119606,80.2121582031,61261,61282,21
13.0309000015,80.2093963623,61393,61413,20
13.0142002106,80.2046585083,61776,61796,20
12.9974899292,80.2165222168,62694,62724,30
12.984000206,80.2180023193,62996,63018,22
12.9763097763,80.221786499,63190,63220,30
12.9814300537,80.2339630127,63492,63513,21
12.9813499451,80.2387237549,63573,63593,20
12.9872598648,80.2594833374,64409,64429,20
12.9873695374,80.2584915161,65721,65751,30
12.9876804352,80.2549285889,65811,65832,21
12.9877500534,80.2516784668,66051,66072,21
12.9819602966,80.2527084351,66152,66168,16
12.9798603058,80.2522583008,66251,66281,30
12.9811601639,80.2362136841,66584,66600,16
12.9756498337,80.2210769653,67118,67134,16
12.9837999344,80.217918396,67307,67327,20
12.9971504211,80.216506958,67590,67620,30
13.0036001205,80.2119827271,67781,67801,20
13.0073699951,80.2098770142,67932,67949,17
13.0143499374,80.2044296265,68254,68274,20
13.0153198242,80.2048034668,68325,68345,20
13.0242004395,80.2066879272,68678,68708,30
13.0293798447,80.2088012695,68829,68849,20
13.0316200256,80.2094192505,68900,68920,20
13.0350103378,80.2113494873,69011,69041,30
13.0434904099,80.2123184204,69213,69233,20
13.0484800339,80.2120819092,69354,69374,20
13.0631999969,80.2115402222,69636,69656,20
13.0495004654,80.2122802734,71300,71327,27
13.0342197418,80.2122116089,71581,71611,30
13.018989563,80.2063827515,71984,72000,16
13.0177698135,80.2059173584,72013,72031,18
12.9979400635,80.2166671753,73355,73385,30
12.9909296036,80.2194976807,73658,73674,16
12.9839496613,80.2180328369,73787,73807,20
12.9803800583,80.2285003662,74241,74257,16
12.981300354,80.2387466431,74481,74501,20
12.980919838,80.2470626831,74662,74678,16
12.9800596237,80.2523269653,74731,74761,30
12.9821796417,80.2526779175,74812,74830,18
12.987449646,80.2516326904,75881,75897,16
12.9800300598,80.2528076172,75970,75990,20
12.9798603058,80.2521286011,76010,76040,30
12.9812803268,80.243019104,76161,76177,16
12.9806900024,80.2291564941,76463,76483,20
12.9768400192,80.2227783203,76715,76735,20
12.9764995575,80.2222366333,76755,76775,20
12.9756202698,80.2210464478,76897,76917,20
12.9986000061,80.215133667,77371,77387,16
13.0350799561,80.2122192383,78387,78403,16
13.0509395599,80.2120437622,78678,78694,16
13.0544099808,80.2114181519,78716,78736,20
13.0587396622,80.2114181519,78817,78835,18
13.0690202713,80.2052536011,79039,79069,30
13.0492801666,80.2067871094,80007,80027,20
13.0494699478,80.2068786621,80027,80048,21
13.0066299438,80.2474594116,21570,21600,30
13.0312099457,80.2231292725,22508,22524,16
13.0304403305,80.2164611816,22648,22669,21
13.0301198959,80.2091903687,22803,22823,20
13.0302200317,80.2090911865,22823,22843,20
13.0471000671,80.2119598389,23681,23697,16
13.0498800278,80.2116165161,24890,24920,30
13.0442199707,80.212097168,25092,25108,16
13.0397596359,80.1931610107,25504,25524,20
13.036860466,80.198677063,25685,25706,21
13.0358200073,80.2058410645,25837,25853,16
13.0354995728,80.2082519531,25873,25894,21
13.0326004028,80.2119293213,25986,26006,20
13.0321102142,80.2098999023,26047,26064,17
13.0281000137,80.2260971069,26551,26567,16
13.0239200592,80.2282409668,26943,26963,20
13.0069198608,80.2495803833,27599,27619,20
13.0068397522,80.2572097778,27811,27841,30
12.9972801208,80.2559890747,28043,28063,20
12.9972801208,80.2559890747,28063,28079,16
13.0000896454,80.2666702271,28333,28350,17
13.0004701614,80.2659988403,28584,28614,30
13.0004997253,80.265953064,28614,28644,30
13.0003995895,80.2663497925,30644,30664,20
13.0003900528,80.2664108276,30664,30685,21
12.9956598282,80.2673568726,30786,30806,20
12.9961996078,80.262550354,30877,30897,20
12.99903965,80.2561035156,31109,31129,20
13.0064897537,80.2532196045,31371,31391,20
13.0066299438,80.2469177246,31744,31765,21
13.0066404343,80.2408599854,31886,31906,20
13.0073699951,80.2370529175,31956,31977,21
13.0112199783,80.2236709595,32148,32168,20
13.0193395615,80.2242965698,32370,32389,19
13.024310112,80.2284164429,32562,32578,16
13.0286102295,80.2308883667,32752,32772,20
13.030670166,80.2306594849,32893,32913,20
13.0287303925,80.2239990234,33105,33125,20
13.0311899185,80.2230834961,33206,33222,16
13.0321998596,80.2197570801,33264,33284,20
13.0352602005,80.2086486816,33789,33809,20
13.0354404449,80.2072982788,33839,33860,21
13.0370197296,80.1963424683,34081,34102,21
13.038769722,80.1928482056,34204,34224,20
13.0471000671,80.2117767334,34829,34850,21
13.0491104126,80.2108001709,34900,34920,20
13.0489397049,80.2071380615,35001,35021,20
13.0497102737,80.2104492188,35768,35798,30
13.0385398865,80.2018890381,36313,36333,20
13.0392599106,80.1968917847,36593,36614,21
13.0397701263,80.1931991577,36675,36695,20
13.0372600555,80.1959991455,36806,36826,20
13.0368499756,80.198600769,36867,36887,20
13.0354404449,80.2083206177,37089,37115,26
13.028670311,80.2271499634,37905,37923,18
13.0297803879,80.2308578491,38117,38137,20
13.0296297073,80.2308807373,38137,38157,20
13.0277004242,80.2328109741,38238,38268,30
13.0274000168,80.2328796387,38268,38289,21
13.0068798065,80.249458313,39399,39419,20
13.0066204071,80.2549819946,39580,39600,20
12.9995803833,80.2563095093,40054,40075,21
12.9977197647,80.2570571899,40155,40176,21
12.9975996017,80.2564468384,40327,40357,30
12.9961996078,80.2677078247,40599,40620,21
13.0000600815,80.2666625977,40690,40710,20
13.0006904602,80.2564163208,41730,41750,20
13.0065402985,80.2534103394,42073,42093,20
13.0065402985,80.2534103394,42093,42109,16
13.007399559,80.2367782593,42535,42555,20
13.007399559,80.2367782593,42555,42571,16
13.0154895782,80.2249221802,42825,42846,21
13.0198202133,80.2245330811,42957,42977,20
13.0259399414,80.2308273315,43118,43148,30
13.0311603546,80.2170333862,43703,43719,16
13.0348997116,80.2099609375,43984,44000,16
13.0387296677,80.1928482056,44296,44316,20
13.0409803391,80.1993026733,44546,44566,20
13.0437402725,80.2070999146,44748,44764,16
13.0443401337,80.2121582031,44846,44867,21
13.0490198135,80.2068710327,45140,45170,30
13.049200058,80.2073364258,45322,45352,30
13.0407896042,80.2051696777,45877,45893,16
13.0307502747,80.211807251,46753,46769,16
13.0311698914,80.2169189453,46884,46907,23
13.0290603638,80.2242584229,47050,47071,21
13.0298995972,80.2308120728,47282,47303,21
13.0204801559,80.2252120972,47595,47611,16
13.0067901611,80.249671936,48168,48185,17
13.006819725,80.2512664795,48207,48227,20
12.9968004227,80.2573165894,48709,48732,23
12.9958600998,80.2676391602,48857,48877,20
13.000289917,80.2656784058,48978,49008,30
13.0003499985,80.2660980225,50229,50245,16
12.9956703186,80.267326355,50631,50651,20
12.9985599518,80.2559509277,50941,50962,21
13.0065202713,80.25340271,51244,51264,20
13.0065402985,80.2467193604,51567,51583,16
13.0283498764,80.2308578491,52393,52412,19
13.028380394,80.2244491577,52645,52661,16
13.0321702957,80.219619751,52824,52845,21
13.0317001343,80.218460083,52885,52901,16
13.0354003906,80.2077102661,53338,53354,16
13.0362701416,80.2016830444,53467,53487,20
13.0370502472,80.1964035034,53588,53608,20
13.0405797958,80.2021636963,53951,53968,17
13.0436000824,80.2068862915,54083,54106,23
13.0488100052,80.2069778442,54411,54427,16
13.0386400223,80.1929016113,55751,55771,20
13.0300598145,80.209602356,56447,56467,20
13.0308904648,80.2108306885,56518,56534,16
13.0306997299,80.2305374146,57161,57178,17
13.0238800049,80.2282562256,57463,57483,20
13.0092201233,80.2284393311,57756,57772,16
13.0002698898,80.2668991089,59937,59957,20
12.995639801,80.2673034668,60058,60078,20
12.9962501526,80.2620162964,60199,60215,16
12.9987001419,80.2560195923,60479,60500,21
13.000459671,80.2563934326,60560,60576,16
13.006480217,80.2544937134,60780,60810,30
13.006480217,80.2528076172,60891,60921,30
13.0066299438,80.240737915,61194,61224,30
13.0073795319,80.2367706299,61295,61315,20
13.0156202316,80.2250518799,61597,61618,21
13.0195798874,80.2244110107,61709,61729,20
13.0227203369,80.2268218994,61870,61886,16
13.0239601135,80.2279586792,61939,61969,30
13.0299301147,80.2307434082,62545,62575,30
13.0303401947,80.2282791138,62777,62797,20
13.0321598053,80.2197494507,63128,63148,20
13.0301198959,80.2092132568,63534,63550,16
13.0352296829,80.208732605,63663,63682,19
13.0370597839,80.1964416504,63996,64016,20
13.0395202637,80.1930236816,64137,64158,21
13.0467996597,80.2121429443,64743,64763,20
13.0493497849,80.2122802734,65833,65863,30
13.0418701172,80.2053604126,66136,66154,18
13.0397500992,80.1933135986,66479,66499,20
13.0386600494,80.1929397583,66539,66559,20
13.0372600555,80.1961364746,66620,66641,21
13.0368700027,80.1987533569,66702,66732,30
13.0363998413,80.2019195557,66803,66823,20
13.0324802399,80.2119598389,67105,67126,21
13.0303697586,80.214881897,67528,67548,20
13.0307102203,80.2169723511,67599,67619,20
13.0322303772,80.2194900513,67700,67720,20
13.0322303772,80.220413208,67750,67770,20
13.0290603638,80.2243118286,67922,67942,20
13.027009964,80.2330703735,68346,68362,16
13.0239200592,80.2283401489,68499,68519,20
13.0181798935,80.224861145,68671,68687,16
13.0166397095,80.2255020142,68780,68800,20
13.0082302094,80.2336502075,69022,69042,20
13.006819725,80.2410202026,69304,69325,21
13.0067396164,80.2470092773,69436,69452,16
13.0068597794,80.2496871948,69474,69494,20
13.0067796707,80.2515792847,69524,69545,21
13.0066099167,80.2552032471,69605,69625,20
12.9968299866,80.2568664551,69968,69989,21
12.9962100983,80.2624588013,70122,70142,20
13.0002002716,80.2658004761,70384,70404,20
12.9957304001,80.2665634155,70949,70965,16
12.9966802597,80.2576217651,71169,71185,16
12.9988603592,80.2560577393,71319,71339,20
13.002409935,80.2566986084,71409,71426,17
13.0064296722,80.2533493042,71579,71609,30
13.0065898895,80.2484207153,71751,71771,20
13.0065803528,80.2476196289,71872,71892,20
13.0090999603,80.2283935547,72376,72397,21
13.0103197098,80.2257537842,72558,72578,20
13.0193099976,80.224319458,72831,72848,17
13.0196800232,80.2245330811,72848,72870,22
13.0243196487,80.2284317017,72971,72991,20
13.0285196304,80.2309112549,73112,73132,20
13.0306596756,80.2306671143,73304,73334,30
13.032119751,80.2199401855,73707,73728,21
13.0362796783,80.2015914917,74344,74364,20
13.0469999313,80.2118606567,75202,75222,20
13.0495901108,80.2122573853,76353,76373,20
13.044380188,80.2124633789,76464,76484,20
13.0418701172,80.2053604126,76645,76661,16
13.0303297043,80.2092666626,77543,77564,21
13.030960083,80.2101669312,77624,77640,16
13.0065498352,80.2533493042,79045,79061,16
13.0029802322,80.2568511963,79195,79219,24
13.0984201431,80.2408599854,11982,12002,20
13.0983400345,80.2404708862,30780,30800,20
13.0987300873,80.2417602539,53783,53803,20
13.0998296738,80.2602310181,55196,55217,21
13.0986700058,80.26612854,55429,55449,20
13.1045703888,80.2760162354,55771,55792,21
13.1039304733,80.2738037109,56386,56416,30
13.0990896225,80.2598419189,56790,56806,16
13.0976104736,80.2550582886,57031,57051,20
13.0977497101,80.2528381348,57193,57213,20
13.097820282,80.2521209717,57253,57273,20
13.097820282,80.251991272,57273,57294,21
13.0972299576,80.2430801392,57475,57492,17
13.0984897614,80.1821517944,58705,58725,20
13.0978002548,80.1780014038,58796,58812,16
13.0997495651,80.1696014404,59016,59032,16
13.1056804657,80.1523284912,59337,59354,17
13.1178703308,80.1495437622,59628,59644,16
13.1217403412,80.1480636597,59707,59736,29
13.1228199005,80.1486434937,59798,59818,20
13.1250600815,80.1525802612,59889,59905,16
13.1274795532,80.1539993286,59927,59947,20
13.1307897568,80.1592712402,60048,60068,20
13.1303195953,80.1584777832,60674,60694,20
13.1196098328,80.150177002,60977,61007,30
13.1180400848,80.1496429443,61048,61068,20
13.1102800369,80.1523132324,61219,61240,21
13.1061000824,80.1523895264,61310,61330,20
13.1043996811,80.1535873413,61371,61387,16
13.1014900208,80.1623306274,61511,61531,20
13.0996599197,80.1711273193,61804,61824,20
13.09815979,80.176109314,61905,61935,30
13.0980501175,80.1800384521,62006,62022,16
13.0983104706,80.1809768677,62022,62045,23
13.0997600555,80.1865234375,62177,62197,20
13.1013202667,80.1898117065,62267,62288,21
13.1032400131,80.199256897,62449,62469,20
13.103679657,80.2028579712,62540,62560,20
13.1031599045,80.2077484131,62651,62681,30
13.1012096405,80.2133102417,62803,62823,20
13.100859642,80.2141723633,62853,62873,20
13.0988998413,80.2321929932,63217,63237,20
13.0984201431,80.2354431152,63307,63328,21
13.0976896286,80.2406387329,63439,63465,26
13.0969800949,80.2448196411,63588,63608,20
13.0975103378,80.2486495972,63679,63709,30
13.0980901718,80.2509002686,63760,63776,16
13.0978002548,80.2527389526,63808,63838,30
13.0975704193,80.2560806274,63920,63941,21
13.0991096497,80.2635574341,64244,64274,30
13.0984601974,80.2669906616,64355,64375,20
13.1038799286,80.2731018066,64587,64603,16
13.1040897369,80.2742004395,64603,64625,22
13.1046104431,80.2761383057,64665,64695,30
13.10435009,80.2771224976,65070,65100,30
13.0986099243,80.2662124634,65887,65908,21
13.0992002487,80.2597808838,66180,66200,20
13.0973796844,80.2579498291,66483,66503,20
13.0977897644,80.2519836426,66655,66675,20
13.0972795486,80.2480392456,66766,66786,20
13.096830368,80.2456130981,66857,66877,20
13.0983600616,80.2351837158,67210,67226,16
13.0996704102,80.2298278809,67380,67400,20
13.1027803421,80.2085418701,68026,68046,20
13.1030597687,80.1990737915,68309,68325,16
13.1011600494,80.1902313232,68458,68478,20
13.0984401703,80.181892395,68691,68711,20
13.1013402939,80.1624832153,69244,69264,20
13.1116199493,80.1512298584,69648,69668,20
13.1307401657,80.1593322754,70395,70425,30
13.1302995682,80.1585388184,71384,71404,20
13.1102800369,80.1522979736,71949,71965,16
13.0998296738,80.1694793701,72413,72443,30
13.0995702744,80.1711196899,72493,72513,20
13.0980701447,80.1762008667,72604,72625,21
13.0982398987,80.1809997559,72705,72726,21
13.1012601852,80.1897506714,72988,73008,20
13.1036100388,80.2028808594,73251,73271,20
13.0988397598,80.2323226929,73979,73999,20
13.0977602005,80.2527084351,74534,74554,20
13.0973300934,80.2592773438,74756,74776,20
13.099820137,80.2599411011,74847,74867,20
13.0992898941,80.2621307373,75029,75049,20
13.0983896255,80.267036438,75221,75241,20
13.1044101715,80.2758102417,75524,75544,20
13.0977602005,80.251991272,77099,77119,20
13.0972900391,80.2423019409,77331,77361,30
13.0991296768,80.2313537598,77604,77620,16
13.1001996994,80.2154388428,77905,77925,20
13.1025695801,80.209312439,78076,78097,21
13.1029996872,80.2079696655,78147,78167,20
13.1003503799,80.1885070801,78581,78598,17
13.101360321,80.1628799438,79074,79090,16
13.1013803482,80.162109375,79090,79110,20
13.1099100113,80.1522598267,79335,79351,16
13.1068401337,80.1523284912,80404,80420,16
13.1000404358,80.1678924561,80664,80681,17
13.0996704102,80.1707382202,80733,80752,19
13.1014604568,80.1908416748,81118,81134,16
13.0974502563,80.2419281006,81935,81955,20
13.1002397537,80.2146911621,21656,21676,20
13.0873003006,80.2344970703,22040,22056,16
13.0663604736,80.2434463501,22461,22478,17
13.0548200607,80.2423477173,22794,22810,16
13.0118503571,80.2272033691,23680,23697,17
13.0068998337,80.2401733398,23831,23861,30
13.0064897537,80.2574386597,26505,26525,20
13.0064897537,80.2574386597,26525,26541,16
13.0066204071,80.2438964844,26797,26817,20
13.0146903992,80.2242965698,27150,27166,16
13.0155601501,80.2250900269,27166,27188,22
13.0219202042,80.2261428833,27269,27289,20
13.0343198776,80.2373275757,27683,27713,30
13.0343599319,80.2375411987,27733,27761,28
13.0410804749,80.2406005859,27872,27893,21
13.0447597504,80.2404403687,27953,27973,20
13.0540504456,80.2422485352,28175,28195,20
13.0655603409,80.243560791,28407,28435,28
13.0700702667,80.2421035767,28505,28526,21
13.0762996674,80.236831665,28688,28718,30
13.0762195587,80.2361526489,28738,28754,16
13.0757398605,80.2341003418,28776,28796,20
13.0803003311,80.2335205078,28898,28918,20
13.0889101028,80.2304916382,29190,29210,20
13.1003103256,80.2145309448,29642,29662,20
13.0912504196,80.2276535034,31176,31204,28
13.0891504288,80.2302398682,31255,31275,20
13.0888395309,80.2309417725,31285,31315,30
13.0888395309,80.2309417725,31315,31338,23
13.0823898315,80.2336502075,31552,31573,21
13.0795001984,80.2334976196,31623,31643,20
13.0760002136,80.2345199585,31714,31733,19
13.0765104294,80.2372894287,31774,31795,21
13.0785198212,80.2506790161,32027,32057,30
13.0785503387,80.251083374,32067,32087,20
13.0785303116,80.2516403198,32128,32158,30
13.0719299316,80.2506713867,32279,32295,16
13.0678501129,80.2465896606,32561,32582,21
13.0678501129,80.2465896606,32582,32600,18
13.0631799698,80.2442932129,32773,32791,18
13.0304403305,80.230758667,33743,33759,16
13.0240097046,80.2282562256,34206,34226,20
13.0160903931,80.2255630493,34368,34384,16
13.0145101547,80.2262191772,34384,34406,22
13.008480072,80.2323684692,34588,34608,20
13.0083198547,80.2334213257,34628,34648,20
13.0081396103,80.2341995239,34668,34688,20
13.0078802109,80.2355422974,34719,34749,30
13.0069103241,80.2404785156,34890,34910,20
13.0067596436,80.2428970337,34991,35021,30
13.0067195892,80.2451782227,35072,35102,30
13.0068998337,80.2495574951,35173,35193,20
13.0066404343,80.2546005249,35284,35304,20
13.0002002716,80.2563934326,35566,35582,16
12.9962596893,80.2624206543,35797,35822,25
12.9962797165,80.2676773071,35892,35912,20
13.0001497269,80.2664489746,35963,35993,30
12.9962100983,80.2625427246,36629,36649,20
13.0065402985,80.2522735596,37224,37254,30
13.0207796097,80.2253036499,38142,38162,20
13.0218000412,80.2260665894,38203,38223,20
13.0228996277,80.2270278931,38273,38294,21
13.023730278,80.2277526855,38324,38344,20
13.0240898132,80.2280731201,38364,38384,20
13.0289402008,80.2308578491,38667,38687,20
13.0540103912,80.2422332764,39615,39643,28
13.0625200272,80.2433166504,39855,39876,21
13.070019722,80.2419891357,40077,40098,21
13.0763101578,80.2368392944,40249,40269,20
13.0840902328,80.2339630127,40582,40602,20
13.0852899551,80.2341995239,40632,40648,16
13.1002998352,80.2145080566,41175,41195,20
13.0886697769,80.2312164307,42439,42460,21
13.0761003494,80.2338409424,42732,42752,20
13.0763196945,80.2366790771,42813,42833,20
13.0775499344,80.2421417236,42944,42960,16
13.051320076,80.2406616211,43900,43921,21
13.0466098785,80.2396469116,44050,44068,18
13.0300598145,80.230796814,44656,44684,28
13.0235099792,80.227722168,44997,45027,30
13.0069503784,80.2397613525,45441,45471,30
13.0065603256,80.2444076538,45552,45582,30
13.0066003799,80.2466812134,46739,46760,21
13.0104799271,80.2254562378,47083,47103,20
13.0154600143,80.224937439,47244,47274,30
13.0219898224,80.2261962891,47395,47411,16
13.0348596573,80.2303771973,47777,47807,30
13.0625,80.2433319092,48888,48908,20
13.0700502396,80.2420806885,49170,49200,30
13.0769796371,80.2398300171,49321,49342,21
13.0803203583,80.2334976196,49705,49725,20
13.0840597153,80.2339477539,49866,49886,20
13.0914497375,80.2272186279,50068,50088,20
13.0964097977,80.2192382813,50229,50246,17
13.067779541,80.2464981079,53852,53872,20
13.0477399826,80.2398605347,54457,54473,16
13.0470104218,80.2359313965,54556,54576,20
13.0367698669,80.2307891846,54778,54798,20
13.0355300903,80.2303466797,54818,54848,30
13.0234498978,80.2276611328,55212,55228,16
13.0139398575,80.2264099121,55341,55360,19
13.0069198608,80.239982605,55544,55574,30
13.0065803528,80.2547912598,55818,55838,20
13.0000295639,80.2667007446,56534,56551,17
12.9956703186,80.2673492432,56958,56978,20
12.9968395233,80.256362915,57150,57180,30
13.0008001328,80.2564620972,57271,57291,20
13.0047998428,80.2572097778,57362,57378,16
13.0151700974,80.2247390747,58288,58308,20
13.0242004395,80.2282409668,58520,58536,16
13.0531997681,80.2419433594,59629,59645,16
13.0701398849,80.2420196533,60061,60081,20
13.0704202652,80.2419586182,60091,60107,16
13.0871200562,80.2346420288,60694,60710,16
13.0963096619,80.2194671631,60956,60976,20
13.0983104706,80.214302063,61057,61077,20
13.1002597809,80.2145614624,61127,61147,20
13.0775203705,80.2336196899,62429,62445,16
13.0771303177,80.2400436401,62548,62568,20
13.0668897629,80.2432174683,62992,63012,20
13.0677900314,80.2465591431,63103,63123,20
13.0630702972,80.2444076538,63295,63315,20
13.0634403229,80.2436599731,63335,63351,16
13.0615501404,80.2431488037,63383,63404,21
13.05727005,80.2428283691,63545,63565,20
13.0537796021,80.2422714233,63656,63686,30
13.0536804199,80.2422332764,63686,63706,20
13.0510997772,80.2406082153,63787,63807,20
13.049949646,80.2403717041,63837,63854,17
13.0368204117,80.2308502197,64219,64239,20
13.0364398956,80.2306289673,64249,64279,30
13.0320196152,80.2306594849,64421,64441,20
13.0312404633,80.2306900024,64461,64491,30
13.0301399231,80.2308425903,64562,64578,16
13.0246896744,80.2292022705,64762,64782,20
13.0198802948,80.2248306274,64903,64933,30
13.0137996674,80.2265777588,65014,65034,20
13.0136804581,80.2266082764,65044,65061,17
13.0073795319,80.2377090454,65234,65254,20
13.0073204041,80.2379837036,65264,65284,20
13.0067501068,80.2471923828,65496,65512,16
13.0068702698,80.249458313,65525,65545,20
13.0068302155,80.2580718994,65918,65948,30
13.006529808,80.2525100708,66090,66120,30
13.0065698624,80.2466812134,67198,67228,30
13.0065803528,80.2459030151,67319,67339,20
13.0065402985,80.2417221069,67450,67470,20
13.0065803528,80.2410736084,67490,67506,16
13.0105199814,80.2253875732,67781,67801,20
13.0156202316,80.225151062,68003,68033,30
13.0256204605,80.2302017212,68346,68376,30
13.0257101059,80.2303237915,68376,68396,20
13.0409803391,80.2406387329,69305,69335,30
13.0460796356,80.2395706177,69466,69496,30
13.056520462,80.2426986694,69839,69866,27
13.0600404739,80.2428207397,69989,70009,20
13.0615797043,80.243270874,70090,70110,20
13.0625200272,80.2434387207,70140,70170,30
13.0659999847,80.2435684204,70342,70362,20
13.0712995529,80.2417373657,70604,70624,20
13.0722904205,80.2411575317,70715,70735,20
13.0762796402,80.236907959,70998,71018,20
13.0830698013,80.2308807373,71321,71337,16
13.0834598541,80.2337036133,71357,71379,22
13.0913600922,80.2273101807,71682,71712,30
13.0360202789,80.2305908203,75386,75406,20
13.0341396332,80.2304229736,75548,75578,30
13.0333995819,80.2304992676,75588,75607,19
13.0240602493,80.2285232544,75921,75941,20
13.0130500793,80.2267837524,76173,76189,16
13.0065698624,80.2549972534,76635,76656,21
13.000169754,80.266456604,77362,77382,20
12.9967803955,80.2565612793,77745,77761,16
12.9988803864,80.2560806274,77824,77844,20
13.0064897537,80.256401062,78006,78022,16
13.0065097809,80.2532424927,78094,78115,21
13.0348901749,80.2303771973,79154,79170,16
13.0342197418,80.2372131348,79253,79273,20
13.0626802444,80.2433776855,79878,79894,16
13.0656099319,80.2434997559,79917,79937,20
13.0766801834,80.2385406494,80159,80175,16
13.0878801346,80.2340774536,80520,80536,16
13.0974798203,80.241859436,81387,81407,20
12.9861698151,80.2555389404,27354,27374,20
12.9789495468,80.2526779175,27515,27536,21
12.956489563,80.2436828613,27859,27879,20
12.9377002716,80.2348022461,28212,28228,16
12.9191198349,80.2301330566,28442,28462,20
12.8986997604,80.2279281616,28765,28782,17
12.8764801025,80.2268981934,30309,30330,21
12.8859596252,80.2267990112,30461,30477,16
12.9031896591,80.2279815674,30893,30913,20
12.9139404297,80.2292709351,31337,31367,30
12.9263801575,80.2309188843,31509,31529,20
12.9335803986,80.2326965332,31650,31670,20
12.934679985,80.2332305908,31701,31719,18
12.9392995834,80.2354202271,31803,31823,20
12.9472799301,80.239982605,31934,31954,20
12.9510498047,80.2413101196,32116,32136,20
12.9562797546,80.2433013916,32247,32277,30
12.9588603973,80.2444000244,32317,32338,21
12.9666404724,80.2478485107,32570,32590,20
12.9799499512,80.2524032593,32762,32782,20
12.9812002182,80.2437591553,32893,32923,30
12.9781398773,80.2247314453,33347,33364,17
12.9865398407,80.2229690552,33619,33635,16
12.993689537,80.2179107666,33799,33829,30
12.9943599701,80.2174606323,33849,33879,30
12.9957304001,80.2166366577,33920,33940,20
12.9957304001,80.2166366577,33940,33956,16
12.9975204468,80.2161483765,34029,34049,20
13.0131797791,80.2102432251,34665,34681,16
13.0091199875,80.2114028931,35006,35026,20
12.9975299835,80.2165527344,35612,35632,20
12.9951000214,80.2171020508,35679,35694,15
12.9816703796,80.2304763794,36289,36309,20
12.9820804596,80.2321624756,36340,36370,30
12.9818201065,80.2331085205,36401,36421,20
12.9813995361,80.2428436279,36703,36724,21
12.978679657,80.2526473999,36875,36891,16
12.9650402069,80.2474212646,37055,37075,20
12.9639902115,80.2470321655,37095,37125,30
12.959400177,80.2448577881,37196,37212,16
12.9565601349,80.2438201904,37245,37275,30
12.9338502884,80.2330093384,37670,37690,20
12.9262399673,80.2310333252,37801,37817,16
12.8997402191,80.2279129028,38304,38324,20
12.8929300308,80.2275238037,38405,38425,20
12.8929300308,80.2275238037,38425,38441,16
12.876660347,80.2242965698,38695,38712,17
12.8791704178,80.2109680176,39150,39180,30
12.8764400482,80.2268295288,39513,39533,20
12.8972597122,80.2276611328,39796,39812,16
12.9026899338,80.2279815674,39945,39965,20
12.9036798477,80.228012085,39986,40009,23
12.90583992,80.2281570435,40009,40031,22
12.9371404648,80.2343902588,40455,40471,16
12.9564504623,80.2433624268,40757,40777,20
12.9813299179,80.2427978516,41221,41237,16
12.9812402725,80.2380371094,41310,41340,30
12.9772701263,80.2227325439,41593,41613,20
12.9863595963,80.2229614258,41885,41906,21
13.004650116,80.2089233398,42330,42350,20
13.0070295334,80.2097473145,42421,42441,20
13.0075397491,80.2057723999,42552,42568,16
13.0118598938,80.2127990723,42853,42873,20
13.0123996735,80.2214889526,43741,43758,17
12.9832296371,80.2222290039,44492,44513,21
12.9830303192,80.2220916748,44523,44543,20
12.9828901291,80.2219619751,44543,44573,30
12.981300354,80.2386474609,45017,45034,17
12.9813299179,80.2427902222,45096,45116,20
12.9785995483,80.2526168823,45238,45258,20
12.9725799561,80.2501983643,45328,45349,21
12.9652795792,80.2474975586,45429,45450,21
12.9636096954,80.2468795776,45480,45510,30
12.9593601227,80.2448730469,45561,45581,20
12.956489563,80.2437973022,45682,45712,30
12.9471702576,80.2400970459,45874,45894,20
12.9338703156,80.2330169678,46106,46122,16
12.9075298309,80.2284469604,46418,46438,20
12.8998298645,80.2279434204,46579,46600,21
12.8846597672,80.2267684937,46852,46868,16
12.8745698929,80.2101364136,47146,47166,20
12.8941202164,80.2275009155,48971,48991,20
12.900560379,80.2278366089,49062,49092,30
12.9061803818,80.2281570435,49193,49223,30
12.9140300751,80.2292861938,49314,49334,20
12.9194097519,80.2300415039,49415,49431,16
12.926320076,80.2309570313,49484,49504,20
12.9336996078,80.2327575684,49575,49595,20
12.9397296906,80.2356567383,49676,49696,20
12.9472198486,80.2399597168,49797,49817,20
12.9668397903,80.2479705811,50170,50199,29
12.9816102982,80.2333908081,50634,50654,20
12.9819898605,80.2319107056,50684,50701,17
13.006360054,80.2096328735,51651,51672,21
13.0067300797,80.2096786499,51682,51698,16
13.0122699738,80.2209396362,52879,52895,16
13.01541996,80.2252120972,52948,52968,20
12.9875802994,80.2230987549,53503,53519,16
12.9832401276,80.2221603394,53582,53602,20
12.9798402786,80.2211380005,53653,53671,18
12.9401597977,80.2359390259,54865,54885,20
12.9339399338,80.2330322266,54956,54976,20
12.9145898819,80.2294769287,55158,55174,16
12.9069900513,80.2284011841,55237,55257,20
12.8993701935,80.2279434204,55469,55489,20
12.8745098114,80.2100982666,55974,55994,20
12.8792104721,80.2109832764,56277,56297,20
12.9007101059,80.2277984619,56771,56791,20
12.9139604568,80.2292480469,56993,57014,21
12.9485797882,80.2404937744,57468,57488,20
12.9631500244,80.2464675903,57751,57781,30
12.9668998718,80.2480163574,57841,57862,21
12.9799203873,80.2524795532,58013,58033,20
12.9805603027,80.2501983643,58084,58100,16
12.9815998077,80.2334136963,58334,58354,20
12.9771900177,80.2227325439,58607,58637,30
12.9904603958,80.2203903198,58940,58956,16
13.0067501068,80.2097167969,59281,59301,20
13.0101604462,80.2116394043,59685,59705,20
13.009059906,80.21144104,60786,60806,20
13.0137395859,80.2231674194,60967,60983,16
13.0152797699,80.2250213623,61006,61025,19
12.9975204468,80.2165298462,61389,61415,26
12.9876298904,80.2231292725,61630,61650,20
12.9865503311,80.2229995728,61700,61721,21
12.9832000732,80.2221679688,61801,61821,20
12.9764003754,80.2218399048,61973,62003,30
12.9776000977,80.2238616943,62054,62070,16
12.9816799164,80.2305221558,62143,62162,19
12.9814195633,80.2426376343,62385,62405,20
12.9796495438,80.2528381348,62607,62623,16
12.9680900574,80.2486724854,62757,62781,24
12.9651498795,80.247428894,62803,62823,20
12.9566001892,80.243812561,62985,63015,30
12.9069595337,80.2283401489,63722,63738,16
12.899479866,80.2279815674,63881,63901,20
12.8993196487,80.2279510498,63911,63932,21
12.8932600021,80.2275924683,63992,64012,20
12.8764095306,80.226852417,64295,64311,16
12.8791904449,80.2109832764,64433,64455,22
12.8746595383,80.2101516724,64515,64535,20
12.9000501633,80.2278594971,65979,66000,21
12.9191904068,80.2300491333,66472,66492,20
12.9257602692,80.2309188843,66573,66589,16
12.9336004257,80.2327575684,66695,66715,20
12.9336004257,80.2327575684,66715,66741,26
12.9352197647,80.2334976196,66753,66773,20
12.9508304596,80.2413024902,67187,67207,20
12.9552402496,80.2430267334,67278,67294,16
12.9743900299,80.250579834,67599,67619,20
12.9812498093,80.2436981201,68013,68043,30
12.9812402725,80.2379608154,68265,68286,21
12.9815797806,80.2333984375,68356,68376,20
12.9819402695,80.232093811,68427,68443,16
12.9805803299,80.2290420532,68516,68546,30
12.9829998016,80.222038269,68887,68907,20
12.9975795746,80.2160873413,69319,69340,21
13.0036001205,80.2120132446,69491,69511,20
13.010140419,80.2116699219,70543,70563,20
13.0098600388,80.2114562988,70573,70594,21
13.0149898529,80.2259902954,71058,71078,20
13.0122804642,80.2270584106,71119,71135,16
12.9981498718,80.2166976929,71663,71693,30
12.9978399277,80.2166366577,71693,71713,20
12.9975795746,80.2165985107,71734,71764,30
12.9962797165,80.2166671753,71824,71845,21
12.9907398224,80.2202224731,71986,72006,20
12.9878997803,80.2230300903,72138,72158,20
12.9836797714,80.2225189209,72279,72299,20
12.9767599106,80.2212982178,72481,72501,20
12.9763298035,80.2218399048,72541,72562,21
12.9812803268,80.2385406494,72986,73016,30
12.9813604355,80.2428588867,73127,73143,16
12.9651699066,80.2474517822,73489,73510,21
12.8848304749,80.2268295288,74963,74983,20
12.8763599396,80.2265777588,75084,75104,20
12.8763999939,80.2264022827,75114,75130,16
12.8792104721,80.2110290527,75253,75274,21
12.8790597916,80.2110290527,76748,76766,18
12.9041004181,80.2280578613,77495,77515,20
12.9562797546,80.2433166504,78424,78444,20
12.966050148,80.2476119995,78636,78652,16
12.9799699783,80.2523193359,78786,78807,21
12.9807500839,80.248878479,78857,78873,16
12.9813299179,80.2431030273,78926,78946,20
12.981300354,80.23828125,79017,79037,20
12.9816102982,80.2333984375,79118,79138,20
12.9854803085,80.2232437134,79663,79679,16
13.0067100525,80.2488174438,80903,80919,16
12.9976596832,80.2560806274,81225,81241,16
12.9873800278,80.2591171265,18423,18453,30
13.0164604187,80.2596588135,18958,18974,16
13.0293798447,80.2644882202,19239,19255,16
13.0350999832,80.267906189,19378,19398,20
13.0586700439,80.2480697632,19935,19951,16
13.069439888,80.2422409058,20115,20135,20
13.1081399918,80.2476882935,21310,21326,16
13.1082296371,80.2478866577,22509,22529,20
13.1080503464,80.2446212769,22600,22620,20
13.1090297699,80.2436828613,22681,22697,16
13.0794000626,80.2546005249,23567,23588,21
13.0788002014,80.2518997192,23628,23648,20
13.0679397583,80.246711731,23941,23971,30
13.0663995743,80.2479019165,24032,24048,16
13.0604400635,80.247467041,24100,24121,21
13.0558099747,80.2490386963,24201,24224,23
13.0475702286,80.25415802,24368,24391,23
13.0445995331,80.2655029297,24534,24553,19
13.0341501236,80.2679290771,24767,24797,30
13.0307598114,80.2668075562,24858,24874,16
12.9977197647,80.2559509277,25401,25417,16
12.9874601364,80.2583618164,25580,25601,21
12.987159729,80.2590484619,26669,26699,30
13.0065002441,80.2575302124,27195,27211,16
13.0292701721,80.265838623,27689,27709,20
13.0366001129,80.2676696777,27860,27876,16
13.044719696,80.2627410889,28233,28256,23
13.0624704361,80.2449188232,28682,28702,20
13.0785903931,80.2444381714,29015,29035,20
13.0858602524,80.2504425049,29207,29223,16
13.0901098251,80.2510375977,29304,29327,23
13.0971298218,80.251373291,29519,29539,20
13.1081399918,80.2446289063,30084,30105,21
13.1080999374,80.2478103638,30165,30195,30
13.1085596085,80.2426605225,31558,31575,17
13.094420433,80.2509765625,32061,32091,30
13.0855798721,80.2545394897,32443,32463,20
13.0834102631,80.254447937,32513,32534,21
13.0793399811,80.2545700073,32604,32633,29
13.0788202286,80.2517166138,32786,32816,30
13.0692796707,80.2431869507,33058,33079,21
13.0661897659,80.2435913086,33170,33190,20
13.0678596497,80.2466506958,33281,33307,26
13.0665302277,80.2477798462,33350,33371,21
13.0462398529,80.2565612793,34442,34462,20
13.0460996628,80.2567596436,34462,34482,20
13.044719696,80.2633285522,34573,34593,20
13.0344295502,80.2679367065,34997,35017,20
13.02987957,80.2665023804,35118,35138,20
13.0218801498,80.2632217407,35320,35336,16
13.0161600113,80.2596817017,35429,35449,20
12.987039566,80.2590789795,37024,37044,20
13.0057001114,80.2572937012,37811,37831,20
13.0077199936,80.2586364746,37882,37902,20
13.0229701996,80.2638092041,38195,38215,20
13.026550293,80.2637023926,38306,38326,20
13.0291595459,80.2662582397,38467,38484,17
13.0416603088,80.2681121826,38910,38930,20
13.044719696,80.2627563477,39081,39101,20
13.0461397171,80.2565917969,39182,39210,28
13.0475502014,80.2540817261,39261,39291,30
13.0506401062,80.2522506714,39382,39412,30
13.0531597137,80.2504882813,39564,39584,20
13.0554304123,80.2491531372,39643,39665,22
13.059510231,80.2477416992,39725,39755,30
13.0624799728,80.2449111938,39826,39846,20
13.0700597763,80.2420120239,39988,40008,20
13.0777301788,80.2427215576,40139,40155,16
13.0809803009,80.2493362427,40320,40343,23
13.0840196609,80.25,40365,40384,19
13.0870199203,80.2504806519,40487,40507,20
13.1062498093,80.24243927,41205,41221,16
13.1082401276,80.2443237305,41324,41354,30
13.1079502106,80.245010376,41375,41396,21
13.108039856,80.247543335,41409,41429,20
13.1086196899,80.2442016602,41782,41799,17
13.0971803665,80.2513580322,42275,42295,20
13.09375,80.2509307861,42356,42376,20
13.087269783,80.250579834,42568,42588,20
13.0864095688,80.2505569458,42608,42628,20
13.0836200714,80.2545928955,42800,42820,20
13.0788402557,80.2520523071,42941,42962,21
13.0779104233,80.2517929077,43002,43018,16
13.0678501129,80.2466506958,43334,43354,20
13.0606098175,80.2474212646,43496,43516,20
13.0542402267,80.2498168945,43687,43708,21
13.0479402542,80.2539520264,43829,43849,20
13.0460300446,80.2566986084,43899,43919,20
13.0447101593,80.2631835938,44010,44031,21
13.0441398621,80.2683029175,44132,44152,20
13.0411195755,80.2682266235,44192,44212,20
13.0380601883,80.2676773071,44283,44303,20
13.0344800949,80.2680130005,44475,44505,30
13.032959938,80.2677307129,44535,44555,20
13.0299196243,80.2667236328,44626,44646,20
13.0295600891,80.2666168213,44646,44666,20
13.0253601074,80.2655029297,44778,44798,20
13.022190094,80.2636032104,44858,44878,20
13.003370285,80.2568588257,45422,45442,20
13.0020399094,80.2566070557,45482,45512,30
12.9997997284,80.2562637329,45593,45613,20
12.9872598648,80.2585220337,54327,54347,20
12.9861497879,80.2555007935,54458,54478,20
12.98416996,80.255027771,54529,54545,16
12.9638795853,80.2468795776,54850,54870,20
12.9338197708,80.2329177856,55429,55449,20
12.9098396301,80.228729248,55762,55778,16
12.9068698883,80.2282867432,55790,55811,21
12.9001102448,80.2278671265,55992,56013,21
12.8924198151,80.2274017334,56164,56180,16
12.8399496078,80.2276611328,56818,56848,30
12.7862596512,80.2203903198,57666,57696,30
12.7862195969,80.2215805054,57737,57767,30
12.786190033,80.2204971313,59766,59786,20
12.7865104675,80.2204666138,59796,59816,20
12.7963600159,80.2229919434,59978,60008,30
12.8012695313,80.2235870361,60089,60119,30
12.8149499893,80.2293319702,60321,60337,16
12.8310699463,80.2293624878,60490,60511,21
12.8453998566,80.2265625,60783,60803,20
12.8768997192,80.2269134521,61258,61278,20
12.9068803787,80.2282562256,61752,61773,21
12.9439001083,80.2375717163,62368,62384,16
12.9472398758,80.2399978638,62417,62437,20
12.9564399719,80.2433700562,62669,62689,20
12.9630804062,80.2464981079,62800,62820,20
12.963470459,80.2466812134,62841,62857,16
12.9794101715,80.2526397705,63141,63162,21
12.9877004623,80.2556610107,63626,63646,20
12.9986696243,80.256072998,64149,64179,30
12.9989795685,80.256111145,64189,64210,21
13.0065002441,80.2537994385,64451,64472,21
13.0066900253,80.2489776611,64835,64851,16
13.0066204071,80.2462310791,65015,65045,30
13.0066404343,80.2455596924,65066,65086,20
13.0156002045,80.2251281738,65651,65671,20
13.019780159,80.2245635986,65742,65762,20
13.0284204483,80.2308502197,66015,66045,30
13.0287904739,80.2308807373,66045,66065,20
13.0263900757,80.2330322266,67731,67747,16
13.0142402649,80.2263793945,68294,68314,20
13.0068998337,80.2402496338,68769,68799,30
13.0066099167,80.2550506592,69112,69142,30
12.986120224,80.255569458,69818,69838,20
12.9859399796,80.2555084229,69848,69878,30
12.9853200912,80.2553482056,69898,69915,17
12.9786396027,80.2526779175,70058,70078,20
12.9593801498,80.2448806763,70431,70452,21
12.9495897293,80.2410812378,70815,70835,20
12.9470996857,80.2400817871,70896,70926,30
12.9239301682,80.2308197021,71370,71386,16
12.913020134,80.2293167114,71520,71540,20
12.8994998932,80.2279663086,71843,71863,20
12.8989496231,80.2279281616,71883,71913,30
12.8694601059,80.2265777588,72388,72404,16
12.8609600067,80.2266769409,72478,72498,20
12.8453998566,80.2266769409,72690,72710,20
12.8397302628,80.2277679443,72791,72821,30
12.8322095871,80.2292098999,72912,72932,20
12.7871999741,80.2208099365,73639,73659,20
12.8002901077,80.2235565186,75821,75837,16
12.8310699463,80.2293701172,76203,76223,20
12.8380002975,80.2281036377,76385,76415,30
12.8456802368,80.2265625,76688,76718,30
12.8499498367,80.2265472412,76779,76799,20
12.8500995636,80.2265777588,76799,76819,20
12.9052801132,80.2281112671,77655,77671,16
12.9060602188,80.2281265259,77754,77774,20
12.9192399979,80.2300033569,78018,78038,20
12.9196195602,80.2300567627,78048,78064,16
12.9765396118,80.2511672974,79005,79021,16
12.9831600189,80.252532959,79117,79136,19
12.9838495255,80.2523574829,79146,79167,21
12.9850702286,80.2520217896,79258,79278,20
13.0339202881,80.2304229736,81015,81031,16
13.0342798233,80.2304534912,81326,81356,30
13.0233697891,80.2276077271,81952,81982,30
13.0159902573,80.2255630493,82103,82119,16
13.0066604614,80.2572479248,82537,82558,21
12.9860496521,80.2555084229,82901,82921,20
12.957909584,80.2441177368,83365,83382,17
12.9516401291,80.2416381836,83505,83525,20
12.8025798798,80.2237319946,85242,85258,16
12.78606987,80.2204589844,85474,85491,17
12.7862300873,80.2221603394,85524,85554,30
13.082159996,80.2782592773,22428,22449,21
13.0572595596,80.2601470947,22933,22950,17
13.0344400406,80.2452011108,23265,23281,16
13.0143995285,80.2262496948,23596,23616,20
13.0069198608,80.2401504517,23798,23818,20
13.0067796707,80.247177124,23888,23909,21
12.8397102356,80.2277984619,25626,25646,20
12.8277397156,80.2309036255,25767,25783,16
12.7220401764,80.1875686646,29169,29199,30
12.7298202515,80.1889724731,29351,29371,20
12.7864999771,80.220451355,30108,30128,20
12.8073101044,80.2255935669,30482,30497,15
12.8310403824,80.2293395996,30688,30710,22
12.8315896988,80.2291412354,30730,30750,20
12.913769722,80.2292175293,32002,32022,20
12.9172096252,80.2297286987,32082,32103,21
12.9397802353,80.2356185913,32355,32375,20
12.941280365,80.2360992432,32395,32412,17
12.9563398361,80.2433166504,32828,32848,20
12.9626598358,80.2462005615,32979,33009,30
12.9793395996,80.2525634766,33272,33292,20
13.0065803528,80.2456817627,33725,33746,21
13.0109195709,80.2244873047,34119,34140,21
13.0201997757,80.224861145,34402,34422,20
13.0220403671,80.2262573242,34503,34533,30
13.0223398209,80.2264633179,34544,34564,20
13.0227098465,80.2268600464,34584,34604,20
13.0239896774,80.2280883789,34695,34725,30
13.0247802734,80.2291183472,34786,34802,16
13.0265102386,80.2327728271,34966,34982,16
13.0296001434,80.2371063232,35034,35054,20
13.0357704163,80.2461624146,35267,35287,20
13.0470104218,80.2483978271,35519,35539,20
13.0521697998,80.2507476807,35640,35660,20
13.0614004135,80.2620315552,36084,36100,16
13.0710000992,80.2740631104,36454,36473,19
13.0824403763,80.2786712646,38031,38061,30
13.0819196701,80.2782287598,38081,38101,20
13.0718898773,80.2747192383,38604,38624,20
13.0564804077,80.2571105957,39129,39150,21
13.045539856,80.2484207153,39362,39382,20
13.0261001587,80.232093811,40329,40345,16
13.0246295929,80.229133606,40388,40408,20
13.0082998276,80.2330780029,40701,40717,16
13.0066900253,80.2473602295,40951,40971,20
12.9639501572,80.2470016479,41640,41669,29
12.9564599991,80.2437210083,41860,41879,19
12.8761196136,80.2270278931,43070,43090,20
12.8565397263,80.2263870239,43292,43308,16
12.8323297501,80.2291717529,43553,43573,20
12.7970199585,80.2232208252,43927,43943,16
12.7897796631,80.2217712402,44006,44026,20
12.7301597595,80.1890182495,44763,44783,20
12.7223596573,80.187461853,44955,44985,30
12.7246398926,80.1879196167,47055,47072,17
12.7857503891,80.2201385498,47659,47680,21
12.7964601517,80.2229385376,47841,47861,20
12.8311300278,80.2292633057,48275,48296,21
12.8394804001,80.2276992798,48407,48437,30
12.845410347,80.2264785767,48508,48528,20
12.8492498398,80.2265014648,48588,48605,17
12.8610200882,80.2264709473,48708,48728,20
12.9059801102,80.2281112671,49303,49324,21
12.9140796661,80.2292404175,49414,49435,21
12.9214296341,80.2302703857,49515,49532,17
12.933839798,80.2327804565,49645,49665,20
12.9562997818,80.2433013916,49968,49988,20
13.0065402985,80.2462997437,50826,50842,16
13.0152301788,80.2248077393,51269,51289,20
13.022480011,80.2265930176,51400,51430,30
13.0241804123,80.2282791138,51471,51487,16
13.0710897446,80.2740325928,52822,52852,30
13.0825996399,80.2779312134,54246,54266,20
13.0739097595,80.2764892578,54619,54640,21
13.0689601898,80.2720031738,54781,54811,30
13.0663499832,80.2689971924,54892,54908,16
13.0564899445,80.2574081421,55254,55274,20
13.0470600128,80.2486419678,55446,55466,20
13.0060195923,80.2474212646,56606,56626,20
12.9871997833,80.2516784668,56828,56844,16
12.9553403854,80.2432174683,57361,57377,16
12.9519901276,80.2418289185,57400,57421,21
12.8597402573,80.2264785767,58572,58588,16
12.800740242,80.2236022949,59216,59236,20
12.7861700058,80.2205200195,60866,60887,21
12.7865400314,80.2204589844,60907,60937,30
12.8313999176,80.2292098999,61523,61543,20
12.8682003021,80.2264022827,61907,61923,16
12.8728704453,80.2266616821,61945,61965,20
12.9003896713,80.227897644,62269,62297,28
12.9029998779,80.228012085,62348,62367,19
12.9056901932,80.2281494141,62409,62429,20
12.9355401993,80.2336425781,62802,62818,16
12.9393901825,80.235496521,62841,62861,20
12.9563999176,80.243309021,63093,63113,20
12.9895095825,80.2508926392,63679,63699,20
13.0065898895,80.2452163696,63942,63962,20
13.0065803528,80.2445983887,63972,63992,20
13.0065402985,80.2416000366,64043,64063,20
13.0066699982,80.2405319214,64093,64123,30
13.0114603043,80.2230682373,64396,64412,16
13.0151100159,80.2246704102,64475,64495,20
13.0196504593,80.2244720459,64596,64616,20
13.0355701447,80.2461166382,65222,65252,30
13.0469198227,80.2484436035,65515,65535,20
13.0546398163,80.2541809082,65677,65693,16
13.060669899,80.2613372803,65898,65918,20
13.0816001892,80.2764587402,67776,67797,21
13.0816001892,80.2762298584,67797,67817,20
13.0591402054,80.2654418945,68606,68636,30
13.0259599686,80.2314376831,69846,69866,20
13.0250396729,80.2295684814,69896,69912,16
13.0082197189,80.2335968018,70250,70269,19
13.0058403015,80.2473526001,71169,71189,20
12.9648599625,80.2473220825,72037,72057,20
12.9358701706,80.2339019775,72803,72823,20
12.9332304001,80.2326965332,72884,72900,16
12.9129400253,80.2292480469,73135,73155,20
12.91203022,80.2291183472,73175,73192,17
12.8988895416,80.227897644,73457,73477,20
12.8765802383,80.2269973755,73740,73760,20
12.8642501831,80.2265701294,73912,73932,20
12.8072500229,80.2256622314,74661,74677,16
12.787150383,80.2207336426,74962,74982,20
12.7861995697,80.2207107544,75013,75033,20
12.857749939,80.2261962891,76891,76907,16
12.8801298141,80.2266998291,77102,77118,16
12.9005002975,80.2278518677,77353,77369,16
12.9040002823,80.2280883789,77493,77521,28
12.9632196426,80.2464904785,78473,78493,20
12.9647598267,80.2471389771,78533,78549,16
13.019780159,80.2245178223,79815,79831,16
13.0387496948,80.2467193604,80187,80217,30
13.0575199127,80.2574996948,80520,80536,16
13.081700325,80.2765731812,81104,81120,16
13.075920105,80.2763137817,81233,81263,30
13.0985202789,80.2410736084,6431,6451,20
13.098859787,80.2416687012,20542,20572,30
13.0992002487,80.2313308716,20854,20870,16
13.0973501205,80.2167129517,21356,21376,20
13.0912399292,80.2276229858,21517,21538,21
13.0756196976,80.2405166626,22072,22088,16
13.0000896454,80.2666168213,24500,24521,21
12.9988603592,80.2560272217,25549,25569,20
13.0010795593,80.2564468384,25610,25630,20
13.007399559,80.2370910645,26033,26053,20
13.02602005,80.2312774658,26578,26608,30
13.0343904495,80.2304077148,26749,26769,20
13.0488395691,80.2400970459,27152,27168,16
13.0690698624,80.242401123,27503,27519,16
13.0881004333,80.2331314087,28086,28102,16
13.1002998352,80.2145080566,28457,28477,20
13.1002597809,80.2151184082,28632,28652,20
13.0973796844,80.2167205811,30455,30475,20
13.0912303925,80.2276229858,30668,30687,19
13.0883398056,80.2322769165,30859,30879,20
13.0823698044,80.2336273193,31000,31021,21
13.078619957,80.2513580322,31535,31555,20
13.0693798065,80.2434310913,31777,31807,30
13.0676498413,80.2428588867,31867,31883,16
13.0632200241,80.2442626953,32178,32198,20
13.0627098083,80.2434005737,32248,32264,16
13.0537395477,80.2422409058,32399,32418,19
13.0451402664,80.2325897217,32762,32782,20
13.0352897644,80.2303771973,33003,33020,17
13.0333499908,80.2304992676,33052,33072,20
13.0250396729,80.2295227051,33456,33486,30
13.0239601135,80.228187561,33527,33557,30
13.0149202347,80.2260437012,33708,33724,16
13.0140800476,80.2263793945,33724,33744,20
13.0082502365,80.233581543,33857,33877,20
13.0082302094,80.2336807251,33888,33907,19
13.0076198578,80.2366027832,33969,33989,20
13.006649971,80.2438964844,34393,34423,30
13.0066404343,80.2577819824,35212,35232,20
13.0065498352,80.2423400879,35716,35732,16
13.0106401443,80.2250823975,36027,36047,20
13.0155601501,80.2250366211,36208,36228,20
13.0210399628,80.2254714966,36581,36601,20
13.0219402313,80.2261276245,36652,36672,20
13.0221099854,80.2261962891,36682,36712,30
13.0246496201,80.228843689,36894,36924,30
13.0343904495,80.2304000854,37428,37448,20
13.034819603,80.2303466797,37488,37504,16
13.0402297974,80.2398986816,37859,37879,20
13.0487098694,80.240020752,38121,38137,16
13.0565700531,80.2425537109,38292,38312,20
13.0763702393,80.237197876,38836,38866,30
13.1002101898,80.2145004272,39703,39723,20
13.0985498428,80.2140426636,40761,40782,21
13.0879001617,80.2344207764,41175,41191,16
13.0837898254,80.2339172363,41243,41262,19
13.0823602676,80.2337112427,41294,41314,20
13.0761003494,80.2338180542,41448,41468,20
13.0764503479,80.2370223999,41528,41549,21
13.0764503479,80.2372436523,41559,41579,20
13.0692796707,80.243309021,42012,42033,21
13.0661697388,80.2436981201,42103,42119,16
13.0678300858,80.2465820313,42172,42192,20
13.0611600876,80.2430267334,42465,42481,16
13.0588903427,80.2426071167,42513,42533,20
13.0509901047,80.240562439,42785,42806,21
13.0453395844,80.2325897217,43068,43088,20
13.0335798264,80.23046875,43289,43310,21
13.0240402222,80.2283630371,43781,43802,21
13.014169693,80.2263183594,43973,43989,16
13.0068798065,80.2399520874,44254,44274,20
13.0068397522,80.2405090332,44294,44310,16
13.0066995621,80.2422866821,44333,44353,20
13.0066995621,80.2428436279,44383,44403,20
13.0065803528,80.2548828125,44706,44726,20
13.0039701462,80.2570114136,44978,44998,20
12.9995298386,80.2562179565,45200,45220,20
12.9957103729,80.2673416138,45885,45905,20
12.9987297058,80.2560119629,46268,46298,30
13.0066404343,80.2465591431,46742,46762,20
13.0073699951,80.2371673584,46964,46994,30
13.0149497986,80.2246017456,47266,47282,16
13.0218801498,80.2261199951,47405,47425,20
13.0298900604,80.2307815552,47637,47657,20
13.034330368,80.2303390503,47748,47768,20
13.0510196686,80.2405395508,48542,48562,20
13.0614204407,80.2431564331,48915,48945,30
13.0624198914,80.2433166504,48965,48986,21
13.0699996948,80.2421417236,49247,49267,20
13.0757598877,80.2340087891,49741,49757,16
13.0888595581,80.2305221558,50142,50162,20
13.0980997086,80.2148590088,50454,50474,20
13.100230217,80.2145233154,50535,50565,30
13.1003904343,80.2145462036,50565,50585,20
13.0891103745,80.2302322388,51785,51801,16
13.0836896896,80.2338790894,51944,51963,19
13.0759496689,80.233833313,52126,52146,20
13.0757398605,80.2338027954,52156,52172,16
13.0764303207,80.237159729,52204,52224,20
13.063079834,80.2443618774,52930,52950,20
13.0606098175,80.2429962158,53031,53047,16
13.0451803207,80.2326965332,53674,53694,20
13.0249099731,80.2294082642,54188,54208,20
13.024140358,80.228477478,54238,54258,20
13.0236997604,80.2279510498,54279,54295,16
13.0066604614,80.2576828003,55477,55507,30
13.0065803528,80.2538070679,55598,55618,20
13.0066604614,80.2405471802,56001,56022,21
13.0155200958,80.2250137329,56425,56445,20
13.0219497681,80.2261276245,56556,56576,20
13.0257396698,80.2304763794,56667,56687,20
13.0346899033,80.2303390503,56976,56997,21
13.0341901779,80.2373809814,57179,57209,30
13.0690097809,80.2424087524,58074,58094,20
13.0699596405,80.2421264648,58114,58134,20
13.0802698135,80.2335510254,58507,58527,20
13.0840797424,80.2339782715,58709,58729,20
13.0888900757,80.2305221558,58840,58860,20
13.0914402008,80.2272567749,58901,58921,20
13.100230217,80.2145462036,59314,59334,20
13.0823802948,80.2336425781,60775,60796,21
13.0764503479,80.2371826172,61007,61027,20
13.069319725,80.2433319092,61481,61511,30
13.0666799545,80.2432937622,61572,61588,16
13.0678300858,80.2465667725,61650,61672,22
13.0631599426,80.2443389893,61843,61863,20
13.0587301254,80.2425994873,61984,62004,20
13.0537204742,80.2422332764,62085,62115,30
13.0532798767,80.2419586182,62125,62145,20
13.0508899689,80.2405166626,62226,62246,20
13.0452003479,80.2326202393,62508,62528,20
13.0349397659,80.2302627563,62760,62776,16
13.0339002609,80.2304534912,62789,62809,20
13.0333795547,80.23046875,62819,62849,30
13.0268201828,80.2329711914,63130,63150,20
13.0239801407,80.2283096313,63292,63311,19
13.0193395615,80.2244873047,63433,63449,16
13.01445961,80.2262802124,63501,63521,20
13.0079097748,80.2350006104,63724,63744,20
13.0068101883,80.2510223389,64137,64158,21
13.0065698624,80.2567367554,64268,64289,21
13.0004301071,80.2564697266,64480,64496,16
12.9976596832,80.2560195923,64579,64599,20
12.9981298447,80.2674407959,64932,64952,20
13.0000295639,80.2667312622,64982,65002,20
13.0001802444,80.2668609619,65476,65496,20
12.9956798553,80.267326355,65597,65617,20
12.9985904694,80.2560501099,65940,65960,20
13.006770134,80.2498168945,67250,67271,21
13.0066003799,80.2468719482,67613,67634,21
13.0065898895,80.2465515137,67654,67684,30
13.0066204071,80.2462081909,67694,67714,20
13.0066003799,80.2408828735,67926,67946,20
13.0069799423,80.2388076782,67976,67992,16
13.0122699738,80.2215194702,68306,68326,20
13.0217103958,80.2260665894,68568,68588,20
13.0254898071,80.2300567627,68749,68770,21
13.0340003967,80.2305679321,69153,69183,30
13.0346603394,80.2381134033,69536,69556,20
13.0346603394,80.2381134033,69556,69572,16
13.0409803391,80.2406692505,69797,69817,20
13.0441999435,80.2408676147,69878,69908,30
13.0704202652,80.2420196533,70774,70794,20
13.0710802078,80.2418212891,70874,70893,19
13.0731096268,80.2407989502,71015,71035,20
13.0763998032,80.2373886108,71176,71202,26
13.0835895538,80.23387146,71537,71553,16
13.1001796722,80.2145767212,72888,72908,20
13.0965499878,80.2189178467,73049,73069,20
13.0844602585,80.2340927124,73442,73463,21
13.0758199692,80.2340774536,73694,73710,16
13.0764503479,80.2372894287,73743,73773,30
13.0692996979,80.2434234619,74177,74197,20
13.0692996979,80.2434234619,74197,74215,18
13.0536403656,80.2422714233,74774,74794,20
13.0473003387,80.2334518433,75137,75153,16
13.0370597839,80.2309494019,75309,75333,24
13.0239200592,80.2283401489,75910,75930,20
13.0121097565,80.2271575928,76172,76188,16
12.9999904633,80.2563705444,76927,76948,21
13.0065698624,80.253692627,78662,78682,20
13.0066003799,80.2534179688,78692,78712,20
13.0066900253,80.2404937744,78944,78974,30
13.0311203003,80.230682373,79629,79645,16
13.033539772,80.2304916382,79698,79728,30
13.0341596603,80.2304382324,79809,79829,20
13.0346603394,80.2303390503,79849,79869,20
13.0341100693,80.2370834351,79990,80020,30
13.0340995789,80.2371902466,80020,80041,21
13.0585002899,80.2426300049,80565,80581,16
13.1001501083,80.2144470215,81702,81732,30
13.0998802185,80.2160568237,81773,81793,20
13.0987701416,80.2421035767,83275,83295,20
13.0756902695,80.2755584717,1813,1843,30
13.0817499161,80.2764587402,24096,24119,23
13.0225696564,80.2267837524,25443,25459,16
13.0145797729,80.2261581421,25571,25593,22
12.9809503555,80.2527389526,26107,26128,21
12.9397602081,80.2357711792,26733,26753,20
12.8805503845,80.2267608643,27712,27729,17
12.8688001633,80.2264633179,27882,27900,18
12.8398895264,80.2277374268,28266,28282,16
12.8051395416,80.2240371704,28648,28664,16
12.7870197296,80.2206802368,28899,28920,21
12.7862901688,80.2219467163,29010,29031,21
12.786190033,80.2206802368,30980,31000,20
12.7866096497,80.2204971313,31021,31051,30
12.805390358,80.224067688,31465,31485,20
12.8185501099,80.2302398682,31606,31622,16
12.8394498825,80.227722168,31937,31957,20
12.8452701569,80.2265319824,32028,32048,20
12.8550701141,80.2264633179,32189,32205,16
12.9396696091,80.2356033325,33367,33387,20
12.9588603973,80.2444000244,33922,33943,21
12.9665002823,80.2477722168,34155,34175,20
13.0066003799,80.2451019287,35050,35071,21
13.0067300797,80.240447998,35256,35276,20
13.0221204758,80.2262878418,36013,36033,20
13.0222301483,80.2263565063,36043,36073,30
13.0229997635,80.227142334,36164,36184,20
13.0306596756,80.2388534546,36558,36574,16
13.0469703674,80.2484588623,36992,37012,20
13.0493001938,80.2497329712,37184,37214,30
13.0504999161,80.2499084473,37244,37264,20
13.0534296036,80.2524795532,37396,37412,16
13.0619001389,80.2627029419,37717,37737,20
13.06828022,80.2696075439,37929,37945,16
13.0815401077,80.275680542,39612,39633,21
13.0739803314,80.2763977051,39764,39780,16
13.0707998276,80.2742919922,39853,39873,20
13.0615100861,80.2656402588,40155,40171,16
13.0351896286,80.2458114624,40779,40795,16
13.0312204361,80.2404174805,41120,41140,20
13.0269498825,80.2337799072,41282,41298,16
13.0233802795,80.2276229858,41451,41471,20
13.0230703354,80.2272491455,41522,41545,23
13.0201196671,80.224937439,41586,41608,22
13.0156002045,80.2257537842,41719,41737,18
13.0066699982,80.2438812256,42001,42022,21
13.0066795349,80.2442703247,42042,42062,20
13.0067501068,80.2469787598,42112,42133,21
13.0067596436,80.2472000122,42133,42163,30
12.998049736,80.248878479,42294,42314,20
12.9780597687,80.2521514893,42989,43005,16
12.9645795822,80.2471923828,43139,43162,23
12.9564800262,80.2437362671,43265,43295,30
12.9337501526,80.2329483032,43618,43639,21
12.8764095306,80.2269973755,44445,44466,21
12.8726797104,80.2267303467,44517,44537,20
12.8048200607,80.2239990234,45294,45314,20
12.7862596512,80.2219314575,48241,48262,21
12.7964601517,80.2229690552,48473,48494,21
12.8014602661,80.2235794067,48716,48736,20
12.8055400848,80.2241287231,48797,48817,20
12.8196601868,80.2304382324,48958,48978,20
12.8453903198,80.2265167236,49291,49311,20
12.8729095459,80.226600647,49614,49634,20
12.8858995438,80.2267837524,49816,49832,16
12.9011096954,80.2278823853,49996,50017,21
12.9026002884,80.2279434204,50017,50039,22
12.905500412,80.2280883789,50079,50100,21
12.9140701294,80.2292709351,50251,50271,20
12.9263801575,80.2309417725,50372,50392,20
12.9478197098,80.2401733398,50695,50715,20
12.9478197098,80.2401733398,50715,50731,16
12.9487600327,80.2405319214,50744,50763,19
12.9563398361,80.2433929443,50906,50926,20
12.9671001434,80.2480621338,51138,51154,16
13.0066204071,80.2406768799,51723,51743,20
13.0147895813,80.2241973877,52066,52082,16
13.022480011,80.2266311646,52215,52236,21
13.031370163,80.2401275635,52528,52544,16
13.0388698578,80.2469787598,52758,52779,21
13.0467996597,80.2484130859,52920,52940,20
13.051779747,80.2504196167,53041,53057,16
13.0681400299,80.2706222534,53525,53545,20
13.0815095901,80.2754898071,55170,55190,20
13.0480804443,80.2493972778,56157,56173,16
13.0468502045,80.2486114502,56173,56196,23
13.0352201462,80.2460327148,56489,56509,20
13.02602005,80.231628418,56752,56772,20
13.0233697891,80.2276000977,56873,56893,20
13.0232000351,80.2274169922,56903,56923,20
13.0198802948,80.2248077393,56984,57004,20
13.0086202621,80.2310333252,57206,57222,16
13.0082597733,80.233581543,57222,57242,20
12.9806404114,80.2527618408,57870,57890,20
12.913310051,80.2293395996,59061,59081,20
12.9106197357,80.2289505005,59122,59138,16
12.8863401413,80.2270431519,59544,59560,16
12.8764200211,80.2270202637,59654,59674,20
12.8454198837,80.2266616821,59987,60007,20
12.7865200043,80.2204818726,60784,60804,20
12.7846403122,80.219581604,60855,60885,30
12.7222499847,80.1875991821,61723,61753,30
12.7220001221,80.1879196167,61774,61794,20
12.7222795486,80.1875991821,63308,63328,20
12.8011798859,80.2235565186,64449,64465,16
12.8309803009,80.2294235229,64800,64830,30
12.831700325,80.2292022705,64861,64877,16
12.8454904556,80.2265625,65161,65182,21
12.8608398438,80.2265167236,65394,65414,20
12.8903598785,80.2273330688,65848,65864,16
12.9031200409,80.2279891968,66139,66159,20
12.9185304642,80.2299575806,66401,66417,16
12.9287099838,80.2312393188,66530,66550,20
12.9336795807,80.2328262329,66631,66651,20
12.9392700195,80.235458374,66752,66772,20
12.9469804764,80.2398834229,66894,66914,20
12.9588499069,80.2444534302,67176,67196,20
12.9665899277,80.2478713989,67348,67364,16
13.0055503845,80.2471694946,68396,68416,20
13.0065498352,80.2460632324,68638,68658,20
13.0065498352,80.2457733154,68668,68684,16
13.0065698624,80.2416763306,68818,68838,20
13.0066003799,80.2413330078,68848,68868,20
13.0097999573,80.2268600464,69141,69171,30
13.0154495239,80.2250366211,69454,69474,20
13.0232200623,80.2274475098,69676,69706,30
13.0307102203,80.239112854,70088,70108,20
13.0542802811,80.2537384033,70815,70832,17
13.0607004166,80.2613830566,70975,70995,20
13.0657997131,80.267616272,71177,71193,16
13.0806102753,80.2752532959,71568,71589,21
13.0781402588,80.2759475708,72608,72624,16
13.0678396225,80.2711105347,72850,72870,20
13.0564899445,80.2574462891,73314,73334,20
13.0469903946,80.2486572266,73506,73526,20
13.0399198532,80.2471923828,73637,73653,16
13.0351800919,80.2460784912,73726,73746,20
13.0246601105,80.2291488647,74069,74089,20
13.0233001709,80.2275924683,74140,74170,30
13.0148000717,80.2260894775,74311,74327,16
13.0142803192,80.2263183594,74327,74350,23
13.0082197189,80.2336425781,74462,74482,20
12.9798202515,80.2527999878,75219,75239,20
12.949379921,80.2409973145,75693,75714,21
12.933930397,80.2330932617,75986,76006,20
12.8995599747,80.2279129028,76652,76673,21
12.8694000244,80.2265396118,77066,77082,16
12.7862701416,80.2203903198,78047,78077,30
12.7847099304,80.2196502686,78127,78147,20
12.7435302734,80.199546814,78603,78623,20
12.730219841,80.1890411377,78865,78885,20
12.7250003815,80.1880111694,78966,78996,30
12.7222204208,80.1874389648,79067,79087,20
12.7222099304,80.1879119873,79108,79128,20
12.8310003281,80.2293395996,81491,81511,20
12.9469604492,80.2397994995,82783,82799,16
12.9787502289,80.2524185181,83185,83201,16
13.048500061,80.246131897,84516,84532,16
13.073969841,80.2001800537,188,208,20
13.06828022,80.2054367065,410,426,16
13.0692396164,80.2047805786,852,882,30
13.0740699768,80.223777771,1448,1464,16
13.0819597244,80.2756271362,2086,2106,20
13.0881099701,80.2836227417,2560,2580,20
13.0822000504,80.2785110474,2701,2717,16
13.0815296173,80.2751998901,2740,2760,20
13.0813999176,80.2735900879,2810,2840,30
13.0684499741,80.2049179077,5302,5322,20
13.0693798065,80.204750061,5373,5393,20
13.0695400238,80.204788208,5403,5423,20
13.0820198059,80.2757797241,6574,6590,16
13.0813503265,80.2734375,7723,7753,30
13.0737600327,80.2004013062,8702,8718,16
13.080160141,80.2627868652,12880,12900,20
13.0788202286,80.2522583008,13032,13049,17
13.0771303177,80.2079315186,13767,13783,16
13.0699300766,80.2050170898,14008,14028,20
13.069319725,80.2048721313,14058,14074,16
13.067990303,80.2053375244,14106,14127,21
13.0684995651,80.2049331665,14732,14752,20
13.068860054,80.2048416138,14763,14793,30
13.0696401596,80.2048416138,14813,14833,20
13.0698204041,80.2048797607,14833,14853,20
13.0759801865,80.1982421875,15065,15081,16
13.0766401291,80.2041778564,15134,15154,20
13.0817699432,80.2752304077,16164,16184,20
13.0882997513,80.2835693359,16933,16953,20
13.0822496414,80.278503418,17084,17100,16
13.0816602707,80.2764434814,17203,17223,20
13.026049614,80.266242981,18597,18627,30
13.0261001587,80.2662887573,22301,22321,20
13.006480217,80.2576293945,22705,22725,20
13.006649971,80.2454223633,23007,23030,23
13.0304203033,80.23072052,23558,23575,17
13.0343599319,80.2303695679,23617,23637,20
13.034819603,80.2302398682,23647,23668,21
13.0342197418,80.2303237915,24586,24606,20
13.0280704498,80.2309799194,24727,24743,16
13.0068502426,80.2514038086,25442,25462,20
13.0292596817,80.2658233643,25958,25974,16
13.0221004486,80.2634277344,27108,27129,21
13.0065402985,80.2577896118,27462,27482,20
13.0065402985,80.2531890869,27583,27603,20
13.0067195892,80.2404022217,27906,27936,30
13.0106401443,80.2251968384,28128,28144,16
13.0219097137,80.2260818481,28317,28338,21
13.0238304138,80.2282409668,30465,30486,21
13.0225601196,80.2268676758,30486,30516,30
13.0110301971,80.2275772095,30677,30703,26
13.0082998276,80.2332305908,30827,30847,20
13.0067996979,80.2409515381,30998,31028,30
13.0067996979,80.2409515381,31028,31044,16
13.0162296295,80.2595367432,31561,31581,20
13.0319499969,80.2672424316,32185,32213,28
13.0346002579,80.2680282593,32276,32296,20
13.0331802368,80.2677612305,32367,32387,20
13.0297899246,80.2666397095,33295,33315,20
13.0099601746,80.2592773438,33749,33769,20
13.0072202682,80.2586288452,33840,33860,20
13.0066404343,80.2576599121,33880,33901,21
13.0066204071,80.2531967163,34041,34062,21
13.0065698624,80.2483596802,34276,34306,30
13.0066099167,80.2466430664,34377,34397,20
13.0063800812,80.2434768677,34488,34508,20
13.0142002106,80.2235336304,34882,34902,20
13.0178203583,80.2247390747,34982,35003,21
13.019200325,80.224281311,35053,35074,21
13.0193595886,80.2243728638,35074,35104,30
13.0247497559,80.2289428711,35477,35497,20
13.0255699158,80.2300567627,35538,35558,20
13.0259199142,80.2311477661,35588,35604,16
13.0245704651,80.2291030884,36615,36636,21
13.0240402222,80.2283706665,36646,36666,20
13.0141096115,80.2263565063,36837,36858,21
13.0126199722,80.2269515991,36908,36928,20
13.0068397522,80.2408218384,37332,37348,16
13.0066404343,80.2440032959,37471,37501,30
13.0068702698,80.2486190796,37623,37653,30
13.0067996979,80.2496337891,37653,37673,20
13.0077600479,80.2586593628,37959,37979,20
13.0202302933,80.2626037598,38181,38197,16
13.0334300995,80.2677764893,38603,38633,30
13.0345697403,80.2679977417,38673,38693,20
13.0344200134,80.2682266235,38703,38719,16
13.0331296921,80.2676086426,38811,38833,22
13.0331497192,80.2676696777,38833,38863,30
13.0332298279,80.2676010132,39055,39075,20
13.0308103561,80.2667388916,39630,39650,20
13.0072097778,80.2587890625,40114,40144,30
13.0064697266,80.2526473999,40415,40445,30
13.0065202713,80.2485580444,40688,40708,20
13.0066003799,80.2464599609,40728,40748,20
13.0219802856,80.2261962891,41353,41374,21
13.0259399414,80.2311325073,41508,41528,20
13.0346002579,80.229598999,41891,41912,21
13.0341396332,80.2304992676,42435,42456,21
13.0299196243,80.2308197021,42557,42577,20
13.0296201706,80.2308502197,42588,42604,16
13.0240898132,80.2283782959,42787,42808,21
13.0141401291,80.2263717651,42999,43019,20
13.0069198608,80.2399673462,43231,43252,21
13.0067901611,80.2407836914,43272,43292,20
13.0066699982,80.2457122803,43403,43431,28
13.0068597794,80.2496032715,43492,43512,20
13.0077199936,80.2586669922,43683,43704,21
13.0077199936,80.2586669922,43704,43720,16
13.0264596939,80.2641601563,44056,44076,20
13.0311002731,80.2668762207,44328,44349,21
13.0333995819,80.267791748,44470,44490,20
13.0344104767,80.2680587769,44621,44641,20
13.0297203064,80.2664794922,45332,45352,20
13.0253400803,80.2653884888,45453,45473,20
13.0221204758,80.2635498047,45543,45564,21
13.0188798904,80.2621688843,45634,45651,17
13.0156698227,80.2590484619,45683,45703,20
13.0072402954,80.2588195801,45854,45874,20
13.0066204071,80.2578125,45905,45935,30
13.0111598969,80.2237014771,46710,46730,20
13.0111598969,80.2237014771,46730,46746,16
13.0156698227,80.2250595093,46849,46868,19
13.0195302963,80.2244033813,46919,46940,21
13.0220098495,80.2261810303,46991,47011,20
13.0222597122,80.2263717651,47031,47047,16
13.0258302689,80.2306518555,47140,47160,20
13.0285100937,80.2308807373,47221,47241,20
13.0291700363,80.230758667,47261,47281,20
13.029009819,80.2308807373,47776,47792,16
13.0261201859,80.2317199707,47926,47956,30
13.0239200592,80.2282409668,48017,48037,20
13.0205802917,80.2252731323,48108,48124,16
13.0143899918,80.2262115479,48217,48247,30
13.0082197189,80.2334899902,48358,48378,20
13.0077400208,80.2357025146,48408,48425,17
13.0066204071,80.2438964844,48517,48538,21
13.0068302155,80.2496337891,48649,48668,19
13.0077400208,80.2586593628,48901,48921,20
13.0165700912,80.2597885132,49022,49042,20
13.0229501724,80.2638473511,49204,49224,20
13.0251903534,80.2652435303,49274,49290,16
13.0265798569,80.2638778687,49353,49373,20
13.0293703079,80.2665405273,49545,49561,16
13.0326900482,80.2675476074,49633,49654,21
13.0344696045,80.2680511475,49768,49789,21
13.0268297195,80.2658004761,50162,50183,21
13.0264501572,80.2654418945,53069,53089,20
13.0252399445,80.2653198242,53341,53361,20
13.0179004669,80.2247314453,54822,54838,16
13.0217399597,80.225982666,54902,54921,19
13.0242395401,80.2284164429,54973,54993,20
13.034910202,80.2303390503,55284,55305,21
13.0277795792,80.2325363159,55769,55785,16
13.014960289,80.2260513306,56190,56207,17
13.0082197189,80.2335891724,56360,56380,20
13.0074701309,80.2372131348,56431,56447,16
13.0070400238,80.2395324707,56459,56478,19
13.0068302155,80.2509078979,56762,56792,30
13.0162801743,80.2596282959,57125,57145,20
13.0328397751,80.2676773071,57680,57710,30
13.0337600708,80.2678833008,58064,58084,20
13.0329904556,80.2677612305,58256,58276,20
13.0252399445,80.2653427124,58528,58548,20
13.0160198212,80.2596588135,58730,58750,20
13.0071601868,80.2587203979,58901,58921,20
13.0075101852,80.2433624268,59458,59478,20
13.0066003799,80.2416992188,59478,59508,30
13.0068902969,80.2387466431,59578,59599,21
13.013759613,80.2221832275,59891,59912,21
13.013759613,80.2247619629,59952,59968,16
13.0216999054,80.2258911133,60071,60101,30
13.0244598389,80.2279663086,60152,60172,20
13.0338201523,80.2304534912,60434,60454,20
13.0343399048,80.230430603,60475,60505,30
13.0343399048,80.230430603,60505,60521,16
13.0343399048,80.2296524048,60574,60594,20
13.0343503952,80.2296829224,60594,60613,19
13.0342302322,80.2303085327,60827,60847,20
13.0341701508,80.2302322388,60988,61009,21
13.0342998505,80.2303314209,61099,61120,21
13.0341501236,80.2301483154,61745,61765,20
13.0340995789,80.2302322388,61765,61786,21
13.0341796875,80.2300796509,61806,61826,20
13.0240402222,80.2283782959,62351,62371,20
13.0142297745,80.22631073,62583,62603,20
13.0081501007,80.2336502075,62755,62775,20
13.0069599152,80.2399368286,62886,62916,30
13.0068597794,80.2406692505,62936,62956,20
13.0067796707,80.250541687,63210,63240,30
13.0164804459,80.2597503662,63533,63553,20
13.0262899399,80.2659378052,63785,63805,20
13.0264196396,80.2656784058,63836,63866,30
13.0280504227,80.2637023926,63926,63942,16
13.0186595917,80.2612991333,65249,65271,22
13.0159597397,80.2596282959,65372,65402,30
13.007399559,80.2587127686,65533,65563,30
13.0068302155,80.2544326782,65693,65713,20
13.0064296722,80.2531280518,65713,65733,20
13.0065803528,80.2519073486,65814,65844,30
13.0067195892,80.2485733032,65955,65985,30
13.0066099167,80.2478637695,66207,66227,20
13.0065803528,80.2480010986,66227,66248,21
13.0067195892,80.2476196289,66681,66702,21
13.0065803528,80.2402877808,67318,67348,30
13.0074596405,80.2365722656,67419,67449,30
13.0107603073,80.2249679565,67580,67600,20
13.0142402649,80.224281311,67741,67762,21
13.0156097412,80.2251586914,67822,67838,16
13.019109726,80.2241821289,67860,67889,29
13.0348997116,80.230178833,68547,68567,20
13.0348997116,80.2302780151,68567,68587,20
13.0342998505,80.2300033569,68648,68668,20
13.0343599319,80.2301101685,68678,68708,30
13.0342502594,80.2298126221,68718,68739,21
13.0297403336,80.2308731079,69546,69566,20
13.029709816,80.2306976318,69566,69596,30
13.0273704529,80.2316818237,69617,69647,30
13.0144701004,80.2262573242,70030,70050,20
13.0082798004,80.2333602905,70222,70241,19
13.0068502426,80.2493972778,70989,71010,21
13.0066099167,80.2512588501,71060,71090,30
13.006770134,80.2573776245,71181,71209,28
13.0077104568,80.2586212158,71320,71350,30
13.0142002106,80.2591629028,71442,71472,30
13.0163002014,80.2598800659,71472,71492,20
13.0202903748,80.262802124,71573,71593,20
13.0261602402,80.2660217285,71744,71764,20
13.0283498764,80.2639083862,71885,71901,16
13.0333099365,80.267829895,72075,72105,30
13.0217399597,80.2637481689,73447,73467,20
13.014169693,80.2593002319,73649,73665,16
13.0066995621,80.2578582764,73818,73838,20
13.0066099167,80.2468338013,74131,74151,20
13.0073900223,80.2368164063,74393,74414,21
13.0112400055,80.2240829468,74535,74555,20
13.0141401291,80.2240219116,74636,74666,30
13.0340995789,80.2304382324,77228,77248,20
13.0241603851,80.2284927368,77592,77611,19
13.0066099167,80.2572097778,78439,78469,30
13.0260400772,80.2663116455,80942,80972,30
13.0263900757,80.2647018433,81587,81604,17
13.0261898041,80.2640686035,81645,81666,21
13.0263795853,80.2649383545,81787,81808,21
13.0264196396,80.2641677856,81848,81868,20
13.0550899506,80.2643203735,82603,82624,21
13.0699901581,80.2730331421,84530,84547,17
13.0652999878,80.267578125,84661,84681,20
13.0301799774,80.2666015625,85307,85323,16
12.9975500107,80.2559127808,85961,85977,16
12.9871702194,80.2590637207,86211,86241,30
12.9977397919,80.2560119629,20399,20429,30
12.9970598221,80.2559204102,20449,20469,20
12.9787597656,80.2526016235,22711,22727,16
12.9067497253,80.2283172607,23426,23456,30
12.8679304123,80.226348877,25500,25517,17
12.9064397812,80.2281570435,25961,25991,30
12.9064397812,80.2281570435,25991,26010,19
12.9224004745,80.2304000854,26154,26177,23
12.9640798569,80.2468185425,26835,26852,17
12.9871397018,80.2515029907,27136,27157,21
13.0065202713,80.2464294434,27389,27409,20
13.0210599899,80.2255096436,27914,27944,30
13.0211801529,80.2257385254,28429,28449,20
13.0082397461,80.2334976196,30053,30073,20
13.0067100525,80.2467575073,30325,30346,21
12.9802799225,80.2527999878,31093,31122,29
12.9785699844,80.252571106,31164,31184,20
12.9640102386,80.246963501,31396,31412,16
12.9596395493,80.2449417114,31444,31464,20
12.9564399719,80.2437362671,31535,31565,30
12.9469499588,80.239982605,31798,31828,30
12.9396896362,80.2357635498,31929,31949,20
12.9338703156,80.233001709,32030,32050,20
12.9132099152,80.2292709351,32282,32303,21
12.8903799057,80.2274169922,32868,32884,16
12.874420166,80.2268600464,33078,33095,17
12.8726596832,80.2267532349,33095,33117,22
12.8607397079,80.2266235352,33249,33269,20
12.832110405,80.2292022705,33814,33830,16
12.786239624,80.2204971313,35449,35479,30
12.7958297729,80.2228393555,35641,35657,16
12.8055801392,80.2241287231,35760,35780,20
12.8390102386,80.2277908325,36144,36164,20
12.8454399109,80.2265319824,36315,36336,21
12.8493003845,80.2265014648,36396,36412,16
12.8687400818,80.2262878418,36578,36601,23
12.9510097504,80.2412796021,38052,38072,20
12.9562597275,80.2434005737,38214,38244,30
12.9587497711,80.2443618774,38284,38305,21
13.0071201324,80.2384567261,39587,39604,17
13.0197296143,80.2245407104,39977,39998,21
13.0233001709,80.2274093628,40159,40180,21
13.0233898163,80.2276306152,40602,40622,20
13.0187597275,80.2245101929,40753,40769,16
13.0066604614,80.2431182861,41125,41141,16
13.0066795349,80.244758606,41163,41193,30
12.9911699295,80.250617981,41415,41432,17
12.9639596939,80.2469787598,42009,42029,20
12.9592399597,80.2448196411,42110,42126,16
12.9565000534,80.2436828613,42169,42189,20
12.9011802673,80.2279663086,43199,43219,20
12.8398303986,80.2276229858,43976,44006,30
12.8277196884,80.2194900513,44289,44309,20
12.8277196884,80.2194900513,44309,44327,18
12.8730201721,80.2266082764,46814,46834,20
12.9002599716,80.2278518677,47127,47148,21
12.9629096985,80.2463531494,48044,48064,20
13.0154600143,80.2249298096,49135,49151,16
13.0211496353,80.2258682251,49345,49375,30
13.0160799026,80.2255783081,49829,49846,17
12.9640197754,80.246963501,50777,50797,20
12.9203500748,80.2302093506,51453,51469,16
12.8992595673,80.2278518677,51663,51683,20
12.7863197327,80.2203903198,52978,52998,20
12.7966995239,80.2230224609,53693,53709,16
12.8482904434,80.2265014648,54338,54354,16
12.8767499924,80.2268371582,54629,54645,16
12.9562797546,80.243270874,55636,55657,21
12.9859895706,80.2517623901,56286,56306,20
13.007399559,80.2367706299,56760,56780,20
13.012339592,80.2215499878,56982,56999,17
13.0086603165,80.2310562134,58112,58128,16
13.0061302185,80.2474212646,58332,58353,21
13.005399704,80.2473831177,58373,58389,16
12.9635696411,80.2468566895,58916,58936,20
12.9022798538,80.2281036377,59748,59768,20
12.8747797012,80.2268981934,60113,60129,16
12.8611001968,80.2266464233,60222,60242,20
12.8591403961,80.2264022827,60272,60294,22
12.8353004456,80.2285919189,60499,60523,24
12.8024997711,80.2237625122,60838,60854,16
12.7861995697,80.2204437256,61098,61118,20
12.7862195969,80.2204284668,62057,62078,21
12.8184499741,80.2302398682,62441,62457,16
12.8400497437,80.2275619507,62792,62809,17
12.9000902176,80.2278289795,63427,63457,30
12.9027204514,80.2279968262,63528,63548,20
12.9060201645,80.2282104492,63760,63776,16
12.9367599487,80.2341918945,64153,64169,16
12.9715299606,80.2498321533,64889,64905,16
13.0065202713,80.2462692261,65654,65670,16
13.006529808,80.2456665039,65692,65713,21
13.0073099136,80.2371520996,66127,66157,30
13.015080452,80.2246322632,66692,66712,20
13.0216398239,80.2259979248,67763,67783,20
13.0181303024,80.2247390747,67934,67950,16
13.0150203705,80.2259292603,68095,68115,20
13.0066604614,80.2451705933,68599,68620,21
12.9564599991,80.2436599731,69680,69710,30
12.9469804764,80.2399520874,69852,69872,20
12.9338598251,80.2329711914,70054,70074,20
12.9318599701,80.2321166992,70114,70131,17
12.8996696472,80.2278900146,70850,70880,30
12.894200325,80.2275695801,70971,70987,16
12.8226699829,80.2192382813,72564,72584,20
12.8316802979,80.2288513184,73594,73614,20
12.8454704285,80.2265014648,73958,73978,20
12.8761301041,80.2268981934,74311,74331,20
12.9140195847,80.2292785645,75279,75299,20
12.9361095428,80.2338867188,75602,75618,16
12.9563598633,80.2433776855,75914,75934,20
12.966219902,80.2477035522,76075,76095,20
12.9794797897,80.2526397705,76267,76287,20
12.9861001968,80.2518234253,76358,76386,28
12.9890899658,80.2510223389,76467,76487,20
13.003780365,80.2474822998,76629,76645,16
13.0112400055,80.2234420776,77000,77020,20
13.0066995621,80.2484130859,77928,77944,16
12.9877099991,80.254989624,79904,79925,21
12.9788198471,80.2526473999,80349,80379,30
12.9652004242,80.2474365234,80520,80541,21
12.9397602081,80.2357635498,80995,81015,20
12.9251203537,80.2308883667,81217,81233,16
12.9111499786,80.1960296631,82245,82265,20
12.9224004745,80.1422729492,82992,83009,17
12.9271697998,80.1183776855,84929,84946,17
12.9226102829,80.1475372314,85382,85398,16
13.0265197754,80.2655792236,21596,21626,30
13.034239769,80.230178833,23959,23979,20
13.0299501419,80.2307815552,24060,24080,20
13.0222196579,80.263458252,25656,25676,20
13.0340595245,80.2304534912,26827,26847,20
13.024769783,80.2292785645,28978,28999,21
13.0082597733,80.2335128784,29352,29372,20
13.0068998337,80.2405014038,29463,29483,20
13.0065698624,80.2573776245,29756,29786,30
13.0076799393,80.258682251,29817,29837,20
13.0164403915,80.2596817017,29918,29938,20
13.0335197449,80.267829895,30352,30372,20
13.0345697403,80.2679977417,30392,30412,20
13.0298700333,80.2666931152,31200,31220,20
13.0091104507,80.2592468262,31675,31695,20
13.0071697235,80.2586669922,31735,31755,20
13.0064601898,80.2532119751,31907,31927,20
13.0066099167,80.2468109131,32210,32230,20
13.0066003799,80.2411193848,32392,32412,20
13.0066404343,80.2406692505,32422,32452,30
13.0151596069,80.2247085571,32786,32806,20
13.0155000687,80.2249984741,32816,32836,20
13.0195999146,80.2244796753,32907,32927,20
13.02202034,80.2262191772,32977,32998,21
13.025560379,80.2300796509,33119,33149,30
13.0285196304,80.2308883667,33230,33250,20
13.0249204636,80.2293930054,34703,34724,21
13.024020195,80.2282867432,34765,34785,20
13.0082998276,80.2332611084,35138,35159,21
13.0069904327,80.2397384644,35411,35441,30
13.0068798065,80.2406921387,35522,35542,20
13.0067396164,80.2423171997,35573,35603,30
13.0067195892,80.2430801392,35623,35653,30
13.0067501068,80.2463378906,35714,35734,20
13.0068798065,80.2495498657,35775,35795,20
13.016409874,80.2596282959,36057,36078,21
13.0265197754,80.2640304565,36370,36391,21
13.0334100723,80.2677764893,36643,36663,20
13.0345401764,80.2679901123,36694,36724,30
13.0263299942,80.2659683228,37814,37834,20
13.0252103806,80.265296936,37855,37875,20
13.0160503387,80.2596817017,38057,38077,20
13.0064897537,80.2533035278,38350,38370,20
13.0112600327,80.2236175537,38865,38885,20
13.0194997787,80.2242965698,39086,39107,21
13.0202903748,80.2248764038,39147,39168,21
13.0211496353,80.2255706787,39198,39218,20
13.0214595795,80.2258529663,39228,39248,20
13.0218200684,80.2260437012,39258,39279,21
13.0227203369,80.2268218994,39329,39359,30
13.0238800049,80.2278366089,39430,39450,20
13.0198898315,80.2247924805,41369,41389,20
13.0151195526,80.2259902954,41510,41531,21
13.0082197189,80.2336425781,41662,41682,20
13.0076799393,80.2586364746,42076,42096,20
13.0261001587,80.2657928467,42389,42409,20
13.0323095322,80.2673110962,42651,42672,21
13.0335197449,80.2678070068,42702,42722,20
13.0345401764,80.2679901123,42752,42773,21
13.0339097977,80.2679901123,42803,42833,30
13.0299797058,80.266708374,43086,43116,30
13.0072097778,80.2586669922,43661,43681,20
13.0067996979,80.249961853,44055,44075,20
13.0218801498,80.2261428833,44974,44994,20
13.0340499878,80.2304229736,45297,45327,30
13.0270004272,80.2329406738,46398,46418,20
13.0239896774,80.2283096313,46559,46579,20
13.014169693,80.226348877,46812,46832,20
13.0068397522,80.2496032715,47226,47246,20
13.0077104568,80.2586669922,47448,47468,20
13.016409874,80.2596969604,47579,47599,20
13.0202302933,80.2626724243,47680,47700,20
13.0229597092,80.2638397217,47761,47781,20
13.0265197754,80.2639007568,47902,47922,20
13.0273303986,80.2634887695,47953,47983,30
13.0336303711,80.2678527832,48276,48296,20
13.0344495773,80.2679595947,48316,48336,20
13.0281295776,80.2662734985,48538,48559,21
13.0297403336,80.2666397095,51063,51083,20
13.0252599716,80.2653808594,51356,51376,20
13.0221395493,80.2634735107,51436,51466,30
13.0066795349,80.2482223511,52143,52163,20
13.0154895782,80.2249221802,52638,52658,20
13.02202034,80.2262115479,52769,52790,21
13.0257701874,80.2304382324,52891,52911,20
13.033949852,80.2304534912,53143,53173,30
13.0271997452,80.2329788208,54335,54355,20
13.0198802948,80.2247619629,54557,54577,20
13.0068397522,80.2496185303,55062,55082,20
13.0068302155,80.2511901855,55112,55132,20
13.0066204071,80.2570266724,55203,55233,30
13.0164203644,80.2596969604,55405,55425,20
13.022939682,80.2638015747,55566,55587,21
13.0333595276,80.2677993774,55940,55960,20
13.0300302505,80.2667694092,56768,56798,30
13.0071601868,80.2587814331,57293,57313,20
13.0064697266,80.2530212402,57485,57505,20
13.0066003799,80.248008728,57667,57697,30
13.0065803528,80.2447967529,57828,57849,21
13.0111198425,80.2240219116,58142,58162,20
13.0246696472,80.2289810181,58455,58475,20
13.0347700119,80.2303466797,58758,58788,30
13.0239295959,80.2282791138,60464,60484,20
13.0149097443,80.2260818481,60636,60656,20
13.0142402649,80.2263183594,60666,60686,20
13.0082302094,80.2335891724,60818,60838,20
13.0077295303,80.2587432861,61716,61736,20
13.0311603546,80.2668991089,62403,62423,20
13.031419754,80.2669906616,62433,62453,20
13.0322303772,80.2673416138,62494,62524,30
13.0333003998,80.2677993774,62585,62605,20
13.0345897675,80.2680130005,62676,62706,30
13.0344400406,80.2681121826,62716,62736,20
13.0305099487,80.2666931152,63453,63473,20
13.0298900604,80.2666397095,63504,63524,20
13.029419899,80.2665634155,63534,63554,20
13.0253601074,80.265411377,63706,63726,20
13.0188598633,80.261680603,63898,63918,20
13.0186901093,80.2613372803,63918,63938,20
13.0160799026,80.2597427368,64029,64049,20
13.0067501068,80.25,64564,64594,30
13.0066404343,80.2463226318,64867,64897,30
13.0073604584,80.2369613647,65140,65160,20
13.0155801773,80.2251434326,65453,65473,20
13.0197401047,80.2245788574,65534,65554,20
13.0220403671,80.2262268066,65594,65614,20
13.0243196487,80.2284927368,65665,65685,20
13.0248603821,80.2294311523,67069,67099,30
13.0194797516,80.2246017456,67382,67402,20
13.0190296173,80.2245178223,67412,67432,20
13.0082302094,80.2335891724,67776,67796,20
13.0071201324,80.2390975952,67907,67937,30
13.0068702698,80.2496337891,68119,68139,20
13.0066900253,80.2572784424,68281,68311,30
13.0077495575,80.2587203979,68351,68371,20
13.0164804459,80.259803772,68472,68493,21
13.0228700638,80.2638702393,68654,68674,20
13.0264596939,80.2640304565,68796,68816,20
13.02202034,80.2634277344,69805,69826,21
13.0064601898,80.2530822754,70381,70411,30
13.007399559,80.2367019653,71058,71078,20
13.009180069,80.2280578613,71280,71300,20
13.0098896027,80.2264099121,71351,71371,20
13.0109996796,80.224029541,71462,71482,20
13.0151796341,80.2248382568,71603,71623,20
13.0196895599,80.2245864868,71694,71714,20
13.027680397,80.2310180664,71967,71987,20
13.0331401825,80.2305603027,72209,72229,20
13.0248003006,80.2294006348,73381,73401,20
13.0066795349,80.2462768555,74007,74027,20
13.0067901611,80.2500228882,74118,74138,20
13.0338001251,80.2679595947,75027,75047,20
13.0263500214,80.2660675049,75663,75693,30
13.0252799988,80.2654876709,75723,75744,21
13.006529808,80.2576599121,76138,76168,30
13.0064296722,80.253288269,76239,76259,20
13.0197095871,80.2245407104,77057,77077,20
13.0334997177,80.2305603027,78986,79006,20
13.0298204422,80.2308273315,79087,79107,20
13.0239801407,80.2282867432,79470,79490,20
13.0142402649,80.2263717651,79662,79682,20
13.0076799393,80.2586669922,80278,80298,20
12.9880800247,80.2330093384,32413,32429,16
12.9918203354,80.2338180542,42112,42142,30
12.9883098602,80.2237625122,42354,42374,20
12.9911403656,80.2336120605,42990,43006,16
12.9900197983,80.2276992798,43190,43220,30
12.9908599854,80.2301330566,43261,43281,20
12.9900398254,80.2276763916,44420,44441,21
12.9910202026,80.2321777344,44541,44558,17
12.9981498718,80.2380065918,44681,44711,30
12.9878501892,80.2313308716,45975,45991,16
12.989979744,80.2276382446,47014,47034,20
12.9982404709,80.2380371094,47316,47337,21
12.9983100891,80.2380905151,47337,47367,30
12.997879982,80.2378005981,47932,47952,20
12.9918203354,80.233757019,49305,49325,20
12.988240242,80.2301712036,49487,49517,30
12.9900197983,80.2276611328,49567,49588,21
12.9917697906,80.2338180542,50557,50577,20
12.990940094,80.2317581177,50617,50637,20
12.9901599884,80.2274093628,50708,50728,20
12.9888401031,80.2233734131,50799,50815,16
12.9919300079,80.2344818115,63610,63640,30
12.9888401031,80.2412414551,69174,69190,16
13.014380455,80.2258529663,19599,19629,30
13.0142202377,80.2259597778,19629,19650,21
13.0142498016,80.2261734009,19660,19680,20
13.0173597336,80.2249984741,20125,20141,16
13.0342702866,80.229927063,20477,20497,20
13.0080604553,80.2132797241,21356,21386,30
12.9708995819,80.219078064,21992,22012,20
12.9529304504,80.2118225098,22235,22251,16
12.9216604233,80.1971588135,22728,22744,16
12.9172697067,80.1913986206,22817,22836,19
12.9226398468,80.1508483887,23332,23348,16
12.9231796265,80.1208114624,23663,23683,20
12.9234304428,80.1546707153,25370,25387,17
12.917140007,80.1931762695,25874,25894,20
12.9249095917,80.1974563599,26035,26051,16
12.9570503235,80.2133102417,26541,26557,16
12.9711904526,80.2189407349,26721,26741,20
12.976149559,80.2212371826,26822,26852,30
12.9829998016,80.2220077515,26953,26974,21
13.0243396759,80.2283630371,27855,27875,20
13.0346498489,80.2303466797,28107,28127,20
13.0348701477,80.2299423218,28158,28178,20
13.0230398178,80.2274398804,30249,30269,20
13.0199699402,80.224899292,30340,30360,20
13.014550209,80.2262191772,30451,30481,30
13.0088195801,80.2138595581,30765,30785,20
13.0083398819,80.2134475708,30836,30866,30
12.997300148,80.2164611816,31129,31149,20
12.9889802933,80.2220611572,31310,31327,17
12.9876003265,80.2230987549,31327,31349,22
12.9851102829,80.2232589722,31399,31420,21
12.9757699966,80.2211914063,31662,31682,20
12.9754800797,80.2209396362,31702,31719,17
12.9442796707,80.2084121704,32125,32145,20
12.9410495758,80.2060317993,32215,32236,21
12.9336795807,80.2039413452,32357,32387,30
12.9232196808,80.1603012085,33417,33434,17
12.922750473,80.1522979736,33537,33557,20
12.9226903915,80.1321182251,33870,33886,16
12.9231901169,80.1207580566,34020,34040,20
12.9225997925,80.1435775757,35414,35434,20
12.9233503342,80.1604003906,35686,35706,20
12.9198999405,80.1710586548,35828,35858,30
12.9184398651,80.1766967773,35949,35969,20
12.9206600189,80.1853103638,36161,36191,30
13.034910202,80.2302017212,39779,39803,24
13.0343599319,80.2297897339,39815,39845,30
13.0342197418,80.2302093506,40391,40411,20
13.0300102234,80.2308197021,40512,40532,20
13.0292701721,80.2309112549,40552,40568,16
13.0077199936,80.212928772,46649,46669,20
13.019610405,80.2245025635,47002,47023,21
13.0242595673,80.2283706665,47134,47154,20
13.0298299789,80.2308197021,47669,47689,20
13.0147104263,80.225982666,48124,48152,28
13.0178203583,80.2247772217,51699,51715,16
13.0197896957,80.2245788574,51715,51735,20
13.0292196274,80.2308273315,51939,51960,21
13.0292196274,80.2308273315,51960,51976,16
13.0342197418,80.2301101685,52898,52928,30
13.0300302505,80.2307662964,53009,53029,20
13.0282297134,80.2309799194,53070,53086,16
13.0270900726,80.2329483032,53128,53149,21
12.9949197769,80.2171478271,53874,53890,16
12.9815196991,80.2212905884,54134,54150,16
12.9757404327,80.2211227417,54223,54243,20
12.9751796722,80.2206268311,54264,54283,19
12.9295196533,80.2027816772,54820,54836,16
12.92029953,80.1838531494,55697,55727,30
12.9442396164,80.2083435059,56597,56617,20
12.9761400223,80.2211990356,57001,57021,20
13.007809639,80.2130508423,58004,58020,16
13.0147199631,80.2255325317,60680,60700,20
12.9836797714,80.2225036621,62024,62044,20
12.9757204056,80.2211532593,62348,62368,20
12.9756498337,80.2210464478,62368,62388,20
12.9712095261,80.2192306519,62479,62499,20
12.9219903946,80.1972885132,63277,63293,16
12.9172496796,80.1914291382,63447,63467,20
12.9193201065,80.1797637939,63669,63685,16
12.9197397232,80.171081543,63758,63778,20
12.9227399826,80.1523590088,64052,64072,20
12.9227399826,80.1523590088,64072,64088,16
12.9225196838,80.1469421387,64161,64181,20
12.9231796265,80.1205978394,64605,64626,21
12.9228200912,80.1313323975,65949,65969,20
12.9224996567,80.1427230835,66121,66141,20
12.9223403931,80.1632919312,66525,66541,16
12.9171495438,80.1931762695,66947,66967,20
12.9171800613,80.1940689087,66987,67008,21
12.9338502884,80.2039108276,67422,67438,16
12.9872999191,80.2231369019,68673,68693,20
13.0008201599,80.2132415771,69057,69077,20
13.0036201477,80.212097168,69138,69158,20
13.0094203949,80.2146835327,69390,69411,21
13.0153102875,80.2249526978,69664,69684,20
13.0336503983,80.2305374146,70434,70454,20
13.0346603394,80.2303619385,70484,70505,21
13.030960083,80.23072052,71757,71777,20
13.0230398178,80.2274703979,72101,72121,20
13.011179924,80.2238082886,72565,72586,21
13.0111398697,80.2180023193,72687,72703,16
13.0079898834,80.2132568359,72917,72937,20
12.983039856,80.2220916748,73844,73864,20
12.9760503769,80.221321106,74006,74026,20
12.9458703995,80.2090530396,74549,74565,16
12.9172000885,80.1915435791,75275,75295,20
12.9226398468,80.1314620972,76325,76341,16
12.923119545,80.1209335327,76464,76485,21
12.9234104156,80.1171035767,76585,76606,21
12.9223899841,80.1423187256,77374,77394,20
12.9225902557,80.1473388672,77465,77485,20
12.9232597351,80.1604614258,77646,77662,16
12.9187402725,80.1957778931,78099,78115,16
12.9510202408,80.2109603882,78602,78618,16
12.9946699142,80.2172164917,79418,79434,16
13.0077495575,80.212928772,79690,79720,30
13.0144996643,80.2260894775,79963,79983,20
13.0140800476,80.2252578735,80124,80144,20
12.9960603714,80.2559509277,18901,18920,19
12.9960002899,80.2559661865,18990,19013,23
12.9960403442,80.256072998,19123,19141,18
12.995880127,80.2559814453,19212,19235,23
12.9555997849,80.2434768677,21598,21618,20
12.8767404556,80.2238235474,22692,22712,20
12.8745098114,80.2101135254,22865,22886,21
12.8764696121,80.2268600464,23259,23279,20
12.8944101334,80.2274703979,23502,23522,20
12.9289999008,80.231262207,23968,23991,23
12.9815597534,80.2335510254,24874,24893,19
13.0069999695,80.209777832,25674,25694,20
13.0137996674,80.2233581543,26491,26507,16
12.9850196838,80.2232437134,27106,27122,16
12.9764003754,80.2218322754,27266,27286,20
12.9813899994,80.2406387329,27619,27639,20
12.9564695358,80.243637085,28264,28285,21
12.9350299835,80.2334365845,28658,28674,16
12.9260101318,80.2310333252,28787,28810,23
12.9192495346,80.230178833,28853,28874,21
12.902009964,80.2280807495,29106,29126,20
12.8765201569,80.2269592285,29439,29469,30
12.876449585,80.2264785767,29499,29515,16
12.8746500015,80.2095718384,30004,30034,30
12.874710083,80.2101135254,30185,30206,21
12.8767795563,80.2268295288,30649,30670,21
12.8941602707,80.2275238037,31023,31043,20
12.8998403549,80.2277832031,31124,31144,20
12.9031600952,80.2279815674,31245,31265,20
12.9033603668,80.2279815674,31275,31305,30
12.9138298035,80.2292404175,31527,31547,20
12.9335098267,80.2326583862,31820,31840,20
12.9336204529,80.2327270508,31850,31866,16
12.9398202896,80.2356796265,31929,31949,20
12.94713974,80.239906311,32060,32080,20
12.9509096146,80.2412719727,32181,32201,20
12.966340065,80.2476806641,32615,32635,20
12.9812803268,80.2381668091,33079,33109,30
12.9812803268,80.2339706421,33170,33200,30
12.9815301895,80.2335510254,33220,33250,30
12.9932498932,80.21824646,33906,33936,30
12.9962797165,80.2165222168,34088,34108,20
12.9974403381,80.2162017822,34147,34168,21
13.0135803223,80.2041778564,34622,34642,20
13.0120801926,80.2124786377,34844,34864,20
13.0095596313,80.2110900879,35067,35087,20
13.0097398758,80.2114486694,35360,35380,20
13.0095596313,80.2111816406,35380,35400,20
13.0095796585,80.2111434937,35400,35430,30
13.0095596313,80.2110290527,35541,35561,20
13.0096998215,80.2107315063,35612,35632,20
13.0094604492,80.2108535767,35642,35672,30
13.0122203827,80.2211227417,36308,36324,16
13.0116300583,80.2273178101,36548,36568,20
12.9831600189,80.2221069336,37235,37255,20
12.9762401581,80.2215423584,37397,37417,20
12.9767503738,80.2224807739,37447,37463,16
12.9813995361,80.2426605225,37959,37980,21
12.979060173,80.2526702881,38131,38148,17
12.9675598145,80.2484207153,38342,38362,20
12.9669599533,80.2481384277,38433,38463,30
12.9665603638,80.2479171753,38493,38513,20
12.9650497437,80.2473373413,38685,38705,20
12.9472503662,80.2400894165,39139,39159,20
12.9131803513,80.2293319702,39663,39684,21
12.8931303024,80.2274932861,40178,40194,16
12.8925800323,80.2274780273,40194,40216,22
12.8765296936,80.2269592285,40408,40428,20
12.8743896484,80.210067749,40670,40700,30
12.8767499924,80.2268295288,41144,41164,20
12.8840904236,80.2266235352,41235,41251,16
12.8973503113,80.2276687622,41394,41413,19
12.9027004242,80.2279663086,41485,41506,21
12.9298801422,80.2314987183,41859,41876,17
12.9355697632,80.2335586548,41938,41958,20
12.9396495819,80.2355575562,42010,42030,20
12.9511699677,80.2413864136,42221,42238,17
13.0051603317,80.2091369629,43956,43972,16
13.0099201202,80.21118927,44508,44529,21
13.0095500946,80.2110671997,44912,44942,30
13.0094003677,80.2110366821,44952,44973,21
13.0094604492,80.2110900879,45215,45245,30
13.0094995499,80.2111663818,45255,45285,30
13.0149803162,80.2258377075,45578,45598,20
13.0053596497,80.2203979492,45830,45846,16
12.997420311,80.2165985107,45959,45979,20
12.9912204742,80.2203598022,46080,46100,20
12.9832496643,80.2222671509,46302,46332,30
12.9763803482,80.2217483521,46494,46524,30
12.9766798019,80.2222518921,46544,46560,16
12.9816102982,80.2335510254,46784,46800,16
12.9724998474,80.2501373291,47216,47236,20
12.965929985,80.2477111816,47317,47333,16
12.939789772,80.235786438,47799,47819,20
12.9358301163,80.2338867188,47880,47896,16
12.9338703156,80.2330093384,47918,47938,20
12.8993701935,80.227897644,48686,48716,30
12.894659996,80.2276535034,48797,48813,16
12.8932304382,80.2275085449,48813,48835,22
12.8744297028,80.210067749,49289,49319,30
12.8751401901,80.2099990845,49370,49390,20
12.875,80.2094573975,49703,49723,20
12.8749103546,80.2097625732,49753,49783,30
12.8749704361,80.2096328735,49783,49803,20
12.8750200272,80.2102432251,49904,49925,21
12.8748598099,80.2097320557,50146,50167,21
12.8739299774,80.2092285156,50902,50922,20
12.874830246,80.2087020874,51024,51054,30
12.875120163,80.2098922729,51125,51145,20
12.8746995926,80.2097396851,51458,51478,20
12.8747997284,80.2100906372,51488,51508,20
12.8764696121,80.2268600464,51771,51791,20
12.9026603699,80.2279663086,52144,52164,20
12.9055595398,80.2281112671,52214,52235,21
12.9336900711,80.2327728271,52699,52719,20
12.9473199844,80.2399902344,52922,52942,20
12.9812898636,80.2398986816,53668,53688,20
12.9775400162,80.2223815918,54051,54068,17
13.0095796585,80.2111434937,55199,55220,21
13.0124197006,80.2270889282,56015,56031,16
12.9813499451,80.2427825928,57263,57284,21
12.9800395966,80.2528381348,57435,57465,30
12.9786100388,80.2526397705,57495,57516,21
12.9650297165,80.2473602295,57677,57697,20
12.9635896683,80.2468490601,57728,57748,20
12.9594097137,80.2448577881,57808,57828,20
12.94328022,80.2371063232,58232,58252,20
12.9397802353,80.2358322144,58303,58323,20
12.9260997772,80.2310562134,58514,58535,21
12.9132900238,80.2293167114,58696,58716,20
12.9060297012,80.2283630371,58817,58847,30
12.8930196762,80.2276000977,59059,59079,20
12.8883304596,80.2274169922,59150,59170,20
12.8764400482,80.2265014648,59352,59372,20
12.8744401932,80.2101287842,59624,59654,30
12.8852701187,80.2266693115,60078,60094,16
12.8999996185,80.2278518677,60288,60308,20
12.9048299789,80.2281188965,60429,60449,20
12.9470500946,80.2398986816,61297,61313,16
12.9506196976,80.2412185669,61374,61396,22
12.9628200531,80.246383667,61607,61634,27
12.9664201736,80.2477493286,61685,61706,21
12.9798402786,80.2524795532,61908,61928,20
12.9804000854,80.2507019043,61969,61985,16
12.9813404083,80.2433776855,62037,62057,20
12.9813404083,80.2430114746,62068,62089,21
12.9772396088,80.2227783203,62502,62522,20
13.0068798065,80.2097473145,63289,63309,20
13.0134496689,80.2040710449,63541,63561,20
12.9974002838,80.216583252,65024,65045,21
12.9832801819,80.222328186,65377,65398,21
12.9761695862,80.221321106,65539,65555,16
12.9812498093,80.2444610596,66092,66108,16
12.9674596786,80.2484588623,66402,66419,17
12.9638299942,80.2469711304,66490,66511,21
12.9516601563,80.2417373657,66774,66804,30
12.9494104385,80.2410125732,66895,66925,30
12.9397602081,80.2358474731,67117,67137,20
12.9338598251,80.2331085205,67218,67238,20
12.9327297211,80.2325973511,67268,67284,16
12.9061803818,80.2283782959,67802,67822,20
12.902130127,80.2281799316,67872,67893,21
12.8925304413,80.2275619507,68145,68175,30
12.8764400482,80.2268600464,69265,69285,20
12.8841400146,80.2267303467,69366,69382,16
12.8917102814,80.2273635864,69495,69515,20
12.9027500153,80.2280197144,69727,69747,20
12.9070901871,80.2283172607,70050,70070,20
12.9138402939,80.229309082,70161,70181,20
12.9263401031,80.2309875488,70352,70373,21
12.9336204529,80.2328033447,70473,70494,21
12.9396800995,80.2356872559,70594,70615,21
12.9471597672,80.2399902344,70746,70766,20
12.9589300156,80.2445220947,71079,71099,20
12.9666500092,80.2479019165,71260,71281,21
12.9805498123,80.2289962769,72199,72219,20
12.9777498245,80.2244262695,72330,72350,20
12.9771604538,80.2227401733,72411,72431,20
12.9774398804,80.2218399048,72471,72487,16
12.9807596207,80.2210769653,72560,72580,20
12.9830198288,80.2220611572,72630,72651,21
12.9864902496,80.2229995728,72762,72782,20
12.987039566,80.2230682373,72792,72812,20
12.9891796112,80.2217788696,72863,72879,16
13.0036802292,80.2120132446,73254,73274,20
12.9974899292,80.2166595459,74830,74850,20
12.9772195816,80.2213821411,75405,75425,20
12.9769001007,80.2213821411,75425,75445,20
12.9818201065,80.2330322266,75778,75798,20
12.9852104187,80.2519683838,76192,76208,16
12.9965000153,80.2558364868,76665,76681,16
13.0336799622,80.2300796509,26556,26576,20
13.0336904526,80.2300796509,26576,26597,21
13.033370018,80.2303390503,26597,26617,20
13.0342798233,80.2302017212,28961,28983,22
13.0347995758,80.2302703857,29039,29060,21
13.0459604263,80.2259979248,29737,29758,21
13.0521802902,80.2198028564,30081,30101,20
13.0483798981,80.2120437622,30493,30513,20
13.0574598312,80.2113418579,30673,30694,21
13.0696401596,80.2050704956,30998,31014,16
13.0750398636,80.1955718994,31520,31540,20
13.0714902878,80.1864624023,31692,31722,30
13.0713996887,80.1859893799,31732,31748,16
13.0676803589,80.1785583496,31851,31872,21
13.0663995743,80.1745529175,31952,31973,21
13.0612802505,80.1647796631,32185,32215,30
13.0612401962,80.1646194458,32215,32235,20
13.0604696274,80.1547775269,32397,32417,20
13.0613498688,80.1418380737,32589,32605,16
13.0698003769,80.1241989136,33223,33253,30
13.0699195862,80.1240234375,33263,33284,21
13.0614004135,80.1387176514,34942,34958,16
13.0637397766,80.1677093506,35405,35425,20
13.0714197159,80.1855010986,35728,35748,20
13.0722799301,80.2021484375,36132,36152,20
13.065369606,80.2111434937,36637,36657,20
13.0513401031,80.2121429443,36960,36981,21
13.0509004593,80.2121810913,36981,37001,20
13.0505399704,80.2121887207,37011,37031,20
13.0500497818,80.2129211426,37061,37082,21
13.05327034,80.2234573364,37385,37405,20
13.0521001816,80.2304000854,37607,37635,28
13.0469999313,80.2329025269,39951,39971,20
13.0534200668,80.2247467041,40456,40476,20
13.0444097519,80.2129974365,40810,40840,30
13.0484399796,80.212059021,40911,40941,30
13.0644302368,80.2113800049,41284,41300,16
13.0696001053,80.2048034668,41707,41727,20
13.0637998581,80.2117004395,41878,41898,20
13.0500802994,80.2129821777,42141,42161,20
13.0541601181,80.2299423218,42595,42611,16
13.0478401184,80.2331008911,42805,42827,22
13.0343198776,80.2298583984,43752,43772,20
13.0340595245,80.2297363281,46723,46753,30
13.03647995,80.2306518555,55765,55785,20
13.0449104309,80.2325210571,55897,55917,20
13.0471401215,80.2329788208,55958,55978,20
13.0440301895,80.2285919189,56129,56146,17
13.0525197983,80.220916748,56511,56531,20
13.0522403717,80.2198410034,56562,56582,20
13.0486803055,80.214630127,56733,56750,17
13.0577402115,80.2117080688,57921,57941,20
13.0539598465,80.2271194458,58386,58406,20
13.0450801849,80.2325897217,61208,61228,20
13.0441799164,80.2293167114,61410,61426,16
13.0529098511,80.2276992798,61671,61691,20
13.0521802902,80.2197799683,61943,61964,21
13.048500061,80.2119827271,62347,62368,21
13.0495996475,80.2118835449,62388,62416,28
13.0630197525,80.211479187,62628,62648,20
13.0687398911,80.2051773071,62840,62860,20
13.0687103271,80.2049484253,62871,62891,20
13.0733299255,80.2007217407,63093,63109,16
13.0613002777,80.1383666992,64232,64252,20
13.0666399002,80.1358718872,64404,64424,20
13.0699300766,80.1240463257,64768,64788,20
13.0613298416,80.1386871338,66727,66747,20
13.0618495941,80.1510162354,66938,66960,22
13.0614299774,80.1647720337,67232,67253,21
13.0670604706,80.1753768921,67475,67495,20
13.0752696991,80.1958084106,67889,67909,20
13.0697603226,80.2049636841,68434,68455,21
13.0651397705,80.2114028931,68566,68586,20
13.057800293,80.211730957,68727,68748,21
13.0500497818,80.2131118774,69008,69028,20
13.0520401001,80.2189407349,69251,69281,30
13.0520801544,80.2191772461,69291,69311,20
13.0533304214,80.2238388062,69493,69509,16
13.0539102554,80.2271575928,69562,69582,20
13.0540399551,80.2307281494,69674,69694,20
13.0535802841,80.2307128906,69704,69724,20
13.0519504547,80.2304611206,69765,69795,30
13.0489797592,80.2334365845,69957,69977,20
13.0451602936,80.2327270508,70697,70717,20
13.0436296463,80.2324676514,70748,70764,16
13.0352602005,80.2303619385,70948,70978,30
12.9866600037,80.2383575439,27786,27816,30
12.9882802963,80.2301101685,28018,28048,30
12.9900302887,80.227722168,28099,28119,20
12.9910202026,80.2320404053,28483,28503,20
12.9866695404,80.2333221436,29069,29090,21
12.9883003235,80.2301330566,29150,29171,21
12.9900197983,80.2276611328,29221,29241,20
12.992190361,80.2337265015,29546,29566,20
12.9986400604,80.2391662598,29687,29707,20
13.0058603287,80.2418365479,29839,29859,20
12.9992198944,80.2393188477,30022,30042,20
12.9909601212,80.2317886353,30254,30274,20
12.9883203506,80.2300567627,31883,31913,30
12.9910001755,80.2320327759,32075,32095,20
12.9918203354,80.2337036133,32125,32146,21
12.9992103577,80.2393417358,33541,33571,30
12.994600296,80.2348175049,33692,33713,21
12.9909801483,80.2317962646,33834,33854,20
12.9902095795,80.2273864746,33935,33955,20
12.9899702072,80.2277297974,34198,34227,29
12.9883403778,80.2300415039,34279,34299,20
12.9866695404,80.2377700806,35249,35269,20
12.986700058,80.2333068848,35401,35421,20
12.9899997711,80.2277374268,35573,35603,30
12.9901895523,80.2275009155,35846,35866,20
12.9864997864,80.2352981567,37049,37079,30
12.9883003235,80.2300262451,37190,37210,20
12.9900503159,80.2276992798,37251,37281,30
12.9490804672,80.2190628052,19791,19811,20
12.973400116,80.1530075073,20771,20791,20
12.9674396515,80.1491928101,21316,21346,30
12.9873800278,80.2514724731,23053,23073,20
12.9491796494,80.2407989502,25720,25750,30
12.9491996765,80.1837615967,26487,26508,21
12.9587497711,80.150062561,26912,26932,20
12.9540100098,80.1420669556,27115,27136,21
12.9530296326,80.1414794922,27166,27196,30
12.9517202377,80.1405563354,27227,27247,20
12.9261198044,80.11743927,27903,27923,20
12.9492998123,80.1840209961,29942,29963,21
12.9485502243,80.2093505859,30417,30447,30
12.9498701096,80.2305221558,30710,30740,30
12.9499197006,80.2311019897,30780,30801,21
12.9499597549,80.2317428589,30841,30871,30
12.9499902725,80.2321166992,30881,30901,20
12.9500303268,80.2326202393,30922,30952,30
12.9500598907,80.233001709,30962,30982,20
12.9500999451,80.2334594727,31013,31033,20
12.9501600266,80.2336196899,31033,31053,20
12.9491100311,80.2404937744,31548,31568,20
12.9511299133,80.2413864136,31618,31638,20
12.9562997818,80.2433776855,31770,31800,30
12.9786396027,80.2523880005,32264,32285,21
12.9880895615,80.2521972656,32699,32719,20
12.9867401123,80.2590484619,33042,33062,20
12.9653100967,80.2474594116,35963,35983,20
12.9517402649,80.2416610718,36306,36326,20
12.9492998123,80.2207489014,37420,37437,17
12.9544000626,80.1591186523,38225,38246,21
12.9682197571,80.1494216919,38569,38599,30
12.9689598083,80.1497268677,38629,38659,30
12.9492101669,80.1850967407,40083,40103,20
12.948559761,80.1954193115,40214,40234,20
12.9589395523,80.2444763184,41123,41143,20
12.9666004181,80.247833252,41254,41274,20
12.9872303009,80.2593994141,42164,42194,30
12.9595603943,80.2449417114,44163,44183,20
12.9571199417,80.2439498901,44224,44244,20
12.9568996429,80.2438812256,44294,44314,20
12.9567298889,80.2438430786,44314,44335,21
12.9565496445,80.2437896729,44335,44355,20
12.9500198364,80.2338180542,44708,44728,20
12.9563102722,80.1433334351,45778,45799,21
12.9517803192,80.140663147,45879,45899,20
12.9369802475,80.1279602051,46142,46162,20
12.9261302948,80.1174621582,46424,46445,21
12.9543800354,80.159538269,48020,48039,19
12.9797801971,80.2526168823,49627,49657,30
12.9872598648,80.2591171265,50939,50960,21
12.949139595,80.240852356,51676,51697,21
12.9732198715,80.1527633667,53124,53154,30
12.9693202972,80.1501083374,53276,53296,20
12.9545297623,80.1587600708,53609,53629,20
12.9628095627,80.2463302612,54649,54679,30
12.9872198105,80.2593994141,55305,55335,30
12.9877004623,80.2516479492,55943,55973,30
12.9484996796,80.208656311,56882,56902,20
12.9518604279,80.1407165527,57750,57770,20
12.9369001389,80.1279525757,58003,58023,20
12.9267902374,80.1178588867,58366,58386,20
12.9504098892,80.1394195557,59164,59184,20
12.9625196457,80.2462310791,60762,60792,30
12.9666500092,80.2479095459,60873,60893,20
12.9879598618,80.2532272339,61307,61327,20
12.9867801666,80.2590484619,63104,63134,30
12.9871196747,80.2591323853,63145,63175,30
12.9877300262,80.2548599243,63296,63316,20
12.9877901077,80.251701355,63357,63387,30
12.9788799286,80.2526397705,63589,63609,20
12.9594202042,80.2448577881,63861,63882,21
12.949139595,80.2394485474,64306,64336,30
12.9499797821,80.2334976196,64619,64639,20
12.9484701157,80.1987686157,65012,65032,20
12.9484901428,80.1955108643,65093,65113,20
12.9492101669,80.183807373,65244,65265,21
12.9545001984,80.1584701538,65588,65608,20
12.9588804245,80.1499786377,65699,65719,20
12.9733695984,80.153137207,66780,66800,20
12.9545497894,80.1588134766,67356,67376,20
12.9544095993,80.1595916748,67386,67406,20
12.9492797852,80.1840286255,67638,67658,20
12.9485902786,80.2092285156,67982,68012,30
12.9500598907,80.2331314087,68264,68284,20
12.9499797821,80.2358932495,68416,68436,20
12.9511804581,80.2414474487,68577,68607,30
12.9588003159,80.2444763184,68749,68769,20
12.9871997833,80.2591018677,70687,70708,21
12.9876203537,80.2516403198,70950,70970,20
12.9652795792,80.2474517822,71455,71475,20
12.9516296387,80.2416610718,71768,71788,20
12.949090004,80.2394866943,71929,71959,30
12.9496498108,80.2360229492,72081,72111,30
12.9499397278,80.2338867188,72151,72172,21
12.9484195709,80.1987762451,72545,72575,30
12.9484195709,80.1956329346,72626,72646,20
12.9489297867,80.1854476929,72757,72777,20
12.9491500854,80.1837921143,72808,72828,20
12.9543504715,80.1590499878,73121,73151,30
12.954460144,80.1585388184,73161,73181,20
12.9601802826,80.1459732056,73353,73373,20
12.9535799026,80.1418685913,73504,73534,30
12.9507398605,80.1397781372,73646,73666,20
12.9363098145,80.127456665,73878,73898,20
12.9371204376,80.127746582,75122,75152,30
12.9511699677,80.1399765015,75394,75424,30
12.9526901245,80.1412963867,75465,75495,30
12.9585399628,80.1505126953,75687,75707,20
12.9543304443,80.1596069336,75798,75818,20
12.9511899948,80.1748504639,75980,76000,20
12.9492502213,80.1840667725,76101,76131,30
12.9485397339,80.195640564,76262,76283,21
12.94851017,80.2093887329,76454,76474,20
12.9500303268,80.2331085205,76717,76737,20
12.9490499496,80.2405014038,76878,76898,20
12.9563302994,80.2433929443,77020,77050,30
12.9665403366,80.2478713989,77171,77191,20
12.9872198105,80.2593994141,77666,77686,20
12.9869699478,80.2596206665,77716,77746,30
13.0072402954,80.2402877808,24802,24822,20
13.0083599091,80.2134780884,25166,25186,20
13.0087203979,80.2098770142,25409,25439,30
13.0151100159,80.2245483398,26915,26935,20
13.0292901993,80.2659378052,27926,27946,20
13.0339603424,80.2679901123,28027,28047,20
13.0414896011,80.2682037354,28310,28331,21
13.0442800522,80.266960144,28404,28425,21
13.0434503555,80.2740402222,28536,28556,20
13.0747098923,80.2862930298,29062,29082,20
13.0887899399,80.2901687622,30538,30558,20
13.0740203857,80.2861328125,30750,30770,20
13.0624504089,80.2831115723,30902,30922,20
13.0497503281,80.280708313,31124,31154,30
13.0445098877,80.2685012817,31539,31569,30
13.0411195755,80.2683029175,31619,31640,21
13.0402698517,80.2679824829,31660,31680,20
13.0265798569,80.2635879517,32115,32145,30
13.0270595551,80.2559204102,32266,32287,21
13.0289897919,80.2490615845,32469,32489,20
13.0220603943,80.2424316406,32651,32671,20
13.0067596436,80.2097167969,33753,33773,20
13.0097198486,80.2112197876,35421,35441,20
13.0094900131,80.2113037109,35532,35552,20
13.0076704025,80.2359771729,36442,36462,20
13.0074996948,80.2402572632,36745,36766,21
13.0179595947,80.2409973145,36887,36917,30
13.0187397003,80.2412872314,36937,36958,21
13.0235595703,80.2428283691,37069,37099,30
13.0289802551,80.2492980957,37332,37362,30
13.0270996094,80.2545013428,37504,37524,20
13.0292701721,80.2660064697,37787,37807,20
13.0338602066,80.267906189,37909,37939,30
13.0369901657,80.2666091919,38010,38030,20
13.041390419,80.268119812,38212,38233,21
13.044210434,80.2669677734,38294,38315,21
13.0436000824,80.2734222412,38416,38436,20
13.043510437,80.2739486694,38456,38486,30
13.0492801666,80.2805633545,38668,38689,21
13.0638198853,80.2833023071,38931,38952,21
13.0740995407,80.2855529785,39053,39073,20
13.0807800293,80.2882614136,39174,39194,20
13.0868396759,80.2839126587,39559,39580,21
13.0815401077,80.2755508423,40024,40045,21
13.0814599991,80.2753601074,40045,40066,21
13.0607404709,80.2652587891,40581,40601,20
13.0376796722,80.2675170898,41158,41188,30
13.029800415,80.2666702271,41471,41491,20
13.034070015,80.2678985596,42674,42694,20
13.0415000916,80.2681732178,42977,42998,21
13.0545501709,80.2642364502,43291,43311,20
13.0571804047,80.2647171021,43342,43362,20
13.0667896271,80.2683563232,43716,43736,20
13.081990242,80.2758178711,44261,44282,21
13.0884799957,80.2847976685,44919,44949,30
13.0643596649,80.2836380005,45424,45444,20
13.0436897278,80.2798614502,45748,45768,20
13.0431804657,80.2747116089,45869,45889,20
13.0327301025,80.2676010132,46344,46364,20
13.0269403458,80.2557220459,46648,46668,20
13.0221099854,80.242477417,46981,47001,20
13.018910408,80.2414627075,47042,47062,20
13.0102100372,80.2117080688,48478,48498,20
13.0101203918,80.2116317749,48498,48528,30
13.0101804733,80.2114868164,48589,48611,22
13.0101604462,80.2116165161,48621,48641,20
13.0102300644,80.2116012573,48641,48662,21
13.010310173,80.2117004395,49036,49056,20
13.0271902084,80.2529830933,82035,82056,21
13.0854597092,80.283493042,83381,83401,20
13.0912704468,80.2276611328,57241,57261,20
13.0888299942,80.2308883667,57342,57362,20
13.083609581,80.2339172363,57524,57554,30
13.0823898315,80.2336807251,57575,57595,20
13.0764703751,80.2371063232,57837,57857,20
13.0677995682,80.2465591431,58463,58484,21
13.0537996292,80.2423095703,58938,58958,20
13.0528898239,80.2418670654,58979,59009,30
13.0496797562,80.2403030396,59110,59130,20
13.0451898575,80.2326889038,59403,59433,30
13.0335197449,80.2304992676,59756,59777,21
13.0296602249,80.2308578491,59847,59867,20
13.0199203491,80.2248001099,60130,60150,20
12.9995603561,80.2562637329,61032,61052,20
12.9872598648,80.2595672607,61517,61547,30
12.986579895,80.2591629028,61780,61800,20
13.0073795319,80.236869812,63305,63335,30
13.0105495453,80.2252807617,63507,63527,20
13.0155496597,80.2250213623,63709,63729,20
13.0196800232,80.2245025635,63800,63830,30
13.0347700119,80.2304229736,64608,64628,20
13.0349798203,80.238609314,64911,64941,30
13.0446100235,80.2404174805,65245,65265,20
13.0539999008,80.2422485352,65498,65528,30
13.056139946,80.242477417,65578,65599,21
13.0699796677,80.2421112061,66104,66134,30
13.0757398605,80.2341079712,66427,66447,20
13.0952997208,80.2223129272,67218,67238,20
13.0986700058,80.2141418457,69450,69471,21
13.0912799835,80.2276611328,69774,69794,20
13.0764598846,80.2373199463,70382,70402,20
13.0766296387,80.2379989624,70412,70432,20
13.0334796906,80.2304992676,72382,72412,30
13.0239400864,80.2283325195,72745,72765,20
13.014380455,80.2263031006,72957,72978,21
13.0067195892,80.2420501709,73305,73325,20
13.0018701553,80.256652832,73781,73803,22
12.9881801605,80.255859375,75833,75854,21
13.0339097977,80.23046875,77282,77302,20
13.0347499847,80.2303466797,77353,77383,30
13.0341396332,80.2370071411,77504,77524,20
13.0699796677,80.2420730591,78404,78424,20
13.0913696289,80.2273101807,79202,79222,20
13.1000299454,80.2160568237,79758,79788,30
13.0837697983,80.2338562012,83406,83427,21
13.0987997055,80.2415771484,85220,85240,20
13.0987997055,80.2404937744,85351,85371,20
13.0990400314,80.2407302856,86018,86038,20
12.9869699478,80.2584991455,22193,22223,30
13.0198602676,80.2247161865,23588,23608,20
13.01445961,80.2262191772,23679,23699,20
12.9651498795,80.2473602295,24599,24619,20
12.9067802429,80.2283172607,25357,25377,20
12.8995399475,80.2279129028,25458,25478,20
12.845410347,80.2266616821,25994,26014,20
12.7628803253,80.1850204468,28485,28505,20
12.7613401413,80.184677124,28556,28576,20
12.7632198334,80.1835021973,29041,29061,20
12.7692699432,80.1842269897,29203,29223,20
12.7706403732,80.1847000122,29253,29274,21
12.770939827,80.1868972778,29324,29344,20
12.7739095688,80.2013015747,29617,29638,21
12.7866802216,80.2204666138,30194,30214,20
12.8014001846,80.2235870361,30406,30426,20
12.8054304123,80.2240982056,30477,30497,20
12.8310098648,80.2294082642,30810,30831,21
12.8394203186,80.2276382446,30932,30952,20
12.8766202927,80.2268829346,31356,31376,20
12.9137296677,80.2292480469,32054,32074,20
12.9474802017,80.2400588989,32549,32569,20
13.0065698624,80.2447433472,33783,33803,20
13.0195598602,80.2244567871,34442,34462,20
13.0260295868,80.2312469482,34927,34947,20
13.0285396576,80.2309112549,34998,35028,30
13.0348997116,80.2301101685,35180,35200,20
13.0314998627,80.2306289673,36454,36474,20
13.0303297043,80.2308425903,36504,36524,20
13.0264596939,80.2330169678,36888,36909,21
13.0145597458,80.2261810303,37404,37424,20
13.0072202682,80.2386016846,37940,37970,30
13.0068101883,80.2405395508,38011,38031,20
13.0067195892,80.2451019287,38142,38162,20
13.0060997009,80.2474594116,38223,38243,20
12.9912996292,80.250579834,38415,38445,30
12.9808301926,80.2527694702,38870,38900,30
12.9679403305,80.2486419678,39214,39244,30
12.9660797119,80.2477798462,39375,39396,21
12.9575195313,80.2440872192,39699,39719,20
12.9569196701,80.2439117432,39820,39840,20
12.9132900238,80.2293395996,40568,40588,20
12.9070501328,80.2284011841,40659,40679,20
12.8991003036,80.2279510498,40882,40912,30
12.8767700195,80.2269821167,41175,41195,20
12.8453502655,80.2266616821,41549,41569,20
12.8399600983,80.2276611328,41640,41670,30
12.786239624,80.2206115723,42358,42388,30
12.9562997818,80.2433166504,45444,45464,20
12.9589395523,80.244468689,45495,45515,20
12.9669599533,80.2480010986,45596,45616,20
13.0111904144,80.2233886719,46485,46506,21
13.0144701004,80.2262115479,47456,47486,30
12.9865999222,80.2586517334,49176,49206,30
12.9870996475,80.2591781616,52047,52077,30
13.0067195892,80.2405014038,52696,52726,30
12.9887399673,80.251159668,54354,54374,20
12.949139595,80.240852356,55031,55051,20
12.9075403214,80.2283782959,55537,55557,20
12.8993301392,80.2278671265,55769,55789,20
12.845459938,80.2265396118,60968,60988,20
12.9064798355,80.2282104492,61878,61908,30
12.9396600723,80.2356796265,62414,62434,20
12.9471597672,80.2399597168,62525,62545,20
13.0065402985,80.2413024902,63942,63972,30
13.0073795319,80.2370071411,64033,64053,20
13.0073795319,80.2368774414,64053,64073,20
13.0258903503,80.2311935425,64680,64700,20
13.0289497375,80.2308425903,64771,64801,30
13.0302400589,80.2307128906,64832,64862,30
13.024889946,80.2293930054,67076,67106,30
13.0240097046,80.2282409668,67137,67157,20
13.0210399628,80.2254867554,67319,67339,20
13.0191497803,80.2244415283,67410,67440,30
13.0059995651,80.2473678589,68421,68441,20
12.9594802856,80.2448196411,69250,69280,30
12.956489563,80.2436599731,69341,69361,20
12.9516601563,80.241607666,69432,69452,20
12.9491195679,80.2408065796,69502,69523,21
12.9397497177,80.2357177734,69674,69694,20
12.9338102341,80.2329101563,69775,69796,21
12.9259996414,80.2309417725,69897,69917,20
12.9018802643,80.228012085,70494,70514,20
12.8993997574,80.2278289795,70575,70605,30
12.8453197479,80.226600647,71323,71343,20
12.8321800232,80.2291183472,71495,71515,20
12.7957401276,80.22290802,72021,72041,20
12.7862300873,80.2203292847,72213,72243,30
12.7843904495,80.2194595337,72334,72354,20
12.7745599747,80.1940765381,72850,72870,20
12.7612800598,80.1848220825,73356,73386,30
12.7866401672,80.220451355,74926,74946,20
12.8315696716,80.2292098999,75553,75573,20
12.8377199173,80.2281494141,75695,75725,30
12.8388204575,80.2279129028,75856,75876,20
12.8453197479,80.2265777588,76028,76048,20
12.8498897552,80.2265701294,76129,76149,20
12.9005804062,80.227897644,76928,76948,20
12.9053297043,80.2281570435,77201,77221,20
12.9263000488,80.2309494019,77555,77585,30
12.9846601486,80.252166748,78586,78616,30
12.9860601425,80.251739502,78818,78839,21
12.9877796173,80.2546920776,79041,79061,20
12.9872503281,80.2585983276,79132,79152,20
12.986579895,80.2591629028,79233,79263,30
13.0141296387,80.2261734009,23425,23446,21
13.014380455,80.2262268066,24084,24104,20
13.0062103271,80.2474365234,24570,24590,20
12.9792003632,80.2526702881,24934,24954,20
12.8929100037,80.2275085449,26362,26382,20
12.8398504257,80.2277603149,27161,27182,21
12.8276996613,80.2194900513,27475,27496,21
12.8273801804,80.2194137573,28161,28181,20
12.8395004272,80.2277679443,28576,28606,30
12.9027004242,80.2279815674,29396,29426,30
12.9337100983,80.2327728271,29892,29912,20
12.9485797882,80.2405166626,30175,30196,21
12.9510002136,80.2413482666,30236,30256,20
12.9670600891,80.2480926514,30611,30631,20
12.9786300659,80.2524108887,30753,30783,30
13.006529808,80.2464370728,31400,31421,21
13.0066404343,80.2410964966,31542,31562,20
13.0238399506,80.2279205322,33000,33020,20
13.024140358,80.2282104492,33030,33051,21
13.0234899521,80.2276611328,33152,33182,30
13.0168800354,80.2252731323,33314,33334,20
13.0080499649,80.2345275879,33638,33668,30
13.0061798096,80.2474365234,34205,34235,30
12.9981803894,80.2488632202,34336,34357,21
12.9911298752,80.2506637573,34478,34498,20
12.956609726,80.2436828613,35592,35622,30
12.953789711,80.2424316406,35723,35742,19
12.8989200592,80.2278594971,36928,36958,30
12.8761396408,80.2269973755,37292,37312,20
12.8419504166,80.227180481,37991,38011,20
12.8411197662,80.2273406982,38153,38173,20
12.8399801254,80.2276916504,38315,38345,30
12.7863502502,80.2203598022,39084,39104,20
12.7862195969,80.2218170166,39975,39995,20
12.7863197327,80.2203903198,40066,40086,20
12.9794197083,80.2526168823,42647,42668,21
13.011300087,80.2233734131,43498,43518,20
13.0156602859,80.2251434326,43660,43680,20
13.0194702148,80.2243804932,43741,43771,30
13.0198497772,80.2247467041,44389,44409,20
13.0071802139,80.2385406494,44733,44763,30
13.0065603256,80.2449417114,44905,44925,20
13.0059404373,80.2473373413,45039,45059,20
12.9904003143,80.2507400513,45312,45332,20
12.9569702148,80.2436904907,46000,46021,21
12.9469995499,80.2399520874,46284,46304,20
12.9018096924,80.2280197144,46891,46911,20
12.8397598267,80.2277832031,47630,47650,20
12.831489563,80.2285232544,47782,47802,20
12.8276700974,80.2194366455,47984,48005,21
12.8273000717,80.2193832397,48625,48646,21
12.8454704285,80.2265319824,49040,49061,21
12.9000701904,80.2277984619,49648,49668,20
12.9670295715,80.2480392456,50883,50903,20
13.0065002441,80.2464828491,51561,51581,20
13.0193996429,80.2243423462,52098,52118,20
13.0242996216,80.2284317017,52230,52250,20
13.0198602676,80.2247009277,52352,52382,30
13.0195798874,80.2244796753,53303,53324,21
12.8993196487,80.2278366089,55551,55571,20
12.8247098923,80.2160415649,56816,56836,20
12.8276195526,80.2194595337,57069,57089,20
12.8393096924,80.2277679443,57363,57383,20
12.8394804001,80.2276916504,57383,57403,20
12.8500099182,80.2265319824,57565,57586,21
12.9002199173,80.2278366089,58163,58193,30
12.9511003494,80.2413864136,59013,59033,20
12.9563703537,80.2434768677,59185,59205,20
12.963060379,80.2465362549,59317,59347,30
12.9784297943,80.2523117065,59531,59551,20
12.9895095825,80.2509307861,59855,59875,20
13.0194101334,80.2243270874,60675,60695,20
13.0236301422,80.2276916504,61171,61192,21
13.0068502426,80.2406921387,62103,62123,20
13.0067501068,80.2473297119,62275,62295,20
13.0061998367,80.247428894,62315,62336,21
12.913310051,80.2293395996,64046,64067,21
12.9082603455,80.2285614014,64127,64148,21
12.8455495834,80.2266464233,65160,65180,20
12.8397798538,80.2277679443,65251,65271,20
12.7959604263,80.2229919434,65798,65818,20
12.7861795425,80.2217178345,66901,66922,21
12.7861700058,80.2204818726,66972,66993,21
12.8309698105,80.2294616699,67640,67661,21
12.8450202942,80.2266616821,67914,67944,30
12.8577098846,80.2262420654,68157,68187,30
12.8763599396,80.2269515991,68484,68514,30
12.8999004364,80.227897644,68939,68960,21
12.9395103455,80.2356567383,69689,69709,20
13.0066204071,80.2408828735,71511,71531,20
13.0068998337,80.2400588989,73516,73536,20
12.9638395309,80.2468795776,74531,74551,20
12.9563398361,80.2436981201,74673,74693,20
12.8396100998,80.2277984619,76363,76384,21
12.8452596664,80.2265930176,77690,77710,20
12.8499097824,80.2265396118,77771,77791,20
12.9049797058,80.2281417847,78510,78530,20
12.9848003387,80.252166748,79725,79755,30
13.0112695694,80.2234725952,80595,80616,21
12.9871702194,80.2585678101,17221,17241,20
12.9872198105,80.2584762573,18768,18788,20
12.9871501923,80.2585296631,18819,18849,30
12.9876003265,80.2574615479,21559,21580,21
12.9879102707,80.2573318481,21681,21701,20
12.8995800018,80.2279281616,23066,23086,20
12.7863798141,80.2203979492,25412,25432,20
12.9028396606,80.2279586792,26787,26807,20
12.9059400558,80.2281799316,26868,26888,20
12.906080246,80.2281799316,26888,26908,20
12.9337797165,80.2327804565,27222,27242,20
12.9664897919,80.2477035522,27728,27748,20
12.9867601395,80.2516174316,28001,28031,30
12.9967899323,80.2490463257,28183,28203,20
13.0073900223,80.2370605469,28435,28456,21
13.015370369,80.2247467041,28718,28739,21
13.0199298859,80.2248001099,30336,30357,21
13.0143203735,80.2262878418,30438,30458,20
13.0082597733,80.2335586548,30802,30822,20
13.0068798065,80.2407531738,31004,31034,30
13.0060300827,80.2474822998,31216,31236,20
12.978679657,80.2526321411,31803,31823,20
12.9650402069,80.2474136353,32005,32035,30
12.9565200806,80.2436599731,32177,32207,30
12.9339199066,80.233001709,32551,32581,30
12.9027795792,80.2281036377,33087,33107,20
12.8931598663,80.2275390625,33339,33360,21
12.8768396378,80.2269821167,33562,33582,20
12.8398399353,80.2277984619,34088,34118,30
12.8228197098,80.2159576416,34766,34786,20
12.8390102386,80.2278213501,36315,36336,21
12.9039201736,80.2279815674,37296,37316,20
12.9139699936,80.2292175293,37478,37498,20
12.963139534,80.246383667,38307,38327,20
12.9665899277,80.247718811,38388,38408,20
12.9814500809,80.2526016235,38590,38611,21
13.0065498352,80.2463226318,39339,39359,20
13.0195598602,80.2244186401,39844,39864,20
13.0229597092,80.2270507813,40036,40057,21
13.0241203308,80.2281036377,40107,40127,20
13.0145702362,80.2262268066,40997,41027,30
13.0061597824,80.2474136353,41422,41442,20
12.9016103745,80.2280426025,43201,43221,20
12.8769302368,80.2269668579,43575,43595,20
12.8665800095,80.2266235352,44111,44141,30
12.9001197815,80.2278900146,44495,44516,21
12.9851703644,80.2520217896,45729,45749,20
12.9874696732,80.2572021484,51645,51665,20
12.9877004623,80.2561416626,51725,51746,21
12.9491901398,80.2407913208,52404,52424,20
12.9069900513,80.2284011841,52869,52889,20
12.7870101929,80.2206726074,54143,54173,30
12.7862796783,80.2219924927,54406,54426,20
12.8310203552,80.229309082,55346,55366,20
12.8314800262,80.2291870117,55376,55397,21
12.8394298553,80.2276229858,55478,55498,20
12.845410347,80.2264862061,55558,55579,21
12.9826202393,80.252532959,57338,57358,20
13.0243902206,80.2284622192,58845,58865,20
12.9564599991,80.2437286377,60393,60413,20
12.8397598267,80.2277069092,61667,61687,20
12.8247404099,80.2160186768,62061,62081,20
12.8227796555,80.2194595337,62163,62183,20
12.8253898621,80.2194671631,62214,62234,20
12.8451404572,80.2265014648,62719,62739,20
12.9028596878,80.2280197144,63518,63538,20
12.9140100479,80.2293395996,63730,63750,20
12.9338598251,80.2328796387,63973,63993,20
12.9395303726,80.2356033325,64064,64084,20
12.9486999512,80.240562439,64195,64216,21
12.9666204453,80.2478637695,64681,64701,20
12.9786596298,80.252456665,64842,64863,21
12.9795303345,80.2526473999,64893,64913,20
13.0065002441,80.2464675903,65611,65631,20
13.0065402985,80.2462005615,65641,65662,21
13.0073404312,80.2371368408,66127,66157,30
13.0153598785,80.2249603271,66663,66683,20
13.0243797302,80.2285232544,66936,66966,30
13.0195798874,80.2246322632,67380,67401,21
13.0061702728,80.2475204468,68078,68098,20
12.963640213,80.2469024658,69008,69029,21
12.8323802948,80.2291870117,70972,70992,20
12.7864999771,80.2205429077,71599,71629,30
12.7863197327,80.2204208374,71639,71660,21
12.7861299515,80.2205200195,72135,72155,20
12.8393201828,80.2276306152,72964,72984,20
12.8452196121,80.2265625,73328,73348,20
12.8497800827,80.2265625,73419,73449,30
12.876660347,80.2268981934,73733,73753,20
12.9026699066,80.2279968262,74127,74147,20
12.9166202545,80.2296981812,74400,74430,30
12.9562797546,80.2433319092,74966,74986,20
12.9665498734,80.2478790283,75128,75148,20
12.9785499573,80.2524414063,75280,75300,20
12.9877996445,80.2545166016,75553,75583,30
12.9867601395,80.2586135864,5822,5843,21
12.899600029,80.2278594971,23456,23477,21
12.7869997025,80.2206192017,24639,24661,22
12.7864198685,80.2203826904,24681,24701,20
12.786239624,80.2203521729,28163,28193,30
12.7864904404,80.2203826904,28203,28233,30
12.8311595917,80.2293624878,28780,28800,20
12.8454999924,80.2265472412,29255,29276,21
12.8607597351,80.2265319824,29437,29458,21
12.8768997192,80.2268829346,29630,29650,20
12.885430336,80.2267074585,29721,29741,20
12.902589798,80.2279815674,30014,30035,21
12.926659584,80.2309875488,30530,30551,21
12.9400396347,80.235786438,30733,30763,30
12.9510498047,80.2413635254,30986,31006,20
12.9589700699,80.2444992065,31208,31229,21
12.9786195755,80.2524032593,31522,31542,20
13.0203399658,80.224937439,32908,32929,21
13.0238599777,80.2278594971,33010,33030,20
13.0240402222,80.2280578613,33040,33060,20
13.0087099075,80.2305297852,34022,34052,30
13.0082702637,80.2333831787,34103,34123,20
13.0067396164,80.2425994873,34590,34610,20
13.0067195892,80.2430877686,34610,34631,21
13.0067300797,80.2436523438,34631,34661,30
13.0060195923,80.2472991943,34742,34762,20
12.9911499023,80.2506408691,34934,34955,21
12.9785699844,80.2525024414,35471,35491,20
12.9517097473,80.2416305542,36008,36028,20
12.9470796585,80.2399291992,36089,36119,30
12.9340000153,80.2329483032,36332,36352,20
12.9260997772,80.2309799194,36453,36473,20
12.8851099014,80.2267608643,37172,37192,20
12.8612003326,80.226600647,37485,37505,20
12.8500900269,80.2265472412,37667,37688,21
12.8452997208,80.226600647,37789,37809,20
12.8420295715,80.2270202637,37870,37890,20
12.827460289,80.2194213867,39823,39843,20
12.8453598022,80.2266235352,40207,40227,20
12.8606700897,80.2264862061,40359,40379,20
12.875869751,80.2269363403,40531,40561,30
12.8760995865,80.2269515991,40561,40582,21
12.9026203156,80.2279968262,40855,40875,20
12.9069795609,80.2282562256,40926,40946,20
12.9336500168,80.2327575684,41178,41199,21
12.9667196274,80.2479400635,41786,41806,20
13.0066003799,80.2447967529,42464,42484,20
13.0242795944,80.2284011841,43243,43263,20
13.0084600449,80.2321014404,44214,44244,30
13.0082197189,80.2334213257,44275,44305,30
13.0055999756,80.2473068237,44781,44801,20
12.998290062,80.2488098145,44912,44933,21
12.9911603928,80.2506027222,45023,45044,21
12.9785995483,80.2525482178,45459,45479,20
12.9516296387,80.241607666,46036,46056,20
12.9470396042,80.239982605,46117,46137,20
12.9060201645,80.2282333374,46663,46683,20
12.8323802948,80.2290878296,47584,47604,20
12.79804039,80.2232513428,48059,48079,20
12.7959003448,80.222869873,48120,48140,20
12.7861700058,80.2204971313,48363,48383,20
12.7862195969,80.2214584351,49122,49142,20
12.7865495682,80.2204208374,49273,49294,21
12.7964801788,80.2229919434,49415,49435,20
12.8260803223,80.2313232422,49769,49789,20
12.8310699463,80.2293395996,49860,49880,20
12.845410347,80.2265625,50063,50083,20
12.8763999939,80.226890564,50822,50852,30
12.9586696625,80.2443389893,51965,51985,20
12.9871997833,80.2584915161,52533,52563,30
12.9875097275,80.2573394775,56166,56196,30
13.0149803162,80.2251205444,57137,57167,30
13.0242996216,80.2283782959,57360,57380,20
13.0243701935,80.2286529541,57471,57491,20
13.0200004578,80.2249069214,58038,58058,20
13.0063800812,80.2474365234,58645,58675,30
13.0058498383,80.2473602295,58685,58706,21
12.9801502228,80.2528076172,59363,59384,21
12.963640213,80.2468185425,59637,59667,30
12.8453798294,80.226600647,63907,63927,20
12.892080307,80.2273406982,64636,64666,30
12.8999700546,80.2279281616,64747,64777,30
12.9031095505,80.2280502319,64848,64869,21
12.9139204025,80.2293319702,65101,65122,21
12.9396696091,80.2356872559,65476,65496,20
12.9484901428,80.2405395508,65648,65678,30
12.9589996338,80.2445526123,65891,65911,20
12.9785499573,80.2524185181,66194,66214,20
12.9895000458,80.2509613037,67168,67198,30
13.0064096451,80.2466430664,67562,67583,21
13.0066099167,80.245880127,67613,67633,20
13.0065603256,80.2417068481,67765,67795,30
13.0074195862,80.236831665,67907,67927,20
13.0142402649,80.2262878418,69303,69323,20
13.0059404373,80.2474212646,69930,69951,21
12.9909696579,80.2506866455,70133,70153,20
12.9650201797,80.2473907471,70872,70892,20
12.9132995605,80.2293624878,71843,71863,20
12.9000597,80.2279815674,72096,72126,30
12.8847703934,80.2267990112,72379,72400,21
12.8454399109,80.2266464233,73078,73098,20
12.8381996155,80.2281036377,75051,75071,20
12.8383798599,80.2280807495,75071,75092,21
12.8497800827,80.2266082764,75446,75466,20
12.8607597351,80.2265930176,75618,75638,20
12.8767499924,80.2269363403,76033,76053,20
12.9023303986,80.2280273438,76357,76387,30
12.9044799805,80.228187561,76438,76458,20
12.9785499573,80.2524414063,77632,77652,20
12.9865198135,80.2517318726,77794,77814,20
12.9871997833,80.2593688965,78208,78229,21
12.9872503281,80.2595062256,78239,78259,20
12.9873504639,80.2593231201,18932,18952,20
12.8997297287,80.2279205322,20624,20644,20
12.8454999924,80.2265167236,22983,23003,20
12.9563798904,80.243347168,24157,24177,20
12.9667396545,80.2477798462,24309,24329,20
12.9798402786,80.2526473999,24481,24501,20
13.0197000504,80.2244796753,25180,25210,30
13.0142297745,80.2263183594,26304,26324,20
13.0087299347,80.231262207,26425,26445,20
13.0083503723,80.2333984375,26486,26506,20
13.0069904327,80.2399597168,26597,26617,20
13.0068397522,80.241027832,26638,26658,20
13.0067396164,80.2473907471,26729,26759,30
12.9652099609,80.2474212646,27306,27326,20
12.9635400772,80.2468032837,27356,27377,21
12.9593400955,80.2448120117,27427,27448,21
12.9516496658,80.2416915894,27569,27589,20
12.9492101669,80.2408981323,27630,27650,20
12.9469604492,80.2399597168,27691,27711,20
12.9397802353,80.2358093262,27792,27812,20
12.9132003784,80.2293014526,28156,28177,21
12.9024801254,80.2281036377,28318,28339,21
12.8993501663,80.2279129028,28440,28460,20
12.839679718,80.227722168,29159,29179,20
12.8315601349,80.2289199829,29270,29300,30
12.9030303955,80.2279815674,32594,32614,20
12.935839653,80.233757019,33130,33151,21
12.9397497177,80.2356796265,33211,33232,21
12.9559202194,80.2432098389,33667,33687,20
12.963139534,80.24659729,33900,33920,20
12.9665403366,80.2478790283,33971,33991,20
12.9793996811,80.2526168823,34143,34173,30
13.0113601685,80.2232971191,35300,35320,20
13.0182199478,80.2246170044,35513,35533,20
13.019490242,80.2244033813,35594,35624,30
13.0218095779,80.2261123657,35756,35776,20
13.0069103241,80.2404632568,37294,37315,21
13.0067300797,80.2426223755,37355,37375,20
13.0066795349,80.2441482544,37456,37477,21
13.0061798096,80.247428894,37608,37629,21
12.9808502197,80.2527236938,38135,38155,20
12.9681596756,80.2487030029,38388,38408,20
12.9680404663,80.248626709,38408,38438,30
12.9676198959,80.2484893799,38459,38479,20
12.9663801193,80.2478637695,38681,38702,21
12.9650697708,80.2473831177,38773,38793,20
12.9564199448,80.2437210083,39117,39137,20
12.9337797165,80.2329101563,39431,39451,20
12.8992996216,80.2279129028,40018,40048,30
12.8727397919,80.2267303467,40352,40372,20
12.8499698639,80.2266235352,40595,40615,20
12.8397397995,80.2276763916,40757,40787,30
12.8316802979,80.2292785645,40868,40888,20
12.7870502472,80.220703125,41384,41407,23
12.7865800858,80.2204971313,41417,41447,30
12.7861995697,80.220413208,42105,42125,20
12.7964000702,80.2229614258,42257,42277,20
12.8315696716,80.2292404175,42632,42662,30
12.8395395279,80.2277069092,42743,42763,20
12.9026098251,80.2280502319,43381,43401,20
12.9053897858,80.2282028198,43492,43522,30
12.9065799713,80.2282333374,43613,43634,21
12.9140195847,80.2292861938,43715,43745,30
12.9667301178,80.2478790283,44525,44545,20
13.0154800415,80.2249679565,45547,45567,20
13.0193996429,80.2243118286,45628,45658,30
13.0241603851,80.2282028198,45760,45780,20
13.0227003098,80.2269134521,46104,46124,20
12.9909200668,80.2506866455,46975,46995,20
12.9636297226,80.2468032837,47400,47420,20
12.9565401077,80.2436981201,47592,47612,20
12.9069404602,80.2282791138,48220,48240,20
12.8277902603,80.2194595337,49262,49283,21
12.8453903198,80.2265319824,51915,51945,30
12.8607797623,80.2264785767,52117,52138,21
12.9563598633,80.2433013916,53415,53435,20
13.007399559,80.2366485596,54357,54377,20
13.006939888,80.2400817871,56331,56351,20
12.9636096954,80.2468185425,57131,57151,20
12.9565200806,80.2436828613,57252,57272,20
12.8993597031,80.2278900146,57991,58011,20
12.8396396637,80.2277832031,58649,58669,20
12.8316402435,80.2291412354,58750,58771,21
12.8275203705,80.2194366455,58963,58983,20
12.9631500244,80.2465286255,62558,62578,20
12.9666004181,80.2478790283,62639,62659,20
12.9786396027,80.2523803711,62801,62821,20
12.9836797714,80.252456665,62963,62983,20
13.0064897537,80.2465515137,63327,63348,21
13.0157003403,80.2251968384,63803,63823,20
13.0240602493,80.2281036377,63985,64006,21
13.0139799118,80.2263793945,64927,64947,20
13.0082798004,80.2334671021,65079,65099,20
13.0071296692,80.2388534546,65241,65261,20
13.0066900253,80.2431335449,65342,65362,20
13.0067195892,80.2461776733,65433,65454,21
12.9804000854,80.2527236938,66233,66253,20
12.978679657,80.252571106,66304,66324,20
12.9652004242,80.2473678589,66496,66517,21
12.9501600266,80.2411499023,66874,66894,20
12.9398097992,80.2357635498,67137,67157,20
12.8994598389,80.2278366089,67937,67957,20
12.8850603104,80.2266769409,68139,68160,21
12.8052501678,80.2240371704,69101,69122,21
12.8008003235,80.2235488892,69182,69203,21
12.7869300842,80.2206115723,69486,69506,20
12.7865200043,80.2204589844,69527,69547,20
12.7861700058,80.2217102051,69597,69618,21
12.8452796936,80.2265319824,71359,71389,30
12.8500404358,80.2265167236,71460,71481,21
12.8851804733,80.2266464233,72047,72068,21
12.9471998215,80.2399215698,73141,73161,20
12.9872903824,80.2585983276,74359,74389,30
13.0820999146,80.2756271362,21971,21991,20
13.0311698914,80.2401580811,22973,22994,21
13.0143499374,80.2262420654,23308,23328,20
13.0062999725,80.2474212646,23682,23703,21
12.8997297287,80.227897644,24959,24979,20
12.8397102356,80.2276916504,25607,25627,20
12.7862701416,80.222038269,26295,26316,21
12.7862195969,80.2203369141,26711,26741,30
12.7866201401,80.2204208374,26751,26771,20
12.8454198837,80.2265625,27562,27583,21
12.8768997192,80.2268676758,27866,27887,21
12.9140195847,80.229309082,28464,28484,20
12.9468297958,80.2397994995,28920,28940,20
12.953909874,80.24243927,29173,29203,30
12.9665403366,80.2478485107,29497,29517,20
12.9784402847,80.252281189,29649,29679,30
12.9897499084,80.250831604,29943,29963,20
13.0066995621,80.2404174805,30297,30327,30
13.0074300766,80.2368087769,30378,30398,20
13.0153398514,80.224937439,30621,30641,20
13.0155601501,80.2250595093,30641,30662,21
13.0258197784,80.230796814,30935,30955,20
13.0299196243,80.2376403809,31087,31107,20
13.03565979,80.2461700439,31269,31290,21
13.0467996597,80.2484664917,31452,31472,20
13.0605802536,80.261177063,31725,31745,20
13.0617399216,80.2628326416,31786,31806,20
13.0817899704,80.275177002,32191,32221,30
13.0821199417,80.2758483887,33325,33346,21
13.0817899704,80.2764511108,33508,33528,20
13.0723600388,80.2750701904,34290,34310,20
13.0683202744,80.2714614868,34472,34492,20
13.0659198761,80.267791748,34564,34584,20
13.0607404709,80.2652893066,34696,34716,20
13.056520462,80.2572097778,34878,34898,20
13.0472402573,80.2486190796,35081,35101,20
13.0077896118,80.2356109619,36286,36306,20
13.0061197281,80.2474136353,36812,36833,21
12.9815196991,80.2526397705,37400,37430,30
12.9803199768,80.2527389526,37481,37511,30
12.965669632,80.2474975586,37785,37805,20
12.9645700455,80.2471618652,37987,38007,20
12.9516401291,80.2416229248,38352,38372,20
12.8992099762,80.2278671265,39192,39213,21
12.8931703568,80.2275238037,39294,39324,30
12.8765296936,80.2270202637,39516,39537,21
12.8457899094,80.2266387939,39891,39911,20
12.7957201004,80.22290802,40519,40539,20
12.7882995605,80.2211990356,40732,40752,20
12.7226800919,80.1874465942,41663,41684,21
12.7221403122,80.1875686646,42626,42646,20
12.7244997025,80.1878890991,42717,42737,20
12.8454303741,80.2265777588,44084,44104,20
12.8728103638,80.2266235352,44368,44388,20
12.9002504349,80.2278518677,44681,44702,21
12.9335203171,80.2326965332,45199,45219,20
12.9629001617,80.2463684082,45645,45675,30
12.979470253,80.2526016235,45898,45918,20
13.0156097412,80.2250976563,46728,46749,21
13.0194997787,80.2244262695,46799,46819,20
13.0222702026,80.2264404297,46870,46890,20
13.0258598328,80.230682373,46992,47022,30
13.0263500214,80.232383728,47062,47083,21
13.0296802521,80.2372817993,47164,47184,20
13.0354604721,80.2461624146,47397,47427,30
13.0468902588,80.2484283447,47670,47690,20
13.0638399124,80.2653427124,48177,48197,20
13.0760097504,80.2760391235,50658,50678,20
13.0834503174,80.2781600952,51114,51134,20
13.0718202591,80.2746582031,51489,51509,20
13.0679302216,80.2711410522,51630,51651,21
13.0357704163,80.2461776733,52494,52514,20
13.0266704559,80.2332992554,52818,52839,21
13.023150444,80.2272872925,53041,53071,30
13.006649971,80.245552063,53588,53608,20
13.0061798096,80.2473983765,53639,53659,20
12.9566698074,80.2436828613,54418,54439,21
12.9491796494,80.2408065796,54611,54641,30
12.9070396423,80.2282867432,55147,55168,21
12.8993501663,80.2277984619,55330,55350,20
12.8455200195,80.2266082764,55927,55948,21
12.8322496414,80.2291183472,56110,56130,20
12.7962598801,80.2229537964,58632,58652,20
12.8054895401,80.2241592407,58814,58844,30
12.8311395645,80.2294082642,59129,59149,20
12.8454799652,80.2265930176,59433,59463,30
12.8728199005,80.2266693115,59807,59828,21
12.885310173,80.2266998291,59990,60010,20
12.9396600723,80.2356872559,60911,60932,21
12.9629201889,80.2464065552,61377,61397,20
12.9668798447,80.2480316162,61458,61478,20
13.0224599838,80.2265930176,62866,62896,30
13.060500145,80.2610168457,63951,63981,30
13.0826396942,80.2780303955,65813,65833,20
13.0827999115,80.278793335,65864,65894,30
13.0817499161,80.2769470215,65945,65965,20
13.0817899704,80.2767791748,65965,65985,20
13.0815200806,80.2756576538,66026,66046,20
13.0606002808,80.2653503418,66684,66704,20
13.0469102859,80.2486495972,67170,67191,21
13.0352697372,80.2461013794,67515,67535,20
13.01679039,80.2254180908,68305,68335,30
13.0062398911,80.2474822998,68993,69014,21
12.991060257,80.2506866455,69186,69206,20
12.9788303375,80.2526931763,69702,69723,21
12.9671401978,80.2483062744,69875,69895,20
12.9640903473,80.2470321655,69976,69996,20
12.94713974,80.2400970459,70332,70353,21
12.9397602081,80.2358779907,70444,70464,20
12.9339504242,80.2331008911,70535,70565,30
12.9133396149,80.2293777466,70788,70808,20
12.8763599396,80.2270584106,71527,71548,21
12.8453798294,80.2266921997,71933,71963,30
12.8323097229,80.2291870117,72105,72125,20
12.7868795395,80.2206573486,72753,72783,30
12.7846298218,80.2196731567,72945,72966,21
12.7252702713,80.1881027222,73877,73907,30
12.7249202728,80.188041687,73918,73938,20
12.7294902802,80.1890182495,76318,76339,21
12.7864303589,80.2205429077,77078,77108,30
12.8309803009,80.2293930054,77748,77769,21
12.9844503403,80.252243042,80321,80351,30
12.9850902557,80.2520523071,80432,80453,21
12.9858598709,80.2517776489,80524,80554,30
13.0822200775,80.2784729004,82623,82653,30
13.0759801865,80.2762680054,82785,82805,20
13.0738096237,80.2764511108,82846,82876,30
13.0233001709,80.2275238037,24310,24330,20
13.0144901276,80.2262802124,24482,24503,21
13.008310318,80.2334671021,24614,24634,20
13.0069303513,80.2401123047,24716,24746,30
12.9565200806,80.2437210083,25516,25536,20
12.9496297836,80.2410202026,25637,25658,21
12.9077301025,80.2285308838,26276,26306,30
12.8315401077,80.2288589478,27583,27604,21
12.8273801804,80.2193832397,30200,30220,20
12.8394804001,80.2277069092,30646,30676,30
12.8768196106,80.2268295288,31051,31071,20
12.9139795303,80.2292327881,31750,31770,20
12.9395704269,80.2355270386,32115,32135,20
12.9471197128,80.2398376465,32247,32267,20
12.9563302994,80.243347168,32561,32581,20
12.9587602615,80.2443618774,32621,32642,21
12.9663200378,80.2476806641,32773,32794,21
12.9787397385,80.2523803711,32956,32976,20
12.9897003174,80.2507781982,33422,33452,30
13.0065202713,80.2415008545,33817,33838,21
13.0107898712,80.2244033813,34121,34141,20
13.0152196884,80.2247619629,34314,34334,20
13.019490242,80.2243270874,34405,34425,20
13.021109581,80.2255020142,34516,34537,21
13.0213403702,80.2258071899,34537,34557,20
13.0240898132,80.2280731201,34780,34800,20
13.0142803192,80.2263565063,35135,35155,20
13.0076303482,80.2366867065,35459,35479,20
13.0067996979,80.2406997681,35580,35601,21
13.0066995621,80.2429733276,35641,35661,20
13.0060100555,80.2474136353,35793,35813,20
12.9981002808,80.248878479,35925,35945,20
12.9907903671,80.2507171631,36057,36077,20
12.9298601151,80.2316665649,37425,37445,20
12.8416795731,80.2272415161,38803,38833,30
12.8412399292,80.2273635864,38874,38894,20
12.8328304291,80.2290725708,39147,39168,21
12.7869901657,80.2207107544,39735,39765,30
12.7863197327,80.2204666138,39786,39806,20
12.7863397598,80.2203292847,40536,40556,20
12.8388299942,80.2278366089,41235,41255,20
12.8985900879,80.2276992798,41995,42025,30
12.9563503265,80.2432937622,43028,43049,21
13.0195302963,80.2243499756,44346,44366,20
13.0060901642,80.2473983765,45714,45734,20
12.9980697632,80.2489089966,45815,45835,20
12.8274402618,80.2194900513,48551,48571,20
12.8273096085,80.2193832397,49334,49354,20
12.8317403793,80.2289962769,49578,49608,30
12.8393096924,80.2276382446,49699,49719,20
12.8454399109,80.2264709473,49821,49841,20
12.9024000168,80.2278900146,50490,50510,20
12.9332799911,80.2324981689,50935,50956,21
12.947259903,80.2398986816,51159,51180,21
13.0073299408,80.2369918823,52294,52315,21
13.0223503113,80.2266769409,52983,53004,21
13.0143404007,80.2262191772,53196,53216,20
13.0142297745,80.2261199951,53672,53693,21
12.9013900757,80.2281036377,56287,56307,20
12.8997097015,80.2280502319,56348,56368,20
12.8275499344,80.2194595337,57310,57330,20
12.8316898346,80.2289810181,58802,58832,30
12.845290184,80.2265396118,59025,59045,20
12.9060001373,80.2281265259,60038,60058,20
12.9336395264,80.2327194214,60403,60423,20
12.9666500092,80.247833252,60991,61011,20
12.9786100388,80.2523880005,61143,61163,20
12.9893503189,80.2508773804,61366,61386,20
12.9965400696,80.2490615845,61467,61497,30
13.0064401627,80.2465667725,61629,61649,20
13.0082998276,80.2334823608,63463,63483,20
13.0068998337,80.2405776978,63605,63625,20
13.0066995621,80.2429199219,63666,63696,30
13.0062103271,80.2474365234,63848,63868,20
12.9910802841,80.2507171631,64051,64071,20
12.9595403671,80.244972229,64912,64932,20
12.956410408,80.2437362671,64983,65003,20
12.9338102341,80.2330322266,65368,65388,20
12.9021396637,80.2281570435,65976,65996,20
12.8459300995,80.2267227173,66696,66716,20
12.8321399689,80.2292175293,66898,66919,21
12.7864999771,80.2205886841,67587,67608,21
12.786239624,80.2205123901,67608,67628,20
12.8451795578,80.2265625,70375,70405,30
12.8727998734,80.2266311646,71013,71034,21
12.9001903534,80.2277908325,71439,71459,20
12.9028701782,80.2279510498,71510,71540,30
12.9054403305,80.2280883789,71581,71601,20
12.9138898849,80.2292480469,71743,71763,20
12.9334001541,80.2326583862,71986,72006,20
12.9485797882,80.2404785156,72260,72290,30
12.950920105,80.2413024902,72341,72361,20
12.9660301208,80.2475814819,72614,72635,21
12.9664201736,80.2477493286,72655,72675,20
12.9893198013,80.2509384155,73232,73252,20
13.0063695908,80.2466430664,73425,73445,20
13.0155601501,80.2250518799,73911,73932,21
13.0243501663,80.2284011841,74134,74155,21
12.8996696472,80.2279586792,76799,76820,21
12.8849201202,80.2267913818,76972,77002,30
12.804889679,80.2240371704,77894,77914,20
12.8453197479,80.2264785767,79029,79049,20
12.9396295547,80.2355575562,80224,80245,21
12.9488296509,80.2405395508,80356,80376,20
12.9840497971,80.2523193359,80924,80944,20
12.9861602783,80.2516784668,81177,81207,30
13.019780159,80.2245483398,81876,81896,20
13.0243301392,80.2283477783,81978,82008,30
13.0148200989,80.225982666,82140,82160,20
13.0141801834,80.2260971069,82190,82211,21
12.9877700806,80.251701355,2198,2219,21
12.9786396027,80.2526397705,2310,2330,20
12.9011602402,80.2280197144,3159,3179,20
12.9233102798,80.1205215454,6176,6196,20
12.9205198288,80.1848526001,6823,6843,20
12.9875802994,80.2557373047,8725,8755,30
12.8978796005,80.2278366089,9837,9857,20
12.9317502975,80.122833252,13508,13528,20
12.923330307,80.1206207275,13700,13720,20
12.9169597626,80.1943511963,14580,14610,30
12.9167203903,80.1943511963,14620,14640,20
12.9109601974,80.1963195801,14701,14731,30
12.9016399384,80.2279434204,15136,15166,30
12.9337301254,80.2327880859,15490,15510,20
12.9668903351,80.2479782104,15975,15995,20
12.978679657,80.2524108887,16096,16117,21
13.0234498978,80.2277297974,20606,20636,30
13.0233402252,80.2275314331,20636,20657,21
13.0144701004,80.2262268066,20818,20839,21
12.8453798294,80.2266235352,23073,23094,21
12.7865600586,80.2204666138,23751,23771,20
12.786190033,80.2206573486,25915,25945,30
12.7864103317,80.2203598022,25955,25975,20
12.7867097855,80.2205200195,25986,26006,20
12.9003000259,80.2278213501,27310,27330,20
12.9334802628,80.232673645,27755,27775,20
12.9509801865,80.2413330078,28028,28048,20
12.9855298996,80.2519226074,28645,28675,30
12.9896001816,80.2508468628,28736,28756,20
13.0194997787,80.2243728638,29414,29444,30
13.021900177,80.22605896,30637,30657,20
13.0086297989,80.2314605713,31325,31345,20
13.0067501068,80.246131897,31719,31749,30
13.0061597824,80.2474899292,31790,31820,30
12.9981803894,80.248878479,31911,31931,20
12.9785995483,80.2525787354,32528,32558,30
12.9594602585,80.2448272705,32791,32811,20
12.9474802017,80.2401199341,33044,33064,20
12.9398097992,80.2358016968,33175,33195,20
12.9339504242,80.233001709,33276,33306,30
12.8988103867,80.227897644,34075,34095,20
12.8848304749,80.2267074585,34257,34287,30
12.8761701584,80.2269973755,34378,34398,20
12.861000061,80.2266235352,34540,34560,20
12.850060463,80.2266082764,34661,34682,21
12.8315200806,80.2287216187,34965,34985,20
12.8395004272,80.2276687622,35866,35896,30
12.8458003998,80.2265319824,35977,36007,30
12.9138803482,80.2292709351,37049,37069,20
12.9626903534,80.2462310791,37949,37979,30
13.0066099167,80.2449035645,39182,39202,20
13.0240697861,80.2280578613,39991,40021,30
13.0082597733,80.2335205078,40669,40699,30
13.0069599152,80.240020752,40770,40790,20
13.0067501068,80.2467498779,40962,40982,20
13.0061197281,80.2474365234,41012,41033,21
12.9564599991,80.2435531616,42013,42034,21
12.9516496658,80.2416763306,42094,42114,20
12.8993797302,80.2279586792,43126,43146,20
12.7864599228,80.220451355,44946,44966,20
12.8310804367,80.229347229,45512,45542,30
12.845459938,80.2265396118,45734,45754,20
13.0193395615,80.2242889404,48828,48849,21
13.0200500488,80.2248764038,50264,50284,20
13.0069599152,80.2399368286,50608,50628,20
12.9889802933,80.251159668,50952,50972,20
12.9652395248,80.2473831177,51336,51356,20
12.8276901245,80.2194366455,53166,53186,20
12.8248300552,80.2159576416,53388,53409,21
12.8252096176,80.216003418,53419,53439,20
12.8455095291,80.2265396118,55806,55826,20
12.9025802612,80.2279586792,56443,56463,20
12.9562997818,80.243347168,57313,57343,30
12.9669399261,80.2480010986,57495,57515,20
12.9966096878,80.249130249,58263,58283,20
13.0154495239,80.2249603271,58809,58829,20
13.0195503235,80.2244033813,58889,58910,21
13.0243501663,80.2287521362,59072,59092,20
13.0068998337,80.2401199341,59679,59699,20
13.0068597794,80.2407531738,59709,59729,20
13.0061597824,80.2474212646,59850,59871,21
12.9653997421,80.2474594116,60397,60427,30
12.9358596802,80.2338790894,60902,60922,20
12.9338998795,80.2330169678,60943,60963,20
12.7875499725,80.2208786011,62702,62722,20
12.7864398956,80.2205429077,64027,64047,20
12.8309602737,80.2294387817,64633,64653,20
12.8315296173,80.2292175293,64664,64684,20
12.8452701569,80.2265777588,65028,65048,20
12.8579301834,80.2262115479,65270,65290,20
12.904800415,80.2281570435,66019,66049,30
12.9136199951,80.2292404175,66211,66241,30
12.9562797546,80.2433166504,66898,66918,20
12.9627103806,80.2462768555,67020,67040,20
12.9785604477,80.2523880005,67313,67333,20
13.0065202713,80.2462005615,68546,68567,21
13.0065803528,80.2452011108,68617,68637,20
13.0066604614,80.2406616211,68840,68860,20
13.007349968,80.2373504639,68900,68921,21
13.0074100494,80.2369995117,68931,68951,20
13.0102100372,80.2259216309,69123,69153,30
13.0196695328,80.2246017456,69487,69517,30
13.0241699219,80.2282180786,69628,69649,21
13.0234003067,80.2277374268,69831,69861,30
13.0143003464,80.2262268066,70063,70083,20
13.0062999725,80.2474365234,71175,71196,21
12.9810600281,80.252746582,71742,71762,20
12.9807901382,80.2527618408,71772,71792,20
12.9651498795,80.2474212646,72035,72055,20
12.9517002106,80.2417526245,72308,72328,20
12.9397602081,80.2358322144,72551,72571,20
12.9132604599,80.2293395996,72874,72894,20
12.9077596664,80.2284927368,72955,72985,30
12.8925199509,80.2274780273,73228,73258,30
12.8764295578,80.2270278931,73420,73440,20
12.8454399109,80.2266998291,73764,73784,20
12.832159996,80.2291793823,73926,73946,20
12.8253898621,80.2194137573,74452,74472,20
12.8269395828,80.2194290161,74502,74522,20
12.8457603455,80.2266235352,75412,75432,20
12.8500003815,80.2265930176,75483,75503,20
12.9025001526,80.2280197144,76343,76363,20
12.9040603638,80.2281036377,76393,76413,20
12.9059495926,80.2281723022,76565,76595,30
12.9335403442,80.232749939,77000,77020,20
12.9866600037,80.2516326904,77789,77809,20
12.786649704,80.2205429077,23448,23469,21
12.7863502502,80.2203826904,23843,23863,20
12.8197803497,80.2304534912,24227,24247,20
13.0202703476,80.2248687744,26947,26967,20
13.024430275,80.2284622192,27028,27048,20
13.0237102509,80.2279281616,27089,27119,30
13.0061502457,80.247428894,27675,27696,21
12.9894199371,80.2510528564,27908,27938,30
12.9596595764,80.2449493408,28403,28424,21
12.9564504623,80.2437515259,28505,28525,20
12.9472103119,80.2400817871,28676,28697,21
12.9396600723,80.2357711792,28798,28818,20
12.9338903427,80.2330093384,28889,28919,30
12.9260101318,80.2310562134,29071,29101,30
12.9132003784,80.2293167114,29273,29303,30
12.8762702942,80.2270431519,29991,30011,20
12.8761196136,80.2270431519,30011,30032,21
12.8608102798,80.2266387939,30214,30234,20
12.8317203522,80.2292175293,30669,30699,30
12.831580162,80.2288818359,30709,30739,30
12.8256196976,80.2194366455,31012,31033,21
12.8245601654,80.216003418,31184,31205,21
12.8259096146,80.2163696289,32570,32600,30
12.8453502655,80.2265625,33106,33126,20
12.9029302597,80.2279663086,33985,34006,21
12.9040203094,80.2280502319,34046,34066,20
12.9397001266,80.2356567383,34592,34612,20
12.9511299133,80.2413711548,34936,34956,20
12.9587202072,80.2443771362,35128,35148,20
12.966050148,80.2475967407,35270,35290,20
12.9665002823,80.2477874756,35310,35330,20
12.9795598984,80.2526626587,35522,35543,21
12.9894399643,80.2508392334,36029,36059,30
13.0074100494,80.2368164063,36474,36494,20
13.0177297592,80.2248001099,36878,36899,21
13.0191602707,80.2242507935,36939,36959,20
13.0221204758,80.2262878418,37121,37141,20
13.0222997665,80.2264328003,37151,37172,21
13.0234804153,80.2277526855,37485,37515,30
13.0086402893,80.2313995361,37900,37930,30
13.0082397461,80.2334823608,37981,38001,20
13.0081596375,80.2337036133,38011,38041,30
13.0079603195,80.234703064,38072,38092,20
13.0078802109,80.2350006104,38102,38122,20
13.0066995621,80.2452087402,38345,38365,20
12.9679298401,80.2484970093,39416,39437,21
12.967590332,80.2484130859,39457,39477,20
12.9650802612,80.2473373413,39629,39649,20
12.9565000534,80.2437286377,39993,40013,20
12.8992795944,80.2278900146,40893,40913,20
12.8453197479,80.2266464233,41501,41522,21
12.7862300873,80.2207107544,42310,42330,20
12.7863397598,80.2203903198,42745,42765,20
12.8055095673,80.2241210938,43059,43079,20
12.9055700302,80.2281417847,44282,44302,20
12.9063301086,80.2281799316,44343,44373,30
12.9398403168,80.2357177734,44767,44788,21
12.9784898758,80.2523193359,45394,45414,20
13.0074100494,80.2366867065,46122,46142,20
13.0155096054,80.2250289917,46456,46476,20
13.0195598602,80.2244415283,47538,47568,30
13.0143699646,80.2258224487,49085,49105,20
13.0145902634,80.2257232666,49146,49166,20
13.0164299011,80.2254867554,50076,50096,20
13.0067596436,80.2466812134,50531,50561,30
12.9638395309,80.2469177246,51138,51158,20
12.9491996765,80.2408370972,51461,51482,21
12.8994998932,80.2279205322,52220,52250,30
12.827630043,80.2194290161,53261,53281,20
12.9630403519,80.2463912964,55831,55852,21
13.0244102478,80.2285232544,57338,57368,30
12.9639797211,80.2469406128,58845,58875,30
12.9024400711,80.2280883789,59747,59777,30
12.832280159,80.2291564941,60566,60586,20
12.7861995697,80.2208175659,61233,61263,30
12.7863197327,80.2219314575,61294,61314,20
12.8310899734,80.2294006348,63276,63306,30
12.8315896988,80.2292404175,63326,63346,20
12.8453798294,80.2266235352,63549,63569,20
12.9138202667,80.2293014526,64560,64580,20
12.9630403519,80.2465133667,65328,65349,21
12.9666795731,80.2479171753,65409,65429,20
12.9785604477,80.2523880005,65581,65601,20
12.9795799255,80.2526397705,65632,65662,30
13.006480217,80.2464828491,66230,66251,21
13.0065498352,80.2458267212,66281,66311,30
13.0074195862,80.2367706299,66726,66746,20
13.0156602859,80.2251815796,67029,67049,20
13.0241203308,80.2282028198,67282,67302,20
13.0243501663,80.2285614014,67373,67393,20
13.0199203491,80.2248764038,67707,67727,20
13.0166501999,80.2254486084,67889,67909,20
13.0145797729,80.2262191772,67949,67970,21
13.0071296692,80.2390289307,68202,68232,30
13.0068998337,80.2405014038,68263,68283,20
12.9803695679,80.2527999878,68859,68880,21
12.9651298523,80.247428894,69112,69132,20
12.9397201538,80.2358398438,69587,69608,21
12.9132699966,80.2293701172,69911,69931,20
12.8397703171,80.2277526855,71013,71033,20
12.7871398926,80.2207794189,71671,71691,20
12.8309698105,80.2294235229,72722,72742,20
12.8311901093,80.2293395996,72742,72763,21
12.8312797546,80.229309082,72773,72803,30
12.8392000198,80.2277374268,72975,72995,20
12.8766403198,80.2268981934,73673,73693,20
12.8852596283,80.2266998291,73774,73794,20
12.9137601852,80.2293014526,74229,74249,20
12.9336099625,80.2328109741,74462,74482,20
12.9392700195,80.2355117798,74553,74573,20
12.9632101059,80.2466278076,74917,74937,20
12.9857397079,80.2519226074,75240,75270,30
12.9894895554,80.2509307861,75331,75351,20
13.0072898865,80.237197876,75695,75715,20
12.9868803024,80.2591400146,16593,16613,20
12.9867801666,80.2590408325,20174,20194,20
12.9870004654,80.2591400146,20194,20224,30
12.9066295624,80.2282791138,21782,21802,20
12.8399295807,80.2276535034,22419,22449,30
12.8396997452,80.2276763916,22449,22470,21
12.8276100159,80.2192611694,22763,22783,20
12.9511804581,80.2413787842,24098,24118,20
12.9785404205,80.2523269653,24442,24470,28
13.0233898163,80.2275772095,25340,25360,20
13.0145397186,80.2261505127,25532,25553,21
12.9493198395,80.2408905029,26679,26700,21
12.7861995697,80.2203979492,30742,30763,21
12.8016004562,80.2236175537,31026,31046,20
12.8458595276,80.2265396118,31572,31592,20
12.8758201599,80.2269363403,31895,31916,21
12.9333496094,80.2326202393,32866,32886,20
12.9562196732,80.2432479858,33473,33493,20
12.9631996155,80.2464981079,33655,33675,20
12.9795703888,80.2526168823,33888,33918,30
13.0195798874,80.2244262695,34900,34920,20
13.0234298706,80.2275619507,35183,35203,20
13.0201196671,80.224861145,35851,35881,30
13.0085201263,80.231842041,36063,36093,30
13.0079603195,80.2346420288,36164,36194,30
13.0075101852,80.2369537354,36245,36275,30
13.007399559,80.2375183105,36285,36306,21
13.0071001053,80.2392425537,36387,36407,20
13.0066795349,80.2473983765,36680,36700,20
13.0061597824,80.2474212646,36710,36730,20
12.9806804657,80.2527313232,37368,37398,30
12.8990097046,80.2278900146,39006,39026,20
12.8766698837,80.2269897461,39269,39289,20
12.8454904556,80.2266235352,39542,39562,20
12.8246803284,80.2159805298,40301,40322,21
12.9023199081,80.2279968262,42123,42143,20
12.9136695862,80.2292175293,42406,42426,20
12.9630899429,80.2465209961,43124,43144,20
13.0121202469,80.2216186523,43984,44004,20
13.0194702148,80.2244033813,44146,44166,20
13.0231704712,80.2273864746,44651,44671,20
13.0066604614,80.2455978394,45167,45187,20
12.9801797867,80.2527389526,45713,45733,20
12.956489563,80.243637085,46037,46067,30
12.8998403549,80.2277984619,51863,51884,21
12.948800087,80.240562439,52523,52553,30
13.0194997787,80.2243728638,53908,53928,20
13.0196895599,80.2245635986,53939,53959,20
13.019949913,80.2247085571,54353,54373,20
12.9636001587,80.2467727661,55314,55334,20
12.956410408,80.2436828613,55445,55466,21
12.8398504257,80.2277374268,56813,56833,20
12.7868499756,80.2205810547,57460,57480,20
12.7861795425,80.2205581665,57511,57531,20
12.7864999771,80.2204818726,58795,58825,30
12.7963199615,80.2229690552,58947,58967,20
12.8055295944,80.2241592407,59109,59129,20
12.8387804031,80.2279205322,59513,59533,20
12.9336795807,80.2328033447,60777,60798,21
12.948800087,80.2406692505,61030,61060,30
12.9895801544,80.250869751,61748,61768,20
13.0112800598,80.2235031128,62355,62375,20
13.0082798004,80.2333984375,64348,64368,20
13.0079603195,80.2347488403,64398,64419,21
13.0067195892,80.2445297241,64672,64702,30
12.9668502808,80.2481231689,65471,65491,20
12.9654502869,80.2475128174,65512,65532,20
12.9645996094,80.2472305298,65552,65572,20
12.9517402649,80.2417297363,65876,65906,30
12.9396600723,80.2358016968,66088,66107,19
12.9134502411,80.2293624878,66412,66432,20
12.8454504013,80.2266769409,67413,67433,20
12.8226995468,80.2193069458,68263,68283,20
12.8267498016,80.2195892334,68394,68424,30
12.8388996124,80.2279205322,69236,69266,30
12.8391799927,80.2278213501,69276,69306,30
12.8453998566,80.2266311646,69387,69407,20
12.8457603455,80.2266311646,69418,69438,20
12.9563302994,80.2434310913,71239,71259,20
12.9663600922,80.2478103638,71411,71431,20
12.9784002304,80.2523574829,71573,71593,20
12.9893198013,80.2509918213,72018,72038,20
13.0099802017,80.2263336182,72574,72594,20
13.0193595886,80.2243728638,72857,72878,21
13.008099556,80.2338409424,73373,73393,20
12.9873504639,80.2587203979,75612,75632,20
12.9884195328,80.2559204102,75834,75854,20
12.9963998795,80.2559585571,75996,76026,30
13.0163803101,80.2597579956,76431,76451,20
13.0886497498,80.2901535034,77880,77900,20
13.0852403641,80.2843017578,78012,78042,30
13.0865898132,80.2837905884,78133,78163,30
13.0437297821,80.279876709,79417,79438,21
12.9851198196,80.2596435547,80773,80793,20
12.9764604568,80.2590713501,80914,80935,21
12.9695501328,80.2576904297,81015,81036,21
12.9608802795,80.2560806274,81137,81157,20
12.7847795486,80.245010376,83275,83295,20
12.8520002365,80.2413787842,84752,84772,20
12.9458999634,80.2538299561,85653,85683,30
12.9871797562,80.257850647,86069,86099,30
12.9873800278,80.2585372925,86190,86210,20
