latitude,longitude,Time_Start,Time_Stop,TimeTaken
13.0079803467,80.2132263184,21959,21979,20
12.9814195633,80.242767334,22919,22939,20
12.9871101379,80.2591171265,24243,24273,30
12.9877796173,80.2516403198,24437,24466,29
12.976149559,80.2210235596,25580,25610,30
12.9869804382,80.2590866089,27693,27713,20
12.9812898636,80.2378997803,28190,28218,28
12.9771900177,80.2226791382,28503,28523,20
13.0153999329,80.2248687744,29322,29349,27
13.0197000504,80.2245178223,29413,29433,20
13.034040451,80.2304534912,29675,29696,21
13.0342102051,80.2299194336,29807,29827,20
12.9809799194,80.2463607788,33009,33029,20
12.9975404739,80.2161178589,35228,35247,19
13.0037498474,80.2119903564,35380,35407,27
13.0079097748,80.2130813599,35481,35511,30
13.0154800415,80.2249221802,35703,35723,20
13.02602005,80.2312011719,35965,35986,21
13.0339603424,80.2304382324,36108,36138,30
12.9840402603,80.2227096558,38025,38045,20
12.9813699722,80.242729187,38580,38600,20
12.980099678,80.2521820068,38711,38731,20
12.9798603058,80.2522888184,40624,40644,20
12.9812402725,80.2378463745,40846,40867,21
12.9805898666,80.2289581299,41038,41057,19
12.9864501953,80.2229537964,41413,41432,19
12.9910202026,80.2198562622,41554,41575,21
12.999420166,80.2144622803,41746,41766,20
13.0078496933,80.2130508423,41908,41938,30
13.0155897141,80.2250366211,42151,42171,20
13.0195198059,80.2243804932,42232,42252,20
13.0219497681,80.2261962891,42303,42323,20
13.0230398178,80.227432251,43799,43829,30
13.0199298859,80.2248764038,43899,43919,20
13.0087604523,80.2138519287,44375,44395,20
13.0084695816,80.2135391235,44426,44446,20
13.0079898834,80.2132720947,44466,44486,20
12.9761400223,80.2215499878,45146,45166,20
12.9816703796,80.2333374023,45358,45378,20
12.9812803268,80.2385864258,45449,45469,20
12.9872398376,80.2589416504,45956,45976,20
12.9875097275,80.2566299438,46501,46521,20
12.9877099991,80.2548370361,46561,46582,21
12.981300354,80.2379608154,47007,47027,20
12.9806098938,80.2289123535,47199,47219,20
12.9771900177,80.2226486206,47371,47391,20
12.9826202393,80.2218322754,47532,47552,20
12.9913597107,80.219619751,47776,47806,30
13.0303497314,80.2306900024,48767,48787,20
13.0338497162,80.2303771973,48910,48930,20
13.0349397659,80.2301712036,49011,49031,20
13.0269403458,80.2329177856,49294,49314,20
13.0198898315,80.2247695923,49517,49547,30
13.0149803162,80.2251586914,50274,50294,20
13.0153398514,80.2253189087,50314,50344,30
13.0144996643,80.2262115479,50932,50952,20
12.995059967,80.2170562744,51509,51539,30
12.9765701294,80.2212600708,51842,51862,20
12.9762496948,80.221572876,51891,51913,22
12.9819402695,80.2327423096,52095,52115,20
12.9872903824,80.2591323853,52672,52692,20
12.9871902466,80.2595596313,52702,52723,21
12.9870996475,80.2596435547,52733,52753,20
12.9865598679,80.2591018677,52854,52884,30
12.9871797562,80.2591171265,53035,53065,30
12.9873304367,80.2589263916,53065,53086,21
12.9799203873,80.2526931763,53299,53319,20
12.9816198349,80.2333526611,53572,53592,20
12.9771499634,80.2226333618,53825,53845,20
12.9828195572,80.2219009399,53966,53986,20
12.9863595963,80.2229232788,54067,54087,20
13.0078601837,80.2130584717,54512,54533,21
13.0197601318,80.2245483398,54767,54797,30
13.0246295929,80.2288894653,54890,54910,20
13.0325498581,80.2305221558,55102,55132,30
13.0260000229,80.2314300537,56194,56214,20
12.9761600494,80.2216186523,57613,57633,20
12.9871101379,80.2596511841,58392,58422,30
12.9815998077,80.2333679199,61020,61040,20
12.987279892,80.2593536377,62731,62761,30
12.9873600006,80.2588424683,63652,63682,30
12.9873800278,80.2582473755,63712,63733,21
12.9877195358,80.2550201416,64400,64420,20
12.9878396988,80.2530593872,64451,64471,20
12.9813203812,80.2427978516,64864,64884,20
12.9806203842,80.2289581299,65118,65139,21
12.9771099091,80.2226791382,65270,65290,20
12.9912004471,80.2197113037,65633,65654,21
12.9943799973,80.2174301147,65706,65726,20
13.0148000717,80.224319458,66264,66284,20
13.0269403458,80.2329025269,67660,67680,20
13.0260400772,80.2316818237,67710,67730,20
13.0245895386,80.2290420532,67771,67791,20
13.0144796371,80.2261734009,68013,68033,20
13.0085496902,80.2135925293,68316,68336,20
13.0049104691,80.2124862671,68610,68640,30
12.9970502853,80.2165222168,68832,68853,21
12.9876098633,80.2230606079,69088,69106,18
12.9858503342,80.2229690552,69157,69177,20
12.9833698273,80.2222213745,69351,69381,30
12.976269722,80.2216110229,69512,69542,30
12.9816198349,80.2304611206,69674,69694,20
12.9871397018,80.2595062256,70481,70501,20
12.9875297546,80.2562179565,70885,70915,30
12.9798402786,80.2522583008,71331,71351,20
12.9770698547,80.22265625,71907,71937,30
12.9828395844,80.2218933105,72108,72128,20
13.0195503235,80.2244110107,72940,72962,22
13.0243501663,80.2284622192,73063,73093,30
13.0292596817,80.230758667,73214,73234,20
13.0293903351,80.2308578491,73751,73771,20
12.9839096069,80.2225723267,74857,74887,30
12.9813899994,80.242767334,75414,75434,20
12.9814100266,80.2428512573,75434,75454,20
12.9801702499,80.2521591187,75555,75576,21
12.9876699448,80.2562789917,75838,75859,21
12.9868898392,80.2590103149,76546,76567,21
12.9812402725,80.23802948,77205,77225,20
12.9771003723,80.2227096558,77539,77559,20
12.9913396835,80.2195892334,77853,77882,29
12.9960603714,80.2164993286,78033,78055,22
13.0074796677,80.2127609253,78288,78318,30
13.0077800751,80.2129669189,78328,78357,29
12.9786596298,80.2526092529,17847,17867,20
12.9652099609,80.247428894,18028,18048,20
12.9339103699,80.2330093384,18462,18482,20
12.8995399475,80.2279281616,18884,18906,22
12.8764200211,80.2266235352,19188,19217,29
12.8792295456,80.2109909058,19410,19430,20
12.8744802475,80.2101135254,19511,19541,30
12.879240036,80.2110137939,19833,19854,21
12.8766403198,80.2268829346,20055,20074,19
12.9067296982,80.2282333374,20529,20549,20
12.9336395264,80.232749939,20902,20923,21
12.9397201538,80.2356491089,20993,21013,20
12.956319809,80.2433395386,21316,21346,30
12.9799604416,80.2522888184,21689,21709,20
12.9812803268,80.237953186,21921,21941,20
12.9816503525,80.2333221436,22002,22022,20
12.9771995544,80.2226867676,22244,22264,20
13.007349968,80.2098312378,22879,22909,30
12.9764699936,80.2217636108,25481,25511,30
12.9813404083,80.2387084961,25764,25784,20
12.9799604416,80.2525177002,25955,25975,20
12.9564695358,80.2436828613,26318,26338,20
12.9133396149,80.2293319702,26893,26923,30
12.9016304016,80.2280502319,27075,27095,20
12.8744602203,80.2100982666,27781,27801,20
12.8792896271,80.2110137939,28688,28718,30
12.8852300644,80.2266311646,29061,29082,21
12.8942098618,80.2275009155,29263,29283,20
12.906539917,80.2281570435,29505,29525,20
12.926320076,80.2309036255,29787,29808,21
12.9336099625,80.2326889038,29898,29919,21
12.9813899994,80.2427978516,30786,30806,20
12.9813098907,80.2378921509,30866,30887,21
12.9816703796,80.2333221436,30947,30967,20
12.9976100922,80.2160873413,31572,31593,21
13.0076303482,80.2098693848,31813,31835,22
13.0134496689,80.2051620483,32036,32057,21
12.997590065,80.2165603638,34467,34497,30
12.9832601547,80.2221374512,34769,34789,20
12.9763498306,80.2217483521,34961,34991,30
12.9817199707,80.2305603027,35142,35162,20
12.9812698364,80.2386932373,35293,35314,21
12.9813203812,80.2428588867,35374,35404,30
12.9473495483,80.2400970459,36090,36110,20
12.926030159,80.2310028076,36433,36453,20
12.9131803513,80.2292709351,36604,36625,21
12.9012804031,80.2280273438,36766,36796,30
12.8792200089,80.2109680176,37371,37391,20
12.8746299744,80.2101211548,37482,37502,20
12.8792600632,80.2109909058,39748,39778,30
12.8764200211,80.2268371582,39949,39968,19
12.9026002884,80.2279434204,40433,40453,20
12.9139900208,80.2292480469,40595,40615,20
12.9262895584,80.2309188843,40756,40776,20
12.9337100983,80.2327270508,40867,40887,20
12.9563398361,80.2434005737,41250,41280,30
12.979929924,80.2523193359,41593,41613,20
12.9816398621,80.2333374023,41916,41936,20
12.9774904251,80.2213973999,42208,42228,20
13.0073204041,80.2097702026,42953,42975,22
12.9973201752,80.2166366577,45314,45334,20
12.9848098755,80.22315979,45627,45647,20
12.9832201004,80.2221984863,45736,45758,22
12.9395503998,80.235748291,47179,47200,21
12.9193201065,80.2301864624,47492,47512,20
12.8993501663,80.227897644,47805,47825,20
12.8790197372,80.2109375,48359,48379,20
12.8744001389,80.2100906372,48460,48490,30
12.8789997101,80.2108917236,50302,50322,20
12.8764400482,80.2269134521,50504,50524,20
12.9006996155,80.2277984619,50776,50806,30
12.9022397995,80.227897644,50837,50867,30
12.9587001801,80.2443389893,51684,51714,30
12.9669504166,80.2479476929,51855,51875,20
12.9799699783,80.2522964478,52067,52087,20
12.9813404083,80.242729187,52198,52228,30
12.9816904068,80.2332229614,52390,52420,30
12.9807500839,80.2289505005,52500,52521,21
12.9772901535,80.2226104736,52662,52682,20
12.9903297424,80.2203903198,52975,52995,20
12.9928197861,80.2185516357,53055,53075,20
13.0035400391,80.2119369507,53297,53317,20
12.9950895309,80.217010498,54538,54558,20
12.9908800125,80.2200775146,54637,54655,18
12.9763803482,80.2217636108,54939,54959,20
12.9812602997,80.2386779785,55241,55262,21
12.9812698364,80.2425231934,55322,55342,20
12.9011001587,80.228012085,56734,56764,30
12.8789796829,80.2109298706,57329,57349,20
12.8746700287,80.2100296021,59065,59085,20
12.8767204285,80.2268981934,59398,59418,20
12.8851699829,80.2266616821,59509,59529,20
12.8893604279,80.2272567749,59580,59600,20
12.903260231,80.2279968262,59822,59842,20
12.9140195847,80.2293319702,59983,60003,20
12.939740181,80.2356719971,60356,60376,20
12.9472703934,80.2399978638,60477,60507,30
12.9563703537,80.243309021,60669,60689,20
12.9813995361,80.2427062988,61193,61223,30
12.977230072,80.2227020264,61627,61647,20
12.9908399582,80.2201080322,61939,61959,20
12.9928302765,80.2186203003,62010,62030,20
13.0027503967,80.2106399536,62222,62242,20
13.0097198486,80.211227417,62907,62928,21
13.0095701218,80.2110366821,63311,63331,20
13.0096302032,80.2110977173,63623,63644,21
13.0116300583,80.2234573364,64017,64037,20
12.9876203537,80.2230300903,64491,64511,20
12.9762096405,80.2217712402,64743,64763,20
12.9799098969,80.2525863647,65328,65348,20
12.9564199448,80.2436523438,65691,65711,20
12.9339199066,80.2330322266,66104,66123,19
12.9061899185,80.2282409668,66499,66518,19
12.8763799667,80.2265396118,66941,66962,21
12.8790502548,80.2109375,67193,67214,21
12.8746700287,80.2100906372,67325,67345,20
12.8747396469,80.2096405029,67385,67405,20
12.8792104721,80.2109985352,67617,67647,30
12.8914604187,80.2272415161,68152,68172,20
12.9030504227,80.2279129028,68444,68464,20
12.9141902924,80.2292785645,68636,68656,20
12.9261198044,80.2308731079,68777,68797,20
12.9262599945,80.2308807373,68807,68827,20
12.9472398758,80.2399368286,69180,69200,20
12.9811897278,80.2378234863,70118,70138,20
12.977230072,80.222618103,70562,70582,20
12.9903097153,80.2203216553,70975,70995,20
12.9912996292,80.2196502686,71016,71036,20
12.9974403381,80.2160263062,71167,71187,20
13.0073204041,80.2097396851,71429,71458,29
13.006770134,80.2513885498,73275,73305,30
12.999540329,80.256187439,73628,73648,20
12.9978704453,80.256439209,9074,9094,20
12.9976902008,80.2560424805,19208,19228,20
12.7846803665,80.2196426392,21520,21550,30
12.786529541,80.2204589844,24286,24306,20
12.9397096634,80.2356185913,26033,26053,20
12.987830162,80.2550811768,26780,26810,30
12.9988203049,80.2560272217,27002,27022,20
13.0067996979,80.2526092529,27204,27224,20
13.0066204071,80.2536468506,28324,28344,20
12.9986095428,80.2559967041,29777,29798,21
12.9860696793,80.2555236816,30060,30090,30
12.9637403488,80.2468032837,30373,30393,20
12.9491701126,80.2408599854,30555,30585,30
12.9014997482,80.2279815674,31049,31070,21
12.8765497208,80.2269897461,31413,31433,20
12.8454999924,80.2266311646,31746,31766,20
12.7861099243,80.2203216553,35138,35158,20
12.8395500183,80.2277069092,35855,35875,20
12.8452501297,80.2265701294,35936,35956,20
12.8607797623,80.2264480591,36127,36148,21
12.8725795746,80.2265701294,36249,36279,30
12.902589798,80.2279510498,36703,36723,20
12.9336004257,80.232711792,37066,37086,20
12.948800087,80.2405776978,37308,37329,21
12.9563398361,80.2433166504,37440,37460,20
12.9885396957,80.255859375,38187,38207,20
13.0007095337,80.2563781738,39125,39155,30
13.0007801056,80.2564468384,39155,39176,21
13.0063495636,80.2574234009,39277,39307,30
12.998550415,80.2560806274,41204,41225,21
12.9013595581,80.2279586792,42769,42789,20
12.9003295898,80.2279586792,42809,42829,20
12.8455696106,80.2266082764,43485,43505,20
12.8010101318,80.2236404419,43980,44000,20
12.7879600525,80.2210388184,44212,44242,30
12.7870397568,80.2206420898,44313,44343,30
12.7864599228,80.2204437256,44353,44373,20
12.7631502151,80.1835327148,45645,45665,20
12.7708997726,80.1870727539,45877,45897,20
12.7746200562,80.1937866211,46008,46029,21
12.7853899002,80.2199783325,46392,46412,20
12.7865495682,80.220489502,46543,46563,20
12.8453102112,80.2265625,47310,47331,21
12.8727502823,80.2265701294,47603,47623,20
12.9062204361,80.2281112671,48148,48178,30
12.9263095856,80.2309112549,48421,48441,20
12.9343595505,80.233039856,48552,48573,21
12.9396800995,80.2356185913,48603,48623,20
12.94713974,80.239906311,48714,48734,20
12.9586296082,80.2443618774,48957,48977,20
12.97935009,80.2525634766,49249,49268,19
12.9878101349,80.2547302246,49431,49461,30
12.9883298874,80.2558517456,49562,49582,20
12.997469902,80.2558517456,49724,49754,30
12.9973897934,80.2568206787,49804,49825,21
13.0006599426,80.2564315796,51127,51157,30
13.0066003799,80.2546005249,51742,51762,20
13.0065803528,80.2565765381,51793,51823,30
13.0023097992,80.256652832,51924,51944,20
12.9996795654,80.2562484741,51994,52015,21
12.9888601303,80.2558898926,52257,52277,20
12.9563798904,80.2436828613,52772,52802,30
12.9133901596,80.2292785645,53337,53357,20
12.8928098679,80.2274627686,53690,53710,20
12.8850002289,80.2267379761,53801,53821,20
12.8765602112,80.2269668579,53902,53922,20
12.805270195,80.224067688,54740,54770,30
12.7866296768,80.2204971313,55073,55093,20
12.7742300034,80.1958389282,55638,55668,30
12.7632102966,80.1834716797,56001,56022,21
12.7616195679,80.1849212646,56888,56910,22
12.7631998062,80.1834869385,57031,57051,20
12.7710599899,80.1880187988,57281,57301,20
12.7708702087,80.2130966187,57655,57675,20
12.7861604691,80.2202835083,57836,57866,30
12.7864599228,80.2204437256,57877,57907,30
12.8309202194,80.2294006348,58432,58462,30
12.8453502655,80.2266082764,58714,58734,20
12.8765602112,80.2268829346,59068,59088,20
12.9067296982,80.2282562256,59481,59502,21
12.939620018,80.2356414795,59895,59915,20
12.9632902145,80.2465667725,60279,60309,30
12.9667901993,80.2479705811,60370,60390,20
12.9878997803,80.2540435791,60753,60773,20
12.988650322,80.2557983398,60834,60854,20
12.9988098145,80.2559432983,60995,61016,21
12.9992198944,80.2560119629,61036,61066,30
13.0065402985,80.2526321411,61258,61288,30
13.0066995621,80.252746582,61298,61318,20
13.0066299438,80.2535400391,62731,62752,21
13.0066204071,80.2548904419,62802,62832,30
13.0066204071,80.2568588257,62873,62893,20
12.9985799789,80.256111145,63014,63034,20
12.9862003326,80.255531311,63287,63307,20
12.9565696716,80.2436218262,63741,63771,30
12.9518404007,80.2416687012,63832,63852,20
12.9134197235,80.229309082,64326,64346,20
12.8924703598,80.2274093628,64668,64690,22
12.8454198837,80.2266464233,65285,65305,20
12.8050403595,80.224029541,65780,65800,20
12.7865495682,80.2204437256,69000,69030,30
12.8054599762,80.2241287231,69353,69373,20
12.8309001923,80.2293624878,69646,69676,30
12.8452701569,80.2265319824,69979,69999,20
12.8729400635,80.226600647,70524,70544,20
12.8920097351,80.2272567749,70787,70807,20
12.9026403427,80.2279586792,70989,71009,20
12.9027500153,80.2279586792,71009,71029,20
12.9559698105,80.2432403564,71806,71836,30
12.9877195358,80.2557296753,72705,72725,20
12.9974298477,80.2558288574,72997,73018,21
13.0093803406,80.2109909058,24148,24178,30
12.982749939,80.2218933105,25551,25571,20
13.0036296844,80.2119216919,25955,25975,20
13.0694704056,80.2047576904,27328,27348,20
13.0993099213,80.1700973511,28297,28317,20
13.099439621,80.1702194214,29407,29428,21
13.0877599716,80.1904220581,29881,29900,19
13.0832796097,80.198638916,30315,30345,30
13.073849678,80.2003707886,30476,30497,21
13.0680398941,80.2051773071,30678,30699,21
13.0653295517,80.2112121582,30981,31001,20
13.0580797195,80.211517334,31102,31123,21
13.0376195908,80.2123565674,31466,31486,20
13.0343999863,80.2121810913,31547,31567,20
13.0191802979,80.2063369751,31829,31859,30
12.9870700836,80.2182922363,32940,32960,20
12.9840698242,80.2180023193,33000,33020,20
12.9757099152,80.2202835083,33152,33172,20
12.9755401611,80.2205581665,33172,33202,30
12.9754495621,80.2207794189,33212,33242,30
13.0070896149,80.2097167969,35362,35382,20
13.0368204117,80.2122573853,36008,36027,19
13.0484895706,80.212020874,36271,36301,30
13.0579099655,80.2114028931,36503,36523,20
13.0870599747,80.1980209351,37290,37310,20
13.0880203247,80.1852416992,38540,38563,23
13.0842895508,80.1986618042,39118,39138,20
13.0698900223,80.2050094604,39411,39431,20
13.0680198669,80.205406189,39481,39502,21
13.0680904388,80.2049179077,39663,39683,20
13.0685596466,80.2047576904,39704,39734,30
13.0651302338,80.2112426758,39865,39885,20
13.0353403091,80.2123184204,40400,40430,30
13.0349502563,80.2121963501,40450,40471,21
13.0346698761,80.2121887207,40481,40511,30
13.030670166,80.2093200684,40632,40661,29
13.0187101364,80.2062530518,40834,40864,30
13.0097703934,80.2112579346,41129,41149,20
13.0094299316,80.2110977173,41159,41189,30
13.0153198242,80.2256393433,41411,41432,21
13.0316200256,80.2094421387,44643,44663,20
13.0629396439,80.2116012573,45341,45361,20
13.0718097687,80.2024230957,45684,45704,20
13.0872497559,80.1927871704,46088,46118,30
13.0881204605,80.1798400879,46300,46320,20
13.0994501114,80.1696472168,46693,46713,20
13.0992002487,80.1703186035,48772,48795,23
13.0885400772,80.1718978882,48977,48997,20
13.0882101059,80.178527832,49088,49108,20
13.0881900787,80.1793365479,49129,49149,20
13.0878601074,80.1877975464,49260,49280,20
13.0874099731,80.1927337646,49402,49423,21
13.0841703415,80.1986694336,49817,49837,20
13.0697202682,80.2048416138,50392,50412,20
13.0650501251,80.2113265991,50513,50533,20
13.0637798309,80.211730957,50553,50574,21
13.0294704437,80.2088928223,51313,51333,20
13.012840271,80.2083892822,51667,51687,20
12.9949998856,80.2171020508,52498,52518,20
12.9909896851,80.2193908691,52589,52609,20
12.983880043,80.2179031372,52720,52740,20
12.9863901138,80.2229385376,53387,53407,20
12.9975004196,80.2160186768,53680,53700,20
13.0072402954,80.2097320557,53962,53983,21
13.03166008,80.2094497681,54458,54478,20
13.0486602783,80.2120132446,54821,54841,20
13.0630998611,80.2115783691,55084,55104,20
13.0686798096,80.2051010132,55306,55336,30
13.0879802704,80.1817932129,55983,56002,19
13.0880899429,80.179107666,56033,56053,20
13.0996704102,80.1699905396,56396,56426,30
13.0885601044,80.1718826294,57424,57446,22
13.0842399597,80.198677063,58265,58295,30
13.0699396133,80.2049865723,58538,58568,30
13.034119606,80.2121429443,59568,59589,21
13.0295095444,80.208946228,59691,59712,21
13.0097198486,80.211227417,60237,60267,30
12.997420311,80.2165603638,60903,60923,20
12.9761800766,80.2212600708,62235,62265,30
12.9828596115,80.2219619751,62417,62437,20
12.9831600189,80.2220993042,62437,62457,20
12.986240387,80.2229614258,62538,62558,20
12.9907903671,80.2200317383,62659,62689,30
12.9973802567,80.2161102295,62831,62851,20
12.9994001389,80.2144699097,62910,62929,19
13.0072097778,80.2097625732,63129,63151,22
13.0316095352,80.2093429565,63746,63766,20
13.0349702835,80.2113723755,63857,63877,20
13.0348997116,80.2119827271,63898,63918,20
13.0481796265,80.2119979858,64150,64170,20
13.04845047,80.2119903564,64180,64199,19
13.0542802811,80.2113723755,64312,64332,20
13.0574102402,80.2114028931,64392,64411,19
13.0689201355,80.2047195435,64756,64786,30
13.0695295334,80.2047805786,64816,64836,20
13.0833396912,80.1984634399,65159,65180,21
13.0847797394,80.1985168457,65230,65250,20
13.0871095657,80.1981811523,65311,65331,20
13.087220192,80.193069458,65412,65442,30
13.0876197815,80.1890029907,65513,65533,20
13.0880804062,80.1790771484,65795,65816,21
13.0996303558,80.1700286865,66149,66179,30
13.08852005,80.171913147,67279,67298,19
13.0879898071,80.1851501465,67582,67612,30
13.0878801346,80.1876831055,67653,67683,30
13.092880249,80.2005462646,68107,68137,30
13.0842695236,80.1986694336,68349,68369,20
13.0832796097,80.1986236572,68400,68430,30
13.0701599121,80.204498291,68713,68733,20
13.0693798065,80.2047424316,69046,69066,20
13.0650100708,80.2113265991,69187,69207,20
13.0351104736,80.2122497559,69924,69944,20
13.0341997147,80.2120666504,69964,69985,21
13.0242004395,80.2068328857,70227,70247,20
13.0101003647,80.2115936279,70651,70671,20
13.0098495483,80.2113189697,70681,70711,30
13.0095300674,80.2110977173,70711,70732,21
12.9975099564,80.2164993286,71357,71378,21
12.995470047,80.216758728,71428,71458,30
12.9950304031,80.2170410156,71468,71489,21
12.9760103226,80.220123291,71882,71903,21
12.982919693,80.2219085693,72932,72952,20
12.9864301682,80.22290802,73043,73073,30
12.9972400665,80.2161483765,73306,73336,30
13.0073795319,80.2097930908,73629,73649,20
13.0078697205,80.2083435059,73708,73730,22
13.018699646,80.2058792114,73962,73992,30
13.0349903107,80.2113113403,74295,74315,20
13.034910202,80.2118606567,74335,74356,21
13.0491600037,80.2118606567,74669,74689,20
13.0497503281,80.2118682861,74699,74719,20
13.0630197525,80.2114181519,74931,74951,20
13.0694704056,80.2053527832,75103,75123,20
13.0738601685,80.2001037598,75415,75436,21
13.0871095657,80.1979904175,75718,75738,20
13.0876903534,80.1889572144,75870,75890,20
13.0880403519,80.1813430786,76001,76021,20
13.0880804062,80.1787872314,76031,76051,20
13.0997800827,80.1700134277,76425,76455,30
13.0988903046,80.1694564819,76526,76546,20
13.0882196426,80.1786422729,77182,77202,20
13.0878000259,80.1897277832,77358,77388,30
13.0693302155,80.2046966553,78418,78448,30
13.0650396347,80.2113189697,78549,78569,20
13.0502500534,80.2122268677,78832,78862,30
13.0448999405,80.2124481201,78993,79022,29
13.0345001221,80.2121810913,79256,79276,20
13.019109726,80.2063522339,79558,79579,21
12.9270296097,80.118019104,31398,31428,30
12.9799604416,80.1625289917,32284,32304,20
12.995880127,80.1891021729,32617,32637,20
13.0129003525,80.222038269,33100,33120,20
13.0259399414,80.231010437,33362,33382,20
13.0348701477,80.2299499512,33977,33997,20
13.0354299545,80.230430603,34219,34249,30
13.0347700119,80.2300872803,34249,34269,20
13.0345602036,80.2297363281,34622,34642,20
13.0344495773,80.2301483154,34954,34974,20
12.9665699005,80.1491622925,36717,36747,30
12.9518203735,80.1407394409,36878,36899,21
12.9358701706,80.1271896362,37169,37188,19
12.9087495804,80.1003189087,37671,37691,20
12.8844804764,80.0701065063,38326,38346,20
12.8845500946,80.0699462891,38457,38477,20
12.8844995499,80.0699996948,38538,38558,20
12.8909597397,80.0699768066,38820,38840,20
12.9063301086,80.0960388184,39233,39253,20
12.9063901901,80.0960464478,39253,39273,20
12.9061002731,80.0960388184,39434,39455,21
12.9084196091,80.0978469849,39525,39545,20
12.9265699387,80.1176834106,39858,39888,30
12.9268703461,80.1179275513,39908,39938,30
12.9353399277,80.1264266968,40150,40170,20
12.9486398697,80.1380615234,40351,40381,30
12.950340271,80.1393966675,40381,40402,21
12.9512996674,80.1396789551,40432,40452,20
12.9892997742,80.1785812378,41137,41167,30
12.9896001816,80.1790008545,41198,41218,20
12.9897298813,80.1790390015,41218,41248,30
13.0038003922,80.2007980347,41530,41550,20
13.0134401321,80.2223815918,41903,41933,30
13.0319595337,80.2304382324,42376,42396,20
13.0346403122,80.2302932739,42507,42527,20
13.034819603,80.2297363281,42628,42658,30
13.034529686,80.229927063,42719,42739,20
13.0345802307,80.2297668457,42749,42779,30
13.034740448,80.2299118042,42880,42910,30
13.0345497131,80.2298583984,43041,43071,30
13.0331001282,80.2303009033,44099,44129,30
13.0332298279,80.2294311523,44905,44925,20
13.0335903168,80.2301483154,45338,45368,30
13.0333995819,80.2297592163,45519,45540,21
13.0338897705,80.2302474976,46023,46053,30
13.0331401825,80.2298431396,46245,46275,30
13.0331096649,80.2295379639,46366,46396,30
13.0332298279,80.2298431396,46638,46658,20
13.0335903168,80.2298583984,46718,46738,20
13.032959938,80.2296676636,46849,46869,20
13.0331897736,80.2297210693,46980,47010,30
13.0330896378,80.2296829224,47071,47091,20
13.033249855,80.229850769,47091,47111,20
13.0332603455,80.2297592163,47403,47432,29
13.0333595276,80.229850769,47453,47474,21
13.0334796906,80.2299499512,47615,47635,20
13.033490181,80.2300415039,47695,47716,21
13.0331201553,80.229598999,47726,47746,20
13.0340204239,80.230140686,48199,48219,20
13.0274200439,80.2333602905,48451,48481,30
12.9521198273,80.140838623,50412,50432,20
12.9520397186,80.1408462524,50443,50473,30
12.9257802963,80.1173324585,50976,50996,20
12.9256696701,80.1172485352,51007,51037,30
12.8861303329,80.0700836182,51954,51972,18
12.881770134,80.0734024048,52304,52324,20
12.8804597855,80.0766830444,52435,52465,30
12.8804597855,80.0765609741,52616,52637,21
12.8801803589,80.0767822266,52687,52707,20
12.8802604675,80.0767822266,52747,52767,20
12.8802995682,80.0767364502,52828,52848,20
12.8803100586,80.0766296387,53070,53090,20
12.8804597855,80.0763168335,53311,53332,21
12.8805799484,80.0759429932,53543,53573,30
12.8804197311,80.0765228271,53644,53664,20
12.8803796768,80.0766067505,53805,53825,20
12.8803300858,80.0767593384,53825,53845,20
12.8803596497,80.0767593384,53865,53886,21
12.8799600601,80.0777435303,53916,53936,20
12.8804197311,80.0766372681,53936,53956,20
12.8803396225,80.0764083862,54117,54137,20
12.8802700043,80.0768814087,54158,54178,20
12.8802404404,80.077003479,54208,54228,20
12.8802404404,80.077003479,54228,54258,30
12.8803195953,80.0767211914,54349,54379,30
12.8803195953,80.0768737793,54651,54671,20
12.8803195953,80.0767288208,55215,55234,19
12.8802900314,80.0766830444,55810,55840,30
12.8802900314,80.0766830444,55840,55870,30
12.8803596497,80.0766677856,56283,56313,30
12.8803195953,80.0766601563,57371,57391,20
12.8804502487,80.0769577026,57895,57925,30
12.8804302216,80.0768508911,57935,57955,20
12.8803100586,80.0766601563,58157,58187,30
12.8803596497,80.0767364502,58258,58288,30
12.8803796768,80.0768432617,58298,58318,20
12.8803796768,80.0768585205,58328,58348,20
12.8804597855,80.0769424438,58358,58378,20
12.8803596497,80.0767288208,58399,58419,20
12.8803901672,80.0767822266,58419,58439,20
12.8801403046,80.0764312744,58630,58650,20
12.8801803589,80.076499939,58671,58691,20
12.8803195953,80.0766906738,58701,58719,18
12.8803195953,80.0766906738,58719,58748,29
12.8803596497,80.0767822266,58960,58990,30
12.8854799271,80.0731887817,59383,59413,30
12.8868503571,80.0699462891,59584,59604,20
12.8868503571,80.0701370239,59614,59635,21
12.9027700424,80.0932006836,60118,60138,20
12.9062595367,80.0961303711,60229,60249,20
12.9272603989,80.1182327271,60622,60642,20
12.9505300522,80.139831543,61065,61085,20
12.9714097977,80.1509780884,61388,61408,20
13.0079803467,80.2025222778,62304,62325,21
13.0079097748,80.2071762085,62335,62355,20
13.0110902786,80.2177505493,62476,62506,30
13.0130901337,80.2221298218,62526,62546,20
13.0138502121,80.2232513428,62546,62576,30
13.0175104141,80.225730896,62627,62647,20
13.0344800949,80.2297668457,63151,63171,20
13.0343599319,80.2303009033,63250,63272,22
13.0341997147,80.2302017212,64007,64027,20
13.0341701508,80.2301864624,64047,64067,20
13.014550209,80.2264785767,64682,64712,30
13.0069704056,80.2098007202,65236,65266,30
13.034819603,80.23021698,82897,82917,20
13.0347995758,80.229888916,83008,83038,30
13.0348796844,80.2299728394,83230,83260,30
13.0349197388,80.2299118042,83391,83421,30
13.0348396301,80.2301177979,83431,83461,30
13.034819603,80.2301712036,83885,83915,30
13.0348796844,80.2299804688,83995,84015,20
13.0348796844,80.2300186157,84015,84036,21
13.0347795486,80.2299804688,84580,84610,30
13.0347700119,80.2299575806,84660,84680,20
13.0347299576,80.2298278809,84690,84711,21
13.034819603,80.2301101685,85376,85406,30
13.0347299576,80.2297286987,85950,85970,20
13.0347995758,80.2299194336,86010,86030,20
13.0347499847,80.2301025391,86091,86121,30
13.0348396301,80.2299423218,86212,86232,20
13.088139534,80.283821106,21278,21298,20
13.088809967,80.2901763916,21520,21540,20
13.0064897537,80.2541275024,22732,22752,20
13.0114002228,80.2231292725,25103,25133,30
13.0639600754,80.2833786011,26640,26670,30
13.088760376,80.2901687622,26922,26943,21
13.0866203308,80.2838592529,27114,27134,20
13.0887899399,80.2892532349,27698,27721,23
13.0390701294,80.2788696289,28356,28376,20
13.0066699982,80.2480392456,29094,29124,30
13.0074300766,80.2368392944,29286,29306,20
12.9865102768,80.2229690552,31883,31903,20
13.0145597458,80.2249298096,32458,32478,20
13.032910347,80.2774887085,33650,33671,21
13.060669899,80.2827224731,34117,34136,19
13.033829689,80.2773895264,36470,36491,21
13.0211400986,80.2701721191,36745,36764,19
12.9873399734,80.2230911255,37990,38010,20
12.9828395844,80.2219314575,39010,39030,20
13.006939888,80.2399368286,39880,39900,20
13.0571098328,80.2819213867,41164,41184,20
13.0637102127,80.2833404541,41285,41305,20
13.0785102844,80.2876281738,41497,41516,19
13.0887804031,80.2901687622,41608,41627,19
13.0871295929,80.2839508057,41952,41982,30
13.0878601074,80.2839126587,41982,42004,22
13.0883197784,80.2836532593,42277,42297,20
13.0884599686,80.2851104736,42469,42499,30
13.088809967,80.2902526855,42610,42630,20
13.0243501663,80.2744598389,43490,43520,30
12.9908895493,80.2200698853,44853,44873,20
12.9781799316,80.2212219238,45772,45802,30
12.9826402664,80.221862793,45841,45871,30
12.9836997986,80.222442627,45903,45931,28
12.9840898514,80.2226791382,45931,45961,30
12.98554039,80.2230834961,45992,46022,30
12.9868202209,80.2230072021,46022,46052,30
12.9889602661,80.2219619751,46085,46112,27
13.0085897446,80.2216720581,46418,46438,20
13.0867595673,80.2838973999,48754,48773,19
13.0868701935,80.2838363647,51133,51163,30
13.0870800018,80.2838821411,51163,51193,30
13.0882997513,80.2833709717,51345,51375,30
13.0882501602,80.282081604,51375,51404,29
13.0883703232,80.2825698853,51436,51466,30
13.0883703232,80.2825698853,51466,51496,30
13.0066099167,80.2523269653,52972,52992,20
13.0074195862,80.2366409302,53305,53325,20
12.9974899292,80.2164306641,56437,56457,20
13.0563697815,80.2817993164,58298,58318,20
13.062959671,80.2831726074,58409,58429,20
13.0740404129,80.2857208252,58581,58601,20
13.0880203247,80.2839813232,59560,59580,20
13.0888299942,80.2902374268,59862,59892,30
13.0242004395,80.2742080688,60887,60915,28
13.016169548,80.2597427368,61182,61202,20
13.0066204071,80.2479400635,61465,61485,20
12.9952602386,80.2169265747,62138,62158,20
12.9833202362,80.2222595215,62431,62451,20
12.976099968,80.2213973999,62582,62612,30
13.0152702332,80.2253189087,63683,63713,30
13.0066699982,80.2568664551,64309,64330,21
13.0321998596,80.277557373,64985,65006,21
13.0387601852,80.2787094116,65126,65148,22
13.0571298599,80.2819976807,65501,65521,20
13.0629997253,80.2832336426,65602,65622,20
13.067899704,80.2843017578,65701,65716,15
13.073340416,80.2860870361,67154,67184,30
13.0635404587,80.2834701538,67339,67369,30
13.0628795624,80.2833175659,67369,67396,27
13.0578899384,80.2822570801,67480,67510,30
13.0567998886,80.2820205688,67510,67538,28
13.0565700531,80.2819595337,67571,67590,19
13.0464096069,80.2803192139,67720,67748,28
13.0391397476,80.278968811,67861,67881,20
13.0208997726,80.2700424194,68345,68367,22
13.0073604584,80.236869812,69145,69165,20
12.9974603653,80.2166290283,69589,69609,20
12.9835100174,80.222442627,69965,69985,20
12.9762296677,80.2213287354,70116,70136,20
12.9836196899,80.2225036621,71217,71237,20
12.991230011,80.2197799683,71490,71520,30
13.0082101822,80.2334671021,72077,72097,20
13.029009819,80.2765808105,73107,73127,20
13.0291700363,80.2766036987,73127,73147,20
13.0294399261,80.2766876221,73168,73198,30
13.0304203033,80.2770385742,73309,73339,30
13.0311002731,80.2774581909,73369,73390,21
13.0319595337,80.2776031494,73420,73440,20
13.0571699142,80.2819900513,74057,74078,21
13.0881099701,80.2838821411,74896,74926,30
13.0670404434,80.2843017578,75583,75605,22
13.0648097992,80.2837982178,75605,75625,20
13.026599884,80.2756576538,76221,76241,20
13.0244398117,80.2746429443,76302,76322,20
13.0064496994,80.2531280518,76808,76828,20
13.006480217,80.2530212402,76828,76848,20
13.0065498352,80.2519607544,76869,76899,30
13.0073299408,80.2368164063,77222,77242,20
12.9974403381,80.2165374756,77604,77624,20
12.9876804352,80.2230682373,77848,77869,21
12.9760904312,80.2213668823,78111,78141,30
12.986579895,80.2229309082,79383,79403,20
13.0066604614,80.2571563721,80265,80295,30
13.0164403915,80.2596969604,80416,80436,20
13.0364303589,80.2779388428,80910,80926,16
13.0882902145,80.2836990356,81696,81716,20
13.0142297745,80.2260818481,24571,24591,20
13.0242300034,80.2282104492,25592,25614,22
13.0199403763,80.2248687744,25705,25735,30
13.0148496628,80.2261428833,25866,25886,20
12.9975004196,80.2165527344,26210,26230,20
12.975689888,80.2210617065,26635,26655,20
12.9709796906,80.2191085815,26776,26796,20
12.9708995819,80.2190628052,26806,26826,20
12.9330301285,80.2037200928,27402,27422,20
12.8279495239,80.165222168,29101,29131,30
12.8116798401,80.1594314575,31122,31142,20
12.8274402618,80.1650314331,31425,31445,20
12.8278303146,80.1651306152,31455,31485,30
12.881819725,80.1709671021,32276,32304,28
12.891579628,80.176651001,32479,32499,20
12.8940095901,80.1802368164,32550,32570,20
12.8976602554,80.1820983887,32620,32640,20
12.9171495438,80.1930084229,33075,33105,30
12.9294500351,80.2026977539,33430,33450,20
12.9339399338,80.2038574219,33531,33551,20
12.9400396347,80.2055969238,33632,33652,20
12.9443702698,80.2083435059,33713,33733,20
12.9490203857,80.2098464966,33804,33824,20
12.9537000656,80.2119598389,33894,33915,21
12.9639997482,80.2160568237,34046,34066,20
12.975979805,80.2212295532,34330,34358,28
13.0155601501,80.2250595093,35038,35068,30
13.0219802856,80.2261734009,35181,35201,20
13.0244903564,80.2286682129,35262,35292,30
13.0260095596,80.2312088013,35332,35354,22
13.0340099335,80.2304000854,35486,35506,20
13.0310897827,80.2307128906,36709,36728,19
13.023059845,80.2274169922,36963,36983,20
13.0142002106,80.2257537842,37397,37427,30
12.9872303009,80.2230834961,37995,38015,20
12.9755601883,80.2210083008,38247,38277,30
12.9709796906,80.2191009521,38358,38378,20
12.9336299896,80.203918457,38914,38934,20
12.929479599,80.2027893066,38995,39015,20
12.893289566,80.179977417,39916,39936,20
12.871219635,80.1738967896,40333,40355,22
12.8563995361,80.1721725464,40537,40567,30
12.8276500702,80.1651687622,40971,41001,30
12.8116502762,80.1594161987,41253,41273,20
12.8277702332,80.1651077271,42519,42549,30
12.8563604355,80.1720809937,43003,43033,30
12.8653802872,80.1756896973,43194,43214,20
12.8817501068,80.1709518433,43395,43425,30
12.891579628,80.176651001,43610,43630,20
12.8976602554,80.1820373535,43751,43781,30
12.9171199799,80.1920089722,44124,44154,30
12.9170999527,80.1930236816,44245,44265,20
12.9294300079,80.2027206421,44570,44590,20
12.9536600113,80.2119598389,45034,45055,21
12.9712095261,80.2189483643,45306,45326,20
12.9829702377,80.2219467163,45571,45601,30
12.9864702225,80.2229614258,45682,45702,20
12.9904403687,80.2202529907,45772,45793,21
12.9975500107,80.216468811,45914,45934,20
13.0047197342,80.2201919556,46025,46045,20
13.0154104233,80.2249069214,46259,46289,30
13.0283298492,80.2308578491,46562,46592,30
13.0341901779,80.2304077148,46846,46866,20
13.0341396332,80.2302093506,48443,48463,20
13.02987957,80.230796814,48561,48581,20
13.026260376,80.2324829102,48735,48755,20
13.0144100189,80.2262573242,49138,49159,21
13.0105800629,80.2250671387,49270,49290,20
12.9486198425,80.2102584839,50442,50472,30
12.9410800934,80.2060699463,50595,50615,20
12.9263000488,80.1976089478,50888,50918,30
12.9220199585,80.1972732544,50989,51009,20
12.8914804459,80.176612854,51606,51626,20
12.8564596176,80.1721572876,52122,52152,30
12.8277397156,80.1651611328,52558,52578,20
12.8116703033,80.1593933105,53987,54007,20
12.8274002075,80.1650619507,54250,54270,20
12.8563203812,80.1720809937,54734,54764,30
12.8806400299,80.1705703735,55085,55106,21
12.8905200958,80.1747512817,55254,55269,15
12.9122495651,80.1918411255,55674,55694,20
12.9171495438,80.1920700073,55765,55785,20
12.9173402786,80.1903686523,55815,55835,20
12.9976301193,80.2164306641,57564,57584,20
13.0219202042,80.2260971069,58008,58030,22
13.0243196487,80.2283477783,58070,58090,20
13.0346498489,80.2303390503,58363,58393,30
12.9974498749,80.2165298462,60435,60455,20
12.995059967,80.217086792,60505,60525,20
12.9709501266,80.2191619873,61040,61062,22
12.8974304199,80.1820602417,62327,62347,20
12.8753404617,80.1712265015,62743,62765,22
12.8565397263,80.172203064,62958,62988,30
12.8278799057,80.1652069092,63411,63441,30
12.8277397156,80.1651687622,63451,63471,20
12.8273296356,80.1650314331,63484,63504,20
12.8116197586,80.1594161987,64878,64908,30
12.8334903717,80.1666870117,65333,65353,20
12.8800096512,80.1702194214,66134,66154,20
12.8976297379,80.1820602417,66529,66559,30
12.9171104431,80.1919937134,66943,66973,30
12.9171199799,80.1930007935,67084,67114,30
12.917140007,80.1931991577,67125,67145,20
12.9293699265,80.2026824951,67479,67499,20
12.9339399338,80.2038269043,67610,67630,20
12.9399995804,80.2055892944,67741,67762,21
12.9711503983,80.2189102173,68287,68307,20
12.9863796234,80.22290802,68894,68914,20
12.9909896851,80.2198486328,69015,69035,20
13.0156002045,80.2249984741,69591,69613,22
13.0218896866,80.2260818481,69725,69745,20
13.034040451,80.2303390503,70081,70110,29
13.030960083,80.23072052,71195,71215,20
13.0247898102,80.229347229,71477,71497,20
13.0229701996,80.2273788452,71558,71578,20
13.0225400925,80.2269363403,71588,71608,20
13.0144195557,80.2261810303,71751,71781,30
12.9974498749,80.2164993286,72185,72215,30
12.9907903671,80.220161438,72368,72388,20
12.9875802994,80.2230834961,72449,72469,20
12.9831695557,80.2221221924,72570,72592,22
12.9628095627,80.2157211304,73069,73089,20
12.9486398697,80.2102432251,73293,73313,20
12.9337501526,80.2039108276,73575,73596,21
12.9294300079,80.2027511597,73676,73697,21
12.9263000488,80.1975784302,73786,73808,22
12.909740448,80.1914596558,74284,74304,20
12.9061498642,80.1887207031,74415,74436,21
12.868519783,80.175743103,75071,75091,20
12.8275699615,80.1651306152,75607,75637,30
12.8821201324,80.1709289551,76945,76964,19
12.9172897339,80.1903610229,77574,77594,20
12.9758996964,80.2211303711,78686,78706,20
12.9934101105,80.2180023193,79122,79142,20
13.014380455,80.2253723145,80164,80184,20
13.0074501038,80.2098617554,82207,82228,21
13.0495595932,80.2118988037,82915,82935,20
13.0683097839,80.2049026489,84350,84380,30
13.0497303009,80.2122192383,84858,84888,30
13.0343999863,80.2121963501,85081,85100,19
13.0093202591,80.211151123,85577,85597,20
12.9974002838,80.2165527344,86071,86094,23
12.9964799881,80.1913986206,21740,21760,20
12.9962797165,80.1912231445,21770,21790,20
13.019659996,80.2061920166,22245,22265,20
13.0315504074,80.2093200684,22406,22426,20
13.0349903107,80.2112121582,22487,22507,20
13.0687704086,80.2051467896,23220,23250,30
13.0770597458,80.1989822388,23455,23485,30
13.0818901062,80.1985626221,23516,23546,30
13.0851402283,80.1984176636,23877,23907,30
13.0871601105,80.1979293823,23938,23968,30
13.0872402191,80.1961975098,23968,23998,30
13.0873003006,80.193611145,23998,24028,30
13.0879096985,80.1867294312,24102,24132,30
13.088139534,80.1806488037,24163,24192,29
13.0878696442,80.1896972656,25345,25365,20
13.0929899216,80.1992034912,25585,25615,30
13.0902500153,80.2005233765,25646,25676,30
13.0873203278,80.2004318237,25676,25706,30
13.0852403641,80.1987075806,25741,25771,30
13.0830202103,80.198638916,25871,25901,30
13.0814800262,80.198638916,25901,25931,30
13.0763998032,80.1991500854,25962,25992,30
13.0737895966,80.2004013062,25992,26022,30
13.0700597763,80.204788208,26099,26129,30
13.0699396133,80.2049789429,26129,26159,30
13.0685501099,80.2054519653,26190,26220,30
13.0698604584,80.2049331665,26552,26582,30
13.0677099228,80.2086791992,26660,26690,30
13.0647497177,80.2114715576,26721,26751,30
13.0626096725,80.2117996216,26751,26780,29
13.0564203262,80.2116088867,26812,26841,29
13.0503501892,80.2121963501,26872,26902,30
13.0472202301,80.2123413086,26933,26963,30
13.0446100235,80.2124481201,26963,26992,29
13.0430603027,80.212387085,27054,27084,30
13.0430603027,80.212387085,27084,27104,20
12.9762401581,80.2210922241,29012,29033,21
12.9762401581,80.2212677002,29699,29729,30
12.9829397202,80.2219772339,29850,29871,21
12.9865703583,80.2229537964,29941,29961,20
12.997469902,80.2162017822,30143,30163,20
13.0482997894,80.2120437622,31153,31173,20
13.054400444,80.21144104,31264,31284,20
13.063170433,80.2115402222,31405,31425,20
13.0636501312,80.2114562988,31435,31455,20
13.0696401596,80.2047729492,31677,31698,21
13.0743904114,80.199508667,31809,31829,20
13.0827302933,80.1984710693,31950,31970,20
13.0996999741,80.1698379517,32787,32807,20
13.0877895355,80.190032959,33956,33976,20
13.0681295395,80.2049407959,35016,35036,20
13.0697202682,80.2048416138,35096,35117,21
13.050069809,80.2121887207,35460,35490,30
13.0383195877,80.2123336792,35662,35682,20
13.0354299545,80.2123184204,35732,35752,20
13.0343599319,80.2121429443,35783,35803,20
13.029589653,80.2089614868,35934,35954,20
12.99036026,80.2203979492,38760,38781,21
12.997469902,80.2161331177,38912,38932,20
13.0074195862,80.2097930908,39183,39205,22
13.0350399017,80.2111206055,39770,39800,30
13.0483903885,80.2120513916,40103,40123,20
13.0696697235,80.2049865723,40527,40547,20
13.0719299316,80.2023010254,40729,40759,30
13.0833997726,80.1984405518,40971,40991,20
13.0996599197,80.1700515747,41809,41830,21
13.0882501602,80.1785430908,42587,42607,20
13.0676202774,80.2086181641,43889,43909,20
13.0546102524,80.2115325928,44131,44152,21
13.0294704437,80.2089004517,44737,44757,20
12.9972696304,80.2165222168,45868,45888,20
12.9758901596,80.2202682495,46271,46291,20
12.9756803513,80.2209091187,46322,46352,30
12.9829397202,80.2219161987,46635,46655,20
12.9904003143,80.2203369141,46826,46847,21
13.0486097336,80.2119903564,48098,48128,30
13.0687704086,80.2048568726,48573,48603,30
13.0882396698,80.1791992188,53538,53558,20
13.088060379,80.1837005615,53638,53656,18
13.0878000259,80.1896133423,53728,53748,20
13.0688199997,80.2047271729,54717,54746,29
13.0498304367,80.2121429443,55111,55130,19
13.0381498337,80.212348938,55303,55333,30
13.0343999863,80.2121200562,55434,55464,30
13.0259103775,80.2072906494,55694,55713,19
13.0094499588,80.2110290527,56057,56087,30
12.9829797745,80.2220077515,57924,57944,20
12.9913301468,80.2197113037,58146,58176,30
13.0074100494,80.2098617554,58610,58630,20
13.0483703613,80.212059021,59357,59377,20
13.0632600784,80.2116088867,59640,59660,20
13.0867004395,80.1984786987,60266,60286,20
13.0869102478,80.1984634399,60286,60316,30
13.0880899429,80.1791915894,60680,60709,29
13.0994701385,80.1701431274,61013,61043,30
13.0885696411,80.1719589233,62476,62496,20
13.0882797241,80.1786270142,62587,62606,19
13.0878095627,80.1898269653,62769,62789,20
13.0698299408,80.2051315308,63486,63506,20
13.0680303574,80.2049179077,63667,63688,21
13.0676698685,80.2086334229,63799,63819,20
13.0495004654,80.2122421265,64142,64162,20
13.0343599319,80.2121505737,64394,64414,20
13.0095300674,80.2111206055,65020,65040,20
12.9868803024,80.2183074951,65807,65828,21
12.9760799408,80.221282959,66554,66575,21
12.9829597473,80.222038269,66736,66756,20
12.986530304,80.2230300903,66837,66857,20
12.990940094,80.2200469971,66948,66968,20
12.9912996292,80.2197570801,66978,66999,21
12.9941101074,80.2177200317,67089,67110,21
12.9944696426,80.2174987793,67110,67130,20
12.9974498749,80.2162399292,67241,67261,20
13.0314302444,80.2093887329,68139,68159,20
13.0349798203,80.2110519409,68250,68270,20
13.0348997116,80.211807251,68291,68311,20
13.0574998856,80.2114868164,68816,68836,20
13.063249588,80.2115631104,68927,68947,20
13.0696296692,80.2051086426,69078,69098,20
13.0690898895,80.2047729492,69361,69391,30
13.0742101669,80.1997299194,69754,69775,21
13.0872097015,80.193107605,70138,70168,30
13.0876903534,80.188369751,70249,70279,30
13.0887403488,80.1696395874,71723,71743,20
13.0879201889,80.1853790283,72086,72108,22
13.0736703873,80.2005233765,72977,72997,20
13.0684995651,80.2048187256,73461,73481,20
13.0499200821,80.2122421265,73976,73996,20
13.0495100021,80.2122802734,74006,74036,30
13.0349197388,80.2122802734,74329,74349,20
13.0342102051,80.2121429443,74370,74390,20
13.0191497803,80.2063980103,74672,74693,21
13.0143299103,80.2047195435,74773,74794,21
13.0150098801,80.2259521484,75298,75318,20
12.9973897934,80.2166519165,75652,75672,20
12.9868202209,80.2183532715,75874,75894,20
12.9960298538,80.2166213989,77065,77095,30
12.9972400665,80.2163619995,77136,77156,20
12.9959001541,80.1895828247,25174,25194,20
13.0349702835,80.2116088867,25739,25759,20
13.0691404343,80.2046966553,26459,26488,29
13.0711898804,80.2033309937,26519,26549,30
13.0723800659,80.2018814087,26580,26610,30
13.079990387,80.1986923218,26680,26710,30
13.0822496414,80.1985321045,26710,26740,30
13.0846300125,80.1985015869,26771,26800,29
13.0872097015,80.1964187622,26862,26891,29
13.0874996185,80.1913223267,26922,26951,29
13.0881500244,80.1784210205,27152,27173,21
13.0996198654,80.1700897217,27394,27415,21
13.0998096466,80.1697769165,27425,27455,30
13.0987300873,80.1693878174,28787,28807,20
13.0992898941,80.1696014404,28828,28848,20
13.088259697,80.1794281006,29262,29282,20
13.0651102066,80.2112579346,30422,30442,20
13.0094203949,80.2109375,31502,31532,30
13.0150995255,80.2258911133,31815,31845,30
12.9993696213,80.2171478271,32116,32136,20
12.9910097122,80.2194366455,32247,32267,20
12.9764204025,80.2210769653,32822,32852,30
12.9829702377,80.2219314575,32943,32973,30
12.997469902,80.2162017822,33347,33367,20
13.0074596405,80.2098236084,33599,33619,20
13.0349998474,80.2113265991,34143,34164,21
13.0484104156,80.212020874,34366,34386,20
13.0543899536,80.2114486694,34497,34518,21
13.0687198639,80.2049179077,34810,34840,30
13.0720396042,80.2022705078,34951,34972,21
13.0886001587,80.1717987061,37091,37121,30
13.0882797241,80.1783676147,37242,37261,19
13.0843801498,80.1986236572,38050,38070,20
13.0687103271,80.2047805786,38504,38524,20
13.0651397705,80.2112197876,38776,38796,20
13.0501499176,80.2121429443,38988,39008,20
13.0495595932,80.2121734619,39018,39039,21
13.0097999573,80.2113418579,39866,39896,30
13.0154304504,80.2254562378,40199,40219,20
12.9910297394,80.2194671631,40714,40734,20
12.9829301834,80.2219085693,42429,42459,30
12.9863500595,80.2228622437,42530,42550,20
13.0350103378,80.2110137939,43660,43680,20
13.0486097336,80.2120437622,43902,43923,21
13.0833997726,80.1985168457,44740,44760,20
13.0867395401,80.1984863281,44851,44871,20
13.0877103806,80.1891326904,45033,45053,20
13.0877304077,80.1885681152,45063,45083,20
13.0881595612,80.1787719727,45261,45291,30
13.0993003845,80.169631958,45685,45715,30
13.0991802216,80.1695098877,47410,47440,30
13.0872802734,80.1982116699,48621,48641,20
13.084280014,80.1986999512,48914,48944,30
13.0690002441,80.2046890259,49307,49337,30
13.0443296432,80.212348938,49751,49771,20
13.0340995789,80.2121200562,49983,50003,20
13.0094203949,80.2109832764,50518,50548,30
12.9960298538,80.2166671753,51103,51123,20
12.9966897964,80.1933364868,52768,52788,20
12.9964399338,80.1913833618,52839,52859,20
13.003660202,80.2007904053,53454,53475,21
13.0349903107,80.2110900879,53909,53929,20
13.0547399521,80.2114105225,54250,54271,21
13.0687599182,80.2049789429,54562,54584,22
13.0995903015,80.1699981689,55532,55552,20
13.0877504349,80.1898269653,57288,57308,20
13.0340995789,80.2121505737,58993,59014,21
13.0095500946,80.2111206055,59558,59579,21
13.0154800415,80.2252883911,59831,59851,20
12.9840602875,80.2179794312,60436,60457,21
12.9765396118,80.221282959,61617,61637,20
13.0497999191,80.2118835449,63272,63292,20
13.0871696472,80.1981201172,64180,64200,20
13.0872497559,80.1929931641,64271,64291,20
13.0881099701,80.1790313721,64534,64554,20
13.0997200012,80.1698989868,64846,64867,21
13.0993099213,80.1702194214,66310,66340,30
13.0878801346,80.1876373291,66755,66785,30
13.087770462,80.189956665,66845,66866,21
13.0857400894,80.2004013062,67300,67330,30
13.0725603104,80.2019195557,67693,67713,20
13.0679798126,80.2053604126,67915,67945,30
13.0696496964,80.2048721313,68006,68026,20
13.0456895828,80.2124176025,68521,68541,20
13.009349823,80.2109909058,69500,69530,30
12.9911203384,80.219543457,70398,70418,20
12.983420372,80.2223434448,71700,71720,20
13.007229805,80.2098464966,72295,72315,20
13.0687398911,80.205329895,73698,73728,30
13.0691604614,80.2047576904,73769,73789,20
13.073220253,80.2008666992,73930,73950,20
13.0870304108,80.1983413696,74233,74253,20
13.0877199173,80.188369751,74465,74485,20
13.0996704102,80.1699981689,74959,74980,21
13.0885295868,80.1719589233,75666,75686,20
13.0696401596,80.2048568726,76857,76877,20
13.0637102127,80.211769104,77089,77119,30
13.0511102676,80.2122192383,77310,77331,21
13.0497903824,80.2122268677,77361,77391,30
13.0341501236,80.2121200562,77745,77765,20
13.0302400589,80.2091522217,77866,77886,20
13.0242700577,80.2068786621,77997,78017,20
13.0093002319,80.2109069824,78482,78502,20
12.997420311,80.2164764404,79116,79138,22
12.9911003113,80.2194366455,79259,79279,20
12.9968004227,80.255859375,3338,3358,20
13.0001096725,80.2664871216,3641,3671,30
12.9968900681,80.2559661865,4377,4398,21
12.9959001541,80.1894989014,24093,24113,20
13.0038099289,80.2008285522,24274,24294,20
13.0749197006,80.1992416382,25844,25874,30
13.0774402618,80.1989593506,25874,25904,30
13.0800600052,80.198677063,25904,25934,30
13.0845298767,80.1984786987,25965,25995,30
13.0877304077,80.1887817383,26172,26202,30
13.0880002975,80.1837081909,26233,26263,30
13.0882396698,80.1764526367,26353,26383,30
13.0884304047,80.173866272,26383,26412,29
13.0886497498,80.169921875,26443,26473,30
13.0886497498,80.169921875,26473,26502,29
13.0701398849,80.2047805786,28127,28147,20
13.0680599213,80.2054367065,28248,28268,20
13.0697803497,80.2048873901,28399,28419,20
13.0451097488,80.2124404907,28793,28823,30
13.0296602249,80.2090301514,29115,29136,21
12.9761600494,80.2212295532,31919,31949,30
13.0073900223,80.2098007202,32615,32635,20
13.031539917,80.2093582153,33028,33049,21
13.0483703613,80.212020874,33381,33401,20
13.0687999725,80.205078125,33855,33875,20
13.0833902359,80.1984634399,34168,34198,30
13.087269783,80.1928482056,34370,34390,20
13.0994300842,80.1702270508,35892,35913,21
13.092040062,80.1697311401,36033,36054,21
13.0882701874,80.1789703369,36234,36251,17
13.0832099915,80.1986236572,37009,37029,20
13.0698204041,80.2050476074,37291,37311,20
13.0496301651,80.2121582031,37967,37987,20
13.0154104233,80.2251968384,39197,39217,20
13.0036697388,80.2118988037,41879,41900,21
13.0073900223,80.2097930908,42000,42021,21
13.0350103378,80.2113189697,42605,42626,21
13.0348901749,80.2119903564,42656,42676,20
13.0636196136,80.2115478516,43090,43110,20
13.0996398926,80.1697921753,44411,44431,20
13.0877504349,80.189743042,47123,47143,20
13.0871896744,80.1977233887,47254,47274,20
13.0680103302,80.205116272,47930,47950,20
13.069439888,80.2047424316,48000,48020,20
13.0637397766,80.2117004395,48152,48182,30
13.0495195389,80.2121429443,48373,48394,21
12.9758701324,80.2202606201,50320,50350,30
12.9945001602,80.2173995972,51237,51266,29
12.9975004196,80.2161102295,51308,51328,20
13.048620224,80.2119979858,52437,52457,20
13.0687198639,80.2049179077,52911,52941,30
13.0743103027,80.1995391846,53103,53133,30
13.0879602432,80.1857528687,55291,55314,23
13.0928602219,80.2005462646,55617,55647,30
13.0699701309,80.2048568726,56091,56111,20
13.069899559,80.2049636841,56121,56141,20
13.0697402954,80.2048797607,56454,56484,30
13.0650596619,80.2112579346,56585,56605,20
13.0374498367,80.2123336792,57099,57119,20
13.0342798233,80.2121429443,57190,57210,20
13.0092401505,80.2111968994,57815,57835,20
13.0154600143,80.2251968384,58037,58057,20
12.9954204559,80.2169036865,58471,58501,30
12.9757699966,80.2203598022,58854,58884,30
13.0072803497,80.2098083496,61355,61375,20
13.068860054,80.204750061,62777,62807,30
13.0718803406,80.2023162842,62898,62928,30
13.088259697,80.1786193848,65308,65328,20
13.0880298615,80.1843032837,65438,65460,22
13.0877895355,80.1898574829,65521,65541,20
13.0688800812,80.2054672241,66500,66519,19
13.0696897507,80.2048873901,66761,66791,30
13.0545301437,80.2116394043,67144,67164,20
13.0503797531,80.2121963501,67235,67255,20
13.0497503281,80.2121887207,67275,67296,21
13.034910202,80.2123031616,67669,67689,20
13.0340595245,80.2121582031,67709,67729,20
13.0189599991,80.2063827515,68032,68052,20
13.0093803406,80.2111206055,68355,68385,30
13.0036201477,80.2119903564,71108,71128,20
13.0074100494,80.2098770142,71229,71249,20
13.0186595917,80.205947876,71531,71552,21
13.0437002182,80.2122573853,71985,72005,20
13.0543298721,80.2114181519,72187,72207,20
13.069609642,80.2049713135,72469,72489,20
13.0690698624,80.2047271729,72641,72661,20
13.0742301941,80.1996307373,72903,72923,20
13.0876903534,80.1882476807,73357,73377,20
13.088060379,80.1798706055,73498,73528,30
13.09953022,80.1700820923,73861,73881,20
13.0996303558,80.1700592041,73881,73901,20
13.0881795883,80.179397583,74718,74738,20
13.0879602432,80.1856536865,74819,74839,20
13.0877399445,80.1898422241,74920,74940,20
13.0679597855,80.2054595947,75898,75918,20
13.0678796768,80.2053527832,75918,75939,21
13.0679998398,80.2051010132,75949,75979,30
13.0446195602,80.2125167847,76645,76665,20
13.034070015,80.2121582031,76897,76917,20
13.0189599991,80.2063674927,77199,77218,19
12.9952297211,80.2169189453,78248,78268,20
12.9759902954,80.2212677002,78813,78843,30
12.9969100952,80.2164230347,79297,79327,30
13.0077896118,80.2098922729,79610,79640,30
13.0489501953,80.2074203491,43632,43662,30
13.0491895676,80.2068023682,43693,43723,30
13.049659729,80.2121810913,44745,44775,30
13.0368099213,80.198677063,45518,45538,20
13.0363397598,80.2015609741,45598,45619,21
13.0357704163,80.2058410645,45689,45709,20
13.0325498581,80.2119293213,45861,45881,20
13.0300397873,80.2095108032,45982,46002,20
13.0321998596,80.2203216553,46297,46317,20
13.029009819,80.2242431641,46439,46459,20
13.0240402222,80.2283630371,46903,46933,30
13.0065803528,80.2549667358,47682,47702,20
13.0001602173,80.2563934326,47934,47955,21
12.9968395233,80.256942749,48065,48086,21
12.9999904633,80.2666625977,48329,48349,20
12.9956598282,80.2672195435,50435,50455,20
12.9961700439,80.2625274658,50526,50556,30
12.9988002777,80.2559967041,50748,50777,29
13.0061197281,80.2573394775,50951,50971,20
13.0064601898,80.2531433105,51041,51064,23
13.007349968,80.2372207642,51488,51508,20
13.0193996429,80.224281311,51933,51956,23
13.0285596848,80.2308578491,52158,52178,20
13.0316896439,80.2184295654,52584,52603,19
13.0413999557,80.1968917847,53442,53471,29
13.0488595963,80.2070007324,53880,53901,21
13.038649559,80.1928787231,55156,55176,20
13.036359787,80.201789856,55358,55388,30
13.0300502777,80.2095413208,55752,55772,20
13.0322399139,80.2203369141,56057,56077,20
13.0297403336,80.2308120728,56431,56451,20
13.024020195,80.2283706665,56633,56653,20
13.0143899918,80.226272583,56847,56867,20
13.0069303513,80.240020752,57089,57109,20
13.0068597794,80.249420166,57271,57291,20
13.0066299438,80.2549591064,57382,57402,20
12.9968395233,80.2569122314,57705,57725,20
12.9962301254,80.2624664307,57835,57858,23
12.9962501526,80.2677536011,57959,57979,20
12.9956798553,80.2673797607,59081,59101,20
12.9968204498,80.2564926147,59283,59303,20
13.0067100525,80.249671936,59809,59839,30
13.0065498352,80.2465362549,59960,59980,20
13.0065202713,80.2415237427,60061,60081,20
13.0073795319,80.2369308472,60162,60182,20
13.0156002045,80.2250976563,60485,60506,21
13.0303096771,80.2283325195,60932,60962,30
13.0321702957,80.2198028564,61245,61265,20
13.0321998596,80.2195510864,61278,61295,17
12.9484300613,80.1434707642,30128,30149,21
12.948390007,80.1434783936,31421,31451,30
12.948390007,80.1432723999,44485,44505,20
13.0752000809,80.2752609253,10009,10029,20
13.0759096146,80.2752914429,20681,20703,22
13.0756597519,80.2749023438,21359,21389,30
13.076089859,80.2758789063,21440,21470,30
13.0814599991,80.2751464844,22288,22318,30
13.0759801865,80.2758026123,22692,22722,30
12.9563999176,80.2436065674,26247,26267,20
12.9282503128,80.2388000488,26944,26964,20
12.9311304092,80.2384872437,27045,27065,20
12.9357700348,80.2338867188,27287,27317,30
12.9796199799,80.2526016235,27893,27913,20
12.9873304367,80.2514572144,28004,28024,20
13.0888795853,80.2902069092,29650,29680,30
13.0874900818,80.2839279175,29852,29872,20
13.0435495377,80.2798614502,31973,31993,20
13.0390901566,80.2788619995,32053,32074,21
13.0309000015,80.2772674561,32205,32225,20
12.986289978,80.2555389404,33154,33174,20
12.9516296387,80.2416687012,33649,33669,20
12.9471302032,80.240020752,33760,33780,20
12.9283399582,80.2388381958,34275,34305,30
12.9282503128,80.2388000488,35253,35275,22
12.9311599731,80.2384872437,35355,35375,20
12.9332199097,80.2360916138,35487,35507,20
12.935790062,80.2339019775,35759,35788,29
12.9473199844,80.2399597168,35961,35981,20
12.966799736,80.2479019165,36375,36395,20
12.9887800217,80.255897522,36739,36759,20
13.0331201553,80.2773971558,37748,37769,21
13.0629196167,80.2831420898,38213,38233,20
13.0876197815,80.2839202881,38799,38829,30
13.0887899399,80.2901992798,41171,41192,21
13.0740003586,80.2861480713,41389,41410,21
13.0566596985,80.2819290161,41591,41612,21
13.0259199142,80.2752532959,42056,42076,20
12.9996795654,80.2563323975,42783,42803,20
12.9563903809,80.2436904907,43621,43641,20
12.9395904541,80.2357711792,43883,43904,21
12.9312000275,80.2385635376,44206,44227,21
12.9283504486,80.2388534546,44318,44338,20
12.9311199188,80.2384872437,44631,44651,20
12.9668502808,80.2479324341,45469,45489,20
12.9785804749,80.2523574829,45600,45620,20
12.9968299866,80.255859375,46216,46236,20
13.0564498901,80.2817687988,47559,47579,20
13.0801496506,80.2881393433,47889,47919,30
13.0830802917,80.2891616821,47919,47949,30
13.0865497589,80.2894515991,47949,47979,30
13.0865497589,80.2894515991,47979,48000,21
13.0869903564,80.2839126587,51352,51372,20
13.0340595245,80.2774429321,52523,52553,30
13.0336198807,80.2773971558,52563,52584,21
13.0015497208,80.2565536499,53240,53270,30
12.9986095428,80.2560577393,53331,53351,20
12.997130394,80.255897522,53391,53411,20
12.9312000275,80.23853302,54431,54451,20
12.9255399704,80.2381286621,54643,54663,20
12.9282302856,80.2387390137,56178,56198,20
12.9311599731,80.2384719849,56289,56309,20
12.9312400818,80.2385177612,56309,56339,30
12.9563102722,80.2433166504,57026,57056,30
12.966799736,80.2479095459,57238,57258,20
12.988699913,80.255859375,57591,57612,21
13.0063295364,80.2574005127,57945,57975,30
13.008480072,80.2589111328,58016,58036,20
13.0327196121,80.2774810791,58561,58581,20
13.056520462,80.2818069458,59005,59025,20
13.0573596954,80.2819824219,59045,59066,21
13.0888299942,80.2902832031,59520,59550,30
13.073969841,80.2861480713,61398,61418,20
13.0435400009,80.2798461914,61913,61943,30
13.0001296997,80.2563781738,62953,62982,29
12.9985103607,80.2561035156,62982,63003,21
12.9878797531,80.255897522,63174,63194,20
12.9516401291,80.2416992188,63831,63851,20
12.938949585,80.235458374,64033,64053,20
12.9330301285,80.2361526489,64224,64245,21
12.9311304092,80.2385482788,64336,64366,30
12.9283304214,80.238861084,64457,64477,20
12.9311704636,80.2385406494,64861,64881,20
12.9340200424,80.2350616455,65063,65093,30
12.9394598007,80.2355422974,65244,65264,20
12.9509496689,80.2413711548,65426,65446,20
12.9667596817,80.2479705811,65779,65800,21
13.0004796982,80.256439209,66789,66809,20
13.0061502457,80.2574691772,66941,66961,20
13.0388498306,80.2787704468,67981,68011,30
13.056429863,80.2818603516,68395,68414,19
13.0571498871,80.2820129395,68435,68465,30
13.0649995804,80.2836685181,68627,68647,20
13.069609642,80.2846374512,68724,68743,19
13.0731897354,80.2852478027,68825,68845,20
13.0740299225,80.2858581543,68875,68896,21
13.0810804367,80.2884597778,68987,69007,20
13.088760376,80.2902297974,69118,69148,30
13.0881099701,80.2836380005,70451,70471,20
13.0643596649,80.2836303711,71085,71105,20
13.0632095337,80.2833328247,71105,71125,20
13.0456495285,80.2801818848,71479,71499,20
13.0384702682,80.2787322998,71711,71731,20
13.018819809,80.2630233765,72923,72943,20
12.9996204376,80.2563476563,73347,73367,20
12.9864397049,80.2556533813,73740,73761,21
12.9861297607,80.255569458,73771,73801,30
12.9390602112,80.2355422974,74629,74649,20
12.9331102371,80.2361831665,74821,74841,20
12.9283504486,80.238899231,75053,75073,20
12.9281997681,80.2388381958,75235,75255,20
12.9310998917,80.2385482788,75346,75366,20
12.939789772,80.2357635498,75599,75619,20
12.948849678,80.2407531738,75710,75730,20
12.9667797089,80.2480392456,75982,76002,20
12.9989700317,80.2561035156,76649,76669,20
13.0253400803,80.2749481201,77275,77295,20
13.0430202484,80.2795028687,77608,77628,20
13.0456695557,80.2800521851,77669,77689,20
13.0562496185,80.28175354,77850,77871,21
13.0638999939,80.2833328247,78012,78042,30
13.0739803314,80.28565979,78244,78274,30
13.0758695602,80.2757873535,79173,79193,20
12.9976997375,80.2570571899,2040,2061,21
12.9983301163,80.2568435669,2081,2101,20
12.9872198105,80.2595977783,23595,23615,20
12.9876699448,80.2558517456,24069,24089,20
13.0065898895,80.2531433105,24422,24452,30
13.0265598297,80.232963562,25077,25097,20
13.0775203705,80.2614822388,26136,26156,20
13.0755596161,80.2586898804,26338,26368,30
13.0791797638,80.256477356,29181,29201,20
13.0565099716,80.2573394775,29988,30008,20
13.0353002548,80.2461013794,30331,30351,20
13.0066995621,80.2571716309,31289,31309,20
12.9872303009,80.2595291138,31642,31672,30
12.9876298904,80.2562866211,33137,33167,30
12.9960899353,80.2558364868,33329,33349,20
13.0057897568,80.2573928833,33581,33601,20
13.0074195862,80.2369003296,33903,33924,21
13.0192804337,80.2242889404,34216,34236,20
13.0265398026,80.2327804565,34418,34448,30
13.046959877,80.2483520508,34942,34962,20
13.0568704605,80.2568817139,35113,35133,20
13.0703601837,80.2657928467,35456,35476,20
13.0846004486,80.2501220703,35960,35980,20
13.0944004059,80.2411804199,36273,36293,20
13.0564804077,80.257270813,39094,39114,20
13.0415000916,80.247467041,39356,39376,20
13.0399103165,80.2471313477,39417,39437,20
13.0239696503,80.2283172607,39901,39921,20
12.9995498657,80.2562866211,41030,41050,20
12.9872903824,80.2593536377,41695,41715,20
12.9869203568,80.2590866089,42920,42950,30
12.9882698059,80.2558898926,43162,43182,20
12.9987897873,80.2560577393,43384,43404,20
12.9991397858,80.2561187744,43414,43434,20
13.00096035,80.2564468384,43474,43494,20
13.0073795319,80.2369003296,44039,44059,20
13.0190696716,80.2242965698,44412,44432,20
13.0193595886,80.2243728638,44442,44471,29
13.0607299805,80.261390686,45360,45380,20
13.0663700104,80.2681884766,45531,45551,20
13.0702800751,80.2658233643,45692,45713,21
13.0772800446,80.2608795166,45985,46005,20
13.0813703537,80.2511367798,46338,46368,30
13.085559845,80.2452011108,46640,46660,20
13.094039917,80.2410888672,46822,46842,20
13.0790700912,80.256362915,48193,48223,30
13.0317401886,80.2414779663,49493,49514,21
12.9986400604,80.2560806274,50653,50673,20
12.9898099899,80.2560119629,53987,54017,30
12.9925203323,80.2560424805,54017,54047,30
13.0073699951,80.236907959,54672,54693,21
13.0195398331,80.2244567871,55086,55116,30
13.0567903519,80.2568130493,55903,55922,19
13.0773200989,80.2609405518,56448,56468,20
13.0715999603,80.2646331787,59637,59658,21
13.060500145,80.2654190063,59950,59970,20
13.0471000671,80.2486877441,60283,60303,20
13.0239696503,80.2282867432,60868,60898,30
13.0066995621,80.2571868896,61553,61573,20
13.0017900467,80.2566223145,61704,61725,21
12.9873800278,80.2582702637,63570,63590,20
12.9886302948,80.2558670044,64144,64165,21
13.0065698624,80.2467727661,64860,64880,20
13.0073604584,80.2369308472,65082,65102,20
13.0192804337,80.2243118286,65415,65445,30
13.0246095657,80.2288665771,65566,65586,20
13.0307798386,80.2391433716,65828,65848,20
13.0324401855,80.2424087524,65939,65969,30
13.0356502533,80.2461166382,66060,66079,19
13.0405502319,80.2471618652,66181,66201,20
13.0469903946,80.2484130859,66312,66332,20
13.0728502274,80.2619400024,66958,66988,30
13.0772695541,80.2608718872,67159,67188,29
13.0796298981,80.2545623779,67371,67391,20
13.0844802856,80.2500762939,67613,67643,30
13.0856599808,80.2464599609,67734,67754,20
13.0908899307,80.2408218384,68420,68450,30
13.0916099548,80.240852356,68480,68500,20
13.0971097946,80.2420120239,68631,68652,21
13.0870399475,80.2440872192,69379,69398,19
13.0806798935,80.2549209595,69863,69883,20
13.0783004761,80.2567825317,70096,70117,21
13.0777397156,80.2621002197,70208,70238,30
13.0564603806,80.2574615479,70934,70954,20
13.0468196869,80.2487182617,71105,71125,20
12.9973201752,80.2559890747,72487,72507,20
13.0066099167,80.2405471802,75018,75048,30
13.0242099762,80.2284317017,75532,75562,30
13.0263395309,80.2326583862,75623,75643,20
13.0661802292,80.2681427002,76591,76611,20
13.0773096085,80.261138916,77024,77054,30
13.0942897797,80.2411727905,77831,77851,20
13.0985298157,80.2422485352,77912,77932,20
13.0984601974,80.2421417236,77972,78002,30
13.0801200867,80.2546920776,78567,78587,20
13.0777597427,80.2621994019,78900,78920,20
13.0604896545,80.2653427124,79394,79414,20
13.026049614,80.2318878174,80221,80251,30
13.0239496231,80.2282180786,80311,80332,21
13.0069198608,80.2401733398,80654,80674,20
12.9873304367,80.2585830688,81300,81330,30
12.9710998535,80.219078064,18397,18417,20
12.9638299942,80.2161483765,18518,18538,20
12.9586896896,80.2140274048,18569,18599,30
12.9535799026,80.212059021,18619,18639,20
12.935500145,80.2041702271,18841,18861,20
12.9251298904,80.1975097656,19033,19063,30
12.8099803925,80.1597824097,21888,21918,30
12.8100500107,80.1596374512,21929,21949,20
12.8097696304,80.1597824097,22769,22789,20
12.8278303146,80.1651992798,23061,23082,21
12.8564901352,80.1721572876,23425,23445,20
12.8789796829,80.169960022,23765,23785,20
12.8917398453,80.176940918,23966,23987,21
12.8940095901,80.1802825928,24037,24057,20
12.897649765,80.1820602417,24108,24128,20
12.9140396118,80.1920394897,24400,24421,21
12.917429924,80.1915435791,24471,24491,20
12.9170999527,80.1931991577,24532,24562,30
12.9170999527,80.1931991577,24562,24592,30
12.9284801483,80.2019119263,24814,24834,20
12.9488401413,80.2098388672,25187,25208,21
12.950799942,80.2104110718,25228,25248,20
12.9949102402,80.2181930542,25985,26015,30
12.9965801239,80.2164611816,26035,26065,30
13.0267801285,80.232963562,28991,29021,30
13.0229101181,80.2272567749,29142,29172,30
13.0144701004,80.2262268066,29324,29344,20
13.0132904053,80.2268066406,29354,29374,20
12.9711198807,80.2189483643,30202,30232,30
12.8483600616,80.170501709,32267,32297,30
12.827630043,80.1651382446,32529,32559,30
12.8235902786,80.1630706787,32670,32690,20
12.8278503418,80.1651687622,35061,35081,20
12.8800096512,80.1702804565,35818,35838,20
12.8818902969,80.171081543,35859,35889,30
12.9287996292,80.2020797729,36989,37019,30
12.9343996048,80.2041778564,37110,37130,20
12.9494600296,80.2103118896,37382,37412,30
13.015130043,80.2247161865,38653,38683,30
13.0257396698,80.2302780151,38946,38976,30
13.0295095444,80.2306213379,39107,39127,20
13.0349597931,80.2301864624,39238,39259,21
13.0297698975,80.2308120728,40459,40479,20
13.0230998993,80.2274932861,40681,40711,30
13.0138998032,80.2255935669,40943,40973,30
13.0138998032,80.2255935669,40973,41003,30
13.0141897202,80.2261276245,41094,41124,30
13.0047101974,80.2203292847,41336,41357,21
13.0047101974,80.2203292847,41357,41377,20
12.9906396866,80.2203903198,41619,41639,20
12.9870195389,80.2229919434,41740,41760,20
12.9836301804,80.2224731445,41831,41861,30
12.9829101563,80.2223815918,41861,41881,20
12.9807100296,80.2208328247,41912,41932,20
12.9718103409,80.21925354,42093,42113,20
12.9593200684,80.2141799927,42295,42315,20
12.9408102036,80.2059020996,42587,42607,20
12.9401903152,80.205657959,42618,42637,19
12.9302797318,80.2028579712,42769,42799,30
12.9188098907,80.1960601807,43021,43051,30
12.916680336,80.1923370361,43152,43171,19
12.9059896469,80.1886367798,43344,43374,30
12.9036903381,80.1863174438,43404,43424,20
12.8817796707,80.1708908081,43788,43808,20
12.869389534,80.175163269,43985,44005,20
12.8670797348,80.1762084961,44016,44046,30
12.859919548,80.1730194092,44106,44126,20
12.8198900223,80.160949707,44752,44782,30
12.8116798401,80.1593933105,45972,45992,20
12.8128004074,80.1594009399,46023,46043,20
12.8382301331,80.1695022583,46507,46527,20
12.8656597137,80.1756973267,46858,46878,20
12.8896398544,80.1742782593,47151,47181,30
12.8896398544,80.1742782593,47181,47201,20
12.8946695328,80.1802978516,47332,47352,20
12.8977003098,80.1822433472,47393,47423,30
12.900850296,80.1836700439,47433,47463,30
12.9106302261,80.1914520264,47593,47615,22
12.9172897339,80.1910934448,47776,47796,20
12.9171104431,80.1930007935,47796,47816,20
12.917090416,80.193862915,47847,47877,30
12.9237604141,80.1973876953,47957,47978,21
12.9257497787,80.1975326538,47998,48028,30
12.9567899704,80.2137527466,48563,48583,20
12.9903697968,80.2202835083,49198,49219,21
13.0342197418,80.2300186157,52414,52434,20
13.0297899246,80.230796814,52545,52575,30
12.9875001907,80.2226104736,53655,53685,30
12.9059896469,80.1885986328,55430,55451,21
12.8646202087,80.1756362915,56147,56167,20
12.8366603851,80.1687393188,56540,56560,20
12.8262195587,80.1644210815,56792,56822,30
12.8167800903,80.1601867676,56923,56943,20
12.8105201721,80.1597518921,58277,58297,20
12.8510303497,80.1709289551,58963,58983,20
12.8518104553,80.1710891724,59003,59033,30
12.8564796448,80.1721801758,59114,59133,19
12.8657798767,80.1757583618,59306,59324,18
12.8876199722,80.1732025146,59632,59652,20
12.9760904312,80.2211685181,61518,61538,20
13.0286302567,80.2308883667,62598,62628,30
13.0292701721,80.2307434082,62628,62648,20
13.0292701721,80.2307434082,62648,62668,20
13.0349903107,80.2299118042,62820,62840,20
13.034330368,80.2296066284,62890,62920,30
13.0345697403,80.2297210693,62971,63001,30
13.0339803696,80.2300872803,63142,63162,20
13.0340204239,80.2301712036,63193,63223,30
13.026889801,80.2329406738,64151,64181,30
13.022769928,80.2272720337,64332,64353,21
13.0047197342,80.220199585,64797,64817,20
12.8593902588,80.1726608276,67902,67922,20
12.809969902,80.1596603394,68961,68981,20
13.0231304169,80.2284088135,73709,73730,21
13.0141801834,80.2262573242,74517,74547,30
13.0147695541,80.2259368896,84645,84666,21
12.9976997375,80.2561264038,20630,20660,30
12.9884300232,80.2558517456,21094,21114,20
12.9989099503,80.2560424805,21276,21296,20
13.0152397156,80.2248382568,21902,21922,20
13.0619001389,80.2627410889,22780,22800,20
13.097240448,80.2420730591,23881,23901,20
13.0985202789,80.2422790527,23942,23962,20
13.085729599,80.2466583252,25406,25426,20
13.0768299103,80.2603530884,25769,25789,20
13.0777997971,80.2621765137,25860,25890,30
13.0352897644,80.2460403442,26759,26779,20
13.0266704559,80.2332992554,27011,27031,20
13.001709938,80.2565994263,27839,27869,30
13.0015802383,80.2565612793,27878,27900,22
12.9970903397,80.2559280396,28001,28021,20
12.9865999222,80.2595672607,30454,30474,20
12.9875802994,80.2559432983,30686,30707,21
12.9888000488,80.2558822632,30737,30759,22
12.9966001511,80.255859375,30860,30880,20
12.9985904694,80.2560195923,30921,30941,20
13.0067596436,80.2403869629,31365,31395,30
13.0146102905,80.2241134644,31709,31729,20
13.0243396759,80.2284622192,32173,32194,21
13.0618801117,80.2628173828,32941,32960,19
13.0773096085,80.2609710693,33424,33446,22
13.0847396851,80.2501602173,33961,33982,21
13.0986299515,80.2422790527,34285,34305,20
13.0791397095,80.2564697266,36002,36022,20
13.0313396454,80.240562439,37178,37198,20
13.0082597733,80.2334899902,37672,37693,21
13.0066795349,80.2570571899,38027,38057,30
12.9974603653,80.255897522,38764,38785,21
12.9872398376,80.2594528198,39028,39048,20
12.9869499207,80.2595596313,39088,39108,20
12.9865598679,80.2592773438,40109,40129,20
12.9870700836,80.2591400146,40260,40290,30
12.9875202179,80.2567825317,40351,40371,20
12.9956903458,80.2558822632,40553,40573,20
13.0155296326,80.2249832153,41565,41587,22
13.019200325,80.2243423462,41645,41668,23
13.019659996,80.2245330811,41688,41709,21
13.0375003815,80.2464294434,42163,42183,20
13.0565795898,80.2566223145,42606,42626,20
13.0755195618,80.2585983276,43286,43316,30
13.0855998993,80.2466583252,45137,45158,21
13.0856399536,80.2515106201,45229,45248,19
13.0855503082,80.2519226074,45248,45268,20
13.0808801651,80.2548065186,45441,45461,20
13.0791301727,80.2547531128,45481,45502,21
13.0778198242,80.2621688843,45673,45703,30
13.0652399063,80.2676773071,46138,46158,20
13.0603303909,80.2655105591,46238,46260,22
13.0396203995,80.2470092773,46704,46734,30
13.0394201279,80.2468490601,46734,46764,30
13.0240001678,80.2282333374,47188,47208,20
13.0065498352,80.2568130493,47886,47906,20
12.998550415,80.2560577393,48078,48098,20
12.9885902405,80.2559280396,48279,48299,20
12.9872198105,80.2593994141,48380,48400,20
12.9871397018,80.2595825195,48400,48430,30
12.9869499207,80.2590637207,50435,50465,30
12.9882698059,80.2558288574,50627,50647,20
12.9884500504,80.2558822632,50647,50667,20
12.996509552,80.2558364868,50798,50818,20
12.9987201691,80.2559967041,50869,50899,30
13.0196304321,80.2244567871,51839,51859,20
13.0728702545,80.2619628906,53096,53116,20
13.0754404068,80.2583389282,53328,53358,30
13.0985298157,80.2422714233,54128,54148,20
13.0839004517,80.2545089722,56271,56291,20
13.079000473,80.2564163208,56422,56452,30
13.0714502335,80.2647094727,56866,56889,23
13.0472402573,80.2486572266,57555,57575,20
13.0352802277,80.2460174561,57799,57819,20
13.0068998337,80.2399597168,58538,58558,20
13.0068502426,80.2406692505,58569,58587,18
13.0068998337,80.2496032715,58690,58710,20
12.9987802505,80.2561035156,59083,59104,21
12.9872598648,80.2593994141,59346,59376,30
12.9866304398,80.2595214844,59417,59437,20
13.0066003799,80.2520523071,61468,61498,30
13.0356798172,80.2461013794,62462,62483,21
13.0772695541,80.2609405518,63413,63434,21
13.0985898972,80.2423171997,64262,64283,21
13.085650444,80.2546310425,65718,65738,20
13.0714597702,80.2647171021,66356,66377,21
13.060379982,80.2655487061,66708,66738,30
13.0585699081,80.265411377,66788,66809,21
13.0564899445,80.2574615479,66940,66960,20
13.0541200638,80.253578186,67021,67041,20
13.0468797684,80.2486572266,67202,67223,21
13.0142602921,80.22631073,68051,68071,20
13.0082302094,80.2336502075,68212,68232,20
12.9983100891,80.2560577393,69030,69050,20
12.987859726,80.2558288574,70817,70837,20
13.0112199783,80.2235412598,72089,72109,20
13.0192604065,80.224357605,72261,72281,20
13.0780000687,80.2635192871,73816,73846,30
13.0772895813,80.2611083984,73896,73917,21
13.0838804245,80.2546386719,75784,75805,21
13.0777797699,80.2624130249,76118,76148,30
13.0714101791,80.2647705078,76400,76421,21
13.0311698914,80.2403411865,77390,77410,20
13.0238800049,80.2281799316,77662,77683,21
12.9982595444,80.2559509277,78541,78561,20
12.99559021,80.255859375,79096,79125,29
13.0758304596,80.2757110596,11969,11989,20
13.0761699677,80.2757110596,13778,13798,20
13.0758895874,80.2754364014,14687,14717,30
13.0819702148,80.2753677368,24372,24402,30
13.0818901062,80.2760162354,24402,24422,20
13.0865602493,80.2837905884,24604,24629,25
13.0724201202,80.2751617432,25583,25604,21
13.0617799759,80.2659378052,25856,25886,30
13.05671978,80.2582321167,25980,26010,30
13.0412597656,80.2473373413,26223,26253,30
13.0351200104,80.2459793091,26331,26361,30
13.0310001373,80.2398529053,26454,26484,30
13.0280895233,80.2356262207,26542,26566,24
13.0169696808,80.2252731323,26831,26861,30
13.0008201599,80.2131881714,45734,45764,30
13.0072498322,80.2127914429,45851,45881,30
13.0195999146,80.2244567871,46275,46296,21
13.0202999115,80.2249908447,46296,46315,19
13.0259199142,80.2311935425,46430,46460,30
13.0558099747,80.2557067871,47117,47147,30
12.9252195358,80.1975479126,66297,66327,30
12.9192304611,80.1962585449,66404,66434,30
12.9169797897,80.1931686401,66521,66551,30
12.9173202515,80.1902999878,66609,66633,24
12.919670105,80.1816329956,66772,66793,21
12.9218196869,80.1645584106,67031,67060,29
12.923210144,80.1545410156,67206,67236,30
12.9223203659,80.1413803101,67552,67582,30
12.9223098755,80.1404800415,67582,67604,22
12.9236497879,80.1566772461,69193,69213,20
12.92029953,80.1839523315,69530,69560,30
12.9173898697,80.1906433105,69665,69695,30
12.91726017,80.1917877197,69695,69715,20
12.9279298782,80.1988296509,70030,70060,30
12.9309301376,80.2030410767,70153,70183,30
12.9319801331,80.2033691406,70183,70204,21
12.9418897629,80.2065811157,70377,70398,21
12.9540996552,80.2122573853,70533,70563,30
12.9637699127,80.2161178589,70670,70690,20
12.9224596024,80.1469726563,75064,75094,30
12.9227399826,80.1309204102,76095,76125,30
12.922539711,80.1465988159,76319,76349,30
12.9236097336,80.1567993164,76442,76472,30
12.9234104156,80.158996582,76472,76492,20
12.933549881,80.2038269043,77283,77313,30
12.9340896606,80.2039108276,77313,77334,21
12.9415302277,80.2062835693,77438,77467,29
12.9488801956,80.2101287842,77560,77590,30
12.9695796967,80.2183990479,77785,77815,30
12.9756402969,80.2202987671,77901,77931,30
12.9879398346,80.2183532715,78112,78136,24
13.0036802292,80.2119064331,78494,78524,30
13.0051002502,80.2125930786,78524,78550,26
13.0154304504,80.2249221802,78784,78814,30
13.0199098587,80.2246322632,78870,78892,22
13.0269498825,80.2336502075,79027,79056,29
13.0820503235,80.2785797119,80484,80504,20
13.0870895386,80.2836990356,80607,80637,30
13.0857896805,80.2808227539,80743,80773,30
13.0784397125,80.2753295898,80967,80997,30
13.0762195587,80.2748184204,83441,83470,29
12.9867601395,80.2589797974,19615,19645,30
12.9931297302,80.2559890747,19968,19984,16
12.9990596771,80.2560501099,20045,20068,23
13.0227203369,80.2720413208,20584,20600,16
13.0327396393,80.2774810791,20796,20816,20
13.0566196442,80.2817764282,21169,21186,17
13.067899704,80.2842102051,21329,21347,18
13.0883998871,80.2844390869,21713,21729,16
13.0883598328,80.2828063965,23225,23245,20
13.0259599686,80.2751998901,24426,24456,30
13.0013799667,80.2565536499,24961,24981,20
12.9987001419,80.256072998,25021,25042,21
12.9682502747,80.2486801147,25554,25571,17
12.8986597061,80.227897644,26431,26448,17
12.8480997086,80.2266616821,26934,26950,16
12.8240003586,80.2312393188,27225,27241,16
12.7861795425,80.2206573486,27718,27748,30
12.7863702774,80.2203598022,29302,29323,21
12.8056297302,80.2241287231,29656,29684,28
12.833820343,80.2287368774,30058,30074,16
12.8453998566,80.2265090942,30199,30219,20
12.8456401825,80.2265014648,30219,30239,20
12.8608503342,80.2264709473,30400,30421,21
12.8728199005,80.2265625,30532,30552,20
12.8739204407,80.2266235352,30572,30588,16
12.9030103683,80.2279510498,30954,30984,30
12.9038000107,80.2280426025,31004,31020,16
12.9139099121,80.2292404175,31143,31164,21
12.9488296509,80.2405319214,31739,31759,20
12.9587898254,80.2443618774,31931,31951,20
12.9968900681,80.2558822632,32688,32704,16
12.9992198944,80.2560806274,32726,32746,20
13.0333299637,80.2773971558,33444,33464,20
13.0886802673,80.2881011963,35663,35679,16
13.0339097977,80.2773971558,36388,36408,20
13.0072202682,80.2587814331,37064,37080,16
12.9882602692,80.2558898926,37415,37445,30
12.986289978,80.2555618286,37486,37506,20
12.9498195648,80.2410583496,38072,38089,17
12.7862796783,80.2203979492,40350,40370,20
12.7861700058,80.2214889526,40925,40946,21
12.8055896759,80.2241210938,41401,41431,30
12.8257703781,80.2313079834,41663,41679,16
12.8453998566,80.2265472412,41934,41954,20
12.8608102798,80.2264633179,42105,42125,20
12.8727998734,80.2265625,42236,42256,20
12.8922300339,80.2273101807,42519,42539,20
12.9023599625,80.2279815674,42729,42749,20
12.9139404297,80.2292633057,42880,42900,20
12.9140195847,80.2292098999,42900,42921,21
12.926030159,80.2308883667,43042,43058,16
12.9487695694,80.2404937744,43393,43413,20
12.9561004639,80.2432785034,43544,43562,18
12.9789304733,80.2525177002,43866,43882,16
12.9867801666,80.2589187622,55269,55289,20
12.9991903305,80.2560806274,55806,55836,30
13.0073699951,80.2369766235,56422,56452,30
13.0081596375,80.2133178711,56775,56805,30
13.007349968,80.209777832,56977,56997,20
13.0206203461,80.1844406128,57441,57461,20
13.0239095688,80.1782302856,57592,57608,16
13.0291595459,80.1688995361,57742,57762,20
13.0358104706,80.1538696289,58034,58055,21
13.0379104614,80.1354904175,58347,58368,21
13.0357704163,80.1541137695,59891,59912,21
13.0293998718,80.168762207,60204,60224,20
13.0214195251,80.1831588745,60467,60497,30
13.0208902359,80.1840133667,60527,60547,20
13.0205898285,80.1849594116,60568,60584,16
13.0085897446,80.1979980469,60848,60868,20
13.0079202652,80.2350692749,61575,61591,16
13.0069599152,80.2400436401,61643,61664,21
12.9985599518,80.256072998,62128,62148,20
12.987859726,80.2558135986,62360,62380,20
12.9874000549,80.258102417,64207,64227,20
13.0065898895,80.2481994629,65378,65398,20
13.0066003799,80.2470703125,65428,65449,21
13.0074396133,80.2366333008,65640,65656,16
13.0112695694,80.2233734131,65800,65820,20
13.0075101852,80.2098388672,66235,66265,30
13.0073204041,80.2014770508,66427,66447,20
13.0073900223,80.1996765137,66487,66503,16
13.0166797638,80.189163208,66768,66788,20
13.0205802917,80.1844177246,66899,66929,30
13.0237998962,80.1784286499,67071,67087,16
13.0289402008,80.1692886353,67211,67231,20
13.0290899277,80.1690063477,67251,67271,20
13.0365200043,80.1427536011,67867,67887,20
13.0365695953,80.142616272,67897,67917,20
13.0294103622,80.1686172485,69169,69185,16
13.0090703964,80.211479187,70112,70132,20
13.0081996918,80.2335205078,70529,70549,20
13.0068998337,80.240020752,70660,70690,30
13.0067396164,80.2499771118,70852,70868,16
12.9984102249,80.2560501099,71233,71253,20
12.9886398315,80.2559127808,71485,71506,21
12.9878196716,80.2557983398,71556,71576,20
12.9873600006,80.2585983276,71627,71643,16
12.9873199463,80.2587890625,72230,72250,20
12.9873399734,80.2585601807,72250,72271,21
12.9948301315,80.255859375,72796,72816,20
13.0009803772,80.2563934326,73048,73078,30
13.0065603256,80.2466812134,73553,73573,20
13.0113697052,80.2232894897,73926,73956,30
13.0082798004,80.2133636475,74128,74148,20
13.0072698593,80.2097625732,74381,74401,20
13.0282096863,80.1706390381,75128,75144,16
13.0290403366,80.1691131592,75144,75164,20
13.0378103256,80.1353302002,76095,76115,20
13.0349798203,80.1557693481,76509,76529,20
13.0085802078,80.2013015747,77427,77444,17
13.0106096268,80.2277069092,78011,78027,16
13.0066604614,80.2462310791,78332,78352,20
13.006819725,80.2496032715,78403,78423,20
13.0067901611,80.2512588501,78453,78483,30
13.0065898895,80.2548370361,78534,78554,20
12.9885797501,80.2559280396,78927,78948,21
12.9872303009,80.2594985962,79069,79089,20
12.986700058,80.2594528198,79099,79129,30
13.0368795395,80.1977233887,34979,34995,16
13.0388202667,80.1928710938,35089,35110,21
13.0410404205,80.1992721558,35291,35312,21
13.0442304611,80.2090682983,35513,35534,21
13.0354995728,80.2082901001,35695,35715,20
13.0354604721,80.2083892822,35725,35741,16
13.0350904465,80.2113800049,35774,35794,20
13.0349998474,80.2119903564,35814,35833,19
13.0421800613,80.2162780762,35996,36016,20
13.0533399582,80.2237625122,36379,36399,20
13.0541601181,80.2298736572,36530,36547,17
13.0533800125,80.2305374146,36569,36599,30
13.0528802872,80.2342834473,36851,36867,16
13.0525903702,80.2405471802,36979,37001,22
13.0538101196,80.2421569824,37041,37061,20
13.067609787,80.2464370728,37344,37360,16
13.0820302963,80.2751235962,37998,38028,30
13.0820798874,80.2754592896,38038,38058,20
13.0874996185,80.2836685181,38371,38391,20
13.0840301514,80.2792129517,39077,39093,16
13.0817699432,80.2771072388,39186,39207,21
13.0813102722,80.2729034424,39339,39359,20
13.0777797699,80.2636489868,39561,39581,20
13.0736398697,80.2616271973,39672,39692,20
13.0718002319,80.2594299316,39742,39762,20
13.0667896271,80.2543029785,39914,39934,20
13.063170433,80.2442398071,40226,40247,21
13.0624904633,80.243347168,40287,40303,16
13.0443096161,80.2275390625,40890,40906,16
13.0517196655,80.2202606201,41276,41294,18
13.0465202332,80.2188491821,41377,41397,20
13.0340995789,80.2121582031,41707,41728,21
13.0385799408,80.2084274292,41940,41960,20
13.038599968,80.1929016113,42464,42485,21
13.0354700089,80.2052612305,42774,42796,22
13.035779953,80.2053222656,63109,63129,20
13.0625200272,80.2115936279,63684,63700,16
13.0717401505,80.2025375366,63853,63874,21
13.0944700241,80.197883606,65407,65428,21
13.0895595551,80.2005386353,65660,65676,16
13.0680704117,80.2054901123,66353,66383,30
13.049659729,80.2122192383,67271,67291,20
13.0303001404,80.2091903687,67713,67733,20
13.0295801163,80.2090072632,67754,67772,18
13.0119104385,80.2127990723,68180,68196,16
13.0092096329,80.2114105225,68340,68370,30
13.0054597855,80.2205123901,68855,68871,16
12.9974403381,80.2165908813,68995,69015,20
12.9916801453,80.219543457,69146,69166,20
12.9910497665,80.219543457,69187,69217,30
12.9839897156,80.2180404663,69338,69358,20
12.9761600494,80.2216415405,69760,69790,30
12.9812297821,80.236541748,70103,70119,16
12.9813604355,80.2420196533,70232,70252,20
12.9877595901,80.2544708252,70686,70706,20
12.987569809,80.2563323975,70938,70958,20
12.9872198105,80.259262085,71019,71049,30
12.9872598648,80.2588195801,72644,72664,20
12.9876403809,80.2551422119,73077,73098,21
12.9798402786,80.2527618408,73320,73340,20
12.9763402939,80.2199707031,74068,74085,17
13.0055999756,80.2093887329,74702,74718,16
13.007109642,80.2098312378,74718,74741,23
13.0209703445,80.2062988281,75053,75069,16
13.0574998856,80.2114334106,75626,75647,21
13.057800293,80.2114181519,75657,75673,16
13.0348901749,80.212272644,77566,77586,20
13.034239769,80.2121505737,77606,77627,21
13.0295600891,80.2090072632,77768,77788,20
13.0125703812,80.2116622925,78192,78208,16
13.0115804672,80.2189788818,78452,78468,16
12.9910402298,80.2194519043,79064,79084,20
12.9757204056,80.2203216553,79368,79398,30
12.9761800766,80.2215805054,79439,79469,30
12.9813499451,80.2429504395,79853,79873,20
12.9808101654,80.2484893799,79943,79959,16
12.9800901413,80.252243042,79982,80001,19
12.9798898697,80.2526702881,80799,80819,20
12.9798603058,80.2522583008,80829,80850,21
12.9754495621,80.2208175659,81428,81444,16
12.9837999344,80.2177886963,81567,81587,20
12.9974298477,80.2161636353,81850,81870,20
13.0225696564,80.2063369751,82546,82562,16
13.0349903107,80.2112503052,82726,82747,21
13.0695199966,80.2053985596,83352,83372,20
13.0697498322,80.2048721313,83968,83988,20
12.8987197876,80.1805267334,1286,1307,21
12.8987197876,80.1803512573,1307,1327,20
12.8985700607,80.1802062988,1539,1559,20
12.8987598419,80.180557251,1630,1650,20
12.8986902237,80.1803207397,2125,2155,30
12.8986101151,80.1802520752,2387,2407,20
12.8986701965,80.1803970337,4015,4035,20
12.8985204697,80.1803894043,5753,5774,21
12.8985996246,80.1804199219,6218,6238,20
12.8985500336,80.1804122925,7874,7904,30
12.8988199234,80.1802978516,8288,8308,20
12.8985996246,80.1803283691,14276,14296,20
12.898440361,80.1802597046,16397,16427,30
12.8988399506,80.1803970337,21082,21112,30
12.8986797333,80.1804733276,21112,21132,20
12.8987703323,80.1804275513,21132,21152,20
12.8989601135,80.1803588867,21930,21960,30
12.8987598419,80.1804199219,25434,25464,30
12.898850441,80.1804428101,28414,28434,20
12.8986196518,80.1805419922,28646,28667,21
12.8985996246,80.1805801392,28667,28687,20
12.8986797333,80.1801376343,28808,28838,30
12.898900032,80.1804199219,29172,29192,20
12.8989496231,80.1804504395,29202,29232,30
12.8988800049,80.1803894043,29343,29363,20
12.8987903595,80.1804733276,29586,29606,20
12.8987798691,80.1806106567,29606,29636,30
12.8987102509,80.1804962158,29798,29818,20
12.8987703323,80.1804504395,30181,30201,20
12.8987598419,80.180557251,39341,39371,30
12.8988599777,80.1805419922,41138,41168,30
12.8986597061,80.1804275513,45421,45441,20
12.898900032,80.180557251,47965,47985,20
12.8986101151,80.1803207397,49844,49874,30
12.8987197876,80.1803436279,56883,56903,20
12.8987798691,80.1805419922,60331,60361,30
12.8987102509,80.1804580688,60361,60381,20
12.898730278,80.1805419922,61512,61542,30
12.8986597061,80.1803283691,71116,71146,30
12.8989696503,80.1804733276,72176,72196,20
12.8987798691,80.1804428101,77116,77146,30
12.8988103867,80.180480957,80421,80441,20
12.8989696503,80.1801986694,81683,81713,30
12.8985595703,80.1804275513,82733,82763,30
12.9945802689,80.2065811157,20798,20819,21
12.9558200836,80.1869430542,21738,21758,20
12.9394798279,80.1825866699,22001,22021,20
12.9300804138,80.181640625,24083,24099,16
12.9314498901,80.1815414429,24099,24120,21
12.9561796188,80.1869125366,24667,24687,20
12.9810600281,80.1953811646,25243,25263,20
12.9726295471,80.1915435791,28053,28073,20
12.9615802765,80.1873626709,28316,28332,16
12.9197797775,80.1824035645,29122,29138,16
12.9781398773,80.1938705444,31151,31172,21
12.9946899414,80.2002716064,31556,31576,20
12.9945001602,80.2066726685,33696,33726,30
12.995059967,80.2017822266,33868,33884,16
12.9722204208,80.1913299561,34826,34847,21
12.9654598236,80.1883773804,35029,35045,16
12.9352798462,80.1824111938,35653,35673,20
12.9199199677,80.182510376,35997,36017,20
12.9388198853,80.1823577881,37068,37098,30
12.9496202469,80.1853790283,37472,37488,16
12.9561595917,80.1869125366,37561,37581,20
12.9615001678,80.1873168945,37692,37712,20
12.9688997269,80.1898574829,37894,37914,20
12.9810495377,80.1953811646,38228,38258,30
12.9946203232,80.2002410889,38561,38591,30
12.9945802689,80.206703186,38763,38783,20
12.9943599701,80.2002563477,39511,39541,30
12.9816102982,80.1957397461,40248,40269,21
12.9775800705,80.1938400269,40350,40370,20
12.9759197235,80.1928863525,40430,40447,17
12.9682397842,80.1895599365,40640,40661,21
12.9660396576,80.1886367798,40711,40727,16
12.9558496475,80.1869812012,40931,40952,21
12.939450264,80.1825790405,41406,41427,21
12.9202899933,80.1837387085,43124,43154,30
12.9727802277,80.1915817261,44538,44559,21
12.9781799316,80.1938934326,44700,44730,30
12.9866399765,80.1973419189,44973,45003,30
12.9916801453,80.1986083984,45074,45104,30
12.9947004318,80.2065811157,45458,45478,20
12.9984998703,80.2074279785,45549,45569,20
13.0076398849,80.2128829956,45781,45811,30
13.0078401566,80.2130889893,45811,45832,21
13.0192403793,80.224319458,46104,46125,21
13.0237197876,80.2277679443,46226,46256,30
13.0083398819,80.2133865356,51137,51153,16
12.9977502823,80.2072372437,51429,51445,16
12.9807500839,80.1952209473,52489,52505,16
12.977519989,80.1937484741,52537,52558,21
12.9697799683,80.190246582,52719,52735,16
12.9558000565,80.1869125366,52980,53000,20
12.9466600418,80.1839904785,53212,53233,21
12.9394598007,80.1825485229,53334,53354,20
12.9196901321,80.1819534302,54576,54596,20
12.9560899734,80.1868515015,55980,56010,30
12.9615001678,80.1873016357,56111,56131,20
12.9726696014,80.1915206909,56394,56414,20
12.9946203232,80.206703186,57131,57152,21
12.995010376,80.2012329102,58940,58960,20
12.9817399979,80.1957931519,59657,59677,20
12.9817399979,80.1957931519,59677,59694,17
12.9680099487,80.1894607544,60031,60051,20
12.9649000168,80.1881866455,60122,60142,20
12.9608001709,80.1872177124,60223,60243,20
12.9588003159,80.1870269775,60294,60310,16
12.939450264,80.1825790405,60687,60707,20
12.9351997375,80.1824188232,60798,60818,20
12.9311199188,80.1815872192,60889,60909,20
12.919960022,80.1828918457,61162,61178,16
12.9198503494,80.1824188232,61190,61210,20
12.920249939,80.1834411621,61907,61928,21
12.9203300476,80.1837005615,61938,61958,20
12.93887043,80.1823577881,62271,62301,30
12.9460697174,80.1834564209,62433,62449,16
12.96833992,80.1896209717,62855,62883,28
12.9727602005,80.1915893555,62963,62984,21
12.9794797897,80.1945037842,63137,63157,20
12.9802999496,80.19506073,63339,63369,30
12.9950895309,80.2020568848,63945,63966,21
12.994600296,80.2067565918,64127,64147,20
12.9948501587,80.206817627,64178,64198,20
12.9946403503,80.2067489624,64208,64228,20
12.9950504303,80.2031021118,64370,64390,20
12.9907999039,80.1984710693,64764,64784,20
12.968000412,80.189453125,65390,65411,21
12.9583597183,80.1870117188,65643,65659,16
12.9558095932,80.186920166,65691,65721,30
12.939450264,80.1825637817,66026,66056,30
12.9374303818,80.1822433472,66107,66123,16
12.9309997559,80.1815719604,66206,66226,20
12.9198303223,80.1824035645,66458,66479,21
12.9202299118,80.1834869385,66806,66836,30
12.9487895966,80.1851119995,67513,67533,20
12.9674301147,80.189201355,67978,67994,16
12.9682798386,80.1895828247,67994,68015,21
12.9698400497,80.1903076172,68077,68107,30
12.9722700119,80.1913604736,68219,68249,30
12.9813699722,80.1955566406,68532,68548,16
12.9949703217,80.2027816772,68945,68975,30
12.994600296,80.2059326172,69036,69052,16
12.9945497513,80.2062835693,69064,69084,20
12.9944200516,80.20677948,69145,69165,20
12.9815196991,80.195640564,69764,69784,20
12.9745397568,80.1922225952,70087,70117,30
12.9714002609,80.1909637451,70653,70683,30
12.9682502747,80.1895217896,70804,70825,21
12.9665899277,80.1888198853,70936,70966,30
12.9661397934,80.1886901855,70986,71016,30
12.9558801651,80.186920166,71290,71311,21
12.9484596252,80.1850814819,71442,71462,20
12.9395799637,80.1825790405,71644,71674,30
12.9353103638,80.1823730469,71745,71775,30
12.9203100204,80.1837997437,72382,72412,30
12.93887043,80.1823272705,72735,72756,21
12.9561100006,80.186882019,73109,73129,20
12.9621400833,80.1874008179,73251,73271,20
12.9736003876,80.1918411255,73554,73570,16
12.9781999588,80.193862915,73653,73673,20
12.9945602417,80.2066726685,74401,74417,16
13.0988397598,80.2417221069,11713,11733,20
13.1035203934,80.2032012939,12521,12537,16
13.0885801315,80.1985015869,12806,12829,23
13.0668802261,80.1751098633,14693,14723,30
13.0741901398,80.1929702759,14966,14982,16
13.0672998428,80.2144393921,15569,15586,17
13.0835399628,80.2339019775,16002,16018,16
13.0741195679,80.2287826538,18120,18136,16
13.0626497269,80.2153167725,18443,18460,17
13.076379776,80.2338180542,18956,18972,16
13.1023197174,80.2525405884,19540,19560,20
13.0973596573,80.2423171997,19742,19758,16
13.0986099243,80.2422485352,19790,19820,30
13.0993995667,80.2238006592,22093,22109,16
13.0888500214,80.2309112549,22929,22949,20
13.0760402679,80.2349090576,23232,23248,16
13.0702896118,80.2420806885,23412,23433,21
13.0472698212,80.2336883545,24069,24085,16
13.0278596878,80.2322769165,24410,24426,16
13.0220804214,80.2263793945,24582,24600,18
13.0015802383,80.2565612793,25243,25263,20
13.0013399124,80.2565536499,25273,25290,17
13.0002603531,80.2663269043,26603,26624,21
12.9957304001,80.2675094604,26725,26755,30
12.9957399368,80.2670822144,26775,26791,16
12.9962100983,80.2625274658,26844,26864,20
12.9976596832,80.2557983398,27036,27052,16
13.0157203674,80.2251434326,27811,27831,20
13.0342998505,80.2373428345,28346,28367,21
13.0541200638,80.2422714233,28700,28720,20
13.0656003952,80.243560791,28902,28922,20
13.0673503876,80.242980957,28962,28978,16
13.0699796677,80.2421035767,29001,29022,21
13.0764102936,80.2373962402,29183,29204,21
13.0825595856,80.2313079834,29446,29462,16
13.0888900757,80.2305679321,29627,29647,20
13.1003704071,80.2145462036,30051,30081,30
13.0912399292,80.2276306152,32595,32616,21
13.0888500214,80.2309265137,32706,32727,21
13.0824098587,80.2335968018,32868,32888,20
13.0795698166,80.2335205078,32949,32969,20
13.0765199661,80.2372894287,33100,33120,20
13.0693397522,80.2434082031,33464,33494,30
13.0665903091,80.2433013916,33555,33571,16
13.0677900314,80.2465133667,33601,33623,22
13.0529499054,80.241897583,34068,34088,20
13.0335302353,80.23046875,34593,34613,20
13.0297403336,80.230796814,34683,34704,21
13.0082902908,80.2334899902,35148,35167,19
13.0069198608,80.2509689331,35471,35491,20
13.006529808,80.2531661987,36259,36289,30
13.0065097809,80.2525634766,36299,36319,20
13.0067195892,80.2481613159,36390,36410,20
13.006649971,80.246673584,36440,36460,20
13.007349968,80.2369766235,36602,36632,30
13.0154399872,80.2249908447,36874,36895,21
13.020819664,80.2253036499,36965,36981,16
13.0217599869,80.2259902954,36981,37004,23
13.0349597931,80.2307281494,37367,37397,30
13.0447301865,80.2404098511,37669,37690,21
13.0539903641,80.2421875,37882,37902,20
13.0625801086,80.243309021,38064,38080,16
13.0767498016,80.2336578369,38546,38567,21
13.080280304,80.2334899902,38627,38647,20
13.0818996429,80.2334823608,38678,38694,16
13.1005001068,80.2146072388,39403,39433,30
13.0986700058,80.2141036987,41291,41311,20
13.0911998749,80.2276229858,41545,41565,20
13.0823602676,80.2337265015,41808,41828,20
13.0794401169,80.2335891724,41868,41888,20
13.0765104294,80.237159729,42009,42030,21
13.0692796707,80.2433624268,42444,42474,30
13.06772995,80.2464981079,42595,42615,20
13.0569801331,80.2428436279,42908,42928,20
13.0536804199,80.2422866821,42989,43009,20
13.0529899597,80.2419128418,43029,43049,20
13.0452404022,80.2327423096,43362,43383,21
13.0368003845,80.2308273315,43514,43544,30
13.0346603394,80.2304229736,43706,43736,30
13.0336503983,80.2304763794,43766,43796,30
13.0297203064,80.2308807373,43857,43887,30
13.0240898132,80.2284622192,44140,44170,30
13.0151395798,80.2259597778,44392,44412,20
13.0082101822,80.2335281372,44574,44594,20
13.0068702698,80.2398834229,44665,44695,30
13.0068302155,80.249458313,44827,44847,20
13.0067796707,80.2512283325,44878,44898,20
12.9980401993,80.2560424805,45284,45304,20
12.9968299866,80.256942749,45344,45364,20
12.9982299805,80.2673416138,45637,45653,16
13.0003204346,80.266418457,46342,46362,20
12.9957199097,80.2673797607,46463,46483,20
12.9961500168,80.2626571655,46554,46574,20
12.998749733,80.2559585571,46786,46806,20
13.0057001114,80.2573318481,46927,46943,16
13.0065803528,80.2465209961,47281,47301,20
13.0215597153,80.2258377075,47856,47876,20
13.0335903168,80.2304229736,48199,48220,21
13.034040451,80.2304000854,48240,48260,20
13.0344104767,80.2303009033,48270,48300,30
13.0341501236,80.2368774414,48442,48462,20
13.0402498245,80.2398834229,48644,48660,16
13.0463695526,80.2395324707,48763,48783,20
13.0510396957,80.2405014038,48884,48904,20
13.0763902664,80.2373962402,49490,49510,20
13.0802402496,80.2334823608,49692,49722,30
13.0960702896,80.220123291,50186,50202,16
13.1001701355,80.2144622803,50326,50346,20
13.1005001068,80.2145767212,50356,50376,20
13.0888299942,80.2308807373,51396,51416,20
13.0823497772,80.2336578369,51568,51588,20
13.0601301193,80.242729187,52476,52492,16
13.0516004562,80.2406997681,52706,52723,17
13.0470399857,80.2356567383,52868,52891,23
13.045249939,80.2327194214,52944,52964,20
13.0239696503,80.2282180786,53531,53551,20
13.0226402283,80.2268295288,53592,53608,16
13.0126695633,80.2269287109,53792,53808,16
13.0082397461,80.2335891724,53880,53901,21
13.0066900253,80.2452087402,54062,54078,16
13.0071401596,80.2586364746,56291,56308,17
13.0066204071,80.248046875,56592,56613,21
13.0073795319,80.2368011475,56835,56855,20
13.0152997971,80.2248001099,57117,57138,21
13.0220298767,80.2261886597,57269,57289,20
13.0515403748,80.2405776978,58268,58284,16
13.0661697388,80.2434387207,58551,58567,16
13.0765399933,80.237953186,58781,58798,17
13.0888395309,80.2305221558,59284,59304,20
13.1002397537,80.2145309448,59660,59690,30
13.0912303925,80.2276229858,61083,61104,21
13.0767498016,80.2385025024,61558,61574,16
13.0692796707,80.243270874,61909,61930,21
13.0634202957,80.2437820435,62232,62250,18
13.0537204742,80.2422485352,62404,62423,19
13.0473098755,80.2333831787,62727,62747,20
13.0276699066,80.2314987183,63234,63250,16
13.0161399841,80.2255706787,63626,63642,16
13.0143203735,80.2262802124,63673,63694,21
13.0068597794,80.2407684326,63947,63967,20
13.006819725,80.2509384155,64159,64179,20
13.0003204346,80.2663879395,65623,65653,30
12.9956502914,80.2675933838,65795,65815,20
12.9967498779,80.2570037842,66067,66088,21
12.998749733,80.2559509277,66249,66269,20
12.9989900589,80.2560119629,66279,66300,21
13.0036001205,80.2568817139,66411,66427,16
13.0064001083,80.2573776245,66469,66489,20
13.006649971,80.248878479,66722,66738,16
13.0113697052,80.2231369019,67234,67255,21
13.0152797699,80.2248382568,67367,67387,20
13.0168304443,80.2251434326,67427,67444,17
13.0196895599,80.2245407104,67466,67496,30
13.0219497681,80.2261581421,67536,67557,21
13.0445804596,80.2404174805,68405,68435,30
13.0698299408,80.2420120239,69052,69072,20
13.0756502151,80.2339401245,69315,69345,30
13.0839700699,80.23387146,69608,69628,20
13.0905504227,80.2280502319,69820,69836,16
13.0971603394,80.2167129517,70050,70073,23
13.0786104202,80.2334976196,71925,71941,16
13.0639696121,80.2476577759,72711,72727,16
13.0451803207,80.2326278687,73467,73487,20
13.0411996841,80.2321014404,73548,73564,16
13.0334796906,80.2304534912,73748,73768,20
13.0277099609,80.2319107056,73899,73915,16
13.0239696503,80.2282562256,74027,74048,21
13.0082302094,80.2335586548,74392,74412,20
12.9968299866,80.2568969727,75177,75198,21
12.9961395264,80.2676696777,75410,75430,20
13.0000696182,80.2666168213,75500,75529,29
12.9957103729,80.2674865723,76680,76700,20
12.9963798523,80.2609024048,76831,76848,17
12.9968299866,80.2564697266,76910,76930,20
12.9988203049,80.2559814453,76991,77011,20
13.0065898895,80.2479171753,77425,77445,20
13.0113201141,80.2232971191,77859,77880,21
13.0343103409,80.2303237915,78354,78374,20
13.0347299576,80.2302627563,78395,78415,20
13.0817899704,80.2335205078,79737,79754,17
13.0888500214,80.2304763794,80008,80028,20
13.0941400528,80.2243423462,80190,80206,16
13.1002702713,80.2144927979,80410,80440,30
13.1003599167,80.2145385742,80440,80460,20
13.0987300873,80.2420425415,81107,81127,20
12.9866695404,80.2587280273,12562,12581,19
12.9798898697,80.2526168823,18355,18372,17
12.9813604355,80.2429580688,18485,18515,30
12.9974498749,80.2161712646,19293,19313,20
13.0078802109,80.2130737305,19485,19505,20
13.0155296326,80.2250213623,19698,19719,21
13.0197200775,80.2245101929,19790,19811,21
13.0346899033,80.2303390503,20073,20093,20
13.0278501511,80.2323379517,22771,22790,19
12.9872503281,80.2183837891,24008,24028,20
12.9774703979,80.2212600708,25099,25120,21
12.975859642,80.2211837769,25160,25176,16
12.9938602448,80.2101135254,25613,25643,30
13.0129404068,80.2218704224,26118,26134,16
13.0142803192,80.2262878418,28442,28458,16
13.0082902908,80.2133789063,28662,28682,20
13.0081996918,80.2133407593,28682,28703,21
12.997179985,80.2104721069,28996,29016,20
12.9770698547,80.2227630615,30531,30552,21
12.9851703644,80.2178115845,30794,30810,16
12.9916000366,80.2126617432,30984,31014,30
13.007900238,80.2130737305,31540,31570,30
13.0197896957,80.2245330811,31924,31954,30
13.0346097946,80.2303009033,32348,32368,20
13.0269603729,80.232963562,33076,33096,20
13.0237798691,80.2279891968,33207,33223,16
13.0078697205,80.2131195068,33762,33782,20
12.9986896515,80.2074203491,33954,33974,20
12.9983501434,80.2081298828,34004,34024,20
12.9935598373,80.2105178833,34236,34257,21
12.9915704727,80.2126464844,34338,34358,20
12.9755897522,80.220916748,36065,36086,21
12.9882202148,80.2161178589,36358,36375,17
13.0040302277,80.2119827271,36932,36952,20
13.0196695328,80.2244796753,37296,37315,19
13.0243396759,80.2284622192,37458,37488,30
13.0284700394,80.2308425903,37569,37589,20
13.029589653,80.230758667,37629,37646,17
13.0339899063,80.230430603,37699,37719,20
13.0349702835,80.2300491333,37739,37762,23
13.0350799561,80.2298812866,37772,37792,20
13.0341596603,80.2303466797,38024,38045,21
13.0269498825,80.232963562,38237,38267,30
13.0144796371,80.2262268066,38580,38610,30
13.0113897324,80.22315979,38722,38742,20
13.0094499588,80.2147293091,38853,38883,30
13.0078897476,80.213180542,39045,39065,20
12.9982204437,80.2083587646,39338,39354,16
12.9973297119,80.2104568481,39407,39426,19
12.9914999008,80.2126998901,39639,39659,20
12.9892501831,80.2146987915,39720,39740,20
12.9874401093,80.2181472778,39801,39831,30
12.9753799438,80.2207183838,41357,41377,20
12.9814596176,80.2180023193,41488,41504,16
12.9915895462,80.2126464844,41700,41720,20
12.9938402176,80.2101287842,41852,41872,20
12.9985704422,80.2074127197,42054,42084,30
13.0077600479,80.2129516602,42286,42306,20
13.0104904175,80.2159805298,42367,42383,16
13.0154399872,80.2248535156,42515,42537,22
13.0290603638,80.2308197021,42830,42860,30
13.031999588,80.2305984497,42931,42947,16
13.0342302322,80.2302017212,43656,43676,20
13.0297899246,80.2308731079,43777,43797,20
13.0277500153,80.2315826416,43848,43864,16
13.027179718,80.2329788208,43876,43906,30
13.0198497772,80.2248001099,44109,44129,20
13.0148296356,80.2260971069,44240,44260,20
13.0144701004,80.2262573242,44280,44300,20
13.0090303421,80.2141418457,44553,44569,16
13.0079097748,80.2131881714,44602,44622,20
12.9974803925,80.2162094116,44834,44854,20
12.9762401581,80.2216796875,45289,45309,20
12.9815797806,80.230430603,45450,45470,20
12.9815502167,80.2335968018,45541,45557,16
12.9813404083,80.2427978516,45711,45731,20
12.9872503281,80.2585601807,46377,46407,30
12.9868202209,80.2587127686,46589,46619,30
12.9799098969,80.2523498535,50874,50895,21
12.9813203812,80.2429275513,51036,51056,20
12.9813404083,80.24269104,51066,51083,17
12.9755802155,80.2209320068,51540,51560,20
12.9761104584,80.2200622559,51601,51617,16
12.9972200394,80.2104797363,52144,52164,20
13.0077600479,80.2129364014,52569,52589,20
13.0155496597,80.2249832153,52791,52811,20
13.0219898224,80.2261962891,52902,52932,30
13.0291099548,80.2308425903,53104,53124,20
13.0231800079,80.2275466919,54377,54407,30
13.0143899918,80.2261962891,54599,54620,21
13.0080900192,80.2132568359,54983,55003,20
12.9755802155,80.2209701538,56459,56479,20
12.9865198135,80.2180404663,56712,56728,16
12.9969997406,80.2104187012,57053,57074,21
12.9985704422,80.2073822021,57205,57225,20
13.0078401566,80.2130432129,57417,57447,30
13.028169632,80.2308807373,57922,57942,20
13.0340795517,80.2304000854,58134,58155,21
13.029800415,80.2308807373,58688,58708,20
13.0229902267,80.2273864746,58880,58910,30
13.0227804184,80.2272109985,58920,58937,17
13.0113697052,80.2233276367,59201,59221,20
13.0081195831,80.2133026123,59353,59383,30
12.9936304092,80.2102813721,59820,59840,20
12.9908800125,80.2143325806,59981,59998,17
12.989159584,80.2148284912,60010,60030,20
12.986989975,80.2183380127,60101,60121,20
12.9873399734,80.2182006836,61000,61020,20
12.9937801361,80.2101364136,61293,61313,20
12.9941902161,80.2101593018,61323,61343,20
12.9970197678,80.2104568481,61404,61424,20
12.9974403381,80.2101364136,61444,61460,16
12.9987001419,80.2074813843,61513,61543,30
13.0078401566,80.2130584717,61786,61816,30
13.0218400955,80.2260131836,62109,62129,20
13.0231704712,80.2275009155,63564,63584,20
13.023059845,80.2274398804,63584,63605,21
13.0228700638,80.2272720337,63615,63631,16
13.0037002563,80.2117385864,64178,64199,21
13.0034704208,80.2093963623,64239,64259,20
12.9995803833,80.2076263428,64330,64346,16
12.9936199188,80.2102432251,64672,64692,20
12.9927902222,80.2130279541,64742,64762,20
12.9916400909,80.2126998901,64783,64803,20
12.9755601883,80.2206115723,65187,65207,20
12.975979805,80.2212677002,66136,66156,20
12.9757499695,80.2211074829,66166,66196,30
12.9928503036,80.2129821777,66682,66703,21
12.9937896729,80.2101135254,66764,66794,30
12.9985198975,80.2074127197,67017,67047,30
13.0076704025,80.212890625,67340,67360,20
13.0152397156,80.2248306274,67643,67663,20
13.024310112,80.2284622192,67865,67895,30
13.0304298401,80.2306976318,68088,68118,30
13.0333204269,80.2304611206,68169,68189,20
13.029709816,80.2307815552,68722,68742,20
13.0276603699,80.2317199707,68793,68809,16
13.0230398178,80.2274017334,68993,69013,20
13.0078201294,80.2131195068,69626,69647,21
12.9984397888,80.2073822021,69913,69934,21
12.9983196259,80.2075195313,69934,69954,20
12.9972000122,80.2104187012,70045,70065,20
12.9937295914,80.2100601196,70176,70196,20
12.9840202332,80.2179718018,70560,70580,20
12.9837598801,80.2177886963,71691,71711,20
12.9873199463,80.218170166,71762,71782,20
12.9929599762,80.212562561,71994,72010,16
12.998550415,80.207359314,72275,72305,30
13.0037202835,80.2115097046,72467,72483,16
13.022480011,80.2266311646,72920,72936,16
13.0340595245,80.2304763794,73453,73473,20
13.0297403336,80.2308120728,73574,73594,20
13.0242700577,80.2286376953,73766,73786,20
13.0144996643,80.2261734009,74009,74039,30
13.0112304688,80.2234573364,74150,74170,20
13.0120401382,80.2213668823,74201,74217,16
12.997130394,80.2104415894,74665,74685,20
12.9901103973,80.214881897,74917,74933,16
12.9762897491,80.2216567993,75327,75348,21
12.9764003754,80.2219161987,75358,75378,20
12.9785804749,80.225402832,75439,75459,20
12.9805297852,80.2505569458,75833,75849,16
12.9801197052,80.252243042,75849,75871,22
12.9873800278,80.2514266968,76003,76027,24
12.9874000549,80.2589492798,76170,76190,20
12.9965000153,80.1913833618,19397,19427,30
12.9960603714,80.1892929077,20003,20023,20
13.0123195648,80.2210083008,20517,20534,17
13.0244197845,80.2284698486,20697,20727,30
13.0230798721,80.2274169922,20788,20808,20
13.0042800903,80.2012329102,21577,21597,20
12.9680404663,80.1894378662,22374,22394,20
12.9677600861,80.1893310547,22404,22421,17
12.9557800293,80.1869125366,22614,22635,21
12.9395198822,80.1825790405,22877,22897,20
12.9351301193,80.1823577881,22978,22994,16
12.9224004745,80.1432723999,23625,23655,30
12.9234304428,80.1169815063,23988,24009,21
12.9236402512,80.1168670654,24019,24039,20
12.9225702286,80.1434783936,25089,25109,20
12.9235801697,80.1579208374,25321,25337,16
12.9222898483,80.1832809448,25682,25699,17
12.9388504028,80.1823120117,25862,25892,30
12.9592504501,80.1870422363,26216,26232,16
12.9831895828,80.1962509155,26708,26728,20
13.0155601501,80.2249603271,27526,27547,21
13.0244102478,80.2284927368,27689,27710,21
13.0269804001,80.2311325073,27770,27787,17
13.0343599319,80.2304000854,27889,27912,23
13.0198402405,80.2248001099,29962,29978,16
13.0076904297,80.2132034302,30314,30334,20
13.0080699921,80.2133026123,30344,30364,20
13.0028600693,80.2007827759,30707,30723,16
12.9821596146,80.1969833374,31048,31068,20
12.9816999435,80.1957778931,31129,31145,16
12.9776697159,80.193862915,31217,31239,22
12.9681396484,80.1895217896,31431,31451,20
12.966219902,80.1887435913,31481,31502,21
12.9395198822,80.1826019287,31987,32007,20
12.9311704636,80.1815795898,32118,32139,21
12.9199495316,80.182762146,32350,32371,21
12.922659874,80.1520080566,32785,32815,30
12.9236602783,80.116859436,33330,33350,20
12.9236497879,80.1170120239,33360,33376,16
12.9233198166,80.1202011108,33419,33439,20
12.9232797623,80.1212081909,33458,33478,20
12.9225196838,80.1433792114,34913,34933,20
12.9198198318,80.1713409424,35316,35333,17
12.9388599396,80.1823272705,35719,35749,30
12.9683504105,80.1895294189,36325,36345,20
12.9727602005,80.1915206909,36456,36486,30
12.9748001099,80.1922912598,36537,36553,16
12.981010437,80.1953582764,36686,36706,20
12.991060257,80.1945877075,36858,36874,16
13.0037403107,80.2007827759,37210,37230,20
13.0149002075,80.224319458,37736,37766,30
13.0156602859,80.2250595093,37837,37857,20
13.034119606,80.2304077148,39544,39564,20
13.014169693,80.226348877,40038,40054,16
13.0081100464,80.2059631348,40574,40591,17
13.0043001175,80.2012176514,40643,40673,30
12.9821100235,80.1969833374,41088,41118,30
12.9695796967,80.1902084351,41543,41563,20
12.9557504654,80.1869812012,41846,41876,30
12.9359903336,80.1823272705,42280,42296,16
12.9202003479,80.1696014404,42742,42759,17
12.9225797653,80.1498413086,43034,43050,16
12.92304039,80.125617981,44213,44233,20
12.9225301743,80.1436767578,44526,44546,20
12.956029892,80.1868896484,45689,45709,20
12.9682798386,80.1895980835,45961,45981,20
12.9809904099,80.1953582764,46264,46284,20
12.991109848,80.1944885254,46436,46456,20
13.0035495758,80.2007598877,46769,46799,30
13.011059761,80.2174987793,47102,47118,16
13.0205202103,80.2251434326,47372,47389,17
13.0243196487,80.2283706665,47429,47451,22
13.0223999023,80.2266998291,47512,47535,23
13.0199899673,80.224937439,47535,47557,22
13.0151996613,80.2258911133,47627,47651,24
13.0142498016,80.225402832,47711,47735,24
13.0142698288,80.225402832,49466,49496,30
13.0130195618,80.2223129272,49748,49765,17
13.0151395798,80.2247314453,49787,49806,19
13.0242004395,80.2281799316,49999,50019,20
13.0040798187,80.2011566162,51166,51187,21
13.0040798187,80.2011566162,51187,51203,16
12.9911298752,80.1947402954,51428,51448,20
12.9850702286,80.1961669922,51529,51545,16
12.9820995331,80.1969833374,51598,51618,20
12.981760025,80.1957931519,51670,51700,30
12.9680204391,80.189453125,51983,52003,20
12.9532203674,80.1865615845,52336,52353,17
12.9231901169,80.1204910278,53969,53990,21
12.9233999252,80.116859436,54040,54070,30
12.922539711,80.1436233521,54787,54815,28
12.9446001053,80.1829376221,55633,55653,20
12.9486999512,80.1850814819,55703,55724,21
12.9560604095,80.1868515015,55826,55846,20
12.9653701782,80.1883468628,55987,56007,20
12.9682598114,80.1895370483,56058,56078,20
12.9698200226,80.190322876,56118,56134,16
12.9780502319,80.1938476563,56268,56288,20
12.9797000885,80.1946716309,56318,56336,18
12.9810695648,80.1954421997,56336,56358,22
12.9911003113,80.1946182251,56501,56521,20
13.0090799332,80.2107391357,57025,57045,20
13.0153503418,80.2247924805,57237,57257,20
13.0195198059,80.2244567871,57307,57327,20
13.0338802338,80.2304611206,57580,57600,20
13.0341100693,80.2303771973,57600,57630,30
13.0344896317,80.2304000854,57650,57671,21
13.0348901749,80.2303009033,57691,57711,20
13.0298900604,80.230796814,59235,59255,20
13.0268697739,80.2329483032,59346,59376,30
13.0198497772,80.224822998,59609,59629,20
13.0120697021,80.2214508057,59881,59897,16
13.0084400177,80.2134780884,59980,60010,30
13.0019302368,80.2000808716,60444,60461,17
12.9816503525,80.1957626343,60856,60876,20
12.9775600433,80.1938171387,60947,60977,30
12.9721603394,80.1913299561,61078,61098,20
12.9662103653,80.1887283325,61220,61240,20
12.9394598007,80.1825790405,61732,61753,21
12.9234399796,80.1829910278,61965,61981,16
12.9205799103,80.1839599609,61993,62013,20
12.9226303101,80.162109375,62275,62292,17
12.9230804443,80.1606216431,62292,62314,22
12.9225702286,80.1492385864,62455,62473,18
12.9224300385,80.1434783936,62515,62536,21
12.9236097336,80.1169509888,63537,63557,20
12.922539711,80.1434783936,64315,64335,20
12.9225997925,80.1460571289,64375,64391,16
12.9214696884,80.1659927368,64625,64642,17
12.9202203751,80.1834564209,64805,64825,20
12.9382095337,80.182258606,65108,65128,20
12.9387798309,80.1823883057,65197,65227,30
12.9446201324,80.1829986572,65318,65338,20
12.9647397995,80.1881332397,65742,65762,20
12.9705600739,80.190612793,65984,66014,30
12.9725198746,80.1914596558,66045,66065,20
12.9809999466,80.1953964233,66287,66307,20
12.9813804626,80.1956100464,66317,66337,20
12.9911003113,80.1945800781,66479,66499,20
12.9958896637,80.1897964478,66632,66662,30
13.0036401749,80.2007827759,66885,66905,20
13.0093603134,80.2110824585,67147,67177,30
13.0184803009,80.2245178223,67490,67507,17
13.0338001251,80.2304611206,67900,67930,30
13.0340003967,80.2304534912,67940,67961,21
13.0300502777,80.2307662964,69322,69343,21
13.027130127,80.2328796387,69454,69484,30
13.0246801376,80.2291870117,69565,69595,30
13.0229797363,80.2273483276,69656,69684,28
13.0145101547,80.2261199951,69855,69876,21
13.0117998123,80.2202529907,70057,70074,17
13.0082597733,80.2133636475,70207,70227,20
13.0080604553,80.2132568359,70237,70257,20
13.0067796707,80.2096633911,70429,70459,30
13.0041999817,80.201171875,70621,70641,20
12.9911003113,80.1947097778,70893,70913,20
12.9816198349,80.1957015991,71156,71176,20
12.9740200043,80.1920089722,71630,71660,30
12.9738397598,80.191947937,71660,71681,21
12.9736003876,80.1918716431,71681,71711,30
12.9720697403,80.1912536621,71812,71832,20
12.9691801071,80.189956665,71933,71953,20
12.9680204391,80.1894226074,71983,72004,21
12.9654598236,80.1884078979,72064,72080,16
12.9557199478,80.1868972778,72304,72325,21
12.9445199966,80.1829986572,72506,72527,21
12.939450264,80.1825408936,72597,72627,30
12.935839653,80.1822967529,72688,72704,16
12.9198999405,80.1826171875,72928,72948,20
12.9223899841,80.1437225342,73514,73544,30
12.9228601456,80.1269683838,73847,73863,16
12.9231100082,80.1209716797,73916,73935,19
12.9233598709,80.1173934937,74028,74058,30
12.9235897064,80.1168365479,74169,74189,20
12.922659874,80.1473617554,75501,75522,21
12.9203195572,80.1837768555,75936,75956,20
12.9388399124,80.1823577881,76188,76218,30
12.9560203552,80.1868896484,76582,76602,20
12.9688196182,80.1898193359,76935,76965,30
12.9689798355,80.1898803711,76965,76985,20
12.9810304642,80.1954727173,77238,77258,20
13.0196399689,80.2244186401,78311,78331,20
13.0018396378,80.198059082,79139,79169,30
12.9966497421,80.1927108765,79300,79316,16
12.9949903488,80.2351379395,22260,22276,16
13.0057201385,80.2423324585,22450,22470,20
12.988360405,80.2233505249,22895,22915,20
12.9918298721,80.233757019,26444,26465,21
12.9911603928,80.2326126099,26495,26511,16
12.988360405,80.2233581543,26665,26695,30
12.9883499146,80.2233581543,28140,28160,20
12.9960403442,80.2359695435,28404,28420,16
12.991809845,80.2337417603,29948,29968,20
12.9864997864,80.2353134155,31513,31534,21
12.9962797165,80.2363510132,33372,33392,20
12.9918603897,80.2337188721,33483,33503,20
12.988240242,80.2236862183,33715,33745,30
12.9939203262,80.2344512939,36474,36494,20
13.0026502609,80.2400970459,36827,36843,16
12.9918003082,80.233757019,37017,37037,20
12.9883403778,80.2233428955,37238,37259,21
12.9864797592,80.2351608276,37471,37492,21
12.9920396805,80.2336883545,39199,39229,30
12.9933595657,80.23412323,40906,40922,16
12.9864902496,80.2353363037,42333,42353,20
12.9883403778,80.2233886719,42585,42605,20
12.9987297058,80.2391891479,42910,42930,20
12.988360405,80.2233963013,44920,44950,30
12.9864597321,80.2353286743,45870,45890,20
12.9863796234,80.2351837158,45890,45910,20
12.9883098602,80.2233734131,46133,46152,19
12.9917402267,80.2336807251,46305,46324,19
13.0059204102,80.2419204712,46597,46618,21
12.9917402267,80.233757019,47850,47870,20
12.9883098602,80.2233428955,48062,48082,20
12.9864397049,80.2351531982,48295,48315,20
12.9884395599,80.2233963013,51699,51729,30
12.989979744,80.2276916504,52235,52255,20
12.9883203506,80.2233581543,52336,52366,30
13.0059204102,80.2423324585,52780,52800,20
12.9989595413,80.2392501831,54002,54018,16
12.9883203506,80.2233734131,54363,54384,21
12.9861097336,80.2338027954,54587,54603,16
12.9864797592,80.2352600098,56140,56156,16
12.9883499146,80.2233734131,56340,56370,30
12.9917402267,80.2336196899,56572,56592,20
12.9987001419,80.239151001,56744,56764,20
13.0054798126,80.2420578003,61172,61192,20
12.9939899445,80.2345504761,61424,61444,20
12.9900197983,80.2262878418,61636,61652,16
12.9883298874,80.2233886719,61695,61725,30
12.9864702225,80.2352905273,63159,63179,20
12.9866304398,80.2332992554,63210,63230,20
12.9962797165,80.2364120483,64877,64897,20
12.9940395355,80.2345809937,64938,64954,16
12.9918298721,80.2337493896,64986,65006,20
12.9883298874,80.2233276367,65198,65218,20
12.9864501953,80.2352828979,66775,66805,30
12.9917602539,80.2336578369,67281,67297,16
12.9986600876,80.2391586304,67431,67451,20
12.99903965,80.2392578125,68543,68563,20
12.996219635,80.2363204956,68624,68644,20
12.9939098358,80.2344970703,68684,68704,20
12.9901304245,80.2273864746,68917,68937,20
12.9882698059,80.2232894897,69018,69037,19
12.9864196777,80.2351379395,69280,69300,20
12.9882802963,80.2232818604,70551,70581,30
12.9917297363,80.233581543,70783,70813,30
12.9986200333,80.2391204834,70965,70985,20
12.9991703033,80.2392807007,72205,72225,20
12.9917497635,80.2337036133,72397,72427,30
12.9883203506,80.2233200073,74206,74227,21
12.9917802811,80.2336425781,74409,74439,30
13.0059099197,80.2423171997,74712,74742,30
12.9918498993,80.2337265015,75821,75841,20
12.9883403778,80.2233505249,76043,76065,22
12.9864797592,80.2333374023,76277,76293,16
12.9991502762,80.2393035889,79306,79326,20
12.9917402267,80.2337493896,79467,79488,21
12.9884195328,80.2234420776,79650,79670,20
12.9883003235,80.2236785889,79680,79697,17
13.0263395309,80.2649688721,4987,5007,20
13.0291795731,80.2484893799,23055,23072,17
13.0218801498,80.2424087524,23175,23195,20
13.0208101273,80.2420196533,23215,23238,23
13.0187997818,80.2414093018,23238,23259,21
13.0084400177,80.2134475708,23745,23765,20
12.9554700851,80.1427993774,24906,24922,16
12.9317598343,80.1229934692,25227,25247,20
12.9303798676,80.1184005737,25318,25334,16
12.9287004471,80.1196212769,26306,26327,21
12.9372997284,80.1276931763,26609,26629,20
12.9366798401,80.1273727417,26670,26690,20
12.9436798096,80.1342391968,26811,26827,16
12.9674100876,80.1491088867,27103,27123,20
12.9689798355,80.1497879028,27164,27184,20
12.9815797806,80.1666030884,27436,27452,16
13.0039997101,80.200881958,27869,27889,20
13.0069704056,80.240020752,28513,28535,22
13.0159101486,80.2405700684,28625,28642,17
13.0185699463,80.2412185669,28654,28674,20
13.0289697647,80.2496795654,28896,28916,20
13.0271596909,80.256362915,29037,29057,20
13.0292901993,80.2660980225,29229,29259,30
13.0341796875,80.2679519653,29340,29360,20
13.0456800461,80.280090332,29886,29902,16
13.0865802765,80.2838821411,30555,30575,20
13.0879201889,80.2838821411,31837,31867,30
13.0434303284,80.2739028931,32664,32681,17
13.0445098877,80.2684402466,32713,32733,20
13.034330368,80.2679977417,32877,32907,30
13.0270700455,80.2600326538,33179,33195,16
13.027130127,80.2541503906,33320,33350,30
13.0188798904,80.2414093018,33703,33723,20
13.0134601593,80.2404174805,33794,33810,16
13.0096998215,80.2149734497,34206,34222,16
13.0074501038,80.2057495117,34578,34595,17
12.9970903397,80.1905288696,34778,34794,16
12.9798898697,80.1631622314,35040,35060,20
12.9693202972,80.1501464844,35221,35238,17
12.9516201019,80.1404724121,35503,35523,20
12.9368400574,80.1277999878,35715,35735,20
12.9300699234,80.1212463379,35867,35897,30
12.9282503128,80.118598938,36028,36058,30
12.9367599487,80.1275863647,37290,37320,30
12.950510025,80.1393814087,37492,37512,20
12.9514799118,80.140083313,37542,37562,20
13.0151700974,80.2258377075,39178,39208,30
13.0082397461,80.2336502075,39339,39359,20
13.0186395645,80.2412490845,39622,39642,20
13.023349762,80.2427597046,39692,39713,21
13.0288496017,80.2497024536,39884,39914,30
13.0271501541,80.2544403076,39985,40005,20
13.0292901993,80.2660598755,40258,40278,20
13.0340595245,80.267906189,40379,40399,20
13.041680336,80.2681121826,40752,40772,20
13.0433397293,80.2754516602,41005,41022,17
13.0433702469,80.2777786255,41034,41054,20
13.0639896393,80.2833175659,41276,41306,30
13.0870599747,80.283706665,42720,42750,30
13.087100029,80.2839431763,42750,42780,30
13.062379837,80.2831192017,43466,43487,21
13.0435199738,80.2798233032,43699,43715,16
13.0264101028,80.2652587891,44363,44379,16
13.026550293,80.263961792,44379,44399,20
13.0270595551,80.2569122314,44524,44548,24
13.0279302597,80.2456207275,44855,44871,16
13.0187797546,80.2413635254,44974,44996,22
13.014749527,80.2404785156,45066,45082,16
13.0082702637,80.2133789063,45468,45487,19
12.9695796967,80.1502685547,46437,46453,16
12.9528503418,80.141418457,46687,46707,20
12.928440094,80.1175613403,47222,47239,17
12.9314899445,80.1226196289,47930,47950,20
12.9673595428,80.1490325928,48505,48525,20
12.9734296799,80.1531066895,48596,48616,20
13.0081996918,80.2337036133,49678,49698,20
13.0271501541,80.2544021606,50221,50237,16
13.0292596817,80.2640380859,50441,50457,16
13.0069904327,80.2387466431,52872,52888,16
13.0151195526,80.2247009277,53153,53170,17
13.0175895691,80.224899292,53197,53212,15
13.0216598511,80.2258911133,53262,53283,21
13.0216598511,80.2258911133,53283,53306,23
13.0343599319,80.230430603,53550,53570,20
13.034239769,80.2298583984,54024,54045,21
13.0204696655,80.2251815796,54546,54567,21
13.0069198608,80.240020752,54901,54931,30
13.006770134,80.2575073242,55173,55189,16
13.0326404572,80.2676010132,55686,55716,30
13.0263700485,80.2659912109,56090,56110,20
13.016119957,80.2596893311,56352,56372,20
13.0065202713,80.2532119751,56635,56655,20
13.0066404343,80.2478408813,56837,56867,30
13.011300087,80.2233886719,57250,57271,21
13.01541996,80.224899292,57392,57422,30
13.0284404755,80.2308120728,57664,57684,20
13.0293197632,80.230796814,57705,57725,20
13.0344200134,80.2298126221,57948,57978,30
13.0330095291,80.2305908203,58321,58337,16
13.0239601135,80.2282562256,58733,58753,20
13.0208902359,80.2254714966,58824,58840,16
13.014380455,80.2262496948,58923,58943,20
13.0068902969,80.2495727539,59357,59377,20
13.0066299438,80.2548675537,59498,59514,16
13.0164403915,80.2596969604,59679,59699,20
13.034529686,80.2679672241,60184,60204,20
13.025270462,80.2653427124,62283,62303,20
13.0161504745,80.2597198486,62536,62556,20
13.0098695755,80.259262085,62667,62687,20
13.0064897537,80.2532501221,62951,62972,21
13.0155696869,80.2250518799,63749,63769,20
13.0242004395,80.2282485962,63971,63987,16
13.0259799957,80.23097229,64050,64070,20
13.0335798264,80.2304916382,64232,64262,30
13.0341796875,80.2303771973,65281,65302,21
13.03083992,80.2307128906,65413,65443,30
13.0082397461,80.2334594727,66311,66331,20
13.0068397522,80.2496032715,66614,66634,20
13.0066404343,80.2568817139,66765,66785,20
13.0077400208,80.2586517334,66826,66845,19
13.0164203644,80.2596817017,66947,66967,20
13.0201797485,80.2626037598,67048,67078,30
13.022939682,80.2637176514,67139,67159,20
13.0264596939,80.263961792,67250,67270,20
13.0292301178,80.2659683228,67401,67421,20
13.0291595459,80.2662811279,67421,67450,29
13.0336303711,80.2678833008,67631,67652,21
13.0297803879,80.2666091919,68419,68439,20
13.0252399445,80.2652893066,68602,68622,20
13.0221300125,80.2633972168,68702,68723,21
13.0160598755,80.2596588135,68844,68864,20
13.0065097809,80.2438278198,69601,69631,30
13.0079402924,80.2339096069,69813,69829,16
13.0155096054,80.2249603271,70063,70083,20
13.0179300308,80.2247161865,70124,70140,16
13.028459549,80.230796814,70435,70455,20
13.0310201645,80.2306594849,71505,71521,16
13.0240001678,80.2283096313,71745,71765,20
13.0141296387,80.2262802124,71947,71963,16
13.006819725,80.2494812012,72318,72339,21
13.0163898468,80.2596206665,72630,72651,21
13.0264797211,80.2639923096,72913,72943,30
13.0345201492,80.2679367065,73256,73276,20
13.0221004486,80.2633972168,74359,74375,16
13.0161104202,80.2596817017,74478,74498,20
13.0065498352,80.2465209961,74972,74992,20
13.0242795944,80.2283172607,75618,75639,21
13.0242795944,80.2283172607,75639,75655,16
13.0340595245,80.2303619385,75895,75915,20
13.0239896774,80.2283782959,77359,77380,21
13.0143003464,80.226272583,77562,77582,20
13.0067901611,80.251411438,78006,78026,20
13.0259304047,80.2657470703,78490,78511,21
13.0509195328,80.2061080933,19998,20028,30
13.0493297577,80.2068710327,20210,20230,20
13.0656404495,80.210647583,20534,20550,16
13.0685195923,80.2049026489,21317,21337,20
13.0498304367,80.2121887207,21754,21773,19
13.0332403183,80.2119216919,22007,22023,16
13.0212001801,80.2063903809,22208,22228,20
13.0193500519,80.2063980103,22228,22248,20
13.0144395828,80.2046432495,22331,22351,20
13.0095396042,80.2111434937,22564,22585,21
13.0112895966,80.2181015015,22696,22712,16
13.0149803162,80.2247314453,22805,22825,20
13.000289917,80.2176818848,23097,23113,16
12.9762802124,80.2216491699,23522,23548,26
12.9816198349,80.2334594727,23712,23732,20
12.9813604355,80.2428207397,23863,23883,20
12.9871196747,80.2596588135,24337,24358,21
12.9814796448,80.2302703857,25750,25766,16
12.9884395599,80.21849823,26222,26239,17
13.013010025,80.203956604,26796,26812,16
13.0696897507,80.205078125,27612,27642,30
13.0680198669,80.2053375244,28319,28339,20
13.0344200134,80.2121124268,29156,29172,16
13.0096702576,80.2112197876,29709,29739,30
12.9763002396,80.2216796875,30716,30736,20
12.981300354,80.237953186,30948,30964,16
12.987739563,80.2552032471,31361,31381,20
12.9872703552,80.2594833374,31442,31472,30
12.9871902466,80.2595825195,31472,31492,20
12.987859726,80.2519378662,33832,33853,21
12.9812898636,80.2379226685,34247,34267,20
12.9805402756,80.2183380127,34802,34818,16
12.9973897934,80.2162094116,35022,35042,20
13.0073003769,80.2098083496,35284,35314,30
13.0485601425,80.2120437622,36263,36293,30
13.0543203354,80.2114562988,36364,36384,20
13.0636901855,80.211479187,36525,36541,16
13.0497903824,80.2121887207,38328,38349,21
13.0496196747,80.2121505737,38349,38370,21
13.0303697586,80.2092132568,38744,38764,20
13.0189800262,80.2062606812,38956,38972,16
13.0100297928,80.2114868164,39226,39247,21
13.0093698502,80.2110519409,39287,39317,30
13.0088996887,80.2219314575,39751,39767,16
12.9802103043,80.218460083,40194,40214,20
12.9763002396,80.2216262817,40325,40355,30
12.9800796509,80.2522277832,40850,40870,20
12.9868497849,80.2595977783,41274,41294,20
12.9868497849,80.2595977783,41294,41310,16
12.9799404144,80.252281189,42867,42887,20
12.9813699722,80.2426986694,43008,43028,20
12.987660408,80.2182998657,43856,43872,16
12.9972600937,80.216217041,44015,44035,20
13.0073204041,80.2097930908,44287,44308,21
13.0149097443,80.2045516968,44530,44550,20
13.0182800293,80.2058181763,44610,44626,16
13.0326404572,80.2096481323,44862,44879,17
13.0484600067,80.2120895386,45211,45234,23
13.0682201385,80.2073974609,45526,45542,16
13.0651702881,80.2111968994,46907,46927,20
13.0497503281,80.2121582031,47209,47229,20
13.0375299454,80.2122268677,47492,47522,30
13.0342302322,80.2121429443,47572,47593,21
13.0263900757,80.2075271606,47774,47790,16
13.0191202164,80.2063369751,47842,47862,20
13.0150003433,80.2258605957,48418,48438,20
12.9840097427,80.2179718018,49025,49045,20
12.9872903824,80.2591094971,52960,52990,30
12.9873695374,80.2586669922,53000,53021,21
12.9799098969,80.2526779175,53333,53354,21
12.9799003601,80.2522735596,53384,53400,16
12.9819803238,80.2317581177,53725,53745,20
12.9758300781,80.2211303711,53997,54026,29
12.9756002426,80.2209091187,54036,54066,30
13.0072898865,80.2098007202,54702,54722,20
13.0304498672,80.2090988159,55186,55202,16
13.0349197388,80.2109222412,55266,55285,19
13.0692996979,80.204750061,57626,57646,20
13.0650701523,80.2114028931,57766,57787,21
13.0498104095,80.2121276855,57999,58019,20
13.0318403244,80.2096405029,58463,58479,16
13.0191297531,80.2063293457,58642,58663,21
13.0125102997,80.226890564,59349,59365,16
12.9973497391,80.2165374756,59650,59671,21
12.976559639,80.2222671509,60145,60161,16
12.9800901413,80.252243042,60597,60617,20
12.9877595901,80.2541122437,61646,61662,16
12.9799098969,80.2523574829,61872,61891,19
12.9813604355,80.2428131104,62024,62044,20
12.9758195877,80.2212371826,62478,62498,20
12.9841995239,80.217880249,62689,62706,17
12.9873800278,80.21824646,62728,62748,20
13.0071201324,80.2098236084,63194,63224,30
13.0136995316,80.204246521,63487,63503,16
13.0298404694,80.2088775635,63767,63787,20
13.0315198898,80.209312439,63818,63838,20
13.0349998474,80.2105331421,63908,63924,16
13.0485801697,80.2120132446,64270,64290,20
13.0542898178,80.2114334106,64401,64421,20
13.0629901886,80.2115478516,64562,64582,20
13.069560051,80.2052612305,64734,64750,16
13.0193901062,80.2063598633,67848,67868,20
13.0125398636,80.2217102051,68425,68441,16
12.9977197647,80.2165222168,68907,68927,20
12.9761600494,80.221572876,69523,69553,30
12.9819898605,80.2317581177,69745,69761,16
12.9877004623,80.2548217773,70388,70409,21
12.9877500534,80.2533569336,71244,71274,30
12.9813098907,80.2427902222,71567,71587,20
12.9815998077,80.2332763672,71769,71789,20
12.9756603241,80.2210388184,72102,72122,20
12.9754600525,80.2208328247,72162,72182,20
12.9752902985,80.2205581665,72233,72253,20
12.9802904129,80.2182998657,72354,72370,16
12.9837503433,80.2177963257,72423,72453,30
12.9872999191,80.218170166,72503,72524,21
12.9974403381,80.2161102295,72715,72735,20
13.0072698593,80.209777832,72998,73028,30
13.0139198303,80.2042922974,73260,73277,17
13.0350103378,80.2111434937,73632,73653,21
13.0436897278,80.2121963501,73784,73814,30
13.0493803024,80.2118530273,73935,73955,20
13.0501804352,80.2118835449,73976,73992,16
13.0696001053,80.2051010132,74256,74276,20
13.0509595871,80.2122116089,76002,76018,16
13.0470199585,80.2121887207,76333,76353,20
13.0495004654,80.2067565918,76585,76601,16
13.0509195328,80.2070617676,76785,76805,20
12.9232902527,80.1597595215,285,315,30
12.9224596024,80.1448898315,466,482,16
12.9255399704,80.1164779663,878,894,16
12.931520462,80.122467041,1925,1945,20
12.9274902344,80.1187286377,2046,2066,20
12.923330307,80.1205291748,2268,2288,20
12.9228096008,80.1312484741,2420,2436,16
12.9231595993,80.1607818604,2821,2837,16
12.9152202606,80.2294387817,3829,3849,20
12.9350004196,80.2333297729,4011,4031,20
12.9634799957,80.2465286255,4394,4410,16
12.9977703094,80.2560577393,4826,4846,20
13.015540123,80.2250900269,23093,23109,16
13.0193004608,80.2242584229,23152,23182,30
13.0240802765,80.2281494141,23283,23303,20
13.0489902496,80.2108001709,24839,24855,16
13.0498304367,80.2117233276,26654,26684,30
13.0498304367,80.2117233276,26684,26700,16
13.0495700836,80.2121963501,26721,26743,22
13.0387201309,80.1928634644,27380,27410,30
13.0364303589,80.2017593384,27602,27622,20
13.0354995728,80.2082901001,27732,27753,21
13.0301303864,80.2093276978,27925,27945,20
13.0289402008,80.2241821289,28308,28328,20
13.0292196274,80.2308807373,28570,28586,16
13.0269203186,80.2329788208,28638,28659,21
13.0239496231,80.2282180786,28730,28750,20
13.0152797699,80.2259216309,28891,28907,16
13.006939888,80.2401123047,29131,29152,21
13.0069198608,80.240272522,29152,29182,30
13.0068702698,80.2505874634,29323,29339,16
12.9969301224,80.2565765381,29704,29720,16
13.0002002716,80.2664718628,29915,29936,21
12.9957103729,80.2676696777,32146,32166,20
13.0065698624,80.2466201782,32779,32800,21
13.0303401947,80.2282867432,33659,33679,20
13.0286397934,80.223991394,33790,33810,20
13.0312004089,80.2232437134,33881,33897,16
13.0301399231,80.2091827393,34212,34233,21
13.0315799713,80.2093734741,34263,34283,20
13.0355997086,80.2063369751,34394,34410,16
13.0403299332,80.205039978,34978,34994,16
13.0413398743,80.2051696777,34994,35017,23
13.0443201065,80.212059021,35148,35178,30
13.0489902496,80.2072372437,35380,35400,20
13.0489902496,80.2072372437,35400,35416,16
13.0443897247,80.2123794556,36861,36881,20
13.0410499573,80.2051391602,37032,37048,16
13.0397701263,80.1932373047,37303,37331,28
13.0372400284,80.1959762573,37452,37472,20
13.0363702774,80.2016677856,37573,37593,20
13.0325803757,80.2118606567,37785,37804,19
13.0300798416,80.2094573975,37886,37906,20
13.0303401947,80.2147369385,38037,38057,20
13.0322303772,80.2203292847,38189,38209,20
13.0303897858,80.2280731201,38511,38528,17
13.0142803192,80.226272583,39095,39115,20
13.0082302094,80.2336425781,39226,39246,20
13.0068397522,80.2495574951,39569,39589,20
13.0024795532,80.256729126,39880,39909,29
13.0001802444,80.2664108276,40584,40600,16
12.9956598282,80.2673568726,42106,42136,30
13.0074300766,80.2368087769,43155,43175,20
13.0177698135,80.224822998,43730,43751,21
13.0192604065,80.2242965698,43781,43811,30
13.0287399292,80.227180481,44194,44215,21
13.0305204391,80.2167205811,44527,44548,21
13.0305404663,80.2135391235,44628,44644,16
13.0301198959,80.2092285156,44737,44767,30
13.0316095352,80.2093734741,44798,44818,20
13.0354995728,80.2056808472,44961,44981,20
13.0363302231,80.2014465332,45053,45073,20
13.0423297882,80.2053222656,45598,45614,16
13.0443000793,80.2121734619,45727,45750,23
13.0468196869,80.2121810913,45762,45792,30
13.0469703674,80.2122116089,45792,45813,21
13.0489597321,80.2074966431,45975,46005,30
13.049200058,80.2073974609,46407,46427,20
13.0497398376,80.2115097046,46518,46548,30
13.0441303253,80.2104034424,46730,46746,16
13.0408096313,80.2051391602,46839,46859,20
13.0391197205,80.1971206665,47040,47056,16
13.0387897491,80.1929016113,47139,47160,21
13.0372200012,80.195930481,47220,47250,30
13.0362901688,80.2016830444,47402,47422,20
13.0353403091,80.2085418701,47553,47573,20
13.0321397781,80.220161438,48108,48128,20
13.0261497498,80.232093811,48645,48666,21
13.026140213,80.2318878174,48666,48696,30
13.0239496231,80.2282562256,48777,48797,20
13.0144796371,80.2262191772,48958,48978,20
13.0067996979,80.2406311035,49231,49251,20
13.0068101883,80.249420166,49362,49378,16
13.0065698624,80.2548370361,49491,49521,30
13.0000696182,80.256362915,49733,49753,20
12.9970998764,80.2559204102,49804,49820,16
13.0001001358,80.2665863037,50104,50124,20
12.9956502914,80.2673492432,50841,50861,20
12.9976997375,80.2558822632,51133,51149,16
12.9987897873,80.2560272217,51149,51173,24
13.0065097809,80.2532806396,51374,51391,17
13.0065498352,80.2522735596,51411,51433,22
13.0066299438,80.2480392456,51534,51551,17
13.0073900223,80.236869812,51724,51745,21
13.0153198242,80.224861145,52007,52037,30
13.0171403885,80.2250518799,52078,52094,16
13.0192804337,80.2243118286,52106,52125,19
13.0293397903,80.2308273315,52340,52366,26
13.0301704407,80.2092132568,53004,53034,30
13.0361404419,80.2029418945,53276,53292,16
13.0425300598,80.2054214478,53738,53754,16
13.0495996475,80.2121887207,55783,55802,19
13.0387201309,80.1929092407,56338,56358,20
13.0353803635,80.2085037231,56671,56690,19
13.0303602219,80.2147064209,57064,57085,21
13.0297899246,80.2308197021,57569,57599,30
13.0270395279,80.2330322266,57690,57710,20
13.0239601135,80.2282562256,57821,57841,20
13.0082397461,80.2337036133,58174,58194,20
13.0067396164,80.2468338013,58457,58477,20
12.9965896606,80.2596282959,59040,59070,30
13.0002698898,80.2665710449,60228,60248,20
12.9956703186,80.2673797607,60329,60349,20
13.0059299469,80.2573394775,60813,60834,21
13.0065002441,80.2531585693,60914,60933,19
13.006529808,80.2522125244,60955,60975,20
13.0066404343,80.2479171753,61035,61055,20
13.0191898346,80.2242965698,61579,61609,30
13.0284996033,80.2308883667,61821,61840,19
13.0303897858,80.2166137695,62376,62396,20
13.030579567,80.213218689,62477,62493,16
13.0315799713,80.2093582153,62616,62637,21
13.0352497101,80.2088165283,62707,62727,20
13.0367202759,80.1984100342,62919,62939,20
13.0443096161,80.2121582031,63514,63534,20
13.0489997864,80.2074279785,63776,63800,24
13.0443601608,80.212387085,65568,65589,21
13.0386695862,80.1928482056,66012,66033,21
13.0352697372,80.2089920044,66365,66382,17
13.01679039,80.2252426147,67665,67681,16
13.008190155,80.2335510254,67855,67875,20
13.007060051,80.2391662598,67945,67962,17
12.9971103668,80.2558822632,68609,68625,16
13.0000095367,80.2666015625,69061,69082,21
12.9962701797,80.2677001953,70325,70355,30
12.9967803955,80.2563095093,70809,70839,30
12.998749733,80.2559661865,70890,70918,28
13.0073604584,80.2367019653,71624,71644,20
13.0290002823,80.2241363525,72522,72538,16
13.0305204391,80.2133407593,72864,72880,16
13.0352401733,80.2086486816,73125,73145,20
13.0490703583,80.2067718506,74175,74195,20
13.0498399734,80.2116317749,76405,76431,26
13.0496101379,80.2121887207,76463,76483,20
13.0445899963,80.2124481201,76615,76632,17
13.0412597656,80.2051773071,76766,76786,20
13.0393199921,80.1968307495,76990,77010,20
13.0393600464,80.1930236816,77101,77117,16
13.0310497284,80.2094497681,77676,77692,16
13.0303201675,80.2163925171,77916,77938,22
13.028459549,80.2270812988,78264,78284,20
13.0276699066,80.2318496704,78496,78512,16
13.0142803192,80.2262573242,78878,78898,20
13.0068702698,80.2400131226,79130,79160,30
13.0065898895,80.2571792603,79423,79443,20
12.9980201721,80.2559890747,79584,79604,20
12.9980201721,80.2559890747,79604,79620,16
12.9996700287,80.2562789917,80117,80137,20
13.0992097855,80.231338501,18481,18497,16
13.0888204575,80.2309265137,19076,19106,30
13.0795297623,80.2334899902,19299,19319,20
13.0764799118,80.2372665405,19450,19467,17
13.031129837,80.230682373,20559,20575,16
13.0159797668,80.2256774902,20869,20890,21
12.9960403442,80.2677001953,21637,21667,30
12.9956703186,80.2674484253,23061,23091,30
12.9965896606,80.2595214844,23222,23238,16
12.9987297058,80.2559890747,23341,23371,30
13.028459549,80.2309112549,24271,24291,20
13.0465602875,80.2396087646,24695,24715,20
13.0492296219,80.240196228,24755,24772,17
13.0758495331,80.2339935303,25309,25329,20
13.0803203583,80.2335281372,25400,25420,20
13.1003799438,80.2145767212,26005,26025,20
13.0973396301,80.2167434692,27449,27469,20
13.0888004303,80.2309570313,27731,27752,21
13.0882101059,80.2328872681,27782,27798,16
13.069319725,80.2432785034,28437,28458,21
13.0335197449,80.2304077148,29398,29418,20
13.0068798065,80.2493667603,30197,30217,20
13.0067796707,80.2514419556,30247,30267,20
13.002120018,80.2566375732,30449,30479,30
12.9956903458,80.2674179077,32138,32158,20
12.996219635,80.2625274658,32239,32259,20
12.9965000153,80.260269165,32299,32315,16
12.9989004135,80.2560119629,32509,32530,21
13.0066099167,80.2466812134,32923,32943,20
13.007399559,80.2369766235,33095,33115,20
13.0218801498,80.2261123657,33510,33530,20
13.024140358,80.2283172607,33590,33606,16
13.0539398193,80.2422332764,34527,34547,20
13.0765600204,80.2370681763,35072,35092,20
13.0781097412,80.2335586548,35214,35230,16
13.0932197571,80.2254104614,35646,35666,20
13.0912303925,80.2275695801,37725,37745,20
13.0887804031,80.2309265137,37816,37846,30
13.0837402344,80.2339019775,38209,38230,21
13.0794801712,80.2334823608,38320,38341,21
13.0764598846,80.2372589111,38482,38502,20
13.0693302155,80.2433624268,38876,38896,20
13.0676403046,80.2428207397,38946,38962,16
13.0678300858,80.24659729,39016,39036,20
13.0634403229,80.2476196289,39107,39128,21
13.0570001602,80.2427825928,39322,39342,20
13.045419693,80.2326583862,39705,39725,20
13.0444602966,80.2324829102,39746,39762,16
13.0354995728,80.2303771973,39875,39894,19
13.0334796906,80.2304992676,39935,39956,21
13.0296897888,80.2308120728,40036,40057,21
13.0239400864,80.2282409668,40248,40269,21
13.0149002075,80.2260131836,40440,40456,16
13.0068902969,80.2401275635,40670,40690,20
13.0066204071,80.2570571899,41357,41387,30
13.007399559,80.2592163086,41468,41484,16
13.0067195892,80.2403488159,41920,41940,20
13.0125999451,80.2219924927,42192,42208,16
13.01541996,80.2248916626,42271,42291,20
13.0227003098,80.226852417,42454,42470,16
13.0341501236,80.2304382324,42785,42805,20
13.0653400421,80.2435379028,43622,43639,17
13.0700397491,80.2421035767,43700,43720,20
13.0764198303,80.2374420166,43883,43903,20
13.0830898285,80.2308425903,44176,44192,16
13.0963802338,80.2192382813,44518,44538,20
13.0972003937,80.2169876099,44568,44588,20
13.0912103653,80.2275466919,47507,47527,20
13.0910196304,80.2277984619,47537,47554,17
13.0887804031,80.2309188843,47596,47613,17
13.0860795975,80.2344207764,47697,47720,23
13.0795602798,80.2334594727,47844,47864,20
13.0764102936,80.2371902466,47986,48006,20
13.0692901611,80.243270874,48389,48409,20
13.0514602661,80.2406234741,48968,48988,20
13.0471200943,80.2351837158,49180,49196,16
13.036740303,80.2307128906,49400,49421,21
13.0334100723,80.2303695679,49602,49623,21
13.0307998657,80.2306594849,49663,49683,20
13.0239696503,80.2282485962,49915,49935,20
13.0148296356,80.2260513306,50087,50107,20
13.0142202377,80.2262878418,50137,50157,20
13.0138998032,80.2264022827,50168,50184,16
13.008190155,80.2336578369,50277,50297,20
13.0068397522,80.2495574951,50539,50559,20
13.0068101883,80.2512588501,50590,50610,20
13.0001802444,80.2563400269,50923,50939,16
12.9997997284,80.2562637329,50951,50971,20
12.9961700439,80.2677001953,51254,51274,20
13.0,80.2667617798,51334,51351,17
12.9961996078,80.2626571655,52403,52423,20
12.9987697601,80.2560577393,52615,52645,30
13.0065898895,80.2464981079,53130,53150,20
13.0065603256,80.2417221069,53241,53261,20
13.01541996,80.224899292,53574,53604,30
13.02202034,80.2261810303,53736,53756,20
13.028380394,80.2309112549,53917,53937,20
13.0292396545,80.2308197021,53958,53978,20
13.0315599442,80.2306594849,54048,54064,16
13.0333204269,80.2305221558,54064,54087,23
13.0445203781,80.2403793335,54642,54672,30
13.0565395355,80.2426071167,54963,54993,30
13.0569095612,80.2426605225,55003,55022,19
13.0963697433,80.2192993164,56054,56082,28
13.096830368,80.2179870605,56112,56132,20
13.0984401703,80.2140426636,56203,56223,20
13.1001901627,80.2145004272,56264,56284,20
13.0911998749,80.2276306152,58172,58192,20
13.0823898315,80.2336273193,58444,58464,20
13.074760437,80.2522125244,58888,58904,16
13.0614204407,80.2431182861,59362,59379,17
13.0537099838,80.2422027588,59503,59523,20
13.0450801849,80.2326126099,59817,59847,30
13.0334596634,80.23046875,60089,60109,20
13.0232400894,80.2274475098,60473,60489,16
13.0144901276,80.2261962891,60592,60612,20
13.0068597794,80.2496032715,61026,61046,20
13.0065603256,80.2576370239,62841,62861,20
13.007399559,80.2369003296,63345,63362,17
13.0155601501,80.2250976563,63636,63656,20
13.0220003128,80.2262191772,63778,63798,20
13.0228004456,80.2269821167,63828,63844,16
13.0246400833,80.2289276123,63864,63886,22
13.0344200134,80.2304000854,64220,64250,30
13.0402402878,80.2399978638,64561,64581,20
13.0438995361,80.2410202026,64662,64678,16
13.0510396957,80.2406005859,64801,64823,22
13.0539598465,80.2422485352,64856,64876,20
13.0961999893,80.2198562622,65937,65956,19
13.100110054,80.2145462036,66159,66189,30
13.1002902985,80.2147979736,66615,66634,19
13.1001796722,80.21459198,66634,66655,21
13.0973596573,80.2167282104,66726,66746,20
13.096619606,80.2187576294,66777,66797,20
13.0911998749,80.2276306152,66948,66978,30
13.0887804031,80.2309570313,67039,67069,30
13.0836400986,80.2339172363,67241,67257,16
13.0795297623,80.233543396,67370,67390,20
13.0764799118,80.2373504639,67522,67542,20
13.0719499588,80.2507629395,67865,67881,16
13.0693101883,80.2434234619,67943,67964,21
13.0676698685,80.2465591431,68095,68115,20
13.0629997253,80.2445602417,68267,68287,20
13.0618495941,80.2432632446,68367,68386,19
13.0508499146,80.2405700684,68704,68724,20
13.0472698212,80.2332305908,68926,68942,16
13.0304002762,80.2307815552,69517,69533,16
13.0268697739,80.233001709,69677,69707,30
13.0239295959,80.228302002,69818,69838,20
13.0065402985,80.2547302246,70565,70585,20
12.9966402054,80.2581100464,71070,71090,20
12.9961500168,80.2624588013,71161,71181,20
12.9961900711,80.2677993774,71332,71352,20
12.9956102371,80.2674789429,71787,71817,30
13.0008802414,80.2564926147,72180,72200,20
13.0061702728,80.2574768066,72291,72311,20
13.0067100525,80.2498779297,72604,72624,20
13.0112104416,80.2235488892,73018,73038,20
13.0336198807,80.2305221558,73604,73619,15
13.0342702866,80.2304229736,73632,73652,20
13.0440196991,80.2409591675,74097,74117,20
13.0467796326,80.2397003174,74188,74204,16
13.0565795898,80.2426681519,74408,74438,30
13.0767803192,80.2337417603,74953,74973,20
13.0802698135,80.2335281372,75034,75054,20
13.0839500427,80.2340316772,75195,75216,21
13.0878696442,80.2341995239,75286,75302,16
13.0888299942,80.2306289673,75335,75355,20
13.0951404572,80.2227325439,75486,75506,20
13.0951404572,80.2227325439,75506,75529,23
13.1001596451,80.21459198,75805,75825,20
13.098739624,80.2399902344,84633,84653,20
12.9969997406,80.2164382935,22555,22571,16
12.9756698608,80.2210922241,22886,22916,30
12.9314804077,80.2032012939,23484,23507,23
12.922419548,80.1425170898,24316,24332,16
12.9231901169,80.1206436157,24566,24586,20
12.9232702255,80.1201171875,24596,24616,20
12.9232997894,80.1214065552,24767,24787,20
12.9199495316,80.1710128784,25997,26027,30
12.9760704041,80.2212371826,27277,27297,20
13.0076599121,80.212890625,27821,27837,16
13.01541996,80.2249069214,28001,28021,20
13.0341901779,80.23021698,30683,30703,20
13.0269203186,80.2329483032,30884,30914,30
13.0230998993,80.227432251,31035,31056,21
13.0085897446,80.2136230469,31479,31499,20
12.9997701645,80.214302063,31741,31757,16
12.9756498337,80.2210388184,32182,32212,30
12.9747600555,80.2204666138,32243,32259,16
12.929690361,80.2027816772,32825,32845,20
12.91726017,80.1913833618,33117,33138,21
12.9199199677,80.1825637817,33289,33309,20
12.9233703613,80.1549072266,33662,33682,20
12.9233999252,80.1169433594,34305,34325,20
12.9224700928,80.1434326172,35716,35746,30
12.9226198196,80.146446228,35786,35802,16
12.9171495438,80.1930236816,36389,36419,30
12.9340896606,80.2038726807,36782,36802,20
12.9425401688,80.2070007324,36953,36969,16
12.9758701324,80.2211380005,37445,37465,20
12.9825296402,80.2218399048,37586,37616,30
12.9827804565,80.2219009399,37616,37636,20
12.9827804565,80.2219009399,37636,37652,16
13.0076303482,80.2128372192,38138,38158,20
13.0076303482,80.2128372192,38158,38174,16
13.0141601563,80.2236633301,38378,38398,20
13.0147304535,80.2242126465,38418,38438,20
13.0156297684,80.225112915,38509,38529,20
13.0219402313,80.2261734009,38640,38660,20
13.0246295929,80.2289199829,38731,38747,16
13.0351400375,80.2300109863,40238,40268,30
13.0341396332,80.2303009033,40591,40611,20
13.0269603729,80.2329406738,40772,40792,20
13.0226898193,80.2269515991,40954,40970,16
13.0106697083,80.2276306152,41145,41168,23
13.007900238,80.2131881714,41452,41473,21
13.0156097412,80.2251205444,47700,47720,20
13.0218496323,80.2260818481,47841,47861,20
13.0234203339,80.2275085449,47902,47918,16
13.0141897202,80.22605896,50085,50106,21
13.0197200775,80.2244796753,50368,50388,20
13.034119606,80.2304763794,51456,51476,20
12.9188699722,80.1958465576,57275,57292,17
12.976099968,80.2212600708,58371,58401,30
12.9828796387,80.2219390869,58502,58522,20
12.9841499329,80.2227630615,58552,58568,16
13.0186500549,80.2244491577,59326,59342,16
13.0218496323,80.2261428833,59374,59396,22
13.0288496017,80.2308578491,59539,59559,20
13.0331602097,80.2305374146,59650,59670,20
13.0340595245,80.2304992676,59740,59761,21
13.0341396332,80.2304534912,61030,61050,20
13.0312995911,80.230682373,61111,61127,16
13.0142202377,80.2263031006,61677,61693,16
13.0100002289,80.2155838013,61907,61923,16
12.9974403381,80.2162780762,62299,62329,30
12.9756097794,80.2210235596,62793,62823,30
12.9680204391,80.2178726196,62974,62990,16
12.9410400391,80.2060470581,63327,63347,20
12.91726017,80.1913299561,63902,63923,21
12.9198999405,80.1824035645,64074,64090,16
12.9233703613,80.1550064087,64395,64415,20
12.9233703613,80.1550064087,64415,64432,17
12.9226999283,80.1309432983,64857,64873,16
12.9231595993,80.1207199097,65026,65046,20
12.9233999252,80.1169815063,65107,65137,30
12.9228000641,80.1313476563,66215,66235,20
12.9224395752,80.1413192749,66366,66383,17
12.9225702286,80.1436004639,66415,66435,20
12.9227399826,80.1514434814,66547,66566,19
12.9232797623,80.1604995728,66708,66724,16
12.917140007,80.1932296753,67220,67240,20
12.9337100983,80.2039413452,67633,67653,20
12.9397602081,80.2056121826,67744,67764,20
12.9758996964,80.2212600708,68349,68379,30
12.982919693,80.2220230103,68530,68550,20
12.9904899597,80.2203598022,68742,68762,20
13.0077695847,80.2130584717,69266,69286,20
13.0123701096,80.2212982178,69427,69447,20
13.0182504654,80.2246627808,69610,69626,16
13.0245895386,80.228843689,69769,69799,30
13.0290899277,80.2308731079,69890,69920,30
13.0335502625,80.2305221558,70031,70051,20
13.0343198776,80.2304763794,70071,70101,30
13.0347499847,80.2300415039,70183,70213,30
13.0334100723,80.2305221558,70878,70895,17
13.0297603607,80.2308807373,70957,70976,19
13.0114898682,80.2273483276,71511,71528,17
13.0023403168,80.2122192383,71973,71989,16
12.9973096848,80.2163925171,72082,72102,20
12.9909296036,80.2200622559,72253,72283,30
12.983420372,80.2223434448,72455,72475,20
12.9832201004,80.2221603394,72485,72505,20
12.9760398865,80.2213363647,72636,72666,30
12.9679498672,80.2179107666,72858,72874,16
12.9293203354,80.2028198242,73380,73400,20
12.9172000885,80.1912689209,73743,73763,20
12.9226903915,80.1304779053,74761,74777,16
12.9231300354,80.1205825806,74870,74891,21
12.9224300385,80.1426391602,75857,75887,30
12.9225101471,80.1436767578,75908,75928,20
12.9225902557,80.1473999023,75988,76018,30
12.9226799011,80.1516723633,76069,76099,30
12.9198598862,80.171081543,76371,76387,16
12.9223604202,80.1973800659,76782,76798,16
12.9293203354,80.2027816772,76931,76952,21
12.9760103226,80.2212219238,77667,77687,20
12.9941301346,80.2175521851,78060,78076,16
13.0076398849,80.2128601074,78361,78381,20
13.0195198059,80.2244262695,78663,78679,16
13.0342197418,80.2121887207,41726,41746,20
13.0297403336,80.209022522,41857,41887,30
13.0148801804,80.226020813,42624,42654,30
13.0095396042,80.2278213501,42724,42741,17
13.0082798004,80.2134017944,42916,42946,30
12.9982404709,80.2082672119,43229,43259,30
12.9971103668,80.2104187012,43330,43350,20
12.9953298569,80.2102584839,43400,43417,17
12.9936504364,80.2101135254,43447,43470,23
12.9759302139,80.220161438,43964,43981,17
12.9755897522,80.2210235596,45325,45346,21
12.9972200394,80.2106628418,46123,46143,20
13.0151100159,80.2046737671,46839,46855,16
13.0499801636,80.2121582031,49660,49680,20
13.0447797775,80.2123794556,49751,49771,20
13.0354700089,80.2072906494,50144,50160,16
13.035030365,80.2110824585,51060,51080,20
13.0349197388,80.2117767334,51101,51117,16
13.069270134,80.2048797607,51685,51701,16
13.034239769,80.2121582031,53186,53206,20
13.0098400116,80.2112503052,53771,53791,20
13.0093603134,80.2110366821,53862,53882,20
13.008099556,80.2132797241,54427,54457,30
12.9951000214,80.2102890015,54841,54861,20
12.9905595779,80.2096786499,54982,55002,20
12.975689888,80.2210388184,55547,55577,30
12.9836902618,80.218170166,56446,56466,20
12.9870700836,80.2180709839,56537,56567,30
12.9946403503,80.2101287842,56849,56866,17
12.9960803986,80.2164611816,57039,57059,20
13.0222902298,80.2264404297,46,62,16
13.0350599289,80.2302398682,286,316,30
13.0339803696,80.2302932739,5576,5606,30
13.0338897705,80.23046875,10785,10808,23
13.0142002106,80.2263412476,20362,20381,19
13.0081996918,80.2337799072,20484,20504,20
13.0338802338,80.267868042,21170,21191,21
13.0345201492,80.2679672241,21211,21241,30
13.0154399872,80.2250137329,22230,22250,20
13.0342197418,80.2301635742,24187,24217,30
13.0163097382,80.2254867554,24560,24576,16
13.0260801315,80.2658462524,25204,25220,16
13.006649971,80.2576828003,26897,26917,20
13.0066699982,80.2520828247,27089,27119,30
13.0066404343,80.2469329834,27260,27276,16
13.0074195862,80.2369232178,27388,27410,22
13.0156002045,80.2250823975,27622,27643,21
13.025850296,80.2306518555,27814,27830,16
13.0348300934,80.2303390503,27952,27974,22
13.0341796875,80.2303771973,29629,29649,20
13.017829895,80.224861145,30022,30038,16
13.0069103241,80.249458313,30405,30425,20
13.0166597366,80.2598419189,30627,30647,20
13.0330295563,80.2677230835,31293,31323,30
13.0254201889,80.26537323,32423,32443,20
13.0097103119,80.2592391968,32706,32722,16
13.0066699982,80.2404022217,33310,33340,30
13.0220003128,80.2262420654,33805,33824,19
13.0243501663,80.2284393311,33875,33895,20
13.0300703049,80.2307662964,34966,34986,20
13.0298204422,80.2308120728,34996,35017,21
13.0277996063,80.2317962646,35067,35083,16
13.0229701996,80.2271270752,35257,35275,18
13.0068597794,80.2493896484,35852,35882,30
13.016579628,80.2597732544,36104,36125,21
13.0292797089,80.2658691406,36498,36518,20
13.0263996124,80.2659912109,38398,38414,16
13.0064897537,80.2576904297,38961,38981,20
13.0065803528,80.2477416992,39163,39193,30
13.0154600143,80.2249984741,39668,39688,20
13.0175800323,80.224899292,39728,39744,16
13.0197601318,80.2245101929,39756,39776,20
13.0254602432,80.2299194336,39909,39929,20
13.0284900665,80.2308578491,40020,40040,20
13.0291204453,80.2308197021,40050,40080,30
13.0301599503,80.2307891846,41412,41433,21
13.0276498795,80.2312164307,41493,41509,16
13.0150098801,80.225982666,41844,41864,20
13.0066299438,80.2479095459,42268,42284,16
13.0338602066,80.2678985596,43073,43089,16
13.0344104767,80.268119812,43112,43132,20
13.0266599655,80.2660827637,44001,44031,30
13.0249700546,80.2651367188,44091,44108,17
13.0160999298,80.2596969604,44281,44301,20
13.006529808,80.2577362061,44503,44523,20
13.0067996979,80.2496337891,44715,44735,20
13.0065898895,80.2465591431,44836,44856,20
13.0074901581,80.2367095947,44998,45018,20
13.0156002045,80.2250976563,45290,45310,20
13.0220298767,80.2262573242,45432,45462,30
13.0284795761,80.2309265137,45593,45613,20
13.0288600922,80.2308883667,45613,45643,30
13.0240001678,80.228302002,50143,50163,20
13.0240001678,80.228302002,50163,50179,16
13.0147695541,80.2260818481,50312,50333,21
13.0080699921,80.234336853,50505,50521,16
13.0068101883,80.2408905029,50654,50674,20
13.0067996979,80.2515411377,50836,50866,30
13.0076799393,80.2586212158,50977,51003,26
13.0163202286,80.2596206665,51096,51116,20
13.0200796127,80.2625427246,51187,51216,29
13.0291795731,80.2663726807,51510,51530,20
13.0291795731,80.2663726807,51530,51546,16
13.0333595276,80.2677536011,51619,51648,29
13.0066404343,80.2577209473,52507,52527,20
13.0196304321,80.2245025635,53193,53223,30
13.0220098495,80.2262268066,53274,53290,16
13.0341396332,80.2302093506,56158,56178,20
13.0296201706,80.2308120728,56299,56315,16
13.0239896774,80.228302002,56621,56641,20
13.0143899918,80.2262420654,56803,56823,20
13.0091400146,80.2286376953,56903,56920,17
13.0068998337,80.240562439,57125,57146,21
13.016289711,80.2595977783,57610,57630,20
13.0201702118,80.2626113892,57701,57721,20
13.0228500366,80.2637329102,57771,57791,20
13.0292196274,80.2658996582,58013,58034,21
13.022069931,80.2634277344,59194,59214,20
13.0186700821,80.2612991333,59295,59311,16
13.0066995621,80.2403717041,60071,60090,19
13.0093698502,80.2275924683,60268,60283,15
13.0119695663,80.2218399048,60353,60377,24
13.0219402313,80.2260818481,60550,60570,20
13.027680397,80.2328414917,62407,62423,16
13.0241203308,80.2284393311,62627,62647,20
13.0079097748,80.2350234985,62993,63014,21
13.0069303513,80.2399978638,63084,63104,20
13.0076904297,80.258682251,63417,63447,30
13.0264701843,80.2642593384,63821,63841,20
13.0265102386,80.2640075684,63841,63861,20
13.0334396362,80.2677612305,64125,64155,30
13.0343904495,80.2680892944,64226,64246,20
13.0156402588,80.2251434326,65891,65907,16
13.0242204666,80.2283096313,66070,66091,21
13.0328998566,80.2305526733,66383,66403,20
13.0334701538,80.2304534912,68349,68379,30
13.0309400558,80.2306213379,68430,68460,30
13.0309400558,80.2306213379,68460,68476,16
13.0240297318,80.2283401489,68791,68821,30
13.0155801773,80.2256774902,69033,69049,16
13.0081796646,80.2335586548,69214,69244,30
13.0068502426,80.2407302856,69406,69426,20
13.006819725,80.2494430542,69567,69595,28
13.0066003799,80.2570571899,69728,69746,18
13.0075998306,80.2586135864,69780,69800,20
13.0229501724,80.2637863159,70093,70113,20
13.0263595581,80.263961792,70215,70235,20
13.0291595459,80.2661819458,70377,70397,20
13.0291595459,80.2661819458,70397,70413,16
13.0344200134,80.2680892944,70647,70677,30
13.0326795578,80.267578125,71333,71354,21
13.0071697235,80.2586669922,71958,71978,20
13.006480217,80.2531890869,72200,72220,20
13.0073404312,80.2368621826,72604,72620,16
13.0149898529,80.224609375,72844,72864,20
13.02202034,80.2261962891,73026,73056,30
13.0348501205,80.2301177979,73510,73526,16
13.0341396332,80.2303009033,74560,74580,20
13.0335302353,80.2304534912,74590,74610,20
13.0297803879,80.2308425903,74691,74711,20
13.0246601105,80.2290420532,74974,74994,20
13.0144195557,80.2262191772,75206,75236,30
13.0230703354,80.2639007568,76122,76138,16
13.0265302658,80.263923645,76241,76261,20
13.026599884,80.2637634277,76271,76290,19
13.0336103439,80.2678604126,76535,76565,30
13.0277299881,80.2662124634,77241,77257,16
13.0222902298,80.2264709473,78644,78660,16
13.0338497162,80.2304077148,78876,78896,20
13.0338497162,80.2304077148,78896,78912,16
13.0259799957,80.2310180664,22951,22967,16
13.034119606,80.2303924561,23090,23112,22
13.0341997147,80.2303314209,23277,23297,20
12.9837598801,80.2224884033,24507,24523,16
12.975810051,80.2211837769,24658,24678,20
12.9694900513,80.2184371948,24799,24815,16
12.9295597076,80.2027893066,25231,25251,20
12.9223899841,80.1431503296,26016,26038,22
12.9224395752,80.1381607056,26108,26124,16
12.9231996536,80.1204223633,26288,26308,20
12.9233398438,80.120300293,26459,26479,20
12.9234304428,80.1547012329,28285,28305,20
12.9206800461,80.1852264404,28679,28699,20
12.9761800766,80.2212371826,29768,29788,20
13.0156602859,80.2250823975,30524,30545,21
13.0260295868,80.2311630249,30777,30797,20
13.0347995758,80.2302932739,30958,30984,26
13.034330368,80.2298965454,31440,31461,21
13.0270996094,80.2329025269,32893,32909,16
13.0144300461,80.2262420654,33123,33143,20
13.0144300461,80.2262420654,33143,33159,16
12.9757099152,80.2210388184,34070,34100,30
12.9203300476,80.1840515137,35181,35202,21
12.9195995331,80.1809234619,35242,35258,16
12.9226903915,80.1509933472,35643,35659,16
12.923210144,80.1204605103,36055,36085,30
12.9227399826,80.1516418457,38416,38432,16
12.9203701019,80.1839675903,38838,38858,20
12.9210300446,80.1968765259,39120,39136,16
12.9293699265,80.2026824951,39301,39325,24
12.9324798584,80.2034835815,39377,39397,20
12.9760503769,80.2212295532,40063,40093,30
12.9819698334,80.2215805054,40194,40214,20
12.9827699661,80.2218475342,40245,40265,20
12.9948997498,80.2171096802,40517,40533,16
13.0348796844,80.23021698,41464,41494,30
13.0150003433,80.225982666,43199,43219,20
13.0111999512,80.2235412598,43552,43572,20
13.0079202652,80.2132110596,43761,43781,20
12.9949598312,80.2171020508,44034,44064,30
12.9832696915,80.2222900391,44326,44346,20
12.9756698608,80.221031189,44488,44508,20
12.9173002243,80.1915435791,45497,45517,20
12.9231796265,80.1204833984,46445,46475,30
12.9224796295,80.1436386108,47674,47694,20
12.9225997925,80.147277832,47744,47764,20
12.9198198318,80.1712036133,48147,48164,17
12.9205904007,80.1851882935,48267,48297,30
12.917090416,80.1930999756,48408,48438,30
12.9293804169,80.2026901245,48681,48701,20
12.9339599609,80.2038421631,48762,48782,20
12.9858903885,80.2229232788,49639,49655,16
12.9907398224,80.2200775146,49698,49718,20
13.0076904297,80.212890625,50051,50071,20
13.0218296051,80.22605896,50363,50383,20
13.0340003967,80.2304534912,50666,50696,30
13.0148601532,80.2259597778,51231,51251,20
13.0145597458,80.2260818481,51261,51277,16
13.0141601563,80.2259063721,51277,51299,22
13.014169693,80.2258377075,51531,51551,20
13.0145597458,80.2253799438,51622,51642,20
13.0083799362,80.2134475708,58290,58310,20
12.9946203232,80.2065811157,58683,58703,20
12.9815998077,80.1957397461,59296,59316,20
12.9776201248,80.1938400269,59407,59427,20
12.972120285,80.1913299561,59538,59558,20
12.9680404663,80.1894989014,59649,59669,20
12.9651603699,80.1883010864,59730,59750,20
12.9393796921,80.1825790405,60295,60325,30
12.9303798676,80.1815795898,60527,60543,16
12.9488401413,80.1851425171,61957,61987,30
12.9560699463,80.1868896484,62078,62098,20
12.9647502899,80.188117981,62249,62266,17
12.972700119,80.1915435791,62439,62459,20
12.9807701111,80.1952896118,62782,62812,30
12.9945898056,80.2002868652,63438,63468,30
12.9946098328,80.20677948,63619,63649,30
12.9944496155,80.2067184448,63670,63700,30
12.9949998856,80.2008972168,63881,63902,21
12.994389534,80.200302124,63942,63972,30
12.9777297974,80.1938705444,64688,64709,21
12.9621400833,80.1875,65122,65138,16
12.9608297348,80.1872711182,65138,65158,20
12.9558095932,80.1869735718,65251,65281,30
12.9493503571,80.1854782104,65382,65402,20
12.9445400238,80.1830825806,65503,65524,21
12.9394702911,80.1826324463,65604,65624,20
12.9361400604,80.1823577881,65695,65711,16
12.9204797745,80.1840667725,65945,65964,19
12.9198598862,80.1825637817,66006,66026,20
12.928319931,80.1821212769,66853,66869,16
12.9393796921,80.1826171875,67175,67195,20
12.946849823,80.1841201782,67336,67356,20
12.9486303329,80.1851882935,67397,67417,20
12.9502000809,80.1857070923,67457,67476,19
12.9560699463,80.1869888306,67549,67579,30
12.9654903412,80.1884918213,67801,67821,20
12.9683103561,80.1896514893,67882,67902,20
12.97012043,80.1904983521,67973,67993,20
12.9861602783,80.1973114014,68547,68564,17
12.9945602417,80.2065734863,69061,69081,20
12.9949398041,80.2029418945,69757,69777,20
12.9947900772,80.2004013062,69878,69898,20
12.9907302856,80.1985473633,70485,70505,20
12.9815797806,80.1958007813,70758,70778,20
12.9776096344,80.193901062,70868,70889,21
12.974439621,80.1922912598,71110,71131,21
12.9721403122,80.1913909912,71474,71494,20
12.969329834,80.1901397705,71575,71591,16
12.9681997299,80.1896133423,71623,71653,30
12.9647598267,80.1882476807,71714,71734,20
12.9606895447,80.1872711182,71835,71855,20
12.9555797577,80.18699646,71996,72016,20
12.9351301193,80.1824569702,72480,72500,20
12.9306898117,80.1816177368,72581,72597,16
12.9197902679,80.1825180054,72811,72831,20
12.9195899963,80.1820220947,72872,72902,30
12.9305801392,80.1815185547,73204,73221,17
12.9388599396,80.1823806763,73345,73365,20
12.9654302597,80.1884078979,73962,73982,20
12.9671802521,80.1891174316,74023,74039,16
12.9682502747,80.1895904541,74051,74070,19
12.9810400009,80.1954269409,74385,74405,20
12.9825897217,80.1962280273,74445,74461,16
12.9945602417,80.200302124,74675,74705,30
12.9950399399,80.2025375366,74796,74812,16
13.0063199997,80.2128067017,75268,75284,16
13.0142097473,80.2262573242,75680,75700,20
13.0334396362,80.2678833008,18249,18269,20
13.0252399445,80.2653503418,18481,18502,21
13.0221700668,80.2634811401,18562,18582,20
13.0067396164,80.2496032715,19057,19077,20
13.0151796341,80.2247467041,19582,19602,20
13.0339403152,80.2304611206,21674,21694,20
13.0143098831,80.2262802124,22260,22280,20
13.0067100525,80.2573318481,22775,22795,20
13.0297803879,80.2666625977,24189,24209,20
13.0252103806,80.265296936,24310,24330,20
13.008769989,80.2592086792,24674,24694,20
13.0067100525,80.2518310547,24936,24956,20
13.0150403976,80.2245025635,25532,25562,30
13.0346698761,80.2303237915,25987,26007,20
13.0143899918,80.2262802124,27825,27845,20
13.0067195892,80.2574234009,28451,28481,30
13.0264396667,80.2646408081,28926,28946,20
13.0298595428,80.2666702271,30390,30420,30
13.0252399445,80.2653579712,30511,30531,20
13.0221500397,80.263458252,30602,30622,20
13.0161304474,80.2596969604,30774,30794,20
13.0065002441,80.2532577515,31198,31218,20
13.0148000717,80.2242965698,31915,31935,20
13.0155601501,80.2250213623,32016,32036,20
13.0219602585,80.2261428833,32167,32188,21
13.0340795517,80.2303924561,32470,32491,21
13.0347700119,80.2302932739,32561,32581,20
13.034239769,80.2299423218,32925,32945,20
13.0342102051,80.2303619385,32975,32996,21
13.0144796371,80.2261962891,33561,33581,20
13.0264902115,80.2640762329,34672,34692,20
13.0337295532,80.2678604126,34955,34975,20
13.02987957,80.2666931152,35884,35904,20
13.0265197754,80.2660293579,35975,35995,20
13.0072002411,80.2586975098,36500,36520,20
13.0066604614,80.2476577759,36924,36954,30
13.0066099167,80.2464370728,36984,37005,21
13.0156297684,80.2250976563,37479,37499,20
13.0239496231,80.2282867432,39317,39337,20
13.008600235,80.2314910889,39711,39741,30
13.0068702698,80.2495498657,40085,40105,20
13.0265197754,80.2639923096,40680,40701,21
13.0282001495,80.2637023926,40761,40781,20
13.0335702896,80.2677993774,40973,41003,30
13.0344495773,80.2679595947,41024,41054,30
13.0345497131,80.268157959,41064,41084,20
13.0252895355,80.2654418945,41842,41862,20
13.0221796036,80.2635574341,41933,41953,20
13.0160303116,80.2597198486,42084,42104,20
13.0065498352,80.2466964722,42629,42649,20
13.0150203705,80.224571228,43195,43215,20
13.0155801773,80.2250137329,43235,43255,20
13.0219697952,80.2261810303,43387,43407,20
13.0332803726,80.2304992676,43740,43770,30
13.0337200165,80.2304763794,44295,44316,21
13.0239496231,80.2283172607,44649,44669,20
13.0158996582,80.2256774902,44861,44881,20
13.0149002075,80.2260665894,44911,44932,21
13.0145397186,80.2262191772,44942,44972,30
13.0067195892,80.251373291,45477,45497,20
13.0076503754,80.2586364746,45729,45749,20
13.0229101181,80.2637863159,46063,46083,20
13.0335502625,80.267829895,46466,46487,21
13.0345096588,80.2681503296,46537,46557,20
13.026550293,80.265411377,47951,47971,20
13.02643013,80.2659835815,48567,48587,20
13.0252103806,80.2653579712,48627,48648,21
13.0221395493,80.2635192871,48708,48728,20
13.016289711,80.2598114014,48849,48870,21
13.0065698624,80.2480773926,49435,49465,30
13.015540123,80.2250137329,50021,50041,20
13.0219497681,80.2261886597,50162,50182,20
13.0337200165,80.2304763794,50465,50485,20
13.0341796875,80.23021698,51111,51131,20
13.029709816,80.2308273315,51263,51283,20
13.0239801407,80.2283096313,51505,51525,20
13.0145797729,80.2261810303,51737,51758,21
13.0292701721,80.2659606934,52959,52979,20
13.0345001221,80.2680282593,53151,53171,20
13.0297603607,80.2666397095,54322,54342,20
13.0263595581,80.2660064697,54403,54423,20
13.0251998901,80.265296936,54454,54474,20
13.0221595764,80.2635192871,54534,54555,21
13.0098104477,80.2592391968,54797,54817,20
13.0066099167,80.2465667725,55332,55352,20
13.0291595459,80.2307815552,56211,56231,20
13.0345201492,80.2302932739,56352,56372,20
13.0143899918,80.226272583,57766,57786,20
13.0345096588,80.2679977417,59109,59129,20
13.0066204071,80.2477798462,61038,61058,20
13.02202034,80.2261886597,61694,61714,20
13.0243396759,80.2284011841,61775,61795,20
13.0297403336,80.2308578491,63027,63057,30
13.0240602493,80.2283782959,63340,63360,20
13.0143299103,80.2262573242,63542,63572,30
13.0082397461,80.2336196899,63714,63734,20
13.0291996002,80.2663879395,64754,64774,20
13.0335597992,80.2678604126,64875,64895,20
13.03262043,80.2676086426,66905,66925,20
13.029800415,80.2666473389,66986,67006,20
13.0263900757,80.2659988403,67117,67147,30
13.0067300797,80.257598877,67723,67743,20
13.0073204041,80.2369766235,68329,68349,20
13.0218601227,80.2261123657,68824,68844,20
13.0350198746,80.2298812866,69379,69400,21
13.0239295959,80.2282714844,70450,70470,20
13.0264701843,80.2639465332,71843,71864,21
13.0339002609,80.267906189,72177,72197,20
13.0220298767,80.2633590698,73511,73531,20
13.0071697235,80.2587203979,73834,73854,20
13.0064496994,80.2529602051,73986,74016,30
13.0066699982,80.2403717041,74389,74410,21
13.0112895966,80.2234573364,74662,74682,20
13.028380394,80.2308425903,75107,75127,20
13.0292196274,80.2307662964,75147,75167,20
13.0343599319,80.2303466797,75278,75308,30
13.0347700119,80.2302932739,75319,75349,30
13.0332803726,80.267791748,77530,77551,21
13.033659935,80.2678985596,77561,77591,30
13.0263395309,80.2659683228,77894,77914,20
13.0264797211,80.2662277222,78611,78641,30
13.075460434,80.2750473022,17055,17075,20
13.0624399185,80.2831115723,19356,19376,20
13.0390300751,80.2788391113,19699,19719,20
13.0346298218,80.2776031494,19791,19811,20
13.0260000229,80.2752304077,19923,19942,19
13.0130500793,80.2592391968,20246,20262,16
12.9966001511,80.2588806152,20809,20825,16
12.9961395264,80.2677078247,22533,22563,30
13.0573396683,80.2819671631,23897,23917,20
13.0637798309,80.2833328247,24038,24054,16
13.0873804092,80.2898635864,24379,24395,16
13.0884504318,80.2847595215,25489,25505,16
13.0888004303,80.2892608643,25579,25599,20
13.0740995407,80.2861328125,25831,25851,20
13.0347499847,80.2776184082,26426,26442,16
13.0241298676,80.2740478516,26606,26635,29
13.0209598541,80.2699813843,26687,26707,20
12.9956998825,80.2673873901,27300,27320,20
12.9969100952,80.2556304932,27583,27599,16
12.990819931,80.255821228,27702,27724,22
12.9885797501,80.2559814453,27755,27775,20
12.9874095917,80.2589111328,27846,27866,20
12.9873504639,80.2592086792,27876,27896,20
12.9873104095,80.2594223022,27907,27927,20
12.9926595688,80.2529678345,29450,29467,17
12.9962701797,80.2677230835,29833,29861,28
13.0010004044,80.2672805786,29921,29942,21
13.0191602707,80.2637481689,30456,30472,16
13.023730278,80.2734832764,30606,30624,18
13.0253601074,80.2749099731,30655,30677,22
13.0299100876,80.2767715454,30738,30758,20
13.0573997498,80.2819671631,31162,31182,20
13.0566997528,80.2818832397,33079,33095,16
13.0457201004,80.2801132202,33238,33268,30
13.0338001251,80.2773513794,33510,33531,21
13.0309400558,80.2772216797,33571,33591,20
13.0309400558,80.2772216797,33591,33607,16
13.0188999176,80.2628936768,33892,33908,16
13.0160598755,80.2596588135,33950,33970,20
12.9956798553,80.2673416138,34425,34446,21
12.9945697784,80.2525100708,34738,34758,20
12.9873600006,80.2592468262,34980,35001,21
12.9872598648,80.2596206665,35011,35031,20
12.9883203506,80.2558135986,35707,35737,30
12.996919632,80.2554702759,35980,36000,20
12.9968299866,80.2568969727,36041,36061,20
12.996219635,80.2677001953,36253,36273,20
13.0164804459,80.2597198486,36777,36798,21
13.0180196762,80.2608184814,36828,36844,16
13.0238599777,80.273651123,37109,37125,16
13.0253896713,80.2749099731,37168,37188,20
13.0299196243,80.2767562866,37260,37280,20
13.050620079,80.2807617188,37644,37664,20
13.0637302399,80.2833328247,37856,37876,20
13.0740299225,80.2856521606,37997,38017,20
13.0864896774,80.2837371826,38451,38467,16
13.0875597,80.2839126587,39609,39630,21
13.0624399185,80.2831115723,40427,40446,19
13.0438098907,80.2798919678,40740,40760,20
13.016119957,80.2596893311,41477,41497,20
12.9957895279,80.2665634155,42022,42038,16
12.9947004318,80.2524490356,42465,42485,20
12.9871797562,80.2595977783,42747,42777,30
12.9874601364,80.257850647,43121,43141,20
12.9881896973,80.2558364868,43252,43272,20
12.9968996048,80.2555007935,43504,43524,20
13.0010004044,80.2672729492,43887,43907,20
13.0187101364,80.2668075562,44452,44468,16
13.0330495834,80.2774581909,44773,44793,20
13.050620079,80.2807922363,45076,45096,20
13.0876302719,80.2839508057,45904,45934,30
13.0758800507,80.2758712769,46822,46852,30
13.0881795883,80.283782959,47569,47599,30
13.0625095367,80.2831268311,48295,48315,20
13.0536603928,80.2813110352,48456,48473,17
13.0502796173,80.2808227539,48495,48515,20
13.0390701294,80.2788772583,48698,48718,20
13.0308198929,80.2772293091,48879,48899,20
13.0208597183,80.2699127197,49091,49111,20
13.0206003189,80.2695007324,49121,49138,17
13.0160598755,80.2596664429,49301,49321,20
12.9956502914,80.2674026489,49826,49856,30
12.9968500137,80.2551574707,50108,50124,16
12.9943599701,80.2525405884,50167,50187,20
12.9900798798,80.2560195923,50298,50317,19
12.9874200821,80.2582168579,50430,50460,30
12.986869812,80.2595214844,50783,50813,30
12.9968795776,80.2556533813,51366,51386,20
12.9961700439,80.2677536011,51588,51608,20
13.0008401871,80.2671737671,51679,51707,28
13.023730278,80.2734375,52447,52463,16
13.0334796906,80.277381897,52677,52697,20
13.0430803299,80.2795562744,52868,52888,20
13.0564603806,80.2817764282,53090,53110,20
13.0747098923,80.2862701416,53393,53413,20
13.0887804031,80.2901916504,53595,53625,30
13.0870304108,80.2838592529,54735,54755,20
13.0883703232,80.2852706909,55078,55098,20
13.0887498856,80.2892379761,55199,55219,20
13.0887699127,80.2899398804,55249,55265,16
13.0625295639,80.2830963135,55684,55704,20
13.05671978,80.2818603516,55785,55804,19
13.0242395401,80.2742233276,56380,56396,16
13.0009403229,80.2672805786,57014,57044,30
12.995639801,80.2673492432,57135,57165,30
12.996219635,80.2625808716,57246,57266,20
12.9907503128,80.2558670044,57617,57647,30
12.9874401093,80.2579803467,57789,57805,16
12.9867601395,80.2590866089,58150,58180,30
12.9870195389,80.2591094971,58190,58220,30
12.987279892,80.2591629028,58231,58251,20
12.9907302856,80.2557525635,58523,58539,16
12.9968795776,80.2558822632,58713,58743,30
12.9968204498,80.2567672729,58753,58781,28
12.9961795807,80.2630462646,58913,58933,20
13.0078601837,80.2653121948,59268,59284,16
13.0318803787,80.2775802612,59992,60008,16
13.0388002396,80.2786712646,60131,60153,22
13.0691404343,80.2845535278,60697,60713,16
13.0735197067,80.2852401733,60746,60766,20
13.0885896683,80.2901763916,60978,60998,20
13.0880403519,80.2839736938,62098,62128,30
13.0881500244,80.2837982178,62128,62148,20
13.0884399414,80.2851028442,62310,62340,30
13.0739297867,80.2861328125,62752,62772,20
13.0680103302,80.2843704224,62852,62873,21
13.0625095367,80.2831115723,63064,63084,20
13.0604200363,80.2826385498,63115,63135,20
13.0582799911,80.2822113037,63195,63216,21
13.0575704575,80.282043457,63246,63266,20
13.0567102432,80.2818832397,63286,63306,20
13.050239563,80.2807769775,63438,63454,16
13.0390701294,80.2788391113,63587,63606,19
13.0299196243,80.2767410278,63779,63795,16
13.0240802765,80.2740783691,63888,63918,30
13.0009403229,80.2672576904,64573,64594,21
12.9961795807,80.2625274658,64897,64917,20
12.9943599701,80.2525482178,65219,65240,21
12.9934597015,80.2527618408,65270,65298,28
12.9907102585,80.2558898926,65369,65389,20
12.9892196655,80.2559509277,65439,65460,21
12.9871397018,80.2591400146,66321,66341,20
12.9885902405,80.2559204102,66523,66543,20
12.9951295853,80.2529296875,66725,66745,20
12.997469902,80.2676315308,67401,67417,16
13.000869751,80.2672195435,67479,67500,21
13.0035104752,80.2688827515,67570,67590,20
13.0085401535,80.2590026855,67873,67903,30
13.0214004517,80.270401001,68246,68266,20
13.0253896713,80.2749099731,68418,68438,20
13.0315999985,80.2776031494,68599,68616,17
13.038860321,80.2787017822,68840,68860,20
13.0443897247,80.2798614502,68940,68957,17
13.0562095642,80.2817306519,69150,69170,20
13.0574903488,80.2819976807,69211,69227,16
13.0645399094,80.2835388184,69361,69381,20
13.0730600357,80.2851715088,69524,69544,20
13.0739603043,80.2856674194,69604,69624,20
13.0746498108,80.2862625122,69645,69665,20
13.088259697,80.2900924683,69869,69899,30
13.0887098312,80.2901382446,69919,69942,23
13.0879201889,80.2839202881,70421,70441,20
13.0880699158,80.2836685181,70451,70481,30
13.0741195679,80.2861175537,71107,71127,20
13.0626296997,80.2831115723,71359,71387,28
13.0568399429,80.2818984985,71501,71521,20
13.050330162,80.2807617188,71612,71633,21
13.04529953,80.2800369263,71714,71730,16
13.0367298126,80.2780380249,72177,72197,20
13.0364198685,80.2779083252,72207,72228,21
13.0346002579,80.2775497437,72500,72530,30
13.0242395401,80.2742767334,72874,72895,21
13.0135803223,80.2592391968,73238,73254,16
13.0010404587,80.2673187256,73620,73640,20
12.9955997467,80.2674102783,73853,73873,20
12.9961500168,80.2623977661,73954,73974,20
12.9968099594,80.2562408447,74085,74105,20
12.988530159,80.2558822632,74427,74447,20
12.9873399734,80.2590866089,74740,74770,30
12.988530159,80.2558288574,75255,75275,20
12.9961099625,80.2676925659,75779,75799,20
13.007349968,80.267829895,76052,76068,16
13.0084104538,80.2589569092,76211,76231,20
13.0190601349,80.2631225586,76453,76469,16
13.0214195251,80.2703399658,76572,76592,20
13.0217399597,80.2707519531,76603,76620,17
13.0237503052,80.2734222412,76642,76662,20
13.0343399048,80.2775115967,76946,76962,16
13.0563602448,80.281829834,77277,77297,20
13.0636396408,80.2833709717,77428,77448,20
13.0011396408,80.2130432129,20118,20134,16
12.987739563,80.2230682373,20369,20386,17
12.9422998428,80.2069015503,20943,20959,16
12.9186401367,80.1754989624,21625,21641,16
12.9223604202,80.1403427124,21996,22012,16
12.9232196808,80.1205596924,22206,22226,20
12.9236097336,80.1170806885,22832,22852,20
12.9171495438,80.1931762695,24145,24165,20
12.9221096039,80.1972579956,24256,24272,16
12.9460096359,80.2089691162,24668,24684,16
12.9790401459,80.2211608887,25120,25136,16
13.0297002792,80.2307891846,26088,26108,20
13.0340099335,80.2304763794,26151,26171,20
13.0158100128,80.225692749,27527,27543,16
13.0146799088,80.2261581421,27555,27585,30
13.0080499649,80.2132263184,27828,27848,20
13.0079298019,80.213180542,27848,27878,30
12.9759597778,80.2213134766,28403,28424,21
12.9740695953,80.2202301025,28474,28490,16
12.922419548,80.1973495483,29139,29155,16
12.9172401428,80.1916503906,29269,29288,19
12.9234895706,80.1169891357,30229,30257,28
12.9230604172,80.1254577637,32478,32498,20
12.9225902557,80.1436767578,32781,32801,20
12.9227695465,80.1518478394,32912,32928,16
12.9198999405,80.1710662842,33152,33172,20
12.9197902679,80.1713409424,33182,33199,17
12.9171495438,80.1929321289,33524,33544,20
12.9294395447,80.2027130127,33816,33837,21
12.9339799881,80.2038803101,33907,33936,29
12.9443502426,80.2083511353,34097,34117,20
12.953789711,80.2120132446,34250,34270,20
12.9761400223,80.2212371826,34724,34754,30
12.982170105,80.2216720581,34845,34865,20
13.0036201477,80.2120437622,35390,35410,20
13.0077896118,80.2129821777,35481,35511,30
13.0152597427,80.2248916626,35713,35733,20
13.0216703415,80.2260284424,35855,35875,20
13.0231895447,80.2273406982,35915,35931,16
13.0259599686,80.2310714722,35964,35984,20
13.0277795792,80.2320404053,37083,37099,16
13.0246295929,80.2290496826,37263,37293,30
13.0230102539,80.2273635864,37333,37354,21
13.0203800201,80.2250900269,37404,37420,16
12.997420311,80.257019043,2396,2426,30
12.997300148,80.2570495605,2437,2467,30
12.9983901978,80.2572021484,23375,23396,21
12.9853801727,80.255317688,24909,24925,16
12.9251403809,80.2308578491,25735,25752,17
12.9010601044,80.2279815674,25976,25997,21
12.8933296204,80.2274932861,26098,26114,16
12.8764200211,80.2266235352,26278,26298,20
12.8790597916,80.2109375,26430,26450,20
12.8768596649,80.2268600464,27459,27478,19
12.9029197693,80.2279510498,27883,27913,30
12.9064998627,80.2281570435,27953,27973,20
12.9394798279,80.2355422974,28428,28448,20
12.9813995361,80.2428283691,29255,29285,30
12.9813203812,80.2378387451,29376,29396,20
12.9815301895,80.2336273193,29447,29463,16
12.9771995544,80.2227020264,29697,29717,20
12.9829702377,80.2219696045,29868,29889,21
12.9905004501,80.2203521729,30050,30070,20
13.0037002563,80.2119293213,30312,30333,21
13.010219574,80.2115936279,33583,33613,30
13.0094299316,80.2109680176,34180,34200,20
13.0086603165,80.2312698364,34856,34872,16
13.0004997253,80.2652511597,1080,1110,30
13.0005197525,80.2652893066,3149,3169,20
13.0005102158,80.2652893066,3199,3220,21
13.0003900528,80.2653884888,6491,6521,30
13.0005998611,80.2649993896,8650,8670,20
13.0005998611,80.2650680542,8741,8771,30
13.0004796982,80.2650299072,11446,11476,30
13.0005702972,80.2650527954,13757,13777,20
13.0004701614,80.2650222778,17512,17542,30
13.0005903244,80.2649612427,17582,17603,21
13.000670433,80.2650680542,17603,17623,20
13.0006999969,80.2651977539,17623,17653,30
13.0001802444,80.265663147,19863,19884,21
13.0004997253,80.2656326294,20257,20287,30
13.0008497238,80.2654571533,21085,21105,20
13.0001602173,80.2655715942,21458,21488,30
13.0003900528,80.2653579712,22770,22790,20
13.0003204346,80.2664794922,23376,23396,20
12.9956998825,80.2673187256,23487,23507,20
12.9970197678,80.2561035156,23689,23719,30
12.9970197678,80.2558898926,23729,23759,30
12.9988203049,80.2560119629,23800,23820,20
13.0124998093,80.2217407227,24385,24401,16
13.0153999329,80.2249221802,24446,24476,30
13.0304403305,80.2276229858,24819,24835,16
13.0314598083,80.2175216675,25090,25106,16
13.0470695496,80.2120437622,26246,26266,20
13.0489797592,80.2072677612,26388,26408,20
13.0490598679,80.2068405151,26438,26468,30
13.0495796204,80.2121582031,28040,28062,22
13.0397701263,80.193572998,28577,28593,16
13.0348901749,80.2112503052,29009,29029,20
13.0330200195,80.2121734619,29079,29100,21
13.0323801041,80.2119369507,29100,29120,20
13.0300598145,80.2094116211,29158,29180,22
13.0298595428,80.2308197021,29840,29862,22
13.0246496201,80.2290802002,30067,30088,21
13.0148696899,80.2260818481,30289,30310,21
13.007610321,80.236656189,30532,30548,16
13.0068597794,80.2495193481,30742,30762,20
12.9968299866,80.256942749,31196,31226,30
12.9959402084,80.2652511597,31377,31398,21
12.996219635,80.2677383423,31458,31478,20
12.9980697632,80.2674179077,31519,31535,16
13.0001401901,80.2665405273,31547,31577,30
13.0002803802,80.266418457,33503,33533,30
12.9956903458,80.2673492432,33634,33664,30
13.006649971,80.2454605103,34513,34529,16
13.0303897858,80.2282867432,35581,35611,30
13.0318098068,80.2197723389,35924,35944,20
13.0309696198,80.2101364136,36206,36233,27
13.035320282,80.2087402344,36416,36437,21
13.0352096558,80.2083129883,36457,36477,20
13.0355596542,80.205406189,36497,36517,20
13.0355997086,80.2052688599,36517,36537,20
13.0359697342,80.2039489746,36568,36584,16
13.0363101959,80.2015304565,36606,36626,20
13.0368299484,80.198387146,36678,36708,30
13.038769722,80.1928100586,36850,36871,21
13.0413303375,80.1967468262,37012,37032,20
13.0412597656,80.2051696777,37193,37214,21
13.0447301865,80.2122268677,37385,37401,16
13.0470304489,80.2118225098,37422,37444,22
13.0489397049,80.2071609497,37575,37595,20
13.0492897034,80.2069396973,37706,37726,20
13.0491600037,80.2070465088,37726,37747,21
13.0497903824,80.2117080688,38342,38362,20
13.0495004654,80.2121582031,38392,38413,21
13.0444602966,80.2124099731,38493,38513,20
13.0442695618,80.2125930786,38534,38554,20
13.0443401337,80.2125167847,38554,38574,20
13.0440502167,80.2089233398,38635,38655,20
13.0407600403,80.2051391602,38735,38756,21
13.0394001007,80.2049789429,38786,38802,16
13.0392999649,80.1968765259,38945,38966,21
13.0389699936,80.1929168701,39066,39083,17
13.0367698669,80.1986618042,39216,39236,20
13.0363397598,80.2018203735,39287,39307,20
13.0354204178,80.2083816528,39438,39458,20
13.0325298309,80.2119216919,39559,39579,20
13.0312700272,80.2169418335,39942,39958,16
13.0322303772,80.2202911377,40011,40031,20
13.0281600952,80.231300354,40514,40534,20
13.0066099167,80.2465591431,44537,44557,20
13.0066099167,80.2417984009,44628,44648,20
13.0067396164,80.2403335571,44678,44698,20
13.0154304504,80.2248764038,45052,45072,20
13.0296096802,80.2308120728,45426,45446,20
13.0287303925,80.2239990234,45658,45678,20
13.0441398621,80.2090606689,47019,47039,20
13.0447502136,80.2122573853,47160,47176,16
13.0488595963,80.2071228027,47371,47401,30
13.0491504669,80.2072982788,48007,48028,21
13.0497903824,80.2117004395,48189,48205,16
13.0444402695,80.2124023438,48318,48348,30
13.0440797806,80.2089385986,48399,48419,20
13.0397996902,80.1931533813,48783,48804,21
13.0369300842,80.1965332031,48915,48935,20
13.0367097855,80.198677063,48955,48975,20
13.0363302231,80.2017288208,49026,49046,20
13.0310096741,80.2092819214,49379,49395,16
13.0298204422,80.230796814,50115,50135,20
13.0268697739,80.233001709,50276,50292,16
13.0246095657,80.2290420532,50334,50355,21
13.0239896774,80.2283325195,50375,50405,30
13.01541996,80.2258224487,50577,50593,16
13.0082302094,80.2336120605,50776,50797,21
13.0068302155,80.2495193481,51099,51120,21
13.0001497269,80.2563705444,51513,51533,20
12.9996900558,80.2562713623,51553,51570,17
12.997209549,80.2559280396,51622,51652,30
12.9969902039,80.2638168335,51815,51845,30
12.9961595535,80.2677001953,51865,51885,20
13.0003795624,80.2659683228,52027,52047,20
13.0003499985,80.2660064697,52047,52077,30
13.0006799698,80.2663421631,54895,54925,30
12.99559021,80.2673721313,55026,55046,20
12.999250412,80.2560424805,55329,55359,30
13.0059404373,80.2571792603,55460,55490,30
13.0065097809,80.2527008057,55571,55601,30
13.0074195862,80.2376708984,55894,55910,16
13.0192203522,80.2242431641,56406,56433,27
13.0259399414,80.2309570313,56566,56596,30
13.041469574,80.1960601807,57775,57791,16
13.0453100204,80.2122268677,58106,58122,16
13.0494804382,80.2122192383,59395,59416,21
13.0387096405,80.2007904053,59799,59815,16
13.0354003906,80.2084732056,60222,60242,20
13.0311098099,80.2238693237,60767,60787,20
13.0303497314,80.2285614014,60979,60995,16
13.0260095596,80.2316436768,61230,61260,30
13.0215301514,80.2259902954,61393,61413,20
13.0120000839,80.2271194458,61564,61580,16
13.0065898895,80.2549972534,62048,62068,20
12.9974498749,80.2559509277,62280,62300,20
13.000169754,80.2663803101,63388,63418,30
12.9956197739,80.2677307129,64003,64020,17
12.9962100983,80.2626419067,64143,64163,20
13.0056400299,80.2572937012,64516,64546,30
13.0065097809,80.2556991577,64597,64613,16
13.0065603256,80.2465820313,64857,64877,20
13.0074195862,80.236869812,65079,65099,20
13.015540123,80.2249679565,65372,65392,20
13.0181703568,80.2246398926,65432,65449,17
13.0197200775,80.2244720459,65481,65502,21
13.0258398056,80.2305679321,65674,65694,20
13.0284500122,80.2308502197,65754,65775,21
13.030380249,80.2284011841,65946,65966,20
13.0287103653,80.2240066528,66098,66118,20
13.0311899185,80.2232131958,66178,66198,20
13.0321998596,80.2197875977,66259,66279,20
13.031129837,80.2170410156,66350,66366,16
13.0303697586,80.2145614624,66418,66439,21
13.0314102173,80.2094268799,66663,66683,20
13.0351800919,80.2087783813,66753,66774,21
13.0368003845,80.1985321045,66986,67006,20
13.0387897491,80.1928787231,67147,67167,20
13.0413999557,80.1968231201,67298,67319,21
13.0410804749,80.2051773071,67500,67521,21
13.0441598892,80.2090377808,67611,67632,21
13.0443201065,80.2122268677,67702,67718,16
13.0467395782,80.2122268677,67761,67781,20
13.0470104218,80.2119598389,67811,67831,20
13.0488796234,80.2071914673,68023,68053,30
13.0491800308,80.2071533203,68165,68193,28
13.0491104126,80.2071914673,68193,68212,19
13.0491399765,80.20728302,69062,69082,20
13.0486402512,80.2077102661,69304,69334,30
13.0493803024,80.2089004517,69364,69393,29
13.0495300293,80.2107315063,69463,69484,21
13.0501203537,80.2118606567,69645,69665,20
13.0498600006,80.212097168,69665,69685,20
13.0439996719,80.2088317871,69948,69968,20
13.0423202515,80.2054672241,70018,70034,16
13.0386104584,80.1927566528,70380,70400,20
13.0367603302,80.1982269287,70511,70527,16
13.0303001404,80.2090301514,70892,70908,16
13.0299797058,80.2093200684,70908,70931,23
13.0306301117,80.2168426514,71123,71143,20
13.0311002731,80.2240219116,71334,71351,17
13.0298500061,80.2306976318,71585,71615,30
12.9999904633,80.256401062,72731,72751,20
12.9994297028,80.2562789917,72761,72782,21
12.9962501526,80.2677764893,73357,73387,30
12.9956102371,80.2675018311,73428,73448,20
12.9961395264,80.2626800537,73518,73539,21
13.0066204071,80.2482910156,74208,74228,20
13.0252504349,80.2297592163,74955,74975,20
13.0284004211,80.2309494019,75045,75066,21
13.0282001495,80.2249221802,75288,75304,16
13.0286302567,80.2240905762,75304,75326,22
13.0304098129,80.2167510986,75619,75639,20
13.0310697556,80.2108917236,75789,75811,22
13.0351696014,80.2088775635,76053,76073,20
13.0357999802,80.2024002075,76235,76255,20
13.0470504761,80.2121429443,76981,77001,20
13.0437803268,80.2112121582,78889,78909,20
13.0440397263,80.208770752,78929,78949,20
13.042090416,80.2053070068,79010,79026,16
13.0397500992,80.1931686401,79321,79337,16
13.0363502502,80.2017593384,79571,79591,20
13.0356502533,80.2052993774,79642,79662,20
13.030579567,80.216796875,80096,80116,20
13.0276699066,80.2270889282,80399,80419,20
13.0081996918,80.2335205078,81032,81053,21
13.0065898895,80.2416763306,81154,81184,30
13.0068397522,80.2498703003,81265,81295,30
13.0065402985,80.2548980713,81315,81335,20
13.0066604614,80.2573318481,81396,81416,20
12.9961204529,80.2631835938,81679,81698,19
12.9977397919,80.2564163208,82514,82534,20
13.075050354,80.275100708,18307,18337,30
13.0469198227,80.2486419678,19560,19577,17
13.0062103271,80.2474136353,20267,20287,20
12.9785604477,80.2525787354,20550,20570,20
12.9338598251,80.232963562,21135,21157,22
12.9136199951,80.229347229,21318,21335,17
12.9061203003,80.2283172607,21407,21428,21
12.8993196487,80.2279205322,21498,21519,21
12.8833398819,80.2266998291,21670,21686,16
12.85476017,80.2265777588,21941,21957,16
12.8061704636,80.2247085571,22434,22451,17
12.7867202759,80.2205734253,22645,22665,20
12.8050603867,80.2239837646,25384,25400,16
12.8454399109,80.2265090942,25755,25777,22
12.902879715,80.2279586792,26363,26383,20
13.0225696564,80.2266387939,28034,28054,20
13.0652599335,80.2676391602,32129,32150,21
13.0612001419,80.2652893066,32220,32238,18
13.0469198227,80.2486419678,32485,32505,20
13.0146799088,80.2261428833,33132,33162,30
12.9785299301,80.2525177002,33890,33906,16
12.9472398758,80.2400665283,34324,34344,20
12.9338798523,80.2330093384,34506,34534,28
12.8323602676,80.229133606,35707,35727,20
12.7876996994,80.2209320068,36273,36293,20
12.7871704102,80.2207183838,36313,36333,20
12.8012800217,80.2235183716,38407,38423,16
12.8055400848,80.2241134644,38475,38495,20
12.8310203552,80.229347229,38728,38758,30
12.8607797623,80.2264633179,39100,39120,20
12.8727903366,80.2265777588,39231,39252,21
12.8838596344,80.2266387939,39393,39409,16
12.9013900757,80.2278900146,39645,39661,16
12.902469635,80.2279205322,39661,39683,22
12.9139604568,80.2292404175,39846,39866,20
12.9473199844,80.2399597168,40240,40260,20
12.9508495331,80.2412414551,40311,40331,20
12.9665803909,80.2477874756,40564,40584,20
12.9770898819,80.2513427734,40685,40701,16
12.9797000885,80.2525787354,40765,40795,30
12.9875001907,80.2513580322,40876,40906,30
13.0065698624,80.2423400879,41149,41165,16
13.0066299438,80.2407913208,41165,41187,22
13.0114202499,80.2232818604,41389,41411,22
13.0225000381,80.2266387939,41663,41684,21
13.0263595581,80.2324295044,41805,41821,16
13.0296201706,80.2372589111,41884,41903,19
13.0577697754,80.2576599121,42500,42516,16
13.0618400574,80.2626571655,42589,42609,20
13.082110405,80.2783279419,43265,43286,21
13.0814199448,80.2750930786,46066,46086,20
13.0815496445,80.2759094238,46723,46743,20
13.0815496445,80.2757492065,46743,46763,20
13.0686903,80.2719497681,47016,47046,30
13.065290451,80.2676315308,47137,47157,20
13.061630249,80.2658615112,47218,47234,16
13.0351600647,80.2460174561,47773,47789,16
13.0232095718,80.227432251,48084,48114,30
13.020070076,80.2249679565,48175,48195,20
13.0146398544,80.2261123657,48276,48296,20
13.0062904358,80.2473983765,48633,48653,20
12.9786100388,80.252571106,48946,48967,21
12.9593801498,80.2448120117,49179,49199,20
12.9516401291,80.2416687012,49300,49320,20
12.949259758,80.2408676147,49351,49371,20
12.9358196259,80.2338409424,49563,49583,20
12.9255895615,80.2309265137,49735,49751,16
12.9135398865,80.229347229,49843,49864,21
12.899140358,80.2278671265,50137,50157,20
12.8836698532,80.2263870239,50289,50309,20
12.845700264,80.2266235352,50663,50683,20
12.7871599197,80.2207565308,51380,51397,17
12.7863702774,80.2203216553,52673,52703,30
12.8309698105,80.2293395996,53239,53259,20
12.8767499924,80.2268371582,53745,53761,16
12.9509096146,80.2412109375,54603,54623,20
12.9561195374,80.2432632446,54684,54714,30
12.956199646,80.2432785034,54714,54744,30
13.0114002228,80.2233505249,55603,55624,21
13.0224304199,80.2265090942,55816,55836,20
13.0263004303,80.232421875,55927,55957,30
13.0681295395,80.2704925537,56806,56822,16
13.0821504593,80.2782592773,58796,58816,20
13.0588102341,80.2654418945,59373,59392,19
13.0463199615,80.248588562,59686,59702,16
13.0233802795,80.2276763916,60190,60206,16
13.0060901642,80.2474212646,60754,60774,20
12.9516897202,80.2417068481,61532,61552,20
12.9516897202,80.2417068481,61552,61568,16
12.9398097992,80.2358169556,61724,61743,19
12.913649559,80.2293701172,62088,62118,30
12.9011602402,80.2280578613,62280,62310,30
12.8994102478,80.227897644,62351,62371,20
12.8454904556,80.2266464233,63068,63088,20
12.8454904556,80.2266464233,63088,63104,16
12.8324203491,80.2291412354,63259,63279,20
12.7881603241,80.2211227417,63855,63875,20
12.7866296768,80.2205429077,64088,64118,30
12.77064991,80.213142395,64381,64401,20
12.7299804688,80.1890106201,64937,64957,20
12.7250795364,80.1880264282,65028,65048,20
12.7222995758,80.1875,65119,65149,30
12.7296304703,80.1889801025,66999,67019,20
12.8389997482,80.2278366089,68495,68515,20
12.845199585,80.2265625,68617,68637,20
12.8766899109,80.226890564,68930,68950,20
12.8766899109,80.226890564,68950,68966,16
12.9029102325,80.2280197144,69312,69332,20
12.9139003754,80.2293014526,69474,69494,20
12.9336900711,80.2328186035,69696,69716,20
12.9396800995,80.2356796265,69787,69807,20
12.963060379,80.2465286255,70234,70264,30
12.9667901993,80.2479705811,70315,70335,20
12.9783601761,80.2523117065,70446,70467,21
12.9795799255,80.2526473999,70527,70543,16
13.0064296722,80.2465362549,70828,70849,21
13.0065803528,80.2417373657,70919,70936,17
13.0661296844,80.2680206299,72354,72370,16
13.0818996429,80.2755737305,72696,72726,30
13.0818996429,80.2755737305,72726,72742,16
13.0825395584,80.278717041,72836,72856,20
13.0816898346,80.2765197754,72907,72930,23
13.0759601593,80.2763824463,73023,73043,20
13.0502195358,80.2121963501,24193,24213,20
13.0447397232,80.212348938,24314,24344,30
13.034119606,80.2121429443,24504,24525,21
13.0202598572,80.2064590454,24757,24773,16
13.0093603134,80.2109985352,25068,25098,30
12.976360321,80.2217102051,26047,26077,30
12.9769802094,80.2227401733,26107,26127,20
12.9880800247,80.2521896362,26732,26749,17
12.9873199463,80.2593078613,26893,26923,30
12.9805698395,80.2500762939,29031,29047,16
12.9812698364,80.2378768921,29201,29221,20
12.9756498337,80.2210464478,29564,29584,20
12.987449646,80.2182388306,29867,29887,20
12.9976301193,80.2160263062,30038,30058,20
13.0299501419,80.2089080811,30754,30770,16
13.0315999985,80.2093963623,30782,30801,19
13.048500061,80.212020874,31146,31166,20
13.0697698593,80.2049026489,32144,32164,20
13.0566596985,80.2116317749,32427,32443,16
13.0304603577,80.2092590332,32989,33010,21
13.0222902298,80.206451416,33161,33177,16
13.0192499161,80.2063598633,33199,33219,20
13.010219574,80.2113876343,33583,33604,21
13.0101099014,80.2113571167,33684,33705,21
13.0100297928,80.2114181519,33725,33745,20
13.0094995499,80.2111206055,33765,33795,30
12.9763002396,80.2217178345,34844,34864,20
12.9816598892,80.2304992676,35016,35036,20
12.9801502228,80.2522125244,35379,35399,20
12.9877300262,80.2553405762,35722,35738,16
12.9870595932,80.2590637207,36920,36940,20
12.9871997833,80.2590789795,36940,36970,30
12.9878702164,80.2518768311,37112,37132,20
12.9798603058,80.252281189,37253,37273,20
12.9798603058,80.252281189,37273,37289,16
12.9756698608,80.2210769653,37896,37916,20
12.9838399887,80.2178878784,38148,38164,16
12.9999103546,80.2140579224,38470,38486,16
13.0516996384,80.2121963501,41363,41379,16
13.0366601944,80.2122497559,41704,41720,16
13.0187902451,80.2062225342,42066,42082,16
13.012339592,80.2211990356,42560,42580,20
13.0153999329,80.2252807617,42661,42681,20
12.9762096405,80.2216415405,43569,43590,21
12.9813098907,80.2387008667,43912,43932,20
12.9801197052,80.252243042,44144,44164,20
12.9870595932,80.2596435547,44729,44759,30
12.9875402451,80.2564163208,47201,47231,30
12.9813404083,80.2426986694,47674,47694,20
12.9812297821,80.2378921509,47785,47805,20
12.981880188,80.2326431274,47916,47936,20
12.9975404739,80.2160415649,48795,48815,20
13.0036001205,80.2119293213,48956,48976,20
13.0071401596,80.209777832,49077,49097,20
13.0301198959,80.2089691162,49622,49652,30
13.0437002182,80.2122802734,49944,49964,20
13.0541000366,80.21144104,50166,50186,20
13.0568799973,80.2114562988,50227,50243,16
13.0498504639,80.2121429443,51969,51985,16
13.0494804382,80.2121429443,51985,52008,23
13.0378398895,80.2123718262,52160,52180,20
13.0342197418,80.212097168,52251,52271,20
13.0295495987,80.2089309692,52392,52412,20
13.0134801865,80.204826355,52705,52721,16
13.0104398727,80.2253875732,53320,53336,16
12.9894304276,80.2188186646,53753,53770,17
12.9792404175,80.2187576294,53923,53945,22
12.976269722,80.2216491699,54028,54048,20
12.9812803268,80.2341537476,54270,54286,16
12.9813098907,80.2386932373,54317,54338,21
12.9805202484,80.2526092529,54580,54597,17
12.9868803024,80.2515182495,54659,54679,20
12.9871997833,80.2593307495,54931,54952,21
12.9870100021,80.2595062256,54982,54998,16
12.9868497849,80.2590637207,56131,56151,20
12.9871397018,80.2591018677,56161,56181,20
12.9799699783,80.2519302368,56544,56560,16
12.9758396149,80.2211685181,57097,57113,16
12.9921398163,80.2191085815,57357,57373,16
12.994600296,80.2173233032,57393,57416,23
13.0074596405,80.2097930908,57738,57759,21
13.0080900192,80.2036972046,57910,57926,16
13.065079689,80.21144104,59794,59814,20
13.0509300232,80.2122268677,60017,60037,20
13.0496997833,80.2122573853,60057,60077,20
13.0371303558,80.2123718262,60239,60255,16
13.0340795517,80.2121429443,60297,60316,19
13.0296401978,80.2090072632,60428,60448,20
13.0190401077,80.2063674927,60600,60620,20
12.9974002838,80.2165222168,61649,61679,30
12.9815998077,80.2336578369,62345,62365,20
12.9815196991,80.2337875366,62375,62391,16
12.9801502228,80.2522506714,62686,62707,21
12.9872198105,80.2595596313,63396,63416,20
12.9875802994,80.2561569214,65319,65339,20
12.9877004623,80.2552566528,65371,65391,20
12.9812297821,80.238067627,65905,65925,20
12.9812002182,80.2372894287,65945,65962,17
12.9816198349,80.233253479,66014,66034,20
12.9757795334,80.2211532593,66337,66357,20
12.9784898758,80.2190704346,66478,66494,16
13.0036401749,80.2119369507,67104,67134,30
13.0034799576,80.2098007202,67194,67210,16
13.0315799713,80.2093429565,67969,67989,20
13.0348997116,80.2115631104,68100,68116,16
13.0348596573,80.2119598389,68116,68136,20
13.0500602722,80.2119293213,68441,68457,16
13.0673103333,80.2086791992,68752,68773,21
13.0678596497,80.2051696777,69761,69782,21
13.0694303513,80.2057037354,69963,69979,16
13.0577096939,80.2116012573,70198,70218,20
13.0496997833,80.2121200562,70430,70450,20
13.038069725,80.2124176025,70602,70632,30
13.0344600677,80.2121582031,70702,70723,21
13.0328598022,80.2118225098,70783,70799,16
13.0303001404,80.2091369629,70852,70881,29
13.0128202438,80.2080078125,71227,71243,16
13.0093898773,80.2109832764,71427,71457,30
13.0097703934,80.2279510498,71810,71826,16
12.9973201752,80.2164993286,72100,72121,21
12.9812898636,80.2399368286,73119,73135,16
12.9813299179,80.2428817749,73168,73198,30
12.9800701141,80.2522125244,73319,73339,20
12.9800300598,80.2523117065,73339,73359,20
12.9871997833,80.2595291138,73905,73935,30
12.987739563,80.2549667358,74842,74862,20
12.9812498093,80.2381134033,75397,75413,16
12.9837903976,80.2178497314,76142,76162,20
12.9908504486,80.2192993164,76293,76310,17
13.0036697388,80.2119064331,76665,76685,20
13.0075397491,80.2098464966,76806,76826,20
13.0243997574,80.2067184448,77250,77266,16
13.0348596573,80.2120437622,77470,77500,30
13.0481796265,80.2120285034,77782,77802,20
13.0493297577,80.2119293213,77833,77853,20
13.0503997803,80.2121887207,79083,79104,21
13.0464200974,80.2144775391,79255,79271,16
13.0502099991,80.2069702148,85034,85064,30
13.0500497818,80.2072296143,85074,85094,20
12.9985303879,80.2564163208,18070,18092,22
12.9964704514,80.2677764893,19790,19810,20
12.996219635,80.2623901367,20612,20633,21
12.9962997437,80.2617263794,20653,20669,16
12.9988698959,80.2559585571,20782,20812,30
13.0183401108,80.2245483398,21579,21596,17
13.0192699432,80.2242507935,21596,21618,22
13.0311498642,80.223487854,22173,22189,16
13.0306997299,80.2099761963,22534,22550,16
13.0496101379,80.2102279663,23612,23628,16
13.0491199493,80.2073822021,26002,26032,30
13.049659729,80.2121887207,26113,26133,20
13.0494403839,80.2121887207,26143,26159,16
13.0446100235,80.212348938,26192,26212,20
13.0387401581,80.2005462646,26535,26551,16
13.0372800827,80.1959686279,26786,26816,30
13.0300798416,80.2095184326,27281,27302,21
13.030380249,80.2147216797,27453,27473,20
13.0289697647,80.2242202759,27766,27782,16
13.0277299881,80.2320022583,28077,28093,16
13.0240697861,80.2284011841,28287,28307,20
13.0145397186,80.2262268066,28499,28519,20
12.9968299866,80.2574768066,29276,29292,16
12.9956197739,80.2674331665,31070,31090,20
13.0065002441,80.2532196045,31524,31544,20
13.0066099167,80.2519226074,31585,31605,20
13.0065803528,80.2464981079,31686,31706,20
13.0074396133,80.2366485596,31888,31908,20
13.0156803131,80.225151062,32261,32281,20
13.0244197845,80.228477478,32463,32482,19
13.0321798325,80.2203979492,32897,32913,16
13.0359201431,80.2042007446,33431,33447,16
13.0488595963,80.2071609497,34276,34296,20
13.0490398407,80.2068481445,34317,34347,30
13.0499095917,80.2116928101,35669,35689,20
13.0495500565,80.2121810913,35719,35740,21
13.0441102982,80.2089691162,35931,35951,20
13.0397901535,80.1931991577,36375,36395,20
13.0386400223,80.1928634644,36426,36446,20
13.0372695923,80.195930481,36527,36547,20
13.0368700027,80.1985397339,36597,36618,21
13.0363998413,80.2016983032,36678,36708,30
13.0358200073,80.2058029175,36860,36876,16
13.0354299545,80.2084197998,36906,36927,21
13.0300703049,80.2096176147,37132,37162,30
13.0307397842,80.2169189453,37364,37384,20
13.0299901962,80.2273635864,37748,37764,16
13.0303297043,80.2293624878,37806,37836,30
13.0307197571,80.2306289673,37867,37887,20
13.0081501007,80.2338027954,38513,38543,30
13.0066003799,80.2557678223,38916,38932,16
12.9976396561,80.2561798096,39588,39609,21
12.9962596893,80.2677078247,39820,39841,21
12.9956197739,80.2673568726,40618,40638,20
13.0061197281,80.2573165894,41112,41128,16
13.0065402985,80.2465591431,41443,41463,20
13.0193099976,80.2242584229,42008,42028,20
13.0303201675,80.2293777466,42371,42388,17
13.0287799835,80.2240219116,42522,42542,20
13.0311803818,80.2230987549,42613,42633,20
13.0301103592,80.2092819214,43036,43057,21
13.0403699875,80.2037734985,43813,43830,17
13.0442695618,80.2116470337,44004,44023,19
13.0469102859,80.2121429443,44056,44076,20
13.0488500595,80.2072601318,44227,44257,30
13.0489597321,80.2068634033,44268,44288,20
13.0498199463,80.2116317749,45297,45327,30
13.0496902466,80.2122116089,45368,45398,30
13.0444698334,80.2124099731,45479,45499,20
13.0408496857,80.2051773071,45650,45670,20
13.0393600464,80.2049331665,45700,45717,17
13.0397596359,80.1931762695,45951,45971,20
13.0325403214,80.2119293213,46455,46476,21
13.0307998657,80.211227417,46647,46663,16
13.0321598053,80.2203521729,46897,46917,20
13.0311603546,80.2231063843,46988,47004,16
13.0302400589,80.2279510498,47238,47259,21
13.0306301117,80.23046875,47319,47339,20
13.0270395279,80.2329711914,47481,47501,20
13.0240602493,80.2284622192,47602,47622,20
13.0083503723,80.2324295044,47925,47941,16
13.0000696182,80.2664413452,48873,48889,16
13.0002803802,80.2660827637,48911,48932,21
12.9956197739,80.2673416138,50164,50184,20
12.9958496094,80.2650909424,50234,50251,17
12.9990797043,80.2560424805,50486,50516,30
13.0064697266,80.2532196045,50738,50758,20
13.0066003799,80.2478103638,50859,50889,30
13.0077800751,80.235168457,51121,51138,17
13.0193996429,80.2243728638,51433,51454,21
13.0284700394,80.2308578491,51696,51716,20
13.0353097916,80.2085571289,52553,52570,17
13.0377902985,80.192779541,52794,52814,20
13.0488996506,80.2071228027,53470,53500,30
13.0498199463,80.2116394043,55125,55155,30
13.0496101379,80.2121963501,55175,55205,30
13.0407896042,80.2051696777,55538,55565,27
13.035779953,80.2059020996,56143,56163,20
13.0354700089,80.2083816528,56203,56224,21
13.0325498581,80.2119064331,56314,56335,21
13.0290603638,80.2242736816,56880,56896,16
13.0303897858,80.2279281616,57009,57029,20
13.0269804001,80.2329788208,57202,57223,21
13.0239601135,80.2282409668,57344,57364,20
13.0068998337,80.249458313,57949,57969,20
13.0073204041,80.2574081421,58222,58242,20
12.9980802536,80.2560501099,58373,58393,20
12.9964199066,80.2623825073,58545,58565,20
12.9955596924,80.2675018311,59704,59724,20
12.996219635,80.2625274658,59815,59835,20
13.0156402588,80.2250900269,61108,61138,30
13.0214099884,80.2257385254,61269,61286,17
13.0284700394,80.2308273315,61429,61449,20
13.030380249,80.2281494141,61570,61586,16
13.0300998688,80.2092590332,62113,62133,20
13.0354995728,80.2068023682,62295,62311,16
13.0386896133,80.1928482056,62595,62615,20
13.0391397476,80.1929702759,62626,62642,16
13.0443401337,80.2118682861,63068,63098,30
13.0494298935,80.2091598511,63280,63300,20
13.0492696762,80.2081985474,64781,64801,20
13.0497999191,80.2122497559,64912,64933,21
13.0446796417,80.2124023438,65035,65065,30
13.0393695831,80.1929779053,65559,65575,16
13.0364198685,80.2018508911,65763,65786,23
13.0325803757,80.2119369507,66019,66049,30
13.029009819,80.2242507935,66604,66634,30
13.0298404694,80.2308883667,66896,66917,21
13.0239496231,80.2283401489,67149,67169,20
13.0142002106,80.226348877,67309,67330,21
13.0082702637,80.233543396,67462,67482,20
13.0068902969,80.2406387329,67573,67593,20
13.0066404343,80.2549362183,67865,67886,21
12.9983596802,80.2560424805,68259,68275,16
12.9972600937,80.2559661865,68297,68317,20
12.9999904633,80.2667007446,68812,68832,20
12.9956302643,80.2673797607,69468,69498,30
12.998840332,80.2561035156,69902,69932,30
12.9990301132,80.2561187744,69942,69962,20
13.0056800842,80.2574081421,70094,70114,20
13.0065002441,80.2466125488,70348,70368,20
13.0073699951,80.2368164063,70520,70550,30
13.0151195526,80.2247314453,70801,70822,21
13.0193195343,80.2243423462,70913,70932,19
13.0195798874,80.2244873047,70943,70964,21
13.024600029,80.2288589478,71065,71085,20
13.0287399292,80.2308883667,71206,71226,20
13.0303401947,80.2160568237,71821,71838,17
13.0303001404,80.2146606445,71838,71860,22
13.0300703049,80.2092895508,72011,72031,20
13.0354604721,80.2053985596,72243,72259,16
13.036239624,80.2015075684,72321,72342,21
13.0469799042,80.2121734619,73151,73171,20
13.0488300323,80.2073516846,73332,73352,20
13.0440196991,80.208946228,76247,76267,20
13.0396995544,80.1932296753,76590,76610,20
13.0385198593,80.1929626465,76630,76651,21
13.0321998596,80.2203216553,77569,77589,20
13.0290002823,80.2242584229,77710,77730,20
13.030670166,80.2306365967,77922,77952,30
13.0270299911,80.2329177856,78084,78114,30
13.0239095688,80.2282104492,78225,78245,20
12.9979200363,80.2559967041,79142,79163,21
12.9962501526,80.2622909546,79325,79345,20
13.0976696014,80.2422485352,25407,25437,30
13.0985403061,80.2342376709,25579,25595,16
13.1002397537,80.2146835327,25920,25950,30
13.0931901932,80.2256317139,26183,26199,16
13.0823898315,80.2336578369,26453,26474,21
13.0693798065,80.2434463501,27021,27041,20
13.0624103546,80.2433013916,27324,27342,18
13.0489997864,80.2401428223,27627,27643,16
13.0451803207,80.2326583862,27797,27817,20
13.0335102081,80.23046875,27978,27998,20
13.0271501541,80.2329711914,28159,28180,21
13.02161026,80.2259979248,28342,28358,16
13.019900322,80.2247619629,28370,28390,20
13.0160303116,80.2256393433,28431,28450,19
13.0082902908,80.2334365845,28592,28612,20
13.0069599152,80.2401580811,28693,28713,20
13.0069103241,80.2496871948,28825,28845,20
13.0012998581,80.2565994263,29026,29047,21
13.0007400513,80.2564620972,29067,29083,16
12.9977502823,80.2560806274,31753,31773,20
12.997179985,80.2569732666,34469,34499,30
13.0066204071,80.2527008057,35085,35101,16
13.0073900223,80.2367477417,35508,35528,20
13.0155200958,80.2249984741,35791,35811,20
13.0283098221,80.2308807373,36104,36124,20
13.0338697433,80.23046875,36244,36265,21
13.0342702866,80.2304229736,36275,36296,21
13.0344400406,80.2375411987,36437,36453,16
13.0540704727,80.2422332764,36899,36920,21
13.0700302124,80.2420806885,37202,37223,21
13.0835103989,80.2336502075,37667,37687,20
13.0977296829,80.2393875122,38959,38975,16
13.0981502533,80.2406768799,40543,40573,30
13.0985097885,80.2409667969,58558,58578,20
13.0983600616,80.2410202026,73656,73686,30
13.0987901688,80.2415771484,20941,20971,30
13.0984296799,80.2349624634,21173,21189,16
13.0998697281,80.2144393921,21585,21601,16
13.0888700485,80.2308425903,21947,21967,20
13.088259697,80.2326965332,22008,22024,16
13.0823802948,80.2336273193,22106,22127,21
13.05768013,80.2427825928,22874,22890,16
13.0448999405,80.2325668335,23194,23211,17
13.0066404343,80.2549591064,24172,24193,21
12.9997301102,80.2563018799,24445,24461,16
12.9960803986,80.2676925659,24665,24685,20
13.0001401901,80.2665863037,24746,24766,20
12.9957199097,80.2674179077,26088,26118,30
13.0010099411,80.2564315796,26340,26360,20
13.0066795349,80.2474822998,26723,26739,16
13.0073795319,80.2369689941,26875,26895,20
13.0154800415,80.2249832153,27137,27157,20
13.0343103409,80.2304229736,27531,27551,20
13.0343799591,80.2373580933,27702,27718,16
13.064330101,80.2435379028,28164,28180,16
13.0889396667,80.2304763794,28768,28788,20
13.0964298248,80.2191696167,28980,28996,16
13.0888299942,80.2309494019,31592,31622,30
13.0765104294,80.2372817993,32026,32056,30
13.0693397522,80.2433624268,32430,32450,20
13.0678195953,80.2465286255,32551,32571,20
13.0632295609,80.2442474365,32702,32722,20
13.0537595749,80.2422027588,32893,32914,21
13.0528001785,80.2418136597,32934,32954,20
13.0298900604,80.2307662964,33509,33531,22
13.0194301605,80.2244873047,33813,33829,16
13.0145397186,80.2261581421,33902,33932,30
13.0082197189,80.2337417603,34063,34084,21
13.0066699982,80.2548217773,34396,34417,21
12.9961996078,80.2677078247,34921,34941,20
12.9957895279,80.2675170898,35950,35980,30
12.9987802505,80.2559967041,36344,36364,20
12.9989299774,80.2560424805,36374,36394,20
13.0007696152,80.2564163208,36435,36465,30
13.0061798096,80.2574310303,36556,36586,30
13.0066299438,80.2478179932,36747,36767,20
13.0083799362,80.2322998047,37028,37044,16
13.0218496323,80.2260894775,37390,37410,20
13.0344696045,80.2303771973,37683,37703,20
13.0362300873,80.2394332886,37895,37915,20
13.0364904404,80.2394866943,37925,37941,16
13.0539398193,80.2421875,38316,38336,20
13.0803203583,80.2334823608,39002,39023,21
13.0839996338,80.2339172363,39174,39194,20
13.0973796844,80.2166671753,42231,42251,20
13.0744400024,80.2522201538,43149,43165,16
13.0453395844,80.2326583862,44096,44116,20
13.0371599197,80.2308807373,44247,44267,20
13.0301799774,80.230758667,44429,44449,20
13.0235996246,80.2278289795,44731,44747,16
13.0146598816,80.2261123657,44902,44922,20
13.0065698624,80.2575912476,45862,45879,17
13.0064897537,80.2526473999,45971,45991,20
13.0066604614,80.248298645,46062,46092,30
13.0153999329,80.224937439,46476,46496,20
13.0218296051,80.2260665894,46587,46607,20
13.0338602066,80.2304534912,46970,47000,30
13.0343799591,80.2375869751,47202,47218,16
13.0443201065,80.2406997681,47402,47422,20
13.0674695969,80.2428512573,47967,47983,16
13.0764598846,80.2376022339,48149,48169,20
13.0757904053,80.2338867188,48229,48245,16
13.0888395309,80.2305221558,48581,48602,21
13.0902795792,80.2284698486,48652,48671,19
13.0964097977,80.2190170288,48815,48835,20
13.1000099182,80.2144088745,53072,53092,20
13.0912904739,80.2275695801,53365,53395,30
13.0795001984,80.2334976196,53718,53738,20
13.0758495331,80.2338485718,53799,53815,16
13.0536499023,80.2421798706,54755,54783,28
13.0464200974,80.2385482788,54966,54982,16
13.0367298126,80.230758667,55236,55257,21
13.0335102081,80.23046875,55408,55438,30
13.013999939,80.2263793945,55943,55959,16
13.0068397522,80.2493591309,56275,56305,30
13.006819725,80.2511825562,56345,56361,16
13.0066604614,80.2568130493,56444,56464,20
13.0003795624,80.256401062,56636,56652,16
12.9996700287,80.2562713623,56652,56672,20
12.9968099594,80.2568817139,56805,56823,18
13.0001001358,80.2665023804,57088,57108,20
13.0003595352,80.2663803101,57713,57734,21
12.9956998825,80.2673034668,57855,57875,20
12.9984502792,80.2559585571,58137,58167,30
12.9990596771,80.2560806274,58188,58208,20
13.000120163,80.2563171387,58238,58254,16
13.0065803528,80.2520217896,58418,58448,30
13.0066204071,80.2479019165,58509,58539,30
13.0153102875,80.2248916626,59033,59049,16
13.0219202042,80.2261276245,59163,59184,21
13.026049614,80.2311477661,59265,59285,20
13.0540599823,80.2422714233,60244,60264,20
13.0566196442,80.2426605225,60305,60335,30
13.0625,80.2433624268,60466,60486,20
13.0698204041,80.2421264648,60617,60637,20
13.0914297104,80.2272796631,61223,61243,20
13.0963001251,80.2194824219,61364,61384,20
13.0983600616,80.2141723633,61485,61505,20
13.0923995972,80.2263870239,63423,63439,16
13.0823802948,80.2336196899,63664,63684,20
13.076499939,80.2372512817,63855,63875,20
13.0772600174,80.2406234741,63926,63956,30
13.0772600174,80.2406234741,63956,63972,16
13.0631599426,80.2476425171,64519,64535,16
13.0539102554,80.2423171997,64861,64882,21
13.0494203568,80.2402267456,65023,65039,16
13.0456495285,80.2326812744,65233,65253,20
13.0367803574,80.230796814,65384,65404,20
13.0334796906,80.2305603027,65543,65564,21
13.0270500183,80.2330169678,65715,65745,30
13.0198402405,80.2248001099,65998,66018,20
13.0082197189,80.2336578369,66240,66260,20
13.0068998337,80.2401885986,66351,66371,20
13.0065498352,80.2522277832,67776,67792,16
13.0065498352,80.2466812134,67945,67965,20
13.0073795319,80.2368087769,68147,68177,30
13.0153503418,80.2249908447,68460,68490,30
13.0219602585,80.2262573242,68641,68661,20
13.0237398148,80.2278518677,68712,68728,16
13.0258998871,80.2308120728,68821,68841,20
13.0293598175,80.2308883667,68912,68942,30
13.0564899445,80.2426834106,70053,70073,20
13.0699300766,80.2421417236,70377,70397,20
13.076379776,80.2373809814,70559,70579,20
13.0757198334,80.2341766357,70639,70655,16
13.0802402496,80.2335510254,70716,70737,21
13.0839500427,80.2340087891,70910,70930,20
13.0841197968,80.2340393066,70940,70958,18
13.0888795853,80.2305297852,71061,71081,20
13.088760376,80.2309188843,73271,73291,20
13.086139679,80.2344894409,73372,73388,16
13.0692501068,80.2433624268,74056,74076,20
13.0462198257,80.2395935059,74712,74742,30
13.013420105,80.2266616821,75640,75656,16
12.9957304001,80.2677764893,76667,76684,17
12.9956502914,80.2673416138,77996,78018,22
12.9987602234,80.2559661865,78270,78300,30
12.9989900589,80.2560424805,78310,78340,30
13.0061302185,80.2573623657,78441,78462,21
13.0112400055,80.2234573364,79189,79209,20
13.021900177,80.2260971069,79451,79472,21
13.0244998932,80.2287063599,79532,79552,20
13.0259599686,80.2311019897,79603,79623,20
13.0292100906,80.2308273315,79704,79720,16
13.0347099304,80.2303009033,79845,79875,30
13.0402402878,80.2398986816,80087,80107,20
13.0537900925,80.2421569824,80471,80487,16
13.0700101852,80.2420578003,80812,80832,20
13.0763902664,80.2373428345,80984,81003,19
13.0757703781,80.2341003418,81055,81085,30
13.0889196396,80.230430603,81489,81509,20
13.0913896561,80.2272720337,81559,81580,21
13.1002197266,80.2145080566,81802,81832,30
13.0989198685,80.2412261963,82345,82364,19
12.9635801315,80.2467727661,25007,25023,16
12.9351301193,80.2335205078,25348,25365,17
12.9193096161,80.230140686,25518,25538,20
12.9133701324,80.2293167114,25599,25619,20
12.8992795944,80.2279205322,25760,25781,21
12.8764295578,80.2264633179,26033,26053,20
12.8788404465,80.2144470215,26174,26191,17
12.8744697571,80.2100982666,26284,26305,21
12.8747301102,80.2100601196,26507,26537,30
12.8764896393,80.226852417,26884,26904,20
12.9138898849,80.2292404175,27412,27432,20
12.9472198486,80.2399368286,27877,27894,17
12.9781198502,80.2520599365,28310,28326,16
12.9786100388,80.2211914063,28894,28910,16
13.0071201324,80.2097625732,29428,29458,30
13.007349968,80.2097473145,29468,29484,16
13.0131998062,80.2099685669,29761,29777,16
13.0141801834,80.2236480713,31901,31917,16
12.9974603653,80.2165374756,32343,32363,20
12.9891195297,80.2218322754,32555,32571,16
12.9763803482,80.2218399048,32836,32856,20
12.9594402313,80.2448425293,33805,33825,20
12.9565601349,80.2436218262,33876,33892,16
12.9517202377,80.2416915894,33954,33975,21
12.9260902405,80.2310409546,34358,34379,21
12.901309967,80.2280578613,34792,34813,21
12.901260376,80.228012085,34823,34839,16
12.8990297318,80.2279129028,34859,34881,22
12.8764200211,80.2264862061,35184,35204,20
12.8792104721,80.2109832764,36477,36497,20
12.8764600754,80.226852417,36689,36719,30
12.9026603699,80.2279281616,37052,37072,20
12.9063596725,80.2281112671,37123,37153,30
12.9562301636,80.2433319092,37876,37896,20
12.9813699722,80.2428894043,38411,38431,20
12.9771404266,80.2226715088,38896,38916,20
12.9864997864,80.2229537964,39138,39158,20
12.9904499054,80.2203292847,39229,39249,20
13.0137395859,80.2043075562,39825,39841,16
13.0152902603,80.2250671387,41335,41365,30
13.0146598816,80.2260818481,41406,41423,17
13.002120018,80.2191772461,41647,41663,16
12.9337997437,80.233001709,43411,43427,16
12.9072198868,80.2283782959,43652,43682,30
12.8992900848,80.2279815674,43884,43904,20
12.8789596558,80.2109222412,44379,44409,30
12.8792695999,80.2110214233,45754,45774,20
12.8764200211,80.226852417,45976,45996,20
12.9002895355,80.2277832031,46329,46350,21
12.9139003754,80.2292404175,46572,46592,20
12.9263000488,80.2309036255,46723,46743,20
12.9397201538,80.2356033325,46976,46996,20
12.9509000778,80.2412414551,47238,47258,20
12.9812602997,80.2378921509,47925,47945,20
12.9816303253,80.2332763672,48005,48026,21
12.9771299362,80.22265625,48268,48288,20
12.9864397049,80.2229232788,48500,48520,20
12.9974002838,80.2165374756,51852,51872,20
12.9808397293,80.2291717529,52417,52433,16
12.9814195633,80.2425384521,52639,52659,20
12.9713497162,80.2498168945,52992,53008,16
12.9564399719,80.243637085,53183,53213,30
12.8998603821,80.2277984619,53990,54006,16
12.8763799667,80.2266235352,54222,54242,20
12.8791799545,80.2109680176,56374,56393,19
12.9020700455,80.2278823853,56909,56929,20
12.9060401917,80.2281036377,56980,57010,30
12.9137601852,80.2292098999,57121,57151,30
12.9291801453,80.2312927246,57353,57369,16
12.9336595535,80.2326965332,57392,57412,20
12.9811897278,80.2438278198,58211,58227,16
12.9815797806,80.2333297729,58411,58441,30
12.9770898819,80.2231826782,58633,58649,16
12.9904603958,80.2203598022,58954,58984,30
13.0070199966,80.2097473145,59358,59378,20
13.0124797821,80.2212905884,60667,60683,16
12.99077034,80.2201766968,61261,61281,20
12.9831800461,80.22215271,61473,61493,20
12.976099968,80.2214584351,61594,61624,30
12.8992795944,80.2278900146,63462,63482,20
12.8925504684,80.2274398804,63603,63619,16
12.8790197372,80.2109222412,63944,63965,21
12.874420166,80.2100830078,64056,64076,20
12.8792495728,80.2110290527,64873,64894,21
12.9033002853,80.2279815674,65479,65509,30
12.9064302444,80.2281799316,65570,65600,30
12.9264097214,80.2309417725,65873,65889,16
12.9798803329,80.2524185181,66790,66810,20
12.9806003571,80.2289962769,67244,67264,20
12.9774198532,80.2220077515,67497,67527,30
12.9864797592,80.2229690552,67769,67789,20
12.9868402481,80.2229995728,67800,67820,20
12.9911804199,80.2196807861,67941,67971,30
12.9975595474,80.2160110474,68173,68193,20
13.0070199966,80.2097396851,68426,68446,20
13.0115804672,80.2126464844,68840,68856,16
13.0093898773,80.2110595703,70082,70102,20
13.0118398666,80.2271270752,70387,70404,17
12.997420311,80.2164993286,70709,70739,30
12.9876003265,80.2230606079,71032,71062,30
12.9763002396,80.2217178345,71466,71482,16
12.9813404083,80.2426834106,71878,71898,20
12.9577198029,80.2440795898,72403,72419,16
12.8993196487,80.2278823853,73195,73216,21
12.8791503906,80.2109375,73660,73690,30
12.8746404648,80.2100982666,73794,73814,20
12.8764200211,80.2268829346,75218,75238,20
12.9138402939,80.2292404175,75945,75965,20
12.9404096603,80.2359313965,76329,76347,18
12.9668102264,80.2479476929,76915,76936,21
12.970290184,80.249420166,76986,77002,16
12.981300354,80.2427978516,77217,77237,20
12.9806003571,80.2290725708,77512,77532,20
12.9863595963,80.2229385376,77906,77922,16
12.9904403687,80.2202682495,78005,78025,20
13.0070495605,80.2097396851,78419,78439,20
13.0133800507,80.222869873,78914,78930,16
12.9975500107,80.255859375,83192,83212,20
13.0168800354,80.2600021362,83495,83511,16
13.0495901108,80.2108306885,85372,85402,30
12.7861700058,80.220413208,83,112,29
12.7862300873,80.2217636108,213,233,20
12.7863502502,80.2214202881,17986,18007,21
12.805439949,80.2240829468,18360,18380,20
12.8607797623,80.2264709473,18925,18946,21
12.8765201569,80.2268676758,19077,19107,30
12.8766202927,80.2268676758,19117,19133,16
12.9014701843,80.2278823853,19337,19357,20
12.9032402039,80.2280197144,19388,19404,16
12.9396600723,80.2355804443,19750,19772,22
12.9666004181,80.2477874756,20106,20126,20
12.9987897873,80.256072998,20610,20627,17
13.0066299438,80.2410888672,20911,20927,16
13.0155200958,80.224937439,21152,21172,20
13.0202798843,80.2248535156,21242,21259,17
13.0340595245,80.2304382324,21473,21493,20
13.0270204544,80.2329025269,24231,24251,20
13.0192098618,80.2245025635,24413,24429,16
13.0068798065,80.2510910034,24825,24845,20
12.9987201691,80.2561035156,25105,25126,21
12.997209549,80.2559509277,25166,25186,20
12.9959697723,80.2559204102,25206,25223,17
12.9490995407,80.2408218384,25829,25845,16
12.931599617,80.2320632935,26069,26086,17
12.9011802673,80.228012085,26350,26370,20
12.8789796829,80.2267913818,26623,26639,16
12.839220047,80.2278594971,26975,26991,16
12.7909002304,80.222038269,27549,27565,16
12.7862100601,80.2224884033,27743,27773,30
12.786239624,80.2215576172,30612,30642,30
12.78647995,80.2204208374,30693,30713,20
12.8205900192,80.23046875,31177,31193,16
12.8324804306,80.2289810181,31328,31350,22
12.8768901825,80.2268676758,31867,31883,16
12.8972196579,80.2276535034,32147,32164,17
12.9030103683,80.2279434204,32246,32268,22
12.9139404297,80.2292480469,32399,32419,20
12.9632797241,80.2465362549,33045,33065,20
12.9666099548,80.247833252,33126,33142,16
12.9784297943,80.2522506714,33296,33320,24
12.9865999222,80.2516479492,33382,33402,20
12.9987297058,80.2559585571,33695,33725,30
13.0013799667,80.2564926147,33796,33812,16
13.0064897537,80.252166748,34026,34056,30
13.0075597763,80.2362136841,34390,34406,16
13.014840126,80.2244567871,34632,34651,19
13.0153999329,80.224937439,34672,34702,30
13.0195999146,80.2244415283,34773,34803,30
13.0299396515,80.2308273315,37630,37650,20
13.0290899277,80.2308502197,37691,37707,16
13.0271196365,80.2329025269,37759,37779,20
13.0232801437,80.2275009155,37870,37890,20
13.0176401138,80.2249221802,38002,38018,16
13.015080452,80.2259597778,38070,38099,29
13.014380455,80.2262496948,38121,38141,20
13.0068597794,80.2404785156,38474,38494,20
13.0068702698,80.2494277954,38625,38646,21
13.0068702698,80.2509765625,38676,38706,30
13.0066404343,80.2549667358,38767,38783,16
12.9972400665,80.2558898926,39149,39170,21
12.9860801697,80.2555770874,39482,39503,21
12.9665403366,80.2479095459,39795,39812,17
12.9637098312,80.2468032837,39844,39874,30
12.9564599991,80.2436828613,39975,39995,20
12.9338798523,80.2330093384,40339,40359,20
12.9282999039,80.2312774658,40419,40435,16
12.9062404633,80.2283172607,40660,40681,21
12.8764400482,80.2270126343,41165,41185,20
12.8398799896,80.2276763916,41602,41623,21
12.839799881,80.2276992798,41623,41653,30
12.8248596191,80.2313766479,41814,41830,16
12.7879199982,80.2210998535,42216,42244,28
12.7875995636,80.2208023071,42295,42315,20
12.7861795425,80.2216110229,43244,43264,20
12.8395299911,80.227722168,44081,44102,21
12.9006595612,80.227897644,44828,44849,21
12.9023399353,80.2280197144,44889,44909,20
12.9138298035,80.2292480469,45041,45062,21
12.9487600327,80.240562439,45486,45516,30
12.9631996155,80.2465362549,45758,45788,30
12.9641895294,80.2470397949,45809,45825,16
12.9794797897,80.2525787354,46019,46039,20
12.9878396988,80.2543563843,46322,46343,21
12.9872598648,80.2588577271,54882,54902,20
12.9725704193,80.2501220703,55266,55286,20
12.95814991,80.244140625,55508,55524,16
12.9491901398,80.2408218384,55667,55687,20
12.9271602631,80.2311019897,56031,56047,16
12.9070100784,80.228302002,56291,56311,20
12.8993797302,80.2278366089,56412,56432,20
12.8886499405,80.2273178101,56574,56590,16
12.8455400467,80.2266082764,57066,57086,20
12.8295602798,80.2299575806,57359,57375,16
12.8050603867,80.2240066528,57609,57629,20
12.786239624,80.2207489014,58013,58043,30
12.7861995697,80.2212295532,59426,59447,21
12.7861700058,80.2208404541,59457,59477,20
12.8054599762,80.2241516113,59941,59971,30
12.8163204193,80.2294998169,60093,60109,16
12.8316402435,80.2292022705,60282,60303,21
12.8501796722,80.2265014648,60626,60646,20
12.8607597351,80.2265014648,60757,60777,20
12.8691196442,80.2263565063,60858,60874,16
12.9249696732,80.2308731079,61663,61680,17
12.933549881,80.2326889038,61803,61823,20
12.9395399094,80.2355880737,61904,61924,20
12.9510297775,80.2413330078,62146,62166,20
12.9562196732,80.243309021,62247,62263,16
12.9667596817,80.2478713989,62528,62548,20
12.9744997025,80.2505493164,62649,62679,30
12.9794101715,80.2525787354,62780,62800,20
12.9802398682,80.2526779175,62820,62837,17
12.9987897873,80.2559967041,63555,63576,21
13.0064401627,80.2533874512,63808,63824,16
13.0066699982,80.2406234741,64008,64028,20
13.0105199814,80.2253570557,64230,64246,16
13.011349678,80.2233505249,64258,64278,20
13.014960289,80.2245635986,64389,64413,24
13.0218601227,80.2260894775,64515,64536,21
13.0241804123,80.2282409668,64576,64596,20
13.0283098221,80.2308883667,64707,64727,20
13.0306596756,80.230758667,64818,64838,20
13.0334300995,80.2304611206,64879,64909,30
13.03083992,80.2306671143,66593,66613,20
13.0284996033,80.2309188843,66674,66690,16
13.0233201981,80.2275695801,66855,66875,20
13.0142803192,80.2262268066,67066,67087,21
13.0082502365,80.2333984375,67218,67238,20
12.9991703033,80.256111145,68104,68125,21
12.9987096786,80.2560424805,68135,68165,30
12.9983196259,80.2559814453,68165,68185,20
12.9653396606,80.2473678589,68963,68983,20
12.9513597488,80.2414779663,69275,69294,19
12.9491500854,80.2408218384,69306,69326,20
12.9398202896,80.2357635498,69492,69522,30
12.9338598251,80.2329177856,69603,69633,30
12.9231996536,80.2306137085,69784,69800,16
12.8989496231,80.2278823853,70217,70238,21
12.8883104324,80.2273406982,70399,70418,19
12.8453197479,80.2266616821,70975,70994,19
12.8244695663,80.2313232422,71257,71273,16
12.8188199997,80.2304916382,71296,71316,20
12.7863397598,80.2203598022,71710,71730,20
12.7862901688,80.2219314575,73739,73760,21
12.8501300812,80.2264328003,74689,74709,20
12.9024600983,80.2279205322,75275,75295,20
12.9394302368,80.2354431152,75729,75749,20
12.9563398361,80.2434310913,75981,76001,20
12.9960803986,80.2558670044,76809,76839,30
13.0064401627,80.2574234009,77092,77122,30
13.0338602066,80.2304000854,78172,78192,20
13.0278902054,80.2325515747,78960,78976,16
13.027009964,80.2328720093,78976,78998,22
13.0143499374,80.2261886597,79402,79422,20
13.0068798065,80.239982605,79685,79705,20
13.0068397522,80.2406921387,79725,79745,20
13.0068302155,80.2496337891,79866,79886,20
13.0066099167,80.2551803589,79967,79987,20
12.9981403351,80.2559661865,80210,80240,30
12.9977502823,80.2559585571,80240,80260,20
12.9965496063,80.2557983398,80290,80311,21
12.9861097336,80.2554397583,80462,80481,19
12.9648895264,80.2472763062,80755,80775,20
12.951499939,80.241569519,80997,81016,19
12.9470396042,80.2399673462,81098,81128,30
12.9335699081,80.2328186035,81300,81330,30
12.9133396149,80.2293167114,81552,81569,17
12.8992595673,80.2279205322,81732,81752,20
12.8825397491,80.2267608643,81985,82001,16
12.8765602112,80.2270584106,82033,82052,19
12.8456897736,80.2266464233,82386,82403,17
13.0759496689,80.2752532959,22432,22455,23
13.0821800232,80.2756576538,22932,22962,30
13.0819597244,80.275970459,22972,23002,30
13.0815095901,80.2752609253,23224,23245,21
13.0719203949,80.2747192383,23437,23467,30
13.0633897781,80.2672805786,23628,23644,16
12.9881896973,80.2513504028,24931,24961,30
12.9398498535,80.2358093262,25517,25533,16
12.9007101059,80.2279205322,25979,25995,16
12.8905801773,80.2273635864,26109,26130,21
12.8730802536,80.2267227173,26293,26316,23
12.832280159,80.2291564941,26733,26753,20
12.7863998413,80.2204589844,27248,27268,20
12.7251396179,80.188041687,27904,27925,21
12.722240448,80.1876831055,29278,29308,30
12.7245998383,80.1878967285,29369,29389,20
12.7678604126,80.2120666504,29904,29920,16
12.7864999771,80.220413208,30125,30146,21
12.8293399811,80.2300491333,30650,30669,19
12.8598804474,80.226348877,30974,30990,16
12.8851995468,80.2266235352,31194,31214,20
12.9006004333,80.2277984619,31376,31396,20
12.9411001205,80.2360610962,31891,31907,16
12.9472999573,80.2399368286,31949,31969,20
12.9665298462,80.247718811,32272,32293,21
12.9868001938,80.2515487671,32525,32545,20
13.0066995621,80.2404632568,32849,32868,19
13.026049614,80.2313308716,33435,33465,30
13.0310697556,80.2395935059,33586,33606,20
13.0470104218,80.2483520508,33909,33926,17
13.0680999756,80.2714767456,34353,34381,28
13.0712795258,80.2741012573,34452,34482,30
13.0145101547,80.2262573242,38655,38685,30
13.0069599152,80.239982605,38917,38938,21
12.9780902863,80.2522506714,39453,39469,16
12.9638395309,80.2469711304,39622,39643,21
12.9592695236,80.2448272705,39703,39723,20
12.9563703537,80.2437286377,39764,39794,30
12.9491796494,80.2409133911,39905,39925,20
12.9456796646,80.2394485474,39996,40012,16
12.9376602173,80.2347793579,40125,40146,21
12.9339504242,80.2330932617,40169,40189,20
12.8847799301,80.2267913818,40734,40754,20
12.8588495255,80.2263565063,41067,41083,16
12.805100441,80.2240905762,41712,41732,20
12.8048601151,80.2240600586,41742,41758,16
12.7867002487,80.2205886841,41992,42013,21
12.7500400543,80.2036590576,42558,42574,16
12.7301998138,80.1890487671,42818,42839,21
12.7250204086,80.188041687,42929,42950,21
12.7237997055,80.1877288818,46042,46062,20
12.76583004,80.2113494873,46618,46634,16
12.7864198685,80.2204208374,46828,46848,20
12.8767404556,80.2268218994,47926,47947,21
12.8851995468,80.2265777588,48027,48048,21
12.8999996185,80.2277832031,48239,48260,21
12.9025497437,80.2278823853,48340,48361,21
12.9278697968,80.2310409546,48694,48710,16
13.006529808,80.2462768555,49960,49980,20
13.0065603256,80.2434921265,50031,50047,16
13.0066299438,80.2404327393,50069,50089,20
13.0147399902,80.2242202759,50424,50444,20
13.022480011,80.2265625,50585,50606,21
13.0246601105,80.2287826538,50656,50676,20
13.02602005,80.2311630249,50717,50737,20
13.0264797211,80.2327575684,50767,50797,30
13.0310602188,80.2394104004,50898,50919,21
13.0389995575,80.2469100952,51171,51201,30
13.0606899261,80.2612075806,51565,51595,30
13.0755996704,80.276260376,51959,51979,20
13.0718803406,80.2746887207,53363,53383,20
13.0685796738,80.271987915,53474,53494,20
13.0350799561,80.2459793091,54181,54201,20
13.0310201645,80.2399520874,54362,54379,17
13.0233602524,80.2275466919,54513,54543,30
13.0143995285,80.2262268066,54725,54745,20
12.9636497498,80.2468185425,55573,55593,20
12.9591398239,80.2446517944,55664,55680,16
12.9132699966,80.229309082,56238,56258,20
12.9026002884,80.2281036377,56379,56395,16
12.8590497971,80.2263565063,56892,56908,16
12.8455200195,80.2266464233,57032,57053,21
12.78647995,80.2204437256,57790,57806,16
12.7862100601,80.2211608887,59405,59425,20
12.8403396606,80.2274703979,60324,60340,16
12.8717603683,80.2266616821,60675,60691,16
12.9064397812,80.2281723022,61158,61178,20
12.9633798599,80.2466278076,62068,62098,30
12.9787197113,80.2524490356,62320,62336,16
13.006480217,80.246421814,62702,62722,20
13.0112495422,80.2235717773,63007,63027,20
13.011179924,80.2234115601,63027,63048,21
13.015540123,80.2249984741,63159,63179,20
13.0224399567,80.2265625,63290,63310,20
13.0226402283,80.2267608643,63320,63336,16
13.0307798386,80.2391281128,63531,63551,20
13.0471200943,80.2484588623,63966,63986,20
13.0663795471,80.2682266235,64400,64420,20
13.0681600571,80.2710418701,64501,64517,16
13.0719003677,80.2746887207,65942,65960,18
13.057849884,80.2636795044,66356,66372,16
13.056429863,80.2573623657,66455,66474,19
13.046959877,80.2486190796,66648,66664,16
13.0267601013,80.2335662842,67100,67121,21
13.0239601135,80.2282028198,67242,67258,16
13.0231199265,80.2273635864,67258,67280,22
13.0198001862,80.2247390747,67372,67392,20
13.0141601563,80.2263183594,67493,67513,20
12.99036026,80.2507476807,68170,68186,16
12.9563999176,80.243598938,68784,68804,20
12.9449300766,80.238822937,69036,69053,17
12.9400596619,80.2358703613,69095,69115,20
12.9337100983,80.2328414917,69196,69216,20
12.9260501862,80.2309494019,69307,69327,20
12.9132699966,80.2292709351,69469,69489,20
12.8991203308,80.2278289795,69770,69790,20
12.8929195404,80.2274398804,69871,69891,20
12.8000898361,80.2234573364,71025,71041,16
12.7955598831,80.2228775024,71063,71082,19
12.7871303558,80.220703125,71195,71215,20
12.7861604691,80.2208404541,71457,71477,20
12.804980278,80.2238998413,72760,72780,20
12.9007997513,80.2277603149,73833,73853,20
12.9638395309,80.246711731,74721,74738,17
12.9795598984,80.2525863647,74902,74922,20
13.0200500488,80.2247161865,75811,75827,16
13.02643013,80.2326278687,75981,76001,20
13.0297403336,80.2372817993,76082,76102,20
13.0314302444,80.2401733398,76163,76179,16
13.0611200333,80.2616271973,76787,76807,20
13.0636396408,80.2649993896,76868,76884,16
13.0714502335,80.2741775513,77108,77138,30
13.0820999146,80.2783737183,77422,77452,30
13.0760097504,80.2763595581,77604,77621,17
13.0748996735,80.2754516602,81856,81876,20
13.0985403061,80.2409591675,18673,18693,20
13.0988502502,80.2416000366,19649,19669,20
13.0964202881,80.2194595337,20728,20744,16
13.0888500214,80.2309036255,20908,20928,20
13.0794801712,80.2335586548,21160,21180,20
13.076499939,80.2371673584,21311,21327,16
13.0591201782,80.2425689697,21813,21829,16
13.0509300232,80.2405776978,22003,22023,20
13.0352201462,80.2303009033,22406,22436,30
13.0145998001,80.2261581421,22910,22927,17
13.0074300766,80.237487793,23111,23131,20
12.9969301224,80.256477356,23579,23599,20
12.9969301224,80.256477356,23599,23615,16
12.9960403442,80.2676696777,23829,23858,29
13.0000801086,80.2666015625,23919,23940,21
12.9988603592,80.2560119629,25633,25654,21
13.0010499954,80.2564163208,25704,25734,30
13.0066003799,80.2466201782,26085,26104,19
13.0074195862,80.236831665,26226,26246,20
13.0197601318,80.2245330811,26578,26599,21
13.0220098495,80.2261734009,26650,26670,20
13.0222501755,80.2264022827,26680,26696,16
13.0285396576,80.2308883667,26789,26809,20
13.0343904495,80.2304000854,26900,26930,30
13.0448303223,80.2403869629,27288,27308,20
13.0699501038,80.2421035767,27834,27854,20
13.0757799149,80.2340393066,28046,28066,20
13.0882396698,80.2323989868,28399,28415,16
13.1002502441,80.2145004272,28792,28812,20
13.1002502441,80.2148513794,30586,30607,21
13.0920200348,80.2268066406,30859,30875,16
13.0912504196,80.2276306152,30875,30897,22
13.0823602676,80.2336730957,31129,31149,20
13.0763597488,80.236618042,31340,31356,16
13.0692996979,80.2432479858,31722,31742,20
13.0538902283,80.2423019409,32185,32201,16
13.0508203506,80.2405014038,32274,32293,19
13.0337896347,80.2304229736,32679,32699,20
13.0308799744,80.23072052,32750,32770,20
13.0150299072,80.2259521484,33183,33204,21
13.0066204071,80.2577285767,35272,35292,20
13.0066404343,80.253288269,35363,35383,20
13.0218601227,80.2260818481,36230,36250,20
13.0245704651,80.2287979126,36320,36336,16
13.0345497131,80.23777771,36782,36798,16
13.0548095703,80.2422637939,37295,37311,16
13.068860054,80.2423706055,37587,37616,29
13.0690002441,80.2423782349,37626,37646,20
13.0699100494,80.2421188354,37676,37696,20
13.0762996674,80.2371292114,37838,37858,20
13.0840196609,80.2339172363,38150,38170,20
13.0963802338,80.2192764282,38553,38569,16
13.1001596451,80.2144622803,38692,38713,21
13.0888004303,80.2309265137,40557,40577,20
13.0840797424,80.2339935303,40759,40775,16
13.0794696808,80.2335510254,40878,40908,30
13.0692901611,80.2434005737,41442,41462,20
13.0633602142,80.2476501465,41654,41670,16
13.0587997437,80.2426300049,41874,41894,20
13.047249794,80.2398071289,42206,42222,16
13.0335197449,80.2304229736,42676,42695,19
13.0298404694,80.2308578491,42768,42788,20
13.0290699005,80.2309112549,42808,42830,22
13.019659996,80.2246170044,43155,43171,16
13.0065803528,80.2542572021,43768,43784,16
13.0065698624,80.257019043,43825,43846,21
12.9996404648,80.2563095093,44199,44219,20
12.9972600937,80.2559585571,44270,44300,30
12.9961204529,80.2677001953,44491,44512,21
13.0000200272,80.2666091919,44582,44598,16
12.9957895279,80.2677230835,44973,44993,20
12.9956798553,80.2674102783,45004,45024,20
12.998749733,80.2559967041,45387,45407,20
13.0066299438,80.252243042,45679,45709,30
13.0066604614,80.2483978271,45790,45820,30
13.0073795319,80.236831665,46042,46072,30
13.0111103058,80.2234115601,46223,46253,30
13.0131101608,80.2224807739,46314,46330,16
13.0155496597,80.2250289917,46372,46392,20
13.024600029,80.2288665771,46574,46594,20
13.0333003998,80.2305221558,46826,46846,20
13.034040451,80.230430603,46876,46896,20
13.0410900116,80.2405319214,47330,47350,20
13.0444297791,80.2406082153,47400,47421,21
13.0539999008,80.2422027588,47693,47723,30
13.0624799728,80.2432632446,47904,47920,16
13.0767002106,80.2336196899,48339,48359,20
13.0802202225,80.2334823608,48420,48440,20
13.0825195313,80.2311630249,48510,48526,16
13.0840597153,80.2339096069,48589,48609,20
13.098449707,80.2139282227,49053,49083,30
13.1001996994,80.2144470215,49123,49153,30
13.1004104614,80.2145385742,49163,49184,21
13.0880002975,80.234046936,52087,52103,16
13.076499939,80.2372589111,52388,52408,20
13.0613803864,80.2468109131,53003,53019,16
13.0631399155,80.2442321777,53039,53061,22
13.0341796875,80.2304229736,53868,53898,30
13.0170698166,80.225189209,54363,54379,16
13.0068397522,80.2494735718,54775,54795,20
13.0066099167,80.256980896,55269,55299,30
13.0194597244,80.2243728638,56136,56166,30
13.0291996002,80.2307434082,56428,56447,19
13.0343198776,80.2303619385,56539,56559,20
13.0407304764,80.2405014038,56903,56919,16
13.0562801361,80.2424621582,57173,57193,20
13.0580301285,80.24269104,57244,57260,16
13.0945396423,80.2238464355,58140,58156,16
13.1002397537,80.2144775391,58351,58371,20
13.1004400253,80.2145690918,58381,58411,30
13.0760698318,80.2348937988,60268,60284,16
13.0766897202,80.2520217896,60518,60534,16
13.0692796707,80.2432785034,60677,60697,20
13.0631399155,80.2443237305,60929,60959,30
13.0465803146,80.2376785278,61403,61419,16
13.0334501266,80.230506897,61794,61824,30
13.0278701782,80.2326278687,61976,61993,17
13.0241298676,80.2284698486,62126,62156,30
13.0145397186,80.2262191772,62338,62368,30
13.008099556,80.2341003418,62519,62535,16
13.0069599152,80.2399215698,62597,62618,21
13.0068998337,80.2407531738,62638,62668,30
13.006649971,80.2548599243,62860,62880,20
12.9997301102,80.2563095093,63123,63153,30
12.9970998764,80.2559585571,63214,63244,30
12.9962701797,80.2623901367,63365,63385,20
13.0002202988,80.2662734985,64514,64544,30
12.9960002899,80.2677307129,64625,64645,20
12.9956302643,80.2675323486,64665,64685,20
12.9961595535,80.2625808716,64786,64806,20
12.9964799881,80.2595825195,64847,64867,20
13.0064897537,80.2532577515,65270,65290,20
13.0066003799,80.247177124,65431,65452,21
13.0111904144,80.2236862183,65804,65825,21
13.021900177,80.2261276245,66087,66107,20
13.0246400833,80.2288284302,66177,66193,16
13.028459549,80.2308425903,66276,66306,30
13.0295801163,80.2307662964,66327,66347,20
13.0309801102,80.2306594849,66407,66425,18
13.0331201553,80.2304763794,66438,66466,28
13.052280426,80.2407913208,67315,67345,30
13.0539703369,80.2421798706,67385,67415,30
13.0624704361,80.2433013916,67627,67657,30
13.0634298325,80.2434616089,67677,67693,16
13.0699396133,80.2420196533,67837,67867,30
13.0763597488,80.2372436523,68038,68059,21
13.0804195404,80.2334976196,68240,68256,16
13.0963001251,80.2193832397,68833,68863,30
13.097120285,80.2168731689,68913,68934,21
13.1001195908,80.2144165039,69055,69085,30
13.0965595245,80.2188873291,70516,70537,21
13.0940904617,80.2244262695,70627,70643,16
13.0911598206,80.2275619507,70676,70696,20
13.0887804031,80.2308578491,70766,70787,21
13.0856599808,80.2342834473,70897,70914,17
13.0823202133,80.233581543,70996,71016,20
13.0795097351,80.2334518433,71067,71097,30
13.0764303207,80.237197876,71228,71258,30
13.0692796707,80.243309021,71722,71742,20
13.0625896454,80.2433013916,72095,72111,16
13.0559597015,80.2423019409,72256,72280,24
13.0537099838,80.2421798706,72280,72302,22
13.0368499756,80.2306594849,72746,72763,17
13.014380455,80.2261810303,73480,73500,20
13.013420105,80.2265701294,73521,73537,16
13.0020198822,80.2565994263,74163,74193,30
13.0000495911,80.2563171387,74224,74245,21
12.997130394,80.2559127808,74325,74355,30
12.9968595505,80.2569122314,74376,74406,30
12.9962596893,80.2624206543,74506,74527,21
13.0003004074,80.2663574219,75394,75414,20
12.9968395233,80.2563934326,75807,75827,20
12.9988098145,80.2559814453,75878,75898,20
13.0064897537,80.2541122437,76110,76140,30
13.0064897537,80.2531967163,76160,76180,20
13.0066404343,80.2452392578,76513,76529,16
13.0154600143,80.224899292,76903,76924,21
13.021900177,80.2260971069,77045,77075,30
13.0245895386,80.2288894653,77136,77156,20
13.0344600677,80.2303771973,77408,77438,30
13.0401096344,80.2398834229,77700,77721,21
13.0409202576,80.2405166626,77761,77791,30
13.0446300507,80.2404098511,77842,77872,30
13.0513296127,80.2405471802,78003,78019,16
13.054019928,80.2421875,78061,78082,21
13.0639801025,80.2434463501,78314,78330,16
13.0699596405,80.2420272827,78464,78484,20
13.0764598846,80.237411499,78635,78655,20
13.0803203583,80.2334823608,78806,78827,21
13.0839796066,80.2339019775,79008,79038,30
13.0888500214,80.2304534912,79149,79168,19
13.0913801193,80.2271881104,79220,79240,20
13.1001996994,80.2144622803,79583,79613,30
13.0761098862,80.2753295898,9536,9566,30
13.0761404037,80.2753372192,9576,9597,21
13.0760402679,80.2755813599,12999,13019,20
13.0758895874,80.2756271362,13019,13039,20
13.0757198334,80.2755889893,13403,13433,30
13.0756797791,80.275680542,13988,14009,21
13.0756196976,80.2757720947,14019,14039,20
13.075510025,80.2754592896,15907,15927,20
13.0757799149,80.2757415771,15967,15988,21
13.0759000778,80.2753219604,16211,16231,20
13.0758600235,80.2754364014,16393,16423,30
13.0757598877,80.2755737305,16726,16746,20
13.0757598877,80.2755432129,16766,16786,20
13.0760402679,80.2757415771,16817,16847,30
13.0756196976,80.2753601074,16887,16907,20
13.0755395889,80.2752838135,16907,16928,21
13.0756597519,80.2755203247,16938,16958,20
13.0758304596,80.2753601074,17119,17140,21
13.0755901337,80.2754211426,17170,17190,20
13.075799942,80.2754592896,17332,17352,20
13.075750351,80.2756195068,17574,17604,30
13.0757598877,80.2755279541,17614,17634,20
13.0756797791,80.2753219604,19442,19472,30
13.0757598877,80.2755432129,19800,19815,15
13.0758895874,80.2762527466,23931,23961,30
13.074760437,80.2763214111,25455,25471,16
13.0605201721,80.2654037476,25737,25757,20
13.015250206,80.2258377075,26574,26590,16
13.0069704056,80.2398834229,26875,26895,20
12.9881696701,80.251373291,27259,27279,20
12.9587497711,80.2444992065,27693,27709,16
12.9491701126,80.2408599854,27842,27862,20
12.9444999695,80.2383422852,27953,27969,16
12.932009697,80.2322463989,28144,28160,16
12.8908395767,80.2273788452,28738,28754,16
12.8461303711,80.2266235352,29191,29207,16
12.8324604034,80.2291183472,29360,29381,21
12.8189601898,80.230506897,29532,29552,20
12.7866296768,80.2205200195,29926,29956,30
12.8851804733,80.2266387939,32965,32981,16
12.9139499664,80.2292480469,33387,33417,30
12.939789772,80.2356567383,33730,33751,21
12.9783697128,80.2522201538,34344,34374,30
13.0066404343,80.2449493408,34768,34784,16
13.0114202499,80.2232437134,35028,35049,21
13.0155601501,80.2249603271,35149,35170,21
13.0225200653,80.2266464233,35321,35349,28
13.0297498703,80.2374420166,35551,35567,16
13.0349397659,80.2455215454,35691,35711,20
13.0473203659,80.2485275269,36044,36060,16
13.0756502151,80.2762908936,36647,36664,17
13.0815496445,80.2756271362,38865,38885,20
13.0686101913,80.2719573975,39128,39148,20
13.0465698242,80.2485198975,39703,39719,16
13.0268201828,80.2336578369,40096,40126,30
13.0231304169,80.2273635864,40257,40277,20
13.0145702362,80.2261886597,40469,40499,30
13.0085296631,80.2314910889,40590,40606,16
13.0060796738,80.2473983765,40820,40841,21
13.004360199,80.2474517822,40871,40887,16
12.9636602402,80.2467727661,41405,41435,30
12.9518299103,80.2416763306,41627,41647,20
12.9518299103,80.2416763306,41647,41663,16
12.9492301941,80.2407989502,41686,41707,21
12.9339103699,80.233001709,41919,41939,20
12.9317302704,80.2320022583,41979,41995,16
12.9133195877,80.229309082,42149,42169,20
12.9016199112,80.2280578613,42320,42341,21
12.8610601425,80.2266082764,42896,42916,20
12.8041601181,80.2239074707,43633,43651,18
12.7888298035,80.2213668823,43834,43855,21
12.7886800766,80.221282959,43855,43885,30
12.787560463,80.2209014893,44026,44046,20
12.7865600586,80.2205123901,44137,44157,20
12.7861795425,80.2211380005,44228,44248,20
12.7861795425,80.2212295532,45964,45984,20
12.8453798294,80.2265167236,46933,46963,30
12.8851699829,80.2266235352,47377,47397,20
12.8921203613,80.2272567749,47468,47488,20
12.9025402069,80.2279663086,47670,47690,20
12.9065303802,80.2281494141,47741,47771,30
12.9263601303,80.2309188843,47963,47993,30
12.9336395264,80.2327270508,48074,48094,20
12.9366703033,80.23412323,48144,48161,17
12.9395999908,80.2356033325,48173,48193,20
12.9486904144,80.2405776978,48325,48355,30
12.9634304047,80.24659729,48598,48628,30
12.9669103622,80.2479629517,48678,48698,20
13.0216999054,80.2259597778,49829,49845,16
13.0225400925,80.2266387939,49845,49866,21
13.0295600891,80.2372207642,50049,50065,16
13.0606298447,80.2611465454,50693,50709,16
13.0704097748,80.2734222412,50943,50960,17
13.0820503235,80.2754898071,51234,51254,20
13.081990242,80.2752838135,52920,52950,30
13.0653896332,80.2676086426,54220,54240,20
13.0651102066,80.2675323486,54250,54267,17
13.0604801178,80.2654037476,54328,54351,23
13.0126104355,80.2269134521,55503,55519,16
12.9398097992,80.2357711792,56660,56676,16
12.9338703156,80.2329483032,56731,56751,20
12.9133300781,80.2292861938,56923,56944,21
12.901049614,80.2279891968,57156,57172,16
12.8993797302,80.2278671265,57194,57213,19
12.8738098145,80.2267532349,57478,57495,17
12.8242797852,80.2313308716,57982,58002,20
12.7863197327,80.2203979492,58446,58467,21
12.7222003937,80.187828064,60082,60102,20
12.7243204117,80.1878967285,60647,60668,21
12.7710800171,80.213218689,61172,61192,20
12.7865200043,80.220489502,61455,61475,20
12.8056497574,80.2242279053,61909,61925,16
12.845459938,80.2265396118,62452,62472,20
12.8499603271,80.2265777588,62533,62549,16
12.8728103638,80.2266387939,62733,62753,20
12.9032897949,80.2280197144,63207,63227,20
12.9633302689,80.2465515137,64116,64146,30
13.0065898895,80.2431182861,64843,64859,16
13.0077495575,80.2352294922,65012,65032,20
13.0155601501,80.2250213623,65244,65265,21
13.0662202835,80.2681121826,66688,66718,30
13.0654001236,80.2676086426,68908,68928,20
13.0468196869,80.2485427856,69392,69413,21
13.0266504288,80.2333297729,69847,69877,30
13.0245704651,80.2289810181,69967,69988,21
13.023440361,80.2276611328,70038,70059,21
13.014289856,80.2262191772,70232,70252,20
12.9650297165,80.2473373413,71191,71211,20
12.9650297165,80.2473373413,71211,71228,17
12.9488801956,80.2407226563,71502,71522,20
12.9013900757,80.2279815674,72190,72210,20
12.8995103836,80.2278366089,72260,72281,21
12.8056497574,80.2242507935,73381,73397,16
12.7863397598,80.2203598022,73662,73692,30
12.7595100403,80.2087020874,74076,74092,16
12.7222795486,80.1874465942,74682,74712,30
12.7246103287,80.1879119873,76025,76045,20
12.7863397598,80.2203598022,76732,76762,30
12.7962703705,80.22290802,76873,76893,20
12.828379631,80.2305297852,77236,77252,16
12.8453197479,80.2265319824,77435,77455,20
12.892370224,80.2272872925,77921,77937,16
12.9113197327,80.2289199829,78222,78238,16
12.9138298035,80.2292404175,78238,78258,20
12.9341497421,80.2329711914,78502,78518,16
12.9488601685,80.2406616211,78672,78692,20
12.9793996811,80.2525482178,79025,79045,20
13.0079603195,80.2339019775,79570,79586,16
13.0153398514,80.2249298096,79750,79770,20
13.0713596344,80.2742614746,80901,80921,20
13.0759801865,80.2762298584,81015,81045,30
13.0819702148,80.2755279541,81177,81198,21
13.0819997787,80.2783203125,81369,81386,17
13.0265598297,80.2659683228,5885,5915,30
13.0266799927,80.2660522461,6026,6047,21
13.0265302658,80.2660217285,6047,6067,20
13.0266199112,80.2660827637,6208,6228,20
13.026599884,80.2660827637,6329,6349,20
13.026599884,80.2660980225,6481,6511,30
13.0264701843,80.2660675049,6602,6622,20
13.0266599655,80.2659378052,6743,6773,30
13.026720047,80.2659835815,6804,6824,20
13.0267095566,80.2662124634,6874,6894,20
13.0266799927,80.2660827637,6985,7005,20
13.0265798569,80.265838623,7015,7036,21
13.0265598297,80.2659912109,7399,7419,20
13.026599884,80.2659835815,7682,7712,30
13.0265398026,80.2660217285,7863,7883,20
13.0269699097,80.2659912109,18748,18768,20
13.0265703201,80.2660903931,18980,19000,20
13.026309967,80.2658996582,20151,20181,30
13.026599884,80.2660598755,21100,21120,20
13.02684021,80.2659683228,21897,21917,20
13.0457696915,80.2573623657,25726,25743,17
13.077580452,80.2616119385,26512,26540,28
13.0775003433,80.2613677979,26540,26560,20
13.0768404007,80.2603225708,26621,26641,20
13.0790195465,80.2549514771,26783,26803,20
13.0813999176,80.2497787476,26955,26971,16
13.0980195999,80.237487793,27357,27373,16
13.1053199768,80.207901001,28273,28293,20
13.0876302719,80.2436599731,29101,29121,20
13.0859298706,80.2502288818,29313,29329,16
13.0857200623,80.2518386841,29329,29351,22
13.0839195251,80.2545471191,29432,29452,20
13.0611400604,80.2652816772,30280,30296,16
13.0565595627,80.2574768066,30409,30429,20
13.0446100235,80.2664794922,30734,30754,20
13.042719841,80.2796630859,30946,30962,16
13.0439796448,80.2709884644,33747,33768,21
13.0446500778,80.2637329102,33919,33949,30
13.1052904129,80.2082672119,37884,37904,20
13.0986003876,80.2340698242,38803,38833,30
13.0772800446,80.2632217407,40042,40072,30
13.0706596375,80.2651824951,40232,40253,21
13.0670404434,80.2702865601,40404,40424,20
13.0568399429,80.2587814331,40687,40707,20
13.0534696579,80.2526626587,40787,40808,21
13.0533800125,80.2525405884,40808,40838,30
13.0459299088,80.258140564,40969,40989,20
13.0455904007,80.257522583,40989,41018,29
13.0447702408,80.2630615234,41048,41068,20
13.0445098877,80.2691268921,41139,41159,20
13.0224399567,80.2761535645,42036,42056,20
13.0388202667,80.2787780762,43467,43487,20
13.0433998108,80.2770004272,43588,43618,30
13.0444602966,80.2686004639,43780,43800,20
13.0444803238,80.2685623169,43800,43830,30
13.061920166,80.2628479004,44466,44496,30
13.0642795563,80.2660903931,44557,44577,20
13.0665502548,80.2683486938,44638,44668,30
13.0706396103,80.2652893066,44779,44809,30
13.0943403244,80.2412490845,45980,46000,20
13.1027603149,80.2086029053,46703,46724,21
13.1052999496,80.2080917358,46873,46903,30
13.1052598953,80.2081298828,47327,47347,20
13.1053495407,80.2085418701,47519,47539,20
13.1055202484,80.2079620361,48377,48397,20
13.1053104401,80.2078781128,48773,48793,20
13.1031198502,80.2075881958,48844,48864,20
13.1030797958,80.207572937,48864,48884,20
13.0875797272,80.2440414429,49641,49661,20
13.0790195465,80.2563705444,50095,50125,30
13.0756101608,80.2592163086,50155,50176,21
13.0749597549,80.2628707886,50416,50436,20
13.057559967,80.2626876831,50959,50979,20
13.0573396683,80.2610321045,50979,50999,20
13.0510997772,80.2501068115,51171,51191,20
13.0433301926,80.2794723511,51645,51665,20
13.0221300125,80.2760009766,52039,52069,30
13.0221700668,80.276260376,52635,52665,30
13.0221700668,80.276260376,53261,53291,30
13.0221500397,80.2762832642,53342,53362,20
13.0223798752,80.2767410278,53453,53473,20
13.0225400925,80.2767181396,53473,53493,20
13.0301599503,80.2767410278,53654,53675,21
13.0327796936,80.2775726318,53695,53714,19
13.0333499908,80.2772598267,53725,53755,30
13.0431995392,80.2741394043,54038,54058,20
13.0438804626,80.2718582153,54068,54088,20
13.0567798615,80.2567596436,54612,54632,20
13.0604496002,80.2608795166,54703,54723,20
13.0636701584,80.2648925781,54794,54814,20
13.0683403015,80.2690429688,54925,54945,20
13.0757198334,80.2580413818,55347,55367,20
13.0789899826,80.2566375732,55396,55420,24
13.0941095352,80.2411193848,55970,55990,20
13.09471035,80.2411880493,56001,56021,20
13.0980997086,80.2393875122,56021,56051,30
13.0979795456,80.2382202148,56071,56091,20
13.097990036,80.2378082275,56102,56132,30
13.0983495712,80.2348937988,56152,56172,20
13.1019496918,80.2110137939,58463,58483,20
13.1018400192,80.2112731934,58493,58509,16
13.1011695862,80.2133712769,58532,58562,30
13.0999803543,80.2256774902,58713,58733,20
13.0985202789,80.2338027954,58865,58895,30
13.0974302292,80.2419586182,59016,59032,16
13.0872001648,80.2429199219,59176,59206,30
13.087439537,80.2438430786,59206,59236,30
13.0845003128,80.2462768555,59266,59292,26
13.0792198181,80.256652832,59638,59658,20
13.0778598785,80.262336731,59848,59868,20
13.0778999329,80.2625198364,59868,59887,19
13.0661401749,80.2677993774,60310,60330,20
13.0485095978,80.2535171509,60855,60885,30
13.0435304642,80.2743301392,61269,61289,20
13.0435495377,80.2743988037,61289,61309,20
13.0434999466,80.2781829834,61479,61499,20
13.0359802246,80.2775421143,61650,61670,20
13.0223903656,80.2763900757,62145,62165,20
13.0238199234,80.2741775513,63216,63237,21
13.0237998962,80.2743225098,63247,63267,20
13.0325498581,80.2774963379,63489,63505,16
13.0388898849,80.2787094116,63659,63680,21
13.0437402725,80.2723693848,63922,63938,16
13.0502796173,80.2530517578,64385,64405,20
13.0570898056,80.2570266724,64658,64678,20
13.0631504059,80.2642211914,64809,64829,20
13.0632095337,80.264289856,64839,64856,17
13.0669403076,80.2684402466,64938,64967,29
13.0705604553,80.2654418945,65070,65090,20
13.0777597427,80.2637176514,65352,65372,20
13.1030902863,80.2079086304,67962,67982,20
13.1030101776,80.2081832886,68093,68121,28
13.099149704,80.2198791504,68313,68333,20
13.0991096497,80.2199401855,68333,68354,21
13.0998001099,80.2292098999,68515,68531,16
13.0994796753,80.2305831909,68543,68573,30
13.0985002518,80.2342681885,68684,68705,21
13.0977096558,80.2393569946,68816,68836,20
13.0935602188,80.2411575317,69028,69048,20
13.0878095627,80.2429885864,69167,69187,20
13.0370397568,80.2782287598,72184,72204,20
13.0367898941,80.278137207,72214,72234,20
13.0347995758,80.2776870728,72547,72567,20
13.0315599442,80.2776031494,72698,72719,21
13.0222501755,80.2763977051,73031,73048,17
13.0222101212,80.2763900757,73272,73292,20
13.0513095856,80.2517776489,74938,74968,30
13.0767803192,80.2647018433,75726,75746,20
13.0771799088,80.2609634399,75816,75844,28
13.0754404068,80.2587432861,75895,75925,30
13.0794401169,80.2546386719,76056,76077,21
13.0847396851,80.2501983643,76359,76375,16
13.0940599442,80.2412185669,76611,76632,21
13.0983104706,80.2354202271,76801,76823,22
13.1027297974,80.2087020874,77401,77421,20
13.1031904221,80.2074737549,78057,78077,20
13.0774803162,80.2608566284,79579,79609,30
13.0774803162,80.2608566284,79609,79625,16
13.0686998367,80.2679977417,80081,80102,21
13.0587396622,80.2591400146,80415,80435,20
13.0456495285,80.2565078735,80647,80677,30
13.0264501572,80.2663726807,81841,81857,16
13.0262098312,80.2663421631,82081,82101,20
12.9968700409,80.2570724487,30417,30447,30
13.0161304474,80.2597198486,20915,20935,20
13.0072202682,80.2587966919,21076,21096,20
13.0066404343,80.2485198975,21238,21254,16
13.007399559,80.2368621826,21439,21459,20
13.0068702698,80.2497024536,24379,24395,16
13.0265798569,80.2638931274,24912,24928,16
13.0292701721,80.2661437988,24991,25011,20
13.0334396362,80.2678222656,25092,25112,20
13.0345602036,80.2680130005,25143,25163,20
13.0298500061,80.2666397095,25537,25557,20
13.0253200531,80.2653274536,25668,25688,20
13.0221796036,80.2634811401,25749,25769,20
13.0099401474,80.2592315674,25991,26011,20
13.0065803528,80.2530212402,26203,26223,20
13.0083799362,80.2323532104,26587,26603,16
13.0155601501,80.2249679565,26788,26818,30
13.0259599686,80.2308578491,26981,27000,19
13.0299301147,80.2308273315,29364,29394,30
13.027009964,80.2329177856,29485,29505,20
13.0239896774,80.2282791138,29697,29717,20
13.01445961,80.2262268066,29848,29869,21
13.0121297836,80.2271194458,29919,29935,16
13.0068702698,80.2492828369,30211,30241,30
13.0077199936,80.2586517334,30383,30403,20
13.0165395737,80.259727478,30494,30514,20
13.0334997177,80.2678222656,30969,30989,20
13.0298204422,80.2666473389,31411,31431,20
13.025270462,80.26537323,31542,31562,20
13.0162296295,80.2597427368,31754,31775,21
13.0065803528,80.2466964722,32360,32381,21
13.0334701538,80.2304534912,33229,33249,20
13.0143995285,80.2262496948,34987,35017,30
13.0073699951,80.2377166748,35359,35375,16
13.0069704056,80.2399978638,35395,35417,22
13.0068702698,80.2405776978,35427,35447,20
13.0077104568,80.2586212158,35831,35852,21
13.0165195465,80.2597427368,35943,35973,30
13.0292797089,80.2641525269,36306,36322,16
13.0292797089,80.2658996582,36334,36355,21
13.0286102295,80.2662963867,37264,37280,16
13.0256795883,80.2655715942,37322,37342,20
13.0252599716,80.2653198242,37362,37383,21
13.016169548,80.2597427368,37555,37576,21
13.0065002441,80.2532501221,37818,37834,16
13.0065498352,80.2465667725,37968,37990,22
13.0067195892,80.2404022217,38111,38141,30
13.0067501068,80.2400588989,38151,38167,16
13.0119600296,80.2216720581,38371,38388,17
13.0155496597,80.2250213623,38592,38612,20
13.0219898224,80.2262191772,38733,38753,20
13.0259399414,80.2309188843,38854,38874,20
13.0298595428,80.2308273315,40197,40218,21
13.029589653,80.2308578491,40228,40258,30
13.013130188,80.2266769409,40791,40813,22
13.0163698196,80.2596282959,41513,41533,20
13.0199804306,80.2624511719,41604,41620,16
13.0228996277,80.2638015747,41663,41683,20
13.0265302658,80.2639694214,41784,41804,20
13.0344800949,80.268157959,42178,42198,20
13.0298404694,80.2667388916,43097,43117,20
13.0252895355,80.265411377,43187,43208,21
13.0160503387,80.2596969604,43389,43410,21
13.0067100525,80.248260498,43854,43884,30
13.0192699432,80.2243118286,44450,44470,20
13.0219297409,80.2261810303,44541,44557,16
13.0277004242,80.231010437,45267,45283,16
13.024020195,80.2283096313,45459,45479,20
13.0195903778,80.224609375,45590,45606,16
13.0068101883,80.2496414185,46043,46064,21
13.0077295303,80.2586975098,46205,46225,20
13.0153303146,80.2592163086,46306,46324,18
13.0261802673,80.2658615112,46538,46558,20
13.0264596939,80.2639770508,46589,46619,30
13.0333204269,80.2677612305,46841,46861,20
13.0344896317,80.268119812,50418,50448,30
13.0297803879,80.2666702271,50741,50761,20
13.0072402954,80.2588500977,51196,51216,20
13.006480217,80.2532424927,51398,51418,20
13.0066604614,80.2481231689,51519,51549,30
13.0066404343,80.2403793335,51721,51741,20
13.0152196884,80.2247772217,52014,52044,30
13.02202034,80.2261886597,52165,52185,20
13.0244503021,80.2285995483,52236,52252,16
13.0339803696,80.2304916382,54011,54031,20
13.0270996094,80.2329406738,54213,54233,20
13.0145101547,80.2261810303,54476,54506,30
13.0074396133,80.2372207642,54658,54674,16
13.0069198608,80.2399978638,54686,54705,19
13.022939682,80.2638015747,55251,55272,21
13.025970459,80.2657165527,55322,55352,30
13.0269804001,80.2634124756,55423,55439,16
13.0334300995,80.2677764893,55590,55610,20
13.0252599716,80.26537323,57260,57280,20
13.0221004486,80.2634124756,57351,57368,17
13.0160999298,80.2597198486,57481,57502,21
13.0066795349,80.2404098511,58097,58118,21
13.007399559,80.2368087769,58168,58198,30
13.0125904083,80.2219161987,58380,58396,16
13.0219802856,80.2261810303,58540,58560,20
13.0343599319,80.2297515869,59186,59216,30
13.0142097473,80.22631073,60588,60618,30
13.0139904022,80.2264022827,60628,60645,17
13.0066995621,80.2444610596,60949,60966,17
13.0068798065,80.24949646,61028,61048,20
13.0068597794,80.2504272461,61069,61089,20
13.0067195892,80.2572784424,61220,61250,30
13.0202798843,80.2626876831,61503,61523,20
13.0264797211,80.2641830444,61685,61705,20
13.0297899246,80.2666168213,63339,63359,20
13.0294799805,80.2665481567,63369,63385,16
13.0252599716,80.2653198242,63457,63479,22
13.016119957,80.2596893311,63681,63702,21
13.0064697266,80.2531890869,64035,64055,20
13.0065603256,80.2465896606,64186,64207,21
13.006529808,80.2416610718,64277,64297,20
13.015540123,80.2250289917,64612,64632,20
13.0220003128,80.2261886597,64723,64743,20
13.0241699219,80.2282562256,64783,64803,20
13.024310112,80.2284393311,64814,64830,16
13.0334396362,80.2304763794,66225,66246,21
13.0268602371,80.2329406738,66438,66468,30
13.0239400864,80.2282485962,66561,66581,20
13.0142297745,80.2262573242,66773,66793,20
13.0081996918,80.2335586548,66914,66934,20
13.007900238,80.2348403931,66975,66991,16
13.0067796707,80.2508163452,67297,67317,20
13.0164403915,80.2596893311,67671,67691,20
13.0202302933,80.2626495361,67772,67792,20
13.02643013,80.2640304565,67974,67994,20
13.0281496048,80.2637405396,68044,68065,21
13.0333404541,80.2677688599,68267,68297,30
13.0338201523,80.2678985596,68317,68337,20
13.0325298309,80.2674865723,69065,69095,30
13.0065402985,80.2576675415,69610,69630,20
13.0241699219,80.2282562256,70479,70500,21
13.0346899033,80.2299880981,70823,70853,30
13.0334396362,80.230430603,71992,72013,21
13.0270299911,80.2328872681,72205,72225,20
13.0145397186,80.2260971069,72528,72548,20
13.0067796707,80.2407531738,72851,72871,20
13.0068101883,80.2494277954,72982,73002,20
13.0067901611,80.2499237061,73023,73043,20
13.0201702118,80.2625732422,73487,73507,20
13.0292100906,80.2659988403,73801,73822,21
13.0334396362,80.2677688599,73953,73973,20
13.034529686,80.2679290771,74003,74024,21
13.0344104767,80.2680664063,74034,74064,30
13.0252599716,80.2653427124,75660,75680,20
13.0248098373,80.2649765015,75700,75716,16
13.0066099167,80.2577667236,76062,76082,20
13.0064897537,80.2530593872,76243,76260,17
13.0153598785,80.224822998,76898,76918,20
13.0218400955,80.2259979248,77009,77029,20
13.0248804092,80.2292480469,77100,77116,16
13.0284204483,80.2309036255,77158,77177,19
13.0346803665,80.2302703857,77280,77310,30
13.0277700424,80.2323303223,78432,78448,16
13.0202102661,80.2249908447,78652,78668,16
13.0081501007,80.233581543,78872,78893,21
13.0122299194,80.2590637207,79398,79414,16
13.0201597214,80.2626190186,79497,79517,20
13.0264701843,80.2640609741,79678,79699,21
13.0274200439,80.2635421753,79739,79755,16
13.0336503983,80.2678527832,79878,79899,21
13.0261802673,80.2663726807,80121,80151,30
13.0145196915,80.2257003784,30297,30317,20
12.9984302521,80.2570037842,707,724,17
12.9650096893,80.2473831177,20242,20262,20
12.8996200562,80.2279281616,21010,21030,20
12.8804397583,80.2267608643,21202,21224,22
12.8792104721,80.2109909058,21791,21810,19
12.8764801025,80.226890564,21974,21994,20
12.9046602249,80.2281112671,22338,22359,21
12.9666900635,80.2478103638,23011,23032,21
12.9812803268,80.2379379272,23355,23374,19
12.9795103073,80.2271881104,23567,23587,20
13.0094003677,80.2108001709,25418,25438,20
13.0149402618,80.224571228,25660,25680,20
12.9875802994,80.2230987549,26205,26225,20
12.9816799164,80.2305984497,26548,26568,20
12.9650402069,80.2473831177,27165,27185,20
12.9256896973,80.2309494019,27812,27828,16
12.9013299942,80.2278213501,28133,28153,20
12.8927097321,80.2274780273,28284,28304,20
12.8764200211,80.2265625,28516,28536,20
12.8790798187,80.2109375,28698,28728,30
12.8745803833,80.2101364136,28798,28819,21
12.8746795654,80.2097320557,28940,28960,20
12.8746404648,80.2099075317,29051,29071,20
12.8745803833,80.2100219727,29101,29121,20
12.8745203018,80.2098388672,29777,29807,30
12.8764801025,80.2267608643,30302,30332,30
12.8858699799,80.2267913818,30453,30469,16
12.8884496689,80.2272567749,30491,30506,15
12.891960144,80.2272567749,30536,30556,20
12.9266901016,80.2309417725,31131,31147,16
12.9716501236,80.2498016357,31876,31892,16
12.9799404144,80.252281189,31987,32007,20
12.9813804626,80.2428512573,32118,32138,20
12.9813203812,80.2379226685,32219,32239,20
13.0071201324,80.2097320557,33258,33288,30
13.0108098984,80.2122192383,33954,33974,20
13.0108098984,80.2121429443,34065,34085,20
13.0095996857,80.2111663818,34630,34660,30
13.0094299316,80.2106628418,34670,34699,29
13.0095100403,80.211151123,34860,34880,20
13.0097904205,80.2109832764,34931,34951,20
13.0093898773,80.2110137939,35001,35021,20
13.0080795288,80.2214889526,35435,35451,16
12.9824800491,80.2218399048,35929,35945,16
12.9762897491,80.2216491699,36028,36048,20
12.9785499573,80.2253570557,36140,36160,20
12.9813604355,80.2415390015,36493,36509,16
12.9359502792,80.2338867188,37561,37581,20
12.9338197708,80.2329406738,37611,37631,20
12.8847999573,80.2267303467,38519,38539,20
12.8764400482,80.2265396118,38630,38650,20
12.8788499832,80.2145309448,38761,38777,16
12.8791599274,80.2109527588,38797,38820,23
12.8767299652,80.2105484009,38870,38900,30
12.8744401932,80.2100830078,38941,38961,20
12.8747797012,80.2097015381,38991,39011,20
12.8745498657,80.2099761963,39304,39334,30
12.8826799393,80.2266769409,40393,40409,16
12.9023799896,80.2279510498,40744,40765,21
12.9069004059,80.2282028198,40845,40861,16
12.9586496353,80.2442626953,41602,41622,20
12.9631795883,80.2464370728,41693,41713,20
12.9663496017,80.2477111816,41783,41804,21
12.9744997025,80.2505187988,41925,41941,16
12.9816102982,80.2333831787,42357,42378,21
13.0100898743,80.2116470337,43820,43836,16
13.0096797943,80.2113418579,43836,43859,23
13.0094995499,80.2113037109,43919,43949,30
13.0094604492,80.2112808228,44262,44282,20
13.009759903,80.211227417,44514,44535,21
13.0097198486,80.2112579346,44676,44696,20
13.0095701218,80.2112503052,44696,44716,20
13.0096197128,80.2112808228,44716,44736,20
13.0093202591,80.2110366821,44959,44979,20
13.0153999329,80.2255401611,45443,45460,17
13.0022201538,80.2192382813,45764,45780,16
12.9848403931,80.2231369019,46166,46186,20
12.9813404083,80.2387771606,46731,46751,20
12.9799499512,80.2525482178,46963,46983,20
12.9726600647,80.2501983643,47084,47104,20
12.9397497177,80.235786438,47649,47669,20
12.9069900513,80.2283096313,48113,48143,30
12.9065504074,80.2282791138,48163,48179,16
12.8883695602,80.2273635864,48454,48474,20
12.8782901764,80.2170791626,48766,48786,20
12.8744401932,80.2100906372,48978,49008,30
12.8747701645,80.2098464966,49049,49069,20
12.8746500015,80.2100830078,49361,49382,21
12.8748197556,80.209602356,49745,49764,19
12.8747596741,80.2096633911,49805,49826,21
12.8745698929,80.2101364136,49977,49997,20
12.8746795654,80.2097167969,50007,50027,20
12.8746299744,80.2099761963,50219,50249,30
12.8747301102,80.2095565796,50259,50278,19
12.8745603561,80.2098312378,50430,50460,30
12.8746004105,80.2096176147,50481,50501,20
12.8746004105,80.2097625732,50896,50916,20
12.8792295456,80.2109985352,51088,51118,30
12.876449585,80.2268600464,51289,51309,20
12.8848600388,80.2266235352,51390,51406,16
12.902009964,80.2279205322,51742,51762,20
12.914059639,80.229309082,51974,51994,20
12.9192800522,80.2300109863,52055,52075,20
12.9480800629,80.2403106689,52539,52555,16
12.966629982,80.2478103638,52820,52840,20
12.966629982,80.2478103638,52840,52856,16
12.9808301926,80.2292327881,53342,53358,16
13.0069904327,80.2098007202,54188,54218,30
13.0136404037,80.2042694092,54409,54430,21
13.0136404037,80.2042694092,54430,54446,16
13.0098104477,80.2113189697,54651,54681,30
13.012260437,80.2211227417,55316,55333,17
12.9762401581,80.2214736938,56222,56242,20
12.9813899994,80.2425003052,56606,56622,16
12.9338598251,80.2330093384,57419,57439,20
12.9191198349,80.2301177979,57610,57627,17
12.9014196396,80.2280502319,57820,57840,20
12.8997097015,80.2279129028,57881,57911,30
12.8930196762,80.2274780273,57992,58012,20
12.8897399902,80.2273788452,58062,58079,17
12.8794403076,80.2110290527,58423,58444,21
12.8745203018,80.2097473145,58696,58716,20
12.8745203018,80.2096176147,58898,58918,20
12.8747301102,80.2102813721,58958,58978,20
12.8747301102,80.2095489502,59069,59099,30
12.8752202988,80.2099304199,59190,59220,30
12.8791999817,80.2109985352,60098,60118,20
12.885219574,80.2266693115,60360,60381,21
12.8889598846,80.2272796631,60451,60467,16
12.8940696716,80.2275238037,60500,60519,19
12.9030895233,80.2279968262,60631,60651,20
12.9064102173,80.2282028198,60712,60732,20
12.9065999985,80.2282180786,60742,60762,20
12.9472398758,80.2399368286,61357,61377,20
12.9510097504,80.2413330078,61428,61448,20
12.9774198532,80.2215423584,62558,62578,20
12.9883203506,80.2224502563,62830,62846,16
12.9902000427,80.2204818726,62858,62878,20
13.0016098022,80.2185974121,65096,65112,16
12.9973402023,80.2165374756,65165,65184,19
12.9907598495,80.2202072144,65316,65346,30
12.9771900177,80.2212371826,65679,65695,16
12.9812803268,80.2381362915,66050,66067,17
12.9564399719,80.2437362671,66765,66781,16
12.9515895844,80.2416229248,66833,66853,20
12.9338197708,80.2329101563,67146,67166,20
12.8994903564,80.2278213501,67681,67711,30
12.8878297806,80.2272415161,67883,67899,16
12.8849601746,80.2266769409,67921,67951,30
12.8789596558,80.2108612061,68255,68275,20
12.8744697571,80.2100219727,68387,68407,20
12.8791999817,80.2109222412,68921,68943,22
12.8852100372,80.2265777588,69237,69257,20
12.8905696869,80.2272415161,69337,69354,17
12.9028997421,80.2278823853,69588,69608,20
12.9139204025,80.2292175293,69830,69850,20
12.9193000793,80.2299423218,69921,69937,16
12.9335899353,80.2326812744,70130,70149,19
12.9354696274,80.2335662842,70191,70211,20
12.939620018,80.2355575562,70272,70292,20
12.9510803223,80.2413406372,70544,70564,20
12.9561901093,80.2433166504,70655,70685,30
12.9666900635,80.2478485107,70917,70938,21
12.9777297974,80.2517471313,71079,71095,16
12.9798603058,80.2521362305,71115,71137,22
12.9813404083,80.2426986694,71258,71279,21
12.9771404266,80.2226333618,71733,71753,20
12.9771404266,80.2226333618,71753,71769,16
12.9774999619,80.221282959,71789,71811,22
12.9912996292,80.2195205688,72170,72200,30
12.9968395233,80.2163009644,72311,72331,20
13.003569603,80.2117996216,72472,72492,20
13.0055799484,80.2092590332,72563,72579,16
13.0149402618,80.224647522,73561,73581,20
13.0145397186,80.2260284424,73641,73658,17
12.997420311,80.2165222168,74003,74023,20
12.9815597534,80.233581543,74821,74841,20
12.9812898636,80.2387237549,74922,74942,20
12.9813995361,80.2429199219,75002,75023,21
12.9829502106,80.2524871826,75174,75190,16
12.9975795746,80.255821228,75757,75777,20
12.9984798431,80.2571487427,82436,82460,24
12.9985599518,80.2570877075,83076,83094,18
13.0334997177,80.2303237915,5201,5231,30
13.0332603455,80.2301025391,11426,11447,21
13.0331001282,80.230140686,12093,12113,20
13.0331296921,80.2301864624,13338,13368,30
13.0335597992,80.2300796509,24819,24849,30
13.0524101257,80.2202911377,26122,26142,20
13.0444297791,80.2128372192,26314,26334,20
13.0622196198,80.1661224365,27783,27799,16
13.0658798218,80.1365585327,28226,28246,20
13.0698900223,80.124168396,28459,28489,30
13.0614299774,80.1644973755,29710,29740,30
13.0642900467,80.1708526611,29861,29877,16
13.0714797974,80.1855926514,30043,30063,20
13.0638504028,80.2117614746,30771,30792,21
13.0465602875,80.237953186,31872,31889,17
13.0451097488,80.2326278687,31981,32002,21
13.0508804321,80.2151489258,35879,35895,16
13.0490398407,80.1927871704,36655,36675,20
13.0694303513,80.2004776001,37190,37211,21
13.0744400024,80.1994628906,37332,37348,16
13.0735397339,80.2006607056,37491,37513,22
13.069849968,80.2008972168,38121,38141,20
13.0691995621,80.2005233765,38161,38181,20
13.0575399399,80.1943817139,38464,38484,20
13.0474500656,80.1989517212,38858,38878,20
13.0491199493,80.2071533203,39020,39040,20
13.0489902496,80.2074127197,39060,39076,16
13.051440239,80.2171783447,39351,39371,20
13.0539598465,80.2273025513,39581,39602,21
13.0483903885,80.2332077026,39854,39870,16
13.0536603928,80.2344512939,39944,39964,20
13.0531997681,80.2376098633,40045,40065,20
13.052479744,80.2408218384,40138,40158,20
13.0353803635,80.2303466797,40613,40633,20
13.0538797379,80.2273025513,43250,43270,20
13.0521202087,80.2194213867,43422,43438,16
13.0687303543,80.2052001953,44228,44258,30
13.0687103271,80.2049484253,44258,44278,20
13.0714902878,80.1865081787,44652,44672,20
13.0664596558,80.1747589111,44844,44864,20
13.0611495972,80.1641235352,45046,45066,20
13.0610799789,80.1386413574,45379,45399,20
13.0689001083,80.1241531372,45754,45784,30
13.061340332,80.1387023926,46754,46774,20
13.0733003616,80.2009735107,47804,47820,16
13.0692796707,80.2047195435,48004,48024,20
13.0638399124,80.2116470337,48146,48176,30
13.0499897003,80.2129821777,48398,48418,20
13.0532503128,80.2236022949,48620,48641,21
13.0521402359,80.2340164185,49045,49061,16
13.034239769,80.2302398682,52962,52992,30
13.0339803696,80.2679367065,60050,60070,20
13.0331697464,80.2678527832,60120,60141,21
13.0292701721,80.2666320801,60231,60248,17
13.018989563,80.2629013062,60431,60451,20
13.0064601898,80.2532196045,60837,60858,21
13.0153598785,80.2248764038,61493,61514,21
13.0219602585,80.2261199951,61605,61625,20
13.0243196487,80.2283630371,61676,61696,20
13.0334396362,80.2304992676,61918,61939,21
13.0346603394,80.2302780151,62050,62070,20
13.0277204514,80.2316970825,62706,62722,16
13.0240497589,80.2283782959,62846,62866,20
13.0143203735,80.22631073,63048,63068,20
13.0079402924,80.2350234985,63209,63229,20
13.0334701538,80.2678070068,64159,64175,16
13.0344200134,80.2679977417,64197,64226,29
13.0345497131,80.2681503296,64226,64248,22
13.0331497192,80.2676925659,65743,65763,20
13.0263700485,80.265953064,65935,65951,16
13.0252599716,80.2653427124,65963,65993,30
13.028380394,80.230796814,67656,67676,20
13.0334701538,80.2304382324,68747,68767,20
13.0298595428,80.2307815552,68898,68919,21
13.0242595673,80.2286987305,69212,69228,16
13.006939888,80.2401275635,69735,69755,20
13.0283298492,80.2637405396,70605,70625,20
13.0291996002,80.2660064697,70685,70706,21
13.0344200134,80.2680435181,70916,70936,20
13.022069931,80.263381958,72535,72555,20
13.0202798843,80.2630004883,72596,72612,16
13.0159902573,80.2596588135,72695,72715,20
13.0064401627,80.2529373169,73212,73242,30
13.0073795319,80.236656189,73727,73747,20
13.018989563,80.2242965698,74164,74180,16
13.0220098495,80.2261199951,74213,74233,20
13.024430275,80.2284698486,74304,74323,19
13.0341596603,80.2303466797,74527,74546,19
13.0349197388,80.2301177979,74578,74598,20
13.0143203735,80.2263031006,75436,75466,30
13.0066995621,80.2573623657,76034,76054,20
13.0066900253,80.2575073242,76054,76075,21
13.0214195251,80.2630233765,76367,76384,17
13.0345697403,80.2679367065,76770,76790,20
13.0295801163,80.2666015625,78376,78396,20
13.0262899399,80.2659835815,78457,78477,20
13.0065002441,80.2532577515,79030,79051,21
13.0073003769,80.2372283936,79465,79481,16
13.021900177,80.2260818481,79880,79900,20
13.0311698914,80.2306213379,80112,80128,16
13.0340204239,80.2304077148,80151,80171,20
12.9563999176,80.2436218262,20232,20262,30
12.9682703018,80.1494674683,21534,21555,21
12.9692201614,80.150100708,21716,21736,20
12.9872903824,80.2590789795,24950,24970,20
12.9489803314,80.1853179932,26162,26192,30
12.9519195557,80.1407394409,26737,26757,20
12.9263000488,80.1175765991,27193,27214,21
12.9509296417,80.1396408081,29001,29021,20
12.951089859,80.1397323608,29031,29061,30
12.9492502213,80.1851196289,29597,29617,20
12.9485998154,80.1955413818,29718,29738,20
12.987279892,80.2594909668,30949,30970,21
12.9651002884,80.2474365234,33666,33686,20
12.9635295868,80.2467803955,33716,33746,30
12.9489898682,80.1853790283,34650,34680,30
12.9498796463,80.2357025146,37053,37083,30
12.9865999222,80.2595062256,38053,38083,30
12.9873695374,80.2588806152,39144,39164,20
12.9785699844,80.2526016235,39477,39497,20
12.9649400711,80.2473831177,39618,39638,20
12.9516401291,80.2416763306,39871,39891,20
12.9499902725,80.233833313,40083,40113,30
12.9484701157,80.1988830566,40466,40486,20
12.9484796524,80.1955108643,40537,40557,20
12.9516296387,80.1405563354,41446,41466,20
12.950510025,80.1396484375,41486,41506,20
12.931810379,80.1232070923,41870,41890,20
12.9275598526,80.1188735962,41971,42001,30
12.9298000336,80.1208572388,43031,43051,20
12.937210083,80.1279830933,43263,43293,30
12.9485502243,80.199508667,44363,44384,21
12.9510602951,80.2413635254,44981,45001,20
12.9871702194,80.2590866089,49121,49151,30
12.956410408,80.243637085,49747,49777,30
12.9489402771,80.1853179932,50514,50534,20
12.9491596222,80.183921814,50565,50585,20
12.9499702454,80.2358932495,52283,52313,30
12.9871196747,80.2595825195,53101,53131,30
12.9870195389,80.2590713501,54454,54484,30
12.9650402069,80.2473678589,54999,55019,20
12.9593400955,80.244758606,55080,55100,20
12.951789856,80.2416687012,55211,55231,20
12.9491195679,80.2392730713,55292,55312,20
12.949669838,80.2358932495,55352,55372,20
12.9484300613,80.1986999512,55676,55696,20
12.951880455,80.1406936646,56333,56363,30
12.937620163,80.1285400391,56555,56575,20
12.93708992,80.1280670166,56595,56615,20
12.9261198044,80.1174163818,56827,56847,20
12.9271402359,80.1181030273,57211,57241,30
12.951259613,80.1399536133,58261,58281,20
12.9559297562,80.1429901123,58372,58392,20
12.9545602798,80.1587600708,58584,58614,30
12.9797496796,80.2526473999,59897,59918,21
12.9491596222,80.1837921143,64613,64633,20
12.9683198929,80.1495285034,65188,65208,20
12.9693698883,80.1501693726,65703,65723,20
12.9584503174,80.1504364014,65965,65986,21
12.9485998154,80.1954574585,66521,66541,20
12.9486103058,80.1995162964,66582,66602,20
12.9485797882,80.2093887329,66714,66734,20
12.9871196747,80.259552002,68399,68420,21
12.9637804031,80.2468414307,69136,69157,21
12.9317102432,80.1230316162,71066,71086,20
12.9259796143,80.1169204712,71308,71338,30
12.9261798859,80.1171875,71338,71359,21
12.9263696671,80.1174316406,71379,71409,30
12.927280426,80.1183166504,71540,71561,21
12.9366903305,80.127571106,72409,72429,20
12.9370603561,80.1278610229,72459,72479,20
12.9526796341,80.1411590576,72782,72812,30
12.9545001984,80.1587982178,73045,73065,20
12.9519395828,80.1707229614,73166,73186,20
12.9492502213,80.1839675903,73317,73337,20
12.9485397339,80.1955184937,73489,73509,20
12.9669399261,80.2479629517,74289,74310,21
12.987279892,80.2593307495,74734,74754,20
12.9909200668,80.2334136963,915,935,20
12.9909496307,80.2331466675,1784,1805,21
12.9983501434,80.2381286621,4433,4463,30
12.9895801544,80.2280197144,4706,4726,20
12.9909000397,80.2330322266,4878,4908,30
12.9934997559,80.2336807251,39765,39795,30
12.9932498932,80.2357635498,39937,39957,20
12.9935703278,80.2334289551,42182,42202,20
12.8927402496,80.2275009155,51711,51731,20
12.8470201492,80.1982421875,63464,63484,20
12.9910097122,80.2329788208,72599,72619,20
12.9909200668,80.2328567505,72994,73024,30
13.0022802353,80.2395172119,73804,73824,20
12.9911003113,80.2326889038,74067,74097,30
12.9895000458,80.2279891968,74209,74239,30
12.9901695251,80.2275619507,75917,75947,30
12.9974403381,80.2376937866,81863,81883,20
12.9910802841,80.2330627441,84897,84927,30
12.9896297455,80.2280502319,86039,86059,20
12.9912900925,80.2334976196,86231,86251,20
13.0759496689,80.2754669189,18075,18095,20
13.0761404037,80.2757415771,18732,18752,20
13.0876703262,80.2839279175,21796,21826,30
13.088350296,80.2837295532,22038,22058,20
13.0642299652,80.2835922241,22463,22483,20
13.0105104446,80.216468811,24172,24192,20
13.0074996948,80.2058792114,24455,24475,20
13.009759903,80.2113800049,24758,24788,30
13.0195999146,80.2410812378,26922,26942,20
13.0270996094,80.2544174194,27286,27306,20
13.0270795822,80.2553482056,27306,27326,20
13.0293502808,80.2645797729,27498,27528,30
13.0867004395,80.2840194702,29764,29784,20
13.0436201096,80.279838562,30859,30879,20
13.0433502197,80.2774581909,30909,30929,20
13.0433502197,80.2744369507,30970,31000,30
13.0270595551,80.2567825317,31910,31930,20
13.0065202713,80.2403793335,32426,32446,20
13.0070295334,80.2402877808,32476,32496,20
13.0080604553,80.2099227905,33113,33133,20
13.007519722,80.204208374,33194,33214,20
13.0128097534,80.2121200562,33467,33497,30
13.0144100189,80.2262496948,35226,35247,21
13.008190155,80.2335510254,35388,35408,20
13.0073699951,80.2402572632,35509,35529,20
13.0178098679,80.2409515381,35631,35661,30
13.0232801437,80.24269104,35752,35782,30
13.0289697647,80.2494506836,36015,36035,20
13.029299736,80.2659072876,36359,36379,20
13.034040451,80.2678985596,36470,36490,20
13.0415401459,80.2680892944,36743,36763,20
13.0444002151,80.2667770386,36834,36854,20
13.0431499481,80.2755203247,36965,36995,30
13.0691604614,80.2844924927,37511,37531,20
13.0807504654,80.2882385254,37653,37673,20
13.0867500305,80.2838516235,38128,38158,30
13.0883998871,80.2832183838,38411,38441,30
13.0815601349,80.2760009766,38704,38724,20
13.0651702881,80.2676391602,39402,39422,20
13.0469703674,80.2663803101,39867,39887,20
13.0373601913,80.2676620483,40049,40069,20
13.0261802673,80.2653808594,41040,41060,20
13.0340204239,80.2678909302,41333,41353,20
13.0370397568,80.266456604,41417,41437,20
13.0538597107,80.2640228271,41903,41933,30
13.0633401871,80.2643203735,42196,42216,20
13.0629396439,80.2639312744,42216,42237,21
13.0630302429,80.2640762329,42237,42257,20
13.0663204193,80.268157959,42317,42338,21
13.0755596161,80.2761764526,42570,42590,20
13.0739803314,80.2861404419,43703,43733,30
13.0624599457,80.2831268311,43864,43884,20
13.0436000824,80.2798233032,44127,44157,30
13.0377397537,80.2676773071,44471,44491,20
13.0345602036,80.2680587769,44612,44633,21
13.034239769,80.2680435181,44643,44663,20
13.02987957,80.2666778564,44774,44794,20
13.0265302658,80.2640304565,44906,44926,20
13.0269603729,80.2569122314,45047,45077,30
13.0288200378,80.2498474121,45280,45300,20
13.004119873,80.2119064331,46220,46240,20
13.0066795349,80.2097015381,46311,46331,20
13.011759758,80.2129592896,46685,46705,20
13.0093603134,80.2111129761,47817,47838,21
13.0093803406,80.2110900879,47838,47858,20
13.0091600418,80.2112121582,47868,47898,30
13.0143899918,80.2261199951,48131,48151,20
13.0177402496,80.2408905029,48515,48545,30
13.0233001709,80.2426834106,48616,48636,20
13.028960228,80.2494277954,48849,48879,30
13.027759552,80.2515869141,48879,48909,30
13.0271596909,80.254119873,48909,48930,21
13.0266399384,80.2565612793,48990,49010,20
13.0339403152,80.2678375244,49263,49283,20
13.0358295441,80.2676086426,49314,49344,30
13.0418395996,80.2680130005,49556,49576,20
13.06346035,80.2832794189,50234,50254,20
13.0754804611,80.2748031616,52520,52550,30
13.0821399689,80.2781906128,52752,52772,20
13.0869102478,80.283821106,52924,52944,20
13.0884599686,80.2849197388,53409,53430,21
13.0833301544,80.2892608643,53622,53642,20
13.0819597244,80.2887802124,53642,53662,20
13.067990303,80.2843322754,53844,53864,20
13.029540062,80.2665481567,54855,54874,19
13.0265197754,80.2639465332,54956,54976,20
13.0270996094,80.260017395,55037,55057,20
13.0272102356,80.2540435791,55199,55219,20
13.0196199417,80.2415618896,55573,55593,20
13.0069999695,80.2403106689,55745,55765,20
13.0100603104,80.2115020752,57949,57969,20
13.0082302094,80.2332077026,58444,58465,21
13.013420105,80.2402801514,58636,58656,20
13.0509700775,80.2807617188,60359,60389,30
13.0628499985,80.2830429077,60511,60531,20
13.0732803345,80.2853164673,60824,60854,30
13.0845603943,80.2893829346,61077,61097,20
13.0853996277,80.2849502563,61279,61299,20
13.0639400482,80.2834472656,62332,62362,30
13.0411100388,80.2682189941,63060,63081,21
13.0374603271,80.2676620483,63151,63171,20
13.0036201477,80.2116165161,64890,64920,30
13.0065002441,80.2094573975,64971,64991,20
13.0075502396,80.2057037354,65082,65102,20
13.0115098953,80.2133483887,65416,65436,20
13.0292701721,80.2455825806,66720,66750,30
13.028960228,80.2494735718,66821,66841,20
13.0287904739,80.2498931885,66872,66892,20
13.0293703079,80.2669830322,67337,67357,20
13.0292196274,80.2664337158,67367,67387,20
13.0369701385,80.265838623,67680,67701,21
13.075920105,80.2871170044,69019,69039,20
13.0887403488,80.2902984619,69282,69302,20
13.0338497162,80.2677688599,72814,72835,21
13.0523395538,80.2636184692,73404,73424,20
13.0706195831,80.2735366821,74061,74091,30
13.072429657,80.2746582031,74152,74172,20
13.0824604034,80.2825164795,74567,74587,20
13.0665197372,80.284072876,75497,75527,30
13.0566902161,80.2819290161,75699,75719,20
13.0415802002,80.2682037354,76255,76285,30
13.0274295807,80.2449417114,77104,77124,20
12.988360405,80.2236862183,29449,29479,30
12.9883003235,80.2236175537,29641,29661,20
13.0325899124,80.2775268555,36834,36855,21
13.0820598602,80.2781219482,38146,38176,30
13.0822896957,80.2814025879,38216,38246,30
13.0643396378,80.2835693359,38448,38468,20
13.0383396149,80.2802581787,38771,38801,30
13.0367002487,80.2800598145,38872,38892,20
12.988360405,80.2235717773,50664,50694,30
12.9917697906,80.2336730957,50926,50946,20
12.9991703033,80.2393188477,51380,51400,20
12.9883298874,80.2233505249,51773,51794,21
12.9991903305,80.2392883301,54943,54963,20
12.9962997437,80.2363586426,55023,55043,20
12.9939203262,80.2344284058,55084,55104,20
12.9883298874,80.2233276367,55357,55387,30
12.9864597321,80.2351531982,55621,55642,21
12.9991903305,80.2393188477,58619,58639,20
12.9917802811,80.2337112427,58801,58831,30
12.9883403778,80.2233810425,59012,59033,21
12.9864797592,80.2353210449,60620,60640,20
12.9883298874,80.2233505249,60892,60913,21
12.9918003082,80.2337036133,61114,61136,22
12.9938802719,80.2344970703,61176,61196,20
12.9987201691,80.2392272949,61297,61317,20
12.9918203354,80.2337265015,62416,62437,21
12.9883298874,80.2233734131,62651,62673,22
12.9865198135,80.2353591919,64106,64136,30
12.9960203171,80.2359771729,64711,64731,20
12.9992198944,80.2393722534,65841,65871,30
12.9918403625,80.2337799072,66042,66063,21
12.9864797592,80.2354125977,67699,67729,30
12.9901895523,80.2276306152,68162,68183,21
12.9917697906,80.233757019,68314,68344,30
12.9959897995,80.2360229492,68425,68445,20
12.9986801147,80.2392807007,68526,68546,20
12.9991798401,80.239402771,69383,69403,20
12.993929863,80.2345809937,69534,69554,20
12.9882898331,80.2233963013,69847,69877,30
12.9864702225,80.2353820801,71430,71451,21
12.9866304398,80.2333679199,71501,71521,20
12.9917497635,80.2337188721,72005,72026,21
12.99862957,80.2392196655,72197,72217,20
12.9991397858,80.2393493652,73034,73054,20
12.9917898178,80.2337417603,73256,73276,20
12.9864196777,80.2352371216,73945,73965,20
12.9864397049,80.2353820801,75115,75135,20
12.9917201996,80.233757019,75629,75649,20
12.9882802963,80.2233963013,77041,77061,20
12.9863996506,80.2352371216,77314,77334,20
12.9864397049,80.23853302,77394,77414,20
13.0987596512,80.2420730591,17873,17893,20
13.1036901474,80.2028198242,19747,19768,21
13.1012296677,80.2132568359,19939,19959,20
13.0977201462,80.2398529053,20354,20375,21
13.0972604752,80.242149353,20425,20445,20
12.9871997833,80.2595825195,22969,22990,21
12.9875898361,80.2560272217,24355,24375,20
12.9985904694,80.2559661865,24628,24658,30
13.0775699615,80.2617034912,26306,26336,30
13.0775003433,80.2613601685,26336,26357,21
13.0769395828,80.2604217529,26509,26539,30
13.0789299011,80.2552108765,26701,26721,20
13.0789299011,80.2550964355,26721,26742,21
13.1013097763,80.1896972656,29678,29698,20
13.0995798111,80.2304992676,30304,30325,21
13.0977497101,80.2398834229,30496,30517,21
13.0936603546,80.2410964966,30638,30658,20
13.0648803711,80.2783966064,31942,31962,20
13.0071496964,80.2585601807,33047,33067,20
13.0018196106,80.2566299438,33158,33178,20
12.9972200394,80.2560119629,33289,33310,21
12.9969701767,80.2560806274,33320,33340,20
13.0010700226,80.256401062,35987,36007,20
13.0061798096,80.2573623657,36088,36118,30
13.0238399506,80.2735900879,36535,36555,20
13.0580301285,80.2781295776,37154,37175,21
13.0682497025,80.2716598511,37427,37447,20
13.0670204163,80.2685623169,37508,37528,20
13.077249527,80.2608795166,37896,37916,20
13.0846796036,80.2501602173,38370,38391,21
13.088350296,80.2419128418,38653,38674,21
13.1037998199,80.2052612305,39604,39624,20
13.0984601974,80.1820220947,40048,40068,20
13.0995101929,80.1701965332,41008,41038,30
13.103219986,80.2075119019,41696,41716,20
13.1007604599,80.2144470215,41867,41888,21
13.0995597839,80.2305603027,42140,42160,20
13.0769796371,80.2604827881,43857,43878,21
13.0754899979,80.2585830688,43918,43948,30
13.0856399536,80.2456512451,44474,44504,30
13.0882396698,80.2419967651,44595,44615,20
13.0941400528,80.2411575317,44706,44726,20
13.0984401703,80.2423400879,44797,44817,20
13.1004199982,80.2148284912,46780,46799,19
13.0997200012,80.169883728,47608,47628,20
13.0994300842,80.1696624756,47638,47659,21
13.0981903076,80.1808013916,48154,48174,20
13.101269722,80.1896820068,48315,48335,20
13.100810051,80.2141876221,48770,48790,20
13.0839195251,80.2545471191,49712,49732,20
13.0778198242,80.2621078491,49985,50015,30
13.0778198242,80.2623214722,50015,50035,20
13.0715398788,80.2647018433,50227,50247,20
13.0683803558,80.271697998,50419,50439,20
13.0390796661,80.2788619995,50998,51018,20
13.0240898132,80.2740478516,51291,51321,30
13.0159797668,80.2596435547,51615,51635,20
12.9983997345,80.256072998,51979,52009,30
12.9971599579,80.2558898926,52049,52070,21
12.9872903824,80.259147644,52324,52344,20
12.9871397018,80.2595367432,52365,52385,20
12.9873504639,80.258972168,53789,53819,30
12.9874095917,80.2583236694,53839,53860,21
12.9885997772,80.2558898926,53961,53981,20
13.025349617,80.274848938,54779,54799,20
13.0328798294,80.2774124146,54941,54962,21
13.0580701828,80.2781906128,55479,55499,20
13.0681400299,80.2717971802,55765,55795,30
13.0773000717,80.2608413696,56273,56293,20
13.0968503952,80.2419586182,57002,57022,20
13.1028203964,80.2086105347,57649,57669,20
13.1036396027,80.2034378052,57739,57760,21
13.0996303558,80.171043396,58962,58982,20
13.0982904434,80.1809387207,59103,59133,30
13.1031703949,80.2076797485,59578,59598,20
13.0675001144,80.2729110718,61417,61437,20
13.0648202896,80.2784805298,61508,61528,20
13.064330101,80.2827301025,61589,61619,30
13.0567998886,80.2819824219,61844,61865,21
13.0391998291,80.2788925171,62148,62178,30
13.0310201645,80.2773284912,62309,62328,19
13.0260000229,80.2752685547,62400,62430,30
12.9867801666,80.2594909668,63380,63399,19
12.9874095917,80.2582321167,64764,64784,20
12.9875402451,80.2567214966,64814,64835,21
12.9875602722,80.2562866211,64835,64865,30
12.9988899231,80.2560577393,65370,65390,20
13.0234804153,80.2731018066,66087,66117,30
13.0299396515,80.2767486572,66289,66309,20
13.0320701599,80.2774963379,66350,66370,20
13.0373601913,80.2783432007,66501,66531,30
13.0562496185,80.2817382813,66910,66930,20
13.0579795837,80.2781982422,67052,67082,30
13.0639200211,80.278213501,67244,67274,30
13.0702600479,80.2658996582,67648,67668,20
13.0772199631,80.2608566284,67942,67972,30
13.0789403915,80.2564697266,68144,68165,21
13.0900402069,80.2407989502,68943,68963,20
13.0905704498,80.2407531738,68983,69003,20
13.0916204453,80.2408599854,69074,69094,20
13.0942401886,80.2411270142,69145,69165,20
13.097120285,80.2420120239,69266,69286,20
13.0998601913,80.2256011963,69619,69640,21
13.1026697159,80.2087478638,70026,70047,21
13.1033601761,80.2017593384,70178,70198,20
13.1012496948,80.1896286011,71694,71714,20
13.1035995483,80.2027435303,71916,71937,21
13.102640152,80.2090606689,72068,72088,20
13.0876598358,80.2434768677,72941,72971,30
13.0848398209,80.2546386719,73245,73275,30
13.0791797638,80.2546234131,73426,73447,21
13.078040123,80.2634124756,73814,73836,22
13.0754699707,80.2586364746,73957,73987,30
13.0788202286,80.2546768188,74108,74128,20
13.0856103897,80.2456283569,74573,74603,30
12.9868602753,80.2590866089,21796,21816,20
12.9874200821,80.2578811646,21897,21917,20
13.0197200775,80.2245635986,22908,22928,20
13.014380455,80.2262420654,23535,23555,20
12.7862596512,80.2203903198,26275,26295,20
12.7692899704,80.1842422485,29193,29214,21
12.7746696472,80.1938095093,29406,29436,30
12.7861499786,80.2202606201,29942,29972,30
12.7864198685,80.2203674316,29972,30002,30
12.8311300278,80.2293319702,30538,30558,20
12.8727903366,80.226600647,31054,31074,20
12.9026203156,80.2279586792,31438,31458,20
12.9027900696,80.2279663086,31468,31488,20
12.9336900711,80.2326965332,31852,31873,21
12.9398002625,80.2356719971,31964,31984,20
12.9510202408,80.2413024902,32135,32156,21
12.9588298798,80.2443771362,32277,32297,20
12.9666204453,80.247833252,32408,32429,21
13.0149297714,80.2245330811,33339,33360,21
13.0219402313,80.2261428833,33501,33521,20
13.0243196487,80.2284088135,33572,33592,20
13.0347499847,80.2303009033,33855,33885,30
13.0341501236,80.2304229736,35614,35634,20
13.0230102539,80.227142334,36089,36110,21
13.0151700974,80.2259216309,36281,36302,21
13.0145797729,80.2261810303,36322,36342,20
12.9074296951,80.2283782959,38010,38040,30
12.8397197723,80.2277526855,38981,39001,20
12.7864599228,80.220489502,39668,39698,30
12.7861795425,80.2211227417,39729,39749,20
12.7861795425,80.2204971313,41215,41245,30
12.8454303741,80.2265319824,42044,42064,20
12.8851604462,80.2266235352,42479,42509,30
12.9062595367,80.2282028198,42843,42863,20
12.9139003754,80.2292633057,42964,42984,20
12.9398202896,80.2356796265,43308,43328,20
12.9587697983,80.2444229126,43682,43702,20
12.9667100906,80.2478866577,43803,43833,30
12.9785499573,80.2523498535,43975,43995,20
12.9793796539,80.2526321411,44025,44046,21
13.0243501663,80.2284088135,45208,45228,20
13.014670372,80.2260971069,45491,45512,21
13.0141096115,80.226348877,45522,45542,20
12.9870700836,80.2591781616,52559,52579,20
13.024310112,80.2284698486,53580,53610,30
13.0063400269,80.2474212646,54722,54742,20
12.9881696701,80.251373291,54975,55005,30
12.9801702499,80.2527999878,55116,55137,21
12.9564399719,80.2436065674,55480,55501,21
12.9470796585,80.2399673462,55622,55642,20
12.9070196152,80.228302002,56087,56117,30
12.8454198837,80.2266082764,56815,56835,20
12.7867298126,80.2205810547,57603,57623,20
12.7861700058,80.2205581665,57644,57674,30
12.7862901688,80.2218704224,57755,57785,30
12.8608798981,80.2265167236,61235,61255,20
12.9005498886,80.2278518677,61771,61791,20
12.9139995575,80.2292785645,62054,62074,20
12.9172201157,80.2297363281,62125,62155,30
12.9336900711,80.2327575684,62387,62408,21
12.9472198486,80.2399597168,62578,62600,22
12.9562702179,80.2433166504,62782,62812,30
12.9861402512,80.2517318726,63289,63309,20
13.0151596069,80.2247467041,63956,63977,21
13.0283002853,80.2309188843,64290,64310,20
13.0327796936,80.2305374146,64421,64442,21
13.0343904495,80.2303619385,64624,64654,30
13.0143899918,80.2262573242,66777,66797,20
13.0071001053,80.2394104004,67080,67101,21
13.0061998367,80.2474975586,67222,67252,30
12.9800596237,80.2528991699,67606,67626,20
12.9650001526,80.2474212646,67829,67849,20
12.9397001266,80.2358398438,68213,68233,20
12.9071502686,80.2284393311,68637,68658,21
12.8847999573,80.2268066406,69113,69133,20
12.8763504028,80.2270507813,69214,69234,20
12.787560463,80.2209472656,70277,70307,30
12.7867803574,80.2206420898,70338,70368,30
12.7688999176,80.18409729,73797,73827,30
12.7863798141,80.2204437256,74606,74636,30
12.8454399109,80.2265777588,75374,75395,21
12.8851499557,80.2266998291,75839,75860,21
12.900270462,80.2278671265,76001,76021,20
12.9873304367,80.2584915161,77659,77679,20
13.0146198273,80.2249069214,23341,23361,20
13.0063495636,80.247428894,24060,24080,20
12.786359787,80.220413208,26652,26672,20
12.8454198837,80.2265625,28383,28403,20
12.9397001266,80.2356491089,29426,29446,20
12.951089859,80.241317749,29598,29618,20
13.0065803528,80.2464370728,30388,30408,20
13.0157804489,80.225227356,30784,30805,21
13.019490242,80.2243499756,30856,30886,30
13.0234498978,80.2276763916,32111,32141,30
13.0199298859,80.224822998,32678,32698,20
13.0061702728,80.2474365234,33447,33468,21
12.9980201721,80.2488632202,33559,33579,20
12.9910297394,80.2506027222,33670,33700,30
12.9785003662,80.2525024414,33852,33873,21
12.9650096893,80.2472763062,34004,34024,20
12.9516601563,80.2416305542,34237,34257,20
12.9470100403,80.2399368286,34308,34328,20
12.7867202759,80.2205200195,36110,36130,20
12.7864904404,80.2203903198,36869,36890,21
12.845410347,80.2265625,37588,37618,30
12.8728303909,80.2266082764,37904,37924,20
12.9563398361,80.2433395386,39240,39260,20
12.9795703888,80.2525863647,39645,39675,30
13.0157003403,80.2252120972,40556,40576,20
13.0194501877,80.2243728638,40637,40657,20
13.0198497772,80.2247619629,41488,41508,20
12.9397497177,80.2357788086,43087,43107,20
12.9337396622,80.2329406738,43188,43209,21
12.9261398315,80.231010437,43290,43310,20
12.8454399109,80.2266387939,44353,44373,20
12.7861499786,80.2207794189,45094,45124,30
12.8454198837,80.2265396118,47129,47149,20
12.8921203613,80.2272872925,47564,47584,20
12.9018096924,80.2279510498,47716,47736,20
12.9057302475,80.2281570435,47787,47807,20
12.9796104431,80.2526092529,48647,48667,20
13.0112695694,80.22315979,49315,49335,20
13.0151700974,80.2258605957,49761,49791,30
13.0142498016,80.2261276245,49811,49832,21
13.0144500732,80.225692749,49923,49943,20
13.0142002106,80.2261123657,53650,53680,30
13.0061302185,80.2473983765,54723,54743,20
12.956489563,80.2436294556,55391,55421,30
12.9397296906,80.2357177734,55664,55684,20
12.9339504242,80.2329711914,55775,55796,21
12.8847999573,80.2266998291,56413,56433,20
12.786359787,80.2203903198,57679,57699,20
12.7862100601,80.2218780518,58458,58478,20
12.7862195969,80.2204437256,58519,58549,30
12.8499202728,80.2265396118,59410,59430,20
12.8726902008,80.2266387939,59653,59673,20
12.8765602112,80.2269363403,59734,59754,20
12.9032001495,80.2280197144,60078,60098,20
12.9139699936,80.2293167114,60230,60250,20
12.9337501526,80.2328186035,60503,60523,20
12.9562902451,80.2433013916,60888,60908,20
12.9586801529,80.2444000244,60948,60969,21
12.9664297104,80.2477874756,61090,61110,20
13.0065002441,80.2464523315,61647,61667,20
13.0074100494,80.2368087769,61809,61829,20
13.0112895966,80.2235336304,61991,62011,20
13.0195198059,80.2243728638,62194,62224,30
13.019659996,80.2245483398,62234,62254,20
12.7875699997,80.2208480835,66650,66670,20
12.8054800034,80.2241210938,68017,68037,20
12.8390798569,80.2277374268,68493,68513,20
12.839220047,80.2277069092,68513,68533,20
12.8453102112,80.2265472412,68614,68635,21
12.8922796249,80.2273025513,69131,69151,20
12.9628200531,80.2463531494,70247,70268,21
13.022600174,80.2268295288,72049,72070,21
12.876660347,80.2269515991,74360,74390,30
12.7863197327,80.2203903198,75473,75494,21
12.7861700058,80.2203521729,75494,75514,20
12.7862300873,80.2219467163,75605,75635,30
12.7862195969,80.220451355,76192,76213,21
12.7865495682,80.2204437256,76223,76243,20
12.8394403458,80.2277603149,76850,76871,21
12.9007101059,80.2278594971,77438,77468,30
12.9633102417,80.2465286255,78146,78166,20
13.0066299438,80.2406082153,78713,78733,20
13.0200796127,80.2247619629,79108,79128,20
13.0141601563,80.2259902954,79371,79392,21
12.987830162,80.2515563965,20373,20394,21
13.0143299103,80.2262878418,21344,21364,20
13.0062198639,80.247428894,21718,21739,21
12.8726797104,80.2267608643,23286,23316,30
12.8397903442,80.227722168,23650,23680,30
12.8323898315,80.2291412354,23751,23771,20
12.804980278,80.224029541,24044,24064,20
12.7865600586,80.2205200195,24307,24327,20
12.9140100479,80.2292404175,26177,26198,21
12.9487695694,80.2405319214,26592,26622,30
12.9785499573,80.2522964478,27067,27087,20
12.9797801971,80.2525863647,27118,27138,20
12.9799003601,80.2526016235,27138,27168,30
13.0239095688,80.2278900146,28058,28088,30
13.014670372,80.2261581421,30050,30070,20
13.0143203735,80.2263031006,30080,30101,21
13.0060997009,80.2474822998,30454,30475,21
12.951669693,80.2416763306,31182,31203,21
12.8993797302,80.227897644,32042,32062,20
12.8325099945,80.2291412354,32861,32881,20
12.7864303589,80.2204589844,33397,33427,30
12.7862997055,80.2203598022,34509,34539,30
12.7865695953,80.2204589844,34549,34570,21
12.8453798294,80.2265625,35257,35287,30
12.963139534,80.2464904785,36885,36905,20
12.9663600922,80.247718811,36956,36976,20
12.9864997864,80.2516403198,37249,37279,30
13.0064296722,80.2465362549,37522,37542,20
13.0210199356,80.225479126,38301,38331,30
13.0060300827,80.2474899292,40697,40717,20
12.9787197113,80.2526626587,41172,41192,20
12.9650402069,80.2473983765,41344,41364,20
12.8456201553,80.2266693115,43002,43022,20
12.8398103714,80.2276763916,43093,43123,30
12.7879104614,80.2210388184,43801,43821,20
12.7876901627,80.2209472656,43831,43851,20
12.7863798141,80.2204437256,43983,44013,30
12.8391399384,80.2277984619,45167,45187,20
12.845700264,80.2265396118,45328,45349,21
12.8851299286,80.2266082764,45743,45763,20
12.9021196365,80.2279281616,45996,46016,20
12.9397201538,80.2356033325,46501,46521,20
12.9486398697,80.2405090332,46643,46673,30
12.9668397903,80.2478790283,47037,47057,20
13.022939682,80.2270278931,48250,48271,21
12.9515895844,80.2416610718,51374,51395,21
12.8764801025,80.2269897461,52224,52244,20
12.845459938,80.2266235352,52527,52547,20
12.872759819,80.2265625,55095,55115,20
12.9008798599,80.2278289795,55429,55449,20
12.9507598877,80.2412185669,56167,56187,20
13.011179924,80.2237930298,57360,57380,20
13.0152902603,80.2248382568,57491,57512,21
13.0231199265,80.2274398804,58300,58320,20
13.0226802826,80.2269592285,58341,58361,20
13.0199403763,80.2248764038,58472,58492,20
13.0068798065,80.2406082153,58897,58917,20
13.0060796738,80.2474212646,59038,59059,21
12.9883804321,80.2513122559,59281,59311,30
12.9398603439,80.2358474731,60120,60140,20
12.934009552,80.2330780029,60221,60241,20
12.8993301392,80.2279586792,60686,60707,21
12.8725795746,80.2267684937,60990,61010,20
12.845199585,80.2266616821,61303,61333,30
12.7882404327,80.2211608887,61950,61970,20
12.7869195938,80.2206726074,62102,62122,20
12.7862300873,80.2203903198,62203,62223,20
12.786190033,80.2206268311,63447,63477,30
12.7866001129,80.2204818726,63497,63517,20
12.8605604172,80.2264862061,64741,64761,20
12.9508199692,80.2412796021,65924,65944,20
12.9662904739,80.2477493286,66247,66267,20
13.0112199783,80.2235107422,67238,67268,30
13.0141000748,80.2264633179,68785,68815,30
12.9650602341,80.2474517822,69735,69756,21
12.9337997437,80.233039856,70241,70261,20
12.7864103317,80.2204971313,72142,72172,30
12.7862901688,80.2203979492,73851,73871,20
12.8923597336,80.2273712158,74963,74983,20
12.9650201797,80.2473831177,81434,81454,20
12.9593000412,80.2447891235,81535,81555,20
12.939740181,80.235786438,81879,81899,20
12.9336700439,80.2329025269,81980,82000,20
12.9132995605,80.2292861938,82273,82293,20
12.9008703232,80.2274703979,82516,82536,20
12.9076700211,80.1988525391,82839,82859,20
12.91726017,80.1914520264,83031,83051,20
12.9108800888,80.1964035034,86307,86327,20
13.0244102478,80.2285308838,22886,22907,21
13.0145998001,80.2261199951,24326,24346,20
12.943400383,80.2371368408,25510,25530,20
12.9338798523,80.2329406738,25651,25672,21
12.9133901596,80.2292480469,25884,25904,20
12.9011602402,80.2279281616,26046,26066,20
12.804980278,80.2239990234,27129,27149,20
12.7861404419,80.2205123901,27392,27412,20
12.7865896225,80.2203979492,28718,28748,30
12.9066801071,80.2282180786,30347,30367,20
12.9666004181,80.247833252,31077,31097,20
12.9783802032,80.2522583008,31228,31249,21
12.9795799255,80.2526397705,31279,31299,20
12.9893398285,80.2509613037,31491,31512,21
13.0065202713,80.2465591431,31674,31694,20
13.0197601318,80.2245483398,32180,32200,20
13.0147695541,80.2260665894,33526,33546,20
12.8397102356,80.2276916504,35937,35957,20
12.8323402405,80.229133606,36018,36038,20
12.7867097855,80.2204589844,36584,36605,21
12.78647995,80.2203598022,38406,38436,30
12.8766698837,80.2268676758,39549,39570,21
12.9028301239,80.2279891968,39853,39873,20
12.9563598633,80.2434463501,40501,40521,20
13.0226802826,80.2268981934,42973,42993,20
13.0198898315,80.2248382568,43064,43084,20
12.9397497177,80.235786438,44814,44835,21
12.9260797501,80.231010437,45007,45027,20
12.9132995605,80.2293014526,45148,45169,21
12.8991498947,80.2278518677,45411,45432,21
12.845459938,80.2265930176,46018,46039,21
12.8258895874,80.2314224243,46282,46302,20
12.7895298004,80.2216110229,46747,46767,20
12.7861604691,80.2207183838,46970,46990,20
12.8111095428,80.2280578613,47992,48012,20
12.8309602737,80.2294006348,48234,48255,21
12.8452100754,80.2265472412,48477,48497,20
12.9005098343,80.2278289795,49115,49145,30
12.9063196182,80.2281417847,49266,49287,21
12.9334497452,80.2326583862,49580,49600,20
12.9563102722,80.2433166504,49944,49965,21
12.9877595901,80.2550201416,50471,50491,20
12.9886798859,80.255821228,55736,55756,20
13.0253000259,80.2748794556,56748,56768,20
13.038769722,80.278717041,56991,57011,20
13.0563402176,80.2818222046,57274,57294,20
13.0574398041,80.2820281982,57325,57345,20
13.0631799698,80.2832183838,57416,57436,20
13.0887203217,80.2901687622,57841,57871,30
13.0865402222,80.2837600708,58043,58073,30
13.0874700546,80.2837600708,58175,58195,20
13.087770462,80.2837295532,58205,58225,20
13.0880203247,80.2837295532,58782,58802,20
13.0883998871,80.2850875854,58934,58964,30
13.0882396698,80.2851715088,58964,58994,30
13.074090004,80.2861175537,59359,59379,20
13.0681400299,80.2843780518,59460,59480,20
13.0568399429,80.2819213867,59713,59733,20
13.0243196487,80.2743225098,60320,60340,20
12.998749733,80.2560806274,60917,60937,20
12.9853601456,80.2596511841,61332,61362,30
12.9506702423,80.2549972534,62212,62232,20
12.9241800308,80.2512130737,62657,62678,21
12.9146099091,80.2503967285,62840,62860,20
12.9384098053,80.2526779175,63762,63792,30
12.9497203827,80.2548217773,63964,63984,20
12.9776096344,80.2591629028,64581,64601,20
12.9868497849,80.2580566406,64824,64854,30
12.9885597229,80.2558898926,64966,64986,20
12.9981603622,80.2559661865,65381,65401,20
12.9985599518,80.2560501099,65411,65431,20
12.9988899231,80.2561187744,65441,65462,21
13.0005102158,80.2564315796,65502,65532,30
13.0373401642,80.2783584595,66585,66605,20
13.0389299393,80.2787780762,66636,66656,20
13.0564203262,80.2818222046,67050,67072,22
13.0734395981,80.2852020264,67389,67410,21
13.0886802673,80.2900924683,67663,67693,30
13.0852003098,80.2841186523,67865,67885,20
13.0881099701,80.2837905884,68675,68695,20
13.0883598328,80.2848968506,68837,68857,20
13.0887002945,80.2892684937,68968,68988,20
13.0740604401,80.2860336304,69282,69302,20
13.0664100647,80.2840805054,69403,69424,21
13.0565299988,80.2817993164,69707,69737,30
13.0545396805,80.2814025879,69788,69808,20
13.0371398926,80.278213501,70153,70173,20
13.0342197418,80.2774505615,70387,70417,30
13.0258998871,80.275138855,70701,70720,19
13.0019397736,80.2565612793,71298,71328,30
12.9998397827,80.2562484741,71369,71389,20
12.9984903336,80.2559585571,71460,71480,20
12.9973802567,80.2558822632,71530,71551,21
12.9895401001,80.2559204102,71703,71723,20
12.9833602905,80.2593994141,71976,72006,30
12.9637298584,80.256439209,72411,72431,20
12.9505596161,80.2549591064,72634,72664,30
12.9500598907,80.2548370361,72674,72694,20
12.9612503052,80.2561264038,73190,73210,20
12.9695396423,80.2576599121,73332,73352,20
12.988530159,80.255821228,74060,74081,21
13.0236797333,80.2733764648,74890,74910,20
13.0314903259,80.2775802612,75113,75133,20
13.0457696915,80.280090332,75457,75477,20
13.0735397339,80.2852630615,75892,75922,30
13.0854501724,80.2837219238,76307,76337,30
13.088350296,80.2850570679,77959,77989,30
13.0887098312,80.2903213501,78110,78131,21
12.9886198044,80.2559509277,79922,79942,20
12.9384002686,80.2527236938,80752,80772,20
12.9188404083,80.2508621216,80985,81007,22
12.9869699478,80.2579421997,82647,82677,30
12.9873800278,80.2557220459,20902,20922,20
12.9862804413,80.2554626465,21044,21074,30
12.9864797592,80.2586364746,38098,38128,30
12.9865999222,80.2587585449,72878,72898,20
13.0820798874,80.2757034302,21839,21859,20
13.081609726,80.2756195068,21981,22011,30
13.0706996918,80.2742080688,22172,22194,22
13.0144300461,80.2262191772,23105,23125,20
13.0064001083,80.2474517822,23399,23429,30
12.8311004639,80.2293701172,27521,27542,21
12.8608703613,80.2265090942,27855,27876,21
12.8767404556,80.2268676758,28038,28058,20
12.8851003647,80.2266387939,28139,28169,30
12.9027996063,80.2279815674,28332,28362,30
12.9663600922,80.2477264404,29162,29182,20
12.9786701202,80.2524032593,29284,29304,20
13.0150403976,80.2246398926,29952,29972,20
13.0224895477,80.226600647,30134,30155,21
13.0824699402,80.2785568237,33844,33864,20
13.0233297348,80.2275009155,35079,35109,30
13.0148696899,80.2260513306,35211,35231,20
13.0062198639,80.2473983765,35525,35545,20
12.9132699966,80.2292785645,36720,36740,20
12.8454399109,80.2266082764,37459,37479,20
12.8323202133,80.2290878296,37611,37631,20
12.8050203323,80.2240371704,37886,37907,21
12.8007802963,80.2235412598,37978,38008,30
12.7222995758,80.1874237061,39011,39041,30
12.7224502563,80.1873474121,42131,42151,20
12.7296800613,80.1889266968,42283,42303,20
12.8311004639,80.2293319702,43417,43437,20
12.8453502655,80.2265777588,43589,43619,30
12.8851604462,80.2266464233,43994,44014,20
12.9140501022,80.229309082,44460,44480,20
12.926320076,80.2309494019,44582,44602,20
12.939740181,80.2356414795,44764,44784,20
12.9562797546,80.2433776855,45007,45027,20
13.0112895966,80.2232971191,46121,46151,30
13.0155200958,80.2250976563,46243,46263,20
13.0225095749,80.2266693115,46374,46394,20
13.0259304047,80.2309875488,46486,46516,30
13.0357704163,80.2461624146,46729,46749,20
13.0686903,80.2719421387,51512,51542,30
13.0604496002,80.2653808594,51744,51765,21
13.0070896149,80.2396621704,52910,52930,20
13.0068998337,80.2406463623,52951,52971,20
12.9784803391,80.2524414063,53416,53437,21
12.9564800262,80.2436218262,53700,53720,20
12.9395799637,80.2356185913,53923,53943,20
12.9339799881,80.2329788208,54024,54044,20
12.9012002945,80.2279891968,54379,54399,20
12.8726902008,80.2266998291,54723,54743,20
12.786239624,80.2203979492,57316,57336,20
12.796380043,80.2229309082,57539,57569,30
12.8310604095,80.2293395996,57924,57944,20
12.8454198837,80.2265396118,58207,58227,20
12.885020256,80.2266311646,58582,58602,20
12.9007902145,80.2278518677,58754,58774,20
12.9032697678,80.2279891968,58815,58835,20
12.9337100983,80.2328033447,59169,59190,21
13.082110405,80.2754898071,61975,62005,30
13.0718202591,80.2745819092,64102,64132,30
13.0585603714,80.2653427124,64396,64416,20
13.0233001709,80.2274780273,65236,65256,20
12.9910497665,80.2506027222,65965,65986,21
12.899479866,80.2278671265,67244,67264,20
12.8931398392,80.2275238037,67335,67365,30
12.8452596664,80.2265625,67932,67953,21
12.7882995605,80.2211380005,68712,68732,20
12.7296800613,80.1889419556,69796,69816,20
12.7222900391,80.1875,71695,71716,21
12.7864599228,80.2204208374,72465,72485,20
12.845410347,80.2265014648,73103,73123,20
12.9024095535,80.2279205322,73660,73680,20
12.9563102722,80.2433929443,74311,74332,21
12.9633903503,80.2465896606,74433,74463,30
13.0260601044,80.2314224243,75537,75567,30
13.0310297012,80.2396011353,75729,75750,21
13.014289856,80.2255630493,32346,32367,21
13.0233697891,80.2276382446,33106,33127,21
13.0218696594,80.2262802124,33715,33735,20
13.0061397552,80.2474136353,34243,34264,21
12.9338998795,80.2330093384,35328,35348,20
12.8726902008,80.2267608643,36128,36149,21
12.8398599625,80.2276763916,36524,36554,30
12.8051900864,80.2240982056,36959,36980,21
12.7890396118,80.2215118408,37233,37263,30
12.786939621,80.2207107544,37314,37334,20
12.786529541,80.2205505371,37355,37375,20
12.7862997055,80.2204437256,37375,37395,20
12.8726902008,80.2265777588,39574,39594,20
12.9003200531,80.2277603149,39908,39929,21
12.9005203247,80.2277603149,39929,39959,30
12.9024200439,80.2278900146,40010,40030,20
12.9139499664,80.2291870117,40182,40202,20
12.9336595535,80.2326965332,40415,40435,20
13.0066604614,80.2404708862,41641,41662,21
13.0149402618,80.2244186401,41966,41986,20
13.0152301788,80.2247924805,41996,42026,30
13.0147895813,80.2261199951,42574,42594,20
12.9492797852,80.2409820557,44003,44033,30
12.9134302139,80.2293701172,44449,44469,20
12.8993997574,80.2279891968,44742,44763,21
12.8455295563,80.2266616821,45340,45361,21
12.7871103287,80.2207336426,46050,46080,30
12.7866401672,80.2205581665,46171,46192,21
12.7861995697,80.2203216553,48361,48391,30
12.7863397598,80.2203369141,48391,48411,20
12.7963895798,80.2229232788,48553,48573,20
12.8309803009,80.2293319702,48969,48999,30
12.8394203186,80.2276382446,49121,49141,20
12.9024095535,80.2278671265,49830,49850,20
12.9507102966,80.2411575317,50499,50519,20
12.988409996,80.2513809204,53266,53287,21
12.7873096466,80.2208099365,55658,55688,30
12.7862997055,80.2204589844,55729,55749,20
12.7861604691,80.2205886841,56519,56540,21
12.8394098282,80.227722168,57219,57249,30
12.8453197479,80.2265014648,57320,57340,20
12.9025697708,80.2279129028,58050,58070,20
13.0198001862,80.2244873047,60127,60147,20
12.9636802673,80.2468719482,61809,61830,21
12.9566802979,80.243850708,61941,61961,20
12.906920433,80.2283782959,62671,62691,20
12.7875299454,80.2208480835,64313,64333,20
12.786190033,80.2215881348,65620,65640,20
12.7963600159,80.2229614258,66228,66248,20
12.8046102524,80.2238998413,66380,66400,20
12.8309803009,80.2293167114,66747,66767,20
12.8452396393,80.2265090942,67193,67213,20
12.8500499725,80.2264633179,67274,67294,20
12.8606700897,80.2264785767,67507,67527,20
12.8727397919,80.2265777588,67659,67679,20
12.9063596725,80.2281265259,68247,68267,20
12.9064903259,80.2281417847,68267,68287,20
12.9067401886,80.2281723022,68297,68318,21
12.9395103455,80.2354812622,68794,68814,20
12.9472503662,80.2398910522,68916,68936,20
12.9665298462,80.2477493286,69260,69280,20
12.9883804321,80.2512817383,71976,71996,20
12.9800596237,80.252746582,72108,72138,30
12.949259758,80.2409362793,72665,72685,20
12.9068098068,80.2283172607,73223,73253,30
12.7861700058,80.2205276489,74836,74866,30
12.7862300873,80.2216415405,75951,75971,20
12.7861499786,80.2204589844,76012,76032,20
12.8394002914,80.2276382446,76711,76731,20
12.9068002701,80.2281417847,77613,77633,20
13.0064697266,80.2463226318,79062,79082,20
13.006649971,80.2474365234,22922,22952,30
13.0232601166,80.2275238037,23418,23448,30
12.9879903793,80.2513885498,24004,24034,30
12.8451795578,80.2266311646,25248,25268,20
12.7866201401,80.2204818726,26512,26532,20
12.9006996155,80.2278671265,27604,27624,20
13.0154399872,80.2249298096,29212,29232,20
13.0231304169,80.2273864746,30011,30031,20
13.015080452,80.2259597778,30314,30334,20
13.0066299438,80.2569503784,30658,30678,20
12.7870903015,80.2206878662,36139,36159,20
12.7863702774,80.2204208374,36189,36210,21
12.7861795425,80.2207489014,36574,36604,30
12.8608398438,80.2264709473,37393,37413,20
12.8726396561,80.226600647,37504,37524,20
12.9027900696,80.2279510498,37888,37908,20
12.9068098068,80.2282028198,37959,37979,20
12.9664402008,80.2477416992,38869,38889,20
12.9785003662,80.2523269653,39021,39041,20
13.0153503418,80.2248916626,39830,39860,30
13.0198202133,80.2246170044,40002,40032,30
13.0198402405,80.2247695923,40851,40881,30
12.9883003235,80.2513809204,41448,41468,20
12.9134902954,80.2293395996,42428,42449,21
12.9075403214,80.2284088135,42509,42529,20
12.7957201004,80.2229766846,43723,43743,20
12.7886800766,80.2213592529,43824,43844,20
12.7885103226,80.221282959,43854,43884,30
12.7878799438,80.221031189,43935,43965,30
12.7870597839,80.2207107544,44056,44076,20
12.7862195969,80.2204208374,45482,45502,20
12.8394603729,80.2277069092,46170,46190,20
12.8453197479,80.2265396118,46251,46271,20
12.8726396561,80.226600647,46615,46635,20
12.9008398056,80.2278213501,46908,46938,30
12.9027299881,80.2279510498,46969,46989,20
12.9337100983,80.232749939,47363,47383,20
12.9395999908,80.2355728149,47474,47494,20
12.9667596817,80.2478485107,47909,47929,20
13.0066995621,80.2407226563,48556,48576,20
13.0228796005,80.2270584106,51307,51327,20
13.0220003128,80.2262802124,51367,51387,20
12.9593801498,80.2447814941,52530,52550,20
12.9493103027,80.240852356,52712,52732,20
12.9260797501,80.2309799194,53066,53086,20
12.8994197845,80.2278594971,53400,53420,20
12.845700264,80.2266235352,54027,54047,20
12.7866897583,80.2205123901,54704,54724,20
12.7862195969,80.2216567993,54785,54805,20
12.7861795425,80.2206878662,55200,55220,20
12.7865800858,80.2204666138,55240,55270,30
12.805390358,80.2240829468,55543,55564,21
12.8196201324,80.2304382324,55695,55725,30
12.8454198837,80.2265167236,56029,56049,20
12.9004297256,80.2277526855,56625,56645,20
12.9139795303,80.229309082,56828,56848,20
12.9336204529,80.2327270508,57020,57050,30
12.9486398697,80.2404632568,57252,57272,20
12.9797201157,80.2525787354,57758,57788,30
12.9870195389,80.2515182495,57869,57899,30
12.9880399704,80.2520599365,57940,57960,20
12.9965496063,80.255859375,58233,58263,30
12.9974498749,80.255897522,58294,58324,30
12.9973297119,80.2570877075,58395,58425,30
13.0141296387,80.2262573242,19511,19541,30
12.8993301392,80.227897644,21736,21766,30
12.7864303589,80.2203903198,23586,23607,21
12.8055295944,80.2241210938,23870,23890,20
12.9027299881,80.2279510498,24931,24952,21
13.0150995255,80.2245407104,26671,26691,20
13.0200300217,80.2247009277,26772,26792,20
13.0244903564,80.2285308838,26863,26893,30
13.0062198639,80.247428894,28097,28117,20
12.9133396149,80.2293014526,29361,29381,20
12.9012298584,80.2280578613,29523,29543,20
12.8454799652,80.2266464233,30180,30210,30
12.8311004639,80.2292785645,32951,32971,20
12.9486703873,80.2405166626,34579,34599,20
12.963139534,80.2464523315,34852,34872,20
12.9666099548,80.2478485107,34933,34963,30
12.9895000458,80.2508468628,35388,35408,20
13.007349968,80.2368392944,35792,35812,20
13.0193996429,80.224319458,36156,36177,21
13.0146303177,80.2261199951,37309,37329,20
13.0063495636,80.2473831177,37784,37805,21
12.9634504318,80.2467727661,38401,38421,20
12.9564599991,80.2435684204,38543,38573,30
12.899600029,80.2279205322,39342,39372,30
12.8050603867,80.2240219116,40595,40616,21
12.7867603302,80.2205734253,40868,40889,21
12.7861995697,80.2209320068,40970,41000,30
12.7864599228,80.2204208374,42173,42203,30
12.7964601517,80.2229614258,42345,42365,20
12.8391199112,80.2277297974,42911,42931,20
12.8394403458,80.2276611328,42941,42962,21
12.8728704453,80.2265777588,43376,43396,20
12.9021100998,80.2278823853,43811,43841,30
12.9398498535,80.2356719971,44296,44317,21
12.9488401413,80.2406005859,44448,44468,20
12.9563302994,80.2433929443,44600,44630,30
12.9860496521,80.2517776489,45016,45037,21
12.9896602631,80.2508392334,45097,45117,20
12.9968004227,80.2490386963,45198,45219,21
13.0064897537,80.246421814,45330,45360,30
13.0065402985,80.2424697876,45431,45451,20
13.0111999512,80.2232971191,45714,45734,20
13.0154800415,80.2249679565,45835,45856,21
13.0243196487,80.2283782959,46078,46098,20
13.0142097473,80.2259674072,49618,49648,30
13.0197401047,80.2245407104,49941,49961,20
13.0068502426,80.2400665283,50841,50861,20
12.8993797302,80.2278823853,52277,52297,20
12.892660141,80.2274703979,52368,52388,20
12.7874202728,80.2207565308,53551,53571,20
12.7864599228,80.2203674316,53632,53652,20
12.7861499786,80.2203979492,54259,54279,20
12.8922796249,80.2273483276,55260,55280,20
12.9001398087,80.2277984619,55361,55381,20
12.9474201202,80.2400131226,55958,55978,20
13.007399559,80.2367782593,56979,56999,20
13.0145597458,80.2261734009,57940,57960,20
13.0068397522,80.2405700684,58132,58152,20
13.0061998367,80.247428894,58223,58243,20
12.9563798904,80.243637085,58839,58860,21
12.9132995605,80.2293167114,59315,59335,20
12.8454198837,80.2266387939,59982,60002,20
12.7886600494,80.2213134766,60639,60659,20
12.7862300873,80.2214584351,62399,62419,20
12.7964696884,80.2230224609,62753,62773,20
12.8198003769,80.2304763794,63046,63066,20
12.8311100006,80.2293624878,63188,63208,20
12.8394804001,80.2276916504,63370,63400,30
12.9007196426,80.2278671265,64179,64209,30
12.903380394,80.2279891968,64239,64259,20
12.9632196426,80.2465591431,65089,65109,20
13.0112104416,80.2235031128,66120,66140,20
13.014960289,80.2245483398,66241,66262,21
13.0194597244,80.224357605,66353,66373,20
13.0243501663,80.2284088135,66636,66666,30
12.9635896683,80.2467727661,68406,68436,30
12.7865896225,80.220489502,70559,70580,21
12.7863397598,80.2203903198,70590,70620,30
12.7865896225,80.2203979492,71308,71328,20
12.8395204544,80.2276611328,71874,71904,30
12.9563102722,80.2433013916,73240,73260,20
12.8055801392,80.2241592407,21804,21824,20
12.8454799652,80.2265396118,22269,22290,21
12.9785995483,80.2523574829,23769,23790,21
13.0157003403,80.2251815796,24437,24467,30
13.0200996399,80.2247772217,24518,24548,30
12.9133501053,80.2292861938,26510,26531,21
12.7862596512,80.2203674316,29970,30000,30
12.8851900101,80.2266464233,31082,31103,21
12.9026203156,80.2279510498,31295,31315,20
12.9396800995,80.2356109619,31821,31841,20
13.0073795319,80.2369766235,32953,32974,21
13.0201396942,80.2248077393,33338,33368,30
13.0232801437,80.2274627686,34582,34602,20
13.0144701004,80.2261581421,34804,34825,21
12.9638500214,80.2468719482,35775,35796,21
12.8995800018,80.2278823853,36635,36665,30
12.8454504013,80.2266311646,37242,37262,20
12.8323097229,80.2291030884,37403,37424,21
12.7868003845,80.2205886841,37980,38000,20
12.7861995697,80.2208862305,38122,38152,30
12.7861499786,80.2204818726,39649,39679,30
12.7864198685,80.2203979492,39689,39710,21
12.8310203552,80.2293167114,40256,40276,20
12.8395299911,80.2277297974,40367,40397,30
12.8452997208,80.2265396118,40458,40488,30
12.9473800659,80.2400436401,41833,41853,20
12.9665899277,80.2478790283,42127,42147,20
13.0156602859,80.2252426147,43128,43148,20
13.0200595856,80.2247619629,43239,43269,30
13.0232400894,80.2274932861,44028,44048,20
13.0201396942,80.2249832153,44129,44149,20
13.0150899887,80.2259292603,44271,44291,20
13.0069198608,80.2396087646,44685,44706,21
13.0062999725,80.2472686768,44847,44867,20
12.9911003113,80.2506484985,44999,45019,20
12.9491300583,80.2408370972,45686,45707,21
12.9358196259,80.233833313,45869,45889,20
12.8993597031,80.2278671265,46445,46465,20
12.8454904556,80.2266311646,47143,47163,20
12.7957401276,80.2229232788,47699,47719,20
12.7862300873,80.2203674316,48053,48073,20
12.7862100601,80.2217102051,49671,49692,21
12.7864704132,80.2203674316,49782,49803,21
12.8453998566,80.2265472412,50612,50632,20
12.9003400803,80.2278213501,51279,51299,20
12.9336996078,80.2327575684,51765,51785,20
12.9487695694,80.2405700684,52007,52028,21
12.9563703537,80.2434234619,52149,52169,20
12.9668798447,80.2479629517,52331,52351,20
12.9797401428,80.2526168823,52513,52543,30
12.9894504547,80.250869751,52786,52806,20
13.0062303543,80.2468566895,53029,53059,30
13.0112600327,80.2234725952,53342,53363,21
12.9563798904,80.2435379028,55547,55567,20
12.8762702942,80.2269821167,56530,56550,20
12.805100441,80.2240219116,57339,57359,20
12.7861604691,80.2204437256,58887,58907,20
12.8055496216,80.2241821289,59374,59394,20
12.850279808,80.2265777588,59981,60001,20
12.8609600067,80.2265701294,60102,60123,21
12.9031400681,80.2279968262,60618,60648,30
12.9488096237,80.2406768799,61235,61265,30
13.0155200958,80.2249526978,62641,62661,20
13.024479866,80.2285614014,62833,62863,30
13.0230703354,80.2273025513,62974,62995,21
13.0082702637,80.2334899902,63460,63490,30
13.0063199997,80.2474212646,63713,63733,20
12.8930301666,80.2274398804,65351,65371,20
12.8055295944,80.2241363525,66464,66484,20
12.7875995636,80.2208328247,66727,66757,30
12.7871599197,80.2206726074,66787,66807,20
12.7866201401,80.2204818726,66878,66899,21
12.7863798141,80.2203903198,66909,66929,20
12.7861299515,80.2203674316,69296,69326,30
12.786359787,80.2203598022,69326,69346,20
12.8310604095,80.2293014526,69943,69963,20
12.8498497009,80.2264633179,70236,70257,21
12.87637043,80.2268600464,70641,70661,20
12.8852396011,80.2266235352,70762,70783,21
12.9001598358,80.2277984619,70934,70955,21
12.9630498886,80.2463989258,71925,71946,21
13.0067396164,80.240272522,72603,72623,20
13.0156898499,80.2251281738,72937,72957,20
13.0234298706,80.2276916504,73210,73240,30
13.0060901642,80.2473373413,73767,73787,20
12.9907598495,80.2506408691,73919,73939,20
12.9873199463,80.2585601807,74283,74303,20
